I,II,III,aVR,aVL,aVF,V1,V2,V3,V4,V5,V6
-48.8,63.44,112.24,-4.88,-82.96,87.84,9.76,48.8,29.28,9.76,-43.92,-82.96
-43.92,68.32,112.24,-9.76,-78.08,87.84,-4.88,39.04,4.88,4.88,-58.56,-87.84
-48.8,73.2,122,-9.76,-87.84,97.6,-9.76,29.28,-9.76,0,-58.56,-87.84
-48.8,58.56,107.36,-4.88,-78.08,82.96,-14.64,19.52,-43.92,-14.64,-68.32,-92.72
-43.92,39.04,82.96,4.88,-63.44,58.56,-14.64,19.52,-39.04,-19.52,-78.08,-97.6
-39.04,34.16,73.2,4.88,-58.56,53.68,-9.76,34.16,-4.88,0,-63.44,-92.72
-53.68,29.28,82.96,14.64,-68.32,53.68,-14.64,43.92,29.28,19.52,-53.68,-78.08
-48.8,29.28,78.08,9.76,-63.44,53.68,-9.76,39.04,14.64,9.76,-63.44,-87.84
-63.44,19.52,82.96,24.4,-73.2,48.8,-9.76,24.4,4.88,4.88,-63.44,-92.72
-53.68,19.52,73.2,19.52,-63.44,43.92,-24.4,19.52,4.88,4.88,-53.68,-87.84
-58.56,19.52,78.08,19.52,-68.32,48.8,-19.52,39.04,4.88,4.88,-53.68,-92.72
-73.2,0,73.2,39.04,-73.2,34.16,-29.28,29.28,0,0,-68.32,-102.48
-58.56,0,58.56,29.28,-58.56,29.28,-24.4,19.52,0,0,-73.2,-102.48
-34.16,9.76,43.92,14.64,-39.04,24.4,-9.76,24.4,-14.64,0,-68.32,-102.48
-48.8,0,48.8,24.4,-48.8,24.4,4.88,24.4,-19.52,-4.88,-73.2,-112.24
-39.04,4.88,43.92,19.52,-43.92,24.4,19.52,34.16,-4.88,0,-63.44,-112.24
-48.8,0,48.8,24.4,-48.8,24.4,29.28,53.68,19.52,9.76,-53.68,-102.48
-53.68,-4.88,48.8,29.28,-53.68,19.52,34.16,63.44,24.4,19.52,-43.92,-97.6
-48.8,0,48.8,24.4,-48.8,24.4,48.8,48.8,0,9.76,-48.8,-107.36
-43.92,-4.88,39.04,24.4,-43.92,14.64,53.68,48.8,0,9.76,-43.92,-107.36
-48.8,-19.52,29.28,34.16,-39.04,4.88,63.44,63.44,29.28,29.28,-29.28,-97.6
-43.92,-19.52,24.4,34.16,-34.16,0,63.44,53.68,39.04,24.4,-29.28,-107.36
-53.68,-24.4,29.28,39.04,-43.92,0,63.44,39.04,34.16,24.4,-39.04,-117.12
-43.92,-29.28,14.64,39.04,-29.28,-9.76,53.68,43.92,19.52,24.4,-48.8,-112.24
-43.92,-39.04,4.88,43.92,-24.4,-19.52,53.68,53.68,4.88,34.16,-48.8,-107.36
-48.8,-48.8,0,48.8,-24.4,-24.4,63.44,58.56,4.88,39.04,-39.04,-112.24
-43.92,-39.04,4.88,43.92,-24.4,-19.52,53.68,68.32,19.52,29.28,-39.04,-117.12
-39.04,-39.04,0,39.04,-19.52,-19.52,58.56,82.96,39.04,29.28,-34.16,-117.12
-43.92,-43.92,0,43.92,-24.4,-24.4,53.68,73.2,29.28,19.52,-24.4,-122
-34.16,-43.92,-9.76,39.04,-14.64,-29.28,39.04,63.44,19.52,19.52,-24.4,-122
-63.44,-43.92,19.52,53.68,-43.92,-14.64,63.44,87.84,34.16,34.16,-4.88,-117.12
-87.84,-39.04,48.8,63.44,-68.32,4.88,63.44,92.72,43.92,34.16,0,-107.36
-87.84,-39.04,48.8,63.44,-68.32,4.88,48.8,87.84,39.04,24.4,-9.76,-126.88
-68.32,-48.8,19.52,58.56,-43.92,-14.64,48.8,87.84,48.8,24.4,-14.64,-131.76
-48.8,-39.04,9.76,43.92,-29.28,-14.64,58.56,87.84,53.68,24.4,-19.52,-141.52
-48.8,-39.04,9.76,43.92,-29.28,-14.64,53.68,87.84,63.44,39.04,-19.52,-141.52
-39.04,-43.92,-4.88,43.92,-19.52,-24.4,58.56,87.84,78.08,43.92,-14.64,-146.4
-34.16,-34.16,0,34.16,-19.52,-19.52,63.44,87.84,73.2,48.8,-14.64,-146.4
-29.28,-34.16,-4.88,34.16,-14.64,-19.52,78.08,92.72,43.92,43.92,-14.64,-146.4
-29.28,-24.4,4.88,29.28,-19.52,-9.76,87.84,102.48,48.8,48.8,-4.88,-146.4
-43.92,-34.16,9.76,39.04,-29.28,-14.64,87.84,117.12,73.2,43.92,-4.88,-136.64
-48.8,-39.04,9.76,43.92,-29.28,-14.64,78.08,112.24,68.32,34.16,-19.52,-151.28
-34.16,-34.16,0,34.16,-19.52,-19.52,82.96,112.24,58.56,39.04,-19.52,-151.28
-39.04,-34.16,4.88,39.04,-24.4,-14.64,78.08,102.48,43.92,39.04,-34.16,-156.16
-34.16,-29.28,4.88,34.16,-19.52,-14.64,97.6,97.6,29.28,34.16,-34.16,-161.04
-34.16,-39.04,-4.88,39.04,-14.64,-24.4,92.72,82.96,29.28,19.52,-39.04,-156.16
-48.8,-48.8,0,48.8,-24.4,-24.4,102.48,102.48,58.56,39.04,-29.28,-161.04
-34.16,-43.92,-9.76,39.04,-14.64,-29.28,112.24,107.36,68.32,53.68,-29.28,-161.04
-24.4,-29.28,-4.88,29.28,-9.76,-19.52,117.12,102.48,48.8,43.92,-34.16,-175.68
-34.16,-29.28,4.88,34.16,-19.52,-14.64,126.88,122,68.32,68.32,-14.64,-151.28
-39.04,-24.4,14.64,34.16,-29.28,-4.88,126.88,136.64,78.08,68.32,-4.88,-146.4
-39.04,-19.52,19.52,29.28,-29.28,0,107.36,117.12,78.08,53.68,-24.4,-161.04
-39.04,-19.52,19.52,29.28,-29.28,0,102.48,92.72,58.56,34.16,-39.04,-161.04
-24.4,-24.4,0,24.4,-14.64,-14.64,112.24,92.72,53.68,39.04,-39.04,-141.52
-19.52,-39.04,-19.52,29.28,0,-29.28,102.48,78.08,14.64,24.4,-48.8,-126.88
-24.4,-39.04,-14.64,34.16,-4.88,-29.28,97.6,82.96,9.76,19.52,-43.92,-122
-19.52,-53.68,-34.16,39.04,4.88,-43.92,87.84,82.96,24.4,19.52,-48.8,-122
-24.4,-68.32,-43.92,48.8,9.76,-58.56,97.6,107.36,58.56,34.16,-39.04,-107.36
-34.16,-58.56,-24.4,48.8,-4.88,-43.92,107.36,122,78.08,39.04,-29.28,-102.48
-39.04,-48.8,-9.76,43.92,-14.64,-29.28,97.6,112.24,68.32,39.04,-39.04,-102.48
-14.64,-53.68,-39.04,34.16,9.76,-48.8,97.6,102.48,53.68,29.28,-43.92,-107.36
-9.76,-43.92,-34.16,29.28,9.76,-39.04,92.72,97.6,39.04,24.4,-48.8,-102.48
-14.64,-43.92,-29.28,29.28,4.88,-39.04,102.48,92.72,24.4,24.4,-48.8,-97.6
-29.28,-48.8,-19.52,39.04,-4.88,-34.16,107.36,107.36,39.04,29.28,-39.04,-82.96
-34.16,-53.68,-19.52,43.92,-9.76,-39.04,107.36,117.12,53.68,34.16,-39.04,-73.2
-43.92,-48.8,-4.88,48.8,-19.52,-29.28,92.72,122,82.96,43.92,-34.16,-73.2
-43.92,-48.8,-4.88,48.8,-19.52,-29.28,92.72,122,73.2,43.92,-43.92,-73.2
-53.68,-63.44,-9.76,58.56,-24.4,-39.04,82.96,122,63.44,39.04,-48.8,-78.08
-34.16,-63.44,-29.28,48.8,-4.88,-48.8,82.96,117.12,48.8,29.28,-48.8,-82.96
-24.4,-63.44,-39.04,43.92,4.88,-53.68,63.44,117.12,34.16,29.28,-53.68,-82.96
-24.4,-78.08,-53.68,53.68,14.64,-68.32,68.32,107.36,4.88,9.76,-53.68,-97.6
-34.16,-82.96,-48.8,58.56,4.88,-68.32,63.44,102.48,14.64,4.88,-63.44,-97.6
-29.28,-87.84,-58.56,58.56,14.64,-73.2,63.44,92.72,34.16,4.88,-63.44,-102.48
-14.64,-73.2,-58.56,43.92,19.52,-68.32,48.8,97.6,43.92,9.76,-58.56,-107.36
-9.76,-58.56,-48.8,34.16,19.52,-53.68,48.8,117.12,58.56,34.16,-48.8,-92.72
-34.16,-73.2,-39.04,53.68,0,-58.56,58.56,122,63.44,43.92,-39.04,-82.96
-39.04,-63.44,-24.4,53.68,-9.76,-43.92,53.68,112.24,53.68,43.92,-34.16,-82.96
-29.28,-58.56,-29.28,43.92,0,-43.92,43.92,102.48,58.56,43.92,-34.16,-87.84
-19.52,-63.44,-43.92,43.92,9.76,-53.68,34.16,92.72,43.92,34.16,-34.16,-97.6
-9.76,-58.56,-48.8,34.16,19.52,-53.68,29.28,87.84,43.92,34.16,-34.16,-97.6
-19.52,-63.44,-43.92,43.92,9.76,-53.68,29.28,107.36,58.56,34.16,-19.52,-97.6
-29.28,-73.2,-43.92,53.68,4.88,-58.56,34.16,117.12,58.56,29.28,-19.52,-97.6
-34.16,-58.56,-24.4,48.8,-4.88,-43.92,34.16,112.24,53.68,29.28,-14.64,-102.48
-24.4,-63.44,-39.04,43.92,4.88,-53.68,24.4,92.72,53.68,19.52,-24.4,-117.12
-19.52,-68.32,-48.8,43.92,14.64,-58.56,29.28,78.08,48.8,14.64,-29.28,-117.12
-29.28,-68.32,-39.04,48.8,4.88,-53.68,39.04,73.2,63.44,24.4,-29.28,-112.24
-24.4,-63.44,-39.04,43.92,4.88,-53.68,34.16,78.08,58.56,34.16,-29.28,-112.24
-9.76,-48.8,-39.04,29.28,14.64,-43.92,24.4,87.84,39.04,34.16,-24.4,-112.24
-14.64,-58.56,-43.92,39.04,14.64,-53.68,24.4,97.6,19.52,19.52,-19.52,-112.24
-14.64,-58.56,-43.92,39.04,14.64,-53.68,14.64,97.6,43.92,14.64,-14.64,-112.24
-19.52,-58.56,-39.04,39.04,9.76,-48.8,14.64,102.48,73.2,14.64,-4.88,-112.24
-43.92,-68.32,-24.4,58.56,-9.76,-48.8,14.64,102.48,39.04,9.76,-14.64,-107.36
-53.68,-68.32,-14.64,63.44,-19.52,-43.92,4.88,87.84,14.64,-4.88,-24.4,-117.12
-39.04,-58.56,-19.52,48.8,-9.76,-39.04,-14.64,78.08,24.4,-4.88,-24.4,-112.24
-24.4,-53.68,-29.28,39.04,0,-43.92,-29.28,68.32,34.16,0,-24.4,-117.12
-24.4,-43.92,-19.52,34.16,-4.88,-34.16,-29.28,78.08,58.56,19.52,-9.76,-112.24
-24.4,-48.8,-24.4,39.04,0,-39.04,-39.04,78.08,39.04,14.64,-14.64,-117.12
-9.76,-53.68,-43.92,34.16,14.64,-48.8,-24.4,73.2,14.64,0,-19.52,-122
4.88,-43.92,-48.8,19.52,24.4,-48.8,-9.76,82.96,43.92,0,-9.76,-122
-4.88,-53.68,-48.8,29.28,19.52,-53.68,4.88,82.96,48.8,0,-4.88,-122
-14.64,-48.8,-34.16,34.16,9.76,-43.92,19.52,92.72,48.8,0,-4.88,-112.24
-29.28,-48.8,-19.52,39.04,-4.88,-34.16,34.16,102.48,63.44,4.88,0,-112.24
-43.92,-53.68,-9.76,48.8,-19.52,-34.16,34.16,87.84,39.04,-4.88,-14.64,-122
-34.16,-53.68,-19.52,43.92,-9.76,-39.04,34.16,68.32,24.4,-14.64,-24.4,-131.76
-14.64,-48.8,-34.16,34.16,9.76,-43.92,53.68,82.96,34.16,-9.76,-14.64,-131.76
-24.4,-48.8,-24.4,39.04,0,-39.04,58.56,78.08,48.8,-9.76,-14.64,-126.88
-19.52,-48.8,-29.28,34.16,4.88,-39.04,58.56,78.08,29.28,-4.88,-14.64,-131.76
-19.52,-48.8,-29.28,34.16,4.88,-39.04,48.8,73.2,9.76,-4.88,-14.64,-136.64
-4.88,-43.92,-39.04,24.4,14.64,-43.92,48.8,63.44,-9.76,-14.64,-9.76,-136.64
-4.88,-53.68,-48.8,29.28,19.52,-53.68,43.92,68.32,29.28,-19.52,-4.88,-141.52
-19.52,-58.56,-39.04,39.04,9.76,-48.8,48.8,73.2,43.92,-19.52,0,-141.52
-9.76,-53.68,-43.92,34.16,14.64,-48.8,34.16,68.32,29.28,-29.28,-4.88,-136.64
-4.88,-58.56,-53.68,34.16,24.4,-58.56,24.4,63.44,14.64,-43.92,-14.64,-151.28
-4.88,-53.68,-48.8,29.28,19.52,-53.68,14.64,68.32,24.4,-29.28,-14.64,-141.52
-14.64,-53.68,-39.04,34.16,9.76,-48.8,0,82.96,34.16,-19.52,-9.76,-136.64
-19.52,-58.56,-39.04,39.04,9.76,-48.8,-19.52,87.84,43.92,-9.76,-9.76,-151.28
-24.4,-53.68,-29.28,39.04,0,-43.92,-19.52,97.6,48.8,0,0,-141.52
-14.64,-39.04,-24.4,29.28,4.88,-34.16,-19.52,92.72,58.56,4.88,14.64,-141.52
-9.76,-29.28,-19.52,19.52,4.88,-24.4,-19.52,107.36,58.56,4.88,9.76,-136.64
-9.76,-19.52,-9.76,14.64,0,-14.64,-4.88,117.12,63.44,4.88,19.52,-126.88
-19.52,-34.16,-14.64,29.28,-4.88,-24.4,24.4,107.36,48.8,0,24.4,-126.88
-19.52,-29.28,-9.76,24.4,-4.88,-19.52,24.4,82.96,19.52,-24.4,9.76,-136.64
-14.64,-24.4,-9.76,19.52,-4.88,-19.52,29.28,78.08,4.88,-19.52,14.64,-131.76
0,-34.16,-34.16,19.52,14.64,-34.16,34.16,63.44,-4.88,-29.28,4.88,-136.64
0,-29.28,-29.28,14.64,14.64,-29.28,43.92,58.56,4.88,-39.04,0,-136.64
-9.76,-39.04,-29.28,24.4,9.76,-34.16,43.92,68.32,39.04,-24.4,0,-131.76
-19.52,-43.92,-24.4,34.16,0,-34.16,48.8,73.2,34.16,-24.4,0,-136.64
-14.64,-34.16,-19.52,24.4,0,-29.28,63.44,68.32,19.52,-24.4,0,-126.88
-4.88,-39.04,-34.16,24.4,14.64,-39.04,73.2,68.32,24.4,-29.28,0,-126.88
19.52,-34.16,-53.68,9.76,34.16,-43.92,63.44,73.2,24.4,-29.28,0,-131.76
0,-29.28,-29.28,14.64,14.64,-29.28,78.08,78.08,24.4,-24.4,4.88,-117.12
-24.4,-19.52,4.88,24.4,-14.64,-9.76,87.84,82.96,34.16,-24.4,19.52,-107.36
-24.4,-4.88,19.52,14.64,-24.4,4.88,97.6,82.96,29.28,-24.4,19.52,-107.36
-24.4,-19.52,4.88,24.4,-14.64,-9.76,97.6,82.96,43.92,-24.4,29.28,-97.6
-19.52,-39.04,-19.52,29.28,0,-29.28,92.72,78.08,53.68,-24.4,24.4,-112.24
-19.52,-34.16,-14.64,29.28,-4.88,-24.4,92.72,87.84,58.56,-19.52,19.52,-117.12
-14.64,-39.04,-24.4,29.28,4.88,-34.16,97.6,82.96,43.92,-14.64,9.76,-117.12
-14.64,-43.92,-29.28,29.28,4.88,-39.04,102.48,73.2,39.04,-19.52,19.52,-112.24
-14.64,-39.04,-24.4,29.28,4.88,-34.16,92.72,73.2,24.4,-34.16,24.4,-112.24
-14.64,-39.04,-24.4,29.28,4.88,-34.16,82.96,68.32,4.88,-39.04,14.64,-122
0,-34.16,-34.16,19.52,14.64,-34.16,82.96,68.32,9.76,-53.68,9.76,-126.88
-9.76,-34.16,-24.4,24.4,4.88,-29.28,87.84,78.08,24.4,-34.16,29.28,-112.24
-9.76,-34.16,-24.4,24.4,4.88,-29.28,78.08,78.08,19.52,-29.28,29.28,-122
-4.88,-34.16,-29.28,19.52,9.76,-34.16,73.2,78.08,24.4,-43.92,19.52,-126.88
0,-39.04,-39.04,19.52,19.52,-39.04,73.2,78.08,24.4,-39.04,9.76,-131.76
19.52,-34.16,-53.68,9.76,34.16,-43.92,58.56,58.56,14.64,-48.8,0,-141.52
4.88,-43.92,-48.8,19.52,24.4,-48.8,48.8,53.68,19.52,-43.92,0,-136.64
-19.52,-39.04,-19.52,29.28,0,-29.28,58.56,82.96,48.8,-34.16,14.64,-131.76
-29.28,-34.16,-4.88,34.16,-14.64,-19.52,68.32,97.6,58.56,-19.52,24.4,-131.76
-43.92,-34.16,9.76,39.04,-29.28,-14.64,68.32,107.36,43.92,-14.64,24.4,-126.88
-39.04,-29.28,9.76,34.16,-24.4,-9.76,58.56,78.08,24.4,-29.28,14.64,-136.64
-29.28,-24.4,4.88,29.28,-19.52,-9.76,53.68,48.8,29.28,-43.92,4.88,-136.64
-34.16,-43.92,-9.76,39.04,-14.64,-29.28,53.68,43.92,4.88,-53.68,-9.76,-146.4
4.88,-24.4,-29.28,9.76,14.64,-29.28,53.68,34.16,-19.52,-68.32,-4.88,-136.64
0,-19.52,-19.52,9.76,9.76,-19.52,63.44,43.92,9.76,-63.44,-4.88,-131.76
-14.64,-14.64,0,14.64,-9.76,-9.76,68.32,58.56,19.52,-53.68,-4.88,-136.64
-14.64,-14.64,0,14.64,-9.76,-9.76,87.84,73.2,19.52,-39.04,4.88,-126.88
-14.64,-14.64,0,14.64,-9.76,-9.76,87.84,78.08,34.16,-43.92,14.64,-126.88
-9.76,-19.52,-9.76,14.64,0,-14.64,87.84,63.44,39.04,-48.8,19.52,-122
-4.88,-24.4,-19.52,14.64,4.88,-24.4,78.08,43.92,0,-63.44,0,-122
0,-34.16,-34.16,19.52,14.64,-34.16,73.2,39.04,-29.28,-78.08,-4.88,-131.76
0,-24.4,-24.4,14.64,9.76,-24.4,73.2,24.4,-14.64,-68.32,-9.76,-126.88
4.88,-14.64,-19.52,4.88,9.76,-19.52,68.32,19.52,0,-68.32,-9.76,-136.64
4.88,-14.64,-19.52,4.88,9.76,-19.52,68.32,29.28,0,-73.2,-9.76,-126.88
-4.88,-14.64,-9.76,9.76,0,-14.64,78.08,34.16,0,-63.44,-4.88,-122
-39.04,-24.4,14.64,34.16,-29.28,-4.88,87.84,43.92,9.76,-48.8,9.76,-107.36
-34.16,0,34.16,19.52,-34.16,14.64,87.84,29.28,-9.76,-58.56,0,-112.24
-29.28,9.76,39.04,9.76,-34.16,24.4,92.72,34.16,-9.76,-53.68,14.64,-112.24
-24.4,9.76,34.16,9.76,-29.28,19.52,87.84,24.4,-9.76,-53.68,9.76,-107.36
-9.76,14.64,24.4,0,-19.52,19.52,92.72,19.52,-14.64,-58.56,4.88,-102.48
-14.64,-4.88,9.76,9.76,-14.64,0,78.08,24.4,-9.76,-73.2,-4.88,-112.24
-9.76,0,9.76,4.88,-9.76,4.88,78.08,34.16,4.88,-68.32,4.88,-112.24
-14.64,14.64,29.28,0,-24.4,19.52,82.96,29.28,4.88,-63.44,4.88,-107.36
-19.52,9.76,29.28,4.88,-24.4,19.52,87.84,19.52,-9.76,-68.32,-4.88,-112.24
-24.4,-4.88,19.52,14.64,-24.4,4.88,78.08,0,-19.52,-73.2,-9.76,-117.12
-19.52,0,19.52,9.76,-19.52,9.76,58.56,4.88,-9.76,-73.2,-9.76,-122
-14.64,4.88,19.52,4.88,-19.52,9.76,58.56,4.88,-14.64,-73.2,-9.76,-117.12
-9.76,9.76,19.52,0,-14.64,14.64,63.44,14.64,-9.76,-68.32,0,-117.12
-19.52,14.64,34.16,4.88,-29.28,24.4,63.44,14.64,9.76,-58.56,14.64,-112.24
-14.64,9.76,24.4,4.88,-19.52,14.64,48.8,9.76,14.64,-53.68,4.88,-117.12
-24.4,4.88,29.28,9.76,-29.28,14.64,43.92,24.4,14.64,-48.8,14.64,-107.36
-34.16,4.88,39.04,14.64,-39.04,19.52,48.8,29.28,14.64,-48.8,9.76,-112.24
-24.4,14.64,39.04,4.88,-34.16,24.4,53.68,29.28,9.76,-39.04,9.76,-112.24
-24.4,0,24.4,14.64,-24.4,9.76,58.56,39.04,14.64,-39.04,14.64,-107.36
-39.04,0,39.04,19.52,-39.04,19.52,58.56,34.16,19.52,-43.92,14.64,-117.12
-24.4,9.76,34.16,9.76,-29.28,19.52,48.8,14.64,4.88,-58.56,4.88,-122
-19.52,14.64,34.16,4.88,-29.28,24.4,53.68,0,-14.64,-68.32,-4.88,-126.88
-9.76,14.64,24.4,0,-19.52,19.52,63.44,4.88,-9.76,-58.56,4.88,-117.12
-4.88,19.52,24.4,-4.88,-14.64,19.52,63.44,-4.88,-29.28,-58.56,0,-117.12
-9.76,19.52,29.28,-4.88,-19.52,24.4,58.56,-14.64,-58.56,-78.08,-9.76,-126.88
-19.52,14.64,34.16,4.88,-29.28,24.4,73.2,-4.88,-43.92,-73.2,4.88,-122
-24.4,24.4,48.8,0,-39.04,34.16,87.84,14.64,0,-58.56,19.52,-107.36
-29.28,29.28,58.56,0,-43.92,43.92,92.72,24.4,9.76,-48.8,14.64,-112.24
-29.28,24.4,53.68,4.88,-43.92,39.04,92.72,14.64,0,-43.92,14.64,-107.36
-29.28,9.76,39.04,9.76,-34.16,24.4,87.84,4.88,-4.88,-58.56,14.64,-117.12
-14.64,14.64,29.28,0,-24.4,19.52,82.96,4.88,-14.64,-68.32,9.76,-122
-14.64,9.76,24.4,4.88,-19.52,14.64,87.84,4.88,-29.28,-63.44,4.88,-122
-4.88,9.76,14.64,0,-9.76,9.76,78.08,-14.64,-63.44,-68.32,4.88,-126.88
0,14.64,14.64,-4.88,-9.76,14.64,73.2,-9.76,-48.8,-73.2,4.88,-122
-9.76,9.76,19.52,0,-14.64,14.64,68.32,-9.76,-24.4,-78.08,0,-131.76
-19.52,4.88,24.4,9.76,-24.4,14.64,73.2,0,-4.88,-78.08,4.88,-122
-9.76,24.4,34.16,-4.88,-24.4,29.28,82.96,19.52,4.88,-63.44,19.52,-107.36
-29.28,4.88,34.16,14.64,-34.16,19.52,78.08,19.52,-4.88,-48.8,24.4,-107.36
-34.16,4.88,39.04,14.64,-39.04,19.52,68.32,4.88,-43.92,-63.44,14.64,-112.24
-19.52,4.88,24.4,9.76,-24.4,14.64,58.56,-4.88,-73.2,-82.96,4.88,-117.12
-19.52,4.88,24.4,9.76,-24.4,14.64,58.56,-4.88,-39.04,-82.96,14.64,-122
-19.52,9.76,29.28,4.88,-24.4,19.52,78.08,24.4,9.76,-63.44,29.28,-117.12
-19.52,14.64,34.16,4.88,-29.28,24.4,73.2,19.52,0,-58.56,29.28,-112.24
-24.4,4.88,29.28,9.76,-29.28,14.64,63.44,9.76,-14.64,-58.56,19.52,-122
-29.28,-4.88,24.4,19.52,-29.28,9.76,68.32,14.64,-9.76,-58.56,29.28,-112.24
-34.16,0,34.16,19.52,-34.16,14.64,78.08,19.52,4.88,-58.56,29.28,-107.36
-19.52,9.76,29.28,4.88,-24.4,19.52,87.84,29.28,9.76,-53.68,34.16,-102.48
-14.64,4.88,19.52,4.88,-19.52,9.76,92.72,29.28,0,-48.8,39.04,-107.36
-24.4,9.76,34.16,9.76,-29.28,19.52,102.48,19.52,-19.52,-58.56,34.16,-102.48
-19.52,9.76,29.28,4.88,-24.4,19.52,107.36,14.64,-24.4,-58.56,29.28,-102.48
-19.52,19.52,39.04,0,-29.28,29.28,102.48,9.76,-14.64,-53.68,19.52,-102.48
-19.52,14.64,34.16,4.88,-29.28,24.4,97.6,19.52,-9.76,-53.68,19.52,-112.24
-14.64,4.88,19.52,4.88,-19.52,9.76,107.36,29.28,4.88,-48.8,24.4,-97.6
-19.52,0,19.52,9.76,-19.52,9.76,102.48,39.04,14.64,-43.92,24.4,-102.48
-29.28,-4.88,24.4,19.52,-29.28,9.76,97.6,29.28,-4.88,-48.8,9.76,-102.48
-24.4,4.88,29.28,9.76,-29.28,14.64,97.6,0,-9.76,-48.8,9.76,-102.48
-24.4,9.76,34.16,9.76,-29.28,19.52,107.36,14.64,24.4,-34.16,9.76,-97.6
-4.88,4.88,9.76,0,-9.76,4.88,102.48,24.4,29.28,-24.4,14.64,-107.36
-14.64,9.76,24.4,4.88,-19.52,14.64,92.72,14.64,0,-39.04,-4.88,-112.24
-24.4,0,24.4,14.64,-24.4,9.76,87.84,14.64,-19.52,-43.92,-9.76,-112.24
-14.64,14.64,29.28,0,-24.4,19.52,73.2,-4.88,-39.04,-43.92,-4.88,-112.24
-9.76,9.76,19.52,0,-14.64,14.64,63.44,4.88,-34.16,-53.68,-4.88,-112.24
-39.04,0,39.04,19.52,-39.04,19.52,63.44,24.4,0,-39.04,14.64,-107.36
-63.44,4.88,68.32,29.28,-68.32,34.16,68.32,14.64,4.88,-39.04,14.64,-92.72
-53.68,-4.88,48.8,29.28,-53.68,19.52,78.08,14.64,19.52,-34.16,4.88,-102.48
-39.04,0,39.04,19.52,-39.04,19.52,73.2,24.4,43.92,-29.28,9.76,-102.48
-48.8,-4.88,43.92,29.28,-48.8,19.52,73.2,39.04,48.8,-19.52,4.88,-92.72
-24.4,0,24.4,14.64,-24.4,9.76,73.2,24.4,19.52,-34.16,-14.64,-112.24
-9.76,0,9.76,4.88,-9.76,4.88,68.32,9.76,-9.76,-39.04,-39.04,-112.24
-19.52,-9.76,9.76,14.64,-14.64,0,58.56,0,-29.28,-53.68,-63.44,-122
-19.52,-9.76,9.76,14.64,-14.64,0,68.32,14.64,-9.76,-48.8,-58.56,-117.12
-19.52,4.88,24.4,9.76,-24.4,14.64,73.2,24.4,19.52,-39.04,-58.56,-112.24
-39.04,0,39.04,19.52,-39.04,19.52,87.84,43.92,43.92,-4.88,-43.92,-102.48
-39.04,4.88,43.92,19.52,-43.92,24.4,87.84,39.04,24.4,-14.64,-53.68,-102.48
-48.8,-19.52,29.28,34.16,-39.04,4.88,82.96,19.52,-4.88,-39.04,-73.2,-117.12
-29.28,-9.76,19.52,19.52,-24.4,4.88,78.08,0,-14.64,-58.56,-73.2,-122
-4.88,4.88,9.76,0,-9.76,4.88,82.96,4.88,-14.64,-48.8,-73.2,-112.24
-24.4,-14.64,9.76,19.52,-19.52,-4.88,82.96,0,-19.52,-43.92,-78.08,-117.12
-29.28,-29.28,0,29.28,-14.64,-14.64,82.96,-4.88,-24.4,-48.8,-82.96,-122
-29.28,-29.28,0,29.28,-14.64,-14.64,92.72,0,-14.64,-43.92,-73.2,-117.12
-34.16,-34.16,0,34.16,-19.52,-19.52,87.84,-4.88,0,-34.16,-68.32,-117.12
-14.64,-14.64,0,14.64,-9.76,-9.76,82.96,-9.76,-4.88,-34.16,-68.32,-117.12
-9.76,-4.88,4.88,9.76,-9.76,0,78.08,-14.64,0,-39.04,-68.32,-112.24
-19.52,-4.88,14.64,14.64,-19.52,4.88,78.08,-4.88,19.52,-29.28,-58.56,-107.36
-19.52,-14.64,4.88,19.52,-14.64,-4.88,73.2,4.88,-4.88,-29.28,-63.44,-117.12
-29.28,-14.64,14.64,24.4,-24.4,0,73.2,-9.76,-29.28,-29.28,-68.32,-122
-34.16,-14.64,19.52,24.4,-29.28,0,87.84,4.88,-24.4,-29.28,-58.56,-112.24
-29.28,-14.64,14.64,24.4,-24.4,0,78.08,0,0,-39.04,-63.44,-112.24
-39.04,-34.16,4.88,39.04,-24.4,-14.64,82.96,0,19.52,-34.16,-63.44,-117.12
-34.16,-24.4,9.76,29.28,-24.4,-9.76,87.84,4.88,24.4,-24.4,-53.68,-112.24
-34.16,-24.4,9.76,29.28,-24.4,-9.76,92.72,24.4,29.28,0,-39.04,-112.24
-14.64,-19.52,-4.88,19.52,-4.88,-14.64,87.84,48.8,58.56,43.92,-9.76,-122
0,-14.64,-14.64,9.76,4.88,-14.64,92.72,78.08,122,102.48,39.04,-107.36
-4.88,-4.88,0,4.88,-4.88,-4.88,87.84,87.84,170.8,146.4,87.84,-78.08
-9.76,19.52,29.28,-4.88,-19.52,24.4,82.96,107.36,190.32,204.96,161.04,0
-4.88,29.28,34.16,-9.76,-19.52,29.28,63.44,107.36,195.2,244,263.52,122
14.64,34.16,19.52,-24.4,-4.88,24.4,29.28,68.32,165.92,273.28,361.12,273.28
63.44,43.92,-19.52,-53.68,39.04,9.76,4.88,48.8,224.48,356.24,531.92,444.08
97.6,53.68,-43.92,-73.2,68.32,4.88,-9.76,63.44,361.12,531.92,780.8,649.04
126.88,82.96,-43.92,-102.48,82.96,19.52,-24.4,92.72,512.4,790.56,1112.64,951.6
165.92,131.76,-34.16,-146.4,97.6,48.8,-39.04,131.76,668.56,1044.32,1454.24,1307.84
209.84,175.68,-34.16,-190.32,122,68.32,-68.32,117.12,678.32,1122.4,1683.6,1625.04
219.6,219.6,0,-219.6,107.36,107.36,-102.48,68.32,561.2,1019.92,1771.44,1888.56
229.36,239.12,9.76,-234.24,107.36,122,-146.4,-14.64,351.36,775.92,1703.12,2074
214.72,283.04,68.32,-248.88,73.2,175.68,-190.32,-126.88,97.6,512.4,1576.24,2181.36
195.2,322.08,126.88,-258.64,34.16,224.48,-209.84,-195.2,-87.84,297.68,1420.08,2142.32
180.56,366,185.44,-273.28,-4.88,273.28,-219.6,-258.64,-253.76,73.2,1185.84,1917.84
151.28,405.04,253.76,-278.16,-53.68,326.96,-214.72,-278.16,-380.64,-131.76,888.16,1551.84
112.24,346.48,234.24,-229.36,-63.44,287.92,-156.16,-214.72,-439.2,-283.04,605.12,1078.48
58.56,185.44,126.88,-122,-34.16,156.16,-48.8,-73.2,-414.8,-409.92,287.92,512.4
-4.88,68.32,73.2,-29.28,-39.04,68.32,73.2,107.36,-380.64,-570.96,-141.52,-82.96
-58.56,-29.28,29.28,43.92,-43.92,0,156.16,244,-380.64,-761.28,-605.12,-570.96
-97.6,-92.72,4.88,97.6,-53.68,-43.92,185.44,297.68,-448.96,-1005.28,-1063.84,-912.56
-112.24,-161.04,-48.8,136.64,-34.16,-107.36,214.72,326.96,-522.16,-1205.36,-1410.32,-1112.64
-117.12,-234.24,-117.12,175.68,0,-175.68,234.24,307.44,-614.88,-1351.76,-1639.68,-1249.28
-107.36,-287.92,-180.56,200.08,34.16,-234.24,214.72,190.32,-785.68,-1468.88,-1761.68,-1283.44
-117.12,-312.32,-195.2,214.72,39.04,-253.76,165.92,-4.88,-990.64,-1561.6,-1732.4,-1244.4
-112.24,-341.6,-229.36,229.36,58.56,-287.92,97.6,-244,-1146.8,-1605.52,-1668.96,-1185.84
-117.12,-336.72,-219.6,229.36,48.8,-278.16,63.44,-390.4,-1190.72,-1561.6,-1566.48,-1102.88
-141.52,-302.56,-161.04,224.48,9.76,-234.24,39.04,-468.48,-1161.44,-1478.64,-1444.48,-1019.92
-165.92,-273.28,-107.36,219.6,-29.28,-190.32,43.92,-458.72,-1088.24,-1356.64,-1332.24,-946.72
-180.56,-253.76,-73.2,219.6,-53.68,-165.92,63.44,-405.04,-946.72,-1190.72,-1180.96,-844.24
-180.56,-229.36,-48.8,204.96,-68.32,-141.52,58.56,-317.2,-795.44,-1019.92,-1029.68,-761.28
-136.64,-195.2,-58.56,165.92,-39.04,-126.88,58.56,-234.24,-663.68,-868.64,-883.28,-678.32
-107.36,-165.92,-58.56,136.64,-24.4,-112.24,39.04,-175.68,-551.44,-736.88,-766.16,-595.36
-97.6,-151.28,-53.68,126.88,-24.4,-102.48,34.16,-126.88,-444.08,-614.88,-653.92,-522.16
-78.08,-122,-43.92,102.48,-19.52,-82.96,39.04,-73.2,-341.6,-492.88,-561.2,-444.08
-78.08,-102.48,-24.4,92.72,-29.28,-63.44,29.28,-58.56,-273.28,-414.8,-478.24,-385.52
-68.32,-68.32,0,68.32,-34.16,-34.16,24.4,-78.08,-234.24,-336.72,-400.16,-326.96
-43.92,-39.04,4.88,43.92,-24.4,-19.52,24.4,-68.32,-204.96,-263.52,-312.32,-263.52
-19.52,-43.92,-24.4,34.16,0,-34.16,24.4,-53.68,-151.28,-214.72,-263.52,-224.48
-29.28,-43.92,-14.64,39.04,-9.76,-29.28,34.16,-24.4,-82.96,-165.92,-224.48,-195.2
-29.28,-48.8,-19.52,39.04,-4.88,-34.16,48.8,-4.88,-58.56,-131.76,-204.96,-185.44
-19.52,-63.44,-43.92,43.92,9.76,-53.68,48.8,-4.88,-43.92,-122,-195.2,-180.56
-24.4,-68.32,-43.92,48.8,9.76,-58.56,53.68,9.76,-19.52,-102.48,-175.68,-170.8
-24.4,-58.56,-34.16,43.92,4.88,-48.8,73.2,29.28,-4.88,-73.2,-151.28,-151.28
-29.28,-48.8,-19.52,39.04,-4.88,-34.16,78.08,24.4,0,-58.56,-136.64,-151.28
-29.28,-48.8,-19.52,39.04,-4.88,-34.16,78.08,24.4,4.88,-43.92,-122,-141.52
-43.92,-48.8,-4.88,48.8,-19.52,-29.28,87.84,24.4,14.64,-34.16,-107.36,-126.88
-48.8,-53.68,-4.88,53.68,-24.4,-29.28,107.36,34.16,29.28,-4.88,-73.2,-102.48
-43.92,-39.04,4.88,43.92,-24.4,-19.52,117.12,39.04,39.04,-4.88,-73.2,-92.72
-39.04,-43.92,-4.88,43.92,-19.52,-24.4,117.12,34.16,39.04,-4.88,-73.2,-87.84
-24.4,-43.92,-19.52,34.16,-4.88,-34.16,126.88,39.04,39.04,-9.76,-58.56,-82.96
-19.52,-58.56,-39.04,39.04,9.76,-48.8,112.24,19.52,29.28,-14.64,-63.44,-87.84
-14.64,-48.8,-34.16,34.16,9.76,-43.92,107.36,14.64,4.88,-9.76,-68.32,-87.84
-14.64,-43.92,-29.28,29.28,4.88,-39.04,112.24,29.28,34.16,0,-58.56,-68.32
-24.4,-53.68,-29.28,39.04,0,-43.92,112.24,39.04,78.08,14.64,-39.04,-63.44
-19.52,-68.32,-48.8,43.92,14.64,-58.56,107.36,34.16,87.84,24.4,-39.04,-53.68
-19.52,-63.44,-43.92,43.92,9.76,-53.68,117.12,34.16,87.84,39.04,-24.4,-53.68
-14.64,-73.2,-58.56,43.92,19.52,-68.32,117.12,34.16,73.2,39.04,-24.4,-53.68
29.28,-53.68,-82.96,14.64,53.68,-68.32,92.72,14.64,19.52,9.76,-39.04,-68.32
14.64,-63.44,-78.08,24.4,43.92,-73.2,97.6,0,-14.64,9.76,-39.04,-53.68
0,-68.32,-68.32,34.16,34.16,-68.32,97.6,9.76,39.04,14.64,-24.4,-43.92
-9.76,-68.32,-58.56,39.04,24.4,-63.44,102.48,29.28,107.36,34.16,-4.88,-39.04
-4.88,-68.32,-63.44,39.04,29.28,-68.32,97.6,34.16,102.48,39.04,-9.76,-48.8
4.88,-73.2,-78.08,34.16,39.04,-78.08,102.48,39.04,82.96,43.92,-14.64,-43.92
-14.64,-78.08,-63.44,48.8,24.4,-73.2,112.24,53.68,92.72,58.56,4.88,-39.04
-19.52,-87.84,-68.32,53.68,24.4,-78.08,102.48,48.8,92.72,63.44,0,-34.16
-14.64,-87.84,-73.2,53.68,29.28,-82.96,107.36,43.92,102.48,73.2,9.76,-29.28
-14.64,-78.08,-63.44,48.8,24.4,-73.2,102.48,29.28,92.72,63.44,0,-34.16
-4.88,-73.2,-68.32,39.04,29.28,-73.2,82.96,24.4,78.08,39.04,-14.64,-58.56
9.76,-63.44,-73.2,29.28,39.04,-68.32,82.96,24.4,78.08,39.04,-19.52,-58.56
9.76,-68.32,-78.08,29.28,43.92,-73.2,87.84,29.28,82.96,48.8,-14.64,-58.56
14.64,-68.32,-82.96,29.28,48.8,-78.08,73.2,14.64,73.2,39.04,-24.4,-68.32
4.88,-68.32,-73.2,34.16,39.04,-73.2,78.08,39.04,87.84,58.56,-14.64,-58.56
-4.88,-78.08,-73.2,43.92,34.16,-78.08,78.08,53.68,117.12,78.08,-14.64,-43.92
-14.64,-78.08,-63.44,48.8,24.4,-73.2,78.08,68.32,141.52,87.84,-4.88,-43.92
-39.04,-97.6,-58.56,68.32,9.76,-78.08,53.68,63.44,146.4,87.84,-14.64,-43.92
-24.4,-87.84,-63.44,58.56,19.52,-78.08,63.44,63.44,117.12,87.84,-9.76,-39.04
0,-68.32,-68.32,34.16,34.16,-68.32,78.08,58.56,87.84,87.84,0,-29.28
4.88,-82.96,-87.84,39.04,43.92,-87.84,58.56,39.04,48.8,58.56,-19.52,-48.8
24.4,-78.08,-102.48,29.28,63.44,-92.72,39.04,24.4,73.2,39.04,-34.16,-58.56
14.64,-73.2,-87.84,29.28,48.8,-82.96,39.04,34.16,122,53.68,-24.4,-63.44
9.76,-78.08,-87.84,34.16,48.8,-82.96,48.8,29.28,122,58.56,-29.28,-68.32
9.76,-63.44,-73.2,29.28,39.04,-68.32,58.56,48.8,126.88,82.96,-14.64,-58.56
-9.76,-73.2,-63.44,43.92,24.4,-68.32,63.44,43.92,126.88,97.6,-9.76,-43.92
-9.76,-82.96,-73.2,48.8,29.28,-78.08,58.56,24.4,112.24,73.2,-24.4,-63.44
19.52,-87.84,-107.36,34.16,63.44,-97.6,58.56,0,73.2,39.04,-43.92,-73.2
19.52,-97.6,-117.12,39.04,68.32,-107.36,53.68,-4.88,53.68,29.28,-48.8,-73.2
9.76,-97.6,-107.36,43.92,58.56,-102.48,68.32,0,63.44,34.16,-39.04,-63.44
9.76,-92.72,-102.48,43.92,53.68,-97.6,73.2,0,73.2,43.92,-39.04,-63.44
14.64,-97.6,-112.24,43.92,63.44,-107.36,63.44,9.76,78.08,43.92,-48.8,-68.32
14.64,-102.48,-117.12,43.92,63.44,-112.24,68.32,29.28,92.72,58.56,-43.92,-53.68
19.52,-112.24,-131.76,48.8,73.2,-122,78.08,24.4,92.72,63.44,-34.16,-48.8
4.88,-102.48,-107.36,48.8,53.68,-107.36,73.2,19.52,97.6,78.08,-19.52,-43.92
-24.4,-97.6,-73.2,63.44,24.4,-87.84,92.72,39.04,112.24,102.48,0,-14.64
-39.04,-97.6,-58.56,68.32,9.76,-78.08,92.72,48.8,112.24,102.48,9.76,-14.64
-14.64,-102.48,-87.84,58.56,34.16,-97.6,78.08,39.04,102.48,92.72,0,-14.64
0,-107.36,-107.36,53.68,53.68,-107.36,68.32,29.28,107.36,82.96,-4.88,-14.64
14.64,-107.36,-122,48.8,68.32,-117.12,58.56,19.52,97.6,73.2,-4.88,-24.4
14.64,-97.6,-112.24,43.92,63.44,-107.36,53.68,24.4,107.36,78.08,0,-14.64
4.88,-107.36,-112.24,53.68,58.56,-112.24,43.92,34.16,102.48,78.08,-4.88,-9.76
9.76,-112.24,-122,53.68,63.44,-117.12,34.16,19.52,92.72,68.32,-14.64,-19.52
19.52,-102.48,-122,43.92,68.32,-112.24,29.28,14.64,82.96,63.44,-24.4,-29.28
29.28,-107.36,-136.64,39.04,82.96,-122,24.4,9.76,82.96,63.44,-24.4,-29.28
29.28,-102.48,-131.76,39.04,78.08,-117.12,29.28,14.64,82.96,68.32,-14.64,-14.64
19.52,-102.48,-122,43.92,68.32,-112.24,39.04,19.52,92.72,82.96,4.88,-4.88
14.64,-102.48,-117.12,43.92,63.44,-112.24,24.4,19.52,87.84,73.2,0,-4.88
14.64,-92.72,-107.36,39.04,58.56,-102.48,39.04,43.92,102.48,87.84,14.64,14.64
19.52,-82.96,-102.48,34.16,58.56,-92.72,43.92,48.8,141.52,92.72,29.28,24.4
9.76,-78.08,-87.84,34.16,48.8,-82.96,39.04,53.68,151.28,102.48,34.16,14.64
14.64,-73.2,-87.84,29.28,48.8,-82.96,34.16,53.68,141.52,102.48,24.4,19.52
9.76,-73.2,-82.96,34.16,43.92,-78.08,39.04,43.92,117.12,102.48,24.4,19.52
29.28,-73.2,-102.48,24.4,63.44,-87.84,29.28,29.28,102.48,82.96,9.76,9.76
34.16,-68.32,-102.48,19.52,68.32,-87.84,24.4,14.64,97.6,78.08,-4.88,4.88
34.16,-73.2,-107.36,19.52,68.32,-92.72,34.16,19.52,112.24,87.84,0,19.52
29.28,-73.2,-102.48,24.4,63.44,-87.84,48.8,34.16,131.76,97.6,14.64,24.4
14.64,-68.32,-82.96,29.28,48.8,-78.08,48.8,48.8,122,92.72,9.76,29.28
24.4,-58.56,-82.96,19.52,53.68,-73.2,43.92,43.92,117.12,92.72,9.76,29.28
58.56,-43.92,-102.48,-4.88,78.08,-73.2,53.68,39.04,126.88,92.72,14.64,43.92
43.92,-58.56,-102.48,9.76,73.2,-82.96,43.92,29.28,112.24,73.2,9.76,39.04
39.04,-58.56,-97.6,9.76,68.32,-78.08,39.04,24.4,107.36,78.08,4.88,43.92
34.16,-48.8,-82.96,9.76,58.56,-68.32,43.92,24.4,102.48,78.08,4.88,39.04
43.92,-48.8,-92.72,4.88,68.32,-73.2,34.16,4.88,92.72,68.32,-4.88,34.16
53.68,-48.8,-102.48,0,78.08,-78.08,29.28,0,97.6,73.2,-9.76,39.04
34.16,-58.56,-92.72,14.64,63.44,-78.08,43.92,9.76,107.36,82.96,-4.88,48.8
34.16,-48.8,-82.96,9.76,58.56,-68.32,43.92,0,97.6,87.84,4.88,53.68
63.44,-43.92,-107.36,-9.76,82.96,-78.08,29.28,-14.64,73.2,73.2,0,48.8
58.56,-53.68,-112.24,0,82.96,-82.96,24.4,-4.88,78.08,82.96,4.88,63.44
58.56,-39.04,-97.6,-9.76,78.08,-68.32,29.28,4.88,126.88,92.72,19.52,68.32
53.68,-34.16,-87.84,-9.76,68.32,-63.44,19.52,4.88,151.28,92.72,14.64,68.32
68.32,-34.16,-102.48,-14.64,82.96,-68.32,14.64,-14.64,122,82.96,0,63.44
68.32,-39.04,-107.36,-14.64,87.84,-73.2,9.76,-29.28,78.08,78.08,0,68.32
48.8,-34.16,-82.96,-4.88,63.44,-58.56,0,-43.92,48.8,58.56,-4.88,68.32
63.44,-24.4,-87.84,-19.52,73.2,-58.56,-9.76,-43.92,63.44,53.68,-9.76,73.2
73.2,-29.28,-102.48,-19.52,87.84,-68.32,-14.64,-34.16,112.24,63.44,0,78.08
63.44,-34.16,-97.6,-14.64,78.08,-68.32,-24.4,-43.92,102.48,43.92,-9.76,82.96
68.32,-24.4,-92.72,-19.52,78.08,-58.56,-34.16,-53.68,63.44,29.28,-4.88,87.84
78.08,-29.28,-107.36,-24.4,92.72,-68.32,-39.04,-53.68,48.8,24.4,0,92.72
82.96,-14.64,-97.6,-34.16,87.84,-58.56,-53.68,-63.44,43.92,19.52,0,82.96
73.2,4.88,-68.32,-39.04,68.32,-34.16,-58.56,-53.68,48.8,24.4,4.88,92.72
73.2,4.88,-68.32,-39.04,68.32,-34.16,-68.32,-68.32,43.92,24.4,0,92.72
87.84,4.88,-82.96,-43.92,82.96,-39.04,-73.2,-92.72,24.4,9.76,-14.64,87.84
107.36,9.76,-97.6,-58.56,102.48,-43.92,-78.08,-117.12,9.76,-4.88,-29.28,78.08
107.36,9.76,-97.6,-58.56,102.48,-43.92,-87.84,-112.24,19.52,0,-39.04,78.08
92.72,4.88,-87.84,-48.8,87.84,-43.92,-92.72,-102.48,29.28,9.76,-29.28,97.6
82.96,0,-82.96,-39.04,82.96,-43.92,-92.72,-97.6,19.52,0,-29.28,107.36
78.08,-4.88,-82.96,-34.16,78.08,-43.92,-87.84,-97.6,9.76,-14.64,-19.52,122
78.08,4.88,-73.2,-39.04,73.2,-34.16,-87.84,-102.48,4.88,-19.52,-19.52,131.76
82.96,4.88,-78.08,-43.92,78.08,-39.04,-92.72,-122,9.76,-34.16,-19.52,122
92.72,19.52,-73.2,-53.68,82.96,-29.28,-97.6,-126.88,14.64,-39.04,-24.4,126.88
97.6,24.4,-73.2,-58.56,82.96,-24.4,-102.48,-141.52,0,-43.92,-24.4,126.88
97.6,14.64,-82.96,-53.68,87.84,-34.16,-102.48,-156.16,-19.52,-53.68,-39.04,126.88
102.48,19.52,-82.96,-58.56,92.72,-34.16,-97.6,-161.04,-24.4,-53.68,-34.16,131.76
112.24,24.4,-87.84,-68.32,97.6,-34.16,-107.36,-165.92,-53.68,-58.56,-48.8,141.52
126.88,29.28,-97.6,-78.08,112.24,-34.16,-107.36,-170.8,-53.68,-68.32,-48.8,141.52
112.24,24.4,-87.84,-68.32,97.6,-34.16,-102.48,-161.04,-34.16,-58.56,-39.04,151.28
112.24,19.52,-92.72,-63.44,102.48,-39.04,-102.48,-165.92,-29.28,-58.56,-39.04,151.28
126.88,34.16,-92.72,-78.08,107.36,-29.28,-102.48,-156.16,-24.4,-53.68,-39.04,156.16
131.76,34.16,-97.6,-82.96,112.24,-34.16,-107.36,-156.16,-19.52,-53.68,-34.16,151.28
117.12,29.28,-87.84,-73.2,102.48,-29.28,-122,-170.8,-29.28,-58.56,-43.92,151.28
107.36,34.16,-73.2,-68.32,87.84,-19.52,-112.24,-161.04,-34.16,-48.8,-34.16,161.04
97.6,39.04,-58.56,-68.32,78.08,-9.76,-112.24,-165.92,-34.16,-43.92,-29.28,170.8
102.48,39.04,-63.44,-68.32,82.96,-14.64,-107.36,-165.92,-29.28,-48.8,-19.52,170.8
122,48.8,-73.2,-82.96,97.6,-14.64,-122,-161.04,-9.76,-43.92,-19.52,175.68
141.52,39.04,-102.48,-87.84,122,-34.16,-141.52,-170.8,-19.52,-48.8,-24.4,170.8
136.64,43.92,-92.72,-87.84,112.24,-24.4,-141.52,-161.04,-19.52,-39.04,-14.64,175.68
97.6,39.04,-58.56,-68.32,78.08,-9.76,-131.76,-146.4,-29.28,-24.4,0,190.32
58.56,34.16,-24.4,-43.92,39.04,4.88,-122,-136.64,-34.16,0,14.64,204.96
78.08,34.16,-43.92,-53.68,58.56,-4.88,-117.12,-161.04,-29.28,-4.88,14.64,200.08
82.96,24.4,-58.56,-53.68,68.32,-19.52,-126.88,-151.28,4.88,0,14.64,195.2
102.48,24.4,-78.08,-63.44,87.84,-29.28,-122,-131.76,24.4,9.76,19.52,190.32
107.36,29.28,-78.08,-68.32,92.72,-24.4,-107.36,-97.6,29.28,29.28,29.28,195.2
92.72,29.28,-63.44,-58.56,78.08,-19.52,-102.48,-82.96,48.8,34.16,29.28,195.2
97.6,19.52,-78.08,-58.56,87.84,-29.28,-92.72,-82.96,53.68,39.04,24.4,190.32
92.72,4.88,-87.84,-48.8,87.84,-43.92,-78.08,-82.96,53.68,53.68,34.16,195.2
82.96,4.88,-78.08,-43.92,78.08,-39.04,-73.2,-92.72,43.92,48.8,29.28,185.44
82.96,4.88,-78.08,-43.92,78.08,-39.04,-63.44,-63.44,48.8,58.56,34.16,185.44
92.72,24.4,-68.32,-58.56,78.08,-24.4,-39.04,-24.4,73.2,87.84,48.8,204.96
97.6,9.76,-87.84,-53.68,92.72,-39.04,-39.04,-29.28,68.32,87.84,39.04,185.44
92.72,9.76,-82.96,-48.8,87.84,-39.04,-39.04,-43.92,58.56,78.08,19.52,165.92
82.96,-4.88,-87.84,-39.04,82.96,-48.8,-34.16,-34.16,58.56,78.08,9.76,151.28
82.96,-9.76,-92.72,-34.16,87.84,-53.68,-9.76,-9.76,73.2,97.6,14.64,146.4
63.44,-4.88,-68.32,-29.28,63.44,-39.04,4.88,0,87.84,112.24,19.52,146.4
43.92,-4.88,-48.8,-19.52,43.92,-29.28,14.64,14.64,87.84,126.88,24.4,141.52
39.04,-14.64,-53.68,-9.76,43.92,-34.16,43.92,24.4,97.6,136.64,34.16,151.28
48.8,-19.52,-68.32,-14.64,58.56,-43.92,48.8,29.28,92.72,136.64,34.16,146.4
48.8,-14.64,-63.44,-14.64,53.68,-39.04,53.68,24.4,82.96,122,24.4,136.64
53.68,-19.52,-73.2,-14.64,63.44,-48.8,58.56,43.92,97.6,126.88,14.64,136.64
53.68,-34.16,-87.84,-9.76,68.32,-63.44,53.68,43.92,92.72,112.24,9.76,136.64
58.56,-39.04,-97.6,-9.76,78.08,-68.32,43.92,43.92,82.96,107.36,0,126.88
53.68,-53.68,-107.36,0,78.08,-82.96,53.68,58.56,117.12,117.12,4.88,126.88
53.68,-48.8,-102.48,0,78.08,-78.08,53.68,63.44,107.36,126.88,-4.88,117.12
48.8,-39.04,-87.84,-4.88,68.32,-63.44,63.44,63.44,92.72,126.88,-4.88,117.12
43.92,-43.92,-87.84,0,63.44,-68.32,53.68,48.8,87.84,131.76,-9.76,117.12
48.8,-53.68,-102.48,4.88,73.2,-78.08,53.68,53.68,97.6,131.76,-14.64,117.12
48.8,-48.8,-97.6,0,73.2,-73.2,58.56,73.2,107.36,136.64,0,122
39.04,-43.92,-82.96,4.88,58.56,-63.44,63.44,68.32,112.24,122,-4.88,117.12
34.16,-39.04,-73.2,4.88,53.68,-58.56,73.2,87.84,131.76,136.64,9.76,126.88
34.16,-58.56,-92.72,14.64,63.44,-78.08,82.96,92.72,136.64,141.52,14.64,122
39.04,-58.56,-97.6,9.76,68.32,-78.08,73.2,82.96,112.24,131.76,4.88,122
48.8,-53.68,-102.48,4.88,73.2,-78.08,68.32,63.44,87.84,112.24,-14.64,122
39.04,-58.56,-97.6,9.76,68.32,-78.08,58.56,73.2,87.84,112.24,-9.76,117.12
39.04,-48.8,-87.84,4.88,63.44,-68.32,58.56,82.96,92.72,107.36,-19.52,112.24
43.92,-53.68,-97.6,4.88,68.32,-78.08,53.68,63.44,73.2,102.48,-34.16,107.36
43.92,-63.44,-107.36,9.76,73.2,-87.84,39.04,43.92,63.44,97.6,-34.16,92.72
39.04,-63.44,-102.48,14.64,68.32,-82.96,34.16,58.56,78.08,107.36,-29.28,87.84
34.16,-63.44,-97.6,14.64,63.44,-82.96,34.16,82.96,92.72,117.12,-19.52,97.6
39.04,-53.68,-92.72,9.76,63.44,-73.2,39.04,102.48,82.96,122,-4.88,102.48
48.8,-53.68,-102.48,4.88,73.2,-78.08,34.16,102.48,87.84,122,4.88,92.72
43.92,-53.68,-97.6,4.88,68.32,-78.08,34.16,87.84,87.84,107.36,-4.88,87.84
53.68,-53.68,-107.36,0,78.08,-82.96,43.92,92.72,87.84,107.36,0,82.96
48.8,-48.8,-97.6,0,73.2,-73.2,48.8,97.6,97.6,112.24,4.88,87.84
48.8,-58.56,-107.36,4.88,78.08,-82.96,34.16,92.72,107.36,102.48,-9.76,73.2
43.92,-53.68,-97.6,4.88,68.32,-78.08,39.04,82.96,102.48,107.36,-9.76,78.08
34.16,-58.56,-92.72,14.64,63.44,-78.08,39.04,87.84,97.6,112.24,-4.88,73.2
19.52,-68.32,-87.84,24.4,53.68,-78.08,43.92,87.84,87.84,117.12,-4.88,63.44
19.52,-58.56,-78.08,19.52,48.8,-68.32,39.04,87.84,73.2,107.36,-14.64,58.56
48.8,-63.44,-112.24,9.76,78.08,-87.84,43.92,87.84,78.08,112.24,-9.76,63.44
68.32,-63.44,-131.76,0,97.6,-97.6,34.16,78.08,63.44,97.6,-14.64,39.04
43.92,-68.32,-112.24,14.64,78.08,-92.72,43.92,73.2,63.44,92.72,-14.64,29.28
34.16,-68.32,-102.48,19.52,68.32,-87.84,48.8,82.96,78.08,97.6,-9.76,34.16
29.28,-58.56,-87.84,14.64,58.56,-73.2,53.68,92.72,97.6,107.36,-4.88,29.28
24.4,-63.44,-87.84,19.52,53.68,-78.08,43.92,78.08,82.96,97.6,-19.52,19.52
48.8,-53.68,-102.48,4.88,73.2,-78.08,43.92,78.08,73.2,97.6,-29.28,19.52
58.56,-48.8,-107.36,-4.88,82.96,-78.08,43.92,78.08,82.96,97.6,-29.28,9.76
48.8,-68.32,-117.12,9.76,82.96,-92.72,34.16,63.44,63.44,92.72,-39.04,-9.76
24.4,-63.44,-87.84,19.52,53.68,-78.08,43.92,63.44,58.56,97.6,-29.28,9.76
0,-63.44,-63.44,34.16,29.28,-63.44,53.68,63.44,53.68,107.36,-14.64,29.28
4.88,-63.44,-68.32,29.28,34.16,-68.32,48.8,63.44,73.2,102.48,-14.64,29.28
9.76,-58.56,-68.32,24.4,39.04,-63.44,39.04,73.2,97.6,112.24,-19.52,29.28
19.52,-63.44,-82.96,24.4,48.8,-73.2,29.28,78.08,117.12,107.36,-24.4,29.28
48.8,-58.56,-107.36,4.88,78.08,-82.96,14.64,73.2,117.12,112.24,-29.28,43.92
39.04,-53.68,-92.72,9.76,63.44,-73.2,14.64,73.2,112.24,117.12,-24.4,53.68
19.52,-58.56,-78.08,19.52,48.8,-68.32,14.64,82.96,102.48,126.88,-19.52,68.32
43.92,-68.32,-112.24,14.64,78.08,-92.72,9.76,78.08,73.2,107.36,-29.28,63.44
39.04,-68.32,-107.36,14.64,73.2,-87.84,4.88,73.2,87.84,92.72,-34.16,63.44
24.4,-63.44,-87.84,19.52,53.68,-78.08,14.64,82.96,102.48,102.48,-29.28,68.32
24.4,-58.56,-82.96,19.52,53.68,-73.2,29.28,87.84,92.72,112.24,-19.52,73.2
43.92,-58.56,-102.48,9.76,73.2,-82.96,9.76,53.68,48.8,82.96,-34.16,58.56
39.04,-68.32,-107.36,14.64,73.2,-87.84,0,39.04,39.04,78.08,-48.8,53.68
39.04,-68.32,-107.36,14.64,73.2,-87.84,4.88,48.8,68.32,87.84,-39.04,48.8
43.92,-63.44,-107.36,9.76,73.2,-87.84,19.52,58.56,97.6,97.6,-39.04,53.68
53.68,-53.68,-107.36,0,78.08,-82.96,24.4,63.44,102.48,97.6,-39.04,53.68
48.8,-58.56,-107.36,4.88,78.08,-82.96,29.28,58.56,87.84,102.48,-43.92,48.8
29.28,-53.68,-82.96,14.64,53.68,-68.32,34.16,63.44,92.72,112.24,-34.16,48.8
34.16,-39.04,-73.2,4.88,53.68,-58.56,39.04,68.32,92.72,122,-19.52,53.68
39.04,-43.92,-82.96,4.88,58.56,-63.44,34.16,68.32,92.72,117.12,-4.88,48.8
34.16,-53.68,-87.84,9.76,58.56,-73.2,34.16,87.84,107.36,126.88,0,53.68
34.16,-53.68,-87.84,9.76,58.56,-73.2,19.52,87.84,112.24,122,-4.88,43.92
29.28,-63.44,-92.72,19.52,58.56,-78.08,-9.76,68.32,112.24,112.24,-9.76,39.04
43.92,-58.56,-102.48,9.76,73.2,-82.96,-29.28,48.8,82.96,97.6,-24.4,43.92
39.04,-63.44,-102.48,14.64,68.32,-82.96,-19.52,58.56,73.2,102.48,-24.4,43.92
34.16,-53.68,-87.84,9.76,58.56,-73.2,-4.88,68.32,92.72,107.36,-19.52,48.8
39.04,-48.8,-87.84,4.88,63.44,-68.32,-4.88,68.32,97.6,102.48,-24.4,48.8
29.28,-63.44,-92.72,19.52,58.56,-78.08,4.88,53.68,78.08,92.72,-29.28,48.8
39.04,-58.56,-97.6,9.76,68.32,-78.08,0,43.92,58.56,82.96,-29.28,39.04
48.8,-48.8,-97.6,0,73.2,-73.2,-4.88,48.8,53.68,82.96,-39.04,39.04
29.28,-58.56,-87.84,14.64,58.56,-73.2,4.88,63.44,73.2,97.6,-29.28,48.8
24.4,-58.56,-82.96,19.52,53.68,-73.2,9.76,73.2,97.6,102.48,-19.52,48.8
14.64,-53.68,-68.32,19.52,39.04,-63.44,4.88,68.32,107.36,97.6,-19.52,43.92
19.52,-48.8,-68.32,14.64,43.92,-58.56,24.4,68.32,112.24,102.48,-19.52,48.8
43.92,-53.68,-97.6,4.88,68.32,-78.08,29.28,63.44,97.6,87.84,-34.16,39.04
48.8,-58.56,-107.36,4.88,78.08,-82.96,19.52,39.04,73.2,68.32,-53.68,19.52
43.92,-63.44,-107.36,9.76,73.2,-87.84,24.4,43.92,68.32,73.2,-53.68,24.4
29.28,-63.44,-92.72,19.52,58.56,-78.08,34.16,58.56,68.32,87.84,-29.28,34.16
29.28,-58.56,-87.84,14.64,58.56,-73.2,34.16,63.44,58.56,87.84,-29.28,39.04
39.04,-58.56,-97.6,9.76,68.32,-78.08,39.04,58.56,63.44,87.84,-34.16,39.04
39.04,-63.44,-102.48,14.64,68.32,-82.96,34.16,48.8,87.84,87.84,-34.16,34.16
43.92,-63.44,-107.36,9.76,73.2,-87.84,14.64,48.8,97.6,82.96,-43.92,29.28
34.16,-68.32,-102.48,19.52,68.32,-87.84,9.76,53.68,97.6,87.84,-39.04,39.04
39.04,-58.56,-97.6,9.76,68.32,-78.08,24.4,63.44,107.36,102.48,-24.4,48.8
43.92,-53.68,-97.6,4.88,68.32,-78.08,24.4,73.2,107.36,107.36,-19.52,48.8
29.28,-53.68,-82.96,14.64,53.68,-68.32,24.4,68.32,87.84,102.48,-24.4,43.92
19.52,-53.68,-73.2,19.52,43.92,-63.44,24.4,63.44,68.32,97.6,-19.52,43.92
19.52,-58.56,-78.08,19.52,48.8,-68.32,34.16,68.32,82.96,102.48,-9.76,48.8
24.4,-53.68,-78.08,14.64,48.8,-68.32,24.4,53.68,82.96,97.6,-14.64,43.92
34.16,-48.8,-82.96,9.76,58.56,-68.32,14.64,48.8,87.84,87.84,-19.52,48.8
39.04,-43.92,-82.96,4.88,58.56,-63.44,29.28,73.2,117.12,112.24,-14.64,53.68
34.16,-48.8,-82.96,9.76,58.56,-68.32,34.16,73.2,117.12,107.36,-14.64,43.92
39.04,-43.92,-82.96,4.88,58.56,-63.44,29.28,68.32,97.6,102.48,-29.28,43.92
53.68,-43.92,-97.6,-4.88,73.2,-73.2,34.16,58.56,78.08,92.72,-39.04,34.16
48.8,-53.68,-102.48,4.88,73.2,-78.08,34.16,53.68,63.44,82.96,-43.92,24.4
43.92,-39.04,-82.96,0,63.44,-63.44,34.16,43.92,48.8,73.2,-39.04,24.4
43.92,-29.28,-73.2,-4.88,58.56,-53.68,34.16,34.16,29.28,73.2,-29.28,39.04
34.16,-43.92,-78.08,4.88,53.68,-63.44,43.92,48.8,53.68,78.08,-24.4,39.04
19.52,-53.68,-73.2,19.52,43.92,-63.44,48.8,87.84,122,102.48,-4.88,58.56
9.76,-53.68,-63.44,24.4,34.16,-58.56,48.8,107.36,136.64,107.36,-4.88,63.44
9.76,-39.04,-48.8,14.64,29.28,-43.92,43.92,102.48,122,112.24,0,73.2
19.52,-48.8,-68.32,14.64,43.92,-58.56,39.04,73.2,87.84,87.84,-19.52,63.44
14.64,-43.92,-58.56,14.64,34.16,-53.68,24.4,48.8,78.08,73.2,-29.28,58.56
24.4,-34.16,-58.56,4.88,39.04,-48.8,24.4,43.92,78.08,73.2,-34.16,63.44
39.04,-34.16,-73.2,0,53.68,-53.68,14.64,48.8,73.2,78.08,-29.28,58.56
43.92,-14.64,-58.56,-14.64,48.8,-39.04,9.76,53.68,68.32,73.2,-39.04,53.68
29.28,-14.64,-43.92,-4.88,34.16,-29.28,4.88,63.44,68.32,78.08,-19.52,58.56
29.28,-24.4,-53.68,0,39.04,-39.04,4.88,68.32,87.84,82.96,-19.52,58.56
34.16,-14.64,-48.8,-9.76,39.04,-34.16,-4.88,73.2,92.72,92.72,-4.88,63.44
14.64,-19.52,-34.16,4.88,24.4,-29.28,0,82.96,97.6,102.48,4.88,68.32
19.52,-29.28,-48.8,4.88,34.16,-39.04,-9.76,73.2,87.84,97.6,-9.76,53.68
34.16,-19.52,-53.68,-4.88,43.92,-39.04,-9.76,48.8,68.32,73.2,-19.52,34.16
53.68,-4.88,-58.56,-24.4,53.68,-34.16,-24.4,24.4,58.56,53.68,-29.28,29.28
58.56,-4.88,-63.44,-24.4,58.56,-34.16,-24.4,39.04,68.32,63.44,-34.16,39.04
48.8,4.88,-43.92,-24.4,43.92,-19.52,-19.52,53.68,63.44,73.2,-24.4,48.8
14.64,0,-14.64,-4.88,14.64,-9.76,-9.76,63.44,58.56,63.44,-34.16,53.68
-19.52,-9.76,9.76,14.64,-14.64,0,14.64,63.44,63.44,73.2,-14.64,73.2
-19.52,-29.28,-9.76,24.4,-4.88,-19.52,24.4,68.32,73.2,78.08,-14.64,82.96
4.88,-34.16,-39.04,14.64,19.52,-39.04,9.76,63.44,68.32,63.44,-29.28,68.32
19.52,-34.16,-53.68,9.76,34.16,-43.92,14.64,53.68,68.32,58.56,-34.16,63.44
14.64,-39.04,-53.68,14.64,34.16,-48.8,24.4,58.56,73.2,73.2,-24.4,68.32
14.64,-29.28,-43.92,9.76,29.28,-39.04,24.4,53.68,53.68,63.44,-29.28,68.32
24.4,-19.52,-43.92,0,34.16,-34.16,19.52,48.8,48.8,48.8,-34.16,63.44
24.4,-19.52,-43.92,0,34.16,-34.16,19.52,43.92,43.92,43.92,-48.8,58.56
34.16,-14.64,-48.8,-9.76,39.04,-34.16,24.4,53.68,39.04,43.92,-43.92,58.56
24.4,-9.76,-34.16,-4.88,29.28,-24.4,24.4,58.56,43.92,29.28,-48.8,48.8
34.16,-19.52,-53.68,-4.88,43.92,-39.04,14.64,58.56,39.04,29.28,-48.8,39.04
34.16,-9.76,-43.92,-9.76,39.04,-29.28,19.52,63.44,43.92,34.16,-48.8,43.92
19.52,-9.76,-29.28,-4.88,24.4,-19.52,24.4,53.68,43.92,34.16,-43.92,43.92
9.76,-14.64,-24.4,4.88,14.64,-19.52,19.52,43.92,39.04,29.28,-39.04,43.92
4.88,-19.52,-24.4,9.76,14.64,-24.4,14.64,58.56,24.4,29.28,-39.04,48.8
-4.88,-29.28,-24.4,19.52,9.76,-29.28,9.76,68.32,29.28,29.28,-48.8,43.92
19.52,-9.76,-29.28,-4.88,24.4,-19.52,14.64,68.32,43.92,29.28,-43.92,48.8
4.88,-4.88,-9.76,0,4.88,-9.76,24.4,68.32,39.04,34.16,-48.8,53.68
4.88,-14.64,-19.52,4.88,9.76,-19.52,24.4,78.08,53.68,39.04,-43.92,53.68
24.4,0,-24.4,-9.76,24.4,-14.64,14.64,73.2,63.44,29.28,-48.8,48.8
9.76,-4.88,-14.64,0,9.76,-9.76,9.76,68.32,53.68,24.4,-48.8,43.92
0,4.88,4.88,0,-4.88,4.88,24.4,92.72,73.2,39.04,-29.28,53.68
-9.76,9.76,19.52,0,-14.64,14.64,29.28,97.6,92.72,48.8,-19.52,58.56
-4.88,0,4.88,4.88,-4.88,0,24.4,78.08,73.2,29.28,-39.04,53.68
-4.88,-9.76,-4.88,9.76,0,-9.76,19.52,63.44,34.16,19.52,-48.8,43.92
-4.88,-9.76,-4.88,9.76,0,-9.76,14.64,53.68,9.76,0,-53.68,39.04
0,-9.76,-9.76,4.88,4.88,-9.76,4.88,53.68,4.88,-9.76,-68.32,34.16
14.64,-4.88,-19.52,-4.88,14.64,-14.64,-9.76,48.8,-4.88,-19.52,-78.08,29.28
4.88,-14.64,-19.52,4.88,9.76,-19.52,-29.28,48.8,-9.76,-14.64,-78.08,19.52
0,-9.76,-9.76,4.88,4.88,-9.76,-34.16,43.92,-9.76,-14.64,-78.08,19.52
4.88,-14.64,-19.52,4.88,9.76,-19.52,-34.16,43.92,-19.52,-9.76,-68.32,19.52
0,-19.52,-19.52,9.76,9.76,-19.52,-34.16,43.92,-4.88,-4.88,-58.56,24.4
4.88,0,-4.88,0,4.88,-4.88,-29.28,63.44,24.4,0,-48.8,29.28
0,0,0,0,0,0,-29.28,63.44,19.52,-4.88,-53.68,34.16
-14.64,-4.88,9.76,9.76,-14.64,0,-9.76,78.08,29.28,9.76,-34.16,43.92
-19.52,9.76,29.28,4.88,-24.4,19.52,-9.76,78.08,43.92,4.88,-43.92,29.28
-24.4,-4.88,19.52,14.64,-24.4,4.88,-9.76,73.2,43.92,-4.88,-48.8,14.64
-9.76,-4.88,4.88,9.76,-9.76,0,-14.64,48.8,19.52,-14.64,-68.32,0
-9.76,-4.88,4.88,9.76,-9.76,0,-24.4,48.8,9.76,-24.4,-63.44,-4.88
-29.28,-9.76,19.52,19.52,-24.4,4.88,-19.52,68.32,19.52,-14.64,-63.44,-4.88
-14.64,-9.76,4.88,14.64,-9.76,-4.88,-4.88,82.96,39.04,-4.88,-53.68,-9.76
-19.52,0,19.52,9.76,-19.52,9.76,0,102.48,48.8,9.76,-48.8,-9.76
-9.76,0,9.76,4.88,-9.76,4.88,-9.76,92.72,34.16,4.88,-53.68,-24.4
-9.76,-4.88,4.88,9.76,-9.76,0,-19.52,63.44,0,-14.64,-68.32,-19.52
-9.76,-4.88,4.88,9.76,-9.76,0,-14.64,48.8,-19.52,-24.4,-78.08,-29.28
4.88,9.76,4.88,-4.88,0,4.88,-19.52,29.28,-24.4,-39.04,-92.72,-39.04
9.76,14.64,4.88,-9.76,0,9.76,-24.4,34.16,-4.88,-48.8,-87.84,-39.04
-4.88,9.76,14.64,0,-9.76,9.76,-19.52,39.04,14.64,-39.04,-87.84,-39.04
-19.52,14.64,34.16,4.88,-29.28,24.4,-4.88,58.56,14.64,-19.52,-82.96,-39.04
-19.52,4.88,24.4,9.76,-24.4,14.64,-9.76,68.32,-14.64,-19.52,-87.84,-39.04
-34.16,-4.88,29.28,19.52,-34.16,9.76,-9.76,78.08,-4.88,-19.52,-78.08,-34.16
-24.4,9.76,34.16,9.76,-29.28,19.52,-19.52,82.96,9.76,-24.4,-82.96,-43.92
-19.52,4.88,24.4,9.76,-24.4,14.64,-34.16,73.2,34.16,-29.28,-87.84,-58.56
-4.88,4.88,9.76,0,-9.76,4.88,-43.92,68.32,24.4,-43.92,-97.6,-68.32
-24.4,9.76,34.16,9.76,-29.28,19.52,-43.92,73.2,24.4,-39.04,-87.84,-68.32
-34.16,14.64,48.8,9.76,-43.92,29.28,-48.8,78.08,0,-43.92,-82.96,-73.2
-34.16,4.88,39.04,14.64,-39.04,19.52,-53.68,87.84,-19.52,-48.8,-78.08,-78.08
-24.4,14.64,39.04,4.88,-34.16,24.4,-39.04,102.48,4.88,-43.92,-73.2,-68.32
-19.52,14.64,34.16,4.88,-29.28,24.4,-48.8,92.72,24.4,-39.04,-68.32,-73.2
-9.76,4.88,14.64,4.88,-14.64,9.76,-53.68,68.32,14.64,-53.68,-78.08,-87.84
-29.28,0,29.28,14.64,-29.28,14.64,-63.44,48.8,14.64,-48.8,-87.84,-87.84
-19.52,4.88,24.4,9.76,-24.4,14.64,-63.44,58.56,14.64,-39.04,-92.72,-87.84
-9.76,9.76,19.52,0,-14.64,14.64,-68.32,63.44,0,-39.04,-82.96,-92.72
-14.64,9.76,24.4,4.88,-19.52,14.64,-68.32,58.56,-9.76,-58.56,-97.6,-97.6
-24.4,14.64,39.04,4.88,-34.16,24.4,-68.32,53.68,-19.52,-63.44,-97.6,-97.6
-14.64,14.64,29.28,0,-24.4,19.52,-68.32,53.68,-34.16,-68.32,-107.36,-107.36
-24.4,24.4,48.8,0,-39.04,34.16,-63.44,53.68,-39.04,-73.2,-97.6,-102.48
-24.4,29.28,53.68,0,-39.04,39.04,-48.8,63.44,-24.4,-68.32,-92.72,-87.84
-34.16,14.64,48.8,9.76,-43.92,29.28,-48.8,68.32,-14.64,-68.32,-82.96,-92.72
-24.4,19.52,43.92,4.88,-34.16,29.28,-53.68,73.2,-14.64,-73.2,-92.72,-97.6
-29.28,19.52,48.8,4.88,-39.04,34.16,-53.68,78.08,-19.52,-68.32,-87.84,-107.36
-29.28,4.88,34.16,14.64,-34.16,19.52,-48.8,87.84,-14.64,-63.44,-82.96,-107.36
-14.64,9.76,24.4,4.88,-19.52,14.64,-24.4,82.96,-19.52,-63.44,-78.08,-112.24
-14.64,14.64,29.28,0,-24.4,19.52,4.88,73.2,-29.28,-73.2,-92.72,-126.88
-19.52,14.64,34.16,4.88,-29.28,24.4,24.4,82.96,-19.52,-58.56,-73.2,-117.12
-14.64,19.52,34.16,0,-24.4,24.4,43.92,87.84,-9.76,-48.8,-68.32,-117.12
-19.52,24.4,43.92,0,-34.16,34.16,43.92,92.72,0,-48.8,-68.32,-117.12
-24.4,24.4,48.8,0,-39.04,34.16,48.8,102.48,9.76,-48.8,-68.32,-131.76
-19.52,19.52,39.04,0,-29.28,29.28,43.92,92.72,-9.76,-53.68,-68.32,-136.64
-24.4,19.52,43.92,4.88,-34.16,29.28,34.16,87.84,-4.88,-53.68,-68.32,-141.52
-24.4,24.4,48.8,0,-39.04,34.16,29.28,87.84,9.76,-43.92,-53.68,-131.76
-29.28,19.52,48.8,4.88,-39.04,34.16,24.4,82.96,9.76,-39.04,-58.56,-126.88
-48.8,24.4,73.2,14.64,-63.44,48.8,29.28,102.48,34.16,-14.64,-39.04,-122
-73.2,34.16,107.36,19.52,-92.72,68.32,29.28,131.76,63.44,0,-29.28,-107.36
-73.2,19.52,92.72,29.28,-82.96,53.68,24.4,126.88,39.04,-9.76,-39.04,-112.24
-53.68,19.52,73.2,19.52,-63.44,43.92,19.52,112.24,9.76,-24.4,-43.92,-112.24
-24.4,29.28,53.68,0,-39.04,39.04,0,63.44,-34.16,-58.56,-68.32,-122
0,19.52,19.52,-9.76,-9.76,19.52,-14.64,19.52,-73.2,-92.72,-82.96,-126.88
14.64,19.52,4.88,-14.64,4.88,9.76,-4.88,39.04,-58.56,-82.96,-73.2,-122
0,24.4,24.4,-9.76,-14.64,24.4,0,78.08,0,-43.92,-53.68,-136.64
-9.76,29.28,39.04,-9.76,-24.4,34.16,14.64,112.24,43.92,9.76,-19.52,-151.28
-4.88,39.04,43.92,-14.64,-24.4,39.04,34.16,146.4,78.08,68.32,29.28,-141.52
-14.64,43.92,58.56,-14.64,-39.04,48.8,43.92,175.68,112.24,117.12,82.96,-107.36
-14.64,63.44,78.08,-24.4,-48.8,68.32,43.92,180.56,146.4,170.8,170.8,-29.28
0,63.44,63.44,-29.28,-34.16,63.44,39.04,175.68,175.68,209.84,273.28,87.84
19.52,87.84,68.32,-53.68,-24.4,78.08,19.52,185.44,204.96,258.64,400.16,258.64
48.8,107.36,58.56,-78.08,-4.88,82.96,14.64,195.2,273.28,380.64,600.24,453.84
82.96,112.24,29.28,-97.6,24.4,68.32,-4.88,190.32,361.12,551.44,854,668.56
126.88,136.64,9.76,-131.76,58.56,73.2,-24.4,214.72,531.92,810.08,1200.48,995.52
161.04,190.32,29.28,-175.68,63.44,107.36,-48.8,263.52,722.24,1078.48,1566.48,1366.4
190.32,239.12,48.8,-214.72,68.32,141.52,-63.44,234.24,741.76,1166.32,1810.48,1678.72
209.84,278.16,68.32,-244,68.32,170.8,-78.08,190.32,605.12,1068.72,1912.96,1947.12
214.72,302.56,87.84,-258.64,63.44,195.2,-122,92.72,366,814.96,1844.64,2108.16
219.6,326.96,107.36,-273.28,53.68,214.72,-161.04,-29.28,92.72,536.8,1698.24,2142.32
214.72,361.12,146.4,-287.92,34.16,253.76,-180.56,-117.12,-122,287.92,1483.52,2000.8
180.56,419.68,239.12,-297.68,-29.28,326.96,-185.44,-175.68,-283.04,48.8,1200.48,1703.12
107.36,458.72,351.36,-283.04,-122,405.04,-156.16,-165.92,-356.24,-126.88,897.92,1312.72
63.44,385.52,322.08,-224.48,-131.76,351.36,-87.84,-87.84,-409.92,-283.04,585.6,805.2
4.88,239.12,234.24,-122,-117.12,234.24,14.64,63.44,-400.16,-434.32,209.84,214.72
-29.28,126.88,156.16,-48.8,-92.72,141.52,117.12,229.36,-390.4,-619.76,-253.76,-351.36
-68.32,43.92,112.24,14.64,-92.72,78.08,180.56,331.84,-434.32,-849.12,-736.88,-775.92
-102.48,-24.4,78.08,63.44,-92.72,24.4,209.84,366,-546.56,-1102.88,-1190.72,-1054.08
-112.24,-92.72,19.52,102.48,-68.32,-39.04,234.24,385.52,-668.56,-1307.84,-1503.04,-1224.88
-102.48,-156.16,-53.68,131.76,-24.4,-107.36,219.6,336.72,-780.8,-1473.76,-1708,-1317.6
-107.36,-190.32,-82.96,151.28,-14.64,-136.64,190.32,224.48,-902.8,-1581.12,-1776.32,-1322.48
-131.76,-229.36,-97.6,180.56,-19.52,-165.92,146.4,0,-1083.36,-1634.8,-1708,-1254.16
-141.52,-268.4,-126.88,204.96,-9.76,-200.08,68.32,-248.88,-1224.88,-1659.2,-1625.04,-1185.84
-141.52,-253.76,-112.24,200.08,-14.64,-185.44,24.4,-400.16,-1263.92,-1615.28,-1522.56,-1102.88
-156.16,-219.6,-63.44,190.32,-48.8,-141.52,4.88,-429.44,-1215.12,-1503.04,-1390.8,-995.52
-170.8,-190.32,-19.52,180.56,-78.08,-107.36,9.76,-385.52,-1102.88,-1361.52,-1254.16,-912.56
-161.04,-156.16,4.88,161.04,-82.96,-78.08,9.76,-312.32,-966.24,-1195.6,-1102.88,-814.96
-131.76,-122,9.76,126.88,-73.2,-58.56,-4.88,-239.12,-824.72,-1024.8,-956.48,-722.24
-107.36,-102.48,4.88,107.36,-58.56,-48.8,-14.64,-165.92,-692.96,-873.52,-810.08,-639.28
-112.24,-82.96,29.28,97.6,-73.2,-29.28,-29.28,-97.6,-570.96,-732,-688.08,-556.32
-107.36,-58.56,48.8,82.96,-78.08,-4.88,-29.28,-29.28,-468.48,-610,-575.84,-483.12
-78.08,-24.4,53.68,53.68,-68.32,14.64,-34.16,-9.76,-380.64,-502.64,-478.24,-409.92
-73.2,4.88,78.08,34.16,-78.08,39.04,-43.92,-29.28,-317.2,-409.92,-395.28,-336.72
-92.72,19.52,112.24,39.04,-102.48,63.44,-39.04,-34.16,-244,-312.32,-297.68,-268.4
-87.84,34.16,122,29.28,-107.36,78.08,-29.28,-4.88,-180.56,-244,-229.36,-219.6
-78.08,29.28,107.36,24.4,-92.72,68.32,-34.16,34.16,-141.52,-204.96,-180.56,-200.08
-58.56,34.16,92.72,14.64,-78.08,63.44,-24.4,53.68,-112.24,-175.68,-161.04,-185.44
-48.8,34.16,82.96,9.76,-68.32,58.56,-4.88,78.08,-68.32,-146.4,-136.64,-175.68
-39.04,29.28,68.32,4.88,-53.68,48.8,-9.76,73.2,-68.32,-141.52,-126.88,-175.68
-39.04,29.28,68.32,4.88,-53.68,48.8,-14.64,73.2,-73.2,-131.76,-122,-165.92
-63.44,19.52,82.96,24.4,-73.2,48.8,-9.76,92.72,-53.68,-102.48,-87.84,-151.28
-68.32,19.52,87.84,24.4,-78.08,53.68,-9.76,102.48,-43.92,-82.96,-68.32,-141.52
-48.8,24.4,73.2,14.64,-63.44,48.8,-24.4,97.6,-39.04,-78.08,-53.68,-126.88
-43.92,34.16,78.08,4.88,-63.44,53.68,-43.92,92.72,-43.92,-73.2,-43.92,-126.88
-68.32,39.04,107.36,14.64,-87.84,73.2,-29.28,87.84,-39.04,-58.56,-29.28,-117.12
-82.96,34.16,117.12,24.4,-102.48,73.2,-29.28,73.2,-39.04,-63.44,-24.4,-112.24
-63.44,34.16,97.6,14.64,-82.96,63.44,-39.04,82.96,-43.92,-63.44,-29.28,-107.36
-39.04,39.04,78.08,0,-58.56,58.56,-43.92,92.72,-39.04,-53.68,-19.52,-112.24
-43.92,39.04,82.96,4.88,-63.44,58.56,-48.8,87.84,-29.28,-48.8,-9.76,-107.36
-39.04,34.16,73.2,4.88,-58.56,53.68,-53.68,92.72,-14.64,-39.04,-4.88,-97.6
-39.04,34.16,73.2,4.88,-58.56,53.68,-43.92,102.48,-4.88,-19.52,4.88,-87.84
-43.92,29.28,73.2,9.76,-58.56,48.8,-39.04,112.24,4.88,-4.88,19.52,-82.96
-29.28,34.16,63.44,0,-48.8,48.8,-34.16,97.6,-29.28,-14.64,14.64,-78.08
-24.4,34.16,58.56,-4.88,-43.92,43.92,-43.92,68.32,-82.96,-34.16,9.76,-78.08
-19.52,24.4,43.92,0,-34.16,34.16,-48.8,48.8,-87.84,-39.04,14.64,-78.08
-19.52,39.04,58.56,-9.76,-39.04,48.8,-58.56,53.68,-39.04,-29.28,19.52,-73.2
-34.16,39.04,73.2,0,-53.68,53.68,-78.08,78.08,-4.88,-24.4,19.52,-73.2
-24.4,39.04,63.44,-4.88,-43.92,48.8,-107.36,78.08,-19.52,-24.4,24.4,-92.72
-24.4,34.16,58.56,-4.88,-43.92,43.92,-131.76,78.08,-24.4,-24.4,29.28,-87.84
-53.68,19.52,73.2,19.52,-63.44,43.92,-165.92,87.84,-9.76,-9.76,39.04,-78.08
-48.8,34.16,82.96,9.76,-68.32,58.56,-161.04,102.48,-4.88,9.76,43.92,-78.08
-43.92,39.04,82.96,4.88,-63.44,58.56,-141.52,92.72,-29.28,4.88,58.56,-78.08
-24.4,39.04,63.44,-4.88,-43.92,48.8,-136.64,68.32,-58.56,-19.52,48.8,-78.08
-19.52,48.8,68.32,-14.64,-43.92,58.56,-122,58.56,-53.68,-24.4,58.56,-78.08
-24.4,39.04,63.44,-4.88,-43.92,48.8,-117.12,58.56,-29.28,-14.64,58.56,-87.84
-24.4,39.04,63.44,-4.88,-43.92,48.8,-107.36,63.44,-9.76,-14.64,58.56,-92.72
-24.4,43.92,68.32,-9.76,-48.8,53.68,-102.48,58.56,-24.4,-9.76,53.68,-92.72
-24.4,34.16,58.56,-4.88,-43.92,43.92,-97.6,53.68,-58.56,-9.76,53.68,-102.48
-24.4,24.4,48.8,0,-39.04,34.16,-107.36,43.92,-68.32,-19.52,43.92,-112.24
-53.68,14.64,68.32,19.52,-63.44,39.04,-92.72,53.68,-48.8,-19.52,48.8,-102.48
-43.92,24.4,68.32,9.76,-58.56,43.92,-82.96,58.56,-43.92,-24.4,58.56,-102.48
-24.4,34.16,58.56,-4.88,-43.92,43.92,-68.32,68.32,-29.28,-9.76,87.84,-92.72
-43.92,19.52,63.44,14.64,-53.68,39.04,-63.44,68.32,-24.4,-4.88,87.84,-87.84
-53.68,14.64,68.32,19.52,-63.44,39.04,-58.56,63.44,-34.16,0,82.96,-92.72
-43.92,9.76,53.68,19.52,-48.8,29.28,-53.68,63.44,-29.28,0,87.84,-97.6
-39.04,14.64,53.68,14.64,-48.8,34.16,-53.68,58.56,-4.88,0,87.84,-97.6
-34.16,29.28,63.44,4.88,-48.8,43.92,-53.68,53.68,9.76,4.88,87.84,-102.48
-29.28,29.28,58.56,0,-43.92,43.92,-53.68,58.56,-24.4,4.88,87.84,-136.64
-29.28,19.52,48.8,4.88,-39.04,34.16,-58.56,48.8,-48.8,-4.88,87.84,-151.28
-39.04,29.28,68.32,4.88,-53.68,48.8,-43.92,53.68,-34.16,0,97.6,-146.4
-43.92,19.52,63.44,14.64,-53.68,39.04,-48.8,48.8,-29.28,4.88,97.6,-146.4
-34.16,14.64,48.8,9.76,-43.92,29.28,-48.8,53.68,-24.4,0,102.48,-87.84
-34.16,14.64,48.8,9.76,-43.92,29.28,-43.92,53.68,-19.52,0,117.12,-34.16
-29.28,19.52,48.8,4.88,-39.04,34.16,-53.68,48.8,-29.28,0,102.48,-39.04
-34.16,24.4,58.56,4.88,-48.8,39.04,-48.8,63.44,-29.28,9.76,102.48,-43.92
-48.8,19.52,68.32,14.64,-58.56,43.92,-39.04,78.08,-19.52,14.64,112.24,-29.28
-63.44,19.52,82.96,24.4,-73.2,48.8,-34.16,82.96,-19.52,19.52,117.12,-34.16
-58.56,24.4,82.96,19.52,-73.2,53.68,-48.8,68.32,-29.28,14.64,107.36,-48.8
-48.8,9.76,58.56,19.52,-53.68,34.16,-63.44,29.28,-48.8,0,97.6,-63.44
-34.16,14.64,48.8,9.76,-43.92,29.28,-68.32,34.16,-58.56,-4.88,92.72,-58.56
-29.28,24.4,53.68,4.88,-43.92,39.04,-63.44,53.68,-43.92,9.76,107.36,-48.8
-19.52,24.4,43.92,0,-34.16,34.16,-68.32,63.44,-34.16,14.64,112.24,-39.04
-9.76,19.52,29.28,-4.88,-19.52,24.4,-68.32,58.56,-34.16,14.64,117.12,-34.16
-19.52,14.64,34.16,4.88,-29.28,24.4,-78.08,63.44,-39.04,14.64,112.24,-29.28
-34.16,4.88,39.04,14.64,-39.04,19.52,-73.2,82.96,-34.16,24.4,122,-19.52
-29.28,14.64,43.92,9.76,-39.04,29.28,-68.32,78.08,-24.4,24.4,122,-14.64
-29.28,19.52,48.8,4.88,-39.04,34.16,-82.96,48.8,-34.16,14.64,107.36,-19.52
-39.04,24.4,63.44,9.76,-53.68,43.92,-82.96,53.68,-24.4,29.28,122,-4.88
-29.28,29.28,58.56,0,-43.92,43.92,-92.72,58.56,-19.52,29.28,122,0
-24.4,19.52,43.92,4.88,-34.16,29.28,-102.48,53.68,-14.64,29.28,117.12,0
-14.64,19.52,34.16,0,-24.4,24.4,-107.36,58.56,-19.52,39.04,112.24,0
-24.4,9.76,34.16,9.76,-29.28,19.52,-107.36,63.44,-24.4,43.92,126.88,4.88
-24.4,9.76,34.16,9.76,-29.28,19.52,-112.24,58.56,-34.16,39.04,126.88,9.76
-43.92,4.88,48.8,19.52,-48.8,24.4,-102.48,68.32,-34.16,43.92,131.76,9.76
-48.8,4.88,53.68,24.4,-53.68,29.28,-102.48,68.32,-24.4,53.68,136.64,19.52
-43.92,14.64,58.56,14.64,-53.68,34.16,-102.48,78.08,4.88,48.8,141.52,24.4
-43.92,14.64,58.56,14.64,-53.68,34.16,-102.48,73.2,0,43.92,131.76,19.52
-53.68,-9.76,43.92,34.16,-48.8,14.64,-102.48,63.44,-14.64,34.16,126.88,14.64
-19.52,0,19.52,9.76,-19.52,9.76,-102.48,39.04,-39.04,19.52,117.12,9.76
-4.88,9.76,14.64,0,-9.76,9.76,-97.6,29.28,-48.8,19.52,117.12,14.64
-9.76,14.64,24.4,0,-19.52,19.52,-102.48,29.28,-43.92,29.28,126.88,9.76
-9.76,19.52,29.28,-4.88,-19.52,24.4,-92.72,34.16,-34.16,39.04,136.64,14.64
-24.4,19.52,43.92,4.88,-34.16,29.28,-87.84,34.16,-19.52,43.92,141.52,24.4
-9.76,24.4,34.16,-4.88,-24.4,29.28,-87.84,53.68,-29.28,43.92,146.4,29.28
-9.76,24.4,34.16,-4.88,-24.4,29.28,-97.6,48.8,-48.8,43.92,141.52,29.28
-9.76,19.52,29.28,-4.88,-19.52,24.4,-107.36,34.16,-48.8,29.28,136.64,29.28
-14.64,24.4,39.04,-4.88,-29.28,29.28,-102.48,39.04,-29.28,43.92,141.52,39.04
-48.8,24.4,73.2,14.64,-63.44,48.8,-87.84,63.44,9.76,63.44,161.04,58.56
-53.68,24.4,78.08,14.64,-68.32,48.8,-87.84,68.32,19.52,73.2,170.8,63.44
-34.16,29.28,63.44,4.88,-48.8,43.92,-107.36,43.92,-9.76,68.32,156.16,53.68
-19.52,24.4,43.92,0,-34.16,34.16,-122,0,-43.92,43.92,136.64,48.8
0,29.28,29.28,-14.64,-14.64,29.28,-126.88,-14.64,-48.8,34.16,136.64,48.8
9.76,24.4,14.64,-14.64,-4.88,19.52,-141.52,-19.52,-39.04,34.16,141.52,58.56
4.88,24.4,19.52,-14.64,-9.76,19.52,-131.76,0,-34.16,39.04,151.28,73.2
19.52,29.28,9.76,-24.4,4.88,19.52,-141.52,0,-39.04,29.28,156.16,73.2
19.52,24.4,4.88,-19.52,4.88,14.64,-146.4,-4.88,-34.16,29.28,161.04,82.96
19.52,29.28,9.76,-24.4,4.88,19.52,-175.68,-19.52,-48.8,14.64,151.28,82.96
19.52,29.28,9.76,-24.4,4.88,19.52,-195.2,-29.28,-58.56,9.76,146.4,87.84
24.4,19.52,-4.88,-19.52,14.64,4.88,-204.96,-53.68,-78.08,-4.88,136.64,82.96
19.52,29.28,9.76,-24.4,4.88,19.52,-200.08,-68.32,-78.08,-9.76,136.64,87.84
19.52,43.92,24.4,-29.28,-4.88,34.16,-195.2,-63.44,-63.44,9.76,146.4,97.6
14.64,48.8,34.16,-29.28,-9.76,39.04,-190.32,-68.32,-68.32,14.64,151.28,97.6
14.64,48.8,34.16,-29.28,-9.76,39.04,-200.08,-73.2,-92.72,4.88,151.28,102.48
9.76,48.8,39.04,-29.28,-14.64,43.92,-204.96,-63.44,-78.08,9.76,161.04,112.24
29.28,68.32,39.04,-48.8,-4.88,53.68,-204.96,-82.96,-102.48,0,156.16,122
39.04,73.2,34.16,-53.68,0,53.68,-204.96,-107.36,-131.76,-19.52,151.28,126.88
43.92,73.2,29.28,-58.56,4.88,48.8,-219.6,-126.88,-117.12,-39.04,141.52,136.64
48.8,68.32,19.52,-58.56,14.64,43.92,-219.6,-122,-92.72,-43.92,146.4,141.52
34.16,68.32,34.16,-48.8,0,48.8,-219.6,-126.88,-102.48,-43.92,141.52,151.28
19.52,63.44,43.92,-39.04,-14.64,53.68,-209.84,-131.76,-112.24,-39.04,136.64,151.28
19.52,78.08,58.56,-48.8,-19.52,68.32,-200.08,-126.88,-112.24,-29.28,141.52,161.04
34.16,82.96,48.8,-58.56,-9.76,63.44,-195.2,-122,-102.48,-24.4,146.4,161.04
43.92,78.08,34.16,-58.56,4.88,53.68,-214.72,-146.4,-117.12,-39.04,141.52,165.92
43.92,87.84,43.92,-63.44,0,63.44,-204.96,-146.4,-107.36,-43.92,141.52,175.68
34.16,82.96,48.8,-58.56,-9.76,63.44,-204.96,-136.64,-102.48,-39.04,141.52,185.44
39.04,97.6,58.56,-68.32,-9.76,78.08,-209.84,-151.28,-126.88,-53.68,126.88,185.44
48.8,92.72,43.92,-68.32,0,68.32,-219.6,-161.04,-161.04,-73.2,112.24,185.44
43.92,97.6,53.68,-68.32,-4.88,73.2,-219.6,-165.92,-185.44,-82.96,102.48,180.56
48.8,102.48,53.68,-73.2,-4.88,78.08,-224.48,-180.56,-209.84,-92.72,102.48,185.44
34.16,107.36,73.2,-68.32,-19.52,87.84,-229.36,-195.2,-200.08,-97.6,97.6,180.56
43.92,107.36,63.44,-73.2,-9.76,82.96,-224.48,-175.68,-161.04,-78.08,112.24,195.2
43.92,97.6,53.68,-68.32,-4.88,73.2,-224.48,-175.68,-161.04,-73.2,117.12,195.2
24.4,92.72,68.32,-58.56,-24.4,78.08,-234.24,-180.56,-156.16,-68.32,126.88,204.96
29.28,112.24,82.96,-68.32,-29.28,97.6,-239.12,-175.68,-151.28,-63.44,131.76,209.84
19.52,107.36,87.84,-63.44,-34.16,97.6,-244,-185.44,-151.28,-63.44,136.64,209.84
34.16,97.6,63.44,-63.44,-14.64,78.08,-263.52,-209.84,-175.68,-78.08,122,195.2
73.2,117.12,43.92,-92.72,14.64,78.08,-268.4,-224.48,-185.44,-78.08,117.12,204.96
68.32,117.12,48.8,-92.72,9.76,82.96,-253.76,-209.84,-185.44,-68.32,122,209.84
58.56,112.24,53.68,-82.96,0,82.96,-244,-200.08,-175.68,-58.56,131.76,219.6
53.68,117.12,63.44,-82.96,-4.88,87.84,-234.24,-185.44,-175.68,-43.92,141.52,229.36
53.68,112.24,58.56,-82.96,-4.88,82.96,-224.48,-170.8,-185.44,-34.16,151.28,239.12
34.16,112.24,78.08,-73.2,-24.4,92.72,-204.96,-156.16,-175.68,-19.52,170.8,244
24.4,107.36,82.96,-63.44,-29.28,92.72,-195.2,-161.04,-136.64,-4.88,185.44,253.76
29.28,97.6,68.32,-63.44,-19.52,82.96,-180.56,-136.64,-117.12,9.76,190.32,248.88
29.28,87.84,58.56,-58.56,-14.64,73.2,-165.92,-122,-97.6,19.52,195.2,253.76
24.4,92.72,68.32,-58.56,-24.4,78.08,-156.16,-107.36,-87.84,14.64,180.56,239.12
19.52,92.72,73.2,-53.68,-29.28,82.96,-146.4,-92.72,-73.2,24.4,180.56,234.24
-4.88,68.32,73.2,-29.28,-39.04,68.32,-117.12,-78.08,-73.2,48.8,190.32,239.12
0,68.32,68.32,-34.16,-34.16,68.32,-122,-92.72,-97.6,43.92,170.8,234.24
14.64,73.2,58.56,-43.92,-24.4,63.44,-122,-102.48,-117.12,43.92,165.92,219.6
4.88,68.32,63.44,-34.16,-29.28,63.44,-107.36,-87.84,-102.48,53.68,175.68,214.72
-24.4,63.44,87.84,-19.52,-58.56,73.2,-87.84,-58.56,-73.2,73.2,190.32,219.6
-24.4,68.32,92.72,-19.52,-58.56,78.08,-73.2,-29.28,-43.92,87.84,195.2,214.72
-34.16,68.32,102.48,-14.64,-68.32,82.96,-68.32,-19.52,-29.28,97.6,190.32,209.84
-24.4,58.56,82.96,-14.64,-53.68,68.32,-63.44,-24.4,-43.92,87.84,175.68,195.2
-19.52,48.8,68.32,-14.64,-43.92,58.56,-63.44,-29.28,-68.32,73.2,156.16,175.68
-24.4,39.04,63.44,-4.88,-43.92,48.8,-58.56,-29.28,-78.08,63.44,146.4,170.8
-4.88,29.28,34.16,-9.76,-19.52,29.28,-48.8,-14.64,-73.2,53.68,141.52,170.8
-14.64,34.16,48.8,-9.76,-34.16,39.04,-48.8,-4.88,-53.68,53.68,141.52,175.68
-19.52,39.04,58.56,-9.76,-39.04,48.8,-39.04,4.88,-39.04,73.2,146.4,175.68
-29.28,48.8,78.08,-9.76,-53.68,63.44,-29.28,29.28,-24.4,87.84,151.28,170.8
-43.92,39.04,82.96,4.88,-63.44,58.56,-9.76,34.16,-24.4,92.72,151.28,170.8
-34.16,29.28,63.44,4.88,-48.8,43.92,-9.76,14.64,-53.68,78.08,136.64,151.28
-34.16,24.4,58.56,4.88,-48.8,39.04,-9.76,0,-73.2,73.2,122,136.64
-34.16,19.52,53.68,9.76,-43.92,34.16,-4.88,0,-68.32,63.44,112.24,131.76
-39.04,14.64,53.68,14.64,-48.8,34.16,0,14.64,-68.32,63.44,112.24,131.76
-53.68,9.76,63.44,24.4,-58.56,34.16,4.88,34.16,-53.68,73.2,112.24,136.64
-68.32,9.76,78.08,29.28,-73.2,43.92,14.64,39.04,-68.32,78.08,117.12,136.64
-92.72,0,92.72,48.8,-92.72,43.92,9.76,39.04,-82.96,78.08,122,136.64
-78.08,4.88,82.96,39.04,-82.96,43.92,4.88,34.16,-43.92,78.08,122,131.76
-58.56,19.52,78.08,19.52,-68.32,48.8,0,29.28,-19.52,82.96,117.12,117.12
-43.92,19.52,63.44,14.64,-53.68,39.04,0,29.28,-43.92,73.2,112.24,107.36
-43.92,14.64,58.56,14.64,-53.68,34.16,-14.64,24.4,-43.92,68.32,97.6,102.48
-48.8,14.64,63.44,19.52,-58.56,39.04,-4.88,29.28,-53.68,73.2,97.6,107.36
-63.44,0,63.44,34.16,-63.44,29.28,-4.88,29.28,-78.08,63.44,92.72,112.24
-43.92,9.76,53.68,19.52,-48.8,29.28,-9.76,24.4,-92.72,48.8,87.84,112.24
-24.4,14.64,39.04,4.88,-34.16,24.4,-29.28,4.88,-78.08,39.04,78.08,107.36
-34.16,0,34.16,19.52,-34.16,14.64,-34.16,-9.76,-82.96,39.04,68.32,97.6
-43.92,-4.88,39.04,24.4,-43.92,14.64,-39.04,14.64,-63.44,53.68,87.84,107.36
-63.44,4.88,68.32,29.28,-68.32,34.16,-34.16,39.04,-48.8,73.2,97.6,117.12
-68.32,9.76,78.08,29.28,-73.2,43.92,-39.04,39.04,-53.68,73.2,102.48,117.12
-68.32,14.64,82.96,29.28,-78.08,48.8,-34.16,39.04,-53.68,73.2,107.36,117.12
-58.56,9.76,68.32,24.4,-63.44,39.04,-39.04,29.28,-48.8,73.2,107.36,117.12
-48.8,9.76,58.56,19.52,-53.68,34.16,-43.92,14.64,-68.32,58.56,87.84,107.36
-39.04,9.76,48.8,14.64,-43.92,29.28,-53.68,4.88,-73.2,34.16,73.2,102.48
-43.92,0,43.92,24.4,-43.92,19.52,-48.8,14.64,-63.44,34.16,73.2,102.48
-43.92,4.88,48.8,19.52,-48.8,24.4,-48.8,9.76,-68.32,29.28,68.32,97.6
-48.8,0,48.8,24.4,-48.8,24.4,-39.04,9.76,-73.2,34.16,63.44,107.36
-53.68,-19.52,34.16,39.04,-43.92,4.88,-34.16,0,-82.96,19.52,53.68,117.12
-78.08,-24.4,53.68,53.68,-68.32,14.64,-24.4,9.76,-87.84,29.28,53.68,117.12
-87.84,-24.4,63.44,58.56,-78.08,19.52,-19.52,4.88,-87.84,29.28,53.68,112.24
-73.2,-14.64,58.56,43.92,-68.32,19.52,-24.4,-4.88,-97.6,24.4,53.68,107.36
-78.08,-14.64,63.44,48.8,-73.2,24.4,-19.52,-4.88,-87.84,29.28,58.56,122
-78.08,-9.76,68.32,43.92,-73.2,29.28,-14.64,-9.76,-87.84,29.28,53.68,112.24
-73.2,-4.88,68.32,39.04,-73.2,29.28,-9.76,0,-78.08,39.04,58.56,117.12
-68.32,-14.64,53.68,43.92,-63.44,19.52,-14.64,-9.76,-97.6,29.28,53.68,117.12
-73.2,-29.28,43.92,53.68,-58.56,4.88,-24.4,-19.52,-117.12,24.4,53.68,122
-68.32,-39.04,29.28,53.68,-48.8,-4.88,-24.4,-9.76,-107.36,19.52,53.68,122
-68.32,-43.92,24.4,58.56,-48.8,-9.76,-39.04,-14.64,-92.72,9.76,43.92,117.12
-68.32,-29.28,39.04,48.8,-53.68,4.88,-34.16,-9.76,-82.96,29.28,53.68,122
-73.2,-34.16,39.04,53.68,-58.56,0,-34.16,-4.88,-73.2,43.92,58.56,131.76
-68.32,-43.92,24.4,58.56,-48.8,-9.76,-39.04,-4.88,-82.96,34.16,53.68,136.64
-58.56,-39.04,19.52,48.8,-39.04,-9.76,-48.8,-4.88,-82.96,24.4,58.56,136.64
-63.44,-43.92,19.52,53.68,-43.92,-14.64,-48.8,0,-82.96,34.16,63.44,146.4
-68.32,-43.92,24.4,58.56,-48.8,-9.76,-48.8,4.88,-92.72,34.16,58.56,141.52
-58.56,-39.04,19.52,48.8,-39.04,-9.76,-63.44,0,-102.48,24.4,53.68,136.64
-68.32,-48.8,19.52,58.56,-43.92,-14.64,-73.2,-14.64,-97.6,19.52,39.04,131.76
-73.2,-53.68,19.52,63.44,-48.8,-19.52,-68.32,0,-78.08,29.28,43.92,136.64
-68.32,-48.8,19.52,58.56,-43.92,-14.64,-78.08,14.64,-63.44,29.28,48.8,136.64
-73.2,-53.68,19.52,63.44,-48.8,-19.52,-78.08,19.52,-68.32,43.92,63.44,141.52
-58.56,-48.8,9.76,53.68,-34.16,-19.52,-87.84,19.52,-58.56,43.92,53.68,136.64
-58.56,-53.68,4.88,58.56,-34.16,-24.4,-97.6,14.64,-48.8,39.04,63.44,126.88
-63.44,-39.04,24.4,53.68,-43.92,-9.76,-112.24,19.52,-48.8,39.04,58.56,122
-68.32,-43.92,24.4,58.56,-48.8,-9.76,-92.72,43.92,-34.16,53.68,68.32,122
-82.96,-53.68,29.28,68.32,-58.56,-14.64,-78.08,39.04,-39.04,53.68,58.56,92.72
-63.44,-43.92,19.52,53.68,-43.92,-14.64,-73.2,24.4,-34.16,53.68,63.44,78.08
-63.44,-48.8,14.64,58.56,-39.04,-19.52,-78.08,24.4,-19.52,63.44,58.56,82.96
-63.44,-73.2,-9.76,68.32,-29.28,-43.92,-87.84,24.4,-39.04,53.68,43.92,117.12
-63.44,-73.2,-9.76,68.32,-29.28,-43.92,-87.84,24.4,-43.92,53.68,39.04,156.16
-43.92,-43.92,0,43.92,-24.4,-24.4,-68.32,39.04,-29.28,68.32,53.68,165.92
-53.68,-43.92,9.76,48.8,-34.16,-19.52,-43.92,43.92,-19.52,87.84,58.56,190.32
-68.32,-53.68,14.64,63.44,-43.92,-19.52,-39.04,48.8,-19.52,87.84,63.44,190.32
-78.08,-63.44,14.64,73.2,-48.8,-24.4,-29.28,53.68,-19.52,87.84,53.68,204.96
-73.2,-53.68,19.52,63.44,-48.8,-19.52,-14.64,58.56,-19.52,87.84,53.68,204.96
-58.56,-48.8,9.76,53.68,-34.16,-19.52,-24.4,43.92,-24.4,73.2,43.92,190.32
-63.44,-63.44,0,63.44,-34.16,-34.16,-29.28,39.04,-14.64,68.32,34.16,185.44
-68.32,-63.44,4.88,68.32,-39.04,-29.28,-24.4,43.92,-4.88,78.08,29.28,195.2
-78.08,-73.2,4.88,78.08,-43.92,-34.16,-19.52,39.04,-19.52,87.84,29.28,190.32
-92.72,-73.2,19.52,82.96,-58.56,-29.28,-14.64,48.8,-24.4,97.6,39.04,195.2
-97.6,-68.32,29.28,82.96,-63.44,-19.52,-9.76,58.56,-34.16,97.6,39.04,204.96
-92.72,-68.32,24.4,82.96,-58.56,-24.4,-19.52,63.44,-14.64,97.6,43.92,200.08
-82.96,-63.44,19.52,73.2,-53.68,-24.4,-19.52,63.44,9.76,102.48,48.8,200.08
-92.72,-68.32,24.4,82.96,-58.56,-24.4,-29.28,63.44,-9.76,97.6,43.92,200.08
-97.6,-73.2,24.4,87.84,-63.44,-24.4,-34.16,48.8,-24.4,92.72,39.04,195.2
-78.08,-73.2,4.88,78.08,-43.92,-34.16,-34.16,58.56,4.88,102.48,39.04,195.2
-73.2,-78.08,-4.88,78.08,-34.16,-43.92,-43.92,58.56,9.76,102.48,29.28,190.32
-63.44,-87.84,-24.4,78.08,-19.52,-58.56,-58.56,29.28,-24.4,82.96,9.76,180.56
-53.68,-73.2,-19.52,63.44,-19.52,-48.8,-53.68,29.28,-43.92,78.08,4.88,170.8
-68.32,-68.32,0,68.32,-34.16,-34.16,-43.92,53.68,-29.28,97.6,19.52,185.44
-82.96,-63.44,19.52,73.2,-53.68,-24.4,-29.28,73.2,-9.76,102.48,34.16,200.08
-102.48,-63.44,39.04,82.96,-73.2,-14.64,-19.52,82.96,29.28,117.12,43.92,209.84
-97.6,-63.44,34.16,82.96,-68.32,-14.64,-24.4,87.84,39.04,126.88,43.92,204.96
-87.84,-58.56,29.28,73.2,-58.56,-14.64,-19.52,78.08,29.28,126.88,34.16,204.96
-87.84,-68.32,19.52,78.08,-53.68,-24.4,-24.4,63.44,-9.76,117.12,29.28,195.2
-68.32,-68.32,0,68.32,-34.16,-34.16,-29.28,48.8,-48.8,107.36,24.4,190.32
-63.44,-78.08,-14.64,73.2,-24.4,-48.8,-24.4,53.68,-43.92,92.72,24.4,185.44
-68.32,-92.72,-24.4,82.96,-24.4,-58.56,-24.4,39.04,-24.4,82.96,14.64,175.68
-73.2,-87.84,-14.64,82.96,-29.28,-53.68,-19.52,39.04,-14.64,97.6,24.4,170.8
-78.08,-73.2,4.88,78.08,-43.92,-34.16,-9.76,53.68,-19.52,107.36,29.28,185.44
-78.08,-73.2,4.88,78.08,-43.92,-34.16,0,53.68,-19.52,112.24,34.16,180.56
-58.56,-63.44,-4.88,63.44,-29.28,-34.16,9.76,63.44,0,126.88,43.92,185.44
-63.44,-63.44,0,63.44,-34.16,-34.16,0,53.68,4.88,126.88,34.16,170.8
-63.44,-68.32,-4.88,68.32,-29.28,-39.04,-4.88,43.92,4.88,122,24.4,161.04
-63.44,-68.32,-4.88,68.32,-29.28,-39.04,14.64,48.8,9.76,126.88,29.28,165.92
-73.2,-73.2,0,73.2,-39.04,-39.04,14.64,39.04,-4.88,122,24.4,161.04
-82.96,-73.2,9.76,78.08,-48.8,-34.16,14.64,39.04,-14.64,117.12,14.64,161.04
-92.72,-78.08,14.64,87.84,-53.68,-34.16,9.76,39.04,-14.64,112.24,4.88,165.92
-92.72,-58.56,34.16,78.08,-63.44,-14.64,9.76,53.68,-9.76,112.24,14.64,175.68
-87.84,-58.56,29.28,73.2,-58.56,-14.64,9.76,39.04,-24.4,97.6,14.64,185.44
-82.96,-63.44,19.52,73.2,-53.68,-24.4,-4.88,19.52,-53.68,87.84,9.76,185.44
-82.96,-68.32,14.64,78.08,-48.8,-29.28,-9.76,9.76,-53.68,97.6,14.64,190.32
-82.96,-68.32,14.64,78.08,-48.8,-29.28,-14.64,14.64,-29.28,107.36,24.4,200.08
-68.32,-63.44,4.88,68.32,-39.04,-29.28,-19.52,14.64,-24.4,97.6,9.76,195.2
-58.56,-58.56,0,58.56,-29.28,-29.28,-14.64,19.52,-19.52,102.48,9.76,200.08
-73.2,-73.2,0,73.2,-39.04,-39.04,-9.76,24.4,-9.76,107.36,4.88,195.2
-68.32,-73.2,-4.88,73.2,-34.16,-39.04,-9.76,29.28,-14.64,112.24,0,190.32
-78.08,-73.2,4.88,78.08,-43.92,-34.16,-4.88,24.4,-19.52,112.24,-4.88,185.44
-92.72,-82.96,9.76,87.84,-53.68,-39.04,0,19.52,-39.04,117.12,4.88,185.44
-82.96,-73.2,9.76,78.08,-48.8,-34.16,-9.76,0,-53.68,107.36,-4.88,180.56
-82.96,-68.32,14.64,78.08,-48.8,-29.28,-29.28,-14.64,-43.92,102.48,-4.88,175.68
-87.84,-78.08,9.76,82.96,-48.8,-34.16,-34.16,-4.88,-24.4,112.24,-4.88,170.8
-92.72,-73.2,19.52,82.96,-58.56,-29.28,-24.4,19.52,4.88,136.64,4.88,180.56
-92.72,-63.44,29.28,78.08,-63.44,-19.52,-19.52,43.92,39.04,151.28,29.28,190.32
-97.6,-63.44,34.16,82.96,-68.32,-14.64,-24.4,48.8,53.68,161.04,43.92,190.32
-92.72,-58.56,34.16,78.08,-63.44,-14.64,-19.52,39.04,29.28,161.04,29.28,190.32
-92.72,-63.44,29.28,78.08,-63.44,-19.52,-19.52,19.52,-14.64,146.4,9.76,190.32
-87.84,-53.68,34.16,73.2,-63.44,-9.76,-24.4,4.88,-43.92,126.88,4.88,190.32
-73.2,-58.56,14.64,68.32,-43.92,-24.4,-29.28,9.76,-39.04,117.12,4.88,190.32
-68.32,-68.32,0,68.32,-34.16,-34.16,-39.04,0,-39.04,97.6,-4.88,180.56
-68.32,-73.2,-4.88,73.2,-34.16,-39.04,-24.4,19.52,-19.52,107.36,4.88,185.44
-78.08,-78.08,0,78.08,-39.04,-39.04,-19.52,24.4,-9.76,117.12,9.76,180.56
-92.72,-78.08,14.64,87.84,-53.68,-34.16,-9.76,24.4,-4.88,131.76,9.76,175.68
-82.96,-68.32,14.64,78.08,-48.8,-29.28,-9.76,29.28,9.76,131.76,4.88,175.68
-73.2,-63.44,9.76,68.32,-43.92,-29.28,-19.52,9.76,-4.88,126.88,0,165.92
-78.08,-58.56,19.52,68.32,-48.8,-19.52,-9.76,0,4.88,136.64,4.88,165.92
-78.08,-63.44,14.64,73.2,-48.8,-24.4,-19.52,0,-14.64,122,-9.76,156.16
-73.2,-68.32,4.88,73.2,-39.04,-34.16,-14.64,-14.64,-53.68,102.48,-29.28,141.52
-58.56,-58.56,0,58.56,-29.28,-29.28,-4.88,-9.76,-53.68,102.48,-24.4,141.52
-58.56,-53.68,4.88,58.56,-34.16,-24.4,0,-4.88,-34.16,92.72,-29.28,136.64
-68.32,-53.68,14.64,63.44,-43.92,-19.52,-4.88,0,-29.28,102.48,-24.4,146.4
-68.32,-58.56,9.76,63.44,-39.04,-24.4,-14.64,-4.88,-34.16,112.24,-24.4,156.16
-68.32,-58.56,9.76,63.44,-39.04,-24.4,-14.64,-4.88,-29.28,112.24,-24.4,156.16
-68.32,-48.8,19.52,58.56,-43.92,-14.64,-9.76,9.76,-19.52,117.12,-14.64,161.04
-82.96,-58.56,24.4,73.2,-53.68,-19.52,0,24.4,-14.64,126.88,-4.88,170.8
-102.48,-63.44,39.04,82.96,-73.2,-14.64,0,34.16,-24.4,126.88,-4.88,170.8
-107.36,-63.44,43.92,87.84,-78.08,-9.76,0,34.16,-14.64,122,-4.88,170.8
-92.72,-63.44,29.28,78.08,-63.44,-19.52,-9.76,29.28,-4.88,117.12,-9.76,165.92
-82.96,-78.08,4.88,82.96,-43.92,-39.04,-9.76,24.4,-4.88,112.24,-14.64,161.04
-92.72,-73.2,19.52,82.96,-58.56,-29.28,-9.76,29.28,0,117.12,-9.76,161.04
-78.08,-63.44,14.64,73.2,-48.8,-24.4,-19.52,34.16,9.76,122,-9.76,161.04
-73.2,-63.44,9.76,68.32,-43.92,-29.28,-19.52,53.68,24.4,146.4,0,165.92
-82.96,-58.56,24.4,73.2,-53.68,-19.52,-24.4,78.08,48.8,156.16,9.76,161.04
-92.72,-53.68,39.04,73.2,-68.32,-9.76,-29.28,73.2,39.04,151.28,9.76,156.16
-82.96,-58.56,24.4,73.2,-53.68,-19.52,-24.4,48.8,0,131.76,-4.88,151.28
-63.44,-68.32,-4.88,68.32,-29.28,-39.04,-29.28,24.4,-24.4,112.24,-29.28,136.64
-73.2,-68.32,4.88,73.2,-39.04,-34.16,-24.4,19.52,-24.4,107.36,-29.28,136.64
-97.6,-63.44,34.16,82.96,-68.32,-14.64,-9.76,29.28,-14.64,122,-19.52,146.4
-82.96,-63.44,19.52,73.2,-53.68,-24.4,-9.76,24.4,-19.52,112.24,-34.16,126.88
-73.2,-63.44,9.76,68.32,-43.92,-29.28,-9.76,24.4,-24.4,107.36,-39.04,126.88
-63.44,-68.32,-4.88,68.32,-29.28,-39.04,-19.52,4.88,-48.8,92.72,-53.68,112.24
-73.2,-73.2,0,73.2,-39.04,-39.04,-4.88,14.64,-34.16,97.6,-53.68,112.24
-87.84,-63.44,24.4,78.08,-58.56,-19.52,19.52,39.04,-9.76,112.24,-39.04,122
-122,-58.56,63.44,92.72,-92.72,0,29.28,63.44,4.88,126.88,-29.28,126.88
-117.12,-58.56,58.56,87.84,-87.84,0,29.28,63.44,0,126.88,-24.4,122
-102.48,-63.44,39.04,82.96,-73.2,-14.64,34.16,58.56,4.88,126.88,-24.4,117.12
-87.84,-73.2,14.64,82.96,-53.68,-29.28,19.52,29.28,4.88,112.24,-43.92,92.72
-73.2,-63.44,9.76,68.32,-43.92,-29.28,29.28,29.28,14.64,122,-39.04,97.6
-68.32,-53.68,14.64,63.44,-43.92,-19.52,29.28,34.16,14.64,122,-43.92,97.6
-78.08,-53.68,24.4,68.32,-53.68,-14.64,29.28,24.4,0,117.12,-43.92,97.6
-63.44,-53.68,9.76,58.56,-39.04,-24.4,24.4,19.52,-19.52,107.36,-48.8,97.6
-68.32,-53.68,14.64,63.44,-43.92,-19.52,24.4,19.52,-14.64,107.36,-58.56,92.72
-68.32,-63.44,4.88,68.32,-39.04,-29.28,39.04,39.04,14.64,112.24,-48.8,97.6
-58.56,-58.56,0,58.56,-29.28,-29.28,34.16,34.16,-9.76,112.24,-48.8,87.84
-53.68,-63.44,-9.76,58.56,-24.4,-39.04,34.16,24.4,-19.52,102.48,-53.68,82.96
-53.68,-63.44,-9.76,58.56,-24.4,-39.04,48.8,34.16,-4.88,107.36,-43.92,82.96
-73.2,-68.32,4.88,73.2,-39.04,-34.16,53.68,39.04,14.64,107.36,-39.04,78.08
-87.84,-82.96,4.88,87.84,-48.8,-39.04,43.92,29.28,14.64,107.36,-39.04,73.2
-92.72,-82.96,9.76,87.84,-53.68,-39.04,39.04,34.16,19.52,107.36,-43.92,68.32
-92.72,-92.72,0,92.72,-48.8,-48.8,24.4,34.16,14.64,92.72,-53.68,48.8
-92.72,-87.84,4.88,92.72,-48.8,-43.92,19.52,29.28,-4.88,92.72,-58.56,53.68
-87.84,-78.08,9.76,82.96,-48.8,-34.16,19.52,24.4,-29.28,97.6,-53.68,53.68
-78.08,-68.32,9.76,73.2,-43.92,-29.28,4.88,24.4,-4.88,102.48,-53.68,48.8
-78.08,-63.44,14.64,73.2,-48.8,-24.4,-4.88,24.4,4.88,102.48,-53.68,48.8
-68.32,-73.2,-4.88,73.2,-34.16,-39.04,-14.64,14.64,0,97.6,-58.56,53.68
-68.32,-82.96,-14.64,78.08,-29.28,-48.8,-9.76,14.64,-9.76,97.6,-63.44,43.92
-87.84,-92.72,-4.88,92.72,-43.92,-48.8,-4.88,14.64,-19.52,92.72,-68.32,39.04
-112.24,-102.48,9.76,107.36,-63.44,-48.8,-9.76,9.76,-29.28,92.72,-68.32,29.28
-82.96,-68.32,14.64,78.08,-48.8,-29.28,0,19.52,-4.88,97.6,-63.44,34.16
-78.08,-68.32,9.76,73.2,-43.92,-29.28,0,4.88,-4.88,87.84,-68.32,24.4
-82.96,-78.08,4.88,82.96,-43.92,-39.04,-14.64,-9.76,-9.76,78.08,-78.08,0
-68.32,-82.96,-14.64,78.08,-29.28,-48.8,-9.76,-4.88,-4.88,78.08,-78.08,9.76
-63.44,-82.96,-19.52,73.2,-24.4,-53.68,-9.76,4.88,4.88,82.96,-78.08,19.52
-78.08,-82.96,-4.88,82.96,-39.04,-43.92,-4.88,19.52,24.4,92.72,-68.32,34.16
-97.6,-78.08,19.52,87.84,-58.56,-29.28,4.88,19.52,29.28,92.72,-63.44,48.8
-92.72,-87.84,4.88,92.72,-48.8,-43.92,4.88,9.76,0,73.2,-78.08,43.92
-78.08,-92.72,-14.64,87.84,-34.16,-53.68,-9.76,0,-39.04,53.68,-92.72,34.16
-68.32,-87.84,-19.52,78.08,-24.4,-53.68,-4.88,0,-34.16,53.68,-87.84,34.16
-82.96,-92.72,-9.76,87.84,-39.04,-53.68,4.88,19.52,24.4,63.44,-73.2,48.8
-82.96,-82.96,0,82.96,-43.92,-43.92,4.88,14.64,34.16,58.56,-73.2,43.92
-78.08,-82.96,-4.88,82.96,-39.04,-43.92,-4.88,0,19.52,48.8,-82.96,29.28
-82.96,-87.84,-4.88,87.84,-39.04,-48.8,4.88,-4.88,4.88,48.8,-87.84,19.52
-82.96,-82.96,0,82.96,-43.92,-43.92,14.64,0,-4.88,58.56,-82.96,24.4
-78.08,-87.84,-9.76,82.96,-34.16,-48.8,4.88,-14.64,-24.4,43.92,-92.72,14.64
-68.32,-78.08,-9.76,73.2,-29.28,-43.92,9.76,-4.88,-34.16,43.92,-87.84,9.76
-82.96,-78.08,4.88,82.96,-43.92,-39.04,29.28,-4.88,-29.28,48.8,-78.08,14.64
-107.36,-87.84,19.52,97.6,-63.44,-34.16,24.4,-14.64,-4.88,43.92,-73.2,19.52
-92.72,-82.96,9.76,87.84,-53.68,-39.04,29.28,-14.64,9.76,43.92,-68.32,24.4
-87.84,-73.2,14.64,82.96,-53.68,-29.28,29.28,0,14.64,48.8,-63.44,29.28
-87.84,-73.2,14.64,82.96,-53.68,-29.28,19.52,-4.88,-14.64,29.28,-78.08,19.52
-78.08,-78.08,0,78.08,-39.04,-39.04,9.76,-14.64,-34.16,24.4,-92.72,9.76
-78.08,-87.84,-9.76,82.96,-34.16,-48.8,0,-34.16,-43.92,24.4,-92.72,0
-73.2,-87.84,-14.64,82.96,-29.28,-53.68,-14.64,-34.16,-24.4,29.28,-87.84,4.88
-78.08,-78.08,0,78.08,-39.04,-39.04,-29.28,-19.52,9.76,24.4,-82.96,4.88
-82.96,-73.2,9.76,78.08,-48.8,-34.16,-29.28,-4.88,34.16,24.4,-73.2,9.76
-68.32,-68.32,0,68.32,-34.16,-34.16,-19.52,-9.76,24.4,29.28,-73.2,14.64
-92.72,-68.32,24.4,82.96,-58.56,-24.4,-9.76,0,19.52,34.16,-73.2,29.28
-92.72,-68.32,24.4,82.96,-58.56,-24.4,-4.88,4.88,29.28,34.16,-78.08,34.16
-87.84,-68.32,19.52,78.08,-53.68,-24.4,4.88,9.76,39.04,39.04,-78.08,43.92
-92.72,-73.2,19.52,82.96,-58.56,-29.28,-4.88,-9.76,14.64,24.4,-92.72,34.16
-102.48,-68.32,34.16,87.84,-68.32,-19.52,0,-9.76,-14.64,14.64,-92.72,43.92
-82.96,-58.56,24.4,73.2,-53.68,-19.52,9.76,0,-29.28,9.76,-82.96,53.68
-78.08,-63.44,14.64,73.2,-48.8,-24.4,14.64,-9.76,-19.52,0,-87.84,53.68
-63.44,-63.44,0,63.44,-34.16,-34.16,9.76,-19.52,-9.76,-4.88,-92.72,48.8
-68.32,-63.44,4.88,68.32,-39.04,-29.28,0,-29.28,-19.52,-9.76,-97.6,48.8
-73.2,-63.44,9.76,68.32,-43.92,-29.28,9.76,-29.28,-19.52,-14.64,-92.72,48.8
-68.32,-53.68,14.64,63.44,-43.92,-19.52,14.64,-34.16,-14.64,-9.76,-92.72,53.68
-78.08,-58.56,19.52,68.32,-48.8,-19.52,24.4,-29.28,-4.88,-4.88,-92.72,53.68
-73.2,-43.92,29.28,58.56,-53.68,-9.76,24.4,-4.88,14.64,4.88,-87.84,53.68
-68.32,-43.92,24.4,58.56,-48.8,-9.76,29.28,-9.76,0,-4.88,-87.84,43.92
-58.56,-48.8,9.76,53.68,-34.16,-19.52,24.4,-24.4,-4.88,-14.64,-97.6,29.28
-34.16,-48.8,-14.64,43.92,-9.76,-34.16,24.4,-39.04,-29.28,-19.52,-102.48,24.4
-48.8,-48.8,0,48.8,-24.4,-24.4,29.28,-34.16,-24.4,-14.64,-97.6,24.4
-78.08,-53.68,24.4,68.32,-53.68,-14.64,34.16,-19.52,-4.88,-9.76,-92.72,24.4
-73.2,-58.56,14.64,68.32,-43.92,-24.4,39.04,-4.88,9.76,-4.88,-87.84,24.4
-87.84,-58.56,29.28,73.2,-58.56,-14.64,39.04,0,4.88,4.88,-82.96,24.4
-97.6,-48.8,48.8,73.2,-73.2,0,39.04,-4.88,0,4.88,-82.96,29.28
-97.6,-53.68,43.92,78.08,-73.2,-4.88,39.04,-24.4,-4.88,-4.88,-92.72,24.4
-78.08,-48.8,29.28,63.44,-53.68,-9.76,29.28,-24.4,4.88,-14.64,-102.48,9.76
-68.32,-43.92,24.4,58.56,-48.8,-9.76,24.4,-4.88,29.28,-9.76,-97.6,4.88
-73.2,-53.68,19.52,63.44,-48.8,-19.52,29.28,-4.88,19.52,-9.76,-97.6,-9.76
-68.32,-53.68,14.64,63.44,-43.92,-19.52,34.16,-4.88,0,-9.76,-87.84,-9.76
-63.44,-53.68,9.76,58.56,-39.04,-24.4,34.16,-9.76,-9.76,-4.88,-82.96,-9.76
-73.2,-58.56,14.64,68.32,-43.92,-24.4,39.04,-14.64,0,-9.76,-82.96,-24.4
-68.32,-68.32,0,68.32,-34.16,-34.16,43.92,-4.88,43.92,0,-78.08,-19.52
-68.32,-73.2,-4.88,73.2,-34.16,-39.04,39.04,-9.76,58.56,0,-82.96,-29.28
-73.2,-63.44,9.76,68.32,-43.92,-29.28,39.04,-9.76,53.68,0,-82.96,-24.4
-73.2,-58.56,14.64,68.32,-43.92,-24.4,39.04,4.88,43.92,0,-78.08,-14.64
-78.08,-58.56,19.52,68.32,-48.8,-19.52,29.28,9.76,29.28,0,-73.2,-19.52
-58.56,-53.68,4.88,58.56,-34.16,-24.4,9.76,0,14.64,-19.52,-87.84,-39.04
-48.8,-58.56,-9.76,53.68,-19.52,-34.16,4.88,-9.76,43.92,-24.4,-82.96,-43.92
-63.44,-58.56,4.88,63.44,-34.16,-29.28,4.88,-4.88,53.68,-14.64,-78.08,-39.04
-63.44,-43.92,19.52,53.68,-43.92,-14.64,0,0,48.8,-4.88,-73.2,-39.04
-53.68,-43.92,9.76,48.8,-34.16,-19.52,4.88,-4.88,34.16,-4.88,-78.08,-43.92
-63.44,-43.92,19.52,53.68,-43.92,-14.64,14.64,4.88,48.8,4.88,-63.44,-43.92
-68.32,-48.8,19.52,58.56,-43.92,-14.64,4.88,-9.76,53.68,-9.76,-73.2,-58.56
-73.2,-58.56,14.64,68.32,-43.92,-24.4,0,-29.28,48.8,-14.64,-87.84,-73.2
-68.32,-63.44,4.88,68.32,-39.04,-29.28,9.76,-39.04,39.04,-14.64,-92.72,-73.2
-63.44,-63.44,0,63.44,-34.16,-34.16,4.88,-29.28,29.28,-9.76,-87.84,-73.2
-48.8,-68.32,-19.52,58.56,-14.64,-43.92,0,-14.64,19.52,-9.76,-87.84,-78.08
-48.8,-63.44,-14.64,58.56,-19.52,-39.04,4.88,14.64,82.96,24.4,-53.68,-73.2
-43.92,-58.56,-14.64,53.68,-14.64,-39.04,14.64,43.92,131.76,73.2,-9.76,-63.44
-43.92,-43.92,0,43.92,-24.4,-24.4,19.52,58.56,175.68,122,39.04,-39.04
-48.8,-34.16,14.64,43.92,-34.16,-9.76,34.16,78.08,190.32,175.68,107.36,4.88
-39.04,-24.4,14.64,34.16,-29.28,-4.88,14.64,68.32,195.2,209.84,170.8,82.96
19.52,19.52,0,-19.52,9.76,9.76,9.76,63.44,214.72,253.76,278.16,229.36
34.16,24.4,-9.76,-29.28,19.52,4.88,-19.52,43.92,248.88,322.08,419.68,395.28
53.68,14.64,-39.04,-34.16,43.92,-14.64,-39.04,43.92,341.6,463.6,644.16,580.72
92.72,34.16,-58.56,-63.44,73.2,-14.64,-63.44,58.56,483.12,668.56,917.44,814.96
122,73.2,-48.8,-97.6,82.96,9.76,-82.96,102.48,649.04,946.72,1283.44,1166.32
146.4,122,-24.4,-131.76,82.96,48.8,-102.48,117.12,741.76,1117.52,1586,1527.44
161.04,165.92,4.88,-161.04,78.08,82.96,-136.64,73.2,649.04,1058.96,1698.24,1820.24
175.68,200.08,24.4,-185.44,73.2,112.24,-185.44,-9.76,458.72,844.24,1659.2,2044.72
195.2,244,48.8,-219.6,73.2,146.4,-229.36,-107.36,234.24,580.72,1551.84,2225.28
175.68,297.68,122,-234.24,24.4,209.84,-258.64,-204.96,4.88,336.72,1424.96,2313.12
161.04,351.36,190.32,-253.76,-14.64,268.4,-292.8,-297.68,-200.08,107.36,1249.28,2225.28
156.16,395.28,239.12,-273.28,-43.92,317.2,-312.32,-351.36,-346.48,-97.6,1024.8,1966.64
97.6,429.44,331.84,-263.52,-117.12,380.64,-292.8,-341.6,-439.2,-268.4,746.64,1576.24
39.04,322.08,283.04,-180.56,-122,302.56,-219.6,-224.48,-419.68,-385.52,468.48,1083.36
-9.76,156.16,165.92,-73.2,-87.84,161.04,-97.6,-43.92,-370.88,-541.68,68.32,434.32
-68.32,19.52,87.84,24.4,-78.08,53.68,4.88,102.48,-380.64,-736.88,-414.8,-180.56
-97.6,-73.2,24.4,87.84,-63.44,-24.4,63.44,175.68,-434.32,-966.24,-893.04,-649.04
-112.24,-146.4,-34.16,131.76,-39.04,-92.72,82.96,204.96,-522.16,-1176.08,-1288.32,-941.84
-136.64,-219.6,-82.96,180.56,-29.28,-151.28,97.6,209.84,-614.88,-1361.52,-1600.64,-1146.8
-146.4,-273.28,-126.88,209.84,-9.76,-200.08,102.48,141.52,-727.12,-1498.16,-1805.6,-1273.68
-136.64,-297.68,-161.04,219.6,9.76,-229.36,63.44,-39.04,-932.08,-1595.76,-1834.88,-1259.04
-126.88,-317.2,-190.32,224.48,29.28,-253.76,-4.88,-287.92,-1117.52,-1659.2,-1781.2,-1215.12
-126.88,-341.6,-214.72,234.24,43.92,-278.16,-53.68,-473.36,-1220,-1664.08,-1683.6,-1132.16
-151.28,-317.2,-165.92,234.24,4.88,-244,-78.08,-551.44,-1200.48,-1571.36,-1551.84,-1024.8
-165.92,-268.4,-102.48,219.6,-34.16,-185.44,-78.08,-551.44,-1132.16,-1454.24,-1410.32,-917.44
-156.16,-239.12,-82.96,200.08,-39.04,-161.04,-92.72,-541.68,-1044.32,-1317.6,-1293.2,-844.24
-151.28,-204.96,-53.68,180.56,-48.8,-131.76,-87.84,-453.84,-897.92,-1151.68,-1141.92,-746.64
-136.64,-175.68,-39.04,156.16,-48.8,-107.36,-73.2,-361.12,-732,-961.36,-966.24,-639.28
-112.24,-175.68,-63.44,146.4,-24.4,-122,-92.72,-312.32,-605.12,-814.96,-829.6,-561.2
-97.6,-170.8,-73.2,136.64,-14.64,-122,-92.72,-239.12,-488,-688.08,-722.24,-497.76
-82.96,-141.52,-58.56,112.24,-14.64,-102.48,-73.2,-151.28,-370.88,-566.08,-614.88,-434.32
-82.96,-107.36,-24.4,97.6,-29.28,-68.32,-63.44,-122,-273.28,-458.72,-512.4,-366
-68.32,-53.68,14.64,63.44,-43.92,-19.52,-63.44,-136.64,-209.84,-356.24,-409.92,-292.8
-63.44,-34.16,29.28,48.8,-48.8,-4.88,-63.44,-136.64,-180.56,-278.16,-331.84,-234.24
-53.68,-29.28,24.4,43.92,-39.04,-4.88,-63.44,-122,-141.52,-219.6,-278.16,-204.96
-34.16,-19.52,14.64,29.28,-24.4,-4.88,-68.32,-92.72,-82.96,-180.56,-244,-180.56
-24.4,-19.52,4.88,24.4,-14.64,-9.76,-48.8,-63.44,-29.28,-141.52,-204.96,-151.28
-48.8,-34.16,14.64,43.92,-34.16,-9.76,-48.8,-43.92,-9.76,-117.12,-170.8,-136.64
-63.44,-34.16,29.28,48.8,-48.8,-4.88,-58.56,-43.92,-4.88,-92.72,-156.16,-126.88
-53.68,-39.04,14.64,48.8,-34.16,-14.64,-78.08,-39.04,0,-78.08,-141.52,-122
-43.92,-29.28,14.64,39.04,-29.28,-9.76,-97.6,-24.4,24.4,-58.56,-126.88,-117.12
-29.28,-29.28,0,29.28,-14.64,-14.64,-122,-24.4,39.04,-53.68,-112.24,-117.12
-9.76,-24.4,-14.64,19.52,0,-19.52,-117.12,-29.28,34.16,-43.92,-112.24,-117.12
-14.64,-19.52,-4.88,19.52,-4.88,-14.64,-102.48,-29.28,43.92,-34.16,-102.48,-112.24
-34.16,-24.4,9.76,29.28,-24.4,-9.76,-97.6,-29.28,53.68,-39.04,-87.84,-102.48
-9.76,-9.76,0,9.76,-4.88,-4.88,-102.48,-24.4,39.04,-34.16,-78.08,-92.72
-9.76,-19.52,-9.76,14.64,0,-14.64,-97.6,-24.4,19.52,-19.52,-63.44,-82.96
-19.52,-39.04,-19.52,29.28,0,-29.28,-102.48,-34.16,39.04,-4.88,-48.8,-82.96
-14.64,-34.16,-19.52,24.4,0,-29.28,-97.6,-14.64,92.72,9.76,-39.04,-78.08
-4.88,-34.16,-29.28,19.52,9.76,-34.16,-92.72,-9.76,112.24,14.64,-14.64,-73.2
-14.64,-39.04,-24.4,29.28,4.88,-34.16,-78.08,0,117.12,24.4,0,-68.32
-24.4,-19.52,4.88,24.4,-14.64,-9.76,-68.32,4.88,141.52,48.8,14.64,-58.56
-29.28,-29.28,0,29.28,-14.64,-14.64,-53.68,9.76,146.4,58.56,14.64,-63.44
-29.28,-19.52,9.76,24.4,-19.52,-4.88,-58.56,0,117.12,58.56,19.52,-53.68
-19.52,-9.76,9.76,14.64,-14.64,0,-68.32,0,92.72,58.56,24.4,-53.68
-24.4,-19.52,4.88,24.4,-14.64,-9.76,-97.6,-9.76,102.48,43.92,9.76,-58.56
0,-14.64,-14.64,9.76,4.88,-14.64,-112.24,-19.52,87.84,29.28,9.76,-63.44
4.88,-24.4,-29.28,9.76,14.64,-29.28,-107.36,-24.4,82.96,19.52,9.76,-73.2
4.88,-24.4,-29.28,9.76,14.64,-29.28,-92.72,-4.88,112.24,34.16,9.76,-73.2
14.64,-14.64,-29.28,0,19.52,-24.4,-82.96,-4.88,107.36,39.04,9.76,-78.08
14.64,-29.28,-43.92,9.76,29.28,-39.04,-73.2,-9.76,102.48,29.28,9.76,-87.84
14.64,-24.4,-39.04,4.88,24.4,-34.16,-68.32,-9.76,107.36,39.04,9.76,-87.84
14.64,-24.4,-39.04,4.88,24.4,-34.16,-58.56,-14.64,97.6,39.04,14.64,-82.96
0,-34.16,-34.16,19.52,14.64,-34.16,-58.56,-24.4,92.72,43.92,29.28,-82.96
-4.88,-29.28,-24.4,19.52,9.76,-29.28,-53.68,-19.52,117.12,48.8,29.28,-82.96
4.88,-24.4,-29.28,9.76,14.64,-29.28,-68.32,-29.28,112.24,43.92,29.28,-82.96
0,-29.28,-29.28,14.64,14.64,-29.28,-68.32,-24.4,92.72,48.8,29.28,-82.96
14.64,-29.28,-43.92,9.76,29.28,-39.04,-68.32,-14.64,78.08,48.8,34.16,-82.96
14.64,-34.16,-48.8,9.76,29.28,-43.92,-68.32,-19.52,82.96,43.92,34.16,-82.96
0,-34.16,-34.16,19.52,14.64,-34.16,-58.56,-14.64,102.48,63.44,48.8,-73.2
14.64,-24.4,-39.04,4.88,24.4,-34.16,-48.8,-19.52,87.84,68.32,58.56,-73.2
14.64,-29.28,-43.92,9.76,29.28,-39.04,-58.56,-34.16,78.08,58.56,48.8,-87.84
19.52,-34.16,-53.68,9.76,34.16,-43.92,-58.56,-34.16,97.6,53.68,48.8,-87.84
9.76,-48.8,-58.56,19.52,34.16,-53.68,-58.56,-24.4,107.36,63.44,58.56,-87.84
14.64,-48.8,-63.44,19.52,39.04,-58.56,-63.44,-29.28,102.48,68.32,58.56,-87.84
29.28,-34.16,-63.44,4.88,43.92,-48.8,-73.2,-43.92,107.36,63.44,48.8,-97.6
14.64,-34.16,-48.8,9.76,29.28,-43.92,-63.44,-39.04,102.48,63.44,48.8,-97.6
14.64,-19.52,-34.16,4.88,24.4,-29.28,-53.68,-24.4,126.88,82.96,63.44,-97.6
4.88,-14.64,-19.52,4.88,9.76,-19.52,-48.8,-14.64,141.52,92.72,68.32,-87.84
-9.76,-19.52,-9.76,14.64,0,-14.64,-53.68,-14.64,141.52,102.48,73.2,-87.84
0,-24.4,-24.4,14.64,9.76,-24.4,-43.92,-9.76,136.64,97.6,82.96,-92.72
0,-34.16,-34.16,19.52,14.64,-34.16,-48.8,-29.28,117.12,82.96,78.08,-97.6
4.88,-48.8,-53.68,24.4,29.28,-53.68,-58.56,-39.04,92.72,58.56,58.56,-112.24
14.64,-48.8,-63.44,19.52,39.04,-58.56,-39.04,-34.16,92.72,68.32,73.2,-102.48
9.76,-48.8,-58.56,19.52,34.16,-53.68,-34.16,-43.92,87.84,63.44,68.32,-107.36
14.64,-43.92,-58.56,14.64,34.16,-53.68,-48.8,-58.56,78.08,58.56,53.68,-117.12
19.52,-39.04,-58.56,9.76,39.04,-48.8,-48.8,-63.44,73.2,58.56,58.56,-117.12
0,-34.16,-34.16,19.52,14.64,-34.16,-53.68,-68.32,82.96,63.44,58.56,-117.12
9.76,-29.28,-39.04,9.76,24.4,-34.16,-48.8,-53.68,82.96,58.56,63.44,-112.24
14.64,-34.16,-48.8,9.76,29.28,-43.92,-43.92,-43.92,82.96,73.2,68.32,-102.48
14.64,-34.16,-48.8,9.76,29.28,-43.92,-29.28,-34.16,102.48,87.84,92.72,-87.84
4.88,-29.28,-34.16,14.64,19.52,-34.16,-34.16,-39.04,102.48,97.6,102.48,-73.2
14.64,-34.16,-48.8,9.76,29.28,-43.92,-48.8,-73.2,97.6,87.84,97.6,-73.2
14.64,-29.28,-43.92,9.76,29.28,-39.04,-58.56,-73.2,107.36,92.72,102.48,-73.2
4.88,-29.28,-34.16,14.64,19.52,-34.16,-68.32,-58.56,117.12,92.72,97.6,-73.2
-14.64,-43.92,-29.28,29.28,4.88,-39.04,-82.96,-63.44,112.24,97.6,92.72,-63.44
0,-43.92,-43.92,24.4,19.52,-43.92,-87.84,-58.56,92.72,87.84,82.96,-63.44
19.52,-29.28,-48.8,4.88,34.16,-39.04,-87.84,-68.32,63.44,73.2,78.08,-63.44
29.28,-29.28,-58.56,0,43.92,-43.92,-87.84,-78.08,48.8,58.56,68.32,-68.32
39.04,-29.28,-68.32,-4.88,53.68,-48.8,-73.2,-78.08,48.8,73.2,87.84,-53.68
39.04,-29.28,-68.32,-4.88,53.68,-48.8,-68.32,-68.32,68.32,78.08,102.48,-48.8
34.16,-24.4,-58.56,-4.88,43.92,-43.92,-68.32,-68.32,102.48,92.72,112.24,-39.04
34.16,-29.28,-63.44,0,48.8,-48.8,-63.44,-48.8,117.12,107.36,117.12,-29.28
19.52,-19.52,-39.04,0,29.28,-29.28,-58.56,-39.04,122,117.12,131.76,-9.76
19.52,-9.76,-29.28,-4.88,24.4,-19.52,-58.56,-39.04,131.76,126.88,136.64,-4.88
24.4,-9.76,-34.16,-4.88,29.28,-24.4,-73.2,-53.68,126.88,117.12,117.12,-14.64
19.52,-19.52,-39.04,0,29.28,-29.28,-73.2,-48.8,122,117.12,117.12,-19.52
24.4,-9.76,-34.16,-4.88,29.28,-24.4,-78.08,-39.04,131.76,117.12,117.12,-14.64
19.52,-9.76,-29.28,-4.88,24.4,-19.52,-68.32,-43.92,131.76,122,112.24,-19.52
29.28,-9.76,-39.04,-9.76,34.16,-24.4,-53.68,-53.68,122,122,122,-14.64
53.68,-14.64,-68.32,-19.52,58.56,-43.92,-43.92,-68.32,112.24,117.12,122,-19.52
58.56,-14.64,-73.2,-19.52,63.44,-43.92,-58.56,-63.44,112.24,122,131.76,-14.64
43.92,-9.76,-53.68,-14.64,48.8,-34.16,-43.92,-43.92,112.24,131.76,141.52,4.88
19.52,-4.88,-24.4,-4.88,19.52,-14.64,-29.28,-34.16,122,141.52,161.04,14.64
14.64,4.88,-9.76,-9.76,9.76,-4.88,-34.16,-34.16,146.4,136.64,156.16,9.76
24.4,19.52,-4.88,-19.52,14.64,4.88,-19.52,-24.4,180.56,156.16,165.92,24.4
39.04,9.76,-29.28,-24.4,34.16,-9.76,-19.52,-24.4,180.56,156.16,156.16,14.64
58.56,9.76,-48.8,-34.16,53.68,-19.52,-24.4,-29.28,151.28,151.28,151.28,4.88
73.2,9.76,-63.44,-39.04,68.32,-29.28,-24.4,-43.92,112.24,141.52,146.4,4.88
73.2,9.76,-63.44,-39.04,68.32,-29.28,-29.28,-63.44,68.32,131.76,146.4,9.76
68.32,4.88,-63.44,-34.16,63.44,-29.28,-19.52,-63.44,97.6,131.76,165.92,19.52
63.44,4.88,-58.56,-34.16,58.56,-29.28,-24.4,-53.68,146.4,146.4,170.8,24.4
63.44,4.88,-58.56,-34.16,58.56,-29.28,-24.4,-58.56,146.4,146.4,165.92,24.4
63.44,9.76,-53.68,-34.16,58.56,-24.4,-24.4,-53.68,146.4,141.52,165.92,29.28
43.92,4.88,-39.04,-24.4,39.04,-19.52,-29.28,-53.68,131.76,136.64,165.92,34.16
68.32,34.16,-34.16,-48.8,48.8,0,-29.28,-43.92,136.64,151.28,175.68,43.92
73.2,24.4,-48.8,-48.8,58.56,-14.64,-43.92,-68.32,112.24,136.64,165.92,34.16
78.08,19.52,-58.56,-48.8,68.32,-19.52,-63.44,-87.84,107.36,126.88,161.04,24.4
87.84,24.4,-63.44,-53.68,73.2,-19.52,-78.08,-87.84,107.36,122,161.04,29.28
73.2,19.52,-53.68,-43.92,63.44,-19.52,-78.08,-87.84,102.48,131.76,170.8,34.16
73.2,34.16,-39.04,-53.68,53.68,-4.88,-78.08,-73.2,112.24,136.64,185.44,39.04
82.96,34.16,-48.8,-58.56,63.44,-9.76,-92.72,-78.08,126.88,141.52,190.32,48.8
78.08,29.28,-48.8,-53.68,63.44,-9.76,-102.48,-87.84,122,131.76,180.56,53.68
87.84,29.28,-58.56,-58.56,73.2,-14.64,-87.84,-82.96,126.88,141.52,180.56,53.68
82.96,19.52,-63.44,-48.8,73.2,-24.4,-87.84,-82.96,122,131.76,180.56,53.68
73.2,24.4,-48.8,-48.8,58.56,-14.64,-102.48,-97.6,112.24,126.88,170.8,48.8
78.08,29.28,-48.8,-53.68,63.44,-9.76,-97.6,-102.48,97.6,122,170.8,53.68
63.44,29.28,-34.16,-43.92,48.8,-4.88,-102.48,-107.36,82.96,122,165.92,48.8
73.2,34.16,-39.04,-53.68,53.68,-4.88,-112.24,-117.12,68.32,112.24,165.92,48.8
97.6,43.92,-53.68,-68.32,73.2,-4.88,-112.24,-126.88,73.2,107.36,165.92,53.68
87.84,39.04,-48.8,-63.44,68.32,-4.88,-122,-136.64,68.32,107.36,165.92,58.56
97.6,53.68,-43.92,-73.2,68.32,4.88,-131.76,-136.64,53.68,112.24,175.68,63.44
92.72,48.8,-43.92,-68.32,68.32,0,-126.88,-156.16,48.8,107.36,165.92,68.32
82.96,48.8,-34.16,-63.44,58.56,4.88,-131.76,-156.16,48.8,102.48,161.04,68.32
82.96,53.68,-29.28,-68.32,53.68,9.76,-136.64,-175.68,39.04,92.72,161.04,68.32
87.84,53.68,-34.16,-68.32,58.56,9.76,-151.28,-185.44,34.16,82.96,146.4,63.44
97.6,53.68,-43.92,-73.2,68.32,4.88,-146.4,-190.32,24.4,78.08,136.64,63.44
102.48,53.68,-48.8,-78.08,73.2,0,-156.16,-200.08,9.76,73.2,122,58.56
97.6,53.68,-43.92,-73.2,68.32,4.88,-165.92,-200.08,14.64,78.08,126.88,73.2
107.36,63.44,-43.92,-82.96,73.2,9.76,-151.28,-204.96,9.76,82.96,131.76,78.08
107.36,63.44,-43.92,-82.96,73.2,9.76,-141.52,-209.84,-9.76,58.56,122,68.32
112.24,63.44,-48.8,-87.84,78.08,4.88,-151.28,-214.72,-19.52,53.68,117.12,63.44
102.48,58.56,-43.92,-78.08,73.2,4.88,-136.64,-209.84,0,63.44,122,68.32
92.72,58.56,-34.16,-73.2,63.44,9.76,-131.76,-200.08,9.76,68.32,136.64,73.2
87.84,68.32,-19.52,-78.08,53.68,24.4,-141.52,-204.96,-9.76,58.56,131.76,68.32
87.84,73.2,-14.64,-78.08,48.8,29.28,-161.04,-214.72,-19.52,53.68,122,78.08
68.32,58.56,-9.76,-63.44,39.04,24.4,-151.28,-214.72,-19.52,53.68,122,78.08
63.44,53.68,-9.76,-58.56,34.16,19.52,-156.16,-209.84,-9.76,68.32,131.76,82.96
58.56,43.92,-14.64,-48.8,34.16,14.64,-165.92,-204.96,-9.76,73.2,136.64,78.08
63.44,48.8,-14.64,-53.68,39.04,14.64,-161.04,-209.84,-9.76,97.6,156.16,97.6
82.96,68.32,-14.64,-73.2,48.8,24.4,-161.04,-204.96,-4.88,112.24,175.68,117.12
68.32,58.56,-9.76,-63.44,39.04,24.4,-156.16,-195.2,-4.88,122,180.56,117.12
78.08,53.68,-24.4,-63.44,48.8,14.64,-151.28,-200.08,4.88,117.12,170.8,112.24
68.32,48.8,-19.52,-58.56,43.92,14.64,-156.16,-195.2,9.76,122,175.68,107.36
63.44,43.92,-19.52,-53.68,39.04,9.76,-146.4,-195.2,-9.76,112.24,170.8,97.6
63.44,53.68,-9.76,-58.56,34.16,19.52,-141.52,-195.2,-24.4,107.36,170.8,97.6
53.68,43.92,-9.76,-48.8,29.28,14.64,-131.76,-190.32,-19.52,117.12,175.68,92.72
63.44,29.28,-34.16,-43.92,48.8,-4.88,-136.64,-200.08,-19.52,112.24,170.8,78.08
53.68,29.28,-24.4,-39.04,39.04,0,-112.24,-185.44,-9.76,136.64,170.8,82.96
53.68,39.04,-14.64,-43.92,34.16,9.76,-107.36,-170.8,9.76,156.16,175.68,82.96
39.04,48.8,9.76,-43.92,14.64,29.28,-92.72,-151.28,24.4,165.92,180.56,78.08
14.64,43.92,29.28,-29.28,-9.76,34.16,-82.96,-131.76,24.4,170.8,180.56,82.96
24.4,34.16,9.76,-29.28,4.88,19.52,-78.08,-141.52,24.4,161.04,175.68,73.2
34.16,29.28,-4.88,-29.28,19.52,9.76,-73.2,-146.4,43.92,170.8,175.68,68.32
24.4,19.52,-4.88,-19.52,14.64,4.88,-73.2,-136.64,48.8,175.68,170.8,58.56
14.64,19.52,4.88,-14.64,4.88,9.76,-68.32,-131.76,48.8,165.92,156.16,53.68
14.64,4.88,-9.76,-9.76,9.76,-4.88,-53.68,-102.48,63.44,170.8,156.16,58.56
9.76,0,-9.76,-4.88,9.76,-4.88,-48.8,-87.84,68.32,180.56,156.16,53.68
19.52,4.88,-14.64,-9.76,14.64,-4.88,-34.16,-92.72,63.44,180.56,146.4,48.8
4.88,0,-4.88,0,4.88,-4.88,-24.4,-87.84,63.44,185.44,151.28,58.56
-4.88,0,4.88,4.88,-4.88,0,-19.52,-78.08,73.2,195.2,161.04,68.32
-4.88,19.52,24.4,-4.88,-14.64,19.52,-14.64,-68.32,68.32,214.72,165.92,73.2
-14.64,19.52,34.16,0,-24.4,24.4,-9.76,-43.92,73.2,214.72,165.92,68.32
-14.64,14.64,29.28,0,-24.4,19.52,-14.64,-48.8,68.32,200.08,151.28,63.44
4.88,9.76,4.88,-4.88,0,4.88,-34.16,-68.32,58.56,175.68,131.76,43.92
0,0,0,0,0,0,-43.92,-82.96,53.68,165.92,117.12,39.04
-9.76,4.88,14.64,4.88,-14.64,9.76,-39.04,-58.56,63.44,180.56,122,39.04
-24.4,0,24.4,14.64,-24.4,9.76,-34.16,-48.8,58.56,180.56,122,39.04
-43.92,0,43.92,24.4,-43.92,19.52,-39.04,-48.8,39.04,185.44,117.12,39.04
-53.68,4.88,58.56,24.4,-58.56,29.28,-29.28,-29.28,39.04,195.2,131.76,48.8
-63.44,-4.88,58.56,34.16,-63.44,24.4,-34.16,-9.76,63.44,195.2,131.76,48.8
-39.04,-9.76,29.28,24.4,-34.16,9.76,-43.92,-29.28,68.32,175.68,126.88,34.16
-19.52,-4.88,14.64,14.64,-19.52,4.88,-43.92,-34.16,63.44,170.8,117.12,34.16
4.88,-4.88,-9.76,0,4.88,-9.76,-39.04,-29.28,53.68,165.92,112.24,24.4
9.76,4.88,-4.88,-4.88,4.88,0,-39.04,-29.28,39.04,156.16,107.36,14.64
4.88,0,-4.88,0,4.88,-4.88,-34.16,-34.16,34.16,161.04,102.48,19.52
-9.76,0,9.76,4.88,-9.76,4.88,-34.16,-24.4,43.92,170.8,107.36,14.64
-14.64,-24.4,-9.76,19.52,-4.88,-19.52,-39.04,-24.4,43.92,161.04,107.36,4.88
-14.64,-29.28,-14.64,24.4,0,-24.4,-53.68,-24.4,43.92,156.16,97.6,-4.88
9.76,0,-9.76,-4.88,9.76,-4.88,-48.8,-19.52,58.56,170.8,107.36,9.76
-4.88,-4.88,0,4.88,-4.88,-4.88,-43.92,0,68.32,180.56,117.12,9.76
-19.52,-14.64,4.88,19.52,-14.64,-4.88,-43.92,0,68.32,175.68,126.88,4.88
-29.28,-4.88,24.4,19.52,-29.28,9.76,-43.92,9.76,68.32,175.68,117.12,4.88
-24.4,-9.76,14.64,19.52,-19.52,0,-43.92,9.76,48.8,170.8,107.36,4.88
-19.52,-9.76,9.76,14.64,-14.64,0,-43.92,-4.88,24.4,156.16,92.72,-4.88
-9.76,-4.88,4.88,9.76,-9.76,0,-43.92,-14.64,24.4,146.4,97.6,-9.76
-19.52,-14.64,4.88,19.52,-14.64,-4.88,-19.52,0,34.16,156.16,92.72,-4.88
-24.4,-14.64,9.76,19.52,-19.52,-4.88,-4.88,0,34.16,156.16,97.6,-9.76
-9.76,0,9.76,4.88,-9.76,4.88,4.88,-4.88,53.68,151.28,97.6,-14.64
-9.76,-9.76,0,9.76,-4.88,-4.88,0,-9.76,48.8,151.28,97.6,-24.4
-14.64,-14.64,0,14.64,-9.76,-9.76,4.88,4.88,34.16,156.16,97.6,-29.28
-19.52,-19.52,0,19.52,-9.76,-9.76,9.76,9.76,39.04,151.28,102.48,-29.28
-24.4,-24.4,0,24.4,-14.64,-14.64,19.52,29.28,63.44,165.92,107.36,-29.28
-34.16,-14.64,19.52,24.4,-29.28,0,24.4,39.04,78.08,175.68,117.12,-24.4
-43.92,-14.64,29.28,29.28,-39.04,4.88,29.28,29.28,73.2,180.56,112.24,-24.4
-29.28,-4.88,24.4,19.52,-29.28,9.76,29.28,9.76,68.32,170.8,112.24,-34.16
-29.28,-9.76,19.52,19.52,-24.4,4.88,24.4,14.64,68.32,165.92,92.72,-48.8
-29.28,-24.4,4.88,29.28,-19.52,-9.76,29.28,9.76,53.68,151.28,87.84,-58.56
-19.52,-14.64,4.88,19.52,-14.64,-4.88,34.16,4.88,43.92,146.4,82.96,-58.56
-9.76,-19.52,-9.76,14.64,0,-14.64,29.28,0,39.04,136.64,87.84,-63.44
-24.4,-24.4,0,24.4,-14.64,-14.64,29.28,14.64,43.92,141.52,87.84,-63.44
-24.4,-34.16,-9.76,29.28,-9.76,-24.4,29.28,9.76,19.52,131.76,87.84,-78.08
-34.16,-34.16,0,34.16,-19.52,-19.52,29.28,19.52,43.92,136.64,78.08,-73.2
-39.04,-34.16,4.88,39.04,-24.4,-14.64,24.4,19.52,63.44,141.52,78.08,-78.08
-34.16,-34.16,0,34.16,-19.52,-19.52,9.76,-9.76,34.16,117.12,63.44,-92.72
-29.28,-39.04,-9.76,34.16,-9.76,-24.4,4.88,-19.52,14.64,107.36,53.68,-102.48
-24.4,-39.04,-14.64,34.16,-4.88,-29.28,9.76,0,19.52,112.24,53.68,-97.6
-29.28,-34.16,-4.88,34.16,-14.64,-19.52,-4.88,-9.76,14.64,107.36,43.92,-107.36
-14.64,-34.16,-19.52,24.4,0,-29.28,-14.64,-9.76,34.16,107.36,53.68,-112.24
-24.4,-39.04,-14.64,34.16,-4.88,-29.28,-14.64,4.88,43.92,117.12,63.44,-102.48
-43.92,-43.92,0,43.92,-24.4,-24.4,-19.52,4.88,43.92,131.76,63.44,-97.6
-39.04,-39.04,0,39.04,-19.52,-19.52,-19.52,0,34.16,126.88,63.44,-97.6
-43.92,-43.92,0,43.92,-24.4,-24.4,-24.4,0,29.28,126.88,53.68,-102.48
-48.8,-48.8,0,48.8,-24.4,-24.4,-19.52,4.88,39.04,126.88,58.56,-107.36
-29.28,-43.92,-14.64,39.04,-9.76,-29.28,-34.16,-14.64,24.4,112.24,43.92,-112.24
-14.64,-43.92,-29.28,29.28,4.88,-39.04,-48.8,-39.04,-4.88,87.84,29.28,-131.76
-9.76,-43.92,-34.16,29.28,9.76,-39.04,-53.68,-43.92,-19.52,87.84,14.64,-136.64
-24.4,-43.92,-19.52,34.16,-4.88,-34.16,-39.04,-29.28,4.88,97.6,34.16,-126.88
-29.28,-43.92,-14.64,39.04,-9.76,-29.28,-39.04,-34.16,19.52,97.6,39.04,-126.88
-19.52,-43.92,-24.4,34.16,0,-34.16,-39.04,-34.16,19.52,97.6,39.04,-122
-34.16,-53.68,-19.52,43.92,-9.76,-39.04,-34.16,-19.52,34.16,107.36,39.04,-117.12
-48.8,-58.56,-9.76,53.68,-19.52,-34.16,-34.16,-19.52,34.16,107.36,43.92,-122
-34.16,-43.92,-9.76,39.04,-14.64,-29.28,-29.28,-14.64,29.28,117.12,53.68,-117.12
-29.28,-39.04,-9.76,34.16,-9.76,-24.4,-19.52,-19.52,19.52,122,58.56,-112.24
-29.28,-43.92,-14.64,39.04,-9.76,-29.28,-19.52,-19.52,29.28,117.12,58.56,-122
-34.16,-43.92,-9.76,39.04,-14.64,-29.28,-29.28,-39.04,34.16,102.48,48.8,-126.88
-43.92,-48.8,-4.88,48.8,-19.52,-29.28,-29.28,-34.16,29.28,102.48,39.04,-126.88
-29.28,-39.04,-9.76,34.16,-9.76,-24.4,-9.76,-29.28,29.28,97.6,43.92,-117.12
-14.64,-34.16,-19.52,24.4,0,-29.28,-19.52,-48.8,34.16,92.72,34.16,-126.88
-24.4,-34.16,-9.76,29.28,-9.76,-24.4,-29.28,-39.04,58.56,102.48,39.04,-122
-34.16,-24.4,9.76,29.28,-24.4,-9.76,-29.28,-19.52,68.32,112.24,48.8,-112.24
-43.92,-19.52,24.4,34.16,-34.16,0,-39.04,-34.16,53.68,107.36,43.92,-107.36
-34.16,-24.4,9.76,29.28,-24.4,-9.76,-39.04,-48.8,29.28,97.6,43.92,-102.48
-9.76,-29.28,-19.52,19.52,4.88,-24.4,-48.8,-58.56,0,87.84,29.28,-102.48
0,-24.4,-24.4,14.64,9.76,-24.4,-58.56,-58.56,-14.64,58.56,9.76,-112.24
-9.76,-29.28,-19.52,19.52,4.88,-24.4,-68.32,-58.56,9.76,73.2,14.64,-102.48
-43.92,-39.04,4.88,43.92,-24.4,-19.52,-63.44,-43.92,24.4,87.84,19.52,-97.6
-53.68,-39.04,14.64,48.8,-34.16,-14.64,-63.44,-34.16,29.28,87.84,29.28,-102.48
-34.16,-34.16,0,34.16,-19.52,-19.52,-53.68,-19.52,34.16,97.6,34.16,-97.6
-48.8,-29.28,19.52,39.04,-34.16,-4.88,-48.8,-9.76,34.16,112.24,39.04,-92.72
-43.92,-24.4,19.52,34.16,-34.16,-4.88,-39.04,9.76,73.2,126.88,48.8,-92.72
-29.28,-24.4,4.88,29.28,-19.52,-9.76,-34.16,9.76,87.84,122,48.8,-97.6
-19.52,-29.28,-9.76,24.4,-4.88,-19.52,-43.92,-14.64,48.8,97.6,29.28,-97.6
-4.88,-24.4,-19.52,14.64,4.88,-24.4,-48.8,-24.4,14.64,87.84,14.64,-92.72
-4.88,-29.28,-24.4,19.52,9.76,-29.28,-63.44,-39.04,-4.88,68.32,0,-102.48
4.88,-29.28,-34.16,14.64,19.52,-34.16,-73.2,-39.04,0,63.44,0,-102.48
9.76,-24.4,-34.16,9.76,19.52,-29.28,-68.32,-9.76,9.76,78.08,9.76,-92.72
-9.76,-34.16,-24.4,24.4,4.88,-29.28,-68.32,-4.88,24.4,82.96,4.88,-97.6
0,-19.52,-19.52,9.76,9.76,-19.52,-87.84,-14.64,29.28,82.96,4.88,-107.36
-4.88,-14.64,-9.76,9.76,0,-14.64,-107.36,-14.64,34.16,87.84,4.88,-102.48
-4.88,-24.4,-19.52,14.64,4.88,-24.4,-112.24,0,53.68,102.48,9.76,-107.36
0,-24.4,-24.4,14.64,9.76,-24.4,-102.48,4.88,63.44,102.48,9.76,-117.12
9.76,-19.52,-29.28,4.88,19.52,-24.4,-97.6,-14.64,48.8,97.6,0,-131.76
4.88,-19.52,-24.4,9.76,14.64,-24.4,-78.08,4.88,63.44,112.24,9.76,-117.12
-4.88,-9.76,-4.88,9.76,0,-9.76,-58.56,19.52,78.08,107.36,4.88,-112.24
-14.64,-9.76,4.88,14.64,-9.76,-4.88,-53.68,19.52,63.44,97.6,0,-112.24
-14.64,-9.76,4.88,14.64,-9.76,-4.88,-39.04,24.4,53.68,97.6,9.76,-122
-9.76,-4.88,4.88,9.76,-9.76,0,-24.4,34.16,39.04,97.6,14.64,-122
-19.52,-4.88,14.64,14.64,-19.52,4.88,-24.4,29.28,29.28,82.96,4.88,-126.88
-9.76,0,9.76,4.88,-9.76,4.88,-34.16,24.4,48.8,82.96,0,-126.88
-9.76,-4.88,4.88,9.76,-9.76,0,-24.4,39.04,68.32,102.48,19.52,-117.12
-19.52,-4.88,14.64,14.64,-19.52,4.88,-14.64,53.68,102.48,112.24,29.28,-112.24
-24.4,-4.88,19.52,14.64,-24.4,4.88,-4.88,68.32,117.12,126.88,39.04,-102.48
-14.64,-14.64,0,14.64,-9.76,-9.76,-24.4,43.92,78.08,117.12,19.52,-107.36
9.76,-14.64,-24.4,4.88,14.64,-19.52,-43.92,19.52,53.68,82.96,-4.88,-122
9.76,-4.88,-14.64,0,9.76,-9.76,-53.68,9.76,39.04,63.44,-9.76,-131.76
-9.76,0,9.76,4.88,-9.76,4.88,-53.68,19.52,34.16,63.44,-14.64,-136.64
-14.64,0,14.64,9.76,-14.64,4.88,-43.92,24.4,39.04,73.2,-4.88,-126.88
0,0,0,0,0,0,-39.04,29.28,53.68,78.08,-4.88,-131.76
9.76,9.76,0,-9.76,4.88,4.88,-48.8,29.28,48.8,73.2,-9.76,-136.64
9.76,4.88,-4.88,-4.88,4.88,0,-48.8,29.28,63.44,73.2,4.88,-131.76
0,-4.88,-4.88,4.88,0,-4.88,-53.68,24.4,68.32,78.08,0,-146.4
9.76,-4.88,-14.64,0,9.76,-9.76,-63.44,24.4,68.32,63.44,-14.64,-151.28
14.64,-9.76,-24.4,0,19.52,-19.52,-53.68,24.4,68.32,68.32,-4.88,-146.4
-4.88,-4.88,0,4.88,-4.88,-4.88,-53.68,19.52,58.56,68.32,-4.88,-146.4
-9.76,0,9.76,4.88,-9.76,4.88,-53.68,9.76,39.04,73.2,-9.76,-151.28
0,0,0,0,0,0,-68.32,-4.88,19.52,53.68,-14.64,-156.16
0,-19.52,-19.52,9.76,9.76,-19.52,-73.2,0,34.16,43.92,-19.52,-161.04
9.76,4.88,-4.88,-4.88,4.88,0,-73.2,19.52,58.56,53.68,-14.64,-161.04
4.88,4.88,0,-4.88,0,0,-87.84,19.52,53.68,58.56,-24.4,-161.04
-4.88,-4.88,0,4.88,-4.88,-4.88,-107.36,19.52,39.04,58.56,-19.52,-165.92
-14.64,-19.52,-4.88,19.52,-4.88,-14.64,-117.12,24.4,34.16,63.44,-14.64,-156.16
-14.64,-9.76,4.88,14.64,-9.76,-4.88,-126.88,14.64,9.76,48.8,-29.28,-156.16
4.88,-4.88,-9.76,0,4.88,-9.76,-117.12,19.52,24.4,43.92,-24.4,-161.04
9.76,-14.64,-24.4,4.88,14.64,-19.52,-102.48,4.88,34.16,34.16,-29.28,-175.68
0,-9.76,-9.76,4.88,4.88,-9.76,-87.84,4.88,29.28,29.28,-34.16,-185.44
0,0,0,0,0,0,-58.56,24.4,48.8,43.92,-29.28,-175.68
-9.76,0,9.76,4.88,-9.76,4.88,-43.92,39.04,53.68,53.68,-29.28,-170.8
-14.64,9.76,24.4,4.88,-19.52,14.64,-19.52,58.56,68.32,63.44,-29.28,-175.68
-29.28,4.88,34.16,14.64,-34.16,19.52,-4.88,78.08,63.44,68.32,-24.4,-170.8
-19.52,0,19.52,9.76,-19.52,9.76,0,58.56,43.92,58.56,-29.28,-170.8
4.88,4.88,0,-4.88,0,0,-14.64,4.88,24.4,34.16,-53.68,-185.44
9.76,4.88,-4.88,-4.88,4.88,0,-9.76,0,29.28,24.4,-63.44,-190.32
9.76,0,-9.76,-4.88,9.76,-4.88,-4.88,14.64,14.64,29.28,-58.56,-190.32
-4.88,4.88,9.76,0,-9.76,4.88,4.88,19.52,-4.88,29.28,-48.8,-190.32
-29.28,4.88,34.16,14.64,-34.16,19.52,0,19.52,-34.16,19.52,-63.44,-195.2
-14.64,0,14.64,9.76,-14.64,4.88,9.76,24.4,-9.76,24.4,-58.56,-195.2
4.88,0,-4.88,0,4.88,-4.88,-4.88,4.88,-4.88,4.88,-78.08,-204.96
14.64,0,-14.64,-4.88,14.64,-9.76,-4.88,0,0,4.88,-78.08,-204.96
29.28,14.64,-14.64,-19.52,19.52,0,-4.88,4.88,4.88,9.76,-78.08,-200.08
24.4,9.76,-14.64,-14.64,19.52,-4.88,-9.76,9.76,14.64,14.64,-78.08,-204.96
29.28,9.76,-19.52,-19.52,24.4,-4.88,-9.76,29.28,24.4,24.4,-73.2,-214.72
29.28,14.64,-14.64,-19.52,19.52,0,-9.76,34.16,24.4,24.4,-68.32,-204.96
24.4,14.64,-9.76,-19.52,14.64,0,-14.64,34.16,24.4,29.28,-68.32,-204.96
19.52,14.64,-4.88,-14.64,9.76,4.88,-24.4,24.4,19.52,29.28,-63.44,-214.72
4.88,9.76,4.88,-4.88,0,4.88,-29.28,4.88,-4.88,24.4,-73.2,-214.72
14.64,24.4,9.76,-19.52,0,14.64,-34.16,-4.88,-19.52,14.64,-82.96,-214.72
39.04,34.16,-4.88,-34.16,19.52,14.64,-34.16,-4.88,-24.4,9.76,-87.84,-214.72
34.16,24.4,-9.76,-29.28,19.52,4.88,-39.04,-4.88,-9.76,-4.88,-97.6,-219.6
43.92,24.4,-19.52,-34.16,29.28,0,-34.16,0,-14.64,-14.64,-97.6,-219.6
39.04,24.4,-14.64,-29.28,24.4,4.88,-19.52,4.88,-14.64,-14.64,-92.72,-204.96
39.04,29.28,-9.76,-34.16,24.4,9.76,-29.28,4.88,-19.52,-34.16,-102.48,-204.96
39.04,39.04,0,-39.04,19.52,19.52,-14.64,24.4,4.88,-19.52,-87.84,-180.56
24.4,29.28,4.88,-24.4,9.76,14.64,-9.76,34.16,-4.88,-9.76,-78.08,-165.92
19.52,29.28,9.76,-24.4,4.88,19.52,-4.88,39.04,-4.88,0,-78.08,-161.04
34.16,39.04,4.88,-34.16,14.64,19.52,-4.88,14.64,-34.16,-9.76,-87.84,-161.04
34.16,34.16,0,-34.16,14.64,14.64,-4.88,-4.88,-34.16,-19.52,-102.48,-161.04
39.04,29.28,-9.76,-34.16,24.4,9.76,-4.88,4.88,-19.52,-24.4,-102.48,-161.04
34.16,29.28,-4.88,-29.28,19.52,9.76,0,9.76,-9.76,-34.16,-107.36,-156.16
24.4,24.4,0,-24.4,9.76,9.76,9.76,19.52,-9.76,-24.4,-92.72,-156.16
34.16,29.28,-4.88,-29.28,19.52,9.76,19.52,19.52,4.88,-14.64,-87.84,-156.16
39.04,19.52,-19.52,-29.28,29.28,0,24.4,14.64,-9.76,-24.4,-97.6,-156.16
24.4,19.52,-4.88,-19.52,14.64,4.88,34.16,34.16,9.76,-14.64,-87.84,-146.4
9.76,24.4,14.64,-14.64,-4.88,19.52,58.56,58.56,39.04,14.64,-63.44,-131.76
14.64,34.16,19.52,-24.4,-4.88,24.4,48.8,53.68,19.52,9.76,-63.44,-131.76
34.16,48.8,14.64,-39.04,9.76,29.28,48.8,48.8,0,4.88,-63.44,-136.64
39.04,53.68,14.64,-43.92,9.76,34.16,58.56,43.92,4.88,4.88,-58.56,-131.76
39.04,48.8,9.76,-43.92,14.64,29.28,58.56,29.28,-4.88,-4.88,-68.32,-136.64
34.16,53.68,19.52,-43.92,4.88,34.16,58.56,39.04,24.4,9.76,-68.32,-136.64
29.28,43.92,14.64,-34.16,4.88,29.28,63.44,48.8,29.28,9.76,-53.68,-136.64
19.52,39.04,19.52,-29.28,0,29.28,58.56,48.8,19.52,4.88,-58.56,-136.64
34.16,48.8,14.64,-39.04,9.76,29.28,48.8,39.04,-24.4,-9.76,-73.2,-146.4
48.8,48.8,0,-48.8,24.4,24.4,34.16,19.52,-48.8,-34.16,-87.84,-151.28
63.44,48.8,-14.64,-53.68,39.04,14.64,29.28,19.52,-24.4,-24.4,-78.08,-151.28
58.56,48.8,-9.76,-53.68,34.16,19.52,39.04,29.28,-9.76,-14.64,-73.2,-146.4
29.28,43.92,14.64,-34.16,4.88,29.28,39.04,48.8,4.88,0,-58.56,-136.64
14.64,48.8,34.16,-29.28,-9.76,39.04,53.68,78.08,24.4,14.64,-39.04,-117.12
19.52,53.68,34.16,-34.16,-9.76,43.92,39.04,78.08,29.28,9.76,-43.92,-122
39.04,48.8,9.76,-43.92,14.64,29.28,24.4,58.56,9.76,4.88,-63.44,-141.52
73.2,39.04,-34.16,-53.68,53.68,0,4.88,24.4,-24.4,-19.52,-78.08,-156.16
53.68,29.28,-24.4,-39.04,39.04,0,4.88,29.28,-14.64,-19.52,-78.08,-156.16
39.04,34.16,-4.88,-34.16,19.52,14.64,14.64,39.04,-4.88,-9.76,-73.2,-151.28
34.16,29.28,-4.88,-29.28,19.52,9.76,34.16,53.68,4.88,0,-68.32,-146.4
34.16,29.28,-4.88,-29.28,19.52,9.76,24.4,58.56,9.76,-4.88,-78.08,-156.16
43.92,48.8,4.88,-43.92,19.52,24.4,34.16,63.44,-14.64,0,-78.08,-156.16
43.92,48.8,4.88,-43.92,19.52,24.4,29.28,43.92,-48.8,-29.28,-78.08,-156.16
48.8,48.8,0,-48.8,24.4,24.4,24.4,29.28,-43.92,-39.04,-78.08,-156.16
63.44,53.68,-9.76,-58.56,34.16,19.52,19.52,24.4,-4.88,-43.92,-82.96,-161.04
48.8,53.68,4.88,-48.8,19.52,29.28,29.28,39.04,4.88,-29.28,-78.08,-161.04
53.68,58.56,4.88,-53.68,24.4,29.28,34.16,58.56,-4.88,-19.52,-63.44,-146.4
39.04,48.8,9.76,-43.92,14.64,29.28,34.16,53.68,-34.16,-29.28,-68.32,-156.16
39.04,43.92,4.88,-39.04,14.64,24.4,39.04,34.16,-43.92,-39.04,-78.08,-165.92
24.4,43.92,19.52,-34.16,0,29.28,48.8,43.92,-14.64,-29.28,-63.44,-151.28
19.52,39.04,19.52,-29.28,0,29.28,39.04,39.04,-19.52,-34.16,-68.32,-151.28
24.4,34.16,9.76,-29.28,4.88,19.52,34.16,29.28,-24.4,-34.16,-78.08,-161.04
34.16,43.92,9.76,-39.04,9.76,24.4,43.92,34.16,-19.52,-34.16,-73.2,-161.04
34.16,48.8,14.64,-39.04,9.76,29.28,43.92,39.04,-19.52,-39.04,-73.2,-165.92
48.8,58.56,9.76,-53.68,19.52,34.16,39.04,29.28,-24.4,-48.8,-82.96,-180.56
53.68,58.56,4.88,-53.68,24.4,29.28,39.04,29.28,-19.52,-39.04,-82.96,-180.56
48.8,53.68,4.88,-48.8,19.52,29.28,53.68,34.16,-19.52,-29.28,-78.08,-175.68
34.16,53.68,19.52,-43.92,4.88,34.16,58.56,29.28,0,-19.52,-63.44,-165.92
34.16,58.56,24.4,-43.92,4.88,39.04,43.92,34.16,9.76,-19.52,-68.32,-170.8
24.4,48.8,24.4,-34.16,0,34.16,34.16,34.16,4.88,-19.52,-78.08,-170.8
24.4,39.04,14.64,-29.28,4.88,24.4,34.16,39.04,0,-19.52,-73.2,-165.92
29.28,48.8,19.52,-39.04,4.88,34.16,29.28,43.92,-9.76,-34.16,-82.96,-175.68
39.04,48.8,9.76,-43.92,14.64,29.28,14.64,29.28,-34.16,-53.68,-97.6,-180.56
39.04,39.04,0,-39.04,19.52,19.52,9.76,29.28,-39.04,-48.8,-87.84,-175.68
34.16,53.68,19.52,-43.92,4.88,34.16,4.88,24.4,-53.68,-53.68,-82.96,-165.92
9.76,63.44,53.68,-34.16,-24.4,58.56,24.4,34.16,-39.04,-39.04,-68.32,-161.04
-24.4,53.68,78.08,-14.64,-53.68,63.44,34.16,63.44,-4.88,-14.64,-53.68,-141.52
-14.64,48.8,63.44,-14.64,-39.04,53.68,34.16,63.44,-14.64,-29.28,-58.56,-141.52
24.4,58.56,34.16,-39.04,-4.88,43.92,29.28,53.68,-14.64,-43.92,-68.32,-146.4
24.4,53.68,29.28,-39.04,-4.88,39.04,34.16,48.8,-9.76,-53.68,-68.32,-156.16
43.92,48.8,4.88,-43.92,19.52,24.4,24.4,34.16,-39.04,-63.44,-82.96,-170.8
53.68,39.04,-14.64,-43.92,34.16,9.76,14.64,9.76,-63.44,-73.2,-92.72,-180.56
58.56,39.04,-19.52,-48.8,39.04,9.76,9.76,4.88,-68.32,-68.32,-102.48,-185.44
53.68,39.04,-14.64,-43.92,34.16,9.76,19.52,19.52,-43.92,-63.44,-97.6,-170.8
39.04,39.04,0,-39.04,19.52,19.52,24.4,34.16,-14.64,-63.44,-87.84,-170.8
34.16,34.16,0,-34.16,14.64,14.64,24.4,29.28,-14.64,-63.44,-87.84,-170.8
39.04,34.16,-4.88,-34.16,19.52,14.64,19.52,29.28,-29.28,-68.32,-92.72,-170.8
48.8,43.92,-4.88,-43.92,24.4,19.52,39.04,43.92,-24.4,-53.68,-78.08,-161.04
58.56,63.44,4.88,-58.56,24.4,34.16,53.68,53.68,-14.64,-39.04,-73.2,-161.04
48.8,48.8,0,-48.8,24.4,24.4,48.8,43.92,-19.52,-39.04,-73.2,-165.92
34.16,48.8,14.64,-39.04,9.76,29.28,63.44,39.04,-29.28,-34.16,-63.44,-161.04
19.52,43.92,24.4,-29.28,-4.88,34.16,63.44,39.04,-43.92,-34.16,-63.44,-165.92
14.64,43.92,29.28,-29.28,-9.76,34.16,58.56,34.16,-29.28,-43.92,-78.08,-165.92
39.04,39.04,0,-39.04,19.52,19.52,48.8,29.28,-29.28,-63.44,-92.72,-170.8
43.92,39.04,-4.88,-39.04,24.4,14.64,43.92,14.64,-53.68,-78.08,-92.72,-185.44
48.8,39.04,-9.76,-43.92,29.28,14.64,43.92,14.64,-53.68,-82.96,-97.6,-195.2
58.56,39.04,-19.52,-48.8,39.04,9.76,48.8,29.28,-48.8,-73.2,-92.72,-185.44
53.68,39.04,-14.64,-43.92,34.16,9.76,53.68,34.16,-39.04,-68.32,-82.96,-185.44
43.92,48.8,4.88,-43.92,19.52,24.4,53.68,39.04,-34.16,-58.56,-78.08,-170.8
48.8,58.56,9.76,-53.68,19.52,34.16,48.8,43.92,-39.04,-63.44,-82.96,-165.92
39.04,43.92,4.88,-39.04,14.64,24.4,43.92,53.68,-53.68,-58.56,-78.08,-161.04
43.92,63.44,19.52,-53.68,9.76,39.04,34.16,48.8,-48.8,-63.44,-73.2,-161.04
39.04,73.2,34.16,-53.68,0,53.68,43.92,63.44,-29.28,-48.8,-63.44,-151.28
29.28,68.32,39.04,-48.8,-4.88,53.68,39.04,48.8,-39.04,-43.92,-68.32,-151.28
39.04,63.44,24.4,-48.8,4.88,43.92,34.16,29.28,-43.92,-58.56,-78.08,-156.16
29.28,53.68,24.4,-39.04,0,39.04,19.52,24.4,-24.4,-58.56,-87.84,-165.92
29.28,53.68,24.4,-39.04,0,39.04,29.28,19.52,-34.16,-63.44,-87.84,-165.92
43.92,53.68,9.76,-48.8,14.64,29.28,39.04,24.4,-48.8,-63.44,-87.84,-165.92
48.8,53.68,4.88,-48.8,19.52,29.28,48.8,39.04,-63.44,-63.44,-92.72,-165.92
58.56,63.44,4.88,-58.56,24.4,34.16,48.8,43.92,-68.32,-68.32,-92.72,-170.8
58.56,58.56,0,-58.56,29.28,29.28,29.28,43.92,-53.68,-73.2,-92.72,-165.92
53.68,58.56,4.88,-53.68,24.4,29.28,4.88,34.16,-48.8,-73.2,-92.72,-165.92
43.92,73.2,29.28,-58.56,4.88,48.8,-4.88,53.68,-14.64,-58.56,-82.96,-151.28
24.4,73.2,48.8,-48.8,-14.64,58.56,-4.88,68.32,-4.88,-48.8,-68.32,-156.16
24.4,68.32,43.92,-43.92,-9.76,53.68,4.88,68.32,-19.52,-48.8,-68.32,-156.16
39.04,58.56,19.52,-48.8,9.76,39.04,9.76,58.56,-39.04,-63.44,-87.84,-161.04
24.4,58.56,34.16,-39.04,-4.88,43.92,29.28,78.08,-24.4,-53.68,-73.2,-161.04
24.4,53.68,29.28,-39.04,-4.88,39.04,48.8,82.96,-24.4,-48.8,-68.32,-146.4
39.04,53.68,14.64,-43.92,9.76,34.16,43.92,48.8,-63.44,-63.44,-87.84,-151.28
39.04,48.8,9.76,-43.92,14.64,29.28,43.92,24.4,-102.48,-73.2,-87.84,-151.28
48.8,53.68,4.88,-48.8,19.52,29.28,53.68,34.16,-97.6,-73.2,-82.96,-136.64
39.04,53.68,14.64,-43.92,9.76,34.16,58.56,48.8,-53.68,-68.32,-82.96,-126.88
48.8,58.56,9.76,-53.68,19.52,34.16,63.44,53.68,-39.04,-63.44,-82.96,-122
58.56,63.44,4.88,-58.56,24.4,34.16,73.2,53.68,-48.8,-48.8,-78.08,-112.24
34.16,73.2,39.04,-53.68,-4.88,53.68,82.96,53.68,-43.92,-34.16,-68.32,-97.6
39.04,78.08,39.04,-58.56,0,58.56,78.08,48.8,-39.04,-29.28,-68.32,-87.84
34.16,68.32,34.16,-48.8,0,48.8,68.32,43.92,-24.4,-39.04,-73.2,-92.72
29.28,58.56,29.28,-43.92,0,43.92,63.44,48.8,-34.16,-53.68,-78.08,-92.72
39.04,78.08,39.04,-58.56,0,58.56,73.2,73.2,-19.52,-34.16,-58.56,-82.96
39.04,58.56,19.52,-48.8,9.76,39.04,73.2,92.72,0,0,-39.04,-87.84
48.8,73.2,24.4,-58.56,9.76,48.8,73.2,117.12,39.04,58.56,0,-82.96
48.8,87.84,39.04,-68.32,4.88,63.44,73.2,146.4,87.84,102.48,48.8,-68.32
53.68,97.6,43.92,-73.2,4.88,68.32,73.2,170.8,141.52,151.28,97.6,-34.16
78.08,117.12,39.04,-97.6,19.52,78.08,63.44,170.8,141.52,185.44,161.04,43.92
97.6,126.88,29.28,-112.24,34.16,78.08,34.16,146.4,117.12,195.2,248.88,161.04
122,136.64,14.64,-126.88,53.68,73.2,0,117.12,131.76,244,380.64,322.08
151.28,146.4,-4.88,-146.4,78.08,68.32,-9.76,122,229.36,390.4,600.24,507.52
165.92,165.92,0,-165.92,82.96,82.96,-19.52,170.8,375.76,605.12,883.28,736.88
200.08,204.96,4.88,-200.08,97.6,102.48,-34.16,190.32,536.8,868.64,1234.64,1068.72
248.88,244,-4.88,-244,126.88,117.12,-58.56,209.84,653.92,1088.24,1556.72,1439.6
263.52,278.16,14.64,-268.4,122,146.4,-87.84,156.16,590.48,1107.76,1747.04,1747.04
283.04,307.44,24.4,-292.8,126.88,165.92,-122,78.08,424.56,936.96,1781.2,1986.16
287.92,336.72,48.8,-312.32,117.12,190.32,-165.92,-9.76,224.48,678.32,1688.48,2152.08
283.04,380.64,97.6,-331.84,92.72,239.12,-200.08,-97.6,19.52,439.2,1571.36,2230.16
278.16,419.68,141.52,-346.48,68.32,278.16,-214.72,-175.68,-175.68,200.08,1390.8,2122.8
239.12,473.36,234.24,-356.24,0,351.36,-239.12,-248.88,-356.24,-29.28,1117.52,1839.76
170.8,502.64,331.84,-336.72,-82.96,414.8,-204.96,-234.24,-463.6,-204.96,824.72,1449.36
141.52,424.56,283.04,-283.04,-73.2,351.36,-141.52,-141.52,-502.64,-351.36,541.68,951.6
92.72,268.4,175.68,-180.56,-43.92,219.6,-24.4,24.4,-478.24,-492.88,170.8,336.72
39.04,136.64,97.6,-87.84,-29.28,117.12,78.08,200.08,-448.96,-683.2,-297.68,-244
14.64,43.92,29.28,-29.28,-9.76,34.16,131.76,287.92,-473.36,-907.68,-790.56,-697.84
-9.76,-19.52,-9.76,14.64,0,-14.64,165.92,302.56,-570.96,-1151.68,-1224.88,-985.76
-39.04,-78.08,-39.04,58.56,0,-58.56,200.08,326.96,-644.16,-1312.72,-1522.56,-1151.68
-58.56,-156.16,-97.6,107.36,19.52,-126.88,200.08,297.68,-727.12,-1454.24,-1722.64,-1259.04
-63.44,-195.2,-131.76,131.76,34.16,-165.92,175.68,151.28,-888.16,-1576.24,-1786.08,-1263.92
-63.44,-214.72,-151.28,141.52,43.92,-185.44,107.36,-78.08,-1098,-1649.44,-1732.4,-1215.12
-43.92,-244,-200.08,146.4,78.08,-224.48,39.04,-302.56,-1234.64,-1673.84,-1659.2,-1141.92
-29.28,-229.36,-200.08,131.76,82.96,-214.72,-9.76,-429.44,-1278.56,-1615.28,-1542.08,-1058.96
-53.68,-185.44,-131.76,122,39.04,-161.04,-19.52,-448.96,-1234.64,-1507.92,-1420.08,-961.36
-73.2,-151.28,-78.08,112.24,0,-117.12,-19.52,-405.04,-1117.52,-1371.28,-1288.32,-873.52
-68.32,-131.76,-63.44,102.48,-4.88,-97.6,-24.4,-336.72,-980.88,-1200.48,-1141.92,-775.92
-53.68,-126.88,-73.2,92.72,9.76,-102.48,-43.92,-258.64,-839.36,-1044.32,-990.64,-692.96
-19.52,-92.72,-73.2,58.56,24.4,-82.96,-63.44,-209.84,-712.48,-888.16,-854,-610
-19.52,-73.2,-53.68,48.8,14.64,-63.44,-58.56,-136.64,-600.24,-746.64,-736.88,-531.92
-39.04,-53.68,-14.64,48.8,-14.64,-34.16,-39.04,-68.32,-473.36,-614.88,-619.76,-463.6
-24.4,-14.64,9.76,19.52,-19.52,-4.88,-19.52,-19.52,-351.36,-502.64,-507.52,-385.52
-19.52,34.16,53.68,-4.88,-39.04,43.92,-4.88,-34.16,-297.68,-400.16,-414.8,-317.2
4.88,58.56,53.68,-29.28,-24.4,53.68,-29.28,-78.08,-278.16,-331.84,-351.36,-258.64
24.4,82.96,58.56,-53.68,-19.52,68.32,-34.16,-63.44,-219.6,-263.52,-283.04,-209.84
24.4,78.08,53.68,-48.8,-14.64,63.44,-14.64,-14.64,-146.4,-200.08,-229.36,-165.92
39.04,68.32,29.28,-53.68,4.88,48.8,-4.88,4.88,-131.76,-175.68,-204.96,-156.16
53.68,73.2,19.52,-63.44,14.64,43.92,0,9.76,-131.76,-165.92,-190.32,-151.28
34.16,68.32,34.16,-48.8,0,48.8,19.52,14.64,-112.24,-151.28,-170.8,-141.52
58.56,63.44,4.88,-58.56,24.4,34.16,19.52,19.52,-82.96,-141.52,-156.16,-131.76
68.32,58.56,-9.76,-63.44,39.04,24.4,19.52,14.64,-87.84,-131.76,-156.16,-146.4
48.8,53.68,4.88,-48.8,19.52,29.28,34.16,29.28,-68.32,-112.24,-131.76,-126.88
48.8,58.56,9.76,-53.68,19.52,34.16,53.68,34.16,-58.56,-87.84,-122,-122
48.8,68.32,19.52,-58.56,14.64,43.92,48.8,24.4,-63.44,-78.08,-107.36,-112.24
43.92,87.84,43.92,-63.44,0,63.44,48.8,29.28,-48.8,-68.32,-87.84,-102.48
43.92,78.08,34.16,-58.56,4.88,53.68,53.68,24.4,-58.56,-73.2,-82.96,-92.72
48.8,78.08,29.28,-63.44,9.76,53.68,43.92,9.76,-78.08,-87.84,-92.72,-92.72
68.32,82.96,14.64,-73.2,24.4,48.8,39.04,-4.88,-87.84,-87.84,-82.96,-102.48
58.56,68.32,9.76,-63.44,24.4,39.04,48.8,0,-53.68,-73.2,-68.32,-82.96
48.8,68.32,19.52,-58.56,14.64,43.92,58.56,0,-53.68,-53.68,-63.44,-78.08
53.68,78.08,24.4,-63.44,14.64,48.8,63.44,9.76,-58.56,-39.04,-39.04,-78.08
43.92,68.32,24.4,-53.68,9.76,43.92,63.44,24.4,-19.52,-14.64,-14.64,-63.44
48.8,68.32,19.52,-58.56,14.64,43.92,63.44,43.92,29.28,0,-14.64,-48.8
53.68,48.8,-4.88,-48.8,29.28,19.52,63.44,48.8,24.4,4.88,0,-34.16
53.68,48.8,-4.88,-48.8,29.28,19.52,48.8,39.04,9.76,-4.88,0,-39.04
53.68,58.56,4.88,-53.68,24.4,29.28,43.92,48.8,9.76,4.88,9.76,-34.16
53.68,63.44,9.76,-58.56,19.52,34.16,34.16,43.92,4.88,-9.76,0,-43.92
68.32,63.44,-4.88,-63.44,34.16,29.28,24.4,39.04,-4.88,-9.76,-4.88,-58.56
73.2,68.32,-4.88,-68.32,39.04,29.28,29.28,68.32,14.64,-4.88,0,-53.68
63.44,58.56,-4.88,-58.56,34.16,24.4,34.16,82.96,29.28,4.88,4.88,-53.68
68.32,63.44,-4.88,-63.44,34.16,29.28,34.16,73.2,14.64,4.88,9.76,-63.44
73.2,58.56,-14.64,-63.44,43.92,19.52,39.04,48.8,4.88,9.76,19.52,-58.56
73.2,68.32,-4.88,-68.32,39.04,29.28,48.8,53.68,14.64,24.4,29.28,-43.92
73.2,68.32,-4.88,-68.32,39.04,29.28,39.04,68.32,19.52,29.28,39.04,-39.04
68.32,63.44,-4.88,-63.44,34.16,29.28,29.28,68.32,19.52,19.52,34.16,-48.8
68.32,53.68,-14.64,-58.56,39.04,19.52,39.04,43.92,19.52,14.64,29.28,-48.8
68.32,58.56,-9.76,-63.44,39.04,24.4,39.04,43.92,19.52,14.64,24.4,-48.8
73.2,53.68,-19.52,-63.44,43.92,14.64,24.4,48.8,9.76,4.88,19.52,-63.44
82.96,63.44,-19.52,-73.2,48.8,19.52,19.52,58.56,19.52,9.76,14.64,-68.32
92.72,58.56,-34.16,-73.2,63.44,9.76,0,68.32,19.52,19.52,9.76,-68.32
97.6,58.56,-39.04,-78.08,68.32,9.76,-19.52,63.44,14.64,19.52,14.64,-73.2
92.72,58.56,-34.16,-73.2,63.44,9.76,-34.16,63.44,9.76,24.4,34.16,-68.32
73.2,43.92,-29.28,-58.56,48.8,4.88,-29.28,68.32,9.76,34.16,34.16,-68.32
82.96,53.68,-29.28,-68.32,53.68,9.76,-4.88,82.96,39.04,48.8,53.68,-63.44
73.2,58.56,-14.64,-63.44,43.92,19.52,9.76,97.6,73.2,53.68,63.44,-68.32
73.2,43.92,-29.28,-58.56,48.8,4.88,9.76,68.32,53.68,34.16,43.92,-82.96
58.56,53.68,-4.88,-53.68,29.28,24.4,34.16,78.08,58.56,43.92,48.8,-78.08
43.92,58.56,14.64,-48.8,14.64,34.16,39.04,87.84,73.2,53.68,53.68,-78.08
43.92,73.2,29.28,-58.56,4.88,48.8,48.8,92.72,63.44,53.68,53.68,-82.96
63.44,73.2,9.76,-68.32,24.4,39.04,58.56,87.84,39.04,53.68,48.8,-82.96
82.96,68.32,-14.64,-73.2,48.8,24.4,58.56,73.2,24.4,39.04,34.16,-102.48
87.84,58.56,-29.28,-73.2,58.56,14.64,63.44,78.08,53.68,48.8,48.8,-92.72
97.6,73.2,-24.4,-82.96,58.56,24.4,63.44,78.08,73.2,63.44,48.8,-82.96
87.84,68.32,-19.52,-78.08,53.68,24.4,58.56,68.32,53.68,63.44,48.8,-87.84
92.72,68.32,-24.4,-78.08,58.56,19.52,39.04,48.8,14.64,43.92,34.16,-97.6
87.84,58.56,-29.28,-73.2,58.56,14.64,39.04,48.8,-4.88,39.04,39.04,-92.72
82.96,63.44,-19.52,-73.2,48.8,19.52,34.16,43.92,0,29.28,39.04,-87.84
97.6,63.44,-34.16,-78.08,63.44,14.64,9.76,29.28,24.4,19.52,34.16,-97.6
78.08,58.56,-19.52,-68.32,48.8,19.52,9.76,29.28,34.16,29.28,34.16,-87.84
34.16,43.92,9.76,-39.04,9.76,24.4,24.4,39.04,48.8,53.68,58.56,-73.2
34.16,48.8,14.64,-39.04,9.76,29.28,19.52,43.92,53.68,63.44,63.44,-78.08
58.56,58.56,0,-58.56,29.28,29.28,19.52,48.8,58.56,73.2,63.44,-78.08
78.08,68.32,-9.76,-73.2,43.92,29.28,24.4,48.8,58.56,82.96,63.44,-73.2
87.84,68.32,-19.52,-78.08,53.68,24.4,14.64,39.04,34.16,73.2,53.68,-78.08
82.96,73.2,-9.76,-78.08,43.92,29.28,14.64,29.28,0,63.44,48.8,-78.08
92.72,63.44,-29.28,-78.08,58.56,14.64,19.52,29.28,9.76,58.56,53.68,-78.08
82.96,58.56,-24.4,-68.32,53.68,14.64,14.64,39.04,53.68,53.68,53.68,-73.2
73.2,63.44,-9.76,-68.32,39.04,24.4,24.4,53.68,82.96,53.68,63.44,-78.08
73.2,58.56,-14.64,-63.44,43.92,19.52,34.16,53.68,82.96,58.56,63.44,-78.08
58.56,39.04,-19.52,-48.8,39.04,9.76,39.04,48.8,53.68,68.32,68.32,-68.32
63.44,48.8,-14.64,-53.68,39.04,14.64,43.92,48.8,39.04,73.2,68.32,-68.32
63.44,48.8,-14.64,-53.68,39.04,14.64,43.92,53.68,43.92,73.2,78.08,-63.44
82.96,53.68,-29.28,-68.32,53.68,9.76,48.8,39.04,43.92,63.44,73.2,-68.32
97.6,58.56,-39.04,-78.08,68.32,9.76,29.28,14.64,19.52,53.68,68.32,-78.08
82.96,53.68,-29.28,-68.32,53.68,9.76,39.04,14.64,24.4,48.8,73.2,-78.08
82.96,63.44,-19.52,-73.2,48.8,19.52,43.92,4.88,19.52,48.8,78.08,-73.2
87.84,68.32,-19.52,-78.08,53.68,24.4,48.8,4.88,24.4,43.92,73.2,-68.32
78.08,58.56,-19.52,-68.32,48.8,19.52,48.8,4.88,48.8,48.8,78.08,-73.2
87.84,53.68,-34.16,-68.32,58.56,9.76,43.92,-9.76,43.92,43.92,73.2,-82.96
87.84,48.8,-39.04,-68.32,63.44,4.88,43.92,-4.88,34.16,48.8,82.96,-82.96
87.84,53.68,-34.16,-68.32,58.56,9.76,48.8,4.88,43.92,58.56,87.84,-82.96
87.84,53.68,-34.16,-68.32,58.56,9.76,53.68,14.64,53.68,78.08,107.36,-68.32
87.84,53.68,-34.16,-68.32,58.56,9.76,53.68,9.76,48.8,68.32,107.36,-73.2
97.6,63.44,-34.16,-78.08,63.44,14.64,48.8,4.88,34.16,63.44,102.48,-68.32
97.6,58.56,-39.04,-78.08,68.32,9.76,43.92,-14.64,14.64,53.68,92.72,-63.44
92.72,58.56,-34.16,-73.2,63.44,9.76,34.16,-19.52,0,48.8,92.72,-63.44
92.72,73.2,-19.52,-82.96,53.68,24.4,34.16,-14.64,9.76,53.68,92.72,-58.56
82.96,68.32,-14.64,-73.2,48.8,24.4,14.64,-19.52,4.88,53.68,87.84,-68.32
73.2,58.56,-14.64,-63.44,43.92,19.52,0,-34.16,9.76,39.04,82.96,-73.2
78.08,63.44,-14.64,-68.32,43.92,24.4,-9.76,-43.92,9.76,43.92,87.84,-68.32
102.48,82.96,-19.52,-92.72,58.56,29.28,-9.76,-34.16,19.52,48.8,92.72,-63.44
87.84,82.96,-4.88,-82.96,43.92,39.04,-14.64,-24.4,29.28,53.68,102.48,-58.56
102.48,82.96,-19.52,-92.72,58.56,29.28,-14.64,-24.4,24.4,53.68,107.36,-58.56
82.96,82.96,0,-82.96,39.04,39.04,-9.76,-29.28,14.64,53.68,112.24,-53.68
82.96,82.96,0,-82.96,39.04,39.04,-4.88,-34.16,34.16,53.68,112.24,-53.68
92.72,82.96,-9.76,-87.84,48.8,34.16,-9.76,-39.04,34.16,53.68,112.24,-53.68
97.6,102.48,4.88,-97.6,43.92,53.68,-9.76,-39.04,19.52,39.04,102.48,-73.2
97.6,107.36,9.76,-102.48,43.92,58.56,-4.88,-29.28,24.4,43.92,102.48,-68.32
97.6,102.48,4.88,-97.6,43.92,53.68,-4.88,-43.92,29.28,43.92,102.48,-63.44
92.72,102.48,9.76,-97.6,39.04,53.68,0,-48.8,24.4,53.68,107.36,-53.68
112.24,107.36,-4.88,-107.36,58.56,48.8,-4.88,-73.2,-14.64,24.4,97.6,-63.44
122,107.36,-14.64,-112.24,68.32,43.92,-9.76,-82.96,-34.16,14.64,87.84,-68.32
126.88,107.36,-19.52,-117.12,73.2,43.92,4.88,-68.32,0,19.52,97.6,-48.8
112.24,102.48,-9.76,-107.36,58.56,43.92,0,-58.56,19.52,24.4,102.48,-43.92
97.6,102.48,4.88,-97.6,43.92,53.68,-4.88,-48.8,9.76,24.4,107.36,-43.92
102.48,102.48,0,-102.48,48.8,48.8,0,-53.68,-9.76,14.64,102.48,-29.28
122,102.48,-19.52,-112.24,68.32,39.04,-9.76,-82.96,-29.28,0,87.84,-29.28
141.52,107.36,-34.16,-122,87.84,34.16,-9.76,-97.6,-34.16,-9.76,73.2,-29.28
131.76,112.24,-19.52,-122,73.2,43.92,-14.64,-97.6,-34.16,-9.76,68.32,-14.64
126.88,117.12,-9.76,-122,68.32,53.68,-4.88,-82.96,-29.28,-4.88,73.2,4.88
126.88,117.12,-9.76,-122,68.32,53.68,4.88,-73.2,-9.76,0,92.72,19.52
131.76,112.24,-19.52,-122,73.2,43.92,-9.76,-78.08,-24.4,-4.88,82.96,24.4
146.4,117.12,-29.28,-131.76,87.84,43.92,-9.76,-82.96,-39.04,-9.76,87.84,34.16
141.52,112.24,-29.28,-126.88,82.96,39.04,-4.88,-82.96,-53.68,-19.52,87.84,39.04
126.88,107.36,-19.52,-117.12,73.2,43.92,-14.64,-87.84,-58.56,-39.04,78.08,34.16
141.52,117.12,-24.4,-126.88,82.96,43.92,-19.52,-92.72,-43.92,-39.04,73.2,43.92
151.28,126.88,-24.4,-136.64,87.84,48.8,-39.04,-107.36,-34.16,-48.8,68.32,43.92
136.64,122,-14.64,-126.88,73.2,53.68,-43.92,-97.6,-24.4,-39.04,63.44,43.92
131.76,131.76,0,-131.76,63.44,63.44,-53.68,-102.48,-39.04,-39.04,58.56,43.92
122,126.88,4.88,-122,58.56,63.44,-58.56,-107.36,-58.56,-43.92,58.56,53.68
141.52,131.76,-9.76,-136.64,73.2,58.56,-68.32,-122,-78.08,-48.8,53.68,48.8
156.16,141.52,-14.64,-146.4,82.96,63.44,-82.96,-131.76,-68.32,-58.56,48.8,48.8
146.4,136.64,-9.76,-141.52,78.08,63.44,-87.84,-117.12,-39.04,-58.56,63.44,53.68
131.76,136.64,4.88,-131.76,63.44,68.32,-82.96,-122,-73.2,-63.44,68.32,68.32
122,141.52,19.52,-131.76,48.8,78.08,-87.84,-131.76,-122,-73.2,68.32,73.2
122,136.64,14.64,-126.88,53.68,73.2,-82.96,-122,-107.36,-68.32,78.08,87.84
122,136.64,14.64,-126.88,53.68,73.2,-82.96,-117.12,-48.8,-63.44,82.96,97.6
112.24,126.88,14.64,-117.12,48.8,68.32,-78.08,-112.24,-14.64,-43.92,87.84,102.48
126.88,117.12,-9.76,-122,68.32,53.68,-73.2,-112.24,-19.52,-39.04,92.72,97.6
136.64,122,-14.64,-126.88,73.2,53.68,-73.2,-117.12,-34.16,-29.28,87.84,107.36
136.64,117.12,-19.52,-126.88,78.08,48.8,-68.32,-117.12,-29.28,-14.64,87.84,107.36
146.4,117.12,-29.28,-131.76,87.84,43.92,-63.44,-102.48,-9.76,4.88,97.6,117.12
136.64,112.24,-24.4,-122,78.08,43.92,-58.56,-82.96,9.76,14.64,112.24,131.76
97.6,107.36,9.76,-102.48,43.92,58.56,-43.92,-68.32,4.88,24.4,112.24,146.4
73.2,122,48.8,-97.6,9.76,82.96,-14.64,-48.8,19.52,43.92,146.4,165.92
39.04,117.12,78.08,-78.08,-19.52,97.6,-4.88,-43.92,34.16,53.68,156.16,180.56
48.8,102.48,53.68,-73.2,-4.88,78.08,-4.88,-48.8,24.4,48.8,146.4,170.8
73.2,97.6,24.4,-82.96,24.4,58.56,-9.76,-48.8,0,24.4,126.88,146.4
92.72,92.72,0,-92.72,43.92,43.92,-9.76,-63.44,-4.88,14.64,117.12,131.76
102.48,87.84,-14.64,-92.72,58.56,34.16,-4.88,-63.44,-9.76,24.4,112.24,136.64
92.72,82.96,-9.76,-87.84,48.8,34.16,14.64,-48.8,0,34.16,117.12,136.64
97.6,82.96,-14.64,-87.84,53.68,34.16,19.52,-39.04,4.88,43.92,122,141.52
102.48,87.84,-14.64,-92.72,58.56,34.16,29.28,-34.16,4.88,43.92,122,146.4
73.2,87.84,14.64,-78.08,29.28,48.8,48.8,-9.76,19.52,58.56,131.76,151.28
63.44,92.72,29.28,-78.08,14.64,58.56,58.56,-4.88,34.16,63.44,131.76,146.4
78.08,92.72,14.64,-82.96,29.28,53.68,63.44,0,34.16,68.32,126.88,146.4
58.56,87.84,29.28,-73.2,14.64,58.56,73.2,24.4,43.92,68.32,126.88,141.52
53.68,82.96,29.28,-68.32,9.76,53.68,73.2,14.64,29.28,68.32,112.24,131.76
48.8,58.56,9.76,-53.68,19.52,34.16,48.8,-29.28,-9.76,43.92,87.84,117.12
48.8,53.68,4.88,-48.8,19.52,29.28,29.28,-29.28,-19.52,43.92,73.2,112.24
43.92,63.44,19.52,-53.68,9.76,39.04,39.04,-4.88,-4.88,53.68,73.2,112.24
34.16,48.8,14.64,-39.04,9.76,29.28,43.92,0,-9.76,63.44,78.08,126.88
43.92,43.92,0,-43.92,19.52,19.52,39.04,9.76,0,68.32,82.96,136.64
43.92,39.04,-4.88,-39.04,24.4,14.64,34.16,9.76,-4.88,63.44,73.2,122
39.04,34.16,-4.88,-34.16,19.52,14.64,39.04,9.76,0,63.44,73.2,112.24
39.04,43.92,4.88,-39.04,14.64,24.4,43.92,19.52,24.4,73.2,73.2,112.24
29.28,39.04,9.76,-34.16,9.76,24.4,58.56,19.52,14.64,63.44,63.44,102.48
14.64,39.04,24.4,-24.4,-4.88,29.28,63.44,14.64,0,53.68,58.56,87.84
24.4,34.16,9.76,-29.28,4.88,19.52,58.56,9.76,-4.88,53.68,58.56,82.96
9.76,14.64,4.88,-9.76,0,9.76,53.68,0,-14.64,53.68,58.56,73.2
19.52,19.52,0,-19.52,9.76,9.76,58.56,0,-9.76,53.68,48.8,73.2
19.52,29.28,9.76,-24.4,4.88,19.52,63.44,19.52,24.4,68.32,63.44,82.96
4.88,19.52,14.64,-9.76,-4.88,14.64,58.56,34.16,29.28,73.2,68.32,82.96
9.76,9.76,0,-9.76,4.88,4.88,48.8,14.64,-24.4,68.32,63.44,87.84
14.64,9.76,-4.88,-9.76,9.76,0,39.04,-9.76,-73.2,39.04,48.8,73.2
19.52,19.52,0,-19.52,9.76,9.76,39.04,-9.76,-43.92,24.4,39.04,78.08
19.52,29.28,9.76,-24.4,4.88,19.52,53.68,-9.76,-9.76,34.16,43.92,87.84
9.76,24.4,14.64,-14.64,-4.88,19.52,53.68,-19.52,-4.88,43.92,43.92,82.96
14.64,34.16,19.52,-24.4,-4.88,24.4,53.68,-24.4,-4.88,48.8,39.04,82.96
9.76,29.28,19.52,-19.52,-4.88,24.4,48.8,-24.4,-24.4,43.92,34.16,78.08
9.76,29.28,19.52,-19.52,-4.88,24.4,48.8,-9.76,-34.16,43.92,24.4,78.08
19.52,34.16,14.64,-24.4,0,24.4,48.8,-9.76,-24.4,43.92,34.16,78.08
14.64,24.4,9.76,-19.52,0,14.64,53.68,4.88,14.64,58.56,53.68,92.72
-9.76,19.52,29.28,-4.88,-19.52,24.4,58.56,24.4,29.28,78.08,58.56,87.84
-9.76,14.64,24.4,0,-19.52,19.52,63.44,19.52,14.64,73.2,58.56,87.84
-9.76,9.76,19.52,0,-14.64,14.64,43.92,4.88,-24.4,53.68,34.16,73.2
14.64,29.28,14.64,-19.52,0,19.52,48.8,9.76,-34.16,39.04,29.28,82.96
14.64,34.16,19.52,-24.4,-4.88,24.4,43.92,9.76,-14.64,39.04,34.16,87.84
4.88,19.52,14.64,-9.76,-4.88,14.64,34.16,0,-4.88,29.28,24.4,73.2
4.88,24.4,19.52,-14.64,-9.76,19.52,43.92,4.88,-14.64,48.8,39.04,97.6
0,29.28,29.28,-14.64,-14.64,29.28,39.04,14.64,-34.16,53.68,43.92,102.48
24.4,34.16,9.76,-29.28,4.88,19.52,14.64,4.88,-48.8,39.04,39.04,92.72
29.28,24.4,-4.88,-24.4,14.64,9.76,9.76,0,-29.28,39.04,39.04,97.6
0,14.64,14.64,-4.88,-9.76,14.64,14.64,19.52,14.64,53.68,53.68,102.48
4.88,19.52,14.64,-9.76,-4.88,14.64,4.88,24.4,34.16,48.8,53.68,92.72
0,24.4,24.4,-9.76,-14.64,24.4,4.88,19.52,14.64,43.92,48.8,92.72
-4.88,29.28,34.16,-9.76,-19.52,29.28,4.88,24.4,9.76,53.68,53.68,87.84
-4.88,39.04,43.92,-14.64,-24.4,39.04,4.88,34.16,24.4,58.56,48.8,82.96
-9.76,43.92,53.68,-14.64,-34.16,48.8,9.76,39.04,24.4,53.68,48.8,73.2
-9.76,39.04,48.8,-14.64,-29.28,43.92,9.76,48.8,24.4,53.68,48.8,78.08
4.88,39.04,34.16,-19.52,-14.64,34.16,14.64,43.92,0,48.8,53.68,68.32
14.64,29.28,14.64,-19.52,0,19.52,9.76,19.52,-24.4,39.04,39.04,53.68
19.52,29.28,9.76,-24.4,4.88,19.52,14.64,19.52,-14.64,39.04,39.04,53.68
14.64,24.4,9.76,-19.52,0,14.64,9.76,29.28,-4.88,34.16,34.16,53.68
0,19.52,19.52,-9.76,-9.76,19.52,19.52,34.16,0,39.04,39.04,48.8
-14.64,19.52,34.16,0,-24.4,24.4,34.16,58.56,9.76,53.68,53.68,58.56
-19.52,19.52,39.04,0,-29.28,29.28,34.16,53.68,9.76,48.8,43.92,53.68
-9.76,19.52,29.28,-4.88,-19.52,24.4,24.4,39.04,9.76,53.68,39.04,48.8
4.88,29.28,24.4,-14.64,-9.76,24.4,29.28,39.04,19.52,53.68,29.28,39.04
0,24.4,24.4,-9.76,-14.64,24.4,48.8,53.68,34.16,73.2,34.16,48.8
9.76,24.4,14.64,-14.64,-4.88,19.52,48.8,48.8,19.52,73.2,39.04,43.92
9.76,14.64,4.88,-9.76,0,9.76,48.8,43.92,9.76,73.2,48.8,48.8
29.28,19.52,-9.76,-24.4,19.52,4.88,43.92,39.04,-4.88,58.56,48.8,43.92
14.64,14.64,0,-14.64,4.88,4.88,53.68,53.68,-4.88,53.68,58.56,48.8
-4.88,4.88,9.76,0,-9.76,4.88,58.56,48.8,4.88,48.8,58.56,48.8
4.88,19.52,14.64,-9.76,-4.88,14.64,63.44,39.04,24.4,53.68,63.44,53.68
19.52,9.76,-9.76,-14.64,14.64,0,63.44,34.16,14.64,53.68,58.56,43.92
0,-9.76,-9.76,4.88,4.88,-9.76,53.68,24.4,4.88,48.8,48.8,39.04
9.76,9.76,0,-9.76,4.88,4.88,53.68,14.64,0,43.92,39.04,29.28
9.76,0,-9.76,-4.88,9.76,-4.88,68.32,24.4,4.88,58.56,48.8,39.04
-4.88,4.88,9.76,0,-9.76,4.88,78.08,39.04,19.52,63.44,58.56,39.04
-29.28,9.76,39.04,9.76,-34.16,24.4,87.84,48.8,24.4,63.44,63.44,48.8
-24.4,4.88,29.28,9.76,-29.28,14.64,82.96,48.8,19.52,63.44,58.56,48.8
-14.64,0,14.64,9.76,-14.64,4.88,73.2,43.92,9.76,58.56,58.56,48.8
-4.88,9.76,14.64,0,-9.76,9.76,63.44,34.16,14.64,53.68,53.68,43.92
4.88,0,-4.88,0,4.88,-4.88,53.68,34.16,19.52,53.68,39.04,43.92
9.76,-4.88,-14.64,0,9.76,-9.76,39.04,29.28,0,43.92,29.28,34.16
-14.64,-19.52,-4.88,19.52,-4.88,-14.64,43.92,29.28,0,53.68,39.04,39.04
19.52,0,-19.52,-9.76,19.52,-9.76,39.04,34.16,0,43.92,34.16,29.28
24.4,-4.88,-29.28,-9.76,24.4,-19.52,34.16,43.92,14.64,48.8,39.04,34.16
24.4,0,-24.4,-9.76,24.4,-14.64,34.16,48.8,24.4,48.8,34.16,29.28
24.4,0,-24.4,-9.76,24.4,-14.64,48.8,58.56,39.04,63.44,39.04,29.28
9.76,0,-9.76,-4.88,9.76,-4.88,53.68,63.44,29.28,63.44,43.92,19.52
-4.88,-9.76,-4.88,9.76,0,-9.76,63.44,87.84,34.16,78.08,63.44,34.16
-24.4,0,24.4,14.64,-24.4,9.76,68.32,102.48,53.68,92.72,78.08,53.68
-43.92,0,43.92,24.4,-43.92,19.52,48.8,112.24,73.2,97.6,78.08,58.56
-43.92,4.88,48.8,19.52,-48.8,24.4,19.52,107.36,82.96,87.84,73.2,48.8
-14.64,-9.76,4.88,14.64,-9.76,-4.88,-9.76,73.2,48.8,68.32,48.8,29.28
-9.76,-19.52,-9.76,14.64,0,-14.64,-24.4,48.8,29.28,68.32,43.92,14.64
0,-19.52,-19.52,9.76,9.76,-19.52,-19.52,34.16,24.4,78.08,43.92,19.52
9.76,-24.4,-34.16,9.76,19.52,-29.28,-4.88,19.52,19.52,68.32,48.8,24.4
9.76,-34.16,-43.92,14.64,24.4,-39.04,0,19.52,24.4,73.2,39.04,24.4
19.52,-24.4,-43.92,4.88,29.28,-34.16,9.76,43.92,39.04,78.08,34.16,24.4
34.16,-14.64,-48.8,-9.76,39.04,-34.16,4.88,34.16,43.92,63.44,19.52,9.76
19.52,-14.64,-34.16,0,24.4,-24.4,14.64,29.28,39.04,58.56,24.4,9.76
9.76,-14.64,-24.4,4.88,14.64,-19.52,24.4,4.88,9.76,58.56,24.4,14.64
-4.88,-19.52,-14.64,14.64,4.88,-19.52,39.04,-9.76,-34.16,48.8,19.52,9.76
-4.88,-14.64,-9.76,9.76,0,-14.64,34.16,-9.76,-29.28,43.92,14.64,0
-9.76,-14.64,-4.88,14.64,-4.88,-9.76,34.16,14.64,34.16,43.92,19.52,4.88
-14.64,-14.64,0,14.64,-9.76,-9.76,39.04,19.52,58.56,48.8,24.4,9.76
0,-9.76,-9.76,4.88,4.88,-9.76,43.92,14.64,43.92,53.68,29.28,4.88
-14.64,-4.88,9.76,9.76,-14.64,0,43.92,19.52,39.04,58.56,24.4,4.88
-29.28,-14.64,14.64,24.4,-24.4,0,39.04,19.52,34.16,63.44,29.28,9.76
-4.88,-9.76,-4.88,9.76,0,-9.76,34.16,0,4.88,48.8,24.4,4.88
4.88,-9.76,-14.64,4.88,9.76,-14.64,34.16,0,-9.76,39.04,24.4,0
0,-14.64,-14.64,9.76,4.88,-14.64,43.92,0,-9.76,39.04,19.52,0
-4.88,-14.64,-9.76,9.76,0,-14.64,48.8,4.88,9.76,48.8,24.4,4.88
-4.88,-14.64,-9.76,9.76,0,-14.64,43.92,0,4.88,43.92,19.52,0
4.88,-9.76,-14.64,4.88,9.76,-14.64,43.92,9.76,14.64,43.92,14.64,0
0,-14.64,-14.64,9.76,4.88,-14.64,39.04,0,14.64,48.8,14.64,0
0,-9.76,-9.76,4.88,4.88,-9.76,29.28,4.88,14.64,58.56,14.64,0
4.88,0,-4.88,0,4.88,-4.88,19.52,4.88,4.88,58.56,9.76,-4.88
4.88,-9.76,-14.64,4.88,9.76,-14.64,19.52,14.64,4.88,68.32,14.64,4.88
-9.76,-4.88,4.88,9.76,-9.76,0,14.64,14.64,0,68.32,29.28,14.64
-14.64,-4.88,9.76,9.76,-14.64,0,9.76,14.64,14.64,63.44,29.28,9.76
-9.76,-4.88,4.88,9.76,-9.76,0,4.88,19.52,29.28,58.56,24.4,9.76
0,-9.76,-9.76,4.88,4.88,-9.76,14.64,19.52,29.28,68.32,29.28,14.64
4.88,-14.64,-19.52,4.88,9.76,-19.52,19.52,0,4.88,48.8,14.64,4.88
19.52,-4.88,-24.4,-4.88,19.52,-14.64,19.52,0,4.88,39.04,0,-9.76
14.64,-4.88,-19.52,-4.88,14.64,-14.64,19.52,4.88,19.52,43.92,0,-4.88
-9.76,-9.76,0,9.76,-4.88,-4.88,14.64,19.52,29.28,58.56,19.52,4.88
29.28,4.88,-24.4,-14.64,24.4,-9.76,24.4,19.52,19.52,63.44,19.52,4.88
29.28,-4.88,-34.16,-9.76,29.28,-19.52,29.28,19.52,4.88,63.44,14.64,4.88
-9.76,-9.76,0,9.76,-4.88,-4.88,43.92,48.8,24.4,78.08,29.28,14.64
-9.76,0,9.76,4.88,-9.76,4.88,43.92,58.56,53.68,82.96,34.16,0
-14.64,-4.88,9.76,9.76,-14.64,0,43.92,58.56,53.68,82.96,29.28,-4.88
-24.4,0,24.4,14.64,-24.4,9.76,48.8,48.8,39.04,82.96,24.4,-9.76
-4.88,4.88,9.76,0,-9.76,4.88,53.68,34.16,19.52,68.32,19.52,-19.52
-4.88,-4.88,0,4.88,-4.88,-4.88,53.68,19.52,19.52,63.44,4.88,-24.4
0,0,0,0,0,0,53.68,24.4,19.52,73.2,9.76,-14.64
-4.88,-4.88,0,4.88,-4.88,-4.88,63.44,34.16,19.52,82.96,24.4,-9.76
0,-9.76,-9.76,4.88,4.88,-9.76,58.56,19.52,-9.76,73.2,14.64,-14.64
4.88,-9.76,-14.64,4.88,9.76,-14.64,63.44,14.64,0,73.2,19.52,-19.52
0,-19.52,-19.52,9.76,9.76,-19.52,58.56,14.64,19.52,68.32,19.52,-24.4
-4.88,-14.64,-9.76,9.76,0,-14.64,63.44,29.28,39.04,68.32,24.4,-24.4
0,-14.64,-14.64,9.76,4.88,-14.64,63.44,39.04,34.16,78.08,14.64,-24.4
0,-14.64,-14.64,9.76,4.88,-14.64,63.44,34.16,24.4,68.32,4.88,-34.16
0,-14.64,-14.64,9.76,4.88,-14.64,58.56,29.28,29.28,63.44,4.88,-39.04
-9.76,-4.88,4.88,9.76,-9.76,0,68.32,34.16,29.28,68.32,0,-39.04
-14.64,0,14.64,9.76,-14.64,4.88,73.2,39.04,24.4,73.2,0,-39.04
-29.28,0,29.28,14.64,-29.28,14.64,82.96,48.8,24.4,78.08,9.76,-34.16
-19.52,-4.88,14.64,14.64,-19.52,4.88,78.08,48.8,14.64,78.08,4.88,-39.04
0,9.76,9.76,-4.88,-4.88,9.76,63.44,24.4,0,78.08,-4.88,-53.68
0,4.88,4.88,0,-4.88,4.88,63.44,29.28,24.4,87.84,9.76,-53.68
0,4.88,4.88,0,-4.88,4.88,48.8,24.4,24.4,78.08,4.88,-63.44
14.64,4.88,-9.76,-9.76,9.76,-4.88,39.04,24.4,9.76,73.2,-9.76,-78.08
14.64,0,-14.64,-4.88,14.64,-9.76,29.28,19.52,-4.88,63.44,-19.52,-82.96
9.76,0,-9.76,-4.88,9.76,-4.88,19.52,14.64,-4.88,43.92,-24.4,-87.84
24.4,0,-24.4,-9.76,24.4,-14.64,19.52,29.28,24.4,39.04,-24.4,-87.84
19.52,0,-19.52,-9.76,19.52,-9.76,19.52,48.8,43.92,58.56,-14.64,-87.84
9.76,4.88,-4.88,-4.88,4.88,0,39.04,63.44,43.92,73.2,0,-82.96
-14.64,-4.88,9.76,9.76,-14.64,0,39.04,53.68,39.04,78.08,4.88,-82.96
-19.52,-9.76,9.76,14.64,-14.64,0,43.92,34.16,39.04,87.84,19.52,-73.2
0,0,0,0,0,0,34.16,29.28,19.52,78.08,9.76,-87.84
0,-4.88,-4.88,4.88,0,-4.88,19.52,4.88,0,39.04,-4.88,-102.48
0,-14.64,-14.64,9.76,4.88,-14.64,9.76,14.64,19.52,29.28,-14.64,-107.36
0,4.88,4.88,0,-4.88,4.88,19.52,34.16,29.28,48.8,-9.76,-107.36
-9.76,9.76,19.52,0,-14.64,14.64,34.16,24.4,14.64,58.56,-4.88,-107.36
-14.64,0,14.64,9.76,-14.64,4.88,39.04,29.28,0,53.68,-9.76,-107.36
4.88,-9.76,-14.64,4.88,9.76,-14.64,43.92,24.4,-9.76,43.92,-19.52,-112.24
4.88,-9.76,-14.64,4.88,9.76,-14.64,39.04,9.76,-4.88,39.04,-24.4,-131.76
9.76,-9.76,-19.52,0,14.64,-14.64,43.92,14.64,19.52,48.8,-9.76,-126.88
0,-4.88,-4.88,4.88,0,-4.88,53.68,34.16,39.04,68.32,4.88,-102.48
0,-9.76,-9.76,4.88,4.88,-9.76,58.56,43.92,43.92,73.2,9.76,-102.48
-4.88,-4.88,0,4.88,-4.88,-4.88,68.32,58.56,48.8,73.2,14.64,-102.48
-24.4,-4.88,19.52,14.64,-24.4,4.88,68.32,63.44,48.8,78.08,14.64,-107.36
-14.64,0,14.64,9.76,-14.64,4.88,68.32,53.68,34.16,68.32,4.88,-112.24
0,-4.88,-4.88,4.88,0,-4.88,53.68,14.64,-9.76,39.04,-14.64,-131.76
-4.88,0,4.88,4.88,-4.88,0,53.68,19.52,-14.64,39.04,-24.4,-141.52
9.76,4.88,-4.88,-4.88,4.88,0,58.56,39.04,-4.88,43.92,-19.52,-146.4
-9.76,0,9.76,4.88,-9.76,4.88,68.32,48.8,0,48.8,-14.64,-146.4
-24.4,0,24.4,14.64,-24.4,9.76,68.32,39.04,-4.88,48.8,-14.64,-141.52
-24.4,-4.88,19.52,14.64,-24.4,4.88,63.44,34.16,-19.52,53.68,-9.76,-141.52
-14.64,-9.76,4.88,14.64,-9.76,-4.88,53.68,24.4,-4.88,48.8,-9.76,-141.52
4.88,-4.88,-9.76,0,4.88,-9.76,34.16,4.88,-14.64,39.04,-19.52,-146.4
4.88,-9.76,-14.64,4.88,9.76,-14.64,19.52,4.88,-9.76,43.92,-19.52,-151.28
-9.76,-9.76,0,9.76,-4.88,-4.88,24.4,9.76,0,48.8,-9.76,-146.4
-14.64,-4.88,9.76,9.76,-14.64,0,24.4,14.64,9.76,53.68,-9.76,-141.52
-19.52,-4.88,14.64,14.64,-19.52,4.88,24.4,14.64,9.76,53.68,-14.64,-131.76
-9.76,-4.88,4.88,9.76,-9.76,0,24.4,19.52,14.64,48.8,-24.4,-126.88
-4.88,0,4.88,4.88,-4.88,0,29.28,34.16,14.64,48.8,-19.52,-112.24
-4.88,-9.76,-4.88,9.76,0,-9.76,34.16,39.04,24.4,39.04,-19.52,-107.36
0,0,0,0,0,0,48.8,43.92,29.28,39.04,-9.76,-102.48
0,-4.88,-4.88,4.88,0,-4.88,53.68,34.16,9.76,39.04,-19.52,-102.48
-9.76,-9.76,0,9.76,-4.88,-4.88,48.8,29.28,-4.88,34.16,-24.4,-97.6
-14.64,-4.88,9.76,9.76,-14.64,0,53.68,34.16,-4.88,34.16,-24.4,-87.84
-14.64,-9.76,4.88,14.64,-9.76,-4.88,68.32,43.92,14.64,34.16,-19.52,-92.72
-4.88,-4.88,0,4.88,-4.88,-4.88,68.32,43.92,24.4,34.16,-24.4,-102.48
-9.76,9.76,19.52,0,-14.64,14.64,82.96,48.8,19.52,48.8,-19.52,-102.48
-29.28,4.88,34.16,14.64,-34.16,19.52,102.48,58.56,4.88,58.56,-14.64,-92.72
-14.64,0,14.64,9.76,-14.64,4.88,92.72,43.92,-14.64,53.68,-19.52,-97.6
-14.64,-14.64,0,14.64,-9.76,-9.76,92.72,29.28,-9.76,43.92,-29.28,-92.72
-19.52,-14.64,4.88,19.52,-14.64,-4.88,102.48,34.16,4.88,43.92,-24.4,-87.84
-9.76,-14.64,-4.88,14.64,-4.88,-9.76,92.72,24.4,0,14.64,-43.92,-97.6
-14.64,-24.4,-9.76,19.52,-4.88,-19.52,82.96,9.76,-9.76,0,-53.68,-102.48
-4.88,-9.76,-4.88,9.76,0,-9.76,82.96,4.88,-14.64,9.76,-43.92,-107.36
0,9.76,9.76,-4.88,-4.88,9.76,92.72,19.52,-34.16,24.4,-34.16,-102.48
-24.4,-4.88,19.52,14.64,-24.4,4.88,97.6,14.64,-43.92,29.28,-29.28,-97.6
-9.76,4.88,14.64,4.88,-14.64,9.76,97.6,24.4,-4.88,29.28,-29.28,-97.6
-4.88,0,4.88,4.88,-4.88,0,102.48,34.16,14.64,39.04,-34.16,-97.6
-4.88,-9.76,-4.88,9.76,0,-9.76,92.72,39.04,9.76,34.16,-29.28,-97.6
-19.52,-9.76,9.76,14.64,-14.64,0,102.48,48.8,19.52,29.28,-19.52,-92.72
-24.4,-9.76,14.64,19.52,-19.52,0,107.36,48.8,19.52,24.4,-14.64,-87.84
-9.76,-4.88,4.88,9.76,-9.76,0,97.6,39.04,24.4,24.4,-19.52,-97.6
-14.64,9.76,24.4,4.88,-19.52,14.64,87.84,34.16,24.4,19.52,-24.4,-107.36
-24.4,-4.88,19.52,14.64,-24.4,4.88,82.96,29.28,19.52,19.52,-29.28,-107.36
-14.64,-19.52,-4.88,19.52,-4.88,-14.64,78.08,24.4,0,19.52,-29.28,-102.48
-14.64,-14.64,0,14.64,-9.76,-9.76,68.32,19.52,-19.52,9.76,-39.04,-112.24
4.88,-24.4,-29.28,9.76,14.64,-29.28,53.68,14.64,-14.64,0,-43.92,-117.12
4.88,-14.64,-19.52,4.88,9.76,-19.52,53.68,34.16,19.52,14.64,-39.04,-112.24
0,-19.52,-19.52,9.76,9.76,-19.52,43.92,39.04,39.04,14.64,-39.04,-117.12
-4.88,-4.88,0,4.88,-4.88,-4.88,43.92,39.04,29.28,24.4,-29.28,-107.36
-34.16,0,34.16,19.52,-34.16,14.64,53.68,53.68,29.28,43.92,-9.76,-92.72
-34.16,-4.88,29.28,19.52,-34.16,9.76,48.8,48.8,-4.88,34.16,-9.76,-102.48
-29.28,0,29.28,14.64,-29.28,14.64,48.8,39.04,9.76,24.4,-9.76,-107.36
-29.28,-4.88,24.4,19.52,-29.28,9.76,53.68,43.92,39.04,29.28,-4.88,-107.36
-29.28,-4.88,24.4,19.52,-29.28,9.76,53.68,48.8,29.28,34.16,-14.64,-112.24
-14.64,-4.88,9.76,9.76,-14.64,0,48.8,24.4,-4.88,14.64,-29.28,-126.88
0,-14.64,-14.64,9.76,4.88,-14.64,43.92,9.76,-34.16,0,-39.04,-136.64
9.76,-14.64,-24.4,4.88,14.64,-19.52,53.68,0,-39.04,-9.76,-39.04,-136.64
0,-14.64,-14.64,9.76,4.88,-14.64,63.44,19.52,-14.64,4.88,-24.4,-131.76
-4.88,-9.76,-4.88,9.76,0,-9.76,58.56,24.4,0,9.76,-29.28,-136.64
-9.76,-4.88,4.88,9.76,-9.76,0,48.8,39.04,19.52,29.28,-19.52,-126.88
-9.76,-4.88,4.88,9.76,-9.76,0,19.52,29.28,4.88,14.64,-24.4,-131.76
-19.52,-14.64,4.88,19.52,-14.64,-4.88,0,19.52,-14.64,14.64,-24.4,-136.64
-9.76,-19.52,-9.76,14.64,0,-14.64,-24.4,4.88,-39.04,0,-34.16,-146.4
-14.64,-24.4,-9.76,19.52,-4.88,-19.52,-29.28,9.76,-39.04,4.88,-34.16,-141.52
-9.76,-9.76,0,9.76,-4.88,-4.88,-24.4,4.88,-29.28,0,-39.04,-156.16
0,-4.88,-4.88,4.88,0,-4.88,0,19.52,-4.88,4.88,-34.16,-151.28
-14.64,-9.76,4.88,14.64,-9.76,-4.88,34.16,39.04,9.76,24.4,-19.52,-141.52
-19.52,-19.52,0,19.52,-9.76,-9.76,43.92,34.16,4.88,24.4,-24.4,-141.52
-14.64,-24.4,-9.76,19.52,-4.88,-19.52,43.92,24.4,-9.76,14.64,-29.28,-156.16
-4.88,-24.4,-19.52,14.64,4.88,-24.4,53.68,19.52,-14.64,9.76,-29.28,-156.16
9.76,-19.52,-29.28,4.88,19.52,-24.4,63.44,24.4,-19.52,4.88,-29.28,-161.04
4.88,-14.64,-19.52,4.88,9.76,-19.52,78.08,24.4,-4.88,14.64,-19.52,-151.28
-4.88,-19.52,-14.64,14.64,4.88,-19.52,82.96,29.28,4.88,19.52,-19.52,-151.28
0,-24.4,-24.4,14.64,9.76,-24.4,73.2,34.16,9.76,19.52,-24.4,-161.04
-4.88,-19.52,-14.64,14.64,4.88,-19.52,68.32,34.16,-4.88,14.64,-39.04,-165.92
-9.76,-9.76,0,9.76,-4.88,-4.88,73.2,34.16,-9.76,24.4,-34.16,-161.04
-19.52,-14.64,4.88,19.52,-14.64,-4.88,87.84,34.16,-14.64,24.4,-24.4,-161.04
-19.52,-14.64,4.88,19.52,-14.64,-4.88,78.08,19.52,-29.28,14.64,-29.28,-165.92
-24.4,-14.64,9.76,19.52,-19.52,-4.88,73.2,24.4,-9.76,9.76,-24.4,-161.04
-24.4,-14.64,9.76,19.52,-19.52,-4.88,63.44,34.16,24.4,14.64,-9.76,-146.4
-14.64,0,14.64,9.76,-14.64,4.88,43.92,43.92,24.4,14.64,-9.76,-146.4
-9.76,-4.88,4.88,9.76,-9.76,0,34.16,48.8,14.64,19.52,-14.64,-146.4
-19.52,-9.76,9.76,14.64,-14.64,0,34.16,39.04,9.76,14.64,-24.4,-146.4
-14.64,-4.88,9.76,9.76,-14.64,0,29.28,43.92,4.88,14.64,-29.28,-161.04
-14.64,-9.76,4.88,14.64,-9.76,-4.88,34.16,53.68,9.76,24.4,-29.28,-165.92
-14.64,-4.88,9.76,9.76,-14.64,0,39.04,43.92,-4.88,19.52,-34.16,-165.92
-19.52,-4.88,14.64,14.64,-19.52,4.88,48.8,53.68,4.88,29.28,-24.4,-156.16
-29.28,-14.64,14.64,24.4,-24.4,0,43.92,58.56,-4.88,24.4,-24.4,-161.04
-9.76,-9.76,0,9.76,-4.88,-4.88,43.92,43.92,-9.76,9.76,-39.04,-170.8
0,-9.76,-9.76,4.88,4.88,-9.76,48.8,39.04,4.88,9.76,-24.4,-161.04
0,-9.76,-9.76,4.88,4.88,-9.76,43.92,34.16,0,14.64,-24.4,-170.8
-9.76,-9.76,0,9.76,-4.88,-4.88,48.8,24.4,-19.52,14.64,-24.4,-170.8
-19.52,-9.76,9.76,14.64,-14.64,0,53.68,29.28,-14.64,14.64,-29.28,-175.68
-9.76,-9.76,0,9.76,-4.88,-4.88,53.68,43.92,19.52,9.76,-24.4,-175.68
-9.76,0,9.76,4.88,-9.76,4.88,58.56,63.44,43.92,24.4,-14.64,-170.8
-24.4,0,24.4,14.64,-24.4,9.76,63.44,68.32,24.4,34.16,-9.76,-180.56
-39.04,-4.88,34.16,24.4,-39.04,14.64,73.2,68.32,0,39.04,-4.88,-185.44
-39.04,-14.64,24.4,29.28,-34.16,4.88,63.44,39.04,-19.52,19.52,-19.52,-190.32
-24.4,-14.64,9.76,19.52,-19.52,-4.88,68.32,39.04,9.76,19.52,-19.52,-185.44
-4.88,-4.88,0,4.88,-4.88,-4.88,68.32,39.04,19.52,4.88,-29.28,-190.32
-9.76,-19.52,-9.76,14.64,0,-14.64,53.68,29.28,9.76,4.88,-39.04,-195.2
-24.4,-34.16,-9.76,29.28,-9.76,-24.4,34.16,29.28,-4.88,0,-39.04,-190.32
-14.64,-24.4,-9.76,19.52,-4.88,-19.52,24.4,34.16,-19.52,4.88,-34.16,-185.44
-19.52,-19.52,0,19.52,-9.76,-9.76,4.88,48.8,0,9.76,-24.4,-175.68
-34.16,-14.64,19.52,24.4,-29.28,0,-19.52,58.56,24.4,14.64,-19.52,-175.68
-48.8,-14.64,34.16,34.16,-43.92,9.76,-4.88,68.32,29.28,29.28,-4.88,-161.04
-43.92,-14.64,29.28,29.28,-39.04,4.88,4.88,58.56,24.4,34.16,-14.64,-165.92
-39.04,-14.64,24.4,29.28,-34.16,4.88,14.64,39.04,19.52,29.28,-19.52,-165.92
-39.04,-34.16,4.88,39.04,-24.4,-14.64,24.4,29.28,0,14.64,-34.16,-180.56
-29.28,-14.64,14.64,24.4,-24.4,0,39.04,34.16,19.52,24.4,-14.64,-156.16
-29.28,-9.76,19.52,19.52,-24.4,4.88,53.68,39.04,29.28,43.92,-9.76,-141.52
-29.28,-19.52,9.76,24.4,-19.52,-4.88,48.8,34.16,4.88,29.28,-19.52,-151.28
-19.52,-19.52,0,19.52,-9.76,-9.76,43.92,29.28,-19.52,19.52,-39.04,-151.28
-19.52,-24.4,-4.88,24.4,-9.76,-14.64,29.28,19.52,-43.92,4.88,-34.16,-156.16
-14.64,-24.4,-9.76,19.52,-4.88,-19.52,29.28,29.28,-29.28,-4.88,-34.16,-156.16
-4.88,-14.64,-9.76,9.76,0,-14.64,29.28,39.04,-14.64,0,-29.28,-146.4
-9.76,-14.64,-4.88,14.64,-4.88,-9.76,29.28,48.8,-34.16,4.88,-24.4,-141.52
-14.64,-14.64,0,14.64,-9.76,-9.76,24.4,29.28,-39.04,-4.88,-34.16,-146.4
0,-4.88,-4.88,4.88,0,-4.88,24.4,19.52,-34.16,-9.76,-29.28,-146.4
0,-14.64,-14.64,9.76,4.88,-14.64,29.28,34.16,-14.64,9.76,-19.52,-136.64
-4.88,4.88,9.76,0,-9.76,4.88,39.04,39.04,-4.88,9.76,-24.4,-141.52
-29.28,0,29.28,14.64,-29.28,14.64,34.16,53.68,4.88,14.64,-14.64,-131.76
-63.44,4.88,68.32,29.28,-68.32,34.16,43.92,68.32,14.64,29.28,-9.76,-122
-73.2,9.76,82.96,34.16,-78.08,43.92,53.68,68.32,24.4,43.92,-4.88,-102.48
-58.56,-4.88,53.68,34.16,-58.56,24.4,48.8,63.44,19.52,39.04,-14.64,-97.6
-29.28,4.88,34.16,14.64,-34.16,19.52,39.04,39.04,0,29.28,-24.4,-102.48
-4.88,0,4.88,4.88,-4.88,0,34.16,24.4,-24.4,14.64,-39.04,-107.36
4.88,0,-4.88,0,4.88,-4.88,24.4,19.52,-39.04,-4.88,-48.8,-112.24
0,0,0,0,0,0,19.52,24.4,-34.16,-4.88,-43.92,-107.36
-4.88,-9.76,-4.88,9.76,0,-9.76,19.52,24.4,-14.64,9.76,-34.16,-97.6
-19.52,-14.64,4.88,19.52,-14.64,-4.88,29.28,24.4,-14.64,9.76,-34.16,-97.6
0,4.88,4.88,0,-4.88,4.88,24.4,14.64,-34.16,0,-39.04,-102.48
-9.76,0,9.76,4.88,-9.76,4.88,34.16,24.4,-29.28,0,-39.04,-92.72
-4.88,-4.88,0,4.88,-4.88,-4.88,39.04,24.4,-39.04,4.88,-34.16,-87.84
-4.88,-9.76,-4.88,9.76,0,-9.76,48.8,34.16,-14.64,24.4,-24.4,-92.72
-9.76,-9.76,0,9.76,-4.88,-4.88,58.56,63.44,39.04,63.44,9.76,-97.6
-19.52,-4.88,14.64,14.64,-19.52,4.88,82.96,122,112.24,136.64,73.2,-82.96
-9.76,0,9.76,4.88,-9.76,4.88,82.96,141.52,146.4,175.68,112.24,-78.08
14.64,19.52,4.88,-14.64,4.88,9.76,82.96,151.28,161.04,209.84,146.4,-58.56
24.4,24.4,0,-24.4,9.76,9.76,82.96,161.04,180.56,258.64,219.6,19.52
39.04,39.04,0,-39.04,19.52,19.52,63.44,141.52,190.32,292.8,317.2,131.76
63.44,58.56,-4.88,-58.56,34.16,24.4,39.04,131.76,200.08,351.36,448.96,287.92
78.08,68.32,-9.76,-73.2,43.92,29.28,14.64,136.64,278.16,483.12,653.92,463.6
107.36,87.84,-19.52,-97.6,63.44,34.16,-9.76,161.04,414.8,683.2,912.56,678.32
136.64,126.88,-9.76,-131.76,73.2,58.56,-29.28,190.32,585.6,946.72,1263.92,1000.4
170.8,165.92,-4.88,-165.92,87.84,78.08,-53.68,200.08,712.48,1171.2,1590.88,1361.52
195.2,209.84,14.64,-200.08,87.84,112.24,-87.84,165.92,678.32,1205.36,1805.6,1693.36
219.6,248.88,29.28,-234.24,92.72,136.64,-126.88,112.24,531.92,1054.08,1859.28,1937.36
229.36,278.16,48.8,-253.76,87.84,161.04,-175.68,29.28,331.84,800.32,1790.96,2108.16
219.6,331.84,112.24,-273.28,53.68,219.6,-195.2,-73.2,97.6,551.44,1683.6,2210.64
185.44,370.88,185.44,-278.16,0,278.16,-219.6,-170.8,-136.64,317.2,1517.68,2132.56
161.04,405.04,244,-283.04,-43.92,322.08,-234.24,-239.12,-331.84,87.84,1278.56,1878.8
136.64,429.44,292.8,-283.04,-78.08,361.12,-219.6,-248.88,-453.84,-117.12,980.88,1483.52
112.24,346.48,234.24,-229.36,-63.44,287.92,-161.04,-170.8,-492.88,-273.28,678.32,995.52
73.2,204.96,131.76,-136.64,-29.28,165.92,-39.04,19.52,-429.44,-419.68,302.56,400.16
0,73.2,73.2,-34.16,-39.04,73.2,73.2,200.08,-414.8,-614.88,-180.56,-190.32
-39.04,-34.16,4.88,39.04,-24.4,-14.64,151.28,297.68,-458.72,-834.48,-673.44,-658.8
-63.44,-107.36,-43.92,87.84,-9.76,-78.08,175.68,331.84,-546.56,-1068.72,-1127.28,-976
-73.2,-185.44,-112.24,131.76,19.52,-151.28,190.32,336.72,-644.16,-1268.8,-1444.48,-1156.56
-78.08,-239.12,-161.04,161.04,39.04,-200.08,195.2,292.8,-751.52,-1405.44,-1654.32,-1263.92
-82.96,-273.28,-190.32,180.56,53.68,-234.24,170.8,136.64,-922.32,-1517.68,-1722.64,-1263.92
-87.84,-312.32,-224.48,200.08,68.32,-268.4,112.24,-112.24,-1098,-1576.24,-1668.96,-1224.88
-82.96,-336.72,-253.76,209.84,82.96,-297.68,48.8,-331.84,-1220,-1590.88,-1595.76,-1156.56
-82.96,-302.56,-219.6,195.2,68.32,-263.52,14.64,-453.84,-1254.16,-1517.68,-1483.52,-1068.72
-97.6,-258.64,-161.04,180.56,29.28,-209.84,14.64,-463.6,-1205.36,-1400.56,-1332.24,-976
-107.36,-224.48,-117.12,165.92,4.88,-170.8,14.64,-429.44,-1088.24,-1263.92,-1210.24,-893.04
-117.12,-209.84,-92.72,165.92,-14.64,-151.28,19.52,-356.24,-907.68,-1088.24,-1049.2,-795.44
-97.6,-200.08,-102.48,151.28,0,-151.28,14.64,-263.52,-717.36,-902.8,-893.04,-707.6
-68.32,-161.04,-92.72,117.12,9.76,-126.88,9.76,-195.2,-580.72,-746.64,-756.4,-629.52
-63.44,-136.64,-73.2,102.48,4.88,-107.36,14.64,-112.24,-458.72,-595.36,-629.52,-551.44
-78.08,-117.12,-39.04,97.6,-19.52,-78.08,24.4,-29.28,-346.48,-468.48,-517.28,-483.12
-68.32,-78.08,-9.76,73.2,-29.28,-43.92,34.16,-4.88,-287.92,-370.88,-419.68,-419.68
-58.56,-43.92,14.64,53.68,-39.04,-14.64,34.16,-34.16,-239.12,-292.8,-341.6,-351.36
-29.28,-14.64,14.64,24.4,-24.4,0,29.28,-58.56,-195.2,-239.12,-283.04,-302.56
-14.64,-14.64,0,14.64,-9.76,-9.76,34.16,-48.8,-141.52,-190.32,-224.48,-268.4
-4.88,-9.76,-4.88,9.76,0,-9.76,34.16,-9.76,-87.84,-131.76,-175.68,-239.12
-4.88,-14.64,-9.76,9.76,0,-14.64,43.92,19.52,-63.44,-92.72,-151.28,-214.72
-14.64,-34.16,-19.52,24.4,0,-29.28,43.92,34.16,-63.44,-58.56,-131.76,-219.6
-24.4,-24.4,0,24.4,-14.64,-14.64,48.8,48.8,-43.92,-39.04,-107.36,-204.96
-24.4,-29.28,-4.88,29.28,-9.76,-19.52,43.92,48.8,-4.88,-29.28,-87.84,-185.44
-24.4,-34.16,-9.76,29.28,-9.76,-24.4,19.52,39.04,9.76,-24.4,-82.96,-180.56
-24.4,-19.52,4.88,24.4,-14.64,-9.76,14.64,43.92,-4.88,-19.52,-63.44,-170.8
-29.28,-19.52,9.76,24.4,-19.52,-4.88,14.64,34.16,4.88,-4.88,-48.8,-156.16
-19.52,-14.64,4.88,19.52,-14.64,-4.88,29.28,19.52,9.76,-4.88,-39.04,-141.52
4.88,0,-4.88,0,4.88,-4.88,34.16,19.52,-4.88,-9.76,-34.16,-141.52
4.88,-9.76,-14.64,4.88,9.76,-14.64,29.28,9.76,-14.64,-14.64,-43.92,-141.52
-24.4,-14.64,9.76,19.52,-19.52,-4.88,43.92,29.28,4.88,4.88,-29.28,-117.12
-34.16,0,34.16,19.52,-34.16,14.64,68.32,48.8,29.28,34.16,-9.76,-92.72
-4.88,24.4,29.28,-9.76,-19.52,24.4,73.2,58.56,58.56,58.56,14.64,-87.84
4.88,9.76,4.88,-4.88,0,4.88,78.08,68.32,78.08,82.96,34.16,-68.32
-19.52,-9.76,9.76,14.64,-14.64,0,78.08,78.08,87.84,92.72,43.92,-63.44
-14.64,-4.88,9.76,9.76,-14.64,0,82.96,73.2,78.08,92.72,53.68,-63.44
4.88,19.52,14.64,-9.76,-4.88,14.64,78.08,68.32,82.96,97.6,63.44,-48.8
0,4.88,4.88,0,-4.88,4.88,73.2,53.68,78.08,87.84,63.44,-43.92
14.64,19.52,4.88,-14.64,4.88,9.76,68.32,53.68,78.08,78.08,63.44,-48.8
34.16,34.16,0,-34.16,14.64,14.64,68.32,53.68,82.96,82.96,63.44,-48.8
19.52,24.4,4.88,-19.52,4.88,14.64,68.32,48.8,87.84,87.84,68.32,-43.92
24.4,24.4,0,-24.4,9.76,9.76,78.08,68.32,107.36,102.48,73.2,-39.04
29.28,14.64,-14.64,-19.52,19.52,0,73.2,63.44,97.6,102.48,73.2,-43.92
24.4,-4.88,-29.28,-9.76,24.4,-19.52,82.96,63.44,102.48,107.36,73.2,-29.28
24.4,-4.88,-29.28,-9.76,24.4,-19.52,87.84,68.32,92.72,97.6,78.08,-24.4
19.52,-4.88,-24.4,-4.88,19.52,-14.64,78.08,58.56,87.84,97.6,87.84,-34.16
24.4,4.88,-19.52,-14.64,19.52,-9.76,78.08,58.56,102.48,102.48,87.84,-29.28
39.04,14.64,-24.4,-24.4,29.28,-4.88,82.96,53.68,92.72,97.6,82.96,-29.28
29.28,4.88,-24.4,-14.64,24.4,-9.76,78.08,43.92,78.08,82.96,82.96,-43.92
29.28,14.64,-14.64,-19.52,19.52,0,73.2,29.28,73.2,92.72,78.08,-43.92
34.16,9.76,-24.4,-19.52,29.28,-9.76,68.32,24.4,48.8,87.84,78.08,-43.92
34.16,9.76,-24.4,-19.52,29.28,-9.76,78.08,24.4,43.92,87.84,68.32,-53.68
29.28,14.64,-14.64,-19.52,19.52,0,73.2,34.16,78.08,92.72,82.96,-58.56
9.76,0,-9.76,-4.88,9.76,-4.88,73.2,53.68,122,112.24,92.72,-48.8
-4.88,0,4.88,4.88,-4.88,0,78.08,68.32,136.64,122,112.24,-48.8
9.76,4.88,-4.88,-4.88,4.88,0,68.32,58.56,126.88,126.88,112.24,-53.68
14.64,0,-14.64,-4.88,14.64,-9.76,63.44,58.56,126.88,126.88,117.12,-48.8
19.52,0,-19.52,-9.76,19.52,-9.76,58.56,48.8,122,126.88,117.12,-39.04
14.64,-4.88,-19.52,-4.88,14.64,-14.64,43.92,39.04,102.48,112.24,107.36,-48.8
19.52,-4.88,-24.4,-4.88,19.52,-14.64,34.16,39.04,97.6,102.48,102.48,-53.68
34.16,4.88,-29.28,-19.52,29.28,-14.64,29.28,48.8,97.6,102.48,107.36,-48.8
29.28,4.88,-24.4,-14.64,24.4,-9.76,39.04,48.8,102.48,107.36,97.6,-53.68
34.16,4.88,-29.28,-19.52,29.28,-14.64,39.04,58.56,117.12,112.24,92.72,-73.2
29.28,-4.88,-34.16,-9.76,29.28,-19.52,48.8,63.44,131.76,126.88,107.36,-58.56
24.4,-4.88,-29.28,-9.76,24.4,-19.52,48.8,68.32,122,131.76,117.12,-53.68
19.52,9.76,-9.76,-14.64,14.64,0,58.56,68.32,126.88,141.52,131.76,-39.04
19.52,9.76,-9.76,-14.64,14.64,0,53.68,63.44,112.24,141.52,136.64,-29.28
24.4,0,-24.4,-9.76,24.4,-14.64,48.8,43.92,97.6,131.76,126.88,-24.4
29.28,0,-29.28,-14.64,29.28,-14.64,43.92,48.8,97.6,122,122,-34.16
19.52,-9.76,-29.28,-4.88,24.4,-19.52,39.04,43.92,112.24,117.12,117.12,-43.92
29.28,-9.76,-39.04,-9.76,34.16,-24.4,53.68,58.56,126.88,126.88,122,-34.16
34.16,-14.64,-48.8,-9.76,39.04,-34.16,53.68,48.8,126.88,136.64,112.24,-39.04
34.16,-4.88,-39.04,-14.64,34.16,-24.4,53.68,43.92,141.52,136.64,112.24,-39.04
29.28,-9.76,-39.04,-9.76,34.16,-24.4,68.32,68.32,161.04,151.28,117.12,-24.4
39.04,-4.88,-43.92,-14.64,39.04,-24.4,78.08,53.68,131.76,141.52,117.12,-29.28
34.16,0,-34.16,-14.64,34.16,-19.52,92.72,48.8,112.24,146.4,126.88,-29.28
29.28,-9.76,-39.04,-9.76,34.16,-24.4,87.84,48.8,126.88,146.4,141.52,-24.4
29.28,-14.64,-43.92,-4.88,34.16,-29.28,78.08,43.92,131.76,151.28,136.64,-24.4
43.92,4.88,-39.04,-24.4,39.04,-19.52,78.08,43.92,151.28,146.4,141.52,-19.52
24.4,-4.88,-29.28,-9.76,24.4,-19.52,73.2,39.04,156.16,141.52,126.88,-19.52
24.4,-9.76,-34.16,-4.88,29.28,-24.4,73.2,29.28,136.64,131.76,126.88,-14.64
34.16,-4.88,-39.04,-14.64,34.16,-24.4,68.32,9.76,87.84,122,122,-14.64
39.04,-4.88,-43.92,-14.64,39.04,-24.4,58.56,9.76,68.32,107.36,126.88,-19.52
48.8,4.88,-43.92,-24.4,43.92,-19.52,53.68,19.52,102.48,117.12,136.64,-24.4
48.8,0,-48.8,-24.4,48.8,-24.4,68.32,34.16,161.04,136.64,151.28,-9.76
34.16,4.88,-29.28,-19.52,29.28,-14.64,58.56,29.28,165.92,151.28,156.16,-4.88
39.04,9.76,-29.28,-24.4,34.16,-9.76,58.56,29.28,141.52,151.28,161.04,9.76
43.92,4.88,-39.04,-24.4,39.04,-19.52,53.68,14.64,117.12,146.4,146.4,4.88
39.04,4.88,-34.16,-19.52,34.16,-14.64,43.92,9.76,122,126.88,141.52,0
43.92,9.76,-34.16,-24.4,39.04,-14.64,39.04,9.76,117.12,122,136.64,4.88
39.04,14.64,-24.4,-24.4,29.28,-4.88,39.04,19.52,126.88,126.88,151.28,9.76
58.56,24.4,-34.16,-39.04,43.92,-4.88,29.28,19.52,131.76,141.52,146.4,4.88
58.56,19.52,-39.04,-39.04,48.8,-9.76,19.52,24.4,131.76,136.64,146.4,0
39.04,14.64,-24.4,-24.4,29.28,-4.88,29.28,9.76,131.76,151.28,156.16,9.76
63.44,19.52,-43.92,-39.04,53.68,-14.64,24.4,-34.16,112.24,141.52,146.4,4.88
53.68,29.28,-24.4,-39.04,39.04,0,19.52,-24.4,117.12,146.4,156.16,9.76
43.92,29.28,-14.64,-34.16,29.28,4.88,29.28,-9.76,117.12,136.64,161.04,19.52
53.68,29.28,-24.4,-39.04,39.04,0,43.92,9.76,131.76,141.52,161.04,24.4
53.68,29.28,-24.4,-39.04,39.04,0,34.16,9.76,136.64,126.88,156.16,19.52
58.56,43.92,-14.64,-48.8,34.16,14.64,34.16,-4.88,126.88,122,156.16,24.4
63.44,48.8,-14.64,-53.68,39.04,14.64,43.92,-4.88,126.88,122,161.04,39.04
58.56,39.04,-19.52,-48.8,39.04,9.76,39.04,-4.88,122,122,156.16,34.16
58.56,48.8,-9.76,-53.68,34.16,19.52,43.92,0,136.64,126.88,161.04,34.16
48.8,53.68,4.88,-48.8,19.52,29.28,53.68,-4.88,146.4,146.4,170.8,43.92
63.44,48.8,-14.64,-53.68,39.04,14.64,53.68,0,131.76,146.4,170.8,43.92
58.56,53.68,-4.88,-53.68,29.28,24.4,63.44,-4.88,126.88,156.16,180.56,48.8
48.8,58.56,9.76,-53.68,19.52,34.16,58.56,-4.88,122,151.28,185.44,58.56
68.32,68.32,0,-68.32,34.16,34.16,63.44,-9.76,131.76,156.16,185.44,68.32
63.44,73.2,9.76,-68.32,24.4,39.04,58.56,-14.64,141.52,151.28,185.44,73.2
58.56,73.2,14.64,-63.44,19.52,43.92,48.8,-19.52,156.16,141.52,175.68,63.44
73.2,82.96,9.76,-78.08,29.28,43.92,48.8,-29.28,146.4,136.64,165.92,58.56
87.84,78.08,-9.76,-82.96,48.8,34.16,39.04,-53.68,112.24,126.88,156.16,43.92
68.32,68.32,0,-68.32,34.16,34.16,29.28,-53.68,107.36,131.76,161.04,43.92
39.04,73.2,34.16,-53.68,0,53.68,34.16,-34.16,117.12,156.16,185.44,58.56
39.04,73.2,34.16,-53.68,0,53.68,24.4,-43.92,107.36,156.16,180.56,58.56
68.32,78.08,9.76,-73.2,29.28,43.92,14.64,-53.68,107.36,146.4,170.8,58.56
78.08,78.08,0,-78.08,39.04,39.04,4.88,-58.56,97.6,122,165.92,63.44
87.84,63.44,-24.4,-73.2,53.68,19.52,-24.4,-87.84,58.56,102.48,141.52,53.68
97.6,68.32,-29.28,-82.96,63.44,19.52,-39.04,-102.48,39.04,82.96,126.88,43.92
117.12,92.72,-24.4,-102.48,68.32,34.16,-53.68,-112.24,34.16,82.96,126.88,43.92
131.76,112.24,-19.52,-122,73.2,43.92,-53.68,-97.6,48.8,87.84,141.52,68.32
112.24,112.24,0,-112.24,53.68,53.68,-58.56,-102.48,43.92,97.6,141.52,73.2
102.48,117.12,14.64,-107.36,43.92,63.44,-58.56,-112.24,39.04,92.72,151.28,82.96
97.6,107.36,9.76,-102.48,43.92,58.56,-63.44,-126.88,34.16,87.84,141.52,87.84
87.84,92.72,4.88,-87.84,39.04,48.8,-78.08,-136.64,24.4,82.96,136.64,82.96
87.84,87.84,0,-87.84,43.92,43.92,-92.72,-131.76,34.16,82.96,146.4,87.84
112.24,97.6,-14.64,-102.48,63.44,39.04,-97.6,-126.88,34.16,73.2,151.28,102.48
131.76,122,-9.76,-126.88,68.32,53.68,-97.6,-122,24.4,73.2,151.28,117.12
122,117.12,-4.88,-117.12,63.44,53.68,-107.36,-126.88,19.52,73.2,151.28,117.12
122,117.12,-4.88,-117.12,63.44,53.68,-107.36,-141.52,14.64,63.44,146.4,112.24
117.12,117.12,0,-117.12,58.56,58.56,-112.24,-151.28,0,48.8,126.88,107.36
112.24,122,9.76,-117.12,48.8,63.44,-107.36,-146.4,0,63.44,131.76,107.36
107.36,117.12,9.76,-112.24,48.8,63.44,-122,-141.52,9.76,63.44,136.64,112.24
112.24,112.24,0,-112.24,53.68,53.68,-136.64,-151.28,9.76,58.56,117.12,117.12
122,126.88,4.88,-122,58.56,63.44,-141.52,-151.28,-4.88,63.44,117.12,122
117.12,126.88,9.76,-122,53.68,68.32,-131.76,-156.16,-24.4,63.44,122,131.76
122,126.88,4.88,-122,58.56,63.44,-131.76,-175.68,-53.68,39.04,122,141.52
131.76,126.88,-4.88,-126.88,68.32,58.56,-141.52,-204.96,-78.08,19.52,107.36,141.52
107.36,107.36,0,-107.36,53.68,53.68,-141.52,-185.44,-43.92,24.4,117.12,146.4
107.36,117.12,9.76,-112.24,48.8,63.44,-141.52,-180.56,-19.52,24.4,126.88,151.28
112.24,146.4,34.16,-126.88,39.04,87.84,-131.76,-175.68,-14.64,43.92,141.52,165.92
112.24,156.16,43.92,-131.76,34.16,97.6,-112.24,-170.8,0,73.2,156.16,185.44
102.48,141.52,39.04,-122,29.28,87.84,-112.24,-161.04,9.76,82.96,165.92,190.32
107.36,131.76,24.4,-117.12,39.04,78.08,-107.36,-151.28,9.76,82.96,165.92,195.2
117.12,136.64,19.52,-126.88,48.8,78.08,-102.48,-161.04,-9.76,78.08,165.92,190.32
117.12,131.76,14.64,-122,48.8,73.2,-102.48,-165.92,-34.16,78.08,165.92,190.32
107.36,122,14.64,-112.24,43.92,68.32,-102.48,-151.28,-43.92,87.84,180.56,204.96
117.12,126.88,9.76,-122,53.68,68.32,-97.6,-141.52,-29.28,92.72,185.44,209.84
117.12,122,4.88,-117.12,53.68,63.44,-102.48,-146.4,-4.88,92.72,190.32,200.08
122,117.12,-4.88,-117.12,63.44,53.68,-107.36,-141.52,4.88,92.72,190.32,200.08
122,112.24,-9.76,-117.12,63.44,48.8,-102.48,-141.52,14.64,112.24,195.2,204.96
97.6,102.48,4.88,-97.6,43.92,53.68,-92.72,-126.88,9.76,122,200.08,204.96
97.6,102.48,4.88,-97.6,43.92,53.68,-87.84,-107.36,19.52,136.64,204.96,204.96
107.36,97.6,-9.76,-102.48,58.56,43.92,-73.2,-87.84,39.04,161.04,219.6,214.72
87.84,87.84,0,-87.84,43.92,43.92,-68.32,-73.2,63.44,180.56,219.6,214.72
82.96,97.6,14.64,-87.84,34.16,53.68,-63.44,-63.44,58.56,190.32,224.48,209.84
87.84,97.6,9.76,-92.72,39.04,53.68,-58.56,-53.68,39.04,190.32,229.36,209.84
73.2,78.08,4.88,-73.2,34.16,39.04,-63.44,-48.8,24.4,170.8,219.6,200.08
58.56,78.08,19.52,-68.32,19.52,48.8,-73.2,-58.56,43.92,165.92,214.72,185.44
68.32,87.84,19.52,-78.08,24.4,53.68,-58.56,-43.92,73.2,170.8,209.84,185.44
82.96,102.48,19.52,-92.72,29.28,58.56,-43.92,-39.04,63.44,185.44,209.84,185.44
58.56,92.72,34.16,-73.2,9.76,63.44,-34.16,-29.28,68.32,204.96,209.84,185.44
39.04,73.2,34.16,-53.68,0,53.68,-24.4,-4.88,82.96,214.72,209.84,185.44
53.68,78.08,24.4,-63.44,14.64,48.8,-14.64,4.88,87.84,214.72,204.96,180.56
53.68,73.2,19.52,-63.44,14.64,43.92,-14.64,4.88,82.96,224.48,200.08,175.68
43.92,73.2,29.28,-58.56,4.88,48.8,-4.88,14.64,87.84,224.48,204.96,185.44
48.8,68.32,19.52,-58.56,14.64,43.92,0,9.76,73.2,209.84,200.08,195.2
48.8,58.56,9.76,-53.68,19.52,34.16,9.76,14.64,53.68,200.08,190.32,200.08
48.8,68.32,19.52,-58.56,14.64,43.92,14.64,14.64,48.8,195.2,195.2,195.2
53.68,63.44,9.76,-58.56,19.52,34.16,34.16,4.88,63.44,190.32,190.32,195.2
58.56,53.68,-4.88,-53.68,29.28,24.4,39.04,-4.88,58.56,185.44,165.92,185.44
68.32,58.56,-9.76,-63.44,39.04,24.4,43.92,0,53.68,185.44,156.16,175.68
53.68,43.92,-9.76,-48.8,29.28,14.64,53.68,9.76,39.04,190.32,156.16,175.68
29.28,39.04,9.76,-34.16,9.76,24.4,63.44,19.52,24.4,195.2,161.04,185.44
24.4,53.68,29.28,-39.04,-4.88,39.04,73.2,9.76,24.4,200.08,165.92,185.44
29.28,48.8,19.52,-39.04,4.88,34.16,68.32,9.76,58.56,204.96,170.8,180.56
43.92,53.68,9.76,-48.8,14.64,29.28,68.32,39.04,92.72,209.84,180.56,180.56
34.16,43.92,9.76,-39.04,9.76,24.4,78.08,58.56,97.6,219.6,180.56,185.44
29.28,39.04,9.76,-34.16,9.76,24.4,68.32,48.8,82.96,209.84,165.92,170.8
43.92,48.8,4.88,-43.92,19.52,24.4,68.32,58.56,87.84,209.84,161.04,170.8
39.04,58.56,19.52,-48.8,9.76,39.04,48.8,53.68,82.96,209.84,151.28,165.92
29.28,53.68,24.4,-39.04,0,39.04,24.4,43.92,78.08,214.72,151.28,170.8
39.04,43.92,4.88,-39.04,14.64,24.4,9.76,43.92,73.2,214.72,146.4,161.04
39.04,34.16,-4.88,-34.16,19.52,14.64,19.52,58.56,78.08,219.6,156.16,165.92
43.92,39.04,-4.88,-39.04,24.4,14.64,24.4,58.56,73.2,224.48,151.28,175.68
48.8,48.8,0,-48.8,24.4,24.4,14.64,43.92,63.44,209.84,151.28,180.56
14.64,48.8,34.16,-29.28,-9.76,39.04,19.52,58.56,73.2,214.72,165.92,204.96
0,43.92,43.92,-19.52,-24.4,43.92,24.4,68.32,82.96,229.36,175.68,224.48
-19.52,34.16,53.68,-4.88,-39.04,43.92,14.64,58.56,78.08,229.36,165.92,219.6
0,39.04,39.04,-19.52,-19.52,39.04,0,43.92,63.44,214.72,151.28,209.84
34.16,53.68,19.52,-43.92,4.88,34.16,-4.88,29.28,48.8,209.84,141.52,204.96
34.16,48.8,14.64,-39.04,9.76,29.28,-4.88,24.4,43.92,204.96,136.64,200.08
43.92,48.8,4.88,-43.92,19.52,24.4,0,34.16,53.68,209.84,146.4,204.96
34.16,43.92,9.76,-39.04,9.76,24.4,-4.88,29.28,68.32,214.72,151.28,214.72
34.16,39.04,4.88,-34.16,14.64,19.52,-9.76,24.4,63.44,214.72,141.52,204.96
39.04,48.8,9.76,-43.92,14.64,29.28,-4.88,29.28,68.32,219.6,146.4,204.96
39.04,48.8,9.76,-43.92,14.64,29.28,-9.76,34.16,48.8,209.84,146.4,209.84
43.92,53.68,9.76,-48.8,14.64,29.28,4.88,24.4,9.76,195.2,131.76,219.6
39.04,48.8,9.76,-43.92,14.64,29.28,4.88,24.4,14.64,185.44,122,224.48
24.4,34.16,9.76,-29.28,4.88,19.52,14.64,24.4,43.92,190.32,131.76,234.24
19.52,48.8,29.28,-34.16,-4.88,39.04,34.16,34.16,43.92,195.2,141.52,248.88
29.28,43.92,14.64,-34.16,4.88,29.28,39.04,19.52,34.16,195.2,131.76,239.12
39.04,39.04,0,-39.04,19.52,19.52,34.16,24.4,29.28,190.32,126.88,229.36
34.16,43.92,9.76,-39.04,9.76,24.4,39.04,39.04,39.04,200.08,126.88,229.36
34.16,58.56,24.4,-43.92,4.88,39.04,53.68,43.92,48.8,204.96,131.76,239.12
29.28,43.92,14.64,-34.16,4.88,29.28,53.68,34.16,39.04,195.2,131.76,239.12
43.92,43.92,0,-43.92,19.52,19.52,53.68,29.28,29.28,180.56,117.12,224.48
29.28,34.16,4.88,-29.28,9.76,19.52,68.32,34.16,43.92,190.32,131.76,229.36
19.52,39.04,19.52,-29.28,0,29.28,68.32,43.92,58.56,190.32,131.76,229.36
9.76,39.04,29.28,-24.4,-9.76,34.16,78.08,63.44,63.44,185.44,126.88,234.24
19.52,39.04,19.52,-29.28,0,29.28,92.72,63.44,53.68,195.2,126.88,244
29.28,39.04,9.76,-34.16,9.76,24.4,82.96,39.04,24.4,190.32,112.24,234.24
24.4,29.28,4.88,-24.4,9.76,14.64,78.08,39.04,24.4,170.8,117.12,224.48
24.4,29.28,4.88,-24.4,9.76,14.64,82.96,53.68,53.68,180.56,122,229.36
34.16,24.4,-9.76,-29.28,19.52,4.88,82.96,48.8,58.56,175.68,117.12,219.6
24.4,19.52,-4.88,-19.52,14.64,4.88,78.08,39.04,48.8,170.8,112.24,214.72
39.04,24.4,-14.64,-29.28,24.4,4.88,68.32,34.16,29.28,161.04,102.48,209.84
29.28,19.52,-9.76,-24.4,19.52,4.88,68.32,43.92,34.16,175.68,112.24,209.84
19.52,24.4,4.88,-19.52,4.88,14.64,58.56,43.92,48.8,180.56,117.12,219.6
24.4,39.04,14.64,-29.28,4.88,24.4,43.92,34.16,48.8,175.68,97.6,214.72
24.4,19.52,-4.88,-19.52,14.64,4.88,34.16,29.28,34.16,175.68,97.6,219.6
19.52,9.76,-9.76,-14.64,14.64,0,34.16,24.4,24.4,170.8,97.6,224.48
24.4,9.76,-14.64,-14.64,19.52,-4.88,29.28,29.28,43.92,170.8,107.36,224.48
24.4,14.64,-9.76,-19.52,14.64,0,34.16,39.04,73.2,180.56,107.36,234.24
34.16,24.4,-9.76,-29.28,19.52,4.88,24.4,34.16,53.68,170.8,107.36,239.12
24.4,19.52,-4.88,-19.52,14.64,4.88,24.4,39.04,48.8,175.68,112.24,239.12
19.52,9.76,-9.76,-14.64,14.64,0,34.16,43.92,48.8,175.68,112.24,248.88
24.4,4.88,-19.52,-14.64,19.52,-9.76,34.16,43.92,29.28,175.68,112.24,244
24.4,0,-24.4,-9.76,24.4,-14.64,34.16,43.92,34.16,170.8,112.24,239.12
24.4,14.64,-9.76,-19.52,14.64,0,34.16,48.8,53.68,175.68,107.36,234.24
24.4,9.76,-14.64,-14.64,19.52,-4.88,29.28,34.16,43.92,170.8,107.36,239.12
19.52,9.76,-9.76,-14.64,14.64,0,34.16,29.28,34.16,170.8,107.36,234.24
19.52,4.88,-14.64,-9.76,14.64,-4.88,34.16,24.4,24.4,170.8,107.36,234.24
9.76,4.88,-4.88,-4.88,4.88,0,48.8,34.16,34.16,180.56,112.24,244
4.88,4.88,0,-4.88,0,0,53.68,53.68,78.08,185.44,122,244
14.64,19.52,4.88,-14.64,4.88,9.76,53.68,58.56,92.72,200.08,122,239.12
14.64,19.52,4.88,-14.64,4.88,9.76,53.68,78.08,97.6,200.08,122,248.88
34.16,24.4,-9.76,-29.28,19.52,4.88,58.56,78.08,87.84,200.08,122,253.76
39.04,29.28,-9.76,-34.16,24.4,9.76,58.56,68.32,73.2,190.32,117.12,248.88
24.4,19.52,-4.88,-19.52,14.64,4.88,68.32,68.32,82.96,200.08,117.12,253.76
29.28,19.52,-9.76,-24.4,19.52,4.88,73.2,58.56,92.72,200.08,112.24,248.88
14.64,4.88,-9.76,-9.76,9.76,-4.88,68.32,68.32,97.6,204.96,112.24,248.88
0,9.76,9.76,-4.88,-4.88,9.76,78.08,68.32,92.72,204.96,107.36,248.88
14.64,14.64,0,-14.64,4.88,4.88,68.32,78.08,87.84,209.84,112.24,253.76
39.04,19.52,-19.52,-29.28,29.28,0,63.44,68.32,63.44,195.2,97.6,253.76
58.56,39.04,-19.52,-48.8,39.04,9.76,68.32,73.2,53.68,185.44,107.36,258.64
43.92,29.28,-14.64,-34.16,29.28,4.88,73.2,87.84,73.2,185.44,117.12,263.52
24.4,24.4,0,-24.4,9.76,9.76,73.2,92.72,92.72,204.96,122,278.16
14.64,29.28,14.64,-19.52,0,19.52,82.96,97.6,107.36,224.48,126.88,283.04
19.52,24.4,4.88,-19.52,4.88,14.64,73.2,92.72,112.24,224.48,117.12,278.16
39.04,19.52,-19.52,-29.28,29.28,0,48.8,87.84,102.48,219.6,107.36,273.28
39.04,24.4,-14.64,-29.28,24.4,4.88,39.04,78.08,87.84,204.96,97.6,263.52
24.4,24.4,0,-24.4,9.76,9.76,43.92,78.08,92.72,209.84,92.72,253.76
29.28,34.16,4.88,-29.28,9.76,19.52,43.92,87.84,82.96,209.84,97.6,263.52
39.04,19.52,-19.52,-29.28,29.28,0,53.68,87.84,53.68,200.08,92.72,263.52
14.64,9.76,-4.88,-9.76,9.76,0,43.92,73.2,48.8,190.32,82.96,253.76
19.52,29.28,9.76,-24.4,4.88,19.52,43.92,73.2,63.44,195.2,87.84,263.52
19.52,29.28,9.76,-24.4,4.88,19.52,53.68,82.96,73.2,209.84,92.72,268.4
9.76,19.52,9.76,-14.64,0,14.64,53.68,82.96,73.2,204.96,78.08,268.4
19.52,19.52,0,-19.52,9.76,9.76,63.44,82.96,82.96,200.08,87.84,278.16
29.28,24.4,-4.88,-24.4,14.64,9.76,53.68,58.56,78.08,185.44,78.08,278.16
39.04,24.4,-14.64,-29.28,24.4,4.88,48.8,58.56,73.2,185.44,78.08,268.4
34.16,24.4,-9.76,-29.28,19.52,4.88,58.56,78.08,82.96,195.2,87.84,273.28
19.52,19.52,0,-19.52,9.76,9.76,58.56,87.84,92.72,204.96,92.72,273.28
0,19.52,19.52,-9.76,-9.76,19.52,58.56,82.96,97.6,204.96,92.72,283.04
-9.76,14.64,24.4,0,-19.52,19.52,68.32,92.72,87.84,209.84,102.48,292.8
-9.76,24.4,34.16,-4.88,-24.4,29.28,68.32,92.72,73.2,204.96,92.72,292.8
0,24.4,24.4,-9.76,-14.64,24.4,68.32,82.96,68.32,204.96,92.72,302.56
0,19.52,19.52,-9.76,-9.76,19.52,68.32,73.2,63.44,190.32,78.08,292.8
0,14.64,14.64,-4.88,-9.76,14.64,73.2,73.2,82.96,195.2,87.84,292.8
29.28,43.92,14.64,-34.16,4.88,29.28,87.84,87.84,97.6,204.96,92.72,292.8
39.04,43.92,4.88,-39.04,14.64,24.4,92.72,87.84,92.72,204.96,92.72,287.92
39.04,39.04,0,-39.04,19.52,19.52,97.6,78.08,82.96,195.2,82.96,278.16
39.04,39.04,0,-39.04,19.52,19.52,97.6,82.96,82.96,200.08,82.96,278.16
29.28,43.92,14.64,-34.16,4.88,29.28,102.48,97.6,87.84,200.08,87.84,283.04
14.64,48.8,34.16,-29.28,-9.76,39.04,107.36,102.48,92.72,204.96,92.72,283.04
14.64,39.04,24.4,-24.4,-4.88,29.28,112.24,92.72,92.72,209.84,87.84,283.04
19.52,43.92,24.4,-29.28,-4.88,34.16,112.24,87.84,92.72,204.96,78.08,278.16
14.64,39.04,24.4,-24.4,-4.88,29.28,97.6,73.2,87.84,195.2,68.32,263.52
14.64,34.16,19.52,-24.4,-4.88,24.4,87.84,63.44,73.2,190.32,68.32,253.76
19.52,29.28,9.76,-24.4,4.88,19.52,87.84,63.44,63.44,185.44,63.44,258.64
19.52,24.4,4.88,-19.52,4.88,14.64,92.72,78.08,58.56,175.68,63.44,258.64
14.64,29.28,14.64,-19.52,0,19.52,97.6,92.72,68.32,175.68,68.32,263.52
24.4,29.28,4.88,-24.4,9.76,14.64,82.96,107.36,87.84,180.56,68.32,273.28
19.52,29.28,9.76,-24.4,4.88,19.52,68.32,107.36,73.2,180.56,68.32,258.64
14.64,34.16,19.52,-24.4,-4.88,24.4,68.32,107.36,63.44,190.32,68.32,253.76
4.88,34.16,29.28,-19.52,-14.64,29.28,68.32,97.6,58.56,185.44,68.32,258.64
24.4,29.28,4.88,-24.4,9.76,14.64,43.92,53.68,43.92,170.8,53.68,248.88
29.28,19.52,-9.76,-24.4,19.52,4.88,29.28,29.28,39.04,146.4,43.92,239.12
9.76,9.76,0,-9.76,4.88,4.88,24.4,29.28,39.04,151.28,39.04,234.24
9.76,14.64,4.88,-9.76,0,9.76,29.28,43.92,48.8,161.04,43.92,239.12
9.76,9.76,0,-9.76,4.88,4.88,34.16,58.56,58.56,156.16,43.92,234.24
-4.88,0,4.88,4.88,-4.88,0,39.04,63.44,68.32,156.16,43.92,229.36
14.64,19.52,4.88,-14.64,4.88,9.76,63.44,87.84,92.72,180.56,53.68,248.88
14.64,19.52,4.88,-14.64,4.88,9.76,63.44,82.96,97.6,180.56,48.8,244
9.76,14.64,4.88,-9.76,0,9.76,58.56,82.96,92.72,175.68,48.8,234.24
14.64,19.52,4.88,-14.64,4.88,9.76,63.44,78.08,73.2,175.68,43.92,239.12
4.88,0,-4.88,0,4.88,-4.88,68.32,92.72,68.32,185.44,53.68,248.88
14.64,0,-14.64,-4.88,14.64,-9.76,63.44,78.08,63.44,170.8,48.8,234.24
14.64,-9.76,-24.4,0,19.52,-19.52,53.68,53.68,48.8,161.04,29.28,219.6
0,-9.76,-9.76,4.88,4.88,-9.76,63.44,63.44,63.44,161.04,19.52,214.72
4.88,0,-4.88,0,4.88,-4.88,63.44,73.2,53.68,161.04,24.4,214.72
19.52,14.64,-4.88,-14.64,9.76,4.88,53.68,68.32,34.16,146.4,24.4,209.84
19.52,4.88,-14.64,-9.76,14.64,-4.88,58.56,63.44,53.68,151.28,19.52,219.6
24.4,4.88,-19.52,-14.64,19.52,-9.76,58.56,48.8,53.68,151.28,19.52,214.72
19.52,-14.64,-34.16,0,24.4,-24.4,43.92,39.04,48.8,146.4,4.88,200.08
19.52,-4.88,-24.4,-4.88,19.52,-14.64,58.56,53.68,73.2,156.16,19.52,209.84
14.64,0,-14.64,-4.88,14.64,-9.76,53.68,63.44,68.32,165.92,29.28,214.72
14.64,0,-14.64,-4.88,14.64,-9.76,43.92,63.44,34.16,151.28,19.52,200.08
19.52,0,-19.52,-9.76,19.52,-9.76,43.92,63.44,24.4,136.64,19.52,195.2
14.64,0,-14.64,-4.88,14.64,-9.76,43.92,48.8,29.28,136.64,19.52,190.32
19.52,4.88,-14.64,-9.76,14.64,-4.88,34.16,19.52,29.28,131.76,14.64,170.8
19.52,4.88,-14.64,-9.76,14.64,-4.88,34.16,29.28,48.8,136.64,14.64,170.8
9.76,-9.76,-19.52,0,14.64,-14.64,34.16,48.8,63.44,151.28,14.64,180.56
14.64,0,-14.64,-4.88,14.64,-9.76,29.28,48.8,43.92,151.28,9.76,175.68
24.4,4.88,-19.52,-14.64,19.52,-9.76,14.64,43.92,9.76,122,0,165.92
14.64,0,-14.64,-4.88,14.64,-9.76,14.64,53.68,9.76,107.36,9.76,175.68
29.28,19.52,-9.76,-24.4,19.52,4.88,19.52,73.2,63.44,126.88,39.04,200.08
24.4,29.28,4.88,-24.4,9.76,14.64,9.76,63.44,73.2,126.88,34.16,185.44
19.52,19.52,0,-19.52,9.76,9.76,0,48.8,48.8,122,9.76,180.56
14.64,24.4,9.76,-19.52,0,14.64,9.76,53.68,43.92,117.12,0,185.44
0,19.52,19.52,-9.76,-9.76,19.52,29.28,63.44,43.92,122,0,180.56
4.88,24.4,19.52,-14.64,-9.76,19.52,43.92,78.08,39.04,117.12,0,180.56
19.52,19.52,0,-19.52,9.76,9.76,34.16,78.08,24.4,112.24,4.88,185.44
-9.76,9.76,19.52,0,-14.64,14.64,34.16,97.6,34.16,122,19.52,200.08
-4.88,24.4,29.28,-9.76,-19.52,24.4,48.8,112.24,53.68,136.64,29.28,204.96
4.88,19.52,14.64,-9.76,-4.88,14.64,43.92,87.84,53.68,126.88,19.52,200.08
24.4,14.64,-9.76,-19.52,14.64,0,34.16,63.44,43.92,122,9.76,190.32
39.04,9.76,-29.28,-24.4,34.16,-9.76,29.28,63.44,39.04,112.24,4.88,185.44
19.52,0,-19.52,-9.76,19.52,-9.76,39.04,68.32,39.04,117.12,0,180.56
-9.76,14.64,24.4,0,-19.52,19.52,63.44,82.96,53.68,122,9.76,195.2
-24.4,4.88,29.28,9.76,-29.28,14.64,48.8,82.96,53.68,117.12,4.88,180.56
-4.88,4.88,9.76,0,-9.76,4.88,48.8,73.2,39.04,112.24,-9.76,170.8
4.88,4.88,0,-4.88,0,0,63.44,82.96,48.8,122,0,175.68
14.64,-14.64,-29.28,0,19.52,-24.4,58.56,68.32,29.28,102.48,-14.64,156.16
0,-24.4,-24.4,14.64,9.76,-24.4,58.56,58.56,9.76,82.96,-19.52,151.28
14.64,0,-14.64,-4.88,14.64,-9.76,78.08,73.2,24.4,97.6,-4.88,165.92
19.52,19.52,0,-19.52,9.76,9.76,78.08,78.08,29.28,107.36,-4.88,161.04
9.76,19.52,9.76,-14.64,0,14.64,73.2,73.2,19.52,102.48,-14.64,161.04
-4.88,14.64,19.52,-4.88,-14.64,14.64,82.96,78.08,14.64,112.24,-4.88,165.92
-29.28,4.88,34.16,14.64,-34.16,19.52,87.84,73.2,19.52,112.24,0,165.92
-34.16,4.88,39.04,14.64,-39.04,19.52,87.84,78.08,39.04,117.12,9.76,161.04
-24.4,9.76,34.16,9.76,-29.28,19.52,87.84,82.96,39.04,112.24,9.76,161.04
-4.88,9.76,14.64,0,-9.76,9.76,68.32,82.96,43.92,112.24,9.76,156.16
14.64,14.64,0,-14.64,4.88,4.88,53.68,82.96,39.04,107.36,4.88,146.4
9.76,9.76,0,-9.76,4.88,4.88,43.92,82.96,48.8,112.24,4.88,141.52
4.88,14.64,9.76,-9.76,-4.88,9.76,43.92,87.84,63.44,126.88,14.64,151.28
-9.76,9.76,19.52,0,-14.64,14.64,39.04,92.72,68.32,122,14.64,146.4
-19.52,14.64,34.16,4.88,-29.28,24.4,39.04,78.08,43.92,112.24,9.76,141.52
-14.64,24.4,39.04,-4.88,-29.28,29.28,34.16,73.2,14.64,107.36,9.76,141.52
-9.76,14.64,24.4,0,-19.52,19.52,24.4,78.08,4.88,102.48,4.88,131.76
0,14.64,14.64,-4.88,-9.76,14.64,24.4,68.32,9.76,97.6,0,122
4.88,9.76,4.88,-4.88,0,4.88,29.28,68.32,29.28,92.72,-4.88,122
9.76,-4.88,-14.64,0,9.76,-9.76,39.04,63.44,29.28,92.72,4.88,126.88
14.64,0,-14.64,-4.88,14.64,-9.76,29.28,58.56,19.52,87.84,-4.88,122
0,0,0,0,0,0,34.16,53.68,14.64,92.72,0,112.24
-14.64,0,14.64,9.76,-14.64,4.88,39.04,53.68,19.52,92.72,-4.88,117.12
-14.64,-4.88,9.76,9.76,-14.64,0,39.04,53.68,19.52,92.72,-4.88,112.24
-9.76,0,9.76,4.88,-9.76,4.88,34.16,48.8,0,82.96,-14.64,107.36
-9.76,9.76,19.52,0,-14.64,14.64,24.4,48.8,-14.64,78.08,-14.64,107.36
-4.88,14.64,19.52,-4.88,-14.64,14.64,24.4,58.56,14.64,78.08,-9.76,117.12
-9.76,14.64,24.4,0,-19.52,19.52,24.4,63.44,43.92,87.84,0,117.12
-19.52,19.52,39.04,0,-29.28,29.28,39.04,73.2,43.92,102.48,9.76,131.76
-24.4,9.76,34.16,9.76,-29.28,19.52,43.92,73.2,24.4,112.24,19.52,136.64
-9.76,9.76,19.52,0,-14.64,14.64,39.04,68.32,14.64,107.36,14.64,136.64
-19.52,4.88,24.4,9.76,-24.4,14.64,34.16,58.56,24.4,102.48,9.76,126.88
-29.28,-14.64,14.64,24.4,-24.4,0,29.28,48.8,19.52,87.84,0,122
-14.64,-4.88,9.76,9.76,-14.64,0,34.16,48.8,4.88,78.08,4.88,126.88
-4.88,-4.88,0,4.88,-4.88,-4.88,34.16,34.16,-19.52,58.56,-9.76,112.24
-4.88,-4.88,0,4.88,-4.88,-4.88,39.04,19.52,-29.28,43.92,-19.52,102.48
0,0,0,0,0,0,43.92,24.4,-19.52,48.8,-14.64,102.48
0,0,0,0,0,0,48.8,29.28,-4.88,58.56,-14.64,92.72
0,0,0,0,0,0,53.68,34.16,4.88,58.56,-14.64,92.72
0,0,0,0,0,0,58.56,53.68,29.28,82.96,4.88,112.24
-14.64,-14.64,0,14.64,-9.76,-9.76,48.8,48.8,9.76,87.84,9.76,112.24
-24.4,-4.88,19.52,14.64,-24.4,4.88,48.8,39.04,0,87.84,14.64,117.12
-19.52,4.88,24.4,9.76,-24.4,14.64,39.04,43.92,9.76,97.6,24.4,126.88
-19.52,-9.76,9.76,14.64,-14.64,0,19.52,34.16,-4.88,82.96,14.64,112.24
-14.64,-19.52,-4.88,19.52,-4.88,-14.64,4.88,29.28,-24.4,58.56,-4.88,107.36
-4.88,4.88,9.76,0,-9.76,4.88,14.64,34.16,-14.64,58.56,9.76,112.24
-14.64,0,14.64,9.76,-14.64,4.88,9.76,34.16,4.88,58.56,14.64,122
-4.88,4.88,9.76,0,-9.76,4.88,-4.88,24.4,-9.76,48.8,9.76,112.24
-4.88,-4.88,0,4.88,-4.88,-4.88,-9.76,19.52,4.88,48.8,14.64,117.12
4.88,-4.88,-9.76,0,4.88,-9.76,-4.88,29.28,0,53.68,14.64,122
-9.76,-9.76,0,9.76,-4.88,-4.88,-9.76,34.16,-9.76,43.92,19.52,112.24
0,4.88,4.88,0,-4.88,4.88,-4.88,39.04,-9.76,43.92,24.4,107.36
9.76,14.64,4.88,-9.76,0,9.76,-4.88,43.92,-9.76,43.92,14.64,117.12
-14.64,4.88,19.52,4.88,-19.52,9.76,-19.52,48.8,4.88,58.56,24.4,122
-9.76,-4.88,4.88,9.76,-9.76,0,-53.68,34.16,-9.76,43.92,14.64,112.24
-4.88,-14.64,-9.76,9.76,0,-14.64,-92.72,34.16,-14.64,43.92,4.88,112.24
-19.52,-24.4,-4.88,24.4,-9.76,-14.64,-102.48,48.8,-4.88,48.8,9.76,117.12
-9.76,-19.52,-9.76,14.64,0,-14.64,-92.72,43.92,-9.76,48.8,4.88,117.12
-4.88,-14.64,-9.76,9.76,0,-14.64,-92.72,19.52,-34.16,29.28,-4.88,112.24
-9.76,-19.52,-9.76,14.64,0,-14.64,-87.84,9.76,-39.04,24.4,-9.76,117.12
-9.76,-14.64,-4.88,14.64,-4.88,-9.76,-78.08,19.52,-24.4,34.16,-4.88,117.12
-14.64,-14.64,0,14.64,-9.76,-9.76,-73.2,24.4,-24.4,34.16,4.88,107.36
-9.76,-9.76,0,9.76,-4.88,-4.88,-63.44,39.04,-9.76,39.04,9.76,112.24
-9.76,-9.76,0,9.76,-4.88,-4.88,-58.56,34.16,4.88,39.04,4.88,117.12
-19.52,-14.64,4.88,19.52,-14.64,-4.88,-63.44,19.52,-9.76,29.28,4.88,112.24
-19.52,-14.64,4.88,19.52,-14.64,-4.88,-43.92,29.28,-9.76,34.16,0,112.24
-24.4,-14.64,9.76,19.52,-19.52,-4.88,-29.28,39.04,-9.76,29.28,0,97.6
-24.4,-14.64,9.76,19.52,-19.52,-4.88,-19.52,34.16,-9.76,14.64,-9.76,87.84
-9.76,0,9.76,4.88,-9.76,4.88,0,39.04,-9.76,14.64,-9.76,82.96
-24.4,0,24.4,14.64,-24.4,9.76,9.76,48.8,-9.76,29.28,-4.88,97.6
-19.52,-4.88,14.64,14.64,-19.52,4.88,14.64,48.8,-4.88,29.28,-4.88,87.84
-14.64,0,14.64,9.76,-14.64,4.88,14.64,43.92,-4.88,29.28,-9.76,82.96
-24.4,-4.88,19.52,14.64,-24.4,4.88,29.28,34.16,0,34.16,-4.88,92.72
-14.64,0,14.64,9.76,-14.64,4.88,39.04,19.52,-4.88,24.4,-14.64,92.72
-29.28,-4.88,24.4,19.52,-29.28,9.76,39.04,29.28,-19.52,24.4,-9.76,92.72
-34.16,-9.76,24.4,24.4,-29.28,4.88,48.8,39.04,-19.52,39.04,-9.76,97.6
-19.52,-9.76,9.76,14.64,-14.64,0,48.8,39.04,-24.4,29.28,-14.64,97.6
-14.64,-9.76,4.88,14.64,-9.76,-4.88,43.92,39.04,-34.16,24.4,-14.64,102.48
-24.4,-4.88,19.52,14.64,-24.4,4.88,43.92,39.04,-24.4,24.4,-9.76,107.36
-43.92,-14.64,29.28,29.28,-39.04,4.88,43.92,39.04,-14.64,24.4,-14.64,107.36
-87.84,-39.04,48.8,63.44,-68.32,4.88,58.56,58.56,-9.76,34.16,0,107.36
-68.32,-19.52,48.8,43.92,-58.56,14.64,63.44,68.32,4.88,48.8,9.76,107.36
-34.16,4.88,39.04,14.64,-39.04,19.52,73.2,58.56,14.64,53.68,9.76,107.36
-29.28,0,29.28,14.64,-29.28,14.64,68.32,34.16,-9.76,39.04,-9.76,92.72
-9.76,0,9.76,4.88,-9.76,4.88,68.32,24.4,-39.04,9.76,-24.4,73.2
-4.88,-4.88,0,4.88,-4.88,-4.88,58.56,19.52,-53.68,-4.88,-39.04,68.32
-4.88,-4.88,0,4.88,-4.88,-4.88,58.56,29.28,-43.92,-4.88,-34.16,63.44
-4.88,0,4.88,4.88,-4.88,0,53.68,39.04,-39.04,4.88,-34.16,68.32
0,0,0,0,0,0,53.68,43.92,-29.28,14.64,-24.4,73.2
-4.88,4.88,9.76,0,-9.76,4.88,48.8,53.68,-19.52,24.4,-24.4,78.08
-24.4,4.88,29.28,9.76,-29.28,14.64,43.92,53.68,0,29.28,-19.52,78.08
-43.92,4.88,48.8,19.52,-48.8,24.4,48.8,73.2,9.76,43.92,-9.76,78.08
-29.28,4.88,34.16,14.64,-34.16,19.52,43.92,68.32,-4.88,34.16,-19.52,68.32
-34.16,-4.88,29.28,19.52,-34.16,9.76,34.16,53.68,-29.28,19.52,-34.16,53.68
-39.04,-9.76,29.28,24.4,-34.16,9.76,34.16,43.92,-24.4,14.64,-29.28,48.8
-29.28,-9.76,19.52,19.52,-24.4,4.88,24.4,34.16,-29.28,14.64,-24.4,53.68
-34.16,-19.52,14.64,29.28,-24.4,-4.88,9.76,19.52,-53.68,0,-29.28,48.8
-19.52,-4.88,14.64,14.64,-19.52,4.88,14.64,34.16,-39.04,9.76,-29.28,53.68
-19.52,-4.88,14.64,14.64,-19.52,4.88,29.28,34.16,-9.76,19.52,-24.4,48.8
-19.52,-14.64,4.88,19.52,-14.64,-4.88,24.4,34.16,0,19.52,-24.4,43.92
-24.4,-9.76,14.64,19.52,-19.52,0,24.4,39.04,4.88,19.52,-29.28,43.92
-39.04,-4.88,34.16,24.4,-39.04,14.64,34.16,39.04,0,24.4,-14.64,43.92
-39.04,0,39.04,19.52,-39.04,19.52,34.16,39.04,14.64,29.28,-14.64,43.92
-34.16,-4.88,29.28,19.52,-34.16,9.76,34.16,34.16,14.64,24.4,-19.52,39.04
-29.28,-9.76,19.52,19.52,-24.4,4.88,34.16,29.28,0,9.76,-39.04,29.28
-29.28,-24.4,4.88,29.28,-19.52,-9.76,29.28,19.52,-9.76,9.76,-39.04,29.28
-43.92,-29.28,14.64,39.04,-29.28,-9.76,39.04,19.52,-29.28,9.76,-48.8,34.16
-43.92,-34.16,9.76,39.04,-29.28,-14.64,39.04,19.52,-48.8,4.88,-48.8,29.28
-34.16,-34.16,0,34.16,-19.52,-19.52,43.92,14.64,-24.4,9.76,-43.92,29.28
-19.52,-34.16,-14.64,29.28,-4.88,-24.4,24.4,-9.76,-34.16,-4.88,-58.56,24.4
-24.4,-29.28,-4.88,29.28,-9.76,-19.52,19.52,4.88,-43.92,0,-58.56,24.4
-29.28,-19.52,9.76,24.4,-19.52,-4.88,14.64,9.76,-48.8,4.88,-53.68,14.64
-29.28,-19.52,9.76,24.4,-19.52,-4.88,9.76,4.88,-58.56,0,-58.56,14.64
-19.52,-19.52,0,19.52,-9.76,-9.76,0,-4.88,-63.44,0,-58.56,19.52
-29.28,-24.4,4.88,29.28,-19.52,-9.76,-24.4,-14.64,-63.44,-4.88,-53.68,14.64
-29.28,-34.16,-4.88,34.16,-14.64,-19.52,-19.52,-19.52,-73.2,0,-48.8,14.64
-19.52,-24.4,-4.88,24.4,-9.76,-14.64,-14.64,-19.52,-58.56,-4.88,-53.68,14.64
-29.28,-24.4,4.88,29.28,-19.52,-9.76,-9.76,0,-34.16,9.76,-48.8,9.76
-24.4,-14.64,9.76,19.52,-19.52,-4.88,0,9.76,-24.4,19.52,-43.92,9.76
-39.04,-19.52,19.52,29.28,-29.28,0,14.64,9.76,-19.52,29.28,-43.92,14.64
-34.16,-9.76,24.4,24.4,-29.28,4.88,14.64,14.64,-19.52,34.16,-39.04,9.76
-24.4,-4.88,19.52,14.64,-24.4,4.88,19.52,24.4,-14.64,34.16,-34.16,14.64
-24.4,-9.76,14.64,19.52,-19.52,0,24.4,14.64,-24.4,29.28,-39.04,9.76
-34.16,-29.28,4.88,34.16,-19.52,-14.64,14.64,0,-29.28,9.76,-48.8,4.88
-39.04,-34.16,4.88,39.04,-24.4,-14.64,9.76,-9.76,-43.92,4.88,-58.56,-4.88
-29.28,-19.52,9.76,24.4,-19.52,-4.88,19.52,-4.88,-53.68,4.88,-53.68,-14.64
-14.64,-9.76,4.88,14.64,-9.76,-4.88,34.16,0,-53.68,14.64,-53.68,-4.88
-19.52,-9.76,9.76,14.64,-14.64,0,29.28,0,-53.68,14.64,-58.56,-9.76
-24.4,-9.76,14.64,19.52,-19.52,0,24.4,-9.76,-43.92,4.88,-63.44,-19.52
-19.52,-14.64,4.88,19.52,-14.64,-4.88,24.4,-9.76,-43.92,0,-63.44,-24.4
-14.64,-9.76,4.88,14.64,-9.76,-4.88,24.4,-14.64,-48.8,4.88,-58.56,-19.52
-24.4,0,24.4,14.64,-24.4,9.76,24.4,-4.88,-43.92,14.64,-43.92,-19.52
-29.28,-4.88,24.4,19.52,-29.28,9.76,29.28,-9.76,-43.92,14.64,-48.8,-24.4
-29.28,-19.52,9.76,24.4,-19.52,-4.88,24.4,-14.64,-48.8,4.88,-58.56,-29.28
-19.52,-29.28,-9.76,24.4,-4.88,-19.52,34.16,-9.76,-39.04,0,-63.44,-34.16
-24.4,-29.28,-4.88,29.28,-9.76,-19.52,39.04,-9.76,-39.04,0,-58.56,-29.28
-39.04,-34.16,4.88,39.04,-24.4,-14.64,34.16,-14.64,-39.04,0,-63.44,-24.4
-34.16,-34.16,0,34.16,-19.52,-19.52,19.52,-9.76,-53.68,0,-63.44,-19.52
-34.16,-24.4,9.76,29.28,-24.4,-9.76,14.64,-19.52,-78.08,-4.88,-68.32,-29.28
-43.92,-29.28,14.64,39.04,-29.28,-9.76,9.76,-4.88,-68.32,-14.64,-63.44,-29.28
-39.04,-29.28,9.76,34.16,-24.4,-9.76,9.76,0,-48.8,-4.88,-68.32,-24.4
-34.16,-34.16,0,34.16,-19.52,-19.52,4.88,-4.88,-43.92,-9.76,-63.44,-24.4
-29.28,-29.28,0,29.28,-14.64,-14.64,-4.88,-14.64,-53.68,-4.88,-63.44,-29.28
-24.4,-29.28,-4.88,29.28,-9.76,-19.52,-9.76,-14.64,-68.32,-14.64,-78.08,-29.28
-29.28,-29.28,0,29.28,-14.64,-14.64,-14.64,-19.52,-78.08,-29.28,-82.96,-34.16
-29.28,-19.52,9.76,24.4,-19.52,-4.88,-19.52,0,-48.8,-24.4,-78.08,-34.16
-43.92,-19.52,24.4,34.16,-34.16,0,-4.88,4.88,-39.04,-19.52,-78.08,-29.28
-39.04,-29.28,9.76,34.16,-24.4,-9.76,-4.88,-14.64,-58.56,-24.4,-92.72,-43.92
-43.92,-29.28,14.64,39.04,-29.28,-9.76,4.88,-4.88,-39.04,-4.88,-78.08,-34.16
-39.04,-39.04,0,39.04,-19.52,-19.52,4.88,-4.88,-29.28,-24.4,-87.84,-39.04
-29.28,-39.04,-9.76,34.16,-9.76,-24.4,4.88,-14.64,-34.16,-29.28,-92.72,-48.8
-39.04,-39.04,0,39.04,-19.52,-19.52,14.64,0,-24.4,-19.52,-82.96,-53.68
-43.92,-34.16,9.76,39.04,-29.28,-14.64,19.52,4.88,-39.04,-19.52,-82.96,-48.8
-34.16,-34.16,0,34.16,-19.52,-19.52,19.52,14.64,-48.8,-19.52,-82.96,-48.8
-29.28,-34.16,-4.88,34.16,-14.64,-19.52,14.64,9.76,-53.68,-29.28,-87.84,-48.8
-34.16,-29.28,4.88,34.16,-19.52,-14.64,9.76,9.76,-48.8,-29.28,-82.96,-48.8
-53.68,-24.4,29.28,39.04,-43.92,0,14.64,14.64,-9.76,-14.64,-73.2,-34.16
-68.32,-34.16,34.16,53.68,-53.68,0,14.64,24.4,9.76,-4.88,-63.44,-29.28
-68.32,-39.04,29.28,53.68,-48.8,-4.88,14.64,34.16,19.52,9.76,-53.68,-24.4
-63.44,-39.04,24.4,53.68,-43.92,-9.76,4.88,34.16,24.4,14.64,-53.68,-19.52
-68.32,-34.16,34.16,53.68,-53.68,0,4.88,29.28,-9.76,-4.88,-58.56,-29.28
-78.08,-24.4,53.68,53.68,-68.32,14.64,19.52,24.4,-19.52,-14.64,-63.44,-34.16
-82.96,-29.28,53.68,58.56,-68.32,9.76,14.64,19.52,-24.4,-24.4,-73.2,-48.8
-78.08,-34.16,43.92,58.56,-63.44,4.88,29.28,24.4,-19.52,-24.4,-68.32,-53.68
-58.56,-24.4,34.16,43.92,-48.8,4.88,29.28,19.52,-14.64,-34.16,-78.08,-63.44
-53.68,-34.16,19.52,43.92,-39.04,-9.76,34.16,14.64,-4.88,-43.92,-82.96,-73.2
-43.92,-39.04,4.88,43.92,-24.4,-19.52,39.04,4.88,-14.64,-43.92,-97.6,-73.2
-34.16,-34.16,0,34.16,-19.52,-19.52,48.8,4.88,-29.28,-43.92,-97.6,-78.08
-39.04,-34.16,4.88,39.04,-24.4,-14.64,58.56,14.64,-43.92,-48.8,-107.36,-82.96
-48.8,-43.92,4.88,48.8,-29.28,-19.52,68.32,19.52,-53.68,-48.8,-107.36,-82.96
-48.8,-43.92,4.88,48.8,-29.28,-19.52,63.44,9.76,-48.8,-63.44,-112.24,-82.96
-43.92,-29.28,14.64,39.04,-29.28,-9.76,73.2,4.88,-39.04,-58.56,-102.48,-82.96
-48.8,-24.4,24.4,39.04,-39.04,0,78.08,9.76,-34.16,-53.68,-102.48,-87.84
-53.68,-34.16,19.52,43.92,-39.04,-9.76,82.96,9.76,-24.4,-48.8,-107.36,-87.84
-39.04,-14.64,24.4,29.28,-34.16,4.88,87.84,9.76,-14.64,-43.92,-97.6,-92.72
-48.8,-29.28,19.52,39.04,-34.16,-4.88,92.72,9.76,-19.52,-48.8,-107.36,-97.6
-53.68,-19.52,34.16,39.04,-43.92,4.88,102.48,9.76,-19.52,-53.68,-107.36,-97.6
-53.68,-24.4,29.28,39.04,-43.92,0,97.6,9.76,-14.64,-48.8,-107.36,-92.72
-58.56,-24.4,34.16,43.92,-48.8,4.88,87.84,0,-24.4,-48.8,-107.36,-97.6
-48.8,-34.16,14.64,43.92,-34.16,-9.76,82.96,-14.64,-39.04,-58.56,-112.24,-97.6
-48.8,-34.16,14.64,43.92,-34.16,-9.76,82.96,-9.76,-34.16,-53.68,-107.36,-97.6
-53.68,-29.28,24.4,43.92,-39.04,-4.88,87.84,0,-19.52,-43.92,-107.36,-107.36
-58.56,-24.4,34.16,43.92,-48.8,4.88,92.72,0,0,-39.04,-107.36,-107.36
-63.44,-39.04,24.4,53.68,-43.92,-9.76,78.08,-19.52,-9.76,-39.04,-112.24,-117.12
-58.56,-43.92,14.64,53.68,-39.04,-14.64,68.32,-24.4,-39.04,-48.8,-122,-122
-63.44,-39.04,24.4,53.68,-43.92,-9.76,68.32,-24.4,-58.56,-63.44,-122,-122
-68.32,-43.92,24.4,58.56,-48.8,-9.76,58.56,-29.28,-53.68,-78.08,-126.88,-122
-53.68,-39.04,14.64,48.8,-34.16,-14.64,43.92,-34.16,-24.4,-78.08,-126.88,-126.88
-58.56,-43.92,14.64,53.68,-39.04,-14.64,39.04,-24.4,-14.64,-68.32,-126.88,-126.88
-53.68,-29.28,24.4,43.92,-39.04,-4.88,39.04,-14.64,-19.52,-58.56,-122,-122
-53.68,-19.52,34.16,39.04,-43.92,4.88,24.4,-14.64,-39.04,-63.44,-117.12,-117.12
-63.44,-24.4,39.04,43.92,-53.68,4.88,9.76,-14.64,-29.28,-58.56,-107.36,-117.12
-53.68,-24.4,29.28,39.04,-43.92,0,0,-24.4,-19.52,-53.68,-112.24,-122
-48.8,-34.16,14.64,43.92,-34.16,-9.76,-14.64,-39.04,-39.04,-68.32,-136.64,-131.76
-58.56,-43.92,14.64,53.68,-39.04,-14.64,-34.16,-48.8,-48.8,-78.08,-146.4,-141.52
-68.32,-34.16,34.16,53.68,-53.68,0,-24.4,-43.92,-39.04,-82.96,-146.4,-141.52
-78.08,-34.16,43.92,58.56,-63.44,4.88,0,-39.04,-39.04,-78.08,-136.64,-136.64
-87.84,-43.92,43.92,68.32,-68.32,0,0,-48.8,-73.2,-82.96,-131.76,-146.4
-78.08,-39.04,39.04,58.56,-58.56,0,4.88,-53.68,-102.48,-102.48,-141.52,-151.28
-68.32,-34.16,34.16,53.68,-53.68,0,4.88,-53.68,-87.84,-112.24,-146.4,-156.16
-58.56,-29.28,29.28,43.92,-43.92,0,9.76,-48.8,-58.56,-102.48,-141.52,-156.16
-53.68,-29.28,24.4,43.92,-39.04,-4.88,9.76,-34.16,-43.92,-97.6,-141.52,-161.04
-63.44,-43.92,19.52,53.68,-43.92,-14.64,14.64,-43.92,-39.04,-97.6,-146.4,-165.92
-48.8,-39.04,9.76,43.92,-29.28,-14.64,4.88,-48.8,-48.8,-97.6,-141.52,-161.04
-58.56,-43.92,14.64,53.68,-39.04,-14.64,-4.88,-48.8,-43.92,-102.48,-146.4,-161.04
-73.2,-53.68,19.52,63.44,-48.8,-19.52,-9.76,-34.16,-43.92,-102.48,-146.4,-165.92
-78.08,-63.44,14.64,73.2,-48.8,-24.4,-19.52,-39.04,-53.68,-97.6,-151.28,-170.8
-58.56,-53.68,4.88,58.56,-34.16,-24.4,-24.4,-43.92,-39.04,-97.6,-141.52,-161.04
-58.56,-58.56,0,58.56,-29.28,-29.28,-34.16,-53.68,-29.28,-97.6,-151.28,-170.8
-73.2,-63.44,9.76,68.32,-43.92,-29.28,-39.04,-39.04,-34.16,-97.6,-151.28,-175.68
-78.08,-58.56,19.52,68.32,-48.8,-19.52,-39.04,-29.28,-29.28,-92.72,-151.28,-175.68
-68.32,-39.04,29.28,53.68,-48.8,-4.88,-29.28,-24.4,-34.16,-97.6,-146.4,-175.68
-63.44,-39.04,24.4,53.68,-43.92,-9.76,-24.4,-29.28,-34.16,-97.6,-141.52,-165.92
-73.2,-48.8,24.4,63.44,-48.8,-14.64,-19.52,-39.04,-39.04,-102.48,-146.4,-165.92
-63.44,-43.92,19.52,53.68,-43.92,-14.64,-4.88,-39.04,-29.28,-102.48,-156.16,-175.68
-63.44,-53.68,9.76,58.56,-39.04,-24.4,4.88,-34.16,-19.52,-107.36,-161.04,-185.44
-68.32,-63.44,4.88,68.32,-39.04,-29.28,9.76,-34.16,-29.28,-102.48,-165.92,-180.56
-78.08,-63.44,14.64,73.2,-48.8,-24.4,14.64,-39.04,-58.56,-112.24,-170.8,-180.56
-87.84,-73.2,14.64,82.96,-53.68,-29.28,14.64,-48.8,-68.32,-117.12,-165.92,-190.32
-78.08,-68.32,9.76,73.2,-43.92,-29.28,4.88,-53.68,-34.16,-112.24,-156.16,-185.44
-87.84,-68.32,19.52,78.08,-53.68,-24.4,9.76,-34.16,14.64,-87.84,-141.52,-175.68
-97.6,-43.92,53.68,73.2,-78.08,4.88,14.64,-19.52,14.64,-87.84,-141.52,-170.8
-82.96,-34.16,48.8,58.56,-68.32,4.88,4.88,-24.4,0,-92.72,-141.52,-175.68
-82.96,-53.68,29.28,68.32,-58.56,-14.64,0,-34.16,-4.88,-97.6,-146.4,-185.44
-87.84,-58.56,29.28,73.2,-58.56,-14.64,-4.88,-39.04,-9.76,-102.48,-151.28,-190.32
-73.2,-48.8,24.4,63.44,-48.8,-14.64,-19.52,-43.92,9.76,-102.48,-156.16,-200.08
-73.2,-48.8,24.4,63.44,-48.8,-14.64,-34.16,-29.28,19.52,-87.84,-151.28,-204.96
-78.08,-43.92,34.16,63.44,-58.56,-4.88,-39.04,-24.4,9.76,-87.84,-156.16,-195.2
-92.72,-58.56,34.16,78.08,-63.44,-14.64,-48.8,-29.28,0,-102.48,-151.28,-195.2
-78.08,-73.2,4.88,78.08,-43.92,-34.16,-63.44,-34.16,-14.64,-117.12,-165.92,-200.08
-63.44,-73.2,-9.76,68.32,-29.28,-43.92,-73.2,-43.92,-34.16,-126.88,-175.68,-214.72
-63.44,-58.56,4.88,63.44,-34.16,-29.28,-78.08,-68.32,-34.16,-136.64,-175.68,-214.72
-87.84,-63.44,24.4,78.08,-58.56,-19.52,-78.08,-68.32,-24.4,-126.88,-165.92,-204.96
-82.96,-63.44,19.52,73.2,-53.68,-24.4,-63.44,-63.44,-34.16,-131.76,-175.68,-200.08
-73.2,-68.32,4.88,73.2,-39.04,-34.16,-58.56,-68.32,-43.92,-146.4,-180.56,-214.72
-63.44,-63.44,0,63.44,-34.16,-34.16,-48.8,-58.56,-39.04,-146.4,-175.68,-209.84
-82.96,-63.44,19.52,73.2,-53.68,-24.4,-39.04,-68.32,-34.16,-141.52,-175.68,-204.96
-87.84,-63.44,24.4,78.08,-58.56,-19.52,-34.16,-78.08,-29.28,-136.64,-175.68,-209.84
-78.08,-58.56,19.52,68.32,-48.8,-19.52,-34.16,-73.2,-24.4,-141.52,-185.44,-214.72
-87.84,-78.08,9.76,82.96,-48.8,-34.16,-19.52,-53.68,-9.76,-131.76,-180.56,-204.96
-92.72,-73.2,19.52,82.96,-58.56,-29.28,-9.76,-43.92,-9.76,-122,-180.56,-204.96
-97.6,-68.32,29.28,82.96,-63.44,-19.52,0,-29.28,-9.76,-131.76,-185.44,-200.08
-117.12,-73.2,43.92,97.6,-82.96,-14.64,14.64,-19.52,-4.88,-141.52,-175.68,-195.2
-102.48,-73.2,29.28,87.84,-68.32,-24.4,24.4,-24.4,-14.64,-141.52,-165.92,-190.32
-92.72,-82.96,9.76,87.84,-53.68,-39.04,4.88,-63.44,-53.68,-156.16,-165.92,-200.08
-102.48,-97.6,4.88,102.48,-53.68,-48.8,4.88,-68.32,-43.92,-136.64,-151.28,-195.2
-87.84,-92.72,-4.88,92.72,-43.92,-48.8,24.4,-43.92,0,-117.12,-146.4,-190.32
-63.44,-87.84,-24.4,78.08,-19.52,-58.56,34.16,-14.64,43.92,-97.6,-131.76,-195.2
-43.92,-68.32,-24.4,58.56,-9.76,-48.8,48.8,14.64,87.84,-53.68,-97.6,-190.32
-58.56,-68.32,-9.76,63.44,-24.4,-39.04,63.44,39.04,126.88,-4.88,-53.68,-170.8
-68.32,-53.68,14.64,63.44,-43.92,-19.52,73.2,53.68,161.04,39.04,0,-156.16
-68.32,-39.04,29.28,53.68,-48.8,-4.88,68.32,73.2,190.32,73.2,53.68,-92.72
-43.92,-24.4,19.52,34.16,-34.16,-4.88,58.56,53.68,185.44,102.48,126.88,14.64
-19.52,-14.64,4.88,19.52,-14.64,-4.88,19.52,29.28,165.92,117.12,229.36,165.92
-9.76,0,9.76,4.88,-9.76,4.88,9.76,39.04,204.96,219.6,419.68,361.12
19.52,29.28,9.76,-24.4,4.88,19.52,-4.88,58.56,322.08,395.28,683.2,580.72
53.68,58.56,4.88,-53.68,24.4,29.28,-34.16,73.2,468.48,629.52,985.76,858.88
97.6,87.84,-9.76,-92.72,53.68,39.04,-63.44,78.08,610,858.88,1293.2,1205.36
122,126.88,4.88,-122,58.56,63.44,-97.6,48.8,614.88,907.68,1464,1512.8
112.24,170.8,58.56,-141.52,24.4,112.24,-131.76,19.52,502.64,766.16,1478.64,1776.32
92.72,204.96,112.24,-146.4,-9.76,156.16,-170.8,-53.68,312.32,517.28,1356.64,1971.52
92.72,258.64,165.92,-175.68,-39.04,209.84,-219.6,-165.92,68.32,268.4,1215.12,2103.28
107.36,307.44,200.08,-204.96,-48.8,253.76,-253.76,-258.64,-131.76,43.92,1054.08,2113.04
92.72,351.36,258.64,-219.6,-82.96,302.56,-273.28,-312.32,-292.8,-170.8,878.4,1952
68.32,405.04,336.72,-234.24,-136.64,370.88,-263.52,-322.08,-385.52,-351.36,658.8,1664.08
29.28,370.88,341.6,-200.08,-156.16,356.24,-214.72,-268.4,-414.8,-492.88,439.2,1268.8
-19.52,209.84,229.36,-92.72,-126.88,219.6,-117.12,-141.52,-375.76,-585.6,185.44,722.24
-68.32,82.96,151.28,-4.88,-112.24,117.12,-14.64,19.52,-356.24,-736.88,-214.72,97.6
-122,-24.4,97.6,73.2,-112.24,34.16,73.2,151.28,-366,-927.2,-673.44,-463.6
-161.04,-92.72,68.32,126.88,-117.12,-14.64,97.6,185.44,-439.2,-1127.28,-1107.76,-858.88
-175.68,-151.28,24.4,165.92,-102.48,-63.44,122,204.96,-507.52,-1298.08,-1439.6,-1122.4
-175.68,-219.6,-43.92,200.08,-68.32,-131.76,126.88,200.08,-590.48,-1444.48,-1693.36,-1337.12
-165.92,-263.52,-97.6,214.72,-34.16,-180.56,97.6,107.36,-741.76,-1581.12,-1834.88,-1410.32
-175.68,-292.8,-117.12,234.24,-29.28,-204.96,34.16,-87.84,-927.2,-1664.08,-1815.36,-1371.28
-175.68,-326.96,-151.28,253.76,-14.64,-239.12,-34.16,-302.56,-1068.72,-1698.24,-1756.8,-1317.6
-180.56,-336.72,-156.16,258.64,-14.64,-248.88,-82.96,-458.72,-1151.68,-1673.84,-1649.44,-1215.12
-214.72,-297.68,-82.96,258.64,-68.32,-190.32,-117.12,-531.92,-1166.32,-1590.88,-1532.32,-1117.52
-229.36,-258.64,-29.28,244,-102.48,-146.4,-126.88,-507.52,-1098,-1483.52,-1415.2,-1039.44
-209.84,-229.36,-19.52,219.6,-97.6,-126.88,-117.12,-473.36,-976,-1351.76,-1288.32,-956.48
-200.08,-209.84,-9.76,204.96,-97.6,-112.24,-97.6,-409.92,-819.84,-1185.84,-1146.8,-868.64
-175.68,-185.44,-9.76,180.56,-82.96,-97.6,-102.48,-331.84,-668.56,-1029.68,-1005.28,-785.68
-151.28,-161.04,-9.76,156.16,-73.2,-87.84,-112.24,-273.28,-556.32,-893.04,-888.16,-717.36
-136.64,-136.64,0,136.64,-68.32,-68.32,-82.96,-200.08,-444.08,-756.4,-766.16,-624.64
-136.64,-112.24,24.4,126.88,-82.96,-43.92,-48.8,-126.88,-341.6,-653.92,-649.04,-566.08
-146.4,-102.48,43.92,126.88,-97.6,-29.28,-29.28,-102.48,-278.16,-566.08,-575.84,-507.52
-141.52,-73.2,68.32,107.36,-107.36,-4.88,-43.92,-122,-248.88,-483.12,-492.88,-434.32
-112.24,-39.04,73.2,78.08,-92.72,14.64,-48.8,-136.64,-209.84,-419.68,-419.68,-380.64
-92.72,-39.04,53.68,68.32,-73.2,4.88,-48.8,-122,-141.52,-366,-361.12,-346.48
-92.72,-34.16,58.56,63.44,-78.08,9.76,-39.04,-102.48,-97.6,-312.32,-317.2,-312.32
-73.2,-39.04,34.16,58.56,-53.68,-4.88,-43.92,-82.96,-78.08,-292.8,-297.68,-307.44
-68.32,-43.92,24.4,58.56,-48.8,-9.76,-48.8,-68.32,-58.56,-273.28,-278.16,-307.44
-68.32,-39.04,29.28,53.68,-48.8,-4.88,-63.44,-68.32,-48.8,-258.64,-263.52,-307.44
-82.96,-43.92,39.04,63.44,-63.44,-4.88,-68.32,-63.44,-34.16,-239.12,-248.88,-287.92
-82.96,-34.16,48.8,58.56,-68.32,4.88,-53.68,-53.68,-19.52,-219.6,-224.48,-283.04
-68.32,-29.28,39.04,48.8,-53.68,4.88,-48.8,-48.8,-9.76,-204.96,-209.84,-268.4
-87.84,-39.04,48.8,63.44,-68.32,4.88,-39.04,-43.92,-14.64,-195.2,-195.2,-253.76
-92.72,-48.8,43.92,73.2,-68.32,-4.88,-29.28,-39.04,-9.76,-200.08,-175.68,-248.88
-87.84,-53.68,34.16,73.2,-63.44,-9.76,-43.92,-63.44,-24.4,-219.6,-190.32,-253.76
-87.84,-68.32,19.52,78.08,-53.68,-24.4,-48.8,-68.32,-19.52,-209.84,-185.44,-248.88
-92.72,-58.56,34.16,78.08,-63.44,-14.64,-29.28,-48.8,0,-185.44,-161.04,-239.12
-82.96,-43.92,39.04,63.44,-63.44,-4.88,-34.16,-39.04,9.76,-175.68,-151.28,-244
-82.96,-39.04,43.92,63.44,-63.44,0,-39.04,-39.04,4.88,-156.16,-131.76,-234.24
-68.32,-43.92,24.4,58.56,-48.8,-9.76,-48.8,-53.68,-19.52,-156.16,-122,-229.36
-68.32,-48.8,19.52,58.56,-43.92,-14.64,-53.68,-63.44,-24.4,-161.04,-117.12,-229.36
-63.44,-43.92,19.52,53.68,-43.92,-14.64,-58.56,-73.2,-9.76,-146.4,-102.48,-204.96
-58.56,-48.8,9.76,53.68,-34.16,-19.52,-73.2,-73.2,0,-141.52,-87.84,-190.32
-63.44,-48.8,14.64,58.56,-39.04,-19.52,-73.2,-73.2,-9.76,-151.28,-78.08,-180.56
-58.56,-39.04,19.52,48.8,-39.04,-9.76,-78.08,-63.44,-14.64,-161.04,-82.96,-175.68
-63.44,-43.92,19.52,53.68,-43.92,-14.64,-92.72,-53.68,19.52,-156.16,-87.84,-180.56
-63.44,-39.04,24.4,53.68,-43.92,-9.76,-87.84,-39.04,53.68,-141.52,-78.08,-170.8
-58.56,-34.16,24.4,48.8,-43.92,-4.88,-82.96,-34.16,58.56,-131.76,-63.44,-165.92
-53.68,-39.04,14.64,48.8,-34.16,-14.64,-82.96,-43.92,53.68,-112.24,-63.44,-165.92
-63.44,-34.16,29.28,48.8,-48.8,-4.88,-68.32,-39.04,43.92,-107.36,-53.68,-165.92
-58.56,-34.16,24.4,48.8,-43.92,-4.88,-58.56,-39.04,48.8,-97.6,-53.68,-151.28
-63.44,-34.16,29.28,48.8,-48.8,-4.88,-53.68,-53.68,53.68,-107.36,-53.68,-151.28
-58.56,-39.04,19.52,48.8,-39.04,-9.76,-58.56,-53.68,24.4,-107.36,-48.8,-151.28
-48.8,-24.4,24.4,39.04,-39.04,0,-68.32,-43.92,4.88,-126.88,-48.8,-156.16
-43.92,-9.76,34.16,29.28,-39.04,9.76,-73.2,-53.68,34.16,-136.64,-58.56,-156.16
-34.16,-19.52,14.64,29.28,-24.4,-4.88,-87.84,-53.68,63.44,-122,-53.68,-156.16
-29.28,-24.4,4.88,29.28,-19.52,-9.76,-102.48,-53.68,53.68,-122,-63.44,-161.04
-29.28,-9.76,19.52,19.52,-24.4,4.88,-112.24,-48.8,53.68,-122,-58.56,-161.04
-43.92,-14.64,29.28,29.28,-39.04,4.88,-112.24,-48.8,58.56,-102.48,-53.68,-156.16
-53.68,-29.28,24.4,43.92,-39.04,-4.88,-112.24,-39.04,68.32,-97.6,-43.92,-151.28
-39.04,-24.4,14.64,34.16,-29.28,-4.88,-107.36,-29.28,78.08,-102.48,-43.92,-141.52
-39.04,-9.76,29.28,24.4,-34.16,9.76,-78.08,-14.64,78.08,-97.6,-34.16,-131.76
-39.04,-14.64,24.4,29.28,-34.16,4.88,-63.44,-14.64,63.44,-92.72,-29.28,-122
-39.04,-24.4,14.64,34.16,-29.28,-4.88,-53.68,-14.64,53.68,-107.36,-24.4,-122
-34.16,-24.4,9.76,29.28,-24.4,-9.76,-63.44,-39.04,53.68,-136.64,-39.04,-136.64
-43.92,-19.52,24.4,34.16,-34.16,0,-53.68,-34.16,63.44,-122,-39.04,-126.88
-58.56,-19.52,39.04,39.04,-48.8,9.76,-43.92,-14.64,58.56,-117.12,-34.16,-131.76
-53.68,-14.64,39.04,34.16,-48.8,9.76,-48.8,-24.4,53.68,-122,-39.04,-146.4
-39.04,-14.64,24.4,29.28,-34.16,4.88,-53.68,-34.16,53.68,-112.24,-34.16,-146.4
-29.28,-19.52,9.76,24.4,-19.52,-4.88,-48.8,-43.92,58.56,-117.12,-34.16,-136.64
-34.16,-24.4,9.76,29.28,-24.4,-9.76,-48.8,-29.28,78.08,-107.36,-19.52,-131.76
-53.68,-29.28,24.4,43.92,-39.04,-4.88,-39.04,-4.88,107.36,-87.84,0,-122
-58.56,-34.16,24.4,48.8,-43.92,-4.88,-34.16,4.88,107.36,-73.2,4.88,-107.36
-43.92,-29.28,14.64,39.04,-29.28,-9.76,-43.92,-4.88,107.36,-78.08,9.76,-117.12
-39.04,-19.52,19.52,29.28,-29.28,0,-58.56,-9.76,97.6,-97.6,-14.64,-131.76
-29.28,-19.52,9.76,24.4,-19.52,-4.88,-63.44,-19.52,92.72,-97.6,-19.52,-131.76
-9.76,-14.64,-4.88,14.64,-4.88,-9.76,-68.32,-39.04,73.2,-112.24,-29.28,-146.4
-4.88,-19.52,-14.64,14.64,4.88,-19.52,-73.2,-48.8,39.04,-122,-43.92,-161.04
-9.76,-14.64,-4.88,14.64,-4.88,-9.76,-63.44,-34.16,39.04,-117.12,-29.28,-146.4
-39.04,-19.52,19.52,29.28,-29.28,0,-53.68,-14.64,82.96,-102.48,-4.88,-136.64
-68.32,-19.52,48.8,43.92,-58.56,14.64,-39.04,4.88,112.24,-82.96,14.64,-117.12
-58.56,-19.52,39.04,39.04,-48.8,9.76,-39.04,4.88,112.24,-82.96,14.64,-122
-58.56,-29.28,29.28,43.92,-43.92,0,-39.04,19.52,136.64,-73.2,19.52,-107.36
-53.68,-19.52,34.16,39.04,-43.92,4.88,-48.8,19.52,126.88,-78.08,24.4,-102.48
-39.04,-14.64,24.4,29.28,-34.16,4.88,-58.56,-4.88,82.96,-102.48,9.76,-117.12
-14.64,-24.4,-9.76,19.52,-4.88,-19.52,-97.6,-63.44,19.52,-126.88,-19.52,-136.64
0,-29.28,-29.28,14.64,14.64,-29.28,-107.36,-73.2,24.4,-131.76,-19.52,-126.88
0,-24.4,-24.4,14.64,9.76,-24.4,-112.24,-63.44,58.56,-117.12,-14.64,-131.76
-14.64,-9.76,4.88,14.64,-9.76,-4.88,-112.24,-53.68,92.72,-97.6,-4.88,-126.88
-9.76,0,9.76,4.88,-9.76,4.88,-102.48,-29.28,102.48,-78.08,9.76,-112.24
-14.64,0,14.64,9.76,-14.64,4.88,-97.6,-24.4,92.72,-87.84,19.52,-107.36
-9.76,-4.88,4.88,9.76,-9.76,0,-97.6,-58.56,58.56,-102.48,14.64,-102.48
-4.88,-9.76,-4.88,9.76,0,-9.76,-92.72,-78.08,34.16,-117.12,9.76,-102.48
-14.64,-19.52,-4.88,19.52,-4.88,-14.64,-97.6,-78.08,53.68,-122,4.88,-102.48
-14.64,-9.76,4.88,14.64,-9.76,-4.88,-112.24,-63.44,63.44,-122,-4.88,-92.72
-19.52,-9.76,9.76,14.64,-14.64,0,-102.48,-63.44,53.68,-117.12,-4.88,-87.84
-4.88,-9.76,-4.88,9.76,0,-9.76,-107.36,-63.44,53.68,-117.12,-4.88,-78.08
0,-4.88,-4.88,4.88,0,-4.88,-112.24,-68.32,63.44,-112.24,4.88,-78.08
-4.88,-4.88,0,4.88,-4.88,-4.88,-126.88,-68.32,78.08,-107.36,0,-78.08
-14.64,-14.64,0,14.64,-9.76,-9.76,-112.24,-58.56,97.6,-97.6,19.52,-63.44
-24.4,-19.52,4.88,24.4,-14.64,-9.76,-112.24,-43.92,102.48,-97.6,34.16,-63.44
-4.88,4.88,9.76,0,-9.76,4.88,-122,-53.68,92.72,-107.36,34.16,-63.44
9.76,-4.88,-14.64,0,9.76,-9.76,-131.76,-68.32,82.96,-107.36,24.4,-68.32
-9.76,-19.52,-9.76,14.64,0,-14.64,-122,-82.96,73.2,-112.24,19.52,-73.2
-14.64,-14.64,0,14.64,-9.76,-9.76,-126.88,-82.96,58.56,-126.88,4.88,-78.08
4.88,-4.88,-9.76,0,4.88,-9.76,-117.12,-87.84,53.68,-126.88,4.88,-78.08
-4.88,-14.64,-9.76,9.76,0,-14.64,-122,-97.6,39.04,-136.64,-4.88,-78.08
-14.64,-14.64,0,14.64,-9.76,-9.76,-122,-102.48,43.92,-141.52,-9.76,-92.72
9.76,9.76,0,-9.76,4.88,4.88,-112.24,-92.72,58.56,-126.88,0,-87.84
24.4,14.64,-9.76,-19.52,14.64,0,-87.84,-82.96,68.32,-122,29.28,-73.2
24.4,14.64,-9.76,-19.52,14.64,0,-87.84,-92.72,53.68,-126.88,29.28,-63.44
0,9.76,9.76,-4.88,-4.88,9.76,-82.96,-97.6,43.92,-126.88,24.4,-68.32
-19.52,-4.88,14.64,14.64,-19.52,4.88,-63.44,-82.96,82.96,-117.12,34.16,-43.92
4.88,0,-4.88,0,4.88,-4.88,-58.56,-78.08,97.6,-122,29.28,-48.8
19.52,0,-19.52,-9.76,19.52,-9.76,-68.32,-97.6,68.32,-136.64,9.76,-68.32
24.4,-4.88,-29.28,-9.76,24.4,-19.52,-68.32,-117.12,53.68,-136.64,4.88,-68.32
14.64,4.88,-9.76,-9.76,9.76,-4.88,-68.32,-117.12,48.8,-141.52,4.88,-63.44
9.76,4.88,-4.88,-4.88,4.88,0,-73.2,-126.88,29.28,-156.16,-9.76,-68.32
19.52,4.88,-14.64,-9.76,14.64,-4.88,-87.84,-141.52,24.4,-170.8,-19.52,-78.08
24.4,-9.76,-34.16,-4.88,29.28,-24.4,-92.72,-126.88,53.68,-161.04,-9.76,-68.32
29.28,4.88,-24.4,-14.64,24.4,-9.76,-92.72,-122,43.92,-165.92,-9.76,-78.08
34.16,19.52,-14.64,-24.4,24.4,0,-92.72,-131.76,29.28,-170.8,-14.64,-82.96
29.28,-4.88,-34.16,-9.76,29.28,-19.52,-87.84,-131.76,19.52,-170.8,-9.76,-73.2
39.04,-9.76,-48.8,-14.64,43.92,-29.28,-87.84,-117.12,29.28,-170.8,0,-63.44
39.04,9.76,-29.28,-24.4,34.16,-9.76,-92.72,-126.88,34.16,-180.56,-9.76,-63.44
39.04,4.88,-34.16,-19.52,34.16,-14.64,-102.48,-161.04,14.64,-195.2,-19.52,-73.2
39.04,9.76,-29.28,-24.4,34.16,-9.76,-122,-165.92,14.64,-204.96,-29.28,-78.08
4.88,14.64,9.76,-9.76,-4.88,9.76,-126.88,-146.4,29.28,-195.2,-24.4,-78.08
-19.52,9.76,29.28,4.88,-24.4,19.52,-126.88,-131.76,43.92,-175.68,-14.64,-73.2
-4.88,19.52,24.4,-4.88,-14.64,19.52,-126.88,-126.88,34.16,-170.8,0,-58.56
14.64,24.4,9.76,-19.52,0,14.64,-146.4,-126.88,14.64,-180.56,0,-63.44
43.92,34.16,-9.76,-39.04,24.4,9.76,-156.16,-141.52,14.64,-180.56,-4.88,-63.44
48.8,29.28,-19.52,-39.04,34.16,4.88,-175.68,-161.04,19.52,-195.2,-19.52,-63.44
53.68,29.28,-24.4,-39.04,39.04,0,-190.32,-165.92,9.76,-214.72,-39.04,-63.44
63.44,39.04,-24.4,-48.8,43.92,4.88,-190.32,-175.68,0,-214.72,-43.92,-68.32
63.44,34.16,-29.28,-48.8,43.92,0,-185.44,-190.32,-4.88,-224.48,-53.68,-73.2
48.8,48.8,0,-48.8,24.4,24.4,-190.32,-190.32,-24.4,-234.24,-53.68,-73.2
34.16,53.68,19.52,-43.92,4.88,34.16,-185.44,-185.44,-24.4,-234.24,-63.44,-73.2
34.16,53.68,19.52,-43.92,4.88,34.16,-195.2,-195.2,-9.76,-239.12,-68.32,-78.08
39.04,53.68,14.64,-43.92,9.76,34.16,-185.44,-200.08,-19.52,-248.88,-68.32,-78.08
39.04,58.56,19.52,-48.8,9.76,39.04,-185.44,-200.08,-53.68,-268.4,-73.2,-73.2
58.56,58.56,0,-58.56,29.28,29.28,-180.56,-209.84,-73.2,-278.16,-82.96,-82.96
68.32,48.8,-19.52,-58.56,43.92,14.64,-180.56,-209.84,-78.08,-273.28,-73.2,-68.32
53.68,53.68,0,-53.68,24.4,24.4,-170.8,-204.96,-73.2,-273.28,-73.2,-63.44
43.92,58.56,14.64,-48.8,14.64,34.16,-175.68,-204.96,-68.32,-278.16,-78.08,-68.32
48.8,58.56,9.76,-53.68,19.52,34.16,-175.68,-214.72,-63.44,-273.28,-73.2,-58.56
43.92,48.8,4.88,-43.92,19.52,24.4,-185.44,-209.84,-53.68,-273.28,-68.32,-53.68
43.92,68.32,24.4,-53.68,9.76,43.92,-195.2,-209.84,-53.68,-263.52,-73.2,-53.68
39.04,68.32,29.28,-53.68,4.88,48.8,-214.72,-200.08,-43.92,-244,-58.56,-48.8
39.04,68.32,29.28,-53.68,4.88,48.8,-239.12,-190.32,-39.04,-239.12,-43.92,-43.92
39.04,68.32,29.28,-53.68,4.88,48.8,-273.28,-180.56,-29.28,-224.48,-29.28,-43.92
43.92,58.56,14.64,-48.8,14.64,34.16,-283.04,-180.56,-24.4,-214.72,-34.16,-48.8
43.92,58.56,14.64,-48.8,14.64,34.16,-268.4,-161.04,0,-200.08,-19.52,-43.92
39.04,63.44,24.4,-48.8,4.88,43.92,-239.12,-136.64,14.64,-180.56,-4.88,-29.28
19.52,68.32,48.8,-43.92,-14.64,58.56,-204.96,-122,39.04,-156.16,19.52,-14.64
24.4,78.08,53.68,-48.8,-14.64,63.44,-165.92,-117.12,29.28,-151.28,29.28,-4.88
34.16,73.2,39.04,-53.68,-4.88,53.68,-156.16,-131.76,24.4,-151.28,39.04,4.88
43.92,58.56,14.64,-48.8,14.64,34.16,-151.28,-117.12,48.8,-151.28,39.04,-4.88
39.04,58.56,19.52,-48.8,9.76,39.04,-136.64,-107.36,48.8,-136.64,43.92,-4.88
29.28,58.56,29.28,-43.92,0,43.92,-126.88,-112.24,24.4,-131.76,48.8,0
34.16,48.8,14.64,-39.04,9.76,29.28,-131.76,-112.24,0,-131.76,53.68,-4.88
39.04,48.8,9.76,-43.92,14.64,29.28,-131.76,-112.24,0,-126.88,63.44,4.88
19.52,43.92,24.4,-29.28,-4.88,34.16,-126.88,-102.48,29.28,-112.24,68.32,4.88
19.52,43.92,24.4,-29.28,-4.88,34.16,-131.76,-102.48,48.8,-107.36,63.44,4.88
14.64,43.92,29.28,-29.28,-9.76,34.16,-146.4,-87.84,48.8,-107.36,48.8,-14.64
24.4,43.92,19.52,-34.16,0,29.28,-136.64,-78.08,34.16,-97.6,53.68,-9.76
29.28,48.8,19.52,-39.04,4.88,34.16,-122,-73.2,24.4,-87.84,68.32,0
19.52,39.04,19.52,-29.28,0,29.28,-122,-73.2,19.52,-87.84,58.56,-4.88
19.52,43.92,24.4,-29.28,-4.88,34.16,-112.24,-63.44,48.8,-78.08,63.44,-4.88
14.64,39.04,24.4,-24.4,-4.88,29.28,-92.72,-43.92,82.96,-58.56,87.84,9.76
9.76,34.16,24.4,-19.52,-9.76,29.28,-92.72,-43.92,73.2,-53.68,87.84,9.76
-4.88,39.04,43.92,-14.64,-24.4,39.04,-92.72,-34.16,78.08,-43.92,87.84,9.76
-9.76,24.4,34.16,-4.88,-24.4,29.28,-92.72,-43.92,82.96,-53.68,82.96,4.88
-9.76,14.64,24.4,0,-19.52,19.52,-102.48,-58.56,63.44,-68.32,68.32,-4.88
-4.88,14.64,19.52,-4.88,-14.64,14.64,-107.36,-58.56,43.92,-68.32,58.56,-9.76
-4.88,4.88,9.76,0,-9.76,4.88,-112.24,-68.32,29.28,-73.2,53.68,-14.64
-4.88,4.88,9.76,0,-9.76,4.88,-107.36,-53.68,24.4,-73.2,53.68,-19.52
4.88,14.64,9.76,-9.76,-4.88,9.76,-112.24,-58.56,24.4,-73.2,48.8,-24.4
-4.88,9.76,14.64,0,-9.76,9.76,-107.36,-48.8,39.04,-68.32,48.8,-24.4
-9.76,14.64,24.4,0,-19.52,19.52,-97.6,-24.4,73.2,-43.92,58.56,-14.64
-29.28,24.4,53.68,4.88,-43.92,39.04,-78.08,4.88,107.36,-24.4,87.84,-4.88
-39.04,4.88,43.92,19.52,-43.92,24.4,-63.44,-4.88,112.24,-24.4,82.96,-14.64
-19.52,0,19.52,9.76,-19.52,9.76,-58.56,-34.16,68.32,-48.8,63.44,-29.28
-4.88,-9.76,-4.88,9.76,0,-9.76,-58.56,-53.68,34.16,-68.32,39.04,-43.92
-4.88,-9.76,-4.88,9.76,0,-9.76,-48.8,-53.68,24.4,-73.2,34.16,-48.8
-4.88,-9.76,-4.88,9.76,0,-9.76,-48.8,-68.32,14.64,-82.96,19.52,-53.68
-9.76,-4.88,4.88,9.76,-9.76,0,-48.8,-73.2,14.64,-73.2,34.16,-53.68
-14.64,-9.76,4.88,14.64,-9.76,-4.88,-39.04,-63.44,29.28,-68.32,39.04,-48.8
-19.52,-9.76,9.76,14.64,-14.64,0,-34.16,-63.44,34.16,-73.2,34.16,-48.8
-19.52,0,19.52,9.76,-19.52,9.76,-24.4,-48.8,39.04,-68.32,34.16,-43.92
-29.28,-4.88,24.4,19.52,-29.28,9.76,-14.64,-39.04,48.8,-58.56,48.8,-29.28
-48.8,-24.4,24.4,39.04,-39.04,0,-29.28,-29.28,58.56,-48.8,53.68,-29.28
-29.28,0,29.28,14.64,-29.28,14.64,-43.92,-19.52,63.44,-39.04,58.56,-19.52
-19.52,9.76,29.28,4.88,-24.4,19.52,-68.32,-14.64,48.8,-29.28,58.56,0
-19.52,-4.88,14.64,14.64,-19.52,4.88,-107.36,-29.28,24.4,-48.8,43.92,-4.88
-9.76,-4.88,4.88,9.76,-9.76,0,-112.24,-29.28,19.52,-73.2,24.4,-9.76
-29.28,-9.76,19.52,19.52,-24.4,4.88,-92.72,-29.28,19.52,-78.08,34.16,0
-39.04,-14.64,24.4,29.28,-34.16,4.88,-73.2,-29.28,39.04,-63.44,34.16,4.88
-34.16,-4.88,29.28,19.52,-34.16,9.76,-48.8,-19.52,39.04,-48.8,43.92,9.76
-29.28,0,29.28,14.64,-29.28,14.64,-39.04,-9.76,34.16,-53.68,48.8,19.52
-14.64,0,14.64,9.76,-14.64,4.88,-43.92,-29.28,39.04,-58.56,43.92,9.76
-9.76,0,9.76,4.88,-9.76,4.88,-34.16,-29.28,58.56,-58.56,43.92,14.64
-14.64,-9.76,4.88,14.64,-9.76,-4.88,-24.4,-19.52,58.56,-53.68,48.8,14.64
-14.64,0,14.64,9.76,-14.64,4.88,-19.52,-9.76,78.08,-48.8,48.8,19.52
-9.76,-4.88,4.88,9.76,-9.76,0,-24.4,-9.76,68.32,-43.92,43.92,19.52
-19.52,-9.76,9.76,14.64,-14.64,0,-29.28,-14.64,53.68,-48.8,39.04,14.64
-14.64,-14.64,0,14.64,-9.76,-9.76,-43.92,-14.64,24.4,-58.56,29.28,14.64
-9.76,-9.76,0,9.76,-4.88,-4.88,-53.68,-24.4,9.76,-68.32,24.4,0
-9.76,-14.64,-4.88,14.64,-4.88,-9.76,-53.68,-14.64,39.04,-58.56,29.28,4.88
-14.64,-9.76,4.88,14.64,-9.76,-4.88,-58.56,0,63.44,-43.92,34.16,9.76
-19.52,-4.88,14.64,14.64,-19.52,4.88,-53.68,9.76,73.2,-29.28,43.92,14.64
-4.88,-4.88,0,4.88,-4.88,-4.88,-58.56,14.64,73.2,-29.28,43.92,14.64
-4.88,-4.88,0,4.88,-4.88,-4.88,-53.68,19.52,68.32,-34.16,39.04,14.64
-4.88,0,4.88,4.88,-4.88,0,-48.8,14.64,63.44,-43.92,39.04,14.64
0,0,0,0,0,0,-48.8,4.88,53.68,-53.68,39.04,14.64
-19.52,-4.88,14.64,14.64,-19.52,4.88,-39.04,9.76,58.56,-39.04,43.92,14.64
-19.52,-9.76,9.76,14.64,-14.64,0,-24.4,29.28,78.08,-19.52,53.68,24.4
-19.52,-4.88,14.64,14.64,-19.52,4.88,-34.16,34.16,87.84,-24.4,43.92,4.88
-39.04,-4.88,34.16,24.4,-39.04,14.64,-19.52,58.56,112.24,-4.88,58.56,9.76
-24.4,-4.88,19.52,14.64,-24.4,4.88,-14.64,68.32,126.88,4.88,58.56,9.76
-29.28,-19.52,9.76,24.4,-19.52,-4.88,-19.52,53.68,117.12,0,48.8,4.88
-14.64,-19.52,-4.88,19.52,-4.88,-14.64,-24.4,19.52,82.96,-14.64,29.28,-14.64
-9.76,-9.76,0,9.76,-4.88,-4.88,-19.52,4.88,58.56,-4.88,29.28,-4.88
-19.52,-9.76,9.76,14.64,-14.64,0,-29.28,0,34.16,-9.76,24.4,-9.76
-14.64,-14.64,0,14.64,-9.76,-9.76,-34.16,9.76,43.92,-14.64,29.28,-14.64
-9.76,-19.52,-9.76,14.64,0,-14.64,-29.28,24.4,68.32,-19.52,34.16,-4.88
-4.88,-14.64,-9.76,9.76,0,-14.64,-34.16,29.28,58.56,-24.4,34.16,-9.76
-4.88,0,4.88,4.88,-4.88,0,-34.16,34.16,73.2,-19.52,39.04,-4.88
-9.76,-9.76,0,9.76,-4.88,-4.88,-29.28,39.04,97.6,-4.88,43.92,-4.88
-4.88,-4.88,0,4.88,-4.88,-4.88,-29.28,34.16,107.36,-9.76,39.04,0
-9.76,0,9.76,4.88,-9.76,4.88,-29.28,43.92,112.24,9.76,53.68,4.88
-19.52,-9.76,9.76,14.64,-14.64,0,-29.28,43.92,107.36,9.76,53.68,9.76
-9.76,-19.52,-9.76,14.64,0,-14.64,-34.16,24.4,82.96,0,43.92,9.76
-4.88,-19.52,-14.64,14.64,4.88,-19.52,-53.68,4.88,63.44,-14.64,34.16,0
-4.88,-19.52,-14.64,14.64,4.88,-19.52,-58.56,19.52,82.96,-4.88,34.16,4.88
0,-9.76,-9.76,4.88,4.88,-9.76,-63.44,24.4,82.96,-4.88,29.28,4.88
0,0,0,0,0,0,-78.08,14.64,78.08,-9.76,29.28,0
0,9.76,9.76,-4.88,-4.88,9.76,-73.2,29.28,102.48,4.88,34.16,0
-4.88,4.88,9.76,0,-9.76,4.88,-73.2,34.16,107.36,4.88,24.4,-4.88
0,19.52,19.52,-9.76,-9.76,19.52,-63.44,34.16,97.6,9.76,24.4,0
0,24.4,24.4,-9.76,-14.64,24.4,-48.8,34.16,92.72,19.52,29.28,19.52
-4.88,0,4.88,4.88,-4.88,0,-43.92,34.16,68.32,4.88,29.28,9.76
-4.88,-9.76,-4.88,9.76,0,-9.76,-43.92,24.4,39.04,4.88,19.52,9.76
9.76,-4.88,-14.64,0,9.76,-9.76,-48.8,19.52,34.16,-9.76,19.52,4.88
4.88,-9.76,-14.64,4.88,9.76,-14.64,-53.68,19.52,63.44,-14.64,9.76,4.88
0,-14.64,-14.64,9.76,4.88,-14.64,-53.68,19.52,73.2,-4.88,9.76,4.88
4.88,-9.76,-14.64,4.88,9.76,-14.64,-43.92,19.52,78.08,4.88,14.64,9.76
4.88,-9.76,-14.64,4.88,9.76,-14.64,-43.92,24.4,92.72,9.76,24.4,9.76
19.52,4.88,-14.64,-9.76,14.64,-4.88,-39.04,34.16,107.36,24.4,29.28,14.64
19.52,4.88,-14.64,-9.76,14.64,-4.88,-34.16,39.04,117.12,24.4,19.52,9.76
4.88,-4.88,-9.76,0,4.88,-9.76,-24.4,29.28,112.24,24.4,14.64,9.76
9.76,0,-9.76,-4.88,9.76,-4.88,-9.76,29.28,107.36,29.28,14.64,9.76
0,-9.76,-9.76,4.88,4.88,-9.76,-9.76,29.28,78.08,24.4,9.76,9.76
4.88,0,-4.88,0,4.88,-4.88,-19.52,34.16,43.92,4.88,4.88,4.88
14.64,0,-14.64,-4.88,14.64,-9.76,-24.4,24.4,43.92,-9.76,4.88,4.88
9.76,-14.64,-24.4,4.88,14.64,-19.52,-14.64,14.64,78.08,-9.76,9.76,0
9.76,-4.88,-14.64,0,9.76,-9.76,-9.76,19.52,102.48,0,14.64,9.76
4.88,0,-4.88,0,4.88,-4.88,-9.76,29.28,107.36,9.76,9.76,4.88
14.64,-4.88,-19.52,-4.88,14.64,-14.64,-14.64,19.52,92.72,9.76,4.88,-4.88
24.4,-9.76,-34.16,-4.88,29.28,-24.4,-9.76,24.4,73.2,14.64,0,0
14.64,-14.64,-29.28,0,19.52,-24.4,-9.76,24.4,53.68,9.76,14.64,4.88
4.88,-4.88,-9.76,0,4.88,-9.76,-14.64,24.4,39.04,0,9.76,0
14.64,-4.88,-19.52,-4.88,14.64,-14.64,-14.64,34.16,58.56,0,14.64,14.64
14.64,0,-14.64,-4.88,14.64,-9.76,-29.28,24.4,68.32,-9.76,9.76,0
19.52,4.88,-14.64,-9.76,14.64,-4.88,-39.04,19.52,68.32,-14.64,9.76,0
19.52,-4.88,-24.4,-4.88,19.52,-14.64,-63.44,9.76,58.56,-34.16,-9.76,-19.52
14.64,-14.64,-29.28,0,19.52,-24.4,-68.32,4.88,53.68,-34.16,-4.88,-14.64
-4.88,0,4.88,4.88,-4.88,0,-68.32,29.28,63.44,-14.64,9.76,-9.76
-24.4,0,24.4,14.64,-24.4,9.76,-63.44,39.04,68.32,-9.76,14.64,4.88
-24.4,-4.88,19.52,14.64,-24.4,4.88,-48.8,43.92,78.08,0,19.52,14.64
-9.76,-9.76,0,9.76,-4.88,-4.88,-43.92,24.4,68.32,-14.64,14.64,4.88
9.76,-9.76,-19.52,0,14.64,-14.64,-48.8,19.52,53.68,-19.52,4.88,-9.76
24.4,0,-24.4,-9.76,24.4,-14.64,-43.92,39.04,68.32,-14.64,9.76,-4.88
14.64,-4.88,-19.52,-4.88,14.64,-14.64,-39.04,53.68,87.84,-9.76,24.4,-4.88
0,-9.76,-9.76,4.88,4.88,-9.76,-34.16,58.56,97.6,-4.88,19.52,-4.88
9.76,4.88,-4.88,-4.88,4.88,0,-34.16,43.92,78.08,-9.76,9.76,-19.52
9.76,-4.88,-14.64,0,9.76,-9.76,-34.16,34.16,63.44,-4.88,4.88,-24.4
19.52,0,-19.52,-9.76,19.52,-9.76,-34.16,29.28,39.04,-14.64,0,-29.28
19.52,0,-19.52,-9.76,19.52,-9.76,-43.92,24.4,24.4,-29.28,-9.76,-34.16
14.64,-19.52,-34.16,4.88,24.4,-29.28,-43.92,24.4,39.04,-34.16,-14.64,-39.04
29.28,9.76,-19.52,-19.52,24.4,-4.88,-29.28,24.4,53.68,-29.28,0,-34.16
24.4,19.52,-4.88,-19.52,14.64,4.88,-34.16,24.4,39.04,-24.4,-4.88,-43.92
9.76,19.52,9.76,-14.64,0,14.64,-14.64,43.92,53.68,-14.64,4.88,-29.28
-4.88,24.4,29.28,-9.76,-19.52,24.4,4.88,63.44,78.08,0,19.52,-19.52
-14.64,9.76,24.4,4.88,-19.52,14.64,0,87.84,82.96,-4.88,14.64,-24.4
-4.88,9.76,14.64,0,-9.76,9.76,-4.88,82.96,63.44,-4.88,0,-34.16
4.88,4.88,0,-4.88,0,0,-4.88,48.8,43.92,-9.76,-4.88,-34.16
24.4,9.76,-14.64,-14.64,19.52,-4.88,-9.76,9.76,9.76,-24.4,-19.52,-48.8
39.04,14.64,-24.4,-24.4,29.28,-4.88,-14.64,9.76,24.4,-19.52,-19.52,-48.8
24.4,14.64,-9.76,-19.52,14.64,0,-9.76,39.04,68.32,-9.76,-9.76,-48.8
0,14.64,14.64,-4.88,-9.76,14.64,9.76,58.56,87.84,9.76,4.88,-39.04
4.88,19.52,14.64,-9.76,-4.88,14.64,19.52,63.44,87.84,19.52,9.76,-34.16
4.88,14.64,9.76,-9.76,-4.88,9.76,19.52,58.56,78.08,14.64,0,-29.28
9.76,24.4,14.64,-14.64,-4.88,19.52,19.52,53.68,73.2,0,0,-34.16
4.88,29.28,24.4,-14.64,-9.76,24.4,9.76,53.68,73.2,-14.64,4.88,-34.16
9.76,24.4,14.64,-14.64,-4.88,19.52,4.88,68.32,78.08,-9.76,0,-39.04
9.76,29.28,19.52,-19.52,-4.88,24.4,9.76,82.96,92.72,4.88,14.64,-29.28
14.64,29.28,14.64,-19.52,0,19.52,4.88,87.84,92.72,4.88,9.76,-39.04
4.88,24.4,19.52,-14.64,-9.76,19.52,0,92.72,78.08,9.76,14.64,-24.4
0,24.4,24.4,-9.76,-14.64,24.4,4.88,87.84,78.08,4.88,14.64,-29.28
9.76,14.64,4.88,-9.76,0,9.76,-14.64,63.44,73.2,0,9.76,-34.16
19.52,19.52,0,-19.52,9.76,9.76,-29.28,53.68,58.56,-9.76,9.76,-43.92
19.52,29.28,9.76,-24.4,4.88,19.52,-29.28,58.56,48.8,-14.64,4.88,-39.04
29.28,29.28,0,-29.28,14.64,14.64,-19.52,58.56,58.56,-14.64,4.88,-48.8
29.28,34.16,4.88,-29.28,9.76,19.52,-9.76,53.68,53.68,-19.52,0,-53.68
14.64,29.28,14.64,-19.52,0,19.52,0,63.44,58.56,-4.88,0,-48.8
14.64,34.16,19.52,-24.4,-4.88,24.4,4.88,63.44,68.32,0,0,-43.92
29.28,34.16,4.88,-29.28,9.76,19.52,4.88,58.56,63.44,-9.76,-4.88,-53.68
39.04,29.28,-9.76,-34.16,24.4,9.76,-4.88,68.32,63.44,-4.88,-14.64,-53.68
34.16,29.28,-4.88,-29.28,19.52,9.76,-4.88,73.2,68.32,4.88,-4.88,-58.56
14.64,24.4,9.76,-19.52,0,14.64,-4.88,73.2,63.44,9.76,0,-53.68
0,34.16,34.16,-14.64,-19.52,34.16,-9.76,68.32,48.8,0,-4.88,-53.68
14.64,34.16,19.52,-24.4,-4.88,24.4,-14.64,63.44,58.56,-9.76,-4.88,-48.8
9.76,29.28,19.52,-19.52,-4.88,24.4,-24.4,53.68,48.8,-14.64,-9.76,-58.56
4.88,29.28,24.4,-14.64,-9.76,24.4,-29.28,63.44,24.4,-9.76,-14.64,-58.56
24.4,48.8,24.4,-34.16,0,34.16,-34.16,73.2,29.28,-9.76,-14.64,-58.56
34.16,53.68,19.52,-43.92,4.88,34.16,-39.04,78.08,73.2,-4.88,-9.76,-48.8
29.28,48.8,19.52,-39.04,4.88,34.16,-24.4,82.96,73.2,4.88,0,-53.68
39.04,43.92,4.88,-39.04,14.64,24.4,-19.52,73.2,53.68,4.88,-14.64,-58.56
29.28,48.8,19.52,-39.04,4.88,34.16,0,82.96,58.56,4.88,-14.64,-53.68
14.64,53.68,39.04,-34.16,-14.64,43.92,19.52,97.6,82.96,14.64,-4.88,-48.8
9.76,34.16,24.4,-19.52,-9.76,29.28,9.76,102.48,63.44,4.88,-14.64,-53.68
14.64,39.04,24.4,-24.4,-4.88,29.28,9.76,92.72,48.8,0,-19.52,-53.68
4.88,39.04,34.16,-19.52,-14.64,34.16,14.64,78.08,34.16,-14.64,-19.52,-63.44
4.88,24.4,19.52,-14.64,-9.76,19.52,9.76,48.8,19.52,-24.4,-29.28,-73.2
14.64,19.52,4.88,-14.64,4.88,9.76,14.64,48.8,29.28,-24.4,-24.4,-82.96
29.28,29.28,0,-29.28,14.64,14.64,19.52,48.8,29.28,-29.28,-34.16,-82.96
34.16,39.04,4.88,-34.16,14.64,19.52,24.4,63.44,43.92,-24.4,-24.4,-73.2
43.92,48.8,4.88,-43.92,19.52,24.4,24.4,68.32,53.68,-14.64,-24.4,-73.2
34.16,39.04,4.88,-34.16,14.64,19.52,24.4,73.2,53.68,-4.88,-24.4,-82.96
19.52,34.16,14.64,-24.4,0,24.4,48.8,92.72,63.44,9.76,-9.76,-73.2
29.28,43.92,14.64,-34.16,4.88,29.28,53.68,87.84,48.8,14.64,-9.76,-73.2
0,43.92,43.92,-19.52,-24.4,43.92,63.44,92.72,58.56,14.64,-9.76,-68.32
0,39.04,39.04,-19.52,-19.52,39.04,73.2,92.72,43.92,4.88,-9.76,-68.32
-4.88,34.16,39.04,-14.64,-24.4,34.16,78.08,92.72,43.92,-4.88,-9.76,-68.32
4.88,39.04,34.16,-19.52,-14.64,34.16,73.2,92.72,48.8,0,-9.76,-73.2
19.52,29.28,9.76,-24.4,4.88,19.52,58.56,78.08,34.16,-4.88,-9.76,-73.2
34.16,29.28,-4.88,-29.28,19.52,9.76,39.04,53.68,19.52,-19.52,-24.4,-87.84
43.92,39.04,-4.88,-39.04,24.4,14.64,39.04,58.56,29.28,-19.52,-29.28,-82.96
43.92,24.4,-19.52,-34.16,29.28,0,43.92,63.44,34.16,-14.64,-24.4,-87.84
39.04,14.64,-24.4,-24.4,29.28,-4.88,48.8,48.8,39.04,-14.64,-19.52,-82.96
48.8,29.28,-19.52,-39.04,34.16,4.88,34.16,43.92,48.8,-9.76,-19.52,-82.96
39.04,29.28,-9.76,-34.16,24.4,9.76,9.76,63.44,63.44,0,-14.64,-82.96
24.4,29.28,4.88,-24.4,9.76,14.64,-24.4,73.2,58.56,0,-14.64,-92.72
19.52,29.28,9.76,-24.4,4.88,19.52,-68.32,68.32,58.56,-9.76,-19.52,-87.84
14.64,24.4,9.76,-19.52,0,14.64,-97.6,63.44,43.92,-4.88,-19.52,-92.72
24.4,19.52,-4.88,-19.52,14.64,4.88,-117.12,43.92,9.76,-19.52,-29.28,-92.72
29.28,14.64,-14.64,-19.52,19.52,0,-112.24,29.28,-4.88,-34.16,-43.92,-107.36
24.4,9.76,-14.64,-14.64,19.52,-4.88,-102.48,34.16,9.76,-39.04,-39.04,-102.48
29.28,9.76,-19.52,-19.52,24.4,-4.88,-92.72,53.68,29.28,-19.52,-24.4,-97.6
9.76,0,-9.76,-4.88,9.76,-4.88,-73.2,73.2,53.68,-9.76,-14.64,-92.72
0,9.76,9.76,-4.88,-4.88,9.76,-53.68,78.08,58.56,-4.88,-9.76,-92.72
19.52,34.16,14.64,-24.4,0,24.4,-29.28,82.96,68.32,9.76,-4.88,-87.84
9.76,19.52,9.76,-14.64,0,14.64,-29.28,73.2,58.56,0,-9.76,-97.6
0,14.64,14.64,-4.88,-9.76,14.64,-14.64,73.2,39.04,-4.88,-9.76,-102.48
4.88,9.76,4.88,-4.88,0,4.88,-9.76,68.32,19.52,-14.64,-24.4,-117.12
19.52,9.76,-9.76,-14.64,14.64,0,-14.64,48.8,14.64,-24.4,-43.92,-126.88
24.4,19.52,-4.88,-19.52,14.64,4.88,-14.64,34.16,4.88,-39.04,-48.8,-136.64
0,19.52,19.52,-9.76,-9.76,19.52,4.88,58.56,19.52,-19.52,-39.04,-122
0,9.76,9.76,-4.88,-4.88,9.76,9.76,73.2,34.16,0,-24.4,-117.12
19.52,19.52,0,-19.52,9.76,9.76,9.76,58.56,14.64,-9.76,-24.4,-117.12
14.64,19.52,4.88,-14.64,4.88,9.76,14.64,68.32,19.52,-4.88,-24.4,-117.12
19.52,24.4,4.88,-19.52,4.88,14.64,24.4,87.84,34.16,0,-19.52,-97.6
19.52,19.52,0,-19.52,9.76,9.76,29.28,78.08,24.4,-9.76,-14.64,-92.72
19.52,14.64,-4.88,-14.64,9.76,4.88,34.16,63.44,9.76,-19.52,-29.28,-87.84
29.28,14.64,-14.64,-19.52,19.52,0,43.92,68.32,14.64,-14.64,-29.28,-92.72
14.64,14.64,0,-14.64,4.88,4.88,53.68,73.2,29.28,-14.64,-29.28,-97.6
0,14.64,14.64,-4.88,-9.76,14.64,58.56,68.32,39.04,-9.76,-29.28,-102.48
9.76,14.64,4.88,-9.76,0,9.76,63.44,53.68,34.16,-4.88,-29.28,-97.6
9.76,9.76,0,-9.76,4.88,4.88,63.44,39.04,9.76,-9.76,-34.16,-102.48
14.64,14.64,0,-14.64,4.88,4.88,58.56,34.16,-14.64,-14.64,-39.04,-112.24
9.76,9.76,0,-9.76,4.88,4.88,58.56,58.56,-19.52,-14.64,-29.28,-112.24
19.52,19.52,0,-19.52,9.76,9.76,63.44,68.32,9.76,-9.76,-14.64,-102.48
29.28,29.28,0,-29.28,14.64,14.64,68.32,73.2,39.04,-4.88,-14.64,-107.36
19.52,24.4,4.88,-19.52,4.88,14.64,68.32,68.32,39.04,-4.88,-24.4,-112.24
19.52,14.64,-4.88,-14.64,9.76,4.88,58.56,58.56,19.52,0,-24.4,-102.48
24.4,19.52,-4.88,-19.52,14.64,4.88,53.68,58.56,14.64,4.88,-24.4,-102.48
9.76,14.64,4.88,-9.76,0,9.76,43.92,43.92,4.88,-4.88,-34.16,-112.24
9.76,19.52,9.76,-14.64,0,14.64,48.8,58.56,14.64,-4.88,-34.16,-107.36
9.76,14.64,4.88,-9.76,0,9.76,39.04,58.56,9.76,-19.52,-34.16,-102.48
4.88,14.64,9.76,-9.76,-4.88,9.76,34.16,68.32,19.52,-19.52,-24.4,-102.48
4.88,19.52,14.64,-9.76,-4.88,14.64,19.52,68.32,4.88,-24.4,-29.28,-107.36
9.76,9.76,0,-9.76,4.88,4.88,24.4,73.2,-4.88,-9.76,-34.16,-107.36
4.88,19.52,14.64,-9.76,-4.88,14.64,9.76,58.56,-9.76,-24.4,-43.92,-117.12
-4.88,14.64,19.52,-4.88,-14.64,14.64,9.76,48.8,9.76,-29.28,-48.8,-117.12
4.88,19.52,14.64,-9.76,-4.88,14.64,29.28,58.56,9.76,-29.28,-43.92,-112.24
19.52,24.4,4.88,-19.52,4.88,14.64,43.92,53.68,4.88,-29.28,-39.04,-112.24
9.76,24.4,14.64,-14.64,-4.88,19.52,53.68,43.92,0,-24.4,-34.16,-107.36
9.76,39.04,29.28,-24.4,-9.76,34.16,63.44,48.8,24.4,-14.64,-24.4,-97.6
0,29.28,29.28,-14.64,-14.64,29.28,58.56,48.8,24.4,-14.64,-29.28,-107.36
0,14.64,14.64,-4.88,-9.76,14.64,43.92,29.28,4.88,-24.4,-34.16,-112.24
-9.76,19.52,29.28,-4.88,-19.52,24.4,43.92,34.16,0,-24.4,-39.04,-112.24
-4.88,24.4,29.28,-9.76,-19.52,24.4,58.56,48.8,0,-29.28,-34.16,-107.36
-19.52,14.64,34.16,4.88,-29.28,24.4,58.56,43.92,0,-34.16,-39.04,-107.36
-19.52,9.76,29.28,4.88,-24.4,19.52,53.68,43.92,14.64,-43.92,-39.04,-97.6
0,4.88,4.88,0,-4.88,4.88,53.68,43.92,4.88,-39.04,-43.92,-97.6
9.76,14.64,4.88,-9.76,0,9.76,53.68,29.28,-4.88,-34.16,-48.8,-102.48
0,24.4,24.4,-9.76,-14.64,24.4,53.68,39.04,-4.88,-34.16,-43.92,-102.48
-19.52,19.52,39.04,0,-29.28,29.28,53.68,43.92,-9.76,-24.4,-39.04,-92.72
-29.28,19.52,48.8,4.88,-39.04,34.16,68.32,53.68,19.52,-9.76,-19.52,-82.96
-48.8,19.52,68.32,14.64,-58.56,43.92,73.2,68.32,43.92,0,-9.76,-78.08
-39.04,19.52,58.56,9.76,-48.8,39.04,58.56,63.44,19.52,-9.76,-19.52,-82.96
-9.76,24.4,34.16,-4.88,-24.4,29.28,53.68,43.92,4.88,-24.4,-39.04,-97.6
-4.88,14.64,19.52,-4.88,-14.64,14.64,39.04,29.28,4.88,-39.04,-48.8,-107.36
4.88,9.76,4.88,-4.88,0,4.88,39.04,24.4,-4.88,-34.16,-53.68,-107.36
9.76,9.76,0,-9.76,4.88,4.88,39.04,24.4,-34.16,-43.92,-63.44,-107.36
-4.88,9.76,14.64,0,-9.76,9.76,53.68,29.28,-43.92,-39.04,-58.56,-102.48
0,24.4,24.4,-9.76,-14.64,24.4,58.56,39.04,-19.52,-29.28,-48.8,-102.48
0,19.52,19.52,-9.76,-9.76,19.52,48.8,39.04,-9.76,-34.16,-58.56,-102.48
4.88,14.64,9.76,-9.76,-4.88,9.76,39.04,24.4,-14.64,-53.68,-68.32,-112.24
0,19.52,19.52,-9.76,-9.76,19.52,34.16,34.16,0,-39.04,-58.56,-97.6
-9.76,9.76,19.52,0,-14.64,14.64,24.4,43.92,-4.88,-29.28,-48.8,-82.96
-14.64,9.76,24.4,4.88,-19.52,14.64,14.64,39.04,-14.64,-34.16,-48.8,-87.84
-9.76,14.64,24.4,0,-19.52,19.52,4.88,29.28,-19.52,-39.04,-48.8,-87.84
-14.64,14.64,29.28,0,-24.4,19.52,-9.76,29.28,-4.88,-34.16,-48.8,-87.84
0,14.64,14.64,-4.88,-9.76,14.64,-14.64,19.52,0,-39.04,-53.68,-92.72
-9.76,4.88,14.64,4.88,-14.64,9.76,-14.64,14.64,-9.76,-39.04,-58.56,-92.72
-24.4,0,24.4,14.64,-24.4,9.76,-14.64,14.64,-14.64,-39.04,-53.68,-92.72
-19.52,0,19.52,9.76,-19.52,9.76,-24.4,4.88,-34.16,-48.8,-73.2,-97.6
-9.76,-4.88,4.88,9.76,-9.76,0,-14.64,4.88,-48.8,-53.68,-78.08,-102.48
0,-4.88,-4.88,4.88,0,-4.88,-14.64,-4.88,-53.68,-58.56,-82.96,-102.48
-4.88,-4.88,0,4.88,-4.88,-4.88,-9.76,4.88,-53.68,-58.56,-82.96,-97.6
-9.76,-9.76,0,9.76,-4.88,-4.88,-4.88,9.76,-39.04,-53.68,-82.96,-102.48
-19.52,-9.76,9.76,14.64,-14.64,0,4.88,19.52,-34.16,-48.8,-78.08,-102.48
-34.16,-19.52,14.64,29.28,-24.4,-4.88,0,14.64,-24.4,-48.8,-82.96,-107.36
-4.88,-9.76,-4.88,9.76,0,-9.76,-4.88,9.76,-24.4,-43.92,-87.84,-112.24
-4.88,0,4.88,4.88,-4.88,0,-9.76,19.52,-24.4,-39.04,-87.84,-122
-14.64,-4.88,9.76,9.76,-14.64,0,-24.4,29.28,-39.04,-43.92,-92.72,-131.76
-14.64,-9.76,4.88,14.64,-9.76,-4.88,-39.04,4.88,-63.44,-43.92,-92.72,-131.76
-4.88,4.88,9.76,0,-9.76,4.88,-34.16,9.76,-73.2,-43.92,-82.96,-131.76
0,0,0,0,0,0,-39.04,19.52,-34.16,-34.16,-73.2,-126.88
-14.64,0,14.64,9.76,-14.64,4.88,-43.92,29.28,-4.88,-29.28,-63.44,-122
-14.64,0,14.64,9.76,-14.64,4.88,-34.16,24.4,-9.76,-34.16,-68.32,-122
-24.4,0,24.4,14.64,-24.4,9.76,-14.64,19.52,-9.76,-39.04,-63.44,-126.88
-24.4,4.88,29.28,9.76,-29.28,14.64,0,24.4,0,-39.04,-68.32,-126.88
-34.16,-4.88,29.28,19.52,-34.16,9.76,14.64,43.92,9.76,-34.16,-63.44,-117.12
-34.16,-9.76,24.4,24.4,-29.28,4.88,29.28,48.8,-9.76,-34.16,-63.44,-122
-24.4,-4.88,19.52,14.64,-24.4,4.88,39.04,43.92,-24.4,-34.16,-63.44,-122
-29.28,-9.76,19.52,19.52,-24.4,4.88,43.92,29.28,-48.8,-34.16,-73.2,-126.88
-24.4,-9.76,14.64,19.52,-19.52,0,43.92,19.52,-34.16,-39.04,-73.2,-126.88
-19.52,-14.64,4.88,19.52,-14.64,-4.88,43.92,14.64,4.88,-34.16,-63.44,-126.88
-14.64,-19.52,-4.88,19.52,-4.88,-14.64,48.8,19.52,0,-39.04,-68.32,-126.88
-14.64,-24.4,-9.76,19.52,-4.88,-19.52,58.56,39.04,9.76,-29.28,-53.68,-112.24
-14.64,-19.52,-4.88,19.52,-4.88,-14.64,58.56,39.04,-4.88,-39.04,-63.44,-117.12
-24.4,-19.52,4.88,24.4,-14.64,-9.76,63.44,43.92,-9.76,-39.04,-58.56,-107.36
-19.52,-14.64,4.88,19.52,-14.64,-4.88,73.2,48.8,4.88,-34.16,-53.68,-102.48
-19.52,-14.64,4.88,19.52,-14.64,-4.88,73.2,39.04,9.76,-34.16,-68.32,-107.36
-19.52,-9.76,9.76,14.64,-14.64,0,73.2,29.28,-4.88,-43.92,-78.08,-112.24
-24.4,-14.64,9.76,19.52,-19.52,-4.88,78.08,29.28,-14.64,-43.92,-78.08,-102.48
-34.16,-14.64,19.52,24.4,-29.28,0,73.2,24.4,-29.28,-48.8,-82.96,-107.36
-24.4,-19.52,4.88,24.4,-14.64,-9.76,73.2,29.28,-24.4,-34.16,-73.2,-97.6
-29.28,-19.52,9.76,24.4,-19.52,-4.88,73.2,29.28,-34.16,-39.04,-68.32,-97.6
-39.04,-9.76,29.28,24.4,-34.16,9.76,68.32,34.16,-9.76,-29.28,-58.56,-92.72
-19.52,-4.88,14.64,14.64,-19.52,4.88,82.96,29.28,-9.76,-39.04,-58.56,-92.72
-4.88,-24.4,-19.52,14.64,4.88,-24.4,78.08,24.4,-19.52,-43.92,-63.44,-92.72
-4.88,-24.4,-19.52,14.64,4.88,-24.4,78.08,24.4,-24.4,-53.68,-73.2,-97.6
-14.64,-24.4,-9.76,19.52,-4.88,-19.52,58.56,24.4,-24.4,-63.44,-68.32,-92.72
-29.28,-19.52,9.76,24.4,-19.52,-4.88,58.56,29.28,-19.52,-58.56,-68.32,-92.72
-29.28,-14.64,14.64,24.4,-24.4,0,63.44,34.16,-14.64,-43.92,-58.56,-82.96
-24.4,-14.64,9.76,19.52,-19.52,-4.88,48.8,19.52,-14.64,-48.8,-68.32,-87.84
-19.52,-14.64,4.88,19.52,-14.64,-4.88,48.8,9.76,-14.64,-48.8,-68.32,-92.72
-24.4,-14.64,9.76,19.52,-19.52,-4.88,34.16,19.52,-9.76,-43.92,-68.32,-87.84
-34.16,-19.52,14.64,29.28,-24.4,-4.88,19.52,24.4,-4.88,-43.92,-68.32,-87.84
-29.28,-14.64,14.64,24.4,-24.4,0,14.64,29.28,0,-34.16,-63.44,-87.84
-19.52,-9.76,9.76,14.64,-14.64,0,4.88,19.52,-24.4,-39.04,-73.2,-92.72
-19.52,0,19.52,9.76,-19.52,9.76,0,14.64,-39.04,-58.56,-73.2,-92.72
-43.92,-4.88,39.04,24.4,-43.92,14.64,14.64,24.4,-29.28,-58.56,-68.32,-78.08
-43.92,-4.88,39.04,24.4,-43.92,14.64,19.52,24.4,-24.4,-53.68,-73.2,-82.96
-29.28,4.88,34.16,14.64,-34.16,19.52,29.28,24.4,-29.28,-48.8,-63.44,-78.08
-29.28,4.88,34.16,14.64,-34.16,19.52,43.92,39.04,-29.28,-24.4,-48.8,-73.2
-19.52,-4.88,14.64,14.64,-19.52,4.88,43.92,53.68,-9.76,0,-29.28,-82.96
-14.64,-14.64,0,14.64,-9.76,-9.76,48.8,73.2,39.04,48.8,9.76,-87.84
-4.88,-19.52,-14.64,14.64,4.88,-19.52,48.8,92.72,102.48,78.08,53.68,-82.96
9.76,9.76,0,-9.76,4.88,4.88,53.68,112.24,161.04,126.88,102.48,-48.8
19.52,39.04,19.52,-29.28,0,29.28,48.8,112.24,161.04,170.8,175.68,29.28
24.4,39.04,14.64,-29.28,4.88,24.4,34.16,87.84,141.52,190.32,253.76,131.76
73.2,58.56,-14.64,-63.44,43.92,19.52,24.4,73.2,170.8,263.52,390.4,292.8
92.72,73.2,-19.52,-82.96,53.68,24.4,9.76,82.96,268.4,400.16,600.24,473.36
107.36,92.72,-14.64,-97.6,58.56,39.04,-4.88,87.84,395.28,610,888.16,702.72
165.92,151.28,-14.64,-156.16,87.84,68.32,-24.4,122,575.84,888.16,1239.52,1034.56
195.2,200.08,4.88,-195.2,92.72,102.48,-39.04,161.04,707.6,1117.52,1571.36,1390.8
204.96,229.36,24.4,-214.72,87.84,126.88,-63.44,131.76,658.8,1122.4,1747.04,1708
219.6,253.76,34.16,-234.24,92.72,141.52,-97.6,78.08,497.76,951.6,1771.44,1961.76
224.48,283.04,58.56,-253.76,82.96,170.8,-136.64,-29.28,244,692.96,1683.6,2132.56
214.72,346.48,131.76,-278.16,39.04,239.12,-180.56,-156.16,-19.52,419.68,1546.96,2196
209.84,380.64,170.8,-292.8,19.52,273.28,-209.84,-248.88,-219.6,165.92,1361.52,2088.64
185.44,414.8,229.36,-297.68,-24.4,322.08,-224.48,-297.68,-351.36,-43.92,1117.52,1820.24
136.64,453.84,317.2,-292.8,-92.72,385.52,-204.96,-268.4,-439.2,-209.84,844.24,1429.84
97.6,370.88,273.28,-234.24,-87.84,322.08,-141.52,-180.56,-478.24,-351.36,561.2,927.2
43.92,214.72,170.8,-126.88,-63.44,190.32,-14.64,-4.88,-429.44,-492.88,185.44,331.84
-14.64,87.84,102.48,-34.16,-58.56,92.72,92.72,151.28,-424.56,-697.84,-297.68,-263.52
-58.56,-24.4,34.16,43.92,-48.8,4.88,151.28,239.12,-463.6,-932.08,-785.68,-712.48
-82.96,-92.72,-9.76,87.84,-39.04,-53.68,175.68,258.64,-585.6,-1166.32,-1220,-1005.28
-102.48,-170.8,-68.32,136.64,-19.52,-122,185.44,263.52,-707.6,-1356.64,-1532.32,-1190.72
-102.48,-244,-141.52,175.68,19.52,-195.2,165.92,214.72,-810.08,-1507.92,-1742.16,-1298.08
-92.72,-268.4,-175.68,180.56,39.04,-224.48,126.88,63.44,-956.48,-1610.4,-1795.84,-1288.32
-107.36,-297.68,-190.32,204.96,39.04,-244,58.56,-170.8,-1127.28,-1654.32,-1737.28,-1239.52
-97.6,-326.96,-229.36,214.72,63.44,-278.16,-14.64,-390.4,-1244.4,-1668.96,-1654.32,-1176.08
-107.36,-287.92,-180.56,200.08,34.16,-234.24,-58.56,-502.64,-1263.92,-1595.76,-1537.2,-1088.24
-131.76,-239.12,-107.36,185.44,-14.64,-175.68,-68.32,-497.76,-1176.08,-1464,-1385.92,-971.12
-107.36,-195.2,-87.84,151.28,-9.76,-141.52,-87.84,-473.36,-1093.12,-1342,-1273.68,-893.04
-102.48,-175.68,-73.2,141.52,-14.64,-126.88,-82.96,-419.68,-966.24,-1190.72,-1122.4,-800.32
-92.72,-156.16,-63.44,126.88,-14.64,-112.24,-73.2,-326.96,-805.2,-1005.28,-961.36,-702.72
-73.2,-126.88,-53.68,102.48,-9.76,-92.72,-73.2,-263.52,-668.56,-854,-824.72,-619.76
-78.08,-112.24,-34.16,97.6,-24.4,-73.2,-73.2,-190.32,-556.32,-722.24,-712.48,-551.44
-68.32,-92.72,-24.4,82.96,-24.4,-58.56,-58.56,-117.12,-444.08,-595.36,-610,-492.88
-53.68,-58.56,-4.88,58.56,-24.4,-34.16,-39.04,-87.84,-356.24,-488,-502.64,-424.56
-58.56,-24.4,34.16,43.92,-48.8,4.88,-39.04,-107.36,-287.92,-395.28,-419.68,-356.24
-43.92,9.76,53.68,19.52,-48.8,29.28,-39.04,-112.24,-224.48,-317.2,-336.72,-297.68
-39.04,14.64,53.68,14.64,-48.8,34.16,-9.76,-73.2,-146.4,-229.36,-263.52,-239.12
-4.88,14.64,19.52,-4.88,-14.64,14.64,-9.76,-53.68,-102.48,-190.32,-224.48,-214.72
9.76,9.76,0,-9.76,4.88,4.88,0,-39.04,-82.96,-165.92,-204.96,-204.96
-4.88,0,4.88,4.88,-4.88,0,19.52,-24.4,-82.96,-141.52,-175.68,-195.2
-4.88,-4.88,0,4.88,-4.88,-4.88,19.52,-29.28,-82.96,-131.76,-170.8,-190.32
-9.76,0,9.76,4.88,-9.76,4.88,29.28,-14.64,-68.32,-122,-165.92,-185.44
-19.52,-9.76,9.76,14.64,-14.64,0,34.16,4.88,-48.8,-107.36,-146.4,-180.56
-19.52,-9.76,9.76,14.64,-14.64,0,24.4,9.76,-34.16,-92.72,-117.12,-175.68
-19.52,4.88,24.4,9.76,-24.4,14.64,24.4,4.88,-19.52,-82.96,-107.36,-165.92
-4.88,19.52,24.4,-4.88,-14.64,19.52,34.16,14.64,0,-58.56,-78.08,-146.4
-9.76,9.76,19.52,0,-14.64,14.64,43.92,29.28,24.4,-39.04,-63.44,-141.52
-9.76,4.88,14.64,4.88,-14.64,9.76,39.04,24.4,14.64,-43.92,-73.2,-141.52
-14.64,0,14.64,9.76,-14.64,4.88,34.16,4.88,4.88,-48.8,-68.32,-136.64
4.88,4.88,0,-4.88,0,0,34.16,-14.64,-19.52,-58.56,-73.2,-141.52
9.76,0,-9.76,-4.88,9.76,-4.88,29.28,-14.64,-29.28,-58.56,-68.32,-141.52
9.76,14.64,4.88,-9.76,0,9.76,43.92,0,-29.28,-39.04,-43.92,-122
4.88,4.88,0,-4.88,0,0,58.56,4.88,-24.4,-19.52,-14.64,-107.36
0,4.88,4.88,0,-4.88,4.88,63.44,19.52,9.76,-9.76,4.88,-102.48
4.88,4.88,0,-4.88,0,0,63.44,29.28,58.56,0,14.64,-92.72
4.88,0,-4.88,0,4.88,-4.88,48.8,19.52,48.8,0,14.64,-87.84
9.76,4.88,-4.88,-4.88,4.88,0,39.04,24.4,39.04,4.88,29.28,-82.96
0,4.88,4.88,0,-4.88,4.88,9.76,24.4,43.92,4.88,29.28,-87.84
-4.88,0,4.88,4.88,-4.88,0,-19.52,24.4,63.44,14.64,34.16,-82.96
-4.88,4.88,9.76,0,-9.76,4.88,-34.16,34.16,73.2,19.52,39.04,-78.08
-19.52,4.88,24.4,9.76,-24.4,14.64,-68.32,39.04,73.2,29.28,43.92,-82.96
-24.4,4.88,29.28,9.76,-29.28,14.64,-102.48,29.28,39.04,29.28,34.16,-82.96
0,4.88,4.88,0,-4.88,4.88,-102.48,14.64,29.28,29.28,34.16,-92.72
0,-4.88,-4.88,4.88,0,-4.88,-73.2,19.52,53.68,24.4,43.92,-92.72
14.64,4.88,-9.76,-9.76,9.76,-4.88,-58.56,9.76,63.44,9.76,53.68,-92.72
19.52,9.76,-9.76,-14.64,14.64,0,-43.92,9.76,58.56,14.64,68.32,-78.08
19.52,0,-19.52,-9.76,19.52,-9.76,-39.04,4.88,34.16,9.76,63.44,-92.72
19.52,14.64,-4.88,-14.64,9.76,4.88,-48.8,9.76,63.44,4.88,58.56,-92.72
0,0,0,0,0,0,-48.8,4.88,82.96,9.76,63.44,-82.96
-4.88,-4.88,0,4.88,-4.88,-4.88,-48.8,-4.88,53.68,14.64,58.56,-87.84
-4.88,0,4.88,4.88,-4.88,0,-43.92,0,48.8,19.52,73.2,-82.96
4.88,-4.88,-9.76,0,4.88,-9.76,-48.8,-9.76,53.68,14.64,63.44,-97.6
14.64,0,-14.64,-4.88,14.64,-9.76,-34.16,-9.76,73.2,19.52,68.32,-92.72
0,4.88,4.88,0,-4.88,4.88,-29.28,4.88,82.96,34.16,73.2,-92.72
-14.64,4.88,19.52,4.88,-19.52,9.76,-19.52,19.52,92.72,34.16,87.84,-92.72
4.88,9.76,4.88,-4.88,0,4.88,-14.64,24.4,87.84,43.92,92.72,-87.84
9.76,9.76,0,-9.76,4.88,4.88,-19.52,14.64,82.96,34.16,92.72,-92.72
0,0,0,0,0,0,-24.4,4.88,73.2,24.4,87.84,-97.6
-4.88,-4.88,0,4.88,-4.88,-4.88,-19.52,-4.88,48.8,9.76,78.08,-97.6
-4.88,-9.76,-4.88,9.76,0,-9.76,-4.88,-14.64,24.4,9.76,73.2,-107.36
-4.88,-4.88,0,4.88,-4.88,-4.88,-4.88,-14.64,43.92,14.64,82.96,-107.36
9.76,-4.88,-14.64,0,9.76,-9.76,-14.64,-24.4,63.44,14.64,73.2,-112.24
9.76,-9.76,-19.52,0,14.64,-14.64,-19.52,-19.52,68.32,24.4,78.08,-107.36
4.88,-4.88,-9.76,0,4.88,-9.76,-14.64,-19.52,63.44,29.28,78.08,-102.48
4.88,-4.88,-9.76,0,4.88,-9.76,-19.52,-29.28,63.44,29.28,87.84,-97.6
9.76,-4.88,-14.64,0,9.76,-9.76,-24.4,-24.4,63.44,34.16,78.08,-92.72
9.76,0,-9.76,-4.88,9.76,-4.88,-24.4,-14.64,63.44,29.28,82.96,-82.96
0,0,0,0,0,0,-43.92,-19.52,63.44,24.4,87.84,-82.96
0,-4.88,-4.88,4.88,0,-4.88,-43.92,0,68.32,34.16,97.6,-73.2
-4.88,-19.52,-14.64,14.64,4.88,-19.52,-43.92,0,68.32,39.04,102.48,-68.32
0,-24.4,-24.4,14.64,9.76,-24.4,-58.56,-14.64,63.44,24.4,87.84,-87.84
19.52,-4.88,-24.4,-4.88,19.52,-14.64,-58.56,-19.52,68.32,29.28,87.84,-82.96
19.52,-4.88,-24.4,-4.88,19.52,-14.64,-48.8,-9.76,73.2,39.04,97.6,-78.08
19.52,-14.64,-34.16,0,24.4,-24.4,-39.04,-9.76,48.8,39.04,92.72,-82.96
24.4,0,-24.4,-9.76,24.4,-14.64,-34.16,4.88,39.04,34.16,97.6,-78.08
14.64,4.88,-9.76,-9.76,9.76,-4.88,-19.52,9.76,58.56,39.04,102.48,-73.2
14.64,9.76,-4.88,-9.76,9.76,0,-14.64,0,63.44,39.04,107.36,-73.2
14.64,4.88,-9.76,-9.76,9.76,-4.88,-14.64,-9.76,53.68,39.04,107.36,-78.08
4.88,0,-4.88,0,4.88,-4.88,-14.64,4.88,68.32,48.8,112.24,-73.2
4.88,-4.88,-9.76,0,4.88,-9.76,0,24.4,92.72,63.44,131.76,-63.44
9.76,-4.88,-14.64,0,9.76,-9.76,-4.88,19.52,107.36,63.44,126.88,-68.32
19.52,0,-19.52,-9.76,19.52,-9.76,-14.64,-4.88,87.84,53.68,117.12,-78.08
19.52,0,-19.52,-9.76,19.52,-9.76,-19.52,-4.88,73.2,53.68,117.12,-78.08
9.76,0,-9.76,-4.88,9.76,-4.88,-19.52,4.88,68.32,63.44,122,-78.08
9.76,4.88,-4.88,-4.88,4.88,0,-14.64,24.4,82.96,63.44,136.64,-68.32
19.52,14.64,-4.88,-14.64,9.76,4.88,-4.88,14.64,82.96,68.32,136.64,-63.44
29.28,14.64,-14.64,-19.52,19.52,0,0,9.76,78.08,63.44,141.52,-63.44
43.92,19.52,-24.4,-29.28,34.16,-4.88,0,-9.76,68.32,53.68,126.88,-68.32
29.28,19.52,-9.76,-24.4,19.52,4.88,9.76,-4.88,73.2,53.68,131.76,-58.56
29.28,9.76,-19.52,-19.52,24.4,-4.88,24.4,0,63.44,43.92,131.76,-53.68
39.04,19.52,-19.52,-29.28,29.28,0,29.28,0,68.32,53.68,141.52,-48.8
39.04,14.64,-24.4,-24.4,29.28,-4.88,34.16,4.88,63.44,68.32,141.52,-48.8
39.04,24.4,-14.64,-29.28,24.4,4.88,39.04,14.64,73.2,78.08,146.4,-48.8
34.16,19.52,-14.64,-24.4,24.4,0,29.28,4.88,78.08,82.96,151.28,-48.8
39.04,24.4,-14.64,-29.28,24.4,4.88,-9.76,-9.76,78.08,68.32,151.28,-48.8
48.8,24.4,-24.4,-34.16,34.16,0,-24.4,0,78.08,73.2,161.04,-34.16
39.04,19.52,-19.52,-29.28,29.28,0,-29.28,9.76,87.84,73.2,170.8,-24.4
24.4,19.52,-4.88,-19.52,14.64,4.88,0,19.52,102.48,87.84,170.8,-19.52
39.04,29.28,-9.76,-34.16,24.4,9.76,9.76,14.64,97.6,73.2,161.04,-19.52
48.8,29.28,-19.52,-39.04,34.16,4.88,9.76,9.76,102.48,73.2,175.68,-24.4
53.68,29.28,-24.4,-39.04,39.04,0,-4.88,9.76,107.36,63.44,170.8,-29.28
53.68,29.28,-24.4,-39.04,39.04,0,-14.64,4.88,102.48,68.32,175.68,-29.28
48.8,29.28,-19.52,-39.04,34.16,4.88,0,19.52,92.72,73.2,190.32,-14.64
34.16,34.16,0,-34.16,14.64,14.64,-9.76,14.64,82.96,78.08,200.08,-4.88
29.28,29.28,0,-29.28,14.64,14.64,-29.28,9.76,97.6,73.2,200.08,-4.88
48.8,34.16,-14.64,-39.04,29.28,9.76,-43.92,-4.88,82.96,58.56,195.2,-9.76
58.56,29.28,-29.28,-43.92,43.92,0,-58.56,-14.64,82.96,48.8,185.44,-9.76
68.32,24.4,-43.92,-43.92,53.68,-9.76,-73.2,-19.52,73.2,43.92,180.56,-14.64
73.2,34.16,-39.04,-53.68,53.68,-4.88,-78.08,-19.52,48.8,34.16,180.56,-9.76
87.84,29.28,-58.56,-58.56,73.2,-14.64,-82.96,-34.16,48.8,29.28,190.32,0
53.68,34.16,-19.52,-43.92,34.16,4.88,-68.32,-29.28,58.56,43.92,200.08,4.88
29.28,43.92,14.64,-34.16,4.88,29.28,-53.68,-24.4,82.96,53.68,204.96,14.64
34.16,39.04,4.88,-34.16,14.64,19.52,-53.68,-29.28,107.36,48.8,204.96,14.64
48.8,43.92,-4.88,-43.92,24.4,19.52,-53.68,-34.16,102.48,43.92,200.08,4.88
48.8,48.8,0,-48.8,24.4,24.4,-53.68,-39.04,92.72,39.04,204.96,9.76
48.8,53.68,4.88,-48.8,19.52,29.28,-53.68,-34.16,82.96,43.92,204.96,14.64
58.56,58.56,0,-58.56,29.28,29.28,-48.8,-34.16,73.2,29.28,200.08,24.4
63.44,53.68,-9.76,-58.56,34.16,19.52,-58.56,-53.68,34.16,14.64,185.44,19.52
73.2,53.68,-19.52,-63.44,43.92,14.64,-82.96,-97.6,-4.88,-14.64,161.04,9.76
87.84,53.68,-34.16,-68.32,58.56,9.76,-82.96,-112.24,-9.76,-24.4,156.16,9.76
78.08,58.56,-19.52,-68.32,48.8,19.52,-82.96,-107.36,0,-29.28,161.04,14.64
92.72,68.32,-24.4,-78.08,58.56,19.52,-92.72,-102.48,19.52,-34.16,161.04,9.76
92.72,73.2,-19.52,-82.96,53.68,24.4,-87.84,-97.6,19.52,-29.28,156.16,14.64
87.84,73.2,-14.64,-78.08,48.8,29.28,-82.96,-112.24,0,-24.4,156.16,14.64
102.48,73.2,-29.28,-87.84,63.44,19.52,-87.84,-122,-24.4,-29.28,151.28,19.52
97.6,82.96,-14.64,-87.84,53.68,34.16,-87.84,-126.88,-43.92,-39.04,156.16,24.4
97.6,82.96,-14.64,-87.84,53.68,34.16,-87.84,-141.52,-48.8,-48.8,161.04,29.28
102.48,78.08,-24.4,-87.84,63.44,24.4,-92.72,-146.4,-39.04,-63.44,146.4,19.52
92.72,68.32,-24.4,-78.08,58.56,19.52,-92.72,-161.04,-29.28,-73.2,136.64,19.52
97.6,73.2,-24.4,-82.96,58.56,24.4,-87.84,-165.92,-29.28,-68.32,136.64,24.4
78.08,73.2,-4.88,-73.2,39.04,34.16,-92.72,-175.68,-48.8,-68.32,136.64,29.28
68.32,73.2,4.88,-68.32,29.28,39.04,-102.48,-170.8,-63.44,-73.2,131.76,24.4
68.32,73.2,4.88,-68.32,29.28,39.04,-97.6,-161.04,-53.68,-78.08,126.88,34.16
68.32,63.44,-4.88,-63.44,34.16,29.28,-102.48,-165.92,-39.04,-78.08,131.76,34.16
92.72,87.84,-4.88,-87.84,48.8,39.04,-107.36,-175.68,-48.8,-73.2,136.64,43.92
97.6,92.72,-4.88,-92.72,48.8,43.92,-107.36,-170.8,-73.2,-73.2,141.52,53.68
82.96,82.96,0,-82.96,39.04,39.04,-107.36,-175.68,-82.96,-78.08,141.52,63.44
87.84,92.72,4.88,-87.84,39.04,48.8,-102.48,-175.68,-78.08,-78.08,141.52,63.44
87.84,87.84,0,-87.84,43.92,43.92,-112.24,-180.56,-68.32,-73.2,131.76,68.32
78.08,78.08,0,-78.08,39.04,39.04,-112.24,-180.56,-78.08,-78.08,136.64,73.2
73.2,78.08,4.88,-73.2,34.16,39.04,-117.12,-170.8,-73.2,-78.08,146.4,78.08
82.96,87.84,4.88,-82.96,39.04,43.92,-131.76,-165.92,-63.44,-63.44,151.28,73.2
82.96,82.96,0,-82.96,39.04,39.04,-141.52,-161.04,-58.56,-53.68,161.04,82.96
87.84,78.08,-9.76,-82.96,48.8,34.16,-141.52,-146.4,-53.68,-39.04,165.92,87.84
82.96,68.32,-14.64,-73.2,48.8,24.4,-141.52,-141.52,-53.68,-39.04,175.68,92.72
82.96,73.2,-9.76,-78.08,43.92,29.28,-136.64,-131.76,-48.8,-29.28,195.2,102.48
73.2,68.32,-4.88,-68.32,39.04,29.28,-126.88,-122,-29.28,-14.64,209.84,107.36
73.2,68.32,-4.88,-68.32,39.04,29.28,-112.24,-112.24,-14.64,-4.88,214.72,102.48
73.2,73.2,0,-73.2,34.16,34.16,-97.6,-102.48,-4.88,9.76,219.6,107.36
68.32,63.44,-4.88,-63.44,34.16,29.28,-82.96,-82.96,4.88,14.64,224.48,102.48
58.56,58.56,0,-58.56,29.28,29.28,-68.32,-63.44,24.4,48.8,234.24,107.36
48.8,63.44,14.64,-53.68,14.64,39.04,-48.8,-48.8,39.04,58.56,234.24,122
24.4,53.68,29.28,-39.04,-4.88,39.04,-43.92,-34.16,58.56,78.08,239.12,131.76
39.04,53.68,14.64,-43.92,9.76,34.16,-43.92,-24.4,58.56,87.84,234.24,136.64
43.92,43.92,0,-43.92,19.52,19.52,-48.8,-39.04,19.52,78.08,214.72,126.88
39.04,43.92,4.88,-39.04,14.64,24.4,-43.92,-43.92,-4.88,78.08,224.48,122
29.28,48.8,19.52,-39.04,4.88,34.16,-34.16,-14.64,19.52,87.84,244,136.64
14.64,43.92,29.28,-29.28,-9.76,34.16,-48.8,4.88,48.8,82.96,248.88,136.64
29.28,43.92,14.64,-34.16,4.88,29.28,-58.56,0,58.56,73.2,234.24,131.76
48.8,39.04,-9.76,-43.92,29.28,14.64,-58.56,14.64,53.68,78.08,229.36,126.88
29.28,29.28,0,-29.28,14.64,14.64,-58.56,19.52,48.8,82.96,224.48,117.12
24.4,39.04,14.64,-29.28,4.88,24.4,-43.92,19.52,43.92,92.72,224.48,117.12
14.64,19.52,4.88,-14.64,4.88,9.76,-19.52,24.4,58.56,102.48,224.48,117.12
19.52,19.52,0,-19.52,9.76,9.76,0,24.4,53.68,107.36,214.72,107.36
24.4,34.16,9.76,-29.28,4.88,19.52,14.64,19.52,48.8,102.48,209.84,107.36
14.64,34.16,19.52,-24.4,-4.88,24.4,34.16,29.28,34.16,102.48,214.72,97.6
9.76,24.4,14.64,-14.64,-4.88,19.52,39.04,34.16,29.28,97.6,214.72,97.6
9.76,9.76,0,-9.76,4.88,4.88,34.16,29.28,29.28,92.72,209.84,82.96
-9.76,0,9.76,4.88,-9.76,4.88,34.16,34.16,63.44,87.84,204.96,78.08
4.88,4.88,0,-4.88,0,0,48.8,48.8,58.56,87.84,204.96,78.08
19.52,19.52,0,-19.52,9.76,9.76,63.44,48.8,53.68,97.6,204.96,78.08
9.76,4.88,-4.88,-4.88,4.88,0,68.32,48.8,53.68,107.36,200.08,68.32
0,9.76,9.76,-4.88,-4.88,9.76,73.2,58.56,78.08,117.12,204.96,73.2
-19.52,4.88,24.4,9.76,-24.4,14.64,82.96,58.56,82.96,122,200.08,68.32
-39.04,14.64,53.68,14.64,-48.8,34.16,92.72,68.32,92.72,131.76,204.96,73.2
-48.8,14.64,63.44,19.52,-58.56,39.04,102.48,73.2,82.96,136.64,214.72,73.2
-34.16,4.88,39.04,14.64,-39.04,19.52,92.72,43.92,29.28,117.12,190.32,58.56
0,4.88,4.88,0,-4.88,4.88,82.96,39.04,14.64,97.6,180.56,43.92
0,4.88,4.88,0,-4.88,4.88,73.2,43.92,39.04,97.6,170.8,48.8
0,-4.88,-4.88,4.88,0,-4.88,82.96,68.32,78.08,102.48,185.44,53.68
4.88,-4.88,-9.76,0,4.88,-9.76,82.96,68.32,78.08,102.48,180.56,48.8
4.88,-9.76,-14.64,4.88,9.76,-14.64,92.72,53.68,43.92,102.48,175.68,48.8
4.88,-4.88,-9.76,0,4.88,-9.76,92.72,53.68,43.92,107.36,180.56,48.8
4.88,0,-4.88,0,4.88,-4.88,97.6,63.44,63.44,97.6,180.56,53.68
-4.88,0,4.88,4.88,-4.88,0,92.72,58.56,68.32,102.48,175.68,53.68
-9.76,4.88,14.64,4.88,-14.64,9.76,102.48,73.2,63.44,107.36,185.44,58.56
-14.64,-4.88,9.76,9.76,-14.64,0,102.48,73.2,58.56,102.48,185.44,58.56
-14.64,-4.88,9.76,9.76,-14.64,0,102.48,63.44,48.8,97.6,180.56,48.8
-9.76,0,9.76,4.88,-9.76,4.88,97.6,58.56,48.8,97.6,170.8,48.8
-24.4,-4.88,19.52,14.64,-24.4,4.88,102.48,63.44,48.8,92.72,170.8,43.92
-9.76,0,9.76,4.88,-9.76,4.88,92.72,48.8,34.16,92.72,161.04,43.92
-14.64,-4.88,9.76,9.76,-14.64,0,87.84,34.16,19.52,78.08,151.28,39.04
0,4.88,4.88,0,-4.88,4.88,73.2,39.04,14.64,73.2,156.16,39.04
0,4.88,4.88,0,-4.88,4.88,68.32,63.44,29.28,78.08,161.04,34.16
-4.88,-4.88,0,4.88,-4.88,-4.88,58.56,58.56,29.28,82.96,161.04,34.16
-9.76,-4.88,4.88,9.76,-9.76,0,48.8,53.68,29.28,82.96,165.92,29.28
0,-4.88,-4.88,4.88,0,-4.88,29.28,43.92,43.92,78.08,161.04,34.16
-14.64,-9.76,4.88,14.64,-9.76,-4.88,24.4,34.16,29.28,58.56,151.28,24.4
-14.64,-4.88,9.76,9.76,-14.64,0,24.4,39.04,39.04,73.2,156.16,24.4
-4.88,-9.76,-4.88,9.76,0,-9.76,34.16,48.8,29.28,68.32,151.28,14.64
-14.64,-19.52,-4.88,19.52,-4.88,-14.64,39.04,58.56,29.28,68.32,151.28,19.52
-19.52,-19.52,0,19.52,-9.76,-9.76,43.92,73.2,48.8,68.32,156.16,19.52
-24.4,-24.4,0,24.4,-14.64,-14.64,53.68,92.72,63.44,82.96,165.92,24.4
-14.64,-24.4,-9.76,19.52,-4.88,-19.52,53.68,87.84,63.44,78.08,165.92,19.52
9.76,-19.52,-29.28,4.88,19.52,-24.4,43.92,68.32,48.8,68.32,151.28,14.64
9.76,-29.28,-39.04,9.76,24.4,-34.16,39.04,43.92,24.4,53.68,141.52,0
4.88,-29.28,-34.16,14.64,19.52,-34.16,43.92,53.68,43.92,63.44,146.4,9.76
-29.28,-43.92,-14.64,39.04,-9.76,-29.28,34.16,48.8,39.04,68.32,136.64,4.88
-39.04,-43.92,-4.88,43.92,-19.52,-24.4,19.52,29.28,9.76,63.44,126.88,0
-19.52,-43.92,-24.4,34.16,0,-34.16,14.64,29.28,0,53.68,122,-19.52
-24.4,-53.68,-29.28,39.04,0,-43.92,4.88,24.4,0,63.44,126.88,-24.4
-14.64,-58.56,-43.92,39.04,14.64,-53.68,-4.88,29.28,24.4,58.56,122,-29.28
-14.64,-58.56,-43.92,39.04,14.64,-53.68,9.76,43.92,39.04,48.8,117.12,-24.4
-29.28,-63.44,-34.16,48.8,0,-48.8,14.64,39.04,19.52,39.04,117.12,-34.16
-34.16,-34.16,0,34.16,-19.52,-19.52,48.8,48.8,19.52,48.8,131.76,-19.52
-24.4,-34.16,-9.76,29.28,-9.76,-24.4,53.68,53.68,19.52,43.92,136.64,-14.64
-9.76,-39.04,-29.28,24.4,9.76,-34.16,34.16,48.8,39.04,39.04,136.64,-9.76
-4.88,-34.16,-29.28,19.52,9.76,-34.16,14.64,48.8,39.04,43.92,131.76,-4.88
-9.76,-43.92,-34.16,29.28,9.76,-39.04,-14.64,29.28,19.52,39.04,122,-9.76
-19.52,-53.68,-34.16,39.04,4.88,-43.92,0,24.4,9.76,34.16,122,-9.76
-19.52,-58.56,-39.04,39.04,9.76,-48.8,24.4,19.52,4.88,39.04,112.24,-14.64
-14.64,-53.68,-39.04,34.16,9.76,-48.8,34.16,19.52,0,34.16,107.36,-24.4
-14.64,-53.68,-39.04,34.16,9.76,-48.8,48.8,34.16,0,43.92,117.12,-9.76
-19.52,-63.44,-43.92,43.92,9.76,-53.68,68.32,53.68,39.04,58.56,136.64,0
-14.64,-43.92,-29.28,29.28,4.88,-39.04,68.32,53.68,48.8,58.56,136.64,-4.88
-14.64,-34.16,-19.52,24.4,0,-29.28,63.44,39.04,39.04,58.56,136.64,-4.88
-24.4,-39.04,-14.64,34.16,-4.88,-29.28,63.44,34.16,29.28,53.68,131.76,-9.76
-14.64,-43.92,-29.28,29.28,4.88,-39.04,73.2,48.8,24.4,53.68,131.76,-4.88
-19.52,-48.8,-29.28,34.16,4.88,-39.04,82.96,48.8,34.16,58.56,126.88,0
-19.52,-53.68,-34.16,39.04,4.88,-43.92,87.84,68.32,48.8,68.32,136.64,0
-9.76,-43.92,-34.16,29.28,9.76,-39.04,92.72,68.32,68.32,73.2,136.64,4.88
-9.76,-48.8,-39.04,29.28,14.64,-43.92,78.08,63.44,53.68,63.44,126.88,-4.88
-14.64,-43.92,-29.28,29.28,4.88,-39.04,78.08,68.32,58.56,78.08,141.52,-4.88
-9.76,-43.92,-34.16,29.28,9.76,-39.04,92.72,92.72,82.96,87.84,156.16,-4.88
-9.76,-43.92,-34.16,29.28,9.76,-39.04,68.32,87.84,87.84,78.08,141.52,-14.64
-14.64,-43.92,-29.28,29.28,4.88,-39.04,48.8,78.08,73.2,73.2,136.64,-19.52
-4.88,-39.04,-34.16,24.4,14.64,-39.04,58.56,73.2,58.56,73.2,136.64,-19.52
-4.88,-48.8,-43.92,29.28,19.52,-48.8,63.44,73.2,29.28,73.2,136.64,-9.76
-4.88,-34.16,-29.28,19.52,9.76,-34.16,68.32,63.44,24.4,73.2,136.64,-4.88
-14.64,-43.92,-29.28,29.28,4.88,-39.04,68.32,58.56,58.56,73.2,146.4,-4.88
0,-48.8,-48.8,24.4,24.4,-48.8,63.44,43.92,82.96,68.32,131.76,-14.64
-9.76,-53.68,-43.92,34.16,14.64,-48.8,53.68,58.56,82.96,73.2,131.76,-14.64
-24.4,-53.68,-29.28,39.04,0,-43.92,48.8,68.32,68.32,78.08,136.64,-14.64
-24.4,-43.92,-19.52,34.16,-4.88,-34.16,43.92,78.08,73.2,82.96,151.28,-4.88
-24.4,-43.92,-19.52,34.16,-4.88,-34.16,39.04,78.08,102.48,87.84,146.4,-4.88
-24.4,-53.68,-29.28,39.04,0,-43.92,29.28,87.84,117.12,87.84,146.4,-4.88
-29.28,-48.8,-19.52,39.04,-4.88,-34.16,24.4,78.08,97.6,92.72,141.52,-4.88
-53.68,-48.8,4.88,53.68,-29.28,-24.4,34.16,73.2,68.32,82.96,146.4,-4.88
-58.56,-39.04,19.52,48.8,-39.04,-9.76,29.28,68.32,68.32,87.84,141.52,0
-29.28,-39.04,-9.76,34.16,-9.76,-24.4,14.64,73.2,78.08,92.72,141.52,0
-24.4,-53.68,-29.28,39.04,0,-43.92,-9.76,73.2,87.84,92.72,136.64,0
-24.4,-48.8,-24.4,39.04,0,-39.04,-29.28,78.08,92.72,92.72,136.64,0
-14.64,-39.04,-24.4,29.28,4.88,-34.16,-34.16,82.96,87.84,97.6,141.52,0
-14.64,-43.92,-29.28,29.28,4.88,-39.04,-19.52,78.08,82.96,87.84,131.76,-9.76
4.88,-39.04,-43.92,19.52,24.4,-43.92,-9.76,48.8,58.56,63.44,107.36,-19.52
4.88,-53.68,-58.56,24.4,29.28,-58.56,-4.88,39.04,34.16,53.68,102.48,-24.4
-4.88,-58.56,-53.68,34.16,24.4,-58.56,9.76,48.8,39.04,48.8,102.48,-24.4
-14.64,-53.68,-39.04,34.16,9.76,-48.8,34.16,63.44,48.8,63.44,107.36,-4.88
-19.52,-48.8,-29.28,34.16,4.88,-39.04,29.28,58.56,48.8,58.56,97.6,-9.76
-14.64,-48.8,-34.16,34.16,9.76,-43.92,39.04,68.32,53.68,63.44,102.48,-4.88
-4.88,-48.8,-43.92,29.28,19.52,-48.8,43.92,58.56,39.04,48.8,92.72,-14.64
4.88,-48.8,-53.68,24.4,29.28,-53.68,43.92,53.68,29.28,43.92,92.72,-19.52
4.88,-43.92,-48.8,19.52,24.4,-48.8,39.04,48.8,34.16,53.68,97.6,-19.52
-4.88,-58.56,-53.68,34.16,24.4,-58.56,34.16,53.68,34.16,58.56,97.6,-19.52
-9.76,-48.8,-39.04,29.28,14.64,-43.92,39.04,48.8,19.52,53.68,92.72,-19.52
4.88,-34.16,-39.04,14.64,19.52,-39.04,48.8,68.32,24.4,63.44,102.48,-19.52
-4.88,-43.92,-39.04,24.4,14.64,-43.92,43.92,63.44,43.92,63.44,92.72,-24.4
-9.76,-48.8,-39.04,29.28,14.64,-43.92,53.68,78.08,63.44,68.32,92.72,-24.4
-19.52,-53.68,-34.16,39.04,4.88,-43.92,53.68,78.08,63.44,73.2,92.72,-19.52
-29.28,-63.44,-34.16,48.8,0,-48.8,48.8,68.32,53.68,78.08,92.72,-19.52
-24.4,-53.68,-29.28,39.04,0,-43.92,43.92,68.32,53.68,78.08,92.72,-14.64
-34.16,-48.8,-14.64,43.92,-9.76,-34.16,34.16,78.08,73.2,73.2,92.72,-14.64
-24.4,-53.68,-29.28,39.04,0,-43.92,29.28,87.84,82.96,82.96,97.6,-4.88
-9.76,-43.92,-34.16,29.28,9.76,-39.04,24.4,78.08,63.44,73.2,92.72,-4.88
-19.52,-43.92,-24.4,34.16,0,-34.16,19.52,68.32,43.92,63.44,82.96,0
-9.76,-43.92,-34.16,29.28,9.76,-39.04,14.64,58.56,24.4,48.8,82.96,-4.88
-4.88,-39.04,-34.16,24.4,14.64,-39.04,9.76,58.56,29.28,48.8,87.84,0
-9.76,-48.8,-39.04,29.28,14.64,-43.92,9.76,48.8,29.28,48.8,82.96,4.88
-29.28,-39.04,-9.76,34.16,-9.76,-24.4,19.52,43.92,34.16,53.68,82.96,4.88
-39.04,-43.92,-4.88,43.92,-19.52,-24.4,34.16,53.68,43.92,58.56,87.84,4.88
-24.4,-39.04,-14.64,34.16,-4.88,-29.28,39.04,58.56,58.56,68.32,82.96,4.88
-9.76,-43.92,-34.16,29.28,9.76,-39.04,43.92,48.8,48.8,68.32,78.08,-4.88
-9.76,-34.16,-24.4,24.4,4.88,-29.28,48.8,53.68,58.56,78.08,73.2,0
-9.76,-34.16,-24.4,24.4,4.88,-29.28,48.8,58.56,63.44,82.96,82.96,9.76
-14.64,-39.04,-24.4,29.28,4.88,-34.16,34.16,48.8,53.68,78.08,73.2,4.88
-24.4,-39.04,-14.64,34.16,-4.88,-29.28,43.92,53.68,29.28,82.96,78.08,9.76
-24.4,-34.16,-9.76,29.28,-9.76,-24.4,39.04,58.56,4.88,68.32,73.2,19.52
-29.28,-48.8,-19.52,39.04,-4.88,-34.16,29.28,53.68,-4.88,39.04,53.68,9.76
-14.64,-53.68,-39.04,34.16,9.76,-48.8,19.52,48.8,19.52,34.16,48.8,4.88
-19.52,-58.56,-39.04,39.04,9.76,-48.8,29.28,48.8,29.28,58.56,58.56,9.76
-24.4,-58.56,-34.16,43.92,4.88,-48.8,19.52,29.28,19.52,48.8,43.92,0
-24.4,-53.68,-29.28,39.04,0,-43.92,19.52,39.04,24.4,58.56,39.04,0
-24.4,-53.68,-29.28,39.04,0,-43.92,19.52,58.56,43.92,63.44,43.92,0
-9.76,-48.8,-39.04,29.28,14.64,-43.92,34.16,73.2,43.92,78.08,53.68,0
-24.4,-43.92,-19.52,34.16,-4.88,-34.16,48.8,68.32,48.8,87.84,58.56,19.52
-34.16,-48.8,-14.64,43.92,-9.76,-34.16,39.04,43.92,29.28,78.08,53.68,19.52
-39.04,-39.04,0,39.04,-19.52,-19.52,39.04,39.04,19.52,68.32,43.92,19.52
-34.16,-43.92,-9.76,39.04,-14.64,-29.28,48.8,39.04,29.28,53.68,39.04,14.64
-19.52,-48.8,-29.28,34.16,4.88,-39.04,43.92,48.8,34.16,39.04,29.28,4.88
0,-53.68,-53.68,29.28,24.4,-53.68,43.92,53.68,34.16,48.8,29.28,0
-14.64,-63.44,-48.8,39.04,14.64,-58.56,48.8,58.56,34.16,48.8,24.4,0
-19.52,-53.68,-34.16,39.04,4.88,-43.92,53.68,73.2,24.4,48.8,19.52,4.88
-14.64,-48.8,-34.16,34.16,9.76,-43.92,63.44,87.84,48.8,58.56,39.04,24.4
-19.52,-63.44,-43.92,43.92,9.76,-53.68,53.68,58.56,48.8,58.56,39.04,24.4
-9.76,-63.44,-53.68,39.04,19.52,-58.56,34.16,19.52,9.76,34.16,19.52,14.64
-24.4,-58.56,-34.16,43.92,4.88,-48.8,34.16,24.4,0,43.92,24.4,29.28
-39.04,-58.56,-19.52,48.8,-9.76,-39.04,19.52,39.04,24.4,53.68,34.16,34.16
-34.16,-53.68,-19.52,43.92,-9.76,-39.04,4.88,48.8,39.04,53.68,24.4,34.16
-24.4,-53.68,-29.28,39.04,0,-43.92,-4.88,43.92,39.04,53.68,19.52,29.28
-29.28,-58.56,-29.28,43.92,0,-43.92,-19.52,39.04,29.28,53.68,24.4,29.28
-29.28,-63.44,-34.16,48.8,0,-48.8,-29.28,48.8,34.16,63.44,9.76,24.4
-58.56,-63.44,-4.88,63.44,-29.28,-34.16,-19.52,68.32,58.56,82.96,19.52,34.16
-63.44,-39.04,24.4,53.68,-43.92,-9.76,-9.76,87.84,78.08,92.72,34.16,48.8
-63.44,-43.92,19.52,53.68,-43.92,-14.64,-19.52,78.08,53.68,82.96,29.28,39.04
-39.04,-53.68,-14.64,48.8,-14.64,-34.16,-24.4,63.44,19.52,53.68,9.76,29.28
-9.76,-48.8,-39.04,29.28,14.64,-43.92,-34.16,48.8,9.76,34.16,0,14.64
-9.76,-43.92,-34.16,29.28,9.76,-39.04,-29.28,53.68,9.76,39.04,4.88,19.52
-9.76,-39.04,-29.28,24.4,9.76,-34.16,-39.04,43.92,9.76,34.16,-4.88,14.64
0,-39.04,-39.04,19.52,19.52,-39.04,-39.04,39.04,29.28,29.28,-9.76,14.64
-4.88,-48.8,-43.92,29.28,19.52,-48.8,-43.92,39.04,29.28,39.04,-14.64,14.64
-14.64,-39.04,-24.4,29.28,4.88,-34.16,-43.92,43.92,29.28,48.8,-4.88,24.4
-9.76,-39.04,-29.28,24.4,9.76,-34.16,-58.56,39.04,19.52,48.8,-9.76,19.52
-9.76,-48.8,-39.04,29.28,14.64,-43.92,-68.32,34.16,0,43.92,-4.88,19.52
-9.76,-43.92,-34.16,29.28,9.76,-39.04,-82.96,39.04,9.76,48.8,4.88,19.52
-19.52,-53.68,-34.16,39.04,4.88,-43.92,-92.72,29.28,19.52,39.04,-9.76,19.52
-29.28,-58.56,-29.28,43.92,0,-43.92,-107.36,24.4,19.52,39.04,-14.64,14.64
-24.4,-53.68,-29.28,39.04,0,-43.92,-117.12,34.16,19.52,43.92,0,19.52
-39.04,-58.56,-19.52,48.8,-9.76,-39.04,-126.88,43.92,19.52,58.56,0,29.28
-39.04,-43.92,-4.88,43.92,-19.52,-24.4,-122,58.56,39.04,58.56,0,34.16
-29.28,-48.8,-19.52,39.04,-4.88,-34.16,-102.48,43.92,29.28,48.8,-4.88,24.4
-24.4,-58.56,-34.16,43.92,4.88,-48.8,-78.08,29.28,4.88,39.04,-9.76,19.52
-9.76,-63.44,-53.68,39.04,19.52,-58.56,-53.68,14.64,-9.76,24.4,-19.52,9.76
-4.88,-63.44,-58.56,34.16,24.4,-63.44,-29.28,14.64,-9.76,19.52,-19.52,4.88
-9.76,-58.56,-48.8,34.16,19.52,-53.68,-9.76,24.4,-4.88,29.28,-19.52,-4.88
-29.28,-58.56,-29.28,43.92,0,-43.92,-9.76,24.4,0,29.28,-19.52,-9.76
-24.4,-68.32,-43.92,48.8,9.76,-58.56,-14.64,29.28,4.88,29.28,-19.52,-14.64
-24.4,-58.56,-34.16,43.92,4.88,-48.8,14.64,39.04,24.4,39.04,-9.76,-9.76
-14.64,-48.8,-34.16,34.16,9.76,-43.92,19.52,34.16,4.88,39.04,-19.52,-14.64
-34.16,-48.8,-14.64,43.92,-9.76,-34.16,39.04,48.8,14.64,43.92,-19.52,0
-34.16,-48.8,-14.64,43.92,-9.76,-34.16,48.8,53.68,24.4,48.8,-14.64,0
-29.28,-48.8,-19.52,39.04,-4.88,-34.16,43.92,24.4,9.76,34.16,-24.4,-9.76
-19.52,-53.68,-34.16,39.04,4.88,-43.92,48.8,14.64,0,29.28,-39.04,-9.76
-4.88,-43.92,-39.04,24.4,14.64,-43.92,48.8,9.76,-9.76,19.52,-48.8,-19.52
-14.64,-53.68,-39.04,34.16,9.76,-48.8,58.56,9.76,-14.64,24.4,-34.16,-14.64
-19.52,-48.8,-29.28,34.16,4.88,-39.04,53.68,19.52,-4.88,24.4,-29.28,-19.52
-39.04,-53.68,-14.64,48.8,-14.64,-34.16,48.8,24.4,-19.52,24.4,-43.92,-29.28
-43.92,-63.44,-19.52,53.68,-14.64,-43.92,58.56,14.64,-34.16,14.64,-43.92,-24.4
-24.4,-58.56,-34.16,43.92,4.88,-48.8,68.32,24.4,-9.76,19.52,-39.04,-14.64
-34.16,-68.32,-34.16,53.68,0,-53.68,68.32,24.4,24.4,19.52,-39.04,-14.64
-43.92,-63.44,-19.52,53.68,-14.64,-43.92,63.44,24.4,19.52,29.28,-39.04,-19.52
-34.16,-63.44,-29.28,48.8,-4.88,-48.8,58.56,14.64,9.76,24.4,-43.92,-19.52
-29.28,-53.68,-24.4,43.92,-4.88,-39.04,53.68,14.64,9.76,24.4,-48.8,-19.52
-19.52,-48.8,-29.28,34.16,4.88,-39.04,53.68,24.4,14.64,29.28,-48.8,-4.88
-29.28,-53.68,-24.4,43.92,-4.88,-39.04,48.8,29.28,14.64,34.16,-43.92,-9.76
-29.28,-53.68,-24.4,43.92,-4.88,-39.04,43.92,34.16,19.52,29.28,-53.68,-14.64
-14.64,-48.8,-34.16,34.16,9.76,-43.92,34.16,43.92,19.52,24.4,-48.8,-9.76
-24.4,-43.92,-19.52,34.16,-4.88,-34.16,39.04,58.56,29.28,34.16,-39.04,-4.88
-34.16,-58.56,-24.4,48.8,-4.88,-43.92,39.04,39.04,9.76,24.4,-53.68,-19.52
-34.16,-68.32,-34.16,53.68,0,-53.68,29.28,14.64,-34.16,9.76,-63.44,-29.28
-14.64,-58.56,-43.92,39.04,14.64,-53.68,24.4,0,-39.04,4.88,-63.44,-34.16
0,-53.68,-53.68,29.28,24.4,-53.68,14.64,-14.64,-58.56,-4.88,-68.32,-39.04
-19.52,-68.32,-48.8,43.92,14.64,-58.56,9.76,-4.88,-43.92,0,-63.44,-29.28
-29.28,-68.32,-39.04,48.8,4.88,-53.68,9.76,14.64,4.88,14.64,-58.56,-24.4
-29.28,-58.56,-29.28,43.92,0,-43.92,34.16,19.52,29.28,34.16,-43.92,-14.64
-29.28,-63.44,-34.16,48.8,0,-48.8,34.16,9.76,19.52,24.4,-53.68,-14.64
-19.52,-58.56,-39.04,39.04,9.76,-48.8,29.28,0,14.64,14.64,-58.56,-14.64
-19.52,-39.04,-19.52,29.28,0,-29.28,39.04,14.64,19.52,24.4,-53.68,-4.88
-29.28,-53.68,-24.4,43.92,-4.88,-39.04,43.92,14.64,-4.88,14.64,-53.68,-9.76
-19.52,-43.92,-24.4,34.16,0,-34.16,43.92,19.52,-14.64,0,-58.56,-14.64
-19.52,-53.68,-34.16,39.04,4.88,-43.92,48.8,19.52,4.88,14.64,-43.92,-4.88
-34.16,-53.68,-19.52,43.92,-9.76,-39.04,43.92,0,14.64,24.4,-43.92,0
-43.92,-48.8,-4.88,48.8,-19.52,-29.28,29.28,-4.88,-9.76,19.52,-53.68,-4.88
-53.68,-53.68,0,53.68,-29.28,-29.28,29.28,4.88,-4.88,19.52,-53.68,-4.88
-63.44,-58.56,4.88,63.44,-34.16,-29.28,19.52,24.4,14.64,24.4,-48.8,-9.76
-58.56,-53.68,4.88,58.56,-34.16,-24.4,9.76,19.52,19.52,19.52,-53.68,-14.64
-48.8,-53.68,-4.88,53.68,-24.4,-29.28,4.88,19.52,9.76,19.52,-53.68,-9.76
-24.4,-43.92,-19.52,34.16,-4.88,-34.16,-4.88,24.4,19.52,14.64,-48.8,-14.64
-19.52,-43.92,-24.4,34.16,0,-34.16,-9.76,24.4,24.4,19.52,-43.92,-4.88
-14.64,-53.68,-39.04,34.16,9.76,-48.8,-19.52,9.76,9.76,4.88,-58.56,-14.64
-9.76,-58.56,-48.8,34.16,19.52,-53.68,-9.76,4.88,-4.88,4.88,-63.44,-19.52
-24.4,-53.68,-29.28,39.04,0,-43.92,9.76,9.76,4.88,14.64,-58.56,-9.76
-19.52,-39.04,-19.52,29.28,0,-29.28,14.64,14.64,14.64,19.52,-53.68,0
-19.52,-43.92,-24.4,34.16,0,-34.16,24.4,14.64,24.4,24.4,-58.56,-4.88
-34.16,-53.68,-19.52,43.92,-9.76,-39.04,39.04,24.4,34.16,39.04,-48.8,-4.88
-34.16,-34.16,0,34.16,-19.52,-19.52,48.8,29.28,39.04,34.16,-48.8,0
-39.04,-29.28,9.76,34.16,-24.4,-9.76,53.68,24.4,29.28,34.16,-48.8,4.88
-34.16,-34.16,0,34.16,-19.52,-19.52,53.68,14.64,14.64,24.4,-63.44,4.88
-29.28,-34.16,-4.88,34.16,-14.64,-19.52,63.44,19.52,19.52,19.52,-63.44,4.88
-29.28,-34.16,-4.88,34.16,-14.64,-19.52,63.44,29.28,43.92,19.52,-63.44,0
-29.28,-24.4,4.88,29.28,-19.52,-9.76,63.44,29.28,34.16,24.4,-58.56,-9.76
-34.16,-19.52,14.64,29.28,-24.4,-4.88,73.2,19.52,9.76,24.4,-63.44,-9.76
-34.16,-29.28,4.88,34.16,-19.52,-14.64,63.44,-4.88,-43.92,4.88,-82.96,-24.4
-9.76,-39.04,-29.28,24.4,9.76,-34.16,58.56,-19.52,-58.56,-9.76,-87.84,-34.16
-14.64,-34.16,-19.52,24.4,0,-29.28,58.56,-14.64,-39.04,-4.88,-78.08,-34.16
-34.16,-39.04,-4.88,39.04,-14.64,-24.4,68.32,0,4.88,4.88,-68.32,-19.52
-43.92,-29.28,14.64,39.04,-29.28,-9.76,68.32,-4.88,14.64,14.64,-63.44,-9.76
-34.16,-29.28,4.88,34.16,-19.52,-14.64,68.32,-24.4,-4.88,9.76,-78.08,-19.52
-24.4,-24.4,0,24.4,-14.64,-14.64,73.2,-29.28,-9.76,-4.88,-82.96,-19.52
-29.28,-24.4,4.88,29.28,-19.52,-9.76,73.2,-34.16,-19.52,-19.52,-92.72,-24.4
-29.28,-34.16,-4.88,34.16,-14.64,-19.52,73.2,-24.4,0,-9.76,-92.72,-24.4
-4.88,-24.4,-19.52,14.64,4.88,-24.4,73.2,-34.16,0,-9.76,-97.6,-29.28
-19.52,-34.16,-14.64,29.28,-4.88,-24.4,73.2,-34.16,-19.52,-9.76,-97.6,-34.16
-39.04,-34.16,4.88,39.04,-24.4,-14.64,78.08,-19.52,-39.04,-9.76,-92.72,-29.28
-34.16,-34.16,0,34.16,-19.52,-19.52,78.08,-19.52,-43.92,-14.64,-82.96,-24.4
-24.4,-43.92,-19.52,34.16,-4.88,-34.16,68.32,-39.04,-48.8,-29.28,-97.6,-34.16
-24.4,-48.8,-24.4,39.04,0,-39.04,73.2,-39.04,-39.04,-29.28,-87.84,-39.04
-29.28,-48.8,-19.52,39.04,-4.88,-34.16,68.32,-29.28,-24.4,-14.64,-78.08,-19.52
-29.28,-53.68,-24.4,43.92,-4.88,-39.04,48.8,-34.16,-34.16,-19.52,-87.84,-24.4
-39.04,-48.8,-9.76,43.92,-14.64,-29.28,39.04,-29.28,-34.16,-19.52,-87.84,-29.28
-48.8,-48.8,0,48.8,-24.4,-24.4,39.04,-19.52,-19.52,-4.88,-78.08,-19.52
-39.04,-43.92,-4.88,43.92,-19.52,-24.4,24.4,-19.52,-14.64,-14.64,-92.72,-34.16
-39.04,-43.92,-4.88,43.92,-19.52,-24.4,24.4,-14.64,-4.88,-9.76,-87.84,-39.04
-53.68,-43.92,9.76,48.8,-34.16,-19.52,14.64,-14.64,-4.88,0,-97.6,-43.92
-34.16,-48.8,-14.64,43.92,-9.76,-34.16,9.76,-14.64,-14.64,4.88,-92.72,-43.92
-34.16,-48.8,-14.64,43.92,-9.76,-34.16,14.64,-24.4,-34.16,-9.76,-107.36,-43.92
-53.68,-63.44,-9.76,58.56,-24.4,-39.04,29.28,-29.28,-39.04,-14.64,-107.36,-48.8
-48.8,-68.32,-19.52,58.56,-14.64,-43.92,34.16,-19.52,-39.04,-9.76,-102.48,-39.04
-43.92,-63.44,-19.52,53.68,-14.64,-43.92,34.16,-14.64,-34.16,-4.88,-107.36,-39.04
-39.04,-53.68,-14.64,48.8,-14.64,-34.16,39.04,-14.64,-29.28,-14.64,-112.24,-43.92
-34.16,-53.68,-19.52,43.92,-9.76,-39.04,39.04,-14.64,-24.4,-29.28,-122,-53.68
-34.16,-53.68,-19.52,43.92,-9.76,-39.04,43.92,-29.28,-39.04,-34.16,-117.12,-53.68
-39.04,-43.92,-4.88,43.92,-19.52,-24.4,48.8,-29.28,-43.92,-29.28,-107.36,-48.8
-39.04,-34.16,4.88,39.04,-24.4,-14.64,34.16,-19.52,-43.92,-29.28,-107.36,-48.8
-29.28,-39.04,-9.76,34.16,-9.76,-24.4,24.4,-14.64,-29.28,-29.28,-102.48,-53.68
-24.4,-34.16,-9.76,29.28,-9.76,-24.4,19.52,-24.4,-29.28,-34.16,-117.12,-53.68
-34.16,-34.16,0,34.16,-19.52,-19.52,14.64,-29.28,-9.76,-29.28,-117.12,-53.68
-34.16,-43.92,-9.76,39.04,-14.64,-29.28,4.88,-29.28,-14.64,-29.28,-117.12,-53.68
-53.68,-48.8,4.88,53.68,-29.28,-24.4,0,-29.28,-24.4,-24.4,-112.24,-53.68
-43.92,-43.92,0,43.92,-24.4,-24.4,-14.64,-43.92,-34.16,-29.28,-122,-68.32
-29.28,-43.92,-14.64,39.04,-9.76,-29.28,-24.4,-39.04,-34.16,-34.16,-131.76,-73.2
-43.92,-53.68,-9.76,48.8,-19.52,-34.16,-34.16,-34.16,-24.4,-19.52,-117.12,-68.32
-48.8,-58.56,-9.76,53.68,-19.52,-34.16,-24.4,-39.04,-19.52,-14.64,-117.12,-68.32
-39.04,-58.56,-19.52,48.8,-9.76,-39.04,-9.76,-34.16,-24.4,-19.52,-122,-68.32
-39.04,-58.56,-19.52,48.8,-9.76,-39.04,0,-34.16,-39.04,-29.28,-131.76,-78.08
-19.52,-58.56,-39.04,39.04,9.76,-48.8,4.88,-39.04,-39.04,-34.16,-136.64,-78.08
-19.52,-48.8,-29.28,34.16,4.88,-39.04,14.64,-29.28,-19.52,-19.52,-126.88,-68.32
-29.28,-48.8,-19.52,39.04,-4.88,-34.16,19.52,-19.52,-29.28,-19.52,-126.88,-73.2
-29.28,-53.68,-24.4,43.92,-4.88,-39.04,29.28,-19.52,-29.28,-9.76,-122,-63.44
-29.28,-58.56,-29.28,43.92,0,-43.92,24.4,-39.04,-39.04,-24.4,-136.64,-68.32
-34.16,-58.56,-24.4,48.8,-4.88,-43.92,19.52,-39.04,-19.52,-19.52,-131.76,-73.2
-19.52,-58.56,-39.04,39.04,9.76,-48.8,14.64,-29.28,0,-14.64,-131.76,-78.08
-34.16,-68.32,-34.16,53.68,0,-53.68,19.52,-24.4,0,-4.88,-122,-73.2
-63.44,-63.44,0,63.44,-34.16,-34.16,34.16,-14.64,0,0,-112.24,-53.68
-53.68,-48.8,4.88,53.68,-29.28,-24.4,9.76,-24.4,-24.4,-14.64,-126.88,-63.44
-43.92,-53.68,-9.76,48.8,-19.52,-34.16,0,-24.4,-34.16,-29.28,-146.4,-73.2
-24.4,-53.68,-29.28,39.04,0,-43.92,-4.88,-34.16,-43.92,-34.16,-156.16,-82.96
-19.52,-58.56,-39.04,39.04,9.76,-48.8,-9.76,-53.68,-48.8,-34.16,-161.04,-87.84
-14.64,-53.68,-39.04,34.16,9.76,-48.8,-14.64,-58.56,-43.92,-29.28,-161.04,-87.84
-14.64,-48.8,-34.16,34.16,9.76,-43.92,-34.16,-58.56,-48.8,-43.92,-170.8,-92.72
-29.28,-48.8,-19.52,39.04,-4.88,-34.16,-39.04,-53.68,-29.28,-34.16,-165.92,-92.72
-34.16,-48.8,-14.64,43.92,-9.76,-34.16,-34.16,-34.16,-19.52,-24.4,-156.16,-82.96
-39.04,-48.8,-9.76,43.92,-14.64,-29.28,-48.8,-34.16,-29.28,-24.4,-161.04,-82.96
-19.52,-48.8,-29.28,34.16,4.88,-39.04,-58.56,-39.04,-34.16,-34.16,-170.8,-87.84
-19.52,-48.8,-29.28,34.16,4.88,-39.04,-73.2,-39.04,-24.4,-39.04,-170.8,-92.72
-34.16,-43.92,-9.76,39.04,-14.64,-29.28,-73.2,-34.16,-24.4,-39.04,-165.92,-92.72
-39.04,-43.92,-4.88,43.92,-19.52,-24.4,-58.56,-19.52,0,-19.52,-156.16,-78.08
-24.4,-39.04,-14.64,34.16,-4.88,-29.28,-48.8,-29.28,-9.76,-24.4,-156.16,-78.08
-19.52,-43.92,-24.4,34.16,0,-34.16,-48.8,-39.04,-34.16,-39.04,-165.92,-87.84
-29.28,-39.04,-9.76,34.16,-9.76,-24.4,-39.04,-24.4,-9.76,-29.28,-156.16,-78.08
-19.52,-34.16,-14.64,29.28,-4.88,-24.4,-29.28,-19.52,14.64,-9.76,-151.28,-78.08
-19.52,-43.92,-24.4,34.16,0,-34.16,-34.16,-39.04,-14.64,-14.64,-161.04,-82.96
-29.28,-53.68,-24.4,43.92,-4.88,-39.04,-24.4,-29.28,-19.52,14.64,-141.52,-87.84
-14.64,-58.56,-43.92,39.04,14.64,-53.68,-4.88,4.88,4.88,58.56,-97.6,-78.08
4.88,-39.04,-43.92,19.52,24.4,-43.92,4.88,29.28,39.04,107.36,-48.8,-58.56
14.64,-19.52,-34.16,4.88,24.4,-29.28,14.64,39.04,107.36,146.4,9.76,-19.52
4.88,-9.76,-14.64,4.88,9.76,-14.64,19.52,39.04,161.04,190.32,87.84,68.32
24.4,9.76,-14.64,-14.64,19.52,-4.88,14.64,19.52,136.64,224.48,175.68,195.2
53.68,29.28,-24.4,-39.04,39.04,0,4.88,14.64,151.28,287.92,307.44,361.12
82.96,43.92,-39.04,-63.44,58.56,0,-4.88,24.4,253.76,414.8,507.52,551.44
102.48,78.08,-24.4,-87.84,63.44,24.4,-14.64,39.04,385.52,600.24,775.92,790.56
122,107.36,-14.64,-112.24,68.32,43.92,-29.28,68.32,536.8,858.88,1122.4,1122.4
161.04,141.52,-19.52,-151.28,87.84,58.56,-53.68,97.6,649.04,1063.84,1429.84,1483.52
195.2,190.32,-4.88,-190.32,97.6,92.72,-87.84,58.56,585.6,1078.48,1586,1781.2
190.32,219.6,29.28,-204.96,78.08,122,-117.12,-9.76,453.84,897.92,1566.48,2015.44
195.2,248.88,53.68,-219.6,68.32,151.28,-161.04,-97.6,278.16,634.4,1434.72,2176.48
190.32,287.92,97.6,-239.12,43.92,190.32,-190.32,-195.2,43.92,380.64,1278.56,2254.56
170.8,322.08,151.28,-244,9.76,234.24,-224.48,-292.8,-180.56,131.76,1068.72,2152.08
156.16,375.76,219.6,-263.52,-34.16,297.68,-248.88,-351.36,-356.24,-82.96,839.36,1898.32
102.48,405.04,302.56,-253.76,-102.48,351.36,-234.24,-331.84,-453.84,-239.12,590.48,1532.32
53.68,326.96,273.28,-190.32,-112.24,297.68,-161.04,-219.6,-444.08,-356.24,351.36,1068.72
9.76,185.44,175.68,-97.6,-82.96,180.56,-68.32,-53.68,-385.52,-473.36,19.52,468.48
-43.92,48.8,92.72,0,-68.32,68.32,14.64,97.6,-380.64,-663.68,-439.2,-136.64
-78.08,-43.92,34.16,63.44,-58.56,-4.88,63.44,185.44,-414.8,-878.4,-902.8,-610
-112.24,-122,-9.76,117.12,-53.68,-68.32,78.08,219.6,-502.64,-1093.12,-1307.84,-932.08
-126.88,-195.2,-68.32,161.04,-29.28,-131.76,97.6,244,-575.84,-1254.16,-1600.64,-1151.68
-126.88,-248.88,-122,190.32,-4.88,-185.44,112.24,219.6,-673.44,-1381.04,-1810.48,-1293.2
-141.52,-287.92,-146.4,214.72,0,-219.6,73.2,73.2,-844.24,-1498.16,-1878.8,-1298.08
-156.16,-312.32,-156.16,234.24,0,-234.24,34.16,-156.16,-1034.56,-1561.6,-1820.24,-1244.4
-141.52,-336.72,-195.2,239.12,24.4,-268.4,-34.16,-385.52,-1195.6,-1595.76,-1747.04,-1166.32
-151.28,-317.2,-165.92,234.24,4.88,-244,-82.96,-527.04,-1239.52,-1561.6,-1644.56,-1078.48
-156.16,-268.4,-112.24,214.72,-24.4,-190.32,-87.84,-541.68,-1161.44,-1439.6,-1507.92,-966.24
-156.16,-229.36,-73.2,195.2,-43.92,-151.28,-92.72,-512.4,-1068.72,-1312.72,-1385.92,-873.52
-156.16,-204.96,-48.8,180.56,-53.68,-126.88,-87.84,-458.72,-956.48,-1156.56,-1234.64,-785.68
-131.76,-180.56,-48.8,156.16,-43.92,-117.12,-122,-395.28,-819.84,-1005.28,-1093.12,-697.84
-112.24,-170.8,-58.56,141.52,-29.28,-117.12,-156.16,-326.96,-683.2,-858.88,-966.24,-605.12
-102.48,-161.04,-58.56,131.76,-24.4,-112.24,-165.92,-258.64,-561.2,-722.24,-839.36,-517.28
-102.48,-136.64,-34.16,122,-34.16,-87.84,-161.04,-180.56,-458.72,-600.24,-722.24,-444.08
-97.6,-107.36,-9.76,102.48,-43.92,-58.56,-161.04,-122,-375.76,-502.64,-624.64,-375.76
-92.72,-78.08,14.64,87.84,-53.68,-34.16,-156.16,-107.36,-292.8,-400.16,-536.8,-292.8
-73.2,-53.68,19.52,63.44,-48.8,-19.52,-161.04,-117.12,-229.36,-312.32,-444.08,-219.6
-48.8,-43.92,4.88,48.8,-29.28,-19.52,-141.52,-112.24,-185.44,-244,-375.76,-165.92
-29.28,-39.04,-9.76,34.16,-9.76,-24.4,-131.76,-107.36,-146.4,-204.96,-331.84,-136.64
-39.04,-43.92,-4.88,43.92,-19.52,-24.4,-112.24,-82.96,-107.36,-165.92,-292.8,-107.36
-24.4,-43.92,-19.52,34.16,-4.88,-34.16,-97.6,-68.32,-97.6,-151.28,-278.16,-107.36
-29.28,-48.8,-19.52,39.04,-4.88,-34.16,-82.96,-53.68,-68.32,-131.76,-263.52,-107.36
-39.04,-48.8,-9.76,43.92,-14.64,-29.28,-82.96,-53.68,-58.56,-122,-258.64,-107.36
-43.92,-48.8,-4.88,48.8,-19.52,-29.28,-63.44,-43.92,-58.56,-107.36,-234.24,-92.72
-63.44,-53.68,9.76,58.56,-39.04,-24.4,-58.56,-53.68,-68.32,-107.36,-224.48,-97.6
-73.2,-53.68,19.52,63.44,-48.8,-19.52,-48.8,-58.56,-63.44,-97.6,-214.72,-87.84
-48.8,-34.16,14.64,43.92,-34.16,-9.76,-43.92,-53.68,-48.8,-78.08,-185.44,-78.08
-43.92,-29.28,14.64,39.04,-29.28,-9.76,-48.8,-43.92,-34.16,-73.2,-185.44,-73.2
-19.52,-34.16,-14.64,29.28,-4.88,-24.4,-48.8,-43.92,-29.28,-78.08,-190.32,-78.08
-9.76,-29.28,-19.52,19.52,4.88,-24.4,-43.92,-48.8,-19.52,-58.56,-175.68,-58.56
-43.92,-29.28,14.64,39.04,-29.28,-9.76,-34.16,-48.8,-24.4,-58.56,-165.92,-53.68
-39.04,-19.52,19.52,29.28,-29.28,0,-29.28,-48.8,-24.4,-58.56,-161.04,-43.92
-29.28,-29.28,0,29.28,-14.64,-14.64,-34.16,-43.92,-24.4,-53.68,-151.28,-34.16
-34.16,-39.04,-4.88,39.04,-14.64,-24.4,-29.28,-29.28,-4.88,-34.16,-126.88,-24.4
-24.4,-34.16,-9.76,29.28,-9.76,-24.4,-34.16,-29.28,0,-29.28,-112.24,-19.52
-19.52,-43.92,-24.4,34.16,0,-34.16,-29.28,-24.4,14.64,-24.4,-107.36,-14.64
-14.64,-48.8,-34.16,34.16,9.76,-43.92,-34.16,-24.4,19.52,-19.52,-92.72,-19.52
0,-43.92,-43.92,24.4,19.52,-43.92,-39.04,-29.28,14.64,-19.52,-92.72,-19.52
-9.76,-43.92,-34.16,29.28,9.76,-39.04,-48.8,-29.28,24.4,-14.64,-92.72,-19.52
-19.52,-43.92,-24.4,34.16,0,-34.16,-43.92,-24.4,53.68,4.88,-82.96,-4.88
-14.64,-43.92,-29.28,29.28,4.88,-39.04,-58.56,-34.16,39.04,9.76,-87.84,-24.4
-19.52,-39.04,-19.52,29.28,0,-29.28,-58.56,-24.4,39.04,19.52,-82.96,-14.64
-9.76,-24.4,-14.64,19.52,0,-19.52,-68.32,-14.64,24.4,14.64,-78.08,-9.76
-4.88,-29.28,-24.4,19.52,9.76,-29.28,-87.84,-14.64,19.52,0,-63.44,-14.64
-4.88,-29.28,-24.4,19.52,9.76,-29.28,-92.72,-24.4,39.04,-4.88,-43.92,-14.64
-14.64,-29.28,-14.64,24.4,0,-24.4,-82.96,-24.4,48.8,19.52,-34.16,4.88
-14.64,-39.04,-24.4,29.28,4.88,-34.16,-87.84,-19.52,43.92,24.4,-29.28,0
-14.64,-29.28,-14.64,24.4,0,-24.4,-92.72,-14.64,53.68,29.28,-34.16,9.76
0,-29.28,-29.28,14.64,14.64,-29.28,-112.24,-19.52,48.8,9.76,-43.92,4.88
9.76,-39.04,-48.8,14.64,29.28,-43.92,-107.36,-19.52,43.92,0,-43.92,4.88
-14.64,-34.16,-19.52,24.4,0,-29.28,-92.72,-4.88,63.44,19.52,-34.16,9.76
-19.52,-34.16,-14.64,29.28,-4.88,-24.4,-92.72,0,68.32,19.52,-39.04,4.88
-4.88,-39.04,-34.16,24.4,14.64,-39.04,-92.72,-9.76,48.8,24.4,-39.04,4.88
0,-43.92,-43.92,24.4,19.52,-43.92,-82.96,-24.4,19.52,24.4,-34.16,0
0,-43.92,-43.92,24.4,19.52,-43.92,-82.96,-14.64,43.92,29.28,-24.4,4.88
-9.76,-29.28,-19.52,19.52,4.88,-24.4,-68.32,4.88,78.08,53.68,-9.76,19.52
-4.88,-19.52,-14.64,14.64,4.88,-19.52,-73.2,0,82.96,53.68,0,14.64
0,-14.64,-14.64,9.76,4.88,-14.64,-92.72,-29.28,73.2,39.04,-14.64,0
0,-24.4,-24.4,14.64,9.76,-24.4,-97.6,-43.92,63.44,29.28,-24.4,-9.76
-9.76,-29.28,-19.52,19.52,4.88,-24.4,-112.24,-43.92,58.56,34.16,-29.28,-14.64
0,-19.52,-19.52,9.76,9.76,-19.52,-117.12,-43.92,48.8,34.16,-29.28,-19.52
-14.64,-24.4,-9.76,19.52,-4.88,-19.52,-126.88,-43.92,29.28,29.28,-34.16,-19.52
-39.04,-43.92,-4.88,43.92,-19.52,-24.4,-122,-34.16,29.28,29.28,-34.16,-14.64
-19.52,-29.28,-9.76,24.4,-4.88,-19.52,-107.36,-19.52,63.44,48.8,0,4.88
-9.76,-29.28,-19.52,19.52,4.88,-24.4,-107.36,-34.16,63.44,43.92,-9.76,-9.76
0,-34.16,-34.16,19.52,14.64,-34.16,-107.36,-43.92,53.68,39.04,-9.76,-9.76
4.88,-34.16,-39.04,14.64,19.52,-39.04,-82.96,-34.16,63.44,53.68,4.88,0
0,-34.16,-34.16,19.52,14.64,-34.16,-63.44,-34.16,48.8,53.68,4.88,0
0,-29.28,-29.28,14.64,14.64,-29.28,-53.68,-29.28,58.56,43.92,-4.88,-9.76
-4.88,-34.16,-29.28,19.52,9.76,-34.16,-39.04,-24.4,68.32,48.8,-9.76,-9.76
-9.76,-34.16,-24.4,24.4,4.88,-29.28,-29.28,-19.52,63.44,48.8,-9.76,-14.64
-9.76,-29.28,-19.52,19.52,4.88,-24.4,-19.52,-14.64,63.44,58.56,-9.76,-14.64
-19.52,-29.28,-9.76,24.4,-4.88,-19.52,-24.4,-24.4,58.56,63.44,-9.76,-9.76
-19.52,-24.4,-4.88,24.4,-9.76,-14.64,-19.52,-9.76,63.44,82.96,14.64,4.88
-14.64,-19.52,-4.88,19.52,-4.88,-14.64,-14.64,0,87.84,82.96,19.52,4.88
-9.76,-24.4,-14.64,19.52,0,-19.52,-9.76,-4.88,92.72,87.84,19.52,9.76
0,-19.52,-19.52,9.76,9.76,-19.52,-9.76,-19.52,87.84,82.96,19.52,9.76
-4.88,-19.52,-14.64,14.64,4.88,-19.52,-19.52,-24.4,68.32,68.32,14.64,9.76
-19.52,-14.64,4.88,19.52,-14.64,-4.88,-29.28,-24.4,68.32,63.44,9.76,9.76
4.88,4.88,0,-4.88,0,0,-48.8,-24.4,68.32,68.32,4.88,14.64
14.64,9.76,-4.88,-9.76,9.76,0,-78.08,-34.16,68.32,63.44,4.88,4.88
4.88,9.76,4.88,-4.88,0,4.88,-87.84,-39.04,63.44,58.56,9.76,9.76
4.88,-4.88,-9.76,0,4.88,-9.76,-68.32,-39.04,63.44,63.44,14.64,19.52
4.88,-19.52,-24.4,9.76,14.64,-24.4,-43.92,-29.28,78.08,82.96,39.04,34.16
4.88,-14.64,-19.52,4.88,9.76,-19.52,-39.04,-24.4,82.96,82.96,43.92,29.28
24.4,-14.64,-39.04,-4.88,29.28,-29.28,-43.92,-29.28,82.96,82.96,34.16,29.28
19.52,-19.52,-39.04,0,29.28,-29.28,-34.16,-19.52,97.6,97.6,48.8,43.92
24.4,-9.76,-34.16,-4.88,29.28,-24.4,-29.28,-19.52,92.72,92.72,43.92,34.16
24.4,-4.88,-29.28,-9.76,24.4,-19.52,-53.68,-39.04,68.32,78.08,29.28,29.28
29.28,4.88,-24.4,-14.64,24.4,-9.76,-58.56,-24.4,73.2,82.96,39.04,43.92
29.28,14.64,-14.64,-19.52,19.52,0,-53.68,-19.52,87.84,87.84,43.92,43.92
19.52,9.76,-9.76,-14.64,14.64,0,-58.56,-34.16,92.72,92.72,43.92,48.8
14.64,0,-14.64,-4.88,14.64,-9.76,-58.56,-29.28,102.48,97.6,48.8,58.56
14.64,0,-14.64,-4.88,14.64,-9.76,-87.84,-43.92,102.48,92.72,53.68,53.68
9.76,0,-9.76,-4.88,9.76,-4.88,-102.48,-48.8,87.84,87.84,53.68,48.8
14.64,9.76,-4.88,-9.76,9.76,0,-102.48,-48.8,73.2,87.84,53.68,58.56
24.4,4.88,-19.52,-14.64,19.52,-9.76,-102.48,-58.56,48.8,78.08,53.68,53.68
24.4,0,-24.4,-9.76,24.4,-14.64,-97.6,-63.44,43.92,58.56,53.68,48.8
19.52,14.64,-4.88,-14.64,9.76,4.88,-102.48,-68.32,78.08,58.56,43.92,39.04
19.52,24.4,4.88,-19.52,4.88,14.64,-82.96,-53.68,87.84,68.32,53.68,48.8
39.04,39.04,0,-39.04,19.52,19.52,-78.08,-48.8,87.84,78.08,58.56,48.8
39.04,34.16,-4.88,-34.16,19.52,14.64,-78.08,-53.68,78.08,73.2,63.44,63.44
43.92,29.28,-14.64,-34.16,29.28,4.88,-78.08,-63.44,63.44,68.32,58.56,63.44
53.68,24.4,-29.28,-39.04,39.04,-4.88,-87.84,-82.96,48.8,63.44,58.56,63.44
58.56,9.76,-48.8,-34.16,53.68,-19.52,-107.36,-107.36,29.28,48.8,48.8,53.68
58.56,14.64,-43.92,-34.16,48.8,-14.64,-117.12,-97.6,24.4,48.8,53.68,63.44
29.28,24.4,-4.88,-24.4,14.64,9.76,-107.36,-78.08,24.4,58.56,73.2,73.2
9.76,14.64,4.88,-9.76,0,9.76,-117.12,-82.96,19.52,53.68,73.2,78.08
29.28,29.28,0,-29.28,14.64,14.64,-136.64,-97.6,29.28,43.92,68.32,82.96
39.04,39.04,0,-39.04,19.52,19.52,-146.4,-97.6,43.92,48.8,73.2,87.84
48.8,34.16,-14.64,-39.04,29.28,9.76,-161.04,-97.6,39.04,43.92,68.32,73.2
73.2,39.04,-34.16,-53.68,53.68,0,-175.68,-122,29.28,29.28,58.56,68.32
82.96,34.16,-48.8,-58.56,63.44,-9.76,-180.56,-131.76,19.52,24.4,48.8,63.44
97.6,43.92,-53.68,-68.32,73.2,-4.88,-170.8,-126.88,19.52,24.4,48.8,73.2
82.96,53.68,-29.28,-68.32,53.68,9.76,-146.4,-102.48,39.04,34.16,68.32,87.84
82.96,58.56,-24.4,-68.32,53.68,14.64,-136.64,-107.36,39.04,34.16,73.2,92.72
73.2,58.56,-14.64,-63.44,43.92,19.52,-122,-107.36,34.16,43.92,78.08,102.48
82.96,53.68,-29.28,-68.32,53.68,9.76,-122,-126.88,4.88,34.16,68.32,97.6
82.96,53.68,-29.28,-68.32,53.68,9.76,-122,-136.64,-9.76,19.52,58.56,102.48
92.72,63.44,-29.28,-78.08,58.56,14.64,-112.24,-151.28,4.88,19.52,53.68,102.48
92.72,58.56,-34.16,-73.2,63.44,9.76,-112.24,-156.16,-19.52,4.88,39.04,92.72
97.6,58.56,-39.04,-78.08,68.32,9.76,-97.6,-146.4,-19.52,0,43.92,107.36
97.6,58.56,-39.04,-78.08,68.32,9.76,-97.6,-136.64,0,0,53.68,117.12
82.96,53.68,-29.28,-68.32,53.68,9.76,-97.6,-136.64,19.52,9.76,63.44,126.88
73.2,63.44,-9.76,-68.32,39.04,24.4,-97.6,-131.76,14.64,9.76,68.32,131.76
82.96,73.2,-9.76,-78.08,43.92,29.28,-107.36,-131.76,4.88,9.76,73.2,146.4
82.96,68.32,-14.64,-73.2,48.8,24.4,-117.12,-141.52,-19.52,-9.76,58.56,136.64
82.96,68.32,-14.64,-73.2,48.8,24.4,-122,-161.04,-39.04,-19.52,53.68,141.52
63.44,78.08,14.64,-68.32,24.4,43.92,-126.88,-190.32,-39.04,-14.64,53.68,151.28
78.08,87.84,9.76,-82.96,34.16,48.8,-126.88,-239.12,-29.28,-24.4,43.92,146.4
92.72,92.72,0,-92.72,43.92,43.92,-131.76,-248.88,-34.16,-29.28,34.16,146.4
87.84,87.84,0,-87.84,43.92,43.92,-126.88,-239.12,-24.4,-24.4,34.16,131.76
92.72,92.72,0,-92.72,43.92,43.92,-122,-229.36,-9.76,-19.52,39.04,136.64
92.72,97.6,4.88,-92.72,43.92,48.8,-126.88,-234.24,-39.04,-19.52,39.04,131.76
87.84,92.72,4.88,-87.84,39.04,48.8,-126.88,-248.88,-92.72,-19.52,43.92,136.64
102.48,102.48,0,-102.48,48.8,48.8,-131.76,-248.88,-107.36,-29.28,48.8,141.52
97.6,102.48,4.88,-97.6,43.92,53.68,-136.64,-239.12,-73.2,-34.16,53.68,161.04
92.72,102.48,9.76,-97.6,39.04,53.68,-141.52,-239.12,-68.32,-48.8,53.68,156.16
87.84,92.72,4.88,-87.84,39.04,48.8,-156.16,-248.88,-73.2,-53.68,48.8,156.16
92.72,102.48,9.76,-97.6,39.04,53.68,-165.92,-253.76,-68.32,-43.92,48.8,161.04
102.48,117.12,14.64,-107.36,43.92,63.44,-170.8,-244,-63.44,-39.04,53.68,170.8
97.6,112.24,14.64,-102.48,39.04,63.44,-180.56,-239.12,-58.56,-29.28,53.68,170.8
73.2,107.36,34.16,-87.84,19.52,68.32,-175.68,-219.6,-34.16,-9.76,78.08,185.44
58.56,97.6,39.04,-78.08,9.76,68.32,-161.04,-204.96,-14.64,19.52,102.48,200.08
58.56,82.96,24.4,-68.32,14.64,53.68,-165.92,-209.84,-24.4,14.64,112.24,190.32
68.32,92.72,24.4,-78.08,19.52,58.56,-161.04,-195.2,-19.52,34.16,122,200.08
73.2,102.48,29.28,-87.84,19.52,63.44,-141.52,-165.92,-4.88,58.56,146.4,209.84
68.32,92.72,24.4,-78.08,19.52,58.56,-131.76,-161.04,24.4,63.44,151.28,204.96
78.08,97.6,19.52,-87.84,29.28,58.56,-122,-156.16,39.04,68.32,146.4,204.96
63.44,92.72,29.28,-78.08,14.64,58.56,-102.48,-156.16,29.28,78.08,146.4,214.72
58.56,87.84,29.28,-73.2,14.64,58.56,-102.48,-156.16,9.76,87.84,146.4,214.72
48.8,87.84,39.04,-68.32,4.88,63.44,-92.72,-156.16,-4.88,107.36,151.28,200.08
39.04,68.32,29.28,-53.68,4.88,48.8,-82.96,-151.28,9.76,102.48,165.92,204.96
43.92,63.44,19.52,-53.68,9.76,39.04,-73.2,-136.64,43.92,102.48,161.04,204.96
43.92,63.44,19.52,-53.68,9.76,39.04,-73.2,-117.12,43.92,102.48,165.92,195.2
58.56,68.32,9.76,-63.44,24.4,39.04,-78.08,-117.12,48.8,107.36,156.16,180.56
58.56,58.56,0,-58.56,29.28,29.28,-73.2,-107.36,53.68,126.88,165.92,190.32
29.28,58.56,29.28,-43.92,0,43.92,-78.08,-97.6,48.8,136.64,165.92,185.44
24.4,63.44,39.04,-43.92,-9.76,48.8,-78.08,-97.6,43.92,131.76,165.92,175.68
39.04,63.44,24.4,-48.8,4.88,43.92,-82.96,-97.6,34.16,131.76,151.28,170.8
39.04,48.8,9.76,-43.92,14.64,29.28,-97.6,-102.48,29.28,117.12,141.52,151.28
39.04,48.8,9.76,-43.92,14.64,29.28,-97.6,-92.72,39.04,117.12,131.76,141.52
29.28,34.16,4.88,-29.28,9.76,19.52,-87.84,-102.48,39.04,122,131.76,136.64
24.4,29.28,4.88,-24.4,9.76,14.64,-73.2,-97.6,29.28,136.64,126.88,122
24.4,48.8,24.4,-34.16,0,34.16,-53.68,-73.2,29.28,136.64,136.64,126.88
19.52,43.92,24.4,-29.28,-4.88,34.16,-39.04,-53.68,58.56,151.28,141.52,131.76
19.52,34.16,14.64,-24.4,0,24.4,-24.4,-53.68,78.08,146.4,141.52,122
24.4,34.16,9.76,-29.28,4.88,19.52,-9.76,-53.68,68.32,146.4,136.64,117.12
19.52,34.16,14.64,-24.4,0,24.4,4.88,-73.2,48.8,131.76,122,107.36
14.64,39.04,24.4,-24.4,-4.88,29.28,24.4,-58.56,58.56,151.28,122,112.24
4.88,34.16,29.28,-19.52,-14.64,29.28,34.16,-48.8,58.56,146.4,126.88,112.24
19.52,24.4,4.88,-19.52,4.88,14.64,29.28,-48.8,48.8,136.64,117.12,97.6
29.28,24.4,-4.88,-24.4,14.64,9.76,24.4,-58.56,39.04,126.88,112.24,87.84
9.76,14.64,4.88,-9.76,0,9.76,34.16,-53.68,29.28,126.88,112.24,87.84
9.76,14.64,4.88,-9.76,0,9.76,34.16,-48.8,39.04,122,112.24,78.08
14.64,19.52,4.88,-14.64,4.88,9.76,34.16,-34.16,58.56,131.76,117.12,78.08
4.88,9.76,4.88,-4.88,0,4.88,34.16,-39.04,53.68,126.88,117.12,82.96
-9.76,14.64,24.4,0,-19.52,19.52,43.92,-24.4,43.92,136.64,122,82.96
-24.4,24.4,48.8,0,-39.04,34.16,39.04,-43.92,24.4,117.12,117.12,78.08
-19.52,19.52,39.04,0,-29.28,29.28,43.92,-39.04,24.4,117.12,117.12,73.2
-9.76,24.4,34.16,-4.88,-24.4,29.28,43.92,-39.04,29.28,122,117.12,63.44
0,34.16,34.16,-14.64,-19.52,34.16,39.04,-34.16,29.28,117.12,112.24,63.44
14.64,43.92,29.28,-29.28,-9.76,34.16,48.8,-34.16,39.04,126.88,117.12,73.2
14.64,34.16,19.52,-24.4,-4.88,24.4,43.92,-19.52,58.56,136.64,131.76,78.08
4.88,19.52,14.64,-9.76,-4.88,14.64,29.28,-34.16,43.92,122,122,63.44
4.88,14.64,9.76,-9.76,-4.88,9.76,34.16,-34.16,53.68,126.88,131.76,78.08
14.64,19.52,4.88,-14.64,4.88,9.76,34.16,-29.28,68.32,131.76,131.76,78.08
19.52,24.4,4.88,-19.52,4.88,14.64,29.28,-19.52,68.32,131.76,126.88,73.2
0,19.52,19.52,-9.76,-9.76,19.52,34.16,-9.76,73.2,136.64,131.76,82.96
-14.64,14.64,29.28,0,-24.4,19.52,34.16,-4.88,68.32,146.4,136.64,87.84
4.88,19.52,14.64,-9.76,-4.88,14.64,19.52,-24.4,53.68,126.88,117.12,73.2
4.88,29.28,24.4,-14.64,-9.76,24.4,9.76,-24.4,53.68,122,112.24,68.32
0,19.52,19.52,-9.76,-9.76,19.52,0,-19.52,39.04,126.88,117.12,73.2
0,24.4,24.4,-9.76,-14.64,24.4,-9.76,-24.4,24.4,126.88,112.24,73.2
-4.88,24.4,29.28,-9.76,-19.52,24.4,-19.52,-24.4,43.92,122,117.12,73.2
-9.76,19.52,29.28,-4.88,-19.52,24.4,-24.4,-9.76,78.08,131.76,126.88,73.2
-14.64,19.52,34.16,0,-24.4,24.4,0,9.76,97.6,141.52,141.52,78.08
-14.64,14.64,29.28,0,-24.4,19.52,-4.88,4.88,68.32,126.88,112.24,58.56
-4.88,4.88,9.76,0,-9.76,4.88,-4.88,-24.4,24.4,112.24,102.48,43.92
9.76,0,-9.76,-4.88,9.76,-4.88,-4.88,-53.68,4.88,102.48,87.84,39.04
4.88,-14.64,-19.52,4.88,9.76,-19.52,0,-58.56,0,92.72,82.96,29.28
-14.64,0,14.64,9.76,-14.64,4.88,4.88,-24.4,19.52,87.84,87.84,29.28
-14.64,0,14.64,9.76,-14.64,4.88,9.76,-9.76,43.92,87.84,97.6,34.16
-9.76,0,9.76,4.88,-9.76,4.88,4.88,0,73.2,117.12,102.48,34.16
-9.76,24.4,34.16,-4.88,-24.4,29.28,4.88,-9.76,63.44,112.24,107.36,29.28
-19.52,14.64,34.16,4.88,-29.28,24.4,-4.88,-19.52,63.44,122,112.24,34.16
-19.52,0,19.52,9.76,-19.52,9.76,-9.76,-24.4,68.32,126.88,112.24,39.04
-9.76,-4.88,4.88,9.76,-9.76,0,-29.28,-14.64,63.44,112.24,97.6,29.28
-9.76,-4.88,4.88,9.76,-9.76,0,-39.04,-14.64,68.32,102.48,87.84,14.64
-4.88,4.88,9.76,0,-9.76,4.88,-39.04,-19.52,53.68,112.24,87.84,14.64
-19.52,-4.88,14.64,14.64,-19.52,4.88,-34.16,-14.64,19.52,107.36,92.72,24.4
-24.4,-9.76,14.64,19.52,-19.52,0,-14.64,-9.76,43.92,112.24,97.6,24.4
-9.76,-9.76,0,9.76,-4.88,-4.88,-9.76,-14.64,73.2,107.36,102.48,14.64
-4.88,-14.64,-9.76,9.76,0,-14.64,4.88,-14.64,68.32,112.24,97.6,4.88
-4.88,-4.88,0,4.88,-4.88,-4.88,19.52,-9.76,68.32,117.12,112.24,14.64
-14.64,-4.88,9.76,9.76,-14.64,0,29.28,-9.76,73.2,126.88,112.24,14.64
-24.4,-4.88,19.52,14.64,-24.4,4.88,39.04,-14.64,63.44,126.88,107.36,19.52
-19.52,4.88,24.4,9.76,-24.4,14.64,48.8,-19.52,58.56,126.88,112.24,24.4
-19.52,9.76,29.28,4.88,-24.4,19.52,48.8,-19.52,39.04,117.12,102.48,19.52
-9.76,4.88,14.64,4.88,-14.64,9.76,34.16,-34.16,9.76,82.96,82.96,4.88
-19.52,-4.88,14.64,14.64,-19.52,4.88,29.28,-34.16,34.16,82.96,87.84,9.76
-34.16,-24.4,9.76,29.28,-24.4,-9.76,19.52,-43.92,43.92,87.84,82.96,0
-19.52,-4.88,14.64,14.64,-19.52,4.88,24.4,-34.16,43.92,102.48,92.72,9.76
-14.64,-9.76,4.88,14.64,-9.76,-4.88,14.64,-24.4,43.92,107.36,97.6,9.76
-19.52,-19.52,0,19.52,-9.76,-9.76,4.88,-14.64,48.8,102.48,97.6,9.76
0,0,0,0,0,0,0,-14.64,53.68,112.24,97.6,9.76
-4.88,0,4.88,4.88,-4.88,0,-9.76,-9.76,58.56,112.24,97.6,14.64
-9.76,-9.76,0,9.76,-4.88,-4.88,-19.52,0,58.56,117.12,97.6,9.76
-4.88,-4.88,0,4.88,-4.88,-4.88,-9.76,0,68.32,117.12,92.72,9.76
-9.76,-14.64,-4.88,14.64,-4.88,-9.76,-14.64,-4.88,68.32,122,87.84,19.52
0,0,0,0,0,0,-43.92,-14.64,48.8,107.36,82.96,9.76
0,-4.88,-4.88,4.88,0,-4.88,-63.44,-34.16,24.4,97.6,78.08,-9.76
-9.76,0,9.76,4.88,-9.76,4.88,-73.2,-19.52,39.04,107.36,82.96,-4.88
-19.52,0,19.52,9.76,-19.52,9.76,-68.32,-14.64,53.68,117.12,97.6,4.88
-39.04,-9.76,29.28,24.4,-34.16,9.76,-39.04,4.88,78.08,126.88,112.24,14.64
-34.16,-4.88,29.28,19.52,-34.16,9.76,-9.76,4.88,92.72,141.52,117.12,24.4
-24.4,4.88,29.28,9.76,-29.28,14.64,4.88,4.88,87.84,146.4,126.88,34.16
-24.4,4.88,29.28,9.76,-29.28,14.64,14.64,4.88,82.96,141.52,126.88,29.28
-14.64,14.64,29.28,0,-24.4,19.52,29.28,19.52,102.48,146.4,122,24.4
-4.88,4.88,9.76,0,-9.76,4.88,39.04,4.88,87.84,141.52,122,29.28
9.76,9.76,0,-9.76,4.88,4.88,24.4,-14.64,39.04,112.24,102.48,19.52
4.88,4.88,0,-4.88,0,0,29.28,-9.76,34.16,107.36,97.6,19.52
4.88,0,-4.88,0,4.88,-4.88,39.04,0,53.68,117.12,102.48,19.52
19.52,4.88,-14.64,-9.76,14.64,-4.88,29.28,4.88,82.96,126.88,112.24,24.4
14.64,4.88,-9.76,-9.76,9.76,-4.88,24.4,4.88,82.96,131.76,107.36,24.4
-4.88,-4.88,0,4.88,-4.88,-4.88,24.4,14.64,97.6,141.52,112.24,34.16
-19.52,-9.76,9.76,14.64,-14.64,0,19.52,24.4,112.24,151.28,126.88,43.92
-4.88,-9.76,-4.88,9.76,0,-9.76,4.88,14.64,92.72,136.64,117.12,34.16
0,0,0,0,0,0,-4.88,14.64,87.84,136.64,117.12,34.16
9.76,0,-9.76,-4.88,9.76,-4.88,-4.88,19.52,92.72,146.4,126.88,43.92
9.76,-4.88,-14.64,0,9.76,-9.76,-14.64,14.64,82.96,146.4,126.88,43.92
9.76,0,-9.76,-4.88,9.76,-4.88,-19.52,0,78.08,146.4,117.12,39.04
14.64,-4.88,-19.52,-4.88,14.64,-14.64,-9.76,4.88,73.2,141.52,112.24,43.92
9.76,-9.76,-19.52,0,14.64,-14.64,-4.88,14.64,68.32,131.76,102.48,34.16
24.4,9.76,-14.64,-14.64,19.52,-4.88,0,29.28,73.2,126.88,97.6,29.28
9.76,0,-9.76,-4.88,9.76,-4.88,-4.88,24.4,68.32,122,97.6,24.4
14.64,-9.76,-24.4,0,19.52,-19.52,9.76,14.64,58.56,107.36,97.6,29.28
19.52,-4.88,-24.4,-4.88,19.52,-14.64,19.52,14.64,58.56,107.36,97.6,19.52
-4.88,-9.76,-4.88,9.76,0,-9.76,34.16,19.52,78.08,112.24,107.36,19.52
4.88,4.88,0,-4.88,0,0,34.16,14.64,92.72,117.12,107.36,24.4
14.64,14.64,0,-14.64,4.88,4.88,39.04,24.4,112.24,122,112.24,29.28
0,9.76,9.76,-4.88,-4.88,9.76,39.04,34.16,131.76,136.64,117.12,19.52
-14.64,19.52,34.16,0,-24.4,24.4,58.56,48.8,141.52,161.04,126.88,29.28
-34.16,19.52,53.68,9.76,-43.92,34.16,82.96,58.56,141.52,165.92,126.88,29.28
-34.16,14.64,48.8,9.76,-43.92,29.28,82.96,58.56,122,165.92,126.88,24.4
-24.4,14.64,39.04,4.88,-34.16,24.4,82.96,63.44,97.6,161.04,122,24.4
-9.76,9.76,19.52,0,-14.64,14.64,73.2,34.16,63.44,126.88,97.6,14.64
24.4,9.76,-14.64,-14.64,19.52,-4.88,73.2,19.52,63.44,97.6,82.96,0
24.4,14.64,-9.76,-19.52,14.64,0,78.08,14.64,87.84,102.48,87.84,-4.88
14.64,9.76,-4.88,-9.76,9.76,0,82.96,34.16,97.6,112.24,92.72,4.88
14.64,14.64,0,-14.64,4.88,4.88,92.72,43.92,82.96,112.24,87.84,0
9.76,24.4,14.64,-14.64,-4.88,19.52,92.72,43.92,87.84,117.12,97.6,4.88
4.88,29.28,24.4,-14.64,-9.76,24.4,92.72,63.44,97.6,122,97.6,9.76
0,29.28,29.28,-14.64,-14.64,29.28,97.6,63.44,97.6,126.88,102.48,9.76
0,24.4,24.4,-9.76,-14.64,24.4,97.6,73.2,122,141.52,107.36,4.88
9.76,29.28,19.52,-19.52,-4.88,24.4,92.72,63.44,136.64,141.52,102.48,4.88
9.76,24.4,14.64,-14.64,-4.88,19.52,87.84,63.44,122,131.76,87.84,0
14.64,19.52,4.88,-14.64,4.88,9.76,73.2,63.44,102.48,126.88,87.84,0
14.64,24.4,9.76,-19.52,0,14.64,63.44,58.56,82.96,126.88,92.72,9.76
-19.52,19.52,39.04,0,-29.28,29.28,53.68,53.68,68.32,117.12,87.84,24.4
0,19.52,19.52,-9.76,-9.76,19.52,43.92,48.8,78.08,112.24,78.08,19.52
14.64,29.28,14.64,-19.52,0,19.52,43.92,63.44,112.24,122,97.6,19.52
9.76,29.28,19.52,-19.52,-4.88,24.4,43.92,68.32,107.36,122,92.72,24.4
4.88,19.52,14.64,-9.76,-4.88,14.64,29.28,58.56,97.6,117.12,92.72,29.28
4.88,14.64,9.76,-9.76,-4.88,9.76,19.52,68.32,82.96,122,97.6,34.16
9.76,9.76,0,-9.76,4.88,4.88,19.52,63.44,78.08,112.24,87.84,29.28
14.64,24.4,9.76,-19.52,0,14.64,34.16,63.44,87.84,112.24,82.96,34.16
9.76,29.28,19.52,-19.52,-4.88,24.4,39.04,73.2,87.84,107.36,82.96,29.28
0,24.4,24.4,-9.76,-14.64,24.4,48.8,73.2,92.72,112.24,78.08,34.16
0,29.28,29.28,-14.64,-14.64,29.28,53.68,73.2,102.48,112.24,78.08,34.16
-4.88,19.52,24.4,-4.88,-14.64,19.52,63.44,73.2,107.36,112.24,78.08,29.28
0,24.4,24.4,-9.76,-14.64,24.4,63.44,63.44,107.36,117.12,73.2,14.64
-4.88,24.4,29.28,-9.76,-19.52,24.4,58.56,58.56,97.6,117.12,78.08,19.52
9.76,29.28,19.52,-19.52,-4.88,24.4,43.92,39.04,82.96,107.36,68.32,14.64
24.4,24.4,0,-24.4,9.76,9.76,24.4,29.28,73.2,92.72,63.44,0
0,19.52,19.52,-9.76,-9.76,19.52,19.52,48.8,82.96,97.6,68.32,9.76
-19.52,19.52,39.04,0,-29.28,29.28,24.4,58.56,92.72,102.48,78.08,14.64
-9.76,24.4,34.16,-4.88,-24.4,29.28,9.76,48.8,87.84,97.6,82.96,14.64
14.64,24.4,9.76,-19.52,0,14.64,-9.76,29.28,78.08,92.72,68.32,-4.88
4.88,29.28,24.4,-14.64,-9.76,24.4,-14.64,39.04,87.84,97.6,63.44,0
-4.88,19.52,24.4,-4.88,-14.64,19.52,-14.64,53.68,82.96,87.84,63.44,-14.64
-4.88,24.4,29.28,-9.76,-19.52,24.4,-19.52,63.44,92.72,97.6,63.44,-14.64
0,29.28,29.28,-14.64,-14.64,29.28,-19.52,73.2,92.72,102.48,63.44,-4.88
4.88,24.4,19.52,-14.64,-9.76,19.52,-4.88,63.44,63.44,78.08,53.68,-9.76
4.88,14.64,9.76,-9.76,-4.88,9.76,0,43.92,34.16,68.32,48.8,-19.52
-4.88,9.76,14.64,0,-9.76,9.76,14.64,34.16,24.4,63.44,43.92,-9.76
0,14.64,14.64,-4.88,-9.76,14.64,24.4,14.64,14.64,58.56,34.16,-14.64
24.4,34.16,9.76,-29.28,4.88,19.52,34.16,24.4,58.56,68.32,43.92,-9.76
19.52,29.28,9.76,-24.4,4.88,19.52,34.16,29.28,78.08,53.68,34.16,-19.52
14.64,19.52,4.88,-14.64,4.88,9.76,48.8,39.04,73.2,43.92,29.28,-19.52
0,19.52,19.52,-9.76,-9.76,19.52,48.8,48.8,63.44,53.68,39.04,-19.52
0,14.64,14.64,-4.88,-9.76,14.64,48.8,39.04,48.8,53.68,29.28,-29.28
9.76,24.4,14.64,-14.64,-4.88,19.52,63.44,43.92,43.92,63.44,34.16,-24.4
9.76,29.28,19.52,-19.52,-4.88,24.4,68.32,58.56,58.56,73.2,43.92,-14.64
14.64,14.64,0,-14.64,4.88,4.88,53.68,48.8,68.32,63.44,39.04,-29.28
9.76,19.52,9.76,-14.64,0,14.64,48.8,68.32,102.48,73.2,43.92,-24.4
-9.76,24.4,34.16,-4.88,-24.4,29.28,58.56,78.08,107.36,82.96,53.68,-19.52
-24.4,24.4,48.8,0,-39.04,34.16,58.56,73.2,102.48,87.84,58.56,-14.64
0,34.16,34.16,-14.64,-19.52,34.16,53.68,68.32,97.6,78.08,48.8,-19.52
0,24.4,24.4,-9.76,-14.64,24.4,43.92,68.32,97.6,78.08,43.92,-19.52
4.88,24.4,19.52,-14.64,-9.76,19.52,24.4,58.56,87.84,63.44,34.16,-34.16
0,34.16,34.16,-14.64,-19.52,34.16,19.52,63.44,107.36,78.08,39.04,-29.28
4.88,48.8,43.92,-24.4,-19.52,43.92,34.16,87.84,112.24,87.84,39.04,-29.28
4.88,53.68,48.8,-29.28,-24.4,48.8,48.8,92.72,107.36,92.72,34.16,-29.28
0,48.8,48.8,-24.4,-24.4,48.8,48.8,78.08,82.96,82.96,39.04,-39.04
-9.76,48.8,58.56,-19.52,-34.16,53.68,53.68,68.32,73.2,78.08,39.04,-34.16
9.76,48.8,39.04,-29.28,-14.64,43.92,53.68,48.8,63.44,53.68,29.28,-43.92
4.88,43.92,39.04,-24.4,-19.52,39.04,63.44,48.8,68.32,48.8,29.28,-48.8
-4.88,43.92,48.8,-19.52,-29.28,43.92,87.84,63.44,82.96,58.56,39.04,-39.04
-9.76,39.04,48.8,-14.64,-29.28,43.92,97.6,58.56,78.08,63.44,39.04,-39.04
-4.88,39.04,43.92,-14.64,-24.4,39.04,97.6,73.2,58.56,63.44,48.8,-43.92
0,43.92,43.92,-19.52,-24.4,43.92,102.48,78.08,58.56,68.32,53.68,-43.92
9.76,43.92,34.16,-24.4,-14.64,39.04,112.24,78.08,63.44,68.32,48.8,-48.8
0,43.92,43.92,-19.52,-24.4,43.92,112.24,82.96,78.08,73.2,43.92,-58.56
9.76,48.8,39.04,-29.28,-14.64,43.92,117.12,87.84,102.48,82.96,53.68,-53.68
-4.88,34.16,39.04,-14.64,-24.4,34.16,126.88,92.72,112.24,87.84,53.68,-53.68
-4.88,39.04,43.92,-14.64,-24.4,39.04,136.64,107.36,112.24,82.96,53.68,-48.8
-9.76,39.04,48.8,-14.64,-29.28,43.92,126.88,102.48,92.72,73.2,53.68,-58.56
-9.76,39.04,48.8,-14.64,-29.28,43.92,136.64,92.72,82.96,68.32,53.68,-58.56
9.76,43.92,34.16,-24.4,-14.64,39.04,136.64,82.96,82.96,63.44,43.92,-53.68
4.88,34.16,29.28,-19.52,-14.64,29.28,146.4,82.96,82.96,58.56,48.8,-53.68
9.76,43.92,34.16,-24.4,-14.64,39.04,136.64,63.44,73.2,48.8,43.92,-63.44
9.76,53.68,43.92,-29.28,-19.52,48.8,131.76,63.44,78.08,58.56,43.92,-73.2
-4.88,39.04,43.92,-14.64,-24.4,39.04,136.64,73.2,97.6,68.32,48.8,-68.32
-4.88,39.04,43.92,-14.64,-24.4,39.04,136.64,73.2,92.72,68.32,53.68,-68.32
0,48.8,48.8,-24.4,-24.4,48.8,136.64,78.08,97.6,73.2,58.56,-48.8
9.76,48.8,39.04,-29.28,-14.64,43.92,131.76,82.96,87.84,68.32,53.68,-53.68
4.88,43.92,39.04,-24.4,-19.52,39.04,122,87.84,82.96,73.2,58.56,-48.8
-14.64,39.04,53.68,-9.76,-34.16,43.92,126.88,87.84,78.08,68.32,58.56,-43.92
-24.4,29.28,53.68,0,-39.04,39.04,117.12,73.2,87.84,73.2,63.44,-43.92
-19.52,39.04,58.56,-9.76,-39.04,48.8,117.12,92.72,107.36,82.96,78.08,-43.92
-19.52,53.68,73.2,-14.64,-48.8,63.44,107.36,102.48,117.12,87.84,78.08,-48.8
-4.88,58.56,63.44,-24.4,-34.16,58.56,107.36,112.24,112.24,82.96,73.2,-43.92
4.88,58.56,53.68,-29.28,-24.4,53.68,82.96,97.6,102.48,63.44,53.68,-53.68
0,39.04,39.04,-19.52,-19.52,39.04,82.96,92.72,107.36,63.44,53.68,-58.56
4.88,43.92,39.04,-24.4,-19.52,39.04,92.72,102.48,112.24,73.2,53.68,-58.56
4.88,43.92,39.04,-24.4,-19.52,39.04,107.36,102.48,82.96,78.08,53.68,-58.56
4.88,48.8,43.92,-24.4,-19.52,43.92,107.36,92.72,48.8,68.32,53.68,-63.44
0,53.68,53.68,-24.4,-29.28,53.68,107.36,92.72,53.68,63.44,53.68,-63.44
4.88,43.92,39.04,-24.4,-19.52,39.04,102.48,78.08,73.2,53.68,48.8,-58.56
4.88,34.16,29.28,-19.52,-14.64,29.28,112.24,87.84,92.72,58.56,53.68,-58.56
9.76,43.92,34.16,-24.4,-14.64,39.04,97.6,97.6,97.6,53.68,53.68,-63.44
-9.76,53.68,63.44,-19.52,-39.04,58.56,102.48,112.24,87.84,68.32,63.44,-53.68
0,53.68,53.68,-24.4,-29.28,53.68,87.84,112.24,107.36,73.2,68.32,-48.8
19.52,43.92,24.4,-29.28,-4.88,34.16,68.32,92.72,112.24,63.44,63.44,-63.44
14.64,48.8,34.16,-29.28,-9.76,39.04,58.56,87.84,97.6,63.44,63.44,-53.68
14.64,58.56,43.92,-34.16,-14.64,48.8,63.44,87.84,68.32,68.32,73.2,-48.8
19.52,58.56,39.04,-39.04,-9.76,48.8,43.92,82.96,53.68,58.56,53.68,-48.8
19.52,63.44,43.92,-39.04,-14.64,53.68,29.28,78.08,73.2,58.56,53.68,-53.68
14.64,58.56,43.92,-34.16,-14.64,48.8,34.16,87.84,112.24,68.32,58.56,-53.68
-4.88,58.56,63.44,-24.4,-34.16,58.56,63.44,97.6,136.64,73.2,68.32,-53.68
-9.76,63.44,73.2,-24.4,-43.92,68.32,78.08,97.6,122,68.32,73.2,-53.68
-14.64,48.8,63.44,-14.64,-39.04,53.68,97.6,97.6,102.48,63.44,68.32,-53.68
-4.88,39.04,43.92,-14.64,-24.4,39.04,107.36,107.36,112.24,68.32,68.32,-53.68
9.76,43.92,34.16,-24.4,-14.64,39.04,122,112.24,126.88,73.2,73.2,-58.56
9.76,39.04,29.28,-24.4,-9.76,34.16,117.12,102.48,122,68.32,68.32,-53.68
0,53.68,53.68,-24.4,-29.28,53.68,117.12,126.88,136.64,92.72,82.96,-39.04
-9.76,53.68,63.44,-19.52,-39.04,58.56,87.84,136.64,136.64,92.72,82.96,-34.16
9.76,43.92,34.16,-24.4,-14.64,39.04,39.04,107.36,87.84,63.44,63.44,-58.56
24.4,48.8,24.4,-34.16,0,34.16,4.88,92.72,73.2,43.92,53.68,-58.56
4.88,43.92,39.04,-24.4,-19.52,39.04,-24.4,92.72,87.84,43.92,58.56,-58.56
9.76,48.8,39.04,-29.28,-14.64,43.92,-24.4,102.48,102.48,58.56,63.44,-53.68
4.88,53.68,48.8,-29.28,-24.4,48.8,-9.76,107.36,112.24,73.2,73.2,-48.8
0,43.92,43.92,-19.52,-24.4,43.92,-9.76,107.36,112.24,78.08,73.2,-48.8
9.76,53.68,43.92,-29.28,-19.52,48.8,-14.64,92.72,107.36,78.08,68.32,-53.68
4.88,53.68,48.8,-29.28,-24.4,48.8,-4.88,112.24,107.36,92.72,73.2,-39.04
0,53.68,53.68,-24.4,-29.28,53.68,-4.88,117.12,82.96,82.96,78.08,-39.04
4.88,58.56,53.68,-29.28,-24.4,53.68,-9.76,112.24,87.84,68.32,73.2,-43.92
9.76,58.56,48.8,-34.16,-19.52,53.68,-9.76,117.12,126.88,63.44,63.44,-48.8
14.64,53.68,39.04,-34.16,-14.64,43.92,4.88,122,122,68.32,63.44,-43.92
19.52,43.92,24.4,-29.28,-4.88,34.16,9.76,102.48,97.6,63.44,58.56,-53.68
14.64,48.8,34.16,-29.28,-9.76,39.04,24.4,87.84,92.72,53.68,53.68,-58.56
4.88,63.44,58.56,-34.16,-29.28,58.56,48.8,97.6,97.6,63.44,58.56,-48.8
-9.76,63.44,73.2,-24.4,-43.92,68.32,68.32,117.12,102.48,78.08,68.32,-48.8
4.88,53.68,48.8,-29.28,-24.4,48.8,58.56,112.24,87.84,63.44,58.56,-58.56
34.16,53.68,19.52,-43.92,4.88,34.16,63.44,102.48,102.48,53.68,48.8,-58.56
24.4,43.92,19.52,-34.16,0,29.28,78.08,102.48,102.48,53.68,53.68,-58.56
-9.76,53.68,63.44,-19.52,-39.04,58.56,102.48,117.12,107.36,73.2,63.44,-58.56
-34.16,63.44,97.6,-14.64,-68.32,78.08,107.36,117.12,107.36,78.08,68.32,-53.68
-29.28,68.32,97.6,-19.52,-63.44,82.96,117.12,122,122,73.2,63.44,-58.56
0,78.08,78.08,-39.04,-39.04,78.08,117.12,117.12,136.64,73.2,63.44,-63.44
9.76,63.44,53.68,-34.16,-24.4,58.56,122,107.36,107.36,63.44,58.56,-73.2
19.52,58.56,39.04,-39.04,-9.76,48.8,122,102.48,82.96,53.68,48.8,-87.84
19.52,63.44,43.92,-39.04,-14.64,53.68,131.76,97.6,82.96,58.56,48.8,-87.84
0,63.44,63.44,-29.28,-34.16,63.44,141.52,92.72,97.6,58.56,58.56,-87.84
9.76,63.44,53.68,-34.16,-24.4,58.56,146.4,92.72,102.48,53.68,53.68,-87.84
4.88,53.68,48.8,-29.28,-24.4,48.8,151.28,102.48,107.36,48.8,53.68,-87.84
0,43.92,43.92,-19.52,-24.4,43.92,146.4,97.6,92.72,34.16,43.92,-92.72
14.64,58.56,43.92,-34.16,-14.64,48.8,141.52,78.08,53.68,9.76,29.28,-102.48
9.76,53.68,43.92,-29.28,-19.52,48.8,151.28,78.08,58.56,19.52,34.16,-92.72
-4.88,58.56,63.44,-24.4,-34.16,58.56,161.04,87.84,68.32,29.28,39.04,-97.6
-14.64,58.56,73.2,-19.52,-43.92,63.44,170.8,97.6,82.96,39.04,43.92,-92.72
-19.52,43.92,63.44,-9.76,-43.92,53.68,156.16,92.72,58.56,29.28,39.04,-97.6
-4.88,43.92,48.8,-19.52,-29.28,43.92,151.28,78.08,58.56,24.4,39.04,-92.72
0,39.04,39.04,-19.52,-19.52,39.04,131.76,43.92,58.56,24.4,29.28,-107.36
4.88,39.04,34.16,-19.52,-14.64,34.16,117.12,53.68,58.56,14.64,24.4,-112.24
19.52,43.92,24.4,-29.28,-4.88,34.16,107.36,63.44,63.44,24.4,24.4,-112.24
4.88,39.04,34.16,-19.52,-14.64,34.16,92.72,68.32,58.56,24.4,19.52,-112.24
0,39.04,39.04,-19.52,-19.52,39.04,82.96,68.32,58.56,24.4,4.88,-122
14.64,39.04,24.4,-24.4,-4.88,29.28,78.08,53.68,43.92,14.64,0,-122
9.76,43.92,34.16,-24.4,-14.64,39.04,78.08,58.56,34.16,14.64,4.88,-117.12
19.52,48.8,29.28,-34.16,-4.88,39.04,73.2,53.68,29.28,9.76,9.76,-112.24
0,39.04,39.04,-19.52,-19.52,39.04,87.84,53.68,14.64,14.64,9.76,-112.24
-9.76,39.04,48.8,-14.64,-29.28,43.92,107.36,63.44,29.28,19.52,19.52,-107.36
0,48.8,48.8,-24.4,-24.4,48.8,112.24,68.32,73.2,19.52,29.28,-112.24
0,39.04,39.04,-19.52,-19.52,39.04,102.48,58.56,92.72,9.76,24.4,-117.12
0,34.16,34.16,-14.64,-19.52,34.16,112.24,53.68,78.08,9.76,24.4,-117.12
9.76,53.68,43.92,-29.28,-19.52,48.8,122,63.44,68.32,14.64,29.28,-107.36
0,34.16,34.16,-14.64,-19.52,34.16,112.24,58.56,48.8,0,14.64,-112.24
0,29.28,29.28,-14.64,-14.64,29.28,107.36,48.8,43.92,-4.88,4.88,-117.12
4.88,39.04,34.16,-19.52,-14.64,34.16,92.72,48.8,48.8,-9.76,0,-126.88
14.64,48.8,34.16,-29.28,-9.76,39.04,87.84,39.04,39.04,-14.64,4.88,-126.88
14.64,48.8,34.16,-29.28,-9.76,39.04,78.08,48.8,19.52,-9.76,9.76,-126.88
-4.88,34.16,39.04,-14.64,-24.4,34.16,68.32,63.44,14.64,-9.76,9.76,-126.88
-4.88,39.04,43.92,-14.64,-24.4,39.04,58.56,48.8,34.16,-9.76,14.64,-131.76
14.64,43.92,29.28,-29.28,-9.76,34.16,48.8,39.04,34.16,-14.64,9.76,-131.76
0,34.16,34.16,-14.64,-19.52,34.16,53.68,58.56,34.16,-4.88,14.64,-126.88
-9.76,34.16,43.92,-9.76,-29.28,39.04,53.68,58.56,34.16,-9.76,0,-131.76
-4.88,29.28,34.16,-9.76,-19.52,29.28,58.56,39.04,34.16,-9.76,-9.76,-141.52
4.88,29.28,24.4,-14.64,-9.76,24.4,78.08,29.28,39.04,-4.88,-9.76,-126.88
-9.76,29.28,39.04,-9.76,-24.4,34.16,82.96,34.16,43.92,0,0,-126.88
-14.64,34.16,48.8,-9.76,-34.16,39.04,82.96,39.04,9.76,-14.64,-9.76,-136.64
-9.76,29.28,39.04,-9.76,-24.4,34.16,82.96,24.4,-9.76,-29.28,-19.52,-146.4
-9.76,29.28,39.04,-9.76,-24.4,34.16,82.96,29.28,29.28,-14.64,-4.88,-146.4
-24.4,24.4,48.8,0,-39.04,34.16,87.84,39.04,43.92,-14.64,4.88,-136.64
-19.52,34.16,53.68,-4.88,-39.04,43.92,97.6,39.04,39.04,-24.4,4.88,-131.76
-19.52,34.16,53.68,-4.88,-39.04,43.92,97.6,43.92,29.28,-29.28,0,-141.52
-9.76,39.04,48.8,-14.64,-29.28,43.92,87.84,43.92,29.28,-39.04,0,-146.4
-4.88,29.28,34.16,-9.76,-19.52,29.28,68.32,34.16,34.16,-34.16,-4.88,-151.28
-29.28,14.64,43.92,9.76,-39.04,29.28,68.32,39.04,29.28,-29.28,0,-141.52
-29.28,19.52,48.8,4.88,-39.04,34.16,68.32,39.04,39.04,-14.64,0,-136.64
-19.52,24.4,43.92,0,-34.16,34.16,58.56,34.16,24.4,-24.4,-9.76,-146.4
-19.52,14.64,34.16,4.88,-29.28,24.4,34.16,24.4,19.52,-43.92,-24.4,-156.16
-14.64,9.76,24.4,4.88,-19.52,14.64,19.52,9.76,9.76,-43.92,-24.4,-151.28
-9.76,4.88,14.64,4.88,-14.64,9.76,4.88,-4.88,0,-48.8,-29.28,-156.16
4.88,9.76,4.88,-4.88,0,4.88,0,0,-4.88,-53.68,-39.04,-146.4
-4.88,4.88,9.76,0,-9.76,4.88,0,4.88,-4.88,-48.8,-29.28,-141.52
-29.28,0,29.28,14.64,-29.28,14.64,-4.88,4.88,4.88,-43.92,-19.52,-136.64
-29.28,14.64,43.92,9.76,-39.04,29.28,4.88,9.76,14.64,-34.16,-19.52,-136.64
-29.28,19.52,48.8,4.88,-39.04,34.16,29.28,24.4,19.52,-24.4,-14.64,-122
-19.52,9.76,29.28,4.88,-24.4,19.52,24.4,14.64,0,-34.16,-24.4,-126.88
0,14.64,14.64,-4.88,-9.76,14.64,19.52,-4.88,-39.04,-63.44,-43.92,-151.28
0,4.88,4.88,0,-4.88,4.88,29.28,-9.76,-34.16,-63.44,-43.92,-151.28
-4.88,4.88,9.76,0,-9.76,4.88,19.52,-19.52,-24.4,-63.44,-39.04,-151.28
4.88,4.88,0,-4.88,0,0,14.64,-14.64,-34.16,-58.56,-43.92,-156.16
-4.88,9.76,14.64,0,-9.76,9.76,29.28,-9.76,-48.8,-58.56,-43.92,-146.4
-19.52,9.76,29.28,4.88,-24.4,19.52,43.92,9.76,-39.04,-53.68,-29.28,-136.64
-39.04,4.88,43.92,19.52,-43.92,24.4,53.68,14.64,-14.64,-43.92,-14.64,-126.88
-29.28,4.88,34.16,14.64,-34.16,19.52,48.8,9.76,-4.88,-43.92,-24.4,-136.64
-14.64,14.64,29.28,0,-24.4,19.52,53.68,0,0,-43.92,-29.28,-136.64
-19.52,0,19.52,9.76,-19.52,9.76,68.32,9.76,0,-29.28,-19.52,-126.88
-9.76,-4.88,4.88,9.76,-9.76,0,58.56,-14.64,-19.52,-39.04,-39.04,-141.52
0,-14.64,-14.64,9.76,4.88,-14.64,53.68,-24.4,-43.92,-53.68,-53.68,-146.4
9.76,-4.88,-14.64,0,9.76,-9.76,58.56,-19.52,-48.8,-63.44,-48.8,-131.76
9.76,9.76,0,-9.76,4.88,4.88,73.2,-4.88,-29.28,-58.56,-34.16,-112.24
-4.88,4.88,9.76,0,-9.76,4.88,78.08,-4.88,-29.28,-53.68,-34.16,-107.36
-9.76,-9.76,0,9.76,-4.88,-4.88,78.08,-9.76,-58.56,-58.56,-43.92,-102.48
0,-14.64,-14.64,9.76,4.88,-14.64,68.32,-29.28,-78.08,-68.32,-48.8,-107.36
-4.88,-4.88,0,4.88,-4.88,-4.88,68.32,-29.28,-53.68,-58.56,-43.92,-102.48
-4.88,0,4.88,4.88,-4.88,0,78.08,-9.76,-9.76,-48.8,-39.04,-92.72
14.64,14.64,0,-14.64,4.88,4.88,73.2,4.88,0,-34.16,-34.16,-102.48
9.76,4.88,-4.88,-4.88,4.88,0,73.2,9.76,0,-39.04,-39.04,-107.36
0,-4.88,-4.88,4.88,0,-4.88,63.44,4.88,-9.76,-43.92,-43.92,-107.36
-9.76,-9.76,0,9.76,-4.88,-4.88,63.44,-4.88,-24.4,-39.04,-39.04,-97.6
-19.52,-4.88,14.64,14.64,-19.52,4.88,48.8,-9.76,-43.92,-39.04,-39.04,-97.6
-24.4,4.88,29.28,9.76,-29.28,14.64,39.04,-9.76,-53.68,-43.92,-39.04,-97.6
-24.4,-14.64,9.76,19.52,-19.52,-4.88,29.28,-4.88,-39.04,-58.56,-39.04,-102.48
-19.52,-14.64,4.88,19.52,-14.64,-4.88,14.64,0,-19.52,-48.8,-29.28,-102.48
-9.76,4.88,14.64,4.88,-14.64,9.76,9.76,24.4,9.76,-24.4,-19.52,-107.36
-4.88,0,4.88,4.88,-4.88,0,14.64,58.56,63.44,19.52,9.76,-107.36
0,9.76,9.76,-4.88,-4.88,9.76,39.04,97.6,112.24,73.2,63.44,-97.6
0,24.4,24.4,-9.76,-14.64,24.4,48.8,112.24,146.4,117.12,107.36,-78.08
-4.88,34.16,39.04,-14.64,-24.4,34.16,53.68,122,170.8,165.92,161.04,-39.04
9.76,39.04,29.28,-24.4,-9.76,34.16,58.56,102.48,165.92,200.08,244,58.56
39.04,53.68,14.64,-43.92,9.76,34.16,34.16,63.44,136.64,219.6,331.84,190.32
63.44,68.32,4.88,-63.44,29.28,34.16,9.76,48.8,170.8,297.68,488,366
97.6,78.08,-19.52,-87.84,58.56,29.28,4.88,73.2,278.16,458.72,717.36,566.08
117.12,97.6,-19.52,-107.36,68.32,39.04,-14.64,107.36,405.04,668.56,1015.04,834.48
170.8,156.16,-14.64,-161.04,92.72,68.32,-43.92,136.64,570.96,922.32,1361.52,1190.72
214.72,209.84,-4.88,-209.84,107.36,102.48,-68.32,131.76,634.4,1073.6,1634.8,1532.32
229.36,248.88,19.52,-239.12,102.48,131.76,-102.48,82.96,531.92,1005.28,1742.16,1820.24
239.12,273.28,34.16,-253.76,102.48,151.28,-141.52,19.52,380.64,795.44,1693.36,2020.32
244,292.8,48.8,-268.4,97.6,170.8,-175.68,-63.44,180.56,556.32,1581.12,2166.72
229.36,336.72,107.36,-283.04,58.56,219.6,-209.84,-146.4,-14.64,326.96,1439.6,2186.24
219.6,380.64,161.04,-297.68,29.28,268.4,-244,-234.24,-229.36,97.6,1234.64,2015.44
165.92,419.68,253.76,-292.8,-43.92,336.72,-224.48,-263.52,-385.52,-97.6,980.88,1712.88
117.12,409.92,292.8,-263.52,-87.84,351.36,-165.92,-214.72,-448.96,-263.52,717.36,1288.32
87.84,283.04,195.2,-185.44,-53.68,239.12,-78.08,-122,-448.96,-409.92,419.68,736.88
24.4,136.64,112.24,-78.08,-43.92,122,48.8,39.04,-414.8,-556.32,14.64,131.76
-24.4,43.92,68.32,-9.76,-48.8,53.68,151.28,200.08,-395.28,-736.88,-434.32,-400.16
-63.44,-34.16,29.28,48.8,-48.8,-4.88,195.2,273.28,-463.6,-971.12,-907.68,-795.44
-87.84,-107.36,-19.52,97.6,-34.16,-63.44,209.84,278.16,-556.32,-1190.72,-1293.2,-1058.96
-92.72,-180.56,-87.84,136.64,-4.88,-136.64,244,292.8,-634.4,-1342,-1551.84,-1224.88
-92.72,-234.24,-141.52,165.92,24.4,-190.32,234.24,219.6,-761.28,-1478.64,-1712.88,-1302.96
-92.72,-263.52,-170.8,180.56,39.04,-219.6,195.2,53.68,-936.96,-1566.48,-1712.88,-1273.68
-97.6,-287.92,-190.32,195.2,43.92,-239.12,122,-175.68,-1117.52,-1620.16,-1649.44,-1215.12
-102.48,-307.44,-204.96,204.96,48.8,-258.64,68.32,-356.24,-1205.36,-1600.64,-1561.6,-1137.04
-117.12,-278.16,-161.04,200.08,19.52,-219.6,39.04,-458.72,-1215.12,-1522.56,-1439.6,-1039.44
-136.64,-258.64,-122,200.08,-9.76,-190.32,24.4,-473.36,-1141.92,-1410.32,-1317.6,-951.6
-117.12,-209.84,-92.72,165.92,-14.64,-151.28,29.28,-429.44,-1029.68,-1263.92,-1185.84,-863.76
-112.24,-180.56,-68.32,146.4,-24.4,-126.88,24.4,-375.76,-902.8,-1107.76,-1044.32,-771.04
-107.36,-165.92,-58.56,136.64,-24.4,-112.24,9.76,-312.32,-780.8,-951.6,-907.68,-692.96
-78.08,-141.52,-63.44,112.24,-9.76,-102.48,4.88,-244,-663.68,-814.96,-775.92,-619.76
-63.44,-126.88,-63.44,97.6,0,-97.6,0,-175.68,-551.44,-697.84,-673.44,-551.44
-58.56,-92.72,-34.16,78.08,-14.64,-63.44,14.64,-92.72,-424.56,-570.96,-556.32,-478.24
-39.04,-48.8,-9.76,43.92,-14.64,-29.28,39.04,-58.56,-336.72,-463.6,-453.84,-405.04
-29.28,-24.4,4.88,29.28,-19.52,-9.76,19.52,-87.84,-287.92,-380.64,-380.64,-351.36
-19.52,0,19.52,9.76,-19.52,9.76,24.4,-97.6,-229.36,-292.8,-297.68,-287.92
0,14.64,14.64,-4.88,-9.76,14.64,24.4,-78.08,-190.32,-229.36,-239.12,-239.12
19.52,0,-19.52,-9.76,19.52,-9.76,29.28,-58.56,-175.68,-200.08,-209.84,-224.48
14.64,0,-14.64,-4.88,14.64,-9.76,34.16,-34.16,-141.52,-180.56,-190.32,-204.96
-14.64,-9.76,4.88,14.64,-9.76,-4.88,43.92,0,-78.08,-146.4,-156.16,-185.44
-24.4,-9.76,14.64,19.52,-19.52,0,39.04,14.64,-39.04,-117.12,-122,-170.8
-19.52,0,19.52,9.76,-19.52,9.76,34.16,14.64,-39.04,-102.48,-112.24,-165.92
-9.76,-4.88,4.88,9.76,-9.76,0,24.4,0,-58.56,-107.36,-102.48,-161.04
9.76,0,-9.76,-4.88,9.76,-4.88,9.76,-14.64,-58.56,-107.36,-97.6,-151.28
4.88,0,-4.88,0,4.88,-4.88,-4.88,-29.28,-73.2,-102.48,-87.84,-131.76
-9.76,0,9.76,4.88,-9.76,4.88,-4.88,-19.52,-78.08,-92.72,-68.32,-122
0,9.76,9.76,-4.88,-4.88,9.76,0,-19.52,-58.56,-82.96,-58.56,-122
0,4.88,4.88,0,-4.88,4.88,4.88,-14.64,-19.52,-78.08,-58.56,-117.12
9.76,9.76,0,-9.76,4.88,4.88,4.88,-19.52,-14.64,-78.08,-58.56,-117.12
19.52,14.64,-4.88,-14.64,9.76,4.88,14.64,-24.4,-34.16,-73.2,-48.8,-126.88
9.76,9.76,0,-9.76,4.88,4.88,19.52,-34.16,-53.68,-63.44,-34.16,-117.12
14.64,4.88,-9.76,-9.76,9.76,-4.88,29.28,-29.28,-48.8,-53.68,-9.76,-107.36
19.52,4.88,-14.64,-9.76,14.64,-4.88,29.28,-24.4,-9.76,-48.8,4.88,-107.36
9.76,0,-9.76,-4.88,9.76,-4.88,29.28,-4.88,24.4,-34.16,14.64,-92.72
19.52,4.88,-14.64,-9.76,14.64,-4.88,24.4,4.88,34.16,-24.4,29.28,-73.2
19.52,4.88,-14.64,-9.76,14.64,-4.88,4.88,4.88,19.52,-29.28,29.28,-78.08
19.52,9.76,-9.76,-14.64,14.64,0,-4.88,-4.88,9.76,-29.28,29.28,-73.2
19.52,14.64,-4.88,-14.64,9.76,4.88,0,14.64,24.4,-19.52,34.16,-63.44
29.28,14.64,-14.64,-19.52,19.52,0,-19.52,0,19.52,-24.4,19.52,-68.32
34.16,14.64,-19.52,-24.4,24.4,-4.88,-24.4,-9.76,19.52,-19.52,19.52,-78.08
19.52,4.88,-14.64,-9.76,14.64,-4.88,-34.16,-4.88,39.04,-9.76,24.4,-78.08
19.52,-4.88,-24.4,-4.88,19.52,-14.64,-39.04,-9.76,29.28,-9.76,24.4,-82.96
34.16,9.76,-24.4,-19.52,29.28,-9.76,-14.64,-4.88,24.4,0,34.16,-78.08
24.4,9.76,-14.64,-14.64,19.52,-4.88,-4.88,9.76,34.16,4.88,48.8,-68.32
24.4,9.76,-14.64,-14.64,19.52,-4.88,-14.64,24.4,39.04,4.88,53.68,-63.44
29.28,19.52,-9.76,-24.4,19.52,4.88,-24.4,34.16,48.8,4.88,63.44,-63.44
29.28,19.52,-9.76,-24.4,19.52,4.88,-43.92,29.28,68.32,4.88,58.56,-68.32
29.28,19.52,-9.76,-24.4,19.52,4.88,-58.56,9.76,58.56,4.88,53.68,-68.32
19.52,19.52,0,-19.52,9.76,9.76,-48.8,4.88,48.8,9.76,53.68,-68.32
9.76,9.76,0,-9.76,4.88,4.88,-19.52,0,34.16,4.88,43.92,-82.96
14.64,4.88,-9.76,-9.76,9.76,-4.88,0,4.88,53.68,9.76,39.04,-78.08
29.28,9.76,-19.52,-19.52,24.4,-4.88,14.64,14.64,58.56,9.76,48.8,-68.32
34.16,14.64,-19.52,-24.4,24.4,-4.88,29.28,29.28,48.8,9.76,48.8,-73.2
34.16,9.76,-24.4,-19.52,29.28,-9.76,39.04,29.28,58.56,19.52,53.68,-63.44
29.28,19.52,-9.76,-24.4,19.52,4.88,48.8,34.16,78.08,29.28,58.56,-53.68
34.16,24.4,-9.76,-29.28,19.52,4.88,48.8,29.28,73.2,29.28,58.56,-63.44
9.76,9.76,0,-9.76,4.88,4.88,48.8,24.4,63.44,29.28,58.56,-53.68
24.4,19.52,-4.88,-19.52,14.64,4.88,39.04,9.76,29.28,9.76,34.16,-58.56
39.04,34.16,-4.88,-34.16,19.52,14.64,43.92,0,19.52,0,29.28,-68.32
19.52,29.28,9.76,-24.4,4.88,19.52,58.56,14.64,24.4,9.76,43.92,-53.68
4.88,14.64,9.76,-9.76,-4.88,9.76,78.08,24.4,53.68,34.16,58.56,-43.92
9.76,19.52,9.76,-14.64,0,14.64,92.72,24.4,73.2,43.92,68.32,-39.04
19.52,19.52,0,-19.52,9.76,9.76,92.72,14.64,73.2,48.8,68.32,-43.92
29.28,19.52,-9.76,-24.4,19.52,4.88,97.6,19.52,73.2,48.8,68.32,-39.04
39.04,9.76,-29.28,-24.4,34.16,-9.76,92.72,9.76,58.56,43.92,58.56,-43.92
43.92,4.88,-39.04,-24.4,39.04,-19.52,92.72,-4.88,34.16,34.16,53.68,-58.56
39.04,4.88,-34.16,-19.52,34.16,-14.64,92.72,-9.76,14.64,29.28,43.92,-53.68
24.4,14.64,-9.76,-19.52,14.64,0,97.6,0,19.52,19.52,39.04,-53.68
19.52,19.52,0,-19.52,9.76,9.76,82.96,-4.88,34.16,19.52,34.16,-58.56
14.64,19.52,4.88,-14.64,4.88,9.76,82.96,4.88,43.92,34.16,34.16,-48.8
9.76,9.76,0,-9.76,4.88,4.88,82.96,19.52,58.56,48.8,43.92,-34.16
19.52,14.64,-4.88,-14.64,9.76,4.88,78.08,14.64,63.44,48.8,48.8,-24.4
19.52,9.76,-9.76,-14.64,14.64,0,63.44,14.64,68.32,43.92,53.68,-24.4
14.64,4.88,-9.76,-9.76,9.76,-4.88,53.68,14.64,63.44,53.68,68.32,-19.52
19.52,4.88,-14.64,-9.76,14.64,-4.88,53.68,14.64,34.16,58.56,68.32,-19.52
9.76,4.88,-4.88,-4.88,4.88,0,48.8,0,14.64,43.92,58.56,-29.28
24.4,9.76,-14.64,-14.64,19.52,-4.88,48.8,-9.76,34.16,29.28,48.8,-29.28
39.04,9.76,-29.28,-24.4,34.16,-9.76,58.56,-9.76,39.04,24.4,43.92,-29.28
34.16,4.88,-29.28,-19.52,29.28,-14.64,58.56,-14.64,19.52,19.52,29.28,-39.04
29.28,14.64,-14.64,-19.52,19.52,0,53.68,-19.52,9.76,24.4,34.16,-39.04
24.4,19.52,-4.88,-19.52,14.64,4.88,63.44,0,34.16,43.92,48.8,-24.4
19.52,19.52,0,-19.52,9.76,9.76,73.2,14.64,78.08,63.44,73.2,-9.76
19.52,24.4,4.88,-19.52,4.88,14.64,78.08,14.64,87.84,73.2,87.84,-4.88
14.64,14.64,0,-14.64,4.88,4.88,78.08,14.64,78.08,78.08,92.72,-4.88
14.64,14.64,0,-14.64,4.88,4.88,82.96,24.4,78.08,82.96,92.72,4.88
29.28,24.4,-4.88,-24.4,14.64,9.76,82.96,24.4,68.32,78.08,97.6,4.88
48.8,24.4,-24.4,-34.16,34.16,0,58.56,-14.64,24.4,39.04,63.44,-14.64
48.8,19.52,-29.28,-34.16,39.04,-4.88,63.44,-39.04,24.4,29.28,53.68,-14.64
24.4,14.64,-9.76,-19.52,14.64,0,58.56,-34.16,29.28,29.28,48.8,-14.64
24.4,14.64,-9.76,-19.52,14.64,0,48.8,-29.28,29.28,29.28,48.8,-19.52
29.28,9.76,-19.52,-19.52,24.4,-4.88,48.8,-34.16,14.64,39.04,53.68,-9.76
34.16,9.76,-24.4,-19.52,29.28,-9.76,48.8,-39.04,-4.88,48.8,68.32,0
53.68,19.52,-34.16,-34.16,43.92,-9.76,39.04,-29.28,24.4,63.44,73.2,0
58.56,14.64,-43.92,-34.16,48.8,-14.64,34.16,-19.52,68.32,73.2,78.08,4.88
58.56,14.64,-43.92,-34.16,48.8,-14.64,39.04,-29.28,78.08,73.2,78.08,14.64
53.68,19.52,-34.16,-34.16,43.92,-9.76,34.16,-39.04,63.44,68.32,78.08,19.52
48.8,9.76,-39.04,-29.28,43.92,-14.64,29.28,-48.8,24.4,53.68,68.32,19.52
63.44,0,-63.44,-29.28,63.44,-34.16,24.4,-73.2,-14.64,29.28,48.8,9.76
68.32,19.52,-48.8,-43.92,58.56,-14.64,34.16,-53.68,19.52,29.28,68.32,24.4
63.44,24.4,-39.04,-43.92,48.8,-9.76,29.28,-48.8,39.04,39.04,68.32,19.52
63.44,34.16,-29.28,-48.8,43.92,0,19.52,-48.8,39.04,43.92,73.2,19.52
48.8,34.16,-14.64,-39.04,29.28,9.76,4.88,-39.04,63.44,63.44,82.96,24.4
39.04,24.4,-14.64,-29.28,24.4,4.88,-39.04,-43.92,68.32,68.32,82.96,24.4
48.8,29.28,-19.52,-39.04,34.16,4.88,-78.08,-34.16,63.44,68.32,87.84,29.28
48.8,39.04,-9.76,-43.92,29.28,14.64,-112.24,-24.4,48.8,73.2,97.6,43.92
48.8,43.92,-4.88,-43.92,24.4,19.52,-136.64,-34.16,39.04,68.32,97.6,48.8
63.44,43.92,-19.52,-53.68,39.04,9.76,-141.52,-43.92,53.68,58.56,92.72,43.92
63.44,39.04,-24.4,-48.8,43.92,4.88,-117.12,-53.68,48.8,53.68,82.96,48.8
73.2,43.92,-29.28,-58.56,48.8,4.88,-92.72,-68.32,14.64,39.04,73.2,48.8
68.32,39.04,-29.28,-53.68,48.8,4.88,-78.08,-82.96,-9.76,24.4,58.56,39.04
63.44,34.16,-29.28,-48.8,43.92,0,-68.32,-92.72,-19.52,14.64,53.68,39.04
73.2,39.04,-34.16,-53.68,53.68,0,-58.56,-102.48,-19.52,9.76,58.56,43.92
82.96,39.04,-43.92,-58.56,63.44,-4.88,-53.68,-131.76,-24.4,4.88,53.68,39.04
87.84,43.92,-43.92,-63.44,63.44,0,-53.68,-136.64,-19.52,-4.88,48.8,39.04
92.72,53.68,-39.04,-73.2,63.44,4.88,-48.8,-122,-19.52,0,48.8,58.56
92.72,53.68,-39.04,-73.2,63.44,4.88,-43.92,-131.76,-29.28,-9.76,48.8,63.44
92.72,68.32,-24.4,-78.08,58.56,19.52,-43.92,-122,-24.4,-9.76,53.68,68.32
87.84,63.44,-24.4,-73.2,53.68,19.52,-48.8,-122,-29.28,-19.52,43.92,73.2
78.08,68.32,-9.76,-73.2,43.92,29.28,-53.68,-126.88,-29.28,-29.28,39.04,78.08
92.72,73.2,-19.52,-82.96,53.68,24.4,-78.08,-141.52,-29.28,-29.28,39.04,68.32
97.6,68.32,-29.28,-82.96,63.44,19.52,-87.84,-146.4,-34.16,-24.4,39.04,73.2
87.84,68.32,-19.52,-78.08,53.68,24.4,-97.6,-151.28,-39.04,-19.52,39.04,82.96
102.48,73.2,-29.28,-87.84,63.44,19.52,-117.12,-161.04,-39.04,-24.4,34.16,78.08
92.72,68.32,-24.4,-78.08,58.56,19.52,-122,-156.16,-39.04,-19.52,29.28,78.08
87.84,73.2,-14.64,-78.08,48.8,29.28,-117.12,-151.28,-43.92,-24.4,29.28,87.84
97.6,82.96,-14.64,-87.84,53.68,34.16,-117.12,-165.92,-53.68,-39.04,24.4,87.84
107.36,87.84,-19.52,-97.6,63.44,34.16,-97.6,-185.44,-73.2,-53.68,14.64,82.96
117.12,92.72,-24.4,-102.48,68.32,34.16,-87.84,-190.32,-87.84,-63.44,4.88,82.96
117.12,92.72,-24.4,-102.48,68.32,34.16,-73.2,-185.44,-87.84,-82.96,-9.76,82.96
107.36,97.6,-9.76,-102.48,58.56,43.92,-53.68,-190.32,-78.08,-82.96,-4.88,78.08
97.6,92.72,-4.88,-92.72,48.8,43.92,-53.68,-200.08,-78.08,-87.84,-9.76,82.96
87.84,87.84,0,-87.84,43.92,43.92,-48.8,-190.32,-63.44,-78.08,-4.88,82.96
82.96,92.72,9.76,-87.84,34.16,48.8,-34.16,-180.56,-58.56,-68.32,-4.88,82.96
82.96,102.48,19.52,-92.72,29.28,58.56,-19.52,-180.56,-68.32,-73.2,-4.88,82.96
82.96,92.72,9.76,-87.84,34.16,48.8,-14.64,-185.44,-78.08,-73.2,-4.88,82.96
78.08,92.72,14.64,-82.96,29.28,53.68,-4.88,-190.32,-82.96,-73.2,0,82.96
87.84,92.72,4.88,-87.84,39.04,48.8,-4.88,-200.08,-102.48,-87.84,-14.64,73.2
87.84,97.6,9.76,-92.72,39.04,53.68,-4.88,-200.08,-112.24,-92.72,-19.52,73.2
102.48,97.6,-4.88,-97.6,53.68,43.92,-14.64,-209.84,-122,-92.72,-29.28,68.32
112.24,87.84,-24.4,-97.6,68.32,29.28,-9.76,-224.48,-136.64,-97.6,-34.16,58.56
107.36,87.84,-19.52,-97.6,63.44,34.16,-9.76,-209.84,-117.12,-87.84,-24.4,58.56
97.6,87.84,-9.76,-92.72,53.68,39.04,0,-195.2,-87.84,-68.32,0,78.08
82.96,82.96,0,-82.96,39.04,39.04,9.76,-190.32,-63.44,-48.8,14.64,78.08
92.72,102.48,9.76,-97.6,39.04,53.68,24.4,-156.16,-43.92,-29.28,29.28,92.72
87.84,102.48,14.64,-92.72,34.16,58.56,29.28,-151.28,-39.04,-19.52,39.04,97.6
78.08,92.72,14.64,-82.96,29.28,53.68,43.92,-131.76,-24.4,0,53.68,107.36
73.2,92.72,19.52,-82.96,24.4,53.68,53.68,-126.88,-9.76,9.76,58.56,107.36
53.68,82.96,29.28,-68.32,9.76,53.68,53.68,-117.12,-4.88,14.64,53.68,112.24
53.68,92.72,39.04,-73.2,4.88,63.44,63.44,-112.24,-14.64,19.52,53.68,107.36
63.44,97.6,34.16,-78.08,14.64,63.44,63.44,-117.12,-48.8,19.52,53.68,102.48
73.2,92.72,19.52,-82.96,24.4,53.68,63.44,-131.76,-73.2,19.52,53.68,92.72
73.2,87.84,14.64,-78.08,29.28,48.8,68.32,-122,-39.04,29.28,63.44,97.6
63.44,78.08,14.64,-68.32,24.4,43.92,73.2,-97.6,9.76,43.92,63.44,97.6
68.32,73.2,4.88,-68.32,29.28,39.04,73.2,-82.96,19.52,58.56,68.32,97.6
73.2,78.08,4.88,-73.2,34.16,39.04,73.2,-73.2,39.04,78.08,73.2,107.36
48.8,78.08,29.28,-63.44,9.76,53.68,68.32,-63.44,48.8,82.96,78.08,102.48
43.92,82.96,39.04,-63.44,0,58.56,68.32,-48.8,48.8,92.72,73.2,97.6
48.8,68.32,19.52,-58.56,14.64,43.92,53.68,-53.68,24.4,87.84,63.44,92.72
48.8,58.56,9.76,-53.68,19.52,34.16,34.16,-68.32,-9.76,82.96,53.68,82.96
53.68,58.56,4.88,-53.68,24.4,29.28,34.16,-73.2,-34.16,68.32,43.92,73.2
43.92,53.68,9.76,-48.8,14.64,29.28,34.16,-53.68,-9.76,78.08,53.68,78.08
14.64,48.8,34.16,-29.28,-9.76,39.04,43.92,-34.16,43.92,102.48,63.44,87.84
-14.64,34.16,48.8,-9.76,-34.16,39.04,63.44,-34.16,58.56,117.12,82.96,92.72
-9.76,24.4,34.16,-4.88,-24.4,29.28,58.56,-39.04,48.8,107.36,73.2,78.08
14.64,24.4,9.76,-19.52,0,14.64,68.32,-39.04,34.16,102.48,58.56,73.2
29.28,29.28,0,-29.28,14.64,14.64,78.08,-29.28,24.4,92.72,53.68,68.32
39.04,34.16,-4.88,-34.16,19.52,14.64,73.2,-34.16,-4.88,73.2,34.16,48.8
34.16,29.28,-4.88,-29.28,19.52,9.76,82.96,-29.28,4.88,68.32,24.4,43.92
24.4,24.4,0,-24.4,9.76,9.76,78.08,-34.16,19.52,68.32,9.76,34.16
24.4,34.16,9.76,-29.28,4.88,19.52,73.2,-43.92,9.76,58.56,-4.88,29.28
29.28,29.28,0,-29.28,14.64,14.64,68.32,-53.68,0,68.32,-4.88,29.28
19.52,19.52,0,-19.52,9.76,9.76,58.56,-58.56,-4.88,68.32,-4.88,29.28
14.64,14.64,0,-14.64,4.88,4.88,48.8,-48.8,-4.88,73.2,0,29.28
19.52,9.76,-9.76,-14.64,14.64,0,39.04,-39.04,0,68.32,0,34.16
24.4,9.76,-14.64,-14.64,19.52,-4.88,34.16,-34.16,4.88,73.2,9.76,39.04
14.64,19.52,4.88,-14.64,4.88,9.76,34.16,-29.28,0,73.2,9.76,48.8
4.88,14.64,9.76,-9.76,-4.88,9.76,29.28,-29.28,-4.88,82.96,9.76,43.92
9.76,24.4,14.64,-14.64,-4.88,19.52,29.28,-34.16,-9.76,78.08,-4.88,43.92
4.88,14.64,9.76,-9.76,-4.88,9.76,29.28,-48.8,-9.76,73.2,-14.64,39.04
4.88,14.64,9.76,-9.76,-4.88,9.76,34.16,-48.8,-14.64,48.8,-24.4,24.4
0,9.76,9.76,-4.88,-4.88,9.76,63.44,-43.92,-14.64,53.68,-19.52,34.16
-9.76,0,9.76,4.88,-9.76,4.88,78.08,-39.04,-24.4,53.68,-19.52,34.16
9.76,9.76,0,-9.76,4.88,4.88,87.84,-39.04,-34.16,53.68,-14.64,34.16
4.88,9.76,4.88,-4.88,0,4.88,87.84,-39.04,-34.16,53.68,-14.64,43.92
-4.88,4.88,9.76,0,-9.76,4.88,102.48,-34.16,-4.88,63.44,-9.76,58.56
4.88,14.64,9.76,-9.76,-4.88,9.76,112.24,-24.4,-9.76,58.56,-9.76,63.44
4.88,14.64,9.76,-9.76,-4.88,9.76,122,-29.28,-19.52,53.68,-14.64,58.56
0,19.52,19.52,-9.76,-9.76,19.52,126.88,-19.52,0,63.44,-14.64,58.56
4.88,19.52,14.64,-9.76,-4.88,14.64,131.76,-14.64,14.64,68.32,-14.64,53.68
9.76,19.52,9.76,-14.64,0,14.64,131.76,-14.64,14.64,68.32,-24.4,43.92
9.76,9.76,0,-9.76,4.88,4.88,131.76,-4.88,29.28,78.08,-24.4,43.92
-4.88,14.64,19.52,-4.88,-14.64,14.64,136.64,4.88,34.16,92.72,-19.52,48.8
-19.52,9.76,29.28,4.88,-24.4,19.52,136.64,0,14.64,87.84,-19.52,43.92
-14.64,14.64,29.28,0,-24.4,19.52,141.52,-9.76,-4.88,68.32,-29.28,43.92
-4.88,4.88,9.76,0,-9.76,4.88,136.64,-29.28,-19.52,63.44,-34.16,48.8
-4.88,4.88,9.76,0,-9.76,4.88,136.64,-53.68,-34.16,48.8,-39.04,43.92
-4.88,0,4.88,4.88,-4.88,0,141.52,-53.68,-39.04,53.68,-34.16,58.56
9.76,4.88,-4.88,-4.88,4.88,0,136.64,-53.68,-39.04,43.92,-48.8,43.92
14.64,0,-14.64,-4.88,14.64,-9.76,131.76,-34.16,-34.16,43.92,-58.56,43.92
14.64,4.88,-9.76,-9.76,9.76,-4.88,131.76,-24.4,-24.4,48.8,-63.44,34.16
4.88,9.76,4.88,-4.88,0,4.88,126.88,-14.64,-9.76,58.56,-53.68,39.04
-4.88,14.64,19.52,-4.88,-14.64,14.64,136.64,-4.88,9.76,78.08,-43.92,53.68
-9.76,4.88,14.64,4.88,-14.64,9.76,136.64,0,24.4,82.96,-43.92,58.56
-14.64,4.88,19.52,4.88,-19.52,9.76,146.4,14.64,39.04,87.84,-39.04,53.68
-4.88,4.88,9.76,0,-9.76,4.88,141.52,4.88,39.04,82.96,-39.04,53.68
-9.76,-4.88,4.88,9.76,-9.76,0,126.88,-14.64,4.88,68.32,-53.68,43.92
-9.76,-9.76,0,9.76,-4.88,-4.88,117.12,-19.52,-4.88,63.44,-53.68,43.92
9.76,-9.76,-19.52,0,14.64,-14.64,102.48,-29.28,-19.52,53.68,-63.44,34.16
0,-14.64,-14.64,9.76,4.88,-14.64,97.6,-19.52,0,53.68,-63.44,39.04
-4.88,0,4.88,4.88,-4.88,0,92.72,-4.88,24.4,63.44,-58.56,43.92
-4.88,0,4.88,4.88,-4.88,0,82.96,-9.76,14.64,68.32,-58.56,43.92
-4.88,-9.76,-4.88,9.76,0,-9.76,78.08,-9.76,14.64,73.2,-58.56,39.04
-4.88,-19.52,-14.64,14.64,4.88,-19.52,78.08,-14.64,-4.88,68.32,-63.44,34.16
-4.88,-24.4,-19.52,14.64,4.88,-24.4,63.44,-9.76,-4.88,68.32,-73.2,24.4
-14.64,-14.64,0,14.64,-9.76,-9.76,68.32,4.88,14.64,73.2,-63.44,34.16
-29.28,-9.76,19.52,19.52,-24.4,4.88,78.08,0,4.88,73.2,-58.56,39.04
-29.28,-19.52,9.76,24.4,-19.52,-4.88,63.44,-19.52,-29.28,58.56,-68.32,34.16
-9.76,-19.52,-9.76,14.64,0,-14.64,68.32,-29.28,-19.52,48.8,-78.08,29.28
0,-24.4,-24.4,14.64,9.76,-24.4,63.44,-29.28,19.52,39.04,-78.08,29.28
4.88,-14.64,-19.52,4.88,9.76,-19.52,63.44,-19.52,34.16,39.04,-73.2,19.52
0,-19.52,-19.52,9.76,9.76,-19.52,73.2,-14.64,24.4,58.56,-58.56,29.28
-9.76,-19.52,-9.76,14.64,0,-14.64,58.56,-14.64,14.64,58.56,-63.44,24.4
0,-19.52,-19.52,9.76,9.76,-19.52,53.68,0,24.4,63.44,-53.68,34.16
4.88,-24.4,-29.28,9.76,14.64,-29.28,43.92,9.76,48.8,73.2,-53.68,29.28
-9.76,-29.28,-19.52,19.52,4.88,-24.4,48.8,14.64,53.68,82.96,-43.92,34.16
4.88,-14.64,-19.52,4.88,9.76,-19.52,48.8,9.76,43.92,82.96,-39.04,39.04
4.88,-19.52,-24.4,9.76,14.64,-24.4,29.28,-4.88,29.28,68.32,-68.32,19.52
0,-24.4,-24.4,14.64,9.76,-24.4,34.16,0,29.28,68.32,-73.2,19.52
4.88,-34.16,-39.04,14.64,19.52,-39.04,48.8,4.88,9.76,68.32,-73.2,19.52
4.88,-19.52,-24.4,9.76,14.64,-24.4,48.8,9.76,-14.64,68.32,-63.44,19.52
4.88,-19.52,-24.4,9.76,14.64,-24.4,34.16,14.64,-4.88,78.08,-58.56,24.4
-19.52,-24.4,-4.88,24.4,-9.76,-14.64,14.64,24.4,43.92,97.6,-43.92,39.04
-43.92,-29.28,14.64,39.04,-29.28,-9.76,-4.88,19.52,53.68,107.36,-39.04,39.04
-34.16,-19.52,14.64,29.28,-24.4,-4.88,29.28,9.76,63.44,117.12,-34.16,43.92
-14.64,-24.4,-9.76,19.52,-4.88,-19.52,53.68,-9.76,58.56,117.12,-43.92,43.92
0,-24.4,-24.4,14.64,9.76,-24.4,63.44,-14.64,39.04,97.6,-58.56,34.16
4.88,-19.52,-24.4,9.76,14.64,-24.4,78.08,-24.4,14.64,78.08,-68.32,29.28
9.76,-19.52,-29.28,4.88,19.52,-24.4,63.44,-29.28,-14.64,63.44,-82.96,19.52
19.52,-19.52,-39.04,0,29.28,-29.28,53.68,-34.16,-19.52,53.68,-92.72,14.64
19.52,-24.4,-43.92,4.88,29.28,-34.16,63.44,-24.4,-4.88,58.56,-82.96,14.64
9.76,-39.04,-48.8,14.64,29.28,-43.92,48.8,-34.16,0,63.44,-82.96,14.64
0,-43.92,-43.92,24.4,19.52,-43.92,58.56,-19.52,34.16,78.08,-63.44,24.4
4.88,-39.04,-43.92,19.52,24.4,-43.92,63.44,-29.28,29.28,73.2,-68.32,14.64
9.76,-34.16,-43.92,14.64,24.4,-39.04,58.56,-29.28,24.4,78.08,-68.32,9.76
14.64,-39.04,-53.68,14.64,34.16,-48.8,63.44,-9.76,29.28,87.84,-58.56,19.52
9.76,-39.04,-48.8,14.64,29.28,-43.92,58.56,-9.76,24.4,73.2,-63.44,14.64
9.76,-34.16,-43.92,14.64,24.4,-39.04,58.56,-24.4,24.4,73.2,-68.32,14.64
0,-39.04,-39.04,19.52,19.52,-39.04,68.32,-29.28,19.52,73.2,-73.2,14.64
-4.88,-43.92,-39.04,24.4,14.64,-43.92,68.32,-29.28,19.52,73.2,-73.2,19.52
0,-29.28,-29.28,14.64,14.64,-29.28,63.44,-24.4,9.76,63.44,-78.08,4.88
-9.76,-48.8,-39.04,29.28,14.64,-43.92,63.44,-29.28,0,68.32,-82.96,4.88
-4.88,-48.8,-43.92,29.28,19.52,-48.8,68.32,-29.28,-9.76,63.44,-82.96,4.88
14.64,-34.16,-48.8,9.76,29.28,-43.92,68.32,-19.52,19.52,68.32,-73.2,14.64
4.88,-39.04,-43.92,19.52,24.4,-43.92,73.2,0,53.68,82.96,-58.56,24.4
-4.88,-39.04,-34.16,24.4,14.64,-39.04,68.32,14.64,53.68,92.72,-53.68,34.16
-14.64,-43.92,-29.28,29.28,4.88,-39.04,63.44,14.64,39.04,87.84,-53.68,29.28
-14.64,-43.92,-29.28,29.28,4.88,-39.04,48.8,0,14.64,73.2,-68.32,24.4
9.76,-29.28,-39.04,9.76,24.4,-34.16,29.28,-19.52,-19.52,48.8,-78.08,24.4
14.64,-29.28,-43.92,9.76,29.28,-39.04,4.88,-43.92,-39.04,29.28,-92.72,9.76
9.76,-34.16,-43.92,14.64,24.4,-39.04,-4.88,-34.16,-19.52,39.04,-87.84,9.76
4.88,-29.28,-34.16,14.64,19.52,-34.16,-9.76,-19.52,4.88,48.8,-82.96,9.76
0,-39.04,-39.04,19.52,19.52,-39.04,4.88,-4.88,14.64,53.68,-78.08,9.76
4.88,-29.28,-34.16,14.64,19.52,-34.16,24.4,0,14.64,58.56,-73.2,19.52
-4.88,-39.04,-34.16,24.4,14.64,-39.04,29.28,-9.76,0,58.56,-68.32,14.64
-4.88,-43.92,-39.04,24.4,14.64,-43.92,34.16,-34.16,-9.76,48.8,-73.2,19.52
-9.76,-48.8,-39.04,29.28,14.64,-43.92,39.04,-43.92,-9.76,43.92,-68.32,19.52
-24.4,-43.92,-19.52,34.16,-4.88,-34.16,48.8,-29.28,9.76,63.44,-63.44,34.16
-9.76,-24.4,-14.64,19.52,0,-19.52,53.68,-19.52,14.64,63.44,-68.32,29.28
-19.52,-24.4,-4.88,24.4,-9.76,-14.64,58.56,-14.64,24.4,63.44,-68.32,34.16
-24.4,-24.4,0,24.4,-14.64,-14.64,58.56,-14.64,24.4,68.32,-73.2,24.4
-14.64,-24.4,-9.76,19.52,-4.88,-19.52,68.32,-9.76,34.16,73.2,-73.2,29.28
-14.64,-34.16,-19.52,24.4,0,-29.28,53.68,-19.52,14.64,63.44,-78.08,19.52
0,-34.16,-34.16,19.52,14.64,-34.16,39.04,-34.16,-14.64,53.68,-92.72,9.76
4.88,-24.4,-29.28,9.76,14.64,-29.28,39.04,-24.4,-4.88,63.44,-82.96,9.76
-14.64,-29.28,-14.64,24.4,0,-24.4,34.16,-14.64,19.52,68.32,-73.2,19.52
-19.52,-34.16,-14.64,29.28,-4.88,-24.4,29.28,-14.64,24.4,68.32,-78.08,14.64
-4.88,-24.4,-19.52,14.64,4.88,-24.4,19.52,-24.4,9.76,53.68,-92.72,0
-4.88,-24.4,-19.52,14.64,4.88,-24.4,14.64,-29.28,-4.88,48.8,-102.48,-9.76
0,-24.4,-24.4,14.64,9.76,-24.4,4.88,-34.16,9.76,43.92,-97.6,-9.76
9.76,-14.64,-24.4,4.88,14.64,-19.52,24.4,-29.28,34.16,53.68,-92.72,-14.64
-9.76,-14.64,-4.88,14.64,-4.88,-9.76,53.68,0,53.68,73.2,-78.08,0
-24.4,-19.52,4.88,24.4,-14.64,-9.76,78.08,14.64,48.8,87.84,-68.32,4.88
-24.4,-34.16,-9.76,29.28,-9.76,-24.4,87.84,14.64,14.64,68.32,-78.08,0
-19.52,-29.28,-9.76,24.4,-4.88,-19.52,92.72,4.88,0,58.56,-82.96,-4.88
-19.52,-29.28,-9.76,24.4,-4.88,-19.52,92.72,-14.64,4.88,53.68,-73.2,4.88
-19.52,-29.28,-9.76,24.4,-4.88,-19.52,92.72,-24.4,14.64,53.68,-82.96,0
-14.64,-24.4,-9.76,19.52,-4.88,-19.52,102.48,-19.52,29.28,58.56,-82.96,4.88
-14.64,-24.4,-9.76,19.52,-4.88,-19.52,107.36,-14.64,14.64,63.44,-82.96,4.88
-14.64,-24.4,-9.76,19.52,-4.88,-19.52,112.24,-4.88,-9.76,63.44,-82.96,9.76
0,-14.64,-14.64,9.76,4.88,-14.64,107.36,-4.88,-24.4,58.56,-92.72,0
0,-19.52,-19.52,9.76,9.76,-19.52,107.36,4.88,-4.88,58.56,-87.84,0
4.88,-19.52,-24.4,9.76,14.64,-24.4,107.36,14.64,14.64,58.56,-87.84,0
0,-19.52,-19.52,9.76,9.76,-19.52,102.48,4.88,19.52,48.8,-87.84,9.76
-4.88,-24.4,-19.52,14.64,4.88,-24.4,107.36,4.88,24.4,58.56,-82.96,14.64
-4.88,-29.28,-24.4,19.52,9.76,-29.28,122,9.76,19.52,63.44,-78.08,24.4
-4.88,-34.16,-29.28,19.52,9.76,-34.16,117.12,14.64,0,48.8,-92.72,14.64
-4.88,-34.16,-29.28,19.52,9.76,-34.16,102.48,9.76,-19.52,39.04,-102.48,9.76
0,-29.28,-29.28,14.64,14.64,-29.28,92.72,0,0,43.92,-102.48,9.76
9.76,-34.16,-43.92,14.64,24.4,-39.04,87.84,-9.76,19.52,48.8,-107.36,4.88
14.64,-24.4,-39.04,4.88,24.4,-34.16,87.84,0,14.64,53.68,-112.24,0
-19.52,-34.16,-14.64,29.28,-4.88,-24.4,102.48,9.76,0,58.56,-107.36,14.64
-48.8,-43.92,4.88,48.8,-29.28,-19.52,102.48,29.28,9.76,58.56,-97.6,24.4
-34.16,-39.04,-4.88,39.04,-14.64,-24.4,97.6,34.16,29.28,63.44,-82.96,29.28
-29.28,-43.92,-14.64,39.04,-9.76,-29.28,97.6,48.8,53.68,73.2,-73.2,29.28
-14.64,-48.8,-34.16,34.16,9.76,-43.92,82.96,48.8,48.8,58.56,-82.96,19.52
-4.88,-53.68,-48.8,29.28,19.52,-53.68,73.2,34.16,34.16,53.68,-97.6,9.76
0,-53.68,-53.68,29.28,24.4,-53.68,63.44,14.64,14.64,39.04,-107.36,0
9.76,-39.04,-48.8,14.64,29.28,-43.92,63.44,19.52,14.64,39.04,-107.36,0
-9.76,-39.04,-29.28,24.4,9.76,-34.16,58.56,24.4,14.64,39.04,-102.48,0
-19.52,-39.04,-19.52,29.28,0,-29.28,48.8,19.52,14.64,43.92,-102.48,-14.64
-9.76,-43.92,-34.16,29.28,9.76,-39.04,48.8,14.64,14.64,43.92,-102.48,-14.64
-9.76,-43.92,-34.16,29.28,9.76,-39.04,43.92,4.88,19.52,48.8,-97.6,-14.64
0,-34.16,-34.16,19.52,14.64,-34.16,39.04,4.88,24.4,53.68,-87.84,-9.76
14.64,-4.88,-19.52,-4.88,14.64,-14.64,39.04,24.4,34.16,63.44,-78.08,-4.88
0,-29.28,-29.28,14.64,14.64,-29.28,48.8,29.28,29.28,53.68,-73.2,0
0,-24.4,-24.4,14.64,9.76,-24.4,53.68,9.76,-4.88,34.16,-82.96,-4.88
-4.88,-29.28,-24.4,19.52,9.76,-29.28,53.68,4.88,-9.76,24.4,-92.72,-14.64
-4.88,-29.28,-24.4,19.52,9.76,-29.28,58.56,19.52,0,29.28,-92.72,-14.64
-9.76,-29.28,-19.52,19.52,4.88,-24.4,73.2,29.28,0,34.16,-87.84,-4.88
-9.76,-34.16,-24.4,24.4,4.88,-29.28,63.44,19.52,-9.76,43.92,-78.08,0
-9.76,-43.92,-34.16,29.28,9.76,-39.04,58.56,4.88,-14.64,43.92,-82.96,0
-4.88,-43.92,-39.04,24.4,14.64,-43.92,48.8,-9.76,-19.52,29.28,-92.72,-9.76
-9.76,-48.8,-39.04,29.28,14.64,-43.92,39.04,0,-9.76,29.28,-87.84,-4.88
-4.88,-43.92,-39.04,24.4,14.64,-43.92,29.28,9.76,0,39.04,-78.08,-9.76
-9.76,-39.04,-29.28,24.4,9.76,-34.16,24.4,29.28,14.64,43.92,-73.2,-4.88
-19.52,-34.16,-14.64,29.28,-4.88,-24.4,4.88,24.4,19.52,48.8,-68.32,4.88
-34.16,-29.28,4.88,34.16,-19.52,-14.64,0,39.04,29.28,58.56,-63.44,14.64
-29.28,-39.04,-9.76,34.16,-9.76,-24.4,0,29.28,24.4,48.8,-73.2,0
-19.52,-39.04,-19.52,29.28,0,-29.28,-9.76,19.52,19.52,39.04,-82.96,-9.76
-19.52,-39.04,-19.52,29.28,0,-29.28,4.88,19.52,9.76,39.04,-87.84,-19.52
-29.28,-39.04,-9.76,34.16,-9.76,-24.4,24.4,14.64,4.88,29.28,-102.48,-24.4
-29.28,-34.16,-4.88,34.16,-14.64,-19.52,43.92,24.4,4.88,48.8,-87.84,-19.52
-24.4,-34.16,-9.76,29.28,-9.76,-24.4,63.44,29.28,0,48.8,-82.96,-14.64
-14.64,-39.04,-24.4,29.28,4.88,-34.16,68.32,14.64,-19.52,43.92,-78.08,-9.76
-19.52,-43.92,-24.4,34.16,0,-34.16,82.96,9.76,14.64,39.04,-78.08,-4.88
-24.4,-43.92,-19.52,34.16,-4.88,-34.16,82.96,9.76,29.28,34.16,-82.96,-9.76
-29.28,-34.16,-4.88,34.16,-14.64,-19.52,97.6,19.52,24.4,34.16,-82.96,-9.76
-19.52,-43.92,-24.4,34.16,0,-34.16,102.48,19.52,9.76,39.04,-78.08,-9.76
-14.64,-39.04,-24.4,29.28,4.88,-34.16,97.6,4.88,-19.52,24.4,-97.6,-24.4
-9.76,-39.04,-29.28,24.4,9.76,-34.16,92.72,4.88,-14.64,14.64,-102.48,-24.4
-14.64,-48.8,-34.16,34.16,9.76,-43.92,97.6,9.76,0,14.64,-107.36,-34.16
-14.64,-53.68,-39.04,34.16,9.76,-48.8,102.48,14.64,-4.88,19.52,-102.48,-29.28
-14.64,-53.68,-39.04,34.16,9.76,-48.8,97.6,19.52,-4.88,29.28,-87.84,-24.4
-29.28,-58.56,-29.28,43.92,0,-43.92,82.96,19.52,-4.88,29.28,-82.96,-19.52
-43.92,-63.44,-19.52,53.68,-14.64,-43.92,87.84,34.16,29.28,39.04,-78.08,-14.64
-24.4,-53.68,-29.28,39.04,0,-43.92,78.08,19.52,19.52,34.16,-87.84,-24.4
-29.28,-53.68,-24.4,43.92,-4.88,-39.04,63.44,0,0,19.52,-87.84,-34.16
-34.16,-58.56,-24.4,48.8,-4.88,-43.92,63.44,4.88,0,19.52,-87.84,-34.16
-43.92,-63.44,-19.52,53.68,-14.64,-43.92,48.8,0,-19.52,9.76,-97.6,-43.92
-43.92,-58.56,-14.64,53.68,-14.64,-39.04,14.64,-24.4,-43.92,0,-107.36,-63.44
-19.52,-34.16,-14.64,29.28,-4.88,-24.4,4.88,-9.76,-24.4,19.52,-92.72,-48.8
-29.28,-34.16,-4.88,34.16,-14.64,-19.52,-14.64,4.88,-19.52,34.16,-82.96,-43.92
-39.04,-34.16,4.88,39.04,-24.4,-14.64,-24.4,-4.88,-24.4,29.28,-87.84,-48.8
-24.4,-48.8,-24.4,39.04,0,-39.04,-9.76,-24.4,-29.28,19.52,-97.6,-53.68
-34.16,-53.68,-19.52,43.92,-9.76,-39.04,9.76,-19.52,-14.64,14.64,-92.72,-53.68
-19.52,-39.04,-19.52,29.28,0,-29.28,29.28,-9.76,-9.76,14.64,-82.96,-58.56
-19.52,-29.28,-9.76,24.4,-4.88,-19.52,34.16,0,4.88,19.52,-82.96,-53.68
-19.52,-29.28,-9.76,24.4,-4.88,-19.52,39.04,9.76,19.52,29.28,-87.84,-58.56
-24.4,-39.04,-14.64,34.16,-4.88,-29.28,29.28,4.88,19.52,34.16,-87.84,-68.32
-24.4,-39.04,-14.64,34.16,-4.88,-29.28,4.88,-14.64,-4.88,19.52,-102.48,-82.96
-19.52,-34.16,-14.64,29.28,-4.88,-24.4,9.76,-24.4,-14.64,19.52,-112.24,-82.96
-14.64,-29.28,-14.64,24.4,0,-24.4,9.76,-19.52,-34.16,9.76,-117.12,-87.84
-19.52,-39.04,-19.52,29.28,0,-29.28,4.88,-14.64,-43.92,-4.88,-112.24,-92.72
-19.52,-43.92,-24.4,34.16,0,-34.16,-4.88,-14.64,-58.56,-9.76,-102.48,-92.72
-24.4,-48.8,-24.4,39.04,0,-39.04,-14.64,-29.28,-78.08,-9.76,-97.6,-97.6
-24.4,-39.04,-14.64,34.16,-4.88,-29.28,-4.88,-24.4,-48.8,0,-92.72,-87.84
-29.28,-34.16,-4.88,34.16,-14.64,-19.52,9.76,-19.52,-9.76,9.76,-87.84,-78.08
-48.8,-29.28,19.52,39.04,-34.16,-4.88,29.28,-14.64,-4.88,14.64,-87.84,-78.08
-53.68,-29.28,24.4,43.92,-39.04,-4.88,29.28,4.88,-19.52,0,-82.96,-82.96
-43.92,-34.16,9.76,39.04,-29.28,-14.64,29.28,0,-14.64,0,-87.84,-87.84
-34.16,-29.28,4.88,34.16,-19.52,-14.64,34.16,-4.88,4.88,4.88,-78.08,-92.72
-14.64,-14.64,0,14.64,-9.76,-9.76,34.16,0,0,4.88,-87.84,-102.48
-9.76,-19.52,-9.76,14.64,0,-14.64,34.16,0,-4.88,4.88,-87.84,-87.84
-9.76,-24.4,-14.64,19.52,0,-19.52,43.92,9.76,0,14.64,-73.2,-73.2
-24.4,-39.04,-14.64,34.16,-4.88,-29.28,53.68,14.64,-4.88,19.52,-68.32,-53.68
-39.04,-43.92,-4.88,43.92,-19.52,-24.4,43.92,9.76,-14.64,19.52,-78.08,-48.8
-24.4,-34.16,-9.76,29.28,-9.76,-24.4,34.16,4.88,-19.52,9.76,-82.96,-43.92
-24.4,-34.16,-9.76,29.28,-9.76,-24.4,29.28,0,-24.4,4.88,-82.96,-39.04
-43.92,-43.92,0,43.92,-24.4,-24.4,14.64,0,-29.28,4.88,-78.08,-34.16
-34.16,-34.16,0,34.16,-19.52,-19.52,0,4.88,-19.52,14.64,-78.08,-29.28
-29.28,-29.28,0,29.28,-14.64,-14.64,-9.76,9.76,-14.64,14.64,-73.2,-24.4
-34.16,-29.28,4.88,34.16,-19.52,-14.64,-4.88,19.52,14.64,19.52,-63.44,-9.76
-34.16,-34.16,0,34.16,-19.52,-19.52,-4.88,14.64,24.4,14.64,-63.44,-9.76
-4.88,-39.04,-34.16,24.4,14.64,-39.04,-9.76,-4.88,-9.76,-4.88,-82.96,-24.4
9.76,-34.16,-43.92,14.64,24.4,-39.04,4.88,-14.64,-58.56,-9.76,-87.84,-24.4
-9.76,-39.04,-29.28,24.4,9.76,-34.16,14.64,-19.52,-78.08,-9.76,-82.96,-24.4
-14.64,-34.16,-19.52,24.4,0,-29.28,19.52,-24.4,-58.56,-9.76,-82.96,-14.64
-14.64,-29.28,-14.64,24.4,0,-24.4,29.28,-14.64,-29.28,-9.76,-82.96,-19.52
-14.64,-29.28,-14.64,24.4,0,-24.4,34.16,-9.76,-14.64,0,-82.96,-14.64
-14.64,-29.28,-14.64,24.4,0,-24.4,43.92,-4.88,-9.76,4.88,-78.08,-14.64
-19.52,-24.4,-4.88,24.4,-9.76,-14.64,63.44,9.76,14.64,14.64,-73.2,-9.76
-29.28,-19.52,9.76,24.4,-19.52,-4.88,78.08,24.4,39.04,29.28,-68.32,-4.88
-29.28,-9.76,19.52,19.52,-24.4,4.88,82.96,24.4,29.28,34.16,-58.56,4.88
-34.16,-4.88,29.28,19.52,-34.16,9.76,102.48,24.4,4.88,34.16,-53.68,4.88
-29.28,-24.4,4.88,29.28,-19.52,-9.76,92.72,4.88,-39.04,19.52,-58.56,4.88
-9.76,-29.28,-19.52,19.52,4.88,-24.4,78.08,-14.64,-43.92,0,-58.56,0
-14.64,-34.16,-19.52,24.4,0,-29.28,68.32,-19.52,-29.28,-4.88,-63.44,4.88
-9.76,-43.92,-34.16,29.28,9.76,-39.04,63.44,-9.76,-14.64,-4.88,-73.2,0
-14.64,-39.04,-24.4,29.28,4.88,-34.16,58.56,-4.88,-29.28,0,-73.2,4.88
-29.28,-53.68,-24.4,43.92,-4.88,-39.04,53.68,-4.88,-29.28,0,-78.08,0
-34.16,-48.8,-14.64,43.92,-9.76,-34.16,39.04,-9.76,-29.28,-4.88,-82.96,-14.64
-24.4,-34.16,-9.76,29.28,-9.76,-24.4,43.92,-9.76,-24.4,4.88,-78.08,-9.76
-9.76,-24.4,-14.64,19.52,0,-19.52,43.92,0,-19.52,9.76,-63.44,4.88
-9.76,-19.52,-9.76,14.64,0,-14.64,39.04,4.88,-14.64,4.88,-68.32,4.88
-9.76,-24.4,-14.64,19.52,0,-19.52,39.04,14.64,0,4.88,-58.56,9.76
-14.64,-39.04,-24.4,29.28,4.88,-34.16,39.04,24.4,4.88,14.64,-53.68,4.88
-19.52,-34.16,-14.64,29.28,-4.88,-24.4,39.04,29.28,4.88,19.52,-48.8,14.64
-19.52,-29.28,-9.76,24.4,-4.88,-19.52,29.28,14.64,-4.88,4.88,-63.44,-4.88
-14.64,-34.16,-19.52,24.4,0,-29.28,24.4,19.52,4.88,9.76,-68.32,-4.88
-29.28,-48.8,-19.52,39.04,-4.88,-34.16,24.4,9.76,0,9.76,-58.56,0
-19.52,-53.68,-34.16,39.04,4.88,-43.92,24.4,4.88,-4.88,9.76,-58.56,4.88
-24.4,-53.68,-29.28,39.04,0,-43.92,24.4,9.76,-4.88,14.64,-68.32,4.88
-39.04,-53.68,-14.64,48.8,-14.64,-34.16,19.52,9.76,-4.88,9.76,-63.44,0
-34.16,-58.56,-24.4,48.8,-4.88,-43.92,14.64,9.76,-9.76,9.76,-63.44,0
-39.04,-48.8,-9.76,43.92,-14.64,-29.28,14.64,19.52,-4.88,14.64,-53.68,9.76
-34.16,-43.92,-9.76,39.04,-14.64,-29.28,4.88,14.64,-19.52,9.76,-58.56,4.88
-24.4,-29.28,-4.88,29.28,-9.76,-19.52,-4.88,4.88,-24.4,4.88,-53.68,9.76
-29.28,-43.92,-14.64,39.04,-9.76,-29.28,-9.76,-4.88,-24.4,0,-58.56,14.64
-29.28,-48.8,-19.52,39.04,-4.88,-34.16,-24.4,-9.76,-24.4,-4.88,-58.56,9.76
-24.4,-43.92,-19.52,34.16,-4.88,-34.16,-39.04,-9.76,-24.4,-4.88,-63.44,4.88
-29.28,-53.68,-24.4,43.92,-4.88,-39.04,-39.04,-14.64,-29.28,-4.88,-68.32,0
-19.52,-53.68,-34.16,39.04,4.88,-43.92,-29.28,-14.64,-24.4,0,-73.2,-4.88
-29.28,-53.68,-24.4,43.92,-4.88,-39.04,-19.52,-9.76,-19.52,0,-63.44,0
-24.4,-63.44,-39.04,43.92,4.88,-53.68,-24.4,-24.4,-34.16,-19.52,-78.08,-4.88
-19.52,-58.56,-39.04,39.04,9.76,-48.8,-14.64,-19.52,-29.28,-9.76,-78.08,0
-24.4,-48.8,-24.4,39.04,0,-39.04,-9.76,-14.64,-34.16,0,-68.32,4.88
-29.28,-43.92,-14.64,39.04,-9.76,-29.28,-14.64,-24.4,-68.32,-14.64,-73.2,-4.88
-29.28,-43.92,-14.64,39.04,-9.76,-29.28,-9.76,-24.4,-68.32,-14.64,-73.2,4.88
-39.04,-43.92,-4.88,43.92,-19.52,-24.4,-24.4,-19.52,-43.92,-9.76,-73.2,0
-29.28,-34.16,-4.88,34.16,-14.64,-19.52,-39.04,-14.64,-43.92,-4.88,-73.2,-4.88
-24.4,-34.16,-9.76,29.28,-9.76,-24.4,-48.8,-24.4,-48.8,4.88,-68.32,4.88
-24.4,-34.16,-9.76,29.28,-9.76,-24.4,-58.56,-34.16,-39.04,0,-78.08,0
-19.52,-39.04,-19.52,29.28,0,-29.28,-68.32,-19.52,-4.88,-4.88,-68.32,0
-14.64,-48.8,-34.16,34.16,9.76,-43.92,-73.2,-4.88,14.64,-4.88,-68.32,-4.88
-29.28,-43.92,-14.64,39.04,-9.76,-29.28,-73.2,14.64,39.04,19.52,-48.8,-4.88
-29.28,-39.04,-9.76,34.16,-9.76,-24.4,-73.2,14.64,53.68,29.28,-48.8,-4.88
-48.8,-39.04,9.76,43.92,-29.28,-14.64,-43.92,9.76,58.56,39.04,-39.04,4.88
-82.96,-43.92,39.04,63.44,-63.44,-4.88,-29.28,4.88,39.04,39.04,-34.16,14.64
-58.56,-48.8,9.76,53.68,-34.16,-19.52,-19.52,-19.52,-14.64,19.52,-43.92,9.76
-19.52,-39.04,-19.52,29.28,0,-29.28,-14.64,-34.16,-34.16,0,-58.56,4.88
-9.76,-39.04,-29.28,24.4,9.76,-34.16,-14.64,-34.16,-34.16,-24.4,-68.32,4.88
-24.4,-43.92,-19.52,34.16,-4.88,-34.16,-4.88,-24.4,-24.4,-19.52,-63.44,4.88
-58.56,-48.8,9.76,53.68,-34.16,-19.52,14.64,-14.64,-9.76,0,-48.8,14.64
-73.2,-34.16,39.04,53.68,-58.56,0,34.16,-9.76,0,14.64,-43.92,19.52
-58.56,-29.28,29.28,43.92,-43.92,0,29.28,-14.64,-14.64,9.76,-53.68,14.64
-29.28,-34.16,-4.88,34.16,-14.64,-19.52,24.4,-19.52,-48.8,-9.76,-63.44,9.76
-14.64,-29.28,-14.64,24.4,0,-24.4,19.52,-29.28,-73.2,-34.16,-68.32,4.88
-19.52,-29.28,-9.76,24.4,-4.88,-19.52,14.64,-29.28,-48.8,-34.16,-63.44,0
-29.28,-14.64,14.64,24.4,-24.4,0,14.64,-24.4,-24.4,-19.52,-53.68,0
-24.4,-14.64,9.76,19.52,-19.52,-4.88,-4.88,-29.28,-39.04,-29.28,-63.44,-9.76
-14.64,-19.52,-4.88,19.52,-4.88,-14.64,-9.76,-29.28,-29.28,-19.52,-58.56,-4.88
-14.64,-19.52,-4.88,19.52,-4.88,-14.64,-4.88,-19.52,-9.76,-4.88,-43.92,4.88
-24.4,-24.4,0,24.4,-14.64,-14.64,-4.88,-29.28,-14.64,-9.76,-48.8,4.88
-24.4,-24.4,0,24.4,-14.64,-14.64,-9.76,-39.04,-19.52,-4.88,-48.8,4.88
-24.4,-34.16,-9.76,29.28,-9.76,-24.4,-29.28,-34.16,-19.52,-9.76,-48.8,4.88
-29.28,-43.92,-14.64,39.04,-9.76,-29.28,-48.8,-19.52,-29.28,-24.4,-53.68,4.88
-29.28,-39.04,-9.76,34.16,-9.76,-24.4,-73.2,-19.52,-29.28,-34.16,-53.68,-4.88
-34.16,-34.16,0,34.16,-19.52,-19.52,-92.72,-24.4,-29.28,-29.28,-53.68,-4.88
-24.4,-39.04,-14.64,34.16,-4.88,-29.28,-117.12,-19.52,-29.28,-24.4,-53.68,-4.88
-19.52,-34.16,-14.64,29.28,-4.88,-24.4,-141.52,-24.4,-34.16,-29.28,-63.44,-14.64
-24.4,-29.28,-4.88,29.28,-9.76,-19.52,-151.28,-19.52,-19.52,-19.52,-58.56,-9.76
-29.28,-19.52,9.76,24.4,-19.52,-4.88,-165.92,0,4.88,-4.88,-43.92,0
-29.28,-19.52,9.76,24.4,-19.52,-4.88,-165.92,-4.88,-4.88,-4.88,-39.04,4.88
-24.4,-29.28,-4.88,29.28,-9.76,-19.52,-136.64,-14.64,-29.28,-14.64,-43.92,0
-14.64,-19.52,-4.88,19.52,-4.88,-14.64,-102.48,-14.64,-29.28,-14.64,-43.92,9.76
-14.64,-19.52,-4.88,19.52,-4.88,-14.64,-87.84,-9.76,-24.4,-19.52,-43.92,4.88
-24.4,-19.52,4.88,24.4,-14.64,-9.76,-68.32,-4.88,-24.4,-19.52,-39.04,14.64
-34.16,-14.64,19.52,24.4,-29.28,0,-58.56,0,-24.4,-29.28,-43.92,9.76
-43.92,-24.4,19.52,34.16,-34.16,-4.88,-53.68,-9.76,-29.28,-29.28,-48.8,14.64
-34.16,-19.52,14.64,29.28,-24.4,-4.88,-48.8,-9.76,-29.28,-24.4,-43.92,14.64
-34.16,-9.76,24.4,24.4,-29.28,4.88,-39.04,0,-4.88,-19.52,-39.04,19.52
-24.4,-9.76,14.64,19.52,-19.52,0,-19.52,14.64,9.76,-9.76,-34.16,24.4
-19.52,-14.64,4.88,19.52,-14.64,-4.88,-4.88,19.52,0,-9.76,-34.16,29.28
-29.28,-24.4,4.88,29.28,-19.52,-9.76,0,9.76,-9.76,-19.52,-39.04,24.4
-29.28,-14.64,14.64,24.4,-24.4,0,4.88,4.88,-9.76,-14.64,-29.28,34.16
-34.16,-14.64,19.52,24.4,-29.28,0,0,-19.52,-39.04,-24.4,-34.16,24.4
-39.04,-29.28,9.76,34.16,-24.4,-9.76,-4.88,-48.8,-53.68,-43.92,-48.8,19.52
-19.52,-19.52,0,19.52,-9.76,-9.76,4.88,-39.04,-29.28,-34.16,-58.56,19.52
-9.76,-9.76,0,9.76,-4.88,-4.88,14.64,-24.4,-4.88,-19.52,-43.92,29.28
-24.4,-29.28,-4.88,29.28,-9.76,-19.52,14.64,-14.64,-4.88,-24.4,-48.8,19.52
-19.52,-19.52,0,19.52,-9.76,-9.76,9.76,-24.4,-24.4,-34.16,-53.68,19.52
-19.52,-19.52,0,19.52,-9.76,-9.76,19.52,-24.4,-24.4,-29.28,-58.56,14.64
-24.4,-29.28,-4.88,29.28,-9.76,-19.52,24.4,-14.64,-9.76,-29.28,-53.68,29.28
-19.52,-24.4,-4.88,24.4,-9.76,-14.64,19.52,-19.52,-14.64,-29.28,-53.68,29.28
-24.4,-43.92,-19.52,34.16,-4.88,-34.16,19.52,-14.64,-24.4,-24.4,-53.68,34.16
-14.64,-29.28,-14.64,24.4,0,-24.4,9.76,-14.64,-43.92,-34.16,-58.56,29.28
-9.76,-29.28,-19.52,19.52,4.88,-24.4,4.88,-9.76,-39.04,-34.16,-53.68,34.16
-19.52,-29.28,-9.76,24.4,-4.88,-19.52,4.88,-9.76,-24.4,-24.4,-43.92,34.16
-29.28,-29.28,0,29.28,-14.64,-14.64,-9.76,-4.88,-14.64,-24.4,-39.04,39.04
-34.16,-39.04,-4.88,39.04,-14.64,-24.4,-24.4,-14.64,-24.4,-34.16,-43.92,34.16
-29.28,-39.04,-9.76,34.16,-9.76,-24.4,-34.16,-4.88,-14.64,-34.16,-43.92,39.04
-29.28,-39.04,-9.76,34.16,-9.76,-24.4,-48.8,-4.88,-14.64,-29.28,-48.8,34.16
-39.04,-43.92,-4.88,43.92,-19.52,-24.4,-63.44,0,-4.88,-24.4,-43.92,34.16
-19.52,-39.04,-19.52,29.28,0,-29.28,-78.08,-19.52,-14.64,-34.16,-58.56,24.4
-14.64,-39.04,-24.4,29.28,4.88,-34.16,-73.2,-24.4,-19.52,-29.28,-53.68,24.4
-19.52,-39.04,-19.52,29.28,0,-29.28,-53.68,-4.88,-4.88,-19.52,-48.8,29.28
-24.4,-39.04,-14.64,34.16,-4.88,-29.28,-34.16,14.64,4.88,-9.76,-29.28,39.04
-39.04,-43.92,-4.88,43.92,-19.52,-24.4,-29.28,14.64,-4.88,-14.64,-39.04,39.04
-19.52,-39.04,-19.52,29.28,0,-29.28,-29.28,-4.88,0,-24.4,-43.92,34.16
-4.88,-29.28,-24.4,19.52,9.76,-29.28,-14.64,-4.88,9.76,-19.52,-39.04,39.04
-19.52,-39.04,-19.52,29.28,0,-29.28,-14.64,-4.88,-24.4,-24.4,-43.92,39.04
-19.52,-43.92,-24.4,34.16,0,-34.16,-14.64,-4.88,-53.68,-34.16,-48.8,39.04
-24.4,-48.8,-24.4,39.04,0,-39.04,-14.64,-4.88,-19.52,-43.92,-43.92,29.28
-24.4,-48.8,-24.4,39.04,0,-39.04,-19.52,-4.88,-4.88,-39.04,-43.92,29.28
-14.64,-43.92,-29.28,29.28,4.88,-39.04,-39.04,-14.64,-34.16,-39.04,-48.8,29.28
-24.4,-53.68,-29.28,39.04,0,-43.92,-48.8,-9.76,-39.04,-39.04,-48.8,29.28
-14.64,-34.16,-19.52,24.4,0,-29.28,-58.56,0,-4.88,-34.16,-39.04,29.28
-19.52,-43.92,-24.4,34.16,0,-34.16,-58.56,14.64,24.4,-14.64,-29.28,43.92
-24.4,-48.8,-24.4,39.04,0,-39.04,-73.2,4.88,14.64,-14.64,-43.92,39.04
-14.64,-39.04,-24.4,29.28,4.88,-34.16,-78.08,-4.88,-9.76,-19.52,-43.92,39.04
-19.52,-39.04,-19.52,29.28,0,-29.28,-82.96,-4.88,-39.04,-24.4,-39.04,39.04
-29.28,-48.8,-19.52,39.04,-4.88,-34.16,-58.56,-4.88,-53.68,-29.28,-34.16,43.92
-43.92,-48.8,-4.88,48.8,-19.52,-29.28,-43.92,0,-24.4,-29.28,-29.28,39.04
-53.68,-48.8,4.88,53.68,-29.28,-24.4,-34.16,0,9.76,-19.52,-29.28,39.04
-48.8,-43.92,4.88,48.8,-29.28,-19.52,-14.64,14.64,29.28,0,-19.52,43.92
-39.04,-43.92,-4.88,43.92,-19.52,-24.4,-9.76,24.4,19.52,0,-19.52,48.8
-29.28,-39.04,-9.76,34.16,-9.76,-24.4,-9.76,19.52,-4.88,-9.76,-29.28,48.8
-34.16,-43.92,-9.76,39.04,-14.64,-29.28,0,19.52,-9.76,-9.76,-29.28,53.68
-39.04,-43.92,-4.88,43.92,-19.52,-24.4,9.76,19.52,0,0,-24.4,58.56
-34.16,-43.92,-9.76,39.04,-14.64,-29.28,9.76,14.64,-9.76,-14.64,-34.16,48.8
-19.52,-34.16,-14.64,29.28,-4.88,-24.4,19.52,4.88,-9.76,-19.52,-29.28,53.68
-24.4,-39.04,-14.64,34.16,-4.88,-29.28,14.64,-9.76,-14.64,-24.4,-29.28,48.8
-29.28,-39.04,-9.76,34.16,-9.76,-24.4,19.52,-4.88,-14.64,-19.52,-29.28,53.68
-24.4,-39.04,-14.64,34.16,-4.88,-29.28,14.64,4.88,-14.64,-29.28,-39.04,43.92
-39.04,-39.04,0,39.04,-19.52,-19.52,24.4,14.64,-4.88,-14.64,-34.16,48.8
-24.4,-43.92,-19.52,34.16,-4.88,-34.16,19.52,0,-24.4,-19.52,-39.04,39.04
-24.4,-43.92,-19.52,34.16,-4.88,-34.16,14.64,0,-39.04,-29.28,-48.8,34.16
-29.28,-43.92,-14.64,39.04,-9.76,-29.28,9.76,0,-39.04,-29.28,-43.92,29.28
-29.28,-39.04,-9.76,34.16,-9.76,-24.4,9.76,0,-29.28,-24.4,-43.92,29.28
-24.4,-34.16,-9.76,29.28,-9.76,-24.4,4.88,0,-19.52,-19.52,-39.04,34.16
-24.4,-24.4,0,24.4,-14.64,-14.64,14.64,0,-14.64,-9.76,-43.92,39.04
-34.16,-39.04,-4.88,39.04,-14.64,-24.4,29.28,4.88,-4.88,0,-48.8,43.92
-39.04,-53.68,-14.64,48.8,-14.64,-34.16,24.4,0,0,-4.88,-48.8,48.8
-24.4,-39.04,-14.64,34.16,-4.88,-29.28,24.4,4.88,0,-4.88,-48.8,53.68
-9.76,-19.52,-9.76,14.64,0,-14.64,29.28,19.52,0,-4.88,-39.04,68.32
-19.52,-19.52,0,19.52,-9.76,-9.76,14.64,19.52,-9.76,-9.76,-34.16,68.32
-24.4,-19.52,4.88,24.4,-14.64,-9.76,9.76,34.16,-14.64,0,-14.64,78.08
-24.4,-29.28,-4.88,29.28,-9.76,-19.52,4.88,39.04,-4.88,0,-14.64,78.08
-34.16,-24.4,9.76,29.28,-24.4,-9.76,4.88,34.16,24.4,0,-9.76,78.08
-29.28,-24.4,4.88,29.28,-19.52,-9.76,0,19.52,19.52,0,-9.76,73.2
-29.28,-24.4,4.88,29.28,-19.52,-9.76,-14.64,-4.88,0,0,-14.64,68.32
-19.52,-24.4,-4.88,24.4,-9.76,-14.64,-34.16,-14.64,-9.76,-4.88,-14.64,68.32
-24.4,-24.4,0,24.4,-14.64,-14.64,-53.68,-19.52,-24.4,-9.76,-19.52,63.44
-24.4,-24.4,0,24.4,-14.64,-14.64,-63.44,-19.52,-24.4,-14.64,-14.64,63.44
-19.52,-9.76,9.76,14.64,-14.64,0,-58.56,0,0,4.88,-9.76,78.08
-19.52,-19.52,0,19.52,-9.76,-9.76,-68.32,-4.88,-4.88,-4.88,-14.64,78.08
-24.4,-24.4,0,24.4,-14.64,-14.64,-92.72,-9.76,-19.52,-14.64,-24.4,73.2
-34.16,-39.04,-4.88,39.04,-14.64,-24.4,-102.48,-4.88,-29.28,-14.64,-29.28,73.2
-24.4,-39.04,-14.64,34.16,-4.88,-29.28,-117.12,-14.64,-43.92,-19.52,-34.16,68.32
-4.88,-34.16,-29.28,19.52,9.76,-34.16,-107.36,-24.4,-48.8,-24.4,-29.28,63.44
-19.52,-29.28,-9.76,24.4,-4.88,-19.52,-87.84,-14.64,-24.4,-14.64,-24.4,73.2
-24.4,-29.28,-4.88,29.28,-9.76,-19.52,-92.72,-19.52,-9.76,-9.76,-24.4,73.2
-24.4,-19.52,4.88,24.4,-14.64,-9.76,-92.72,-14.64,-4.88,-9.76,-24.4,73.2
-34.16,-29.28,4.88,34.16,-19.52,-14.64,-87.84,-9.76,-9.76,9.76,-4.88,82.96
-29.28,-34.16,-4.88,34.16,-14.64,-19.52,-87.84,-19.52,-39.04,4.88,-9.76,92.72
-19.52,-39.04,-19.52,29.28,0,-29.28,-87.84,-34.16,-53.68,-19.52,-19.52,82.96
-19.52,-34.16,-14.64,29.28,-4.88,-24.4,-87.84,-29.28,-53.68,-29.28,-24.4,82.96
-29.28,-39.04,-9.76,34.16,-9.76,-24.4,-92.72,-14.64,-19.52,-24.4,-14.64,87.84
-53.68,-39.04,14.64,48.8,-34.16,-14.64,-92.72,0,14.64,-4.88,-4.88,87.84
-39.04,-29.28,9.76,34.16,-24.4,-9.76,-107.36,0,14.64,0,-9.76,82.96
-34.16,-24.4,9.76,29.28,-24.4,-9.76,-122,4.88,4.88,4.88,-9.76,87.84
-43.92,-29.28,14.64,39.04,-29.28,-9.76,-122,4.88,-19.52,4.88,-9.76,87.84
-29.28,-29.28,0,29.28,-14.64,-14.64,-136.64,-14.64,-53.68,-9.76,-19.52,78.08
-14.64,-29.28,-14.64,24.4,0,-24.4,-156.16,-29.28,-53.68,-34.16,-34.16,73.2
-19.52,-29.28,-9.76,24.4,-4.88,-19.52,-165.92,-29.28,-34.16,-43.92,-34.16,78.08
-14.64,-24.4,-9.76,19.52,-4.88,-19.52,-170.8,-34.16,-48.8,-48.8,-29.28,78.08
-19.52,-24.4,-4.88,24.4,-9.76,-14.64,-175.68,-24.4,-29.28,-34.16,-24.4,78.08
-14.64,-24.4,-9.76,19.52,-4.88,-19.52,-161.04,-24.4,-34.16,-29.28,-24.4,78.08
-14.64,-24.4,-9.76,19.52,-4.88,-19.52,-146.4,-24.4,-34.16,-29.28,-19.52,78.08
-29.28,-34.16,-4.88,34.16,-14.64,-19.52,-126.88,-19.52,-24.4,-24.4,-14.64,87.84
-29.28,-34.16,-4.88,34.16,-14.64,-19.52,-102.48,0,-9.76,-9.76,0,97.6
-29.28,-48.8,-19.52,39.04,-4.88,-34.16,-87.84,4.88,-29.28,-4.88,0,97.6
-39.04,-48.8,-9.76,43.92,-14.64,-29.28,-78.08,9.76,-29.28,0,9.76,102.48
-39.04,-39.04,0,39.04,-19.52,-19.52,-68.32,9.76,-4.88,4.88,19.52,107.36
-34.16,-48.8,-14.64,43.92,-9.76,-34.16,-68.32,4.88,0,0,14.64,97.6
-24.4,-43.92,-19.52,34.16,-4.88,-34.16,-73.2,4.88,4.88,0,9.76,92.72
-24.4,-34.16,-9.76,29.28,-9.76,-24.4,-78.08,19.52,34.16,4.88,19.52,97.6
-29.28,-43.92,-14.64,39.04,-9.76,-29.28,-73.2,29.28,29.28,4.88,14.64,102.48
-24.4,-39.04,-14.64,34.16,-4.88,-29.28,-78.08,9.76,-4.88,0,4.88,92.72
-19.52,-34.16,-14.64,29.28,-4.88,-24.4,-92.72,-19.52,-19.52,-9.76,-4.88,87.84
-24.4,-39.04,-14.64,34.16,-4.88,-29.28,-102.48,-9.76,-4.88,-4.88,4.88,87.84
-29.28,-48.8,-19.52,39.04,-4.88,-34.16,-112.24,0,4.88,0,9.76,87.84
-9.76,-34.16,-24.4,24.4,4.88,-29.28,-122,-4.88,-19.52,-9.76,0,82.96
0,-43.92,-43.92,24.4,19.52,-43.92,-141.52,-4.88,-39.04,-29.28,-4.88,73.2
4.88,-58.56,-63.44,29.28,34.16,-63.44,-161.04,-9.76,-24.4,-29.28,0,68.32
-19.52,-58.56,-39.04,39.04,9.76,-48.8,-161.04,-4.88,-9.76,-14.64,4.88,68.32
-58.56,-39.04,19.52,48.8,-39.04,-9.76,-151.28,24.4,19.52,0,19.52,87.84
-58.56,-39.04,19.52,48.8,-39.04,-9.76,-146.4,24.4,19.52,0,19.52,82.96
-39.04,-43.92,-4.88,43.92,-19.52,-24.4,-136.64,14.64,4.88,0,24.4,78.08
-34.16,-34.16,0,34.16,-19.52,-19.52,-122,19.52,9.76,4.88,29.28,78.08
-29.28,-39.04,-9.76,34.16,-9.76,-24.4,-122,4.88,9.76,-4.88,14.64,68.32
-9.76,-43.92,-34.16,29.28,9.76,-39.04,-122,4.88,9.76,-4.88,9.76,63.44
-4.88,-39.04,-34.16,24.4,14.64,-39.04,-117.12,9.76,4.88,-4.88,4.88,58.56
-9.76,-43.92,-34.16,29.28,9.76,-39.04,-107.36,4.88,-4.88,-19.52,0,53.68
-9.76,-48.8,-39.04,29.28,14.64,-43.92,-87.84,9.76,-4.88,-14.64,4.88,68.32
-9.76,-34.16,-24.4,24.4,4.88,-29.28,-78.08,4.88,-4.88,-9.76,9.76,68.32
-14.64,-34.16,-19.52,24.4,0,-29.28,-78.08,-9.76,-24.4,-14.64,0,53.68
-9.76,-39.04,-29.28,24.4,9.76,-34.16,-68.32,-19.52,-24.4,-14.64,4.88,58.56
-4.88,-43.92,-39.04,24.4,14.64,-43.92,-78.08,-29.28,-34.16,-19.52,-4.88,58.56
4.88,-34.16,-39.04,14.64,19.52,-39.04,-73.2,-29.28,-24.4,-19.52,0,48.8
-9.76,-34.16,-24.4,24.4,4.88,-29.28,-68.32,-19.52,-14.64,-14.64,4.88,48.8
-34.16,-48.8,-14.64,43.92,-9.76,-34.16,-68.32,-4.88,-4.88,-14.64,9.76,48.8
-9.76,-48.8,-39.04,29.28,14.64,-43.92,-68.32,0,0,-4.88,9.76,48.8
-4.88,-39.04,-34.16,24.4,14.64,-39.04,-78.08,0,-4.88,-9.76,4.88,48.8
-14.64,-43.92,-29.28,29.28,4.88,-39.04,-78.08,4.88,0,-4.88,4.88,48.8
-9.76,-39.04,-29.28,24.4,9.76,-34.16,-82.96,14.64,0,-4.88,4.88,43.92
-19.52,-48.8,-29.28,34.16,4.88,-39.04,-112.24,9.76,-14.64,-14.64,-4.88,34.16
-4.88,-43.92,-39.04,24.4,14.64,-43.92,-122,14.64,-9.76,-9.76,-4.88,34.16
0,-29.28,-29.28,14.64,14.64,-29.28,-126.88,14.64,9.76,4.88,4.88,34.16
-9.76,-19.52,-9.76,14.64,0,-14.64,-151.28,4.88,19.52,4.88,0,24.4
-14.64,-24.4,-9.76,19.52,-4.88,-19.52,-170.8,-4.88,9.76,4.88,-4.88,19.52
-24.4,-34.16,-9.76,29.28,-9.76,-24.4,-165.92,4.88,9.76,19.52,-4.88,24.4
-24.4,-24.4,0,24.4,-14.64,-14.64,-151.28,4.88,-29.28,14.64,-9.76,24.4
-34.16,-34.16,0,34.16,-19.52,-19.52,-131.76,9.76,-48.8,9.76,0,29.28
-29.28,-53.68,-24.4,43.92,-4.88,-39.04,-131.76,19.52,4.88,-9.76,-4.88,19.52
4.88,-39.04,-43.92,19.52,24.4,-43.92,-141.52,19.52,39.04,-14.64,0,19.52
-4.88,-19.52,-14.64,14.64,4.88,-19.52,-126.88,29.28,43.92,9.76,14.64,29.28
-19.52,-29.28,-9.76,24.4,-4.88,-19.52,-117.12,29.28,43.92,19.52,14.64,29.28
-14.64,-24.4,-9.76,19.52,-4.88,-19.52,-117.12,4.88,14.64,9.76,0,24.4
-14.64,-34.16,-19.52,24.4,0,-29.28,-122,-14.64,0,0,-9.76,24.4
-19.52,-34.16,-14.64,29.28,-4.88,-24.4,-122,9.76,-4.88,-4.88,-14.64,24.4
-9.76,-24.4,-14.64,19.52,0,-19.52,-122,9.76,-24.4,-9.76,-19.52,14.64
0,-34.16,-34.16,19.52,14.64,-34.16,-126.88,0,-14.64,-19.52,-19.52,9.76
14.64,-24.4,-39.04,4.88,24.4,-34.16,-126.88,-9.76,-4.88,-19.52,-19.52,0
0,-24.4,-24.4,14.64,9.76,-24.4,-117.12,-4.88,-4.88,-9.76,-14.64,4.88
-9.76,-24.4,-14.64,19.52,0,-19.52,-112.24,0,9.76,4.88,-4.88,9.76
-9.76,-34.16,-24.4,24.4,4.88,-29.28,-102.48,4.88,14.64,4.88,4.88,14.64
-24.4,-34.16,-9.76,29.28,-9.76,-24.4,-97.6,4.88,24.4,14.64,9.76,19.52
-24.4,-24.4,0,24.4,-14.64,-14.64,-92.72,9.76,19.52,14.64,4.88,24.4
-24.4,-19.52,4.88,24.4,-14.64,-9.76,-97.6,0,4.88,9.76,-4.88,24.4
-14.64,-29.28,-14.64,24.4,0,-24.4,-107.36,-4.88,-4.88,0,-9.76,19.52
-9.76,-29.28,-19.52,19.52,4.88,-24.4,-102.48,19.52,19.52,24.4,19.52,29.28
-4.88,-29.28,-24.4,19.52,9.76,-29.28,-97.6,43.92,63.44,73.2,53.68,34.16
9.76,-19.52,-29.28,4.88,19.52,-24.4,-102.48,53.68,92.72,117.12,92.72,43.92
24.4,-14.64,-39.04,-4.88,29.28,-29.28,-97.6,63.44,122,156.16,131.76,78.08
14.64,-9.76,-24.4,0,19.52,-19.52,-107.36,78.08,165.92,204.96,190.32,141.52
14.64,9.76,-4.88,-9.76,9.76,0,-122,82.96,190.32,239.12,283.04,253.76
48.8,34.16,-14.64,-39.04,29.28,9.76,-156.16,53.68,165.92,263.52,380.64,400.16
78.08,39.04,-39.04,-58.56,58.56,0,-195.2,48.8,204.96,356.24,541.68,580.72
112.24,48.8,-63.44,-78.08,87.84,-9.76,-229.36,58.56,317.2,502.64,761.28,771.04
131.76,82.96,-48.8,-107.36,87.84,14.64,-258.64,68.32,444.08,722.24,1054.08,1029.68
165.92,126.88,-39.04,-146.4,102.48,43.92,-273.28,97.6,595.36,976,1390.8,1381.04
200.08,180.56,-19.52,-190.32,107.36,78.08,-302.56,97.6,619.76,1068.72,1610.4,1717.76
214.72,224.48,9.76,-219.6,102.48,117.12,-346.48,34.16,492.88,946.72,1639.68,1966.64
224.48,244,19.52,-234.24,102.48,131.76,-361.12,-34.16,326.96,712.48,1556.72,2171.6
204.96,292.8,87.84,-248.88,58.56,190.32,-390.4,-131.76,97.6,448.96,1424.96,2322.88
165.92,356.24,190.32,-258.64,-14.64,273.28,-395.28,-214.72,-102.48,234.24,1288.32,2376.56
156.16,400.16,244,-278.16,-43.92,322.08,-409.92,-283.04,-297.68,24.4,1127.28,2259.44
141.52,434.32,292.8,-287.92,-78.08,361.12,-409.92,-331.84,-424.56,-161.04,902.8,1981.28
107.36,419.68,312.32,-263.52,-102.48,366,-370.88,-297.68,-473.36,-302.56,663.68,1586
78.08,278.16,200.08,-175.68,-63.44,239.12,-273.28,-146.4,-419.68,-400.16,414.8,1088.24
24.4,122,97.6,-73.2,-39.04,107.36,-165.92,14.64,-390.4,-561.2,14.64,468.48
-14.64,4.88,19.52,4.88,-19.52,9.76,-87.84,156.16,-414.8,-766.16,-444.08,-107.36
-63.44,-78.08,-14.64,73.2,-24.4,-48.8,-34.16,229.36,-483.12,-966.24,-873.52,-517.28
-102.48,-146.4,-43.92,126.88,-29.28,-97.6,-14.64,248.88,-566.08,-1151.68,-1224.88,-795.44
-117.12,-219.6,-102.48,170.8,-9.76,-161.04,-9.76,248.88,-639.28,-1298.08,-1493.28,-990.64
-107.36,-278.16,-170.8,195.2,29.28,-224.48,-43.92,146.4,-785.68,-1444.48,-1664.08,-1093.12
-102.48,-302.56,-200.08,204.96,48.8,-253.76,-102.48,-39.04,-976,-1537.2,-1668.96,-1063.84
-92.72,-312.32,-219.6,204.96,63.44,-268.4,-165.92,-263.52,-1127.28,-1581.12,-1605.52,-1010.16
-92.72,-322.08,-229.36,209.84,68.32,-278.16,-209.84,-439.2,-1215.12,-1571.36,-1522.56,-932.08
-112.24,-292.8,-180.56,204.96,34.16,-239.12,-224.48,-517.28,-1210.24,-1483.52,-1405.44,-839.36
-136.64,-258.64,-122,200.08,-9.76,-190.32,-204.96,-502.64,-1132.16,-1361.52,-1283.44,-761.28
-126.88,-239.12,-112.24,185.44,-9.76,-175.68,-195.2,-463.6,-1015.04,-1215.12,-1156.56,-678.32
-102.48,-209.84,-107.36,156.16,0,-161.04,-165.92,-380.64,-854,-1049.2,-1010.16,-590.48
-97.6,-195.2,-97.6,146.4,0,-146.4,-170.8,-292.8,-702.72,-883.28,-863.76,-512.4
-102.48,-180.56,-78.08,141.52,-14.64,-131.76,-170.8,-219.6,-575.84,-727.12,-732,-429.44
-92.72,-151.28,-58.56,122,-19.52,-107.36,-156.16,-141.52,-488,-605.12,-624.64,-351.36
-73.2,-112.24,-39.04,92.72,-19.52,-78.08,-131.76,-82.96,-390.4,-492.88,-522.16,-292.8
-63.44,-73.2,-9.76,68.32,-29.28,-43.92,-107.36,-68.32,-302.56,-409.92,-434.32,-234.24
-58.56,-58.56,0,58.56,-29.28,-29.28,-112.24,-92.72,-253.76,-336.72,-356.24,-175.68
-29.28,-43.92,-14.64,39.04,-9.76,-29.28,-107.36,-82.96,-219.6,-273.28,-283.04,-122
-4.88,-29.28,-24.4,19.52,9.76,-29.28,-102.48,-48.8,-170.8,-214.72,-219.6,-82.96
0,-24.4,-24.4,14.64,9.76,-24.4,-92.72,-29.28,-122,-175.68,-180.56,-53.68
4.88,-34.16,-39.04,14.64,19.52,-39.04,-78.08,-9.76,-92.72,-151.28,-165.92,-48.8
0,-34.16,-34.16,19.52,14.64,-34.16,-63.44,4.88,-73.2,-126.88,-151.28,-43.92
-4.88,-34.16,-29.28,19.52,9.76,-34.16,-68.32,-4.88,-73.2,-117.12,-146.4,-43.92
0,-43.92,-43.92,24.4,19.52,-43.92,-63.44,-4.88,-63.44,-102.48,-131.76,-34.16
-4.88,-39.04,-34.16,24.4,14.64,-39.04,-58.56,-4.88,-48.8,-87.84,-112.24,-24.4
0,-29.28,-29.28,14.64,14.64,-29.28,-48.8,-14.64,-24.4,-73.2,-97.6,-19.52
4.88,-24.4,-29.28,9.76,14.64,-29.28,-48.8,-4.88,0,-63.44,-87.84,-14.64
0,-29.28,-29.28,14.64,14.64,-29.28,-43.92,0,-4.88,-53.68,-73.2,-4.88
-9.76,-14.64,-4.88,14.64,-4.88,-9.76,-29.28,4.88,-4.88,-39.04,-53.68,14.64
0,-9.76,-9.76,4.88,4.88,-9.76,-34.16,4.88,-19.52,-29.28,-53.68,19.52
0,-19.52,-19.52,9.76,9.76,-19.52,-39.04,-4.88,-34.16,-34.16,-48.8,29.28
9.76,-24.4,-34.16,9.76,19.52,-29.28,-39.04,-14.64,-14.64,-34.16,-43.92,39.04
4.88,-34.16,-39.04,14.64,19.52,-39.04,-53.68,-24.4,-24.4,-34.16,-29.28,48.8
4.88,-34.16,-39.04,14.64,19.52,-39.04,-68.32,-24.4,-43.92,-19.52,-19.52,68.32
9.76,-29.28,-39.04,9.76,24.4,-34.16,-78.08,-9.76,-24.4,-9.76,4.88,82.96
9.76,-29.28,-39.04,9.76,24.4,-34.16,-112.24,0,9.76,-4.88,9.76,87.84
9.76,-19.52,-29.28,4.88,19.52,-24.4,-141.52,19.52,43.92,19.52,34.16,117.12
4.88,-14.64,-19.52,4.88,9.76,-19.52,-180.56,24.4,53.68,34.16,48.8,126.88
0,-9.76,-9.76,4.88,4.88,-9.76,-219.6,24.4,53.68,29.28,48.8,126.88
19.52,-4.88,-24.4,-4.88,19.52,-14.64,-244,19.52,48.8,29.28,34.16,122
24.4,-4.88,-29.28,-9.76,24.4,-19.52,-229.36,14.64,43.92,29.28,34.16,122
34.16,-9.76,-43.92,-9.76,39.04,-29.28,-219.6,0,19.52,24.4,34.16,117.12
29.28,0,-29.28,-14.64,29.28,-14.64,-214.72,9.76,34.16,34.16,39.04,117.12
9.76,-9.76,-19.52,0,14.64,-14.64,-200.08,29.28,63.44,53.68,48.8,126.88
9.76,-4.88,-14.64,0,9.76,-9.76,-165.92,48.8,73.2,63.44,73.2,136.64
19.52,-4.88,-24.4,-4.88,19.52,-14.64,-151.28,29.28,63.44,58.56,63.44,131.76
0,-9.76,-9.76,4.88,4.88,-9.76,-136.64,39.04,73.2,78.08,78.08,141.52
9.76,4.88,-4.88,-4.88,4.88,0,-122,39.04,87.84,82.96,73.2,146.4
9.76,14.64,4.88,-9.76,0,9.76,-112.24,34.16,82.96,78.08,73.2,141.52
14.64,9.76,-4.88,-9.76,9.76,0,-102.48,24.4,53.68,73.2,58.56,131.76
24.4,4.88,-19.52,-14.64,19.52,-9.76,-92.72,19.52,43.92,63.44,58.56,131.76
34.16,4.88,-29.28,-19.52,29.28,-14.64,-92.72,19.52,53.68,43.92,53.68,122
34.16,0,-34.16,-14.64,34.16,-19.52,-87.84,34.16,68.32,43.92,58.56,126.88
39.04,0,-39.04,-19.52,39.04,-19.52,-82.96,34.16,68.32,53.68,63.44,126.88
39.04,-4.88,-43.92,-14.64,39.04,-24.4,-78.08,39.04,73.2,63.44,68.32,126.88
29.28,-9.76,-39.04,-9.76,34.16,-24.4,-82.96,34.16,63.44,53.68,58.56,117.12
9.76,-14.64,-24.4,4.88,14.64,-19.52,-97.6,29.28,48.8,43.92,48.8,117.12
24.4,4.88,-19.52,-14.64,19.52,-9.76,-87.84,39.04,58.56,58.56,63.44,131.76
39.04,14.64,-24.4,-24.4,29.28,-4.88,-92.72,29.28,43.92,53.68,58.56,122
34.16,-4.88,-39.04,-14.64,34.16,-24.4,-112.24,14.64,29.28,39.04,43.92,107.36
39.04,-9.76,-48.8,-14.64,43.92,-29.28,-117.12,14.64,58.56,43.92,48.8,112.24
43.92,-14.64,-58.56,-14.64,48.8,-39.04,-122,19.52,68.32,48.8,48.8,112.24
29.28,-9.76,-39.04,-9.76,34.16,-24.4,-131.76,19.52,58.56,58.56,53.68,107.36
29.28,-4.88,-34.16,-9.76,29.28,-19.52,-141.52,14.64,53.68,63.44,68.32,107.36
24.4,0,-24.4,-9.76,24.4,-14.64,-151.28,14.64,53.68,68.32,78.08,112.24
14.64,-4.88,-19.52,-4.88,14.64,-14.64,-156.16,24.4,87.84,68.32,82.96,112.24
29.28,-9.76,-39.04,-9.76,34.16,-24.4,-131.76,24.4,97.6,73.2,82.96,112.24
9.76,-19.52,-29.28,4.88,19.52,-24.4,-102.48,19.52,87.84,73.2,73.2,112.24
-4.88,-4.88,0,4.88,-4.88,-4.88,-82.96,19.52,68.32,73.2,78.08,112.24
-4.88,-4.88,0,4.88,-4.88,-4.88,-78.08,0,39.04,58.56,63.44,107.36
-4.88,-14.64,-9.76,9.76,0,-14.64,-78.08,-4.88,19.52,39.04,58.56,97.6
9.76,-19.52,-29.28,4.88,19.52,-24.4,-73.2,-9.76,34.16,34.16,63.44,92.72
34.16,-24.4,-58.56,-4.88,43.92,-43.92,-82.96,-19.52,43.92,34.16,53.68,82.96
43.92,-24.4,-68.32,-9.76,53.68,-48.8,-78.08,-4.88,63.44,48.8,63.44,92.72
48.8,-9.76,-58.56,-19.52,53.68,-34.16,-73.2,-4.88,58.56,53.68,68.32,97.6
48.8,0,-48.8,-24.4,48.8,-24.4,-68.32,-9.76,53.68,63.44,78.08,102.48
34.16,0,-34.16,-14.64,34.16,-19.52,-58.56,-14.64,48.8,63.44,78.08,112.24
39.04,-9.76,-48.8,-14.64,43.92,-29.28,-58.56,-14.64,24.4,48.8,73.2,107.36
48.8,-4.88,-53.68,-19.52,48.8,-29.28,-82.96,-29.28,19.52,39.04,68.32,97.6
43.92,-4.88,-48.8,-19.52,43.92,-29.28,-97.6,-34.16,43.92,39.04,68.32,107.36
29.28,-24.4,-53.68,0,39.04,-39.04,-97.6,-24.4,58.56,53.68,78.08,122
39.04,-29.28,-68.32,-4.88,53.68,-48.8,-112.24,-34.16,53.68,53.68,73.2,112.24
43.92,-19.52,-63.44,-9.76,53.68,-43.92,-126.88,-19.52,63.44,63.44,78.08,112.24
29.28,-24.4,-53.68,0,39.04,-39.04,-122,14.64,82.96,82.96,97.6,131.76
34.16,-19.52,-53.68,-4.88,43.92,-39.04,-117.12,29.28,87.84,87.84,117.12,136.64
39.04,-9.76,-48.8,-14.64,43.92,-29.28,-136.64,9.76,73.2,82.96,107.36,126.88
19.52,-19.52,-39.04,0,29.28,-29.28,-141.52,0,78.08,73.2,97.6,126.88
39.04,-14.64,-53.68,-9.76,43.92,-34.16,-117.12,-4.88,92.72,73.2,97.6,131.76
43.92,-4.88,-48.8,-19.52,43.92,-29.28,-117.12,-19.52,73.2,73.2,97.6,122
29.28,-4.88,-34.16,-9.76,29.28,-19.52,-107.36,-14.64,68.32,78.08,97.6,112.24
24.4,-4.88,-29.28,-9.76,24.4,-19.52,-82.96,4.88,87.84,92.72,102.48,122
24.4,-4.88,-29.28,-9.76,24.4,-19.52,-78.08,14.64,102.48,87.84,102.48,117.12
48.8,14.64,-34.16,-29.28,39.04,-9.76,-68.32,9.76,87.84,87.84,107.36,122
53.68,4.88,-48.8,-29.28,48.8,-24.4,-58.56,-19.52,48.8,73.2,102.48,122
63.44,4.88,-58.56,-34.16,58.56,-29.28,-48.8,-29.28,43.92,63.44,107.36,126.88
63.44,14.64,-48.8,-39.04,53.68,-19.52,-39.04,-14.64,58.56,63.44,107.36,126.88
58.56,4.88,-53.68,-29.28,53.68,-24.4,-39.04,-29.28,43.92,43.92,97.6,126.88
58.56,9.76,-48.8,-34.16,53.68,-19.52,-24.4,-24.4,43.92,48.8,102.48,126.88
58.56,9.76,-48.8,-34.16,53.68,-19.52,-14.64,-14.64,73.2,63.44,112.24,131.76
39.04,9.76,-29.28,-24.4,34.16,-9.76,-14.64,-14.64,78.08,63.44,112.24,122
53.68,4.88,-48.8,-29.28,48.8,-24.4,-19.52,-34.16,68.32,63.44,97.6,117.12
48.8,4.88,-43.92,-24.4,43.92,-19.52,-34.16,-43.92,43.92,58.56,92.72,112.24
63.44,14.64,-48.8,-39.04,53.68,-19.52,-39.04,-53.68,24.4,53.68,87.84,107.36
73.2,14.64,-58.56,-43.92,63.44,-24.4,-39.04,-43.92,39.04,58.56,97.6,117.12
58.56,4.88,-53.68,-29.28,53.68,-24.4,-29.28,-39.04,58.56,68.32,102.48,122
48.8,9.76,-39.04,-29.28,43.92,-14.64,-34.16,-48.8,48.8,58.56,97.6,107.36
53.68,19.52,-34.16,-34.16,43.92,-9.76,-39.04,-53.68,43.92,53.68,92.72,122
53.68,24.4,-29.28,-39.04,39.04,-4.88,-24.4,-43.92,39.04,53.68,97.6,122
68.32,24.4,-43.92,-43.92,53.68,-9.76,-29.28,-58.56,14.64,34.16,87.84,112.24
58.56,29.28,-29.28,-43.92,43.92,0,-29.28,-63.44,29.28,39.04,87.84,112.24
53.68,34.16,-19.52,-43.92,34.16,4.88,-24.4,-63.44,63.44,48.8,87.84,117.12
53.68,34.16,-19.52,-43.92,34.16,4.88,-29.28,-53.68,78.08,48.8,87.84,102.48
48.8,39.04,-9.76,-43.92,29.28,14.64,-63.44,-58.56,58.56,34.16,78.08,87.84
68.32,43.92,-24.4,-53.68,43.92,9.76,-97.6,-63.44,24.4,34.16,78.08,97.6
78.08,48.8,-29.28,-63.44,53.68,9.76,-136.64,-73.2,4.88,34.16,87.84,102.48
68.32,53.68,-14.64,-58.56,39.04,19.52,-165.92,-68.32,39.04,34.16,97.6,107.36
78.08,63.44,-14.64,-68.32,43.92,24.4,-161.04,-73.2,68.32,29.28,92.72,107.36
73.2,63.44,-9.76,-68.32,39.04,24.4,-131.76,-73.2,58.56,29.28,92.72,112.24
68.32,78.08,9.76,-73.2,29.28,43.92,-131.76,-87.84,29.28,14.64,78.08,107.36
68.32,78.08,9.76,-73.2,29.28,43.92,-131.76,-97.6,14.64,0,68.32,107.36
73.2,53.68,-19.52,-63.44,43.92,14.64,-141.52,-92.72,9.76,-9.76,63.44,107.36
73.2,58.56,-14.64,-63.44,43.92,19.52,-146.4,-87.84,9.76,-14.64,63.44,97.6
78.08,78.08,0,-78.08,39.04,39.04,-146.4,-92.72,9.76,-19.52,53.68,97.6
78.08,78.08,0,-78.08,39.04,39.04,-151.28,-107.36,-14.64,-24.4,48.8,102.48
78.08,78.08,0,-78.08,39.04,39.04,-151.28,-107.36,-29.28,-34.16,43.92,102.48
82.96,78.08,-4.88,-78.08,43.92,34.16,-151.28,-112.24,-24.4,-39.04,53.68,102.48
73.2,68.32,-4.88,-68.32,39.04,29.28,-136.64,-112.24,-24.4,-43.92,43.92,107.36
68.32,73.2,4.88,-68.32,29.28,39.04,-112.24,-112.24,-48.8,-48.8,48.8,112.24
82.96,87.84,4.88,-82.96,39.04,43.92,-112.24,-141.52,-68.32,-63.44,34.16,107.36
97.6,107.36,9.76,-102.48,43.92,58.56,-117.12,-151.28,-48.8,-73.2,29.28,107.36
82.96,92.72,9.76,-87.84,34.16,48.8,-112.24,-141.52,-29.28,-63.44,24.4,117.12
82.96,87.84,4.88,-82.96,39.04,43.92,-107.36,-141.52,-24.4,-58.56,29.28,117.12
92.72,102.48,9.76,-97.6,39.04,53.68,-122,-146.4,-34.16,-63.44,19.52,102.48
82.96,107.36,24.4,-92.72,29.28,63.44,-126.88,-146.4,-29.28,-58.56,19.52,107.36
82.96,107.36,24.4,-92.72,29.28,63.44,-131.76,-136.64,-29.28,-58.56,19.52,107.36
78.08,107.36,29.28,-92.72,24.4,68.32,-146.4,-151.28,-39.04,-73.2,9.76,102.48
78.08,107.36,29.28,-92.72,24.4,68.32,-170.8,-165.92,-63.44,-82.96,0,102.48
97.6,107.36,9.76,-102.48,43.92,58.56,-180.56,-165.92,-82.96,-97.6,0,107.36
97.6,107.36,9.76,-102.48,43.92,58.56,-185.44,-161.04,-92.72,-102.48,4.88,102.48
87.84,117.12,29.28,-102.48,29.28,73.2,-195.2,-170.8,-92.72,-112.24,-14.64,97.6
87.84,117.12,29.28,-102.48,29.28,73.2,-190.32,-161.04,-78.08,-102.48,-9.76,102.48
92.72,107.36,14.64,-97.6,39.04,58.56,-175.68,-165.92,-63.44,-97.6,-9.76,97.6
97.6,102.48,4.88,-97.6,43.92,53.68,-151.28,-156.16,-53.68,-92.72,-14.64,97.6
92.72,117.12,24.4,-102.48,34.16,68.32,-126.88,-136.64,-39.04,-78.08,4.88,112.24
73.2,112.24,39.04,-92.72,14.64,73.2,-112.24,-126.88,-29.28,-58.56,19.52,122
63.44,117.12,53.68,-87.84,4.88,82.96,-87.84,-122,-19.52,-34.16,34.16,136.64
73.2,107.36,34.16,-87.84,19.52,68.32,-87.84,-122,-29.28,-43.92,29.28,141.52
63.44,97.6,34.16,-78.08,14.64,63.44,-73.2,-107.36,-19.52,-43.92,39.04,146.4
73.2,102.48,29.28,-87.84,19.52,63.44,-82.96,-107.36,-34.16,-48.8,39.04,141.52
78.08,92.72,14.64,-82.96,29.28,53.68,-97.6,-117.12,-43.92,-53.68,39.04,131.76
39.04,87.84,48.8,-63.44,-4.88,68.32,-82.96,-97.6,-24.4,-29.28,58.56,141.52
29.28,92.72,63.44,-58.56,-19.52,78.08,-82.96,-87.84,-4.88,0,78.08,156.16
29.28,87.84,58.56,-58.56,-14.64,73.2,-97.6,-102.48,-19.52,9.76,78.08,156.16
48.8,87.84,39.04,-68.32,4.88,63.44,-92.72,-107.36,-24.4,19.52,87.84,165.92
63.44,78.08,14.64,-68.32,24.4,43.92,-112.24,-97.6,-24.4,14.64,92.72,165.92
68.32,73.2,4.88,-68.32,29.28,39.04,-126.88,-87.84,-4.88,14.64,92.72,165.92
78.08,78.08,0,-78.08,39.04,39.04,-126.88,-73.2,4.88,19.52,97.6,170.8
58.56,68.32,9.76,-63.44,24.4,39.04,-122,-63.44,9.76,29.28,107.36,180.56
48.8,68.32,19.52,-58.56,14.64,43.92,-102.48,-63.44,4.88,34.16,102.48,175.68
53.68,73.2,19.52,-63.44,14.64,43.92,-82.96,-58.56,9.76,39.04,102.48,170.8
43.92,68.32,24.4,-53.68,9.76,43.92,-63.44,-43.92,19.52,48.8,107.36,175.68
48.8,73.2,24.4,-58.56,9.76,48.8,-29.28,-29.28,39.04,63.44,107.36,175.68
43.92,68.32,24.4,-53.68,9.76,43.92,-19.52,-29.28,34.16,63.44,107.36,170.8
43.92,63.44,19.52,-53.68,9.76,39.04,-4.88,-39.04,19.52,63.44,107.36,170.8
53.68,53.68,0,-53.68,24.4,24.4,4.88,-53.68,4.88,58.56,102.48,165.92
43.92,48.8,4.88,-43.92,19.52,24.4,24.4,-58.56,4.88,48.8,92.72,156.16
39.04,48.8,9.76,-43.92,14.64,29.28,34.16,-48.8,19.52,53.68,97.6,156.16
24.4,48.8,24.4,-34.16,0,34.16,43.92,-9.76,43.92,73.2,117.12,165.92
9.76,43.92,34.16,-24.4,-14.64,39.04,53.68,9.76,58.56,82.96,122,165.92
34.16,68.32,34.16,-48.8,0,48.8,58.56,-4.88,48.8,87.84,112.24,146.4
29.28,53.68,24.4,-39.04,0,39.04,58.56,-14.64,34.16,82.96,102.48,141.52
39.04,48.8,9.76,-43.92,14.64,29.28,39.04,-14.64,29.28,82.96,87.84,126.88
39.04,43.92,4.88,-39.04,14.64,24.4,19.52,-4.88,34.16,87.84,78.08,122
29.28,34.16,4.88,-29.28,9.76,19.52,9.76,9.76,29.28,82.96,73.2,122
24.4,34.16,9.76,-29.28,4.88,19.52,9.76,19.52,24.4,87.84,78.08,126.88
24.4,43.92,19.52,-34.16,0,29.28,4.88,24.4,9.76,73.2,78.08,122
19.52,39.04,19.52,-29.28,0,29.28,-4.88,19.52,-4.88,48.8,73.2,126.88
29.28,48.8,19.52,-39.04,4.88,34.16,-4.88,19.52,4.88,43.92,78.08,122
24.4,43.92,19.52,-34.16,0,29.28,-19.52,4.88,14.64,39.04,63.44,107.36
14.64,48.8,34.16,-29.28,-9.76,39.04,-34.16,0,14.64,39.04,43.92,97.6
19.52,39.04,19.52,-29.28,0,29.28,-19.52,9.76,14.64,48.8,48.8,107.36
9.76,34.16,24.4,-19.52,-9.76,29.28,-9.76,0,-24.4,39.04,43.92,97.6
19.52,34.16,14.64,-24.4,0,24.4,0,-9.76,-48.8,34.16,39.04,92.72
19.52,29.28,9.76,-24.4,4.88,19.52,0,-4.88,-4.88,39.04,39.04,92.72
19.52,24.4,4.88,-19.52,4.88,14.64,9.76,9.76,24.4,43.92,39.04,92.72
14.64,24.4,9.76,-19.52,0,14.64,29.28,4.88,9.76,43.92,43.92,97.6
9.76,24.4,14.64,-14.64,-4.88,19.52,48.8,4.88,9.76,43.92,48.8,97.6
14.64,24.4,9.76,-19.52,0,14.64,63.44,24.4,34.16,63.44,63.44,107.36
9.76,34.16,24.4,-19.52,-9.76,29.28,73.2,19.52,43.92,58.56,53.68,102.48
-4.88,34.16,39.04,-14.64,-24.4,34.16,78.08,19.52,34.16,53.68,48.8,92.72
0,34.16,34.16,-14.64,-19.52,34.16,87.84,19.52,9.76,48.8,43.92,97.6
9.76,34.16,24.4,-19.52,-9.76,29.28,92.72,14.64,-9.76,39.04,43.92,97.6
0,24.4,24.4,-9.76,-14.64,24.4,97.6,14.64,0,34.16,43.92,97.6
9.76,29.28,19.52,-19.52,-4.88,24.4,87.84,9.76,0,34.16,43.92,92.72
9.76,29.28,19.52,-19.52,-4.88,24.4,82.96,14.64,-4.88,29.28,39.04,78.08
4.88,34.16,29.28,-19.52,-14.64,29.28,78.08,14.64,-9.76,29.28,34.16,68.32
9.76,39.04,29.28,-24.4,-9.76,34.16,68.32,14.64,-14.64,24.4,29.28,68.32
4.88,29.28,24.4,-14.64,-9.76,24.4,63.44,19.52,-14.64,29.28,29.28,63.44
9.76,29.28,19.52,-19.52,-4.88,24.4,58.56,24.4,-9.76,29.28,29.28,63.44
0,29.28,29.28,-14.64,-14.64,29.28,43.92,19.52,-14.64,19.52,19.52,53.68
-4.88,24.4,29.28,-9.76,-19.52,24.4,39.04,24.4,-24.4,19.52,14.64,63.44
9.76,24.4,14.64,-14.64,-4.88,19.52,29.28,14.64,-34.16,19.52,19.52,63.44
14.64,19.52,4.88,-14.64,4.88,9.76,24.4,4.88,-39.04,9.76,4.88,58.56
24.4,34.16,9.76,-29.28,4.88,19.52,24.4,0,-29.28,9.76,9.76,58.56
24.4,29.28,4.88,-24.4,9.76,14.64,34.16,19.52,-14.64,19.52,19.52,63.44
-4.88,14.64,19.52,-4.88,-14.64,14.64,43.92,24.4,-14.64,24.4,14.64,53.68
-14.64,9.76,24.4,4.88,-19.52,14.64,48.8,34.16,-19.52,14.64,9.76,43.92
-4.88,19.52,24.4,-4.88,-14.64,19.52,68.32,29.28,-24.4,19.52,14.64,43.92
-4.88,34.16,39.04,-14.64,-24.4,34.16,78.08,34.16,0,24.4,19.52,43.92
-9.76,34.16,43.92,-9.76,-29.28,39.04,87.84,34.16,14.64,24.4,19.52,43.92
9.76,29.28,19.52,-19.52,-4.88,24.4,73.2,19.52,0,9.76,0,24.4
9.76,19.52,9.76,-14.64,0,14.64,68.32,9.76,-9.76,9.76,0,19.52
4.88,29.28,24.4,-14.64,-9.76,24.4,73.2,24.4,4.88,24.4,4.88,24.4
-24.4,29.28,53.68,0,-39.04,39.04,82.96,39.04,29.28,39.04,19.52,29.28
-43.92,29.28,73.2,9.76,-58.56,48.8,92.72,48.8,34.16,53.68,39.04,34.16
-29.28,19.52,48.8,4.88,-39.04,34.16,87.84,24.4,-9.76,29.28,14.64,19.52
-14.64,19.52,34.16,0,-24.4,24.4,73.2,14.64,-19.52,0,0,14.64
-9.76,24.4,34.16,-4.88,-24.4,29.28,78.08,24.4,-9.76,4.88,4.88,14.64
0,14.64,14.64,-4.88,-9.76,14.64,58.56,9.76,-29.28,-9.76,-14.64,0
9.76,9.76,0,-9.76,4.88,4.88,53.68,4.88,-48.8,-24.4,-19.52,-4.88
14.64,14.64,0,-14.64,4.88,4.88,48.8,4.88,-48.8,-19.52,-19.52,0
-9.76,14.64,24.4,0,-19.52,19.52,53.68,29.28,-19.52,0,4.88,9.76
-4.88,24.4,29.28,-9.76,-19.52,24.4,48.8,39.04,9.76,19.52,9.76,9.76
-4.88,19.52,24.4,-4.88,-14.64,19.52,39.04,43.92,29.28,34.16,19.52,14.64
4.88,9.76,4.88,-4.88,0,4.88,29.28,39.04,24.4,24.4,19.52,9.76
9.76,14.64,4.88,-9.76,0,9.76,14.64,39.04,14.64,19.52,19.52,14.64
14.64,4.88,-9.76,-9.76,9.76,-4.88,0,29.28,-9.76,9.76,4.88,9.76
14.64,0,-14.64,-4.88,14.64,-9.76,-9.76,14.64,-9.76,4.88,-4.88,-4.88
19.52,0,-19.52,-9.76,19.52,-9.76,-19.52,24.4,-9.76,4.88,-4.88,-4.88
-4.88,0,4.88,4.88,-4.88,0,-14.64,29.28,-14.64,0,-4.88,0
0,0,0,0,0,0,-24.4,19.52,-29.28,-14.64,-14.64,-9.76
4.88,-4.88,-9.76,0,4.88,-9.76,-14.64,24.4,-24.4,-14.64,-14.64,-9.76
9.76,4.88,-4.88,-4.88,4.88,0,-4.88,24.4,-29.28,-9.76,-14.64,-9.76
9.76,9.76,0,-9.76,4.88,4.88,14.64,29.28,-19.52,4.88,4.88,-4.88
9.76,4.88,-4.88,-4.88,4.88,0,29.28,19.52,-9.76,9.76,0,-4.88
4.88,4.88,0,-4.88,0,0,43.92,19.52,0,14.64,4.88,-4.88
9.76,9.76,0,-9.76,4.88,4.88,48.8,14.64,0,19.52,0,-4.88
4.88,14.64,9.76,-9.76,-4.88,9.76,48.8,9.76,-19.52,9.76,0,-9.76
14.64,14.64,0,-14.64,4.88,4.88,39.04,0,-43.92,-14.64,-24.4,-24.4
