I,II,III,aVR,aVL,aVF,V1,V2,V3,V4,V5,V6
-58.56,-39.04,19.52,48.8,-39.04,-9.76,58.56,-43.92,-58.56,-68.32,-58.56,-48.8
-48.8,-34.16,14.64,43.92,-34.16,-9.76,48.8,-48.8,-68.32,-73.2,-58.56,-53.68
-34.16,-43.92,-9.76,39.04,-14.64,-29.28,43.92,-53.68,-73.2,-82.96,-68.32,-53.68
-53.68,-43.92,9.76,48.8,-34.16,-19.52,48.8,-48.8,-68.32,-73.2,-58.56,-43.92
-68.32,-39.04,29.28,53.68,-48.8,-4.88,48.8,-43.92,-63.44,-73.2,-58.56,-43.92
-73.2,-39.04,34.16,58.56,-53.68,-4.88,63.44,-39.04,-63.44,-73.2,-58.56,-43.92
-68.32,-29.28,39.04,48.8,-53.68,4.88,63.44,-43.92,-63.44,-78.08,-68.32,-48.8
-78.08,-53.68,24.4,68.32,-53.68,-14.64,48.8,-58.56,-78.08,-87.84,-73.2,-58.56
-68.32,-58.56,9.76,63.44,-39.04,-24.4,53.68,-53.68,-73.2,-82.96,-68.32,-53.68
-63.44,-43.92,19.52,53.68,-43.92,-14.64,58.56,-53.68,-68.32,-82.96,-63.44,-48.8
-48.8,-24.4,24.4,39.04,-39.04,0,58.56,-53.68,-68.32,-78.08,-58.56,-48.8
-63.44,-34.16,29.28,48.8,-48.8,-4.88,53.68,-58.56,-73.2,-78.08,-63.44,-48.8
-48.8,-43.92,4.88,48.8,-29.28,-19.52,48.8,-73.2,-78.08,-97.6,-73.2,-53.68
-39.04,-24.4,14.64,34.16,-29.28,-4.88,58.56,-58.56,-78.08,-87.84,-63.44,-43.92
-53.68,-29.28,24.4,43.92,-39.04,-4.88,58.56,-53.68,-82.96,-92.72,-63.44,-43.92
-73.2,-43.92,29.28,58.56,-53.68,-9.76,48.8,-63.44,-97.6,-112.24,-82.96,-53.68
-53.68,-34.16,19.52,43.92,-39.04,-9.76,48.8,-68.32,-102.48,-112.24,-82.96,-58.56
-63.44,-43.92,19.52,53.68,-43.92,-14.64,43.92,-73.2,-107.36,-117.12,-87.84,-68.32
-58.56,-48.8,9.76,53.68,-34.16,-19.52,39.04,-78.08,-102.48,-117.12,-87.84,-68.32
-48.8,-39.04,9.76,43.92,-29.28,-14.64,39.04,-82.96,-107.36,-112.24,-82.96,-68.32
-24.4,-34.16,-9.76,29.28,-9.76,-24.4,34.16,-87.84,-107.36,-112.24,-87.84,-68.32
-19.52,-9.76,9.76,14.64,-14.64,0,43.92,-78.08,-97.6,-102.48,-78.08,-53.68
-78.08,-14.64,63.44,48.8,-73.2,24.4,53.68,-78.08,-92.72,-97.6,-68.32,-48.8
-82.96,-29.28,53.68,58.56,-68.32,9.76,48.8,-78.08,-97.6,-97.6,-68.32,-43.92
-73.2,-29.28,43.92,53.68,-58.56,4.88,48.8,-73.2,-102.48,-102.48,-78.08,-48.8
-73.2,-24.4,48.8,48.8,-63.44,9.76,39.04,-82.96,-112.24,-117.12,-82.96,-53.68
-73.2,-34.16,39.04,53.68,-58.56,0,29.28,-92.72,-122,-126.88,-97.6,-68.32
-63.44,-53.68,9.76,58.56,-39.04,-24.4,34.16,-87.84,-112.24,-117.12,-87.84,-63.44
-53.68,-43.92,9.76,48.8,-34.16,-19.52,39.04,-82.96,-102.48,-112.24,-82.96,-58.56
-48.8,-24.4,24.4,39.04,-39.04,0,43.92,-82.96,-102.48,-102.48,-82.96,-48.8
-43.92,-43.92,0,43.92,-24.4,-24.4,34.16,-97.6,-107.36,-112.24,-92.72,-63.44
-63.44,-58.56,4.88,63.44,-34.16,-29.28,29.28,-102.48,-117.12,-117.12,-97.6,-63.44
-63.44,-43.92,19.52,53.68,-43.92,-14.64,24.4,-107.36,-122,-122,-92.72,-63.44
-73.2,-43.92,29.28,58.56,-53.68,-9.76,24.4,-107.36,-117.12,-122,-97.6,-63.44
-78.08,-43.92,34.16,63.44,-58.56,-4.88,29.28,-97.6,-117.12,-122,-107.36,-68.32
-68.32,-43.92,24.4,58.56,-48.8,-9.76,29.28,-97.6,-126.88,-126.88,-97.6,-58.56
-58.56,-34.16,24.4,48.8,-43.92,-4.88,29.28,-102.48,-131.76,-136.64,-102.48,-68.32
-39.04,-19.52,19.52,29.28,-29.28,0,39.04,-92.72,-117.12,-117.12,-92.72,-58.56
-39.04,-34.16,4.88,39.04,-24.4,-14.64,39.04,-92.72,-117.12,-122,-97.6,-63.44
-48.8,-43.92,4.88,48.8,-29.28,-19.52,29.28,-97.6,-126.88,-126.88,-102.48,-63.44
-63.44,-43.92,19.52,53.68,-43.92,-14.64,34.16,-92.72,-112.24,-117.12,-97.6,-63.44
-73.2,-34.16,39.04,53.68,-58.56,0,34.16,-87.84,-112.24,-107.36,-87.84,-58.56
-78.08,-48.8,29.28,63.44,-53.68,-9.76,24.4,-97.6,-122,-122,-97.6,-68.32
-63.44,-43.92,19.52,53.68,-43.92,-14.64,19.52,-102.48,-122,-126.88,-102.48,-73.2
-58.56,-48.8,9.76,53.68,-34.16,-19.52,24.4,-97.6,-126.88,-126.88,-102.48,-73.2
-68.32,-39.04,29.28,53.68,-48.8,-4.88,34.16,-92.72,-126.88,-122,-97.6,-63.44
-78.08,-43.92,34.16,63.44,-58.56,-4.88,39.04,-92.72,-122,-122,-92.72,-68.32
-68.32,-39.04,29.28,53.68,-48.8,-4.88,34.16,-97.6,-122,-122,-92.72,-68.32
-63.44,-34.16,29.28,48.8,-48.8,-4.88,34.16,-97.6,-122,-122,-97.6,-68.32
-68.32,-48.8,19.52,58.56,-43.92,-14.64,29.28,-102.48,-122,-122,-97.6,-63.44
-68.32,-48.8,19.52,58.56,-43.92,-14.64,24.4,-112.24,-122,-126.88,-102.48,-73.2
-78.08,-53.68,24.4,68.32,-53.68,-14.64,19.52,-117.12,-126.88,-122,-97.6,-68.32
-63.44,-43.92,19.52,53.68,-43.92,-14.64,24.4,-112.24,-126.88,-122,-97.6,-63.44
-34.16,-19.52,14.64,29.28,-24.4,-4.88,14.64,-117.12,-136.64,-131.76,-107.36,-68.32
-34.16,-24.4,9.76,29.28,-24.4,-9.76,9.76,-122,-141.52,-136.64,-117.12,-78.08
-53.68,-34.16,19.52,43.92,-39.04,-9.76,19.52,-112.24,-136.64,-136.64,-107.36,-63.44
-97.6,-39.04,58.56,68.32,-78.08,9.76,29.28,-102.48,-126.88,-131.76,-97.6,-58.56
-92.72,-34.16,58.56,63.44,-78.08,9.76,24.4,-107.36,-131.76,-126.88,-102.48,-58.56
-53.68,-29.28,24.4,43.92,-39.04,-4.88,9.76,-117.12,-131.76,-136.64,-112.24,-73.2
-82.96,-29.28,53.68,58.56,-68.32,9.76,19.52,-112.24,-131.76,-131.76,-107.36,-63.44
-92.72,-14.64,78.08,53.68,-87.84,29.28,29.28,-97.6,-117.12,-117.12,-92.72,-48.8
-58.56,-24.4,34.16,43.92,-48.8,4.88,19.52,-107.36,-126.88,-122,-102.48,-63.44
-63.44,-43.92,19.52,53.68,-43.92,-14.64,9.76,-117.12,-136.64,-131.76,-112.24,-68.32
-78.08,-53.68,24.4,68.32,-53.68,-14.64,4.88,-122,-146.4,-136.64,-122,-73.2
-78.08,-39.04,39.04,58.56,-58.56,0,14.64,-112.24,-141.52,-136.64,-117.12,-68.32
-97.6,-39.04,58.56,68.32,-78.08,9.76,24.4,-102.48,-136.64,-131.76,-107.36,-58.56
-92.72,-34.16,58.56,63.44,-78.08,9.76,14.64,-107.36,-141.52,-141.52,-117.12,-68.32
-68.32,-24.4,43.92,48.8,-58.56,9.76,24.4,-97.6,-131.76,-126.88,-107.36,-58.56
-43.92,-14.64,29.28,29.28,-39.04,4.88,24.4,-92.72,-122,-122,-107.36,-63.44
-39.04,-19.52,19.52,29.28,-29.28,0,14.64,-107.36,-136.64,-131.76,-112.24,-68.32
-34.16,-14.64,19.52,24.4,-29.28,0,24.4,-97.6,-122,-117.12,-102.48,-58.56
-68.32,0,68.32,34.16,-68.32,34.16,34.16,-82.96,-112.24,-107.36,-92.72,-48.8
-63.44,0,63.44,34.16,-63.44,29.28,43.92,-78.08,-102.48,-97.6,-87.84,-43.92
-39.04,9.76,48.8,14.64,-43.92,29.28,43.92,-73.2,-107.36,-97.6,-87.84,-43.92
-43.92,19.52,63.44,14.64,-53.68,39.04,48.8,-68.32,-102.48,-92.72,-82.96,-39.04
-53.68,14.64,68.32,19.52,-63.44,39.04,39.04,-82.96,-117.12,-112.24,-87.84,-43.92
-48.8,14.64,63.44,19.52,-58.56,39.04,29.28,-87.84,-117.12,-112.24,-92.72,-43.92
-53.68,14.64,68.32,19.52,-63.44,39.04,34.16,-82.96,-112.24,-107.36,-87.84,-34.16
-82.96,0,82.96,43.92,-82.96,39.04,39.04,-78.08,-107.36,-107.36,-87.84,-34.16
-48.8,4.88,53.68,24.4,-53.68,29.28,43.92,-78.08,-112.24,-107.36,-92.72,-39.04
-39.04,24.4,63.44,9.76,-53.68,43.92,53.68,-73.2,-97.6,-97.6,-92.72,-34.16
-24.4,34.16,58.56,-4.88,-43.92,43.92,58.56,-73.2,-92.72,-102.48,-92.72,-34.16
-19.52,43.92,63.44,-9.76,-43.92,53.68,63.44,-58.56,-87.84,-97.6,-82.96,-29.28
-39.04,48.8,87.84,-4.88,-63.44,68.32,63.44,-53.68,-87.84,-87.84,-78.08,-19.52
-48.8,24.4,73.2,14.64,-63.44,48.8,48.8,-63.44,-87.84,-92.72,-82.96,-24.4
-39.04,39.04,78.08,0,-58.56,58.56,48.8,-68.32,-97.6,-97.6,-82.96,-24.4
-48.8,29.28,78.08,9.76,-63.44,53.68,48.8,-58.56,-87.84,-82.96,-73.2,-19.52
-34.16,29.28,63.44,4.88,-48.8,43.92,43.92,-53.68,-82.96,-82.96,-68.32,-14.64
0,53.68,53.68,-24.4,-29.28,53.68,43.92,-53.68,-78.08,-78.08,-63.44,-9.76
0,43.92,43.92,-19.52,-24.4,43.92,19.52,-63.44,-87.84,-87.84,-73.2,-14.64
-19.52,48.8,68.32,-14.64,-43.92,58.56,4.88,-78.08,-92.72,-82.96,-73.2,-14.64
-9.76,53.68,63.44,-19.52,-39.04,58.56,0,-82.96,-102.48,-87.84,-68.32,-9.76
0,48.8,48.8,-24.4,-24.4,48.8,-14.64,-87.84,-112.24,-87.84,-68.32,-14.64
0,53.68,53.68,-24.4,-29.28,53.68,-14.64,-92.72,-112.24,-92.72,-68.32,-14.64
0,68.32,68.32,-34.16,-34.16,68.32,-14.64,-92.72,-112.24,-92.72,-68.32,-14.64
-4.88,58.56,63.44,-24.4,-34.16,58.56,-39.04,-107.36,-131.76,-112.24,-78.08,-19.52
4.88,48.8,43.92,-24.4,-19.52,43.92,-39.04,-112.24,-131.76,-112.24,-82.96,-19.52
4.88,29.28,24.4,-14.64,-9.76,24.4,-53.68,-117.12,-136.64,-117.12,-87.84,-29.28
4.88,14.64,9.76,-9.76,-4.88,9.76,-53.68,-117.12,-141.52,-117.12,-97.6,-34.16
9.76,14.64,4.88,-9.76,0,9.76,-48.8,-107.36,-131.76,-112.24,-92.72,-34.16
0,19.52,19.52,-9.76,-9.76,19.52,-43.92,-102.48,-122,-97.6,-87.84,-29.28
24.4,34.16,9.76,-29.28,4.88,19.52,-43.92,-107.36,-122,-107.36,-82.96,-24.4
34.16,34.16,0,-34.16,14.64,14.64,-39.04,-112.24,-126.88,-107.36,-82.96,-24.4
0,19.52,19.52,-9.76,-9.76,19.52,-34.16,-102.48,-122,-102.48,-78.08,-14.64
-4.88,24.4,29.28,-9.76,-19.52,24.4,-24.4,-117.12,-131.76,-112.24,-82.96,-19.52
4.88,0,-4.88,0,4.88,-4.88,-48.8,-141.52,-161.04,-141.52,-107.36,-43.92
-29.28,-9.76,19.52,19.52,-24.4,4.88,-48.8,-136.64,-156.16,-136.64,-107.36,-43.92
-43.92,-24.4,19.52,34.16,-34.16,-4.88,-53.68,-136.64,-161.04,-141.52,-117.12,-48.8
-29.28,-24.4,4.88,29.28,-19.52,-9.76,-53.68,-146.4,-165.92,-146.4,-126.88,-58.56
-34.16,-29.28,4.88,34.16,-19.52,-14.64,-58.56,-151.28,-175.68,-146.4,-126.88,-58.56
-43.92,-29.28,14.64,39.04,-29.28,-9.76,-58.56,-156.16,-180.56,-146.4,-131.76,-63.44
-43.92,-43.92,0,43.92,-24.4,-24.4,-58.56,-165.92,-185.44,-156.16,-131.76,-63.44
-34.16,-34.16,0,34.16,-19.52,-19.52,-48.8,-156.16,-180.56,-146.4,-126.88,-58.56
-43.92,-34.16,9.76,39.04,-29.28,-14.64,-43.92,-156.16,-180.56,-156.16,-131.76,-63.44
-58.56,-43.92,14.64,53.68,-39.04,-14.64,-43.92,-156.16,-180.56,-156.16,-131.76,-68.32
-73.2,-53.68,19.52,63.44,-48.8,-19.52,-39.04,-146.4,-180.56,-161.04,-131.76,-68.32
-78.08,-43.92,34.16,63.44,-58.56,-4.88,-39.04,-151.28,-190.32,-170.8,-151.28,-82.96
-53.68,-39.04,14.64,48.8,-34.16,-14.64,-39.04,-151.28,-190.32,-175.68,-156.16,-82.96
-48.8,-43.92,4.88,48.8,-29.28,-19.52,-48.8,-165.92,-195.2,-180.56,-165.92,-87.84
-73.2,-58.56,14.64,68.32,-43.92,-24.4,-43.92,-161.04,-195.2,-185.44,-161.04,-87.84
-78.08,-48.8,29.28,63.44,-53.68,-9.76,-43.92,-156.16,-185.44,-175.68,-156.16,-87.84
-73.2,-63.44,9.76,68.32,-43.92,-29.28,-58.56,-175.68,-209.84,-190.32,-165.92,-92.72
-78.08,-68.32,9.76,73.2,-43.92,-29.28,-53.68,-180.56,-209.84,-185.44,-161.04,-92.72
-53.68,-53.68,0,53.68,-29.28,-29.28,-58.56,-180.56,-214.72,-200.08,-165.92,-97.6
-63.44,-39.04,24.4,53.68,-43.92,-9.76,-53.68,-170.8,-209.84,-190.32,-156.16,-78.08
-87.84,-48.8,39.04,68.32,-63.44,-4.88,-53.68,-165.92,-209.84,-185.44,-165.92,-78.08
-82.96,-53.68,29.28,68.32,-58.56,-14.64,-53.68,-161.04,-209.84,-185.44,-170.8,-82.96
-97.6,-58.56,39.04,78.08,-68.32,-9.76,-43.92,-156.16,-200.08,-180.56,-165.92,-78.08
-102.48,-63.44,39.04,82.96,-73.2,-14.64,-53.68,-165.92,-204.96,-180.56,-170.8,-82.96
-78.08,-53.68,24.4,68.32,-53.68,-14.64,-48.8,-161.04,-204.96,-180.56,-170.8,-82.96
-87.84,-73.2,14.64,82.96,-53.68,-29.28,-63.44,-175.68,-214.72,-190.32,-175.68,-87.84
-112.24,-92.72,19.52,102.48,-68.32,-39.04,-68.32,-180.56,-219.6,-200.08,-175.68,-87.84
-78.08,-48.8,29.28,63.44,-53.68,-9.76,-48.8,-156.16,-204.96,-170.8,-156.16,-73.2
-58.56,-39.04,19.52,48.8,-39.04,-9.76,-48.8,-151.28,-200.08,-175.68,-156.16,-78.08
-78.08,-58.56,19.52,68.32,-48.8,-19.52,-58.56,-156.16,-204.96,-180.56,-161.04,-82.96
-78.08,-43.92,34.16,63.44,-58.56,-4.88,-43.92,-146.4,-200.08,-175.68,-161.04,-82.96
-78.08,-48.8,29.28,63.44,-53.68,-9.76,-48.8,-151.28,-200.08,-175.68,-161.04,-82.96
-53.68,-34.16,19.52,43.92,-39.04,-9.76,-58.56,-161.04,-204.96,-180.56,-170.8,-92.72
-53.68,-39.04,14.64,48.8,-34.16,-14.64,-53.68,-151.28,-204.96,-175.68,-170.8,-97.6
-68.32,-53.68,14.64,63.44,-43.92,-19.52,-43.92,-146.4,-190.32,-170.8,-161.04,-82.96
-73.2,-53.68,19.52,63.44,-48.8,-19.52,-43.92,-146.4,-180.56,-161.04,-151.28,-73.2
-78.08,-68.32,9.76,73.2,-43.92,-29.28,-39.04,-136.64,-180.56,-161.04,-156.16,-78.08
-73.2,-82.96,-9.76,78.08,-34.16,-48.8,-24.4,-122,-185.44,-170.8,-165.92,-92.72
-78.08,-87.84,-9.76,82.96,-34.16,-48.8,-9.76,-102.48,-190.32,-190.32,-190.32,-117.12
-87.84,-112.24,-24.4,102.48,-34.16,-68.32,19.52,-58.56,-170.8,-190.32,-209.84,-131.76
-107.36,-141.52,-34.16,126.88,-39.04,-87.84,43.92,-24.4,-165.92,-204.96,-234.24,-161.04
-117.12,-151.28,-34.16,136.64,-43.92,-92.72,68.32,19.52,-141.52,-195.2,-239.12,-165.92
-87.84,-131.76,-43.92,112.24,-24.4,-87.84,78.08,63.44,-97.6,-170.8,-229.36,-165.92
-48.8,-112.24,-63.44,82.96,4.88,-87.84,102.48,131.76,-34.16,-122,-195.2,-141.52
-48.8,-122,-73.2,87.84,9.76,-97.6,122,200.08,34.16,-68.32,-165.92,-117.12
-39.04,-131.76,-92.72,87.84,24.4,-112.24,131.76,268.4,102.48,9.76,-117.12,-73.2
92.72,-87.84,-180.56,0,136.64,-136.64,117.12,331.84,195.2,107.36,-34.16,-4.88
234.24,-14.64,-248.88,-107.36,239.12,-131.76,78.08,380.64,297.68,239.12,87.84,92.72
326.96,43.92,-283.04,-185.44,302.56,-122,14.64,366,380.64,366,214.72,204.96
439.2,117.12,-322.08,-278.16,380.64,-102.48,-82.96,297.68,439.2,492.88,351.36,331.84
570.96,204.96,-366,-385.52,468.48,-82.96,-200.08,204.96,497.76,639.28,507.52,483.12
688.08,307.44,-380.64,-497.76,531.92,-39.04,-287.92,126.88,580.72,814.96,697.84,663.68
775.92,414.8,-361.12,-595.36,566.08,24.4,-375.76,34.16,639.28,966.24,873.52,834.48
868.64,517.28,-351.36,-692.96,610,82.96,-463.6,-73.2,668.56,1088.24,1019.92,976
941.84,629.52,-312.32,-785.68,624.64,156.16,-556.32,-180.56,697.84,1195.6,1156.56,1112.64
956.48,736.88,-219.6,-844.24,585.6,258.64,-619.76,-253.76,766.16,1312.72,1288.32,1234.64
888.16,829.6,-58.56,-858.88,473.36,385.52,-668.56,-336.72,795.44,1390.8,1381.04,1327.36
775.92,941.84,165.92,-858.88,302.56,551.44,-722.24,-463.6,761.28,1395.68,1429.84,1395.68
663.68,976,312.32,-819.84,175.68,644.16,-795.44,-624.64,595.36,1244.4,1366.4,1361.52
556.32,907.68,351.36,-732,102.48,629.52,-868.64,-800.32,312.32,927.2,1122.4,1171.2
424.56,741.76,317.2,-580.72,53.68,527.04,-897.92,-961.36,-43.92,502.64,756.4,868.64
273.28,580.72,307.44,-424.56,-19.52,444.08,-873.52,-1107.76,-375.76,92.72,400.16,575.84
102.48,488,385.52,-292.8,-141.52,434.32,-834.48,-1229.76,-658.8,-244,122,331.84
-53.68,375.76,429.44,-161.04,-244,400.16,-805.2,-1317.6,-888.16,-512.4,-97.6,136.64
-161.04,253.76,414.8,-43.92,-287.92,331.84,-741.76,-1327.36,-1015.04,-683.2,-248.88,-14.64
-219.6,180.56,400.16,19.52,-312.32,287.92,-678.32,-1239.52,-1015.04,-727.12,-326.96,-97.6
-219.6,87.84,307.44,68.32,-263.52,195.2,-629.52,-1117.52,-966.24,-727.12,-390.4,-175.68
-190.32,24.4,214.72,82.96,-204.96,117.12,-575.84,-1000.4,-888.16,-692.96,-409.92,-219.6
-165.92,-19.52,146.4,92.72,-156.16,63.44,-488,-839.36,-761.28,-605.12,-375.76,-204.96
-151.28,-78.08,73.2,117.12,-112.24,-4.88,-405.04,-668.56,-619.76,-497.76,-322.08,-175.68
-141.52,-82.96,58.56,112.24,-102.48,-14.64,-341.6,-551.44,-536.8,-434.32,-283.04,-156.16
-126.88,-58.56,68.32,92.72,-97.6,4.88,-287.92,-458.72,-463.6,-380.64,-253.76,-131.76
-102.48,-34.16,68.32,68.32,-87.84,14.64,-229.36,-356.24,-380.64,-317.2,-214.72,-112.24
-63.44,-4.88,58.56,34.16,-63.44,24.4,-165.92,-253.76,-312.32,-253.76,-175.68,-82.96
-73.2,-9.76,63.44,43.92,-68.32,24.4,-131.76,-195.2,-268.4,-224.48,-165.92,-82.96
-87.84,-39.04,48.8,63.44,-68.32,4.88,-102.48,-151.28,-234.24,-204.96,-170.8,-87.84
-58.56,-48.8,9.76,53.68,-34.16,-19.52,-73.2,-102.48,-195.2,-175.68,-156.16,-73.2
-48.8,-53.68,-4.88,53.68,-24.4,-29.28,-58.56,-63.44,-170.8,-156.16,-146.4,-68.32
-34.16,-53.68,-19.52,43.92,-9.76,-39.04,-53.68,-58.56,-165.92,-156.16,-151.28,-73.2
-48.8,-43.92,4.88,48.8,-29.28,-19.52,-34.16,-48.8,-151.28,-141.52,-141.52,-68.32
-68.32,-53.68,14.64,63.44,-43.92,-19.52,-29.28,-39.04,-156.16,-146.4,-136.64,-63.44
-53.68,-39.04,14.64,48.8,-34.16,-14.64,-19.52,-24.4,-146.4,-146.4,-141.52,-68.32
-53.68,-34.16,19.52,43.92,-39.04,-9.76,-4.88,-4.88,-136.64,-136.64,-131.76,-63.44
-73.2,-43.92,29.28,58.56,-53.68,-9.76,-4.88,0,-141.52,-131.76,-136.64,-68.32
-78.08,-39.04,39.04,58.56,-58.56,0,0,14.64,-131.76,-136.64,-131.76,-68.32
-73.2,-43.92,29.28,58.56,-53.68,-9.76,-4.88,4.88,-131.76,-141.52,-141.52,-82.96
-68.32,-73.2,-4.88,73.2,-34.16,-39.04,0,9.76,-126.88,-131.76,-136.64,-73.2
-78.08,-68.32,9.76,73.2,-43.92,-29.28,9.76,24.4,-112.24,-117.12,-122,-63.44
-63.44,-58.56,4.88,63.44,-34.16,-29.28,24.4,34.16,-97.6,-107.36,-117.12,-58.56
-68.32,-58.56,9.76,63.44,-39.04,-24.4,19.52,39.04,-87.84,-97.6,-117.12,-58.56
-53.68,-53.68,0,53.68,-29.28,-29.28,14.64,34.16,-97.6,-102.48,-117.12,-53.68
-48.8,-53.68,-4.88,53.68,-24.4,-29.28,9.76,34.16,-97.6,-107.36,-117.12,-63.44
-53.68,-48.8,4.88,53.68,-29.28,-24.4,24.4,53.68,-82.96,-92.72,-107.36,-48.8
-63.44,-34.16,29.28,48.8,-48.8,-4.88,29.28,63.44,-87.84,-87.84,-107.36,-48.8
-39.04,-34.16,4.88,39.04,-24.4,-14.64,24.4,53.68,-92.72,-92.72,-112.24,-58.56
-48.8,-53.68,-4.88,53.68,-24.4,-29.28,39.04,63.44,-73.2,-82.96,-112.24,-58.56
-48.8,-58.56,-9.76,53.68,-19.52,-34.16,34.16,68.32,-68.32,-78.08,-107.36,-53.68
-73.2,-73.2,0,73.2,-39.04,-39.04,34.16,68.32,-73.2,-78.08,-107.36,-48.8
-97.6,-102.48,-4.88,102.48,-48.8,-53.68,24.4,53.68,-73.2,-87.84,-117.12,-58.56
-53.68,-73.2,-19.52,63.44,-19.52,-48.8,19.52,58.56,-63.44,-78.08,-112.24,-53.68
-34.16,-53.68,-19.52,43.92,-9.76,-39.04,19.52,63.44,-68.32,-73.2,-102.48,-43.92
-39.04,-73.2,-34.16,58.56,-4.88,-53.68,24.4,63.44,-68.32,-78.08,-107.36,-53.68
-24.4,-43.92,-19.52,34.16,-4.88,-34.16,34.16,78.08,-58.56,-63.44,-97.6,-39.04
-24.4,-39.04,-14.64,34.16,-4.88,-29.28,39.04,87.84,-58.56,-58.56,-92.72,-34.16
-29.28,-48.8,-19.52,39.04,-4.88,-34.16,34.16,82.96,-68.32,-73.2,-97.6,-53.68
-24.4,-43.92,-19.52,34.16,-4.88,-34.16,29.28,82.96,-68.32,-73.2,-107.36,-63.44
-43.92,-53.68,-9.76,48.8,-19.52,-34.16,34.16,92.72,-53.68,-63.44,-97.6,-43.92
-29.28,-43.92,-14.64,39.04,-9.76,-29.28,39.04,97.6,-43.92,-63.44,-87.84,-39.04
-19.52,-48.8,-29.28,34.16,4.88,-39.04,34.16,92.72,-43.92,-58.56,-92.72,-43.92
-14.64,-63.44,-48.8,39.04,14.64,-58.56,29.28,92.72,-39.04,-53.68,-87.84,-39.04
-19.52,-58.56,-39.04,39.04,9.76,-48.8,34.16,97.6,-39.04,-48.8,-78.08,-29.28
-24.4,-48.8,-24.4,39.04,0,-39.04,39.04,102.48,-34.16,-48.8,-78.08,-34.16
-14.64,-53.68,-39.04,34.16,9.76,-48.8,34.16,102.48,-39.04,-48.8,-82.96,-34.16
-9.76,-19.52,-9.76,14.64,0,-14.64,43.92,117.12,-29.28,-39.04,-68.32,-24.4
-39.04,-24.4,14.64,34.16,-29.28,-4.88,48.8,126.88,-19.52,-34.16,-63.44,-19.52
-43.92,-34.16,9.76,39.04,-29.28,-14.64,43.92,136.64,-14.64,-24.4,-63.44,-19.52
-34.16,-29.28,4.88,34.16,-19.52,-14.64,39.04,136.64,-9.76,-24.4,-58.56,-14.64
-34.16,-34.16,0,34.16,-19.52,-19.52,34.16,131.76,-4.88,-19.52,-58.56,-14.64
-14.64,-39.04,-24.4,29.28,4.88,-34.16,29.28,126.88,-9.76,-24.4,-68.32,-24.4
-24.4,-53.68,-29.28,39.04,0,-43.92,29.28,126.88,-4.88,-14.64,-58.56,-14.64
-14.64,-48.8,-34.16,34.16,9.76,-43.92,29.28,131.76,-4.88,-9.76,-53.68,-9.76
-14.64,-39.04,-24.4,29.28,4.88,-34.16,34.16,131.76,0,-14.64,-58.56,-19.52
0,-34.16,-34.16,19.52,14.64,-34.16,39.04,146.4,9.76,-4.88,-48.8,-14.64
14.64,-24.4,-39.04,4.88,24.4,-34.16,43.92,156.16,14.64,0,-43.92,-9.76
0,-34.16,-34.16,19.52,14.64,-34.16,39.04,156.16,4.88,-4.88,-53.68,-14.64
0,-34.16,-34.16,19.52,14.64,-34.16,39.04,161.04,19.52,4.88,-53.68,-19.52
19.52,-9.76,-29.28,-4.88,24.4,-19.52,48.8,175.68,34.16,19.52,-39.04,0
14.64,-9.76,-24.4,0,19.52,-19.52,48.8,170.8,34.16,14.64,-43.92,-4.88
4.88,-29.28,-34.16,14.64,19.52,-34.16,43.92,165.92,39.04,19.52,-39.04,-4.88
9.76,-39.04,-48.8,14.64,29.28,-43.92,39.04,170.8,43.92,29.28,-34.16,-4.88
19.52,-29.28,-48.8,4.88,34.16,-39.04,39.04,175.68,48.8,34.16,-24.4,4.88
48.8,4.88,-43.92,-24.4,43.92,-19.52,48.8,190.32,53.68,39.04,-24.4,9.76
39.04,-19.52,-58.56,-9.76,48.8,-39.04,43.92,190.32,53.68,39.04,-24.4,9.76
9.76,-53.68,-63.44,24.4,34.16,-58.56,39.04,195.2,53.68,34.16,-24.4,9.76
24.4,-34.16,-58.56,4.88,39.04,-48.8,39.04,204.96,53.68,39.04,-19.52,9.76
14.64,-39.04,-53.68,14.64,34.16,-48.8,34.16,204.96,63.44,43.92,-24.4,4.88
29.28,-48.8,-78.08,9.76,53.68,-63.44,34.16,214.72,73.2,53.68,-9.76,14.64
39.04,-29.28,-68.32,-4.88,53.68,-48.8,34.16,209.84,78.08,58.56,-9.76,14.64
43.92,4.88,-39.04,-24.4,39.04,-19.52,48.8,229.36,102.48,78.08,4.88,39.04
58.56,24.4,-34.16,-39.04,43.92,-4.88,58.56,248.88,122,107.36,24.4,53.68
39.04,-4.88,-43.92,-14.64,39.04,-24.4,48.8,244,112.24,97.6,24.4,48.8
34.16,-43.92,-78.08,4.88,53.68,-63.44,43.92,248.88,117.12,102.48,24.4,48.8
63.44,-19.52,-82.96,-19.52,73.2,-53.68,53.68,273.28,141.52,117.12,34.16,63.44
43.92,-4.88,-48.8,-19.52,43.92,-29.28,63.44,283.04,146.4,131.76,39.04,73.2
48.8,-9.76,-58.56,-19.52,53.68,-34.16,53.68,287.92,151.28,122,34.16,63.44
102.48,9.76,-92.72,-53.68,97.6,-43.92,48.8,292.8,151.28,131.76,34.16,58.56
112.24,0,-112.24,-53.68,112.24,-58.56,43.92,297.68,161.04,141.52,39.04,68.32
117.12,9.76,-107.36,-63.44,112.24,-48.8,53.68,307.44,170.8,151.28,48.8,73.2
87.84,14.64,-73.2,-48.8,78.08,-29.28,58.56,317.2,190.32,170.8,58.56,87.84
112.24,14.64,-97.6,-63.44,102.48,-43.92,53.68,322.08,195.2,180.56,73.2,92.72
141.52,29.28,-112.24,-82.96,126.88,-43.92,48.8,326.96,204.96,185.44,82.96,102.48
131.76,34.16,-97.6,-82.96,112.24,-34.16,53.68,336.72,209.84,190.32,87.84,102.48
126.88,29.28,-97.6,-78.08,112.24,-34.16,63.44,356.24,234.24,209.84,102.48,122
122,43.92,-78.08,-82.96,97.6,-19.52,63.44,366,239.12,219.6,112.24,126.88
141.52,48.8,-92.72,-92.72,117.12,-24.4,63.44,375.76,248.88,229.36,112.24,131.76
146.4,63.44,-82.96,-102.48,112.24,-9.76,68.32,390.4,263.52,248.88,117.12,141.52
156.16,63.44,-92.72,-107.36,122,-14.64,58.56,390.4,273.28,248.88,122,136.64
180.56,63.44,-117.12,-122,146.4,-29.28,39.04,385.52,263.52,248.88,117.12,126.88
195.2,78.08,-117.12,-136.64,156.16,-19.52,34.16,380.64,268.4,253.76,126.88,136.64
200.08,82.96,-117.12,-141.52,156.16,-19.52,39.04,395.28,292.8,278.16,141.52,151.28
204.96,92.72,-112.24,-146.4,156.16,-9.76,48.8,414.8,307.44,297.68,165.92,165.92
214.72,107.36,-107.36,-161.04,161.04,0,48.8,414.8,317.2,302.56,161.04,161.04
219.6,82.96,-136.64,-151.28,175.68,-29.28,39.04,414.8,317.2,302.56,161.04,165.92
195.2,87.84,-107.36,-141.52,151.28,-9.76,48.8,429.44,326.96,322.08,175.68,185.44
229.36,117.12,-112.24,-170.8,170.8,0,53.68,444.08,341.6,331.84,185.44,190.32
248.88,117.12,-131.76,-180.56,190.32,-9.76,43.92,444.08,341.6,336.72,185.44,195.2
239.12,107.36,-131.76,-170.8,185.44,-14.64,43.92,448.96,356.24,351.36,204.96,209.84
239.12,112.24,-126.88,-175.68,180.56,-9.76,34.16,453.84,366,361.12,214.72,214.72
234.24,102.48,-131.76,-165.92,180.56,-14.64,29.28,448.96,375.76,370.88,224.48,224.48
258.64,112.24,-146.4,-185.44,200.08,-19.52,29.28,453.84,385.52,380.64,229.36,229.36
273.28,126.88,-146.4,-200.08,209.84,-9.76,24.4,448.96,375.76,380.64,234.24,229.36
263.52,122,-141.52,-190.32,200.08,-9.76,19.52,448.96,375.76,385.52,234.24,229.36
258.64,122,-136.64,-190.32,195.2,-9.76,19.52,448.96,380.64,385.52,234.24,229.36
258.64,131.76,-126.88,-195.2,190.32,0,19.52,453.84,380.64,385.52,239.12,239.12
278.16,151.28,-126.88,-214.72,200.08,9.76,14.64,448.96,380.64,380.64,234.24,229.36
278.16,156.16,-122,-214.72,200.08,14.64,14.64,453.84,390.4,390.4,234.24,234.24
292.8,170.8,-122,-229.36,204.96,24.4,4.88,448.96,385.52,390.4,234.24,234.24
292.8,151.28,-141.52,-219.6,214.72,4.88,9.76,439.2,385.52,395.28,244,239.12
278.16,126.88,-151.28,-200.08,214.72,-14.64,4.88,429.44,380.64,395.28,244,239.12
287.92,131.76,-156.16,-209.84,219.6,-14.64,4.88,429.44,380.64,400.16,253.76,248.88
302.56,156.16,-146.4,-229.36,224.48,4.88,9.76,434.32,380.64,400.16,263.52,258.64
297.68,165.92,-131.76,-229.36,214.72,14.64,14.64,429.44,375.76,395.28,258.64,253.76
292.8,165.92,-126.88,-229.36,209.84,19.52,9.76,424.56,375.76,390.4,253.76,253.76
287.92,151.28,-136.64,-219.6,209.84,4.88,9.76,424.56,370.88,385.52,253.76,253.76
283.04,156.16,-126.88,-219.6,204.96,14.64,4.88,405.04,356.24,370.88,244,244
302.56,170.8,-131.76,-234.24,214.72,19.52,9.76,395.28,346.48,370.88,234.24,244
287.92,165.92,-122,-224.48,204.96,19.52,-4.88,385.52,331.84,356.24,229.36,229.36
248.88,165.92,-82.96,-204.96,165.92,39.04,4.88,380.64,331.84,356.24,229.36,234.24
258.64,146.4,-112.24,-200.08,185.44,14.64,0,361.12,322.08,341.6,219.6,224.48
239.12,122,-117.12,-180.56,175.68,0,-9.76,346.48,307.44,326.96,209.84,214.72
234.24,151.28,-82.96,-190.32,156.16,34.16,-4.88,336.72,297.68,317.2,209.84,204.96
209.84,146.4,-63.44,-175.68,136.64,39.04,4.88,331.84,287.92,312.32,204.96,204.96
195.2,131.76,-63.44,-161.04,126.88,34.16,14.64,317.2,278.16,297.68,190.32,200.08
180.56,136.64,-43.92,-156.16,112.24,43.92,19.52,307.44,258.64,278.16,175.68,185.44
165.92,122,-43.92,-141.52,102.48,39.04,9.76,287.92,229.36,253.76,156.16,170.8
165.92,117.12,-48.8,-141.52,107.36,34.16,14.64,268.4,214.72,239.12,141.52,151.28
151.28,112.24,-39.04,-131.76,92.72,34.16,19.52,263.52,209.84,234.24,146.4,161.04
141.52,102.48,-39.04,-122,87.84,29.28,9.76,239.12,190.32,209.84,126.88,141.52
165.92,122,-43.92,-141.52,102.48,39.04,0,219.6,165.92,185.44,107.36,126.88
146.4,102.48,-43.92,-122,92.72,29.28,0,204.96,156.16,170.8,102.48,122
92.72,82.96,-9.76,-87.84,48.8,34.16,0,190.32,141.52,161.04,87.84,112.24
87.84,78.08,-9.76,-82.96,48.8,34.16,-4.88,170.8,112.24,136.64,68.32,97.6
78.08,68.32,-9.76,-73.2,43.92,29.28,4.88,156.16,107.36,122,58.56,87.84
63.44,63.44,0,-63.44,29.28,29.28,19.52,161.04,97.6,117.12,53.68,87.84
43.92,34.16,-9.76,-39.04,24.4,9.76,4.88,136.64,68.32,87.84,34.16,63.44
24.4,29.28,4.88,-24.4,9.76,14.64,0,117.12,58.56,73.2,14.64,48.8
34.16,39.04,4.88,-34.16,14.64,19.52,4.88,107.36,53.68,68.32,14.64,48.8
24.4,29.28,4.88,-24.4,9.76,14.64,0,97.6,29.28,48.8,-4.88,24.4
39.04,43.92,4.88,-39.04,14.64,24.4,4.88,87.84,24.4,39.04,-9.76,19.52
14.64,29.28,14.64,-19.52,0,19.52,0,78.08,14.64,29.28,-9.76,14.64
-9.76,4.88,14.64,4.88,-14.64,9.76,-9.76,58.56,-4.88,9.76,-29.28,0
0,14.64,14.64,-4.88,-9.76,14.64,-14.64,48.8,-24.4,0,-29.28,0
9.76,34.16,24.4,-19.52,-9.76,29.28,4.88,53.68,-19.52,4.88,-29.28,0
-4.88,19.52,24.4,-4.88,-14.64,19.52,0,48.8,-34.16,-14.64,-43.92,-14.64
-14.64,0,14.64,9.76,-14.64,4.88,-14.64,29.28,-48.8,-39.04,-63.44,-29.28
-24.4,-14.64,9.76,19.52,-19.52,-4.88,-14.64,19.52,-53.68,-39.04,-73.2,-39.04
-34.16,0,34.16,19.52,-34.16,14.64,0,29.28,-48.8,-29.28,-58.56,-24.4
-43.92,4.88,48.8,19.52,-48.8,24.4,-4.88,14.64,-63.44,-43.92,-68.32,-34.16
-29.28,0,29.28,14.64,-29.28,14.64,-9.76,4.88,-68.32,-53.68,-68.32,-34.16
-19.52,4.88,24.4,9.76,-24.4,14.64,4.88,9.76,-63.44,-39.04,-58.56,-19.52
4.88,9.76,4.88,-4.88,0,4.88,-4.88,-4.88,-68.32,-53.68,-68.32,-34.16
0,9.76,9.76,-4.88,-4.88,9.76,-14.64,-24.4,-82.96,-68.32,-82.96,-48.8
-48.8,-9.76,39.04,29.28,-43.92,14.64,-9.76,-14.64,-82.96,-63.44,-78.08,-43.92
-78.08,-34.16,43.92,58.56,-63.44,4.88,-4.88,-9.76,-97.6,-78.08,-87.84,-58.56
-53.68,-19.52,34.16,39.04,-43.92,4.88,-4.88,-9.76,-97.6,-78.08,-82.96,-53.68
-43.92,-14.64,29.28,29.28,-39.04,4.88,0,-9.76,-97.6,-78.08,-82.96,-53.68
-39.04,-4.88,34.16,24.4,-39.04,14.64,-4.88,-9.76,-92.72,-73.2,-82.96,-48.8
-48.8,-14.64,34.16,34.16,-43.92,9.76,-4.88,-9.76,-92.72,-78.08,-82.96,-53.68
-73.2,-39.04,34.16,58.56,-53.68,-4.88,-14.64,-24.4,-102.48,-87.84,-92.72,-63.44
-43.92,-9.76,34.16,29.28,-39.04,9.76,-14.64,-24.4,-102.48,-82.96,-87.84,-53.68
-34.16,-4.88,29.28,19.52,-34.16,9.76,-19.52,-34.16,-112.24,-92.72,-92.72,-58.56
-39.04,-14.64,24.4,29.28,-34.16,4.88,-14.64,-29.28,-112.24,-92.72,-92.72,-58.56
-63.44,-24.4,39.04,43.92,-53.68,4.88,0,-14.64,-97.6,-73.2,-82.96,-48.8
-53.68,-4.88,48.8,29.28,-53.68,19.52,-4.88,-14.64,-102.48,-82.96,-87.84,-48.8
-43.92,-9.76,34.16,29.28,-39.04,9.76,-4.88,-14.64,-102.48,-82.96,-92.72,-53.68
-53.68,-34.16,19.52,43.92,-39.04,-9.76,-4.88,-24.4,-107.36,-92.72,-97.6,-68.32
-53.68,-43.92,9.76,48.8,-34.16,-19.52,-19.52,-34.16,-117.12,-97.6,-107.36,-73.2
-34.16,-19.52,14.64,29.28,-24.4,-4.88,-9.76,-24.4,-102.48,-87.84,-97.6,-63.44
-4.88,4.88,9.76,0,-9.76,4.88,0,-19.52,-92.72,-73.2,-92.72,-63.44
-19.52,-19.52,0,19.52,-9.76,-9.76,-14.64,-29.28,-107.36,-87.84,-102.48,-68.32
-48.8,-19.52,29.28,34.16,-39.04,4.88,-14.64,-24.4,-102.48,-82.96,-92.72,-63.44
-58.56,0,58.56,29.28,-58.56,29.28,0,-19.52,-92.72,-73.2,-87.84,-58.56
-58.56,-4.88,53.68,34.16,-58.56,24.4,4.88,-9.76,-92.72,-73.2,-82.96,-53.68
-58.56,-9.76,48.8,34.16,-53.68,19.52,0,-9.76,-97.6,-73.2,-82.96,-58.56
-82.96,-24.4,58.56,53.68,-73.2,14.64,-4.88,-14.64,-102.48,-78.08,-92.72,-63.44
-78.08,-29.28,48.8,53.68,-63.44,9.76,0,-9.76,-97.6,-78.08,-92.72,-63.44
-78.08,-19.52,58.56,48.8,-68.32,19.52,9.76,0,-82.96,-68.32,-82.96,-53.68
-73.2,-19.52,53.68,48.8,-63.44,14.64,0,-4.88,-87.84,-73.2,-82.96,-58.56
-73.2,-39.04,34.16,58.56,-53.68,-4.88,-4.88,-4.88,-87.84,-78.08,-87.84,-63.44
-53.68,-29.28,24.4,43.92,-39.04,-4.88,-4.88,-4.88,-87.84,-68.32,-82.96,-53.68
-34.16,-14.64,19.52,24.4,-29.28,0,-4.88,-4.88,-82.96,-58.56,-82.96,-53.68
-39.04,-14.64,24.4,29.28,-34.16,4.88,0,0,-78.08,-58.56,-78.08,-48.8
-53.68,-14.64,39.04,34.16,-48.8,9.76,4.88,4.88,-78.08,-58.56,-78.08,-43.92
-53.68,-19.52,34.16,39.04,-43.92,4.88,0,4.88,-87.84,-68.32,-82.96,-53.68
-48.8,-24.4,24.4,39.04,-39.04,0,-4.88,4.88,-87.84,-68.32,-87.84,-68.32
-53.68,-29.28,24.4,43.92,-39.04,-4.88,0,9.76,-78.08,-58.56,-78.08,-58.56
-53.68,-19.52,34.16,39.04,-43.92,4.88,-4.88,4.88,-78.08,-68.32,-82.96,-63.44
-68.32,-24.4,43.92,48.8,-58.56,9.76,-4.88,4.88,-82.96,-68.32,-82.96,-63.44
-78.08,-39.04,39.04,58.56,-58.56,0,-4.88,4.88,-78.08,-63.44,-82.96,-68.32
-43.92,-19.52,24.4,34.16,-34.16,0,14.64,19.52,-58.56,-48.8,-68.32,-43.92
-43.92,-24.4,19.52,34.16,-34.16,-4.88,9.76,14.64,-68.32,-53.68,-73.2,-48.8
-48.8,-43.92,4.88,48.8,-29.28,-19.52,-4.88,4.88,-78.08,-63.44,-82.96,-53.68
-48.8,-43.92,4.88,48.8,-29.28,-19.52,-4.88,4.88,-78.08,-68.32,-82.96,-58.56
-43.92,-19.52,24.4,34.16,-34.16,0,4.88,9.76,-73.2,-58.56,-78.08,-53.68
-29.28,9.76,39.04,9.76,-34.16,24.4,14.64,24.4,-63.44,-48.8,-68.32,-43.92
-43.92,-4.88,39.04,24.4,-43.92,14.64,9.76,19.52,-68.32,-53.68,-73.2,-48.8
-48.8,-24.4,24.4,39.04,-39.04,0,4.88,14.64,-73.2,-63.44,-82.96,-58.56
-29.28,-19.52,9.76,24.4,-19.52,-4.88,0,4.88,-73.2,-63.44,-82.96,-58.56
-58.56,-24.4,34.16,43.92,-48.8,4.88,4.88,9.76,-63.44,-48.8,-73.2,-48.8
-68.32,-24.4,43.92,48.8,-58.56,9.76,4.88,14.64,-63.44,-48.8,-73.2,-53.68
-58.56,-24.4,34.16,43.92,-48.8,4.88,0,4.88,-68.32,-53.68,-78.08,-53.68
-48.8,-29.28,19.52,39.04,-34.16,-4.88,4.88,9.76,-63.44,-48.8,-73.2,-48.8
-43.92,-19.52,24.4,34.16,-34.16,0,9.76,14.64,-58.56,-48.8,-68.32,-48.8
-48.8,-24.4,24.4,39.04,-39.04,0,0,9.76,-68.32,-58.56,-78.08,-58.56
-39.04,-4.88,34.16,24.4,-39.04,14.64,4.88,14.64,-68.32,-58.56,-82.96,-53.68
-43.92,-9.76,34.16,29.28,-39.04,9.76,9.76,14.64,-63.44,-53.68,-78.08,-53.68
-48.8,-24.4,24.4,39.04,-39.04,0,0,0,-68.32,-63.44,-82.96,-63.44
-48.8,-24.4,24.4,39.04,-39.04,0,0,0,-73.2,-63.44,-87.84,-63.44
-58.56,-29.28,29.28,43.92,-43.92,0,-4.88,4.88,-73.2,-63.44,-82.96,-58.56
-68.32,-29.28,39.04,48.8,-53.68,4.88,0,9.76,-63.44,-58.56,-82.96,-58.56
-53.68,-24.4,29.28,39.04,-43.92,0,-4.88,4.88,-63.44,-58.56,-78.08,-58.56
-34.16,-34.16,0,34.16,-19.52,-19.52,-9.76,-4.88,-78.08,-68.32,-87.84,-68.32
-39.04,-43.92,-4.88,43.92,-19.52,-24.4,0,0,-68.32,-68.32,-87.84,-68.32
-29.28,-9.76,19.52,19.52,-24.4,4.88,9.76,9.76,-68.32,-53.68,-78.08,-58.56
-24.4,-9.76,14.64,19.52,-19.52,0,9.76,4.88,-73.2,-63.44,-78.08,-68.32
-24.4,0,24.4,14.64,-24.4,9.76,9.76,4.88,-73.2,-63.44,-78.08,-63.44
-48.8,0,48.8,24.4,-48.8,24.4,19.52,9.76,-63.44,-53.68,-68.32,-58.56
-43.92,-34.16,9.76,39.04,-29.28,-14.64,14.64,4.88,-73.2,-58.56,-73.2,-63.44
-19.52,-29.28,-9.76,24.4,-4.88,-19.52,14.64,-4.88,-73.2,-63.44,-78.08,-68.32
-14.64,-14.64,0,14.64,-9.76,-9.76,9.76,-14.64,-78.08,-68.32,-87.84,-73.2
-14.64,-24.4,-9.76,19.52,-4.88,-19.52,0,-14.64,-82.96,-73.2,-92.72,-78.08
-43.92,-14.64,29.28,29.28,-39.04,4.88,4.88,-4.88,-73.2,-68.32,-82.96,-63.44
-78.08,-29.28,48.8,53.68,-63.44,9.76,14.64,4.88,-63.44,-58.56,-68.32,-53.68
-78.08,-14.64,63.44,48.8,-73.2,24.4,14.64,9.76,-63.44,-53.68,-63.44,-48.8
-78.08,-29.28,48.8,53.68,-63.44,9.76,14.64,4.88,-68.32,-58.56,-73.2,-58.56
-73.2,-39.04,34.16,58.56,-53.68,-4.88,9.76,-9.76,-78.08,-63.44,-78.08,-58.56
-39.04,-24.4,14.64,34.16,-29.28,-4.88,9.76,-14.64,-82.96,-68.32,-82.96,-68.32
-43.92,-29.28,14.64,39.04,-29.28,-9.76,9.76,-19.52,-87.84,-73.2,-82.96,-63.44
-68.32,-19.52,48.8,43.92,-58.56,14.64,14.64,-14.64,-73.2,-68.32,-73.2,-58.56
-68.32,-19.52,48.8,43.92,-58.56,14.64,14.64,-14.64,-73.2,-68.32,-68.32,-58.56
-58.56,-24.4,34.16,43.92,-48.8,4.88,24.4,-9.76,-68.32,-63.44,-68.32,-53.68
-58.56,-24.4,34.16,43.92,-48.8,4.88,14.64,-14.64,-73.2,-68.32,-78.08,-63.44
-48.8,-19.52,29.28,34.16,-39.04,4.88,4.88,-14.64,-78.08,-78.08,-82.96,-63.44
-82.96,-34.16,48.8,58.56,-68.32,4.88,0,-19.52,-87.84,-78.08,-92.72,-73.2
-78.08,-39.04,39.04,58.56,-58.56,0,-4.88,-34.16,-97.6,-87.84,-97.6,-78.08
-78.08,-43.92,34.16,63.44,-58.56,-4.88,-4.88,-39.04,-102.48,-92.72,-102.48,-78.08
-78.08,-58.56,19.52,68.32,-48.8,-19.52,-9.76,-43.92,-107.36,-97.6,-102.48,-82.96
-63.44,-34.16,29.28,48.8,-48.8,-4.88,4.88,-29.28,-92.72,-82.96,-92.72,-68.32
-53.68,-29.28,24.4,43.92,-39.04,-4.88,9.76,-24.4,-82.96,-78.08,-82.96,-58.56
-43.92,-29.28,14.64,39.04,-29.28,-9.76,0,-43.92,-92.72,-82.96,-92.72,-68.32
-39.04,-43.92,-4.88,43.92,-19.52,-24.4,4.88,-43.92,-92.72,-78.08,-92.72,-58.56
-34.16,-39.04,-4.88,39.04,-14.64,-24.4,4.88,-43.92,-97.6,-82.96,-97.6,-68.32
-43.92,-58.56,-14.64,53.68,-14.64,-39.04,-4.88,-58.56,-102.48,-102.48,-112.24,-82.96
-39.04,-58.56,-19.52,48.8,-9.76,-39.04,0,-53.68,-112.24,-97.6,-112.24,-87.84
-63.44,-39.04,24.4,53.68,-43.92,-9.76,14.64,-29.28,-92.72,-82.96,-97.6,-68.32
-78.08,-29.28,48.8,53.68,-63.44,9.76,19.52,-29.28,-87.84,-82.96,-92.72,-68.32
-58.56,-53.68,4.88,58.56,-34.16,-24.4,0,-39.04,-97.6,-97.6,-107.36,-82.96
-58.56,-58.56,0,58.56,-29.28,-29.28,9.76,-39.04,-92.72,-87.84,-97.6,-78.08
-63.44,-43.92,19.52,53.68,-43.92,-14.64,4.88,-43.92,-97.6,-87.84,-97.6,-82.96
-78.08,-43.92,34.16,63.44,-58.56,-4.88,9.76,-39.04,-87.84,-78.08,-87.84,-68.32
-53.68,-34.16,19.52,43.92,-39.04,-9.76,9.76,-39.04,-92.72,-82.96,-87.84,-68.32
-68.32,-48.8,19.52,58.56,-43.92,-14.64,4.88,-43.92,-102.48,-92.72,-97.6,-73.2
-68.32,-53.68,14.64,63.44,-43.92,-19.52,4.88,-43.92,-102.48,-92.72,-97.6,-78.08
-58.56,-48.8,9.76,53.68,-34.16,-19.52,4.88,-48.8,-112.24,-97.6,-102.48,-82.96
-63.44,-53.68,9.76,58.56,-39.04,-24.4,9.76,-48.8,-112.24,-97.6,-102.48,-82.96
-68.32,-53.68,14.64,63.44,-43.92,-19.52,0,-53.68,-112.24,-102.48,-112.24,-92.72
-58.56,-53.68,4.88,58.56,-34.16,-24.4,-9.76,-53.68,-102.48,-102.48,-117.12,-87.84
-53.68,-48.8,4.88,53.68,-29.28,-24.4,0,-43.92,-92.72,-92.72,-97.6,-78.08
-53.68,-43.92,9.76,48.8,-34.16,-19.52,-9.76,-58.56,-107.36,-102.48,-107.36,-92.72
-58.56,-53.68,4.88,58.56,-34.16,-24.4,-9.76,-63.44,-112.24,-107.36,-112.24,-87.84
-58.56,-48.8,9.76,53.68,-34.16,-19.52,-4.88,-58.56,-107.36,-102.48,-107.36,-82.96
-63.44,-68.32,-4.88,68.32,-29.28,-39.04,0,-58.56,-107.36,-107.36,-107.36,-78.08
-53.68,-53.68,0,53.68,-29.28,-29.28,0,-58.56,-112.24,-107.36,-112.24,-82.96
-68.32,-53.68,14.64,63.44,-43.92,-19.52,9.76,-53.68,-107.36,-102.48,-107.36,-82.96
-78.08,-48.8,29.28,63.44,-53.68,-9.76,9.76,-53.68,-107.36,-102.48,-107.36,-82.96
-43.92,-34.16,9.76,39.04,-29.28,-14.64,14.64,-48.8,-97.6,-97.6,-102.48,-78.08
-58.56,-63.44,-4.88,63.44,-29.28,-34.16,14.64,-53.68,-97.6,-97.6,-102.48,-82.96
-87.84,-73.2,14.64,82.96,-53.68,-29.28,19.52,-48.8,-87.84,-87.84,-97.6,-73.2
-82.96,-53.68,29.28,68.32,-58.56,-14.64,4.88,-53.68,-92.72,-87.84,-92.72,-68.32
-63.44,-48.8,14.64,58.56,-39.04,-19.52,0,-58.56,-97.6,-97.6,-97.6,-73.2
-53.68,-58.56,-4.88,58.56,-24.4,-34.16,-14.64,-68.32,-107.36,-102.48,-107.36,-82.96
-78.08,-73.2,4.88,78.08,-43.92,-34.16,-14.64,-68.32,-112.24,-102.48,-112.24,-87.84
-97.6,-73.2,24.4,87.84,-63.44,-24.4,4.88,-53.68,-102.48,-92.72,-102.48,-78.08
-112.24,-78.08,34.16,97.6,-73.2,-24.4,14.64,-43.92,-92.72,-82.96,-87.84,-73.2
-87.84,-68.32,19.52,78.08,-53.68,-24.4,0,-53.68,-102.48,-92.72,-102.48,-82.96
-82.96,-58.56,24.4,73.2,-53.68,-19.52,4.88,-53.68,-102.48,-97.6,-102.48,-82.96
-68.32,-48.8,19.52,58.56,-43.92,-14.64,9.76,-53.68,-97.6,-87.84,-97.6,-78.08
-78.08,-68.32,9.76,73.2,-43.92,-29.28,9.76,-53.68,-102.48,-87.84,-97.6,-78.08
-78.08,-68.32,9.76,73.2,-43.92,-29.28,4.88,-58.56,-97.6,-97.6,-102.48,-87.84
-73.2,-63.44,9.76,68.32,-43.92,-29.28,4.88,-53.68,-92.72,-82.96,-92.72,-82.96
-92.72,-73.2,19.52,82.96,-58.56,-29.28,14.64,-48.8,-87.84,-78.08,-92.72,-73.2
-87.84,-78.08,9.76,82.96,-48.8,-34.16,9.76,-53.68,-92.72,-82.96,-102.48,-78.08
-63.44,-63.44,0,63.44,-34.16,-34.16,-9.76,-73.2,-107.36,-97.6,-107.36,-87.84
-73.2,-73.2,0,73.2,-39.04,-39.04,-4.88,-63.44,-107.36,-102.48,-102.48,-82.96
-68.32,-68.32,0,68.32,-34.16,-34.16,0,-63.44,-102.48,-102.48,-107.36,-82.96
-58.56,-73.2,-14.64,68.32,-24.4,-43.92,-14.64,-78.08,-107.36,-107.36,-112.24,-102.48
-87.84,-78.08,9.76,82.96,-48.8,-34.16,-4.88,-63.44,-97.6,-97.6,-102.48,-87.84
-87.84,-63.44,24.4,78.08,-58.56,-19.52,0,-68.32,-97.6,-97.6,-102.48,-87.84
-73.2,-63.44,9.76,68.32,-43.92,-29.28,9.76,-58.56,-82.96,-87.84,-92.72,-78.08
-87.84,-82.96,4.88,87.84,-48.8,-39.04,4.88,-58.56,-82.96,-82.96,-87.84,-78.08
-78.08,-82.96,-4.88,82.96,-39.04,-43.92,0,-68.32,-87.84,-92.72,-97.6,-78.08
-82.96,-87.84,-4.88,87.84,-39.04,-48.8,0,-63.44,-92.72,-92.72,-97.6,-82.96
-92.72,-73.2,19.52,82.96,-58.56,-29.28,4.88,-58.56,-82.96,-87.84,-92.72,-78.08
-78.08,-82.96,-4.88,82.96,-39.04,-43.92,4.88,-68.32,-87.84,-92.72,-97.6,-78.08
-48.8,-73.2,-24.4,63.44,-14.64,-48.8,4.88,-63.44,-97.6,-97.6,-102.48,-78.08
-53.68,-63.44,-9.76,58.56,-24.4,-39.04,0,-63.44,-97.6,-97.6,-102.48,-82.96
-73.2,-82.96,-9.76,78.08,-34.16,-48.8,-9.76,-78.08,-102.48,-102.48,-107.36,-97.6
-68.32,-73.2,-4.88,73.2,-34.16,-39.04,-9.76,-78.08,-102.48,-102.48,-112.24,-97.6
-92.72,-87.84,4.88,92.72,-48.8,-43.92,9.76,-58.56,-82.96,-87.84,-92.72,-82.96
-82.96,-92.72,-9.76,87.84,-39.04,-53.68,19.52,-48.8,-73.2,-73.2,-78.08,-68.32
-87.84,-78.08,9.76,82.96,-48.8,-34.16,29.28,-39.04,-68.32,-73.2,-78.08,-63.44
-58.56,-53.68,4.88,58.56,-34.16,-24.4,24.4,-48.8,-68.32,-73.2,-82.96,-68.32
-73.2,-53.68,19.52,63.44,-48.8,-19.52,19.52,-53.68,-73.2,-78.08,-87.84,-73.2
-73.2,-68.32,4.88,73.2,-39.04,-34.16,19.52,-48.8,-68.32,-73.2,-82.96,-68.32
-53.68,-53.68,0,53.68,-29.28,-29.28,39.04,-34.16,-63.44,-68.32,-78.08,-63.44
-68.32,-48.8,19.52,58.56,-43.92,-14.64,48.8,-19.52,-48.8,-63.44,-68.32,-58.56
-73.2,-43.92,29.28,58.56,-53.68,-9.76,48.8,-19.52,-43.92,-53.68,-63.44,-53.68
-73.2,-48.8,24.4,63.44,-48.8,-14.64,39.04,-24.4,-53.68,-58.56,-68.32,-58.56
-43.92,-24.4,19.52,34.16,-34.16,-4.88,34.16,-19.52,-48.8,-58.56,-73.2,-53.68
-29.28,4.88,34.16,14.64,-34.16,19.52,39.04,-24.4,-48.8,-48.8,-68.32,-43.92
-48.8,-9.76,39.04,29.28,-43.92,14.64,39.04,-19.52,-43.92,-48.8,-68.32,-43.92
-68.32,-29.28,39.04,48.8,-53.68,4.88,39.04,-19.52,-48.8,-58.56,-73.2,-53.68
-87.84,-73.2,14.64,82.96,-53.68,-29.28,48.8,-19.52,-43.92,-58.56,-68.32,-58.56
-82.96,-73.2,9.76,78.08,-48.8,-34.16,53.68,-14.64,-43.92,-58.56,-68.32,-63.44
-87.84,-63.44,24.4,78.08,-58.56,-19.52,73.2,0,-39.04,-58.56,-73.2,-58.56
-78.08,-63.44,14.64,73.2,-48.8,-24.4,68.32,0,-39.04,-58.56,-73.2,-63.44
-43.92,-43.92,0,43.92,-24.4,-24.4,73.2,4.88,-24.4,-43.92,-58.56,-48.8
-58.56,-43.92,14.64,53.68,-39.04,-14.64,68.32,9.76,-14.64,-39.04,-48.8,-43.92
-53.68,-29.28,24.4,43.92,-39.04,-4.88,63.44,14.64,-9.76,-29.28,-43.92,-34.16
-29.28,0,29.28,14.64,-29.28,14.64,73.2,19.52,4.88,-9.76,-24.4,-19.52
-29.28,-14.64,14.64,24.4,-24.4,0,43.92,4.88,-19.52,-29.28,-39.04,-24.4
-29.28,-14.64,14.64,24.4,-24.4,0,29.28,-9.76,-19.52,-34.16,-43.92,-29.28
-4.88,0,4.88,4.88,-4.88,0,19.52,-9.76,-19.52,-34.16,-43.92,-24.4
-9.76,-24.4,-14.64,19.52,0,-19.52,4.88,-14.64,-19.52,-39.04,-43.92,-29.28
9.76,-19.52,-29.28,4.88,19.52,-24.4,-4.88,-29.28,-34.16,-48.8,-53.68,-34.16
4.88,-9.76,-14.64,4.88,9.76,-14.64,-4.88,-24.4,-24.4,-43.92,-48.8,-34.16
-29.28,-24.4,4.88,29.28,-19.52,-9.76,-4.88,-24.4,-29.28,-43.92,-39.04,-29.28
-39.04,-34.16,4.88,39.04,-24.4,-14.64,-14.64,-34.16,-34.16,-43.92,-43.92,-29.28
-39.04,-24.4,14.64,34.16,-29.28,-4.88,-24.4,-48.8,-43.92,-53.68,-48.8,-34.16
-14.64,9.76,24.4,4.88,-19.52,14.64,-19.52,-43.92,-29.28,-39.04,-34.16,-19.52
-19.52,-4.88,14.64,14.64,-19.52,4.88,-29.28,-48.8,-39.04,-39.04,-34.16,-19.52
-9.76,-14.64,-4.88,14.64,-4.88,-9.76,-29.28,-43.92,-34.16,-43.92,-39.04,-24.4
14.64,-19.52,-34.16,4.88,24.4,-29.28,-29.28,-43.92,-39.04,-48.8,-43.92,-29.28
9.76,-34.16,-43.92,14.64,24.4,-39.04,-39.04,-53.68,-48.8,-58.56,-58.56,-43.92
-9.76,-43.92,-34.16,29.28,9.76,-39.04,-24.4,-43.92,-39.04,-53.68,-48.8,-34.16
-4.88,-53.68,-48.8,29.28,19.52,-53.68,-29.28,-53.68,-43.92,-58.56,-58.56,-43.92
-9.76,-73.2,-63.44,43.92,24.4,-68.32,-43.92,-78.08,-68.32,-78.08,-78.08,-58.56
-39.04,-68.32,-29.28,53.68,-4.88,-48.8,-34.16,-73.2,-63.44,-78.08,-73.2,-53.68
-43.92,-73.2,-29.28,58.56,-9.76,-53.68,-29.28,-73.2,-68.32,-78.08,-68.32,-53.68
-48.8,-102.48,-53.68,78.08,0,-78.08,-24.4,-73.2,-63.44,-73.2,-68.32,-53.68
-43.92,-107.36,-63.44,78.08,9.76,-87.84,-29.28,-73.2,-68.32,-73.2,-63.44,-48.8
-34.16,-78.08,-43.92,58.56,4.88,-63.44,-24.4,-78.08,-73.2,-82.96,-73.2,-53.68
-43.92,-92.72,-48.8,68.32,0,-73.2,-29.28,-82.96,-73.2,-92.72,-78.08,-68.32
-48.8,-112.24,-63.44,82.96,4.88,-87.84,-39.04,-92.72,-87.84,-97.6,-87.84,-73.2
-48.8,-117.12,-68.32,82.96,9.76,-92.72,-29.28,-87.84,-82.96,-97.6,-87.84,-73.2
-53.68,-122,-68.32,87.84,4.88,-97.6,-24.4,-92.72,-82.96,-97.6,-92.72,-78.08
-63.44,-126.88,-63.44,97.6,0,-97.6,-19.52,-87.84,-78.08,-87.84,-92.72,-82.96
-112.24,-136.64,-24.4,126.88,-43.92,-82.96,-14.64,-82.96,-78.08,-87.84,-92.72,-82.96
-117.12,-146.4,-29.28,131.76,-43.92,-87.84,-14.64,-87.84,-82.96,-97.6,-92.72,-82.96
-102.48,-151.28,-48.8,126.88,-29.28,-102.48,-24.4,-92.72,-82.96,-92.72,-102.48,-82.96
-102.48,-141.52,-39.04,122,-34.16,-92.72,-19.52,-92.72,-87.84,-97.6,-97.6,-82.96
-92.72,-126.88,-34.16,112.24,-29.28,-82.96,-14.64,-92.72,-87.84,-97.6,-97.6,-82.96
-107.36,-136.64,-29.28,122,-39.04,-82.96,-14.64,-97.6,-87.84,-107.36,-97.6,-92.72
-92.72,-122,-29.28,107.36,-34.16,-78.08,-4.88,-92.72,-87.84,-107.36,-97.6,-87.84
-107.36,-126.88,-19.52,117.12,-43.92,-73.2,-4.88,-97.6,-97.6,-117.12,-107.36,-92.72
-122,-151.28,-29.28,136.64,-48.8,-92.72,-9.76,-102.48,-92.72,-117.12,-112.24,-102.48
-82.96,-126.88,-43.92,107.36,-19.52,-87.84,-4.88,-97.6,-82.96,-107.36,-107.36,-102.48
-92.72,-131.76,-39.04,112.24,-29.28,-87.84,-9.76,-92.72,-92.72,-107.36,-107.36,-97.6
-92.72,-156.16,-63.44,126.88,-14.64,-112.24,-14.64,-102.48,-92.72,-117.12,-112.24,-102.48
-73.2,-151.28,-78.08,112.24,0,-117.12,-9.76,-97.6,-82.96,-112.24,-102.48,-102.48
-97.6,-151.28,-53.68,126.88,-24.4,-102.48,-4.88,-92.72,-87.84,-107.36,-102.48,-97.6
-117.12,-165.92,-48.8,141.52,-34.16,-107.36,-14.64,-102.48,-97.6,-122,-112.24,-102.48
-97.6,-161.04,-63.44,131.76,-19.52,-112.24,-9.76,-102.48,-87.84,-122,-107.36,-107.36
-97.6,-151.28,-53.68,126.88,-24.4,-102.48,-9.76,-92.72,-92.72,-112.24,-112.24,-107.36
-97.6,-136.64,-39.04,117.12,-29.28,-87.84,4.88,-78.08,-78.08,-102.48,-97.6,-92.72
-112.24,-126.88,-14.64,122,-48.8,-73.2,0,-78.08,-78.08,-107.36,-97.6,-102.48
-97.6,-131.76,-34.16,117.12,-34.16,-82.96,4.88,-73.2,-73.2,-92.72,-92.72,-97.6
-102.48,-141.52,-39.04,122,-34.16,-92.72,0,-73.2,-73.2,-92.72,-92.72,-87.84
-112.24,-141.52,-29.28,126.88,-43.92,-87.84,0,-78.08,-73.2,-97.6,-92.72,-97.6
-97.6,-136.64,-39.04,117.12,-29.28,-87.84,4.88,-78.08,-73.2,-92.72,-87.84,-97.6
-82.96,-141.52,-58.56,112.24,-14.64,-102.48,0,-92.72,-82.96,-102.48,-97.6,-97.6
-107.36,-146.4,-39.04,126.88,-34.16,-92.72,4.88,-78.08,-73.2,-92.72,-87.84,-92.72
-107.36,-146.4,-39.04,126.88,-34.16,-92.72,4.88,-73.2,-68.32,-92.72,-87.84,-87.84
-122,-151.28,-29.28,136.64,-48.8,-92.72,4.88,-78.08,-73.2,-97.6,-92.72,-97.6
-156.16,-161.04,-4.88,161.04,-78.08,-82.96,29.28,-48.8,-63.44,-92.72,-97.6,-97.6
-146.4,-185.44,-39.04,165.92,-53.68,-112.24,43.92,-34.16,-53.68,-102.48,-117.12,-117.12
-136.64,-214.72,-78.08,175.68,-29.28,-146.4,58.56,-14.64,-68.32,-126.88,-151.28,-151.28
-146.4,-224.48,-78.08,185.44,-34.16,-151.28,87.84,19.52,-58.56,-141.52,-170.8,-180.56
-151.28,-219.6,-68.32,185.44,-43.92,-146.4,117.12,68.32,-29.28,-126.88,-170.8,-185.44
-151.28,-229.36,-78.08,190.32,-39.04,-156.16,131.76,117.12,19.52,-87.84,-156.16,-180.56
-126.88,-214.72,-87.84,170.8,-19.52,-151.28,156.16,190.32,78.08,-43.92,-126.88,-151.28
-87.84,-200.08,-112.24,146.4,9.76,-156.16,175.68,263.52,146.4,0,-97.6,-136.64
-34.16,-190.32,-156.16,112.24,58.56,-175.68,185.44,331.84,214.72,58.56,-58.56,-107.36
53.68,-161.04,-214.72,53.68,131.76,-190.32,185.44,395.28,297.68,141.52,4.88,-53.68
161.04,-122,-283.04,-19.52,219.6,-204.96,141.52,434.32,380.64,258.64,102.48,34.16
273.28,-58.56,-331.84,-107.36,302.56,-195.2,73.2,414.8,458.72,385.52,219.6,136.64
395.28,24.4,-370.88,-209.84,380.64,-175.68,-19.52,351.36,522.16,517.28,361.12,268.4
517.28,117.12,-400.16,-317.2,458.72,-141.52,-126.88,268.4,585.6,658.8,517.28,419.68
663.68,224.48,-439.2,-444.08,551.44,-107.36,-229.36,161.04,649.04,805.2,683.2,575.84
780.8,302.56,-478.24,-541.68,629.52,-87.84,-326.96,58.56,697.84,941.84,834.48,727.12
854,419.68,-434.32,-634.4,644.16,-9.76,-414.8,-43.92,732,1063.84,995.52,878.4
927.2,536.8,-390.4,-732,658.8,73.2,-502.64,-151.28,766.16,1176.08,1127.28,1019.92
971.12,649.04,-322.08,-810.08,644.16,161.04,-600.24,-248.88,800.32,1278.56,1249.28,1141.92
951.6,741.76,-209.84,-844.24,580.72,263.52,-673.44,-346.48,824.72,1356.64,1342,1234.64
849.12,819.84,-29.28,-834.48,439.2,395.28,-732,-458.72,810.08,1381.04,1415.2,1312.72
736.88,883.28,146.4,-810.08,292.8,512.4,-824.72,-634.4,658.8,1259.04,1361.52,1293.2
605.12,829.6,224.48,-717.36,190.32,527.04,-888.16,-819.84,385.52,966.24,1161.44,1137.04
444.08,658.8,214.72,-551.44,112.24,434.32,-902.8,-995.52,34.16,551.44,810.08,849.12
297.68,512.4,214.72,-405.04,39.04,361.12,-878.4,-1146.8,-302.56,141.52,448.96,551.44
126.88,419.68,292.8,-273.28,-82.96,356.24,-834.48,-1244.4,-551.44,-175.68,190.32,326.96
-39.04,317.2,356.24,-136.64,-200.08,336.72,-785.68,-1312.72,-766.16,-429.44,-19.52,131.76
-122,239.12,361.12,-58.56,-244,297.68,-727.12,-1317.6,-888.16,-595.36,-165.92,-4.88
-175.68,146.4,322.08,14.64,-248.88,234.24,-673.44,-1244.4,-902.8,-668.56,-263.52,-107.36
-195.2,63.44,258.64,68.32,-229.36,161.04,-610,-1112.64,-858.88,-668.56,-322.08,-185.44
-204.96,0,204.96,102.48,-204.96,102.48,-527.04,-966.24,-766.16,-624.64,-331.84,-214.72
-224.48,-78.08,146.4,151.28,-185.44,34.16,-453.84,-819.84,-644.16,-541.68,-302.56,-209.84
-161.04,-117.12,43.92,141.52,-102.48,-39.04,-375.76,-668.56,-522.16,-448.96,-263.52,-200.08
-136.64,-122,14.64,131.76,-78.08,-53.68,-302.56,-536.8,-424.56,-366,-224.48,-170.8
-136.64,-102.48,34.16,122,-87.84,-34.16,-224.48,-429.44,-326.96,-292.8,-175.68,-131.76
-112.24,-87.84,24.4,102.48,-68.32,-34.16,-175.68,-336.72,-258.64,-244,-151.28,-117.12
-117.12,-82.96,34.16,102.48,-78.08,-24.4,-126.88,-244,-200.08,-200.08,-117.12,-102.48
-122,-78.08,43.92,102.48,-82.96,-19.52,-87.84,-180.56,-156.16,-170.8,-107.36,-97.6
-107.36,-82.96,24.4,97.6,-68.32,-29.28,-43.92,-126.88,-117.12,-141.52,-107.36,-97.6
-87.84,-87.84,0,87.84,-43.92,-43.92,-14.64,-82.96,-78.08,-122,-97.6,-92.72
-82.96,-102.48,-19.52,92.72,-34.16,-63.44,0,-48.8,-68.32,-107.36,-87.84,-92.72
-97.6,-126.88,-29.28,112.24,-34.16,-78.08,14.64,-39.04,-53.68,-97.6,-87.84,-92.72
-117.12,-126.88,-9.76,122,-53.68,-68.32,14.64,-34.16,-39.04,-87.84,-82.96,-87.84
-107.36,-112.24,-4.88,112.24,-53.68,-58.56,19.52,-24.4,-39.04,-82.96,-78.08,-78.08
-102.48,-102.48,0,102.48,-53.68,-53.68,29.28,-24.4,-34.16,-82.96,-78.08,-82.96
-112.24,-107.36,4.88,112.24,-58.56,-53.68,34.16,-9.76,-29.28,-82.96,-78.08,-82.96
-112.24,-131.76,-19.52,122,-48.8,-78.08,39.04,4.88,-24.4,-78.08,-78.08,-82.96
-102.48,-126.88,-24.4,117.12,-39.04,-78.08,39.04,14.64,-29.28,-82.96,-73.2,-82.96
-97.6,-126.88,-29.28,112.24,-34.16,-78.08,43.92,9.76,-24.4,-82.96,-87.84,-97.6
-107.36,-126.88,-19.52,117.12,-43.92,-73.2,58.56,19.52,-19.52,-78.08,-87.84,-97.6
-97.6,-126.88,-29.28,112.24,-34.16,-78.08,53.68,24.4,-19.52,-73.2,-92.72,-97.6
-63.44,-102.48,-39.04,82.96,-14.64,-73.2,63.44,19.52,-9.76,-68.32,-78.08,-87.84
-58.56,-102.48,-43.92,82.96,-9.76,-73.2,68.32,24.4,0,-53.68,-78.08,-87.84
-78.08,-117.12,-39.04,97.6,-19.52,-78.08,58.56,19.52,-9.76,-63.44,-73.2,-82.96
-82.96,-122,-39.04,102.48,-24.4,-82.96,68.32,29.28,0,-48.8,-63.44,-73.2
-82.96,-117.12,-34.16,102.48,-24.4,-78.08,68.32,34.16,0,-53.68,-63.44,-78.08
-82.96,-102.48,-19.52,92.72,-34.16,-63.44,63.44,43.92,-4.88,-53.68,-68.32,-82.96
-112.24,-112.24,0,112.24,-58.56,-58.56,68.32,53.68,4.88,-48.8,-63.44,-73.2
-92.72,-112.24,-19.52,102.48,-39.04,-68.32,78.08,68.32,19.52,-43.92,-63.44,-73.2
-53.68,-97.6,-43.92,78.08,-4.88,-73.2,73.2,63.44,9.76,-39.04,-73.2,-82.96
-82.96,-112.24,-29.28,97.6,-29.28,-73.2,63.44,58.56,4.88,-43.92,-82.96,-92.72
-112.24,-112.24,0,112.24,-58.56,-58.56,78.08,68.32,29.28,-34.16,-63.44,-68.32
-97.6,-97.6,0,97.6,-48.8,-48.8,82.96,73.2,39.04,-19.52,-53.68,-63.44
-78.08,-112.24,-34.16,97.6,-24.4,-73.2,73.2,68.32,29.28,-24.4,-53.68,-58.56
-53.68,-92.72,-39.04,73.2,-9.76,-68.32,68.32,58.56,24.4,-29.28,-53.68,-63.44
-82.96,-107.36,-24.4,97.6,-29.28,-68.32,73.2,63.44,34.16,-24.4,-53.68,-63.44
-92.72,-117.12,-24.4,107.36,-34.16,-73.2,73.2,78.08,29.28,-24.4,-53.68,-63.44
-73.2,-112.24,-39.04,92.72,-19.52,-78.08,78.08,87.84,34.16,-29.28,-48.8,-58.56
-82.96,-131.76,-48.8,107.36,-19.52,-92.72,73.2,73.2,29.28,-39.04,-63.44,-82.96
-82.96,-126.88,-43.92,107.36,-19.52,-87.84,78.08,82.96,29.28,-29.28,-58.56,-78.08
-58.56,-112.24,-53.68,87.84,-4.88,-82.96,73.2,87.84,34.16,-24.4,-53.68,-73.2
-58.56,-107.36,-48.8,82.96,-4.88,-78.08,68.32,82.96,43.92,-24.4,-53.68,-73.2
-58.56,-92.72,-34.16,78.08,-14.64,-63.44,82.96,92.72,58.56,0,-43.92,-63.44
-63.44,-92.72,-29.28,78.08,-19.52,-63.44,82.96,97.6,63.44,4.88,-29.28,-48.8
-68.32,-107.36,-39.04,87.84,-14.64,-73.2,78.08,92.72,58.56,0,-34.16,-48.8
-63.44,-107.36,-43.92,87.84,-9.76,-78.08,78.08,97.6,58.56,0,-39.04,-53.68
-63.44,-112.24,-48.8,87.84,-9.76,-82.96,73.2,97.6,48.8,-4.88,-43.92,-63.44
-63.44,-102.48,-39.04,82.96,-14.64,-73.2,73.2,102.48,48.8,-4.88,-39.04,-58.56
-73.2,-102.48,-29.28,87.84,-24.4,-68.32,78.08,107.36,63.44,-4.88,-43.92,-63.44
-78.08,-122,-43.92,102.48,-19.52,-82.96,82.96,122,73.2,4.88,-34.16,-58.56
-78.08,-122,-43.92,102.48,-19.52,-82.96,78.08,126.88,73.2,9.76,-24.4,-53.68
-63.44,-117.12,-53.68,92.72,-4.88,-87.84,82.96,122,87.84,19.52,-19.52,-43.92
-48.8,-92.72,-43.92,73.2,-4.88,-68.32,87.84,131.76,102.48,34.16,-14.64,-39.04
-29.28,-73.2,-43.92,53.68,4.88,-58.56,87.84,131.76,87.84,39.04,-4.88,-29.28
-19.52,-73.2,-53.68,48.8,14.64,-63.44,78.08,117.12,78.08,24.4,-14.64,-39.04
-14.64,-73.2,-58.56,43.92,19.52,-68.32,82.96,126.88,82.96,29.28,-14.64,-43.92
-29.28,-53.68,-24.4,43.92,-4.88,-39.04,97.6,151.28,92.72,43.92,0,-29.28
-19.52,-48.8,-29.28,34.16,4.88,-39.04,102.48,161.04,97.6,43.92,0,-29.28
0,-53.68,-53.68,29.28,24.4,-53.68,92.72,156.16,97.6,39.04,-14.64,-39.04
-14.64,-78.08,-63.44,48.8,24.4,-73.2,87.84,156.16,92.72,43.92,-9.76,-39.04
-24.4,-82.96,-58.56,53.68,14.64,-73.2,92.72,170.8,112.24,53.68,4.88,-29.28
-14.64,-73.2,-58.56,43.92,19.52,-68.32,102.48,175.68,131.76,63.44,14.64,-14.64
-34.16,-82.96,-48.8,58.56,4.88,-68.32,107.36,175.68,136.64,78.08,14.64,-19.52
4.88,-58.56,-63.44,29.28,34.16,-63.44,97.6,170.8,126.88,68.32,14.64,-14.64
4.88,-58.56,-63.44,29.28,34.16,-63.44,97.6,165.92,126.88,63.44,14.64,-19.52
-19.52,-73.2,-53.68,48.8,14.64,-63.44,102.48,170.8,131.76,63.44,9.76,-24.4
-19.52,-68.32,-48.8,43.92,14.64,-58.56,107.36,190.32,141.52,78.08,24.4,-9.76
-24.4,-48.8,-24.4,39.04,0,-39.04,107.36,200.08,151.28,78.08,29.28,-4.88
-29.28,-43.92,-14.64,39.04,-9.76,-29.28,102.48,204.96,156.16,78.08,24.4,-14.64
-19.52,-53.68,-34.16,39.04,4.88,-43.92,102.48,209.84,156.16,78.08,24.4,-14.64
14.64,-53.68,-68.32,19.52,39.04,-63.44,102.48,219.6,161.04,87.84,34.16,-4.88
19.52,-63.44,-82.96,24.4,48.8,-73.2,117.12,229.36,180.56,102.48,48.8,9.76
0,-68.32,-68.32,34.16,34.16,-68.32,112.24,234.24,195.2,117.12,48.8,9.76
4.88,-53.68,-58.56,24.4,29.28,-58.56,112.24,234.24,185.44,117.12,58.56,14.64
39.04,-29.28,-68.32,-4.88,53.68,-48.8,112.24,234.24,195.2,117.12,58.56,14.64
34.16,-39.04,-73.2,4.88,53.68,-58.56,112.24,244,200.08,122,58.56,14.64
14.64,-39.04,-53.68,14.64,34.16,-48.8,107.36,253.76,204.96,131.76,63.44,19.52
39.04,-29.28,-68.32,-4.88,53.68,-48.8,112.24,263.52,209.84,136.64,73.2,29.28
48.8,-34.16,-82.96,-4.88,63.44,-58.56,117.12,273.28,219.6,136.64,73.2,29.28
68.32,-14.64,-82.96,-24.4,73.2,-48.8,122,292.8,229.36,156.16,82.96,39.04
68.32,-24.4,-92.72,-19.52,78.08,-58.56,117.12,292.8,234.24,165.92,87.84,39.04
73.2,-29.28,-102.48,-19.52,87.84,-68.32,112.24,292.8,244,170.8,87.84,43.92
92.72,-19.52,-112.24,-34.16,102.48,-68.32,117.12,302.56,258.64,185.44,97.6,48.8
63.44,-24.4,-87.84,-19.52,73.2,-58.56,122,317.2,268.4,204.96,122,68.32
73.2,-24.4,-97.6,-24.4,82.96,-63.44,117.12,317.2,273.28,204.96,117.12,68.32
122,0,-122,-58.56,122,-63.44,117.12,326.96,283.04,209.84,126.88,73.2
122,9.76,-112.24,-63.44,117.12,-53.68,122,346.48,297.68,224.48,141.52,87.84
131.76,4.88,-126.88,-68.32,126.88,-63.44,117.12,351.36,297.68,219.6,136.64,82.96
136.64,0,-136.64,-68.32,136.64,-68.32,117.12,351.36,302.56,229.36,131.76,82.96
117.12,0,-117.12,-58.56,117.12,-58.56,122,375.76,322.08,253.76,156.16,102.48
151.28,29.28,-122,-87.84,136.64,-48.8,126.88,390.4,331.84,268.4,170.8,107.36
165.92,39.04,-126.88,-102.48,146.4,-43.92,117.12,390.4,346.48,283.04,175.68,112.24
165.92,29.28,-136.64,-97.6,151.28,-53.68,107.36,385.52,351.36,292.8,175.68,107.36
180.56,39.04,-141.52,-107.36,161.04,-53.68,112.24,395.28,361.12,307.44,195.2,136.64
180.56,34.16,-146.4,-107.36,161.04,-58.56,102.48,400.16,366,307.44,190.32,131.76
180.56,24.4,-156.16,-102.48,165.92,-68.32,97.6,405.04,370.88,312.32,195.2,136.64
170.8,34.16,-136.64,-102.48,151.28,-53.68,97.6,419.68,380.64,326.96,209.84,151.28
165.92,34.16,-131.76,-97.6,146.4,-48.8,102.48,424.56,385.52,326.96,214.72,161.04
204.96,68.32,-136.64,-136.64,170.8,-34.16,107.36,439.2,400.16,341.6,229.36,165.92
229.36,73.2,-156.16,-151.28,190.32,-43.92,122,448.96,409.92,361.12,248.88,180.56
239.12,78.08,-161.04,-156.16,200.08,-43.92,112.24,444.08,419.68,361.12,253.76,185.44
239.12,82.96,-156.16,-161.04,195.2,-39.04,112.24,448.96,434.32,375.76,258.64,195.2
239.12,73.2,-165.92,-156.16,200.08,-48.8,112.24,448.96,434.32,385.52,263.52,200.08
248.88,78.08,-170.8,-161.04,209.84,-48.8,102.48,444.08,434.32,390.4,273.28,209.84
234.24,68.32,-165.92,-151.28,200.08,-48.8,87.84,424.56,424.56,380.64,268.4,204.96
244,73.2,-170.8,-156.16,204.96,-48.8,92.72,439.2,429.44,380.64,268.4,209.84
263.52,87.84,-175.68,-175.68,219.6,-43.92,102.48,453.84,439.2,395.28,283.04,219.6
263.52,82.96,-180.56,-170.8,219.6,-48.8,87.84,439.2,424.56,385.52,278.16,214.72
268.4,78.08,-190.32,-170.8,229.36,-58.56,87.84,439.2,424.56,385.52,273.28,214.72
287.92,82.96,-204.96,-185.44,244,-63.44,82.96,444.08,424.56,390.4,273.28,214.72
287.92,82.96,-204.96,-185.44,244,-63.44,78.08,439.2,424.56,390.4,278.16,219.6
283.04,92.72,-190.32,-185.44,234.24,-48.8,92.72,448.96,444.08,405.04,292.8,234.24
283.04,92.72,-190.32,-185.44,234.24,-48.8,92.72,444.08,448.96,414.8,297.68,234.24
283.04,92.72,-190.32,-185.44,234.24,-48.8,82.96,434.32,439.2,409.92,297.68,234.24
258.64,92.72,-165.92,-175.68,209.84,-39.04,78.08,424.56,439.2,409.92,302.56,239.12
258.64,78.08,-180.56,-165.92,219.6,-53.68,73.2,409.92,419.68,395.28,292.8,229.36
258.64,92.72,-165.92,-175.68,209.84,-39.04,82.96,414.8,424.56,400.16,302.56,244
268.4,117.12,-151.28,-190.32,209.84,-19.52,92.72,424.56,424.56,400.16,307.44,248.88
253.76,87.84,-165.92,-170.8,209.84,-39.04,82.96,409.92,414.8,395.28,292.8,239.12
253.76,82.96,-170.8,-165.92,209.84,-43.92,73.2,395.28,395.28,375.76,273.28,224.48
219.6,73.2,-146.4,-146.4,180.56,-39.04,78.08,385.52,390.4,370.88,268.4,224.48
185.44,82.96,-102.48,-131.76,141.52,-9.76,92.72,385.52,400.16,375.76,278.16,234.24
219.6,87.84,-131.76,-151.28,175.68,-24.4,78.08,356.24,380.64,361.12,268.4,219.6
219.6,97.6,-122,-156.16,170.8,-14.64,82.96,356.24,370.88,346.48,268.4,219.6
224.48,117.12,-107.36,-170.8,165.92,4.88,87.84,341.6,366,341.6,263.52,214.72
214.72,112.24,-102.48,-161.04,156.16,4.88,82.96,326.96,351.36,326.96,253.76,200.08
180.56,92.72,-87.84,-136.64,131.76,0,78.08,307.44,317.2,302.56,229.36,185.44
180.56,82.96,-97.6,-131.76,136.64,-9.76,78.08,287.92,297.68,283.04,219.6,170.8
180.56,78.08,-102.48,-126.88,141.52,-14.64,87.84,278.16,292.8,268.4,209.84,165.92
161.04,53.68,-107.36,-107.36,131.76,-29.28,92.72,263.52,278.16,253.76,200.08,156.16
151.28,53.68,-97.6,-102.48,122,-24.4,82.96,239.12,253.76,229.36,175.68,141.52
117.12,24.4,-92.72,-68.32,102.48,-34.16,78.08,219.6,239.12,214.72,165.92,126.88
107.36,39.04,-68.32,-73.2,87.84,-14.64,92.72,219.6,234.24,214.72,170.8,131.76
102.48,39.04,-63.44,-68.32,82.96,-14.64,92.72,200.08,219.6,195.2,156.16,122
102.48,34.16,-68.32,-68.32,82.96,-19.52,73.2,170.8,185.44,161.04,126.88,97.6
73.2,34.16,-39.04,-53.68,53.68,-4.88,73.2,156.16,170.8,141.52,112.24,87.84
58.56,34.16,-24.4,-43.92,39.04,4.88,73.2,141.52,151.28,126.88,102.48,78.08
43.92,24.4,-19.52,-34.16,29.28,0,82.96,136.64,141.52,117.12,102.48,78.08
39.04,0,-39.04,-19.52,39.04,-19.52,87.84,126.88,126.88,107.36,87.84,68.32
19.52,-14.64,-34.16,0,24.4,-24.4,82.96,117.12,112.24,97.6,78.08,58.56
14.64,-19.52,-34.16,4.88,24.4,-29.28,82.96,112.24,102.48,87.84,63.44,48.8
14.64,-29.28,-43.92,9.76,29.28,-39.04,68.32,82.96,82.96,63.44,43.92,29.28
9.76,-34.16,-43.92,14.64,24.4,-39.04,63.44,63.44,73.2,53.68,39.04,19.52
0,-14.64,-14.64,9.76,4.88,-14.64,68.32,63.44,63.44,43.92,39.04,19.52
-19.52,-29.28,-9.76,24.4,-4.88,-19.52,68.32,48.8,48.8,34.16,34.16,9.76
-14.64,-24.4,-9.76,19.52,-4.88,-19.52,68.32,43.92,43.92,19.52,24.4,4.88
0,-4.88,-4.88,4.88,0,-4.88,73.2,43.92,34.16,19.52,24.4,4.88
-19.52,-14.64,4.88,19.52,-14.64,-4.88,58.56,29.28,14.64,-4.88,4.88,-14.64
-39.04,-34.16,4.88,39.04,-24.4,-14.64,53.68,19.52,4.88,-19.52,-9.76,-29.28
-43.92,-29.28,14.64,39.04,-29.28,-9.76,58.56,19.52,4.88,-14.64,-4.88,-24.4
-58.56,-63.44,-4.88,63.44,-29.28,-34.16,58.56,14.64,0,-19.52,-9.76,-24.4
-39.04,-58.56,-19.52,48.8,-9.76,-39.04,58.56,4.88,0,-24.4,-14.64,-24.4
-24.4,-43.92,-19.52,34.16,-4.88,-34.16,63.44,4.88,0,-14.64,-9.76,-24.4
-43.92,-53.68,-9.76,48.8,-19.52,-34.16,53.68,-4.88,-14.64,-19.52,-14.64,-29.28
-43.92,-58.56,-14.64,53.68,-14.64,-39.04,48.8,-9.76,-19.52,-29.28,-19.52,-34.16
-43.92,-39.04,4.88,43.92,-24.4,-19.52,48.8,-9.76,-24.4,-34.16,-24.4,-39.04
-29.28,-24.4,4.88,29.28,-19.52,-9.76,48.8,-4.88,-29.28,-34.16,-24.4,-39.04
-24.4,-29.28,-4.88,29.28,-9.76,-19.52,48.8,-14.64,-39.04,-43.92,-29.28,-39.04
-43.92,-53.68,-9.76,48.8,-19.52,-34.16,43.92,-19.52,-39.04,-48.8,-39.04,-48.8
-68.32,-53.68,14.64,63.44,-43.92,-19.52,63.44,-4.88,-34.16,-43.92,-29.28,-39.04
-68.32,-58.56,9.76,63.44,-39.04,-24.4,53.68,-9.76,-34.16,-48.8,-34.16,-43.92
-68.32,-78.08,-9.76,73.2,-29.28,-43.92,43.92,-29.28,-43.92,-58.56,-48.8,-58.56
-53.68,-63.44,-9.76,58.56,-24.4,-39.04,43.92,-29.28,-43.92,-53.68,-43.92,-53.68
-53.68,-68.32,-14.64,63.44,-19.52,-43.92,39.04,-29.28,-48.8,-53.68,-39.04,-48.8
-53.68,-58.56,-4.88,58.56,-24.4,-34.16,39.04,-34.16,-43.92,-53.68,-34.16,-43.92
-58.56,-58.56,0,58.56,-29.28,-29.28,43.92,-34.16,-43.92,-58.56,-39.04,-48.8
-82.96,-63.44,19.52,73.2,-53.68,-24.4,58.56,-24.4,-43.92,-48.8,-34.16,-43.92
-73.2,-39.04,34.16,58.56,-53.68,-4.88,58.56,-19.52,-43.92,-53.68,-29.28,-39.04
-48.8,-39.04,9.76,43.92,-29.28,-14.64,53.68,-24.4,-43.92,-53.68,-39.04,-48.8
-34.16,-39.04,-4.88,39.04,-14.64,-24.4,53.68,-24.4,-43.92,-53.68,-34.16,-48.8
-48.8,-48.8,0,48.8,-24.4,-24.4,53.68,-19.52,-43.92,-53.68,-34.16,-48.8
-39.04,-43.92,-4.88,43.92,-19.52,-24.4,53.68,-24.4,-39.04,-58.56,-39.04,-53.68
-43.92,-34.16,9.76,39.04,-29.28,-14.64,53.68,-24.4,-39.04,-53.68,-39.04,-58.56
-97.6,-73.2,24.4,87.84,-63.44,-24.4,53.68,-24.4,-39.04,-53.68,-39.04,-53.68
-87.84,-68.32,19.52,78.08,-53.68,-24.4,53.68,-24.4,-39.04,-53.68,-39.04,-53.68
-68.32,-43.92,24.4,58.56,-48.8,-9.76,58.56,-19.52,-34.16,-43.92,-24.4,-43.92
-53.68,-48.8,4.88,53.68,-29.28,-24.4,53.68,-14.64,-43.92,-43.92,-29.28,-43.92
-73.2,-48.8,24.4,63.44,-48.8,-14.64,58.56,-14.64,-39.04,-48.8,-29.28,-43.92
-112.24,-68.32,43.92,92.72,-78.08,-14.64,63.44,-9.76,-29.28,-39.04,-24.4,-39.04
-82.96,-73.2,9.76,78.08,-48.8,-34.16,43.92,-24.4,-48.8,-58.56,-39.04,-53.68
-58.56,-48.8,9.76,53.68,-34.16,-19.52,48.8,-14.64,-43.92,-48.8,-34.16,-48.8
-58.56,-39.04,19.52,48.8,-39.04,-9.76,48.8,-24.4,-39.04,-53.68,-39.04,-53.68
-63.44,-43.92,19.52,53.68,-43.92,-14.64,43.92,-34.16,-48.8,-53.68,-43.92,-63.44
-63.44,-48.8,14.64,58.56,-39.04,-19.52,48.8,-24.4,-39.04,-43.92,-29.28,-48.8
-73.2,-48.8,24.4,63.44,-48.8,-14.64,43.92,-29.28,-43.92,-48.8,-34.16,-48.8
-58.56,-43.92,14.64,53.68,-39.04,-14.64,39.04,-34.16,-48.8,-48.8,-34.16,-53.68
-58.56,-34.16,24.4,48.8,-43.92,-4.88,34.16,-34.16,-53.68,-58.56,-43.92,-58.56
-53.68,-24.4,29.28,39.04,-43.92,0,43.92,-19.52,-43.92,-53.68,-34.16,-48.8
-73.2,-53.68,19.52,63.44,-48.8,-19.52,58.56,-4.88,-34.16,-39.04,-24.4,-39.04
-78.08,-58.56,19.52,68.32,-48.8,-19.52,43.92,-4.88,-39.04,-43.92,-29.28,-43.92
-53.68,-43.92,9.76,48.8,-34.16,-19.52,39.04,-9.76,-43.92,-53.68,-39.04,-58.56
-48.8,-34.16,14.64,43.92,-34.16,-9.76,39.04,-19.52,-39.04,-53.68,-43.92,-58.56
-58.56,-43.92,14.64,53.68,-39.04,-14.64,43.92,-14.64,-43.92,-48.8,-39.04,-58.56
-34.16,-39.04,-4.88,39.04,-14.64,-24.4,43.92,-14.64,-39.04,-48.8,-39.04,-53.68
-48.8,-29.28,19.52,39.04,-34.16,-4.88,58.56,-4.88,-29.28,-39.04,-34.16,-43.92
-53.68,-29.28,24.4,43.92,-39.04,-4.88,53.68,-9.76,-39.04,-48.8,-39.04,-53.68
-53.68,-39.04,14.64,48.8,-34.16,-14.64,58.56,0,-43.92,-48.8,-39.04,-53.68
-68.32,-43.92,24.4,58.56,-48.8,-9.76,53.68,-4.88,-43.92,-53.68,-39.04,-58.56
-63.44,-39.04,24.4,53.68,-43.92,-9.76,58.56,0,-39.04,-48.8,-39.04,-53.68
-53.68,-43.92,9.76,48.8,-34.16,-19.52,63.44,0,-34.16,-43.92,-29.28,-43.92
-63.44,-53.68,9.76,58.56,-39.04,-24.4,53.68,0,-34.16,-43.92,-24.4,-43.92
-43.92,-19.52,24.4,34.16,-34.16,0,53.68,4.88,-19.52,-34.16,-19.52,-39.04
-43.92,-19.52,24.4,34.16,-34.16,0,58.56,4.88,-19.52,-29.28,-19.52,-39.04
-53.68,-29.28,24.4,43.92,-39.04,-4.88,53.68,-4.88,-29.28,-39.04,-29.28,-43.92
-53.68,-29.28,24.4,43.92,-39.04,-4.88,58.56,0,-29.28,-34.16,-29.28,-43.92
-68.32,-29.28,39.04,48.8,-53.68,4.88,63.44,0,-29.28,-39.04,-39.04,-53.68
-53.68,-39.04,14.64,48.8,-34.16,-14.64,58.56,4.88,-39.04,-43.92,-39.04,-53.68
-39.04,-43.92,-4.88,43.92,-19.52,-24.4,48.8,0,-43.92,-58.56,-48.8,-63.44
-43.92,-43.92,0,43.92,-24.4,-24.4,63.44,4.88,-39.04,-48.8,-48.8,-63.44
-63.44,-29.28,34.16,48.8,-48.8,0,73.2,14.64,-24.4,-39.04,-34.16,-48.8
-87.84,-43.92,43.92,68.32,-68.32,0,68.32,14.64,-24.4,-39.04,-34.16,-48.8
-87.84,-63.44,24.4,78.08,-58.56,-19.52,58.56,0,-34.16,-48.8,-48.8,-63.44
-68.32,-48.8,19.52,58.56,-43.92,-14.64,63.44,9.76,-24.4,-34.16,-39.04,-53.68
-53.68,-19.52,34.16,39.04,-43.92,4.88,68.32,9.76,-19.52,-34.16,-29.28,-43.92
-48.8,-34.16,14.64,43.92,-34.16,-9.76,63.44,0,-29.28,-43.92,-34.16,-48.8
-53.68,-34.16,19.52,43.92,-39.04,-9.76,58.56,-4.88,-29.28,-48.8,-39.04,-53.68
-73.2,-53.68,19.52,63.44,-48.8,-19.52,63.44,4.88,-34.16,-48.8,-34.16,-48.8
-68.32,-39.04,29.28,53.68,-48.8,-4.88,58.56,4.88,-34.16,-53.68,-34.16,-48.8
-53.68,-29.28,24.4,43.92,-39.04,-4.88,58.56,0,-34.16,-53.68,-39.04,-53.68
-53.68,-29.28,24.4,43.92,-39.04,-4.88,53.68,-9.76,-43.92,-58.56,-43.92,-58.56
-63.44,-39.04,24.4,53.68,-43.92,-9.76,48.8,-9.76,-39.04,-58.56,-43.92,-58.56
-73.2,-48.8,24.4,63.44,-48.8,-14.64,53.68,-9.76,-34.16,-58.56,-43.92,-58.56
-82.96,-63.44,19.52,73.2,-53.68,-24.4,48.8,-14.64,-39.04,-58.56,-48.8,-63.44
-53.68,-43.92,9.76,48.8,-34.16,-19.52,53.68,-9.76,-39.04,-58.56,-48.8,-53.68
-43.92,-39.04,4.88,43.92,-24.4,-19.52,53.68,-9.76,-43.92,-63.44,-48.8,-58.56
-48.8,-43.92,4.88,48.8,-29.28,-19.52,53.68,-9.76,-39.04,-58.56,-43.92,-53.68
-82.96,-39.04,43.92,63.44,-63.44,0,68.32,0,-34.16,-48.8,-34.16,-43.92
-87.84,-53.68,34.16,73.2,-63.44,-9.76,53.68,-19.52,-53.68,-68.32,-48.8,-58.56
-63.44,-39.04,24.4,53.68,-43.92,-9.76,53.68,-14.64,-53.68,-68.32,-53.68,-58.56
-58.56,-34.16,24.4,48.8,-43.92,-4.88,53.68,-19.52,-53.68,-68.32,-53.68,-63.44
-68.32,-48.8,19.52,58.56,-43.92,-14.64,43.92,-29.28,-58.56,-78.08,-63.44,-73.2
-58.56,-39.04,19.52,48.8,-39.04,-9.76,43.92,-29.28,-48.8,-73.2,-58.56,-68.32
-53.68,-34.16,19.52,43.92,-39.04,-9.76,43.92,-29.28,-48.8,-68.32,-58.56,-68.32
-68.32,-29.28,39.04,48.8,-53.68,4.88,48.8,-24.4,-53.68,-63.44,-53.68,-58.56
-68.32,-39.04,29.28,53.68,-48.8,-4.88,39.04,-29.28,-58.56,-68.32,-58.56,-68.32
-68.32,-39.04,29.28,53.68,-48.8,-4.88,39.04,-39.04,-58.56,-78.08,-58.56,-68.32
-92.72,-34.16,58.56,63.44,-78.08,9.76,39.04,-29.28,-58.56,-73.2,-53.68,-63.44
-82.96,-29.28,53.68,58.56,-68.32,9.76,34.16,-39.04,-68.32,-78.08,-63.44,-68.32
-73.2,-34.16,39.04,53.68,-58.56,0,34.16,-39.04,-63.44,-78.08,-58.56,-68.32
-73.2,-43.92,29.28,58.56,-53.68,-9.76,19.52,-43.92,-73.2,-82.96,-63.44,-73.2
-68.32,-43.92,24.4,58.56,-48.8,-9.76,14.64,-53.68,-78.08,-92.72,-73.2,-78.08
-63.44,-24.4,39.04,43.92,-53.68,4.88,24.4,-53.68,-73.2,-92.72,-68.32,-78.08
-58.56,-9.76,48.8,34.16,-53.68,19.52,34.16,-43.92,-63.44,-82.96,-58.56,-68.32
-63.44,-34.16,29.28,48.8,-48.8,-4.88,34.16,-48.8,-68.32,-82.96,-53.68,-63.44
-73.2,-43.92,29.28,58.56,-53.68,-9.76,34.16,-48.8,-73.2,-82.96,-53.68,-63.44
-68.32,-39.04,29.28,53.68,-48.8,-4.88,34.16,-48.8,-68.32,-82.96,-53.68,-63.44
-63.44,-34.16,29.28,48.8,-48.8,-4.88,34.16,-48.8,-78.08,-87.84,-63.44,-68.32
-68.32,-29.28,39.04,48.8,-53.68,4.88,24.4,-58.56,-92.72,-102.48,-73.2,-78.08
-53.68,-43.92,9.76,48.8,-34.16,-19.52,19.52,-63.44,-92.72,-107.36,-78.08,-82.96
-68.32,-34.16,34.16,53.68,-53.68,0,29.28,-58.56,-92.72,-97.6,-73.2,-78.08
-87.84,-34.16,53.68,63.44,-73.2,9.76,29.28,-63.44,-92.72,-102.48,-68.32,-78.08
-78.08,-48.8,29.28,63.44,-53.68,-9.76,24.4,-73.2,-97.6,-107.36,-78.08,-82.96
-78.08,-43.92,34.16,63.44,-58.56,-4.88,34.16,-63.44,-87.84,-97.6,-73.2,-78.08
-78.08,-48.8,29.28,63.44,-53.68,-9.76,34.16,-63.44,-92.72,-97.6,-63.44,-68.32
-82.96,-29.28,53.68,58.56,-68.32,9.76,29.28,-63.44,-92.72,-102.48,-68.32,-73.2
-87.84,-24.4,63.44,58.56,-78.08,19.52,29.28,-63.44,-82.96,-97.6,-68.32,-68.32
-87.84,-34.16,53.68,63.44,-73.2,9.76,24.4,-58.56,-87.84,-92.72,-63.44,-63.44
-82.96,-34.16,48.8,58.56,-68.32,4.88,19.52,-68.32,-97.6,-102.48,-68.32,-68.32
-97.6,-63.44,34.16,82.96,-68.32,-14.64,24.4,-73.2,-92.72,-102.48,-68.32,-78.08
-92.72,-53.68,39.04,73.2,-68.32,-9.76,29.28,-68.32,-87.84,-102.48,-68.32,-73.2
-73.2,-29.28,43.92,53.68,-58.56,4.88,24.4,-63.44,-87.84,-102.48,-68.32,-73.2
-48.8,-24.4,24.4,39.04,-39.04,0,19.52,-68.32,-87.84,-102.48,-73.2,-78.08
-43.92,-39.04,4.88,43.92,-24.4,-19.52,19.52,-73.2,-92.72,-97.6,-73.2,-82.96
-58.56,-43.92,14.64,53.68,-39.04,-14.64,29.28,-68.32,-92.72,-92.72,-73.2,-73.2
-92.72,-53.68,39.04,73.2,-68.32,-9.76,24.4,-73.2,-92.72,-97.6,-78.08,-78.08
-82.96,-43.92,39.04,63.44,-63.44,-4.88,19.52,-78.08,-92.72,-102.48,-78.08,-78.08
-82.96,-39.04,43.92,63.44,-63.44,0,19.52,-78.08,-102.48,-107.36,-82.96,-78.08
-92.72,-48.8,43.92,73.2,-68.32,-4.88,19.52,-73.2,-102.48,-107.36,-78.08,-78.08
-102.48,-48.8,53.68,78.08,-78.08,0,19.52,-73.2,-92.72,-107.36,-82.96,-82.96
-87.84,-48.8,39.04,68.32,-63.44,-4.88,14.64,-78.08,-102.48,-112.24,-87.84,-87.84
-82.96,-48.8,34.16,68.32,-58.56,-9.76,24.4,-68.32,-92.72,-107.36,-82.96,-82.96
-82.96,-43.92,39.04,63.44,-63.44,-4.88,29.28,-68.32,-87.84,-102.48,-78.08,-78.08
-73.2,-29.28,43.92,53.68,-58.56,4.88,39.04,-58.56,-78.08,-92.72,-73.2,-73.2
-87.84,-39.04,48.8,63.44,-68.32,4.88,29.28,-73.2,-92.72,-102.48,-78.08,-78.08
-107.36,-53.68,53.68,82.96,-82.96,0,14.64,-78.08,-112.24,-112.24,-87.84,-82.96
-82.96,-39.04,43.92,63.44,-63.44,0,4.88,-82.96,-102.48,-112.24,-87.84,-82.96
-63.44,-14.64,48.8,39.04,-58.56,14.64,14.64,-78.08,-102.48,-112.24,-87.84,-82.96
-68.32,-14.64,53.68,43.92,-63.44,19.52,19.52,-73.2,-102.48,-117.12,-82.96,-78.08
-87.84,-24.4,63.44,58.56,-78.08,19.52,19.52,-73.2,-102.48,-117.12,-82.96,-82.96
-92.72,-29.28,63.44,63.44,-78.08,14.64,14.64,-78.08,-107.36,-117.12,-87.84,-87.84
-82.96,-39.04,43.92,63.44,-63.44,0,9.76,-82.96,-112.24,-122,-92.72,-87.84
-73.2,-39.04,34.16,58.56,-53.68,-4.88,0,-82.96,-112.24,-122,-92.72,-92.72
-92.72,-48.8,43.92,73.2,-68.32,-4.88,4.88,-78.08,-97.6,-107.36,-82.96,-82.96
-82.96,-43.92,39.04,63.44,-63.44,-4.88,4.88,-82.96,-107.36,-112.24,-78.08,-78.08
-73.2,-39.04,34.16,58.56,-53.68,-4.88,0,-87.84,-102.48,-117.12,-82.96,-82.96
-73.2,-39.04,34.16,58.56,-53.68,-4.88,0,-97.6,-112.24,-122,-87.84,-87.84
-102.48,-39.04,63.44,73.2,-82.96,9.76,9.76,-82.96,-107.36,-112.24,-78.08,-78.08
-87.84,-34.16,53.68,63.44,-73.2,9.76,14.64,-78.08,-102.48,-112.24,-78.08,-73.2
-63.44,-19.52,43.92,43.92,-53.68,9.76,9.76,-82.96,-102.48,-117.12,-82.96,-82.96
-48.8,-9.76,39.04,29.28,-43.92,14.64,9.76,-82.96,-107.36,-117.12,-82.96,-87.84
-102.48,-24.4,78.08,63.44,-92.72,24.4,14.64,-82.96,-102.48,-117.12,-82.96,-82.96
-107.36,-34.16,73.2,73.2,-92.72,19.52,9.76,-87.84,-102.48,-117.12,-82.96,-82.96
-82.96,-24.4,58.56,53.68,-73.2,14.64,14.64,-78.08,-87.84,-107.36,-78.08,-78.08
-102.48,-43.92,58.56,73.2,-82.96,4.88,9.76,-87.84,-102.48,-117.12,-82.96,-82.96
-87.84,-24.4,63.44,58.56,-78.08,19.52,14.64,-87.84,-97.6,-117.12,-87.84,-82.96
-68.32,-19.52,48.8,43.92,-58.56,14.64,9.76,-82.96,-97.6,-117.12,-87.84,-82.96
-73.2,-48.8,24.4,63.44,-48.8,-14.64,-4.88,-92.72,-117.12,-141.52,-107.36,-97.6
-73.2,-48.8,24.4,63.44,-48.8,-14.64,4.88,-92.72,-117.12,-141.52,-102.48,-92.72
-78.08,-24.4,53.68,53.68,-68.32,14.64,19.52,-78.08,-102.48,-122,-92.72,-82.96
-87.84,-24.4,63.44,58.56,-78.08,19.52,14.64,-82.96,-102.48,-122,-92.72,-87.84
-97.6,-34.16,63.44,68.32,-82.96,14.64,4.88,-92.72,-122,-141.52,-107.36,-102.48
-87.84,-43.92,43.92,68.32,-68.32,0,-4.88,-97.6,-117.12,-131.76,-102.48,-92.72
-87.84,-34.16,53.68,63.44,-73.2,9.76,9.76,-78.08,-92.72,-112.24,-87.84,-78.08
-78.08,-39.04,39.04,58.56,-58.56,0,0,-82.96,-107.36,-122,-92.72,-82.96
-87.84,-39.04,48.8,63.44,-68.32,4.88,0,-87.84,-102.48,-122,-92.72,-82.96
-73.2,-14.64,58.56,43.92,-68.32,19.52,0,-87.84,-107.36,-122,-92.72,-78.08
-82.96,-14.64,68.32,48.8,-78.08,24.4,9.76,-78.08,-102.48,-122,-87.84,-78.08
-78.08,-19.52,58.56,48.8,-68.32,19.52,4.88,-87.84,-112.24,-131.76,-97.6,-82.96
-68.32,-14.64,53.68,43.92,-63.44,19.52,9.76,-82.96,-102.48,-126.88,-97.6,-82.96
-78.08,-34.16,43.92,58.56,-63.44,4.88,4.88,-82.96,-112.24,-131.76,-97.6,-82.96
-92.72,-14.64,78.08,53.68,-87.84,29.28,24.4,-68.32,-92.72,-117.12,-82.96,-73.2
-82.96,-19.52,63.44,53.68,-73.2,19.52,29.28,-73.2,-92.72,-112.24,-87.84,-73.2
-87.84,-19.52,68.32,53.68,-78.08,24.4,24.4,-68.32,-82.96,-107.36,-82.96,-73.2
-63.44,9.76,73.2,29.28,-68.32,39.04,29.28,-63.44,-73.2,-97.6,-73.2,-63.44
-68.32,14.64,82.96,29.28,-78.08,48.8,34.16,-58.56,-73.2,-102.48,-73.2,-68.32
-87.84,-4.88,82.96,48.8,-87.84,39.04,29.28,-63.44,-82.96,-102.48,-73.2,-68.32
-73.2,14.64,87.84,29.28,-82.96,48.8,43.92,-48.8,-68.32,-92.72,-63.44,-58.56
-58.56,39.04,97.6,9.76,-78.08,68.32,43.92,-34.16,-58.56,-97.6,-58.56,-53.68
-53.68,48.8,102.48,4.88,-78.08,73.2,48.8,-39.04,-53.68,-92.72,-58.56,-48.8
-58.56,24.4,82.96,19.52,-73.2,53.68,48.8,-43.92,-53.68,-92.72,-58.56,-48.8
-68.32,29.28,97.6,19.52,-82.96,63.44,48.8,-43.92,-53.68,-92.72,-58.56,-48.8
-58.56,39.04,97.6,9.76,-78.08,68.32,43.92,-48.8,-58.56,-92.72,-58.56,-53.68
-63.44,24.4,87.84,19.52,-78.08,53.68,43.92,-43.92,-53.68,-87.84,-63.44,-58.56
-78.08,19.52,97.6,29.28,-87.84,58.56,53.68,-39.04,-53.68,-92.72,-63.44,-53.68
-97.6,19.52,117.12,39.04,-107.36,68.32,73.2,-24.4,-43.92,-82.96,-53.68,-48.8
-78.08,14.64,92.72,34.16,-87.84,53.68,58.56,-29.28,-53.68,-87.84,-58.56,-53.68
-63.44,29.28,92.72,19.52,-78.08,58.56,48.8,-34.16,-53.68,-87.84,-63.44,-53.68
-48.8,43.92,92.72,4.88,-73.2,68.32,53.68,-24.4,-48.8,-87.84,-53.68,-48.8
-43.92,53.68,97.6,-4.88,-73.2,73.2,58.56,-14.64,-34.16,-73.2,-48.8,-39.04
-68.32,39.04,107.36,14.64,-87.84,73.2,48.8,-14.64,-34.16,-73.2,-48.8,-39.04
-68.32,29.28,97.6,19.52,-82.96,63.44,43.92,-19.52,-39.04,-78.08,-48.8,-43.92
-43.92,34.16,78.08,4.88,-63.44,53.68,29.28,-29.28,-43.92,-78.08,-48.8,-43.92
-4.88,58.56,63.44,-24.4,-34.16,58.56,9.76,-43.92,-48.8,-78.08,-53.68,-43.92
14.64,68.32,53.68,-39.04,-19.52,58.56,4.88,-48.8,-48.8,-73.2,-43.92,-29.28
-19.52,73.2,92.72,-24.4,-58.56,82.96,0,-43.92,-43.92,-73.2,-34.16,-24.4
-43.92,58.56,102.48,-4.88,-73.2,78.08,4.88,-39.04,-39.04,-68.32,-29.28,-29.28
-29.28,53.68,82.96,-9.76,-58.56,68.32,-9.76,-58.56,-58.56,-82.96,-43.92,-39.04
-14.64,48.8,63.44,-14.64,-39.04,53.68,-14.64,-63.44,-68.32,-92.72,-43.92,-34.16
-14.64,58.56,73.2,-19.52,-43.92,63.44,-24.4,-68.32,-68.32,-87.84,-43.92,-34.16
-9.76,73.2,82.96,-29.28,-48.8,78.08,-29.28,-68.32,-63.44,-87.84,-34.16,-29.28
4.88,78.08,73.2,-39.04,-34.16,73.2,-34.16,-82.96,-73.2,-97.6,-48.8,-43.92
4.88,53.68,48.8,-29.28,-24.4,48.8,-39.04,-78.08,-73.2,-97.6,-43.92,-43.92
4.88,39.04,34.16,-19.52,-14.64,34.16,-39.04,-73.2,-68.32,-92.72,-48.8,-48.8
9.76,53.68,43.92,-29.28,-19.52,48.8,-29.28,-68.32,-58.56,-87.84,-39.04,-39.04
-34.16,39.04,73.2,0,-53.68,53.68,-24.4,-63.44,-58.56,-87.84,-39.04,-34.16
-19.52,14.64,34.16,4.88,-29.28,24.4,-39.04,-82.96,-78.08,-102.48,-53.68,-48.8
4.88,14.64,9.76,-9.76,-4.88,9.76,-39.04,-87.84,-73.2,-112.24,-53.68,-48.8
-9.76,19.52,29.28,-4.88,-19.52,24.4,-29.28,-92.72,-87.84,-117.12,-58.56,-53.68
-29.28,14.64,43.92,9.76,-39.04,29.28,-34.16,-102.48,-97.6,-126.88,-68.32,-63.44
-48.8,-4.88,43.92,29.28,-48.8,19.52,-34.16,-97.6,-97.6,-126.88,-73.2,-68.32
-39.04,-4.88,34.16,24.4,-39.04,14.64,-34.16,-92.72,-92.72,-126.88,-78.08,-73.2
-58.56,-19.52,39.04,39.04,-48.8,9.76,-39.04,-107.36,-102.48,-141.52,-87.84,-82.96
-63.44,-24.4,39.04,43.92,-53.68,4.88,-43.92,-112.24,-112.24,-141.52,-92.72,-82.96
-53.68,-19.52,34.16,39.04,-43.92,4.88,-43.92,-117.12,-117.12,-151.28,-92.72,-82.96
-78.08,-24.4,53.68,53.68,-68.32,14.64,-39.04,-117.12,-117.12,-151.28,-92.72,-87.84
-82.96,-19.52,63.44,53.68,-73.2,19.52,-29.28,-112.24,-102.48,-136.64,-87.84,-78.08
-87.84,-29.28,58.56,58.56,-73.2,14.64,-29.28,-117.12,-112.24,-146.4,-92.72,-82.96
-78.08,-24.4,53.68,53.68,-68.32,14.64,-24.4,-112.24,-112.24,-151.28,-92.72,-87.84
-87.84,-34.16,53.68,63.44,-73.2,9.76,-34.16,-126.88,-126.88,-165.92,-107.36,-102.48
-92.72,-43.92,48.8,68.32,-73.2,0,-39.04,-126.88,-122,-165.92,-112.24,-107.36
-87.84,-24.4,63.44,58.56,-78.08,19.52,-19.52,-112.24,-107.36,-151.28,-97.6,-92.72
-73.2,-4.88,68.32,39.04,-73.2,29.28,-14.64,-122,-117.12,-156.16,-102.48,-97.6
-102.48,-43.92,58.56,73.2,-82.96,4.88,-29.28,-131.76,-126.88,-165.92,-117.12,-107.36
-107.36,-48.8,58.56,78.08,-82.96,4.88,-34.16,-141.52,-136.64,-175.68,-122,-107.36
-102.48,-34.16,68.32,68.32,-87.84,14.64,-34.16,-136.64,-136.64,-175.68,-122,-112.24
-102.48,-48.8,53.68,78.08,-78.08,0,-24.4,-136.64,-126.88,-175.68,-117.12,-107.36
-68.32,-19.52,48.8,43.92,-58.56,14.64,-14.64,-117.12,-117.12,-161.04,-107.36,-92.72
-73.2,-19.52,53.68,48.8,-63.44,14.64,-19.52,-122,-126.88,-175.68,-112.24,-102.48
-107.36,-58.56,48.8,82.96,-78.08,-4.88,-34.16,-131.76,-136.64,-190.32,-131.76,-122
-107.36,-63.44,43.92,87.84,-78.08,-9.76,-34.16,-131.76,-136.64,-190.32,-131.76,-117.12
-112.24,-73.2,39.04,92.72,-78.08,-19.52,-43.92,-136.64,-141.52,-195.2,-131.76,-122
-97.6,-58.56,39.04,78.08,-68.32,-9.76,-39.04,-136.64,-136.64,-185.44,-131.76,-122
-73.2,-34.16,39.04,53.68,-58.56,0,-39.04,-136.64,-131.76,-185.44,-131.76,-117.12
-82.96,-19.52,63.44,53.68,-73.2,19.52,-29.28,-122,-122,-170.8,-112.24,-102.48
-92.72,-43.92,48.8,68.32,-73.2,0,-34.16,-126.88,-122,-170.8,-117.12,-102.48
-102.48,-53.68,48.8,78.08,-78.08,-4.88,-43.92,-141.52,-131.76,-180.56,-126.88,-112.24
-107.36,-29.28,78.08,68.32,-92.72,24.4,-34.16,-131.76,-126.88,-180.56,-122,-112.24
-97.6,-14.64,82.96,58.56,-92.72,34.16,-24.4,-117.12,-112.24,-170.8,-112.24,-102.48
-92.72,-24.4,68.32,58.56,-82.96,19.52,-19.52,-112.24,-107.36,-170.8,-112.24,-107.36
-97.6,-34.16,63.44,68.32,-82.96,14.64,-24.4,-122,-112.24,-175.68,-122,-112.24
-117.12,-29.28,87.84,73.2,-102.48,29.28,-4.88,-107.36,-102.48,-165.92,-107.36,-102.48
-117.12,-34.16,82.96,78.08,-102.48,24.4,-4.88,-107.36,-107.36,-161.04,-112.24,-102.48
-117.12,-39.04,78.08,78.08,-97.6,19.52,-14.64,-112.24,-107.36,-161.04,-117.12,-107.36
-102.48,-34.16,68.32,68.32,-87.84,14.64,-19.52,-112.24,-112.24,-161.04,-117.12,-102.48
-82.96,-53.68,29.28,68.32,-58.56,-14.64,-19.52,-107.36,-117.12,-170.8,-126.88,-117.12
-107.36,-63.44,43.92,87.84,-78.08,-9.76,-4.88,-92.72,-112.24,-185.44,-146.4,-136.64
-131.76,-73.2,58.56,102.48,-97.6,-9.76,19.52,-63.44,-112.24,-195.2,-161.04,-156.16
-126.88,-78.08,48.8,102.48,-87.84,-14.64,53.68,-19.52,-97.6,-200.08,-180.56,-175.68
-151.28,-117.12,34.16,136.64,-92.72,-43.92,82.96,19.52,-73.2,-200.08,-195.2,-195.2
-146.4,-126.88,19.52,136.64,-82.96,-53.68,97.6,58.56,-39.04,-180.56,-190.32,-195.2
-117.12,-117.12,0,117.12,-58.56,-58.56,107.36,107.36,4.88,-146.4,-170.8,-190.32
-68.32,-97.6,-29.28,82.96,-19.52,-63.44,131.76,170.8,58.56,-97.6,-146.4,-175.68
-53.68,-97.6,-43.92,78.08,-4.88,-73.2,141.52,234.24,126.88,-43.92,-112.24,-146.4
-19.52,-87.84,-68.32,53.68,24.4,-78.08,141.52,307.44,200.08,43.92,-39.04,-82.96
122,-48.8,-170.8,-34.16,146.4,-112.24,107.36,356.24,292.8,151.28,43.92,-4.88
248.88,9.76,-239.12,-126.88,244,-117.12,48.8,370.88,380.64,268.4,156.16,92.72
370.88,58.56,-312.32,-214.72,341.6,-126.88,-29.28,331.84,444.08,385.52,278.16,209.84
536.8,156.16,-380.64,-346.48,458.72,-112.24,-146.4,248.88,492.88,522.16,429.44,356.24
697.84,287.92,-409.92,-492.88,551.44,-63.44,-258.64,161.04,566.08,683.2,605.12,522.16
829.6,414.8,-414.8,-619.76,619.76,0,-351.36,63.44,629.52,844.24,785.68,697.84
897.92,507.52,-390.4,-702.72,644.16,58.56,-424.56,-34.16,683.2,976,941.84,854
946.72,590.48,-356.24,-766.16,649.04,117.12,-507.52,-131.76,707.6,1078.48,1083.36,985.76
966.24,688.08,-278.16,-824.72,619.76,204.96,-561.2,-209.84,756.4,1185.84,1205.36,1112.64
936.96,810.08,-126.88,-873.52,531.92,341.6,-590.48,-273.28,814.96,1288.32,1317.6,1215.12
834.48,912.56,78.08,-873.52,375.76,492.88,-634.4,-385.52,814.96,1327.36,1395.68,1302.96
688.08,966.24,278.16,-824.72,204.96,619.76,-697.84,-546.56,692.96,1234.64,1376.16,1307.84
570.96,927.2,356.24,-746.64,107.36,639.28,-771.04,-727.12,453.84,980.88,1185.84,1176.08
444.08,805.2,361.12,-624.64,39.04,580.72,-800.32,-888.16,141.52,614.88,878.4,917.44
302.56,658.8,356.24,-478.24,-29.28,507.52,-785.68,-1029.68,-185.44,204.96,517.28,619.76
107.36,531.92,424.56,-317.2,-161.04,478.24,-751.52,-1151.68,-468.48,-141.52,219.6,361.12
-58.56,434.32,492.88,-185.44,-278.16,463.6,-722.24,-1263.92,-697.84,-409.92,0,165.92
-170.8,322.08,492.88,-73.2,-331.84,405.04,-678.32,-1293.2,-849.12,-595.36,-165.92,14.64
-239.12,229.36,468.48,4.88,-356.24,346.48,-629.52,-1263.92,-902.8,-697.84,-278.16,-102.48
-258.64,131.76,390.4,63.44,-326.96,258.64,-595.36,-1161.44,-878.4,-717.36,-346.48,-190.32
-253.76,53.68,307.44,102.48,-283.04,180.56,-536.8,-1039.44,-819.84,-692.96,-380.64,-234.24
-219.6,-9.76,209.84,117.12,-214.72,97.6,-488,-907.68,-727.12,-639.28,-370.88,-248.88
-170.8,-48.8,122,112.24,-146.4,34.16,-419.68,-751.52,-600.24,-546.56,-326.96,-234.24
-146.4,-68.32,78.08,107.36,-112.24,4.88,-346.48,-619.76,-502.64,-463.6,-278.16,-200.08
-156.16,-58.56,97.6,107.36,-126.88,19.52,-283.04,-527.04,-424.56,-400.16,-239.12,-170.8
-146.4,-24.4,122,87.84,-136.64,48.8,-224.48,-429.44,-346.48,-336.72,-200.08,-141.52
-112.24,-14.64,97.6,63.44,-107.36,39.04,-175.68,-341.6,-278.16,-287.92,-175.68,-126.88
-92.72,-9.76,82.96,53.68,-87.84,34.16,-141.52,-278.16,-234.24,-258.64,-161.04,-122
-102.48,0,102.48,53.68,-102.48,48.8,-92.72,-204.96,-180.56,-214.72,-141.52,-107.36
-112.24,0,112.24,58.56,-112.24,53.68,-58.56,-146.4,-136.64,-180.56,-117.12,-87.84
-107.36,-39.04,68.32,73.2,-87.84,14.64,-39.04,-117.12,-117.12,-165.92,-122,-97.6
-87.84,-39.04,48.8,63.44,-68.32,4.88,-19.52,-87.84,-92.72,-151.28,-117.12,-87.84
-92.72,-43.92,48.8,68.32,-73.2,0,-14.64,-82.96,-82.96,-141.52,-107.36,-92.72
-92.72,-43.92,48.8,68.32,-73.2,0,-9.76,-68.32,-78.08,-141.52,-102.48,-87.84
-92.72,-39.04,53.68,68.32,-73.2,4.88,0,-58.56,-73.2,-136.64,-102.48,-82.96
-82.96,-24.4,58.56,53.68,-73.2,14.64,9.76,-48.8,-68.32,-131.76,-107.36,-87.84
-73.2,-14.64,58.56,43.92,-68.32,19.52,9.76,-43.92,-68.32,-136.64,-112.24,-92.72
-68.32,-29.28,39.04,48.8,-53.68,4.88,14.64,-39.04,-63.44,-131.76,-107.36,-82.96
-58.56,-19.52,39.04,39.04,-48.8,9.76,19.52,-24.4,-48.8,-126.88,-107.36,-92.72
-68.32,-34.16,34.16,53.68,-53.68,0,19.52,-24.4,-53.68,-131.76,-112.24,-97.6
-53.68,-34.16,19.52,43.92,-39.04,-9.76,34.16,-14.64,-43.92,-117.12,-97.6,-82.96
-39.04,-24.4,14.64,34.16,-29.28,-4.88,39.04,-14.64,-29.28,-112.24,-97.6,-82.96
-53.68,-29.28,24.4,43.92,-39.04,-4.88,29.28,-19.52,-43.92,-117.12,-102.48,-92.72
-107.36,-48.8,58.56,78.08,-82.96,4.88,29.28,-9.76,-39.04,-102.48,-97.6,-82.96
-136.64,-58.56,78.08,97.6,-107.36,9.76,34.16,-4.88,-29.28,-92.72,-87.84,-78.08
-107.36,-43.92,63.44,78.08,-87.84,9.76,39.04,4.88,-19.52,-92.72,-82.96,-73.2
-92.72,-19.52,73.2,58.56,-82.96,24.4,48.8,14.64,-14.64,-82.96,-73.2,-68.32
-102.48,-19.52,82.96,63.44,-92.72,29.28,48.8,14.64,-14.64,-82.96,-73.2,-63.44
-87.84,-14.64,73.2,53.68,-82.96,29.28,39.04,9.76,-14.64,-92.72,-87.84,-82.96
-73.2,-9.76,63.44,43.92,-68.32,24.4,43.92,14.64,-4.88,-87.84,-82.96,-78.08
-63.44,-9.76,53.68,39.04,-58.56,19.52,43.92,19.52,-9.76,-82.96,-82.96,-78.08
-63.44,-9.76,53.68,39.04,-58.56,19.52,43.92,9.76,-14.64,-87.84,-87.84,-82.96
-48.8,-4.88,43.92,29.28,-48.8,19.52,48.8,19.52,0,-73.2,-73.2,-78.08
-39.04,0,39.04,19.52,-39.04,19.52,43.92,19.52,-9.76,-78.08,-73.2,-73.2
-39.04,0,39.04,19.52,-39.04,19.52,34.16,19.52,-9.76,-82.96,-78.08,-78.08
-78.08,-29.28,48.8,53.68,-63.44,9.76,29.28,14.64,-19.52,-92.72,-87.84,-87.84
-102.48,-29.28,73.2,68.32,-87.84,19.52,43.92,29.28,-4.88,-78.08,-73.2,-73.2
-78.08,-9.76,68.32,43.92,-73.2,29.28,39.04,29.28,-4.88,-78.08,-78.08,-68.32
-68.32,-4.88,63.44,39.04,-68.32,29.28,34.16,24.4,0,-82.96,-82.96,-82.96
-48.8,4.88,53.68,24.4,-53.68,29.28,34.16,24.4,0,-82.96,-87.84,-82.96
-43.92,4.88,48.8,19.52,-48.8,24.4,29.28,24.4,-4.88,-78.08,-87.84,-78.08
-43.92,4.88,48.8,19.52,-48.8,24.4,24.4,24.4,-4.88,-73.2,-82.96,-78.08
-29.28,29.28,58.56,0,-43.92,43.92,53.68,39.04,19.52,-53.68,-63.44,-63.44
-39.04,24.4,63.44,9.76,-53.68,43.92,48.8,34.16,9.76,-53.68,-63.44,-58.56
-43.92,24.4,68.32,9.76,-58.56,43.92,34.16,39.04,4.88,-58.56,-68.32,-68.32
-34.16,29.28,63.44,4.88,-48.8,43.92,34.16,43.92,14.64,-58.56,-68.32,-68.32
-34.16,14.64,48.8,9.76,-43.92,29.28,24.4,34.16,9.76,-68.32,-78.08,-78.08
-29.28,14.64,43.92,9.76,-39.04,29.28,34.16,43.92,9.76,-63.44,-73.2,-73.2
-53.68,9.76,63.44,24.4,-58.56,34.16,34.16,53.68,24.4,-63.44,-73.2,-73.2
-53.68,4.88,58.56,24.4,-58.56,29.28,34.16,48.8,19.52,-58.56,-73.2,-73.2
-39.04,14.64,53.68,14.64,-48.8,34.16,34.16,53.68,29.28,-43.92,-58.56,-58.56
-48.8,14.64,63.44,19.52,-58.56,39.04,34.16,53.68,29.28,-39.04,-58.56,-58.56
-34.16,24.4,58.56,4.88,-48.8,39.04,39.04,63.44,48.8,-24.4,-43.92,-53.68
-4.88,39.04,43.92,-14.64,-24.4,39.04,43.92,63.44,43.92,-19.52,-34.16,-48.8
-14.64,29.28,43.92,-4.88,-29.28,34.16,39.04,63.44,43.92,-24.4,-39.04,-48.8
-39.04,19.52,58.56,9.76,-48.8,39.04,39.04,73.2,43.92,-24.4,-48.8,-53.68
-24.4,29.28,53.68,0,-39.04,39.04,43.92,82.96,53.68,-19.52,-43.92,-53.68
4.88,39.04,34.16,-19.52,-14.64,34.16,48.8,87.84,53.68,-14.64,-43.92,-43.92
-9.76,34.16,43.92,-9.76,-29.28,39.04,48.8,92.72,58.56,-14.64,-43.92,-43.92
-14.64,24.4,39.04,-4.88,-29.28,29.28,43.92,92.72,58.56,-9.76,-34.16,-48.8
-9.76,29.28,39.04,-9.76,-24.4,34.16,39.04,87.84,63.44,-9.76,-34.16,-43.92
-4.88,34.16,39.04,-14.64,-24.4,34.16,34.16,87.84,63.44,-4.88,-34.16,-43.92
9.76,34.16,24.4,-19.52,-9.76,29.28,34.16,92.72,78.08,4.88,-24.4,-39.04
29.28,58.56,29.28,-43.92,0,43.92,34.16,92.72,78.08,9.76,-14.64,-29.28
14.64,53.68,39.04,-34.16,-14.64,43.92,34.16,97.6,73.2,4.88,-19.52,-39.04
14.64,39.04,24.4,-24.4,-4.88,29.28,39.04,112.24,87.84,24.4,-4.88,-24.4
39.04,53.68,14.64,-43.92,9.76,34.16,53.68,126.88,102.48,39.04,9.76,-9.76
24.4,53.68,29.28,-39.04,-4.88,39.04,48.8,136.64,97.6,39.04,4.88,-9.76
24.4,58.56,34.16,-39.04,-4.88,43.92,43.92,136.64,102.48,39.04,0,-14.64
14.64,48.8,34.16,-29.28,-9.76,39.04,39.04,131.76,102.48,39.04,4.88,-19.52
9.76,39.04,29.28,-24.4,-9.76,34.16,43.92,141.52,107.36,43.92,9.76,-14.64
19.52,34.16,14.64,-24.4,0,24.4,39.04,141.52,117.12,43.92,9.76,-14.64
43.92,39.04,-4.88,-39.04,24.4,14.64,34.16,146.4,122,48.8,14.64,-14.64
48.8,53.68,4.88,-48.8,19.52,29.28,34.16,156.16,126.88,63.44,19.52,-9.76
68.32,68.32,0,-68.32,34.16,34.16,34.16,165.92,141.52,68.32,14.64,0
68.32,58.56,-9.76,-63.44,39.04,24.4,34.16,175.68,146.4,78.08,24.4,4.88
68.32,73.2,4.88,-68.32,29.28,39.04,39.04,195.2,165.92,97.6,43.92,24.4
63.44,87.84,24.4,-73.2,19.52,53.68,53.68,209.84,180.56,112.24,53.68,39.04
73.2,68.32,-4.88,-68.32,39.04,29.28,39.04,195.2,165.92,102.48,34.16,24.4
82.96,58.56,-24.4,-68.32,53.68,14.64,34.16,195.2,165.92,102.48,43.92,24.4
63.44,53.68,-9.76,-58.56,34.16,19.52,43.92,214.72,190.32,122,63.44,43.92
78.08,53.68,-24.4,-63.44,48.8,14.64,48.8,214.72,200.08,131.76,63.44,43.92
107.36,73.2,-34.16,-87.84,68.32,19.52,43.92,214.72,209.84,136.64,73.2,43.92
122,82.96,-39.04,-102.48,78.08,19.52,48.8,224.48,214.72,156.16,87.84,58.56
107.36,73.2,-34.16,-87.84,68.32,19.52,48.8,244,219.6,165.92,87.84,68.32
102.48,73.2,-29.28,-87.84,63.44,19.52,53.68,248.88,229.36,175.68,97.6,73.2
117.12,63.44,-53.68,-87.84,82.96,4.88,43.92,263.52,229.36,185.44,92.72,68.32
151.28,97.6,-53.68,-122,102.48,19.52,48.8,278.16,248.88,195.2,102.48,82.96
146.4,107.36,-39.04,-126.88,92.72,34.16,53.68,287.92,268.4,209.84,112.24,92.72
161.04,112.24,-48.8,-136.64,102.48,29.28,53.68,302.56,278.16,224.48,126.88,102.48
214.72,141.52,-73.2,-175.68,141.52,34.16,53.68,307.44,287.92,234.24,136.64,112.24
200.08,131.76,-68.32,-165.92,131.76,29.28,43.92,302.56,297.68,244,141.52,112.24
190.32,117.12,-73.2,-151.28,131.76,19.52,34.16,297.68,297.68,244,146.4,117.12
214.72,126.88,-87.84,-170.8,151.28,19.52,34.16,312.32,307.44,263.52,161.04,131.76
224.48,112.24,-112.24,-165.92,165.92,0,39.04,331.84,322.08,287.92,180.56,146.4
209.84,112.24,-97.6,-161.04,151.28,4.88,34.16,336.72,341.6,292.8,185.44,151.28
219.6,126.88,-92.72,-170.8,156.16,14.64,39.04,351.36,356.24,307.44,200.08,165.92
229.36,122,-107.36,-175.68,165.92,4.88,39.04,361.12,361.12,312.32,200.08,170.8
244,131.76,-112.24,-185.44,175.68,9.76,24.4,361.12,366,322.08,200.08,165.92
229.36,107.36,-122,-165.92,175.68,-9.76,19.52,351.36,361.12,322.08,204.96,165.92
244,126.88,-117.12,-185.44,180.56,4.88,19.52,356.24,366,331.84,214.72,175.68
278.16,156.16,-122,-214.72,200.08,14.64,34.16,366,380.64,351.36,224.48,190.32
292.8,156.16,-136.64,-224.48,214.72,9.76,29.28,361.12,390.4,356.24,234.24,195.2
292.8,175.68,-117.12,-234.24,204.96,29.28,34.16,370.88,400.16,380.64,253.76,209.84
258.64,165.92,-92.72,-209.84,175.68,34.16,24.4,375.76,400.16,375.76,253.76,209.84
244,141.52,-102.48,-190.32,170.8,19.52,14.64,370.88,400.16,370.88,248.88,209.84
268.4,170.8,-97.6,-219.6,180.56,34.16,24.4,380.64,409.92,380.64,258.64,219.6
292.8,175.68,-117.12,-234.24,204.96,29.28,19.52,380.64,400.16,375.76,253.76,219.6
292.8,161.04,-131.76,-224.48,209.84,14.64,14.64,370.88,400.16,375.76,253.76,209.84
312.32,175.68,-136.64,-244,224.48,19.52,14.64,375.76,405.04,390.4,263.52,219.6
307.44,170.8,-136.64,-239.12,219.6,14.64,14.64,370.88,409.92,390.4,268.4,224.48
302.56,175.68,-126.88,-239.12,214.72,24.4,9.76,366,409.92,390.4,263.52,224.48
312.32,180.56,-131.76,-244,219.6,24.4,4.88,356.24,409.92,390.4,263.52,219.6
317.2,190.32,-126.88,-253.76,219.6,29.28,9.76,361.12,409.92,395.28,278.16,234.24
317.2,190.32,-126.88,-253.76,219.6,29.28,9.76,356.24,405.04,390.4,273.28,234.24
273.28,161.04,-112.24,-214.72,190.32,24.4,9.76,356.24,405.04,390.4,268.4,229.36
283.04,161.04,-122,-219.6,200.08,19.52,9.76,351.36,400.16,390.4,268.4,234.24
302.56,161.04,-141.52,-229.36,219.6,9.76,0,341.6,385.52,370.88,253.76,219.6
283.04,156.16,-126.88,-219.6,204.96,14.64,0,331.84,370.88,366,248.88,214.72
278.16,165.92,-112.24,-219.6,195.2,24.4,19.52,326.96,375.76,370.88,258.64,224.48
253.76,165.92,-87.84,-209.84,170.8,39.04,24.4,322.08,370.88,366,258.64,219.6
239.12,165.92,-73.2,-200.08,156.16,43.92,14.64,307.44,356.24,346.48,244,209.84
268.4,190.32,-78.08,-229.36,170.8,53.68,4.88,287.92,341.6,336.72,234.24,195.2
258.64,175.68,-82.96,-214.72,170.8,43.92,0,278.16,331.84,326.96,234.24,195.2
234.24,170.8,-63.44,-200.08,146.4,53.68,9.76,268.4,322.08,317.2,224.48,190.32
195.2,165.92,-29.28,-180.56,112.24,68.32,19.52,263.52,307.44,302.56,219.6,180.56
185.44,151.28,-34.16,-165.92,107.36,58.56,19.52,244,283.04,283.04,200.08,175.68
219.6,175.68,-43.92,-195.2,131.76,63.44,29.28,248.88,278.16,273.28,190.32,170.8
200.08,161.04,-39.04,-180.56,117.12,58.56,19.52,219.6,253.76,244,170.8,146.4
161.04,141.52,-19.52,-151.28,87.84,58.56,29.28,204.96,248.88,234.24,161.04,136.64
146.4,146.4,0,-146.4,73.2,73.2,34.16,195.2,239.12,229.36,156.16,131.76
131.76,126.88,-4.88,-126.88,68.32,58.56,19.52,175.68,204.96,200.08,126.88,107.36
146.4,126.88,-19.52,-136.64,82.96,53.68,34.16,170.8,204.96,200.08,131.76,107.36
141.52,122,-19.52,-131.76,78.08,48.8,19.52,156.16,190.32,180.56,122,102.48
122,112.24,-9.76,-117.12,63.44,48.8,14.64,131.76,161.04,156.16,97.6,87.84
117.12,122,4.88,-117.12,53.68,63.44,14.64,117.12,146.4,136.64,82.96,78.08
82.96,112.24,29.28,-97.6,24.4,68.32,19.52,107.36,126.88,122,73.2,68.32
73.2,102.48,29.28,-87.84,19.52,63.44,24.4,92.72,102.48,102.48,53.68,48.8
58.56,102.48,43.92,-78.08,4.88,73.2,29.28,82.96,97.6,92.72,48.8,48.8
39.04,82.96,43.92,-58.56,-4.88,63.44,24.4,68.32,82.96,78.08,43.92,43.92
48.8,68.32,19.52,-58.56,14.64,43.92,9.76,43.92,63.44,48.8,24.4,19.52
53.68,68.32,14.64,-58.56,19.52,39.04,9.76,34.16,48.8,34.16,9.76,9.76
24.4,53.68,29.28,-39.04,-4.88,39.04,9.76,24.4,43.92,34.16,0,0
19.52,63.44,43.92,-39.04,-14.64,53.68,9.76,24.4,34.16,29.28,0,4.88
14.64,68.32,53.68,-39.04,-19.52,58.56,24.4,24.4,34.16,24.4,0,4.88
-14.64,48.8,63.44,-14.64,-39.04,53.68,14.64,4.88,14.64,4.88,-14.64,-9.76
-24.4,48.8,73.2,-9.76,-48.8,58.56,14.64,4.88,0,-9.76,-24.4,-14.64
-24.4,34.16,58.56,-4.88,-43.92,43.92,14.64,-9.76,-14.64,-24.4,-39.04,-34.16
-34.16,14.64,48.8,9.76,-43.92,29.28,4.88,-14.64,-29.28,-39.04,-48.8,-43.92
-34.16,19.52,53.68,9.76,-43.92,34.16,9.76,-9.76,-24.4,-34.16,-43.92,-39.04
-29.28,29.28,58.56,0,-43.92,43.92,4.88,-24.4,-29.28,-43.92,-48.8,-43.92
-39.04,34.16,73.2,4.88,-58.56,53.68,0,-34.16,-48.8,-53.68,-58.56,-53.68
-48.8,29.28,78.08,9.76,-63.44,53.68,9.76,-43.92,-53.68,-58.56,-63.44,-58.56
-53.68,34.16,87.84,9.76,-73.2,58.56,9.76,-34.16,-48.8,-53.68,-58.56,-48.8
-34.16,39.04,73.2,0,-53.68,53.68,24.4,-34.16,-43.92,-48.8,-58.56,-43.92
-48.8,24.4,73.2,14.64,-63.44,48.8,19.52,-39.04,-53.68,-58.56,-63.44,-53.68
-43.92,39.04,82.96,4.88,-63.44,58.56,14.64,-53.68,-63.44,-73.2,-73.2,-58.56
-63.44,14.64,78.08,24.4,-73.2,43.92,4.88,-53.68,-78.08,-82.96,-82.96,-73.2
-73.2,-4.88,68.32,39.04,-73.2,29.28,4.88,-48.8,-73.2,-78.08,-82.96,-63.44
-34.16,29.28,63.44,4.88,-48.8,43.92,14.64,-39.04,-68.32,-68.32,-68.32,-53.68
-19.52,34.16,53.68,-4.88,-39.04,43.92,9.76,-48.8,-73.2,-73.2,-73.2,-58.56
-39.04,19.52,58.56,9.76,-48.8,39.04,4.88,-58.56,-78.08,-87.84,-82.96,-68.32
-34.16,24.4,58.56,4.88,-48.8,39.04,9.76,-58.56,-78.08,-82.96,-82.96,-68.32
-29.28,19.52,48.8,4.88,-39.04,34.16,4.88,-58.56,-82.96,-82.96,-82.96,-63.44
-39.04,14.64,53.68,14.64,-48.8,34.16,14.64,-53.68,-78.08,-82.96,-78.08,-58.56
-53.68,14.64,68.32,19.52,-63.44,39.04,9.76,-53.68,-78.08,-82.96,-82.96,-63.44
-53.68,29.28,82.96,14.64,-68.32,53.68,9.76,-48.8,-78.08,-78.08,-73.2,-53.68
-34.16,24.4,58.56,4.88,-48.8,39.04,9.76,-48.8,-78.08,-87.84,-82.96,-58.56
-34.16,14.64,48.8,9.76,-43.92,29.28,0,-63.44,-92.72,-102.48,-97.6,-73.2
-29.28,29.28,58.56,0,-43.92,43.92,-4.88,-58.56,-92.72,-97.6,-92.72,-68.32
-39.04,29.28,68.32,4.88,-53.68,48.8,9.76,-58.56,-82.96,-87.84,-78.08,-63.44
-82.96,14.64,97.6,34.16,-92.72,53.68,19.52,-43.92,-73.2,-78.08,-73.2,-63.44
-63.44,14.64,78.08,24.4,-73.2,43.92,4.88,-63.44,-87.84,-92.72,-82.96,-78.08
-43.92,14.64,58.56,14.64,-53.68,34.16,4.88,-63.44,-82.96,-87.84,-78.08,-68.32
-53.68,-4.88,48.8,29.28,-53.68,19.52,9.76,-63.44,-82.96,-87.84,-78.08,-68.32
-34.16,19.52,53.68,9.76,-43.92,34.16,14.64,-53.68,-82.96,-82.96,-78.08,-63.44
-53.68,14.64,68.32,19.52,-63.44,39.04,14.64,-53.68,-87.84,-87.84,-78.08,-63.44
-73.2,4.88,78.08,34.16,-78.08,39.04,14.64,-48.8,-87.84,-87.84,-92.72,-73.2
-63.44,14.64,78.08,24.4,-73.2,43.92,14.64,-48.8,-87.84,-82.96,-87.84,-73.2
-48.8,19.52,68.32,14.64,-58.56,43.92,9.76,-43.92,-82.96,-82.96,-87.84,-68.32
-34.16,14.64,48.8,9.76,-43.92,29.28,4.88,-53.68,-82.96,-82.96,-82.96,-63.44
-39.04,24.4,63.44,9.76,-53.68,43.92,19.52,-39.04,-63.44,-63.44,-73.2,-53.68
-29.28,34.16,63.44,0,-48.8,48.8,24.4,-39.04,-58.56,-63.44,-63.44,-53.68
-48.8,4.88,53.68,24.4,-53.68,29.28,14.64,-48.8,-68.32,-73.2,-78.08,-63.44
-97.6,-14.64,82.96,58.56,-92.72,34.16,24.4,-39.04,-73.2,-73.2,-78.08,-63.44
-68.32,0,68.32,34.16,-68.32,34.16,24.4,-39.04,-78.08,-78.08,-78.08,-63.44
-68.32,0,68.32,34.16,-68.32,34.16,14.64,-43.92,-82.96,-82.96,-87.84,-68.32
-73.2,-9.76,63.44,43.92,-68.32,24.4,14.64,-39.04,-87.84,-87.84,-87.84,-68.32
-63.44,-4.88,58.56,34.16,-63.44,24.4,24.4,-34.16,-78.08,-78.08,-82.96,-68.32
-43.92,24.4,68.32,9.76,-58.56,43.92,34.16,-24.4,-58.56,-58.56,-63.44,-48.8
-29.28,43.92,73.2,-4.88,-53.68,58.56,39.04,-19.52,-48.8,-48.8,-53.68,-43.92
-34.16,9.76,43.92,14.64,-39.04,24.4,24.4,-34.16,-68.32,-63.44,-68.32,-53.68
-58.56,9.76,68.32,24.4,-63.44,39.04,24.4,-34.16,-63.44,-58.56,-63.44,-48.8
-29.28,39.04,68.32,-4.88,-48.8,53.68,19.52,-34.16,-63.44,-53.68,-58.56,-39.04
-29.28,34.16,63.44,0,-48.8,48.8,14.64,-34.16,-68.32,-58.56,-68.32,-53.68
-48.8,24.4,73.2,14.64,-63.44,48.8,9.76,-34.16,-68.32,-63.44,-68.32,-53.68
-39.04,24.4,63.44,9.76,-53.68,43.92,4.88,-29.28,-68.32,-58.56,-73.2,-53.68
-39.04,14.64,53.68,14.64,-48.8,34.16,4.88,-34.16,-73.2,-68.32,-78.08,-58.56
-39.04,-4.88,34.16,24.4,-39.04,14.64,9.76,-34.16,-78.08,-73.2,-87.84,-68.32
-29.28,-9.76,19.52,19.52,-24.4,4.88,14.64,-29.28,-68.32,-68.32,-82.96,-63.44
-63.44,-9.76,53.68,39.04,-58.56,19.52,19.52,-19.52,-63.44,-58.56,-78.08,-63.44
-53.68,14.64,68.32,19.52,-63.44,39.04,24.4,-19.52,-63.44,-63.44,-68.32,-53.68
-34.16,14.64,48.8,9.76,-43.92,29.28,24.4,-29.28,-68.32,-63.44,-73.2,-58.56
-39.04,9.76,48.8,14.64,-43.92,29.28,19.52,-29.28,-63.44,-58.56,-58.56,-43.92
-39.04,14.64,53.68,14.64,-48.8,34.16,9.76,-34.16,-73.2,-63.44,-63.44,-53.68
-39.04,19.52,58.56,9.76,-48.8,39.04,9.76,-29.28,-63.44,-58.56,-63.44,-43.92
-48.8,4.88,53.68,24.4,-53.68,29.28,19.52,-24.4,-58.56,-53.68,-58.56,-48.8
-43.92,14.64,58.56,14.64,-53.68,34.16,24.4,-19.52,-58.56,-53.68,-58.56,-43.92
-68.32,4.88,73.2,34.16,-73.2,39.04,29.28,-24.4,-63.44,-63.44,-73.2,-53.68
-58.56,4.88,63.44,29.28,-63.44,34.16,29.28,-24.4,-58.56,-58.56,-63.44,-48.8
-34.16,4.88,39.04,14.64,-39.04,19.52,19.52,-34.16,-73.2,-58.56,-63.44,-48.8
-19.52,14.64,34.16,4.88,-29.28,24.4,9.76,-39.04,-82.96,-63.44,-68.32,-53.68
-9.76,24.4,34.16,-4.88,-24.4,29.28,19.52,-34.16,-73.2,-58.56,-73.2,-48.8
-48.8,0,48.8,24.4,-48.8,24.4,29.28,-24.4,-58.56,-48.8,-58.56,-34.16
-68.32,4.88,73.2,34.16,-73.2,39.04,29.28,-24.4,-68.32,-58.56,-63.44,-39.04
-19.52,24.4,43.92,0,-34.16,34.16,24.4,-29.28,-73.2,-63.44,-68.32,-53.68
-19.52,19.52,39.04,0,-29.28,29.28,29.28,-24.4,-68.32,-58.56,-68.32,-53.68
-53.68,4.88,58.56,24.4,-58.56,29.28,24.4,-29.28,-82.96,-73.2,-78.08,-63.44
-73.2,-19.52,53.68,48.8,-63.44,14.64,19.52,-34.16,-87.84,-82.96,-87.84,-73.2
-58.56,-9.76,48.8,34.16,-53.68,19.52,29.28,-29.28,-82.96,-73.2,-78.08,-63.44
-53.68,0,53.68,29.28,-53.68,24.4,29.28,-29.28,-87.84,-78.08,-78.08,-68.32
-34.16,0,34.16,19.52,-34.16,14.64,19.52,-39.04,-92.72,-82.96,-82.96,-73.2
-24.4,14.64,39.04,4.88,-34.16,24.4,14.64,-39.04,-87.84,-73.2,-78.08,-68.32
-68.32,4.88,73.2,34.16,-73.2,39.04,19.52,-34.16,-87.84,-68.32,-68.32,-58.56
-53.68,0,53.68,29.28,-53.68,24.4,14.64,-43.92,-92.72,-73.2,-73.2,-58.56
-24.4,14.64,39.04,4.88,-34.16,24.4,29.28,-34.16,-82.96,-58.56,-63.44,-48.8
-34.16,4.88,39.04,14.64,-39.04,19.52,24.4,-34.16,-87.84,-63.44,-63.44,-53.68
-53.68,9.76,63.44,24.4,-58.56,34.16,19.52,-34.16,-92.72,-68.32,-63.44,-53.68
-34.16,19.52,53.68,9.76,-43.92,34.16,19.52,-43.92,-97.6,-78.08,-73.2,-58.56
-43.92,-4.88,39.04,24.4,-43.92,14.64,14.64,-58.56,-107.36,-82.96,-78.08,-68.32
-39.04,-9.76,29.28,24.4,-34.16,9.76,4.88,-63.44,-112.24,-87.84,-82.96,-73.2
-39.04,9.76,48.8,14.64,-43.92,29.28,9.76,-53.68,-107.36,-78.08,-73.2,-63.44
-43.92,0,43.92,24.4,-43.92,19.52,9.76,-48.8,-97.6,-73.2,-73.2,-63.44
-24.4,4.88,29.28,9.76,-29.28,14.64,14.64,-48.8,-102.48,-78.08,-73.2,-68.32
-24.4,14.64,39.04,4.88,-34.16,24.4,24.4,-53.68,-112.24,-87.84,-82.96,-73.2
-48.8,4.88,53.68,24.4,-53.68,29.28,34.16,-48.8,-107.36,-82.96,-78.08,-68.32
-63.44,-9.76,53.68,39.04,-58.56,19.52,34.16,-43.92,-107.36,-82.96,-73.2,-58.56
-87.84,-14.64,73.2,53.68,-82.96,29.28,34.16,-39.04,-102.48,-82.96,-73.2,-53.68
-82.96,-14.64,68.32,48.8,-78.08,24.4,29.28,-48.8,-117.12,-92.72,-87.84,-73.2
-58.56,-19.52,39.04,39.04,-48.8,9.76,29.28,-48.8,-112.24,-87.84,-82.96,-73.2
-63.44,-14.64,48.8,39.04,-58.56,14.64,34.16,-48.8,-112.24,-87.84,-78.08,-63.44
-58.56,-19.52,39.04,39.04,-48.8,9.76,29.28,-58.56,-122,-92.72,-82.96,-68.32
-53.68,-19.52,34.16,39.04,-43.92,4.88,14.64,-68.32,-126.88,-97.6,-92.72,-78.08
-53.68,-29.28,24.4,43.92,-39.04,-4.88,4.88,-73.2,-141.52,-112.24,-97.6,-87.84
-73.2,-14.64,58.56,43.92,-68.32,19.52,24.4,-63.44,-126.88,-102.48,-87.84,-73.2
-68.32,-4.88,63.44,39.04,-68.32,29.28,19.52,-68.32,-131.76,-102.48,-92.72,-73.2
-63.44,-14.64,48.8,39.04,-58.56,14.64,9.76,-73.2,-136.64,-102.48,-92.72,-73.2
-39.04,9.76,48.8,14.64,-43.92,29.28,19.52,-63.44,-126.88,-97.6,-82.96,-63.44
-29.28,19.52,48.8,4.88,-39.04,34.16,24.4,-58.56,-122,-97.6,-87.84,-68.32
-39.04,14.64,53.68,14.64,-48.8,34.16,19.52,-73.2,-136.64,-107.36,-97.6,-78.08
-43.92,-4.88,39.04,24.4,-43.92,14.64,14.64,-73.2,-141.52,-112.24,-102.48,-82.96
-34.16,-4.88,29.28,19.52,-34.16,9.76,4.88,-78.08,-136.64,-112.24,-102.48,-87.84
-58.56,-19.52,39.04,39.04,-48.8,9.76,19.52,-63.44,-126.88,-97.6,-92.72,-78.08
-78.08,-34.16,43.92,58.56,-63.44,4.88,9.76,-73.2,-131.76,-102.48,-92.72,-78.08
-58.56,-29.28,29.28,43.92,-43.92,0,9.76,-78.08,-141.52,-107.36,-102.48,-87.84
-53.68,-24.4,29.28,39.04,-43.92,0,19.52,-73.2,-141.52,-102.48,-92.72,-78.08
-48.8,-34.16,14.64,43.92,-34.16,-9.76,19.52,-78.08,-151.28,-107.36,-97.6,-82.96
-68.32,-34.16,34.16,53.68,-53.68,0,24.4,-73.2,-151.28,-107.36,-87.84,-78.08
-87.84,-29.28,58.56,58.56,-73.2,14.64,39.04,-58.56,-141.52,-97.6,-82.96,-73.2
-73.2,-24.4,48.8,48.8,-63.44,9.76,48.8,-58.56,-131.76,-92.72,-78.08,-68.32
-53.68,-29.28,24.4,43.92,-39.04,-4.88,43.92,-63.44,-141.52,-97.6,-82.96,-73.2
-53.68,-34.16,19.52,43.92,-39.04,-9.76,29.28,-78.08,-151.28,-107.36,-92.72,-82.96
-73.2,-29.28,43.92,53.68,-58.56,4.88,29.28,-82.96,-146.4,-107.36,-92.72,-82.96
-97.6,-34.16,63.44,68.32,-82.96,14.64,24.4,-78.08,-141.52,-102.48,-82.96,-73.2
-58.56,-24.4,34.16,43.92,-48.8,4.88,19.52,-73.2,-146.4,-107.36,-87.84,-78.08
-39.04,-14.64,24.4,29.28,-34.16,4.88,14.64,-68.32,-151.28,-107.36,-92.72,-82.96
-68.32,-19.52,48.8,43.92,-58.56,14.64,29.28,-63.44,-146.4,-107.36,-87.84,-78.08
-87.84,-39.04,48.8,63.44,-68.32,4.88,24.4,-68.32,-156.16,-117.12,-92.72,-87.84
-63.44,-29.28,34.16,48.8,-48.8,0,24.4,-68.32,-161.04,-117.12,-102.48,-92.72
-73.2,-43.92,29.28,58.56,-53.68,-9.76,24.4,-78.08,-156.16,-117.12,-97.6,-92.72
-82.96,-34.16,48.8,58.56,-68.32,4.88,34.16,-73.2,-146.4,-102.48,-87.84,-78.08
-68.32,-24.4,43.92,48.8,-58.56,9.76,34.16,-73.2,-146.4,-102.48,-82.96,-73.2
-48.8,-9.76,39.04,29.28,-43.92,14.64,34.16,-73.2,-141.52,-97.6,-87.84,-73.2
-63.44,-24.4,39.04,43.92,-53.68,4.88,29.28,-73.2,-146.4,-102.48,-87.84,-78.08
-87.84,-39.04,48.8,63.44,-68.32,4.88,29.28,-68.32,-161.04,-107.36,-97.6,-82.96
-92.72,-39.04,53.68,68.32,-73.2,4.88,24.4,-78.08,-161.04,-117.12,-107.36,-87.84
-63.44,-29.28,34.16,48.8,-48.8,0,29.28,-78.08,-156.16,-107.36,-102.48,-82.96
-73.2,-39.04,34.16,58.56,-53.68,-4.88,19.52,-82.96,-165.92,-117.12,-102.48,-92.72
-63.44,-34.16,29.28,48.8,-48.8,-4.88,14.64,-87.84,-170.8,-122,-112.24,-102.48
-43.92,-39.04,4.88,43.92,-24.4,-19.52,19.52,-87.84,-165.92,-122,-107.36,-97.6
-39.04,-43.92,-4.88,43.92,-19.52,-24.4,24.4,-82.96,-161.04,-117.12,-102.48,-92.72
-68.32,-19.52,48.8,43.92,-58.56,14.64,43.92,-63.44,-141.52,-97.6,-82.96,-78.08
-112.24,-29.28,82.96,73.2,-97.6,24.4,48.8,-58.56,-131.76,-87.84,-82.96,-78.08
-97.6,-34.16,63.44,68.32,-82.96,14.64,39.04,-68.32,-146.4,-97.6,-82.96,-78.08
-48.8,-14.64,34.16,34.16,-43.92,9.76,29.28,-82.96,-165.92,-112.24,-97.6,-92.72
-58.56,-19.52,39.04,39.04,-48.8,9.76,24.4,-82.96,-165.92,-122,-102.48,-97.6
-68.32,-43.92,24.4,58.56,-48.8,-9.76,39.04,-73.2,-161.04,-117.12,-92.72,-92.72
-68.32,-43.92,24.4,58.56,-48.8,-9.76,39.04,-63.44,-156.16,-112.24,-87.84,-87.84
-68.32,-43.92,24.4,58.56,-48.8,-9.76,29.28,-63.44,-151.28,-112.24,-97.6,-92.72
-82.96,-43.92,39.04,63.44,-63.44,-4.88,29.28,-78.08,-161.04,-122,-107.36,-92.72
-87.84,-34.16,53.68,63.44,-73.2,9.76,39.04,-68.32,-156.16,-112.24,-97.6,-82.96
-63.44,-19.52,43.92,43.92,-53.68,9.76,39.04,-63.44,-156.16,-107.36,-92.72,-78.08
-92.72,-39.04,53.68,68.32,-73.2,4.88,29.28,-73.2,-156.16,-107.36,-97.6,-87.84
-112.24,-73.2,39.04,92.72,-78.08,-19.52,29.28,-73.2,-161.04,-112.24,-92.72,-87.84
-87.84,-73.2,14.64,82.96,-53.68,-29.28,29.28,-78.08,-165.92,-117.12,-97.6,-87.84
-48.8,-39.04,9.76,43.92,-29.28,-14.64,34.16,-78.08,-165.92,-112.24,-97.6,-87.84
-63.44,-48.8,14.64,58.56,-39.04,-19.52,39.04,-73.2,-161.04,-112.24,-92.72,-92.72
-63.44,-48.8,14.64,58.56,-39.04,-19.52,39.04,-78.08,-165.92,-117.12,-97.6,-97.6
-63.44,-43.92,19.52,53.68,-43.92,-14.64,43.92,-73.2,-161.04,-117.12,-102.48,-97.6
-63.44,-39.04,24.4,53.68,-43.92,-9.76,48.8,-68.32,-156.16,-107.36,-92.72,-87.84
-53.68,-34.16,19.52,43.92,-39.04,-9.76,48.8,-78.08,-161.04,-112.24,-97.6,-92.72
-58.56,-43.92,14.64,53.68,-39.04,-14.64,34.16,-82.96,-165.92,-117.12,-107.36,-97.6
-43.92,-34.16,9.76,39.04,-29.28,-14.64,29.28,-82.96,-161.04,-117.12,-107.36,-102.48
-68.32,-43.92,24.4,58.56,-48.8,-9.76,43.92,-73.2,-151.28,-102.48,-92.72,-87.84
-68.32,-34.16,34.16,53.68,-53.68,0,39.04,-73.2,-156.16,-107.36,-92.72,-82.96
-87.84,-29.28,58.56,58.56,-73.2,14.64,43.92,-63.44,-156.16,-97.6,-82.96,-73.2
-87.84,-43.92,43.92,68.32,-68.32,0,43.92,-73.2,-161.04,-107.36,-87.84,-82.96
-87.84,-39.04,48.8,63.44,-68.32,4.88,48.8,-68.32,-161.04,-112.24,-87.84,-82.96
-87.84,-24.4,63.44,58.56,-78.08,19.52,53.68,-58.56,-151.28,-102.48,-82.96,-82.96
-78.08,-19.52,58.56,48.8,-68.32,19.52,58.56,-53.68,-146.4,-97.6,-78.08,-78.08
-73.2,-29.28,43.92,53.68,-58.56,4.88,63.44,-48.8,-141.52,-92.72,-78.08,-73.2
-68.32,-19.52,48.8,43.92,-58.56,14.64,63.44,-43.92,-141.52,-92.72,-73.2,-78.08
-58.56,-4.88,53.68,34.16,-58.56,24.4,73.2,-39.04,-126.88,-82.96,-73.2,-73.2
-58.56,-4.88,53.68,34.16,-58.56,24.4,82.96,-39.04,-126.88,-82.96,-68.32,-68.32
-39.04,4.88,43.92,19.52,-43.92,24.4,78.08,-39.04,-131.76,-87.84,-73.2,-82.96
-39.04,-4.88,34.16,24.4,-39.04,14.64,73.2,-34.16,-131.76,-82.96,-68.32,-78.08
-68.32,-19.52,48.8,43.92,-58.56,14.64,68.32,-34.16,-126.88,-78.08,-63.44,-73.2
-68.32,-4.88,63.44,39.04,-68.32,29.28,63.44,-39.04,-136.64,-82.96,-68.32,-73.2
-58.56,4.88,63.44,29.28,-63.44,34.16,63.44,-39.04,-131.76,-87.84,-73.2,-68.32
-53.68,0,53.68,29.28,-53.68,24.4,68.32,-48.8,-141.52,-92.72,-78.08,-82.96
-43.92,0,43.92,24.4,-43.92,19.52,73.2,-43.92,-136.64,-87.84,-78.08,-82.96
-53.68,0,53.68,29.28,-53.68,24.4,87.84,-34.16,-126.88,-82.96,-73.2,-78.08
-73.2,-14.64,58.56,43.92,-68.32,19.52,87.84,-29.28,-122,-78.08,-73.2,-82.96
-63.44,0,63.44,34.16,-63.44,29.28,97.6,-24.4,-112.24,-68.32,-58.56,-68.32
-43.92,4.88,48.8,19.52,-48.8,24.4,97.6,-14.64,-117.12,-68.32,-48.8,-58.56
-39.04,4.88,43.92,19.52,-43.92,24.4,87.84,-19.52,-117.12,-68.32,-48.8,-58.56
-39.04,9.76,48.8,14.64,-43.92,29.28,82.96,-24.4,-122,-63.44,-48.8,-58.56
-48.8,0,48.8,24.4,-48.8,24.4,78.08,-19.52,-122,-68.32,-43.92,-58.56
-58.56,9.76,68.32,24.4,-63.44,39.04,87.84,-9.76,-102.48,-53.68,-39.04,-53.68
-39.04,29.28,68.32,4.88,-53.68,48.8,73.2,-14.64,-107.36,-53.68,-39.04,-48.8
-24.4,14.64,39.04,4.88,-34.16,24.4,58.56,-29.28,-112.24,-58.56,-43.92,-53.68
-24.4,9.76,34.16,9.76,-29.28,19.52,43.92,-39.04,-122,-63.44,-48.8,-58.56
-9.76,29.28,39.04,-9.76,-24.4,34.16,39.04,-39.04,-117.12,-58.56,-48.8,-58.56
-24.4,29.28,53.68,0,-39.04,39.04,48.8,-29.28,-107.36,-48.8,-34.16,-39.04
-19.52,48.8,68.32,-14.64,-43.92,58.56,43.92,-34.16,-117.12,-58.56,-43.92,-48.8
0,34.16,34.16,-14.64,-19.52,34.16,24.4,-53.68,-131.76,-73.2,-58.56,-63.44
14.64,34.16,19.52,-24.4,-4.88,24.4,14.64,-63.44,-136.64,-78.08,-58.56,-58.56
-4.88,43.92,48.8,-19.52,-29.28,43.92,24.4,-58.56,-141.52,-78.08,-53.68,-53.68
-19.52,48.8,68.32,-14.64,-43.92,58.56,29.28,-39.04,-126.88,-58.56,-34.16,-34.16
-9.76,34.16,43.92,-9.76,-29.28,39.04,29.28,-34.16,-117.12,-48.8,-29.28,-39.04
9.76,0,-9.76,-4.88,9.76,-4.88,24.4,-48.8,-126.88,-73.2,-48.8,-58.56
9.76,0,-9.76,-4.88,9.76,-4.88,14.64,-58.56,-136.64,-82.96,-58.56,-68.32
-9.76,4.88,14.64,4.88,-14.64,9.76,9.76,-68.32,-141.52,-87.84,-63.44,-73.2
-29.28,-9.76,19.52,19.52,-24.4,4.88,9.76,-73.2,-151.28,-87.84,-63.44,-68.32
-19.52,4.88,24.4,9.76,-24.4,14.64,29.28,-53.68,-136.64,-78.08,-53.68,-58.56
-24.4,-14.64,9.76,19.52,-19.52,-4.88,29.28,-63.44,-146.4,-87.84,-63.44,-68.32
-43.92,-53.68,-9.76,48.8,-19.52,-34.16,19.52,-78.08,-165.92,-102.48,-78.08,-82.96
-43.92,-68.32,-24.4,58.56,-9.76,-48.8,24.4,-82.96,-175.68,-117.12,-82.96,-92.72
-34.16,-58.56,-24.4,48.8,-4.88,-43.92,24.4,-87.84,-180.56,-122,-92.72,-107.36
-39.04,-78.08,-39.04,58.56,0,-58.56,14.64,-102.48,-185.44,-126.88,-97.6,-117.12
-53.68,-78.08,-24.4,68.32,-14.64,-53.68,19.52,-97.6,-180.56,-122,-92.72,-107.36
-43.92,-68.32,-24.4,58.56,-9.76,-48.8,29.28,-92.72,-175.68,-122,-92.72,-107.36
-43.92,-73.2,-29.28,58.56,-9.76,-53.68,29.28,-92.72,-170.8,-122,-92.72,-112.24
-53.68,-63.44,-9.76,58.56,-24.4,-39.04,29.28,-92.72,-170.8,-122,-92.72,-122
-43.92,-68.32,-24.4,58.56,-9.76,-48.8,39.04,-87.84,-161.04,-122,-92.72,-112.24
-68.32,-63.44,4.88,68.32,-39.04,-29.28,58.56,-78.08,-156.16,-112.24,-82.96,-107.36
-112.24,-87.84,24.4,102.48,-68.32,-34.16,58.56,-68.32,-151.28,-107.36,-82.96,-107.36
-102.48,-78.08,24.4,92.72,-63.44,-29.28,53.68,-78.08,-161.04,-117.12,-87.84,-112.24
-82.96,-73.2,9.76,78.08,-48.8,-34.16,39.04,-92.72,-165.92,-131.76,-102.48,-126.88
-78.08,-82.96,-4.88,82.96,-39.04,-43.92,39.04,-97.6,-175.68,-136.64,-107.36,-131.76
-87.84,-102.48,-14.64,97.6,-39.04,-58.56,43.92,-92.72,-175.68,-136.64,-107.36,-126.88
-92.72,-92.72,0,92.72,-48.8,-48.8,39.04,-102.48,-180.56,-141.52,-112.24,-136.64
-92.72,-87.84,4.88,92.72,-48.8,-43.92,43.92,-97.6,-175.68,-141.52,-107.36,-126.88
-82.96,-78.08,4.88,82.96,-43.92,-39.04,43.92,-102.48,-180.56,-136.64,-107.36,-131.76
-87.84,-87.84,0,87.84,-43.92,-43.92,43.92,-107.36,-185.44,-146.4,-112.24,-141.52
-97.6,-92.72,4.88,97.6,-53.68,-43.92,43.92,-102.48,-185.44,-146.4,-117.12,-141.52
-73.2,-87.84,-14.64,82.96,-29.28,-53.68,53.68,-92.72,-175.68,-141.52,-112.24,-136.64
-73.2,-87.84,-14.64,82.96,-29.28,-53.68,53.68,-87.84,-175.68,-136.64,-107.36,-136.64
-87.84,-87.84,0,87.84,-43.92,-43.92,43.92,-92.72,-175.68,-146.4,-117.12,-146.4
-97.6,-97.6,0,97.6,-48.8,-48.8,39.04,-92.72,-185.44,-151.28,-122,-156.16
-107.36,-112.24,-4.88,112.24,-53.68,-58.56,43.92,-92.72,-185.44,-151.28,-126.88,-161.04
-78.08,-102.48,-24.4,92.72,-29.28,-63.44,43.92,-97.6,-190.32,-156.16,-126.88,-165.92
-58.56,-92.72,-34.16,78.08,-14.64,-63.44,29.28,-107.36,-185.44,-161.04,-136.64,-165.92
-73.2,-92.72,-19.52,82.96,-29.28,-58.56,39.04,-92.72,-170.8,-141.52,-112.24,-146.4
-112.24,-82.96,29.28,97.6,-73.2,-29.28,63.44,-73.2,-151.28,-122,-92.72,-131.76
-122,-92.72,29.28,107.36,-78.08,-34.16,58.56,-78.08,-156.16,-122,-97.6,-136.64
-102.48,-87.84,14.64,97.6,-58.56,-39.04,58.56,-73.2,-161.04,-131.76,-107.36,-141.52
-92.72,-87.84,4.88,92.72,-48.8,-43.92,63.44,-73.2,-165.92,-131.76,-107.36,-146.4
-78.08,-73.2,4.88,78.08,-43.92,-34.16,63.44,-68.32,-161.04,-136.64,-107.36,-146.4
-63.44,-58.56,4.88,63.44,-34.16,-29.28,63.44,-68.32,-156.16,-131.76,-102.48,-141.52
-78.08,-78.08,0,78.08,-39.04,-39.04,58.56,-73.2,-161.04,-136.64,-107.36,-146.4
-92.72,-107.36,-14.64,102.48,-39.04,-63.44,58.56,-78.08,-161.04,-141.52,-117.12,-151.28
-87.84,-112.24,-24.4,102.48,-34.16,-68.32,68.32,-63.44,-156.16,-146.4,-131.76,-170.8
-97.6,-131.76,-34.16,117.12,-34.16,-82.96,97.6,-34.16,-151.28,-156.16,-146.4,-185.44
-92.72,-156.16,-63.44,126.88,-14.64,-112.24,122,4.88,-146.4,-170.8,-175.68,-214.72
-82.96,-165.92,-82.96,126.88,0,-126.88,146.4,34.16,-136.64,-185.44,-204.96,-244
-97.6,-195.2,-97.6,146.4,0,-146.4,156.16,78.08,-117.12,-180.56,-209.84,-258.64
-87.84,-170.8,-82.96,131.76,-4.88,-126.88,175.68,131.76,-53.68,-136.64,-185.44,-239.12
-107.36,-151.28,-43.92,131.76,-34.16,-97.6,209.84,214.72,24.4,-68.32,-146.4,-209.84
-73.2,-151.28,-78.08,112.24,0,-117.12,224.48,283.04,87.84,-19.52,-112.24,-185.44
9.76,-122,-131.76,58.56,68.32,-126.88,224.48,341.6,146.4,43.92,-68.32,-151.28
87.84,-112.24,-200.08,14.64,141.52,-156.16,209.84,405.04,248.88,151.28,19.52,-68.32
200.08,-73.2,-273.28,-63.44,234.24,-175.68,170.8,439.2,356.24,297.68,146.4,43.92
317.2,9.76,-307.44,-161.04,312.32,-151.28,102.48,409.92,424.56,414.8,278.16,165.92
444.08,87.84,-356.24,-263.52,400.16,-136.64,-14.64,317.2,478.24,541.68,419.68,292.8
575.84,190.32,-385.52,-380.64,478.24,-97.6,-112.24,239.12,566.08,722.24,614.88,473.36
712.48,317.2,-395.28,-512.4,551.44,-39.04,-214.72,151.28,639.28,893.04,805.2,653.92
800.32,434.32,-366,-614.88,580.72,34.16,-297.68,53.68,697.84,1054.08,980.88,824.72
868.64,546.56,-322.08,-707.6,595.36,112.24,-375.76,-48.8,736.88,1180.96,1146.8,980.88
883.28,624.64,-258.64,-751.52,570.96,180.56,-434.32,-136.64,785.68,1302.96,1293.2,1137.04
883.28,732,-151.28,-805.2,517.28,287.92,-483.12,-200.08,844.24,1415.2,1415.2,1244.4
824.72,844.24,19.52,-834.48,400.16,429.44,-522.16,-292.8,878.4,1488.4,1507.92,1337.12
692.96,927.2,234.24,-810.08,229.36,580.72,-585.6,-439.2,810.08,1454.24,1532.32,1371.28
590.48,932.08,341.6,-761.28,122,634.4,-673.44,-614.88,610,1249.28,1420.08,1293.2
478.24,858.88,380.64,-668.56,48.8,619.76,-717.36,-775.92,336.72,917.44,1156.56,1083.36
336.72,688.08,351.36,-512.4,-9.76,517.28,-727.12,-912.56,0,507.52,790.56,780.8
195.2,551.44,356.24,-370.88,-82.96,453.84,-707.6,-1044.32,-322.08,107.36,439.2,488
19.52,453.84,434.32,-234.24,-209.84,444.08,-678.32,-1176.08,-610,-229.36,161.04,244
-107.36,366,473.36,-126.88,-292.8,419.68,-639.28,-1263.92,-839.36,-492.88,-53.68,48.8
-204.96,244,448.96,-19.52,-326.96,346.48,-600.24,-1273.68,-966.24,-663.68,-214.72,-102.48
-239.12,141.52,380.64,48.8,-312.32,258.64,-546.56,-1200.48,-971.12,-712.48,-307.44,-200.08
-224.48,53.68,278.16,87.84,-253.76,165.92,-502.64,-1068.72,-912.56,-707.6,-361.12,-268.4
-224.48,-34.16,190.32,131.76,-209.84,78.08,-453.84,-951.6,-844.24,-668.56,-375.76,-297.68
-190.32,-73.2,117.12,131.76,-156.16,19.52,-385.52,-805.2,-722.24,-585.6,-341.6,-292.8
-146.4,-87.84,58.56,117.12,-102.48,-14.64,-302.56,-649.04,-590.48,-483.12,-283.04,-263.52
-141.52,-92.72,48.8,117.12,-97.6,-24.4,-239.12,-536.8,-497.76,-405.04,-234.24,-224.48
-126.88,-73.2,53.68,102.48,-92.72,-9.76,-180.56,-448.96,-424.56,-356.24,-200.08,-195.2
-102.48,-43.92,58.56,73.2,-82.96,4.88,-136.64,-351.36,-346.48,-297.68,-165.92,-175.68
-82.96,-29.28,53.68,58.56,-68.32,9.76,-82.96,-258.64,-278.16,-239.12,-131.76,-151.28
-73.2,-34.16,39.04,53.68,-58.56,0,-48.8,-180.56,-229.36,-209.84,-112.24,-136.64
-73.2,-63.44,9.76,68.32,-43.92,-29.28,-14.64,-131.76,-195.2,-185.44,-112.24,-141.52
-68.32,-78.08,-9.76,73.2,-29.28,-43.92,14.64,-87.84,-156.16,-161.04,-107.36,-141.52
-73.2,-92.72,-19.52,82.96,-29.28,-58.56,24.4,-58.56,-141.52,-146.4,-97.6,-141.52
-82.96,-97.6,-14.64,92.72,-34.16,-58.56,43.92,-39.04,-122,-131.76,-92.72,-131.76
-63.44,-73.2,-9.76,68.32,-29.28,-43.92,58.56,-29.28,-102.48,-112.24,-78.08,-122
-63.44,-63.44,0,63.44,-34.16,-34.16,68.32,-19.52,-97.6,-107.36,-73.2,-117.12
-73.2,-63.44,9.76,68.32,-43.92,-29.28,73.2,-9.76,-102.48,-112.24,-87.84,-126.88
-87.84,-73.2,14.64,82.96,-53.68,-29.28,87.84,0,-97.6,-112.24,-87.84,-122
-97.6,-73.2,24.4,87.84,-63.44,-24.4,82.96,9.76,-97.6,-122,-92.72,-131.76
-78.08,-78.08,0,78.08,-39.04,-39.04,82.96,19.52,-97.6,-126.88,-97.6,-136.64
-73.2,-73.2,0,73.2,-39.04,-39.04,92.72,34.16,-87.84,-112.24,-97.6,-136.64
-78.08,-78.08,0,78.08,-39.04,-39.04,97.6,39.04,-73.2,-107.36,-87.84,-131.76
-63.44,-68.32,-4.88,68.32,-29.28,-39.04,97.6,43.92,-68.32,-92.72,-82.96,-126.88
-58.56,-73.2,-14.64,68.32,-24.4,-43.92,78.08,24.4,-73.2,-97.6,-92.72,-131.76
-68.32,-73.2,-4.88,73.2,-34.16,-39.04,82.96,29.28,-63.44,-82.96,-78.08,-126.88
-43.92,-53.68,-9.76,48.8,-19.52,-34.16,92.72,39.04,-53.68,-87.84,-73.2,-117.12
-48.8,-58.56,-9.76,53.68,-19.52,-34.16,92.72,39.04,-58.56,-87.84,-78.08,-122
-73.2,-68.32,4.88,73.2,-39.04,-34.16,97.6,43.92,-53.68,-87.84,-73.2,-117.12
-92.72,-78.08,14.64,87.84,-53.68,-34.16,92.72,48.8,-58.56,-92.72,-73.2,-122
-82.96,-78.08,4.88,82.96,-43.92,-39.04,97.6,58.56,-58.56,-92.72,-78.08,-117.12
-43.92,-53.68,-9.76,48.8,-19.52,-34.16,97.6,63.44,-53.68,-82.96,-82.96,-126.88
-39.04,-63.44,-24.4,53.68,-9.76,-43.92,97.6,63.44,-48.8,-78.08,-73.2,-117.12
-58.56,-73.2,-14.64,68.32,-24.4,-43.92,117.12,87.84,-19.52,-48.8,-53.68,-92.72
-48.8,-58.56,-9.76,53.68,-19.52,-34.16,122,87.84,-14.64,-48.8,-48.8,-92.72
-29.28,-73.2,-43.92,53.68,4.88,-58.56,102.48,63.44,-29.28,-58.56,-58.56,-107.36
-34.16,-78.08,-43.92,58.56,4.88,-63.44,92.72,63.44,-34.16,-63.44,-58.56,-102.48
-39.04,-53.68,-14.64,48.8,-14.64,-34.16,97.6,73.2,-29.28,-58.56,-58.56,-102.48
-34.16,-53.68,-19.52,43.92,-9.76,-39.04,107.36,78.08,-24.4,-58.56,-53.68,-92.72
-39.04,-68.32,-29.28,53.68,-4.88,-48.8,92.72,78.08,-29.28,-63.44,-63.44,-107.36
-39.04,-58.56,-19.52,48.8,-9.76,-39.04,97.6,87.84,-24.4,-58.56,-63.44,-97.6
-48.8,-48.8,0,48.8,-24.4,-24.4,102.48,87.84,-19.52,-48.8,-58.56,-102.48
-43.92,-58.56,-14.64,53.68,-14.64,-39.04,107.36,92.72,-4.88,-43.92,-48.8,-97.6
-53.68,-63.44,-9.76,58.56,-24.4,-39.04,107.36,92.72,-4.88,-39.04,-48.8,-97.6
-53.68,-68.32,-14.64,63.44,-19.52,-43.92,102.48,92.72,0,-39.04,-43.92,-92.72
-34.16,-68.32,-34.16,53.68,0,-53.68,112.24,107.36,14.64,-19.52,-29.28,-82.96
-39.04,-73.2,-34.16,58.56,-4.88,-53.68,107.36,102.48,14.64,-19.52,-24.4,-78.08
-39.04,-63.44,-24.4,53.68,-9.76,-43.92,102.48,97.6,0,-29.28,-34.16,-87.84
-24.4,-58.56,-34.16,43.92,4.88,-48.8,102.48,102.48,4.88,-24.4,-29.28,-82.96
-9.76,-53.68,-43.92,34.16,14.64,-48.8,92.72,102.48,-4.88,-29.28,-43.92,-97.6
-19.52,-63.44,-43.92,43.92,9.76,-53.68,92.72,117.12,0,-29.28,-43.92,-92.72
-39.04,-78.08,-39.04,58.56,0,-58.56,92.72,117.12,0,-29.28,-43.92,-92.72
-9.76,-63.44,-53.68,39.04,19.52,-58.56,97.6,126.88,14.64,-19.52,-34.16,-82.96
4.88,-39.04,-43.92,19.52,24.4,-43.92,102.48,136.64,24.4,-4.88,-24.4,-78.08
-14.64,-43.92,-29.28,29.28,4.88,-39.04,112.24,141.52,39.04,4.88,-14.64,-63.44
-19.52,-53.68,-34.16,39.04,4.88,-43.92,102.48,131.76,39.04,4.88,-14.64,-68.32
-14.64,-48.8,-34.16,34.16,9.76,-43.92,87.84,122,29.28,0,-24.4,-73.2
-9.76,-39.04,-29.28,24.4,9.76,-34.16,92.72,126.88,29.28,4.88,-19.52,-68.32
-9.76,-43.92,-34.16,29.28,9.76,-39.04,102.48,141.52,43.92,9.76,-4.88,-58.56
-4.88,-53.68,-48.8,29.28,19.52,-53.68,112.24,156.16,48.8,19.52,0,-53.68
9.76,-34.16,-43.92,14.64,24.4,-39.04,117.12,165.92,58.56,24.4,0,-48.8
9.76,-29.28,-39.04,9.76,24.4,-34.16,107.36,161.04,53.68,19.52,-4.88,-58.56
14.64,-43.92,-58.56,14.64,34.16,-53.68,112.24,165.92,63.44,29.28,0,-53.68
0,-58.56,-58.56,29.28,29.28,-58.56,97.6,161.04,58.56,29.28,-4.88,-58.56
0,-68.32,-68.32,34.16,34.16,-68.32,102.48,170.8,68.32,34.16,4.88,-53.68
9.76,-48.8,-58.56,19.52,34.16,-53.68,107.36,180.56,82.96,48.8,19.52,-43.92
0,-48.8,-48.8,24.4,24.4,-48.8,97.6,180.56,78.08,48.8,14.64,-39.04
0,-43.92,-43.92,24.4,19.52,-43.92,97.6,180.56,78.08,48.8,9.76,-39.04
39.04,-14.64,-53.68,-9.76,43.92,-34.16,107.36,190.32,92.72,53.68,19.52,-34.16
24.4,-19.52,-43.92,0,34.16,-34.16,97.6,204.96,92.72,58.56,19.52,-34.16
14.64,-24.4,-39.04,4.88,24.4,-34.16,112.24,219.6,102.48,63.44,24.4,-24.4
48.8,-9.76,-58.56,-19.52,53.68,-34.16,122,224.48,112.24,73.2,34.16,-19.52
53.68,-9.76,-63.44,-19.52,58.56,-39.04,117.12,229.36,122,82.96,39.04,-19.52
48.8,-9.76,-58.56,-19.52,53.68,-34.16,112.24,229.36,126.88,87.84,43.92,-19.52
73.2,-4.88,-78.08,-34.16,73.2,-43.92,102.48,224.48,131.76,82.96,39.04,-14.64
53.68,-14.64,-68.32,-19.52,58.56,-43.92,102.48,234.24,141.52,97.6,53.68,-4.88
63.44,-4.88,-68.32,-29.28,63.44,-39.04,92.72,244,151.28,102.48,68.32,4.88
78.08,0,-78.08,-39.04,78.08,-39.04,92.72,248.88,156.16,107.36,58.56,0
53.68,4.88,-48.8,-29.28,48.8,-24.4,102.48,263.52,170.8,122,78.08,19.52
68.32,14.64,-53.68,-39.04,58.56,-19.52,97.6,268.4,165.92,122,73.2,14.64
82.96,0,-82.96,-39.04,82.96,-43.92,92.72,273.28,161.04,112.24,63.44,4.88
87.84,0,-87.84,-43.92,87.84,-43.92,97.6,283.04,170.8,126.88,68.32,9.76
78.08,0,-78.08,-39.04,78.08,-39.04,112.24,302.56,204.96,146.4,87.84,24.4
82.96,-4.88,-87.84,-39.04,82.96,-48.8,107.36,312.32,209.84,161.04,97.6,29.28
107.36,14.64,-92.72,-58.56,97.6,-39.04,107.36,312.32,224.48,170.8,97.6,43.92
117.12,19.52,-97.6,-68.32,107.36,-39.04,97.6,312.32,229.36,180.56,107.36,43.92
126.88,19.52,-107.36,-73.2,117.12,-43.92,92.72,322.08,234.24,190.32,122,53.68
126.88,29.28,-97.6,-78.08,112.24,-34.16,92.72,331.84,239.12,200.08,122,53.68
126.88,9.76,-117.12,-68.32,122,-53.68,97.6,346.48,258.64,209.84,136.64,68.32
136.64,14.64,-122,-73.2,126.88,-53.68,97.6,356.24,263.52,224.48,141.52,73.2
112.24,19.52,-92.72,-63.44,102.48,-39.04,102.48,370.88,278.16,234.24,151.28,82.96
122,4.88,-117.12,-63.44,117.12,-58.56,92.72,366,278.16,229.36,146.4,73.2
131.76,14.64,-117.12,-73.2,122,-53.68,102.48,390.4,302.56,253.76,161.04,87.84
165.92,58.56,-107.36,-112.24,136.64,-24.4,117.12,419.68,331.84,287.92,190.32,112.24
161.04,58.56,-102.48,-107.36,131.76,-24.4,107.36,414.8,341.6,297.68,195.2,117.12
180.56,58.56,-122,-117.12,151.28,-34.16,102.48,414.8,341.6,307.44,200.08,122
190.32,68.32,-122,-126.88,156.16,-29.28,97.6,419.68,361.12,312.32,204.96,131.76
195.2,68.32,-126.88,-131.76,161.04,-29.28,87.84,424.56,361.12,322.08,214.72,136.64
219.6,87.84,-131.76,-151.28,175.68,-24.4,92.72,439.2,375.76,336.72,229.36,146.4
229.36,82.96,-146.4,-156.16,185.44,-34.16,92.72,448.96,375.76,346.48,229.36,151.28
239.12,87.84,-151.28,-161.04,195.2,-34.16,92.72,463.6,390.4,356.24,244,165.92
244,82.96,-161.04,-161.04,200.08,-39.04,82.96,463.6,400.16,361.12,248.88,170.8
244,82.96,-161.04,-161.04,200.08,-39.04,73.2,463.6,400.16,370.88,244,170.8
253.76,97.6,-156.16,-175.68,204.96,-29.28,78.08,473.36,414.8,385.52,258.64,175.68
258.64,78.08,-180.56,-165.92,219.6,-53.68,68.32,463.6,414.8,385.52,258.64,180.56
297.68,102.48,-195.2,-200.08,244,-48.8,68.32,463.6,419.68,400.16,278.16,190.32
312.32,122,-190.32,-214.72,248.88,-34.16,78.08,473.36,434.32,409.92,292.8,209.84
258.64,102.48,-156.16,-180.56,204.96,-29.28,78.08,478.24,439.2,419.68,302.56,214.72
248.88,102.48,-146.4,-175.68,195.2,-24.4,73.2,478.24,439.2,424.56,302.56,214.72
258.64,97.6,-161.04,-175.68,209.84,-34.16,58.56,483.12,434.32,424.56,292.8,204.96
287.92,112.24,-175.68,-200.08,229.36,-34.16,58.56,488,439.2,419.68,302.56,214.72
283.04,112.24,-170.8,-195.2,224.48,-29.28,63.44,483.12,448.96,429.44,302.56,219.6
268.4,97.6,-170.8,-180.56,219.6,-39.04,58.56,468.48,444.08,429.44,297.68,214.72
307.44,117.12,-190.32,-209.84,248.88,-39.04,58.56,468.48,444.08,434.32,312.32,219.6
292.8,117.12,-175.68,-204.96,234.24,-29.28,53.68,463.6,448.96,434.32,312.32,229.36
287.92,112.24,-175.68,-200.08,229.36,-34.16,48.8,453.84,444.08,439.2,312.32,229.36
317.2,126.88,-190.32,-219.6,253.76,-34.16,48.8,444.08,434.32,434.32,317.2,234.24
317.2,136.64,-180.56,-224.48,248.88,-24.4,43.92,444.08,429.44,429.44,317.2,234.24
268.4,141.52,-126.88,-204.96,195.2,4.88,63.44,453.84,444.08,444.08,326.96,244
239.12,131.76,-107.36,-185.44,170.8,9.76,68.32,453.84,434.32,439.2,322.08,239.12
258.64,122,-136.64,-190.32,195.2,-9.76,43.92,429.44,409.92,414.8,297.68,214.72
263.52,126.88,-136.64,-195.2,200.08,-4.88,48.8,424.56,409.92,405.04,292.8,209.84
258.64,126.88,-131.76,-190.32,195.2,-4.88,53.68,419.68,405.04,405.04,292.8,209.84
258.64,122,-136.64,-190.32,195.2,-9.76,48.8,409.92,395.28,395.28,287.92,204.96
258.64,117.12,-141.52,-185.44,200.08,-14.64,48.8,390.4,380.64,380.64,278.16,204.96
253.76,97.6,-156.16,-175.68,204.96,-29.28,53.68,375.76,375.76,375.76,278.16,209.84
248.88,112.24,-136.64,-180.56,190.32,-14.64,53.68,366,356.24,366,263.52,200.08
234.24,117.12,-117.12,-175.68,175.68,0,58.56,356.24,341.6,351.36,258.64,190.32
200.08,97.6,-102.48,-146.4,151.28,-4.88,53.68,336.72,322.08,326.96,234.24,175.68
180.56,92.72,-87.84,-136.64,131.76,0,58.56,326.96,302.56,307.44,219.6,161.04
185.44,97.6,-87.84,-141.52,136.64,4.88,58.56,312.32,278.16,287.92,200.08,146.4
180.56,82.96,-97.6,-131.76,136.64,-9.76,58.56,302.56,268.4,278.16,200.08,141.52
165.92,87.84,-78.08,-126.88,122,4.88,53.68,287.92,258.64,263.52,190.32,131.76
131.76,68.32,-63.44,-97.6,97.6,0,43.92,263.52,229.36,239.12,165.92,112.24
117.12,53.68,-63.44,-82.96,87.84,-4.88,43.92,234.24,209.84,219.6,151.28,97.6
156.16,63.44,-92.72,-107.36,122,-14.64,48.8,219.6,190.32,214.72,146.4,92.72
131.76,48.8,-82.96,-87.84,107.36,-19.52,48.8,204.96,180.56,200.08,136.64,92.72
102.48,53.68,-48.8,-78.08,73.2,0,53.68,200.08,175.68,185.44,131.76,87.84
82.96,68.32,-14.64,-73.2,48.8,24.4,63.44,190.32,165.92,170.8,117.12,78.08
82.96,63.44,-19.52,-73.2,48.8,19.52,43.92,165.92,131.76,131.76,92.72,53.68
53.68,48.8,-4.88,-48.8,29.28,19.52,39.04,146.4,107.36,107.36,68.32,34.16
39.04,34.16,-4.88,-34.16,19.52,14.64,43.92,136.64,92.72,92.72,58.56,19.52
43.92,24.4,-19.52,-34.16,29.28,0,43.92,122,73.2,73.2,48.8,9.76
48.8,34.16,-14.64,-39.04,29.28,9.76,43.92,107.36,58.56,68.32,43.92,0
-4.88,0,4.88,4.88,-4.88,0,53.68,102.48,58.56,58.56,34.16,0
-9.76,4.88,14.64,4.88,-14.64,9.76,48.8,92.72,48.8,58.56,29.28,-4.88
14.64,19.52,4.88,-14.64,4.88,9.76,43.92,78.08,34.16,39.04,24.4,-9.76
4.88,4.88,0,-4.88,0,0,39.04,68.32,19.52,24.4,14.64,-19.52
-4.88,4.88,9.76,0,-9.76,4.88,29.28,48.8,4.88,9.76,-9.76,-39.04
-24.4,-19.52,4.88,24.4,-14.64,-9.76,24.4,43.92,-14.64,-4.88,-14.64,-48.8
-9.76,4.88,14.64,4.88,-14.64,9.76,34.16,48.8,-9.76,-4.88,-14.64,-43.92
0,24.4,24.4,-9.76,-14.64,24.4,34.16,48.8,-4.88,-4.88,-19.52,-43.92
-14.64,9.76,24.4,4.88,-19.52,14.64,29.28,34.16,-19.52,-14.64,-29.28,-53.68
-29.28,-4.88,24.4,19.52,-29.28,9.76,19.52,29.28,-29.28,-24.4,-34.16,-58.56
-24.4,-24.4,0,24.4,-14.64,-14.64,19.52,9.76,-39.04,-39.04,-43.92,-68.32
-14.64,-39.04,-24.4,29.28,4.88,-34.16,29.28,4.88,-39.04,-29.28,-43.92,-63.44
-4.88,-19.52,-14.64,14.64,4.88,-19.52,24.4,0,-48.8,-39.04,-39.04,-58.56
-63.44,-39.04,24.4,53.68,-43.92,-9.76,29.28,0,-53.68,-43.92,-39.04,-63.44
-78.08,-43.92,34.16,63.44,-58.56,-4.88,34.16,0,-48.8,-43.92,-43.92,-63.44
-43.92,-39.04,4.88,43.92,-24.4,-19.52,19.52,-4.88,-63.44,-58.56,-53.68,-73.2
-24.4,-14.64,9.76,19.52,-19.52,-4.88,24.4,-4.88,-73.2,-63.44,-53.68,-73.2
-29.28,-9.76,19.52,19.52,-24.4,4.88,39.04,4.88,-58.56,-48.8,-48.8,-68.32
-43.92,-29.28,14.64,39.04,-29.28,-9.76,34.16,0,-58.56,-48.8,-53.68,-78.08
-39.04,-29.28,9.76,34.16,-24.4,-9.76,24.4,-9.76,-63.44,-58.56,-58.56,-82.96
-29.28,-24.4,4.88,29.28,-19.52,-9.76,29.28,-9.76,-58.56,-53.68,-58.56,-73.2
-34.16,-34.16,0,34.16,-19.52,-19.52,19.52,-19.52,-68.32,-53.68,-63.44,-78.08
-34.16,-39.04,-4.88,39.04,-14.64,-24.4,9.76,-29.28,-82.96,-68.32,-73.2,-87.84
-39.04,-29.28,9.76,34.16,-24.4,-9.76,19.52,-24.4,-78.08,-68.32,-68.32,-82.96
-48.8,-34.16,14.64,43.92,-34.16,-9.76,19.52,-19.52,-73.2,-63.44,-68.32,-78.08
-34.16,-29.28,4.88,34.16,-19.52,-14.64,14.64,-14.64,-78.08,-63.44,-63.44,-82.96
-53.68,-29.28,24.4,43.92,-39.04,-4.88,14.64,-4.88,-78.08,-63.44,-63.44,-78.08
-73.2,-24.4,48.8,48.8,-63.44,9.76,29.28,4.88,-68.32,-53.68,-58.56,-73.2
-58.56,-29.28,29.28,43.92,-43.92,0,29.28,0,-68.32,-48.8,-58.56,-73.2
-43.92,-39.04,4.88,43.92,-24.4,-19.52,14.64,-14.64,-78.08,-63.44,-63.44,-82.96
-39.04,-29.28,9.76,34.16,-24.4,-9.76,24.4,-9.76,-73.2,-58.56,-63.44,-78.08
-43.92,-24.4,19.52,34.16,-34.16,-4.88,29.28,-9.76,-73.2,-53.68,-63.44,-82.96
-53.68,-14.64,39.04,34.16,-48.8,9.76,19.52,-24.4,-73.2,-58.56,-63.44,-78.08
-39.04,-4.88,34.16,24.4,-39.04,14.64,19.52,-24.4,-82.96,-63.44,-68.32,-82.96
-48.8,-14.64,34.16,34.16,-43.92,9.76,14.64,-24.4,-82.96,-73.2,-73.2,-87.84
-43.92,-4.88,39.04,24.4,-43.92,14.64,39.04,-4.88,-68.32,-53.68,-63.44,-73.2
-48.8,-9.76,39.04,29.28,-43.92,14.64,43.92,4.88,-58.56,-53.68,-58.56,-73.2
-53.68,-14.64,39.04,34.16,-48.8,9.76,24.4,-4.88,-78.08,-68.32,-78.08,-87.84
-58.56,-29.28,29.28,43.92,-43.92,0,19.52,-4.88,-73.2,-63.44,-78.08,-87.84
-39.04,-39.04,0,39.04,-19.52,-19.52,24.4,-4.88,-68.32,-58.56,-68.32,-82.96
-29.28,-29.28,0,29.28,-14.64,-14.64,34.16,4.88,-58.56,-53.68,-58.56,-73.2
-43.92,-14.64,29.28,29.28,-39.04,4.88,34.16,4.88,-53.68,-43.92,-53.68,-68.32
-63.44,-19.52,43.92,43.92,-53.68,9.76,29.28,0,-53.68,-43.92,-53.68,-63.44
-58.56,-34.16,24.4,48.8,-43.92,-4.88,29.28,-4.88,-63.44,-58.56,-63.44,-78.08
-53.68,-24.4,29.28,39.04,-43.92,0,34.16,4.88,-58.56,-48.8,-58.56,-68.32
-68.32,-29.28,39.04,48.8,-53.68,4.88,34.16,9.76,-58.56,-53.68,-58.56,-73.2
-58.56,-24.4,34.16,43.92,-48.8,4.88,39.04,14.64,-53.68,-58.56,-63.44,-73.2
-43.92,-24.4,19.52,34.16,-34.16,-4.88,39.04,14.64,-48.8,-58.56,-63.44,-73.2
-58.56,-39.04,19.52,48.8,-39.04,-9.76,29.28,9.76,-58.56,-58.56,-68.32,-78.08
-48.8,-39.04,9.76,43.92,-29.28,-14.64,34.16,14.64,-48.8,-48.8,-53.68,-68.32
-34.16,-14.64,19.52,24.4,-29.28,0,39.04,9.76,-43.92,-48.8,-53.68,-68.32
-39.04,-19.52,19.52,29.28,-29.28,0,34.16,9.76,-43.92,-39.04,-48.8,-63.44
-39.04,-19.52,19.52,29.28,-29.28,0,34.16,4.88,-48.8,-48.8,-48.8,-68.32
-43.92,-29.28,14.64,39.04,-29.28,-9.76,29.28,-4.88,-58.56,-58.56,-58.56,-73.2
-53.68,-14.64,39.04,34.16,-48.8,9.76,34.16,4.88,-53.68,-53.68,-63.44,-73.2
-43.92,4.88,48.8,19.52,-48.8,24.4,43.92,14.64,-48.8,-43.92,-48.8,-68.32
-63.44,-19.52,43.92,43.92,-53.68,9.76,34.16,14.64,-48.8,-53.68,-53.68,-68.32
-68.32,-19.52,48.8,43.92,-58.56,14.64,43.92,29.28,-34.16,-39.04,-43.92,-58.56
-68.32,-29.28,39.04,48.8,-53.68,4.88,29.28,19.52,-39.04,-43.92,-53.68,-68.32
-53.68,-29.28,24.4,43.92,-39.04,-4.88,24.4,14.64,-43.92,-43.92,-48.8,-68.32
-43.92,-19.52,24.4,34.16,-34.16,0,34.16,14.64,-34.16,-43.92,-48.8,-58.56
-53.68,-39.04,14.64,48.8,-34.16,-14.64,29.28,9.76,-39.04,-39.04,-48.8,-58.56
-43.92,-24.4,19.52,34.16,-34.16,-4.88,34.16,9.76,-34.16,-39.04,-43.92,-58.56
-53.68,-39.04,14.64,48.8,-34.16,-14.64,29.28,4.88,-43.92,-43.92,-48.8,-63.44
-39.04,-34.16,4.88,39.04,-24.4,-14.64,24.4,9.76,-48.8,-48.8,-53.68,-68.32
-29.28,-19.52,9.76,24.4,-19.52,-4.88,24.4,14.64,-53.68,-43.92,-53.68,-68.32
-34.16,0,34.16,19.52,-34.16,14.64,34.16,19.52,-43.92,-43.92,-48.8,-68.32
-9.76,14.64,24.4,0,-19.52,19.52,43.92,29.28,-39.04,-34.16,-43.92,-63.44
-19.52,0,19.52,9.76,-19.52,9.76,43.92,34.16,-29.28,-24.4,-39.04,-53.68
-34.16,-9.76,24.4,24.4,-29.28,4.88,39.04,24.4,-34.16,-29.28,-39.04,-58.56
-24.4,-14.64,9.76,19.52,-19.52,-4.88,19.52,4.88,-39.04,-48.8,-53.68,-68.32
-39.04,-39.04,0,39.04,-19.52,-19.52,9.76,-4.88,-58.56,-53.68,-63.44,-73.2
-43.92,-29.28,14.64,39.04,-29.28,-9.76,19.52,4.88,-48.8,-43.92,-48.8,-63.44
-24.4,0,24.4,14.64,-24.4,9.76,29.28,9.76,-43.92,-34.16,-43.92,-58.56
-43.92,-9.76,34.16,29.28,-39.04,9.76,34.16,19.52,-39.04,-34.16,-39.04,-48.8
-43.92,-9.76,34.16,29.28,-39.04,9.76,29.28,19.52,-48.8,-34.16,-39.04,-53.68
-29.28,-9.76,19.52,19.52,-24.4,4.88,29.28,14.64,-53.68,-48.8,-48.8,-58.56
-19.52,-19.52,0,19.52,-9.76,-9.76,19.52,9.76,-63.44,-58.56,-63.44,-73.2
-43.92,-14.64,29.28,29.28,-39.04,4.88,19.52,19.52,-53.68,-43.92,-58.56,-63.44
-39.04,-29.28,9.76,34.16,-24.4,-9.76,9.76,4.88,-63.44,-53.68,-58.56,-68.32
-39.04,-19.52,19.52,29.28,-29.28,0,24.4,9.76,-48.8,-43.92,-53.68,-58.56
-48.8,-4.88,43.92,29.28,-48.8,19.52,29.28,14.64,-43.92,-34.16,-53.68,-48.8
-34.16,-9.76,24.4,24.4,-29.28,4.88,24.4,9.76,-43.92,-39.04,-53.68,-48.8
-34.16,-24.4,9.76,29.28,-24.4,-9.76,14.64,0,-53.68,-48.8,-58.56,-58.56
-34.16,-9.76,24.4,24.4,-29.28,4.88,14.64,0,-63.44,-58.56,-68.32,-68.32
-53.68,-24.4,29.28,39.04,-43.92,0,14.64,4.88,-63.44,-48.8,-63.44,-63.44
-43.92,-4.88,39.04,24.4,-43.92,14.64,19.52,9.76,-68.32,-58.56,-68.32,-63.44
-29.28,-9.76,19.52,19.52,-24.4,4.88,24.4,4.88,-73.2,-68.32,-73.2,-73.2
-43.92,-19.52,24.4,34.16,-34.16,0,14.64,4.88,-68.32,-63.44,-73.2,-73.2
-43.92,-14.64,29.28,29.28,-39.04,4.88,4.88,-14.64,-78.08,-78.08,-82.96,-78.08
-34.16,-14.64,19.52,24.4,-29.28,0,4.88,-14.64,-73.2,-82.96,-78.08,-78.08
-14.64,0,14.64,9.76,-14.64,4.88,4.88,-24.4,-82.96,-78.08,-78.08,-73.2
-19.52,-9.76,9.76,14.64,-14.64,0,9.76,-24.4,-73.2,-78.08,-73.2,-68.32
-29.28,-9.76,19.52,19.52,-24.4,4.88,14.64,-19.52,-78.08,-78.08,-68.32,-63.44
-68.32,-29.28,39.04,48.8,-53.68,4.88,14.64,-24.4,-78.08,-82.96,-78.08,-73.2
-82.96,-24.4,58.56,53.68,-73.2,14.64,19.52,-14.64,-73.2,-73.2,-73.2,-63.44
-63.44,-9.76,53.68,39.04,-58.56,19.52,24.4,-14.64,-73.2,-78.08,-73.2,-68.32
-53.68,-19.52,34.16,39.04,-43.92,4.88,19.52,-24.4,-82.96,-87.84,-82.96,-78.08
-39.04,-19.52,19.52,29.28,-29.28,0,9.76,-24.4,-82.96,-82.96,-82.96,-78.08
-29.28,-19.52,9.76,24.4,-19.52,-4.88,14.64,-24.4,-78.08,-78.08,-73.2,-63.44
-39.04,-14.64,24.4,29.28,-34.16,4.88,9.76,-29.28,-82.96,-87.84,-78.08,-73.2
-58.56,-29.28,29.28,43.92,-43.92,0,4.88,-43.92,-92.72,-87.84,-87.84,-82.96
-29.28,-4.88,24.4,19.52,-29.28,9.76,9.76,-39.04,-87.84,-82.96,-78.08,-68.32
-29.28,-4.88,24.4,19.52,-29.28,9.76,9.76,-43.92,-87.84,-92.72,-82.96,-73.2
-14.64,4.88,19.52,4.88,-19.52,9.76,0,-48.8,-107.36,-102.48,-97.6,-87.84
-24.4,19.52,43.92,4.88,-34.16,29.28,19.52,-34.16,-97.6,-92.72,-82.96,-78.08
-68.32,-9.76,58.56,39.04,-63.44,24.4,19.52,-24.4,-87.84,-92.72,-82.96,-78.08
-82.96,-39.04,43.92,63.44,-63.44,0,19.52,-29.28,-92.72,-92.72,-82.96,-82.96
-63.44,-24.4,39.04,43.92,-53.68,4.88,9.76,-34.16,-102.48,-97.6,-92.72,-87.84
-63.44,-34.16,29.28,48.8,-48.8,-4.88,4.88,-39.04,-102.48,-97.6,-92.72,-87.84
-58.56,-29.28,29.28,43.92,-43.92,0,9.76,-43.92,-97.6,-102.48,-92.72,-87.84
-43.92,-9.76,34.16,29.28,-39.04,9.76,14.64,-39.04,-92.72,-87.84,-87.84,-78.08
-53.68,-19.52,34.16,39.04,-43.92,4.88,9.76,-48.8,-97.6,-87.84,-82.96,-73.2
-58.56,-24.4,34.16,43.92,-48.8,4.88,9.76,-48.8,-97.6,-92.72,-87.84,-68.32
-68.32,-19.52,48.8,43.92,-58.56,14.64,9.76,-43.92,-102.48,-92.72,-92.72,-73.2
-53.68,-14.64,39.04,34.16,-48.8,9.76,14.64,-39.04,-97.6,-92.72,-82.96,-68.32
-39.04,-14.64,24.4,29.28,-34.16,4.88,14.64,-34.16,-92.72,-97.6,-82.96,-68.32
-68.32,-29.28,39.04,48.8,-53.68,4.88,0,-43.92,-102.48,-107.36,-97.6,-82.96
-63.44,-24.4,39.04,43.92,-53.68,4.88,0,-43.92,-107.36,-107.36,-102.48,-87.84
-39.04,-9.76,29.28,24.4,-34.16,9.76,9.76,-43.92,-97.6,-97.6,-92.72,-73.2
-39.04,-14.64,24.4,29.28,-34.16,4.88,4.88,-53.68,-102.48,-102.48,-97.6,-82.96
-34.16,0,34.16,19.52,-34.16,14.64,9.76,-48.8,-97.6,-97.6,-87.84,-73.2
-53.68,4.88,58.56,24.4,-58.56,29.28,14.64,-43.92,-92.72,-97.6,-78.08,-68.32
-87.84,0,87.84,43.92,-87.84,43.92,9.76,-48.8,-97.6,-102.48,-87.84,-63.44
-78.08,-4.88,73.2,43.92,-78.08,34.16,9.76,-43.92,-97.6,-102.48,-87.84,-68.32
-73.2,-29.28,43.92,53.68,-58.56,4.88,9.76,-39.04,-97.6,-102.48,-87.84,-63.44
-73.2,-34.16,39.04,53.68,-58.56,0,14.64,-34.16,-97.6,-107.36,-87.84,-63.44
-63.44,-39.04,24.4,53.68,-43.92,-9.76,-4.88,-48.8,-112.24,-117.12,-107.36,-87.84
-58.56,-39.04,19.52,48.8,-39.04,-9.76,-4.88,-53.68,-112.24,-117.12,-102.48,-87.84
-68.32,-43.92,24.4,58.56,-48.8,-9.76,0,-53.68,-107.36,-117.12,-97.6,-78.08
-53.68,-14.64,39.04,34.16,-48.8,9.76,9.76,-53.68,-92.72,-112.24,-92.72,-73.2
-19.52,9.76,29.28,4.88,-24.4,19.52,14.64,-48.8,-87.84,-97.6,-82.96,-63.44
-43.92,-9.76,34.16,29.28,-39.04,9.76,14.64,-53.68,-97.6,-107.36,-82.96,-63.44
-73.2,-19.52,53.68,48.8,-63.44,14.64,4.88,-63.44,-107.36,-112.24,-97.6,-78.08
-68.32,0,68.32,34.16,-68.32,34.16,14.64,-43.92,-97.6,-107.36,-92.72,-63.44
-58.56,4.88,63.44,29.28,-63.44,34.16,19.52,-43.92,-102.48,-102.48,-82.96,-58.56
-63.44,-9.76,53.68,39.04,-58.56,19.52,0,-53.68,-107.36,-122,-97.6,-73.2
-97.6,-43.92,53.68,73.2,-78.08,4.88,-4.88,-58.56,-112.24,-117.12,-107.36,-87.84
-78.08,-48.8,29.28,63.44,-53.68,-9.76,-14.64,-68.32,-122,-126.88,-112.24,-92.72
-53.68,-24.4,29.28,39.04,-43.92,0,-9.76,-63.44,-122,-131.76,-107.36,-87.84
-58.56,-4.88,53.68,34.16,-58.56,24.4,4.88,-58.56,-107.36,-112.24,-102.48,-73.2
-73.2,-14.64,58.56,43.92,-68.32,19.52,9.76,-53.68,-97.6,-102.48,-92.72,-68.32
-58.56,-14.64,43.92,39.04,-53.68,14.64,9.76,-48.8,-97.6,-107.36,-82.96,-68.32
-73.2,-34.16,39.04,53.68,-58.56,0,0,-58.56,-107.36,-117.12,-97.6,-78.08
-73.2,-34.16,39.04,53.68,-58.56,0,-4.88,-63.44,-107.36,-122,-107.36,-73.2
-68.32,-24.4,43.92,48.8,-58.56,9.76,-9.76,-58.56,-112.24,-126.88,-107.36,-73.2
-73.2,-29.28,43.92,53.68,-58.56,4.88,-9.76,-58.56,-112.24,-131.76,-112.24,-78.08
-48.8,-9.76,39.04,29.28,-43.92,14.64,-4.88,-48.8,-102.48,-112.24,-97.6,-68.32
-43.92,-4.88,39.04,24.4,-43.92,14.64,0,-48.8,-102.48,-112.24,-92.72,-68.32
-39.04,0,39.04,19.52,-39.04,19.52,-9.76,-68.32,-112.24,-122,-102.48,-78.08
-34.16,9.76,43.92,14.64,-39.04,24.4,-9.76,-73.2,-107.36,-122,-102.48,-73.2
-63.44,-9.76,53.68,39.04,-58.56,19.52,-4.88,-73.2,-107.36,-117.12,-97.6,-73.2
-82.96,-39.04,43.92,63.44,-63.44,0,0,-78.08,-112.24,-126.88,-102.48,-78.08
-53.68,-34.16,19.52,43.92,-39.04,-9.76,-4.88,-73.2,-107.36,-122,-102.48,-73.2
-63.44,-24.4,39.04,43.92,-53.68,4.88,-9.76,-68.32,-107.36,-122,-97.6,-73.2
-73.2,-29.28,43.92,53.68,-58.56,4.88,0,-63.44,-112.24,-117.12,-92.72,-63.44
-53.68,-14.64,39.04,34.16,-48.8,9.76,-9.76,-68.32,-112.24,-126.88,-102.48,-73.2
-68.32,-29.28,39.04,48.8,-53.68,4.88,-14.64,-73.2,-117.12,-126.88,-107.36,-82.96
-78.08,-24.4,53.68,53.68,-68.32,14.64,-14.64,-68.32,-112.24,-126.88,-102.48,-78.08
-87.84,-39.04,48.8,63.44,-68.32,4.88,-14.64,-73.2,-117.12,-126.88,-102.48,-73.2
-82.96,-34.16,48.8,58.56,-68.32,4.88,-14.64,-73.2,-112.24,-126.88,-102.48,-68.32
-63.44,-19.52,43.92,43.92,-53.68,9.76,-9.76,-68.32,-107.36,-122,-97.6,-63.44
-68.32,-24.4,43.92,48.8,-58.56,9.76,0,-63.44,-97.6,-122,-87.84,-58.56
-82.96,-29.28,53.68,58.56,-68.32,9.76,0,-63.44,-97.6,-122,-87.84,-58.56
-43.92,-14.64,29.28,29.28,-39.04,4.88,-14.64,-73.2,-102.48,-126.88,-92.72,-68.32
-24.4,0,24.4,14.64,-24.4,9.76,-9.76,-68.32,-107.36,-126.88,-97.6,-58.56
-53.68,-14.64,39.04,34.16,-48.8,9.76,-14.64,-68.32,-112.24,-141.52,-112.24,-68.32
-63.44,-29.28,34.16,48.8,-48.8,0,-24.4,-82.96,-117.12,-146.4,-117.12,-78.08
-48.8,-24.4,24.4,39.04,-39.04,0,-29.28,-82.96,-117.12,-141.52,-112.24,-73.2
-39.04,4.88,43.92,19.52,-43.92,24.4,-4.88,-68.32,-102.48,-126.88,-97.6,-58.56
-73.2,-9.76,63.44,43.92,-68.32,24.4,-4.88,-68.32,-97.6,-122,-97.6,-58.56
-73.2,-9.76,63.44,43.92,-68.32,24.4,-4.88,-73.2,-102.48,-122,-97.6,-58.56
-78.08,4.88,82.96,39.04,-82.96,43.92,-9.76,-68.32,-97.6,-122,-92.72,-63.44
-73.2,0,73.2,39.04,-73.2,34.16,9.76,-53.68,-82.96,-107.36,-82.96,-48.8
-63.44,0,63.44,34.16,-63.44,29.28,19.52,-43.92,-82.96,-107.36,-78.08,-43.92
-73.2,4.88,78.08,34.16,-78.08,39.04,14.64,-48.8,-87.84,-112.24,-78.08,-43.92
-53.68,24.4,78.08,14.64,-68.32,48.8,19.52,-39.04,-73.2,-107.36,-82.96,-43.92
-48.8,19.52,68.32,14.64,-58.56,43.92,29.28,-29.28,-68.32,-102.48,-78.08,-39.04
-58.56,0,58.56,29.28,-58.56,29.28,24.4,-29.28,-68.32,-97.6,-73.2,-39.04
-39.04,14.64,53.68,14.64,-48.8,34.16,19.52,-34.16,-73.2,-107.36,-78.08,-39.04
-29.28,43.92,73.2,-4.88,-53.68,58.56,19.52,-43.92,-68.32,-97.6,-78.08,-39.04
-39.04,58.56,97.6,-9.76,-68.32,78.08,24.4,-34.16,-63.44,-87.84,-63.44,-24.4
-53.68,39.04,92.72,9.76,-73.2,63.44,19.52,-39.04,-68.32,-102.48,-68.32,-29.28
-63.44,14.64,78.08,24.4,-73.2,43.92,24.4,-34.16,-63.44,-92.72,-68.32,-24.4
-58.56,24.4,82.96,19.52,-73.2,53.68,29.28,-24.4,-68.32,-97.6,-73.2,-29.28
-73.2,19.52,92.72,29.28,-82.96,53.68,43.92,-24.4,-68.32,-92.72,-68.32,-24.4
-73.2,24.4,97.6,24.4,-87.84,58.56,53.68,-9.76,-58.56,-92.72,-68.32,-24.4
-48.8,29.28,78.08,9.76,-63.44,53.68,53.68,-9.76,-48.8,-87.84,-63.44,-24.4
-53.68,34.16,87.84,9.76,-73.2,58.56,43.92,-14.64,-53.68,-82.96,-58.56,-19.52
-39.04,34.16,73.2,4.88,-58.56,53.68,34.16,-19.52,-48.8,-78.08,-53.68,-14.64
-19.52,53.68,73.2,-14.64,-48.8,63.44,29.28,-14.64,-39.04,-78.08,-53.68,-9.76
-29.28,53.68,82.96,-9.76,-58.56,68.32,24.4,-19.52,-39.04,-73.2,-43.92,-4.88
-19.52,63.44,82.96,-19.52,-53.68,73.2,19.52,-24.4,-43.92,-73.2,-43.92,-4.88
0,78.08,78.08,-39.04,-39.04,78.08,0,-29.28,-53.68,-82.96,-53.68,-9.76
-9.76,53.68,63.44,-19.52,-39.04,58.56,-19.52,-43.92,-63.44,-97.6,-48.8,-9.76
9.76,53.68,43.92,-29.28,-19.52,48.8,-29.28,-53.68,-68.32,-97.6,-58.56,-9.76
-4.88,48.8,53.68,-19.52,-29.28,48.8,-24.4,-43.92,-63.44,-92.72,-53.68,-4.88
-14.64,53.68,68.32,-19.52,-43.92,58.56,-24.4,-39.04,-63.44,-92.72,-53.68,-4.88
-19.52,58.56,78.08,-19.52,-48.8,68.32,-34.16,-43.92,-63.44,-92.72,-48.8,0
-24.4,43.92,68.32,-9.76,-48.8,53.68,-53.68,-68.32,-73.2,-107.36,-63.44,-4.88
-19.52,43.92,63.44,-9.76,-43.92,53.68,-68.32,-87.84,-87.84,-117.12,-68.32,-9.76
0,63.44,63.44,-29.28,-34.16,63.44,-63.44,-92.72,-92.72,-112.24,-68.32,-9.76
39.04,82.96,43.92,-58.56,-4.88,63.44,-63.44,-92.72,-82.96,-107.36,-58.56,-4.88
43.92,68.32,24.4,-53.68,9.76,43.92,-63.44,-78.08,-73.2,-97.6,-58.56,-9.76
14.64,58.56,43.92,-34.16,-14.64,48.8,-48.8,-68.32,-58.56,-87.84,-48.8,4.88
-4.88,53.68,58.56,-24.4,-34.16,53.68,-48.8,-68.32,-68.32,-92.72,-58.56,0
0,48.8,48.8,-24.4,-24.4,48.8,-48.8,-73.2,-78.08,-107.36,-68.32,-9.76
4.88,14.64,9.76,-9.76,-4.88,9.76,-63.44,-92.72,-92.72,-126.88,-78.08,-19.52
-9.76,14.64,24.4,0,-19.52,19.52,-58.56,-92.72,-97.6,-131.76,-82.96,-24.4
-24.4,14.64,39.04,4.88,-34.16,24.4,-53.68,-92.72,-92.72,-126.88,-78.08,-19.52
-29.28,-9.76,19.52,19.52,-24.4,4.88,-73.2,-117.12,-107.36,-146.4,-92.72,-34.16
-19.52,-9.76,9.76,14.64,-14.64,0,-68.32,-112.24,-107.36,-141.52,-92.72,-34.16
-39.04,-9.76,29.28,24.4,-34.16,9.76,-68.32,-117.12,-107.36,-141.52,-92.72,-34.16
-24.4,-4.88,19.52,14.64,-24.4,4.88,-68.32,-117.12,-112.24,-146.4,-97.6,-34.16
-43.92,-9.76,34.16,29.28,-39.04,9.76,-63.44,-117.12,-117.12,-151.28,-102.48,-39.04
-39.04,-19.52,19.52,29.28,-29.28,0,-73.2,-126.88,-131.76,-165.92,-107.36,-48.8
-34.16,-4.88,29.28,19.52,-34.16,9.76,-68.32,-126.88,-136.64,-170.8,-117.12,-53.68
-63.44,-19.52,43.92,43.92,-53.68,9.76,-53.68,-107.36,-122,-161.04,-107.36,-48.8
-63.44,-34.16,29.28,48.8,-48.8,-4.88,-53.68,-107.36,-126.88,-161.04,-112.24,-48.8
-78.08,-34.16,43.92,58.56,-63.44,4.88,-58.56,-117.12,-131.76,-165.92,-122,-58.56
-92.72,-29.28,63.44,63.44,-78.08,14.64,-53.68,-117.12,-126.88,-165.92,-122,-58.56
-87.84,-43.92,43.92,68.32,-68.32,0,-48.8,-112.24,-122,-161.04,-112.24,-48.8
-92.72,-39.04,53.68,68.32,-73.2,4.88,-58.56,-126.88,-126.88,-170.8,-117.12,-53.68
-87.84,-43.92,43.92,68.32,-68.32,0,-63.44,-136.64,-136.64,-185.44,-126.88,-58.56
-73.2,-39.04,34.16,58.56,-53.68,-4.88,-68.32,-136.64,-141.52,-190.32,-131.76,-63.44
-73.2,-43.92,29.28,58.56,-53.68,-9.76,-63.44,-136.64,-141.52,-190.32,-117.12,-58.56
-78.08,-43.92,34.16,63.44,-58.56,-4.88,-68.32,-146.4,-146.4,-195.2,-131.76,-73.2
-58.56,-29.28,29.28,43.92,-43.92,0,-68.32,-136.64,-146.4,-195.2,-131.76,-68.32
-87.84,-29.28,58.56,58.56,-73.2,14.64,-53.68,-131.76,-136.64,-185.44,-122,-58.56
-87.84,-29.28,58.56,58.56,-73.2,14.64,-48.8,-126.88,-136.64,-185.44,-122,-53.68
-73.2,-29.28,43.92,53.68,-58.56,4.88,-53.68,-126.88,-131.76,-185.44,-126.88,-63.44
-102.48,-53.68,48.8,78.08,-78.08,-4.88,-68.32,-141.52,-136.64,-190.32,-131.76,-68.32
-78.08,-39.04,39.04,58.56,-58.56,0,-73.2,-136.64,-136.64,-190.32,-131.76,-58.56
-63.44,-29.28,34.16,48.8,-48.8,0,-68.32,-141.52,-141.52,-190.32,-131.76,-63.44
-73.2,-24.4,48.8,48.8,-63.44,9.76,-73.2,-141.52,-141.52,-195.2,-131.76,-68.32
-78.08,-24.4,53.68,53.68,-68.32,14.64,-58.56,-126.88,-136.64,-185.44,-122,-53.68
-82.96,-34.16,48.8,58.56,-68.32,4.88,-63.44,-131.76,-136.64,-190.32,-126.88,-63.44
-73.2,-34.16,39.04,53.68,-58.56,0,-68.32,-131.76,-141.52,-195.2,-131.76,-68.32
-68.32,-29.28,39.04,48.8,-53.68,4.88,-58.56,-126.88,-136.64,-190.32,-126.88,-63.44
-92.72,-39.04,53.68,68.32,-73.2,4.88,-53.68,-122,-126.88,-185.44,-122,-53.68
-97.6,-29.28,68.32,63.44,-82.96,19.52,-39.04,-107.36,-107.36,-165.92,-107.36,-43.92
-87.84,-43.92,43.92,68.32,-68.32,0,-48.8,-112.24,-117.12,-175.68,-112.24,-48.8
-87.84,-43.92,43.92,68.32,-68.32,0,-53.68,-117.12,-117.12,-175.68,-112.24,-58.56
-78.08,-43.92,34.16,63.44,-58.56,-4.88,-53.68,-117.12,-117.12,-170.8,-112.24,-53.68
-78.08,-48.8,29.28,63.44,-53.68,-9.76,-68.32,-122,-117.12,-175.68,-112.24,-53.68
-63.44,-43.92,19.52,53.68,-43.92,-14.64,-68.32,-117.12,-122,-185.44,-122,-68.32
-68.32,-53.68,14.64,63.44,-43.92,-19.52,-48.8,-97.6,-117.12,-195.2,-146.4,-87.84
-102.48,-87.84,14.64,97.6,-58.56,-39.04,-9.76,-53.68,-102.48,-190.32,-151.28,-97.6
-97.6,-92.72,4.88,97.6,-53.68,-43.92,24.4,-14.64,-92.72,-195.2,-170.8,-117.12
-102.48,-107.36,-4.88,107.36,-48.8,-58.56,43.92,9.76,-82.96,-204.96,-195.2,-141.52
-107.36,-126.88,-19.52,117.12,-43.92,-73.2,63.44,43.92,-58.56,-195.2,-195.2,-151.28
-97.6,-112.24,-14.64,107.36,-43.92,-63.44,87.84,107.36,0,-151.28,-161.04,-122
-78.08,-107.36,-29.28,92.72,-24.4,-68.32,102.48,175.68,63.44,-107.36,-141.52,-107.36
-53.68,-117.12,-63.44,87.84,4.88,-92.72,117.12,248.88,122,-63.44,-117.12,-92.72
-4.88,-102.48,-97.6,53.68,43.92,-102.48,117.12,317.2,195.2,9.76,-68.32,-53.68
112.24,-63.44,-175.68,-24.4,141.52,-122,112.24,395.28,297.68,126.88,29.28,39.04
219.6,-14.64,-234.24,-102.48,224.48,-126.88,53.68,409.92,390.4,258.64,156.16,146.4
331.84,58.56,-273.28,-195.2,302.56,-107.36,-24.4,351.36,453.84,380.64,278.16,253.76
468.48,151.28,-317.2,-307.44,390.4,-82.96,-126.88,268.4,512.4,507.52,414.8,385.52
605.12,253.76,-351.36,-429.44,478.24,-48.8,-224.48,180.56,585.6,673.44,585.6,541.68
736.88,351.36,-385.52,-541.68,561.2,-19.52,-322.08,87.84,653.92,824.72,761.28,712.48
844.24,468.48,-375.76,-653.92,610,43.92,-419.68,-19.52,697.84,961.36,917.44,863.76
902.8,570.96,-331.84,-736.88,614.88,117.12,-502.64,-122,736.88,1083.36,1073.6,1015.04
936.96,658.8,-278.16,-795.44,605.12,190.32,-605.12,-224.48,771.04,1190.72,1205.36,1146.8
946.72,766.16,-180.56,-854,561.2,292.8,-688.08,-307.44,819.84,1293.2,1317.6,1263.92
902.8,873.52,-29.28,-888.16,463.6,419.68,-746.64,-409.92,834.48,1351.76,1390.8,1332.24
800.32,971.12,170.8,-883.28,312.32,570.96,-814.96,-536.8,766.16,1327.36,1434.72,1390.8
692.96,980.88,287.92,-834.48,200.08,634.4,-907.68,-727.12,551.44,1112.64,1307.84,1312.72
570.96,868.64,297.68,-717.36,136.64,580.72,-961.36,-912.56,239.12,756.4,1029.68,1088.24
405.04,688.08,283.04,-546.56,58.56,483.12,-956.48,-1063.84,-117.12,336.72,658.8,780.8
239.12,561.2,322.08,-400.16,-43.92,439.2,-917.44,-1195.6,-414.8,-29.28,356.24,527.04
87.84,483.12,395.28,-283.04,-156.16,439.2,-873.52,-1298.08,-663.68,-331.84,102.48,302.56
-58.56,390.4,448.96,-165.92,-253.76,419.68,-814.96,-1337.12,-844.24,-556.32,-78.08,141.52
-156.16,287.92,444.08,-63.44,-302.56,366,-756.4,-1317.6,-936.96,-688.08,-214.72,4.88
-185.44,185.44,370.88,0,-278.16,278.16,-697.84,-1224.88,-927.2,-736.88,-297.68,-87.84
-190.32,102.48,292.8,43.92,-244,195.2,-624.64,-1088.24,-863.76,-722.24,-351.36,-161.04
-170.8,24.4,195.2,73.2,-185.44,107.36,-561.2,-946.72,-766.16,-663.68,-346.48,-180.56
-156.16,-9.76,146.4,82.96,-151.28,68.32,-473.36,-785.68,-634.4,-575.84,-307.44,-165.92
-136.64,-29.28,107.36,82.96,-122,39.04,-380.64,-629.52,-502.64,-473.36,-258.64,-136.64
-122,-39.04,82.96,82.96,-102.48,19.52,-312.32,-522.16,-419.68,-400.16,-219.6,-112.24
-97.6,-19.52,78.08,58.56,-87.84,29.28,-258.64,-429.44,-351.36,-351.36,-185.44,-82.96
-92.72,-4.88,87.84,48.8,-92.72,39.04,-200.08,-336.72,-278.16,-287.92,-151.28,-58.56
-82.96,9.76,92.72,39.04,-87.84,48.8,-151.28,-248.88,-219.6,-239.12,-122,-43.92
-78.08,9.76,87.84,34.16,-82.96,48.8,-112.24,-190.32,-180.56,-219.6,-117.12,-43.92
-63.44,-14.64,48.8,39.04,-58.56,14.64,-82.96,-141.52,-151.28,-195.2,-112.24,-43.92
-43.92,-9.76,34.16,29.28,-39.04,9.76,-53.68,-97.6,-117.12,-170.8,-107.36,-39.04
-53.68,-29.28,24.4,43.92,-39.04,-4.88,-58.56,-92.72,-117.12,-180.56,-112.24,-53.68
-78.08,-29.28,48.8,53.68,-63.44,9.76,-39.04,-78.08,-102.48,-175.68,-112.24,-53.68
-73.2,-29.28,43.92,53.68,-58.56,4.88,-34.16,-73.2,-87.84,-161.04,-102.48,-48.8
-73.2,-39.04,34.16,58.56,-53.68,-4.88,-34.16,-63.44,-92.72,-161.04,-107.36,-48.8
-82.96,-43.92,39.04,63.44,-63.44,-4.88,-19.52,-48.8,-82.96,-151.28,-92.72,-34.16
-68.32,-19.52,48.8,43.92,-58.56,14.64,-9.76,-43.92,-73.2,-146.4,-87.84,-34.16
-82.96,-39.04,43.92,63.44,-63.44,0,0,-24.4,-68.32,-141.52,-82.96,-29.28
-58.56,-29.28,29.28,43.92,-43.92,0,0,-19.52,-63.44,-151.28,-97.6,-39.04
-58.56,-29.28,29.28,43.92,-43.92,0,0,-19.52,-63.44,-146.4,-97.6,-43.92
-78.08,-39.04,39.04,58.56,-58.56,0,4.88,-9.76,-53.68,-146.4,-97.6,-43.92
-73.2,-29.28,43.92,53.68,-58.56,4.88,4.88,-4.88,-58.56,-146.4,-97.6,-48.8
-68.32,-14.64,53.68,43.92,-63.44,19.52,-4.88,-9.76,-58.56,-146.4,-102.48,-53.68
-68.32,-9.76,58.56,39.04,-63.44,24.4,14.64,0,-43.92,-122,-82.96,-34.16
-63.44,-29.28,34.16,48.8,-48.8,0,14.64,0,-43.92,-122,-82.96,-34.16
-73.2,-73.2,0,73.2,-39.04,-39.04,19.52,0,-43.92,-117.12,-82.96,-34.16
-43.92,-39.04,4.88,43.92,-24.4,-19.52,14.64,0,-39.04,-117.12,-82.96,-34.16
-68.32,-14.64,53.68,43.92,-63.44,19.52,29.28,24.4,-34.16,-102.48,-73.2,-19.52
-73.2,-19.52,53.68,48.8,-63.44,14.64,34.16,29.28,-29.28,-107.36,-78.08,-24.4
-63.44,-29.28,34.16,48.8,-48.8,0,34.16,34.16,-24.4,-107.36,-78.08,-29.28
-68.32,-34.16,34.16,53.68,-53.68,0,24.4,24.4,-29.28,-122,-92.72,-43.92
-43.92,-29.28,14.64,39.04,-29.28,-9.76,19.52,24.4,-34.16,-122,-92.72,-43.92
-19.52,-9.76,9.76,14.64,-14.64,0,19.52,24.4,-24.4,-112.24,-87.84,-39.04
-34.16,-19.52,14.64,29.28,-24.4,-4.88,29.28,29.28,-19.52,-92.72,-73.2,-29.28
-39.04,-14.64,24.4,29.28,-34.16,4.88,39.04,34.16,-14.64,-92.72,-68.32,-29.28
-53.68,-24.4,29.28,39.04,-43.92,0,34.16,29.28,-14.64,-92.72,-68.32,-29.28
-68.32,-34.16,34.16,53.68,-53.68,0,29.28,24.4,-14.64,-97.6,-73.2,-34.16
-68.32,-29.28,39.04,48.8,-53.68,4.88,29.28,34.16,-19.52,-97.6,-73.2,-29.28
-53.68,-24.4,29.28,39.04,-43.92,0,29.28,34.16,-19.52,-102.48,-82.96,-39.04
-53.68,-34.16,19.52,43.92,-39.04,-9.76,34.16,43.92,-14.64,-97.6,-73.2,-39.04
-63.44,-53.68,9.76,58.56,-39.04,-24.4,29.28,43.92,-9.76,-92.72,-78.08,-34.16
-48.8,-43.92,4.88,48.8,-29.28,-19.52,39.04,53.68,-9.76,-92.72,-73.2,-34.16
-24.4,-4.88,19.52,14.64,-24.4,4.88,48.8,58.56,14.64,-73.2,-63.44,-24.4
-29.28,-9.76,19.52,19.52,-24.4,4.88,48.8,63.44,19.52,-63.44,-48.8,-14.64
-39.04,-19.52,19.52,29.28,-29.28,0,39.04,58.56,9.76,-68.32,-53.68,-14.64
-14.64,-14.64,0,14.64,-9.76,-9.76,34.16,53.68,4.88,-73.2,-53.68,-24.4
-14.64,-29.28,-14.64,24.4,0,-24.4,29.28,48.8,9.76,-73.2,-58.56,-19.52
-24.4,-14.64,9.76,19.52,-19.52,-4.88,43.92,68.32,14.64,-58.56,-43.92,-9.76
-4.88,14.64,19.52,-4.88,-14.64,14.64,58.56,92.72,34.16,-43.92,-34.16,4.88
-19.52,-24.4,-4.88,24.4,-9.76,-14.64,43.92,73.2,19.52,-58.56,-53.68,-19.52
-73.2,-58.56,14.64,68.32,-43.92,-24.4,29.28,73.2,14.64,-63.44,-58.56,-24.4
-78.08,-39.04,39.04,58.56,-58.56,0,43.92,92.72,39.04,-48.8,-43.92,-14.64
-34.16,-4.88,29.28,19.52,-34.16,9.76,43.92,92.72,43.92,-39.04,-39.04,-4.88
-14.64,4.88,19.52,4.88,-19.52,9.76,43.92,87.84,43.92,-34.16,-29.28,-4.88
-24.4,-4.88,19.52,14.64,-24.4,4.88,34.16,87.84,39.04,-34.16,-34.16,-4.88
-19.52,-14.64,4.88,19.52,-14.64,-4.88,39.04,82.96,39.04,-39.04,-29.28,-4.88
-9.76,-4.88,4.88,9.76,-9.76,0,43.92,92.72,48.8,-24.4,-24.4,4.88
-9.76,-4.88,4.88,9.76,-9.76,0,48.8,102.48,48.8,-24.4,-24.4,4.88
-29.28,0,29.28,14.64,-29.28,14.64,58.56,117.12,58.56,-19.52,-19.52,9.76
-24.4,-9.76,14.64,19.52,-19.52,0,53.68,117.12,63.44,-19.52,-19.52,0
-24.4,-14.64,9.76,19.52,-19.52,-4.88,39.04,122,63.44,-19.52,-24.4,0
-9.76,-14.64,-4.88,14.64,-4.88,-9.76,43.92,131.76,73.2,-14.64,-19.52,0
19.52,14.64,-4.88,-14.64,9.76,4.88,48.8,136.64,92.72,0,-14.64,9.76
39.04,24.4,-14.64,-29.28,24.4,4.88,43.92,136.64,97.6,4.88,0,14.64
39.04,34.16,-4.88,-34.16,19.52,14.64,53.68,141.52,102.48,4.88,4.88,24.4
29.28,24.4,-4.88,-24.4,14.64,9.76,48.8,141.52,102.48,9.76,4.88,19.52
0,29.28,29.28,-14.64,-14.64,29.28,58.56,151.28,112.24,24.4,14.64,34.16
14.64,19.52,4.88,-14.64,4.88,9.76,58.56,156.16,107.36,24.4,14.64,34.16
29.28,19.52,-9.76,-24.4,19.52,4.88,58.56,165.92,112.24,19.52,4.88,29.28
29.28,19.52,-9.76,-24.4,19.52,4.88,63.44,170.8,122,29.28,14.64,29.28
0,4.88,4.88,0,-4.88,4.88,68.32,175.68,131.76,39.04,24.4,34.16
24.4,9.76,-14.64,-14.64,19.52,-4.88,58.56,180.56,131.76,39.04,19.52,34.16
63.44,34.16,-29.28,-48.8,43.92,0,63.44,185.44,151.28,53.68,24.4,39.04
39.04,9.76,-29.28,-24.4,34.16,-9.76,58.56,190.32,151.28,58.56,39.04,43.92
39.04,19.52,-19.52,-29.28,29.28,0,48.8,195.2,156.16,58.56,39.04,48.8
29.28,24.4,-4.88,-24.4,14.64,9.76,48.8,200.08,161.04,68.32,39.04,58.56
39.04,29.28,-9.76,-34.16,24.4,9.76,58.56,214.72,170.8,82.96,48.8,68.32
68.32,43.92,-24.4,-53.68,43.92,9.76,58.56,229.36,175.68,82.96,58.56,73.2
97.6,53.68,-43.92,-73.2,68.32,4.88,58.56,229.36,175.68,82.96,43.92,68.32
78.08,29.28,-48.8,-53.68,63.44,-9.76,68.32,244,200.08,97.6,58.56,78.08
58.56,24.4,-34.16,-39.04,43.92,-4.88,68.32,248.88,204.96,102.48,63.44,78.08
82.96,29.28,-53.68,-53.68,68.32,-14.64,58.56,253.76,209.84,107.36,58.56,78.08
63.44,43.92,-19.52,-53.68,39.04,9.76,73.2,268.4,234.24,131.76,78.08,92.72
68.32,53.68,-14.64,-58.56,39.04,19.52,63.44,273.28,239.12,141.52,87.84,102.48
97.6,73.2,-24.4,-82.96,58.56,24.4,63.44,278.16,244,151.28,92.72,107.36
122,68.32,-53.68,-92.72,87.84,4.88,78.08,297.68,258.64,165.92,107.36,117.12
122,63.44,-58.56,-92.72,87.84,0,78.08,312.32,268.4,180.56,122,126.88
141.52,82.96,-58.56,-112.24,97.6,9.76,78.08,326.96,278.16,190.32,126.88,141.52
141.52,92.72,-48.8,-117.12,92.72,19.52,78.08,336.72,287.92,200.08,126.88,136.64
151.28,92.72,-58.56,-122,102.48,14.64,82.96,346.48,307.44,214.72,136.64,141.52
156.16,82.96,-73.2,-117.12,112.24,4.88,73.2,346.48,312.32,214.72,141.52,146.4
175.68,82.96,-92.72,-126.88,131.76,-4.88,63.44,351.36,317.2,224.48,146.4,151.28
175.68,87.84,-87.84,-131.76,131.76,0,53.68,346.48,322.08,229.36,151.28,141.52
180.56,87.84,-92.72,-131.76,136.64,-4.88,58.56,361.12,336.72,248.88,165.92,161.04
175.68,87.84,-87.84,-131.76,131.76,0,53.68,366,341.6,253.76,175.68,165.92
185.44,87.84,-97.6,-136.64,141.52,-4.88,53.68,375.76,356.24,268.4,185.44,175.68
214.72,112.24,-102.48,-161.04,156.16,4.88,58.56,390.4,366,283.04,200.08,190.32
239.12,131.76,-107.36,-185.44,170.8,9.76,63.44,400.16,380.64,292.8,214.72,204.96
229.36,136.64,-92.72,-180.56,161.04,19.52,63.44,405.04,385.52,302.56,214.72,209.84
239.12,126.88,-112.24,-180.56,175.68,4.88,53.68,409.92,395.28,307.44,219.6,209.84
248.88,126.88,-122,-185.44,185.44,0,53.68,414.8,400.16,322.08,224.48,214.72
253.76,126.88,-126.88,-190.32,190.32,0,58.56,419.68,409.92,331.84,234.24,224.48
239.12,126.88,-112.24,-180.56,175.68,4.88,58.56,414.8,419.68,341.6,239.12,229.36
258.64,141.52,-117.12,-200.08,185.44,9.76,48.8,414.8,424.56,351.36,248.88,234.24
268.4,136.64,-131.76,-200.08,200.08,0,39.04,405.04,419.68,341.6,244,234.24
273.28,136.64,-136.64,-204.96,204.96,0,43.92,409.92,424.56,346.48,253.76,239.12
268.4,151.28,-117.12,-209.84,190.32,14.64,43.92,414.8,429.44,361.12,263.52,244
258.64,141.52,-117.12,-200.08,185.44,9.76,48.8,424.56,429.44,366,268.4,258.64
253.76,141.52,-112.24,-195.2,180.56,14.64,43.92,419.68,424.56,366,263.52,258.64
268.4,122,-146.4,-195.2,204.96,-14.64,39.04,419.68,429.44,366,268.4,253.76
258.64,122,-136.64,-190.32,195.2,-9.76,34.16,414.8,429.44,361.12,268.4,253.76
287.92,151.28,-136.64,-219.6,209.84,4.88,48.8,424.56,439.2,375.76,273.28,268.4
312.32,170.8,-141.52,-239.12,224.48,14.64,48.8,419.68,444.08,375.76,283.04,273.28
263.52,136.64,-126.88,-200.08,195.2,4.88,39.04,409.92,439.2,380.64,287.92,273.28
239.12,146.4,-92.72,-190.32,165.92,24.4,34.16,405.04,444.08,380.64,287.92,278.16
273.28,151.28,-122,-209.84,195.2,14.64,24.4,390.4,424.56,370.88,278.16,268.4
287.92,170.8,-117.12,-229.36,200.08,24.4,34.16,385.52,429.44,375.76,287.92,273.28
292.8,170.8,-122,-229.36,204.96,24.4,34.16,390.4,419.68,375.76,283.04,283.04
268.4,156.16,-112.24,-209.84,190.32,19.52,29.28,370.88,405.04,361.12,273.28,273.28
263.52,151.28,-112.24,-204.96,185.44,19.52,29.28,366,405.04,361.12,268.4,268.4
263.52,156.16,-107.36,-209.84,185.44,24.4,19.52,356.24,390.4,351.36,263.52,263.52
253.76,156.16,-97.6,-204.96,175.68,29.28,19.52,336.72,385.52,341.6,253.76,258.64
258.64,161.04,-97.6,-209.84,175.68,29.28,14.64,326.96,375.76,331.84,248.88,253.76
258.64,161.04,-97.6,-209.84,175.68,29.28,14.64,307.44,361.12,322.08,244,239.12
258.64,175.68,-82.96,-214.72,170.8,43.92,14.64,292.8,346.48,302.56,244,234.24
234.24,165.92,-68.32,-200.08,151.28,48.8,14.64,287.92,331.84,292.8,239.12,229.36
195.2,141.52,-53.68,-165.92,122,43.92,19.52,273.28,317.2,278.16,219.6,219.6
180.56,141.52,-39.04,-161.04,107.36,48.8,24.4,263.52,297.68,268.4,204.96,209.84
204.96,156.16,-48.8,-180.56,126.88,53.68,29.28,253.76,287.92,248.88,190.32,200.08
175.68,141.52,-34.16,-156.16,102.48,53.68,29.28,239.12,273.28,234.24,180.56,185.44
156.16,112.24,-43.92,-131.76,97.6,34.16,29.28,224.48,258.64,219.6,170.8,180.56
146.4,97.6,-48.8,-122,97.6,24.4,29.28,200.08,244,200.08,151.28,170.8
131.76,107.36,-24.4,-117.12,78.08,39.04,29.28,185.44,229.36,190.32,136.64,151.28
122,92.72,-29.28,-107.36,73.2,29.28,34.16,170.8,214.72,175.68,131.76,146.4
117.12,82.96,-34.16,-97.6,73.2,24.4,24.4,146.4,190.32,156.16,117.12,136.64
117.12,97.6,-19.52,-107.36,68.32,39.04,24.4,131.76,175.68,136.64,102.48,126.88
107.36,102.48,-4.88,-102.48,53.68,48.8,34.16,122,165.92,126.88,92.72,117.12
78.08,78.08,0,-78.08,39.04,39.04,43.92,122,141.52,107.36,78.08,107.36
73.2,63.44,-9.76,-68.32,39.04,24.4,39.04,102.48,126.88,78.08,63.44,87.84
39.04,48.8,9.76,-43.92,14.64,29.28,39.04,92.72,117.12,73.2,53.68,82.96
34.16,48.8,14.64,-39.04,9.76,29.28,34.16,82.96,102.48,63.44,48.8,78.08
34.16,48.8,14.64,-39.04,9.76,29.28,34.16,73.2,97.6,53.68,39.04,63.44
24.4,39.04,14.64,-29.28,4.88,24.4,24.4,53.68,78.08,34.16,19.52,43.92
19.52,43.92,24.4,-29.28,-4.88,34.16,19.52,39.04,73.2,24.4,19.52,43.92
4.88,43.92,39.04,-24.4,-19.52,39.04,19.52,34.16,58.56,14.64,14.64,39.04
-4.88,34.16,39.04,-14.64,-24.4,34.16,19.52,24.4,48.8,4.88,9.76,34.16
-4.88,24.4,29.28,-9.76,-19.52,24.4,24.4,14.64,34.16,-9.76,4.88,29.28
-4.88,19.52,24.4,-4.88,-14.64,19.52,9.76,4.88,19.52,-19.52,-14.64,19.52
-9.76,19.52,29.28,-4.88,-19.52,24.4,19.52,0,14.64,-29.28,-24.4,14.64
-19.52,9.76,29.28,4.88,-24.4,19.52,9.76,-14.64,-9.76,-48.8,-39.04,-9.76
-24.4,0,24.4,14.64,-24.4,9.76,4.88,-24.4,-14.64,-53.68,-43.92,-14.64
-34.16,-4.88,29.28,19.52,-34.16,9.76,9.76,-24.4,-9.76,-53.68,-43.92,-9.76
-63.44,-14.64,48.8,39.04,-58.56,14.64,14.64,-19.52,-14.64,-53.68,-39.04,-9.76
-43.92,-14.64,29.28,29.28,-39.04,4.88,0,-39.04,-29.28,-63.44,-53.68,-24.4
-34.16,-14.64,19.52,24.4,-29.28,0,0,-43.92,-34.16,-68.32,-48.8,-19.52
-29.28,-4.88,24.4,19.52,-29.28,9.76,0,-43.92,-34.16,-68.32,-53.68,-19.52
-14.64,19.52,34.16,0,-24.4,24.4,0,-43.92,-34.16,-73.2,-53.68,-19.52
-43.92,4.88,48.8,19.52,-48.8,24.4,0,-43.92,-39.04,-73.2,-48.8,-24.4
-43.92,4.88,48.8,19.52,-48.8,24.4,14.64,-39.04,-34.16,-73.2,-53.68,-19.52
-19.52,14.64,34.16,4.88,-29.28,24.4,14.64,-43.92,-43.92,-78.08,-58.56,-29.28
-24.4,9.76,34.16,9.76,-29.28,19.52,14.64,-43.92,-43.92,-82.96,-58.56,-29.28
-39.04,9.76,48.8,14.64,-43.92,29.28,9.76,-43.92,-43.92,-82.96,-58.56,-29.28
-63.44,-19.52,43.92,43.92,-53.68,9.76,-4.88,-68.32,-53.68,-92.72,-73.2,-43.92
-63.44,-9.76,53.68,39.04,-58.56,19.52,-9.76,-68.32,-53.68,-87.84,-68.32,-43.92
-48.8,4.88,53.68,24.4,-53.68,29.28,4.88,-58.56,-48.8,-78.08,-58.56,-29.28
-39.04,0,39.04,19.52,-39.04,19.52,0,-68.32,-53.68,-82.96,-58.56,-29.28
-43.92,0,43.92,24.4,-43.92,19.52,4.88,-68.32,-53.68,-82.96,-58.56,-29.28
-48.8,19.52,68.32,14.64,-58.56,43.92,4.88,-58.56,-53.68,-78.08,-53.68,-29.28
-53.68,0,53.68,29.28,-53.68,24.4,-4.88,-68.32,-68.32,-97.6,-68.32,-43.92
-58.56,0,58.56,29.28,-58.56,29.28,14.64,-63.44,-58.56,-92.72,-63.44,-39.04
-48.8,-9.76,39.04,29.28,-43.92,14.64,9.76,-68.32,-68.32,-97.6,-68.32,-43.92
-39.04,4.88,43.92,19.52,-43.92,24.4,0,-63.44,-68.32,-92.72,-68.32,-43.92
-14.64,24.4,39.04,-4.88,-29.28,29.28,14.64,-63.44,-58.56,-87.84,-63.44,-34.16
-39.04,-4.88,34.16,24.4,-39.04,14.64,4.88,-68.32,-63.44,-92.72,-63.44,-43.92
-48.8,-4.88,43.92,29.28,-48.8,19.52,0,-58.56,-58.56,-87.84,-58.56,-34.16
-48.8,9.76,58.56,19.52,-53.68,34.16,4.88,-53.68,-48.8,-78.08,-53.68,-34.16
-53.68,-4.88,48.8,29.28,-53.68,19.52,9.76,-58.56,-53.68,-87.84,-53.68,-29.28
-48.8,-9.76,39.04,29.28,-43.92,14.64,0,-58.56,-63.44,-92.72,-68.32,-43.92
-34.16,-4.88,29.28,19.52,-34.16,9.76,0,-48.8,-58.56,-92.72,-68.32,-39.04
-29.28,9.76,39.04,9.76,-34.16,24.4,4.88,-43.92,-53.68,-87.84,-63.44,-34.16
-39.04,19.52,58.56,9.76,-48.8,39.04,14.64,-34.16,-43.92,-73.2,-53.68,-29.28
-63.44,-4.88,58.56,34.16,-63.44,24.4,9.76,-48.8,-53.68,-82.96,-63.44,-34.16
-78.08,-4.88,73.2,43.92,-78.08,34.16,4.88,-53.68,-58.56,-92.72,-68.32,-39.04
-58.56,0,58.56,29.28,-58.56,29.28,14.64,-48.8,-53.68,-82.96,-53.68,-29.28
-78.08,-9.76,68.32,43.92,-73.2,29.28,19.52,-34.16,-39.04,-73.2,-43.92,-19.52
-73.2,-19.52,53.68,48.8,-63.44,14.64,14.64,-39.04,-43.92,-73.2,-48.8,-24.4
-63.44,-19.52,43.92,43.92,-53.68,9.76,14.64,-43.92,-48.8,-82.96,-58.56,-29.28
-58.56,4.88,63.44,29.28,-63.44,34.16,19.52,-29.28,-48.8,-73.2,-48.8,-24.4
-58.56,-9.76,48.8,34.16,-53.68,19.52,9.76,-34.16,-43.92,-82.96,-58.56,-34.16
-39.04,-9.76,29.28,24.4,-34.16,9.76,0,-39.04,-53.68,-92.72,-68.32,-48.8
-14.64,14.64,29.28,0,-24.4,19.52,9.76,-39.04,-43.92,-82.96,-58.56,-39.04
-19.52,29.28,48.8,-4.88,-34.16,39.04,14.64,-29.28,-34.16,-68.32,-48.8,-34.16
-73.2,-14.64,58.56,43.92,-68.32,19.52,9.76,-34.16,-34.16,-73.2,-58.56,-34.16
-58.56,-19.52,39.04,39.04,-48.8,9.76,9.76,-39.04,-39.04,-68.32,-58.56,-39.04
-29.28,9.76,39.04,9.76,-34.16,24.4,24.4,-39.04,-34.16,-68.32,-53.68,-29.28
-53.68,9.76,63.44,24.4,-58.56,34.16,34.16,-29.28,-29.28,-63.44,-48.8,-24.4
-82.96,-9.76,73.2,48.8,-78.08,29.28,24.4,-29.28,-34.16,-73.2,-53.68,-34.16
-48.8,0,48.8,24.4,-48.8,24.4,14.64,-34.16,-48.8,-78.08,-63.44,-39.04
-63.44,-9.76,53.68,39.04,-58.56,19.52,19.52,-29.28,-43.92,-78.08,-63.44,-39.04
-63.44,-4.88,58.56,34.16,-63.44,24.4,34.16,-19.52,-29.28,-63.44,-48.8,-29.28
-39.04,4.88,43.92,19.52,-43.92,24.4,24.4,-24.4,-39.04,-73.2,-63.44,-39.04
-43.92,0,43.92,24.4,-43.92,19.52,29.28,-24.4,-39.04,-73.2,-58.56,-34.16
-63.44,4.88,68.32,29.28,-68.32,34.16,34.16,-19.52,-24.4,-63.44,-53.68,-29.28
-39.04,9.76,48.8,14.64,-43.92,29.28,29.28,-19.52,-29.28,-63.44,-48.8,-29.28
-24.4,9.76,34.16,9.76,-29.28,19.52,24.4,-24.4,-29.28,-63.44,-53.68,-29.28
-39.04,9.76,48.8,14.64,-43.92,29.28,29.28,-24.4,-34.16,-63.44,-58.56,-39.04
-53.68,4.88,58.56,24.4,-58.56,29.28,29.28,-19.52,-29.28,-63.44,-53.68,-34.16
-73.2,0,73.2,39.04,-73.2,34.16,29.28,-14.64,-34.16,-58.56,-53.68,-39.04
-78.08,0,78.08,39.04,-78.08,39.04,39.04,-4.88,-29.28,-58.56,-53.68,-29.28
-48.8,14.64,63.44,19.52,-58.56,39.04,34.16,-9.76,-29.28,-63.44,-58.56,-39.04
-43.92,9.76,53.68,19.52,-48.8,29.28,24.4,-14.64,-39.04,-73.2,-63.44,-48.8
-68.32,-19.52,48.8,43.92,-58.56,14.64,19.52,-19.52,-39.04,-78.08,-63.44,-48.8
-53.68,-39.04,14.64,48.8,-34.16,-14.64,24.4,-19.52,-34.16,-73.2,-58.56,-43.92
-58.56,-24.4,34.16,43.92,-48.8,4.88,24.4,-19.52,-24.4,-63.44,-53.68,-39.04
-48.8,-4.88,43.92,29.28,-48.8,19.52,39.04,-9.76,-14.64,-53.68,-43.92,-24.4
-24.4,24.4,48.8,0,-39.04,34.16,43.92,-9.76,-19.52,-58.56,-48.8,-29.28
-34.16,9.76,43.92,14.64,-39.04,24.4,39.04,-9.76,-19.52,-63.44,-48.8,-29.28
-48.8,0,48.8,24.4,-48.8,24.4,29.28,-9.76,-29.28,-63.44,-53.68,-34.16
-43.92,9.76,53.68,19.52,-48.8,29.28,34.16,-9.76,-24.4,-63.44,-53.68,-29.28
-24.4,19.52,43.92,4.88,-34.16,29.28,29.28,-19.52,-34.16,-68.32,-53.68,-48.8
-24.4,-4.88,19.52,14.64,-24.4,4.88,24.4,-29.28,-43.92,-73.2,-63.44,-58.56
-34.16,-14.64,19.52,24.4,-29.28,0,19.52,-39.04,-48.8,-78.08,-68.32,-58.56
-43.92,-9.76,34.16,29.28,-39.04,9.76,29.28,-34.16,-43.92,-73.2,-68.32,-53.68
-73.2,-4.88,68.32,39.04,-73.2,29.28,34.16,-24.4,-39.04,-63.44,-53.68,-43.92
-78.08,-14.64,63.44,48.8,-73.2,24.4,34.16,-19.52,-34.16,-63.44,-48.8,-39.04
-53.68,0,53.68,29.28,-53.68,24.4,29.28,-24.4,-34.16,-63.44,-48.8,-39.04
-68.32,-9.76,58.56,39.04,-63.44,24.4,39.04,-24.4,-39.04,-63.44,-53.68,-43.92
-63.44,-14.64,48.8,39.04,-58.56,14.64,29.28,-29.28,-48.8,-73.2,-58.56,-48.8
-53.68,-9.76,43.92,34.16,-48.8,14.64,29.28,-29.28,-48.8,-78.08,-63.44,-53.68
-43.92,0,43.92,24.4,-43.92,19.52,29.28,-29.28,-43.92,-78.08,-63.44,-48.8
-29.28,9.76,39.04,9.76,-34.16,24.4,29.28,-34.16,-53.68,-78.08,-68.32,-53.68
-39.04,-9.76,29.28,24.4,-34.16,9.76,19.52,-43.92,-63.44,-87.84,-78.08,-63.44
-39.04,-9.76,29.28,24.4,-34.16,9.76,19.52,-58.56,-68.32,-92.72,-78.08,-68.32
-48.8,-4.88,43.92,29.28,-48.8,19.52,24.4,-48.8,-63.44,-82.96,-68.32,-58.56
-82.96,-29.28,53.68,58.56,-68.32,9.76,34.16,-43.92,-53.68,-73.2,-58.56,-53.68
-82.96,-19.52,63.44,53.68,-73.2,19.52,34.16,-39.04,-53.68,-73.2,-58.56,-48.8
-48.8,9.76,58.56,19.52,-53.68,34.16,34.16,-43.92,-48.8,-68.32,-58.56,-48.8
-53.68,9.76,63.44,24.4,-58.56,34.16,24.4,-43.92,-58.56,-78.08,-63.44,-48.8
-82.96,-14.64,68.32,48.8,-78.08,24.4,29.28,-43.92,-58.56,-78.08,-68.32,-53.68
-87.84,-14.64,73.2,53.68,-82.96,29.28,24.4,-43.92,-58.56,-82.96,-68.32,-53.68
-63.44,9.76,73.2,29.28,-68.32,39.04,24.4,-43.92,-58.56,-87.84,-68.32,-58.56
-58.56,0,58.56,29.28,-58.56,29.28,24.4,-43.92,-58.56,-87.84,-68.32,-58.56
-63.44,-34.16,29.28,48.8,-48.8,-4.88,29.28,-53.68,-63.44,-92.72,-73.2,-58.56
-19.52,-9.76,9.76,14.64,-14.64,0,9.76,-63.44,-73.2,-97.6,-78.08,-63.44
-19.52,-4.88,14.64,14.64,-19.52,4.88,4.88,-73.2,-78.08,-102.48,-87.84,-68.32
-97.6,-19.52,78.08,58.56,-87.84,29.28,19.52,-58.56,-63.44,-87.84,-73.2,-58.56
-78.08,-19.52,58.56,48.8,-68.32,19.52,14.64,-63.44,-68.32,-92.72,-73.2,-58.56
-39.04,9.76,48.8,14.64,-43.92,29.28,14.64,-58.56,-78.08,-97.6,-73.2,-63.44
-78.08,0,78.08,39.04,-78.08,39.04,29.28,-53.68,-68.32,-92.72,-68.32,-63.44
-73.2,-9.76,63.44,43.92,-68.32,24.4,24.4,-53.68,-68.32,-92.72,-68.32,-63.44
-73.2,-19.52,53.68,48.8,-63.44,14.64,19.52,-58.56,-73.2,-97.6,-73.2,-68.32
-78.08,-14.64,63.44,48.8,-73.2,24.4,9.76,-63.44,-82.96,-102.48,-82.96,-73.2
-63.44,-4.88,58.56,34.16,-63.44,24.4,29.28,-58.56,-68.32,-87.84,-73.2,-63.44
-63.44,-19.52,43.92,43.92,-53.68,9.76,24.4,-73.2,-78.08,-97.6,-73.2,-68.32
-63.44,-14.64,48.8,39.04,-58.56,14.64,19.52,-68.32,-78.08,-92.72,-73.2,-63.44
-58.56,-14.64,43.92,39.04,-53.68,14.64,14.64,-73.2,-82.96,-102.48,-73.2,-73.2
-68.32,-34.16,34.16,53.68,-53.68,0,9.76,-78.08,-87.84,-102.48,-78.08,-73.2
-63.44,-19.52,43.92,43.92,-53.68,9.76,4.88,-78.08,-92.72,-107.36,-82.96,-73.2
-48.8,-9.76,39.04,29.28,-43.92,14.64,9.76,-68.32,-87.84,-102.48,-82.96,-78.08
-43.92,4.88,48.8,19.52,-48.8,24.4,9.76,-63.44,-87.84,-97.6,-78.08,-73.2
-53.68,14.64,68.32,19.52,-63.44,39.04,19.52,-63.44,-82.96,-97.6,-78.08,-68.32
-58.56,-4.88,53.68,34.16,-58.56,24.4,19.52,-73.2,-87.84,-97.6,-78.08,-73.2
-43.92,4.88,48.8,19.52,-48.8,24.4,19.52,-73.2,-87.84,-102.48,-78.08,-82.96
-53.68,-9.76,43.92,34.16,-48.8,14.64,9.76,-78.08,-87.84,-102.48,-78.08,-82.96
-63.44,-14.64,48.8,39.04,-58.56,14.64,14.64,-78.08,-87.84,-102.48,-78.08,-82.96
-48.8,0,48.8,24.4,-48.8,24.4,19.52,-78.08,-87.84,-97.6,-78.08,-78.08
-58.56,-4.88,53.68,34.16,-58.56,24.4,14.64,-78.08,-92.72,-102.48,-78.08,-82.96
-68.32,-19.52,48.8,43.92,-58.56,14.64,9.76,-78.08,-102.48,-107.36,-82.96,-82.96
-78.08,-14.64,63.44,48.8,-73.2,24.4,4.88,-73.2,-97.6,-102.48,-92.72,-87.84
-78.08,-4.88,73.2,43.92,-78.08,34.16,9.76,-78.08,-97.6,-107.36,-92.72,-87.84
-73.2,0,73.2,39.04,-73.2,34.16,29.28,-68.32,-82.96,-92.72,-73.2,-68.32
-73.2,-29.28,43.92,53.68,-58.56,4.88,24.4,-73.2,-82.96,-92.72,-78.08,-68.32
-73.2,-24.4,48.8,48.8,-63.44,9.76,19.52,-87.84,-82.96,-102.48,-82.96,-78.08
-58.56,0,58.56,29.28,-58.56,29.28,19.52,-82.96,-82.96,-92.72,-78.08,-73.2
-58.56,0,58.56,29.28,-58.56,29.28,14.64,-87.84,-87.84,-102.48,-82.96,-78.08
-53.68,-9.76,43.92,34.16,-48.8,14.64,14.64,-87.84,-87.84,-102.48,-82.96,-78.08
-43.92,-14.64,29.28,29.28,-39.04,4.88,9.76,-87.84,-92.72,-107.36,-87.84,-87.84
-68.32,-24.4,43.92,48.8,-58.56,9.76,14.64,-87.84,-97.6,-107.36,-87.84,-92.72
-92.72,-19.52,73.2,58.56,-82.96,24.4,24.4,-78.08,-92.72,-107.36,-82.96,-82.96
-92.72,-9.76,82.96,53.68,-87.84,34.16,29.28,-73.2,-87.84,-102.48,-82.96,-78.08
-78.08,-24.4,53.68,53.68,-68.32,14.64,19.52,-82.96,-87.84,-102.48,-92.72,-87.84
-48.8,-19.52,29.28,34.16,-39.04,4.88,14.64,-87.84,-87.84,-102.48,-87.84,-87.84
-63.44,-24.4,39.04,43.92,-53.68,4.88,9.76,-97.6,-97.6,-107.36,-92.72,-92.72
-78.08,-24.4,53.68,53.68,-68.32,14.64,19.52,-92.72,-87.84,-97.6,-87.84,-82.96
-78.08,-14.64,63.44,48.8,-73.2,24.4,29.28,-87.84,-82.96,-92.72,-78.08,-78.08
-78.08,-24.4,53.68,53.68,-68.32,14.64,24.4,-92.72,-87.84,-97.6,-82.96,-78.08
-82.96,-34.16,48.8,58.56,-68.32,4.88,14.64,-92.72,-92.72,-102.48,-87.84,-87.84
-87.84,-39.04,48.8,63.44,-68.32,4.88,14.64,-97.6,-107.36,-107.36,-92.72,-87.84
-58.56,-24.4,34.16,43.92,-48.8,4.88,14.64,-92.72,-102.48,-112.24,-92.72,-87.84
-43.92,-4.88,39.04,24.4,-43.92,14.64,24.4,-78.08,-87.84,-92.72,-82.96,-73.2
-63.44,-4.88,58.56,34.16,-63.44,24.4,29.28,-73.2,-82.96,-92.72,-78.08,-73.2
-58.56,-14.64,43.92,39.04,-53.68,14.64,14.64,-87.84,-97.6,-97.6,-82.96,-82.96
-29.28,4.88,34.16,14.64,-34.16,19.52,9.76,-97.6,-97.6,-97.6,-87.84,-87.84
-63.44,-19.52,43.92,43.92,-53.68,9.76,9.76,-102.48,-92.72,-102.48,-87.84,-92.72
-78.08,-19.52,58.56,48.8,-68.32,19.52,14.64,-102.48,-92.72,-97.6,-82.96,-87.84
-58.56,-4.88,53.68,34.16,-58.56,24.4,9.76,-102.48,-97.6,-102.48,-82.96,-82.96
-53.68,-19.52,34.16,39.04,-43.92,4.88,14.64,-92.72,-92.72,-102.48,-82.96,-82.96
-68.32,-14.64,53.68,43.92,-63.44,19.52,29.28,-78.08,-78.08,-82.96,-68.32,-68.32
-63.44,-14.64,48.8,39.04,-58.56,14.64,24.4,-87.84,-92.72,-97.6,-82.96,-78.08
-53.68,-9.76,43.92,34.16,-48.8,14.64,14.64,-92.72,-97.6,-102.48,-92.72,-87.84
-78.08,-9.76,68.32,43.92,-73.2,29.28,14.64,-92.72,-87.84,-102.48,-87.84,-82.96
-87.84,-14.64,73.2,53.68,-82.96,29.28,29.28,-82.96,-78.08,-92.72,-78.08,-73.2
-78.08,-14.64,63.44,48.8,-73.2,24.4,19.52,-92.72,-82.96,-97.6,-87.84,-78.08
-68.32,-14.64,53.68,43.92,-63.44,19.52,9.76,-102.48,-87.84,-92.72,-97.6,-92.72
-53.68,-4.88,48.8,29.28,-53.68,19.52,9.76,-107.36,-92.72,-97.6,-92.72,-92.72
-48.8,0,48.8,24.4,-48.8,24.4,19.52,-102.48,-87.84,-92.72,-87.84,-87.84
-68.32,-14.64,53.68,43.92,-63.44,19.52,19.52,-102.48,-87.84,-97.6,-92.72,-92.72
-43.92,9.76,53.68,19.52,-48.8,29.28,19.52,-97.6,-87.84,-97.6,-92.72,-92.72
-43.92,-4.88,39.04,24.4,-43.92,14.64,9.76,-102.48,-102.48,-107.36,-97.6,-92.72
-87.84,-24.4,63.44,58.56,-78.08,19.52,24.4,-87.84,-82.96,-92.72,-87.84,-82.96
-92.72,-19.52,73.2,58.56,-82.96,24.4,24.4,-92.72,-87.84,-92.72,-87.84,-87.84
-82.96,-24.4,58.56,53.68,-73.2,14.64,19.52,-102.48,-87.84,-97.6,-87.84,-87.84
-92.72,-34.16,58.56,63.44,-78.08,9.76,14.64,-102.48,-87.84,-97.6,-87.84,-87.84
-78.08,-19.52,58.56,48.8,-68.32,19.52,19.52,-107.36,-82.96,-92.72,-87.84,-92.72
-68.32,-9.76,58.56,39.04,-63.44,24.4,19.52,-112.24,-87.84,-92.72,-87.84,-87.84
-63.44,-4.88,58.56,34.16,-63.44,24.4,24.4,-107.36,-87.84,-82.96,-78.08,-82.96
-53.68,19.52,73.2,19.52,-63.44,43.92,29.28,-97.6,-82.96,-82.96,-78.08,-82.96
-63.44,4.88,68.32,29.28,-68.32,34.16,24.4,-97.6,-87.84,-87.84,-82.96,-87.84
-48.8,4.88,53.68,24.4,-53.68,29.28,29.28,-82.96,-78.08,-78.08,-78.08,-78.08
-63.44,0,63.44,34.16,-63.44,29.28,34.16,-82.96,-78.08,-82.96,-82.96,-87.84
-68.32,4.88,73.2,34.16,-73.2,39.04,39.04,-78.08,-73.2,-82.96,-78.08,-87.84
-58.56,9.76,68.32,24.4,-63.44,39.04,48.8,-82.96,-63.44,-82.96,-82.96,-87.84
-58.56,19.52,78.08,19.52,-68.32,48.8,68.32,-63.44,-43.92,-63.44,-68.32,-73.2
-43.92,39.04,82.96,4.88,-63.44,58.56,68.32,-58.56,-43.92,-58.56,-63.44,-68.32
-63.44,14.64,78.08,24.4,-73.2,43.92,48.8,-78.08,-58.56,-73.2,-73.2,-82.96
-63.44,14.64,78.08,24.4,-73.2,43.92,43.92,-78.08,-58.56,-68.32,-73.2,-78.08
-39.04,29.28,68.32,4.88,-53.68,48.8,48.8,-63.44,-48.8,-58.56,-58.56,-68.32
-39.04,43.92,82.96,0,-63.44,63.44,58.56,-63.44,-43.92,-48.8,-53.68,-63.44
-29.28,58.56,87.84,-14.64,-58.56,73.2,63.44,-63.44,-48.8,-53.68,-48.8,-58.56
-43.92,58.56,102.48,-4.88,-73.2,78.08,68.32,-63.44,-48.8,-58.56,-63.44,-73.2
-82.96,48.8,131.76,19.52,-107.36,87.84,82.96,-48.8,-39.04,-48.8,-63.44,-73.2
-43.92,48.8,92.72,0,-68.32,68.32,82.96,-48.8,-39.04,-48.8,-63.44,-73.2
-24.4,43.92,68.32,-9.76,-48.8,53.68,73.2,-58.56,-39.04,-53.68,-68.32,-78.08
-29.28,48.8,78.08,-9.76,-53.68,63.44,78.08,-68.32,-39.04,-48.8,-63.44,-73.2
-39.04,63.44,102.48,-9.76,-73.2,82.96,78.08,-53.68,-29.28,-39.04,-53.68,-63.44
-4.88,87.84,92.72,-39.04,-48.8,87.84,68.32,-58.56,-24.4,-34.16,-48.8,-58.56
-14.64,58.56,73.2,-19.52,-43.92,63.44,63.44,-53.68,-29.28,-29.28,-48.8,-53.68
-39.04,48.8,87.84,-4.88,-63.44,68.32,58.56,-53.68,-24.4,-24.4,-43.92,-48.8
-24.4,53.68,78.08,-14.64,-53.68,63.44,43.92,-63.44,-29.28,-39.04,-53.68,-58.56
-9.76,48.8,58.56,-19.52,-34.16,53.68,24.4,-68.32,-34.16,-39.04,-58.56,-63.44
-19.52,43.92,63.44,-9.76,-43.92,53.68,19.52,-73.2,-29.28,-34.16,-48.8,-58.56
-9.76,53.68,63.44,-19.52,-39.04,58.56,14.64,-78.08,-29.28,-34.16,-48.8,-58.56
14.64,63.44,48.8,-39.04,-19.52,53.68,14.64,-78.08,-19.52,-29.28,-43.92,-48.8
9.76,78.08,68.32,-43.92,-29.28,73.2,9.76,-87.84,-29.28,-29.28,-43.92,-48.8
14.64,82.96,68.32,-48.8,-29.28,73.2,9.76,-87.84,-29.28,-29.28,-39.04,-43.92
24.4,92.72,68.32,-58.56,-24.4,78.08,-4.88,-102.48,-43.92,-39.04,-43.92,-48.8
4.88,68.32,63.44,-34.16,-29.28,63.44,-14.64,-117.12,-58.56,-48.8,-53.68,-58.56
19.52,68.32,48.8,-43.92,-14.64,58.56,-24.4,-112.24,-58.56,-48.8,-53.68,-58.56
48.8,82.96,34.16,-63.44,4.88,58.56,-19.52,-97.6,-48.8,-39.04,-53.68,-53.68
19.52,63.44,43.92,-39.04,-14.64,53.68,-14.64,-97.6,-43.92,-39.04,-53.68,-58.56
9.76,39.04,29.28,-24.4,-9.76,34.16,-14.64,-102.48,-53.68,-43.92,-63.44,-68.32
9.76,19.52,9.76,-14.64,0,14.64,-24.4,-122,-68.32,-58.56,-73.2,-78.08
-4.88,24.4,29.28,-9.76,-19.52,24.4,-9.76,-117.12,-58.56,-48.8,-58.56,-63.44
-9.76,24.4,34.16,-4.88,-24.4,29.28,-9.76,-122,-53.68,-48.8,-63.44,-68.32
0,29.28,29.28,-14.64,-14.64,29.28,-4.88,-131.76,-63.44,-53.68,-68.32,-73.2
-4.88,39.04,43.92,-14.64,-24.4,39.04,-9.76,-131.76,-63.44,-58.56,-68.32,-73.2
-14.64,29.28,43.92,-4.88,-29.28,34.16,-14.64,-141.52,-68.32,-63.44,-78.08,-82.96
-14.64,29.28,43.92,-4.88,-29.28,34.16,-19.52,-146.4,-82.96,-68.32,-87.84,-92.72
-24.4,4.88,29.28,9.76,-29.28,14.64,-14.64,-146.4,-82.96,-78.08,-92.72,-102.48
-39.04,-29.28,9.76,34.16,-24.4,-9.76,-29.28,-170.8,-102.48,-97.6,-112.24,-117.12
-34.16,-34.16,0,34.16,-19.52,-19.52,-34.16,-170.8,-112.24,-102.48,-122,-126.88
-19.52,-9.76,9.76,14.64,-14.64,0,-14.64,-156.16,-102.48,-92.72,-107.36,-117.12
-63.44,-24.4,39.04,43.92,-53.68,4.88,-4.88,-151.28,-92.72,-82.96,-102.48,-117.12
-63.44,-19.52,43.92,43.92,-53.68,9.76,0,-146.4,-87.84,-78.08,-107.36,-117.12
-58.56,-14.64,43.92,39.04,-53.68,14.64,0,-151.28,-92.72,-82.96,-107.36,-117.12
-43.92,-9.76,34.16,29.28,-39.04,9.76,0,-151.28,-92.72,-87.84,-107.36,-122
-68.32,-14.64,53.68,43.92,-63.44,19.52,9.76,-141.52,-82.96,-78.08,-102.48,-112.24
-92.72,-19.52,73.2,58.56,-82.96,24.4,9.76,-146.4,-92.72,-87.84,-112.24,-122
-78.08,-24.4,53.68,53.68,-68.32,14.64,9.76,-151.28,-102.48,-97.6,-122,-136.64
-68.32,-19.52,48.8,43.92,-58.56,14.64,4.88,-156.16,-107.36,-102.48,-126.88,-136.64
-73.2,-39.04,34.16,58.56,-53.68,-4.88,-4.88,-170.8,-112.24,-107.36,-131.76,-146.4
-63.44,-29.28,34.16,48.8,-48.8,0,-4.88,-175.68,-117.12,-112.24,-126.88,-141.52
-48.8,-19.52,29.28,34.16,-39.04,4.88,-14.64,-185.44,-117.12,-112.24,-131.76,-146.4
-48.8,-4.88,43.92,29.28,-48.8,19.52,-14.64,-185.44,-102.48,-97.6,-122,-141.52
-63.44,-9.76,53.68,39.04,-58.56,19.52,-9.76,-180.56,-102.48,-97.6,-122,-136.64
-78.08,-34.16,43.92,58.56,-63.44,4.88,-9.76,-185.44,-107.36,-102.48,-122,-136.64
-78.08,-29.28,48.8,53.68,-63.44,9.76,4.88,-175.68,-97.6,-92.72,-122,-126.88
-97.6,-34.16,63.44,68.32,-82.96,14.64,4.88,-175.68,-102.48,-97.6,-126.88,-131.76
-107.36,-39.04,68.32,73.2,-87.84,14.64,0,-175.68,-107.36,-102.48,-136.64,-151.28
-102.48,-29.28,73.2,68.32,-87.84,19.52,9.76,-170.8,-97.6,-92.72,-122,-141.52
-68.32,-24.4,43.92,48.8,-58.56,9.76,-9.76,-185.44,-107.36,-102.48,-136.64,-151.28
-68.32,-29.28,39.04,48.8,-53.68,4.88,-9.76,-175.68,-107.36,-102.48,-126.88,-146.4
-68.32,-19.52,48.8,43.92,-58.56,14.64,4.88,-161.04,-92.72,-87.84,-117.12,-131.76
-53.68,-4.88,48.8,29.28,-53.68,19.52,4.88,-161.04,-82.96,-82.96,-112.24,-131.76
-78.08,-24.4,53.68,53.68,-68.32,14.64,4.88,-161.04,-82.96,-82.96,-107.36,-126.88
-92.72,-39.04,53.68,68.32,-73.2,4.88,0,-165.92,-97.6,-92.72,-117.12,-141.52
-97.6,-43.92,53.68,73.2,-78.08,4.88,4.88,-165.92,-97.6,-87.84,-122,-136.64
-68.32,-19.52,48.8,43.92,-58.56,14.64,9.76,-161.04,-92.72,-87.84,-122,-131.76
-48.8,-19.52,29.28,34.16,-39.04,4.88,9.76,-156.16,-87.84,-82.96,-112.24,-126.88
-58.56,-34.16,24.4,48.8,-43.92,-4.88,14.64,-156.16,-87.84,-82.96,-112.24,-131.76
-78.08,-43.92,34.16,63.44,-58.56,-4.88,14.64,-156.16,-87.84,-82.96,-126.88,-136.64
-87.84,-58.56,29.28,73.2,-58.56,-14.64,19.52,-151.28,-87.84,-92.72,-136.64,-146.4
-112.24,-82.96,29.28,97.6,-73.2,-29.28,39.04,-122,-82.96,-102.48,-151.28,-165.92
-112.24,-87.84,24.4,102.48,-68.32,-34.16,73.2,-78.08,-63.44,-102.48,-165.92,-180.56
-97.6,-87.84,9.76,92.72,-53.68,-39.04,97.6,-43.92,-53.68,-112.24,-185.44,-200.08
-82.96,-92.72,-9.76,87.84,-39.04,-53.68,122,0,-34.16,-102.48,-185.44,-219.6
-82.96,-97.6,-14.64,92.72,-34.16,-58.56,151.28,53.68,24.4,-58.56,-161.04,-195.2
-92.72,-107.36,-14.64,102.48,-39.04,-63.44,175.68,122,82.96,-14.64,-131.76,-170.8
-68.32,-97.6,-29.28,82.96,-19.52,-63.44,185.44,185.44,126.88,19.52,-117.12,-170.8
-24.4,-92.72,-68.32,58.56,19.52,-82.96,185.44,244,185.44,68.32,-87.84,-146.4
87.84,-53.68,-141.52,-14.64,112.24,-97.6,170.8,307.44,268.4,156.16,-19.52,-87.84
248.88,9.76,-239.12,-126.88,244,-117.12,126.88,356.24,361.12,278.16,82.96,4.88
361.12,48.8,-312.32,-204.96,336.72,-131.76,58.56,331.84,429.44,390.4,190.32,102.48
492.88,141.52,-351.36,-317.2,419.68,-107.36,-43.92,253.76,478.24,502.64,317.2,224.48
610,244,-366,-424.56,488,-63.44,-131.76,185.44,551.44,658.8,483.12,380.64
702.72,312.32,-390.4,-507.52,546.56,-39.04,-234.24,78.08,610,805.2,649.04,546.56
810.08,405.04,-405.04,-605.12,605.12,0,-331.84,-24.4,653.92,932.08,810.08,697.84
912.56,512.4,-400.16,-712.48,653.92,53.68,-424.56,-126.88,688.08,1044.32,946.72,839.36
1000.4,639.28,-361.12,-819.84,678.32,136.64,-512.4,-234.24,707.6,1141.92,1078.48,971.12
1029.68,746.64,-283.04,-888.16,653.92,229.36,-590.48,-317.2,751.52,1254.16,1200.48,1088.24
995.52,863.76,-131.76,-927.2,561.2,366,-649.04,-409.92,790.56,1332.24,1293.2,1180.96
868.64,941.84,73.2,-902.8,395.28,507.52,-707.6,-541.68,756.4,1346.88,1356.64,1254.16
732,951.6,219.6,-839.36,253.76,585.6,-790.56,-717.36,595.36,1210.24,1293.2,1220
610,878.4,268.4,-741.76,170.8,570.96,-858.88,-907.68,322.08,902.8,1063.84,1044.32
458.72,717.36,258.64,-585.6,97.6,488,-868.64,-1058.96,-14.64,497.76,717.36,756.4
292.8,570.96,278.16,-429.44,4.88,424.56,-829.6,-1190.72,-336.72,102.48,380.64,473.36
122,488,366,-302.56,-122,424.56,-780.8,-1298.08,-590.48,-204.96,131.76,248.88
-4.88,395.28,400.16,-195.2,-204.96,395.28,-736.88,-1356.64,-775.92,-434.32,-58.56,82.96
-117.12,292.8,409.92,-87.84,-263.52,351.36,-692.96,-1371.28,-893.04,-595.36,-219.6,-58.56
-175.68,195.2,370.88,-9.76,-273.28,283.04,-634.4,-1288.32,-902.8,-644.16,-302.56,-161.04
-224.48,107.36,331.84,58.56,-278.16,219.6,-566.08,-1151.68,-834.48,-634.4,-341.6,-224.48
-219.6,34.16,253.76,92.72,-239.12,141.52,-507.52,-1019.92,-756.4,-590.48,-361.12,-253.76
-156.16,-9.76,146.4,82.96,-151.28,68.32,-444.08,-878.4,-644.16,-512.4,-326.96,-248.88
-156.16,-68.32,87.84,112.24,-122,9.76,-370.88,-732,-527.04,-419.68,-292.8,-244
-112.24,-34.16,78.08,73.2,-97.6,19.52,-292.8,-610,-424.56,-341.6,-239.12,-200.08
-87.84,-4.88,82.96,48.8,-87.84,39.04,-224.48,-507.52,-341.6,-273.28,-195.2,-165.92
-112.24,-9.76,102.48,63.44,-107.36,43.92,-180.56,-429.44,-278.16,-234.24,-170.8,-151.28
-112.24,-4.88,107.36,58.56,-112.24,48.8,-131.76,-331.84,-214.72,-180.56,-146.4,-131.76
-78.08,14.64,92.72,34.16,-87.84,53.68,-92.72,-273.28,-185.44,-161.04,-141.52,-126.88
-68.32,-4.88,63.44,39.04,-68.32,29.28,-63.44,-224.48,-146.4,-131.76,-141.52,-141.52
-78.08,-9.76,68.32,43.92,-73.2,29.28,-24.4,-165.92,-107.36,-102.48,-122,-131.76
-92.72,-19.52,73.2,58.56,-82.96,24.4,-4.88,-131.76,-87.84,-87.84,-117.12,-126.88
-58.56,-9.76,48.8,34.16,-53.68,19.52,4.88,-117.12,-63.44,-73.2,-112.24,-122
-34.16,19.52,53.68,9.76,-43.92,34.16,29.28,-102.48,-48.8,-53.68,-97.6,-107.36
-48.8,0,48.8,24.4,-48.8,24.4,14.64,-102.48,-53.68,-68.32,-97.6,-112.24
-68.32,-14.64,53.68,43.92,-63.44,19.52,14.64,-97.6,-58.56,-73.2,-107.36,-122
-92.72,-34.16,58.56,63.44,-78.08,9.76,19.52,-102.48,-63.44,-78.08,-112.24,-126.88
-92.72,-24.4,68.32,58.56,-82.96,19.52,29.28,-82.96,-53.68,-68.32,-107.36,-122
-97.6,-19.52,78.08,58.56,-87.84,29.28,39.04,-68.32,-48.8,-68.32,-102.48,-117.12
-92.72,-39.04,53.68,68.32,-73.2,4.88,39.04,-58.56,-39.04,-63.44,-107.36,-126.88
-73.2,-29.28,43.92,53.68,-58.56,4.88,43.92,-53.68,-29.28,-53.68,-102.48,-122
-48.8,-19.52,29.28,34.16,-39.04,4.88,43.92,-48.8,-24.4,-48.8,-97.6,-122
-24.4,-14.64,9.76,19.52,-19.52,-4.88,48.8,-43.92,-14.64,-39.04,-87.84,-112.24
-43.92,-29.28,14.64,39.04,-29.28,-9.76,43.92,-58.56,-14.64,-34.16,-92.72,-122
-78.08,-43.92,34.16,63.44,-58.56,-4.88,53.68,-43.92,-14.64,-29.28,-78.08,-107.36
-78.08,-39.04,39.04,58.56,-58.56,0,53.68,-43.92,-9.76,-29.28,-82.96,-107.36
-53.68,-4.88,48.8,29.28,-53.68,19.52,63.44,-34.16,-4.88,-24.4,-78.08,-107.36
-53.68,-9.76,43.92,34.16,-48.8,14.64,63.44,-24.4,-4.88,-19.52,-78.08,-102.48
-58.56,-19.52,39.04,39.04,-48.8,9.76,58.56,-24.4,-14.64,-34.16,-92.72,-112.24
-58.56,-29.28,29.28,43.92,-43.92,0,58.56,-19.52,-9.76,-39.04,-102.48,-126.88
-63.44,-39.04,24.4,53.68,-43.92,-9.76,58.56,-19.52,-9.76,-34.16,-102.48,-131.76
-78.08,-39.04,39.04,58.56,-58.56,0,58.56,-19.52,0,-24.4,-92.72,-117.12
-68.32,-24.4,43.92,48.8,-58.56,9.76,63.44,-14.64,14.64,-14.64,-87.84,-107.36
-43.92,-14.64,29.28,29.28,-39.04,4.88,63.44,-19.52,19.52,-4.88,-78.08,-102.48
-29.28,-9.76,19.52,19.52,-24.4,4.88,63.44,-14.64,19.52,0,-63.44,-87.84
-43.92,-29.28,14.64,39.04,-29.28,-9.76,53.68,-24.4,14.64,-9.76,-73.2,-97.6
-53.68,-19.52,34.16,39.04,-43.92,4.88,68.32,-9.76,29.28,0,-63.44,-92.72
-63.44,-9.76,53.68,39.04,-58.56,19.52,78.08,4.88,29.28,4.88,-63.44,-82.96
-58.56,-9.76,48.8,34.16,-53.68,19.52,68.32,4.88,19.52,-9.76,-78.08,-97.6
-53.68,-14.64,39.04,34.16,-48.8,9.76,63.44,4.88,19.52,-9.76,-82.96,-107.36
-58.56,-34.16,24.4,48.8,-43.92,-4.88,53.68,4.88,19.52,-4.88,-82.96,-112.24
-34.16,-29.28,4.88,34.16,-19.52,-14.64,48.8,-4.88,24.4,0,-82.96,-107.36
-19.52,-19.52,0,19.52,-9.76,-9.76,48.8,-9.76,29.28,0,-78.08,-112.24
-48.8,-29.28,19.52,39.04,-34.16,-4.88,53.68,-4.88,43.92,14.64,-63.44,-97.6
-58.56,-43.92,14.64,53.68,-39.04,-14.64,58.56,0,39.04,14.64,-58.56,-87.84
-53.68,-48.8,4.88,53.68,-29.28,-24.4,63.44,9.76,48.8,19.52,-53.68,-87.84
-48.8,-43.92,4.88,48.8,-29.28,-19.52,63.44,4.88,39.04,9.76,-63.44,-92.72
-29.28,-24.4,4.88,29.28,-19.52,-9.76,58.56,9.76,39.04,14.64,-68.32,-92.72
-48.8,-24.4,24.4,39.04,-39.04,0,63.44,24.4,43.92,9.76,-68.32,-92.72
-29.28,-9.76,19.52,19.52,-24.4,4.88,68.32,34.16,48.8,9.76,-73.2,-102.48
0,19.52,19.52,-9.76,-9.76,19.52,73.2,43.92,58.56,29.28,-58.56,-87.84
0,-4.88,-4.88,4.88,0,-4.88,63.44,43.92,63.44,34.16,-58.56,-87.84
0,-19.52,-19.52,9.76,9.76,-19.52,58.56,29.28,63.44,29.28,-58.56,-87.84
-19.52,-39.04,-19.52,29.28,0,-29.28,48.8,19.52,63.44,34.16,-53.68,-87.84
-53.68,-53.68,0,53.68,-29.28,-29.28,58.56,29.28,63.44,43.92,-43.92,-73.2
-24.4,-14.64,9.76,19.52,-19.52,-4.88,63.44,39.04,78.08,53.68,-29.28,-63.44
-4.88,-9.76,-4.88,9.76,0,-9.76,68.32,43.92,82.96,48.8,-34.16,-68.32
-29.28,-24.4,4.88,29.28,-19.52,-9.76,68.32,48.8,78.08,53.68,-39.04,-73.2
-19.52,0,19.52,9.76,-19.52,9.76,78.08,63.44,82.96,53.68,-34.16,-63.44
0,4.88,4.88,0,-4.88,4.88,82.96,73.2,97.6,53.68,-34.16,-68.32
0,14.64,14.64,-4.88,-9.76,14.64,87.84,87.84,112.24,73.2,-19.52,-53.68
0,14.64,14.64,-4.88,-9.76,14.64,82.96,87.84,117.12,78.08,-14.64,-53.68
0,0,0,0,0,0,63.44,73.2,112.24,68.32,-19.52,-63.44
4.88,-9.76,-14.64,4.88,9.76,-14.64,58.56,73.2,117.12,78.08,-14.64,-53.68
9.76,-4.88,-14.64,0,9.76,-9.76,53.68,78.08,117.12,82.96,-9.76,-43.92
24.4,0,-24.4,-9.76,24.4,-14.64,63.44,82.96,122,97.6,0,-39.04
24.4,14.64,-9.76,-19.52,14.64,0,58.56,82.96,122,92.72,0,-39.04
14.64,4.88,-9.76,-9.76,9.76,-4.88,53.68,87.84,117.12,92.72,0,-39.04
39.04,19.52,-19.52,-29.28,29.28,0,53.68,97.6,122,87.84,-4.88,-43.92
39.04,14.64,-24.4,-24.4,29.28,-4.88,53.68,107.36,131.76,92.72,-4.88,-53.68
29.28,19.52,-9.76,-24.4,19.52,4.88,48.8,117.12,141.52,107.36,0,-43.92
39.04,24.4,-14.64,-29.28,24.4,4.88,68.32,141.52,161.04,126.88,24.4,-24.4
48.8,24.4,-24.4,-34.16,34.16,0,58.56,131.76,161.04,117.12,19.52,-29.28
39.04,9.76,-29.28,-24.4,34.16,-9.76,53.68,126.88,165.92,122,24.4,-29.28
39.04,4.88,-34.16,-19.52,34.16,-14.64,53.68,131.76,165.92,131.76,29.28,-19.52
48.8,0,-48.8,-24.4,48.8,-24.4,53.68,136.64,165.92,131.76,29.28,-24.4
48.8,9.76,-39.04,-29.28,43.92,-14.64,73.2,151.28,185.44,146.4,43.92,-4.88
43.92,0,-43.92,-19.52,43.92,-24.4,63.44,156.16,180.56,141.52,39.04,-9.76
82.96,39.04,-43.92,-58.56,63.44,-4.88,68.32,170.8,190.32,151.28,39.04,4.88
107.36,43.92,-63.44,-73.2,82.96,-9.76,73.2,190.32,209.84,165.92,48.8,4.88
58.56,14.64,-43.92,-34.16,48.8,-14.64,53.68,185.44,204.96,165.92,39.04,0
53.68,14.64,-39.04,-34.16,43.92,-14.64,63.44,195.2,219.6,180.56,53.68,14.64
107.36,43.92,-63.44,-73.2,82.96,-9.76,73.2,204.96,239.12,200.08,73.2,24.4
131.76,53.68,-78.08,-92.72,102.48,-14.64,68.32,209.84,248.88,219.6,82.96,34.16
146.4,63.44,-82.96,-102.48,112.24,-9.76,68.32,219.6,258.64,224.48,97.6,48.8
136.64,53.68,-82.96,-92.72,107.36,-14.64,58.56,219.6,253.76,224.48,97.6,48.8
122,48.8,-73.2,-82.96,97.6,-14.64,53.68,219.6,258.64,224.48,102.48,58.56
102.48,34.16,-68.32,-68.32,82.96,-19.52,53.68,239.12,273.28,239.12,107.36,63.44
136.64,63.44,-73.2,-97.6,102.48,-4.88,53.68,253.76,283.04,244,112.24,68.32
161.04,73.2,-87.84,-117.12,122,-9.76,58.56,273.28,302.56,258.64,122,78.08
146.4,48.8,-97.6,-97.6,122,-24.4,48.8,278.16,307.44,268.4,122,73.2
156.16,39.04,-117.12,-97.6,136.64,-39.04,48.8,273.28,307.44,273.28,122,68.32
180.56,73.2,-107.36,-126.88,141.52,-19.52,53.68,283.04,331.84,297.68,136.64,82.96
190.32,92.72,-97.6,-141.52,141.52,-4.88,68.32,302.56,361.12,331.84,170.8,107.36
175.68,97.6,-78.08,-136.64,126.88,9.76,58.56,302.56,361.12,331.84,185.44,122
200.08,102.48,-97.6,-151.28,146.4,0,58.56,307.44,370.88,336.72,190.32,122
190.32,87.84,-102.48,-136.64,146.4,-9.76,58.56,307.44,375.76,351.36,190.32,126.88
234.24,102.48,-131.76,-165.92,180.56,-14.64,53.68,326.96,380.64,361.12,200.08,131.76
248.88,112.24,-136.64,-180.56,190.32,-14.64,53.68,341.6,385.52,361.12,200.08,136.64
234.24,82.96,-151.28,-156.16,190.32,-34.16,53.68,331.84,390.4,356.24,200.08,131.76
185.44,63.44,-122,-122,151.28,-29.28,48.8,336.72,390.4,366,200.08,136.64
204.96,78.08,-126.88,-141.52,165.92,-24.4,48.8,341.6,409.92,380.64,209.84,146.4
224.48,87.84,-136.64,-156.16,180.56,-24.4,43.92,341.6,424.56,395.28,224.48,156.16
258.64,102.48,-156.16,-180.56,204.96,-29.28,39.04,341.6,429.44,419.68,239.12,170.8
248.88,102.48,-146.4,-175.68,195.2,-24.4,24.4,341.6,429.44,424.56,248.88,180.56
263.52,131.76,-131.76,-195.2,195.2,0,24.4,346.48,439.2,429.44,258.64,190.32
278.16,141.52,-136.64,-209.84,204.96,0,24.4,351.36,434.32,424.56,263.52,200.08
292.8,131.76,-161.04,-209.84,224.48,-14.64,19.52,346.48,439.2,429.44,263.52,200.08
253.76,122,-131.76,-185.44,190.32,-4.88,19.52,346.48,434.32,414.8,258.64,190.32
263.52,136.64,-126.88,-200.08,195.2,4.88,39.04,366,453.84,453.84,273.28,209.84
297.68,156.16,-141.52,-224.48,219.6,4.88,34.16,366,453.84,448.96,273.28,209.84
278.16,136.64,-141.52,-204.96,209.84,-4.88,24.4,351.36,448.96,439.2,268.4,209.84
263.52,122,-141.52,-190.32,200.08,-9.76,9.76,341.6,439.2,429.44,263.52,200.08
268.4,126.88,-141.52,-195.2,204.96,-9.76,19.52,341.6,453.84,444.08,268.4,209.84
263.52,131.76,-131.76,-195.2,195.2,0,29.28,346.48,448.96,453.84,283.04,219.6
283.04,131.76,-151.28,-204.96,214.72,-9.76,29.28,341.6,444.08,448.96,283.04,219.6
258.64,117.12,-141.52,-185.44,200.08,-14.64,24.4,326.96,429.44,434.32,273.28,209.84
273.28,131.76,-141.52,-200.08,204.96,-4.88,19.52,326.96,424.56,434.32,273.28,209.84
292.8,175.68,-117.12,-234.24,204.96,29.28,24.4,326.96,434.32,424.56,278.16,219.6
258.64,165.92,-92.72,-209.84,175.68,34.16,19.52,317.2,424.56,414.8,263.52,209.84
263.52,136.64,-126.88,-200.08,195.2,4.88,14.64,307.44,409.92,414.8,258.64,209.84
268.4,122,-146.4,-195.2,204.96,-14.64,14.64,302.56,409.92,409.92,253.76,209.84
258.64,117.12,-141.52,-185.44,200.08,-14.64,9.76,283.04,395.28,395.28,248.88,195.2
239.12,112.24,-126.88,-175.68,180.56,-9.76,4.88,263.52,380.64,385.52,234.24,185.44
219.6,122,-97.6,-170.8,156.16,9.76,4.88,248.88,370.88,370.88,224.48,180.56
209.84,112.24,-97.6,-161.04,151.28,4.88,9.76,234.24,361.12,351.36,219.6,170.8
214.72,122,-92.72,-165.92,151.28,14.64,24.4,229.36,346.48,341.6,214.72,165.92
185.44,107.36,-78.08,-146.4,131.76,14.64,29.28,224.48,326.96,336.72,204.96,156.16
165.92,82.96,-82.96,-122,122,0,24.4,204.96,307.44,312.32,185.44,146.4
180.56,102.48,-78.08,-141.52,126.88,9.76,19.52,190.32,287.92,292.8,165.92,122
146.4,87.84,-58.56,-117.12,102.48,14.64,24.4,175.68,273.28,278.16,161.04,117.12
126.88,78.08,-48.8,-102.48,87.84,14.64,14.64,161.04,258.64,258.64,141.52,107.36
112.24,63.44,-48.8,-87.84,78.08,4.88,14.64,141.52,234.24,239.12,126.88,92.72
82.96,19.52,-63.44,-48.8,73.2,-24.4,0,107.36,214.72,214.72,102.48,73.2
82.96,43.92,-39.04,-63.44,58.56,0,9.76,102.48,200.08,195.2,102.48,73.2
82.96,73.2,-9.76,-78.08,43.92,29.28,19.52,97.6,195.2,195.2,107.36,82.96
78.08,73.2,-4.88,-73.2,39.04,34.16,24.4,87.84,185.44,180.56,102.48,73.2
53.68,39.04,-14.64,-43.92,34.16,9.76,9.76,63.44,151.28,156.16,82.96,53.68
29.28,24.4,-4.88,-24.4,14.64,9.76,0,48.8,131.76,131.76,68.32,39.04
39.04,43.92,4.88,-39.04,14.64,24.4,19.52,53.68,131.76,131.76,63.44,39.04
29.28,48.8,19.52,-39.04,4.88,34.16,34.16,48.8,122,126.88,58.56,34.16
14.64,19.52,4.88,-14.64,4.88,9.76,14.64,24.4,97.6,97.6,29.28,9.76
-9.76,14.64,24.4,0,-19.52,19.52,4.88,0,78.08,73.2,14.64,-9.76
-19.52,19.52,39.04,0,-29.28,29.28,9.76,-4.88,73.2,73.2,9.76,-14.64
-19.52,9.76,29.28,4.88,-24.4,19.52,9.76,-19.52,53.68,58.56,0,-19.52
-14.64,0,14.64,9.76,-14.64,4.88,4.88,-34.16,43.92,39.04,-14.64,-24.4
-34.16,-9.76,24.4,24.4,-29.28,4.88,4.88,-43.92,29.28,29.28,-24.4,-39.04
-48.8,-24.4,24.4,39.04,-39.04,0,0,-43.92,14.64,14.64,-29.28,-43.92
-43.92,-24.4,19.52,34.16,-34.16,-4.88,-4.88,-43.92,4.88,0,-39.04,-48.8
-34.16,0,34.16,19.52,-34.16,14.64,9.76,-43.92,4.88,0,-39.04,-43.92
-19.52,0,19.52,9.76,-19.52,9.76,4.88,-58.56,-4.88,-9.76,-43.92,-53.68
-53.68,-34.16,19.52,43.92,-39.04,-9.76,0,-73.2,-19.52,-24.4,-68.32,-73.2
-58.56,-34.16,24.4,48.8,-43.92,-4.88,0,-78.08,-24.4,-29.28,-63.44,-73.2
-78.08,-39.04,39.04,58.56,-58.56,0,4.88,-82.96,-24.4,-19.52,-58.56,-68.32
-78.08,-39.04,39.04,58.56,-58.56,0,0,-92.72,-34.16,-34.16,-63.44,-68.32
-87.84,-53.68,34.16,73.2,-63.44,-9.76,-14.64,-97.6,-43.92,-43.92,-73.2,-78.08
-78.08,-39.04,39.04,58.56,-58.56,0,-9.76,-102.48,-43.92,-43.92,-73.2,-78.08
-78.08,-43.92,34.16,63.44,-58.56,-4.88,0,-87.84,-43.92,-39.04,-68.32,-73.2
-43.92,-29.28,14.64,39.04,-29.28,-9.76,-9.76,-92.72,-58.56,-63.44,-82.96,-87.84
-34.16,-34.16,0,34.16,-19.52,-19.52,-19.52,-102.48,-73.2,-73.2,-97.6,-102.48
-82.96,-43.92,39.04,63.44,-63.44,-4.88,-14.64,-102.48,-58.56,-63.44,-87.84,-87.84
-102.48,-43.92,58.56,73.2,-82.96,4.88,-19.52,-102.48,-58.56,-58.56,-82.96,-82.96
-131.76,-48.8,82.96,92.72,-107.36,14.64,-9.76,-107.36,-48.8,-53.68,-78.08,-78.08
-92.72,-39.04,53.68,68.32,-73.2,4.88,-14.64,-112.24,-53.68,-48.8,-82.96,-82.96
-82.96,-53.68,29.28,68.32,-58.56,-14.64,-19.52,-126.88,-63.44,-63.44,-87.84,-82.96
-82.96,-53.68,29.28,68.32,-58.56,-14.64,-14.64,-117.12,-63.44,-63.44,-82.96,-82.96
-87.84,-48.8,39.04,68.32,-63.44,-4.88,-19.52,-117.12,-63.44,-63.44,-82.96,-78.08
-102.48,-39.04,63.44,73.2,-82.96,9.76,-14.64,-112.24,-68.32,-63.44,-82.96,-78.08
-102.48,-34.16,68.32,68.32,-87.84,14.64,-9.76,-102.48,-58.56,-68.32,-78.08,-68.32
-122,-43.92,78.08,82.96,-102.48,14.64,-9.76,-102.48,-68.32,-73.2,-82.96,-78.08
-122,-58.56,63.44,92.72,-92.72,0,-24.4,-112.24,-73.2,-78.08,-87.84,-82.96
-126.88,-82.96,43.92,107.36,-87.84,-19.52,-29.28,-117.12,-82.96,-82.96,-92.72,-92.72
-112.24,-68.32,43.92,92.72,-78.08,-14.64,-34.16,-126.88,-82.96,-87.84,-102.48,-102.48
-122,-58.56,63.44,92.72,-92.72,0,-34.16,-117.12,-73.2,-73.2,-92.72,-87.84
-87.84,-39.04,48.8,63.44,-68.32,4.88,-29.28,-112.24,-63.44,-73.2,-87.84,-82.96
-78.08,-48.8,29.28,63.44,-53.68,-9.76,-34.16,-122,-78.08,-87.84,-107.36,-97.6
-82.96,-34.16,48.8,58.56,-68.32,4.88,-24.4,-112.24,-68.32,-78.08,-97.6,-87.84
-92.72,-39.04,53.68,68.32,-73.2,4.88,-14.64,-102.48,-73.2,-73.2,-92.72,-87.84
-102.48,-58.56,43.92,82.96,-73.2,-9.76,-29.28,-112.24,-87.84,-92.72,-107.36,-102.48
-146.4,-63.44,82.96,107.36,-117.12,9.76,-19.52,-97.6,-82.96,-82.96,-97.6,-92.72
-117.12,-43.92,73.2,82.96,-97.6,14.64,-14.64,-87.84,-68.32,-73.2,-87.84,-87.84
-112.24,-82.96,29.28,97.6,-73.2,-29.28,-14.64,-97.6,-78.08,-82.96,-97.6,-97.6
-117.12,-78.08,39.04,97.6,-78.08,-19.52,-19.52,-102.48,-78.08,-87.84,-107.36,-107.36
-112.24,-63.44,48.8,87.84,-82.96,-9.76,-19.52,-107.36,-73.2,-78.08,-97.6,-97.6
-112.24,-58.56,53.68,87.84,-82.96,-4.88,-24.4,-107.36,-78.08,-78.08,-97.6,-97.6
-107.36,-63.44,43.92,87.84,-78.08,-9.76,-19.52,-97.6,-68.32,-78.08,-97.6,-92.72
-112.24,-78.08,34.16,97.6,-73.2,-24.4,-19.52,-97.6,-68.32,-78.08,-92.72,-92.72
-107.36,-68.32,39.04,87.84,-73.2,-14.64,-19.52,-97.6,-73.2,-78.08,-92.72,-92.72
-97.6,-53.68,43.92,78.08,-73.2,-4.88,-14.64,-87.84,-68.32,-82.96,-97.6,-97.6
-131.76,-78.08,53.68,107.36,-92.72,-14.64,-19.52,-92.72,-78.08,-82.96,-102.48,-102.48
-122,-68.32,53.68,97.6,-87.84,-9.76,-24.4,-97.6,-78.08,-82.96,-102.48,-102.48
-126.88,-82.96,43.92,107.36,-87.84,-19.52,-24.4,-92.72,-73.2,-78.08,-97.6,-102.48
-131.76,-87.84,43.92,112.24,-87.84,-24.4,-29.28,-102.48,-73.2,-78.08,-102.48,-102.48
-131.76,-78.08,53.68,107.36,-92.72,-14.64,-19.52,-92.72,-58.56,-68.32,-87.84,-92.72
-126.88,-87.84,39.04,107.36,-82.96,-24.4,-14.64,-87.84,-58.56,-63.44,-82.96,-87.84
-122,-73.2,48.8,97.6,-87.84,-14.64,-14.64,-87.84,-58.56,-68.32,-87.84,-92.72
-97.6,-53.68,43.92,78.08,-73.2,-4.88,-14.64,-73.2,-53.68,-63.44,-82.96,-87.84
-122,-68.32,53.68,97.6,-87.84,-9.76,-29.28,-78.08,-68.32,-78.08,-92.72,-97.6
-102.48,-68.32,34.16,87.84,-68.32,-19.52,-24.4,-73.2,-68.32,-82.96,-97.6,-102.48
-112.24,-73.2,39.04,92.72,-78.08,-19.52,-24.4,-78.08,-73.2,-82.96,-102.48,-107.36
-126.88,-68.32,58.56,97.6,-92.72,-4.88,-19.52,-68.32,-63.44,-78.08,-92.72,-92.72
-136.64,-73.2,63.44,107.36,-102.48,-4.88,-19.52,-73.2,-68.32,-82.96,-97.6,-97.6
-131.76,-82.96,48.8,107.36,-92.72,-19.52,-29.28,-82.96,-73.2,-82.96,-102.48,-107.36
-117.12,-63.44,53.68,92.72,-87.84,-4.88,-24.4,-73.2,-58.56,-73.2,-92.72,-92.72
-107.36,-43.92,63.44,78.08,-87.84,9.76,-9.76,-63.44,-53.68,-58.56,-82.96,-82.96
-117.12,-73.2,43.92,97.6,-82.96,-14.64,-19.52,-68.32,-58.56,-73.2,-92.72,-87.84
-126.88,-82.96,43.92,107.36,-87.84,-19.52,-29.28,-73.2,-63.44,-78.08,-92.72,-97.6
-122,-63.44,58.56,92.72,-92.72,-4.88,-19.52,-58.56,-58.56,-78.08,-87.84,-92.72
-126.88,-68.32,58.56,97.6,-92.72,-4.88,-19.52,-58.56,-63.44,-82.96,-97.6,-102.48
-126.88,-73.2,53.68,102.48,-92.72,-9.76,-24.4,-58.56,-68.32,-78.08,-97.6,-97.6
-117.12,-82.96,34.16,102.48,-78.08,-24.4,-34.16,-68.32,-73.2,-92.72,-102.48,-107.36
-97.6,-68.32,29.28,82.96,-63.44,-19.52,-24.4,-63.44,-73.2,-92.72,-97.6,-102.48
-122,-82.96,39.04,102.48,-82.96,-24.4,-19.52,-63.44,-68.32,-82.96,-97.6,-97.6
-161.04,-126.88,34.16,146.4,-97.6,-48.8,-34.16,-82.96,-87.84,-97.6,-102.48,-107.36
-122,-107.36,14.64,117.12,-68.32,-48.8,-24.4,-87.84,-87.84,-97.6,-102.48,-102.48
-107.36,-63.44,43.92,87.84,-78.08,-9.76,-19.52,-73.2,-68.32,-82.96,-87.84,-87.84
-126.88,-73.2,53.68,102.48,-92.72,-9.76,-19.52,-73.2,-68.32,-78.08,-82.96,-87.84
-146.4,-78.08,68.32,112.24,-107.36,-4.88,-14.64,-63.44,-73.2,-82.96,-82.96,-82.96
-151.28,-78.08,73.2,117.12,-112.24,-4.88,-24.4,-58.56,-78.08,-87.84,-87.84,-87.84
-122,-68.32,53.68,97.6,-87.84,-9.76,-29.28,-63.44,-82.96,-87.84,-92.72,-92.72
-151.28,-78.08,73.2,117.12,-112.24,-4.88,-24.4,-68.32,-82.96,-97.6,-102.48,-102.48
-161.04,-97.6,63.44,131.76,-112.24,-19.52,-29.28,-73.2,-92.72,-102.48,-102.48,-107.36
-136.64,-82.96,53.68,112.24,-97.6,-14.64,-24.4,-82.96,-87.84,-97.6,-97.6,-102.48
-141.52,-78.08,63.44,112.24,-102.48,-9.76,-24.4,-78.08,-73.2,-82.96,-87.84,-87.84
-141.52,-78.08,63.44,112.24,-102.48,-9.76,-24.4,-73.2,-73.2,-82.96,-82.96,-82.96
-161.04,-92.72,68.32,126.88,-117.12,-14.64,-34.16,-73.2,-82.96,-87.84,-92.72,-92.72
-146.4,-92.72,53.68,122,-102.48,-19.52,-39.04,-78.08,-87.84,-97.6,-97.6,-97.6
-146.4,-87.84,58.56,117.12,-102.48,-14.64,-39.04,-78.08,-102.48,-107.36,-102.48,-102.48
-146.4,-78.08,68.32,112.24,-107.36,-4.88,-34.16,-63.44,-92.72,-97.6,-97.6,-97.6
-126.88,-53.68,73.2,92.72,-102.48,9.76,-29.28,-63.44,-87.84,-102.48,-102.48,-97.6
-141.52,-73.2,68.32,107.36,-107.36,-4.88,-29.28,-73.2,-102.48,-117.12,-117.12,-112.24
-126.88,-68.32,58.56,97.6,-92.72,-4.88,-39.04,-87.84,-107.36,-126.88,-122,-117.12
-122,-63.44,58.56,92.72,-92.72,-4.88,-39.04,-92.72,-107.36,-117.12,-122,-122
-151.28,-68.32,82.96,112.24,-117.12,4.88,-39.04,-92.72,-102.48,-117.12,-122,-117.12
-180.56,-102.48,78.08,141.52,-131.76,-14.64,-39.04,-92.72,-117.12,-126.88,-122,-122
-161.04,-78.08,82.96,122,-122,0,-34.16,-78.08,-102.48,-117.12,-112.24,-107.36
-126.88,-68.32,58.56,97.6,-92.72,-4.88,-29.28,-78.08,-107.36,-117.12,-107.36,-102.48
-141.52,-97.6,43.92,122,-92.72,-29.28,-39.04,-87.84,-122,-126.88,-117.12,-117.12
-156.16,-102.48,53.68,131.76,-107.36,-24.4,-29.28,-78.08,-117.12,-122,-112.24,-107.36
-175.68,-102.48,73.2,141.52,-126.88,-14.64,-34.16,-92.72,-122,-131.76,-122,-117.12
-170.8,-112.24,58.56,141.52,-117.12,-29.28,-43.92,-92.72,-131.76,-141.52,-126.88,-122
-156.16,-107.36,48.8,131.76,-102.48,-29.28,-43.92,-87.84,-131.76,-136.64,-122,-117.12
-141.52,-102.48,39.04,122,-92.72,-34.16,-43.92,-92.72,-122,-131.76,-122,-112.24
-126.88,-97.6,29.28,112.24,-78.08,-34.16,-43.92,-92.72,-117.12,-122,-117.12,-112.24
-136.64,-92.72,43.92,117.12,-92.72,-24.4,-53.68,-97.6,-131.76,-131.76,-122,-112.24
-165.92,-102.48,63.44,136.64,-117.12,-19.52,-58.56,-107.36,-136.64,-136.64,-126.88,-117.12
-165.92,-102.48,63.44,136.64,-117.12,-19.52,-48.8,-102.48,-131.76,-131.76,-122,-112.24
-161.04,-107.36,53.68,136.64,-107.36,-29.28,-58.56,-107.36,-146.4,-146.4,-131.76,-117.12
-156.16,-102.48,53.68,131.76,-107.36,-24.4,-58.56,-112.24,-151.28,-156.16,-136.64,-122
-151.28,-82.96,68.32,117.12,-112.24,-9.76,-43.92,-102.48,-141.52,-146.4,-126.88,-117.12
-146.4,-92.72,53.68,122,-102.48,-19.52,-48.8,-107.36,-141.52,-146.4,-131.76,-117.12
-165.92,-112.24,53.68,141.52,-112.24,-29.28,-39.04,-97.6,-136.64,-141.52,-122,-112.24
-170.8,-112.24,58.56,141.52,-117.12,-29.28,-39.04,-107.36,-136.64,-146.4,-126.88,-112.24
-170.8,-117.12,53.68,146.4,-112.24,-34.16,-53.68,-117.12,-146.4,-151.28,-136.64,-126.88
-151.28,-92.72,58.56,122,-107.36,-19.52,-48.8,-102.48,-146.4,-151.28,-131.76,-122
-175.68,-107.36,68.32,141.52,-122,-19.52,-48.8,-107.36,-151.28,-156.16,-136.64,-126.88
-209.84,-126.88,82.96,170.8,-146.4,-24.4,-48.8,-107.36,-151.28,-156.16,-136.64,-126.88
-175.68,-102.48,73.2,141.52,-126.88,-14.64,-43.92,-102.48,-151.28,-156.16,-136.64,-131.76
-161.04,-97.6,63.44,131.76,-112.24,-19.52,-48.8,-102.48,-165.92,-170.8,-146.4,-131.76
-165.92,-97.6,68.32,131.76,-117.12,-14.64,-39.04,-97.6,-156.16,-161.04,-141.52,-126.88
-170.8,-97.6,73.2,136.64,-122,-14.64,-39.04,-87.84,-141.52,-151.28,-131.76,-117.12
-180.56,-122,58.56,151.28,-122,-34.16,-43.92,-97.6,-151.28,-161.04,-141.52,-126.88
-185.44,-126.88,58.56,156.16,-122,-34.16,-53.68,-117.12,-161.04,-170.8,-151.28,-141.52
-195.2,-141.52,53.68,170.8,-126.88,-43.92,-58.56,-122,-165.92,-165.92,-146.4,-141.52
-175.68,-112.24,63.44,146.4,-122,-24.4,-58.56,-112.24,-165.92,-165.92,-136.64,-126.88
-156.16,-92.72,63.44,126.88,-112.24,-14.64,-58.56,-117.12,-165.92,-170.8,-141.52,-131.76
-161.04,-92.72,68.32,126.88,-117.12,-14.64,-63.44,-117.12,-161.04,-165.92,-146.4,-131.76
-151.28,-87.84,63.44,122,-107.36,-14.64,-63.44,-122,-170.8,-180.56,-151.28,-136.64
-141.52,-92.72,48.8,117.12,-97.6,-24.4,-58.56,-117.12,-165.92,-180.56,-146.4,-131.76
-185.44,-102.48,82.96,146.4,-136.64,-9.76,-53.68,-107.36,-156.16,-165.92,-141.52,-126.88
-209.84,-122,87.84,165.92,-151.28,-19.52,-58.56,-107.36,-161.04,-170.8,-146.4,-131.76
-214.72,-117.12,97.6,165.92,-156.16,-9.76,-48.8,-102.48,-161.04,-165.92,-141.52,-126.88
-195.2,-107.36,87.84,151.28,-141.52,-9.76,-43.92,-97.6,-151.28,-151.28,-131.76,-117.12
-180.56,-117.12,63.44,151.28,-122,-29.28,-58.56,-117.12,-165.92,-165.92,-146.4,-131.76
-195.2,-117.12,78.08,156.16,-136.64,-19.52,-63.44,-117.12,-170.8,-165.92,-141.52,-131.76
-185.44,-102.48,82.96,146.4,-136.64,-9.76,-58.56,-112.24,-170.8,-165.92,-146.4,-131.76
-175.68,-97.6,78.08,136.64,-126.88,-9.76,-58.56,-112.24,-165.92,-170.8,-141.52,-131.76
-170.8,-92.72,78.08,131.76,-126.88,-9.76,-68.32,-112.24,-175.68,-175.68,-146.4,-131.76
-165.92,-92.72,73.2,131.76,-122,-9.76,-68.32,-117.12,-180.56,-185.44,-151.28,-136.64
-161.04,-87.84,73.2,126.88,-117.12,-9.76,-63.44,-107.36,-170.8,-180.56,-146.4,-131.76
-180.56,-92.72,87.84,136.64,-136.64,-4.88,-58.56,-97.6,-170.8,-170.8,-141.52,-126.88
-195.2,-97.6,97.6,146.4,-146.4,0,-48.8,-92.72,-165.92,-170.8,-136.64,-126.88
-180.56,-97.6,82.96,141.52,-131.76,-9.76,-63.44,-107.36,-175.68,-185.44,-151.28,-136.64
-180.56,-102.48,78.08,141.52,-131.76,-14.64,-73.2,-117.12,-185.44,-185.44,-161.04,-141.52
-180.56,-107.36,73.2,146.4,-126.88,-19.52,-78.08,-122,-185.44,-190.32,-156.16,-141.52
-170.8,-107.36,63.44,141.52,-117.12,-24.4,-78.08,-126.88,-190.32,-195.2,-161.04,-141.52
-161.04,-82.96,78.08,122,-122,-4.88,-73.2,-117.12,-175.68,-185.44,-151.28,-131.76
-161.04,-97.6,63.44,131.76,-112.24,-19.52,-63.44,-107.36,-175.68,-185.44,-146.4,-126.88
-161.04,-97.6,63.44,131.76,-112.24,-19.52,-58.56,-97.6,-185.44,-185.44,-146.4,-131.76
-175.68,-78.08,97.6,126.88,-136.64,9.76,-43.92,-87.84,-175.68,-175.68,-146.4,-131.76
-204.96,-102.48,102.48,156.16,-156.16,0,-48.8,-87.84,-175.68,-180.56,-151.28,-131.76
-170.8,-92.72,78.08,131.76,-126.88,-9.76,-48.8,-97.6,-180.56,-185.44,-156.16,-136.64
-161.04,-87.84,73.2,126.88,-117.12,-9.76,-48.8,-92.72,-175.68,-175.68,-151.28,-136.64
-146.4,-87.84,58.56,117.12,-102.48,-14.64,-58.56,-102.48,-175.68,-185.44,-151.28,-136.64
-151.28,-82.96,68.32,117.12,-112.24,-9.76,-73.2,-112.24,-185.44,-195.2,-156.16,-136.64
-161.04,-92.72,68.32,126.88,-117.12,-14.64,-73.2,-112.24,-185.44,-200.08,-161.04,-146.4
-190.32,-112.24,78.08,151.28,-136.64,-19.52,-73.2,-112.24,-185.44,-195.2,-151.28,-141.52
-190.32,-112.24,78.08,151.28,-136.64,-19.52,-78.08,-112.24,-200.08,-204.96,-161.04,-151.28
-180.56,-107.36,73.2,146.4,-126.88,-19.52,-63.44,-107.36,-195.2,-200.08,-156.16,-146.4
-175.68,-102.48,73.2,141.52,-126.88,-14.64,-63.44,-107.36,-195.2,-195.2,-151.28,-146.4
-195.2,-102.48,92.72,151.28,-146.4,-4.88,-58.56,-102.48,-185.44,-190.32,-146.4,-131.76
-175.68,-78.08,97.6,126.88,-136.64,9.76,-58.56,-97.6,-190.32,-185.44,-146.4,-136.64
-161.04,-63.44,97.6,112.24,-131.76,14.64,-53.68,-92.72,-175.68,-180.56,-136.64,-126.88
-161.04,-63.44,97.6,112.24,-131.76,14.64,-48.8,-92.72,-170.8,-175.68,-136.64,-126.88
-165.92,-73.2,92.72,122,-131.76,9.76,-48.8,-92.72,-175.68,-175.68,-131.76,-117.12
-175.68,-82.96,92.72,131.76,-136.64,4.88,-48.8,-92.72,-185.44,-180.56,-136.64,-126.88
-185.44,-78.08,107.36,131.76,-146.4,14.64,-48.8,-82.96,-175.68,-175.68,-131.76,-122
-156.16,-53.68,102.48,107.36,-131.76,24.4,-43.92,-68.32,-165.92,-170.8,-126.88,-112.24
-165.92,-53.68,112.24,112.24,-141.52,29.28,-34.16,-53.68,-156.16,-170.8,-117.12,-107.36
-161.04,-39.04,122,102.48,-141.52,39.04,-39.04,-58.56,-165.92,-175.68,-126.88,-107.36
-146.4,-9.76,136.64,78.08,-141.52,63.44,-29.28,-48.8,-156.16,-170.8,-117.12,-102.48
-195.2,-63.44,131.76,131.76,-165.92,34.16,-43.92,-63.44,-165.92,-185.44,-131.76,-122
-156.16,-53.68,102.48,107.36,-131.76,24.4,-34.16,-53.68,-161.04,-170.8,-122,-112.24
-141.52,-43.92,97.6,92.72,-122,24.4,-39.04,-63.44,-165.92,-170.8,-122,-112.24
-165.92,-63.44,102.48,117.12,-136.64,19.52,-48.8,-73.2,-175.68,-180.56,-126.88,-112.24
-131.76,-34.16,97.6,82.96,-117.12,29.28,-39.04,-63.44,-165.92,-175.68,-117.12,-107.36
-146.4,-29.28,117.12,87.84,-131.76,43.92,-19.52,-48.8,-156.16,-156.16,-102.48,-92.72
-141.52,-9.76,131.76,78.08,-136.64,58.56,-4.88,-29.28,-146.4,-146.4,-97.6,-87.84
-156.16,-19.52,136.64,87.84,-146.4,58.56,-9.76,-34.16,-156.16,-165.92,-107.36,-102.48
-165.92,-34.16,131.76,102.48,-151.28,48.8,-9.76,-29.28,-151.28,-165.92,-117.12,-107.36
-146.4,-19.52,126.88,82.96,-136.64,53.68,-4.88,-19.52,-151.28,-161.04,-112.24,-102.48
-146.4,-14.64,131.76,82.96,-141.52,58.56,-9.76,-24.4,-156.16,-161.04,-117.12,-107.36
-131.76,-19.52,112.24,78.08,-122,43.92,-9.76,-19.52,-141.52,-156.16,-107.36,-97.6
-122,-4.88,117.12,63.44,-122,53.68,-9.76,-9.76,-126.88,-136.64,-92.72,-82.96
-107.36,14.64,122,48.8,-117.12,68.32,-19.52,-14.64,-126.88,-136.64,-87.84,-78.08
-102.48,34.16,136.64,34.16,-122,82.96,-19.52,-19.52,-126.88,-136.64,-82.96,-73.2
-112.24,14.64,126.88,48.8,-122,68.32,-43.92,-29.28,-141.52,-146.4,-92.72,-82.96
-112.24,19.52,131.76,48.8,-122,73.2,-48.8,-29.28,-146.4,-151.28,-92.72,-78.08
-102.48,24.4,126.88,39.04,-117.12,73.2,-58.56,-29.28,-146.4,-151.28,-92.72,-78.08
-112.24,4.88,117.12,53.68,-117.12,58.56,-68.32,-39.04,-156.16,-165.92,-97.6,-87.84
-126.88,-19.52,107.36,73.2,-117.12,43.92,-82.96,-43.92,-161.04,-170.8,-107.36,-97.6
-87.84,14.64,102.48,39.04,-97.6,58.56,-87.84,-48.8,-161.04,-161.04,-97.6,-82.96
-73.2,24.4,97.6,24.4,-87.84,58.56,-102.48,-63.44,-170.8,-175.68,-107.36,-87.84
-48.8,48.8,97.6,0,-73.2,73.2,-102.48,-73.2,-170.8,-170.8,-102.48,-82.96
-24.4,82.96,107.36,-29.28,-68.32,92.72,-92.72,-53.68,-156.16,-151.28,-82.96,-68.32
-48.8,63.44,112.24,-4.88,-82.96,87.84,-87.84,-48.8,-151.28,-156.16,-82.96,-68.32
-63.44,39.04,102.48,14.64,-82.96,68.32,-82.96,-39.04,-151.28,-146.4,-73.2,-63.44
-63.44,29.28,92.72,19.52,-78.08,58.56,-82.96,-43.92,-161.04,-156.16,-82.96,-78.08
-48.8,34.16,82.96,9.76,-68.32,58.56,-87.84,-53.68,-165.92,-165.92,-92.72,-87.84
-53.68,24.4,78.08,14.64,-68.32,48.8,-92.72,-63.44,-180.56,-180.56,-107.36,-102.48
-82.96,-14.64,68.32,48.8,-78.08,24.4,-97.6,-68.32,-190.32,-195.2,-117.12,-112.24
-87.84,-14.64,73.2,53.68,-82.96,29.28,-97.6,-78.08,-200.08,-200.08,-126.88,-117.12
-68.32,-9.76,58.56,39.04,-63.44,24.4,-97.6,-82.96,-200.08,-200.08,-126.88,-112.24
-87.84,-19.52,68.32,53.68,-78.08,24.4,-97.6,-82.96,-204.96,-209.84,-122,-112.24
-58.56,4.88,63.44,29.28,-63.44,34.16,-87.84,-78.08,-204.96,-200.08,-112.24,-102.48
-68.32,9.76,78.08,29.28,-73.2,43.92,-92.72,-78.08,-209.84,-200.08,-122,-102.48
-63.44,4.88,68.32,29.28,-68.32,34.16,-102.48,-87.84,-214.72,-214.72,-136.64,-117.12
-78.08,19.52,97.6,29.28,-87.84,58.56,-102.48,-87.84,-224.48,-219.6,-136.64,-117.12
-73.2,14.64,87.84,29.28,-82.96,48.8,-97.6,-78.08,-224.48,-219.6,-136.64,-117.12
-73.2,-9.76,63.44,43.92,-68.32,24.4,-97.6,-82.96,-219.6,-219.6,-141.52,-122
-82.96,-4.88,78.08,43.92,-82.96,34.16,-82.96,-73.2,-214.72,-224.48,-141.52,-126.88
-82.96,4.88,87.84,39.04,-87.84,43.92,-82.96,-73.2,-224.48,-224.48,-146.4,-131.76
-87.84,14.64,102.48,39.04,-97.6,58.56,-68.32,-58.56,-209.84,-214.72,-131.76,-117.12
-97.6,14.64,112.24,43.92,-107.36,63.44,-78.08,-68.32,-209.84,-214.72,-131.76,-117.12
-117.12,-9.76,107.36,63.44,-112.24,48.8,-82.96,-78.08,-229.36,-229.36,-141.52,-126.88
-102.48,0,102.48,53.68,-102.48,48.8,-87.84,-82.96,-234.24,-229.36,-141.52,-131.76
-102.48,-4.88,97.6,53.68,-102.48,43.92,-82.96,-82.96,-234.24,-234.24,-151.28,-141.52
-107.36,0,107.36,53.68,-107.36,53.68,-78.08,-82.96,-234.24,-234.24,-146.4,-136.64
-112.24,0,112.24,58.56,-112.24,53.68,-82.96,-87.84,-244,-248.88,-151.28,-141.52
-107.36,0,107.36,53.68,-107.36,53.68,-87.84,-78.08,-244,-234.24,-146.4,-141.52
-97.6,14.64,112.24,43.92,-107.36,63.44,-78.08,-73.2,-229.36,-239.12,-146.4,-141.52
-97.6,9.76,107.36,43.92,-102.48,58.56,-73.2,-68.32,-234.24,-239.12,-151.28,-146.4
-126.88,-34.16,92.72,82.96,-112.24,29.28,-87.84,-82.96,-248.88,-258.64,-175.68,-161.04
-97.6,4.88,102.48,48.8,-102.48,53.68,-73.2,-58.56,-234.24,-244,-161.04,-141.52
-102.48,0,102.48,53.68,-102.48,48.8,-78.08,-63.44,-234.24,-244,-156.16,-136.64
-102.48,-9.76,92.72,58.56,-97.6,39.04,-92.72,-82.96,-248.88,-248.88,-161.04,-146.4
-107.36,-14.64,92.72,63.44,-102.48,39.04,-92.72,-87.84,-248.88,-253.76,-156.16,-141.52
-122,-29.28,92.72,78.08,-107.36,29.28,-102.48,-87.84,-253.76,-258.64,-165.92,-151.28
-97.6,4.88,102.48,48.8,-102.48,53.68,-87.84,-68.32,-248.88,-253.76,-161.04,-141.52
-73.2,39.04,112.24,19.52,-92.72,73.2,-68.32,-53.68,-224.48,-234.24,-146.4,-131.76
-78.08,29.28,107.36,24.4,-92.72,68.32,-73.2,-53.68,-234.24,-244,-151.28,-131.76
-97.6,14.64,112.24,43.92,-107.36,63.44,-78.08,-63.44,-234.24,-248.88,-156.16,-141.52
-102.48,0,102.48,53.68,-102.48,48.8,-82.96,-78.08,-239.12,-248.88,-161.04,-146.4
-82.96,24.4,107.36,29.28,-97.6,63.44,-73.2,-68.32,-229.36,-244,-156.16,-136.64
-73.2,29.28,102.48,24.4,-87.84,63.44,-78.08,-63.44,-224.48,-239.12,-151.28,-136.64
-102.48,14.64,117.12,43.92,-112.24,63.44,-78.08,-63.44,-224.48,-234.24,-146.4,-126.88
-97.6,19.52,117.12,39.04,-107.36,68.32,-68.32,-58.56,-219.6,-229.36,-131.76,-117.12
-97.6,14.64,112.24,43.92,-107.36,63.44,-73.2,-53.68,-224.48,-234.24,-136.64,-126.88
-97.6,4.88,102.48,48.8,-102.48,53.68,-58.56,-39.04,-209.84,-224.48,-141.52,-126.88
-102.48,-9.76,92.72,58.56,-97.6,39.04,-48.8,-29.28,-224.48,-244,-165.92,-151.28
-107.36,-34.16,73.2,73.2,-92.72,19.52,-39.04,-9.76,-229.36,-263.52,-195.2,-185.44
-87.84,-39.04,48.8,63.44,-68.32,4.88,0,29.28,-214.72,-273.28,-219.6,-204.96
-92.72,-48.8,43.92,73.2,-68.32,-4.88,39.04,73.2,-185.44,-263.52,-219.6,-214.72
-117.12,-73.2,43.92,97.6,-82.96,-14.64,53.68,117.12,-161.04,-244,-219.6,-219.6
-117.12,-73.2,43.92,97.6,-82.96,-14.64,68.32,156.16,-112.24,-219.6,-209.84,-219.6
-122,-68.32,53.68,97.6,-87.84,-9.76,87.84,219.6,-48.8,-165.92,-175.68,-195.2
-82.96,-78.08,4.88,82.96,-43.92,-39.04,92.72,278.16,0,-131.76,-161.04,-180.56
-29.28,-78.08,-48.8,53.68,9.76,-63.44,78.08,331.84,53.68,-73.2,-117.12,-151.28
73.2,-34.16,-107.36,-19.52,87.84,-73.2,58.56,405.04,156.16,34.16,-19.52,-68.32
229.36,48.8,-180.56,-136.64,204.96,-68.32,14.64,439.2,253.76,170.8,97.6,43.92
370.88,131.76,-239.12,-248.88,302.56,-53.68,-34.16,424.56,341.6,302.56,229.36,165.92
502.64,214.72,-287.92,-356.24,395.28,-39.04,-126.88,356.24,419.68,453.84,390.4,317.2
614.88,297.68,-317.2,-453.84,463.6,-9.76,-234.24,278.16,497.76,629.52,575.84,492.88
727.12,405.04,-322.08,-566.08,522.16,39.04,-336.72,180.56,570.96,800.32,766.16,673.44
785.68,488,-297.68,-634.4,541.68,92.72,-429.44,78.08,614.88,936.96,927.2,834.48
849.12,570.96,-278.16,-707.6,561.2,146.4,-517.28,-48.8,644.16,1054.08,1073.6,976
902.8,692.96,-209.84,-795.44,556.32,239.12,-570.96,-126.88,688.08,1166.32,1220,1117.52
912.56,814.96,-97.6,-863.76,502.64,356.24,-600.24,-170.8,761.28,1293.2,1346.88,1239.52
834.48,932.08,97.6,-883.28,366,512.4,-644.16,-283.04,766.16,1342,1424.96,1317.6
732,1039.44,307.44,-883.28,209.84,673.44,-688.08,-414.8,712.48,1322.48,1464,1371.28
619.76,1049.2,429.44,-834.48,92.72,736.88,-756.4,-580.72,517.28,1112.64,1332.24,1278.56
473.36,956.48,483.12,-712.48,-4.88,717.36,-800.32,-741.76,239.12,795.44,1068.72,1063.84
336.72,780.8,444.08,-556.32,-53.68,610,-810.08,-883.28,-87.84,380.64,697.84,751.52
170.8,610,439.2,-390.4,-136.64,522.16,-800.32,-1039.44,-424.56,-29.28,336.72,444.08
-9.76,522.16,531.92,-253.76,-273.28,527.04,-756.4,-1166.32,-692.96,-346.48,73.2,219.6
-161.04,409.92,570.96,-122,-366,488,-717.36,-1234.64,-907.68,-600.24,-131.76,39.04
-248.88,317.2,566.08,-34.16,-409.92,439.2,-688.08,-1249.28,-1019.92,-756.4,-278.16,-107.36
-268.4,229.36,497.76,19.52,-385.52,361.12,-649.04,-1171.2,-1029.68,-800.32,-366,-204.96
-273.28,112.24,385.52,82.96,-331.84,248.88,-614.88,-1058.96,-985.76,-805.2,-419.68,-278.16
-214.72,68.32,283.04,73.2,-248.88,175.68,-566.08,-932.08,-902.8,-761.28,-429.44,-302.56
-170.8,43.92,214.72,63.44,-195.2,126.88,-483.12,-771.04,-771.04,-658.8,-380.64,-273.28
-195.2,-39.04,156.16,117.12,-175.68,58.56,-419.68,-639.28,-658.8,-566.08,-336.72,-253.76
-190.32,-29.28,161.04,112.24,-175.68,63.44,-361.12,-541.68,-575.84,-507.52,-297.68,-229.36
-122,24.4,146.4,48.8,-136.64,82.96,-287.92,-434.32,-483.12,-429.44,-244,-185.44
-78.08,43.92,122,19.52,-102.48,82.96,-239.12,-341.6,-405.04,-370.88,-209.84,-165.92
-63.44,53.68,117.12,4.88,-92.72,82.96,-190.32,-253.76,-346.48,-322.08,-180.56,-141.52
-92.72,53.68,146.4,19.52,-122,97.6,-146.4,-170.8,-292.8,-292.8,-165.92,-131.76
-97.6,43.92,141.52,29.28,-122,92.72,-107.36,-117.12,-258.64,-268.4,-161.04,-131.76
-117.12,14.64,131.76,53.68,-126.88,73.2,-73.2,-63.44,-214.72,-239.12,-146.4,-126.88
-112.24,4.88,117.12,53.68,-117.12,58.56,-63.44,-34.16,-195.2,-229.36,-151.28,-131.76
-102.48,0,102.48,53.68,-102.48,48.8,-53.68,-19.52,-175.68,-219.6,-141.52,-126.88
-92.72,4.88,97.6,43.92,-97.6,48.8,-43.92,-14.64,-170.8,-200.08,-136.64,-126.88
-92.72,-4.88,87.84,48.8,-92.72,39.04,-48.8,-9.76,-165.92,-204.96,-136.64,-122
-82.96,0,82.96,43.92,-82.96,39.04,-43.92,-4.88,-161.04,-195.2,-136.64,-122
-117.12,-4.88,112.24,63.44,-117.12,53.68,-34.16,0,-156.16,-195.2,-131.76,-122
-126.88,-9.76,117.12,68.32,-122,53.68,-29.28,19.52,-161.04,-190.32,-131.76,-122
-102.48,9.76,112.24,48.8,-107.36,58.56,-14.64,34.16,-151.28,-190.32,-126.88,-117.12
-92.72,9.76,102.48,43.92,-97.6,53.68,-9.76,39.04,-146.4,-190.32,-136.64,-131.76
-92.72,0,92.72,48.8,-92.72,43.92,-14.64,43.92,-141.52,-185.44,-141.52,-131.76
-68.32,4.88,73.2,34.16,-73.2,39.04,-14.64,48.8,-141.52,-185.44,-141.52,-131.76
-78.08,-4.88,73.2,43.92,-78.08,34.16,-14.64,43.92,-131.76,-180.56,-141.52,-131.76
-112.24,-19.52,92.72,68.32,-102.48,34.16,-4.88,58.56,-112.24,-161.04,-122,-117.12
-122,-34.16,87.84,78.08,-107.36,24.4,-9.76,53.68,-122,-161.04,-122,-122
-107.36,-19.52,87.84,63.44,-97.6,34.16,-4.88,53.68,-117.12,-165.92,-122,-117.12
-63.44,19.52,82.96,24.4,-73.2,48.8,0,58.56,-112.24,-161.04,-117.12,-112.24
-68.32,14.64,82.96,29.28,-78.08,48.8,4.88,73.2,-112.24,-161.04,-117.12,-112.24
-107.36,-9.76,97.6,58.56,-102.48,43.92,-9.76,68.32,-122,-170.8,-126.88,-122
-97.6,-29.28,68.32,63.44,-82.96,19.52,-9.76,68.32,-117.12,-170.8,-131.76,-131.76
-102.48,-34.16,68.32,68.32,-87.84,14.64,-14.64,68.32,-117.12,-170.8,-136.64,-126.88
-107.36,-29.28,78.08,68.32,-92.72,24.4,-9.76,78.08,-107.36,-156.16,-131.76,-122
-87.84,9.76,97.6,39.04,-92.72,53.68,4.88,78.08,-87.84,-141.52,-117.12,-107.36
-68.32,4.88,73.2,34.16,-73.2,39.04,4.88,73.2,-82.96,-131.76,-107.36,-107.36
-87.84,-19.52,68.32,53.68,-78.08,24.4,4.88,78.08,-78.08,-126.88,-92.72,-97.6
-87.84,-39.04,48.8,63.44,-68.32,4.88,-4.88,68.32,-87.84,-136.64,-102.48,-107.36
-97.6,-39.04,58.56,68.32,-78.08,9.76,-9.76,73.2,-82.96,-136.64,-102.48,-112.24
-107.36,-43.92,63.44,78.08,-87.84,9.76,-4.88,82.96,-92.72,-141.52,-107.36,-112.24
-97.6,-34.16,63.44,68.32,-82.96,14.64,-4.88,82.96,-87.84,-146.4,-107.36,-112.24
-63.44,-19.52,43.92,43.92,-53.68,9.76,-9.76,78.08,-87.84,-146.4,-112.24,-122
-58.56,-14.64,43.92,39.04,-53.68,14.64,-9.76,82.96,-87.84,-136.64,-107.36,-117.12
-87.84,-24.4,63.44,58.56,-78.08,19.52,-9.76,92.72,-78.08,-131.76,-102.48,-112.24
-87.84,-14.64,73.2,53.68,-82.96,29.28,0,97.6,-58.56,-112.24,-82.96,-92.72
-68.32,0,68.32,34.16,-68.32,34.16,0,97.6,-53.68,-102.48,-78.08,-92.72
-82.96,-19.52,63.44,53.68,-73.2,19.52,-4.88,92.72,-63.44,-107.36,-82.96,-92.72
-107.36,-34.16,73.2,73.2,-92.72,19.52,4.88,92.72,-58.56,-107.36,-82.96,-87.84
-92.72,-19.52,73.2,58.56,-82.96,24.4,4.88,107.36,-48.8,-102.48,-78.08,-87.84
-63.44,-4.88,58.56,34.16,-63.44,24.4,4.88,112.24,-53.68,-102.48,-78.08,-87.84
-58.56,4.88,63.44,29.28,-63.44,34.16,4.88,117.12,-43.92,-107.36,-78.08,-87.84
-68.32,-4.88,63.44,39.04,-68.32,29.28,0,117.12,-43.92,-107.36,-87.84,-92.72
-58.56,-9.76,48.8,34.16,-53.68,19.52,0,122,-43.92,-97.6,-78.08,-87.84
-29.28,-4.88,24.4,19.52,-29.28,9.76,0,122,-39.04,-102.48,-78.08,-87.84
-24.4,-9.76,14.64,19.52,-19.52,0,-9.76,112.24,-39.04,-102.48,-82.96,-92.72
-34.16,19.52,53.68,9.76,-43.92,34.16,14.64,131.76,-14.64,-68.32,-58.56,-68.32
-63.44,29.28,92.72,19.52,-78.08,58.56,14.64,136.64,-14.64,-63.44,-48.8,-53.68
-53.68,19.52,73.2,19.52,-63.44,43.92,14.64,136.64,-4.88,-58.56,-43.92,-53.68
-9.76,73.2,82.96,-29.28,-48.8,78.08,34.16,165.92,19.52,-34.16,-14.64,-29.28
14.64,73.2,58.56,-43.92,-24.4,63.44,34.16,170.8,4.88,-39.04,-19.52,-39.04
14.64,68.32,53.68,-39.04,-19.52,58.56,24.4,165.92,4.88,-53.68,-29.28,-48.8
24.4,68.32,43.92,-43.92,-9.76,53.68,34.16,175.68,14.64,-43.92,-29.28,-43.92
4.88,43.92,39.04,-24.4,-19.52,39.04,24.4,180.56,9.76,-43.92,-29.28,-43.92
9.76,48.8,39.04,-29.28,-14.64,43.92,29.28,185.44,19.52,-39.04,-24.4,-39.04
24.4,53.68,29.28,-39.04,-4.88,39.04,24.4,190.32,39.04,-24.4,-14.64,-34.16
29.28,78.08,48.8,-53.68,-9.76,63.44,34.16,204.96,58.56,0,4.88,-14.64
43.92,97.6,53.68,-68.32,-4.88,73.2,29.28,195.2,48.8,-4.88,9.76,-14.64
58.56,87.84,29.28,-73.2,14.64,58.56,24.4,195.2,53.68,0,4.88,-14.64
58.56,92.72,34.16,-73.2,9.76,63.44,34.16,209.84,73.2,14.64,24.4,4.88
39.04,82.96,43.92,-58.56,-4.88,63.44,39.04,229.36,73.2,19.52,24.4,4.88
34.16,73.2,39.04,-53.68,-4.88,53.68,34.16,214.72,58.56,0,4.88,-14.64
58.56,92.72,34.16,-73.2,9.76,63.44,48.8,229.36,73.2,9.76,9.76,-4.88
53.68,82.96,29.28,-68.32,9.76,53.68,53.68,248.88,82.96,24.4,24.4,4.88
53.68,78.08,24.4,-63.44,14.64,48.8,53.68,253.76,92.72,29.28,24.4,4.88
87.84,78.08,-9.76,-82.96,48.8,34.16,43.92,248.88,102.48,29.28,19.52,4.88
92.72,63.44,-29.28,-78.08,58.56,14.64,34.16,248.88,102.48,43.92,24.4,9.76
68.32,68.32,0,-68.32,34.16,34.16,39.04,268.4,122,58.56,43.92,29.28
82.96,82.96,0,-82.96,39.04,39.04,43.92,278.16,131.76,68.32,53.68,34.16
117.12,102.48,-14.64,-107.36,63.44,43.92,43.92,283.04,146.4,78.08,63.44,39.04
107.36,107.36,0,-107.36,53.68,53.68,53.68,307.44,156.16,92.72,73.2,48.8
92.72,107.36,14.64,-97.6,39.04,58.56,58.56,317.2,165.92,92.72,78.08,48.8
92.72,73.2,-19.52,-82.96,53.68,24.4,48.8,312.32,161.04,87.84,63.44,39.04
107.36,82.96,-24.4,-92.72,63.44,29.28,43.92,317.2,165.92,97.6,68.32,43.92
122,92.72,-29.28,-107.36,73.2,29.28,43.92,322.08,175.68,112.24,73.2,48.8
136.64,107.36,-29.28,-122,82.96,39.04,39.04,331.84,190.32,122,82.96,53.68
161.04,112.24,-48.8,-136.64,102.48,29.28,43.92,346.48,209.84,151.28,107.36,82.96
156.16,102.48,-53.68,-126.88,102.48,24.4,48.8,356.24,219.6,156.16,117.12,87.84
151.28,112.24,-39.04,-131.76,92.72,34.16,43.92,361.12,224.48,161.04,117.12,92.72
156.16,117.12,-39.04,-136.64,97.6,39.04,39.04,361.12,239.12,165.92,126.88,97.6
175.68,122,-53.68,-146.4,112.24,34.16,43.92,385.52,244,185.44,136.64,102.48
190.32,136.64,-53.68,-161.04,122,39.04,43.92,390.4,253.76,190.32,136.64,107.36
204.96,136.64,-68.32,-170.8,136.64,34.16,43.92,405.04,268.4,209.84,141.52,112.24
200.08,122,-78.08,-161.04,136.64,19.52,34.16,409.92,273.28,209.84,146.4,107.36
195.2,122,-73.2,-156.16,131.76,24.4,34.16,414.8,287.92,219.6,146.4,112.24
190.32,146.4,-43.92,-165.92,117.12,48.8,48.8,434.32,312.32,253.76,175.68,141.52
234.24,175.68,-58.56,-204.96,146.4,58.56,53.68,448.96,331.84,278.16,204.96,165.92
253.76,170.8,-82.96,-209.84,165.92,43.92,34.16,444.08,336.72,278.16,209.84,165.92
258.64,170.8,-87.84,-214.72,170.8,39.04,39.04,453.84,356.24,292.8,219.6,175.68
248.88,161.04,-87.84,-204.96,165.92,34.16,34.16,453.84,366,302.56,234.24,180.56
248.88,151.28,-97.6,-200.08,170.8,24.4,48.8,478.24,375.76,322.08,248.88,200.08
263.52,165.92,-97.6,-214.72,180.56,34.16,53.68,488,385.52,331.84,258.64,209.84
268.4,151.28,-117.12,-209.84,190.32,14.64,39.04,483.12,385.52,336.72,248.88,200.08
292.8,175.68,-117.12,-234.24,204.96,29.28,29.28,492.88,390.4,341.6,253.76,204.96
307.44,200.08,-107.36,-253.76,204.96,43.92,39.04,502.64,414.8,361.12,273.28,219.6
326.96,214.72,-112.24,-268.4,219.6,48.8,39.04,502.64,424.56,370.88,278.16,229.36
336.72,209.84,-126.88,-273.28,229.36,39.04,29.28,497.76,424.56,380.64,283.04,239.12
317.2,195.2,-122,-253.76,219.6,34.16,24.4,497.76,429.44,390.4,302.56,244
322.08,195.2,-126.88,-258.64,224.48,34.16,29.28,497.76,439.2,395.28,307.44,248.88
336.72,214.72,-122,-273.28,229.36,43.92,24.4,497.76,434.32,390.4,307.44,248.88
331.84,204.96,-126.88,-268.4,229.36,39.04,19.52,502.64,429.44,385.52,302.56,244
322.08,190.32,-131.76,-253.76,224.48,29.28,19.52,497.76,429.44,375.76,297.68,244
322.08,200.08,-122,-258.64,219.6,39.04,29.28,497.76,439.2,395.28,307.44,258.64
322.08,219.6,-102.48,-268.4,209.84,58.56,34.16,517.28,448.96,414.8,317.2,268.4
336.72,224.48,-112.24,-278.16,224.48,53.68,39.04,512.4,453.84,419.68,326.96,268.4
336.72,214.72,-122,-273.28,229.36,43.92,19.52,492.88,439.2,400.16,312.32,253.76
361.12,219.6,-141.52,-287.92,248.88,39.04,4.88,473.36,434.32,400.16,302.56,244
351.36,219.6,-131.76,-283.04,239.12,43.92,9.76,473.36,434.32,395.28,312.32,253.76
326.96,219.6,-107.36,-273.28,214.72,53.68,19.52,478.24,448.96,409.92,326.96,268.4
317.2,219.6,-97.6,-268.4,204.96,58.56,34.16,492.88,458.72,424.56,346.48,292.8
297.68,190.32,-107.36,-244,200.08,39.04,19.52,473.36,439.2,409.92,326.96,273.28
312.32,200.08,-112.24,-253.76,209.84,43.92,14.64,468.48,424.56,390.4,312.32,273.28
322.08,209.84,-112.24,-263.52,214.72,48.8,19.52,458.72,419.68,385.52,307.44,263.52
312.32,209.84,-102.48,-258.64,204.96,53.68,19.52,453.84,409.92,370.88,302.56,258.64
326.96,204.96,-122,-263.52,224.48,39.04,19.52,439.2,395.28,366,292.8,248.88
312.32,195.2,-117.12,-253.76,214.72,39.04,9.76,405.04,370.88,336.72,273.28,229.36
278.16,180.56,-97.6,-229.36,185.44,39.04,14.64,390.4,361.12,331.84,268.4,219.6
253.76,204.96,-48.8,-229.36,151.28,78.08,29.28,400.16,366,341.6,283.04,239.12
258.64,200.08,-58.56,-229.36,156.16,68.32,34.16,380.64,361.12,331.84,273.28,234.24
244,185.44,-58.56,-214.72,151.28,63.44,34.16,370.88,346.48,307.44,258.64,224.48
219.6,170.8,-48.8,-195.2,131.76,58.56,34.16,356.24,317.2,287.92,239.12,204.96
209.84,156.16,-53.68,-180.56,131.76,48.8,19.52,331.84,292.8,248.88,204.96,175.68
200.08,156.16,-43.92,-175.68,122,53.68,24.4,322.08,278.16,234.24,195.2,175.68
190.32,161.04,-29.28,-175.68,107.36,63.44,24.4,302.56,253.76,214.72,185.44,156.16
175.68,156.16,-19.52,-165.92,97.6,68.32,29.28,292.8,239.12,204.96,175.68,151.28
156.16,141.52,-14.64,-146.4,82.96,63.44,34.16,273.28,229.36,190.32,161.04,141.52
141.52,131.76,-9.76,-136.64,73.2,58.56,39.04,258.64,214.72,180.56,161.04,136.64
141.52,136.64,-4.88,-136.64,73.2,63.44,34.16,234.24,190.32,156.16,141.52,122
136.64,117.12,-19.52,-126.88,78.08,48.8,24.4,219.6,170.8,136.64,122,102.48
97.6,92.72,-4.88,-92.72,48.8,43.92,24.4,204.96,146.4,112.24,102.48,87.84
92.72,87.84,-4.88,-87.84,48.8,39.04,24.4,190.32,131.76,97.6,97.6,87.84
97.6,97.6,0,-97.6,48.8,48.8,34.16,190.32,122,78.08,82.96,73.2
48.8,73.2,24.4,-58.56,9.76,48.8,19.52,165.92,97.6,58.56,58.56,53.68
43.92,68.32,24.4,-53.68,9.76,43.92,34.16,170.8,97.6,53.68,58.56,48.8
58.56,63.44,4.88,-58.56,24.4,34.16,29.28,141.52,73.2,29.28,43.92,34.16
48.8,53.68,4.88,-48.8,19.52,29.28,24.4,122,68.32,24.4,34.16,24.4
58.56,73.2,14.64,-63.44,19.52,43.92,34.16,117.12,68.32,24.4,39.04,24.4
53.68,68.32,14.64,-58.56,19.52,39.04,24.4,102.48,48.8,9.76,24.4,19.52
43.92,78.08,34.16,-58.56,4.88,53.68,34.16,102.48,43.92,9.76,24.4,14.64
24.4,68.32,43.92,-43.92,-9.76,53.68,29.28,87.84,24.4,-14.64,9.76,4.88
-14.64,34.16,48.8,-9.76,-34.16,39.04,19.52,68.32,-4.88,-43.92,-9.76,-9.76
14.64,53.68,39.04,-34.16,-14.64,43.92,24.4,73.2,-4.88,-53.68,-19.52,-19.52
19.52,53.68,34.16,-34.16,-9.76,43.92,29.28,73.2,-9.76,-48.8,-19.52,-19.52
0,39.04,39.04,-19.52,-19.52,39.04,19.52,63.44,-19.52,-63.44,-29.28,-24.4
-4.88,43.92,48.8,-19.52,-29.28,43.92,19.52,53.68,-19.52,-63.44,-29.28,-34.16
-14.64,29.28,43.92,-4.88,-29.28,34.16,24.4,43.92,-14.64,-68.32,-29.28,-34.16
-4.88,24.4,29.28,-9.76,-19.52,24.4,19.52,39.04,-24.4,-68.32,-29.28,-34.16
14.64,43.92,29.28,-29.28,-9.76,34.16,29.28,43.92,-19.52,-63.44,-29.28,-24.4
-14.64,19.52,34.16,0,-24.4,24.4,19.52,29.28,-34.16,-73.2,-39.04,-39.04
-24.4,14.64,39.04,4.88,-34.16,24.4,14.64,24.4,-39.04,-82.96,-48.8,-43.92
-29.28,19.52,48.8,4.88,-39.04,34.16,14.64,19.52,-48.8,-87.84,-48.8,-48.8
-19.52,29.28,48.8,-4.88,-34.16,39.04,19.52,24.4,-53.68,-97.6,-58.56,-53.68
-19.52,29.28,48.8,-4.88,-34.16,39.04,19.52,24.4,-53.68,-97.6,-63.44,-53.68
-39.04,19.52,58.56,9.76,-48.8,39.04,9.76,19.52,-58.56,-117.12,-73.2,-63.44
-19.52,14.64,34.16,4.88,-29.28,24.4,14.64,19.52,-63.44,-112.24,-73.2,-63.44
19.52,48.8,29.28,-34.16,-4.88,39.04,9.76,9.76,-58.56,-117.12,-68.32,-58.56
9.76,29.28,19.52,-19.52,-4.88,24.4,9.76,14.64,-58.56,-102.48,-58.56,-48.8
-14.64,24.4,39.04,-4.88,-29.28,29.28,14.64,14.64,-48.8,-92.72,-48.8,-39.04
-19.52,9.76,29.28,4.88,-24.4,19.52,4.88,0,-58.56,-97.6,-58.56,-53.68
-34.16,-4.88,29.28,19.52,-34.16,9.76,4.88,-9.76,-63.44,-112.24,-68.32,-63.44
-48.8,14.64,63.44,19.52,-58.56,39.04,24.4,9.76,-53.68,-97.6,-58.56,-48.8
-48.8,9.76,58.56,19.52,-53.68,34.16,19.52,4.88,-58.56,-107.36,-58.56,-53.68
-43.92,19.52,63.44,14.64,-53.68,39.04,19.52,4.88,-58.56,-112.24,-63.44,-58.56
-29.28,29.28,58.56,0,-43.92,43.92,24.4,14.64,-53.68,-112.24,-63.44,-58.56
-24.4,19.52,43.92,4.88,-34.16,29.28,24.4,9.76,-53.68,-102.48,-58.56,-58.56
-34.16,-14.64,19.52,24.4,-29.28,0,19.52,9.76,-53.68,-107.36,-63.44,-58.56
-19.52,0,19.52,9.76,-19.52,9.76,24.4,9.76,-53.68,-92.72,-53.68,-53.68
-19.52,9.76,29.28,4.88,-24.4,19.52,14.64,4.88,-63.44,-102.48,-58.56,-53.68
-34.16,14.64,48.8,9.76,-43.92,29.28,29.28,14.64,-48.8,-87.84,-43.92,-39.04
-14.64,4.88,19.52,4.88,-19.52,9.76,14.64,9.76,-58.56,-102.48,-58.56,-43.92
-39.04,-9.76,29.28,24.4,-34.16,9.76,24.4,19.52,-48.8,-87.84,-53.68,-43.92
-48.8,0,48.8,24.4,-48.8,24.4,29.28,19.52,-43.92,-87.84,-53.68,-39.04
-19.52,-4.88,14.64,14.64,-19.52,4.88,29.28,9.76,-58.56,-97.6,-63.44,-53.68
4.88,14.64,9.76,-9.76,-4.88,9.76,29.28,14.64,-53.68,-102.48,-63.44,-53.68
0,29.28,29.28,-14.64,-14.64,29.28,43.92,24.4,-39.04,-87.84,-48.8,-43.92
-34.16,19.52,53.68,9.76,-43.92,34.16,43.92,29.28,-29.28,-82.96,-48.8,-39.04
-39.04,4.88,43.92,19.52,-43.92,24.4,29.28,19.52,-39.04,-82.96,-58.56,-53.68
-39.04,-9.76,29.28,24.4,-34.16,9.76,14.64,0,-58.56,-97.6,-63.44,-63.44
-39.04,-4.88,34.16,24.4,-39.04,14.64,19.52,0,-58.56,-97.6,-53.68,-58.56
-48.8,0,48.8,24.4,-48.8,24.4,29.28,19.52,-43.92,-92.72,-43.92,-43.92
-39.04,9.76,48.8,14.64,-43.92,29.28,48.8,43.92,-24.4,-68.32,-29.28,-29.28
-34.16,14.64,48.8,9.76,-43.92,29.28,43.92,39.04,-29.28,-82.96,-43.92,-39.04
-58.56,-9.76,48.8,34.16,-53.68,19.52,39.04,39.04,-29.28,-87.84,-48.8,-43.92
-43.92,4.88,48.8,19.52,-48.8,24.4,34.16,34.16,-34.16,-87.84,-53.68,-43.92
-4.88,34.16,39.04,-14.64,-24.4,34.16,48.8,39.04,-19.52,-73.2,-43.92,-39.04
-24.4,9.76,34.16,9.76,-29.28,19.52,34.16,24.4,-29.28,-82.96,-48.8,-43.92
-29.28,9.76,39.04,9.76,-34.16,24.4,34.16,24.4,-24.4,-73.2,-43.92,-43.92
-9.76,19.52,29.28,-4.88,-19.52,24.4,29.28,24.4,-24.4,-73.2,-43.92,-39.04
9.76,19.52,9.76,-14.64,0,14.64,24.4,14.64,-34.16,-73.2,-43.92,-43.92
4.88,24.4,19.52,-14.64,-9.76,19.52,19.52,24.4,-34.16,-73.2,-43.92,-39.04
-34.16,19.52,53.68,9.76,-43.92,34.16,39.04,34.16,-29.28,-68.32,-34.16,-29.28
-29.28,4.88,34.16,14.64,-34.16,19.52,39.04,34.16,-29.28,-73.2,-43.92,-34.16
-29.28,9.76,39.04,9.76,-34.16,24.4,43.92,39.04,-24.4,-68.32,-34.16,-34.16
-29.28,4.88,34.16,14.64,-34.16,19.52,34.16,39.04,-19.52,-78.08,-39.04,-39.04
-14.64,9.76,24.4,4.88,-19.52,14.64,39.04,39.04,-19.52,-68.32,-39.04,-39.04
4.88,19.52,14.64,-9.76,-4.88,14.64,39.04,39.04,-9.76,-63.44,-34.16,-29.28
0,4.88,4.88,0,-4.88,4.88,29.28,24.4,-24.4,-73.2,-43.92,-43.92
-4.88,-9.76,-4.88,9.76,0,-9.76,24.4,24.4,-24.4,-73.2,-43.92,-34.16
0,0,0,0,0,0,34.16,19.52,-29.28,-73.2,-48.8,-39.04
-9.76,24.4,34.16,-4.88,-24.4,29.28,43.92,34.16,-14.64,-58.56,-29.28,-24.4
-34.16,14.64,48.8,9.76,-43.92,29.28,48.8,34.16,-24.4,-63.44,-34.16,-29.28
-34.16,0,34.16,19.52,-34.16,14.64,39.04,24.4,-34.16,-78.08,-43.92,-34.16
-19.52,14.64,34.16,4.88,-29.28,24.4,39.04,34.16,-24.4,-68.32,-34.16,-34.16
4.88,29.28,24.4,-14.64,-9.76,24.4,34.16,34.16,-19.52,-68.32,-34.16,-29.28
-9.76,4.88,14.64,4.88,-14.64,9.76,29.28,24.4,-29.28,-68.32,-39.04,-39.04
0,14.64,14.64,-4.88,-9.76,14.64,29.28,29.28,-9.76,-58.56,-29.28,-29.28
0,19.52,19.52,-9.76,-9.76,19.52,29.28,24.4,-14.64,-58.56,-24.4,-29.28
14.64,19.52,4.88,-14.64,4.88,9.76,24.4,14.64,-24.4,-58.56,-29.28,-29.28
9.76,14.64,4.88,-9.76,0,9.76,24.4,9.76,-19.52,-58.56,-29.28,-29.28
4.88,4.88,0,-4.88,0,0,24.4,14.64,-29.28,-63.44,-34.16,-24.4
4.88,9.76,4.88,-4.88,0,4.88,24.4,14.64,-29.28,-63.44,-29.28,-29.28
-4.88,0,4.88,4.88,-4.88,0,24.4,14.64,-34.16,-73.2,-43.92,-34.16
0,0,0,0,0,0,29.28,14.64,-34.16,-73.2,-43.92,-39.04
19.52,14.64,-4.88,-14.64,9.76,4.88,29.28,19.52,-34.16,-78.08,-39.04,-34.16
19.52,14.64,-4.88,-14.64,9.76,4.88,34.16,14.64,-34.16,-68.32,-39.04,-34.16
9.76,0,-9.76,-4.88,9.76,-4.88,34.16,9.76,-39.04,-78.08,-39.04,-34.16
0,0,0,0,0,0,29.28,4.88,-29.28,-68.32,-34.16,-34.16
-4.88,9.76,14.64,0,-9.76,9.76,24.4,0,-34.16,-73.2,-34.16,-29.28
-24.4,19.52,43.92,4.88,-34.16,29.28,34.16,9.76,-19.52,-58.56,-19.52,-19.52
-4.88,4.88,9.76,0,-9.76,4.88,24.4,9.76,-19.52,-68.32,-19.52,-19.52
14.64,4.88,-9.76,-9.76,9.76,-4.88,19.52,-4.88,-43.92,-78.08,-39.04,-39.04
14.64,19.52,4.88,-14.64,4.88,9.76,24.4,-9.76,-48.8,-82.96,-43.92,-29.28
-24.4,4.88,29.28,9.76,-29.28,14.64,34.16,0,-39.04,-73.2,-39.04,-24.4
-4.88,0,4.88,4.88,-4.88,0,34.16,-9.76,-48.8,-78.08,-48.8,-29.28
4.88,-4.88,-9.76,0,4.88,-9.76,29.28,-14.64,-53.68,-82.96,-43.92,-39.04
0,-4.88,-4.88,4.88,0,-4.88,29.28,-14.64,-48.8,-82.96,-43.92,-34.16
-9.76,0,9.76,4.88,-9.76,4.88,34.16,-9.76,-34.16,-68.32,-29.28,-24.4
4.88,4.88,0,-4.88,0,0,29.28,-14.64,-39.04,-78.08,-39.04,-29.28
-14.64,-14.64,0,14.64,-9.76,-9.76,29.28,-24.4,-48.8,-87.84,-48.8,-34.16
-34.16,-19.52,14.64,29.28,-24.4,-4.88,29.28,-14.64,-43.92,-82.96,-39.04,-29.28
-9.76,-24.4,-14.64,19.52,0,-19.52,24.4,-19.52,-53.68,-82.96,-48.8,-29.28
-9.76,-34.16,-24.4,24.4,4.88,-29.28,29.28,-24.4,-63.44,-97.6,-63.44,-39.04
-4.88,-9.76,-4.88,9.76,0,-9.76,39.04,-19.52,-53.68,-87.84,-53.68,-39.04
-4.88,14.64,19.52,-4.88,-14.64,14.64,53.68,0,-39.04,-73.2,-39.04,-14.64
-9.76,-4.88,4.88,9.76,-9.76,0,53.68,-9.76,-43.92,-78.08,-48.8,-24.4
-24.4,-24.4,0,24.4,-14.64,-14.64,29.28,-29.28,-68.32,-92.72,-63.44,-39.04
-34.16,-29.28,4.88,34.16,-19.52,-14.64,24.4,-34.16,-63.44,-87.84,-58.56,-39.04
-14.64,-9.76,4.88,14.64,-9.76,-4.88,29.28,-29.28,-58.56,-82.96,-53.68,-29.28
-4.88,0,4.88,4.88,-4.88,0,29.28,-34.16,-58.56,-82.96,-53.68,-34.16
-14.64,-4.88,9.76,9.76,-14.64,0,39.04,-29.28,-58.56,-82.96,-48.8,-29.28
-24.4,-14.64,9.76,19.52,-19.52,-4.88,29.28,-39.04,-73.2,-92.72,-58.56,-39.04
-24.4,-24.4,0,24.4,-14.64,-14.64,29.28,-34.16,-73.2,-92.72,-63.44,-43.92
-4.88,-14.64,-9.76,9.76,0,-14.64,24.4,-39.04,-73.2,-92.72,-63.44,-48.8
-24.4,-24.4,0,24.4,-14.64,-14.64,29.28,-39.04,-78.08,-97.6,-63.44,-48.8
-34.16,-34.16,0,34.16,-19.52,-19.52,34.16,-39.04,-73.2,-97.6,-63.44,-48.8
-24.4,-39.04,-14.64,34.16,-4.88,-29.28,24.4,-53.68,-82.96,-107.36,-73.2,-53.68
-34.16,-48.8,-14.64,43.92,-9.76,-34.16,19.52,-48.8,-78.08,-102.48,-68.32,-48.8
9.76,-19.52,-29.28,4.88,19.52,-24.4,24.4,-53.68,-78.08,-102.48,-63.44,-43.92
19.52,-14.64,-34.16,0,24.4,-24.4,29.28,-53.68,-78.08,-102.48,-58.56,-43.92
-19.52,-24.4,-4.88,24.4,-9.76,-14.64,39.04,-43.92,-68.32,-97.6,-63.44,-39.04
-43.92,-34.16,9.76,39.04,-29.28,-14.64,39.04,-43.92,-68.32,-87.84,-58.56,-34.16
-34.16,-34.16,0,34.16,-19.52,-19.52,39.04,-43.92,-68.32,-92.72,-58.56,-34.16
-19.52,-19.52,0,19.52,-9.76,-9.76,39.04,-43.92,-73.2,-92.72,-58.56,-43.92
-14.64,-14.64,0,14.64,-9.76,-9.76,34.16,-48.8,-78.08,-102.48,-58.56,-43.92
-19.52,-14.64,4.88,19.52,-14.64,-4.88,39.04,-53.68,-78.08,-97.6,-58.56,-43.92
-34.16,-39.04,-4.88,39.04,-14.64,-24.4,39.04,-53.68,-68.32,-92.72,-58.56,-43.92
-24.4,-39.04,-14.64,34.16,-4.88,-29.28,29.28,-63.44,-78.08,-97.6,-58.56,-53.68
-39.04,-43.92,-4.88,43.92,-19.52,-24.4,29.28,-63.44,-78.08,-102.48,-58.56,-39.04
-39.04,-58.56,-19.52,48.8,-9.76,-39.04,34.16,-63.44,-78.08,-102.48,-63.44,-43.92
-39.04,-48.8,-9.76,43.92,-14.64,-29.28,19.52,-68.32,-87.84,-102.48,-73.2,-53.68
-63.44,-68.32,-4.88,68.32,-29.28,-39.04,19.52,-73.2,-92.72,-107.36,-78.08,-53.68
-68.32,-68.32,0,68.32,-34.16,-34.16,19.52,-73.2,-87.84,-107.36,-78.08,-58.56
-58.56,-68.32,-9.76,63.44,-24.4,-39.04,24.4,-68.32,-87.84,-107.36,-73.2,-58.56
-48.8,-73.2,-24.4,63.44,-14.64,-48.8,29.28,-68.32,-87.84,-112.24,-78.08,-53.68
-48.8,-68.32,-19.52,58.56,-14.64,-43.92,29.28,-63.44,-82.96,-107.36,-73.2,-53.68
-63.44,-73.2,-9.76,68.32,-29.28,-43.92,29.28,-68.32,-87.84,-107.36,-78.08,-53.68
-63.44,-73.2,-9.76,68.32,-29.28,-43.92,29.28,-78.08,-82.96,-107.36,-78.08,-58.56
-63.44,-73.2,-9.76,68.32,-29.28,-43.92,24.4,-87.84,-87.84,-112.24,-78.08,-58.56
-63.44,-63.44,0,63.44,-34.16,-34.16,29.28,-82.96,-92.72,-107.36,-73.2,-48.8
-58.56,-63.44,-4.88,63.44,-29.28,-34.16,43.92,-68.32,-82.96,-102.48,-58.56,-43.92
-92.72,-78.08,14.64,87.84,-53.68,-34.16,39.04,-73.2,-87.84,-102.48,-68.32,-43.92
-68.32,-82.96,-14.64,78.08,-29.28,-48.8,34.16,-78.08,-92.72,-112.24,-82.96,-48.8
-53.68,-73.2,-19.52,63.44,-19.52,-48.8,34.16,-78.08,-92.72,-117.12,-82.96,-58.56
-58.56,-82.96,-24.4,73.2,-19.52,-53.68,29.28,-78.08,-92.72,-117.12,-78.08,-53.68
-68.32,-92.72,-24.4,82.96,-24.4,-58.56,24.4,-87.84,-97.6,-117.12,-82.96,-58.56
-78.08,-102.48,-24.4,92.72,-29.28,-63.44,24.4,-87.84,-102.48,-117.12,-82.96,-58.56
-92.72,-92.72,0,92.72,-48.8,-48.8,29.28,-82.96,-87.84,-107.36,-78.08,-53.68
-34.16,-68.32,-34.16,53.68,0,-53.68,29.28,-87.84,-87.84,-102.48,-73.2,-53.68
0,-58.56,-58.56,29.28,29.28,-58.56,34.16,-87.84,-92.72,-107.36,-78.08,-53.68
-43.92,-58.56,-14.64,53.68,-14.64,-39.04,43.92,-73.2,-82.96,-92.72,-63.44,-39.04
-58.56,-63.44,-4.88,63.44,-29.28,-34.16,43.92,-73.2,-87.84,-92.72,-63.44,-34.16
-82.96,-82.96,0,82.96,-43.92,-43.92,43.92,-73.2,-87.84,-102.48,-68.32,-39.04
-87.84,-87.84,0,87.84,-43.92,-43.92,39.04,-78.08,-87.84,-102.48,-73.2,-48.8
-68.32,-82.96,-14.64,78.08,-29.28,-48.8,29.28,-82.96,-92.72,-112.24,-78.08,-58.56
-63.44,-87.84,-24.4,78.08,-19.52,-58.56,39.04,-87.84,-87.84,-112.24,-78.08,-53.68
-87.84,-82.96,4.88,87.84,-48.8,-39.04,48.8,-78.08,-78.08,-102.48,-73.2,-48.8
-102.48,-102.48,0,102.48,-53.68,-53.68,39.04,-92.72,-87.84,-102.48,-78.08,-58.56
-78.08,-92.72,-14.64,87.84,-34.16,-53.68,29.28,-102.48,-102.48,-107.36,-78.08,-53.68
-53.68,-82.96,-29.28,68.32,-14.64,-58.56,39.04,-97.6,-92.72,-97.6,-68.32,-48.8
-53.68,-82.96,-29.28,68.32,-14.64,-58.56,29.28,-102.48,-97.6,-107.36,-78.08,-53.68
-53.68,-87.84,-34.16,73.2,-9.76,-63.44,29.28,-102.48,-102.48,-112.24,-78.08,-48.8
-78.08,-87.84,-9.76,82.96,-34.16,-48.8,39.04,-97.6,-97.6,-112.24,-73.2,-53.68
-73.2,-78.08,-4.88,78.08,-34.16,-43.92,39.04,-97.6,-92.72,-107.36,-73.2,-53.68
-68.32,-68.32,0,68.32,-34.16,-34.16,34.16,-87.84,-82.96,-107.36,-73.2,-53.68
-53.68,-63.44,-9.76,58.56,-24.4,-39.04,39.04,-92.72,-82.96,-97.6,-73.2,-48.8
-43.92,-53.68,-9.76,48.8,-19.52,-34.16,43.92,-82.96,-68.32,-82.96,-53.68,-39.04
-29.28,-53.68,-24.4,43.92,-4.88,-39.04,48.8,-82.96,-78.08,-87.84,-53.68,-39.04
-43.92,-48.8,-4.88,48.8,-19.52,-29.28,68.32,-73.2,-63.44,-78.08,-43.92,-29.28
-73.2,-53.68,19.52,63.44,-48.8,-19.52,82.96,-68.32,-58.56,-68.32,-39.04,-19.52
-68.32,-43.92,24.4,58.56,-48.8,-9.76,82.96,-63.44,-58.56,-73.2,-43.92,-24.4
-53.68,-43.92,9.76,48.8,-34.16,-19.52,82.96,-58.56,-58.56,-68.32,-39.04,-19.52
-34.16,-29.28,4.88,34.16,-19.52,-14.64,87.84,-58.56,-58.56,-73.2,-29.28,-19.52
-34.16,-39.04,-4.88,39.04,-14.64,-24.4,73.2,-68.32,-58.56,-73.2,-43.92,-24.4
-4.88,-29.28,-24.4,19.52,9.76,-29.28,68.32,-73.2,-63.44,-73.2,-43.92,-24.4
-24.4,-39.04,-14.64,34.16,-4.88,-29.28,73.2,-68.32,-58.56,-73.2,-43.92,-19.52
-68.32,-48.8,19.52,58.56,-43.92,-14.64,87.84,-63.44,-48.8,-68.32,-39.04,-19.52
-58.56,-48.8,9.76,53.68,-34.16,-19.52,97.6,-58.56,-48.8,-58.56,-29.28,-9.76
-58.56,-53.68,4.88,58.56,-34.16,-24.4,97.6,-53.68,-43.92,-63.44,-34.16,-14.64
-48.8,-48.8,0,48.8,-24.4,-24.4,107.36,-48.8,-43.92,-63.44,-39.04,-19.52
-43.92,-34.16,9.76,39.04,-29.28,-14.64,107.36,-43.92,-43.92,-63.44,-34.16,-24.4
-43.92,-34.16,9.76,39.04,-29.28,-14.64,102.48,-43.92,-48.8,-63.44,-39.04,-19.52
-19.52,-9.76,9.76,14.64,-14.64,0,97.6,-48.8,-43.92,-53.68,-34.16,-14.64
-29.28,-4.88,24.4,19.52,-29.28,9.76,102.48,-39.04,-34.16,-48.8,-24.4,-4.88
-29.28,-9.76,19.52,19.52,-24.4,4.88,97.6,-39.04,-24.4,-43.92,-14.64,0
-14.64,-14.64,0,14.64,-9.76,-9.76,87.84,-48.8,-29.28,-43.92,-19.52,4.88
-14.64,-24.4,-9.76,19.52,-4.88,-19.52,73.2,-58.56,-34.16,-53.68,-24.4,-4.88
14.64,-9.76,-24.4,0,19.52,-19.52,63.44,-68.32,-39.04,-48.8,-24.4,0
19.52,-4.88,-24.4,-4.88,19.52,-14.64,58.56,-68.32,-39.04,-43.92,-19.52,4.88
-9.76,-19.52,-9.76,14.64,0,-14.64,53.68,-63.44,-43.92,-43.92,-19.52,4.88
-9.76,-29.28,-19.52,19.52,4.88,-24.4,43.92,-73.2,-48.8,-53.68,-29.28,-4.88
-29.28,-34.16,-4.88,34.16,-14.64,-19.52,43.92,-73.2,-48.8,-48.8,-19.52,4.88
-14.64,-4.88,9.76,9.76,-14.64,0,43.92,-68.32,-43.92,-43.92,-14.64,9.76
14.64,9.76,-4.88,-9.76,9.76,0,34.16,-82.96,-48.8,-43.92,-9.76,14.64
24.4,4.88,-19.52,-14.64,19.52,-9.76,14.64,-107.36,-58.56,-58.56,-19.52,9.76
34.16,4.88,-29.28,-19.52,29.28,-14.64,14.64,-102.48,-58.56,-58.56,-14.64,14.64
24.4,4.88,-19.52,-14.64,19.52,-9.76,19.52,-97.6,-53.68,-53.68,-14.64,9.76
24.4,0,-24.4,-9.76,24.4,-14.64,39.04,-82.96,-34.16,-29.28,0,19.52
29.28,-9.76,-39.04,-9.76,34.16,-24.4,34.16,-92.72,-39.04,-39.04,-9.76,9.76
34.16,-9.76,-43.92,-9.76,39.04,-29.28,29.28,-97.6,-58.56,-53.68,-24.4,0
24.4,-19.52,-43.92,0,34.16,-34.16,24.4,-107.36,-68.32,-63.44,-29.28,0
24.4,-34.16,-58.56,4.88,39.04,-48.8,24.4,-117.12,-73.2,-68.32,-34.16,-9.76
14.64,-43.92,-58.56,14.64,34.16,-53.68,29.28,-122,-82.96,-82.96,-43.92,-19.52
19.52,-24.4,-43.92,4.88,29.28,-34.16,29.28,-122,-82.96,-82.96,-39.04,-14.64
29.28,-29.28,-58.56,0,43.92,-43.92,34.16,-126.88,-78.08,-82.96,-43.92,-9.76
14.64,-48.8,-63.44,19.52,39.04,-58.56,34.16,-131.76,-92.72,-82.96,-48.8,-24.4
-14.64,-63.44,-48.8,39.04,14.64,-58.56,39.04,-131.76,-87.84,-82.96,-43.92,-14.64
-9.76,-68.32,-58.56,39.04,24.4,-63.44,24.4,-141.52,-97.6,-87.84,-53.68,-24.4
9.76,-53.68,-63.44,24.4,34.16,-58.56,24.4,-146.4,-102.48,-92.72,-48.8,-19.52
4.88,-53.68,-58.56,24.4,29.28,-58.56,29.28,-146.4,-102.48,-97.6,-58.56,-29.28
-4.88,-63.44,-58.56,34.16,24.4,-63.44,39.04,-141.52,-107.36,-97.6,-63.44,-34.16
-24.4,-68.32,-43.92,48.8,9.76,-58.56,53.68,-126.88,-92.72,-87.84,-53.68,-29.28
-24.4,-58.56,-34.16,43.92,4.88,-48.8,58.56,-122,-97.6,-92.72,-58.56,-29.28
-43.92,-73.2,-29.28,58.56,-9.76,-53.68,53.68,-131.76,-112.24,-97.6,-68.32,-43.92
-43.92,-82.96,-39.04,63.44,-4.88,-63.44,48.8,-146.4,-102.48,-92.72,-63.44,-34.16
-58.56,-73.2,-14.64,68.32,-24.4,-43.92,63.44,-136.64,-92.72,-87.84,-58.56,-34.16
-43.92,-78.08,-34.16,63.44,-4.88,-58.56,53.68,-146.4,-102.48,-102.48,-68.32,-39.04
-29.28,-68.32,-39.04,48.8,4.88,-53.68,58.56,-151.28,-107.36,-107.36,-73.2,-48.8
-43.92,-63.44,-19.52,53.68,-14.64,-43.92,48.8,-165.92,-122,-117.12,-73.2,-48.8
-43.92,-53.68,-9.76,48.8,-19.52,-34.16,43.92,-170.8,-122,-122,-78.08,-53.68
-29.28,-68.32,-39.04,48.8,4.88,-53.68,43.92,-165.92,-122,-117.12,-78.08,-53.68
-39.04,-92.72,-53.68,68.32,4.88,-73.2,58.56,-156.16,-112.24,-102.48,-68.32,-48.8
-39.04,-82.96,-43.92,63.44,0,-63.44,58.56,-156.16,-117.12,-112.24,-73.2,-48.8
-24.4,-82.96,-58.56,53.68,14.64,-73.2,53.68,-156.16,-122,-117.12,-82.96,-58.56
-19.52,-78.08,-58.56,48.8,19.52,-68.32,53.68,-161.04,-112.24,-112.24,-78.08,-48.8
-34.16,-78.08,-43.92,58.56,4.88,-63.44,58.56,-156.16,-112.24,-107.36,-73.2,-43.92
-39.04,-68.32,-29.28,53.68,-4.88,-48.8,58.56,-151.28,-107.36,-102.48,-68.32,-39.04
-43.92,-58.56,-14.64,53.68,-14.64,-39.04,63.44,-151.28,-102.48,-102.48,-68.32,-39.04
-43.92,-68.32,-24.4,58.56,-9.76,-48.8,58.56,-156.16,-112.24,-107.36,-73.2,-39.04
-39.04,-63.44,-24.4,53.68,-9.76,-43.92,63.44,-151.28,-107.36,-102.48,-68.32,-39.04
-34.16,-53.68,-19.52,43.92,-9.76,-39.04,63.44,-151.28,-102.48,-102.48,-73.2,-43.92
-43.92,-63.44,-19.52,53.68,-14.64,-43.92,48.8,-165.92,-112.24,-117.12,-82.96,-53.68
-53.68,-68.32,-14.64,63.44,-19.52,-43.92,48.8,-161.04,-122,-117.12,-82.96,-53.68
-53.68,-63.44,-9.76,58.56,-24.4,-39.04,48.8,-156.16,-112.24,-112.24,-87.84,-58.56
-39.04,-63.44,-24.4,53.68,-9.76,-43.92,58.56,-146.4,-102.48,-97.6,-73.2,-39.04
-34.16,-58.56,-24.4,48.8,-4.88,-43.92,53.68,-146.4,-112.24,-102.48,-78.08,-43.92
-39.04,-58.56,-19.52,48.8,-9.76,-39.04,43.92,-161.04,-122,-117.12,-87.84,-58.56
-24.4,-53.68,-29.28,39.04,0,-43.92,53.68,-151.28,-107.36,-97.6,-78.08,-48.8
-34.16,-53.68,-19.52,43.92,-9.76,-39.04,58.56,-141.52,-102.48,-97.6,-68.32,-43.92
-34.16,-48.8,-14.64,43.92,-9.76,-34.16,63.44,-136.64,-107.36,-107.36,-82.96,-53.68
-48.8,-53.68,-4.88,53.68,-24.4,-29.28,78.08,-117.12,-107.36,-117.12,-97.6,-68.32
-43.92,-63.44,-19.52,53.68,-14.64,-43.92,112.24,-78.08,-92.72,-117.12,-112.24,-82.96
-63.44,-107.36,-43.92,87.84,-9.76,-78.08,122,-53.68,-92.72,-146.4,-146.4,-122
-73.2,-131.76,-58.56,102.48,-9.76,-97.6,146.4,-19.52,-82.96,-146.4,-170.8,-141.52
-78.08,-122,-43.92,102.48,-19.52,-82.96,165.92,29.28,-48.8,-122,-161.04,-146.4
-73.2,-117.12,-43.92,97.6,-14.64,-82.96,180.56,73.2,4.88,-82.96,-146.4,-136.64
-43.92,-102.48,-58.56,73.2,4.88,-82.96,204.96,141.52,68.32,-34.16,-112.24,-112.24
-14.64,-107.36,-92.72,63.44,39.04,-102.48,219.6,214.72,131.76,19.52,-78.08,-87.84
68.32,-78.08,-146.4,4.88,107.36,-112.24,224.48,278.16,195.2,87.84,-29.28,-53.68
180.56,-29.28,-209.84,-73.2,195.2,-122,204.96,341.6,307.44,200.08,73.2,34.16
273.28,14.64,-258.64,-141.52,263.52,-122,151.28,356.24,395.28,326.96,185.44,136.64
351.36,107.36,-244,-229.36,297.68,-68.32,92.72,336.72,483.12,473.36,331.84,273.28
497.76,195.2,-302.56,-346.48,400.16,-53.68,-24.4,248.88,536.8,600.24,468.48,405.04
624.64,278.16,-346.48,-448.96,483.12,-34.16,-136.64,151.28,605.12,756.4,639.28,556.32
707.6,366,-341.6,-536.8,522.16,9.76,-219.6,73.2,683.2,932.08,834.48,741.76
805.2,483.12,-322.08,-644.16,561.2,78.08,-317.2,-39.04,732,1063.84,985.76,893.04
902.8,600.24,-302.56,-751.52,600.24,146.4,-405.04,-141.52,771.04,1190.72,1146.8,1049.2
961.36,712.48,-248.88,-834.48,605.12,229.36,-492.88,-244,805.2,1302.96,1283.44,1180.96
966.24,819.84,-146.4,-893.04,556.32,336.72,-575.84,-331.84,849.12,1400.56,1390.8,1283.44
917.44,936.96,19.52,-927.2,448.96,478.24,-624.64,-424.56,878.4,1468.88,1478.64,1376.16
814.96,1024.8,209.84,-917.44,302.56,614.88,-688.08,-561.2,805.2,1434.72,1507.92,1424.96
692.96,1024.8,331.84,-858.88,180.56,678.32,-775.92,-736.88,590.48,1224.88,1385.92,1346.88
570.96,917.44,346.48,-741.76,112.24,629.52,-834.48,-922.32,278.16,863.76,1093.12,1112.64
409.92,727.12,317.2,-566.08,43.92,522.16,-844.24,-1073.6,-82.96,429.44,707.6,795.44
253.76,614.88,361.12,-434.32,-53.68,488,-805.2,-1205.36,-390.4,53.68,395.28,536.8
102.48,522.16,419.68,-312.32,-161.04,468.48,-771.04,-1317.6,-653.92,-258.64,136.64,302.56
-53.68,400.16,453.84,-170.8,-253.76,424.56,-717.36,-1385.92,-854,-497.76,-63.44,126.88
-146.4,307.44,453.84,-78.08,-302.56,380.64,-653.92,-1366.4,-941.84,-639.28,-200.08,-4.88
-170.8,219.6,390.4,-24.4,-283.04,302.56,-614.88,-1283.44,-946.72,-692.96,-292.8,-112.24
-161.04,126.88,287.92,19.52,-224.48,204.96,-551.44,-1146.8,-878.4,-678.32,-336.72,-180.56
-141.52,63.44,204.96,39.04,-175.68,131.76,-478.24,-1010.16,-790.56,-624.64,-336.72,-195.2
-117.12,4.88,122,58.56,-122,63.44,-390.4,-844.24,-658.8,-531.92,-292.8,-185.44
-82.96,-24.4,58.56,53.68,-73.2,14.64,-302.56,-683.2,-527.04,-434.32,-244,-161.04
-78.08,-24.4,53.68,53.68,-68.32,14.64,-234.24,-566.08,-434.32,-366,-204.96,-131.76
-63.44,9.76,73.2,29.28,-68.32,39.04,-170.8,-473.36,-356.24,-302.56,-161.04,-97.6
-43.92,34.16,78.08,4.88,-63.44,53.68,-126.88,-385.52,-287.92,-248.88,-136.64,-82.96
-48.8,29.28,78.08,9.76,-63.44,53.68,-78.08,-302.56,-239.12,-200.08,-112.24,-68.32
-53.68,4.88,58.56,24.4,-58.56,29.28,-39.04,-239.12,-190.32,-175.68,-92.72,-58.56
-48.8,-24.4,24.4,39.04,-39.04,0,-4.88,-185.44,-156.16,-141.52,-92.72,-58.56
-43.92,-48.8,-4.88,48.8,-19.52,-29.28,14.64,-141.52,-117.12,-122,-87.84,-53.68
-34.16,-39.04,-4.88,39.04,-14.64,-24.4,39.04,-112.24,-97.6,-107.36,-73.2,-48.8
-53.68,-34.16,19.52,43.92,-39.04,-9.76,58.56,-92.72,-78.08,-92.72,-68.32,-43.92
-73.2,-73.2,0,73.2,-39.04,-39.04,68.32,-82.96,-78.08,-87.84,-58.56,-39.04
-73.2,-78.08,-4.88,78.08,-34.16,-43.92,73.2,-78.08,-78.08,-87.84,-63.44,-39.04
-73.2,-73.2,0,73.2,-39.04,-39.04,82.96,-68.32,-78.08,-82.96,-63.44,-39.04
-63.44,-63.44,0,63.44,-34.16,-34.16,82.96,-63.44,-68.32,-87.84,-68.32,-39.04
-48.8,-63.44,-14.64,58.56,-19.52,-39.04,87.84,-48.8,-63.44,-78.08,-58.56,-39.04
-58.56,-82.96,-24.4,73.2,-19.52,-53.68,82.96,-43.92,-63.44,-78.08,-78.08,-48.8
-73.2,-97.6,-24.4,87.84,-24.4,-63.44,87.84,-39.04,-58.56,-78.08,-78.08,-53.68
-63.44,-97.6,-34.16,82.96,-14.64,-68.32,82.96,-34.16,-48.8,-73.2,-68.32,-43.92
-48.8,-92.72,-43.92,73.2,-4.88,-68.32,82.96,-34.16,-48.8,-73.2,-63.44,-48.8
-43.92,-107.36,-63.44,78.08,9.76,-87.84,92.72,-29.28,-43.92,-63.44,-63.44,-43.92
-73.2,-117.12,-43.92,97.6,-14.64,-82.96,102.48,-19.52,-29.28,-48.8,-48.8,-34.16
-78.08,-131.76,-53.68,107.36,-14.64,-92.72,107.36,0,-24.4,-39.04,-39.04,-19.52
-78.08,-136.64,-58.56,107.36,-9.76,-97.6,122,-4.88,-29.28,-48.8,-48.8,-29.28
-82.96,-136.64,-53.68,112.24,-14.64,-97.6,122,4.88,-24.4,-43.92,-48.8,-24.4
-92.72,-136.64,-43.92,117.12,-24.4,-92.72,126.88,19.52,-9.76,-34.16,-34.16,-19.52
-63.44,-136.64,-73.2,102.48,4.88,-107.36,126.88,19.52,-14.64,-39.04,-43.92,-24.4
-63.44,-146.4,-82.96,107.36,9.76,-117.12,131.76,24.4,-4.88,-34.16,-39.04,-29.28
-58.56,-146.4,-87.84,102.48,14.64,-117.12,131.76,24.4,-4.88,-34.16,-39.04,-29.28
-43.92,-136.64,-92.72,92.72,24.4,-117.12,131.76,24.4,4.88,-19.52,-34.16,-24.4
-29.28,-136.64,-107.36,82.96,39.04,-122,131.76,29.28,9.76,-14.64,-29.28,-14.64
-48.8,-151.28,-102.48,102.48,24.4,-126.88,126.88,29.28,14.64,-14.64,-24.4,-14.64
-63.44,-165.92,-102.48,117.12,19.52,-136.64,117.12,34.16,9.76,-19.52,-19.52,-9.76
-68.32,-175.68,-107.36,122,19.52,-141.52,136.64,43.92,14.64,-9.76,-14.64,-4.88
-82.96,-185.44,-102.48,136.64,9.76,-146.4,136.64,53.68,24.4,-4.88,-4.88,4.88
-92.72,-200.08,-107.36,146.4,4.88,-156.16,117.12,43.92,14.64,-14.64,-19.52,-9.76
-68.32,-195.2,-126.88,131.76,29.28,-161.04,117.12,43.92,9.76,-24.4,-29.28,-14.64
-58.56,-195.2,-136.64,126.88,39.04,-165.92,117.12,39.04,19.52,-19.52,-29.28,-19.52
-53.68,-190.32,-136.64,122,39.04,-165.92,122,48.8,29.28,-9.76,-14.64,-9.76
-73.2,-185.44,-112.24,131.76,19.52,-151.28,126.88,53.68,29.28,4.88,-14.64,-9.76
-73.2,-204.96,-131.76,141.52,29.28,-170.8,131.76,48.8,29.28,0,-19.52,-14.64
-63.44,-229.36,-165.92,146.4,48.8,-200.08,136.64,58.56,43.92,9.76,-4.88,-4.88
-107.36,-248.88,-141.52,180.56,14.64,-195.2,136.64,58.56,39.04,9.76,0,0
-122,-248.88,-126.88,185.44,0,-190.32,146.4,68.32,43.92,19.52,4.88,4.88
-87.84,-229.36,-141.52,161.04,24.4,-185.44,136.64,78.08,53.68,24.4,9.76,14.64
-78.08,-229.36,-151.28,156.16,34.16,-190.32,126.88,78.08,48.8,19.52,9.76,9.76
-82.96,-248.88,-165.92,165.92,39.04,-209.84,131.76,82.96,53.68,19.52,4.88,9.76
-87.84,-239.12,-151.28,165.92,29.28,-195.2,146.4,92.72,73.2,34.16,19.52,19.52
-102.48,-258.64,-156.16,180.56,24.4,-209.84,136.64,92.72,68.32,34.16,14.64,14.64
-87.84,-263.52,-175.68,175.68,43.92,-219.6,136.64,87.84,68.32,34.16,9.76,14.64
-78.08,-258.64,-180.56,170.8,48.8,-219.6,141.52,87.84,73.2,43.92,14.64,14.64
-92.72,-258.64,-165.92,175.68,34.16,-214.72,146.4,97.6,87.84,58.56,34.16,29.28
-78.08,-258.64,-180.56,170.8,48.8,-219.6,146.4,102.48,87.84,53.68,34.16,29.28
-78.08,-268.4,-190.32,175.68,53.68,-229.36,136.64,102.48,82.96,48.8,24.4,19.52
-68.32,-258.64,-190.32,165.92,58.56,-224.48,141.52,117.12,97.6,58.56,34.16,34.16
-73.2,-268.4,-195.2,170.8,58.56,-234.24,136.64,122,97.6,63.44,43.92,34.16
-87.84,-292.8,-204.96,190.32,58.56,-248.88,131.76,117.12,82.96,53.68,34.16,24.4
-73.2,-273.28,-200.08,175.68,63.44,-239.12,136.64,131.76,102.48,68.32,39.04,29.28
-58.56,-273.28,-214.72,165.92,78.08,-244,141.52,141.52,122,78.08,48.8,39.04
-53.68,-283.04,-229.36,170.8,87.84,-258.64,146.4,146.4,122,87.84,53.68,39.04
-58.56,-287.92,-229.36,175.68,82.96,-258.64,146.4,141.52,126.88,92.72,48.8,43.92
-78.08,-292.8,-214.72,185.44,68.32,-253.76,141.52,146.4,131.76,97.6,53.68,48.8
-73.2,-287.92,-214.72,180.56,68.32,-253.76,146.4,161.04,141.52,97.6,63.44,53.68
-58.56,-278.16,-219.6,170.8,78.08,-248.88,151.28,161.04,141.52,97.6,58.56,53.68
-73.2,-292.8,-219.6,185.44,73.2,-258.64,151.28,170.8,151.28,107.36,73.2,63.44
-68.32,-287.92,-219.6,180.56,73.2,-253.76,151.28,180.56,156.16,112.24,78.08,68.32
-58.56,-292.8,-234.24,175.68,87.84,-263.52,161.04,190.32,165.92,117.12,78.08,63.44
-63.44,-307.44,-244,185.44,87.84,-278.16,156.16,190.32,165.92,122,78.08,63.44
-39.04,-312.32,-273.28,175.68,117.12,-292.8,146.4,195.2,175.68,126.88,82.96,63.44
-29.28,-302.56,-273.28,165.92,122,-287.92,151.28,204.96,180.56,136.64,92.72,68.32
-39.04,-287.92,-248.88,165.92,102.48,-268.4,161.04,214.72,200.08,156.16,102.48,87.84
-34.16,-297.68,-263.52,165.92,112.24,-283.04,151.28,224.48,209.84,165.92,112.24,87.84
-34.16,-292.8,-258.64,165.92,112.24,-278.16,156.16,239.12,214.72,170.8,117.12,97.6
-24.4,-287.92,-263.52,156.16,117.12,-278.16,156.16,239.12,219.6,175.68,126.88,97.6
-24.4,-297.68,-273.28,161.04,122,-287.92,151.28,239.12,219.6,170.8,122,97.6
-19.52,-297.68,-278.16,161.04,126.88,-287.92,151.28,253.76,224.48,185.44,126.88,97.6
-29.28,-302.56,-273.28,165.92,122,-287.92,161.04,268.4,244,195.2,136.64,112.24
-9.76,-297.68,-287.92,156.16,136.64,-292.8,161.04,273.28,248.88,200.08,131.76,112.24
9.76,-287.92,-297.68,141.52,151.28,-292.8,170.8,283.04,268.4,219.6,151.28,126.88
24.4,-283.04,-307.44,131.76,165.92,-297.68,170.8,292.8,278.16,234.24,161.04,131.76
9.76,-302.56,-312.32,146.4,161.04,-307.44,165.92,297.68,283.04,239.12,161.04,131.76
14.64,-302.56,-317.2,146.4,165.92,-312.32,165.92,317.2,287.92,253.76,170.8,146.4
34.16,-292.8,-326.96,131.76,180.56,-312.32,165.92,322.08,297.68,258.64,180.56,151.28
58.56,-287.92,-346.48,117.12,200.08,-317.2,165.92,326.96,307.44,263.52,180.56,151.28
39.04,-287.92,-326.96,126.88,180.56,-307.44,165.92,341.6,322.08,278.16,195.2,165.92
29.28,-283.04,-312.32,126.88,170.8,-297.68,175.68,366,341.6,297.68,209.84,180.56
53.68,-287.92,-341.6,117.12,195.2,-317.2,170.8,370.88,351.36,302.56,209.84,180.56
73.2,-283.04,-356.24,107.36,214.72,-322.08,165.92,370.88,356.24,302.56,209.84,180.56
82.96,-283.04,-366,102.48,224.48,-326.96,170.8,385.52,370.88,326.96,229.36,195.2
97.6,-273.28,-370.88,87.84,234.24,-322.08,165.92,395.28,375.76,336.72,239.12,200.08
78.08,-268.4,-346.48,97.6,209.84,-307.44,175.68,400.16,400.16,351.36,244,209.84
102.48,-268.4,-370.88,82.96,234.24,-322.08,175.68,414.8,409.92,361.12,253.76,219.6
126.88,-268.4,-395.28,73.2,258.64,-331.84,175.68,424.56,429.44,380.64,273.28,234.24
146.4,-258.64,-405.04,58.56,273.28,-331.84,175.68,424.56,424.56,390.4,278.16,239.12
141.52,-239.12,-380.64,48.8,258.64,-312.32,175.68,444.08,439.2,405.04,292.8,253.76
107.36,-248.88,-356.24,73.2,229.36,-302.56,180.56,458.72,453.84,424.56,307.44,263.52
141.52,-244,-385.52,53.68,263.52,-317.2,185.44,468.48,468.48,429.44,312.32,273.28
161.04,-248.88,-409.92,43.92,283.04,-331.84,175.68,468.48,473.36,439.2,312.32,278.16
161.04,-244,-405.04,43.92,283.04,-326.96,165.92,463.6,478.24,439.2,317.2,278.16
170.8,-234.24,-405.04,34.16,287.92,-322.08,170.8,478.24,488,458.72,336.72,292.8
151.28,-248.88,-400.16,48.8,273.28,-326.96,161.04,468.48,488,463.6,331.84,292.8
156.16,-253.76,-409.92,48.8,283.04,-331.84,165.92,478.24,502.64,478.24,346.48,307.44
180.56,-248.88,-429.44,34.16,302.56,-341.6,156.16,473.36,497.76,473.36,346.48,312.32
195.2,-239.12,-434.32,24.4,312.32,-336.72,151.28,473.36,497.76,478.24,346.48,307.44
200.08,-219.6,-419.68,9.76,307.44,-322.08,165.92,483.12,512.4,497.76,370.88,322.08
204.96,-209.84,-414.8,4.88,307.44,-312.32,165.92,492.88,512.4,497.76,375.76,326.96
195.2,-219.6,-414.8,14.64,302.56,-317.2,161.04,488,517.28,492.88,370.88,322.08
209.84,-214.72,-424.56,4.88,317.2,-322.08,156.16,478.24,512.4,492.88,366,317.2
219.6,-209.84,-429.44,-4.88,322.08,-322.08,161.04,483.12,522.16,507.52,370.88,326.96
224.48,-204.96,-429.44,-9.76,326.96,-317.2,156.16,478.24,517.28,507.52,380.64,336.72
214.72,-214.72,-429.44,0,322.08,-322.08,151.28,473.36,512.4,497.76,375.76,331.84
239.12,-214.72,-453.84,-9.76,346.48,-336.72,146.4,468.48,512.4,497.76,380.64,331.84
244,-214.72,-458.72,-14.64,351.36,-336.72,141.52,463.6,507.52,497.76,385.52,336.72
229.36,-195.2,-424.56,-14.64,326.96,-312.32,156.16,468.48,512.4,502.64,395.28,346.48
214.72,-190.32,-405.04,-9.76,307.44,-297.68,151.28,468.48,512.4,502.64,390.4,351.36
214.72,-204.96,-419.68,-4.88,317.2,-312.32,141.52,453.84,492.88,488,380.64,331.84
204.96,-209.84,-414.8,4.88,307.44,-312.32,141.52,444.08,492.88,478.24,370.88,326.96
195.2,-219.6,-414.8,14.64,302.56,-317.2,136.64,434.32,483.12,473.36,361.12,322.08
204.96,-209.84,-414.8,4.88,307.44,-312.32,141.52,429.44,478.24,468.48,366,322.08
209.84,-200.08,-409.92,-4.88,307.44,-307.44,141.52,409.92,463.6,458.72,356.24,317.2
190.32,-209.84,-400.16,9.76,292.8,-307.44,146.4,405.04,463.6,463.6,361.12,322.08
185.44,-204.96,-390.4,9.76,287.92,-297.68,156.16,405.04,458.72,458.72,361.12,322.08
165.92,-219.6,-385.52,29.28,273.28,-302.56,151.28,390.4,444.08,444.08,351.36,322.08
156.16,-239.12,-395.28,43.92,273.28,-317.2,146.4,375.76,419.68,419.68,336.72,307.44
151.28,-224.48,-375.76,39.04,263.52,-302.56,146.4,356.24,405.04,400.16,317.2,297.68
141.52,-239.12,-380.64,48.8,258.64,-312.32,151.28,341.6,385.52,385.52,317.2,287.92
146.4,-239.12,-385.52,48.8,263.52,-312.32,156.16,331.84,370.88,375.76,302.56,273.28
117.12,-248.88,-366,68.32,239.12,-307.44,156.16,312.32,361.12,356.24,287.92,258.64
102.48,-253.76,-356.24,78.08,229.36,-307.44,156.16,307.44,346.48,341.6,278.16,253.76
117.12,-239.12,-356.24,63.44,234.24,-297.68,165.92,302.56,341.6,336.72,268.4,248.88
107.36,-248.88,-356.24,73.2,229.36,-302.56,170.8,283.04,322.08,317.2,253.76,234.24
87.84,-258.64,-346.48,87.84,214.72,-302.56,156.16,258.64,292.8,292.8,239.12,219.6
73.2,-258.64,-331.84,92.72,200.08,-297.68,161.04,244,283.04,273.28,224.48,214.72
53.68,-273.28,-326.96,112.24,190.32,-302.56,156.16,229.36,263.52,258.64,219.6,204.96
53.68,-273.28,-326.96,112.24,190.32,-302.56,156.16,214.72,248.88,244,204.96,195.2
58.56,-278.16,-336.72,112.24,195.2,-307.44,146.4,200.08,224.48,224.48,195.2,180.56
39.04,-297.68,-336.72,131.76,185.44,-317.2,141.52,175.68,200.08,195.2,165.92,161.04
39.04,-278.16,-317.2,122,175.68,-297.68,156.16,170.8,190.32,185.44,161.04,151.28
9.76,-317.2,-326.96,156.16,165.92,-322.08,151.28,161.04,180.56,175.68,151.28,146.4
-19.52,-326.96,-307.44,175.68,141.52,-317.2,151.28,151.28,170.8,170.8,141.52,136.64
-4.88,-302.56,-297.68,156.16,146.4,-302.56,156.16,146.4,170.8,161.04,136.64,131.76
0,-307.44,-307.44,156.16,151.28,-307.44,156.16,136.64,156.16,146.4,131.76,126.88
-19.52,-302.56,-283.04,161.04,131.76,-292.8,151.28,126.88,141.52,136.64,122,126.88
-39.04,-326.96,-287.92,185.44,122,-307.44,141.52,112.24,117.12,112.24,107.36,107.36
-43.92,-326.96,-283.04,185.44,117.12,-307.44,146.4,112.24,107.36,107.36,97.6,97.6
-39.04,-326.96,-287.92,185.44,122,-307.44,141.52,107.36,97.6,92.72,87.84,92.72
-48.8,-351.36,-302.56,200.08,126.88,-326.96,141.52,97.6,87.84,82.96,78.08,87.84
-29.28,-331.84,-302.56,180.56,136.64,-317.2,141.52,97.6,82.96,78.08,73.2,78.08
-53.68,-331.84,-278.16,195.2,112.24,-307.44,131.76,92.72,73.2,68.32,68.32,68.32
-87.84,-351.36,-263.52,219.6,87.84,-307.44,136.64,87.84,78.08,68.32,68.32,68.32
-63.44,-351.36,-287.92,209.84,112.24,-322.08,136.64,78.08,68.32,58.56,63.44,68.32
-58.56,-356.24,-297.68,209.84,117.12,-326.96,136.64,78.08,58.56,58.56,63.44,68.32
-53.68,-341.6,-287.92,200.08,117.12,-317.2,141.52,78.08,63.44,53.68,68.32,78.08
-58.56,-331.84,-273.28,195.2,107.36,-302.56,136.64,73.2,53.68,43.92,63.44,63.44
-58.56,-317.2,-258.64,190.32,97.6,-287.92,117.12,48.8,29.28,24.4,34.16,39.04
-58.56,-292.8,-234.24,175.68,87.84,-263.52,122,63.44,34.16,29.28,43.92,48.8
-82.96,-302.56,-219.6,195.2,68.32,-263.52,122,48.8,29.28,19.52,34.16,43.92
-82.96,-312.32,-229.36,200.08,73.2,-273.28,112.24,43.92,19.52,14.64,29.28,34.16
-63.44,-302.56,-239.12,185.44,87.84,-273.28,117.12,43.92,19.52,9.76,24.4,29.28
-58.56,-297.68,-239.12,180.56,87.84,-268.4,107.36,34.16,4.88,4.88,9.76,19.52
-87.84,-297.68,-209.84,195.2,58.56,-253.76,117.12,43.92,24.4,14.64,24.4,34.16
-73.2,-278.16,-204.96,175.68,63.44,-244,112.24,34.16,14.64,14.64,24.4,34.16
-78.08,-273.28,-195.2,175.68,58.56,-234.24,112.24,34.16,14.64,9.76,19.52,34.16
-78.08,-287.92,-209.84,185.44,63.44,-248.88,107.36,29.28,4.88,4.88,19.52,29.28
-82.96,-287.92,-204.96,185.44,58.56,-248.88,107.36,29.28,0,0,9.76,24.4
-97.6,-302.56,-204.96,200.08,53.68,-253.76,112.24,34.16,4.88,4.88,19.52,34.16
-73.2,-283.04,-209.84,180.56,68.32,-248.88,122,43.92,9.76,9.76,24.4,34.16
-63.44,-268.4,-204.96,165.92,68.32,-239.12,122,43.92,9.76,14.64,24.4,34.16
-68.32,-287.92,-219.6,180.56,73.2,-253.76,102.48,29.28,0,4.88,9.76,19.52
-63.44,-297.68,-234.24,180.56,82.96,-268.4,102.48,24.4,0,0,4.88,14.64
-78.08,-287.92,-209.84,185.44,63.44,-248.88,107.36,24.4,4.88,4.88,14.64,24.4
-53.68,-278.16,-224.48,165.92,82.96,-253.76,97.6,24.4,4.88,4.88,19.52,24.4
-68.32,-283.04,-214.72,175.68,73.2,-248.88,97.6,29.28,4.88,0,19.52,29.28
-78.08,-273.28,-195.2,175.68,58.56,-234.24,107.36,39.04,9.76,9.76,24.4,34.16
-63.44,-268.4,-204.96,165.92,68.32,-239.12,107.36,39.04,9.76,9.76,24.4,29.28
-63.44,-268.4,-204.96,165.92,68.32,-239.12,112.24,43.92,14.64,9.76,29.28,34.16
-78.08,-258.64,-180.56,170.8,48.8,-219.6,122,53.68,19.52,19.52,34.16,39.04
-73.2,-248.88,-175.68,161.04,48.8,-214.72,117.12,43.92,14.64,14.64,29.28,34.16
-73.2,-253.76,-180.56,165.92,53.68,-219.6,117.12,43.92,14.64,14.64,19.52,24.4
-82.96,-273.28,-190.32,180.56,53.68,-234.24,107.36,39.04,14.64,9.76,19.52,29.28
-73.2,-268.4,-195.2,170.8,58.56,-234.24,122,53.68,24.4,19.52,29.28,34.16
-68.32,-263.52,-195.2,165.92,63.44,-229.36,122,53.68,19.52,19.52,29.28,34.16
-73.2,-268.4,-195.2,170.8,58.56,-234.24,117.12,48.8,14.64,9.76,19.52,34.16
-78.08,-268.4,-190.32,175.68,53.68,-229.36,107.36,43.92,4.88,4.88,19.52,29.28
-82.96,-268.4,-185.44,175.68,48.8,-229.36,112.24,48.8,14.64,9.76,19.52,29.28
-63.44,-258.64,-195.2,161.04,63.44,-229.36,112.24,58.56,19.52,9.76,29.28,34.16
-63.44,-263.52,-200.08,165.92,68.32,-234.24,117.12,63.44,29.28,19.52,29.28,34.16
-48.8,-253.76,-204.96,151.28,78.08,-229.36,112.24,58.56,29.28,19.52,19.52,29.28
-48.8,-253.76,-204.96,151.28,78.08,-229.36,112.24,63.44,29.28,14.64,19.52,29.28
-58.56,-263.52,-204.96,161.04,73.2,-234.24,92.72,53.68,14.64,9.76,14.64,19.52
-78.08,-258.64,-180.56,170.8,48.8,-219.6,107.36,63.44,29.28,14.64,19.52,24.4
-68.32,-263.52,-195.2,165.92,63.44,-229.36,122,78.08,39.04,29.28,29.28,39.04
-58.56,-258.64,-200.08,161.04,68.32,-229.36,112.24,68.32,29.28,19.52,29.28,34.16
-58.56,-258.64,-200.08,161.04,68.32,-229.36,112.24,63.44,24.4,14.64,24.4,29.28
-73.2,-263.52,-190.32,170.8,58.56,-229.36,102.48,58.56,19.52,9.76,14.64,24.4
-68.32,-258.64,-190.32,165.92,58.56,-224.48,92.72,53.68,14.64,0,14.64,19.52
-58.56,-253.76,-195.2,156.16,68.32,-224.48,102.48,63.44,19.52,4.88,9.76,19.52
-92.72,-244,-151.28,170.8,29.28,-200.08,112.24,73.2,34.16,14.64,29.28,29.28
-82.96,-224.48,-141.52,156.16,29.28,-185.44,112.24,82.96,43.92,29.28,34.16,34.16
-102.48,-253.76,-151.28,180.56,24.4,-204.96,117.12,82.96,43.92,29.28,29.28,39.04
-73.2,-253.76,-180.56,165.92,53.68,-219.6,122,73.2,39.04,19.52,19.52,29.28
-58.56,-239.12,-180.56,151.28,58.56,-209.84,117.12,73.2,39.04,19.52,24.4,29.28
-53.68,-229.36,-175.68,141.52,58.56,-204.96,126.88,78.08,43.92,34.16,29.28,39.04
-63.44,-234.24,-170.8,151.28,53.68,-204.96,122,73.2,43.92,24.4,24.4,34.16
-68.32,-239.12,-170.8,156.16,48.8,-204.96,107.36,68.32,29.28,14.64,14.64,19.52
-63.44,-244,-180.56,156.16,58.56,-214.72,102.48,68.32,19.52,14.64,14.64,19.52
-48.8,-234.24,-185.44,141.52,68.32,-209.84,107.36,73.2,24.4,9.76,9.76,19.52
-63.44,-234.24,-170.8,151.28,53.68,-204.96,107.36,73.2,34.16,19.52,19.52,14.64
-58.56,-214.72,-156.16,136.64,48.8,-185.44,112.24,78.08,34.16,14.64,19.52,19.52
-43.92,-214.72,-170.8,131.76,63.44,-195.2,112.24,73.2,34.16,19.52,19.52,24.4
-63.44,-234.24,-170.8,151.28,53.68,-204.96,102.48,63.44,29.28,9.76,9.76,14.64
-63.44,-224.48,-161.04,146.4,48.8,-195.2,107.36,68.32,39.04,19.52,24.4,24.4
-87.84,-224.48,-136.64,156.16,24.4,-180.56,112.24,73.2,39.04,19.52,24.4,29.28
-73.2,-224.48,-151.28,151.28,39.04,-190.32,112.24,63.44,29.28,14.64,14.64,19.52
-63.44,-224.48,-161.04,146.4,48.8,-195.2,107.36,63.44,29.28,14.64,9.76,19.52
-58.56,-229.36,-170.8,146.4,53.68,-200.08,102.48,68.32,24.4,14.64,19.52,19.52
-78.08,-234.24,-156.16,156.16,39.04,-195.2,97.6,63.44,19.52,4.88,4.88,4.88
-68.32,-234.24,-165.92,151.28,48.8,-200.08,102.48,58.56,24.4,4.88,9.76,4.88
-48.8,-224.48,-175.68,136.64,63.44,-200.08,97.6,63.44,19.52,4.88,9.76,9.76
-68.32,-229.36,-161.04,151.28,43.92,-195.2,87.84,58.56,19.52,9.76,4.88,4.88
-78.08,-244,-165.92,161.04,43.92,-204.96,92.72,53.68,19.52,4.88,4.88,4.88
-73.2,-224.48,-151.28,151.28,39.04,-190.32,97.6,58.56,24.4,9.76,14.64,14.64
-43.92,-200.08,-156.16,122,53.68,-180.56,92.72,58.56,19.52,4.88,4.88,9.76
-53.68,-219.6,-165.92,136.64,53.68,-195.2,92.72,48.8,14.64,-4.88,0,0
-68.32,-229.36,-161.04,151.28,43.92,-195.2,92.72,48.8,9.76,-4.88,-4.88,9.76
-82.96,-234.24,-151.28,161.04,34.16,-195.2,92.72,48.8,9.76,-4.88,-4.88,4.88
-53.68,-209.84,-156.16,131.76,48.8,-185.44,97.6,53.68,9.76,-4.88,-4.88,0
-53.68,-195.2,-141.52,126.88,43.92,-170.8,102.48,53.68,4.88,-4.88,0,4.88
-78.08,-229.36,-151.28,156.16,34.16,-190.32,92.72,53.68,4.88,-4.88,0,4.88
-78.08,-239.12,-161.04,161.04,39.04,-200.08,92.72,48.8,4.88,-4.88,-4.88,0
-73.2,-229.36,-156.16,151.28,39.04,-195.2,87.84,39.04,0,-14.64,-9.76,-4.88
-82.96,-234.24,-151.28,161.04,34.16,-195.2,82.96,39.04,0,-9.76,-4.88,0
-68.32,-200.08,-131.76,136.64,29.28,-165.92,87.84,43.92,0,-9.76,0,0
-58.56,-195.2,-136.64,126.88,39.04,-165.92,87.84,39.04,0,-9.76,0,0
-68.32,-209.84,-141.52,141.52,34.16,-175.68,87.84,39.04,-4.88,-19.52,-9.76,-14.64
-53.68,-204.96,-151.28,131.76,48.8,-180.56,92.72,43.92,-4.88,-9.76,0,0
-58.56,-204.96,-146.4,131.76,43.92,-175.68,82.96,34.16,-9.76,-14.64,-14.64,-4.88
-68.32,-200.08,-131.76,136.64,29.28,-165.92,87.84,39.04,-9.76,-19.52,-14.64,-4.88
-78.08,-204.96,-126.88,141.52,24.4,-165.92,82.96,34.16,-9.76,-19.52,-14.64,-9.76
-82.96,-219.6,-136.64,151.28,24.4,-180.56,73.2,24.4,-14.64,-24.4,-19.52,-19.52
-82.96,-214.72,-131.76,151.28,24.4,-175.68,73.2,19.52,-14.64,-19.52,-14.64,-9.76
-87.84,-209.84,-122,151.28,14.64,-165.92,78.08,19.52,-14.64,-24.4,-14.64,-9.76
-78.08,-200.08,-122,141.52,19.52,-161.04,73.2,9.76,-19.52,-29.28,-19.52,-9.76
-73.2,-200.08,-126.88,136.64,24.4,-165.92,73.2,9.76,-29.28,-34.16,-19.52,-19.52
-73.2,-200.08,-126.88,136.64,24.4,-165.92,73.2,9.76,-29.28,-39.04,-24.4,-24.4
-63.44,-200.08,-136.64,131.76,34.16,-170.8,78.08,14.64,-24.4,-34.16,-19.52,-14.64
-68.32,-185.44,-117.12,126.88,24.4,-151.28,78.08,14.64,-19.52,-34.16,-14.64,-14.64
-58.56,-175.68,-117.12,117.12,29.28,-146.4,82.96,14.64,-24.4,-34.16,-19.52,-14.64
-58.56,-180.56,-122,122,29.28,-151.28,82.96,14.64,-24.4,-39.04,-24.4,-19.52
-82.96,-200.08,-117.12,141.52,14.64,-161.04,68.32,0,-34.16,-43.92,-29.28,-19.52
-78.08,-200.08,-122,141.52,19.52,-161.04,68.32,9.76,-29.28,-34.16,-24.4,-19.52
-68.32,-180.56,-112.24,126.88,19.52,-146.4,73.2,9.76,-29.28,-34.16,-24.4,-14.64
-68.32,-175.68,-107.36,122,19.52,-141.52,63.44,4.88,-34.16,-43.92,-29.28,-24.4
-82.96,-195.2,-112.24,141.52,14.64,-156.16,63.44,-4.88,-43.92,-48.8,-29.28,-29.28
-78.08,-190.32,-112.24,136.64,14.64,-151.28,63.44,-9.76,-43.92,-58.56,-39.04,-34.16
-78.08,-175.68,-97.6,126.88,9.76,-136.64,68.32,-4.88,-39.04,-48.8,-34.16,-24.4
-82.96,-180.56,-97.6,131.76,4.88,-141.52,63.44,-4.88,-39.04,-53.68,-34.16,-29.28
-78.08,-180.56,-102.48,131.76,9.76,-141.52,73.2,0,-34.16,-48.8,-29.28,-24.4
-78.08,-185.44,-107.36,131.76,14.64,-146.4,73.2,4.88,-39.04,-58.56,-39.04,-24.4
-63.44,-170.8,-107.36,117.12,19.52,-141.52,68.32,0,-34.16,-58.56,-39.04,-24.4
-117.12,-195.2,-78.08,156.16,-19.52,-136.64,68.32,0,-34.16,-53.68,-34.16,-29.28
-117.12,-204.96,-87.84,161.04,-14.64,-146.4,48.8,-19.52,-53.68,-73.2,-53.68,-43.92
-78.08,-180.56,-102.48,131.76,9.76,-141.52,53.68,-14.64,-48.8,-68.32,-48.8,-39.04
-97.6,-180.56,-82.96,141.52,-9.76,-131.76,53.68,-14.64,-48.8,-68.32,-43.92,-39.04
-112.24,-185.44,-73.2,151.28,-19.52,-131.76,53.68,-14.64,-48.8,-68.32,-43.92,-34.16
-102.48,-185.44,-82.96,146.4,-9.76,-136.64,58.56,-9.76,-48.8,-63.44,-43.92,-39.04
-82.96,-165.92,-82.96,126.88,0,-126.88,53.68,-14.64,-48.8,-73.2,-48.8,-39.04
-53.68,-146.4,-92.72,102.48,19.52,-122,58.56,-14.64,-43.92,-63.44,-48.8,-34.16
-78.08,-151.28,-73.2,117.12,-4.88,-112.24,53.68,-14.64,-48.8,-68.32,-53.68,-39.04
-63.44,-141.52,-78.08,102.48,4.88,-112.24,48.8,-19.52,-53.68,-63.44,-63.44,-48.8
-78.08,-141.52,-63.44,112.24,-9.76,-102.48,48.8,-19.52,-58.56,-68.32,-58.56,-48.8
-82.96,-141.52,-58.56,112.24,-14.64,-102.48,53.68,-14.64,-58.56,-68.32,-53.68,-43.92
-78.08,-156.16,-78.08,117.12,0,-117.12,48.8,-19.52,-63.44,-78.08,-58.56,-43.92
-97.6,-185.44,-87.84,141.52,-4.88,-136.64,34.16,-39.04,-73.2,-92.72,-73.2,-63.44
-92.72,-170.8,-78.08,131.76,-9.76,-126.88,34.16,-34.16,-68.32,-87.84,-63.44,-53.68
-92.72,-131.76,-39.04,112.24,-29.28,-87.84,53.68,-19.52,-53.68,-73.2,-53.68,-34.16
-82.96,-136.64,-53.68,112.24,-14.64,-97.6,53.68,-19.52,-53.68,-78.08,-53.68,-43.92
-87.84,-141.52,-53.68,117.12,-19.52,-97.6,39.04,-34.16,-63.44,-82.96,-63.44,-63.44
-112.24,-141.52,-29.28,126.88,-43.92,-87.84,43.92,-19.52,-58.56,-78.08,-58.56,-48.8
-82.96,-126.88,-43.92,107.36,-19.52,-87.84,48.8,-19.52,-53.68,-73.2,-58.56,-48.8
-78.08,-126.88,-48.8,102.48,-14.64,-87.84,48.8,-24.4,-58.56,-78.08,-63.44,-48.8
-82.96,-122,-39.04,102.48,-24.4,-82.96,48.8,-24.4,-58.56,-78.08,-63.44,-48.8
-87.84,-126.88,-39.04,107.36,-24.4,-82.96,48.8,-24.4,-58.56,-78.08,-63.44,-43.92
-92.72,-141.52,-48.8,117.12,-24.4,-97.6,48.8,-29.28,-58.56,-78.08,-63.44,-58.56
-92.72,-141.52,-48.8,117.12,-24.4,-97.6,39.04,-34.16,-68.32,-87.84,-73.2,-63.44
-82.96,-131.76,-48.8,107.36,-19.52,-92.72,34.16,-34.16,-73.2,-87.84,-73.2,-68.32
-82.96,-131.76,-48.8,107.36,-19.52,-92.72,34.16,-34.16,-73.2,-92.72,-73.2,-68.32
-87.84,-126.88,-39.04,107.36,-24.4,-82.96,24.4,-39.04,-73.2,-87.84,-73.2,-73.2
-97.6,-117.12,-19.52,107.36,-39.04,-68.32,19.52,-39.04,-78.08,-92.72,-73.2,-68.32
-87.84,-117.12,-29.28,102.48,-29.28,-73.2,24.4,-43.92,-78.08,-92.72,-78.08,-73.2
-68.32,-122,-53.68,97.6,-9.76,-87.84,14.64,-48.8,-82.96,-107.36,-82.96,-78.08
-68.32,-112.24,-43.92,92.72,-14.64,-78.08,14.64,-53.68,-87.84,-112.24,-92.72,-78.08
-87.84,-131.76,-43.92,112.24,-24.4,-87.84,19.52,-48.8,-82.96,-107.36,-87.84,-78.08
-122,-146.4,-24.4,136.64,-48.8,-87.84,34.16,-39.04,-73.2,-92.72,-73.2,-68.32
-141.52,-161.04,-19.52,151.28,-63.44,-92.72,24.4,-43.92,-78.08,-102.48,-78.08,-68.32
-122,-131.76,-9.76,126.88,-58.56,-73.2,19.52,-48.8,-82.96,-102.48,-82.96,-73.2
-87.84,-107.36,-19.52,97.6,-34.16,-63.44,24.4,-43.92,-73.2,-92.72,-73.2,-68.32
-92.72,-97.6,-4.88,97.6,-43.92,-53.68,24.4,-43.92,-73.2,-97.6,-73.2,-73.2
-112.24,-112.24,0,112.24,-58.56,-58.56,24.4,-48.8,-78.08,-97.6,-78.08,-73.2
-107.36,-107.36,0,107.36,-53.68,-53.68,24.4,-48.8,-73.2,-102.48,-78.08,-68.32
-107.36,-112.24,-4.88,112.24,-53.68,-58.56,24.4,-48.8,-78.08,-102.48,-87.84,-73.2
-82.96,-92.72,-9.76,87.84,-39.04,-53.68,29.28,-48.8,-73.2,-97.6,-82.96,-73.2
-73.2,-82.96,-9.76,78.08,-34.16,-48.8,19.52,-58.56,-82.96,-107.36,-92.72,-78.08
-102.48,-87.84,14.64,97.6,-58.56,-39.04,24.4,-53.68,-78.08,-107.36,-92.72,-78.08
-117.12,-107.36,9.76,112.24,-63.44,-48.8,9.76,-58.56,-92.72,-117.12,-102.48,-87.84
-107.36,-102.48,4.88,107.36,-58.56,-48.8,4.88,-63.44,-92.72,-117.12,-97.6,-82.96
-102.48,-92.72,9.76,97.6,-58.56,-43.92,9.76,-53.68,-87.84,-112.24,-97.6,-82.96
-97.6,-78.08,19.52,87.84,-58.56,-29.28,19.52,-43.92,-78.08,-102.48,-87.84,-78.08
-87.84,-73.2,14.64,82.96,-53.68,-29.28,19.52,-43.92,-78.08,-102.48,-92.72,-82.96
-87.84,-63.44,24.4,78.08,-58.56,-19.52,29.28,-43.92,-73.2,-102.48,-87.84,-78.08
-87.84,-48.8,39.04,68.32,-63.44,-4.88,29.28,-43.92,-73.2,-102.48,-97.6,-82.96
-73.2,-39.04,34.16,58.56,-53.68,-4.88,39.04,-34.16,-68.32,-92.72,-82.96,-68.32
-78.08,-29.28,48.8,53.68,-63.44,9.76,48.8,-19.52,-58.56,-82.96,-68.32,-58.56
-78.08,-19.52,58.56,48.8,-68.32,19.52,43.92,-29.28,-58.56,-92.72,-78.08,-68.32
-73.2,-4.88,68.32,39.04,-73.2,29.28,43.92,-14.64,-43.92,-78.08,-68.32,-53.68
-82.96,-19.52,63.44,53.68,-73.2,19.52,48.8,-14.64,-43.92,-78.08,-58.56,-43.92
-97.6,-34.16,63.44,68.32,-82.96,14.64,48.8,-24.4,-53.68,-92.72,-68.32,-58.56
-82.96,-19.52,63.44,53.68,-73.2,19.52,43.92,-24.4,-58.56,-92.72,-73.2,-63.44
-78.08,-4.88,73.2,43.92,-78.08,34.16,34.16,-34.16,-63.44,-97.6,-78.08,-73.2
-87.84,-4.88,82.96,48.8,-87.84,39.04,53.68,-19.52,-48.8,-87.84,-68.32,-68.32
-107.36,-4.88,102.48,58.56,-107.36,48.8,68.32,-9.76,-39.04,-82.96,-73.2,-63.44
-92.72,-14.64,78.08,53.68,-87.84,29.28,63.44,-9.76,-43.92,-82.96,-73.2,-68.32
-63.44,-4.88,58.56,34.16,-63.44,24.4,53.68,-14.64,-43.92,-87.84,-73.2,-68.32
-63.44,-4.88,58.56,34.16,-63.44,24.4,53.68,-19.52,-39.04,-82.96,-68.32,-68.32
-97.6,0,97.6,48.8,-97.6,48.8,53.68,0,-24.4,-68.32,-58.56,-58.56
-63.44,24.4,87.84,19.52,-78.08,53.68,53.68,0,-19.52,-63.44,-48.8,-53.68
-58.56,24.4,82.96,19.52,-73.2,53.68,43.92,-9.76,-34.16,-73.2,-58.56,-63.44
-63.44,14.64,78.08,24.4,-73.2,43.92,34.16,-9.76,-34.16,-78.08,-58.56,-53.68
-53.68,14.64,68.32,19.52,-63.44,39.04,4.88,-29.28,-48.8,-92.72,-68.32,-63.44
-63.44,0,63.44,34.16,-63.44,29.28,-4.88,-39.04,-48.8,-87.84,-68.32,-58.56
-48.8,24.4,73.2,14.64,-63.44,48.8,-14.64,-43.92,-48.8,-87.84,-63.44,-53.68
-29.28,29.28,58.56,0,-43.92,43.92,-24.4,-48.8,-53.68,-97.6,-68.32,-68.32
-39.04,29.28,68.32,4.88,-53.68,48.8,-29.28,-53.68,-63.44,-97.6,-73.2,-73.2
-53.68,9.76,63.44,24.4,-58.56,34.16,-43.92,-68.32,-68.32,-102.48,-73.2,-68.32
-92.72,19.52,112.24,39.04,-102.48,63.44,-43.92,-68.32,-73.2,-107.36,-68.32,-58.56
-63.44,48.8,112.24,9.76,-87.84,78.08,-43.92,-68.32,-73.2,-102.48,-68.32,-58.56
-43.92,68.32,112.24,-9.76,-78.08,87.84,-48.8,-78.08,-82.96,-107.36,-73.2,-58.56
-58.56,34.16,92.72,14.64,-78.08,63.44,-53.68,-78.08,-78.08,-102.48,-73.2,-63.44
-43.92,24.4,68.32,9.76,-58.56,43.92,-53.68,-73.2,-73.2,-102.48,-78.08,-63.44
-48.8,19.52,68.32,14.64,-58.56,43.92,-48.8,-78.08,-78.08,-107.36,-92.72,-78.08
-63.44,0,63.44,34.16,-63.44,29.28,-48.8,-78.08,-82.96,-112.24,-92.72,-78.08
-43.92,14.64,58.56,14.64,-53.68,34.16,-48.8,-87.84,-92.72,-122,-97.6,-82.96
-48.8,24.4,73.2,14.64,-63.44,48.8,-48.8,-92.72,-92.72,-126.88,-92.72,-78.08
-63.44,14.64,78.08,24.4,-73.2,43.92,-58.56,-97.6,-97.6,-136.64,-102.48,-87.84
-53.68,19.52,73.2,19.52,-63.44,43.92,-68.32,-107.36,-117.12,-141.52,-107.36,-92.72
-58.56,9.76,68.32,24.4,-63.44,39.04,-68.32,-112.24,-122,-151.28,-117.12,-102.48
-63.44,-4.88,58.56,34.16,-63.44,24.4,-63.44,-107.36,-122,-151.28,-122,-107.36
-92.72,-4.88,87.84,48.8,-92.72,39.04,-63.44,-122,-126.88,-161.04,-126.88,-117.12
-97.6,-19.52,78.08,58.56,-87.84,29.28,-78.08,-131.76,-136.64,-165.92,-136.64,-122
-78.08,-9.76,68.32,43.92,-73.2,29.28,-78.08,-141.52,-141.52,-170.8,-146.4,-126.88
-78.08,0,78.08,39.04,-78.08,39.04,-68.32,-131.76,-136.64,-165.92,-141.52,-126.88
-107.36,-9.76,97.6,58.56,-102.48,43.92,-68.32,-131.76,-141.52,-175.68,-146.4,-141.52
-141.52,-43.92,97.6,92.72,-122,24.4,-68.32,-131.76,-136.64,-180.56,-146.4,-141.52
-146.4,-43.92,102.48,97.6,-126.88,29.28,-73.2,-131.76,-141.52,-180.56,-151.28,-146.4
-136.64,-43.92,92.72,92.72,-117.12,24.4,-73.2,-136.64,-146.4,-190.32,-156.16,-151.28
-131.76,-34.16,97.6,82.96,-117.12,29.28,-78.08,-136.64,-146.4,-190.32,-161.04,-156.16
-131.76,-19.52,112.24,78.08,-122,43.92,-78.08,-141.52,-146.4,-185.44,-165.92,-151.28
-146.4,-19.52,126.88,82.96,-136.64,53.68,-73.2,-146.4,-151.28,-200.08,-170.8,-156.16
-136.64,-4.88,131.76,73.2,-136.64,63.44,-68.32,-141.52,-146.4,-195.2,-165.92,-151.28
-122,-19.52,102.48,73.2,-112.24,39.04,-68.32,-151.28,-156.16,-204.96,-175.68,-161.04
-126.88,-19.52,107.36,73.2,-117.12,43.92,-68.32,-146.4,-156.16,-200.08,-175.68,-165.92
-151.28,-14.64,136.64,82.96,-146.4,58.56,-73.2,-151.28,-161.04,-209.84,-180.56,-170.8
-146.4,-9.76,136.64,78.08,-141.52,63.44,-73.2,-146.4,-161.04,-200.08,-175.68,-165.92
-141.52,-14.64,126.88,78.08,-136.64,53.68,-68.32,-141.52,-161.04,-200.08,-175.68,-165.92
-156.16,-39.04,117.12,97.6,-136.64,39.04,-73.2,-146.4,-156.16,-200.08,-175.68,-165.92
-165.92,-19.52,146.4,92.72,-156.16,63.44,-68.32,-146.4,-161.04,-204.96,-175.68,-165.92
-170.8,-34.16,136.64,102.48,-156.16,48.8,-73.2,-156.16,-165.92,-209.84,-185.44,-175.68
-151.28,-19.52,131.76,87.84,-141.52,53.68,-78.08,-161.04,-165.92,-214.72,-190.32,-185.44
-175.68,-34.16,141.52,107.36,-161.04,53.68,-73.2,-156.16,-161.04,-209.84,-185.44,-175.68
-161.04,-4.88,156.16,82.96,-161.04,73.2,-73.2,-156.16,-165.92,-219.6,-185.44,-180.56
-131.76,9.76,141.52,63.44,-136.64,73.2,-68.32,-146.4,-156.16,-209.84,-180.56,-170.8
-146.4,-4.88,141.52,78.08,-146.4,68.32,-78.08,-156.16,-156.16,-214.72,-185.44,-180.56
-156.16,-19.52,136.64,87.84,-146.4,58.56,-68.32,-151.28,-151.28,-204.96,-175.68,-170.8
-170.8,-19.52,151.28,97.6,-161.04,63.44,-63.44,-151.28,-151.28,-204.96,-175.68,-170.8
-170.8,-24.4,146.4,97.6,-161.04,58.56,-68.32,-141.52,-146.4,-200.08,-175.68,-165.92
-175.68,-24.4,151.28,102.48,-165.92,63.44,-63.44,-136.64,-146.4,-200.08,-170.8,-161.04
-165.92,-29.28,136.64,97.6,-151.28,53.68,-63.44,-141.52,-141.52,-200.08,-170.8,-170.8
-151.28,-19.52,131.76,87.84,-141.52,53.68,-58.56,-131.76,-136.64,-200.08,-170.8,-165.92
-131.76,-19.52,112.24,78.08,-122,43.92,-58.56,-136.64,-141.52,-190.32,-165.92,-161.04
-151.28,-19.52,131.76,87.84,-141.52,53.68,-63.44,-141.52,-146.4,-200.08,-175.68,-170.8
-175.68,-24.4,151.28,102.48,-165.92,63.44,-53.68,-126.88,-141.52,-190.32,-170.8,-175.68
-170.8,-39.04,131.76,107.36,-151.28,43.92,-34.16,-112.24,-131.76,-195.2,-175.68,-180.56
-170.8,-53.68,117.12,112.24,-146.4,29.28,-9.76,-82.96,-126.88,-204.96,-190.32,-200.08
-180.56,-87.84,92.72,136.64,-136.64,0,9.76,-53.68,-126.88,-219.6,-214.72,-224.48
-180.56,-102.48,78.08,141.52,-131.76,-14.64,34.16,-14.64,-112.24,-229.36,-244,-248.88
-175.68,-102.48,73.2,141.52,-126.88,-14.64,53.68,19.52,-92.72,-224.48,-248.88,-258.64
-165.92,-102.48,63.44,136.64,-117.12,-19.52,82.96,68.32,-48.8,-185.44,-234.24,-244
-170.8,-92.72,78.08,131.76,-126.88,-9.76,102.48,146.4,24.4,-126.88,-200.08,-224.48
-131.76,-82.96,48.8,107.36,-92.72,-19.52,117.12,224.48,92.72,-78.08,-165.92,-200.08
-82.96,-73.2,9.76,78.08,-48.8,-34.16,131.76,292.8,161.04,-14.64,-122,-161.04
0,-39.04,-39.04,19.52,19.52,-39.04,122,361.12,253.76,82.96,-39.04,-92.72
136.64,24.4,-112.24,-78.08,122,-43.92,78.08,395.28,351.36,214.72,78.08,14.64
263.52,92.72,-170.8,-175.68,214.72,-39.04,-4.88,361.12,424.56,331.84,195.2,117.12
385.52,165.92,-219.6,-273.28,302.56,-29.28,-102.48,283.04,468.48,444.08,322.08,239.12
536.8,268.4,-268.4,-400.16,400.16,0,-200.08,185.44,527.04,585.6,473.36,385.52
653.92,356.24,-297.68,-502.64,473.36,29.28,-307.44,87.84,585.6,727.12,634.4,541.68
756.4,458.72,-297.68,-605.12,527.04,78.08,-405.04,-9.76,629.52,854,790.56,697.84
849.12,556.32,-292.8,-702.72,570.96,131.76,-488,-117.12,658.8,976,927.2,834.48
902.8,649.04,-253.76,-775.92,575.84,195.2,-595.36,-229.36,683.2,1083.36,1063.84,966.24
927.2,751.52,-175.68,-839.36,551.44,287.92,-678.32,-317.2,732,1195.6,1185.84,1093.12
883.28,858.88,-24.4,-868.64,453.84,414.8,-746.64,-419.68,761.28,1259.04,1283.44,1176.08
780.8,932.08,151.28,-854,312.32,541.68,-824.72,-556.32,702.72,1254.16,1327.36,1239.52
658.8,951.6,292.8,-805.2,180.56,619.76,-912.56,-736.88,522.16,1088.24,1244.4,1185.84
531.92,878.4,346.48,-702.72,92.72,610,-966.24,-927.2,234.24,761.28,995.52,1005.28
380.64,722.24,341.6,-551.44,19.52,531.92,-961.36,-1078.48,-112.24,341.6,639.28,697.84
229.36,595.36,366,-409.92,-68.32,478.24,-927.2,-1215.12,-429.44,-43.92,307.44,429.44
58.56,512.4,453.84,-283.04,-200.08,483.12,-878.4,-1302.96,-668.56,-341.6,58.56,209.84
-97.6,385.52,483.12,-141.52,-292.8,434.32,-814.96,-1361.52,-854,-566.08,-131.76,39.04
-190.32,297.68,488,-53.68,-341.6,390.4,-761.28,-1342,-946.72,-702.72,-258.64,-87.84
-239.12,204.96,444.08,19.52,-341.6,322.08,-702.72,-1254.16,-941.84,-741.76,-336.72,-175.68
-248.88,126.88,375.76,63.44,-312.32,248.88,-629.52,-1117.52,-878.4,-732,-380.64,-244
-234.24,63.44,297.68,87.84,-268.4,180.56,-556.32,-976,-775.92,-668.56,-380.64,-268.4
-204.96,19.52,224.48,92.72,-214.72,122,-492.88,-834.48,-668.56,-600.24,-356.24,-263.52
-185.44,-19.52,165.92,102.48,-175.68,73.2,-409.92,-678.32,-556.32,-507.52,-322.08,-253.76
-175.68,-24.4,151.28,102.48,-165.92,63.44,-336.72,-566.08,-463.6,-439.2,-283.04,-229.36
-151.28,0,151.28,78.08,-151.28,73.2,-263.52,-453.84,-370.88,-366,-229.36,-190.32
-146.4,24.4,170.8,63.44,-161.04,97.6,-200.08,-356.24,-297.68,-312.32,-195.2,-156.16
-156.16,29.28,185.44,63.44,-170.8,107.36,-146.4,-268.4,-239.12,-263.52,-175.68,-146.4
-151.28,29.28,180.56,63.44,-165.92,102.48,-117.12,-209.84,-195.2,-244,-165.92,-146.4
-136.64,4.88,141.52,68.32,-141.52,73.2,-97.6,-170.8,-175.68,-229.36,-170.8,-156.16
-122,0,122,63.44,-122,58.56,-63.44,-126.88,-141.52,-204.96,-165.92,-156.16
-112.24,-14.64,97.6,63.44,-107.36,39.04,-48.8,-102.48,-122,-190.32,-151.28,-146.4
-131.76,-19.52,112.24,78.08,-122,43.92,-29.28,-78.08,-97.6,-170.8,-141.52,-136.64
-131.76,-19.52,112.24,78.08,-122,43.92,-24.4,-78.08,-97.6,-165.92,-136.64,-136.64
-102.48,-4.88,97.6,53.68,-102.48,43.92,-24.4,-78.08,-97.6,-170.8,-141.52,-141.52
-136.64,-19.52,117.12,78.08,-126.88,48.8,-9.76,-68.32,-97.6,-170.8,-146.4,-141.52
-161.04,-24.4,136.64,92.72,-151.28,53.68,0,-53.68,-87.84,-165.92,-141.52,-136.64
-146.4,-14.64,131.76,82.96,-141.52,58.56,9.76,-39.04,-92.72,-161.04,-136.64,-131.76
-156.16,-14.64,141.52,87.84,-151.28,63.44,14.64,-29.28,-87.84,-161.04,-141.52,-131.76
-131.76,-14.64,117.12,73.2,-126.88,48.8,9.76,-19.52,-78.08,-161.04,-141.52,-136.64
-122,-24.4,97.6,73.2,-112.24,34.16,0,-24.4,-82.96,-165.92,-151.28,-146.4
-117.12,-29.28,87.84,73.2,-102.48,29.28,-4.88,-19.52,-78.08,-156.16,-146.4,-151.28
-117.12,-19.52,97.6,68.32,-107.36,39.04,0,-19.52,-63.44,-151.28,-141.52,-141.52
-146.4,-24.4,122,87.84,-136.64,48.8,24.4,0,-43.92,-122,-117.12,-126.88
-136.64,-19.52,117.12,78.08,-126.88,48.8,24.4,0,-53.68,-131.76,-126.88,-126.88
-141.52,-29.28,112.24,87.84,-126.88,39.04,29.28,0,-48.8,-122,-122,-126.88
-126.88,-34.16,92.72,82.96,-112.24,29.28,29.28,0,-53.68,-131.76,-122,-131.76
-107.36,-29.28,78.08,68.32,-92.72,24.4,34.16,9.76,-53.68,-126.88,-122,-122
-122,-24.4,97.6,73.2,-112.24,34.16,29.28,9.76,-53.68,-131.76,-122,-122
-102.48,-14.64,87.84,58.56,-97.6,34.16,29.28,14.64,-43.92,-126.88,-126.88,-131.76
-82.96,-14.64,68.32,48.8,-78.08,24.4,34.16,19.52,-43.92,-126.88,-131.76,-131.76
-82.96,-29.28,53.68,58.56,-68.32,9.76,29.28,24.4,-34.16,-117.12,-122,-126.88
-78.08,-9.76,68.32,43.92,-73.2,29.28,34.16,19.52,-24.4,-112.24,-112.24,-122
-126.88,-19.52,107.36,73.2,-117.12,43.92,48.8,34.16,-14.64,-92.72,-97.6,-107.36
-107.36,-14.64,92.72,63.44,-102.48,39.04,34.16,29.28,-24.4,-102.48,-97.6,-107.36
-122,-19.52,102.48,73.2,-112.24,39.04,39.04,24.4,-24.4,-107.36,-102.48,-112.24
-126.88,-24.4,102.48,78.08,-117.12,39.04,39.04,29.28,-24.4,-112.24,-102.48,-112.24
-122,-34.16,87.84,78.08,-107.36,24.4,43.92,39.04,-19.52,-97.6,-102.48,-102.48
-92.72,-14.64,78.08,53.68,-87.84,29.28,43.92,39.04,-19.52,-102.48,-97.6,-102.48
-87.84,-14.64,73.2,53.68,-82.96,29.28,43.92,53.68,-9.76,-97.6,-97.6,-102.48
-82.96,-4.88,78.08,43.92,-82.96,34.16,39.04,53.68,-4.88,-92.72,-92.72,-102.48
-73.2,4.88,78.08,34.16,-78.08,39.04,43.92,63.44,4.88,-82.96,-87.84,-97.6
-78.08,9.76,87.84,34.16,-82.96,48.8,43.92,48.8,4.88,-87.84,-82.96,-102.48
-78.08,24.4,102.48,29.28,-92.72,63.44,48.8,53.68,9.76,-78.08,-78.08,-102.48
-82.96,4.88,87.84,39.04,-87.84,43.92,48.8,58.56,4.88,-78.08,-78.08,-97.6
-73.2,9.76,82.96,34.16,-78.08,43.92,53.68,63.44,4.88,-68.32,-73.2,-97.6
-58.56,4.88,63.44,29.28,-63.44,34.16,43.92,58.56,0,-82.96,-82.96,-102.48
-63.44,0,63.44,34.16,-63.44,29.28,39.04,63.44,0,-82.96,-87.84,-97.6
-63.44,14.64,78.08,24.4,-73.2,43.92,48.8,68.32,4.88,-73.2,-78.08,-92.72
-78.08,4.88,82.96,39.04,-82.96,43.92,53.68,82.96,19.52,-68.32,-82.96,-92.72
-73.2,-29.28,43.92,53.68,-58.56,4.88,48.8,87.84,24.4,-58.56,-78.08,-87.84
-63.44,-9.76,53.68,39.04,-58.56,19.52,53.68,92.72,39.04,-48.8,-68.32,-82.96
-58.56,-9.76,48.8,34.16,-53.68,19.52,43.92,78.08,34.16,-53.68,-73.2,-82.96
-48.8,9.76,58.56,19.52,-53.68,34.16,58.56,92.72,43.92,-39.04,-63.44,-78.08
-39.04,9.76,48.8,14.64,-43.92,29.28,63.44,97.6,48.8,-34.16,-53.68,-68.32
-34.16,0,34.16,19.52,-34.16,14.64,58.56,97.6,43.92,-43.92,-58.56,-73.2
-58.56,4.88,63.44,29.28,-63.44,34.16,63.44,102.48,43.92,-43.92,-58.56,-73.2
-87.84,-14.64,73.2,53.68,-82.96,29.28,58.56,117.12,48.8,-34.16,-48.8,-68.32
-48.8,0,48.8,24.4,-48.8,24.4,53.68,117.12,43.92,-39.04,-53.68,-68.32
-34.16,14.64,48.8,9.76,-43.92,29.28,58.56,131.76,58.56,-24.4,-43.92,-63.44
-43.92,0,43.92,24.4,-43.92,19.52,63.44,136.64,58.56,-14.64,-43.92,-63.44
-48.8,-4.88,43.92,29.28,-48.8,19.52,63.44,131.76,63.44,-14.64,-43.92,-63.44
-24.4,9.76,34.16,9.76,-29.28,19.52,63.44,136.64,78.08,-9.76,-34.16,-53.68
0,4.88,4.88,0,-4.88,4.88,58.56,136.64,78.08,-9.76,-39.04,-58.56
9.76,19.52,9.76,-14.64,0,14.64,63.44,146.4,82.96,4.88,-24.4,-48.8
-4.88,29.28,34.16,-9.76,-19.52,29.28,68.32,151.28,87.84,4.88,-19.52,-43.92
-24.4,24.4,48.8,0,-39.04,34.16,78.08,156.16,92.72,4.88,-24.4,-39.04
-9.76,34.16,43.92,-9.76,-29.28,39.04,78.08,165.92,92.72,9.76,-19.52,-34.16
14.64,48.8,34.16,-29.28,-9.76,39.04,73.2,170.8,97.6,4.88,-19.52,-34.16
-4.88,24.4,29.28,-9.76,-19.52,24.4,78.08,190.32,117.12,24.4,-14.64,-34.16
-14.64,4.88,19.52,4.88,-19.52,9.76,82.96,195.2,126.88,39.04,-9.76,-24.4
4.88,24.4,19.52,-14.64,-9.76,19.52,73.2,200.08,131.76,43.92,-4.88,-19.52
14.64,34.16,19.52,-24.4,-4.88,24.4,73.2,200.08,141.52,48.8,4.88,-14.64
14.64,29.28,14.64,-19.52,0,19.52,78.08,209.84,151.28,63.44,14.64,-4.88
29.28,48.8,19.52,-39.04,4.88,34.16,78.08,204.96,151.28,68.32,14.64,0
39.04,53.68,14.64,-43.92,9.76,34.16,73.2,200.08,156.16,63.44,24.4,4.88
43.92,39.04,-4.88,-39.04,24.4,14.64,73.2,204.96,151.28,58.56,19.52,0
39.04,43.92,4.88,-39.04,14.64,24.4,73.2,219.6,156.16,73.2,24.4,0
29.28,39.04,9.76,-34.16,9.76,24.4,73.2,224.48,161.04,63.44,24.4,0
24.4,43.92,19.52,-34.16,0,29.28,82.96,239.12,180.56,82.96,34.16,14.64
58.56,58.56,0,-58.56,29.28,29.28,82.96,244,190.32,97.6,39.04,14.64
63.44,43.92,-19.52,-53.68,39.04,9.76,68.32,244,190.32,102.48,39.04,19.52
82.96,39.04,-43.92,-58.56,63.44,-4.88,78.08,253.76,209.84,117.12,58.56,34.16
78.08,4.88,-73.2,-39.04,73.2,-34.16,102.48,283.04,244,151.28,92.72,63.44
68.32,-29.28,-97.6,-19.52,82.96,-63.44,102.48,287.92,244,161.04,107.36,68.32
97.6,-14.64,-112.24,-39.04,102.48,-63.44,107.36,297.68,258.64,170.8,117.12,78.08
102.48,-4.88,-107.36,-48.8,102.48,-58.56,112.24,317.2,268.4,175.68,122,87.84
87.84,0,-87.84,-43.92,87.84,-43.92,122,346.48,287.92,200.08,136.64,107.36
107.36,9.76,-97.6,-58.56,102.48,-43.92,117.12,351.36,292.8,200.08,136.64,97.6
126.88,-4.88,-131.76,-58.56,126.88,-68.32,102.48,341.6,292.8,195.2,126.88,87.84
131.76,4.88,-126.88,-68.32,126.88,-63.44,112.24,351.36,312.32,224.48,146.4,97.6
102.48,-9.76,-112.24,-43.92,107.36,-63.44,117.12,361.12,326.96,244,165.92,117.12
122,9.76,-112.24,-63.44,117.12,-53.68,107.36,366,346.48,253.76,180.56,131.76
161.04,39.04,-122,-97.6,141.52,-43.92,112.24,385.52,356.24,273.28,190.32,141.52
180.56,48.8,-131.76,-112.24,156.16,-43.92,102.48,380.64,351.36,273.28,195.2,141.52
175.68,48.8,-126.88,-112.24,151.28,-39.04,102.48,390.4,361.12,283.04,209.84,156.16
185.44,58.56,-126.88,-122,156.16,-34.16,102.48,390.4,361.12,278.16,204.96,151.28
204.96,53.68,-151.28,-126.88,175.68,-48.8,97.6,400.16,366,287.92,204.96,156.16
219.6,63.44,-156.16,-141.52,185.44,-48.8,102.48,409.92,375.76,292.8,214.72,165.92
219.6,58.56,-161.04,-136.64,190.32,-53.68,102.48,419.68,390.4,317.2,219.6,170.8
214.72,53.68,-161.04,-131.76,185.44,-53.68,97.6,419.68,405.04,326.96,234.24,180.56
229.36,53.68,-175.68,-141.52,200.08,-63.44,87.84,419.68,409.92,336.72,239.12,185.44
219.6,63.44,-156.16,-141.52,185.44,-48.8,87.84,419.68,419.68,346.48,248.88,200.08
244,82.96,-161.04,-161.04,200.08,-39.04,97.6,429.44,429.44,361.12,258.64,209.84
268.4,92.72,-175.68,-180.56,219.6,-43.92,78.08,414.8,409.92,351.36,253.76,204.96
248.88,78.08,-170.8,-161.04,209.84,-48.8,73.2,414.8,419.68,351.36,248.88,209.84
234.24,78.08,-156.16,-156.16,195.2,-39.04,78.08,429.44,424.56,361.12,258.64,219.6
253.76,87.84,-165.92,-170.8,209.84,-39.04,82.96,429.44,424.56,366,258.64,219.6
273.28,92.72,-180.56,-180.56,224.48,-43.92,82.96,434.32,424.56,366,268.4,224.48
283.04,107.36,-175.68,-195.2,229.36,-34.16,78.08,429.44,429.44,380.64,263.52,224.48
273.28,102.48,-170.8,-185.44,219.6,-34.16,73.2,424.56,429.44,375.76,263.52,224.48
258.64,97.6,-161.04,-175.68,209.84,-34.16,78.08,434.32,439.2,385.52,273.28,234.24
263.52,117.12,-146.4,-190.32,204.96,-14.64,78.08,424.56,444.08,390.4,283.04,244
287.92,107.36,-180.56,-195.2,234.24,-39.04,58.56,405.04,429.44,385.52,273.28,234.24
312.32,131.76,-180.56,-219.6,244,-24.4,53.68,405.04,429.44,385.52,283.04,244
297.68,122,-175.68,-209.84,234.24,-29.28,58.56,405.04,424.56,380.64,278.16,244
273.28,122,-151.28,-195.2,209.84,-14.64,58.56,400.16,429.44,380.64,283.04,244
287.92,131.76,-156.16,-209.84,219.6,-14.64,63.44,405.04,424.56,380.64,283.04,248.88
263.52,112.24,-151.28,-185.44,204.96,-19.52,53.68,395.28,414.8,375.76,278.16,248.88
248.88,112.24,-136.64,-180.56,190.32,-14.64,53.68,380.64,405.04,375.76,273.28,239.12
253.76,107.36,-146.4,-180.56,200.08,-19.52,58.56,370.88,395.28,361.12,273.28,239.12
253.76,102.48,-151.28,-175.68,200.08,-24.4,58.56,361.12,385.52,356.24,263.52,239.12
268.4,122,-146.4,-195.2,204.96,-14.64,58.56,346.48,380.64,351.36,268.4,234.24
229.36,107.36,-122,-165.92,175.68,-9.76,58.56,336.72,370.88,341.6,258.64,229.36
224.48,102.48,-122,-161.04,170.8,-9.76,58.56,326.96,356.24,322.08,248.88,224.48
234.24,102.48,-131.76,-165.92,180.56,-14.64,53.68,302.56,331.84,297.68,224.48,200.08
214.72,87.84,-126.88,-151.28,170.8,-19.52,53.68,292.8,322.08,283.04,214.72,200.08
214.72,82.96,-131.76,-146.4,170.8,-24.4,63.44,292.8,312.32,287.92,209.84,190.32
195.2,87.84,-107.36,-141.52,151.28,-9.76,63.44,278.16,302.56,268.4,200.08,180.56
146.4,68.32,-78.08,-107.36,112.24,-4.88,68.32,268.4,287.92,253.76,185.44,170.8
107.36,48.8,-58.56,-78.08,82.96,-4.88,82.96,263.52,283.04,253.76,190.32,170.8
112.24,58.56,-53.68,-82.96,82.96,0,78.08,244,263.52,239.12,180.56,156.16
122,58.56,-63.44,-87.84,92.72,-4.88,68.32,209.84,244,204.96,161.04,131.76
107.36,48.8,-58.56,-78.08,82.96,-4.88,63.44,200.08,224.48,190.32,146.4,131.76
97.6,34.16,-63.44,-63.44,78.08,-14.64,53.68,180.56,204.96,170.8,136.64,122
73.2,34.16,-39.04,-53.68,53.68,-4.88,48.8,165.92,185.44,151.28,122,107.36
53.68,39.04,-14.64,-43.92,34.16,9.76,53.68,151.28,170.8,136.64,102.48,102.48
48.8,24.4,-24.4,-34.16,34.16,0,58.56,141.52,151.28,122,87.84,87.84
48.8,24.4,-24.4,-34.16,34.16,0,58.56,131.76,141.52,107.36,82.96,73.2
43.92,24.4,-19.52,-34.16,29.28,0,53.68,117.12,126.88,82.96,63.44,58.56
39.04,9.76,-29.28,-24.4,34.16,-9.76,48.8,97.6,107.36,68.32,53.68,43.92
34.16,9.76,-24.4,-19.52,29.28,-9.76,48.8,82.96,97.6,63.44,43.92,39.04
-19.52,-9.76,9.76,14.64,-14.64,0,53.68,82.96,92.72,58.56,34.16,34.16
-19.52,-24.4,-4.88,24.4,-9.76,-14.64,43.92,68.32,73.2,43.92,24.4,29.28
-4.88,-24.4,-19.52,14.64,4.88,-24.4,39.04,53.68,53.68,24.4,14.64,19.52
34.16,0,-34.16,-14.64,34.16,-19.52,34.16,34.16,34.16,9.76,0,4.88
24.4,-9.76,-34.16,-4.88,29.28,-24.4,29.28,19.52,19.52,-9.76,-14.64,-9.76
-9.76,-39.04,-29.28,24.4,9.76,-34.16,34.16,14.64,0,-19.52,-19.52,-19.52
-82.96,-43.92,39.04,63.44,-63.44,-4.88,58.56,29.28,9.76,-9.76,-9.76,-4.88
-78.08,-43.92,34.16,63.44,-58.56,-4.88,58.56,24.4,14.64,-19.52,-19.52,-14.64
-73.2,-43.92,29.28,58.56,-53.68,-9.76,53.68,19.52,4.88,-24.4,-19.52,-19.52
-48.8,-34.16,14.64,43.92,-34.16,-9.76,43.92,9.76,0,-29.28,-29.28,-14.64
-48.8,-43.92,4.88,48.8,-29.28,-19.52,48.8,0,-4.88,-39.04,-29.28,-14.64
-58.56,-53.68,4.88,58.56,-34.16,-24.4,39.04,-19.52,-19.52,-53.68,-39.04,-34.16
-68.32,-63.44,4.88,68.32,-39.04,-29.28,39.04,-24.4,-29.28,-58.56,-39.04,-29.28
-68.32,-53.68,14.64,63.44,-43.92,-19.52,43.92,-19.52,-29.28,-53.68,-39.04,-29.28
-68.32,-48.8,19.52,58.56,-43.92,-14.64,48.8,-19.52,-29.28,-58.56,-39.04,-29.28
-63.44,-53.68,9.76,58.56,-39.04,-24.4,43.92,-19.52,-34.16,-63.44,-48.8,-39.04
-73.2,-53.68,19.52,63.44,-48.8,-19.52,39.04,-29.28,-43.92,-78.08,-58.56,-43.92
-68.32,-63.44,4.88,68.32,-39.04,-29.28,24.4,-39.04,-48.8,-82.96,-68.32,-53.68
-73.2,-82.96,-9.76,78.08,-34.16,-48.8,4.88,-34.16,-48.8,-82.96,-63.44,-53.68
-58.56,-68.32,-9.76,63.44,-24.4,-39.04,-19.52,-39.04,-53.68,-82.96,-63.44,-48.8
-58.56,-53.68,4.88,58.56,-34.16,-24.4,-24.4,-43.92,-48.8,-73.2,-53.68,-43.92
-73.2,-63.44,9.76,68.32,-43.92,-29.28,-19.52,-48.8,-48.8,-73.2,-58.56,-53.68
-78.08,-78.08,0,78.08,-39.04,-39.04,-34.16,-63.44,-63.44,-87.84,-68.32,-58.56
-68.32,-73.2,-4.88,73.2,-34.16,-39.04,-34.16,-63.44,-63.44,-87.84,-68.32,-58.56
-73.2,-63.44,9.76,68.32,-43.92,-29.28,-24.4,-53.68,-58.56,-82.96,-63.44,-53.68
-78.08,-58.56,19.52,68.32,-48.8,-19.52,-14.64,-48.8,-53.68,-78.08,-63.44,-53.68
-97.6,-63.44,34.16,82.96,-68.32,-14.64,-24.4,-53.68,-63.44,-92.72,-68.32,-58.56
-107.36,-73.2,34.16,92.72,-73.2,-19.52,-19.52,-43.92,-58.56,-87.84,-63.44,-53.68
-78.08,-58.56,19.52,68.32,-48.8,-19.52,-24.4,-48.8,-63.44,-92.72,-68.32,-53.68
-78.08,-58.56,19.52,68.32,-48.8,-19.52,-24.4,-53.68,-63.44,-87.84,-73.2,-53.68
-73.2,-53.68,19.52,63.44,-48.8,-19.52,-39.04,-63.44,-68.32,-92.72,-73.2,-58.56
-73.2,-58.56,14.64,68.32,-43.92,-24.4,-39.04,-63.44,-68.32,-87.84,-73.2,-58.56
-78.08,-63.44,14.64,73.2,-48.8,-24.4,-34.16,-63.44,-63.44,-87.84,-68.32,-48.8
-78.08,-68.32,9.76,73.2,-43.92,-29.28,-39.04,-63.44,-73.2,-87.84,-78.08,-58.56
-78.08,-63.44,14.64,73.2,-48.8,-24.4,-34.16,-58.56,-68.32,-92.72,-73.2,-53.68
-78.08,-63.44,14.64,73.2,-48.8,-24.4,-24.4,-58.56,-68.32,-92.72,-78.08,-58.56
-68.32,-53.68,14.64,63.44,-43.92,-19.52,-19.52,-48.8,-63.44,-97.6,-73.2,-58.56
-78.08,-53.68,24.4,68.32,-53.68,-14.64,-24.4,-48.8,-63.44,-87.84,-78.08,-68.32
-87.84,-53.68,34.16,73.2,-63.44,-9.76,-4.88,-34.16,-48.8,-73.2,-63.44,-48.8
-78.08,-58.56,19.52,68.32,-48.8,-19.52,-14.64,-43.92,-53.68,-78.08,-68.32,-58.56
-87.84,-63.44,24.4,78.08,-58.56,-19.52,-19.52,-48.8,-53.68,-82.96,-68.32,-53.68
-82.96,-58.56,24.4,73.2,-53.68,-19.52,-14.64,-48.8,-53.68,-78.08,-68.32,-53.68
-82.96,-63.44,19.52,73.2,-53.68,-24.4,-24.4,-58.56,-63.44,-87.84,-73.2,-53.68
-82.96,-63.44,19.52,73.2,-53.68,-24.4,-24.4,-58.56,-68.32,-92.72,-73.2,-63.44
-78.08,-58.56,19.52,68.32,-48.8,-19.52,-29.28,-63.44,-68.32,-97.6,-73.2,-63.44
-92.72,-68.32,24.4,82.96,-58.56,-24.4,-19.52,-43.92,-58.56,-82.96,-68.32,-58.56
-97.6,-68.32,29.28,82.96,-63.44,-19.52,-19.52,-48.8,-58.56,-92.72,-68.32,-58.56
-102.48,-63.44,39.04,82.96,-73.2,-14.64,-19.52,-43.92,-53.68,-82.96,-68.32,-63.44
-107.36,-68.32,39.04,87.84,-73.2,-14.64,-29.28,-43.92,-48.8,-87.84,-68.32,-58.56
-97.6,-78.08,19.52,87.84,-58.56,-29.28,-19.52,-39.04,-43.92,-82.96,-63.44,-58.56
-82.96,-73.2,9.76,78.08,-48.8,-34.16,-19.52,-43.92,-48.8,-82.96,-63.44,-63.44
-68.32,-58.56,9.76,63.44,-39.04,-24.4,-19.52,-43.92,-53.68,-78.08,-58.56,-58.56
-73.2,-53.68,19.52,63.44,-48.8,-19.52,-29.28,-48.8,-63.44,-87.84,-63.44,-58.56
-82.96,-73.2,9.76,78.08,-48.8,-34.16,-29.28,-48.8,-68.32,-87.84,-73.2,-68.32
-82.96,-58.56,24.4,73.2,-53.68,-19.52,-14.64,-34.16,-58.56,-82.96,-58.56,-58.56
-78.08,-58.56,19.52,68.32,-48.8,-19.52,-9.76,-24.4,-53.68,-78.08,-58.56,-58.56
-87.84,-68.32,19.52,78.08,-53.68,-24.4,-19.52,-39.04,-58.56,-92.72,-68.32,-68.32
-102.48,-73.2,29.28,87.84,-68.32,-24.4,-14.64,-34.16,-58.56,-82.96,-68.32,-68.32
-102.48,-68.32,34.16,87.84,-68.32,-19.52,-4.88,-24.4,-48.8,-68.32,-53.68,-48.8
-87.84,-73.2,14.64,82.96,-53.68,-29.28,0,-19.52,-39.04,-63.44,-48.8,-48.8
-78.08,-68.32,9.76,73.2,-43.92,-29.28,-9.76,-34.16,-48.8,-73.2,-53.68,-53.68
-68.32,-68.32,0,68.32,-34.16,-34.16,-14.64,-39.04,-53.68,-73.2,-63.44,-63.44
-97.6,-78.08,19.52,87.84,-58.56,-29.28,-4.88,-29.28,-43.92,-68.32,-48.8,-53.68
-107.36,-82.96,24.4,97.6,-68.32,-29.28,-4.88,-24.4,-43.92,-68.32,-53.68,-58.56
-92.72,-68.32,24.4,82.96,-58.56,-24.4,-9.76,-24.4,-43.92,-73.2,-48.8,-58.56
-107.36,-78.08,29.28,92.72,-68.32,-24.4,0,-19.52,-43.92,-73.2,-58.56,-63.44
-102.48,-87.84,14.64,97.6,-58.56,-39.04,-14.64,-34.16,-58.56,-87.84,-68.32,-78.08
-102.48,-78.08,24.4,92.72,-63.44,-29.28,-9.76,-24.4,-53.68,-78.08,-73.2,-78.08
-122,-78.08,43.92,102.48,-82.96,-19.52,0,-19.52,-48.8,-68.32,-58.56,-63.44
-122,-82.96,39.04,102.48,-82.96,-24.4,4.88,-9.76,-34.16,-58.56,-53.68,-53.68
-107.36,-68.32,39.04,87.84,-73.2,-14.64,4.88,-19.52,-34.16,-58.56,-58.56,-58.56
-97.6,-63.44,34.16,82.96,-68.32,-14.64,0,-29.28,-43.92,-68.32,-63.44,-63.44
-97.6,-68.32,29.28,82.96,-63.44,-19.52,-4.88,-29.28,-43.92,-68.32,-58.56,-58.56
-112.24,-78.08,34.16,97.6,-73.2,-24.4,-9.76,-34.16,-53.68,-78.08,-63.44,-63.44
-136.64,-87.84,48.8,112.24,-92.72,-19.52,-9.76,-34.16,-58.56,-82.96,-73.2,-63.44
-122,-92.72,29.28,107.36,-78.08,-34.16,-4.88,-24.4,-53.68,-82.96,-63.44,-68.32
-122,-97.6,24.4,112.24,-73.2,-39.04,9.76,-24.4,-48.8,-78.08,-63.44,-68.32
-107.36,-102.48,4.88,107.36,-58.56,-48.8,0,-29.28,-53.68,-82.96,-78.08,-82.96
-112.24,-92.72,19.52,102.48,-68.32,-39.04,4.88,-19.52,-48.8,-78.08,-68.32,-63.44
-131.76,-92.72,39.04,112.24,-87.84,-29.28,0,-29.28,-53.68,-78.08,-68.32,-63.44
-141.52,-112.24,29.28,126.88,-87.84,-43.92,-14.64,-43.92,-53.68,-87.84,-73.2,-73.2
-126.88,-112.24,14.64,122,-73.2,-48.8,-24.4,-53.68,-63.44,-92.72,-78.08,-73.2
-122,-107.36,14.64,117.12,-68.32,-48.8,-14.64,-43.92,-63.44,-87.84,-73.2,-73.2
-126.88,-107.36,19.52,117.12,-73.2,-43.92,0,-34.16,-53.68,-73.2,-58.56,-58.56
-131.76,-102.48,29.28,117.12,-82.96,-39.04,9.76,-34.16,-48.8,-78.08,-58.56,-58.56
-112.24,-107.36,4.88,112.24,-58.56,-53.68,-4.88,-39.04,-63.44,-82.96,-68.32,-68.32
-112.24,-97.6,14.64,107.36,-63.44,-43.92,4.88,-34.16,-58.56,-78.08,-63.44,-63.44
-141.52,-107.36,34.16,126.88,-87.84,-39.04,4.88,-39.04,-68.32,-87.84,-68.32,-73.2
-136.64,-117.12,19.52,126.88,-78.08,-48.8,-4.88,-43.92,-68.32,-92.72,-78.08,-73.2
-126.88,-112.24,14.64,122,-73.2,-48.8,-9.76,-43.92,-63.44,-87.84,-78.08,-68.32
-122,-112.24,9.76,117.12,-68.32,-53.68,-9.76,-53.68,-63.44,-87.84,-73.2,-68.32
-136.64,-107.36,29.28,122,-82.96,-39.04,4.88,-34.16,-53.68,-73.2,-63.44,-53.68
-126.88,-92.72,34.16,112.24,-82.96,-29.28,4.88,-39.04,-53.68,-73.2,-58.56,-53.68
-107.36,-92.72,14.64,102.48,-63.44,-39.04,4.88,-43.92,-58.56,-73.2,-53.68,-53.68
-117.12,-87.84,29.28,102.48,-73.2,-29.28,0,-48.8,-68.32,-82.96,-63.44,-58.56
-112.24,-87.84,24.4,102.48,-68.32,-34.16,0,-43.92,-63.44,-82.96,-58.56,-58.56
-117.12,-87.84,29.28,102.48,-73.2,-29.28,-4.88,-53.68,-68.32,-87.84,-68.32,-63.44
-92.72,-68.32,24.4,82.96,-58.56,-24.4,-4.88,-48.8,-73.2,-87.84,-63.44,-63.44
-87.84,-73.2,14.64,82.96,-53.68,-29.28,4.88,-48.8,-68.32,-82.96,-68.32,-63.44
-97.6,-87.84,9.76,92.72,-53.68,-39.04,0,-58.56,-78.08,-82.96,-68.32,-63.44
-97.6,-87.84,9.76,92.72,-53.68,-39.04,-4.88,-73.2,-82.96,-92.72,-73.2,-68.32
-87.84,-92.72,-4.88,92.72,-43.92,-48.8,-14.64,-73.2,-87.84,-97.6,-73.2,-73.2
-82.96,-82.96,0,82.96,-43.92,-43.92,-9.76,-68.32,-87.84,-92.72,-73.2,-73.2
-97.6,-82.96,14.64,92.72,-58.56,-34.16,-4.88,-68.32,-92.72,-97.6,-73.2,-73.2
-126.88,-87.84,39.04,107.36,-82.96,-24.4,0,-73.2,-82.96,-97.6,-78.08,-68.32
-107.36,-78.08,29.28,92.72,-68.32,-24.4,0,-63.44,-78.08,-92.72,-78.08,-73.2
-87.84,-73.2,14.64,82.96,-53.68,-29.28,-9.76,-78.08,-92.72,-102.48,-87.84,-82.96
-97.6,-82.96,14.64,92.72,-58.56,-34.16,-14.64,-73.2,-92.72,-107.36,-92.72,-82.96
-92.72,-82.96,9.76,87.84,-53.68,-39.04,-14.64,-73.2,-87.84,-107.36,-87.84,-82.96
-82.96,-87.84,-4.88,87.84,-39.04,-48.8,-9.76,-78.08,-92.72,-102.48,-82.96,-78.08
-97.6,-73.2,24.4,87.84,-63.44,-24.4,0,-78.08,-87.84,-102.48,-82.96,-73.2
-126.88,-82.96,43.92,107.36,-87.84,-19.52,4.88,-63.44,-78.08,-92.72,-68.32,-63.44
-112.24,-92.72,19.52,102.48,-68.32,-39.04,-4.88,-78.08,-92.72,-97.6,-82.96,-78.08
-92.72,-82.96,9.76,87.84,-53.68,-39.04,0,-73.2,-92.72,-97.6,-82.96,-78.08
-102.48,-102.48,0,102.48,-53.68,-53.68,4.88,-68.32,-87.84,-102.48,-82.96,-73.2
-107.36,-102.48,4.88,107.36,-58.56,-48.8,4.88,-68.32,-92.72,-102.48,-82.96,-78.08
-87.84,-78.08,9.76,82.96,-48.8,-34.16,0,-82.96,-97.6,-102.48,-87.84,-78.08
-102.48,-78.08,24.4,92.72,-63.44,-29.28,-4.88,-78.08,-97.6,-102.48,-87.84,-78.08
-92.72,-63.44,29.28,78.08,-63.44,-19.52,0,-78.08,-87.84,-102.48,-78.08,-78.08
-82.96,-68.32,14.64,78.08,-48.8,-29.28,-9.76,-87.84,-102.48,-97.6,-87.84,-87.84
-78.08,-87.84,-9.76,82.96,-34.16,-48.8,-9.76,-92.72,-97.6,-107.36,-92.72,-92.72
-97.6,-102.48,-4.88,102.48,-48.8,-53.68,4.88,-78.08,-82.96,-87.84,-73.2,-73.2
-122,-102.48,19.52,112.24,-73.2,-43.92,9.76,-73.2,-82.96,-92.72,-73.2,-68.32
-136.64,-92.72,43.92,117.12,-92.72,-24.4,4.88,-73.2,-82.96,-92.72,-73.2,-68.32
-122,-78.08,43.92,102.48,-82.96,-19.52,4.88,-73.2,-82.96,-87.84,-73.2,-63.44
-117.12,-97.6,19.52,107.36,-68.32,-39.04,-4.88,-82.96,-102.48,-102.48,-87.84,-82.96
-102.48,-87.84,14.64,97.6,-58.56,-39.04,9.76,-73.2,-97.6,-97.6,-82.96,-78.08
-107.36,-78.08,29.28,92.72,-68.32,-24.4,19.52,-63.44,-87.84,-87.84,-73.2,-73.2
-97.6,-73.2,24.4,87.84,-63.44,-24.4,14.64,-63.44,-87.84,-92.72,-73.2,-68.32
-97.6,-68.32,29.28,82.96,-63.44,-19.52,9.76,-73.2,-92.72,-97.6,-78.08,-73.2
-87.84,-63.44,24.4,78.08,-58.56,-19.52,4.88,-73.2,-92.72,-92.72,-78.08,-73.2
-73.2,-53.68,19.52,63.44,-48.8,-19.52,9.76,-68.32,-82.96,-87.84,-68.32,-68.32
-92.72,-43.92,48.8,68.32,-73.2,0,14.64,-73.2,-82.96,-87.84,-68.32,-58.56
-82.96,-73.2,9.76,78.08,-48.8,-34.16,19.52,-73.2,-87.84,-82.96,-68.32,-63.44
-82.96,-82.96,0,82.96,-43.92,-43.92,14.64,-73.2,-87.84,-87.84,-73.2,-68.32
-73.2,-78.08,-4.88,78.08,-34.16,-43.92,0,-78.08,-102.48,-102.48,-82.96,-87.84
-92.72,-87.84,4.88,92.72,-48.8,-43.92,0,-78.08,-102.48,-97.6,-87.84,-82.96
-112.24,-82.96,29.28,97.6,-73.2,-29.28,9.76,-73.2,-92.72,-92.72,-78.08,-73.2
-131.76,-87.84,43.92,112.24,-87.84,-24.4,14.64,-73.2,-82.96,-82.96,-73.2,-68.32
-92.72,-63.44,29.28,78.08,-63.44,-19.52,14.64,-82.96,-87.84,-87.84,-78.08,-73.2
-82.96,-58.56,24.4,73.2,-53.68,-19.52,19.52,-82.96,-82.96,-78.08,-78.08,-68.32
-87.84,-63.44,24.4,78.08,-58.56,-19.52,19.52,-78.08,-82.96,-78.08,-73.2,-68.32
-68.32,-53.68,14.64,63.44,-43.92,-19.52,9.76,-78.08,-87.84,-82.96,-78.08,-73.2
-82.96,-63.44,19.52,73.2,-53.68,-24.4,9.76,-87.84,-92.72,-92.72,-87.84,-82.96
-87.84,-82.96,4.88,87.84,-48.8,-39.04,14.64,-82.96,-97.6,-92.72,-87.84,-78.08
-78.08,-68.32,9.76,73.2,-43.92,-29.28,14.64,-82.96,-97.6,-97.6,-78.08,-73.2
-78.08,-63.44,14.64,73.2,-48.8,-24.4,19.52,-73.2,-92.72,-82.96,-78.08,-78.08
-73.2,-63.44,9.76,68.32,-43.92,-29.28,24.4,-73.2,-97.6,-82.96,-78.08,-78.08
-102.48,-87.84,14.64,97.6,-58.56,-39.04,9.76,-82.96,-97.6,-92.72,-87.84,-82.96
-117.12,-97.6,19.52,107.36,-68.32,-39.04,14.64,-82.96,-97.6,-87.84,-82.96,-82.96
-97.6,-92.72,4.88,97.6,-53.68,-43.92,9.76,-82.96,-92.72,-87.84,-87.84,-87.84
-87.84,-73.2,14.64,82.96,-53.68,-29.28,14.64,-78.08,-92.72,-87.84,-82.96,-82.96
-73.2,-53.68,19.52,63.44,-48.8,-19.52,14.64,-78.08,-92.72,-87.84,-82.96,-82.96
-63.44,-58.56,4.88,63.44,-34.16,-29.28,9.76,-82.96,-107.36,-87.84,-87.84,-82.96
-97.6,-73.2,24.4,87.84,-63.44,-24.4,4.88,-87.84,-107.36,-97.6,-87.84,-92.72
-122,-78.08,43.92,102.48,-82.96,-19.52,24.4,-82.96,-107.36,-92.72,-87.84,-87.84
-117.12,-78.08,39.04,97.6,-78.08,-19.52,29.28,-73.2,-92.72,-87.84,-78.08,-78.08
-97.6,-82.96,14.64,92.72,-58.56,-34.16,19.52,-73.2,-92.72,-87.84,-78.08,-73.2
-87.84,-73.2,14.64,82.96,-53.68,-29.28,24.4,-73.2,-87.84,-87.84,-78.08,-73.2
-97.6,-78.08,19.52,87.84,-58.56,-29.28,24.4,-73.2,-87.84,-87.84,-78.08,-73.2
-78.08,-73.2,4.88,78.08,-43.92,-34.16,24.4,-68.32,-82.96,-73.2,-78.08,-73.2
-68.32,-53.68,14.64,63.44,-43.92,-19.52,29.28,-68.32,-87.84,-78.08,-73.2,-73.2
-68.32,-48.8,19.52,58.56,-43.92,-14.64,24.4,-68.32,-92.72,-82.96,-78.08,-78.08
-92.72,-43.92,48.8,68.32,-73.2,0,43.92,-53.68,-78.08,-68.32,-63.44,-63.44
-102.48,-43.92,58.56,73.2,-82.96,4.88,58.56,-43.92,-68.32,-63.44,-58.56,-63.44
-82.96,-29.28,53.68,58.56,-68.32,9.76,53.68,-43.92,-73.2,-68.32,-53.68,-58.56
-68.32,-14.64,53.68,43.92,-63.44,19.52,63.44,-29.28,-58.56,-53.68,-53.68,-58.56
-78.08,-24.4,53.68,53.68,-68.32,14.64,68.32,-34.16,-63.44,-53.68,-58.56,-63.44
-68.32,-39.04,29.28,53.68,-48.8,-4.88,53.68,-43.92,-68.32,-63.44,-68.32,-73.2
-48.8,-24.4,24.4,39.04,-39.04,0,58.56,-48.8,-68.32,-53.68,-63.44,-68.32
-68.32,-24.4,43.92,48.8,-58.56,9.76,48.8,-48.8,-63.44,-53.68,-53.68,-58.56
-73.2,-4.88,68.32,39.04,-73.2,29.28,58.56,-39.04,-58.56,-43.92,-48.8,-48.8
-53.68,9.76,63.44,24.4,-58.56,34.16,68.32,-39.04,-58.56,-43.92,-58.56,-53.68
-53.68,14.64,68.32,19.52,-63.44,39.04,73.2,-34.16,-63.44,-48.8,-58.56,-53.68
-58.56,14.64,73.2,24.4,-68.32,43.92,92.72,-9.76,-43.92,-39.04,-43.92,-48.8
-82.96,-9.76,73.2,48.8,-78.08,29.28,102.48,4.88,-34.16,-34.16,-39.04,-39.04
-53.68,-9.76,43.92,34.16,-48.8,14.64,82.96,-9.76,-48.8,-43.92,-53.68,-58.56
-34.16,-4.88,29.28,19.52,-34.16,9.76,87.84,-9.76,-43.92,-34.16,-43.92,-48.8
-48.8,-14.64,34.16,34.16,-43.92,9.76,82.96,-14.64,-39.04,-34.16,-43.92,-43.92
-58.56,4.88,63.44,29.28,-63.44,34.16,97.6,0,-29.28,-4.88,-24.4,-29.28
-43.92,14.64,58.56,14.64,-53.68,34.16,87.84,-9.76,-19.52,-4.88,-29.28,-29.28
-34.16,4.88,39.04,14.64,-39.04,19.52,68.32,-19.52,-29.28,-14.64,-29.28,-24.4
-39.04,9.76,48.8,14.64,-43.92,29.28,58.56,-19.52,-24.4,-14.64,-24.4,-24.4
-43.92,9.76,53.68,19.52,-48.8,29.28,39.04,-34.16,-39.04,-19.52,-29.28,-29.28
-29.28,0,29.28,14.64,-29.28,14.64,24.4,-39.04,-43.92,-24.4,-34.16,-34.16
-19.52,24.4,43.92,0,-34.16,34.16,29.28,-34.16,-43.92,-19.52,-24.4,-24.4
-29.28,24.4,53.68,4.88,-43.92,39.04,29.28,-39.04,-48.8,-19.52,-34.16,-29.28
-24.4,29.28,53.68,0,-39.04,39.04,29.28,-34.16,-43.92,-19.52,-24.4,-24.4
0,34.16,34.16,-14.64,-19.52,34.16,19.52,-43.92,-48.8,-24.4,-29.28,-24.4
4.88,39.04,34.16,-19.52,-14.64,34.16,4.88,-63.44,-63.44,-34.16,-39.04,-29.28
0,43.92,43.92,-19.52,-24.4,43.92,4.88,-68.32,-63.44,-34.16,-43.92,-39.04
14.64,39.04,24.4,-24.4,-4.88,29.28,4.88,-58.56,-58.56,-24.4,-29.28,-29.28
24.4,24.4,0,-24.4,9.76,9.76,19.52,-48.8,-48.8,-14.64,-24.4,-24.4
-4.88,0,4.88,4.88,-4.88,0,9.76,-58.56,-68.32,-29.28,-39.04,-34.16
-9.76,-24.4,-14.64,19.52,0,-19.52,14.64,-53.68,-63.44,-29.28,-39.04,-39.04
4.88,-14.64,-19.52,4.88,9.76,-19.52,14.64,-53.68,-68.32,-29.28,-39.04,-39.04
4.88,-14.64,-19.52,4.88,9.76,-19.52,24.4,-53.68,-68.32,-29.28,-34.16,-39.04
-4.88,-19.52,-14.64,14.64,4.88,-19.52,19.52,-63.44,-78.08,-34.16,-43.92,-43.92
-4.88,-14.64,-9.76,9.76,0,-14.64,19.52,-78.08,-87.84,-48.8,-53.68,-53.68
-9.76,-24.4,-14.64,19.52,0,-19.52,14.64,-82.96,-97.6,-53.68,-58.56,-58.56
-4.88,-24.4,-19.52,14.64,4.88,-24.4,14.64,-82.96,-92.72,-48.8,-63.44,-58.56
-4.88,-24.4,-19.52,14.64,4.88,-24.4,14.64,-87.84,-97.6,-53.68,-63.44,-58.56
-4.88,-39.04,-34.16,24.4,14.64,-39.04,0,-102.48,-112.24,-68.32,-73.2,-68.32
0,-34.16,-34.16,19.52,14.64,-34.16,0,-112.24,-122,-73.2,-78.08,-73.2
-29.28,-48.8,-19.52,39.04,-4.88,-34.16,0,-112.24,-126.88,-78.08,-87.84,-82.96
-58.56,-58.56,0,58.56,-29.28,-29.28,9.76,-92.72,-112.24,-73.2,-82.96,-78.08
-43.92,-48.8,-4.88,48.8,-19.52,-29.28,24.4,-82.96,-112.24,-68.32,-82.96,-78.08
-58.56,-58.56,0,58.56,-29.28,-29.28,34.16,-78.08,-112.24,-68.32,-78.08,-78.08
-63.44,-68.32,-4.88,68.32,-29.28,-39.04,29.28,-87.84,-117.12,-78.08,-87.84,-87.84
-68.32,-63.44,4.88,68.32,-39.04,-29.28,29.28,-92.72,-112.24,-82.96,-87.84,-87.84
-68.32,-58.56,9.76,63.44,-39.04,-24.4,34.16,-92.72,-102.48,-68.32,-82.96,-82.96
-58.56,-48.8,9.76,53.68,-34.16,-19.52,29.28,-102.48,-117.12,-82.96,-92.72,-92.72
-63.44,-63.44,0,63.44,-34.16,-34.16,29.28,-97.6,-117.12,-82.96,-92.72,-92.72
-58.56,-53.68,4.88,58.56,-34.16,-24.4,29.28,-97.6,-122,-82.96,-87.84,-87.84
-48.8,-43.92,4.88,48.8,-29.28,-19.52,29.28,-97.6,-122,-87.84,-97.6,-92.72
-68.32,-53.68,14.64,63.44,-43.92,-19.52,34.16,-97.6,-126.88,-92.72,-102.48,-97.6
-78.08,-78.08,0,78.08,-39.04,-39.04,34.16,-97.6,-126.88,-87.84,-107.36,-107.36
-87.84,-78.08,9.76,82.96,-48.8,-34.16,34.16,-97.6,-126.88,-82.96,-97.6,-102.48
-82.96,-87.84,-4.88,87.84,-39.04,-48.8,24.4,-107.36,-136.64,-92.72,-112.24,-107.36
-58.56,-73.2,-14.64,68.32,-24.4,-43.92,29.28,-107.36,-131.76,-87.84,-97.6,-97.6
-53.68,-68.32,-14.64,63.44,-19.52,-43.92,34.16,-102.48,-122,-78.08,-97.6,-97.6
-48.8,-58.56,-9.76,53.68,-19.52,-34.16,29.28,-107.36,-126.88,-82.96,-97.6,-97.6
-48.8,-43.92,4.88,48.8,-29.28,-19.52,34.16,-107.36,-126.88,-78.08,-97.6,-97.6
-68.32,-48.8,19.52,58.56,-43.92,-14.64,39.04,-102.48,-126.88,-68.32,-87.84,-92.72
-48.8,-48.8,0,48.8,-24.4,-24.4,29.28,-107.36,-131.76,-82.96,-97.6,-102.48
-73.2,-68.32,4.88,73.2,-39.04,-34.16,24.4,-107.36,-136.64,-87.84,-102.48,-102.48
-92.72,-68.32,24.4,82.96,-58.56,-24.4,34.16,-97.6,-126.88,-78.08,-92.72,-97.6
-97.6,-63.44,34.16,82.96,-68.32,-14.64,39.04,-97.6,-122,-73.2,-92.72,-92.72
-78.08,-82.96,-4.88,82.96,-39.04,-43.92,29.28,-102.48,-122,-82.96,-107.36,-107.36
-92.72,-82.96,9.76,87.84,-53.68,-39.04,43.92,-82.96,-107.36,-63.44,-92.72,-92.72
-68.32,-68.32,0,68.32,-34.16,-34.16,58.56,-73.2,-92.72,-53.68,-82.96,-82.96
-87.84,-73.2,14.64,82.96,-53.68,-29.28,48.8,-82.96,-97.6,-58.56,-87.84,-82.96
-97.6,-78.08,19.52,87.84,-58.56,-29.28,48.8,-82.96,-102.48,-63.44,-87.84,-87.84
-117.12,-97.6,19.52,107.36,-68.32,-39.04,39.04,-82.96,-112.24,-63.44,-87.84,-92.72
-112.24,-92.72,19.52,102.48,-68.32,-39.04,48.8,-78.08,-102.48,-63.44,-92.72,-92.72
-97.6,-82.96,14.64,92.72,-58.56,-34.16,63.44,-63.44,-102.48,-68.32,-92.72,-97.6
-107.36,-107.36,0,107.36,-53.68,-53.68,87.84,-39.04,-97.6,-87.84,-122,-126.88
-112.24,-131.76,-19.52,122,-48.8,-78.08,107.36,-14.64,-107.36,-107.36,-151.28,-156.16
-112.24,-156.16,-43.92,136.64,-34.16,-102.48,136.64,19.52,-97.6,-112.24,-170.8,-180.56
-131.76,-180.56,-48.8,156.16,-43.92,-117.12,156.16,63.44,-73.2,-97.6,-175.68,-185.44
-112.24,-170.8,-58.56,141.52,-29.28,-117.12,170.8,112.24,-24.4,-73.2,-161.04,-175.68
-97.6,-151.28,-53.68,126.88,-24.4,-102.48,185.44,161.04,24.4,-29.28,-136.64,-165.92
-48.8,-136.64,-87.84,92.72,19.52,-112.24,190.32,209.84,73.2,4.88,-122,-161.04
19.52,-126.88,-146.4,53.68,82.96,-136.64,200.08,273.28,136.64,63.44,-82.96,-126.88
63.44,-97.6,-161.04,19.52,112.24,-131.76,200.08,351.36,239.12,170.8,-4.88,-53.68
165.92,-58.56,-224.48,-53.68,195.2,-141.52,161.04,405.04,326.96,292.8,107.36,39.04
312.32,4.88,-307.44,-156.16,307.44,-151.28,92.72,405.04,400.16,395.28,209.84,136.64
473.36,73.2,-400.16,-273.28,434.32,-165.92,0,351.36,468.48,531.92,346.48,268.4
629.52,175.68,-453.84,-400.16,541.68,-141.52,-97.6,278.16,546.56,692.96,531.92,439.2
766.16,292.8,-473.36,-527.04,619.76,-92.72,-214.72,175.68,614.88,858.88,707.6,614.88
868.64,395.28,-473.36,-629.52,668.56,-39.04,-312.32,73.2,668.56,1000.4,873.52,771.04
956.48,497.76,-458.72,-727.12,707.6,19.52,-390.4,-29.28,707.6,1132.16,1024.8,922.32
1015.04,610,-405.04,-810.08,707.6,102.48,-468.48,-126.88,727.12,1220,1156.56,1058.96
1010.16,697.84,-312.32,-854,658.8,190.32,-502.64,-185.44,790.56,1342,1278.56,1171.2
946.72,819.84,-126.88,-883.28,536.8,346.48,-531.92,-258.64,839.36,1420.08,1376.16,1273.68
814.96,936.96,122,-873.52,346.48,527.04,-570.96,-385.52,795.44,1429.84,1444.48,1342
688.08,966.24,278.16,-824.72,204.96,619.76,-649.04,-561.2,639.28,1268.8,1361.52,1298.08
551.44,888.16,336.72,-717.36,107.36,610,-707.6,-746.64,366,971.12,1132.16,1107.76
409.92,727.12,317.2,-566.08,43.92,522.16,-727.12,-897.92,43.92,575.84,785.68,819.84
248.88,580.72,331.84,-414.8,-43.92,453.84,-702.72,-1049.2,-287.92,161.04,419.68,522.16
58.56,488,429.44,-273.28,-185.44,458.72,-658.8,-1166.32,-556.32,-156.16,161.04,292.8
-73.2,395.28,468.48,-161.04,-273.28,429.44,-629.52,-1254.16,-761.28,-390.4,-34.16,117.12
-175.68,283.04,458.72,-53.68,-317.2,370.88,-595.36,-1263.92,-888.16,-561.2,-185.44,-29.28
-219.6,180.56,400.16,19.52,-312.32,287.92,-541.68,-1205.36,-907.68,-619.76,-278.16,-126.88
-209.84,82.96,292.8,63.44,-253.76,185.44,-517.28,-1102.88,-873.52,-624.64,-341.6,-204.96
-204.96,19.52,224.48,92.72,-214.72,122,-458.72,-971.12,-800.32,-590.48,-351.36,-229.36
-175.68,-29.28,146.4,102.48,-161.04,58.56,-390.4,-824.72,-683.2,-512.4,-322.08,-224.48
-122,-63.44,58.56,92.72,-92.72,-4.88,-312.32,-668.56,-561.2,-419.68,-283.04,-204.96
-112.24,-73.2,39.04,92.72,-78.08,-19.52,-258.64,-561.2,-473.36,-356.24,-239.12,-180.56
-97.6,-43.92,53.68,73.2,-78.08,4.88,-195.2,-473.36,-395.28,-292.8,-200.08,-151.28
-73.2,-14.64,58.56,43.92,-68.32,19.52,-136.64,-370.88,-312.32,-229.36,-165.92,-126.88
-97.6,-14.64,82.96,58.56,-92.72,34.16,-68.32,-268.4,-234.24,-161.04,-126.88,-97.6
-92.72,-9.76,82.96,53.68,-87.84,34.16,-39.04,-209.84,-200.08,-141.52,-117.12,-92.72
-73.2,-14.64,58.56,43.92,-68.32,19.52,-14.64,-161.04,-170.8,-117.12,-112.24,-97.6
-78.08,-39.04,39.04,58.56,-58.56,0,14.64,-117.12,-131.76,-97.6,-107.36,-92.72
-53.68,-48.8,4.88,53.68,-29.28,-24.4,29.28,-78.08,-122,-82.96,-97.6,-92.72
-34.16,-39.04,-4.88,39.04,-14.64,-24.4,39.04,-58.56,-102.48,-68.32,-102.48,-92.72
-39.04,-34.16,4.88,39.04,-24.4,-14.64,53.68,-43.92,-73.2,-43.92,-82.96,-82.96
-43.92,-29.28,14.64,39.04,-29.28,-9.76,53.68,-34.16,-68.32,-43.92,-73.2,-73.2
-53.68,-34.16,19.52,43.92,-39.04,-9.76,58.56,-29.28,-68.32,-39.04,-73.2,-73.2
-87.84,-39.04,48.8,63.44,-68.32,4.88,82.96,-4.88,-43.92,-24.4,-68.32,-58.56
-53.68,-24.4,29.28,39.04,-43.92,0,82.96,-4.88,-53.68,-29.28,-73.2,-73.2
-48.8,-29.28,19.52,39.04,-34.16,-4.88,68.32,-4.88,-63.44,-43.92,-82.96,-82.96
-53.68,-39.04,14.64,48.8,-34.16,-14.64,82.96,4.88,-53.68,-48.8,-92.72,-87.84
-39.04,-29.28,9.76,34.16,-24.4,-9.76,82.96,14.64,-58.56,-43.92,-92.72,-82.96
-43.92,-24.4,19.52,34.16,-34.16,-4.88,92.72,34.16,-43.92,-24.4,-73.2,-78.08
-48.8,-39.04,9.76,43.92,-29.28,-14.64,92.72,29.28,-39.04,-19.52,-73.2,-68.32
-48.8,-53.68,-4.88,53.68,-24.4,-29.28,82.96,24.4,-43.92,-24.4,-82.96,-78.08
-48.8,-39.04,9.76,43.92,-29.28,-14.64,92.72,39.04,-34.16,-9.76,-68.32,-73.2
-53.68,-19.52,34.16,39.04,-43.92,4.88,102.48,48.8,-19.52,0,-58.56,-68.32
-48.8,-24.4,24.4,39.04,-39.04,0,112.24,63.44,-9.76,0,-58.56,-58.56
-58.56,-34.16,24.4,48.8,-43.92,-4.88,112.24,73.2,-14.64,4.88,-53.68,-63.44
-63.44,-43.92,19.52,53.68,-43.92,-14.64,102.48,68.32,-24.4,-9.76,-73.2,-78.08
-39.04,-29.28,9.76,34.16,-24.4,-9.76,107.36,78.08,-19.52,-9.76,-78.08,-78.08
-29.28,-19.52,9.76,24.4,-19.52,-4.88,107.36,87.84,-9.76,4.88,-68.32,-68.32
-24.4,-19.52,4.88,24.4,-14.64,-9.76,112.24,97.6,-9.76,4.88,-58.56,-63.44
-14.64,-14.64,0,14.64,-9.76,-9.76,112.24,97.6,0,9.76,-58.56,-58.56
-14.64,-24.4,-9.76,19.52,-4.88,-19.52,97.6,87.84,-4.88,9.76,-63.44,-63.44
-34.16,-39.04,-4.88,39.04,-14.64,-24.4,97.6,82.96,-4.88,14.64,-53.68,-58.56
-14.64,-24.4,-9.76,19.52,-4.88,-19.52,92.72,82.96,0,14.64,-48.8,-58.56
-14.64,-19.52,-4.88,19.52,-4.88,-14.64,97.6,82.96,4.88,14.64,-48.8,-53.68
-14.64,4.88,19.52,4.88,-19.52,9.76,102.48,92.72,9.76,24.4,-48.8,-48.8
0,24.4,24.4,-9.76,-14.64,24.4,107.36,102.48,14.64,19.52,-39.04,-43.92
0,0,0,0,0,0,112.24,102.48,14.64,14.64,-48.8,-53.68
4.88,0,-4.88,0,4.88,-4.88,112.24,102.48,14.64,24.4,-48.8,-58.56
14.64,-9.76,-24.4,0,19.52,-19.52,112.24,112.24,19.52,29.28,-39.04,-53.68
9.76,-19.52,-29.28,4.88,19.52,-24.4,122,117.12,29.28,43.92,-29.28,-43.92
9.76,0,-9.76,-4.88,9.76,-4.88,136.64,131.76,48.8,68.32,-14.64,-29.28
4.88,-14.64,-19.52,4.88,9.76,-19.52,122,122,34.16,53.68,-19.52,-34.16
0,-24.4,-24.4,14.64,9.76,-24.4,117.12,117.12,34.16,43.92,-24.4,-39.04
-4.88,-34.16,-29.28,19.52,9.76,-34.16,112.24,117.12,39.04,43.92,-29.28,-39.04
-14.64,-34.16,-19.52,24.4,0,-29.28,112.24,126.88,43.92,53.68,-19.52,-34.16
9.76,4.88,-4.88,-4.88,4.88,0,117.12,141.52,48.8,58.56,-14.64,-29.28
9.76,-4.88,-14.64,0,9.76,-9.76,117.12,141.52,48.8,58.56,-19.52,-29.28
19.52,-9.76,-29.28,-4.88,24.4,-19.52,117.12,146.4,58.56,68.32,-14.64,-24.4
29.28,9.76,-19.52,-19.52,24.4,-4.88,112.24,146.4,63.44,73.2,-4.88,-24.4
29.28,14.64,-14.64,-19.52,19.52,0,112.24,146.4,63.44,73.2,-4.88,-19.52
39.04,19.52,-19.52,-29.28,29.28,0,102.48,136.64,63.44,73.2,-9.76,-24.4
19.52,9.76,-9.76,-14.64,14.64,0,112.24,146.4,73.2,82.96,4.88,-19.52
14.64,0,-14.64,-4.88,14.64,-9.76,102.48,146.4,68.32,78.08,0,-24.4
34.16,0,-34.16,-14.64,34.16,-19.52,97.6,146.4,68.32,78.08,-4.88,-19.52
53.68,14.64,-39.04,-34.16,43.92,-14.64,102.48,151.28,73.2,78.08,-4.88,-14.64
48.8,19.52,-29.28,-34.16,39.04,-4.88,122,170.8,92.72,92.72,14.64,0
34.16,19.52,-14.64,-24.4,24.4,0,131.76,185.44,102.48,92.72,9.76,0
24.4,-9.76,-34.16,-4.88,29.28,-24.4,117.12,175.68,92.72,87.84,-4.88,-9.76
29.28,4.88,-24.4,-14.64,24.4,-9.76,122,180.56,102.48,97.6,4.88,-4.88
48.8,14.64,-34.16,-29.28,39.04,-9.76,117.12,185.44,102.48,102.48,9.76,4.88
58.56,14.64,-43.92,-34.16,48.8,-14.64,112.24,180.56,102.48,107.36,14.64,4.88
48.8,0,-48.8,-24.4,48.8,-24.4,112.24,185.44,107.36,112.24,29.28,9.76
53.68,14.64,-39.04,-34.16,43.92,-14.64,107.36,185.44,112.24,112.24,29.28,9.76
68.32,19.52,-48.8,-43.92,58.56,-14.64,112.24,190.32,117.12,117.12,29.28,19.52
58.56,19.52,-39.04,-39.04,48.8,-9.76,122,200.08,131.76,131.76,39.04,34.16
53.68,9.76,-43.92,-29.28,48.8,-19.52,112.24,209.84,136.64,141.52,43.92,24.4
53.68,19.52,-34.16,-34.16,43.92,-9.76,107.36,214.72,136.64,141.52,34.16,19.52
78.08,29.28,-48.8,-53.68,63.44,-9.76,112.24,224.48,146.4,156.16,43.92,29.28
78.08,29.28,-48.8,-53.68,63.44,-9.76,112.24,229.36,151.28,156.16,48.8,34.16
68.32,29.28,-39.04,-48.8,53.68,-4.88,117.12,244,161.04,165.92,63.44,43.92
82.96,14.64,-68.32,-48.8,73.2,-29.28,107.36,239.12,161.04,165.92,58.56,39.04
92.72,14.64,-78.08,-53.68,82.96,-34.16,102.48,239.12,161.04,175.68,73.2,43.92
112.24,24.4,-87.84,-68.32,97.6,-34.16,102.48,234.24,165.92,180.56,68.32,48.8
107.36,19.52,-87.84,-63.44,97.6,-34.16,107.36,248.88,180.56,185.44,78.08,63.44
102.48,29.28,-73.2,-63.44,87.84,-24.4,107.36,253.76,190.32,195.2,78.08,63.44
102.48,29.28,-73.2,-63.44,87.84,-24.4,102.48,258.64,190.32,195.2,82.96,68.32
97.6,29.28,-68.32,-63.44,82.96,-19.52,107.36,278.16,209.84,214.72,97.6,87.84
107.36,29.28,-78.08,-68.32,92.72,-24.4,102.48,278.16,209.84,219.6,92.72,87.84
122,43.92,-78.08,-82.96,97.6,-19.52,102.48,287.92,214.72,224.48,107.36,92.72
126.88,53.68,-73.2,-87.84,97.6,-9.76,117.12,317.2,244,253.76,131.76,112.24
131.76,48.8,-82.96,-87.84,107.36,-19.52,117.12,307.44,244,258.64,131.76,107.36
146.4,48.8,-97.6,-97.6,122,-24.4,112.24,317.2,253.76,268.4,141.52,112.24
170.8,68.32,-102.48,-117.12,136.64,-19.52,117.12,331.84,268.4,278.16,146.4,122
175.68,63.44,-112.24,-117.12,141.52,-24.4,117.12,336.72,273.28,283.04,151.28,131.76
180.56,63.44,-117.12,-122,146.4,-29.28,107.36,336.72,278.16,283.04,141.52,126.88
190.32,73.2,-117.12,-131.76,151.28,-24.4,107.36,356.24,287.92,292.8,156.16,136.64
209.84,78.08,-131.76,-141.52,170.8,-29.28,107.36,366,302.56,307.44,156.16,141.52
234.24,87.84,-146.4,-161.04,190.32,-29.28,117.12,380.64,322.08,322.08,170.8,161.04
209.84,68.32,-141.52,-136.64,175.68,-39.04,97.6,375.76,317.2,331.84,175.68,161.04
195.2,53.68,-141.52,-122,165.92,-43.92,97.6,380.64,331.84,341.6,185.44,165.92
219.6,87.84,-131.76,-151.28,175.68,-24.4,107.36,385.52,346.48,366,200.08,170.8
234.24,92.72,-141.52,-161.04,185.44,-24.4,102.48,390.4,356.24,380.64,214.72,185.44
239.12,97.6,-141.52,-165.92,190.32,-24.4,102.48,400.16,370.88,390.4,229.36,190.32
258.64,92.72,-165.92,-175.68,209.84,-39.04,102.48,409.92,385.52,400.16,234.24,209.84
273.28,87.84,-185.44,-180.56,229.36,-48.8,102.48,419.68,390.4,409.92,239.12,209.84
268.4,92.72,-175.68,-180.56,219.6,-43.92,107.36,434.32,405.04,424.56,253.76,224.48
273.28,97.6,-175.68,-185.44,224.48,-39.04,102.48,439.2,409.92,429.44,253.76,224.48
258.64,87.84,-170.8,-170.8,214.72,-43.92,92.72,439.2,409.92,434.32,258.64,234.24
278.16,102.48,-175.68,-190.32,224.48,-39.04,97.6,453.84,429.44,453.84,278.16,248.88
317.2,117.12,-200.08,-214.72,258.64,-43.92,87.84,453.84,434.32,458.72,283.04,253.76
331.84,136.64,-195.2,-234.24,263.52,-29.28,87.84,444.08,434.32,463.6,287.92,253.76
326.96,126.88,-200.08,-224.48,263.52,-39.04,97.6,453.84,448.96,478.24,307.44,268.4
322.08,122,-200.08,-219.6,258.64,-39.04,82.96,439.2,444.08,473.36,302.56,263.52
336.72,141.52,-195.2,-239.12,263.52,-29.28,82.96,439.2,444.08,483.12,302.56,278.16
336.72,156.16,-180.56,-244,258.64,-14.64,78.08,444.08,453.84,478.24,307.44,287.92
331.84,141.52,-190.32,-234.24,258.64,-24.4,73.2,448.96,453.84,483.12,312.32,283.04
331.84,136.64,-195.2,-234.24,263.52,-29.28,73.2,448.96,448.96,488,312.32,278.16
341.6,141.52,-200.08,-239.12,268.4,-29.28,68.32,448.96,448.96,492.88,317.2,287.92
351.36,161.04,-190.32,-253.76,268.4,-14.64,68.32,448.96,448.96,492.88,322.08,287.92
351.36,151.28,-200.08,-248.88,273.28,-24.4,58.56,444.08,448.96,488,317.2,283.04
341.6,141.52,-200.08,-239.12,268.4,-29.28,68.32,439.2,453.84,497.76,322.08,287.92
346.48,146.4,-200.08,-244,273.28,-29.28,73.2,434.32,453.84,492.88,322.08,292.8
336.72,156.16,-180.56,-244,258.64,-14.64,78.08,434.32,458.72,502.64,331.84,302.56
346.48,151.28,-195.2,-248.88,268.4,-24.4,82.96,434.32,458.72,492.88,326.96,302.56
331.84,156.16,-175.68,-244,253.76,-9.76,78.08,429.44,458.72,492.88,331.84,307.44
312.32,146.4,-165.92,-229.36,239.12,-9.76,82.96,439.2,448.96,492.88,331.84,307.44
312.32,146.4,-165.92,-229.36,239.12,-9.76,73.2,424.56,434.32,488,317.2,297.68
317.2,136.64,-180.56,-224.48,248.88,-24.4,58.56,395.28,409.92,458.72,302.56,283.04
292.8,126.88,-165.92,-209.84,229.36,-19.52,68.32,385.52,405.04,458.72,307.44,278.16
292.8,131.76,-161.04,-209.84,224.48,-14.64,78.08,380.64,400.16,453.84,302.56,273.28
297.68,136.64,-161.04,-214.72,229.36,-14.64,73.2,366,390.4,439.2,283.04,263.52
273.28,136.64,-136.64,-204.96,204.96,0,78.08,361.12,390.4,434.32,283.04,268.4
248.88,131.76,-117.12,-190.32,180.56,4.88,82.96,351.36,375.76,419.68,273.28,258.64
244,122,-122,-180.56,180.56,0,82.96,341.6,356.24,405.04,263.52,248.88
239.12,112.24,-126.88,-175.68,180.56,-9.76,78.08,322.08,336.72,385.52,253.76,234.24
239.12,117.12,-122,-175.68,180.56,-4.88,78.08,312.32,322.08,361.12,234.24,224.48
214.72,107.36,-107.36,-161.04,161.04,0,73.2,292.8,302.56,336.72,219.6,204.96
204.96,107.36,-97.6,-156.16,151.28,4.88,82.96,283.04,292.8,336.72,209.84,200.08
200.08,117.12,-82.96,-156.16,141.52,14.64,87.84,273.28,278.16,322.08,209.84,190.32
170.8,92.72,-78.08,-131.76,122,4.88,82.96,248.88,258.64,292.8,190.32,175.68
156.16,87.84,-68.32,-122,112.24,9.76,87.84,234.24,244,278.16,170.8,161.04
156.16,82.96,-73.2,-117.12,112.24,4.88,82.96,214.72,229.36,263.52,161.04,156.16
141.52,78.08,-63.44,-107.36,102.48,4.88,78.08,195.2,200.08,239.12,141.52,136.64
112.24,58.56,-53.68,-82.96,82.96,0,87.84,180.56,190.32,219.6,126.88,126.88
73.2,29.28,-43.92,-48.8,58.56,-9.76,78.08,161.04,161.04,200.08,112.24,117.12
78.08,24.4,-53.68,-48.8,63.44,-14.64,73.2,146.4,136.64,175.68,87.84,102.48
82.96,24.4,-58.56,-53.68,68.32,-19.52,78.08,131.76,131.76,161.04,82.96,92.72
82.96,43.92,-39.04,-63.44,58.56,0,87.84,141.52,136.64,156.16,82.96,97.6
68.32,53.68,-14.64,-58.56,39.04,19.52,97.6,136.64,131.76,161.04,78.08,87.84
29.28,34.16,4.88,-29.28,9.76,19.52,97.6,126.88,117.12,146.4,68.32,82.96
29.28,19.52,-9.76,-24.4,19.52,4.88,97.6,112.24,97.6,131.76,53.68,73.2
48.8,14.64,-34.16,-29.28,39.04,-9.76,87.84,87.84,78.08,107.36,43.92,58.56
43.92,14.64,-29.28,-29.28,34.16,-9.76,82.96,68.32,58.56,87.84,29.28,39.04
29.28,9.76,-19.52,-19.52,24.4,-4.88,78.08,63.44,48.8,82.96,24.4,34.16
0,-9.76,-9.76,4.88,4.88,-9.76,68.32,58.56,39.04,73.2,14.64,29.28
14.64,4.88,-9.76,-9.76,9.76,-4.88,53.68,48.8,24.4,58.56,4.88,24.4
9.76,14.64,4.88,-9.76,0,9.76,63.44,48.8,29.28,63.44,4.88,24.4
0,4.88,4.88,0,-4.88,4.88,63.44,48.8,29.28,53.68,0,29.28
-4.88,4.88,9.76,0,-9.76,4.88,63.44,29.28,9.76,43.92,-9.76,9.76
-9.76,-4.88,4.88,9.76,-9.76,0,58.56,24.4,0,34.16,-14.64,4.88
-14.64,-29.28,-14.64,24.4,0,-24.4,63.44,14.64,0,29.28,-24.4,0
-9.76,-14.64,-4.88,14.64,-4.88,-9.76,58.56,9.76,-4.88,19.52,-29.28,0
-19.52,-19.52,0,19.52,-9.76,-9.76,58.56,14.64,-14.64,14.64,-34.16,-9.76
-19.52,-39.04,-19.52,29.28,0,-29.28,63.44,14.64,-9.76,9.76,-39.04,-4.88
-34.16,-53.68,-19.52,43.92,-9.76,-39.04,68.32,9.76,-9.76,9.76,-39.04,-9.76
-53.68,-58.56,-4.88,58.56,-24.4,-34.16,68.32,14.64,-19.52,4.88,-39.04,-9.76
-48.8,-53.68,-4.88,53.68,-24.4,-29.28,68.32,0,-29.28,0,-43.92,-14.64
-43.92,-53.68,-9.76,48.8,-19.52,-34.16,73.2,0,-29.28,0,-43.92,-9.76
-19.52,-34.16,-14.64,29.28,-4.88,-24.4,68.32,0,-29.28,4.88,-48.8,-9.76
-29.28,-39.04,-9.76,34.16,-9.76,-24.4,68.32,0,-29.28,4.88,-34.16,-9.76
-14.64,-43.92,-29.28,29.28,4.88,-39.04,48.8,-14.64,-34.16,0,-43.92,-14.64
-29.28,-43.92,-14.64,39.04,-9.76,-29.28,58.56,-9.76,-24.4,4.88,-29.28,0
-19.52,-24.4,-4.88,24.4,-9.76,-14.64,63.44,-4.88,-24.4,4.88,-29.28,-4.88
-39.04,-39.04,0,39.04,-19.52,-19.52,68.32,-4.88,-29.28,0,-29.28,-4.88
-24.4,-24.4,0,24.4,-14.64,-14.64,63.44,-9.76,-34.16,-4.88,-39.04,-4.88
-39.04,-19.52,19.52,29.28,-29.28,0,68.32,0,-39.04,-4.88,-34.16,-4.88
-48.8,-24.4,24.4,39.04,-39.04,0,73.2,4.88,-34.16,0,-39.04,-9.76
-34.16,-24.4,9.76,29.28,-24.4,-9.76,68.32,0,-34.16,-4.88,-39.04,-14.64
-39.04,-34.16,4.88,39.04,-24.4,-14.64,63.44,0,-34.16,-4.88,-43.92,-24.4
-29.28,-48.8,-19.52,39.04,-4.88,-34.16,53.68,-4.88,-39.04,-14.64,-43.92,-24.4
-29.28,-43.92,-14.64,39.04,-9.76,-29.28,58.56,-9.76,-39.04,-9.76,-43.92,-19.52
-43.92,-39.04,4.88,43.92,-24.4,-19.52,68.32,-9.76,-29.28,-4.88,-39.04,-9.76
-34.16,-24.4,9.76,29.28,-24.4,-9.76,73.2,-4.88,-29.28,0,-34.16,-4.88
-43.92,-43.92,0,43.92,-24.4,-24.4,63.44,-14.64,-39.04,-9.76,-43.92,-9.76
-34.16,-43.92,-9.76,39.04,-14.64,-29.28,63.44,-24.4,-43.92,-19.52,-48.8,-19.52
-14.64,-14.64,0,14.64,-9.76,-9.76,73.2,-4.88,-39.04,-9.76,-34.16,-9.76
-39.04,-19.52,19.52,29.28,-29.28,0,78.08,0,-34.16,-9.76,-39.04,-9.76
-29.28,-34.16,-4.88,34.16,-14.64,-19.52,63.44,-4.88,-34.16,-14.64,-43.92,-14.64
-24.4,-24.4,0,24.4,-14.64,-14.64,73.2,4.88,-24.4,-4.88,-34.16,-4.88
-43.92,-43.92,0,43.92,-24.4,-24.4,73.2,0,-29.28,-9.76,-34.16,-14.64
-43.92,-34.16,9.76,39.04,-29.28,-14.64,68.32,-9.76,-34.16,-9.76,-43.92,-19.52
-48.8,-34.16,14.64,43.92,-34.16,-9.76,78.08,0,-24.4,0,-34.16,-9.76
-34.16,-29.28,4.88,34.16,-19.52,-14.64,78.08,4.88,-14.64,4.88,-29.28,-4.88
-34.16,-34.16,0,34.16,-19.52,-19.52,87.84,9.76,-9.76,9.76,-19.52,4.88
-29.28,-29.28,0,29.28,-14.64,-14.64,82.96,0,-19.52,0,-39.04,-9.76
-19.52,-19.52,0,19.52,-9.76,-9.76,78.08,4.88,-24.4,-4.88,-39.04,-9.76
-19.52,-14.64,4.88,19.52,-14.64,-4.88,82.96,4.88,-24.4,-4.88,-43.92,-9.76
-34.16,-19.52,14.64,29.28,-24.4,-4.88,92.72,14.64,-19.52,0,-39.04,-4.88
-39.04,-29.28,9.76,34.16,-24.4,-9.76,87.84,19.52,-14.64,4.88,-39.04,-9.76
-53.68,-39.04,14.64,48.8,-34.16,-14.64,92.72,19.52,-14.64,0,-34.16,-9.76
-53.68,-43.92,9.76,48.8,-34.16,-19.52,92.72,14.64,-14.64,4.88,-39.04,-14.64
-39.04,-39.04,0,39.04,-19.52,-19.52,82.96,14.64,-9.76,0,-34.16,-9.76
-29.28,-48.8,-19.52,39.04,-4.88,-34.16,73.2,9.76,-14.64,0,-39.04,-14.64
-29.28,-43.92,-14.64,39.04,-9.76,-29.28,78.08,9.76,-14.64,-4.88,-34.16,-9.76
-19.52,-34.16,-14.64,29.28,-4.88,-24.4,87.84,14.64,-4.88,9.76,-24.4,-4.88
-24.4,-43.92,-19.52,34.16,-4.88,-34.16,87.84,19.52,-14.64,4.88,-24.4,0
-39.04,-34.16,4.88,39.04,-24.4,-14.64,87.84,24.4,-9.76,9.76,-24.4,0
-39.04,-34.16,4.88,39.04,-24.4,-14.64,87.84,29.28,-4.88,9.76,-24.4,0
-24.4,-34.16,-9.76,29.28,-9.76,-24.4,87.84,24.4,-4.88,4.88,-24.4,-4.88
-19.52,-39.04,-19.52,29.28,0,-29.28,78.08,19.52,-4.88,4.88,-24.4,0
-19.52,-29.28,-9.76,24.4,-4.88,-19.52,78.08,14.64,-4.88,9.76,-19.52,-4.88
-14.64,-24.4,-9.76,19.52,-4.88,-19.52,92.72,19.52,0,14.64,-14.64,0
-29.28,-34.16,-4.88,34.16,-14.64,-19.52,87.84,4.88,-9.76,4.88,-24.4,-4.88
-29.28,-34.16,-4.88,34.16,-14.64,-19.52,82.96,4.88,-14.64,4.88,-19.52,0
-34.16,-43.92,-9.76,39.04,-14.64,-29.28,82.96,0,-19.52,0,-29.28,-14.64
-34.16,-43.92,-9.76,39.04,-14.64,-29.28,78.08,9.76,-24.4,-9.76,-29.28,-9.76
-14.64,-19.52,-4.88,19.52,-4.88,-14.64,82.96,9.76,-19.52,-9.76,-29.28,-9.76
-24.4,-24.4,0,24.4,-14.64,-14.64,92.72,19.52,-14.64,-4.88,-24.4,-4.88
-43.92,-39.04,4.88,43.92,-24.4,-19.52,92.72,24.4,-9.76,0,-29.28,-4.88
-43.92,-39.04,4.88,43.92,-24.4,-19.52,87.84,14.64,-19.52,0,-24.4,-9.76
-14.64,-19.52,-4.88,19.52,-4.88,-14.64,87.84,9.76,-9.76,4.88,-24.4,0
-14.64,-29.28,-14.64,24.4,0,-24.4,87.84,4.88,-9.76,4.88,-19.52,0
-39.04,-19.52,19.52,29.28,-29.28,0,102.48,19.52,4.88,14.64,-4.88,14.64
-29.28,-19.52,9.76,24.4,-19.52,-4.88,92.72,4.88,-9.76,0,-19.52,4.88
-19.52,-19.52,0,19.52,-9.76,-9.76,87.84,0,-19.52,-4.88,-24.4,-4.88
-14.64,-24.4,-9.76,19.52,-4.88,-19.52,87.84,4.88,-19.52,-9.76,-24.4,-4.88
-24.4,-43.92,-19.52,34.16,-4.88,-34.16,82.96,14.64,-24.4,-9.76,-29.28,-9.76
-34.16,-43.92,-9.76,39.04,-14.64,-29.28,102.48,34.16,0,9.76,-9.76,9.76
-29.28,-29.28,0,29.28,-14.64,-14.64,82.96,24.4,-14.64,0,-14.64,0
-14.64,-43.92,-29.28,29.28,4.88,-39.04,78.08,9.76,-24.4,-14.64,-29.28,-9.76
-19.52,-48.8,-29.28,34.16,4.88,-39.04,73.2,-4.88,-24.4,-19.52,-39.04,-19.52
-24.4,-34.16,-9.76,29.28,-9.76,-24.4,78.08,0,-24.4,-14.64,-29.28,-9.76
-29.28,-34.16,-4.88,34.16,-14.64,-19.52,68.32,-4.88,-29.28,-14.64,-34.16,-14.64
-39.04,-43.92,-4.88,43.92,-19.52,-24.4,63.44,-19.52,-43.92,-24.4,-43.92,-29.28
-39.04,-34.16,4.88,39.04,-24.4,-14.64,73.2,-9.76,-34.16,-14.64,-34.16,-14.64
-24.4,-43.92,-19.52,34.16,-4.88,-34.16,82.96,9.76,-24.4,-4.88,-24.4,-4.88
-48.8,-43.92,4.88,48.8,-29.28,-19.52,78.08,0,-34.16,-14.64,-29.28,-9.76
-43.92,-34.16,9.76,39.04,-29.28,-14.64,82.96,4.88,-34.16,-14.64,-29.28,-9.76
-9.76,-34.16,-24.4,24.4,4.88,-29.28,63.44,-9.76,-48.8,-29.28,-48.8,-24.4
-19.52,-53.68,-34.16,39.04,4.88,-43.92,63.44,-19.52,-53.68,-39.04,-53.68,-29.28
-29.28,-48.8,-19.52,39.04,-4.88,-34.16,82.96,-19.52,-43.92,-29.28,-48.8,-24.4
-39.04,-53.68,-14.64,48.8,-14.64,-34.16,92.72,-14.64,-39.04,-24.4,-39.04,-14.64
-39.04,-48.8,-9.76,43.92,-14.64,-29.28,82.96,-29.28,-48.8,-34.16,-43.92,-24.4
-19.52,-39.04,-19.52,29.28,0,-29.28,78.08,-29.28,-53.68,-43.92,-48.8,-24.4
-4.88,-39.04,-34.16,24.4,14.64,-39.04,63.44,-34.16,-58.56,-43.92,-53.68,-34.16
-24.4,-48.8,-24.4,39.04,0,-39.04,68.32,-24.4,-53.68,-39.04,-58.56,-24.4
-73.2,-48.8,24.4,63.44,-48.8,-14.64,87.84,-9.76,-34.16,-24.4,-34.16,-9.76
-53.68,-48.8,4.88,53.68,-29.28,-24.4,78.08,-14.64,-53.68,-34.16,-43.92,-19.52
-39.04,-48.8,-9.76,43.92,-14.64,-29.28,73.2,-24.4,-63.44,-43.92,-58.56,-34.16
-39.04,-63.44,-24.4,53.68,-9.76,-43.92,73.2,-24.4,-58.56,-43.92,-53.68,-34.16
-39.04,-58.56,-19.52,48.8,-9.76,-39.04,78.08,-34.16,-63.44,-43.92,-53.68,-29.28
-39.04,-48.8,-9.76,43.92,-14.64,-29.28,82.96,-29.28,-58.56,-39.04,-43.92,-19.52
-48.8,-53.68,-4.88,53.68,-24.4,-29.28,73.2,-39.04,-63.44,-48.8,-48.8,-29.28
-58.56,-63.44,-4.88,63.44,-29.28,-34.16,78.08,-34.16,-63.44,-43.92,-48.8,-24.4
-58.56,-48.8,9.76,53.68,-34.16,-19.52,73.2,-29.28,-68.32,-39.04,-43.92,-29.28
-34.16,-39.04,-4.88,39.04,-14.64,-24.4,73.2,-34.16,-68.32,-43.92,-53.68,-29.28
-39.04,-53.68,-14.64,48.8,-14.64,-34.16,78.08,-24.4,-63.44,-43.92,-48.8,-29.28
-43.92,-63.44,-19.52,53.68,-14.64,-43.92,73.2,-24.4,-63.44,-48.8,-53.68,-29.28
-48.8,-68.32,-19.52,58.56,-14.64,-43.92,63.44,-39.04,-78.08,-63.44,-73.2,-48.8
-43.92,-68.32,-24.4,58.56,-9.76,-48.8,68.32,-43.92,-73.2,-68.32,-63.44,-43.92
-39.04,-58.56,-19.52,48.8,-9.76,-39.04,68.32,-39.04,-68.32,-58.56,-53.68,-34.16
-43.92,-58.56,-14.64,53.68,-14.64,-39.04,73.2,-34.16,-68.32,-53.68,-48.8,-29.28
-39.04,-48.8,-9.76,43.92,-14.64,-29.28,78.08,-39.04,-68.32,-53.68,-53.68,-34.16
-29.28,-53.68,-24.4,43.92,-4.88,-39.04,73.2,-43.92,-73.2,-58.56,-53.68,-34.16
-34.16,-48.8,-14.64,43.92,-9.76,-34.16,73.2,-39.04,-73.2,-58.56,-48.8,-34.16
-48.8,-48.8,0,48.8,-24.4,-24.4,78.08,-39.04,-73.2,-63.44,-53.68,-34.16
-43.92,-48.8,-4.88,48.8,-19.52,-29.28,78.08,-43.92,-78.08,-68.32,-58.56,-43.92
-39.04,-63.44,-24.4,53.68,-9.76,-43.92,63.44,-53.68,-92.72,-78.08,-68.32,-53.68
-39.04,-58.56,-19.52,48.8,-9.76,-39.04,48.8,-53.68,-92.72,-73.2,-68.32,-53.68
-58.56,-63.44,-4.88,63.44,-29.28,-34.16,68.32,-43.92,-78.08,-63.44,-63.44,-39.04
-58.56,-58.56,0,58.56,-29.28,-29.28,68.32,-43.92,-78.08,-63.44,-63.44,-43.92
-48.8,-63.44,-14.64,58.56,-19.52,-39.04,63.44,-48.8,-78.08,-68.32,-58.56,-39.04
-53.68,-78.08,-24.4,68.32,-14.64,-53.68,63.44,-43.92,-73.2,-63.44,-53.68,-34.16
-43.92,-68.32,-24.4,58.56,-9.76,-48.8,68.32,-39.04,-68.32,-58.56,-53.68,-29.28
-48.8,-78.08,-29.28,63.44,-9.76,-53.68,68.32,-43.92,-82.96,-63.44,-53.68,-39.04
-63.44,-78.08,-14.64,73.2,-24.4,-48.8,58.56,-53.68,-92.72,-73.2,-63.44,-43.92
-78.08,-87.84,-9.76,82.96,-34.16,-48.8,68.32,-58.56,-92.72,-73.2,-63.44,-48.8
-63.44,-82.96,-19.52,73.2,-24.4,-53.68,68.32,-48.8,-87.84,-78.08,-63.44,-43.92
-58.56,-78.08,-19.52,68.32,-19.52,-48.8,58.56,-48.8,-92.72,-82.96,-68.32,-48.8
-58.56,-97.6,-39.04,78.08,-9.76,-68.32,53.68,-53.68,-97.6,-87.84,-73.2,-58.56
-53.68,-87.84,-34.16,73.2,-9.76,-63.44,68.32,-43.92,-82.96,-68.32,-58.56,-43.92
-39.04,-87.84,-48.8,63.44,4.88,-68.32,48.8,-53.68,-92.72,-78.08,-73.2,-48.8
-39.04,-87.84,-48.8,63.44,4.88,-68.32,48.8,-58.56,-102.48,-78.08,-73.2,-48.8
-48.8,-68.32,-19.52,58.56,-14.64,-43.92,53.68,-58.56,-92.72,-78.08,-68.32,-43.92
-53.68,-73.2,-19.52,63.44,-19.52,-48.8,58.56,-48.8,-92.72,-73.2,-63.44,-43.92
-73.2,-78.08,-4.88,78.08,-34.16,-43.92,63.44,-43.92,-87.84,-73.2,-68.32,-43.92
-92.72,-78.08,14.64,87.84,-53.68,-34.16,73.2,-43.92,-82.96,-73.2,-63.44,-43.92
-107.36,-102.48,4.88,107.36,-58.56,-48.8,58.56,-48.8,-97.6,-78.08,-68.32,-48.8
-73.2,-97.6,-24.4,87.84,-24.4,-63.44,58.56,-48.8,-102.48,-78.08,-68.32,-48.8
-43.92,-78.08,-34.16,63.44,-4.88,-58.56,48.8,-53.68,-97.6,-82.96,-73.2,-53.68
-63.44,-82.96,-19.52,73.2,-24.4,-53.68,53.68,-48.8,-92.72,-78.08,-68.32,-48.8
-58.56,-78.08,-19.52,68.32,-19.52,-48.8,48.8,-58.56,-92.72,-78.08,-63.44,-48.8
-73.2,-82.96,-9.76,78.08,-34.16,-48.8,48.8,-53.68,-87.84,-78.08,-58.56,-43.92
-82.96,-87.84,-4.88,87.84,-39.04,-48.8,58.56,-48.8,-82.96,-73.2,-58.56,-39.04
-53.68,-73.2,-19.52,63.44,-19.52,-48.8,53.68,-53.68,-97.6,-78.08,-63.44,-48.8
-39.04,-73.2,-34.16,58.56,-4.88,-53.68,43.92,-63.44,-107.36,-97.6,-78.08,-58.56
-82.96,-82.96,0,82.96,-43.92,-43.92,53.68,-43.92,-92.72,-92.72,-68.32,-53.68
-82.96,-73.2,9.76,78.08,-48.8,-34.16,58.56,-48.8,-92.72,-87.84,-68.32,-53.68
-68.32,-73.2,-4.88,73.2,-34.16,-39.04,43.92,-53.68,-97.6,-92.72,-73.2,-58.56
-78.08,-78.08,0,78.08,-39.04,-39.04,43.92,-53.68,-97.6,-92.72,-73.2,-53.68
-73.2,-92.72,-19.52,82.96,-29.28,-58.56,43.92,-58.56,-97.6,-87.84,-63.44,-53.68
-53.68,-102.48,-48.8,78.08,-4.88,-78.08,39.04,-68.32,-102.48,-87.84,-68.32,-48.8
-87.84,-107.36,-19.52,97.6,-34.16,-63.44,48.8,-58.56,-92.72,-82.96,-58.56,-43.92
-97.6,-102.48,-4.88,102.48,-48.8,-53.68,48.8,-58.56,-92.72,-87.84,-63.44,-48.8
-63.44,-82.96,-19.52,73.2,-24.4,-53.68,53.68,-48.8,-92.72,-82.96,-58.56,-48.8
-53.68,-68.32,-14.64,63.44,-19.52,-43.92,63.44,-43.92,-82.96,-78.08,-58.56,-39.04
-63.44,-82.96,-19.52,73.2,-24.4,-53.68,48.8,-43.92,-92.72,-87.84,-63.44,-48.8
-63.44,-73.2,-9.76,68.32,-29.28,-43.92,68.32,-29.28,-78.08,-68.32,-48.8,-43.92
-58.56,-53.68,4.88,58.56,-34.16,-24.4,73.2,-24.4,-73.2,-68.32,-43.92,-39.04
-58.56,-58.56,0,58.56,-29.28,-29.28,82.96,-24.4,-68.32,-68.32,-43.92,-39.04
-63.44,-53.68,9.76,58.56,-39.04,-24.4,78.08,-29.28,-73.2,-68.32,-43.92,-43.92
-39.04,-48.8,-9.76,43.92,-14.64,-29.28,68.32,-39.04,-82.96,-78.08,-48.8,-43.92
-43.92,-43.92,0,43.92,-24.4,-24.4,78.08,-34.16,-78.08,-68.32,-43.92,-39.04
-58.56,-39.04,19.52,48.8,-39.04,-9.76,68.32,-34.16,-78.08,-63.44,-39.04,-34.16
-58.56,-48.8,9.76,53.68,-34.16,-19.52,68.32,-29.28,-78.08,-58.56,-29.28,-34.16
-48.8,-39.04,9.76,43.92,-29.28,-14.64,73.2,-19.52,-68.32,-58.56,-29.28,-24.4
-53.68,-48.8,4.88,53.68,-29.28,-24.4,78.08,-19.52,-73.2,-68.32,-39.04,-34.16
-58.56,-58.56,0,58.56,-29.28,-29.28,78.08,-24.4,-78.08,-73.2,-48.8,-43.92
-48.8,-43.92,4.88,48.8,-29.28,-19.52,97.6,-14.64,-68.32,-63.44,-39.04,-34.16
-68.32,-63.44,4.88,68.32,-39.04,-29.28,97.6,-14.64,-68.32,-68.32,-39.04,-39.04
-73.2,-58.56,14.64,68.32,-43.92,-24.4,97.6,-14.64,-68.32,-63.44,-29.28,-34.16
-63.44,-58.56,4.88,63.44,-34.16,-29.28,87.84,-14.64,-58.56,-58.56,-29.28,-29.28
-43.92,-39.04,4.88,43.92,-24.4,-19.52,87.84,-9.76,-53.68,-53.68,-24.4,-24.4
-4.88,-4.88,0,4.88,-4.88,-4.88,92.72,0,-39.04,-39.04,-9.76,-14.64
-29.28,-19.52,9.76,24.4,-19.52,-4.88,68.32,-14.64,-58.56,-48.8,-14.64,-19.52
-24.4,-29.28,-4.88,29.28,-9.76,-19.52,53.68,-19.52,-63.44,-53.68,-24.4,-19.52
14.64,-24.4,-39.04,4.88,24.4,-34.16,39.04,-24.4,-63.44,-53.68,-19.52,-19.52
-9.76,-34.16,-24.4,24.4,4.88,-29.28,29.28,-29.28,-68.32,-58.56,-24.4,-19.52
-34.16,-43.92,-9.76,39.04,-14.64,-29.28,19.52,-29.28,-68.32,-58.56,-19.52,-14.64
-19.52,-24.4,-4.88,24.4,-9.76,-14.64,34.16,-24.4,-58.56,-58.56,-14.64,-9.76
-43.92,-39.04,4.88,43.92,-24.4,-19.52,29.28,-29.28,-58.56,-53.68,-9.76,-4.88
-19.52,-29.28,-9.76,24.4,-4.88,-19.52,0,-53.68,-87.84,-78.08,-29.28,-19.52
4.88,-29.28,-34.16,14.64,19.52,-34.16,-4.88,-68.32,-97.6,-78.08,-34.16,-19.52
24.4,-14.64,-39.04,-4.88,29.28,-29.28,0,-68.32,-97.6,-82.96,-29.28,-19.52
9.76,-9.76,-19.52,0,14.64,-14.64,19.52,-48.8,-78.08,-63.44,-4.88,0
-14.64,-34.16,-19.52,24.4,0,-29.28,14.64,-34.16,-68.32,-53.68,-4.88,0
-14.64,-43.92,-29.28,29.28,4.88,-39.04,14.64,-39.04,-63.44,-53.68,-4.88,-4.88
14.64,-39.04,-53.68,14.64,34.16,-48.8,0,-53.68,-92.72,-73.2,-24.4,-24.4
-4.88,-58.56,-53.68,34.16,24.4,-58.56,-4.88,-63.44,-97.6,-82.96,-39.04,-34.16
-34.16,-68.32,-34.16,53.68,0,-53.68,14.64,-53.68,-82.96,-78.08,-24.4,-19.52
-68.32,-82.96,-14.64,78.08,-29.28,-48.8,14.64,-58.56,-92.72,-78.08,-24.4,-24.4
-43.92,-87.84,-43.92,68.32,0,-68.32,9.76,-68.32,-107.36,-92.72,-39.04,-24.4
-29.28,-87.84,-58.56,58.56,14.64,-73.2,-4.88,-87.84,-112.24,-102.48,-43.92,-39.04
-39.04,-97.6,-58.56,68.32,9.76,-78.08,-4.88,-92.72,-126.88,-112.24,-53.68,-48.8
-43.92,-107.36,-63.44,78.08,9.76,-87.84,0,-87.84,-131.76,-107.36,-48.8,-43.92
-63.44,-117.12,-53.68,92.72,-4.88,-87.84,4.88,-87.84,-126.88,-112.24,-53.68,-48.8
-68.32,-126.88,-58.56,97.6,-4.88,-92.72,0,-97.6,-136.64,-117.12,-58.56,-53.68
-58.56,-141.52,-82.96,102.48,9.76,-112.24,-4.88,-102.48,-146.4,-126.88,-63.44,-63.44
-63.44,-136.64,-73.2,102.48,4.88,-107.36,-4.88,-97.6,-151.28,-131.76,-73.2,-68.32
-78.08,-141.52,-63.44,112.24,-9.76,-102.48,-4.88,-97.6,-146.4,-136.64,-78.08,-73.2
-112.24,-141.52,-29.28,126.88,-43.92,-87.84,9.76,-87.84,-141.52,-122,-68.32,-68.32
-107.36,-146.4,-39.04,126.88,-34.16,-92.72,9.76,-92.72,-136.64,-126.88,-68.32,-68.32
-87.84,-141.52,-53.68,117.12,-19.52,-97.6,14.64,-87.84,-126.88,-117.12,-63.44,-58.56
-82.96,-136.64,-53.68,112.24,-14.64,-97.6,9.76,-97.6,-141.52,-131.76,-73.2,-68.32
-97.6,-136.64,-39.04,117.12,-29.28,-87.84,4.88,-102.48,-156.16,-136.64,-78.08,-78.08
-112.24,-141.52,-29.28,126.88,-43.92,-87.84,4.88,-112.24,-161.04,-151.28,-87.84,-87.84
-122,-165.92,-43.92,146.4,-39.04,-107.36,14.64,-107.36,-156.16,-141.52,-78.08,-78.08
-117.12,-161.04,-43.92,141.52,-39.04,-102.48,9.76,-102.48,-156.16,-151.28,-78.08,-82.96
-107.36,-156.16,-48.8,131.76,-29.28,-102.48,14.64,-97.6,-151.28,-146.4,-73.2,-78.08
-102.48,-151.28,-48.8,126.88,-29.28,-102.48,0,-112.24,-161.04,-161.04,-87.84,-87.84
-102.48,-156.16,-53.68,131.76,-24.4,-107.36,0,-112.24,-165.92,-156.16,-82.96,-87.84
-107.36,-156.16,-48.8,131.76,-29.28,-102.48,4.88,-107.36,-161.04,-151.28,-82.96,-87.84
-112.24,-165.92,-53.68,141.52,-29.28,-112.24,4.88,-107.36,-161.04,-146.4,-78.08,-78.08
-97.6,-180.56,-82.96,141.52,-9.76,-131.76,9.76,-107.36,-156.16,-146.4,-73.2,-78.08
-87.84,-180.56,-92.72,136.64,0,-136.64,0,-107.36,-165.92,-151.28,-78.08,-82.96
-82.96,-151.28,-68.32,117.12,-9.76,-112.24,9.76,-102.48,-156.16,-146.4,-78.08,-82.96
-107.36,-165.92,-58.56,136.64,-24.4,-112.24,0,-107.36,-165.92,-146.4,-78.08,-87.84
-126.88,-180.56,-53.68,156.16,-39.04,-117.12,-4.88,-107.36,-170.8,-156.16,-87.84,-92.72
-92.72,-151.28,-58.56,122,-19.52,-107.36,4.88,-97.6,-156.16,-141.52,-78.08,-82.96
-92.72,-146.4,-53.68,122,-19.52,-102.48,14.64,-87.84,-146.4,-136.64,-73.2,-78.08
-87.84,-161.04,-73.2,126.88,-9.76,-117.12,-4.88,-102.48,-156.16,-141.52,-82.96,-87.84
-82.96,-151.28,-68.32,117.12,-9.76,-112.24,0,-107.36,-161.04,-146.4,-82.96,-92.72
-131.76,-170.8,-39.04,151.28,-48.8,-107.36,4.88,-107.36,-161.04,-146.4,-82.96,-82.96
-117.12,-161.04,-43.92,141.52,-39.04,-102.48,9.76,-97.6,-146.4,-136.64,-73.2,-73.2
-117.12,-151.28,-34.16,136.64,-43.92,-92.72,19.52,-82.96,-136.64,-126.88,-63.44,-63.44
-122,-165.92,-43.92,146.4,-39.04,-107.36,9.76,-97.6,-151.28,-141.52,-78.08,-82.96
-122,-165.92,-43.92,146.4,-39.04,-107.36,9.76,-102.48,-156.16,-141.52,-78.08,-78.08
-107.36,-156.16,-48.8,131.76,-29.28,-102.48,14.64,-92.72,-156.16,-141.52,-78.08,-82.96
-107.36,-170.8,-63.44,141.52,-24.4,-117.12,24.4,-78.08,-151.28,-141.52,-87.84,-92.72
-102.48,-175.68,-73.2,141.52,-14.64,-126.88,43.92,-48.8,-141.52,-151.28,-102.48,-107.36
-112.24,-204.96,-92.72,161.04,-9.76,-151.28,68.32,-14.64,-126.88,-156.16,-117.12,-126.88
-107.36,-234.24,-126.88,170.8,9.76,-180.56,82.96,14.64,-126.88,-175.68,-151.28,-161.04
-107.36,-253.76,-146.4,180.56,19.52,-200.08,117.12,48.8,-102.48,-165.92,-156.16,-170.8
-126.88,-258.64,-131.76,195.2,0,-195.2,126.88,82.96,-68.32,-146.4,-151.28,-170.8
-102.48,-239.12,-136.64,170.8,14.64,-190.32,141.52,151.28,-14.64,-102.48,-126.88,-156.16
-78.08,-219.6,-141.52,151.28,29.28,-180.56,170.8,234.24,63.44,-43.92,-87.84,-131.76
-19.52,-204.96,-185.44,112.24,82.96,-195.2,180.56,302.56,126.88,9.76,-58.56,-102.48
43.92,-180.56,-224.48,68.32,131.76,-204.96,180.56,375.76,219.6,107.36,19.52,-39.04
156.16,-151.28,-307.44,0,229.36,-229.36,141.52,419.68,307.44,229.36,131.76,58.56
268.4,-78.08,-346.48,-92.72,307.44,-214.72,92.72,424.56,409.92,366,258.64,175.68
361.12,0,-361.12,-180.56,361.12,-180.56,14.64,370.88,488,512.4,409.92,317.2
483.12,82.96,-400.16,-283.04,439.2,-161.04,-102.48,278.16,551.44,658.8,570.96,458.72
610,195.2,-414.8,-400.16,512.4,-112.24,-200.08,200.08,634.4,839.36,766.16,644.16
746.64,322.08,-424.56,-531.92,585.6,-53.68,-302.56,97.6,702.72,995.52,936.96,810.08
829.6,424.56,-405.04,-624.64,614.88,9.76,-380.64,4.88,751.52,1137.04,1102.88,971.12
873.52,502.64,-370.88,-688.08,619.76,63.44,-468.48,-102.48,771.04,1234.64,1239.52,1107.76
917.44,600.24,-317.2,-756.4,614.88,141.52,-536.8,-185.44,819.84,1351.76,1361.52,1224.88
888.16,732,-156.16,-810.08,522.16,287.92,-590.48,-263.52,868.64,1429.84,1459.12,1317.6
761.28,829.6,68.32,-795.44,346.48,448.96,-634.4,-375.76,858.88,1468.88,1537.2,1405.44
663.68,888.16,224.48,-775.92,219.6,556.32,-712.48,-536.8,722.24,1351.76,1493.28,1400.56
551.44,824.72,273.28,-688.08,136.64,546.56,-785.68,-722.24,468.48,1078.48,1298.08,1244.4
409.92,673.44,263.52,-541.68,73.2,468.48,-834.48,-902.8,131.76,678.32,956.48,956.48
273.28,517.28,244,-395.28,14.64,380.64,-819.84,-1039.44,-214.72,258.64,590.48,663.68
136.64,439.2,302.56,-287.92,-82.96,370.88,-761.28,-1156.56,-492.88,-78.08,307.44,419.68
-29.28,336.72,366,-151.28,-200.08,351.36,-732,-1259.04,-751.52,-380.64,68.32,209.84
-165.92,214.72,380.64,-24.4,-273.28,297.68,-692.96,-1307.84,-922.32,-600.24,-117.12,34.16
-224.48,126.88,351.36,48.8,-287.92,239.12,-644.16,-1259.04,-971.12,-692.96,-234.24,-87.84
-229.36,29.28,258.64,102.48,-244,141.52,-585.6,-1137.04,-927.2,-702.72,-307.44,-170.8
-209.84,-39.04,170.8,126.88,-190.32,63.44,-536.8,-1019.92,-858.88,-678.32,-336.72,-224.48
-200.08,-112.24,87.84,156.16,-146.4,-14.64,-478.24,-883.28,-761.28,-610,-317.2,-224.48
-175.68,-165.92,9.76,170.8,-92.72,-78.08,-400.16,-727.12,-619.76,-497.76,-268.4,-204.96
-156.16,-185.44,-29.28,170.8,-63.44,-107.36,-317.2,-585.6,-507.52,-409.92,-214.72,-165.92
-151.28,-175.68,-24.4,165.92,-63.44,-102.48,-248.88,-488,-429.44,-346.48,-175.68,-141.52
-112.24,-117.12,-4.88,117.12,-53.68,-63.44,-190.32,-390.4,-346.48,-283.04,-131.76,-107.36
-73.2,-87.84,-14.64,82.96,-29.28,-53.68,-136.64,-287.92,-292.8,-239.12,-107.36,-87.84
-78.08,-92.72,-14.64,87.84,-34.16,-53.68,-97.6,-224.48,-248.88,-214.72,-97.6,-82.96
-87.84,-112.24,-24.4,102.48,-34.16,-68.32,-63.44,-165.92,-209.84,-185.44,-92.72,-82.96
-112.24,-146.4,-34.16,131.76,-39.04,-92.72,-29.28,-117.12,-170.8,-161.04,-78.08,-78.08
-87.84,-156.16,-68.32,122,-9.76,-112.24,-4.88,-78.08,-141.52,-136.64,-73.2,-73.2
-82.96,-156.16,-73.2,122,-4.88,-117.12,14.64,-53.68,-112.24,-117.12,-58.56,-63.44
-87.84,-156.16,-68.32,122,-9.76,-112.24,24.4,-39.04,-92.72,-97.6,-53.68,-63.44
-82.96,-136.64,-53.68,112.24,-14.64,-97.6,34.16,-29.28,-87.84,-92.72,-39.04,-48.8
-78.08,-126.88,-48.8,102.48,-14.64,-87.84,39.04,-29.28,-92.72,-92.72,-39.04,-48.8
-97.6,-122,-24.4,112.24,-39.04,-73.2,39.04,-24.4,-82.96,-92.72,-43.92,-53.68
-102.48,-126.88,-24.4,117.12,-39.04,-78.08,43.92,-14.64,-87.84,-102.48,-48.8,-53.68
-107.36,-117.12,-9.76,112.24,-48.8,-63.44,48.8,4.88,-87.84,-102.48,-48.8,-58.56
-92.72,-117.12,-24.4,107.36,-34.16,-73.2,63.44,19.52,-73.2,-97.6,-53.68,-63.44
-82.96,-117.12,-34.16,102.48,-24.4,-78.08,68.32,19.52,-68.32,-92.72,-53.68,-63.44
-63.44,-117.12,-53.68,92.72,-4.88,-87.84,63.44,29.28,-63.44,-87.84,-48.8,-58.56
-48.8,-122,-73.2,87.84,9.76,-97.6,68.32,29.28,-53.68,-78.08,-48.8,-63.44
-58.56,-136.64,-78.08,97.6,9.76,-107.36,63.44,19.52,-43.92,-73.2,-43.92,-63.44
-82.96,-161.04,-78.08,122,-4.88,-122,58.56,29.28,-39.04,-58.56,-29.28,-48.8
-78.08,-141.52,-63.44,112.24,-9.76,-102.48,63.44,39.04,-39.04,-58.56,-29.28,-48.8
-78.08,-146.4,-68.32,112.24,-4.88,-107.36,68.32,34.16,-48.8,-58.56,-39.04,-53.68
-63.44,-131.76,-68.32,97.6,0,-102.48,73.2,39.04,-48.8,-58.56,-39.04,-53.68
-78.08,-131.76,-53.68,107.36,-14.64,-92.72,78.08,58.56,-39.04,-58.56,-29.28,-48.8
-87.84,-146.4,-58.56,117.12,-14.64,-102.48,82.96,68.32,-24.4,-53.68,-34.16,-48.8
-78.08,-136.64,-58.56,107.36,-9.76,-97.6,87.84,73.2,-14.64,-39.04,-24.4,-43.92
-87.84,-136.64,-48.8,112.24,-19.52,-92.72,78.08,68.32,-19.52,-43.92,-34.16,-48.8
-73.2,-141.52,-68.32,107.36,-4.88,-107.36,78.08,63.44,-19.52,-43.92,-29.28,-48.8
-58.56,-131.76,-73.2,97.6,4.88,-102.48,73.2,58.56,-9.76,-34.16,-24.4,-43.92
-68.32,-141.52,-73.2,107.36,0,-107.36,53.68,43.92,-24.4,-43.92,-24.4,-48.8
-58.56,-131.76,-73.2,97.6,4.88,-102.48,53.68,48.8,-24.4,-43.92,-29.28,-48.8
-53.68,-112.24,-58.56,82.96,0,-87.84,73.2,63.44,-4.88,-24.4,-14.64,-34.16
-68.32,-112.24,-43.92,92.72,-14.64,-78.08,68.32,68.32,-4.88,-24.4,-14.64,-29.28
-58.56,-102.48,-43.92,82.96,-9.76,-73.2,78.08,78.08,-9.76,-29.28,-14.64,-29.28
-29.28,-112.24,-82.96,73.2,24.4,-97.6,63.44,68.32,-19.52,-48.8,-39.04,-53.68
-48.8,-122,-73.2,87.84,9.76,-97.6,68.32,78.08,-4.88,-34.16,-24.4,-48.8
-92.72,-136.64,-43.92,117.12,-24.4,-92.72,82.96,97.6,14.64,-9.76,-4.88,-29.28
-68.32,-136.64,-68.32,102.48,0,-102.48,78.08,82.96,9.76,-19.52,-9.76,-39.04
-34.16,-112.24,-78.08,73.2,19.52,-97.6,82.96,87.84,24.4,-4.88,0,-29.28
-29.28,-97.6,-68.32,63.44,19.52,-82.96,82.96,87.84,24.4,9.76,9.76,-14.64
-43.92,-102.48,-58.56,73.2,4.88,-82.96,78.08,87.84,14.64,0,0,-19.52
-29.28,-102.48,-73.2,68.32,19.52,-87.84,68.32,87.84,19.52,0,0,-9.76
-39.04,-122,-82.96,82.96,19.52,-102.48,73.2,92.72,19.52,4.88,4.88,-4.88
-48.8,-122,-73.2,87.84,9.76,-97.6,82.96,102.48,24.4,-4.88,0,-9.76
-24.4,-102.48,-78.08,63.44,24.4,-92.72,87.84,107.36,24.4,-4.88,-4.88,-19.52
-19.52,-102.48,-82.96,63.44,29.28,-92.72,87.84,107.36,34.16,0,0,-14.64
-24.4,-102.48,-78.08,63.44,24.4,-92.72,87.84,112.24,39.04,14.64,4.88,-9.76
-39.04,-112.24,-73.2,78.08,14.64,-92.72,78.08,107.36,39.04,4.88,4.88,-14.64
-19.52,-107.36,-87.84,63.44,34.16,-97.6,78.08,107.36,48.8,24.4,14.64,-14.64
-4.88,-82.96,-78.08,43.92,34.16,-82.96,73.2,112.24,48.8,34.16,19.52,0
-34.16,-102.48,-68.32,68.32,14.64,-87.84,82.96,112.24,48.8,29.28,19.52,0
-9.76,-87.84,-78.08,48.8,34.16,-82.96,87.84,122,48.8,24.4,24.4,4.88
14.64,-73.2,-87.84,29.28,48.8,-82.96,78.08,122,43.92,29.28,19.52,0
-34.16,-92.72,-58.56,63.44,9.76,-78.08,92.72,146.4,63.44,39.04,34.16,14.64
-34.16,-92.72,-58.56,63.44,9.76,-78.08,87.84,151.28,68.32,29.28,24.4,0
-29.28,-92.72,-63.44,63.44,14.64,-78.08,78.08,151.28,68.32,34.16,19.52,-4.88
-14.64,-78.08,-63.44,48.8,24.4,-73.2,87.84,161.04,78.08,48.8,29.28,0
-4.88,-78.08,-73.2,43.92,34.16,-78.08,92.72,161.04,87.84,53.68,39.04,14.64
9.76,-73.2,-82.96,34.16,43.92,-78.08,82.96,156.16,92.72,63.44,43.92,9.76
29.28,-63.44,-92.72,19.52,58.56,-78.08,78.08,156.16,92.72,73.2,48.8,19.52
24.4,-63.44,-87.84,19.52,53.68,-78.08,82.96,161.04,97.6,73.2,53.68,24.4
9.76,-63.44,-73.2,29.28,39.04,-68.32,82.96,165.92,97.6,73.2,53.68,19.52
0,-82.96,-82.96,43.92,39.04,-82.96,78.08,161.04,97.6,73.2,48.8,14.64
9.76,-82.96,-92.72,39.04,48.8,-87.84,73.2,170.8,92.72,68.32,48.8,19.52
24.4,-63.44,-87.84,19.52,53.68,-78.08,92.72,195.2,112.24,87.84,63.44,24.4
43.92,-48.8,-92.72,4.88,68.32,-73.2,97.6,204.96,122,97.6,68.32,29.28
19.52,-68.32,-87.84,24.4,53.68,-78.08,92.72,209.84,131.76,97.6,68.32,29.28
9.76,-78.08,-87.84,34.16,48.8,-82.96,97.6,214.72,141.52,107.36,78.08,39.04
24.4,-53.68,-78.08,14.64,48.8,-68.32,102.48,224.48,161.04,131.76,102.48,53.68
43.92,-43.92,-87.84,0,63.44,-68.32,92.72,229.36,175.68,146.4,112.24,63.44
68.32,-39.04,-107.36,-14.64,87.84,-73.2,87.84,229.36,165.92,141.52,107.36,63.44
78.08,-29.28,-107.36,-24.4,92.72,-68.32,73.2,224.48,165.92,131.76,102.48,58.56
78.08,-29.28,-107.36,-24.4,92.72,-68.32,82.96,239.12,175.68,146.4,112.24,68.32
58.56,-48.8,-107.36,-4.88,82.96,-78.08,92.72,258.64,180.56,146.4,122,73.2
68.32,-48.8,-117.12,-9.76,92.72,-82.96,92.72,263.52,185.44,151.28,107.36,63.44
92.72,-39.04,-131.76,-24.4,112.24,-87.84,82.96,263.52,195.2,156.16,107.36,63.44
63.44,-34.16,-97.6,-14.64,78.08,-68.32,92.72,283.04,209.84,185.44,126.88,82.96
73.2,-19.52,-92.72,-24.4,82.96,-58.56,92.72,292.8,224.48,190.32,136.64,92.72
97.6,0,-97.6,-48.8,97.6,-48.8,82.96,287.92,234.24,204.96,136.64,92.72
97.6,4.88,-92.72,-48.8,92.72,-43.92,82.96,297.68,239.12,209.84,146.4,102.48
107.36,24.4,-82.96,-63.44,92.72,-29.28,82.96,297.68,239.12,209.84,146.4,107.36
122,24.4,-97.6,-73.2,107.36,-39.04,82.96,302.56,248.88,214.72,151.28,112.24
122,24.4,-97.6,-73.2,107.36,-39.04,78.08,322.08,263.52,229.36,156.16,112.24
131.76,29.28,-102.48,-78.08,117.12,-39.04,82.96,336.72,268.4,234.24,165.92,122
146.4,39.04,-107.36,-92.72,126.88,-34.16,82.96,341.6,278.16,248.88,170.8,117.12
156.16,48.8,-107.36,-102.48,131.76,-29.28,82.96,356.24,292.8,263.52,180.56,126.88
170.8,58.56,-112.24,-112.24,141.52,-29.28,82.96,361.12,302.56,278.16,190.32,136.64
185.44,63.44,-122,-122,151.28,-29.28,78.08,366,317.2,283.04,200.08,141.52
175.68,53.68,-122,-112.24,146.4,-34.16,68.32,366,331.84,297.68,204.96,141.52
185.44,58.56,-126.88,-122,156.16,-34.16,68.32,375.76,346.48,317.2,224.48,170.8
219.6,68.32,-151.28,-141.52,185.44,-43.92,63.44,380.64,346.48,326.96,224.48,170.8
244,102.48,-141.52,-170.8,190.32,-19.52,73.2,405.04,370.88,346.48,244,185.44
209.84,107.36,-102.48,-156.16,156.16,0,78.08,419.68,380.64,361.12,253.76,195.2
185.44,97.6,-87.84,-141.52,136.64,4.88,82.96,429.44,385.52,361.12,263.52,200.08
214.72,107.36,-107.36,-161.04,161.04,0,78.08,429.44,390.4,370.88,258.64,195.2
234.24,102.48,-131.76,-165.92,180.56,-14.64,63.44,424.56,395.28,375.76,268.4,200.08
248.88,97.6,-151.28,-170.8,200.08,-29.28,53.68,419.68,395.28,380.64,268.4,204.96
244,107.36,-136.64,-175.68,190.32,-14.64,53.68,424.56,405.04,390.4,278.16,214.72
263.52,122,-141.52,-190.32,200.08,-9.76,53.68,424.56,424.56,409.92,292.8,219.6
263.52,117.12,-146.4,-190.32,204.96,-14.64,63.44,434.32,439.2,429.44,312.32,244
268.4,131.76,-136.64,-200.08,200.08,-4.88,58.56,434.32,429.44,424.56,307.44,244
273.28,122,-151.28,-195.2,209.84,-14.64,48.8,429.44,429.44,419.68,307.44,248.88
287.92,131.76,-156.16,-209.84,219.6,-14.64,53.68,434.32,434.32,429.44,312.32,248.88
297.68,136.64,-161.04,-214.72,229.36,-14.64,53.68,439.2,429.44,419.68,317.2,253.76
297.68,146.4,-151.28,-219.6,224.48,-4.88,63.44,444.08,434.32,434.32,322.08,253.76
307.44,156.16,-151.28,-229.36,229.36,0,58.56,439.2,439.2,434.32,317.2,253.76
307.44,141.52,-165.92,-224.48,234.24,-14.64,48.8,429.44,429.44,429.44,312.32,244
297.68,126.88,-170.8,-209.84,234.24,-24.4,43.92,419.68,429.44,429.44,317.2,248.88
292.8,126.88,-165.92,-209.84,229.36,-19.52,43.92,414.8,444.08,439.2,326.96,253.76
287.92,126.88,-161.04,-204.96,224.48,-19.52,43.92,419.68,444.08,439.2,331.84,268.4
292.8,141.52,-151.28,-214.72,219.6,-4.88,48.8,419.68,439.2,444.08,331.84,273.28
292.8,141.52,-151.28,-214.72,219.6,-4.88,43.92,409.92,429.44,434.32,331.84,273.28
283.04,136.64,-146.4,-209.84,214.72,-4.88,39.04,400.16,414.8,434.32,326.96,268.4
297.68,146.4,-151.28,-219.6,224.48,-4.88,24.4,385.52,400.16,414.8,312.32,258.64
278.16,141.52,-136.64,-209.84,204.96,0,24.4,380.64,400.16,409.92,307.44,248.88
273.28,151.28,-122,-209.84,195.2,14.64,34.16,380.64,405.04,409.92,312.32,258.64
287.92,151.28,-136.64,-219.6,209.84,4.88,39.04,366,390.4,409.92,302.56,248.88
273.28,146.4,-126.88,-209.84,200.08,9.76,39.04,356.24,385.52,395.28,302.56,248.88
278.16,161.04,-117.12,-219.6,195.2,19.52,43.92,346.48,380.64,400.16,302.56,248.88
263.52,151.28,-112.24,-204.96,185.44,19.52,34.16,331.84,361.12,380.64,292.8,239.12
248.88,141.52,-107.36,-195.2,175.68,14.64,34.16,302.56,341.6,351.36,278.16,219.6
209.84,141.52,-68.32,-175.68,136.64,34.16,39.04,297.68,336.72,341.6,273.28,224.48
185.44,126.88,-58.56,-156.16,122,34.16,43.92,287.92,317.2,331.84,258.64,209.84
185.44,117.12,-68.32,-151.28,126.88,24.4,34.16,273.28,287.92,297.68,234.24,190.32
175.68,97.6,-78.08,-136.64,126.88,9.76,29.28,244,258.64,268.4,209.84,165.92
175.68,97.6,-78.08,-136.64,126.88,9.76,29.28,234.24,244,253.76,195.2,156.16
156.16,107.36,-48.8,-131.76,102.48,29.28,43.92,234.24,244,253.76,195.2,156.16
126.88,102.48,-24.4,-112.24,73.2,39.04,43.92,219.6,239.12,244,190.32,156.16
131.76,107.36,-24.4,-117.12,78.08,39.04,43.92,204.96,229.36,234.24,180.56,146.4
131.76,117.12,-14.64,-122,73.2,48.8,39.04,180.56,204.96,219.6,170.8,141.52
112.24,97.6,-14.64,-102.48,63.44,39.04,34.16,156.16,180.56,190.32,151.28,117.12
102.48,87.84,-14.64,-92.72,58.56,34.16,39.04,141.52,165.92,165.92,136.64,102.48
97.6,82.96,-14.64,-87.84,53.68,34.16,39.04,131.76,146.4,151.28,126.88,87.84
82.96,78.08,-4.88,-78.08,43.92,34.16,39.04,117.12,122,122,107.36,73.2
48.8,53.68,4.88,-48.8,19.52,29.28,34.16,97.6,102.48,112.24,87.84,53.68
24.4,39.04,14.64,-29.28,4.88,24.4,29.28,92.72,92.72,97.6,73.2,43.92
43.92,48.8,4.88,-43.92,19.52,24.4,29.28,78.08,78.08,82.96,68.32,39.04
53.68,48.8,-4.88,-48.8,29.28,19.52,29.28,58.56,63.44,73.2,58.56,29.28
24.4,43.92,19.52,-34.16,0,29.28,34.16,58.56,73.2,78.08,58.56,34.16
14.64,43.92,29.28,-29.28,-9.76,34.16,34.16,53.68,58.56,68.32,63.44,34.16
48.8,53.68,4.88,-48.8,19.52,29.28,19.52,29.28,34.16,43.92,34.16,14.64
34.16,39.04,4.88,-34.16,14.64,19.52,14.64,19.52,19.52,24.4,29.28,9.76
9.76,53.68,43.92,-29.28,-19.52,48.8,24.4,19.52,9.76,19.52,19.52,4.88
-24.4,39.04,63.44,-4.88,-43.92,48.8,34.16,24.4,4.88,4.88,9.76,4.88
-24.4,34.16,58.56,-4.88,-43.92,43.92,34.16,19.52,0,-4.88,0,-9.76
-14.64,39.04,53.68,-9.76,-34.16,43.92,34.16,9.76,-9.76,-4.88,0,-14.64
-4.88,24.4,29.28,-9.76,-19.52,24.4,14.64,-4.88,-29.28,-19.52,-19.52,-29.28
-4.88,14.64,19.52,-4.88,-14.64,14.64,19.52,-9.76,-24.4,-19.52,-14.64,-29.28
-14.64,-9.76,4.88,14.64,-9.76,-4.88,14.64,-14.64,-24.4,-19.52,-19.52,-29.28
-9.76,4.88,14.64,4.88,-14.64,9.76,14.64,-19.52,-24.4,-19.52,-14.64,-29.28
-14.64,29.28,43.92,-4.88,-29.28,34.16,9.76,-24.4,-34.16,-24.4,-19.52,-29.28
-29.28,24.4,53.68,4.88,-43.92,39.04,9.76,-24.4,-34.16,-34.16,-19.52,-34.16
-19.52,24.4,43.92,0,-34.16,34.16,9.76,-29.28,-43.92,-34.16,-24.4,-39.04
-34.16,9.76,43.92,14.64,-39.04,24.4,9.76,-29.28,-53.68,-48.8,-24.4,-39.04
-39.04,0,39.04,19.52,-39.04,19.52,4.88,-43.92,-58.56,-58.56,-43.92,-53.68
-24.4,19.52,43.92,4.88,-34.16,29.28,14.64,-39.04,-53.68,-53.68,-39.04,-48.8
-24.4,24.4,48.8,0,-39.04,34.16,4.88,-39.04,-58.56,-48.8,-39.04,-48.8
-29.28,9.76,39.04,9.76,-34.16,24.4,9.76,-43.92,-53.68,-48.8,-39.04,-43.92
-24.4,24.4,48.8,0,-39.04,34.16,-4.88,-53.68,-53.68,-53.68,-43.92,-53.68
-34.16,14.64,48.8,9.76,-43.92,29.28,0,-43.92,-53.68,-48.8,-29.28,-43.92
-39.04,9.76,48.8,14.64,-43.92,29.28,0,-48.8,-58.56,-48.8,-34.16,-43.92
-9.76,19.52,29.28,-4.88,-19.52,24.4,-4.88,-58.56,-63.44,-63.44,-39.04,-48.8
-4.88,19.52,24.4,-4.88,-14.64,19.52,0,-58.56,-68.32,-58.56,-43.92,-53.68
-19.52,34.16,53.68,-4.88,-39.04,43.92,14.64,-43.92,-63.44,-58.56,-34.16,-48.8
-48.8,29.28,78.08,9.76,-63.44,53.68,24.4,-34.16,-48.8,-53.68,-39.04,-48.8
-58.56,29.28,87.84,14.64,-73.2,58.56,19.52,-34.16,-48.8,-53.68,-34.16,-43.92
-48.8,19.52,68.32,14.64,-58.56,43.92,9.76,-39.04,-58.56,-53.68,-39.04,-43.92
-53.68,4.88,58.56,24.4,-58.56,29.28,14.64,-34.16,-58.56,-53.68,-39.04,-39.04
-48.8,14.64,63.44,19.52,-58.56,39.04,14.64,-34.16,-43.92,-34.16,-34.16,-34.16
-39.04,14.64,53.68,14.64,-48.8,34.16,0,-48.8,-58.56,-43.92,-34.16,-39.04
-39.04,4.88,43.92,19.52,-43.92,24.4,4.88,-53.68,-63.44,-53.68,-39.04,-39.04
-43.92,-4.88,39.04,24.4,-43.92,14.64,4.88,-48.8,-58.56,-58.56,-39.04,-39.04
-39.04,0,39.04,19.52,-39.04,19.52,9.76,-39.04,-53.68,-48.8,-39.04,-39.04
-34.16,9.76,43.92,14.64,-39.04,24.4,9.76,-34.16,-63.44,-58.56,-39.04,-39.04
-63.44,14.64,78.08,24.4,-73.2,43.92,24.4,-24.4,-48.8,-48.8,-39.04,-39.04
-73.2,0,73.2,39.04,-73.2,34.16,14.64,-24.4,-53.68,-53.68,-48.8,-48.8
-48.8,0,48.8,24.4,-48.8,24.4,14.64,-19.52,-48.8,-43.92,-43.92,-43.92
-39.04,9.76,48.8,14.64,-43.92,29.28,4.88,-34.16,-53.68,-53.68,-48.8,-48.8
-48.8,14.64,63.44,19.52,-58.56,39.04,14.64,-29.28,-39.04,-39.04,-39.04,-43.92
-53.68,9.76,63.44,24.4,-58.56,34.16,14.64,-29.28,-43.92,-39.04,-34.16,-39.04
-53.68,4.88,58.56,24.4,-58.56,29.28,19.52,-24.4,-39.04,-34.16,-29.28,-34.16
-58.56,0,58.56,29.28,-58.56,29.28,14.64,-29.28,-43.92,-43.92,-34.16,-39.04
-48.8,0,48.8,24.4,-48.8,24.4,14.64,-24.4,-43.92,-34.16,-34.16,-39.04
-24.4,14.64,39.04,4.88,-34.16,24.4,14.64,-19.52,-48.8,-43.92,-39.04,-39.04
-19.52,34.16,53.68,-4.88,-39.04,43.92,24.4,-14.64,-39.04,-43.92,-39.04,-39.04
-19.52,34.16,53.68,-4.88,-39.04,43.92,19.52,-9.76,-39.04,-43.92,-43.92,-43.92
-24.4,24.4,48.8,0,-39.04,34.16,19.52,-9.76,-39.04,-43.92,-43.92,-48.8
-9.76,34.16,43.92,-9.76,-29.28,39.04,19.52,-9.76,-34.16,-43.92,-39.04,-43.92
-19.52,39.04,58.56,-9.76,-39.04,48.8,29.28,-4.88,-19.52,-24.4,-29.28,-34.16
-29.28,34.16,63.44,0,-48.8,48.8,34.16,0,-14.64,-9.76,-9.76,-19.52
-29.28,19.52,48.8,4.88,-39.04,34.16,19.52,-4.88,-24.4,-24.4,-24.4,-29.28
-43.92,9.76,53.68,19.52,-48.8,29.28,19.52,-4.88,-24.4,-24.4,-29.28,-29.28
-43.92,14.64,58.56,14.64,-53.68,34.16,14.64,-4.88,-29.28,-24.4,-29.28,-29.28
-43.92,4.88,48.8,19.52,-48.8,24.4,14.64,-4.88,-39.04,-29.28,-29.28,-29.28
-14.64,24.4,39.04,-4.88,-29.28,29.28,19.52,4.88,-24.4,-29.28,-29.28,-29.28
-19.52,24.4,43.92,0,-34.16,34.16,19.52,4.88,-19.52,-24.4,-34.16,-34.16
-48.8,4.88,53.68,24.4,-53.68,29.28,19.52,4.88,-14.64,-19.52,-34.16,-34.16
-39.04,14.64,53.68,14.64,-48.8,34.16,24.4,4.88,-9.76,-19.52,-24.4,-29.28
-29.28,14.64,43.92,9.76,-39.04,29.28,14.64,4.88,-9.76,-19.52,-29.28,-34.16
-43.92,14.64,58.56,14.64,-53.68,34.16,19.52,4.88,-14.64,-9.76,-24.4,-29.28
-24.4,29.28,53.68,0,-39.04,39.04,24.4,9.76,-14.64,-9.76,-14.64,-24.4
-14.64,29.28,43.92,-4.88,-29.28,34.16,19.52,4.88,-14.64,-19.52,-19.52,-24.4
-9.76,29.28,39.04,-9.76,-24.4,34.16,19.52,0,-24.4,-19.52,-24.4,-29.28
-14.64,34.16,48.8,-9.76,-34.16,39.04,24.4,4.88,-29.28,-29.28,-24.4,-34.16
-24.4,9.76,34.16,9.76,-29.28,19.52,19.52,4.88,-24.4,-29.28,-29.28,-39.04
-19.52,4.88,24.4,9.76,-24.4,14.64,14.64,9.76,-19.52,-29.28,-34.16,-43.92
-4.88,19.52,24.4,-4.88,-14.64,19.52,9.76,4.88,-19.52,-24.4,-34.16,-43.92
-29.28,24.4,53.68,4.88,-43.92,39.04,19.52,4.88,-19.52,-24.4,-29.28,-39.04
-19.52,39.04,58.56,-9.76,-39.04,48.8,24.4,4.88,-14.64,-14.64,-24.4,-34.16
-24.4,24.4,48.8,0,-39.04,34.16,19.52,0,-19.52,-14.64,-24.4,-39.04
-24.4,19.52,43.92,4.88,-34.16,29.28,24.4,0,-19.52,-9.76,-19.52,-34.16
-19.52,9.76,29.28,4.88,-24.4,19.52,19.52,-4.88,-19.52,-19.52,-29.28,-34.16
-19.52,0,19.52,9.76,-19.52,9.76,9.76,0,-29.28,-24.4,-34.16,-43.92
-9.76,19.52,29.28,-4.88,-19.52,24.4,19.52,9.76,-24.4,-24.4,-29.28,-39.04
-19.52,29.28,48.8,-4.88,-34.16,39.04,19.52,14.64,-14.64,-29.28,-29.28,-39.04
-53.68,4.88,58.56,24.4,-58.56,29.28,24.4,19.52,-9.76,-19.52,-24.4,-39.04
-43.92,-4.88,39.04,24.4,-43.92,14.64,29.28,19.52,-9.76,-9.76,-19.52,-34.16
-9.76,0,9.76,4.88,-9.76,4.88,19.52,4.88,-14.64,-24.4,-24.4,-34.16
0,4.88,4.88,0,-4.88,4.88,14.64,0,-19.52,-19.52,-29.28,-34.16
-48.8,0,48.8,24.4,-48.8,24.4,34.16,4.88,-9.76,-9.76,-14.64,-19.52
-43.92,4.88,48.8,19.52,-48.8,24.4,19.52,0,-19.52,-19.52,-19.52,-29.28
-19.52,19.52,39.04,0,-29.28,29.28,24.4,-4.88,-24.4,-24.4,-29.28,-29.28
-24.4,34.16,58.56,-4.88,-43.92,43.92,29.28,4.88,-24.4,-14.64,-19.52,-24.4
-43.92,29.28,73.2,9.76,-58.56,48.8,24.4,9.76,-14.64,-14.64,-14.64,-19.52
-39.04,19.52,58.56,9.76,-48.8,39.04,19.52,0,-24.4,-29.28,-29.28,-34.16
-29.28,4.88,34.16,14.64,-34.16,19.52,0,-14.64,-34.16,-39.04,-43.92,-48.8
-4.88,19.52,24.4,-4.88,-14.64,19.52,-9.76,-19.52,-43.92,-39.04,-43.92,-53.68
0,34.16,34.16,-14.64,-19.52,34.16,4.88,-9.76,-34.16,-34.16,-39.04,-39.04
-39.04,14.64,53.68,14.64,-48.8,34.16,14.64,-4.88,-24.4,-24.4,-29.28,-34.16
-43.92,4.88,48.8,19.52,-48.8,24.4,9.76,-4.88,-24.4,-19.52,-24.4,-29.28
-48.8,4.88,53.68,24.4,-53.68,29.28,4.88,-14.64,-29.28,-29.28,-29.28,-34.16
-34.16,0,34.16,19.52,-34.16,14.64,9.76,-14.64,-29.28,-34.16,-34.16,-34.16
-34.16,14.64,48.8,9.76,-43.92,29.28,14.64,-14.64,-29.28,-29.28,-34.16,-39.04
-34.16,29.28,63.44,4.88,-48.8,43.92,24.4,4.88,-19.52,-24.4,-24.4,-24.4
-48.8,24.4,73.2,14.64,-63.44,48.8,29.28,9.76,-19.52,-24.4,-24.4,-24.4
-53.68,14.64,68.32,19.52,-63.44,39.04,14.64,-9.76,-34.16,-34.16,-39.04,-39.04
-43.92,4.88,48.8,19.52,-48.8,24.4,4.88,-19.52,-43.92,-39.04,-43.92,-48.8
-19.52,9.76,29.28,4.88,-24.4,19.52,4.88,-14.64,-39.04,-39.04,-39.04,-43.92
-14.64,9.76,24.4,4.88,-19.52,14.64,0,-24.4,-43.92,-43.92,-39.04,-48.8
-19.52,4.88,24.4,9.76,-24.4,14.64,0,-34.16,-48.8,-43.92,-39.04,-43.92
-24.4,14.64,39.04,4.88,-34.16,24.4,-4.88,-29.28,-39.04,-39.04,-34.16,-29.28
-29.28,24.4,53.68,4.88,-43.92,39.04,4.88,-19.52,-34.16,-39.04,-34.16,-29.28
-43.92,9.76,53.68,19.52,-48.8,29.28,4.88,-24.4,-43.92,-43.92,-39.04,-39.04
-73.2,0,73.2,39.04,-73.2,34.16,4.88,-19.52,-48.8,-48.8,-43.92,-39.04
-48.8,9.76,58.56,19.52,-53.68,34.16,9.76,-19.52,-43.92,-58.56,-43.92,-39.04
-19.52,34.16,53.68,-4.88,-39.04,43.92,9.76,-14.64,-43.92,-53.68,-48.8,-39.04
-39.04,14.64,53.68,14.64,-48.8,34.16,9.76,-24.4,-53.68,-48.8,-48.8,-43.92
-48.8,-9.76,39.04,29.28,-43.92,14.64,14.64,-29.28,-48.8,-48.8,-43.92,-39.04
-48.8,-4.88,43.92,29.28,-48.8,19.52,9.76,-24.4,-43.92,-43.92,-48.8,-39.04
-29.28,0,29.28,14.64,-29.28,14.64,0,-29.28,-48.8,-48.8,-53.68,-39.04
-48.8,-9.76,39.04,29.28,-43.92,14.64,0,-29.28,-48.8,-43.92,-48.8,-39.04
-43.92,-4.88,39.04,24.4,-43.92,14.64,-4.88,-29.28,-48.8,-48.8,-48.8,-43.92
-43.92,0,43.92,24.4,-43.92,19.52,4.88,-24.4,-48.8,-48.8,-43.92,-34.16
-34.16,4.88,39.04,14.64,-39.04,19.52,0,-29.28,-58.56,-53.68,-53.68,-43.92
-24.4,14.64,39.04,4.88,-34.16,24.4,0,-24.4,-53.68,-53.68,-48.8,-43.92
-39.04,19.52,58.56,9.76,-48.8,39.04,4.88,-14.64,-53.68,-48.8,-53.68,-43.92
-34.16,4.88,39.04,14.64,-39.04,19.52,19.52,-14.64,-48.8,-43.92,-43.92,-34.16
-34.16,9.76,43.92,14.64,-39.04,24.4,9.76,-19.52,-48.8,-53.68,-53.68,-43.92
-34.16,9.76,43.92,14.64,-39.04,24.4,4.88,-29.28,-48.8,-48.8,-58.56,-48.8
-29.28,4.88,34.16,14.64,-34.16,19.52,0,-34.16,-53.68,-58.56,-58.56,-43.92
-39.04,9.76,48.8,14.64,-43.92,29.28,-4.88,-34.16,-53.68,-48.8,-48.8,-39.04
-43.92,19.52,63.44,14.64,-53.68,39.04,9.76,-24.4,-43.92,-48.8,-43.92,-34.16
-53.68,4.88,58.56,24.4,-58.56,29.28,9.76,-19.52,-48.8,-48.8,-43.92,-29.28
-43.92,4.88,48.8,19.52,-48.8,24.4,9.76,-14.64,-48.8,-43.92,-43.92,-34.16
-39.04,14.64,53.68,14.64,-48.8,34.16,4.88,-14.64,-53.68,-48.8,-53.68,-39.04
-53.68,-4.88,48.8,29.28,-53.68,19.52,-4.88,-19.52,-48.8,-53.68,-58.56,-43.92
-39.04,-9.76,29.28,24.4,-34.16,9.76,-4.88,-19.52,-48.8,-48.8,-53.68,-39.04
0,9.76,9.76,-4.88,-4.88,9.76,-4.88,-34.16,-48.8,-53.68,-58.56,-48.8
-4.88,9.76,14.64,0,-9.76,9.76,-4.88,-29.28,-48.8,-48.8,-58.56,-48.8
-48.8,4.88,53.68,24.4,-53.68,29.28,4.88,-19.52,-43.92,-34.16,-43.92,-34.16
-73.2,0,73.2,39.04,-73.2,34.16,9.76,-14.64,-39.04,-34.16,-34.16,-29.28
-48.8,9.76,58.56,19.52,-53.68,34.16,4.88,-14.64,-39.04,-34.16,-39.04,-29.28
-29.28,19.52,48.8,4.88,-39.04,34.16,0,-19.52,-48.8,-43.92,-48.8,-39.04
-43.92,0,43.92,24.4,-43.92,19.52,-4.88,-24.4,-48.8,-53.68,-53.68,-39.04
-58.56,-14.64,43.92,39.04,-53.68,14.64,0,-19.52,-43.92,-48.8,-53.68,-43.92
-39.04,0,39.04,19.52,-39.04,19.52,4.88,-9.76,-43.92,-48.8,-53.68,-43.92
-48.8,0,48.8,24.4,-48.8,24.4,4.88,-9.76,-43.92,-43.92,-48.8,-39.04
-39.04,14.64,53.68,14.64,-48.8,34.16,0,-9.76,-39.04,-39.04,-48.8,-34.16
-34.16,9.76,43.92,14.64,-39.04,24.4,-14.64,-24.4,-43.92,-39.04,-53.68,-43.92
-19.52,0,19.52,9.76,-19.52,9.76,0,-14.64,-34.16,-29.28,-43.92,-29.28
-24.4,-4.88,19.52,14.64,-24.4,4.88,0,-14.64,-39.04,-29.28,-39.04,-29.28
-63.44,-9.76,53.68,39.04,-58.56,19.52,-4.88,-9.76,-34.16,-34.16,-43.92,-29.28
-48.8,-9.76,39.04,29.28,-43.92,14.64,-9.76,-14.64,-43.92,-43.92,-48.8,-39.04
-43.92,-4.88,39.04,24.4,-43.92,14.64,-9.76,-14.64,-48.8,-48.8,-53.68,-39.04
-58.56,-19.52,39.04,39.04,-48.8,9.76,-4.88,-14.64,-43.92,-48.8,-53.68,-34.16
-53.68,-19.52,34.16,39.04,-43.92,4.88,0,-4.88,-34.16,-39.04,-53.68,-34.16
-39.04,0,39.04,19.52,-39.04,19.52,0,-4.88,-34.16,-34.16,-43.92,-24.4
-24.4,9.76,34.16,9.76,-29.28,19.52,0,-14.64,-39.04,-34.16,-48.8,-34.16
-24.4,14.64,39.04,4.88,-34.16,24.4,0,-4.88,-29.28,-29.28,-43.92,-29.28
-48.8,-4.88,43.92,29.28,-48.8,19.52,0,-9.76,-34.16,-34.16,-39.04,-24.4
-48.8,0,48.8,24.4,-48.8,24.4,4.88,-4.88,-29.28,-29.28,-34.16,-24.4
-43.92,-4.88,39.04,24.4,-43.92,14.64,0,-9.76,-29.28,-34.16,-43.92,-29.28
-53.68,0,53.68,29.28,-53.68,24.4,0,-4.88,-24.4,-29.28,-43.92,-24.4
-48.8,4.88,53.68,24.4,-53.68,29.28,0,-9.76,-34.16,-39.04,-43.92,-24.4
-48.8,-4.88,43.92,29.28,-48.8,19.52,-9.76,-4.88,-39.04,-43.92,-53.68,-29.28
-58.56,-9.76,48.8,34.16,-53.68,19.52,-4.88,0,-39.04,-43.92,-43.92,-24.4
-63.44,-14.64,48.8,39.04,-58.56,14.64,-9.76,-9.76,-43.92,-48.8,-48.8,-34.16
-53.68,-24.4,29.28,39.04,-43.92,0,-14.64,-14.64,-48.8,-48.8,-58.56,-34.16
-43.92,-14.64,29.28,29.28,-39.04,4.88,-4.88,-9.76,-29.28,-39.04,-48.8,-29.28
-34.16,-4.88,29.28,19.52,-34.16,9.76,-4.88,-9.76,-29.28,-43.92,-43.92,-29.28
-34.16,-4.88,29.28,19.52,-34.16,9.76,-4.88,-14.64,-34.16,-43.92,-48.8,-34.16
-39.04,-4.88,34.16,24.4,-39.04,14.64,0,0,-24.4,-34.16,-39.04,-24.4
-29.28,-4.88,24.4,19.52,-29.28,9.76,-4.88,0,-34.16,-39.04,-43.92,-29.28
-14.64,9.76,24.4,4.88,-19.52,14.64,-4.88,0,-34.16,-39.04,-48.8,-29.28
-48.8,19.52,68.32,14.64,-58.56,43.92,0,0,-39.04,-43.92,-48.8,-29.28
-87.84,-9.76,78.08,48.8,-82.96,34.16,9.76,14.64,-24.4,-29.28,-34.16,-14.64
-53.68,-14.64,39.04,34.16,-48.8,9.76,24.4,24.4,-9.76,-19.52,-29.28,-4.88
-24.4,4.88,29.28,9.76,-29.28,14.64,29.28,29.28,0,-14.64,-24.4,-4.88
-39.04,-4.88,34.16,24.4,-39.04,14.64,24.4,24.4,-4.88,-14.64,-29.28,-9.76
-24.4,14.64,39.04,4.88,-34.16,24.4,29.28,29.28,0,-4.88,-19.52,0
-29.28,29.28,58.56,0,-43.92,43.92,34.16,43.92,9.76,0,-9.76,4.88
-29.28,19.52,48.8,4.88,-39.04,34.16,34.16,43.92,14.64,0,-9.76,4.88
-29.28,24.4,53.68,4.88,-43.92,39.04,34.16,43.92,4.88,-4.88,-14.64,4.88
-14.64,39.04,53.68,-9.76,-34.16,43.92,34.16,53.68,9.76,-4.88,-9.76,9.76
-4.88,39.04,43.92,-14.64,-24.4,39.04,29.28,48.8,9.76,-4.88,-19.52,4.88
-14.64,39.04,53.68,-9.76,-34.16,43.92,34.16,48.8,14.64,-4.88,-14.64,4.88
-24.4,39.04,63.44,-4.88,-43.92,48.8,43.92,58.56,24.4,9.76,-4.88,14.64
-19.52,53.68,73.2,-14.64,-48.8,63.44,39.04,53.68,34.16,9.76,0,19.52
-34.16,34.16,68.32,0,-53.68,48.8,48.8,53.68,24.4,4.88,-4.88,9.76
-24.4,34.16,58.56,-4.88,-43.92,43.92,43.92,63.44,29.28,9.76,-4.88,14.64
-4.88,53.68,58.56,-24.4,-34.16,53.68,53.68,73.2,39.04,14.64,0,19.52
0,19.52,19.52,-9.76,-9.76,19.52,53.68,73.2,39.04,14.64,-4.88,14.64
14.64,39.04,24.4,-24.4,-4.88,29.28,43.92,73.2,34.16,9.76,-4.88,14.64
-9.76,39.04,48.8,-14.64,-29.28,43.92,39.04,78.08,39.04,14.64,4.88,24.4
-14.64,39.04,53.68,-9.76,-34.16,43.92,39.04,82.96,39.04,19.52,4.88,29.28
29.28,58.56,29.28,-43.92,0,43.92,39.04,82.96,43.92,24.4,9.76,34.16
39.04,68.32,29.28,-53.68,4.88,48.8,29.28,82.96,43.92,24.4,14.64,39.04
14.64,48.8,34.16,-29.28,-9.76,39.04,14.64,78.08,43.92,24.4,14.64,39.04
0,34.16,34.16,-14.64,-19.52,34.16,4.88,68.32,48.8,39.04,24.4,43.92
-19.52,29.28,48.8,-4.88,-34.16,39.04,-9.76,63.44,48.8,39.04,24.4,48.8
9.76,43.92,34.16,-24.4,-14.64,39.04,-14.64,63.44,43.92,34.16,19.52,48.8
34.16,53.68,19.52,-43.92,4.88,34.16,-19.52,53.68,39.04,29.28,14.64,39.04
14.64,53.68,39.04,-34.16,-14.64,43.92,-19.52,48.8,34.16,19.52,9.76,39.04
9.76,63.44,53.68,-34.16,-24.4,58.56,-24.4,53.68,29.28,19.52,4.88,43.92
0,48.8,48.8,-24.4,-24.4,48.8,-29.28,48.8,24.4,14.64,9.76,43.92
24.4,63.44,39.04,-43.92,-9.76,48.8,-29.28,39.04,19.52,14.64,9.76,43.92
34.16,48.8,14.64,-39.04,9.76,29.28,-29.28,48.8,34.16,24.4,19.52,43.92
24.4,34.16,9.76,-29.28,4.88,19.52,-24.4,53.68,43.92,29.28,24.4,53.68
43.92,24.4,-19.52,-34.16,29.28,0,-24.4,53.68,39.04,29.28,14.64,43.92
48.8,14.64,-34.16,-29.28,39.04,-9.76,-34.16,39.04,24.4,14.64,4.88,34.16
34.16,4.88,-29.28,-19.52,29.28,-14.64,-29.28,29.28,19.52,4.88,0,24.4
29.28,19.52,-9.76,-24.4,19.52,4.88,-29.28,29.28,14.64,9.76,0,24.4
9.76,4.88,-4.88,-4.88,4.88,0,-24.4,34.16,14.64,9.76,-4.88,24.4
0,-4.88,-4.88,4.88,0,-4.88,-34.16,19.52,-4.88,-9.76,-14.64,14.64
4.88,-14.64,-19.52,4.88,9.76,-19.52,-24.4,24.4,0,-9.76,-14.64,24.4
14.64,-24.4,-39.04,4.88,24.4,-34.16,-29.28,24.4,0,-9.76,-14.64,19.52
-9.76,-48.8,-39.04,29.28,14.64,-43.92,-34.16,14.64,-9.76,-19.52,-24.4,4.88
9.76,-48.8,-58.56,19.52,34.16,-53.68,-43.92,4.88,-19.52,-29.28,-34.16,4.88
14.64,-48.8,-63.44,19.52,39.04,-58.56,-53.68,-9.76,-24.4,-34.16,-43.92,-4.88
-9.76,-53.68,-43.92,34.16,14.64,-48.8,-43.92,-4.88,-24.4,-34.16,-39.04,-4.88
-34.16,-63.44,-29.28,48.8,-4.88,-48.8,-24.4,4.88,-19.52,-29.28,-34.16,0
-43.92,-63.44,-19.52,53.68,-14.64,-43.92,-19.52,14.64,-9.76,-24.4,-34.16,0
-43.92,-43.92,0,43.92,-24.4,-24.4,-4.88,29.28,0,-14.64,-24.4,9.76
-48.8,-53.68,-4.88,53.68,-24.4,-29.28,-4.88,34.16,0,-14.64,-24.4,9.76
-39.04,-53.68,-14.64,48.8,-14.64,-34.16,-9.76,24.4,-9.76,-24.4,-39.04,-4.88
-39.04,-53.68,-14.64,48.8,-14.64,-34.16,-19.52,19.52,-14.64,-29.28,-43.92,-9.76
-39.04,-68.32,-29.28,53.68,-4.88,-48.8,-14.64,19.52,-19.52,-34.16,-48.8,-14.64
-39.04,-68.32,-29.28,53.68,-4.88,-48.8,-19.52,9.76,-24.4,-39.04,-53.68,-14.64
-68.32,-78.08,-9.76,73.2,-29.28,-43.92,-14.64,9.76,-24.4,-34.16,-53.68,-19.52
-78.08,-82.96,-4.88,82.96,-39.04,-43.92,-14.64,9.76,-19.52,-39.04,-48.8,-14.64
-53.68,-68.32,-14.64,63.44,-19.52,-43.92,-9.76,9.76,-19.52,-39.04,-48.8,-14.64
-58.56,-58.56,0,58.56,-29.28,-29.28,-9.76,19.52,-9.76,-34.16,-43.92,-4.88
-58.56,-63.44,-4.88,63.44,-29.28,-34.16,-4.88,19.52,-14.64,-39.04,-43.92,-4.88
-68.32,-92.72,-24.4,82.96,-24.4,-58.56,-14.64,14.64,-29.28,-43.92,-58.56,-9.76
-73.2,-107.36,-34.16,92.72,-19.52,-73.2,-19.52,14.64,-29.28,-48.8,-58.56,-19.52
-48.8,-87.84,-39.04,68.32,-4.88,-63.44,-19.52,19.52,-29.28,-43.92,-58.56,-19.52
-39.04,-73.2,-34.16,58.56,-4.88,-53.68,-14.64,14.64,-24.4,-43.92,-63.44,-19.52
-43.92,-68.32,-24.4,58.56,-9.76,-48.8,-9.76,24.4,-14.64,-39.04,-58.56,-14.64
-43.92,-73.2,-29.28,58.56,-9.76,-53.68,0,24.4,-14.64,-29.28,-53.68,-9.76
-58.56,-82.96,-24.4,73.2,-19.52,-53.68,-4.88,19.52,-14.64,-34.16,-53.68,-14.64
-43.92,-68.32,-24.4,58.56,-9.76,-48.8,0,24.4,-14.64,-34.16,-53.68,-14.64
-63.44,-78.08,-14.64,73.2,-24.4,-48.8,4.88,29.28,-9.76,-29.28,-48.8,-9.76
-68.32,-82.96,-14.64,78.08,-29.28,-48.8,4.88,34.16,-9.76,-29.28,-48.8,-9.76
-68.32,-92.72,-24.4,82.96,-24.4,-58.56,0,34.16,-9.76,-34.16,-48.8,-14.64
-58.56,-92.72,-34.16,78.08,-14.64,-63.44,-9.76,29.28,-14.64,-34.16,-58.56,-19.52
-34.16,-82.96,-48.8,58.56,4.88,-68.32,-9.76,39.04,-4.88,-29.28,-48.8,-14.64
-68.32,-87.84,-19.52,78.08,-24.4,-53.68,0,43.92,-4.88,-24.4,-43.92,-9.76
-78.08,-102.48,-24.4,92.72,-29.28,-63.44,4.88,43.92,0,-24.4,-43.92,-9.76
-48.8,-107.36,-58.56,78.08,4.88,-82.96,0,34.16,0,-19.52,-48.8,-9.76
-48.8,-107.36,-58.56,78.08,4.88,-82.96,0,39.04,-4.88,-29.28,-48.8,-14.64
-48.8,-112.24,-63.44,82.96,4.88,-87.84,14.64,58.56,4.88,-24.4,-48.8,-19.52
-39.04,-107.36,-68.32,73.2,14.64,-87.84,34.16,82.96,14.64,-29.28,-63.44,-34.16
-63.44,-141.52,-78.08,102.48,4.88,-112.24,68.32,122,19.52,-39.04,-87.84,-58.56
-82.96,-156.16,-73.2,122,-4.88,-117.12,97.6,161.04,29.28,-53.68,-102.48,-78.08
-136.64,-180.56,-43.92,161.04,-48.8,-112.24,131.76,209.84,58.56,-29.28,-102.48,-82.96
-112.24,-175.68,-63.44,146.4,-24.4,-122,141.52,248.88,102.48,-4.88,-97.6,-78.08
-68.32,-151.28,-82.96,112.24,4.88,-117.12,161.04,307.44,161.04,39.04,-68.32,-53.68
-43.92,-161.04,-117.12,102.48,34.16,-141.52,180.56,385.52,224.48,87.84,-43.92,-39.04
0,-161.04,-161.04,82.96,78.08,-161.04,185.44,444.08,283.04,141.52,-14.64,-14.64
87.84,-126.88,-214.72,19.52,151.28,-170.8,190.32,522.16,375.76,244,68.32,58.56
224.48,-73.2,-297.68,-73.2,258.64,-185.44,141.52,566.08,473.36,361.12,175.68,146.4
370.88,29.28,-341.6,-200.08,356.24,-156.16,78.08,551.44,561.2,492.88,302.56,258.64
458.72,97.6,-361.12,-278.16,409.92,-131.76,-4.88,488,624.64,624.64,444.08,390.4
595.36,165.92,-429.44,-380.64,512.4,-131.76,-117.12,385.52,678.32,761.28,590.48,536.8
746.64,268.4,-478.24,-507.52,610,-107.36,-224.48,283.04,732,897.92,746.64,688.08
873.52,366,-507.52,-619.76,688.08,-73.2,-322.08,185.44,785.68,1034.56,907.68,839.36
941.84,458.72,-483.12,-697.84,712.48,-14.64,-405.04,82.96,824.72,1166.32,1049.2,980.88
1015.04,546.56,-468.48,-780.8,741.76,39.04,-507.52,-29.28,844.24,1268.8,1190.72,1107.76
1039.44,649.04,-390.4,-844.24,712.48,126.88,-610,-122,888.16,1371.28,1312.72,1239.52
980.88,775.92,-204.96,-878.4,590.48,283.04,-649.04,-195.2,941.84,1473.76,1429.84,1351.76
888.16,878.4,-9.76,-883.28,448.96,434.32,-717.36,-312.32,922.32,1503.04,1493.28,1429.84
761.28,907.68,146.4,-834.48,307.44,527.04,-819.84,-502.64,761.28,1356.64,1439.6,1400.56
629.52,824.72,195.2,-727.12,214.72,507.52,-893.04,-707.6,463.6,1044.32,1205.36,1224.88
497.76,673.44,175.68,-585.6,161.04,424.56,-912.56,-873.52,117.12,634.4,858.88,936.96
356.24,531.92,175.68,-444.08,87.84,351.36,-883.28,-1015.04,-209.84,229.36,517.28,649.04
165.92,434.32,268.4,-297.68,-53.68,351.36,-829.6,-1112.64,-463.6,-82.96,253.76,429.44
-4.88,341.6,346.48,-165.92,-175.68,341.6,-775.92,-1180.96,-673.44,-331.84,43.92,239.12
-82.96,248.88,331.84,-82.96,-209.84,287.92,-732,-1195.6,-805.2,-502.64,-112.24,87.84
-126.88,180.56,307.44,-24.4,-219.6,244,-673.44,-1122.4,-814.96,-575.84,-204.96,-14.64
-161.04,87.84,248.88,39.04,-204.96,165.92,-585.6,-976,-756.4,-561.2,-248.88,-73.2
-156.16,14.64,170.8,73.2,-165.92,92.72,-507.52,-824.72,-668.56,-507.52,-253.76,-102.48
-136.64,-34.16,102.48,87.84,-122,34.16,-434.32,-683.2,-551.44,-429.44,-224.48,-97.6
-112.24,-82.96,29.28,97.6,-73.2,-29.28,-361.12,-531.92,-429.44,-336.72,-185.44,-82.96
-87.84,-82.96,4.88,87.84,-48.8,-39.04,-287.92,-405.04,-322.08,-263.52,-146.4,-63.44
-63.44,-68.32,-4.88,68.32,-29.28,-39.04,-224.48,-302.56,-248.88,-204.96,-122,-43.92
-58.56,-43.92,14.64,53.68,-39.04,-14.64,-165.92,-204.96,-170.8,-151.28,-82.96,-19.52
-58.56,-34.16,24.4,48.8,-43.92,-4.88,-117.12,-122,-112.24,-102.48,-63.44,-14.64
-58.56,-43.92,14.64,53.68,-39.04,-14.64,-73.2,-58.56,-68.32,-73.2,-48.8,-4.88
-39.04,-43.92,-4.88,43.92,-19.52,-24.4,-43.92,-9.76,-39.04,-53.68,-43.92,-4.88
-34.16,-63.44,-29.28,48.8,-4.88,-48.8,-14.64,34.16,-4.88,-24.4,-34.16,4.88
-29.28,-68.32,-39.04,48.8,4.88,-53.68,4.88,68.32,24.4,-9.76,-24.4,9.76
-53.68,-53.68,0,53.68,-29.28,-29.28,24.4,82.96,43.92,-4.88,-14.64,19.52
-58.56,-63.44,-4.88,63.44,-29.28,-34.16,24.4,87.84,43.92,0,-19.52,9.76
-39.04,-58.56,-19.52,48.8,-9.76,-39.04,29.28,92.72,39.04,4.88,-14.64,9.76
-39.04,-43.92,-4.88,43.92,-19.52,-24.4,39.04,102.48,43.92,0,-24.4,0
-48.8,-43.92,4.88,48.8,-29.28,-19.52,43.92,112.24,53.68,0,-24.4,4.88
-34.16,-53.68,-19.52,43.92,-9.76,-39.04,39.04,122,43.92,0,-34.16,-4.88
-39.04,-53.68,-14.64,48.8,-14.64,-34.16,48.8,136.64,48.8,0,-24.4,-4.88
-39.04,-43.92,-4.88,43.92,-19.52,-24.4,53.68,136.64,53.68,4.88,-29.28,-4.88
-39.04,-43.92,-4.88,43.92,-19.52,-24.4,63.44,146.4,63.44,9.76,-24.4,0
-34.16,-34.16,0,34.16,-19.52,-19.52,63.44,151.28,68.32,19.52,-19.52,0
-34.16,-43.92,-9.76,39.04,-14.64,-29.28,63.44,141.52,73.2,19.52,-19.52,0
-34.16,-58.56,-24.4,48.8,-4.88,-43.92,53.68,136.64,73.2,19.52,-24.4,-4.88
-34.16,-53.68,-19.52,43.92,-9.76,-39.04,48.8,136.64,68.32,14.64,-24.4,0
-43.92,-39.04,4.88,43.92,-24.4,-19.52,58.56,141.52,73.2,19.52,-24.4,-4.88
-43.92,-43.92,0,43.92,-24.4,-24.4,58.56,156.16,78.08,24.4,-19.52,0
-24.4,-29.28,-4.88,29.28,-9.76,-19.52,68.32,170.8,82.96,34.16,-9.76,9.76
-4.88,-9.76,-4.88,9.76,0,-9.76,63.44,165.92,78.08,29.28,-14.64,4.88
-19.52,-9.76,9.76,14.64,-14.64,0,63.44,170.8,87.84,39.04,-14.64,0
-29.28,14.64,43.92,9.76,-39.04,29.28,73.2,180.56,92.72,43.92,-4.88,14.64
-19.52,-4.88,14.64,14.64,-19.52,4.88,68.32,180.56,92.72,48.8,-4.88,9.76
-19.52,-9.76,9.76,14.64,-14.64,0,58.56,170.8,97.6,39.04,-9.76,9.76
-19.52,-9.76,9.76,14.64,-14.64,0,58.56,170.8,102.48,43.92,-9.76,4.88
-14.64,-19.52,-4.88,19.52,-4.88,-14.64,63.44,170.8,92.72,43.92,-4.88,9.76
-14.64,-14.64,0,14.64,-9.76,-9.76,63.44,165.92,92.72,39.04,-14.64,0
-4.88,4.88,9.76,0,-9.76,4.88,58.56,165.92,92.72,39.04,-9.76,4.88
-19.52,0,19.52,9.76,-19.52,9.76,63.44,175.68,97.6,43.92,-9.76,0
-34.16,0,34.16,19.52,-34.16,14.64,63.44,180.56,97.6,43.92,-4.88,4.88
-29.28,9.76,39.04,9.76,-34.16,24.4,63.44,185.44,102.48,43.92,-9.76,4.88
0,24.4,24.4,-9.76,-14.64,24.4,58.56,185.44,102.48,48.8,0,9.76
9.76,43.92,34.16,-24.4,-14.64,39.04,58.56,190.32,102.48,63.44,0,9.76
14.64,39.04,24.4,-24.4,-4.88,29.28,58.56,185.44,107.36,58.56,0,4.88
34.16,39.04,4.88,-34.16,14.64,19.52,48.8,180.56,117.12,63.44,-4.88,9.76
14.64,24.4,9.76,-19.52,0,14.64,58.56,195.2,122,68.32,9.76,24.4
0,39.04,39.04,-19.52,-19.52,39.04,73.2,204.96,126.88,78.08,19.52,24.4
0,29.28,29.28,-14.64,-14.64,29.28,53.68,190.32,117.12,58.56,4.88,9.76
-19.52,24.4,43.92,0,-34.16,34.16,53.68,200.08,112.24,63.44,4.88,14.64
9.76,39.04,29.28,-24.4,-9.76,34.16,53.68,200.08,112.24,58.56,4.88,14.64
24.4,48.8,24.4,-34.16,0,34.16,58.56,204.96,122,68.32,0,9.76
9.76,48.8,39.04,-29.28,-14.64,43.92,58.56,214.72,131.76,78.08,14.64,19.52
19.52,58.56,39.04,-39.04,-9.76,48.8,68.32,214.72,136.64,87.84,19.52,19.52
29.28,53.68,24.4,-39.04,0,39.04,63.44,209.84,141.52,82.96,19.52,14.64
29.28,68.32,39.04,-48.8,-4.88,53.68,68.32,219.6,151.28,97.6,29.28,29.28
43.92,87.84,43.92,-63.44,0,63.44,68.32,224.48,151.28,92.72,34.16,34.16
24.4,87.84,63.44,-53.68,-19.52,73.2,68.32,224.48,151.28,97.6,29.28,34.16
14.64,78.08,63.44,-43.92,-24.4,68.32,63.44,224.48,156.16,97.6,29.28,29.28
24.4,78.08,53.68,-48.8,-14.64,63.44,63.44,234.24,151.28,97.6,34.16,34.16
34.16,82.96,48.8,-58.56,-9.76,63.44,53.68,229.36,146.4,92.72,24.4,24.4
39.04,78.08,39.04,-58.56,0,58.56,48.8,234.24,151.28,97.6,19.52,19.52
29.28,87.84,58.56,-58.56,-14.64,73.2,58.56,248.88,165.92,112.24,39.04,34.16
43.92,107.36,63.44,-73.2,-9.76,82.96,63.44,253.76,175.68,122,43.92,34.16
48.8,107.36,58.56,-78.08,-4.88,82.96,63.44,258.64,190.32,131.76,53.68,39.04
48.8,126.88,78.08,-87.84,-14.64,102.48,73.2,268.4,195.2,136.64,58.56,48.8
63.44,112.24,48.8,-87.84,4.88,78.08,58.56,263.52,185.44,122,53.68,43.92
58.56,102.48,43.92,-78.08,4.88,73.2,63.44,268.4,195.2,126.88,53.68,43.92
53.68,122,68.32,-87.84,-9.76,92.72,73.2,278.16,204.96,136.64,63.44,48.8
34.16,117.12,82.96,-73.2,-24.4,97.6,63.44,283.04,200.08,131.76,63.44,43.92
34.16,107.36,73.2,-68.32,-19.52,87.84,63.44,287.92,204.96,131.76,58.56,43.92
63.44,117.12,53.68,-87.84,4.88,82.96,63.44,287.92,214.72,146.4,58.56,43.92
87.84,131.76,43.92,-107.36,19.52,87.84,63.44,307.44,224.48,161.04,82.96,58.56
87.84,122,34.16,-102.48,24.4,78.08,53.68,297.68,219.6,156.16,78.08,53.68
78.08,131.76,53.68,-102.48,9.76,92.72,53.68,307.44,229.36,165.92,78.08,53.68
73.2,136.64,63.44,-102.48,4.88,97.6,58.56,317.2,248.88,185.44,97.6,68.32
78.08,131.76,53.68,-102.48,9.76,92.72,58.56,326.96,253.76,180.56,102.48,73.2
131.76,165.92,34.16,-146.4,48.8,97.6,68.32,326.96,253.76,180.56,102.48,73.2
112.24,161.04,48.8,-136.64,29.28,102.48,73.2,331.84,263.52,190.32,107.36,78.08
102.48,170.8,68.32,-136.64,14.64,117.12,73.2,341.6,258.64,190.32,107.36,78.08
136.64,180.56,43.92,-156.16,43.92,112.24,68.32,351.36,263.52,195.2,107.36,78.08
126.88,161.04,34.16,-141.52,43.92,97.6,63.44,346.48,273.28,200.08,107.36,78.08
117.12,136.64,19.52,-126.88,48.8,78.08,63.44,361.12,278.16,209.84,117.12,87.84
117.12,151.28,34.16,-131.76,39.04,92.72,63.44,375.76,292.8,224.48,131.76,92.72
141.52,180.56,39.04,-161.04,48.8,107.36,63.44,380.64,307.44,239.12,136.64,97.6
131.76,170.8,39.04,-151.28,43.92,102.48,68.32,390.4,322.08,248.88,146.4,107.36
136.64,165.92,29.28,-151.28,53.68,97.6,73.2,395.28,322.08,248.88,151.28,112.24
165.92,195.2,29.28,-180.56,68.32,112.24,78.08,405.04,341.6,263.52,156.16,117.12
170.8,214.72,43.92,-190.32,63.44,126.88,78.08,424.56,351.36,278.16,165.92,126.88
161.04,195.2,34.16,-175.68,63.44,112.24,73.2,434.32,351.36,283.04,170.8,126.88
175.68,200.08,24.4,-185.44,73.2,112.24,78.08,453.84,370.88,297.68,180.56,141.52
195.2,224.48,29.28,-209.84,82.96,126.88,87.84,458.72,385.52,312.32,185.44,151.28
209.84,229.36,19.52,-219.6,92.72,122,82.96,463.6,400.16,322.08,200.08,156.16
214.72,219.6,4.88,-214.72,102.48,112.24,68.32,458.72,395.28,326.96,200.08,151.28
219.6,224.48,4.88,-219.6,107.36,112.24,58.56,458.72,400.16,331.84,209.84,156.16
234.24,229.36,-4.88,-229.36,117.12,112.24,53.68,463.6,405.04,346.48,214.72,161.04
248.88,244,-4.88,-244,126.88,117.12,58.56,478.24,419.68,356.24,229.36,180.56
248.88,239.12,-9.76,-244,126.88,112.24,58.56,483.12,429.44,366,234.24,180.56
268.4,253.76,-14.64,-258.64,141.52,117.12,58.56,483.12,434.32,375.76,244,190.32
278.16,263.52,-14.64,-268.4,146.4,122,53.68,502.64,444.08,385.52,258.64,204.96
273.28,253.76,-19.52,-263.52,146.4,117.12,43.92,497.76,439.2,385.52,248.88,195.2
278.16,263.52,-14.64,-268.4,146.4,122,39.04,502.64,458.72,400.16,253.76,195.2
283.04,287.92,4.88,-283.04,136.64,146.4,48.8,517.28,468.48,414.8,278.16,214.72
278.16,273.28,-4.88,-273.28,141.52,131.76,34.16,502.64,468.48,414.8,273.28,204.96
302.56,283.04,-19.52,-292.8,161.04,131.76,34.16,512.4,478.24,429.44,287.92,229.36
331.84,292.8,-39.04,-312.32,185.44,126.88,43.92,527.04,497.76,453.84,307.44,244
322.08,302.56,-19.52,-312.32,170.8,141.52,53.68,536.8,507.52,463.6,322.08,253.76
322.08,297.68,-24.4,-307.44,170.8,136.64,39.04,527.04,497.76,458.72,312.32,248.88
331.84,297.68,-34.16,-312.32,180.56,131.76,29.28,512.4,497.76,448.96,312.32,248.88
326.96,312.32,-14.64,-317.2,170.8,146.4,39.04,531.92,512.4,468.48,326.96,263.52
331.84,317.2,-14.64,-322.08,170.8,151.28,34.16,527.04,502.64,458.72,322.08,253.76
326.96,312.32,-14.64,-317.2,170.8,146.4,34.16,527.04,507.52,468.48,322.08,258.64
341.6,312.32,-29.28,-326.96,185.44,141.52,24.4,517.28,502.64,468.48,326.96,258.64
346.48,312.32,-34.16,-326.96,190.32,136.64,19.52,517.28,502.64,468.48,322.08,253.76
356.24,326.96,-29.28,-341.6,190.32,146.4,14.64,507.52,502.64,468.48,326.96,268.4
370.88,326.96,-43.92,-346.48,204.96,141.52,14.64,512.4,507.52,468.48,331.84,268.4
370.88,326.96,-43.92,-346.48,204.96,141.52,9.76,502.64,502.64,468.48,336.72,273.28
336.72,322.08,-14.64,-326.96,175.68,151.28,9.76,492.88,497.76,463.6,331.84,268.4
336.72,312.32,-24.4,-322.08,180.56,141.52,9.76,478.24,483.12,448.96,331.84,263.52
351.36,317.2,-34.16,-331.84,190.32,141.52,4.88,478.24,473.36,444.08,322.08,263.52
366,346.48,-19.52,-356.24,190.32,161.04,4.88,478.24,473.36,448.96,331.84,268.4
331.84,351.36,19.52,-341.6,156.16,185.44,14.64,473.36,483.12,453.84,336.72,268.4
331.84,336.72,4.88,-331.84,161.04,170.8,19.52,468.48,468.48,453.84,336.72,273.28
317.2,317.2,0,-317.2,156.16,156.16,4.88,448.96,453.84,444.08,317.2,263.52
307.44,317.2,9.76,-312.32,146.4,161.04,4.88,434.32,453.84,434.32,317.2,258.64
326.96,341.6,14.64,-331.84,156.16,175.68,9.76,424.56,444.08,424.56,317.2,258.64
317.2,351.36,34.16,-331.84,141.52,190.32,0,405.04,414.8,400.16,302.56,244
287.92,331.84,43.92,-307.44,122,185.44,-4.88,385.52,405.04,385.52,283.04,229.36
287.92,331.84,43.92,-307.44,122,185.44,4.88,375.76,390.4,370.88,278.16,219.6
283.04,317.2,34.16,-297.68,122,175.68,9.76,366,375.76,356.24,263.52,209.84
268.4,317.2,48.8,-292.8,107.36,180.56,19.52,370.88,375.76,351.36,263.52,209.84
209.84,302.56,92.72,-253.76,58.56,195.2,24.4,361.12,361.12,341.6,248.88,200.08
224.48,302.56,78.08,-263.52,73.2,190.32,9.76,331.84,336.72,317.2,239.12,185.44
229.36,297.68,68.32,-263.52,78.08,180.56,4.88,312.32,312.32,297.68,219.6,170.8
200.08,297.68,97.6,-248.88,48.8,195.2,4.88,287.92,297.68,278.16,200.08,156.16
204.96,302.56,97.6,-253.76,53.68,200.08,4.88,268.4,283.04,263.52,195.2,156.16
180.56,297.68,117.12,-239.12,29.28,204.96,4.88,253.76,263.52,253.76,185.44,146.4
151.28,283.04,131.76,-214.72,9.76,204.96,0,239.12,244,234.24,170.8,131.76
141.52,253.76,112.24,-195.2,14.64,180.56,4.88,229.36,239.12,219.6,156.16,126.88
146.4,244,97.6,-195.2,24.4,170.8,4.88,224.48,224.48,204.96,141.52,107.36
136.64,258.64,122,-195.2,4.88,190.32,0,204.96,204.96,185.44,131.76,97.6
141.52,283.04,141.52,-209.84,0,209.84,14.64,204.96,204.96,185.44,126.88,97.6
112.24,244,131.76,-175.68,-9.76,185.44,0,180.56,180.56,161.04,117.12,82.96
87.84,214.72,126.88,-151.28,-19.52,170.8,-9.76,165.92,161.04,136.64,97.6,68.32
97.6,244,146.4,-170.8,-24.4,195.2,-4.88,156.16,156.16,126.88,87.84,63.44
92.72,234.24,141.52,-161.04,-24.4,185.44,-4.88,146.4,141.52,122,87.84,53.68
82.96,239.12,156.16,-161.04,-39.04,195.2,-4.88,136.64,122,107.36,78.08,48.8
87.84,234.24,146.4,-161.04,-29.28,190.32,-4.88,117.12,107.36,87.84,63.44,34.16
63.44,224.48,161.04,-141.52,-48.8,190.32,-14.64,102.48,92.72,68.32,48.8,24.4
68.32,219.6,151.28,-141.52,-43.92,185.44,-14.64,97.6,82.96,58.56,39.04,9.76
53.68,209.84,156.16,-131.76,-53.68,180.56,-9.76,92.72,78.08,53.68,39.04,4.88
58.56,209.84,151.28,-131.76,-48.8,180.56,-9.76,82.96,68.32,48.8,24.4,-4.88
39.04,195.2,156.16,-117.12,-58.56,175.68,-14.64,73.2,63.44,39.04,24.4,-4.88
9.76,185.44,175.68,-97.6,-82.96,180.56,-19.52,68.32,48.8,29.28,14.64,-14.64
39.04,214.72,175.68,-126.88,-68.32,195.2,-14.64,63.44,53.68,29.28,14.64,-14.64
34.16,209.84,175.68,-122,-73.2,190.32,-14.64,58.56,53.68,34.16,19.52,-9.76
53.68,229.36,175.68,-141.52,-63.44,200.08,-9.76,63.44,48.8,34.16,19.52,-4.88
43.92,224.48,180.56,-131.76,-68.32,200.08,-19.52,53.68,43.92,19.52,9.76,-9.76
19.52,190.32,170.8,-102.48,-78.08,180.56,-24.4,53.68,34.16,14.64,9.76,-14.64
19.52,209.84,190.32,-112.24,-87.84,200.08,-19.52,48.8,24.4,4.88,-4.88,-24.4
9.76,214.72,204.96,-112.24,-97.6,209.84,-9.76,43.92,29.28,9.76,-4.88,-24.4
0,190.32,190.32,-92.72,-97.6,190.32,0,48.8,29.28,9.76,0,-19.52
14.64,185.44,170.8,-97.6,-78.08,175.68,-9.76,39.04,19.52,4.88,-4.88,-24.4
34.16,190.32,156.16,-112.24,-63.44,170.8,-14.64,43.92,14.64,4.88,-4.88,-24.4
43.92,195.2,151.28,-117.12,-53.68,170.8,-14.64,34.16,14.64,0,-4.88,-29.28
34.16,195.2,161.04,-112.24,-63.44,175.68,-24.4,19.52,14.64,-4.88,-4.88,-34.16
29.28,190.32,161.04,-107.36,-68.32,175.68,-19.52,24.4,9.76,-4.88,-4.88,-24.4
39.04,195.2,156.16,-117.12,-58.56,175.68,-14.64,24.4,9.76,-9.76,-4.88,-29.28
19.52,195.2,175.68,-107.36,-78.08,185.44,-4.88,29.28,9.76,-4.88,0,-24.4
9.76,185.44,175.68,-97.6,-82.96,180.56,-14.64,24.4,4.88,-14.64,-9.76,-29.28
24.4,190.32,165.92,-107.36,-73.2,175.68,-19.52,19.52,0,-19.52,-19.52,-39.04
-9.76,180.56,190.32,-82.96,-102.48,185.44,-9.76,34.16,14.64,-9.76,-4.88,-24.4
-19.52,180.56,200.08,-78.08,-112.24,190.32,-4.88,34.16,19.52,-4.88,0,-19.52
-14.64,190.32,204.96,-87.84,-112.24,195.2,-14.64,34.16,19.52,-4.88,-4.88,-24.4
14.64,185.44,170.8,-97.6,-78.08,175.68,-24.4,19.52,14.64,-9.76,-9.76,-29.28
29.28,190.32,161.04,-107.36,-68.32,175.68,-14.64,29.28,19.52,0,0,-19.52
34.16,200.08,165.92,-117.12,-68.32,180.56,-19.52,24.4,14.64,0,0,-19.52
19.52,170.8,151.28,-92.72,-68.32,161.04,-29.28,14.64,9.76,-9.76,-9.76,-29.28
0,161.04,161.04,-78.08,-82.96,161.04,-29.28,14.64,4.88,-14.64,-4.88,-24.4
-19.52,170.8,190.32,-73.2,-107.36,180.56,-14.64,29.28,14.64,4.88,4.88,-9.76
14.64,195.2,180.56,-102.48,-82.96,185.44,-9.76,43.92,19.52,0,4.88,-4.88
53.68,209.84,156.16,-131.76,-53.68,180.56,-9.76,39.04,24.4,0,0,-14.64
43.92,209.84,165.92,-126.88,-63.44,185.44,-9.76,39.04,19.52,0,0,-19.52
29.28,204.96,175.68,-117.12,-73.2,190.32,-4.88,48.8,29.28,9.76,4.88,-9.76
14.64,190.32,175.68,-102.48,-82.96,180.56,-19.52,29.28,24.4,-4.88,-4.88,-24.4
34.16,185.44,151.28,-107.36,-58.56,165.92,-29.28,14.64,9.76,-9.76,-9.76,-34.16
29.28,200.08,170.8,-112.24,-73.2,185.44,-24.4,29.28,14.64,0,0,-19.52
14.64,200.08,185.44,-107.36,-87.84,190.32,-14.64,34.16,29.28,9.76,4.88,-14.64
4.88,180.56,175.68,-92.72,-87.84,175.68,-24.4,34.16,24.4,4.88,4.88,-14.64
19.52,190.32,170.8,-102.48,-78.08,180.56,-29.28,34.16,14.64,-4.88,-4.88,-19.52
4.88,165.92,161.04,-82.96,-78.08,161.04,-9.76,39.04,19.52,0,-4.88,-19.52
39.04,180.56,141.52,-107.36,-53.68,161.04,9.76,48.8,39.04,14.64,4.88,-9.76
34.16,180.56,146.4,-107.36,-58.56,161.04,-4.88,43.92,24.4,0,0,-24.4
39.04,170.8,131.76,-102.48,-48.8,151.28,-9.76,39.04,19.52,-4.88,-9.76,-29.28
34.16,190.32,156.16,-112.24,-63.44,170.8,0,43.92,34.16,9.76,0,-19.52
24.4,185.44,161.04,-102.48,-68.32,170.8,-4.88,39.04,29.28,4.88,0,-24.4
14.64,180.56,165.92,-97.6,-78.08,170.8,-4.88,43.92,34.16,9.76,4.88,-14.64
19.52,185.44,165.92,-102.48,-73.2,175.68,4.88,43.92,39.04,14.64,9.76,-9.76
4.88,175.68,170.8,-87.84,-82.96,170.8,4.88,43.92,39.04,14.64,9.76,-9.76
19.52,185.44,165.92,-102.48,-73.2,175.68,0,43.92,29.28,14.64,9.76,-9.76
39.04,190.32,151.28,-112.24,-58.56,170.8,-4.88,43.92,29.28,4.88,0,-24.4
39.04,185.44,146.4,-112.24,-53.68,165.92,4.88,53.68,39.04,14.64,9.76,-14.64
14.64,190.32,175.68,-102.48,-82.96,180.56,9.76,63.44,43.92,14.64,9.76,-14.64
29.28,190.32,161.04,-107.36,-68.32,175.68,9.76,58.56,39.04,14.64,4.88,-19.52
39.04,190.32,151.28,-112.24,-58.56,170.8,9.76,58.56,48.8,14.64,0,-19.52
43.92,200.08,156.16,-122,-58.56,175.68,14.64,63.44,53.68,29.28,9.76,-9.76
34.16,180.56,146.4,-107.36,-58.56,161.04,9.76,63.44,53.68,29.28,4.88,-9.76
24.4,175.68,151.28,-97.6,-63.44,161.04,4.88,53.68,43.92,24.4,0,-14.64
19.52,175.68,156.16,-97.6,-68.32,165.92,0,48.8,39.04,14.64,-9.76,-19.52
29.28,190.32,161.04,-107.36,-68.32,175.68,4.88,48.8,34.16,19.52,-4.88,-14.64
34.16,195.2,161.04,-112.24,-63.44,175.68,9.76,48.8,39.04,19.52,-4.88,-19.52
39.04,180.56,141.52,-107.36,-53.68,161.04,9.76,58.56,43.92,19.52,0,-19.52
43.92,180.56,136.64,-112.24,-48.8,156.16,-4.88,43.92,34.16,14.64,-4.88,-29.28
48.8,190.32,141.52,-117.12,-48.8,165.92,4.88,53.68,43.92,24.4,0,-19.52
29.28,180.56,151.28,-102.48,-63.44,165.92,0,53.68,39.04,24.4,-4.88,-24.4
19.52,190.32,170.8,-102.48,-78.08,180.56,4.88,58.56,48.8,29.28,4.88,-19.52
24.4,200.08,175.68,-112.24,-78.08,185.44,14.64,58.56,53.68,24.4,4.88,-9.76
34.16,195.2,161.04,-112.24,-63.44,175.68,14.64,53.68,48.8,19.52,4.88,-14.64
34.16,195.2,161.04,-112.24,-63.44,175.68,9.76,53.68,43.92,19.52,0,-19.52
24.4,175.68,151.28,-97.6,-63.44,161.04,14.64,53.68,39.04,19.52,4.88,-19.52
43.92,180.56,136.64,-112.24,-48.8,156.16,19.52,58.56,43.92,19.52,0,-19.52
29.28,170.8,141.52,-97.6,-58.56,156.16,19.52,53.68,48.8,19.52,0,-19.52
14.64,156.16,141.52,-82.96,-63.44,146.4,14.64,48.8,39.04,14.64,-4.88,-19.52
19.52,161.04,141.52,-87.84,-63.44,151.28,14.64,48.8,39.04,14.64,0,-14.64
24.4,165.92,141.52,-92.72,-58.56,151.28,14.64,53.68,48.8,19.52,4.88,-9.76
39.04,170.8,131.76,-102.48,-48.8,151.28,14.64,53.68,53.68,29.28,9.76,-9.76
43.92,175.68,131.76,-107.36,-43.92,151.28,4.88,48.8,34.16,14.64,0,-14.64
34.16,170.8,136.64,-102.48,-53.68,151.28,0,43.92,34.16,14.64,-4.88,-14.64
43.92,190.32,146.4,-117.12,-53.68,165.92,14.64,53.68,48.8,24.4,9.76,-4.88
34.16,170.8,136.64,-102.48,-53.68,151.28,0,39.04,29.28,9.76,-9.76,-24.4
24.4,151.28,126.88,-87.84,-53.68,136.64,-4.88,24.4,9.76,-4.88,-24.4,-39.04
39.04,151.28,112.24,-92.72,-39.04,131.76,0,29.28,19.52,-4.88,-19.52,-34.16
48.8,161.04,112.24,-102.48,-34.16,136.64,-9.76,29.28,19.52,0,-19.52,-29.28
14.64,146.4,131.76,-78.08,-58.56,136.64,0,24.4,24.4,9.76,-14.64,-24.4
-4.88,146.4,151.28,-68.32,-78.08,146.4,14.64,39.04,34.16,19.52,0,-19.52
14.64,151.28,136.64,-82.96,-63.44,141.52,19.52,39.04,39.04,24.4,0,-19.52
19.52,170.8,151.28,-92.72,-68.32,161.04,4.88,24.4,19.52,9.76,-9.76,-24.4
29.28,180.56,151.28,-102.48,-63.44,165.92,4.88,29.28,24.4,9.76,-4.88,-19.52
24.4,161.04,136.64,-92.72,-58.56,146.4,9.76,24.4,19.52,4.88,-9.76,-19.52
4.88,151.28,146.4,-78.08,-73.2,146.4,9.76,24.4,24.4,4.88,-9.76,-24.4
19.52,165.92,146.4,-92.72,-63.44,156.16,4.88,24.4,14.64,-4.88,-9.76,-24.4
24.4,165.92,141.52,-92.72,-58.56,151.28,4.88,19.52,19.52,-4.88,-14.64,-24.4
29.28,156.16,126.88,-92.72,-48.8,141.52,4.88,24.4,19.52,0,-14.64,-24.4
24.4,151.28,126.88,-87.84,-53.68,136.64,-9.76,9.76,9.76,-4.88,-24.4,-39.04
34.16,156.16,122,-92.72,-43.92,136.64,-4.88,9.76,9.76,-4.88,-24.4,-34.16
24.4,146.4,122,-82.96,-48.8,131.76,4.88,9.76,19.52,0,-19.52,-29.28
14.64,141.52,126.88,-78.08,-58.56,131.76,4.88,4.88,9.76,-4.88,-19.52,-29.28
9.76,146.4,136.64,-78.08,-63.44,141.52,4.88,4.88,4.88,-4.88,-19.52,-24.4
24.4,156.16,131.76,-87.84,-53.68,141.52,9.76,4.88,9.76,-4.88,-19.52,-29.28
34.16,165.92,131.76,-97.6,-48.8,146.4,9.76,9.76,14.64,0,-14.64,-19.52
48.8,175.68,126.88,-112.24,-39.04,151.28,4.88,9.76,4.88,-9.76,-19.52,-24.4
48.8,156.16,107.36,-102.48,-29.28,131.76,4.88,4.88,4.88,-9.76,-24.4,-29.28
9.76,131.76,122,-68.32,-58.56,126.88,-4.88,4.88,0,-9.76,-24.4,-29.28
-4.88,122,126.88,-58.56,-68.32,122,-4.88,0,4.88,-9.76,-24.4,-34.16
4.88,136.64,131.76,-68.32,-63.44,131.76,4.88,4.88,4.88,-9.76,-19.52,-24.4
19.52,151.28,131.76,-82.96,-58.56,141.52,9.76,4.88,4.88,-4.88,-14.64,-24.4
4.88,136.64,131.76,-68.32,-63.44,131.76,4.88,-4.88,4.88,-4.88,-19.52,-24.4
19.52,141.52,122,-78.08,-53.68,131.76,9.76,0,4.88,-4.88,-14.64,-24.4
43.92,156.16,112.24,-97.6,-34.16,131.76,14.64,0,0,-4.88,-14.64,-24.4
24.4,141.52,117.12,-82.96,-48.8,126.88,9.76,-4.88,-9.76,-9.76,-19.52,-29.28
29.28,131.76,102.48,-78.08,-39.04,117.12,9.76,-4.88,-9.76,-14.64,-24.4,-24.4
29.28,136.64,107.36,-82.96,-39.04,122,0,-9.76,-19.52,-19.52,-29.28,-34.16
24.4,146.4,122,-82.96,-48.8,131.76,9.76,0,0,-14.64,-24.4,-29.28
0,146.4,146.4,-73.2,-73.2,146.4,14.64,4.88,4.88,0,-14.64,-19.52
19.52,131.76,112.24,-73.2,-48.8,122,-9.76,-19.52,-19.52,-24.4,-39.04,-43.92
14.64,136.64,122,-73.2,-53.68,126.88,-4.88,-19.52,-4.88,-14.64,-24.4,-34.16
0,141.52,141.52,-68.32,-73.2,141.52,0,-9.76,0,-4.88,-14.64,-19.52
4.88,136.64,131.76,-68.32,-63.44,131.76,-9.76,-19.52,-14.64,-19.52,-24.4,-34.16
0,122,122,-58.56,-63.44,122,-9.76,-24.4,-19.52,-29.28,-34.16,-43.92
0,122,122,-58.56,-63.44,122,-4.88,-19.52,-19.52,-29.28,-34.16,-43.92
19.52,141.52,122,-78.08,-53.68,131.76,4.88,-14.64,-9.76,-14.64,-19.52,-29.28
39.04,141.52,102.48,-87.84,-34.16,122,9.76,-9.76,-4.88,-9.76,-14.64,-24.4
24.4,126.88,102.48,-73.2,-39.04,112.24,4.88,-9.76,-4.88,-14.64,-19.52,-24.4
19.52,131.76,112.24,-73.2,-48.8,122,14.64,0,4.88,-9.76,-14.64,-19.52
14.64,141.52,126.88,-78.08,-58.56,131.76,9.76,-9.76,0,-9.76,-24.4,-29.28
4.88,126.88,122,-63.44,-58.56,122,9.76,-9.76,0,-4.88,-19.52,-24.4
-9.76,112.24,122,-48.8,-68.32,117.12,4.88,-14.64,0,-9.76,-19.52,-24.4
0,107.36,107.36,-53.68,-53.68,107.36,9.76,-19.52,-4.88,-14.64,-24.4,-29.28
24.4,122,97.6,-73.2,-39.04,107.36,4.88,-19.52,-9.76,-14.64,-24.4,-29.28
34.16,136.64,102.48,-82.96,-34.16,117.12,9.76,-14.64,4.88,-4.88,-14.64,-14.64
48.8,141.52,92.72,-92.72,-24.4,117.12,9.76,-9.76,0,-9.76,-19.52,-24.4
9.76,117.12,107.36,-63.44,-48.8,112.24,4.88,-14.64,-4.88,-14.64,-24.4,-24.4
14.64,131.76,117.12,-73.2,-53.68,122,4.88,-14.64,-4.88,-14.64,-24.4,-24.4
24.4,126.88,102.48,-73.2,-39.04,112.24,9.76,-9.76,0,-9.76,-19.52,-24.4
9.76,107.36,97.6,-58.56,-43.92,102.48,9.76,-14.64,9.76,-9.76,-14.64,-24.4
4.88,102.48,97.6,-53.68,-48.8,97.6,9.76,-9.76,9.76,-4.88,-14.64,-24.4
14.64,117.12,102.48,-63.44,-43.92,107.36,9.76,-9.76,9.76,-4.88,-14.64,-24.4
34.16,122,87.84,-78.08,-29.28,102.48,9.76,-4.88,9.76,-4.88,-19.52,-24.4
19.52,97.6,78.08,-58.56,-29.28,87.84,4.88,-19.52,0,-19.52,-29.28,-34.16
34.16,102.48,68.32,-68.32,-19.52,82.96,4.88,-14.64,0,-14.64,-24.4,-34.16
24.4,107.36,82.96,-63.44,-29.28,92.72,4.88,-24.4,0,-14.64,-24.4,-29.28
4.88,97.6,92.72,-48.8,-43.92,92.72,-4.88,-24.4,-9.76,-19.52,-29.28,-34.16
9.76,97.6,87.84,-53.68,-39.04,92.72,-9.76,-24.4,-4.88,-19.52,-29.28,-34.16
9.76,97.6,87.84,-53.68,-39.04,92.72,0,-24.4,0,-9.76,-24.4,-29.28
0,97.6,97.6,-48.8,-48.8,97.6,4.88,-14.64,4.88,-4.88,-14.64,-24.4
48.8,122,73.2,-82.96,-14.64,97.6,4.88,-9.76,14.64,0,-9.76,-14.64
39.04,126.88,87.84,-82.96,-24.4,107.36,4.88,-14.64,4.88,0,-14.64,-19.52
9.76,112.24,102.48,-58.56,-48.8,107.36,9.76,-14.64,4.88,-4.88,-14.64,-19.52
9.76,102.48,92.72,-53.68,-43.92,97.6,24.4,-9.76,9.76,0,-14.64,-14.64
9.76,107.36,97.6,-58.56,-43.92,102.48,19.52,-4.88,9.76,-4.88,-14.64,-24.4
9.76,102.48,92.72,-53.68,-43.92,97.6,24.4,-4.88,9.76,0,-9.76,-19.52
9.76,97.6,87.84,-53.68,-39.04,92.72,19.52,-14.64,9.76,-9.76,-14.64,-24.4
19.52,102.48,82.96,-58.56,-34.16,92.72,19.52,-9.76,14.64,-4.88,-9.76,-19.52
24.4,112.24,87.84,-68.32,-34.16,97.6,19.52,-9.76,19.52,9.76,-9.76,-14.64
34.16,107.36,73.2,-68.32,-19.52,87.84,19.52,-9.76,19.52,9.76,-9.76,-9.76
29.28,112.24,82.96,-68.32,-29.28,97.6,14.64,-14.64,14.64,4.88,-14.64,-14.64
19.52,92.72,73.2,-53.68,-29.28,82.96,14.64,-14.64,9.76,4.88,-14.64,-14.64
19.52,82.96,63.44,-48.8,-24.4,73.2,9.76,-24.4,0,-4.88,-24.4,-29.28
9.76,78.08,68.32,-43.92,-29.28,73.2,19.52,-14.64,9.76,-9.76,-19.52,-24.4
-9.76,82.96,92.72,-34.16,-53.68,87.84,24.4,-9.76,9.76,0,-19.52,-19.52
24.4,92.72,68.32,-58.56,-24.4,78.08,24.4,-9.76,9.76,0,-24.4,-24.4
48.8,102.48,53.68,-73.2,-4.88,78.08,19.52,-9.76,14.64,-4.88,-24.4,-24.4
29.28,102.48,73.2,-63.44,-24.4,87.84,14.64,-14.64,9.76,-4.88,-19.52,-24.4
19.52,97.6,78.08,-58.56,-29.28,87.84,14.64,-14.64,9.76,-4.88,-14.64,-19.52
24.4,107.36,82.96,-63.44,-29.28,92.72,19.52,-9.76,19.52,0,-14.64,-19.52
29.28,107.36,78.08,-68.32,-24.4,92.72,19.52,-14.64,24.4,4.88,-19.52,-19.52
