I,II,III,aVR,aVL,aVF,V1,V2,V3,V4,V5,V6
-43.92,-48.8,-4.88,48.8,-19.52,-29.28,-39.04,-107.36,-131.76,-39.04,34.16,-43.92
-53.68,-58.56,-4.88,58.56,-24.4,-34.16,-34.16,-117.12,-136.64,-39.04,29.28,-48.8
-63.44,-63.44,0,63.44,-34.16,-34.16,-34.16,-122,-141.52,-43.92,19.52,-58.56
-63.44,-68.32,-4.88,68.32,-29.28,-39.04,-29.28,-122,-146.4,-48.8,19.52,-58.56
-63.44,-73.2,-9.76,68.32,-29.28,-43.92,-29.28,-122,-146.4,-58.56,9.76,-63.44
-63.44,-73.2,-9.76,68.32,-29.28,-43.92,-29.28,-122,-146.4,-63.44,4.88,-68.32
-63.44,-73.2,-9.76,68.32,-29.28,-43.92,-29.28,-122,-146.4,-73.2,-9.76,-73.2
-63.44,-82.96,-19.52,73.2,-24.4,-53.68,-29.28,-131.76,-156.16,-82.96,-24.4,-82.96
-68.32,-92.72,-24.4,82.96,-24.4,-58.56,-29.28,-131.76,-156.16,-78.08,-34.16,-102.48
-68.32,-92.72,-24.4,82.96,-24.4,-58.56,-29.28,-131.76,-165.92,-82.96,-39.04,-102.48
-78.08,-92.72,-14.64,87.84,-34.16,-53.68,-29.28,-136.64,-165.92,-87.84,-39.04,-102.48
-82.96,-97.6,-14.64,92.72,-34.16,-58.56,-29.28,-141.52,-170.8,-92.72,-43.92,-102.48
-73.2,-92.72,-19.52,82.96,-29.28,-58.56,-29.28,-151.28,-185.44,-107.36,-53.68,-97.6
-73.2,-97.6,-24.4,87.84,-24.4,-63.44,-29.28,-156.16,-190.32,-107.36,-58.56,-92.72
-73.2,-97.6,-24.4,87.84,-24.4,-63.44,-29.28,-156.16,-190.32,-107.36,-58.56,-92.72
-68.32,-97.6,-29.28,82.96,-19.52,-63.44,-29.28,-156.16,-190.32,-102.48,-63.44,-87.84
-68.32,-107.36,-39.04,87.84,-14.64,-73.2,-14.64,-141.52,-180.56,-92.72,-48.8,-97.6
-73.2,-112.24,-39.04,92.72,-19.52,-78.08,-14.64,-136.64,-175.68,-87.84,-39.04,-97.6
-73.2,-112.24,-39.04,92.72,-19.52,-78.08,-14.64,-136.64,-170.8,-87.84,-34.16,-97.6
-73.2,-112.24,-39.04,92.72,-19.52,-78.08,-14.64,-136.64,-165.92,-87.84,-29.28,-97.6
-63.44,-112.24,-48.8,87.84,-9.76,-82.96,-24.4,-146.4,-165.92,-92.72,-39.04,-87.84
-68.32,-112.24,-43.92,92.72,-14.64,-78.08,-24.4,-146.4,-165.92,-92.72,-43.92,-87.84
-87.84,-112.24,-24.4,102.48,-34.16,-68.32,-24.4,-146.4,-165.92,-92.72,-48.8,-87.84
-102.48,-112.24,-9.76,107.36,-48.8,-63.44,-19.52,-146.4,-165.92,-92.72,-53.68,-87.84
-92.72,-112.24,-19.52,102.48,-39.04,-68.32,-19.52,-136.64,-165.92,-102.48,-53.68,-87.84
-92.72,-117.12,-24.4,107.36,-34.16,-73.2,-19.52,-136.64,-165.92,-102.48,-48.8,-92.72
-97.6,-117.12,-19.52,107.36,-39.04,-68.32,-14.64,-126.88,-165.92,-97.6,-39.04,-92.72
-97.6,-117.12,-19.52,107.36,-39.04,-68.32,-9.76,-122,-165.92,-97.6,-34.16,-97.6
-68.32,-136.64,-68.32,102.48,0,-102.48,0,-117.12,-146.4,-82.96,-14.64,-97.6
-78.08,-126.88,-48.8,102.48,-14.64,-87.84,4.88,-112.24,-136.64,-82.96,-24.4,-97.6
-97.6,-126.88,-29.28,112.24,-34.16,-78.08,14.64,-107.36,-131.76,-82.96,-43.92,-107.36
-87.84,-146.4,-58.56,117.12,-14.64,-102.48,29.28,-73.2,-112.24,-73.2,-48.8,-122
-87.84,-156.16,-68.32,122,-9.76,-112.24,53.68,-24.4,-68.32,-58.56,-39.04,-122
-117.12,-156.16,-39.04,136.64,-39.04,-97.6,87.84,43.92,-34.16,-34.16,-29.28,-131.76
-102.48,-146.4,-43.92,126.88,-29.28,-97.6,117.12,151.28,43.92,14.64,-4.88,-122
-68.32,-136.64,-68.32,102.48,0,-102.48,170.8,302.56,156.16,102.48,53.68,-92.72
-29.28,-126.88,-97.6,78.08,34.16,-112.24,219.6,424.56,273.28,195.2,131.76,-58.56
19.52,-122,-141.52,53.68,78.08,-131.76,219.6,444.08,341.6,297.68,209.84,-4.88
73.2,-102.48,-175.68,14.64,122,-141.52,204.96,385.52,390.4,395.28,312.32,68.32
136.64,-78.08,-214.72,-29.28,175.68,-146.4,200.08,331.84,448.96,527.04,444.08,170.8
209.84,-14.64,-224.48,-97.6,214.72,-122,161.04,268.4,531.92,702.72,624.64,312.32
336.72,87.84,-248.88,-209.84,292.8,-82.96,43.92,117.12,605.12,912.56,858.88,517.28
463.6,200.08,-263.52,-331.84,361.12,-34.16,-117.12,-92.72,629.52,1112.64,1098,712.48
536.8,302.56,-234.24,-419.68,385.52,34.16,-278.16,-307.44,629.52,1259.04,1298.08,897.92
605.12,414.8,-190.32,-507.52,395.28,112.24,-473.36,-570.96,575.84,1385.92,1478.64,1068.72
688.08,517.28,-170.8,-600.24,429.44,170.8,-712.48,-839.36,497.76,1454.24,1629.92,1205.36
668.56,561.2,-107.36,-614.88,385.52,224.48,-893.04,-1073.6,400.16,1449.36,1673.84,1268.8
546.56,624.64,78.08,-585.6,234.24,351.36,-1034.56,-1273.68,287.92,1381.04,1644.56,1293.2
405.04,702.72,297.68,-551.44,53.68,497.76,-1102.88,-1454.24,136.64,1224.88,1546.96,1268.8
297.68,727.12,429.44,-512.4,-68.32,575.84,-1112.64,-1586,-43.92,990.64,1327.36,1156.56
200.08,663.68,463.6,-429.44,-131.76,561.2,-1122.4,-1654.32,-234.24,702.72,1034.56,985.76
136.64,546.56,409.92,-341.6,-136.64,478.24,-1117.52,-1688.48,-458.72,326.96,658.8,746.64
53.68,458.72,405.04,-253.76,-175.68,429.44,-1083.36,-1698.24,-702.72,-63.44,292.8,507.52
-82.96,414.8,497.76,-165.92,-292.8,453.84,-1044.32,-1698.24,-868.64,-312.32,73.2,346.48
-146.4,370.88,517.28,-112.24,-331.84,444.08,-1005.28,-1615.28,-922.32,-414.8,-24.4,234.24
-126.88,297.68,424.56,-82.96,-278.16,361.12,-946.72,-1473.76,-897.92,-448.96,-92.72,151.28
-112.24,224.48,336.72,-53.68,-224.48,278.16,-868.64,-1293.2,-790.56,-414.8,-102.48,97.6
-122,141.52,263.52,-9.76,-195.2,200.08,-761.28,-1098,-658.8,-361.12,-92.72,63.44
-102.48,82.96,185.44,9.76,-146.4,131.76,-653.92,-941.84,-580.72,-326.96,-107.36,24.4
-87.84,58.56,146.4,14.64,-117.12,102.48,-566.08,-824.72,-527.04,-312.32,-117.12,0
-97.6,43.92,141.52,29.28,-122,92.72,-483.12,-707.6,-463.6,-283.04,-107.36,-4.88
-78.08,39.04,117.12,19.52,-97.6,78.08,-409.92,-605.12,-419.68,-248.88,-97.6,-14.64
-53.68,34.16,87.84,9.76,-73.2,58.56,-341.6,-512.4,-366,-229.36,-102.48,-29.28
-63.44,34.16,97.6,14.64,-82.96,63.44,-273.28,-424.56,-307.44,-200.08,-92.72,-34.16
-63.44,34.16,97.6,14.64,-82.96,63.44,-214.72,-346.48,-253.76,-170.8,-82.96,-43.92
-53.68,24.4,78.08,14.64,-68.32,48.8,-151.28,-278.16,-200.08,-146.4,-73.2,-43.92
-73.2,0,73.2,39.04,-73.2,34.16,-102.48,-219.6,-146.4,-122,-63.44,-43.92
-97.6,-24.4,73.2,63.44,-87.84,24.4,-68.32,-170.8,-107.36,-92.72,-43.92,-43.92
-78.08,-43.92,34.16,63.44,-58.56,-4.88,-53.68,-122,-73.2,-63.44,-14.64,-39.04
-63.44,-58.56,4.88,63.44,-34.16,-29.28,-29.28,-82.96,-58.56,-43.92,0,-39.04
-68.32,-58.56,9.76,63.44,-39.04,-24.4,-14.64,-58.56,-58.56,-48.8,-9.76,-39.04
-48.8,-48.8,0,48.8,-24.4,-24.4,4.88,-48.8,-58.56,-58.56,-29.28,-34.16
-48.8,-48.8,0,48.8,-24.4,-24.4,9.76,-39.04,-58.56,-63.44,-39.04,-43.92
-48.8,-58.56,-9.76,53.68,-19.52,-34.16,19.52,-34.16,-58.56,-63.44,-43.92,-48.8
-63.44,-58.56,4.88,63.44,-34.16,-29.28,29.28,-29.28,-53.68,-63.44,-53.68,-48.8
-53.68,-58.56,-4.88,58.56,-24.4,-34.16,24.4,-19.52,-39.04,-73.2,-43.92,-63.44
-58.56,-68.32,-9.76,63.44,-24.4,-39.04,29.28,-19.52,-34.16,-73.2,-43.92,-63.44
-68.32,-73.2,-4.88,73.2,-34.16,-39.04,29.28,-9.76,-24.4,-73.2,-43.92,-68.32
-68.32,-78.08,-9.76,73.2,-29.28,-43.92,34.16,-4.88,-9.76,-63.44,-43.92,-68.32
-63.44,-68.32,-4.88,68.32,-29.28,-39.04,39.04,0,-9.76,-48.8,-29.28,-63.44
-63.44,-68.32,-4.88,68.32,-29.28,-39.04,39.04,14.64,-4.88,-43.92,-29.28,-58.56
-53.68,-68.32,-14.64,63.44,-19.52,-43.92,43.92,24.4,-4.88,-43.92,-24.4,-58.56
-48.8,-63.44,-14.64,58.56,-19.52,-39.04,53.68,29.28,-4.88,-43.92,-24.4,-58.56
-48.8,-53.68,-4.88,53.68,-24.4,-29.28,68.32,43.92,-4.88,-43.92,-39.04,-63.44
-68.32,-53.68,14.64,63.44,-43.92,-19.52,68.32,48.8,-4.88,-43.92,-39.04,-63.44
-68.32,-53.68,14.64,63.44,-43.92,-19.52,68.32,48.8,0,-34.16,-34.16,-68.32
-68.32,-53.68,14.64,63.44,-43.92,-19.52,73.2,48.8,9.76,-34.16,-29.28,-73.2
-68.32,-63.44,4.88,68.32,-39.04,-29.28,68.32,48.8,14.64,-43.92,-29.28,-73.2
-68.32,-58.56,9.76,63.44,-39.04,-24.4,63.44,53.68,14.64,-43.92,-29.28,-68.32
-58.56,-53.68,4.88,58.56,-34.16,-24.4,58.56,63.44,14.64,-34.16,-29.28,-68.32
-53.68,-53.68,0,53.68,-29.28,-29.28,53.68,68.32,14.64,-24.4,-29.28,-68.32
-48.8,-68.32,-19.52,58.56,-14.64,-43.92,43.92,63.44,9.76,-34.16,-39.04,-63.44
-48.8,-68.32,-19.52,58.56,-14.64,-43.92,48.8,68.32,9.76,-24.4,-34.16,-63.44
-53.68,-68.32,-14.64,63.44,-19.52,-43.92,48.8,68.32,14.64,-24.4,-34.16,-63.44
-53.68,-68.32,-14.64,63.44,-19.52,-43.92,48.8,68.32,14.64,-29.28,-39.04,-68.32
-43.92,-58.56,-14.64,53.68,-14.64,-39.04,63.44,82.96,19.52,-19.52,-39.04,-68.32
-48.8,-53.68,-4.88,53.68,-24.4,-29.28,68.32,82.96,29.28,-14.64,-39.04,-63.44
-48.8,-53.68,-4.88,53.68,-24.4,-29.28,68.32,92.72,34.16,-14.64,-34.16,-53.68
-48.8,-53.68,-4.88,53.68,-24.4,-29.28,68.32,92.72,48.8,-14.64,-29.28,-43.92
-48.8,-53.68,-4.88,53.68,-24.4,-29.28,68.32,92.72,43.92,-4.88,-29.28,-43.92
-48.8,-53.68,-4.88,53.68,-24.4,-29.28,68.32,102.48,48.8,-4.88,-24.4,-39.04
-48.8,-48.8,0,48.8,-24.4,-24.4,68.32,107.36,53.68,4.88,-24.4,-43.92
-43.92,-48.8,-4.88,48.8,-19.52,-29.28,68.32,112.24,48.8,9.76,-24.4,-48.8
-24.4,-34.16,-9.76,29.28,-9.76,-24.4,68.32,107.36,48.8,9.76,-34.16,-34.16
-39.04,-34.16,4.88,39.04,-24.4,-14.64,73.2,112.24,58.56,9.76,-29.28,-24.4
-39.04,-34.16,4.88,39.04,-24.4,-14.64,73.2,112.24,63.44,9.76,-29.28,-34.16
-39.04,-34.16,4.88,39.04,-24.4,-14.64,73.2,112.24,68.32,14.64,-24.4,-34.16
-48.8,-43.92,4.88,48.8,-29.28,-19.52,73.2,122,73.2,9.76,-19.52,-34.16
-48.8,-43.92,4.88,48.8,-29.28,-19.52,73.2,126.88,73.2,14.64,-14.64,-34.16
-39.04,-39.04,0,39.04,-19.52,-19.52,73.2,131.76,73.2,14.64,-14.64,-29.28
-34.16,-39.04,-4.88,39.04,-14.64,-24.4,73.2,136.64,78.08,19.52,-14.64,-29.28
-34.16,-39.04,-4.88,39.04,-14.64,-24.4,82.96,141.52,78.08,24.4,-14.64,-14.64
-29.28,-39.04,-9.76,34.16,-9.76,-24.4,87.84,146.4,87.84,24.4,-9.76,-9.76
-29.28,-39.04,-9.76,34.16,-9.76,-24.4,87.84,151.28,87.84,29.28,-9.76,-9.76
-34.16,-34.16,0,34.16,-19.52,-19.52,87.84,151.28,87.84,34.16,-9.76,-9.76
-34.16,-43.92,-9.76,39.04,-14.64,-29.28,92.72,170.8,97.6,43.92,-19.52,-9.76
-34.16,-43.92,-9.76,39.04,-14.64,-29.28,92.72,175.68,102.48,43.92,-9.76,-9.76
-29.28,-39.04,-9.76,34.16,-9.76,-24.4,92.72,180.56,107.36,48.8,-9.76,-9.76
-29.28,-39.04,-9.76,34.16,-9.76,-24.4,92.72,190.32,117.12,53.68,4.88,-4.88
-19.52,-29.28,-9.76,24.4,-4.88,-19.52,82.96,185.44,126.88,63.44,0,-14.64
-29.28,-29.28,0,29.28,-14.64,-14.64,87.84,190.32,131.76,68.32,4.88,-9.76
-29.28,-29.28,0,29.28,-14.64,-14.64,92.72,195.2,136.64,73.2,9.76,0
-24.4,-24.4,0,24.4,-14.64,-14.64,92.72,200.08,136.64,78.08,9.76,0
-34.16,-14.64,19.52,24.4,-29.28,0,102.48,209.84,136.64,78.08,9.76,0
-29.28,-14.64,14.64,24.4,-24.4,0,102.48,214.72,146.4,87.84,9.76,4.88
-29.28,-14.64,14.64,24.4,-24.4,0,102.48,224.48,151.28,92.72,9.76,19.52
-29.28,-14.64,14.64,24.4,-24.4,0,102.48,229.36,156.16,92.72,9.76,24.4
-14.64,-19.52,-4.88,19.52,-4.88,-14.64,92.72,234.24,151.28,97.6,9.76,24.4
-9.76,-19.52,-9.76,14.64,0,-14.64,97.6,239.12,161.04,102.48,19.52,24.4
4.88,-14.64,-19.52,4.88,9.76,-19.52,97.6,248.88,161.04,107.36,24.4,29.28
9.76,-14.64,-24.4,4.88,14.64,-19.52,97.6,258.64,170.8,112.24,29.28,29.28
0,-9.76,-9.76,4.88,4.88,-9.76,102.48,263.52,170.8,107.36,34.16,24.4
0,-9.76,-9.76,4.88,4.88,-9.76,102.48,268.4,180.56,117.12,34.16,29.28
0,-4.88,-4.88,4.88,0,-4.88,107.36,273.28,190.32,117.12,43.92,34.16
9.76,0,-9.76,-4.88,9.76,-4.88,112.24,278.16,200.08,126.88,48.8,34.16
9.76,0,-9.76,-4.88,9.76,-4.88,102.48,292.8,204.96,141.52,43.92,34.16
9.76,4.88,-4.88,-4.88,4.88,0,107.36,307.44,214.72,151.28,53.68,39.04
9.76,4.88,-4.88,-4.88,4.88,0,112.24,322.08,224.48,161.04,63.44,48.8
14.64,0,-14.64,-4.88,14.64,-9.76,112.24,336.72,224.48,165.92,68.32,48.8
19.52,0,-19.52,-9.76,19.52,-9.76,117.12,356.24,239.12,170.8,68.32,53.68
19.52,9.76,-9.76,-14.64,14.64,0,117.12,356.24,248.88,175.68,73.2,63.44
19.52,9.76,-9.76,-14.64,14.64,0,126.88,366,263.52,185.44,82.96,78.08
29.28,9.76,-19.52,-19.52,24.4,-4.88,136.64,375.76,273.28,190.32,82.96,82.96
39.04,19.52,-19.52,-29.28,29.28,0,126.88,385.52,273.28,200.08,87.84,87.84
39.04,24.4,-14.64,-29.28,24.4,4.88,136.64,400.16,287.92,204.96,87.84,97.6
39.04,24.4,-14.64,-29.28,24.4,4.88,136.64,419.68,297.68,219.6,97.6,107.36
43.92,24.4,-19.52,-34.16,29.28,0,136.64,434.32,307.44,229.36,102.48,117.12
34.16,39.04,4.88,-34.16,14.64,19.52,136.64,429.44,317.2,234.24,107.36,117.12
43.92,39.04,-4.88,-39.04,24.4,14.64,136.64,448.96,326.96,244,112.24,117.12
48.8,43.92,-4.88,-43.92,24.4,19.52,141.52,458.72,336.72,248.88,122,117.12
48.8,43.92,-4.88,-43.92,24.4,19.52,141.52,473.36,346.48,258.64,126.88,122
39.04,43.92,4.88,-39.04,14.64,24.4,151.28,492.88,356.24,268.4,122,131.76
48.8,43.92,-4.88,-43.92,24.4,19.52,156.16,502.64,370.88,283.04,131.76,136.64
53.68,48.8,-4.88,-48.8,29.28,19.52,161.04,517.28,380.64,297.68,146.4,146.4
53.68,53.68,0,-53.68,24.4,24.4,165.92,527.04,390.4,312.32,151.28,156.16
63.44,68.32,4.88,-63.44,29.28,34.16,165.92,527.04,400.16,317.2,146.4,170.8
73.2,73.2,0,-73.2,34.16,34.16,165.92,546.56,414.8,326.96,156.16,180.56
73.2,78.08,4.88,-73.2,34.16,39.04,165.92,551.44,424.56,336.72,156.16,185.44
87.84,82.96,-4.88,-82.96,43.92,39.04,170.8,556.32,434.32,346.48,161.04,190.32
78.08,87.84,9.76,-82.96,34.16,48.8,161.04,580.72,439.2,356.24,170.8,190.32
73.2,97.6,24.4,-82.96,24.4,58.56,161.04,590.48,448.96,366,185.44,195.2
73.2,102.48,29.28,-87.84,19.52,63.44,161.04,600.24,453.84,370.88,195.2,200.08
87.84,107.36,19.52,-97.6,34.16,63.44,165.92,614.88,463.6,380.64,209.84,214.72
102.48,102.48,0,-102.48,48.8,48.8,175.68,614.88,473.36,380.64,204.96,204.96
107.36,107.36,0,-107.36,53.68,53.68,170.8,614.88,478.24,390.4,204.96,214.72
107.36,107.36,0,-107.36,53.68,53.68,170.8,614.88,488,400.16,209.84,224.48
107.36,117.12,9.76,-112.24,48.8,63.44,170.8,614.88,497.76,409.92,219.6,229.36
102.48,131.76,29.28,-117.12,34.16,78.08,175.68,619.76,507.52,419.68,224.48,239.12
107.36,136.64,29.28,-122,39.04,82.96,175.68,624.64,507.52,424.56,229.36,248.88
102.48,141.52,39.04,-122,29.28,87.84,175.68,629.52,517.28,434.32,244,253.76
97.6,141.52,43.92,-117.12,24.4,92.72,175.68,639.28,522.16,444.08,253.76,263.52
112.24,146.4,34.16,-126.88,39.04,87.84,165.92,634.4,522.16,444.08,253.76,263.52
126.88,146.4,19.52,-136.64,53.68,82.96,165.92,634.4,517.28,448.96,253.76,278.16
131.76,146.4,14.64,-136.64,58.56,78.08,165.92,629.52,512.4,453.84,258.64,278.16
122,146.4,24.4,-131.76,48.8,82.96,161.04,614.88,507.52,453.84,258.64,278.16
122,141.52,19.52,-131.76,48.8,78.08,161.04,624.64,507.52,448.96,263.52,278.16
126.88,151.28,24.4,-136.64,48.8,87.84,156.16,619.76,507.52,448.96,263.52,278.16
126.88,151.28,24.4,-136.64,48.8,87.84,151.28,614.88,507.52,448.96,263.52,278.16
126.88,151.28,24.4,-136.64,48.8,87.84,151.28,600.24,507.52,448.96,263.52,287.92
126.88,156.16,29.28,-141.52,48.8,92.72,161.04,600.24,517.28,463.6,268.4,302.56
126.88,156.16,29.28,-141.52,48.8,92.72,156.16,585.6,507.52,463.6,268.4,302.56
126.88,156.16,29.28,-141.52,48.8,92.72,151.28,561.2,502.64,458.72,268.4,302.56
126.88,156.16,29.28,-141.52,48.8,92.72,146.4,531.92,488,458.72,268.4,302.56
117.12,165.92,48.8,-141.52,34.16,107.36,141.52,527.04,478.24,448.96,263.52,292.8
112.24,161.04,48.8,-136.64,29.28,102.48,126.88,512.4,468.48,444.08,263.52,287.92
112.24,161.04,48.8,-136.64,29.28,102.48,126.88,492.88,453.84,439.2,248.88,287.92
112.24,161.04,48.8,-136.64,29.28,102.48,112.24,468.48,444.08,434.32,248.88,287.92
92.72,146.4,53.68,-117.12,19.52,97.6,107.36,429.44,414.8,409.92,229.36,268.4
87.84,141.52,53.68,-112.24,14.64,97.6,97.6,409.92,405.04,400.16,219.6,263.52
78.08,136.64,58.56,-107.36,9.76,97.6,92.72,380.64,385.52,390.4,219.6,258.64
73.2,131.76,58.56,-102.48,4.88,92.72,82.96,356.24,366,370.88,209.84,253.76
53.68,131.76,78.08,-92.72,-14.64,102.48,82.96,336.72,351.36,356.24,200.08,244
53.68,122,68.32,-87.84,-9.76,92.72,73.2,302.56,331.84,341.6,180.56,234.24
53.68,112.24,58.56,-82.96,-4.88,82.96,63.44,283.04,307.44,322.08,161.04,224.48
48.8,112.24,63.44,-78.08,-9.76,87.84,53.68,248.88,273.28,292.8,146.4,204.96
43.92,92.72,48.8,-68.32,-4.88,68.32,43.92,234.24,253.76,297.68,131.76,190.32
39.04,82.96,43.92,-58.56,-4.88,63.44,43.92,204.96,234.24,273.28,117.12,175.68
24.4,68.32,43.92,-43.92,-9.76,53.68,29.28,175.68,214.72,253.76,97.6,165.92
19.52,63.44,43.92,-39.04,-14.64,53.68,24.4,161.04,195.2,234.24,82.96,156.16
29.28,63.44,34.16,-43.92,-4.88,48.8,19.52,126.88,180.56,214.72,58.56,161.04
19.52,58.56,39.04,-39.04,-9.76,48.8,14.64,107.36,156.16,200.08,43.92,141.52
9.76,43.92,34.16,-24.4,-14.64,39.04,9.76,97.6,136.64,180.56,29.28,126.88
0,39.04,39.04,-19.52,-19.52,39.04,4.88,78.08,117.12,161.04,9.76,122
-14.64,34.16,48.8,-9.76,-34.16,39.04,9.76,68.32,107.36,141.52,0,112.24
-19.52,29.28,48.8,-4.88,-34.16,39.04,4.88,58.56,92.72,126.88,-9.76,102.48
-19.52,24.4,43.92,0,-34.16,34.16,0,43.92,73.2,112.24,-19.52,92.72
-29.28,9.76,39.04,9.76,-34.16,24.4,0,39.04,63.44,102.48,-19.52,82.96
-34.16,14.64,48.8,9.76,-43.92,29.28,0,19.52,53.68,78.08,-48.8,73.2
-29.28,9.76,39.04,9.76,-34.16,24.4,-4.88,9.76,39.04,68.32,-73.2,63.44
-24.4,4.88,29.28,9.76,-29.28,14.64,-4.88,0,24.4,53.68,-78.08,58.56
-29.28,0,29.28,14.64,-29.28,14.64,-4.88,-14.64,14.64,48.8,-92.72,43.92
-29.28,-14.64,14.64,24.4,-24.4,0,-4.88,-9.76,14.64,43.92,-102.48,29.28
-39.04,-14.64,24.4,29.28,-34.16,4.88,-4.88,-24.4,4.88,34.16,-112.24,29.28
-43.92,-19.52,24.4,34.16,-34.16,0,-9.76,-34.16,-4.88,24.4,-112.24,24.4
-43.92,-19.52,24.4,34.16,-34.16,0,-9.76,-34.16,-9.76,14.64,-126.88,14.64
-53.68,-34.16,19.52,43.92,-39.04,-9.76,-9.76,-24.4,-4.88,14.64,-141.52,9.76
-53.68,-39.04,14.64,48.8,-34.16,-14.64,-9.76,-34.16,-9.76,14.64,-146.4,4.88
-53.68,-48.8,4.88,53.68,-29.28,-24.4,-14.64,-39.04,-24.4,4.88,-156.16,0
-53.68,-53.68,0,53.68,-29.28,-29.28,-14.64,-53.68,-34.16,4.88,-156.16,0
-63.44,-53.68,9.76,58.56,-39.04,-24.4,-24.4,-63.44,-34.16,0,-156.16,0
-63.44,-48.8,14.64,58.56,-39.04,-19.52,-19.52,-58.56,-39.04,-4.88,-161.04,0
-73.2,-48.8,24.4,63.44,-48.8,-14.64,-9.76,-58.56,-43.92,-9.76,-161.04,-4.88
-73.2,-53.68,19.52,63.44,-48.8,-19.52,-9.76,-63.44,-43.92,-14.64,-161.04,-9.76
-63.44,-53.68,9.76,58.56,-39.04,-24.4,-9.76,-53.68,-43.92,-19.52,-170.8,-19.52
-68.32,-58.56,9.76,63.44,-39.04,-24.4,-9.76,-58.56,-43.92,-24.4,-170.8,-19.52
-68.32,-58.56,9.76,63.44,-39.04,-24.4,-9.76,-58.56,-43.92,-29.28,-170.8,-24.4
-68.32,-58.56,9.76,63.44,-39.04,-24.4,-9.76,-63.44,-53.68,-29.28,-180.56,-24.4
-82.96,-48.8,34.16,68.32,-58.56,-9.76,-9.76,-63.44,-43.92,-24.4,-190.32,-24.4
-82.96,-48.8,34.16,68.32,-58.56,-9.76,-4.88,-63.44,-43.92,-24.4,-190.32,-24.4
-78.08,-48.8,29.28,63.44,-53.68,-9.76,-4.88,-63.44,-43.92,-19.52,-185.44,-24.4
-78.08,-48.8,29.28,63.44,-53.68,-9.76,-4.88,-63.44,-53.68,-19.52,-190.32,-29.28
-87.84,-63.44,24.4,78.08,-58.56,-19.52,-14.64,-63.44,-43.92,-29.28,-195.2,-39.04
-87.84,-63.44,24.4,78.08,-58.56,-19.52,-14.64,-68.32,-43.92,-29.28,-195.2,-39.04
-87.84,-63.44,24.4,78.08,-58.56,-19.52,-14.64,-68.32,-43.92,-29.28,-195.2,-39.04
-92.72,-63.44,29.28,78.08,-63.44,-19.52,-14.64,-68.32,-43.92,-34.16,-195.2,-39.04
-82.96,-63.44,19.52,73.2,-53.68,-24.4,-14.64,-58.56,-43.92,-39.04,-185.44,-48.8
-73.2,-58.56,14.64,68.32,-43.92,-24.4,-14.64,-58.56,-43.92,-39.04,-190.32,-48.8
-87.84,-53.68,34.16,73.2,-63.44,-9.76,-14.64,-63.44,-43.92,-39.04,-200.08,-48.8
-87.84,-48.8,39.04,68.32,-63.44,-4.88,-14.64,-63.44,-43.92,-39.04,-190.32,-48.8
-78.08,-53.68,24.4,68.32,-53.68,-14.64,-14.64,-58.56,-43.92,-48.8,-190.32,-48.8
-78.08,-58.56,19.52,68.32,-48.8,-19.52,-9.76,-58.56,-48.8,-43.92,-195.2,-48.8
-78.08,-63.44,14.64,73.2,-48.8,-24.4,-9.76,-58.56,-48.8,-43.92,-204.96,-48.8
-82.96,-68.32,14.64,78.08,-48.8,-29.28,-14.64,-53.68,-48.8,-43.92,-209.84,-48.8
-82.96,-68.32,14.64,78.08,-48.8,-29.28,-14.64,-53.68,-39.04,-34.16,-200.08,-58.56
-82.96,-68.32,14.64,78.08,-48.8,-29.28,-14.64,-53.68,-39.04,-34.16,-200.08,-58.56
-82.96,-68.32,14.64,78.08,-48.8,-29.28,-14.64,-53.68,-39.04,-39.04,-204.96,-58.56
-82.96,-68.32,14.64,78.08,-48.8,-29.28,-14.64,-63.44,-34.16,-39.04,-204.96,-58.56
-92.72,-58.56,34.16,78.08,-63.44,-14.64,-14.64,-53.68,-34.16,-39.04,-204.96,-73.2
-97.6,-53.68,43.92,78.08,-73.2,-4.88,-14.64,-48.8,-34.16,-39.04,-204.96,-73.2
-97.6,-53.68,43.92,78.08,-73.2,-4.88,-9.76,-39.04,-34.16,-43.92,-209.84,-73.2
-97.6,-53.68,43.92,78.08,-73.2,-4.88,-9.76,-39.04,-34.16,-43.92,-209.84,-73.2
-92.72,-58.56,34.16,78.08,-63.44,-14.64,-14.64,-48.8,-48.8,-43.92,-219.6,-73.2
-82.96,-58.56,24.4,73.2,-53.68,-19.52,-14.64,-53.68,-48.8,-48.8,-219.6,-73.2
-78.08,-58.56,19.52,68.32,-48.8,-19.52,-14.64,-53.68,-48.8,-53.68,-209.84,-73.2
-82.96,-58.56,24.4,73.2,-53.68,-19.52,-19.52,-58.56,-48.8,-58.56,-209.84,-73.2
-82.96,-58.56,24.4,73.2,-53.68,-19.52,-19.52,-58.56,-39.04,-53.68,-214.72,-73.2
-82.96,-58.56,24.4,73.2,-53.68,-19.52,-19.52,-53.68,-39.04,-53.68,-214.72,-73.2
-82.96,-48.8,34.16,68.32,-58.56,-9.76,-19.52,-43.92,-39.04,-53.68,-214.72,-68.32
-82.96,-48.8,34.16,68.32,-58.56,-9.76,-19.52,-39.04,-39.04,-53.68,-214.72,-68.32
-68.32,-53.68,14.64,63.44,-43.92,-19.52,-19.52,-39.04,-43.92,-48.8,-214.72,-68.32
-78.08,-53.68,24.4,68.32,-53.68,-14.64,-19.52,-39.04,-43.92,-43.92,-214.72,-68.32
-87.84,-53.68,34.16,73.2,-63.44,-9.76,-19.52,-39.04,-43.92,-43.92,-214.72,-68.32
-78.08,-48.8,29.28,63.44,-53.68,-9.76,-14.64,-39.04,-43.92,-48.8,-214.72,-68.32
-78.08,-48.8,29.28,63.44,-53.68,-9.76,-14.64,-29.28,-34.16,-48.8,-219.6,-68.32
-78.08,-48.8,29.28,63.44,-53.68,-9.76,-14.64,-24.4,-34.16,-39.04,-219.6,-68.32
-78.08,-48.8,29.28,63.44,-53.68,-9.76,-14.64,-24.4,-34.16,-39.04,-214.72,-68.32
-78.08,-53.68,24.4,68.32,-53.68,-14.64,-14.64,-19.52,-34.16,-43.92,-214.72,-63.44
-78.08,-43.92,34.16,63.44,-58.56,-4.88,-24.4,-29.28,-34.16,-39.04,-219.6,-63.44
-87.84,-43.92,43.92,68.32,-68.32,0,-29.28,-29.28,-34.16,-43.92,-214.72,-63.44
-78.08,-39.04,39.04,58.56,-58.56,0,-29.28,-29.28,-34.16,-43.92,-209.84,-53.68
-68.32,-39.04,29.28,53.68,-48.8,-4.88,-29.28,-29.28,-34.16,-39.04,-209.84,-63.44
-78.08,-39.04,39.04,58.56,-58.56,0,-19.52,-19.52,-24.4,-39.04,-200.08,-53.68
-78.08,-39.04,39.04,58.56,-58.56,0,-19.52,-19.52,-19.52,-39.04,-200.08,-53.68
-73.2,-39.04,34.16,58.56,-53.68,-4.88,-19.52,-19.52,-19.52,-39.04,-200.08,-53.68
-73.2,-34.16,39.04,53.68,-58.56,0,-19.52,-19.52,-19.52,-39.04,-204.96,-53.68
-73.2,-34.16,39.04,53.68,-58.56,0,-29.28,-19.52,-24.4,-48.8,-204.96,-58.56
-78.08,-34.16,43.92,58.56,-63.44,4.88,-24.4,-14.64,-24.4,-48.8,-195.2,-58.56
-78.08,-34.16,43.92,58.56,-63.44,4.88,-24.4,-14.64,-29.28,-43.92,-195.2,-58.56
-68.32,-34.16,34.16,53.68,-53.68,0,-29.28,-14.64,-34.16,-39.04,-200.08,-58.56
-63.44,-19.52,43.92,43.92,-53.68,9.76,-29.28,-14.64,-24.4,-29.28,-190.32,-48.8
-63.44,-19.52,43.92,43.92,-53.68,9.76,-29.28,-14.64,-24.4,-29.28,-185.44,-48.8
-73.2,-19.52,53.68,48.8,-63.44,14.64,-29.28,-14.64,-24.4,-29.28,-185.44,-48.8
-73.2,-24.4,48.8,48.8,-63.44,9.76,-34.16,-14.64,-24.4,-34.16,-185.44,-48.8
-73.2,-24.4,48.8,48.8,-63.44,9.76,-24.4,-9.76,-24.4,-24.4,-175.68,-48.8
-73.2,-24.4,48.8,48.8,-63.44,9.76,-24.4,-4.88,-19.52,-24.4,-175.68,-48.8
-73.2,-24.4,48.8,48.8,-63.44,9.76,-19.52,0,-14.64,-19.52,-175.68,-43.92
-73.2,-24.4,48.8,48.8,-63.44,9.76,-19.52,14.64,0,-19.52,-175.68,-43.92
-63.44,-24.4,39.04,43.92,-53.68,4.88,-29.28,-4.88,-4.88,-24.4,-185.44,-48.8
-63.44,-24.4,39.04,43.92,-53.68,4.88,-29.28,-9.76,-9.76,-29.28,-185.44,-53.68
-63.44,-24.4,39.04,43.92,-53.68,4.88,-29.28,-9.76,-14.64,-34.16,-185.44,-58.56
-63.44,-24.4,39.04,43.92,-53.68,4.88,-29.28,-14.64,-19.52,-39.04,-185.44,-63.44
-63.44,-29.28,34.16,48.8,-48.8,0,-29.28,-14.64,-19.52,-39.04,-195.2,-63.44
-63.44,-34.16,29.28,48.8,-48.8,-4.88,-34.16,-19.52,-24.4,-39.04,-190.32,-63.44
-43.92,-39.04,4.88,43.92,-24.4,-19.52,-34.16,-19.52,-24.4,-39.04,-185.44,-63.44
-63.44,-43.92,19.52,53.68,-43.92,-14.64,-39.04,-19.52,-24.4,-39.04,-185.44,-63.44
-58.56,-39.04,19.52,48.8,-39.04,-9.76,-39.04,-4.88,-14.64,-39.04,-185.44,-48.8
-43.92,-34.16,9.76,39.04,-29.28,-14.64,-39.04,-4.88,-14.64,-34.16,-185.44,-48.8
-39.04,-29.28,9.76,34.16,-24.4,-9.76,-39.04,-4.88,-14.64,-34.16,-190.32,-48.8
-34.16,-24.4,9.76,29.28,-24.4,-9.76,-39.04,-4.88,-14.64,-34.16,-195.2,-48.8
-39.04,-24.4,14.64,34.16,-29.28,-4.88,-39.04,-19.52,-24.4,-43.92,-195.2,-58.56
-39.04,-24.4,14.64,34.16,-29.28,-4.88,-43.92,-19.52,-24.4,-48.8,-200.08,-63.44
-39.04,-24.4,14.64,34.16,-29.28,-4.88,-43.92,-19.52,-24.4,-48.8,-200.08,-63.44
-39.04,-24.4,14.64,34.16,-29.28,-4.88,-39.04,-24.4,-29.28,-48.8,-200.08,-63.44
-48.8,-24.4,24.4,39.04,-39.04,0,-43.92,-14.64,-19.52,-39.04,-200.08,-53.68
-53.68,-29.28,24.4,43.92,-39.04,-4.88,-43.92,-19.52,-19.52,-39.04,-200.08,-58.56
-63.44,-39.04,24.4,53.68,-43.92,-9.76,-43.92,-19.52,-19.52,-34.16,-209.84,-58.56
-53.68,-48.8,4.88,53.68,-29.28,-24.4,-43.92,-24.4,-29.28,-34.16,-209.84,-58.56
-63.44,-39.04,24.4,53.68,-43.92,-9.76,-34.16,-24.4,-39.04,-48.8,-209.84,-68.32
-68.32,-39.04,29.28,53.68,-48.8,-4.88,-34.16,-19.52,-34.16,-48.8,-209.84,-68.32
-68.32,-34.16,34.16,53.68,-53.68,0,-34.16,-19.52,-29.28,-48.8,-209.84,-68.32
-63.44,-34.16,29.28,48.8,-48.8,-4.88,-34.16,-19.52,-29.28,-48.8,-204.96,-68.32
-53.68,-39.04,14.64,48.8,-34.16,-14.64,-43.92,-29.28,-39.04,-48.8,-200.08,-73.2
-43.92,-39.04,4.88,43.92,-24.4,-19.52,-43.92,-34.16,-39.04,-48.8,-200.08,-73.2
-53.68,-39.04,14.64,48.8,-34.16,-14.64,-43.92,-34.16,-39.04,-48.8,-209.84,-68.32
-58.56,-39.04,19.52,48.8,-39.04,-9.76,-43.92,-34.16,-39.04,-48.8,-209.84,-68.32
-58.56,-43.92,14.64,53.68,-39.04,-14.64,-34.16,-24.4,-34.16,-43.92,-209.84,-58.56
-48.8,-43.92,4.88,48.8,-29.28,-19.52,-34.16,-34.16,-39.04,-43.92,-204.96,-58.56
-48.8,-43.92,4.88,48.8,-29.28,-19.52,-34.16,-34.16,-39.04,-48.8,-200.08,-63.44
-48.8,-43.92,4.88,48.8,-29.28,-19.52,-34.16,-34.16,-39.04,-48.8,-195.2,-63.44
-58.56,-43.92,14.64,53.68,-39.04,-14.64,-34.16,-34.16,-48.8,-48.8,-195.2,-63.44
-63.44,-43.92,19.52,53.68,-43.92,-14.64,-34.16,-34.16,-48.8,-43.92,-195.2,-68.32
-63.44,-43.92,19.52,53.68,-43.92,-14.64,-34.16,-34.16,-48.8,-43.92,-200.08,-68.32
-53.68,-43.92,9.76,48.8,-34.16,-19.52,-34.16,-39.04,-48.8,-48.8,-209.84,-68.32
-43.92,-39.04,4.88,43.92,-24.4,-19.52,-34.16,-39.04,-43.92,-58.56,-204.96,-58.56
-53.68,-39.04,14.64,48.8,-34.16,-14.64,-34.16,-39.04,-43.92,-58.56,-209.84,-58.56
-53.68,-39.04,14.64,48.8,-34.16,-14.64,-34.16,-39.04,-48.8,-58.56,-209.84,-53.68
-48.8,-39.04,9.76,43.92,-29.28,-14.64,-34.16,-39.04,-48.8,-58.56,-209.84,-53.68
-53.68,-43.92,9.76,48.8,-34.16,-19.52,-34.16,-39.04,-48.8,-63.44,-209.84,-58.56
-53.68,-43.92,9.76,48.8,-34.16,-19.52,-34.16,-39.04,-48.8,-63.44,-209.84,-58.56
-63.44,-43.92,19.52,53.68,-43.92,-14.64,-34.16,-39.04,-53.68,-63.44,-209.84,-58.56
-68.32,-43.92,24.4,58.56,-48.8,-9.76,-34.16,-39.04,-58.56,-63.44,-209.84,-58.56
-63.44,-39.04,24.4,53.68,-43.92,-9.76,-29.28,-43.92,-53.68,-63.44,-200.08,-63.44
-58.56,-39.04,19.52,48.8,-39.04,-9.76,-29.28,-43.92,-53.68,-63.44,-204.96,-68.32
-53.68,-39.04,14.64,48.8,-34.16,-14.64,-34.16,-43.92,-48.8,-63.44,-204.96,-73.2
-43.92,-39.04,4.88,43.92,-24.4,-19.52,-34.16,-43.92,-39.04,-68.32,-204.96,-78.08
-48.8,-39.04,9.76,43.92,-29.28,-14.64,-34.16,-43.92,-48.8,-58.56,-195.2,-73.2
-53.68,-39.04,14.64,48.8,-34.16,-14.64,-34.16,-48.8,-53.68,-58.56,-195.2,-63.44
-58.56,-39.04,19.52,48.8,-39.04,-9.76,-34.16,-48.8,-53.68,-58.56,-195.2,-58.56
-58.56,-39.04,19.52,48.8,-39.04,-9.76,-29.28,-48.8,-53.68,-58.56,-195.2,-53.68
-53.68,-53.68,0,53.68,-29.28,-29.28,-39.04,-48.8,-53.68,-68.32,-200.08,-63.44
-48.8,-53.68,-4.88,53.68,-24.4,-29.28,-39.04,-48.8,-53.68,-73.2,-200.08,-68.32
-43.92,-53.68,-9.76,48.8,-19.52,-34.16,-43.92,-48.8,-58.56,-73.2,-200.08,-73.2
-43.92,-48.8,-4.88,48.8,-19.52,-29.28,-43.92,-48.8,-58.56,-73.2,-200.08,-78.08
-53.68,-48.8,4.88,53.68,-29.28,-24.4,-34.16,-48.8,-48.8,-63.44,-190.32,-68.32
-53.68,-48.8,4.88,53.68,-29.28,-24.4,-34.16,-53.68,-48.8,-63.44,-190.32,-68.32
-53.68,-48.8,4.88,53.68,-29.28,-24.4,-34.16,-53.68,-48.8,-58.56,-190.32,-73.2
-53.68,-48.8,4.88,53.68,-29.28,-24.4,-29.28,-53.68,-48.8,-58.56,-190.32,-73.2
-53.68,-58.56,-4.88,58.56,-24.4,-34.16,-39.04,-53.68,-58.56,-68.32,-200.08,-68.32
-58.56,-58.56,0,58.56,-29.28,-29.28,-39.04,-53.68,-58.56,-68.32,-204.96,-63.44
-58.56,-58.56,0,58.56,-29.28,-29.28,-39.04,-48.8,-58.56,-73.2,-204.96,-58.56
-48.8,-58.56,-9.76,53.68,-19.52,-34.16,-39.04,-48.8,-58.56,-73.2,-204.96,-53.68
-48.8,-53.68,-4.88,53.68,-24.4,-29.28,-29.28,-53.68,-58.56,-63.44,-214.72,-63.44
-53.68,-53.68,0,53.68,-29.28,-29.28,-29.28,-53.68,-58.56,-63.44,-209.84,-63.44
-53.68,-53.68,0,53.68,-29.28,-29.28,-29.28,-48.8,-58.56,-63.44,-209.84,-68.32
-58.56,-48.8,9.76,53.68,-34.16,-19.52,-29.28,-48.8,-58.56,-68.32,-214.72,-68.32
-48.8,-39.04,9.76,43.92,-29.28,-14.64,-39.04,-53.68,-68.32,-68.32,-204.96,-63.44
-48.8,-39.04,9.76,43.92,-29.28,-14.64,-39.04,-53.68,-68.32,-68.32,-209.84,-63.44
-43.92,-43.92,0,43.92,-24.4,-24.4,-39.04,-58.56,-68.32,-68.32,-209.84,-63.44
-43.92,-43.92,0,43.92,-24.4,-24.4,-39.04,-58.56,-63.44,-68.32,-209.84,-63.44
-43.92,-53.68,-9.76,48.8,-19.52,-34.16,-39.04,-53.68,-63.44,-78.08,-209.84,-63.44
-43.92,-53.68,-9.76,48.8,-19.52,-34.16,-39.04,-53.68,-63.44,-78.08,-209.84,-58.56
-43.92,-53.68,-9.76,48.8,-19.52,-34.16,-39.04,-53.68,-63.44,-78.08,-204.96,-58.56
-43.92,-53.68,-9.76,48.8,-19.52,-34.16,-39.04,-53.68,-63.44,-68.32,-204.96,-63.44
-34.16,-53.68,-19.52,43.92,-9.76,-39.04,-39.04,-58.56,-68.32,-87.84,-214.72,-63.44
-39.04,-53.68,-14.64,48.8,-14.64,-34.16,-39.04,-63.44,-68.32,-87.84,-214.72,-63.44
-39.04,-53.68,-14.64,48.8,-14.64,-34.16,-39.04,-68.32,-73.2,-87.84,-214.72,-63.44
-34.16,-48.8,-14.64,43.92,-9.76,-34.16,-39.04,-78.08,-73.2,-87.84,-219.6,-63.44
-43.92,-58.56,-14.64,53.68,-14.64,-39.04,-39.04,-68.32,-63.44,-78.08,-209.84,-53.68
-53.68,-63.44,-9.76,58.56,-24.4,-39.04,-39.04,-63.44,-63.44,-73.2,-204.96,-53.68
-53.68,-68.32,-14.64,63.44,-19.52,-43.92,-34.16,-63.44,-63.44,-73.2,-204.96,-53.68
-48.8,-68.32,-19.52,58.56,-14.64,-43.92,-34.16,-63.44,-63.44,-78.08,-209.84,-58.56
-48.8,-53.68,-4.88,53.68,-24.4,-29.28,-34.16,-63.44,-53.68,-78.08,-200.08,-68.32
-39.04,-53.68,-14.64,48.8,-14.64,-34.16,-39.04,-63.44,-58.56,-78.08,-200.08,-63.44
-39.04,-53.68,-14.64,48.8,-14.64,-34.16,-39.04,-63.44,-58.56,-82.96,-204.96,-63.44
-43.92,-53.68,-9.76,48.8,-19.52,-34.16,-39.04,-63.44,-58.56,-82.96,-204.96,-68.32
-43.92,-53.68,-9.76,48.8,-19.52,-34.16,-34.16,-63.44,-48.8,-82.96,-204.96,-58.56
-43.92,-53.68,-9.76,48.8,-19.52,-34.16,-34.16,-63.44,-53.68,-82.96,-204.96,-58.56
-63.44,-53.68,9.76,58.56,-39.04,-24.4,-34.16,-68.32,-58.56,-82.96,-204.96,-58.56
-48.8,-53.68,-4.88,53.68,-24.4,-29.28,-34.16,-68.32,-58.56,-82.96,-200.08,-58.56
-43.92,-53.68,-9.76,48.8,-19.52,-34.16,-39.04,-63.44,-68.32,-82.96,-190.32,-63.44
-43.92,-53.68,-9.76,48.8,-19.52,-34.16,-39.04,-63.44,-68.32,-82.96,-190.32,-68.32
-43.92,-53.68,-9.76,48.8,-19.52,-34.16,-39.04,-63.44,-63.44,-87.84,-190.32,-82.96
-34.16,-58.56,-24.4,48.8,-4.88,-43.92,-39.04,-63.44,-58.56,-87.84,-190.32,-78.08
-39.04,-53.68,-14.64,48.8,-14.64,-34.16,-29.28,-63.44,-53.68,-87.84,-185.44,-68.32
-43.92,-53.68,-9.76,48.8,-19.52,-34.16,-29.28,-68.32,-53.68,-87.84,-190.32,-68.32
-48.8,-53.68,-4.88,53.68,-24.4,-29.28,-29.28,-68.32,-53.68,-87.84,-190.32,-68.32
-53.68,-53.68,0,53.68,-29.28,-29.28,-29.28,-68.32,-58.56,-87.84,-190.32,-68.32
-43.92,-63.44,-19.52,53.68,-14.64,-43.92,-39.04,-68.32,-68.32,-87.84,-180.56,-73.2
-39.04,-73.2,-34.16,58.56,-4.88,-53.68,-39.04,-68.32,-68.32,-87.84,-180.56,-73.2
-39.04,-63.44,-24.4,53.68,-9.76,-43.92,-39.04,-68.32,-68.32,-87.84,-175.68,-73.2
-43.92,-63.44,-19.52,53.68,-14.64,-43.92,-39.04,-68.32,-68.32,-87.84,-170.8,-73.2
-53.68,-53.68,0,53.68,-29.28,-29.28,-39.04,-78.08,-58.56,-97.6,-180.56,-73.2
-53.68,-53.68,0,53.68,-29.28,-29.28,-39.04,-78.08,-58.56,-97.6,-180.56,-73.2
-53.68,-53.68,0,53.68,-29.28,-29.28,-43.92,-78.08,-63.44,-102.48,-180.56,-73.2
-48.8,-53.68,-4.88,53.68,-24.4,-29.28,-43.92,-78.08,-63.44,-102.48,-185.44,-78.08
-39.04,-63.44,-24.4,53.68,-9.76,-43.92,-29.28,-68.32,-58.56,-92.72,-175.68,-78.08
-39.04,-63.44,-24.4,53.68,-9.76,-43.92,-29.28,-68.32,-53.68,-92.72,-175.68,-78.08
-43.92,-63.44,-19.52,53.68,-14.64,-43.92,-29.28,-68.32,-53.68,-92.72,-175.68,-78.08
-43.92,-63.44,-19.52,53.68,-14.64,-43.92,-29.28,-68.32,-53.68,-92.72,-175.68,-73.2
-34.16,-58.56,-24.4,48.8,-4.88,-43.92,-29.28,-63.44,-43.92,-92.72,-180.56,-73.2
-34.16,-58.56,-24.4,48.8,-4.88,-43.92,-29.28,-63.44,-43.92,-92.72,-180.56,-73.2
-34.16,-58.56,-24.4,48.8,-4.88,-43.92,-29.28,-68.32,-43.92,-92.72,-180.56,-78.08
-34.16,-53.68,-19.52,43.92,-9.76,-39.04,-29.28,-68.32,-43.92,-92.72,-180.56,-78.08
-29.28,-53.68,-24.4,43.92,-4.88,-39.04,-29.28,-78.08,-53.68,-102.48,-190.32,-78.08
-29.28,-53.68,-24.4,43.92,-4.88,-39.04,-29.28,-78.08,-53.68,-107.36,-190.32,-82.96
-34.16,-58.56,-24.4,48.8,-4.88,-43.92,-29.28,-78.08,-53.68,-107.36,-195.2,-82.96
-34.16,-58.56,-24.4,48.8,-4.88,-43.92,-29.28,-78.08,-53.68,-107.36,-195.2,-78.08
-34.16,-58.56,-24.4,48.8,-4.88,-43.92,-29.28,-78.08,-43.92,-102.48,-200.08,-78.08
-19.52,-43.92,-24.4,34.16,0,-34.16,-29.28,-87.84,-43.92,-102.48,-200.08,-78.08
-14.64,-53.68,-39.04,34.16,9.76,-48.8,-29.28,-78.08,-39.04,-97.6,-195.2,-78.08
-48.8,-68.32,-19.52,58.56,-14.64,-43.92,-29.28,-68.32,-39.04,-97.6,-204.96,-78.08
-39.04,-58.56,-19.52,48.8,-9.76,-39.04,-29.28,-68.32,-48.8,-97.6,-195.2,-78.08
-39.04,-58.56,-19.52,48.8,-9.76,-39.04,-29.28,-68.32,-48.8,-97.6,-195.2,-78.08
-39.04,-58.56,-19.52,48.8,-9.76,-39.04,-29.28,-68.32,-48.8,-97.6,-195.2,-78.08
-39.04,-58.56,-19.52,48.8,-9.76,-39.04,-29.28,-68.32,-48.8,-97.6,-195.2,-78.08
-48.8,-58.56,-9.76,53.68,-19.52,-34.16,-29.28,-78.08,-48.8,-107.36,-175.68,-68.32
-48.8,-58.56,-9.76,53.68,-19.52,-34.16,-29.28,-78.08,-48.8,-107.36,-165.92,-68.32
-48.8,-58.56,-9.76,53.68,-19.52,-34.16,-29.28,-78.08,-48.8,-107.36,-156.16,-68.32
-48.8,-58.56,-9.76,53.68,-19.52,-34.16,-29.28,-78.08,-48.8,-107.36,-146.4,-68.32
-43.92,-58.56,-14.64,53.68,-14.64,-39.04,-39.04,-87.84,-58.56,-107.36,-146.4,-78.08
-39.04,-58.56,-19.52,48.8,-9.76,-39.04,-39.04,-87.84,-58.56,-107.36,-146.4,-78.08
-34.16,-58.56,-24.4,48.8,-4.88,-43.92,-39.04,-87.84,-58.56,-107.36,-146.4,-78.08
-29.28,-58.56,-29.28,43.92,0,-43.92,-39.04,-87.84,-58.56,-107.36,-146.4,-78.08
-39.04,-58.56,-19.52,48.8,-9.76,-39.04,-29.28,-78.08,-53.68,-97.6,-141.52,-87.84
-39.04,-58.56,-19.52,48.8,-9.76,-39.04,-29.28,-78.08,-48.8,-97.6,-136.64,-87.84
-39.04,-58.56,-19.52,48.8,-9.76,-39.04,-29.28,-78.08,-43.92,-97.6,-131.76,-87.84
-39.04,-58.56,-19.52,48.8,-9.76,-39.04,-29.28,-78.08,-39.04,-97.6,-126.88,-87.84
-39.04,-58.56,-19.52,48.8,-9.76,-39.04,-39.04,-87.84,-48.8,-107.36,-126.88,-87.84
-39.04,-58.56,-19.52,48.8,-9.76,-39.04,-39.04,-87.84,-48.8,-107.36,-126.88,-87.84
-39.04,-58.56,-19.52,48.8,-9.76,-39.04,-39.04,-87.84,-48.8,-107.36,-126.88,-87.84
-39.04,-58.56,-19.52,48.8,-9.76,-39.04,-39.04,-87.84,-48.8,-107.36,-126.88,-87.84
-39.04,-58.56,-19.52,48.8,-9.76,-39.04,-29.28,-78.08,-48.8,-107.36,-117.12,-87.84
-39.04,-58.56,-19.52,48.8,-9.76,-39.04,-29.28,-78.08,-48.8,-107.36,-117.12,-87.84
-39.04,-58.56,-19.52,48.8,-9.76,-39.04,-29.28,-78.08,-48.8,-107.36,-117.12,-87.84
-39.04,-58.56,-19.52,48.8,-9.76,-39.04,-29.28,-78.08,-48.8,-107.36,-117.12,-87.84
-29.28,-58.56,-29.28,43.92,0,-43.92,-29.28,-87.84,-48.8,-107.36,-107.36,-87.84
-29.28,-58.56,-29.28,43.92,0,-43.92,-29.28,-87.84,-48.8,-107.36,-107.36,-87.84
-29.28,-58.56,-29.28,43.92,0,-43.92,-29.28,-87.84,-48.8,-107.36,-107.36,-87.84
-29.28,-58.56,-29.28,43.92,0,-43.92,-29.28,-87.84,-48.8,-107.36,-107.36,-87.84
-39.04,-58.56,-19.52,48.8,-9.76,-39.04,-29.28,-87.84,-48.8,-97.6,-107.36,-87.84
-39.04,-58.56,-19.52,48.8,-9.76,-39.04,-29.28,-87.84,-48.8,-97.6,-107.36,-87.84
-39.04,-58.56,-19.52,48.8,-9.76,-39.04,-29.28,-87.84,-48.8,-97.6,-107.36,-87.84
-39.04,-58.56,-19.52,48.8,-9.76,-39.04,-29.28,-87.84,-48.8,-97.6,-107.36,-87.84
-29.28,-58.56,-29.28,43.92,0,-43.92,-29.28,-87.84,-39.04,-97.6,-97.6,-87.84
-29.28,-58.56,-29.28,43.92,0,-43.92,-29.28,-87.84,-39.04,-97.6,-97.6,-87.84
-29.28,-58.56,-29.28,43.92,0,-43.92,-29.28,-87.84,-39.04,-97.6,-97.6,-87.84
-29.28,-58.56,-29.28,43.92,0,-43.92,-29.28,-87.84,-39.04,-97.6,-97.6,-87.84
-19.52,-58.56,-39.04,39.04,9.76,-48.8,-29.28,-97.6,-48.8,-102.48,-102.48,-87.84
-19.52,-58.56,-39.04,39.04,9.76,-48.8,-29.28,-97.6,-48.8,-107.36,-107.36,-87.84
-19.52,-58.56,-39.04,39.04,9.76,-48.8,-29.28,-97.6,-48.8,-112.24,-112.24,-87.84
-19.52,-58.56,-39.04,39.04,9.76,-48.8,-29.28,-97.6,-48.8,-117.12,-117.12,-87.84
-24.4,-58.56,-34.16,43.92,4.88,-48.8,-29.28,-87.84,-48.8,-107.36,-117.12,-87.84
-29.28,-58.56,-29.28,43.92,0,-43.92,-29.28,-87.84,-48.8,-107.36,-117.12,-87.84
-34.16,-58.56,-24.4,48.8,-4.88,-43.92,-29.28,-87.84,-48.8,-107.36,-117.12,-87.84
-39.04,-58.56,-19.52,48.8,-9.76,-39.04,-29.28,-87.84,-48.8,-107.36,-117.12,-87.84
-29.28,-68.32,-39.04,48.8,4.88,-53.68,-29.28,-97.6,-39.04,-107.36,-107.36,-97.6
-19.52,-63.44,-43.92,43.92,9.76,-53.68,-29.28,-97.6,-34.16,-107.36,-107.36,-97.6
-19.52,-63.44,-43.92,43.92,9.76,-53.68,-29.28,-92.72,-34.16,-107.36,-102.48,-97.6
-34.16,-63.44,-29.28,48.8,-4.88,-48.8,-24.4,-92.72,-34.16,-107.36,-102.48,-97.6
-34.16,-63.44,-29.28,48.8,-4.88,-48.8,-24.4,-97.6,-39.04,-117.12,-117.12,-87.84
-19.52,-63.44,-43.92,43.92,9.76,-53.68,-24.4,-97.6,-43.92,-117.12,-117.12,-87.84
-19.52,-63.44,-43.92,43.92,9.76,-53.68,-24.4,-97.6,-43.92,-117.12,-117.12,-82.96
-19.52,-63.44,-43.92,43.92,9.76,-53.68,-14.64,-92.72,-48.8,-117.12,-117.12,-82.96
-29.28,-53.68,-24.4,43.92,-4.88,-39.04,-14.64,-82.96,-39.04,-117.12,-107.36,-82.96
-29.28,-53.68,-24.4,43.92,-4.88,-39.04,-9.76,-73.2,-34.16,-112.24,-102.48,-82.96
-29.28,-48.8,-19.52,39.04,-4.88,-34.16,-4.88,-73.2,-34.16,-112.24,-102.48,-82.96
-24.4,-48.8,-24.4,39.04,0,-39.04,-4.88,-73.2,-34.16,-107.36,-97.6,-82.96
-34.16,-43.92,-9.76,39.04,-14.64,-29.28,4.88,-68.32,-24.4,-97.6,-92.72,-87.84
-34.16,-39.04,-4.88,39.04,-14.64,-24.4,14.64,-68.32,-19.52,-92.72,-78.08,-87.84
-34.16,-29.28,4.88,34.16,-19.52,-14.64,14.64,-73.2,-14.64,-82.96,-68.32,-82.96
-29.28,-24.4,4.88,29.28,-19.52,-9.76,14.64,-68.32,-4.88,-78.08,-63.44,-82.96
-29.28,-14.64,14.64,24.4,-24.4,0,24.4,-53.68,0,-82.96,-63.44,-73.2
-19.52,-9.76,9.76,14.64,-14.64,0,24.4,-48.8,4.88,-82.96,-58.56,-73.2
-14.64,-4.88,9.76,9.76,-14.64,0,24.4,-48.8,4.88,-82.96,-58.56,-73.2
-14.64,0,14.64,9.76,-14.64,4.88,29.28,-48.8,4.88,-82.96,-48.8,-73.2
-19.52,14.64,34.16,4.88,-29.28,24.4,34.16,-39.04,19.52,-68.32,-34.16,-63.44
-14.64,24.4,39.04,-4.88,-29.28,29.28,39.04,-34.16,24.4,-58.56,-34.16,-53.68
-9.76,34.16,43.92,-9.76,-29.28,39.04,39.04,-34.16,24.4,-58.56,-34.16,-53.68
9.76,43.92,34.16,-24.4,-14.64,39.04,39.04,-34.16,24.4,-58.56,-34.16,-53.68
9.76,39.04,29.28,-24.4,-9.76,34.16,29.28,-43.92,24.4,-63.44,-39.04,-63.44
9.76,48.8,39.04,-29.28,-14.64,43.92,24.4,-34.16,34.16,-53.68,-34.16,-53.68
0,48.8,48.8,-24.4,-24.4,48.8,19.52,-34.16,34.16,-53.68,-34.16,-53.68
9.76,48.8,39.04,-29.28,-14.64,43.92,14.64,-43.92,34.16,-53.68,-34.16,-53.68
4.88,39.04,34.16,-19.52,-14.64,34.16,-9.76,-78.08,14.64,-73.2,-48.8,-68.32
0,39.04,39.04,-19.52,-19.52,39.04,-29.28,-87.84,0,-78.08,-53.68,-68.32
-4.88,48.8,53.68,-19.52,-29.28,48.8,-43.92,-92.72,0,-78.08,-53.68,-68.32
-4.88,58.56,63.44,-24.4,-34.16,58.56,-43.92,-92.72,4.88,-78.08,-48.8,-63.44
0,58.56,58.56,-29.28,-29.28,58.56,-34.16,-78.08,9.76,-73.2,-43.92,-48.8
9.76,58.56,48.8,-34.16,-19.52,53.68,-39.04,-78.08,14.64,-68.32,-34.16,-48.8
19.52,58.56,39.04,-39.04,-9.76,48.8,-43.92,-78.08,19.52,-58.56,-29.28,-43.92
19.52,63.44,43.92,-39.04,-14.64,53.68,-48.8,-78.08,29.28,-43.92,-14.64,-39.04
29.28,68.32,39.04,-48.8,-4.88,53.68,-58.56,-87.84,19.52,-48.8,-29.28,-39.04
19.52,73.2,53.68,-43.92,-19.52,63.44,-53.68,-87.84,19.52,-53.68,-29.28,-34.16
29.28,73.2,43.92,-48.8,-9.76,58.56,-53.68,-92.72,19.52,-58.56,-34.16,-34.16
29.28,63.44,34.16,-43.92,-4.88,48.8,-58.56,-92.72,14.64,-73.2,-53.68,-43.92
19.52,58.56,39.04,-39.04,-9.76,48.8,-58.56,-92.72,9.76,-73.2,-53.68,-48.8
14.64,53.68,39.04,-34.16,-14.64,43.92,-58.56,-92.72,4.88,-73.2,-53.68,-48.8
14.64,48.8,34.16,-29.28,-9.76,39.04,-58.56,-92.72,4.88,-73.2,-53.68,-43.92
24.4,48.8,24.4,-34.16,0,34.16,-58.56,-92.72,4.88,-73.2,-53.68,-43.92
24.4,39.04,14.64,-29.28,4.88,24.4,-48.8,-92.72,4.88,-73.2,-63.44,-43.92
14.64,24.4,9.76,-19.52,0,14.64,-48.8,-92.72,4.88,-78.08,-63.44,-43.92
14.64,14.64,0,-14.64,4.88,4.88,-48.8,-97.6,0,-82.96,-68.32,-43.92
14.64,4.88,-9.76,-9.76,9.76,-4.88,-58.56,-107.36,-14.64,-92.72,-78.08,-48.8
34.16,-4.88,-39.04,-14.64,34.16,-24.4,-68.32,-117.12,-14.64,-82.96,-87.84,-53.68
24.4,-19.52,-43.92,0,34.16,-34.16,-63.44,-112.24,-14.64,-87.84,-92.72,-63.44
19.52,-24.4,-43.92,4.88,29.28,-34.16,-63.44,-112.24,-19.52,-92.72,-92.72,-73.2
19.52,-29.28,-48.8,4.88,34.16,-39.04,-58.56,-107.36,-19.52,-97.6,-102.48,-82.96
4.88,-43.92,-48.8,19.52,24.4,-48.8,-58.56,-117.12,-34.16,-102.48,-112.24,-78.08
-4.88,-48.8,-43.92,29.28,19.52,-48.8,-53.68,-126.88,-39.04,-107.36,-117.12,-78.08
-14.64,-48.8,-34.16,34.16,9.76,-43.92,-53.68,-131.76,-43.92,-117.12,-126.88,-82.96
-14.64,-48.8,-34.16,34.16,9.76,-43.92,-48.8,-131.76,-48.8,-126.88,-126.88,-78.08
-14.64,-43.92,-29.28,29.28,4.88,-39.04,-48.8,-131.76,-39.04,-141.52,-131.76,-82.96
-14.64,-43.92,-29.28,29.28,4.88,-39.04,-48.8,-131.76,-39.04,-141.52,-131.76,-87.84
-14.64,-43.92,-29.28,29.28,4.88,-39.04,-48.8,-131.76,-39.04,-146.4,-141.52,-92.72
-14.64,-53.68,-39.04,34.16,9.76,-48.8,-48.8,-141.52,-48.8,-151.28,-151.28,-102.48
-24.4,-73.2,-48.8,48.8,9.76,-63.44,-48.8,-131.76,-39.04,-146.4,-151.28,-117.12
-29.28,-73.2,-43.92,53.68,4.88,-58.56,-48.8,-131.76,-48.8,-151.28,-156.16,-122
-43.92,-73.2,-29.28,58.56,-9.76,-53.68,-48.8,-136.64,-48.8,-156.16,-156.16,-126.88
-53.68,-78.08,-24.4,68.32,-14.64,-53.68,-48.8,-141.52,-53.68,-161.04,-161.04,-131.76
-43.92,-82.96,-39.04,63.44,-4.88,-63.44,-48.8,-141.52,-68.32,-175.68,-161.04,-122
-43.92,-87.84,-43.92,68.32,0,-68.32,-48.8,-146.4,-73.2,-175.68,-165.92,-122
-43.92,-87.84,-43.92,68.32,0,-68.32,-48.8,-146.4,-73.2,-175.68,-165.92,-126.88
-39.04,-87.84,-48.8,63.44,4.88,-68.32,-48.8,-146.4,-73.2,-170.8,-170.8,-126.88
-48.8,-87.84,-39.04,68.32,-4.88,-63.44,-53.68,-151.28,-68.32,-180.56,-175.68,-136.64
-53.68,-92.72,-39.04,73.2,-9.76,-68.32,-53.68,-146.4,-68.32,-175.68,-175.68,-136.64
-53.68,-92.72,-39.04,73.2,-9.76,-68.32,-53.68,-146.4,-68.32,-175.68,-180.56,-136.64
-53.68,-92.72,-39.04,73.2,-9.76,-68.32,-53.68,-146.4,-68.32,-175.68,-185.44,-136.64
-48.8,-82.96,-34.16,68.32,-9.76,-58.56,-53.68,-156.16,-78.08,-180.56,-190.32,-146.4
-48.8,-82.96,-34.16,68.32,-9.76,-58.56,-53.68,-156.16,-78.08,-180.56,-190.32,-146.4
-63.44,-82.96,-19.52,73.2,-24.4,-53.68,-53.68,-156.16,-78.08,-180.56,-190.32,-146.4
-73.2,-82.96,-9.76,78.08,-34.16,-48.8,-48.8,-156.16,-78.08,-180.56,-190.32,-146.4
-53.68,-82.96,-29.28,68.32,-14.64,-58.56,-48.8,-156.16,-78.08,-190.32,-185.44,-146.4
-53.68,-87.84,-34.16,73.2,-9.76,-63.44,-48.8,-156.16,-78.08,-190.32,-185.44,-151.28
-58.56,-87.84,-29.28,73.2,-14.64,-58.56,-43.92,-146.4,-78.08,-185.44,-180.56,-151.28
-58.56,-87.84,-29.28,73.2,-14.64,-58.56,-39.04,-141.52,-78.08,-185.44,-180.56,-156.16
-19.52,-87.84,-68.32,53.68,24.4,-78.08,-48.8,-136.64,-78.08,-190.32,-200.08,-156.16
-19.52,-107.36,-87.84,63.44,34.16,-97.6,-34.16,-122,-68.32,-180.56,-200.08,-156.16
-48.8,-107.36,-58.56,78.08,4.88,-82.96,-14.64,-97.6,-53.68,-180.56,-200.08,-165.92
-58.56,-107.36,-48.8,82.96,-4.88,-78.08,19.52,-63.44,-14.64,-161.04,-185.44,-161.04
-58.56,-107.36,-48.8,82.96,-4.88,-78.08,63.44,14.64,29.28,-126.88,-175.68,-170.8
-58.56,-117.12,-58.56,87.84,0,-87.84,107.36,112.24,92.72,-102.48,-175.68,-180.56
-53.68,-117.12,-63.44,87.84,4.88,-92.72,156.16,258.64,209.84,-24.4,-122,-170.8
-9.76,-107.36,-97.6,58.56,43.92,-102.48,229.36,419.68,341.6,82.96,-53.68,-131.76
29.28,-87.84,-117.12,29.28,73.2,-102.48,258.64,483.12,419.68,156.16,-4.88,-87.84
48.8,-73.2,-122,14.64,82.96,-97.6,239.12,395.28,429.44,219.6,73.2,-34.16
102.48,-63.44,-165.92,-19.52,131.76,-117.12,224.48,278.16,429.44,317.2,175.68,29.28
175.68,-29.28,-204.96,-73.2,190.32,-117.12,200.08,185.44,488,448.96,317.2,122
248.88,53.68,-195.2,-151.28,219.6,-73.2,102.48,43.92,561.2,644.16,527.04,283.04
366,156.16,-209.84,-258.64,287.92,-29.28,-63.44,-156.16,624.64,863.76,780.8,488
492.88,248.88,-244,-370.88,366,0,-253.76,-346.48,658.8,1083.36,1019.92,683.2
575.84,361.12,-214.72,-468.48,395.28,73.2,-473.36,-541.68,678.32,1249.28,1220,849.12
673.44,463.6,-209.84,-566.08,439.2,126.88,-736.88,-766.16,644.16,1385.92,1410.32,1019.92
775.92,546.56,-229.36,-658.8,502.64,156.16,-1005.28,-995.52,605.12,1483.52,1571.36,1166.32
785.68,629.52,-156.16,-707.6,468.48,234.24,-1195.6,-1180.96,527.04,1507.92,1615.28,1239.52
702.72,722.24,19.52,-712.48,341.6,370.88,-1278.56,-1342,424.56,1420.08,1566.48,1254.16
561.2,771.04,209.84,-663.68,175.68,488,-1307.84,-1512.8,273.28,1234.64,1439.6,1210.24
405.04,736.88,331.84,-570.96,34.16,531.92,-1337.12,-1644.56,82.96,951.6,1220,1098
307.44,663.68,356.24,-483.12,-24.4,507.52,-1346.88,-1722.64,-156.16,605.12,897.92,917.44
244,536.8,292.8,-390.4,-24.4,414.8,-1322.48,-1747.04,-458.72,170.8,502.64,678.32
141.52,429.44,287.92,-283.04,-73.2,356.24,-1259.04,-1737.28,-712.48,-209.84,165.92,478.24
24.4,366,341.6,-195.2,-161.04,351.36,-1190.72,-1698.24,-849.12,-419.68,-4.88,336.72
-9.76,312.32,322.08,-151.28,-165.92,317.2,-1112.64,-1576.24,-883.28,-502.64,-102.48,234.24
-9.76,248.88,258.64,-117.12,-136.64,253.76,-1015.04,-1405.44,-819.84,-517.28,-161.04,131.76
-14.64,175.68,190.32,-78.08,-102.48,180.56,-888.16,-1205.36,-692.96,-473.36,-190.32,68.32
-14.64,112.24,126.88,-48.8,-73.2,117.12,-761.28,-1019.92,-570.96,-429.44,-190.32,14.64
14.64,82.96,68.32,-48.8,-29.28,73.2,-653.92,-854,-483.12,-385.52,-195.2,-24.4
19.52,58.56,39.04,-39.04,-9.76,48.8,-556.32,-736.88,-409.92,-351.36,-195.2,-48.8
0,43.92,43.92,-19.52,-24.4,43.92,-463.6,-639.28,-356.24,-322.08,-185.44,-63.44
0,29.28,29.28,-14.64,-14.64,29.28,-380.64,-527.04,-302.56,-287.92,-175.68,-63.44
4.88,24.4,19.52,-14.64,-9.76,19.52,-302.56,-434.32,-248.88,-248.88,-161.04,-58.56
-14.64,14.64,29.28,0,-24.4,19.52,-244,-375.76,-209.84,-219.6,-170.8,-73.2
-14.64,14.64,29.28,0,-24.4,19.52,-195.2,-317.2,-185.44,-209.84,-170.8,-92.72
-4.88,-4.88,0,4.88,-4.88,-4.88,-141.52,-239.12,-141.52,-185.44,-161.04,-92.72
-24.4,-19.52,4.88,24.4,-14.64,-9.76,-112.24,-180.56,-87.84,-161.04,-151.28,-102.48
-29.28,-24.4,4.88,29.28,-19.52,-9.76,-78.08,-131.76,-39.04,-131.76,-131.76,-102.48
-19.52,-34.16,-14.64,29.28,-4.88,-24.4,-53.68,-82.96,-4.88,-112.24,-112.24,-97.6
-4.88,-48.8,-43.92,29.28,19.52,-48.8,-29.28,-63.44,9.76,-112.24,-136.64,-117.12
-9.76,-48.8,-39.04,29.28,14.64,-43.92,-14.64,-48.8,9.76,-117.12,-146.4,-136.64
9.76,-39.04,-48.8,14.64,29.28,-43.92,-14.64,-39.04,4.88,-107.36,-151.28,-131.76
9.76,-39.04,-48.8,14.64,29.28,-43.92,-9.76,-29.28,0,-112.24,-156.16,-141.52
9.76,-48.8,-58.56,19.52,34.16,-53.68,0,-24.4,-4.88,-112.24,-156.16,-146.4
-4.88,-48.8,-43.92,29.28,19.52,-48.8,9.76,-19.52,-4.88,-112.24,-161.04,-146.4
-4.88,-48.8,-43.92,29.28,19.52,-48.8,14.64,-19.52,0,-112.24,-151.28,-151.28
-9.76,-58.56,-48.8,34.16,19.52,-53.68,19.52,-19.52,4.88,-112.24,-151.28,-151.28
-19.52,-63.44,-43.92,43.92,9.76,-53.68,19.52,-9.76,14.64,-112.24,-151.28,-156.16
-19.52,-68.32,-48.8,43.92,14.64,-58.56,24.4,-4.88,29.28,-102.48,-151.28,-156.16
-14.64,-68.32,-53.68,43.92,19.52,-63.44,39.04,9.76,29.28,-97.6,-136.64,-161.04
-14.64,-68.32,-53.68,43.92,19.52,-63.44,39.04,24.4,34.16,-92.72,-136.64,-156.16
-4.88,-68.32,-63.44,39.04,29.28,-68.32,43.92,34.16,34.16,-92.72,-131.76,-156.16
0,-63.44,-63.44,34.16,29.28,-63.44,53.68,39.04,34.16,-92.72,-131.76,-156.16
0,-63.44,-63.44,34.16,29.28,-63.44,48.8,34.16,24.4,-92.72,-146.4,-161.04
-19.52,-63.44,-43.92,43.92,9.76,-53.68,48.8,39.04,24.4,-92.72,-146.4,-161.04
-19.52,-63.44,-43.92,43.92,9.76,-53.68,48.8,39.04,29.28,-82.96,-141.52,-165.92
-19.52,-63.44,-43.92,43.92,9.76,-53.68,53.68,39.04,39.04,-82.96,-136.64,-170.8
-9.76,-53.68,-43.92,34.16,14.64,-48.8,43.92,39.04,34.16,-87.84,-151.28,-175.68
-9.76,-48.8,-39.04,29.28,14.64,-43.92,43.92,43.92,34.16,-92.72,-156.16,-175.68
0,-43.92,-43.92,24.4,19.52,-43.92,43.92,53.68,34.16,-87.84,-161.04,-180.56
4.88,-43.92,-48.8,19.52,24.4,-48.8,43.92,58.56,34.16,-82.96,-165.92,-185.44
19.52,-48.8,-68.32,14.64,43.92,-58.56,43.92,63.44,39.04,-92.72,-165.92,-190.32
19.52,-48.8,-68.32,14.64,43.92,-58.56,48.8,68.32,39.04,-82.96,-161.04,-190.32
14.64,-48.8,-63.44,19.52,39.04,-58.56,48.8,68.32,43.92,-82.96,-161.04,-190.32
14.64,-48.8,-63.44,19.52,39.04,-58.56,48.8,68.32,43.92,-87.84,-165.92,-195.2
4.88,-48.8,-53.68,24.4,29.28,-53.68,43.92,63.44,34.16,-87.84,-170.8,-190.32
0,-43.92,-43.92,24.4,19.52,-43.92,48.8,63.44,39.04,-82.96,-175.68,-190.32
0,-43.92,-43.92,24.4,19.52,-43.92,48.8,73.2,39.04,-82.96,-175.68,-185.44
0,-43.92,-43.92,24.4,19.52,-43.92,48.8,73.2,48.8,-82.96,-175.68,-180.56
0,-43.92,-43.92,24.4,19.52,-43.92,53.68,82.96,48.8,-73.2,-165.92,-175.68
0,-43.92,-43.92,24.4,19.52,-43.92,58.56,92.72,58.56,-73.2,-161.04,-165.92
0,-39.04,-39.04,19.52,19.52,-39.04,63.44,97.6,68.32,-63.44,-161.04,-165.92
4.88,-39.04,-43.92,19.52,24.4,-43.92,68.32,102.48,68.32,-58.56,-161.04,-165.92
24.4,-34.16,-58.56,4.88,39.04,-48.8,58.56,107.36,68.32,-48.8,-151.28,-170.8
9.76,-34.16,-43.92,14.64,24.4,-39.04,63.44,112.24,78.08,-48.8,-146.4,-161.04
9.76,-34.16,-43.92,14.64,24.4,-39.04,63.44,112.24,82.96,-48.8,-146.4,-170.8
9.76,-34.16,-43.92,14.64,24.4,-39.04,63.44,112.24,87.84,-43.92,-141.52,-170.8
0,-43.92,-43.92,24.4,19.52,-43.92,68.32,112.24,92.72,-39.04,-136.64,-165.92
0,-43.92,-43.92,24.4,19.52,-43.92,73.2,117.12,92.72,-34.16,-131.76,-161.04
9.76,-39.04,-48.8,14.64,29.28,-43.92,78.08,122,92.72,-34.16,-131.76,-151.28
14.64,-39.04,-53.68,14.64,34.16,-48.8,82.96,126.88,97.6,-29.28,-131.76,-146.4
4.88,-29.28,-34.16,14.64,19.52,-34.16,78.08,131.76,92.72,-29.28,-141.52,-151.28
9.76,-29.28,-39.04,9.76,24.4,-34.16,78.08,136.64,97.6,-34.16,-136.64,-146.4
9.76,-29.28,-39.04,9.76,24.4,-34.16,73.2,141.52,92.72,-34.16,-136.64,-146.4
4.88,-24.4,-29.28,9.76,14.64,-29.28,68.32,141.52,87.84,-34.16,-136.64,-146.4
14.64,-14.64,-29.28,0,19.52,-24.4,82.96,161.04,97.6,-24.4,-136.64,-146.4
14.64,-14.64,-29.28,0,19.52,-24.4,82.96,165.92,102.48,-24.4,-126.88,-146.4
19.52,-9.76,-29.28,-4.88,24.4,-19.52,82.96,170.8,107.36,-19.52,-126.88,-146.4
19.52,-9.76,-29.28,-4.88,24.4,-19.52,82.96,180.56,117.12,-14.64,-112.24,-141.52
19.52,-4.88,-24.4,-4.88,19.52,-14.64,82.96,175.68,122,-14.64,-97.6,-141.52
9.76,-9.76,-19.52,0,14.64,-14.64,87.84,180.56,122,-9.76,-92.72,-136.64
9.76,-14.64,-24.4,4.88,14.64,-19.52,92.72,185.44,122,-4.88,-87.84,-126.88
14.64,-14.64,-29.28,0,19.52,-24.4,92.72,190.32,117.12,0,-87.84,-126.88
24.4,-14.64,-39.04,-4.88,29.28,-29.28,92.72,209.84,126.88,0,-82.96,-131.76
29.28,-14.64,-43.92,-4.88,34.16,-29.28,92.72,214.72,136.64,9.76,-78.08,-131.76
29.28,-14.64,-43.92,-4.88,34.16,-29.28,92.72,224.48,141.52,14.64,-73.2,-122
29.28,-14.64,-43.92,-4.88,34.16,-29.28,92.72,229.36,146.4,14.64,-68.32,-122
19.52,0,-19.52,-9.76,19.52,-9.76,92.72,224.48,156.16,24.4,-58.56,-112.24
19.52,0,-19.52,-9.76,19.52,-9.76,97.6,229.36,170.8,34.16,-48.8,-112.24
29.28,4.88,-24.4,-14.64,24.4,-9.76,97.6,239.12,175.68,43.92,-43.92,-107.36
29.28,4.88,-24.4,-14.64,24.4,-9.76,97.6,248.88,190.32,53.68,-39.04,-107.36
19.52,0,-19.52,-9.76,19.52,-9.76,102.48,258.64,185.44,48.8,-43.92,-102.48
19.52,0,-19.52,-9.76,19.52,-9.76,102.48,268.4,190.32,58.56,-43.92,-97.6
19.52,4.88,-14.64,-9.76,14.64,-4.88,107.36,278.16,195.2,58.56,-34.16,-92.72
29.28,9.76,-19.52,-19.52,24.4,-4.88,112.24,287.92,200.08,68.32,-29.28,-92.72
43.92,19.52,-24.4,-29.28,34.16,-4.88,102.48,297.68,209.84,63.44,-34.16,-92.72
48.8,24.4,-24.4,-34.16,34.16,0,107.36,307.44,214.72,73.2,-24.4,-87.84
53.68,24.4,-29.28,-39.04,39.04,-4.88,112.24,317.2,219.6,82.96,-14.64,-78.08
63.44,19.52,-43.92,-39.04,53.68,-14.64,112.24,326.96,214.72,87.84,-9.76,-78.08
58.56,9.76,-48.8,-34.16,53.68,-19.52,107.36,356.24,239.12,102.48,-4.88,-78.08
58.56,19.52,-39.04,-39.04,48.8,-9.76,107.36,356.24,248.88,107.36,4.88,-73.2
58.56,19.52,-39.04,-39.04,48.8,-9.76,117.12,366,263.52,117.12,19.52,-63.44
68.32,19.52,-48.8,-43.92,58.56,-14.64,126.88,375.76,273.28,122,24.4,-63.44
68.32,39.04,-29.28,-53.68,48.8,4.88,126.88,375.76,273.28,141.52,39.04,-53.68
68.32,43.92,-24.4,-53.68,43.92,9.76,136.64,390.4,287.92,146.4,48.8,-48.8
68.32,43.92,-24.4,-53.68,43.92,9.76,136.64,409.92,297.68,161.04,68.32,-43.92
73.2,43.92,-29.28,-58.56,48.8,4.88,136.64,424.56,307.44,170.8,82.96,-39.04
73.2,58.56,-14.64,-63.44,43.92,19.52,136.64,419.68,312.32,170.8,82.96,-29.28
82.96,58.56,-24.4,-68.32,53.68,14.64,136.64,439.2,317.2,175.68,82.96,-19.52
87.84,63.44,-24.4,-73.2,53.68,19.52,141.52,448.96,322.08,175.68,87.84,-9.76
87.84,63.44,-24.4,-73.2,53.68,19.52,141.52,463.6,326.96,180.56,87.84,4.88
87.84,63.44,-24.4,-73.2,53.68,19.52,141.52,483.12,346.48,195.2,92.72,9.76
97.6,63.44,-34.16,-78.08,63.44,14.64,146.4,492.88,361.12,204.96,102.48,9.76
102.48,68.32,-34.16,-82.96,68.32,14.64,151.28,507.52,370.88,214.72,117.12,14.64
102.48,73.2,-29.28,-87.84,63.44,19.52,156.16,517.28,380.64,224.48,122,19.52
102.48,87.84,-14.64,-92.72,58.56,34.16,156.16,527.04,390.4,239.12,117.12,24.4
112.24,92.72,-19.52,-102.48,63.44,34.16,156.16,546.56,405.04,248.88,126.88,34.16
112.24,97.6,-14.64,-102.48,63.44,39.04,156.16,551.44,414.8,258.64,126.88,39.04
126.88,102.48,-24.4,-112.24,73.2,39.04,161.04,556.32,424.56,268.4,131.76,43.92
117.12,117.12,0,-117.12,58.56,58.56,170.8,580.72,439.2,283.04,141.52,63.44
112.24,126.88,14.64,-117.12,48.8,68.32,170.8,590.48,448.96,297.68,156.16,68.32
112.24,131.76,19.52,-122,43.92,73.2,170.8,600.24,453.84,307.44,165.92,73.2
126.88,136.64,9.76,-131.76,58.56,73.2,175.68,614.88,463.6,322.08,180.56,87.84
131.76,131.76,0,-131.76,63.44,63.44,165.92,614.88,473.36,331.84,195.2,87.84
136.64,136.64,0,-136.64,68.32,68.32,161.04,614.88,478.24,341.6,195.2,97.6
136.64,136.64,0,-136.64,68.32,68.32,161.04,614.88,488,351.36,200.08,107.36
136.64,146.4,9.76,-141.52,63.44,78.08,161.04,614.88,497.76,361.12,209.84,112.24
136.64,151.28,14.64,-141.52,58.56,82.96,165.92,619.76,507.52,380.64,214.72,122
146.4,156.16,9.76,-151.28,68.32,82.96,165.92,624.64,507.52,385.52,219.6,131.76
146.4,161.04,14.64,-151.28,63.44,87.84,165.92,629.52,517.28,395.28,234.24,136.64
146.4,161.04,14.64,-151.28,63.44,87.84,165.92,639.28,522.16,405.04,244,146.4
146.4,175.68,29.28,-161.04,58.56,102.48,165.92,649.04,536.8,405.04,248.88,151.28
156.16,175.68,19.52,-165.92,68.32,97.6,165.92,653.92,536.8,409.92,253.76,170.8
156.16,175.68,19.52,-165.92,68.32,97.6,165.92,653.92,536.8,414.8,263.52,175.68
141.52,175.68,34.16,-156.16,53.68,102.48,161.04,644.16,536.8,414.8,268.4,180.56
151.28,180.56,29.28,-165.92,58.56,102.48,161.04,639.28,527.04,419.68,283.04,180.56
156.16,190.32,34.16,-170.8,58.56,112.24,156.16,629.52,527.04,419.68,283.04,180.56
156.16,190.32,34.16,-170.8,58.56,112.24,151.28,619.76,527.04,419.68,283.04,180.56
156.16,190.32,34.16,-170.8,58.56,112.24,151.28,600.24,527.04,419.68,283.04,190.32
165.92,195.2,29.28,-180.56,68.32,112.24,146.4,595.36,517.28,424.56,287.92,204.96
165.92,195.2,29.28,-180.56,68.32,112.24,136.64,585.6,507.52,424.56,287.92,204.96
165.92,195.2,29.28,-180.56,68.32,112.24,126.88,566.08,502.64,419.68,287.92,204.96
165.92,195.2,29.28,-180.56,68.32,112.24,117.12,541.68,488,419.68,287.92,204.96
165.92,185.44,19.52,-175.68,73.2,102.48,112.24,522.16,473.36,409.92,307.44,214.72
161.04,180.56,19.52,-170.8,68.32,97.6,97.6,502.64,458.72,405.04,312.32,209.84
161.04,180.56,19.52,-170.8,68.32,97.6,97.6,478.24,439.2,400.16,302.56,209.84
161.04,180.56,19.52,-170.8,68.32,97.6,82.96,448.96,424.56,395.28,307.44,209.84
161.04,165.92,4.88,-161.04,78.08,82.96,68.32,419.68,400.16,370.88,287.92,200.08
156.16,161.04,4.88,-156.16,73.2,82.96,58.56,400.16,385.52,361.12,278.16,195.2
146.4,156.16,9.76,-151.28,68.32,82.96,53.68,370.88,361.12,351.36,278.16,190.32
141.52,151.28,9.76,-146.4,63.44,78.08,43.92,346.48,336.72,331.84,268.4,185.44
126.88,151.28,24.4,-136.64,48.8,87.84,39.04,317.2,302.56,312.32,244,165.92
122,141.52,19.52,-131.76,48.8,78.08,34.16,283.04,283.04,292.8,219.6,156.16
117.12,131.76,14.64,-122,48.8,73.2,29.28,263.52,258.64,268.4,195.2,146.4
107.36,131.76,24.4,-117.12,39.04,78.08,24.4,229.36,224.48,234.24,175.68,126.88
82.96,112.24,29.28,-97.6,24.4,68.32,24.4,195.2,195.2,224.48,165.92,122
78.08,102.48,24.4,-87.84,24.4,63.44,24.4,165.92,165.92,195.2,156.16,107.36
63.44,87.84,24.4,-73.2,19.52,53.68,9.76,136.64,136.64,170.8,141.52,97.6
58.56,82.96,24.4,-68.32,14.64,53.68,4.88,122,107.36,146.4,131.76,87.84
68.32,63.44,-4.88,-63.44,34.16,29.28,-9.76,87.84,78.08,112.24,107.36,92.72
58.56,58.56,0,-58.56,29.28,29.28,-14.64,68.32,48.8,92.72,82.96,73.2
48.8,43.92,-4.88,-43.92,24.4,19.52,-19.52,58.56,24.4,68.32,58.56,58.56
39.04,39.04,0,-39.04,19.52,19.52,-24.4,39.04,0,43.92,29.28,53.68
43.92,43.92,0,-43.92,19.52,19.52,-29.28,9.76,-24.4,19.52,4.88,39.04
39.04,39.04,0,-39.04,19.52,19.52,-34.16,-9.76,-43.92,0,-9.76,24.4
39.04,34.16,-4.88,-34.16,19.52,14.64,-39.04,-34.16,-68.32,-19.52,-24.4,9.76
29.28,19.52,-9.76,-24.4,19.52,4.88,-39.04,-48.8,-82.96,-34.16,-29.28,-4.88
19.52,4.88,-14.64,-9.76,14.64,-4.88,-39.04,-48.8,-92.72,-43.92,-34.16,-4.88
19.52,0,-19.52,-9.76,19.52,-9.76,-43.92,-58.56,-107.36,-48.8,-43.92,-4.88
19.52,-4.88,-24.4,-4.88,19.52,-14.64,-43.92,-68.32,-122,-58.56,-34.16,0
9.76,-9.76,-19.52,0,14.64,-14.64,-43.92,-82.96,-131.76,-58.56,-34.16,-4.88
9.76,-24.4,-34.16,9.76,19.52,-29.28,-34.16,-78.08,-141.52,-73.2,-53.68,-9.76
0,-24.4,-24.4,14.64,9.76,-24.4,-34.16,-92.72,-151.28,-82.96,-63.44,-9.76
-4.88,-29.28,-24.4,19.52,9.76,-29.28,-39.04,-102.48,-161.04,-92.72,-63.44,-14.64
-4.88,-29.28,-24.4,19.52,9.76,-29.28,-39.04,-102.48,-165.92,-102.48,-78.08,-24.4
-4.88,-24.4,-19.52,14.64,4.88,-24.4,-39.04,-112.24,-175.68,-117.12,-82.96,-19.52
-4.88,-29.28,-24.4,19.52,9.76,-29.28,-39.04,-122,-185.44,-122,-87.84,-24.4
-4.88,-39.04,-34.16,24.4,14.64,-39.04,-43.92,-126.88,-204.96,-136.64,-97.6,-29.28
-4.88,-43.92,-39.04,24.4,14.64,-43.92,-43.92,-141.52,-219.6,-141.52,-97.6,-29.28
4.88,-53.68,-58.56,24.4,29.28,-58.56,-43.92,-151.28,-219.6,-151.28,-87.84,-29.28
4.88,-48.8,-53.68,24.4,29.28,-53.68,-39.04,-146.4,-224.48,-151.28,-92.72,-29.28
-4.88,-48.8,-43.92,29.28,19.52,-48.8,-29.28,-146.4,-229.36,-151.28,-92.72,-34.16
-4.88,-53.68,-48.8,29.28,19.52,-53.68,-29.28,-151.28,-229.36,-151.28,-92.72,-39.04
-14.64,-53.68,-39.04,34.16,9.76,-48.8,-34.16,-151.28,-239.12,-156.16,-102.48,-39.04
-19.52,-58.56,-39.04,39.04,9.76,-48.8,-39.04,-156.16,-239.12,-161.04,-102.48,-39.04
-19.52,-58.56,-39.04,39.04,9.76,-48.8,-43.92,-156.16,-239.12,-165.92,-102.48,-43.92
-19.52,-58.56,-39.04,39.04,9.76,-48.8,-48.8,-161.04,-248.88,-165.92,-112.24,-43.92
-14.64,-58.56,-43.92,39.04,14.64,-53.68,-48.8,-151.28,-253.76,-175.68,-126.88,-43.92
-14.64,-58.56,-43.92,39.04,14.64,-53.68,-43.92,-151.28,-258.64,-180.56,-131.76,-43.92
-9.76,-58.56,-48.8,34.16,19.52,-53.68,-43.92,-151.28,-263.52,-180.56,-131.76,-43.92
-9.76,-58.56,-48.8,34.16,19.52,-53.68,-43.92,-151.28,-278.16,-185.44,-141.52,-48.8
-9.76,-63.44,-53.68,39.04,19.52,-58.56,-53.68,-161.04,-268.4,-185.44,-131.76,-39.04
-9.76,-63.44,-53.68,39.04,19.52,-58.56,-53.68,-165.92,-268.4,-185.44,-126.88,-39.04
-9.76,-63.44,-53.68,39.04,19.52,-58.56,-53.68,-165.92,-268.4,-185.44,-122,-39.04
-14.64,-63.44,-48.8,39.04,14.64,-58.56,-53.68,-165.92,-268.4,-190.32,-117.12,-39.04
-19.52,-58.56,-39.04,39.04,9.76,-48.8,-43.92,-156.16,-278.16,-185.44,-126.88,-29.28
-14.64,-58.56,-43.92,39.04,14.64,-53.68,-43.92,-156.16,-278.16,-185.44,-131.76,-29.28
-34.16,-58.56,-24.4,48.8,-4.88,-43.92,-43.92,-161.04,-278.16,-185.44,-141.52,-29.28
-39.04,-58.56,-19.52,48.8,-9.76,-39.04,-43.92,-161.04,-278.16,-185.44,-131.76,-29.28
-34.16,-58.56,-24.4,48.8,-4.88,-43.92,-43.92,-165.92,-278.16,-195.2,-131.76,-29.28
-29.28,-58.56,-29.28,43.92,0,-43.92,-39.04,-165.92,-283.04,-190.32,-136.64,-29.28
-24.4,-58.56,-34.16,43.92,4.88,-48.8,-39.04,-165.92,-283.04,-190.32,-146.4,-29.28
-24.4,-58.56,-34.16,43.92,4.88,-48.8,-43.92,-161.04,-283.04,-190.32,-151.28,-29.28
-24.4,-58.56,-34.16,43.92,4.88,-48.8,-43.92,-161.04,-292.8,-190.32,-151.28,-29.28
-24.4,-58.56,-34.16,43.92,4.88,-48.8,-43.92,-161.04,-292.8,-190.32,-151.28,-29.28
-24.4,-58.56,-34.16,43.92,4.88,-48.8,-43.92,-161.04,-292.8,-195.2,-156.16,-29.28
-24.4,-58.56,-34.16,43.92,4.88,-48.8,-43.92,-170.8,-287.92,-195.2,-156.16,-29.28
-34.16,-68.32,-34.16,53.68,0,-53.68,-43.92,-170.8,-297.68,-204.96,-165.92,-34.16
-39.04,-63.44,-24.4,53.68,-9.76,-43.92,-43.92,-165.92,-297.68,-204.96,-165.92,-34.16
-39.04,-63.44,-24.4,53.68,-9.76,-43.92,-39.04,-156.16,-297.68,-209.84,-170.8,-34.16
-39.04,-63.44,-24.4,53.68,-9.76,-43.92,-39.04,-156.16,-297.68,-209.84,-170.8,-34.16
-29.28,-58.56,-29.28,43.92,0,-43.92,-43.92,-161.04,-312.32,-204.96,-180.56,-34.16
-24.4,-58.56,-34.16,43.92,4.88,-48.8,-43.92,-161.04,-312.32,-204.96,-180.56,-34.16
-24.4,-58.56,-34.16,43.92,4.88,-48.8,-43.92,-156.16,-312.32,-204.96,-170.8,-34.16
-34.16,-58.56,-24.4,48.8,-4.88,-43.92,-48.8,-156.16,-312.32,-204.96,-170.8,-34.16
-24.4,-58.56,-34.16,43.92,4.88,-48.8,-48.8,-170.8,-312.32,-209.84,-185.44,-34.16
-24.4,-58.56,-34.16,43.92,4.88,-48.8,-48.8,-170.8,-312.32,-209.84,-185.44,-34.16
-24.4,-48.8,-24.4,39.04,0,-39.04,-48.8,-165.92,-312.32,-209.84,-185.44,-29.28
-24.4,-48.8,-24.4,39.04,0,-39.04,-48.8,-165.92,-312.32,-209.84,-185.44,-29.28
-14.64,-43.92,-29.28,29.28,4.88,-39.04,-48.8,-165.92,-307.44,-214.72,-185.44,-19.52
-29.28,-43.92,-14.64,39.04,-9.76,-29.28,-48.8,-165.92,-307.44,-209.84,-185.44,-19.52
-43.92,-43.92,0,43.92,-24.4,-24.4,-48.8,-165.92,-307.44,-209.84,-185.44,-19.52
-39.04,-39.04,0,39.04,-19.52,-19.52,-43.92,-165.92,-307.44,-214.72,-185.44,-19.52
-34.16,-39.04,-4.88,39.04,-14.64,-24.4,-43.92,-165.92,-307.44,-214.72,-190.32,-19.52
-29.28,-39.04,-9.76,34.16,-9.76,-24.4,-43.92,-161.04,-307.44,-204.96,-190.32,-19.52
-24.4,-39.04,-14.64,34.16,-4.88,-29.28,-43.92,-161.04,-307.44,-204.96,-185.44,-19.52
-19.52,-43.92,-24.4,34.16,0,-34.16,-43.92,-156.16,-307.44,-209.84,-185.44,-14.64
-24.4,-43.92,-19.52,34.16,-4.88,-34.16,-34.16,-156.16,-317.2,-214.72,-190.32,-14.64
-39.04,-43.92,-4.88,43.92,-19.52,-24.4,-39.04,-156.16,-317.2,-219.6,-185.44,-14.64
-34.16,-39.04,-4.88,39.04,-14.64,-24.4,-39.04,-156.16,-317.2,-219.6,-180.56,-4.88
-29.28,-39.04,-9.76,34.16,-9.76,-24.4,-39.04,-156.16,-317.2,-214.72,-180.56,-14.64
-39.04,-39.04,0,39.04,-19.52,-19.52,-29.28,-156.16,-317.2,-214.72,-190.32,-14.64
-39.04,-39.04,0,39.04,-19.52,-19.52,-29.28,-156.16,-312.32,-214.72,-190.32,-14.64
-34.16,-39.04,-4.88,39.04,-14.64,-24.4,-29.28,-156.16,-312.32,-214.72,-190.32,-14.64
-34.16,-34.16,0,34.16,-19.52,-19.52,-29.28,-156.16,-312.32,-214.72,-195.2,-14.64
-34.16,-43.92,-9.76,39.04,-14.64,-29.28,-39.04,-146.4,-322.08,-214.72,-204.96,0
-39.04,-43.92,-4.88,43.92,-19.52,-24.4,-34.16,-141.52,-317.2,-214.72,-195.2,0
-39.04,-43.92,-4.88,43.92,-19.52,-24.4,-34.16,-141.52,-317.2,-209.84,-195.2,0
-29.28,-43.92,-14.64,39.04,-9.76,-29.28,-39.04,-141.52,-317.2,-204.96,-200.08,0
-34.16,-29.28,4.88,34.16,-19.52,-14.64,-29.28,-151.28,-307.44,-204.96,-200.08,0
-34.16,-29.28,4.88,34.16,-19.52,-14.64,-29.28,-151.28,-307.44,-204.96,-195.2,0
-43.92,-29.28,14.64,39.04,-29.28,-9.76,-29.28,-151.28,-307.44,-204.96,-195.2,0
-43.92,-34.16,9.76,39.04,-29.28,-14.64,-34.16,-151.28,-307.44,-209.84,-195.2,0
-34.16,-34.16,0,34.16,-19.52,-19.52,-24.4,-141.52,-302.56,-204.96,-195.2,9.76
-34.16,-34.16,0,34.16,-19.52,-19.52,-24.4,-141.52,-302.56,-200.08,-195.2,9.76
-34.16,-34.16,0,34.16,-19.52,-19.52,-19.52,-141.52,-302.56,-190.32,-195.2,14.64
-34.16,-34.16,0,34.16,-19.52,-19.52,-19.52,-131.76,-292.8,-185.44,-195.2,14.64
-39.04,-43.92,-4.88,43.92,-19.52,-24.4,-29.28,-156.16,-302.56,-185.44,-185.44,14.64
-43.92,-43.92,0,43.92,-24.4,-24.4,-29.28,-156.16,-302.56,-185.44,-185.44,14.64
-48.8,-43.92,4.88,48.8,-29.28,-19.52,-29.28,-151.28,-302.56,-185.44,-185.44,14.64
-53.68,-43.92,9.76,48.8,-34.16,-19.52,-29.28,-151.28,-302.56,-185.44,-185.44,14.64
-39.04,-34.16,4.88,39.04,-24.4,-14.64,-19.52,-151.28,-292.8,-195.2,-190.32,14.64
-34.16,-34.16,0,34.16,-19.52,-19.52,-24.4,-156.16,-297.68,-195.2,-190.32,14.64
-9.76,-34.16,-24.4,24.4,4.88,-29.28,-24.4,-156.16,-297.68,-195.2,-190.32,14.64
-24.4,-34.16,-9.76,29.28,-9.76,-24.4,-29.28,-156.16,-297.68,-195.2,-195.2,14.64
-24.4,-24.4,0,24.4,-14.64,-14.64,-29.28,-151.28,-287.92,-185.44,-195.2,19.52
-14.64,-24.4,-9.76,19.52,-4.88,-19.52,-29.28,-151.28,-287.92,-180.56,-195.2,19.52
-14.64,-24.4,-9.76,19.52,-4.88,-19.52,-29.28,-151.28,-287.92,-180.56,-200.08,19.52
-14.64,-24.4,-9.76,19.52,-4.88,-19.52,-29.28,-151.28,-287.92,-180.56,-204.96,19.52
0,-24.4,-24.4,14.64,9.76,-24.4,-29.28,-165.92,-297.68,-190.32,-204.96,19.52
0,-24.4,-24.4,14.64,9.76,-24.4,-34.16,-165.92,-297.68,-195.2,-209.84,14.64
0,-24.4,-24.4,14.64,9.76,-24.4,-34.16,-165.92,-297.68,-195.2,-209.84,14.64
0,-24.4,-24.4,14.64,9.76,-24.4,-29.28,-170.8,-302.56,-195.2,-209.84,14.64
-4.88,-29.28,-24.4,19.52,9.76,-29.28,-24.4,-165.92,-297.68,-185.44,-200.08,19.52
-14.64,-29.28,-14.64,24.4,0,-24.4,-24.4,-165.92,-292.8,-185.44,-200.08,19.52
-29.28,-34.16,-4.88,34.16,-14.64,-19.52,-24.4,-161.04,-287.92,-180.56,-209.84,24.4
-24.4,-39.04,-14.64,34.16,-4.88,-29.28,-24.4,-161.04,-292.8,-180.56,-209.84,29.28
-34.16,-39.04,-4.88,39.04,-14.64,-24.4,-14.64,-161.04,-287.92,-175.68,-209.84,29.28
-39.04,-39.04,0,39.04,-19.52,-19.52,-14.64,-156.16,-278.16,-175.68,-209.84,29.28
-39.04,-34.16,4.88,39.04,-24.4,-14.64,-14.64,-156.16,-268.4,-175.68,-209.84,29.28
-34.16,-34.16,0,34.16,-19.52,-19.52,-14.64,-156.16,-263.52,-175.68,-204.96,29.28
-34.16,-39.04,-4.88,39.04,-14.64,-24.4,-24.4,-146.4,-273.28,-185.44,-200.08,24.4
-24.4,-39.04,-14.64,34.16,-4.88,-29.28,-24.4,-151.28,-273.28,-185.44,-200.08,24.4
-34.16,-39.04,-4.88,39.04,-14.64,-24.4,-24.4,-151.28,-273.28,-185.44,-209.84,29.28
-39.04,-39.04,0,39.04,-19.52,-19.52,-24.4,-151.28,-273.28,-185.44,-209.84,29.28
-29.28,-34.16,-4.88,34.16,-14.64,-19.52,-14.64,-151.28,-268.4,-190.32,-214.72,19.52
-19.52,-34.16,-14.64,29.28,-4.88,-24.4,-14.64,-161.04,-273.28,-190.32,-214.72,19.52
-19.52,-34.16,-14.64,29.28,-4.88,-24.4,-14.64,-161.04,-273.28,-195.2,-214.72,14.64
-19.52,-34.16,-14.64,29.28,-4.88,-24.4,-14.64,-161.04,-273.28,-195.2,-214.72,14.64
-24.4,-43.92,-19.52,34.16,-4.88,-34.16,-14.64,-170.8,-273.28,-185.44,-219.6,24.4
-34.16,-43.92,-9.76,39.04,-14.64,-29.28,-14.64,-170.8,-273.28,-180.56,-214.72,19.52
-39.04,-43.92,-4.88,43.92,-19.52,-24.4,-14.64,-170.8,-273.28,-180.56,-214.72,19.52
-34.16,-43.92,-9.76,39.04,-14.64,-29.28,-14.64,-175.68,-273.28,-185.44,-219.6,19.52
-24.4,-48.8,-24.4,39.04,0,-39.04,-14.64,-175.68,-278.16,-185.44,-214.72,29.28
-34.16,-48.8,-14.64,43.92,-9.76,-34.16,-14.64,-175.68,-278.16,-185.44,-219.6,29.28
-34.16,-48.8,-14.64,43.92,-9.76,-34.16,-14.64,-175.68,-283.04,-185.44,-219.6,34.16
-29.28,-48.8,-19.52,39.04,-4.88,-34.16,-14.64,-175.68,-283.04,-185.44,-219.6,34.16
-24.4,-43.92,-19.52,34.16,-4.88,-34.16,-24.4,-165.92,-273.28,-180.56,-219.6,29.28
-24.4,-43.92,-19.52,34.16,-4.88,-34.16,-24.4,-165.92,-273.28,-180.56,-219.6,29.28
-34.16,-43.92,-9.76,39.04,-14.64,-29.28,-24.4,-165.92,-278.16,-180.56,-219.6,29.28
-39.04,-43.92,-4.88,43.92,-19.52,-24.4,-24.4,-165.92,-283.04,-180.56,-219.6,29.28
-48.8,-48.8,0,48.8,-24.4,-24.4,-9.76,-170.8,-273.28,-170.8,-229.36,39.04
-48.8,-48.8,0,48.8,-24.4,-24.4,-9.76,-170.8,-278.16,-170.8,-234.24,39.04
-48.8,-48.8,0,48.8,-24.4,-24.4,-14.64,-170.8,-278.16,-170.8,-234.24,39.04
-43.92,-48.8,-4.88,48.8,-19.52,-29.28,-14.64,-170.8,-273.28,-175.68,-234.24,39.04
-39.04,-48.8,-9.76,43.92,-14.64,-29.28,-24.4,-180.56,-283.04,-185.44,-244,34.16
-34.16,-48.8,-14.64,43.92,-9.76,-34.16,-24.4,-185.44,-287.92,-185.44,-244,34.16
-29.28,-48.8,-19.52,39.04,-4.88,-34.16,-24.4,-185.44,-287.92,-185.44,-244,29.28
-19.52,-48.8,-29.28,34.16,4.88,-39.04,-19.52,-185.44,-287.92,-185.44,-244,24.4
-29.28,-53.68,-24.4,43.92,-4.88,-39.04,-9.76,-175.68,-283.04,-180.56,-234.24,29.28
-29.28,-53.68,-24.4,43.92,-4.88,-39.04,-9.76,-175.68,-278.16,-180.56,-229.36,29.28
-29.28,-53.68,-24.4,43.92,-4.88,-39.04,-14.64,-175.68,-278.16,-175.68,-224.48,29.28
-34.16,-48.8,-14.64,43.92,-9.76,-34.16,-14.64,-175.68,-273.28,-170.8,-219.6,29.28
-43.92,-58.56,-14.64,53.68,-14.64,-39.04,-14.64,-175.68,-283.04,-180.56,-229.36,29.28
-43.92,-58.56,-14.64,53.68,-14.64,-39.04,-14.64,-180.56,-283.04,-180.56,-229.36,29.28
-43.92,-58.56,-14.64,53.68,-14.64,-39.04,-14.64,-180.56,-283.04,-175.68,-229.36,24.4
-43.92,-58.56,-14.64,53.68,-14.64,-39.04,-9.76,-180.56,-283.04,-175.68,-229.36,24.4
-34.16,-48.8,-14.64,43.92,-9.76,-34.16,-19.52,-180.56,-283.04,-175.68,-229.36,34.16
-39.04,-48.8,-9.76,43.92,-14.64,-29.28,-19.52,-180.56,-283.04,-175.68,-234.24,34.16
-39.04,-48.8,-9.76,43.92,-14.64,-29.28,-19.52,-175.68,-283.04,-180.56,-234.24,34.16
-29.28,-48.8,-19.52,39.04,-4.88,-34.16,-19.52,-175.68,-283.04,-180.56,-234.24,34.16
-29.28,-63.44,-34.16,48.8,0,-48.8,-9.76,-170.8,-283.04,-170.8,-229.36,43.92
-34.16,-63.44,-29.28,48.8,-4.88,-48.8,-9.76,-170.8,-283.04,-170.8,-219.6,43.92
-34.16,-63.44,-29.28,48.8,-4.88,-48.8,-9.76,-165.92,-283.04,-170.8,-214.72,39.04
-39.04,-58.56,-19.52,48.8,-9.76,-39.04,-9.76,-165.92,-283.04,-175.68,-214.72,39.04
-39.04,-48.8,-9.76,43.92,-14.64,-29.28,-19.52,-170.8,-283.04,-175.68,-204.96,39.04
-39.04,-48.8,-9.76,43.92,-14.64,-29.28,-19.52,-170.8,-283.04,-175.68,-209.84,34.16
-34.16,-53.68,-19.52,43.92,-9.76,-39.04,-19.52,-175.68,-283.04,-175.68,-209.84,29.28
-34.16,-53.68,-19.52,43.92,-9.76,-39.04,-19.52,-175.68,-278.16,-175.68,-209.84,24.4
-43.92,-63.44,-19.52,53.68,-14.64,-43.92,-19.52,-180.56,-278.16,-175.68,-209.84,24.4
-43.92,-63.44,-19.52,53.68,-14.64,-43.92,-19.52,-180.56,-278.16,-175.68,-209.84,29.28
-43.92,-63.44,-19.52,53.68,-14.64,-43.92,-19.52,-180.56,-278.16,-175.68,-204.96,29.28
-43.92,-63.44,-19.52,53.68,-14.64,-43.92,-19.52,-180.56,-278.16,-165.92,-204.96,24.4
-39.04,-63.44,-24.4,53.68,-9.76,-43.92,-19.52,-180.56,-292.8,-185.44,-195.2,24.4
-39.04,-63.44,-24.4,53.68,-9.76,-43.92,-19.52,-180.56,-292.8,-185.44,-195.2,24.4
-34.16,-63.44,-29.28,48.8,-4.88,-48.8,-19.52,-180.56,-297.68,-185.44,-195.2,24.4
-24.4,-58.56,-34.16,43.92,4.88,-48.8,-19.52,-185.44,-297.68,-185.44,-200.08,24.4
-29.28,-48.8,-19.52,39.04,-4.88,-34.16,-19.52,-175.68,-287.92,-175.68,-195.2,34.16
-43.92,-53.68,-9.76,48.8,-19.52,-34.16,-19.52,-170.8,-287.92,-170.8,-185.44,34.16
-48.8,-58.56,-9.76,53.68,-19.52,-34.16,-14.64,-170.8,-287.92,-170.8,-180.56,34.16
-48.8,-58.56,-9.76,53.68,-19.52,-34.16,-14.64,-170.8,-287.92,-175.68,-180.56,29.28
-34.16,-63.44,-29.28,48.8,-4.88,-48.8,-14.64,-170.8,-278.16,-185.44,-190.32,19.52
-19.52,-63.44,-43.92,43.92,9.76,-53.68,-19.52,-170.8,-283.04,-185.44,-190.32,24.4
-14.64,-63.44,-48.8,39.04,14.64,-58.56,-19.52,-170.8,-283.04,-190.32,-195.2,24.4
-14.64,-63.44,-48.8,39.04,14.64,-58.56,-19.52,-170.8,-283.04,-190.32,-195.2,19.52
-24.4,-53.68,-29.28,39.04,0,-43.92,-14.64,-170.8,-273.28,-180.56,-195.2,9.76
-24.4,-53.68,-29.28,39.04,0,-43.92,-14.64,-170.8,-278.16,-180.56,-195.2,9.76
-43.92,-53.68,-9.76,48.8,-19.52,-34.16,-14.64,-175.68,-283.04,-180.56,-195.2,9.76
-29.28,-53.68,-24.4,43.92,-4.88,-39.04,-14.64,-175.68,-283.04,-180.56,-190.32,9.76
-29.28,-53.68,-24.4,43.92,-4.88,-39.04,-19.52,-170.8,-283.04,-180.56,-180.56,9.76
-34.16,-53.68,-19.52,43.92,-9.76,-39.04,-19.52,-170.8,-283.04,-180.56,-180.56,9.76
-39.04,-53.68,-14.64,48.8,-14.64,-34.16,-19.52,-170.8,-278.16,-185.44,-180.56,0
-34.16,-58.56,-24.4,48.8,-4.88,-43.92,-19.52,-170.8,-273.28,-185.44,-180.56,9.76
-24.4,-53.68,-29.28,39.04,0,-43.92,-19.52,-170.8,-278.16,-195.2,-180.56,14.64
-24.4,-53.68,-29.28,39.04,0,-43.92,-19.52,-175.68,-278.16,-195.2,-190.32,9.76
-24.4,-53.68,-29.28,39.04,0,-43.92,-19.52,-175.68,-278.16,-195.2,-195.2,4.88
-24.4,-53.68,-29.28,39.04,0,-43.92,-19.52,-175.68,-283.04,-195.2,-200.08,0
-34.16,-63.44,-29.28,48.8,-4.88,-48.8,-19.52,-165.92,-273.28,-195.2,-190.32,-14.64
-29.28,-73.2,-43.92,53.68,4.88,-58.56,-19.52,-165.92,-273.28,-195.2,-190.32,-14.64
-29.28,-63.44,-34.16,48.8,0,-48.8,-19.52,-165.92,-273.28,-195.2,-185.44,-14.64
-34.16,-63.44,-29.28,48.8,-4.88,-48.8,-19.52,-165.92,-273.28,-195.2,-180.56,-14.64
-34.16,-63.44,-29.28,48.8,-4.88,-48.8,-9.76,-175.68,-263.52,-195.2,-190.32,-14.64
-34.16,-63.44,-29.28,48.8,-4.88,-48.8,-9.76,-175.68,-263.52,-195.2,-190.32,-14.64
-34.16,-63.44,-29.28,48.8,-4.88,-48.8,-14.64,-175.68,-268.4,-200.08,-190.32,-14.64
-29.28,-63.44,-34.16,48.8,0,-48.8,-14.64,-175.68,-268.4,-200.08,-195.2,-19.52
-19.52,-63.44,-43.92,43.92,9.76,-53.68,-9.76,-175.68,-273.28,-200.08,-185.44,-9.76
-19.52,-63.44,-43.92,43.92,9.76,-53.68,-9.76,-175.68,-268.4,-200.08,-185.44,-9.76
-24.4,-63.44,-39.04,43.92,4.88,-53.68,-9.76,-175.68,-268.4,-200.08,-185.44,-9.76
-24.4,-63.44,-39.04,43.92,4.88,-53.68,-9.76,-175.68,-268.4,-200.08,-185.44,-4.88
-29.28,-68.32,-39.04,48.8,4.88,-53.68,-9.76,-165.92,-258.64,-190.32,-180.56,-4.88
-34.16,-68.32,-34.16,53.68,0,-53.68,-9.76,-161.04,-258.64,-190.32,-180.56,-4.88
-39.04,-68.32,-29.28,53.68,-4.88,-48.8,-9.76,-161.04,-258.64,-190.32,-180.56,-9.76
-43.92,-63.44,-19.52,53.68,-14.64,-43.92,-9.76,-156.16,-258.64,-190.32,-180.56,-9.76
-29.28,-63.44,-34.16,48.8,0,-48.8,-9.76,-161.04,-258.64,-200.08,-180.56,-9.76
-29.28,-63.44,-34.16,48.8,0,-48.8,-9.76,-165.92,-258.64,-204.96,-180.56,-14.64
-34.16,-68.32,-34.16,53.68,0,-53.68,-9.76,-170.8,-258.64,-204.96,-185.44,-14.64
-34.16,-68.32,-34.16,53.68,0,-53.68,-9.76,-175.68,-258.64,-204.96,-185.44,-9.76
-34.16,-68.32,-34.16,53.68,0,-53.68,-9.76,-165.92,-258.64,-200.08,-180.56,-19.52
-48.8,-63.44,-14.64,58.56,-19.52,-39.04,0,-156.16,-258.64,-200.08,-180.56,-9.76
-34.16,-63.44,-29.28,48.8,-4.88,-48.8,0,-156.16,-253.76,-195.2,-175.68,-9.76
-9.76,-58.56,-48.8,34.16,19.52,-53.68,-19.52,-165.92,-253.76,-214.72,-195.2,-29.28
-24.4,-68.32,-43.92,48.8,9.76,-58.56,-14.64,-165.92,-248.88,-204.96,-190.32,-24.4
-29.28,-68.32,-39.04,48.8,4.88,-53.68,-9.76,-165.92,-244,-204.96,-185.44,-19.52
-34.16,-68.32,-34.16,53.68,0,-53.68,-4.88,-165.92,-239.12,-204.96,-180.56,-14.64
-39.04,-68.32,-29.28,53.68,-4.88,-48.8,0,-165.92,-234.24,-204.96,-175.68,-9.76
-39.04,-58.56,-19.52,48.8,-9.76,-39.04,0,-165.92,-244,-204.96,-185.44,-19.52
-39.04,-58.56,-19.52,48.8,-9.76,-39.04,0,-165.92,-244,-204.96,-185.44,-19.52
-39.04,-58.56,-19.52,48.8,-9.76,-39.04,0,-165.92,-244,-204.96,-185.44,-19.52
-39.04,-58.56,-19.52,48.8,-9.76,-39.04,0,-165.92,-244,-204.96,-185.44,-19.52
-34.16,-68.32,-34.16,53.68,0,-53.68,-9.76,-175.68,-244,-214.72,-195.2,-29.28
-29.28,-68.32,-39.04,48.8,4.88,-53.68,-9.76,-175.68,-244,-214.72,-195.2,-29.28
-24.4,-68.32,-43.92,48.8,9.76,-58.56,-9.76,-175.68,-244,-214.72,-195.2,-29.28
-19.52,-68.32,-48.8,43.92,14.64,-58.56,-9.76,-175.68,-244,-214.72,-195.2,-29.28
-24.4,-58.56,-34.16,43.92,4.88,-48.8,-9.76,-165.92,-244,-214.72,-185.44,-19.52
-29.28,-58.56,-29.28,43.92,0,-43.92,-9.76,-165.92,-244,-214.72,-185.44,-19.52
-34.16,-58.56,-24.4,48.8,-4.88,-43.92,-9.76,-165.92,-244,-214.72,-185.44,-19.52
-39.04,-58.56,-19.52,48.8,-9.76,-39.04,-9.76,-165.92,-244,-214.72,-185.44,-19.52
-19.52,-63.44,-43.92,43.92,9.76,-53.68,-9.76,-165.92,-239.12,-204.96,-195.2,-29.28
-19.52,-63.44,-43.92,43.92,9.76,-53.68,-9.76,-161.04,-239.12,-204.96,-190.32,-29.28
-34.16,-63.44,-29.28,48.8,-4.88,-48.8,-4.88,-161.04,-239.12,-204.96,-190.32,-29.28
-34.16,-63.44,-29.28,48.8,-4.88,-48.8,-4.88,-165.92,-239.12,-204.96,-195.2,-29.28
-19.52,-53.68,-34.16,39.04,4.88,-43.92,-4.88,-165.92,-239.12,-204.96,-195.2,-29.28
-19.52,-53.68,-34.16,39.04,4.88,-43.92,-4.88,-165.92,-234.24,-204.96,-195.2,-24.4
-19.52,-53.68,-34.16,39.04,4.88,-43.92,4.88,-161.04,-234.24,-204.96,-195.2,-24.4
-29.28,-53.68,-24.4,43.92,-4.88,-39.04,4.88,-161.04,-234.24,-204.96,-195.2,-24.4
-39.04,-43.92,-4.88,43.92,-19.52,-24.4,9.76,-161.04,-219.6,-190.32,-180.56,-14.64
-39.04,-39.04,0,39.04,-19.52,-19.52,14.64,-161.04,-219.6,-190.32,-180.56,-14.64
-34.16,-39.04,-4.88,39.04,-14.64,-24.4,14.64,-161.04,-219.6,-185.44,-175.68,-14.64
-34.16,-34.16,0,34.16,-19.52,-19.52,14.64,-151.28,-219.6,-185.44,-175.68,-9.76
-29.28,-29.28,0,29.28,-14.64,-14.64,24.4,-136.64,-214.72,-180.56,-165.92,-9.76
-24.4,-19.52,4.88,24.4,-14.64,-9.76,24.4,-136.64,-209.84,-170.8,-161.04,-4.88
-14.64,-14.64,0,14.64,-9.76,-9.76,24.4,-126.88,-200.08,-165.92,-161.04,-4.88
-9.76,-4.88,4.88,9.76,-9.76,0,34.16,-122,-195.2,-161.04,-161.04,4.88
-4.88,-9.76,-4.88,9.76,0,-9.76,34.16,-117.12,-180.56,-161.04,-156.16,14.64
-4.88,-4.88,0,4.88,-4.88,-4.88,34.16,-117.12,-180.56,-161.04,-156.16,14.64
-9.76,0,9.76,4.88,-9.76,4.88,39.04,-117.12,-180.56,-161.04,-146.4,14.64
-24.4,9.76,34.16,9.76,-29.28,19.52,43.92,-107.36,-165.92,-156.16,-141.52,14.64
-24.4,24.4,48.8,0,-39.04,34.16,39.04,-107.36,-170.8,-146.4,-131.76,14.64
-24.4,29.28,53.68,0,-39.04,39.04,39.04,-112.24,-170.8,-146.4,-131.76,14.64
-9.76,34.16,43.92,-9.76,-29.28,39.04,39.04,-117.12,-170.8,-146.4,-131.76,14.64
-9.76,39.04,48.8,-14.64,-29.28,43.92,39.04,-122,-170.8,-141.52,-126.88,14.64
-19.52,48.8,68.32,-14.64,-43.92,58.56,24.4,-122,-170.8,-131.76,-122,14.64
-29.28,48.8,78.08,-9.76,-53.68,63.44,19.52,-122,-170.8,-131.76,-122,14.64
-19.52,48.8,68.32,-14.64,-43.92,58.56,14.64,-131.76,-170.8,-131.76,-122,14.64
-19.52,48.8,68.32,-14.64,-43.92,58.56,-9.76,-156.16,-180.56,-141.52,-126.88,9.76
-14.64,48.8,63.44,-14.64,-39.04,53.68,-19.52,-156.16,-185.44,-146.4,-122,19.52
-9.76,58.56,68.32,-24.4,-39.04,63.44,-34.16,-161.04,-185.44,-146.4,-122,19.52
0,68.32,68.32,-34.16,-34.16,68.32,-34.16,-161.04,-180.56,-146.4,-117.12,24.4
9.76,68.32,58.56,-39.04,-24.4,63.44,-34.16,-156.16,-180.56,-146.4,-117.12,29.28
9.76,68.32,58.56,-39.04,-24.4,63.44,-39.04,-161.04,-190.32,-146.4,-112.24,29.28
19.52,68.32,48.8,-43.92,-14.64,58.56,-43.92,-165.92,-190.32,-141.52,-112.24,34.16
19.52,73.2,53.68,-43.92,-19.52,63.44,-48.8,-170.8,-185.44,-131.76,-102.48,39.04
19.52,78.08,58.56,-48.8,-19.52,68.32,-48.8,-175.68,-185.44,-131.76,-102.48,39.04
4.88,78.08,73.2,-39.04,-34.16,73.2,-34.16,-170.8,-175.68,-122,-97.6,34.16
9.76,73.2,63.44,-39.04,-29.28,68.32,-34.16,-170.8,-175.68,-122,-97.6,34.16
4.88,58.56,53.68,-29.28,-24.4,53.68,-39.04,-165.92,-180.56,-131.76,-112.24,24.4
0,48.8,48.8,-24.4,-24.4,48.8,-39.04,-161.04,-185.44,-131.76,-112.24,19.52
0,43.92,43.92,-19.52,-24.4,43.92,-39.04,-151.28,-190.32,-131.76,-112.24,19.52
4.88,39.04,34.16,-19.52,-14.64,34.16,-39.04,-151.28,-190.32,-131.76,-112.24,24.4
19.52,39.04,19.52,-29.28,0,29.28,-39.04,-151.28,-190.32,-131.76,-112.24,24.4
24.4,39.04,14.64,-29.28,4.88,24.4,-39.04,-151.28,-190.32,-131.76,-112.24,24.4
14.64,14.64,0,-14.64,4.88,4.88,-39.04,-156.16,-200.08,-126.88,-112.24,34.16
14.64,4.88,-9.76,-9.76,9.76,-4.88,-39.04,-165.92,-204.96,-131.76,-117.12,34.16
14.64,-4.88,-19.52,-4.88,14.64,-14.64,-48.8,-180.56,-219.6,-141.52,-126.88,29.28
24.4,-4.88,-29.28,-9.76,24.4,-19.52,-48.8,-185.44,-219.6,-141.52,-126.88,29.28
14.64,-9.76,-24.4,0,19.52,-19.52,-34.16,-170.8,-209.84,-156.16,-141.52,19.52
9.76,-14.64,-24.4,4.88,14.64,-19.52,-34.16,-170.8,-214.72,-161.04,-141.52,9.76
9.76,-19.52,-29.28,4.88,19.52,-24.4,-29.28,-165.92,-214.72,-165.92,-151.28,0
-4.88,-39.04,-34.16,24.4,14.64,-39.04,-29.28,-165.92,-219.6,-165.92,-151.28,-4.88
-14.64,-48.8,-34.16,34.16,9.76,-43.92,-29.28,-185.44,-234.24,-165.92,-156.16,-9.76
-24.4,-53.68,-29.28,39.04,0,-43.92,-34.16,-190.32,-239.12,-170.8,-165.92,-19.52
-24.4,-58.56,-34.16,43.92,4.88,-48.8,-34.16,-190.32,-244,-175.68,-165.92,-19.52
-34.16,-63.44,-29.28,48.8,-4.88,-48.8,-39.04,-190.32,-244,-180.56,-170.8,-24.4
-34.16,-63.44,-29.28,48.8,-4.88,-48.8,-29.28,-180.56,-234.24,-170.8,-170.8,-29.28
-34.16,-63.44,-29.28,48.8,-4.88,-48.8,-29.28,-180.56,-234.24,-175.68,-180.56,-34.16
-34.16,-73.2,-39.04,53.68,0,-58.56,-29.28,-190.32,-244,-180.56,-190.32,-43.92
-39.04,-82.96,-43.92,63.44,0,-63.44,-29.28,-190.32,-244,-185.44,-190.32,-53.68
-39.04,-82.96,-43.92,63.44,0,-63.44,-39.04,-190.32,-263.52,-190.32,-195.2,-43.92
-48.8,-82.96,-34.16,68.32,-9.76,-58.56,-39.04,-195.2,-263.52,-195.2,-195.2,-43.92
-53.68,-87.84,-34.16,73.2,-9.76,-63.44,-39.04,-200.08,-268.4,-200.08,-200.08,-43.92
-53.68,-92.72,-39.04,73.2,-9.76,-68.32,-39.04,-200.08,-273.28,-204.96,-200.08,-43.92
-53.68,-97.6,-43.92,78.08,-4.88,-73.2,-39.04,-204.96,-268.4,-195.2,-195.2,-34.16
-53.68,-97.6,-43.92,78.08,-4.88,-73.2,-39.04,-204.96,-268.4,-195.2,-195.2,-39.04
-48.8,-97.6,-48.8,73.2,0,-73.2,-39.04,-204.96,-268.4,-190.32,-200.08,-39.04
-48.8,-97.6,-48.8,73.2,0,-73.2,-34.16,-200.08,-263.52,-190.32,-200.08,-39.04
-63.44,-102.48,-39.04,82.96,-14.64,-73.2,-24.4,-195.2,-253.76,-190.32,-204.96,-48.8
-63.44,-102.48,-39.04,82.96,-14.64,-73.2,-24.4,-195.2,-253.76,-195.2,-204.96,-48.8
-63.44,-102.48,-39.04,82.96,-14.64,-73.2,-24.4,-195.2,-253.76,-200.08,-204.96,-48.8
-48.8,-102.48,-53.68,78.08,0,-78.08,-24.4,-195.2,-253.76,-209.84,-209.84,-48.8
-39.04,-112.24,-73.2,78.08,14.64,-92.72,-24.4,-195.2,-253.76,-200.08,-209.84,-48.8
-53.68,-112.24,-58.56,82.96,0,-87.84,-24.4,-195.2,-253.76,-200.08,-209.84,-48.8
-63.44,-112.24,-48.8,87.84,-9.76,-82.96,-19.52,-195.2,-253.76,-200.08,-209.84,-48.8
-53.68,-112.24,-58.56,82.96,0,-87.84,-19.52,-195.2,-253.76,-200.08,-214.72,-48.8
-53.68,-107.36,-53.68,82.96,0,-82.96,-19.52,-204.96,-253.76,-200.08,-214.72,-53.68
-58.56,-107.36,-48.8,82.96,-4.88,-78.08,-14.64,-195.2,-253.76,-195.2,-209.84,-53.68
-58.56,-107.36,-48.8,82.96,-4.88,-78.08,-9.76,-190.32,-253.76,-195.2,-209.84,-58.56
-48.8,-117.12,-68.32,82.96,9.76,-92.72,-9.76,-185.44,-253.76,-190.32,-209.84,-58.56
-48.8,-107.36,-58.56,78.08,4.88,-82.96,-14.64,-170.8,-234.24,-190.32,-200.08,-58.56
-29.28,-97.6,-68.32,63.44,19.52,-82.96,-4.88,-156.16,-219.6,-190.32,-209.84,-58.56
-19.52,-107.36,-87.84,63.44,34.16,-97.6,9.76,-131.76,-190.32,-190.32,-224.48,-82.96
-48.8,-107.36,-58.56,78.08,4.88,-82.96,53.68,-73.2,-146.4,-165.92,-224.48,-92.72
-87.84,-107.36,-19.52,97.6,-34.16,-63.44,117.12,43.92,-63.44,-102.48,-185.44,-82.96
-63.44,-97.6,-34.16,82.96,-14.64,-68.32,165.92,190.32,53.68,-24.4,-141.52,-63.44
-19.52,-78.08,-58.56,48.8,19.52,-68.32,209.84,331.84,185.44,63.44,-92.72,-53.68
0,-78.08,-78.08,39.04,39.04,-78.08,248.88,395.28,283.04,165.92,-24.4,-19.52
29.28,-73.2,-102.48,24.4,63.44,-87.84,248.88,307.44,302.56,258.64,73.2,63.44
82.96,-43.92,-126.88,-19.52,102.48,-87.84,214.72,161.04,302.56,346.48,185.44,146.4
136.64,-9.76,-146.4,-63.44,141.52,-78.08,190.32,87.84,351.36,488,336.72,229.36
200.08,53.68,-146.4,-126.88,170.8,-48.8,112.24,-4.88,424.56,702.72,566.08,390.4
307.44,165.92,-141.52,-234.24,224.48,9.76,-43.92,-195.2,478.24,941.84,829.6,585.6
414.8,268.4,-146.4,-341.6,278.16,58.56,-244,-405.04,502.64,1151.68,1068.72,761.28
517.28,370.88,-146.4,-444.08,331.84,112.24,-453.84,-600.24,492.88,1346.88,1278.56,927.2
585.6,473.36,-112.24,-527.04,346.48,180.56,-697.84,-824.72,468.48,1493.28,1478.64,1098
610,546.56,-63.44,-575.84,336.72,239.12,-936.96,-1054.08,409.92,1600.64,1610.4,1215.12
600.24,590.48,-9.76,-595.36,302.56,287.92,-1127.28,-1239.52,322.08,1605.52,1654.32,1278.56
556.32,663.68,107.36,-610,224.48,385.52,-1229.76,-1400.56,209.84,1507.92,1595.76,1283.44
424.56,732,307.44,-575.84,58.56,517.28,-1268.8,-1571.36,19.52,1283.44,1439.6,1210.24
297.68,717.36,419.68,-507.52,-63.44,566.08,-1298.08,-1712.88,-200.08,951.6,1161.44,1068.72
239.12,644.16,405.04,-439.2,-82.96,522.16,-1298.08,-1781.2,-448.96,575.84,829.6,907.68
156.16,517.28,361.12,-336.72,-102.48,439.2,-1263.92,-1786.08,-722.24,122,453.84,688.08
34.16,419.68,385.52,-224.48,-175.68,400.16,-1210.24,-1766.56,-985.76,-307.44,78.08,468.48
-43.92,366,409.92,-161.04,-229.36,385.52,-1151.68,-1717.76,-1141.92,-556.32,-122,326.96
-58.56,322.08,380.64,-131.76,-219.6,351.36,-1083.36,-1595.76,-1156.56,-619.76,-200.08,234.24
-68.32,258.64,326.96,-92.72,-200.08,292.8,-995.52,-1424.96,-1073.6,-614.88,-248.88,151.28
-63.44,185.44,248.88,-58.56,-156.16,214.72,-878.4,-1244.4,-936.96,-551.44,-268.4,107.36
-43.92,122,165.92,-39.04,-107.36,141.52,-751.52,-1068.72,-795.44,-488,-258.64,73.2
-34.16,82.96,117.12,-24.4,-78.08,97.6,-634.4,-922.32,-688.08,-444.08,-263.52,43.92
-29.28,68.32,97.6,-19.52,-63.44,82.96,-556.32,-814.96,-614.88,-400.16,-263.52,29.28
-29.28,63.44,92.72,-14.64,-63.44,78.08,-463.6,-697.84,-531.92,-341.6,-214.72,24.4
-48.8,48.8,97.6,0,-73.2,73.2,-380.64,-595.36,-478.24,-297.68,-195.2,14.64
-63.44,43.92,107.36,9.76,-87.84,73.2,-312.32,-502.64,-424.56,-258.64,-190.32,9.76
-43.92,53.68,97.6,-4.88,-73.2,73.2,-244,-414.8,-375.76,-229.36,-170.8,14.64
-43.92,24.4,68.32,9.76,-58.56,43.92,-185.44,-366,-322.08,-190.32,-151.28,24.4
-63.44,-24.4,39.04,43.92,-53.68,4.88,-141.52,-307.44,-278.16,-175.68,-151.28,4.88
-43.92,-39.04,4.88,43.92,-24.4,-19.52,-102.48,-239.12,-234.24,-151.28,-151.28,-14.64
-9.76,-34.16,-24.4,24.4,4.88,-29.28,-68.32,-170.8,-175.68,-122,-131.76,-4.88
-9.76,-43.92,-34.16,29.28,9.76,-39.04,-43.92,-141.52,-141.52,-112.24,-131.76,-9.76
-14.64,-48.8,-34.16,34.16,9.76,-43.92,-29.28,-131.76,-136.64,-112.24,-136.64,-9.76
-9.76,-39.04,-29.28,24.4,9.76,-34.16,-24.4,-117.12,-136.64,-107.36,-126.88,0
0,-19.52,-19.52,9.76,9.76,-19.52,-14.64,-97.6,-146.4,-97.6,-122,4.88
0,-19.52,-19.52,9.76,9.76,-19.52,-9.76,-87.84,-146.4,-102.48,-126.88,-4.88
0,-29.28,-29.28,14.64,14.64,-29.28,0,-82.96,-146.4,-102.48,-126.88,-9.76
-14.64,-29.28,-14.64,24.4,0,-24.4,9.76,-78.08,-141.52,-102.48,-131.76,-9.76
-19.52,-39.04,-19.52,29.28,0,-29.28,24.4,-68.32,-126.88,-102.48,-141.52,-24.4
-29.28,-48.8,-19.52,39.04,-4.88,-34.16,29.28,-68.32,-122,-102.48,-141.52,-24.4
-43.92,-53.68,-9.76,48.8,-19.52,-34.16,29.28,-58.56,-112.24,-102.48,-141.52,-29.28
-48.8,-58.56,-9.76,53.68,-19.52,-34.16,34.16,-53.68,-97.6,-92.72,-141.52,-29.28
-43.92,-53.68,-9.76,48.8,-19.52,-34.16,39.04,-34.16,-87.84,-78.08,-136.64,-24.4
-43.92,-48.8,-4.88,48.8,-19.52,-29.28,39.04,-14.64,-82.96,-73.2,-136.64,-19.52
-34.16,-43.92,-9.76,39.04,-14.64,-29.28,43.92,0,-82.96,-73.2,-131.76,-19.52
-29.28,-34.16,-4.88,34.16,-14.64,-19.52,53.68,9.76,-82.96,-73.2,-131.76,-19.52
-19.52,-39.04,-19.52,29.28,0,-29.28,58.56,9.76,-82.96,-82.96,-126.88,-24.4
-39.04,-43.92,-4.88,43.92,-19.52,-24.4,58.56,9.76,-82.96,-82.96,-126.88,-24.4
-39.04,-48.8,-9.76,43.92,-14.64,-29.28,58.56,4.88,-78.08,-73.2,-122,-29.28
-39.04,-53.68,-14.64,48.8,-14.64,-34.16,63.44,0,-68.32,-73.2,-117.12,-34.16
-29.28,-63.44,-34.16,48.8,0,-48.8,63.44,9.76,-58.56,-73.2,-126.88,-34.16
-29.28,-58.56,-29.28,43.92,0,-43.92,63.44,14.64,-53.68,-73.2,-126.88,-29.28
-19.52,-53.68,-34.16,39.04,4.88,-43.92,63.44,24.4,-48.8,-63.44,-126.88,-29.28
-14.64,-53.68,-39.04,34.16,9.76,-48.8,63.44,29.28,-43.92,-53.68,-126.88,-29.28
-19.52,-48.8,-29.28,34.16,4.88,-39.04,63.44,34.16,-48.8,-53.68,-126.88,-24.4
-19.52,-48.8,-29.28,34.16,4.88,-39.04,68.32,39.04,-48.8,-43.92,-122,-24.4
-24.4,-48.8,-24.4,39.04,0,-39.04,68.32,39.04,-43.92,-43.92,-122,-24.4
-24.4,-48.8,-24.4,39.04,0,-39.04,68.32,39.04,-43.92,-48.8,-126.88,-29.28
-24.4,-48.8,-24.4,39.04,0,-39.04,73.2,43.92,-39.04,-39.04,-117.12,-34.16
-29.28,-43.92,-14.64,39.04,-9.76,-29.28,78.08,43.92,-29.28,-34.16,-117.12,-34.16
-29.28,-43.92,-14.64,39.04,-9.76,-29.28,78.08,53.68,-24.4,-34.16,-112.24,-29.28
-29.28,-43.92,-14.64,39.04,-9.76,-29.28,78.08,53.68,-9.76,-34.16,-107.36,-24.4
-9.76,-43.92,-34.16,29.28,9.76,-39.04,78.08,63.44,-19.52,-24.4,-117.12,-19.52
-9.76,-43.92,-34.16,29.28,9.76,-39.04,78.08,73.2,-9.76,-24.4,-112.24,-9.76
-9.76,-39.04,-29.28,24.4,9.76,-34.16,78.08,78.08,0,-14.64,-112.24,-9.76
-4.88,-39.04,-34.16,24.4,14.64,-39.04,78.08,82.96,0,-9.76,-112.24,-9.76
-9.76,-34.16,-24.4,24.4,4.88,-29.28,78.08,78.08,0,-9.76,-102.48,-4.88
-29.28,-34.16,-4.88,34.16,-14.64,-19.52,82.96,82.96,9.76,-9.76,-97.6,4.88
-34.16,-34.16,0,34.16,-19.52,-19.52,82.96,82.96,14.64,-9.76,-97.6,-4.88
-39.04,-34.16,4.88,39.04,-24.4,-14.64,82.96,82.96,19.52,-4.88,-92.72,-4.88
-29.28,-34.16,-4.88,34.16,-14.64,-19.52,73.2,82.96,34.16,-9.76,-97.6,4.88
-19.52,-34.16,-14.64,29.28,-4.88,-24.4,73.2,87.84,34.16,-4.88,-92.72,4.88
0,-29.28,-29.28,14.64,14.64,-29.28,73.2,92.72,34.16,-4.88,-92.72,9.76
14.64,-29.28,-43.92,9.76,29.28,-39.04,73.2,97.6,39.04,0,-92.72,9.76
9.76,-19.52,-29.28,4.88,19.52,-24.4,82.96,112.24,48.8,9.76,-92.72,4.88
9.76,-19.52,-29.28,4.88,19.52,-24.4,87.84,117.12,58.56,14.64,-87.84,9.76
4.88,-19.52,-24.4,9.76,14.64,-24.4,87.84,122,58.56,24.4,-87.84,9.76
-4.88,-14.64,-9.76,9.76,0,-14.64,87.84,122,58.56,34.16,-87.84,9.76
-4.88,-14.64,-9.76,9.76,0,-14.64,82.96,122,78.08,34.16,-78.08,19.52
-4.88,-14.64,-9.76,9.76,0,-14.64,82.96,126.88,82.96,34.16,-68.32,19.52
0,-9.76,-9.76,4.88,4.88,-9.76,82.96,131.76,87.84,39.04,-68.32,19.52
0,-9.76,-9.76,4.88,4.88,-9.76,82.96,141.52,97.6,43.92,-53.68,24.4
0,0,0,0,0,0,92.72,156.16,107.36,48.8,-58.56,24.4
-9.76,0,9.76,4.88,-9.76,4.88,97.6,161.04,112.24,58.56,-53.68,29.28
-9.76,0,9.76,4.88,-9.76,4.88,102.48,165.92,117.12,68.32,-48.8,39.04
-4.88,4.88,9.76,0,-9.76,4.88,102.48,170.8,117.12,78.08,-48.8,39.04
4.88,-4.88,-9.76,0,4.88,-9.76,102.48,170.8,107.36,68.32,-39.04,24.4
9.76,-4.88,-14.64,0,9.76,-9.76,102.48,175.68,117.12,78.08,-39.04,24.4
9.76,-4.88,-14.64,0,9.76,-9.76,102.48,185.44,122,82.96,-39.04,34.16
9.76,-4.88,-14.64,0,9.76,-9.76,102.48,190.32,126.88,82.96,-39.04,34.16
0,0,0,0,0,0,102.48,204.96,136.64,97.6,-39.04,43.92
0,0,0,0,0,0,107.36,209.84,151.28,102.48,-29.28,43.92
9.76,4.88,-4.88,-4.88,4.88,0,107.36,219.6,156.16,107.36,-24.4,48.8
9.76,4.88,-4.88,-4.88,4.88,0,107.36,229.36,170.8,112.24,-19.52,48.8
19.52,19.52,0,-19.52,9.76,9.76,112.24,248.88,180.56,117.12,-24.4,43.92
19.52,19.52,0,-19.52,9.76,9.76,112.24,258.64,190.32,126.88,-24.4,48.8
19.52,24.4,4.88,-19.52,4.88,14.64,117.12,268.4,200.08,126.88,-14.64,53.68
29.28,29.28,0,-29.28,14.64,14.64,122,278.16,209.84,136.64,-9.76,53.68
19.52,29.28,9.76,-24.4,4.88,19.52,122,287.92,224.48,151.28,4.88,53.68
19.52,34.16,14.64,-24.4,0,24.4,126.88,297.68,234.24,161.04,14.64,58.56
19.52,34.16,14.64,-24.4,0,24.4,131.76,307.44,244,170.8,24.4,68.32
24.4,29.28,4.88,-24.4,9.76,14.64,131.76,317.2,244,175.68,29.28,68.32
29.28,29.28,0,-29.28,14.64,14.64,136.64,346.48,258.64,190.32,19.52,58.56
29.28,39.04,9.76,-34.16,9.76,24.4,136.64,346.48,268.4,195.2,24.4,63.44
29.28,39.04,9.76,-34.16,9.76,24.4,146.4,356.24,283.04,204.96,34.16,73.2
39.04,39.04,0,-39.04,19.52,19.52,156.16,366,292.8,209.84,34.16,73.2
29.28,48.8,19.52,-39.04,4.88,34.16,156.16,375.76,297.68,229.36,48.8,73.2
29.28,53.68,24.4,-39.04,0,39.04,165.92,390.4,317.2,234.24,48.8,78.08
29.28,53.68,24.4,-39.04,0,39.04,165.92,409.92,331.84,248.88,58.56,82.96
34.16,53.68,19.52,-43.92,4.88,34.16,165.92,424.56,346.48,258.64,63.44,87.84
43.92,58.56,14.64,-48.8,14.64,34.16,165.92,419.68,346.48,253.76,68.32,92.72
53.68,58.56,4.88,-53.68,24.4,29.28,165.92,439.2,356.24,263.52,73.2,97.6
58.56,63.44,4.88,-58.56,24.4,34.16,170.8,448.96,366,268.4,82.96,102.48
58.56,63.44,4.88,-58.56,24.4,34.16,170.8,463.6,375.76,278.16,87.84,112.24
58.56,78.08,19.52,-68.32,19.52,48.8,175.68,478.24,390.4,292.8,102.48,117.12
68.32,82.96,14.64,-73.2,24.4,48.8,185.44,492.88,409.92,302.56,112.24,117.12
73.2,92.72,19.52,-82.96,24.4,53.68,195.2,512.4,424.56,312.32,126.88,122
73.2,102.48,29.28,-87.84,19.52,63.44,204.96,527.04,439.2,322.08,131.76,126.88
68.32,97.6,29.28,-82.96,19.52,63.44,204.96,546.56,463.6,351.36,141.52,131.76
73.2,102.48,29.28,-87.84,19.52,63.44,204.96,566.08,483.12,366,156.16,141.52
68.32,107.36,39.04,-87.84,14.64,73.2,204.96,570.96,497.76,380.64,161.04,146.4
78.08,112.24,34.16,-92.72,19.52,73.2,209.84,575.84,512.4,395.28,170.8,151.28
68.32,126.88,58.56,-97.6,4.88,92.72,209.84,580.72,517.28,405.04,170.8,161.04
63.44,136.64,73.2,-97.6,-4.88,102.48,209.84,590.48,527.04,414.8,185.44,165.92
63.44,141.52,78.08,-102.48,-9.76,107.36,209.84,600.24,531.92,419.68,195.2,170.8
78.08,146.4,68.32,-112.24,4.88,107.36,214.72,614.88,541.68,429.44,209.84,185.44
87.84,151.28,63.44,-117.12,9.76,107.36,224.48,610,561.2,439.2,214.72,175.68
97.6,156.16,58.56,-126.88,19.52,107.36,219.6,614.88,566.08,448.96,214.72,185.44
102.48,156.16,53.68,-126.88,24.4,102.48,219.6,619.76,575.84,458.72,219.6,195.2
107.36,165.92,58.56,-136.64,24.4,112.24,219.6,624.64,585.6,468.48,229.36,200.08
97.6,170.8,73.2,-131.76,9.76,122,224.48,629.52,605.12,488,244,214.72
107.36,175.68,68.32,-141.52,19.52,122,224.48,634.4,605.12,492.88,248.88,219.6
107.36,180.56,73.2,-141.52,14.64,126.88,224.48,639.28,614.88,502.64,263.52,219.6
107.36,180.56,73.2,-141.52,14.64,126.88,224.48,649.04,619.76,512.4,273.28,224.48
117.12,185.44,68.32,-151.28,24.4,126.88,214.72,644.16,624.64,522.16,283.04,214.72
126.88,185.44,58.56,-156.16,34.16,122,214.72,644.16,624.64,527.04,283.04,229.36
126.88,185.44,58.56,-156.16,34.16,122,214.72,639.28,624.64,531.92,287.92,229.36
112.24,185.44,73.2,-146.4,19.52,126.88,209.84,624.64,624.64,531.92,287.92,229.36
126.88,190.32,63.44,-156.16,29.28,126.88,200.08,619.76,619.76,527.04,302.56,229.36
136.64,200.08,63.44,-165.92,34.16,131.76,195.2,610,614.88,527.04,302.56,229.36
141.52,200.08,58.56,-170.8,39.04,126.88,190.32,600.24,610,527.04,302.56,229.36
146.4,200.08,53.68,-170.8,43.92,126.88,190.32,580.72,605.12,527.04,302.56,239.12
141.52,195.2,53.68,-165.92,43.92,122,180.56,570.96,605.12,541.68,307.44,244
136.64,195.2,58.56,-165.92,39.04,126.88,175.68,556.32,595.36,541.68,307.44,244
131.76,195.2,63.44,-161.04,34.16,126.88,170.8,531.92,590.48,536.8,307.44,244
126.88,195.2,68.32,-161.04,29.28,131.76,165.92,502.64,575.84,536.8,307.44,244
117.12,195.2,78.08,-156.16,19.52,136.64,151.28,488,575.84,527.04,302.56,244
112.24,190.32,78.08,-151.28,14.64,131.76,136.64,473.36,566.08,522.16,302.56,239.12
112.24,190.32,78.08,-151.28,14.64,131.76,136.64,453.84,551.44,517.28,287.92,239.12
112.24,190.32,78.08,-151.28,14.64,131.76,122,429.44,541.68,512.4,287.92,239.12
112.24,175.68,63.44,-141.52,24.4,117.12,117.12,390.4,507.52,488,278.16,229.36
107.36,170.8,63.44,-136.64,19.52,117.12,107.36,361.12,492.88,478.24,268.4,224.48
97.6,165.92,68.32,-131.76,14.64,117.12,102.48,322.08,468.48,468.48,268.4,219.6
92.72,161.04,68.32,-126.88,9.76,112.24,92.72,287.92,444.08,448.96,258.64,214.72
78.08,161.04,82.96,-117.12,-4.88,122,82.96,268.4,419.68,434.32,248.88,214.72
73.2,151.28,78.08,-112.24,-4.88,112.24,73.2,234.24,400.16,419.68,229.36,204.96
68.32,141.52,73.2,-102.48,-4.88,107.36,63.44,214.72,375.76,400.16,209.84,195.2
58.56,141.52,82.96,-97.6,-14.64,112.24,53.68,180.56,341.6,370.88,195.2,175.68
48.8,126.88,78.08,-87.84,-14.64,102.48,39.04,146.4,312.32,361.12,170.8,161.04
48.8,112.24,63.44,-78.08,-9.76,87.84,34.16,117.12,292.8,331.84,156.16,146.4
39.04,92.72,53.68,-63.44,-9.76,73.2,14.64,87.84,273.28,307.44,136.64,136.64
39.04,82.96,43.92,-58.56,-4.88,63.44,4.88,73.2,253.76,283.04,122,126.88
48.8,82.96,34.16,-63.44,4.88,58.56,9.76,39.04,234.24,263.52,102.48,122
39.04,78.08,39.04,-58.56,0,58.56,4.88,19.52,204.96,248.88,82.96,102.48
29.28,63.44,34.16,-43.92,-4.88,48.8,0,9.76,180.56,229.36,63.44,87.84
19.52,58.56,39.04,-39.04,-9.76,48.8,-4.88,-9.76,156.16,209.84,39.04,82.96
4.88,43.92,39.04,-24.4,-19.52,39.04,-19.52,-29.28,146.4,200.08,34.16,63.44
0,39.04,39.04,-19.52,-19.52,39.04,-24.4,-39.04,131.76,185.44,19.52,53.68
0,34.16,34.16,-14.64,-19.52,34.16,-29.28,-53.68,112.24,170.8,4.88,43.92
-9.76,19.52,29.28,-4.88,-19.52,24.4,-29.28,-58.56,102.48,161.04,0,34.16
-19.52,14.64,34.16,4.88,-29.28,24.4,-24.4,-58.56,92.72,156.16,-19.52,39.04
-19.52,9.76,29.28,4.88,-24.4,19.52,-24.4,-68.32,78.08,146.4,-34.16,34.16
-19.52,4.88,24.4,9.76,-24.4,14.64,-19.52,-78.08,63.44,131.76,-29.28,34.16
-29.28,0,29.28,14.64,-29.28,14.64,-14.64,-92.72,53.68,126.88,-34.16,24.4
-24.4,-14.64,9.76,19.52,-19.52,-4.88,-24.4,-107.36,34.16,107.36,-53.68,19.52
-29.28,-14.64,14.64,24.4,-24.4,0,-24.4,-122,24.4,92.72,-63.44,19.52
-29.28,-19.52,9.76,24.4,-19.52,-4.88,-29.28,-131.76,14.64,78.08,-63.44,14.64
-24.4,-19.52,4.88,24.4,-14.64,-9.76,-29.28,-131.76,9.76,63.44,-78.08,4.88
-29.28,-14.64,14.64,24.4,-24.4,0,-29.28,-122,9.76,58.56,-78.08,0
-34.16,-19.52,14.64,29.28,-24.4,-4.88,-29.28,-131.76,9.76,63.44,-78.08,-4.88
-39.04,-29.28,9.76,34.16,-24.4,-9.76,-34.16,-136.64,0,58.56,-82.96,-9.76
-43.92,-34.16,9.76,39.04,-29.28,-14.64,-34.16,-151.28,-4.88,63.44,-78.08,-9.76
-43.92,-39.04,4.88,43.92,-24.4,-19.52,-34.16,-151.28,-9.76,58.56,-82.96,-9.76
-43.92,-39.04,4.88,43.92,-24.4,-19.52,-29.28,-146.4,-19.52,53.68,-92.72,-9.76
-53.68,-43.92,9.76,48.8,-34.16,-19.52,-19.52,-146.4,-29.28,48.8,-97.6,-14.64
-53.68,-53.68,0,53.68,-29.28,-29.28,-19.52,-151.28,-34.16,43.92,-102.48,-19.52
-43.92,-48.8,-4.88,48.8,-19.52,-29.28,-29.28,-151.28,-24.4,39.04,-102.48,-19.52
-48.8,-48.8,0,48.8,-24.4,-24.4,-29.28,-156.16,-24.4,34.16,-102.48,-19.52
-48.8,-43.92,4.88,48.8,-29.28,-19.52,-29.28,-156.16,-24.4,29.28,-102.48,-24.4
-48.8,-39.04,9.76,43.92,-29.28,-14.64,-29.28,-161.04,-34.16,29.28,-112.24,-24.4
-53.68,-48.8,4.88,53.68,-29.28,-24.4,-29.28,-156.16,-34.16,24.4,-112.24,-24.4
-53.68,-48.8,4.88,53.68,-29.28,-24.4,-24.4,-151.28,-34.16,24.4,-112.24,-24.4
-48.8,-48.8,0,48.8,-24.4,-24.4,-24.4,-146.4,-34.16,29.28,-107.36,-24.4
-48.8,-48.8,0,48.8,-24.4,-24.4,-24.4,-141.52,-43.92,29.28,-112.24,-29.28
-39.04,-43.92,-4.88,43.92,-19.52,-24.4,-34.16,-151.28,-53.68,19.52,-122,-29.28
-39.04,-43.92,-4.88,43.92,-19.52,-24.4,-34.16,-156.16,-53.68,19.52,-117.12,-29.28
-39.04,-43.92,-4.88,43.92,-19.52,-24.4,-34.16,-156.16,-53.68,19.52,-112.24,-29.28
-43.92,-43.92,0,43.92,-24.4,-24.4,-34.16,-156.16,-53.68,14.64,-107.36,-29.28
-53.68,-58.56,-4.88,58.56,-24.4,-34.16,-24.4,-146.4,-43.92,19.52,-107.36,-29.28
-43.92,-58.56,-14.64,53.68,-14.64,-39.04,-24.4,-146.4,-43.92,19.52,-112.24,-29.28
-58.56,-58.56,0,58.56,-29.28,-29.28,-24.4,-151.28,-43.92,19.52,-122,-29.28
-58.56,-58.56,0,58.56,-29.28,-29.28,-24.4,-151.28,-43.92,19.52,-112.24,-29.28
-48.8,-58.56,-9.76,53.68,-19.52,-34.16,-34.16,-141.52,-48.8,14.64,-122,-29.28
-48.8,-58.56,-9.76,53.68,-19.52,-34.16,-29.28,-136.64,-58.56,14.64,-126.88,-29.28
-48.8,-58.56,-9.76,53.68,-19.52,-34.16,-29.28,-131.76,-63.44,9.76,-136.64,-29.28
-53.68,-58.56,-4.88,58.56,-24.4,-34.16,-34.16,-122,-68.32,4.88,-141.52,-29.28
-43.92,-48.8,-4.88,48.8,-19.52,-29.28,-34.16,-131.76,-58.56,14.64,-131.76,-29.28
-43.92,-48.8,-4.88,48.8,-19.52,-29.28,-34.16,-131.76,-58.56,14.64,-131.76,-29.28
-43.92,-48.8,-4.88,48.8,-19.52,-29.28,-34.16,-131.76,-58.56,9.76,-136.64,-29.28
-43.92,-48.8,-4.88,48.8,-19.52,-29.28,-34.16,-141.52,-53.68,9.76,-136.64,-29.28
-43.92,-48.8,-4.88,48.8,-19.52,-29.28,-24.4,-131.76,-53.68,9.76,-126.88,-24.4
-48.8,-43.92,4.88,48.8,-29.28,-19.52,-24.4,-126.88,-53.68,9.76,-126.88,-24.4
-48.8,-43.92,4.88,48.8,-29.28,-19.52,-19.52,-117.12,-53.68,4.88,-131.76,-24.4
-48.8,-43.92,4.88,48.8,-29.28,-19.52,-19.52,-117.12,-53.68,4.88,-131.76,-24.4
-48.8,-48.8,0,48.8,-24.4,-24.4,-24.4,-122,-58.56,0,-141.52,-34.16
-43.92,-48.8,-4.88,48.8,-19.52,-29.28,-24.4,-122,-58.56,0,-141.52,-34.16
-43.92,-48.8,-4.88,48.8,-19.52,-29.28,-24.4,-117.12,-58.56,0,-131.76,-34.16
-53.68,-48.8,4.88,53.68,-29.28,-24.4,-29.28,-117.12,-58.56,0,-131.76,-34.16
-43.92,-58.56,-14.64,53.68,-14.64,-39.04,-19.52,-112.24,-48.8,4.88,-136.64,-34.16
-43.92,-58.56,-14.64,53.68,-14.64,-39.04,-19.52,-112.24,-48.8,4.88,-136.64,-34.16
-43.92,-48.8,-4.88,48.8,-19.52,-29.28,-19.52,-107.36,-48.8,4.88,-136.64,-29.28
-43.92,-48.8,-4.88,48.8,-19.52,-29.28,-19.52,-107.36,-48.8,4.88,-136.64,-29.28
-34.16,-53.68,-19.52,43.92,-9.76,-39.04,-9.76,-97.6,-43.92,0,-126.88,-39.04
-48.8,-53.68,-4.88,53.68,-24.4,-29.28,-9.76,-97.6,-43.92,4.88,-126.88,-39.04
-63.44,-53.68,9.76,58.56,-39.04,-24.4,-9.76,-97.6,-43.92,4.88,-126.88,-39.04
-58.56,-48.8,9.76,53.68,-34.16,-19.52,-4.88,-97.6,-43.92,0,-126.88,-39.04
-48.8,-48.8,0,48.8,-24.4,-24.4,-14.64,-97.6,-53.68,0,-131.76,-48.8
-48.8,-48.8,0,48.8,-24.4,-24.4,-14.64,-92.72,-53.68,9.76,-131.76,-48.8
-48.8,-48.8,0,48.8,-24.4,-24.4,-14.64,-92.72,-53.68,9.76,-126.88,-48.8
-48.8,-53.68,-4.88,53.68,-24.4,-29.28,-14.64,-87.84,-53.68,4.88,-126.88,-43.92
-48.8,-53.68,-4.88,53.68,-24.4,-29.28,-14.64,-87.84,-43.92,9.76,-131.76,-43.92
-58.56,-53.68,4.88,58.56,-34.16,-24.4,-19.52,-87.84,-43.92,4.88,-126.88,-43.92
-48.8,-48.8,0,48.8,-24.4,-24.4,-19.52,-87.84,-43.92,4.88,-122,-34.16
-39.04,-48.8,-9.76,43.92,-14.64,-29.28,-19.52,-87.84,-43.92,9.76,-122,-43.92
-48.8,-39.04,9.76,43.92,-29.28,-14.64,-19.52,-78.08,-53.68,0,-122,-34.16
-48.8,-39.04,9.76,43.92,-29.28,-14.64,-19.52,-78.08,-48.8,0,-122,-34.16
-43.92,-39.04,4.88,43.92,-24.4,-19.52,-19.52,-78.08,-48.8,0,-122,-34.16
-43.92,-34.16,9.76,39.04,-29.28,-14.64,-19.52,-78.08,-48.8,0,-126.88,-34.16
-34.16,-34.16,0,34.16,-19.52,-19.52,-19.52,-78.08,-48.8,-9.76,-126.88,-39.04
-39.04,-34.16,4.88,39.04,-24.4,-14.64,-14.64,-73.2,-43.92,-9.76,-117.12,-39.04
-39.04,-34.16,4.88,39.04,-24.4,-14.64,-14.64,-73.2,-43.92,-4.88,-117.12,-39.04
-29.28,-34.16,-4.88,34.16,-14.64,-19.52,-19.52,-73.2,-43.92,0,-122,-39.04
-34.16,-39.04,-4.88,39.04,-14.64,-24.4,-9.76,-73.2,-43.92,0,-112.24,-39.04
-34.16,-39.04,-4.88,39.04,-14.64,-24.4,-9.76,-73.2,-43.92,0,-107.36,-39.04
-43.92,-39.04,4.88,43.92,-24.4,-19.52,-9.76,-73.2,-43.92,0,-107.36,-39.04
-43.92,-43.92,0,43.92,-24.4,-24.4,-14.64,-73.2,-43.92,-4.88,-107.36,-39.04
-43.92,-43.92,0,43.92,-24.4,-24.4,-14.64,-73.2,-39.04,-4.88,-107.36,-39.04
-43.92,-43.92,0,43.92,-24.4,-24.4,-14.64,-73.2,-39.04,-4.88,-107.36,-39.04
-43.92,-43.92,0,43.92,-24.4,-24.4,-9.76,-73.2,-39.04,0,-107.36,-34.16
-43.92,-43.92,0,43.92,-24.4,-24.4,-9.76,-63.44,-29.28,0,-107.36,-34.16
-39.04,-34.16,4.88,39.04,-24.4,-14.64,-19.52,-87.84,-34.16,0,-107.36,-34.16
-34.16,-34.16,0,34.16,-19.52,-19.52,-19.52,-87.84,-39.04,0,-107.36,-34.16
-29.28,-34.16,-4.88,34.16,-14.64,-19.52,-19.52,-82.96,-43.92,0,-107.36,-34.16
-24.4,-34.16,-9.76,29.28,-9.76,-24.4,-19.52,-82.96,-48.8,0,-107.36,-34.16
-34.16,-34.16,0,34.16,-19.52,-19.52,-19.52,-78.08,-48.8,0,-102.48,-34.16
-34.16,-34.16,0,34.16,-19.52,-19.52,-24.4,-78.08,-53.68,0,-92.72,-34.16
-14.64,-34.16,-19.52,24.4,0,-29.28,-24.4,-73.2,-53.68,0,-82.96,-34.16
-34.16,-34.16,0,34.16,-19.52,-19.52,-29.28,-68.32,-53.68,0,-78.08,-34.16
-48.8,-34.16,14.64,43.92,-34.16,-9.76,-24.4,-63.44,-43.92,4.88,-82.96,-19.52
-43.92,-34.16,9.76,39.04,-29.28,-14.64,-19.52,-63.44,-43.92,14.64,-78.08,-19.52
-48.8,-34.16,14.64,43.92,-34.16,-9.76,-14.64,-63.44,-43.92,19.52,-78.08,-19.52
-53.68,-34.16,19.52,43.92,-39.04,-9.76,-9.76,-63.44,-43.92,24.4,-78.08,-19.52
-39.04,-43.92,-4.88,43.92,-19.52,-24.4,-19.52,-68.32,-53.68,14.64,-78.08,-19.52
-39.04,-43.92,-4.88,43.92,-19.52,-24.4,-24.4,-68.32,-53.68,9.76,-82.96,-24.4
-39.04,-43.92,-4.88,43.92,-19.52,-24.4,-24.4,-68.32,-53.68,9.76,-82.96,-24.4
-39.04,-43.92,-4.88,43.92,-19.52,-24.4,-19.52,-73.2,-58.56,9.76,-82.96,-24.4
-34.16,-29.28,4.88,34.16,-19.52,-14.64,-24.4,-73.2,-48.8,9.76,-82.96,-24.4
-34.16,-29.28,4.88,34.16,-19.52,-14.64,-24.4,-78.08,-48.8,9.76,-82.96,-29.28
-39.04,-34.16,4.88,39.04,-24.4,-14.64,-24.4,-78.08,-48.8,14.64,-92.72,-29.28
-24.4,-39.04,-14.64,34.16,-4.88,-29.28,-24.4,-82.96,-58.56,14.64,-92.72,-29.28
-29.28,-48.8,-19.52,39.04,-4.88,-34.16,-24.4,-82.96,-68.32,19.52,-92.72,-29.28
-39.04,-48.8,-9.76,43.92,-14.64,-29.28,-24.4,-78.08,-63.44,19.52,-92.72,-29.28
-43.92,-43.92,0,43.92,-24.4,-24.4,-24.4,-78.08,-58.56,19.52,-92.72,-29.28
-43.92,-43.92,0,43.92,-24.4,-24.4,-24.4,-78.08,-58.56,19.52,-87.84,-29.28
-39.04,-39.04,0,39.04,-19.52,-19.52,-24.4,-78.08,-58.56,9.76,-87.84,-39.04
-24.4,-39.04,-14.64,34.16,-4.88,-29.28,-24.4,-82.96,-58.56,9.76,-92.72,-43.92
-29.28,-39.04,-9.76,34.16,-9.76,-24.4,-24.4,-82.96,-58.56,9.76,-107.36,-43.92
-29.28,-39.04,-9.76,34.16,-9.76,-24.4,-24.4,-82.96,-58.56,9.76,-112.24,-48.8
-19.52,-43.92,-24.4,34.16,0,-34.16,-29.28,-92.72,-73.2,4.88,-117.12,-48.8
-9.76,-43.92,-34.16,29.28,9.76,-39.04,-34.16,-102.48,-78.08,4.88,-117.12,-48.8
-9.76,-43.92,-34.16,29.28,9.76,-39.04,-39.04,-102.48,-78.08,0,-117.12,-53.68
-9.76,-43.92,-34.16,29.28,9.76,-39.04,-43.92,-102.48,-78.08,0,-117.12,-53.68
-14.64,-43.92,-29.28,29.28,4.88,-39.04,-34.16,-92.72,-78.08,0,-112.24,-48.8
-24.4,-43.92,-19.52,34.16,-4.88,-34.16,-34.16,-92.72,-78.08,4.88,-107.36,-48.8
-29.28,-43.92,-14.64,39.04,-9.76,-29.28,-34.16,-92.72,-78.08,4.88,-107.36,-43.92
-24.4,-43.92,-19.52,34.16,-4.88,-34.16,-34.16,-97.6,-78.08,0,-112.24,-39.04
-19.52,-58.56,-39.04,39.04,9.76,-48.8,-43.92,-102.48,-82.96,-9.76,-117.12,-43.92
-24.4,-58.56,-34.16,43.92,4.88,-48.8,-43.92,-107.36,-82.96,-9.76,-122,-48.8
-19.52,-58.56,-39.04,39.04,9.76,-48.8,-43.92,-112.24,-87.84,-9.76,-122,-48.8
-9.76,-58.56,-48.8,34.16,19.52,-53.68,-43.92,-117.12,-87.84,-9.76,-122,-53.68
4.88,-48.8,-53.68,24.4,29.28,-53.68,-34.16,-107.36,-78.08,-4.88,-122,-53.68
4.88,-43.92,-48.8,19.52,24.4,-48.8,-34.16,-107.36,-78.08,-4.88,-122,-48.8
-4.88,-39.04,-34.16,24.4,14.64,-39.04,-34.16,-107.36,-82.96,-4.88,-122,-43.92
-9.76,-34.16,-24.4,24.4,4.88,-29.28,-34.16,-107.36,-87.84,-4.88,-122,-39.04
-9.76,-39.04,-29.28,24.4,9.76,-34.16,-29.28,-102.48,-87.84,-14.64,-122,-39.04
-9.76,-39.04,-29.28,24.4,9.76,-34.16,-29.28,-102.48,-92.72,-14.64,-126.88,-39.04
-9.76,-39.04,-29.28,24.4,9.76,-34.16,-34.16,-102.48,-92.72,-14.64,-126.88,-39.04
-4.88,-39.04,-34.16,24.4,14.64,-39.04,-34.16,-102.48,-87.84,-19.52,-126.88,-39.04
4.88,-48.8,-53.68,24.4,29.28,-53.68,-43.92,-112.24,-97.6,-29.28,-131.76,-53.68
4.88,-48.8,-53.68,24.4,29.28,-53.68,-43.92,-117.12,-102.48,-29.28,-136.64,-53.68
4.88,-48.8,-53.68,24.4,29.28,-53.68,-43.92,-117.12,-102.48,-29.28,-141.52,-58.56
9.76,-48.8,-58.56,19.52,34.16,-53.68,-39.04,-117.12,-102.48,-29.28,-146.4,-63.44
4.88,-53.68,-58.56,24.4,29.28,-58.56,-29.28,-117.12,-102.48,-29.28,-141.52,-58.56
0,-53.68,-53.68,29.28,24.4,-53.68,-29.28,-117.12,-102.48,-34.16,-141.52,-58.56
-4.88,-53.68,-48.8,29.28,19.52,-53.68,-34.16,-117.12,-107.36,-34.16,-141.52,-58.56
-14.64,-48.8,-34.16,34.16,9.76,-43.92,-34.16,-117.12,-107.36,-34.16,-141.52,-58.56
-24.4,-48.8,-24.4,39.04,0,-39.04,-24.4,-117.12,-97.6,-24.4,-141.52,-48.8
-24.4,-48.8,-24.4,39.04,0,-39.04,-24.4,-122,-97.6,-24.4,-141.52,-48.8
-24.4,-48.8,-24.4,39.04,0,-39.04,-24.4,-122,-97.6,-19.52,-141.52,-53.68
-24.4,-48.8,-24.4,39.04,0,-39.04,-19.52,-122,-97.6,-19.52,-141.52,-53.68
-24.4,-48.8,-24.4,39.04,0,-39.04,-19.52,-112.24,-97.6,-29.28,-151.28,-63.44
-29.28,-48.8,-19.52,39.04,-4.88,-34.16,-19.52,-112.24,-97.6,-29.28,-156.16,-63.44
-29.28,-48.8,-19.52,39.04,-4.88,-34.16,-19.52,-107.36,-97.6,-34.16,-156.16,-63.44
-19.52,-48.8,-29.28,34.16,4.88,-39.04,-19.52,-107.36,-97.6,-34.16,-156.16,-63.44
-14.64,-53.68,-39.04,34.16,9.76,-48.8,-19.52,-112.24,-107.36,-43.92,-156.16,-53.68
-14.64,-53.68,-39.04,34.16,9.76,-48.8,-19.52,-112.24,-107.36,-43.92,-151.28,-53.68
-9.76,-53.68,-43.92,34.16,14.64,-48.8,-19.52,-107.36,-107.36,-43.92,-151.28,-58.56
-9.76,-48.8,-39.04,29.28,14.64,-43.92,-19.52,-107.36,-107.36,-48.8,-156.16,-58.56
-9.76,-58.56,-48.8,34.16,19.52,-53.68,-19.52,-112.24,-117.12,-58.56,-161.04,-63.44
-9.76,-58.56,-48.8,34.16,19.52,-53.68,-19.52,-112.24,-117.12,-58.56,-170.8,-63.44
-4.88,-63.44,-58.56,34.16,24.4,-63.44,-19.52,-117.12,-117.12,-58.56,-175.68,-63.44
-4.88,-63.44,-58.56,34.16,24.4,-63.44,-19.52,-117.12,-112.24,-58.56,-180.56,-63.44
-14.64,-53.68,-39.04,34.16,9.76,-48.8,-9.76,-112.24,-112.24,-58.56,-170.8,-63.44
-14.64,-53.68,-39.04,34.16,9.76,-48.8,-9.76,-112.24,-112.24,-58.56,-170.8,-58.56
-14.64,-53.68,-39.04,34.16,9.76,-48.8,-9.76,-112.24,-112.24,-58.56,-165.92,-58.56
-14.64,-53.68,-39.04,34.16,9.76,-48.8,-9.76,-112.24,-112.24,-48.8,-165.92,-63.44
-24.4,-53.68,-29.28,39.04,0,-43.92,0,-102.48,-107.36,-58.56,-165.92,-73.2
-29.28,-53.68,-24.4,43.92,-4.88,-39.04,0,-102.48,-107.36,-58.56,-165.92,-73.2
-29.28,-53.68,-24.4,43.92,-4.88,-39.04,0,-102.48,-112.24,-58.56,-165.92,-73.2
-24.4,-48.8,-24.4,39.04,0,-39.04,0,-107.36,-112.24,-58.56,-170.8,-73.2
-24.4,-48.8,-24.4,39.04,0,-39.04,0,-107.36,-102.48,-68.32,-180.56,-63.44
-34.16,-53.68,-19.52,43.92,-9.76,-39.04,0,-102.48,-102.48,-63.44,-175.68,-63.44
-34.16,-58.56,-24.4,48.8,-4.88,-43.92,4.88,-102.48,-102.48,-63.44,-175.68,-63.44
-29.28,-58.56,-29.28,43.92,0,-43.92,4.88,-102.48,-102.48,-68.32,-180.56,-68.32
-29.28,-53.68,-24.4,43.92,-4.88,-39.04,4.88,-102.48,-112.24,-78.08,-170.8,-78.08
-19.52,-53.68,-34.16,39.04,4.88,-43.92,0,-102.48,-117.12,-78.08,-170.8,-73.2
-19.52,-53.68,-34.16,39.04,4.88,-43.92,0,-102.48,-117.12,-82.96,-175.68,-73.2
-24.4,-53.68,-29.28,39.04,0,-43.92,0,-102.48,-117.12,-82.96,-175.68,-78.08
-34.16,-63.44,-29.28,48.8,-4.88,-48.8,4.88,-92.72,-112.24,-73.2,-165.92,-68.32
-34.16,-63.44,-29.28,48.8,-4.88,-48.8,4.88,-92.72,-112.24,-73.2,-165.92,-68.32
-53.68,-63.44,-9.76,58.56,-24.4,-39.04,4.88,-97.6,-112.24,-73.2,-165.92,-68.32
-39.04,-63.44,-24.4,53.68,-9.76,-43.92,4.88,-97.6,-107.36,-73.2,-161.04,-68.32
-19.52,-63.44,-43.92,43.92,9.76,-53.68,0,-102.48,-112.24,-82.96,-165.92,-73.2
-14.64,-63.44,-48.8,39.04,14.64,-58.56,0,-102.48,-117.12,-82.96,-170.8,-78.08
-9.76,-63.44,-53.68,39.04,19.52,-58.56,0,-102.48,-117.12,-87.84,-175.68,-92.72
4.88,-68.32,-73.2,34.16,39.04,-73.2,0,-102.48,-117.12,-87.84,-180.56,-87.84
0,-68.32,-68.32,34.16,34.16,-68.32,-9.76,-102.48,-126.88,-97.6,-180.56,-87.84
-4.88,-63.44,-58.56,34.16,24.4,-63.44,-9.76,-107.36,-131.76,-97.6,-190.32,-87.84
-9.76,-58.56,-48.8,34.16,19.52,-53.68,-9.76,-107.36,-136.64,-97.6,-195.2,-87.84
-14.64,-53.68,-39.04,34.16,9.76,-48.8,-9.76,-107.36,-146.4,-97.6,-200.08,-87.84
-24.4,-53.68,-29.28,39.04,0,-43.92,-4.88,-102.48,-141.52,-97.6,-190.32,-82.96
-19.52,-63.44,-43.92,43.92,9.76,-53.68,0,-97.6,-136.64,-97.6,-190.32,-82.96
-19.52,-53.68,-34.16,39.04,4.88,-43.92,4.88,-92.72,-131.76,-97.6,-185.44,-82.96
-24.4,-53.68,-29.28,39.04,0,-43.92,9.76,-87.84,-126.88,-97.6,-180.56,-82.96
-24.4,-63.44,-39.04,43.92,4.88,-53.68,9.76,-87.84,-136.64,-97.6,-190.32,-92.72
-24.4,-63.44,-39.04,43.92,4.88,-53.68,9.76,-87.84,-136.64,-97.6,-190.32,-92.72
-24.4,-63.44,-39.04,43.92,4.88,-53.68,4.88,-87.84,-141.52,-102.48,-190.32,-92.72
-19.52,-63.44,-43.92,43.92,9.76,-53.68,4.88,-87.84,-141.52,-102.48,-195.2,-97.6
-29.28,-63.44,-34.16,48.8,0,-48.8,9.76,-78.08,-126.88,-102.48,-195.2,-97.6
-29.28,-63.44,-34.16,48.8,0,-48.8,9.76,-78.08,-122,-102.48,-195.2,-97.6
-34.16,-63.44,-29.28,48.8,-4.88,-48.8,9.76,-78.08,-122,-102.48,-195.2,-97.6
-34.16,-63.44,-29.28,48.8,-4.88,-48.8,9.76,-78.08,-122,-102.48,-195.2,-92.72
-34.16,-68.32,-34.16,53.68,0,-53.68,9.76,-82.96,-131.76,-112.24,-190.32,-92.72
-34.16,-68.32,-34.16,53.68,0,-53.68,9.76,-82.96,-131.76,-112.24,-190.32,-92.72
-34.16,-68.32,-34.16,53.68,0,-53.68,9.76,-87.84,-131.76,-112.24,-190.32,-97.6
-34.16,-63.44,-29.28,48.8,-4.88,-48.8,9.76,-87.84,-131.76,-112.24,-190.32,-97.6
-19.52,-53.68,-34.16,39.04,4.88,-43.92,9.76,-87.84,-141.52,-112.24,-180.56,-107.36
-19.52,-53.68,-34.16,39.04,4.88,-43.92,9.76,-87.84,-141.52,-117.12,-180.56,-112.24
-24.4,-58.56,-34.16,43.92,4.88,-48.8,9.76,-87.84,-141.52,-117.12,-185.44,-112.24
-24.4,-58.56,-34.16,43.92,4.88,-48.8,9.76,-87.84,-141.52,-117.12,-185.44,-107.36
-24.4,-48.8,-24.4,39.04,0,-39.04,9.76,-87.84,-131.76,-102.48,-180.56,-97.6
-39.04,-53.68,-14.64,48.8,-14.64,-34.16,19.52,-78.08,-131.76,-102.48,-180.56,-97.6
-73.2,-63.44,9.76,68.32,-43.92,-29.28,19.52,-78.08,-136.64,-117.12,-185.44,-107.36
-48.8,-58.56,-9.76,53.68,-19.52,-34.16,19.52,-78.08,-146.4,-117.12,-195.2,-107.36
-34.16,-48.8,-14.64,43.92,-9.76,-34.16,19.52,-87.84,-156.16,-117.12,-190.32,-97.6
-29.28,-48.8,-19.52,39.04,-4.88,-34.16,19.52,-87.84,-156.16,-117.12,-185.44,-97.6
-24.4,-48.8,-24.4,39.04,0,-39.04,19.52,-87.84,-156.16,-117.12,-180.56,-97.6
-19.52,-48.8,-29.28,34.16,4.88,-39.04,19.52,-87.84,-156.16,-117.12,-175.68,-97.6
-34.16,-58.56,-24.4,48.8,-4.88,-43.92,19.52,-78.08,-151.28,-107.36,-165.92,-97.6
-39.04,-58.56,-19.52,48.8,-9.76,-39.04,19.52,-78.08,-146.4,-107.36,-165.92,-97.6
-43.92,-58.56,-14.64,53.68,-14.64,-39.04,19.52,-78.08,-141.52,-107.36,-165.92,-97.6
-48.8,-58.56,-9.76,53.68,-19.52,-34.16,19.52,-78.08,-136.64,-107.36,-165.92,-97.6
-39.04,-58.56,-19.52,48.8,-9.76,-39.04,9.76,-82.96,-151.28,-122,-170.8,-107.36
-39.04,-58.56,-19.52,48.8,-9.76,-39.04,9.76,-87.84,-156.16,-126.88,-175.68,-107.36
-39.04,-58.56,-19.52,48.8,-9.76,-39.04,9.76,-92.72,-161.04,-131.76,-180.56,-107.36
-39.04,-58.56,-19.52,48.8,-9.76,-39.04,9.76,-97.6,-165.92,-136.64,-185.44,-107.36
-39.04,-58.56,-19.52,48.8,-9.76,-39.04,19.52,-92.72,-161.04,-131.76,-175.68,-97.6
-39.04,-58.56,-19.52,48.8,-9.76,-39.04,19.52,-87.84,-156.16,-126.88,-175.68,-97.6
-39.04,-58.56,-19.52,48.8,-9.76,-39.04,19.52,-82.96,-151.28,-122,-175.68,-97.6
-39.04,-58.56,-19.52,48.8,-9.76,-39.04,19.52,-78.08,-146.4,-117.12,-175.68,-97.6
-29.28,-48.8,-19.52,39.04,-4.88,-34.16,19.52,-82.96,-156.16,-126.88,-185.44,-107.36
-29.28,-48.8,-19.52,39.04,-4.88,-34.16,19.52,-87.84,-156.16,-126.88,-185.44,-107.36
-29.28,-48.8,-19.52,39.04,-4.88,-34.16,19.52,-92.72,-156.16,-126.88,-185.44,-107.36
-29.28,-48.8,-19.52,39.04,-4.88,-34.16,19.52,-97.6,-156.16,-126.88,-185.44,-107.36
-39.04,-53.68,-14.64,48.8,-14.64,-34.16,9.76,-87.84,-165.92,-136.64,-185.44,-107.36
-39.04,-58.56,-19.52,48.8,-9.76,-39.04,9.76,-87.84,-165.92,-136.64,-185.44,-107.36
-39.04,-63.44,-24.4,53.68,-9.76,-43.92,9.76,-87.84,-165.92,-136.64,-185.44,-107.36
-39.04,-68.32,-29.28,53.68,-4.88,-48.8,9.76,-87.84,-165.92,-136.64,-185.44,-107.36
-39.04,-58.56,-19.52,48.8,-9.76,-39.04,9.76,-87.84,-175.68,-126.88,-185.44,-107.36
-39.04,-58.56,-19.52,48.8,-9.76,-39.04,9.76,-87.84,-175.68,-126.88,-185.44,-107.36
-39.04,-58.56,-19.52,48.8,-9.76,-39.04,9.76,-87.84,-175.68,-126.88,-185.44,-107.36
-39.04,-58.56,-19.52,48.8,-9.76,-39.04,9.76,-87.84,-175.68,-126.88,-185.44,-107.36
-48.8,-58.56,-9.76,53.68,-19.52,-34.16,19.52,-78.08,-165.92,-136.64,-195.2,-97.6
-48.8,-58.56,-9.76,53.68,-19.52,-34.16,19.52,-78.08,-165.92,-136.64,-195.2,-97.6
-48.8,-58.56,-9.76,53.68,-19.52,-34.16,19.52,-78.08,-165.92,-136.64,-195.2,-97.6
-48.8,-58.56,-9.76,53.68,-19.52,-34.16,19.52,-78.08,-165.92,-136.64,-195.2,-97.6
-39.04,-58.56,-19.52,48.8,-9.76,-39.04,9.76,-87.84,-175.68,-136.64,-185.44,-97.6
-39.04,-58.56,-19.52,48.8,-9.76,-39.04,9.76,-87.84,-175.68,-136.64,-185.44,-97.6
-39.04,-58.56,-19.52,48.8,-9.76,-39.04,9.76,-87.84,-175.68,-136.64,-185.44,-97.6
-39.04,-58.56,-19.52,48.8,-9.76,-39.04,9.76,-87.84,-175.68,-136.64,-185.44,-97.6
-29.28,-68.32,-39.04,48.8,4.88,-53.68,9.76,-87.84,-175.68,-136.64,-195.2,-97.6
-29.28,-68.32,-39.04,48.8,4.88,-53.68,9.76,-87.84,-175.68,-136.64,-195.2,-97.6
-29.28,-68.32,-39.04,48.8,4.88,-53.68,9.76,-87.84,-175.68,-136.64,-195.2,-97.6
-29.28,-68.32,-39.04,48.8,4.88,-53.68,9.76,-87.84,-175.68,-136.64,-195.2,-97.6
-39.04,-58.56,-19.52,48.8,-9.76,-39.04,19.52,-87.84,-185.44,-146.4,-195.2,-87.84
-39.04,-58.56,-19.52,48.8,-9.76,-39.04,19.52,-87.84,-185.44,-146.4,-195.2,-87.84
-39.04,-58.56,-19.52,48.8,-9.76,-39.04,19.52,-87.84,-185.44,-146.4,-195.2,-87.84
-39.04,-58.56,-19.52,48.8,-9.76,-39.04,19.52,-87.84,-185.44,-146.4,-195.2,-87.84
-39.04,-58.56,-19.52,48.8,-9.76,-39.04,19.52,-87.84,-185.44,-146.4,-195.2,-97.6
-39.04,-58.56,-19.52,48.8,-9.76,-39.04,19.52,-87.84,-185.44,-146.4,-195.2,-97.6
-39.04,-58.56,-19.52,48.8,-9.76,-39.04,19.52,-87.84,-185.44,-146.4,-195.2,-97.6
-39.04,-58.56,-19.52,48.8,-9.76,-39.04,19.52,-87.84,-185.44,-146.4,-195.2,-97.6
-43.92,-58.56,-14.64,53.68,-14.64,-39.04,19.52,-87.84,-185.44,-146.4,-195.2,-87.84
-48.8,-58.56,-9.76,53.68,-19.52,-34.16,19.52,-87.84,-185.44,-146.4,-195.2,-87.84
-53.68,-58.56,-4.88,58.56,-24.4,-34.16,19.52,-87.84,-185.44,-146.4,-195.2,-87.84
-58.56,-58.56,0,58.56,-29.28,-29.28,19.52,-87.84,-185.44,-146.4,-195.2,-87.84
-53.68,-68.32,-14.64,63.44,-19.52,-43.92,9.76,-87.84,-190.32,-146.4,-204.96,-97.6
-39.04,-63.44,-24.4,53.68,-9.76,-43.92,9.76,-87.84,-190.32,-146.4,-204.96,-97.6
-34.16,-63.44,-29.28,48.8,-4.88,-48.8,9.76,-82.96,-195.2,-146.4,-200.08,-97.6
-43.92,-63.44,-19.52,53.68,-14.64,-43.92,14.64,-82.96,-200.08,-146.4,-200.08,-97.6
-53.68,-63.44,-9.76,58.56,-24.4,-39.04,14.64,-78.08,-190.32,-146.4,-195.2,-87.84
-39.04,-63.44,-24.4,53.68,-9.76,-43.92,14.64,-78.08,-190.32,-146.4,-195.2,-87.84
-39.04,-63.44,-24.4,53.68,-9.76,-43.92,14.64,-78.08,-185.44,-146.4,-195.2,-82.96
-39.04,-63.44,-24.4,53.68,-9.76,-43.92,24.4,-73.2,-185.44,-146.4,-195.2,-82.96
-39.04,-63.44,-24.4,53.68,-9.76,-43.92,24.4,-73.2,-195.2,-156.16,-195.2,-82.96
-39.04,-63.44,-24.4,53.68,-9.76,-43.92,29.28,-63.44,-190.32,-151.28,-190.32,-82.96
-39.04,-58.56,-19.52,48.8,-9.76,-39.04,34.16,-63.44,-190.32,-151.28,-190.32,-82.96
-34.16,-58.56,-24.4,48.8,-4.88,-43.92,34.16,-63.44,-190.32,-146.4,-185.44,-82.96
-34.16,-43.92,-9.76,39.04,-14.64,-29.28,24.4,-63.44,-190.32,-156.16,-195.2,-87.84
-34.16,-39.04,-4.88,39.04,-14.64,-24.4,34.16,-58.56,-185.44,-151.28,-185.44,-87.84
-34.16,-29.28,4.88,34.16,-19.52,-14.64,34.16,-58.56,-180.56,-141.52,-180.56,-82.96
-29.28,-24.4,4.88,29.28,-19.52,-9.76,34.16,-48.8,-170.8,-136.64,-180.56,-82.96
-39.04,-14.64,24.4,29.28,-34.16,4.88,53.68,-34.16,-165.92,-131.76,-170.8,-63.44
-29.28,-9.76,19.52,19.52,-24.4,4.88,53.68,-29.28,-161.04,-131.76,-165.92,-63.44
-24.4,-4.88,19.52,14.64,-24.4,4.88,53.68,-29.28,-161.04,-131.76,-165.92,-63.44
-24.4,0,24.4,14.64,-24.4,9.76,58.56,-29.28,-161.04,-131.76,-156.16,-63.44
-34.16,9.76,43.92,14.64,-39.04,24.4,63.44,-9.76,-146.4,-117.12,-141.52,-53.68
-34.16,14.64,48.8,9.76,-43.92,29.28,68.32,-4.88,-141.52,-107.36,-141.52,-43.92
-34.16,19.52,53.68,9.76,-43.92,34.16,68.32,-4.88,-141.52,-107.36,-141.52,-43.92
-19.52,24.4,43.92,0,-34.16,34.16,68.32,-4.88,-141.52,-107.36,-141.52,-43.92
-19.52,29.28,48.8,-4.88,-34.16,39.04,68.32,-14.64,-141.52,-107.36,-141.52,-43.92
-19.52,39.04,58.56,-9.76,-39.04,48.8,63.44,-4.88,-131.76,-102.48,-141.52,-34.16
-29.28,39.04,68.32,-4.88,-48.8,53.68,58.56,-4.88,-131.76,-107.36,-146.4,-34.16
-19.52,39.04,58.56,-9.76,-39.04,48.8,53.68,-14.64,-131.76,-112.24,-151.28,-34.16
-9.76,48.8,58.56,-19.52,-34.16,53.68,29.28,-29.28,-141.52,-122,-156.16,-48.8
-9.76,48.8,58.56,-19.52,-34.16,53.68,9.76,-39.04,-156.16,-126.88,-161.04,-48.8
-9.76,58.56,68.32,-24.4,-39.04,63.44,-4.88,-43.92,-156.16,-126.88,-161.04,-48.8
-4.88,68.32,73.2,-29.28,-39.04,68.32,-4.88,-43.92,-151.28,-126.88,-156.16,-43.92
-9.76,63.44,73.2,-24.4,-43.92,68.32,-14.64,-39.04,-161.04,-126.88,-165.92,-48.8
0,58.56,58.56,-29.28,-29.28,58.56,-19.52,-39.04,-161.04,-126.88,-161.04,-48.8
9.76,53.68,43.92,-29.28,-19.52,48.8,-24.4,-39.04,-161.04,-122,-161.04,-43.92
9.76,53.68,43.92,-29.28,-19.52,48.8,-29.28,-39.04,-156.16,-112.24,-151.28,-39.04
0,58.56,58.56,-29.28,-29.28,58.56,-19.52,-29.28,-156.16,-122,-151.28,-29.28
-9.76,63.44,73.2,-24.4,-43.92,68.32,-14.64,-29.28,-156.16,-122,-146.4,-24.4
0,63.44,63.44,-29.28,-34.16,63.44,-14.64,-34.16,-156.16,-122,-146.4,-24.4
0,53.68,53.68,-24.4,-29.28,53.68,-19.52,-34.16,-161.04,-131.76,-161.04,-34.16
0,48.8,48.8,-24.4,-24.4,48.8,-29.28,-34.16,-165.92,-141.52,-170.8,-48.8
-4.88,43.92,48.8,-19.52,-29.28,43.92,-29.28,-34.16,-170.8,-141.52,-170.8,-48.8
-4.88,39.04,43.92,-14.64,-24.4,39.04,-29.28,-34.16,-170.8,-141.52,-170.8,-43.92
4.88,39.04,34.16,-19.52,-14.64,34.16,-29.28,-34.16,-170.8,-141.52,-170.8,-43.92
4.88,39.04,34.16,-19.52,-14.64,34.16,-24.4,-24.4,-161.04,-131.76,-165.92,-34.16
-4.88,24.4,29.28,-9.76,-19.52,24.4,-19.52,-24.4,-161.04,-136.64,-161.04,-34.16
-4.88,14.64,19.52,-4.88,-14.64,14.64,-14.64,-29.28,-165.92,-141.52,-161.04,-34.16
-4.88,4.88,9.76,0,-9.76,4.88,-19.52,-39.04,-180.56,-151.28,-165.92,-39.04
9.76,4.88,-4.88,-4.88,4.88,0,-19.52,-29.28,-180.56,-151.28,-161.04,-39.04
4.88,-9.76,-14.64,4.88,9.76,-14.64,-14.64,-24.4,-180.56,-156.16,-161.04,-43.92
4.88,-14.64,-19.52,4.88,9.76,-19.52,-14.64,-24.4,-185.44,-161.04,-156.16,-48.8
9.76,-19.52,-29.28,4.88,19.52,-24.4,-9.76,-19.52,-185.44,-165.92,-161.04,-53.68
-9.76,-29.28,-19.52,19.52,4.88,-24.4,-9.76,-29.28,-200.08,-175.68,-151.28,-53.68
-24.4,-39.04,-14.64,34.16,-4.88,-29.28,-4.88,-39.04,-204.96,-175.68,-156.16,-58.56
-39.04,-43.92,-4.88,43.92,-19.52,-24.4,-4.88,-43.92,-209.84,-180.56,-165.92,-68.32
-43.92,-48.8,-4.88,48.8,-19.52,-29.28,0,-43.92,-214.72,-185.44,-165.92,-68.32
-43.92,-63.44,-19.52,53.68,-14.64,-43.92,-9.76,-43.92,-214.72,-190.32,-161.04,-82.96
-43.92,-63.44,-19.52,53.68,-14.64,-43.92,-9.76,-43.92,-214.72,-190.32,-161.04,-87.84
-43.92,-63.44,-19.52,53.68,-14.64,-43.92,-9.76,-43.92,-214.72,-195.2,-170.8,-92.72
-43.92,-73.2,-29.28,58.56,-9.76,-53.68,-9.76,-53.68,-224.48,-200.08,-180.56,-102.48
-39.04,-73.2,-34.16,58.56,-4.88,-53.68,-9.76,-43.92,-219.6,-195.2,-170.8,-102.48
-39.04,-73.2,-34.16,58.56,-4.88,-53.68,-9.76,-43.92,-224.48,-200.08,-175.68,-102.48
-48.8,-73.2,-24.4,63.44,-14.64,-48.8,-9.76,-48.8,-219.6,-204.96,-175.68,-102.48
-53.68,-78.08,-24.4,68.32,-14.64,-53.68,-9.76,-53.68,-219.6,-209.84,-180.56,-102.48
-63.44,-82.96,-19.52,73.2,-24.4,-53.68,0,-43.92,-224.48,-214.72,-180.56,-112.24
-63.44,-87.84,-24.4,78.08,-19.52,-58.56,0,-48.8,-229.36,-214.72,-185.44,-112.24
-63.44,-87.84,-24.4,78.08,-19.52,-58.56,0,-48.8,-229.36,-214.72,-185.44,-117.12
-58.56,-87.84,-29.28,73.2,-14.64,-58.56,0,-48.8,-229.36,-209.84,-190.32,-117.12
-68.32,-87.84,-19.52,78.08,-24.4,-53.68,-4.88,-43.92,-214.72,-219.6,-190.32,-107.36
-73.2,-92.72,-19.52,82.96,-29.28,-58.56,-4.88,-39.04,-214.72,-214.72,-185.44,-107.36
-73.2,-92.72,-19.52,82.96,-29.28,-58.56,-4.88,-39.04,-214.72,-214.72,-185.44,-107.36
-73.2,-92.72,-19.52,82.96,-29.28,-58.56,-4.88,-39.04,-214.72,-214.72,-185.44,-107.36
-48.8,-82.96,-34.16,68.32,-9.76,-58.56,-4.88,-39.04,-214.72,-219.6,-180.56,-117.12
-48.8,-82.96,-34.16,68.32,-9.76,-58.56,-4.88,-39.04,-214.72,-219.6,-180.56,-117.12
-63.44,-82.96,-19.52,73.2,-24.4,-53.68,-4.88,-39.04,-214.72,-219.6,-180.56,-117.12
-73.2,-82.96,-9.76,78.08,-34.16,-48.8,0,-39.04,-214.72,-219.6,-180.56,-117.12
-73.2,-92.72,-19.52,82.96,-29.28,-58.56,0,-39.04,-204.96,-209.84,-195.2,-107.36
-73.2,-97.6,-24.4,87.84,-24.4,-63.44,0,-39.04,-204.96,-209.84,-195.2,-112.24
-78.08,-97.6,-19.52,87.84,-29.28,-58.56,4.88,-29.28,-204.96,-204.96,-190.32,-112.24
-78.08,-97.6,-19.52,87.84,-29.28,-58.56,9.76,-24.4,-204.96,-204.96,-190.32,-117.12
-78.08,-107.36,-29.28,92.72,-24.4,-68.32,19.52,-19.52,-185.44,-190.32,-190.32,-117.12
-78.08,-97.6,-19.52,87.84,-29.28,-58.56,24.4,-14.64,-185.44,-190.32,-180.56,-117.12
-78.08,-97.6,-19.52,87.84,-29.28,-58.56,34.16,0,-180.56,-190.32,-180.56,-126.88
-78.08,-107.36,-29.28,92.72,-24.4,-68.32,48.8,24.4,-161.04,-180.56,-185.44,-141.52
-87.84,-117.12,-29.28,102.48,-29.28,-73.2,82.96,92.72,-117.12,-156.16,-185.44,-141.52
-117.12,-117.12,0,117.12,-58.56,-58.56,136.64,190.32,-53.68,-122,-175.68,-151.28
-102.48,-107.36,-4.88,107.36,-48.8,-58.56,175.68,307.44,34.16,-82.96,-170.8,-141.52
-29.28,-87.84,-58.56,58.56,14.64,-73.2,229.36,448.96,156.16,4.88,-122,-122
0,-78.08,-78.08,39.04,39.04,-78.08,278.16,561.2,273.28,117.12,-43.92,-87.84
9.76,-73.2,-82.96,34.16,43.92,-78.08,287.92,522.16,312.32,200.08,53.68,-34.16
43.92,-63.44,-107.36,9.76,73.2,-87.84,273.28,414.8,322.08,287.92,156.16,48.8
126.88,-39.04,-165.92,-43.92,146.4,-102.48,258.64,331.84,380.64,419.68,278.16,141.52
209.84,24.4,-185.44,-117.12,195.2,-82.96,180.56,219.6,434.32,595.36,468.48,263.52
317.2,126.88,-190.32,-219.6,253.76,-34.16,14.64,29.28,478.24,805.2,712.48,458.72
434.32,229.36,-204.96,-331.84,317.2,9.76,-165.92,-161.04,531.92,1034.56,971.12,663.68
527.04,331.84,-195.2,-429.44,361.12,68.32,-375.76,-356.24,551.44,1200.48,1161.44,839.36
595.36,424.56,-170.8,-507.52,380.64,126.88,-629.52,-590.48,527.04,1337.12,1332.24,1000.4
668.56,527.04,-141.52,-595.36,405.04,190.32,-878.4,-810.08,497.76,1454.24,1493.28,1146.8
707.6,600.24,-107.36,-653.92,405.04,244,-1088.24,-985.76,429.44,1488.4,1566.48,1229.76
644.16,673.44,29.28,-658.8,307.44,351.36,-1210.24,-1166.32,317.2,1410.32,1517.68,1234.64
522.16,732,209.84,-624.64,156.16,468.48,-1259.04,-1337.12,156.16,1234.64,1400.56,1200.48
385.52,746.64,361.12,-566.08,9.76,551.44,-1278.56,-1478.64,-24.4,990.64,1210.24,1117.52
268.4,673.44,405.04,-468.48,-68.32,536.8,-1288.32,-1556.72,-234.24,673.44,927.2,966.24
185.44,556.32,370.88,-370.88,-92.72,463.6,-1263.92,-1581.12,-497.76,268.4,561.2,746.64
102.48,448.96,346.48,-273.28,-122,395.28,-1220,-1581.12,-761.28,-141.52,204.96,517.28
-4.88,385.52,390.4,-190.32,-200.08,385.52,-1161.44,-1551.84,-946.72,-409.92,-14.64,366
-78.08,331.84,409.92,-126.88,-244,370.88,-1093.12,-1468.88,-1000.4,-512.4,-122,253.76
-87.84,268.4,356.24,-87.84,-224.48,312.32,-995.52,-1307.84,-946.72,-527.04,-180.56,180.56
-73.2,195.2,268.4,-58.56,-170.8,229.36,-868.64,-1107.76,-819.84,-483.12,-200.08,126.88
-43.92,131.76,175.68,-43.92,-112.24,151.28,-741.76,-922.32,-697.84,-429.44,-209.84,73.2
-4.88,92.72,97.6,-43.92,-53.68,92.72,-624.64,-766.16,-619.76,-395.28,-214.72,34.16
-19.52,68.32,87.84,-24.4,-53.68,78.08,-517.28,-629.52,-536.8,-351.36,-204.96,19.52
-48.8,34.16,82.96,9.76,-68.32,58.56,-424.56,-512.4,-463.6,-302.56,-185.44,4.88
-39.04,19.52,58.56,9.76,-48.8,39.04,-361.12,-429.44,-419.68,-278.16,-185.44,-4.88
-4.88,24.4,29.28,-9.76,-19.52,24.4,-292.8,-326.96,-375.76,-248.88,-170.8,-19.52
-14.64,34.16,48.8,-9.76,-34.16,39.04,-224.48,-248.88,-317.2,-209.84,-161.04,-14.64
-43.92,24.4,68.32,9.76,-58.56,43.92,-165.92,-190.32,-273.28,-190.32,-161.04,-24.4
-43.92,4.88,48.8,19.52,-48.8,24.4,-122,-131.76,-229.36,-175.68,-151.28,-34.16
-43.92,-9.76,34.16,29.28,-39.04,9.76,-73.2,-73.2,-185.44,-141.52,-131.76,-34.16
-58.56,-24.4,34.16,43.92,-48.8,4.88,-29.28,-24.4,-136.64,-122,-122,-34.16
-58.56,-24.4,34.16,43.92,-48.8,4.88,-4.88,24.4,-112.24,-112.24,-122,-39.04
-34.16,-39.04,-4.88,39.04,-14.64,-24.4,19.52,53.68,-107.36,-102.48,-117.12,-39.04
-29.28,-29.28,0,29.28,-14.64,-14.64,34.16,78.08,-97.6,-97.6,-107.36,-39.04
-19.52,-24.4,-4.88,24.4,-9.76,-14.64,39.04,92.72,-97.6,-97.6,-112.24,-34.16
-19.52,-29.28,-9.76,24.4,-4.88,-19.52,39.04,97.6,-97.6,-102.48,-117.12,-43.92
-19.52,-43.92,-24.4,34.16,0,-34.16,43.92,97.6,-97.6,-102.48,-117.12,-48.8
-34.16,-48.8,-14.64,43.92,-9.76,-34.16,48.8,97.6,-92.72,-102.48,-122,-48.8
-39.04,-48.8,-9.76,43.92,-14.64,-29.28,63.44,107.36,-78.08,-102.48,-122,-53.68
-48.8,-58.56,-9.76,53.68,-19.52,-34.16,68.32,107.36,-73.2,-102.48,-122,-53.68
-63.44,-63.44,0,63.44,-34.16,-34.16,68.32,117.12,-63.44,-102.48,-122,-58.56
-68.32,-68.32,0,68.32,-34.16,-34.16,73.2,122,-48.8,-92.72,-122,-58.56
-48.8,-58.56,-9.76,53.68,-19.52,-34.16,78.08,136.64,-53.68,-97.6,-107.36,-63.44
-43.92,-58.56,-14.64,53.68,-14.64,-39.04,78.08,151.28,-53.68,-92.72,-107.36,-58.56
-29.28,-58.56,-29.28,43.92,0,-43.92,82.96,161.04,-58.56,-92.72,-102.48,-58.56
-19.52,-53.68,-34.16,39.04,4.88,-43.92,92.72,165.92,-63.44,-92.72,-102.48,-58.56
-24.4,-53.68,-29.28,39.04,0,-43.92,97.6,170.8,-58.56,-87.84,-97.6,-58.56
-48.8,-53.68,-4.88,53.68,-24.4,-29.28,97.6,175.68,-53.68,-82.96,-97.6,-53.68
-53.68,-53.68,0,53.68,-29.28,-29.28,97.6,175.68,-43.92,-68.32,-92.72,-53.68
-58.56,-53.68,4.88,58.56,-34.16,-24.4,102.48,175.68,-29.28,-63.44,-87.84,-53.68
-58.56,-43.92,14.64,53.68,-39.04,-14.64,102.48,175.68,-24.4,-63.44,-87.84,-63.44
-58.56,-39.04,19.52,48.8,-39.04,-9.76,102.48,180.56,-24.4,-63.44,-87.84,-58.56
-48.8,-34.16,14.64,43.92,-34.16,-9.76,102.48,190.32,-24.4,-53.68,-87.84,-58.56
-43.92,-34.16,9.76,39.04,-29.28,-14.64,102.48,195.2,-24.4,-43.92,-87.84,-58.56
-29.28,-48.8,-19.52,39.04,-4.88,-34.16,92.72,200.08,-19.52,-48.8,-78.08,-63.44
-29.28,-48.8,-19.52,39.04,-4.88,-34.16,97.6,204.96,-19.52,-43.92,-73.2,-63.44
-34.16,-48.8,-14.64,43.92,-9.76,-34.16,97.6,204.96,-14.64,-48.8,-73.2,-63.44
-34.16,-48.8,-14.64,43.92,-9.76,-34.16,97.6,204.96,-14.64,-58.56,-78.08,-68.32
-34.16,-39.04,-4.88,39.04,-14.64,-24.4,112.24,209.84,-4.88,-48.8,-68.32,-68.32
-39.04,-34.16,4.88,39.04,-24.4,-14.64,117.12,209.84,0,-43.92,-68.32,-63.44
-39.04,-34.16,4.88,39.04,-24.4,-14.64,117.12,219.6,0,-43.92,-63.44,-53.68
-39.04,-34.16,4.88,39.04,-24.4,-14.64,117.12,219.6,9.76,-43.92,-58.56,-43.92
-39.04,-34.16,4.88,39.04,-24.4,-14.64,107.36,209.84,0,-39.04,-58.56,-43.92
-39.04,-34.16,4.88,39.04,-24.4,-14.64,107.36,219.6,9.76,-43.92,-53.68,-39.04
-39.04,-29.28,9.76,34.16,-24.4,-9.76,107.36,224.48,19.52,-39.04,-53.68,-43.92
-34.16,-29.28,4.88,34.16,-19.52,-14.64,107.36,229.36,19.52,-39.04,-53.68,-48.8
-24.4,-34.16,-9.76,29.28,-9.76,-24.4,107.36,239.12,19.52,-34.16,-48.8,-34.16
-39.04,-34.16,4.88,39.04,-24.4,-14.64,112.24,248.88,29.28,-29.28,-39.04,-24.4
-39.04,-34.16,4.88,39.04,-24.4,-14.64,112.24,253.76,34.16,-24.4,-34.16,-34.16
-39.04,-34.16,4.88,39.04,-24.4,-14.64,112.24,258.64,39.04,-14.64,-24.4,-34.16
-48.8,-34.16,14.64,43.92,-34.16,-9.76,122,268.4,53.68,-19.52,-29.28,-43.92
-48.8,-34.16,14.64,43.92,-34.16,-9.76,122,273.28,53.68,-14.64,-24.4,-43.92
-39.04,-29.28,9.76,34.16,-24.4,-9.76,122,278.16,53.68,-14.64,-24.4,-39.04
-34.16,-29.28,4.88,34.16,-19.52,-14.64,122,283.04,58.56,-9.76,-24.4,-39.04
-24.4,-19.52,4.88,24.4,-14.64,-9.76,112.24,287.92,58.56,-4.88,-14.64,-34.16
-19.52,-19.52,0,19.52,-9.76,-9.76,117.12,292.8,68.32,-4.88,-9.76,-29.28
-19.52,-19.52,0,19.52,-9.76,-9.76,117.12,297.68,68.32,0,-9.76,-29.28
-24.4,-14.64,9.76,19.52,-19.52,-4.88,117.12,297.68,68.32,4.88,-9.76,-29.28
-24.4,-24.4,0,24.4,-14.64,-14.64,131.76,307.44,78.08,14.64,-9.76,-19.52
-24.4,-24.4,0,24.4,-14.64,-14.64,131.76,312.32,82.96,14.64,0,-19.52
-19.52,-19.52,0,19.52,-9.76,-9.76,131.76,317.2,87.84,19.52,0,-19.52
-19.52,-19.52,0,19.52,-9.76,-9.76,131.76,326.96,97.6,24.4,14.64,-14.64
-9.76,0,9.76,4.88,-9.76,4.88,131.76,331.84,97.6,24.4,9.76,-24.4
-19.52,0,19.52,9.76,-19.52,9.76,136.64,336.72,102.48,29.28,14.64,-19.52
-19.52,0,19.52,9.76,-19.52,9.76,141.52,341.6,107.36,34.16,19.52,-9.76
-14.64,4.88,19.52,4.88,-19.52,9.76,141.52,346.48,107.36,39.04,19.52,-9.76
-14.64,4.88,19.52,4.88,-19.52,9.76,141.52,366,117.12,39.04,24.4,-14.64
-9.76,4.88,14.64,4.88,-14.64,9.76,141.52,370.88,126.88,48.8,29.28,-14.64
-9.76,4.88,14.64,4.88,-14.64,9.76,141.52,380.64,131.76,53.68,34.16,-4.88
-9.76,4.88,14.64,4.88,-14.64,9.76,141.52,385.52,136.64,53.68,39.04,-4.88
-19.52,0,19.52,9.76,-19.52,9.76,141.52,390.4,141.52,68.32,39.04,-4.88
-19.52,0,19.52,9.76,-19.52,9.76,146.4,395.28,151.28,73.2,48.8,-4.88
-9.76,4.88,14.64,4.88,-14.64,9.76,146.4,405.04,151.28,78.08,53.68,0
-9.76,4.88,14.64,4.88,-14.64,9.76,146.4,414.8,161.04,82.96,58.56,0
-4.88,9.76,14.64,0,-9.76,9.76,151.28,414.8,151.28,82.96,63.44,-4.88
0,9.76,9.76,-4.88,-4.88,9.76,151.28,424.56,161.04,87.84,63.44,0
4.88,14.64,9.76,-9.76,-4.88,9.76,156.16,434.32,170.8,82.96,73.2,4.88
19.52,19.52,0,-19.52,9.76,9.76,161.04,444.08,180.56,87.84,78.08,4.88
19.52,29.28,9.76,-24.4,4.88,19.52,161.04,453.84,195.2,97.6,87.84,4.88
19.52,34.16,14.64,-24.4,0,24.4,165.92,463.6,204.96,112.24,102.48,9.76
19.52,34.16,14.64,-24.4,0,24.4,170.8,473.36,214.72,126.88,117.12,19.52
24.4,29.28,4.88,-24.4,9.76,14.64,170.8,483.12,214.72,136.64,126.88,19.52
24.4,39.04,14.64,-29.28,4.88,24.4,175.68,512.4,229.36,141.52,126.88,19.52
19.52,48.8,29.28,-34.16,-4.88,39.04,175.68,512.4,239.12,146.4,131.76,24.4
14.64,48.8,34.16,-29.28,-9.76,39.04,185.44,522.16,253.76,156.16,141.52,34.16
19.52,48.8,29.28,-34.16,-4.88,39.04,195.2,531.92,263.52,161.04,141.52,34.16
24.4,48.8,24.4,-34.16,0,34.16,190.32,551.44,263.52,161.04,151.28,34.16
29.28,53.68,24.4,-39.04,0,39.04,195.2,566.08,278.16,165.92,156.16,39.04
34.16,53.68,19.52,-43.92,4.88,34.16,190.32,585.6,287.92,180.56,170.8,43.92
43.92,53.68,9.76,-48.8,14.64,29.28,185.44,600.24,297.68,190.32,180.56,48.8
34.16,68.32,34.16,-48.8,0,48.8,190.32,595.36,307.44,204.96,195.2,53.68
43.92,68.32,24.4,-53.68,9.76,43.92,195.2,614.88,317.2,214.72,200.08,58.56
48.8,73.2,24.4,-58.56,9.76,48.8,204.96,624.64,326.96,219.6,209.84,63.44
48.8,73.2,24.4,-58.56,9.76,48.8,209.84,639.28,336.72,229.36,214.72,73.2
58.56,82.96,24.4,-68.32,14.64,53.68,200.08,649.04,336.72,224.48,219.6,78.08
68.32,82.96,14.64,-73.2,24.4,48.8,204.96,658.8,351.36,234.24,229.36,78.08
73.2,87.84,14.64,-78.08,29.28,48.8,209.84,673.44,361.12,244,244,82.96
73.2,92.72,19.52,-82.96,24.4,53.68,214.72,683.2,370.88,253.76,248.88,87.84
63.44,97.6,34.16,-78.08,14.64,63.44,224.48,707.6,390.4,278.16,258.64,102.48
73.2,102.48,29.28,-87.84,19.52,63.44,224.48,732,405.04,287.92,273.28,112.24
73.2,107.36,34.16,-87.84,19.52,68.32,224.48,741.76,414.8,297.68,278.16,117.12
87.84,112.24,24.4,-97.6,29.28,68.32,229.36,751.52,424.56,307.44,287.92,122
97.6,117.12,19.52,-107.36,39.04,68.32,229.36,761.28,439.2,307.44,307.44,122
92.72,126.88,34.16,-107.36,29.28,78.08,229.36,766.16,448.96,317.2,322.08,126.88
92.72,131.76,39.04,-112.24,24.4,82.96,229.36,771.04,453.84,322.08,331.84,131.76
107.36,136.64,29.28,-122,39.04,82.96,234.24,780.8,463.6,331.84,346.48,146.4
112.24,141.52,29.28,-126.88,39.04,82.96,234.24,775.92,463.6,341.6,366,146.4
117.12,146.4,29.28,-131.76,43.92,87.84,229.36,780.8,468.48,351.36,370.88,156.16
117.12,146.4,29.28,-131.76,43.92,87.84,229.36,785.68,478.24,361.12,380.64,165.92
117.12,156.16,39.04,-136.64,39.04,97.6,229.36,790.56,488,370.88,395.28,170.8
117.12,170.8,53.68,-141.52,29.28,112.24,224.48,795.44,497.76,380.64,390.4,175.68
126.88,175.68,48.8,-151.28,39.04,112.24,224.48,800.32,497.76,385.52,395.28,180.56
126.88,180.56,53.68,-151.28,34.16,117.12,224.48,805.2,507.52,395.28,409.92,180.56
126.88,180.56,53.68,-151.28,34.16,117.12,224.48,814.96,512.4,405.04,419.68,185.44
126.88,185.44,58.56,-156.16,34.16,122,224.48,819.84,527.04,414.8,429.44,195.2
136.64,185.44,48.8,-161.04,43.92,117.12,224.48,819.84,527.04,419.68,429.44,209.84
136.64,185.44,48.8,-161.04,43.92,117.12,224.48,814.96,527.04,424.56,434.32,209.84
122,185.44,63.44,-151.28,29.28,122,219.6,800.32,527.04,424.56,434.32,209.84
122,180.56,58.56,-151.28,29.28,117.12,219.6,805.2,536.8,429.44,458.72,219.6
126.88,190.32,63.44,-156.16,29.28,126.88,214.72,805.2,536.8,429.44,458.72,219.6
126.88,190.32,63.44,-156.16,29.28,126.88,209.84,805.2,536.8,429.44,458.72,219.6
126.88,190.32,63.44,-156.16,29.28,126.88,209.84,795.44,536.8,429.44,458.72,229.36
126.88,195.2,68.32,-161.04,29.28,131.76,209.84,795.44,536.8,434.32,458.72,224.48
126.88,195.2,68.32,-161.04,29.28,131.76,204.96,780.8,527.04,434.32,453.84,224.48
126.88,195.2,68.32,-161.04,29.28,131.76,200.08,756.4,522.16,429.44,448.96,224.48
126.88,195.2,68.32,-161.04,29.28,131.76,195.2,727.12,507.52,429.44,444.08,224.48
131.76,195.2,63.44,-161.04,34.16,126.88,180.56,712.48,497.76,419.68,458.72,234.24
131.76,190.32,58.56,-161.04,34.16,122,165.92,697.84,488,414.8,458.72,229.36
136.64,190.32,53.68,-161.04,39.04,122,165.92,678.32,473.36,409.92,444.08,229.36
141.52,190.32,48.8,-165.92,43.92,117.12,151.28,653.92,463.6,405.04,444.08,229.36
122,185.44,63.44,-151.28,29.28,122,156.16,634.4,453.84,390.4,434.32,219.6
117.12,180.56,63.44,-146.4,24.4,122,146.4,614.88,444.08,380.64,424.56,214.72
107.36,175.68,68.32,-141.52,19.52,122,141.52,585.6,424.56,370.88,424.56,209.84
102.48,170.8,68.32,-136.64,14.64,117.12,131.76,561.2,405.04,351.36,414.8,204.96
102.48,161.04,58.56,-131.76,19.52,107.36,112.24,531.92,380.64,346.48,405.04,185.44
102.48,151.28,48.8,-126.88,24.4,97.6,102.48,488,361.12,331.84,385.52,175.68
102.48,141.52,39.04,-122,29.28,87.84,92.72,458.72,336.72,312.32,366,165.92
97.6,141.52,43.92,-117.12,24.4,92.72,82.96,414.8,302.56,283.04,351.36,146.4
82.96,131.76,48.8,-107.36,14.64,87.84,73.2,395.28,292.8,278.16,341.6,151.28
78.08,122,43.92,-97.6,14.64,82.96,73.2,370.88,273.28,253.76,331.84,136.64
63.44,107.36,43.92,-82.96,9.76,73.2,58.56,346.48,253.76,234.24,317.2,126.88
58.56,102.48,43.92,-78.08,4.88,73.2,53.68,336.72,234.24,214.72,307.44,117.12
48.8,92.72,43.92,-68.32,0,68.32,48.8,307.44,219.6,204.96,292.8,112.24
39.04,87.84,48.8,-63.44,-4.88,68.32,43.92,283.04,195.2,190.32,278.16,92.72
29.28,73.2,43.92,-48.8,-9.76,58.56,39.04,268.4,175.68,170.8,263.52,78.08
19.52,68.32,48.8,-43.92,-14.64,58.56,34.16,244,156.16,151.28,244,73.2
14.64,53.68,39.04,-34.16,-14.64,43.92,29.28,219.6,136.64,131.76,239.12,63.44
9.76,48.8,39.04,-29.28,-14.64,43.92,24.4,204.96,122,117.12,224.48,53.68
9.76,43.92,34.16,-24.4,-14.64,39.04,19.52,185.44,102.48,102.48,209.84,43.92
0,29.28,29.28,-14.64,-14.64,29.28,19.52,175.68,92.72,92.72,204.96,34.16
-14.64,14.64,29.28,0,-24.4,19.52,19.52,165.92,73.2,68.32,190.32,19.52
-19.52,9.76,29.28,4.88,-24.4,19.52,14.64,156.16,58.56,58.56,170.8,14.64
-24.4,4.88,29.28,9.76,-29.28,14.64,14.64,146.4,43.92,43.92,170.8,14.64
-39.04,0,39.04,19.52,-39.04,19.52,14.64,131.76,34.16,39.04,161.04,4.88
-29.28,-4.88,24.4,19.52,-29.28,9.76,14.64,122,34.16,34.16,151.28,-9.76
-39.04,-4.88,34.16,24.4,-39.04,14.64,14.64,102.48,24.4,24.4,141.52,-9.76
-43.92,-9.76,34.16,29.28,-39.04,9.76,9.76,87.84,14.64,14.64,141.52,-14.64
-43.92,-9.76,34.16,29.28,-39.04,9.76,9.76,82.96,9.76,4.88,126.88,-24.4
-34.16,-4.88,29.28,19.52,-34.16,9.76,9.76,82.96,-4.88,-4.88,112.24,-29.28
-34.16,-9.76,24.4,24.4,-29.28,4.88,9.76,73.2,-9.76,-4.88,107.36,-34.16
-34.16,-19.52,14.64,29.28,-24.4,-4.88,4.88,68.32,-24.4,-14.64,97.6,-39.04
-34.16,-24.4,9.76,29.28,-24.4,-9.76,4.88,53.68,-34.16,-14.64,97.6,-39.04
-34.16,-34.16,0,34.16,-19.52,-19.52,-4.88,43.92,-34.16,-24.4,87.84,-39.04
-34.16,-29.28,4.88,34.16,-19.52,-14.64,0,48.8,-39.04,-24.4,82.96,-39.04
-43.92,-29.28,14.64,39.04,-29.28,-9.76,9.76,48.8,-43.92,-24.4,82.96,-43.92
-43.92,-34.16,9.76,39.04,-29.28,-14.64,9.76,43.92,-43.92,-24.4,82.96,-48.8
-53.68,-34.16,19.52,43.92,-39.04,-9.76,9.76,43.92,-34.16,-34.16,92.72,-48.8
-58.56,-39.04,19.52,48.8,-39.04,-9.76,9.76,39.04,-34.16,-34.16,92.72,-48.8
-58.56,-39.04,19.52,48.8,-39.04,-9.76,9.76,39.04,-34.16,-34.16,92.72,-53.68
-58.56,-39.04,19.52,48.8,-39.04,-9.76,9.76,34.16,-43.92,-29.28,82.96,-53.68
-73.2,-48.8,24.4,63.44,-48.8,-14.64,0,34.16,-34.16,-34.16,78.08,-53.68
-73.2,-48.8,24.4,63.44,-48.8,-14.64,4.88,34.16,-34.16,-34.16,73.2,-53.68
-68.32,-48.8,19.52,58.56,-43.92,-14.64,4.88,34.16,-34.16,-29.28,73.2,-53.68
-68.32,-48.8,19.52,58.56,-43.92,-14.64,4.88,34.16,-43.92,-29.28,63.44,-58.56
-63.44,-43.92,19.52,53.68,-43.92,-14.64,-4.88,29.28,-43.92,-39.04,63.44,-58.56
-58.56,-43.92,14.64,53.68,-39.04,-14.64,-4.88,19.52,-43.92,-39.04,68.32,-58.56
-53.68,-43.92,9.76,48.8,-34.16,-19.52,-4.88,14.64,-43.92,-39.04,73.2,-58.56
-53.68,-43.92,9.76,48.8,-34.16,-19.52,-4.88,9.76,-43.92,-43.92,78.08,-58.56
-53.68,-48.8,4.88,53.68,-29.28,-24.4,-14.64,9.76,-53.68,-39.04,73.2,-58.56
-43.92,-48.8,-4.88,48.8,-19.52,-29.28,-14.64,9.76,-53.68,-39.04,63.44,-58.56
-58.56,-48.8,9.76,53.68,-34.16,-19.52,-14.64,4.88,-53.68,-39.04,48.8,-58.56
-58.56,-48.8,9.76,53.68,-34.16,-19.52,-14.64,4.88,-53.68,-39.04,53.68,-58.56
-58.56,-48.8,9.76,53.68,-34.16,-19.52,-4.88,19.52,-43.92,-39.04,63.44,-48.8
-58.56,-48.8,9.76,53.68,-34.16,-19.52,0,19.52,-48.8,-34.16,58.56,-48.8
-58.56,-48.8,9.76,53.68,-34.16,-19.52,0,19.52,-48.8,-34.16,48.8,-48.8
-63.44,-48.8,14.64,58.56,-39.04,-19.52,-4.88,24.4,-48.8,-34.16,43.92,-48.8
-63.44,-48.8,14.64,58.56,-39.04,-19.52,-4.88,14.64,-48.8,-43.92,43.92,-58.56
-63.44,-48.8,14.64,58.56,-39.04,-19.52,-4.88,14.64,-48.8,-43.92,43.92,-58.56
-63.44,-48.8,14.64,58.56,-39.04,-19.52,-4.88,14.64,-48.8,-48.8,39.04,-58.56
-63.44,-48.8,14.64,58.56,-39.04,-19.52,-4.88,4.88,-43.92,-48.8,39.04,-58.56
-53.68,-48.8,4.88,53.68,-29.28,-24.4,-14.64,-4.88,-53.68,-48.8,39.04,-63.44
-58.56,-43.92,14.64,53.68,-39.04,-14.64,-14.64,0,-53.68,-48.8,39.04,-63.44
-58.56,-43.92,14.64,53.68,-39.04,-14.64,-9.76,9.76,-53.68,-53.68,34.16,-63.44
-58.56,-43.92,14.64,53.68,-39.04,-14.64,-9.76,9.76,-53.68,-53.68,34.16,-63.44
-68.32,-48.8,19.52,58.56,-43.92,-14.64,-4.88,14.64,-48.8,-48.8,14.64,-63.44
-63.44,-48.8,14.64,58.56,-39.04,-19.52,-4.88,14.64,-48.8,-48.8,14.64,-63.44
-63.44,-48.8,14.64,58.56,-39.04,-19.52,-4.88,19.52,-48.8,-48.8,24.4,-63.44
-73.2,-48.8,24.4,63.44,-48.8,-14.64,-9.76,19.52,-48.8,-48.8,24.4,-63.44
-63.44,-48.8,14.64,58.56,-39.04,-19.52,-9.76,4.88,-48.8,-43.92,29.28,-53.68
-63.44,-48.8,14.64,58.56,-39.04,-19.52,-9.76,4.88,-48.8,-43.92,29.28,-53.68
-63.44,-39.04,24.4,53.68,-43.92,-9.76,-9.76,9.76,-48.8,-43.92,29.28,-48.8
-63.44,-39.04,24.4,53.68,-43.92,-9.76,-9.76,9.76,-48.8,-43.92,29.28,-48.8
-39.04,-53.68,-14.64,48.8,-14.64,-34.16,-19.52,0,-43.92,-39.04,39.04,-58.56
-48.8,-53.68,-4.88,53.68,-24.4,-29.28,-19.52,0,-43.92,-34.16,39.04,-58.56
-58.56,-53.68,4.88,58.56,-34.16,-24.4,-19.52,0,-43.92,-34.16,39.04,-58.56
-48.8,-48.8,0,48.8,-24.4,-24.4,-14.64,0,-43.92,-39.04,39.04,-58.56
-48.8,-39.04,9.76,43.92,-29.28,-14.64,-4.88,9.76,-34.16,-39.04,39.04,-48.8
-48.8,-39.04,9.76,43.92,-29.28,-14.64,-4.88,14.64,-34.16,-29.28,43.92,-48.8
-48.8,-39.04,9.76,43.92,-29.28,-14.64,-4.88,14.64,-34.16,-29.28,53.68,-48.8
-48.8,-43.92,4.88,48.8,-29.28,-19.52,-4.88,19.52,-34.16,-34.16,58.56,-43.92
-53.68,-43.92,9.76,48.8,-34.16,-19.52,4.88,14.64,-34.16,-34.16,63.44,-43.92
-68.32,-43.92,24.4,58.56,-48.8,-9.76,0,9.76,-34.16,-34.16,68.32,-43.92
-63.44,-39.04,24.4,53.68,-43.92,-9.76,0,4.88,-34.16,-29.28,73.2,-34.16
-58.56,-39.04,19.52,48.8,-39.04,-9.76,0,0,-34.16,-19.52,73.2,-43.92
-63.44,-39.04,24.4,53.68,-43.92,-9.76,-4.88,0,-34.16,-29.28,73.2,-53.68
-58.56,-39.04,19.52,48.8,-39.04,-9.76,-9.76,0,-29.28,-29.28,73.2,-53.68
-48.8,-39.04,9.76,43.92,-29.28,-14.64,-14.64,0,-29.28,-29.28,73.2,-53.68
-43.92,-34.16,9.76,39.04,-29.28,-14.64,-19.52,0,-29.28,-29.28,68.32,-53.68
-53.68,-34.16,19.52,43.92,-39.04,-9.76,-9.76,9.76,-29.28,-19.52,68.32,-48.8
-58.56,-34.16,24.4,48.8,-43.92,-4.88,-4.88,14.64,-24.4,-19.52,78.08,-48.8
-58.56,-34.16,24.4,48.8,-43.92,-4.88,-4.88,14.64,-24.4,-14.64,78.08,-48.8
-48.8,-34.16,14.64,43.92,-34.16,-9.76,-9.76,14.64,-24.4,-9.76,73.2,-48.8
-43.92,-39.04,4.88,43.92,-24.4,-19.52,-9.76,4.88,-24.4,-9.76,73.2,-48.8
-43.92,-39.04,4.88,43.92,-24.4,-19.52,-9.76,4.88,-24.4,-9.76,78.08,-48.8
-53.68,-39.04,14.64,48.8,-34.16,-14.64,-9.76,4.88,-24.4,-9.76,78.08,-48.8
-53.68,-43.92,9.76,48.8,-34.16,-19.52,-14.64,4.88,-24.4,-14.64,78.08,-48.8
-43.92,-43.92,0,43.92,-24.4,-24.4,-4.88,4.88,-19.52,-14.64,87.84,-48.8
-43.92,-43.92,0,43.92,-24.4,-24.4,-4.88,4.88,-19.52,-14.64,87.84,-48.8
-43.92,-43.92,0,43.92,-24.4,-24.4,0,4.88,-19.52,-9.76,87.84,-43.92
-43.92,-43.92,0,43.92,-24.4,-24.4,0,14.64,-9.76,-9.76,87.84,-43.92
-53.68,-34.16,19.52,43.92,-39.04,-9.76,-9.76,0,-19.52,-9.76,87.84,-34.16
-53.68,-34.16,19.52,43.92,-39.04,-9.76,-9.76,0,-19.52,-9.76,87.84,-34.16
-53.68,-34.16,19.52,43.92,-39.04,-9.76,-9.76,4.88,-19.52,-9.76,87.84,-34.16
-53.68,-34.16,19.52,43.92,-39.04,-9.76,-9.76,4.88,-19.52,-9.76,87.84,-34.16
-53.68,-34.16,19.52,43.92,-39.04,-9.76,-9.76,4.88,-9.76,-9.76,87.84,-43.92
-53.68,-34.16,19.52,43.92,-39.04,-9.76,-14.64,0,-14.64,-9.76,92.72,-43.92
-34.16,-34.16,0,34.16,-19.52,-19.52,-14.64,0,-14.64,-9.76,97.6,-43.92
-53.68,-34.16,19.52,43.92,-39.04,-9.76,-19.52,0,-14.64,-9.76,97.6,-43.92
-53.68,-34.16,19.52,43.92,-39.04,-9.76,-9.76,-4.88,-4.88,0,92.72,-39.04
-43.92,-34.16,9.76,39.04,-29.28,-14.64,-9.76,-4.88,-4.88,4.88,97.6,-39.04
-43.92,-34.16,9.76,39.04,-29.28,-14.64,-9.76,-4.88,-4.88,4.88,97.6,-39.04
-43.92,-34.16,9.76,39.04,-29.28,-14.64,-9.76,-4.88,-4.88,4.88,97.6,-39.04
-43.92,-43.92,0,43.92,-24.4,-24.4,-9.76,0,-4.88,4.88,107.36,-29.28
-48.8,-43.92,4.88,48.8,-29.28,-19.52,-14.64,0,-4.88,0,102.48,-34.16
-53.68,-43.92,9.76,48.8,-34.16,-19.52,-14.64,0,-4.88,0,102.48,-34.16
-58.56,-43.92,14.64,53.68,-39.04,-14.64,-9.76,-4.88,-9.76,0,102.48,-34.16
-48.8,-39.04,9.76,43.92,-29.28,-14.64,-14.64,-4.88,-9.76,0,112.24,-43.92
-53.68,-39.04,14.64,48.8,-34.16,-14.64,-14.64,-9.76,-9.76,0,112.24,-48.8
-63.44,-43.92,19.52,53.68,-43.92,-14.64,-14.64,-9.76,-9.76,4.88,102.48,-48.8
-53.68,-48.8,4.88,53.68,-29.28,-24.4,-14.64,-14.64,-19.52,4.88,102.48,-48.8
-43.92,-48.8,-4.88,48.8,-19.52,-29.28,-24.4,-24.4,-29.28,0,112.24,-48.8
-48.8,-48.8,0,48.8,-24.4,-24.4,-24.4,-19.52,-24.4,0,112.24,-48.8
-48.8,-43.92,4.88,48.8,-29.28,-19.52,-24.4,-19.52,-19.52,0,112.24,-48.8
-43.92,-43.92,0,43.92,-24.4,-24.4,-24.4,-19.52,-19.52,0,117.12,-48.8
-53.68,-39.04,14.64,48.8,-34.16,-14.64,-24.4,-19.52,-19.52,0,131.76,-43.92
-43.92,-39.04,4.88,43.92,-24.4,-19.52,-24.4,-24.4,-19.52,0,131.76,-43.92
-53.68,-39.04,14.64,48.8,-34.16,-14.64,-24.4,-24.4,-19.52,0,122,-39.04
-58.56,-39.04,19.52,48.8,-39.04,-9.76,-24.4,-24.4,-19.52,0,122,-39.04
-68.32,-43.92,24.4,58.56,-48.8,-9.76,-24.4,-34.16,-24.4,-4.88,117.12,-39.04
-58.56,-43.92,14.64,53.68,-39.04,-14.64,-24.4,-43.92,-29.28,-4.88,117.12,-39.04
-58.56,-43.92,14.64,53.68,-39.04,-14.64,-24.4,-43.92,-29.28,-9.76,117.12,-43.92
-58.56,-43.92,14.64,53.68,-39.04,-14.64,-24.4,-43.92,-29.28,-9.76,117.12,-43.92
-39.04,-53.68,-14.64,48.8,-14.64,-34.16,-34.16,-53.68,-39.04,-19.52,117.12,-58.56
-34.16,-53.68,-19.52,43.92,-9.76,-39.04,-34.16,-53.68,-39.04,-14.64,117.12,-68.32
-24.4,-53.68,-29.28,39.04,0,-43.92,-34.16,-53.68,-39.04,-14.64,112.24,-73.2
-4.88,-53.68,-48.8,29.28,19.52,-53.68,-34.16,-58.56,-39.04,-19.52,102.48,-78.08
-9.76,-48.8,-39.04,29.28,14.64,-43.92,-24.4,-48.8,-39.04,-9.76,107.36,-73.2
-24.4,-48.8,-24.4,39.04,0,-39.04,-24.4,-48.8,-34.16,-9.76,102.48,-68.32
-29.28,-48.8,-19.52,39.04,-4.88,-34.16,-24.4,-48.8,-34.16,-9.76,102.48,-58.56
-29.28,-48.8,-19.52,39.04,-4.88,-34.16,-24.4,-48.8,-29.28,-9.76,102.48,-53.68
-14.64,-53.68,-39.04,34.16,9.76,-48.8,-34.16,-58.56,-39.04,-24.4,102.48,-68.32
-14.64,-53.68,-39.04,34.16,9.76,-48.8,-34.16,-58.56,-39.04,-24.4,102.48,-68.32
-24.4,-53.68,-29.28,39.04,0,-43.92,-34.16,-58.56,-43.92,-24.4,102.48,-68.32
-29.28,-53.68,-24.4,43.92,-4.88,-39.04,-34.16,-58.56,-48.8,-24.4,102.48,-68.32
-34.16,-48.8,-14.64,43.92,-9.76,-34.16,-29.28,-63.44,-39.04,-24.4,112.24,-68.32
-39.04,-48.8,-9.76,43.92,-14.64,-29.28,-29.28,-63.44,-43.92,-24.4,107.36,-68.32
-43.92,-48.8,-4.88,48.8,-19.52,-29.28,-34.16,-63.44,-43.92,-24.4,107.36,-68.32
-43.92,-48.8,-4.88,48.8,-19.52,-29.28,-34.16,-63.44,-39.04,-29.28,107.36,-68.32
-34.16,-48.8,-14.64,43.92,-9.76,-34.16,-34.16,-63.44,-39.04,-29.28,107.36,-58.56
-34.16,-48.8,-14.64,43.92,-9.76,-34.16,-34.16,-68.32,-43.92,-29.28,107.36,-53.68
-34.16,-48.8,-14.64,43.92,-9.76,-34.16,-34.16,-68.32,-43.92,-29.28,107.36,-53.68
-29.28,-48.8,-19.52,39.04,-4.88,-34.16,-29.28,-68.32,-43.92,-29.28,107.36,-53.68
-39.04,-63.44,-24.4,53.68,-9.76,-43.92,-29.28,-68.32,-43.92,-29.28,112.24,-58.56
-39.04,-63.44,-24.4,53.68,-9.76,-43.92,-29.28,-68.32,-43.92,-34.16,112.24,-58.56
-39.04,-63.44,-24.4,53.68,-9.76,-43.92,-34.16,-68.32,-48.8,-34.16,112.24,-58.56
-43.92,-58.56,-14.64,53.68,-14.64,-39.04,-34.16,-68.32,-48.8,-34.16,112.24,-58.56
-29.28,-58.56,-29.28,43.92,0,-43.92,-43.92,-78.08,-48.8,-34.16,102.48,-68.32
-24.4,-58.56,-34.16,43.92,4.88,-48.8,-43.92,-82.96,-48.8,-34.16,102.48,-68.32
-19.52,-58.56,-39.04,39.04,9.76,-48.8,-43.92,-82.96,-48.8,-29.28,102.48,-73.2
-14.64,-58.56,-43.92,39.04,14.64,-53.68,-39.04,-82.96,-48.8,-29.28,102.48,-73.2
-14.64,-58.56,-43.92,39.04,14.64,-53.68,-39.04,-82.96,-48.8,-19.52,112.24,-63.44
-19.52,-58.56,-39.04,39.04,9.76,-48.8,-39.04,-82.96,-48.8,-19.52,107.36,-63.44
-19.52,-58.56,-39.04,39.04,9.76,-48.8,-39.04,-78.08,-48.8,-24.4,107.36,-63.44
-9.76,-58.56,-48.8,34.16,19.52,-53.68,-39.04,-78.08,-48.8,-24.4,107.36,-63.44
-14.64,-53.68,-39.04,34.16,9.76,-48.8,-29.28,-73.2,-48.8,-34.16,92.72,-73.2
-24.4,-53.68,-29.28,39.04,0,-43.92,-29.28,-73.2,-48.8,-34.16,92.72,-73.2
-29.28,-53.68,-24.4,43.92,-4.88,-39.04,-29.28,-68.32,-48.8,-34.16,87.84,-78.08
-39.04,-48.8,-9.76,43.92,-14.64,-29.28,-29.28,-68.32,-48.8,-39.04,78.08,-78.08
-39.04,-58.56,-19.52,48.8,-9.76,-39.04,-39.04,-82.96,-48.8,-29.28,68.32,-73.2
-39.04,-58.56,-19.52,48.8,-9.76,-39.04,-39.04,-82.96,-48.8,-29.28,63.44,-73.2
-34.16,-63.44,-29.28,48.8,-4.88,-48.8,-39.04,-87.84,-48.8,-29.28,63.44,-73.2
-34.16,-63.44,-29.28,48.8,-4.88,-48.8,-39.04,-87.84,-43.92,-29.28,63.44,-73.2
-24.4,-53.68,-29.28,39.04,0,-43.92,-39.04,-82.96,-53.68,-39.04,53.68,-73.2
-24.4,-53.68,-29.28,39.04,0,-43.92,-39.04,-82.96,-53.68,-39.04,53.68,-68.32
-24.4,-53.68,-29.28,39.04,0,-43.92,-39.04,-82.96,-53.68,-39.04,58.56,-68.32
-24.4,-53.68,-29.28,39.04,0,-43.92,-39.04,-82.96,-53.68,-29.28,58.56,-73.2
-34.16,-53.68,-19.52,43.92,-9.76,-39.04,-39.04,-82.96,-48.8,-39.04,48.8,-63.44
-39.04,-53.68,-14.64,48.8,-14.64,-34.16,-39.04,-82.96,-48.8,-39.04,48.8,-63.44
-39.04,-53.68,-14.64,48.8,-14.64,-34.16,-39.04,-82.96,-53.68,-39.04,48.8,-63.44
-34.16,-48.8,-14.64,43.92,-9.76,-34.16,-39.04,-87.84,-53.68,-39.04,43.92,-63.44
-24.4,-48.8,-24.4,39.04,0,-39.04,-39.04,-87.84,-53.68,-39.04,34.16,-73.2
-34.16,-53.68,-19.52,43.92,-9.76,-39.04,-39.04,-82.96,-53.68,-34.16,39.04,-73.2
-34.16,-58.56,-24.4,48.8,-4.88,-43.92,-34.16,-82.96,-53.68,-34.16,39.04,-73.2
-29.28,-58.56,-29.28,43.92,0,-43.92,-34.16,-82.96,-53.68,-39.04,34.16,-78.08
-29.28,-53.68,-24.4,43.92,-4.88,-39.04,-43.92,-87.84,-63.44,-48.8,24.4,-78.08
-19.52,-53.68,-34.16,39.04,4.88,-43.92,-48.8,-92.72,-68.32,-48.8,24.4,-73.2
-19.52,-53.68,-34.16,39.04,4.88,-43.92,-48.8,-97.6,-68.32,-53.68,19.52,-73.2
-24.4,-53.68,-29.28,39.04,0,-43.92,-48.8,-102.48,-68.32,-53.68,19.52,-78.08
-34.16,-53.68,-19.52,43.92,-9.76,-39.04,-43.92,-97.6,-58.56,-53.68,19.52,-78.08
-34.16,-53.68,-19.52,43.92,-9.76,-39.04,-43.92,-92.72,-63.44,-53.68,19.52,-78.08
-53.68,-53.68,0,53.68,-29.28,-29.28,-43.92,-92.72,-68.32,-53.68,19.52,-78.08
-39.04,-53.68,-14.64,48.8,-14.64,-34.16,-43.92,-87.84,-68.32,-53.68,24.4,-78.08
-34.16,-53.68,-19.52,43.92,-9.76,-39.04,-43.92,-92.72,-58.56,-43.92,14.64,-68.32
-34.16,-53.68,-19.52,43.92,-9.76,-39.04,-39.04,-92.72,-58.56,-43.92,14.64,-68.32
-34.16,-53.68,-19.52,43.92,-9.76,-39.04,-34.16,-92.72,-53.68,-48.8,14.64,-78.08
-24.4,-58.56,-34.16,43.92,4.88,-48.8,-29.28,-92.72,-48.8,-48.8,14.64,-68.32
-29.28,-53.68,-24.4,43.92,-4.88,-39.04,-39.04,-82.96,-43.92,-48.8,24.4,-63.44
-34.16,-53.68,-19.52,43.92,-9.76,-39.04,-39.04,-87.84,-43.92,-48.8,14.64,-68.32
-39.04,-53.68,-14.64,48.8,-14.64,-34.16,-39.04,-87.84,-43.92,-48.8,9.76,-73.2
-43.92,-53.68,-9.76,48.8,-19.52,-34.16,-39.04,-87.84,-48.8,-48.8,4.88,-78.08
-34.16,-63.44,-29.28,48.8,-4.88,-48.8,-39.04,-97.6,-48.8,-39.04,4.88,-82.96
-29.28,-73.2,-43.92,53.68,4.88,-58.56,-39.04,-97.6,-48.8,-39.04,4.88,-82.96
-29.28,-63.44,-34.16,48.8,0,-48.8,-39.04,-97.6,-48.8,-39.04,9.76,-82.96
-34.16,-63.44,-29.28,48.8,-4.88,-48.8,-39.04,-97.6,-48.8,-39.04,14.64,-82.96
-34.16,-63.44,-29.28,48.8,-4.88,-48.8,-39.04,-97.6,-48.8,-39.04,4.88,-73.2
-34.16,-63.44,-29.28,48.8,-4.88,-48.8,-39.04,-97.6,-48.8,-39.04,4.88,-73.2
-34.16,-63.44,-29.28,48.8,-4.88,-48.8,-43.92,-97.6,-53.68,-43.92,4.88,-73.2
-29.28,-63.44,-34.16,48.8,0,-48.8,-43.92,-97.6,-53.68,-43.92,0,-78.08
-24.4,-53.68,-29.28,39.04,0,-43.92,-48.8,-97.6,-48.8,-53.68,-9.76,-87.84
-19.52,-53.68,-34.16,39.04,4.88,-43.92,-48.8,-97.6,-43.92,-53.68,-9.76,-87.84
-19.52,-53.68,-34.16,39.04,4.88,-43.92,-48.8,-97.6,-43.92,-53.68,-9.76,-87.84
-14.64,-53.68,-39.04,34.16,9.76,-48.8,-48.8,-97.6,-43.92,-53.68,-9.76,-82.96
-24.4,-68.32,-43.92,48.8,9.76,-58.56,-39.04,-102.48,-43.92,-53.68,-4.88,-82.96
-24.4,-68.32,-43.92,48.8,9.76,-58.56,-39.04,-102.48,-43.92,-53.68,-4.88,-82.96
-24.4,-68.32,-43.92,48.8,9.76,-58.56,-39.04,-107.36,-43.92,-53.68,-4.88,-87.84
-24.4,-63.44,-39.04,43.92,4.88,-53.68,-39.04,-107.36,-43.92,-53.68,-4.88,-87.84
-19.52,-53.68,-34.16,39.04,4.88,-43.92,-39.04,-97.6,-43.92,-53.68,4.88,-78.08
-19.52,-53.68,-34.16,39.04,4.88,-43.92,-39.04,-97.6,-43.92,-58.56,4.88,-82.96
-24.4,-58.56,-34.16,43.92,4.88,-48.8,-39.04,-97.6,-43.92,-58.56,0,-82.96
-24.4,-58.56,-34.16,43.92,4.88,-48.8,-39.04,-97.6,-43.92,-58.56,0,-78.08
-4.88,-58.56,-53.68,34.16,24.4,-58.56,-39.04,-87.84,-43.92,-53.68,-4.88,-97.6
-9.76,-63.44,-53.68,39.04,19.52,-58.56,-39.04,-97.6,-43.92,-53.68,-4.88,-97.6
-14.64,-53.68,-39.04,34.16,9.76,-48.8,-29.28,-97.6,-39.04,-48.8,0,-78.08
-29.28,-48.8,-19.52,39.04,-4.88,-34.16,-39.04,-107.36,-39.04,-39.04,9.76,-78.08
-24.4,-58.56,-34.16,43.92,4.88,-48.8,-43.92,-112.24,-53.68,-53.68,4.88,-87.84
-19.52,-58.56,-39.04,39.04,9.76,-48.8,-48.8,-117.12,-58.56,-58.56,0,-87.84
-14.64,-58.56,-43.92,39.04,14.64,-53.68,-53.68,-122,-63.44,-63.44,-4.88,-87.84
-9.76,-58.56,-48.8,34.16,19.52,-53.68,-58.56,-126.88,-68.32,-68.32,-9.76,-87.84
-14.64,-68.32,-53.68,43.92,19.52,-63.44,-53.68,-117.12,-53.68,-63.44,-9.76,-78.08
-19.52,-68.32,-48.8,43.92,14.64,-58.56,-48.8,-107.36,-48.8,-58.56,-9.76,-78.08
-24.4,-68.32,-43.92,48.8,9.76,-58.56,-43.92,-97.6,-43.92,-53.68,-9.76,-78.08
-29.28,-68.32,-39.04,48.8,4.88,-53.68,-39.04,-87.84,-39.04,-48.8,-9.76,-78.08
-14.64,-58.56,-43.92,39.04,14.64,-53.68,-48.8,-97.6,-39.04,-58.56,-14.64,-82.96
-9.76,-58.56,-48.8,34.16,19.52,-53.68,-48.8,-97.6,-39.04,-58.56,-19.52,-87.84
-4.88,-58.56,-53.68,34.16,24.4,-58.56,-48.8,-97.6,-39.04,-58.56,-24.4,-92.72
0,-58.56,-58.56,29.28,29.28,-58.56,-48.8,-97.6,-39.04,-58.56,-29.28,-97.6
-4.88,-68.32,-63.44,39.04,29.28,-68.32,-48.8,-107.36,-39.04,-68.32,-29.28,-87.84
-9.76,-68.32,-58.56,39.04,24.4,-63.44,-48.8,-107.36,-39.04,-68.32,-29.28,-87.84
-14.64,-68.32,-53.68,43.92,19.52,-63.44,-48.8,-107.36,-39.04,-68.32,-29.28,-87.84
-19.52,-68.32,-48.8,43.92,14.64,-58.56,-48.8,-107.36,-39.04,-68.32,-29.28,-87.84
-9.76,-68.32,-58.56,39.04,24.4,-63.44,-48.8,-97.6,-39.04,-78.08,-39.04,-87.84
-9.76,-68.32,-58.56,39.04,24.4,-63.44,-48.8,-97.6,-39.04,-78.08,-39.04,-87.84
-9.76,-68.32,-58.56,39.04,24.4,-63.44,-48.8,-97.6,-39.04,-78.08,-39.04,-87.84
-9.76,-68.32,-58.56,39.04,24.4,-63.44,-48.8,-97.6,-39.04,-78.08,-39.04,-87.84
-19.52,-58.56,-39.04,39.04,9.76,-48.8,-48.8,-102.48,-48.8,-68.32,-29.28,-97.6
-19.52,-58.56,-39.04,39.04,9.76,-48.8,-48.8,-107.36,-48.8,-68.32,-29.28,-97.6
-19.52,-58.56,-39.04,39.04,9.76,-48.8,-48.8,-112.24,-48.8,-68.32,-29.28,-97.6
-19.52,-58.56,-39.04,39.04,9.76,-48.8,-48.8,-117.12,-48.8,-68.32,-29.28,-97.6
-19.52,-68.32,-48.8,43.92,14.64,-58.56,-48.8,-107.36,-39.04,-68.32,-29.28,-97.6
-19.52,-68.32,-48.8,43.92,14.64,-58.56,-48.8,-107.36,-39.04,-68.32,-29.28,-97.6
-19.52,-68.32,-48.8,43.92,14.64,-58.56,-48.8,-107.36,-39.04,-68.32,-29.28,-97.6
-19.52,-68.32,-48.8,43.92,14.64,-58.56,-48.8,-107.36,-39.04,-68.32,-29.28,-97.6
-29.28,-68.32,-39.04,48.8,4.88,-53.68,-48.8,-97.6,-39.04,-68.32,-29.28,-97.6
-29.28,-68.32,-39.04,48.8,4.88,-53.68,-48.8,-97.6,-39.04,-68.32,-29.28,-97.6
-29.28,-68.32,-39.04,48.8,4.88,-53.68,-48.8,-97.6,-39.04,-68.32,-29.28,-97.6
-29.28,-68.32,-39.04,48.8,4.88,-53.68,-48.8,-97.6,-39.04,-68.32,-29.28,-97.6
-29.28,-68.32,-39.04,48.8,4.88,-53.68,-39.04,-107.36,-39.04,-78.08,-19.52,-87.84
-29.28,-68.32,-39.04,48.8,4.88,-53.68,-39.04,-107.36,-39.04,-78.08,-19.52,-87.84
-29.28,-68.32,-39.04,48.8,4.88,-53.68,-39.04,-107.36,-39.04,-78.08,-19.52,-87.84
-29.28,-68.32,-39.04,48.8,4.88,-53.68,-39.04,-107.36,-39.04,-78.08,-19.52,-87.84
-19.52,-68.32,-48.8,43.92,14.64,-58.56,-48.8,-107.36,-39.04,-78.08,-29.28,-92.72
-19.52,-68.32,-48.8,43.92,14.64,-58.56,-48.8,-107.36,-39.04,-78.08,-29.28,-97.6
-19.52,-68.32,-48.8,43.92,14.64,-58.56,-48.8,-107.36,-39.04,-78.08,-29.28,-102.48
-19.52,-68.32,-48.8,43.92,14.64,-58.56,-48.8,-107.36,-39.04,-78.08,-29.28,-107.36
-19.52,-58.56,-39.04,39.04,9.76,-48.8,-39.04,-107.36,-29.28,-68.32,-19.52,-97.6
-19.52,-58.56,-39.04,39.04,9.76,-48.8,-39.04,-107.36,-29.28,-68.32,-19.52,-97.6
-19.52,-58.56,-39.04,39.04,9.76,-48.8,-39.04,-107.36,-29.28,-68.32,-19.52,-97.6
-19.52,-58.56,-39.04,39.04,9.76,-48.8,-39.04,-107.36,-29.28,-68.32,-19.52,-97.6
-19.52,-68.32,-48.8,43.92,14.64,-58.56,-48.8,-107.36,-39.04,-78.08,-19.52,-87.84
-19.52,-68.32,-48.8,43.92,14.64,-58.56,-48.8,-107.36,-39.04,-78.08,-19.52,-87.84
-19.52,-68.32,-48.8,43.92,14.64,-58.56,-48.8,-107.36,-39.04,-78.08,-19.52,-87.84
-19.52,-68.32,-48.8,43.92,14.64,-58.56,-48.8,-107.36,-39.04,-78.08,-19.52,-87.84
-19.52,-68.32,-48.8,43.92,14.64,-58.56,-48.8,-107.36,-39.04,-78.08,-9.76,-97.6
-19.52,-68.32,-48.8,43.92,14.64,-58.56,-48.8,-107.36,-39.04,-78.08,-9.76,-97.6
-19.52,-68.32,-48.8,43.92,14.64,-58.56,-48.8,-107.36,-39.04,-78.08,-9.76,-97.6
-19.52,-68.32,-48.8,43.92,14.64,-58.56,-48.8,-107.36,-39.04,-78.08,-9.76,-97.6
-9.76,-58.56,-48.8,34.16,19.52,-53.68,-48.8,-117.12,-39.04,-78.08,0,-97.6
-9.76,-58.56,-48.8,34.16,19.52,-53.68,-48.8,-117.12,-39.04,-78.08,0,-97.6
-9.76,-58.56,-48.8,34.16,19.52,-53.68,-48.8,-117.12,-39.04,-78.08,0,-97.6
-9.76,-58.56,-48.8,34.16,19.52,-53.68,-48.8,-117.12,-39.04,-78.08,0,-97.6
-14.64,-68.32,-53.68,43.92,19.52,-63.44,-48.8,-107.36,-39.04,-78.08,0,-97.6
-19.52,-68.32,-48.8,43.92,14.64,-58.56,-48.8,-107.36,-39.04,-78.08,0,-97.6
-24.4,-68.32,-43.92,48.8,9.76,-58.56,-48.8,-107.36,-39.04,-78.08,0,-97.6
-29.28,-68.32,-39.04,48.8,4.88,-53.68,-48.8,-107.36,-39.04,-78.08,0,-97.6
-19.52,-63.44,-43.92,43.92,9.76,-53.68,-48.8,-117.12,-43.92,-78.08,0,-97.6
-19.52,-63.44,-43.92,43.92,9.76,-53.68,-48.8,-112.24,-43.92,-78.08,4.88,-97.6
-34.16,-63.44,-29.28,48.8,-4.88,-48.8,-43.92,-112.24,-43.92,-78.08,4.88,-97.6
-34.16,-63.44,-29.28,48.8,-4.88,-48.8,-43.92,-117.12,-43.92,-78.08,0,-97.6
-9.76,-53.68,-43.92,34.16,14.64,-48.8,-34.16,-107.36,-34.16,-68.32,0,-97.6
-9.76,-53.68,-43.92,34.16,14.64,-48.8,-34.16,-107.36,-29.28,-68.32,0,-92.72
-9.76,-53.68,-43.92,34.16,14.64,-48.8,-24.4,-102.48,-29.28,-68.32,0,-92.72
-19.52,-53.68,-34.16,39.04,4.88,-43.92,-24.4,-102.48,-29.28,-68.32,0,-92.72
-19.52,-53.68,-34.16,39.04,4.88,-43.92,-29.28,-102.48,-24.4,-73.2,4.88,-92.72
-19.52,-48.8,-29.28,34.16,4.88,-39.04,-24.4,-102.48,-24.4,-73.2,4.88,-92.72
-14.64,-48.8,-34.16,34.16,9.76,-43.92,-24.4,-102.48,-24.4,-68.32,9.76,-92.72
-14.64,-43.92,-29.28,29.28,4.88,-39.04,-24.4,-92.72,-24.4,-68.32,9.76,-87.84
-4.88,-39.04,-34.16,24.4,14.64,-39.04,-14.64,-87.84,-29.28,-63.44,9.76,-87.84
-4.88,-29.28,-24.4,19.52,9.76,-29.28,-14.64,-87.84,-24.4,-53.68,14.64,-82.96
0,-24.4,-24.4,14.64,9.76,-24.4,-14.64,-78.08,-14.64,-48.8,14.64,-82.96
0,-14.64,-14.64,9.76,4.88,-14.64,-4.88,-73.2,-9.76,-43.92,14.64,-73.2
0,-9.76,-9.76,4.88,4.88,-9.76,4.88,-68.32,4.88,-43.92,19.52,-82.96
4.88,-4.88,-9.76,0,4.88,-9.76,4.88,-68.32,4.88,-43.92,19.52,-82.96
4.88,0,-4.88,0,4.88,-4.88,9.76,-68.32,4.88,-43.92,29.28,-82.96
-4.88,9.76,14.64,0,-9.76,9.76,14.64,-58.56,19.52,-39.04,34.16,-82.96
4.88,14.64,9.76,-9.76,-4.88,9.76,19.52,-53.68,24.4,-19.52,34.16,-73.2
4.88,19.52,14.64,-9.76,-4.88,14.64,19.52,-53.68,24.4,-19.52,34.16,-73.2
19.52,24.4,4.88,-19.52,4.88,14.64,19.52,-53.68,24.4,-19.52,34.16,-73.2
19.52,29.28,9.76,-24.4,4.88,19.52,19.52,-53.68,24.4,-14.64,39.04,-73.2
9.76,29.28,19.52,-19.52,-4.88,24.4,4.88,-53.68,24.4,-9.76,34.16,-63.44
0,29.28,29.28,-14.64,-14.64,29.28,0,-53.68,24.4,-14.64,34.16,-63.44
9.76,29.28,19.52,-19.52,-4.88,24.4,-4.88,-63.44,24.4,-19.52,34.16,-63.44
9.76,29.28,19.52,-19.52,-4.88,24.4,-29.28,-87.84,14.64,-34.16,29.28,-68.32
19.52,39.04,19.52,-29.28,0,29.28,-39.04,-87.84,9.76,-29.28,39.04,-63.44
19.52,48.8,29.28,-34.16,-4.88,39.04,-53.68,-92.72,9.76,-29.28,43.92,-58.56
24.4,58.56,34.16,-39.04,-4.88,43.92,-53.68,-92.72,14.64,-29.28,53.68,-48.8
29.28,58.56,29.28,-43.92,0,43.92,-53.68,-87.84,14.64,-29.28,58.56,-39.04
48.8,58.56,9.76,-53.68,19.52,34.16,-58.56,-87.84,24.4,-29.28,53.68,-39.04
58.56,58.56,0,-58.56,29.28,29.28,-63.44,-87.84,24.4,-24.4,53.68,-34.16
58.56,63.44,4.88,-58.56,24.4,34.16,-68.32,-87.84,29.28,-14.64,63.44,-29.28
58.56,68.32,9.76,-63.44,24.4,39.04,-68.32,-87.84,29.28,-14.64,63.44,-29.28
39.04,63.44,24.4,-48.8,4.88,43.92,-63.44,-92.72,29.28,-14.64,58.56,-34.16
48.8,63.44,14.64,-53.68,14.64,39.04,-63.44,-102.48,29.28,-14.64,58.56,-34.16
48.8,53.68,4.88,-48.8,19.52,29.28,-68.32,-107.36,24.4,-24.4,43.92,-43.92
48.8,48.8,0,-48.8,24.4,24.4,-68.32,-112.24,19.52,-24.4,43.92,-48.8
43.92,43.92,0,-43.92,19.52,19.52,-78.08,-112.24,4.88,-34.16,34.16,-48.8
43.92,39.04,-4.88,-39.04,24.4,14.64,-78.08,-112.24,4.88,-34.16,34.16,-43.92
53.68,39.04,-14.64,-43.92,34.16,9.76,-78.08,-112.24,4.88,-34.16,34.16,-43.92
53.68,39.04,-14.64,-43.92,34.16,9.76,-78.08,-112.24,4.88,-34.16,34.16,-43.92
43.92,14.64,-29.28,-29.28,34.16,-9.76,-78.08,-112.24,-4.88,-48.8,34.16,-43.92
43.92,4.88,-39.04,-24.4,39.04,-19.52,-78.08,-117.12,-9.76,-53.68,29.28,-43.92
43.92,-4.88,-48.8,-19.52,43.92,-29.28,-87.84,-126.88,-24.4,-63.44,19.52,-48.8
53.68,-4.88,-58.56,-24.4,53.68,-34.16,-87.84,-126.88,-24.4,-63.44,19.52,-48.8
39.04,-9.76,-48.8,-14.64,43.92,-29.28,-82.96,-131.76,-24.4,-58.56,4.88,-63.44
29.28,-14.64,-43.92,-4.88,34.16,-29.28,-82.96,-131.76,-29.28,-63.44,4.88,-68.32
24.4,-19.52,-43.92,0,34.16,-34.16,-78.08,-126.88,-29.28,-68.32,-4.88,-73.2
4.88,-39.04,-43.92,19.52,24.4,-43.92,-78.08,-126.88,-34.16,-68.32,-4.88,-73.2
4.88,-48.8,-53.68,24.4,29.28,-53.68,-63.44,-131.76,-29.28,-68.32,-9.76,-68.32
-4.88,-53.68,-48.8,29.28,19.52,-53.68,-63.44,-131.76,-34.16,-73.2,-19.52,-78.08
-4.88,-58.56,-53.68,34.16,24.4,-58.56,-58.56,-126.88,-39.04,-78.08,-19.52,-78.08
-14.64,-63.44,-48.8,39.04,14.64,-58.56,-58.56,-122,-39.04,-82.96,-24.4,-82.96
-14.64,-53.68,-39.04,34.16,9.76,-48.8,-58.56,-136.64,-48.8,-92.72,-34.16,-97.6
-14.64,-53.68,-39.04,34.16,9.76,-48.8,-58.56,-141.52,-48.8,-97.6,-43.92,-102.48
-14.64,-63.44,-48.8,39.04,14.64,-58.56,-58.56,-156.16,-58.56,-102.48,-53.68,-112.24
-19.52,-73.2,-53.68,48.8,14.64,-63.44,-58.56,-161.04,-58.56,-107.36,-53.68,-122
-9.76,-73.2,-63.44,43.92,24.4,-68.32,-63.44,-161.04,-78.08,-112.24,-68.32,-131.76
-19.52,-73.2,-53.68,48.8,14.64,-63.44,-68.32,-165.92,-78.08,-117.12,-68.32,-131.76
-24.4,-78.08,-53.68,53.68,14.64,-68.32,-73.2,-170.8,-82.96,-122,-73.2,-131.76
-24.4,-82.96,-58.56,53.68,14.64,-73.2,-78.08,-170.8,-87.84,-126.88,-73.2,-131.76
-34.16,-97.6,-63.44,68.32,14.64,-82.96,-68.32,-175.68,-87.84,-117.12,-68.32,-131.76
-34.16,-97.6,-63.44,68.32,14.64,-82.96,-68.32,-175.68,-82.96,-117.12,-68.32,-136.64
-29.28,-97.6,-68.32,63.44,19.52,-82.96,-68.32,-175.68,-78.08,-112.24,-73.2,-136.64
-29.28,-97.6,-68.32,63.44,19.52,-82.96,-63.44,-170.8,-68.32,-112.24,-73.2,-136.64
-34.16,-92.72,-58.56,63.44,9.76,-78.08,-63.44,-165.92,-58.56,-97.6,-68.32,-126.88
-34.16,-92.72,-58.56,63.44,9.76,-78.08,-63.44,-165.92,-58.56,-97.6,-68.32,-126.88
-34.16,-92.72,-58.56,63.44,9.76,-78.08,-63.44,-165.92,-58.56,-97.6,-68.32,-126.88
-19.52,-92.72,-73.2,58.56,24.4,-82.96,-63.44,-165.92,-58.56,-102.48,-73.2,-126.88
-29.28,-102.48,-73.2,68.32,19.52,-87.84,-63.44,-165.92,-68.32,-102.48,-63.44,-126.88
-43.92,-102.48,-58.56,73.2,4.88,-82.96,-63.44,-165.92,-68.32,-102.48,-63.44,-126.88
-53.68,-102.48,-48.8,78.08,-4.88,-78.08,-58.56,-165.92,-68.32,-102.48,-63.44,-126.88
-43.92,-102.48,-58.56,73.2,4.88,-82.96,-58.56,-165.92,-68.32,-102.48,-68.32,-126.88
-43.92,-107.36,-63.44,78.08,9.76,-87.84,-58.56,-165.92,-58.56,-102.48,-78.08,-131.76
-48.8,-107.36,-58.56,78.08,4.88,-82.96,-53.68,-156.16,-58.56,-97.6,-73.2,-131.76
-48.8,-107.36,-58.56,78.08,4.88,-82.96,-48.8,-151.28,-58.56,-97.6,-73.2,-136.64
-39.04,-117.12,-78.08,78.08,19.52,-97.6,-48.8,-146.4,-58.56,-92.72,-73.2,-136.64
-58.56,-117.12,-58.56,87.84,0,-87.84,-34.16,-131.76,-48.8,-82.96,-73.2,-146.4
-19.52,-97.6,-78.08,58.56,29.28,-87.84,-24.4,-87.84,-34.16,-82.96,-63.44,-146.4
-19.52,-107.36,-87.84,63.44,34.16,-97.6,-9.76,-43.92,-4.88,-73.2,-68.32,-151.28
-58.56,-126.88,-68.32,92.72,4.88,-97.6,14.64,4.88,19.52,-58.56,-68.32,-170.8
-58.56,-117.12,-58.56,87.84,0,-87.84,58.56,82.96,82.96,-24.4,-58.56,-170.8
-43.92,-117.12,-73.2,82.96,14.64,-97.6,107.36,219.6,180.56,53.68,-14.64,-151.28
-29.28,-117.12,-87.84,73.2,29.28,-102.48,151.28,370.88,283.04,141.52,43.92,-122
19.52,-107.36,-126.88,43.92,73.2,-117.12,180.56,473.36,370.88,224.48,122,-78.08
97.6,-92.72,-190.32,0,141.52,-141.52,170.8,473.36,429.44,317.2,219.6,-4.88
151.28,-82.96,-234.24,-34.16,190.32,-161.04,165.92,414.8,478.24,424.56,322.08,78.08
204.96,-39.04,-244,-82.96,224.48,-141.52,141.52,370.88,556.32,566.08,473.36,200.08
336.72,63.44,-273.28,-200.08,302.56,-107.36,63.44,287.92,639.28,761.28,692.96,370.88
473.36,175.68,-297.68,-322.08,385.52,-63.44,-82.96,87.84,683.2,941.84,917.44,566.08
580.72,268.4,-312.32,-424.56,444.08,-24.4,-253.76,-151.28,678.32,1073.6,1098,732
683.2,370.88,-312.32,-527.04,497.76,29.28,-434.32,-385.52,649.04,1200.48,1259.04,897.92
761.28,463.6,-297.68,-610,527.04,82.96,-639.28,-649.04,595.36,1298.08,1410.32,1049.2
756.4,536.8,-219.6,-644.16,488,156.16,-849.12,-897.92,497.76,1327.36,1483.52,1137.04
707.6,600.24,-107.36,-653.92,405.04,244,-1000.4,-1112.64,390.4,1283.44,1488.4,1171.2
595.36,692.96,97.6,-644.16,248.88,395.28,-1102.88,-1302.96,278.16,1185.84,1439.6,1176.08
405.04,761.28,356.24,-580.72,24.4,556.32,-1132.16,-1464,136.64,1010.16,1322.48,1122.4
268.4,727.12,458.72,-497.76,-97.6,590.48,-1141.92,-1566.48,-24.4,766.16,1102.88,1000.4
209.84,624.64,414.8,-414.8,-102.48,517.28,-1141.92,-1605.52,-214.72,468.48,800.32,810.08
107.36,507.52,400.16,-307.44,-146.4,453.84,-1107.76,-1610.4,-439.2,112.24,453.84,570.96
-53.68,448.96,502.64,-195.2,-278.16,473.36,-1063.84,-1620.16,-624.64,-151.28,204.96,370.88
-122,414.8,536.8,-146.4,-331.84,473.36,-1024.8,-1590.88,-722.24,-283.04,92.72,258.64
-107.36,351.36,458.72,-122,-283.04,405.04,-995.52,-1488.4,-736.88,-336.72,14.64,165.92
-87.84,278.16,366,-92.72,-229.36,322.08,-936.96,-1337.12,-692.96,-341.6,-34.16,82.96
-63.44,204.96,268.4,-68.32,-165.92,234.24,-858.88,-1156.56,-595.36,-297.68,-43.92,29.28
-34.16,151.28,185.44,-58.56,-112.24,165.92,-751.52,-961.36,-492.88,-263.52,-43.92,-4.88
-53.68,112.24,165.92,-29.28,-112.24,136.64,-644.16,-795.44,-434.32,-248.88,-58.56,-24.4
-48.8,68.32,117.12,-9.76,-82.96,92.72,-575.84,-688.08,-400.16,-244,-68.32,-39.04
0,53.68,53.68,-24.4,-29.28,53.68,-502.64,-600.24,-356.24,-224.48,-58.56,-43.92
0,48.8,48.8,-24.4,-24.4,48.8,-419.68,-517.28,-312.32,-200.08,-48.8,-34.16
-24.4,34.16,58.56,-4.88,-43.92,43.92,-361.12,-434.32,-258.64,-180.56,-53.68,-58.56
-14.64,24.4,39.04,-4.88,-29.28,29.28,-292.8,-356.24,-209.84,-151.28,-43.92,-73.2
-14.64,24.4,39.04,-4.88,-29.28,29.28,-224.48,-278.16,-146.4,-102.48,-24.4,-63.44
-53.68,4.88,58.56,24.4,-58.56,29.28,-170.8,-209.84,-92.72,-68.32,-14.64,-73.2
-53.68,-9.76,43.92,34.16,-48.8,14.64,-131.76,-141.52,-48.8,-43.92,-4.88,-82.96
-9.76,-4.88,4.88,9.76,-9.76,0,-97.6,-82.96,-9.76,-14.64,14.64,-63.44
0,-14.64,-14.64,9.76,4.88,-14.64,-73.2,-53.68,4.88,-4.88,24.4,-58.56
-4.88,-39.04,-34.16,24.4,14.64,-39.04,-68.32,-24.4,0,-14.64,19.52,-68.32
0,-39.04,-39.04,19.52,19.52,-39.04,-43.92,-19.52,0,-9.76,29.28,-58.56
0,-39.04,-39.04,19.52,19.52,-39.04,-43.92,-9.76,0,-14.64,14.64,-73.2
0,-39.04,-39.04,19.52,19.52,-39.04,-39.04,0,0,-24.4,9.76,-82.96
0,-48.8,-48.8,24.4,24.4,-48.8,-29.28,4.88,0,-29.28,9.76,-87.84
-14.64,-48.8,-34.16,34.16,9.76,-43.92,-19.52,9.76,4.88,-34.16,4.88,-87.84
-14.64,-39.04,-24.4,29.28,4.88,-34.16,-24.4,9.76,9.76,-24.4,14.64,-102.48
-19.52,-48.8,-29.28,34.16,4.88,-39.04,-19.52,9.76,14.64,-24.4,14.64,-102.48
-29.28,-53.68,-24.4,43.92,-4.88,-39.04,-19.52,19.52,24.4,-24.4,14.64,-107.36
-29.28,-58.56,-29.28,43.92,0,-43.92,-14.64,24.4,39.04,-14.64,14.64,-107.36
-24.4,-58.56,-34.16,43.92,4.88,-48.8,0,29.28,29.28,-9.76,24.4,-92.72
-24.4,-58.56,-34.16,43.92,4.88,-48.8,0,43.92,34.16,-4.88,29.28,-87.84
-14.64,-58.56,-43.92,39.04,14.64,-53.68,4.88,53.68,34.16,-4.88,39.04,-87.84
-9.76,-53.68,-43.92,34.16,14.64,-48.8,14.64,58.56,34.16,-4.88,43.92,-87.84
0,-63.44,-63.44,34.16,29.28,-63.44,14.64,63.44,34.16,-4.88,29.28,-92.72
-19.52,-63.44,-43.92,43.92,9.76,-53.68,9.76,68.32,34.16,-4.88,29.28,-92.72
-19.52,-63.44,-43.92,43.92,9.76,-53.68,4.88,68.32,39.04,4.88,34.16,-97.6
-19.52,-63.44,-43.92,43.92,9.76,-53.68,4.88,68.32,48.8,4.88,39.04,-102.48
-29.28,-53.68,-24.4,43.92,-4.88,-39.04,14.64,78.08,63.44,4.88,48.8,-102.48
-29.28,-48.8,-19.52,39.04,-4.88,-34.16,14.64,82.96,63.44,4.88,48.8,-97.6
-19.52,-43.92,-24.4,34.16,0,-34.16,14.64,92.72,63.44,14.64,48.8,-97.6
-14.64,-43.92,-29.28,29.28,4.88,-39.04,14.64,97.6,63.44,24.4,48.8,-97.6
-9.76,-48.8,-39.04,29.28,14.64,-43.92,24.4,102.48,68.32,24.4,58.56,-82.96
-9.76,-48.8,-39.04,29.28,14.64,-43.92,29.28,107.36,68.32,34.16,63.44,-82.96
-14.64,-48.8,-34.16,34.16,9.76,-43.92,29.28,107.36,73.2,34.16,63.44,-82.96
-14.64,-48.8,-34.16,34.16,9.76,-43.92,29.28,107.36,73.2,29.28,58.56,-87.84
-4.88,-48.8,-43.92,29.28,19.52,-48.8,29.28,107.36,63.44,19.52,48.8,-102.48
-9.76,-43.92,-34.16,29.28,9.76,-39.04,29.28,102.48,68.32,24.4,48.8,-102.48
-9.76,-43.92,-34.16,29.28,9.76,-39.04,24.4,107.36,68.32,24.4,53.68,-97.6
-9.76,-43.92,-34.16,29.28,9.76,-39.04,19.52,102.48,78.08,24.4,58.56,-92.72
-9.76,-43.92,-34.16,29.28,9.76,-39.04,29.28,112.24,68.32,34.16,68.32,-87.84
-9.76,-43.92,-34.16,29.28,9.76,-39.04,29.28,122,78.08,34.16,73.2,-78.08
-9.76,-39.04,-29.28,24.4,9.76,-34.16,29.28,126.88,87.84,43.92,73.2,-78.08
-4.88,-39.04,-34.16,24.4,14.64,-39.04,29.28,131.76,87.84,48.8,73.2,-78.08
-4.88,-34.16,-29.28,19.52,9.76,-34.16,29.28,136.64,87.84,48.8,73.2,-73.2
-19.52,-34.16,-14.64,29.28,-4.88,-24.4,34.16,141.52,97.6,48.8,78.08,-63.44
-19.52,-34.16,-14.64,29.28,-4.88,-24.4,34.16,141.52,102.48,48.8,78.08,-73.2
-19.52,-34.16,-14.64,29.28,-4.88,-24.4,34.16,141.52,107.36,53.68,82.96,-73.2
-9.76,-34.16,-24.4,24.4,4.88,-29.28,34.16,151.28,112.24,58.56,87.84,-63.44
-9.76,-34.16,-24.4,24.4,4.88,-29.28,34.16,156.16,112.24,63.44,92.72,-63.44
0,-29.28,-29.28,14.64,14.64,-29.28,34.16,161.04,112.24,63.44,92.72,-58.56
4.88,-29.28,-34.16,14.64,19.52,-34.16,34.16,165.92,117.12,68.32,92.72,-58.56
9.76,-29.28,-39.04,9.76,24.4,-34.16,34.16,161.04,117.12,63.44,82.96,-58.56
19.52,-29.28,-48.8,4.88,34.16,-39.04,39.04,165.92,126.88,63.44,87.84,-58.56
24.4,-29.28,-53.68,4.88,39.04,-43.92,39.04,170.8,126.88,68.32,87.84,-63.44
24.4,-24.4,-48.8,0,34.16,-39.04,39.04,170.8,126.88,73.2,87.84,-68.32
14.64,-34.16,-48.8,9.76,29.28,-43.92,34.16,170.8,126.88,73.2,78.08,-58.56
14.64,-34.16,-48.8,9.76,29.28,-43.92,34.16,175.68,131.76,73.2,87.84,-58.56
19.52,-29.28,-48.8,4.88,34.16,-39.04,34.16,180.56,136.64,78.08,87.84,-58.56
19.52,-29.28,-48.8,4.88,34.16,-39.04,34.16,190.32,146.4,82.96,102.48,-53.68
29.28,-19.52,-48.8,-4.88,39.04,-34.16,34.16,195.2,151.28,82.96,107.36,-63.44
19.52,-19.52,-39.04,0,29.28,-29.28,39.04,200.08,151.28,87.84,112.24,-58.56
19.52,-19.52,-39.04,0,29.28,-29.28,43.92,204.96,151.28,92.72,117.12,-48.8
24.4,-14.64,-39.04,-4.88,29.28,-29.28,43.92,209.84,146.4,97.6,117.12,-48.8
14.64,-14.64,-29.28,0,19.52,-24.4,43.92,219.6,151.28,97.6,117.12,-43.92
19.52,-14.64,-34.16,0,24.4,-24.4,43.92,224.48,165.92,107.36,117.12,-43.92
19.52,-14.64,-34.16,0,24.4,-24.4,43.92,234.24,175.68,112.24,117.12,-34.16
19.52,-14.64,-34.16,0,24.4,-24.4,43.92,239.12,185.44,112.24,117.12,-34.16
24.4,-4.88,-29.28,-9.76,24.4,-19.52,43.92,234.24,180.56,117.12,126.88,-34.16
29.28,0,-29.28,-14.64,29.28,-14.64,48.8,239.12,190.32,122,136.64,-34.16
43.92,9.76,-34.16,-24.4,39.04,-14.64,48.8,248.88,190.32,126.88,141.52,-29.28
48.8,14.64,-34.16,-29.28,39.04,-9.76,48.8,258.64,200.08,131.76,146.4,-29.28
39.04,9.76,-29.28,-24.4,34.16,-9.76,53.68,278.16,200.08,136.64,151.28,-24.4
39.04,9.76,-29.28,-24.4,34.16,-9.76,53.68,287.92,209.84,146.4,151.28,-19.52
39.04,14.64,-24.4,-24.4,29.28,-4.88,58.56,297.68,219.6,146.4,161.04,-14.64
48.8,19.52,-29.28,-34.16,39.04,-4.88,63.44,307.44,229.36,156.16,165.92,-14.64
39.04,9.76,-29.28,-24.4,34.16,-9.76,53.68,317.2,234.24,161.04,161.04,-14.64
39.04,14.64,-24.4,-24.4,29.28,-4.88,58.56,326.96,244,170.8,170.8,-9.76
39.04,14.64,-24.4,-24.4,29.28,-4.88,63.44,336.72,253.76,180.56,180.56,0
43.92,9.76,-34.16,-24.4,39.04,-14.64,63.44,346.48,253.76,185.44,185.44,0
48.8,9.76,-39.04,-29.28,43.92,-14.64,68.32,356.24,268.4,190.32,185.44,0
48.8,19.52,-29.28,-34.16,39.04,-4.88,68.32,356.24,278.16,195.2,190.32,4.88
48.8,19.52,-29.28,-34.16,39.04,-4.88,78.08,366,292.8,204.96,200.08,14.64
58.56,19.52,-39.04,-39.04,48.8,-9.76,87.84,375.76,302.56,209.84,200.08,14.64
68.32,39.04,-29.28,-53.68,48.8,4.88,78.08,375.76,297.68,209.84,195.2,14.64
68.32,43.92,-24.4,-53.68,43.92,9.76,87.84,390.4,307.44,214.72,195.2,19.52
68.32,43.92,-24.4,-53.68,43.92,9.76,87.84,409.92,312.32,229.36,204.96,24.4
73.2,43.92,-29.28,-58.56,48.8,4.88,87.84,424.56,317.2,239.12,209.84,29.28
63.44,58.56,-4.88,-58.56,34.16,24.4,87.84,439.2,326.96,244,224.48,34.16
73.2,58.56,-14.64,-63.44,43.92,19.52,87.84,458.72,336.72,253.76,229.36,39.04
78.08,63.44,-14.64,-68.32,43.92,24.4,92.72,468.48,346.48,258.64,239.12,43.92
78.08,63.44,-14.64,-68.32,43.92,24.4,92.72,483.12,356.24,268.4,244,53.68
82.96,73.2,-9.76,-78.08,43.92,29.28,82.96,488,356.24,268.4,248.88,58.56
97.6,73.2,-24.4,-82.96,58.56,24.4,87.84,492.88,370.88,273.28,258.64,58.56
107.36,78.08,-29.28,-92.72,68.32,24.4,92.72,502.64,380.64,278.16,273.28,63.44
112.24,82.96,-29.28,-97.6,68.32,24.4,97.6,507.52,390.4,283.04,278.16,68.32
102.48,78.08,-24.4,-87.84,63.44,24.4,97.6,517.28,400.16,297.68,283.04,73.2
112.24,82.96,-29.28,-97.6,68.32,24.4,97.6,536.8,414.8,307.44,292.8,82.96
112.24,87.84,-24.4,-97.6,68.32,29.28,97.6,541.68,424.56,317.2,292.8,87.84
126.88,92.72,-34.16,-107.36,78.08,29.28,102.48,546.56,434.32,326.96,297.68,92.72
136.64,87.84,-48.8,-112.24,92.72,19.52,102.48,561.2,439.2,336.72,297.68,102.48
131.76,97.6,-34.16,-112.24,82.96,29.28,102.48,570.96,448.96,346.48,312.32,107.36
131.76,102.48,-29.28,-117.12,78.08,34.16,102.48,580.72,453.84,351.36,322.08,112.24
146.4,107.36,-39.04,-126.88,92.72,34.16,107.36,595.36,463.6,361.12,336.72,126.88
136.64,117.12,-19.52,-126.88,78.08,48.8,107.36,600.24,473.36,370.88,351.36,136.64
136.64,126.88,-9.76,-131.76,73.2,58.56,102.48,605.12,478.24,380.64,351.36,146.4
131.76,131.76,0,-131.76,63.44,63.44,102.48,610,488,390.4,356.24,156.16
126.88,146.4,19.52,-136.64,53.68,82.96,102.48,614.88,497.76,400.16,366,161.04
141.52,141.52,0,-141.52,68.32,68.32,107.36,614.88,497.76,405.04,366,156.16
156.16,146.4,-9.76,-151.28,82.96,68.32,107.36,614.88,497.76,405.04,366,161.04
161.04,151.28,-9.76,-156.16,82.96,68.32,107.36,614.88,507.52,409.92,375.76,161.04
165.92,151.28,-14.64,-156.16,87.84,68.32,107.36,619.76,512.4,414.8,380.64,165.92
156.16,156.16,0,-156.16,78.08,78.08,117.12,619.76,517.28,424.56,390.4,165.92
165.92,156.16,-9.76,-161.04,87.84,73.2,117.12,624.64,517.28,429.44,390.4,180.56
165.92,156.16,-9.76,-161.04,87.84,73.2,117.12,624.64,517.28,434.32,395.28,180.56
151.28,156.16,4.88,-151.28,73.2,78.08,112.24,614.88,517.28,434.32,395.28,180.56
161.04,161.04,0,-161.04,78.08,78.08,102.48,624.64,517.28,439.2,409.92,190.32
165.92,170.8,4.88,-165.92,78.08,87.84,97.6,619.76,517.28,439.2,409.92,190.32
165.92,170.8,4.88,-165.92,78.08,87.84,92.72,614.88,517.28,439.2,409.92,190.32
165.92,170.8,4.88,-165.92,78.08,87.84,92.72,600.24,517.28,439.2,409.92,200.08
156.16,175.68,19.52,-165.92,68.32,97.6,92.72,600.24,527.04,434.32,414.8,204.96
156.16,175.68,19.52,-165.92,68.32,97.6,87.84,585.6,517.28,434.32,414.8,204.96
156.16,175.68,19.52,-165.92,68.32,97.6,82.96,561.2,512.4,429.44,414.8,204.96
156.16,175.68,19.52,-165.92,68.32,97.6,78.08,531.92,497.76,429.44,414.8,204.96
156.16,165.92,9.76,-161.04,73.2,87.84,73.2,522.16,488,419.68,409.92,195.2
151.28,161.04,9.76,-156.16,68.32,82.96,58.56,512.4,478.24,414.8,409.92,190.32
151.28,161.04,9.76,-156.16,68.32,82.96,58.56,497.76,463.6,409.92,395.28,190.32
151.28,161.04,9.76,-156.16,68.32,82.96,43.92,478.24,453.84,405.04,395.28,190.32
151.28,165.92,14.64,-156.16,68.32,87.84,48.8,458.72,439.2,400.16,385.52,190.32
146.4,161.04,14.64,-151.28,63.44,87.84,39.04,439.2,434.32,390.4,375.76,185.44
136.64,156.16,19.52,-146.4,58.56,87.84,34.16,409.92,419.68,380.64,375.76,180.56
131.76,151.28,19.52,-141.52,53.68,82.96,24.4,385.52,405.04,361.12,366,175.68
112.24,131.76,19.52,-122,43.92,73.2,24.4,356.24,380.64,356.24,356.24,165.92
112.24,122,9.76,-117.12,48.8,63.44,14.64,322.08,361.12,341.6,336.72,156.16
112.24,112.24,0,-112.24,53.68,53.68,4.88,302.56,336.72,322.08,317.2,146.4
107.36,112.24,4.88,-107.36,48.8,58.56,-4.88,268.4,302.56,292.8,302.56,126.88
102.48,112.24,9.76,-107.36,43.92,58.56,-14.64,244,287.92,287.92,287.92,112.24
97.6,102.48,4.88,-97.6,43.92,53.68,-14.64,214.72,273.28,263.52,273.28,97.6
82.96,87.84,4.88,-82.96,39.04,43.92,-29.28,185.44,258.64,244,253.76,87.84
78.08,82.96,4.88,-78.08,34.16,43.92,-34.16,170.8,244,224.48,239.12,78.08
68.32,82.96,14.64,-73.2,24.4,48.8,-29.28,156.16,239.12,209.84,229.36,73.2
58.56,78.08,19.52,-68.32,19.52,48.8,-34.16,136.64,214.72,200.08,219.6,53.68
48.8,63.44,14.64,-53.68,14.64,39.04,-39.04,126.88,195.2,185.44,209.84,39.04
39.04,58.56,19.52,-48.8,9.76,39.04,-43.92,107.36,175.68,170.8,195.2,34.16
43.92,43.92,0,-43.92,19.52,19.52,-58.56,73.2,165.92,151.28,180.56,24.4
39.04,39.04,0,-39.04,19.52,19.52,-63.44,58.56,151.28,136.64,165.92,14.64
39.04,34.16,-4.88,-34.16,19.52,14.64,-68.32,39.04,131.76,122,151.28,4.88
29.28,19.52,-9.76,-24.4,19.52,4.88,-68.32,29.28,122,112.24,146.4,-4.88
9.76,14.64,4.88,-9.76,0,9.76,-58.56,29.28,122,107.36,126.88,-9.76
9.76,9.76,0,-9.76,4.88,4.88,-63.44,19.52,107.36,97.6,112.24,-14.64
9.76,4.88,-4.88,-4.88,4.88,0,-63.44,9.76,92.72,82.96,117.12,-14.64
0,0,0,0,0,0,-63.44,-4.88,82.96,78.08,112.24,-24.4
0,-14.64,-14.64,9.76,4.88,-14.64,-63.44,-19.52,73.2,63.44,102.48,-29.28
-9.76,-14.64,-4.88,14.64,-4.88,-9.76,-63.44,-34.16,63.44,53.68,92.72,-29.28
-14.64,-19.52,-4.88,19.52,-4.88,-14.64,-68.32,-43.92,53.68,43.92,92.72,-34.16
-14.64,-19.52,-4.88,19.52,-4.88,-14.64,-68.32,-43.92,48.8,34.16,78.08,-43.92
-24.4,-24.4,0,24.4,-14.64,-14.64,-68.32,-53.68,43.92,24.4,73.2,-48.8
-24.4,-29.28,-4.88,29.28,-9.76,-19.52,-68.32,-63.44,39.04,24.4,68.32,-53.68
-24.4,-39.04,-14.64,34.16,-4.88,-29.28,-73.2,-68.32,24.4,14.64,58.56,-58.56
-24.4,-43.92,-19.52,34.16,-4.88,-34.16,-73.2,-82.96,14.64,14.64,58.56,-58.56
-24.4,-34.16,-9.76,29.28,-9.76,-24.4,-58.56,-73.2,24.4,24.4,68.32,-58.56
-24.4,-29.28,-4.88,29.28,-9.76,-19.52,-48.8,-68.32,19.52,24.4,63.44,-58.56
-34.16,-29.28,4.88,34.16,-19.52,-14.64,-34.16,-68.32,14.64,24.4,63.44,-63.44
-34.16,-34.16,0,34.16,-19.52,-19.52,-29.28,-73.2,14.64,24.4,63.44,-68.32
-24.4,-43.92,-19.52,34.16,-4.88,-34.16,-29.28,-82.96,14.64,0,48.8,-68.32
-29.28,-48.8,-19.52,39.04,-4.88,-34.16,-29.28,-87.84,14.64,-4.88,43.92,-68.32
-29.28,-48.8,-19.52,39.04,-4.88,-34.16,-29.28,-87.84,14.64,-9.76,39.04,-73.2
-29.28,-48.8,-19.52,39.04,-4.88,-34.16,-29.28,-92.72,4.88,-9.76,24.4,-73.2
-43.92,-48.8,-4.88,48.8,-19.52,-29.28,-29.28,-92.72,4.88,-14.64,24.4,-82.96
-43.92,-48.8,-4.88,48.8,-19.52,-29.28,-24.4,-92.72,4.88,-14.64,24.4,-82.96
-39.04,-48.8,-9.76,43.92,-14.64,-29.28,-24.4,-92.72,4.88,-9.76,29.28,-82.96
-39.04,-48.8,-9.76,43.92,-14.64,-29.28,-24.4,-92.72,-4.88,-9.76,24.4,-87.84
-39.04,-53.68,-14.64,48.8,-14.64,-34.16,-14.64,-102.48,-4.88,-19.52,24.4,-78.08
-39.04,-53.68,-14.64,48.8,-14.64,-34.16,-14.64,-107.36,-4.88,-19.52,29.28,-78.08
-39.04,-53.68,-14.64,48.8,-14.64,-34.16,-14.64,-107.36,-4.88,-19.52,34.16,-78.08
-43.92,-53.68,-9.76,48.8,-19.52,-34.16,-14.64,-107.36,-4.88,-24.4,39.04,-78.08
-34.16,-48.8,-14.64,43.92,-9.76,-34.16,-19.52,-107.36,-14.64,-29.28,39.04,-78.08
-24.4,-48.8,-24.4,39.04,0,-39.04,-24.4,-107.36,-14.64,-29.28,34.16,-78.08
-39.04,-48.8,-9.76,43.92,-14.64,-29.28,-29.28,-112.24,-14.64,-29.28,24.4,-78.08
-39.04,-48.8,-9.76,43.92,-14.64,-29.28,-34.16,-112.24,-14.64,-29.28,34.16,-78.08
-48.8,-48.8,0,48.8,-24.4,-24.4,-24.4,-97.6,-4.88,-19.52,39.04,-78.08
-48.8,-48.8,0,48.8,-24.4,-24.4,-19.52,-97.6,-9.76,-14.64,39.04,-78.08
-48.8,-48.8,0,48.8,-24.4,-24.4,-19.52,-97.6,-9.76,-14.64,34.16,-78.08
-53.68,-48.8,4.88,53.68,-29.28,-24.4,-24.4,-92.72,-9.76,-14.64,34.16,-78.08
-43.92,-48.8,-4.88,48.8,-19.52,-29.28,-14.64,-102.48,-9.76,-24.4,39.04,-87.84
-43.92,-48.8,-4.88,48.8,-19.52,-29.28,-14.64,-102.48,-9.76,-24.4,43.92,-87.84
-43.92,-48.8,-4.88,48.8,-19.52,-29.28,-14.64,-102.48,-9.76,-29.28,43.92,-87.84
-43.92,-48.8,-4.88,48.8,-19.52,-29.28,-14.64,-112.24,-4.88,-29.28,48.8,-87.84
-43.92,-58.56,-14.64,53.68,-14.64,-39.04,-14.64,-112.24,-4.88,-29.28,48.8,-102.48
-48.8,-53.68,-4.88,53.68,-24.4,-29.28,-14.64,-107.36,-4.88,-29.28,48.8,-102.48
-48.8,-53.68,-4.88,53.68,-24.4,-29.28,-9.76,-97.6,-4.88,-34.16,43.92,-102.48
-48.8,-53.68,-4.88,53.68,-24.4,-29.28,-9.76,-97.6,-4.88,-34.16,43.92,-102.48
-48.8,-48.8,0,48.8,-24.4,-24.4,-4.88,-102.48,0,-19.52,43.92,-92.72
-43.92,-48.8,-4.88,48.8,-19.52,-29.28,-4.88,-102.48,0,-19.52,43.92,-92.72
-43.92,-48.8,-4.88,48.8,-19.52,-29.28,-4.88,-97.6,0,-19.52,53.68,-92.72
-53.68,-48.8,4.88,53.68,-29.28,-24.4,-9.76,-97.6,0,-19.52,53.68,-92.72
-43.92,-58.56,-14.64,53.68,-14.64,-39.04,-9.76,-112.24,-9.76,-34.16,48.8,-92.72
-43.92,-58.56,-14.64,53.68,-14.64,-39.04,-9.76,-112.24,-9.76,-34.16,48.8,-92.72
-43.92,-48.8,-4.88,48.8,-19.52,-29.28,-9.76,-107.36,-9.76,-34.16,48.8,-87.84
-43.92,-48.8,-4.88,48.8,-19.52,-29.28,-9.76,-107.36,-9.76,-34.16,48.8,-87.84
-39.04,-43.92,-4.88,43.92,-19.52,-24.4,-19.52,-107.36,-4.88,-29.28,53.68,-87.84
-48.8,-43.92,4.88,48.8,-29.28,-19.52,-19.52,-107.36,-4.88,-24.4,58.56,-87.84
-58.56,-43.92,14.64,53.68,-39.04,-14.64,-19.52,-107.36,-4.88,-24.4,63.44,-87.84
-48.8,-39.04,9.76,43.92,-29.28,-14.64,-14.64,-107.36,-4.88,-29.28,68.32,-87.84
-48.8,-39.04,9.76,43.92,-29.28,-14.64,-4.88,-107.36,4.88,-19.52,73.2,-78.08
-48.8,-39.04,9.76,43.92,-29.28,-14.64,-4.88,-102.48,4.88,-9.76,73.2,-78.08
-48.8,-39.04,9.76,43.92,-29.28,-14.64,-4.88,-102.48,4.88,-9.76,78.08,-78.08
-48.8,-43.92,4.88,48.8,-29.28,-19.52,-4.88,-97.6,4.88,-14.64,78.08,-73.2
-43.92,-43.92,0,43.92,-24.4,-24.4,-14.64,-97.6,0,-29.28,78.08,-82.96
-48.8,-43.92,4.88,48.8,-29.28,-19.52,-19.52,-97.6,-4.88,-34.16,78.08,-82.96
-34.16,-39.04,-4.88,39.04,-14.64,-24.4,-19.52,-97.6,-9.76,-34.16,78.08,-73.2
-19.52,-39.04,-19.52,29.28,0,-29.28,-19.52,-97.6,-14.64,-29.28,73.2,-82.96
-29.28,-48.8,-19.52,39.04,-4.88,-34.16,-19.52,-97.6,-4.88,-29.28,73.2,-82.96
-29.28,-48.8,-19.52,39.04,-4.88,-34.16,-19.52,-97.6,0,-29.28,73.2,-82.96
-24.4,-48.8,-24.4,39.04,0,-39.04,-19.52,-97.6,0,-29.28,73.2,-82.96
-24.4,-43.92,-19.52,34.16,-4.88,-34.16,-19.52,-97.6,0,-29.28,68.32,-82.96
-24.4,-43.92,-19.52,34.16,-4.88,-34.16,-9.76,-107.36,0,-29.28,78.08,-87.84
-29.28,-43.92,-14.64,39.04,-9.76,-29.28,-4.88,-102.48,4.88,-29.28,87.84,-87.84
-29.28,-43.92,-14.64,39.04,-9.76,-29.28,-4.88,-102.48,4.88,-24.4,87.84,-87.84
-19.52,-43.92,-24.4,34.16,0,-34.16,-9.76,-102.48,4.88,-19.52,82.96,-87.84
-19.52,-39.04,-19.52,29.28,0,-29.28,-19.52,-92.72,-4.88,-19.52,92.72,-78.08
-24.4,-39.04,-14.64,34.16,-4.88,-29.28,-19.52,-92.72,-4.88,-19.52,97.6,-78.08
-39.04,-39.04,0,39.04,-19.52,-19.52,-19.52,-92.72,-4.88,-19.52,97.6,-78.08
-43.92,-43.92,0,43.92,-24.4,-24.4,-24.4,-92.72,-4.88,-24.4,97.6,-78.08
-39.04,-43.92,-4.88,43.92,-19.52,-24.4,-24.4,-97.6,-9.76,-24.4,102.48,-68.32
-34.16,-43.92,-9.76,39.04,-14.64,-29.28,-24.4,-102.48,-9.76,-24.4,97.6,-68.32
-29.28,-43.92,-14.64,39.04,-9.76,-29.28,-19.52,-107.36,-9.76,-19.52,92.72,-63.44
-24.4,-43.92,-19.52,34.16,-4.88,-34.16,-19.52,-102.48,0,-19.52,87.84,-63.44
-34.16,-43.92,-9.76,39.04,-14.64,-29.28,-19.52,-107.36,0,-19.52,87.84,-63.44
-34.16,-43.92,-9.76,39.04,-14.64,-29.28,-19.52,-107.36,0,-19.52,87.84,-63.44
-34.16,-43.92,-9.76,39.04,-14.64,-29.28,-19.52,-102.48,0,-19.52,87.84,-63.44
-34.16,-43.92,-9.76,39.04,-14.64,-29.28,-19.52,-102.48,0,-19.52,87.84,-63.44
-34.16,-43.92,-9.76,39.04,-14.64,-29.28,-19.52,-92.72,0,-19.52,87.84,-63.44
-34.16,-43.92,-9.76,39.04,-14.64,-29.28,-24.4,-97.6,-4.88,-19.52,92.72,-63.44
-14.64,-43.92,-29.28,29.28,4.88,-39.04,-24.4,-97.6,-4.88,-19.52,97.6,-63.44
-34.16,-43.92,-9.76,39.04,-14.64,-29.28,-29.28,-97.6,-4.88,-19.52,97.6,-63.44
-43.92,-43.92,0,43.92,-24.4,-24.4,-19.52,-97.6,-4.88,-19.52,92.72,-58.56
-34.16,-43.92,-9.76,39.04,-14.64,-29.28,-19.52,-102.48,-4.88,-14.64,97.6,-58.56
-34.16,-43.92,-9.76,39.04,-14.64,-29.28,-19.52,-107.36,-4.88,-14.64,97.6,-58.56
-34.16,-43.92,-9.76,39.04,-14.64,-29.28,-19.52,-112.24,-4.88,-14.64,97.6,-58.56
-39.04,-43.92,-4.88,43.92,-19.52,-24.4,-19.52,-117.12,-4.88,-14.64,97.6,-58.56
-39.04,-43.92,-4.88,43.92,-19.52,-24.4,-24.4,-117.12,-4.88,-19.52,92.72,-63.44
-39.04,-43.92,-4.88,43.92,-19.52,-24.4,-24.4,-117.12,-4.88,-19.52,92.72,-63.44
-39.04,-43.92,-4.88,43.92,-19.52,-24.4,-19.52,-122,-9.76,-19.52,92.72,-63.44
-34.16,-48.8,-14.64,43.92,-9.76,-34.16,-14.64,-122,-9.76,-29.28,97.6,-73.2
-34.16,-48.8,-14.64,43.92,-9.76,-34.16,-14.64,-126.88,-9.76,-29.28,92.72,-78.08
-39.04,-53.68,-14.64,48.8,-14.64,-34.16,-14.64,-126.88,-9.76,-24.4,78.08,-78.08
-24.4,-58.56,-34.16,43.92,4.88,-48.8,-14.64,-131.76,-19.52,-24.4,73.2,-78.08
-34.16,-58.56,-24.4,48.8,-4.88,-43.92,-24.4,-141.52,-29.28,-39.04,73.2,-68.32
-39.04,-58.56,-19.52,48.8,-9.76,-39.04,-24.4,-136.64,-24.4,-39.04,73.2,-68.32
-39.04,-53.68,-14.64,48.8,-14.64,-34.16,-24.4,-136.64,-19.52,-39.04,73.2,-68.32
-34.16,-53.68,-19.52,43.92,-9.76,-39.04,-24.4,-136.64,-19.52,-39.04,78.08,-68.32
-24.4,-48.8,-24.4,39.04,0,-39.04,-34.16,-136.64,-29.28,-39.04,82.96,-82.96
-14.64,-48.8,-34.16,34.16,9.76,-43.92,-34.16,-141.52,-29.28,-39.04,82.96,-82.96
-24.4,-48.8,-24.4,39.04,0,-39.04,-34.16,-141.52,-29.28,-39.04,73.2,-78.08
-29.28,-48.8,-19.52,39.04,-4.88,-34.16,-34.16,-141.52,-29.28,-39.04,73.2,-78.08
-39.04,-53.68,-14.64,48.8,-14.64,-34.16,-24.4,-151.28,-34.16,-34.16,78.08,-78.08
-29.28,-53.68,-24.4,43.92,-4.88,-39.04,-24.4,-161.04,-39.04,-34.16,78.08,-78.08
-29.28,-53.68,-24.4,43.92,-4.88,-39.04,-24.4,-161.04,-39.04,-39.04,78.08,-82.96
-29.28,-53.68,-24.4,43.92,-4.88,-39.04,-24.4,-161.04,-39.04,-39.04,78.08,-82.96
-34.16,-53.68,-19.52,43.92,-9.76,-39.04,-24.4,-151.28,-29.28,-39.04,73.2,-73.2
-43.92,-53.68,-9.76,48.8,-19.52,-34.16,-24.4,-151.28,-29.28,-34.16,78.08,-78.08
-48.8,-53.68,-4.88,53.68,-24.4,-29.28,-24.4,-151.28,-29.28,-34.16,78.08,-78.08
-43.92,-53.68,-9.76,48.8,-19.52,-34.16,-24.4,-156.16,-29.28,-39.04,73.2,-78.08
-43.92,-48.8,-4.88,48.8,-19.52,-29.28,-14.64,-156.16,-24.4,-39.04,78.08,-78.08
-53.68,-48.8,4.88,53.68,-29.28,-24.4,-14.64,-156.16,-24.4,-39.04,73.2,-78.08
-53.68,-48.8,4.88,53.68,-29.28,-24.4,-14.64,-156.16,-29.28,-39.04,73.2,-73.2
-48.8,-48.8,0,48.8,-24.4,-24.4,-14.64,-156.16,-29.28,-39.04,73.2,-73.2
-39.04,-53.68,-14.64,48.8,-14.64,-34.16,-19.52,-156.16,-39.04,-43.92,68.32,-78.08
-34.16,-53.68,-19.52,43.92,-9.76,-39.04,-24.4,-156.16,-39.04,-43.92,63.44,-78.08
-39.04,-53.68,-14.64,48.8,-14.64,-34.16,-29.28,-156.16,-43.92,-43.92,58.56,-78.08
-39.04,-53.68,-14.64,48.8,-14.64,-34.16,-34.16,-156.16,-48.8,-43.92,53.68,-78.08
-39.04,-58.56,-19.52,48.8,-9.76,-39.04,-29.28,-170.8,-39.04,-53.68,58.56,-78.08
-39.04,-58.56,-19.52,48.8,-9.76,-39.04,-29.28,-170.8,-43.92,-53.68,58.56,-78.08
-39.04,-58.56,-19.52,48.8,-9.76,-39.04,-34.16,-170.8,-43.92,-53.68,63.44,-78.08
-34.16,-58.56,-24.4,48.8,-4.88,-43.92,-34.16,-170.8,-39.04,-58.56,68.32,-78.08
-39.04,-58.56,-19.52,48.8,-9.76,-39.04,-24.4,-161.04,-39.04,-48.8,78.08,-78.08
-43.92,-58.56,-14.64,53.68,-14.64,-39.04,-24.4,-165.92,-43.92,-48.8,78.08,-73.2
-48.8,-58.56,-9.76,53.68,-19.52,-34.16,-24.4,-165.92,-43.92,-48.8,78.08,-73.2
-48.8,-58.56,-9.76,53.68,-19.52,-34.16,-19.52,-165.92,-43.92,-48.8,78.08,-73.2
-48.8,-63.44,-14.64,58.56,-19.52,-39.04,-29.28,-175.68,-43.92,-58.56,73.2,-78.08
-48.8,-63.44,-14.64,58.56,-19.52,-39.04,-29.28,-175.68,-43.92,-63.44,73.2,-78.08
-48.8,-63.44,-14.64,58.56,-19.52,-39.04,-34.16,-175.68,-48.8,-63.44,73.2,-78.08
-53.68,-58.56,-4.88,58.56,-24.4,-34.16,-34.16,-175.68,-48.8,-63.44,73.2,-78.08
-43.92,-58.56,-14.64,53.68,-14.64,-39.04,-34.16,-175.68,-48.8,-63.44,73.2,-78.08
-43.92,-58.56,-14.64,53.68,-14.64,-39.04,-34.16,-180.56,-48.8,-63.44,73.2,-78.08
-43.92,-58.56,-14.64,53.68,-14.64,-39.04,-34.16,-180.56,-48.8,-58.56,73.2,-82.96
-43.92,-58.56,-14.64,53.68,-14.64,-39.04,-29.28,-180.56,-48.8,-58.56,73.2,-82.96
-34.16,-58.56,-24.4,48.8,-4.88,-43.92,-29.28,-180.56,-39.04,-48.8,63.44,-82.96
-39.04,-58.56,-19.52,48.8,-9.76,-39.04,-29.28,-180.56,-39.04,-48.8,58.56,-82.96
-39.04,-58.56,-19.52,48.8,-9.76,-39.04,-29.28,-175.68,-39.04,-53.68,58.56,-82.96
-29.28,-58.56,-29.28,43.92,0,-43.92,-29.28,-175.68,-39.04,-53.68,58.56,-82.96
-34.16,-63.44,-29.28,48.8,-4.88,-48.8,-29.28,-190.32,-48.8,-53.68,68.32,-82.96
-43.92,-63.44,-19.52,53.68,-14.64,-43.92,-29.28,-190.32,-48.8,-53.68,73.2,-82.96
-48.8,-63.44,-14.64,58.56,-19.52,-39.04,-29.28,-185.44,-48.8,-53.68,73.2,-87.84
-58.56,-58.56,0,58.56,-29.28,-29.28,-29.28,-185.44,-48.8,-58.56,68.32,-87.84
-58.56,-58.56,0,58.56,-29.28,-29.28,-39.04,-190.32,-58.56,-68.32,58.56,-82.96
-58.56,-58.56,0,58.56,-29.28,-29.28,-39.04,-190.32,-58.56,-68.32,53.68,-82.96
-53.68,-63.44,-9.76,58.56,-24.4,-39.04,-39.04,-195.2,-58.56,-68.32,53.68,-82.96
-53.68,-63.44,-9.76,58.56,-24.4,-39.04,-39.04,-195.2,-53.68,-68.32,53.68,-82.96
-43.92,-63.44,-19.52,53.68,-14.64,-43.92,-39.04,-180.56,-43.92,-68.32,53.68,-82.96
-43.92,-63.44,-19.52,53.68,-14.64,-43.92,-39.04,-180.56,-43.92,-68.32,53.68,-78.08
-43.92,-63.44,-19.52,53.68,-14.64,-43.92,-39.04,-180.56,-43.92,-68.32,58.56,-78.08
-43.92,-63.44,-19.52,53.68,-14.64,-43.92,-39.04,-180.56,-43.92,-58.56,58.56,-82.96
-43.92,-53.68,-9.76,48.8,-19.52,-34.16,-39.04,-190.32,-58.56,-68.32,58.56,-92.72
-48.8,-53.68,-4.88,53.68,-24.4,-29.28,-39.04,-190.32,-58.56,-68.32,58.56,-92.72
-48.8,-53.68,-4.88,53.68,-24.4,-29.28,-39.04,-190.32,-63.44,-68.32,58.56,-92.72
-43.92,-48.8,-4.88,48.8,-19.52,-29.28,-39.04,-195.2,-63.44,-68.32,53.68,-92.72
-53.68,-58.56,-4.88,58.56,-24.4,-34.16,-29.28,-195.2,-53.68,-58.56,63.44,-82.96
-63.44,-63.44,0,63.44,-34.16,-34.16,-29.28,-190.32,-53.68,-53.68,68.32,-82.96
-63.44,-68.32,-4.88,68.32,-29.28,-39.04,-24.4,-190.32,-53.68,-53.68,68.32,-82.96
-58.56,-68.32,-9.76,63.44,-24.4,-39.04,-24.4,-190.32,-53.68,-58.56,63.44,-87.84
-48.8,-53.68,-4.88,53.68,-24.4,-29.28,-34.16,-200.08,-53.68,-58.56,73.2,-87.84
-39.04,-53.68,-14.64,48.8,-14.64,-34.16,-39.04,-200.08,-58.56,-58.56,73.2,-82.96
-39.04,-53.68,-14.64,48.8,-14.64,-34.16,-39.04,-200.08,-58.56,-63.44,68.32,-82.96
-43.92,-53.68,-9.76,48.8,-19.52,-34.16,-39.04,-200.08,-58.56,-63.44,68.32,-87.84
-34.16,-63.44,-29.28,48.8,-4.88,-48.8,-43.92,-200.08,-58.56,-68.32,58.56,-87.84
-34.16,-63.44,-29.28,48.8,-4.88,-48.8,-43.92,-200.08,-63.44,-73.2,58.56,-87.84
-53.68,-63.44,-9.76,58.56,-24.4,-39.04,-43.92,-204.96,-68.32,-78.08,58.56,-87.84
-39.04,-63.44,-24.4,53.68,-9.76,-43.92,-43.92,-204.96,-68.32,-82.96,63.44,-87.84
-24.4,-63.44,-39.04,43.92,4.88,-53.68,-48.8,-200.08,-78.08,-73.2,53.68,-87.84
-24.4,-63.44,-39.04,43.92,4.88,-53.68,-48.8,-200.08,-78.08,-73.2,53.68,-87.84
-24.4,-63.44,-39.04,43.92,4.88,-53.68,-48.8,-200.08,-73.2,-78.08,53.68,-97.6
-14.64,-68.32,-53.68,43.92,19.52,-63.44,-48.8,-200.08,-68.32,-78.08,53.68,-87.84
-19.52,-63.44,-43.92,43.92,9.76,-53.68,-48.8,-190.32,-63.44,-78.08,63.44,-82.96
-24.4,-63.44,-39.04,43.92,4.88,-53.68,-48.8,-195.2,-63.44,-78.08,53.68,-87.84
-29.28,-63.44,-34.16,48.8,0,-48.8,-48.8,-195.2,-63.44,-78.08,48.8,-92.72
-34.16,-63.44,-29.28,48.8,-4.88,-48.8,-48.8,-195.2,-68.32,-78.08,43.92,-97.6
-24.4,-53.68,-29.28,39.04,0,-43.92,-48.8,-200.08,-68.32,-78.08,53.68,-92.72
-19.52,-63.44,-43.92,43.92,9.76,-53.68,-48.8,-204.96,-68.32,-78.08,53.68,-92.72
-19.52,-53.68,-34.16,39.04,4.88,-43.92,-48.8,-209.84,-68.32,-78.08,58.56,-92.72
-24.4,-53.68,-29.28,39.04,0,-43.92,-48.8,-214.72,-68.32,-78.08,63.44,-92.72
-24.4,-53.68,-29.28,39.04,0,-43.92,-48.8,-214.72,-78.08,-87.84,53.68,-102.48
-24.4,-53.68,-29.28,39.04,0,-43.92,-48.8,-214.72,-78.08,-87.84,53.68,-102.48
-24.4,-53.68,-29.28,39.04,0,-43.92,-53.68,-214.72,-82.96,-92.72,53.68,-102.48
-19.52,-53.68,-34.16,39.04,4.88,-43.92,-53.68,-214.72,-82.96,-92.72,48.8,-107.36
-29.28,-53.68,-24.4,43.92,-4.88,-39.04,-48.8,-204.96,-87.84,-92.72,48.8,-97.6
-29.28,-53.68,-24.4,43.92,-4.88,-39.04,-48.8,-204.96,-82.96,-92.72,48.8,-97.6
-34.16,-53.68,-19.52,43.92,-9.76,-39.04,-48.8,-204.96,-82.96,-92.72,48.8,-97.6
-34.16,-53.68,-19.52,43.92,-9.76,-39.04,-48.8,-204.96,-82.96,-92.72,48.8,-92.72
-43.92,-58.56,-14.64,53.68,-14.64,-39.04,-48.8,-200.08,-73.2,-87.84,53.68,-92.72
-43.92,-58.56,-14.64,53.68,-14.64,-39.04,-48.8,-200.08,-73.2,-82.96,53.68,-92.72
-43.92,-58.56,-14.64,53.68,-14.64,-39.04,-48.8,-204.96,-73.2,-78.08,53.68,-97.6
-43.92,-53.68,-9.76,48.8,-19.52,-34.16,-48.8,-204.96,-73.2,-73.2,53.68,-97.6
-34.16,-43.92,-9.76,39.04,-14.64,-29.28,-58.56,-204.96,-82.96,-82.96,43.92,-97.6
-29.28,-43.92,-14.64,39.04,-9.76,-29.28,-58.56,-204.96,-82.96,-87.84,43.92,-102.48
-29.28,-48.8,-19.52,39.04,-4.88,-34.16,-58.56,-204.96,-82.96,-87.84,39.04,-102.48
-24.4,-48.8,-24.4,39.04,0,-39.04,-58.56,-204.96,-82.96,-87.84,39.04,-97.6
-24.4,-58.56,-34.16,43.92,4.88,-48.8,-58.56,-175.68,-73.2,-82.96,53.68,-87.84
-19.52,-63.44,-43.92,43.92,9.76,-53.68,-58.56,-175.68,-73.2,-92.72,53.68,-97.6
-24.4,-63.44,-39.04,43.92,4.88,-53.68,-58.56,-185.44,-78.08,-97.6,48.8,-97.6
-19.52,-58.56,-39.04,39.04,9.76,-48.8,-48.8,-185.44,-78.08,-97.6,48.8,-97.6
-29.28,-58.56,-29.28,43.92,0,-43.92,-58.56,-195.2,-87.84,-97.6,48.8,-97.6
-29.28,-58.56,-29.28,43.92,0,-43.92,-58.56,-195.2,-87.84,-97.6,48.8,-97.6
-29.28,-58.56,-29.28,43.92,0,-43.92,-58.56,-195.2,-87.84,-97.6,48.8,-97.6
-29.28,-58.56,-29.28,43.92,0,-43.92,-58.56,-195.2,-87.84,-97.6,48.8,-97.6
-29.28,-58.56,-29.28,43.92,0,-43.92,-58.56,-185.44,-87.84,-87.84,48.8,-97.6
-29.28,-58.56,-29.28,43.92,0,-43.92,-58.56,-185.44,-87.84,-87.84,48.8,-97.6
-29.28,-58.56,-29.28,43.92,0,-43.92,-58.56,-185.44,-87.84,-87.84,48.8,-97.6
-29.28,-58.56,-29.28,43.92,0,-43.92,-58.56,-185.44,-87.84,-87.84,48.8,-97.6
-39.04,-58.56,-19.52,48.8,-9.76,-39.04,-53.68,-175.68,-87.84,-87.84,48.8,-87.84
-39.04,-58.56,-19.52,48.8,-9.76,-39.04,-48.8,-175.68,-87.84,-87.84,48.8,-87.84
-39.04,-58.56,-19.52,48.8,-9.76,-39.04,-43.92,-175.68,-87.84,-87.84,48.8,-87.84
-39.04,-58.56,-19.52,48.8,-9.76,-39.04,-39.04,-175.68,-87.84,-87.84,48.8,-87.84
-29.28,-48.8,-19.52,39.04,-4.88,-34.16,-43.92,-165.92,-97.6,-87.84,48.8,-97.6
-29.28,-48.8,-19.52,39.04,-4.88,-34.16,-48.8,-165.92,-97.6,-87.84,48.8,-97.6
-29.28,-48.8,-19.52,39.04,-4.88,-34.16,-53.68,-165.92,-97.6,-87.84,48.8,-97.6
-29.28,-48.8,-19.52,39.04,-4.88,-34.16,-58.56,-165.92,-97.6,-87.84,48.8,-97.6
-19.52,-58.56,-39.04,39.04,9.76,-48.8,-58.56,-175.68,-97.6,-87.84,39.04,-97.6
-19.52,-58.56,-39.04,39.04,9.76,-48.8,-58.56,-175.68,-97.6,-87.84,39.04,-97.6
-19.52,-58.56,-39.04,39.04,9.76,-48.8,-58.56,-175.68,-97.6,-87.84,39.04,-97.6
-19.52,-58.56,-39.04,39.04,9.76,-48.8,-58.56,-175.68,-97.6,-87.84,39.04,-97.6
-29.28,-58.56,-29.28,43.92,0,-43.92,-58.56,-170.8,-97.6,-78.08,39.04,-97.6
-29.28,-58.56,-29.28,43.92,0,-43.92,-58.56,-165.92,-97.6,-78.08,39.04,-97.6
-29.28,-58.56,-29.28,43.92,0,-43.92,-58.56,-161.04,-97.6,-78.08,39.04,-97.6
-29.28,-58.56,-29.28,43.92,0,-43.92,-58.56,-156.16,-97.6,-78.08,39.04,-97.6
-29.28,-58.56,-29.28,43.92,0,-43.92,-58.56,-151.28,-87.84,-87.84,39.04,-97.6
-29.28,-58.56,-29.28,43.92,0,-43.92,-58.56,-146.4,-87.84,-87.84,39.04,-97.6
-29.28,-58.56,-29.28,43.92,0,-43.92,-58.56,-141.52,-87.84,-87.84,39.04,-97.6
-29.28,-58.56,-29.28,43.92,0,-43.92,-58.56,-136.64,-87.84,-87.84,39.04,-97.6
-29.28,-48.8,-19.52,39.04,-4.88,-34.16,-58.56,-126.88,-97.6,-78.08,39.04,-97.6
-29.28,-48.8,-19.52,39.04,-4.88,-34.16,-58.56,-126.88,-97.6,-78.08,39.04,-97.6
-29.28,-48.8,-19.52,39.04,-4.88,-34.16,-58.56,-126.88,-97.6,-78.08,39.04,-97.6
-29.28,-48.8,-19.52,39.04,-4.88,-34.16,-58.56,-126.88,-97.6,-78.08,39.04,-97.6
-29.28,-48.8,-19.52,39.04,-4.88,-34.16,-58.56,-136.64,-97.6,-87.84,39.04,-97.6
-29.28,-48.8,-19.52,39.04,-4.88,-34.16,-58.56,-136.64,-97.6,-87.84,39.04,-97.6
-29.28,-48.8,-19.52,39.04,-4.88,-34.16,-58.56,-136.64,-97.6,-87.84,39.04,-97.6
-29.28,-48.8,-19.52,39.04,-4.88,-34.16,-58.56,-136.64,-97.6,-87.84,39.04,-97.6
-29.28,-53.68,-24.4,43.92,-4.88,-39.04,-58.56,-131.76,-97.6,-87.84,39.04,-97.6
-29.28,-58.56,-29.28,43.92,0,-43.92,-58.56,-126.88,-97.6,-87.84,39.04,-97.6
-29.28,-63.44,-34.16,48.8,0,-48.8,-58.56,-122,-97.6,-87.84,39.04,-97.6
-29.28,-68.32,-39.04,48.8,4.88,-53.68,-58.56,-117.12,-97.6,-87.84,39.04,-97.6
-29.28,-58.56,-29.28,43.92,0,-43.92,-58.56,-107.36,-107.36,-78.08,48.8,-87.84
-29.28,-58.56,-29.28,43.92,0,-43.92,-58.56,-107.36,-107.36,-78.08,48.8,-87.84
-29.28,-58.56,-29.28,43.92,0,-43.92,-58.56,-107.36,-107.36,-78.08,48.8,-87.84
-29.28,-58.56,-29.28,43.92,0,-43.92,-58.56,-107.36,-107.36,-78.08,48.8,-87.84
-39.04,-58.56,-19.52,48.8,-9.76,-39.04,-68.32,-107.36,-107.36,-87.84,39.04,-97.6
-39.04,-58.56,-19.52,48.8,-9.76,-39.04,-68.32,-107.36,-107.36,-87.84,39.04,-97.6
-39.04,-58.56,-19.52,48.8,-9.76,-39.04,-68.32,-107.36,-107.36,-87.84,39.04,-97.6
-39.04,-58.56,-19.52,48.8,-9.76,-39.04,-68.32,-107.36,-107.36,-87.84,39.04,-97.6
-48.8,-68.32,-19.52,58.56,-14.64,-43.92,-68.32,-102.48,-107.36,-78.08,39.04,-97.6
-48.8,-68.32,-19.52,58.56,-14.64,-43.92,-68.32,-97.6,-107.36,-78.08,39.04,-97.6
-48.8,-68.32,-19.52,58.56,-14.64,-43.92,-68.32,-92.72,-107.36,-78.08,39.04,-97.6
-48.8,-68.32,-19.52,58.56,-14.64,-43.92,-68.32,-87.84,-107.36,-78.08,39.04,-97.6
-43.92,-58.56,-14.64,53.68,-14.64,-39.04,-58.56,-87.84,-107.36,-78.08,39.04,-97.6
-29.28,-53.68,-24.4,43.92,-4.88,-39.04,-58.56,-87.84,-102.48,-78.08,39.04,-97.6
-24.4,-53.68,-29.28,39.04,0,-43.92,-58.56,-82.96,-102.48,-78.08,43.92,-97.6
-34.16,-53.68,-19.52,43.92,-9.76,-39.04,-53.68,-82.96,-102.48,-78.08,43.92,-97.6
-24.4,-48.8,-24.4,39.04,0,-39.04,-63.44,-87.84,-102.48,-78.08,39.04,-97.6
-9.76,-43.92,-34.16,29.28,9.76,-39.04,-63.44,-87.84,-102.48,-78.08,39.04,-97.6
-9.76,-39.04,-29.28,24.4,9.76,-34.16,-63.44,-87.84,-97.6,-78.08,39.04,-92.72
-9.76,-34.16,-24.4,24.4,4.88,-29.28,-53.68,-82.96,-97.6,-78.08,39.04,-92.72
-29.28,-39.04,-9.76,34.16,-9.76,-24.4,-43.92,-73.2,-107.36,-78.08,48.8,-82.96
-29.28,-43.92,-14.64,39.04,-9.76,-29.28,-39.04,-63.44,-102.48,-73.2,53.68,-82.96
-29.28,-43.92,-14.64,39.04,-9.76,-29.28,-34.16,-63.44,-102.48,-73.2,53.68,-82.96
-24.4,-48.8,-24.4,39.04,0,-39.04,-34.16,-63.44,-102.48,-68.32,58.56,-82.96
-24.4,-43.92,-19.52,34.16,-4.88,-34.16,-34.16,-43.92,-92.72,-68.32,53.68,-87.84
-24.4,-39.04,-14.64,34.16,-4.88,-29.28,-24.4,-39.04,-87.84,-63.44,58.56,-87.84
-24.4,-29.28,-4.88,29.28,-9.76,-19.52,-24.4,-39.04,-82.96,-53.68,58.56,-82.96
-19.52,-24.4,-4.88,24.4,-9.76,-14.64,-24.4,-29.28,-73.2,-48.8,53.68,-82.96
-19.52,-14.64,4.88,19.52,-14.64,-4.88,-14.64,-24.4,-68.32,-43.92,53.68,-63.44
-9.76,-9.76,0,9.76,-4.88,-4.88,-14.64,-19.52,-63.44,-43.92,58.56,-63.44
-4.88,-4.88,0,4.88,-4.88,-4.88,-14.64,-19.52,-63.44,-43.92,58.56,-63.44
-4.88,0,4.88,4.88,-4.88,0,-9.76,-19.52,-63.44,-43.92,68.32,-63.44
-14.64,9.76,24.4,4.88,-19.52,14.64,-4.88,0,-48.8,-29.28,73.2,-63.44
-14.64,14.64,29.28,0,-24.4,19.52,0,4.88,-43.92,-19.52,73.2,-53.68
-14.64,19.52,34.16,0,-24.4,24.4,0,4.88,-43.92,-19.52,73.2,-53.68
0,24.4,24.4,-9.76,-14.64,24.4,0,4.88,-43.92,-19.52,73.2,-53.68
9.76,29.28,19.52,-19.52,-4.88,24.4,9.76,4.88,-53.68,-19.52,68.32,-53.68
9.76,39.04,29.28,-24.4,-9.76,34.16,4.88,14.64,-43.92,-14.64,73.2,-43.92
0,39.04,39.04,-19.52,-19.52,39.04,0,14.64,-43.92,-19.52,73.2,-43.92
9.76,39.04,29.28,-24.4,-9.76,34.16,-4.88,4.88,-43.92,-24.4,73.2,-43.92
4.88,39.04,34.16,-19.52,-14.64,34.16,-39.04,-9.76,-53.68,-34.16,78.08,-48.8
0,39.04,39.04,-19.52,-19.52,39.04,-58.56,-19.52,-68.32,-39.04,73.2,-48.8
-4.88,48.8,53.68,-19.52,-29.28,48.8,-73.2,-24.4,-68.32,-39.04,73.2,-48.8
-4.88,58.56,63.44,-24.4,-34.16,58.56,-73.2,-24.4,-63.44,-39.04,78.08,-43.92
4.88,58.56,53.68,-29.28,-24.4,53.68,-73.2,-9.76,-53.68,-29.28,78.08,-39.04
19.52,58.56,39.04,-39.04,-9.76,48.8,-78.08,-9.76,-53.68,-29.28,82.96,-39.04
34.16,58.56,24.4,-43.92,4.88,39.04,-82.96,-9.76,-53.68,-24.4,82.96,-34.16
39.04,63.44,24.4,-48.8,4.88,43.92,-87.84,-9.76,-48.8,-14.64,92.72,-29.28
29.28,68.32,39.04,-48.8,-4.88,53.68,-87.84,-9.76,-48.8,-14.64,92.72,-19.52
19.52,73.2,53.68,-43.92,-19.52,63.44,-82.96,-9.76,-48.8,-14.64,97.6,-14.64
29.28,73.2,43.92,-48.8,-9.76,58.56,-82.96,-14.64,-48.8,-14.64,97.6,-14.64
29.28,63.44,34.16,-43.92,-4.88,48.8,-87.84,-14.64,-53.68,-24.4,82.96,-24.4
39.04,63.44,24.4,-48.8,4.88,43.92,-97.6,-14.64,-68.32,-24.4,92.72,-39.04
34.16,63.44,29.28,-48.8,0,43.92,-97.6,-14.64,-73.2,-24.4,92.72,-39.04
34.16,63.44,29.28,-48.8,0,43.92,-97.6,-14.64,-73.2,-24.4,92.72,-34.16
43.92,68.32,24.4,-53.68,9.76,43.92,-97.6,-14.64,-73.2,-24.4,92.72,-34.16
34.16,63.44,29.28,-48.8,0,43.92,-97.6,-4.88,-63.44,-24.4,82.96,-24.4
24.4,43.92,19.52,-34.16,0,29.28,-97.6,-4.88,-63.44,-29.28,82.96,-24.4
24.4,29.28,4.88,-24.4,9.76,14.64,-97.6,-9.76,-68.32,-34.16,78.08,-24.4
24.4,14.64,-9.76,-19.52,14.64,0,-107.36,-19.52,-82.96,-43.92,68.32,-29.28
34.16,24.4,-9.76,-29.28,19.52,4.88,-107.36,-29.28,-87.84,-53.68,58.56,-39.04
24.4,9.76,-14.64,-14.64,19.52,-4.88,-102.48,-24.4,-92.72,-58.56,53.68,-43.92
19.52,4.88,-14.64,-9.76,14.64,-4.88,-102.48,-24.4,-102.48,-63.44,53.68,-48.8
19.52,0,-19.52,-9.76,19.52,-9.76,-97.6,-19.52,-107.36,-68.32,43.92,-53.68
4.88,-19.52,-24.4,9.76,14.64,-24.4,-87.84,-14.64,-102.48,-58.56,53.68,-53.68
-4.88,-29.28,-24.4,19.52,9.76,-29.28,-82.96,-19.52,-107.36,-58.56,48.8,-58.56
-14.64,-34.16,-19.52,24.4,0,-29.28,-82.96,-19.52,-112.24,-63.44,39.04,-68.32
-14.64,-39.04,-24.4,29.28,4.88,-34.16,-78.08,-14.64,-117.12,-68.32,39.04,-68.32
-24.4,-53.68,-29.28,39.04,0,-43.92,-87.84,-24.4,-117.12,-73.2,34.16,-63.44
-24.4,-53.68,-29.28,39.04,0,-43.92,-87.84,-24.4,-117.12,-73.2,34.16,-68.32
-24.4,-53.68,-29.28,39.04,0,-43.92,-87.84,-24.4,-117.12,-78.08,24.4,-73.2
-24.4,-63.44,-39.04,43.92,4.88,-53.68,-87.84,-34.16,-126.88,-82.96,14.64,-82.96
-29.28,-73.2,-43.92,53.68,4.88,-58.56,-78.08,-34.16,-136.64,-97.6,4.88,-92.72
-29.28,-73.2,-43.92,53.68,4.88,-58.56,-78.08,-34.16,-146.4,-102.48,0,-92.72
-39.04,-73.2,-34.16,58.56,-4.88,-53.68,-78.08,-39.04,-146.4,-107.36,0,-92.72
-43.92,-78.08,-34.16,63.44,-4.88,-58.56,-78.08,-43.92,-151.28,-112.24,-4.88,-92.72
-43.92,-73.2,-29.28,58.56,-9.76,-53.68,-87.84,-34.16,-165.92,-117.12,-4.88,-102.48
-43.92,-78.08,-34.16,63.44,-4.88,-58.56,-87.84,-39.04,-170.8,-117.12,-9.76,-102.48
-43.92,-78.08,-34.16,63.44,-4.88,-58.56,-87.84,-39.04,-170.8,-117.12,-9.76,-107.36
-39.04,-78.08,-39.04,58.56,0,-58.56,-87.84,-39.04,-170.8,-112.24,-14.64,-107.36
-39.04,-87.84,-48.8,63.44,4.88,-68.32,-82.96,-43.92,-156.16,-112.24,-14.64,-97.6
-43.92,-92.72,-48.8,68.32,0,-73.2,-82.96,-39.04,-156.16,-107.36,-9.76,-97.6
-43.92,-92.72,-48.8,68.32,0,-73.2,-82.96,-39.04,-156.16,-107.36,-9.76,-97.6
-43.92,-92.72,-48.8,68.32,0,-73.2,-82.96,-39.04,-156.16,-107.36,-9.76,-97.6
-39.04,-82.96,-43.92,63.44,0,-63.44,-82.96,-29.28,-156.16,-112.24,-14.64,-97.6
-39.04,-82.96,-43.92,63.44,0,-63.44,-82.96,-29.28,-156.16,-112.24,-14.64,-97.6
-53.68,-82.96,-29.28,68.32,-14.64,-58.56,-82.96,-29.28,-156.16,-112.24,-14.64,-97.6
-63.44,-82.96,-19.52,73.2,-24.4,-53.68,-78.08,-29.28,-156.16,-112.24,-14.64,-97.6
-53.68,-82.96,-29.28,68.32,-14.64,-58.56,-78.08,-39.04,-156.16,-112.24,-19.52,-107.36
-53.68,-87.84,-34.16,73.2,-9.76,-63.44,-78.08,-39.04,-156.16,-112.24,-19.52,-112.24
-58.56,-87.84,-29.28,73.2,-14.64,-58.56,-73.2,-29.28,-156.16,-107.36,-14.64,-112.24
-58.56,-87.84,-29.28,73.2,-14.64,-58.56,-68.32,-24.4,-156.16,-107.36,-14.64,-117.12
-48.8,-87.84,-39.04,68.32,-4.88,-63.44,-78.08,-19.52,-156.16,-112.24,-24.4,-107.36
-39.04,-97.6,-58.56,68.32,9.76,-78.08,-73.2,-14.64,-156.16,-112.24,-24.4,-117.12
-48.8,-97.6,-48.8,73.2,0,-73.2,-63.44,-9.76,-151.28,-112.24,-34.16,-126.88
-48.8,-107.36,-58.56,78.08,4.88,-82.96,-48.8,24.4,-131.76,-102.48,-39.04,-141.52
-39.04,-107.36,-68.32,73.2,14.64,-87.84,-14.64,82.96,-87.84,-87.84,-39.04,-141.52
-58.56,-126.88,-68.32,92.72,4.88,-97.6,19.52,141.52,-43.92,-63.44,-29.28,-151.28
-63.44,-126.88,-63.44,97.6,0,-97.6,39.04,229.36,14.64,-24.4,-4.88,-151.28
-29.28,-126.88,-97.6,78.08,34.16,-112.24,82.96,361.12,107.36,43.92,43.92,-122
9.76,-117.12,-126.88,53.68,68.32,-122,112.24,492.88,214.72,146.4,112.24,-87.84
39.04,-102.48,-141.52,34.16,87.84,-122,131.76,570.96,322.08,258.64,209.84,-14.64
92.72,-92.72,-185.44,0,136.64,-141.52,126.88,541.68,380.64,375.76,322.08,68.32
156.16,-68.32,-224.48,-43.92,190.32,-146.4,122,497.76,448.96,497.76,444.08,161.04
239.12,-4.88,-244,-117.12,239.12,-126.88,102.48,453.84,531.92,653.92,614.88,283.04
366,107.36,-258.64,-234.24,312.32,-78.08,14.64,351.36,614.88,854,839.36,458.72
492.88,209.84,-283.04,-351.36,385.52,-39.04,-126.88,161.04,658.8,1063.84,1078.48,663.68
566.08,312.32,-253.76,-439.2,409.92,29.28,-268.4,-63.44,668.56,1220,1288.32,849.12
653.92,424.56,-229.36,-536.8,439.2,97.6,-444.08,-317.2,605.12,1327.36,1449.36,1000.4
727.12,507.52,-219.6,-614.88,473.36,141.52,-673.44,-614.88,507.52,1395.68,1581.12,1137.04
717.36,561.2,-156.16,-639.28,434.32,200.08,-863.76,-878.4,390.4,1400.56,1634.8,1210.24
614.88,614.88,0,-614.88,307.44,307.44,-1005.28,-1088.24,278.16,1342,1615.28,1234.64
483.12,702.72,219.6,-590.48,131.76,458.72,-1112.64,-1298.08,126.88,1215.12,1527.44,1229.76
346.48,746.64,400.16,-546.56,-29.28,570.96,-1141.92,-1459.12,-34.16,1010.16,1356.64,1137.04
248.88,722.24,473.36,-483.12,-112.24,595.36,-1132.16,-1517.68,-195.2,751.52,1102.88,985.76
156.16,605.12,448.96,-380.64,-146.4,527.04,-1117.52,-1522.56,-370.88,424.56,775.92,766.16
43.92,488,444.08,-263.52,-200.08,463.6,-1073.6,-1493.28,-585.6,63.44,419.68,527.04
-73.2,444.08,517.28,-185.44,-297.68,478.24,-1024.8,-1493.28,-761.28,-214.72,170.8,326.96
-126.88,409.92,536.8,-141.52,-331.84,473.36,-1015.04,-1478.64,-873.52,-356.24,53.68,204.96
-87.84,346.48,434.32,-126.88,-263.52,390.4,-995.52,-1395.68,-897.92,-419.68,-14.64,131.76
-63.44,283.04,346.48,-107.36,-204.96,312.32,-946.72,-1234.64,-829.6,-405.04,-43.92,78.08
-63.44,200.08,263.52,-68.32,-165.92,229.36,-849.12,-1049.2,-707.6,-341.6,-34.16,43.92
-63.44,131.76,195.2,-34.16,-131.76,161.04,-741.76,-883.28,-610,-297.68,-39.04,14.64
-48.8,107.36,156.16,-29.28,-102.48,131.76,-653.92,-746.64,-556.32,-283.04,-48.8,0
-58.56,82.96,141.52,-9.76,-102.48,112.24,-580.72,-629.52,-502.64,-263.52,-58.56,-14.64
-58.56,58.56,117.12,0,-87.84,87.84,-497.76,-507.52,-439.2,-239.12,-58.56,-24.4
-34.16,73.2,107.36,-19.52,-73.2,87.84,-419.68,-405.04,-375.76,-209.84,-43.92,-29.28
-34.16,73.2,107.36,-19.52,-73.2,87.84,-341.6,-317.2,-326.96,-180.56,-34.16,-34.16
-34.16,63.44,97.6,-14.64,-68.32,78.08,-283.04,-248.88,-283.04,-161.04,-34.16,-43.92
-24.4,53.68,78.08,-14.64,-53.68,63.44,-219.6,-190.32,-239.12,-136.64,-24.4,-43.92
-24.4,39.04,63.44,-4.88,-43.92,48.8,-180.56,-131.76,-195.2,-102.48,-14.64,-34.16
-39.04,14.64,53.68,14.64,-48.8,34.16,-156.16,-82.96,-165.92,-82.96,-4.88,-34.16
-19.52,-4.88,14.64,14.64,-19.52,4.88,-131.76,-34.16,-131.76,-63.44,4.88,-39.04
-14.64,-19.52,-4.88,19.52,-4.88,-14.64,-117.12,4.88,-117.12,-43.92,19.52,-29.28
-29.28,-29.28,0,29.28,-14.64,-14.64,-92.72,39.04,-97.6,-39.04,19.52,-29.28
-14.64,-19.52,-4.88,19.52,-4.88,-14.64,-73.2,63.44,-97.6,-39.04,4.88,-34.16
-9.76,-19.52,-9.76,14.64,0,-14.64,-68.32,78.08,-97.6,-43.92,0,-43.92
-4.88,-29.28,-24.4,19.52,9.76,-29.28,-58.56,87.84,-97.6,-43.92,0,-48.8
-14.64,-29.28,-14.64,24.4,0,-24.4,-48.8,97.6,-92.72,-43.92,-4.88,-48.8
-9.76,-29.28,-19.52,19.52,4.88,-24.4,-43.92,87.84,-97.6,-48.8,-9.76,-63.44
-9.76,-39.04,-29.28,24.4,9.76,-34.16,-39.04,87.84,-92.72,-53.68,-14.64,-63.44
-14.64,-43.92,-29.28,29.28,4.88,-39.04,-39.04,97.6,-82.96,-58.56,-19.52,-68.32
-9.76,-48.8,-39.04,29.28,14.64,-43.92,-34.16,102.48,-68.32,-53.68,-24.4,-68.32
-9.76,-48.8,-39.04,29.28,14.64,-43.92,-29.28,117.12,-58.56,-39.04,-9.76,-53.68
-14.64,-48.8,-34.16,34.16,9.76,-43.92,-29.28,131.76,-53.68,-34.16,-9.76,-48.8
-9.76,-48.8,-39.04,29.28,14.64,-43.92,-24.4,141.52,-53.68,-34.16,-4.88,-48.8
-9.76,-43.92,-34.16,29.28,9.76,-39.04,-14.64,146.4,-53.68,-34.16,-4.88,-48.8
-4.88,-43.92,-39.04,24.4,14.64,-43.92,0,151.28,-53.68,-34.16,-9.76,-53.68
-19.52,-43.92,-24.4,34.16,0,-34.16,0,156.16,-53.68,-34.16,-9.76,-53.68
-14.64,-43.92,-29.28,29.28,4.88,-39.04,0,156.16,-48.8,-24.4,-4.88,-58.56
-9.76,-43.92,-34.16,29.28,9.76,-39.04,4.88,156.16,-39.04,-24.4,0,-63.44
-9.76,-43.92,-34.16,29.28,9.76,-39.04,-4.88,146.4,-43.92,-34.16,-9.76,-63.44
-9.76,-39.04,-29.28,24.4,9.76,-34.16,-4.88,151.28,-43.92,-34.16,-9.76,-58.56
0,-34.16,-34.16,19.52,14.64,-34.16,-4.88,161.04,-43.92,-24.4,-9.76,-58.56
4.88,-34.16,-39.04,14.64,19.52,-39.04,-4.88,165.92,-43.92,-14.64,-9.76,-58.56
4.88,-48.8,-53.68,24.4,29.28,-53.68,4.88,180.56,-29.28,-14.64,0,-53.68
0,-48.8,-48.8,24.4,24.4,-48.8,9.76,185.44,-29.28,-4.88,4.88,-53.68
-9.76,-48.8,-39.04,29.28,14.64,-43.92,9.76,185.44,-24.4,-4.88,4.88,-53.68
-14.64,-48.8,-34.16,34.16,9.76,-43.92,9.76,185.44,-24.4,-9.76,0,-58.56
-4.88,-39.04,-34.16,24.4,14.64,-39.04,14.64,190.32,-14.64,-9.76,-9.76,-53.68
-9.76,-34.16,-24.4,24.4,4.88,-29.28,19.52,190.32,-9.76,-4.88,-9.76,-53.68
-9.76,-34.16,-24.4,24.4,4.88,-29.28,19.52,200.08,-9.76,-4.88,-4.88,-48.8
-9.76,-34.16,-24.4,24.4,4.88,-29.28,19.52,200.08,0,-4.88,0,-43.92
0,-43.92,-43.92,24.4,19.52,-43.92,9.76,190.32,-4.88,0,-9.76,-48.8
0,-43.92,-43.92,24.4,19.52,-43.92,9.76,200.08,0,-4.88,-4.88,-39.04
0,-39.04,-39.04,19.52,19.52,-39.04,9.76,204.96,4.88,0,-4.88,-39.04
4.88,-39.04,-43.92,19.52,24.4,-43.92,9.76,209.84,0,0,-4.88,-39.04
24.4,-24.4,-48.8,0,34.16,-39.04,9.76,224.48,9.76,9.76,4.88,-34.16
9.76,-24.4,-34.16,9.76,19.52,-29.28,14.64,229.36,19.52,9.76,9.76,-24.4
9.76,-24.4,-34.16,9.76,19.52,-29.28,14.64,229.36,24.4,9.76,9.76,-34.16
9.76,-24.4,-34.16,9.76,19.52,-29.28,14.64,229.36,29.28,14.64,14.64,-34.16
9.76,-24.4,-34.16,9.76,19.52,-29.28,14.64,224.48,29.28,19.52,9.76,-34.16
9.76,-24.4,-34.16,9.76,19.52,-29.28,14.64,224.48,24.4,24.4,14.64,-34.16
19.52,-19.52,-39.04,0,29.28,-29.28,14.64,224.48,19.52,24.4,14.64,-29.28
24.4,-19.52,-43.92,0,34.16,-34.16,14.64,224.48,19.52,29.28,14.64,-29.28
24.4,-19.52,-43.92,0,34.16,-34.16,24.4,239.12,29.28,24.4,24.4,-14.64
29.28,-19.52,-48.8,-4.88,39.04,-34.16,29.28,244,39.04,24.4,29.28,-9.76
29.28,-19.52,-48.8,-4.88,39.04,-34.16,29.28,248.88,39.04,29.28,29.28,-9.76
24.4,-14.64,-39.04,-4.88,29.28,-29.28,29.28,248.88,39.04,34.16,29.28,-9.76
14.64,-24.4,-39.04,4.88,24.4,-34.16,24.4,268.4,48.8,43.92,29.28,-9.76
14.64,-24.4,-39.04,4.88,24.4,-34.16,24.4,273.28,53.68,43.92,39.04,-9.76
19.52,-19.52,-39.04,0,29.28,-29.28,24.4,278.16,58.56,48.8,39.04,-9.76
19.52,-19.52,-39.04,0,29.28,-29.28,24.4,287.92,68.32,53.68,53.68,-4.88
29.28,-19.52,-48.8,-4.88,39.04,-34.16,24.4,283.04,68.32,53.68,48.8,-4.88
19.52,-19.52,-39.04,0,29.28,-29.28,29.28,287.92,73.2,58.56,53.68,0
19.52,-19.52,-39.04,0,29.28,-29.28,34.16,292.8,78.08,63.44,58.56,9.76
24.4,-14.64,-39.04,-4.88,29.28,-29.28,34.16,297.68,78.08,68.32,58.56,9.76
34.16,-9.76,-43.92,-9.76,39.04,-29.28,34.16,317.2,87.84,58.56,58.56,4.88
39.04,-4.88,-43.92,-14.64,39.04,-24.4,34.16,322.08,97.6,68.32,58.56,4.88
39.04,0,-39.04,-19.52,39.04,-19.52,34.16,331.84,102.48,73.2,58.56,14.64
39.04,4.88,-34.16,-19.52,34.16,-14.64,34.16,336.72,107.36,73.2,58.56,14.64
39.04,0,-39.04,-19.52,39.04,-19.52,34.16,336.72,112.24,78.08,68.32,14.64
39.04,0,-39.04,-19.52,39.04,-19.52,39.04,336.72,122,82.96,78.08,14.64
48.8,4.88,-43.92,-24.4,43.92,-19.52,39.04,341.6,122,87.84,82.96,19.52
48.8,4.88,-43.92,-24.4,43.92,-19.52,39.04,346.48,131.76,92.72,87.84,19.52
39.04,9.76,-29.28,-24.4,34.16,-9.76,39.04,366,122,97.6,82.96,24.4
39.04,9.76,-29.28,-24.4,34.16,-9.76,34.16,375.76,131.76,107.36,82.96,29.28
39.04,14.64,-24.4,-24.4,29.28,-4.88,34.16,385.52,141.52,107.36,92.72,34.16
48.8,19.52,-29.28,-34.16,39.04,-4.88,34.16,395.28,151.28,117.12,97.6,34.16
53.68,9.76,-43.92,-29.28,48.8,-19.52,34.16,400.16,161.04,112.24,97.6,24.4
58.56,14.64,-43.92,-34.16,48.8,-14.64,39.04,405.04,165.92,122,102.48,29.28
63.44,14.64,-48.8,-39.04,53.68,-19.52,43.92,409.92,170.8,131.76,107.36,39.04
73.2,9.76,-63.44,-39.04,68.32,-29.28,43.92,414.8,165.92,136.64,107.36,39.04
68.32,19.52,-48.8,-43.92,58.56,-14.64,39.04,444.08,190.32,151.28,117.12,48.8
68.32,29.28,-39.04,-48.8,53.68,-4.88,39.04,444.08,200.08,156.16,122,53.68
68.32,29.28,-39.04,-48.8,53.68,-4.88,48.8,453.84,214.72,165.92,131.76,63.44
78.08,29.28,-48.8,-53.68,63.44,-9.76,58.56,463.6,224.48,170.8,131.76,63.44
68.32,39.04,-29.28,-53.68,48.8,4.88,58.56,463.6,224.48,170.8,136.64,63.44
68.32,43.92,-24.4,-53.68,43.92,9.76,68.32,478.24,239.12,175.68,136.64,68.32
68.32,43.92,-24.4,-53.68,43.92,9.76,68.32,497.76,248.88,190.32,146.4,73.2
73.2,43.92,-29.28,-58.56,48.8,4.88,68.32,512.4,258.64,200.08,151.28,78.08
73.2,53.68,-19.52,-63.44,43.92,14.64,78.08,517.28,268.4,214.72,165.92,92.72
82.96,48.8,-34.16,-63.44,58.56,4.88,78.08,536.8,278.16,224.48,170.8,97.6
87.84,48.8,-39.04,-68.32,63.44,4.88,82.96,546.56,287.92,229.36,180.56,102.48
87.84,43.92,-43.92,-63.44,63.44,0,82.96,561.2,297.68,239.12,185.44,112.24
97.6,58.56,-39.04,-78.08,68.32,9.76,78.08,570.96,297.68,239.12,175.68,107.36
107.36,63.44,-43.92,-82.96,73.2,9.76,78.08,580.72,312.32,244,180.56,107.36
112.24,73.2,-39.04,-92.72,73.2,14.64,78.08,595.36,322.08,248.88,190.32,112.24
112.24,82.96,-29.28,-97.6,68.32,24.4,78.08,605.12,331.84,253.76,190.32,117.12
102.48,78.08,-24.4,-87.84,63.44,24.4,78.08,610,331.84,268.4,204.96,122
112.24,82.96,-29.28,-97.6,68.32,24.4,78.08,624.64,346.48,278.16,214.72,131.76
112.24,87.84,-24.4,-97.6,68.32,29.28,78.08,624.64,356.24,287.92,214.72,136.64
126.88,92.72,-34.16,-107.36,78.08,29.28,82.96,624.64,366,297.68,219.6,141.52
136.64,97.6,-39.04,-117.12,87.84,29.28,82.96,639.28,380.64,307.44,229.36,161.04
131.76,107.36,-24.4,-117.12,78.08,39.04,82.96,649.04,390.4,317.2,244,165.92
131.76,112.24,-19.52,-122,73.2,43.92,82.96,658.8,395.28,322.08,253.76,170.8
146.4,117.12,-29.28,-131.76,87.84,43.92,87.84,673.44,405.04,331.84,268.4,185.44
151.28,122,-29.28,-136.64,87.84,43.92,97.6,678.32,414.8,331.84,273.28,175.68
156.16,126.88,-29.28,-141.52,92.72,48.8,92.72,683.2,419.68,341.6,273.28,185.44
156.16,126.88,-29.28,-141.52,92.72,48.8,92.72,688.08,429.44,351.36,278.16,195.2
156.16,136.64,-19.52,-146.4,87.84,58.56,92.72,692.96,439.2,361.12,287.92,200.08
146.4,136.64,-9.76,-141.52,78.08,63.44,97.6,692.96,448.96,370.88,292.8,214.72
156.16,136.64,-19.52,-146.4,87.84,58.56,97.6,692.96,448.96,375.76,297.68,219.6
156.16,136.64,-19.52,-146.4,87.84,58.56,97.6,692.96,458.72,385.52,312.32,219.6
156.16,131.76,-24.4,-141.52,87.84,53.68,97.6,697.84,463.6,395.28,322.08,224.48
156.16,136.64,-19.52,-146.4,87.84,58.56,97.6,717.36,468.48,385.52,322.08,224.48
165.92,136.64,-29.28,-151.28,97.6,53.68,97.6,722.24,468.48,390.4,322.08,239.12
165.92,136.64,-29.28,-151.28,97.6,53.68,97.6,722.24,468.48,395.28,326.96,239.12
151.28,136.64,-14.64,-141.52,82.96,58.56,92.72,712.48,468.48,395.28,326.96,239.12
170.8,156.16,-14.64,-161.04,92.72,68.32,92.72,702.72,458.72,400.16,336.72,239.12
175.68,170.8,-4.88,-170.8,87.84,82.96,87.84,697.84,458.72,400.16,331.84,239.12
175.68,175.68,0,-175.68,87.84,87.84,82.96,692.96,458.72,400.16,326.96,239.12
175.68,180.56,4.88,-175.68,82.96,92.72,82.96,678.32,458.72,400.16,322.08,248.88
175.68,175.68,0,-175.68,87.84,87.84,92.72,673.44,463.6,414.8,336.72,253.76
175.68,175.68,0,-175.68,87.84,87.84,87.84,663.68,458.72,414.8,336.72,253.76
175.68,175.68,0,-175.68,87.84,87.84,82.96,644.16,458.72,409.92,336.72,253.76
175.68,175.68,0,-175.68,87.84,87.84,78.08,619.76,448.96,409.92,336.72,253.76
170.8,165.92,-4.88,-165.92,87.84,78.08,73.2,610,439.2,390.4,331.84,244
161.04,161.04,0,-161.04,78.08,78.08,58.56,600.24,429.44,385.52,331.84,239.12
156.16,161.04,4.88,-156.16,73.2,82.96,58.56,585.6,414.8,380.64,317.2,239.12
151.28,161.04,9.76,-156.16,68.32,82.96,43.92,566.08,405.04,375.76,317.2,239.12
151.28,165.92,14.64,-156.16,68.32,87.84,48.8,546.56,395.28,370.88,317.2,234.24
146.4,161.04,14.64,-151.28,63.44,87.84,39.04,527.04,385.52,361.12,307.44,234.24
136.64,156.16,19.52,-146.4,58.56,87.84,34.16,497.76,366,351.36,307.44,234.24
131.76,151.28,19.52,-141.52,53.68,82.96,24.4,473.36,346.48,331.84,297.68,234.24
112.24,151.28,39.04,-131.76,34.16,92.72,24.4,444.08,326.96,317.2,287.92,214.72
112.24,141.52,29.28,-126.88,39.04,82.96,14.64,409.92,312.32,302.56,268.4,204.96
112.24,131.76,19.52,-122,43.92,73.2,4.88,390.4,292.8,283.04,248.88,195.2
107.36,131.76,24.4,-117.12,39.04,78.08,-4.88,356.24,263.52,253.76,234.24,175.68
82.96,122,39.04,-102.48,19.52,78.08,-4.88,336.72,244,248.88,229.36,180.56
78.08,112.24,34.16,-92.72,19.52,73.2,-4.88,312.32,224.48,224.48,214.72,165.92
63.44,97.6,34.16,-78.08,14.64,63.44,-19.52,287.92,204.96,204.96,195.2,156.16
58.56,92.72,34.16,-73.2,9.76,63.44,-24.4,278.16,185.44,185.44,180.56,146.4
63.44,82.96,19.52,-73.2,19.52,48.8,-29.28,248.88,161.04,175.68,165.92,141.52
58.56,78.08,19.52,-68.32,19.52,48.8,-34.16,224.48,136.64,161.04,151.28,122
53.68,63.44,9.76,-58.56,19.52,34.16,-39.04,209.84,117.12,141.52,136.64,107.36
48.8,58.56,9.76,-53.68,19.52,34.16,-43.92,185.44,97.6,122,117.12,102.48
34.16,53.68,19.52,-43.92,4.88,34.16,-43.92,161.04,87.84,102.48,107.36,92.72
29.28,48.8,19.52,-39.04,4.88,34.16,-43.92,146.4,73.2,87.84,97.6,82.96
29.28,43.92,14.64,-34.16,4.88,29.28,-43.92,126.88,53.68,73.2,87.84,73.2
19.52,29.28,9.76,-24.4,4.88,19.52,-39.04,117.12,43.92,63.44,87.84,63.44
0,34.16,34.16,-14.64,-19.52,34.16,-48.8,97.6,34.16,48.8,53.68,48.8
0,29.28,29.28,-14.64,-14.64,29.28,-53.68,87.84,19.52,39.04,34.16,43.92
0,24.4,24.4,-9.76,-14.64,24.4,-53.68,78.08,4.88,24.4,34.16,43.92
-9.76,19.52,29.28,-4.88,-19.52,24.4,-53.68,63.44,-4.88,19.52,24.4,34.16
-9.76,4.88,14.64,4.88,-14.64,9.76,-43.92,58.56,-14.64,14.64,14.64,19.52
-19.52,4.88,24.4,9.76,-24.4,14.64,-43.92,43.92,-24.4,4.88,4.88,19.52
-24.4,0,24.4,14.64,-24.4,9.76,-48.8,34.16,-34.16,-4.88,4.88,14.64
-24.4,0,24.4,14.64,-24.4,9.76,-48.8,34.16,-39.04,-14.64,-9.76,4.88
-14.64,-14.64,0,14.64,-9.76,-9.76,-58.56,24.4,-43.92,-34.16,-14.64,9.76
-14.64,-19.52,-4.88,19.52,-4.88,-14.64,-58.56,14.64,-48.8,-34.16,-19.52,4.88
-14.64,-29.28,-14.64,24.4,0,-24.4,-63.44,9.76,-63.44,-43.92,-29.28,0
-14.64,-34.16,-19.52,24.4,0,-29.28,-63.44,-4.88,-73.2,-43.92,-29.28,0
-4.88,-24.4,-19.52,14.64,4.88,-24.4,-63.44,-4.88,-73.2,-48.8,-39.04,-9.76
-4.88,-19.52,-14.64,14.64,4.88,-19.52,-58.56,0,-78.08,-53.68,-43.92,-9.76
-14.64,-19.52,-4.88,19.52,-4.88,-14.64,-48.8,0,-82.96,-58.56,-43.92,-14.64
-14.64,-24.4,-9.76,19.52,-4.88,-19.52,-48.8,-4.88,-82.96,-63.44,-43.92,-19.52
-24.4,-24.4,0,24.4,-14.64,-14.64,-58.56,-14.64,-73.2,-68.32,-34.16,-14.64
-29.28,-29.28,0,29.28,-14.64,-14.64,-58.56,-19.52,-73.2,-73.2,-34.16,-9.76
-29.28,-29.28,0,29.28,-14.64,-14.64,-58.56,-19.52,-73.2,-78.08,-34.16,-9.76
-29.28,-29.28,0,29.28,-14.64,-14.64,-58.56,-24.4,-82.96,-78.08,-43.92,-4.88
-34.16,-29.28,4.88,34.16,-19.52,-14.64,-58.56,-24.4,-92.72,-87.84,-58.56,-14.64
-34.16,-29.28,4.88,34.16,-19.52,-14.64,-53.68,-24.4,-92.72,-92.72,-63.44,-14.64
-29.28,-29.28,0,29.28,-14.64,-14.64,-53.68,-24.4,-92.72,-92.72,-63.44,-14.64
-29.28,-29.28,0,29.28,-14.64,-14.64,-53.68,-24.4,-102.48,-97.6,-73.2,-19.52
-29.28,-43.92,-14.64,39.04,-9.76,-29.28,-53.68,-24.4,-102.48,-102.48,-82.96,-19.52
-29.28,-43.92,-14.64,39.04,-9.76,-29.28,-53.68,-29.28,-102.48,-97.6,-78.08,-19.52
-29.28,-43.92,-14.64,39.04,-9.76,-29.28,-53.68,-29.28,-102.48,-92.72,-73.2,-19.52
-34.16,-43.92,-9.76,39.04,-14.64,-29.28,-53.68,-29.28,-102.48,-92.72,-68.32,-19.52
-34.16,-48.8,-14.64,43.92,-9.76,-34.16,-43.92,-39.04,-102.48,-107.36,-68.32,-19.52
-24.4,-48.8,-24.4,39.04,0,-39.04,-43.92,-39.04,-102.48,-107.36,-73.2,-19.52
-39.04,-48.8,-9.76,43.92,-14.64,-29.28,-43.92,-43.92,-102.48,-107.36,-82.96,-19.52
-39.04,-48.8,-9.76,43.92,-14.64,-29.28,-43.92,-43.92,-102.48,-107.36,-73.2,-19.52
-48.8,-48.8,0,48.8,-24.4,-24.4,-43.92,-39.04,-102.48,-107.36,-63.44,-19.52
-48.8,-48.8,0,48.8,-24.4,-24.4,-39.04,-39.04,-107.36,-102.48,-68.32,-19.52
-48.8,-48.8,0,48.8,-24.4,-24.4,-39.04,-39.04,-107.36,-102.48,-78.08,-19.52
-53.68,-48.8,4.88,53.68,-29.28,-24.4,-43.92,-34.16,-107.36,-102.48,-82.96,-19.52
-48.8,-48.8,0,48.8,-24.4,-24.4,-34.16,-34.16,-107.36,-102.48,-73.2,-19.52
-43.92,-48.8,-4.88,48.8,-19.52,-29.28,-34.16,-34.16,-107.36,-102.48,-73.2,-19.52
-39.04,-48.8,-9.76,43.92,-14.64,-29.28,-34.16,-34.16,-107.36,-107.36,-78.08,-19.52
-34.16,-48.8,-14.64,43.92,-9.76,-34.16,-34.16,-43.92,-102.48,-107.36,-78.08,-19.52
-39.04,-48.8,-9.76,43.92,-14.64,-29.28,-43.92,-43.92,-102.48,-117.12,-68.32,-24.4
-48.8,-43.92,4.88,48.8,-29.28,-19.52,-43.92,-39.04,-102.48,-117.12,-68.32,-24.4
-53.68,-43.92,9.76,48.8,-34.16,-19.52,-39.04,-29.28,-102.48,-122,-73.2,-24.4
-58.56,-43.92,14.64,53.68,-39.04,-14.64,-39.04,-29.28,-102.48,-122,-73.2,-24.4
-43.92,-39.04,4.88,43.92,-24.4,-19.52,-43.92,-34.16,-117.12,-126.88,-82.96,-34.16
-34.16,-39.04,-4.88,39.04,-14.64,-24.4,-43.92,-34.16,-117.12,-126.88,-82.96,-34.16
-29.28,-39.04,-9.76,34.16,-9.76,-24.4,-43.92,-29.28,-117.12,-126.88,-73.2,-34.16
-34.16,-39.04,-4.88,39.04,-14.64,-24.4,-48.8,-29.28,-117.12,-126.88,-73.2,-34.16
-39.04,-39.04,0,39.04,-19.52,-19.52,-39.04,-34.16,-107.36,-126.88,-68.32,-29.28
-43.92,-39.04,4.88,43.92,-24.4,-19.52,-39.04,-34.16,-107.36,-122,-68.32,-24.4
-48.8,-29.28,19.52,39.04,-34.16,-4.88,-39.04,-29.28,-107.36,-117.12,-68.32,-14.64
-53.68,-29.28,24.4,43.92,-39.04,-4.88,-39.04,-29.28,-107.36,-112.24,-68.32,-9.76
-24.4,-34.16,-9.76,29.28,-9.76,-24.4,-48.8,-39.04,-102.48,-112.24,-78.08,-19.52
-29.28,-34.16,-4.88,34.16,-14.64,-19.52,-48.8,-39.04,-102.48,-112.24,-78.08,-19.52
-34.16,-34.16,0,34.16,-19.52,-19.52,-48.8,-39.04,-102.48,-117.12,-78.08,-19.52
-19.52,-29.28,-9.76,24.4,-4.88,-19.52,-43.92,-39.04,-102.48,-126.88,-78.08,-19.52
-29.28,-39.04,-9.76,34.16,-9.76,-24.4,-39.04,-29.28,-102.48,-126.88,-82.96,-9.76
-39.04,-39.04,0,39.04,-19.52,-19.52,-34.16,-24.4,-102.48,-117.12,-82.96,-9.76
-48.8,-39.04,9.76,43.92,-29.28,-14.64,-29.28,-24.4,-102.48,-117.12,-78.08,-9.76
-58.56,-43.92,14.64,53.68,-39.04,-14.64,-24.4,-19.52,-102.48,-122,-78.08,-4.88
-43.92,-43.92,0,43.92,-24.4,-24.4,-34.16,-29.28,-112.24,-126.88,-82.96,-4.88
-48.8,-43.92,4.88,48.8,-29.28,-19.52,-39.04,-29.28,-112.24,-131.76,-78.08,-4.88
-34.16,-39.04,-4.88,39.04,-14.64,-24.4,-39.04,-29.28,-112.24,-131.76,-73.2,4.88
-19.52,-39.04,-19.52,29.28,0,-29.28,-39.04,-29.28,-112.24,-126.88,-73.2,-4.88
-39.04,-39.04,0,39.04,-19.52,-19.52,-29.28,-29.28,-112.24,-117.12,-63.44,-4.88
-39.04,-39.04,0,39.04,-19.52,-19.52,-29.28,-29.28,-107.36,-117.12,-63.44,-4.88
-34.16,-39.04,-4.88,39.04,-14.64,-24.4,-29.28,-29.28,-107.36,-117.12,-63.44,-4.88
-34.16,-34.16,0,34.16,-19.52,-19.52,-29.28,-29.28,-107.36,-117.12,-68.32,-4.88
-34.16,-24.4,9.76,29.28,-24.4,-9.76,-39.04,-29.28,-107.36,-117.12,-68.32,0
-39.04,-24.4,14.64,34.16,-29.28,-4.88,-34.16,-24.4,-102.48,-117.12,-58.56,0
-39.04,-24.4,14.64,34.16,-29.28,-4.88,-34.16,-24.4,-102.48,-112.24,-58.56,0
-29.28,-24.4,4.88,29.28,-19.52,-9.76,-39.04,-24.4,-102.48,-107.36,-63.44,0
-14.64,-24.4,-9.76,19.52,-4.88,-19.52,-39.04,-34.16,-102.48,-107.36,-63.44,-9.76
-14.64,-29.28,-14.64,24.4,0,-24.4,-39.04,-34.16,-102.48,-107.36,-58.56,-9.76
-24.4,-34.16,-9.76,29.28,-9.76,-24.4,-39.04,-34.16,-102.48,-107.36,-58.56,-9.76
-24.4,-43.92,-19.52,34.16,-4.88,-34.16,-43.92,-34.16,-102.48,-112.24,-58.56,-9.76
-24.4,-34.16,-9.76,29.28,-9.76,-24.4,-43.92,-34.16,-117.12,-122,-58.56,-19.52
-24.4,-34.16,-9.76,29.28,-9.76,-24.4,-43.92,-34.16,-117.12,-122,-58.56,-19.52
-24.4,-34.16,-9.76,29.28,-9.76,-24.4,-39.04,-34.16,-117.12,-117.12,-58.56,-14.64
-24.4,-34.16,-9.76,29.28,-9.76,-24.4,-39.04,-24.4,-107.36,-117.12,-58.56,-14.64
-34.16,-34.16,0,34.16,-19.52,-19.52,-39.04,-29.28,-107.36,-117.12,-58.56,-14.64
-34.16,-34.16,0,34.16,-19.52,-19.52,-39.04,-29.28,-107.36,-117.12,-58.56,-14.64
-34.16,-34.16,0,34.16,-19.52,-19.52,-39.04,-24.4,-107.36,-117.12,-58.56,-14.64
-34.16,-34.16,0,34.16,-19.52,-19.52,-39.04,-24.4,-107.36,-117.12,-58.56,-14.64
-24.4,-34.16,-9.76,29.28,-9.76,-24.4,-39.04,-29.28,-117.12,-117.12,-63.44,-24.4
-24.4,-34.16,-9.76,29.28,-9.76,-24.4,-43.92,-39.04,-122,-117.12,-63.44,-24.4
-4.88,-34.16,-29.28,19.52,9.76,-34.16,-43.92,-43.92,-122,-117.12,-63.44,-24.4
-24.4,-34.16,-9.76,29.28,-9.76,-24.4,-48.8,-48.8,-122,-117.12,-68.32,-24.4
-24.4,-34.16,-9.76,29.28,-9.76,-24.4,-39.04,-43.92,-122,-117.12,-73.2,-19.52
-14.64,-34.16,-19.52,24.4,0,-29.28,-39.04,-43.92,-122,-112.24,-68.32,-19.52
-14.64,-34.16,-19.52,24.4,0,-29.28,-39.04,-43.92,-122,-112.24,-68.32,-19.52
-14.64,-34.16,-19.52,24.4,0,-29.28,-39.04,-43.92,-122,-112.24,-68.32,-19.52
-19.52,-43.92,-24.4,34.16,0,-34.16,-48.8,-48.8,-131.76,-117.12,-78.08,-19.52
-19.52,-43.92,-24.4,34.16,0,-34.16,-53.68,-48.8,-131.76,-126.88,-82.96,-24.4
-19.52,-43.92,-24.4,34.16,0,-34.16,-53.68,-48.8,-131.76,-131.76,-82.96,-24.4
-19.52,-43.92,-24.4,34.16,0,-34.16,-48.8,-53.68,-136.64,-136.64,-82.96,-24.4
-9.76,-39.04,-29.28,24.4,9.76,-34.16,-34.16,-43.92,-136.64,-136.64,-73.2,-24.4
-14.64,-39.04,-24.4,29.28,4.88,-34.16,-34.16,-48.8,-136.64,-136.64,-73.2,-29.28
-24.4,-43.92,-19.52,34.16,-4.88,-34.16,-34.16,-48.8,-136.64,-131.76,-82.96,-29.28
-14.64,-48.8,-34.16,34.16,9.76,-43.92,-34.16,-53.68,-146.4,-131.76,-82.96,-29.28
-4.88,-39.04,-34.16,24.4,14.64,-39.04,-34.16,-53.68,-146.4,-136.64,-82.96,-29.28
-9.76,-39.04,-29.28,24.4,9.76,-34.16,-34.16,-48.8,-141.52,-136.64,-82.96,-29.28
-9.76,-34.16,-24.4,24.4,4.88,-29.28,-34.16,-48.8,-136.64,-136.64,-82.96,-29.28
-4.88,-34.16,-29.28,19.52,9.76,-34.16,-34.16,-48.8,-136.64,-136.64,-78.08,-29.28
-9.76,-48.8,-39.04,29.28,14.64,-43.92,-34.16,-58.56,-146.4,-136.64,-82.96,-34.16
-4.88,-48.8,-43.92,29.28,19.52,-48.8,-34.16,-63.44,-146.4,-136.64,-82.96,-34.16
-19.52,-48.8,-29.28,34.16,4.88,-39.04,-34.16,-63.44,-146.4,-136.64,-92.72,-29.28
-29.28,-48.8,-19.52,39.04,-4.88,-34.16,-34.16,-63.44,-146.4,-136.64,-92.72,-29.28
-39.04,-53.68,-14.64,48.8,-14.64,-34.16,-34.16,-73.2,-141.52,-141.52,-97.6,-29.28
-29.28,-53.68,-24.4,43.92,-4.88,-39.04,-34.16,-82.96,-146.4,-141.52,-97.6,-29.28
-29.28,-53.68,-24.4,43.92,-4.88,-39.04,-34.16,-82.96,-146.4,-146.4,-97.6,-34.16
-29.28,-53.68,-24.4,43.92,-4.88,-39.04,-34.16,-82.96,-146.4,-146.4,-97.6,-34.16
-24.4,-53.68,-29.28,39.04,0,-43.92,-43.92,-73.2,-151.28,-156.16,-97.6,-34.16
-24.4,-53.68,-29.28,39.04,0,-43.92,-43.92,-73.2,-156.16,-151.28,-97.6,-39.04
-19.52,-53.68,-34.16,39.04,4.88,-43.92,-43.92,-73.2,-161.04,-151.28,-102.48,-39.04
-4.88,-53.68,-48.8,29.28,19.52,-53.68,-43.92,-78.08,-165.92,-156.16,-112.24,-39.04
-14.64,-53.68,-39.04,34.16,9.76,-48.8,-43.92,-78.08,-170.8,-156.16,-117.12,-48.8
-24.4,-48.8,-24.4,39.04,0,-39.04,-43.92,-78.08,-170.8,-156.16,-122,-48.8
-24.4,-43.92,-19.52,34.16,-4.88,-34.16,-43.92,-78.08,-175.68,-156.16,-122,-43.92
-19.52,-39.04,-19.52,29.28,0,-29.28,-43.92,-78.08,-175.68,-156.16,-122,-43.92
-24.4,-39.04,-14.64,34.16,-4.88,-29.28,-43.92,-87.84,-175.68,-170.8,-122,-39.04
-24.4,-43.92,-19.52,34.16,-4.88,-34.16,-43.92,-87.84,-175.68,-170.8,-122,-39.04
-34.16,-48.8,-14.64,43.92,-9.76,-34.16,-43.92,-87.84,-180.56,-170.8,-122,-39.04
-39.04,-53.68,-14.64,48.8,-14.64,-34.16,-43.92,-87.84,-185.44,-170.8,-122,-39.04
-48.8,-58.56,-9.76,53.68,-19.52,-34.16,-29.28,-82.96,-180.56,-161.04,-112.24,-29.28
-48.8,-58.56,-9.76,53.68,-19.52,-34.16,-29.28,-82.96,-180.56,-161.04,-117.12,-29.28
-48.8,-58.56,-9.76,53.68,-19.52,-34.16,-34.16,-82.96,-175.68,-161.04,-117.12,-29.28
-43.92,-58.56,-14.64,53.68,-14.64,-39.04,-34.16,-82.96,-165.92,-165.92,-117.12,-29.28
-39.04,-58.56,-19.52,48.8,-9.76,-39.04,-43.92,-92.72,-175.68,-165.92,-122,-34.16
-34.16,-58.56,-24.4,48.8,-4.88,-43.92,-43.92,-97.6,-180.56,-165.92,-126.88,-34.16
-29.28,-58.56,-29.28,43.92,0,-43.92,-43.92,-97.6,-180.56,-165.92,-131.76,-39.04
-19.52,-58.56,-39.04,39.04,9.76,-48.8,-39.04,-97.6,-180.56,-165.92,-136.64,-43.92
-19.52,-53.68,-34.16,39.04,4.88,-43.92,-39.04,-107.36,-190.32,-175.68,-141.52,-48.8
-19.52,-53.68,-34.16,39.04,4.88,-43.92,-39.04,-107.36,-190.32,-180.56,-141.52,-48.8
-19.52,-53.68,-34.16,39.04,4.88,-43.92,-43.92,-107.36,-195.2,-180.56,-141.52,-48.8
-24.4,-48.8,-24.4,39.04,0,-39.04,-43.92,-107.36,-195.2,-180.56,-141.52,-48.8
-29.28,-58.56,-29.28,43.92,0,-43.92,-43.92,-97.6,-195.2,-170.8,-141.52,-39.04
-34.16,-58.56,-24.4,48.8,-4.88,-43.92,-43.92,-102.48,-195.2,-170.8,-141.52,-39.04
-39.04,-58.56,-19.52,48.8,-9.76,-39.04,-43.92,-102.48,-195.2,-165.92,-141.52,-43.92
-43.92,-58.56,-14.64,53.68,-14.64,-39.04,-39.04,-102.48,-195.2,-165.92,-141.52,-43.92
-43.92,-58.56,-14.64,53.68,-14.64,-39.04,-29.28,-102.48,-195.2,-165.92,-141.52,-53.68
-48.8,-58.56,-9.76,53.68,-19.52,-34.16,-29.28,-102.48,-195.2,-165.92,-146.4,-53.68
-48.8,-58.56,-9.76,53.68,-19.52,-34.16,-29.28,-97.6,-195.2,-170.8,-146.4,-53.68
-39.04,-58.56,-19.52,48.8,-9.76,-39.04,-29.28,-97.6,-195.2,-170.8,-146.4,-53.68
-29.28,-63.44,-34.16,48.8,0,-48.8,-39.04,-102.48,-195.2,-180.56,-146.4,-53.68
-34.16,-63.44,-29.28,48.8,-4.88,-48.8,-39.04,-102.48,-195.2,-180.56,-141.52,-53.68
-34.16,-63.44,-29.28,48.8,-4.88,-48.8,-39.04,-97.6,-195.2,-180.56,-141.52,-58.56
-39.04,-58.56,-19.52,48.8,-9.76,-39.04,-39.04,-97.6,-195.2,-185.44,-146.4,-58.56
-39.04,-48.8,-9.76,43.92,-14.64,-29.28,-29.28,-102.48,-204.96,-175.68,-156.16,-43.92
-39.04,-48.8,-9.76,43.92,-14.64,-29.28,-29.28,-102.48,-204.96,-175.68,-161.04,-43.92
-34.16,-53.68,-19.52,43.92,-9.76,-39.04,-29.28,-107.36,-204.96,-175.68,-161.04,-43.92
-34.16,-53.68,-19.52,43.92,-9.76,-39.04,-29.28,-107.36,-200.08,-175.68,-161.04,-43.92
-34.16,-53.68,-19.52,43.92,-9.76,-39.04,-29.28,-102.48,-209.84,-175.68,-151.28,-43.92
-34.16,-53.68,-19.52,43.92,-9.76,-39.04,-29.28,-102.48,-209.84,-175.68,-151.28,-39.04
-34.16,-53.68,-19.52,43.92,-9.76,-39.04,-29.28,-102.48,-209.84,-175.68,-146.4,-39.04
-34.16,-53.68,-19.52,43.92,-9.76,-39.04,-29.28,-102.48,-209.84,-165.92,-146.4,-43.92
-34.16,-63.44,-29.28,48.8,-4.88,-48.8,-39.04,-102.48,-204.96,-175.68,-146.4,-53.68
-39.04,-63.44,-24.4,53.68,-9.76,-43.92,-39.04,-102.48,-204.96,-175.68,-146.4,-53.68
-39.04,-63.44,-24.4,53.68,-9.76,-43.92,-39.04,-102.48,-209.84,-175.68,-146.4,-53.68
-34.16,-58.56,-24.4,48.8,-4.88,-43.92,-39.04,-107.36,-209.84,-175.68,-151.28,-53.68
-34.16,-48.8,-14.64,43.92,-9.76,-34.16,-29.28,-117.12,-209.84,-175.68,-161.04,-53.68
-43.92,-53.68,-9.76,48.8,-19.52,-34.16,-29.28,-112.24,-209.84,-170.8,-156.16,-53.68
-43.92,-58.56,-14.64,53.68,-14.64,-39.04,-24.4,-112.24,-209.84,-170.8,-156.16,-53.68
-39.04,-58.56,-19.52,48.8,-9.76,-39.04,-24.4,-112.24,-209.84,-175.68,-161.04,-58.56
-39.04,-53.68,-14.64,48.8,-14.64,-34.16,-14.64,-112.24,-200.08,-165.92,-156.16,-48.8
-29.28,-53.68,-24.4,43.92,-4.88,-39.04,-19.52,-112.24,-204.96,-165.92,-151.28,-43.92
-29.28,-53.68,-24.4,43.92,-4.88,-39.04,-19.52,-112.24,-204.96,-170.8,-151.28,-43.92
-34.16,-53.68,-19.52,43.92,-9.76,-39.04,-19.52,-112.24,-204.96,-170.8,-146.4,-48.8
-24.4,-53.68,-29.28,39.04,0,-43.92,-19.52,-112.24,-204.96,-180.56,-151.28,-58.56
-24.4,-53.68,-29.28,39.04,0,-43.92,-24.4,-112.24,-209.84,-180.56,-156.16,-58.56
-43.92,-53.68,-9.76,48.8,-19.52,-34.16,-29.28,-117.12,-214.72,-180.56,-161.04,-58.56
-29.28,-53.68,-24.4,43.92,-4.88,-39.04,-34.16,-117.12,-214.72,-180.56,-161.04,-58.56
-24.4,-53.68,-29.28,39.04,0,-43.92,-29.28,-112.24,-214.72,-170.8,-161.04,-58.56
-24.4,-53.68,-29.28,39.04,0,-43.92,-29.28,-112.24,-214.72,-170.8,-161.04,-58.56
-24.4,-53.68,-29.28,39.04,0,-43.92,-29.28,-112.24,-209.84,-175.68,-161.04,-68.32
-14.64,-58.56,-43.92,39.04,14.64,-53.68,-29.28,-112.24,-204.96,-175.68,-161.04,-58.56
-14.64,-63.44,-48.8,39.04,14.64,-58.56,-29.28,-112.24,-209.84,-175.68,-151.28,-58.56
-14.64,-63.44,-48.8,39.04,14.64,-58.56,-29.28,-117.12,-209.84,-175.68,-161.04,-58.56
-14.64,-63.44,-48.8,39.04,14.64,-58.56,-29.28,-117.12,-209.84,-175.68,-165.92,-58.56
-14.64,-63.44,-48.8,39.04,14.64,-58.56,-29.28,-117.12,-214.72,-175.68,-170.8,-58.56
-19.52,-53.68,-34.16,39.04,4.88,-43.92,-29.28,-117.12,-214.72,-175.68,-170.8,-63.44
-19.52,-63.44,-43.92,43.92,9.76,-53.68,-29.28,-117.12,-214.72,-175.68,-170.8,-63.44
-24.4,-53.68,-29.28,39.04,0,-43.92,-29.28,-117.12,-214.72,-175.68,-165.92,-63.44
-34.16,-53.68,-19.52,43.92,-9.76,-39.04,-29.28,-117.12,-214.72,-175.68,-161.04,-63.44
-24.4,-53.68,-29.28,39.04,0,-43.92,-29.28,-126.88,-214.72,-175.68,-161.04,-63.44
-24.4,-53.68,-29.28,39.04,0,-43.92,-29.28,-126.88,-214.72,-175.68,-161.04,-63.44
-24.4,-53.68,-29.28,39.04,0,-43.92,-34.16,-126.88,-219.6,-180.56,-161.04,-63.44
-19.52,-53.68,-34.16,39.04,4.88,-43.92,-34.16,-126.88,-219.6,-180.56,-165.92,-68.32
-19.52,-53.68,-34.16,39.04,4.88,-43.92,-29.28,-117.12,-224.48,-180.56,-156.16,-68.32
-19.52,-53.68,-34.16,39.04,4.88,-43.92,-29.28,-117.12,-219.6,-180.56,-156.16,-68.32
-24.4,-53.68,-29.28,39.04,0,-43.92,-29.28,-117.12,-219.6,-180.56,-156.16,-68.32
-24.4,-53.68,-29.28,39.04,0,-43.92,-29.28,-117.12,-219.6,-180.56,-156.16,-63.44
-34.16,-58.56,-24.4,48.8,-4.88,-43.92,-19.52,-112.24,-219.6,-180.56,-161.04,-63.44
-34.16,-58.56,-24.4,48.8,-4.88,-43.92,-19.52,-112.24,-219.6,-180.56,-161.04,-63.44
-34.16,-58.56,-24.4,48.8,-4.88,-43.92,-19.52,-117.12,-219.6,-180.56,-161.04,-68.32
-34.16,-53.68,-19.52,43.92,-9.76,-39.04,-19.52,-117.12,-219.6,-180.56,-161.04,-68.32
-39.04,-53.68,-14.64,48.8,-14.64,-34.16,-19.52,-107.36,-209.84,-175.68,-151.28,-58.56
-39.04,-53.68,-14.64,48.8,-14.64,-34.16,-19.52,-107.36,-209.84,-175.68,-151.28,-63.44
-43.92,-58.56,-14.64,53.68,-14.64,-39.04,-19.52,-107.36,-209.84,-170.8,-156.16,-63.44
-43.92,-58.56,-14.64,53.68,-14.64,-39.04,-19.52,-107.36,-209.84,-165.92,-156.16,-58.56
-63.44,-58.56,4.88,63.44,-34.16,-29.28,-9.76,-107.36,-190.32,-161.04,-151.28,-48.8
-39.04,-53.68,-14.64,48.8,-14.64,-34.16,-19.52,-117.12,-200.08,-170.8,-151.28,-58.56
-4.88,-63.44,-58.56,34.16,24.4,-63.44,-29.28,-126.88,-224.48,-185.44,-165.92,-58.56
-19.52,-58.56,-39.04,39.04,9.76,-48.8,-29.28,-117.12,-214.72,-185.44,-165.92,-68.32
-19.52,-58.56,-39.04,39.04,9.76,-48.8,-19.52,-117.12,-214.72,-175.68,-165.92,-68.32
-19.52,-58.56,-39.04,39.04,9.76,-48.8,-19.52,-117.12,-214.72,-175.68,-165.92,-68.32
-19.52,-58.56,-39.04,39.04,9.76,-48.8,-19.52,-117.12,-214.72,-175.68,-165.92,-68.32
-19.52,-58.56,-39.04,39.04,9.76,-48.8,-19.52,-117.12,-214.72,-175.68,-165.92,-68.32
-29.28,-48.8,-19.52,39.04,-4.88,-34.16,-29.28,-126.88,-214.72,-175.68,-156.16,-58.56
-29.28,-48.8,-19.52,39.04,-4.88,-34.16,-29.28,-126.88,-214.72,-175.68,-156.16,-58.56
-29.28,-48.8,-19.52,39.04,-4.88,-34.16,-29.28,-126.88,-214.72,-175.68,-156.16,-58.56
-29.28,-48.8,-19.52,39.04,-4.88,-34.16,-29.28,-126.88,-214.72,-175.68,-156.16,-58.56
-29.28,-58.56,-29.28,43.92,0,-43.92,-19.52,-126.88,-214.72,-175.68,-156.16,-58.56
-29.28,-58.56,-29.28,43.92,0,-43.92,-19.52,-126.88,-214.72,-175.68,-156.16,-58.56
-29.28,-58.56,-29.28,43.92,0,-43.92,-19.52,-126.88,-214.72,-175.68,-156.16,-58.56
-29.28,-58.56,-29.28,43.92,0,-43.92,-19.52,-126.88,-214.72,-175.68,-156.16,-58.56
-19.52,-58.56,-39.04,39.04,9.76,-48.8,-19.52,-117.12,-214.72,-165.92,-156.16,-48.8
-19.52,-58.56,-39.04,39.04,9.76,-48.8,-19.52,-117.12,-214.72,-165.92,-156.16,-48.8
-19.52,-58.56,-39.04,39.04,9.76,-48.8,-19.52,-117.12,-214.72,-165.92,-156.16,-48.8
-19.52,-58.56,-39.04,39.04,9.76,-48.8,-19.52,-117.12,-214.72,-165.92,-156.16,-48.8
-29.28,-58.56,-29.28,43.92,0,-43.92,-19.52,-126.88,-214.72,-175.68,-156.16,-48.8
-29.28,-58.56,-29.28,43.92,0,-43.92,-19.52,-126.88,-214.72,-175.68,-156.16,-48.8
-29.28,-58.56,-29.28,43.92,0,-43.92,-19.52,-126.88,-214.72,-175.68,-156.16,-48.8
-29.28,-58.56,-29.28,43.92,0,-43.92,-19.52,-126.88,-214.72,-175.68,-156.16,-48.8
-29.28,-68.32,-39.04,48.8,4.88,-53.68,-19.52,-126.88,-204.96,-165.92,-156.16,-58.56
-29.28,-68.32,-39.04,48.8,4.88,-53.68,-19.52,-126.88,-204.96,-165.92,-156.16,-58.56
-29.28,-68.32,-39.04,48.8,4.88,-53.68,-19.52,-126.88,-204.96,-165.92,-156.16,-58.56
-29.28,-68.32,-39.04,48.8,4.88,-53.68,-19.52,-126.88,-204.96,-165.92,-156.16,-58.56
-19.52,-63.44,-43.92,43.92,9.76,-53.68,-19.52,-126.88,-214.72,-175.68,-156.16,-48.8
-19.52,-58.56,-39.04,39.04,9.76,-48.8,-19.52,-126.88,-214.72,-175.68,-156.16,-48.8
-19.52,-53.68,-34.16,39.04,4.88,-43.92,-19.52,-126.88,-214.72,-175.68,-156.16,-48.8
-19.52,-48.8,-29.28,34.16,4.88,-39.04,-19.52,-126.88,-214.72,-175.68,-156.16,-48.8
-29.28,-58.56,-29.28,43.92,0,-43.92,-9.76,-117.12,-204.96,-175.68,-165.92,-58.56
-29.28,-58.56,-29.28,43.92,0,-43.92,-9.76,-117.12,-204.96,-175.68,-165.92,-58.56
-29.28,-58.56,-29.28,43.92,0,-43.92,-9.76,-117.12,-204.96,-175.68,-165.92,-58.56
-29.28,-58.56,-29.28,43.92,0,-43.92,-9.76,-117.12,-204.96,-175.68,-165.92,-58.56
-19.52,-58.56,-39.04,39.04,9.76,-48.8,-9.76,-126.88,-214.72,-175.68,-175.68,-58.56
-19.52,-58.56,-39.04,39.04,9.76,-48.8,-9.76,-126.88,-214.72,-175.68,-175.68,-58.56
-19.52,-58.56,-39.04,39.04,9.76,-48.8,-9.76,-126.88,-214.72,-175.68,-175.68,-58.56
-19.52,-58.56,-39.04,39.04,9.76,-48.8,-9.76,-126.88,-214.72,-175.68,-175.68,-58.56
-29.28,-58.56,-29.28,43.92,0,-43.92,-19.52,-117.12,-204.96,-175.68,-170.8,-48.8
-29.28,-58.56,-29.28,43.92,0,-43.92,-19.52,-117.12,-204.96,-175.68,-165.92,-48.8
-29.28,-58.56,-29.28,43.92,0,-43.92,-19.52,-117.12,-204.96,-175.68,-161.04,-48.8
-29.28,-58.56,-29.28,43.92,0,-43.92,-19.52,-117.12,-204.96,-175.68,-156.16,-48.8
-29.28,-58.56,-29.28,43.92,0,-43.92,-19.52,-117.12,-214.72,-175.68,-165.92,-58.56
-29.28,-58.56,-29.28,43.92,0,-43.92,-19.52,-117.12,-214.72,-175.68,-165.92,-58.56
-29.28,-58.56,-29.28,43.92,0,-43.92,-19.52,-117.12,-214.72,-175.68,-165.92,-58.56
-29.28,-58.56,-29.28,43.92,0,-43.92,-19.52,-117.12,-214.72,-175.68,-165.92,-58.56
-14.64,-53.68,-39.04,34.16,9.76,-48.8,-9.76,-117.12,-200.08,-165.92,-156.16,-58.56
-9.76,-53.68,-43.92,34.16,14.64,-48.8,-9.76,-112.24,-200.08,-165.92,-151.28,-58.56
-19.52,-53.68,-34.16,39.04,4.88,-43.92,-4.88,-112.24,-200.08,-165.92,-151.28,-58.56
-14.64,-53.68,-39.04,34.16,9.76,-48.8,-4.88,-117.12,-200.08,-165.92,-156.16,-58.56
-4.88,-53.68,-48.8,29.28,19.52,-53.68,-4.88,-117.12,-190.32,-156.16,-146.4,-58.56
-9.76,-53.68,-43.92,34.16,14.64,-48.8,-4.88,-117.12,-185.44,-156.16,-146.4,-53.68
-14.64,-53.68,-39.04,34.16,9.76,-48.8,4.88,-112.24,-185.44,-156.16,-146.4,-53.68
-29.28,-53.68,-24.4,43.92,-4.88,-39.04,4.88,-112.24,-185.44,-156.16,-146.4,-53.68
-24.4,-43.92,-19.52,34.16,-4.88,-34.16,0,-112.24,-185.44,-161.04,-146.4,-63.44
-19.52,-39.04,-19.52,29.28,0,-29.28,4.88,-112.24,-190.32,-161.04,-151.28,-63.44
-9.76,-39.04,-29.28,24.4,9.76,-34.16,4.88,-112.24,-195.2,-156.16,-151.28,-63.44
-4.88,-34.16,-29.28,19.52,9.76,-34.16,4.88,-102.48,-200.08,-156.16,-156.16,-58.56
-19.52,-39.04,-19.52,29.28,0,-29.28,24.4,-97.6,-185.44,-151.28,-136.64,-48.8
-24.4,-29.28,-4.88,29.28,-9.76,-19.52,24.4,-97.6,-180.56,-141.52,-131.76,-43.92
-24.4,-24.4,0,24.4,-14.64,-14.64,24.4,-87.84,-170.8,-136.64,-131.76,-43.92
-29.28,-14.64,14.64,24.4,-24.4,0,34.16,-82.96,-165.92,-131.76,-131.76,-34.16
-4.88,-9.76,-4.88,9.76,0,-9.76,24.4,-73.2,-170.8,-122,-126.88,-34.16
4.88,-4.88,-9.76,0,4.88,-9.76,24.4,-68.32,-170.8,-122,-126.88,-34.16
9.76,0,-9.76,-4.88,9.76,-4.88,29.28,-63.44,-170.8,-122,-117.12,-34.16
4.88,9.76,4.88,-4.88,0,4.88,34.16,-48.8,-156.16,-117.12,-112.24,-34.16
4.88,24.4,19.52,-14.64,-9.76,19.52,48.8,-53.68,-151.28,-117.12,-112.24,-34.16
4.88,29.28,24.4,-14.64,-9.76,24.4,48.8,-53.68,-151.28,-117.12,-112.24,-34.16
19.52,34.16,14.64,-24.4,0,24.4,48.8,-53.68,-151.28,-117.12,-112.24,-34.16
19.52,39.04,19.52,-29.28,0,29.28,48.8,-53.68,-151.28,-112.24,-107.36,-34.16
9.76,48.8,39.04,-29.28,-14.64,43.92,53.68,-34.16,-131.76,-92.72,-102.48,-14.64
0,48.8,48.8,-24.4,-24.4,48.8,48.8,-34.16,-131.76,-92.72,-102.48,-14.64
9.76,48.8,39.04,-29.28,-14.64,43.92,43.92,-43.92,-131.76,-92.72,-102.48,-14.64
9.76,48.8,39.04,-29.28,-14.64,43.92,19.52,-68.32,-141.52,-102.48,-107.36,-19.52
9.76,48.8,39.04,-29.28,-14.64,43.92,-9.76,-87.84,-165.92,-117.12,-112.24,-29.28
9.76,58.56,48.8,-34.16,-19.52,53.68,-24.4,-92.72,-165.92,-117.12,-112.24,-29.28
14.64,68.32,53.68,-39.04,-19.52,58.56,-24.4,-92.72,-161.04,-117.12,-107.36,-24.4
19.52,68.32,48.8,-43.92,-14.64,58.56,-24.4,-87.84,-161.04,-117.12,-107.36,-19.52
29.28,68.32,39.04,-48.8,-4.88,53.68,-29.28,-92.72,-151.28,-107.36,-102.48,-9.76
39.04,68.32,29.28,-53.68,4.88,48.8,-34.16,-97.6,-151.28,-102.48,-102.48,-4.88
39.04,73.2,34.16,-53.68,0,53.68,-39.04,-102.48,-146.4,-92.72,-92.72,0
39.04,78.08,39.04,-58.56,0,58.56,-39.04,-107.36,-146.4,-92.72,-92.72,0
29.28,73.2,43.92,-48.8,-9.76,58.56,-34.16,-102.48,-146.4,-92.72,-87.84,4.88
39.04,73.2,34.16,-53.68,0,53.68,-34.16,-102.48,-146.4,-92.72,-87.84,4.88
39.04,63.44,24.4,-48.8,4.88,43.92,-39.04,-97.6,-151.28,-102.48,-102.48,-4.88
39.04,58.56,19.52,-48.8,9.76,39.04,-39.04,-92.72,-156.16,-102.48,-102.48,-9.76
34.16,63.44,29.28,-48.8,0,43.92,-39.04,-102.48,-161.04,-112.24,-102.48,-9.76
34.16,58.56,24.4,-43.92,4.88,39.04,-39.04,-102.48,-161.04,-112.24,-102.48,-4.88
43.92,58.56,14.64,-48.8,14.64,34.16,-39.04,-102.48,-161.04,-112.24,-102.48,-4.88
43.92,58.56,14.64,-48.8,14.64,34.16,-39.04,-102.48,-161.04,-112.24,-102.48,-4.88
34.16,53.68,19.52,-43.92,4.88,34.16,-29.28,-102.48,-161.04,-112.24,-102.48,4.88
34.16,43.92,9.76,-39.04,9.76,24.4,-29.28,-107.36,-165.92,-112.24,-107.36,4.88
34.16,34.16,0,-34.16,14.64,14.64,-39.04,-117.12,-180.56,-117.12,-117.12,0
43.92,34.16,-9.76,-39.04,24.4,9.76,-39.04,-117.12,-180.56,-112.24,-117.12,0
34.16,14.64,-19.52,-24.4,24.4,-4.88,-24.4,-107.36,-180.56,-107.36,-112.24,-4.88
29.28,4.88,-24.4,-14.64,24.4,-9.76,-24.4,-102.48,-185.44,-112.24,-112.24,-9.76
29.28,-4.88,-34.16,-9.76,29.28,-19.52,-19.52,-92.72,-185.44,-117.12,-122,-14.64
14.64,-29.28,-43.92,9.76,29.28,-39.04,-19.52,-87.84,-190.32,-117.12,-122,-14.64
14.64,-39.04,-53.68,14.64,34.16,-48.8,-24.4,-102.48,-204.96,-131.76,-136.64,-24.4
4.88,-43.92,-48.8,19.52,24.4,-48.8,-24.4,-112.24,-209.84,-141.52,-146.4,-39.04
4.88,-48.8,-53.68,24.4,29.28,-53.68,-19.52,-117.12,-214.72,-151.28,-146.4,-43.92
-4.88,-53.68,-48.8,29.28,19.52,-53.68,-19.52,-122,-214.72,-161.04,-151.28,-53.68
-14.64,-43.92,-29.28,29.28,4.88,-39.04,-19.52,-112.24,-214.72,-151.28,-151.28,-48.8
-14.64,-43.92,-29.28,29.28,4.88,-39.04,-19.52,-112.24,-214.72,-156.16,-161.04,-53.68
-14.64,-53.68,-39.04,34.16,9.76,-48.8,-19.52,-122,-224.48,-161.04,-170.8,-63.44
-19.52,-63.44,-43.92,43.92,9.76,-53.68,-19.52,-122,-224.48,-165.92,-170.8,-73.2
-9.76,-73.2,-63.44,43.92,24.4,-68.32,-19.52,-131.76,-234.24,-170.8,-165.92,-82.96
-19.52,-73.2,-53.68,48.8,14.64,-63.44,-19.52,-136.64,-234.24,-175.68,-165.92,-82.96
-24.4,-78.08,-53.68,53.68,14.64,-68.32,-19.52,-141.52,-239.12,-180.56,-170.8,-82.96
-24.4,-82.96,-58.56,53.68,14.64,-73.2,-19.52,-141.52,-244,-185.44,-170.8,-82.96
-34.16,-87.84,-53.68,63.44,9.76,-73.2,-19.52,-146.4,-239.12,-185.44,-175.68,-82.96
-34.16,-87.84,-53.68,63.44,9.76,-73.2,-19.52,-146.4,-239.12,-185.44,-175.68,-87.84
-29.28,-87.84,-58.56,58.56,14.64,-73.2,-19.52,-146.4,-239.12,-180.56,-180.56,-87.84
-29.28,-87.84,-58.56,58.56,14.64,-73.2,-14.64,-141.52,-234.24,-180.56,-180.56,-87.84
-34.16,-92.72,-58.56,63.44,9.76,-78.08,-14.64,-126.88,-244,-175.68,-175.68,-78.08
-34.16,-92.72,-58.56,63.44,9.76,-78.08,-14.64,-126.88,-244,-175.68,-175.68,-78.08
-34.16,-92.72,-58.56,63.44,9.76,-78.08,-14.64,-126.88,-244,-175.68,-175.68,-78.08
-19.52,-92.72,-73.2,58.56,24.4,-82.96,-14.64,-126.88,-244,-180.56,-180.56,-78.08
-9.76,-92.72,-82.96,53.68,34.16,-87.84,-14.64,-136.64,-244,-190.32,-190.32,-87.84
-24.4,-92.72,-68.32,58.56,19.52,-82.96,-14.64,-136.64,-244,-190.32,-190.32,-87.84
-34.16,-92.72,-58.56,63.44,9.76,-78.08,-9.76,-136.64,-244,-190.32,-190.32,-87.84
-24.4,-92.72,-68.32,58.56,19.52,-82.96,-9.76,-136.64,-244,-190.32,-195.2,-87.84
-14.64,-97.6,-82.96,58.56,34.16,-92.72,0,-136.64,-244,-190.32,-195.2,-92.72
-19.52,-97.6,-78.08,58.56,29.28,-87.84,4.88,-126.88,-244,-185.44,-190.32,-92.72
-19.52,-97.6,-78.08,58.56,29.28,-87.84,9.76,-122,-244,-185.44,-190.32,-97.6
-9.76,-107.36,-97.6,58.56,43.92,-102.48,9.76,-117.12,-244,-180.56,-190.32,-97.6
-9.76,-117.12,-107.36,63.44,48.8,-112.24,24.4,-102.48,-234.24,-180.56,-180.56,-97.6
-9.76,-107.36,-97.6,58.56,43.92,-102.48,34.16,-97.6,-209.84,-170.8,-180.56,-107.36
-48.8,-117.12,-68.32,82.96,9.76,-92.72,58.56,-53.68,-190.32,-161.04,-185.44,-122
-68.32,-126.88,-58.56,97.6,-4.88,-92.72,92.72,14.64,-146.4,-136.64,-185.44,-122
-39.04,-107.36,-68.32,73.2,14.64,-87.84,136.64,92.72,-82.96,-102.48,-175.68,-131.76
-14.64,-97.6,-82.96,58.56,34.16,-92.72,165.92,200.08,-4.88,-43.92,-151.28,-122
0,-97.6,-97.6,48.8,48.8,-97.6,209.84,361.12,117.12,43.92,-92.72,-92.72
29.28,-97.6,-126.88,34.16,78.08,-112.24,268.4,483.12,244,165.92,4.88,-39.04
58.56,-73.2,-131.76,9.76,92.72,-102.48,268.4,463.6,312.32,278.16,122,24.4
102.48,-53.68,-156.16,-24.4,126.88,-107.36,244,366,331.84,375.76,224.48,97.6
195.2,-29.28,-224.48,-82.96,209.84,-126.88,229.36,283.04,380.64,507.52,366,209.84
297.68,53.68,-244,-175.68,268.4,-97.6,180.56,200.08,463.6,702.72,585.6,370.88
375.76,165.92,-209.84,-268.4,292.8,-24.4,53.68,9.76,517.28,922.32,839.36,566.08
463.6,258.64,-204.96,-361.12,331.84,24.4,-117.12,-219.6,541.68,1132.16,1078.48,751.52
556.32,351.36,-204.96,-453.84,380.64,73.2,-307.44,-444.08,531.92,1288.32,1268.8,917.44
634.4,453.84,-180.56,-541.68,405.04,136.64,-541.68,-688.08,478.24,1415.2,1449.36,1058.96
688.08,546.56,-141.52,-614.88,414.8,200.08,-761.28,-917.44,409.92,1503.04,1571.36,1176.08
697.84,610,-87.84,-653.92,390.4,258.64,-951.6,-1112.64,322.08,1507.92,1625.04,1249.28
595.36,663.68,68.32,-629.52,263.52,366,-1083.36,-1302.96,200.08,1420.08,1586,1254.16
453.84,732,278.16,-590.48,87.84,502.64,-1141.92,-1483.52,29.28,1224.88,1429.84,1200.48
346.48,746.64,400.16,-546.56,-29.28,570.96,-1141.92,-1595.76,-151.28,951.6,1200.48,1088.24
268.4,673.44,405.04,-468.48,-68.32,536.8,-1132.16,-1634.8,-351.36,624.64,917.44,927.2
185.44,536.8,351.36,-361.12,-82.96,444.08,-1117.52,-1659.2,-605.12,219.6,531.92,697.84
92.72,448.96,356.24,-268.4,-131.76,400.16,-1093.12,-1668.96,-868.64,-209.84,146.4,448.96
14.64,414.8,400.16,-214.72,-195.2,405.04,-1044.32,-1649.44,-1024.8,-448.96,-63.44,297.68
-58.56,370.88,429.44,-156.16,-244,400.16,-995.52,-1556.72,-1068.72,-531.92,-151.28,204.96
-78.08,297.68,375.76,-107.36,-229.36,336.72,-946.72,-1415.2,-1015.04,-556.32,-200.08,122
-43.92,234.24,278.16,-92.72,-161.04,253.76,-839.36,-1234.64,-888.16,-492.88,-209.84,78.08
-43.92,161.04,204.96,-58.56,-126.88,180.56,-722.24,-1049.2,-756.4,-429.44,-200.08,43.92
-43.92,112.24,156.16,-34.16,-102.48,131.76,-605.12,-893.04,-688.08,-405.04,-204.96,14.64
-9.76,87.84,97.6,-39.04,-53.68,92.72,-517.28,-766.16,-624.64,-370.88,-204.96,9.76
0,63.44,63.44,-29.28,-34.16,63.44,-434.32,-649.04,-561.2,-331.84,-185.44,-4.88
-19.52,48.8,68.32,-14.64,-43.92,58.56,-361.12,-566.08,-517.28,-307.44,-185.44,-24.4
-4.88,43.92,48.8,-19.52,-29.28,43.92,-292.8,-473.36,-463.6,-278.16,-170.8,-19.52
24.4,53.68,29.28,-39.04,-4.88,39.04,-224.48,-385.52,-405.04,-239.12,-161.04,-24.4
4.88,43.92,39.04,-24.4,-19.52,39.04,-175.68,-317.2,-351.36,-219.6,-161.04,-34.16
-24.4,14.64,39.04,4.88,-34.16,24.4,-131.76,-258.64,-297.68,-195.2,-151.28,-53.68
-4.88,0,4.88,4.88,-4.88,0,-82.96,-180.56,-253.76,-161.04,-141.52,-43.92
19.52,-4.88,-24.4,-4.88,19.52,-14.64,-39.04,-122,-204.96,-131.76,-122,-34.16
0,-14.64,-14.64,9.76,4.88,-14.64,-4.88,-82.96,-180.56,-122,-112.24,-29.28
4.88,-39.04,-43.92,19.52,24.4,-43.92,19.52,-53.68,-165.92,-102.48,-97.6,-19.52
29.28,-39.04,-68.32,4.88,48.8,-53.68,34.16,-39.04,-165.92,-107.36,-107.36,-29.28
24.4,-29.28,-53.68,4.88,39.04,-43.92,43.92,-19.52,-165.92,-117.12,-122,-34.16
19.52,-29.28,-48.8,4.88,34.16,-39.04,48.8,-9.76,-165.92,-122,-126.88,-43.92
14.64,-39.04,-53.68,14.64,34.16,-48.8,58.56,-4.88,-165.92,-122,-126.88,-48.8
-4.88,-39.04,-34.16,24.4,14.64,-39.04,68.32,0,-161.04,-122,-131.76,-48.8
4.88,-39.04,-43.92,19.52,24.4,-43.92,63.44,9.76,-156.16,-122,-131.76,-63.44
0,-48.8,-48.8,24.4,24.4,-48.8,68.32,9.76,-151.28,-122,-131.76,-63.44
-9.76,-53.68,-43.92,34.16,14.64,-48.8,68.32,19.52,-141.52,-122,-131.76,-68.32
-9.76,-58.56,-48.8,34.16,19.52,-53.68,73.2,24.4,-126.88,-112.24,-131.76,-68.32
4.88,-58.56,-63.44,29.28,34.16,-63.44,87.84,34.16,-136.64,-112.24,-126.88,-63.44
4.88,-58.56,-63.44,29.28,34.16,-63.44,87.84,43.92,-131.76,-112.24,-126.88,-58.56
14.64,-58.56,-73.2,24.4,43.92,-68.32,92.72,48.8,-131.76,-117.12,-122,-58.56
19.52,-53.68,-73.2,19.52,43.92,-63.44,102.48,48.8,-131.76,-122,-122,-58.56
29.28,-53.68,-82.96,14.64,53.68,-68.32,97.6,63.44,-122,-112.24,-126.88,-53.68
9.76,-53.68,-63.44,24.4,34.16,-58.56,97.6,68.32,-122,-112.24,-126.88,-53.68
9.76,-53.68,-63.44,24.4,34.16,-58.56,97.6,68.32,-117.12,-102.48,-122,-58.56
9.76,-53.68,-63.44,24.4,34.16,-58.56,102.48,68.32,-107.36,-102.48,-117.12,-63.44
0,-53.68,-53.68,29.28,24.4,-53.68,102.48,68.32,-92.72,-102.48,-107.36,-63.44
0,-48.8,-48.8,24.4,24.4,-48.8,102.48,73.2,-92.72,-102.48,-107.36,-58.56
9.76,-43.92,-53.68,19.52,29.28,-48.8,102.48,82.96,-92.72,-92.72,-107.36,-58.56
14.64,-43.92,-58.56,14.64,34.16,-53.68,102.48,87.84,-92.72,-82.96,-107.36,-58.56
29.28,-48.8,-78.08,9.76,53.68,-63.44,112.24,82.96,-97.6,-92.72,-117.12,-63.44
29.28,-48.8,-78.08,9.76,53.68,-63.44,117.12,87.84,-97.6,-82.96,-112.24,-63.44
24.4,-48.8,-73.2,14.64,48.8,-63.44,117.12,87.84,-92.72,-82.96,-112.24,-63.44
24.4,-48.8,-73.2,14.64,48.8,-63.44,117.12,87.84,-92.72,-87.84,-117.12,-68.32
9.76,-48.8,-58.56,19.52,34.16,-53.68,117.12,102.48,-82.96,-87.84,-107.36,-73.2
0,-43.92,-43.92,24.4,19.52,-43.92,117.12,102.48,-78.08,-82.96,-107.36,-73.2
-4.88,-43.92,-39.04,24.4,14.64,-43.92,112.24,112.24,-78.08,-82.96,-102.48,-68.32
-9.76,-43.92,-34.16,29.28,9.76,-39.04,107.36,112.24,-68.32,-82.96,-97.6,-63.44
9.76,-43.92,-53.68,19.52,29.28,-48.8,117.12,102.48,-78.08,-73.2,-107.36,-68.32
9.76,-43.92,-53.68,19.52,29.28,-48.8,117.12,112.24,-68.32,-73.2,-102.48,-58.56
9.76,-39.04,-48.8,14.64,29.28,-43.92,117.12,117.12,-58.56,-63.44,-102.48,-58.56
14.64,-39.04,-53.68,14.64,34.16,-48.8,117.12,122,-58.56,-58.56,-102.48,-58.56
34.16,-43.92,-78.08,4.88,53.68,-63.44,117.12,117.12,-68.32,-58.56,-102.48,-53.68
19.52,-43.92,-63.44,14.64,39.04,-53.68,122,122,-58.56,-58.56,-97.6,-43.92
19.52,-43.92,-63.44,14.64,39.04,-53.68,122,122,-53.68,-58.56,-97.6,-53.68
19.52,-43.92,-63.44,14.64,39.04,-53.68,122,122,-48.8,-53.68,-92.72,-53.68
19.52,-34.16,-53.68,9.76,34.16,-43.92,122,141.52,-34.16,-48.8,-78.08,-43.92
19.52,-34.16,-53.68,9.76,34.16,-43.92,122,146.4,-34.16,-43.92,-73.2,-43.92
29.28,-29.28,-58.56,0,43.92,-43.92,122,151.28,-34.16,-43.92,-73.2,-39.04
34.16,-29.28,-63.44,0,48.8,-48.8,122,156.16,-29.28,-39.04,-73.2,-39.04
39.04,-29.28,-68.32,-4.88,53.68,-48.8,122,151.28,-29.28,-43.92,-82.96,-43.92
48.8,-29.28,-78.08,-9.76,63.44,-53.68,126.88,156.16,-19.52,-43.92,-78.08,-39.04
53.68,-29.28,-82.96,-9.76,68.32,-58.56,126.88,161.04,-19.52,-39.04,-78.08,-39.04
53.68,-24.4,-78.08,-14.64,63.44,-53.68,126.88,161.04,-19.52,-34.16,-78.08,-39.04
43.92,-24.4,-68.32,-9.76,53.68,-48.8,141.52,170.8,-9.76,-24.4,-78.08,-29.28
43.92,-24.4,-68.32,-9.76,53.68,-48.8,141.52,175.68,-4.88,-24.4,-68.32,-29.28
48.8,-19.52,-68.32,-14.64,58.56,-43.92,141.52,180.56,0,-19.52,-68.32,-29.28
48.8,-19.52,-68.32,-14.64,58.56,-43.92,141.52,190.32,9.76,-14.64,-53.68,-24.4
58.56,0,-58.56,-29.28,58.56,-29.28,141.52,195.2,19.52,-4.88,-48.8,-24.4
48.8,0,-48.8,-24.4,48.8,-24.4,146.4,200.08,24.4,0,-43.92,-19.52
48.8,0,-48.8,-24.4,48.8,-24.4,151.28,204.96,29.28,4.88,-39.04,-9.76
53.68,4.88,-48.8,-29.28,48.8,-24.4,151.28,209.84,29.28,9.76,-39.04,-9.76
53.68,4.88,-48.8,-29.28,48.8,-24.4,151.28,219.6,39.04,9.76,-39.04,-14.64
58.56,4.88,-53.68,-29.28,53.68,-24.4,151.28,224.48,48.8,19.52,-39.04,-14.64
58.56,4.88,-53.68,-29.28,53.68,-24.4,151.28,234.24,53.68,24.4,-39.04,-4.88
58.56,4.88,-53.68,-29.28,53.68,-24.4,151.28,239.12,58.56,24.4,-39.04,-4.88
68.32,0,-68.32,-34.16,68.32,-34.16,151.28,244,53.68,19.52,-39.04,-14.64
68.32,0,-68.32,-34.16,68.32,-34.16,156.16,248.88,63.44,24.4,-29.28,-14.64
78.08,4.88,-73.2,-39.04,73.2,-34.16,156.16,258.64,63.44,29.28,-24.4,-9.76
78.08,4.88,-73.2,-39.04,73.2,-34.16,156.16,268.4,73.2,34.16,-19.52,-9.76
78.08,9.76,-68.32,-43.92,73.2,-29.28,151.28,268.4,82.96,39.04,-4.88,-4.88
78.08,9.76,-68.32,-43.92,73.2,-29.28,151.28,278.16,92.72,48.8,-4.88,0
78.08,14.64,-63.44,-43.92,68.32,-24.4,156.16,287.92,102.48,48.8,4.88,4.88
87.84,19.52,-68.32,-53.68,78.08,-24.4,161.04,297.68,112.24,58.56,9.76,4.88
82.96,29.28,-53.68,-53.68,68.32,-14.64,170.8,312.32,117.12,68.32,4.88,14.64
78.08,34.16,-43.92,-53.68,58.56,-4.88,175.68,326.96,126.88,82.96,14.64,19.52
73.2,34.16,-39.04,-53.68,53.68,-4.88,180.56,341.6,136.64,97.6,24.4,29.28
73.2,29.28,-43.92,-48.8,58.56,-9.76,180.56,356.24,136.64,107.36,29.28,29.28
78.08,19.52,-58.56,-48.8,68.32,-19.52,185.44,370.88,161.04,102.48,29.28,19.52
78.08,29.28,-48.8,-53.68,63.44,-9.76,185.44,366,170.8,107.36,34.16,24.4
78.08,29.28,-48.8,-53.68,63.44,-9.76,195.2,370.88,185.44,117.12,43.92,34.16
87.84,29.28,-58.56,-58.56,73.2,-14.64,204.96,375.76,195.2,122,43.92,34.16
102.48,48.8,-53.68,-73.2,78.08,-4.88,200.08,390.4,195.2,131.76,48.8,34.16
107.36,53.68,-53.68,-78.08,78.08,0,204.96,409.92,209.84,136.64,48.8,39.04
112.24,53.68,-58.56,-82.96,82.96,-4.88,200.08,434.32,219.6,151.28,58.56,43.92
122,53.68,-68.32,-87.84,92.72,-9.76,195.2,453.84,229.36,161.04,63.44,48.8
117.12,58.56,-58.56,-87.84,87.84,0,200.08,458.72,248.88,165.92,68.32,53.68
122,58.56,-63.44,-87.84,92.72,-4.88,204.96,478.24,258.64,175.68,73.2,58.56
122,63.44,-58.56,-92.72,87.84,0,214.72,488,268.4,180.56,82.96,63.44
117.12,63.44,-53.68,-87.84,82.96,4.88,219.6,502.64,278.16,190.32,87.84,73.2
107.36,82.96,-24.4,-92.72,63.44,29.28,229.36,512.4,287.92,204.96,102.48,87.84
117.12,82.96,-34.16,-97.6,73.2,24.4,234.24,522.16,302.56,214.72,112.24,87.84
122,87.84,-34.16,-102.48,78.08,24.4,239.12,536.8,312.32,224.48,126.88,92.72
122,92.72,-29.28,-107.36,73.2,29.28,244,546.56,322.08,234.24,131.76,97.6
131.76,87.84,-43.92,-107.36,87.84,19.52,234.24,556.32,322.08,239.12,126.88,92.72
141.52,92.72,-48.8,-117.12,92.72,19.52,234.24,575.84,336.72,248.88,136.64,102.48
141.52,97.6,-43.92,-117.12,92.72,24.4,234.24,580.72,346.48,258.64,136.64,107.36
156.16,102.48,-53.68,-126.88,102.48,24.4,239.12,585.6,356.24,268.4,141.52,112.24
146.4,117.12,-29.28,-131.76,87.84,43.92,248.88,600.24,380.64,287.92,161.04,131.76
141.52,126.88,-14.64,-131.76,78.08,53.68,248.88,610,390.4,297.68,175.68,136.64
141.52,131.76,-9.76,-136.64,73.2,58.56,248.88,619.76,395.28,302.56,185.44,141.52
156.16,136.64,-19.52,-146.4,87.84,58.56,253.76,634.4,405.04,312.32,200.08,156.16
165.92,141.52,-24.4,-151.28,92.72,58.56,253.76,639.28,414.8,322.08,204.96,156.16
175.68,146.4,-29.28,-161.04,102.48,58.56,248.88,644.16,419.68,331.84,204.96,165.92
180.56,146.4,-34.16,-161.04,107.36,53.68,248.88,649.04,429.44,341.6,209.84,175.68
185.44,156.16,-29.28,-170.8,107.36,63.44,248.88,653.92,439.2,351.36,219.6,180.56
175.68,161.04,-14.64,-165.92,92.72,73.2,253.76,653.92,448.96,351.36,224.48,175.68
185.44,165.92,-19.52,-175.68,102.48,73.2,253.76,653.92,448.96,356.24,229.36,180.56
185.44,170.8,-14.64,-175.68,97.6,78.08,253.76,653.92,458.72,366,244,180.56
185.44,170.8,-14.64,-175.68,97.6,78.08,253.76,658.8,463.6,375.76,253.76,185.44
175.68,175.68,0,-175.68,87.84,87.84,253.76,658.8,468.48,375.76,253.76,185.44
185.44,175.68,-9.76,-180.56,97.6,82.96,253.76,663.68,468.48,380.64,253.76,200.08
185.44,175.68,-9.76,-180.56,97.6,82.96,253.76,663.68,468.48,385.52,258.64,200.08
170.8,175.68,4.88,-170.8,82.96,87.84,248.88,653.92,468.48,385.52,258.64,200.08
180.56,170.8,-9.76,-175.68,92.72,78.08,258.64,663.68,458.72,390.4,273.28,209.84
185.44,180.56,-4.88,-180.56,92.72,87.84,253.76,658.8,458.72,390.4,273.28,209.84
185.44,180.56,-4.88,-180.56,92.72,87.84,248.88,653.92,458.72,390.4,273.28,209.84
185.44,180.56,-4.88,-180.56,92.72,87.84,248.88,639.28,458.72,390.4,273.28,219.6
185.44,195.2,9.76,-190.32,87.84,102.48,239.12,619.76,458.72,385.52,278.16,224.48
185.44,195.2,9.76,-190.32,87.84,102.48,234.24,605.12,448.96,385.52,278.16,224.48
185.44,195.2,9.76,-190.32,87.84,102.48,229.36,580.72,444.08,380.64,278.16,224.48
185.44,195.2,9.76,-190.32,87.84,102.48,224.48,551.44,429.44,380.64,278.16,224.48
185.44,185.44,0,-185.44,92.72,92.72,209.84,536.8,409.92,370.88,273.28,224.48
180.56,180.56,0,-180.56,87.84,87.84,195.2,522.16,400.16,366,273.28,219.6
180.56,180.56,0,-180.56,87.84,87.84,195.2,502.64,385.52,361.12,258.64,219.6
180.56,180.56,0,-180.56,87.84,87.84,180.56,478.24,375.76,356.24,258.64,219.6
170.8,175.68,4.88,-170.8,82.96,87.84,175.68,448.96,356.24,341.6,258.64,209.84
165.92,170.8,4.88,-165.92,78.08,87.84,165.92,429.44,346.48,331.84,248.88,204.96
156.16,165.92,9.76,-161.04,73.2,87.84,161.04,400.16,326.96,322.08,248.88,200.08
151.28,161.04,9.76,-156.16,68.32,82.96,151.28,375.76,307.44,302.56,239.12,195.2
141.52,161.04,19.52,-151.28,58.56,87.84,141.52,351.36,283.04,287.92,229.36,185.44
141.52,151.28,9.76,-146.4,63.44,78.08,131.76,312.32,263.52,273.28,209.84,175.68
141.52,141.52,0,-141.52,68.32,68.32,122,287.92,239.12,253.76,190.32,165.92
136.64,141.52,4.88,-136.64,63.44,73.2,112.24,248.88,204.96,224.48,175.68,146.4
122,122,0,-122,58.56,58.56,102.48,224.48,175.68,209.84,151.28,141.52
117.12,112.24,-4.88,-112.24,58.56,53.68,102.48,195.2,156.16,185.44,136.64,126.88
102.48,97.6,-4.88,-97.6,53.68,43.92,87.84,165.92,136.64,165.92,117.12,117.12
97.6,92.72,-4.88,-92.72,48.8,43.92,82.96,151.28,117.12,146.4,102.48,107.36
102.48,82.96,-19.52,-92.72,58.56,29.28,78.08,117.12,102.48,136.64,87.84,92.72
97.6,78.08,-19.52,-87.84,58.56,29.28,73.2,97.6,78.08,122,73.2,73.2
92.72,63.44,-29.28,-78.08,58.56,14.64,68.32,87.84,58.56,102.48,58.56,58.56
87.84,58.56,-29.28,-73.2,58.56,14.64,63.44,68.32,39.04,82.96,39.04,53.68
78.08,53.68,-24.4,-63.44,48.8,14.64,68.32,34.16,9.76,53.68,24.4,53.68
68.32,48.8,-19.52,-58.56,43.92,14.64,63.44,19.52,-4.88,39.04,9.76,43.92
63.44,43.92,-19.52,-53.68,39.04,9.76,58.56,0,-24.4,24.4,-4.88,34.16
48.8,29.28,-19.52,-39.04,34.16,4.88,58.56,-9.76,-34.16,14.64,-9.76,24.4
48.8,24.4,-24.4,-34.16,34.16,0,53.68,-19.52,-48.8,-4.88,-43.92,14.64
58.56,19.52,-39.04,-39.04,48.8,-9.76,43.92,-29.28,-68.32,-19.52,-63.44,4.88
68.32,14.64,-53.68,-39.04,58.56,-19.52,39.04,-39.04,-87.84,-39.04,-63.44,0
68.32,9.76,-58.56,-39.04,63.44,-24.4,34.16,-53.68,-102.48,-48.8,-73.2,-14.64
53.68,-4.88,-58.56,-24.4,53.68,-34.16,34.16,-58.56,-112.24,-53.68,-73.2,-19.52
39.04,-4.88,-43.92,-14.64,39.04,-24.4,34.16,-73.2,-122,-63.44,-82.96,-19.52
29.28,-9.76,-39.04,-9.76,34.16,-24.4,29.28,-82.96,-131.76,-73.2,-82.96,-24.4
24.4,-9.76,-34.16,-4.88,29.28,-24.4,29.28,-82.96,-136.64,-82.96,-97.6,-34.16
24.4,-14.64,-39.04,-4.88,29.28,-29.28,29.28,-82.96,-141.52,-102.48,-102.48,-39.04
24.4,-19.52,-43.92,0,34.16,-34.16,29.28,-92.72,-146.4,-102.48,-107.36,-43.92
24.4,-29.28,-53.68,4.88,39.04,-43.92,24.4,-97.6,-161.04,-112.24,-117.12,-48.8
24.4,-34.16,-58.56,4.88,39.04,-48.8,24.4,-112.24,-170.8,-112.24,-117.12,-48.8
24.4,-34.16,-58.56,4.88,39.04,-48.8,14.64,-117.12,-170.8,-122,-122,-48.8
24.4,-29.28,-53.68,4.88,39.04,-43.92,19.52,-117.12,-175.68,-122,-131.76,-48.8
14.64,-29.28,-43.92,9.76,29.28,-39.04,29.28,-122,-180.56,-122,-136.64,-53.68
14.64,-34.16,-48.8,9.76,29.28,-43.92,29.28,-131.76,-180.56,-122,-141.52,-58.56
19.52,-34.16,-53.68,9.76,34.16,-43.92,19.52,-131.76,-180.56,-136.64,-141.52,-58.56
19.52,-39.04,-58.56,9.76,39.04,-48.8,19.52,-136.64,-180.56,-141.52,-141.52,-58.56
24.4,-39.04,-63.44,9.76,43.92,-53.68,19.52,-136.64,-180.56,-146.4,-141.52,-63.44
29.28,-39.04,-68.32,4.88,48.8,-53.68,19.52,-141.52,-190.32,-146.4,-151.28,-63.44
19.52,-48.8,-68.32,14.64,43.92,-58.56,19.52,-131.76,-180.56,-151.28,-156.16,-63.44
14.64,-48.8,-63.44,19.52,39.04,-58.56,24.4,-131.76,-180.56,-151.28,-161.04,-63.44
14.64,-48.8,-63.44,19.52,39.04,-58.56,24.4,-131.76,-180.56,-146.4,-161.04,-63.44
9.76,-48.8,-58.56,19.52,34.16,-53.68,24.4,-131.76,-190.32,-146.4,-170.8,-68.32
9.76,-53.68,-63.44,24.4,34.16,-58.56,24.4,-141.52,-190.32,-156.16,-170.8,-68.32
9.76,-53.68,-63.44,24.4,34.16,-58.56,24.4,-146.4,-190.32,-156.16,-165.92,-68.32
9.76,-53.68,-63.44,24.4,34.16,-58.56,24.4,-146.4,-190.32,-156.16,-161.04,-68.32
4.88,-53.68,-58.56,24.4,29.28,-58.56,24.4,-146.4,-190.32,-161.04,-156.16,-68.32
14.64,-48.8,-63.44,19.52,39.04,-58.56,14.64,-146.4,-195.2,-175.68,-165.92,-68.32
24.4,-48.8,-73.2,14.64,48.8,-63.44,14.64,-146.4,-200.08,-175.68,-170.8,-68.32
9.76,-48.8,-58.56,19.52,34.16,-53.68,14.64,-151.28,-204.96,-175.68,-180.56,-68.32
9.76,-48.8,-58.56,19.52,34.16,-53.68,14.64,-151.28,-209.84,-175.68,-170.8,-68.32
14.64,-48.8,-63.44,19.52,39.04,-58.56,14.64,-161.04,-209.84,-175.68,-170.8,-78.08
19.52,-48.8,-68.32,14.64,43.92,-58.56,19.52,-165.92,-214.72,-170.8,-175.68,-78.08
24.4,-48.8,-73.2,14.64,48.8,-63.44,19.52,-170.8,-214.72,-170.8,-185.44,-78.08
24.4,-48.8,-73.2,14.64,48.8,-63.44,14.64,-170.8,-214.72,-170.8,-190.32,-78.08
19.52,-58.56,-78.08,19.52,48.8,-68.32,24.4,-156.16,-204.96,-170.8,-185.44,-68.32
14.64,-58.56,-73.2,24.4,43.92,-68.32,24.4,-151.28,-204.96,-170.8,-180.56,-68.32
9.76,-58.56,-68.32,24.4,39.04,-63.44,24.4,-146.4,-204.96,-175.68,-180.56,-68.32
4.88,-58.56,-63.44,29.28,34.16,-63.44,24.4,-151.28,-200.08,-175.68,-175.68,-68.32
4.88,-48.8,-53.68,24.4,29.28,-53.68,24.4,-161.04,-209.84,-175.68,-175.68,-73.2
0,-43.92,-43.92,24.4,19.52,-43.92,24.4,-156.16,-209.84,-175.68,-175.68,-73.2
0,-43.92,-43.92,24.4,19.52,-43.92,29.28,-146.4,-209.84,-180.56,-180.56,-73.2
0,-43.92,-43.92,24.4,19.52,-43.92,29.28,-146.4,-209.84,-180.56,-180.56,-73.2
0,-48.8,-48.8,24.4,24.4,-48.8,24.4,-151.28,-209.84,-175.68,-190.32,-73.2
4.88,-48.8,-53.68,24.4,29.28,-53.68,24.4,-151.28,-204.96,-175.68,-190.32,-73.2
4.88,-48.8,-53.68,24.4,29.28,-53.68,24.4,-146.4,-200.08,-175.68,-180.56,-73.2
-4.88,-48.8,-43.92,29.28,19.52,-48.8,19.52,-146.4,-195.2,-175.68,-180.56,-73.2
14.64,-58.56,-73.2,24.4,43.92,-68.32,19.52,-156.16,-204.96,-185.44,-185.44,-82.96
14.64,-58.56,-73.2,24.4,43.92,-68.32,19.52,-161.04,-204.96,-190.32,-185.44,-82.96
14.64,-48.8,-63.44,19.52,39.04,-58.56,19.52,-161.04,-204.96,-195.2,-185.44,-78.08
14.64,-48.8,-63.44,19.52,39.04,-58.56,19.52,-165.92,-204.96,-200.08,-185.44,-78.08
29.28,-43.92,-73.2,9.76,48.8,-58.56,19.52,-156.16,-200.08,-195.2,-185.44,-68.32
19.52,-43.92,-63.44,14.64,39.04,-53.68,19.52,-156.16,-200.08,-190.32,-185.44,-68.32
9.76,-43.92,-53.68,19.52,29.28,-48.8,19.52,-156.16,-200.08,-190.32,-185.44,-68.32
19.52,-39.04,-58.56,9.76,39.04,-48.8,24.4,-156.16,-200.08,-195.2,-185.44,-68.32
9.76,-39.04,-48.8,14.64,29.28,-43.92,24.4,-165.92,-200.08,-195.2,-190.32,-78.08
9.76,-39.04,-48.8,14.64,29.28,-43.92,24.4,-161.04,-200.08,-185.44,-190.32,-78.08
9.76,-39.04,-48.8,14.64,29.28,-43.92,24.4,-161.04,-200.08,-185.44,-185.44,-78.08
9.76,-43.92,-53.68,19.52,29.28,-48.8,24.4,-156.16,-200.08,-190.32,-185.44,-73.2
9.76,-53.68,-63.44,24.4,34.16,-58.56,24.4,-156.16,-190.32,-185.44,-180.56,-63.44
0,-53.68,-53.68,29.28,24.4,-53.68,19.52,-156.16,-190.32,-190.32,-175.68,-63.44
9.76,-48.8,-58.56,19.52,34.16,-53.68,19.52,-156.16,-190.32,-190.32,-170.8,-53.68
19.52,-48.8,-68.32,14.64,43.92,-58.56,19.52,-156.16,-190.32,-185.44,-170.8,-63.44
14.64,-39.04,-53.68,14.64,34.16,-48.8,9.76,-156.16,-200.08,-185.44,-170.8,-63.44
19.52,-39.04,-58.56,9.76,39.04,-48.8,9.76,-156.16,-195.2,-185.44,-170.8,-63.44
29.28,-39.04,-68.32,4.88,48.8,-53.68,9.76,-156.16,-195.2,-185.44,-170.8,-63.44
34.16,-34.16,-68.32,0,48.8,-53.68,9.76,-156.16,-195.2,-185.44,-175.68,-63.44
29.28,-43.92,-73.2,9.76,48.8,-58.56,9.76,-156.16,-185.44,-185.44,-175.68,-58.56
19.52,-43.92,-63.44,14.64,39.04,-53.68,14.64,-151.28,-180.56,-185.44,-165.92,-58.56
14.64,-43.92,-58.56,14.64,34.16,-53.68,14.64,-151.28,-180.56,-180.56,-165.92,-58.56
19.52,-43.92,-63.44,14.64,39.04,-53.68,9.76,-151.28,-180.56,-175.68,-170.8,-58.56
24.4,-39.04,-63.44,9.76,43.92,-53.68,9.76,-151.28,-180.56,-175.68,-161.04,-48.8
24.4,-39.04,-63.44,9.76,43.92,-53.68,9.76,-151.28,-180.56,-175.68,-156.16,-48.8
14.64,-39.04,-53.68,14.64,34.16,-48.8,9.76,-151.28,-180.56,-175.68,-156.16,-48.8
14.64,-43.92,-58.56,14.64,34.16,-53.68,4.88,-151.28,-180.56,-180.56,-156.16,-48.8
19.52,-34.16,-53.68,9.76,34.16,-43.92,-4.88,-151.28,-185.44,-170.8,-156.16,-48.8
24.4,-34.16,-58.56,4.88,39.04,-48.8,-4.88,-151.28,-185.44,-170.8,-156.16,-48.8
29.28,-34.16,-63.44,4.88,43.92,-48.8,0,-151.28,-185.44,-165.92,-156.16,-43.92
34.16,-34.16,-68.32,0,48.8,-53.68,0,-141.52,-175.68,-165.92,-156.16,-43.92
43.92,-34.16,-78.08,-4.88,58.56,-58.56,9.76,-146.4,-175.68,-165.92,-156.16,-43.92
43.92,-34.16,-78.08,-4.88,58.56,-58.56,9.76,-146.4,-175.68,-165.92,-156.16,-43.92
43.92,-34.16,-78.08,-4.88,58.56,-58.56,9.76,-141.52,-175.68,-165.92,-156.16,-43.92
43.92,-34.16,-78.08,-4.88,58.56,-58.56,9.76,-141.52,-175.68,-165.92,-156.16,-43.92
29.28,-43.92,-73.2,9.76,48.8,-58.56,0,-146.4,-175.68,-165.92,-146.4,-43.92
24.4,-43.92,-68.32,9.76,43.92,-58.56,-4.88,-156.16,-180.56,-165.92,-141.52,-43.92
39.04,-43.92,-82.96,4.88,58.56,-63.44,-4.88,-161.04,-180.56,-165.92,-136.64,-43.92
14.64,-43.92,-58.56,14.64,34.16,-53.68,-9.76,-165.92,-180.56,-165.92,-136.64,-43.92
14.64,-34.16,-48.8,9.76,29.28,-43.92,0,-156.16,-170.8,-165.92,-131.76,-39.04
24.4,-34.16,-58.56,4.88,39.04,-48.8,0,-151.28,-170.8,-161.04,-126.88,-39.04
24.4,-34.16,-58.56,4.88,39.04,-48.8,0,-146.4,-170.8,-161.04,-126.88,-39.04
24.4,-34.16,-58.56,4.88,39.04,-48.8,0,-141.52,-170.8,-161.04,-126.88,-39.04
43.92,-34.16,-78.08,-4.88,58.56,-58.56,-9.76,-151.28,-175.68,-170.8,-136.64,-48.8
48.8,-34.16,-82.96,-4.88,63.44,-58.56,-14.64,-156.16,-180.56,-175.68,-141.52,-53.68
53.68,-34.16,-87.84,-9.76,68.32,-63.44,-14.64,-161.04,-185.44,-175.68,-141.52,-53.68
58.56,-34.16,-92.72,-9.76,73.2,-63.44,-9.76,-170.8,-195.2,-175.68,-141.52,-53.68
53.68,-39.04,-92.72,-4.88,73.2,-68.32,-14.64,-161.04,-190.32,-165.92,-131.76,-43.92
43.92,-39.04,-82.96,0,63.44,-63.44,-14.64,-165.92,-185.44,-165.92,-131.76,-48.8
29.28,-43.92,-73.2,9.76,48.8,-58.56,-14.64,-165.92,-180.56,-161.04,-141.52,-48.8
34.16,-48.8,-82.96,9.76,58.56,-68.32,-14.64,-170.8,-185.44,-161.04,-141.52,-48.8
34.16,-48.8,-82.96,9.76,58.56,-68.32,-14.64,-170.8,-195.2,-175.68,-131.76,-48.8
29.28,-48.8,-78.08,9.76,53.68,-63.44,-14.64,-165.92,-190.32,-175.68,-131.76,-48.8
29.28,-43.92,-73.2,9.76,48.8,-58.56,-14.64,-165.92,-185.44,-175.68,-131.76,-48.8
34.16,-43.92,-78.08,4.88,53.68,-63.44,-14.64,-165.92,-185.44,-175.68,-126.88,-48.8
43.92,-39.04,-82.96,0,63.44,-63.44,-14.64,-175.68,-185.44,-175.68,-131.76,-53.68
53.68,-39.04,-92.72,-4.88,73.2,-68.32,-14.64,-180.56,-185.44,-175.68,-131.76,-53.68
43.92,-39.04,-82.96,0,63.44,-63.44,-14.64,-180.56,-185.44,-175.68,-141.52,-48.8
39.04,-39.04,-78.08,0,58.56,-58.56,-14.64,-180.56,-185.44,-175.68,-141.52,-48.8
39.04,-43.92,-82.96,4.88,58.56,-63.44,-14.64,-180.56,-200.08,-180.56,-146.4,-58.56
48.8,-43.92,-92.72,0,68.32,-68.32,-14.64,-190.32,-204.96,-180.56,-146.4,-58.56
48.8,-43.92,-92.72,0,68.32,-68.32,-14.64,-190.32,-204.96,-185.44,-146.4,-63.44
48.8,-43.92,-92.72,0,68.32,-68.32,-14.64,-190.32,-204.96,-185.44,-146.4,-63.44
43.92,-43.92,-87.84,0,63.44,-68.32,-4.88,-190.32,-195.2,-185.44,-131.76,-58.56
34.16,-43.92,-78.08,4.88,53.68,-63.44,-4.88,-190.32,-195.2,-180.56,-126.88,-58.56
29.28,-43.92,-73.2,9.76,48.8,-58.56,-4.88,-190.32,-195.2,-180.56,-126.88,-53.68
34.16,-43.92,-78.08,4.88,53.68,-63.44,-4.88,-195.2,-195.2,-185.44,-131.76,-48.8
39.04,-58.56,-97.6,9.76,68.32,-78.08,-9.76,-195.2,-209.84,-185.44,-146.4,-58.56
34.16,-58.56,-92.72,14.64,63.44,-78.08,-14.64,-195.2,-209.84,-185.44,-151.28,-58.56
39.04,-58.56,-97.6,9.76,68.32,-78.08,-19.52,-195.2,-214.72,-185.44,-151.28,-53.68
48.8,-58.56,-107.36,4.88,78.08,-82.96,-24.4,-195.2,-214.72,-185.44,-151.28,-53.68
53.68,-43.92,-97.6,-4.88,73.2,-73.2,-24.4,-195.2,-204.96,-200.08,-151.28,-68.32
53.68,-43.92,-97.6,-4.88,73.2,-73.2,-24.4,-195.2,-204.96,-200.08,-151.28,-68.32
43.92,-43.92,-87.84,0,63.44,-68.32,-24.4,-195.2,-209.84,-200.08,-151.28,-68.32
39.04,-43.92,-82.96,4.88,58.56,-63.44,-24.4,-195.2,-214.72,-200.08,-151.28,-68.32
39.04,-48.8,-87.84,4.88,63.44,-68.32,-29.28,-209.84,-214.72,-200.08,-141.52,-58.56
39.04,-48.8,-87.84,4.88,63.44,-68.32,-29.28,-209.84,-219.6,-200.08,-146.4,-58.56
39.04,-48.8,-87.84,4.88,63.44,-68.32,-34.16,-209.84,-219.6,-200.08,-146.4,-58.56
43.92,-48.8,-92.72,4.88,68.32,-73.2,-34.16,-209.84,-214.72,-204.96,-146.4,-58.56
34.16,-58.56,-92.72,14.64,63.44,-78.08,-24.4,-200.08,-224.48,-204.96,-156.16,-68.32
34.16,-58.56,-92.72,14.64,63.44,-78.08,-24.4,-204.96,-229.36,-204.96,-156.16,-63.44
34.16,-58.56,-92.72,14.64,63.44,-78.08,-24.4,-204.96,-229.36,-204.96,-156.16,-63.44
39.04,-58.56,-97.6,9.76,68.32,-78.08,-19.52,-204.96,-229.36,-204.96,-156.16,-63.44
39.04,-63.44,-102.48,14.64,68.32,-82.96,-19.52,-204.96,-224.48,-204.96,-151.28,-68.32
39.04,-63.44,-102.48,14.64,68.32,-82.96,-19.52,-204.96,-219.6,-209.84,-151.28,-68.32
39.04,-63.44,-102.48,14.64,68.32,-82.96,-24.4,-204.96,-219.6,-209.84,-151.28,-68.32
34.16,-58.56,-92.72,14.64,63.44,-78.08,-24.4,-204.96,-214.72,-209.84,-151.28,-68.32
34.16,-58.56,-92.72,14.64,63.44,-78.08,-24.4,-204.96,-224.48,-209.84,-151.28,-58.56
34.16,-58.56,-92.72,14.64,63.44,-78.08,-24.4,-209.84,-224.48,-209.84,-151.28,-58.56
34.16,-58.56,-92.72,14.64,63.44,-78.08,-24.4,-209.84,-224.48,-204.96,-151.28,-63.44
34.16,-58.56,-92.72,14.64,63.44,-78.08,-19.52,-209.84,-224.48,-204.96,-151.28,-63.44
43.92,-48.8,-92.72,4.88,68.32,-73.2,-29.28,-219.6,-224.48,-214.72,-151.28,-63.44
39.04,-48.8,-87.84,4.88,63.44,-68.32,-29.28,-219.6,-224.48,-214.72,-156.16,-63.44
39.04,-48.8,-87.84,4.88,63.44,-68.32,-29.28,-214.72,-224.48,-219.6,-156.16,-63.44
48.8,-48.8,-97.6,0,73.2,-73.2,-29.28,-214.72,-224.48,-219.6,-156.16,-63.44
48.8,-63.44,-112.24,9.76,78.08,-87.84,-39.04,-219.6,-234.24,-219.6,-165.92,-63.44
43.92,-63.44,-107.36,9.76,73.2,-87.84,-39.04,-219.6,-234.24,-219.6,-161.04,-63.44
43.92,-63.44,-107.36,9.76,73.2,-87.84,-39.04,-214.72,-234.24,-219.6,-161.04,-68.32
39.04,-58.56,-97.6,9.76,68.32,-78.08,-39.04,-214.72,-234.24,-224.48,-165.92,-68.32
39.04,-58.56,-97.6,9.76,68.32,-78.08,-48.8,-229.36,-234.24,-224.48,-165.92,-73.2
39.04,-58.56,-97.6,9.76,68.32,-78.08,-48.8,-229.36,-234.24,-224.48,-170.8,-73.2
43.92,-63.44,-107.36,9.76,73.2,-87.84,-48.8,-234.24,-234.24,-224.48,-170.8,-73.2
43.92,-63.44,-107.36,9.76,73.2,-87.84,-48.8,-234.24,-229.36,-224.48,-170.8,-73.2
43.92,-63.44,-107.36,9.76,73.2,-87.84,-39.04,-219.6,-229.36,-214.72,-170.8,-73.2
43.92,-63.44,-107.36,9.76,73.2,-87.84,-39.04,-219.6,-229.36,-214.72,-170.8,-68.32
43.92,-63.44,-107.36,9.76,73.2,-87.84,-39.04,-219.6,-229.36,-214.72,-165.92,-68.32
43.92,-63.44,-107.36,9.76,73.2,-87.84,-39.04,-219.6,-229.36,-204.96,-165.92,-73.2
43.92,-73.2,-117.12,14.64,78.08,-97.6,-39.04,-229.36,-224.48,-214.72,-165.92,-63.44
39.04,-73.2,-112.24,19.52,73.2,-92.72,-39.04,-229.36,-224.48,-214.72,-165.92,-63.44
39.04,-73.2,-112.24,19.52,73.2,-92.72,-39.04,-229.36,-229.36,-214.72,-165.92,-63.44
43.92,-68.32,-112.24,14.64,78.08,-92.72,-39.04,-234.24,-229.36,-214.72,-170.8,-63.44
34.16,-58.56,-92.72,14.64,63.44,-78.08,-39.04,-234.24,-229.36,-214.72,-170.8,-63.44
24.4,-63.44,-87.84,19.52,53.68,-78.08,-39.04,-229.36,-229.36,-209.84,-165.92,-63.44
24.4,-68.32,-92.72,24.4,58.56,-82.96,-34.16,-229.36,-229.36,-209.84,-165.92,-63.44
29.28,-68.32,-97.6,19.52,63.44,-82.96,-34.16,-229.36,-229.36,-214.72,-170.8,-68.32
29.28,-63.44,-92.72,19.52,58.56,-78.08,-34.16,-219.6,-219.6,-214.72,-161.04,-68.32
39.04,-63.44,-102.48,14.64,68.32,-82.96,-39.04,-219.6,-224.48,-214.72,-161.04,-63.44
39.04,-63.44,-102.48,14.64,68.32,-82.96,-39.04,-219.6,-224.48,-219.6,-165.92,-63.44
34.16,-63.44,-97.6,14.64,63.44,-82.96,-39.04,-219.6,-224.48,-219.6,-165.92,-68.32
39.04,-73.2,-112.24,19.52,73.2,-92.72,-39.04,-229.36,-234.24,-229.36,-175.68,-78.08
43.92,-73.2,-117.12,14.64,78.08,-97.6,-43.92,-229.36,-239.12,-229.36,-175.68,-78.08
29.28,-73.2,-102.48,24.4,63.44,-87.84,-48.8,-234.24,-244,-229.36,-175.68,-78.08
48.8,-73.2,-122,14.64,82.96,-97.6,-53.68,-234.24,-244,-229.36,-170.8,-78.08
48.8,-63.44,-112.24,9.76,78.08,-87.84,-48.8,-219.6,-239.12,-219.6,-161.04,-68.32
43.92,-63.44,-107.36,9.76,73.2,-87.84,-48.8,-219.6,-234.24,-219.6,-161.04,-68.32
39.04,-63.44,-102.48,14.64,68.32,-82.96,-48.8,-219.6,-224.48,-224.48,-161.04,-78.08
43.92,-68.32,-112.24,14.64,78.08,-92.72,-48.8,-219.6,-214.72,-224.48,-161.04,-68.32
43.92,-63.44,-107.36,9.76,73.2,-87.84,-48.8,-229.36,-214.72,-224.48,-151.28,-63.44
43.92,-63.44,-107.36,9.76,73.2,-87.84,-48.8,-234.24,-219.6,-224.48,-161.04,-68.32
43.92,-63.44,-107.36,9.76,73.2,-87.84,-48.8,-234.24,-224.48,-224.48,-165.92,-73.2
43.92,-63.44,-107.36,9.76,73.2,-87.84,-48.8,-234.24,-234.24,-224.48,-170.8,-78.08
34.16,-63.44,-97.6,14.64,63.44,-82.96,-48.8,-224.48,-234.24,-224.48,-170.8,-73.2
39.04,-73.2,-112.24,19.52,73.2,-92.72,-48.8,-224.48,-234.24,-224.48,-170.8,-73.2
39.04,-63.44,-102.48,14.64,68.32,-82.96,-48.8,-224.48,-234.24,-224.48,-165.92,-73.2
34.16,-63.44,-97.6,14.64,63.44,-82.96,-48.8,-224.48,-234.24,-224.48,-161.04,-73.2
34.16,-73.2,-107.36,19.52,68.32,-92.72,-48.8,-234.24,-234.24,-224.48,-170.8,-82.96
34.16,-73.2,-107.36,19.52,68.32,-92.72,-48.8,-234.24,-234.24,-224.48,-170.8,-82.96
34.16,-73.2,-107.36,19.52,68.32,-92.72,-53.68,-234.24,-239.12,-229.36,-170.8,-82.96
39.04,-73.2,-112.24,19.52,73.2,-92.72,-53.68,-234.24,-239.12,-229.36,-175.68,-87.84
39.04,-73.2,-112.24,19.52,73.2,-92.72,-48.8,-234.24,-234.24,-229.36,-165.92,-78.08
39.04,-73.2,-112.24,19.52,73.2,-92.72,-48.8,-234.24,-229.36,-229.36,-165.92,-78.08
34.16,-73.2,-107.36,19.52,68.32,-92.72,-48.8,-234.24,-229.36,-229.36,-165.92,-78.08
34.16,-73.2,-107.36,19.52,68.32,-92.72,-48.8,-234.24,-229.36,-229.36,-165.92,-73.2
43.92,-68.32,-112.24,14.64,78.08,-92.72,-58.56,-229.36,-239.12,-229.36,-161.04,-82.96
43.92,-68.32,-112.24,14.64,78.08,-92.72,-58.56,-229.36,-239.12,-229.36,-161.04,-82.96
43.92,-68.32,-112.24,14.64,78.08,-92.72,-58.56,-234.24,-239.12,-229.36,-161.04,-87.84
43.92,-63.44,-107.36,9.76,73.2,-87.84,-58.56,-234.24,-239.12,-229.36,-161.04,-87.84
48.8,-63.44,-112.24,9.76,78.08,-87.84,-48.8,-224.48,-239.12,-219.6,-161.04,-82.96
48.8,-63.44,-112.24,9.76,78.08,-87.84,-48.8,-224.48,-239.12,-224.48,-161.04,-82.96
43.92,-68.32,-112.24,14.64,78.08,-92.72,-48.8,-224.48,-239.12,-224.48,-165.92,-78.08
43.92,-68.32,-112.24,14.64,78.08,-92.72,-48.8,-224.48,-239.12,-224.48,-165.92,-68.32
63.44,-68.32,-131.76,4.88,97.6,-102.48,-58.56,-234.24,-239.12,-229.36,-170.8,-78.08
39.04,-73.2,-112.24,19.52,73.2,-92.72,-58.56,-234.24,-239.12,-229.36,-161.04,-78.08
34.16,-63.44,-97.6,14.64,63.44,-82.96,-58.56,-234.24,-244,-224.48,-165.92,-68.32
39.04,-68.32,-107.36,14.64,73.2,-87.84,-58.56,-234.24,-244,-234.24,-165.92,-78.08
24.4,-68.32,-92.72,24.4,58.56,-82.96,-58.56,-224.48,-239.12,-229.36,-156.16,-78.08
19.52,-68.32,-87.84,24.4,53.68,-78.08,-58.56,-224.48,-234.24,-224.48,-156.16,-78.08
14.64,-68.32,-82.96,29.28,48.8,-78.08,-58.56,-224.48,-229.36,-219.6,-156.16,-78.08
9.76,-68.32,-78.08,29.28,43.92,-73.2,-58.56,-224.48,-224.48,-214.72,-156.16,-78.08
9.76,-78.08,-87.84,34.16,48.8,-82.96,-48.8,-224.48,-234.24,-224.48,-146.4,-68.32
9.76,-78.08,-87.84,34.16,48.8,-82.96,-48.8,-224.48,-234.24,-224.48,-146.4,-68.32
9.76,-78.08,-87.84,34.16,48.8,-82.96,-48.8,-224.48,-234.24,-224.48,-146.4,-68.32
9.76,-78.08,-87.84,34.16,48.8,-82.96,-48.8,-224.48,-234.24,-224.48,-146.4,-68.32
19.52,-68.32,-87.84,24.4,53.68,-78.08,-48.8,-234.24,-234.24,-224.48,-151.28,-78.08
19.52,-68.32,-87.84,24.4,53.68,-78.08,-48.8,-234.24,-234.24,-224.48,-156.16,-78.08
19.52,-68.32,-87.84,24.4,53.68,-78.08,-48.8,-234.24,-234.24,-224.48,-161.04,-78.08
19.52,-68.32,-87.84,24.4,53.68,-78.08,-48.8,-234.24,-234.24,-224.48,-165.92,-78.08
19.52,-78.08,-97.6,29.28,58.56,-87.84,-58.56,-224.48,-224.48,-214.72,-156.16,-78.08
19.52,-78.08,-97.6,29.28,58.56,-87.84,-58.56,-224.48,-224.48,-214.72,-156.16,-78.08
19.52,-78.08,-97.6,29.28,58.56,-87.84,-58.56,-224.48,-224.48,-214.72,-156.16,-78.08
19.52,-78.08,-97.6,29.28,58.56,-87.84,-58.56,-224.48,-224.48,-214.72,-156.16,-78.08
9.76,-78.08,-87.84,34.16,48.8,-82.96,-58.56,-224.48,-234.24,-224.48,-165.92,-78.08
9.76,-78.08,-87.84,34.16,48.8,-82.96,-58.56,-224.48,-234.24,-224.48,-165.92,-78.08
9.76,-78.08,-87.84,34.16,48.8,-82.96,-58.56,-224.48,-234.24,-224.48,-165.92,-78.08
9.76,-78.08,-87.84,34.16,48.8,-82.96,-58.56,-224.48,-234.24,-224.48,-165.92,-78.08
9.76,-78.08,-87.84,34.16,48.8,-82.96,-48.8,-224.48,-234.24,-214.72,-156.16,-78.08
9.76,-78.08,-87.84,34.16,48.8,-82.96,-48.8,-224.48,-234.24,-214.72,-156.16,-78.08
9.76,-78.08,-87.84,34.16,48.8,-82.96,-48.8,-224.48,-234.24,-214.72,-156.16,-78.08
9.76,-78.08,-87.84,34.16,48.8,-82.96,-48.8,-224.48,-234.24,-214.72,-156.16,-78.08
0,-78.08,-78.08,39.04,39.04,-78.08,-58.56,-224.48,-234.24,-214.72,-165.92,-78.08
0,-78.08,-78.08,39.04,39.04,-78.08,-58.56,-224.48,-234.24,-214.72,-165.92,-78.08
0,-78.08,-78.08,39.04,39.04,-78.08,-58.56,-224.48,-234.24,-214.72,-165.92,-78.08
0,-78.08,-78.08,39.04,39.04,-78.08,-58.56,-224.48,-234.24,-214.72,-165.92,-78.08
0,-78.08,-78.08,39.04,39.04,-78.08,-48.8,-214.72,-224.48,-204.96,-156.16,-68.32
0,-78.08,-78.08,39.04,39.04,-78.08,-48.8,-214.72,-224.48,-204.96,-156.16,-68.32
0,-78.08,-78.08,39.04,39.04,-78.08,-48.8,-214.72,-224.48,-204.96,-156.16,-68.32
0,-78.08,-78.08,39.04,39.04,-78.08,-48.8,-214.72,-224.48,-204.96,-156.16,-68.32
-9.76,-78.08,-68.32,43.92,29.28,-73.2,-48.8,-204.96,-224.48,-204.96,-156.16,-68.32
-9.76,-78.08,-68.32,43.92,29.28,-73.2,-48.8,-204.96,-224.48,-204.96,-156.16,-68.32
-9.76,-78.08,-68.32,43.92,29.28,-73.2,-48.8,-204.96,-224.48,-204.96,-156.16,-68.32
-9.76,-78.08,-68.32,43.92,29.28,-73.2,-48.8,-204.96,-224.48,-204.96,-156.16,-68.32
-4.88,-78.08,-73.2,43.92,34.16,-78.08,-58.56,-214.72,-234.24,-214.72,-161.04,-68.32
0,-78.08,-78.08,39.04,39.04,-78.08,-58.56,-214.72,-234.24,-214.72,-165.92,-68.32
4.88,-78.08,-82.96,39.04,43.92,-82.96,-58.56,-214.72,-234.24,-214.72,-170.8,-68.32
9.76,-78.08,-87.84,34.16,48.8,-82.96,-58.56,-214.72,-234.24,-214.72,-175.68,-68.32
0,-78.08,-78.08,39.04,39.04,-78.08,-58.56,-214.72,-224.48,-209.84,-170.8,-68.32
0,-78.08,-78.08,39.04,39.04,-78.08,-58.56,-214.72,-224.48,-204.96,-165.92,-68.32
0,-78.08,-78.08,39.04,39.04,-78.08,-58.56,-214.72,-224.48,-200.08,-161.04,-68.32
0,-78.08,-78.08,39.04,39.04,-78.08,-58.56,-214.72,-224.48,-195.2,-156.16,-68.32
-9.76,-78.08,-68.32,43.92,29.28,-73.2,-53.68,-204.96,-214.72,-195.2,-156.16,-78.08
-9.76,-78.08,-68.32,43.92,29.28,-73.2,-48.8,-204.96,-214.72,-195.2,-156.16,-78.08
-9.76,-78.08,-68.32,43.92,29.28,-73.2,-43.92,-204.96,-214.72,-195.2,-156.16,-78.08
-9.76,-78.08,-68.32,43.92,29.28,-73.2,-39.04,-204.96,-214.72,-195.2,-156.16,-78.08
-9.76,-87.84,-78.08,48.8,34.16,-82.96,-43.92,-214.72,-224.48,-195.2,-165.92,-78.08
-9.76,-87.84,-78.08,48.8,34.16,-82.96,-48.8,-214.72,-224.48,-195.2,-165.92,-78.08
-9.76,-87.84,-78.08,48.8,34.16,-82.96,-53.68,-214.72,-224.48,-195.2,-165.92,-78.08
-9.76,-87.84,-78.08,48.8,34.16,-82.96,-58.56,-214.72,-224.48,-195.2,-165.92,-78.08
-19.52,-87.84,-68.32,53.68,24.4,-78.08,-48.8,-209.84,-224.48,-185.44,-161.04,-68.32
-19.52,-87.84,-68.32,53.68,24.4,-78.08,-48.8,-204.96,-224.48,-185.44,-156.16,-68.32
-19.52,-87.84,-68.32,53.68,24.4,-78.08,-48.8,-200.08,-224.48,-185.44,-151.28,-68.32
-19.52,-87.84,-68.32,53.68,24.4,-78.08,-48.8,-195.2,-224.48,-185.44,-146.4,-68.32
-29.28,-78.08,-48.8,53.68,9.76,-63.44,-48.8,-195.2,-214.72,-185.44,-156.16,-58.56
-29.28,-78.08,-48.8,53.68,9.76,-63.44,-48.8,-195.2,-214.72,-185.44,-156.16,-58.56
-29.28,-78.08,-48.8,53.68,9.76,-63.44,-48.8,-195.2,-214.72,-185.44,-156.16,-58.56
-29.28,-78.08,-48.8,53.68,9.76,-63.44,-48.8,-195.2,-214.72,-185.44,-156.16,-58.56
-19.52,-78.08,-58.56,48.8,19.52,-68.32,-58.56,-204.96,-224.48,-185.44,-156.16,-63.44
-19.52,-78.08,-58.56,48.8,19.52,-68.32,-58.56,-204.96,-224.48,-185.44,-156.16,-68.32
-19.52,-78.08,-58.56,48.8,19.52,-68.32,-58.56,-204.96,-224.48,-185.44,-156.16,-73.2
-19.52,-78.08,-58.56,48.8,19.52,-68.32,-58.56,-204.96,-224.48,-185.44,-156.16,-78.08
-29.28,-87.84,-58.56,58.56,14.64,-73.2,-48.8,-200.08,-224.48,-175.68,-156.16,-68.32
-19.52,-82.96,-63.44,53.68,19.52,-73.2,-48.8,-195.2,-219.6,-175.68,-156.16,-68.32
-19.52,-82.96,-63.44,53.68,19.52,-73.2,-48.8,-185.44,-219.6,-175.68,-151.28,-68.32
-34.16,-82.96,-48.8,58.56,4.88,-68.32,-43.92,-180.56,-219.6,-175.68,-151.28,-68.32
-34.16,-82.96,-48.8,58.56,4.88,-68.32,-53.68,-195.2,-219.6,-175.68,-156.16,-78.08
-19.52,-82.96,-63.44,53.68,19.52,-73.2,-53.68,-195.2,-219.6,-175.68,-156.16,-78.08
-19.52,-82.96,-63.44,53.68,19.52,-73.2,-53.68,-195.2,-214.72,-175.68,-156.16,-73.2
-19.52,-82.96,-63.44,53.68,19.52,-73.2,-43.92,-190.32,-214.72,-175.68,-156.16,-73.2
-19.52,-73.2,-53.68,48.8,14.64,-63.44,-43.92,-190.32,-214.72,-165.92,-146.4,-73.2
-19.52,-73.2,-53.68,48.8,14.64,-63.44,-39.04,-180.56,-209.84,-161.04,-141.52,-73.2
-19.52,-68.32,-48.8,43.92,14.64,-58.56,-34.16,-180.56,-209.84,-161.04,-141.52,-73.2
-14.64,-68.32,-53.68,43.92,19.52,-63.44,-34.16,-180.56,-209.84,-156.16,-136.64,-73.2
-24.4,-73.2,-48.8,48.8,9.76,-63.44,-24.4,-165.92,-204.96,-156.16,-146.4,-58.56
-24.4,-68.32,-43.92,48.8,9.76,-58.56,-14.64,-156.16,-195.2,-151.28,-136.64,-58.56
-24.4,-58.56,-34.16,43.92,4.88,-48.8,-14.64,-151.28,-185.44,-141.52,-131.76,-53.68
-19.52,-53.68,-34.16,39.04,4.88,-43.92,-14.64,-136.64,-170.8,-136.64,-131.76,-53.68
-19.52,-39.04,-19.52,29.28,0,-29.28,-4.88,-141.52,-175.68,-131.76,-131.76,-53.68
-9.76,-29.28,-19.52,19.52,4.88,-24.4,-4.88,-136.64,-170.8,-131.76,-126.88,-53.68
-4.88,-19.52,-14.64,14.64,4.88,-19.52,-4.88,-136.64,-170.8,-131.76,-126.88,-53.68
-4.88,-9.76,-4.88,9.76,0,-9.76,0,-136.64,-170.8,-131.76,-117.12,-53.68
-14.64,-9.76,4.88,14.64,-9.76,-4.88,4.88,-126.88,-156.16,-126.88,-112.24,-43.92
-14.64,-4.88,9.76,9.76,-14.64,0,9.76,-122,-151.28,-117.12,-112.24,-34.16
-14.64,0,14.64,9.76,-14.64,4.88,9.76,-122,-151.28,-117.12,-112.24,-34.16
0,4.88,4.88,0,-4.88,4.88,9.76,-122,-151.28,-117.12,-112.24,-34.16
4.88,9.76,4.88,-4.88,0,4.88,19.52,-112.24,-141.52,-102.48,-102.48,-43.92
9.76,19.52,9.76,-14.64,0,14.64,14.64,-102.48,-131.76,-92.72,-92.72,-34.16
4.88,19.52,14.64,-9.76,-4.88,14.64,9.76,-102.48,-131.76,-92.72,-87.84,-34.16
19.52,19.52,0,-19.52,9.76,9.76,4.88,-112.24,-131.76,-92.72,-82.96,-34.16
14.64,19.52,4.88,-14.64,4.88,9.76,-19.52,-146.4,-131.76,-102.48,-97.6,-39.04
9.76,19.52,9.76,-14.64,0,14.64,-39.04,-156.16,-146.4,-107.36,-102.48,-39.04
4.88,29.28,24.4,-14.64,-9.76,24.4,-53.68,-161.04,-146.4,-107.36,-102.48,-39.04
4.88,39.04,34.16,-19.52,-14.64,34.16,-53.68,-161.04,-141.52,-107.36,-97.6,-34.16
0,39.04,39.04,-19.52,-19.52,39.04,-63.44,-156.16,-141.52,-117.12,-97.6,-29.28
9.76,39.04,29.28,-24.4,-9.76,34.16,-68.32,-156.16,-141.52,-117.12,-92.72,-29.28
19.52,39.04,19.52,-29.28,0,29.28,-73.2,-156.16,-141.52,-112.24,-92.72,-24.4
19.52,43.92,24.4,-29.28,-4.88,34.16,-78.08,-156.16,-136.64,-102.48,-82.96,-19.52
29.28,48.8,19.52,-39.04,4.88,34.16,-78.08,-165.92,-136.64,-92.72,-82.96,-29.28
19.52,53.68,34.16,-34.16,-9.76,43.92,-73.2,-165.92,-136.64,-92.72,-78.08,-24.4
29.28,53.68,24.4,-39.04,0,39.04,-73.2,-170.8,-136.64,-92.72,-78.08,-24.4
29.28,43.92,14.64,-34.16,4.88,29.28,-78.08,-170.8,-141.52,-102.48,-92.72,-34.16
39.04,48.8,9.76,-43.92,14.64,29.28,-87.84,-170.8,-136.64,-112.24,-82.96,-29.28
34.16,43.92,9.76,-39.04,9.76,24.4,-87.84,-170.8,-141.52,-112.24,-82.96,-29.28
34.16,39.04,4.88,-34.16,14.64,19.52,-87.84,-170.8,-141.52,-112.24,-82.96,-24.4
43.92,39.04,-4.88,-39.04,24.4,14.64,-87.84,-170.8,-141.52,-112.24,-82.96,-24.4
34.16,39.04,4.88,-34.16,14.64,19.52,-82.96,-161.04,-131.76,-102.48,-82.96,-24.4
24.4,24.4,0,-24.4,9.76,9.76,-78.08,-161.04,-131.76,-107.36,-82.96,-24.4
24.4,14.64,-9.76,-19.52,14.64,0,-73.2,-165.92,-136.64,-112.24,-87.84,-24.4
24.4,4.88,-19.52,-14.64,19.52,-9.76,-78.08,-175.68,-151.28,-122,-97.6,-29.28
43.92,4.88,-39.04,-24.4,39.04,-19.52,-82.96,-175.68,-161.04,-122,-97.6,-29.28
34.16,-9.76,-43.92,-9.76,39.04,-29.28,-82.96,-170.8,-161.04,-126.88,-102.48,-34.16
29.28,-14.64,-43.92,-4.88,34.16,-29.28,-87.84,-170.8,-165.92,-131.76,-102.48,-39.04
29.28,-19.52,-48.8,-4.88,39.04,-34.16,-87.84,-165.92,-165.92,-136.64,-112.24,-43.92
4.88,-39.04,-43.92,19.52,24.4,-43.92,-78.08,-175.68,-161.04,-146.4,-112.24,-43.92
-4.88,-48.8,-43.92,29.28,19.52,-48.8,-73.2,-185.44,-165.92,-146.4,-117.12,-48.8
-14.64,-53.68,-39.04,34.16,9.76,-48.8,-73.2,-190.32,-170.8,-151.28,-126.88,-58.56
-14.64,-58.56,-43.92,39.04,14.64,-53.68,-68.32,-190.32,-175.68,-156.16,-126.88,-58.56
-24.4,-63.44,-39.04,43.92,4.88,-53.68,-78.08,-180.56,-185.44,-161.04,-141.52,-63.44
-24.4,-63.44,-39.04,43.92,4.88,-53.68,-78.08,-180.56,-185.44,-161.04,-141.52,-68.32
-24.4,-63.44,-39.04,43.92,4.88,-53.68,-78.08,-180.56,-185.44,-165.92,-151.28,-73.2
-24.4,-73.2,-48.8,48.8,9.76,-63.44,-78.08,-190.32,-195.2,-170.8,-161.04,-82.96
-29.28,-82.96,-53.68,58.56,9.76,-68.32,-68.32,-200.08,-185.44,-175.68,-151.28,-92.72
-29.28,-82.96,-53.68,58.56,9.76,-68.32,-68.32,-200.08,-195.2,-180.56,-156.16,-92.72
-39.04,-82.96,-43.92,63.44,0,-63.44,-68.32,-204.96,-195.2,-185.44,-156.16,-92.72
-43.92,-87.84,-43.92,68.32,0,-68.32,-68.32,-209.84,-200.08,-190.32,-161.04,-92.72
-34.16,-92.72,-58.56,63.44,9.76,-78.08,-78.08,-200.08,-204.96,-195.2,-161.04,-92.72
-34.16,-97.6,-63.44,68.32,14.64,-82.96,-78.08,-204.96,-209.84,-195.2,-165.92,-92.72
-34.16,-97.6,-63.44,68.32,14.64,-82.96,-78.08,-204.96,-209.84,-195.2,-165.92,-97.6
-29.28,-97.6,-68.32,63.44,19.52,-82.96,-78.08,-204.96,-209.84,-190.32,-170.8,-97.6
-19.52,-107.36,-87.84,63.44,34.16,-97.6,-82.96,-209.84,-214.72,-195.2,-180.56,-107.36
-24.4,-112.24,-87.84,68.32,29.28,-102.48,-82.96,-204.96,-214.72,-195.2,-175.68,-107.36
-24.4,-112.24,-87.84,68.32,29.28,-102.48,-82.96,-204.96,-214.72,-200.08,-175.68,-107.36
-24.4,-112.24,-87.84,68.32,29.28,-102.48,-82.96,-204.96,-214.72,-204.96,-175.68,-107.36
-9.76,-112.24,-102.48,63.44,43.92,-107.36,-73.2,-204.96,-209.84,-204.96,-170.8,-107.36
-9.76,-112.24,-102.48,63.44,43.92,-107.36,-73.2,-204.96,-204.96,-200.08,-170.8,-107.36
-24.4,-112.24,-87.84,68.32,29.28,-102.48,-73.2,-204.96,-200.08,-195.2,-170.8,-107.36
-34.16,-112.24,-78.08,73.2,19.52,-97.6,-68.32,-204.96,-195.2,-190.32,-170.8,-107.36
-24.4,-102.48,-78.08,63.44,24.4,-92.72,-78.08,-204.96,-195.2,-190.32,-165.92,-107.36
-24.4,-107.36,-82.96,68.32,29.28,-97.6,-78.08,-204.96,-195.2,-190.32,-165.92,-112.24
-29.28,-107.36,-78.08,68.32,24.4,-92.72,-73.2,-195.2,-195.2,-185.44,-161.04,-112.24
-29.28,-107.36,-78.08,68.32,24.4,-92.72,-68.32,-190.32,-195.2,-185.44,-161.04,-117.12
-19.52,-107.36,-87.84,63.44,34.16,-97.6,-58.56,-185.44,-185.44,-190.32,-170.8,-117.12
-39.04,-117.12,-78.08,78.08,19.52,-97.6,-53.68,-170.8,-165.92,-180.56,-170.8,-107.36
-58.56,-117.12,-58.56,87.84,0,-87.84,-34.16,-156.16,-151.28,-170.8,-170.8,-117.12
-48.8,-117.12,-68.32,82.96,9.76,-92.72,-19.52,-131.76,-141.52,-161.04,-175.68,-122
-29.28,-117.12,-87.84,73.2,29.28,-102.48,4.88,-82.96,-107.36,-156.16,-175.68,-141.52
-39.04,-126.88,-87.84,82.96,24.4,-107.36,48.8,-14.64,-53.68,-122,-165.92,-151.28
-53.68,-126.88,-73.2,92.72,9.76,-102.48,87.84,92.72,24.4,-73.2,-151.28,-151.28
-19.52,-117.12,-97.6,68.32,39.04,-107.36,141.52,244,136.64,14.64,-92.72,-122
29.28,-97.6,-126.88,34.16,78.08,-112.24,200.08,395.28,273.28,126.88,-14.64,-78.08
48.8,-92.72,-141.52,24.4,92.72,-117.12,209.84,405.04,331.84,219.6,73.2,-24.4
82.96,-82.96,-165.92,0,122,-126.88,185.44,307.44,351.36,317.2,165.92,39.04
165.92,-58.56,-224.48,-53.68,195.2,-141.52,170.8,224.48,390.4,429.44,297.68,122
248.88,4.88,-244,-126.88,244,-122,131.76,131.76,463.6,585.6,478.24,253.76
326.96,107.36,-219.6,-214.72,273.28,-58.56,4.88,-29.28,517.28,795.44,712.48,448.96
453.84,209.84,-244,-331.84,346.48,-19.52,-185.44,-248.88,561.2,1005.28,951.6,644.16
575.84,302.56,-273.28,-439.2,424.56,14.64,-375.76,-473.36,570.96,1180.96,1161.44,819.84
644.16,405.04,-239.12,-522.16,439.2,82.96,-600.24,-697.84,556.32,1327.36,1342,980.88
707.6,517.28,-190.32,-610,448.96,161.04,-849.12,-927.2,507.52,1444.48,1503.04,1137.04
756.4,580.72,-175.68,-668.56,463.6,200.08,-1068.72,-1132.16,429.44,1478.64,1576.24,1220
683.2,653.92,-29.28,-668.56,356.24,312.32,-1210.24,-1322.48,326.96,1420.08,1566.48,1244.4
531.92,722.24,190.32,-624.64,170.8,453.84,-1259.04,-1483.52,185.44,1273.68,1468.88,1220
434.32,766.16,331.84,-600.24,48.8,546.56,-1268.8,-1605.52,14.64,1029.68,1288.32,1137.04
346.48,702.72,356.24,-522.16,-4.88,527.04,-1288.32,-1683.6,-185.44,722.24,1015.04,985.76
244,575.84,331.84,-409.92,-43.92,453.84,-1273.68,-1727.52,-429.44,336.72,658.8,766.16
141.52,448.96,307.44,-292.8,-82.96,375.76,-1229.76,-1737.28,-692.96,-82.96,273.28,527.04
53.68,395.28,341.6,-224.48,-146.4,366,-1190.72,-1727.52,-888.16,-370.88,34.16,356.24
-19.52,370.88,390.4,-175.68,-204.96,380.64,-1141.92,-1664.08,-971.12,-502.64,-92.72,234.24
-39.04,297.68,336.72,-126.88,-190.32,317.2,-1073.6,-1532.32,-946.72,-536.8,-170.8,151.28
-24.4,224.48,248.88,-97.6,-136.64,234.24,-966.24,-1342,-839.36,-492.88,-180.56,97.6
-4.88,170.8,175.68,-82.96,-92.72,170.8,-839.36,-1146.8,-707.6,-429.44,-180.56,53.68
4.88,112.24,107.36,-58.56,-53.68,107.36,-722.24,-971.12,-619.76,-395.28,-185.44,14.64
9.76,78.08,68.32,-43.92,-29.28,73.2,-624.64,-834.48,-546.56,-351.36,-185.44,-9.76
19.52,73.2,53.68,-43.92,-19.52,63.44,-531.92,-717.36,-473.36,-312.32,-156.16,-14.64
19.52,48.8,29.28,-34.16,-4.88,39.04,-458.72,-614.88,-419.68,-287.92,-156.16,-24.4
24.4,34.16,9.76,-29.28,4.88,19.52,-390.4,-531.92,-375.76,-258.64,-141.52,-19.52
24.4,24.4,0,-24.4,9.76,9.76,-322.08,-444.08,-317.2,-219.6,-141.52,-34.16
4.88,14.64,9.76,-9.76,-4.88,9.76,-273.28,-385.52,-263.52,-209.84,-151.28,-53.68
-14.64,4.88,19.52,4.88,-19.52,9.76,-219.6,-317.2,-219.6,-185.44,-141.52,-63.44
-14.64,0,14.64,9.76,-14.64,4.88,-170.8,-248.88,-165.92,-151.28,-122,-63.44
-9.76,-14.64,-4.88,14.64,-4.88,-9.76,-136.64,-200.08,-136.64,-131.76,-112.24,-63.44
-9.76,-24.4,-14.64,19.52,0,-19.52,-102.48,-151.28,-102.48,-112.24,-112.24,-58.56
14.64,-39.04,-53.68,14.64,34.16,-48.8,-78.08,-112.24,-87.84,-102.48,-107.36,-58.56
48.8,-48.8,-97.6,0,73.2,-73.2,-63.44,-97.6,-87.84,-117.12,-117.12,-68.32
48.8,-48.8,-97.6,0,73.2,-73.2,-53.68,-87.84,-78.08,-107.36,-117.12,-63.44
48.8,-48.8,-97.6,0,73.2,-73.2,-48.8,-78.08,-78.08,-112.24,-117.12,-73.2
48.8,-58.56,-107.36,4.88,78.08,-82.96,-39.04,-73.2,-78.08,-112.24,-112.24,-78.08
34.16,-58.56,-92.72,14.64,63.44,-78.08,-29.28,-68.32,-73.2,-112.24,-112.24,-78.08
24.4,-48.8,-73.2,14.64,48.8,-63.44,-34.16,-58.56,-58.56,-112.24,-112.24,-82.96
19.52,-58.56,-78.08,19.52,48.8,-68.32,-29.28,-58.56,-53.68,-112.24,-112.24,-82.96
9.76,-63.44,-73.2,29.28,39.04,-68.32,-29.28,-48.8,-43.92,-112.24,-112.24,-87.84
9.76,-68.32,-78.08,29.28,43.92,-73.2,-24.4,-43.92,-29.28,-102.48,-112.24,-87.84
14.64,-68.32,-82.96,29.28,48.8,-78.08,-9.76,-19.52,-29.28,-97.6,-107.36,-92.72
14.64,-68.32,-82.96,29.28,48.8,-78.08,-9.76,-4.88,-24.4,-92.72,-107.36,-87.84
24.4,-68.32,-92.72,24.4,58.56,-82.96,-4.88,4.88,-24.4,-92.72,-102.48,-87.84
29.28,-63.44,-92.72,19.52,58.56,-78.08,4.88,9.76,-24.4,-92.72,-102.48,-87.84
34.16,-63.44,-97.6,14.64,63.44,-82.96,9.76,4.88,-14.64,-82.96,-97.6,-82.96
19.52,-63.44,-82.96,24.4,48.8,-73.2,9.76,9.76,-14.64,-82.96,-97.6,-82.96
24.4,-63.44,-87.84,19.52,53.68,-78.08,9.76,9.76,-9.76,-73.2,-92.72,-87.84
29.28,-63.44,-92.72,19.52,58.56,-78.08,14.64,9.76,0,-73.2,-87.84,-92.72
29.28,-63.44,-92.72,19.52,58.56,-78.08,4.88,19.52,4.88,-73.2,-87.84,-102.48
29.28,-58.56,-87.84,14.64,58.56,-73.2,4.88,24.4,4.88,-73.2,-87.84,-97.6
39.04,-53.68,-92.72,9.76,63.44,-73.2,4.88,34.16,4.88,-63.44,-87.84,-97.6
43.92,-53.68,-97.6,4.88,68.32,-78.08,4.88,39.04,4.88,-53.68,-87.84,-97.6
39.04,-68.32,-107.36,14.64,73.2,-87.84,14.64,43.92,19.52,-63.44,-78.08,-92.72
39.04,-68.32,-107.36,14.64,73.2,-87.84,19.52,48.8,19.52,-53.68,-73.2,-92.72
34.16,-68.32,-102.48,19.52,68.32,-87.84,19.52,48.8,24.4,-53.68,-73.2,-92.72
34.16,-68.32,-102.48,19.52,68.32,-87.84,19.52,48.8,24.4,-58.56,-78.08,-97.6
43.92,-58.56,-102.48,9.76,73.2,-82.96,24.4,63.44,34.16,-48.8,-87.84,-92.72
39.04,-53.68,-92.72,9.76,63.44,-73.2,29.28,63.44,39.04,-43.92,-87.84,-92.72
39.04,-53.68,-92.72,9.76,63.44,-73.2,29.28,73.2,39.04,-43.92,-82.96,-87.84
39.04,-53.68,-92.72,9.76,63.44,-73.2,29.28,73.2,48.8,-43.92,-78.08,-82.96
39.04,-53.68,-92.72,9.76,63.44,-73.2,29.28,73.2,39.04,-43.92,-78.08,-87.84
39.04,-53.68,-92.72,9.76,63.44,-73.2,29.28,82.96,48.8,-43.92,-73.2,-78.08
39.04,-48.8,-87.84,4.88,63.44,-68.32,29.28,87.84,58.56,-34.16,-73.2,-78.08
43.92,-48.8,-92.72,4.88,68.32,-73.2,29.28,92.72,58.56,-29.28,-73.2,-78.08
63.44,-53.68,-117.12,-4.88,87.84,-87.84,29.28,87.84,48.8,-29.28,-73.2,-82.96
48.8,-53.68,-102.48,4.88,73.2,-78.08,34.16,92.72,58.56,-29.28,-68.32,-73.2
48.8,-53.68,-102.48,4.88,73.2,-78.08,34.16,92.72,63.44,-29.28,-68.32,-82.96
48.8,-53.68,-102.48,4.88,73.2,-78.08,34.16,92.72,68.32,-24.4,-63.44,-82.96
39.04,-43.92,-82.96,4.88,58.56,-63.44,43.92,107.36,78.08,-9.76,-58.56,-73.2
39.04,-43.92,-82.96,4.88,58.56,-63.44,43.92,117.12,82.96,-4.88,-53.68,-73.2
48.8,-39.04,-87.84,-4.88,68.32,-63.44,43.92,126.88,87.84,-4.88,-53.68,-68.32
53.68,-39.04,-92.72,-4.88,73.2,-68.32,43.92,136.64,97.6,0,-53.68,-68.32
53.68,-48.8,-102.48,0,78.08,-78.08,43.92,141.52,97.6,4.88,-43.92,-73.2
58.56,-48.8,-107.36,-4.88,82.96,-78.08,48.8,146.4,107.36,4.88,-39.04,-68.32
58.56,-48.8,-107.36,-4.88,82.96,-78.08,48.8,151.28,107.36,9.76,-39.04,-68.32
53.68,-43.92,-97.6,-4.88,73.2,-73.2,48.8,151.28,107.36,14.64,-39.04,-68.32
63.44,-34.16,-97.6,-14.64,78.08,-68.32,53.68,151.28,117.12,14.64,-48.8,-68.32
63.44,-34.16,-97.6,-14.64,78.08,-68.32,53.68,156.16,122,14.64,-39.04,-68.32
68.32,-29.28,-97.6,-19.52,82.96,-63.44,53.68,161.04,126.88,19.52,-39.04,-68.32
68.32,-29.28,-97.6,-19.52,82.96,-63.44,53.68,170.8,136.64,24.4,-24.4,-63.44
78.08,-29.28,-107.36,-24.4,92.72,-68.32,53.68,180.56,146.4,29.28,-29.28,-63.44
68.32,-29.28,-97.6,-19.52,82.96,-63.44,58.56,190.32,151.28,39.04,-24.4,-58.56
68.32,-29.28,-97.6,-19.52,82.96,-63.44,63.44,200.08,156.16,48.8,-19.52,-48.8
73.2,-24.4,-97.6,-24.4,82.96,-63.44,63.44,209.84,156.16,58.56,-19.52,-48.8
78.08,-14.64,-92.72,-29.28,82.96,-53.68,63.44,209.84,156.16,53.68,-9.76,-63.44
87.84,-14.64,-102.48,-34.16,92.72,-58.56,63.44,214.72,165.92,58.56,-9.76,-63.44
92.72,-14.64,-107.36,-39.04,97.6,-63.44,63.44,224.48,170.8,58.56,-9.76,-53.68
97.6,-14.64,-112.24,-39.04,102.48,-63.44,63.44,229.36,175.68,53.68,-9.76,-53.68
87.84,0,-87.84,-43.92,87.84,-43.92,73.2,244,185.44,63.44,0,-53.68
87.84,0,-87.84,-43.92,87.84,-43.92,78.08,248.88,200.08,73.2,9.76,-53.68
97.6,4.88,-92.72,-48.8,92.72,-43.92,78.08,258.64,204.96,82.96,14.64,-48.8
97.6,4.88,-92.72,-48.8,92.72,-43.92,78.08,268.4,219.6,92.72,19.52,-48.8
97.6,0,-97.6,-48.8,97.6,-48.8,82.96,278.16,209.84,97.6,14.64,-43.92
97.6,0,-97.6,-48.8,97.6,-48.8,82.96,287.92,219.6,107.36,14.64,-39.04
97.6,4.88,-92.72,-48.8,92.72,-43.92,87.84,297.68,229.36,107.36,24.4,-34.16
107.36,9.76,-97.6,-58.56,102.48,-43.92,92.72,307.44,239.12,117.12,29.28,-34.16
117.12,0,-117.12,-58.56,117.12,-58.56,82.96,307.44,244,122,24.4,-43.92
117.12,4.88,-112.24,-58.56,112.24,-53.68,87.84,317.2,253.76,131.76,34.16,-39.04
117.12,4.88,-112.24,-58.56,112.24,-53.68,92.72,326.96,263.52,141.52,43.92,-29.28
122,0,-122,-58.56,122,-63.44,92.72,336.72,263.52,146.4,48.8,-29.28
117.12,9.76,-107.36,-63.44,112.24,-48.8,87.84,366,278.16,151.28,48.8,-19.52
117.12,19.52,-97.6,-68.32,107.36,-39.04,87.84,366,287.92,156.16,53.68,-14.64
117.12,19.52,-97.6,-68.32,107.36,-39.04,97.6,375.76,302.56,165.92,63.44,-4.88
126.88,19.52,-107.36,-73.2,117.12,-43.92,107.36,385.52,312.32,170.8,63.44,-4.88
136.64,29.28,-107.36,-82.96,122,-39.04,107.36,405.04,302.56,170.8,68.32,-14.64
136.64,34.16,-102.48,-82.96,117.12,-34.16,117.12,419.68,317.2,175.68,68.32,-9.76
136.64,34.16,-102.48,-82.96,117.12,-34.16,117.12,439.2,326.96,190.32,78.08,-4.88
141.52,34.16,-107.36,-87.84,122,-39.04,117.12,453.84,336.72,200.08,82.96,0
131.76,58.56,-73.2,-92.72,102.48,-9.76,126.88,458.72,351.36,214.72,97.6,4.88
141.52,58.56,-82.96,-97.6,112.24,-14.64,126.88,478.24,366,224.48,102.48,9.76
146.4,63.44,-82.96,-102.48,112.24,-9.76,131.76,488,380.64,229.36,112.24,14.64
146.4,63.44,-82.96,-102.48,112.24,-9.76,131.76,502.64,395.28,239.12,117.12,24.4
156.16,63.44,-92.72,-107.36,122,-14.64,141.52,512.4,395.28,244,112.24,29.28
165.92,63.44,-102.48,-112.24,131.76,-19.52,146.4,522.16,409.92,253.76,122,29.28
170.8,68.32,-102.48,-117.12,136.64,-19.52,151.28,536.8,419.68,263.52,136.64,34.16
170.8,73.2,-97.6,-122,131.76,-14.64,156.16,546.56,429.44,273.28,141.52,39.04
161.04,78.08,-82.96,-117.12,122,-4.88,156.16,566.08,439.2,297.68,146.4,34.16
170.8,82.96,-87.84,-126.88,126.88,-4.88,156.16,585.6,453.84,307.44,156.16,43.92
170.8,87.84,-82.96,-126.88,126.88,0,156.16,590.48,463.6,317.2,156.16,48.8
185.44,92.72,-92.72,-136.64,136.64,0,161.04,595.36,473.36,326.96,161.04,53.68
195.2,107.36,-87.84,-151.28,141.52,9.76,161.04,610,478.24,326.96,180.56,73.2
190.32,117.12,-73.2,-151.28,131.76,19.52,161.04,619.76,488,336.72,195.2,78.08
190.32,122,-68.32,-156.16,126.88,24.4,161.04,629.52,492.88,341.6,204.96,82.96
204.96,126.88,-78.08,-165.92,141.52,24.4,165.92,644.16,502.64,351.36,219.6,97.6
200.08,131.76,-68.32,-165.92,131.76,29.28,170.8,649.04,522.16,370.88,224.48,87.84
204.96,136.64,-68.32,-170.8,136.64,34.16,170.8,653.92,527.04,380.64,224.48,97.6
204.96,136.64,-68.32,-170.8,136.64,34.16,175.68,658.8,536.8,390.4,229.36,107.36
204.96,146.4,-58.56,-175.68,131.76,43.92,180.56,663.68,546.56,400.16,239.12,112.24
214.72,151.28,-63.44,-180.56,136.64,43.92,175.68,668.56,556.32,409.92,244,126.88
224.48,156.16,-68.32,-190.32,146.4,43.92,175.68,673.44,556.32,414.8,248.88,131.76
224.48,161.04,-63.44,-190.32,141.52,48.8,175.68,678.32,566.08,424.56,263.52,131.76
224.48,161.04,-63.44,-190.32,141.52,48.8,175.68,688.08,570.96,434.32,273.28,136.64
224.48,165.92,-58.56,-195.2,141.52,53.68,175.68,688.08,575.84,434.32,263.52,136.64
234.24,165.92,-68.32,-200.08,151.28,48.8,175.68,692.96,575.84,439.2,263.52,151.28
234.24,165.92,-68.32,-200.08,151.28,48.8,175.68,692.96,575.84,444.08,268.4,151.28
219.6,165.92,-53.68,-190.32,136.64,53.68,170.8,683.2,575.84,444.08,268.4,151.28
229.36,180.56,-48.8,-204.96,136.64,63.44,180.56,688.08,585.6,458.72,283.04,161.04
234.24,190.32,-43.92,-209.84,136.64,73.2,175.68,688.08,585.6,458.72,283.04,161.04
234.24,190.32,-43.92,-209.84,136.64,73.2,170.8,688.08,585.6,458.72,283.04,161.04
234.24,190.32,-43.92,-209.84,136.64,73.2,170.8,678.32,585.6,458.72,283.04,170.8
239.12,185.44,-53.68,-209.84,146.4,63.44,161.04,678.32,575.84,453.84,297.68,175.68
244,185.44,-58.56,-214.72,151.28,63.44,156.16,663.68,566.08,453.84,297.68,175.68
248.88,185.44,-63.44,-214.72,156.16,58.56,151.28,639.28,561.2,448.96,297.68,175.68
253.76,185.44,-68.32,-219.6,161.04,58.56,146.4,610,546.56,448.96,297.68,175.68
253.76,195.2,-58.56,-224.48,156.16,68.32,151.28,600.24,541.68,444.08,302.56,175.68
248.88,190.32,-58.56,-219.6,151.28,63.44,136.64,590.48,536.8,444.08,302.56,170.8
248.88,190.32,-58.56,-219.6,151.28,63.44,136.64,575.84,527.04,444.08,287.92,170.8
248.88,190.32,-58.56,-219.6,151.28,63.44,122,556.32,522.16,444.08,287.92,170.8
239.12,185.44,-53.68,-209.84,146.4,63.44,107.36,517.28,502.64,439.2,287.92,161.04
234.24,180.56,-53.68,-204.96,141.52,63.44,97.6,497.76,492.88,429.44,278.16,156.16
224.48,175.68,-48.8,-200.08,136.64,63.44,92.72,468.48,473.36,419.68,278.16,151.28
219.6,170.8,-48.8,-195.2,131.76,58.56,82.96,444.08,453.84,400.16,268.4,146.4
209.84,161.04,-48.8,-185.44,126.88,53.68,82.96,434.32,434.32,390.4,268.4,146.4
209.84,151.28,-58.56,-180.56,131.76,43.92,73.2,400.16,419.68,380.64,248.88,136.64
209.84,141.52,-68.32,-175.68,136.64,34.16,63.44,380.64,400.16,366,229.36,126.88
204.96,141.52,-63.44,-170.8,131.76,39.04,53.68,346.48,370.88,341.6,214.72,107.36
195.2,131.76,-63.44,-161.04,126.88,34.16,48.8,312.32,341.6,326.96,190.32,92.72
195.2,122,-73.2,-156.16,131.76,24.4,43.92,283.04,322.08,302.56,175.68,78.08
185.44,107.36,-78.08,-146.4,131.76,14.64,24.4,253.76,302.56,283.04,156.16,68.32
185.44,102.48,-82.96,-141.52,131.76,9.76,14.64,239.12,283.04,263.52,141.52,58.56
175.68,92.72,-82.96,-131.76,126.88,4.88,9.76,204.96,268.4,253.76,136.64,63.44
165.92,87.84,-78.08,-126.88,122,4.88,4.88,185.44,244,239.12,122,43.92
156.16,73.2,-82.96,-112.24,117.12,-4.88,0,175.68,224.48,219.6,107.36,29.28
146.4,68.32,-78.08,-107.36,112.24,-4.88,-4.88,156.16,204.96,200.08,87.84,24.4
141.52,53.68,-87.84,-97.6,112.24,-19.52,0,141.52,195.2,180.56,73.2,14.64
136.64,48.8,-87.84,-92.72,112.24,-19.52,-4.88,126.88,180.56,165.92,58.56,4.88
136.64,43.92,-92.72,-87.84,112.24,-24.4,-9.76,107.36,161.04,151.28,43.92,-4.88
126.88,29.28,-97.6,-78.08,112.24,-34.16,-9.76,97.6,151.28,141.52,39.04,-14.64
117.12,14.64,-102.48,-63.44,107.36,-43.92,-14.64,73.2,136.64,117.12,24.4,-29.28
117.12,9.76,-107.36,-63.44,112.24,-48.8,-24.4,58.56,117.12,107.36,4.88,-34.16
117.12,4.88,-112.24,-58.56,112.24,-53.68,-29.28,43.92,97.6,92.72,4.88,-34.16
107.36,0,-107.36,-53.68,107.36,-53.68,-34.16,24.4,82.96,87.84,-4.88,-43.92
107.36,-4.88,-112.24,-48.8,107.36,-58.56,-24.4,29.28,73.2,73.2,-14.64,-58.56
97.6,-4.88,-102.48,-43.92,97.6,-53.68,-24.4,14.64,63.44,63.44,-24.4,-58.56
92.72,-9.76,-102.48,-39.04,97.6,-58.56,-29.28,4.88,53.68,53.68,-24.4,-63.44
92.72,-9.76,-102.48,-39.04,97.6,-58.56,-29.28,4.88,48.8,43.92,-39.04,-73.2
92.72,-24.4,-117.12,-34.16,102.48,-73.2,-29.28,-4.88,43.92,34.16,-43.92,-78.08
92.72,-29.28,-122,-29.28,107.36,-78.08,-29.28,-14.64,39.04,34.16,-48.8,-82.96
92.72,-39.04,-131.76,-24.4,112.24,-87.84,-34.16,-19.52,24.4,24.4,-58.56,-87.84
92.72,-43.92,-136.64,-24.4,112.24,-92.72,-34.16,-34.16,14.64,24.4,-58.56,-87.84
92.72,-34.16,-126.88,-29.28,107.36,-82.96,-43.92,-34.16,14.64,14.64,-58.56,-97.6
92.72,-29.28,-122,-29.28,107.36,-78.08,-39.04,-29.28,9.76,14.64,-63.44,-97.6
82.96,-29.28,-112.24,-24.4,97.6,-73.2,-29.28,-29.28,4.88,14.64,-63.44,-102.48
82.96,-34.16,-117.12,-24.4,97.6,-78.08,-29.28,-34.16,4.88,14.64,-63.44,-107.36
78.08,-43.92,-122,-14.64,97.6,-82.96,-19.52,-34.16,4.88,4.88,-73.2,-97.6
68.32,-48.8,-117.12,-9.76,92.72,-82.96,-19.52,-39.04,4.88,4.88,-73.2,-97.6
63.44,-48.8,-112.24,-4.88,87.84,-82.96,-19.52,-39.04,4.88,4.88,-73.2,-102.48
58.56,-48.8,-107.36,-4.88,82.96,-78.08,-19.52,-43.92,-4.88,9.76,-82.96,-102.48
53.68,-48.8,-102.48,0,78.08,-78.08,-19.52,-34.16,4.88,4.88,-82.96,-92.72
53.68,-48.8,-102.48,0,78.08,-78.08,-14.64,-34.16,4.88,4.88,-82.96,-92.72
58.56,-48.8,-107.36,-4.88,82.96,-78.08,-14.64,-34.16,4.88,9.76,-78.08,-92.72
58.56,-48.8,-107.36,-4.88,82.96,-78.08,-14.64,-34.16,-4.88,9.76,-82.96,-97.6
43.92,-53.68,-97.6,4.88,68.32,-78.08,-24.4,-34.16,-4.88,0,-82.96,-97.6
39.04,-53.68,-92.72,9.76,63.44,-73.2,-24.4,-39.04,-4.88,0,-78.08,-97.6
34.16,-53.68,-87.84,9.76,58.56,-73.2,-24.4,-39.04,-4.88,0,-73.2,-97.6
24.4,-53.68,-78.08,14.64,48.8,-68.32,-24.4,-39.04,-4.88,-4.88,-68.32,-97.6
19.52,-58.56,-78.08,19.52,48.8,-68.32,-19.52,-34.16,4.88,-4.88,-58.56,-87.84
24.4,-58.56,-82.96,19.52,53.68,-73.2,-14.64,-29.28,4.88,0,-63.44,-87.84
4.88,-58.56,-63.44,29.28,34.16,-63.44,-9.76,-29.28,4.88,4.88,-73.2,-87.84
0,-58.56,-58.56,29.28,29.28,-58.56,-4.88,-24.4,4.88,9.76,-63.44,-87.84
-9.76,-48.8,-39.04,29.28,14.64,-43.92,-4.88,-29.28,4.88,9.76,-53.68,-78.08
-9.76,-48.8,-39.04,29.28,14.64,-43.92,0,-29.28,0,14.64,-58.56,-78.08
-9.76,-48.8,-39.04,29.28,14.64,-43.92,0,-29.28,0,14.64,-68.32,-78.08
-14.64,-48.8,-34.16,34.16,9.76,-43.92,-4.88,-24.4,0,14.64,-73.2,-78.08
-19.52,-48.8,-29.28,34.16,4.88,-39.04,4.88,-14.64,9.76,14.64,-63.44,-78.08
-24.4,-48.8,-24.4,39.04,0,-39.04,4.88,-14.64,9.76,14.64,-63.44,-78.08
-29.28,-48.8,-19.52,39.04,-4.88,-34.16,4.88,-14.64,9.76,9.76,-68.32,-78.08
-34.16,-48.8,-14.64,43.92,-9.76,-34.16,4.88,-24.4,14.64,9.76,-68.32,-78.08
-43.92,-58.56,-14.64,53.68,-14.64,-39.04,14.64,-14.64,14.64,19.52,-58.56,-73.2
-48.8,-53.68,-4.88,53.68,-24.4,-29.28,14.64,-9.76,14.64,19.52,-58.56,-73.2
-48.8,-53.68,-4.88,53.68,-24.4,-29.28,19.52,0,14.64,14.64,-63.44,-73.2
-48.8,-53.68,-4.88,53.68,-24.4,-29.28,19.52,0,14.64,14.64,-63.44,-73.2
-48.8,-48.8,0,48.8,-24.4,-24.4,14.64,-14.64,9.76,19.52,-63.44,-73.2
-43.92,-48.8,-4.88,48.8,-19.52,-29.28,14.64,-14.64,9.76,19.52,-63.44,-73.2
-43.92,-48.8,-4.88,48.8,-19.52,-29.28,14.64,-9.76,9.76,19.52,-53.68,-73.2
-53.68,-48.8,4.88,53.68,-29.28,-24.4,9.76,-9.76,9.76,19.52,-53.68,-73.2
-34.16,-48.8,-14.64,43.92,-9.76,-34.16,9.76,-24.4,9.76,14.64,-68.32,-82.96
-34.16,-48.8,-14.64,43.92,-9.76,-34.16,9.76,-24.4,9.76,14.64,-68.32,-82.96
-34.16,-39.04,-4.88,39.04,-14.64,-24.4,9.76,-19.52,9.76,14.64,-68.32,-78.08
-34.16,-39.04,-4.88,39.04,-14.64,-24.4,9.76,-19.52,9.76,14.64,-68.32,-78.08
-29.28,-48.8,-19.52,39.04,-4.88,-34.16,19.52,-19.52,24.4,19.52,-68.32,-68.32
-39.04,-53.68,-14.64,48.8,-14.64,-34.16,19.52,-19.52,24.4,24.4,-68.32,-68.32
-48.8,-58.56,-9.76,53.68,-19.52,-34.16,19.52,-19.52,24.4,24.4,-68.32,-68.32
-39.04,-58.56,-19.52,48.8,-9.76,-39.04,24.4,-19.52,24.4,19.52,-68.32,-68.32
-29.28,-48.8,-19.52,39.04,-4.88,-34.16,14.64,-19.52,24.4,19.52,-73.2,-68.32
-29.28,-48.8,-19.52,39.04,-4.88,-34.16,14.64,-14.64,24.4,29.28,-73.2,-68.32
-29.28,-48.8,-19.52,39.04,-4.88,-34.16,14.64,-14.64,24.4,29.28,-68.32,-68.32
-29.28,-53.68,-24.4,43.92,-4.88,-39.04,14.64,-9.76,24.4,24.4,-68.32,-63.44
-29.28,-43.92,-14.64,39.04,-9.76,-29.28,24.4,-9.76,34.16,29.28,-63.44,-63.44
-39.04,-43.92,-4.88,43.92,-19.52,-24.4,19.52,-9.76,34.16,24.4,-58.56,-63.44
-29.28,-39.04,-9.76,34.16,-9.76,-24.4,19.52,-9.76,34.16,24.4,-53.68,-53.68
-19.52,-39.04,-19.52,29.28,0,-29.28,19.52,-9.76,34.16,29.28,-53.68,-63.44
-29.28,-39.04,-9.76,34.16,-9.76,-24.4,9.76,-19.52,29.28,19.52,-63.44,-63.44
-29.28,-39.04,-9.76,34.16,-9.76,-24.4,9.76,-19.52,29.28,19.52,-63.44,-63.44
-24.4,-39.04,-14.64,34.16,-4.88,-29.28,9.76,-19.52,24.4,19.52,-63.44,-63.44
-24.4,-34.16,-9.76,29.28,-9.76,-24.4,9.76,-19.52,19.52,19.52,-68.32,-63.44
-24.4,-34.16,-9.76,29.28,-9.76,-24.4,19.52,-9.76,24.4,29.28,-63.44,-48.8
-29.28,-34.16,-4.88,34.16,-14.64,-19.52,24.4,-4.88,34.16,29.28,-48.8,-48.8
-29.28,-34.16,-4.88,34.16,-14.64,-19.52,24.4,-4.88,39.04,34.16,-43.92,-48.8
-19.52,-34.16,-14.64,29.28,-4.88,-24.4,19.52,-4.88,43.92,39.04,-43.92,-48.8
-14.64,-19.52,-4.88,19.52,-4.88,-14.64,19.52,-14.64,34.16,39.04,-34.16,-58.56
-14.64,-19.52,-4.88,19.52,-4.88,-14.64,19.52,-14.64,34.16,39.04,-19.52,-58.56
-24.4,-19.52,4.88,24.4,-14.64,-9.76,19.52,-14.64,34.16,39.04,-9.76,-58.56
-24.4,-24.4,0,24.4,-14.64,-14.64,14.64,-14.64,34.16,34.16,0,-58.56
-19.52,-24.4,-4.88,24.4,-9.76,-14.64,14.64,-14.64,39.04,34.16,19.52,-58.56
-14.64,-24.4,-9.76,19.52,-4.88,-19.52,14.64,-14.64,39.04,34.16,19.52,-58.56
-9.76,-24.4,-14.64,19.52,0,-19.52,19.52,-14.64,39.04,39.04,19.52,-53.68
-4.88,-24.4,-19.52,14.64,4.88,-24.4,19.52,-4.88,48.8,39.04,19.52,-53.68
-9.76,-24.4,-14.64,19.52,0,-19.52,29.28,-14.64,48.8,43.92,29.28,-43.92
-14.64,-24.4,-9.76,19.52,-4.88,-19.52,29.28,-9.76,48.8,48.8,39.04,-43.92
-19.52,-24.4,-4.88,24.4,-9.76,-14.64,29.28,0,48.8,53.68,48.8,-43.92
-24.4,-24.4,0,24.4,-14.64,-14.64,29.28,4.88,48.8,58.56,58.56,-43.92
-24.4,-24.4,0,24.4,-14.64,-14.64,19.52,-4.88,48.8,48.8,43.92,-43.92
-24.4,-24.4,0,24.4,-14.64,-14.64,14.64,-9.76,43.92,48.8,43.92,-43.92
-4.88,-24.4,-19.52,14.64,4.88,-24.4,14.64,-9.76,43.92,48.8,43.92,-43.92
-24.4,-24.4,0,24.4,-14.64,-14.64,9.76,-9.76,43.92,48.8,39.04,-43.92
-24.4,-14.64,9.76,19.52,-19.52,-4.88,19.52,-14.64,53.68,48.8,53.68,-48.8
-14.64,-14.64,0,14.64,-9.76,-9.76,19.52,-14.64,53.68,53.68,58.56,-48.8
-14.64,-14.64,0,14.64,-9.76,-9.76,19.52,-14.64,53.68,53.68,58.56,-48.8
-14.64,-14.64,0,14.64,-9.76,-9.76,19.52,-14.64,53.68,53.68,58.56,-48.8
-9.76,-24.4,-14.64,19.52,0,-19.52,19.52,-9.76,43.92,43.92,58.56,-39.04
-9.76,-24.4,-14.64,19.52,0,-19.52,14.64,-9.76,43.92,39.04,53.68,-43.92
-9.76,-24.4,-14.64,19.52,0,-19.52,14.64,-9.76,43.92,39.04,53.68,-43.92
-9.76,-24.4,-14.64,19.52,0,-19.52,19.52,-14.64,39.04,39.04,53.68,-43.92
0,-9.76,-9.76,4.88,4.88,-9.76,24.4,-14.64,48.8,48.8,63.44,-34.16
-4.88,-9.76,-4.88,9.76,0,-9.76,24.4,-19.52,48.8,48.8,63.44,-39.04
-14.64,-14.64,0,14.64,-9.76,-9.76,24.4,-19.52,48.8,53.68,53.68,-39.04
-4.88,-19.52,-14.64,14.64,4.88,-19.52,24.4,-24.4,39.04,53.68,53.68,-39.04
-14.64,-19.52,-4.88,19.52,-4.88,-14.64,24.4,-34.16,29.28,48.8,53.68,-48.8
-19.52,-19.52,0,19.52,-9.76,-9.76,24.4,-29.28,34.16,48.8,53.68,-48.8
-19.52,-14.64,4.88,19.52,-14.64,-4.88,24.4,-29.28,39.04,48.8,53.68,-48.8
-14.64,-14.64,0,14.64,-9.76,-9.76,24.4,-29.28,39.04,48.8,58.56,-48.8
-14.64,-19.52,-4.88,19.52,-4.88,-14.64,14.64,-29.28,39.04,48.8,53.68,-53.68
-4.88,-19.52,-14.64,14.64,4.88,-19.52,14.64,-34.16,39.04,48.8,53.68,-53.68
-14.64,-19.52,-4.88,19.52,-4.88,-14.64,14.64,-34.16,39.04,48.8,43.92,-48.8
-19.52,-19.52,0,19.52,-9.76,-9.76,14.64,-34.16,39.04,48.8,43.92,-48.8
-19.52,-24.4,-4.88,24.4,-9.76,-14.64,24.4,-34.16,34.16,43.92,48.8,-58.56
-9.76,-24.4,-14.64,19.52,0,-19.52,24.4,-43.92,29.28,43.92,48.8,-58.56
-9.76,-24.4,-14.64,19.52,0,-19.52,24.4,-43.92,29.28,39.04,48.8,-63.44
-9.76,-24.4,-14.64,19.52,0,-19.52,24.4,-43.92,29.28,39.04,48.8,-63.44
-19.52,-24.4,-4.88,24.4,-9.76,-14.64,24.4,-34.16,39.04,39.04,43.92,-63.44
-24.4,-24.4,0,24.4,-14.64,-14.64,24.4,-34.16,39.04,43.92,48.8,-68.32
-24.4,-24.4,0,24.4,-14.64,-14.64,24.4,-34.16,39.04,43.92,48.8,-68.32
-14.64,-24.4,-9.76,19.52,-4.88,-19.52,24.4,-39.04,39.04,39.04,43.92,-68.32
-4.88,-19.52,-14.64,14.64,4.88,-19.52,24.4,-48.8,34.16,48.8,43.92,-68.32
-14.64,-19.52,-4.88,19.52,-4.88,-14.64,24.4,-48.8,34.16,48.8,43.92,-68.32
-14.64,-19.52,-4.88,19.52,-4.88,-14.64,24.4,-48.8,29.28,48.8,48.8,-63.44
-9.76,-19.52,-9.76,14.64,0,-14.64,24.4,-48.8,29.28,48.8,53.68,-63.44
-14.64,-14.64,0,14.64,-9.76,-9.76,24.4,-48.8,29.28,34.16,53.68,-68.32
-14.64,-14.64,0,14.64,-9.76,-9.76,24.4,-48.8,29.28,34.16,53.68,-68.32
-24.4,-14.64,9.76,19.52,-19.52,-4.88,24.4,-48.8,24.4,34.16,53.68,-68.32
-29.28,-14.64,14.64,24.4,-24.4,0,24.4,-48.8,19.52,34.16,53.68,-68.32
-19.52,-19.52,0,19.52,-9.76,-9.76,29.28,-63.44,9.76,34.16,43.92,-68.32
-19.52,-19.52,0,19.52,-9.76,-9.76,29.28,-63.44,4.88,34.16,39.04,-68.32
-19.52,-19.52,0,19.52,-9.76,-9.76,24.4,-63.44,4.88,34.16,39.04,-68.32
-14.64,-19.52,-4.88,19.52,-4.88,-14.64,24.4,-63.44,9.76,29.28,39.04,-68.32
-14.64,-9.76,4.88,14.64,-9.76,-4.88,34.16,-63.44,9.76,29.28,39.04,-68.32
-14.64,-9.76,4.88,14.64,-9.76,-4.88,34.16,-68.32,4.88,29.28,39.04,-63.44
-14.64,-9.76,4.88,14.64,-9.76,-4.88,34.16,-68.32,4.88,29.28,39.04,-63.44
-9.76,-9.76,0,9.76,-4.88,-4.88,39.04,-68.32,4.88,29.28,39.04,-63.44
-9.76,-4.88,4.88,9.76,-9.76,0,29.28,-58.56,14.64,39.04,53.68,-68.32
-9.76,-4.88,4.88,9.76,-9.76,0,29.28,-58.56,14.64,34.16,53.68,-68.32
-9.76,-4.88,4.88,9.76,-9.76,0,24.4,-58.56,9.76,34.16,53.68,-68.32
-14.64,0,14.64,9.76,-14.64,4.88,24.4,-58.56,9.76,34.16,53.68,-68.32
-29.28,-9.76,19.52,19.52,-24.4,4.88,34.16,-58.56,9.76,34.16,63.44,-58.56
-34.16,-9.76,24.4,24.4,-29.28,4.88,34.16,-63.44,9.76,34.16,63.44,-58.56
-39.04,-9.76,29.28,24.4,-34.16,9.76,34.16,-63.44,9.76,39.04,63.44,-63.44
-43.92,-9.76,34.16,29.28,-39.04,9.76,39.04,-63.44,9.76,39.04,63.44,-63.44
-34.16,-19.52,14.64,29.28,-24.4,-4.88,39.04,-63.44,9.76,39.04,63.44,-53.68
-39.04,-19.52,19.52,29.28,-29.28,0,39.04,-63.44,9.76,39.04,58.56,-53.68
-39.04,-19.52,19.52,29.28,-29.28,0,39.04,-58.56,9.76,34.16,58.56,-53.68
-29.28,-19.52,9.76,24.4,-19.52,-4.88,39.04,-58.56,9.76,34.16,58.56,-53.68
-19.52,-14.64,4.88,19.52,-14.64,-4.88,39.04,-73.2,0,34.16,58.56,-63.44
-24.4,-14.64,9.76,19.52,-19.52,-4.88,39.04,-73.2,0,34.16,63.44,-63.44
-24.4,-14.64,9.76,19.52,-19.52,-4.88,39.04,-68.32,0,34.16,63.44,-68.32
-29.28,-9.76,19.52,19.52,-24.4,4.88,39.04,-68.32,0,29.28,58.56,-68.32
-39.04,-19.52,19.52,29.28,-29.28,0,48.8,-63.44,0,29.28,68.32,-63.44
-39.04,-19.52,19.52,29.28,-29.28,0,48.8,-63.44,0,29.28,63.44,-63.44
-34.16,-24.4,9.76,29.28,-24.4,-9.76,48.8,-68.32,0,29.28,63.44,-63.44
-34.16,-24.4,9.76,29.28,-24.4,-9.76,48.8,-68.32,4.88,29.28,63.44,-63.44
-34.16,-14.64,19.52,24.4,-29.28,0,48.8,-73.2,4.88,29.28,63.44,-73.2
-34.16,-14.64,19.52,24.4,-29.28,0,48.8,-73.2,4.88,29.28,63.44,-68.32
-34.16,-14.64,19.52,24.4,-29.28,0,48.8,-73.2,4.88,29.28,68.32,-68.32
-34.16,-14.64,19.52,24.4,-29.28,0,48.8,-73.2,4.88,39.04,68.32,-73.2
-34.16,-24.4,9.76,29.28,-24.4,-9.76,48.8,-73.2,0,39.04,68.32,-73.2
-39.04,-24.4,14.64,34.16,-29.28,-4.88,48.8,-73.2,0,39.04,68.32,-73.2
-39.04,-24.4,14.64,34.16,-29.28,-4.88,48.8,-73.2,-4.88,39.04,68.32,-73.2
-34.16,-19.52,14.64,29.28,-24.4,-4.88,48.8,-78.08,-4.88,39.04,63.44,-73.2
-34.16,-19.52,14.64,29.28,-24.4,-4.88,48.8,-78.08,4.88,29.28,53.68,-73.2
-43.92,-24.4,19.52,34.16,-34.16,-4.88,48.8,-73.2,4.88,34.16,58.56,-73.2
-43.92,-29.28,14.64,39.04,-29.28,-9.76,53.68,-73.2,4.88,34.16,58.56,-73.2
-39.04,-29.28,9.76,34.16,-24.4,-9.76,53.68,-73.2,4.88,29.28,53.68,-78.08
-39.04,-24.4,14.64,34.16,-29.28,-4.88,43.92,-73.2,4.88,29.28,53.68,-87.84
-29.28,-24.4,4.88,29.28,-19.52,-9.76,39.04,-73.2,0,29.28,53.68,-82.96
-29.28,-24.4,4.88,29.28,-19.52,-9.76,39.04,-73.2,0,24.4,48.8,-82.96
-34.16,-24.4,9.76,29.28,-24.4,-9.76,39.04,-73.2,0,24.4,48.8,-87.84
-34.16,-24.4,9.76,29.28,-24.4,-9.76,43.92,-82.96,0,34.16,53.68,-78.08
-34.16,-24.4,9.76,29.28,-24.4,-9.76,43.92,-82.96,-4.88,34.16,58.56,-78.08
-53.68,-24.4,29.28,39.04,-43.92,0,43.92,-87.84,-9.76,34.16,63.44,-78.08
-39.04,-24.4,14.64,34.16,-29.28,-4.88,43.92,-87.84,-9.76,34.16,73.2,-78.08
-43.92,-14.64,29.28,29.28,-39.04,4.88,48.8,-82.96,-9.76,24.4,63.44,-78.08
-43.92,-14.64,29.28,29.28,-39.04,4.88,48.8,-82.96,-9.76,24.4,63.44,-78.08
-43.92,-14.64,29.28,29.28,-39.04,4.88,48.8,-82.96,-4.88,19.52,63.44,-87.84
-34.16,-19.52,14.64,29.28,-24.4,-4.88,48.8,-82.96,0,19.52,63.44,-78.08
-24.4,-14.64,9.76,19.52,-19.52,-4.88,48.8,-82.96,0,29.28,73.2,-78.08
-24.4,-14.64,9.76,19.52,-19.52,-4.88,48.8,-87.84,-4.88,29.28,63.44,-78.08
-24.4,-14.64,9.76,19.52,-19.52,-4.88,48.8,-87.84,-9.76,29.28,58.56,-78.08
-24.4,-14.64,9.76,19.52,-19.52,-4.88,48.8,-87.84,-19.52,29.28,53.68,-78.08
-34.16,-24.4,9.76,29.28,-24.4,-9.76,48.8,-97.6,-9.76,19.52,53.68,-82.96
-29.28,-34.16,-4.88,34.16,-14.64,-19.52,48.8,-97.6,-9.76,19.52,53.68,-82.96
-29.28,-24.4,4.88,29.28,-19.52,-9.76,48.8,-97.6,-9.76,19.52,58.56,-82.96
-34.16,-24.4,9.76,29.28,-24.4,-9.76,48.8,-97.6,-9.76,19.52,63.44,-82.96
-43.92,-24.4,19.52,34.16,-34.16,-4.88,48.8,-97.6,-19.52,19.52,53.68,-73.2
-43.92,-24.4,19.52,34.16,-34.16,-4.88,48.8,-97.6,-19.52,19.52,53.68,-73.2
-43.92,-24.4,19.52,34.16,-34.16,-4.88,43.92,-97.6,-24.4,14.64,53.68,-73.2
-39.04,-24.4,14.64,34.16,-29.28,-4.88,43.92,-97.6,-24.4,14.64,48.8,-78.08
-29.28,-24.4,4.88,29.28,-19.52,-9.76,48.8,-97.6,-19.52,24.4,48.8,-78.08
-29.28,-24.4,4.88,29.28,-19.52,-9.76,48.8,-97.6,-14.64,24.4,48.8,-78.08
-34.16,-24.4,9.76,29.28,-24.4,-9.76,48.8,-97.6,-14.64,24.4,48.8,-78.08
-34.16,-24.4,9.76,29.28,-24.4,-9.76,48.8,-97.6,-14.64,24.4,48.8,-73.2
-34.16,-19.52,14.64,29.28,-24.4,-4.88,48.8,-92.72,-24.4,14.64,63.44,-82.96
-34.16,-19.52,14.64,29.28,-24.4,-4.88,48.8,-92.72,-24.4,14.64,63.44,-82.96
-34.16,-19.52,14.64,29.28,-24.4,-4.88,48.8,-97.6,-24.4,14.64,63.44,-87.84
-34.16,-14.64,19.52,24.4,-29.28,0,48.8,-97.6,-24.4,14.64,63.44,-87.84
-19.52,-24.4,-4.88,24.4,-9.76,-14.64,48.8,-97.6,-24.4,14.64,53.68,-87.84
-19.52,-24.4,-4.88,24.4,-9.76,-14.64,48.8,-97.6,-24.4,9.76,53.68,-92.72
-24.4,-29.28,-4.88,29.28,-9.76,-19.52,48.8,-97.6,-24.4,9.76,48.8,-92.72
-24.4,-29.28,-4.88,29.28,-9.76,-19.52,48.8,-97.6,-24.4,9.76,48.8,-87.84
-24.4,-19.52,4.88,24.4,-14.64,-9.76,58.56,-107.36,-34.16,24.4,53.68,-87.84
-29.28,-14.64,14.64,24.4,-24.4,0,48.8,-107.36,-34.16,14.64,53.68,-78.08
-24.4,-14.64,9.76,19.52,-19.52,-4.88,58.56,-97.6,-29.28,29.28,68.32,-78.08
-19.52,-19.52,0,19.52,-9.76,-9.76,58.56,-107.36,-39.04,19.52,58.56,-87.84
-29.28,-19.52,9.76,24.4,-19.52,-4.88,48.8,-107.36,-39.04,19.52,58.56,-87.84
-29.28,-19.52,9.76,24.4,-19.52,-4.88,48.8,-107.36,-39.04,19.52,58.56,-87.84
-29.28,-19.52,9.76,24.4,-19.52,-4.88,48.8,-107.36,-39.04,19.52,58.56,-87.84
-29.28,-19.52,9.76,24.4,-19.52,-4.88,48.8,-107.36,-39.04,19.52,58.56,-87.84
-19.52,-19.52,0,19.52,-9.76,-9.76,58.56,-107.36,-39.04,19.52,48.8,-87.84
-19.52,-19.52,0,19.52,-9.76,-9.76,58.56,-107.36,-39.04,19.52,48.8,-87.84
-19.52,-19.52,0,19.52,-9.76,-9.76,58.56,-107.36,-39.04,19.52,48.8,-87.84
-19.52,-19.52,0,19.52,-9.76,-9.76,58.56,-107.36,-39.04,19.52,48.8,-87.84
-19.52,-19.52,0,19.52,-9.76,-9.76,48.8,-117.12,-48.8,19.52,48.8,-97.6
-19.52,-19.52,0,19.52,-9.76,-9.76,48.8,-117.12,-48.8,19.52,48.8,-97.6
-19.52,-19.52,0,19.52,-9.76,-9.76,48.8,-117.12,-48.8,19.52,48.8,-97.6
-19.52,-19.52,0,19.52,-9.76,-9.76,48.8,-117.12,-48.8,19.52,48.8,-97.6
-19.52,-19.52,0,19.52,-9.76,-9.76,48.8,-117.12,-48.8,19.52,58.56,-87.84
-19.52,-19.52,0,19.52,-9.76,-9.76,48.8,-117.12,-48.8,19.52,58.56,-87.84
-19.52,-19.52,0,19.52,-9.76,-9.76,48.8,-117.12,-48.8,19.52,58.56,-87.84
-19.52,-19.52,0,19.52,-9.76,-9.76,48.8,-117.12,-48.8,19.52,58.56,-87.84
-19.52,-29.28,-9.76,24.4,-4.88,-19.52,48.8,-117.12,-48.8,19.52,58.56,-97.6
-19.52,-29.28,-9.76,24.4,-4.88,-19.52,48.8,-117.12,-48.8,19.52,58.56,-97.6
-19.52,-29.28,-9.76,24.4,-4.88,-19.52,48.8,-117.12,-48.8,19.52,58.56,-97.6
-19.52,-29.28,-9.76,24.4,-4.88,-19.52,48.8,-117.12,-48.8,19.52,58.56,-97.6
-29.28,-29.28,0,29.28,-14.64,-14.64,48.8,-126.88,-58.56,9.76,58.56,-97.6
-29.28,-29.28,0,29.28,-14.64,-14.64,48.8,-126.88,-58.56,9.76,58.56,-97.6
-29.28,-29.28,0,29.28,-14.64,-14.64,48.8,-126.88,-58.56,9.76,58.56,-97.6
-29.28,-29.28,0,29.28,-14.64,-14.64,48.8,-126.88,-58.56,9.76,58.56,-97.6
-29.28,-19.52,9.76,24.4,-19.52,-4.88,58.56,-126.88,-58.56,9.76,48.8,-97.6
-29.28,-19.52,9.76,24.4,-19.52,-4.88,58.56,-126.88,-58.56,9.76,48.8,-97.6
-29.28,-19.52,9.76,24.4,-19.52,-4.88,58.56,-126.88,-58.56,9.76,48.8,-97.6
-29.28,-19.52,9.76,24.4,-19.52,-4.88,58.56,-126.88,-58.56,9.76,48.8,-97.6
-19.52,-19.52,0,19.52,-9.76,-9.76,58.56,-126.88,-68.32,0,48.8,-97.6
-19.52,-19.52,0,19.52,-9.76,-9.76,58.56,-126.88,-68.32,0,48.8,-97.6
-19.52,-19.52,0,19.52,-9.76,-9.76,58.56,-126.88,-68.32,0,48.8,-97.6
-19.52,-19.52,0,19.52,-9.76,-9.76,58.56,-126.88,-68.32,0,48.8,-97.6
-29.28,-9.76,19.52,19.52,-24.4,4.88,58.56,-136.64,-68.32,9.76,58.56,-87.84
-29.28,-9.76,19.52,19.52,-24.4,4.88,58.56,-136.64,-68.32,9.76,58.56,-87.84
-29.28,-9.76,19.52,19.52,-24.4,4.88,58.56,-136.64,-68.32,9.76,58.56,-87.84
-29.28,-9.76,19.52,19.52,-24.4,4.88,58.56,-136.64,-68.32,9.76,58.56,-87.84
-29.28,-19.52,9.76,24.4,-19.52,-4.88,48.8,-136.64,-78.08,0,53.68,-97.6
-29.28,-19.52,9.76,24.4,-19.52,-4.88,48.8,-136.64,-78.08,0,48.8,-97.6
-29.28,-19.52,9.76,24.4,-19.52,-4.88,48.8,-136.64,-78.08,0,43.92,-97.6
-29.28,-19.52,9.76,24.4,-19.52,-4.88,48.8,-136.64,-78.08,0,39.04,-97.6
-29.28,-29.28,0,29.28,-14.64,-14.64,58.56,-136.64,-78.08,0,39.04,-87.84
-29.28,-29.28,0,29.28,-14.64,-14.64,58.56,-136.64,-78.08,0,39.04,-87.84
-29.28,-29.28,0,29.28,-14.64,-14.64,58.56,-136.64,-78.08,0,39.04,-87.84
-29.28,-29.28,0,29.28,-14.64,-14.64,58.56,-136.64,-78.08,0,39.04,-87.84
-39.04,-39.04,0,39.04,-19.52,-19.52,68.32,-146.4,-78.08,-9.76,29.28,-87.84
-39.04,-39.04,0,39.04,-19.52,-19.52,68.32,-146.4,-78.08,-9.76,29.28,-87.84
-39.04,-39.04,0,39.04,-19.52,-19.52,68.32,-146.4,-78.08,-9.76,29.28,-87.84
-39.04,-39.04,0,39.04,-19.52,-19.52,68.32,-146.4,-78.08,-9.76,29.28,-87.84
-29.28,-39.04,-9.76,34.16,-9.76,-24.4,63.44,-146.4,-87.84,-9.76,19.52,-97.6
-29.28,-39.04,-9.76,34.16,-9.76,-24.4,58.56,-146.4,-87.84,-9.76,19.52,-97.6
-29.28,-39.04,-9.76,34.16,-9.76,-24.4,53.68,-146.4,-87.84,-9.76,19.52,-97.6
-29.28,-39.04,-9.76,34.16,-9.76,-24.4,48.8,-146.4,-87.84,-9.76,19.52,-97.6
-34.16,-39.04,-4.88,39.04,-14.64,-24.4,58.56,-146.4,-87.84,-9.76,19.52,-87.84
-39.04,-39.04,0,39.04,-19.52,-19.52,58.56,-146.4,-87.84,-9.76,19.52,-87.84
-43.92,-39.04,4.88,43.92,-24.4,-19.52,58.56,-146.4,-87.84,-9.76,19.52,-87.84
-48.8,-39.04,9.76,43.92,-29.28,-14.64,58.56,-146.4,-87.84,-9.76,19.52,-87.84
-39.04,-39.04,0,39.04,-19.52,-19.52,58.56,-146.4,-87.84,-19.52,19.52,-87.84
-39.04,-39.04,0,39.04,-19.52,-19.52,58.56,-146.4,-87.84,-19.52,19.52,-87.84
-39.04,-39.04,0,39.04,-19.52,-19.52,58.56,-146.4,-87.84,-19.52,19.52,-87.84
-39.04,-39.04,0,39.04,-19.52,-19.52,58.56,-146.4,-87.84,-19.52,19.52,-87.84
-39.04,-48.8,-9.76,43.92,-14.64,-29.28,58.56,-156.16,-97.6,-19.52,19.52,-87.84
-39.04,-48.8,-9.76,43.92,-14.64,-29.28,58.56,-156.16,-97.6,-19.52,19.52,-87.84
-39.04,-48.8,-9.76,43.92,-14.64,-29.28,58.56,-156.16,-97.6,-19.52,19.52,-87.84
-39.04,-48.8,-9.76,43.92,-14.64,-29.28,58.56,-156.16,-97.6,-19.52,19.52,-87.84
-53.68,-48.8,4.88,53.68,-29.28,-24.4,68.32,-146.4,-87.84,-19.52,19.52,-87.84
-58.56,-48.8,9.76,53.68,-34.16,-19.52,68.32,-146.4,-87.84,-19.52,19.52,-87.84
-63.44,-48.8,14.64,58.56,-39.04,-19.52,68.32,-146.4,-87.84,-19.52,19.52,-87.84
-68.32,-48.8,19.52,58.56,-43.92,-14.64,68.32,-146.4,-87.84,-19.52,19.52,-87.84
-78.08,-48.8,29.28,63.44,-53.68,-9.76,58.56,-156.16,-97.6,-29.28,9.76,-87.84
-78.08,-48.8,29.28,63.44,-53.68,-9.76,58.56,-156.16,-97.6,-29.28,9.76,-87.84
-68.32,-43.92,24.4,58.56,-48.8,-9.76,58.56,-156.16,-92.72,-29.28,9.76,-87.84
-68.32,-43.92,24.4,58.56,-48.8,-9.76,58.56,-151.28,-92.72,-29.28,14.64,-87.84
-82.96,-43.92,39.04,63.44,-63.44,-4.88,63.44,-141.52,-102.48,-29.28,14.64,-87.84
-82.96,-43.92,39.04,63.44,-63.44,-4.88,63.44,-146.4,-102.48,-29.28,9.76,-87.84
-68.32,-43.92,24.4,58.56,-48.8,-9.76,63.44,-146.4,-102.48,-29.28,9.76,-87.84
-68.32,-43.92,24.4,58.56,-48.8,-9.76,63.44,-146.4,-97.6,-29.28,9.76,-82.96
-58.56,-43.92,14.64,53.68,-39.04,-14.64,82.96,-151.28,-87.84,-19.52,9.76,-82.96
-68.32,-43.92,24.4,58.56,-48.8,-9.76,82.96,-151.28,-87.84,-19.52,9.76,-82.96
-68.32,-43.92,24.4,58.56,-48.8,-9.76,87.84,-141.52,-82.96,-14.64,14.64,-82.96
-68.32,-39.04,29.28,53.68,-48.8,-4.88,92.72,-141.52,-82.96,-14.64,14.64,-82.96
-73.2,-39.04,34.16,58.56,-53.68,-4.88,92.72,-141.52,-82.96,-9.76,9.76,-82.96
-73.2,-34.16,39.04,53.68,-58.56,0,92.72,-131.76,-82.96,-9.76,9.76,-78.08
-73.2,-29.28,43.92,53.68,-58.56,4.88,102.48,-126.88,-78.08,-4.88,19.52,-78.08
-73.2,-19.52,53.68,48.8,-63.44,14.64,102.48,-126.88,-73.2,4.88,24.4,-73.2
-68.32,-14.64,53.68,43.92,-63.44,19.52,102.48,-117.12,-73.2,0,24.4,-73.2
-68.32,-4.88,63.44,39.04,-68.32,29.28,112.24,-112.24,-68.32,4.88,24.4,-63.44
-58.56,0,58.56,29.28,-58.56,29.28,112.24,-107.36,-63.44,4.88,29.28,-63.44
-53.68,4.88,58.56,24.4,-58.56,29.28,112.24,-107.36,-63.44,4.88,29.28,-63.44
-53.68,0,53.68,29.28,-53.68,24.4,117.12,-107.36,-53.68,4.88,39.04,-63.44
-63.44,9.76,73.2,29.28,-68.32,39.04,122,-97.6,-39.04,9.76,43.92,-63.44
-63.44,14.64,78.08,24.4,-73.2,43.92,126.88,-92.72,-34.16,19.52,43.92,-53.68
-63.44,19.52,82.96,24.4,-73.2,48.8,126.88,-92.72,-34.16,19.52,43.92,-53.68
-48.8,24.4,73.2,14.64,-63.44,48.8,126.88,-92.72,-34.16,19.52,43.92,-43.92
-48.8,29.28,78.08,9.76,-63.44,53.68,126.88,-92.72,-34.16,24.4,48.8,-43.92
-48.8,39.04,87.84,4.88,-68.32,63.44,122,-82.96,-24.4,34.16,53.68,-34.16
-58.56,39.04,97.6,9.76,-78.08,68.32,117.12,-82.96,-24.4,34.16,53.68,-34.16
-58.56,39.04,97.6,9.76,-78.08,68.32,122,-92.72,-34.16,34.16,53.68,-34.16
-58.56,39.04,97.6,9.76,-78.08,68.32,97.6,-117.12,-43.92,24.4,48.8,-39.04
-58.56,39.04,97.6,9.76,-78.08,68.32,78.08,-126.88,-58.56,19.52,43.92,-39.04
-58.56,48.8,107.36,4.88,-82.96,78.08,63.44,-131.76,-58.56,19.52,43.92,-39.04
-43.92,58.56,102.48,-4.88,-73.2,78.08,63.44,-141.52,-43.92,29.28,58.56,-34.16
-39.04,58.56,97.6,-9.76,-68.32,78.08,63.44,-136.64,-43.92,29.28,58.56,-29.28
-29.28,58.56,87.84,-14.64,-58.56,73.2,58.56,-136.64,-43.92,29.28,63.44,-29.28
-19.52,58.56,78.08,-19.52,-48.8,68.32,53.68,-136.64,-43.92,34.16,63.44,-24.4
-19.52,63.44,82.96,-19.52,-53.68,73.2,39.04,-126.88,-39.04,34.16,73.2,-19.52
-19.52,68.32,87.84,-24.4,-53.68,78.08,39.04,-126.88,-39.04,34.16,73.2,-19.52
-29.28,73.2,102.48,-19.52,-68.32,87.84,43.92,-126.88,-39.04,34.16,78.08,-14.64
-19.52,73.2,92.72,-24.4,-58.56,82.96,43.92,-131.76,-39.04,34.16,78.08,-14.64
-19.52,73.2,92.72,-24.4,-58.56,82.96,39.04,-141.52,-43.92,24.4,63.44,-24.4
-19.52,68.32,87.84,-24.4,-53.68,78.08,39.04,-141.52,-48.8,24.4,63.44,-29.28
-24.4,63.44,87.84,-19.52,-58.56,73.2,39.04,-141.52,-53.68,24.4,63.44,-29.28
-24.4,58.56,82.96,-14.64,-53.68,68.32,39.04,-141.52,-53.68,24.4,63.44,-24.4
-24.4,58.56,82.96,-14.64,-53.68,68.32,29.28,-151.28,-63.44,14.64,53.68,-34.16
-24.4,58.56,82.96,-14.64,-53.68,68.32,29.28,-151.28,-63.44,14.64,53.68,-34.16
-34.16,43.92,78.08,-4.88,-58.56,58.56,29.28,-151.28,-63.44,9.76,53.68,-34.16
-34.16,34.16,68.32,0,-53.68,48.8,29.28,-156.16,-68.32,4.88,48.8,-34.16
-34.16,24.4,58.56,4.88,-48.8,39.04,29.28,-165.92,-73.2,4.88,48.8,-29.28
-24.4,24.4,48.8,0,-39.04,34.16,29.28,-165.92,-73.2,4.88,48.8,-29.28
-34.16,9.76,43.92,14.64,-39.04,24.4,34.16,-161.04,-73.2,0,43.92,-34.16
-39.04,4.88,43.92,19.52,-43.92,24.4,34.16,-161.04,-78.08,-4.88,43.92,-39.04
-29.28,0,29.28,14.64,-29.28,14.64,39.04,-156.16,-82.96,-14.64,29.28,-53.68
-43.92,-19.52,24.4,34.16,-34.16,0,39.04,-156.16,-92.72,-19.52,24.4,-53.68
-53.68,-29.28,24.4,43.92,-39.04,-4.88,43.92,-165.92,-102.48,-24.4,14.64,-58.56
-63.44,-34.16,29.28,48.8,-48.8,-4.88,43.92,-170.8,-112.24,-34.16,0,-68.32
-73.2,-48.8,24.4,63.44,-48.8,-14.64,48.8,-161.04,-112.24,-34.16,4.88,-68.32
-82.96,-53.68,29.28,68.32,-58.56,-14.64,48.8,-161.04,-107.36,-34.16,4.88,-73.2
-82.96,-53.68,29.28,68.32,-58.56,-14.64,48.8,-161.04,-102.48,-29.28,9.76,-78.08
-82.96,-53.68,29.28,68.32,-58.56,-14.64,48.8,-161.04,-97.6,-29.28,4.88,-82.96
-82.96,-53.68,29.28,68.32,-58.56,-14.64,58.56,-180.56,-107.36,-34.16,-4.88,-87.84
-87.84,-63.44,24.4,78.08,-58.56,-19.52,58.56,-180.56,-107.36,-39.04,-4.88,-92.72
-87.84,-63.44,24.4,78.08,-58.56,-19.52,58.56,-180.56,-117.12,-43.92,-9.76,-87.84
-97.6,-63.44,34.16,82.96,-68.32,-14.64,58.56,-185.44,-117.12,-48.8,-9.76,-82.96
-92.72,-78.08,14.64,87.84,-53.68,-34.16,53.68,-200.08,-131.76,-63.44,-24.4,-87.84
-92.72,-82.96,9.76,87.84,-53.68,-39.04,48.8,-200.08,-136.64,-68.32,-24.4,-92.72
-92.72,-87.84,4.88,92.72,-48.8,-43.92,43.92,-204.96,-141.52,-68.32,-29.28,-97.6
-92.72,-87.84,4.88,92.72,-48.8,-43.92,39.04,-204.96,-141.52,-68.32,-29.28,-107.36
-97.6,-87.84,9.76,92.72,-53.68,-39.04,39.04,-195.2,-141.52,-63.44,-34.16,-107.36
-97.6,-87.84,9.76,92.72,-53.68,-39.04,43.92,-190.32,-136.64,-63.44,-34.16,-107.36
-102.48,-92.72,9.76,97.6,-58.56,-43.92,43.92,-185.44,-136.64,-58.56,-29.28,-107.36
-102.48,-92.72,9.76,97.6,-58.56,-43.92,43.92,-185.44,-136.64,-58.56,-29.28,-107.36
-102.48,-92.72,9.76,97.6,-58.56,-43.92,43.92,-195.2,-136.64,-58.56,-39.04,-107.36
-87.84,-92.72,-4.88,92.72,-43.92,-48.8,43.92,-195.2,-136.64,-63.44,-43.92,-107.36
-87.84,-92.72,-4.88,92.72,-43.92,-48.8,43.92,-195.2,-136.64,-63.44,-43.92,-107.36
-102.48,-92.72,9.76,97.6,-58.56,-43.92,43.92,-195.2,-136.64,-63.44,-43.92,-107.36
-122,-92.72,29.28,107.36,-78.08,-34.16,58.56,-185.44,-126.88,-53.68,-34.16,-107.36
-112.24,-92.72,19.52,102.48,-68.32,-39.04,58.56,-185.44,-126.88,-53.68,-39.04,-107.36
-112.24,-97.6,14.64,107.36,-63.44,-43.92,58.56,-185.44,-126.88,-53.68,-39.04,-112.24
-117.12,-97.6,19.52,107.36,-68.32,-39.04,63.44,-175.68,-126.88,-48.8,-34.16,-112.24
-87.84,-97.6,-9.76,92.72,-39.04,-53.68,48.8,-170.8,-126.88,-48.8,-34.16,-107.36
-78.08,-107.36,-29.28,92.72,-24.4,-68.32,48.8,-175.68,-126.88,-53.68,-34.16,-117.12
-97.6,-107.36,-9.76,102.48,-43.92,-58.56,53.68,-170.8,-126.88,-63.44,-43.92,-126.88
-97.6,-117.12,-19.52,107.36,-39.04,-68.32,82.96,-136.64,-92.72,-53.68,-43.92,-126.88
-107.36,-117.12,-9.76,112.24,-48.8,-63.44,117.12,-92.72,-53.68,-34.16,-39.04,-131.76
-126.88,-126.88,0,126.88,-63.44,-63.44,141.52,-43.92,-19.52,-19.52,-39.04,-151.28
-117.12,-126.88,-9.76,122,-53.68,-68.32,165.92,34.16,34.16,14.64,-29.28,-151.28
-92.72,-117.12,-24.4,107.36,-34.16,-73.2,204.96,161.04,122,92.72,24.4,-122
-68.32,-117.12,-48.8,92.72,-9.76,-82.96,248.88,302.56,224.48,180.56,82.96,-82.96
-29.28,-107.36,-78.08,68.32,24.4,-92.72,268.4,395.28,312.32,283.04,170.8,-39.04
29.28,-82.96,-112.24,29.28,68.32,-97.6,258.64,375.76,380.64,385.52,278.16,43.92
92.72,-63.44,-156.16,-14.64,122,-112.24,244,317.2,439.2,492.88,400.16,126.88
156.16,-29.28,-185.44,-63.44,170.8,-107.36,229.36,273.28,517.28,634.4,551.44,229.36
278.16,63.44,-214.72,-170.8,244,-78.08,151.28,170.8,610,829.6,771.04,409.92
434.32,195.2,-239.12,-312.32,336.72,-24.4,14.64,-19.52,653.92,1019.92,1005.28,605.12
541.68,297.68,-244,-419.68,390.4,24.4,-146.4,-248.88,668.56,1180.96,1205.36,780.8
605.12,400.16,-204.96,-502.64,405.04,97.6,-317.2,-473.36,639.28,1317.6,1395.68,956.48
663.68,483.12,-180.56,-570.96,419.68,151.28,-531.92,-736.88,575.84,1415.2,1546.96,1107.76
668.56,556.32,-112.24,-610,390.4,219.6,-741.76,-995.52,468.48,1444.48,1620.16,1205.36
610,610,0,-610,302.56,302.56,-893.04,-1200.48,361.12,1390.8,1605.52,1239.52
507.52,702.72,195.2,-605.12,156.16,448.96,-1005.28,-1410.32,239.12,1283.44,1546.96,1234.64
356.24,761.28,405.04,-556.32,-24.4,580.72,-1054.08,-1581.12,78.08,1098,1400.56,1171.2
219.6,746.64,527.04,-483.12,-156.16,634.4,-1054.08,-1673.84,-82.96,854,1180.96,1039.44
161.04,644.16,483.12,-400.16,-161.04,561.2,-1044.32,-1693.36,-263.52,546.56,878.4,839.36
78.08,527.04,448.96,-302.56,-185.44,488,-1010.16,-1698.24,-488,170.8,522.16,600.24
-63.44,468.48,531.92,-200.08,-297.68,497.76,-966.24,-1698.24,-692.96,-131.76,244,390.4
-141.52,434.32,575.84,-146.4,-361.12,502.64,-927.2,-1678.72,-800.32,-273.28,112.24,258.64
-156.16,361.12,517.28,-102.48,-336.72,439.2,-888.16,-1576.24,-814.96,-326.96,43.92,185.44
-175.68,278.16,453.84,-48.8,-317.2,366,-839.36,-1434.72,-761.28,-322.08,-4.88,122
-161.04,204.96,366,-19.52,-263.52,283.04,-761.28,-1254.16,-663.68,-278.16,-14.64,78.08
-122,131.76,253.76,-4.88,-190.32,190.32,-653.92,-1068.72,-570.96,-234.24,-14.64,34.16
-112.24,112.24,224.48,0,-170.8,165.92,-556.32,-922.32,-512.4,-229.36,-29.28,4.88
-117.12,97.6,214.72,9.76,-165.92,156.16,-488,-805.2,-458.72,-214.72,-39.04,-9.76
-78.08,92.72,170.8,-4.88,-126.88,131.76,-414.8,-697.84,-405.04,-185.44,-29.28,-14.64
-68.32,78.08,146.4,-4.88,-107.36,112.24,-331.84,-595.36,-351.36,-161.04,-19.52,-24.4
-92.72,63.44,156.16,14.64,-126.88,107.36,-263.52,-522.16,-317.2,-141.52,-14.64,-29.28
-82.96,63.44,146.4,9.76,-117.12,102.48,-185.44,-434.32,-258.64,-122,-4.88,-34.16
-73.2,53.68,126.88,9.76,-102.48,87.84,-107.36,-356.24,-195.2,-82.96,14.64,-24.4
-102.48,24.4,126.88,39.04,-117.12,73.2,-63.44,-287.92,-151.28,-48.8,24.4,-24.4
-122,-9.76,112.24,68.32,-117.12,48.8,-24.4,-229.36,-107.36,-24.4,34.16,-24.4
-87.84,-24.4,63.44,58.56,-78.08,19.52,0,-170.8,-78.08,4.88,53.68,-24.4
-68.32,-34.16,34.16,53.68,-53.68,0,14.64,-141.52,-63.44,14.64,63.44,-39.04
-82.96,-48.8,34.16,68.32,-58.56,-9.76,19.52,-122,-58.56,14.64,48.8,-48.8
-68.32,-39.04,29.28,53.68,-48.8,-4.88,43.92,-87.84,-48.8,9.76,48.8,-39.04
-58.56,-19.52,39.04,39.04,-48.8,9.76,63.44,-68.32,-39.04,0,34.16,-53.68
-58.56,-19.52,39.04,39.04,-48.8,9.76,68.32,-58.56,-39.04,-4.88,29.28,-63.44
-58.56,-29.28,29.28,43.92,-43.92,0,78.08,-53.68,-39.04,-4.88,29.28,-68.32
-73.2,-29.28,43.92,53.68,-58.56,4.88,87.84,-48.8,-34.16,-4.88,24.4,-68.32
-82.96,-39.04,43.92,63.44,-63.44,0,87.84,-48.8,-39.04,4.88,34.16,-63.44
-87.84,-48.8,39.04,68.32,-63.44,-4.88,87.84,-48.8,-34.16,4.88,34.16,-63.44
-97.6,-53.68,43.92,78.08,-73.2,-4.88,82.96,-39.04,-24.4,4.88,34.16,-68.32
-97.6,-58.56,39.04,78.08,-68.32,-9.76,82.96,-34.16,-9.76,14.64,34.16,-68.32
-73.2,-58.56,14.64,68.32,-43.92,-24.4,87.84,-19.52,-9.76,19.52,39.04,-63.44
-73.2,-58.56,14.64,68.32,-43.92,-24.4,87.84,-4.88,-4.88,24.4,39.04,-58.56
-63.44,-58.56,4.88,63.44,-34.16,-29.28,92.72,4.88,-4.88,24.4,43.92,-58.56
-58.56,-53.68,4.88,58.56,-34.16,-24.4,102.48,9.76,-4.88,24.4,43.92,-58.56
-68.32,-53.68,14.64,63.44,-43.92,-19.52,107.36,4.88,4.88,14.64,29.28,-53.68
-87.84,-53.68,34.16,73.2,-63.44,-9.76,107.36,9.76,4.88,14.64,29.28,-53.68
-87.84,-53.68,34.16,73.2,-63.44,-9.76,107.36,9.76,9.76,24.4,34.16,-58.56
-87.84,-53.68,34.16,73.2,-63.44,-9.76,112.24,9.76,19.52,24.4,39.04,-63.44
-87.84,-53.68,34.16,73.2,-63.44,-9.76,102.48,9.76,19.52,14.64,39.04,-73.2
-87.84,-48.8,39.04,68.32,-63.44,-4.88,102.48,14.64,14.64,14.64,39.04,-68.32
-78.08,-43.92,34.16,63.44,-58.56,-4.88,102.48,24.4,9.76,24.4,39.04,-68.32
-73.2,-43.92,29.28,58.56,-53.68,-9.76,102.48,29.28,4.88,34.16,39.04,-68.32
-68.32,-39.04,29.28,53.68,-48.8,-4.88,112.24,43.92,19.52,24.4,39.04,-63.44
-68.32,-39.04,29.28,53.68,-48.8,-4.88,117.12,48.8,19.52,34.16,43.92,-63.44
-73.2,-39.04,34.16,58.56,-53.68,-4.88,117.12,48.8,24.4,34.16,43.92,-63.44
-73.2,-39.04,34.16,58.56,-53.68,-4.88,117.12,48.8,24.4,29.28,39.04,-68.32
-63.44,-48.8,14.64,58.56,-39.04,-19.52,117.12,43.92,14.64,29.28,39.04,-63.44
-68.32,-43.92,24.4,58.56,-48.8,-9.76,117.12,43.92,19.52,34.16,39.04,-63.44
-68.32,-43.92,24.4,58.56,-48.8,-9.76,112.24,53.68,19.52,34.16,43.92,-58.56
-68.32,-43.92,24.4,58.56,-48.8,-9.76,107.36,53.68,29.28,34.16,48.8,-53.68
-48.8,-34.16,14.64,43.92,-34.16,-9.76,107.36,53.68,29.28,34.16,39.04,-58.56
-48.8,-34.16,14.64,43.92,-34.16,-9.76,107.36,63.44,39.04,34.16,43.92,-48.8
-48.8,-29.28,19.52,39.04,-34.16,-4.88,107.36,68.32,48.8,43.92,43.92,-48.8
-43.92,-29.28,14.64,39.04,-29.28,-9.76,107.36,73.2,48.8,48.8,43.92,-48.8
-39.04,-34.16,4.88,39.04,-24.4,-14.64,117.12,87.84,58.56,53.68,53.68,-43.92
-58.56,-34.16,24.4,48.8,-43.92,-4.88,122,92.72,68.32,58.56,58.56,-34.16
-63.44,-34.16,29.28,48.8,-48.8,-4.88,122,92.72,73.2,63.44,58.56,-43.92
-68.32,-34.16,34.16,53.68,-53.68,0,122,92.72,78.08,73.2,63.44,-43.92
-58.56,-34.16,24.4,48.8,-43.92,-4.88,112.24,102.48,73.2,68.32,68.32,-34.16
-58.56,-34.16,24.4,48.8,-43.92,-4.88,112.24,107.36,73.2,73.2,73.2,-34.16
-48.8,-29.28,19.52,39.04,-34.16,-4.88,112.24,112.24,73.2,73.2,73.2,-29.28
-43.92,-29.28,14.64,39.04,-29.28,-9.76,112.24,117.12,78.08,78.08,73.2,-29.28
-43.92,-29.28,14.64,39.04,-29.28,-9.76,122,122,78.08,73.2,73.2,-24.4
-39.04,-29.28,9.76,34.16,-24.4,-9.76,126.88,126.88,87.84,73.2,78.08,-19.52
-39.04,-29.28,9.76,34.16,-24.4,-9.76,126.88,131.76,87.84,78.08,78.08,-19.52
-43.92,-24.4,19.52,34.16,-34.16,-4.88,126.88,131.76,87.84,82.96,78.08,-19.52
-43.92,-24.4,19.52,34.16,-34.16,-4.88,122,141.52,97.6,92.72,78.08,-9.76
-43.92,-24.4,19.52,34.16,-34.16,-4.88,122,146.4,102.48,92.72,87.84,-9.76
-39.04,-19.52,19.52,29.28,-29.28,0,122,151.28,107.36,97.6,87.84,-9.76
-39.04,-19.52,19.52,29.28,-29.28,0,122,161.04,117.12,102.48,102.48,-4.88
-29.28,-19.52,9.76,24.4,-19.52,-4.88,122,175.68,117.12,92.72,107.36,-4.88
-39.04,-19.52,19.52,29.28,-29.28,0,126.88,180.56,122,97.6,112.24,0
-39.04,-19.52,19.52,29.28,-29.28,0,131.76,185.44,126.88,102.48,117.12,9.76
-34.16,-14.64,19.52,24.4,-29.28,0,131.76,190.32,126.88,107.36,117.12,9.76
-34.16,-4.88,29.28,19.52,-34.16,9.76,122,190.32,126.88,97.6,107.36,4.88
-29.28,-4.88,24.4,19.52,-29.28,9.76,122,195.2,136.64,107.36,107.36,4.88
-29.28,-4.88,24.4,19.52,-29.28,9.76,122,204.96,141.52,112.24,107.36,14.64
-29.28,-4.88,24.4,19.52,-29.28,9.76,122,209.84,146.4,112.24,107.36,14.64
-29.28,0,29.28,14.64,-29.28,14.64,131.76,214.72,151.28,117.12,107.36,14.64
-29.28,0,29.28,14.64,-29.28,14.64,136.64,219.6,161.04,122,117.12,14.64
-19.52,4.88,24.4,9.76,-24.4,14.64,136.64,229.36,161.04,126.88,122,19.52
-19.52,4.88,24.4,9.76,-24.4,14.64,136.64,239.12,170.8,131.76,126.88,19.52
-9.76,0,9.76,4.88,-9.76,4.88,131.76,248.88,161.04,126.88,122,24.4
-9.76,0,9.76,4.88,-9.76,4.88,131.76,258.64,170.8,136.64,122,29.28
-9.76,4.88,14.64,4.88,-14.64,9.76,136.64,268.4,180.56,136.64,131.76,34.16
0,9.76,9.76,-4.88,-4.88,9.76,141.52,278.16,190.32,146.4,136.64,34.16
-4.88,9.76,14.64,0,-9.76,9.76,141.52,297.68,204.96,161.04,141.52,24.4
-9.76,14.64,24.4,0,-19.52,19.52,146.4,307.44,214.72,170.8,151.28,29.28
-14.64,14.64,29.28,0,-24.4,19.52,151.28,317.2,224.48,180.56,161.04,39.04
-14.64,9.76,24.4,4.88,-19.52,14.64,151.28,326.96,224.48,185.44,165.92,39.04
0,19.52,19.52,-9.76,-9.76,19.52,146.4,336.72,234.24,180.56,165.92,39.04
0,29.28,29.28,-14.64,-14.64,29.28,146.4,336.72,239.12,185.44,170.8,43.92
0,29.28,29.28,-14.64,-14.64,29.28,156.16,346.48,248.88,195.2,180.56,53.68
9.76,29.28,19.52,-19.52,-4.88,24.4,165.92,356.24,253.76,200.08,180.56,53.68
9.76,29.28,19.52,-19.52,-4.88,24.4,156.16,366,263.52,209.84,195.2,53.68
9.76,34.16,24.4,-19.52,-9.76,29.28,165.92,380.64,278.16,214.72,195.2,58.56
9.76,34.16,24.4,-19.52,-9.76,29.28,165.92,400.16,287.92,229.36,204.96,63.44
14.64,34.16,19.52,-24.4,-4.88,24.4,165.92,414.8,297.68,239.12,209.84,68.32
4.88,39.04,34.16,-19.52,-14.64,34.16,175.68,419.68,307.44,234.24,209.84,73.2
14.64,39.04,24.4,-24.4,-4.88,29.28,175.68,439.2,317.2,244,209.84,78.08
19.52,43.92,24.4,-29.28,-4.88,34.16,180.56,448.96,326.96,248.88,214.72,82.96
19.52,43.92,24.4,-29.28,-4.88,34.16,180.56,463.6,336.72,258.64,214.72,92.72
24.4,63.44,39.04,-43.92,-9.76,48.8,170.8,473.36,346.48,253.76,209.84,107.36
39.04,63.44,24.4,-48.8,4.88,43.92,175.68,483.12,361.12,263.52,219.6,107.36
48.8,68.32,19.52,-58.56,14.64,43.92,180.56,497.76,370.88,273.28,234.24,112.24
53.68,73.2,19.52,-63.44,14.64,43.92,185.44,507.52,380.64,283.04,239.12,117.12
43.92,68.32,24.4,-53.68,9.76,43.92,175.68,517.28,390.4,297.68,234.24,122
53.68,73.2,19.52,-63.44,14.64,43.92,175.68,536.8,405.04,307.44,244,131.76
53.68,78.08,24.4,-63.44,14.64,48.8,175.68,541.68,414.8,317.2,244,136.64
68.32,82.96,14.64,-73.2,24.4,48.8,180.56,546.56,424.56,326.96,248.88,141.52
68.32,87.84,19.52,-78.08,24.4,53.68,190.32,561.2,434.32,326.96,248.88,151.28
63.44,97.6,34.16,-78.08,14.64,63.44,190.32,570.96,439.2,336.72,263.52,156.16
63.44,102.48,39.04,-82.96,9.76,68.32,190.32,580.72,439.2,341.6,273.28,161.04
78.08,107.36,29.28,-92.72,24.4,68.32,195.2,595.36,444.08,351.36,287.92,175.68
82.96,112.24,29.28,-97.6,24.4,68.32,195.2,600.24,463.6,361.12,292.8,165.92
87.84,117.12,29.28,-102.48,29.28,73.2,190.32,605.12,468.48,370.88,292.8,175.68
87.84,117.12,29.28,-102.48,29.28,73.2,190.32,610,478.24,380.64,297.68,185.44
87.84,126.88,39.04,-107.36,24.4,82.96,190.32,614.88,488,390.4,307.44,190.32
87.84,131.76,43.92,-107.36,19.52,87.84,185.44,614.88,497.76,395.28,302.56,195.2
97.6,136.64,39.04,-117.12,29.28,87.84,185.44,614.88,497.76,395.28,307.44,200.08
97.6,141.52,43.92,-117.12,24.4,92.72,185.44,614.88,507.52,400.16,322.08,200.08
97.6,141.52,43.92,-117.12,24.4,92.72,185.44,619.76,512.4,405.04,331.84,204.96
107.36,146.4,39.04,-126.88,34.16,92.72,185.44,629.52,517.28,405.04,341.6,214.72
117.12,146.4,29.28,-131.76,43.92,87.84,185.44,634.4,517.28,409.92,341.6,229.36
117.12,146.4,29.28,-131.76,43.92,87.84,185.44,634.4,517.28,414.8,346.48,229.36
102.48,146.4,43.92,-122,29.28,92.72,180.56,624.64,517.28,414.8,346.48,229.36
102.48,151.28,48.8,-126.88,24.4,97.6,180.56,634.4,517.28,429.44,351.36,229.36
107.36,161.04,53.68,-131.76,24.4,107.36,175.68,629.52,517.28,429.44,351.36,229.36
107.36,161.04,53.68,-131.76,24.4,107.36,170.8,624.64,517.28,429.44,351.36,229.36
107.36,161.04,53.68,-131.76,24.4,107.36,170.8,610,517.28,429.44,351.36,239.12
107.36,165.92,58.56,-136.64,24.4,112.24,170.8,605.12,527.04,429.44,356.24,253.76
107.36,165.92,58.56,-136.64,24.4,112.24,165.92,595.36,517.28,424.56,356.24,253.76
107.36,165.92,58.56,-136.64,24.4,112.24,161.04,575.84,512.4,414.8,356.24,253.76
107.36,165.92,58.56,-136.64,24.4,112.24,156.16,551.44,497.76,409.92,356.24,253.76
107.36,165.92,58.56,-136.64,24.4,112.24,161.04,546.56,497.76,409.92,351.36,253.76
102.48,161.04,58.56,-131.76,19.52,107.36,146.4,531.92,488,405.04,351.36,248.88
102.48,161.04,58.56,-131.76,19.52,107.36,146.4,512.4,473.36,400.16,336.72,248.88
102.48,161.04,58.56,-131.76,19.52,107.36,131.76,488,463.6,395.28,336.72,248.88
92.72,156.16,63.44,-122,14.64,107.36,126.88,458.72,444.08,370.88,336.72,239.12
87.84,151.28,63.44,-117.12,9.76,107.36,117.12,439.2,434.32,361.12,326.96,234.24
78.08,146.4,68.32,-112.24,4.88,107.36,112.24,409.92,414.8,351.36,326.96,229.36
73.2,141.52,68.32,-107.36,0,102.48,102.48,385.52,395.28,331.84,317.2,224.48
73.2,141.52,68.32,-107.36,0,102.48,92.72,366,380.64,317.2,297.68,204.96
73.2,131.76,58.56,-102.48,4.88,92.72,82.96,331.84,361.12,302.56,278.16,195.2
73.2,122,48.8,-97.6,9.76,82.96,73.2,312.32,336.72,283.04,258.64,185.44
68.32,122,53.68,-92.72,4.88,87.84,63.44,278.16,302.56,253.76,244,165.92
43.92,112.24,68.32,-78.08,-14.64,87.84,73.2,258.64,287.92,253.76,244,170.8
39.04,102.48,63.44,-68.32,-14.64,82.96,73.2,234.24,273.28,234.24,234.24,156.16
24.4,87.84,63.44,-53.68,-19.52,73.2,58.56,209.84,258.64,219.6,219.6,146.4
19.52,82.96,63.44,-48.8,-24.4,73.2,53.68,200.08,244,204.96,209.84,136.64
19.52,73.2,53.68,-43.92,-19.52,63.44,39.04,170.8,229.36,175.68,190.32,131.76
9.76,68.32,58.56,-39.04,-24.4,63.44,34.16,146.4,204.96,161.04,170.8,112.24
0,53.68,53.68,-24.4,-29.28,53.68,29.28,131.76,185.44,141.52,151.28,97.6
-9.76,48.8,58.56,-19.52,-34.16,53.68,24.4,107.36,165.92,122,126.88,92.72
-14.64,34.16,48.8,-9.76,-34.16,39.04,29.28,92.72,156.16,112.24,122,82.96
-19.52,29.28,48.8,-4.88,-34.16,39.04,24.4,78.08,141.52,97.6,107.36,73.2
-19.52,24.4,43.92,0,-34.16,34.16,19.52,58.56,122,82.96,92.72,63.44
-29.28,9.76,39.04,9.76,-34.16,24.4,19.52,48.8,112.24,73.2,87.84,53.68
-39.04,4.88,43.92,19.52,-43.92,24.4,19.52,29.28,102.48,48.8,68.32,48.8
-39.04,0,39.04,19.52,-39.04,19.52,14.64,19.52,87.84,39.04,53.68,43.92
-39.04,-4.88,34.16,24.4,-39.04,14.64,14.64,9.76,73.2,24.4,58.56,43.92
-48.8,-9.76,39.04,29.28,-43.92,14.64,14.64,-4.88,63.44,19.52,53.68,34.16
-48.8,-14.64,34.16,34.16,-43.92,9.76,4.88,0,53.68,4.88,34.16,19.52
-58.56,-14.64,43.92,39.04,-53.68,14.64,4.88,-14.64,43.92,-4.88,24.4,19.52
-63.44,-19.52,43.92,43.92,-53.68,9.76,0,-24.4,34.16,-14.64,24.4,14.64
-63.44,-19.52,43.92,43.92,-53.68,9.76,0,-24.4,29.28,-24.4,9.76,4.88
-63.44,-34.16,29.28,48.8,-48.8,-4.88,4.88,-34.16,24.4,-43.92,14.64,0
-63.44,-39.04,24.4,53.68,-43.92,-9.76,9.76,-43.92,19.52,-43.92,9.76,-4.88
-63.44,-48.8,14.64,58.56,-39.04,-19.52,9.76,-48.8,4.88,-53.68,0,-9.76
-63.44,-53.68,9.76,58.56,-39.04,-24.4,14.64,-63.44,-4.88,-53.68,0,-9.76
-63.44,-53.68,9.76,58.56,-39.04,-24.4,9.76,-63.44,-4.88,-58.56,-4.88,-19.52
-63.44,-48.8,14.64,58.56,-39.04,-19.52,9.76,-58.56,-9.76,-63.44,-14.64,-19.52
-73.2,-48.8,24.4,63.44,-48.8,-14.64,14.64,-58.56,-14.64,-68.32,-19.52,-24.4
-73.2,-53.68,19.52,63.44,-48.8,-19.52,9.76,-63.44,-14.64,-73.2,-24.4,-29.28
-63.44,-53.68,9.76,58.56,-39.04,-24.4,0,-73.2,-19.52,-87.84,-34.16,-29.28
-68.32,-58.56,9.76,63.44,-39.04,-24.4,0,-78.08,-24.4,-92.72,-34.16,-29.28
-68.32,-58.56,9.76,63.44,-39.04,-24.4,0,-78.08,-29.28,-97.6,-34.16,-34.16
-68.32,-58.56,9.76,63.44,-39.04,-24.4,0,-82.96,-43.92,-97.6,-43.92,-34.16
-82.96,-58.56,24.4,73.2,-53.68,-19.52,0,-73.2,-39.04,-92.72,-48.8,-29.28
-82.96,-58.56,24.4,73.2,-53.68,-19.52,4.88,-73.2,-34.16,-92.72,-43.92,-24.4
-78.08,-58.56,19.52,68.32,-48.8,-19.52,4.88,-73.2,-29.28,-87.84,-34.16,-19.52
-78.08,-58.56,19.52,68.32,-48.8,-19.52,4.88,-73.2,-34.16,-87.84,-34.16,-19.52
-68.32,-63.44,4.88,68.32,-39.04,-29.28,-4.88,-82.96,-39.04,-107.36,-39.04,-24.4
-68.32,-63.44,4.88,68.32,-39.04,-29.28,-4.88,-87.84,-43.92,-107.36,-39.04,-29.28
-68.32,-63.44,4.88,68.32,-39.04,-29.28,-4.88,-87.84,-48.8,-107.36,-39.04,-34.16
-73.2,-63.44,9.76,68.32,-43.92,-29.28,-4.88,-87.84,-53.68,-112.24,-39.04,-39.04
-73.2,-58.56,14.64,68.32,-43.92,-24.4,4.88,-78.08,-43.92,-107.36,-39.04,-39.04
-63.44,-58.56,4.88,63.44,-34.16,-29.28,4.88,-78.08,-43.92,-107.36,-43.92,-39.04
-78.08,-58.56,19.52,68.32,-48.8,-19.52,4.88,-82.96,-43.92,-107.36,-53.68,-39.04
-78.08,-58.56,19.52,68.32,-48.8,-19.52,4.88,-82.96,-43.92,-107.36,-43.92,-39.04
-78.08,-68.32,9.76,73.2,-43.92,-29.28,-4.88,-78.08,-43.92,-117.12,-53.68,-39.04
-78.08,-68.32,9.76,73.2,-43.92,-29.28,0,-78.08,-48.8,-112.24,-58.56,-39.04
-78.08,-68.32,9.76,73.2,-43.92,-29.28,0,-78.08,-48.8,-112.24,-68.32,-39.04
-82.96,-68.32,14.64,78.08,-48.8,-29.28,-4.88,-73.2,-48.8,-112.24,-73.2,-39.04
-82.96,-68.32,14.64,78.08,-48.8,-29.28,4.88,-73.2,-48.8,-122,-68.32,-29.28
-82.96,-68.32,14.64,78.08,-48.8,-29.28,4.88,-73.2,-48.8,-122,-63.44,-29.28
-82.96,-68.32,14.64,78.08,-48.8,-29.28,4.88,-73.2,-48.8,-126.88,-63.44,-29.28
-82.96,-68.32,14.64,78.08,-48.8,-29.28,4.88,-82.96,-43.92,-126.88,-58.56,-29.28
-82.96,-78.08,4.88,82.96,-43.92,-39.04,4.88,-92.72,-53.68,-117.12,-58.56,-34.16
-87.84,-73.2,14.64,82.96,-53.68,-29.28,4.88,-87.84,-53.68,-117.12,-58.56,-34.16
-87.84,-73.2,14.64,82.96,-53.68,-29.28,9.76,-78.08,-53.68,-122,-63.44,-34.16
-87.84,-73.2,14.64,82.96,-53.68,-29.28,9.76,-78.08,-53.68,-122,-63.44,-34.16
-78.08,-78.08,0,78.08,-39.04,-39.04,4.88,-82.96,-48.8,-126.88,-73.2,-43.92
-73.2,-78.08,-4.88,78.08,-34.16,-43.92,4.88,-82.96,-48.8,-126.88,-73.2,-43.92
-73.2,-78.08,-4.88,78.08,-34.16,-43.92,4.88,-78.08,-48.8,-126.88,-63.44,-43.92
-82.96,-78.08,4.88,82.96,-43.92,-39.04,0,-78.08,-48.8,-126.88,-63.44,-43.92
-82.96,-78.08,4.88,82.96,-43.92,-39.04,9.76,-73.2,-39.04,-122,-58.56,-43.92
-82.96,-78.08,4.88,82.96,-43.92,-39.04,9.76,-73.2,-39.04,-122,-58.56,-43.92
-82.96,-68.32,14.64,78.08,-48.8,-29.28,9.76,-68.32,-39.04,-122,-58.56,-39.04
-82.96,-68.32,14.64,78.08,-48.8,-29.28,9.76,-68.32,-39.04,-122,-58.56,-39.04
-68.32,-63.44,4.88,68.32,-39.04,-29.28,0,-78.08,-43.92,-126.88,-58.56,-39.04
-78.08,-63.44,14.64,73.2,-48.8,-24.4,0,-78.08,-43.92,-122,-58.56,-39.04
-87.84,-63.44,24.4,78.08,-58.56,-19.52,0,-78.08,-43.92,-122,-58.56,-39.04
-78.08,-58.56,19.52,68.32,-48.8,-19.52,4.88,-78.08,-43.92,-126.88,-58.56,-39.04
-87.84,-58.56,29.28,73.2,-58.56,-14.64,4.88,-68.32,-43.92,-131.76,-53.68,-39.04
-87.84,-58.56,29.28,73.2,-58.56,-14.64,4.88,-63.44,-43.92,-126.88,-53.68,-39.04
-87.84,-58.56,29.28,73.2,-58.56,-14.64,4.88,-63.44,-43.92,-131.76,-48.8,-39.04
-87.84,-63.44,24.4,78.08,-58.56,-19.52,4.88,-58.56,-43.92,-141.52,-48.8,-34.16
-82.96,-73.2,9.76,78.08,-48.8,-34.16,4.88,-58.56,-43.92,-141.52,-48.8,-34.16
-87.84,-73.2,14.64,82.96,-53.68,-29.28,0,-58.56,-43.92,-141.52,-48.8,-34.16
-73.2,-68.32,4.88,73.2,-39.04,-34.16,0,-58.56,-43.92,-136.64,-48.8,-24.4
-58.56,-68.32,-9.76,63.44,-24.4,-39.04,0,-58.56,-43.92,-126.88,-53.68,-34.16
-68.32,-68.32,0,68.32,-34.16,-34.16,0,-58.56,-43.92,-126.88,-43.92,-24.4
-68.32,-68.32,0,68.32,-34.16,-34.16,0,-58.56,-39.04,-126.88,-43.92,-24.4
-63.44,-68.32,-4.88,68.32,-29.28,-39.04,0,-58.56,-39.04,-126.88,-43.92,-24.4
-63.44,-63.44,0,63.44,-34.16,-34.16,0,-58.56,-39.04,-126.88,-48.8,-24.4
-63.44,-63.44,0,63.44,-34.16,-34.16,0,-58.56,-39.04,-126.88,-58.56,-29.28
-68.32,-63.44,4.88,68.32,-39.04,-29.28,4.88,-53.68,-34.16,-126.88,-48.8,-29.28
-68.32,-63.44,4.88,68.32,-39.04,-29.28,4.88,-53.68,-34.16,-122,-48.8,-29.28
-58.56,-63.44,-4.88,63.44,-29.28,-34.16,0,-53.68,-34.16,-117.12,-53.68,-29.28
-58.56,-58.56,0,58.56,-29.28,-29.28,0,-63.44,-43.92,-126.88,-53.68,-19.52
-63.44,-58.56,4.88,63.44,-34.16,-29.28,0,-63.44,-43.92,-126.88,-48.8,-19.52
-78.08,-58.56,19.52,68.32,-48.8,-19.52,0,-63.44,-43.92,-126.88,-48.8,-19.52
-82.96,-63.44,19.52,73.2,-53.68,-24.4,-4.88,-63.44,-43.92,-131.76,-48.8,-19.52
-68.32,-53.68,14.64,63.44,-43.92,-19.52,-14.64,-63.44,-48.8,-131.76,-48.8,-19.52
-63.44,-53.68,9.76,58.56,-39.04,-24.4,-14.64,-63.44,-48.8,-131.76,-48.8,-19.52
-58.56,-53.68,4.88,58.56,-34.16,-24.4,-9.76,-63.44,-48.8,-126.88,-48.8,-14.64
-53.68,-53.68,0,53.68,-29.28,-29.28,-9.76,-53.68,-39.04,-126.88,-48.8,-14.64
-53.68,-53.68,0,53.68,-29.28,-29.28,-9.76,-63.44,-29.28,-117.12,-39.04,-14.64
-53.68,-53.68,0,53.68,-29.28,-29.28,-9.76,-58.56,-29.28,-117.12,-39.04,-14.64
-53.68,-53.68,0,53.68,-29.28,-29.28,-9.76,-48.8,-29.28,-117.12,-39.04,-14.64
-53.68,-53.68,0,53.68,-29.28,-29.28,-9.76,-43.92,-29.28,-117.12,-39.04,-14.64
-43.92,-63.44,-19.52,53.68,-14.64,-43.92,-9.76,-43.92,-39.04,-126.88,-48.8,-14.64
-43.92,-63.44,-19.52,53.68,-14.64,-43.92,-14.64,-48.8,-43.92,-126.88,-43.92,-14.64
-24.4,-63.44,-39.04,43.92,4.88,-53.68,-14.64,-48.8,-43.92,-126.88,-39.04,-14.64
-43.92,-63.44,-19.52,53.68,-14.64,-43.92,-19.52,-48.8,-43.92,-126.88,-39.04,-14.64
-48.8,-63.44,-14.64,58.56,-19.52,-39.04,-9.76,-53.68,-43.92,-126.88,-43.92,-9.76
-43.92,-63.44,-19.52,53.68,-14.64,-43.92,-9.76,-53.68,-43.92,-122,-39.04,-9.76
-48.8,-63.44,-14.64,58.56,-19.52,-39.04,-9.76,-53.68,-43.92,-122,-39.04,-9.76
-53.68,-63.44,-9.76,58.56,-24.4,-39.04,-9.76,-53.68,-43.92,-122,-39.04,-9.76
-58.56,-63.44,-4.88,63.44,-29.28,-34.16,-9.76,-48.8,-43.92,-112.24,-39.04,-9.76
-58.56,-63.44,-4.88,63.44,-29.28,-34.16,-14.64,-48.8,-43.92,-117.12,-43.92,-14.64
-58.56,-63.44,-4.88,63.44,-29.28,-34.16,-14.64,-48.8,-43.92,-117.12,-43.92,-14.64
-58.56,-63.44,-4.88,63.44,-29.28,-34.16,-9.76,-53.68,-48.8,-117.12,-43.92,-14.64
-58.56,-58.56,0,58.56,-29.28,-29.28,-14.64,-53.68,-48.8,-126.88,-39.04,-14.64
-63.44,-58.56,4.88,63.44,-34.16,-29.28,-14.64,-58.56,-48.8,-126.88,-43.92,-19.52
-73.2,-63.44,9.76,68.32,-43.92,-29.28,-14.64,-58.56,-48.8,-122,-58.56,-19.52
-63.44,-68.32,-4.88,68.32,-29.28,-39.04,-14.64,-63.44,-58.56,-122,-63.44,-19.52
-63.44,-68.32,-4.88,68.32,-29.28,-39.04,-4.88,-63.44,-48.8,-117.12,-53.68,-19.52
-68.32,-68.32,0,68.32,-34.16,-34.16,-4.88,-58.56,-43.92,-117.12,-53.68,-19.52
-68.32,-63.44,4.88,68.32,-39.04,-29.28,-4.88,-58.56,-39.04,-117.12,-53.68,-19.52
-63.44,-63.44,0,63.44,-34.16,-34.16,-4.88,-58.56,-39.04,-117.12,-48.8,-19.52
-53.68,-68.32,-14.64,63.44,-19.52,-43.92,-4.88,-58.56,-58.56,-126.88,-43.92,-24.4
-43.92,-68.32,-24.4,58.56,-9.76,-48.8,-4.88,-63.44,-58.56,-126.88,-43.92,-24.4
-53.68,-68.32,-14.64,63.44,-19.52,-43.92,-4.88,-63.44,-58.56,-126.88,-53.68,-19.52
-58.56,-68.32,-9.76,63.44,-24.4,-39.04,-4.88,-63.44,-58.56,-126.88,-53.68,-19.52
-58.56,-73.2,-14.64,68.32,-24.4,-43.92,-14.64,-63.44,-63.44,-131.76,-58.56,-19.52
-48.8,-73.2,-24.4,63.44,-14.64,-48.8,-14.64,-73.2,-68.32,-131.76,-58.56,-19.52
-48.8,-73.2,-24.4,63.44,-14.64,-48.8,-14.64,-73.2,-68.32,-136.64,-58.56,-24.4
-48.8,-73.2,-24.4,63.44,-14.64,-48.8,-14.64,-73.2,-68.32,-136.64,-58.56,-24.4
-58.56,-73.2,-14.64,68.32,-24.4,-43.92,-4.88,-63.44,-58.56,-131.76,-53.68,-14.64
-63.44,-73.2,-9.76,68.32,-29.28,-43.92,-4.88,-63.44,-58.56,-122,-48.8,-19.52
-63.44,-73.2,-9.76,68.32,-29.28,-43.92,-4.88,-63.44,-58.56,-117.12,-48.8,-19.52
-53.68,-73.2,-19.52,63.44,-19.52,-48.8,-4.88,-68.32,-58.56,-117.12,-53.68,-19.52
-53.68,-78.08,-24.4,68.32,-14.64,-53.68,-14.64,-78.08,-73.2,-122,-68.32,-19.52
-63.44,-78.08,-14.64,73.2,-24.4,-48.8,-14.64,-78.08,-73.2,-126.88,-73.2,-19.52
-63.44,-78.08,-14.64,73.2,-24.4,-48.8,-14.64,-78.08,-78.08,-131.76,-73.2,-14.64
-58.56,-78.08,-19.52,68.32,-19.52,-48.8,-14.64,-78.08,-78.08,-136.64,-73.2,-14.64
-53.68,-73.2,-19.52,63.44,-19.52,-48.8,-14.64,-78.08,-78.08,-141.52,-63.44,-29.28
-53.68,-73.2,-19.52,63.44,-19.52,-48.8,-14.64,-78.08,-78.08,-141.52,-63.44,-29.28
-63.44,-73.2,-9.76,68.32,-29.28,-43.92,-14.64,-78.08,-82.96,-141.52,-63.44,-29.28
-68.32,-73.2,-4.88,73.2,-34.16,-39.04,-14.64,-78.08,-87.84,-141.52,-63.44,-29.28
-63.44,-78.08,-14.64,73.2,-24.4,-48.8,-9.76,-82.96,-78.08,-131.76,-73.2,-39.04
-58.56,-78.08,-19.52,68.32,-19.52,-48.8,-9.76,-82.96,-82.96,-131.76,-78.08,-39.04
-53.68,-78.08,-24.4,68.32,-14.64,-53.68,-14.64,-82.96,-82.96,-131.76,-78.08,-39.04
-43.92,-78.08,-34.16,63.44,-4.88,-58.56,-14.64,-82.96,-78.08,-136.64,-78.08,-39.04
-53.68,-78.08,-24.4,68.32,-14.64,-53.68,-4.88,-73.2,-87.84,-136.64,-68.32,-29.28
-53.68,-78.08,-24.4,68.32,-14.64,-53.68,-4.88,-78.08,-92.72,-136.64,-68.32,-24.4
-53.68,-78.08,-24.4,68.32,-14.64,-53.68,-4.88,-78.08,-92.72,-136.64,-68.32,-24.4
-48.8,-78.08,-29.28,63.44,-9.76,-53.68,0,-78.08,-92.72,-136.64,-68.32,-24.4
-58.56,-82.96,-24.4,73.2,-19.52,-53.68,0,-78.08,-92.72,-136.64,-68.32,-29.28
-58.56,-82.96,-24.4,73.2,-19.52,-53.68,0,-78.08,-92.72,-141.52,-73.2,-29.28
-58.56,-82.96,-24.4,73.2,-19.52,-53.68,-4.88,-78.08,-97.6,-141.52,-78.08,-29.28
-63.44,-78.08,-14.64,73.2,-24.4,-48.8,-4.88,-78.08,-97.6,-141.52,-82.96,-29.28
-53.68,-68.32,-14.64,63.44,-19.52,-43.92,-4.88,-78.08,-97.6,-141.52,-82.96,-29.28
-53.68,-68.32,-14.64,63.44,-19.52,-43.92,-4.88,-82.96,-97.6,-141.52,-82.96,-29.28
-53.68,-68.32,-14.64,63.44,-19.52,-43.92,-4.88,-82.96,-97.6,-136.64,-82.96,-34.16
-53.68,-68.32,-14.64,63.44,-19.52,-43.92,0,-82.96,-97.6,-136.64,-82.96,-34.16
-43.92,-78.08,-34.16,63.44,-4.88,-58.56,-9.76,-82.96,-97.6,-136.64,-73.2,-34.16
-48.8,-78.08,-29.28,63.44,-9.76,-53.68,-9.76,-82.96,-97.6,-136.64,-78.08,-34.16
-48.8,-78.08,-29.28,63.44,-9.76,-53.68,-9.76,-78.08,-97.6,-141.52,-78.08,-34.16
-39.04,-78.08,-39.04,58.56,0,-58.56,-9.76,-78.08,-97.6,-141.52,-78.08,-34.16
-39.04,-82.96,-43.92,63.44,0,-63.44,0,-82.96,-107.36,-151.28,-82.96,-34.16
-43.92,-82.96,-39.04,63.44,-4.88,-63.44,0,-82.96,-107.36,-151.28,-82.96,-34.16
-43.92,-82.96,-39.04,63.44,-4.88,-63.44,0,-78.08,-107.36,-151.28,-87.84,-39.04
-48.8,-78.08,-29.28,63.44,-9.76,-53.68,0,-78.08,-107.36,-156.16,-97.6,-39.04
-58.56,-78.08,-19.52,68.32,-19.52,-48.8,-9.76,-73.2,-107.36,-146.4,-92.72,-34.16
-58.56,-78.08,-19.52,68.32,-19.52,-48.8,-9.76,-73.2,-107.36,-146.4,-92.72,-34.16
-53.68,-82.96,-29.28,68.32,-14.64,-58.56,-9.76,-78.08,-107.36,-146.4,-87.84,-34.16
-53.68,-82.96,-29.28,68.32,-14.64,-58.56,-9.76,-78.08,-102.48,-146.4,-82.96,-34.16
-53.68,-82.96,-29.28,68.32,-14.64,-58.56,-9.76,-73.2,-102.48,-136.64,-82.96,-34.16
-53.68,-82.96,-29.28,68.32,-14.64,-58.56,-9.76,-73.2,-102.48,-136.64,-82.96,-29.28
-53.68,-82.96,-29.28,68.32,-14.64,-58.56,-9.76,-73.2,-102.48,-136.64,-78.08,-29.28
-53.68,-82.96,-29.28,68.32,-14.64,-58.56,-9.76,-73.2,-102.48,-126.88,-78.08,-34.16
-43.92,-82.96,-39.04,63.44,-4.88,-63.44,0,-73.2,-107.36,-136.64,-78.08,-34.16
-48.8,-82.96,-34.16,68.32,-9.76,-58.56,0,-73.2,-107.36,-136.64,-78.08,-34.16
-48.8,-82.96,-34.16,68.32,-9.76,-58.56,0,-73.2,-112.24,-136.64,-78.08,-34.16
-43.92,-78.08,-34.16,63.44,-4.88,-58.56,0,-78.08,-112.24,-136.64,-82.96,-34.16
-43.92,-78.08,-34.16,63.44,-4.88,-58.56,0,-78.08,-112.24,-136.64,-92.72,-34.16
-53.68,-82.96,-29.28,68.32,-14.64,-58.56,0,-73.2,-112.24,-131.76,-87.84,-34.16
-53.68,-87.84,-34.16,73.2,-9.76,-63.44,4.88,-73.2,-112.24,-131.76,-87.84,-34.16
-48.8,-87.84,-39.04,68.32,-4.88,-63.44,4.88,-73.2,-112.24,-136.64,-92.72,-39.04
-48.8,-82.96,-34.16,68.32,-9.76,-58.56,4.88,-73.2,-112.24,-136.64,-82.96,-29.28
-39.04,-82.96,-43.92,63.44,0,-63.44,0,-73.2,-117.12,-136.64,-82.96,-24.4
-39.04,-82.96,-43.92,63.44,0,-63.44,0,-73.2,-117.12,-141.52,-87.84,-24.4
-43.92,-82.96,-39.04,63.44,-4.88,-63.44,0,-73.2,-117.12,-141.52,-87.84,-29.28
-34.16,-82.96,-48.8,58.56,4.88,-68.32,-4.88,-73.2,-117.12,-141.52,-97.6,-29.28
-34.16,-82.96,-48.8,58.56,4.88,-68.32,-4.88,-73.2,-122,-141.52,-97.6,-29.28
-53.68,-82.96,-29.28,68.32,-14.64,-58.56,-4.88,-78.08,-126.88,-141.52,-97.6,-29.28
-39.04,-82.96,-43.92,63.44,0,-63.44,-4.88,-78.08,-126.88,-141.52,-92.72,-29.28
-43.92,-82.96,-39.04,63.44,-4.88,-63.44,0,-73.2,-126.88,-141.52,-92.72,-29.28
-43.92,-82.96,-39.04,63.44,-4.88,-63.44,0,-73.2,-126.88,-141.52,-92.72,-29.28
-43.92,-82.96,-39.04,63.44,-4.88,-63.44,0,-73.2,-122,-146.4,-92.72,-39.04
-34.16,-87.84,-53.68,63.44,9.76,-73.2,0,-73.2,-117.12,-146.4,-92.72,-29.28
-39.04,-82.96,-43.92,63.44,0,-63.44,0,-63.44,-112.24,-136.64,-82.96,-29.28
-43.92,-82.96,-39.04,63.44,-4.88,-63.44,0,-68.32,-112.24,-136.64,-92.72,-29.28
-48.8,-82.96,-34.16,68.32,-9.76,-58.56,0,-68.32,-112.24,-136.64,-97.6,-29.28
-53.68,-82.96,-29.28,68.32,-14.64,-58.56,0,-68.32,-117.12,-136.64,-102.48,-29.28
-53.68,-73.2,-19.52,63.44,-19.52,-48.8,0,-68.32,-117.12,-136.64,-92.72,-34.16
-48.8,-82.96,-34.16,68.32,-9.76,-58.56,0,-68.32,-117.12,-136.64,-92.72,-34.16
-48.8,-73.2,-24.4,63.44,-14.64,-48.8,0,-68.32,-117.12,-136.64,-87.84,-34.16
-53.68,-73.2,-19.52,63.44,-19.52,-48.8,0,-68.32,-117.12,-136.64,-82.96,-34.16
-43.92,-73.2,-29.28,58.56,-9.76,-53.68,9.76,-58.56,-117.12,-136.64,-92.72,-34.16
-43.92,-73.2,-29.28,58.56,-9.76,-53.68,9.76,-58.56,-117.12,-136.64,-92.72,-34.16
-43.92,-73.2,-29.28,58.56,-9.76,-53.68,4.88,-58.56,-122,-141.52,-92.72,-34.16
-39.04,-73.2,-34.16,58.56,-4.88,-53.68,4.88,-58.56,-122,-141.52,-97.6,-39.04
-39.04,-73.2,-34.16,58.56,-4.88,-53.68,0,-63.44,-126.88,-141.52,-107.36,-29.28
-39.04,-73.2,-34.16,58.56,-4.88,-53.68,0,-68.32,-122,-141.52,-107.36,-29.28
-43.92,-73.2,-29.28,58.56,-9.76,-53.68,0,-73.2,-122,-141.52,-107.36,-29.28
-43.92,-73.2,-29.28,58.56,-9.76,-53.68,0,-78.08,-122,-141.52,-107.36,-24.4
-43.92,-87.84,-43.92,68.32,0,-68.32,9.76,-63.44,-122,-141.52,-102.48,-34.16
-43.92,-87.84,-43.92,68.32,0,-68.32,9.76,-63.44,-122,-141.52,-102.48,-34.16
-43.92,-87.84,-43.92,68.32,0,-68.32,9.76,-68.32,-122,-141.52,-102.48,-39.04
-43.92,-82.96,-39.04,63.44,-4.88,-63.44,9.76,-68.32,-122,-141.52,-102.48,-39.04
-39.04,-82.96,-43.92,63.44,0,-63.44,19.52,-68.32,-122,-131.76,-112.24,-29.28
-39.04,-82.96,-43.92,63.44,0,-63.44,19.52,-68.32,-122,-136.64,-112.24,-34.16
-43.92,-87.84,-43.92,68.32,0,-68.32,19.52,-68.32,-122,-136.64,-117.12,-34.16
-43.92,-87.84,-43.92,68.32,0,-68.32,19.52,-68.32,-122,-136.64,-117.12,-29.28
-34.16,-78.08,-43.92,58.56,4.88,-63.44,19.52,-58.56,-112.24,-131.76,-92.72,-29.28
-39.04,-82.96,-43.92,63.44,0,-63.44,19.52,-68.32,-122,-141.52,-102.48,-29.28
-43.92,-82.96,-39.04,63.44,-4.88,-63.44,9.76,-68.32,-126.88,-136.64,-107.36,-39.04
-48.8,-78.08,-29.28,63.44,-9.76,-53.68,19.52,-58.56,-126.88,-126.88,-97.6,-29.28
-48.8,-87.84,-39.04,68.32,-4.88,-63.44,19.52,-68.32,-126.88,-136.64,-107.36,-19.52
-48.8,-87.84,-39.04,68.32,-4.88,-63.44,19.52,-68.32,-126.88,-136.64,-107.36,-19.52
-48.8,-87.84,-39.04,68.32,-4.88,-63.44,19.52,-68.32,-126.88,-136.64,-107.36,-19.52
-48.8,-87.84,-39.04,68.32,-4.88,-63.44,19.52,-68.32,-126.88,-136.64,-107.36,-19.52
-48.8,-78.08,-29.28,63.44,-9.76,-53.68,9.76,-78.08,-136.64,-141.52,-117.12,-24.4
-48.8,-78.08,-29.28,63.44,-9.76,-53.68,9.76,-78.08,-136.64,-146.4,-117.12,-29.28
-48.8,-78.08,-29.28,63.44,-9.76,-53.68,9.76,-78.08,-136.64,-151.28,-117.12,-34.16
-48.8,-78.08,-29.28,63.44,-9.76,-53.68,9.76,-78.08,-136.64,-156.16,-117.12,-39.04
-48.8,-87.84,-39.04,68.32,-4.88,-63.44,9.76,-68.32,-136.64,-146.4,-107.36,-29.28
-48.8,-87.84,-39.04,68.32,-4.88,-63.44,9.76,-68.32,-136.64,-146.4,-107.36,-29.28
-48.8,-87.84,-39.04,68.32,-4.88,-63.44,9.76,-68.32,-136.64,-146.4,-107.36,-29.28
-48.8,-87.84,-39.04,68.32,-4.88,-63.44,9.76,-68.32,-136.64,-146.4,-107.36,-29.28
-48.8,-87.84,-39.04,68.32,-4.88,-63.44,19.52,-68.32,-131.76,-141.52,-107.36,-29.28
-48.8,-87.84,-39.04,68.32,-4.88,-63.44,19.52,-68.32,-126.88,-136.64,-107.36,-29.28
-48.8,-87.84,-39.04,68.32,-4.88,-63.44,19.52,-68.32,-122,-131.76,-107.36,-29.28
-48.8,-87.84,-39.04,68.32,-4.88,-63.44,19.52,-68.32,-117.12,-126.88,-107.36,-29.28
-39.04,-87.84,-48.8,63.44,4.88,-68.32,9.76,-68.32,-122,-131.76,-117.12,-19.52
-39.04,-87.84,-48.8,63.44,4.88,-68.32,9.76,-68.32,-126.88,-136.64,-117.12,-19.52
-39.04,-87.84,-48.8,63.44,4.88,-68.32,9.76,-68.32,-131.76,-141.52,-117.12,-19.52
-39.04,-87.84,-48.8,63.44,4.88,-68.32,9.76,-68.32,-136.64,-146.4,-117.12,-19.52
-48.8,-87.84,-39.04,68.32,-4.88,-63.44,19.52,-58.56,-126.88,-136.64,-107.36,-19.52
-48.8,-87.84,-39.04,68.32,-4.88,-63.44,19.52,-58.56,-126.88,-136.64,-107.36,-19.52
-48.8,-87.84,-39.04,68.32,-4.88,-63.44,19.52,-58.56,-126.88,-136.64,-107.36,-19.52
-48.8,-87.84,-39.04,68.32,-4.88,-63.44,19.52,-58.56,-126.88,-136.64,-107.36,-19.52
-48.8,-87.84,-39.04,68.32,-4.88,-63.44,19.52,-68.32,-126.88,-126.88,-117.12,-19.52
-48.8,-87.84,-39.04,68.32,-4.88,-63.44,19.52,-68.32,-126.88,-126.88,-117.12,-19.52
-48.8,-87.84,-39.04,68.32,-4.88,-63.44,19.52,-68.32,-126.88,-126.88,-117.12,-19.52
-48.8,-87.84,-39.04,68.32,-4.88,-63.44,19.52,-68.32,-126.88,-126.88,-117.12,-19.52
-53.68,-87.84,-34.16,73.2,-9.76,-63.44,9.76,-68.32,-136.64,-136.64,-126.88,-29.28
-58.56,-87.84,-29.28,73.2,-14.64,-58.56,9.76,-68.32,-136.64,-136.64,-126.88,-29.28
-63.44,-87.84,-24.4,78.08,-19.52,-58.56,9.76,-68.32,-136.64,-136.64,-126.88,-29.28
-68.32,-87.84,-19.52,78.08,-24.4,-53.68,9.76,-68.32,-136.64,-136.64,-126.88,-29.28
-68.32,-87.84,-19.52,78.08,-24.4,-53.68,19.52,-58.56,-136.64,-136.64,-126.88,-24.4
-68.32,-87.84,-19.52,78.08,-24.4,-53.68,19.52,-58.56,-136.64,-136.64,-126.88,-19.52
-68.32,-87.84,-19.52,78.08,-24.4,-53.68,19.52,-58.56,-136.64,-136.64,-126.88,-14.64
-68.32,-87.84,-19.52,78.08,-24.4,-53.68,19.52,-58.56,-136.64,-136.64,-126.88,-9.76
-68.32,-78.08,-9.76,73.2,-29.28,-43.92,19.52,-58.56,-136.64,-136.64,-126.88,-19.52
-68.32,-78.08,-9.76,73.2,-29.28,-43.92,19.52,-58.56,-136.64,-136.64,-126.88,-19.52
-68.32,-78.08,-9.76,73.2,-29.28,-43.92,19.52,-58.56,-136.64,-136.64,-126.88,-19.52
-68.32,-78.08,-9.76,73.2,-29.28,-43.92,19.52,-58.56,-136.64,-136.64,-126.88,-19.52
-68.32,-87.84,-19.52,78.08,-24.4,-53.68,19.52,-48.8,-126.88,-131.76,-122,-9.76
-68.32,-87.84,-19.52,78.08,-24.4,-53.68,19.52,-48.8,-126.88,-126.88,-117.12,-9.76
-68.32,-87.84,-19.52,78.08,-24.4,-53.68,19.52,-48.8,-126.88,-122,-112.24,-9.76
-68.32,-87.84,-19.52,78.08,-24.4,-53.68,19.52,-48.8,-126.88,-117.12,-107.36,-9.76
-78.08,-87.84,-9.76,82.96,-34.16,-48.8,29.28,-48.8,-136.64,-122,-112.24,-9.76
-78.08,-87.84,-9.76,82.96,-34.16,-48.8,29.28,-48.8,-136.64,-126.88,-117.12,-9.76
-78.08,-87.84,-9.76,82.96,-34.16,-48.8,29.28,-48.8,-136.64,-131.76,-122,-9.76
-78.08,-87.84,-9.76,82.96,-34.16,-48.8,29.28,-48.8,-136.64,-136.64,-126.88,-9.76
-87.84,-87.84,0,87.84,-43.92,-43.92,29.28,-48.8,-136.64,-136.64,-126.88,-9.76
-87.84,-87.84,0,87.84,-43.92,-43.92,29.28,-48.8,-136.64,-136.64,-126.88,-9.76
-87.84,-87.84,0,87.84,-43.92,-43.92,29.28,-48.8,-136.64,-136.64,-126.88,-9.76
-87.84,-87.84,0,87.84,-43.92,-43.92,29.28,-48.8,-136.64,-136.64,-126.88,-9.76
-87.84,-87.84,0,87.84,-43.92,-43.92,19.52,-39.04,-136.64,-126.88,-126.88,-9.76
-78.08,-82.96,-4.88,82.96,-39.04,-43.92,19.52,-39.04,-131.76,-126.88,-126.88,-9.76
-78.08,-82.96,-4.88,82.96,-39.04,-43.92,19.52,-34.16,-131.76,-126.88,-122,-9.76
-92.72,-82.96,9.76,87.84,-53.68,-39.04,24.4,-34.16,-131.76,-126.88,-122,-9.76
-92.72,-82.96,9.76,87.84,-53.68,-39.04,24.4,-39.04,-141.52,-136.64,-136.64,-9.76
-78.08,-82.96,-4.88,82.96,-39.04,-43.92,24.4,-39.04,-141.52,-136.64,-136.64,-9.76
-78.08,-82.96,-4.88,82.96,-39.04,-43.92,24.4,-39.04,-136.64,-136.64,-136.64,-4.88
-78.08,-82.96,-4.88,82.96,-39.04,-43.92,34.16,-34.16,-136.64,-136.64,-136.64,-4.88
-78.08,-82.96,-4.88,82.96,-39.04,-43.92,43.92,-24.4,-126.88,-126.88,-126.88,4.88
-78.08,-82.96,-4.88,82.96,-39.04,-43.92,48.8,-14.64,-122,-122,-122,4.88
-78.08,-78.08,0,78.08,-39.04,-39.04,53.68,-14.64,-122,-122,-122,4.88
-73.2,-78.08,-4.88,78.08,-34.16,-43.92,53.68,-14.64,-122,-117.12,-117.12,4.88
-73.2,-73.2,0,73.2,-39.04,-39.04,43.92,-4.88,-122,-117.12,-117.12,9.76
-73.2,-68.32,4.88,73.2,-39.04,-34.16,53.68,0,-117.12,-112.24,-107.36,9.76
-73.2,-58.56,14.64,68.32,-43.92,-24.4,53.68,0,-112.24,-102.48,-102.48,14.64
-68.32,-53.68,14.64,63.44,-43.92,-19.52,53.68,9.76,-102.48,-97.6,-102.48,14.64
-78.08,-43.92,34.16,63.44,-58.56,-4.88,63.44,14.64,-97.6,-92.72,-102.48,14.64
-68.32,-39.04,29.28,53.68,-48.8,-4.88,63.44,19.52,-92.72,-92.72,-97.6,14.64
-63.44,-34.16,29.28,48.8,-48.8,-4.88,63.44,19.52,-92.72,-92.72,-97.6,14.64
-63.44,-29.28,34.16,48.8,-48.8,0,68.32,19.52,-92.72,-92.72,-87.84,14.64
-63.44,-29.28,34.16,48.8,-48.8,0,73.2,29.28,-87.84,-87.84,-92.72,14.64
-63.44,-24.4,39.04,43.92,-53.68,4.88,78.08,34.16,-82.96,-78.08,-92.72,24.4
-63.44,-19.52,43.92,43.92,-53.68,9.76,78.08,34.16,-82.96,-78.08,-92.72,24.4
-48.8,-14.64,34.16,34.16,-43.92,9.76,78.08,34.16,-82.96,-78.08,-92.72,24.4
-48.8,-9.76,39.04,29.28,-43.92,14.64,87.84,34.16,-73.2,-73.2,-78.08,34.16
-48.8,0,48.8,24.4,-48.8,24.4,82.96,43.92,-63.44,-63.44,-73.2,43.92
-58.56,0,58.56,29.28,-58.56,29.28,78.08,43.92,-63.44,-63.44,-73.2,43.92
-48.8,0,48.8,24.4,-48.8,24.4,73.2,34.16,-63.44,-63.44,-73.2,43.92
-48.8,9.76,58.56,19.52,-53.68,34.16,48.8,19.52,-73.2,-63.44,-78.08,29.28
-48.8,9.76,58.56,19.52,-53.68,34.16,29.28,9.76,-87.84,-68.32,-82.96,29.28
-48.8,19.52,68.32,14.64,-58.56,43.92,14.64,4.88,-87.84,-68.32,-82.96,29.28
-43.92,29.28,73.2,9.76,-58.56,48.8,14.64,4.88,-82.96,-68.32,-78.08,34.16
-29.28,39.04,68.32,-4.88,-48.8,53.68,4.88,0,-82.96,-68.32,-78.08,48.8
-19.52,39.04,58.56,-9.76,-39.04,48.8,0,0,-82.96,-68.32,-73.2,48.8
-9.76,39.04,48.8,-14.64,-29.28,43.92,-4.88,0,-82.96,-63.44,-73.2,53.68
-9.76,43.92,53.68,-14.64,-34.16,48.8,-9.76,0,-78.08,-53.68,-63.44,58.56
-19.52,39.04,58.56,-9.76,-39.04,48.8,0,9.76,-68.32,-53.68,-73.2,48.8
-29.28,43.92,73.2,-4.88,-53.68,58.56,4.88,9.76,-68.32,-53.68,-68.32,53.68
-19.52,43.92,63.44,-9.76,-43.92,53.68,4.88,4.88,-68.32,-53.68,-68.32,53.68
-19.52,34.16,53.68,-4.88,-39.04,43.92,0,4.88,-73.2,-63.44,-82.96,43.92
-19.52,39.04,58.56,-9.76,-39.04,48.8,-9.76,-4.88,-87.84,-63.44,-82.96,48.8
-24.4,34.16,58.56,-4.88,-43.92,43.92,-9.76,-4.88,-92.72,-63.44,-82.96,48.8
-24.4,29.28,53.68,0,-39.04,39.04,-9.76,-4.88,-92.72,-63.44,-82.96,53.68
-14.64,29.28,43.92,-4.88,-29.28,34.16,-9.76,-4.88,-92.72,-63.44,-82.96,53.68
-4.88,29.28,34.16,-9.76,-19.52,29.28,-9.76,4.88,-92.72,-58.56,-73.2,53.68
-14.64,14.64,29.28,0,-24.4,19.52,-9.76,4.88,-92.72,-58.56,-73.2,53.68
-14.64,4.88,19.52,4.88,-19.52,9.76,-9.76,0,-97.6,-58.56,-78.08,53.68
-14.64,-4.88,9.76,9.76,-14.64,0,-19.52,-9.76,-112.24,-63.44,-87.84,48.8
-14.64,-4.88,9.76,9.76,-14.64,0,-19.52,-9.76,-112.24,-73.2,-87.84,58.56
-24.4,-19.52,4.88,24.4,-14.64,-9.76,-14.64,-4.88,-112.24,-78.08,-92.72,53.68
-29.28,-24.4,4.88,29.28,-19.52,-9.76,-14.64,-4.88,-117.12,-82.96,-92.72,48.8
-29.28,-29.28,0,29.28,-14.64,-14.64,-9.76,0,-117.12,-87.84,-102.48,43.92
-43.92,-48.8,-4.88,48.8,-19.52,-29.28,0,9.76,-122,-78.08,-102.48,43.92
-53.68,-58.56,-4.88,58.56,-24.4,-34.16,4.88,0,-126.88,-78.08,-107.36,39.04
-63.44,-63.44,0,63.44,-34.16,-34.16,4.88,-4.88,-131.76,-82.96,-117.12,29.28
-63.44,-68.32,-4.88,68.32,-29.28,-39.04,9.76,-4.88,-136.64,-87.84,-117.12,29.28
-73.2,-82.96,-9.76,78.08,-34.16,-48.8,9.76,-14.64,-146.4,-102.48,-131.76,14.64
-73.2,-82.96,-9.76,78.08,-34.16,-48.8,9.76,-14.64,-146.4,-102.48,-131.76,9.76
-73.2,-82.96,-9.76,78.08,-34.16,-48.8,9.76,-14.64,-146.4,-107.36,-141.52,4.88
-73.2,-92.72,-19.52,82.96,-29.28,-58.56,9.76,-24.4,-156.16,-112.24,-151.28,-4.88
-73.2,-92.72,-19.52,82.96,-29.28,-58.56,0,-24.4,-156.16,-117.12,-151.28,-4.88
-68.32,-92.72,-24.4,82.96,-24.4,-58.56,0,-24.4,-165.92,-122,-156.16,-4.88
-73.2,-92.72,-19.52,82.96,-29.28,-58.56,0,-29.28,-165.92,-126.88,-156.16,-4.88
-73.2,-97.6,-24.4,87.84,-24.4,-63.44,0,-34.16,-170.8,-131.76,-161.04,-4.88
-73.2,-112.24,-39.04,92.72,-19.52,-78.08,9.76,-34.16,-175.68,-136.64,-161.04,-14.64
-73.2,-117.12,-43.92,97.6,-14.64,-82.96,9.76,-39.04,-180.56,-136.64,-165.92,-14.64
-73.2,-117.12,-43.92,97.6,-14.64,-82.96,9.76,-39.04,-180.56,-136.64,-165.92,-19.52
-68.32,-117.12,-48.8,92.72,-9.76,-82.96,9.76,-39.04,-180.56,-131.76,-170.8,-19.52
-68.32,-117.12,-48.8,92.72,-9.76,-82.96,14.64,-29.28,-170.8,-122,-161.04,-9.76
-73.2,-122,-48.8,97.6,-14.64,-87.84,14.64,-19.52,-165.92,-117.12,-156.16,-9.76
-73.2,-122,-48.8,97.6,-14.64,-87.84,14.64,-14.64,-161.04,-117.12,-156.16,-9.76
-73.2,-122,-48.8,97.6,-14.64,-87.84,14.64,-9.76,-156.16,-117.12,-156.16,-9.76
-68.32,-122,-53.68,97.6,-9.76,-87.84,4.88,-14.64,-170.8,-131.76,-170.8,-9.76
-68.32,-122,-53.68,97.6,-9.76,-87.84,4.88,-19.52,-175.68,-131.76,-170.8,-9.76
-82.96,-122,-39.04,102.48,-24.4,-82.96,4.88,-24.4,-180.56,-131.76,-170.8,-9.76
-92.72,-122,-29.28,107.36,-34.16,-78.08,9.76,-29.28,-185.44,-131.76,-170.8,-9.76
-73.2,-122,-48.8,97.6,-14.64,-87.84,9.76,-29.28,-175.68,-122,-185.44,-9.76
-73.2,-126.88,-53.68,102.48,-9.76,-92.72,9.76,-29.28,-175.68,-122,-185.44,-14.64
-78.08,-126.88,-48.8,102.48,-14.64,-87.84,14.64,-19.52,-175.68,-117.12,-180.56,-14.64
-78.08,-126.88,-48.8,102.48,-14.64,-87.84,19.52,-14.64,-175.68,-117.12,-180.56,-19.52
-87.84,-146.4,-58.56,117.12,-14.64,-102.48,29.28,0,-165.92,-112.24,-180.56,-29.28
-58.56,-146.4,-87.84,102.48,14.64,-117.12,24.4,4.88,-165.92,-112.24,-180.56,-29.28
-68.32,-146.4,-78.08,107.36,4.88,-112.24,24.4,9.76,-151.28,-102.48,-190.32,-39.04
-78.08,-146.4,-68.32,112.24,-4.88,-107.36,48.8,34.16,-131.76,-102.48,-185.44,-43.92
-78.08,-156.16,-78.08,117.12,0,-117.12,82.96,82.96,-97.6,-78.08,-185.44,-43.92
-87.84,-156.16,-68.32,122,-9.76,-112.24,117.12,141.52,-53.68,-43.92,-175.68,-43.92
-82.96,-156.16,-73.2,122,-4.88,-117.12,136.64,239.12,24.4,4.88,-151.28,-43.92
-48.8,-156.16,-107.36,102.48,29.28,-131.76,180.56,380.64,146.4,92.72,-92.72,-14.64
0,-146.4,-146.4,73.2,73.2,-146.4,219.6,522.16,283.04,224.48,4.88,39.04
29.28,-131.76,-161.04,53.68,92.72,-146.4,239.12,590.48,390.4,346.48,122,102.48
73.2,-102.48,-175.68,14.64,122,-141.52,234.24,551.44,458.72,473.36,253.76,185.44
136.64,-68.32,-204.96,-34.16,170.8,-136.64,229.36,497.76,527.04,624.64,405.04,287.92
190.32,-4.88,-195.2,-92.72,190.32,-102.48,200.08,434.32,600.24,810.08,605.12,439.2
287.92,87.84,-200.08,-185.44,244,-58.56,102.48,283.04,644.16,1019.92,849.12,624.64
405.04,200.08,-204.96,-302.56,302.56,-4.88,-39.04,63.44,649.04,1220,1098,829.6
497.76,312.32,-185.44,-405.04,341.6,63.44,-190.32,-180.56,619.76,1385.92,1288.32,995.52
546.56,414.8,-131.76,-478.24,336.72,141.52,-385.52,-453.84,556.32,1503.04,1459.12,1137.04
570.96,488,-82.96,-527.04,326.96,200.08,-595.36,-722.24,458.72,1571.36,1581.12,1254.16
551.44,522.16,-29.28,-536.8,287.92,244,-766.16,-927.2,351.36,1566.48,1625.04,1298.08
458.72,575.84,117.12,-517.28,170.8,346.48,-907.68,-1117.52,229.36,1478.64,1566.48,1293.2
336.72,663.68,326.96,-497.76,4.88,492.88,-1005.28,-1307.84,58.56,1293.2,1429.84,1239.52
219.6,697.84,478.24,-458.72,-131.76,585.6,-1024.8,-1439.6,-131.76,1029.68,1220,1137.04
141.52,634.4,492.88,-385.52,-175.68,561.2,-1024.8,-1488.4,-322.08,722.24,907.68,956.48
58.56,507.52,448.96,-283.04,-195.2,478.24,-990.64,-1473.76,-527.04,326.96,522.16,717.36
-43.92,439.2,483.12,-195.2,-263.52,458.72,-936.96,-1454.24,-741.76,-63.44,146.4,478.24
-131.76,414.8,546.56,-141.52,-341.6,478.24,-917.44,-1464,-917.44,-331.84,-73.2,326.96
-156.16,370.88,527.04,-107.36,-341.6,448.96,-907.68,-1439.6,-1000.4,-463.6,-180.56,224.48
-136.64,297.68,434.32,-78.08,-287.92,366,-878.4,-1317.6,-976,-478.24,-239.12,170.8
-131.76,224.48,356.24,-43.92,-244,287.92,-800.32,-1146.8,-849.12,-424.56,-219.6,146.4
-131.76,141.52,273.28,-4.88,-204.96,204.96,-712.48,-971.12,-717.36,-351.36,-200.08,112.24
-112.24,73.2,185.44,19.52,-151.28,126.88,-614.88,-814.96,-629.52,-317.2,-204.96,82.96
-87.84,58.56,146.4,14.64,-117.12,102.48,-536.8,-688.08,-566.08,-292.8,-204.96,68.32
-78.08,63.44,141.52,9.76,-112.24,102.48,-463.6,-580.72,-522.16,-273.28,-204.96,53.68
-78.08,48.8,126.88,14.64,-102.48,87.84,-390.4,-478.24,-468.48,-239.12,-204.96,43.92
-63.44,43.92,107.36,9.76,-87.84,73.2,-312.32,-375.76,-405.04,-200.08,-190.32,48.8
-63.44,34.16,97.6,14.64,-82.96,63.44,-244,-287.92,-366,-170.8,-190.32,43.92
-73.2,24.4,97.6,24.4,-87.84,58.56,-185.44,-219.6,-312.32,-141.52,-190.32,34.16
-63.44,4.88,68.32,29.28,-68.32,34.16,-122,-151.28,-239.12,-107.36,-161.04,43.92
-53.68,-9.76,43.92,34.16,-48.8,14.64,-73.2,-73.2,-185.44,-73.2,-141.52,43.92
-58.56,-34.16,24.4,48.8,-43.92,-4.88,-48.8,-24.4,-136.64,-53.68,-131.76,43.92
-58.56,-53.68,4.88,58.56,-34.16,-24.4,-24.4,24.4,-102.48,-14.64,-102.48,58.56
-43.92,-58.56,-14.64,53.68,-14.64,-39.04,0,63.44,-87.84,4.88,-97.6,68.32
-48.8,-58.56,-9.76,53.68,-19.52,-34.16,14.64,87.84,-87.84,0,-97.6,68.32
-29.28,-58.56,-29.28,43.92,0,-43.92,24.4,97.6,-97.6,-9.76,-117.12,53.68
-29.28,-58.56,-29.28,43.92,0,-43.92,29.28,107.36,-97.6,-14.64,-126.88,43.92
-29.28,-68.32,-39.04,48.8,4.88,-53.68,39.04,112.24,-97.6,-14.64,-131.76,39.04
-43.92,-68.32,-24.4,58.56,-9.76,-48.8,48.8,117.12,-92.72,-14.64,-141.52,39.04
-34.16,-68.32,-34.16,53.68,0,-53.68,63.44,126.88,-87.84,-14.64,-151.28,34.16
-39.04,-78.08,-39.04,58.56,0,-58.56,68.32,126.88,-82.96,-14.64,-151.28,34.16
-48.8,-82.96,-34.16,68.32,-9.76,-58.56,68.32,136.64,-73.2,-14.64,-151.28,29.28
-48.8,-87.84,-39.04,68.32,-4.88,-63.44,73.2,141.52,-58.56,-4.88,-151.28,29.28
-39.04,-97.6,-58.56,68.32,9.76,-78.08,68.32,165.92,-48.8,4.88,-141.52,34.16
-43.92,-97.6,-53.68,73.2,4.88,-78.08,68.32,180.56,-43.92,14.64,-136.64,39.04
-39.04,-97.6,-58.56,68.32,9.76,-78.08,73.2,190.32,-43.92,19.52,-126.88,39.04
-39.04,-92.72,-53.68,68.32,4.88,-73.2,82.96,195.2,-43.92,24.4,-122,39.04
-34.16,-82.96,-48.8,58.56,4.88,-68.32,97.6,200.08,-53.68,14.64,-126.88,34.16
-48.8,-82.96,-34.16,68.32,-9.76,-58.56,97.6,204.96,-53.68,14.64,-126.88,34.16
-43.92,-82.96,-39.04,63.44,-4.88,-63.44,97.6,204.96,-48.8,24.4,-122,29.28
-39.04,-82.96,-43.92,63.44,0,-63.44,102.48,204.96,-39.04,24.4,-117.12,24.4
-39.04,-92.72,-53.68,68.32,4.88,-73.2,92.72,204.96,-24.4,24.4,-126.88,14.64
-39.04,-87.84,-48.8,63.44,4.88,-68.32,92.72,209.84,-24.4,24.4,-126.88,19.52
-29.28,-82.96,-53.68,58.56,9.76,-68.32,92.72,219.6,-24.4,34.16,-126.88,19.52
-24.4,-82.96,-58.56,53.68,14.64,-73.2,92.72,224.48,-24.4,43.92,-126.88,19.52
-24.4,-78.08,-53.68,53.68,14.64,-68.32,102.48,239.12,-19.52,43.92,-117.12,34.16
-29.28,-78.08,-48.8,53.68,9.76,-63.44,107.36,244,-19.52,53.68,-112.24,34.16
-39.04,-78.08,-39.04,58.56,0,-58.56,107.36,244,-14.64,53.68,-112.24,34.16
-43.92,-78.08,-34.16,63.44,-4.88,-58.56,107.36,244,-14.64,48.8,-117.12,29.28
-39.04,-78.08,-39.04,58.56,0,-58.56,102.48,239.12,-14.64,48.8,-117.12,24.4
-39.04,-73.2,-34.16,58.56,-4.88,-53.68,107.36,239.12,-9.76,53.68,-117.12,24.4
-34.16,-73.2,-39.04,53.68,0,-58.56,107.36,248.88,-9.76,53.68,-112.24,29.28
-29.28,-73.2,-43.92,53.68,4.88,-58.56,107.36,248.88,0,53.68,-107.36,34.16
-19.52,-82.96,-63.44,53.68,19.52,-73.2,107.36,258.64,0,73.2,-107.36,48.8
-19.52,-82.96,-63.44,53.68,19.52,-73.2,107.36,268.4,9.76,73.2,-102.48,58.56
-19.52,-78.08,-58.56,48.8,19.52,-68.32,107.36,273.28,19.52,82.96,-102.48,58.56
-14.64,-78.08,-63.44,48.8,24.4,-73.2,107.36,278.16,19.52,87.84,-102.48,58.56
-14.64,-63.44,-48.8,39.04,14.64,-58.56,117.12,283.04,19.52,87.84,-112.24,53.68
-29.28,-63.44,-34.16,48.8,0,-48.8,122,287.92,29.28,87.84,-107.36,63.44
-29.28,-63.44,-34.16,48.8,0,-48.8,122,287.92,34.16,87.84,-107.36,53.68
-29.28,-63.44,-34.16,48.8,0,-48.8,122,287.92,39.04,92.72,-102.48,53.68
-19.52,-63.44,-43.92,43.92,9.76,-53.68,122,287.92,53.68,97.6,-107.36,53.68
-19.52,-63.44,-43.92,43.92,9.76,-53.68,122,292.8,53.68,102.48,-102.48,53.68
-9.76,-58.56,-48.8,34.16,19.52,-53.68,122,297.68,53.68,102.48,-102.48,58.56
-4.88,-58.56,-53.68,34.16,24.4,-58.56,122,302.56,58.56,107.36,-102.48,58.56
-14.64,-68.32,-53.68,43.92,19.52,-63.44,112.24,312.32,68.32,122,-92.72,73.2
-9.76,-68.32,-58.56,39.04,24.4,-63.44,117.12,322.08,78.08,122,-87.84,78.08
-9.76,-68.32,-58.56,39.04,24.4,-63.44,117.12,331.84,78.08,126.88,-87.84,78.08
-14.64,-63.44,-48.8,39.04,14.64,-58.56,117.12,336.72,78.08,131.76,-87.84,78.08
-9.76,-58.56,-48.8,34.16,19.52,-53.68,122,346.48,87.84,131.76,-87.84,68.32
-4.88,-53.68,-48.8,29.28,19.52,-53.68,122,351.36,92.72,131.76,-78.08,68.32
4.88,-43.92,-48.8,19.52,24.4,-48.8,122,356.24,97.6,136.64,-78.08,68.32
9.76,-39.04,-48.8,14.64,29.28,-43.92,122,366,107.36,141.52,-63.44,73.2
9.76,-29.28,-39.04,9.76,24.4,-34.16,122,370.88,117.12,151.28,-63.44,63.44
0,-29.28,-29.28,14.64,14.64,-29.28,126.88,375.76,122,156.16,-63.44,68.32
0,-29.28,-29.28,14.64,14.64,-29.28,131.76,380.64,126.88,161.04,-63.44,78.08
4.88,-24.4,-29.28,9.76,14.64,-29.28,131.76,385.52,126.88,165.92,-68.32,78.08
-4.88,-24.4,-19.52,14.64,4.88,-24.4,131.76,385.52,136.64,156.16,-58.56,82.96
0,-24.4,-24.4,14.64,9.76,-24.4,131.76,390.4,146.4,165.92,-58.56,82.96
0,-24.4,-24.4,14.64,9.76,-24.4,131.76,400.16,151.28,170.8,-58.56,92.72
0,-24.4,-24.4,14.64,9.76,-24.4,131.76,405.04,156.16,170.8,-58.56,92.72
9.76,-19.52,-29.28,4.88,19.52,-24.4,131.76,424.56,170.8,185.44,-58.56,92.72
9.76,-19.52,-29.28,4.88,19.52,-24.4,136.64,434.32,180.56,190.32,-48.8,92.72
19.52,-14.64,-34.16,0,24.4,-24.4,136.64,448.96,180.56,195.2,-43.92,97.6
19.52,-14.64,-34.16,0,24.4,-24.4,136.64,463.6,190.32,200.08,-39.04,97.6
19.52,-9.76,-29.28,-4.88,24.4,-19.52,131.76,463.6,190.32,204.96,-34.16,102.48
19.52,-9.76,-29.28,-4.88,24.4,-19.52,131.76,473.36,200.08,214.72,-34.16,107.36
19.52,-4.88,-24.4,-4.88,19.52,-14.64,136.64,483.12,209.84,214.72,-24.4,112.24
29.28,0,-29.28,-14.64,29.28,-14.64,141.52,492.88,219.6,224.48,-19.52,112.24
19.52,0,-19.52,-9.76,19.52,-9.76,141.52,502.64,234.24,229.36,-19.52,102.48
19.52,4.88,-14.64,-9.76,14.64,-4.88,146.4,512.4,244,239.12,-14.64,107.36
19.52,4.88,-14.64,-9.76,14.64,-4.88,151.28,522.16,253.76,248.88,-9.76,117.12
24.4,0,-24.4,-9.76,24.4,-14.64,151.28,531.92,253.76,253.76,-9.76,117.12
29.28,-9.76,-39.04,-9.76,34.16,-24.4,146.4,561.2,268.4,268.4,-9.76,126.88
29.28,0,-29.28,-14.64,29.28,-14.64,146.4,561.2,278.16,273.28,-4.88,131.76
29.28,0,-29.28,-14.64,29.28,-14.64,156.16,570.96,292.8,283.04,4.88,141.52
39.04,0,-39.04,-19.52,39.04,-19.52,165.92,580.72,302.56,287.92,4.88,141.52
48.8,9.76,-39.04,-29.28,43.92,-14.64,156.16,590.48,302.56,287.92,19.52,141.52
48.8,14.64,-34.16,-29.28,39.04,-9.76,165.92,605.12,317.2,292.8,19.52,146.4
48.8,14.64,-34.16,-29.28,39.04,-9.76,165.92,624.64,326.96,307.44,29.28,151.28
53.68,14.64,-39.04,-34.16,43.92,-14.64,165.92,639.28,336.72,317.2,34.16,156.16
53.68,29.28,-24.4,-39.04,39.04,0,175.68,653.92,351.36,331.84,39.04,151.28
63.44,29.28,-34.16,-43.92,48.8,-4.88,175.68,673.44,366,341.6,43.92,156.16
68.32,34.16,-34.16,-48.8,48.8,0,180.56,683.2,380.64,346.48,53.68,161.04
68.32,34.16,-34.16,-48.8,48.8,0,180.56,697.84,395.28,356.24,58.56,170.8
68.32,43.92,-24.4,-53.68,43.92,9.76,180.56,717.36,405.04,370.88,53.68,175.68
78.08,43.92,-34.16,-58.56,53.68,4.88,185.44,727.12,419.68,380.64,63.44,175.68
82.96,48.8,-34.16,-63.44,58.56,4.88,190.32,741.76,429.44,390.4,78.08,180.56
82.96,53.68,-29.28,-68.32,53.68,9.76,195.2,751.52,439.2,400.16,82.96,185.44
92.72,58.56,-34.16,-73.2,63.44,9.76,195.2,761.28,448.96,405.04,97.6,200.08
102.48,63.44,-39.04,-82.96,68.32,9.76,195.2,780.8,463.6,414.8,107.36,209.84
102.48,68.32,-34.16,-82.96,68.32,14.64,195.2,785.68,473.36,424.56,107.36,214.72
117.12,73.2,-43.92,-92.72,78.08,14.64,200.08,790.56,483.12,434.32,112.24,219.6
107.36,78.08,-29.28,-92.72,68.32,24.4,200.08,805.2,488,453.84,112.24,219.6
102.48,87.84,-14.64,-92.72,58.56,34.16,200.08,814.96,497.76,463.6,126.88,224.48
102.48,92.72,-9.76,-97.6,53.68,39.04,200.08,824.72,502.64,468.48,136.64,229.36
117.12,97.6,-19.52,-107.36,68.32,39.04,204.96,839.36,512.4,478.24,151.28,244
122,92.72,-29.28,-107.36,73.2,29.28,214.72,844.24,522.16,488,156.16,253.76
126.88,97.6,-29.28,-112.24,78.08,34.16,209.84,849.12,527.04,497.76,156.16,263.52
126.88,97.6,-29.28,-112.24,78.08,34.16,209.84,854,536.8,507.52,161.04,273.28
126.88,107.36,-19.52,-117.12,73.2,43.92,209.84,858.88,546.56,517.28,170.8,278.16
126.88,112.24,-14.64,-117.12,68.32,48.8,204.96,868.64,556.32,527.04,185.44,273.28
136.64,117.12,-19.52,-126.88,78.08,48.8,204.96,868.64,556.32,531.92,190.32,278.16
136.64,122,-14.64,-126.88,73.2,53.68,204.96,868.64,566.08,541.68,204.96,278.16
136.64,122,-14.64,-126.88,73.2,53.68,204.96,873.52,570.96,551.44,214.72,283.04
136.64,136.64,0,-136.64,68.32,68.32,204.96,873.52,585.6,561.2,214.72,273.28
146.4,136.64,-9.76,-141.52,78.08,63.44,204.96,878.4,585.6,566.08,214.72,287.92
146.4,136.64,-9.76,-141.52,78.08,63.44,204.96,878.4,585.6,570.96,219.6,287.92
131.76,136.64,4.88,-131.76,63.44,68.32,200.08,868.64,585.6,570.96,219.6,287.92
151.28,131.76,-19.52,-141.52,82.96,53.68,209.84,878.4,585.6,566.08,224.48,307.44
156.16,141.52,-14.64,-146.4,82.96,63.44,204.96,873.52,585.6,566.08,224.48,307.44
156.16,141.52,-14.64,-146.4,82.96,63.44,200.08,868.64,585.6,566.08,224.48,307.44
156.16,141.52,-14.64,-146.4,82.96,63.44,200.08,854,585.6,566.08,224.48,317.2
146.4,146.4,0,-146.4,73.2,73.2,200.08,849.12,585.6,570.96,229.36,322.08
146.4,146.4,0,-146.4,73.2,73.2,195.2,839.36,575.84,570.96,229.36,322.08
146.4,146.4,0,-146.4,73.2,73.2,190.32,819.84,570.96,566.08,229.36,322.08
146.4,146.4,0,-146.4,73.2,73.2,185.44,795.44,556.32,566.08,229.36,322.08
146.4,156.16,9.76,-151.28,68.32,82.96,190.32,780.8,556.32,546.56,234.24,312.32
141.52,151.28,9.76,-146.4,63.44,78.08,175.68,766.16,546.56,541.68,234.24,307.44
141.52,151.28,9.76,-146.4,63.44,78.08,175.68,746.64,531.92,536.8,219.6,307.44
141.52,151.28,9.76,-146.4,63.44,78.08,161.04,722.24,522.16,531.92,219.6,307.44
131.76,146.4,14.64,-136.64,58.56,78.08,156.16,702.72,497.76,517.28,209.84,297.68
126.88,141.52,14.64,-131.76,53.68,78.08,146.4,683.2,483.12,507.52,200.08,292.8
117.12,136.64,19.52,-126.88,48.8,78.08,141.52,653.92,458.72,497.76,200.08,287.92
112.24,131.76,19.52,-122,43.92,73.2,131.76,629.52,434.32,478.24,190.32,283.04
102.48,122,19.52,-112.24,39.04,68.32,131.76,610,424.56,468.48,190.32,283.04
102.48,112.24,9.76,-107.36,43.92,58.56,122,575.84,409.92,458.72,170.8,273.28
102.48,102.48,0,-102.48,48.8,48.8,112.24,556.32,390.4,444.08,151.28,263.52
97.6,102.48,4.88,-97.6,43.92,53.68,102.48,522.16,361.12,419.68,136.64,244
82.96,102.48,19.52,-92.72,29.28,58.56,112.24,497.76,351.36,414.8,131.76,239.12
78.08,92.72,14.64,-82.96,29.28,53.68,112.24,468.48,331.84,390.4,117.12,224.48
63.44,78.08,14.64,-68.32,24.4,43.92,97.6,439.2,312.32,370.88,97.6,214.72
58.56,73.2,14.64,-63.44,19.52,43.92,92.72,424.56,292.8,351.36,82.96,204.96
58.56,73.2,14.64,-63.44,19.52,43.92,87.84,400.16,278.16,341.6,78.08,200.08
48.8,68.32,19.52,-58.56,14.64,43.92,82.96,380.64,253.76,326.96,63.44,180.56
39.04,53.68,14.64,-43.92,9.76,34.16,78.08,370.88,234.24,307.44,48.8,165.92
29.28,48.8,19.52,-39.04,4.88,34.16,73.2,351.36,214.72,287.92,29.28,161.04
34.16,34.16,0,-34.16,14.64,14.64,68.32,326.96,195.2,268.4,14.64,151.28
29.28,29.28,0,-29.28,14.64,14.64,63.44,312.32,180.56,253.76,0,141.52
29.28,24.4,-4.88,-24.4,14.64,9.76,58.56,292.8,161.04,239.12,-14.64,131.76
19.52,9.76,-9.76,-14.64,14.64,0,58.56,283.04,151.28,229.36,-19.52,122
4.88,4.88,0,-4.88,0,0,58.56,263.52,131.76,204.96,-34.16,107.36
0,0,0,0,0,0,53.68,253.76,117.12,195.2,-53.68,102.48
-4.88,-4.88,0,4.88,-4.88,-4.88,53.68,244,102.48,180.56,-53.68,102.48
-19.52,-9.76,9.76,14.64,-14.64,0,53.68,229.36,92.72,175.68,-63.44,92.72
-9.76,-14.64,-4.88,14.64,-4.88,-9.76,63.44,229.36,82.96,161.04,-73.2,78.08
-19.52,-14.64,4.88,19.52,-14.64,-4.88,63.44,219.6,73.2,151.28,-82.96,78.08
-24.4,-19.52,4.88,24.4,-14.64,-9.76,58.56,214.72,63.44,141.52,-82.96,73.2
-24.4,-19.52,4.88,24.4,-14.64,-9.76,58.56,219.6,58.56,131.76,-97.6,63.44
-19.52,-24.4,-4.88,24.4,-9.76,-14.64,48.8,214.72,53.68,122,-112.24,58.56
-14.64,-29.28,-14.64,24.4,0,-24.4,48.8,200.08,48.8,122,-117.12,53.68
-9.76,-39.04,-29.28,24.4,9.76,-34.16,43.92,190.32,34.16,112.24,-126.88,48.8
-4.88,-43.92,-39.04,24.4,14.64,-43.92,43.92,170.8,24.4,112.24,-126.88,48.8
-9.76,-43.92,-34.16,29.28,9.76,-39.04,43.92,180.56,24.4,102.48,-126.88,39.04
-14.64,-39.04,-24.4,29.28,4.88,-34.16,48.8,185.44,19.52,102.48,-131.76,39.04
-29.28,-39.04,-9.76,34.16,-9.76,-24.4,58.56,185.44,14.64,102.48,-131.76,34.16
-34.16,-43.92,-9.76,39.04,-14.64,-29.28,58.56,180.56,14.64,102.48,-131.76,29.28
-24.4,-53.68,-29.28,39.04,0,-43.92,58.56,190.32,14.64,97.6,-141.52,39.04
-29.28,-58.56,-29.28,43.92,0,-43.92,58.56,185.44,14.64,92.72,-141.52,39.04
-29.28,-58.56,-29.28,43.92,0,-43.92,58.56,185.44,14.64,87.84,-141.52,34.16
-29.28,-58.56,-29.28,43.92,0,-43.92,58.56,180.56,4.88,87.84,-151.28,34.16
-34.16,-58.56,-24.4,48.8,-4.88,-43.92,48.8,170.8,4.88,82.96,-151.28,24.4
-34.16,-58.56,-24.4,48.8,-4.88,-43.92,53.68,170.8,4.88,82.96,-151.28,24.4
-29.28,-58.56,-29.28,43.92,0,-43.92,53.68,170.8,4.88,87.84,-146.4,24.4
-29.28,-58.56,-29.28,43.92,0,-43.92,53.68,170.8,-4.88,87.84,-151.28,19.52
-39.04,-63.44,-24.4,53.68,-9.76,-43.92,63.44,180.56,-4.88,87.84,-156.16,29.28
-39.04,-63.44,-24.4,53.68,-9.76,-43.92,63.44,175.68,-4.88,87.84,-156.16,29.28
-39.04,-63.44,-24.4,53.68,-9.76,-43.92,63.44,175.68,-4.88,87.84,-156.16,29.28
-43.92,-63.44,-19.52,53.68,-14.64,-43.92,63.44,175.68,-4.88,82.96,-156.16,29.28
-34.16,-68.32,-34.16,53.68,0,-53.68,63.44,165.92,-14.64,78.08,-146.4,19.52
-24.4,-68.32,-43.92,48.8,9.76,-58.56,63.44,165.92,-14.64,78.08,-151.28,19.52
-39.04,-68.32,-29.28,53.68,-4.88,-48.8,63.44,161.04,-14.64,78.08,-161.04,19.52
-39.04,-68.32,-29.28,53.68,-4.88,-48.8,63.44,161.04,-14.64,78.08,-151.28,19.52
-39.04,-68.32,-29.28,53.68,-4.88,-48.8,63.44,175.68,-4.88,87.84,-151.28,29.28
-39.04,-68.32,-29.28,53.68,-4.88,-48.8,68.32,175.68,-9.76,92.72,-156.16,29.28
-39.04,-68.32,-29.28,53.68,-4.88,-48.8,68.32,175.68,-9.76,92.72,-165.92,29.28
-43.92,-68.32,-24.4,58.56,-9.76,-48.8,63.44,180.56,-9.76,92.72,-170.8,29.28
-39.04,-68.32,-29.28,53.68,-4.88,-48.8,73.2,180.56,-9.76,82.96,-161.04,19.52
-34.16,-68.32,-34.16,53.68,0,-53.68,73.2,180.56,-9.76,82.96,-161.04,19.52
-29.28,-68.32,-39.04,48.8,4.88,-53.68,73.2,180.56,-9.76,78.08,-165.92,19.52
-24.4,-68.32,-43.92,48.8,9.76,-58.56,73.2,170.8,-4.88,78.08,-165.92,19.52
-34.16,-78.08,-43.92,58.56,4.88,-63.44,73.2,170.8,-14.64,87.84,-165.92,14.64
-39.04,-73.2,-34.16,58.56,-4.88,-53.68,73.2,175.68,-14.64,87.84,-165.92,14.64
-39.04,-73.2,-34.16,58.56,-4.88,-53.68,78.08,185.44,-14.64,82.96,-170.8,14.64
-39.04,-73.2,-34.16,58.56,-4.88,-53.68,78.08,185.44,-14.64,82.96,-170.8,14.64
-39.04,-78.08,-39.04,58.56,0,-58.56,82.96,190.32,-9.76,87.84,-170.8,14.64
-34.16,-78.08,-43.92,58.56,4.88,-63.44,82.96,190.32,-9.76,87.84,-170.8,14.64
-34.16,-78.08,-43.92,58.56,4.88,-63.44,82.96,195.2,-9.76,87.84,-161.04,14.64
-43.92,-78.08,-34.16,63.44,-4.88,-58.56,78.08,195.2,-9.76,87.84,-161.04,14.64
-24.4,-78.08,-53.68,53.68,14.64,-68.32,78.08,190.32,-9.76,92.72,-156.16,24.4
-24.4,-78.08,-53.68,53.68,14.64,-68.32,78.08,190.32,-9.76,92.72,-156.16,24.4
-24.4,-68.32,-43.92,48.8,9.76,-58.56,78.08,195.2,-9.76,92.72,-156.16,29.28
-24.4,-68.32,-43.92,48.8,9.76,-58.56,78.08,195.2,-9.76,92.72,-156.16,29.28
-9.76,-73.2,-63.44,43.92,24.4,-68.32,78.08,204.96,-4.88,97.6,-165.92,19.52
-19.52,-73.2,-53.68,48.8,14.64,-63.44,78.08,204.96,-4.88,102.48,-165.92,19.52
-29.28,-73.2,-43.92,53.68,4.88,-58.56,78.08,204.96,-4.88,102.48,-165.92,19.52
-19.52,-68.32,-48.8,43.92,14.64,-58.56,82.96,204.96,-4.88,97.6,-165.92,19.52
-29.28,-68.32,-39.04,48.8,4.88,-53.68,82.96,195.2,-4.88,87.84,-161.04,19.52
-29.28,-68.32,-39.04,48.8,4.88,-53.68,82.96,200.08,-4.88,97.6,-161.04,19.52
-29.28,-68.32,-39.04,48.8,4.88,-53.68,82.96,200.08,-4.88,97.6,-156.16,19.52
-29.28,-73.2,-43.92,53.68,4.88,-58.56,82.96,204.96,-4.88,92.72,-156.16,24.4
-24.4,-73.2,-48.8,48.8,9.76,-63.44,92.72,214.72,-4.88,92.72,-151.28,24.4
-29.28,-73.2,-43.92,53.68,4.88,-58.56,87.84,214.72,-4.88,92.72,-146.4,24.4
-14.64,-68.32,-53.68,43.92,19.52,-63.44,87.84,214.72,-4.88,97.6,-141.52,34.16
0,-68.32,-68.32,34.16,34.16,-68.32,87.84,214.72,-4.88,107.36,-141.52,24.4
-14.64,-68.32,-53.68,43.92,19.52,-63.44,87.84,214.72,-4.88,117.12,-151.28,34.16
-19.52,-68.32,-48.8,43.92,14.64,-58.56,87.84,214.72,0,117.12,-151.28,34.16
-19.52,-68.32,-48.8,43.92,14.64,-58.56,87.84,214.72,0,117.12,-151.28,34.16
-24.4,-63.44,-39.04,43.92,4.88,-53.68,87.84,214.72,0,117.12,-156.16,34.16
-14.64,-63.44,-48.8,39.04,14.64,-58.56,87.84,214.72,0,117.12,-156.16,29.28
-19.52,-63.44,-43.92,43.92,9.76,-53.68,92.72,219.6,4.88,117.12,-146.4,29.28
-19.52,-63.44,-43.92,43.92,9.76,-53.68,92.72,219.6,4.88,122,-146.4,29.28
-9.76,-63.44,-53.68,39.04,19.52,-58.56,87.84,219.6,4.88,126.88,-151.28,29.28
4.88,-58.56,-63.44,29.28,34.16,-63.44,97.6,219.6,-4.88,126.88,-141.52,39.04
4.88,-58.56,-63.44,29.28,34.16,-63.44,97.6,219.6,-4.88,126.88,-136.64,39.04
-4.88,-58.56,-53.68,34.16,24.4,-58.56,97.6,219.6,-4.88,126.88,-136.64,39.04
-4.88,-63.44,-58.56,34.16,24.4,-63.44,92.72,219.6,-4.88,122,-136.64,39.04
-4.88,-63.44,-58.56,34.16,24.4,-63.44,92.72,229.36,-4.88,126.88,-126.88,29.28
-4.88,-63.44,-58.56,34.16,24.4,-63.44,92.72,229.36,0,131.76,-126.88,29.28
-4.88,-63.44,-58.56,34.16,24.4,-63.44,97.6,229.36,4.88,141.52,-126.88,34.16
-4.88,-63.44,-58.56,34.16,24.4,-63.44,97.6,239.12,19.52,146.4,-126.88,34.16
4.88,-63.44,-68.32,29.28,34.16,-68.32,87.84,224.48,9.76,136.64,-126.88,43.92
4.88,-63.44,-68.32,29.28,34.16,-68.32,87.84,224.48,9.76,136.64,-126.88,43.92
4.88,-63.44,-68.32,29.28,34.16,-68.32,87.84,229.36,9.76,136.64,-126.88,43.92
4.88,-63.44,-68.32,29.28,34.16,-68.32,87.84,229.36,9.76,136.64,-126.88,43.92
-4.88,-63.44,-58.56,34.16,24.4,-63.44,92.72,239.12,9.76,146.4,-126.88,43.92
-4.88,-63.44,-58.56,34.16,24.4,-63.44,92.72,234.24,4.88,146.4,-122,43.92
14.64,-63.44,-78.08,24.4,43.92,-73.2,97.6,234.24,4.88,146.4,-117.12,43.92
-4.88,-63.44,-58.56,34.16,24.4,-63.44,97.6,234.24,4.88,146.4,-117.12,43.92
4.88,-63.44,-68.32,29.28,34.16,-68.32,97.6,239.12,14.64,146.4,-122,39.04
14.64,-63.44,-78.08,24.4,43.92,-73.2,97.6,239.12,14.64,151.28,-117.12,39.04
14.64,-63.44,-78.08,24.4,43.92,-73.2,97.6,239.12,14.64,151.28,-117.12,39.04
14.64,-63.44,-78.08,24.4,43.92,-73.2,97.6,239.12,14.64,151.28,-117.12,39.04
9.76,-63.44,-73.2,29.28,39.04,-68.32,97.6,244,14.64,161.04,-117.12,48.8
9.76,-63.44,-73.2,29.28,39.04,-68.32,92.72,244,14.64,156.16,-122,43.92
9.76,-63.44,-73.2,29.28,39.04,-68.32,92.72,244,14.64,156.16,-122,43.92
9.76,-63.44,-73.2,29.28,39.04,-68.32,97.6,239.12,9.76,156.16,-122,43.92
19.52,-58.56,-78.08,19.52,48.8,-68.32,102.48,239.12,9.76,146.4,-112.24,34.16
14.64,-58.56,-73.2,24.4,43.92,-68.32,102.48,234.24,9.76,146.4,-112.24,29.28
4.88,-63.44,-68.32,29.28,34.16,-68.32,102.48,234.24,9.76,151.28,-122,29.28
14.64,-68.32,-82.96,29.28,48.8,-78.08,102.48,229.36,0,151.28,-122,29.28
14.64,-78.08,-92.72,34.16,53.68,-87.84,102.48,239.12,0,156.16,-112.24,29.28
9.76,-78.08,-87.84,34.16,48.8,-82.96,102.48,244,4.88,156.16,-112.24,29.28
9.76,-73.2,-82.96,34.16,43.92,-78.08,102.48,244,9.76,156.16,-112.24,29.28
14.64,-73.2,-87.84,29.28,48.8,-82.96,102.48,244,9.76,156.16,-107.36,29.28
4.88,-68.32,-73.2,34.16,39.04,-73.2,102.48,244,0,156.16,-112.24,24.4
14.64,-68.32,-82.96,29.28,48.8,-78.08,102.48,239.12,0,156.16,-112.24,24.4
4.88,-68.32,-73.2,34.16,39.04,-73.2,102.48,239.12,0,156.16,-122,29.28
0,-68.32,-68.32,34.16,34.16,-68.32,102.48,239.12,0,156.16,-122,29.28
0,-73.2,-73.2,39.04,34.16,-73.2,112.24,244,4.88,151.28,-117.12,29.28
9.76,-73.2,-82.96,34.16,43.92,-78.08,112.24,239.12,0,151.28,-117.12,29.28
9.76,-73.2,-82.96,34.16,43.92,-78.08,112.24,244,0,146.4,-117.12,24.4
9.76,-73.2,-82.96,34.16,43.92,-78.08,112.24,248.88,0,146.4,-117.12,24.4
19.52,-73.2,-92.72,29.28,53.68,-82.96,112.24,244,0,136.64,-117.12,34.16
14.64,-73.2,-87.84,29.28,48.8,-82.96,112.24,239.12,0,141.52,-117.12,29.28
14.64,-73.2,-87.84,29.28,48.8,-82.96,112.24,234.24,0,141.52,-122,29.28
24.4,-73.2,-97.6,24.4,58.56,-87.84,112.24,224.48,0,136.64,-131.76,29.28
14.64,-78.08,-92.72,34.16,53.68,-87.84,112.24,239.12,4.88,146.4,-126.88,29.28
4.88,-78.08,-82.96,39.04,43.92,-82.96,112.24,244,4.88,146.4,-131.76,29.28
4.88,-78.08,-82.96,39.04,43.92,-82.96,112.24,248.88,0,146.4,-131.76,34.16
9.76,-78.08,-87.84,34.16,48.8,-82.96,112.24,253.76,0,146.4,-131.76,34.16
14.64,-73.2,-87.84,29.28,48.8,-82.96,122,244,0,151.28,-122,29.28
14.64,-73.2,-87.84,29.28,48.8,-82.96,122,244,0,151.28,-122,29.28
4.88,-73.2,-78.08,34.16,39.04,-78.08,122,244,-4.88,151.28,-122,29.28
0,-73.2,-73.2,39.04,34.16,-73.2,122,244,-9.76,151.28,-122,29.28
9.76,-78.08,-87.84,34.16,48.8,-82.96,126.88,239.12,0,151.28,-131.76,19.52
9.76,-78.08,-87.84,34.16,48.8,-82.96,126.88,239.12,-4.88,151.28,-136.64,19.52
9.76,-78.08,-87.84,34.16,48.8,-82.96,122,239.12,-4.88,151.28,-136.64,19.52
14.64,-78.08,-92.72,34.16,53.68,-87.84,122,239.12,0,146.4,-136.64,19.52
4.88,-87.84,-92.72,43.92,48.8,-92.72,131.76,248.88,9.76,156.16,-126.88,9.76
4.88,-87.84,-92.72,43.92,48.8,-92.72,131.76,244,4.88,156.16,-126.88,14.64
4.88,-87.84,-92.72,43.92,48.8,-92.72,131.76,244,4.88,156.16,-126.88,14.64
9.76,-87.84,-97.6,39.04,53.68,-92.72,136.64,244,4.88,156.16,-126.88,14.64
9.76,-92.72,-102.48,43.92,53.68,-97.6,136.64,244,14.64,165.92,-131.76,19.52
9.76,-92.72,-102.48,43.92,53.68,-97.6,136.64,244,14.64,161.04,-131.76,19.52
9.76,-92.72,-102.48,43.92,53.68,-97.6,131.76,244,9.76,161.04,-131.76,19.52
4.88,-87.84,-92.72,43.92,48.8,-92.72,131.76,244,9.76,161.04,-131.76,19.52
4.88,-87.84,-92.72,43.92,48.8,-92.72,141.52,253.76,9.76,151.28,-122,19.52
4.88,-87.84,-92.72,43.92,48.8,-92.72,141.52,248.88,9.76,151.28,-122,19.52
4.88,-87.84,-92.72,43.92,48.8,-92.72,141.52,248.88,9.76,156.16,-122,14.64
4.88,-87.84,-92.72,43.92,48.8,-92.72,146.4,248.88,9.76,156.16,-122,14.64
4.88,-87.84,-92.72,43.92,48.8,-92.72,146.4,248.88,9.76,165.92,-122,14.64
0,-87.84,-87.84,43.92,43.92,-87.84,146.4,248.88,9.76,165.92,-126.88,14.64
0,-87.84,-87.84,43.92,43.92,-87.84,146.4,253.76,9.76,161.04,-126.88,14.64
9.76,-87.84,-97.6,39.04,53.68,-92.72,146.4,253.76,9.76,161.04,-126.88,14.64
9.76,-82.96,-92.72,39.04,48.8,-87.84,146.4,248.88,4.88,161.04,-126.88,14.64
4.88,-82.96,-87.84,39.04,43.92,-87.84,146.4,248.88,9.76,161.04,-122,14.64
4.88,-82.96,-87.84,39.04,43.92,-87.84,146.4,253.76,14.64,161.04,-122,9.76
0,-78.08,-78.08,39.04,39.04,-78.08,146.4,253.76,19.52,156.16,-126.88,9.76
0,-87.84,-87.84,43.92,43.92,-87.84,146.4,258.64,19.52,156.16,-126.88,14.64
0,-87.84,-87.84,43.92,43.92,-87.84,146.4,258.64,19.52,156.16,-131.76,14.64
4.88,-92.72,-97.6,43.92,48.8,-97.6,146.4,253.76,19.52,156.16,-131.76,14.64
4.88,-92.72,-97.6,43.92,48.8,-97.6,146.4,253.76,24.4,156.16,-131.76,14.64
14.64,-92.72,-107.36,39.04,58.56,-102.48,156.16,258.64,24.4,156.16,-131.76,14.64
14.64,-92.72,-107.36,39.04,58.56,-102.48,156.16,258.64,24.4,156.16,-131.76,19.52
14.64,-92.72,-107.36,39.04,58.56,-102.48,156.16,258.64,24.4,156.16,-126.88,19.52
14.64,-92.72,-107.36,39.04,58.56,-102.48,156.16,258.64,24.4,165.92,-126.88,14.64
4.88,-102.48,-107.36,48.8,53.68,-107.36,156.16,268.4,29.28,165.92,-126.88,14.64
0,-102.48,-102.48,53.68,48.8,-102.48,156.16,268.4,29.28,165.92,-126.88,14.64
0,-102.48,-102.48,53.68,48.8,-102.48,156.16,268.4,24.4,165.92,-126.88,14.64
4.88,-97.6,-102.48,48.8,53.68,-102.48,156.16,263.52,24.4,165.92,-131.76,14.64
14.64,-87.84,-102.48,39.04,58.56,-97.6,165.92,263.52,34.16,165.92,-131.76,14.64
4.88,-92.72,-97.6,43.92,48.8,-97.6,165.92,268.4,34.16,170.8,-126.88,14.64
4.88,-97.6,-102.48,48.8,53.68,-102.48,170.8,268.4,34.16,170.8,-126.88,14.64
9.76,-97.6,-107.36,43.92,58.56,-102.48,170.8,268.4,34.16,165.92,-131.76,9.76
0,-92.72,-92.72,48.8,43.92,-92.72,170.8,268.4,43.92,165.92,-131.76,0
9.76,-92.72,-102.48,43.92,53.68,-97.6,165.92,268.4,39.04,165.92,-131.76,4.88
9.76,-92.72,-102.48,43.92,53.68,-97.6,165.92,268.4,39.04,161.04,-136.64,4.88
4.88,-92.72,-97.6,43.92,48.8,-97.6,165.92,268.4,39.04,161.04,-136.64,0
9.76,-92.72,-102.48,43.92,53.68,-97.6,170.8,268.4,48.8,161.04,-136.64,9.76
14.64,-92.72,-107.36,39.04,58.56,-102.48,170.8,268.4,43.92,161.04,-136.64,9.76
0,-92.72,-92.72,48.8,43.92,-92.72,170.8,263.52,39.04,161.04,-136.64,9.76
19.52,-92.72,-112.24,39.04,63.44,-102.48,170.8,263.52,39.04,161.04,-131.76,9.76
34.16,-92.72,-126.88,29.28,78.08,-112.24,175.68,268.4,48.8,161.04,-131.76,19.52
4.88,-92.72,-97.6,43.92,48.8,-97.6,185.44,278.16,58.56,170.8,-131.76,19.52
-4.88,-92.72,-87.84,48.8,39.04,-92.72,175.68,278.16,53.68,175.68,-131.76,19.52
24.4,-107.36,-131.76,43.92,78.08,-122,175.68,278.16,48.8,175.68,-131.76,19.52
