I,II,III,aVR,aVL,aVF,V1,V2,V3,V4,V5,V6
48.8,4.88,-43.92,-24.4,43.92,-19.52,-24.4,-405.04,-356.24,-126.88,-14.64,53.68
58.56,29.28,-29.28,-43.92,43.92,0,0,-385.52,-336.72,-126.88,-4.88,63.44
53.68,19.52,-34.16,-34.16,43.92,-9.76,-19.52,-390.4,-341.6,-136.64,-24.4,48.8
43.92,19.52,-24.4,-29.28,34.16,-4.88,-24.4,-390.4,-336.72,-131.76,-19.52,48.8
43.92,39.04,-4.88,-39.04,24.4,14.64,-14.64,-370.88,-322.08,-126.88,-14.64,58.56
39.04,34.16,-4.88,-34.16,19.52,14.64,4.88,-341.6,-297.68,-126.88,-19.52,48.8
53.68,24.4,-29.28,-39.04,39.04,-4.88,29.28,-302.56,-278.16,-131.76,-34.16,39.04
87.84,34.16,-53.68,-58.56,68.32,-9.76,58.56,-253.76,-239.12,-112.24,-24.4,43.92
43.92,-24.4,-68.32,-9.76,53.68,-48.8,68.32,-214.72,-214.72,-117.12,-43.92,14.64
29.28,-39.04,-68.32,4.88,48.8,-53.68,87.84,-156.16,-161.04,-97.6,-39.04,4.88
63.44,-9.76,-73.2,-24.4,68.32,-43.92,117.12,-58.56,-48.8,-29.28,4.88,43.92
92.72,34.16,-58.56,-63.44,73.2,-14.64,131.76,19.52,39.04,24.4,43.92,73.2
82.96,29.28,-53.68,-53.68,68.32,-14.64,136.64,58.56,63.44,24.4,39.04,68.32
73.2,39.04,-34.16,-53.68,53.68,0,136.64,82.96,92.72,63.44,78.08,102.48
112.24,112.24,0,-112.24,53.68,53.68,136.64,112.24,165.92,170.8,165.92,175.68
214.72,258.64,43.92,-234.24,82.96,151.28,141.52,141.52,258.64,322.08,322.08,312.32
292.8,361.12,68.32,-326.96,112.24,214.72,73.2,87.84,331.84,502.64,502.64,468.48
224.48,312.32,87.84,-268.4,68.32,200.08,-39.04,-9.76,370.88,663.68,678.32,624.64
317.2,429.44,112.24,-370.88,102.48,268.4,-97.6,-58.56,453.84,883.28,917.44,824.72
395.28,512.4,117.12,-453.84,136.64,312.32,-190.32,-161.04,512.4,1083.36,1132.16,1019.92
478.24,629.52,151.28,-551.44,161.04,390.4,-248.88,-263.52,546.56,1302.96,1390.8,1254.16
536.8,741.76,204.96,-639.28,165.92,473.36,-283.04,-375.76,561.2,1517.68,1659.2,1498.16
580.72,858.88,278.16,-717.36,151.28,566.08,-317.2,-517.28,531.92,1742.16,1927.6,1732.4
546.56,946.72,400.16,-746.64,73.2,673.44,-351.36,-683.2,400.16,1854.4,2083.76,1888.56
488,1010.16,522.16,-746.64,-19.52,766.16,-356.24,-858.88,165.92,1810.48,2113.04,1966.64
502.64,1112.64,610,-805.2,-53.68,858.88,-326.96,-946.72,-9.76,1742.16,2117.92,2010.56
434.32,1112.64,678.32,-771.04,-122,893.04,-317.2,-1088.24,-287.92,1527.44,1971.52,1937.36
370.88,1058.96,688.08,-712.48,-161.04,873.52,-322.08,-1259.04,-605.12,1200.48,1693.36,1747.04
283.04,868.64,585.6,-575.84,-151.28,727.12,-312.32,-1390.8,-902.8,732,1229.76,1371.28
180.56,614.88,434.32,-395.28,-126.88,522.16,-312.32,-1542.08,-1254.16,136.64,619.76,873.52
78.08,390.4,312.32,-234.24,-117.12,351.36,-292.8,-1629.92,-1512.8,-366,112.24,434.32
-14.64,268.4,283.04,-126.88,-151.28,273.28,-219.6,-1595.76,-1586,-629.52,-165.92,180.56
-73.2,234.24,307.44,-78.08,-190.32,268.4,-117.12,-1517.68,-1542.08,-722.24,-283.04,48.8
-97.6,146.4,244,-24.4,-170.8,195.2,-82.96,-1478.64,-1507.92,-780.8,-385.52,-73.2
-136.64,48.8,185.44,43.92,-161.04,117.12,-92.72,-1439.6,-1449.36,-814.96,-448.96,-151.28
-180.56,-24.4,156.16,102.48,-170.8,63.44,-117.12,-1356.64,-1356.64,-790.56,-453.84,-185.44
-136.64,-19.52,117.12,78.08,-126.88,48.8,-136.64,-1239.52,-1220,-736.88,-424.56,-175.68
-63.44,9.76,73.2,29.28,-68.32,39.04,-161.04,-1122.4,-1098,-668.56,-390.4,-165.92
-87.84,-19.52,68.32,53.68,-78.08,24.4,-185.44,-1015.04,-990.64,-600.24,-346.48,-141.52
-78.08,-29.28,48.8,53.68,-63.44,9.76,-214.72,-922.32,-893.04,-541.68,-322.08,-141.52
-48.8,-19.52,29.28,34.16,-39.04,4.88,-234.24,-834.48,-800.32,-478.24,-287.92,-126.88
-39.04,-14.64,24.4,29.28,-34.16,4.88,-229.36,-746.64,-717.36,-429.44,-253.76,-107.36
-29.28,-9.76,19.52,19.52,-24.4,4.88,-224.48,-658.8,-624.64,-390.4,-224.48,-82.96
9.76,14.64,4.88,-9.76,0,9.76,-180.56,-556.32,-527.04,-322.08,-185.44,-53.68
34.16,24.4,-9.76,-29.28,19.52,4.88,-141.52,-473.36,-439.2,-268.4,-146.4,-24.4
9.76,9.76,0,-9.76,4.88,4.88,-107.36,-400.16,-366,-209.84,-107.36,14.64
24.4,19.52,-4.88,-19.52,14.64,4.88,-92.72,-336.72,-302.56,-165.92,-78.08,34.16
68.32,39.04,-29.28,-53.68,48.8,4.88,-58.56,-263.52,-239.12,-112.24,-43.92,53.68
34.16,-9.76,-43.92,-9.76,39.04,-29.28,-48.8,-239.12,-234.24,-131.76,-53.68,39.04
9.76,-43.92,-53.68,19.52,29.28,-48.8,-19.52,-209.84,-214.72,-136.64,-63.44,19.52
34.16,-19.52,-53.68,-4.88,43.92,-39.04,-9.76,-180.56,-190.32,-117.12,-53.68,14.64
39.04,-14.64,-53.68,-9.76,43.92,-34.16,-9.76,-170.8,-185.44,-112.24,-53.68,9.76
0,-53.68,-53.68,29.28,24.4,-53.68,-9.76,-185.44,-185.44,-126.88,-68.32,-4.88
14.64,-48.8,-63.44,19.52,39.04,-58.56,-14.64,-170.8,-170.8,-107.36,-68.32,-9.76
39.04,-29.28,-68.32,-4.88,53.68,-48.8,-19.52,-165.92,-156.16,-97.6,-58.56,-4.88
43.92,-29.28,-73.2,-4.88,58.56,-53.68,-9.76,-156.16,-146.4,-92.72,-53.68,-4.88
63.44,-14.64,-78.08,-24.4,68.32,-48.8,0,-146.4,-146.4,-102.48,-63.44,-4.88
87.84,-9.76,-97.6,-39.04,92.72,-53.68,14.64,-131.76,-141.52,-92.72,-58.56,-9.76
63.44,-29.28,-92.72,-14.64,78.08,-63.44,14.64,-122,-131.76,-82.96,-48.8,0
14.64,-73.2,-87.84,29.28,48.8,-82.96,4.88,-122,-141.52,-73.2,-43.92,0
0,-73.2,-73.2,39.04,34.16,-73.2,9.76,-117.12,-126.88,-58.56,-34.16,9.76
29.28,-43.92,-73.2,9.76,48.8,-58.56,19.52,-97.6,-97.6,-48.8,-24.4,9.76
53.68,-14.64,-68.32,-19.52,58.56,-43.92,14.64,-87.84,-92.72,-43.92,-24.4,4.88
58.56,-19.52,-78.08,-19.52,68.32,-48.8,9.76,-82.96,-87.84,-48.8,-34.16,-4.88
19.52,-73.2,-92.72,29.28,53.68,-82.96,-9.76,-102.48,-107.36,-73.2,-58.56,-24.4
14.64,-92.72,-107.36,39.04,58.56,-102.48,-14.64,-97.6,-107.36,-92.72,-68.32,-34.16
43.92,-53.68,-97.6,4.88,68.32,-78.08,9.76,-78.08,-92.72,-82.96,-58.56,-29.28
34.16,-53.68,-87.84,9.76,58.56,-73.2,29.28,-68.32,-78.08,-53.68,-39.04,-14.64
14.64,-78.08,-92.72,34.16,53.68,-87.84,14.64,-82.96,-87.84,-53.68,-39.04,-19.52
78.08,-9.76,-87.84,-34.16,82.96,-48.8,34.16,-53.68,-73.2,-29.28,-14.64,0
73.2,0,-73.2,-34.16,73.2,-39.04,34.16,-58.56,-78.08,-39.04,-24.4,-4.88
4.88,-78.08,-82.96,39.04,43.92,-82.96,4.88,-78.08,-92.72,-53.68,-43.92,-24.4
-9.76,-82.96,-73.2,48.8,29.28,-78.08,-4.88,-73.2,-82.96,-48.8,-34.16,-24.4
24.4,-53.68,-78.08,14.64,48.8,-68.32,4.88,-58.56,-68.32,-34.16,-29.28,-24.4
24.4,-63.44,-87.84,19.52,53.68,-78.08,0,-63.44,-58.56,-39.04,-29.28,-29.28
-9.76,-97.6,-87.84,53.68,39.04,-92.72,0,-68.32,-68.32,-48.8,-43.92,-43.92
43.92,-43.92,-87.84,0,63.44,-68.32,19.52,-48.8,-53.68,-43.92,-39.04,-39.04
58.56,-14.64,-73.2,-19.52,63.44,-43.92,34.16,-29.28,-43.92,-19.52,-19.52,-29.28
39.04,-34.16,-73.2,0,53.68,-53.68,29.28,-39.04,-48.8,-19.52,-14.64,-29.28
24.4,-43.92,-68.32,9.76,43.92,-58.56,29.28,-24.4,-53.68,-24.4,-14.64,-24.4
4.88,-73.2,-78.08,34.16,39.04,-78.08,4.88,-39.04,-73.2,-43.92,-34.16,-39.04
48.8,-39.04,-87.84,-4.88,68.32,-63.44,19.52,-19.52,-48.8,-24.4,-19.52,-29.28
48.8,-43.92,-92.72,0,68.32,-68.32,14.64,-24.4,-43.92,-34.16,-24.4,-34.16
39.04,-53.68,-92.72,9.76,63.44,-73.2,9.76,-24.4,-43.92,-29.28,-34.16,-39.04
58.56,-24.4,-82.96,-14.64,68.32,-53.68,19.52,-14.64,-24.4,-9.76,-14.64,-29.28
39.04,-34.16,-73.2,0,53.68,-53.68,9.76,-9.76,-19.52,-4.88,-14.64,-24.4
4.88,-53.68,-58.56,24.4,29.28,-58.56,-9.76,-9.76,-29.28,-14.64,-19.52,-29.28
4.88,-53.68,-58.56,24.4,29.28,-58.56,-9.76,-9.76,-29.28,-9.76,-19.52,-24.4
24.4,-39.04,-63.44,9.76,43.92,-53.68,-4.88,-14.64,-29.28,-9.76,-9.76,-19.52
29.28,-39.04,-68.32,4.88,48.8,-53.68,4.88,-4.88,-29.28,-14.64,-14.64,-19.52
14.64,-58.56,-73.2,24.4,43.92,-68.32,-9.76,-19.52,-39.04,-24.4,-24.4,-29.28
39.04,-43.92,-82.96,4.88,58.56,-63.44,-9.76,-4.88,-24.4,-14.64,-24.4,-24.4
48.8,-34.16,-82.96,-4.88,63.44,-58.56,-4.88,0,-19.52,-24.4,-24.4,-34.16
29.28,-48.8,-78.08,9.76,53.68,-63.44,0,9.76,-14.64,-24.4,-34.16,-39.04
9.76,-68.32,-78.08,29.28,43.92,-73.2,-9.76,-4.88,-19.52,-34.16,-43.92,-53.68
24.4,-53.68,-78.08,14.64,48.8,-68.32,0,4.88,0,-19.52,-34.16,-39.04
58.56,-19.52,-78.08,-19.52,68.32,-48.8,14.64,19.52,9.76,-9.76,-24.4,-34.16
87.84,0,-87.84,-43.92,87.84,-43.92,24.4,39.04,14.64,4.88,-14.64,-24.4
-9.76,-92.72,-82.96,53.68,34.16,-87.84,0,14.64,-9.76,-19.52,-29.28,-43.92
-34.16,-117.12,-82.96,78.08,24.4,-102.48,-9.76,9.76,-19.52,-34.16,-43.92,-43.92
24.4,-68.32,-92.72,24.4,58.56,-82.96,0,29.28,-4.88,-19.52,-29.28,-34.16
14.64,-82.96,-97.6,34.16,53.68,-92.72,-4.88,39.04,4.88,-14.64,-29.28,-34.16
24.4,-73.2,-97.6,24.4,58.56,-87.84,-4.88,53.68,9.76,-19.52,-34.16,-24.4
43.92,-48.8,-92.72,4.88,68.32,-73.2,4.88,68.32,34.16,-14.64,-29.28,-14.64
34.16,-63.44,-97.6,14.64,63.44,-82.96,4.88,68.32,39.04,-14.64,-29.28,-19.52
24.4,-82.96,-107.36,29.28,63.44,-97.6,-4.88,58.56,34.16,-24.4,-39.04,-24.4
9.76,-107.36,-117.12,48.8,63.44,-112.24,-9.76,48.8,19.52,-34.16,-48.8,-39.04
-4.88,-102.48,-97.6,53.68,43.92,-102.48,-14.64,68.32,39.04,-14.64,-34.16,-19.52
19.52,-68.32,-87.84,24.4,53.68,-78.08,-4.88,82.96,48.8,4.88,-14.64,0
48.8,-39.04,-87.84,-4.88,68.32,-63.44,0,78.08,43.92,9.76,-14.64,0
63.44,-34.16,-97.6,-14.64,78.08,-68.32,-4.88,82.96,48.8,14.64,-9.76,0
43.92,-53.68,-97.6,4.88,68.32,-78.08,0,92.72,58.56,4.88,-19.52,-4.88
24.4,-63.44,-87.84,19.52,53.68,-78.08,-9.76,102.48,58.56,-14.64,-29.28,-9.76
43.92,-53.68,-97.6,4.88,68.32,-78.08,-4.88,102.48,68.32,-9.76,-34.16,-9.76
68.32,-34.16,-102.48,-14.64,82.96,-68.32,9.76,112.24,92.72,0,-19.52,-9.76
24.4,-78.08,-102.48,29.28,63.44,-92.72,9.76,117.12,107.36,-4.88,-29.28,-19.52
73.2,-48.8,-122,-9.76,97.6,-87.84,14.64,122,112.24,0,-24.4,-9.76
97.6,-29.28,-126.88,-34.16,112.24,-78.08,29.28,131.76,122,9.76,-9.76,9.76
63.44,-63.44,-126.88,0,92.72,-97.6,29.28,126.88,107.36,0,-14.64,4.88
9.76,-122,-131.76,58.56,68.32,-126.88,9.76,117.12,78.08,-24.4,-48.8,-9.76
53.68,-68.32,-122,9.76,87.84,-97.6,29.28,141.52,97.6,-4.88,-24.4,-9.76
0,-112.24,-112.24,58.56,53.68,-112.24,9.76,126.88,92.72,-14.64,-39.04,-63.44
9.76,-97.6,-107.36,43.92,58.56,-102.48,4.88,141.52,107.36,-14.64,-34.16,-78.08
4.88,-112.24,-117.12,53.68,58.56,-117.12,0,122,97.6,-29.28,-63.44,-107.36
14.64,-107.36,-122,48.8,68.32,-117.12,14.64,131.76,112.24,-19.52,-53.68,-107.36
29.28,-87.84,-117.12,29.28,73.2,-102.48,29.28,141.52,136.64,-4.88,-43.92,-97.6
43.92,-82.96,-126.88,19.52,82.96,-107.36,43.92,146.4,146.4,-9.76,-43.92,-92.72
19.52,-97.6,-117.12,39.04,68.32,-107.36,34.16,146.4,131.76,-14.64,-58.56,-107.36
24.4,-97.6,-122,39.04,73.2,-112.24,43.92,156.16,131.76,-14.64,-53.68,-97.6
39.04,-102.48,-141.52,34.16,87.84,-122,34.16,146.4,117.12,-29.28,-58.56,-107.36
43.92,-92.72,-136.64,24.4,87.84,-117.12,34.16,156.16,126.88,-29.28,-58.56,-112.24
68.32,-58.56,-126.88,-4.88,97.6,-92.72,48.8,175.68,136.64,-19.52,-53.68,-102.48
58.56,-87.84,-146.4,14.64,102.48,-117.12,29.28,156.16,131.76,-39.04,-68.32,-112.24
19.52,-122,-141.52,53.68,78.08,-131.76,19.52,161.04,122,-58.56,-82.96,-131.76
68.32,-82.96,-151.28,9.76,107.36,-117.12,39.04,185.44,151.28,-43.92,-68.32,-117.12
58.56,-92.72,-151.28,19.52,102.48,-122,29.28,190.32,156.16,-48.8,-78.08,-122
39.04,-131.76,-170.8,48.8,102.48,-151.28,24.4,180.56,141.52,-63.44,-92.72,-136.64
87.84,-78.08,-165.92,-4.88,126.88,-122,43.92,190.32,146.4,-48.8,-78.08,-126.88
63.44,-102.48,-165.92,19.52,112.24,-136.64,34.16,185.44,136.64,-63.44,-87.84,-126.88
34.16,-141.52,-175.68,53.68,102.48,-161.04,19.52,175.68,102.48,-87.84,-107.36,-146.4
48.8,-131.76,-180.56,43.92,112.24,-156.16,9.76,175.68,102.48,-92.72,-112.24,-151.28
68.32,-102.48,-170.8,19.52,117.12,-136.64,9.76,180.56,102.48,-92.72,-117.12,-146.4
107.36,-78.08,-185.44,-14.64,146.4,-131.76,14.64,200.08,107.36,-97.6,-122,-146.4
82.96,-87.84,-170.8,4.88,126.88,-131.76,14.64,200.08,92.72,-112.24,-136.64,-170.8
48.8,-122,-170.8,39.04,107.36,-146.4,9.76,185.44,92.72,-126.88,-136.64,-175.68
87.84,-78.08,-165.92,-4.88,126.88,-122,24.4,200.08,107.36,-117.12,-131.76,-161.04
48.8,-122,-170.8,39.04,107.36,-146.4,9.76,180.56,78.08,-141.52,-146.4,-170.8
34.16,-136.64,-170.8,53.68,102.48,-156.16,9.76,170.8,63.44,-146.4,-156.16,-180.56
53.68,-117.12,-170.8,34.16,112.24,-146.4,9.76,175.68,58.56,-156.16,-161.04,-175.68
48.8,-122,-170.8,39.04,107.36,-146.4,14.64,175.68,48.8,-165.92,-165.92,-175.68
43.92,-126.88,-170.8,43.92,107.36,-151.28,4.88,170.8,34.16,-175.68,-175.68,-185.44
29.28,-126.88,-156.16,48.8,92.72,-141.52,0,175.68,24.4,-180.56,-185.44,-195.2
48.8,-97.6,-146.4,24.4,97.6,-122,9.76,180.56,34.16,-185.44,-180.56,-185.44
92.72,-63.44,-156.16,-14.64,122,-112.24,14.64,185.44,39.04,-185.44,-175.68,-185.44
82.96,-82.96,-165.92,0,122,-126.88,0,165.92,24.4,-200.08,-185.44,-195.2
53.68,-112.24,-165.92,29.28,107.36,-141.52,-4.88,156.16,19.52,-204.96,-190.32,-200.08
24.4,-131.76,-156.16,53.68,87.84,-146.4,-24.4,156.16,4.88,-219.6,-209.84,-204.96
14.64,-146.4,-161.04,68.32,87.84,-156.16,-34.16,141.52,-19.52,-229.36,-219.6,-219.6
63.44,-102.48,-165.92,19.52,112.24,-136.64,-29.28,136.64,-24.4,-229.36,-204.96,-209.84
14.64,-136.64,-151.28,63.44,82.96,-146.4,-34.16,117.12,-43.92,-244,-219.6,-214.72
43.92,-97.6,-141.52,29.28,92.72,-122,-34.16,126.88,-39.04,-234.24,-200.08,-195.2
87.84,-58.56,-146.4,-14.64,117.12,-102.48,-34.16,131.76,-34.16,-229.36,-195.2,-185.44
43.92,-92.72,-136.64,24.4,87.84,-117.12,-39.04,131.76,-39.04,-234.24,-204.96,-190.32
48.8,-73.2,-122,14.64,82.96,-97.6,-39.04,126.88,-34.16,-239.12,-204.96,-190.32
24.4,-92.72,-117.12,34.16,68.32,-107.36,-39.04,122,-29.28,-234.24,-200.08,-195.2
24.4,-87.84,-112.24,34.16,68.32,-102.48,-39.04,117.12,-34.16,-229.36,-195.2,-190.32
34.16,-78.08,-112.24,24.4,73.2,-97.6,-43.92,117.12,-29.28,-219.6,-175.68,-175.68
34.16,-78.08,-112.24,24.4,73.2,-97.6,-43.92,122,-24.4,-209.84,-170.8,-170.8
19.52,-82.96,-102.48,34.16,58.56,-92.72,-29.28,117.12,-29.28,-195.2,-156.16,-156.16
48.8,-29.28,-78.08,-9.76,63.44,-53.68,-24.4,122,-14.64,-180.56,-146.4,-131.76
53.68,-19.52,-73.2,-14.64,63.44,-48.8,-29.28,136.64,-9.76,-165.92,-126.88,-122
73.2,0,-73.2,-34.16,73.2,-39.04,-14.64,141.52,-9.76,-156.16,-122,-117.12
29.28,-29.28,-58.56,0,43.92,-43.92,-34.16,122,-14.64,-156.16,-126.88,-122
14.64,-24.4,-39.04,4.88,24.4,-34.16,-29.28,122,9.76,-136.64,-107.36,-112.24
34.16,-4.88,-39.04,-14.64,34.16,-24.4,-19.52,136.64,24.4,-117.12,-92.72,-97.6
48.8,14.64,-34.16,-29.28,39.04,-9.76,-9.76,156.16,39.04,-102.48,-78.08,-92.72
19.52,-19.52,-39.04,0,29.28,-29.28,-24.4,136.64,29.28,-102.48,-82.96,-97.6
0,-34.16,-34.16,19.52,14.64,-34.16,-19.52,136.64,34.16,-92.72,-68.32,-87.84
-14.64,-39.04,-24.4,29.28,4.88,-34.16,-14.64,126.88,29.28,-92.72,-68.32,-82.96
9.76,-14.64,-24.4,4.88,14.64,-19.52,0,131.76,29.28,-92.72,-53.68,-73.2
29.28,19.52,-9.76,-24.4,19.52,4.88,29.28,161.04,58.56,-58.56,-24.4,-53.68
53.68,48.8,-4.88,-48.8,29.28,19.52,48.8,170.8,68.32,-39.04,-14.64,-39.04
24.4,24.4,0,-24.4,9.76,9.76,29.28,161.04,63.44,-43.92,-24.4,-48.8
39.04,24.4,-14.64,-29.28,24.4,4.88,34.16,175.68,78.08,-39.04,-19.52,-43.92
19.52,4.88,-14.64,-9.76,14.64,-4.88,29.28,165.92,73.2,-43.92,-24.4,-58.56
-14.64,-39.04,-24.4,29.28,4.88,-34.16,9.76,151.28,58.56,-58.56,-43.92,-68.32
0,-9.76,-9.76,4.88,4.88,-9.76,29.28,161.04,73.2,-39.04,-24.4,-58.56
-4.88,-14.64,-9.76,9.76,0,-14.64,34.16,165.92,78.08,-24.4,-9.76,-53.68
-4.88,-9.76,-4.88,9.76,0,-9.76,34.16,161.04,68.32,-24.4,-4.88,-48.8
9.76,-4.88,-14.64,0,9.76,-9.76,48.8,161.04,68.32,-24.4,-9.76,-48.8
-9.76,-14.64,-4.88,14.64,-4.88,-9.76,53.68,161.04,63.44,-24.4,-9.76,-53.68
-19.52,-9.76,9.76,14.64,-14.64,0,48.8,161.04,63.44,-24.4,-9.76,-58.56
-4.88,4.88,9.76,0,-9.76,4.88,48.8,165.92,73.2,-19.52,-4.88,-53.68
34.16,34.16,0,-34.16,14.64,14.64,48.8,175.68,87.84,-9.76,4.88,-43.92
4.88,19.52,14.64,-9.76,-4.88,14.64,58.56,185.44,102.48,4.88,14.64,-39.04
14.64,39.04,24.4,-24.4,-4.88,29.28,63.44,185.44,117.12,14.64,24.4,-29.28
24.4,39.04,14.64,-29.28,4.88,24.4,68.32,195.2,117.12,19.52,24.4,-29.28
24.4,39.04,14.64,-29.28,4.88,24.4,78.08,200.08,122,14.64,29.28,-29.28
14.64,39.04,24.4,-24.4,-4.88,29.28,78.08,200.08,112.24,9.76,24.4,-34.16
-4.88,24.4,29.28,-9.76,-19.52,24.4,78.08,204.96,112.24,14.64,29.28,-29.28
-19.52,0,19.52,9.76,-19.52,9.76,78.08,200.08,107.36,14.64,24.4,-34.16
-39.04,-14.64,24.4,29.28,-34.16,4.88,68.32,190.32,97.6,9.76,14.64,-43.92
-43.92,-19.52,24.4,34.16,-34.16,0,78.08,185.44,97.6,9.76,19.52,-34.16
-29.28,-9.76,19.52,19.52,-24.4,4.88,78.08,195.2,112.24,14.64,19.52,-29.28
-29.28,-19.52,9.76,24.4,-19.52,-4.88,78.08,204.96,122,24.4,19.52,-34.16
34.16,43.92,9.76,-39.04,9.76,24.4,82.96,214.72,146.4,43.92,43.92,-9.76
9.76,4.88,-4.88,-4.88,4.88,0,58.56,185.44,131.76,19.52,24.4,-29.28
-24.4,-34.16,-9.76,29.28,-9.76,-24.4,39.04,170.8,102.48,4.88,4.88,-48.8
-43.92,-34.16,9.76,39.04,-29.28,-14.64,58.56,180.56,112.24,14.64,19.52,-34.16
-4.88,14.64,19.52,-4.88,-14.64,14.64,78.08,190.32,122,29.28,34.16,-14.64
-43.92,-14.64,29.28,29.28,-39.04,4.88,58.56,185.44,112.24,24.4,29.28,-24.4
-4.88,14.64,19.52,-4.88,-14.64,14.64,73.2,209.84,126.88,39.04,39.04,-14.64
-19.52,0,19.52,9.76,-19.52,9.76,73.2,219.6,131.76,39.04,39.04,-14.64
-9.76,0,9.76,4.88,-9.76,4.88,82.96,224.48,146.4,43.92,39.04,-14.64
92.72,102.48,9.76,-97.6,39.04,53.68,112.24,253.76,180.56,73.2,78.08,14.64
29.28,34.16,4.88,-29.28,9.76,19.52,78.08,229.36,165.92,58.56,48.8,-9.76
-43.92,-48.8,-4.88,48.8,-19.52,-29.28,48.8,195.2,141.52,29.28,24.4,-29.28
-29.28,-24.4,4.88,29.28,-19.52,-9.76,53.68,204.96,161.04,53.68,43.92,-14.64
-43.92,-14.64,29.28,29.28,-39.04,4.88,48.8,209.84,165.92,63.44,53.68,-4.88
9.76,43.92,34.16,-24.4,-14.64,39.04,78.08,244,180.56,78.08,73.2,14.64
-34.16,14.64,48.8,9.76,-43.92,29.28,63.44,239.12,170.8,73.2,68.32,14.64
-68.32,-29.28,39.04,48.8,-53.68,4.88,48.8,219.6,156.16,58.56,53.68,-4.88
-9.76,14.64,24.4,0,-19.52,19.52,48.8,234.24,175.68,78.08,68.32,9.76
14.64,24.4,9.76,-19.52,0,14.64,48.8,234.24,190.32,78.08,68.32,4.88
4.88,4.88,0,-4.88,0,0,29.28,229.36,190.32,73.2,68.32,9.76
9.76,19.52,9.76,-14.64,0,14.64,39.04,244,200.08,78.08,82.96,14.64
-9.76,0,9.76,4.88,-9.76,4.88,29.28,239.12,204.96,82.96,78.08,14.64
14.64,14.64,0,-14.64,4.88,4.88,24.4,248.88,209.84,87.84,82.96,19.52
43.92,43.92,0,-43.92,19.52,19.52,19.52,248.88,214.72,97.6,97.6,39.04
14.64,19.52,4.88,-14.64,4.88,9.76,14.64,244,209.84,97.6,92.72,29.28
14.64,14.64,0,-14.64,4.88,4.88,19.52,234.24,209.84,97.6,87.84,24.4
14.64,29.28,14.64,-19.52,0,19.52,19.52,239.12,209.84,102.48,92.72,29.28
4.88,24.4,19.52,-14.64,-9.76,19.52,9.76,248.88,219.6,107.36,92.72,29.28
34.16,48.8,14.64,-39.04,9.76,29.28,34.16,263.52,239.12,122,107.36,53.68
19.52,29.28,9.76,-24.4,4.88,19.52,24.4,248.88,234.24,117.12,102.48,43.92
-14.64,-4.88,9.76,9.76,-14.64,0,4.88,248.88,229.36,107.36,92.72,34.16
9.76,14.64,4.88,-9.76,0,9.76,9.76,253.76,239.12,122,102.48,39.04
24.4,19.52,-4.88,-19.52,14.64,4.88,4.88,253.76,234.24,117.12,97.6,39.04
-19.52,-19.52,0,19.52,-9.76,-9.76,-14.64,239.12,204.96,97.6,87.84,29.28
-24.4,-29.28,-4.88,29.28,-9.76,-19.52,-9.76,234.24,195.2,92.72,78.08,19.52
14.64,9.76,-4.88,-9.76,9.76,0,4.88,239.12,214.72,107.36,97.6,34.16
29.28,34.16,4.88,-29.28,9.76,19.52,24.4,263.52,229.36,117.12,107.36,43.92
0,-4.88,-4.88,4.88,0,-4.88,-4.88,258.64,224.48,107.36,92.72,29.28
0,0,0,0,0,0,0,248.88,214.72,107.36,87.84,24.4
4.88,0,-4.88,0,4.88,-4.88,19.52,244,229.36,112.24,92.72,34.16
9.76,0,-9.76,-4.88,9.76,-4.88,14.64,258.64,229.36,117.12,102.48,34.16
14.64,14.64,0,-14.64,4.88,4.88,14.64,253.76,239.12,122,92.72,29.28
14.64,9.76,-4.88,-9.76,9.76,0,14.64,263.52,229.36,122,97.6,34.16
24.4,29.28,4.88,-24.4,9.76,14.64,24.4,263.52,234.24,126.88,102.48,39.04
4.88,9.76,4.88,-4.88,0,4.88,9.76,253.76,209.84,117.12,87.84,29.28
0,9.76,9.76,-4.88,-4.88,9.76,19.52,248.88,214.72,117.12,87.84,29.28
-19.52,0,19.52,9.76,-19.52,9.76,34.16,263.52,224.48,117.12,97.6,39.04
68.32,87.84,19.52,-78.08,24.4,53.68,63.44,297.68,263.52,151.28,126.88,68.32
141.52,156.16,14.64,-146.4,63.44,82.96,73.2,312.32,287.92,175.68,141.52,82.96
19.52,34.16,14.64,-24.4,0,24.4,39.04,278.16,248.88,141.52,102.48,48.8
-78.08,-58.56,19.52,68.32,-48.8,-19.52,9.76,248.88,204.96,97.6,68.32,14.64
-34.16,-19.52,14.64,29.28,-24.4,-4.88,14.64,244,204.96,97.6,63.44,9.76
0,4.88,4.88,0,-4.88,4.88,19.52,258.64,224.48,122,82.96,29.28
-19.52,-9.76,9.76,14.64,-14.64,0,14.64,263.52,219.6,117.12,82.96,39.04
-9.76,9.76,19.52,0,-14.64,14.64,29.28,268.4,219.6,122,87.84,39.04
-34.16,-9.76,24.4,24.4,-29.28,4.88,43.92,253.76,204.96,122,92.72,34.16
-29.28,-4.88,24.4,19.52,-29.28,9.76,39.04,258.64,209.84,122,82.96,34.16
14.64,29.28,14.64,-19.52,0,19.52,43.92,263.52,219.6,122,92.72,43.92
19.52,29.28,9.76,-24.4,4.88,19.52,48.8,263.52,219.6,122,82.96,39.04
9.76,14.64,4.88,-9.76,0,9.76,48.8,268.4,214.72,112.24,73.2,39.04
14.64,24.4,9.76,-19.52,0,14.64,53.68,268.4,229.36,117.12,82.96,43.92
19.52,39.04,19.52,-29.28,0,29.28,68.32,268.4,229.36,122,82.96,43.92
29.28,58.56,29.28,-43.92,0,43.92,73.2,273.28,229.36,131.76,87.84,43.92
43.92,73.2,29.28,-58.56,4.88,48.8,78.08,278.16,234.24,146.4,102.48,63.44
53.68,87.84,34.16,-68.32,9.76,58.56,82.96,292.8,244,156.16,112.24,73.2
29.28,63.44,34.16,-43.92,-4.88,48.8,87.84,278.16,224.48,136.64,97.6,58.56
-43.92,-9.76,34.16,29.28,-39.04,9.76,63.44,253.76,200.08,112.24,73.2,34.16
-48.8,-24.4,24.4,39.04,-39.04,0,48.8,253.76,190.32,107.36,63.44,29.28
-34.16,-9.76,24.4,24.4,-29.28,4.88,58.56,248.88,195.2,122,68.32,29.28
-29.28,-14.64,14.64,24.4,-24.4,0,63.44,244,200.08,117.12,63.44,24.4
9.76,19.52,9.76,-14.64,0,14.64,73.2,244,195.2,122,63.44,19.52
39.04,43.92,4.88,-39.04,14.64,24.4,78.08,248.88,200.08,122,68.32,29.28
-4.88,14.64,19.52,-4.88,-14.64,14.64,63.44,248.88,195.2,122,63.44,29.28
-24.4,0,24.4,14.64,-24.4,9.76,53.68,248.88,195.2,117.12,63.44,29.28
-19.52,19.52,39.04,0,-29.28,29.28,53.68,234.24,185.44,117.12,63.44,29.28
-19.52,9.76,29.28,4.88,-24.4,19.52,63.44,239.12,195.2,122,68.32,34.16
34.16,58.56,24.4,-43.92,4.88,39.04,82.96,253.76,209.84,131.76,82.96,43.92
9.76,48.8,39.04,-29.28,-14.64,43.92,82.96,244,200.08,122,73.2,39.04
-19.52,24.4,43.92,0,-34.16,34.16,68.32,248.88,190.32,122,68.32,29.28
-34.16,0,34.16,19.52,-34.16,14.64,63.44,234.24,185.44,107.36,53.68,19.52
-4.88,19.52,24.4,-4.88,-14.64,19.52,58.56,239.12,200.08,112.24,58.56,29.28
19.52,58.56,39.04,-39.04,-9.76,48.8,82.96,258.64,209.84,131.76,73.2,43.92
-29.28,9.76,39.04,9.76,-34.16,24.4,78.08,239.12,190.32,112.24,58.56,29.28
-39.04,-9.76,29.28,24.4,-34.16,9.76,68.32,229.36,180.56,102.48,48.8,24.4
-34.16,4.88,39.04,14.64,-39.04,19.52,78.08,234.24,185.44,112.24,58.56,39.04
-53.68,-14.64,39.04,34.16,-48.8,9.76,53.68,209.84,161.04,92.72,39.04,19.52
-14.64,29.28,43.92,-4.88,-29.28,34.16,73.2,234.24,180.56,112.24,63.44,39.04
0,39.04,39.04,-19.52,-19.52,39.04,73.2,244,185.44,107.36,63.44,43.92
-14.64,9.76,24.4,4.88,-19.52,14.64,58.56,219.6,170.8,92.72,48.8,24.4
-39.04,-9.76,29.28,24.4,-34.16,9.76,43.92,209.84,170.8,92.72,43.92,19.52
-63.44,-24.4,39.04,43.92,-53.68,4.88,34.16,214.72,165.92,92.72,34.16,14.64
4.88,24.4,19.52,-14.64,-9.76,19.52,43.92,224.48,180.56,102.48,48.8,29.28
-4.88,14.64,19.52,-4.88,-14.64,14.64,48.8,214.72,180.56,107.36,48.8,24.4
-48.8,-24.4,24.4,39.04,-39.04,0,34.16,200.08,161.04,97.6,43.92,19.52
-34.16,-4.88,29.28,19.52,-34.16,9.76,29.28,209.84,170.8,107.36,53.68,34.16
-14.64,14.64,29.28,0,-24.4,19.52,29.28,219.6,170.8,102.48,53.68,34.16
19.52,43.92,24.4,-29.28,-4.88,34.16,29.28,229.36,185.44,117.12,63.44,48.8
-4.88,34.16,39.04,-14.64,-24.4,34.16,39.04,253.76,190.32,107.36,63.44,43.92
-19.52,34.16,53.68,-4.88,-39.04,43.92,68.32,258.64,200.08,97.6,48.8,34.16
-24.4,9.76,34.16,9.76,-29.28,19.52,82.96,273.28,209.84,87.84,24.4,9.76
-4.88,4.88,9.76,0,-9.76,4.88,97.6,322.08,244,87.84,19.52,0
-24.4,-19.52,4.88,24.4,-14.64,-9.76,112.24,385.52,283.04,92.72,14.64,-19.52
-29.28,-34.16,-4.88,34.16,-14.64,-19.52,151.28,468.48,351.36,112.24,19.52,-24.4
-34.16,-24.4,9.76,29.28,-24.4,-9.76,175.68,546.56,444.08,165.92,48.8,-4.88
0,19.52,19.52,-9.76,-9.76,19.52,209.84,624.64,522.16,219.6,87.84,29.28
29.28,58.56,29.28,-43.92,0,43.92,204.96,658.8,556.32,248.88,117.12,48.8
58.56,87.84,29.28,-73.2,14.64,58.56,190.32,663.68,580.72,297.68,156.16,78.08
78.08,146.4,68.32,-112.24,4.88,107.36,190.32,658.8,658.8,405.04,253.76,165.92
122,219.6,97.6,-170.8,9.76,156.16,126.88,614.88,736.88,556.32,395.28,278.16
180.56,292.8,112.24,-234.24,34.16,200.08,39.04,522.16,805.2,746.64,585.6,434.32
287.92,414.8,126.88,-351.36,78.08,268.4,-9.76,478.24,941.84,980.88,824.72,634.4
351.36,522.16,170.8,-434.32,87.84,346.48,-97.6,409.92,1088.24,1239.52,1073.6,854
395.28,585.6,190.32,-488,102.48,385.52,-175.68,287.92,1161.44,1478.64,1307.84,1044.32
488,683.2,195.2,-585.6,146.4,439.2,-234.24,146.4,1224.88,1722.64,1571.36,1268.8
536.8,751.52,214.72,-644.16,161.04,483.12,-322.08,-43.92,1229.76,1952,1810.48,1478.64
546.56,868.64,322.08,-707.6,112.24,595.36,-375.76,-200.08,1215.12,2166.72,2049.6,1698.24
468.48,922.32,453.84,-692.96,4.88,688.08,-414.8,-414.8,990.64,2215.52,2152.08,1815.36
429.44,1039.44,610,-732,-92.72,824.72,-419.68,-575.84,766.16,2200.88,2210.64,1903.2
400.16,1112.64,712.48,-756.4,-156.16,912.56,-405.04,-712.48,531.92,2113.04,2191.12,1927.6
351.36,1107.76,756.4,-727.12,-204.96,932.08,-439.2,-976,82.96,1805.6,1995.92,1825.12
297.68,1024.8,727.12,-658.8,-214.72,873.52,-463.6,-1166.32,-307.44,1405.44,1693.36,1620.16
248.88,863.76,614.88,-556.32,-185.44,736.88,-453.84,-1293.2,-658.8,849.12,1195.6,1254.16
151.28,649.04,497.76,-400.16,-175.68,570.96,-444.08,-1405.44,-1019.92,234.24,629.52,805.2
58.56,439.2,380.64,-248.88,-161.04,409.92,-400.16,-1444.48,-1249.28,-219.6,214.72,463.6
-68.32,302.56,370.88,-117.12,-219.6,336.72,-336.72,-1395.68,-1307.84,-448.96,-24.4,244
-126.88,248.88,375.76,-58.56,-253.76,312.32,-287.92,-1307.84,-1259.04,-527.04,-151.28,117.12
-161.04,170.8,331.84,-4.88,-248.88,248.88,-292.8,-1239.52,-1195.6,-585.6,-248.88,-4.88
-190.32,68.32,258.64,63.44,-224.48,161.04,-292.8,-1166.32,-1122.4,-614.88,-317.2,-87.84
-146.4,78.08,224.48,34.16,-185.44,151.28,-283.04,-1010.16,-971.12,-566.08,-302.56,-97.6
-122,87.84,209.84,19.52,-165.92,146.4,-263.52,-839.36,-790.56,-473.36,-244,-68.32
-107.36,73.2,180.56,19.52,-146.4,126.88,-263.52,-697.84,-649.04,-390.4,-200.08,-58.56
-63.44,68.32,131.76,0,-97.6,97.6,-248.88,-570.96,-517.28,-322.08,-170.8,-48.8
-73.2,39.04,112.24,19.52,-92.72,73.2,-234.24,-453.84,-434.32,-278.16,-156.16,-58.56
-29.28,58.56,87.84,-14.64,-58.56,73.2,-200.08,-351.36,-341.6,-219.6,-126.88,-53.68
-9.76,68.32,78.08,-29.28,-43.92,73.2,-156.16,-239.12,-244,-165.92,-92.72,-39.04
-78.08,-9.76,68.32,43.92,-73.2,29.28,-131.76,-165.92,-180.56,-146.4,-97.6,-53.68
-43.92,14.64,58.56,14.64,-53.68,34.16,-97.6,-107.36,-102.48,-97.6,-63.44,-43.92
-34.16,19.52,53.68,9.76,-43.92,34.16,-68.32,-29.28,-24.4,-63.44,-39.04,-24.4
-29.28,14.64,43.92,9.76,-39.04,29.28,-43.92,29.28,34.16,-24.4,-24.4,-14.64
-43.92,-9.76,34.16,29.28,-39.04,9.76,-24.4,73.2,73.2,0,-9.76,-14.64
-19.52,-9.76,9.76,14.64,-14.64,0,0,126.88,117.12,29.28,4.88,-9.76
0,4.88,4.88,0,-4.88,4.88,29.28,165.92,151.28,43.92,14.64,4.88
-19.52,-14.64,4.88,19.52,-14.64,-4.88,39.04,165.92,146.4,48.8,14.64,0
-29.28,-39.04,-9.76,34.16,-9.76,-24.4,29.28,161.04,136.64,34.16,4.88,-9.76
-43.92,-53.68,-9.76,48.8,-19.52,-34.16,34.16,156.16,131.76,24.4,-9.76,-24.4
-39.04,-58.56,-19.52,48.8,-9.76,-39.04,24.4,170.8,136.64,9.76,-24.4,-34.16
4.88,-24.4,-29.28,9.76,14.64,-29.28,34.16,200.08,161.04,24.4,-14.64,-29.28
9.76,-29.28,-39.04,9.76,24.4,-34.16,34.16,209.84,175.68,29.28,-14.64,-29.28
4.88,-24.4,-29.28,9.76,14.64,-29.28,34.16,204.96,180.56,34.16,-14.64,-34.16
19.52,14.64,-4.88,-14.64,9.76,4.88,58.56,224.48,204.96,58.56,4.88,-14.64
-43.92,-43.92,0,43.92,-24.4,-24.4,39.04,214.72,175.68,48.8,0,-29.28
-53.68,-53.68,0,53.68,-29.28,-29.28,39.04,214.72,180.56,58.56,9.76,-19.52
-29.28,-19.52,9.76,24.4,-19.52,-4.88,53.68,209.84,180.56,58.56,4.88,-14.64
-43.92,-43.92,0,43.92,-24.4,-24.4,53.68,195.2,156.16,43.92,-4.88,-34.16
-39.04,-29.28,9.76,34.16,-24.4,-9.76,58.56,209.84,170.8,48.8,0,-24.4
-63.44,-48.8,14.64,58.56,-39.04,-19.52,58.56,209.84,175.68,43.92,-4.88,-24.4
-39.04,-43.92,-4.88,43.92,-19.52,-24.4,58.56,214.72,180.56,43.92,-9.76,-29.28
-9.76,-39.04,-29.28,24.4,9.76,-34.16,43.92,214.72,185.44,43.92,-4.88,-29.28
-9.76,-39.04,-29.28,24.4,9.76,-34.16,43.92,214.72,185.44,48.8,-9.76,-29.28
-48.8,-73.2,-24.4,63.44,-14.64,-48.8,29.28,190.32,180.56,39.04,-14.64,-39.04
-24.4,-43.92,-19.52,34.16,-4.88,-34.16,63.44,204.96,190.32,58.56,4.88,-19.52
-43.92,-58.56,-14.64,53.68,-14.64,-39.04,58.56,204.96,190.32,58.56,4.88,-9.76
-73.2,-82.96,-9.76,78.08,-34.16,-48.8,48.8,190.32,180.56,53.68,-4.88,-24.4
-34.16,-39.04,-4.88,39.04,-14.64,-24.4,63.44,204.96,190.32,63.44,9.76,-14.64
-34.16,-29.28,4.88,34.16,-19.52,-14.64,68.32,219.6,195.2,63.44,9.76,-19.52
-29.28,-24.4,4.88,29.28,-19.52,-9.76,68.32,219.6,190.32,53.68,4.88,-14.64
-29.28,-24.4,4.88,29.28,-19.52,-9.76,73.2,219.6,195.2,53.68,0,-19.52
-39.04,-43.92,-4.88,43.92,-19.52,-24.4,63.44,224.48,200.08,58.56,0,-19.52
-34.16,-34.16,0,34.16,-19.52,-19.52,58.56,224.48,195.2,53.68,-4.88,-24.4
-58.56,-73.2,-14.64,68.32,-24.4,-43.92,53.68,204.96,180.56,43.92,-14.64,-29.28
-48.8,-63.44,-14.64,58.56,-19.52,-39.04,53.68,209.84,185.44,53.68,-4.88,-24.4
-43.92,-39.04,4.88,43.92,-24.4,-19.52,58.56,214.72,195.2,63.44,4.88,-4.88
-53.68,-39.04,14.64,48.8,-34.16,-14.64,58.56,224.48,195.2,63.44,0,-4.88
-29.28,-14.64,14.64,24.4,-24.4,0,82.96,234.24,209.84,73.2,14.64,9.76
-19.52,-9.76,9.76,14.64,-14.64,0,78.08,234.24,195.2,63.44,9.76,4.88
-63.44,-53.68,9.76,58.56,-39.04,-24.4,48.8,214.72,180.56,39.04,-14.64,-14.64
-58.56,-48.8,9.76,53.68,-34.16,-19.52,58.56,224.48,185.44,39.04,-14.64,-19.52
-48.8,-58.56,-9.76,53.68,-19.52,-34.16,58.56,224.48,185.44,39.04,-14.64,-19.52
-29.28,-43.92,-14.64,39.04,-9.76,-29.28,58.56,224.48,190.32,43.92,-19.52,-19.52
-9.76,-29.28,-19.52,19.52,4.88,-24.4,53.68,219.6,209.84,53.68,-14.64,-19.52
-43.92,-53.68,-9.76,48.8,-19.52,-34.16,48.8,219.6,204.96,58.56,-4.88,-19.52
-73.2,-78.08,-4.88,78.08,-34.16,-43.92,53.68,209.84,195.2,43.92,-9.76,-14.64
-29.28,-39.04,-9.76,34.16,-9.76,-24.4,58.56,209.84,190.32,43.92,-14.64,-14.64
-4.88,-14.64,-9.76,9.76,0,-14.64,68.32,239.12,200.08,63.44,4.88,4.88
-29.28,-43.92,-14.64,39.04,-9.76,-29.28,53.68,229.36,200.08,58.56,-4.88,-9.76
-78.08,-97.6,-19.52,87.84,-29.28,-58.56,34.16,209.84,175.68,29.28,-34.16,-34.16
-53.68,-78.08,-24.4,68.32,-14.64,-53.68,43.92,224.48,195.2,39.04,-29.28,-34.16
-48.8,-73.2,-24.4,63.44,-14.64,-48.8,43.92,239.12,214.72,48.8,-14.64,-24.4
-43.92,-82.96,-39.04,63.44,-4.88,-63.44,43.92,239.12,219.6,43.92,-24.4,-29.28
4.88,-53.68,-58.56,24.4,29.28,-58.56,43.92,253.76,224.48,58.56,-19.52,-24.4
-4.88,-48.8,-43.92,29.28,19.52,-48.8,48.8,258.64,229.36,73.2,-4.88,-19.52
-4.88,-53.68,-48.8,29.28,19.52,-53.68,48.8,258.64,229.36,63.44,-4.88,-9.76
24.4,-19.52,-43.92,0,34.16,-34.16,68.32,263.52,229.36,68.32,0,0
-9.76,-58.56,-48.8,34.16,19.52,-53.68,58.56,248.88,204.96,48.8,-14.64,-9.76
-78.08,-122,-43.92,102.48,-19.52,-82.96,39.04,234.24,200.08,29.28,-29.28,-34.16
-53.68,-92.72,-39.04,73.2,-9.76,-68.32,39.04,244,204.96,29.28,-39.04,-34.16
-39.04,-92.72,-53.68,68.32,4.88,-73.2,39.04,244,209.84,29.28,-43.92,-43.92
-39.04,-92.72,-53.68,68.32,4.88,-73.2,24.4,244,229.36,24.4,-43.92,-43.92
-48.8,-102.48,-53.68,78.08,0,-78.08,24.4,253.76,239.12,34.16,-43.92,-43.92
-9.76,-63.44,-53.68,39.04,19.52,-58.56,48.8,263.52,248.88,43.92,-34.16,-34.16
-4.88,-58.56,-53.68,34.16,24.4,-58.56,53.68,273.28,253.76,53.68,-29.28,-29.28
-43.92,-82.96,-39.04,63.44,-4.88,-63.44,39.04,268.4,244,43.92,-29.28,-29.28
-48.8,-97.6,-48.8,73.2,0,-73.2,48.8,263.52,239.12,48.8,-29.28,-34.16
-19.52,-78.08,-58.56,48.8,19.52,-68.32,48.8,292.8,239.12,48.8,-24.4,-29.28
-29.28,-82.96,-53.68,58.56,9.76,-68.32,43.92,302.56,244,34.16,-29.28,-39.04
-19.52,-87.84,-68.32,53.68,24.4,-78.08,43.92,292.8,239.12,19.52,-39.04,-48.8
-19.52,-87.84,-68.32,53.68,24.4,-78.08,43.92,297.68,248.88,29.28,-43.92,-48.8
-14.64,-92.72,-78.08,53.68,29.28,-87.84,48.8,302.56,268.4,34.16,-43.92,-48.8
-9.76,-87.84,-78.08,48.8,34.16,-82.96,53.68,317.2,283.04,48.8,-34.16,-48.8
-19.52,-92.72,-73.2,58.56,24.4,-82.96,58.56,312.32,273.28,39.04,-39.04,-43.92
-43.92,-112.24,-68.32,78.08,9.76,-92.72,53.68,307.44,268.4,39.04,-39.04,-48.8
34.16,-34.16,-68.32,0,48.8,-53.68,87.84,346.48,297.68,63.44,-9.76,-19.52
19.52,-48.8,-68.32,14.64,43.92,-58.56,87.84,356.24,297.68,68.32,-14.64,-24.4
-73.2,-131.76,-58.56,102.48,-9.76,-97.6,58.56,336.72,278.16,53.68,-29.28,-39.04
-73.2,-122,-48.8,97.6,-14.64,-87.84,63.44,341.6,278.16,39.04,-34.16,-48.8
-39.04,-107.36,-68.32,73.2,14.64,-87.84,78.08,346.48,278.16,29.28,-39.04,-48.8
-14.64,-102.48,-87.84,58.56,34.16,-97.6,63.44,361.12,292.8,39.04,-43.92,-48.8
-19.52,-102.48,-82.96,63.44,29.28,-92.72,68.32,390.4,312.32,39.04,-39.04,-43.92
-29.28,-112.24,-82.96,73.2,24.4,-97.6,68.32,370.88,307.44,34.16,-53.68,-53.68
-39.04,-126.88,-87.84,82.96,24.4,-107.36,68.32,356.24,297.68,24.4,-58.56,-58.56
-34.16,-117.12,-82.96,78.08,24.4,-102.48,73.2,375.76,307.44,34.16,-48.8,-48.8
-29.28,-107.36,-78.08,68.32,24.4,-92.72,82.96,375.76,302.56,24.4,-48.8,-43.92
-24.4,-92.72,-68.32,58.56,19.52,-82.96,92.72,390.4,297.68,29.28,-43.92,-43.92
-43.92,-112.24,-68.32,78.08,9.76,-92.72,82.96,390.4,297.68,19.52,-58.56,-58.56
-14.64,-97.6,-82.96,58.56,34.16,-92.72,73.2,395.28,292.8,9.76,-68.32,-68.32
-9.76,-87.84,-78.08,48.8,34.16,-82.96,87.84,400.16,297.68,-4.88,-73.2,-78.08
-19.52,-97.6,-78.08,58.56,29.28,-87.84,87.84,405.04,292.8,-4.88,-92.72,-92.72
19.52,-58.56,-78.08,19.52,48.8,-68.32,102.48,419.68,317.2,0,-73.2,-68.32
-14.64,-112.24,-97.6,63.44,39.04,-107.36,73.2,409.92,307.44,-24.4,-97.6,-92.72
0,-107.36,-107.36,53.68,53.68,-107.36,68.32,405.04,297.68,-34.16,-112.24,-102.48
-63.44,-165.92,-102.48,117.12,19.52,-136.64,39.04,390.4,283.04,-48.8,-122,-112.24
0,-92.72,-92.72,48.8,43.92,-92.72,73.2,414.8,297.68,-39.04,-102.48,-92.72
14.64,-68.32,-82.96,29.28,48.8,-78.08,87.84,419.68,287.92,-24.4,-87.84,-78.08
-63.44,-131.76,-68.32,97.6,0,-102.48,63.44,385.52,258.64,-58.56,-112.24,-102.48
-48.8,-107.36,-58.56,78.08,4.88,-82.96,92.72,405.04,263.52,-63.44,-107.36,-97.6
-29.28,-92.72,-63.44,63.44,14.64,-78.08,78.08,390.4,248.88,-82.96,-136.64,-107.36
-9.76,-92.72,-82.96,53.68,34.16,-87.84,73.2,390.4,239.12,-92.72,-141.52,-117.12
-19.52,-107.36,-87.84,63.44,34.16,-97.6,63.44,375.76,234.24,-107.36,-156.16,-126.88
-9.76,-87.84,-78.08,48.8,34.16,-82.96,73.2,370.88,244,-102.48,-146.4,-122
-9.76,-73.2,-63.44,43.92,24.4,-68.32,82.96,375.76,239.12,-97.6,-141.52,-112.24
-43.92,-117.12,-73.2,82.96,14.64,-97.6,78.08,346.48,209.84,-122,-156.16,-131.76
-29.28,-92.72,-63.44,63.44,14.64,-78.08,68.32,351.36,204.96,-126.88,-156.16,-126.88
-19.52,-82.96,-63.44,53.68,19.52,-73.2,63.44,351.36,195.2,-126.88,-151.28,-122
19.52,-53.68,-73.2,19.52,43.92,-63.44,78.08,356.24,200.08,-122,-146.4,-107.36
-29.28,-92.72,-63.44,63.44,14.64,-78.08,58.56,341.6,175.68,-151.28,-170.8,-131.76
-39.04,-102.48,-63.44,73.2,9.76,-82.96,48.8,326.96,161.04,-170.8,-195.2,-141.52
-24.4,-102.48,-78.08,63.44,24.4,-92.72,43.92,326.96,161.04,-170.8,-190.32,-141.52
14.64,-63.44,-78.08,24.4,43.92,-73.2,48.8,336.72,175.68,-165.92,-180.56,-126.88
48.8,-14.64,-63.44,-14.64,53.68,-39.04,68.32,356.24,195.2,-146.4,-165.92,-112.24
19.52,-29.28,-48.8,4.88,34.16,-39.04,73.2,336.72,180.56,-151.28,-170.8,-122
-29.28,-82.96,-53.68,58.56,9.76,-68.32,53.68,302.56,146.4,-165.92,-175.68,-126.88
-39.04,-92.72,-53.68,68.32,4.88,-73.2,43.92,287.92,131.76,-170.8,-180.56,-126.88
-48.8,-102.48,-53.68,78.08,0,-78.08,29.28,278.16,122,-180.56,-190.32,-136.64
-29.28,-82.96,-53.68,58.56,9.76,-68.32,29.28,292.8,117.12,-175.68,-175.68,-117.12
9.76,-34.16,-43.92,14.64,24.4,-39.04,43.92,307.44,131.76,-161.04,-156.16,-92.72
-19.52,-68.32,-48.8,43.92,14.64,-58.56,24.4,278.16,122,-170.8,-170.8,-107.36
-43.92,-87.84,-43.92,68.32,0,-68.32,19.52,268.4,117.12,-165.92,-165.92,-112.24
24.4,-9.76,-34.16,-4.88,29.28,-24.4,43.92,297.68,156.16,-131.76,-131.76,-78.08
43.92,34.16,-9.76,-39.04,24.4,9.76,39.04,302.56,175.68,-117.12,-117.12,-63.44
-48.8,-53.68,-4.88,53.68,-24.4,-29.28,14.64,263.52,141.52,-126.88,-131.76,-82.96
-4.88,-19.52,-14.64,14.64,4.88,-19.52,34.16,268.4,151.28,-97.6,-97.6,-58.56
29.28,19.52,-9.76,-24.4,19.52,4.88,34.16,283.04,165.92,-82.96,-82.96,-34.16
-24.4,-34.16,-9.76,29.28,-9.76,-24.4,14.64,258.64,151.28,-92.72,-92.72,-48.8
4.88,-14.64,-19.52,4.88,9.76,-19.52,14.64,248.88,141.52,-92.72,-82.96,-39.04
-24.4,-53.68,-29.28,39.04,0,-43.92,0,229.36,131.76,-97.6,-87.84,-48.8
-34.16,-53.68,-19.52,43.92,-9.76,-39.04,0,224.48,131.76,-87.84,-82.96,-43.92
0,-19.52,-19.52,9.76,9.76,-19.52,9.76,244,156.16,-63.44,-58.56,-24.4
-14.64,-24.4,-9.76,19.52,-4.88,-19.52,-4.88,244,165.92,-53.68,-53.68,-19.52
-19.52,-24.4,-4.88,24.4,-9.76,-14.64,9.76,229.36,165.92,-48.8,-53.68,-19.52
-4.88,0,4.88,4.88,-4.88,0,19.52,229.36,185.44,-14.64,-29.28,9.76
-9.76,0,9.76,4.88,-9.76,4.88,0,224.48,180.56,-9.76,-24.4,4.88
-14.64,0,14.64,9.76,-14.64,4.88,0,214.72,165.92,-14.64,-19.52,4.88
4.88,24.4,19.52,-14.64,-9.76,19.52,4.88,229.36,175.68,0,0,24.4
24.4,48.8,24.4,-34.16,0,34.16,24.4,224.48,180.56,14.64,14.64,39.04
34.16,63.44,29.28,-48.8,0,43.92,29.28,224.48,190.32,19.52,19.52,48.8
-48.8,-19.52,29.28,34.16,-39.04,4.88,9.76,209.84,170.8,4.88,0,24.4
-53.68,-24.4,29.28,39.04,-43.92,0,9.76,209.84,180.56,9.76,-4.88,19.52
-39.04,-4.88,34.16,24.4,-39.04,14.64,19.52,209.84,180.56,19.52,4.88,29.28
-92.72,-53.68,39.04,73.2,-68.32,-9.76,-4.88,204.96,175.68,9.76,-4.88,14.64
-63.44,-39.04,24.4,53.68,-43.92,-9.76,-9.76,190.32,175.68,19.52,0,24.4
-4.88,14.64,19.52,-4.88,-14.64,14.64,-4.88,200.08,185.44,34.16,24.4,29.28
-29.28,9.76,39.04,9.76,-34.16,24.4,19.52,195.2,170.8,29.28,19.52,34.16
-39.04,0,39.04,19.52,-39.04,19.52,29.28,200.08,180.56,34.16,24.4,34.16
-9.76,24.4,34.16,-4.88,-24.4,29.28,29.28,204.96,185.44,43.92,34.16,48.8
0,24.4,24.4,-9.76,-14.64,24.4,34.16,209.84,185.44,39.04,29.28,43.92
-4.88,24.4,29.28,-9.76,-19.52,24.4,29.28,214.72,180.56,34.16,19.52,39.04
-29.28,9.76,39.04,9.76,-34.16,24.4,39.04,214.72,195.2,39.04,19.52,34.16
-48.8,-14.64,34.16,34.16,-43.92,9.76,29.28,209.84,185.44,24.4,9.76,24.4
-58.56,-19.52,39.04,39.04,-48.8,9.76,24.4,209.84,190.32,29.28,4.88,19.52
-29.28,9.76,39.04,9.76,-34.16,24.4,43.92,224.48,204.96,48.8,19.52,34.16
19.52,58.56,39.04,-39.04,-9.76,48.8,58.56,244,219.6,68.32,43.92,48.8
-29.28,19.52,48.8,4.88,-39.04,34.16,48.8,234.24,209.84,63.44,39.04,53.68
-58.56,-9.76,48.8,34.16,-53.68,19.52,39.04,224.48,195.2,53.68,29.28,43.92
-53.68,-9.76,43.92,34.16,-48.8,14.64,39.04,224.48,190.32,48.8,24.4,43.92
-9.76,39.04,48.8,-14.64,-29.28,43.92,53.68,244,209.84,63.44,39.04,53.68
-48.8,-4.88,43.92,29.28,-48.8,19.52,48.8,239.12,204.96,53.68,29.28,43.92
-78.08,-29.28,48.8,53.68,-63.44,9.76,39.04,229.36,204.96,48.8,14.64,24.4
-53.68,-4.88,48.8,29.28,-53.68,19.52,53.68,248.88,219.6,58.56,29.28,39.04
-73.2,-29.28,43.92,53.68,-58.56,4.88,48.8,248.88,219.6,58.56,24.4,29.28
-58.56,-14.64,43.92,39.04,-53.68,14.64,53.68,258.64,234.24,73.2,34.16,34.16
-24.4,4.88,29.28,9.76,-29.28,14.64,53.68,263.52,234.24,78.08,39.04,34.16
-43.92,-4.88,39.04,24.4,-43.92,14.64,43.92,253.76,239.12,78.08,43.92,43.92
-48.8,-4.88,43.92,29.28,-48.8,19.52,48.8,258.64,239.12,82.96,53.68,48.8
-63.44,-4.88,58.56,34.16,-63.44,24.4,53.68,263.52,239.12,78.08,53.68,53.68
-58.56,0,58.56,29.28,-58.56,29.28,53.68,268.4,244,82.96,58.56,53.68
14.64,73.2,58.56,-43.92,-24.4,63.44,82.96,302.56,278.16,112.24,82.96,82.96
-14.64,39.04,53.68,-9.76,-34.16,43.92,73.2,292.8,273.28,97.6,68.32,58.56
-53.68,0,53.68,29.28,-53.68,24.4,68.32,283.04,273.28,97.6,58.56,53.68
-19.52,29.28,48.8,-4.88,-34.16,39.04,73.2,287.92,287.92,117.12,73.2,58.56
9.76,53.68,43.92,-29.28,-19.52,48.8,73.2,297.68,297.68,122,78.08,63.44
-39.04,4.88,43.92,19.52,-43.92,24.4,53.68,283.04,292.8,117.12,63.44,53.68
-53.68,0,53.68,29.28,-53.68,24.4,58.56,292.8,287.92,117.12,63.44,63.44
-87.84,-19.52,68.32,53.68,-78.08,24.4,43.92,283.04,278.16,112.24,63.44,53.68
-97.6,-34.16,63.44,68.32,-82.96,14.64,39.04,287.92,278.16,117.12,63.44,58.56
-39.04,24.4,63.44,9.76,-53.68,43.92,43.92,302.56,302.56,126.88,82.96,73.2
-24.4,29.28,53.68,0,-39.04,39.04,39.04,307.44,307.44,126.88,78.08,73.2
-24.4,29.28,53.68,0,-39.04,39.04,39.04,302.56,317.2,126.88,78.08,68.32
-34.16,29.28,63.44,4.88,-48.8,43.92,39.04,312.32,317.2,136.64,73.2,73.2
-34.16,24.4,58.56,4.88,-48.8,39.04,48.8,322.08,331.84,146.4,78.08,73.2
9.76,68.32,58.56,-39.04,-24.4,63.44,53.68,331.84,356.24,165.92,97.6,87.84
0,58.56,58.56,-29.28,-29.28,58.56,58.56,336.72,361.12,175.68,112.24,102.48
-4.88,48.8,53.68,-19.52,-29.28,48.8,58.56,341.6,351.36,175.68,117.12,97.6
-29.28,19.52,48.8,4.88,-39.04,34.16,53.68,331.84,341.6,165.92,107.36,82.96
-29.28,24.4,53.68,4.88,-43.92,39.04,48.8,326.96,326.96,161.04,107.36,87.84
9.76,68.32,58.56,-39.04,-24.4,63.44,63.44,351.36,351.36,175.68,122,97.6
-34.16,29.28,63.44,4.88,-48.8,43.92,58.56,351.36,351.36,175.68,117.12,92.72
-53.68,0,53.68,29.28,-53.68,24.4,58.56,346.48,351.36,170.8,112.24,87.84
0,58.56,58.56,-29.28,-29.28,58.56,68.32,361.12,375.76,190.32,126.88,107.36
-39.04,34.16,73.2,4.88,-58.56,53.68,68.32,361.12,375.76,180.56,112.24,92.72
-19.52,24.4,43.92,0,-34.16,34.16,63.44,351.36,375.76,175.68,107.36,92.72
9.76,63.44,53.68,-34.16,-24.4,58.56,73.2,361.12,385.52,195.2,131.76,112.24
9.76,68.32,58.56,-39.04,-24.4,63.44,68.32,366,390.4,209.84,141.52,117.12
24.4,82.96,58.56,-53.68,-19.52,68.32,73.2,370.88,395.28,214.72,151.28,122
-9.76,43.92,53.68,-14.64,-34.16,48.8,53.68,351.36,370.88,195.2,141.52,112.24
-58.56,-4.88,53.68,34.16,-58.56,24.4,39.04,346.48,356.24,180.56,122,92.72
-43.92,4.88,48.8,19.52,-48.8,24.4,48.8,356.24,370.88,185.44,131.76,97.6
0,48.8,48.8,-24.4,-24.4,48.8,48.8,361.12,380.64,190.32,131.76,97.6
-19.52,24.4,43.92,0,-34.16,34.16,34.16,351.36,375.76,180.56,126.88,97.6
-4.88,29.28,34.16,-9.76,-19.52,29.28,34.16,341.6,375.76,180.56,112.24,97.6
9.76,53.68,43.92,-29.28,-19.52,48.8,39.04,346.48,380.64,190.32,122,146.4
0,53.68,53.68,-24.4,-29.28,53.68,39.04,346.48,380.64,195.2,131.76,185.44
0,43.92,43.92,-19.52,-24.4,43.92,34.16,336.72,380.64,195.2,136.64,195.2
-48.8,-9.76,39.04,29.28,-43.92,14.64,24.4,322.08,361.12,175.68,117.12,170.8
-9.76,39.04,48.8,-14.64,-29.28,43.92,39.04,341.6,370.88,185.44,131.76,185.44
14.64,73.2,58.56,-43.92,-24.4,63.44,43.92,346.48,375.76,185.44,136.64,185.44
-39.04,14.64,53.68,14.64,-48.8,34.16,34.16,326.96,361.12,175.68,122,175.68
-39.04,14.64,53.68,14.64,-48.8,34.16,39.04,341.6,370.88,185.44,126.88,175.68
-24.4,24.4,48.8,0,-39.04,34.16,34.16,336.72,375.76,185.44,122,175.68
-14.64,39.04,53.68,-9.76,-34.16,43.92,39.04,336.72,375.76,185.44,122,175.68
-4.88,48.8,53.68,-19.52,-29.28,48.8,39.04,331.84,375.76,185.44,126.88,180.56
-9.76,48.8,58.56,-19.52,-34.16,53.68,34.16,326.96,366,185.44,122,170.8
-29.28,34.16,63.44,0,-48.8,48.8,39.04,326.96,366,185.44,126.88,180.56
4.88,63.44,58.56,-34.16,-29.28,58.56,48.8,336.72,361.12,185.44,131.76,190.32
-24.4,29.28,53.68,0,-39.04,39.04,34.16,317.2,346.48,170.8,112.24,175.68
-78.08,-24.4,53.68,53.68,-68.32,14.64,9.76,307.44,331.84,151.28,97.6,156.16
-73.2,-24.4,48.8,48.8,-63.44,9.76,24.4,312.32,336.72,151.28,102.48,161.04
-48.8,4.88,53.68,24.4,-53.68,29.28,29.28,312.32,341.6,156.16,102.48,156.16
-43.92,14.64,58.56,14.64,-53.68,34.16,29.28,312.32,356.24,161.04,107.36,161.04
0,39.04,39.04,-19.52,-19.52,39.04,39.04,322.08,361.12,165.92,102.48,156.16
-4.88,24.4,29.28,-9.76,-19.52,24.4,29.28,312.32,351.36,165.92,92.72,146.4
19.52,43.92,24.4,-29.28,-4.88,34.16,34.16,317.2,361.12,175.68,107.36,156.16
0,48.8,48.8,-24.4,-24.4,48.8,34.16,317.2,361.12,170.8,112.24,161.04
0,58.56,58.56,-29.28,-29.28,58.56,34.16,322.08,351.36,175.68,112.24,156.16
-58.56,9.76,68.32,24.4,-63.44,39.04,19.52,307.44,336.72,161.04,97.6,136.64
-29.28,43.92,73.2,-4.88,-53.68,58.56,24.4,312.32,341.6,161.04,107.36,146.4
-39.04,29.28,68.32,4.88,-53.68,48.8,19.52,297.68,331.84,156.16,87.84,136.64
-43.92,19.52,63.44,14.64,-53.68,39.04,19.52,302.56,331.84,156.16,87.84,131.76
-43.92,14.64,58.56,14.64,-53.68,34.16,19.52,292.8,336.72,156.16,87.84,131.76
-53.68,9.76,63.44,24.4,-58.56,34.16,9.76,283.04,326.96,151.28,82.96,126.88
-78.08,0,78.08,39.04,-78.08,39.04,9.76,278.16,312.32,146.4,78.08,131.76
-48.8,14.64,63.44,19.52,-58.56,39.04,14.64,297.68,322.08,146.4,92.72,136.64
9.76,48.8,39.04,-29.28,-14.64,43.92,24.4,307.44,341.6,161.04,102.48,151.28
29.28,78.08,48.8,-53.68,-9.76,63.44,43.92,322.08,351.36,170.8,112.24,161.04
-34.16,9.76,43.92,14.64,-39.04,24.4,29.28,302.56,326.96,151.28,92.72,141.52
-48.8,-4.88,43.92,29.28,-48.8,19.52,19.52,307.44,322.08,136.64,82.96,126.88
-29.28,9.76,39.04,9.76,-34.16,24.4,19.52,297.68,322.08,136.64,78.08,122
-48.8,-9.76,39.04,29.28,-43.92,14.64,19.52,297.68,317.2,131.76,73.2,112.24
-39.04,4.88,43.92,19.52,-43.92,24.4,29.28,302.56,331.84,146.4,87.84,122
-19.52,34.16,53.68,-4.88,-39.04,43.92,29.28,312.32,346.48,151.28,87.84,131.76
-29.28,19.52,48.8,4.88,-39.04,34.16,34.16,307.44,341.6,151.28,87.84,131.76
-58.56,-9.76,48.8,34.16,-53.68,19.52,29.28,302.56,331.84,141.52,82.96,122
-29.28,14.64,43.92,9.76,-39.04,29.28,34.16,302.56,326.96,141.52,82.96,131.76
-4.88,39.04,43.92,-14.64,-24.4,39.04,34.16,317.2,331.84,141.52,82.96,131.76
-9.76,14.64,24.4,0,-19.52,19.52,43.92,317.2,331.84,151.28,82.96,122
0,34.16,34.16,-14.64,-19.52,34.16,48.8,326.96,336.72,146.4,78.08,122
-87.84,-39.04,48.8,63.44,-68.32,4.88,29.28,297.68,307.44,126.88,48.8,97.6
-82.96,-19.52,63.44,53.68,-73.2,19.52,43.92,317.2,331.84,136.64,58.56,102.48
-68.32,-29.28,39.04,48.8,-53.68,4.88,29.28,302.56,326.96,136.64,63.44,97.6
-53.68,-34.16,19.52,43.92,-39.04,-9.76,4.88,278.16,312.32,117.12,43.92,78.08
-58.56,-19.52,39.04,39.04,-48.8,9.76,14.64,287.92,326.96,141.52,63.44,97.6
-48.8,4.88,53.68,24.4,-53.68,29.28,24.4,297.68,346.48,161.04,82.96,117.12
-43.92,14.64,58.56,14.64,-53.68,34.16,29.28,297.68,341.6,170.8,97.6,131.76
-39.04,19.52,58.56,9.76,-48.8,39.04,19.52,297.68,341.6,170.8,92.72,126.88
-29.28,39.04,68.32,-4.88,-48.8,53.68,24.4,302.56,341.6,175.68,97.6,136.64
-58.56,9.76,68.32,24.4,-63.44,39.04,24.4,297.68,331.84,151.28,82.96,126.88
-48.8,14.64,63.44,19.52,-58.56,39.04,29.28,312.32,331.84,146.4,78.08,117.12
-4.88,19.52,24.4,-4.88,-14.64,19.52,19.52,317.2,336.72,141.52,73.2,117.12
-14.64,-4.88,9.76,9.76,-14.64,0,4.88,302.56,331.84,136.64,68.32,107.36
0,19.52,19.52,-9.76,-9.76,19.52,14.64,307.44,331.84,146.4,82.96,117.12
14.64,48.8,34.16,-29.28,-9.76,39.04,24.4,322.08,346.48,165.92,97.6,126.88
-48.8,0,48.8,24.4,-48.8,24.4,9.76,312.32,341.6,170.8,92.72,122
-43.92,0,43.92,24.4,-43.92,19.52,4.88,302.56,341.6,175.68,92.72,112.24
-29.28,24.4,53.68,4.88,-43.92,39.04,0,302.56,346.48,180.56,92.72,102.48
-43.92,14.64,58.56,14.64,-53.68,34.16,4.88,312.32,346.48,175.68,92.72,107.36
-63.44,14.64,78.08,24.4,-73.2,43.92,9.76,317.2,346.48,170.8,92.72,107.36
-4.88,58.56,63.44,-24.4,-34.16,58.56,9.76,317.2,341.6,165.92,92.72,112.24
-14.64,43.92,58.56,-14.64,-39.04,48.8,4.88,307.44,341.6,156.16,82.96,102.48
-68.32,9.76,78.08,29.28,-73.2,43.92,9.76,317.2,356.24,161.04,87.84,102.48
-39.04,39.04,78.08,0,-58.56,58.56,9.76,322.08,366,175.68,92.72,102.48
-39.04,34.16,73.2,4.88,-58.56,53.68,14.64,326.96,370.88,175.68,97.6,102.48
-9.76,53.68,63.44,-19.52,-39.04,58.56,24.4,341.6,366,161.04,92.72,107.36
-68.32,-9.76,58.56,39.04,-63.44,24.4,4.88,317.2,326.96,122,63.44,82.96
-43.92,4.88,48.8,19.52,-48.8,24.4,9.76,322.08,326.96,131.76,63.44,92.72
0,34.16,34.16,-14.64,-19.52,34.16,24.4,336.72,346.48,146.4,78.08,107.36
-24.4,0,24.4,14.64,-24.4,9.76,19.52,331.84,341.6,146.4,73.2,97.6
-63.44,-53.68,9.76,58.56,-39.04,-24.4,0,307.44,331.84,136.64,63.44,82.96
-73.2,-48.8,24.4,63.44,-48.8,-14.64,4.88,312.32,336.72,161.04,73.2,87.84
-34.16,-9.76,24.4,24.4,-29.28,4.88,24.4,326.96,361.12,185.44,97.6,112.24
-39.04,-14.64,24.4,29.28,-34.16,4.88,4.88,317.2,336.72,170.8,82.96,102.48
-53.68,-9.76,43.92,34.16,-48.8,14.64,4.88,312.32,336.72,161.04,78.08,97.6
-63.44,9.76,73.2,29.28,-68.32,39.04,9.76,312.32,331.84,161.04,87.84,107.36
-58.56,19.52,78.08,19.52,-68.32,48.8,-9.76,312.32,336.72,161.04,87.84,112.24
-53.68,19.52,73.2,19.52,-63.44,43.92,-14.64,322.08,336.72,161.04,82.96,112.24
-39.04,14.64,53.68,14.64,-48.8,34.16,-19.52,322.08,336.72,136.64,73.2,102.48
-29.28,4.88,34.16,14.64,-34.16,19.52,-14.64,322.08,326.96,126.88,58.56,87.84
-29.28,14.64,43.92,9.76,-39.04,29.28,9.76,336.72,346.48,146.4,68.32,97.6
-43.92,-4.88,39.04,24.4,-43.92,14.64,4.88,331.84,351.36,151.28,68.32,78.08
-24.4,-4.88,19.52,14.64,-24.4,4.88,4.88,331.84,361.12,161.04,68.32,82.96
-9.76,14.64,24.4,0,-19.52,19.52,0,346.48,375.76,175.68,87.84,87.84
-29.28,0,29.28,14.64,-29.28,14.64,4.88,346.48,380.64,185.44,87.84,87.84
-24.4,4.88,29.28,9.76,-29.28,14.64,9.76,346.48,366,175.68,82.96,87.84
0,34.16,34.16,-14.64,-19.52,34.16,14.64,346.48,361.12,170.8,82.96,82.96
-14.64,19.52,34.16,0,-24.4,24.4,14.64,346.48,351.36,151.28,73.2,78.08
-14.64,14.64,29.28,0,-24.4,19.52,19.52,356.24,356.24,151.28,68.32,82.96
-19.52,19.52,39.04,0,-29.28,29.28,19.52,351.36,351.36,161.04,73.2,82.96
-73.2,-34.16,39.04,53.68,-58.56,0,9.76,326.96,331.84,151.28,68.32,63.44
-63.44,-19.52,43.92,43.92,-53.68,9.76,4.88,322.08,336.72,161.04,78.08,68.32
-34.16,24.4,58.56,4.88,-48.8,39.04,24.4,346.48,366,180.56,97.6,87.84
-39.04,29.28,68.32,4.88,-53.68,48.8,24.4,341.6,356.24,161.04,92.72,82.96
-53.68,0,53.68,29.28,-53.68,24.4,4.88,322.08,331.84,136.64,63.44,58.56
-73.2,-34.16,39.04,53.68,-58.56,0,0,317.2,326.96,122,53.68,48.8
-97.6,-48.8,48.8,73.2,-73.2,0,-9.76,307.44,322.08,122,43.92,43.92
-43.92,0,43.92,24.4,-43.92,19.52,4.88,317.2,331.84,146.4,63.44,53.68
-29.28,14.64,43.92,9.76,-39.04,29.28,4.88,326.96,346.48,161.04,68.32,58.56
-34.16,9.76,43.92,14.64,-39.04,24.4,-9.76,322.08,351.36,170.8,78.08,58.56
-19.52,19.52,39.04,0,-29.28,29.28,0,326.96,351.36,161.04,73.2,58.56
-9.76,34.16,43.92,-9.76,-29.28,39.04,14.64,336.72,356.24,156.16,68.32,53.68
-34.16,-4.88,29.28,19.52,-34.16,9.76,9.76,326.96,336.72,131.76,48.8,43.92
-19.52,-4.88,14.64,14.64,-19.52,4.88,14.64,322.08,341.6,126.88,53.68,43.92
-58.56,-53.68,4.88,58.56,-34.16,-24.4,4.88,307.44,322.08,112.24,34.16,29.28
-73.2,-39.04,34.16,58.56,-53.68,-4.88,19.52,322.08,336.72,131.76,53.68,48.8
-14.64,-4.88,9.76,9.76,-14.64,0,19.52,326.96,356.24,141.52,63.44,58.56
-34.16,-29.28,4.88,34.16,-19.52,-14.64,14.64,322.08,331.84,136.64,53.68,39.04
-43.92,-4.88,39.04,24.4,-43.92,14.64,24.4,346.48,341.6,156.16,68.32,53.68
-43.92,-19.52,24.4,34.16,-34.16,0,0,336.72,331.84,161.04,73.2,53.68
-68.32,-34.16,34.16,53.68,-53.68,0,-9.76,317.2,326.96,161.04,68.32,43.92
-39.04,0,39.04,19.52,-39.04,19.52,19.52,341.6,341.6,170.8,78.08,48.8
-34.16,0,34.16,19.52,-34.16,14.64,19.52,336.72,341.6,156.16,73.2,53.68
-63.44,-39.04,24.4,53.68,-43.92,-9.76,-9.76,307.44,322.08,141.52,53.68,34.16
-102.48,-78.08,24.4,92.72,-63.44,-29.28,-4.88,307.44,312.32,117.12,39.04,29.28
-87.84,-78.08,9.76,82.96,-48.8,-34.16,-4.88,312.32,302.56,97.6,24.4,19.52
-53.68,-43.92,9.76,48.8,-34.16,-19.52,0,312.32,312.32,107.36,39.04,29.28
-19.52,-9.76,9.76,14.64,-14.64,0,9.76,322.08,322.08,131.76,53.68,39.04
-24.4,0,24.4,14.64,-24.4,9.76,9.76,331.84,336.72,151.28,63.44,48.8
-29.28,9.76,39.04,9.76,-34.16,24.4,9.76,331.84,341.6,170.8,73.2,48.8
0,34.16,34.16,-14.64,-19.52,34.16,14.64,336.72,336.72,170.8,78.08,48.8
9.76,34.16,24.4,-19.52,-9.76,29.28,9.76,336.72,322.08,161.04,63.44,39.04
-14.64,19.52,34.16,0,-24.4,24.4,0,331.84,322.08,141.52,48.8,34.16
-39.04,-4.88,34.16,24.4,-39.04,14.64,-4.88,312.32,302.56,117.12,34.16,19.52
-29.28,0,29.28,14.64,-29.28,14.64,14.64,312.32,312.32,126.88,43.92,29.28
-9.76,29.28,39.04,-9.76,-24.4,34.16,9.76,322.08,331.84,156.16,58.56,48.8
-43.92,-19.52,24.4,34.16,-34.16,0,-14.64,312.32,326.96,136.64,39.04,39.04
-68.32,-43.92,24.4,58.56,-48.8,-9.76,-9.76,317.2,307.44,112.24,19.52,19.52
-29.28,-19.52,9.76,24.4,-19.52,-4.88,-9.76,331.84,307.44,112.24,24.4,29.28
-39.04,-29.28,9.76,34.16,-24.4,-9.76,-9.76,331.84,307.44,122,34.16,39.04
-39.04,-48.8,-9.76,43.92,-14.64,-29.28,-9.76,307.44,297.68,122,29.28,29.28
4.88,19.52,14.64,-9.76,-4.88,14.64,9.76,317.2,322.08,165.92,58.56,53.68
-34.16,-4.88,29.28,19.52,-34.16,9.76,0,317.2,331.84,180.56,73.2,53.68
-48.8,4.88,53.68,24.4,-53.68,29.28,-14.64,302.56,331.84,180.56,68.32,53.68
-19.52,29.28,48.8,-4.88,-34.16,39.04,0,307.44,341.6,180.56,73.2,58.56
-58.56,-29.28,29.28,43.92,-43.92,0,-14.64,297.68,312.32,131.76,34.16,29.28
-73.2,-39.04,34.16,58.56,-53.68,-4.88,-4.88,307.44,302.56,107.36,19.52,29.28
-34.16,0,34.16,19.52,-34.16,14.64,4.88,312.32,302.56,117.12,39.04,48.8
-48.8,-24.4,24.4,39.04,-39.04,0,9.76,312.32,292.8,102.48,29.28,48.8
-29.28,-19.52,9.76,24.4,-19.52,-4.88,14.64,317.2,302.56,112.24,34.16,53.68
19.52,29.28,9.76,-24.4,4.88,19.52,29.28,331.84,326.96,141.52,53.68,68.32
-43.92,-53.68,-9.76,48.8,-19.52,-34.16,0,292.8,297.68,117.12,24.4,34.16
-63.44,-63.44,0,63.44,-34.16,-34.16,0,283.04,302.56,122,24.4,24.4
-39.04,-29.28,9.76,34.16,-24.4,-9.76,0,287.92,317.2,146.4,48.8,43.92
-34.16,-9.76,24.4,24.4,-29.28,4.88,-9.76,287.92,322.08,165.92,63.44,48.8
-34.16,0,34.16,19.52,-34.16,14.64,-9.76,283.04,312.32,151.28,53.68,43.92
-43.92,-14.64,29.28,29.28,-39.04,4.88,0,273.28,297.68,126.88,29.28,39.04
-53.68,-24.4,29.28,39.04,-43.92,0,-4.88,273.28,287.92,117.12,19.52,29.28
-63.44,-29.28,34.16,48.8,-48.8,0,0,283.04,292.8,122,19.52,34.16
-92.72,-58.56,34.16,78.08,-63.44,-14.64,0,278.16,287.92,117.12,14.64,24.4
-58.56,-24.4,34.16,43.92,-48.8,4.88,9.76,292.8,302.56,126.88,34.16,43.92
-43.92,-14.64,29.28,29.28,-39.04,4.88,0,287.92,297.68,122,34.16,48.8
-24.4,-9.76,14.64,19.52,-19.52,0,0,292.8,297.68,112.24,39.04,58.56
-14.64,-9.76,4.88,14.64,-9.76,-4.88,0,283.04,302.56,117.12,34.16,63.44
-34.16,-14.64,19.52,24.4,-29.28,0,0,268.4,297.68,117.12,29.28,48.8
-4.88,4.88,9.76,0,-9.76,4.88,4.88,278.16,307.44,141.52,43.92,58.56
-9.76,9.76,19.52,0,-14.64,14.64,4.88,283.04,322.08,165.92,53.68,63.44
-14.64,39.04,53.68,-9.76,-34.16,43.92,9.76,292.8,331.84,190.32,73.2,78.08
9.76,82.96,73.2,-43.92,-34.16,78.08,14.64,302.56,331.84,195.2,82.96,92.72
-9.76,58.56,68.32,-24.4,-39.04,63.44,4.88,302.56,317.2,170.8,63.44,78.08
-92.72,-39.04,53.68,68.32,-73.2,4.88,-14.64,268.4,273.28,102.48,9.76,39.04
-58.56,-29.28,29.28,43.92,-43.92,0,9.76,283.04,278.16,82.96,4.88,43.92
-9.76,4.88,14.64,4.88,-14.64,9.76,19.52,297.68,307.44,102.48,19.52,53.68
-43.92,-24.4,19.52,34.16,-34.16,-4.88,9.76,283.04,307.44,126.88,29.28,48.8
-48.8,-43.92,4.88,48.8,-29.28,-19.52,4.88,258.64,292.8,141.52,39.04,48.8
-34.16,-29.28,4.88,34.16,-19.52,-14.64,0,263.52,297.68,151.28,48.8,53.68
-24.4,-19.52,4.88,24.4,-14.64,-9.76,-9.76,283.04,322.08,151.28,53.68,63.44
-29.28,-29.28,0,29.28,-14.64,-14.64,-14.64,273.28,297.68,112.24,14.64,43.92
29.28,24.4,-4.88,-24.4,14.64,9.76,14.64,278.16,292.8,107.36,14.64,53.68
-9.76,-4.88,4.88,9.76,-9.76,0,-4.88,278.16,297.68,131.76,29.28,68.32
-68.32,-53.68,14.64,63.44,-43.92,-19.52,-34.16,258.64,283.04,126.88,24.4,53.68
-39.04,-29.28,9.76,34.16,-24.4,-9.76,-24.4,253.76,287.92,136.64,39.04,53.68
-9.76,-4.88,4.88,9.76,-9.76,0,-14.64,253.76,307.44,156.16,53.68,68.32
4.88,9.76,4.88,-4.88,0,4.88,-9.76,248.88,322.08,180.56,63.44,68.32
4.88,34.16,29.28,-19.52,-14.64,29.28,9.76,268.4,317.2,180.56,68.32,82.96
-53.68,-24.4,29.28,39.04,-43.92,0,-19.52,248.88,283.04,141.52,34.16,58.56
-39.04,-14.64,24.4,29.28,-34.16,4.88,-19.52,263.52,283.04,151.28,43.92,68.32
-4.88,34.16,39.04,-14.64,-24.4,34.16,-4.88,278.16,302.56,175.68,63.44,92.72
-43.92,-19.52,24.4,34.16,-34.16,0,-9.76,268.4,287.92,141.52,34.16,78.08
-53.68,-39.04,14.64,48.8,-34.16,-14.64,-9.76,273.28,283.04,107.36,14.64,68.32
-53.68,-48.8,4.88,53.68,-29.28,-24.4,-4.88,273.28,278.16,97.6,14.64,58.56
-48.8,-48.8,0,48.8,-24.4,-24.4,4.88,268.4,273.28,112.24,14.64,58.56
-43.92,-43.92,0,43.92,-24.4,-24.4,9.76,258.64,278.16,131.76,34.16,68.32
-78.08,-73.2,4.88,78.08,-43.92,-34.16,-14.64,234.24,287.92,151.28,43.92,68.32
-53.68,-34.16,19.52,43.92,-39.04,-9.76,0,258.64,307.44,165.92,53.68,73.2
-58.56,-58.56,0,58.56,-29.28,-29.28,-9.76,258.64,268.4,126.88,19.52,48.8
-34.16,-34.16,0,34.16,-19.52,-19.52,4.88,268.4,263.52,92.72,0,48.8
-29.28,-34.16,-4.88,34.16,-14.64,-19.52,9.76,263.52,268.4,87.84,-4.88,43.92
-73.2,-73.2,0,73.2,-39.04,-39.04,-9.76,244,263.52,87.84,-24.4,24.4
-53.68,-48.8,4.88,53.68,-29.28,-24.4,-9.76,263.52,273.28,122,4.88,39.04
-19.52,9.76,29.28,4.88,-24.4,19.52,-4.88,278.16,297.68,146.4,29.28,63.44
29.28,39.04,9.76,-34.16,9.76,24.4,0,278.16,302.56,156.16,34.16,68.32
0,0,0,0,0,0,-4.88,263.52,292.8,151.28,34.16,68.32
-48.8,-68.32,-19.52,58.56,-14.64,-43.92,-39.04,224.48,253.76,112.24,9.76,43.92
-43.92,-68.32,-24.4,58.56,-9.76,-48.8,-39.04,224.48,248.88,112.24,4.88,43.92
-43.92,-58.56,-14.64,53.68,-14.64,-39.04,-29.28,224.48,258.64,141.52,29.28,63.44
-24.4,-24.4,0,24.4,-14.64,-14.64,-14.64,224.48,273.28,170.8,43.92,78.08
-14.64,4.88,19.52,4.88,-19.52,9.76,-19.52,234.24,297.68,185.44,48.8,82.96
-39.04,-14.64,24.4,29.28,-34.16,4.88,-34.16,239.12,278.16,151.28,29.28,68.32
-58.56,-34.16,24.4,48.8,-43.92,-4.88,-39.04,239.12,253.76,117.12,0,53.68
-9.76,-4.88,4.88,9.76,-9.76,0,-14.64,244,258.64,131.76,19.52,73.2
-24.4,-24.4,0,24.4,-14.64,-14.64,-14.64,239.12,273.28,156.16,29.28,73.2
-53.68,-48.8,4.88,53.68,-29.28,-24.4,-14.64,234.24,287.92,165.92,34.16,78.08
-73.2,-73.2,0,73.2,-39.04,-39.04,-24.4,244,283.04,161.04,34.16,68.32
-43.92,-48.8,-4.88,48.8,-19.52,-29.28,0,244,268.4,136.64,9.76,48.8
4.88,-9.76,-14.64,4.88,9.76,-14.64,19.52,248.88,268.4,136.64,4.88,48.8
73.2,53.68,-19.52,-63.44,43.92,14.64,43.92,273.28,292.8,151.28,29.28,78.08
19.52,29.28,9.76,-24.4,4.88,19.52,14.64,258.64,278.16,146.4,24.4,68.32
-97.6,-58.56,39.04,78.08,-68.32,-9.76,-14.64,229.36,248.88,136.64,0,48.8
-58.56,-39.04,19.52,48.8,-39.04,-9.76,-19.52,244,258.64,156.16,24.4,58.56
-24.4,-19.52,4.88,24.4,-14.64,-9.76,-19.52,253.76,258.64,151.28,29.28,68.32
-43.92,-29.28,14.64,39.04,-29.28,-9.76,4.88,253.76,258.64,126.88,14.64,58.56
-82.96,-63.44,19.52,73.2,-53.68,-24.4,-9.76,224.48,239.12,117.12,0,43.92
-43.92,-34.16,9.76,39.04,-29.28,-14.64,-9.76,229.36,258.64,131.76,14.64,53.68
0,0,0,0,0,0,9.76,248.88,268.4,141.52,24.4,73.2
-39.04,-24.4,14.64,34.16,-29.28,-4.88,9.76,244,273.28,141.52,14.64,63.44
-78.08,-48.8,29.28,63.44,-53.68,-9.76,-4.88,229.36,283.04,161.04,24.4,63.44
-78.08,-43.92,34.16,63.44,-58.56,-4.88,-14.64,219.6,283.04,180.56,29.28,68.32
-63.44,-24.4,39.04,43.92,-53.68,4.88,-14.64,239.12,268.4,170.8,29.28,73.2
-43.92,-19.52,24.4,34.16,-34.16,0,-4.88,239.12,224.48,117.12,9.76,68.32
-48.8,-29.28,19.52,39.04,-34.16,-4.88,4.88,244,229.36,97.6,0,73.2
-43.92,-63.44,-19.52,53.68,-14.64,-43.92,0,239.12,234.24,97.6,-9.76,63.44
-24.4,-73.2,-48.8,48.8,9.76,-63.44,-9.76,234.24,244,102.48,-9.76,53.68
-39.04,-73.2,-34.16,58.56,-4.88,-53.68,-4.88,219.6,239.12,117.12,-4.88,48.8
-19.52,-34.16,-14.64,29.28,-4.88,-24.4,4.88,214.72,244,146.4,14.64,58.56
-29.28,-19.52,9.76,24.4,-19.52,-4.88,-4.88,209.84,239.12,161.04,24.4,63.44
-53.68,-29.28,24.4,43.92,-39.04,-4.88,-29.28,209.84,239.12,165.92,34.16,68.32
-78.08,-19.52,58.56,48.8,-68.32,19.52,-19.52,209.84,224.48,146.4,24.4,58.56
-48.8,9.76,58.56,19.52,-53.68,34.16,9.76,224.48,214.72,102.48,-4.88,48.8
-24.4,9.76,34.16,9.76,-29.28,19.52,14.64,234.24,224.48,102.48,-4.88,53.68
-29.28,-9.76,19.52,19.52,-24.4,4.88,0,234.24,244,122,4.88,58.56
-48.8,-34.16,14.64,43.92,-34.16,-9.76,0,239.12,268.4,146.4,14.64,68.32
-39.04,-53.68,-14.64,48.8,-14.64,-34.16,-9.76,224.48,239.12,126.88,4.88,63.44
-24.4,-58.56,-34.16,43.92,4.88,-48.8,-9.76,209.84,224.48,122,-4.88,53.68
-63.44,-73.2,-9.76,68.32,-29.28,-43.92,0,200.08,234.24,136.64,4.88,63.44
-53.68,-43.92,9.76,48.8,-34.16,-19.52,0,204.96,229.36,151.28,14.64,68.32
-43.92,-14.64,29.28,29.28,-39.04,4.88,-9.76,204.96,244,170.8,34.16,82.96
4.88,43.92,39.04,-24.4,-19.52,39.04,14.64,229.36,263.52,204.96,63.44,112.24
19.52,78.08,58.56,-48.8,-19.52,68.32,29.28,239.12,263.52,214.72,68.32,122
-58.56,19.52,78.08,19.52,-68.32,48.8,-14.64,195.2,224.48,185.44,39.04,87.84
-82.96,-9.76,73.2,48.8,-78.08,29.28,-39.04,195.2,229.36,165.92,24.4,68.32
-82.96,-29.28,53.68,58.56,-68.32,9.76,-43.92,204.96,234.24,126.88,-9.76,48.8
-78.08,-63.44,14.64,73.2,-48.8,-24.4,-34.16,209.84,204.96,87.84,-34.16,34.16
-92.72,-92.72,0,92.72,-48.8,-48.8,-34.16,200.08,195.2,68.32,-43.92,34.16
-63.44,-78.08,-14.64,73.2,-24.4,-48.8,-9.76,209.84,224.48,102.48,-9.76,63.44
-39.04,-63.44,-24.4,53.68,-9.76,-43.92,-9.76,204.96,224.48,126.88,4.88,73.2
-48.8,-87.84,-39.04,68.32,-4.88,-63.44,-24.4,200.08,224.48,136.64,9.76,68.32
-34.16,-63.44,-29.28,48.8,-4.88,-48.8,-19.52,200.08,234.24,146.4,9.76,68.32
-29.28,-39.04,-9.76,34.16,-9.76,-24.4,-19.52,204.96,239.12,156.16,4.88,58.56
-24.4,-39.04,-14.64,34.16,-4.88,-29.28,-24.4,209.84,229.36,156.16,0,53.68
-34.16,-53.68,-19.52,43.92,-9.76,-39.04,-43.92,190.32,200.08,136.64,-9.76,39.04
-63.44,-82.96,-19.52,73.2,-24.4,-53.68,-43.92,185.44,190.32,122,-19.52,24.4
-53.68,-63.44,-9.76,58.56,-24.4,-39.04,-43.92,180.56,195.2,122,-19.52,24.4
-39.04,-39.04,0,39.04,-19.52,-19.52,-34.16,185.44,219.6,156.16,4.88,53.68
-43.92,-14.64,29.28,29.28,-39.04,4.88,-29.28,195.2,234.24,190.32,34.16,82.96
-63.44,-39.04,24.4,53.68,-43.92,-9.76,-43.92,185.44,219.6,161.04,4.88,63.44
-63.44,-34.16,29.28,48.8,-48.8,-4.88,-43.92,204.96,224.48,151.28,0,63.44
-43.92,-24.4,19.52,34.16,-34.16,-4.88,-29.28,224.48,234.24,165.92,24.4,92.72
-39.04,-19.52,19.52,29.28,-29.28,0,-29.28,219.6,239.12,185.44,34.16,92.72
-48.8,-19.52,29.28,34.16,-39.04,4.88,-29.28,224.48,253.76,209.84,34.16,92.72
-29.28,-14.64,14.64,24.4,-24.4,0,-19.52,239.12,258.64,185.44,19.52,78.08
-34.16,-19.52,14.64,29.28,-24.4,-4.88,-14.64,244,239.12,146.4,-4.88,73.2
-68.32,-63.44,4.88,68.32,-39.04,-29.28,-29.28,224.48,214.72,126.88,-24.4,53.68
-48.8,-63.44,-14.64,58.56,-19.52,-39.04,-14.64,224.48,214.72,126.88,-24.4,43.92
-14.64,-53.68,-39.04,34.16,9.76,-48.8,-19.52,224.48,214.72,146.4,-4.88,53.68
-29.28,-68.32,-39.04,48.8,4.88,-53.68,-24.4,209.84,214.72,156.16,-9.76,53.68
-34.16,-63.44,-29.28,48.8,-4.88,-48.8,-9.76,229.36,224.48,180.56,4.88,58.56
-19.52,-39.04,-19.52,29.28,0,-29.28,4.88,239.12,229.36,185.44,14.64,63.44
0,9.76,9.76,-4.88,-4.88,9.76,4.88,248.88,239.12,200.08,24.4,78.08
9.76,9.76,0,-9.76,4.88,4.88,-14.64,239.12,239.12,209.84,19.52,78.08
-4.88,-14.64,-9.76,9.76,0,-14.64,-19.52,244,229.36,195.2,4.88,68.32
-43.92,-43.92,0,43.92,-24.4,-24.4,-9.76,244,229.36,180.56,0,58.56
-73.2,-63.44,9.76,68.32,-43.92,-29.28,-14.64,224.48,185.44,136.64,-24.4,53.68
-68.32,-78.08,-9.76,73.2,-29.28,-43.92,-19.52,200.08,185.44,151.28,-19.52,58.56
-68.32,-82.96,-14.64,78.08,-29.28,-48.8,-34.16,195.2,204.96,185.44,4.88,63.44
-9.76,-34.16,-24.4,24.4,4.88,-29.28,-29.28,224.48,219.6,175.68,9.76,78.08
-19.52,-29.28,-9.76,24.4,-4.88,-19.52,-9.76,234.24,200.08,131.76,-14.64,73.2
-63.44,-68.32,-4.88,68.32,-29.28,-39.04,-9.76,244,200.08,126.88,-24.4,58.56
-39.04,-39.04,0,39.04,-19.52,-19.52,19.52,263.52,209.84,136.64,-14.64,73.2
-48.8,-48.8,0,48.8,-24.4,-24.4,24.4,273.28,229.36,151.28,-14.64,63.44
-58.56,-73.2,-14.64,68.32,-24.4,-43.92,34.16,292.8,244,156.16,-29.28,43.92
-43.92,-53.68,-9.76,48.8,-19.52,-34.16,63.44,341.6,292.8,170.8,-24.4,29.28
-24.4,-24.4,0,24.4,-14.64,-14.64,87.84,414.8,356.24,219.6,-4.88,29.28
-24.4,-43.92,-19.52,34.16,-4.88,-34.16,87.84,463.6,390.4,214.72,-24.4,14.64
-29.28,-34.16,-4.88,34.16,-14.64,-19.52,107.36,536.8,458.72,244,4.88,39.04
-24.4,-19.52,4.88,24.4,-14.64,-9.76,122,595.36,527.04,297.68,39.04,73.2
-34.16,-29.28,4.88,34.16,-19.52,-14.64,126.88,634.4,566.08,331.84,73.2,97.6
-9.76,-9.76,0,9.76,-4.88,-4.88,131.76,649.04,605.12,375.76,117.12,141.52
43.92,68.32,24.4,-53.68,9.76,43.92,122,663.68,663.68,483.12,219.6,234.24
102.48,136.64,34.16,-117.12,34.16,82.96,48.8,580.72,702.72,605.12,341.6,341.6
180.56,234.24,53.68,-204.96,63.44,141.52,-9.76,502.64,761.28,780.8,536.8,502.64
253.76,351.36,97.6,-302.56,78.08,224.48,-58.56,444.08,849.12,1010.16,775.92,717.36
331.84,453.84,122,-390.4,102.48,287.92,-141.52,341.6,927.2,1249.28,1024.8,932.08
405.04,551.44,146.4,-478.24,126.88,346.48,-209.84,214.72,936.96,1434.72,1254.16,1132.16
531.92,707.6,175.68,-619.76,175.68,439.2,-268.4,102.48,966.24,1644.56,1512.8,1366.4
507.52,741.76,234.24,-624.64,136.64,488,-341.6,-43.92,956.48,1839.76,1751.92,1581.12
448.96,805.2,356.24,-624.64,43.92,580.72,-361.12,-180.56,888.16,2010.56,1961.76,1776.32
424.56,927.2,502.64,-673.44,-39.04,712.48,-336.72,-292.8,727.12,2078.88,2083.76,1927.6
429.44,1049.2,619.76,-736.88,-97.6,834.48,-351.36,-424.56,522.16,2049.6,2137.44,2015.44
346.48,1058.96,712.48,-702.72,-185.44,883.28,-385.52,-595.36,273.28,1947.12,2098.4,2025.2
287.92,1039.44,751.52,-663.68,-234.24,893.04,-405.04,-785.68,-58.56,1712.88,1937.36,1942.24
229.36,927.2,697.84,-575.84,-234.24,810.08,-419.68,-951.6,-366,1342,1615.28,1708
180.56,727.12,546.56,-453.84,-185.44,634.4,-405.04,-1102.88,-692.96,819.84,1098,1288.32
78.08,478.24,400.16,-278.16,-161.04,439.2,-380.64,-1224.88,-995.52,244,507.52,795.44
0,287.92,287.92,-141.52,-146.4,287.92,-322.08,-1259.04,-1185.84,-209.84,53.68,405.04
-107.36,185.44,292.8,-39.04,-200.08,239.12,-239.12,-1215.12,-1254.16,-483.12,-234.24,156.16
-170.8,117.12,287.92,29.28,-229.36,200.08,-209.84,-1166.32,-1205.36,-556.32,-341.6,29.28
-190.32,43.92,234.24,73.2,-214.72,136.64,-234.24,-1102.88,-1137.04,-580.72,-414.8,-68.32
-170.8,-14.64,156.16,92.72,-165.92,68.32,-253.76,-990.64,-1029.68,-575.84,-439.2,-112.24
-165.92,-24.4,141.52,97.6,-156.16,58.56,-253.76,-844.24,-897.92,-497.76,-390.4,-102.48
-131.76,-19.52,112.24,78.08,-122,43.92,-253.76,-712.48,-736.88,-390.4,-326.96,-63.44
-82.96,-9.76,73.2,48.8,-78.08,29.28,-273.28,-590.48,-614.88,-317.2,-278.16,-43.92
-87.84,-39.04,48.8,63.44,-68.32,4.88,-302.56,-492.88,-522.16,-287.92,-273.28,-53.68
-141.52,-92.72,48.8,117.12,-97.6,-24.4,-302.56,-424.56,-458.72,-263.52,-268.4,-82.96
-126.88,-68.32,58.56,97.6,-92.72,-4.88,-268.4,-331.84,-370.88,-214.72,-239.12,-68.32
-87.84,-34.16,53.68,63.44,-73.2,9.76,-219.6,-234.24,-287.92,-165.92,-214.72,-63.44
-63.44,0,63.44,34.16,-63.44,29.28,-180.56,-156.16,-190.32,-97.6,-175.68,-43.92
-68.32,24.4,92.72,24.4,-82.96,58.56,-156.16,-78.08,-117.12,-29.28,-131.76,-19.52
-53.68,34.16,87.84,9.76,-73.2,58.56,-141.52,-24.4,-73.2,-9.76,-117.12,-4.88
-43.92,34.16,78.08,4.88,-63.44,53.68,-87.84,63.44,4.88,14.64,-82.96,29.28
-53.68,-24.4,29.28,39.04,-43.92,0,-63.44,97.6,29.28,4.88,-102.48,9.76
-68.32,-53.68,14.64,63.44,-43.92,-19.52,-53.68,122,34.16,9.76,-97.6,14.64
-34.16,-19.52,14.64,29.28,-24.4,-4.88,-9.76,165.92,78.08,53.68,-68.32,39.04
-43.92,-43.92,0,43.92,-24.4,-24.4,-9.76,156.16,78.08,73.2,-68.32,29.28
-14.64,-24.4,-9.76,19.52,-4.88,-19.52,-14.64,170.8,92.72,92.72,-48.8,29.28
-48.8,-43.92,4.88,48.8,-29.28,-19.52,-43.92,156.16,82.96,87.84,-58.56,19.52
-73.2,-73.2,0,73.2,-39.04,-39.04,-24.4,161.04,92.72,92.72,-58.56,19.52
-19.52,-48.8,-29.28,34.16,4.88,-39.04,-4.88,190.32,107.36,117.12,-39.04,24.4
-24.4,-102.48,-78.08,63.44,24.4,-92.72,-43.92,151.28,53.68,43.92,-97.6,-24.4
-63.44,-146.4,-82.96,107.36,9.76,-117.12,-34.16,141.52,43.92,0,-126.88,-53.68
-29.28,-102.48,-73.2,68.32,19.52,-87.84,-4.88,156.16,68.32,29.28,-102.48,-29.28
-19.52,-58.56,-39.04,39.04,9.76,-48.8,-4.88,151.28,92.72,92.72,-58.56,4.88
-48.8,-53.68,-4.88,53.68,-24.4,-29.28,-9.76,161.04,117.12,141.52,-24.4,19.52
-48.8,-29.28,19.52,39.04,-34.16,-4.88,-9.76,165.92,87.84,117.12,-34.16,19.52
-39.04,-29.28,9.76,34.16,-24.4,-9.76,-4.88,156.16,53.68,58.56,-68.32,-4.88
-34.16,-39.04,-4.88,39.04,-14.64,-24.4,4.88,170.8,78.08,58.56,-58.56,14.64
-68.32,-92.72,-24.4,82.96,-24.4,-58.56,-14.64,146.4,82.96,68.32,-73.2,14.64
-48.8,-82.96,-34.16,68.32,-9.76,-58.56,-19.52,151.28,97.6,92.72,-63.44,9.76
-48.8,-92.72,-43.92,73.2,-4.88,-68.32,-14.64,165.92,92.72,73.2,-78.08,0
-43.92,-117.12,-73.2,82.96,14.64,-97.6,-4.88,151.28,58.56,43.92,-92.72,-19.52
-43.92,-112.24,-68.32,78.08,9.76,-92.72,4.88,146.4,82.96,78.08,-78.08,-19.52
-48.8,-92.72,-43.92,73.2,-4.88,-68.32,9.76,156.16,102.48,122,-48.8,-9.76
-63.44,-87.84,-24.4,78.08,-19.52,-58.56,24.4,151.28,82.96,87.84,-68.32,-9.76
-82.96,-112.24,-29.28,97.6,-29.28,-73.2,9.76,117.12,39.04,53.68,-78.08,-9.76
-63.44,-92.72,-29.28,78.08,-19.52,-63.44,14.64,117.12,48.8,87.84,-58.56,4.88
-14.64,-68.32,-53.68,43.92,19.52,-63.44,24.4,131.76,73.2,92.72,-43.92,9.76
-29.28,-92.72,-63.44,63.44,14.64,-78.08,29.28,126.88,53.68,53.68,-87.84,-4.88
-24.4,-102.48,-78.08,63.44,24.4,-92.72,24.4,117.12,39.04,43.92,-97.6,-14.64
-68.32,-122,-53.68,97.6,-9.76,-87.84,24.4,122,34.16,58.56,-92.72,-14.64
-43.92,-92.72,-48.8,68.32,0,-73.2,34.16,117.12,34.16,53.68,-87.84,-4.88
4.88,-58.56,-63.44,29.28,34.16,-63.44,24.4,122,63.44,102.48,-53.68,19.52
-9.76,-58.56,-48.8,34.16,19.52,-53.68,24.4,117.12,68.32,117.12,-39.04,24.4
-48.8,-92.72,-43.92,73.2,-4.88,-68.32,29.28,97.6,63.44,102.48,-58.56,19.52
-73.2,-117.12,-43.92,97.6,-14.64,-82.96,29.28,82.96,58.56,97.6,-78.08,-9.76
-43.92,-87.84,-43.92,68.32,0,-68.32,29.28,107.36,58.56,102.48,-78.08,-29.28
4.88,-53.68,-58.56,24.4,29.28,-58.56,58.56,107.36,19.52,48.8,-92.72,-48.8
19.52,-48.8,-68.32,14.64,43.92,-58.56,58.56,112.24,34.16,63.44,-82.96,-39.04
-24.4,-68.32,-43.92,48.8,9.76,-58.56,24.4,87.84,24.4,58.56,-92.72,-58.56
-68.32,-122,-53.68,97.6,-9.76,-87.84,4.88,73.2,0,24.4,-122,-92.72
-48.8,-82.96,-34.16,68.32,-9.76,-58.56,39.04,78.08,19.52,39.04,-107.36,-87.84
-48.8,-92.72,-43.92,73.2,-4.88,-68.32,34.16,82.96,9.76,43.92,-117.12,-97.6
-73.2,-102.48,-29.28,87.84,-24.4,-68.32,19.52,73.2,9.76,53.68,-107.36,-82.96
-29.28,-58.56,-29.28,43.92,0,-43.92,43.92,82.96,34.16,97.6,-63.44,-43.92
-19.52,-58.56,-39.04,39.04,9.76,-48.8,53.68,78.08,24.4,87.84,-58.56,-34.16
-48.8,-68.32,-19.52,58.56,-14.64,-43.92,53.68,92.72,14.64,63.44,-78.08,-39.04
-78.08,-107.36,-29.28,92.72,-24.4,-68.32,14.64,82.96,4.88,34.16,-122,-87.84
-82.96,-131.76,-48.8,107.36,-19.52,-92.72,-9.76,78.08,4.88,19.52,-156.16,-102.48
-48.8,-117.12,-68.32,82.96,9.76,-92.72,9.76,87.84,14.64,14.64,-151.28,-97.6
-24.4,-87.84,-63.44,58.56,19.52,-78.08,39.04,107.36,24.4,29.28,-131.76,-68.32
4.88,-58.56,-63.44,29.28,34.16,-63.44,63.44,126.88,48.8,53.68,-107.36,-48.8
0,-58.56,-58.56,29.28,29.28,-58.56,63.44,117.12,53.68,107.36,-82.96,-34.16
-19.52,-63.44,-43.92,43.92,9.76,-53.68,43.92,82.96,29.28,117.12,-68.32,-43.92
-78.08,-102.48,-24.4,92.72,-29.28,-63.44,4.88,68.32,14.64,78.08,-92.72,-73.2
-58.56,-78.08,-19.52,68.32,-19.52,-48.8,0,78.08,24.4,58.56,-107.36,-92.72
-68.32,-87.84,-19.52,78.08,-24.4,-53.68,0,92.72,0,19.52,-136.64,-102.48
-73.2,-97.6,-24.4,87.84,-24.4,-63.44,14.64,87.84,-29.28,-29.28,-156.16,-102.48
-68.32,-122,-53.68,97.6,-9.76,-87.84,9.76,82.96,-29.28,-34.16,-165.92,-107.36
-43.92,-122,-78.08,82.96,14.64,-102.48,4.88,73.2,0,9.76,-141.52,-102.48
-82.96,-141.52,-58.56,112.24,-14.64,-102.48,-14.64,63.44,4.88,24.4,-141.52,-107.36
-9.76,-63.44,-53.68,39.04,19.52,-58.56,-24.4,82.96,24.4,43.92,-102.48,-82.96
9.76,-58.56,-68.32,24.4,39.04,-63.44,-9.76,87.84,9.76,24.4,-107.36,-78.08
-43.92,-126.88,-82.96,87.84,19.52,-107.36,-14.64,63.44,-14.64,0,-122,-92.72
-48.8,-102.48,-53.68,78.08,0,-78.08,4.88,73.2,0,9.76,-107.36,-68.32
-73.2,-141.52,-68.32,107.36,-4.88,-107.36,4.88,58.56,-4.88,4.88,-122,-82.96
-48.8,-136.64,-87.84,92.72,19.52,-112.24,4.88,68.32,0,14.64,-112.24,-82.96
-53.68,-131.76,-78.08,92.72,9.76,-107.36,-9.76,63.44,0,9.76,-117.12,-92.72
-39.04,-107.36,-68.32,73.2,14.64,-87.84,0,73.2,-14.64,-29.28,-141.52,-141.52
-14.64,-73.2,-58.56,43.92,19.52,-68.32,0,63.44,-9.76,-19.52,-136.64,-175.68
-34.16,-68.32,-34.16,53.68,0,-53.68,-4.88,48.8,-14.64,-14.64,-122,-190.32
-53.68,-97.6,-43.92,78.08,-4.88,-73.2,0,53.68,-19.52,-29.28,-126.88,-204.96
-39.04,-78.08,-39.04,58.56,0,-58.56,19.52,68.32,-9.76,-9.76,-112.24,-195.2
9.76,-48.8,-58.56,19.52,34.16,-53.68,24.4,78.08,-14.64,-4.88,-107.36,-200.08
-34.16,-102.48,-68.32,68.32,14.64,-87.84,14.64,53.68,-58.56,-39.04,-126.88,-234.24
-4.88,-92.72,-87.84,48.8,39.04,-92.72,14.64,58.56,-43.92,-14.64,-107.36,-219.6
34.16,-73.2,-107.36,19.52,68.32,-92.72,4.88,58.56,-29.28,-14.64,-112.24,-214.72
-9.76,-102.48,-92.72,58.56,39.04,-97.6,0,53.68,-43.92,-58.56,-136.64,-229.36
-4.88,-107.36,-102.48,58.56,48.8,-107.36,-4.88,48.8,-39.04,-68.32,-146.4,-239.12
4.88,-102.48,-107.36,48.8,53.68,-107.36,-4.88,43.92,-43.92,-48.8,-146.4,-248.88
-19.52,-112.24,-92.72,68.32,34.16,-102.48,0,34.16,-53.68,-53.68,-141.52,-244
-34.16,-136.64,-102.48,87.84,34.16,-122,-19.52,9.76,-78.08,-53.68,-146.4,-253.76
-53.68,-126.88,-73.2,92.72,9.76,-102.48,-14.64,-4.88,-68.32,-14.64,-112.24,-239.12
-4.88,-58.56,-53.68,34.16,24.4,-58.56,24.4,24.4,-48.8,0,-87.84,-219.6
39.04,-4.88,-43.92,-14.64,39.04,-24.4,29.28,34.16,-68.32,-58.56,-117.12,-234.24
-4.88,-43.92,-39.04,24.4,14.64,-43.92,34.16,29.28,-97.6,-122,-165.92,-253.76
-24.4,-92.72,-68.32,58.56,19.52,-82.96,24.4,24.4,-117.12,-136.64,-180.56,-263.52
-29.28,-141.52,-112.24,87.84,39.04,-126.88,4.88,14.64,-112.24,-126.88,-165.92,-253.76
0,-151.28,-151.28,78.08,73.2,-151.28,0,4.88,-107.36,-122,-161.04,-244
-9.76,-175.68,-165.92,92.72,78.08,-170.8,9.76,4.88,-107.36,-126.88,-175.68,-268.4
34.16,-112.24,-146.4,39.04,87.84,-131.76,34.16,9.76,-117.12,-131.76,-175.68,-287.92
19.52,-107.36,-126.88,43.92,73.2,-117.12,39.04,-4.88,-126.88,-122,-165.92,-287.92
-39.04,-151.28,-112.24,97.6,34.16,-131.76,14.64,-58.56,-146.4,-122,-170.8,-287.92
-39.04,-131.76,-92.72,87.84,24.4,-112.24,-4.88,-63.44,-136.64,-102.48,-151.28,-263.52
-4.88,-78.08,-73.2,43.92,34.16,-78.08,14.64,-34.16,-146.4,-107.36,-146.4,-258.64
-14.64,-87.84,-73.2,53.68,29.28,-82.96,0,-48.8,-190.32,-156.16,-180.56,-287.92
-43.92,-122,-78.08,82.96,14.64,-102.48,-9.76,-63.44,-209.84,-200.08,-214.72,-312.32
-48.8,-131.76,-82.96,92.72,14.64,-107.36,4.88,-53.68,-200.08,-229.36,-244,-326.96
-9.76,-126.88,-117.12,68.32,53.68,-122,9.76,-73.2,-214.72,-224.48,-234.24,-317.2
-4.88,-117.12,-112.24,63.44,53.68,-117.12,14.64,-63.44,-200.08,-209.84,-209.84,-292.8
24.4,-117.12,-141.52,48.8,82.96,-131.76,-4.88,-68.32,-224.48,-253.76,-234.24,-312.32
9.76,-141.52,-151.28,68.32,78.08,-146.4,0,-92.72,-273.28,-287.92,-268.4,-336.72
19.52,-107.36,-126.88,43.92,73.2,-117.12,14.64,-97.6,-263.52,-258.64,-234.24,-317.2
14.64,-92.72,-107.36,39.04,58.56,-102.48,0,-97.6,-263.52,-253.76,-224.48,-302.56
-24.4,-122,-97.6,73.2,34.16,-112.24,-4.88,-102.48,-273.28,-248.88,-214.72,-297.68
-4.88,-122,-117.12,63.44,53.68,-122,-9.76,-126.88,-297.68,-278.16,-239.12,-317.2
-9.76,-122,-112.24,68.32,48.8,-117.12,9.76,-126.88,-312.32,-302.56,-268.4,-341.6
0,-107.36,-107.36,53.68,53.68,-107.36,24.4,-126.88,-317.2,-307.44,-278.16,-351.36
-9.76,-117.12,-107.36,63.44,48.8,-112.24,14.64,-126.88,-336.72,-341.6,-287.92,-361.12
4.88,-122,-126.88,58.56,63.44,-126.88,14.64,-136.64,-351.36,-380.64,-307.44,-366
-9.76,-131.76,-122,73.2,53.68,-126.88,14.64,-151.28,-366,-390.4,-312.32,-366
-9.76,-151.28,-141.52,82.96,63.44,-146.4,4.88,-185.44,-380.64,-390.4,-302.56,-366
-9.76,-117.12,-107.36,63.44,48.8,-112.24,19.52,-180.56,-370.88,-341.6,-273.28,-336.72
14.64,-73.2,-87.84,29.28,48.8,-82.96,9.76,-195.2,-351.36,-297.68,-244,-317.2
34.16,-48.8,-82.96,9.76,58.56,-68.32,0,-180.56,-341.6,-273.28,-224.48,-307.44
43.92,-58.56,-102.48,9.76,73.2,-82.96,4.88,-195.2,-395.28,-341.6,-268.4,-331.84
19.52,-78.08,-97.6,29.28,58.56,-87.84,0,-219.6,-429.44,-390.4,-297.68,-346.48
-24.4,-102.48,-78.08,63.44,24.4,-92.72,-9.76,-224.48,-409.92,-356.24,-273.28,-341.6
24.4,-78.08,-102.48,29.28,63.44,-92.72,0,-224.48,-414.8,-351.36,-268.4,-322.08
24.4,-87.84,-112.24,34.16,68.32,-102.48,-9.76,-248.88,-444.08,-400.16,-302.56,-341.6
14.64,-92.72,-107.36,39.04,58.56,-102.48,-24.4,-248.88,-429.44,-405.04,-297.68,-336.72
0,-97.6,-97.6,48.8,48.8,-97.6,-19.52,-263.52,-463.6,-434.32,-312.32,-356.24
-58.56,-146.4,-87.84,102.48,14.64,-117.12,-29.28,-278.16,-497.76,-453.84,-331.84,-366
-29.28,-107.36,-78.08,68.32,24.4,-92.72,-34.16,-278.16,-478.24,-419.68,-302.56,-341.6
34.16,-58.56,-92.72,14.64,63.44,-78.08,-34.16,-273.28,-463.6,-385.52,-263.52,-312.32
29.28,-48.8,-78.08,9.76,53.68,-63.44,-29.28,-278.16,-458.72,-370.88,-244,-302.56
0,-53.68,-53.68,29.28,24.4,-53.68,-43.92,-292.8,-473.36,-370.88,-239.12,-292.8
-29.28,-87.84,-58.56,58.56,14.64,-73.2,-68.32,-317.2,-483.12,-385.52,-258.64,-312.32
4.88,-63.44,-68.32,29.28,34.16,-68.32,-63.44,-297.68,-448.96,-361.12,-239.12,-292.8
29.28,-39.04,-68.32,4.88,48.8,-53.68,-53.68,-287.92,-448.96,-356.24,-234.24,-292.8
19.52,-58.56,-78.08,19.52,48.8,-68.32,-43.92,-283.04,-448.96,-390.4,-263.52,-312.32
39.04,-43.92,-82.96,4.88,58.56,-63.44,-29.28,-287.92,-419.68,-361.12,-244,-292.8
9.76,-48.8,-58.56,19.52,34.16,-53.68,-39.04,-302.56,-409.92,-312.32,-204.96,-268.4
34.16,-19.52,-53.68,-4.88,43.92,-39.04,-53.68,-292.8,-380.64,-268.4,-165.92,-244
48.8,0,-48.8,-24.4,48.8,-24.4,-48.8,-278.16,-370.88,-263.52,-151.28,-219.6
29.28,-14.64,-43.92,-4.88,34.16,-29.28,-53.68,-278.16,-390.4,-283.04,-151.28,-224.48
24.4,-29.28,-53.68,4.88,39.04,-43.92,-53.68,-287.92,-409.92,-307.44,-170.8,-244
-4.88,-63.44,-58.56,34.16,24.4,-63.44,-48.8,-283.04,-395.28,-292.8,-165.92,-239.12
39.04,-4.88,-43.92,-14.64,39.04,-24.4,-14.64,-258.64,-375.76,-268.4,-136.64,-209.84
14.64,-19.52,-34.16,4.88,24.4,-29.28,-24.4,-258.64,-366,-244,-126.88,-209.84
-34.16,-58.56,-24.4,48.8,-4.88,-43.92,-58.56,-287.92,-356.24,-239.12,-122,-209.84
34.16,-9.76,-43.92,-9.76,39.04,-29.28,-58.56,-297.68,-346.48,-234.24,-117.12,-209.84
24.4,-19.52,-43.92,0,34.16,-34.16,-43.92,-278.16,-326.96,-219.6,-102.48,-195.2
-4.88,-43.92,-39.04,24.4,14.64,-43.92,-29.28,-273.28,-331.84,-219.6,-107.36,-200.08
24.4,0,-24.4,-9.76,24.4,-14.64,-24.4,-278.16,-331.84,-204.96,-97.6,-185.44
39.04,19.52,-19.52,-29.28,29.28,0,-34.16,-278.16,-317.2,-165.92,-53.68,-165.92
14.64,-19.52,-34.16,4.88,24.4,-29.28,-43.92,-283.04,-331.84,-170.8,-63.44,-170.8
24.4,-19.52,-43.92,0,34.16,-34.16,-48.8,-287.92,-317.2,-170.8,-68.32,-175.68
58.56,14.64,-43.92,-34.16,48.8,-14.64,-39.04,-273.28,-292.8,-146.4,-48.8,-165.92
58.56,39.04,-19.52,-48.8,39.04,9.76,-24.4,-273.28,-283.04,-141.52,-48.8,-165.92
39.04,34.16,-4.88,-34.16,19.52,14.64,-24.4,-278.16,-307.44,-156.16,-53.68,-165.92
14.64,9.76,-4.88,-9.76,9.76,0,-24.4,-278.16,-297.68,-141.52,-48.8,-156.16
34.16,14.64,-19.52,-24.4,24.4,-4.88,-24.4,-268.4,-287.92,-136.64,-29.28,-136.64
14.64,-24.4,-39.04,4.88,24.4,-34.16,-24.4,-278.16,-317.2,-180.56,-58.56,-161.04
4.88,-29.28,-34.16,14.64,19.52,-34.16,-24.4,-283.04,-322.08,-175.68,-48.8,-151.28
4.88,-29.28,-34.16,14.64,19.52,-34.16,-24.4,-287.92,-307.44,-131.76,-34.16,-146.4
0,-34.16,-34.16,19.52,14.64,-34.16,-39.04,-287.92,-287.92,-107.36,-19.52,-146.4
29.28,9.76,-19.52,-19.52,24.4,-4.88,-39.04,-283.04,-278.16,-112.24,-24.4,-156.16
24.4,19.52,-4.88,-19.52,14.64,4.88,-14.64,-273.28,-283.04,-122,-29.28,-165.92
29.28,34.16,4.88,-29.28,9.76,19.52,-9.76,-283.04,-292.8,-131.76,-34.16,-165.92
4.88,-34.16,-39.04,14.64,19.52,-39.04,-19.52,-297.68,-322.08,-180.56,-63.44,-185.44
24.4,-24.4,-48.8,0,34.16,-39.04,0,-273.28,-302.56,-161.04,-43.92,-175.68
29.28,-29.28,-58.56,0,43.92,-43.92,4.88,-283.04,-322.08,-156.16,-39.04,-175.68
9.76,-34.16,-43.92,14.64,24.4,-39.04,0,-297.68,-317.2,-136.64,-29.28,-170.8
29.28,-4.88,-34.16,-9.76,29.28,-19.52,9.76,-273.28,-283.04,-122,0,-141.52
29.28,4.88,-24.4,-14.64,24.4,-9.76,14.64,-273.28,-287.92,-117.12,-4.88,-141.52
-24.4,-48.8,-24.4,39.04,0,-39.04,9.76,-292.8,-331.84,-156.16,-34.16,-165.92
-19.52,-58.56,-39.04,39.04,9.76,-48.8,-4.88,-307.44,-331.84,-165.92,-43.92,-175.68
-19.52,-58.56,-39.04,39.04,9.76,-48.8,-4.88,-302.56,-331.84,-175.68,-53.68,-185.44
-14.64,-58.56,-43.92,39.04,14.64,-53.68,9.76,-287.92,-322.08,-170.8,-48.8,-185.44
14.64,-29.28,-43.92,9.76,29.28,-39.04,19.52,-283.04,-317.2,-156.16,-34.16,-170.8
24.4,-24.4,-48.8,0,34.16,-39.04,34.16,-292.8,-302.56,-141.52,-24.4,-161.04
9.76,-24.4,-34.16,9.76,19.52,-29.28,29.28,-283.04,-302.56,-141.52,-19.52,-156.16
43.92,24.4,-19.52,-34.16,29.28,0,29.28,-268.4,-278.16,-131.76,0,-141.52
43.92,24.4,-19.52,-34.16,29.28,0,39.04,-268.4,-273.28,-126.88,4.88,-141.52
0,-14.64,-14.64,9.76,4.88,-14.64,34.16,-268.4,-268.4,-117.12,0,-146.4
29.28,0,-29.28,-14.64,29.28,-14.64,43.92,-268.4,-268.4,-117.12,-4.88,-151.28
-39.04,-68.32,-29.28,53.68,-4.88,-48.8,14.64,-287.92,-292.8,-156.16,-34.16,-180.56
-53.68,-78.08,-24.4,68.32,-14.64,-53.68,19.52,-292.8,-278.16,-141.52,-19.52,-165.92
-19.52,-48.8,-29.28,34.16,4.88,-39.04,48.8,-263.52,-268.4,-126.88,-4.88,-151.28
24.4,-4.88,-29.28,-9.76,24.4,-19.52,48.8,-258.64,-253.76,-136.64,-4.88,-146.4
24.4,0,-24.4,-9.76,24.4,-14.64,58.56,-258.64,-248.88,-122,0,-141.52
39.04,9.76,-29.28,-24.4,34.16,-9.76,63.44,-253.76,-239.12,-107.36,19.52,-136.64
-19.52,-39.04,-19.52,29.28,0,-29.28,48.8,-253.76,-234.24,-102.48,24.4,-141.52
-14.64,-43.92,-29.28,29.28,4.88,-39.04,43.92,-244,-229.36,-102.48,29.28,-141.52
-9.76,-29.28,-19.52,19.52,4.88,-24.4,48.8,-244,-229.36,-107.36,24.4,-141.52
9.76,-14.64,-24.4,4.88,14.64,-19.52,53.68,-229.36,-224.48,-97.6,39.04,-131.76
-9.76,-24.4,-14.64,19.52,0,-19.52,34.16,-234.24,-224.48,-92.72,39.04,-141.52
-9.76,-19.52,-9.76,14.64,0,-14.64,29.28,-234.24,-214.72,-82.96,43.92,-131.76
9.76,19.52,9.76,-14.64,0,14.64,53.68,-209.84,-185.44,-68.32,58.56,-117.12
58.56,58.56,0,-58.56,29.28,29.28,48.8,-219.6,-175.68,-63.44,58.56,-122
39.04,29.28,-9.76,-34.16,24.4,9.76,24.4,-234.24,-180.56,-63.44,48.8,-136.64
-4.88,0,4.88,4.88,-4.88,0,19.52,-229.36,-185.44,-68.32,43.92,-136.64
0,4.88,4.88,0,-4.88,4.88,19.52,-214.72,-175.68,-53.68,58.56,-126.88
14.64,9.76,-4.88,-9.76,9.76,0,34.16,-204.96,-156.16,-34.16,73.2,-117.12
34.16,24.4,-9.76,-29.28,19.52,4.88,34.16,-200.08,-161.04,-43.92,68.32,-122
29.28,34.16,4.88,-29.28,9.76,19.52,29.28,-200.08,-161.04,-53.68,68.32,-122
43.92,53.68,9.76,-48.8,14.64,29.28,34.16,-185.44,-156.16,-43.92,82.96,-107.36
48.8,53.68,4.88,-48.8,19.52,29.28,24.4,-180.56,-146.4,-43.92,87.84,-107.36
4.88,4.88,0,-4.88,0,0,14.64,-195.2,-165.92,-82.96,53.68,-131.76
19.52,19.52,0,-19.52,9.76,9.76,24.4,-190.32,-156.16,-92.72,48.8,-131.76
24.4,19.52,-4.88,-19.52,14.64,4.88,19.52,-185.44,-141.52,-82.96,53.68,-126.88
9.76,-9.76,-19.52,0,14.64,-14.64,9.76,-185.44,-141.52,-87.84,48.8,-126.88
24.4,-9.76,-34.16,-4.88,29.28,-24.4,14.64,-185.44,-141.52,-68.32,58.56,-122
53.68,9.76,-43.92,-29.28,48.8,-19.52,14.64,-180.56,-131.76,-53.68,78.08,-117.12
29.28,-14.64,-43.92,-4.88,34.16,-29.28,4.88,-185.44,-141.52,-53.68,73.2,-126.88
4.88,-14.64,-19.52,4.88,9.76,-19.52,9.76,-175.68,-146.4,-48.8,73.2,-122
39.04,34.16,-4.88,-34.16,19.52,14.64,24.4,-161.04,-122,-9.76,102.48,-107.36
78.08,63.44,-14.64,-68.32,43.92,24.4,24.4,-156.16,-102.48,4.88,112.24,-97.6
39.04,43.92,4.88,-39.04,14.64,24.4,34.16,-156.16,-102.48,9.76,112.24,-97.6
29.28,53.68,24.4,-39.04,0,39.04,43.92,-161.04,-102.48,4.88,117.12,-97.6
48.8,73.2,24.4,-58.56,9.76,48.8,39.04,-156.16,-92.72,29.28,131.76,-82.96
43.92,53.68,9.76,-48.8,14.64,29.28,34.16,-165.92,-122,9.76,117.12,-97.6
39.04,29.28,-9.76,-34.16,24.4,9.76,19.52,-175.68,-131.76,-14.64,92.72,-117.12
34.16,24.4,-9.76,-29.28,19.52,4.88,34.16,-165.92,-122,-19.52,87.84,-117.12
39.04,34.16,-4.88,-34.16,19.52,14.64,43.92,-151.28,-112.24,-14.64,92.72,-112.24
53.68,48.8,-4.88,-48.8,29.28,19.52,39.04,-141.52,-107.36,4.88,102.48,-107.36
58.56,53.68,-4.88,-53.68,29.28,24.4,29.28,-151.28,-102.48,0,102.48,-107.36
48.8,53.68,4.88,-48.8,19.52,29.28,39.04,-151.28,-112.24,-9.76,97.6,-112.24
19.52,43.92,24.4,-29.28,-4.88,34.16,48.8,-151.28,-117.12,-14.64,97.6,-112.24
4.88,39.04,34.16,-19.52,-14.64,34.16,24.4,-165.92,-126.88,-34.16,87.84,-126.88
9.76,53.68,43.92,-29.28,-19.52,48.8,29.28,-175.68,-126.88,-39.04,87.84,-122
0,34.16,34.16,-14.64,-19.52,34.16,34.16,-170.8,-131.76,-39.04,87.84,-122
24.4,29.28,4.88,-24.4,9.76,14.64,34.16,-165.92,-141.52,-43.92,82.96,-126.88
63.44,53.68,-9.76,-58.56,34.16,19.52,43.92,-161.04,-141.52,-53.68,82.96,-122
39.04,43.92,4.88,-39.04,14.64,24.4,48.8,-146.4,-136.64,-43.92,92.72,-112.24
14.64,29.28,14.64,-19.52,0,19.52,43.92,-156.16,-146.4,-53.68,82.96,-126.88
29.28,43.92,14.64,-34.16,4.88,29.28,39.04,-156.16,-146.4,-48.8,82.96,-131.76
53.68,68.32,14.64,-58.56,19.52,39.04,43.92,-156.16,-136.64,-48.8,92.72,-126.88
4.88,34.16,29.28,-19.52,-14.64,29.28,34.16,-175.68,-151.28,-63.44,82.96,-136.64
14.64,39.04,24.4,-24.4,-4.88,29.28,34.16,-180.56,-146.4,-73.2,78.08,-141.52
43.92,58.56,14.64,-48.8,14.64,34.16,43.92,-170.8,-136.64,-63.44,82.96,-141.52
34.16,34.16,0,-34.16,14.64,14.64,39.04,-175.68,-156.16,-63.44,82.96,-141.52
39.04,39.04,0,-39.04,19.52,19.52,39.04,-180.56,-156.16,-68.32,92.72,-141.52
19.52,24.4,4.88,-19.52,4.88,14.64,24.4,-195.2,-156.16,-73.2,82.96,-146.4
-9.76,0,9.76,4.88,-9.76,4.88,19.52,-185.44,-156.16,-73.2,73.2,-161.04
19.52,19.52,0,-19.52,9.76,9.76,24.4,-175.68,-151.28,-63.44,78.08,-161.04
19.52,29.28,9.76,-24.4,4.88,19.52,29.28,-170.8,-146.4,-73.2,78.08,-156.16
24.4,29.28,4.88,-24.4,9.76,14.64,34.16,-161.04,-161.04,-97.6,63.44,-161.04
19.52,19.52,0,-19.52,9.76,9.76,29.28,-165.92,-165.92,-107.36,58.56,-165.92
63.44,53.68,-9.76,-58.56,34.16,19.52,34.16,-165.92,-156.16,-107.36,63.44,-156.16
48.8,24.4,-24.4,-34.16,34.16,0,29.28,-175.68,-151.28,-112.24,53.68,-165.92
34.16,14.64,-19.52,-24.4,24.4,-4.88,29.28,-170.8,-146.4,-102.48,53.68,-161.04
48.8,14.64,-34.16,-29.28,39.04,-9.76,24.4,-175.68,-146.4,-87.84,58.56,-161.04
19.52,-4.88,-24.4,-4.88,19.52,-14.64,19.52,-175.68,-151.28,-87.84,53.68,-175.68
-9.76,-24.4,-14.64,19.52,0,-19.52,14.64,-180.56,-161.04,-97.6,43.92,-185.44
9.76,9.76,0,-9.76,4.88,4.88,19.52,-165.92,-151.28,-107.36,48.8,-175.68
34.16,24.4,-9.76,-29.28,19.52,4.88,14.64,-165.92,-141.52,-97.6,43.92,-175.68
24.4,0,-24.4,-9.76,24.4,-14.64,-4.88,-175.68,-161.04,-117.12,29.28,-185.44
29.28,-4.88,-34.16,-9.76,29.28,-19.52,-24.4,-180.56,-165.92,-117.12,24.4,-190.32
29.28,0,-29.28,-14.64,29.28,-14.64,-24.4,-180.56,-161.04,-126.88,14.64,-195.2
43.92,9.76,-34.16,-24.4,39.04,-14.64,-9.76,-185.44,-156.16,-122,19.52,-200.08
24.4,0,-24.4,-9.76,24.4,-14.64,-9.76,-185.44,-156.16,-107.36,14.64,-200.08
34.16,19.52,-14.64,-24.4,24.4,0,4.88,-170.8,-136.64,-87.84,34.16,-185.44
24.4,9.76,-14.64,-14.64,19.52,-4.88,0,-175.68,-156.16,-112.24,14.64,-200.08
4.88,-14.64,-19.52,4.88,9.76,-19.52,-19.52,-180.56,-180.56,-131.76,4.88,-209.84
48.8,24.4,-24.4,-34.16,34.16,0,-9.76,-175.68,-170.8,-117.12,19.52,-204.96
53.68,24.4,-29.28,-39.04,39.04,-4.88,-9.76,-170.8,-165.92,-126.88,14.64,-209.84
87.84,43.92,-43.92,-63.44,63.44,0,-9.76,-161.04,-151.28,-112.24,19.52,-195.2
107.36,58.56,-48.8,-82.96,78.08,4.88,-4.88,-151.28,-146.4,-112.24,24.4,-185.44
4.88,-43.92,-48.8,19.52,24.4,-48.8,-29.28,-170.8,-165.92,-136.64,-4.88,-214.72
14.64,-24.4,-39.04,4.88,24.4,-34.16,-19.52,-161.04,-151.28,-126.88,4.88,-195.2
-4.88,-29.28,-24.4,19.52,9.76,-29.28,-9.76,-161.04,-151.28,-126.88,0,-195.2
4.88,-43.92,-48.8,19.52,24.4,-48.8,-9.76,-161.04,-156.16,-136.64,-9.76,-190.32
-14.64,-43.92,-29.28,29.28,4.88,-39.04,-4.88,-161.04,-156.16,-126.88,-4.88,-180.56
-9.76,-24.4,-14.64,19.52,0,-19.52,0,-151.28,-141.52,-107.36,9.76,-170.8
-24.4,-43.92,-19.52,34.16,-4.88,-34.16,0,-146.4,-146.4,-117.12,4.88,-170.8
-9.76,-39.04,-29.28,24.4,9.76,-34.16,4.88,-141.52,-146.4,-122,-4.88,-175.68
-14.64,-34.16,-19.52,24.4,0,-29.28,19.52,-136.64,-131.76,-122,-14.64,-170.8
19.52,-4.88,-24.4,-4.88,19.52,-14.64,24.4,-126.88,-131.76,-117.12,-4.88,-165.92
24.4,4.88,-19.52,-14.64,19.52,-9.76,29.28,-112.24,-117.12,-112.24,0,-156.16
19.52,-4.88,-24.4,-4.88,19.52,-14.64,24.4,-112.24,-107.36,-107.36,0,-156.16
24.4,0,-24.4,-9.76,24.4,-14.64,19.52,-112.24,-112.24,-112.24,0,-156.16
29.28,4.88,-24.4,-14.64,24.4,-9.76,19.52,-107.36,-122,-117.12,0,-161.04
4.88,-19.52,-24.4,9.76,14.64,-24.4,29.28,-112.24,-112.24,-117.12,-4.88,-161.04
-4.88,-24.4,-19.52,14.64,4.88,-24.4,29.28,-107.36,-112.24,-112.24,-14.64,-165.92
14.64,-9.76,-24.4,0,19.52,-19.52,24.4,-97.6,-107.36,-107.36,-4.88,-161.04
48.8,19.52,-29.28,-34.16,39.04,-4.88,39.04,-82.96,-92.72,-97.6,14.64,-151.28
14.64,4.88,-9.76,-9.76,9.76,-4.88,39.04,-82.96,-92.72,-87.84,9.76,-156.16
4.88,-9.76,-14.64,4.88,9.76,-14.64,34.16,-87.84,-92.72,-87.84,0,-170.8
14.64,0,-14.64,-4.88,14.64,-9.76,34.16,-73.2,-78.08,-82.96,9.76,-151.28
24.4,9.76,-14.64,-14.64,19.52,-4.88,43.92,-63.44,-73.2,-82.96,9.76,-136.64
0,-19.52,-19.52,9.76,9.76,-19.52,34.16,-78.08,-87.84,-97.6,-9.76,-126.88
4.88,-14.64,-19.52,4.88,9.76,-19.52,29.28,-68.32,-87.84,-97.6,-4.88,-102.48
43.92,14.64,-29.28,-29.28,34.16,-9.76,43.92,-53.68,-68.32,-78.08,4.88,-63.44
9.76,-9.76,-19.52,0,14.64,-14.64,39.04,-53.68,-78.08,-82.96,4.88,-73.2
34.16,19.52,-14.64,-24.4,24.4,0,48.8,-39.04,-58.56,-63.44,19.52,-48.8
9.76,0,-9.76,-4.88,9.76,-4.88,43.92,-48.8,-63.44,-63.44,14.64,-58.56
-14.64,-9.76,4.88,14.64,-9.76,-4.88,39.04,-53.68,-58.56,-68.32,4.88,-53.68
29.28,48.8,19.52,-39.04,4.88,34.16,53.68,-29.28,-48.8,-63.44,19.52,-24.4
24.4,43.92,19.52,-34.16,0,29.28,43.92,-39.04,-53.68,-68.32,9.76,-14.64
-14.64,0,14.64,9.76,-14.64,4.88,43.92,-39.04,-48.8,-68.32,4.88,-24.4
-9.76,14.64,24.4,0,-19.52,19.52,34.16,-39.04,-48.8,-78.08,-4.88,-39.04
34.16,34.16,0,-34.16,14.64,14.64,34.16,-29.28,-48.8,-87.84,-4.88,-29.28
39.04,29.28,-9.76,-34.16,24.4,9.76,39.04,-29.28,-53.68,-87.84,0,-29.28
14.64,-4.88,-19.52,-4.88,14.64,-14.64,39.04,-24.4,-58.56,-87.84,0,-29.28
14.64,0,-14.64,-4.88,14.64,-9.76,48.8,-19.52,-58.56,-78.08,0,-29.28
14.64,9.76,-4.88,-9.76,9.76,0,48.8,-9.76,-48.8,-73.2,4.88,-24.4
24.4,24.4,0,-24.4,9.76,9.76,53.68,-4.88,-43.92,-73.2,4.88,-29.28
14.64,19.52,4.88,-14.64,4.88,9.76,48.8,-4.88,-39.04,-63.44,4.88,-29.28
4.88,4.88,0,-4.88,0,0,39.04,-14.64,-34.16,-63.44,0,-43.92
34.16,34.16,0,-34.16,14.64,14.64,58.56,4.88,-14.64,-53.68,14.64,-24.4
43.92,48.8,4.88,-43.92,19.52,24.4,63.44,4.88,-24.4,-53.68,9.76,-29.28
-4.88,9.76,14.64,0,-9.76,9.76,58.56,-9.76,-39.04,-68.32,-4.88,-48.8
9.76,19.52,9.76,-14.64,0,14.64,63.44,9.76,-19.52,-53.68,4.88,-34.16
-39.04,-34.16,4.88,39.04,-24.4,-14.64,34.16,4.88,-29.28,-68.32,-14.64,-53.68
-19.52,-14.64,4.88,19.52,-14.64,-4.88,39.04,14.64,-24.4,-63.44,-14.64,-48.8
0,0,0,0,0,0,43.92,29.28,-14.64,-58.56,-4.88,-43.92
9.76,9.76,0,-9.76,4.88,4.88,48.8,29.28,-4.88,-48.8,0,-39.04
48.8,43.92,-4.88,-43.92,24.4,19.52,43.92,24.4,0,-39.04,4.88,-39.04
9.76,-4.88,-14.64,0,9.76,-9.76,24.4,14.64,-9.76,-53.68,-9.76,-53.68
-29.28,-14.64,14.64,24.4,-24.4,0,24.4,9.76,-9.76,-53.68,-9.76,-43.92
-14.64,9.76,24.4,4.88,-19.52,14.64,29.28,19.52,0,-43.92,0,-24.4
-24.4,9.76,34.16,9.76,-29.28,19.52,24.4,19.52,-4.88,-53.68,0,-14.64
-24.4,9.76,34.16,9.76,-29.28,19.52,29.28,19.52,-4.88,-63.44,-4.88,0
-4.88,34.16,39.04,-14.64,-24.4,34.16,39.04,34.16,9.76,-48.8,0,14.64
19.52,39.04,19.52,-29.28,0,29.28,39.04,43.92,19.52,-43.92,4.88,14.64
14.64,24.4,9.76,-19.52,0,14.64,19.52,34.16,9.76,-58.56,-14.64,0
9.76,14.64,4.88,-9.76,0,9.76,14.64,29.28,19.52,-53.68,-14.64,-9.76
19.52,19.52,0,-19.52,9.76,9.76,0,34.16,19.52,-58.56,-14.64,-19.52
14.64,29.28,14.64,-19.52,0,19.52,4.88,48.8,24.4,-58.56,-9.76,-14.64
39.04,48.8,9.76,-43.92,14.64,29.28,9.76,48.8,29.28,-58.56,-4.88,-19.52
-9.76,0,9.76,4.88,-9.76,4.88,-4.88,29.28,9.76,-68.32,-24.4,-34.16
-9.76,-4.88,4.88,9.76,-9.76,0,-9.76,24.4,4.88,-73.2,-19.52,-39.04
-4.88,4.88,9.76,0,-9.76,4.88,-4.88,34.16,14.64,-58.56,-9.76,-34.16
4.88,14.64,9.76,-9.76,-4.88,9.76,0,43.92,24.4,-48.8,-4.88,-34.16
0,19.52,19.52,-9.76,-9.76,19.52,4.88,58.56,34.16,-39.04,-4.88,-34.16
-19.52,0,19.52,9.76,-19.52,9.76,9.76,53.68,19.52,-58.56,-9.76,-43.92
0,0,0,0,0,0,4.88,53.68,34.16,-53.68,-14.64,-43.92
24.4,19.52,-4.88,-19.52,14.64,4.88,14.64,58.56,34.16,-53.68,-14.64,-58.56
24.4,19.52,-4.88,-19.52,14.64,4.88,24.4,68.32,39.04,-53.68,-19.52,-58.56
24.4,4.88,-19.52,-14.64,19.52,-9.76,19.52,63.44,34.16,-68.32,-24.4,-78.08
24.4,19.52,-4.88,-19.52,14.64,4.88,19.52,73.2,43.92,-53.68,-24.4,-73.2
-4.88,-4.88,0,4.88,-4.88,-4.88,19.52,78.08,48.8,-48.8,-14.64,-73.2
0,0,0,0,0,0,19.52,82.96,53.68,-43.92,-14.64,-73.2
34.16,34.16,0,-34.16,14.64,14.64,39.04,97.6,73.2,-29.28,0,-58.56
34.16,34.16,0,-34.16,14.64,14.64,39.04,107.36,73.2,-19.52,0,-48.8
-14.64,-24.4,-9.76,19.52,-4.88,-19.52,19.52,82.96,48.8,-43.92,-14.64,-63.44
-9.76,-19.52,-9.76,14.64,0,-14.64,24.4,78.08,53.68,-43.92,-14.64,-63.44
19.52,0,-19.52,-9.76,19.52,-9.76,24.4,82.96,63.44,-34.16,-9.76,-63.44
34.16,29.28,-4.88,-29.28,19.52,9.76,39.04,107.36,73.2,-29.28,0,-53.68
24.4,24.4,0,-24.4,9.76,9.76,48.8,112.24,82.96,-24.4,4.88,-48.8
-19.52,-24.4,-4.88,24.4,-9.76,-14.64,29.28,92.72,63.44,-39.04,-14.64,-73.2
9.76,9.76,0,-9.76,4.88,4.88,43.92,97.6,63.44,-34.16,-9.76,-73.2
9.76,14.64,4.88,-9.76,0,9.76,48.8,97.6,63.44,-34.16,-14.64,-68.32
4.88,4.88,0,-4.88,0,0,43.92,97.6,58.56,-34.16,-14.64,-68.32
-14.64,-14.64,0,14.64,-9.76,-9.76,43.92,97.6,63.44,-39.04,-14.64,-68.32
-19.52,-29.28,-9.76,24.4,-4.88,-19.52,39.04,102.48,63.44,-39.04,-19.52,-68.32
-4.88,4.88,9.76,0,-9.76,4.88,58.56,97.6,68.32,-34.16,-19.52,-58.56
-9.76,-4.88,4.88,9.76,-9.76,0,58.56,97.6,78.08,-34.16,-14.64,-53.68
-9.76,-4.88,4.88,9.76,-9.76,0,53.68,107.36,78.08,-29.28,-14.64,-48.8
34.16,48.8,14.64,-39.04,9.76,29.28,68.32,112.24,92.72,-19.52,0,-34.16
43.92,48.8,4.88,-43.92,19.52,24.4,73.2,136.64,102.48,-4.88,9.76,-34.16
19.52,14.64,-4.88,-14.64,9.76,4.88,58.56,122,82.96,-19.52,0,-48.8
0,-4.88,-4.88,4.88,0,-4.88,53.68,117.12,78.08,-24.4,-4.88,-53.68
-34.16,-39.04,-4.88,39.04,-14.64,-24.4,34.16,97.6,63.44,-29.28,-19.52,-68.32
4.88,-4.88,-9.76,0,4.88,-9.76,39.04,107.36,78.08,-19.52,-9.76,-58.56
4.88,-4.88,-9.76,0,4.88,-9.76,29.28,102.48,73.2,-19.52,-14.64,-48.8
0,14.64,14.64,-4.88,-9.76,14.64,48.8,112.24,87.84,-9.76,0,-39.04
19.52,24.4,4.88,-19.52,4.88,14.64,58.56,112.24,97.6,-4.88,4.88,-34.16
0,-4.88,-4.88,4.88,0,-4.88,48.8,112.24,78.08,-9.76,-4.88,-43.92
-39.04,-34.16,4.88,39.04,-24.4,-14.64,39.04,102.48,73.2,-24.4,-14.64,-48.8
-4.88,-4.88,0,4.88,-4.88,-4.88,48.8,122,78.08,-19.52,-4.88,-34.16
29.28,34.16,4.88,-29.28,9.76,19.52,48.8,131.76,82.96,-14.64,4.88,-34.16
-14.64,-14.64,0,14.64,-9.76,-9.76,34.16,112.24,63.44,-24.4,-14.64,-43.92
0,0,0,0,0,0,43.92,107.36,73.2,-19.52,-14.64,-34.16
-9.76,0,9.76,4.88,-9.76,4.88,39.04,112.24,73.2,-19.52,-14.64,-39.04
-14.64,0,14.64,9.76,-14.64,4.88,34.16,107.36,73.2,-14.64,-19.52,-43.92
0,4.88,4.88,0,-4.88,4.88,29.28,117.12,82.96,-4.88,-4.88,-34.16
-4.88,-19.52,-14.64,14.64,4.88,-19.52,24.4,102.48,82.96,-14.64,-14.64,-39.04
19.52,4.88,-14.64,-9.76,14.64,-4.88,24.4,102.48,68.32,-19.52,-14.64,-43.92
14.64,14.64,0,-14.64,4.88,4.88,43.92,107.36,73.2,-9.76,-4.88,-29.28
14.64,9.76,-4.88,-9.76,9.76,0,43.92,107.36,78.08,-4.88,0,-24.4
-9.76,-9.76,0,9.76,-4.88,-4.88,39.04,97.6,68.32,-9.76,-14.64,-39.04
-43.92,-34.16,9.76,39.04,-29.28,-14.64,24.4,102.48,63.44,-14.64,-19.52,-39.04
-9.76,9.76,19.52,0,-14.64,14.64,39.04,107.36,78.08,-4.88,0,-19.52
4.88,14.64,9.76,-9.76,-4.88,9.76,43.92,112.24,78.08,0,0,-19.52
-14.64,4.88,19.52,4.88,-19.52,9.76,39.04,92.72,73.2,-4.88,-4.88,-24.4
4.88,9.76,4.88,-4.88,0,4.88,29.28,87.84,73.2,0,-4.88,-24.4
-4.88,-9.76,-4.88,9.76,0,-9.76,9.76,78.08,63.44,-9.76,-14.64,-39.04
-4.88,-9.76,-4.88,9.76,0,-9.76,14.64,82.96,63.44,-4.88,-9.76,-39.04
48.8,39.04,-9.76,-43.92,29.28,14.64,24.4,87.84,78.08,0,4.88,-24.4
39.04,39.04,0,-39.04,19.52,19.52,29.28,92.72,73.2,0,4.88,-19.52
19.52,24.4,4.88,-19.52,4.88,14.64,24.4,82.96,78.08,0,4.88,-24.4
4.88,14.64,9.76,-9.76,-4.88,9.76,24.4,78.08,73.2,0,0,-14.64
19.52,39.04,19.52,-29.28,0,29.28,24.4,78.08,78.08,0,4.88,-14.64
-29.28,-14.64,14.64,24.4,-24.4,0,0,68.32,63.44,-9.76,-14.64,-34.16
-68.32,-43.92,24.4,58.56,-48.8,-9.76,-14.64,63.44,43.92,-24.4,-24.4,-48.8
-4.88,9.76,14.64,0,-9.76,9.76,0,78.08,68.32,-9.76,-4.88,-24.4
48.8,53.68,4.88,-48.8,19.52,29.28,9.76,92.72,73.2,4.88,4.88,-14.64
-19.52,-14.64,4.88,19.52,-14.64,-4.88,-9.76,68.32,58.56,-9.76,-14.64,-34.16
-4.88,4.88,9.76,0,-9.76,4.88,-14.64,63.44,53.68,-14.64,-14.64,-24.4
19.52,29.28,9.76,-24.4,4.88,19.52,-9.76,68.32,63.44,-9.76,-14.64,-24.4
4.88,14.64,9.76,-9.76,-4.88,9.76,-14.64,78.08,63.44,-9.76,-14.64,-19.52
4.88,19.52,14.64,-9.76,-4.88,14.64,-14.64,73.2,68.32,0,-4.88,-9.76
-4.88,14.64,19.52,-4.88,-14.64,14.64,-9.76,73.2,63.44,0,0,-4.88
9.76,39.04,29.28,-24.4,-9.76,34.16,-14.64,73.2,58.56,4.88,4.88,0
-34.16,-9.76,24.4,24.4,-29.28,4.88,-29.28,58.56,39.04,-14.64,-19.52,-19.52
-34.16,-14.64,19.52,24.4,-29.28,0,-34.16,53.68,34.16,-24.4,-24.4,-24.4
0,14.64,14.64,-4.88,-9.76,14.64,-24.4,63.44,48.8,-9.76,-9.76,-4.88
24.4,43.92,19.52,-34.16,0,29.28,-24.4,68.32,63.44,0,-4.88,4.88
9.76,24.4,14.64,-14.64,-4.88,19.52,-14.64,68.32,53.68,-9.76,-4.88,0
34.16,34.16,0,-34.16,14.64,14.64,-19.52,63.44,63.44,-4.88,-4.88,0
4.88,0,-4.88,0,4.88,-4.88,-24.4,53.68,48.8,-9.76,-14.64,0
4.88,4.88,0,-4.88,0,0,-14.64,58.56,48.8,-4.88,-9.76,4.88
0,-4.88,-4.88,4.88,0,-4.88,-14.64,58.56,53.68,-9.76,-14.64,0
24.4,9.76,-14.64,-14.64,19.52,-4.88,-19.52,58.56,53.68,-4.88,-9.76,4.88
-14.64,-34.16,-19.52,24.4,0,-29.28,-24.4,48.8,43.92,-14.64,-14.64,4.88
-63.44,-63.44,0,63.44,-34.16,-34.16,-48.8,48.8,34.16,-29.28,-34.16,-4.88
-24.4,-24.4,0,24.4,-14.64,-14.64,-29.28,68.32,53.68,-9.76,-14.64,19.52
4.88,14.64,9.76,-9.76,-4.88,9.76,-9.76,78.08,68.32,4.88,0,43.92
-24.4,-9.76,14.64,19.52,-19.52,0,-4.88,68.32,53.68,-4.88,-4.88,43.92
-19.52,-4.88,14.64,14.64,-19.52,4.88,-9.76,48.8,48.8,-9.76,-9.76,48.8
-29.28,-19.52,9.76,24.4,-19.52,-4.88,-9.76,53.68,48.8,-4.88,-9.76,58.56
-9.76,-9.76,0,9.76,-4.88,-4.88,-9.76,53.68,43.92,-14.64,-19.52,53.68
0,-9.76,-9.76,4.88,4.88,-9.76,-14.64,58.56,48.8,-19.52,-19.52,58.56
4.88,0,-4.88,0,4.88,-4.88,-9.76,73.2,53.68,-9.76,-14.64,68.32
-53.68,-43.92,9.76,48.8,-34.16,-19.52,-14.64,63.44,43.92,-14.64,-19.52,58.56
-48.8,-43.92,4.88,48.8,-29.28,-19.52,-9.76,68.32,43.92,-14.64,-19.52,48.8
-29.28,-29.28,0,29.28,-14.64,-14.64,-14.64,63.44,43.92,-14.64,-14.64,9.76
9.76,9.76,0,-9.76,4.88,4.88,-4.88,63.44,53.68,0,0,-14.64
4.88,4.88,0,-4.88,0,0,-4.88,73.2,48.8,-4.88,0,-24.4
-19.52,-4.88,14.64,14.64,-19.52,4.88,-9.76,68.32,48.8,0,-4.88,-34.16
-29.28,-19.52,9.76,24.4,-19.52,-4.88,-9.76,63.44,43.92,-4.88,-4.88,-39.04
-24.4,-14.64,9.76,19.52,-19.52,-4.88,-9.76,68.32,43.92,-4.88,-9.76,-48.8
24.4,14.64,-9.76,-19.52,14.64,0,-9.76,68.32,48.8,0,-9.76,-43.92
-14.64,-14.64,0,14.64,-9.76,-9.76,-9.76,73.2,39.04,4.88,-14.64,-48.8
-19.52,-14.64,4.88,19.52,-14.64,-4.88,-4.88,73.2,39.04,0,-9.76,-48.8
-9.76,-24.4,-14.64,19.52,0,-19.52,0,58.56,34.16,-9.76,-14.64,-53.68
-4.88,-14.64,-9.76,9.76,0,-14.64,-14.64,58.56,34.16,-19.52,-24.4,-63.44
-19.52,-24.4,-4.88,24.4,-9.76,-14.64,-19.52,68.32,34.16,-19.52,-29.28,-58.56
-14.64,-9.76,4.88,14.64,-9.76,-4.88,-4.88,78.08,39.04,-9.76,-19.52,-58.56
-14.64,-14.64,0,14.64,-9.76,-9.76,-4.88,73.2,43.92,-9.76,-14.64,-53.68
-4.88,-19.52,-14.64,14.64,4.88,-19.52,0,73.2,43.92,-14.64,-19.52,-48.8
0,-14.64,-14.64,9.76,4.88,-14.64,-9.76,78.08,43.92,-9.76,-14.64,-48.8
-14.64,-29.28,-14.64,24.4,0,-24.4,-14.64,68.32,39.04,-14.64,-19.52,-53.68
-9.76,-29.28,-19.52,19.52,4.88,-24.4,-4.88,63.44,39.04,0,-14.64,-48.8
14.64,4.88,-9.76,-9.76,9.76,-4.88,9.76,73.2,48.8,4.88,-4.88,-34.16
4.88,-4.88,-9.76,0,4.88,-9.76,9.76,68.32,39.04,0,-9.76,-39.04
-14.64,-34.16,-19.52,24.4,0,-29.28,-9.76,63.44,29.28,-9.76,-19.52,-53.68
4.88,-14.64,-19.52,4.88,9.76,-19.52,-9.76,63.44,34.16,-4.88,-24.4,-48.8
-19.52,-29.28,-9.76,24.4,-4.88,-19.52,-9.76,58.56,34.16,-9.76,-19.52,-48.8
4.88,14.64,9.76,-9.76,-4.88,9.76,-4.88,73.2,53.68,4.88,-9.76,-34.16
-24.4,-9.76,14.64,19.52,-19.52,0,0,73.2,48.8,4.88,-9.76,-34.16
-19.52,14.64,34.16,4.88,-29.28,24.4,4.88,73.2,43.92,4.88,-4.88,-24.4
-39.04,0,39.04,19.52,-39.04,19.52,0,63.44,43.92,4.88,0,-29.28
-63.44,-34.16,29.28,48.8,-48.8,-4.88,-14.64,53.68,34.16,-4.88,-14.64,-39.04
-24.4,9.76,34.16,9.76,-29.28,19.52,0,68.32,43.92,4.88,0,-24.4
-14.64,19.52,34.16,0,-24.4,24.4,0,78.08,43.92,9.76,0,-24.4
-43.92,-14.64,29.28,29.28,-39.04,4.88,-19.52,63.44,39.04,0,-14.64,-34.16
-48.8,-24.4,24.4,39.04,-39.04,0,-24.4,58.56,29.28,0,-19.52,-34.16
-14.64,-4.88,9.76,9.76,-14.64,0,-24.4,63.44,39.04,0,-14.64,-34.16
-14.64,-4.88,9.76,9.76,-14.64,0,-34.16,58.56,34.16,0,-14.64,-34.16
-19.52,-4.88,14.64,14.64,-19.52,4.88,-19.52,58.56,34.16,4.88,-4.88,-24.4
-29.28,-19.52,9.76,24.4,-19.52,-4.88,-24.4,53.68,24.4,-4.88,-9.76,-29.28
-4.88,-9.76,-4.88,9.76,0,-9.76,-24.4,48.8,24.4,-4.88,-14.64,-34.16
9.76,24.4,14.64,-14.64,-4.88,19.52,-19.52,63.44,39.04,14.64,4.88,-19.52
4.88,19.52,14.64,-9.76,-4.88,14.64,-19.52,68.32,39.04,9.76,0,-19.52
-14.64,4.88,19.52,4.88,-19.52,9.76,-19.52,63.44,34.16,4.88,-4.88,-19.52
-34.16,-14.64,19.52,24.4,-29.28,0,-24.4,58.56,34.16,4.88,-9.76,-19.52
9.76,29.28,19.52,-19.52,-4.88,24.4,-19.52,58.56,39.04,9.76,-9.76,-24.4
19.52,39.04,19.52,-29.28,0,29.28,-9.76,73.2,48.8,19.52,4.88,-14.64
-34.16,0,34.16,19.52,-34.16,14.64,-19.52,58.56,39.04,14.64,-4.88,-29.28
-4.88,9.76,14.64,0,-9.76,9.76,-19.52,58.56,34.16,14.64,0,-24.4
-34.16,-24.4,9.76,29.28,-24.4,-9.76,-48.8,43.92,14.64,-9.76,-19.52,-43.92
-14.64,0,14.64,9.76,-14.64,4.88,-39.04,53.68,29.28,0,-14.64,-39.04
0,4.88,4.88,0,-4.88,4.88,-43.92,53.68,29.28,4.88,-4.88,-34.16
-4.88,-9.76,-4.88,9.76,0,-9.76,-48.8,53.68,19.52,-4.88,-14.64,-39.04
4.88,14.64,9.76,-9.76,-4.88,9.76,-34.16,63.44,34.16,4.88,-9.76,-39.04
9.76,19.52,9.76,-14.64,0,14.64,-29.28,68.32,34.16,9.76,-9.76,-34.16
9.76,19.52,9.76,-14.64,0,14.64,-34.16,68.32,39.04,14.64,-4.88,-29.28
14.64,29.28,14.64,-19.52,0,19.52,-14.64,82.96,53.68,19.52,-4.88,-24.4
29.28,43.92,14.64,-34.16,4.88,29.28,0,102.48,63.44,14.64,-4.88,-34.16
4.88,4.88,0,-4.88,0,0,9.76,122,68.32,0,-29.28,-53.68
-24.4,-24.4,0,24.4,-14.64,-14.64,34.16,161.04,87.84,0,-43.92,-63.44
-29.28,-43.92,-14.64,39.04,-9.76,-29.28,48.8,209.84,126.88,-4.88,-58.56,-82.96
-63.44,-63.44,0,63.44,-34.16,-34.16,87.84,287.92,185.44,9.76,-53.68,-97.6
-29.28,-34.16,-4.88,34.16,-14.64,-19.52,122,375.76,278.16,53.68,-29.28,-78.08
-14.64,-4.88,9.76,9.76,-14.64,0,136.64,448.96,346.48,92.72,-4.88,-63.44
-4.88,9.76,14.64,0,-9.76,9.76,156.16,497.76,390.4,126.88,19.52,-43.92
24.4,39.04,14.64,-29.28,4.88,24.4,136.64,497.76,429.44,180.56,63.44,-4.88
24.4,68.32,43.92,-43.92,-9.76,53.68,117.12,488,483.12,268.4,146.4,63.44
82.96,146.4,63.44,-112.24,9.76,102.48,68.32,439.2,541.68,395.28,278.16,170.8
156.16,248.88,92.72,-200.08,29.28,170.8,14.64,346.48,605.12,570.96,458.72,326.96
234.24,346.48,112.24,-287.92,58.56,229.36,-34.16,283.04,707.6,790.56,678.32,517.28
312.32,448.96,136.64,-380.64,87.84,292.8,-136.64,209.84,834.48,1039.44,917.44,722.24
370.88,536.8,165.92,-453.84,102.48,351.36,-219.6,97.6,912.56,1268.8,1151.68,922.32
458.72,629.52,170.8,-541.68,141.52,400.16,-287.92,-14.64,966.24,1507.92,1405.44,1137.04
527.04,727.12,200.08,-624.64,161.04,463.6,-346.48,-156.16,1000.4,1751.92,1678.72,1371.28
531.92,834.48,302.56,-683.2,112.24,566.08,-390.4,-297.68,985.76,1981.28,1927.6,1586
492.88,946.72,453.84,-717.36,19.52,697.84,-395.28,-458.72,844.24,2108.16,2103.28,1756.8
409.92,1029.68,619.76,-717.36,-107.36,824.72,-405.04,-658.8,585.6,2103.28,2166.72,1854.4
385.52,1102.88,717.36,-741.76,-165.92,907.68,-444.08,-824.72,341.6,2034.96,2166.72,1908.08
341.6,1117.52,775.92,-727.12,-219.6,946.72,-473.36,-1019.92,-14.64,1815.36,2049.6,1859.28
278.16,1073.6,795.44,-673.44,-258.64,932.08,-512.4,-1224.88,-400.16,1468.88,1795.84,1708
258.64,941.84,683.2,-600.24,-214.72,810.08,-507.52,-1337.12,-692.96,1019.92,1395.68,1405.44
175.68,717.36,541.68,-444.08,-185.44,629.52,-478.24,-1459.12,-1029.68,390.4,805.2,936.96
68.32,473.36,405.04,-268.4,-170.8,439.2,-444.08,-1532.32,-1302.96,-165.92,268.4,497.76
-29.28,312.32,341.6,-141.52,-185.44,326.96,-375.76,-1498.16,-1415.2,-507.52,-73.2,204.96
-126.88,209.84,336.72,-39.04,-234.24,273.28,-326.96,-1424.96,-1405.44,-653.92,-234.24,34.16
-151.28,146.4,297.68,4.88,-224.48,219.6,-317.2,-1361.52,-1342,-712.48,-336.72,-87.84
-151.28,87.84,239.12,34.16,-195.2,161.04,-331.84,-1263.92,-1249.28,-727.12,-395.28,-156.16
-165.92,24.4,190.32,73.2,-180.56,107.36,-331.84,-1127.28,-1127.28,-697.84,-405.04,-185.44
-141.52,34.16,175.68,53.68,-161.04,102.48,-302.56,-961.36,-951.6,-605.12,-346.48,-165.92
-107.36,24.4,131.76,43.92,-122,78.08,-297.68,-819.84,-810.08,-512.4,-302.56,-156.16
-82.96,9.76,92.72,39.04,-87.84,48.8,-292.8,-692.96,-688.08,-448.96,-268.4,-141.52
-73.2,0,73.2,39.04,-73.2,34.16,-258.64,-580.72,-580.72,-385.52,-244,-141.52
-97.6,-24.4,73.2,63.44,-87.84,24.4,-234.24,-478.24,-507.52,-346.48,-224.48,-146.4
-68.32,-24.4,43.92,48.8,-58.56,9.76,-195.2,-366,-409.92,-307.44,-204.96,-136.64
-29.28,-19.52,9.76,24.4,-19.52,-4.88,-151.28,-283.04,-322.08,-268.4,-185.44,-131.76
-14.64,-9.76,4.88,14.64,-9.76,-4.88,-122,-204.96,-244,-219.6,-161.04,-126.88
-63.44,-29.28,34.16,48.8,-48.8,0,-107.36,-136.64,-170.8,-165.92,-136.64,-112.24
-78.08,-34.16,43.92,58.56,-63.44,4.88,-87.84,-78.08,-117.12,-136.64,-122,-107.36
-24.4,-14.64,9.76,19.52,-19.52,-4.88,-63.44,-29.28,-63.44,-107.36,-97.6,-102.48
24.4,19.52,-4.88,-19.52,14.64,4.88,-24.4,19.52,-24.4,-58.56,-68.32,-78.08
-34.16,-39.04,-4.88,39.04,-14.64,-24.4,-24.4,24.4,-24.4,-63.44,-68.32,-73.2
-53.68,-63.44,-9.76,58.56,-24.4,-39.04,-14.64,24.4,-19.52,-68.32,-73.2,-82.96
-14.64,-29.28,-14.64,24.4,0,-24.4,-4.88,53.68,4.88,-48.8,-63.44,-78.08
29.28,4.88,-24.4,-14.64,24.4,-9.76,-9.76,92.72,34.16,-34.16,-53.68,-68.32
-14.64,-24.4,-9.76,19.52,-4.88,-19.52,-4.88,92.72,29.28,-48.8,-58.56,-68.32
-39.04,-43.92,-4.88,43.92,-19.52,-24.4,9.76,87.84,29.28,-58.56,-68.32,-82.96
-43.92,-63.44,-19.52,53.68,-14.64,-43.92,-4.88,82.96,34.16,-58.56,-78.08,-92.72
-39.04,-68.32,-29.28,53.68,-4.88,-48.8,-4.88,78.08,34.16,-63.44,-78.08,-92.72
-29.28,-58.56,-29.28,43.92,0,-43.92,0,82.96,39.04,-53.68,-63.44,-87.84
-19.52,-48.8,-29.28,34.16,4.88,-39.04,4.88,87.84,48.8,-39.04,-58.56,-82.96
-29.28,-53.68,-24.4,43.92,-4.88,-39.04,4.88,82.96,39.04,-43.92,-63.44,-78.08
-14.64,-43.92,-29.28,29.28,4.88,-39.04,9.76,92.72,39.04,-43.92,-63.44,-82.96
0,-19.52,-19.52,9.76,9.76,-19.52,14.64,107.36,53.68,-29.28,-48.8,-68.32
-4.88,-24.4,-19.52,14.64,4.88,-24.4,9.76,107.36,58.56,-34.16,-58.56,-73.2
4.88,-34.16,-39.04,14.64,19.52,-39.04,4.88,102.48,58.56,-48.8,-73.2,-92.72
0,-39.04,-39.04,19.52,19.52,-39.04,4.88,107.36,58.56,-48.8,-73.2,-92.72
-39.04,-87.84,-48.8,63.44,4.88,-68.32,-14.64,82.96,53.68,-53.68,-82.96,-102.48
-43.92,-97.6,-53.68,73.2,4.88,-78.08,-19.52,78.08,43.92,-58.56,-87.84,-112.24
0,-48.8,-48.8,24.4,24.4,-48.8,-4.88,87.84,58.56,-43.92,-73.2,-107.36
-14.64,-48.8,-34.16,34.16,9.76,-43.92,0,97.6,58.56,-34.16,-68.32,-102.48
-34.16,-58.56,-24.4,48.8,-4.88,-43.92,4.88,92.72,53.68,-34.16,-63.44,-92.72
-29.28,-58.56,-29.28,43.92,0,-43.92,4.88,87.84,39.04,-34.16,-58.56,-97.6
-24.4,-58.56,-34.16,43.92,4.88,-48.8,9.76,87.84,34.16,-43.92,-63.44,-92.72
-24.4,-68.32,-43.92,48.8,9.76,-58.56,0,78.08,29.28,-53.68,-78.08,-97.6
-43.92,-82.96,-39.04,63.44,-4.88,-63.44,4.88,68.32,19.52,-73.2,-92.72,-112.24
-39.04,-73.2,-34.16,58.56,-4.88,-53.68,-4.88,82.96,34.16,-63.44,-82.96,-112.24
-43.92,-82.96,-39.04,63.44,-4.88,-63.44,-29.28,78.08,48.8,-68.32,-87.84,-112.24
-19.52,-53.68,-34.16,39.04,4.88,-43.92,-14.64,97.6,58.56,-48.8,-73.2,-102.48
-24.4,-53.68,-29.28,39.04,0,-43.92,-4.88,97.6,53.68,-43.92,-68.32,-102.48
-24.4,-63.44,-39.04,43.92,4.88,-53.68,-9.76,82.96,48.8,-34.16,-68.32,-102.48
-43.92,-68.32,-24.4,58.56,-9.76,-48.8,-19.52,63.44,34.16,-43.92,-78.08,-107.36
-29.28,-58.56,-29.28,43.92,0,-43.92,-19.52,63.44,29.28,-53.68,-78.08,-102.48
-39.04,-73.2,-34.16,58.56,-4.88,-53.68,-19.52,53.68,24.4,-68.32,-82.96,-97.6
-48.8,-87.84,-39.04,68.32,-4.88,-63.44,-29.28,53.68,19.52,-63.44,-92.72,-102.48
-29.28,-63.44,-34.16,48.8,0,-48.8,-29.28,63.44,34.16,-63.44,-87.84,-97.6
48.8,0,-48.8,-24.4,48.8,-24.4,-4.88,92.72,58.56,-43.92,-73.2,-87.84
4.88,-53.68,-58.56,24.4,29.28,-58.56,-19.52,78.08,48.8,-63.44,-92.72,-97.6
-87.84,-146.4,-58.56,117.12,-14.64,-102.48,-39.04,39.04,24.4,-82.96,-117.12,-126.88
-14.64,-87.84,-73.2,53.68,29.28,-82.96,-19.52,53.68,43.92,-63.44,-92.72,-112.24
4.88,-68.32,-73.2,34.16,39.04,-73.2,-19.52,63.44,48.8,-53.68,-82.96,-102.48
-29.28,-92.72,-63.44,63.44,14.64,-78.08,-19.52,43.92,34.16,-58.56,-92.72,-102.48
-58.56,-107.36,-48.8,82.96,-4.88,-78.08,-24.4,34.16,19.52,-68.32,-92.72,-112.24
-53.68,-107.36,-53.68,82.96,0,-82.96,-24.4,39.04,19.52,-73.2,-102.48,-117.12
-43.92,-87.84,-43.92,68.32,0,-68.32,-14.64,53.68,39.04,-63.44,-97.6,-112.24
-4.88,-58.56,-53.68,34.16,24.4,-58.56,-4.88,63.44,48.8,-63.44,-92.72,-97.6
-4.88,-68.32,-63.44,39.04,29.28,-68.32,0,58.56,43.92,-73.2,-102.48,-112.24
4.88,-63.44,-68.32,29.28,34.16,-68.32,-4.88,78.08,58.56,-63.44,-102.48,-107.36
4.88,-68.32,-73.2,34.16,39.04,-73.2,-4.88,73.2,58.56,-63.44,-102.48,-112.24
-24.4,-102.48,-78.08,63.44,24.4,-92.72,-9.76,58.56,43.92,-73.2,-112.24,-122
-19.52,-97.6,-78.08,58.56,29.28,-87.84,-14.64,58.56,39.04,-63.44,-112.24,-126.88
-24.4,-92.72,-68.32,58.56,19.52,-82.96,-14.64,73.2,39.04,-73.2,-107.36,-122
-14.64,-82.96,-68.32,48.8,24.4,-78.08,0,87.84,43.92,-63.44,-97.6,-107.36
-14.64,-82.96,-68.32,48.8,24.4,-78.08,9.76,68.32,39.04,-68.32,-97.6,-112.24
-29.28,-112.24,-82.96,73.2,24.4,-97.6,0,63.44,34.16,-82.96,-117.12,-122
-19.52,-87.84,-68.32,53.68,24.4,-78.08,9.76,63.44,43.92,-82.96,-117.12,-122
-4.88,-78.08,-73.2,43.92,34.16,-78.08,24.4,92.72,58.56,-78.08,-122,-122
-9.76,-92.72,-82.96,53.68,34.16,-87.84,24.4,97.6,53.68,-82.96,-126.88,-136.64
-4.88,-92.72,-87.84,48.8,39.04,-92.72,34.16,92.72,63.44,-73.2,-122,-126.88
-14.64,-97.6,-82.96,58.56,34.16,-92.72,43.92,97.6,58.56,-63.44,-107.36,-126.88
-29.28,-122,-92.72,78.08,29.28,-107.36,19.52,68.32,43.92,-73.2,-117.12,-141.52
-19.52,-112.24,-92.72,68.32,34.16,-102.48,24.4,73.2,53.68,-68.32,-112.24,-131.76
-24.4,-97.6,-73.2,63.44,24.4,-87.84,48.8,92.72,48.8,-68.32,-102.48,-126.88
-9.76,-92.72,-82.96,53.68,34.16,-87.84,39.04,92.72,48.8,-73.2,-107.36,-126.88
-29.28,-112.24,-82.96,73.2,24.4,-97.6,24.4,92.72,48.8,-87.84,-122,-136.64
-29.28,-102.48,-73.2,68.32,19.52,-87.84,34.16,102.48,58.56,-92.72,-122,-136.64
9.76,-68.32,-78.08,29.28,43.92,-73.2,53.68,107.36,73.2,-82.96,-117.12,-131.76
-4.88,-102.48,-97.6,53.68,43.92,-102.48,48.8,107.36,68.32,-97.6,-122,-141.52
-53.68,-151.28,-97.6,102.48,19.52,-126.88,34.16,87.84,53.68,-107.36,-136.64,-156.16
-4.88,-107.36,-102.48,58.56,48.8,-107.36,39.04,97.6,68.32,-87.84,-122,-146.4
19.52,-73.2,-92.72,29.28,53.68,-82.96,48.8,112.24,82.96,-68.32,-102.48,-131.76
-24.4,-112.24,-87.84,68.32,29.28,-102.48,43.92,102.48,63.44,-78.08,-117.12,-136.64
-39.04,-107.36,-68.32,73.2,14.64,-87.84,43.92,102.48,58.56,-82.96,-117.12,-141.52
-19.52,-82.96,-63.44,53.68,19.52,-73.2,58.56,102.48,58.56,-78.08,-112.24,-126.88
-24.4,-82.96,-58.56,53.68,14.64,-73.2,58.56,107.36,63.44,-78.08,-107.36,-122
-14.64,-87.84,-73.2,53.68,29.28,-82.96,58.56,107.36,53.68,-92.72,-117.12,-136.64
-19.52,-82.96,-63.44,53.68,19.52,-73.2,48.8,112.24,58.56,-92.72,-126.88,-141.52
-14.64,-92.72,-78.08,53.68,29.28,-87.84,48.8,112.24,63.44,-87.84,-122,-136.64
-24.4,-112.24,-87.84,68.32,29.28,-102.48,39.04,97.6,63.44,-97.6,-136.64,-141.52
0,-97.6,-97.6,48.8,48.8,-97.6,48.8,107.36,73.2,-87.84,-131.76,-141.52
19.52,-58.56,-78.08,19.52,48.8,-68.32,63.44,126.88,82.96,-68.32,-117.12,-126.88
4.88,-53.68,-58.56,24.4,29.28,-58.56,73.2,126.88,73.2,-73.2,-107.36,-126.88
4.88,-48.8,-53.68,24.4,29.28,-53.68,68.32,126.88,63.44,-87.84,-117.12,-131.76
9.76,-53.68,-63.44,24.4,34.16,-58.56,48.8,126.88,58.56,-87.84,-126.88,-131.76
-29.28,-82.96,-53.68,58.56,9.76,-68.32,29.28,126.88,58.56,-97.6,-126.88,-131.76
24.4,-39.04,-63.44,9.76,43.92,-53.68,58.56,131.76,63.44,-92.72,-122,-117.12
34.16,-39.04,-73.2,4.88,53.68,-58.56,53.68,122,58.56,-107.36,-136.64,-82.96
-29.28,-112.24,-82.96,73.2,24.4,-97.6,34.16,102.48,34.16,-131.76,-165.92,-73.2
-29.28,-102.48,-73.2,68.32,19.52,-87.84,39.04,102.48,43.92,-126.88,-165.92,-78.08
14.64,-68.32,-82.96,29.28,48.8,-78.08,43.92,102.48,53.68,-117.12,-151.28,-63.44
-14.64,-92.72,-78.08,53.68,29.28,-87.84,39.04,87.84,29.28,-131.76,-165.92,-73.2
-39.04,-126.88,-87.84,82.96,24.4,-107.36,19.52,73.2,4.88,-146.4,-175.68,-78.08
-14.64,-97.6,-82.96,58.56,34.16,-92.72,9.76,78.08,4.88,-156.16,-175.68,-82.96
0,-73.2,-73.2,39.04,34.16,-73.2,19.52,97.6,-4.88,-165.92,-180.56,-82.96
-9.76,-82.96,-73.2,48.8,29.28,-78.08,14.64,82.96,-19.52,-180.56,-190.32,-92.72
0,-82.96,-82.96,43.92,39.04,-82.96,14.64,68.32,-29.28,-190.32,-204.96,-92.72
9.76,-78.08,-87.84,34.16,48.8,-82.96,14.64,63.44,-29.28,-190.32,-214.72,-97.6
14.64,-82.96,-97.6,34.16,53.68,-92.72,14.64,63.44,-39.04,-200.08,-209.84,-102.48
-14.64,-126.88,-112.24,73.2,48.8,-122,0,39.04,-68.32,-234.24,-244,-136.64
-19.52,-126.88,-107.36,73.2,43.92,-117.12,9.76,29.28,-73.2,-234.24,-239.12,-136.64
14.64,-82.96,-97.6,34.16,53.68,-92.72,24.4,19.52,-82.96,-229.36,-229.36,-122
-9.76,-97.6,-87.84,53.68,39.04,-92.72,9.76,-4.88,-112.24,-244,-239.12,-131.76
-9.76,-97.6,-87.84,53.68,39.04,-92.72,-4.88,-19.52,-136.64,-263.52,-253.76,-141.52
19.52,-78.08,-97.6,29.28,58.56,-87.84,-9.76,-14.64,-141.52,-263.52,-253.76,-146.4
-29.28,-117.12,-87.84,73.2,29.28,-102.48,-19.52,-24.4,-161.04,-287.92,-273.28,-161.04
-48.8,-122,-73.2,87.84,9.76,-97.6,-19.52,-39.04,-175.68,-307.44,-287.92,-165.92
-48.8,-122,-73.2,87.84,9.76,-97.6,-29.28,-58.56,-200.08,-322.08,-302.56,-175.68
0,-97.6,-97.6,48.8,48.8,-97.6,-34.16,-68.32,-200.08,-326.96,-302.56,-175.68
9.76,-107.36,-117.12,48.8,63.44,-112.24,-34.16,-87.84,-224.48,-341.6,-312.32,-185.44
-9.76,-117.12,-107.36,63.44,48.8,-112.24,-34.16,-92.72,-229.36,-336.72,-312.32,-185.44
-39.04,-131.76,-92.72,87.84,24.4,-112.24,-39.04,-122,-258.64,-351.36,-326.96,-195.2
-29.28,-107.36,-78.08,68.32,24.4,-92.72,-19.52,-117.12,-258.64,-351.36,-312.32,-180.56
-24.4,-87.84,-63.44,58.56,19.52,-78.08,-19.52,-117.12,-263.52,-356.24,-312.32,-175.68
-4.88,-78.08,-73.2,43.92,34.16,-78.08,-14.64,-112.24,-283.04,-356.24,-312.32,-170.8
4.88,-78.08,-82.96,39.04,43.92,-82.96,-19.52,-122,-287.92,-375.76,-326.96,-180.56
-29.28,-126.88,-97.6,78.08,34.16,-112.24,-39.04,-141.52,-307.44,-395.28,-336.72,-190.32
-14.64,-102.48,-87.84,58.56,34.16,-97.6,-34.16,-141.52,-302.56,-385.52,-326.96,-180.56
-4.88,-87.84,-82.96,48.8,39.04,-87.84,-19.52,-141.52,-307.44,-395.28,-336.72,-190.32
-43.92,-122,-78.08,82.96,14.64,-102.48,-19.52,-170.8,-326.96,-414.8,-351.36,-209.84
-58.56,-141.52,-82.96,102.48,9.76,-112.24,-29.28,-195.2,-341.6,-414.8,-351.36,-214.72
-29.28,-122,-92.72,78.08,29.28,-107.36,-24.4,-180.56,-336.72,-395.28,-331.84,-195.2
-4.88,-97.6,-92.72,53.68,43.92,-97.6,-4.88,-165.92,-336.72,-385.52,-312.32,-175.68
-9.76,-82.96,-73.2,48.8,29.28,-78.08,-4.88,-161.04,-336.72,-385.52,-317.2,-170.8
-29.28,-102.48,-73.2,68.32,19.52,-87.84,-14.64,-156.16,-331.84,-385.52,-307.44,-180.56
-39.04,-117.12,-78.08,78.08,19.52,-97.6,-14.64,-161.04,-326.96,-385.52,-312.32,-180.56
-34.16,-112.24,-78.08,73.2,19.52,-97.6,-4.88,-161.04,-326.96,-380.64,-307.44,-175.68
-53.68,-126.88,-73.2,92.72,9.76,-102.48,-24.4,-165.92,-317.2,-380.64,-312.32,-180.56
-29.28,-87.84,-58.56,58.56,14.64,-73.2,-4.88,-141.52,-283.04,-336.72,-273.28,-151.28
-4.88,-53.68,-48.8,29.28,19.52,-53.68,14.64,-131.76,-263.52,-326.96,-263.52,-141.52
-53.68,-97.6,-43.92,78.08,-4.88,-73.2,9.76,-146.4,-278.16,-326.96,-263.52,-141.52
-58.56,-87.84,-29.28,73.2,-14.64,-58.56,19.52,-136.64,-248.88,-292.8,-244,-131.76
-29.28,-58.56,-29.28,43.92,0,-43.92,34.16,-126.88,-234.24,-273.28,-224.48,-117.12
-43.92,-73.2,-29.28,58.56,-9.76,-53.68,24.4,-136.64,-244,-283.04,-229.36,-117.12
-53.68,-78.08,-24.4,68.32,-14.64,-53.68,9.76,-122,-224.48,-263.52,-209.84,-102.48
0,-19.52,-19.52,9.76,9.76,-19.52,19.52,-92.72,-204.96,-239.12,-185.44,-78.08
48.8,19.52,-29.28,-34.16,39.04,-4.88,39.04,-82.96,-175.68,-209.84,-156.16,-53.68
-24.4,-48.8,-24.4,39.04,0,-39.04,9.76,-112.24,-190.32,-224.48,-175.68,-73.2
-68.32,-92.72,-24.4,82.96,-24.4,-58.56,-14.64,-126.88,-195.2,-219.6,-175.68,-82.96
-4.88,-24.4,-19.52,14.64,4.88,-24.4,19.52,-82.96,-141.52,-175.68,-136.64,-48.8
-9.76,-24.4,-14.64,19.52,0,-19.52,24.4,-78.08,-136.64,-165.92,-126.88,-34.16
0,-24.4,-24.4,14.64,9.76,-24.4,34.16,-92.72,-141.52,-156.16,-126.88,-39.04
-29.28,-43.92,-14.64,39.04,-9.76,-29.28,29.28,-97.6,-136.64,-146.4,-112.24,-34.16
-14.64,-9.76,4.88,14.64,-9.76,-4.88,19.52,-82.96,-131.76,-136.64,-112.24,-29.28
-24.4,-24.4,0,24.4,-14.64,-14.64,29.28,-68.32,-122,-136.64,-107.36,-29.28
-43.92,-43.92,0,43.92,-24.4,-24.4,29.28,-68.32,-112.24,-122,-107.36,-29.28
-43.92,-34.16,9.76,39.04,-29.28,-14.64,29.28,-63.44,-107.36,-112.24,-102.48,-24.4
-29.28,-29.28,0,29.28,-14.64,-14.64,34.16,-63.44,-92.72,-112.24,-102.48,-29.28
-29.28,-19.52,9.76,24.4,-19.52,-4.88,39.04,-68.32,-87.84,-102.48,-92.72,-19.52
-19.52,-9.76,9.76,14.64,-14.64,0,29.28,-63.44,-87.84,-97.6,-87.84,-14.64
-43.92,-29.28,14.64,39.04,-29.28,-9.76,14.64,-63.44,-82.96,-87.84,-78.08,-4.88
-24.4,-9.76,14.64,19.52,-19.52,0,19.52,-63.44,-82.96,-78.08,-63.44,-4.88
-19.52,0,19.52,9.76,-19.52,9.76,19.52,-68.32,-87.84,-73.2,-58.56,9.76
-19.52,4.88,24.4,9.76,-24.4,14.64,19.52,-58.56,-78.08,-68.32,-53.68,9.76
-29.28,-9.76,19.52,19.52,-24.4,4.88,29.28,-63.44,-87.84,-73.2,-58.56,4.88
-34.16,-14.64,19.52,24.4,-29.28,0,39.04,-68.32,-87.84,-78.08,-58.56,0
-39.04,-4.88,34.16,24.4,-39.04,14.64,34.16,-63.44,-87.84,-68.32,-58.56,4.88
-14.64,4.88,19.52,4.88,-19.52,9.76,24.4,-48.8,-68.32,-53.68,-43.92,9.76
-29.28,-9.76,19.52,19.52,-24.4,4.88,39.04,-58.56,-68.32,-63.44,-53.68,0
-29.28,-14.64,14.64,24.4,-24.4,0,24.4,-68.32,-73.2,-68.32,-58.56,0
-4.88,4.88,9.76,0,-9.76,4.88,24.4,-68.32,-68.32,-68.32,-53.68,9.76
-4.88,-14.64,-9.76,9.76,0,-14.64,14.64,-73.2,-82.96,-73.2,-58.56,0
-19.52,-9.76,9.76,14.64,-14.64,0,19.52,-63.44,-73.2,-58.56,-43.92,14.64
-34.16,-4.88,29.28,19.52,-34.16,9.76,24.4,-58.56,-63.44,-48.8,-34.16,19.52
-43.92,-4.88,39.04,24.4,-43.92,14.64,19.52,-58.56,-73.2,-63.44,-39.04,9.76
-43.92,0,43.92,24.4,-43.92,19.52,29.28,-53.68,-68.32,-63.44,-43.92,9.76
-19.52,29.28,48.8,-4.88,-34.16,39.04,43.92,-39.04,-53.68,-53.68,-34.16,24.4
-4.88,24.4,29.28,-9.76,-19.52,24.4,48.8,-34.16,-39.04,-48.8,-29.28,19.52
-29.28,-4.88,24.4,19.52,-29.28,9.76,34.16,-39.04,-48.8,-48.8,-34.16,14.64
-48.8,-19.52,29.28,34.16,-39.04,4.88,34.16,-48.8,-48.8,-48.8,-43.92,0
-43.92,-19.52,24.4,34.16,-34.16,0,34.16,-48.8,-48.8,-53.68,-39.04,9.76
-14.64,-4.88,9.76,9.76,-14.64,0,34.16,-48.8,-48.8,-48.8,-39.04,9.76
-14.64,0,14.64,9.76,-14.64,4.88,39.04,-29.28,-39.04,-43.92,-34.16,19.52
-14.64,-9.76,4.88,14.64,-9.76,-4.88,9.76,-39.04,-39.04,-48.8,-39.04,9.76
-14.64,-4.88,9.76,9.76,-14.64,0,9.76,-34.16,-43.92,-48.8,-39.04,4.88
-4.88,9.76,14.64,0,-9.76,9.76,9.76,-29.28,-29.28,-43.92,-34.16,9.76
-14.64,-9.76,4.88,14.64,-9.76,-4.88,0,-29.28,-34.16,-53.68,-43.92,4.88
-29.28,-14.64,14.64,24.4,-24.4,0,0,-24.4,-29.28,-48.8,-39.04,0
-48.8,-24.4,24.4,39.04,-39.04,0,9.76,-24.4,-24.4,-43.92,-39.04,0
-43.92,-4.88,39.04,24.4,-43.92,14.64,29.28,-9.76,-4.88,-29.28,-24.4,14.64
-4.88,24.4,29.28,-9.76,-19.52,24.4,48.8,-9.76,14.64,4.88,9.76,34.16
-43.92,-29.28,14.64,39.04,-29.28,-9.76,29.28,-34.16,-9.76,-9.76,-9.76,14.64
-29.28,-14.64,14.64,24.4,-24.4,0,24.4,-9.76,-4.88,-14.64,-9.76,19.52
-53.68,-24.4,29.28,39.04,-43.92,0,14.64,-4.88,4.88,-9.76,-4.88,19.52
-63.44,-34.16,29.28,48.8,-48.8,-4.88,19.52,-14.64,0,-9.76,-9.76,14.64
-29.28,-14.64,14.64,24.4,-24.4,0,19.52,-14.64,0,-19.52,-14.64,14.64
-24.4,4.88,29.28,9.76,-29.28,14.64,19.52,4.88,19.52,-9.76,-9.76,24.4
-39.04,-14.64,24.4,29.28,-34.16,4.88,14.64,19.52,29.28,-9.76,-4.88,24.4
-24.4,-9.76,14.64,19.52,-19.52,0,19.52,34.16,43.92,0,0,29.28
34.16,48.8,14.64,-39.04,9.76,29.28,43.92,43.92,63.44,24.4,19.52,48.8
-34.16,-19.52,14.64,29.28,-24.4,-4.88,29.28,34.16,58.56,14.64,9.76,29.28
-87.84,-73.2,14.64,82.96,-53.68,-29.28,4.88,9.76,39.04,4.88,-4.88,14.64
-53.68,-43.92,9.76,48.8,-34.16,-19.52,4.88,29.28,43.92,9.76,4.88,29.28
-9.76,-14.64,-4.88,14.64,-4.88,-9.76,14.64,39.04,53.68,19.52,14.64,29.28
-24.4,0,24.4,14.64,-24.4,9.76,34.16,34.16,58.56,29.28,24.4,43.92
-48.8,-24.4,24.4,39.04,-39.04,0,24.4,39.04,63.44,29.28,19.52,48.8
-19.52,-4.88,14.64,14.64,-19.52,4.88,14.64,39.04,68.32,19.52,14.64,39.04
-24.4,-19.52,4.88,24.4,-14.64,-9.76,24.4,39.04,68.32,19.52,14.64,29.28
-48.8,-34.16,14.64,43.92,-34.16,-9.76,29.28,43.92,63.44,24.4,14.64,24.4
-24.4,-9.76,14.64,19.52,-19.52,0,48.8,29.28,68.32,24.4,14.64,29.28
-4.88,14.64,19.52,-4.88,-14.64,14.64,58.56,43.92,82.96,34.16,24.4,39.04
-19.52,4.88,24.4,9.76,-24.4,14.64,43.92,53.68,82.96,39.04,29.28,39.04
-24.4,0,24.4,14.64,-24.4,9.76,29.28,53.68,87.84,43.92,34.16,43.92
-24.4,-4.88,19.52,14.64,-24.4,4.88,34.16,43.92,73.2,39.04,29.28,43.92
-9.76,4.88,14.64,4.88,-14.64,9.76,29.28,43.92,63.44,29.28,19.52,34.16
-19.52,-14.64,4.88,19.52,-14.64,-4.88,29.28,43.92,63.44,29.28,19.52,39.04
-29.28,-19.52,9.76,24.4,-19.52,-4.88,24.4,43.92,68.32,29.28,14.64,29.28
-24.4,-9.76,14.64,19.52,-19.52,0,19.52,34.16,68.32,24.4,14.64,24.4
-19.52,-9.76,9.76,14.64,-14.64,0,19.52,43.92,73.2,29.28,14.64,29.28
-29.28,-24.4,4.88,29.28,-19.52,-9.76,14.64,43.92,73.2,24.4,19.52,29.28
0,14.64,14.64,-4.88,-9.76,14.64,14.64,39.04,73.2,39.04,24.4,34.16
14.64,24.4,9.76,-19.52,0,14.64,24.4,43.92,73.2,43.92,34.16,39.04
-34.16,-24.4,9.76,29.28,-24.4,-9.76,9.76,29.28,53.68,24.4,19.52,29.28
-24.4,0,24.4,14.64,-24.4,9.76,19.52,34.16,48.8,29.28,24.4,39.04
-9.76,24.4,34.16,-4.88,-24.4,29.28,43.92,48.8,68.32,48.8,39.04,48.8
34.16,58.56,24.4,-43.92,4.88,39.04,53.68,63.44,78.08,48.8,43.92,58.56
39.04,58.56,19.52,-48.8,9.76,39.04,34.16,68.32,82.96,53.68,53.68,58.56
-29.28,-14.64,14.64,24.4,-24.4,0,19.52,34.16,53.68,24.4,24.4,24.4
-19.52,4.88,24.4,9.76,-24.4,14.64,43.92,39.04,53.68,39.04,29.28,29.28
-9.76,19.52,29.28,-4.88,-19.52,24.4,58.56,53.68,68.32,43.92,34.16,39.04
-29.28,-14.64,14.64,24.4,-24.4,0,43.92,39.04,58.56,34.16,24.4,29.28
-29.28,-19.52,9.76,24.4,-19.52,-4.88,29.28,29.28,34.16,24.4,14.64,14.64
-9.76,-4.88,4.88,9.76,-9.76,0,34.16,24.4,29.28,24.4,24.4,29.28
-19.52,-9.76,9.76,14.64,-14.64,0,43.92,29.28,39.04,29.28,29.28,34.16
-39.04,-14.64,24.4,29.28,-34.16,4.88,43.92,34.16,39.04,29.28,24.4,34.16
-24.4,-9.76,14.64,19.52,-19.52,0,43.92,34.16,34.16,19.52,14.64,24.4
-9.76,-4.88,4.88,9.76,-9.76,0,43.92,24.4,34.16,9.76,14.64,29.28
4.88,-4.88,-9.76,0,4.88,-9.76,34.16,19.52,14.64,-4.88,0,19.52
4.88,4.88,0,-4.88,0,0,34.16,24.4,24.4,4.88,4.88,19.52
-34.16,-4.88,29.28,19.52,-34.16,9.76,29.28,24.4,34.16,14.64,9.76,24.4
-43.92,-19.52,24.4,34.16,-34.16,0,34.16,14.64,24.4,9.76,9.76,24.4
-14.64,19.52,34.16,0,-24.4,24.4,43.92,19.52,29.28,19.52,9.76,29.28
0,34.16,34.16,-14.64,-19.52,34.16,34.16,19.52,29.28,14.64,14.64,34.16
-19.52,-4.88,14.64,14.64,-19.52,4.88,19.52,0,9.76,0,-4.88,14.64
-4.88,29.28,34.16,-9.76,-19.52,29.28,34.16,19.52,19.52,9.76,14.64,29.28
-9.76,19.52,29.28,-4.88,-19.52,24.4,48.8,24.4,14.64,4.88,9.76,24.4
-34.16,-9.76,24.4,24.4,-29.28,4.88,39.04,14.64,4.88,-9.76,0,14.64
-34.16,-19.52,14.64,29.28,-24.4,-4.88,29.28,0,0,-9.76,-4.88,9.76
-48.8,-29.28,19.52,39.04,-34.16,-4.88,14.64,-19.52,-9.76,-19.52,-9.76,4.88
-24.4,-14.64,9.76,19.52,-19.52,-4.88,34.16,-9.76,4.88,-9.76,0,19.52
-4.88,4.88,9.76,0,-9.76,4.88,39.04,-9.76,4.88,-4.88,4.88,24.4
-29.28,-19.52,9.76,24.4,-19.52,-4.88,39.04,-19.52,-14.64,-9.76,-4.88,4.88
-34.16,-24.4,9.76,29.28,-24.4,-9.76,39.04,-14.64,-14.64,-9.76,0,19.52
-39.04,-24.4,14.64,34.16,-29.28,-4.88,34.16,-14.64,-19.52,-9.76,0,14.64
0,9.76,9.76,-4.88,-4.88,9.76,39.04,-9.76,-14.64,0,4.88,24.4
19.52,29.28,9.76,-24.4,4.88,19.52,53.68,0,-9.76,0,4.88,24.4
-29.28,-19.52,9.76,24.4,-19.52,-4.88,34.16,-19.52,-19.52,-24.4,-14.64,4.88
-19.52,-9.76,9.76,14.64,-14.64,0,34.16,-9.76,-14.64,-14.64,-9.76,4.88
-9.76,-4.88,4.88,9.76,-9.76,0,34.16,-9.76,-14.64,-14.64,-9.76,9.76
-39.04,-29.28,9.76,34.16,-24.4,-9.76,39.04,-24.4,-19.52,-19.52,-14.64,0
-63.44,-43.92,19.52,53.68,-43.92,-14.64,24.4,-39.04,-39.04,-29.28,-24.4,-9.76
-14.64,0,14.64,9.76,-14.64,4.88,43.92,-24.4,-29.28,-9.76,-4.88,9.76
-19.52,0,19.52,9.76,-19.52,9.76,43.92,-34.16,-39.04,-14.64,-4.88,19.52
-63.44,-34.16,29.28,48.8,-48.8,-4.88,29.28,-39.04,-43.92,-19.52,-14.64,4.88
-82.96,-53.68,29.28,68.32,-58.56,-14.64,19.52,-43.92,-53.68,-29.28,-29.28,-4.88
-63.44,-24.4,39.04,43.92,-53.68,4.88,29.28,-34.16,-39.04,-14.64,-14.64,9.76
14.64,39.04,24.4,-24.4,-4.88,29.28,43.92,-14.64,-19.52,0,4.88,34.16
-14.64,0,14.64,9.76,-14.64,4.88,24.4,-34.16,-39.04,-19.52,-19.52,0
-14.64,-9.76,4.88,14.64,-9.76,-4.88,14.64,-43.92,-43.92,-19.52,-24.4,-4.88
-24.4,-24.4,0,24.4,-14.64,-14.64,4.88,-53.68,-48.8,-39.04,-34.16,-14.64
-34.16,-34.16,0,34.16,-19.52,-19.52,-4.88,-58.56,-58.56,-43.92,-29.28,-19.52
-43.92,-39.04,4.88,43.92,-24.4,-19.52,-9.76,-63.44,-58.56,-39.04,-34.16,-24.4
-29.28,-43.92,-14.64,39.04,-9.76,-29.28,-9.76,-63.44,-58.56,-43.92,-29.28,-19.52
-29.28,-34.16,-4.88,34.16,-14.64,-19.52,4.88,-53.68,-53.68,-39.04,-24.4,-4.88
-14.64,-24.4,-9.76,19.52,-4.88,-19.52,-4.88,-58.56,-58.56,-34.16,-24.4,-9.76
-29.28,-43.92,-14.64,39.04,-9.76,-29.28,-19.52,-68.32,-73.2,-43.92,-43.92,-24.4
-24.4,-39.04,-14.64,34.16,-4.88,-29.28,-9.76,-53.68,-53.68,-39.04,-29.28,-14.64
19.52,-4.88,-24.4,-4.88,19.52,-14.64,-9.76,-53.68,-53.68,-29.28,-24.4,-14.64
9.76,-9.76,-19.52,0,14.64,-14.64,-14.64,-53.68,-43.92,-39.04,-29.28,-14.64
4.88,-19.52,-24.4,9.76,14.64,-24.4,-14.64,-53.68,-43.92,-39.04,-34.16,-19.52
-53.68,-78.08,-24.4,68.32,-14.64,-53.68,-29.28,-73.2,-63.44,-53.68,-43.92,-29.28
-43.92,-48.8,-4.88,48.8,-19.52,-29.28,-19.52,-63.44,-53.68,-34.16,-29.28,-14.64
14.64,-9.76,-24.4,0,19.52,-19.52,-14.64,-48.8,-39.04,-19.52,-14.64,0
-14.64,-39.04,-24.4,29.28,4.88,-34.16,-19.52,-58.56,-58.56,-34.16,-29.28,-14.64
-29.28,-48.8,-19.52,39.04,-4.88,-34.16,-14.64,-53.68,-53.68,-29.28,-24.4,-9.76
-19.52,-19.52,0,19.52,-9.76,-9.76,4.88,-43.92,-34.16,-19.52,-19.52,0
-58.56,-63.44,-4.88,63.44,-29.28,-34.16,-9.76,-53.68,-58.56,-48.8,-39.04,-19.52
-4.88,-24.4,-19.52,14.64,4.88,-24.4,-4.88,-43.92,-53.68,-34.16,-34.16,-14.64
43.92,19.52,-24.4,-29.28,34.16,-4.88,0,-24.4,-34.16,-14.64,-14.64,4.88
14.64,-9.76,-24.4,0,19.52,-19.52,-14.64,-39.04,-39.04,-29.28,-24.4,-9.76
-19.52,-48.8,-29.28,34.16,4.88,-39.04,-24.4,-58.56,-58.56,-43.92,-39.04,-24.4
-29.28,-48.8,-19.52,39.04,-4.88,-34.16,-19.52,-58.56,-63.44,-39.04,-39.04,-24.4
0,-19.52,-19.52,9.76,9.76,-19.52,-14.64,-43.92,-39.04,-29.28,-24.4,-9.76
-9.76,-29.28,-19.52,19.52,4.88,-24.4,-9.76,-43.92,-48.8,-34.16,-34.16,-14.64
-53.68,-78.08,-24.4,68.32,-14.64,-53.68,-19.52,-58.56,-68.32,-48.8,-48.8,-29.28
-82.96,-92.72,-9.76,87.84,-39.04,-53.68,-24.4,-63.44,-73.2,-58.56,-53.68,-43.92
-39.04,-43.92,-4.88,43.92,-19.52,-24.4,0,-43.92,-43.92,-43.92,-29.28,-19.52
-24.4,-29.28,-4.88,29.28,-9.76,-19.52,4.88,-34.16,-39.04,-34.16,-29.28,-19.52
-14.64,-34.16,-19.52,24.4,0,-29.28,-9.76,-34.16,-39.04,-39.04,-34.16,-19.52
-14.64,-53.68,-39.04,34.16,9.76,-48.8,-14.64,-43.92,-43.92,-43.92,-39.04,-34.16
-19.52,-34.16,-14.64,29.28,-4.88,-24.4,4.88,-29.28,-34.16,-29.28,-29.28,-24.4
-9.76,-19.52,-9.76,14.64,0,-14.64,19.52,-29.28,-34.16,-24.4,-24.4,-14.64
-4.88,-24.4,-19.52,14.64,4.88,-24.4,14.64,-24.4,-39.04,-34.16,-29.28,-19.52
24.4,4.88,-19.52,-14.64,19.52,-9.76,24.4,-24.4,-34.16,-34.16,-24.4,-14.64
-39.04,-58.56,-19.52,48.8,-9.76,-39.04,0,-43.92,-63.44,-53.68,-48.8,-34.16
-53.68,-68.32,-14.64,63.44,-19.52,-43.92,9.76,-43.92,-53.68,-53.68,-43.92,-34.16
-24.4,-39.04,-14.64,34.16,-4.88,-29.28,24.4,-29.28,-34.16,-48.8,-29.28,-19.52
9.76,-19.52,-29.28,4.88,19.52,-24.4,24.4,-29.28,-34.16,-43.92,-29.28,-24.4
-19.52,-53.68,-34.16,39.04,4.88,-43.92,14.64,-29.28,-43.92,-53.68,-39.04,-34.16
-29.28,-63.44,-34.16,48.8,0,-48.8,9.76,-34.16,-48.8,-63.44,-48.8,-39.04
0,-39.04,-39.04,19.52,19.52,-39.04,24.4,-29.28,-34.16,-48.8,-29.28,-24.4
39.04,0,-39.04,-19.52,39.04,-19.52,39.04,-14.64,-24.4,-29.28,-19.52,-9.76
24.4,-24.4,-48.8,0,34.16,-39.04,34.16,-19.52,-24.4,-39.04,-29.28,-14.64
-39.04,-63.44,-24.4,53.68,-9.76,-43.92,19.52,-29.28,-53.68,-53.68,-43.92,-34.16
-19.52,-39.04,-19.52,29.28,0,-29.28,29.28,-19.52,-43.92,-43.92,-34.16,-24.4
-9.76,-29.28,-19.52,19.52,4.88,-24.4,29.28,-14.64,-43.92,-48.8,-34.16,-24.4
-14.64,-43.92,-29.28,29.28,4.88,-39.04,29.28,-19.52,-39.04,-48.8,-34.16,-19.52
-9.76,-43.92,-34.16,29.28,9.76,-39.04,29.28,-24.4,-39.04,-53.68,-43.92,-34.16
-34.16,-73.2,-39.04,53.68,0,-58.56,14.64,-24.4,-48.8,-63.44,-53.68,-43.92
-39.04,-73.2,-34.16,58.56,-4.88,-53.68,19.52,-19.52,-43.92,-63.44,-43.92,-39.04
-9.76,-43.92,-34.16,29.28,9.76,-39.04,34.16,-19.52,-34.16,-53.68,-34.16,-29.28
4.88,-34.16,-39.04,14.64,19.52,-39.04,24.4,-14.64,-39.04,-53.68,-34.16,-34.16
9.76,-34.16,-43.92,14.64,24.4,-39.04,19.52,-19.52,-48.8,-53.68,-39.04,-39.04
14.64,-24.4,-39.04,4.88,24.4,-34.16,24.4,-24.4,-43.92,-48.8,-34.16,-29.28
-9.76,-39.04,-29.28,24.4,9.76,-34.16,29.28,-14.64,-39.04,-43.92,-29.28,-24.4
-24.4,-39.04,-14.64,34.16,-4.88,-29.28,29.28,-9.76,-39.04,-48.8,-34.16,-29.28
-34.16,-53.68,-19.52,43.92,-9.76,-39.04,24.4,-14.64,-43.92,-48.8,-39.04,-34.16
-4.88,-34.16,-29.28,19.52,9.76,-34.16,24.4,-4.88,-39.04,-48.8,-39.04,-34.16
19.52,-19.52,-39.04,0,29.28,-29.28,43.92,0,-29.28,-43.92,-29.28,-29.28
9.76,-29.28,-39.04,9.76,24.4,-34.16,34.16,0,-24.4,-48.8,-29.28,-34.16
-68.32,-92.72,-24.4,82.96,-24.4,-58.56,19.52,-24.4,-48.8,-63.44,-43.92,-48.8
-73.2,-82.96,-9.76,78.08,-34.16,-48.8,24.4,-14.64,-43.92,-58.56,-39.04,-43.92
-58.56,-68.32,-9.76,63.44,-24.4,-39.04,24.4,0,-39.04,-53.68,-29.28,-34.16
-29.28,-39.04,-9.76,34.16,-9.76,-24.4,39.04,0,-34.16,-48.8,-29.28,-24.4
14.64,-14.64,-29.28,0,19.52,-24.4,43.92,-4.88,-39.04,-39.04,-24.4,-19.52
63.44,24.4,-39.04,-43.92,48.8,-9.76,39.04,0,-29.28,-34.16,-19.52,-14.64
9.76,-29.28,-39.04,9.76,24.4,-34.16,14.64,-4.88,-39.04,-48.8,-34.16,-34.16
9.76,-19.52,-29.28,4.88,19.52,-24.4,4.88,-9.76,-39.04,-53.68,-39.04,-34.16
-19.52,-43.92,-24.4,34.16,0,-34.16,4.88,-19.52,-34.16,-53.68,-39.04,-34.16
-29.28,-53.68,-24.4,43.92,-4.88,-39.04,4.88,-19.52,-34.16,-58.56,-39.04,-39.04
-4.88,-29.28,-24.4,19.52,9.76,-29.28,4.88,-9.76,-29.28,-48.8,-29.28,-29.28
9.76,-29.28,-39.04,9.76,24.4,-34.16,0,-14.64,-43.92,-53.68,-34.16,-34.16
-4.88,-48.8,-43.92,29.28,19.52,-48.8,-14.64,-19.52,-48.8,-58.56,-39.04,-39.04
-39.04,-73.2,-34.16,58.56,-4.88,-53.68,-24.4,-34.16,-63.44,-68.32,-43.92,-48.8
-9.76,-48.8,-39.04,29.28,14.64,-43.92,-19.52,-29.28,-63.44,-68.32,-39.04,-43.92
0,-39.04,-39.04,19.52,19.52,-39.04,-24.4,-29.28,-58.56,-68.32,-43.92,-48.8
-34.16,-58.56,-24.4,48.8,-4.88,-43.92,-39.04,-34.16,-58.56,-63.44,-53.68,-53.68
-29.28,-48.8,-19.52,39.04,-4.88,-34.16,-39.04,-34.16,-63.44,-63.44,-48.8,-53.68
0,-24.4,-24.4,14.64,9.76,-24.4,-29.28,-19.52,-43.92,-43.92,-34.16,-39.04
-14.64,-39.04,-24.4,29.28,4.88,-34.16,-34.16,-29.28,-43.92,-53.68,-43.92,-48.8
29.28,4.88,-24.4,-14.64,24.4,-9.76,-29.28,-14.64,-34.16,-39.04,-24.4,-29.28
29.28,14.64,-14.64,-19.52,19.52,0,-14.64,-4.88,-29.28,-34.16,-14.64,-29.28
-34.16,-39.04,-4.88,39.04,-14.64,-24.4,-29.28,-19.52,-43.92,-53.68,-34.16,-43.92
-48.8,-48.8,0,48.8,-24.4,-24.4,-24.4,-14.64,-48.8,-53.68,-34.16,-43.92
-34.16,-53.68,-19.52,43.92,-9.76,-39.04,-19.52,-4.88,-48.8,-48.8,-34.16,-39.04
0,-24.4,-24.4,14.64,9.76,-24.4,-9.76,-4.88,-34.16,-43.92,-29.28,-39.04
39.04,34.16,-4.88,-34.16,19.52,14.64,14.64,19.52,-9.76,-19.52,-4.88,-19.52
29.28,14.64,-14.64,-19.52,19.52,0,9.76,14.64,-9.76,-24.4,-9.76,-29.28
4.88,-9.76,-14.64,4.88,9.76,-14.64,-4.88,9.76,-14.64,-29.28,-24.4,-39.04
-14.64,-19.52,-4.88,19.52,-4.88,-14.64,-9.76,4.88,-24.4,-34.16,-34.16,-43.92
-14.64,-14.64,0,14.64,-9.76,-9.76,-9.76,9.76,-19.52,-34.16,-29.28,-43.92
34.16,29.28,-4.88,-29.28,19.52,9.76,4.88,29.28,-9.76,-19.52,-14.64,-24.4
9.76,4.88,-4.88,-4.88,4.88,0,0,24.4,-14.64,-29.28,-24.4,-34.16
-9.76,-19.52,-9.76,14.64,0,-14.64,-4.88,14.64,-24.4,-39.04,-29.28,-39.04
-4.88,-9.76,-4.88,9.76,0,-9.76,0,24.4,-19.52,-24.4,-19.52,-34.16
4.88,4.88,0,-4.88,0,0,14.64,29.28,-14.64,-14.64,-9.76,-29.28
14.64,0,-14.64,-4.88,14.64,-9.76,14.64,43.92,0,-9.76,-9.76,-29.28
4.88,-9.76,-14.64,4.88,9.76,-14.64,4.88,48.8,-9.76,-19.52,-14.64,-39.04
-4.88,-9.76,-4.88,9.76,0,-9.76,24.4,63.44,4.88,-19.52,-14.64,-34.16
9.76,0,-9.76,-4.88,9.76,-4.88,43.92,87.84,4.88,-29.28,-24.4,-43.92
-14.64,-43.92,-29.28,29.28,4.88,-39.04,48.8,107.36,19.52,-43.92,-43.92,-58.56
-39.04,-68.32,-29.28,53.68,-4.88,-48.8,78.08,136.64,34.16,-58.56,-63.44,-82.96
-24.4,-58.56,-34.16,43.92,4.88,-48.8,112.24,195.2,68.32,-43.92,-63.44,-82.96
-4.88,-63.44,-58.56,34.16,24.4,-63.44,151.28,258.64,126.88,-19.52,-68.32,-97.6
0,-58.56,-58.56,29.28,29.28,-58.56,175.68,346.48,209.84,14.64,-53.68,-92.72
-9.76,-48.8,-39.04,29.28,14.64,-43.92,195.2,434.32,312.32,73.2,-14.64,-68.32
0,-24.4,-24.4,14.64,9.76,-24.4,214.72,502.64,375.76,117.12,14.64,-48.8
29.28,4.88,-24.4,-14.64,24.4,-9.76,219.6,531.92,395.28,141.52,39.04,-29.28
63.44,53.68,-9.76,-58.56,34.16,19.52,200.08,522.16,434.32,195.2,97.6,14.64
117.12,126.88,9.76,-122,53.68,68.32,185.44,502.64,502.64,326.96,209.84,112.24
136.64,195.2,58.56,-165.92,39.04,126.88,122,434.32,570.96,488,366,258.64
204.96,283.04,78.08,-244,63.44,180.56,58.56,356.24,663.68,688.08,575.84,434.32
336.72,429.44,92.72,-380.64,122,258.64,0,322.08,810.08,941.84,834.48,653.92
370.88,488,117.12,-429.44,126.88,302.56,-102.48,224.48,917.44,1190.72,1078.48,863.76
458.72,585.6,126.88,-522.16,165.92,356.24,-185.44,92.72,961.36,1415.2,1317.6,1063.84
517.28,658.8,141.52,-585.6,185.44,400.16,-283.04,-63.44,995.52,1668.96,1586,1283.44
527.04,732,204.96,-629.52,161.04,468.48,-361.12,-244,990.64,1893.44,1834.88,1488.4
546.56,873.52,326.96,-707.6,107.36,600.24,-356.24,-380.64,936.96,2108.16,2069.12,1708
488,990.64,502.64,-736.88,-9.76,746.64,-351.36,-551.44,746.64,2176.48,2196,1844.64
414.8,1068.72,653.92,-741.76,-122,858.88,-366,-688.08,546.56,2166.72,2249.68,1937.36
400.16,1137.04,736.88,-766.16,-170.8,936.96,-385.52,-873.52,248.88,2044.72,2210.64,1961.76
336.72,1122.4,785.68,-727.12,-224.48,951.6,-424.56,-1102.88,-185.44,1732.4,2015.44,1854.4
283.04,1019.92,736.88,-649.04,-229.36,878.4,-448.96,-1263.92,-531.92,1332.24,1688.48,1625.04
195.2,805.2,610,-497.76,-209.84,707.6,-429.44,-1390.8,-878.4,722.24,1137.04,1210.24
126.88,610,483.12,-366,-180.56,546.56,-390.4,-1493.28,-1210.24,102.48,551.44,751.52
78.08,444.08,366,-258.64,-146.4,405.04,-322.08,-1503.04,-1390.8,-322.08,146.4,414.8
-4.88,361.12,366,-175.68,-185.44,361.12,-268.4,-1439.6,-1415.2,-531.92,-78.08,204.96
-117.12,244,361.12,-63.44,-239.12,302.56,-268.4,-1381.04,-1381.04,-624.64,-219.6,58.56
-170.8,131.76,302.56,19.52,-239.12,214.72,-297.68,-1327.36,-1342,-707.6,-331.84,-68.32
-224.48,14.64,239.12,107.36,-234.24,126.88,-317.2,-1229.76,-1263.92,-741.76,-395.28,-151.28
-170.8,48.8,219.6,63.44,-195.2,131.76,-297.68,-1058.96,-1088.24,-658.8,-356.24,-131.76
-117.12,58.56,175.68,29.28,-146.4,117.12,-283.04,-883.28,-902.8,-541.68,-297.68,-112.24
-82.96,53.68,136.64,14.64,-112.24,92.72,-283.04,-736.88,-751.52,-453.84,-244,-92.72
-63.44,39.04,102.48,14.64,-82.96,68.32,-263.52,-610,-634.4,-395.28,-214.72,-87.84
-29.28,34.16,63.44,0,-48.8,48.8,-234.24,-497.76,-546.56,-356.24,-204.96,-107.36
0,48.8,48.8,-24.4,-24.4,48.8,-190.32,-385.52,-444.08,-302.56,-175.68,-102.48
-43.92,-14.64,29.28,29.28,-39.04,4.88,-156.16,-297.68,-361.12,-283.04,-180.56,-122
-19.52,-4.88,14.64,14.64,-19.52,4.88,-97.6,-200.08,-283.04,-229.36,-151.28,-102.48
-19.52,9.76,29.28,4.88,-24.4,19.52,-78.08,-141.52,-214.72,-175.68,-126.88,-102.48
-29.28,4.88,34.16,14.64,-34.16,19.52,-58.56,-82.96,-151.28,-136.64,-107.36,-87.84
0,34.16,34.16,-14.64,-19.52,34.16,-39.04,-29.28,-87.84,-87.84,-73.2,-73.2
-24.4,4.88,29.28,9.76,-29.28,14.64,-19.52,9.76,-48.8,-58.56,-63.44,-73.2
-34.16,-19.52,14.64,29.28,-24.4,-4.88,-4.88,34.16,-34.16,-34.16,-48.8,-63.44
-19.52,-19.52,0,19.52,-9.76,-9.76,0,53.68,-29.28,-34.16,-39.04,-48.8
14.64,-4.88,-19.52,-4.88,14.64,-14.64,4.88,73.2,-4.88,-19.52,-29.28,-48.8
-9.76,-43.92,-34.16,29.28,9.76,-39.04,-9.76,78.08,0,-29.28,-39.04,-58.56
-4.88,-48.8,-43.92,29.28,19.52,-48.8,-9.76,82.96,24.4,-29.28,-39.04,-58.56
-9.76,-43.92,-34.16,29.28,9.76,-39.04,-9.76,122,53.68,-29.28,-39.04,-58.56
-19.52,-73.2,-53.68,48.8,14.64,-63.44,-4.88,112.24,39.04,-48.8,-63.44,-78.08
14.64,-73.2,-87.84,29.28,48.8,-82.96,-4.88,112.24,24.4,-68.32,-87.84,-92.72
-4.88,-97.6,-92.72,53.68,43.92,-97.6,0,102.48,24.4,-78.08,-97.6,-102.48
14.64,-78.08,-92.72,34.16,53.68,-87.84,0,112.24,34.16,-53.68,-82.96,-87.84
19.52,-87.84,-107.36,34.16,63.44,-97.6,4.88,117.12,34.16,-48.8,-73.2,-82.96
-14.64,-117.12,-102.48,68.32,43.92,-112.24,4.88,112.24,24.4,-53.68,-78.08,-82.96
0,-97.6,-97.6,48.8,48.8,-97.6,14.64,117.12,19.52,-53.68,-78.08,-78.08
29.28,-53.68,-82.96,14.64,53.68,-68.32,34.16,136.64,34.16,-24.4,-48.8,-63.44
14.64,-43.92,-58.56,14.64,34.16,-53.68,39.04,146.4,58.56,-4.88,-34.16,-58.56
14.64,-53.68,-68.32,19.52,39.04,-63.44,19.52,126.88,43.92,-14.64,-48.8,-78.08
43.92,-9.76,-53.68,-14.64,48.8,-34.16,39.04,151.28,68.32,-4.88,-43.92,-78.08
39.04,-19.52,-58.56,-9.76,48.8,-39.04,19.52,156.16,78.08,-4.88,-53.68,-82.96
24.4,-24.4,-48.8,0,34.16,-39.04,24.4,161.04,78.08,-4.88,-43.92,-73.2
-39.04,-87.84,-48.8,63.44,4.88,-68.32,4.88,131.76,48.8,-24.4,-63.44,-82.96
-63.44,-117.12,-53.68,92.72,-4.88,-87.84,0,117.12,34.16,-34.16,-73.2,-87.84
4.88,-58.56,-63.44,29.28,34.16,-63.44,9.76,126.88,43.92,-24.4,-48.8,-58.56
-19.52,-82.96,-63.44,53.68,19.52,-73.2,4.88,131.76,48.8,-24.4,-48.8,-58.56
-43.92,-92.72,-48.8,68.32,0,-73.2,9.76,131.76,48.8,-9.76,-43.92,-53.68
-19.52,-63.44,-43.92,43.92,9.76,-53.68,29.28,146.4,58.56,-14.64,-43.92,-48.8
-4.88,-92.72,-87.84,48.8,39.04,-92.72,14.64,131.76,43.92,-58.56,-78.08,-82.96
-29.28,-117.12,-87.84,73.2,29.28,-102.48,14.64,126.88,39.04,-53.68,-82.96,-97.6
-58.56,-141.52,-82.96,102.48,9.76,-112.24,9.76,122,43.92,-39.04,-82.96,-92.72
-58.56,-136.64,-78.08,97.6,9.76,-107.36,19.52,122,43.92,-43.92,-82.96,-92.72
-19.52,-97.6,-78.08,58.56,29.28,-87.84,24.4,117.12,34.16,-43.92,-73.2,-82.96
-9.76,-92.72,-82.96,53.68,34.16,-87.84,29.28,112.24,29.28,-24.4,-58.56,-68.32
-14.64,-58.56,-43.92,39.04,14.64,-53.68,48.8,122,53.68,9.76,-29.28,-34.16
0,-43.92,-43.92,24.4,19.52,-43.92,53.68,126.88,58.56,19.52,-29.28,-34.16
58.56,4.88,-53.68,-29.28,53.68,-24.4,82.96,156.16,87.84,24.4,-19.52,-14.64
29.28,-24.4,-53.68,0,39.04,-39.04,58.56,165.92,82.96,-14.64,-48.8,-39.04
-14.64,-87.84,-73.2,53.68,29.28,-82.96,39.04,131.76,43.92,-53.68,-78.08,-73.2
-4.88,-82.96,-78.08,43.92,34.16,-82.96,53.68,141.52,48.8,-53.68,-87.84,-78.08
4.88,-82.96,-87.84,39.04,43.92,-87.84,63.44,136.64,63.44,-24.4,-73.2,-78.08
9.76,-82.96,-92.72,39.04,48.8,-87.84,53.68,131.76,68.32,-9.76,-73.2,-82.96
-14.64,-92.72,-78.08,53.68,29.28,-87.84,58.56,126.88,73.2,4.88,-63.44,-78.08
-29.28,-87.84,-58.56,58.56,14.64,-73.2,58.56,126.88,63.44,4.88,-53.68,-63.44
-39.04,-102.48,-63.44,73.2,9.76,-82.96,53.68,117.12,48.8,-19.52,-63.44,-58.56
-24.4,-92.72,-68.32,58.56,19.52,-82.96,53.68,117.12,39.04,-19.52,-63.44,-48.8
-4.88,-87.84,-82.96,48.8,39.04,-87.84,53.68,117.12,29.28,-39.04,-78.08,-63.44
24.4,-68.32,-92.72,24.4,58.56,-82.96,68.32,136.64,53.68,-34.16,-73.2,-53.68
-29.28,-112.24,-82.96,73.2,24.4,-97.6,63.44,122,43.92,-48.8,-87.84,-68.32
-48.8,-146.4,-97.6,97.6,24.4,-122,43.92,102.48,34.16,-53.68,-107.36,-82.96
0,-112.24,-112.24,58.56,53.68,-112.24,53.68,112.24,53.68,-34.16,-82.96,-63.44
29.28,-78.08,-107.36,24.4,68.32,-92.72,73.2,136.64,73.2,-9.76,-68.32,-53.68
-29.28,-136.64,-107.36,82.96,39.04,-122,53.68,102.48,53.68,-19.52,-92.72,-78.08
-39.04,-131.76,-92.72,87.84,24.4,-112.24,53.68,102.48,58.56,0,-78.08,-58.56
-29.28,-107.36,-78.08,68.32,24.4,-92.72,63.44,102.48,58.56,0,-68.32,-48.8
-29.28,-102.48,-73.2,68.32,19.52,-87.84,63.44,107.36,43.92,-9.76,-82.96,-58.56
-14.64,-97.6,-82.96,58.56,34.16,-92.72,58.56,117.12,39.04,-29.28,-87.84,-63.44
-29.28,-117.12,-87.84,73.2,29.28,-102.48,39.04,112.24,29.28,-53.68,-102.48,-73.2
-39.04,-136.64,-97.6,87.84,29.28,-117.12,34.16,107.36,29.28,-58.56,-117.12,-87.84
-63.44,-146.4,-82.96,107.36,9.76,-117.12,39.04,112.24,53.68,-39.04,-117.12,-87.84
-14.64,-102.48,-87.84,58.56,34.16,-97.6,58.56,117.12,82.96,-19.52,-97.6,-68.32
53.68,-53.68,-107.36,0,78.08,-82.96,78.08,141.52,107.36,14.64,-68.32,-48.8
-19.52,-136.64,-117.12,78.08,48.8,-126.88,58.56,131.76,78.08,-9.76,-87.84,-58.56
-24.4,-131.76,-107.36,78.08,39.04,-122,63.44,131.76,68.32,-14.64,-87.84,-58.56
53.68,-43.92,-97.6,-4.88,73.2,-73.2,97.6,165.92,92.72,4.88,-58.56,-29.28
0,-112.24,-112.24,58.56,53.68,-112.24,68.32,136.64,58.56,-29.28,-102.48,-68.32
-4.88,-107.36,-102.48,58.56,48.8,-107.36,68.32,146.4,68.32,-24.4,-92.72,-53.68
-4.88,-87.84,-82.96,48.8,39.04,-87.84,68.32,161.04,82.96,-4.88,-78.08,-39.04
0,-82.96,-82.96,43.92,39.04,-82.96,82.96,165.92,97.6,4.88,-78.08,-34.16
24.4,-58.56,-82.96,19.52,53.68,-73.2,102.48,180.56,122,24.4,-68.32,-34.16
9.76,-82.96,-92.72,39.04,48.8,-87.84,82.96,170.8,107.36,0,-87.84,-39.04
9.76,-97.6,-107.36,43.92,58.56,-102.48,73.2,175.68,97.6,-39.04,-112.24,-53.68
14.64,-92.72,-107.36,39.04,58.56,-102.48,87.84,180.56,102.48,-34.16,-107.36,-48.8
0,-107.36,-107.36,53.68,53.68,-107.36,87.84,180.56,102.48,-29.28,-102.48,-48.8
4.88,-102.48,-107.36,48.8,53.68,-107.36,87.84,175.68,107.36,-24.4,-102.48,-43.92
24.4,-92.72,-117.12,34.16,68.32,-107.36,97.6,190.32,107.36,-19.52,-92.72,-43.92
-4.88,-126.88,-122,68.32,58.56,-126.88,87.84,170.8,87.84,-29.28,-112.24,-63.44
24.4,-87.84,-112.24,34.16,68.32,-102.48,92.72,195.2,107.36,-29.28,-102.48,-53.68
43.92,-63.44,-107.36,9.76,73.2,-87.84,102.48,214.72,131.76,-14.64,-97.6,-48.8
63.44,-53.68,-117.12,-4.88,87.84,-87.84,92.72,204.96,141.52,-4.88,-107.36,-53.68
82.96,-24.4,-107.36,-29.28,92.72,-68.32,97.6,219.6,165.92,24.4,-82.96,-34.16
92.72,4.88,-87.84,-48.8,87.84,-43.92,112.24,229.36,175.68,43.92,-63.44,-19.52
14.64,-73.2,-87.84,29.28,48.8,-82.96,92.72,204.96,131.76,9.76,-87.84,-48.8
0,-82.96,-82.96,43.92,39.04,-82.96,92.72,209.84,126.88,-4.88,-102.48,-58.56
0,-92.72,-92.72,48.8,43.92,-92.72,82.96,200.08,122,-19.52,-107.36,-58.56
24.4,-63.44,-87.84,19.52,53.68,-78.08,82.96,224.48,141.52,0,-92.72,-39.04
43.92,-34.16,-78.08,-4.88,58.56,-58.56,78.08,239.12,141.52,4.88,-78.08,-24.4
39.04,-58.56,-97.6,9.76,68.32,-78.08,73.2,234.24,126.88,-24.4,-92.72,-29.28
39.04,-97.6,-136.64,29.28,87.84,-117.12,53.68,234.24,117.12,-53.68,-126.88,-43.92
39.04,-126.88,-165.92,43.92,102.48,-146.4,39.04,219.6,112.24,-63.44,-141.52,-63.44
73.2,-82.96,-156.16,4.88,112.24,-122,58.56,214.72,126.88,-43.92,-126.88,-63.44
68.32,-97.6,-165.92,14.64,117.12,-131.76,58.56,214.72,141.52,-24.4,-126.88,-63.44
29.28,-131.76,-161.04,53.68,92.72,-146.4,39.04,195.2,131.76,-19.52,-131.76,-63.44
82.96,-63.44,-146.4,-9.76,112.24,-107.36,48.8,214.72,126.88,-14.64,-112.24,-48.8
82.96,-58.56,-141.52,-9.76,112.24,-102.48,48.8,229.36,122,-43.92,-126.88,-48.8
39.04,-97.6,-136.64,29.28,87.84,-117.12,43.92,224.48,102.48,-68.32,-156.16,-63.44
9.76,-122,-131.76,58.56,68.32,-126.88,43.92,209.84,78.08,-102.48,-180.56,-97.6
63.44,-78.08,-141.52,9.76,102.48,-112.24,58.56,229.36,102.48,-97.6,-175.68,-92.72
68.32,-78.08,-146.4,4.88,107.36,-112.24,43.92,224.48,102.48,-107.36,-185.44,-92.72
68.32,-82.96,-151.28,9.76,107.36,-117.12,39.04,219.6,97.6,-102.48,-190.32,-97.6
97.6,-68.32,-165.92,-14.64,131.76,-117.12,53.68,224.48,107.36,-87.84,-180.56,-92.72
43.92,-112.24,-156.16,34.16,97.6,-136.64,53.68,209.84,97.6,-87.84,-180.56,-97.6
48.8,-102.48,-151.28,29.28,97.6,-126.88,53.68,195.2,87.84,-78.08,-175.68,-92.72
34.16,-112.24,-146.4,39.04,87.84,-131.76,39.04,180.56,58.56,-87.84,-180.56,-102.48
34.16,-102.48,-136.64,34.16,82.96,-122,43.92,170.8,43.92,-112.24,-190.32,-92.72
29.28,-82.96,-112.24,29.28,68.32,-97.6,63.44,190.32,43.92,-136.64,-204.96,-97.6
29.28,-82.96,-112.24,29.28,68.32,-97.6,53.68,200.08,29.28,-165.92,-224.48,-107.36
82.96,-58.56,-141.52,-9.76,112.24,-102.48,48.8,190.32,14.64,-170.8,-224.48,-107.36
78.08,-68.32,-146.4,-4.88,112.24,-107.36,39.04,180.56,19.52,-165.92,-224.48,-107.36
58.56,-53.68,-112.24,0,82.96,-82.96,53.68,185.44,43.92,-122,-200.08,-92.72
19.52,-78.08,-97.6,29.28,58.56,-87.84,48.8,165.92,29.28,-136.64,-219.6,-117.12
24.4,-97.6,-122,39.04,73.2,-112.24,34.16,151.28,-4.88,-190.32,-263.52,-146.4
34.16,-102.48,-136.64,34.16,82.96,-122,29.28,141.52,-24.4,-214.72,-278.16,-151.28
24.4,-107.36,-131.76,43.92,78.08,-122,34.16,131.76,-29.28,-224.48,-278.16,-141.52
24.4,-122,-146.4,48.8,82.96,-136.64,29.28,122,-48.8,-234.24,-283.04,-131.76
9.76,-141.52,-151.28,68.32,78.08,-146.4,19.52,117.12,-48.8,-224.48,-268.4,-122
9.76,-156.16,-165.92,73.2,87.84,-161.04,4.88,107.36,-53.68,-214.72,-268.4,-122
19.52,-146.4,-165.92,63.44,92.72,-156.16,4.88,102.48,-63.44,-219.6,-268.4,-122
53.68,-102.48,-156.16,24.4,102.48,-131.76,19.52,112.24,-63.44,-248.88,-273.28,-117.12
73.2,-58.56,-131.76,-4.88,102.48,-97.6,29.28,122,-53.68,-234.24,-263.52,-112.24
24.4,-102.48,-126.88,39.04,73.2,-117.12,-4.88,92.72,-63.44,-234.24,-278.16,-131.76
68.32,-53.68,-122,-4.88,92.72,-87.84,-4.88,87.84,-58.56,-204.96,-268.4,-112.24
107.36,-14.64,-122,-43.92,112.24,-68.32,0,102.48,-53.68,-195.2,-244,-87.84
63.44,-34.16,-97.6,-14.64,78.08,-68.32,-14.64,97.6,-73.2,-224.48,-253.76,-102.48
63.44,-39.04,-102.48,-9.76,82.96,-73.2,0,102.48,-82.96,-234.24,-253.76,-92.72
24.4,-82.96,-107.36,29.28,63.44,-97.6,0,92.72,-97.6,-239.12,-248.88,-87.84
9.76,-112.24,-122,53.68,63.44,-117.12,-4.88,87.84,-78.08,-219.6,-244,-82.96
14.64,-112.24,-126.88,48.8,68.32,-122,-4.88,78.08,-68.32,-204.96,-229.36,-78.08
-4.88,-117.12,-112.24,63.44,53.68,-117.12,-9.76,78.08,-58.56,-190.32,-219.6,-68.32
14.64,-87.84,-102.48,39.04,58.56,-97.6,-9.76,82.96,-39.04,-170.8,-204.96,-68.32
53.68,-39.04,-92.72,-4.88,73.2,-68.32,14.64,126.88,0,-131.76,-165.92,-39.04
-4.88,-78.08,-73.2,43.92,34.16,-78.08,0,97.6,-29.28,-156.16,-185.44,-53.68
9.76,-58.56,-68.32,24.4,39.04,-63.44,14.64,107.36,-24.4,-131.76,-170.8,-39.04
19.52,-48.8,-68.32,14.64,43.92,-58.56,29.28,92.72,-14.64,-102.48,-136.64,-29.28
-4.88,-78.08,-73.2,43.92,34.16,-78.08,0,78.08,-29.28,-122,-151.28,-43.92
14.64,-43.92,-58.56,14.64,34.16,-53.68,4.88,78.08,-19.52,-107.36,-146.4,-39.04
53.68,-14.64,-68.32,-19.52,58.56,-43.92,4.88,97.6,-4.88,-73.2,-112.24,-19.52
19.52,-14.64,-34.16,0,24.4,-24.4,9.76,107.36,14.64,-58.56,-97.6,-19.52
24.4,0,-24.4,-9.76,24.4,-14.64,24.4,126.88,24.4,-48.8,-97.6,-14.64
48.8,29.28,-19.52,-39.04,34.16,4.88,39.04,131.76,29.28,-48.8,-82.96,-4.88
68.32,24.4,-43.92,-43.92,53.68,-9.76,29.28,122,29.28,-48.8,-92.72,-9.76
29.28,-14.64,-43.92,-4.88,34.16,-29.28,19.52,112.24,29.28,-43.92,-92.72,-9.76
4.88,-48.8,-53.68,24.4,29.28,-53.68,0,107.36,29.28,-39.04,-87.84,-9.76
14.64,-34.16,-48.8,9.76,29.28,-43.92,24.4,112.24,29.28,-19.52,-68.32,4.88
39.04,-4.88,-43.92,-14.64,39.04,-24.4,39.04,126.88,34.16,9.76,-43.92,24.4
4.88,-29.28,-34.16,14.64,19.52,-34.16,29.28,112.24,34.16,14.64,-39.04,34.16
-24.4,-48.8,-24.4,39.04,0,-39.04,19.52,112.24,43.92,0,-48.8,34.16
-9.76,-34.16,-24.4,24.4,4.88,-29.28,19.52,117.12,48.8,-14.64,-63.44,24.4
-58.56,-63.44,-4.88,63.44,-29.28,-34.16,19.52,112.24,39.04,-39.04,-82.96,9.76
-34.16,-39.04,-4.88,39.04,-14.64,-24.4,34.16,117.12,29.28,-48.8,-92.72,4.88
-19.52,-19.52,0,19.52,-9.76,-9.76,39.04,122,39.04,-39.04,-82.96,14.64
24.4,29.28,4.88,-24.4,9.76,14.64,43.92,146.4,73.2,14.64,-34.16,53.68
24.4,14.64,-9.76,-19.52,14.64,0,34.16,151.28,78.08,34.16,-14.64,78.08
0,-34.16,-34.16,19.52,14.64,-34.16,24.4,141.52,63.44,29.28,-19.52,68.32
14.64,-19.52,-34.16,4.88,24.4,-29.28,34.16,156.16,82.96,53.68,-4.88,73.2
39.04,19.52,-19.52,-29.28,29.28,0,39.04,161.04,82.96,58.56,0,78.08
24.4,14.64,-9.76,-19.52,14.64,0,48.8,161.04,82.96,48.8,-9.76,68.32
19.52,-4.88,-24.4,-4.88,19.52,-14.64,24.4,146.4,68.32,24.4,-34.16,58.56
4.88,-34.16,-39.04,14.64,19.52,-39.04,24.4,161.04,58.56,9.76,-53.68,48.8
4.88,-19.52,-24.4,9.76,14.64,-24.4,34.16,156.16,58.56,9.76,-43.92,48.8
9.76,-39.04,-48.8,14.64,29.28,-43.92,24.4,170.8,78.08,24.4,-34.16,53.68
-29.28,-53.68,-24.4,43.92,-4.88,-39.04,9.76,156.16,73.2,9.76,-43.92,39.04
-4.88,-34.16,-29.28,19.52,9.76,-34.16,24.4,175.68,78.08,14.64,-34.16,58.56
-24.4,-58.56,-34.16,43.92,4.88,-48.8,19.52,156.16,63.44,0,-48.8,39.04
0,-29.28,-29.28,14.64,14.64,-29.28,43.92,175.68,87.84,43.92,-24.4,63.44
-4.88,-29.28,-24.4,19.52,9.76,-29.28,29.28,175.68,102.48,63.44,-9.76,63.44
-48.8,-78.08,-29.28,63.44,-9.76,-53.68,14.64,175.68,82.96,39.04,-29.28,39.04
-39.04,-78.08,-39.04,58.56,0,-58.56,14.64,161.04,53.68,4.88,-43.92,29.28
-58.56,-97.6,-39.04,78.08,-9.76,-68.32,14.64,161.04,78.08,19.52,-39.04,39.04
-19.52,-58.56,-39.04,39.04,9.76,-48.8,14.64,185.44,102.48,43.92,-19.52,53.68
-9.76,-48.8,-39.04,29.28,14.64,-43.92,29.28,185.44,102.48,48.8,-9.76,48.8
-24.4,-48.8,-24.4,39.04,0,-39.04,39.04,190.32,117.12,53.68,-14.64,43.92
4.88,-29.28,-34.16,14.64,19.52,-34.16,43.92,209.84,126.88,63.44,-4.88,43.92
24.4,-14.64,-39.04,-4.88,29.28,-29.28,53.68,209.84,92.72,34.16,-19.52,34.16
9.76,-29.28,-39.04,9.76,24.4,-34.16,48.8,209.84,92.72,24.4,-29.28,24.4
-14.64,-43.92,-29.28,29.28,4.88,-39.04,39.04,204.96,107.36,34.16,-19.52,19.52
29.28,-34.16,-63.44,4.88,43.92,-48.8,29.28,214.72,107.36,39.04,-14.64,14.64
29.28,-34.16,-63.44,4.88,43.92,-48.8,53.68,234.24,117.12,48.8,-4.88,9.76
4.88,-43.92,-48.8,19.52,24.4,-48.8,63.44,234.24,122,78.08,4.88,-9.76
0,-48.8,-48.8,24.4,24.4,-48.8,58.56,214.72,117.12,78.08,9.76,-24.4
-14.64,-58.56,-43.92,39.04,14.64,-53.68,58.56,229.36,126.88,82.96,4.88,-39.04
-24.4,-53.68,-29.28,39.04,0,-43.92,68.32,239.12,141.52,68.32,-4.88,-43.92
14.64,-24.4,-39.04,4.88,24.4,-34.16,78.08,248.88,156.16,73.2,-4.88,-43.92
4.88,-29.28,-34.16,14.64,19.52,-34.16,73.2,248.88,170.8,82.96,0,-39.04
4.88,-34.16,-39.04,14.64,19.52,-39.04,53.68,248.88,156.16,82.96,-4.88,-43.92
-4.88,-34.16,-29.28,19.52,9.76,-34.16,58.56,258.64,170.8,102.48,14.64,-34.16
-24.4,-53.68,-29.28,39.04,0,-43.92,48.8,263.52,185.44,117.12,29.28,-24.4
-34.16,-53.68,-19.52,43.92,-9.76,-39.04,43.92,253.76,175.68,107.36,19.52,-24.4
4.88,-9.76,-14.64,4.88,9.76,-14.64,73.2,278.16,185.44,112.24,29.28,-19.52
-39.04,-58.56,-19.52,48.8,-9.76,-39.04,39.04,263.52,170.8,92.72,14.64,-34.16
-4.88,-34.16,-29.28,19.52,9.76,-34.16,43.92,278.16,180.56,112.24,34.16,-14.64
34.16,14.64,-19.52,-24.4,24.4,-4.88,63.44,283.04,200.08,117.12,43.92,-9.76
48.8,14.64,-34.16,-29.28,39.04,-9.76,78.08,292.8,204.96,122,43.92,-14.64
-34.16,-78.08,-43.92,58.56,4.88,-63.44,53.68,273.28,190.32,102.48,19.52,-43.92
-53.68,-92.72,-39.04,73.2,-9.76,-68.32,53.68,273.28,180.56,87.84,9.76,-58.56
-39.04,-82.96,-43.92,63.44,0,-63.44,58.56,278.16,170.8,73.2,-4.88,-68.32
14.64,-43.92,-58.56,14.64,34.16,-53.68,68.32,292.8,195.2,97.6,4.88,-63.44
24.4,-29.28,-53.68,4.88,39.04,-43.92,63.44,312.32,219.6,112.24,9.76,-58.56
-34.16,-48.8,-14.64,43.92,-9.76,-34.16,58.56,302.56,214.72,122,9.76,-63.44
-14.64,-29.28,-14.64,24.4,0,-24.4,73.2,307.44,234.24,141.52,24.4,-53.68
-14.64,-29.28,-14.64,24.4,0,-24.4,68.32,307.44,224.48,131.76,24.4,-48.8
-14.64,-39.04,-24.4,29.28,4.88,-34.16,53.68,292.8,204.96,117.12,14.64,-53.68
-4.88,-29.28,-24.4,19.52,9.76,-29.28,63.44,307.44,219.6,146.4,43.92,-29.28
0,-4.88,-4.88,4.88,0,-4.88,68.32,307.44,248.88,175.68,68.32,-4.88
9.76,-9.76,-19.52,0,14.64,-14.64,53.68,307.44,244,165.92,58.56,-9.76
14.64,-14.64,-29.28,0,19.52,-24.4,43.92,307.44,214.72,126.88,29.28,-24.4
19.52,-9.76,-29.28,-4.88,24.4,-19.52,63.44,312.32,204.96,107.36,24.4,-29.28
24.4,0,-24.4,-9.76,24.4,-14.64,63.44,317.2,219.6,131.76,43.92,-19.52
4.88,9.76,4.88,-4.88,0,4.88,63.44,331.84,239.12,165.92,63.44,-9.76
-4.88,9.76,14.64,0,-9.76,9.76,78.08,326.96,244,165.92,58.56,-14.64
24.4,19.52,-4.88,-19.52,14.64,4.88,73.2,317.2,248.88,175.68,53.68,-24.4
29.28,9.76,-19.52,-19.52,24.4,-4.88,63.44,302.56,248.88,200.08,53.68,-29.28
4.88,0,-4.88,0,4.88,-4.88,63.44,292.8,253.76,229.36,68.32,-24.4
0,14.64,14.64,-4.88,-9.76,14.64,73.2,302.56,258.64,214.72,68.32,-19.52
0,29.28,29.28,-14.64,-14.64,29.28,92.72,322.08,234.24,161.04,43.92,-24.4
-9.76,19.52,29.28,-4.88,-19.52,24.4,78.08,307.44,204.96,136.64,39.04,-29.28
-29.28,-19.52,9.76,24.4,-19.52,-4.88,39.04,302.56,195.2,131.76,34.16,-24.4
-9.76,4.88,14.64,4.88,-14.64,9.76,48.8,326.96,224.48,136.64,39.04,-14.64
-48.8,-19.52,29.28,34.16,-39.04,4.88,48.8,312.32,224.48,131.76,29.28,-24.4
-14.64,-9.76,4.88,14.64,-9.76,-4.88,48.8,317.2,244,146.4,39.04,-24.4
107.36,78.08,-29.28,-92.72,68.32,24.4,68.32,351.36,263.52,165.92,58.56,-4.88
34.16,-4.88,-39.04,-14.64,34.16,-24.4,29.28,312.32,219.6,117.12,4.88,-43.92
-29.28,-73.2,-43.92,53.68,4.88,-58.56,14.64,283.04,190.32,87.84,-24.4,-78.08
-9.76,-48.8,-39.04,29.28,14.64,-43.92,4.88,283.04,200.08,117.12,0,-58.56
0,-34.16,-34.16,19.52,14.64,-34.16,4.88,283.04,195.2,141.52,19.52,-43.92
24.4,4.88,-19.52,-14.64,19.52,-9.76,14.64,283.04,204.96,161.04,39.04,-29.28
0,-9.76,-9.76,4.88,4.88,-9.76,14.64,278.16,200.08,165.92,39.04,-34.16
-19.52,-24.4,-4.88,24.4,-9.76,-14.64,0,263.52,204.96,175.68,48.8,-34.16
0,24.4,24.4,-9.76,-14.64,24.4,9.76,283.04,224.48,195.2,68.32,-14.64
39.04,63.44,24.4,-48.8,4.88,43.92,29.28,302.56,224.48,165.92,48.8,-29.28
19.52,43.92,24.4,-29.28,-4.88,34.16,39.04,302.56,209.84,126.88,19.52,-43.92
-29.28,-24.4,4.88,29.28,-19.52,-9.76,0,273.28,175.68,97.6,-9.76,-68.32
-43.92,-43.92,0,43.92,-24.4,-24.4,-9.76,258.64,165.92,102.48,-4.88,-68.32
-14.64,-19.52,-4.88,19.52,-4.88,-14.64,4.88,268.4,200.08,122,19.52,-48.8
29.28,9.76,-19.52,-19.52,24.4,-4.88,29.28,292.8,209.84,122,14.64,-29.28
24.4,0,-24.4,-9.76,24.4,-14.64,34.16,297.68,204.96,131.76,19.52,-24.4
19.52,-14.64,-34.16,0,24.4,-24.4,29.28,283.04,200.08,141.52,24.4,-29.28
-9.76,-24.4,-14.64,19.52,0,-19.52,14.64,273.28,219.6,151.28,29.28,-34.16
-14.64,-14.64,0,14.64,-9.76,-9.76,9.76,283.04,219.6,141.52,14.64,-39.04
9.76,19.52,9.76,-14.64,0,14.64,9.76,278.16,204.96,151.28,24.4,-29.28
-19.52,-29.28,-9.76,24.4,-4.88,-19.52,-4.88,248.88,180.56,131.76,4.88,-48.8
4.88,-9.76,-14.64,4.88,9.76,-14.64,4.88,248.88,209.84,170.8,39.04,-24.4
0,-14.64,-14.64,9.76,4.88,-14.64,9.76,268.4,229.36,190.32,53.68,-14.64
14.64,9.76,-4.88,-9.76,9.76,0,39.04,263.52,195.2,151.28,39.04,-29.28
-9.76,24.4,34.16,-4.88,-24.4,29.28,39.04,263.52,175.68,146.4,34.16,-34.16
14.64,24.4,9.76,-19.52,0,14.64,14.64,258.64,175.68,126.88,9.76,-53.68
19.52,-14.64,-34.16,0,24.4,-24.4,0,258.64,165.92,82.96,-19.52,-73.2
9.76,-9.76,-19.52,0,14.64,-14.64,19.52,278.16,180.56,87.84,-4.88,-58.56
9.76,-19.52,-29.28,4.88,19.52,-24.4,9.76,273.28,170.8,78.08,-29.28,-73.2
4.88,-24.4,-29.28,9.76,14.64,-29.28,14.64,278.16,170.8,78.08,-29.28,-63.44
4.88,-19.52,-24.4,9.76,14.64,-24.4,29.28,283.04,195.2,92.72,-9.76,-48.8
58.56,39.04,-19.52,-48.8,39.04,9.76,43.92,297.68,219.6,131.76,19.52,-24.4
-29.28,-39.04,-9.76,34.16,-9.76,-24.4,39.04,268.4,175.68,117.12,4.88,-39.04
-63.44,-58.56,4.88,63.44,-34.16,-29.28,19.52,239.12,151.28,102.48,-4.88,-53.68
-53.68,-43.92,9.76,48.8,-34.16,-19.52,4.88,229.36,161.04,131.76,14.64,-34.16
19.52,34.16,14.64,-24.4,0,24.4,14.64,268.4,200.08,195.2,58.56,0
14.64,24.4,9.76,-19.52,0,14.64,39.04,292.8,200.08,190.32,48.8,0
-24.4,-14.64,9.76,19.52,-19.52,-4.88,39.04,283.04,185.44,136.64,4.88,-24.4
-9.76,4.88,14.64,4.88,-14.64,9.76,48.8,283.04,190.32,126.88,-9.76,-34.16
-34.16,-19.52,14.64,29.28,-24.4,-4.88,39.04,287.92,180.56,122,-4.88,-34.16
-14.64,-4.88,9.76,9.76,-14.64,0,48.8,297.68,180.56,107.36,-9.76,-43.92
-34.16,-58.56,-24.4,48.8,-4.88,-43.92,34.16,278.16,146.4,53.68,-53.68,-82.96
-39.04,-68.32,-29.28,53.68,-4.88,-48.8,48.8,278.16,165.92,78.08,-34.16,-63.44
0,-9.76,-9.76,4.88,4.88,-9.76,43.92,287.92,190.32,136.64,19.52,-24.4
-14.64,-4.88,9.76,9.76,-14.64,0,39.04,268.4,200.08,170.8,48.8,0
-34.16,-4.88,29.28,19.52,-34.16,9.76,19.52,268.4,200.08,175.68,58.56,0
-39.04,0,39.04,19.52,-39.04,19.52,24.4,273.28,209.84,161.04,43.92,4.88
-39.04,-9.76,29.28,24.4,-34.16,9.76,34.16,287.92,204.96,131.76,29.28,-4.88
-43.92,-39.04,4.88,43.92,-24.4,-19.52,14.64,278.16,165.92,82.96,-14.64,-34.16
19.52,9.76,-9.76,-14.64,14.64,0,34.16,287.92,170.8,82.96,-14.64,-29.28
4.88,-39.04,-43.92,19.52,24.4,-43.92,43.92,287.92,190.32,87.84,-14.64,-34.16
-14.64,-48.8,-34.16,34.16,9.76,-43.92,48.8,287.92,200.08,107.36,0,-24.4
-14.64,-19.52,-4.88,19.52,-4.88,-14.64,34.16,283.04,204.96,126.88,14.64,-19.52
4.88,9.76,4.88,-4.88,0,4.88,39.04,273.28,200.08,141.52,29.28,-9.76
0,9.76,9.76,-4.88,-4.88,9.76,24.4,273.28,200.08,131.76,19.52,-19.52
-4.88,9.76,14.64,0,-9.76,9.76,19.52,273.28,161.04,63.44,-24.4,-48.8
-4.88,9.76,14.64,0,-9.76,9.76,34.16,273.28,175.68,87.84,-9.76,-43.92
-4.88,-9.76,-4.88,9.76,0,-9.76,34.16,258.64,170.8,92.72,-4.88,-43.92
4.88,4.88,0,-4.88,0,0,53.68,263.52,170.8,87.84,0,-39.04
-4.88,9.76,14.64,0,-9.76,9.76,39.04,263.52,175.68,87.84,4.88,-34.16
-19.52,-34.16,-14.64,29.28,-4.88,-24.4,19.52,253.76,180.56,87.84,9.76,-29.28
-29.28,-53.68,-24.4,43.92,-4.88,-39.04,29.28,258.64,200.08,112.24,4.88,-24.4
-34.16,-43.92,-9.76,39.04,-14.64,-29.28,34.16,253.76,204.96,117.12,9.76,-9.76
-14.64,-29.28,-14.64,24.4,0,-24.4,48.8,258.64,185.44,87.84,4.88,-4.88
14.64,0,-14.64,-4.88,14.64,-9.76,43.92,268.4,190.32,82.96,4.88,-4.88
-24.4,-19.52,4.88,24.4,-14.64,-9.76,24.4,248.88,190.32,102.48,9.76,-14.64
-24.4,-19.52,4.88,24.4,-14.64,-9.76,29.28,253.76,185.44,107.36,14.64,-9.76
-19.52,-19.52,0,19.52,-9.76,-9.76,19.52,248.88,161.04,63.44,0,-19.52
-9.76,-14.64,-4.88,14.64,-4.88,-9.76,19.52,248.88,170.8,58.56,-9.76,-19.52
-39.04,-48.8,-9.76,43.92,-14.64,-29.28,19.52,229.36,165.92,78.08,-4.88,-14.64
-4.88,-24.4,-19.52,14.64,4.88,-24.4,14.64,229.36,190.32,102.48,9.76,0
-4.88,-19.52,-14.64,14.64,4.88,-19.52,19.52,239.12,209.84,112.24,14.64,4.88
-14.64,-39.04,-24.4,29.28,4.88,-34.16,14.64,219.6,180.56,87.84,-4.88,-9.76
-9.76,-24.4,-14.64,19.52,0,-19.52,-4.88,214.72,175.68,92.72,-4.88,-14.64
-4.88,9.76,14.64,0,-9.76,9.76,0,214.72,165.92,117.12,19.52,0
-14.64,39.04,53.68,-9.76,-34.16,43.92,4.88,224.48,151.28,102.48,14.64,-4.88
-29.28,19.52,48.8,4.88,-39.04,34.16,0,229.36,156.16,102.48,9.76,0
-29.28,-4.88,24.4,19.52,-29.28,9.76,9.76,239.12,170.8,97.6,9.76,4.88
-19.52,-24.4,-4.88,24.4,-9.76,-14.64,4.88,239.12,185.44,78.08,-9.76,-4.88
-29.28,-48.8,-19.52,39.04,-4.88,-34.16,14.64,239.12,170.8,53.68,-29.28,-19.52
-53.68,-92.72,-39.04,73.2,-9.76,-68.32,-9.76,214.72,141.52,43.92,-34.16,-19.52
-9.76,-63.44,-53.68,39.04,19.52,-58.56,0,219.6,151.28,78.08,-4.88,4.88
0,-43.92,-43.92,24.4,19.52,-43.92,4.88,214.72,161.04,82.96,0,4.88
-9.76,-19.52,-9.76,14.64,0,-14.64,9.76,224.48,185.44,112.24,19.52,14.64
39.04,43.92,4.88,-39.04,14.64,24.4,9.76,239.12,214.72,165.92,58.56,39.04
0,9.76,9.76,-4.88,-4.88,9.76,-9.76,239.12,185.44,126.88,24.4,9.76
-14.64,-9.76,4.88,14.64,-9.76,-4.88,-24.4,214.72,131.76,63.44,-19.52,-14.64
-73.2,-78.08,-4.88,78.08,-34.16,-43.92,-19.52,190.32,107.36,29.28,-48.8,-34.16
-102.48,-97.6,4.88,102.48,-53.68,-48.8,-19.52,200.08,141.52,63.44,-39.04,-29.28
-48.8,-53.68,-4.88,53.68,-24.4,-29.28,-9.76,224.48,170.8,78.08,-19.52,-9.76
-29.28,-19.52,9.76,24.4,-19.52,-4.88,-14.64,248.88,175.68,78.08,-9.76,4.88
-48.8,-48.8,0,48.8,-24.4,-24.4,-24.4,234.24,161.04,82.96,-4.88,-4.88
-19.52,-24.4,-4.88,24.4,-9.76,-14.64,-14.64,234.24,151.28,87.84,4.88,4.88
-4.88,-24.4,-19.52,14.64,4.88,-24.4,4.88,229.36,156.16,97.6,9.76,14.64
-24.4,-19.52,4.88,24.4,-14.64,-9.76,9.76,239.12,170.8,102.48,19.52,34.16
-34.16,-39.04,-4.88,39.04,-14.64,-24.4,14.64,253.76,175.68,102.48,19.52,34.16
-82.96,-117.12,-34.16,102.48,-24.4,-78.08,0,234.24,151.28,78.08,-9.76,9.76
-43.92,-92.72,-48.8,68.32,0,-73.2,19.52,229.36,131.76,43.92,-34.16,-4.88
-9.76,-53.68,-43.92,34.16,14.64,-48.8,24.4,239.12,156.16,82.96,-4.88,9.76
-48.8,-58.56,-9.76,53.68,-19.52,-34.16,0,224.48,175.68,131.76,29.28,24.4
-58.56,-29.28,29.28,43.92,-43.92,0,-19.52,209.84,161.04,126.88,34.16,19.52
-9.76,24.4,34.16,-4.88,-24.4,29.28,-14.64,214.72,156.16,97.6,34.16,24.4
29.28,53.68,24.4,-39.04,0,39.04,0,239.12,146.4,73.2,19.52,24.4
-4.88,-9.76,-4.88,9.76,0,-9.76,0,229.36,126.88,29.28,-19.52,-4.88
-43.92,-53.68,-9.76,48.8,-19.52,-34.16,24.4,239.12,117.12,24.4,-29.28,-14.64
-34.16,-43.92,-9.76,39.04,-14.64,-29.28,43.92,248.88,141.52,63.44,-14.64,-14.64
-24.4,-24.4,0,24.4,-14.64,-14.64,68.32,273.28,175.68,107.36,19.52,-9.76
-39.04,-24.4,14.64,34.16,-29.28,-4.88,78.08,312.32,195.2,107.36,9.76,-9.76
-53.68,-43.92,9.76,48.8,-34.16,-19.52,82.96,351.36,219.6,102.48,9.76,-9.76
-63.44,-73.2,-9.76,68.32,-29.28,-43.92,97.6,395.28,258.64,122,14.64,-9.76
-73.2,-112.24,-39.04,92.72,-19.52,-78.08,122,463.6,322.08,112.24,-9.76,-29.28
-29.28,-82.96,-53.68,58.56,9.76,-68.32,165.92,551.44,409.92,131.76,0,-34.16
0,-39.04,-39.04,19.52,19.52,-39.04,195.2,605.12,468.48,161.04,24.4,-19.52
29.28,0,-29.28,-14.64,29.28,-14.64,170.8,639.28,512.4,209.84,58.56,4.88
63.44,78.08,14.64,-68.32,24.4,43.92,175.68,668.56,556.32,307.44,151.28,82.96
53.68,146.4,92.72,-97.6,-19.52,117.12,165.92,668.56,614.88,434.32,278.16,190.32
82.96,200.08,117.12,-141.52,-19.52,156.16,97.6,575.84,629.52,556.32,419.68,326.96
165.92,292.8,126.88,-229.36,19.52,209.84,24.4,517.28,697.84,751.52,644.16,522.16
214.72,341.6,126.88,-278.16,43.92,234.24,-43.92,463.6,771.04,946.72,844.24,697.84
361.12,478.24,117.12,-419.68,122,297.68,-92.72,385.52,844.24,1137.04,1063.84,888.16
414.8,566.08,151.28,-488,131.76,356.24,-175.68,263.52,888.16,1332.24,1283.44,1083.36
448.96,619.76,170.8,-531.92,136.64,395.28,-239.12,117.12,873.52,1546.96,1527.44,1293.2
502.64,761.28,258.64,-629.52,122,507.52,-283.04,-9.76,844.24,1781.2,1825.12,1561.6
502.64,883.28,380.64,-692.96,58.56,629.52,-317.2,-151.28,785.68,1942.24,2054.48,1790.96
444.08,961.36,517.28,-702.72,-39.04,736.88,-322.08,-326.96,561.2,1937.36,2122.8,1893.44
434.32,1058.96,624.64,-746.64,-97.6,839.36,-322.08,-458.72,409.92,1932.48,2171.6,1981.28
390.4,1098,707.6,-741.76,-161.04,902.8,-307.44,-585.6,200.08,1810.48,2093.52,1952
375.76,1107.76,732,-741.76,-180.56,917.44,-307.44,-751.52,-117.12,1517.68,1878.8,1830
307.44,951.6,644.16,-629.52,-170.8,795.44,-287.92,-907.68,-434.32,1112.64,1498.16,1532.32
156.16,649.04,492.88,-400.16,-170.8,570.96,-287.92,-1083.36,-775.92,531.92,907.68,1029.68
43.92,390.4,346.48,-214.72,-151.28,366,-258.64,-1215.12,-1093.12,-34.16,336.72,551.44
-29.28,234.24,263.52,-102.48,-146.4,248.88,-214.72,-1249.28,-1254.16,-375.76,-34.16,229.36
-180.56,122,302.56,29.28,-244,209.84,-131.76,-1220,-1278.56,-566.08,-229.36,34.16
-229.36,68.32,297.68,82.96,-263.52,180.56,-68.32,-1161.44,-1263.92,-644.16,-341.6,-82.96
-253.76,0,253.76,126.88,-253.76,126.88,-82.96,-1127.28,-1205.36,-683.2,-419.68,-180.56
-239.12,-53.68,185.44,146.4,-214.72,63.44,-97.6,-1049.2,-1117.52,-692.96,-448.96,-224.48
-185.44,-43.92,141.52,117.12,-165.92,48.8,-87.84,-936.96,-995.52,-658.8,-429.44,-224.48
-161.04,-24.4,136.64,92.72,-151.28,53.68,-126.88,-819.84,-834.48,-546.56,-366,-185.44
-161.04,-58.56,102.48,112.24,-131.76,19.52,-161.04,-712.48,-727.12,-488,-331.84,-175.68
-151.28,-107.36,43.92,131.76,-97.6,-34.16,-195.2,-644.16,-663.68,-483.12,-336.72,-200.08
-117.12,-73.2,43.92,97.6,-82.96,-14.64,-195.2,-551.44,-556.32,-370.88,-258.64,-165.92
-43.92,0,43.92,24.4,-43.92,19.52,-170.8,-444.08,-439.2,-253.76,-185.44,-117.12
-48.8,4.88,53.68,24.4,-53.68,29.28,-165.92,-361.12,-370.88,-229.36,-165.92,-102.48
-19.52,39.04,58.56,-9.76,-39.04,48.8,-126.88,-263.52,-278.16,-190.32,-136.64,-78.08
-29.28,34.16,63.44,0,-48.8,48.8,-82.96,-204.96,-234.24,-190.32,-136.64,-78.08
-87.84,-34.16,53.68,63.44,-73.2,9.76,-78.08,-165.92,-175.68,-151.28,-117.12,-78.08
-58.56,-24.4,34.16,43.92,-48.8,4.88,-39.04,-92.72,-102.48,-82.96,-68.32,-53.68
-29.28,-19.52,9.76,24.4,-19.52,-4.88,-19.52,-48.8,-78.08,-73.2,-58.56,-39.04
-14.64,-39.04,-24.4,29.28,4.88,-34.16,-4.88,-34.16,-58.56,-68.32,-43.92,-29.28
-29.28,-78.08,-48.8,53.68,9.76,-63.44,9.76,-4.88,-19.52,-19.52,-14.64,-14.64
-63.44,-87.84,-24.4,78.08,-19.52,-58.56,29.28,4.88,0,-9.76,-9.76,-19.52
-43.92,-63.44,-19.52,53.68,-14.64,-43.92,34.16,4.88,0,-14.64,-29.28,-39.04
-34.16,-68.32,-34.16,53.68,0,-53.68,19.52,0,-14.64,-53.68,-58.56,-63.44
-87.84,-107.36,-19.52,97.6,-34.16,-63.44,4.88,-24.4,-14.64,-58.56,-73.2,-73.2
-48.8,-53.68,-4.88,53.68,-24.4,-29.28,19.52,0,4.88,-43.92,-53.68,-58.56
29.28,9.76,-19.52,-19.52,24.4,-4.88,39.04,24.4,4.88,-43.92,-43.92,-39.04
-82.96,-126.88,-43.92,107.36,-19.52,-87.84,9.76,-19.52,-29.28,-87.84,-68.32,-63.44
-112.24,-151.28,-39.04,131.76,-39.04,-97.6,14.64,-24.4,-24.4,-73.2,-63.44,-63.44
-48.8,-87.84,-39.04,68.32,-4.88,-63.44,39.04,-9.76,-29.28,-34.16,-29.28,-34.16
-24.4,-48.8,-24.4,39.04,0,-39.04,34.16,-9.76,-29.28,14.64,4.88,-14.64
-68.32,-53.68,14.64,63.44,-43.92,-19.52,24.4,-9.76,-9.76,39.04,19.52,-9.76
-58.56,-58.56,0,58.56,-29.28,-29.28,14.64,4.88,-14.64,-9.76,4.88,-19.52
-9.76,-29.28,-19.52,19.52,4.88,-24.4,34.16,24.4,-19.52,-29.28,-4.88,-14.64
-4.88,-34.16,-29.28,19.52,9.76,-34.16,29.28,24.4,-4.88,-39.04,-14.64,-24.4
-14.64,-58.56,-43.92,39.04,14.64,-53.68,9.76,24.4,-14.64,-53.68,-39.04,-34.16
-58.56,-102.48,-43.92,82.96,-9.76,-73.2,4.88,9.76,-29.28,-63.44,-63.44,-53.68
-82.96,-141.52,-58.56,112.24,-14.64,-102.48,9.76,-4.88,-29.28,-63.44,-63.44,-63.44
-19.52,-73.2,-53.68,48.8,14.64,-63.44,29.28,4.88,-14.64,-39.04,-43.92,-43.92
-4.88,-48.8,-43.92,29.28,19.52,-48.8,53.68,9.76,-24.4,-53.68,-39.04,-39.04
-24.4,-58.56,-34.16,43.92,4.88,-48.8,39.04,0,-29.28,-48.8,-34.16,-34.16
-73.2,-102.48,-29.28,87.84,-24.4,-68.32,29.28,-24.4,-43.92,-43.92,-34.16,-43.92
-58.56,-63.44,-4.88,63.44,-29.28,-34.16,39.04,-24.4,-24.4,0,-4.88,-24.4
-29.28,-19.52,9.76,24.4,-19.52,-4.88,43.92,-14.64,-29.28,-4.88,4.88,-24.4
-43.92,-87.84,-43.92,68.32,0,-68.32,-9.76,-48.8,-92.72,-102.48,-58.56,-73.2
-43.92,-107.36,-63.44,78.08,9.76,-87.84,-9.76,-48.8,-78.08,-87.84,-39.04,-53.68
-48.8,-87.84,-39.04,68.32,-4.88,-63.44,14.64,-34.16,-53.68,-48.8,-9.76,-29.28
-87.84,-117.12,-29.28,102.48,-29.28,-73.2,14.64,-34.16,-53.68,-53.68,-24.4,-43.92
-122,-151.28,-29.28,136.64,-48.8,-92.72,14.64,-68.32,-78.08,-73.2,-48.8,-73.2
-43.92,-87.84,-43.92,68.32,0,-68.32,34.16,-58.56,-68.32,-63.44,-34.16,-53.68
-29.28,-73.2,-43.92,53.68,4.88,-58.56,34.16,-63.44,-82.96,-73.2,-29.28,-48.8
0,-48.8,-48.8,24.4,24.4,-48.8,19.52,-78.08,-68.32,-53.68,-9.76,-29.28
9.76,-19.52,-29.28,4.88,19.52,-24.4,14.64,-63.44,-39.04,0,29.28,0
-34.16,-63.44,-29.28,48.8,-4.88,-48.8,19.52,-73.2,-58.56,-19.52,9.76,-29.28
-29.28,-82.96,-53.68,58.56,9.76,-68.32,29.28,-68.32,-78.08,-58.56,-14.64,-34.16
-34.16,-92.72,-58.56,63.44,9.76,-78.08,34.16,-58.56,-63.44,-73.2,-14.64,-24.4
-39.04,-122,-82.96,82.96,19.52,-102.48,14.64,-92.72,-73.2,-78.08,-39.04,-48.8
-14.64,-97.6,-82.96,58.56,34.16,-92.72,4.88,-87.84,-73.2,-78.08,-43.92,-63.44
-19.52,-87.84,-68.32,53.68,24.4,-78.08,4.88,-92.72,-112.24,-122,-63.44,-68.32
-73.2,-117.12,-43.92,97.6,-14.64,-82.96,-4.88,-131.76,-146.4,-141.52,-73.2,-78.08
-92.72,-122,-29.28,107.36,-34.16,-78.08,0,-156.16,-131.76,-92.72,-39.04,-48.8
-43.92,-87.84,-43.92,68.32,0,-68.32,-4.88,-141.52,-97.6,-48.8,-4.88,-19.52
-43.92,-92.72,-48.8,68.32,0,-73.2,9.76,-141.52,-97.6,-48.8,-9.76,-24.4
-39.04,-92.72,-53.68,68.32,4.88,-73.2,19.52,-131.76,-97.6,-68.32,-29.28,-34.16
-34.16,-112.24,-78.08,73.2,19.52,-97.6,24.4,-136.64,-112.24,-107.36,-68.32,-63.44
-34.16,-126.88,-92.72,82.96,29.28,-112.24,19.52,-141.52,-117.12,-117.12,-68.32,-73.2
-34.16,-112.24,-78.08,73.2,19.52,-97.6,24.4,-151.28,-102.48,-82.96,-43.92,-53.68
-34.16,-102.48,-68.32,68.32,14.64,-87.84,29.28,-161.04,-102.48,-87.84,-39.04,-48.8
-29.28,-92.72,-63.44,63.44,14.64,-78.08,34.16,-165.92,-112.24,-97.6,-43.92,-48.8
-29.28,-73.2,-43.92,53.68,4.88,-58.56,29.28,-175.68,-117.12,-87.84,-29.28,-43.92
4.88,-43.92,-48.8,19.52,24.4,-48.8,34.16,-156.16,-92.72,-63.44,-4.88,-19.52
-19.52,-73.2,-53.68,48.8,14.64,-63.44,24.4,-161.04,-102.48,-92.72,-29.28,-39.04
-48.8,-126.88,-78.08,87.84,14.64,-102.48,29.28,-165.92,-131.76,-122,-58.56,-63.44
-29.28,-117.12,-87.84,73.2,29.28,-102.48,39.04,-161.04,-126.88,-126.88,-58.56,-63.44
-9.76,-92.72,-82.96,53.68,34.16,-87.84,53.68,-161.04,-107.36,-122,-58.56,-63.44
24.4,-53.68,-78.08,14.64,48.8,-68.32,53.68,-156.16,-87.84,-107.36,-48.8,-43.92
4.88,-82.96,-87.84,39.04,43.92,-87.84,34.16,-190.32,-97.6,-102.48,-43.92,-53.68
-9.76,-82.96,-73.2,48.8,29.28,-78.08,19.52,-204.96,-92.72,-87.84,-29.28,-48.8
-4.88,-58.56,-53.68,34.16,24.4,-58.56,29.28,-185.44,-82.96,-58.56,-4.88,-19.52
-39.04,-82.96,-43.92,63.44,0,-63.44,19.52,-195.2,-107.36,-68.32,-9.76,-24.4
-43.92,-97.6,-53.68,73.2,4.88,-78.08,29.28,-209.84,-126.88,-117.12,-34.16,-43.92
-9.76,-68.32,-58.56,39.04,24.4,-63.44,48.8,-185.44,-107.36,-126.88,-43.92,-43.92
-4.88,-73.2,-68.32,39.04,29.28,-73.2,48.8,-185.44,-87.84,-122,-34.16,-39.04
-43.92,-102.48,-58.56,73.2,4.88,-82.96,29.28,-209.84,-107.36,-102.48,-19.52,-34.16
-68.32,-126.88,-58.56,97.6,-4.88,-92.72,29.28,-214.72,-117.12,-117.12,-24.4,-43.92
-43.92,-131.76,-87.84,87.84,19.52,-112.24,19.52,-204.96,-107.36,-146.4,-43.92,-63.44
43.92,-53.68,-97.6,4.88,68.32,-78.08,58.56,-170.8,-97.6,-151.28,-53.68,-58.56
39.04,-48.8,-87.84,4.88,63.44,-68.32,78.08,-165.92,-87.84,-151.28,-43.92,-53.68
-34.16,-107.36,-73.2,73.2,19.52,-92.72,39.04,-190.32,-97.6,-136.64,-34.16,-58.56
-9.76,-63.44,-53.68,39.04,19.52,-58.56,48.8,-190.32,-82.96,-112.24,-14.64,-39.04
-29.28,-97.6,-68.32,63.44,19.52,-82.96,29.28,-195.2,-107.36,-141.52,-34.16,-58.56
14.64,-73.2,-87.84,29.28,48.8,-82.96,29.28,-195.2,-112.24,-156.16,-39.04,-63.44
19.52,-78.08,-97.6,29.28,58.56,-87.84,29.28,-190.32,-117.12,-180.56,-58.56,-68.32
-9.76,-117.12,-107.36,63.44,48.8,-112.24,19.52,-195.2,-112.24,-170.8,-53.68,-73.2
-24.4,-136.64,-112.24,82.96,43.92,-126.88,14.64,-200.08,-117.12,-156.16,-53.68,-73.2
4.88,-112.24,-117.12,53.68,58.56,-117.12,0,-219.6,-122,-161.04,-48.8,-63.44
-34.16,-122,-87.84,78.08,24.4,-107.36,4.88,-214.72,-122,-156.16,-43.92,-63.44
-29.28,-97.6,-68.32,63.44,19.52,-82.96,9.76,-219.6,-126.88,-161.04,-39.04,-73.2
-9.76,-82.96,-73.2,48.8,29.28,-78.08,-4.88,-229.36,-136.64,-175.68,-48.8,-68.32
-4.88,-97.6,-92.72,53.68,43.92,-97.6,-9.76,-234.24,-126.88,-185.44,-53.68,-78.08
53.68,-39.04,-92.72,-4.88,73.2,-68.32,0,-224.48,-102.48,-156.16,-39.04,-58.56
53.68,-53.68,-107.36,0,78.08,-82.96,-4.88,-224.48,-92.72,-141.52,-29.28,-43.92
9.76,-112.24,-122,53.68,63.44,-117.12,-9.76,-234.24,-117.12,-165.92,-43.92,-53.68
-9.76,-122,-112.24,68.32,48.8,-117.12,-9.76,-248.88,-117.12,-165.92,-39.04,-63.44
-4.88,-117.12,-112.24,63.44,53.68,-117.12,-4.88,-244,-126.88,-161.04,-34.16,-63.44
19.52,-92.72,-112.24,39.04,63.44,-102.48,-4.88,-234.24,-117.12,-161.04,-39.04,-58.56
53.68,-53.68,-107.36,0,78.08,-82.96,0,-244,-117.12,-175.68,-48.8,-68.32
87.84,-14.64,-102.48,-34.16,92.72,-58.56,0,-239.12,-122,-195.2,-63.44,-73.2
48.8,-68.32,-117.12,9.76,82.96,-92.72,-24.4,-258.64,-146.4,-224.48,-87.84,-87.84
-19.52,-151.28,-131.76,87.84,53.68,-141.52,-34.16,-287.92,-175.68,-253.76,-117.12,-122
14.64,-131.76,-146.4,58.56,78.08,-141.52,-19.52,-283.04,-170.8,-248.88,-112.24,-112.24
-14.64,-141.52,-126.88,78.08,53.68,-136.64,-9.76,-287.92,-165.92,-244,-107.36,-107.36
-24.4,-151.28,-126.88,87.84,48.8,-141.52,-14.64,-287.92,-180.56,-253.76,-122,-112.24
-19.52,-151.28,-131.76,87.84,53.68,-141.52,-29.28,-307.44,-185.44,-268.4,-131.76,-136.64
43.92,-87.84,-131.76,24.4,87.84,-112.24,-14.64,-292.8,-161.04,-224.48,-97.6,-107.36
34.16,-102.48,-136.64,34.16,82.96,-122,-19.52,-297.68,-156.16,-234.24,-102.48,-112.24
-9.76,-146.4,-136.64,78.08,63.44,-141.52,-29.28,-312.32,-185.44,-292.8,-156.16,-151.28
14.64,-131.76,-146.4,58.56,78.08,-141.52,-9.76,-302.56,-200.08,-331.84,-180.56,-161.04
48.8,-122,-170.8,39.04,107.36,-146.4,-4.88,-297.68,-200.08,-331.84,-175.68,-156.16
39.04,-131.76,-170.8,48.8,102.48,-151.28,-4.88,-312.32,-209.84,-331.84,-180.56,-161.04
9.76,-156.16,-165.92,73.2,87.84,-161.04,-9.76,-322.08,-229.36,-336.72,-180.56,-161.04
24.4,-136.64,-161.04,58.56,92.72,-151.28,-9.76,-331.84,-229.36,-331.84,-170.8,-156.16
24.4,-131.76,-156.16,53.68,87.84,-146.4,-4.88,-322.08,-219.6,-312.32,-161.04,-146.4
-4.88,-161.04,-156.16,82.96,73.2,-161.04,-14.64,-331.84,-234.24,-331.84,-175.68,-161.04
-9.76,-165.92,-156.16,87.84,73.2,-161.04,-24.4,-346.48,-253.76,-366,-200.08,-175.68
14.64,-122,-136.64,53.68,73.2,-131.76,-14.64,-346.48,-253.76,-361.12,-195.2,-170.8
29.28,-102.48,-131.76,39.04,78.08,-117.12,-24.4,-351.36,-253.76,-356.24,-195.2,-170.8
29.28,-68.32,-97.6,19.52,63.44,-82.96,-14.64,-351.36,-258.64,-351.36,-185.44,-165.92
4.88,-87.84,-92.72,43.92,48.8,-92.72,-24.4,-361.12,-268.4,-366,-190.32,-175.68
-9.76,-107.36,-97.6,58.56,43.92,-102.48,-29.28,-370.88,-287.92,-370.88,-204.96,-180.56
-19.52,-126.88,-107.36,73.2,43.92,-117.12,-39.04,-385.52,-297.68,-385.52,-224.48,-190.32
0,-107.36,-107.36,53.68,53.68,-107.36,-29.28,-366,-297.68,-390.4,-214.72,-175.68
-4.88,-122,-117.12,63.44,53.68,-122,-29.28,-370.88,-312.32,-414.8,-234.24,-185.44
19.52,-97.6,-117.12,39.04,68.32,-107.36,-19.52,-366,-317.2,-419.68,-234.24,-185.44
48.8,-73.2,-122,14.64,82.96,-97.6,-14.64,-366,-302.56,-405.04,-219.6,-185.44
34.16,-87.84,-122,29.28,78.08,-107.36,-19.52,-361.12,-297.68,-409.92,-224.48,-180.56
29.28,-92.72,-122,34.16,73.2,-107.36,-29.28,-361.12,-307.44,-414.8,-234.24,-185.44
14.64,-102.48,-117.12,43.92,63.44,-112.24,-29.28,-366,-297.68,-395.28,-214.72,-170.8
0,-117.12,-117.12,58.56,58.56,-117.12,-34.16,-366,-302.56,-390.4,-204.96,-170.8
43.92,-63.44,-107.36,9.76,73.2,-87.84,-14.64,-341.6,-287.92,-361.12,-175.68,-146.4
39.04,-48.8,-87.84,4.88,63.44,-68.32,-14.64,-356.24,-292.8,-366,-180.56,-146.4
-9.76,-87.84,-78.08,48.8,34.16,-82.96,-29.28,-375.76,-312.32,-375.76,-190.32,-170.8
24.4,-63.44,-87.84,19.52,53.68,-78.08,-34.16,-356.24,-302.56,-370.88,-185.44,-161.04
-4.88,-73.2,-68.32,39.04,29.28,-73.2,-19.52,-356.24,-297.68,-361.12,-170.8,-141.52
29.28,-24.4,-53.68,0,39.04,-39.04,-4.88,-336.72,-263.52,-322.08,-141.52,-117.12
102.48,53.68,-48.8,-78.08,73.2,0,29.28,-297.68,-219.6,-273.28,-102.48,-78.08
-24.4,-63.44,-39.04,43.92,4.88,-53.68,-9.76,-331.84,-253.76,-302.56,-141.52,-112.24
-48.8,-87.84,-39.04,68.32,-4.88,-63.44,-14.64,-331.84,-253.76,-292.8,-131.76,-112.24
9.76,-19.52,-29.28,4.88,19.52,-24.4,9.76,-307.44,-214.72,-244,-92.72,-73.2
4.88,-4.88,-9.76,0,4.88,-9.76,14.64,-307.44,-224.48,-224.48,-78.08,-68.32
0,9.76,9.76,-4.88,-4.88,9.76,9.76,-307.44,-219.6,-209.84,-68.32,-68.32
24.4,14.64,-9.76,-19.52,14.64,0,24.4,-297.68,-214.72,-204.96,-73.2,-73.2
9.76,9.76,0,-9.76,4.88,4.88,39.04,-278.16,-214.72,-204.96,-73.2,-68.32
-14.64,-14.64,0,14.64,-9.76,-9.76,29.28,-283.04,-214.72,-204.96,-73.2,-58.56
-39.04,-29.28,9.76,34.16,-24.4,-9.76,24.4,-292.8,-204.96,-190.32,-63.44,-63.44
-29.28,-24.4,4.88,29.28,-19.52,-9.76,39.04,-268.4,-185.44,-151.28,-39.04,-48.8
0,-4.88,-4.88,4.88,0,-4.88,43.92,-263.52,-180.56,-141.52,-34.16,-48.8
39.04,29.28,-9.76,-34.16,24.4,9.76,63.44,-239.12,-170.8,-141.52,-24.4,-39.04
-4.88,-9.76,-4.88,9.76,0,-9.76,48.8,-248.88,-175.68,-146.4,-43.92,-53.68
-43.92,-58.56,-14.64,53.68,-14.64,-39.04,34.16,-263.52,-185.44,-146.4,-48.8,-68.32
14.64,4.88,-9.76,-9.76,9.76,-4.88,48.8,-244,-180.56,-136.64,-29.28,-53.68
29.28,29.28,0,-29.28,14.64,14.64,82.96,-224.48,-165.92,-117.12,-9.76,-39.04
-24.4,-24.4,0,24.4,-14.64,-14.64,68.32,-258.64,-190.32,-151.28,-34.16,-53.68
-14.64,-9.76,4.88,14.64,-9.76,-4.88,78.08,-278.16,-180.56,-141.52,-29.28,-48.8
-19.52,-9.76,9.76,14.64,-14.64,0,92.72,-346.48,-190.32,-136.64,-24.4,-53.68
-34.16,-39.04,-4.88,39.04,-14.64,-24.4,78.08,-370.88,-195.2,-136.64,-29.28,-63.44
14.64,4.88,-9.76,-9.76,9.76,-4.88,73.2,-341.6,-170.8,-112.24,-4.88,-48.8
9.76,4.88,-4.88,-4.88,4.88,0,78.08,-326.96,-161.04,-122,-4.88,-53.68
-34.16,-34.16,0,34.16,-19.52,-19.52,73.2,-317.2,-175.68,-131.76,-19.52,-68.32
-43.92,-29.28,14.64,39.04,-29.28,-9.76,78.08,-307.44,-151.28,-107.36,4.88,-53.68
-34.16,-14.64,19.52,24.4,-29.28,0,82.96,-307.44,-141.52,-87.84,24.4,-48.8
-4.88,4.88,9.76,0,-9.76,4.88,87.84,-292.8,-146.4,-97.6,19.52,-53.68
0,-9.76,-9.76,4.88,4.88,-9.76,82.96,-287.92,-156.16,-112.24,9.76,-63.44
-4.88,-9.76,-4.88,9.76,0,-9.76,82.96,-268.4,-146.4,-117.12,19.52,-63.44
24.4,19.52,-4.88,-19.52,14.64,4.88,87.84,-244,-126.88,-97.6,34.16,-48.8
29.28,19.52,-9.76,-24.4,19.52,4.88,87.84,-234.24,-112.24,-87.84,43.92,-43.92
-34.16,-48.8,-14.64,43.92,-9.76,-34.16,58.56,-239.12,-136.64,-102.48,19.52,-68.32
-53.68,-53.68,0,53.68,-29.28,-29.28,58.56,-219.6,-126.88,-102.48,19.52,-78.08
-58.56,-58.56,0,58.56,-29.28,-29.28,63.44,-204.96,-122,-97.6,19.52,-82.96
-19.52,-24.4,-4.88,24.4,-9.76,-14.64,68.32,-190.32,-112.24,-92.72,24.4,-73.2
14.64,19.52,4.88,-14.64,4.88,9.76,87.84,-165.92,-92.72,-68.32,43.92,-48.8
-9.76,19.52,29.28,-4.88,-19.52,24.4,82.96,-165.92,-92.72,-63.44,43.92,-53.68
-53.68,-29.28,24.4,43.92,-39.04,-4.88,48.8,-175.68,-97.6,-68.32,39.04,-68.32
-24.4,9.76,34.16,9.76,-29.28,19.52,34.16,-170.8,-87.84,-48.8,48.8,-68.32
-4.88,24.4,29.28,-9.76,-19.52,24.4,43.92,-146.4,-78.08,-39.04,43.92,-73.2
-14.64,9.76,24.4,4.88,-19.52,14.64,43.92,-146.4,-87.84,-58.56,29.28,-82.96
-9.76,9.76,19.52,0,-14.64,14.64,43.92,-131.76,-82.96,-68.32,24.4,-92.72
-24.4,-9.76,14.64,19.52,-19.52,0,53.68,-117.12,-68.32,-63.44,34.16,-73.2
-68.32,-68.32,0,68.32,-34.16,-34.16,29.28,-136.64,-82.96,-78.08,19.52,-82.96
-68.32,-68.32,0,68.32,-34.16,-34.16,29.28,-126.88,-92.72,-82.96,14.64,-87.84
-9.76,-19.52,-9.76,14.64,0,-14.64,39.04,-107.36,-68.32,-63.44,24.4,-82.96
-24.4,-48.8,-24.4,39.04,0,-39.04,24.4,-117.12,-68.32,-58.56,19.52,-78.08
-29.28,-48.8,-19.52,39.04,-4.88,-34.16,19.52,-112.24,-58.56,-39.04,39.04,-73.2
-4.88,-14.64,-9.76,9.76,0,-14.64,39.04,-82.96,-39.04,-34.16,43.92,-63.44
39.04,34.16,-4.88,-34.16,19.52,14.64,43.92,-58.56,-9.76,-19.52,48.8,-58.56
-4.88,-14.64,-9.76,9.76,0,-14.64,24.4,-58.56,-19.52,-29.28,39.04,-78.08
-19.52,-34.16,-14.64,29.28,-4.88,-24.4,14.64,-63.44,-24.4,-34.16,29.28,-87.84
-19.52,-24.4,-4.88,24.4,-9.76,-14.64,24.4,-53.68,-14.64,-19.52,34.16,-82.96
-34.16,-29.28,4.88,34.16,-19.52,-14.64,14.64,-48.8,-4.88,0,43.92,-78.08
-29.28,-29.28,0,29.28,-14.64,-14.64,19.52,-34.16,4.88,14.64,58.56,-68.32
-39.04,-24.4,14.64,34.16,-29.28,-4.88,19.52,-34.16,4.88,19.52,58.56,-63.44
-9.76,4.88,14.64,4.88,-14.64,9.76,43.92,-19.52,19.52,19.52,63.44,-58.56
-4.88,4.88,9.76,0,-9.76,4.88,39.04,-14.64,24.4,29.28,68.32,-63.44
-19.52,-9.76,9.76,14.64,-14.64,0,34.16,-14.64,24.4,19.52,58.56,-78.08
-9.76,0,9.76,4.88,-9.76,4.88,43.92,0,34.16,34.16,63.44,-73.2
-14.64,-9.76,4.88,14.64,-9.76,-4.88,24.4,9.76,43.92,39.04,68.32,-68.32
-9.76,-4.88,4.88,9.76,-9.76,0,9.76,19.52,53.68,43.92,73.2,-68.32
43.92,53.68,9.76,-48.8,14.64,29.28,48.8,53.68,92.72,78.08,112.24,-34.16
19.52,24.4,4.88,-19.52,4.88,14.64,29.28,43.92,78.08,87.84,102.48,-39.04
-4.88,9.76,14.64,0,-9.76,9.76,34.16,58.56,87.84,102.48,112.24,-34.16
-4.88,19.52,24.4,-4.88,-14.64,19.52,48.8,73.2,102.48,122,122,-24.4
-24.4,-14.64,9.76,19.52,-19.52,-4.88,14.64,58.56,82.96,97.6,97.6,-48.8
-24.4,-19.52,4.88,24.4,-14.64,-9.76,24.4,53.68,82.96,107.36,97.6,-58.56
0,19.52,19.52,-9.76,-9.76,19.52,68.32,92.72,112.24,131.76,117.12,-34.16
19.52,39.04,19.52,-29.28,0,29.28,78.08,97.6,122,136.64,112.24,-29.28
19.52,48.8,29.28,-34.16,-4.88,39.04,82.96,102.48,126.88,151.28,122,-29.28
0,19.52,19.52,-9.76,-9.76,19.52,58.56,92.72,122,141.52,112.24,-39.04
-19.52,4.88,24.4,9.76,-24.4,14.64,43.92,97.6,126.88,141.52,102.48,-39.04
0,39.04,39.04,-19.52,-19.52,39.04,68.32,126.88,156.16,180.56,126.88,-9.76
24.4,53.68,29.28,-39.04,-4.88,39.04,82.96,146.4,161.04,190.32,141.52,4.88
39.04,58.56,19.52,-48.8,9.76,39.04,82.96,141.52,156.16,180.56,131.76,4.88
-24.4,14.64,39.04,4.88,-34.16,24.4,73.2,126.88,141.52,165.92,117.12,-9.76
-39.04,-4.88,34.16,24.4,-39.04,14.64,68.32,112.24,136.64,165.92,112.24,-14.64
4.88,29.28,24.4,-14.64,-9.76,24.4,78.08,131.76,151.28,180.56,126.88,4.88
-19.52,19.52,39.04,0,-29.28,29.28,82.96,126.88,136.64,175.68,117.12,-4.88
-39.04,4.88,43.92,19.52,-43.92,24.4,78.08,131.76,136.64,161.04,112.24,9.76
-29.28,0,29.28,14.64,-29.28,14.64,78.08,126.88,136.64,165.92,112.24,9.76
0,34.16,34.16,-14.64,-19.52,34.16,87.84,146.4,151.28,180.56,122,29.28
29.28,68.32,39.04,-48.8,-4.88,53.68,97.6,156.16,161.04,195.2,136.64,39.04
39.04,68.32,29.28,-53.68,4.88,48.8,97.6,156.16,151.28,185.44,136.64,39.04
68.32,97.6,29.28,-82.96,19.52,63.44,102.48,165.92,156.16,190.32,141.52,43.92
24.4,73.2,48.8,-48.8,-14.64,58.56,92.72,151.28,156.16,185.44,131.76,34.16
-19.52,19.52,39.04,0,-29.28,29.28,73.2,141.52,146.4,180.56,117.12,19.52
-19.52,24.4,43.92,0,-34.16,34.16,73.2,146.4,141.52,180.56,117.12,24.4
-19.52,24.4,43.92,0,-34.16,34.16,82.96,141.52,146.4,180.56,107.36,34.16
-29.28,4.88,34.16,14.64,-34.16,19.52,78.08,131.76,131.76,156.16,92.72,34.16
-34.16,4.88,39.04,14.64,-39.04,19.52,78.08,126.88,126.88,151.28,97.6,39.04
34.16,68.32,34.16,-48.8,0,48.8,102.48,165.92,151.28,175.68,122,78.08
14.64,48.8,34.16,-29.28,-9.76,39.04,92.72,161.04,146.4,165.92,102.48,82.96
-19.52,4.88,24.4,9.76,-24.4,14.64,78.08,151.28,136.64,156.16,87.84,82.96
4.88,34.16,29.28,-19.52,-14.64,29.28,92.72,161.04,141.52,161.04,97.6,97.6
-29.28,0,29.28,14.64,-29.28,14.64,78.08,146.4,131.76,146.4,92.72,97.6
-14.64,19.52,34.16,0,-24.4,24.4,78.08,156.16,136.64,156.16,97.6,122
9.76,39.04,29.28,-24.4,-9.76,34.16,78.08,156.16,146.4,151.28,97.6,146.4
0,24.4,24.4,-9.76,-14.64,24.4,73.2,146.4,131.76,146.4,87.84,136.64
29.28,34.16,4.88,-29.28,9.76,19.52,68.32,156.16,136.64,141.52,87.84,131.76
-9.76,9.76,19.52,0,-14.64,14.64,68.32,151.28,131.76,136.64,82.96,136.64
-24.4,4.88,29.28,9.76,-29.28,14.64,63.44,146.4,122,136.64,78.08,131.76
53.68,63.44,9.76,-58.56,19.52,34.16,82.96,170.8,156.16,165.92,102.48,156.16
39.04,43.92,4.88,-39.04,14.64,24.4,63.44,156.16,131.76,141.52,87.84,141.52
14.64,34.16,19.52,-24.4,-4.88,24.4,73.2,156.16,131.76,136.64,82.96,136.64
-24.4,-9.76,14.64,19.52,-19.52,0,58.56,146.4,117.12,126.88,68.32,122
-24.4,-19.52,4.88,24.4,-14.64,-9.76,43.92,136.64,117.12,122,58.56,112.24
-19.52,0,19.52,9.76,-19.52,9.76,48.8,136.64,122,122,58.56,107.36
-9.76,19.52,29.28,-4.88,-19.52,24.4,68.32,112.24,126.88,136.64,68.32,117.12
-29.28,-9.76,19.52,19.52,-24.4,4.88,48.8,87.84,117.12,126.88,63.44,117.12
-68.32,-43.92,24.4,58.56,-48.8,-9.76,19.52,82.96,97.6,112.24,53.68,97.6
-43.92,-19.52,24.4,34.16,-34.16,0,19.52,97.6,112.24,126.88,68.32,112.24
-19.52,0,19.52,9.76,-19.52,9.76,24.4,107.36,117.12,136.64,78.08,117.12
-14.64,9.76,24.4,4.88,-19.52,14.64,19.52,112.24,117.12,122,73.2,122
-14.64,9.76,24.4,4.88,-19.52,14.64,19.52,117.12,112.24,117.12,68.32,117.12
-24.4,-4.88,19.52,14.64,-24.4,4.88,4.88,102.48,102.48,107.36,53.68,97.6
-9.76,4.88,14.64,4.88,-14.64,9.76,14.64,107.36,107.36,112.24,58.56,97.6
39.04,53.68,14.64,-43.92,9.76,34.16,24.4,122,126.88,131.76,73.2,117.12
4.88,24.4,19.52,-14.64,-9.76,19.52,19.52,122,117.12,117.12,68.32,107.36
-43.92,-24.4,19.52,34.16,-34.16,-4.88,0,102.48,97.6,97.6,43.92,87.84
-43.92,-19.52,24.4,34.16,-34.16,0,4.88,107.36,92.72,97.6,43.92,92.72
29.28,39.04,9.76,-34.16,9.76,24.4,29.28,131.76,117.12,117.12,68.32,117.12
73.2,87.84,14.64,-78.08,29.28,48.8,43.92,151.28,131.76,136.64,82.96,131.76
-9.76,4.88,14.64,4.88,-14.64,9.76,9.76,122,102.48,97.6,48.8,92.72
-48.8,-43.92,4.88,48.8,-29.28,-19.52,-9.76,102.48,78.08,68.32,24.4,68.32
-9.76,0,9.76,4.88,-9.76,4.88,4.88,102.48,82.96,82.96,29.28,78.08
-14.64,0,14.64,9.76,-14.64,4.88,0,117.12,87.84,82.96,34.16,78.08
-82.96,-58.56,24.4,73.2,-53.68,-19.52,-9.76,97.6,73.2,73.2,24.4,68.32
-39.04,0,39.04,19.52,-39.04,19.52,14.64,117.12,92.72,87.84,39.04,87.84
-9.76,19.52,29.28,-4.88,-19.52,24.4,24.4,126.88,107.36,97.6,48.8,97.6
-24.4,0,24.4,14.64,-24.4,9.76,4.88,117.12,87.84,78.08,39.04,82.96
-14.64,4.88,19.52,4.88,-19.52,9.76,0,117.12,92.72,87.84,43.92,78.08
0,14.64,14.64,-4.88,-9.76,14.64,4.88,126.88,92.72,87.84,39.04,78.08
-34.16,-9.76,24.4,24.4,-29.28,4.88,-4.88,122,87.84,73.2,29.28,73.2
-24.4,19.52,43.92,4.88,-34.16,29.28,4.88,126.88,92.72,78.08,34.16,78.08
-4.88,29.28,34.16,-9.76,-19.52,29.28,9.76,126.88,92.72,82.96,43.92,82.96
4.88,43.92,39.04,-24.4,-19.52,39.04,14.64,126.88,92.72,82.96,43.92,92.72
-29.28,24.4,53.68,4.88,-43.92,39.04,24.4,131.76,92.72,87.84,43.92,87.84
-68.32,-19.52,48.8,43.92,-58.56,14.64,9.76,107.36,82.96,68.32,24.4,68.32
-9.76,29.28,39.04,-9.76,-24.4,34.16,24.4,117.12,102.48,82.96,43.92,78.08
0,39.04,39.04,-19.52,-19.52,39.04,29.28,126.88,97.6,87.84,48.8,82.96
-24.4,9.76,34.16,9.76,-29.28,19.52,9.76,117.12,92.72,78.08,39.04,78.08
-24.4,4.88,29.28,9.76,-29.28,14.64,14.64,131.76,97.6,78.08,39.04,78.08
-29.28,-9.76,19.52,19.52,-24.4,4.88,14.64,126.88,78.08,58.56,29.28,63.44
0,14.64,14.64,-4.88,-9.76,14.64,24.4,122,78.08,63.44,29.28,63.44
-39.04,-9.76,29.28,24.4,-34.16,9.76,19.52,122,73.2,58.56,19.52,58.56
-9.76,24.4,34.16,-4.88,-24.4,29.28,43.92,141.52,102.48,78.08,34.16,73.2
-9.76,29.28,39.04,-9.76,-24.4,34.16,43.92,146.4,112.24,82.96,43.92,78.08
-58.56,-19.52,39.04,39.04,-48.8,9.76,24.4,126.88,92.72,63.44,19.52,58.56
-9.76,19.52,29.28,-4.88,-19.52,24.4,43.92,126.88,102.48,73.2,29.28,68.32
19.52,43.92,24.4,-29.28,-4.88,34.16,48.8,146.4,122,78.08,43.92,78.08
-24.4,14.64,39.04,4.88,-34.16,24.4,34.16,131.76,97.6,63.44,29.28,58.56
0,29.28,29.28,-14.64,-14.64,29.28,29.28,136.64,92.72,58.56,19.52,53.68
19.52,48.8,29.28,-34.16,-4.88,39.04,34.16,136.64,97.6,63.44,34.16,68.32
-24.4,-14.64,9.76,19.52,-19.52,-4.88,9.76,112.24,73.2,39.04,4.88,39.04
-24.4,0,24.4,14.64,-24.4,9.76,34.16,122,82.96,48.8,9.76,43.92
-34.16,0,34.16,19.52,-34.16,14.64,39.04,122,82.96,53.68,14.64,43.92
-53.68,-19.52,34.16,39.04,-43.92,4.88,39.04,117.12,78.08,48.8,4.88,39.04
-24.4,14.64,39.04,4.88,-34.16,24.4,39.04,126.88,73.2,39.04,9.76,43.92
-4.88,29.28,34.16,-9.76,-19.52,29.28,34.16,131.76,82.96,43.92,14.64,43.92
-19.52,14.64,34.16,4.88,-29.28,24.4,19.52,126.88,82.96,39.04,9.76,34.16
0,39.04,39.04,-19.52,-19.52,39.04,29.28,146.4,92.72,53.68,19.52,48.8
19.52,48.8,29.28,-34.16,-4.88,39.04,39.04,156.16,92.72,58.56,19.52,48.8
29.28,73.2,43.92,-48.8,-9.76,58.56,48.8,161.04,92.72,53.68,19.52,48.8
-39.04,9.76,48.8,14.64,-43.92,29.28,19.52,136.64,63.44,29.28,-4.88,24.4
-63.44,-14.64,48.8,39.04,-58.56,14.64,9.76,122,58.56,19.52,-14.64,14.64
-58.56,-19.52,39.04,39.04,-48.8,9.76,19.52,131.76,58.56,19.52,-19.52,4.88
-4.88,19.52,24.4,-4.88,-14.64,19.52,29.28,141.52,63.44,29.28,-4.88,19.52
-4.88,29.28,34.16,-9.76,-19.52,29.28,29.28,151.28,73.2,29.28,0,24.4
-4.88,19.52,24.4,-4.88,-14.64,19.52,24.4,151.28,73.2,24.4,-4.88,19.52
24.4,48.8,24.4,-34.16,0,34.16,39.04,156.16,87.84,43.92,14.64,29.28
14.64,48.8,34.16,-29.28,-9.76,39.04,34.16,141.52,73.2,34.16,0,19.52
0,29.28,29.28,-14.64,-14.64,29.28,29.28,126.88,63.44,29.28,-9.76,19.52
-34.16,0,34.16,19.52,-34.16,14.64,24.4,117.12,48.8,14.64,-19.52,4.88
-19.52,9.76,29.28,4.88,-24.4,19.52,34.16,112.24,53.68,14.64,-19.52,9.76
-4.88,19.52,24.4,-4.88,-14.64,19.52,29.28,112.24,39.04,4.88,-19.52,4.88
9.76,34.16,24.4,-19.52,-9.76,29.28,29.28,117.12,43.92,9.76,-19.52,14.64
-24.4,9.76,34.16,9.76,-29.28,19.52,14.64,107.36,39.04,4.88,-24.4,0
-29.28,9.76,39.04,9.76,-34.16,24.4,14.64,117.12,43.92,0,-24.4,-4.88
-9.76,14.64,24.4,0,-19.52,19.52,14.64,112.24,34.16,-4.88,-29.28,-9.76
-9.76,9.76,19.52,0,-14.64,14.64,4.88,117.12,43.92,4.88,-24.4,-9.76
29.28,48.8,19.52,-39.04,4.88,34.16,14.64,122,53.68,9.76,-9.76,0
73.2,107.36,34.16,-87.84,19.52,68.32,53.68,131.76,63.44,34.16,9.76,29.28
48.8,78.08,29.28,-63.44,9.76,53.68,53.68,117.12,63.44,19.52,-4.88,19.52
-78.08,-58.56,19.52,68.32,-48.8,-19.52,0,68.32,9.76,-29.28,-53.68,-39.04
-87.84,-63.44,24.4,78.08,-58.56,-19.52,-4.88,58.56,0,-34.16,-53.68,-39.04
-14.64,24.4,39.04,-4.88,-29.28,29.28,19.52,87.84,24.4,-4.88,-24.4,-9.76
-9.76,29.28,39.04,-9.76,-24.4,34.16,4.88,87.84,24.4,-9.76,-34.16,-9.76
-34.16,4.88,39.04,14.64,-39.04,19.52,0,87.84,24.4,-9.76,-29.28,-14.64
-24.4,9.76,34.16,9.76,-29.28,19.52,4.88,87.84,19.52,-9.76,-24.4,-19.52
-24.4,19.52,43.92,4.88,-34.16,29.28,-4.88,78.08,14.64,-14.64,-24.4,-14.64
-39.04,4.88,43.92,19.52,-43.92,24.4,-29.28,58.56,4.88,-19.52,-39.04,-24.4
-43.92,9.76,53.68,19.52,-48.8,29.28,-24.4,63.44,4.88,-14.64,-29.28,-19.52
-14.64,34.16,48.8,-9.76,-34.16,39.04,-24.4,58.56,9.76,-19.52,-29.28,-19.52
-19.52,34.16,53.68,-4.88,-39.04,43.92,-34.16,48.8,4.88,-29.28,-39.04,-24.4
-14.64,24.4,39.04,-4.88,-29.28,29.28,-34.16,48.8,0,-29.28,-39.04,-24.4
4.88,39.04,34.16,-19.52,-14.64,34.16,-34.16,48.8,0,-34.16,-43.92,-24.4
0,39.04,39.04,-19.52,-19.52,39.04,-24.4,58.56,14.64,-24.4,-39.04,-19.52
-39.04,29.28,68.32,4.88,-53.68,48.8,-19.52,63.44,14.64,-24.4,-39.04,-24.4
-24.4,53.68,78.08,-14.64,-53.68,63.44,-14.64,73.2,14.64,-24.4,-34.16,-19.52
4.88,78.08,73.2,-39.04,-34.16,73.2,4.88,73.2,24.4,-9.76,-14.64,-4.88
-19.52,39.04,58.56,-9.76,-39.04,48.8,-29.28,43.92,14.64,-24.4,-29.28,-19.52
-29.28,43.92,73.2,-4.88,-53.68,58.56,-29.28,48.8,14.64,-19.52,-29.28,-19.52
-14.64,58.56,73.2,-19.52,-43.92,63.44,-9.76,58.56,19.52,-14.64,-19.52,-9.76
-19.52,48.8,68.32,-14.64,-43.92,58.56,-19.52,48.8,14.64,-29.28,-34.16,-14.64
-43.92,14.64,58.56,14.64,-53.68,34.16,-14.64,39.04,0,-43.92,-48.8,-29.28
-29.28,34.16,63.44,0,-48.8,48.8,-4.88,48.8,4.88,-39.04,-43.92,-24.4
-34.16,24.4,58.56,4.88,-48.8,39.04,-14.64,43.92,14.64,-39.04,-43.92,-24.4
-39.04,24.4,63.44,9.76,-53.68,43.92,-19.52,48.8,24.4,-29.28,-39.04,-24.4
-29.28,29.28,58.56,0,-43.92,43.92,-24.4,53.68,14.64,-39.04,-39.04,-29.28
-19.52,39.04,58.56,-9.76,-39.04,48.8,-24.4,43.92,9.76,-39.04,-39.04,-24.4
-24.4,34.16,58.56,-4.88,-43.92,43.92,-34.16,29.28,9.76,-39.04,-48.8,-34.16
-34.16,29.28,63.44,4.88,-48.8,43.92,-34.16,29.28,4.88,-43.92,-43.92,-34.16
-19.52,43.92,63.44,-9.76,-43.92,53.68,-24.4,29.28,4.88,-39.04,-39.04,-29.28
-14.64,53.68,68.32,-19.52,-43.92,58.56,-19.52,34.16,19.52,-34.16,-34.16,-34.16
-29.28,39.04,68.32,-4.88,-48.8,53.68,-24.4,29.28,9.76,-43.92,-39.04,-39.04
-4.88,73.2,78.08,-34.16,-43.92,73.2,0,39.04,9.76,-39.04,-29.28,-24.4
-29.28,39.04,68.32,-4.88,-48.8,53.68,-24.4,9.76,-4.88,-58.56,-43.92,-53.68
-24.4,39.04,63.44,-4.88,-43.92,48.8,-29.28,9.76,-4.88,-58.56,-43.92,-48.8
-4.88,48.8,53.68,-19.52,-29.28,48.8,-29.28,19.52,0,-53.68,-39.04,-34.16
-24.4,39.04,63.44,-4.88,-43.92,48.8,-39.04,9.76,-4.88,-58.56,-43.92,-43.92
9.76,73.2,63.44,-39.04,-29.28,68.32,-19.52,14.64,0,-48.8,-39.04,-39.04
-4.88,63.44,68.32,-29.28,-39.04,63.44,-14.64,14.64,4.88,-48.8,-34.16,-43.92
0,58.56,58.56,-29.28,-29.28,58.56,-19.52,9.76,0,-53.68,-39.04,-43.92
-19.52,29.28,48.8,-4.88,-34.16,39.04,-24.4,-9.76,-24.4,-73.2,-63.44,-68.32
-43.92,4.88,48.8,19.52,-48.8,24.4,-34.16,-34.16,-39.04,-92.72,-78.08,-82.96
-19.52,39.04,58.56,-9.76,-39.04,48.8,-9.76,-14.64,-24.4,-78.08,-58.56,-58.56
-14.64,48.8,63.44,-14.64,-39.04,53.68,-9.76,-19.52,-19.52,-78.08,-58.56,-63.44
-19.52,53.68,73.2,-14.64,-48.8,63.44,-4.88,-14.64,-14.64,-63.44,-58.56,-63.44
-34.16,29.28,63.44,4.88,-48.8,43.92,-9.76,-14.64,-19.52,-73.2,-63.44,-73.2
-73.2,0,73.2,39.04,-73.2,34.16,-24.4,-24.4,-34.16,-82.96,-68.32,-73.2
-53.68,19.52,73.2,19.52,-63.44,43.92,-24.4,-19.52,-24.4,-78.08,-68.32,-73.2
-4.88,73.2,78.08,-34.16,-43.92,73.2,0,4.88,-9.76,-53.68,-43.92,-53.68
-14.64,58.56,73.2,-19.52,-43.92,63.44,-4.88,-4.88,-19.52,-68.32,-53.68,-58.56
-24.4,43.92,68.32,-9.76,-48.8,53.68,-14.64,-4.88,-24.4,-73.2,-58.56,-58.56
-9.76,58.56,68.32,-24.4,-39.04,63.44,-4.88,0,-14.64,-68.32,-48.8,-53.68
-19.52,53.68,73.2,-14.64,-48.8,63.44,4.88,0,-14.64,-73.2,-53.68,-53.68
-19.52,48.8,68.32,-14.64,-43.92,58.56,0,-4.88,-14.64,-73.2,-53.68,-63.44
-29.28,39.04,68.32,-4.88,-48.8,53.68,-4.88,4.88,-9.76,-68.32,-53.68,-68.32
-43.92,9.76,53.68,19.52,-48.8,29.28,0,14.64,-14.64,-78.08,-68.32,-82.96
-39.04,4.88,43.92,19.52,-43.92,24.4,14.64,34.16,-9.76,-87.84,-82.96,-92.72
-63.44,-24.4,39.04,43.92,-53.68,4.88,29.28,58.56,0,-102.48,-97.6,-117.12
-58.56,-29.28,29.28,43.92,-43.92,0,68.32,112.24,39.04,-102.48,-107.36,-122
-19.52,-14.64,4.88,19.52,-14.64,-4.88,112.24,175.68,87.84,-92.72,-102.48,-122
-19.52,-14.64,4.88,19.52,-14.64,-4.88,136.64,258.64,165.92,-68.32,-102.48,-126.88
14.64,39.04,24.4,-24.4,-4.88,29.28,165.92,366,268.4,-4.88,-53.68,-92.72
-14.64,43.92,58.56,-14.64,-39.04,48.8,195.2,429.44,326.96,29.28,-29.28,-73.2
-14.64,53.68,68.32,-19.52,-43.92,58.56,200.08,439.2,351.36,58.56,-14.64,-63.44
-24.4,58.56,82.96,-14.64,-53.68,68.32,185.44,424.56,370.88,102.48,19.52,-34.16
-4.88,102.48,107.36,-48.8,-58.56,102.48,161.04,409.92,444.08,204.96,122,53.68
131.76,263.52,131.76,-195.2,0,195.2,126.88,370.88,531.92,375.76,287.92,204.96
170.8,336.72,165.92,-253.76,0,248.88,63.44,278.16,600.24,551.44,468.48,356.24
175.68,375.76,200.08,-273.28,-14.64,287.92,-14.64,204.96,692.96,751.52,673.44,527.04
268.4,507.52,239.12,-385.52,14.64,370.88,-87.84,146.4,834.48,1015.04,927.2,732
331.84,590.48,258.64,-458.72,34.16,424.56,-170.8,24.4,893.04,1224.88,1151.68,932.08
424.56,688.08,263.52,-556.32,78.08,473.36,-234.24,-97.6,951.6,1468.88,1420.08,1156.56
492.88,795.44,302.56,-644.16,92.72,546.56,-302.56,-248.88,961.36,1717.76,1678.72,1381.04
546.56,936.96,390.4,-741.76,78.08,663.68,-322.08,-390.4,936.96,1937.36,1922.72,1595.76
468.48,1000.4,531.92,-732,-34.16,766.16,-326.96,-580.72,751.52,2020.32,2059.36,1737.28
370.88,1063.84,692.96,-717.36,-161.04,878.4,-346.48,-741.76,531.92,2015.44,2113.04,1830
346.48,1137.04,790.56,-741.76,-224.48,961.36,-395.28,-883.28,312.32,1952,2113.04,1878.8
312.32,1176.08,863.76,-741.76,-278.16,1019.92,-439.2,-1093.12,-68.32,1703.12,1966.64,1810.48
234.24,1107.76,873.52,-668.56,-322.08,990.64,-463.6,-1293.2,-444.08,1346.88,1703.12,1639.68
204.96,946.72,741.76,-575.84,-268.4,844.24,-453.84,-1434.72,-756.4,844.24,1254.16,1298.08
122,736.88,614.88,-429.44,-248.88,673.44,-429.44,-1537.2,-1093.12,224.48,678.32,844.24
9.76,497.76,488,-253.76,-239.12,492.88,-385.52,-1600.64,-1361.52,-292.8,180.56,434.32
-58.56,380.64,439.2,-161.04,-248.88,409.92,-331.84,-1551.84,-1449.36,-580.72,-117.12,185.44
-136.64,307.44,444.08,-82.96,-292.8,375.76,-283.04,-1459.12,-1405.44,-692.96,-248.88,43.92
-185.44,204.96,390.4,-9.76,-287.92,297.68,-292.8,-1410.32,-1351.76,-761.28,-370.88,-97.6
-200.08,112.24,312.32,43.92,-258.64,209.84,-312.32,-1337.12,-1273.68,-785.68,-439.2,-195.2
-219.6,63.44,283.04,78.08,-253.76,170.8,-326.96,-1210.24,-1146.8,-761.28,-439.2,-219.6
-165.92,92.72,258.64,39.04,-214.72,175.68,-292.8,-1034.56,-976,-658.8,-380.64,-185.44
-107.36,102.48,209.84,4.88,-161.04,156.16,-283.04,-883.28,-824.72,-570.96,-326.96,-161.04
-136.64,39.04,175.68,48.8,-156.16,107.36,-297.68,-785.68,-717.36,-517.28,-312.32,-165.92
-122,24.4,146.4,48.8,-136.64,82.96,-283.04,-683.2,-629.52,-473.36,-297.68,-175.68
-73.2,48.8,122,14.64,-97.6,82.96,-258.64,-566.08,-531.92,-424.56,-268.4,-170.8
-58.56,63.44,122,0,-92.72,92.72,-204.96,-434.32,-414.8,-356.24,-229.36,-146.4
-68.32,48.8,117.12,9.76,-92.72,82.96,-151.28,-322.08,-307.44,-297.68,-195.2,-126.88
-73.2,29.28,102.48,24.4,-87.84,63.44,-131.76,-253.76,-248.88,-253.76,-165.92,-126.88
-48.8,58.56,107.36,-4.88,-78.08,82.96,-102.48,-200.08,-180.56,-224.48,-146.4,-122
-39.04,68.32,107.36,-14.64,-73.2,87.84,-68.32,-136.64,-117.12,-190.32,-126.88,-107.36
-53.68,48.8,102.48,4.88,-78.08,73.2,-39.04,-92.72,-68.32,-156.16,-102.48,-97.6
0,97.6,97.6,-48.8,-48.8,97.6,0,-39.04,-29.28,-107.36,-78.08,-82.96
-58.56,4.88,63.44,29.28,-63.44,34.16,-9.76,-39.04,-34.16,-126.88,-97.6,-97.6
-87.84,-48.8,39.04,68.32,-63.44,-4.88,-14.64,-29.28,-39.04,-136.64,-102.48,-107.36
-34.16,19.52,53.68,9.76,-43.92,34.16,9.76,14.64,0,-102.48,-78.08,-78.08
-14.64,29.28,43.92,-4.88,-29.28,34.16,9.76,19.52,4.88,-102.48,-78.08,-82.96
-53.68,-9.76,43.92,34.16,-48.8,14.64,4.88,24.4,4.88,-122,-97.6,-102.48
-73.2,-43.92,29.28,58.56,-53.68,-9.76,-4.88,19.52,0,-136.64,-117.12,-122
-58.56,-29.28,29.28,43.92,-43.92,0,0,24.4,9.76,-131.76,-112.24,-122
-34.16,-19.52,14.64,29.28,-24.4,-4.88,9.76,34.16,29.28,-117.12,-102.48,-112.24
-39.04,-24.4,14.64,34.16,-29.28,-4.88,4.88,39.04,34.16,-102.48,-87.84,-102.48
-48.8,-43.92,4.88,48.8,-29.28,-19.52,0,39.04,34.16,-102.48,-92.72,-107.36
-29.28,-19.52,9.76,24.4,-19.52,-4.88,19.52,48.8,39.04,-92.72,-78.08,-92.72
4.88,24.4,19.52,-14.64,-9.76,19.52,29.28,68.32,43.92,-82.96,-68.32,-82.96
-9.76,9.76,19.52,0,-14.64,14.64,29.28,78.08,48.8,-82.96,-73.2,-82.96
-14.64,4.88,19.52,4.88,-19.52,9.76,29.28,78.08,48.8,-87.84,-73.2,-92.72
-48.8,-19.52,29.28,34.16,-39.04,4.88,34.16,63.44,48.8,-97.6,-82.96,-97.6
-39.04,-29.28,9.76,34.16,-24.4,-9.76,29.28,63.44,53.68,-97.6,-92.72,-107.36
-4.88,-4.88,0,4.88,-4.88,-4.88,43.92,87.84,68.32,-82.96,-87.84,-102.48
4.88,-4.88,-9.76,0,4.88,-9.76,43.92,78.08,63.44,-87.84,-87.84,-102.48
-39.04,-48.8,-9.76,43.92,-14.64,-29.28,24.4,53.68,48.8,-92.72,-92.72,-112.24
-92.72,-97.6,-4.88,97.6,-43.92,-53.68,4.88,43.92,39.04,-102.48,-97.6,-126.88
-78.08,-78.08,0,78.08,-39.04,-39.04,29.28,48.8,48.8,-92.72,-78.08,-102.48
-39.04,-29.28,9.76,34.16,-24.4,-9.76,48.8,63.44,53.68,-78.08,-68.32,-87.84
-63.44,-53.68,9.76,58.56,-39.04,-24.4,34.16,58.56,43.92,-82.96,-73.2,-97.6
-34.16,-24.4,9.76,29.28,-24.4,-9.76,63.44,68.32,53.68,-73.2,-68.32,-92.72
-48.8,-48.8,0,48.8,-24.4,-24.4,39.04,73.2,48.8,-92.72,-82.96,-102.48
-43.92,-68.32,-24.4,58.56,-9.76,-48.8,24.4,63.44,34.16,-102.48,-97.6,-117.12
-68.32,-82.96,-14.64,78.08,-29.28,-48.8,29.28,58.56,34.16,-107.36,-102.48,-122
-34.16,-58.56,-24.4,48.8,-4.88,-43.92,53.68,53.68,43.92,-102.48,-92.72,-112.24
-34.16,-43.92,-9.76,39.04,-14.64,-29.28,58.56,68.32,58.56,-87.84,-78.08,-107.36
-14.64,-24.4,-9.76,19.52,-4.88,-19.52,68.32,73.2,63.44,-73.2,-68.32,-92.72
-24.4,-43.92,-19.52,34.16,-4.88,-34.16,63.44,58.56,53.68,-82.96,-73.2,-87.84
-43.92,-48.8,-4.88,48.8,-19.52,-29.28,58.56,48.8,39.04,-97.6,-92.72,-97.6
-58.56,-58.56,0,58.56,-29.28,-29.28,73.2,53.68,29.28,-107.36,-97.6,-107.36
-34.16,-43.92,-9.76,39.04,-14.64,-29.28,68.32,63.44,34.16,-107.36,-107.36,-107.36
-43.92,-43.92,0,43.92,-24.4,-24.4,73.2,68.32,48.8,-102.48,-97.6,-102.48
-48.8,-48.8,0,48.8,-24.4,-24.4,73.2,73.2,53.68,-97.6,-102.48,-112.24
-68.32,-68.32,0,68.32,-34.16,-34.16,78.08,73.2,48.8,-112.24,-107.36,-122
-58.56,-58.56,0,58.56,-29.28,-29.28,92.72,73.2,53.68,-107.36,-112.24,-117.12
-29.28,-39.04,-9.76,34.16,-9.76,-24.4,102.48,53.68,43.92,-107.36,-107.36,-117.12
-73.2,-78.08,-4.88,78.08,-34.16,-43.92,82.96,39.04,29.28,-112.24,-117.12,-126.88
-78.08,-73.2,4.88,78.08,-43.92,-34.16,78.08,63.44,29.28,-112.24,-112.24,-117.12
-78.08,-68.32,9.76,73.2,-43.92,-29.28,82.96,48.8,19.52,-107.36,-107.36,-122
-73.2,-53.68,19.52,63.44,-48.8,-19.52,82.96,34.16,19.52,-107.36,-102.48,-122
-73.2,-68.32,4.88,73.2,-39.04,-34.16,73.2,34.16,19.52,-117.12,-122,-126.88
-63.44,-58.56,4.88,63.44,-34.16,-29.28,73.2,53.68,29.28,-117.12,-117.12,-117.12
-68.32,-63.44,4.88,68.32,-39.04,-29.28,58.56,48.8,29.28,-122,-126.88,-131.76
-78.08,-78.08,0,78.08,-39.04,-39.04,63.44,53.68,29.28,-131.76,-126.88,-131.76
-43.92,-39.04,4.88,43.92,-24.4,-19.52,78.08,68.32,48.8,-112.24,-112.24,-117.12
-48.8,-58.56,-9.76,53.68,-19.52,-34.16,73.2,53.68,43.92,-117.12,-122,-122
-68.32,-68.32,0,68.32,-34.16,-34.16,78.08,48.8,43.92,-112.24,-117.12,-122
-53.68,-53.68,0,53.68,-29.28,-29.28,78.08,58.56,43.92,-107.36,-107.36,-117.12
-34.16,-39.04,-4.88,39.04,-14.64,-24.4,68.32,63.44,43.92,-107.36,-107.36,-122
0,-9.76,-9.76,4.88,4.88,-9.76,78.08,73.2,48.8,-97.6,-97.6,-112.24
-4.88,-14.64,-9.76,9.76,0,-14.64,82.96,82.96,53.68,-92.72,-107.36,-112.24
-43.92,-58.56,-14.64,53.68,-14.64,-39.04,58.56,73.2,43.92,-126.88,-131.76,-131.76
-29.28,-58.56,-29.28,43.92,0,-43.92,53.68,82.96,53.68,-117.12,-131.76,-136.64
-34.16,-68.32,-34.16,53.68,0,-53.68,43.92,63.44,43.92,-126.88,-141.52,-146.4
-34.16,-63.44,-29.28,48.8,-4.88,-48.8,24.4,58.56,39.04,-136.64,-151.28,-156.16
-53.68,-78.08,-24.4,68.32,-14.64,-53.68,19.52,58.56,34.16,-136.64,-146.4,-156.16
-34.16,-73.2,-39.04,53.68,0,-58.56,43.92,58.56,43.92,-117.12,-136.64,-151.28
-39.04,-63.44,-24.4,53.68,-9.76,-43.92,53.68,68.32,48.8,-117.12,-126.88,-136.64
-73.2,-87.84,-14.64,82.96,-29.28,-53.68,34.16,63.44,34.16,-126.88,-136.64,-146.4
-97.6,-102.48,-4.88,102.48,-48.8,-53.68,39.04,53.68,24.4,-131.76,-141.52,-146.4
-48.8,-82.96,-34.16,68.32,-9.76,-58.56,34.16,58.56,34.16,-136.64,-151.28,-151.28
-9.76,-43.92,-34.16,29.28,9.76,-39.04,34.16,87.84,58.56,-126.88,-131.76,-146.4
-4.88,-34.16,-29.28,19.52,9.76,-34.16,39.04,102.48,68.32,-117.12,-126.88,-146.4
-19.52,-34.16,-14.64,29.28,-4.88,-24.4,39.04,107.36,68.32,-117.12,-126.88,-146.4
-58.56,-87.84,-29.28,73.2,-14.64,-58.56,39.04,92.72,58.56,-122,-136.64,-156.16
-39.04,-97.6,-58.56,68.32,9.76,-78.08,39.04,68.32,48.8,-131.76,-141.52,-170.8
4.88,-53.68,-58.56,24.4,29.28,-58.56,43.92,73.2,53.68,-117.12,-131.76,-156.16
0,-53.68,-53.68,29.28,24.4,-53.68,14.64,63.44,43.92,-131.76,-131.76,-151.28
-43.92,-107.36,-63.44,78.08,9.76,-87.84,-4.88,63.44,24.4,-146.4,-156.16,-165.92
-48.8,-97.6,-48.8,73.2,0,-73.2,14.64,82.96,34.16,-146.4,-156.16,-170.8
-58.56,-122,-63.44,92.72,0,-92.72,19.52,97.6,48.8,-146.4,-161.04,-165.92
-48.8,-112.24,-63.44,82.96,4.88,-87.84,24.4,107.36,58.56,-146.4,-151.28,-151.28
-39.04,-82.96,-43.92,63.44,0,-63.44,24.4,107.36,53.68,-141.52,-156.16,-170.8
-9.76,-53.68,-43.92,34.16,14.64,-48.8,48.8,126.88,87.84,-117.12,-131.76,-151.28
-34.16,-97.6,-63.44,68.32,14.64,-82.96,14.64,122,82.96,-131.76,-151.28,-161.04
-14.64,-78.08,-63.44,48.8,24.4,-73.2,19.52,112.24,87.84,-131.76,-141.52,-156.16
-4.88,-58.56,-53.68,34.16,24.4,-58.56,34.16,122,87.84,-126.88,-141.52,-151.28
0,-58.56,-58.56,29.28,29.28,-58.56,39.04,117.12,78.08,-136.64,-146.4,-146.4
-4.88,-63.44,-58.56,34.16,24.4,-63.44,43.92,112.24,68.32,-136.64,-151.28,-151.28
14.64,-39.04,-53.68,14.64,34.16,-48.8,48.8,117.12,68.32,-141.52,-151.28,-151.28
-24.4,-82.96,-58.56,53.68,14.64,-73.2,39.04,117.12,63.44,-156.16,-165.92,-161.04
-34.16,-97.6,-63.44,68.32,14.64,-82.96,34.16,126.88,53.68,-165.92,-175.68,-170.8
-9.76,-68.32,-58.56,39.04,24.4,-63.44,48.8,141.52,78.08,-146.4,-161.04,-156.16
34.16,-34.16,-68.32,0,48.8,-53.68,53.68,151.28,92.72,-146.4,-156.16,-165.92
-4.88,-73.2,-68.32,39.04,29.28,-73.2,63.44,136.64,82.96,-161.04,-165.92,-165.92
-39.04,-102.48,-63.44,73.2,9.76,-82.96,53.68,117.12,63.44,-185.44,-195.2,-180.56
-19.52,-82.96,-63.44,53.68,19.52,-73.2,48.8,112.24,43.92,-190.32,-195.2,-180.56
-9.76,-63.44,-53.68,39.04,19.52,-58.56,58.56,117.12,43.92,-195.2,-185.44,-170.8
-19.52,-73.2,-53.68,48.8,14.64,-63.44,53.68,126.88,34.16,-200.08,-190.32,-175.68
9.76,-68.32,-78.08,29.28,43.92,-73.2,43.92,141.52,34.16,-195.2,-190.32,-170.8
19.52,-68.32,-87.84,24.4,53.68,-78.08,43.92,136.64,39.04,-209.84,-204.96,-180.56
-24.4,-107.36,-82.96,68.32,29.28,-97.6,43.92,97.6,4.88,-239.12,-234.24,-200.08
0,-68.32,-68.32,34.16,34.16,-68.32,68.32,107.36,14.64,-229.36,-224.48,-195.2
4.88,-73.2,-78.08,34.16,39.04,-78.08,63.44,97.6,14.64,-239.12,-224.48,-195.2
24.4,-73.2,-97.6,24.4,58.56,-87.84,58.56,92.72,9.76,-248.88,-224.48,-200.08
39.04,-73.2,-112.24,19.52,73.2,-92.72,53.68,87.84,-4.88,-248.88,-229.36,-200.08
24.4,-82.96,-107.36,29.28,63.44,-97.6,43.92,82.96,-29.28,-253.76,-239.12,-209.84
29.28,-78.08,-107.36,24.4,68.32,-92.72,43.92,68.32,-39.04,-263.52,-248.88,-209.84
0,-97.6,-97.6,48.8,48.8,-97.6,39.04,63.44,-53.68,-283.04,-253.76,-209.84
-19.52,-87.84,-68.32,53.68,24.4,-78.08,39.04,53.68,-68.32,-287.92,-263.52,-209.84
-39.04,-97.6,-58.56,68.32,9.76,-78.08,43.92,53.68,-73.2,-297.68,-268.4,-219.6
-19.52,-87.84,-68.32,53.68,24.4,-78.08,39.04,48.8,-82.96,-307.44,-278.16,-219.6
-19.52,-87.84,-68.32,53.68,24.4,-78.08,29.28,34.16,-107.36,-331.84,-297.68,-234.24
-14.64,-92.72,-78.08,53.68,29.28,-87.84,39.04,24.4,-112.24,-341.6,-307.44,-248.88
0,-73.2,-73.2,39.04,34.16,-73.2,43.92,24.4,-107.36,-326.96,-278.16,-224.48
0,-73.2,-73.2,39.04,34.16,-73.2,43.92,4.88,-107.36,-322.08,-278.16,-224.48
-34.16,-112.24,-78.08,73.2,19.52,-97.6,19.52,-19.52,-146.4,-341.6,-292.8,-239.12
-9.76,-78.08,-68.32,43.92,29.28,-73.2,43.92,-9.76,-151.28,-346.48,-287.92,-229.36
-9.76,-73.2,-63.44,43.92,24.4,-68.32,43.92,-19.52,-180.56,-366,-292.8,-224.48
-19.52,-97.6,-78.08,58.56,29.28,-87.84,29.28,-39.04,-195.2,-380.64,-302.56,-234.24
-14.64,-78.08,-63.44,48.8,24.4,-73.2,34.16,-34.16,-195.2,-380.64,-307.44,-229.36
-24.4,-87.84,-63.44,58.56,19.52,-78.08,34.16,-43.92,-200.08,-395.28,-317.2,-239.12
29.28,-39.04,-68.32,4.88,48.8,-53.68,43.92,-24.4,-185.44,-375.76,-302.56,-229.36
-34.16,-102.48,-68.32,68.32,14.64,-87.84,24.4,-48.8,-204.96,-395.28,-317.2,-248.88
-39.04,-102.48,-63.44,73.2,9.76,-82.96,9.76,-78.08,-209.84,-390.4,-317.2,-244
-4.88,-73.2,-68.32,39.04,29.28,-73.2,9.76,-63.44,-195.2,-370.88,-297.68,-224.48
-24.4,-78.08,-53.68,53.68,14.64,-68.32,14.64,-63.44,-200.08,-356.24,-278.16,-209.84
-19.52,-63.44,-43.92,43.92,9.76,-53.68,14.64,-78.08,-204.96,-361.12,-273.28,-204.96
14.64,-24.4,-39.04,4.88,24.4,-34.16,34.16,-87.84,-204.96,-346.48,-263.52,-190.32
39.04,4.88,-34.16,-19.52,34.16,-14.64,34.16,-82.96,-190.32,-331.84,-239.12,-175.68
24.4,-9.76,-34.16,-4.88,29.28,-24.4,19.52,-82.96,-185.44,-331.84,-244,-180.56
0,-43.92,-43.92,24.4,19.52,-43.92,9.76,-87.84,-175.68,-331.84,-244,-175.68
24.4,-14.64,-39.04,-4.88,29.28,-29.28,4.88,-68.32,-165.92,-307.44,-234.24,-161.04
29.28,-9.76,-39.04,-9.76,34.16,-24.4,4.88,-78.08,-161.04,-297.68,-214.72,-156.16
-14.64,-39.04,-24.4,29.28,4.88,-34.16,4.88,-87.84,-161.04,-287.92,-209.84,-156.16
-48.8,-58.56,-9.76,53.68,-19.52,-34.16,-9.76,-102.48,-165.92,-283.04,-209.84,-151.28
-14.64,-29.28,-14.64,24.4,0,-24.4,-4.88,-87.84,-141.52,-248.88,-180.56,-131.76
-19.52,-19.52,0,19.52,-9.76,-9.76,-14.64,-78.08,-136.64,-244,-170.8,-122
0,-14.64,-14.64,9.76,4.88,-14.64,-19.52,-87.84,-141.52,-244,-170.8,-126.88
34.16,24.4,-9.76,-29.28,19.52,4.88,-9.76,-68.32,-126.88,-224.48,-156.16,-107.36
9.76,19.52,9.76,-14.64,0,14.64,-4.88,-73.2,-117.12,-209.84,-141.52,-92.72
-4.88,9.76,14.64,0,-9.76,9.76,4.88,-73.2,-102.48,-204.96,-141.52,-87.84
-29.28,-19.52,9.76,24.4,-19.52,-4.88,-14.64,-68.32,-102.48,-204.96,-151.28,-102.48
-43.92,-39.04,4.88,43.92,-24.4,-19.52,-29.28,-87.84,-107.36,-209.84,-151.28,-112.24
14.64,19.52,4.88,-14.64,4.88,9.76,-4.88,-58.56,-68.32,-175.68,-122,-82.96
29.28,43.92,14.64,-34.16,4.88,29.28,0,-39.04,-48.8,-156.16,-97.6,-68.32
0,9.76,9.76,-4.88,-4.88,9.76,-14.64,-48.8,-63.44,-156.16,-107.36,-78.08
-4.88,19.52,24.4,-4.88,-14.64,19.52,-9.76,-63.44,-78.08,-161.04,-102.48,-73.2
4.88,24.4,19.52,-14.64,-9.76,19.52,-9.76,-58.56,-73.2,-141.52,-97.6,-68.32
0,9.76,9.76,-4.88,-4.88,9.76,-9.76,-68.32,-73.2,-141.52,-92.72,-58.56
24.4,29.28,4.88,-24.4,9.76,14.64,-4.88,-48.8,-58.56,-122,-78.08,-43.92
4.88,4.88,0,-4.88,0,0,-9.76,-53.68,-58.56,-126.88,-82.96,-53.68
19.52,14.64,-4.88,-14.64,9.76,4.88,0,-53.68,-58.56,-126.88,-82.96,-48.8
39.04,24.4,-14.64,-29.28,24.4,4.88,4.88,-48.8,-43.92,-122,-78.08,-43.92
53.68,48.8,-4.88,-48.8,29.28,19.52,24.4,-53.68,-39.04,-122,-78.08,-48.8
4.88,19.52,14.64,-9.76,-4.88,14.64,14.64,-48.8,-34.16,-117.12,-73.2,-39.04
-19.52,-9.76,9.76,14.64,-14.64,0,4.88,-53.68,-53.68,-112.24,-82.96,-53.68
-14.64,-4.88,9.76,9.76,-14.64,0,19.52,-63.44,-63.44,-117.12,-73.2,-48.8
-9.76,19.52,29.28,-4.88,-19.52,24.4,29.28,-43.92,-63.44,-112.24,-73.2,-43.92
-34.16,-4.88,29.28,19.52,-34.16,9.76,9.76,-48.8,-73.2,-126.88,-87.84,-53.68
-29.28,-9.76,19.52,19.52,-24.4,4.88,9.76,-39.04,-63.44,-117.12,-82.96,-58.56
-14.64,0,14.64,9.76,-14.64,4.88,9.76,-24.4,-34.16,-102.48,-68.32,-43.92
14.64,24.4,9.76,-19.52,0,14.64,39.04,-9.76,-24.4,-87.84,-58.56,-39.04
14.64,34.16,19.52,-24.4,-4.88,24.4,43.92,-4.88,-29.28,-97.6,-58.56,-39.04
-14.64,0,14.64,9.76,-14.64,4.88,29.28,-19.52,-48.8,-107.36,-73.2,-53.68
4.88,24.4,19.52,-14.64,-9.76,19.52,29.28,-9.76,-39.04,-97.6,-63.44,-48.8
-4.88,9.76,14.64,0,-9.76,9.76,19.52,-19.52,-43.92,-92.72,-63.44,-58.56
-48.8,-19.52,29.28,34.16,-39.04,4.88,0,-34.16,-68.32,-112.24,-78.08,-63.44
0,29.28,29.28,-14.64,-14.64,29.28,29.28,-4.88,-39.04,-92.72,-58.56,-43.92
-14.64,9.76,24.4,4.88,-19.52,14.64,34.16,-4.88,-39.04,-92.72,-58.56,-48.8
-48.8,-34.16,14.64,43.92,-34.16,-9.76,9.76,-14.64,-48.8,-102.48,-78.08,-63.44
14.64,9.76,-4.88,-9.76,9.76,0,24.4,9.76,-29.28,-92.72,-63.44,-48.8
4.88,9.76,4.88,-4.88,0,4.88,39.04,9.76,-24.4,-92.72,-68.32,-63.44
-4.88,-4.88,0,4.88,-4.88,-4.88,34.16,-4.88,-34.16,-97.6,-73.2,-68.32
-14.64,0,14.64,9.76,-14.64,4.88,43.92,4.88,-24.4,-82.96,-58.56,-53.68
-24.4,-9.76,14.64,19.52,-19.52,0,34.16,14.64,-14.64,-78.08,-58.56,-48.8
19.52,39.04,19.52,-29.28,0,29.28,58.56,34.16,4.88,-53.68,-39.04,-39.04
29.28,43.92,14.64,-34.16,4.88,29.28,58.56,34.16,4.88,-58.56,-34.16,-29.28
19.52,43.92,24.4,-29.28,-4.88,34.16,53.68,29.28,-4.88,-68.32,-39.04,-34.16
-4.88,14.64,19.52,-4.88,-14.64,14.64,48.8,34.16,-9.76,-78.08,-48.8,-39.04
-9.76,4.88,14.64,4.88,-14.64,9.76,43.92,43.92,-4.88,-63.44,-39.04,-39.04
4.88,14.64,9.76,-9.76,-4.88,9.76,53.68,39.04,4.88,-63.44,-43.92,-34.16
0,9.76,9.76,-4.88,-4.88,9.76,63.44,48.8,9.76,-58.56,-43.92,-39.04
-19.52,-19.52,0,19.52,-9.76,-9.76,48.8,43.92,4.88,-68.32,-43.92,-43.92
29.28,34.16,4.88,-29.28,9.76,19.52,82.96,63.44,34.16,-39.04,-14.64,-19.52
19.52,24.4,4.88,-19.52,4.88,14.64,73.2,58.56,43.92,-34.16,-14.64,-19.52
-34.16,-34.16,0,34.16,-19.52,-19.52,48.8,53.68,19.52,-53.68,-39.04,-43.92
19.52,19.52,0,-19.52,9.76,9.76,58.56,73.2,34.16,-39.04,-14.64,-19.52
14.64,14.64,0,-14.64,4.88,4.88,58.56,68.32,29.28,-34.16,-19.52,-24.4
0,0,0,0,0,0,63.44,63.44,29.28,-39.04,-24.4,-29.28
9.76,9.76,0,-9.76,4.88,4.88,68.32,82.96,43.92,-24.4,-19.52,-24.4
9.76,19.52,9.76,-14.64,0,14.64,68.32,82.96,53.68,-24.4,-14.64,-14.64
-14.64,-4.88,9.76,9.76,-14.64,0,68.32,92.72,63.44,-24.4,-19.52,-19.52
-29.28,-29.28,0,29.28,-14.64,-14.64,58.56,92.72,68.32,-19.52,-19.52,-24.4
-19.52,-24.4,-4.88,24.4,-9.76,-14.64,48.8,87.84,73.2,-19.52,-19.52,-24.4
0,-14.64,-14.64,9.76,4.88,-14.64,43.92,92.72,73.2,-14.64,-19.52,-29.28
34.16,19.52,-14.64,-24.4,24.4,0,68.32,117.12,82.96,14.64,0,-14.64
24.4,24.4,0,-24.4,9.76,9.76,78.08,107.36,78.08,9.76,9.76,-9.76
4.88,19.52,14.64,-9.76,-4.88,14.64,73.2,92.72,78.08,4.88,9.76,-9.76
14.64,9.76,-4.88,-9.76,9.76,0,63.44,97.6,87.84,4.88,4.88,-4.88
24.4,29.28,4.88,-24.4,9.76,14.64,78.08,122,107.36,24.4,24.4,4.88
24.4,29.28,4.88,-24.4,9.76,14.64,87.84,126.88,112.24,24.4,19.52,9.76
63.44,63.44,0,-63.44,29.28,29.28,97.6,131.76,126.88,34.16,24.4,14.64
43.92,48.8,4.88,-43.92,19.52,24.4,92.72,131.76,126.88,34.16,29.28,9.76
29.28,19.52,-9.76,-24.4,19.52,4.88,78.08,122,117.12,34.16,24.4,0
39.04,43.92,4.88,-39.04,14.64,24.4,87.84,126.88,131.76,43.92,39.04,9.76
19.52,39.04,19.52,-29.28,0,29.28,87.84,136.64,131.76,48.8,34.16,9.76
-14.64,4.88,19.52,4.88,-19.52,9.76,68.32,107.36,107.36,29.28,24.4,4.88
-14.64,4.88,19.52,4.88,-19.52,9.76,53.68,102.48,102.48,24.4,24.4,4.88
-19.52,0,19.52,9.76,-19.52,9.76,43.92,97.6,107.36,29.28,19.52,4.88
34.16,53.68,19.52,-43.92,4.88,34.16,48.8,117.12,122,39.04,34.16,24.4
24.4,34.16,9.76,-29.28,4.88,19.52,29.28,117.12,107.36,29.28,29.28,14.64
0,4.88,4.88,0,-4.88,4.88,14.64,102.48,97.6,19.52,9.76,-9.76
14.64,34.16,19.52,-24.4,-4.88,24.4,24.4,112.24,117.12,29.28,19.52,0
24.4,34.16,9.76,-29.28,4.88,19.52,29.28,112.24,117.12,34.16,24.4,4.88
4.88,14.64,9.76,-9.76,-4.88,9.76,14.64,97.6,112.24,29.28,14.64,-4.88
43.92,58.56,14.64,-48.8,14.64,34.16,34.16,117.12,136.64,58.56,43.92,19.52
48.8,48.8,0,-48.8,24.4,24.4,24.4,112.24,117.12,43.92,39.04,19.52
39.04,29.28,-9.76,-34.16,24.4,9.76,4.88,112.24,102.48,29.28,29.28,4.88
58.56,63.44,4.88,-58.56,24.4,34.16,24.4,122,112.24,34.16,39.04,14.64
39.04,48.8,9.76,-43.92,14.64,29.28,29.28,112.24,112.24,39.04,39.04,24.4
39.04,39.04,0,-39.04,19.52,19.52,19.52,112.24,126.88,39.04,34.16,19.52
48.8,34.16,-14.64,-39.04,29.28,9.76,24.4,107.36,122,39.04,29.28,9.76
34.16,14.64,-19.52,-24.4,24.4,-4.88,19.52,82.96,107.36,19.52,14.64,-4.88
39.04,29.28,-9.76,-34.16,24.4,9.76,29.28,102.48,122,39.04,29.28,9.76
43.92,39.04,-4.88,-39.04,24.4,14.64,34.16,102.48,117.12,39.04,34.16,14.64
19.52,9.76,-9.76,-14.64,14.64,0,24.4,92.72,87.84,24.4,24.4,0
24.4,19.52,-4.88,-19.52,14.64,4.88,29.28,92.72,92.72,29.28,29.28,9.76
9.76,0,-9.76,-4.88,9.76,-4.88,24.4,78.08,78.08,14.64,19.52,0
14.64,4.88,-9.76,-9.76,9.76,-4.88,24.4,68.32,73.2,14.64,9.76,0
19.52,19.52,0,-19.52,9.76,9.76,29.28,87.84,82.96,24.4,19.52,4.88
43.92,39.04,-4.88,-39.04,24.4,14.64,39.04,97.6,82.96,19.52,19.52,14.64
29.28,24.4,-4.88,-24.4,14.64,9.76,29.28,87.84,87.84,19.52,14.64,4.88
19.52,4.88,-14.64,-9.76,14.64,-4.88,29.28,82.96,82.96,9.76,9.76,-4.88
34.16,0,-34.16,-14.64,34.16,-19.52,19.52,78.08,78.08,4.88,4.88,-14.64
39.04,4.88,-34.16,-19.52,34.16,-14.64,14.64,78.08,73.2,4.88,4.88,-4.88
-14.64,-34.16,-19.52,24.4,0,-29.28,14.64,73.2,68.32,0,0,-9.76
39.04,29.28,-9.76,-34.16,24.4,9.76,29.28,73.2,73.2,14.64,24.4,4.88
48.8,29.28,-19.52,-39.04,34.16,4.88,39.04,73.2,73.2,9.76,24.4,4.88
34.16,14.64,-19.52,-24.4,24.4,-4.88,34.16,78.08,63.44,4.88,24.4,4.88
14.64,-4.88,-19.52,-4.88,14.64,-14.64,19.52,63.44,48.8,-4.88,9.76,-9.76
39.04,14.64,-24.4,-24.4,29.28,-4.88,19.52,63.44,53.68,-9.76,9.76,-4.88
48.8,19.52,-29.28,-34.16,39.04,-4.88,24.4,58.56,63.44,-4.88,9.76,-4.88
39.04,0,-39.04,-19.52,39.04,-19.52,19.52,53.68,58.56,-4.88,0,-14.64
34.16,0,-34.16,-14.64,34.16,-19.52,19.52,43.92,53.68,-9.76,-4.88,-24.4
19.52,-29.28,-48.8,4.88,34.16,-39.04,9.76,39.04,39.04,-19.52,-14.64,-29.28
19.52,-29.28,-48.8,4.88,34.16,-39.04,14.64,39.04,39.04,-14.64,-9.76,-29.28
29.28,-9.76,-39.04,-9.76,34.16,-24.4,14.64,39.04,34.16,-19.52,-4.88,-29.28
29.28,-9.76,-39.04,-9.76,34.16,-24.4,24.4,39.04,34.16,-19.52,-4.88,-24.4
-24.4,-68.32,-43.92,48.8,9.76,-58.56,9.76,14.64,14.64,-39.04,-29.28,-43.92
-4.88,-58.56,-53.68,34.16,24.4,-58.56,4.88,34.16,19.52,-34.16,-29.28,-43.92
9.76,-29.28,-39.04,9.76,24.4,-34.16,9.76,39.04,29.28,-29.28,-24.4,-34.16
19.52,-39.04,-58.56,9.76,39.04,-48.8,4.88,34.16,29.28,-29.28,-29.28,-39.04
24.4,-48.8,-73.2,14.64,48.8,-63.44,-4.88,24.4,24.4,-39.04,-34.16,-48.8
9.76,-68.32,-78.08,29.28,43.92,-73.2,-9.76,9.76,19.52,-43.92,-43.92,-63.44
14.64,-53.68,-68.32,19.52,39.04,-63.44,0,19.52,19.52,-39.04,-34.16,-53.68
43.92,-19.52,-63.44,-9.76,53.68,-43.92,9.76,34.16,29.28,-29.28,-19.52,-43.92
29.28,-14.64,-43.92,-4.88,34.16,-29.28,14.64,29.28,24.4,-39.04,-14.64,-43.92
29.28,-9.76,-39.04,-9.76,34.16,-24.4,9.76,29.28,9.76,-39.04,-19.52,-43.92
73.2,24.4,-48.8,-48.8,58.56,-14.64,24.4,39.04,19.52,-24.4,-9.76,-34.16
58.56,24.4,-34.16,-39.04,43.92,-4.88,24.4,39.04,19.52,-29.28,-14.64,-34.16
9.76,-9.76,-19.52,0,14.64,-14.64,9.76,34.16,9.76,-39.04,-19.52,-43.92
-19.52,-39.04,-19.52,29.28,0,-29.28,0,24.4,4.88,-43.92,-34.16,-53.68
4.88,-39.04,-43.92,19.52,24.4,-43.92,9.76,24.4,14.64,-39.04,-29.28,-48.8
34.16,-4.88,-39.04,-14.64,34.16,-24.4,14.64,29.28,14.64,-34.16,-19.52,-43.92
39.04,0,-39.04,-19.52,39.04,-19.52,14.64,24.4,14.64,-39.04,-19.52,-39.04
14.64,-34.16,-48.8,9.76,29.28,-43.92,9.76,14.64,0,-43.92,-29.28,-48.8
19.52,-39.04,-58.56,9.76,39.04,-48.8,9.76,19.52,-4.88,-39.04,-29.28,-48.8
29.28,-24.4,-53.68,0,39.04,-39.04,4.88,19.52,-9.76,-43.92,-24.4,-43.92
24.4,-39.04,-63.44,9.76,43.92,-53.68,0,14.64,-14.64,-48.8,-34.16,-48.8
0,-63.44,-63.44,34.16,29.28,-63.44,-4.88,14.64,-14.64,-58.56,-43.92,-58.56
48.8,-4.88,-53.68,-19.52,48.8,-29.28,14.64,29.28,4.88,-48.8,-29.28,-43.92
29.28,-14.64,-43.92,-4.88,34.16,-29.28,14.64,29.28,9.76,-39.04,-24.4,-39.04
9.76,-24.4,-34.16,9.76,19.52,-29.28,19.52,39.04,19.52,-29.28,-19.52,-34.16
29.28,9.76,-19.52,-19.52,24.4,-4.88,24.4,43.92,29.28,-9.76,-4.88,-29.28
0,-43.92,-43.92,24.4,19.52,-43.92,-9.76,14.64,-4.88,-34.16,-24.4,-53.68
-14.64,-68.32,-53.68,43.92,19.52,-63.44,-9.76,4.88,-14.64,-43.92,-34.16,-58.56
0,-48.8,-48.8,24.4,24.4,-48.8,0,9.76,-14.64,-43.92,-24.4,-53.68
58.56,0,-58.56,-29.28,58.56,-29.28,19.52,29.28,0,-34.16,-14.64,-34.16
14.64,-34.16,-48.8,9.76,29.28,-43.92,19.52,24.4,-14.64,-48.8,-29.28,-48.8
0,-43.92,-43.92,24.4,19.52,-43.92,14.64,29.28,0,-39.04,-24.4,-48.8
19.52,-24.4,-43.92,4.88,29.28,-34.16,24.4,29.28,0,-34.16,-14.64,-43.92
19.52,-29.28,-48.8,4.88,34.16,-39.04,19.52,19.52,-9.76,-34.16,-29.28,-63.44
9.76,-34.16,-43.92,14.64,24.4,-39.04,19.52,19.52,0,-34.16,-24.4,-58.56
19.52,-19.52,-39.04,0,29.28,-29.28,14.64,14.64,0,-29.28,-24.4,-53.68
34.16,14.64,-19.52,-24.4,24.4,-4.88,29.28,29.28,9.76,-19.52,-19.52,-39.04
-9.76,-34.16,-24.4,24.4,4.88,-29.28,9.76,14.64,-9.76,-29.28,-29.28,-53.68
-9.76,-34.16,-24.4,24.4,4.88,-29.28,14.64,14.64,-9.76,-34.16,-14.64,-53.68
-19.52,-43.92,-24.4,34.16,0,-34.16,4.88,4.88,-19.52,-43.92,-19.52,-53.68
-43.92,-68.32,-24.4,58.56,-9.76,-48.8,4.88,4.88,-24.4,-48.8,-24.4,-58.56
-9.76,-29.28,-19.52,19.52,4.88,-24.4,9.76,24.4,0,-29.28,-14.64,-43.92
24.4,-14.64,-39.04,-4.88,29.28,-29.28,0,19.52,-4.88,-34.16,-19.52,-53.68
19.52,-24.4,-43.92,4.88,29.28,-34.16,-4.88,19.52,0,-34.16,-24.4,-58.56
39.04,0,-39.04,-19.52,39.04,-19.52,4.88,34.16,19.52,-19.52,-14.64,-43.92
34.16,4.88,-29.28,-19.52,29.28,-14.64,0,24.4,14.64,-19.52,-9.76,-43.92
39.04,4.88,-34.16,-19.52,34.16,-14.64,0,29.28,14.64,-9.76,-4.88,-39.04
53.68,24.4,-29.28,-39.04,39.04,-4.88,-9.76,39.04,29.28,4.88,19.52,-24.4
24.4,-4.88,-29.28,-9.76,24.4,-19.52,-24.4,29.28,19.52,0,14.64,-24.4
14.64,-19.52,-34.16,4.88,24.4,-29.28,-29.28,19.52,0,-24.4,-4.88,-39.04
82.96,34.16,-48.8,-58.56,63.44,-9.76,0,43.92,14.64,-14.64,9.76,-19.52
151.28,82.96,-68.32,-117.12,107.36,4.88,19.52,63.44,34.16,-4.88,24.4,-4.88
68.32,-9.76,-78.08,-29.28,73.2,-43.92,-14.64,34.16,9.76,-43.92,-14.64,-43.92
-19.52,-112.24,-92.72,68.32,34.16,-102.48,-43.92,4.88,-19.52,-68.32,-43.92,-78.08
4.88,-87.84,-92.72,43.92,48.8,-92.72,-34.16,24.4,-4.88,-39.04,-29.28,-63.44
14.64,-63.44,-78.08,24.4,43.92,-73.2,-24.4,29.28,9.76,-19.52,-19.52,-48.8
-9.76,-78.08,-68.32,43.92,29.28,-73.2,-19.52,24.4,14.64,-14.64,-14.64,-53.68
0,-63.44,-63.44,34.16,29.28,-63.44,-14.64,34.16,19.52,-9.76,-9.76,-48.8
29.28,-48.8,-78.08,9.76,53.68,-63.44,-9.76,39.04,19.52,-14.64,-9.76,-53.68
39.04,-29.28,-68.32,-4.88,53.68,-48.8,0,48.8,19.52,-19.52,-9.76,-53.68
39.04,-4.88,-43.92,-14.64,39.04,-24.4,29.28,87.84,29.28,-19.52,-4.88,-48.8
-4.88,-73.2,-68.32,39.04,29.28,-73.2,29.28,97.6,24.4,-43.92,-43.92,-87.84
-34.16,-92.72,-58.56,63.44,9.76,-78.08,39.04,131.76,48.8,-58.56,-68.32,-102.48
-19.52,-92.72,-73.2,58.56,24.4,-82.96,73.2,195.2,107.36,-39.04,-63.44,-102.48
4.88,-82.96,-87.84,39.04,43.92,-87.84,117.12,278.16,180.56,-14.64,-63.44,-107.36
34.16,-48.8,-82.96,9.76,58.56,-68.32,146.4,370.88,283.04,43.92,-14.64,-78.08
19.52,-39.04,-58.56,9.76,39.04,-48.8,156.16,439.2,356.24,97.6,9.76,-58.56
14.64,-29.28,-43.92,9.76,29.28,-39.04,175.68,478.24,405.04,126.88,34.16,-43.92
78.08,48.8,-29.28,-63.44,53.68,9.76,195.2,512.4,444.08,185.44,92.72,4.88
78.08,78.08,0,-78.08,39.04,39.04,185.44,512.4,488,263.52,165.92,73.2
48.8,82.96,34.16,-63.44,4.88,58.56,112.24,439.2,522.16,351.36,263.52,156.16
156.16,175.68,19.52,-165.92,68.32,97.6,48.8,361.12,595.36,527.04,444.08,302.56
287.92,307.44,19.52,-297.68,131.76,161.04,-4.88,317.2,722.24,761.28,668.56,507.52
351.36,390.4,39.04,-370.88,156.16,214.72,-87.84,268.4,873.52,1024.8,922.32,707.6
419.68,492.88,73.2,-453.84,170.8,283.04,-170.8,170.8,980.88,1283.44,1171.2,922.32
512.4,590.48,78.08,-551.44,214.72,331.84,-253.76,43.92,1039.44,1522.56,1434.72,1137.04
595.36,683.2,87.84,-639.28,253.76,385.52,-346.48,-122,1063.84,1766.56,1698.24,1361.52
590.48,756.4,165.92,-673.44,209.84,458.72,-400.16,-287.92,1049.2,2000.8,1942.24,1576.24
536.8,854,317.2,-692.96,107.36,585.6,-405.04,-468.48,888.16,2113.04,2103.28,1732.4
473.36,990.64,517.28,-732,-24.4,751.52,-380.64,-619.76,683.2,2137.44,2196,1854.4
444.08,1073.6,629.52,-756.4,-92.72,849.12,-400.16,-746.64,483.12,2093.52,2215.52,1912.96
439.2,1112.64,673.44,-775.92,-117.12,893.04,-424.56,-961.36,102.48,1873.92,2088.64,1859.28
370.88,1063.84,692.96,-717.36,-161.04,878.4,-439.2,-1171.2,-292.8,1527.44,1834.88,1708
248.88,873.52,624.64,-561.2,-190.32,746.64,-448.96,-1327.36,-644.16,1019.92,1390.8,1371.28
141.52,644.16,502.64,-390.4,-180.56,570.96,-444.08,-1459.12,-1024.8,370.88,785.68,902.8
78.08,439.2,361.12,-258.64,-141.52,400.16,-405.04,-1532.32,-1307.84,-180.56,273.28,497.76
34.16,312.32,278.16,-170.8,-122,292.8,-326.96,-1503.04,-1424.96,-507.52,-43.92,229.36
-82.96,224.48,307.44,-68.32,-195.2,263.52,-258.64,-1424.96,-1405.44,-619.76,-190.32,78.08
-156.16,136.64,292.8,9.76,-224.48,214.72,-268.4,-1376.16,-1351.76,-678.32,-297.68,-48.8
-175.68,43.92,219.6,68.32,-200.08,131.76,-307.44,-1302.96,-1283.44,-707.6,-370.88,-146.4
-122,24.4,146.4,48.8,-136.64,82.96,-292.8,-1166.32,-1156.56,-692.96,-380.64,-175.68
-53.68,73.2,126.88,-9.76,-92.72,97.6,-263.52,-980.88,-966.24,-595.36,-322.08,-141.52
-19.52,73.2,92.72,-24.4,-58.56,82.96,-253.76,-814.96,-795.44,-502.64,-268.4,-117.12
-136.64,-78.08,58.56,107.36,-97.6,-9.76,-302.56,-732,-717.36,-483.12,-278.16,-151.28
-87.84,-63.44,24.4,78.08,-58.56,-19.52,-263.52,-595.36,-590.48,-414.8,-244,-136.64
-48.8,-58.56,-9.76,53.68,-19.52,-34.16,-239.12,-497.76,-497.76,-361.12,-219.6,-136.64
-43.92,-68.32,-24.4,58.56,-9.76,-48.8,-204.96,-390.4,-405.04,-317.2,-190.32,-136.64
4.88,-29.28,-34.16,14.64,19.52,-34.16,-131.76,-273.28,-297.68,-258.64,-151.28,-112.24
-29.28,-43.92,-14.64,39.04,-9.76,-29.28,-102.48,-204.96,-224.48,-204.96,-126.88,-102.48
-14.64,-19.52,-4.88,19.52,-4.88,-14.64,-58.56,-141.52,-156.16,-156.16,-102.48,-87.84
-14.64,-4.88,9.76,9.76,-14.64,0,-24.4,-73.2,-87.84,-117.12,-78.08,-82.96
-39.04,-58.56,-19.52,48.8,-9.76,-39.04,-34.16,-43.92,-68.32,-102.48,-82.96,-97.6
-39.04,-87.84,-48.8,63.44,4.88,-68.32,-24.4,-14.64,-34.16,-87.84,-78.08,-97.6
-19.52,-87.84,-68.32,53.68,24.4,-78.08,-4.88,24.4,-9.76,-63.44,-53.68,-87.84
-9.76,-68.32,-58.56,39.04,24.4,-63.44,19.52,48.8,24.4,-43.92,-39.04,-68.32
-24.4,-92.72,-68.32,58.56,19.52,-82.96,19.52,43.92,19.52,-53.68,-53.68,-87.84
-29.28,-102.48,-73.2,68.32,19.52,-87.84,34.16,58.56,19.52,-63.44,-68.32,-92.72
-19.52,-78.08,-58.56,48.8,19.52,-68.32,48.8,78.08,34.16,-68.32,-63.44,-82.96
4.88,-58.56,-63.44,29.28,34.16,-63.44,43.92,97.6,58.56,-48.8,-58.56,-82.96
-29.28,-117.12,-87.84,73.2,29.28,-102.48,19.52,73.2,48.8,-34.16,-63.44,-92.72
-19.52,-87.84,-68.32,53.68,24.4,-78.08,29.28,87.84,73.2,-4.88,-39.04,-78.08
-9.76,-78.08,-68.32,43.92,29.28,-73.2,39.04,87.84,53.68,-19.52,-43.92,-87.84
-34.16,-107.36,-73.2,73.2,19.52,-92.72,39.04,82.96,24.4,-53.68,-73.2,-92.72
34.16,-53.68,-87.84,9.76,58.56,-73.2,39.04,92.72,48.8,-48.8,-53.68,-82.96
14.64,-68.32,-82.96,29.28,48.8,-78.08,29.28,102.48,63.44,-43.92,-58.56,-78.08
-24.4,-97.6,-73.2,63.44,24.4,-87.84,19.52,87.84,53.68,-48.8,-63.44,-82.96
-34.16,-107.36,-73.2,73.2,19.52,-92.72,24.4,92.72,53.68,-43.92,-68.32,-82.96
-48.8,-117.12,-68.32,82.96,9.76,-92.72,9.76,82.96,68.32,-39.04,-63.44,-87.84
-58.56,-126.88,-68.32,92.72,4.88,-97.6,-4.88,78.08,68.32,-29.28,-63.44,-87.84
-39.04,-126.88,-87.84,82.96,24.4,-107.36,0,78.08,53.68,-53.68,-87.84,-97.6
9.76,-73.2,-82.96,34.16,43.92,-78.08,14.64,97.6,82.96,-53.68,-73.2,-92.72
-4.88,-92.72,-87.84,48.8,39.04,-92.72,9.76,97.6,73.2,-53.68,-73.2,-97.6
-4.88,-97.6,-92.72,53.68,43.92,-97.6,0,87.84,63.44,-48.8,-73.2,-92.72
43.92,-48.8,-92.72,4.88,68.32,-73.2,9.76,97.6,87.84,-19.52,-43.92,-68.32
19.52,-53.68,-73.2,19.52,43.92,-63.44,0,102.48,82.96,-9.76,-34.16,-58.56
-24.4,-102.48,-78.08,63.44,24.4,-92.72,0,92.72,68.32,-29.28,-43.92,-68.32
-29.28,-92.72,-63.44,63.44,14.64,-78.08,0,102.48,68.32,-29.28,-48.8,-63.44
4.88,-63.44,-68.32,29.28,34.16,-68.32,4.88,117.12,87.84,-24.4,-39.04,-58.56
39.04,-53.68,-92.72,9.76,63.44,-73.2,4.88,117.12,92.72,-29.28,-48.8,-68.32
-4.88,-92.72,-87.84,48.8,39.04,-92.72,0,112.24,92.72,-39.04,-68.32,-82.96
-24.4,-136.64,-112.24,82.96,43.92,-126.88,-4.88,97.6,82.96,-43.92,-78.08,-92.72
-4.88,-117.12,-112.24,63.44,53.68,-117.12,-4.88,102.48,82.96,-29.28,-58.56,-78.08
9.76,-92.72,-102.48,43.92,53.68,-97.6,0,97.6,92.72,-4.88,-48.8,-73.2
-4.88,-87.84,-82.96,48.8,39.04,-87.84,4.88,87.84,102.48,29.28,-29.28,-63.44
-9.76,-87.84,-78.08,48.8,34.16,-82.96,0,87.84,97.6,39.04,-24.4,-73.2
4.88,-58.56,-63.44,29.28,34.16,-63.44,9.76,102.48,87.84,19.52,-39.04,-73.2
19.52,-53.68,-73.2,19.52,43.92,-63.44,0,107.36,63.44,-29.28,-58.56,-87.84
4.88,-63.44,-68.32,29.28,34.16,-68.32,0,107.36,63.44,-53.68,-82.96,-87.84
-9.76,-82.96,-73.2,48.8,29.28,-78.08,0,117.12,78.08,-58.56,-92.72,-87.84
-9.76,-92.72,-82.96,53.68,34.16,-87.84,4.88,112.24,82.96,-48.8,-87.84,-87.84
14.64,-73.2,-87.84,29.28,48.8,-82.96,29.28,126.88,102.48,-29.28,-68.32,-82.96
-24.4,-131.76,-107.36,78.08,39.04,-122,9.76,102.48,82.96,-39.04,-82.96,-97.6
-58.56,-175.68,-117.12,117.12,29.28,-146.4,0,87.84,68.32,-39.04,-97.6,-107.36
-29.28,-156.16,-126.88,92.72,48.8,-141.52,14.64,97.6,73.2,-34.16,-82.96,-87.84
-19.52,-136.64,-117.12,78.08,48.8,-126.88,14.64,97.6,63.44,-19.52,-68.32,-73.2
-29.28,-136.64,-107.36,82.96,39.04,-122,9.76,97.6,73.2,-14.64,-63.44,-68.32
-9.76,-112.24,-102.48,63.44,43.92,-107.36,14.64,112.24,82.96,-24.4,-68.32,-68.32
-4.88,-82.96,-78.08,43.92,34.16,-82.96,24.4,122,78.08,-39.04,-78.08,-73.2
-19.52,-117.12,-97.6,68.32,39.04,-107.36,0,107.36,68.32,-39.04,-87.84,-87.84
-14.64,-97.6,-82.96,58.56,34.16,-92.72,14.64,117.12,102.48,-9.76,-53.68,-53.68
-24.4,-102.48,-78.08,63.44,24.4,-92.72,24.4,117.12,122,14.64,-43.92,-53.68
-4.88,-92.72,-87.84,48.8,39.04,-92.72,24.4,122,126.88,29.28,-43.92,-48.8
39.04,-58.56,-97.6,9.76,68.32,-78.08,39.04,141.52,136.64,39.04,-29.28,-34.16
34.16,-78.08,-112.24,24.4,73.2,-97.6,29.28,136.64,107.36,-19.52,-63.44,-53.68
-34.16,-146.4,-112.24,92.72,39.04,-131.76,14.64,117.12,73.2,-68.32,-112.24,-82.96
-24.4,-141.52,-117.12,82.96,43.92,-131.76,24.4,117.12,82.96,-63.44,-107.36,-68.32
-19.52,-161.04,-141.52,92.72,58.56,-151.28,24.4,117.12,87.84,-53.68,-107.36,-78.08
-14.64,-161.04,-146.4,87.84,63.44,-156.16,24.4,122,107.36,-24.4,-87.84,-68.32
0,-126.88,-126.88,63.44,63.44,-126.88,29.28,136.64,122,0,-73.2,-63.44
19.52,-97.6,-117.12,39.04,68.32,-107.36,34.16,151.28,117.12,-4.88,-73.2,-63.44
29.28,-97.6,-126.88,34.16,78.08,-112.24,34.16,156.16,112.24,-24.4,-87.84,-73.2
4.88,-117.12,-122,58.56,63.44,-122,29.28,146.4,102.48,-39.04,-97.6,-82.96
0,-117.12,-117.12,58.56,58.56,-117.12,34.16,141.52,112.24,-24.4,-97.6,-78.08
-4.88,-131.76,-126.88,68.32,58.56,-131.76,43.92,141.52,117.12,-29.28,-97.6,-87.84
-24.4,-151.28,-126.88,87.84,48.8,-141.52,39.04,136.64,112.24,-29.28,-97.6,-82.96
-24.4,-112.24,-87.84,68.32,29.28,-102.48,43.92,161.04,136.64,-4.88,-78.08,-58.56
24.4,-73.2,-97.6,24.4,58.56,-87.84,58.56,180.56,156.16,14.64,-63.44,-48.8
14.64,-112.24,-126.88,48.8,68.32,-122,39.04,161.04,126.88,-9.76,-78.08,-58.56
4.88,-117.12,-122,58.56,63.44,-122,39.04,170.8,136.64,4.88,-78.08,-53.68
29.28,-97.6,-126.88,34.16,78.08,-112.24,39.04,175.68,146.4,19.52,-63.44,-43.92
9.76,-122,-131.76,58.56,68.32,-126.88,39.04,170.8,136.64,-4.88,-78.08,-53.68
0,-122,-122,63.44,58.56,-122,43.92,161.04,131.76,-9.76,-87.84,-63.44
14.64,-117.12,-131.76,53.68,73.2,-126.88,48.8,165.92,146.4,0,-87.84,-78.08
58.56,-73.2,-131.76,9.76,92.72,-102.48,58.56,180.56,161.04,4.88,-78.08,-63.44
48.8,-68.32,-117.12,9.76,82.96,-92.72,63.44,190.32,151.28,4.88,-73.2,-63.44
-29.28,-141.52,-112.24,87.84,39.04,-126.88,43.92,185.44,136.64,-19.52,-102.48,-78.08
-48.8,-170.8,-122,112.24,34.16,-146.4,34.16,170.8,122,-29.28,-112.24,-87.84
14.64,-107.36,-122,48.8,68.32,-117.12,43.92,180.56,141.52,-24.4,-92.72,-68.32
0,-136.64,-136.64,68.32,68.32,-136.64,34.16,175.68,141.52,-24.4,-107.36,-78.08
-9.76,-151.28,-141.52,82.96,63.44,-146.4,34.16,180.56,141.52,-19.52,-112.24,-78.08
-9.76,-126.88,-117.12,68.32,53.68,-122,68.32,214.72,170.8,-9.76,-97.6,-58.56
-4.88,-117.12,-112.24,63.44,53.68,-117.12,78.08,209.84,165.92,-4.88,-87.84,-48.8
29.28,-92.72,-122,34.16,73.2,-107.36,73.2,214.72,161.04,-14.64,-97.6,-48.8
9.76,-122,-131.76,58.56,68.32,-126.88,58.56,204.96,141.52,-29.28,-107.36,-53.68
-9.76,-131.76,-122,73.2,53.68,-126.88,58.56,204.96,146.4,-29.28,-107.36,-53.68
29.28,-97.6,-126.88,34.16,78.08,-112.24,63.44,214.72,156.16,-24.4,-107.36,-53.68
24.4,-112.24,-136.64,43.92,78.08,-126.88,68.32,214.72,165.92,-19.52,-112.24,-53.68
29.28,-102.48,-131.76,39.04,78.08,-117.12,78.08,229.36,180.56,-9.76,-102.48,-53.68
53.68,-92.72,-146.4,19.52,97.6,-122,58.56,234.24,195.2,-9.76,-107.36,-63.44
39.04,-102.48,-141.52,34.16,87.84,-122,53.68,224.48,165.92,-34.16,-136.64,-78.08
0,-146.4,-146.4,73.2,73.2,-146.4,48.8,209.84,141.52,-78.08,-165.92,-107.36
-14.64,-156.16,-141.52,87.84,63.44,-151.28,39.04,195.2,122,-68.32,-165.92,-117.12
-19.52,-161.04,-141.52,92.72,58.56,-151.28,24.4,175.68,112.24,-73.2,-180.56,-131.76
-4.88,-156.16,-151.28,82.96,73.2,-156.16,14.64,180.56,117.12,-92.72,-185.44,-131.76
-24.4,-175.68,-151.28,102.48,63.44,-165.92,9.76,190.32,112.24,-102.48,-200.08,-126.88
0,-156.16,-156.16,78.08,78.08,-156.16,24.4,190.32,97.6,-122,-195.2,-112.24
34.16,-117.12,-151.28,43.92,92.72,-136.64,48.8,204.96,92.72,-122,-190.32,-102.48
39.04,-126.88,-165.92,43.92,102.48,-146.4,34.16,195.2,97.6,-122,-190.32,-102.48
63.44,-136.64,-200.08,39.04,131.76,-170.8,4.88,185.44,102.48,-112.24,-180.56,-102.48
39.04,-146.4,-185.44,53.68,112.24,-165.92,4.88,180.56,107.36,-107.36,-185.44,-97.6
48.8,-112.24,-161.04,34.16,102.48,-136.64,14.64,180.56,126.88,-92.72,-175.68,-87.84
82.96,-87.84,-170.8,4.88,126.88,-131.76,19.52,175.68,117.12,-78.08,-175.68,-92.72
58.56,-102.48,-161.04,24.4,107.36,-131.76,19.52,165.92,97.6,-92.72,-195.2,-107.36
24.4,-136.64,-161.04,58.56,92.72,-151.28,0,136.64,63.44,-146.4,-229.36,-131.76
14.64,-141.52,-156.16,63.44,82.96,-151.28,0,126.88,34.16,-185.44,-244,-141.52
24.4,-131.76,-156.16,53.68,87.84,-146.4,14.64,126.88,34.16,-185.44,-244,-131.76
9.76,-146.4,-156.16,68.32,82.96,-151.28,4.88,131.76,24.4,-190.32,-248.88,-146.4
-9.76,-175.68,-165.92,92.72,78.08,-170.8,-4.88,122,14.64,-200.08,-258.64,-146.4
53.68,-117.12,-170.8,34.16,112.24,-146.4,14.64,136.64,14.64,-204.96,-253.76,-136.64
43.92,-117.12,-161.04,39.04,102.48,-141.52,-9.76,112.24,0,-214.72,-263.52,-146.4
24.4,-136.64,-161.04,58.56,92.72,-151.28,-24.4,82.96,-19.52,-229.36,-283.04,-156.16
14.64,-146.4,-161.04,68.32,87.84,-156.16,-29.28,82.96,-24.4,-244,-287.92,-165.92
68.32,-97.6,-165.92,14.64,117.12,-131.76,-24.4,82.96,-14.64,-234.24,-273.28,-146.4
34.16,-136.64,-170.8,53.68,102.48,-156.16,-39.04,82.96,-34.16,-244,-287.92,-151.28
53.68,-107.36,-161.04,29.28,107.36,-136.64,-19.52,82.96,-29.28,-234.24,-273.28,-126.88
53.68,-107.36,-161.04,29.28,107.36,-136.64,-19.52,68.32,-34.16,-239.12,-273.28,-131.76
43.92,-131.76,-175.68,43.92,107.36,-156.16,-29.28,68.32,-39.04,-244,-283.04,-141.52
34.16,-146.4,-180.56,58.56,107.36,-165.92,-29.28,63.44,-48.8,-258.64,-292.8,-151.28
63.44,-117.12,-180.56,29.28,122,-151.28,-19.52,68.32,-48.8,-263.52,-287.92,-131.76
92.72,-78.08,-170.8,-4.88,131.76,-126.88,-14.64,73.2,-29.28,-224.48,-258.64,-102.48
-24.4,-165.92,-141.52,97.6,58.56,-156.16,-29.28,34.16,-53.68,-239.12,-278.16,-131.76
9.76,-117.12,-126.88,53.68,68.32,-122,-24.4,24.4,-48.8,-204.96,-244,-112.24
39.04,-58.56,-97.6,9.76,68.32,-78.08,-14.64,48.8,-24.4,-175.68,-214.72,-87.84
39.04,-58.56,-97.6,9.76,68.32,-78.08,-9.76,63.44,-24.4,-175.68,-219.6,-82.96
34.16,-48.8,-82.96,9.76,58.56,-68.32,-24.4,58.56,-24.4,-185.44,-219.6,-68.32
4.88,-73.2,-78.08,34.16,39.04,-78.08,-19.52,53.68,-24.4,-175.68,-209.84,-53.68
9.76,-97.6,-107.36,43.92,58.56,-102.48,-24.4,48.8,-24.4,-180.56,-214.72,-53.68
48.8,-82.96,-131.76,19.52,87.84,-107.36,-4.88,68.32,-14.64,-175.68,-204.96,-43.92
19.52,-92.72,-112.24,39.04,63.44,-102.48,-4.88,68.32,-24.4,-175.68,-204.96,-48.8
19.52,-92.72,-112.24,39.04,63.44,-102.48,-14.64,53.68,-14.64,-156.16,-190.32,-39.04
24.4,-102.48,-126.88,39.04,73.2,-117.12,-24.4,48.8,0,-146.4,-190.32,-34.16
24.4,-92.72,-117.12,34.16,68.32,-107.36,-9.76,63.44,4.88,-136.64,-170.8,-14.64
78.08,-29.28,-107.36,-24.4,92.72,-68.32,9.76,68.32,19.52,-112.24,-151.28,4.88
58.56,-29.28,-87.84,-14.64,73.2,-58.56,19.52,63.44,34.16,-73.2,-122,19.52
19.52,-34.16,-53.68,9.76,34.16,-43.92,9.76,53.68,43.92,-39.04,-97.6,24.4
48.8,4.88,-43.92,-24.4,43.92,-19.52,-9.76,63.44,48.8,-24.4,-82.96,39.04
-39.04,-58.56,-19.52,48.8,-9.76,-39.04,-19.52,58.56,19.52,-58.56,-107.36,24.4
-24.4,-53.68,-29.28,39.04,0,-43.92,0,43.92,-4.88,-82.96,-112.24,34.16
24.4,-9.76,-34.16,-4.88,29.28,-24.4,34.16,73.2,24.4,-53.68,-78.08,68.32
-4.88,-53.68,-48.8,29.28,19.52,-53.68,19.52,73.2,34.16,-58.56,-78.08,53.68
19.52,-63.44,-82.96,24.4,48.8,-73.2,19.52,68.32,34.16,-58.56,-82.96,53.68
29.28,-82.96,-112.24,29.28,68.32,-97.6,24.4,58.56,24.4,-48.8,-92.72,43.92
-29.28,-97.6,-68.32,63.44,19.52,-82.96,34.16,53.68,29.28,-24.4,-78.08,53.68
0,-87.84,-87.84,43.92,43.92,-87.84,39.04,63.44,34.16,-24.4,-73.2,58.56
4.88,-87.84,-92.72,43.92,48.8,-92.72,24.4,43.92,19.52,-43.92,-87.84,43.92
-39.04,-87.84,-48.8,63.44,4.88,-68.32,24.4,39.04,19.52,-29.28,-73.2,48.8
-9.76,-39.04,-29.28,24.4,9.76,-34.16,34.16,53.68,48.8,0,-53.68,73.2
9.76,-14.64,-24.4,4.88,14.64,-19.52,34.16,53.68,43.92,0,-48.8,68.32
-19.52,-9.76,9.76,14.64,-14.64,0,29.28,43.92,39.04,14.64,-39.04,87.84
0,0,0,0,0,0,24.4,53.68,39.04,0,-48.8,87.84
24.4,4.88,-19.52,-14.64,19.52,-9.76,39.04,87.84,63.44,0,-43.92,97.6
68.32,39.04,-29.28,-53.68,48.8,4.88,63.44,102.48,73.2,4.88,-43.92,97.6
19.52,-43.92,-63.44,14.64,39.04,-53.68,48.8,82.96,43.92,-24.4,-73.2,68.32
4.88,-73.2,-78.08,34.16,39.04,-78.08,34.16,78.08,34.16,-34.16,-78.08,58.56
-4.88,-78.08,-73.2,43.92,34.16,-78.08,29.28,78.08,34.16,-29.28,-73.2,63.44
-19.52,-82.96,-63.44,53.68,19.52,-73.2,34.16,73.2,34.16,-9.76,-58.56,68.32
-24.4,-63.44,-39.04,43.92,4.88,-53.68,39.04,78.08,43.92,9.76,-48.8,48.8
0,-39.04,-39.04,19.52,19.52,-39.04,39.04,87.84,58.56,9.76,-53.68,14.64
-73.2,-82.96,-9.76,78.08,-34.16,-48.8,24.4,68.32,29.28,0,-58.56,-19.52
-24.4,-43.92,-19.52,34.16,-4.88,-34.16,29.28,82.96,48.8,19.52,-43.92,-34.16
0,-29.28,-29.28,14.64,14.64,-29.28,9.76,82.96,48.8,19.52,-48.8,-53.68
-19.52,-39.04,-19.52,29.28,0,-29.28,24.4,78.08,39.04,9.76,-48.8,-63.44
-4.88,-4.88,0,4.88,-4.88,-4.88,24.4,87.84,48.8,19.52,-39.04,-58.56
9.76,24.4,14.64,-14.64,-4.88,19.52,39.04,92.72,73.2,43.92,-19.52,-39.04
0,24.4,24.4,-9.76,-14.64,24.4,9.76,97.6,82.96,58.56,-4.88,-34.16
-24.4,-29.28,-4.88,29.28,-9.76,-19.52,-4.88,82.96,43.92,14.64,-39.04,-68.32
-39.04,-63.44,-24.4,53.68,-9.76,-43.92,14.64,92.72,14.64,-39.04,-78.08,-92.72
-9.76,-43.92,-34.16,29.28,9.76,-39.04,34.16,112.24,34.16,-39.04,-82.96,-92.72
24.4,-29.28,-53.68,4.88,39.04,-43.92,39.04,117.12,68.32,-4.88,-58.56,-73.2
24.4,-43.92,-68.32,9.76,43.92,-58.56,34.16,122,82.96,14.64,-43.92,-73.2
-24.4,-73.2,-48.8,48.8,9.76,-63.44,24.4,117.12,58.56,0,-53.68,-82.96
-19.52,-68.32,-48.8,43.92,14.64,-58.56,19.52,122,78.08,24.4,-34.16,-73.2
9.76,-19.52,-29.28,4.88,19.52,-24.4,14.64,126.88,92.72,53.68,-14.64,-63.44
43.92,24.4,-19.52,-34.16,29.28,0,14.64,136.64,97.6,73.2,0,-53.68
19.52,24.4,4.88,-19.52,4.88,14.64,9.76,141.52,107.36,102.48,14.64,-43.92
14.64,24.4,9.76,-19.52,0,14.64,-4.88,136.64,122,117.12,24.4,-39.04
4.88,9.76,4.88,-4.88,0,4.88,-4.88,141.52,87.84,73.2,0,-48.8
-9.76,-4.88,4.88,9.76,-9.76,0,9.76,146.4,87.84,63.44,-4.88,-48.8
4.88,-9.76,-14.64,4.88,9.76,-14.64,24.4,165.92,122,58.56,-9.76,-53.68
-24.4,-43.92,-19.52,34.16,-4.88,-34.16,9.76,156.16,112.24,53.68,-24.4,-68.32
-43.92,-68.32,-24.4,58.56,-9.76,-48.8,0,156.16,117.12,68.32,-19.52,-68.32
-24.4,-58.56,-34.16,43.92,4.88,-48.8,4.88,165.92,126.88,78.08,-9.76,-58.56
39.04,14.64,-24.4,-24.4,29.28,-4.88,19.52,180.56,131.76,82.96,4.88,-43.92
53.68,48.8,-4.88,-48.8,29.28,19.52,14.64,185.44,141.52,92.72,19.52,-19.52
-14.64,-14.64,0,14.64,-9.76,-9.76,-4.88,161.04,131.76,82.96,0,-39.04
4.88,14.64,9.76,-9.76,-4.88,9.76,0,185.44,141.52,107.36,19.52,-24.4
34.16,43.92,9.76,-39.04,9.76,24.4,29.28,204.96,161.04,126.88,34.16,-9.76
-4.88,0,4.88,4.88,-4.88,0,29.28,195.2,165.92,107.36,24.4,-19.52
-4.88,-14.64,-9.76,9.76,0,-14.64,9.76,200.08,190.32,131.76,34.16,-24.4
19.52,14.64,-4.88,-14.64,9.76,4.88,9.76,204.96,200.08,146.4,53.68,-4.88
24.4,9.76,-14.64,-14.64,19.52,-4.88,19.52,224.48,200.08,131.76,39.04,-14.64
29.28,4.88,-24.4,-14.64,24.4,-9.76,43.92,239.12,190.32,107.36,24.4,-19.52
14.64,-4.88,-19.52,-4.88,14.64,-14.64,53.68,244,195.2,112.24,29.28,-24.4
24.4,-19.52,-43.92,0,34.16,-34.16,39.04,244,204.96,126.88,29.28,-24.4
9.76,-24.4,-34.16,9.76,19.52,-29.28,43.92,248.88,209.84,112.24,19.52,-29.28
-19.52,-34.16,-14.64,29.28,-4.88,-24.4,39.04,234.24,180.56,92.72,0,-39.04
-4.88,9.76,14.64,0,-9.76,9.76,39.04,239.12,204.96,126.88,29.28,-24.4
0,4.88,4.88,0,-4.88,4.88,19.52,234.24,209.84,156.16,34.16,-19.52
-14.64,-4.88,9.76,9.76,-14.64,0,34.16,229.36,204.96,170.8,43.92,-19.52
58.56,78.08,19.52,-68.32,19.52,48.8,63.44,258.64,229.36,200.08,82.96,9.76
24.4,43.92,19.52,-34.16,0,29.28,34.16,263.52,244,190.32,78.08,14.64
-9.76,19.52,29.28,-4.88,-19.52,24.4,39.04,258.64,244,170.8,63.44,4.88
-19.52,-14.64,4.88,19.52,-14.64,-4.88,39.04,248.88,209.84,131.76,29.28,-19.52
-9.76,-29.28,-19.52,19.52,4.88,-24.4,34.16,258.64,214.72,151.28,39.04,-14.64
43.92,48.8,4.88,-43.92,19.52,24.4,73.2,302.56,248.88,190.32,82.96,24.4
68.32,78.08,9.76,-73.2,29.28,43.92,68.32,292.8,244,165.92,73.2,24.4
43.92,39.04,-4.88,-39.04,24.4,14.64,78.08,283.04,224.48,136.64,43.92,4.88
43.92,43.92,0,-43.92,19.52,19.52,87.84,287.92,224.48,141.52,39.04,0
-9.76,-4.88,4.88,9.76,-9.76,0,48.8,263.52,214.72,151.28,43.92,-4.88
-39.04,-14.64,24.4,29.28,-34.16,4.88,4.88,244,209.84,151.28,39.04,-9.76
0,-19.52,-19.52,9.76,9.76,-19.52,24.4,253.76,204.96,136.64,24.4,-14.64
4.88,-14.64,-19.52,4.88,9.76,-19.52,48.8,258.64,204.96,126.88,19.52,-19.52
14.64,14.64,0,-14.64,4.88,4.88,34.16,258.64,224.48,151.28,43.92,-4.88
29.28,19.52,-9.76,-24.4,19.52,4.88,34.16,258.64,219.6,170.8,58.56,9.76
-4.88,-19.52,-14.64,14.64,4.88,-19.52,43.92,248.88,200.08,156.16,48.8,0
-14.64,-39.04,-24.4,29.28,4.88,-34.16,24.4,253.76,190.32,141.52,34.16,-9.76
24.4,0,-24.4,-9.76,24.4,-14.64,19.52,253.76,214.72,136.64,34.16,-9.76
39.04,19.52,-19.52,-29.28,29.28,0,43.92,268.4,229.36,126.88,24.4,-9.76
-4.88,-24.4,-19.52,14.64,4.88,-24.4,34.16,268.4,214.72,122,14.64,-14.64
-24.4,-58.56,-34.16,43.92,4.88,-48.8,29.28,258.64,200.08,126.88,9.76,-19.52
29.28,4.88,-24.4,-14.64,24.4,-9.76,63.44,268.4,229.36,190.32,63.44,19.52
9.76,-4.88,-14.64,0,9.76,-9.76,63.44,258.64,229.36,200.08,68.32,14.64
-34.16,-43.92,-9.76,39.04,-14.64,-29.28,43.92,253.76,209.84,161.04,43.92,-4.88
-9.76,-29.28,-19.52,19.52,4.88,-24.4,29.28,239.12,195.2,141.52,34.16,-9.76
-48.8,-43.92,4.88,48.8,-29.28,-19.52,29.28,234.24,190.32,136.64,24.4,-4.88
0,9.76,9.76,-4.88,-4.88,9.76,39.04,248.88,190.32,131.76,24.4,4.88
-34.16,-19.52,14.64,29.28,-24.4,-4.88,43.92,244,180.56,117.12,9.76,-9.76
-29.28,-9.76,19.52,19.52,-24.4,4.88,39.04,239.12,175.68,107.36,0,-14.64
9.76,29.28,19.52,-19.52,-4.88,24.4,43.92,244,185.44,117.12,4.88,-4.88
0,4.88,4.88,0,-4.88,4.88,29.28,244,200.08,136.64,14.64,-14.64
14.64,-9.76,-24.4,0,19.52,-19.52,34.16,248.88,190.32,136.64,14.64,-19.52
-9.76,-19.52,-9.76,14.64,0,-14.64,48.8,248.88,185.44,117.12,4.88,-9.76
9.76,0,-9.76,-4.88,9.76,-4.88,48.8,253.76,190.32,122,14.64,4.88
4.88,-9.76,-14.64,4.88,9.76,-14.64,34.16,244,170.8,112.24,4.88,0
4.88,-9.76,-14.64,4.88,9.76,-14.64,39.04,234.24,185.44,141.52,19.52,9.76
-4.88,-19.52,-14.64,14.64,4.88,-19.52,34.16,224.48,195.2,161.04,19.52,-4.88
-4.88,-14.64,-9.76,9.76,0,-14.64,39.04,229.36,185.44,165.92,24.4,-9.76
-24.4,-9.76,14.64,19.52,-19.52,0,48.8,234.24,170.8,126.88,9.76,-29.28
-24.4,0,24.4,14.64,-24.4,9.76,48.8,244,175.68,122,9.76,-14.64
0,29.28,29.28,-14.64,-14.64,29.28,43.92,234.24,175.68,126.88,19.52,-4.88
-4.88,14.64,19.52,-4.88,-14.64,14.64,63.44,239.12,170.8,131.76,29.28,9.76
-29.28,-14.64,14.64,24.4,-24.4,0,43.92,224.48,175.68,126.88,14.64,9.76
0,-4.88,-4.88,4.88,0,-4.88,29.28,209.84,175.68,136.64,9.76,-9.76
-4.88,19.52,24.4,-4.88,-14.64,19.52,29.28,209.84,175.68,146.4,14.64,-24.4
14.64,48.8,34.16,-29.28,-9.76,39.04,34.16,224.48,180.56,170.8,29.28,-9.76
9.76,48.8,39.04,-29.28,-14.64,43.92,14.64,209.84,165.92,161.04,24.4,-9.76
-4.88,48.8,53.68,-19.52,-29.28,48.8,9.76,204.96,161.04,136.64,9.76,-4.88
-63.44,-24.4,39.04,43.92,-53.68,4.88,4.88,185.44,122,92.72,-19.52,-19.52
-53.68,-48.8,4.88,53.68,-29.28,-24.4,-4.88,180.56,122,92.72,-24.4,-29.28
-53.68,-48.8,4.88,53.68,-29.28,-24.4,0,190.32,126.88,102.48,-19.52,-34.16
-43.92,-29.28,14.64,39.04,-29.28,-9.76,0,190.32,131.76,122,-4.88,-24.4
-34.16,-4.88,29.28,19.52,-34.16,9.76,-29.28,170.8,131.76,117.12,-4.88,-19.52
-9.76,19.52,29.28,-4.88,-19.52,24.4,-29.28,180.56,146.4,117.12,-4.88,-9.76
4.88,29.28,24.4,-14.64,-9.76,24.4,-4.88,195.2,146.4,102.48,-4.88,4.88
-4.88,9.76,14.64,0,-9.76,9.76,9.76,185.44,136.64,97.6,-19.52,0
-9.76,0,9.76,4.88,-9.76,4.88,-14.64,165.92,146.4,136.64,0,0
-14.64,4.88,19.52,4.88,-19.52,9.76,-29.28,185.44,180.56,180.56,29.28,9.76
-14.64,-19.52,-4.88,19.52,-4.88,-14.64,-34.16,175.68,136.64,136.64,-4.88,-19.52
-39.04,-34.16,4.88,39.04,-24.4,-14.64,-53.68,156.16,97.6,97.6,-29.28,-48.8
-43.92,-39.04,4.88,43.92,-24.4,-19.52,-34.16,170.8,122,126.88,-9.76,-29.28
0,19.52,19.52,-9.76,-9.76,19.52,-14.64,195.2,156.16,126.88,4.88,-4.88
-19.52,4.88,24.4,9.76,-24.4,14.64,-4.88,195.2,131.76,78.08,-19.52,-14.64
-82.96,-58.56,24.4,73.2,-53.68,-19.52,-24.4,185.44,122,97.6,-14.64,-9.76
-39.04,-14.64,24.4,29.28,-34.16,4.88,-9.76,200.08,151.28,146.4,24.4,24.4
-29.28,0,29.28,14.64,-29.28,14.64,-9.76,195.2,141.52,131.76,19.52,14.64
-63.44,-43.92,19.52,53.68,-43.92,-14.64,-4.88,190.32,136.64,92.72,-19.52,-19.52
-43.92,-29.28,14.64,39.04,-29.28,-9.76,-4.88,200.08,141.52,97.6,-14.64,-14.64
-29.28,-9.76,19.52,19.52,-24.4,4.88,-24.4,200.08,141.52,97.6,-9.76,0
-24.4,-9.76,14.64,19.52,-19.52,0,-34.16,195.2,146.4,102.48,-4.88,-4.88
19.52,19.52,0,-19.52,9.76,9.76,-24.4,204.96,170.8,131.76,9.76,-4.88
0,0,0,0,0,0,-29.28,204.96,161.04,136.64,14.64,-4.88
-34.16,-4.88,29.28,19.52,-34.16,9.76,-29.28,219.6,156.16,122,29.28,19.52
-39.04,-14.64,24.4,29.28,-34.16,4.88,-4.88,224.48,136.64,73.2,4.88,14.64
-53.68,-73.2,-19.52,63.44,-19.52,-48.8,-4.88,200.08,117.12,39.04,-24.4,-14.64
-53.68,-63.44,-9.76,58.56,-24.4,-39.04,0,185.44,146.4,78.08,-14.64,-9.76
-43.92,-43.92,0,43.92,-24.4,-24.4,0,200.08,170.8,112.24,0,0
-82.96,-73.2,9.76,78.08,-48.8,-34.16,-4.88,209.84,156.16,107.36,0,0
-82.96,-82.96,0,82.96,-43.92,-43.92,-29.28,190.32,112.24,53.68,-24.4,-4.88
-34.16,-34.16,0,34.16,-19.52,-19.52,-19.52,204.96,151.28,73.2,-4.88,9.76
-4.88,-19.52,-14.64,14.64,4.88,-19.52,-4.88,229.36,180.56,82.96,-9.76,14.64
-14.64,-14.64,0,14.64,-9.76,-9.76,14.64,239.12,161.04,73.2,-4.88,14.64
4.88,9.76,4.88,-4.88,0,4.88,14.64,224.48,136.64,73.2,9.76,19.52
-19.52,-19.52,0,19.52,-9.76,-9.76,-14.64,200.08,141.52,78.08,0,9.76
-48.8,-29.28,19.52,39.04,-34.16,-4.88,-14.64,204.96,151.28,78.08,-9.76,9.76
-58.56,-29.28,29.28,43.92,-43.92,0,9.76,224.48,156.16,73.2,-9.76,4.88
-53.68,-24.4,29.28,39.04,-43.92,0,19.52,224.48,141.52,68.32,-19.52,-4.88
-39.04,-9.76,29.28,24.4,-34.16,9.76,24.4,219.6,156.16,73.2,-4.88,0
-14.64,0,14.64,9.76,-14.64,4.88,29.28,234.24,175.68,87.84,4.88,19.52
-29.28,-19.52,9.76,24.4,-19.52,-4.88,9.76,224.48,156.16,58.56,-14.64,14.64
-19.52,-19.52,0,19.52,-9.76,-9.76,9.76,229.36,151.28,58.56,-4.88,29.28
-29.28,-39.04,-9.76,34.16,-9.76,-24.4,-14.64,219.6,161.04,82.96,4.88,39.04
-53.68,-39.04,14.64,48.8,-34.16,-14.64,-9.76,219.6,170.8,107.36,14.64,39.04
-43.92,-29.28,14.64,39.04,-29.28,-9.76,9.76,214.72,161.04,107.36,14.64,39.04
-73.2,-48.8,24.4,63.44,-48.8,-14.64,0,214.72,156.16,107.36,14.64,39.04
-43.92,-14.64,29.28,29.28,-39.04,4.88,9.76,244,185.44,126.88,48.8,58.56
-53.68,-29.28,24.4,43.92,-39.04,-4.88,19.52,253.76,170.8,87.84,9.76,39.04
-58.56,-58.56,0,58.56,-29.28,-29.28,14.64,239.12,146.4,43.92,-24.4,14.64
-48.8,-48.8,0,48.8,-24.4,-24.4,29.28,244,126.88,29.28,-39.04,9.76
-29.28,-19.52,9.76,24.4,-19.52,-4.88,34.16,248.88,151.28,68.32,-14.64,34.16
-24.4,-19.52,4.88,24.4,-14.64,-9.76,24.4,248.88,175.68,102.48,19.52,53.68
-14.64,-4.88,9.76,9.76,-14.64,0,43.92,258.64,195.2,126.88,34.16,53.68
-9.76,14.64,24.4,0,-19.52,19.52,34.16,244,185.44,117.12,34.16,48.8
-14.64,29.28,43.92,-4.88,-29.28,34.16,14.64,248.88,185.44,122,39.04,58.56
-63.44,-19.52,43.92,43.92,-53.68,9.76,0,229.36,146.4,102.48,14.64,43.92
-24.4,4.88,29.28,9.76,-29.28,14.64,19.52,244,165.92,107.36,24.4,43.92
9.76,24.4,14.64,-14.64,-4.88,19.52,24.4,268.4,200.08,122,39.04,53.68
-78.08,-68.32,9.76,73.2,-43.92,-29.28,14.64,248.88,180.56,107.36,19.52,39.04
-92.72,-73.2,19.52,82.96,-58.56,-29.28,19.52,229.36,165.92,107.36,19.52,24.4
-34.16,-4.88,29.28,19.52,-34.16,9.76,34.16,268.4,185.44,141.52,48.8,48.8
-92.72,-53.68,39.04,73.2,-68.32,-9.76,9.76,239.12,165.92,107.36,19.52,29.28
-43.92,-39.04,4.88,43.92,-24.4,-19.52,0,224.48,156.16,68.32,-19.52,9.76
14.64,9.76,-4.88,-9.76,9.76,0,34.16,239.12,180.56,82.96,-4.88,19.52
-4.88,-4.88,0,4.88,-4.88,-4.88,14.64,234.24,170.8,102.48,9.76,24.4
-63.44,-48.8,14.64,58.56,-39.04,-19.52,4.88,244,151.28,68.32,-9.76,9.76
-48.8,-34.16,14.64,43.92,-34.16,-9.76,19.52,244,146.4,58.56,-19.52,19.52
-4.88,-4.88,0,4.88,-4.88,-4.88,43.92,258.64,141.52,73.2,0,48.8
-34.16,9.76,43.92,14.64,-39.04,24.4,39.04,258.64,165.92,117.12,39.04,82.96
-9.76,14.64,24.4,0,-19.52,19.52,4.88,248.88,185.44,146.4,58.56,97.6
-48.8,-48.8,0,48.8,-24.4,-24.4,4.88,244,175.68,131.76,29.28,68.32
-102.48,-73.2,29.28,87.84,-68.32,-24.4,24.4,239.12,146.4,92.72,0,34.16
-58.56,-43.92,14.64,53.68,-39.04,-14.64,48.8,258.64,151.28,97.6,0,48.8
-87.84,-43.92,43.92,68.32,-68.32,0,63.44,278.16,195.2,156.16,39.04,63.44
-97.6,-29.28,68.32,63.44,-82.96,19.52,92.72,331.84,248.88,200.08,68.32,82.96
-97.6,-39.04,58.56,68.32,-78.08,9.76,97.6,366,239.12,141.52,19.52,48.8
-63.44,-24.4,39.04,43.92,-53.68,4.88,122,419.68,258.64,78.08,-34.16,14.64
-34.16,-34.16,0,34.16,-19.52,-19.52,131.76,463.6,331.84,92.72,-34.16,4.88
-29.28,-24.4,4.88,29.28,-19.52,-9.76,146.4,551.44,424.56,185.44,14.64,29.28
-63.44,-29.28,34.16,48.8,-48.8,0,185.44,614.88,483.12,234.24,48.8,48.8
-58.56,-24.4,34.16,43.92,-48.8,4.88,195.2,649.04,512.4,263.52,78.08,73.2
0,53.68,53.68,-24.4,-29.28,53.68,190.32,658.8,561.2,336.72,161.04,141.52
39.04,136.64,97.6,-87.84,-29.28,117.12,175.68,663.68,629.52,458.72,278.16,244
107.36,234.24,126.88,-170.8,-9.76,180.56,97.6,590.48,673.44,639.28,458.72,390.4
170.8,370.88,200.08,-268.4,-14.64,283.04,43.92,517.28,761.28,888.16,697.84,600.24
234.24,463.6,229.36,-346.48,0,346.48,-9.76,478.24,854,1093.12,922.32,800.32
351.36,566.08,214.72,-458.72,68.32,390.4,-78.08,395.28,902.8,1278.56,1141.92,1010.16
385.52,595.36,209.84,-488,87.84,400.16,-161.04,268.4,868.64,1415.2,1346.88,1195.6
434.32,668.56,234.24,-551.44,97.6,448.96,-224.48,117.12,849.12,1595.76,1586,1415.2
483.12,795.44,312.32,-639.28,82.96,551.44,-287.92,-14.64,873.52,1820.24,1849.52,1659.2
488,878.4,390.4,-683.2,48.8,634.4,-297.68,-126.88,805.2,1932.48,2010.56,1820.24
409.92,932.08,522.16,-668.56,-58.56,727.12,-292.8,-302.56,566.08,1898.32,2059.36,1898.32
385.52,1024.8,639.28,-702.72,-126.88,829.6,-297.68,-439.2,419.68,1937.36,2132.56,1981.28
317.2,1058.96,741.76,-688.08,-214.72,897.92,-322.08,-600.24,200.08,1869.04,2093.52,1976.4
258.64,1058.96,800.32,-658.8,-273.28,927.2,-366,-810.08,-146.4,1595.76,1888.56,1839.76
200.08,927.2,727.12,-561.2,-263.52,824.72,-361.12,-941.84,-458.72,1156.56,1498.16,1546.96
102.48,668.56,566.08,-385.52,-234.24,614.88,-336.72,-1098,-829.6,517.28,878.4,1058.96
48.8,439.2,390.4,-244,-170.8,414.8,-302.56,-1190.72,-1112.64,-29.28,317.2,595.36
-48.8,253.76,302.56,-102.48,-175.68,278.16,-219.6,-1210.24,-1259.04,-395.28,-53.68,258.64
-161.04,146.4,307.44,9.76,-234.24,224.48,-136.64,-1161.44,-1268.8,-527.04,-224.48,82.96
-204.96,78.08,283.04,63.44,-244,180.56,-107.36,-1141.92,-1229.76,-580.72,-331.84,-48.8
-287.92,-4.88,283.04,146.4,-287.92,136.64,-136.64,-1117.52,-1190.72,-610,-400.16,-141.52
-263.52,-34.16,229.36,151.28,-248.88,97.6,-165.92,-1039.44,-1093.12,-614.88,-424.56,-180.56
-219.6,-24.4,195.2,122,-209.84,82.96,-195.2,-927.2,-985.76,-605.12,-414.8,-180.56
-185.44,-9.76,175.68,97.6,-180.56,82.96,-185.44,-795.44,-849.12,-541.68,-380.64,-165.92
-165.92,-19.52,146.4,92.72,-156.16,63.44,-185.44,-683.2,-717.36,-463.6,-331.84,-141.52
-156.16,-53.68,102.48,107.36,-131.76,24.4,-200.08,-600.24,-653.92,-434.32,-312.32,-141.52
-107.36,-34.16,73.2,73.2,-92.72,19.52,-204.96,-492.88,-570.96,-380.64,-268.4,-117.12
-117.12,-58.56,58.56,87.84,-87.84,0,-229.36,-439.2,-483.12,-283.04,-214.72,-82.96
-92.72,-19.52,73.2,58.56,-82.96,24.4,-224.48,-351.36,-361.12,-165.92,-141.52,-43.92
-78.08,9.76,87.84,34.16,-82.96,48.8,-175.68,-239.12,-273.28,-141.52,-131.76,-39.04
-87.84,-4.88,82.96,48.8,-87.84,39.04,-136.64,-170.8,-253.76,-165.92,-146.4,-58.56
-87.84,-14.64,73.2,53.68,-82.96,29.28,-122,-126.88,-190.32,-141.52,-136.64,-48.8
-63.44,-9.76,53.68,39.04,-58.56,19.52,-78.08,-63.44,-97.6,-78.08,-87.84,-19.52
-78.08,-48.8,29.28,63.44,-53.68,-9.76,-34.16,-24.4,-63.44,-29.28,-58.56,0
-68.32,-58.56,9.76,63.44,-39.04,-24.4,-39.04,0,-43.92,4.88,-14.64,29.28
-82.96,-43.92,39.04,63.44,-63.44,-4.88,-58.56,14.64,-53.68,4.88,-4.88,39.04
-58.56,-29.28,29.28,43.92,-43.92,0,-24.4,39.04,-43.92,-14.64,-29.28,19.52
-82.96,-63.44,19.52,73.2,-53.68,-24.4,-14.64,43.92,-24.4,-4.88,-48.8,-4.88
-39.04,-43.92,-4.88,43.92,-19.52,-24.4,-14.64,58.56,-9.76,-14.64,-53.68,-4.88
-82.96,-63.44,19.52,73.2,-53.68,-24.4,0,63.44,-9.76,-14.64,-63.44,-19.52
-58.56,-63.44,-4.88,63.44,-29.28,-34.16,-9.76,63.44,-14.64,-9.76,-53.68,-9.76
-58.56,-73.2,-14.64,68.32,-24.4,-43.92,-29.28,53.68,-29.28,-43.92,-68.32,-19.52
-48.8,-78.08,-29.28,63.44,-9.76,-53.68,4.88,53.68,-24.4,-53.68,-78.08,-19.52
-58.56,-73.2,-14.64,68.32,-24.4,-43.92,14.64,43.92,4.88,9.76,-34.16,4.88
-122,-107.36,14.64,117.12,-68.32,-48.8,-14.64,34.16,24.4,63.44,-4.88,14.64
-68.32,-53.68,14.64,63.44,-43.92,-19.52,-14.64,29.28,-19.52,14.64,-39.04,-4.88
-82.96,-68.32,14.64,78.08,-48.8,-29.28,4.88,19.52,-78.08,-53.68,-73.2,-14.64
-112.24,-82.96,29.28,97.6,-73.2,-29.28,14.64,14.64,-73.2,-48.8,-58.56,0
-78.08,-68.32,9.76,73.2,-43.92,-29.28,-4.88,34.16,-43.92,-14.64,-39.04,9.76
-87.84,-92.72,-4.88,92.72,-43.92,-48.8,-4.88,29.28,-34.16,0,-34.16,0
-73.2,-82.96,-9.76,78.08,-34.16,-48.8,34.16,58.56,14.64,39.04,-4.88,24.4
-43.92,-63.44,-19.52,53.68,-14.64,-43.92,29.28,53.68,4.88,4.88,-19.52,14.64
-58.56,-78.08,-19.52,68.32,-19.52,-48.8,0,19.52,-29.28,-34.16,-48.8,9.76
-14.64,-39.04,-24.4,29.28,4.88,-34.16,9.76,29.28,-4.88,-9.76,-34.16,24.4
-19.52,-43.92,-24.4,34.16,0,-34.16,-14.64,9.76,-14.64,9.76,-29.28,14.64
-82.96,-102.48,-19.52,92.72,-34.16,-63.44,-19.52,-19.52,-53.68,-14.64,-48.8,-9.76
-92.72,-117.12,-24.4,107.36,-34.16,-73.2,14.64,0,-58.56,-19.52,-48.8,0
-73.2,-97.6,-24.4,87.84,-24.4,-63.44,24.4,-4.88,-73.2,-24.4,-48.8,-4.88
-78.08,-82.96,-4.88,82.96,-39.04,-43.92,19.52,0,-63.44,-9.76,-29.28,14.64
-63.44,-73.2,-9.76,68.32,-29.28,-43.92,9.76,-4.88,-73.2,-34.16,-53.68,4.88
-63.44,-73.2,-9.76,68.32,-29.28,-43.92,29.28,0,-53.68,-24.4,-39.04,14.64
-58.56,-53.68,4.88,58.56,-34.16,-24.4,34.16,-4.88,-39.04,24.4,-4.88,39.04
-68.32,-68.32,0,68.32,-34.16,-34.16,19.52,-4.88,-43.92,19.52,-4.88,34.16
-73.2,-102.48,-29.28,87.84,-24.4,-68.32,24.4,-19.52,-82.96,-39.04,-53.68,0
-122,-146.4,-24.4,136.64,-48.8,-87.84,29.28,-48.8,-92.72,-39.04,-53.68,0
-68.32,-78.08,-9.76,73.2,-29.28,-43.92,39.04,-53.68,-92.72,-34.16,-39.04,24.4
-39.04,-43.92,-4.88,43.92,-19.52,-24.4,29.28,-43.92,-78.08,-9.76,-19.52,43.92
-68.32,-78.08,-9.76,73.2,-29.28,-43.92,19.52,-68.32,-112.24,-58.56,-48.8,14.64
-53.68,-58.56,-4.88,58.56,-24.4,-34.16,19.52,-63.44,-107.36,-48.8,-24.4,39.04
-63.44,-82.96,-19.52,73.2,-24.4,-53.68,9.76,-82.96,-97.6,-34.16,-29.28,24.4
-78.08,-107.36,-29.28,92.72,-24.4,-68.32,14.64,-97.6,-87.84,-39.04,-48.8,4.88
-68.32,-97.6,-29.28,82.96,-19.52,-63.44,19.52,-82.96,-102.48,-78.08,-82.96,-9.76
-92.72,-107.36,-14.64,102.48,-39.04,-63.44,24.4,-97.6,-117.12,-92.72,-92.72,-14.64
-53.68,-58.56,-4.88,58.56,-24.4,-34.16,43.92,-107.36,-107.36,-29.28,-39.04,14.64
-73.2,-78.08,-4.88,78.08,-34.16,-43.92,39.04,-107.36,-87.84,24.4,9.76,39.04
-48.8,-39.04,9.76,43.92,-29.28,-14.64,39.04,-107.36,-82.96,48.8,29.28,48.8
-82.96,-63.44,19.52,73.2,-53.68,-24.4,43.92,-122,-107.36,-9.76,-14.64,24.4
-73.2,-78.08,-4.88,78.08,-34.16,-43.92,53.68,-117.12,-136.64,-73.2,-53.68,0
-63.44,-112.24,-48.8,87.84,-9.76,-82.96,39.04,-136.64,-151.28,-102.48,-73.2,-4.88
-48.8,-117.12,-68.32,82.96,9.76,-92.72,19.52,-136.64,-122,-73.2,-73.2,-9.76
-39.04,-107.36,-68.32,73.2,14.64,-87.84,24.4,-112.24,-102.48,-63.44,-58.56,-9.76
-39.04,-78.08,-39.04,58.56,0,-58.56,53.68,-107.36,-102.48,-78.08,-53.68,-4.88
-102.48,-112.24,-9.76,107.36,-48.8,-63.44,19.52,-141.52,-117.12,-78.08,-53.68,-4.88
-97.6,-102.48,-4.88,102.48,-48.8,-53.68,14.64,-161.04,-136.64,-82.96,-58.56,-9.76
-39.04,-58.56,-19.52,48.8,-9.76,-39.04,34.16,-146.4,-151.28,-97.6,-63.44,-9.76
-39.04,-73.2,-34.16,58.56,-4.88,-53.68,39.04,-146.4,-131.76,-97.6,-78.08,-19.52
-102.48,-136.64,-34.16,122,-34.16,-87.84,39.04,-156.16,-112.24,-78.08,-73.2,-24.4
-97.6,-136.64,-39.04,117.12,-29.28,-87.84,29.28,-161.04,-122,-87.84,-63.44,-14.64
-53.68,-117.12,-63.44,87.84,4.88,-92.72,14.64,-161.04,-122,-73.2,-53.68,-9.76
-63.44,-107.36,-43.92,87.84,-9.76,-78.08,24.4,-146.4,-117.12,-43.92,-39.04,-4.88
-58.56,-87.84,-29.28,73.2,-14.64,-58.56,14.64,-170.8,-122,-53.68,-29.28,0
-43.92,-82.96,-39.04,63.44,-4.88,-63.44,9.76,-170.8,-126.88,-92.72,-48.8,-14.64
-53.68,-87.84,-34.16,73.2,-9.76,-63.44,29.28,-170.8,-122,-117.12,-78.08,-34.16
-58.56,-97.6,-39.04,78.08,-9.76,-68.32,19.52,-165.92,-131.76,-117.12,-78.08,-29.28
-82.96,-117.12,-34.16,102.48,-24.4,-78.08,24.4,-165.92,-131.76,-107.36,-68.32,-19.52
-34.16,-87.84,-53.68,63.44,9.76,-73.2,9.76,-185.44,-151.28,-102.48,-58.56,-19.52
-39.04,-87.84,-48.8,63.44,4.88,-68.32,0,-190.32,-131.76,-63.44,-43.92,-4.88
-29.28,-73.2,-43.92,53.68,4.88,-58.56,0,-180.56,-131.76,-68.32,-43.92,-9.76
-43.92,-68.32,-24.4,58.56,-9.76,-48.8,0,-180.56,-126.88,-87.84,-48.8,-14.64
-92.72,-107.36,-14.64,102.48,-39.04,-63.44,-14.64,-195.2,-151.28,-112.24,-78.08,-39.04
-78.08,-92.72,-14.64,87.84,-34.16,-53.68,9.76,-190.32,-175.68,-131.76,-87.84,-43.92
-53.68,-102.48,-48.8,78.08,-4.88,-78.08,-4.88,-200.08,-156.16,-117.12,-73.2,-34.16
-43.92,-117.12,-73.2,82.96,14.64,-97.6,-4.88,-200.08,-146.4,-102.48,-58.56,-29.28
-34.16,-97.6,-63.44,68.32,14.64,-82.96,4.88,-209.84,-146.4,-102.48,-53.68,-34.16
-73.2,-112.24,-39.04,92.72,-19.52,-78.08,-4.88,-214.72,-151.28,-112.24,-63.44,-39.04
-68.32,-107.36,-39.04,87.84,-14.64,-73.2,14.64,-204.96,-156.16,-112.24,-73.2,-48.8
-29.28,-68.32,-39.04,48.8,4.88,-53.68,29.28,-204.96,-180.56,-151.28,-92.72,-58.56
-29.28,-82.96,-53.68,58.56,9.76,-68.32,14.64,-214.72,-180.56,-141.52,-82.96,-48.8
-73.2,-112.24,-39.04,92.72,-19.52,-78.08,4.88,-219.6,-151.28,-107.36,-63.44,-34.16
-39.04,-78.08,-39.04,58.56,0,-58.56,19.52,-209.84,-136.64,-87.84,-58.56,-39.04
-9.76,-58.56,-48.8,34.16,19.52,-53.68,14.64,-219.6,-151.28,-107.36,-63.44,-43.92
-19.52,-73.2,-53.68,48.8,14.64,-63.44,-14.64,-229.36,-151.28,-112.24,-73.2,-53.68
-34.16,-82.96,-48.8,58.56,4.88,-68.32,0,-229.36,-165.92,-126.88,-78.08,-58.56
-14.64,-73.2,-58.56,43.92,19.52,-68.32,9.76,-229.36,-185.44,-151.28,-87.84,-58.56
-29.28,-87.84,-58.56,58.56,14.64,-73.2,9.76,-248.88,-195.2,-151.28,-87.84,-48.8
-43.92,-107.36,-63.44,78.08,9.76,-87.84,0,-268.4,-190.32,-112.24,-68.32,-39.04
-29.28,-97.6,-68.32,63.44,19.52,-82.96,0,-268.4,-190.32,-97.6,-48.8,-39.04
-4.88,-92.72,-87.84,48.8,39.04,-92.72,-4.88,-253.76,-185.44,-122,-63.44,-39.04
-29.28,-126.88,-97.6,78.08,34.16,-112.24,-4.88,-263.52,-185.44,-156.16,-92.72,-63.44
-58.56,-156.16,-97.6,107.36,19.52,-126.88,0,-253.76,-190.32,-185.44,-131.76,-92.72
-53.68,-165.92,-112.24,112.24,29.28,-141.52,-9.76,-263.52,-214.72,-234.24,-161.04,-112.24
-58.56,-175.68,-117.12,117.12,29.28,-146.4,-24.4,-273.28,-214.72,-239.12,-161.04,-107.36
-53.68,-165.92,-112.24,112.24,29.28,-141.52,-4.88,-283.04,-204.96,-224.48,-151.28,-102.48
-29.28,-112.24,-82.96,73.2,24.4,-97.6,19.52,-273.28,-195.2,-190.32,-122,-82.96
-4.88,-82.96,-78.08,43.92,34.16,-82.96,9.76,-283.04,-200.08,-185.44,-112.24,-73.2
9.76,-68.32,-78.08,29.28,43.92,-73.2,9.76,-287.92,-204.96,-195.2,-112.24,-78.08
-4.88,-78.08,-73.2,43.92,34.16,-78.08,0,-297.68,-224.48,-214.72,-141.52,-97.6
-34.16,-102.48,-68.32,68.32,14.64,-87.84,-19.52,-307.44,-234.24,-219.6,-141.52,-102.48
-53.68,-141.52,-87.84,97.6,14.64,-117.12,-19.52,-317.2,-239.12,-224.48,-141.52,-107.36
-34.16,-136.64,-102.48,87.84,34.16,-122,-14.64,-317.2,-239.12,-204.96,-136.64,-102.48
-29.28,-122,-92.72,78.08,29.28,-107.36,-4.88,-292.8,-229.36,-229.36,-146.4,-107.36
-24.4,-107.36,-82.96,68.32,29.28,-97.6,14.64,-297.68,-234.24,-263.52,-165.92,-117.12
0,-78.08,-78.08,39.04,39.04,-78.08,29.28,-297.68,-239.12,-268.4,-165.92,-112.24
-39.04,-136.64,-97.6,87.84,29.28,-117.12,14.64,-322.08,-278.16,-307.44,-200.08,-146.4
-48.8,-146.4,-97.6,97.6,24.4,-122,-4.88,-346.48,-307.44,-317.2,-214.72,-151.28
-34.16,-112.24,-78.08,73.2,19.52,-97.6,0,-341.6,-292.8,-292.8,-180.56,-126.88
-34.16,-126.88,-92.72,82.96,29.28,-112.24,0,-336.72,-307.44,-317.2,-200.08,-136.64
4.88,-102.48,-107.36,48.8,53.68,-107.36,9.76,-336.72,-322.08,-351.36,-224.48,-151.28
-19.52,-122,-102.48,73.2,39.04,-112.24,4.88,-356.24,-331.84,-366,-229.36,-151.28
-29.28,-126.88,-97.6,78.08,34.16,-112.24,-9.76,-356.24,-331.84,-370.88,-244,-165.92
-14.64,-112.24,-97.6,63.44,39.04,-107.36,-4.88,-356.24,-322.08,-351.36,-234.24,-156.16
9.76,-87.84,-97.6,39.04,53.68,-92.72,14.64,-351.36,-307.44,-326.96,-214.72,-141.52
-19.52,-107.36,-87.84,63.44,34.16,-97.6,4.88,-375.76,-317.2,-331.84,-214.72,-146.4
-34.16,-117.12,-82.96,78.08,24.4,-102.48,0,-370.88,-346.48,-356.24,-229.36,-161.04
-34.16,-107.36,-73.2,73.2,19.52,-92.72,-9.76,-380.64,-361.12,-356.24,-224.48,-146.4
-29.28,-102.48,-73.2,68.32,19.52,-87.84,-29.28,-390.4,-370.88,-356.24,-224.48,-146.4
-4.88,-87.84,-82.96,48.8,39.04,-87.84,-9.76,-385.52,-375.76,-375.76,-239.12,-156.16
9.76,-73.2,-82.96,34.16,43.92,-78.08,9.76,-370.88,-390.4,-405.04,-253.76,-161.04
29.28,-53.68,-82.96,14.64,53.68,-68.32,14.64,-370.88,-375.76,-414.8,-253.76,-156.16
0,-73.2,-73.2,39.04,34.16,-73.2,4.88,-385.52,-375.76,-414.8,-263.52,-170.8
-19.52,-82.96,-63.44,53.68,19.52,-73.2,4.88,-380.64,-361.12,-380.64,-244,-156.16
-9.76,-78.08,-68.32,43.92,29.28,-73.2,-4.88,-385.52,-356.24,-361.12,-224.48,-136.64
-4.88,-68.32,-63.44,39.04,29.28,-68.32,-4.88,-385.52,-351.36,-351.36,-195.2,-117.12
-19.52,-63.44,-43.92,43.92,9.76,-53.68,0,-380.64,-346.48,-336.72,-190.32,-107.36
-14.64,-53.68,-39.04,34.16,9.76,-48.8,24.4,-370.88,-366,-356.24,-200.08,-112.24
-19.52,-58.56,-39.04,39.04,9.76,-48.8,24.4,-380.64,-370.88,-375.76,-214.72,-126.88
-63.44,-107.36,-43.92,87.84,-9.76,-78.08,4.88,-385.52,-375.76,-370.88,-214.72,-131.76
-48.8,-73.2,-24.4,63.44,-14.64,-48.8,0,-380.64,-361.12,-331.84,-185.44,-112.24
-53.68,-68.32,-14.64,63.44,-19.52,-43.92,9.76,-380.64,-336.72,-307.44,-165.92,-97.6
-58.56,-58.56,0,58.56,-29.28,-29.28,9.76,-366,-336.72,-302.56,-156.16,-97.6
-43.92,-48.8,-4.88,48.8,-19.52,-29.28,4.88,-366,-336.72,-317.2,-156.16,-92.72
-14.64,-14.64,0,14.64,-9.76,-9.76,14.64,-356.24,-317.2,-292.8,-136.64,-68.32
0,-14.64,-14.64,9.76,4.88,-14.64,9.76,-361.12,-307.44,-287.92,-131.76,-68.32
-14.64,-29.28,-14.64,24.4,0,-24.4,14.64,-366,-302.56,-263.52,-117.12,-58.56
-9.76,-24.4,-14.64,19.52,0,-19.52,24.4,-361.12,-302.56,-244,-97.6,-39.04
4.88,-9.76,-14.64,4.88,9.76,-14.64,9.76,-361.12,-307.44,-234.24,-82.96,-24.4
24.4,19.52,-4.88,-19.52,14.64,4.88,14.64,-351.36,-302.56,-224.48,-73.2,-19.52
-14.64,0,14.64,9.76,-14.64,4.88,9.76,-356.24,-302.56,-214.72,-73.2,-19.52
-24.4,4.88,29.28,9.76,-29.28,14.64,4.88,-346.48,-278.16,-200.08,-68.32,-19.52
-39.04,-14.64,24.4,29.28,-34.16,4.88,4.88,-336.72,-283.04,-224.48,-87.84,-34.16
-53.68,-29.28,24.4,43.92,-39.04,-4.88,-4.88,-351.36,-292.8,-229.36,-87.84,-43.92
-24.4,-9.76,14.64,19.52,-19.52,0,-19.52,-361.12,-283.04,-209.84,-73.2,-34.16
4.88,24.4,19.52,-14.64,-9.76,19.52,0,-346.48,-263.52,-175.68,-48.8,-14.64
0,24.4,24.4,-9.76,-14.64,24.4,-9.76,-341.6,-273.28,-170.8,-43.92,-14.64
-34.16,-24.4,9.76,29.28,-24.4,-9.76,-34.16,-361.12,-287.92,-180.56,-48.8,-19.52
-63.44,-48.8,14.64,58.56,-39.04,-19.52,-24.4,-351.36,-292.8,-180.56,-48.8,-14.64
-48.8,-43.92,4.88,48.8,-29.28,-19.52,-24.4,-346.48,-283.04,-175.68,-48.8,-14.64
-53.68,-48.8,4.88,53.68,-29.28,-24.4,-19.52,-336.72,-283.04,-170.8,-43.92,-14.64
-14.64,-9.76,4.88,14.64,-9.76,-4.88,-14.64,-326.96,-273.28,-156.16,-39.04,-14.64
4.88,9.76,4.88,-4.88,0,4.88,-4.88,-312.32,-268.4,-151.28,-39.04,-19.52
-19.52,-24.4,-4.88,24.4,-9.76,-14.64,-9.76,-326.96,-248.88,-141.52,-48.8,-34.16
-24.4,-19.52,4.88,24.4,-14.64,-9.76,4.88,-317.2,-253.76,-146.4,-48.8,-29.28
-73.2,-43.92,29.28,58.56,-53.68,-9.76,-4.88,-336.72,-287.92,-170.8,-53.68,-39.04
-87.84,-48.8,39.04,68.32,-63.44,-4.88,-29.28,-341.6,-283.04,-170.8,-53.68,-43.92
-82.96,-39.04,43.92,63.44,-63.44,0,-24.4,-336.72,-283.04,-170.8,-58.56,-43.92
-39.04,9.76,48.8,14.64,-43.92,29.28,-29.28,-326.96,-273.28,-146.4,-43.92,-24.4
-9.76,24.4,34.16,-4.88,-24.4,29.28,-4.88,-307.44,-263.52,-146.4,-39.04,-19.52
-19.52,-4.88,14.64,14.64,-19.52,4.88,9.76,-287.92,-258.64,-146.4,-34.16,-24.4
-29.28,-19.52,9.76,24.4,-19.52,-4.88,14.64,-292.8,-244,-146.4,-34.16,-43.92
-48.8,-43.92,4.88,48.8,-29.28,-19.52,0,-292.8,-248.88,-136.64,-39.04,-48.8
-82.96,-63.44,19.52,73.2,-53.68,-24.4,-9.76,-297.68,-244,-131.76,-39.04,-53.68
-29.28,-24.4,4.88,29.28,-19.52,-9.76,4.88,-278.16,-234.24,-122,-19.52,-39.04
14.64,4.88,-9.76,-9.76,9.76,-4.88,4.88,-283.04,-224.48,-122,-9.76,-34.16
-58.56,-39.04,19.52,48.8,-39.04,-9.76,0,-273.28,-219.6,-131.76,-19.52,-34.16
-82.96,-48.8,34.16,68.32,-58.56,-9.76,4.88,-268.4,-224.48,-122,-19.52,-43.92
-48.8,-29.28,19.52,39.04,-34.16,-4.88,14.64,-258.64,-229.36,-131.76,-14.64,-43.92
-39.04,-24.4,14.64,34.16,-29.28,-4.88,24.4,-258.64,-234.24,-136.64,-19.52,-43.92
-34.16,-9.76,24.4,24.4,-29.28,4.88,24.4,-248.88,-229.36,-141.52,-19.52,-43.92
-53.68,-9.76,43.92,34.16,-48.8,14.64,19.52,-239.12,-224.48,-131.76,-24.4,-43.92
-34.16,9.76,43.92,14.64,-39.04,24.4,29.28,-214.72,-204.96,-131.76,-14.64,-43.92
-24.4,0,24.4,14.64,-24.4,9.76,34.16,-214.72,-190.32,-122,-14.64,-39.04
-63.44,-39.04,24.4,53.68,-43.92,-9.76,24.4,-229.36,-200.08,-131.76,-19.52,-48.8
-39.04,-9.76,29.28,24.4,-34.16,9.76,34.16,-229.36,-180.56,-102.48,0,-39.04
-24.4,4.88,29.28,9.76,-29.28,14.64,14.64,-224.48,-170.8,-73.2,14.64,-29.28
-29.28,0,29.28,14.64,-29.28,14.64,14.64,-214.72,-175.68,-73.2,29.28,-24.4
-34.16,0,34.16,19.52,-34.16,14.64,24.4,-209.84,-180.56,-97.6,9.76,-34.16
-19.52,4.88,24.4,9.76,-24.4,14.64,19.52,-195.2,-185.44,-112.24,0,-39.04
-34.16,-14.64,19.52,24.4,-29.28,0,9.76,-195.2,-190.32,-126.88,-9.76,-43.92
-19.52,0,19.52,9.76,-19.52,9.76,29.28,-180.56,-165.92,-112.24,0,-43.92
4.88,34.16,29.28,-19.52,-14.64,29.28,43.92,-151.28,-136.64,-82.96,19.52,-34.16
-48.8,-29.28,19.52,39.04,-34.16,-4.88,24.4,-146.4,-131.76,-78.08,14.64,-34.16
-39.04,-19.52,19.52,29.28,-29.28,0,14.64,-165.92,-131.76,-63.44,24.4,-39.04
-4.88,19.52,24.4,-4.88,-14.64,19.52,24.4,-146.4,-102.48,-48.8,34.16,-29.28
0,24.4,24.4,-9.76,-14.64,24.4,34.16,-146.4,-107.36,-63.44,29.28,-34.16
-9.76,9.76,19.52,0,-14.64,14.64,29.28,-146.4,-107.36,-58.56,29.28,-34.16
-14.64,9.76,24.4,4.88,-19.52,14.64,24.4,-151.28,-112.24,-48.8,39.04,-39.04
-68.32,-29.28,39.04,48.8,-53.68,4.88,9.76,-146.4,-107.36,-24.4,43.92,-29.28
-43.92,-9.76,34.16,29.28,-39.04,9.76,14.64,-141.52,-92.72,-19.52,53.68,-24.4
19.52,43.92,24.4,-29.28,-4.88,34.16,39.04,-102.48,-58.56,-9.76,68.32,-9.76
9.76,53.68,43.92,-29.28,-19.52,48.8,48.8,-82.96,-43.92,-24.4,58.56,-9.76
-4.88,19.52,24.4,-4.88,-14.64,19.52,53.68,-87.84,-43.92,-34.16,48.8,-19.52
-19.52,-14.64,4.88,19.52,-14.64,-4.88,39.04,-97.6,-43.92,-29.28,43.92,-29.28
-29.28,-24.4,4.88,29.28,-19.52,-9.76,39.04,-92.72,-34.16,-19.52,53.68,-34.16
-14.64,-4.88,9.76,9.76,-14.64,0,39.04,-82.96,-34.16,0,68.32,-19.52
-14.64,14.64,29.28,0,-24.4,19.52,48.8,-68.32,-14.64,19.52,92.72,-4.88
-9.76,34.16,43.92,-9.76,-29.28,39.04,58.56,-53.68,-14.64,19.52,92.72,-14.64
-19.52,14.64,34.16,4.88,-29.28,24.4,58.56,-48.8,-24.4,14.64,82.96,-19.52
-9.76,14.64,24.4,0,-19.52,19.52,58.56,-43.92,-19.52,24.4,87.84,-19.52
4.88,48.8,43.92,-24.4,-19.52,43.92,68.32,-24.4,4.88,48.8,107.36,4.88
-29.28,9.76,39.04,9.76,-34.16,24.4,58.56,-29.28,0,43.92,97.6,-14.64
-9.76,29.28,39.04,-9.76,-24.4,34.16,63.44,-14.64,14.64,48.8,107.36,-9.76
9.76,48.8,39.04,-29.28,-14.64,43.92,78.08,0,29.28,63.44,112.24,-4.88
-14.64,14.64,29.28,0,-24.4,19.52,63.44,-14.64,14.64,48.8,92.72,-24.4
-4.88,19.52,24.4,-4.88,-14.64,19.52,53.68,-19.52,4.88,53.68,97.6,-24.4
-9.76,29.28,39.04,-9.76,-24.4,34.16,43.92,-19.52,9.76,63.44,107.36,-14.64
0,43.92,43.92,-19.52,-24.4,43.92,48.8,-24.4,14.64,78.08,112.24,-4.88
14.64,73.2,58.56,-43.92,-24.4,63.44,68.32,9.76,34.16,92.72,126.88,0
24.4,92.72,68.32,-58.56,-24.4,78.08,73.2,19.52,39.04,87.84,126.88,0
-19.52,53.68,73.2,-14.64,-48.8,63.44,63.44,14.64,29.28,68.32,107.36,-19.52
-58.56,9.76,68.32,24.4,-63.44,39.04,48.8,-4.88,14.64,68.32,102.48,-34.16
-39.04,24.4,63.44,9.76,-53.68,43.92,48.8,0,24.4,78.08,112.24,-19.52
-9.76,43.92,53.68,-14.64,-34.16,48.8,43.92,4.88,29.28,92.72,122,-14.64
-14.64,39.04,53.68,-9.76,-34.16,43.92,43.92,-9.76,29.28,92.72,117.12,-19.52
29.28,53.68,24.4,-39.04,0,39.04,48.8,-4.88,24.4,82.96,107.36,-24.4
39.04,53.68,14.64,-43.92,9.76,34.16,48.8,4.88,14.64,68.32,107.36,-19.52
24.4,48.8,24.4,-34.16,0,34.16,43.92,4.88,14.64,78.08,107.36,-24.4
39.04,73.2,34.16,-53.68,0,53.68,53.68,14.64,24.4,92.72,117.12,-14.64
39.04,78.08,39.04,-58.56,0,58.56,39.04,14.64,29.28,97.6,122,-14.64
-19.52,9.76,29.28,4.88,-24.4,19.52,4.88,0,9.76,78.08,92.72,-39.04
-19.52,9.76,29.28,4.88,-24.4,19.52,-4.88,-19.52,0,68.32,73.2,-53.68
39.04,73.2,34.16,-53.68,0,53.68,14.64,14.64,19.52,73.2,92.72,-34.16
39.04,73.2,34.16,-53.68,0,53.68,14.64,9.76,24.4,73.2,87.84,-39.04
-4.88,34.16,39.04,-14.64,-24.4,34.16,9.76,4.88,9.76,78.08,87.84,-34.16
19.52,63.44,43.92,-39.04,-14.64,53.68,19.52,14.64,19.52,87.84,97.6,-19.52
29.28,53.68,24.4,-39.04,0,39.04,14.64,4.88,9.76,78.08,92.72,-19.52
-24.4,0,24.4,14.64,-24.4,9.76,4.88,-19.52,-14.64,63.44,73.2,-34.16
-48.8,-9.76,39.04,29.28,-43.92,14.64,0,-19.52,-14.64,68.32,73.2,-29.28
-9.76,24.4,34.16,-4.88,-24.4,29.28,0,0,4.88,78.08,82.96,-24.4
-9.76,39.04,48.8,-14.64,-29.28,43.92,0,4.88,0,82.96,82.96,-24.4
-19.52,14.64,34.16,4.88,-29.28,24.4,-14.64,-19.52,-14.64,63.44,58.56,-39.04
-34.16,0,34.16,19.52,-34.16,14.64,-14.64,-9.76,0,63.44,58.56,-39.04
-19.52,-4.88,14.64,14.64,-19.52,4.88,-19.52,-4.88,-4.88,63.44,58.56,-34.16
-9.76,9.76,19.52,0,-14.64,14.64,-4.88,0,-9.76,68.32,63.44,-24.4
9.76,34.16,24.4,-19.52,-9.76,29.28,4.88,4.88,-9.76,63.44,63.44,-19.52
-4.88,0,4.88,4.88,-4.88,0,-9.76,-9.76,-29.28,53.68,53.68,-34.16
29.28,43.92,14.64,-34.16,4.88,29.28,9.76,4.88,-9.76,73.2,63.44,-19.52
4.88,29.28,24.4,-14.64,-9.76,24.4,9.76,0,-19.52,73.2,63.44,-9.76
-43.92,-19.52,24.4,34.16,-34.16,0,0,-14.64,-29.28,53.68,43.92,-24.4
-19.52,-4.88,14.64,14.64,-19.52,4.88,-4.88,0,-19.52,58.56,53.68,-14.64
-4.88,0,4.88,4.88,-4.88,0,-9.76,0,-29.28,53.68,39.04,-24.4
19.52,14.64,-4.88,-14.64,9.76,4.88,-9.76,9.76,-14.64,58.56,48.8,-19.52
24.4,34.16,9.76,-29.28,4.88,19.52,0,14.64,-9.76,63.44,48.8,-14.64
19.52,24.4,4.88,-19.52,4.88,14.64,-4.88,0,-19.52,58.56,48.8,-19.52
-29.28,-34.16,-4.88,34.16,-14.64,-19.52,-19.52,-14.64,-39.04,48.8,34.16,-48.8
9.76,0,-9.76,-4.88,9.76,-4.88,-9.76,-14.64,-39.04,53.68,48.8,-48.8
24.4,34.16,9.76,-29.28,4.88,19.52,4.88,-14.64,-34.16,63.44,48.8,-43.92
9.76,34.16,24.4,-19.52,-9.76,29.28,-9.76,0,-24.4,53.68,43.92,-48.8
-24.4,-14.64,9.76,19.52,-19.52,-4.88,-19.52,-4.88,-34.16,39.04,24.4,-73.2
-34.16,-29.28,4.88,34.16,-19.52,-14.64,-19.52,-19.52,-48.8,39.04,24.4,-78.08
-9.76,4.88,14.64,4.88,-14.64,9.76,-14.64,-9.76,-39.04,39.04,24.4,-73.2
4.88,14.64,9.76,-9.76,-4.88,9.76,-4.88,4.88,-29.28,39.04,24.4,-78.08
0,4.88,4.88,0,-4.88,4.88,0,-4.88,-34.16,34.16,14.64,-92.72
0,9.76,9.76,-4.88,-4.88,9.76,4.88,-9.76,-43.92,48.8,19.52,-92.72
19.52,24.4,4.88,-19.52,4.88,14.64,4.88,-9.76,-39.04,53.68,29.28,-87.84
19.52,24.4,4.88,-19.52,4.88,14.64,9.76,-4.88,-29.28,58.56,34.16,-82.96
9.76,24.4,14.64,-14.64,-4.88,19.52,14.64,-9.76,-39.04,58.56,29.28,-82.96
19.52,34.16,14.64,-24.4,0,24.4,14.64,-4.88,-39.04,53.68,34.16,-78.08
39.04,43.92,4.88,-39.04,14.64,24.4,24.4,0,-39.04,53.68,39.04,-87.84
-14.64,-19.52,-4.88,19.52,-4.88,-14.64,0,-14.64,-53.68,29.28,9.76,-102.48
-34.16,-29.28,4.88,34.16,-19.52,-14.64,0,-9.76,-53.68,14.64,0,-112.24
-9.76,-9.76,0,9.76,-4.88,-4.88,4.88,-4.88,-43.92,24.4,0,-112.24
48.8,43.92,-4.88,-43.92,24.4,19.52,24.4,14.64,-34.16,34.16,19.52,-102.48
4.88,0,-4.88,0,4.88,-4.88,14.64,-9.76,-53.68,29.28,0,-112.24
-24.4,-29.28,-4.88,29.28,-9.76,-19.52,-14.64,-34.16,-63.44,14.64,0,-126.88
-58.56,-43.92,14.64,53.68,-39.04,-14.64,-9.76,-39.04,-63.44,24.4,4.88,-122
-48.8,-19.52,29.28,34.16,-39.04,4.88,-9.76,-34.16,-63.44,29.28,9.76,-112.24
-4.88,4.88,9.76,0,-9.76,4.88,-4.88,-24.4,-53.68,34.16,9.76,-107.36
0,9.76,9.76,-4.88,-4.88,9.76,0,-19.52,-48.8,24.4,0,-112.24
24.4,29.28,4.88,-24.4,9.76,14.64,9.76,-4.88,-39.04,34.16,9.76,-102.48
4.88,9.76,4.88,-4.88,0,4.88,0,-14.64,-48.8,14.64,-9.76,-122
14.64,29.28,14.64,-19.52,0,19.52,19.52,0,-29.28,24.4,4.88,-112.24
29.28,39.04,9.76,-34.16,9.76,24.4,24.4,4.88,-24.4,29.28,9.76,-102.48
4.88,9.76,4.88,-4.88,0,4.88,4.88,-9.76,-43.92,19.52,-4.88,-122
-29.28,-29.28,0,29.28,-14.64,-14.64,-4.88,-29.28,-58.56,9.76,-14.64,-136.64
-14.64,-4.88,9.76,9.76,-14.64,0,9.76,-24.4,-53.68,19.52,0,-126.88
9.76,24.4,14.64,-14.64,-4.88,19.52,9.76,-14.64,-48.8,34.16,9.76,-122
53.68,68.32,14.64,-58.56,19.52,39.04,24.4,-4.88,-29.28,53.68,29.28,-102.48
48.8,63.44,14.64,-53.68,14.64,39.04,14.64,-4.88,-39.04,43.92,19.52,-112.24
9.76,29.28,19.52,-19.52,-4.88,24.4,4.88,-4.88,-43.92,24.4,9.76,-122
-14.64,-4.88,9.76,9.76,-14.64,0,-9.76,-14.64,-48.8,9.76,-19.52,-126.88
-24.4,-9.76,14.64,19.52,-19.52,0,-4.88,-19.52,-43.92,9.76,-14.64,-122
4.88,14.64,9.76,-9.76,-4.88,9.76,4.88,-14.64,-43.92,4.88,-14.64,-112.24
9.76,19.52,9.76,-14.64,0,14.64,9.76,-9.76,-39.04,9.76,-9.76,-97.6
4.88,14.64,9.76,-9.76,-4.88,9.76,0,-14.64,-39.04,14.64,-14.64,-92.72
-14.64,-9.76,4.88,14.64,-9.76,-4.88,-9.76,-24.4,-43.92,4.88,-14.64,-92.72
9.76,19.52,9.76,-14.64,0,14.64,0,-24.4,-48.8,4.88,-14.64,-73.2
53.68,48.8,-4.88,-48.8,29.28,19.52,14.64,-14.64,-39.04,14.64,-4.88,-48.8
24.4,34.16,9.76,-29.28,4.88,19.52,9.76,-9.76,-39.04,4.88,-9.76,-43.92
-9.76,4.88,14.64,4.88,-14.64,9.76,4.88,-9.76,-39.04,0,-14.64,-39.04
-4.88,4.88,9.76,0,-9.76,4.88,-4.88,-19.52,-48.8,-4.88,-29.28,-43.92
-9.76,0,9.76,4.88,-9.76,4.88,-19.52,-24.4,-39.04,0,-24.4,-48.8
9.76,14.64,4.88,-9.76,0,9.76,-9.76,-14.64,-34.16,0,-29.28,-43.92
-4.88,0,4.88,4.88,-4.88,0,-19.52,-19.52,-39.04,-9.76,-29.28,-34.16
4.88,-4.88,-9.76,0,4.88,-9.76,-29.28,-34.16,-48.8,-14.64,-39.04,-39.04
19.52,19.52,0,-19.52,9.76,9.76,-14.64,-24.4,-48.8,0,-19.52,-24.4
19.52,39.04,19.52,-29.28,0,29.28,-9.76,-19.52,-48.8,9.76,-14.64,-4.88
0,24.4,24.4,-9.76,-14.64,24.4,-9.76,-24.4,-43.92,19.52,-9.76,4.88
-14.64,14.64,29.28,0,-24.4,19.52,-19.52,-24.4,-43.92,9.76,-24.4,-9.76
14.64,39.04,24.4,-24.4,-4.88,29.28,-14.64,-9.76,-43.92,4.88,-19.52,0
29.28,58.56,29.28,-43.92,0,43.92,-14.64,0,-34.16,4.88,-19.52,0
73.2,58.56,-14.64,-63.44,43.92,19.52,-24.4,-4.88,-39.04,-4.88,-24.4,-9.76
24.4,24.4,0,-24.4,9.76,9.76,-29.28,-9.76,-39.04,-9.76,-34.16,-14.64
-63.44,-29.28,34.16,48.8,-48.8,0,-29.28,-19.52,-53.68,-19.52,-43.92,-29.28
-48.8,-14.64,34.16,34.16,-43.92,9.76,-19.52,-14.64,-43.92,-4.88,-34.16,-19.52
0,14.64,14.64,-4.88,-9.76,14.64,-29.28,-19.52,-43.92,-9.76,-29.28,-19.52
39.04,24.4,-14.64,-29.28,24.4,4.88,-53.68,-24.4,-58.56,-19.52,-39.04,-34.16
4.88,14.64,9.76,-9.76,-4.88,9.76,-39.04,-19.52,-48.8,-14.64,-34.16,-29.28
24.4,43.92,19.52,-34.16,0,29.28,-29.28,9.76,-34.16,9.76,-19.52,-14.64
4.88,14.64,9.76,-9.76,-4.88,9.76,-39.04,0,-48.8,-9.76,-39.04,-29.28
19.52,24.4,4.88,-19.52,4.88,14.64,-24.4,0,-39.04,-9.76,-39.04,-19.52
-34.16,-24.4,9.76,29.28,-24.4,-9.76,-39.04,-19.52,-48.8,-29.28,-48.8,-39.04
4.88,4.88,0,-4.88,0,0,-29.28,-9.76,-34.16,-14.64,-43.92,-34.16
29.28,29.28,0,-29.28,14.64,14.64,-24.4,9.76,-24.4,-9.76,-34.16,-24.4
-4.88,0,4.88,4.88,-4.88,0,-24.4,0,-34.16,-14.64,-39.04,-29.28
24.4,14.64,-9.76,-19.52,14.64,0,-24.4,9.76,-24.4,-4.88,-34.16,-24.4
19.52,9.76,-9.76,-14.64,14.64,0,-24.4,14.64,-24.4,-4.88,-34.16,-24.4
9.76,-4.88,-14.64,0,9.76,-9.76,-24.4,-9.76,-43.92,-24.4,-48.8,-39.04
-4.88,-19.52,-14.64,14.64,4.88,-19.52,-24.4,-19.52,-53.68,-34.16,-53.68,-53.68
14.64,0,-14.64,-4.88,14.64,-9.76,-14.64,4.88,-34.16,-24.4,-43.92,-43.92
53.68,39.04,-14.64,-43.92,34.16,9.76,0,14.64,-9.76,-4.88,-34.16,-34.16
39.04,19.52,-19.52,-29.28,29.28,0,0,19.52,-9.76,-9.76,-39.04,-43.92
24.4,9.76,-14.64,-14.64,19.52,-4.88,-9.76,14.64,-9.76,-19.52,-48.8,-48.8
14.64,-9.76,-24.4,0,19.52,-19.52,-24.4,4.88,-19.52,-24.4,-48.8,-48.8
29.28,4.88,-24.4,-14.64,24.4,-9.76,-19.52,0,-14.64,-19.52,-48.8,-48.8
19.52,19.52,0,-19.52,9.76,9.76,4.88,14.64,0,-4.88,-34.16,-29.28
24.4,29.28,4.88,-24.4,9.76,14.64,19.52,29.28,4.88,4.88,-19.52,-14.64
9.76,4.88,-4.88,-4.88,4.88,0,4.88,24.4,4.88,0,-24.4,-24.4
14.64,19.52,4.88,-14.64,4.88,9.76,19.52,24.4,4.88,0,-29.28,-24.4
29.28,19.52,-9.76,-24.4,19.52,4.88,9.76,29.28,0,-14.64,-39.04,-29.28
-34.16,-48.8,-14.64,43.92,-9.76,-34.16,-19.52,4.88,-19.52,-34.16,-68.32,-63.44
-43.92,-48.8,-4.88,48.8,-19.52,-29.28,-4.88,29.28,0,-29.28,-63.44,-53.68
-9.76,4.88,14.64,4.88,-14.64,9.76,29.28,68.32,29.28,-9.76,-48.8,-39.04
4.88,0,-4.88,0,4.88,-4.88,43.92,92.72,39.04,-14.64,-58.56,-43.92
-4.88,-9.76,-4.88,9.76,0,-9.76,73.2,131.76,68.32,-4.88,-63.44,-53.68
0,-24.4,-24.4,14.64,9.76,-24.4,87.84,165.92,92.72,-4.88,-68.32,-73.2
-14.64,-48.8,-34.16,34.16,9.76,-43.92,112.24,234.24,141.52,-4.88,-82.96,-87.84
24.4,-24.4,-48.8,0,34.16,-39.04,146.4,322.08,219.6,24.4,-68.32,-73.2
19.52,0,-19.52,-9.76,19.52,-9.76,165.92,409.92,312.32,78.08,-34.16,-48.8
29.28,43.92,14.64,-34.16,4.88,29.28,200.08,492.88,380.64,122,0,-19.52
43.92,58.56,14.64,-48.8,14.64,34.16,204.96,517.28,419.68,156.16,24.4,4.88
34.16,53.68,19.52,-43.92,4.88,34.16,175.68,507.52,453.84,209.84,73.2,39.04
68.32,126.88,58.56,-97.6,4.88,92.72,151.28,497.76,517.28,331.84,180.56,126.88
165.92,253.76,87.84,-209.84,39.04,170.8,102.48,448.96,595.36,488,346.48,273.28
219.6,331.84,112.24,-273.28,53.68,219.6,39.04,385.52,673.44,683.2,551.44,448.96
287.92,424.56,136.64,-356.24,73.2,278.16,-29.28,326.96,785.68,912.56,780.8,649.04
409.92,570.96,161.04,-488,122,366,-102.48,263.52,902.8,1166.32,1029.68,868.64
439.2,605.12,165.92,-522.16,136.64,385.52,-185.44,136.64,936.96,1361.52,1249.28,1054.08
473.36,663.68,190.32,-566.08,141.52,424.56,-263.52,-4.88,951.6,1566.48,1498.16,1259.04
512.4,756.4,244,-634.4,131.76,497.76,-322.08,-161.04,951.6,1790.96,1742.16,1483.52
536.8,883.28,346.48,-707.6,92.72,614.88,-341.6,-307.44,907.68,1986.16,1971.52,1683.6
483.12,976,492.88,-727.12,-4.88,732,-341.6,-492.88,692.96,2020.32,2059.36,1800.72
468.48,1073.6,605.12,-771.04,-68.32,839.36,-356.24,-614.88,517.28,2020.32,2117.92,1883.68
434.32,1117.52,683.2,-775.92,-126.88,897.92,-370.88,-761.28,273.28,1893.44,2069.12,1883.68
390.4,1122.4,732,-756.4,-170.8,927.2,-405.04,-976,-107.36,1620.16,1873.92,1776.32
312.32,1005.28,692.96,-658.8,-190.32,849.12,-424.56,-1141.92,-448.96,1220,1532.32,1527.44
209.84,780.8,570.96,-492.88,-180.56,673.44,-434.32,-1307.84,-810.08,619.76,976,1088.24
131.76,585.6,453.84,-356.24,-161.04,517.28,-400.16,-1400.56,-1132.16,39.04,424.56,653.92
9.76,380.64,370.88,-195.2,-180.56,375.76,-351.36,-1429.84,-1332.24,-380.64,9.76,302.56
-68.32,312.32,380.64,-122,-224.48,346.48,-263.52,-1361.52,-1346.88,-575.84,-195.2,107.36
-126.88,214.72,341.6,-43.92,-234.24,278.16,-234.24,-1307.84,-1327.36,-678.32,-341.6,-48.8
-190.32,102.48,292.8,43.92,-244,195.2,-248.88,-1273.68,-1283.44,-736.88,-434.32,-156.16
-219.6,24.4,244,97.6,-234.24,131.76,-263.52,-1190.72,-1180.96,-736.88,-468.48,-209.84
-161.04,29.28,190.32,68.32,-175.68,107.36,-268.4,-1054.08,-1044.32,-688.08,-444.08,-219.6
-107.36,43.92,151.28,34.16,-131.76,97.6,-268.4,-907.68,-902.8,-605.12,-400.16,-200.08
-92.72,34.16,126.88,29.28,-112.24,78.08,-258.64,-771.04,-761.28,-512.4,-341.6,-170.8
-107.36,0,107.36,53.68,-107.36,53.68,-273.28,-658.8,-653.92,-453.84,-317.2,-170.8
-82.96,4.88,87.84,39.04,-87.84,43.92,-263.52,-551.44,-566.08,-409.92,-292.8,-170.8
-58.56,14.64,73.2,24.4,-68.32,43.92,-239.12,-453.84,-488,-366,-268.4,-156.16
-73.2,-9.76,63.44,43.92,-68.32,24.4,-214.72,-356.24,-385.52,-312.32,-248.88,-141.52
-53.68,-9.76,43.92,34.16,-48.8,14.64,-185.44,-258.64,-297.68,-268.4,-229.36,-136.64
-48.8,0,48.8,24.4,-48.8,24.4,-151.28,-175.68,-209.84,-219.6,-195.2,-126.88
-48.8,0,48.8,24.4,-48.8,24.4,-131.76,-122,-151.28,-180.56,-170.8,-122
-29.28,9.76,39.04,9.76,-34.16,24.4,-97.6,-73.2,-87.84,-151.28,-141.52,-102.48
-14.64,4.88,19.52,4.88,-19.52,9.76,-78.08,-34.16,-58.56,-112.24,-122,-97.6
-19.52,0,19.52,9.76,-19.52,9.76,-53.68,14.64,-19.52,-82.96,-92.72,-78.08
-34.16,-19.52,14.64,29.28,-24.4,-4.88,-39.04,43.92,-4.88,-78.08,-92.72,-78.08
4.88,19.52,14.64,-9.76,-4.88,14.64,-19.52,68.32,14.64,-58.56,-82.96,-68.32
29.28,43.92,14.64,-34.16,4.88,29.28,0,97.6,29.28,-53.68,-78.08,-58.56
-34.16,-24.4,9.76,29.28,-24.4,-9.76,-29.28,82.96,19.52,-82.96,-107.36,-87.84
-68.32,-68.32,0,68.32,-34.16,-34.16,-34.16,82.96,14.64,-92.72,-131.76,-107.36
-34.16,-39.04,-4.88,39.04,-14.64,-24.4,-24.4,97.6,39.04,-82.96,-117.12,-102.48
-4.88,-34.16,-29.28,19.52,9.76,-34.16,-24.4,107.36,53.68,-78.08,-117.12,-102.48
4.88,-39.04,-43.92,19.52,24.4,-43.92,-29.28,97.6,58.56,-78.08,-112.24,-107.36
-34.16,-58.56,-24.4,48.8,-4.88,-43.92,-34.16,97.6,58.56,-68.32,-112.24,-112.24
-19.52,-29.28,-9.76,24.4,-4.88,-19.52,-19.52,102.48,53.68,-58.56,-92.72,-97.6
4.88,-4.88,-9.76,0,4.88,-9.76,-19.52,102.48,53.68,-58.56,-87.84,-82.96
0,-14.64,-14.64,9.76,4.88,-14.64,-14.64,112.24,53.68,-58.56,-82.96,-82.96
-34.16,-63.44,-29.28,48.8,-4.88,-48.8,-24.4,117.12,43.92,-68.32,-102.48,-97.6
-19.52,-48.8,-29.28,34.16,4.88,-39.04,-24.4,122,53.68,-73.2,-102.48,-102.48
39.04,-4.88,-43.92,-14.64,39.04,-24.4,0,151.28,82.96,-58.56,-97.6,-87.84
14.64,-34.16,-48.8,9.76,29.28,-43.92,4.88,146.4,87.84,-63.44,-102.48,-92.72
-43.92,-97.6,-53.68,73.2,4.88,-78.08,-14.64,122,73.2,-82.96,-122,-112.24
-43.92,-92.72,-48.8,68.32,0,-73.2,-9.76,122,87.84,-68.32,-112.24,-107.36
-19.52,-73.2,-53.68,48.8,14.64,-63.44,0,122,87.84,-58.56,-102.48,-102.48
-24.4,-68.32,-43.92,48.8,9.76,-58.56,-4.88,117.12,73.2,-58.56,-92.72,-92.72
-19.52,-43.92,-24.4,34.16,0,-34.16,-9.76,122,63.44,-63.44,-102.48,-102.48
-29.28,-63.44,-34.16,48.8,0,-48.8,0,126.88,63.44,-58.56,-97.6,-107.36
-14.64,-53.68,-39.04,34.16,9.76,-48.8,14.64,146.4,73.2,-48.8,-87.84,-92.72
-19.52,-63.44,-43.92,43.92,9.76,-53.68,14.64,146.4,78.08,-58.56,-92.72,-97.6
-29.28,-73.2,-43.92,53.68,4.88,-58.56,14.64,141.52,78.08,-73.2,-107.36,-112.24
-24.4,-68.32,-43.92,48.8,9.76,-58.56,9.76,151.28,82.96,-63.44,-102.48,-112.24
-19.52,-78.08,-58.56,48.8,19.52,-68.32,0,136.64,87.84,-63.44,-107.36,-112.24
-39.04,-87.84,-48.8,63.44,4.88,-68.32,-4.88,131.76,87.84,-63.44,-107.36,-117.12
-73.2,-112.24,-39.04,92.72,-19.52,-78.08,9.76,126.88,73.2,-58.56,-112.24,-126.88
-24.4,-58.56,-34.16,43.92,4.88,-48.8,39.04,136.64,82.96,-43.92,-82.96,-97.6
4.88,-34.16,-39.04,14.64,19.52,-39.04,34.16,146.4,97.6,-43.92,-82.96,-92.72
9.76,-34.16,-43.92,14.64,24.4,-39.04,34.16,151.28,92.72,-43.92,-82.96,-92.72
29.28,-4.88,-34.16,-9.76,29.28,-19.52,58.56,161.04,92.72,-43.92,-82.96,-87.84
14.64,-34.16,-48.8,9.76,29.28,-43.92,43.92,161.04,92.72,-53.68,-92.72,-97.6
-39.04,-82.96,-43.92,63.44,0,-63.44,29.28,141.52,87.84,-73.2,-117.12,-126.88
-34.16,-82.96,-48.8,58.56,4.88,-68.32,34.16,151.28,87.84,-73.2,-117.12,-131.76
-19.52,-68.32,-48.8,43.92,14.64,-58.56,39.04,161.04,97.6,-63.44,-112.24,-126.88
-39.04,-87.84,-48.8,63.44,4.88,-68.32,29.28,146.4,107.36,-68.32,-107.36,-117.12
-53.68,-87.84,-34.16,73.2,-9.76,-63.44,34.16,151.28,107.36,-58.56,-107.36,-112.24
-19.52,-48.8,-29.28,34.16,4.88,-39.04,43.92,165.92,107.36,-39.04,-87.84,-97.6
-9.76,-39.04,-29.28,24.4,9.76,-34.16,48.8,161.04,107.36,-29.28,-78.08,-87.84
-4.88,-34.16,-29.28,19.52,9.76,-34.16,48.8,156.16,102.48,-34.16,-82.96,-92.72
24.4,-14.64,-39.04,-4.88,29.28,-29.28,48.8,165.92,92.72,-43.92,-82.96,-87.84
-29.28,-78.08,-48.8,53.68,9.76,-63.44,34.16,161.04,92.72,-58.56,-102.48,-107.36
-53.68,-107.36,-53.68,82.96,0,-82.96,24.4,161.04,97.6,-73.2,-117.12,-126.88
-4.88,-63.44,-58.56,34.16,24.4,-63.44,43.92,180.56,117.12,-58.56,-107.36,-126.88
-4.88,-63.44,-58.56,34.16,24.4,-63.44,48.8,180.56,122,-53.68,-102.48,-117.12
-29.28,-87.84,-58.56,58.56,14.64,-73.2,39.04,175.68,126.88,-48.8,-102.48,-117.12
-19.52,-82.96,-63.44,53.68,19.52,-73.2,34.16,165.92,117.12,-53.68,-102.48,-122
9.76,-48.8,-58.56,19.52,34.16,-53.68,43.92,180.56,122,-34.16,-82.96,-102.48
-43.92,-97.6,-53.68,73.2,4.88,-78.08,24.4,146.4,102.48,-53.68,-97.6,-112.24
-48.8,-102.48,-53.68,78.08,0,-78.08,24.4,146.4,102.48,-53.68,-102.48,-117.12
-39.04,-87.84,-48.8,63.44,4.88,-68.32,29.28,165.92,92.72,-58.56,-107.36,-117.12
0,-58.56,-58.56,29.28,29.28,-58.56,39.04,180.56,107.36,-58.56,-102.48,-112.24
4.88,-63.44,-68.32,29.28,34.16,-68.32,39.04,185.44,122,-63.44,-107.36,-117.12
-29.28,-87.84,-58.56,58.56,14.64,-73.2,39.04,180.56,117.12,-68.32,-122,-141.52
-14.64,-87.84,-73.2,53.68,29.28,-82.96,29.28,165.92,122,-73.2,-126.88,-146.4
-19.52,-92.72,-73.2,58.56,24.4,-82.96,39.04,175.68,131.76,-63.44,-122,-141.52
-29.28,-102.48,-73.2,68.32,19.52,-87.84,39.04,165.92,126.88,-63.44,-122,-141.52
-14.64,-78.08,-63.44,48.8,24.4,-73.2,48.8,175.68,126.88,-48.8,-102.48,-122
0,-73.2,-73.2,39.04,34.16,-73.2,48.8,190.32,131.76,-48.8,-97.6,-107.36
-29.28,-97.6,-68.32,63.44,19.52,-82.96,34.16,180.56,117.12,-58.56,-112.24,-126.88
-34.16,-102.48,-68.32,68.32,14.64,-87.84,24.4,180.56,107.36,-73.2,-122,-136.64
-39.04,-102.48,-63.44,73.2,9.76,-82.96,19.52,195.2,122,-68.32,-122,-131.76
-9.76,-87.84,-78.08,48.8,34.16,-82.96,9.76,195.2,136.64,-68.32,-126.88,-141.52
0,-68.32,-68.32,34.16,34.16,-68.32,34.16,219.6,156.16,-48.8,-112.24,-126.88
-34.16,-97.6,-63.44,68.32,14.64,-82.96,24.4,204.96,146.4,-63.44,-117.12,-141.52
-39.04,-112.24,-73.2,78.08,14.64,-92.72,4.88,175.68,131.76,-68.32,-126.88,-146.4
-9.76,-87.84,-78.08,48.8,34.16,-82.96,19.52,185.44,141.52,-53.68,-112.24,-131.76
-19.52,-87.84,-68.32,53.68,24.4,-78.08,14.64,185.44,136.64,-43.92,-107.36,-131.76
-19.52,-82.96,-63.44,53.68,19.52,-73.2,4.88,180.56,131.76,-48.8,-102.48,-126.88
-24.4,-97.6,-73.2,63.44,24.4,-87.84,-9.76,175.68,112.24,-68.32,-117.12,-136.64
-19.52,-97.6,-78.08,58.56,29.28,-87.84,0,190.32,126.88,-68.32,-117.12,-136.64
-9.76,-87.84,-78.08,48.8,34.16,-82.96,-9.76,204.96,141.52,-68.32,-112.24,-131.76
-4.88,-107.36,-102.48,58.56,48.8,-107.36,-9.76,204.96,146.4,-78.08,-136.64,-146.4
19.52,-87.84,-107.36,34.16,63.44,-97.6,4.88,204.96,141.52,-78.08,-136.64,-151.28
39.04,-63.44,-102.48,14.64,68.32,-82.96,29.28,209.84,151.28,-68.32,-126.88,-141.52
43.92,-78.08,-122,19.52,82.96,-102.48,14.64,204.96,161.04,-68.32,-126.88,-141.52
24.4,-92.72,-117.12,34.16,68.32,-107.36,-9.76,200.08,161.04,-68.32,-126.88,-146.4
19.52,-73.2,-92.72,29.28,53.68,-82.96,4.88,209.84,156.16,-63.44,-117.12,-141.52
-9.76,-97.6,-87.84,53.68,39.04,-92.72,0,209.84,146.4,-78.08,-126.88,-146.4
-43.92,-131.76,-87.84,87.84,19.52,-112.24,0,185.44,117.12,-97.6,-151.28,-156.16
-34.16,-122,-87.84,78.08,24.4,-107.36,-4.88,190.32,117.12,-107.36,-156.16,-165.92
-29.28,-122,-92.72,78.08,29.28,-107.36,-9.76,209.84,126.88,-107.36,-165.92,-170.8
-34.16,-141.52,-107.36,87.84,34.16,-126.88,-9.76,200.08,117.12,-131.76,-185.44,-185.44
14.64,-107.36,-122,48.8,68.32,-117.12,4.88,219.6,136.64,-117.12,-175.68,-175.68
-9.76,-117.12,-107.36,63.44,48.8,-112.24,4.88,214.72,136.64,-117.12,-175.68,-180.56
4.88,-122,-126.88,58.56,63.44,-126.88,4.88,200.08,131.76,-131.76,-180.56,-185.44
24.4,-97.6,-122,39.04,73.2,-112.24,14.64,195.2,122,-131.76,-180.56,-180.56
-24.4,-141.52,-117.12,82.96,43.92,-131.76,14.64,185.44,102.48,-141.52,-185.44,-185.44
-34.16,-151.28,-117.12,92.72,39.04,-136.64,0,180.56,87.84,-156.16,-204.96,-204.96
-4.88,-122,-117.12,63.44,53.68,-122,4.88,190.32,82.96,-161.04,-200.08,-200.08
34.16,-87.84,-122,29.28,78.08,-107.36,14.64,195.2,73.2,-161.04,-195.2,-190.32
39.04,-82.96,-122,24.4,78.08,-102.48,19.52,200.08,78.08,-175.68,-200.08,-195.2
43.92,-82.96,-126.88,19.52,82.96,-107.36,19.52,195.2,73.2,-185.44,-214.72,-200.08
48.8,-78.08,-126.88,14.64,87.84,-102.48,24.4,195.2,73.2,-195.2,-214.72,-204.96
9.76,-122,-131.76,58.56,68.32,-126.88,24.4,185.44,63.44,-204.96,-229.36,-209.84
-24.4,-151.28,-126.88,87.84,48.8,-141.52,14.64,161.04,48.8,-224.48,-248.88,-229.36
-4.88,-122,-117.12,63.44,53.68,-122,24.4,165.92,43.92,-219.6,-239.12,-219.6
14.64,-107.36,-122,48.8,68.32,-117.12,9.76,161.04,34.16,-214.72,-234.24,-214.72
4.88,-112.24,-117.12,53.68,58.56,-117.12,9.76,156.16,24.4,-224.48,-239.12,-209.84
-4.88,-126.88,-122,68.32,58.56,-126.88,9.76,151.28,4.88,-239.12,-253.76,-214.72
-24.4,-141.52,-117.12,82.96,43.92,-131.76,4.88,131.76,-14.64,-258.64,-268.4,-229.36
-4.88,-117.12,-112.24,63.44,53.68,-117.12,19.52,131.76,-14.64,-263.52,-263.52,-224.48
19.52,-117.12,-136.64,48.8,78.08,-126.88,19.52,122,-19.52,-283.04,-283.04,-234.24
0,-136.64,-136.64,68.32,68.32,-136.64,4.88,107.36,-34.16,-297.68,-297.68,-253.76
-4.88,-131.76,-126.88,68.32,58.56,-131.76,9.76,97.6,-43.92,-297.68,-297.68,-248.88
19.52,-102.48,-122,43.92,68.32,-112.24,14.64,97.6,-39.04,-287.92,-283.04,-239.12
14.64,-107.36,-122,48.8,68.32,-117.12,19.52,87.84,-58.56,-287.92,-283.04,-244
14.64,-112.24,-126.88,48.8,68.32,-122,9.76,63.44,-82.96,-312.32,-292.8,-253.76
-9.76,-126.88,-117.12,68.32,53.68,-122,19.52,53.68,-97.6,-322.08,-297.68,-239.12
-14.64,-126.88,-112.24,73.2,48.8,-122,19.52,48.8,-107.36,-331.84,-302.56,-248.88
-4.88,-112.24,-107.36,58.56,48.8,-112.24,4.88,48.8,-102.48,-322.08,-297.68,-248.88
48.8,-53.68,-102.48,4.88,73.2,-78.08,19.52,68.32,-78.08,-307.44,-273.28,-224.48
9.76,-92.72,-102.48,43.92,53.68,-97.6,14.64,48.8,-97.6,-331.84,-302.56,-239.12
-9.76,-107.36,-97.6,58.56,43.92,-102.48,9.76,39.04,-107.36,-331.84,-297.68,-239.12
39.04,-63.44,-102.48,14.64,68.32,-82.96,9.76,34.16,-97.6,-317.2,-283.04,-224.48
34.16,-68.32,-102.48,19.52,68.32,-87.84,0,34.16,-87.84,-317.2,-278.16,-224.48
19.52,-78.08,-97.6,29.28,58.56,-87.84,4.88,24.4,-92.72,-307.44,-273.28,-219.6
39.04,-43.92,-82.96,4.88,58.56,-63.44,19.52,29.28,-87.84,-283.04,-248.88,-200.08
29.28,-39.04,-68.32,4.88,48.8,-53.68,14.64,34.16,-82.96,-268.4,-234.24,-180.56
-9.76,-73.2,-63.44,43.92,24.4,-68.32,4.88,24.4,-92.72,-268.4,-239.12,-190.32
-29.28,-92.72,-63.44,63.44,14.64,-78.08,-4.88,19.52,-102.48,-273.28,-239.12,-185.44
-43.92,-97.6,-53.68,73.2,4.88,-78.08,-9.76,24.4,-87.84,-268.4,-234.24,-185.44
-34.16,-78.08,-43.92,58.56,4.88,-63.44,0,34.16,-68.32,-248.88,-229.36,-175.68
0,-58.56,-58.56,29.28,29.28,-58.56,14.64,39.04,-58.56,-229.36,-204.96,-161.04
9.76,-43.92,-53.68,19.52,29.28,-48.8,29.28,58.56,-29.28,-204.96,-180.56,-141.52
-4.88,-53.68,-48.8,29.28,19.52,-53.68,19.52,53.68,-9.76,-200.08,-170.8,-141.52
24.4,-24.4,-48.8,0,34.16,-39.04,34.16,43.92,-14.64,-180.56,-161.04,-126.88
39.04,9.76,-29.28,-24.4,34.16,-9.76,68.32,63.44,0,-151.28,-126.88,-97.6
34.16,14.64,-19.52,-24.4,24.4,-4.88,53.68,58.56,-4.88,-141.52,-122,-92.72
24.4,0,-24.4,-9.76,24.4,-14.64,43.92,43.92,-14.64,-146.4,-136.64,-102.48
-29.28,-39.04,-9.76,34.16,-9.76,-24.4,39.04,39.04,-24.4,-151.28,-146.4,-107.36
-53.68,-53.68,0,53.68,-29.28,-29.28,43.92,43.92,-19.52,-151.28,-136.64,-107.36
-9.76,0,9.76,4.88,-9.76,4.88,58.56,58.56,0,-126.88,-117.12,-97.6
9.76,0,-9.76,-4.88,9.76,-4.88,43.92,39.04,0,-126.88,-117.12,-97.6
-14.64,-19.52,-4.88,19.52,-4.88,-14.64,48.8,48.8,4.88,-117.12,-107.36,-92.72
-29.28,-14.64,14.64,24.4,-24.4,0,39.04,48.8,9.76,-112.24,-107.36,-87.84
-24.4,-24.4,0,24.4,-14.64,-14.64,34.16,48.8,24.4,-92.72,-92.72,-73.2
19.52,19.52,0,-19.52,9.76,9.76,48.8,53.68,29.28,-78.08,-78.08,-63.44
19.52,39.04,19.52,-29.28,0,29.28,58.56,53.68,34.16,-73.2,-68.32,-53.68
19.52,14.64,-4.88,-14.64,9.76,4.88,43.92,24.4,4.88,-92.72,-87.84,-68.32
-29.28,-19.52,9.76,24.4,-19.52,-4.88,39.04,39.04,4.88,-82.96,-82.96,-63.44
-9.76,9.76,19.52,0,-14.64,14.64,48.8,53.68,24.4,-73.2,-78.08,-53.68
34.16,48.8,14.64,-39.04,9.76,29.28,53.68,48.8,19.52,-68.32,-73.2,-53.68
0,9.76,9.76,-4.88,-4.88,9.76,24.4,19.52,0,-82.96,-92.72,-73.2
-68.32,-58.56,9.76,63.44,-39.04,-24.4,4.88,9.76,-9.76,-97.6,-92.72,-82.96
-24.4,-9.76,14.64,19.52,-19.52,0,9.76,34.16,14.64,-73.2,-73.2,-58.56
-4.88,9.76,14.64,0,-9.76,9.76,-9.76,24.4,19.52,-58.56,-63.44,-48.8
9.76,19.52,9.76,-14.64,0,14.64,-4.88,14.64,4.88,-63.44,-63.44,-53.68
-34.16,-14.64,19.52,24.4,-29.28,0,-4.88,-4.88,-14.64,-82.96,-78.08,-63.44
19.52,39.04,19.52,-29.28,0,29.28,-9.76,19.52,4.88,-58.56,-58.56,-48.8
9.76,24.4,14.64,-14.64,-4.88,19.52,-9.76,24.4,0,-68.32,-63.44,-58.56
-24.4,0,24.4,14.64,-24.4,9.76,-24.4,19.52,4.88,-73.2,-68.32,-63.44
-19.52,9.76,29.28,4.88,-24.4,19.52,-14.64,19.52,0,-73.2,-73.2,-58.56
-68.32,-53.68,14.64,63.44,-43.92,-19.52,-39.04,-19.52,-34.16,-102.48,-102.48,-92.72
-34.16,-29.28,4.88,34.16,-19.52,-14.64,-43.92,-19.52,-24.4,-97.6,-97.6,-92.72
-19.52,-9.76,9.76,14.64,-14.64,0,-29.28,-9.76,-9.76,-82.96,-82.96,-78.08
-43.92,-14.64,29.28,29.28,-39.04,4.88,-19.52,-14.64,-9.76,-73.2,-73.2,-68.32
-24.4,0,24.4,14.64,-24.4,9.76,-14.64,-9.76,-4.88,-63.44,-68.32,-58.56
-24.4,-9.76,14.64,19.52,-19.52,0,-34.16,-4.88,-9.76,-73.2,-73.2,-58.56
-48.8,-14.64,34.16,34.16,-43.92,9.76,-29.28,-4.88,-9.76,-68.32,-68.32,-58.56
-58.56,-19.52,39.04,39.04,-48.8,9.76,-14.64,4.88,0,-63.44,-68.32,-53.68
4.88,39.04,34.16,-19.52,-14.64,34.16,4.88,34.16,19.52,-48.8,-53.68,-39.04
43.92,73.2,29.28,-58.56,4.88,48.8,14.64,43.92,24.4,-43.92,-48.8,-34.16
9.76,24.4,14.64,-14.64,-4.88,19.52,-9.76,34.16,24.4,-53.68,-58.56,-48.8
-9.76,0,9.76,4.88,-9.76,4.88,-14.64,29.28,24.4,-53.68,-63.44,-58.56
-24.4,-9.76,14.64,19.52,-19.52,0,-9.76,19.52,24.4,-48.8,-53.68,-48.8
-14.64,4.88,19.52,4.88,-19.52,9.76,0,14.64,19.52,-43.92,-48.8,-43.92
-48.8,-24.4,24.4,39.04,-39.04,0,-14.64,9.76,4.88,-58.56,-53.68,-53.68
-48.8,-19.52,29.28,34.16,-39.04,4.88,-19.52,9.76,9.76,-63.44,-58.56,-53.68
-9.76,14.64,24.4,0,-19.52,19.52,-4.88,34.16,39.04,-39.04,-29.28,-24.4
-4.88,19.52,24.4,-4.88,-14.64,19.52,0,43.92,48.8,-34.16,-34.16,-29.28
-34.16,-9.76,24.4,24.4,-29.28,4.88,0,48.8,43.92,-48.8,-48.8,-48.8
-24.4,-4.88,19.52,14.64,-24.4,4.88,4.88,58.56,53.68,-39.04,-48.8,-43.92
-4.88,19.52,24.4,-4.88,-14.64,19.52,24.4,63.44,68.32,-29.28,-34.16,-34.16
19.52,29.28,9.76,-24.4,4.88,19.52,29.28,68.32,78.08,-14.64,-29.28,-29.28
0,19.52,19.52,-9.76,-9.76,19.52,19.52,63.44,92.72,-9.76,-19.52,-29.28
24.4,34.16,9.76,-29.28,4.88,19.52,24.4,63.44,87.84,0,-9.76,-19.52
4.88,19.52,14.64,-9.76,-4.88,14.64,14.64,63.44,78.08,-9.76,-19.52,-24.4
-19.52,-9.76,9.76,14.64,-14.64,0,9.76,68.32,73.2,-19.52,-34.16,-34.16
-39.04,-19.52,19.52,29.28,-29.28,0,4.88,63.44,82.96,-9.76,-24.4,-24.4
-34.16,0,34.16,19.52,-34.16,14.64,29.28,87.84,97.6,9.76,-9.76,-9.76
43.92,73.2,29.28,-58.56,4.88,48.8,63.44,122,126.88,24.4,14.64,9.76
92.72,122,29.28,-107.36,29.28,73.2,82.96,151.28,151.28,48.8,34.16,29.28
43.92,68.32,24.4,-53.68,9.76,43.92,58.56,117.12,141.52,39.04,14.64,9.76
-14.64,4.88,19.52,4.88,-19.52,9.76,29.28,102.48,141.52,34.16,4.88,-4.88
-19.52,-14.64,4.88,19.52,-14.64,-4.88,39.04,107.36,136.64,24.4,0,-9.76
-4.88,4.88,9.76,0,-9.76,4.88,39.04,112.24,126.88,24.4,-4.88,-9.76
-29.28,-14.64,14.64,24.4,-24.4,0,34.16,97.6,126.88,29.28,4.88,-9.76
-48.8,-34.16,14.64,43.92,-34.16,-9.76,19.52,97.6,122,24.4,0,-9.76
-34.16,-14.64,19.52,24.4,-29.28,0,34.16,122,136.64,34.16,14.64,9.76
-34.16,-4.88,29.28,19.52,-34.16,9.76,43.92,122,136.64,39.04,19.52,4.88
0,14.64,14.64,-4.88,-9.76,14.64,39.04,122,141.52,34.16,14.64,4.88
24.4,14.64,-9.76,-19.52,14.64,0,39.04,131.76,141.52,29.28,4.88,0
9.76,19.52,9.76,-14.64,0,14.64,53.68,136.64,156.16,43.92,14.64,9.76
-9.76,4.88,14.64,4.88,-14.64,9.76,43.92,122,151.28,43.92,14.64,4.88
-14.64,-9.76,4.88,14.64,-9.76,-4.88,39.04,136.64,156.16,48.8,19.52,0
-14.64,-9.76,4.88,14.64,-9.76,-4.88,43.92,131.76,156.16,53.68,19.52,4.88
-9.76,-4.88,4.88,9.76,-9.76,0,43.92,112.24,146.4,53.68,24.4,14.64
4.88,4.88,0,-4.88,0,0,43.92,117.12,151.28,53.68,29.28,14.64
-4.88,-4.88,0,4.88,-4.88,-4.88,43.92,122,146.4,43.92,24.4,14.64
-19.52,-9.76,9.76,14.64,-14.64,0,43.92,122,141.52,39.04,19.52,9.76
14.64,24.4,9.76,-19.52,0,14.64,63.44,136.64,170.8,48.8,39.04,14.64
9.76,14.64,4.88,-9.76,0,9.76,58.56,131.76,161.04,34.16,19.52,4.88
-9.76,0,9.76,4.88,-9.76,4.88,68.32,136.64,161.04,39.04,19.52,0
24.4,39.04,14.64,-29.28,4.88,24.4,58.56,151.28,180.56,53.68,34.16,14.64
24.4,29.28,4.88,-24.4,9.76,14.64,53.68,151.28,175.68,48.8,29.28,14.64
14.64,29.28,14.64,-19.52,0,19.52,58.56,141.52,165.92,53.68,34.16,14.64
4.88,14.64,9.76,-9.76,-4.88,9.76,58.56,131.76,156.16,48.8,29.28,9.76
0,9.76,9.76,-4.88,-4.88,9.76,48.8,107.36,146.4,34.16,14.64,0
9.76,29.28,19.52,-19.52,-4.88,24.4,63.44,112.24,141.52,39.04,29.28,14.64
73.2,97.6,24.4,-82.96,24.4,58.56,82.96,141.52,161.04,58.56,48.8,39.04
73.2,87.84,14.64,-78.08,29.28,48.8,68.32,141.52,161.04,43.92,39.04,24.4
19.52,24.4,4.88,-19.52,4.88,14.64,43.92,117.12,131.76,14.64,9.76,-4.88
-9.76,0,9.76,4.88,-9.76,4.88,43.92,107.36,126.88,9.76,4.88,-9.76
4.88,9.76,4.88,-4.88,0,4.88,53.68,107.36,126.88,9.76,4.88,-9.76
4.88,19.52,14.64,-9.76,-4.88,14.64,58.56,126.88,141.52,29.28,19.52,4.88
4.88,29.28,24.4,-14.64,-9.76,24.4,63.44,117.12,146.4,34.16,24.4,4.88
-4.88,34.16,39.04,-14.64,-24.4,34.16,53.68,102.48,141.52,39.04,29.28,9.76
0,43.92,43.92,-19.52,-24.4,43.92,63.44,102.48,131.76,29.28,24.4,14.64
-24.4,14.64,39.04,4.88,-34.16,24.4,58.56,102.48,112.24,14.64,9.76,4.88
-53.68,-19.52,34.16,39.04,-43.92,4.88,29.28,92.72,97.6,-4.88,-4.88,-14.64
-34.16,4.88,39.04,14.64,-39.04,19.52,39.04,87.84,102.48,0,0,-4.88
-24.4,-4.88,19.52,14.64,-24.4,4.88,39.04,87.84,102.48,-9.76,-4.88,-19.52
-4.88,9.76,14.64,0,-9.76,9.76,39.04,82.96,97.6,-9.76,-4.88,-9.76
24.4,43.92,19.52,-34.16,0,29.28,39.04,87.84,107.36,0,0,-9.76
9.76,34.16,24.4,-19.52,-9.76,29.28,34.16,87.84,102.48,-4.88,-4.88,-9.76
-43.92,-24.4,19.52,34.16,-34.16,-4.88,9.76,48.8,73.2,-19.52,-29.28,-29.28
-4.88,9.76,14.64,0,-9.76,9.76,9.76,43.92,78.08,-14.64,-14.64,-19.52
4.88,29.28,24.4,-14.64,-9.76,24.4,14.64,53.68,78.08,-9.76,-4.88,-4.88
9.76,39.04,29.28,-24.4,-9.76,34.16,19.52,53.68,68.32,-9.76,-4.88,-4.88
9.76,34.16,24.4,-19.52,-9.76,29.28,4.88,53.68,68.32,-14.64,-9.76,-9.76
-9.76,4.88,14.64,4.88,-14.64,9.76,4.88,34.16,58.56,-24.4,-19.52,-19.52
4.88,19.52,14.64,-9.76,-4.88,14.64,9.76,43.92,78.08,-14.64,-9.76,-9.76
-34.16,-19.52,14.64,29.28,-24.4,-4.88,-4.88,39.04,58.56,-29.28,-19.52,-24.4
-19.52,-9.76,9.76,14.64,-14.64,0,0,34.16,53.68,-48.8,-29.28,-34.16
19.52,9.76,-9.76,-14.64,14.64,0,-4.88,29.28,53.68,-48.8,-29.28,-29.28
-24.4,-29.28,-4.88,29.28,-9.76,-19.52,-14.64,24.4,58.56,-39.04,-24.4,-34.16
4.88,9.76,4.88,-4.88,0,4.88,-4.88,24.4,68.32,-29.28,-14.64,-19.52
29.28,24.4,-4.88,-24.4,14.64,9.76,4.88,34.16,73.2,-29.28,-9.76,-9.76
39.04,39.04,0,-39.04,19.52,19.52,9.76,34.16,68.32,-19.52,-4.88,-4.88
29.28,34.16,4.88,-29.28,9.76,19.52,0,39.04,63.44,-19.52,-9.76,-4.88
-14.64,-9.76,4.88,14.64,-9.76,-4.88,-19.52,29.28,48.8,-43.92,-24.4,-19.52
9.76,9.76,0,-9.76,4.88,4.88,-9.76,29.28,53.68,-43.92,-29.28,-19.52
29.28,39.04,9.76,-34.16,9.76,24.4,0,24.4,48.8,-39.04,-19.52,-14.64
0,14.64,14.64,-4.88,-9.76,14.64,-4.88,4.88,43.92,-43.92,-29.28,-24.4
-34.16,-24.4,9.76,29.28,-24.4,-9.76,-9.76,0,39.04,-53.68,-34.16,-29.28
14.64,19.52,4.88,-14.64,4.88,9.76,-4.88,14.64,43.92,-48.8,-19.52,-19.52
34.16,34.16,0,-34.16,14.64,14.64,-4.88,19.52,53.68,-34.16,-9.76,-14.64
0,-4.88,-4.88,4.88,0,-4.88,-4.88,0,34.16,-48.8,-29.28,-24.4
-4.88,-4.88,0,4.88,-4.88,-4.88,-19.52,0,29.28,-53.68,-24.4,-24.4
19.52,24.4,4.88,-19.52,4.88,14.64,-19.52,19.52,43.92,-48.8,-14.64,-14.64
9.76,24.4,14.64,-14.64,-4.88,19.52,-4.88,19.52,34.16,-48.8,-19.52,-14.64
-14.64,-19.52,-4.88,19.52,-4.88,-14.64,-19.52,4.88,24.4,-63.44,-39.04,-34.16
-14.64,-19.52,-4.88,19.52,-4.88,-14.64,-24.4,4.88,24.4,-58.56,-34.16,-34.16
24.4,24.4,0,-24.4,9.76,9.76,-9.76,24.4,39.04,-48.8,-19.52,-19.52
29.28,24.4,-4.88,-24.4,14.64,9.76,-19.52,24.4,43.92,-48.8,-24.4,-19.52
-14.64,-14.64,0,14.64,-9.76,-9.76,-14.64,0,34.16,-63.44,-29.28,-29.28
-9.76,-4.88,4.88,9.76,-9.76,0,-4.88,-14.64,19.52,-63.44,-34.16,-34.16
4.88,0,-4.88,0,4.88,-4.88,-4.88,-4.88,19.52,-68.32,-34.16,-24.4
19.52,4.88,-14.64,-9.76,14.64,-4.88,0,4.88,24.4,-53.68,-24.4,-14.64
-14.64,-14.64,0,14.64,-9.76,-9.76,-9.76,4.88,29.28,-58.56,-24.4,-14.64
-19.52,-4.88,14.64,14.64,-19.52,4.88,0,9.76,29.28,-63.44,-24.4,-9.76
0,0,0,0,0,0,0,9.76,24.4,-68.32,-39.04,-19.52
-14.64,-24.4,-9.76,19.52,-4.88,-19.52,-9.76,4.88,19.52,-68.32,-39.04,-34.16
0,4.88,4.88,0,-4.88,4.88,0,14.64,34.16,-58.56,-29.28,-19.52
29.28,19.52,-9.76,-24.4,19.52,4.88,9.76,9.76,34.16,-48.8,-29.28,-14.64
4.88,0,-4.88,0,4.88,-4.88,9.76,9.76,34.16,-58.56,-24.4,-14.64
19.52,19.52,0,-19.52,9.76,9.76,14.64,19.52,34.16,-43.92,-9.76,-4.88
-19.52,-14.64,4.88,19.52,-14.64,-4.88,9.76,14.64,19.52,-53.68,-24.4,-14.64
-9.76,0,9.76,4.88,-9.76,4.88,14.64,9.76,14.64,-53.68,-19.52,-9.76
9.76,19.52,9.76,-14.64,0,14.64,19.52,14.64,19.52,-48.8,-24.4,-9.76
14.64,19.52,4.88,-14.64,4.88,9.76,24.4,19.52,19.52,-53.68,-34.16,-9.76
34.16,34.16,0,-34.16,14.64,14.64,29.28,39.04,39.04,-48.8,-24.4,0
-48.8,-43.92,4.88,48.8,-29.28,-19.52,0,9.76,4.88,-73.2,-48.8,-24.4
-24.4,-24.4,0,24.4,-14.64,-14.64,0,4.88,9.76,-68.32,-43.92,-19.52
-24.4,-29.28,-4.88,29.28,-9.76,-19.52,-9.76,0,9.76,-68.32,-48.8,-24.4
-24.4,-14.64,9.76,19.52,-19.52,-4.88,0,4.88,14.64,-68.32,-43.92,-24.4
34.16,43.92,9.76,-39.04,9.76,24.4,24.4,29.28,39.04,-48.8,-14.64,0
14.64,19.52,4.88,-14.64,4.88,9.76,9.76,14.64,24.4,-53.68,-24.4,-4.88
-68.32,-63.44,4.88,68.32,-39.04,-29.28,-9.76,-9.76,-4.88,-82.96,-53.68,-29.28
-34.16,-29.28,4.88,34.16,-19.52,-14.64,14.64,0,0,-78.08,-43.92,-24.4
0,9.76,9.76,-4.88,-4.88,9.76,24.4,29.28,24.4,-63.44,-34.16,-9.76
19.52,34.16,14.64,-24.4,0,24.4,29.28,43.92,39.04,-48.8,-19.52,-4.88
0,19.52,19.52,-9.76,-9.76,19.52,14.64,29.28,29.28,-48.8,-24.4,-9.76
9.76,9.76,0,-9.76,4.88,4.88,4.88,24.4,24.4,-58.56,-29.28,-9.76
39.04,34.16,-4.88,-34.16,19.52,14.64,9.76,29.28,34.16,-48.8,-19.52,-4.88
39.04,53.68,14.64,-43.92,9.76,34.16,19.52,29.28,39.04,-39.04,-14.64,0
-4.88,4.88,9.76,0,-9.76,4.88,0,9.76,14.64,-63.44,-29.28,-14.64
-39.04,-29.28,9.76,34.16,-24.4,-9.76,0,0,4.88,-73.2,-39.04,-19.52
19.52,39.04,19.52,-29.28,0,29.28,14.64,9.76,14.64,-53.68,-29.28,0
9.76,24.4,14.64,-14.64,-4.88,19.52,14.64,4.88,4.88,-58.56,-29.28,-4.88
4.88,19.52,14.64,-9.76,-4.88,14.64,9.76,9.76,9.76,-63.44,-29.28,0
-24.4,-4.88,19.52,14.64,-24.4,4.88,4.88,19.52,14.64,-63.44,-34.16,-4.88
-39.04,-24.4,14.64,34.16,-29.28,-4.88,-4.88,9.76,0,-78.08,-48.8,-24.4
0,0,0,0,0,0,0,9.76,14.64,-73.2,-43.92,-19.52
0,0,0,0,0,0,0,4.88,14.64,-73.2,-43.92,-19.52
-43.92,-34.16,9.76,39.04,-29.28,-14.64,0,4.88,4.88,-78.08,-39.04,-29.28
-34.16,-19.52,14.64,29.28,-24.4,-4.88,0,4.88,0,-68.32,-34.16,-19.52
-29.28,-9.76,19.52,19.52,-24.4,4.88,4.88,4.88,0,-68.32,-34.16,-14.64
-9.76,-4.88,4.88,9.76,-9.76,0,9.76,14.64,0,-63.44,-34.16,-14.64
4.88,4.88,0,-4.88,0,0,9.76,24.4,9.76,-53.68,-24.4,-4.88
19.52,29.28,9.76,-24.4,4.88,19.52,9.76,34.16,24.4,-48.8,-19.52,0
-19.52,-4.88,14.64,14.64,-19.52,4.88,14.64,9.76,4.88,-73.2,-43.92,-19.52
-19.52,-24.4,-4.88,24.4,-9.76,-14.64,14.64,4.88,0,-78.08,-43.92,-29.28
24.4,9.76,-14.64,-14.64,19.52,-4.88,0,4.88,4.88,-73.2,-39.04,-19.52
24.4,14.64,-9.76,-19.52,14.64,0,-4.88,4.88,14.64,-58.56,-29.28,-14.64
-48.8,-53.68,-4.88,53.68,-24.4,-29.28,-29.28,-19.52,-19.52,-82.96,-48.8,-29.28
-14.64,-24.4,-9.76,19.52,-4.88,-19.52,-14.64,-19.52,-19.52,-78.08,-43.92,-24.4
9.76,9.76,0,-9.76,4.88,4.88,-4.88,-9.76,-9.76,-63.44,-34.16,-9.76
-14.64,-14.64,0,14.64,-9.76,-9.76,-4.88,-14.64,-14.64,-68.32,-39.04,-14.64
-24.4,-24.4,0,24.4,-14.64,-14.64,0,-19.52,-34.16,-82.96,-48.8,-29.28
-19.52,-24.4,-4.88,24.4,-9.76,-14.64,4.88,-19.52,-29.28,-87.84,-53.68,-24.4
-29.28,-24.4,4.88,29.28,-19.52,-9.76,0,-24.4,-29.28,-92.72,-63.44,-29.28
-34.16,-14.64,19.52,24.4,-29.28,0,4.88,-14.64,-14.64,-87.84,-53.68,-29.28
-48.8,-19.52,29.28,34.16,-39.04,4.88,0,-9.76,-9.76,-87.84,-48.8,-24.4
-14.64,4.88,19.52,4.88,-19.52,9.76,4.88,-4.88,0,-78.08,-39.04,-14.64
0,4.88,4.88,0,-4.88,4.88,-4.88,-9.76,-9.76,-78.08,-43.92,-19.52
4.88,14.64,9.76,-9.76,-4.88,9.76,0,-4.88,-9.76,-73.2,-34.16,-14.64
-29.28,-4.88,24.4,19.52,-29.28,9.76,0,-9.76,-14.64,-78.08,-34.16,-9.76
-19.52,9.76,29.28,4.88,-24.4,19.52,4.88,-9.76,-19.52,-68.32,-29.28,-4.88
-24.4,-9.76,14.64,19.52,-19.52,0,-4.88,-14.64,-29.28,-78.08,-39.04,-14.64
-29.28,-19.52,9.76,24.4,-19.52,-4.88,-4.88,-14.64,-29.28,-87.84,-43.92,-19.52
0,4.88,4.88,0,-4.88,4.88,-9.76,-19.52,-24.4,-87.84,-48.8,-19.52
19.52,14.64,-4.88,-14.64,9.76,4.88,-9.76,-14.64,-24.4,-87.84,-48.8,-24.4
4.88,0,-4.88,0,4.88,-4.88,-19.52,-19.52,-19.52,-82.96,-48.8,-24.4
24.4,29.28,4.88,-24.4,9.76,14.64,-4.88,-9.76,-4.88,-73.2,-34.16,-9.76
9.76,4.88,-4.88,-4.88,4.88,0,-9.76,-19.52,-19.52,-78.08,-43.92,-14.64
-24.4,-19.52,4.88,24.4,-14.64,-9.76,-9.76,-29.28,-29.28,-87.84,-43.92,-19.52
-4.88,4.88,9.76,0,-9.76,4.88,0,-19.52,-14.64,-73.2,-24.4,-4.88
0,9.76,9.76,-4.88,-4.88,9.76,9.76,-19.52,-19.52,-73.2,-24.4,-4.88
-4.88,4.88,9.76,0,-9.76,4.88,4.88,-19.52,-19.52,-73.2,-29.28,-4.88
9.76,19.52,9.76,-14.64,0,14.64,14.64,-9.76,-9.76,-73.2,-24.4,0
24.4,29.28,4.88,-24.4,9.76,14.64,14.64,-9.76,-9.76,-73.2,-29.28,0
19.52,29.28,9.76,-24.4,4.88,19.52,14.64,0,-4.88,-68.32,-29.28,0
34.16,48.8,14.64,-39.04,9.76,29.28,14.64,4.88,0,-58.56,-24.4,0
14.64,29.28,14.64,-19.52,0,19.52,14.64,-4.88,0,-63.44,-24.4,0
-14.64,9.76,24.4,4.88,-19.52,14.64,4.88,-24.4,-14.64,-63.44,-24.4,-4.88
0,29.28,29.28,-14.64,-14.64,29.28,14.64,-14.64,-9.76,-58.56,-14.64,0
-14.64,-4.88,9.76,9.76,-14.64,0,4.88,-24.4,-24.4,-73.2,-29.28,-4.88
-19.52,-24.4,-4.88,24.4,-9.76,-14.64,4.88,-29.28,-39.04,-78.08,-39.04,-14.64
0,-9.76,-9.76,4.88,4.88,-9.76,4.88,-29.28,-34.16,-82.96,-48.8,-9.76
34.16,43.92,9.76,-39.04,9.76,24.4,34.16,4.88,-14.64,-63.44,-24.4,9.76
9.76,29.28,19.52,-19.52,-4.88,24.4,34.16,0,-14.64,-68.32,-34.16,9.76
-48.8,-29.28,19.52,39.04,-34.16,-4.88,14.64,-9.76,-29.28,-87.84,-39.04,-14.64
-19.52,-9.76,9.76,14.64,-14.64,0,24.4,-4.88,-19.52,-78.08,-39.04,-4.88
9.76,19.52,9.76,-14.64,0,14.64,43.92,0,-14.64,-68.32,-24.4,4.88
-24.4,-24.4,0,24.4,-14.64,-14.64,29.28,-14.64,-24.4,-82.96,-34.16,-4.88
-29.28,-34.16,-4.88,34.16,-14.64,-19.52,24.4,-14.64,-34.16,-87.84,-34.16,-14.64
29.28,29.28,0,-29.28,14.64,14.64,39.04,-4.88,-14.64,-68.32,-19.52,4.88
39.04,43.92,4.88,-39.04,14.64,24.4,39.04,4.88,-24.4,-68.32,-24.4,4.88
-4.88,4.88,9.76,0,-9.76,4.88,29.28,4.88,-24.4,-73.2,-39.04,-9.76
-29.28,-29.28,0,29.28,-14.64,-14.64,24.4,-4.88,-43.92,-92.72,-43.92,-19.52
9.76,19.52,9.76,-14.64,0,14.64,39.04,4.88,-29.28,-78.08,-39.04,-9.76
58.56,68.32,9.76,-63.44,24.4,39.04,53.68,24.4,-9.76,-53.68,-19.52,4.88
0,0,0,0,0,0,29.28,4.88,-24.4,-73.2,-39.04,-14.64
-24.4,-19.52,4.88,24.4,-14.64,-9.76,29.28,-4.88,-34.16,-78.08,-43.92,-19.52
-9.76,4.88,14.64,4.88,-14.64,9.76,39.04,-4.88,-29.28,-68.32,-39.04,-14.64
4.88,9.76,4.88,-4.88,0,4.88,39.04,-4.88,-29.28,-68.32,-24.4,0
-4.88,9.76,14.64,0,-9.76,9.76,43.92,-9.76,-34.16,-63.44,-24.4,0
4.88,19.52,14.64,-9.76,-4.88,14.64,43.92,-9.76,-34.16,-58.56,-19.52,4.88
4.88,14.64,9.76,-9.76,-4.88,9.76,43.92,0,-29.28,-53.68,-19.52,0
-19.52,-14.64,4.88,19.52,-14.64,-4.88,29.28,-9.76,-43.92,-68.32,-34.16,-9.76
43.92,48.8,4.88,-43.92,19.52,24.4,43.92,4.88,-24.4,-53.68,-19.52,9.76
63.44,58.56,-4.88,-58.56,34.16,24.4,29.28,4.88,-14.64,-53.68,-19.52,4.88
-9.76,0,9.76,4.88,-9.76,4.88,9.76,-14.64,-34.16,-73.2,-29.28,-4.88
-19.52,-4.88,14.64,14.64,-19.52,4.88,9.76,-19.52,-34.16,-73.2,-24.4,0
4.88,14.64,9.76,-9.76,-4.88,9.76,14.64,-9.76,-29.28,-58.56,-19.52,4.88
0,0,0,0,0,0,4.88,-19.52,-34.16,-68.32,-24.4,-4.88
-19.52,-19.52,0,19.52,-9.76,-9.76,0,-34.16,-43.92,-73.2,-34.16,-14.64
29.28,19.52,-9.76,-24.4,19.52,4.88,4.88,-19.52,-34.16,-63.44,-14.64,0
4.88,-4.88,-9.76,0,4.88,-9.76,0,-24.4,-43.92,-63.44,-29.28,-9.76
14.64,0,-14.64,-4.88,14.64,-9.76,0,-9.76,-34.16,-63.44,-24.4,-4.88
39.04,29.28,-9.76,-34.16,24.4,9.76,0,0,-19.52,-48.8,-9.76,0
14.64,4.88,-9.76,-9.76,9.76,-4.88,-9.76,-9.76,-19.52,-48.8,-14.64,0
34.16,14.64,-19.52,-24.4,24.4,-4.88,-4.88,-9.76,-24.4,-48.8,-19.52,0
19.52,-9.76,-29.28,-4.88,24.4,-19.52,-9.76,-19.52,-29.28,-58.56,-19.52,-4.88
0,-24.4,-24.4,14.64,9.76,-24.4,-14.64,-24.4,-34.16,-53.68,-19.52,0
-34.16,-58.56,-24.4,48.8,-4.88,-43.92,-24.4,-43.92,-48.8,-68.32,-29.28,-14.64
19.52,-14.64,-34.16,0,24.4,-24.4,-9.76,-24.4,-43.92,-63.44,-19.52,-4.88
63.44,24.4,-39.04,-43.92,48.8,-9.76,-4.88,-19.52,-39.04,-53.68,-9.76,0
4.88,-34.16,-39.04,14.64,19.52,-39.04,-14.64,-24.4,-48.8,-63.44,-24.4,-9.76
24.4,-14.64,-39.04,-4.88,29.28,-29.28,-14.64,-14.64,-43.92,-63.44,-19.52,-4.88
4.88,-34.16,-39.04,14.64,19.52,-39.04,-19.52,-24.4,-43.92,-63.44,-29.28,-9.76
14.64,-24.4,-39.04,4.88,24.4,-34.16,-24.4,-34.16,-43.92,-63.44,-29.28,-14.64
29.28,-14.64,-43.92,-4.88,34.16,-29.28,-14.64,-29.28,-39.04,-58.56,-24.4,-9.76
34.16,0,-34.16,-14.64,34.16,-19.52,-4.88,-24.4,-29.28,-53.68,-19.52,-4.88
9.76,-34.16,-43.92,14.64,24.4,-39.04,-9.76,-34.16,-39.04,-63.44,-19.52,-14.64
0,-39.04,-39.04,19.52,19.52,-39.04,-9.76,-34.16,-48.8,-63.44,-29.28,-14.64
-9.76,-43.92,-34.16,29.28,9.76,-39.04,-14.64,-34.16,-63.44,-73.2,-29.28,-19.52
19.52,-19.52,-39.04,0,29.28,-29.28,-9.76,-29.28,-53.68,-58.56,-19.52,-14.64
58.56,19.52,-39.04,-39.04,48.8,-9.76,0,-9.76,-39.04,-39.04,-9.76,0
39.04,4.88,-34.16,-19.52,34.16,-14.64,0,-9.76,-43.92,-48.8,-14.64,0
9.76,-19.52,-29.28,4.88,19.52,-24.4,0,-4.88,-39.04,-48.8,-14.64,0
4.88,-14.64,-19.52,4.88,9.76,-19.52,0,-14.64,-39.04,-48.8,-19.52,-4.88
0,-24.4,-24.4,14.64,9.76,-24.4,-4.88,-19.52,-48.8,-53.68,-24.4,-9.76
4.88,-19.52,-24.4,9.76,14.64,-24.4,-4.88,-14.64,-48.8,-48.8,-19.52,-4.88
29.28,0,-29.28,-14.64,29.28,-14.64,4.88,-14.64,-39.04,-34.16,-9.76,0
43.92,24.4,-19.52,-34.16,29.28,0,19.52,-9.76,-29.28,-19.52,0,14.64
19.52,9.76,-9.76,-14.64,14.64,0,9.76,-19.52,-48.8,-29.28,-4.88,4.88
9.76,-4.88,-14.64,0,9.76,-9.76,4.88,-29.28,-53.68,-29.28,-14.64,0
29.28,14.64,-14.64,-19.52,19.52,0,14.64,-14.64,-48.8,-29.28,0,9.76
34.16,24.4,-9.76,-29.28,19.52,4.88,14.64,-9.76,-48.8,-29.28,0,9.76
14.64,4.88,-9.76,-9.76,9.76,-4.88,9.76,-4.88,-43.92,-24.4,-4.88,0
43.92,29.28,-14.64,-34.16,29.28,4.88,24.4,0,-29.28,-4.88,9.76,14.64
19.52,0,-19.52,-9.76,19.52,-9.76,14.64,-4.88,-29.28,-4.88,4.88,14.64
9.76,-14.64,-24.4,4.88,14.64,-19.52,9.76,-4.88,-34.16,-14.64,-4.88,0
34.16,0,-34.16,-14.64,34.16,-19.52,9.76,-9.76,-39.04,-14.64,-9.76,-4.88
78.08,53.68,-24.4,-63.44,48.8,14.64,24.4,0,-19.52,-4.88,9.76,14.64
63.44,34.16,-29.28,-48.8,43.92,0,9.76,-4.88,-39.04,-19.52,-4.88,4.88
-19.52,-43.92,-24.4,34.16,0,-34.16,-9.76,-29.28,-68.32,-43.92,-24.4,-19.52
-29.28,-39.04,-9.76,34.16,-9.76,-24.4,0,-24.4,-53.68,-29.28,-14.64,-9.76
9.76,-4.88,-14.64,0,9.76,-9.76,0,-14.64,-39.04,-19.52,-4.88,0
58.56,58.56,0,-58.56,29.28,29.28,24.4,14.64,-14.64,4.88,14.64,19.52
24.4,34.16,9.76,-29.28,4.88,19.52,19.52,24.4,-4.88,0,9.76,19.52
24.4,24.4,0,-24.4,9.76,9.76,34.16,43.92,0,-14.64,-4.88,4.88
-24.4,-39.04,-14.64,34.16,-4.88,-29.28,43.92,58.56,0,-39.04,-24.4,-19.52
-14.64,-48.8,-34.16,34.16,9.76,-43.92,68.32,102.48,19.52,-43.92,-39.04,-34.16
29.28,-29.28,-58.56,0,43.92,-43.92,107.36,156.16,58.56,-29.28,-39.04,-34.16
53.68,-19.52,-73.2,-14.64,63.44,-48.8,151.28,244,117.12,-29.28,-39.04,-39.04
34.16,-43.92,-78.08,4.88,53.68,-63.44,180.56,326.96,195.2,-4.88,-34.16,-43.92
34.16,-29.28,-63.44,0,48.8,-48.8,204.96,414.8,287.92,48.8,-4.88,-19.52
39.04,-4.88,-43.92,-14.64,39.04,-24.4,219.6,458.72,336.72,92.72,24.4,0
73.2,24.4,-48.8,-48.8,58.56,-14.64,229.36,468.48,375.76,146.4,63.44,29.28
53.68,19.52,-34.16,-34.16,43.92,-9.76,185.44,444.08,424.56,229.36,131.76,78.08
112.24,122,9.76,-117.12,48.8,63.44,141.52,400.16,507.52,366,273.28,200.08
234.24,273.28,39.04,-253.76,97.6,156.16,92.72,322.08,575.84,551.44,453.84,351.36
278.16,370.88,92.72,-322.08,92.72,229.36,24.4,244,678.32,766.16,668.56,541.68
317.2,439.2,122,-375.76,97.6,278.16,-78.08,151.28,790.56,1010.16,902.8,727.12
390.4,536.8,146.4,-463.6,122,341.6,-146.4,48.8,873.52,1244.4,1146.8,932.08
517.28,688.08,170.8,-600.24,170.8,429.44,-209.84,-73.2,936.96,1498.16,1415.2,1161.44
585.6,780.8,195.2,-683.2,195.2,488,-292.8,-229.36,966.24,1737.28,1683.6,1390.8
585.6,849.12,263.52,-717.36,161.04,556.32,-336.72,-380.64,946.72,1961.76,1932.48,1605.52
536.8,941.84,405.04,-736.88,63.44,673.44,-356.24,-517.28,863.76,2142.32,2137.44,1795.84
458.72,1039.44,580.72,-746.64,-63.44,810.08,-366,-678.32,673.44,2205.76,2254.56,1917.84
380.64,1107.76,727.12,-741.76,-175.68,917.44,-405.04,-854,434.32,2181.36,2293.6,1995.92
366,1161.44,795.44,-761.28,-214.72,976,-444.08,-1058.96,92.72,2025.2,2235.04,2000.8
351.36,1137.04,785.68,-741.76,-219.6,961.36,-507.52,-1298.08,-326.96,1712.88,2025.2,1878.8
287.92,1029.68,741.76,-658.8,-229.36,883.28,-517.28,-1429.84,-634.4,1298.08,1673.84,1634.8
219.6,858.88,639.28,-536.8,-209.84,746.64,-468.48,-1522.56,-956.48,688.08,1117.52,1205.36
151.28,629.52,478.24,-390.4,-165.92,551.44,-424.56,-1605.52,-1298.08,39.04,512.4,732
78.08,439.2,361.12,-258.64,-141.52,400.16,-385.52,-1610.4,-1483.52,-419.68,87.84,380.64
-63.44,278.16,341.6,-107.36,-204.96,307.44,-390.4,-1566.48,-1517.68,-644.16,-141.52,170.8
-122,204.96,326.96,-39.04,-224.48,263.52,-380.64,-1478.64,-1454.24,-702.72,-258.64,48.8
-102.48,141.52,244,-19.52,-175.68,190.32,-375.76,-1366.4,-1342,-707.6,-317.2,-39.04
-122,73.2,195.2,24.4,-161.04,131.76,-370.88,-1229.76,-1200.48,-673.44,-336.72,-92.72
-53.68,146.4,200.08,-43.92,-126.88,170.8,-331.84,-1034.56,-1000.4,-551.44,-263.52,-58.56
-87.84,73.2,161.04,9.76,-126.88,117.12,-336.72,-897.92,-863.76,-478.24,-239.12,-58.56
-78.08,43.92,122,19.52,-102.48,82.96,-336.72,-775.92,-746.64,-434.32,-229.36,-68.32
-92.72,0,92.72,48.8,-92.72,43.92,-297.68,-649.04,-658.8,-414.8,-224.48,-82.96
-82.96,0,82.96,43.92,-82.96,39.04,-244,-536.8,-566.08,-370.88,-209.84,-87.84
-34.16,24.4,58.56,4.88,-48.8,39.04,-180.56,-405.04,-448.96,-297.68,-170.8,-73.2
-19.52,14.64,34.16,4.88,-29.28,24.4,-151.28,-302.56,-351.36,-248.88,-146.4,-68.32
14.64,34.16,19.52,-24.4,-4.88,24.4,-122,-224.48,-263.52,-195.2,-117.12,-53.68
19.52,53.68,34.16,-34.16,-9.76,43.92,-97.6,-161.04,-195.2,-136.64,-82.96,-39.04
29.28,39.04,9.76,-34.16,9.76,24.4,-58.56,-112.24,-151.28,-112.24,-78.08,-43.92
0,-14.64,-14.64,9.76,4.88,-14.64,-39.04,-78.08,-117.12,-102.48,-78.08,-48.8
0,-34.16,-34.16,19.52,14.64,-34.16,-14.64,-43.92,-97.6,-87.84,-78.08,-53.68
19.52,-19.52,-39.04,0,29.28,-29.28,4.88,-4.88,-58.56,-58.56,-48.8,-34.16
34.16,-14.64,-48.8,-9.76,39.04,-34.16,19.52,14.64,-43.92,-48.8,-43.92,-24.4
19.52,-43.92,-63.44,14.64,39.04,-53.68,19.52,14.64,-53.68,-58.56,-53.68,-39.04
-4.88,-58.56,-53.68,34.16,24.4,-58.56,19.52,34.16,-34.16,-48.8,-53.68,-43.92
19.52,-24.4,-43.92,4.88,29.28,-34.16,24.4,53.68,4.88,-24.4,-34.16,-29.28
9.76,-39.04,-48.8,14.64,29.28,-43.92,4.88,53.68,9.76,-24.4,-39.04,-43.92
24.4,-34.16,-58.56,4.88,39.04,-48.8,19.52,58.56,9.76,-29.28,-43.92,-48.8
-9.76,-58.56,-48.8,34.16,19.52,-53.68,29.28,53.68,-4.88,-43.92,-53.68,-58.56
-34.16,-68.32,-34.16,53.68,0,-53.68,29.28,43.92,-14.64,-43.92,-58.56,-63.44
-9.76,-53.68,-43.92,34.16,14.64,-48.8,29.28,53.68,-4.88,-14.64,-39.04,-48.8
9.76,-34.16,-43.92,14.64,24.4,-39.04,39.04,68.32,9.76,-9.76,-19.52,-34.16
39.04,0,-39.04,-19.52,39.04,-19.52,48.8,78.08,14.64,-14.64,-24.4,-19.52
39.04,-4.88,-43.92,-14.64,39.04,-24.4,53.68,82.96,4.88,-34.16,-39.04,-29.28
29.28,-43.92,-73.2,9.76,48.8,-58.56,43.92,82.96,-4.88,-48.8,-63.44,-53.68
14.64,-73.2,-87.84,29.28,48.8,-82.96,43.92,78.08,0,-68.32,-68.32,-58.56
-19.52,-112.24,-92.72,68.32,34.16,-102.48,39.04,82.96,0,-73.2,-78.08,-68.32
-4.88,-122,-117.12,63.44,53.68,-122,39.04,78.08,4.88,-73.2,-82.96,-82.96
29.28,-92.72,-122,34.16,73.2,-107.36,48.8,78.08,24.4,-43.92,-68.32,-78.08
-29.28,-136.64,-107.36,82.96,39.04,-122,39.04,63.44,24.4,-34.16,-73.2,-82.96
-34.16,-122,-87.84,78.08,24.4,-107.36,43.92,68.32,19.52,-24.4,-58.56,-78.08
9.76,-63.44,-73.2,29.28,39.04,-68.32,63.44,73.2,29.28,-4.88,-34.16,-48.8
-29.28,-82.96,-53.68,58.56,9.76,-68.32,53.68,68.32,14.64,-24.4,-39.04,-43.92
-63.44,-112.24,-48.8,87.84,-9.76,-82.96,34.16,58.56,-4.88,-39.04,-48.8,-48.8
-19.52,-63.44,-43.92,43.92,9.76,-53.68,48.8,73.2,0,-39.04,-48.8,-43.92
39.04,-4.88,-43.92,-14.64,39.04,-24.4,78.08,102.48,39.04,-9.76,-24.4,-24.4
34.16,-19.52,-53.68,-4.88,43.92,-39.04,68.32,107.36,39.04,-14.64,-39.04,-29.28
14.64,-53.68,-68.32,19.52,39.04,-63.44,53.68,92.72,24.4,-34.16,-58.56,-58.56
14.64,-53.68,-68.32,19.52,39.04,-63.44,53.68,78.08,19.52,-39.04,-68.32,-63.44
-9.76,-78.08,-68.32,43.92,29.28,-73.2,43.92,68.32,24.4,-29.28,-63.44,-73.2
-4.88,-68.32,-63.44,39.04,29.28,-68.32,43.92,68.32,14.64,-9.76,-53.68,-58.56
39.04,-29.28,-68.32,-4.88,53.68,-48.8,53.68,68.32,29.28,9.76,-24.4,-39.04
19.52,-39.04,-58.56,9.76,39.04,-48.8,53.68,68.32,19.52,0,-34.16,-34.16
-29.28,-82.96,-53.68,58.56,9.76,-68.32,39.04,58.56,0,-29.28,-53.68,-48.8
-14.64,-73.2,-58.56,43.92,19.52,-68.32,48.8,68.32,-9.76,-34.16,-58.56,-43.92
14.64,-58.56,-73.2,24.4,43.92,-68.32,63.44,78.08,14.64,-34.16,-53.68,-43.92
0,-78.08,-78.08,39.04,39.04,-78.08,63.44,78.08,34.16,-24.4,-58.56,-53.68
-4.88,-92.72,-87.84,48.8,39.04,-92.72,63.44,73.2,24.4,-24.4,-68.32,-73.2
19.52,-73.2,-92.72,29.28,53.68,-82.96,68.32,73.2,24.4,-29.28,-73.2,-73.2
9.76,-78.08,-87.84,34.16,48.8,-82.96,63.44,53.68,14.64,-24.4,-68.32,-73.2
9.76,-58.56,-68.32,24.4,39.04,-63.44,73.2,63.44,19.52,-4.88,-58.56,-63.44
-19.52,-87.84,-68.32,53.68,24.4,-78.08,63.44,63.44,24.4,-9.76,-58.56,-63.44
-29.28,-87.84,-58.56,58.56,14.64,-73.2,48.8,48.8,4.88,-39.04,-82.96,-73.2
0,-63.44,-63.44,34.16,29.28,-63.44,63.44,68.32,0,-34.16,-73.2,-53.68
-53.68,-112.24,-58.56,82.96,0,-87.84,53.68,63.44,-14.64,-48.8,-87.84,-58.56
-24.4,-92.72,-68.32,58.56,19.52,-82.96,58.56,73.2,-14.64,-58.56,-82.96,-53.68
14.64,-58.56,-73.2,24.4,43.92,-68.32,78.08,87.84,14.64,-39.04,-68.32,-34.16
-4.88,-92.72,-87.84,48.8,39.04,-92.72,68.32,73.2,14.64,-29.28,-73.2,-53.68
14.64,-82.96,-97.6,34.16,53.68,-92.72,68.32,78.08,43.92,-19.52,-68.32,-53.68
73.2,-19.52,-92.72,-24.4,82.96,-58.56,82.96,97.6,68.32,9.76,-43.92,-34.16
0,-87.84,-87.84,43.92,43.92,-87.84,58.56,63.44,14.64,-24.4,-82.96,-68.32
-19.52,-107.36,-87.84,63.44,34.16,-97.6,63.44,63.44,-4.88,-53.68,-92.72,-82.96
-24.4,-102.48,-78.08,63.44,24.4,-92.72,68.32,58.56,-9.76,-58.56,-87.84,-73.2
-14.64,-87.84,-73.2,53.68,29.28,-82.96,68.32,58.56,-14.64,-53.68,-92.72,-68.32
-9.76,-82.96,-73.2,48.8,29.28,-78.08,73.2,63.44,-14.64,-63.44,-97.6,-73.2
-29.28,-102.48,-73.2,68.32,19.52,-87.84,82.96,73.2,-4.88,-68.32,-102.48,-82.96
-9.76,-92.72,-82.96,53.68,34.16,-87.84,78.08,78.08,0,-82.96,-122,-92.72
-9.76,-112.24,-102.48,63.44,43.92,-107.36,68.32,78.08,14.64,-78.08,-136.64,-107.36
-14.64,-112.24,-97.6,63.44,39.04,-107.36,73.2,87.84,29.28,-53.68,-117.12,-97.6
9.76,-87.84,-97.6,39.04,53.68,-92.72,63.44,78.08,39.04,-14.64,-92.72,-87.84
24.4,-63.44,-87.84,19.52,53.68,-78.08,58.56,78.08,39.04,0,-73.2,-82.96
-4.88,-87.84,-82.96,48.8,39.04,-87.84,53.68,82.96,29.28,-9.76,-68.32,-87.84
-53.68,-131.76,-78.08,92.72,9.76,-107.36,34.16,68.32,0,-68.32,-107.36,-136.64
-34.16,-112.24,-78.08,73.2,19.52,-97.6,43.92,82.96,14.64,-63.44,-107.36,-161.04
19.52,-63.44,-82.96,24.4,48.8,-73.2,53.68,102.48,29.28,-58.56,-107.36,-175.68
-9.76,-107.36,-97.6,58.56,43.92,-102.48,34.16,102.48,24.4,-78.08,-126.88,-195.2
-4.88,-126.88,-122,68.32,58.56,-126.88,24.4,97.6,24.4,-78.08,-131.76,-204.96
0,-126.88,-126.88,63.44,63.44,-126.88,29.28,107.36,34.16,-68.32,-122,-200.08
0,-122,-122,63.44,58.56,-122,39.04,112.24,39.04,-68.32,-122,-200.08
-9.76,-112.24,-102.48,63.44,43.92,-107.36,43.92,112.24,48.8,-63.44,-117.12,-195.2
14.64,-92.72,-107.36,39.04,58.56,-102.48,53.68,122,63.44,-34.16,-92.72,-185.44
34.16,-102.48,-136.64,34.16,82.96,-122,39.04,112.24,43.92,-39.04,-97.6,-185.44
-48.8,-175.68,-126.88,112.24,39.04,-151.28,14.64,73.2,0,-73.2,-126.88,-204.96
-24.4,-126.88,-102.48,78.08,39.04,-117.12,24.4,97.6,19.52,-39.04,-97.6,-180.56
0,-92.72,-92.72,48.8,43.92,-92.72,19.52,112.24,29.28,-29.28,-87.84,-175.68
-9.76,-97.6,-87.84,53.68,39.04,-92.72,19.52,107.36,34.16,-39.04,-102.48,-185.44
19.52,-82.96,-102.48,34.16,58.56,-92.72,14.64,117.12,43.92,-53.68,-117.12,-195.2
43.92,-58.56,-102.48,9.76,73.2,-82.96,39.04,146.4,68.32,-48.8,-107.36,-185.44
39.04,-73.2,-112.24,19.52,73.2,-92.72,34.16,146.4,78.08,-48.8,-112.24,-185.44
-14.64,-117.12,-102.48,68.32,43.92,-112.24,29.28,112.24,53.68,-63.44,-136.64,-219.6
-29.28,-141.52,-112.24,87.84,39.04,-126.88,39.04,107.36,43.92,-73.2,-161.04,-253.76
-14.64,-126.88,-112.24,73.2,48.8,-122,34.16,107.36,39.04,-73.2,-151.28,-244
-14.64,-122,-107.36,68.32,43.92,-117.12,34.16,112.24,24.4,-78.08,-141.52,-219.6
-34.16,-151.28,-117.12,92.72,39.04,-136.64,43.92,126.88,29.28,-82.96,-136.64,-209.84
-29.28,-131.76,-102.48,82.96,34.16,-117.12,48.8,141.52,29.28,-78.08,-126.88,-190.32
14.64,-92.72,-107.36,39.04,58.56,-102.48,58.56,146.4,34.16,-73.2,-107.36,-170.8
43.92,-58.56,-102.48,9.76,73.2,-82.96,68.32,161.04,53.68,-63.44,-107.36,-170.8
9.76,-107.36,-117.12,48.8,63.44,-112.24,48.8,141.52,34.16,-87.84,-136.64,-209.84
14.64,-112.24,-126.88,48.8,68.32,-122,48.8,122,24.4,-92.72,-146.4,-219.6
4.88,-112.24,-117.12,53.68,58.56,-117.12,53.68,117.12,34.16,-82.96,-146.4,-224.48
9.76,-117.12,-126.88,53.68,68.32,-122,43.92,107.36,29.28,-78.08,-141.52,-219.6
-19.52,-136.64,-117.12,78.08,48.8,-126.88,34.16,107.36,19.52,-87.84,-146.4,-219.6
-24.4,-136.64,-112.24,82.96,43.92,-126.88,48.8,102.48,-4.88,-117.12,-170.8,-234.24
-4.88,-107.36,-102.48,58.56,48.8,-107.36,63.44,107.36,-19.52,-131.76,-175.68,-239.12
14.64,-82.96,-97.6,34.16,53.68,-92.72,73.2,117.12,-4.88,-117.12,-161.04,-229.36
4.88,-73.2,-78.08,34.16,39.04,-78.08,53.68,126.88,9.76,-102.48,-146.4,-224.48
53.68,-39.04,-92.72,-4.88,73.2,-68.32,48.8,126.88,4.88,-122,-156.16,-219.6
24.4,-63.44,-87.84,19.52,53.68,-78.08,43.92,107.36,-9.76,-141.52,-180.56,-234.24
-4.88,-112.24,-107.36,58.56,48.8,-112.24,34.16,92.72,-9.76,-151.28,-195.2,-244
39.04,-78.08,-117.12,19.52,78.08,-97.6,48.8,92.72,-9.76,-131.76,-185.44,-239.12
43.92,-87.84,-131.76,24.4,87.84,-112.24,53.68,87.84,-43.92,-156.16,-200.08,-253.76
39.04,-102.48,-141.52,34.16,87.84,-122,48.8,82.96,-53.68,-170.8,-209.84,-258.64
14.64,-131.76,-146.4,58.56,78.08,-141.52,39.04,63.44,-68.32,-195.2,-219.6,-263.52
-24.4,-146.4,-122,87.84,48.8,-136.64,34.16,48.8,-92.72,-214.72,-239.12,-268.4
-14.64,-126.88,-112.24,73.2,48.8,-122,39.04,48.8,-92.72,-219.6,-239.12,-258.64
0,-112.24,-112.24,58.56,53.68,-112.24,34.16,43.92,-97.6,-214.72,-229.36,-258.64
24.4,-92.72,-117.12,34.16,68.32,-107.36,34.16,39.04,-97.6,-209.84,-224.48,-258.64
14.64,-92.72,-107.36,39.04,58.56,-102.48,43.92,34.16,-92.72,-190.32,-219.6,-248.88
-4.88,-107.36,-102.48,58.56,48.8,-107.36,34.16,24.4,-102.48,-209.84,-229.36,-253.76
-9.76,-112.24,-102.48,63.44,43.92,-107.36,34.16,4.88,-136.64,-239.12,-248.88,-268.4
19.52,-82.96,-102.48,34.16,58.56,-92.72,34.16,9.76,-131.76,-234.24,-248.88,-273.28
4.88,-82.96,-87.84,39.04,43.92,-87.84,48.8,14.64,-126.88,-209.84,-244,-263.52
-9.76,-112.24,-102.48,63.44,43.92,-107.36,24.4,-19.52,-180.56,-253.76,-263.52,-273.28
43.92,-63.44,-107.36,9.76,73.2,-87.84,39.04,-14.64,-180.56,-268.4,-268.4,-253.76
48.8,-58.56,-107.36,4.88,78.08,-82.96,53.68,-4.88,-175.68,-248.88,-253.76,-248.88
34.16,-73.2,-107.36,19.52,68.32,-92.72,53.68,-14.64,-170.8,-239.12,-248.88,-253.76
24.4,-78.08,-102.48,29.28,63.44,-92.72,34.16,-19.52,-170.8,-253.76,-268.4,-273.28
-4.88,-107.36,-102.48,58.56,48.8,-107.36,29.28,-24.4,-190.32,-287.92,-292.8,-292.8
-24.4,-126.88,-102.48,78.08,39.04,-117.12,9.76,-39.04,-185.44,-283.04,-287.92,-292.8
-34.16,-107.36,-73.2,73.2,19.52,-92.72,9.76,-39.04,-170.8,-248.88,-258.64,-263.52
19.52,-58.56,-78.08,19.52,48.8,-68.32,24.4,-29.28,-175.68,-234.24,-244,-219.6
29.28,-53.68,-82.96,14.64,53.68,-68.32,24.4,-29.28,-175.68,-224.48,-224.48,-195.2
14.64,-82.96,-97.6,34.16,53.68,-92.72,9.76,-48.8,-190.32,-239.12,-234.24,-204.96
24.4,-43.92,-68.32,9.76,43.92,-58.56,34.16,-39.04,-175.68,-214.72,-209.84,-180.56
24.4,-29.28,-53.68,4.88,39.04,-43.92,39.04,-19.52,-161.04,-190.32,-190.32,-161.04
-14.64,-78.08,-63.44,48.8,24.4,-73.2,19.52,-39.04,-161.04,-209.84,-209.84,-185.44
-48.8,-117.12,-68.32,82.96,9.76,-92.72,14.64,-48.8,-175.68,-224.48,-224.48,-200.08
4.88,-63.44,-68.32,29.28,34.16,-68.32,24.4,-29.28,-131.76,-175.68,-185.44,-175.68
29.28,-34.16,-63.44,4.88,43.92,-48.8,19.52,-19.52,-107.36,-146.4,-161.04,-165.92
34.16,-24.4,-58.56,-4.88,43.92,-43.92,24.4,-34.16,-122,-131.76,-146.4,-151.28
24.4,-24.4,-48.8,0,34.16,-39.04,29.28,-24.4,-112.24,-112.24,-141.52,-141.52
29.28,-24.4,-53.68,0,39.04,-39.04,24.4,-29.28,-107.36,-126.88,-136.64,-146.4
19.52,-34.16,-53.68,9.76,34.16,-43.92,29.28,-29.28,-112.24,-141.52,-136.64,-141.52
9.76,-34.16,-43.92,14.64,24.4,-39.04,39.04,-24.4,-102.48,-126.88,-126.88,-141.52
53.68,29.28,-24.4,-39.04,39.04,0,48.8,4.88,-68.32,-78.08,-87.84,-117.12
29.28,14.64,-14.64,-19.52,19.52,0,39.04,0,-68.32,-73.2,-87.84,-122
0,-19.52,-19.52,9.76,9.76,-19.52,14.64,-14.64,-68.32,-68.32,-97.6,-126.88
-19.52,-29.28,-9.76,24.4,-4.88,-19.52,4.88,-19.52,-58.56,-58.56,-92.72,-131.76
-34.16,-39.04,-4.88,39.04,-14.64,-24.4,0,-29.28,-43.92,-39.04,-73.2,-117.12
14.64,0,-14.64,-4.88,14.64,-9.76,-19.52,-34.16,-29.28,4.88,-39.04,-82.96
48.8,14.64,-34.16,-29.28,39.04,-9.76,-19.52,-24.4,-24.4,9.76,-34.16,-82.96
4.88,-34.16,-39.04,14.64,19.52,-39.04,-19.52,-24.4,-48.8,-34.16,-53.68,-97.6
4.88,-29.28,-34.16,14.64,19.52,-34.16,-9.76,-19.52,-53.68,-34.16,-53.68,-92.72
-4.88,-34.16,-29.28,19.52,9.76,-34.16,-9.76,-19.52,-39.04,-24.4,-43.92,-82.96
-39.04,-68.32,-29.28,53.68,-4.88,-48.8,-34.16,-29.28,-58.56,-48.8,-82.96,-117.12
-14.64,-29.28,-14.64,24.4,0,-24.4,-4.88,0,-39.04,-43.92,-73.2,-102.48
4.88,-24.4,-29.28,9.76,14.64,-29.28,-9.76,-4.88,-39.04,-43.92,-78.08,-102.48
24.4,-14.64,-39.04,-4.88,29.28,-29.28,-19.52,-9.76,-24.4,-9.76,-53.68,-82.96
24.4,9.76,-14.64,-14.64,19.52,-4.88,-14.64,-4.88,-4.88,24.4,-24.4,-68.32
0,0,0,0,0,0,4.88,-4.88,0,39.04,-19.52,-73.2
-14.64,9.76,24.4,4.88,-19.52,14.64,19.52,0,4.88,48.8,-14.64,-68.32
-14.64,29.28,43.92,-4.88,-29.28,34.16,24.4,4.88,9.76,53.68,0,-53.68
0,34.16,34.16,-14.64,-19.52,34.16,14.64,9.76,4.88,43.92,-4.88,-48.8
39.04,53.68,14.64,-43.92,9.76,34.16,14.64,19.52,-4.88,24.4,-9.76,-48.8
9.76,14.64,4.88,-9.76,0,9.76,14.64,19.52,-19.52,19.52,-14.64,-53.68
-48.8,-43.92,4.88,48.8,-29.28,-19.52,9.76,0,-34.16,0,-29.28,-73.2
-53.68,-34.16,19.52,43.92,-39.04,-9.76,9.76,0,-9.76,19.52,-19.52,-68.32
-29.28,-14.64,14.64,24.4,-24.4,0,24.4,14.64,4.88,48.8,-4.88,-58.56
-4.88,9.76,14.64,0,-9.76,9.76,14.64,19.52,4.88,53.68,-9.76,-63.44
-43.92,-29.28,14.64,39.04,-29.28,-9.76,0,4.88,0,29.28,-29.28,-82.96
-39.04,-24.4,14.64,34.16,-29.28,-4.88,0,14.64,0,19.52,-39.04,-87.84
19.52,19.52,0,-19.52,9.76,9.76,14.64,14.64,0,24.4,-24.4,-73.2
4.88,19.52,14.64,-9.76,-4.88,14.64,14.64,19.52,4.88,43.92,-9.76,-68.32
-14.64,0,14.64,9.76,-14.64,4.88,9.76,19.52,4.88,43.92,-4.88,-58.56
0,24.4,24.4,-9.76,-14.64,24.4,9.76,34.16,29.28,78.08,9.76,-53.68
24.4,43.92,19.52,-34.16,0,29.28,14.64,53.68,48.8,102.48,34.16,-34.16
19.52,19.52,0,-19.52,9.76,9.76,19.52,53.68,43.92,87.84,14.64,-53.68
-4.88,-19.52,-14.64,14.64,4.88,-19.52,24.4,53.68,34.16,73.2,9.76,-68.32
-9.76,-24.4,-14.64,19.52,0,-19.52,29.28,68.32,29.28,48.8,-4.88,-78.08
-24.4,-24.4,0,24.4,-14.64,-14.64,34.16,58.56,24.4,29.28,-19.52,-82.96
-19.52,-14.64,4.88,19.52,-14.64,-4.88,48.8,68.32,29.28,53.68,-4.88,-68.32
-14.64,-14.64,0,14.64,-9.76,-9.76,39.04,58.56,14.64,58.56,0,-68.32
43.92,58.56,14.64,-48.8,14.64,34.16,53.68,68.32,53.68,102.48,29.28,-43.92
48.8,87.84,39.04,-68.32,4.88,63.44,48.8,82.96,82.96,136.64,53.68,-24.4
-24.4,9.76,34.16,9.76,-29.28,19.52,29.28,87.84,63.44,102.48,19.52,-53.68
-9.76,14.64,24.4,0,-19.52,19.52,39.04,97.6,53.68,68.32,9.76,-58.56
4.88,9.76,4.88,-4.88,0,4.88,43.92,102.48,58.56,73.2,4.88,-58.56
-9.76,-14.64,-4.88,14.64,-4.88,-9.76,39.04,97.6,53.68,73.2,9.76,-68.32
9.76,9.76,0,-9.76,4.88,4.88,39.04,102.48,58.56,68.32,4.88,-68.32
-4.88,4.88,9.76,0,-9.76,4.88,43.92,107.36,73.2,92.72,14.64,-63.44
-34.16,-9.76,24.4,24.4,-29.28,4.88,34.16,97.6,58.56,87.84,9.76,-63.44
9.76,24.4,14.64,-14.64,-4.88,19.52,34.16,92.72,63.44,82.96,14.64,-58.56
-4.88,24.4,29.28,-9.76,-19.52,24.4,34.16,87.84,63.44,82.96,0,-78.08
-14.64,34.16,48.8,-9.76,-34.16,39.04,34.16,102.48,68.32,87.84,4.88,-73.2
-19.52,39.04,58.56,-9.76,-39.04,48.8,43.92,126.88,78.08,87.84,0,-73.2
-14.64,19.52,34.16,0,-24.4,24.4,29.28,126.88,82.96,82.96,0,-73.2
-14.64,0,14.64,9.76,-14.64,4.88,34.16,126.88,92.72,87.84,-4.88,-78.08
-43.92,-24.4,19.52,34.16,-34.16,-4.88,53.68,141.52,112.24,107.36,14.64,-58.56
-24.4,-9.76,14.64,19.52,-19.52,0,58.56,131.76,126.88,131.76,29.28,-43.92
29.28,43.92,14.64,-34.16,4.88,29.28,68.32,156.16,165.92,165.92,58.56,-34.16
4.88,19.52,14.64,-9.76,-4.88,14.64,53.68,141.52,141.52,156.16,48.8,-48.8
0,34.16,34.16,-14.64,-19.52,34.16,58.56,151.28,146.4,161.04,63.44,-29.28
53.68,87.84,34.16,-68.32,9.76,58.56,73.2,170.8,165.92,161.04,63.44,-19.52
9.76,39.04,29.28,-24.4,-9.76,34.16,58.56,170.8,151.28,141.52,43.92,-43.92
-48.8,-24.4,24.4,39.04,-39.04,0,48.8,175.68,136.64,102.48,14.64,-58.56
19.52,43.92,24.4,-29.28,-4.88,34.16,73.2,200.08,161.04,131.76,43.92,-34.16
24.4,29.28,4.88,-24.4,9.76,14.64,68.32,195.2,165.92,136.64,39.04,-48.8
-9.76,-4.88,4.88,9.76,-9.76,0,68.32,195.2,170.8,151.28,43.92,-53.68
-34.16,-9.76,24.4,24.4,-29.28,4.88,73.2,185.44,180.56,180.56,63.44,-34.16
-39.04,9.76,48.8,14.64,-43.92,29.28,73.2,170.8,180.56,200.08,82.96,-19.52
0,48.8,48.8,-24.4,-24.4,48.8,68.32,180.56,200.08,209.84,92.72,-9.76
24.4,78.08,53.68,-48.8,-14.64,63.44,92.72,204.96,209.84,204.96,97.6,4.88
29.28,78.08,48.8,-53.68,-9.76,63.44,87.84,209.84,190.32,180.56,82.96,-9.76
4.88,68.32,63.44,-34.16,-29.28,63.44,73.2,209.84,190.32,190.32,82.96,-9.76
-19.52,53.68,73.2,-14.64,-48.8,63.44,68.32,214.72,209.84,209.84,92.72,-14.64
-63.44,4.88,68.32,29.28,-68.32,34.16,48.8,200.08,200.08,190.32,68.32,-29.28
-29.28,0,29.28,14.64,-29.28,14.64,48.8,200.08,175.68,161.04,53.68,-39.04
-14.64,-24.4,-9.76,19.52,-4.88,-19.52,43.92,204.96,180.56,146.4,43.92,-39.04
-34.16,-39.04,-4.88,39.04,-14.64,-24.4,68.32,219.6,200.08,161.04,58.56,-19.52
-19.52,-9.76,9.76,14.64,-14.64,0,63.44,214.72,209.84,175.68,68.32,-9.76
-14.64,-9.76,4.88,14.64,-9.76,-4.88,43.92,204.96,219.6,195.2,78.08,-19.52
4.88,14.64,9.76,-9.76,-4.88,9.76,53.68,204.96,214.72,195.2,87.84,-14.64
14.64,24.4,9.76,-19.52,0,14.64,39.04,204.96,204.96,195.2,92.72,-9.76
14.64,14.64,0,-14.64,4.88,4.88,29.28,195.2,180.56,190.32,82.96,-9.76
-14.64,4.88,19.52,4.88,-19.52,9.76,29.28,180.56,170.8,195.2,82.96,-9.76
-24.4,4.88,29.28,9.76,-29.28,14.64,29.28,180.56,170.8,195.2,78.08,-9.76
4.88,53.68,48.8,-29.28,-24.4,48.8,19.52,180.56,185.44,200.08,82.96,-4.88
-14.64,43.92,58.56,-14.64,-39.04,48.8,9.76,185.44,185.44,180.56,63.44,-4.88
-19.52,34.16,53.68,-4.88,-39.04,43.92,14.64,190.32,185.44,156.16,48.8,-14.64
-14.64,24.4,39.04,-4.88,-29.28,29.28,4.88,185.44,190.32,151.28,43.92,-9.76
-19.52,9.76,29.28,4.88,-24.4,19.52,4.88,200.08,204.96,165.92,63.44,4.88
-14.64,-24.4,-9.76,19.52,-4.88,-19.52,14.64,200.08,180.56,156.16,58.56,4.88
-4.88,-14.64,-9.76,9.76,0,-14.64,39.04,204.96,180.56,165.92,53.68,0
-19.52,-14.64,4.88,19.52,-14.64,-4.88,24.4,185.44,180.56,175.68,53.68,-9.76
-29.28,-9.76,19.52,19.52,-24.4,4.88,14.64,180.56,190.32,200.08,68.32,-9.76
-19.52,14.64,34.16,4.88,-29.28,24.4,14.64,190.32,200.08,209.84,73.2,-9.76
-73.2,-34.16,39.04,53.68,-58.56,0,14.64,175.68,165.92,165.92,39.04,-34.16
-39.04,-4.88,34.16,24.4,-39.04,14.64,29.28,195.2,165.92,151.28,39.04,-24.4
-9.76,9.76,19.52,0,-14.64,14.64,43.92,200.08,175.68,151.28,48.8,-14.64
-9.76,4.88,14.64,4.88,-14.64,9.76,29.28,190.32,170.8,151.28,48.8,-4.88
24.4,29.28,4.88,-24.4,9.76,14.64,48.8,190.32,175.68,146.4,48.8,0
0,4.88,4.88,0,-4.88,4.88,39.04,190.32,170.8,161.04,63.44,9.76
-29.28,-24.4,4.88,29.28,-19.52,-9.76,29.28,195.2,170.8,170.8,58.56,4.88
-4.88,9.76,14.64,0,-9.76,9.76,39.04,200.08,165.92,170.8,63.44,14.64
9.76,9.76,0,-9.76,4.88,4.88,39.04,200.08,165.92,156.16,48.8,0
-39.04,-29.28,9.76,34.16,-24.4,-9.76,34.16,190.32,165.92,151.28,43.92,-4.88
-9.76,14.64,24.4,0,-19.52,19.52,29.28,175.68,170.8,156.16,48.8,4.88
19.52,43.92,24.4,-29.28,-4.88,34.16,24.4,180.56,175.68,165.92,48.8,9.76
-24.4,0,24.4,14.64,-24.4,9.76,19.52,180.56,170.8,175.68,53.68,9.76
-29.28,-4.88,24.4,19.52,-29.28,9.76,9.76,161.04,161.04,175.68,53.68,4.88
-19.52,-4.88,14.64,14.64,-19.52,4.88,9.76,180.56,170.8,165.92,58.56,14.64
19.52,14.64,-4.88,-14.64,9.76,4.88,9.76,175.68,156.16,156.16,43.92,4.88
-9.76,4.88,14.64,4.88,-14.64,9.76,24.4,175.68,146.4,136.64,34.16,-4.88
-58.56,-24.4,34.16,43.92,-48.8,4.88,29.28,180.56,141.52,141.52,24.4,-9.76
-68.32,-39.04,29.28,53.68,-48.8,-4.88,19.52,170.8,136.64,146.4,24.4,-24.4
-43.92,-29.28,14.64,39.04,-29.28,-9.76,14.64,165.92,146.4,185.44,48.8,-9.76
24.4,48.8,24.4,-34.16,0,34.16,29.28,185.44,180.56,234.24,87.84,34.16
19.52,39.04,19.52,-29.28,0,29.28,19.52,185.44,170.8,214.72,73.2,29.28
-43.92,-34.16,9.76,39.04,-29.28,-14.64,-4.88,161.04,151.28,170.8,39.04,-4.88
-58.56,-34.16,24.4,48.8,-43.92,-4.88,0,156.16,141.52,146.4,19.52,-14.64
-39.04,-14.64,24.4,29.28,-34.16,4.88,14.64,161.04,122,102.48,4.88,-19.52
-9.76,14.64,24.4,0,-19.52,19.52,14.64,165.92,131.76,117.12,14.64,-4.88
0,43.92,43.92,-19.52,-24.4,43.92,24.4,170.8,141.52,151.28,43.92,24.4
-19.52,0,19.52,9.76,-19.52,9.76,9.76,156.16,126.88,136.64,29.28,4.88
-48.8,-39.04,9.76,43.92,-29.28,-14.64,0,136.64,117.12,126.88,19.52,-4.88
-48.8,-9.76,39.04,29.28,-43.92,14.64,19.52,151.28,126.88,136.64,24.4,-4.88
-24.4,24.4,48.8,0,-39.04,34.16,29.28,161.04,151.28,151.28,34.16,4.88
19.52,39.04,19.52,-29.28,0,29.28,24.4,180.56,156.16,151.28,24.4,4.88
-9.76,-4.88,4.88,9.76,-9.76,0,9.76,170.8,131.76,122,0,-24.4
-68.32,-68.32,0,68.32,-34.16,-34.16,-24.4,131.76,97.6,82.96,-19.52,-39.04
-29.28,-39.04,-9.76,34.16,-9.76,-24.4,-4.88,141.52,117.12,126.88,9.76,-9.76
24.4,-4.88,-29.28,-9.76,24.4,-19.52,9.76,146.4,136.64,141.52,14.64,4.88
0,4.88,4.88,0,-4.88,4.88,24.4,165.92,146.4,156.16,39.04,24.4
-29.28,-4.88,24.4,19.52,-29.28,9.76,9.76,165.92,126.88,136.64,24.4,14.64
-29.28,-9.76,19.52,19.52,-24.4,4.88,4.88,156.16,126.88,131.76,19.52,9.76
-48.8,-34.16,14.64,43.92,-34.16,-9.76,-9.76,141.52,122,136.64,24.4,4.88
-48.8,-19.52,29.28,34.16,-39.04,4.88,4.88,146.4,131.76,151.28,24.4,4.88
0,19.52,19.52,-9.76,-9.76,19.52,14.64,156.16,126.88,151.28,14.64,4.88
-9.76,19.52,29.28,-4.88,-19.52,24.4,-9.76,156.16,117.12,122,0,-9.76
-24.4,0,24.4,14.64,-24.4,9.76,-4.88,156.16,131.76,122,4.88,-14.64
24.4,29.28,4.88,-24.4,9.76,14.64,14.64,165.92,141.52,131.76,9.76,-9.76
-14.64,-4.88,9.76,9.76,-14.64,0,4.88,165.92,122,136.64,9.76,0
-39.04,-29.28,9.76,34.16,-24.4,-9.76,4.88,156.16,122,151.28,19.52,9.76
-39.04,-14.64,24.4,29.28,-34.16,4.88,19.52,170.8,151.28,165.92,29.28,14.64
-48.8,-53.68,-4.88,53.68,-24.4,-29.28,9.76,151.28,136.64,151.28,14.64,-4.88
-24.4,-4.88,19.52,14.64,-24.4,4.88,19.52,161.04,136.64,161.04,19.52,0
24.4,58.56,34.16,-39.04,-4.88,43.92,29.28,180.56,151.28,146.4,19.52,0
-34.16,-19.52,14.64,29.28,-24.4,-4.88,9.76,165.92,107.36,78.08,-29.28,-29.28
-87.84,-82.96,4.88,87.84,-48.8,-39.04,-4.88,136.64,87.84,63.44,-53.68,-43.92
-58.56,-48.8,9.76,53.68,-34.16,-19.52,4.88,146.4,117.12,107.36,-19.52,-14.64
-34.16,-39.04,-4.88,39.04,-14.64,-24.4,9.76,151.28,117.12,122,-9.76,-9.76
-39.04,-53.68,-14.64,48.8,-14.64,-34.16,0,151.28,117.12,141.52,0,4.88
-39.04,-39.04,0,39.04,-19.52,-19.52,9.76,146.4,112.24,151.28,14.64,4.88
-53.68,-29.28,24.4,43.92,-39.04,-4.88,14.64,151.28,122,185.44,39.04,14.64
-48.8,-14.64,34.16,34.16,-43.92,9.76,19.52,156.16,126.88,195.2,48.8,19.52
-39.04,-4.88,34.16,24.4,-39.04,14.64,9.76,146.4,117.12,141.52,14.64,4.88
-63.44,-19.52,43.92,43.92,-53.68,9.76,9.76,156.16,102.48,92.72,-14.64,-9.76
-53.68,-9.76,43.92,34.16,-48.8,14.64,9.76,151.28,107.36,92.72,-19.52,-14.64
-43.92,-9.76,34.16,29.28,-39.04,9.76,0,156.16,131.76,122,-9.76,-9.76
-53.68,-34.16,19.52,43.92,-39.04,-9.76,-9.76,161.04,136.64,117.12,-14.64,-14.64
-73.2,-68.32,4.88,73.2,-39.04,-34.16,-19.52,146.4,97.6,87.84,-43.92,-39.04
-73.2,-68.32,4.88,73.2,-39.04,-34.16,-24.4,136.64,97.6,87.84,-43.92,-29.28
-63.44,-53.68,9.76,58.56,-39.04,-24.4,-29.28,146.4,107.36,107.36,-14.64,-9.76
-24.4,-14.64,9.76,19.52,-19.52,-4.88,0,161.04,122,131.76,4.88,4.88
14.64,39.04,24.4,-24.4,-4.88,29.28,4.88,165.92,141.52,161.04,29.28,29.28
-73.2,-63.44,9.76,68.32,-43.92,-29.28,-39.04,151.28,112.24,131.76,9.76,4.88
-43.92,-58.56,-14.64,53.68,-14.64,-39.04,-39.04,156.16,102.48,107.36,-9.76,-9.76
-39.04,-43.92,-4.88,43.92,-19.52,-24.4,-14.64,161.04,117.12,112.24,-9.76,-9.76
-73.2,-43.92,29.28,58.56,-53.68,-9.76,-19.52,156.16,112.24,107.36,-19.52,-24.4
-73.2,-39.04,34.16,58.56,-53.68,-4.88,-14.64,151.28,112.24,97.6,-14.64,-14.64
-87.84,-43.92,43.92,68.32,-68.32,0,-34.16,151.28,107.36,112.24,-14.64,-4.88
-58.56,0,58.56,29.28,-58.56,29.28,-39.04,151.28,126.88,136.64,9.76,14.64
-48.8,0,48.8,24.4,-48.8,24.4,-39.04,146.4,112.24,117.12,-4.88,4.88
-63.44,-29.28,34.16,48.8,-48.8,0,-19.52,165.92,117.12,107.36,-14.64,0
-43.92,-9.76,34.16,29.28,-39.04,9.76,-24.4,175.68,122,117.12,-9.76,9.76
-14.64,4.88,19.52,4.88,-19.52,9.76,-4.88,190.32,141.52,122,0,24.4
-53.68,-43.92,9.76,48.8,-34.16,-19.52,-4.88,195.2,141.52,107.36,-9.76,14.64
-73.2,-68.32,4.88,73.2,-39.04,-34.16,-9.76,185.44,126.88,87.84,-29.28,0
-63.44,-78.08,-14.64,73.2,-24.4,-48.8,-19.52,165.92,112.24,73.2,-48.8,-14.64
-53.68,-63.44,-9.76,58.56,-24.4,-39.04,-4.88,161.04,97.6,78.08,-39.04,-19.52
-14.64,4.88,19.52,4.88,-19.52,9.76,9.76,185.44,136.64,136.64,24.4,34.16
-48.8,-14.64,34.16,34.16,-43.92,9.76,-24.4,175.68,146.4,131.76,24.4,43.92
-78.08,-24.4,53.68,53.68,-68.32,14.64,-19.52,190.32,136.64,117.12,9.76,34.16
-9.76,29.28,39.04,-9.76,-24.4,34.16,0,204.96,141.52,117.12,4.88,34.16
-39.04,-24.4,14.64,34.16,-29.28,-4.88,-24.4,185.44,112.24,73.2,-34.16,9.76
-63.44,-48.8,14.64,58.56,-39.04,-19.52,-14.64,190.32,107.36,73.2,-24.4,9.76
-68.32,-29.28,39.04,48.8,-53.68,4.88,-9.76,200.08,122,117.12,9.76,34.16
-73.2,-29.28,43.92,53.68,-58.56,4.88,-14.64,190.32,126.88,122,24.4,48.8
-48.8,-9.76,39.04,29.28,-43.92,14.64,-9.76,209.84,146.4,92.72,4.88,43.92
-53.68,-39.04,14.64,48.8,-34.16,-14.64,0,214.72,151.28,68.32,-19.52,24.4
-68.32,-58.56,9.76,63.44,-39.04,-24.4,0,200.08,136.64,78.08,-9.76,43.92
-73.2,-48.8,24.4,63.44,-48.8,-14.64,9.76,190.32,146.4,97.6,4.88,58.56
-82.96,-53.68,29.28,68.32,-58.56,-14.64,9.76,204.96,146.4,82.96,0,48.8
-73.2,-43.92,29.28,58.56,-53.68,-9.76,0,209.84,141.52,78.08,0,48.8
-78.08,-39.04,39.04,58.56,-58.56,0,-9.76,214.72,161.04,97.6,9.76,58.56
-87.84,-63.44,24.4,78.08,-58.56,-19.52,-9.76,219.6,141.52,63.44,-4.88,34.16
-24.4,4.88,29.28,9.76,-29.28,14.64,0,234.24,151.28,73.2,9.76,63.44
-43.92,-14.64,29.28,29.28,-39.04,4.88,-4.88,214.72,131.76,58.56,-9.76,58.56
-48.8,-24.4,24.4,39.04,-39.04,0,0,209.84,136.64,58.56,-19.52,39.04
-58.56,-14.64,43.92,39.04,-53.68,14.64,9.76,214.72,161.04,78.08,-4.88,34.16
-43.92,19.52,63.44,14.64,-53.68,39.04,14.64,214.72,170.8,112.24,24.4,58.56
0,63.44,63.44,-29.28,-34.16,63.44,14.64,239.12,175.68,122,48.8,78.08
-78.08,-24.4,53.68,53.68,-68.32,14.64,-14.64,209.84,126.88,63.44,4.88,43.92
-107.36,-63.44,43.92,87.84,-78.08,-9.76,-19.52,185.44,112.24,39.04,-9.76,39.04
-78.08,-48.8,29.28,63.44,-53.68,-9.76,-19.52,185.44,122,43.92,-14.64,48.8
-82.96,-39.04,43.92,63.44,-63.44,0,-9.76,204.96,136.64,53.68,-4.88,63.44
-68.32,-19.52,48.8,43.92,-58.56,14.64,0,219.6,175.68,87.84,19.52,73.2
4.88,29.28,24.4,-14.64,-9.76,24.4,19.52,244,219.6,131.76,48.8,102.48
-14.64,0,14.64,9.76,-14.64,4.88,14.64,229.36,204.96,122,43.92,87.84
-24.4,-4.88,19.52,14.64,-24.4,4.88,19.52,224.48,190.32,107.36,34.16,87.84
-63.44,-43.92,19.52,53.68,-43.92,-14.64,19.52,204.96,146.4,53.68,0,53.68
-102.48,-73.2,29.28,87.84,-68.32,-24.4,0,200.08,141.52,48.8,0,58.56
-53.68,-14.64,39.04,34.16,-48.8,9.76,9.76,219.6,175.68,73.2,24.4,82.96
-58.56,9.76,68.32,24.4,-63.44,39.04,24.4,209.84,156.16,73.2,24.4,73.2
-97.6,9.76,107.36,43.92,-102.48,58.56,14.64,185.44,136.64,78.08,19.52,63.44
-97.6,19.52,117.12,39.04,-107.36,68.32,0,190.32,141.52,78.08,14.64,58.56
-68.32,24.4,92.72,24.4,-82.96,58.56,19.52,204.96,146.4,68.32,24.4,78.08
-58.56,19.52,78.08,19.52,-68.32,48.8,34.16,239.12,175.68,87.84,34.16,82.96
-107.36,-48.8,58.56,78.08,-82.96,4.88,39.04,234.24,170.8,53.68,9.76,68.32
-97.6,-48.8,48.8,73.2,-73.2,0,58.56,244,156.16,24.4,-9.76,53.68
-29.28,9.76,39.04,9.76,-34.16,24.4,97.6,297.68,219.6,73.2,14.64,68.32
-14.64,4.88,19.52,4.88,-19.52,9.76,122,307.44,229.36,63.44,0,48.8
-73.2,-48.8,24.4,63.44,-48.8,-14.64,112.24,341.6,268.4,78.08,-4.88,34.16
-82.96,-58.56,24.4,73.2,-53.68,-19.52,141.52,414.8,326.96,97.6,0,34.16
-73.2,-53.68,19.52,63.44,-48.8,-19.52,161.04,488,390.4,117.12,14.64,39.04
-53.68,-34.16,19.52,43.92,-39.04,-9.76,175.68,551.44,463.6,180.56,48.8,63.44
-58.56,-34.16,24.4,48.8,-43.92,-4.88,175.68,580.72,512.4,239.12,82.96,82.96
-34.16,4.88,39.04,14.64,-39.04,19.52,161.04,590.48,556.32,322.08,146.4,136.64
9.76,82.96,73.2,-43.92,-34.16,78.08,165.92,595.36,600.24,409.92,229.36,204.96
9.76,131.76,122,-68.32,-58.56,126.88,112.24,556.32,639.28,517.28,346.48,312.32
112.24,248.88,136.64,-180.56,-14.64,190.32,43.92,492.88,697.84,668.56,536.8,478.24
195.2,351.36,156.16,-273.28,19.52,253.76,-29.28,414.8,751.52,858.88,751.52,678.32
287.92,463.6,175.68,-375.76,53.68,317.2,-107.36,346.48,854,1107.76,1005.28,902.8
336.72,531.92,195.2,-434.32,68.32,361.12,-180.56,234.24,888.16,1283.44,1220,1102.88
414.8,629.52,214.72,-522.16,97.6,419.68,-229.36,131.76,897.92,1468.88,1459.12,1327.36
488,732,244,-610,122,488,-283.04,4.88,888.16,1673.84,1727.52,1561.6
483.12,810.08,326.96,-644.16,78.08,566.08,-326.96,-126.88,863.76,1873.92,1956.88,1771.44
429.44,868.64,439.2,-649.04,-4.88,653.92,-322.08,-273.28,702.72,1942.24,2083.76,1912.96
400.16,976,575.84,-688.08,-87.84,775.92,-312.32,-453.84,502.64,1956.88,2161.84,2005.68
380.64,1098,717.36,-736.88,-170.8,907.68,-336.72,-561.2,351.36,1961.76,2200.88,2059.36
317.2,1088.24,771.04,-702.72,-229.36,927.2,-385.52,-746.64,9.76,1698.24,2025.2,1961.76
253.76,990.64,736.88,-619.76,-244,863.76,-366,-902.8,-346.48,1268.8,1673.84,1722.64
190.32,780.8,590.48,-483.12,-200.08,683.2,-366,-1063.84,-683.2,727.12,1146.8,1307.84
68.32,512.4,444.08,-287.92,-190.32,478.24,-366,-1215.12,-1010.16,180.56,570.96,824.72
-14.64,317.2,331.84,-151.28,-175.68,322.08,-312.32,-1268.8,-1205.36,-229.36,131.76,439.2
-141.52,175.68,317.2,-14.64,-229.36,244,-253.76,-1259.04,-1268.8,-468.48,-131.76,185.44
-170.8,151.28,322.08,9.76,-248.88,234.24,-175.68,-1195.6,-1234.64,-561.2,-258.64,63.44
-185.44,78.08,263.52,53.68,-224.48,170.8,-151.28,-1146.8,-1229.76,-697.84,-395.28,-78.08
-248.88,-58.56,190.32,156.16,-219.6,63.44,-180.56,-1117.52,-1200.48,-785.68,-502.64,-200.08
-229.36,-92.72,136.64,161.04,-185.44,19.52,-170.8,-1005.28,-1049.2,-722.24,-483.12,-200.08
-234.24,-122,112.24,180.56,-175.68,-4.88,-209.84,-893.04,-902.8,-629.52,-429.44,-185.44
-190.32,-87.84,102.48,141.52,-146.4,4.88,-224.48,-766.16,-761.28,-502.64,-341.6,-122
-156.16,-97.6,58.56,126.88,-107.36,-19.52,-244,-683.2,-649.04,-414.8,-287.92,-92.72
-136.64,-92.72,43.92,117.12,-92.72,-24.4,-258.64,-600.24,-575.84,-366,-258.64,-92.72
-97.6,-58.56,39.04,78.08,-68.32,-9.76,-234.24,-497.76,-488,-317.2,-224.48,-68.32
-117.12,-68.32,48.8,92.72,-82.96,-9.76,-244,-424.56,-419.68,-292.8,-200.08,-68.32
-97.6,-43.92,53.68,73.2,-78.08,4.88,-214.72,-322.08,-326.96,-229.36,-156.16,-34.16
-39.04,19.52,58.56,9.76,-48.8,39.04,-136.64,-219.6,-234.24,-175.68,-107.36,-9.76
-43.92,14.64,58.56,14.64,-53.68,34.16,-107.36,-175.68,-175.68,-151.28,-97.6,-4.88
-43.92,9.76,53.68,19.52,-48.8,29.28,-117.12,-117.12,-97.6,-82.96,-58.56,14.64
-39.04,9.76,48.8,14.64,-43.92,29.28,-82.96,-68.32,-48.8,-53.68,-48.8,14.64
-112.24,-78.08,34.16,97.6,-73.2,-24.4,-73.2,-53.68,-58.56,-58.56,-53.68,-4.88
-122,-97.6,24.4,112.24,-73.2,-39.04,-68.32,-58.56,-53.68,-68.32,-63.44,4.88
-97.6,-97.6,0,97.6,-48.8,-48.8,-39.04,-24.4,-39.04,-78.08,-82.96,-4.88
-87.84,-107.36,-19.52,97.6,-34.16,-63.44,-24.4,-14.64,-19.52,-58.56,-73.2,-4.88
-87.84,-92.72,-4.88,92.72,-43.92,-48.8,-24.4,4.88,0,-29.28,-43.92,19.52
-82.96,-68.32,14.64,78.08,-48.8,-29.28,-19.52,34.16,29.28,-4.88,-24.4,29.28
-102.48,-112.24,-9.76,107.36,-48.8,-63.44,-29.28,24.4,14.64,-43.92,-53.68,-4.88
-73.2,-107.36,-34.16,92.72,-19.52,-73.2,-29.28,19.52,4.88,-43.92,-58.56,-4.88
-58.56,-97.6,-39.04,78.08,-9.76,-68.32,-9.76,4.88,14.64,-29.28,-43.92,9.76
-63.44,-97.6,-34.16,82.96,-14.64,-68.32,0,0,9.76,-29.28,-39.04,19.52
-63.44,-87.84,-24.4,78.08,-19.52,-58.56,-4.88,0,0,-24.4,-34.16,24.4
-53.68,-68.32,-14.64,63.44,-19.52,-43.92,4.88,9.76,9.76,-9.76,-14.64,39.04
-39.04,-39.04,0,39.04,-19.52,-19.52,19.52,9.76,19.52,19.52,0,43.92
-58.56,-48.8,9.76,53.68,-34.16,-19.52,-4.88,0,14.64,24.4,0,34.16
-43.92,-39.04,4.88,43.92,-24.4,-19.52,4.88,24.4,29.28,14.64,0,39.04
-82.96,-87.84,-4.88,87.84,-39.04,-48.8,4.88,14.64,-19.52,-43.92,-43.92,9.76
-53.68,-78.08,-24.4,68.32,-14.64,-53.68,4.88,9.76,4.88,-24.4,-19.52,29.28
-48.8,-63.44,-14.64,58.56,-19.52,-39.04,0,0,34.16,24.4,4.88,43.92
-73.2,-82.96,-9.76,78.08,-34.16,-48.8,-14.64,-19.52,9.76,-9.76,-24.4,24.4
-73.2,-87.84,-14.64,82.96,-29.28,-53.68,4.88,-4.88,-4.88,-63.44,-58.56,-4.88
-68.32,-73.2,-4.88,73.2,-34.16,-39.04,14.64,-4.88,-4.88,-48.8,-34.16,14.64
-68.32,-73.2,-4.88,73.2,-34.16,-39.04,14.64,-24.4,-19.52,-19.52,-9.76,34.16
-58.56,-53.68,4.88,58.56,-34.16,-24.4,34.16,-24.4,24.4,29.28,24.4,58.56
-48.8,-58.56,-9.76,53.68,-19.52,-34.16,29.28,-4.88,34.16,24.4,24.4,53.68
-82.96,-82.96,0,82.96,-43.92,-43.92,29.28,-34.16,-24.4,-43.92,-24.4,19.52
-97.6,-97.6,0,97.6,-48.8,-48.8,9.76,-39.04,-34.16,-68.32,-34.16,19.52
-82.96,-87.84,-4.88,87.84,-39.04,-48.8,4.88,-29.28,14.64,-9.76,4.88,34.16
-43.92,-58.56,-14.64,53.68,-14.64,-39.04,14.64,-29.28,4.88,-4.88,0,34.16
-14.64,-43.92,-29.28,29.28,4.88,-39.04,29.28,-24.4,-4.88,-29.28,-9.76,29.28
-68.32,-107.36,-39.04,87.84,-14.64,-73.2,19.52,-43.92,-29.28,-48.8,-43.92,4.88
-63.44,-107.36,-43.92,87.84,-9.76,-78.08,19.52,-63.44,-34.16,-19.52,-24.4,14.64
-73.2,-92.72,-19.52,82.96,-29.28,-58.56,43.92,-68.32,-34.16,14.64,4.88,39.04
-48.8,-48.8,0,48.8,-24.4,-24.4,63.44,-48.8,-43.92,4.88,19.52,53.68
-39.04,-39.04,0,39.04,-19.52,-19.52,53.68,-48.8,-58.56,-24.4,4.88,43.92
-92.72,-82.96,9.76,87.84,-53.68,-39.04,48.8,-53.68,-68.32,-68.32,-14.64,24.4
-92.72,-63.44,29.28,78.08,-63.44,-19.52,43.92,-43.92,-63.44,-73.2,-24.4,29.28
-58.56,-48.8,9.76,53.68,-34.16,-19.52,53.68,-48.8,-53.68,-43.92,-9.76,34.16
-9.76,-9.76,0,9.76,-4.88,-4.88,58.56,-48.8,-29.28,19.52,34.16,68.32
-24.4,-14.64,9.76,19.52,-19.52,-4.88,68.32,-48.8,-19.52,-9.76,24.4,63.44
-43.92,-43.92,0,43.92,-24.4,-24.4,68.32,-63.44,-39.04,-63.44,-24.4,34.16
-63.44,-73.2,-9.76,68.32,-29.28,-43.92,58.56,-87.84,-58.56,-53.68,-29.28,24.4
-107.36,-122,-14.64,117.12,-48.8,-68.32,39.04,-117.12,-92.72,-68.32,-48.8,14.64
-131.76,-141.52,-9.76,136.64,-63.44,-78.08,24.4,-131.76,-112.24,-73.2,-43.92,14.64
-48.8,-48.8,0,48.8,-24.4,-24.4,39.04,-112.24,-82.96,-29.28,0,43.92
-63.44,-73.2,-9.76,68.32,-29.28,-43.92,24.4,-131.76,-78.08,-24.4,0,39.04
-82.96,-122,-39.04,102.48,-24.4,-82.96,-4.88,-141.52,-92.72,-68.32,-34.16,19.52
-43.92,-87.84,-43.92,68.32,0,-68.32,0,-122,-82.96,-63.44,-24.4,24.4
-39.04,-82.96,-43.92,63.44,0,-63.44,0,-122,-68.32,-68.32,-24.4,24.4
-48.8,-92.72,-43.92,73.2,-4.88,-68.32,14.64,-126.88,-78.08,-92.72,-48.8,4.88
-48.8,-97.6,-48.8,73.2,0,-73.2,24.4,-117.12,-82.96,-87.84,-53.68,4.88
-73.2,-107.36,-34.16,92.72,-19.52,-73.2,19.52,-136.64,-92.72,-63.44,-24.4,29.28
-63.44,-97.6,-34.16,82.96,-14.64,-68.32,14.64,-156.16,-102.48,-58.56,-19.52,29.28
-19.52,-58.56,-39.04,39.04,9.76,-48.8,14.64,-141.52,-87.84,-58.56,-19.52,29.28
-19.52,-73.2,-53.68,48.8,14.64,-63.44,-4.88,-136.64,-107.36,-97.6,-43.92,14.64
-19.52,-78.08,-58.56,48.8,19.52,-68.32,4.88,-136.64,-122,-131.76,-58.56,0
-63.44,-107.36,-43.92,87.84,-9.76,-78.08,14.64,-136.64,-102.48,-122,-63.44,-9.76
-92.72,-156.16,-63.44,126.88,-14.64,-112.24,4.88,-151.28,-117.12,-131.76,-92.72,-34.16
-78.08,-136.64,-58.56,107.36,-9.76,-97.6,14.64,-151.28,-102.48,-112.24,-73.2,-19.52
-14.64,-73.2,-58.56,43.92,19.52,-68.32,39.04,-117.12,-58.56,-73.2,-34.16,14.64
-43.92,-107.36,-63.44,78.08,9.76,-87.84,43.92,-117.12,-82.96,-87.84,-48.8,0
-73.2,-102.48,-29.28,87.84,-24.4,-68.32,29.28,-141.52,-97.6,-82.96,-48.8,4.88
-87.84,-102.48,-14.64,97.6,-39.04,-58.56,19.52,-146.4,-97.6,-82.96,-53.68,4.88
-78.08,-92.72,-14.64,87.84,-34.16,-53.68,9.76,-156.16,-112.24,-97.6,-63.44,-14.64
-34.16,-48.8,-14.64,43.92,-9.76,-34.16,4.88,-136.64,-112.24,-107.36,-63.44,-9.76
-48.8,-78.08,-29.28,63.44,-9.76,-53.68,-4.88,-151.28,-112.24,-117.12,-73.2,-14.64
-102.48,-136.64,-34.16,122,-34.16,-87.84,-24.4,-161.04,-97.6,-92.72,-68.32,-19.52
-58.56,-102.48,-43.92,82.96,-9.76,-73.2,0,-136.64,-53.68,-43.92,-24.4,4.88
-39.04,-97.6,-58.56,68.32,9.76,-78.08,0,-146.4,-87.84,-97.6,-53.68,-14.64
-63.44,-131.76,-68.32,97.6,0,-102.48,-34.16,-161.04,-87.84,-117.12,-63.44,-19.52
-63.44,-136.64,-73.2,102.48,4.88,-107.36,-58.56,-175.68,-102.48,-122,-68.32,-19.52
-39.04,-112.24,-73.2,78.08,14.64,-92.72,-39.04,-170.8,-107.36,-92.72,-39.04,-9.76
-29.28,-92.72,-63.44,63.44,14.64,-78.08,-19.52,-165.92,-102.48,-92.72,-34.16,-4.88
-9.76,-78.08,-68.32,43.92,29.28,-73.2,-9.76,-156.16,-102.48,-102.48,-43.92,-9.76
-43.92,-107.36,-63.44,78.08,9.76,-87.84,-14.64,-151.28,-126.88,-126.88,-63.44,-19.52
-9.76,-73.2,-63.44,43.92,24.4,-68.32,-19.52,-146.4,-122,-136.64,-63.44,-19.52
9.76,-58.56,-68.32,24.4,39.04,-63.44,-19.52,-141.52,-112.24,-151.28,-78.08,-19.52
-68.32,-151.28,-82.96,112.24,4.88,-117.12,-39.04,-156.16,-122,-170.8,-97.6,-53.68
-68.32,-156.16,-87.84,112.24,9.76,-122,-24.4,-151.28,-97.6,-141.52,-82.96,-34.16
-29.28,-122,-92.72,78.08,29.28,-107.36,-9.76,-146.4,-92.72,-122,-58.56,-24.4
-14.64,-117.12,-102.48,68.32,43.92,-112.24,-9.76,-156.16,-102.48,-136.64,-73.2,-29.28
-34.16,-131.76,-97.6,82.96,29.28,-117.12,-19.52,-161.04,-102.48,-156.16,-78.08,-34.16
-53.68,-136.64,-82.96,97.6,14.64,-112.24,-14.64,-146.4,-97.6,-151.28,-73.2,-24.4
-58.56,-136.64,-78.08,97.6,9.76,-107.36,-24.4,-156.16,-117.12,-156.16,-82.96,-43.92
-29.28,-112.24,-82.96,73.2,24.4,-97.6,-9.76,-146.4,-102.48,-136.64,-78.08,-39.04
-34.16,-102.48,-68.32,68.32,14.64,-87.84,-19.52,-156.16,-92.72,-117.12,-63.44,-39.04
-34.16,-97.6,-63.44,68.32,14.64,-82.96,-24.4,-146.4,-92.72,-136.64,-73.2,-43.92
0,-58.56,-58.56,29.28,29.28,-58.56,0,-141.52,-102.48,-151.28,-82.96,-48.8
-29.28,-97.6,-68.32,63.44,19.52,-82.96,-14.64,-141.52,-107.36,-185.44,-107.36,-58.56
-39.04,-131.76,-92.72,87.84,24.4,-112.24,-34.16,-161.04,-117.12,-209.84,-122,-68.32
-24.4,-131.76,-107.36,78.08,39.04,-122,-14.64,-146.4,-107.36,-190.32,-107.36,-58.56
-24.4,-131.76,-107.36,78.08,39.04,-122,-4.88,-151.28,-117.12,-180.56,-97.6,-53.68
-34.16,-141.52,-107.36,87.84,34.16,-126.88,-14.64,-170.8,-126.88,-190.32,-102.48,-53.68
-14.64,-112.24,-97.6,63.44,39.04,-107.36,-9.76,-165.92,-126.88,-185.44,-97.6,-43.92
0,-102.48,-102.48,53.68,48.8,-102.48,-9.76,-156.16,-136.64,-190.32,-97.6,-43.92
19.52,-97.6,-117.12,39.04,68.32,-107.36,-19.52,-165.92,-151.28,-214.72,-112.24,-58.56
0,-117.12,-117.12,58.56,58.56,-117.12,-19.52,-165.92,-151.28,-239.12,-136.64,-82.96
19.52,-107.36,-126.88,43.92,73.2,-117.12,-4.88,-156.16,-146.4,-248.88,-146.4,-97.6
48.8,-73.2,-122,14.64,82.96,-97.6,19.52,-146.4,-146.4,-244,-146.4,-92.72
0,-117.12,-117.12,58.56,58.56,-117.12,-4.88,-170.8,-151.28,-248.88,-141.52,-102.48
-29.28,-136.64,-107.36,82.96,39.04,-122,-24.4,-185.44,-165.92,-248.88,-131.76,-87.84
4.88,-82.96,-87.84,39.04,43.92,-87.84,-9.76,-175.68,-170.8,-244,-117.12,-73.2
24.4,-58.56,-82.96,19.52,53.68,-73.2,9.76,-175.68,-175.68,-263.52,-126.88,-78.08
14.64,-82.96,-97.6,34.16,53.68,-92.72,-9.76,-195.2,-195.2,-283.04,-156.16,-92.72
4.88,-131.76,-136.64,63.44,68.32,-136.64,-24.4,-224.48,-224.48,-312.32,-185.44,-122
-24.4,-141.52,-117.12,82.96,43.92,-131.76,-24.4,-219.6,-200.08,-307.44,-185.44,-112.24
4.88,-102.48,-107.36,48.8,53.68,-107.36,-4.88,-200.08,-190.32,-307.44,-185.44,-112.24
-9.76,-122,-112.24,68.32,48.8,-117.12,0,-214.72,-219.6,-336.72,-204.96,-136.64
-9.76,-112.24,-102.48,63.44,43.92,-107.36,9.76,-209.84,-224.48,-346.48,-209.84,-141.52
9.76,-92.72,-102.48,43.92,53.68,-97.6,-4.88,-229.36,-219.6,-331.84,-204.96,-146.4
14.64,-92.72,-107.36,39.04,58.56,-102.48,0,-234.24,-219.6,-331.84,-204.96,-136.64
19.52,-78.08,-97.6,29.28,58.56,-87.84,9.76,-234.24,-224.48,-322.08,-195.2,-131.76
-39.04,-131.76,-92.72,87.84,24.4,-112.24,4.88,-248.88,-278.16,-390.4,-234.24,-151.28
-34.16,-126.88,-92.72,82.96,29.28,-112.24,0,-239.12,-283.04,-405.04,-239.12,-151.28
14.64,-82.96,-97.6,34.16,53.68,-92.72,9.76,-239.12,-273.28,-385.52,-224.48,-122
14.64,-87.84,-102.48,39.04,58.56,-97.6,4.88,-244,-273.28,-380.64,-219.6,-117.12
14.64,-92.72,-107.36,39.04,58.56,-102.48,0,-244,-268.4,-375.76,-214.72,-117.12
73.2,-43.92,-117.12,-14.64,92.72,-82.96,19.52,-234.24,-253.76,-356.24,-195.2,-107.36
29.28,-78.08,-107.36,24.4,68.32,-92.72,9.76,-239.12,-258.64,-380.64,-219.6,-131.76
-19.52,-117.12,-97.6,68.32,39.04,-107.36,-9.76,-258.64,-278.16,-400.16,-229.36,-141.52
-43.92,-112.24,-68.32,78.08,9.76,-92.72,-4.88,-263.52,-283.04,-390.4,-219.6,-136.64
-29.28,-87.84,-58.56,58.56,14.64,-73.2,19.52,-248.88,-287.92,-375.76,-204.96,-117.12
-14.64,-68.32,-53.68,43.92,19.52,-63.44,19.52,-244,-278.16,-351.36,-185.44,-102.48
-34.16,-102.48,-68.32,68.32,14.64,-87.84,-14.64,-268.4,-297.68,-361.12,-204.96,-117.12
-34.16,-92.72,-58.56,63.44,9.76,-78.08,-9.76,-253.76,-283.04,-351.36,-190.32,-102.48
-4.88,-78.08,-73.2,43.92,34.16,-78.08,-14.64,-258.64,-268.4,-341.6,-180.56,-97.6
-43.92,-112.24,-68.32,78.08,9.76,-92.72,-24.4,-253.76,-268.4,-351.36,-190.32,-97.6
-19.52,-82.96,-63.44,53.68,19.52,-73.2,-24.4,-248.88,-273.28,-346.48,-180.56,-97.6
-14.64,-68.32,-53.68,43.92,19.52,-63.44,-34.16,-244,-258.64,-331.84,-175.68,-97.6
-14.64,-68.32,-53.68,43.92,19.52,-63.44,-29.28,-253.76,-248.88,-302.56,-156.16,-97.6
0,-53.68,-53.68,29.28,24.4,-53.68,-19.52,-234.24,-229.36,-263.52,-126.88,-73.2
-4.88,-58.56,-53.68,34.16,24.4,-58.56,-24.4,-229.36,-224.48,-248.88,-107.36,-63.44
0,-48.8,-48.8,24.4,24.4,-48.8,-24.4,-234.24,-229.36,-248.88,-97.6,-48.8
-4.88,-48.8,-43.92,29.28,19.52,-48.8,-24.4,-224.48,-224.48,-239.12,-92.72,-39.04
-19.52,-48.8,-29.28,34.16,4.88,-39.04,-19.52,-219.6,-219.6,-239.12,-82.96,-39.04
19.52,-9.76,-29.28,-4.88,24.4,-19.52,-9.76,-209.84,-209.84,-219.6,-73.2,-24.4
29.28,14.64,-14.64,-19.52,19.52,0,-14.64,-200.08,-190.32,-204.96,-68.32,-9.76
9.76,-4.88,-14.64,0,9.76,-9.76,-9.76,-200.08,-185.44,-200.08,-63.44,-19.52
0,-24.4,-24.4,14.64,9.76,-24.4,-29.28,-204.96,-190.32,-204.96,-68.32,-29.28
-14.64,-39.04,-24.4,29.28,4.88,-34.16,-24.4,-209.84,-185.44,-185.44,-53.68,-19.52
0,-24.4,-24.4,14.64,9.76,-24.4,-14.64,-200.08,-180.56,-175.68,-43.92,-14.64
-53.68,-68.32,-14.64,63.44,-19.52,-43.92,-14.64,-209.84,-195.2,-180.56,-53.68,-24.4
-97.6,-102.48,-4.88,102.48,-48.8,-53.68,-19.52,-219.6,-204.96,-185.44,-68.32,-24.4
-78.08,-73.2,4.88,78.08,-43.92,-34.16,-24.4,-209.84,-200.08,-170.8,-53.68,-14.64
-19.52,-9.76,9.76,14.64,-14.64,0,4.88,-180.56,-175.68,-146.4,-29.28,4.88
0,4.88,4.88,0,-4.88,4.88,4.88,-175.68,-170.8,-141.52,-24.4,9.76
-9.76,-19.52,-9.76,14.64,0,-14.64,4.88,-175.68,-180.56,-151.28,-34.16,-4.88
-73.2,-82.96,-9.76,78.08,-34.16,-48.8,-9.76,-185.44,-190.32,-165.92,-48.8,-29.28
-39.04,-53.68,-14.64,48.8,-14.64,-34.16,0,-170.8,-175.68,-165.92,-48.8,-24.4
-19.52,-39.04,-19.52,29.28,0,-29.28,-14.64,-180.56,-180.56,-165.92,-53.68,-29.28
-39.04,-48.8,-9.76,43.92,-14.64,-29.28,0,-180.56,-180.56,-161.04,-48.8,-29.28
-24.4,-24.4,0,24.4,-14.64,-14.64,4.88,-170.8,-180.56,-136.64,-29.28,-9.76
-34.16,-24.4,9.76,29.28,-24.4,-9.76,-4.88,-180.56,-190.32,-126.88,-24.4,-14.64
-34.16,-29.28,4.88,34.16,-19.52,-14.64,0,-175.68,-190.32,-131.76,-24.4,-14.64
-9.76,-4.88,4.88,9.76,-9.76,0,-4.88,-175.68,-195.2,-156.16,-34.16,-24.4
19.52,24.4,4.88,-19.52,4.88,14.64,9.76,-161.04,-175.68,-156.16,-34.16,-24.4
0,4.88,4.88,0,-4.88,4.88,19.52,-146.4,-161.04,-151.28,-39.04,-34.16
-63.44,-68.32,-4.88,68.32,-29.28,-39.04,0,-156.16,-175.68,-161.04,-53.68,-53.68
-14.64,-43.92,-29.28,29.28,4.88,-39.04,19.52,-136.64,-165.92,-161.04,-48.8,-43.92
39.04,14.64,-24.4,-24.4,29.28,-4.88,43.92,-122,-151.28,-141.52,-34.16,-34.16
-4.88,-29.28,-24.4,19.52,9.76,-29.28,24.4,-146.4,-161.04,-141.52,-34.16,-48.8
-53.68,-68.32,-14.64,63.44,-19.52,-43.92,19.52,-146.4,-165.92,-126.88,-24.4,-48.8
-87.84,-78.08,9.76,82.96,-48.8,-34.16,14.64,-161.04,-170.8,-136.64,-29.28,-48.8
-29.28,-19.52,9.76,24.4,-19.52,-4.88,34.16,-136.64,-156.16,-117.12,-4.88,-24.4
-14.64,0,14.64,9.76,-14.64,4.88,43.92,-117.12,-146.4,-117.12,0,-24.4
-39.04,-24.4,14.64,34.16,-29.28,-4.88,34.16,-122,-156.16,-136.64,-9.76,-39.04
-9.76,0,9.76,4.88,-9.76,4.88,43.92,-117.12,-151.28,-141.52,-14.64,-39.04
-39.04,-34.16,4.88,39.04,-24.4,-14.64,29.28,-122,-151.28,-156.16,-34.16,-58.56
-68.32,-63.44,4.88,68.32,-39.04,-29.28,34.16,-122,-146.4,-156.16,-43.92,-63.44
-73.2,-68.32,4.88,73.2,-39.04,-34.16,39.04,-122,-141.52,-146.4,-34.16,-63.44
-48.8,-43.92,4.88,48.8,-29.28,-19.52,58.56,-117.12,-126.88,-122,-9.76,-53.68
14.64,14.64,0,-14.64,4.88,4.88,63.44,-92.72,-107.36,-82.96,24.4,-24.4
0,-14.64,-14.64,9.76,4.88,-14.64,39.04,-107.36,-122,-87.84,14.64,-34.16
-9.76,-9.76,0,9.76,-4.88,-4.88,43.92,-102.48,-126.88,-102.48,14.64,-39.04
-39.04,-39.04,0,39.04,-19.52,-19.52,43.92,-102.48,-131.76,-122,0,-43.92
-34.16,-19.52,14.64,29.28,-24.4,-4.88,48.8,-82.96,-107.36,-97.6,14.64,-29.28
-9.76,-4.88,4.88,9.76,-9.76,0,53.68,-68.32,-87.84,-87.84,14.64,-19.52
-34.16,-39.04,-4.88,39.04,-14.64,-24.4,43.92,-78.08,-97.6,-97.6,4.88,-43.92
-29.28,-34.16,-4.88,34.16,-14.64,-19.52,39.04,-73.2,-102.48,-102.48,4.88,-43.92
-19.52,-24.4,-4.88,24.4,-9.76,-14.64,39.04,-68.32,-82.96,-92.72,14.64,-39.04
4.88,-4.88,-9.76,0,4.88,-9.76,43.92,-63.44,-73.2,-73.2,29.28,-29.28
19.52,9.76,-9.76,-14.64,14.64,0,43.92,-58.56,-53.68,-53.68,39.04,-24.4
0,29.28,29.28,-14.64,-14.64,29.28,73.2,-43.92,-43.92,-34.16,58.56,0
-14.64,24.4,39.04,-4.88,-29.28,29.28,73.2,-29.28,-39.04,-29.28,53.68,-4.88
-48.8,-9.76,39.04,29.28,-43.92,14.64,58.56,-29.28,-39.04,-39.04,53.68,-9.76
-48.8,-14.64,34.16,34.16,-43.92,9.76,43.92,-39.04,-48.8,-43.92,48.8,-24.4
4.88,24.4,19.52,-14.64,-9.76,19.52,63.44,-9.76,-14.64,-29.28,58.56,-4.88
-19.52,-4.88,14.64,14.64,-19.52,4.88,53.68,-19.52,-14.64,-39.04,39.04,-24.4
-9.76,0,9.76,4.88,-9.76,4.88,58.56,-9.76,-9.76,-29.28,48.8,-14.64
0,14.64,14.64,-4.88,-9.76,14.64,68.32,0,4.88,-4.88,63.44,-4.88
29.28,24.4,-4.88,-24.4,14.64,9.76,78.08,4.88,14.64,4.88,68.32,-4.88
-9.76,0,9.76,4.88,-9.76,4.88,58.56,-9.76,-4.88,-4.88,58.56,-14.64
-14.64,4.88,19.52,4.88,-19.52,9.76,48.8,4.88,0,4.88,63.44,-14.64
9.76,24.4,14.64,-14.64,-4.88,19.52,53.68,9.76,9.76,9.76,63.44,-14.64
24.4,34.16,9.76,-29.28,4.88,19.52,73.2,24.4,19.52,9.76,68.32,-4.88
39.04,43.92,4.88,-39.04,14.64,24.4,68.32,34.16,34.16,9.76,73.2,0
39.04,39.04,0,-39.04,19.52,19.52,73.2,39.04,43.92,14.64,78.08,-4.88
-9.76,-4.88,4.88,9.76,-9.76,0,58.56,29.28,39.04,24.4,78.08,-9.76
-14.64,0,14.64,9.76,-14.64,4.88,53.68,24.4,48.8,39.04,82.96,-9.76
0,9.76,9.76,-4.88,-4.88,9.76,48.8,24.4,43.92,39.04,78.08,-19.52
0,4.88,4.88,0,-4.88,4.88,58.56,24.4,34.16,39.04,78.08,-29.28
87.84,102.48,14.64,-92.72,34.16,58.56,73.2,43.92,53.68,63.44,112.24,0
24.4,43.92,19.52,-34.16,0,29.28,53.68,24.4,29.28,48.8,97.6,-4.88
-9.76,9.76,19.52,0,-14.64,14.64,48.8,19.52,24.4,48.8,92.72,-14.64
-34.16,-19.52,14.64,29.28,-24.4,-4.88,43.92,14.64,19.52,43.92,82.96,-29.28
-48.8,-24.4,24.4,39.04,-39.04,0,34.16,14.64,24.4,39.04,78.08,-34.16
-39.04,-4.88,34.16,24.4,-39.04,14.64,34.16,29.28,39.04,48.8,82.96,-29.28
-34.16,-9.76,24.4,24.4,-29.28,4.88,34.16,39.04,43.92,48.8,73.2,-34.16
-34.16,-19.52,14.64,29.28,-24.4,-4.88,34.16,43.92,34.16,24.4,58.56,-43.92
-48.8,-53.68,-4.88,53.68,-24.4,-29.28,14.64,19.52,14.64,4.88,34.16,-58.56
0,-14.64,-14.64,9.76,4.88,-14.64,19.52,24.4,24.4,19.52,48.8,-43.92
34.16,19.52,-14.64,-24.4,24.4,0,39.04,43.92,39.04,53.68,73.2,-4.88
4.88,0,-4.88,0,4.88,-4.88,39.04,29.28,29.28,53.68,78.08,0
-34.16,-34.16,0,34.16,-19.52,-19.52,19.52,14.64,9.76,39.04,63.44,-14.64
29.28,24.4,-4.88,-24.4,14.64,9.76,43.92,43.92,34.16,58.56,82.96,14.64
-9.76,-24.4,-14.64,19.52,0,-19.52,14.64,14.64,4.88,24.4,48.8,-9.76
-14.64,-29.28,-14.64,24.4,0,-24.4,4.88,9.76,-4.88,14.64,29.28,-29.28
-4.88,-4.88,0,4.88,-4.88,-4.88,9.76,29.28,24.4,34.16,43.92,-14.64
-4.88,-9.76,-4.88,9.76,0,-9.76,-9.76,24.4,24.4,48.8,48.8,-19.52
14.64,0,-14.64,-4.88,14.64,-9.76,-9.76,29.28,24.4,53.68,58.56,-9.76
9.76,-9.76,-19.52,0,14.64,-14.64,-4.88,24.4,24.4,48.8,53.68,-9.76
-29.28,-48.8,-19.52,39.04,-4.88,-34.16,-9.76,9.76,4.88,34.16,34.16,-14.64
-24.4,-48.8,-24.4,39.04,0,-39.04,-4.88,14.64,0,34.16,34.16,-9.76
14.64,-9.76,-24.4,0,19.52,-19.52,-4.88,19.52,0,34.16,34.16,-14.64
34.16,0,-34.16,-14.64,34.16,-19.52,9.76,24.4,4.88,43.92,43.92,-9.76
34.16,4.88,-29.28,-19.52,29.28,-14.64,4.88,24.4,9.76,48.8,39.04,-14.64
24.4,-9.76,-34.16,-4.88,29.28,-24.4,-9.76,19.52,4.88,39.04,19.52,-29.28
-4.88,-39.04,-34.16,24.4,14.64,-39.04,-9.76,19.52,4.88,29.28,19.52,-43.92
9.76,-19.52,-29.28,4.88,19.52,-24.4,-9.76,29.28,14.64,43.92,29.28,-29.28
-14.64,-39.04,-24.4,29.28,4.88,-34.16,-14.64,24.4,0,34.16,19.52,-43.92
-4.88,-29.28,-24.4,19.52,9.76,-29.28,-9.76,9.76,-4.88,29.28,14.64,-43.92
24.4,-4.88,-29.28,-9.76,24.4,-19.52,-14.64,4.88,-19.52,24.4,19.52,-43.92
4.88,-9.76,-14.64,4.88,9.76,-14.64,-14.64,9.76,-19.52,24.4,19.52,-34.16
14.64,9.76,-4.88,-9.76,9.76,0,0,24.4,-9.76,34.16,29.28,-19.52
19.52,4.88,-14.64,-9.76,14.64,-4.88,4.88,24.4,-9.76,24.4,19.52,-19.52
19.52,9.76,-9.76,-14.64,14.64,0,14.64,39.04,-9.76,29.28,29.28,-14.64
34.16,4.88,-29.28,-19.52,29.28,-14.64,14.64,34.16,-4.88,29.28,14.64,-19.52
53.68,14.64,-39.04,-34.16,43.92,-14.64,19.52,34.16,0,34.16,14.64,-19.52
-9.76,-34.16,-24.4,24.4,4.88,-29.28,14.64,24.4,-14.64,29.28,14.64,-29.28
-9.76,-29.28,-19.52,19.52,4.88,-24.4,9.76,19.52,-14.64,34.16,14.64,-39.04
24.4,19.52,-4.88,-19.52,14.64,4.88,34.16,29.28,9.76,58.56,29.28,-14.64
19.52,19.52,0,-19.52,9.76,9.76,39.04,29.28,4.88,58.56,34.16,-19.52
-34.16,-19.52,14.64,29.28,-24.4,-4.88,24.4,14.64,-19.52,34.16,19.52,-29.28
-34.16,-24.4,9.76,29.28,-24.4,-9.76,14.64,4.88,-34.16,19.52,9.76,-39.04
9.76,34.16,24.4,-19.52,-9.76,29.28,39.04,29.28,-9.76,29.28,19.52,-24.4
-4.88,19.52,24.4,-4.88,-14.64,19.52,34.16,39.04,-19.52,19.52,19.52,-24.4
4.88,9.76,4.88,-4.88,0,4.88,39.04,39.04,-14.64,9.76,14.64,-34.16
-9.76,-4.88,4.88,9.76,-9.76,0,39.04,39.04,-9.76,14.64,9.76,-43.92
29.28,29.28,0,-29.28,14.64,14.64,53.68,48.8,0,34.16,24.4,-29.28
0,-4.88,-4.88,4.88,0,-4.88,39.04,34.16,-14.64,19.52,9.76,-48.8
-19.52,-34.16,-14.64,29.28,-4.88,-24.4,34.16,14.64,-19.52,14.64,-4.88,-58.56
-4.88,-14.64,-9.76,9.76,0,-14.64,39.04,14.64,-24.4,19.52,-4.88,-58.56
-4.88,-9.76,-4.88,9.76,0,-9.76,29.28,14.64,-29.28,19.52,4.88,-53.68
-24.4,-9.76,14.64,19.52,-19.52,0,34.16,19.52,-29.28,19.52,0,-53.68
-14.64,-19.52,-4.88,19.52,-4.88,-14.64,34.16,4.88,-39.04,0,-9.76,-63.44
-9.76,-29.28,-19.52,19.52,4.88,-24.4,29.28,9.76,-48.8,-14.64,-19.52,-78.08
9.76,-4.88,-14.64,0,9.76,-9.76,39.04,24.4,-29.28,-4.88,-14.64,-68.32
9.76,-4.88,-14.64,0,9.76,-9.76,43.92,24.4,-19.52,4.88,-9.76,-63.44
0,-24.4,-24.4,14.64,9.76,-24.4,29.28,0,-29.28,-4.88,-19.52,-73.2
24.4,-4.88,-29.28,-9.76,24.4,-19.52,39.04,9.76,-19.52,4.88,-4.88,-63.44
34.16,19.52,-14.64,-24.4,24.4,0,43.92,19.52,-9.76,9.76,-4.88,-68.32
19.52,9.76,-9.76,-14.64,14.64,0,43.92,14.64,-9.76,24.4,4.88,-58.56
19.52,19.52,0,-19.52,9.76,9.76,43.92,4.88,-19.52,14.64,0,-63.44
0,14.64,14.64,-4.88,-9.76,14.64,43.92,0,-34.16,9.76,-4.88,-68.32
-9.76,0,9.76,4.88,-9.76,4.88,29.28,-14.64,-43.92,0,-19.52,-87.84
0,9.76,9.76,-4.88,-4.88,9.76,43.92,4.88,-24.4,19.52,0,-68.32
34.16,43.92,9.76,-39.04,9.76,24.4,48.8,19.52,-4.88,24.4,4.88,-63.44
63.44,58.56,-4.88,-58.56,34.16,24.4,48.8,24.4,0,24.4,0,-68.32
-4.88,-24.4,-19.52,14.64,4.88,-24.4,34.16,4.88,-24.4,4.88,-24.4,-87.84
-24.4,-43.92,-19.52,34.16,-4.88,-34.16,19.52,-4.88,-34.16,-9.76,-29.28,-97.6
-9.76,-19.52,-9.76,14.64,0,-14.64,29.28,-4.88,-29.28,-4.88,-19.52,-82.96
-9.76,-19.52,-9.76,14.64,0,-14.64,24.4,-9.76,-34.16,-4.88,-14.64,-87.84
9.76,4.88,-4.88,-4.88,4.88,0,39.04,0,-29.28,4.88,-9.76,-78.08
9.76,19.52,9.76,-14.64,0,14.64,48.8,9.76,-19.52,14.64,-4.88,-68.32
34.16,24.4,-9.76,-29.28,19.52,4.88,48.8,9.76,-24.4,14.64,-9.76,-73.2
39.04,29.28,-9.76,-34.16,24.4,9.76,43.92,4.88,-24.4,4.88,-14.64,-68.32
19.52,0,-19.52,-9.76,19.52,-9.76,34.16,-4.88,-34.16,-4.88,-29.28,-68.32
-39.04,-48.8,-9.76,43.92,-14.64,-29.28,9.76,-9.76,-39.04,-14.64,-43.92,-87.84
-9.76,-24.4,-14.64,19.52,0,-19.52,24.4,-4.88,-24.4,-4.88,-29.28,-63.44
24.4,24.4,0,-24.4,9.76,9.76,39.04,0,-24.4,9.76,-19.52,-43.92
39.04,29.28,-9.76,-34.16,24.4,9.76,24.4,-4.88,-19.52,9.76,-19.52,-24.4
14.64,-9.76,-24.4,0,19.52,-19.52,4.88,-24.4,-39.04,-4.88,-29.28,-29.28
0,-14.64,-14.64,9.76,4.88,-14.64,9.76,-24.4,-48.8,-4.88,-34.16,-19.52
14.64,9.76,-4.88,-9.76,9.76,0,19.52,-14.64,-43.92,0,-24.4,-4.88
9.76,-4.88,-14.64,0,9.76,-9.76,19.52,-19.52,-43.92,-9.76,-29.28,-9.76
-4.88,-29.28,-24.4,19.52,9.76,-29.28,14.64,-19.52,-58.56,-24.4,-39.04,-19.52
19.52,-4.88,-24.4,-4.88,19.52,-14.64,29.28,-4.88,-39.04,-14.64,-34.16,-14.64
24.4,-9.76,-34.16,-4.88,29.28,-24.4,19.52,0,-34.16,-14.64,-34.16,-24.4
29.28,-19.52,-48.8,-4.88,39.04,-34.16,19.52,-9.76,-39.04,-19.52,-34.16,-39.04
4.88,-34.16,-39.04,14.64,19.52,-39.04,24.4,-14.64,-43.92,-24.4,-39.04,-48.8
-24.4,-53.68,-29.28,39.04,0,-43.92,19.52,-34.16,-58.56,-39.04,-58.56,-63.44
-9.76,-34.16,-24.4,24.4,4.88,-29.28,19.52,-24.4,-53.68,-24.4,-39.04,-48.8
9.76,-14.64,-24.4,4.88,14.64,-19.52,24.4,-14.64,-48.8,-14.64,-29.28,-34.16
14.64,0,-14.64,-4.88,14.64,-9.76,29.28,-9.76,-34.16,-4.88,-24.4,-29.28
19.52,-4.88,-24.4,-4.88,19.52,-14.64,19.52,-9.76,-39.04,-9.76,-24.4,-34.16
14.64,-9.76,-24.4,0,19.52,-19.52,4.88,-14.64,-58.56,-24.4,-39.04,-34.16
14.64,-19.52,-34.16,4.88,24.4,-29.28,0,-9.76,-48.8,-24.4,-48.8,-34.16
14.64,-14.64,-29.28,0,19.52,-24.4,4.88,4.88,-34.16,-19.52,-39.04,-24.4
9.76,-4.88,-14.64,0,9.76,-9.76,14.64,-4.88,-34.16,-24.4,-39.04,-29.28
-4.88,-9.76,-4.88,9.76,0,-9.76,14.64,0,-24.4,-9.76,-29.28,-19.52
24.4,4.88,-19.52,-14.64,19.52,-9.76,19.52,-9.76,-34.16,-9.76,-29.28,-19.52
43.92,9.76,-34.16,-24.4,39.04,-14.64,0,-19.52,-39.04,-14.64,-24.4,-24.4
-4.88,-39.04,-34.16,24.4,14.64,-39.04,-19.52,-24.4,-53.68,-29.28,-48.8,-39.04
-34.16,-63.44,-29.28,48.8,-4.88,-48.8,-29.28,-34.16,-68.32,-43.92,-68.32,-53.68
14.64,-19.52,-34.16,4.88,24.4,-29.28,-14.64,-14.64,-53.68,-34.16,-58.56,-43.92
78.08,48.8,-29.28,-63.44,53.68,9.76,14.64,9.76,-29.28,-14.64,-29.28,-19.52
58.56,43.92,-14.64,-48.8,34.16,14.64,19.52,9.76,-24.4,-9.76,-34.16,-14.64
14.64,-19.52,-34.16,4.88,24.4,-29.28,-4.88,-14.64,-48.8,-34.16,-58.56,-43.92
4.88,-53.68,-58.56,24.4,29.28,-58.56,-14.64,-19.52,-58.56,-43.92,-68.32,-58.56
-4.88,-58.56,-53.68,34.16,24.4,-58.56,-19.52,-24.4,-58.56,-39.04,-63.44,-53.68
39.04,-24.4,-63.44,-4.88,48.8,-43.92,-19.52,-4.88,-34.16,-19.52,-48.8,-43.92
48.8,-9.76,-58.56,-19.52,53.68,-34.16,-14.64,-9.76,-43.92,-19.52,-43.92,-43.92
24.4,-14.64,-39.04,-4.88,29.28,-29.28,-14.64,0,-43.92,-19.52,-39.04,-34.16
19.52,-9.76,-29.28,-4.88,24.4,-19.52,-19.52,0,-43.92,-19.52,-43.92,-43.92
68.32,29.28,-39.04,-48.8,53.68,-4.88,4.88,24.4,-29.28,-9.76,-34.16,-39.04
53.68,14.64,-39.04,-34.16,43.92,-14.64,0,24.4,-29.28,-14.64,-34.16,-39.04
-24.4,-63.44,-39.04,43.92,4.88,-53.68,-24.4,4.88,-53.68,-48.8,-68.32,-68.32
0,-48.8,-48.8,24.4,24.4,-48.8,-19.52,0,-53.68,-43.92,-68.32,-68.32
34.16,-34.16,-68.32,0,48.8,-53.68,-4.88,9.76,-34.16,-29.28,-48.8,-58.56
-4.88,-48.8,-43.92,29.28,19.52,-48.8,0,14.64,-29.28,-29.28,-48.8,-58.56
-4.88,-34.16,-29.28,19.52,9.76,-34.16,14.64,24.4,-24.4,-9.76,-48.8,-58.56
39.04,0,-39.04,-19.52,39.04,-19.52,29.28,43.92,-4.88,-4.88,-43.92,-53.68
29.28,-9.76,-39.04,-9.76,34.16,-24.4,39.04,68.32,4.88,-14.64,-53.68,-73.2
0,-19.52,-19.52,9.76,9.76,-19.52,68.32,102.48,24.4,-14.64,-58.56,-78.08
-24.4,-43.92,-19.52,34.16,-4.88,-34.16,87.84,151.28,53.68,-19.52,-68.32,-87.84
-9.76,-43.92,-34.16,29.28,9.76,-39.04,107.36,219.6,107.36,-9.76,-78.08,-97.6
82.96,34.16,-48.8,-58.56,63.44,-9.76,175.68,336.72,204.96,34.16,-53.68,-78.08
48.8,19.52,-29.28,-34.16,39.04,-4.88,190.32,409.92,287.92,68.32,-39.04,-68.32
24.4,-4.88,-29.28,-9.76,24.4,-19.52,195.2,453.84,331.84,92.72,-24.4,-58.56
58.56,24.4,-34.16,-39.04,43.92,-4.88,200.08,478.24,366,126.88,4.88,-39.04
43.92,43.92,0,-43.92,19.52,19.52,195.2,492.88,409.92,195.2,63.44,14.64
102.48,131.76,29.28,-117.12,34.16,78.08,195.2,497.76,473.36,317.2,185.44,117.12
141.52,204.96,63.44,-170.8,39.04,131.76,131.76,439.2,517.28,439.2,312.32,229.36
214.72,292.8,78.08,-253.76,68.32,185.44,73.2,361.12,595.36,624.64,507.52,395.28
297.68,390.4,92.72,-341.6,102.48,239.12,14.64,317.2,717.36,854,732,585.6
390.4,502.64,112.24,-444.08,136.64,307.44,-73.2,253.76,829.6,1088.24,966.24,780.8
458.72,590.48,131.76,-522.16,161.04,361.12,-156.16,146.4,893.04,1298.08,1195.6,980.88
507.52,663.68,156.16,-585.6,175.68,409.92,-219.6,19.52,927.2,1522.56,1444.48,1190.72
585.6,780.8,195.2,-683.2,195.2,488,-263.52,-126.88,932.08,1756.8,1703.12,1420.08
600.24,897.92,297.68,-746.64,151.28,595.36,-302.56,-287.92,893.04,1956.88,1937.36,1629.92
512.4,966.24,453.84,-736.88,29.28,707.6,-312.32,-488,688.08,2010.56,2039.84,1747.04
448.96,1049.2,600.24,-746.64,-78.08,824.72,-312.32,-634.4,492.88,2015.44,2108.16,1839.76
414.8,1107.76,692.96,-761.28,-141.52,897.92,-331.84,-771.04,273.28,1932.48,2088.64,1873.92
370.88,1117.52,746.64,-741.76,-190.32,932.08,-370.88,-990.64,-107.36,1668.96,1908.08,1776.32
346.48,1073.6,727.12,-707.6,-190.32,897.92,-370.88,-1146.8,-414.8,1327.36,1634.8,1600.64
204.96,829.6,624.64,-517.28,-209.84,727.12,-390.4,-1302.96,-771.04,761.28,1102.88,1185.84
126.88,629.52,502.64,-375.76,-190.32,566.08,-370.88,-1424.96,-1122.4,136.64,517.28,712.48
58.56,444.08,385.52,-248.88,-165.92,414.8,-302.56,-1459.12,-1332.24,-312.32,73.2,341.6
-82.96,292.8,375.76,-102.48,-229.36,331.84,-224.48,-1415.2,-1400.56,-561.2,-180.56,107.36
-161.04,209.84,370.88,-24.4,-268.4,287.92,-170.8,-1342,-1371.28,-663.68,-317.2,-34.16
-151.28,170.8,322.08,-9.76,-239.12,244,-170.8,-1283.44,-1317.6,-712.48,-400.16,-131.76
-156.16,92.72,248.88,34.16,-204.96,170.8,-195.2,-1220,-1239.52,-722.24,-444.08,-204.96
-161.04,39.04,200.08,63.44,-180.56,117.12,-219.6,-1098,-1117.52,-688.08,-444.08,-219.6
-131.76,43.92,175.68,43.92,-156.16,107.36,-219.6,-951.6,-976,-614.88,-400.16,-200.08
-102.48,29.28,131.76,39.04,-117.12,78.08,-219.6,-824.72,-839.36,-536.8,-356.24,-180.56
-73.2,14.64,87.84,29.28,-82.96,48.8,-234.24,-697.84,-717.36,-468.48,-322.08,-165.92
-68.32,14.64,82.96,29.28,-78.08,48.8,-214.72,-590.48,-610,-419.68,-297.68,-170.8
-68.32,14.64,82.96,29.28,-78.08,48.8,-185.44,-483.12,-522.16,-361.12,-258.64,-156.16
-102.48,-39.04,63.44,73.2,-82.96,9.76,-180.56,-405.04,-439.2,-331.84,-248.88,-165.92
-78.08,-43.92,34.16,63.44,-58.56,-4.88,-141.52,-322.08,-346.48,-278.16,-214.72,-151.28
0,29.28,29.28,-14.64,-14.64,29.28,-92.72,-219.6,-258.64,-214.72,-170.8,-117.12
24.4,53.68,29.28,-39.04,-4.88,39.04,-63.44,-151.28,-195.2,-165.92,-136.64,-97.6
-4.88,29.28,34.16,-9.76,-19.52,29.28,-53.68,-107.36,-141.52,-131.76,-122,-87.84
-29.28,4.88,34.16,14.64,-34.16,19.52,-24.4,-63.44,-102.48,-107.36,-102.48,-87.84
-29.28,-14.64,14.64,24.4,-24.4,0,-4.88,-29.28,-78.08,-87.84,-87.84,-82.96
9.76,4.88,-4.88,-4.88,4.88,0,19.52,14.64,-48.8,-68.32,-87.84,-73.2
-14.64,-19.52,-4.88,19.52,-4.88,-14.64,14.64,24.4,-48.8,-82.96,-97.6,-82.96
-34.16,-29.28,4.88,34.16,-19.52,-14.64,24.4,48.8,-34.16,-78.08,-97.6,-87.84
-4.88,-9.76,-4.88,9.76,0,-9.76,29.28,58.56,-9.76,-63.44,-82.96,-82.96
24.4,4.88,-19.52,-14.64,19.52,-9.76,24.4,63.44,0,-68.32,-87.84,-92.72
0,-29.28,-29.28,14.64,14.64,-29.28,24.4,63.44,-4.88,-63.44,-92.72,-97.6
-14.64,-53.68,-39.04,34.16,9.76,-48.8,19.52,58.56,-9.76,-63.44,-92.72,-102.48
9.76,-19.52,-29.28,4.88,19.52,-24.4,34.16,68.32,9.76,-43.92,-78.08,-92.72
4.88,-24.4,-29.28,9.76,14.64,-29.28,43.92,78.08,19.52,-39.04,-78.08,-92.72
4.88,-19.52,-24.4,9.76,14.64,-24.4,43.92,82.96,24.4,-29.28,-68.32,-87.84
-24.4,-39.04,-14.64,34.16,-4.88,-29.28,29.28,68.32,14.64,-43.92,-78.08,-87.84
29.28,14.64,-14.64,-19.52,19.52,0,43.92,82.96,24.4,-39.04,-73.2,-73.2
39.04,24.4,-14.64,-29.28,24.4,4.88,53.68,102.48,34.16,-29.28,-58.56,-68.32
-19.52,-53.68,-34.16,39.04,4.88,-43.92,24.4,87.84,9.76,-58.56,-87.84,-97.6
-34.16,-117.12,-82.96,78.08,24.4,-102.48,4.88,68.32,0,-82.96,-112.24,-131.76
-29.28,-102.48,-73.2,68.32,19.52,-87.84,14.64,87.84,9.76,-73.2,-107.36,-131.76
-29.28,-78.08,-48.8,53.68,9.76,-63.44,43.92,92.72,29.28,-43.92,-87.84,-112.24
-9.76,-53.68,-43.92,34.16,14.64,-48.8,48.8,92.72,34.16,-34.16,-73.2,-102.48
0,-39.04,-39.04,19.52,19.52,-39.04,48.8,97.6,39.04,-24.4,-68.32,-92.72
0,-29.28,-29.28,14.64,14.64,-29.28,48.8,97.6,34.16,-19.52,-53.68,-87.84
-53.68,-78.08,-24.4,68.32,-14.64,-53.68,39.04,78.08,19.52,-43.92,-73.2,-102.48
-34.16,-68.32,-34.16,53.68,0,-53.68,48.8,87.84,24.4,-48.8,-73.2,-97.6
-24.4,-63.44,-39.04,43.92,4.88,-53.68,53.68,102.48,29.28,-43.92,-73.2,-92.72
4.88,-48.8,-53.68,24.4,29.28,-53.68,43.92,102.48,34.16,-43.92,-73.2,-102.48
0,-58.56,-58.56,29.28,29.28,-58.56,29.28,97.6,39.04,-48.8,-78.08,-102.48
-4.88,-63.44,-58.56,34.16,24.4,-63.44,39.04,107.36,34.16,-43.92,-82.96,-107.36
48.8,-14.64,-63.44,-14.64,53.68,-39.04,63.44,126.88,58.56,-19.52,-63.44,-92.72
43.92,-19.52,-63.44,-9.76,53.68,-43.92,58.56,117.12,53.68,-24.4,-58.56,-92.72
-63.44,-122,-58.56,92.72,-4.88,-92.72,34.16,92.72,24.4,-48.8,-87.84,-122
-43.92,-97.6,-53.68,73.2,4.88,-78.08,48.8,92.72,19.52,-39.04,-78.08,-122
19.52,-39.04,-58.56,9.76,39.04,-48.8,58.56,102.48,43.92,-24.4,-63.44,-97.6
24.4,-29.28,-53.68,4.88,39.04,-43.92,68.32,112.24,39.04,-34.16,-73.2,-107.36
4.88,-53.68,-58.56,24.4,29.28,-58.56,63.44,112.24,29.28,-39.04,-78.08,-112.24
-14.64,-73.2,-58.56,43.92,19.52,-68.32,53.68,97.6,19.52,-53.68,-78.08,-107.36
-39.04,-87.84,-48.8,63.44,4.88,-68.32,48.8,92.72,24.4,-58.56,-87.84,-117.12
-19.52,-78.08,-58.56,48.8,19.52,-68.32,48.8,97.6,43.92,-43.92,-78.08,-112.24
-9.76,-73.2,-63.44,43.92,24.4,-68.32,48.8,92.72,43.92,-34.16,-78.08,-102.48
43.92,-29.28,-73.2,-4.88,58.56,-53.68,58.56,97.6,58.56,-29.28,-63.44,-102.48
29.28,-43.92,-73.2,9.76,48.8,-58.56,53.68,97.6,43.92,-29.28,-73.2,-107.36
-53.68,-112.24,-58.56,82.96,0,-87.84,43.92,78.08,19.52,-43.92,-87.84,-126.88
-4.88,-43.92,-39.04,24.4,14.64,-43.92,48.8,97.6,43.92,-29.28,-63.44,-102.48
24.4,-14.64,-39.04,-4.88,29.28,-29.28,68.32,97.6,43.92,-34.16,-63.44,-102.48
-24.4,-63.44,-39.04,43.92,4.88,-53.68,53.68,82.96,24.4,-43.92,-82.96,-107.36
-39.04,-73.2,-34.16,58.56,-4.88,-53.68,53.68,92.72,29.28,-58.56,-87.84,-117.12
-24.4,-58.56,-34.16,43.92,4.88,-48.8,53.68,97.6,43.92,-53.68,-82.96,-112.24
24.4,-34.16,-58.56,4.88,39.04,-48.8,58.56,92.72,43.92,-43.92,-82.96,-107.36
-9.76,-68.32,-58.56,39.04,24.4,-63.44,43.92,82.96,39.04,-48.8,-92.72,-117.12
-53.68,-102.48,-48.8,78.08,-4.88,-78.08,43.92,73.2,34.16,-63.44,-92.72,-122
9.76,-43.92,-53.68,19.52,29.28,-48.8,48.8,87.84,53.68,-34.16,-78.08,-107.36
14.64,-43.92,-58.56,14.64,34.16,-53.68,48.8,87.84,43.92,-34.16,-82.96,-107.36
-9.76,-73.2,-63.44,43.92,24.4,-68.32,43.92,73.2,29.28,-58.56,-87.84,-122
0,-63.44,-63.44,34.16,29.28,-63.44,39.04,73.2,24.4,-63.44,-92.72,-126.88
29.28,-24.4,-53.68,0,39.04,-39.04,58.56,97.6,43.92,-39.04,-78.08,-107.36
0,-43.92,-43.92,24.4,19.52,-43.92,58.56,102.48,43.92,-43.92,-78.08,-117.12
-4.88,-63.44,-58.56,34.16,24.4,-63.44,53.68,102.48,43.92,-58.56,-92.72,-126.88
14.64,-73.2,-87.84,29.28,48.8,-82.96,34.16,107.36,43.92,-53.68,-97.6,-131.76
0,-102.48,-102.48,53.68,48.8,-102.48,29.28,92.72,43.92,-58.56,-102.48,-131.76
19.52,-87.84,-107.36,34.16,63.44,-97.6,29.28,73.2,34.16,-73.2,-107.36,-136.64
-14.64,-92.72,-78.08,53.68,29.28,-87.84,48.8,92.72,39.04,-58.56,-102.48,-126.88
-14.64,-78.08,-63.44,48.8,24.4,-73.2,58.56,102.48,48.8,-43.92,-92.72,-122
0,-63.44,-63.44,34.16,29.28,-63.44,63.44,107.36,53.68,-48.8,-87.84,-126.88
-19.52,-78.08,-58.56,48.8,19.52,-68.32,48.8,92.72,43.92,-63.44,-107.36,-136.64
-19.52,-82.96,-63.44,53.68,19.52,-73.2,58.56,117.12,53.68,-58.56,-97.6,-131.76
19.52,-63.44,-82.96,24.4,48.8,-73.2,63.44,122,63.44,-53.68,-92.72,-126.88
39.04,-34.16,-73.2,0,53.68,-53.68,68.32,146.4,73.2,-43.92,-87.84,-126.88
24.4,-48.8,-73.2,14.64,48.8,-63.44,78.08,151.28,87.84,-39.04,-92.72,-117.12
9.76,-73.2,-82.96,34.16,43.92,-78.08,73.2,141.52,82.96,-43.92,-92.72,-126.88
-14.64,-102.48,-87.84,58.56,34.16,-97.6,63.44,117.12,73.2,-58.56,-102.48,-141.52
-24.4,-112.24,-87.84,68.32,29.28,-102.48,58.56,112.24,58.56,-63.44,-112.24,-151.28
4.88,-87.84,-92.72,43.92,48.8,-92.72,63.44,122,68.32,-53.68,-107.36,-151.28
53.68,-14.64,-68.32,-19.52,58.56,-43.92,87.84,156.16,102.48,-24.4,-78.08,-117.12
-9.76,-68.32,-58.56,39.04,24.4,-63.44,63.44,151.28,92.72,-48.8,-102.48,-126.88
19.52,-53.68,-73.2,19.52,43.92,-63.44,68.32,156.16,87.84,-48.8,-97.6,-126.88
48.8,-34.16,-82.96,-4.88,63.44,-58.56,82.96,165.92,92.72,-43.92,-82.96,-126.88
-9.76,-87.84,-78.08,48.8,34.16,-82.96,58.56,136.64,78.08,-63.44,-107.36,-141.52
-34.16,-131.76,-97.6,82.96,29.28,-117.12,34.16,131.76,68.32,-78.08,-122,-161.04
-19.52,-117.12,-97.6,68.32,39.04,-107.36,43.92,146.4,78.08,-63.44,-117.12,-151.28
9.76,-97.6,-107.36,43.92,58.56,-102.48,48.8,131.76,78.08,-63.44,-112.24,-141.52
34.16,-63.44,-97.6,14.64,63.44,-82.96,68.32,151.28,97.6,-48.8,-102.48,-136.64
9.76,-73.2,-82.96,34.16,43.92,-78.08,78.08,161.04,97.6,-34.16,-87.84,-126.88
0,-78.08,-78.08,39.04,39.04,-78.08,68.32,151.28,97.6,-53.68,-102.48,-131.76
14.64,-87.84,-102.48,39.04,58.56,-97.6,53.68,156.16,97.6,-63.44,-112.24,-141.52
24.4,-78.08,-102.48,29.28,63.44,-92.72,63.44,170.8,102.48,-63.44,-112.24,-141.52
29.28,-68.32,-97.6,19.52,63.44,-82.96,78.08,175.68,107.36,-58.56,-107.36,-136.64
19.52,-73.2,-92.72,29.28,53.68,-82.96,63.44,185.44,112.24,-68.32,-117.12,-141.52
131.76,9.76,-122,-68.32,126.88,-58.56,73.2,214.72,151.28,-43.92,-92.72,-117.12
117.12,-14.64,-131.76,-48.8,122,-73.2,73.2,204.96,136.64,-48.8,-97.6,-126.88
0,-126.88,-126.88,63.44,63.44,-126.88,39.04,161.04,97.6,-87.84,-136.64,-156.16
-43.92,-175.68,-131.76,112.24,43.92,-156.16,29.28,131.76,73.2,-112.24,-170.8,-190.32
29.28,-107.36,-136.64,39.04,82.96,-122,53.68,156.16,78.08,-102.48,-151.28,-170.8
58.56,-73.2,-131.76,9.76,92.72,-102.48,58.56,180.56,87.84,-102.48,-136.64,-161.04
73.2,-58.56,-131.76,-4.88,102.48,-97.6,58.56,190.32,87.84,-107.36,-131.76,-161.04
14.64,-117.12,-131.76,53.68,73.2,-126.88,34.16,170.8,68.32,-126.88,-161.04,-180.56
9.76,-117.12,-126.88,53.68,68.32,-122,39.04,170.8,78.08,-131.76,-165.92,-180.56
14.64,-117.12,-131.76,53.68,73.2,-126.88,48.8,161.04,68.32,-141.52,-170.8,-180.56
4.88,-126.88,-131.76,63.44,68.32,-131.76,53.68,161.04,68.32,-141.52,-175.68,-190.32
29.28,-117.12,-146.4,43.92,87.84,-131.76,39.04,156.16,63.44,-141.52,-175.68,-195.2
24.4,-122,-146.4,48.8,82.96,-136.64,43.92,136.64,53.68,-151.28,-175.68,-185.44
9.76,-122,-131.76,58.56,68.32,-126.88,34.16,131.76,39.04,-170.8,-185.44,-195.2
29.28,-112.24,-141.52,43.92,82.96,-126.88,24.4,126.88,29.28,-170.8,-190.32,-195.2
24.4,-117.12,-141.52,48.8,82.96,-131.76,19.52,122,19.52,-185.44,-200.08,-195.2
29.28,-107.36,-136.64,39.04,82.96,-122,34.16,112.24,4.88,-200.08,-204.96,-200.08
48.8,-97.6,-146.4,24.4,97.6,-122,29.28,107.36,-4.88,-204.96,-209.84,-209.84
43.92,-112.24,-156.16,34.16,97.6,-136.64,29.28,102.48,-19.52,-214.72,-219.6,-209.84
39.04,-117.12,-156.16,39.04,97.6,-136.64,19.52,92.72,-29.28,-234.24,-229.36,-209.84
34.16,-126.88,-161.04,48.8,97.6,-146.4,19.52,92.72,-43.92,-244,-248.88,-229.36
39.04,-117.12,-156.16,39.04,97.6,-136.64,9.76,87.84,-43.92,-239.12,-239.12,-214.72
63.44,-92.72,-156.16,14.64,107.36,-126.88,19.52,68.32,-43.92,-234.24,-234.24,-209.84
43.92,-97.6,-141.52,29.28,92.72,-122,24.4,63.44,-53.68,-239.12,-234.24,-209.84
48.8,-92.72,-141.52,24.4,92.72,-117.12,29.28,53.68,-63.44,-239.12,-224.48,-200.08
43.92,-92.72,-136.64,24.4,87.84,-117.12,19.52,43.92,-78.08,-258.64,-239.12,-204.96
43.92,-87.84,-131.76,24.4,87.84,-112.24,19.52,48.8,-87.84,-268.4,-244,-209.84
82.96,-58.56,-141.52,-9.76,112.24,-102.48,9.76,48.8,-82.96,-258.64,-239.12,-204.96
92.72,-39.04,-131.76,-24.4,112.24,-87.84,29.28,53.68,-78.08,-253.76,-224.48,-190.32
87.84,-29.28,-117.12,-29.28,102.48,-73.2,24.4,58.56,-73.2,-258.64,-219.6,-200.08
82.96,-58.56,-141.52,-9.76,112.24,-102.48,14.64,34.16,-92.72,-263.52,-234.24,-209.84
14.64,-112.24,-126.88,48.8,68.32,-122,-4.88,0,-126.88,-278.16,-253.76,-214.72
29.28,-63.44,-92.72,19.52,58.56,-78.08,19.52,24.4,-97.6,-244,-214.72,-180.56
0,-78.08,-78.08,39.04,39.04,-78.08,14.64,9.76,-107.36,-244,-209.84,-180.56
-4.88,-82.96,-78.08,43.92,34.16,-82.96,19.52,-9.76,-122,-248.88,-209.84,-175.68
-14.64,-68.32,-53.68,43.92,19.52,-63.44,19.52,-4.88,-117.12,-244,-200.08,-165.92
14.64,-48.8,-63.44,19.52,39.04,-58.56,14.64,0,-102.48,-234.24,-195.2,-156.16
29.28,-29.28,-58.56,0,43.92,-43.92,9.76,4.88,-87.84,-219.6,-185.44,-161.04
19.52,-29.28,-48.8,4.88,34.16,-39.04,4.88,14.64,-78.08,-200.08,-175.68,-156.16
48.8,4.88,-43.92,-24.4,43.92,-19.52,19.52,19.52,-68.32,-190.32,-151.28,-126.88
34.16,-4.88,-39.04,-14.64,34.16,-24.4,19.52,0,-78.08,-190.32,-151.28,-131.76
4.88,-29.28,-34.16,14.64,19.52,-34.16,4.88,-9.76,-82.96,-180.56,-146.4,-126.88
39.04,9.76,-29.28,-24.4,34.16,-9.76,34.16,4.88,-53.68,-151.28,-117.12,-102.48
48.8,24.4,-24.4,-34.16,34.16,0,43.92,0,-53.68,-141.52,-107.36,-92.72
0,-19.52,-19.52,9.76,9.76,-19.52,19.52,-19.52,-73.2,-146.4,-107.36,-107.36
24.4,9.76,-14.64,-14.64,19.52,-4.88,24.4,-14.64,-58.56,-136.64,-97.6,-82.96
39.04,43.92,4.88,-39.04,14.64,24.4,48.8,9.76,-39.04,-112.24,-82.96,-63.44
4.88,9.76,4.88,-4.88,0,4.88,34.16,-14.64,-58.56,-126.88,-92.72,-82.96
-34.16,-29.28,4.88,34.16,-19.52,-14.64,24.4,-29.28,-68.32,-126.88,-102.48,-87.84
14.64,19.52,4.88,-14.64,4.88,9.76,43.92,-9.76,-34.16,-112.24,-78.08,-68.32
0,9.76,9.76,-4.88,-4.88,9.76,43.92,-14.64,-34.16,-97.6,-68.32,-68.32
14.64,19.52,4.88,-14.64,4.88,9.76,48.8,-19.52,-39.04,-87.84,-73.2,-73.2
19.52,14.64,-4.88,-14.64,9.76,4.88,39.04,-24.4,-39.04,-87.84,-73.2,-63.44
-4.88,24.4,29.28,-9.76,-19.52,24.4,53.68,-14.64,-29.28,-68.32,-53.68,-53.68
0,29.28,29.28,-14.64,-14.64,29.28,53.68,-19.52,-43.92,-68.32,-53.68,-53.68
9.76,24.4,14.64,-14.64,-4.88,19.52,43.92,-29.28,-48.8,-78.08,-53.68,-48.8
19.52,48.8,29.28,-34.16,-4.88,39.04,48.8,-9.76,-29.28,-63.44,-43.92,-34.16
4.88,43.92,39.04,-24.4,-19.52,39.04,58.56,-14.64,-39.04,-73.2,-53.68,-48.8
4.88,34.16,29.28,-19.52,-14.64,29.28,68.32,-14.64,-39.04,-73.2,-53.68,-43.92
14.64,39.04,24.4,-24.4,-4.88,29.28,68.32,-14.64,-24.4,-63.44,-39.04,-43.92
48.8,82.96,34.16,-63.44,4.88,58.56,82.96,-4.88,-9.76,-43.92,-29.28,-34.16
43.92,73.2,29.28,-58.56,4.88,48.8,92.72,-9.76,-9.76,-34.16,-24.4,-29.28
19.52,39.04,19.52,-29.28,0,29.28,73.2,-14.64,-19.52,-43.92,-39.04,-39.04
24.4,48.8,24.4,-34.16,0,34.16,58.56,-19.52,-24.4,-43.92,-34.16,-34.16
9.76,39.04,29.28,-24.4,-9.76,34.16,53.68,-14.64,-34.16,-43.92,-34.16,-29.28
4.88,14.64,9.76,-9.76,-4.88,9.76,24.4,-29.28,-43.92,-58.56,-43.92,-43.92
-19.52,-14.64,4.88,19.52,-14.64,-4.88,34.16,-48.8,-53.68,-73.2,-58.56,-48.8
14.64,53.68,39.04,-34.16,-14.64,43.92,73.2,-39.04,-39.04,-53.68,-39.04,-39.04
