I,II,III,aVR,aVL,aVF,V1,V2,V3,V4,V5,V6
-19.52,-112.24,-92.72,68.32,34.16,-102.48,29.28,185.44,1098,165.92,-48.8,1098
9.76,-92.72,-102.48,43.92,53.68,-97.6,19.52,195.2,1117.52,170.8,-29.28,1102.88
19.52,-63.44,-82.96,24.4,48.8,-73.2,14.64,190.32,1112.64,175.68,-29.28,1107.76
-4.88,-63.44,-58.56,34.16,24.4,-63.44,24.4,190.32,1088.24,170.8,-34.16,1107.76
-19.52,-78.08,-58.56,48.8,19.52,-68.32,0,175.68,1083.36,161.04,-43.92,1093.12
0,-78.08,-78.08,39.04,39.04,-78.08,48.8,175.68,1093.12,165.92,-39.04,1102.88
14.64,-58.56,-73.2,24.4,43.92,-68.32,43.92,180.56,1083.36,170.8,-24.4,1117.52
19.52,-43.92,-63.44,14.64,39.04,-53.68,73.2,200.08,1093.12,185.44,-24.4,1132.16
9.76,-48.8,-58.56,19.52,34.16,-53.68,68.32,195.2,1098,190.32,-19.52,1141.92
0,-58.56,-58.56,29.28,29.28,-58.56,53.68,190.32,1098,185.44,-19.52,1141.92
9.76,-34.16,-43.92,14.64,24.4,-39.04,34.16,195.2,1093.12,180.56,-29.28,1132.16
4.88,-24.4,-29.28,9.76,14.64,-29.28,82.96,190.32,1088.24,175.68,-24.4,1112.64
9.76,-48.8,-58.56,19.52,34.16,-53.68,126.88,185.44,1083.36,180.56,-19.52,1112.64
-29.28,-82.96,-53.68,58.56,9.76,-68.32,63.44,190.32,1088.24,175.68,-24.4,1122.4
-39.04,-63.44,-24.4,53.68,-9.76,-43.92,39.04,185.44,1073.6,165.92,-34.16,1117.52
-29.28,-58.56,-29.28,43.92,0,-43.92,68.32,190.32,1068.72,161.04,-34.16,1127.28
-19.52,-58.56,-39.04,39.04,9.76,-48.8,78.08,190.32,1063.84,161.04,-39.04,1122.4
-24.4,-63.44,-39.04,43.92,4.88,-53.68,53.68,190.32,1068.72,165.92,-34.16,1122.4
-14.64,-53.68,-39.04,34.16,9.76,-48.8,43.92,180.56,1068.72,165.92,-39.04,1122.4
-43.92,-82.96,-39.04,63.44,-4.88,-63.44,58.56,165.92,1049.2,146.4,-58.56,1122.4
-53.68,-92.72,-39.04,73.2,-9.76,-68.32,82.96,195.2,1073.6,180.56,-29.28,1180.96
-4.88,-82.96,-78.08,43.92,34.16,-82.96,73.2,195.2,1073.6,180.56,-24.4,1176.08
-39.04,-107.36,-68.32,73.2,14.64,-87.84,73.2,185.44,1049.2,165.92,-43.92,1151.68
-48.8,-112.24,-63.44,82.96,4.88,-87.84,73.2,185.44,1068.72,170.8,-39.04,1151.68
-39.04,-107.36,-68.32,73.2,14.64,-87.84,78.08,180.56,1054.08,165.92,-39.04,1161.44
-19.52,-82.96,-63.44,53.68,19.52,-73.2,73.2,190.32,1058.96,185.44,-9.76,1166.32
-34.16,-117.12,-82.96,78.08,24.4,-102.48,53.68,180.56,1054.08,180.56,-39.04,1176.08
-43.92,-117.12,-73.2,82.96,14.64,-97.6,58.56,185.44,1058.96,170.8,-43.92,1166.32
14.64,-34.16,-48.8,9.76,29.28,-43.92,92.72,224.48,1093.12,204.96,-4.88,1200.48
24.4,-29.28,-53.68,4.88,39.04,-43.92,78.08,229.36,1088.24,200.08,-9.76,1190.72
-4.88,-58.56,-53.68,34.16,24.4,-58.56,78.08,209.84,1078.48,190.32,-24.4,1185.84
-19.52,-78.08,-58.56,48.8,19.52,-68.32,43.92,214.72,1078.48,190.32,-24.4,1195.6
-19.52,-78.08,-58.56,48.8,19.52,-68.32,43.92,224.48,1083.36,200.08,-14.64,1210.24
-14.64,-73.2,-58.56,43.92,19.52,-68.32,48.8,244,1083.36,195.2,-9.76,1210.24
0,-53.68,-53.68,29.28,24.4,-53.68,82.96,253.76,1107.76,209.84,0,1229.76
19.52,-39.04,-58.56,9.76,39.04,-48.8,107.36,268.4,1112.64,224.48,19.52,1224.88
43.92,-39.04,-82.96,0,63.44,-63.44,102.48,302.56,1132.16,244,19.52,1229.76
43.92,-43.92,-87.84,0,63.44,-68.32,82.96,414.8,1205.36,263.52,34.16,1239.52
43.92,-53.68,-97.6,4.88,68.32,-78.08,141.52,610,1327.36,317.2,53.68,1249.28
97.6,-19.52,-117.12,-39.04,107.36,-68.32,219.6,858.88,1503.04,409.92,112.24,1263.92
136.64,-4.88,-141.52,-63.44,136.64,-73.2,287.92,1068.72,1683.6,492.88,151.28,1298.08
117.12,-39.04,-156.16,-39.04,136.64,-97.6,322.08,1010.16,1605.52,468.48,136.64,1288.32
131.76,-29.28,-161.04,-48.8,146.4,-97.6,307.44,795.44,1429.84,405.04,102.48,1293.2
175.68,9.76,-165.92,-92.72,170.8,-78.08,214.72,483.12,1224.88,356.24,92.72,1302.96
200.08,-4.88,-204.96,-97.6,200.08,-107.36,68.32,82.96,956.48,278.16,73.2,1307.84
214.72,-24.4,-239.12,-92.72,224.48,-131.76,-82.96,-287.92,727.12,224.48,68.32,1327.36
248.88,-19.52,-268.4,-112.24,258.64,-146.4,-185.44,-575.84,566.08,219.6,107.36,1332.24
307.44,-4.88,-312.32,-151.28,307.44,-161.04,-292.8,-839.36,448.96,239.12,161.04,1371.28
385.52,34.16,-351.36,-209.84,366,-161.04,-439.2,-1093.12,326.96,297.68,248.88,1439.6
439.2,58.56,-380.64,-248.88,409.92,-161.04,-600.24,-1346.88,204.96,351.36,356.24,1517.68
512.4,136.64,-375.76,-322.08,444.08,-122,-692.96,-1566.48,117.12,448.96,502.64,1639.68
575.84,214.72,-361.12,-395.28,468.48,-73.2,-829.6,-1844.64,-78.08,473.36,605.12,1722.64
639.28,287.92,-351.36,-463.6,492.88,-34.16,-951.6,-2083.76,-248.88,473.36,692.96,1820.24
658.8,341.6,-317.2,-497.76,488,9.76,-1029.68,-2220.4,-336.72,512.4,790.56,1942.24
678.32,444.08,-234.24,-561.2,453.84,102.48,-1102.88,-2322.88,-405.04,570.96,917.44,2069.12
663.68,566.08,-97.6,-614.88,380.64,234.24,-1156.56,-2435.12,-453.84,639.28,1039.44,2210.64
502.64,658.8,156.16,-580.72,170.8,405.04,-1171.2,-2479.04,-478.24,663.68,1122.4,2366.8
346.48,780.8,434.32,-561.2,-43.92,605.12,-1127.28,-2522.96,-541.68,580.72,1122.4,2415.6
214.72,849.12,634.4,-531.92,-209.84,741.76,-1117.52,-2552.24,-644.16,370.88,985.76,2415.6
58.56,839.36,780.8,-448.96,-361.12,810.08,-1215.12,-2566.88,-780.8,112.24,800.32,2366.8
-43.92,819.84,863.76,-385.52,-453.84,839.36,-1224.88,-2542.48,-893.04,-146.4,619.76,2298.48
-112.24,834.48,946.72,-361.12,-531.92,888.16,-1215.12,-2474.16,-961.36,-336.72,473.36,2239.92
-190.32,844.24,1034.56,-326.96,-614.88,936.96,-1146.8,-2332.64,-907.68,-434.32,385.52,2244.8
-234.24,839.36,1073.6,-302.56,-653.92,956.48,-1073.6,-2113.04,-780.8,-453.84,346.48,2215.52
-224.48,893.04,1117.52,-331.84,-673.44,1005.28,-1034.56,-1878.8,-624.64,-405.04,351.36,2205.76
-165.92,902.8,1068.72,-366,-619.76,985.76,-956.48,-1683.6,-483.12,-380.64,317.2,2225.28
-117.12,858.88,976,-370.88,-546.56,917.44,-844.24,-1478.64,-346.48,-375.76,258.64,2176.48
-146.4,790.56,936.96,-322.08,-541.68,863.76,-727.12,-1259.04,-200.08,-351.36,219.6,2093.52
-161.04,736.88,897.92,-287.92,-531.92,814.96,-614.88,-1063.84,-58.56,-307.44,185.44,2034.96
-165.92,673.44,839.36,-253.76,-502.64,756.4,-536.8,-907.68,58.56,-287.92,146.4,1952
-170.8,624.64,795.44,-224.48,-483.12,707.6,-444.08,-766.16,151.28,-292.8,87.84,1859.28
-146.4,595.36,741.76,-224.48,-444.08,668.56,-400.16,-658.8,224.48,-292.8,34.16,1815.36
-141.52,541.68,683.2,-200.08,-414.8,610,-356.24,-561.2,297.68,-283.04,4.88,1766.56
-180.56,429.44,610,-122,-395.28,517.28,-297.68,-468.48,375.76,-278.16,-34.16,1683.6
-161.04,351.36,512.4,-92.72,-336.72,429.44,-165.92,-361.12,444.08,-253.76,-53.68,1659.2
-146.4,312.32,458.72,-82.96,-302.56,385.52,-136.64,-263.52,517.28,-219.6,-68.32,1634.8
-122,253.76,375.76,-63.44,-248.88,312.32,-112.24,-180.56,580.72,-209.84,-97.6,1586
-141.52,165.92,307.44,-9.76,-224.48,234.24,-39.04,-112.24,624.64,-204.96,-126.88,1527.44
-126.88,117.12,244,4.88,-185.44,180.56,-58.56,-48.8,678.32,-190.32,-136.64,1498.16
-68.32,107.36,175.68,-19.52,-122,141.52,19.52,14.64,746.64,-146.4,-102.48,1507.92
-48.8,68.32,117.12,-9.76,-82.96,92.72,24.4,73.2,785.68,-126.88,-97.6,1488.4
-43.92,24.4,68.32,9.76,-58.56,43.92,34.16,112.24,810.08,-112.24,-107.36,1488.4
-58.56,0,58.56,29.28,-58.56,29.28,78.08,126.88,829.6,-107.36,-102.48,1488.4
-73.2,-29.28,43.92,53.68,-58.56,4.88,82.96,136.64,858.88,-107.36,-107.36,1478.64
-78.08,-53.68,24.4,68.32,-53.68,-14.64,63.44,180.56,863.76,-87.84,-107.36,1483.52
-68.32,-78.08,-9.76,73.2,-29.28,-43.92,53.68,219.6,863.76,-82.96,-107.36,1498.16
-87.84,-107.36,-19.52,97.6,-34.16,-63.44,107.36,209.84,858.88,-82.96,-122,1478.64
-63.44,-97.6,-34.16,82.96,-14.64,-68.32,126.88,209.84,858.88,-92.72,-126.88,1493.28
-29.28,-78.08,-48.8,53.68,9.76,-63.44,107.36,234.24,873.52,-73.2,-112.24,1507.92
0,-68.32,-68.32,34.16,34.16,-68.32,122,263.52,893.04,-53.68,-92.72,1522.56
-19.52,-87.84,-68.32,53.68,24.4,-78.08,141.52,248.88,907.68,-58.56,-92.72,1542.08
-48.8,-131.76,-82.96,92.72,14.64,-107.36,136.64,244,902.8,-73.2,-97.6,1522.56
-43.92,-112.24,-68.32,78.08,9.76,-92.72,156.16,239.12,897.92,-78.08,-102.48,1517.68
-48.8,-112.24,-63.44,82.96,4.88,-87.84,112.24,239.12,888.16,-87.84,-107.36,1517.68
-19.52,-78.08,-58.56,48.8,19.52,-68.32,102.48,244,883.28,-87.84,-102.48,1512.8
-4.88,-63.44,-58.56,34.16,24.4,-63.44,146.4,258.64,883.28,-92.72,-102.48,1512.8
-34.16,-107.36,-73.2,73.2,19.52,-92.72,161.04,278.16,878.4,-82.96,-97.6,1527.44
-24.4,-102.48,-78.08,63.44,24.4,-92.72,131.76,273.28,878.4,-92.72,-97.6,1551.84
-48.8,-112.24,-63.44,82.96,4.88,-87.84,136.64,283.04,878.4,-97.6,-102.48,1551.84
-68.32,-136.64,-68.32,102.48,0,-102.48,112.24,273.28,863.76,-107.36,-112.24,1517.68
-53.68,-126.88,-73.2,92.72,9.76,-102.48,136.64,268.4,854,-107.36,-107.36,1522.56
-34.16,-112.24,-78.08,73.2,19.52,-97.6,151.28,273.28,868.64,-107.36,-97.6,1537.2
-34.16,-117.12,-82.96,78.08,24.4,-102.48,126.88,263.52,863.76,-97.6,-92.72,1532.32
-29.28,-112.24,-82.96,73.2,24.4,-97.6,141.52,273.28,854,-102.48,-97.6,1527.44
-24.4,-117.12,-92.72,73.2,34.16,-107.36,107.36,273.28,849.12,-112.24,-97.6,1512.8
-24.4,-112.24,-87.84,68.32,29.28,-102.48,112.24,283.04,839.36,-112.24,-102.48,1512.8
-34.16,-136.64,-102.48,87.84,34.16,-122,126.88,302.56,849.12,-102.48,-102.48,1522.56
-29.28,-151.28,-122,92.72,43.92,-136.64,92.72,278.16,839.36,-122,-112.24,1512.8
-39.04,-141.52,-102.48,92.72,29.28,-122,87.84,263.52,814.96,-122,-112.24,1488.4
-39.04,-131.76,-92.72,87.84,24.4,-112.24,131.76,258.64,819.84,-122,-92.72,1478.64
-19.52,-126.88,-107.36,73.2,43.92,-117.12,117.12,258.64,814.96,-126.88,-102.48,1498.16
-34.16,-131.76,-97.6,82.96,29.28,-117.12,102.48,268.4,824.72,-131.76,-102.48,1498.16
-102.48,-165.92,-63.44,136.64,-19.52,-117.12,97.6,278.16,844.24,-117.12,-87.84,1512.8
-78.08,-161.04,-82.96,122,0,-122,131.76,273.28,839.36,-117.12,-87.84,1493.28
-24.4,-156.16,-131.76,92.72,53.68,-146.4,97.6,263.52,814.96,-136.64,-102.48,1464
-63.44,-136.64,-73.2,102.48,4.88,-107.36,112.24,268.4,814.96,-131.76,-107.36,1459.12
-68.32,-141.52,-73.2,107.36,0,-107.36,136.64,278.16,829.6,-117.12,-102.48,1464
-48.8,-141.52,-92.72,97.6,19.52,-117.12,102.48,283.04,805.2,-126.88,-107.36,1444.48
-43.92,-141.52,-97.6,92.72,24.4,-122,82.96,283.04,800.32,-131.76,-102.48,1434.72
-73.2,-146.4,-73.2,112.24,0,-112.24,102.48,268.4,795.44,-136.64,-112.24,1424.96
-92.72,-175.68,-82.96,136.64,-4.88,-131.76,97.6,287.92,795.44,-131.76,-102.48,1429.84
-87.84,-185.44,-97.6,136.64,4.88,-141.52,117.12,307.44,810.08,-122,-87.84,1434.72
-107.36,-195.2,-87.84,151.28,-9.76,-141.52,165.92,312.32,814.96,-122,-97.6,1434.72
-97.6,-165.92,-68.32,131.76,-14.64,-117.12,136.64,307.44,800.32,-126.88,-97.6,1434.72
-43.92,-112.24,-68.32,78.08,9.76,-92.72,117.12,336.72,824.72,-97.6,-73.2,1459.12
-34.16,-112.24,-78.08,73.2,19.52,-97.6,161.04,331.84,829.6,-97.6,-73.2,1468.88
-53.68,-136.64,-82.96,97.6,14.64,-112.24,175.68,326.96,834.48,-102.48,-87.84,1473.76
-58.56,-136.64,-78.08,97.6,9.76,-107.36,190.32,322.08,810.08,-107.36,-92.72,1493.28
-53.68,-126.88,-73.2,92.72,9.76,-102.48,146.4,322.08,805.2,-112.24,-92.72,1468.88
-63.44,-112.24,-48.8,87.84,-9.76,-82.96,151.28,322.08,810.08,-112.24,-92.72,1464
-39.04,-107.36,-68.32,73.2,14.64,-87.84,180.56,336.72,810.08,-122,-87.84,1473.76
-43.92,-126.88,-82.96,87.84,19.52,-107.36,175.68,326.96,800.32,-122,-87.84,1493.28
-43.92,-131.76,-87.84,87.84,19.52,-112.24,151.28,326.96,814.96,-117.12,-87.84,1532.32
-53.68,-141.52,-87.84,97.6,14.64,-117.12,126.88,322.08,800.32,-131.76,-97.6,1542.08
-39.04,-141.52,-102.48,92.72,29.28,-122,146.4,322.08,805.2,-136.64,-102.48,1546.96
-24.4,-136.64,-112.24,82.96,43.92,-126.88,165.92,331.84,819.84,-131.76,-102.48,1561.6
-34.16,-146.4,-112.24,92.72,39.04,-131.76,156.16,331.84,824.72,-146.4,-112.24,1561.6
-34.16,-141.52,-107.36,87.84,34.16,-126.88,151.28,341.6,810.08,-136.64,-102.48,1610.4
-43.92,-161.04,-117.12,102.48,34.16,-141.52,165.92,346.48,800.32,-141.52,-92.72,1615.28
-29.28,-151.28,-122,92.72,43.92,-136.64,146.4,346.48,795.44,-151.28,-97.6,1576.24
-29.28,-136.64,-107.36,82.96,39.04,-122,131.76,346.48,795.44,-156.16,-97.6,1586
-48.8,-151.28,-102.48,102.48,24.4,-126.88,117.12,351.36,805.2,-165.92,-97.6,1595.76
-53.68,-156.16,-102.48,107.36,24.4,-131.76,136.64,346.48,790.56,-170.8,-97.6,1595.76
-34.16,-126.88,-92.72,82.96,29.28,-112.24,112.24,336.72,775.92,-175.68,-97.6,1605.52
-29.28,-131.76,-102.48,82.96,34.16,-117.12,117.12,351.36,785.68,-170.8,-87.84,1620.16
4.88,-112.24,-117.12,53.68,58.56,-117.12,146.4,361.12,785.68,-161.04,-78.08,1644.56
14.64,-102.48,-117.12,43.92,63.44,-112.24,151.28,361.12,795.44,-165.92,-87.84,1678.72
-9.76,-131.76,-122,73.2,53.68,-126.88,165.92,356.24,785.68,-180.56,-97.6,1659.2
-9.76,-136.64,-126.88,73.2,58.56,-131.76,161.04,361.12,771.04,-185.44,-82.96,1659.2
0,-117.12,-117.12,58.56,58.56,-117.12,156.16,351.36,756.4,-195.2,-87.84,1654.32
-19.52,-131.76,-112.24,78.08,43.92,-122,146.4,356.24,751.52,-209.84,-97.6,1644.56
-63.44,-180.56,-117.12,122,24.4,-151.28,131.76,351.36,756.4,-204.96,-92.72,1659.2
-24.4,-161.04,-136.64,92.72,53.68,-151.28,136.64,366,756.4,-204.96,-82.96,1659.2
4.88,-122,-126.88,58.56,63.44,-126.88,151.28,385.52,756.4,-195.2,-78.08,1649.44
-29.28,-146.4,-117.12,87.84,43.92,-131.76,141.52,361.12,741.76,-214.72,-97.6,1649.44
0,-122,-122,63.44,58.56,-122,175.68,361.12,736.88,-209.84,-87.84,1654.32
0,-126.88,-126.88,63.44,63.44,-126.88,151.28,380.64,741.76,-209.84,-87.84,1639.68
0,-117.12,-117.12,58.56,58.56,-117.12,131.76,385.52,751.52,-209.84,-92.72,1644.56
24.4,-102.48,-126.88,39.04,73.2,-117.12,151.28,356.24,736.88,-214.72,-87.84,1639.68
19.52,-117.12,-136.64,48.8,78.08,-126.88,151.28,361.12,736.88,-214.72,-82.96,1649.44
14.64,-126.88,-141.52,58.56,78.08,-136.64,117.12,361.12,727.12,-224.48,-78.08,1644.56
-14.64,-136.64,-122,78.08,53.68,-131.76,131.76,341.6,722.24,-229.36,-82.96,1610.4
-39.04,-136.64,-97.6,87.84,29.28,-117.12,131.76,346.48,722.24,-229.36,-78.08,1600.64
-9.76,-102.48,-92.72,58.56,39.04,-97.6,107.36,331.84,722.24,-244,-78.08,1571.36
14.64,-73.2,-87.84,29.28,48.8,-82.96,117.12,331.84,727.12,-239.12,-73.2,1566.48
29.28,-53.68,-82.96,14.64,53.68,-68.32,126.88,326.96,712.48,-239.12,-68.32,1566.48
29.28,-63.44,-92.72,19.52,58.56,-78.08,141.52,317.2,692.96,-244,-73.2,1566.48
14.64,-87.84,-102.48,39.04,58.56,-97.6,156.16,317.2,707.6,-253.76,-82.96,1556.72
4.88,-112.24,-117.12,53.68,58.56,-117.12,161.04,317.2,692.96,-253.76,-73.2,1546.96
0,-97.6,-97.6,48.8,48.8,-97.6,146.4,302.56,683.2,-268.4,-82.96,1537.2
9.76,-82.96,-92.72,39.04,48.8,-87.84,126.88,302.56,668.56,-278.16,-78.08,1517.68
9.76,-92.72,-102.48,43.92,53.68,-97.6,112.24,287.92,668.56,-287.92,-78.08,1503.04
9.76,-92.72,-102.48,43.92,53.68,-97.6,107.36,292.8,658.8,-292.8,-78.08,1488.4
4.88,-97.6,-102.48,48.8,53.68,-102.48,68.32,302.56,653.92,-302.56,-73.2,1464
4.88,-92.72,-97.6,43.92,48.8,-97.6,68.32,273.28,634.4,-307.44,-73.2,1454.24
19.52,-78.08,-97.6,29.28,58.56,-87.84,63.44,268.4,629.52,-297.68,-68.32,1449.36
24.4,-87.84,-112.24,34.16,68.32,-102.48,43.92,253.76,619.76,-312.32,-73.2,1410.32
19.52,-87.84,-107.36,34.16,63.44,-97.6,53.68,258.64,600.24,-317.2,-73.2,1385.92
29.28,-78.08,-107.36,24.4,68.32,-92.72,53.68,244,590.48,-322.08,-68.32,1371.28
24.4,-82.96,-107.36,29.28,63.44,-97.6,48.8,214.72,580.72,-341.6,-82.96,1337.12
14.64,-97.6,-112.24,43.92,63.44,-107.36,48.8,214.72,585.6,-341.6,-73.2,1342
14.64,-87.84,-102.48,39.04,58.56,-97.6,29.28,200.08,566.08,-361.12,-73.2,1346.88
9.76,-92.72,-102.48,43.92,53.68,-97.6,34.16,190.32,566.08,-361.12,-68.32,1346.88
34.16,-78.08,-112.24,24.4,73.2,-97.6,39.04,190.32,566.08,-361.12,-63.44,1307.84
39.04,-68.32,-107.36,14.64,73.2,-87.84,29.28,195.2,580.72,-356.24,-53.68,1268.8
29.28,-68.32,-97.6,19.52,63.44,-82.96,19.52,180.56,566.08,-351.36,-58.56,1263.92
24.4,-82.96,-107.36,29.28,63.44,-97.6,4.88,175.68,546.56,-351.36,-53.68,1234.64
29.28,-68.32,-97.6,19.52,63.44,-82.96,9.76,180.56,541.68,-351.36,-34.16,1215.12
58.56,-43.92,-102.48,-4.88,78.08,-73.2,19.52,185.44,556.32,-346.48,-24.4,1190.72
82.96,-34.16,-117.12,-24.4,97.6,-78.08,29.28,190.32,561.2,-336.72,-14.64,1171.2
82.96,-34.16,-117.12,-24.4,97.6,-78.08,0,195.2,575.84,-331.84,4.88,1156.56
39.04,-43.92,-82.96,4.88,58.56,-63.44,19.52,200.08,580.72,-326.96,-4.88,1176.08
24.4,-34.16,-58.56,4.88,39.04,-48.8,0,200.08,570.96,-346.48,-14.64,1171.2
48.8,-9.76,-58.56,-19.52,53.68,-34.16,19.52,219.6,580.72,-341.6,-4.88,1146.8
48.8,-19.52,-68.32,-14.64,58.56,-43.92,43.92,224.48,580.72,-326.96,-4.88,1146.8
58.56,0,-58.56,-29.28,58.56,-29.28,48.8,214.72,570.96,-336.72,-9.76,1132.16
68.32,0,-68.32,-34.16,68.32,-34.16,78.08,209.84,575.84,-326.96,0,1137.04
43.92,-43.92,-87.84,0,63.44,-68.32,53.68,224.48,590.48,-322.08,4.88,1151.68
43.92,-48.8,-92.72,4.88,68.32,-73.2,58.56,224.48,585.6,-312.32,4.88,1176.08
48.8,-34.16,-82.96,-4.88,63.44,-58.56,53.68,229.36,570.96,-317.2,4.88,1176.08
29.28,-48.8,-78.08,9.76,53.68,-63.44,73.2,248.88,566.08,-326.96,4.88,1180.96
29.28,-43.92,-73.2,9.76,48.8,-58.56,82.96,234.24,570.96,-326.96,0,1210.24
29.28,-29.28,-58.56,0,43.92,-43.92,82.96,214.72,566.08,-322.08,0,1234.64
43.92,-9.76,-53.68,-14.64,48.8,-34.16,117.12,219.6,566.08,-331.84,0,1249.28
68.32,19.52,-48.8,-43.92,58.56,-14.64,146.4,234.24,575.84,-322.08,4.88,1268.8
53.68,0,-53.68,-24.4,53.68,-29.28,102.48,239.12,580.72,-322.08,0,1288.32
9.76,-58.56,-68.32,24.4,39.04,-63.44,107.36,219.6,561.2,-326.96,-9.76,1273.68
-4.88,-92.72,-87.84,48.8,39.04,-92.72,68.32,209.84,541.68,-346.48,-19.52,1278.56
39.04,-43.92,-82.96,4.88,58.56,-63.44,68.32,224.48,551.44,-322.08,0,1293.2
48.8,-9.76,-58.56,-19.52,53.68,-34.16,117.12,244,570.96,-302.56,19.52,1307.84
43.92,-19.52,-63.44,-9.76,53.68,-43.92,107.36,244,570.96,-312.32,19.52,1332.24
39.04,-29.28,-68.32,-4.88,53.68,-48.8,87.84,234.24,566.08,-322.08,14.64,1332.24
24.4,-63.44,-87.84,19.52,53.68,-78.08,68.32,234.24,566.08,-336.72,9.76,1361.52
48.8,-48.8,-97.6,0,73.2,-73.2,87.84,234.24,561.2,-370.88,9.76,1361.52
48.8,-24.4,-73.2,-9.76,58.56,-48.8,97.6,244,566.08,-380.64,9.76,1395.68
29.28,-24.4,-53.68,0,39.04,-39.04,102.48,244,566.08,-385.52,9.76,1420.08
29.28,-39.04,-68.32,4.88,48.8,-53.68,102.48,224.48,556.32,-400.16,4.88,1420.08
4.88,-43.92,-48.8,19.52,24.4,-48.8,73.2,224.48,556.32,-405.04,4.88,1424.96
-14.64,-53.68,-39.04,34.16,9.76,-48.8,78.08,214.72,546.56,-424.56,-4.88,1439.6
9.76,-58.56,-68.32,24.4,39.04,-63.44,63.44,200.08,531.92,-444.08,-14.64,1429.84
19.52,-68.32,-87.84,24.4,53.68,-78.08,58.56,195.2,527.04,-458.72,-19.52,1434.72
-4.88,-63.44,-58.56,34.16,24.4,-63.44,48.8,209.84,541.68,-448.96,-4.88,1429.84
24.4,-63.44,-87.84,19.52,53.68,-78.08,39.04,180.56,517.28,-463.6,-14.64,1420.08
14.64,-63.44,-78.08,24.4,43.92,-73.2,63.44,190.32,556.32,-463.6,-9.76,1439.6
19.52,-43.92,-63.44,14.64,39.04,-53.68,53.68,209.84,551.44,-463.6,-9.76,1473.76
14.64,-34.16,-48.8,9.76,29.28,-43.92,73.2,219.6,546.56,-453.84,-9.76,1493.28
0,-48.8,-48.8,24.4,24.4,-48.8,107.36,214.72,541.68,-468.48,-19.52,1493.28
4.88,-53.68,-58.56,24.4,29.28,-58.56,102.48,224.48,551.44,-468.48,-14.64,1498.16
0,-53.68,-53.68,29.28,24.4,-53.68,87.84,229.36,556.32,-478.24,-19.52,1498.16
-9.76,-48.8,-39.04,29.28,14.64,-43.92,87.84,229.36,546.56,-483.12,-19.52,1503.04
4.88,-39.04,-43.92,19.52,24.4,-43.92,112.24,239.12,561.2,-478.24,-9.76,1512.8
-9.76,-53.68,-43.92,34.16,14.64,-48.8,102.48,239.12,556.32,-483.12,-9.76,1498.16
-34.16,-82.96,-48.8,58.56,4.88,-68.32,78.08,219.6,541.68,-492.88,-24.4,1473.76
-43.92,-92.72,-48.8,68.32,0,-73.2,87.84,229.36,551.44,-483.12,-19.52,1498.16
-9.76,-63.44,-53.68,39.04,19.52,-58.56,73.2,263.52,566.08,-478.24,-9.76,1507.92
19.52,-43.92,-63.44,14.64,39.04,-53.68,97.6,268.4,570.96,-463.6,-14.64,1488.4
24.4,-43.92,-68.32,9.76,43.92,-58.56,136.64,253.76,566.08,-473.36,-29.28,1454.24
24.4,-39.04,-63.44,9.76,43.92,-53.68,141.52,263.52,570.96,-473.36,-29.28,1444.48
0,-48.8,-48.8,24.4,24.4,-48.8,156.16,278.16,575.84,-468.48,-29.28,1424.96
-9.76,-73.2,-63.44,43.92,24.4,-68.32,175.68,302.56,590.48,-468.48,-24.4,1415.2
-19.52,-97.6,-78.08,58.56,29.28,-87.84,141.52,283.04,585.6,-473.36,-29.28,1381.04
-29.28,-102.48,-73.2,68.32,19.52,-87.84,112.24,268.4,585.6,-478.24,-34.16,1371.28
-29.28,-87.84,-58.56,58.56,14.64,-73.2,87.84,258.64,580.72,-473.36,-29.28,1332.24
-19.52,-63.44,-43.92,43.92,9.76,-53.68,112.24,273.28,580.72,-468.48,-34.16,1302.96
-29.28,-82.96,-53.68,58.56,9.76,-68.32,165.92,278.16,575.84,-488,-43.92,1278.56
-19.52,-87.84,-68.32,53.68,24.4,-78.08,156.16,283.04,575.84,-488,-48.8,1254.16
-9.76,-92.72,-82.96,53.68,34.16,-87.84,107.36,278.16,575.84,-483.12,-53.68,1220
-39.04,-122,-82.96,82.96,19.52,-102.48,122,278.16,575.84,-488,-48.8,1190.72
-24.4,-107.36,-82.96,68.32,29.28,-97.6,156.16,273.28,585.6,-483.12,-58.56,1161.44
-19.52,-102.48,-82.96,63.44,29.28,-92.72,165.92,278.16,585.6,-492.88,-68.32,1171.2
-39.04,-122,-82.96,82.96,19.52,-102.48,151.28,263.52,595.36,-497.76,-73.2,1161.44
-34.16,-126.88,-92.72,82.96,29.28,-112.24,131.76,263.52,605.12,-502.64,-73.2,1146.8
4.88,-87.84,-92.72,43.92,48.8,-92.72,126.88,258.64,590.48,-502.64,-68.32,1107.76
9.76,-82.96,-92.72,39.04,48.8,-87.84,112.24,273.28,600.24,-492.88,-58.56,1083.36
9.76,-73.2,-82.96,34.16,43.92,-78.08,112.24,283.04,610,-483.12,-43.92,1083.36
29.28,-53.68,-82.96,14.64,53.68,-68.32,122,287.92,610,-488,-29.28,1063.84
34.16,-58.56,-92.72,14.64,63.44,-78.08,141.52,297.68,634.4,-483.12,-39.04,1063.84
29.28,-73.2,-102.48,24.4,63.44,-87.84,131.76,302.56,614.88,-473.36,-43.92,1054.08
14.64,-78.08,-92.72,34.16,53.68,-87.84,131.76,297.68,614.88,-478.24,-43.92,1000.4
4.88,-92.72,-97.6,43.92,48.8,-97.6,180.56,307.44,634.4,-458.72,-34.16,1000.4
19.52,-87.84,-107.36,34.16,63.44,-97.6,195.2,312.32,639.28,-463.6,-34.16,990.64
29.28,-97.6,-126.88,34.16,78.08,-112.24,170.8,302.56,639.28,-463.6,-29.28,966.24
34.16,-92.72,-126.88,29.28,78.08,-112.24,180.56,322.08,653.92,-458.72,-29.28,927.2
19.52,-107.36,-126.88,43.92,73.2,-117.12,180.56,336.72,653.92,-468.48,-24.4,883.28
14.64,-112.24,-126.88,48.8,68.32,-122,170.8,307.44,644.16,-468.48,-39.04,839.36
19.52,-107.36,-126.88,43.92,73.2,-117.12,170.8,312.32,639.28,-468.48,-39.04,795.44
0,-122,-122,63.44,58.56,-122,170.8,312.32,639.28,-453.84,-39.04,761.28
9.76,-92.72,-102.48,43.92,53.68,-97.6,165.92,317.2,639.28,-453.84,-29.28,751.52
29.28,-73.2,-102.48,24.4,63.44,-87.84,180.56,297.68,639.28,-458.72,-34.16,707.6
43.92,-53.68,-97.6,4.88,68.32,-78.08,136.64,287.92,629.52,-458.72,-39.04,653.92
48.8,-43.92,-92.72,0,68.32,-68.32,156.16,292.8,649.04,-444.08,-24.4,644.16
24.4,-73.2,-97.6,24.4,58.56,-87.84,190.32,287.92,639.28,-468.48,-39.04,595.36
9.76,-73.2,-82.96,34.16,43.92,-78.08,180.56,283.04,634.4,-468.48,-43.92,575.84
24.4,-53.68,-78.08,14.64,48.8,-68.32,185.44,292.8,644.16,-463.6,-24.4,585.6
39.04,-43.92,-82.96,4.88,58.56,-63.44,180.56,307.44,668.56,-453.84,-14.64,546.56
48.8,-43.92,-92.72,0,68.32,-68.32,239.12,297.68,658.8,-453.84,-19.52,541.68
39.04,-68.32,-107.36,14.64,73.2,-87.84,200.08,302.56,663.68,-439.2,-9.76,517.28
39.04,-58.56,-97.6,9.76,68.32,-78.08,161.04,297.68,663.68,-453.84,-14.64,483.12
48.8,-48.8,-97.6,0,73.2,-73.2,170.8,292.8,644.16,-458.72,-24.4,463.6
19.52,-73.2,-92.72,29.28,53.68,-82.96,170.8,297.68,653.92,-448.96,-19.52,468.48
14.64,-68.32,-82.96,29.28,48.8,-78.08,161.04,307.44,658.8,-439.2,-4.88,488
48.8,-58.56,-107.36,4.88,78.08,-82.96,165.92,331.84,683.2,-419.68,14.64,483.12
48.8,-63.44,-112.24,9.76,78.08,-87.84,146.4,375.76,722.24,-390.4,39.04,488
87.84,-34.16,-122,-24.4,102.48,-78.08,185.44,497.76,829.6,-326.96,68.32,502.64
112.24,-19.52,-131.76,-43.92,122,-78.08,239.12,697.84,1005.28,-239.12,122,522.16
136.64,4.88,-131.76,-68.32,131.76,-63.44,297.68,946.72,1210.24,-131.76,165.92,551.44
195.2,82.96,-112.24,-136.64,151.28,-14.64,336.72,1146.8,1385.92,-14.64,239.12,605.12
209.84,102.48,-107.36,-156.16,156.16,-4.88,317.2,1073.6,1298.08,-43.92,224.48,575.84
185.44,73.2,-112.24,-126.88,146.4,-19.52,268.4,824.72,1093.12,-122,185.44,580.72
180.56,43.92,-136.64,-112.24,156.16,-48.8,200.08,463.6,805.2,-209.84,165.92,585.6
165.92,14.64,-151.28,-87.84,156.16,-68.32,53.68,4.88,434.32,-336.72,136.64,561.2
175.68,0,-175.68,-87.84,175.68,-87.84,-73.2,-419.68,136.64,-419.68,131.76,556.32
244,29.28,-214.72,-136.64,229.36,-92.72,-180.56,-761.28,-122,-483.12,141.52,561.2
292.8,39.04,-253.76,-165.92,273.28,-107.36,-317.2,-1093.12,-375.76,-556.32,136.64,570.96
287.92,29.28,-258.64,-156.16,273.28,-117.12,-424.56,-1420.08,-624.64,-644.16,112.24,605.12
312.32,53.68,-258.64,-180.56,283.04,-102.48,-522.16,-1668.96,-834.48,-702.72,126.88,610
322.08,63.44,-258.64,-190.32,287.92,-97.6,-619.76,-1947.12,-1088.24,-824.72,102.48,590.48
317.2,29.28,-287.92,-170.8,302.56,-131.76,-741.76,-2274.08,-1429.84,-1039.44,4.88,561.2
312.32,19.52,-292.8,-165.92,302.56,-136.64,-844.24,-2527.84,-1693.36,-1224.88,-68.32,556.32
322.08,39.04,-283.04,-180.56,302.56,-122,-902.8,-2732.8,-1903.2,-1376.16,-122,502.64
326.96,82.96,-244,-204.96,283.04,-82.96,-966.24,-2903.6,-2098.4,-1517.68,-146.4,488
370.88,126.88,-244,-248.88,307.44,-58.56,-1146.8,-3103.68,-2293.6,-1634.8,-151.28,502.64
414.8,170.8,-244,-292.8,326.96,-39.04,-1307.84,-3269.6,-2381.44,-1654.32,-92.72,561.2
458.72,263.52,-195.2,-361.12,326.96,34.16,-1376.16,-3362.32,-2396.08,-1629.92,-4.88,639.28
488,331.84,-156.16,-409.92,322.08,87.84,-1439.6,-3386.72,-2366.8,-1566.48,102.48,736.88
517.28,414.8,-102.48,-463.6,307.44,156.16,-1473.76,-3362.32,-2293.6,-1478.64,224.48,839.36
556.32,531.92,-24.4,-541.68,287.92,253.76,-1522.56,-3279.36,-2171.6,-1327.36,390.4,971.12
614.88,649.04,34.16,-629.52,287.92,341.6,-1576.24,-3089.04,-1952,-1107.76,605.12,1141.92
575.84,756.4,180.56,-663.68,195.2,468.48,-1576.24,-2820.64,-1688.48,-897.92,771.04,1278.56
478.24,844.24,366,-658.8,53.68,605.12,-1522.56,-2571.76,-1483.52,-805.2,839.36,1346.88
370.88,834.48,463.6,-600.24,-48.8,649.04,-1420.08,-2381.44,-1390.8,-878.4,722.24,1312.72
244,780.8,536.8,-512.4,-146.4,658.8,-1298.08,-2181.36,-1317.6,-995.52,566.08,1224.88
146.4,732,585.6,-439.2,-219.6,658.8,-1176.08,-1966.64,-1210.24,-1093.12,419.68,1107.76
87.84,712.48,624.64,-400.16,-268.4,668.56,-1044.32,-1776.32,-1137.04,-1146.8,302.56,985.76
4.88,668.56,663.68,-336.72,-331.84,663.68,-897.92,-1576.24,-1024.8,-1156.56,209.84,878.4
-48.8,658.8,707.6,-302.56,-380.64,683.2,-751.52,-1371.28,-858.88,-1122.4,151.28,780.8
-97.6,634.4,732,-268.4,-414.8,683.2,-610,-1171.2,-692.96,-1083.36,102.48,668.56
-117.12,580.72,697.84,-229.36,-409.92,639.28,-507.52,-1019.92,-580.72,-1063.84,43.92,585.6
-87.84,551.44,639.28,-229.36,-366,595.36,-434.32,-883.28,-458.72,-1010.16,24.4,522.16
-78.08,522.16,600.24,-219.6,-341.6,561.2,-390.4,-727.12,-302.56,-936.96,19.52,419.68
-48.8,497.76,546.56,-224.48,-297.68,522.16,-331.84,-575.84,-185.44,-888.16,-4.88,322.08
-82.96,453.84,536.8,-185.44,-312.32,492.88,-200.08,-453.84,-73.2,-824.72,-9.76,273.28
-107.36,380.64,488,-136.64,-297.68,434.32,-107.36,-356.24,14.64,-775.92,-19.52,180.56
-82.96,297.68,380.64,-107.36,-234.24,336.72,-82.96,-239.12,102.48,-722.24,-29.28,87.84
-87.84,224.48,312.32,-68.32,-200.08,268.4,-87.84,-165.92,146.4,-702.72,-53.68,0
-117.12,151.28,268.4,-14.64,-195.2,209.84,-82.96,-97.6,204.96,-688.08,-78.08,-73.2
-141.52,102.48,244,19.52,-195.2,170.8,9.76,-14.64,278.16,-649.04,-78.08,-126.88
-112.24,78.08,190.32,19.52,-151.28,131.76,68.32,53.68,346.48,-619.76,-87.84,-204.96
-68.32,63.44,131.76,4.88,-102.48,97.6,87.84,112.24,405.04,-590.48,-87.84,-253.76
-92.72,14.64,107.36,39.04,-102.48,58.56,141.52,180.56,483.12,-551.44,-68.32,-292.8
-97.6,-39.04,58.56,68.32,-78.08,9.76,156.16,219.6,492.88,-527.04,-58.56,-346.48
-131.76,-73.2,58.56,102.48,-97.6,-9.76,190.32,263.52,541.68,-488,-39.04,-370.88
-117.12,-73.2,43.92,97.6,-82.96,-14.64,185.44,287.92,570.96,-468.48,-43.92,-434.32
-97.6,-68.32,29.28,82.96,-63.44,-19.52,204.96,312.32,600.24,-453.84,-43.92,-478.24
-87.84,-73.2,14.64,82.96,-53.68,-29.28,229.36,331.84,610,-444.08,-34.16,-497.76
-112.24,-107.36,4.88,112.24,-58.56,-53.68,244,346.48,590.48,-444.08,-53.68,-561.2
-102.48,-102.48,0,102.48,-53.68,-53.68,268.4,336.72,585.6,-444.08,-68.32,-614.88
-102.48,-107.36,-4.88,107.36,-48.8,-58.56,234.24,326.96,575.84,-444.08,-78.08,-668.56
-102.48,-112.24,-9.76,107.36,-48.8,-63.44,229.36,317.2,580.72,-453.84,-92.72,-741.76
-73.2,-82.96,-9.76,78.08,-34.16,-48.8,287.92,336.72,614.88,-439.2,-78.08,-766.16
-82.96,-87.84,-4.88,87.84,-39.04,-48.8,317.2,361.12,629.52,-429.44,-68.32,-819.84
-92.72,-112.24,-19.52,102.48,-39.04,-68.32,278.16,351.36,634.4,-414.8,-68.32,-868.64
-97.6,-117.12,-19.52,107.36,-39.04,-68.32,268.4,366,663.68,-400.16,-63.44,-902.8
-117.12,-131.76,-14.64,126.88,-53.68,-73.2,273.28,361.12,653.92,-400.16,-63.44,-936.96
-107.36,-122,-14.64,117.12,-48.8,-68.32,263.52,346.48,634.4,-400.16,-73.2,-1005.28
-131.76,-161.04,-29.28,146.4,-53.68,-97.6,263.52,341.6,619.76,-419.68,-87.84,-1078.48
-136.64,-156.16,-19.52,146.4,-58.56,-87.84,244,351.36,629.52,-439.2,-87.84,-1137.04
-117.12,-141.52,-24.4,131.76,-48.8,-82.96,287.92,346.48,614.88,-444.08,-87.84,-1210.24
-117.12,-141.52,-24.4,131.76,-48.8,-82.96,244,346.48,614.88,-458.72,-82.96,-1263.92
-117.12,-136.64,-19.52,126.88,-48.8,-78.08,239.12,351.36,605.12,-463.6,-73.2,-1322.48
-68.32,-92.72,-24.4,82.96,-24.4,-58.56,263.52,351.36,619.76,-448.96,-63.44,-1385.92
-63.44,-78.08,-14.64,73.2,-24.4,-48.8,253.76,351.36,614.88,-453.84,-63.44,-1459.12
-78.08,-82.96,-4.88,82.96,-39.04,-43.92,263.52,351.36,610,-448.96,-68.32,-1532.32
-82.96,-87.84,-4.88,87.84,-39.04,-48.8,278.16,356.24,634.4,-434.32,-58.56,-1590.88
-92.72,-92.72,0,92.72,-48.8,-48.8,273.28,356.24,629.52,-439.2,-68.32,-1673.84
-97.6,-97.6,0,97.6,-48.8,-48.8,273.28,361.12,610,-434.32,-73.2,-1771.44
-78.08,-107.36,-29.28,92.72,-24.4,-68.32,253.76,370.88,614.88,-424.56,-68.32,-1859.28
-68.32,-97.6,-29.28,82.96,-19.52,-63.44,214.72,361.12,614.88,-429.44,-68.32,-1922.72
-87.84,-117.12,-29.28,102.48,-29.28,-73.2,234.24,351.36,605.12,-429.44,-63.44,-1966.64
-92.72,-107.36,-14.64,102.48,-39.04,-63.44,248.88,351.36,610,-419.68,-53.68,-1995.92
-92.72,-107.36,-14.64,102.48,-39.04,-63.44,244,356.24,619.76,-414.8,-53.68,-2049.6
-82.96,-107.36,-24.4,97.6,-29.28,-68.32,263.52,370.88,619.76,-400.16,-48.8,-2054.48
-87.84,-122,-34.16,107.36,-29.28,-78.08,283.04,380.64,629.52,-390.4,-43.92,-2098.4
-102.48,-136.64,-34.16,122,-34.16,-87.84,244,375.76,639.28,-375.76,-43.92,-2098.4
-92.72,-136.64,-43.92,117.12,-24.4,-92.72,234.24,361.12,639.28,-385.52,-53.68,-2113.04
-112.24,-151.28,-39.04,131.76,-39.04,-97.6,239.12,346.48,624.64,-390.4,-58.56,-2161.84
-92.72,-126.88,-34.16,112.24,-29.28,-82.96,273.28,356.24,629.52,-380.64,-43.92,-2186.24
-78.08,-122,-43.92,102.48,-19.52,-82.96,214.72,361.12,629.52,-380.64,-58.56,-2225.28
-48.8,-87.84,-39.04,68.32,-4.88,-63.44,204.96,366,634.4,-385.52,-53.68,-2244.8
-78.08,-107.36,-29.28,92.72,-24.4,-68.32,224.48,361.12,649.04,-375.76,-48.8,-2278.96
-102.48,-122,-19.52,112.24,-43.92,-73.2,244,356.24,644.16,-380.64,-48.8,-2322.88
-102.48,-126.88,-24.4,117.12,-39.04,-78.08,273.28,370.88,644.16,-370.88,-43.92,-2357.04
-107.36,-141.52,-34.16,126.88,-39.04,-87.84,263.52,370.88,644.16,-366,-43.92,-2381.44
-87.84,-117.12,-29.28,102.48,-29.28,-73.2,263.52,370.88,678.32,-351.36,-39.04,-2420.48
-82.96,-112.24,-29.28,97.6,-29.28,-73.2,273.28,390.4,712.48,-341.6,-39.04,-2479.04
-82.96,-117.12,-34.16,102.48,-24.4,-78.08,283.04,405.04,692.96,-341.6,-43.92,-2557.12
-97.6,-117.12,-19.52,107.36,-39.04,-68.32,283.04,390.4,697.84,-346.48,-53.68,-2605.92
-117.12,-126.88,-9.76,122,-53.68,-68.32,248.88,390.4,688.08,-346.48,-48.8,-2630.32
-112.24,-136.64,-24.4,126.88,-43.92,-82.96,248.88,405.04,673.44,-356.24,-48.8,-2654.72
-78.08,-112.24,-34.16,97.6,-24.4,-73.2,268.4,395.28,688.08,-361.12,-53.68,-2688.88
-82.96,-107.36,-24.4,97.6,-29.28,-68.32,283.04,390.4,692.96,-366,-53.68,-2757.2
-92.72,-131.76,-39.04,112.24,-29.28,-87.84,307.44,414.8,707.6,-336.72,-29.28,-2776.72
-97.6,-131.76,-34.16,117.12,-34.16,-82.96,287.92,424.56,727.12,-326.96,-14.64,-2796.24
-102.48,-122,-19.52,112.24,-43.92,-73.2,273.28,424.56,722.24,-317.2,-19.52,-2820.64
-102.48,-136.64,-34.16,122,-34.16,-87.84,297.68,434.32,727.12,-317.2,-19.52,-2825.52
-112.24,-141.52,-29.28,126.88,-43.92,-87.84,263.52,434.32,712.48,-317.2,-29.28,-2835.28
-117.12,-146.4,-29.28,131.76,-43.92,-87.84,253.76,419.68,697.84,-317.2,-34.16,-2840.16
-97.6,-122,-24.4,112.24,-39.04,-73.2,273.28,424.56,707.6,-307.44,-34.16,-2849.92
-112.24,-131.76,-19.52,122,-48.8,-78.08,322.08,434.32,712.48,-312.32,-29.28,-2874.32
-82.96,-112.24,-29.28,97.6,-29.28,-73.2,336.72,453.84,727.12,-302.56,-19.52,-2884.08
-68.32,-87.84,-19.52,78.08,-24.4,-53.68,346.48,473.36,756.4,-283.04,-4.88,-2879.2
-107.36,-122,-14.64,117.12,-48.8,-68.32,312.32,468.48,751.52,-283.04,-9.76,-2918.24
-97.6,-117.12,-19.52,107.36,-39.04,-68.32,287.92,483.12,756.4,-268.4,0,-2932.88
-112.24,-117.12,-4.88,117.12,-53.68,-63.44,302.56,483.12,766.16,-263.52,-4.88,-2957.28
-112.24,-107.36,4.88,112.24,-58.56,-53.68,302.56,478.24,761.28,-268.4,-9.76,-2991.44
-92.72,-78.08,14.64,87.84,-53.68,-34.16,322.08,492.88,780.8,-253.76,-4.88,-2986.56
-78.08,-63.44,14.64,73.2,-48.8,-24.4,312.32,502.64,785.68,-248.88,0,-2996.32
-92.72,-87.84,4.88,92.72,-48.8,-43.92,317.2,507.52,790.56,-239.12,-4.88,-3030.48
-107.36,-97.6,9.76,102.48,-58.56,-43.92,326.96,517.28,795.44,-229.36,4.88,-3050
-107.36,-97.6,9.76,102.48,-58.56,-43.92,331.84,536.8,810.08,-224.48,14.64,-3059.76
-102.48,-102.48,0,102.48,-53.68,-53.68,351.36,551.44,834.48,-214.72,14.64,-3059.76
-102.48,-112.24,-9.76,107.36,-48.8,-63.44,351.36,590.48,878.4,-195.2,34.16,-3074.4
-97.6,-102.48,-4.88,102.48,-48.8,-53.68,336.72,575.84,858.88,-180.56,39.04,-3137.84
-117.12,-97.6,19.52,107.36,-68.32,-39.04,385.52,575.84,858.88,-170.8,39.04,-3152.48
-131.76,-97.6,34.16,117.12,-82.96,-34.16,375.76,570.96,834.48,-195.2,29.28,-3215.92
-126.88,-87.84,39.04,107.36,-82.96,-24.4,390.4,566.08,844.24,-195.2,24.4,-3279.36
-87.84,-29.28,58.56,58.56,-73.2,14.64,385.52,590.48,863.76,-161.04,53.68,-3289.12
-82.96,-24.4,58.56,53.68,-73.2,14.64,361.12,570.96,863.76,-161.04,43.92,-3313.52
-97.6,-29.28,68.32,63.44,-82.96,19.52,400.16,580.72,868.64,-156.16,43.92,-3328.16
-107.36,-39.04,68.32,73.2,-87.84,14.64,414.8,590.48,873.52,-156.16,48.8,-3357.44
-117.12,-39.04,78.08,78.08,-97.6,19.52,414.8,600.24,878.4,-156.16,48.8,-3396.48
-107.36,-34.16,73.2,73.2,-92.72,19.52,414.8,614.88,893.04,-136.64,73.2,-3401.36
-117.12,-48.8,68.32,82.96,-92.72,9.76,409.92,610,897.92,-146.4,68.32,-3425.76
-112.24,-43.92,68.32,78.08,-92.72,9.76,400.16,605.12,902.8,-141.52,63.44,-3411.12
-122,-43.92,78.08,82.96,-102.48,14.64,375.76,614.88,883.28,-126.88,63.44,-3406.24
-122,-43.92,78.08,82.96,-102.48,14.64,370.88,600.24,883.28,-126.88,63.44,-3469.68
-136.64,-53.68,82.96,97.6,-112.24,14.64,366,600.24,883.28,-126.88,58.56,-3489.2
-146.4,-63.44,82.96,107.36,-117.12,9.76,366,595.36,883.28,-122,63.44,-3489.2
-73.2,-29.28,43.92,53.68,-58.56,4.88,331.84,595.36,863.76,-141.52,48.8,-3523.36
-97.6,-24.4,73.2,63.44,-87.84,24.4,361.12,595.36,863.76,-131.76,58.56,-3498.96
-146.4,-29.28,117.12,87.84,-131.76,43.92,375.76,600.24,878.4,-112.24,78.08,-3459.92
-126.88,-34.16,92.72,82.96,-112.24,29.28,380.64,600.24,893.04,-102.48,87.84,-3416
-151.28,-53.68,97.6,102.48,-126.88,19.52,370.88,600.24,893.04,-92.72,92.72,-3401.36
-165.92,-68.32,97.6,117.12,-131.76,14.64,351.36,595.36,897.92,-97.6,82.96,-3406.24
-122,-19.52,102.48,73.2,-112.24,39.04,370.88,605.12,897.92,-78.08,92.72,-3381.84
-102.48,0,102.48,53.68,-102.48,48.8,370.88,600.24,888.16,-82.96,87.84,-3376.96
-126.88,-34.16,92.72,82.96,-112.24,29.28,361.12,585.6,868.64,-92.72,87.84,-3328.16
-131.76,-39.04,92.72,87.84,-112.24,24.4,322.08,580.72,873.52,-92.72,82.96,-3313.52
-107.36,-9.76,97.6,58.56,-102.48,43.92,307.44,561.2,844.24,-112.24,78.08,-3318.4
-82.96,34.16,117.12,24.4,-102.48,73.2,297.68,551.44,849.12,-117.12,87.84,-3318.4
-78.08,29.28,107.36,24.4,-92.72,68.32,283.04,551.44,854,-112.24,92.72,-3294
-87.84,4.88,92.72,43.92,-92.72,48.8,336.72,546.56,844.24,-107.36,92.72,-3269.6
-97.6,-14.64,82.96,58.56,-92.72,34.16,302.56,531.92,858.88,-97.6,102.48,-3235.44
-136.64,-53.68,82.96,97.6,-112.24,14.64,258.64,512.4,829.6,-107.36,92.72,-3201.28
-112.24,-39.04,73.2,78.08,-92.72,14.64,273.28,497.76,800.32,-112.24,87.84,-3211.04
-82.96,-14.64,68.32,48.8,-78.08,24.4,268.4,483.12,805.2,-102.48,102.48,-3206.16
-78.08,4.88,82.96,39.04,-82.96,43.92,258.64,468.48,775.92,-131.76,97.6,-3206.16
-73.2,9.76,82.96,34.16,-78.08,43.92,268.4,439.2,741.76,-156.16,73.2,-3211.04
-78.08,-4.88,73.2,43.92,-78.08,34.16,273.28,414.8,722.24,-170.8,68.32,-3220.8
-34.16,24.4,58.56,4.88,-48.8,39.04,263.52,405.04,722.24,-175.68,87.84,-3235.44
-29.28,39.04,68.32,-4.88,-48.8,53.68,248.88,390.4,712.48,-185.44,82.96,-3225.68
-58.56,-24.4,34.16,43.92,-48.8,4.88,253.76,370.88,697.84,-190.32,63.44,-3211.04
-58.56,-39.04,19.52,48.8,-39.04,-9.76,258.64,366,692.96,-204.96,53.68,-3235.44
-39.04,-24.4,14.64,34.16,-29.28,-4.88,248.88,361.12,688.08,-204.96,58.56,-3220.8
-39.04,-19.52,19.52,29.28,-29.28,0,234.24,331.84,653.92,-219.6,58.56,-3206.16
-68.32,-58.56,9.76,63.44,-39.04,-24.4,234.24,312.32,644.16,-234.24,39.04,-3235.44
-73.2,-58.56,14.64,68.32,-43.92,-24.4,278.16,307.44,634.4,-248.88,39.04,-3240.32
-73.2,-58.56,14.64,68.32,-43.92,-24.4,229.36,297.68,610,-263.52,29.28,-3215.92
-48.8,-48.8,0,48.8,-24.4,-24.4,229.36,292.8,595.36,-278.16,24.4,-3215.92
-29.28,-43.92,-14.64,39.04,-9.76,-29.28,209.84,278.16,595.36,-278.16,29.28,-3240.32
-43.92,-63.44,-19.52,53.68,-14.64,-43.92,229.36,263.52,590.48,-287.92,24.4,-3220.8
-39.04,-43.92,-4.88,43.92,-19.52,-24.4,200.08,248.88,580.72,-312.32,9.76,-3220.8
-43.92,-63.44,-19.52,53.68,-14.64,-43.92,190.32,239.12,556.32,-322.08,4.88,-3225.68
-73.2,-97.6,-24.4,87.84,-24.4,-63.44,224.48,214.72,536.8,-336.72,-9.76,-3240.32
-68.32,-102.48,-34.16,87.84,-19.52,-68.32,229.36,214.72,517.28,-346.48,-19.52,-3259.84
-68.32,-102.48,-34.16,87.84,-19.52,-68.32,190.32,209.84,512.4,-356.24,-34.16,-3284.24
-58.56,-78.08,-19.52,68.32,-19.52,-48.8,209.84,214.72,527.04,-346.48,-19.52,-3245.2
-34.16,-53.68,-19.52,43.92,-9.76,-39.04,204.96,214.72,536.8,-336.72,-9.76,-3230.56
-14.64,-48.8,-34.16,34.16,9.76,-43.92,195.2,209.84,527.04,-346.48,-19.52,-3284.24
-34.16,-58.56,-24.4,48.8,-4.88,-43.92,195.2,214.72,522.16,-356.24,-19.52,-3308.64
-48.8,-63.44,-14.64,58.56,-19.52,-39.04,190.32,214.72,531.92,-361.12,-19.52,-3342.8
-39.04,-63.44,-24.4,53.68,-9.76,-43.92,195.2,204.96,531.92,-351.36,-19.52,-3376.96
-48.8,-78.08,-29.28,63.44,-9.76,-53.68,204.96,195.2,507.52,-370.88,-29.28,-3420.88
-63.44,-92.72,-29.28,78.08,-19.52,-63.44,170.8,190.32,502.64,-375.76,-34.16,-3518.48
-48.8,-78.08,-29.28,63.44,-9.76,-53.68,200.08,200.08,517.28,-356.24,-24.4,-3606.32
-43.92,-68.32,-24.4,58.56,-9.76,-48.8,224.48,204.96,531.92,-346.48,-24.4,-3674.64
-19.52,-43.92,-24.4,34.16,0,-34.16,248.88,209.84,531.92,-356.24,-24.4,-3723.44
-48.8,-73.2,-24.4,63.44,-14.64,-48.8,263.52,204.96,531.92,-356.24,-43.92,-3801.52
-78.08,-97.6,-19.52,87.84,-29.28,-58.56,258.64,209.84,517.28,-366,-39.04,-3879.6
-48.8,-73.2,-24.4,63.44,-14.64,-48.8,239.12,219.6,541.68,-356.24,-29.28,-3908.88
-48.8,-73.2,-24.4,63.44,-14.64,-48.8,239.12,239.12,556.32,-351.36,-24.4,-3904
-34.16,-48.8,-14.64,43.92,-9.76,-34.16,248.88,229.36,556.32,-341.6,-24.4,-3938.16
-29.28,-53.68,-24.4,43.92,-4.88,-39.04,239.12,234.24,561.2,-341.6,-24.4,-3943.04
-39.04,-73.2,-34.16,58.56,-4.88,-53.68,248.88,234.24,541.68,-351.36,-14.64,-3947.92
-58.56,-82.96,-24.4,73.2,-19.52,-53.68,234.24,234.24,541.68,-351.36,-19.52,-3938.16
-39.04,-58.56,-19.52,48.8,-9.76,-39.04,224.48,253.76,561.2,-336.72,-19.52,-3918.64
-34.16,-39.04,-4.88,39.04,-14.64,-24.4,229.36,239.12,570.96,-336.72,-14.64,-3908.88
-43.92,-48.8,-4.88,48.8,-19.52,-29.28,219.6,239.12,561.2,-331.84,-19.52,-3879.6
-63.44,-92.72,-29.28,78.08,-19.52,-63.44,209.84,258.64,566.08,-326.96,-24.4,-3869.84
-73.2,-87.84,-14.64,82.96,-29.28,-53.68,200.08,253.76,561.2,-336.72,-14.64,-3864.96
-73.2,-78.08,-4.88,78.08,-34.16,-43.92,244,244,575.84,-326.96,-19.52,-3845.44
-58.56,-63.44,-4.88,63.44,-29.28,-34.16,234.24,234.24,580.72,-317.2,-24.4,-3830.8
-34.16,-29.28,4.88,34.16,-19.52,-14.64,283.04,244,619.76,-302.56,-4.88,-3806.4
-29.28,-39.04,-9.76,34.16,-9.76,-24.4,258.64,253.76,619.76,-287.92,0,-3801.52
-39.04,-53.68,-14.64,48.8,-14.64,-34.16,244,258.64,600.24,-287.92,0,-3796.64
-63.44,-68.32,-4.88,68.32,-29.28,-39.04,200.08,239.12,575.84,-302.56,-24.4,-3801.52
-73.2,-78.08,-4.88,78.08,-34.16,-43.92,170.8,229.36,580.72,-307.44,-24.4,-3791.76
-34.16,-39.04,-4.88,39.04,-14.64,-24.4,180.56,253.76,595.36,-297.68,-4.88,-3786.88
-29.28,-29.28,0,29.28,-14.64,-14.64,209.84,258.64,590.48,-297.68,0,-3772.24
-39.04,-48.8,-9.76,43.92,-14.64,-29.28,185.44,234.24,595.36,-302.56,0,-3767.36
-34.16,-53.68,-19.52,43.92,-9.76,-39.04,190.32,239.12,619.76,-302.56,4.88,-3752.72
-39.04,-58.56,-19.52,48.8,-9.76,-39.04,185.44,239.12,614.88,-292.8,-9.76,-3728.32
-53.68,-73.2,-19.52,63.44,-19.52,-48.8,161.04,229.36,610,-292.8,-14.64,-3699.04
-48.8,-82.96,-34.16,68.32,-9.76,-58.56,180.56,229.36,610,-292.8,-19.52,-3699.04
-58.56,-82.96,-24.4,73.2,-19.52,-53.68,175.68,234.24,600.24,-302.56,-19.52,-3703.92
-39.04,-63.44,-24.4,53.68,-9.76,-43.92,175.68,244,605.12,-283.04,-4.88,-3708.8
-29.28,-53.68,-24.4,43.92,-4.88,-39.04,209.84,258.64,610,-278.16,0,-3674.64
-39.04,-58.56,-19.52,48.8,-9.76,-39.04,161.04,239.12,600.24,-292.8,-4.88,-3674.64
-63.44,-78.08,-14.64,73.2,-24.4,-48.8,151.28,244,605.12,-297.68,-14.64,-3664.88
-82.96,-102.48,-19.52,92.72,-34.16,-63.44,175.68,244,600.24,-297.68,-19.52,-3640.48
-68.32,-97.6,-29.28,82.96,-19.52,-63.44,195.2,229.36,595.36,-302.56,-19.52,-3625.84
-58.56,-82.96,-24.4,73.2,-19.52,-53.68,195.2,253.76,614.88,-283.04,-9.76,-3596.56
-43.92,-68.32,-24.4,58.56,-9.76,-48.8,195.2,278.16,619.76,-287.92,-4.88,-3591.68
-14.64,-53.68,-39.04,34.16,9.76,-48.8,190.32,253.76,634.4,-273.28,4.88,-3552.64
-14.64,-34.16,-19.52,24.4,0,-29.28,195.2,253.76,629.52,-273.28,0,-3533.12
-39.04,-43.92,-4.88,43.92,-19.52,-24.4,180.56,248.88,624.64,-278.16,-9.76,-3533.12
-43.92,-58.56,-14.64,53.68,-14.64,-39.04,165.92,253.76,610,-302.56,-14.64,-3523.36
-43.92,-97.6,-53.68,73.2,4.88,-78.08,195.2,244,624.64,-292.8,0,-3498.96
-39.04,-82.96,-43.92,63.44,0,-63.44,146.4,229.36,614.88,-297.68,-4.88,-3518.48
-48.8,-73.2,-24.4,63.44,-14.64,-48.8,151.28,224.48,614.88,-307.44,-9.76,-3518.48
-53.68,-53.68,0,53.68,-29.28,-29.28,200.08,224.48,610,-312.32,-9.76,-3503.84
-48.8,-43.92,4.88,48.8,-29.28,-19.52,185.44,214.72,614.88,-312.32,-14.64,-3518.48
-43.92,-63.44,-19.52,53.68,-14.64,-43.92,136.64,219.6,624.64,-302.56,-9.76,-3513.6
-29.28,-68.32,-39.04,48.8,4.88,-53.68,126.88,239.12,634.4,-302.56,0,-3547.76
-19.52,-43.92,-24.4,34.16,0,-34.16,156.16,234.24,634.4,-297.68,9.76,-3557.52
-14.64,-73.2,-58.56,43.92,19.52,-68.32,170.8,248.88,639.28,-297.68,9.76,-3567.28
-58.56,-97.6,-39.04,78.08,-9.76,-68.32,200.08,244,624.64,-312.32,0,-3640.48
-73.2,-87.84,-14.64,82.96,-29.28,-53.68,170.8,253.76,629.52,-312.32,0,-3699.04
-97.6,-112.24,-14.64,107.36,-43.92,-63.44,131.76,239.12,619.76,-326.96,4.88,-3762.48
-92.72,-107.36,-14.64,102.48,-39.04,-63.44,112.24,234.24,639.28,-326.96,29.28,-3821.04
-87.84,-87.84,0,87.84,-43.92,-43.92,195.2,244,644.16,-317.2,9.76,-3850.32
-34.16,-73.2,-39.04,53.68,0,-58.56,146.4,229.36,629.52,-322.08,-4.88,-3899.12
-14.64,-53.68,-39.04,34.16,9.76,-48.8,117.12,239.12,634.4,-317.2,4.88,-3923.52
-29.28,-63.44,-34.16,48.8,0,-48.8,156.16,258.64,653.92,-302.56,19.52,-3938.16
-53.68,-78.08,-24.4,68.32,-14.64,-53.68,175.68,253.76,649.04,-302.56,9.76,-3952.8
-63.44,-92.72,-29.28,78.08,-19.52,-63.44,151.28,253.76,644.16,-317.2,4.88,-3933.28
-53.68,-78.08,-24.4,68.32,-14.64,-53.68,151.28,248.88,634.4,-326.96,0,-3933.28
-73.2,-73.2,0,73.2,-39.04,-39.04,175.68,244,644.16,-326.96,0,-3947.92
-53.68,-78.08,-24.4,68.32,-14.64,-53.68,175.68,239.12,639.28,-341.6,4.88,-3908.88
-39.04,-82.96,-43.92,63.44,0,-63.44,146.4,248.88,634.4,-341.6,0,-3894.24
-53.68,-102.48,-48.8,78.08,-4.88,-78.08,141.52,263.52,649.04,-341.6,0,-3864.96
-78.08,-112.24,-34.16,97.6,-24.4,-73.2,136.64,244,649.04,-346.48,-4.88,-3840.56
-82.96,-107.36,-24.4,97.6,-29.28,-68.32,102.48,229.36,634.4,-351.36,-4.88,-3821.04
-48.8,-68.32,-19.52,58.56,-14.64,-43.92,97.6,239.12,644.16,-346.48,14.64,-3782
-48.8,-63.44,-14.64,58.56,-19.52,-39.04,102.48,229.36,653.92,-351.36,4.88,-3747.84
-43.92,-68.32,-24.4,58.56,-9.76,-48.8,122,234.24,649.04,-351.36,0,-3708.8
-63.44,-73.2,-9.76,68.32,-29.28,-43.92,117.12,234.24,639.28,-356.24,-4.88,-3669.76
-73.2,-78.08,-4.88,78.08,-34.16,-43.92,102.48,239.12,639.28,-366,0,-3635.6
-34.16,-58.56,-24.4,48.8,-4.88,-43.92,112.24,244,653.92,-366,9.76,-3596.56
-53.68,-73.2,-19.52,63.44,-19.52,-48.8,97.6,239.12,649.04,-390.4,-9.76,-3567.28
-53.68,-63.44,-9.76,58.56,-24.4,-39.04,131.76,244,644.16,-395.28,-4.88,-3557.52
-58.56,-58.56,0,58.56,-29.28,-29.28,136.64,244,653.92,-400.16,-4.88,-3581.92
-68.32,-68.32,0,68.32,-34.16,-34.16,112.24,248.88,653.92,-400.16,0,-3616.08
-48.8,-68.32,-19.52,58.56,-14.64,-43.92,107.36,263.52,688.08,-380.64,24.4,-3616.08
-34.16,-73.2,-39.04,53.68,0,-58.56,146.4,268.4,707.6,-366,29.28,-3611.2
-29.28,-73.2,-43.92,53.68,4.88,-58.56,141.52,302.56,727.12,-351.36,43.92,-3601.44
-9.76,-43.92,-34.16,29.28,9.76,-39.04,141.52,419.68,814.96,-317.2,68.32,-3581.92
-9.76,-43.92,-34.16,29.28,9.76,-39.04,190.32,600.24,932.08,-268.4,92.72,-3552.64
4.88,-24.4,-29.28,9.76,14.64,-29.28,278.16,849.12,1127.28,-185.44,131.76,-3547.76
48.8,29.28,-19.52,-39.04,34.16,4.88,341.6,1098,1337.12,-82.96,204.96,-3533.12
63.44,34.16,-29.28,-48.8,43.92,0,361.12,1078.48,1317.6,-78.08,219.6,-3518.48
39.04,24.4,-14.64,-29.28,24.4,4.88,322.08,849.12,1107.76,-156.16,170.8,-3542.88
4.88,4.88,0,-4.88,0,0,244,517.28,844.24,-253.76,126.88,-3528.24
4.88,4.88,0,-4.88,0,0,117.12,102.48,527.04,-361.12,97.6,-3518.48
43.92,14.64,-29.28,-29.28,34.16,-9.76,-19.52,-317.2,239.12,-434.32,97.6,-3494.08
87.84,24.4,-63.44,-53.68,73.2,-19.52,-117.12,-629.52,29.28,-483.12,102.48,-3474.56
112.24,0,-112.24,-53.68,112.24,-58.56,-239.12,-932.08,-180.56,-522.16,122,-3411.12
190.32,29.28,-161.04,-107.36,175.68,-68.32,-370.88,-1239.52,-385.52,-536.8,161.04,-3328.16
219.6,58.56,-161.04,-136.64,190.32,-53.68,-473.36,-1532.32,-595.36,-585.6,170.8,-3284.24
219.6,73.2,-146.4,-146.4,180.56,-39.04,-570.96,-1786.08,-775.92,-634.4,190.32,-3201.28
214.72,63.44,-151.28,-136.64,180.56,-43.92,-732,-2103.28,-1049.2,-766.16,165.92,-3137.84
229.36,39.04,-190.32,-131.76,209.84,-78.08,-883.28,-2435.12,-1342,-946.72,102.48,-3108.56
229.36,29.28,-200.08,-126.88,214.72,-87.84,-951.6,-2644.96,-1595.76,-1102.88,53.68,-3035.36
258.64,58.56,-200.08,-156.16,229.36,-73.2,-1019.92,-2815.76,-1805.6,-1244.4,14.64,-3001.2
322.08,107.36,-214.72,-214.72,268.4,-53.68,-1161.44,-3020.72,-2005.68,-1361.52,4.88,-2947.52
385.52,165.92,-219.6,-273.28,302.56,-29.28,-1322.48,-3211.04,-2181.36,-1464,34.16,-2849.92
429.44,224.48,-204.96,-326.96,317.2,9.76,-1473.76,-3362.32,-2274.08,-1488.4,112.24,-2718.16
473.36,302.56,-170.8,-385.52,322.08,63.44,-1605.52,-3464.8,-2313.12,-1464,219.6,-2576.64
507.52,400.16,-107.36,-453.84,307.44,146.4,-1678.72,-3498.96,-2293.6,-1395.68,346.48,-2400.96
556.32,483.12,-73.2,-517.28,312.32,204.96,-1771.44,-3455.04,-2191.12,-1259.04,527.04,-2215.52
595.36,590.48,-4.88,-590.48,297.68,292.8,-1830,-3362.32,-2059.36,-1093.12,722.24,-2000.8
614.88,697.84,82.96,-653.92,263.52,390.4,-1810.48,-3167.12,-1844.64,-893.04,936.96,-1800.72
551.44,814.96,263.52,-683.2,141.52,536.8,-1747.04,-2898.72,-1581.12,-702.72,1083.36,-1625.04
478.24,917.44,439.2,-697.84,19.52,678.32,-1703.12,-2664.48,-1395.68,-634.4,1112.64,-1512.8
375.76,897.92,522.16,-634.4,-73.2,707.6,-1566.48,-2444.88,-1293.2,-732,961.36,-1507.92
248.88,829.6,580.72,-536.8,-165.92,702.72,-1415.2,-2200.88,-1185.84,-873.52,775.92,-1586
156.16,775.92,619.76,-463.6,-234.24,697.84,-1278.56,-2000.8,-1122.4,-1005.28,590.48,-1693.36
82.96,741.76,658.8,-409.92,-287.92,697.84,-1122.4,-1825.12,-1044.32,-1112.64,429.44,-1815.36
24.4,707.6,683.2,-366,-331.84,692.96,-980.88,-1629.92,-941.84,-1156.56,312.32,-1912.96
-39.04,668.56,707.6,-312.32,-375.76,688.08,-849.12,-1415.2,-795.44,-1180.96,209.84,-2005.68
-117.12,624.64,741.76,-253.76,-429.44,683.2,-741.76,-1234.64,-653.92,-1156.56,136.64,-2069.12
-165.92,570.96,736.88,-200.08,-453.84,653.92,-600.24,-1093.12,-531.92,-1137.04,73.2,-2127.68
-146.4,536.8,683.2,-195.2,-414.8,610,-575.84,-966.24,-429.44,-1107.76,39.04,-2220.4
-165.92,497.76,663.68,-165.92,-414.8,580.72,-488,-795.44,-287.92,-1039.44,34.16,-2244.8
-156.16,478.24,634.4,-161.04,-395.28,556.32,-414.8,-649.04,-156.16,-985.76,24.4,-2298.48
-151.28,444.08,595.36,-146.4,-375.76,517.28,-302.56,-517.28,-29.28,-927.2,9.76,-2342.4
-185.44,341.6,527.04,-78.08,-356.24,434.32,-258.64,-419.68,48.8,-897.92,-19.52,-2400.96
-170.8,273.28,444.08,-48.8,-307.44,356.24,-239.12,-336.72,97.6,-883.28,-43.92,-2464.4
-151.28,214.72,366,-29.28,-258.64,287.92,-185.44,-234.24,180.56,-858.88,-58.56,-2483.92
-122,180.56,302.56,-29.28,-214.72,239.12,-136.64,-161.04,244,-839.36,-73.2,-2483.92
-126.88,131.76,258.64,0,-195.2,195.2,-87.84,-78.08,287.92,-819.84,-92.72,-2518.08
-136.64,92.72,229.36,24.4,-185.44,161.04,-39.04,-29.28,346.48,-800.32,-107.36,-2527.84
-156.16,29.28,185.44,63.44,-170.8,107.36,-14.64,39.04,400.16,-761.28,-97.6,-2508.32
-161.04,-14.64,146.4,87.84,-156.16,63.44,4.88,78.08,439.2,-741.76,-107.36,-2483.92
-141.52,-34.16,107.36,87.84,-126.88,34.16,43.92,126.88,483.12,-697.84,-92.72,-2410.72
-136.64,-43.92,92.72,92.72,-117.12,24.4,68.32,175.68,522.16,-683.2,-87.84,-2381.44
-156.16,-87.84,68.32,122,-112.24,-9.76,82.96,204.96,556.32,-668.56,-87.84,-2352.16
-122,-78.08,43.92,102.48,-82.96,-19.52,102.48,229.36,566.08,-653.92,-92.72,-2313.12
-102.48,-73.2,29.28,87.84,-68.32,-24.4,97.6,268.4,580.72,-649.04,-92.72,-2288.72
-126.88,-107.36,19.52,117.12,-73.2,-43.92,92.72,278.16,595.36,-644.16,-87.84,-2215.52
-141.52,-117.12,24.4,131.76,-82.96,-48.8,92.72,263.52,605.12,-649.04,-92.72,-2196
-146.4,-131.76,14.64,141.52,-82.96,-58.56,82.96,258.64,600.24,-658.8,-92.72,-2171.6
-151.28,-122,29.28,136.64,-92.72,-48.8,87.84,263.52,600.24,-658.8,-97.6,-2117.92
-165.92,-131.76,34.16,151.28,-102.48,-48.8,87.84,273.28,600.24,-663.68,-97.6,-2064.24
-141.52,-126.88,14.64,136.64,-78.08,-58.56,112.24,302.56,614.88,-663.68,-87.84,-2015.44
-126.88,-102.48,24.4,117.12,-78.08,-39.04,131.76,312.32,619.76,-673.44,-87.84,-1966.64
-117.12,-73.2,43.92,97.6,-82.96,-14.64,141.52,322.08,629.52,-673.44,-82.96,-1932.48
-107.36,-73.2,34.16,92.72,-73.2,-19.52,122,326.96,614.88,-683.2,-92.72,-1893.44
-136.64,-107.36,29.28,122,-82.96,-39.04,165.92,322.08,600.24,-692.96,-92.72,-1854.4
-131.76,-122,9.76,126.88,-73.2,-58.56,219.6,341.6,610,-692.96,-82.96,-1883.68
-107.36,-112.24,-4.88,112.24,-53.68,-58.56,175.68,346.48,614.88,-692.96,-78.08,-1898.32
-126.88,-126.88,0,126.88,-63.44,-63.44,126.88,341.6,610,-697.84,-73.2,-1912.96
-131.76,-122,9.76,126.88,-73.2,-58.56,112.24,351.36,600.24,-697.84,-73.2,-1981.28
-131.76,-112.24,19.52,122,-78.08,-48.8,126.88,351.36,600.24,-697.84,-73.2,-2000.8
-141.52,-117.12,24.4,131.76,-82.96,-48.8,131.76,346.48,585.6,-697.84,-82.96,-2044.72
-136.64,-107.36,29.28,122,-82.96,-39.04,102.48,351.36,585.6,-702.72,-82.96,-2069.12
-136.64,-107.36,29.28,122,-82.96,-39.04,87.84,380.64,595.36,-697.84,-82.96,-2064.24
-131.76,-107.36,24.4,122,-78.08,-43.92,92.72,375.76,590.48,-692.96,-82.96,-2039.84
-122,-92.72,29.28,107.36,-78.08,-34.16,126.88,390.4,595.36,-683.2,-73.2,-1961.76
-136.64,-102.48,34.16,122,-87.84,-34.16,126.88,385.52,585.6,-688.08,-68.32,-1942.24
-146.4,-97.6,48.8,122,-97.6,-24.4,141.52,385.52,600.24,-683.2,-68.32,-1883.68
-146.4,-112.24,34.16,131.76,-92.72,-39.04,107.36,405.04,600.24,-688.08,-68.32,-1815.36
-112.24,-131.76,-19.52,122,-48.8,-78.08,102.48,395.28,580.72,-702.72,-78.08,-1786.08
-122,-126.88,-4.88,126.88,-58.56,-68.32,122,375.76,580.72,-702.72,-87.84,-1708
-190.32,-112.24,78.08,151.28,-136.64,-19.52,126.88,395.28,595.36,-668.56,-58.56,-1659.2
-136.64,-102.48,34.16,122,-87.84,-34.16,107.36,385.52,585.6,-683.2,-68.32,-1683.6
-126.88,-122,4.88,126.88,-68.32,-58.56,112.24,395.28,585.6,-688.08,-73.2,-1649.44
-146.4,-126.88,19.52,136.64,-82.96,-53.68,82.96,400.16,580.72,-697.84,-78.08,-1629.92
-126.88,-102.48,24.4,117.12,-78.08,-39.04,107.36,390.4,590.48,-697.84,-82.96,-1590.88
-161.04,-126.88,34.16,146.4,-97.6,-48.8,102.48,414.8,614.88,-697.84,-68.32,-1571.36
-180.56,-131.76,48.8,156.16,-117.12,-43.92,112.24,414.8,629.52,-697.84,-68.32,-1610.4
-136.64,-107.36,29.28,122,-82.96,-39.04,136.64,405.04,605.12,-707.6,-63.44,-1615.28
-141.52,-117.12,24.4,131.76,-82.96,-48.8,136.64,419.68,595.36,-712.48,-63.44,-1664.08
-131.76,-122,9.76,126.88,-73.2,-58.56,97.6,429.44,605.12,-707.6,-58.56,-1693.36
-146.4,-136.64,9.76,141.52,-78.08,-63.44,131.76,439.2,624.64,-697.84,-58.56,-1717.76
-151.28,-131.76,19.52,141.52,-87.84,-58.56,146.4,429.44,605.12,-692.96,-53.68,-1737.28
-136.64,-107.36,29.28,122,-82.96,-39.04,107.36,429.44,605.12,-692.96,-48.8,-1761.68
-146.4,-117.12,29.28,131.76,-87.84,-43.92,112.24,434.32,600.24,-697.84,-58.56,-1776.32
-161.04,-136.64,24.4,151.28,-92.72,-58.56,87.84,419.68,595.36,-702.72,-68.32,-1776.32
-185.44,-156.16,29.28,170.8,-107.36,-63.44,92.72,429.44,610,-702.72,-68.32,-1747.04
-190.32,-146.4,43.92,170.8,-117.12,-53.68,87.84,424.56,614.88,-717.36,-73.2,-1717.76
-180.56,-136.64,43.92,161.04,-112.24,-48.8,87.84,434.32,610,-702.72,-58.56,-1654.32
-151.28,-122,29.28,136.64,-92.72,-48.8,195.2,463.6,644.16,-683.2,-43.92,-1595.76
-136.64,-107.36,29.28,122,-82.96,-39.04,209.84,458.72,624.64,-683.2,-43.92,-1542.08
-126.88,-97.6,29.28,112.24,-78.08,-34.16,141.52,458.72,624.64,-678.32,-39.04,-1503.04
-92.72,-63.44,29.28,78.08,-63.44,-19.52,195.2,483.12,653.92,-668.56,-34.16,-1464
-102.48,-73.2,29.28,87.84,-68.32,-24.4,156.16,483.12,658.8,-658.8,-34.16,-1415.2
-122,-117.12,4.88,122,-63.44,-58.56,146.4,478.24,644.16,-668.56,-39.04,-1342
-126.88,-122,4.88,126.88,-68.32,-58.56,161.04,488,644.16,-673.44,-43.92,-1278.56
-131.76,-112.24,19.52,122,-78.08,-48.8,156.16,497.76,649.04,-673.44,-43.92,-1273.68
-146.4,-117.12,29.28,131.76,-87.84,-43.92,156.16,492.88,663.68,-678.32,-53.68,-1239.52
-165.92,-131.76,34.16,151.28,-102.48,-48.8,165.92,497.76,668.56,-678.32,-43.92,-1200.48
-141.52,-107.36,34.16,126.88,-87.84,-39.04,161.04,527.04,692.96,-658.8,-24.4,-1156.56
-131.76,-117.12,14.64,126.88,-73.2,-53.68,161.04,551.44,712.48,-653.92,-19.52,-1122.4
-146.4,-131.76,14.64,141.52,-82.96,-58.56,185.44,536.8,702.72,-663.68,-34.16,-1112.64
-151.28,-117.12,34.16,136.64,-92.72,-43.92,175.68,536.8,707.6,-673.44,-34.16,-1117.52
-156.16,-126.88,29.28,141.52,-92.72,-48.8,185.44,541.68,692.96,-678.32,-43.92,-1127.28
-112.24,-87.84,24.4,102.48,-68.32,-34.16,204.96,556.32,707.6,-668.56,-29.28,-1112.64
-102.48,-73.2,29.28,87.84,-68.32,-24.4,190.32,575.84,727.12,-649.04,-19.52,-1088.24
-126.88,-97.6,29.28,112.24,-78.08,-34.16,195.2,580.72,722.24,-673.44,-24.4,-1093.12
-117.12,-97.6,19.52,107.36,-68.32,-39.04,156.16,566.08,722.24,-683.2,-24.4,-1098
-136.64,-92.72,43.92,117.12,-92.72,-24.4,175.68,566.08,722.24,-688.08,-29.28,-1078.48
-151.28,-117.12,34.16,136.64,-92.72,-43.92,195.2,575.84,727.12,-688.08,-24.4,-1063.84
-161.04,-126.88,34.16,146.4,-97.6,-48.8,180.56,595.36,746.64,-668.56,-14.64,-1024.8
-141.52,-92.72,48.8,117.12,-97.6,-24.4,204.96,614.88,761.28,-658.8,-4.88,-1029.68
-122,-63.44,58.56,92.72,-92.72,-4.88,190.32,610,761.28,-658.8,-14.64,-1024.8
-141.52,-87.84,53.68,117.12,-97.6,-19.52,200.08,610,761.28,-658.8,-4.88,-1000.4
-156.16,-112.24,43.92,136.64,-102.48,-34.16,200.08,600.24,756.4,-673.44,-9.76,-1000.4
-151.28,-102.48,48.8,126.88,-102.48,-29.28,180.56,595.36,756.4,-673.44,-14.64,-990.64
-131.76,-68.32,63.44,102.48,-97.6,-4.88,170.8,605.12,766.16,-678.32,-14.64,-961.36
-151.28,-63.44,87.84,107.36,-122,9.76,190.32,595.36,761.28,-692.96,-19.52,-951.6
-146.4,-63.44,82.96,107.36,-117.12,9.76,165.92,605.12,761.28,-692.96,-14.64,-946.72
-122,-43.92,78.08,82.96,-102.48,14.64,146.4,619.76,771.04,-683.2,-9.76,-922.32
-112.24,-29.28,82.96,73.2,-97.6,24.4,170.8,614.88,771.04,-678.32,9.76,-907.68
-131.76,-53.68,78.08,92.72,-107.36,9.76,180.56,624.64,785.68,-663.68,9.76,-858.88
-151.28,-73.2,78.08,112.24,-117.12,0,209.84,629.52,790.56,-663.68,0,-839.36
-175.68,-73.2,102.48,126.88,-141.52,14.64,209.84,649.04,800.32,-663.68,-4.88,-829.6
-190.32,-63.44,126.88,126.88,-161.04,29.28,229.36,624.64,780.8,-678.32,-4.88,-795.44
-175.68,-53.68,122,117.12,-151.28,34.16,200.08,614.88,775.92,-673.44,4.88,-751.52
-175.68,-53.68,122,117.12,-151.28,34.16,204.96,639.28,790.56,-673.44,0,-732
-161.04,-43.92,117.12,102.48,-141.52,34.16,200.08,639.28,775.92,-683.2,-4.88,-717.36
-131.76,-9.76,122,73.2,-126.88,53.68,209.84,639.28,790.56,-683.2,4.88,-678.32
-151.28,-34.16,117.12,92.72,-136.64,39.04,190.32,614.88,785.68,-673.44,9.76,-673.44
-180.56,-73.2,107.36,126.88,-146.4,14.64,204.96,605.12,780.8,-678.32,4.88,-634.4
-185.44,-73.2,112.24,131.76,-151.28,19.52,224.48,610,775.92,-678.32,4.88,-605.12
-195.2,-68.32,126.88,131.76,-161.04,29.28,209.84,614.88,790.56,-663.68,14.64,-570.96
-136.64,-4.88,131.76,73.2,-136.64,63.44,214.72,624.64,805.2,-649.04,34.16,-517.28
-126.88,19.52,146.4,53.68,-136.64,82.96,224.48,624.64,805.2,-653.92,34.16,-497.76
-156.16,4.88,161.04,78.08,-161.04,82.96,209.84,590.48,785.68,-673.44,14.64,-488
-156.16,-4.88,151.28,82.96,-156.16,73.2,219.6,575.84,775.92,-678.32,14.64,-473.36
-165.92,-9.76,156.16,87.84,-161.04,73.2,244,566.08,766.16,-683.2,14.64,-458.72
-170.8,-4.88,165.92,87.84,-170.8,78.08,204.96,566.08,761.28,-683.2,19.52,-434.32
-161.04,4.88,165.92,78.08,-165.92,82.96,253.76,570.96,766.16,-678.32,39.04,-429.44
-161.04,34.16,195.2,63.44,-180.56,112.24,234.24,556.32,766.16,-673.44,43.92,-409.92
-165.92,29.28,195.2,68.32,-180.56,112.24,180.56,527.04,736.88,-688.08,34.16,-409.92
-170.8,9.76,180.56,82.96,-175.68,92.72,170.8,527.04,727.12,-692.96,29.28,-366
-141.52,9.76,151.28,68.32,-146.4,78.08,146.4,507.52,727.12,-692.96,43.92,-351.36
-122,14.64,136.64,53.68,-131.76,73.2,141.52,492.88,727.12,-697.84,43.92,-336.72
-92.72,39.04,131.76,29.28,-112.24,82.96,165.92,468.48,712.48,-702.72,43.92,-302.56
-97.6,43.92,141.52,29.28,-122,92.72,180.56,458.72,697.84,-707.6,58.56,-278.16
-122,43.92,165.92,39.04,-146.4,102.48,170.8,444.08,707.6,-712.48,63.44,-273.28
-112.24,34.16,146.4,39.04,-131.76,87.84,195.2,405.04,658.8,-736.88,48.8,-268.4
-112.24,29.28,141.52,43.92,-126.88,82.96,122,385.52,624.64,-761.28,53.68,-253.76
-102.48,29.28,131.76,39.04,-117.12,78.08,97.6,400.16,619.76,-771.04,48.8,-234.24
-117.12,4.88,122,58.56,-122,63.44,92.72,366,595.36,-790.56,34.16,-253.76
-107.36,-4.88,102.48,58.56,-107.36,48.8,97.6,326.96,580.72,-795.44,53.68,-239.12
-107.36,-14.64,92.72,63.44,-102.48,39.04,68.32,317.2,566.08,-795.44,53.68,-234.24
-82.96,-4.88,78.08,43.92,-82.96,34.16,68.32,307.44,561.2,-785.68,48.8,-214.72
-53.68,29.28,82.96,14.64,-68.32,53.68,73.2,297.68,546.56,-800.32,43.92,-175.68
-63.44,19.52,82.96,24.4,-73.2,48.8,63.44,273.28,531.92,-824.72,39.04,-185.44
-53.68,29.28,82.96,14.64,-68.32,53.68,39.04,258.64,512.4,-829.6,34.16,-185.44
-19.52,43.92,63.44,-9.76,-43.92,53.68,39.04,239.12,507.52,-819.84,43.92,-156.16
-48.8,4.88,53.68,24.4,-53.68,29.28,29.28,219.6,507.52,-839.36,34.16,-161.04
-39.04,-9.76,29.28,24.4,-34.16,9.76,53.68,204.96,488,-844.24,34.16,-151.28
-19.52,-9.76,9.76,14.64,-14.64,0,48.8,190.32,458.72,-863.76,19.52,-175.68
-53.68,-34.16,19.52,43.92,-39.04,-9.76,19.52,165.92,439.2,-878.4,14.64,-185.44
-92.72,-29.28,63.44,63.44,-78.08,14.64,4.88,170.8,448.96,-858.88,24.4,-165.92
-68.32,-34.16,34.16,53.68,-53.68,0,-4.88,151.28,444.08,-878.4,14.64,-146.4
-39.04,-19.52,19.52,29.28,-29.28,0,9.76,141.52,439.2,-907.68,0,-117.12
-24.4,-4.88,19.52,14.64,-24.4,4.88,34.16,146.4,448.96,-902.8,9.76,-112.24
-34.16,-4.88,29.28,19.52,-34.16,9.76,19.52,141.52,429.44,-897.92,14.64,-107.36
-39.04,-14.64,24.4,29.28,-34.16,4.88,19.52,126.88,414.8,-907.68,9.76,-97.6
-58.56,-29.28,29.28,43.92,-43.92,0,48.8,126.88,424.56,-907.68,14.64,-63.44
-53.68,-43.92,9.76,48.8,-34.16,-19.52,-4.88,107.36,409.92,-936.96,0,-78.08
-63.44,-63.44,0,63.44,-34.16,-34.16,4.88,97.6,439.2,-936.96,-14.64,-73.2
-43.92,-58.56,-14.64,53.68,-14.64,-39.04,-29.28,97.6,409.92,-936.96,-4.88,-87.84
-39.04,-39.04,0,39.04,-19.52,-19.52,-48.8,87.84,405.04,-941.84,-4.88,-58.56
-39.04,-43.92,-4.88,43.92,-19.52,-24.4,-19.52,87.84,390.4,-951.6,-14.64,-48.8
-73.2,-63.44,9.76,68.32,-43.92,-29.28,14.64,63.44,356.24,-985.76,-29.28,-73.2
-73.2,-78.08,-4.88,78.08,-34.16,-43.92,-53.68,53.68,356.24,-980.88,-19.52,-29.28
-82.96,-87.84,-4.88,87.84,-39.04,-48.8,-48.8,48.8,361.12,-990.64,-29.28,-14.64
-97.6,-117.12,-19.52,107.36,-39.04,-68.32,-63.44,43.92,356.24,-1000.4,-29.28,-14.64
-58.56,-73.2,-14.64,68.32,-24.4,-43.92,-53.68,63.44,380.64,-985.76,-24.4,0
-39.04,-34.16,4.88,39.04,-24.4,-14.64,-53.68,82.96,380.64,-990.64,-14.64,14.64
-19.52,-34.16,-14.64,29.28,-4.88,-24.4,-43.92,68.32,385.52,-990.64,-19.52,19.52
-43.92,-63.44,-19.52,53.68,-14.64,-43.92,-39.04,43.92,390.4,-990.64,-24.4,4.88
-29.28,-39.04,-9.76,34.16,-9.76,-24.4,-82.96,48.8,380.64,-1000.4,-29.28,-4.88
-34.16,-34.16,0,34.16,-19.52,-19.52,-24.4,68.32,370.88,-990.64,-34.16,-4.88
-63.44,-68.32,-4.88,68.32,-29.28,-39.04,-29.28,29.28,351.36,-1005.28,-43.92,4.88
-63.44,-73.2,-9.76,68.32,-29.28,-43.92,-68.32,29.28,351.36,-1010.16,-39.04,9.76
-53.68,-58.56,-4.88,58.56,-24.4,-34.16,-78.08,29.28,351.36,-1005.28,-43.92,34.16
-58.56,-68.32,-9.76,63.44,-24.4,-39.04,-68.32,29.28,356.24,-1005.28,-39.04,78.08
-58.56,-63.44,-4.88,63.44,-29.28,-34.16,-39.04,39.04,366,-1005.28,-43.92,112.24
-48.8,-63.44,-14.64,58.56,-19.52,-39.04,-48.8,48.8,375.76,-1010.16,-48.8,156.16
-73.2,-78.08,-4.88,78.08,-34.16,-43.92,-48.8,53.68,370.88,-1010.16,-48.8,175.68
-68.32,-78.08,-9.76,73.2,-29.28,-43.92,-4.88,58.56,380.64,-1005.28,-43.92,190.32
-63.44,-53.68,9.76,58.56,-39.04,-24.4,-4.88,68.32,390.4,-1010.16,-43.92,253.76
-87.84,-78.08,9.76,82.96,-48.8,-34.16,-19.52,58.56,375.76,-1024.8,-58.56,258.64
-87.84,-92.72,-4.88,92.72,-43.92,-48.8,-24.4,73.2,375.76,-1029.68,-58.56,287.92
-73.2,-87.84,-14.64,82.96,-29.28,-53.68,-14.64,117.12,405.04,-1029.68,-43.92,322.08
-34.16,-29.28,4.88,34.16,-19.52,-14.64,24.4,117.12,424.56,-1019.92,-39.04,326.96
-48.8,-24.4,24.4,39.04,-39.04,0,0,112.24,409.92,-1019.92,-43.92,366
-63.44,-48.8,14.64,58.56,-39.04,-19.52,4.88,112.24,409.92,-1019.92,-43.92,366
-73.2,-68.32,4.88,73.2,-39.04,-34.16,29.28,117.12,414.8,-1024.8,-53.68,390.4
-58.56,-63.44,-4.88,63.44,-29.28,-34.16,34.16,112.24,409.92,-1024.8,-48.8,395.28
-68.32,-58.56,9.76,63.44,-39.04,-24.4,24.4,107.36,414.8,-1015.04,-39.04,395.28
-87.84,-58.56,29.28,73.2,-58.56,-14.64,-4.88,102.48,419.68,-1019.92,-48.8,390.4
-97.6,-73.2,24.4,87.84,-63.44,-24.4,0,87.84,400.16,-1024.8,-53.68,385.52
-92.72,-73.2,19.52,82.96,-58.56,-29.28,-19.52,97.6,400.16,-1034.56,-53.68,390.4
-102.48,-112.24,-9.76,107.36,-48.8,-63.44,-9.76,102.48,414.8,-1024.8,-48.8,390.4
-82.96,-78.08,4.88,82.96,-43.92,-39.04,-14.64,97.6,419.68,-1029.68,-48.8,370.88
-68.32,-68.32,0,68.32,-34.16,-34.16,4.88,112.24,419.68,-1024.8,-39.04,361.12
-97.6,-92.72,4.88,97.6,-53.68,-43.92,29.28,122,424.56,-1019.92,-39.04,351.36
-78.08,-78.08,0,78.08,-39.04,-39.04,24.4,126.88,419.68,-1015.04,-29.28,336.72
-48.8,-43.92,4.88,48.8,-29.28,-19.52,0,131.76,429.44,-1010.16,-24.4,356.24
-43.92,-48.8,-4.88,48.8,-19.52,-29.28,-24.4,146.4,444.08,-1005.28,-24.4,351.36
-43.92,-39.04,4.88,43.92,-24.4,-19.52,14.64,141.52,444.08,-1000.4,-29.28,356.24
-58.56,-58.56,0,58.56,-29.28,-29.28,4.88,146.4,448.96,-1000.4,-34.16,375.76
-68.32,-73.2,-4.88,73.2,-34.16,-39.04,4.88,136.64,444.08,-1019.92,-39.04,370.88
-78.08,-82.96,-4.88,82.96,-39.04,-43.92,-19.52,131.76,444.08,-1015.04,-34.16,380.64
-73.2,-78.08,-4.88,78.08,-34.16,-43.92,-43.92,131.76,448.96,-1015.04,-19.52,366
-48.8,-68.32,-19.52,58.56,-14.64,-43.92,-14.64,131.76,453.84,-1010.16,-19.52,380.64
-34.16,-48.8,-14.64,43.92,-9.76,-34.16,4.88,141.52,448.96,-1010.16,-29.28,385.52
-9.76,-43.92,-34.16,29.28,9.76,-39.04,-29.28,136.64,444.08,-1019.92,-24.4,375.76
-9.76,-39.04,-29.28,24.4,9.76,-34.16,-39.04,136.64,463.6,-1010.16,-9.76,380.64
-53.68,-58.56,-4.88,58.56,-24.4,-34.16,-39.04,136.64,468.48,-1015.04,-4.88,409.92
-63.44,-63.44,0,63.44,-34.16,-34.16,-58.56,131.76,458.72,-1024.8,-14.64,429.44
-43.92,-63.44,-19.52,53.68,-14.64,-43.92,-39.04,112.24,444.08,-1024.8,-19.52,439.2
-53.68,-78.08,-24.4,68.32,-14.64,-53.68,-34.16,112.24,458.72,-1039.44,-24.4,448.96
-39.04,-63.44,-24.4,53.68,-9.76,-43.92,-63.44,107.36,448.96,-1054.08,-29.28,444.08
-63.44,-68.32,-4.88,68.32,-29.28,-39.04,-53.68,102.48,439.2,-1054.08,-19.52,458.72
-58.56,-73.2,-14.64,68.32,-24.4,-43.92,-73.2,102.48,444.08,-1054.08,-14.64,468.48
-29.28,-53.68,-24.4,43.92,-4.88,-39.04,-53.68,102.48,444.08,-1054.08,-19.52,458.72
-9.76,-39.04,-29.28,24.4,9.76,-34.16,-53.68,117.12,444.08,-1058.96,-9.76,473.36
-4.88,-39.04,-34.16,24.4,14.64,-39.04,-73.2,112.24,439.2,-1058.96,0,473.36
14.64,-24.4,-39.04,4.88,24.4,-34.16,-58.56,112.24,458.72,-1063.84,4.88,468.48
9.76,-9.76,-19.52,0,14.64,-14.64,-34.16,112.24,448.96,-1073.6,0,478.24
0,-39.04,-39.04,19.52,19.52,-39.04,-73.2,112.24,448.96,-1083.36,0,483.12
-14.64,-43.92,-29.28,29.28,4.88,-39.04,-68.32,112.24,453.84,-1088.24,-4.88,497.76
-58.56,-53.68,4.88,58.56,-34.16,-24.4,-87.84,107.36,458.72,-1102.88,-14.64,497.76
-43.92,-48.8,-4.88,48.8,-19.52,-29.28,-78.08,107.36,453.84,-1098,-9.76,502.64
-29.28,-24.4,4.88,29.28,-19.52,-9.76,-58.56,107.36,453.84,-1098,-14.64,512.4
-29.28,-24.4,4.88,29.28,-19.52,-9.76,-92.72,97.6,458.72,-1112.64,-19.52,502.64
4.88,-19.52,-24.4,9.76,14.64,-24.4,-87.84,107.36,468.48,-1102.88,-4.88,531.92
-19.52,-39.04,-19.52,29.28,0,-29.28,-78.08,97.6,444.08,-1112.64,-9.76,527.04
-29.28,-48.8,-19.52,39.04,-4.88,-34.16,-87.84,92.72,444.08,-1127.28,-14.64,531.92
-34.16,-73.2,-39.04,53.68,0,-58.56,-78.08,92.72,444.08,-1127.28,-9.76,546.56
-19.52,-63.44,-43.92,43.92,9.76,-53.68,-97.6,107.36,434.32,-1122.4,-14.64,551.44
-24.4,-63.44,-39.04,43.92,4.88,-53.68,-112.24,97.6,439.2,-1122.4,-4.88,561.2
-39.04,-73.2,-34.16,58.56,-4.88,-53.68,-87.84,78.08,434.32,-1127.28,-14.64,575.84
-29.28,-68.32,-39.04,48.8,4.88,-53.68,-126.88,63.44,424.56,-1127.28,-9.76,595.36
-43.92,-78.08,-34.16,63.44,-4.88,-58.56,-117.12,53.68,429.44,-1137.04,-24.4,619.76
-53.68,-78.08,-24.4,68.32,-14.64,-53.68,-73.2,53.68,434.32,-1146.8,-34.16,624.64
-19.52,-34.16,-14.64,29.28,-4.88,-24.4,-58.56,48.8,429.44,-1141.92,-19.52,619.76
-9.76,-24.4,-14.64,19.52,0,-19.52,-102.48,34.16,424.56,-1137.04,-14.64,619.76
-19.52,-48.8,-29.28,34.16,4.88,-39.04,-117.12,34.16,429.44,-1151.68,-14.64,595.36
-14.64,-43.92,-29.28,29.28,4.88,-39.04,-131.76,29.28,424.56,-1146.8,-9.76,605.12
-39.04,-63.44,-24.4,53.68,-9.76,-43.92,-122,9.76,414.8,-1161.44,-24.4,590.48
-48.8,-78.08,-29.28,63.44,-9.76,-53.68,-112.24,0,409.92,-1171.2,-24.4,580.72
-43.92,-68.32,-24.4,58.56,-9.76,-48.8,-107.36,9.76,414.8,-1166.32,-19.52,600.24
-48.8,-78.08,-29.28,63.44,-9.76,-53.68,-87.84,0,400.16,-1171.2,-24.4,614.88
-34.16,-58.56,-24.4,48.8,-4.88,-43.92,-97.6,-4.88,414.8,-1171.2,-29.28,639.28
-43.92,-68.32,-24.4,58.56,-9.76,-48.8,-82.96,0,419.68,-1176.08,-24.4,610
-34.16,-53.68,-19.52,43.92,-9.76,-39.04,-63.44,0,400.16,-1171.2,-19.52,614.88
-19.52,-43.92,-24.4,34.16,0,-34.16,-58.56,-9.76,409.92,-1171.2,-19.52,639.28
0,-14.64,-14.64,9.76,4.88,-14.64,-63.44,4.88,429.44,-1156.56,-14.64,668.56
-24.4,-19.52,4.88,24.4,-14.64,-9.76,-63.44,4.88,419.68,-1166.32,-14.64,649.04
-24.4,-53.68,-29.28,39.04,0,-43.92,-92.72,-9.76,390.4,-1185.84,-34.16,624.64
-14.64,-48.8,-34.16,34.16,9.76,-43.92,-92.72,-29.28,385.52,-1205.36,-39.04,614.88
-58.56,-68.32,-9.76,63.44,-24.4,-39.04,-107.36,-14.64,385.52,-1195.6,-34.16,634.4
-53.68,-82.96,-29.28,68.32,-14.64,-58.56,-122,-29.28,366,-1205.36,-43.92,639.28
-68.32,-97.6,-29.28,82.96,-19.52,-63.44,-107.36,-34.16,370.88,-1195.6,-43.92,658.8
-78.08,-53.68,24.4,68.32,-53.68,-14.64,-63.44,4.88,409.92,-1171.2,-19.52,707.6
-68.32,-53.68,14.64,63.44,-43.92,-19.52,-63.44,9.76,405.04,-1171.2,-24.4,736.88
-78.08,-82.96,-4.88,82.96,-39.04,-43.92,-63.44,9.76,390.4,-1180.96,-34.16,751.52
-68.32,-68.32,0,68.32,-34.16,-34.16,-43.92,4.88,385.52,-1180.96,-39.04,766.16
-82.96,-82.96,0,82.96,-43.92,-43.92,-39.04,-4.88,390.4,-1185.84,-39.04,761.28
-122,-107.36,14.64,117.12,-68.32,-48.8,-29.28,-9.76,370.88,-1195.6,-48.8,780.8
-117.12,-112.24,4.88,117.12,-63.44,-53.68,-78.08,-9.76,380.64,-1200.48,-53.68,785.68
-63.44,-63.44,0,63.44,-34.16,-34.16,-87.84,4.88,385.52,-1185.84,-29.28,805.2
-43.92,-48.8,-4.88,48.8,-19.52,-29.28,-78.08,4.88,385.52,-1176.08,-29.28,824.72
-29.28,-39.04,-9.76,34.16,-9.76,-24.4,-68.32,9.76,380.64,-1176.08,-34.16,834.48
-24.4,-43.92,-19.52,34.16,-4.88,-34.16,-78.08,0,375.76,-1176.08,-29.28,863.76
-48.8,-53.68,-4.88,53.68,-24.4,-29.28,-87.84,-4.88,366,-1180.96,-39.04,854
-58.56,-63.44,-4.88,63.44,-29.28,-34.16,-73.2,0,361.12,-1180.96,-48.8,854
-48.8,-48.8,0,48.8,-24.4,-24.4,-43.92,14.64,400.16,-1166.32,-34.16,893.04
-43.92,-58.56,-14.64,53.68,-14.64,-39.04,-73.2,9.76,395.28,-1161.44,-29.28,907.68
-39.04,-58.56,-19.52,48.8,-9.76,-39.04,-87.84,24.4,380.64,-1161.44,-24.4,956.48
-48.8,-78.08,-29.28,63.44,-9.76,-53.68,-97.6,14.64,380.64,-1156.56,-29.28,932.08
-68.32,-92.72,-24.4,82.96,-24.4,-58.56,-73.2,-14.64,366,-1185.84,-43.92,912.56
-53.68,-73.2,-19.52,63.44,-19.52,-48.8,-82.96,-9.76,366,-1180.96,-43.92,902.8
-43.92,-53.68,-9.76,48.8,-19.52,-34.16,-102.48,19.52,370.88,-1176.08,-43.92,902.8
-43.92,-58.56,-14.64,53.68,-14.64,-39.04,-92.72,14.64,370.88,-1166.32,-39.04,897.92
-34.16,-58.56,-24.4,48.8,-4.88,-43.92,-78.08,14.64,366,-1166.32,-34.16,883.28
-43.92,-63.44,-19.52,53.68,-14.64,-43.92,-78.08,0,366,-1166.32,-39.04,883.28
-24.4,-53.68,-29.28,39.04,0,-43.92,-82.96,0,361.12,-1171.2,-34.16,883.28
-4.88,-39.04,-34.16,24.4,14.64,-39.04,-87.84,9.76,390.4,-1161.44,-14.64,897.92
-29.28,-58.56,-29.28,43.92,0,-43.92,-117.12,19.52,385.52,-1161.44,-14.64,897.92
-34.16,-82.96,-48.8,58.56,4.88,-68.32,-87.84,4.88,370.88,-1171.2,-34.16,917.44
-43.92,-92.72,-48.8,68.32,0,-73.2,-117.12,-9.76,361.12,-1171.2,-48.8,917.44
-39.04,-87.84,-48.8,63.44,4.88,-68.32,-112.24,-9.76,356.24,-1180.96,-48.8,893.04
14.64,-48.8,-63.44,19.52,39.04,-58.56,-87.84,14.64,380.64,-1156.56,-24.4,897.92
-4.88,-68.32,-63.44,39.04,29.28,-68.32,-78.08,19.52,395.28,-1161.44,-29.28,917.44
0,-63.44,-63.44,34.16,29.28,-63.44,-97.6,19.52,375.76,-1161.44,-24.4,893.04
24.4,-43.92,-68.32,9.76,43.92,-58.56,-97.6,39.04,380.64,-1151.68,-19.52,888.16
0,-68.32,-68.32,34.16,34.16,-68.32,-78.08,34.16,380.64,-1151.68,-24.4,893.04
0,-58.56,-58.56,29.28,29.28,-58.56,-112.24,34.16,375.76,-1156.56,-29.28,883.28
14.64,-14.64,-29.28,0,19.52,-24.4,-107.36,48.8,370.88,-1146.8,-29.28,902.8
39.04,9.76,-29.28,-24.4,34.16,-9.76,-82.96,63.44,390.4,-1141.92,-14.64,922.32
48.8,-19.52,-68.32,-14.64,58.56,-43.92,-87.84,68.32,409.92,-1122.4,-4.88,936.96
24.4,-24.4,-48.8,0,34.16,-39.04,-87.84,53.68,395.28,-1127.28,-19.52,936.96
19.52,-29.28,-48.8,4.88,34.16,-39.04,-92.72,43.92,380.64,-1146.8,-24.4,946.72
9.76,-43.92,-53.68,19.52,29.28,-48.8,-92.72,48.8,370.88,-1137.04,-14.64,956.48
0,-63.44,-63.44,34.16,29.28,-63.44,-97.6,39.04,361.12,-1146.8,-34.16,936.96
9.76,-48.8,-58.56,19.52,34.16,-53.68,-126.88,43.92,351.36,-1141.92,-19.52,936.96
-4.88,-58.56,-53.68,34.16,24.4,-58.56,-141.52,39.04,356.24,-1141.92,-29.28,951.6
-19.52,-73.2,-53.68,48.8,14.64,-63.44,-126.88,29.28,351.36,-1146.8,-34.16,946.72
-9.76,-73.2,-63.44,43.92,24.4,-68.32,-131.76,39.04,336.72,-1146.8,-29.28,946.72
0,-48.8,-48.8,24.4,24.4,-48.8,-141.52,34.16,346.48,-1137.04,-34.16,951.6
29.28,-19.52,-48.8,-4.88,39.04,-34.16,-156.16,39.04,356.24,-1122.4,-19.52,961.36
34.16,-9.76,-43.92,-9.76,39.04,-29.28,-151.28,48.8,356.24,-1117.52,-24.4,971.12
19.52,-48.8,-68.32,14.64,43.92,-58.56,-151.28,53.68,346.48,-1117.52,-34.16,985.76
19.52,-68.32,-87.84,24.4,53.68,-78.08,-136.64,48.8,361.12,-1117.52,-24.4,1005.28
29.28,-48.8,-78.08,9.76,53.68,-63.44,-170.8,39.04,351.36,-1127.28,-43.92,966.24
0,-58.56,-58.56,29.28,29.28,-58.56,-122,29.28,326.96,-1132.16,-58.56,922.32
0,-68.32,-68.32,34.16,34.16,-68.32,-97.6,14.64,326.96,-1132.16,-58.56,927.2
14.64,-63.44,-78.08,24.4,43.92,-73.2,-136.64,24.4,336.72,-1127.28,-53.68,927.2
24.4,-34.16,-58.56,4.88,39.04,-48.8,-141.52,29.28,322.08,-1122.4,-48.8,912.56
14.64,-48.8,-63.44,19.52,39.04,-58.56,-126.88,34.16,336.72,-1112.64,-39.04,912.56
0,-68.32,-68.32,34.16,34.16,-68.32,-141.52,14.64,326.96,-1122.4,-58.56,907.68
-9.76,-82.96,-73.2,48.8,29.28,-78.08,-117.12,9.76,326.96,-1127.28,-63.44,932.08
-9.76,-78.08,-68.32,43.92,29.28,-73.2,-63.44,14.64,341.6,-1122.4,-48.8,946.72
-14.64,-68.32,-53.68,43.92,19.52,-63.44,-102.48,24.4,326.96,-1132.16,-63.44,922.32
-4.88,-39.04,-34.16,24.4,14.64,-39.04,-117.12,39.04,336.72,-1117.52,-53.68,951.6
-4.88,-53.68,-48.8,29.28,19.52,-53.68,-107.36,34.16,346.48,-1093.12,-43.92,980.88
-4.88,-68.32,-63.44,39.04,29.28,-68.32,-73.2,34.16,356.24,-1098,-43.92,980.88
-19.52,-92.72,-73.2,58.56,24.4,-82.96,-102.48,34.16,341.6,-1102.88,-53.68,976
-4.88,-78.08,-73.2,43.92,34.16,-78.08,-117.12,24.4,331.84,-1112.64,-63.44,961.36
4.88,-68.32,-73.2,34.16,39.04,-73.2,-136.64,24.4,331.84,-1112.64,-58.56,966.24
-14.64,-87.84,-73.2,53.68,29.28,-82.96,-146.4,29.28,326.96,-1112.64,-58.56,976
-34.16,-102.48,-68.32,68.32,14.64,-87.84,-146.4,19.52,326.96,-1112.64,-68.32,971.12
-34.16,-107.36,-73.2,73.2,19.52,-92.72,-117.12,14.64,331.84,-1102.88,-63.44,995.52
-34.16,-87.84,-53.68,63.44,9.76,-73.2,-92.72,43.92,341.6,-1088.24,-53.68,1019.92
-19.52,-82.96,-63.44,53.68,19.52,-73.2,-126.88,58.56,346.48,-1083.36,-53.68,1039.44
0,-68.32,-68.32,34.16,34.16,-68.32,-102.48,43.92,366,-1073.6,-48.8,1058.96
-4.88,-73.2,-68.32,39.04,29.28,-73.2,-97.6,43.92,356.24,-1073.6,-53.68,1054.08
-19.52,-92.72,-73.2,58.56,24.4,-82.96,-97.6,39.04,346.48,-1088.24,-63.44,1049.2
-43.92,-112.24,-68.32,78.08,9.76,-92.72,-112.24,19.52,331.84,-1093.12,-73.2,1044.32
-24.4,-82.96,-58.56,53.68,14.64,-73.2,-126.88,9.76,331.84,-1083.36,-63.44,1029.68
14.64,-53.68,-68.32,19.52,39.04,-63.44,-92.72,29.28,351.36,-1063.84,-39.04,1054.08
14.64,-48.8,-63.44,19.52,39.04,-58.56,-97.6,29.28,351.36,-1058.96,-39.04,1073.6
24.4,-39.04,-63.44,9.76,43.92,-53.68,-151.28,29.28,346.48,-1054.08,-43.92,1054.08
-9.76,-82.96,-73.2,48.8,29.28,-78.08,-141.52,34.16,356.24,-1049.2,-48.8,1058.96
-9.76,-73.2,-63.44,43.92,24.4,-68.32,-102.48,24.4,361.12,-1058.96,-53.68,1063.84
0,-73.2,-73.2,39.04,34.16,-73.2,-126.88,24.4,366,-1049.2,-58.56,1083.36
-19.52,-87.84,-68.32,53.68,24.4,-78.08,-117.12,19.52,361.12,-1049.2,-58.56,1122.4
-34.16,-117.12,-82.96,78.08,24.4,-102.48,-107.36,24.4,380.64,-1044.32,-48.8,1078.48
-68.32,-146.4,-78.08,107.36,4.88,-112.24,-126.88,14.64,356.24,-1054.08,-63.44,1083.36
-14.64,-68.32,-53.68,43.92,19.52,-63.44,-107.36,4.88,346.48,-1054.08,-58.56,1093.12
14.64,-34.16,-48.8,9.76,29.28,-43.92,-87.84,29.28,370.88,-1024.8,-34.16,1107.76
4.88,-68.32,-73.2,34.16,39.04,-73.2,-102.48,29.28,375.76,-1019.92,-39.04,1093.12
-14.64,-73.2,-58.56,43.92,19.52,-68.32,-112.24,19.52,361.12,-1029.68,-48.8,1058.96
-9.76,-63.44,-53.68,39.04,19.52,-58.56,-107.36,9.76,366,-1034.56,-53.68,1054.08
0,-48.8,-48.8,24.4,24.4,-48.8,-97.6,9.76,380.64,-1024.8,-48.8,1058.96
-19.52,-73.2,-53.68,48.8,14.64,-63.44,-117.12,14.64,366,-1015.04,-43.92,1073.6
-19.52,-78.08,-58.56,48.8,19.52,-68.32,-102.48,29.28,375.76,-1010.16,-39.04,1083.36
-24.4,-107.36,-82.96,68.32,29.28,-97.6,-107.36,29.28,405.04,-1010.16,-39.04,1088.24
-34.16,-107.36,-73.2,73.2,19.52,-92.72,-97.6,34.16,419.68,-995.52,-29.28,1107.76
-29.28,-102.48,-73.2,68.32,19.52,-87.84,-92.72,34.16,405.04,-995.52,-34.16,1122.4
-43.92,-97.6,-53.68,73.2,4.88,-78.08,-92.72,29.28,414.8,-995.52,-39.04,1112.64
-4.88,-73.2,-68.32,39.04,29.28,-73.2,-87.84,14.64,390.4,-1005.28,-43.92,1093.12
29.28,-92.72,-122,34.16,73.2,-107.36,-131.76,0,370.88,-1015.04,-63.44,1088.24
14.64,-63.44,-78.08,24.4,43.92,-73.2,-146.4,19.52,390.4,-995.52,-39.04,1107.76
19.52,-48.8,-68.32,14.64,43.92,-58.56,-146.4,9.76,400.16,-985.76,-34.16,1102.88
-34.16,-97.6,-63.44,68.32,14.64,-82.96,-117.12,0,390.4,-985.76,-29.28,1112.64
-39.04,-92.72,-53.68,68.32,4.88,-73.2,-117.12,4.88,400.16,-985.76,-34.16,1127.28
-9.76,-68.32,-58.56,39.04,24.4,-63.44,-102.48,29.28,409.92,-971.12,-34.16,1127.28
-14.64,-63.44,-48.8,39.04,14.64,-58.56,-97.6,29.28,414.8,-961.36,-29.28,1137.04
-19.52,-63.44,-43.92,43.92,9.76,-53.68,-58.56,29.28,414.8,-961.36,-34.16,1141.92
-9.76,-53.68,-43.92,34.16,14.64,-48.8,-97.6,34.16,424.56,-956.48,-34.16,1151.68
-29.28,-48.8,-19.52,39.04,-4.88,-34.16,-92.72,53.68,424.56,-941.84,-24.4,1141.92
-14.64,-39.04,-24.4,29.28,4.88,-34.16,-102.48,53.68,429.44,-941.84,-19.52,1151.68
4.88,-24.4,-29.28,9.76,14.64,-29.28,-112.24,58.56,429.44,-941.84,-9.76,1171.2
-9.76,-34.16,-24.4,24.4,4.88,-29.28,-107.36,58.56,434.32,-932.08,-19.52,1137.04
-29.28,-58.56,-29.28,43.92,0,-43.92,-117.12,39.04,444.08,-922.32,-19.52,1127.28
-29.28,-68.32,-39.04,48.8,4.88,-53.68,-136.64,34.16,448.96,-927.2,-24.4,1117.52
-9.76,-43.92,-34.16,29.28,9.76,-39.04,-141.52,43.92,468.48,-912.56,-9.76,1132.16
-4.88,-34.16,-29.28,19.52,9.76,-34.16,-131.76,68.32,492.88,-893.04,-4.88,1137.04
14.64,-29.28,-43.92,9.76,29.28,-39.04,-107.36,131.76,551.44,-854,14.64,1137.04
58.56,4.88,-53.68,-29.28,53.68,-24.4,-48.8,263.52,668.56,-810.08,39.04,1171.2
117.12,48.8,-68.32,-82.96,92.72,-9.76,-9.76,483.12,834.48,-727.12,87.84,1220
131.76,48.8,-82.96,-87.84,107.36,-19.52,73.2,727.12,1015.04,-644.16,126.88,1224.88
136.64,24.4,-112.24,-78.08,122,-43.92,151.28,844.24,1058.96,-614.88,131.76,1215.12
141.52,14.64,-126.88,-78.08,131.76,-58.56,112.24,707.6,927.2,-668.56,102.48,1200.48
136.64,0,-136.64,-68.32,136.64,-68.32,63.44,409.92,741.76,-722.24,82.96,1205.36
156.16,0,-156.16,-78.08,156.16,-78.08,-29.28,24.4,483.12,-795.44,58.56,1180.96
190.32,4.88,-185.44,-97.6,185.44,-92.72,-214.72,-414.8,200.08,-883.28,34.16,1146.8
209.84,-24.4,-234.24,-92.72,219.6,-131.76,-322.08,-732,24.4,-883.28,58.56,1180.96
248.88,-24.4,-273.28,-112.24,258.64,-151.28,-419.68,-1015.04,-136.64,-883.28,92.72,1220
326.96,34.16,-292.8,-180.56,307.44,-131.76,-522.16,-1273.68,-253.76,-834.48,180.56,1293.2
405.04,92.72,-312.32,-248.88,356.24,-112.24,-649.04,-1537.2,-370.88,-761.28,283.04,1381.04
453.84,156.16,-297.68,-302.56,375.76,-73.2,-785.68,-1747.04,-468.48,-668.56,429.44,1493.28
512.4,209.84,-302.56,-361.12,405.04,-48.8,-897.92,-1986.16,-610,-610,551.44,1605.52
536.8,244,-292.8,-390.4,414.8,-24.4,-1039.44,-2264.32,-790.56,-605.12,624.64,1703.12
541.68,297.68,-244,-419.68,390.4,24.4,-1146.8,-2430.24,-902.8,-556.32,736.88,1795.84
561.2,409.92,-151.28,-483.12,356.24,126.88,-1171.2,-2527.84,-961.36,-492.88,858.88,1917.84
575.84,517.28,-58.56,-546.56,317.2,229.36,-1200.48,-2664.48,-1019.92,-414.8,1005.28,2083.76
595.36,717.36,122,-653.92,234.24,419.68,-1283.44,-2742.56,-1044.32,-326.96,1151.68,2235.04
434.32,819.84,385.52,-624.64,24.4,600.24,-1327.36,-2752.32,-1063.84,-307.44,1215.12,2347.28
258.64,858.88,600.24,-556.32,-170.8,727.12,-1332.24,-2796.24,-1146.8,-439.2,1146.8,2425.36
122,854,732,-488,-307.44,790.56,-1346.88,-2801.12,-1249.28,-658.8,976,2425.36
-9.76,854,863.76,-419.68,-439.2,858.88,-1346.88,-2786.48,-1366.4,-932.08,790.56,2342.4
-48.8,883.28,932.08,-414.8,-492.88,907.68,-1327.36,-2737.68,-1444.48,-1171.2,605.12,2283.84
-126.88,878.4,1005.28,-375.76,-566.08,941.84,-1278.56,-2635.2,-1459.12,-1317.6,473.36,2225.28
-185.44,858.88,1044.32,-336.72,-614.88,951.6,-1205.36,-2440,-1395.68,-1410.32,366,2147.2
-200.08,893.04,1093.12,-346.48,-649.04,990.64,-1151.68,-2220.4,-1249.28,-1410.32,322.08,2122.8
-200.08,883.28,1083.36,-341.6,-644.16,980.88,-1098,-2020.32,-1117.52,-1381.04,287.92,2083.76
-165.92,854,1019.92,-341.6,-595.36,936.96,-1000.4,-1820.24,-985.76,-1390.8,219.6,1981.28
-151.28,805.2,956.48,-326.96,-556.32,878.4,-912.56,-1610.4,-844.24,-1356.64,175.68,1912.96
-180.56,727.12,907.68,-273.28,-546.56,814.96,-844.24,-1385.92,-663.68,-1293.2,156.16,1864.16
-204.96,668.56,873.52,-229.36,-541.68,771.04,-727.12,-1220,-546.56,-1263.92,107.36,1776.32
-185.44,644.16,829.6,-229.36,-507.52,736.88,-619.76,-1063.84,-414.8,-1244.4,58.56,1678.72
-180.56,570.96,751.52,-195.2,-468.48,658.8,-575.84,-941.84,-322.08,-1229.76,9.76,1600.64
-175.68,492.88,668.56,-156.16,-424.56,580.72,-497.76,-829.6,-229.36,-1210.24,-29.28,1537.2
-146.4,468.48,614.88,-161.04,-380.64,541.68,-434.32,-722.24,-146.4,-1185.84,-68.32,1493.28
-175.68,385.52,561.2,-102.48,-370.88,473.36,-385.52,-610,-82.96,-1171.2,-102.48,1415.2
-146.4,302.56,448.96,-78.08,-297.68,375.76,-317.2,-497.76,9.76,-1127.28,-112.24,1361.52
-156.16,253.76,409.92,-48.8,-283.04,331.84,-248.88,-419.68,53.68,-1122.4,-141.52,1288.32
-151.28,200.08,351.36,-24.4,-253.76,273.28,-175.68,-346.48,102.48,-1112.64,-165.92,1220
-141.52,126.88,268.4,9.76,-204.96,195.2,-175.68,-283.04,161.04,-1073.6,-170.8,1195.6
-146.4,63.44,209.84,43.92,-180.56,136.64,-122,-219.6,214.72,-1049.2,-161.04,1156.56
-122,24.4,146.4,48.8,-136.64,82.96,-92.72,-136.64,287.92,-1000.4,-136.64,1137.04
-87.84,-4.88,82.96,48.8,-87.84,39.04,-58.56,-68.32,317.2,-966.24,-131.76,1137.04
-92.72,-24.4,68.32,58.56,-82.96,19.52,14.64,-29.28,331.84,-951.6,-131.76,1112.64
-87.84,-24.4,63.44,58.56,-78.08,19.52,4.88,-43.92,356.24,-922.32,-131.76,1107.76
-87.84,-43.92,43.92,68.32,-68.32,0,-4.88,-9.76,375.76,-912.56,-126.88,1098
-82.96,-68.32,14.64,78.08,-48.8,-29.28,-24.4,0,375.76,-897.92,-136.64,1088.24
-29.28,-39.04,-9.76,34.16,-9.76,-24.4,68.32,29.28,409.92,-849.12,-112.24,1107.76
-24.4,-48.8,-24.4,39.04,0,-39.04,87.84,39.04,424.56,-844.24,-117.12,1098
-29.28,-73.2,-43.92,53.68,4.88,-58.56,0,14.64,405.04,-854,-136.64,1063.84
-24.4,-87.84,-63.44,58.56,19.52,-78.08,0,0,400.16,-849.12,-126.88,1054.08
-53.68,-92.72,-39.04,73.2,-9.76,-68.32,19.52,4.88,419.68,-839.36,-107.36,1054.08
-63.44,-87.84,-24.4,78.08,-19.52,-58.56,0,4.88,419.68,-834.48,-122,1054.08
-63.44,-97.6,-34.16,82.96,-14.64,-68.32,-14.64,-4.88,409.92,-839.36,-126.88,1054.08
-43.92,-87.84,-43.92,68.32,0,-68.32,4.88,14.64,424.56,-814.96,-112.24,1073.6
-53.68,-97.6,-43.92,78.08,-4.88,-73.2,29.28,14.64,444.08,-814.96,-112.24,1083.36
-48.8,-87.84,-39.04,68.32,-4.88,-63.44,39.04,9.76,448.96,-819.84,-122,1068.72
-48.8,-87.84,-39.04,68.32,-4.88,-63.44,29.28,-4.88,444.08,-814.96,-126.88,1093.12
-43.92,-82.96,-39.04,63.44,-4.88,-63.44,29.28,-9.76,424.56,-819.84,-146.4,1054.08
-48.8,-82.96,-34.16,68.32,-9.76,-58.56,39.04,-4.88,434.32,-810.08,-141.52,1029.68
-48.8,-87.84,-39.04,68.32,-4.88,-63.44,34.16,4.88,429.44,-805.2,-136.64,1029.68
-68.32,-122,-53.68,97.6,-9.76,-87.84,19.52,-4.88,424.56,-805.2,-131.76,1000.4
-63.44,-117.12,-53.68,92.72,-4.88,-87.84,29.28,-9.76,424.56,-805.2,-131.76,1019.92
-53.68,-102.48,-48.8,78.08,-4.88,-78.08,29.28,4.88,439.2,-795.44,-122,1005.28
-58.56,-102.48,-43.92,82.96,-9.76,-73.2,19.52,4.88,434.32,-790.56,-126.88,985.76
-63.44,-107.36,-43.92,87.84,-9.76,-78.08,53.68,19.52,444.08,-775.92,-117.12,985.76
-48.8,-97.6,-48.8,73.2,0,-73.2,24.4,29.28,448.96,-771.04,-122,985.76
-48.8,-107.36,-58.56,78.08,4.88,-82.96,34.16,53.68,463.6,-756.4,-117.12,995.52
-53.68,-126.88,-73.2,92.72,9.76,-102.48,48.8,53.68,473.36,-746.64,-117.12,1005.28
-63.44,-126.88,-63.44,97.6,0,-97.6,73.2,39.04,448.96,-756.4,-126.88,995.52
-58.56,-102.48,-43.92,82.96,-9.76,-73.2,73.2,43.92,444.08,-746.64,-126.88,985.76
-73.2,-117.12,-43.92,97.6,-14.64,-82.96,48.8,43.92,439.2,-751.52,-122,976
-73.2,-117.12,-43.92,97.6,-14.64,-82.96,73.2,48.8,439.2,-751.52,-136.64,966.24
-58.56,-107.36,-48.8,82.96,-4.88,-78.08,87.84,58.56,453.84,-736.88,-131.76,980.88
-53.68,-102.48,-48.8,78.08,-4.88,-78.08,58.56,58.56,458.72,-717.36,-126.88,966.24
-53.68,-97.6,-43.92,78.08,-4.88,-73.2,53.68,63.44,458.72,-707.6,-122,961.36
-73.2,-107.36,-34.16,92.72,-19.52,-73.2,92.72,63.44,458.72,-697.84,-117.12,976
-73.2,-122,-48.8,97.6,-14.64,-87.84,146.4,53.68,444.08,-702.72,-126.88,966.24
-78.08,-126.88,-48.8,102.48,-14.64,-87.84,102.48,73.2,463.6,-688.08,-136.64,961.36
-107.36,-131.76,-24.4,122,-43.92,-78.08,112.24,97.6,478.24,-673.44,-122,976
-53.68,-97.6,-43.92,78.08,-4.88,-73.2,112.24,107.36,468.48,-663.68,-126.88,980.88
-82.96,-102.48,-19.52,92.72,-34.16,-63.44,122,107.36,483.12,-653.92,-122,1000.4
-117.12,-117.12,0,117.12,-58.56,-58.56,117.12,102.48,488,-649.04,-131.76,990.64
-117.12,-112.24,4.88,117.12,-63.44,-53.68,112.24,112.24,492.88,-644.16,-126.88,995.52
-131.76,-141.52,-9.76,136.64,-63.44,-78.08,97.6,102.48,492.88,-649.04,-136.64,1010.16
-117.12,-151.28,-34.16,136.64,-43.92,-92.72,68.32,92.72,512.4,-649.04,-141.52,990.64
-97.6,-102.48,-4.88,102.48,-48.8,-53.68,102.48,126.88,527.04,-619.76,-126.88,980.88
-68.32,-73.2,-4.88,73.2,-34.16,-39.04,97.6,146.4,527.04,-600.24,-112.24,1000.4
-73.2,-97.6,-24.4,87.84,-24.4,-63.44,92.72,136.64,507.52,-610,-122,995.52
-107.36,-126.88,-19.52,117.12,-43.92,-73.2,180.56,156.16,527.04,-605.12,-117.12,1005.28
-131.76,-136.64,-4.88,136.64,-63.44,-73.2,161.04,151.28,522.16,-610,-122,976
-122,-117.12,4.88,122,-63.44,-58.56,112.24,151.28,531.92,-614.88,-122,956.48
-107.36,-92.72,14.64,102.48,-63.44,-39.04,102.48,156.16,566.08,-614.88,-122,951.6
-112.24,-97.6,14.64,107.36,-63.44,-43.92,122,165.92,561.2,-610,-117.12,941.84
-117.12,-112.24,4.88,117.12,-63.44,-53.68,122,175.68,546.56,-610,-126.88,912.56
-146.4,-161.04,-14.64,156.16,-68.32,-87.84,126.88,180.56,556.32,-610,-126.88,878.4
-180.56,-190.32,-9.76,185.44,-87.84,-102.48,126.88,165.92,541.68,-619.76,-136.64,839.36
-151.28,-156.16,-4.88,156.16,-73.2,-82.96,146.4,170.8,536.8,-619.76,-141.52,814.96
-97.6,-102.48,-4.88,102.48,-48.8,-53.68,161.04,180.56,541.68,-619.76,-136.64,775.92
-73.2,-97.6,-24.4,87.84,-24.4,-63.44,151.28,190.32,561.2,-614.88,-126.88,771.04
-73.2,-97.6,-24.4,87.84,-24.4,-63.44,122,190.32,566.08,-605.12,-122,746.64
-73.2,-92.72,-19.52,82.96,-29.28,-58.56,126.88,180.56,551.44,-610,-122,707.6
-43.92,-78.08,-34.16,63.44,-4.88,-58.56,126.88,195.2,566.08,-590.48,-107.36,707.6
-43.92,-78.08,-34.16,63.44,-4.88,-58.56,165.92,200.08,570.96,-575.84,-102.48,697.84
-68.32,-97.6,-29.28,82.96,-19.52,-63.44,122,209.84,585.6,-585.6,-107.36,673.44
-73.2,-112.24,-39.04,92.72,-19.52,-78.08,126.88,214.72,575.84,-580.72,-117.12,658.8
-63.44,-112.24,-48.8,87.84,-9.76,-82.96,126.88,229.36,561.2,-575.84,-117.12,649.04
-43.92,-102.48,-58.56,73.2,4.88,-82.96,122,234.24,561.2,-561.2,-117.12,663.68
-48.8,-102.48,-53.68,78.08,0,-78.08,102.48,224.48,551.44,-566.08,-126.88,649.04
-68.32,-112.24,-43.92,92.72,-14.64,-78.08,107.36,229.36,566.08,-561.2,-117.12,634.4
-53.68,-112.24,-58.56,82.96,0,-87.84,117.12,229.36,556.32,-551.44,-112.24,649.04
-34.16,-92.72,-58.56,63.44,9.76,-78.08,141.52,239.12,585.6,-531.92,-102.48,653.92
-34.16,-92.72,-58.56,63.44,9.76,-78.08,190.32,253.76,595.36,-522.16,-82.96,668.56
-53.68,-126.88,-73.2,92.72,9.76,-102.48,165.92,253.76,595.36,-531.92,-97.6,702.72
-58.56,-126.88,-68.32,92.72,4.88,-97.6,151.28,244,595.36,-522.16,-102.48,707.6
-48.8,-126.88,-78.08,87.84,14.64,-102.48,136.64,239.12,590.48,-527.04,-102.48,722.24
-19.52,-102.48,-82.96,63.44,29.28,-92.72,141.52,248.88,600.24,-512.4,-107.36,736.88
0,-73.2,-73.2,39.04,34.16,-73.2,175.68,268.4,605.12,-502.64,-97.6,746.64
-14.64,-78.08,-63.44,48.8,24.4,-73.2,195.2,258.64,600.24,-507.52,-107.36,751.52
-29.28,-97.6,-68.32,63.44,19.52,-82.96,180.56,258.64,580.72,-517.28,-107.36,746.64
-48.8,-107.36,-58.56,78.08,4.88,-82.96,151.28,234.24,566.08,-517.28,-122,751.52
-34.16,-82.96,-48.8,58.56,4.88,-68.32,141.52,234.24,570.96,-512.4,-112.24,766.16
-14.64,-68.32,-53.68,43.92,19.52,-63.44,117.12,244,595.36,-502.64,-97.6,785.68
-19.52,-68.32,-48.8,43.92,14.64,-58.56,122,244,595.36,-497.76,-97.6,800.32
-24.4,-87.84,-63.44,58.56,19.52,-78.08,141.52,253.76,595.36,-483.12,-92.72,810.08
0,-73.2,-73.2,39.04,34.16,-73.2,136.64,253.76,590.48,-488,-78.08,805.2
0,-48.8,-48.8,24.4,24.4,-48.8,141.52,239.12,580.72,-483.12,-78.08,814.96
-29.28,-68.32,-39.04,48.8,4.88,-53.68,161.04,239.12,575.84,-478.24,-92.72,824.72
-34.16,-58.56,-24.4,48.8,-4.88,-43.92,141.52,219.6,561.2,-497.76,-97.6,829.6
-53.68,-73.2,-19.52,63.44,-19.52,-48.8,141.52,224.48,551.44,-492.88,-97.6,814.96
-43.92,-68.32,-24.4,58.56,-9.76,-48.8,131.76,204.96,536.8,-502.64,-102.48,805.2
-4.88,-39.04,-34.16,24.4,14.64,-39.04,141.52,204.96,536.8,-497.76,-87.84,805.2
-9.76,-53.68,-43.92,34.16,14.64,-48.8,146.4,204.96,531.92,-492.88,-92.72,829.6
-19.52,-63.44,-43.92,43.92,9.76,-53.68,161.04,180.56,531.92,-497.76,-87.84,849.12
9.76,-29.28,-39.04,9.76,24.4,-34.16,141.52,180.56,536.8,-483.12,-78.08,844.24
9.76,-24.4,-34.16,9.76,19.52,-29.28,146.4,170.8,536.8,-463.6,-73.2,868.64
4.88,-19.52,-24.4,9.76,14.64,-24.4,156.16,175.68,531.92,-463.6,-68.32,878.4
9.76,-14.64,-24.4,4.88,14.64,-19.52,161.04,170.8,527.04,-458.72,-78.08,873.52
-4.88,-29.28,-24.4,19.52,9.76,-29.28,141.52,165.92,517.28,-473.36,-87.84,883.28
-9.76,-29.28,-19.52,19.52,4.88,-24.4,97.6,161.04,512.4,-468.48,-82.96,878.4
-19.52,-34.16,-14.64,29.28,-4.88,-24.4,107.36,146.4,492.88,-468.48,-92.72,863.76
-19.52,-29.28,-9.76,24.4,-4.88,-19.52,97.6,141.52,488,-473.36,-78.08,858.88
-9.76,-29.28,-19.52,19.52,4.88,-24.4,87.84,136.64,502.64,-458.72,-68.32,888.16
4.88,4.88,0,-4.88,0,0,165.92,136.64,517.28,-448.96,-58.56,907.68
-4.88,-9.76,-4.88,9.76,0,-9.76,170.8,136.64,512.4,-448.96,-58.56,893.04
9.76,-4.88,-14.64,0,9.76,-9.76,112.24,136.64,502.64,-439.2,-48.8,912.56
9.76,-9.76,-19.52,0,14.64,-14.64,87.84,131.76,497.76,-424.56,-53.68,912.56
29.28,-4.88,-34.16,-9.76,29.28,-19.52,112.24,131.76,512.4,-405.04,-43.92,927.2
29.28,-9.76,-39.04,-9.76,34.16,-24.4,151.28,136.64,517.28,-400.16,-43.92,936.96
19.52,-9.76,-29.28,-4.88,24.4,-19.52,122,122,512.4,-409.92,-53.68,946.72
9.76,9.76,0,-9.76,4.88,4.88,151.28,126.88,522.16,-390.4,-39.04,976
-4.88,0,4.88,4.88,-4.88,0,165.92,131.76,541.68,-380.64,-14.64,1000.4
4.88,4.88,0,-4.88,0,0,146.4,126.88,536.8,-380.64,-9.76,980.88
19.52,14.64,-4.88,-14.64,9.76,4.88,136.64,126.88,541.68,-366,-14.64,976
19.52,9.76,-9.76,-14.64,14.64,0,122,126.88,541.68,-361.12,-14.64,971.12
24.4,9.76,-14.64,-14.64,19.52,-4.88,107.36,136.64,536.8,-346.48,-14.64,980.88
39.04,19.52,-19.52,-29.28,29.28,0,141.52,131.76,541.68,-341.6,-14.64,956.48
34.16,19.52,-14.64,-24.4,24.4,0,126.88,126.88,546.56,-326.96,-19.52,936.96
53.68,48.8,-4.88,-48.8,29.28,19.52,126.88,151.28,570.96,-302.56,0,951.6
19.52,14.64,-4.88,-14.64,9.76,4.88,126.88,146.4,566.08,-307.44,4.88,936.96
4.88,0,-4.88,0,4.88,-4.88,126.88,146.4,556.32,-307.44,-4.88,922.32
9.76,19.52,9.76,-14.64,0,14.64,146.4,146.4,566.08,-302.56,-9.76,927.2
14.64,34.16,19.52,-24.4,-4.88,24.4,151.28,131.76,570.96,-297.68,-9.76,932.08
19.52,19.52,0,-19.52,9.76,9.76,156.16,156.16,570.96,-287.92,-4.88,932.08
19.52,14.64,-4.88,-14.64,9.76,4.88,146.4,151.28,580.72,-283.04,4.88,922.32
34.16,29.28,-4.88,-29.28,19.52,9.76,97.6,136.64,575.84,-278.16,4.88,917.44
29.28,0,-29.28,-14.64,29.28,-14.64,102.48,141.52,575.84,-268.4,0,917.44
4.88,-24.4,-29.28,9.76,14.64,-29.28,146.4,131.76,570.96,-268.4,-4.88,893.04
14.64,-4.88,-19.52,-4.88,14.64,-14.64,122,131.76,570.96,-268.4,-9.76,868.64
19.52,14.64,-4.88,-14.64,9.76,4.88,156.16,141.52,556.32,-268.4,-24.4,863.76
-14.64,-34.16,-19.52,24.4,0,-29.28,122,117.12,561.2,-273.28,-29.28,878.4
-29.28,-48.8,-19.52,39.04,-4.88,-34.16,107.36,107.36,561.2,-268.4,-29.28,878.4
-48.8,-53.68,-4.88,53.68,-24.4,-29.28,117.12,97.6,551.44,-278.16,-43.92,863.76
-19.52,-29.28,-9.76,24.4,-4.88,-19.52,122,107.36,556.32,-273.28,-34.16,858.88
9.76,14.64,4.88,-9.76,0,9.76,117.12,117.12,561.2,-253.76,-24.4,873.52
0,-4.88,-4.88,4.88,0,-4.88,117.12,102.48,551.44,-263.52,-34.16,844.24
14.64,-29.28,-43.92,9.76,29.28,-39.04,161.04,112.24,556.32,-248.88,-29.28,854
4.88,-34.16,-39.04,14.64,19.52,-39.04,136.64,107.36,561.2,-244,-29.28,873.52
14.64,-39.04,-53.68,14.64,34.16,-48.8,102.48,102.48,541.68,-258.64,-39.04,854
-14.64,-29.28,-14.64,24.4,0,-24.4,97.6,107.36,551.44,-248.88,-39.04,829.6
-43.92,-39.04,4.88,43.92,-24.4,-19.52,126.88,97.6,536.8,-253.76,-53.68,819.84
-24.4,-34.16,-9.76,29.28,-9.76,-24.4,112.24,122,536.8,-248.88,-39.04,819.84
-14.64,-34.16,-19.52,24.4,0,-29.28,112.24,131.76,546.56,-234.24,-34.16,854
-39.04,-63.44,-24.4,53.68,-9.76,-43.92,126.88,131.76,561.2,-229.36,-39.04,863.76
-34.16,-43.92,-9.76,39.04,-14.64,-29.28,170.8,126.88,570.96,-224.48,-29.28,834.48
9.76,-9.76,-19.52,0,14.64,-14.64,175.68,131.76,580.72,-209.84,-14.64,839.36
19.52,-24.4,-43.92,4.88,29.28,-34.16,175.68,122,561.2,-214.72,-43.92,819.84
9.76,-14.64,-24.4,4.88,14.64,-19.52,161.04,112.24,551.44,-219.6,-53.68,824.72
-48.8,-34.16,14.64,43.92,-34.16,-9.76,156.16,126.88,570.96,-214.72,-43.92,814.96
-48.8,-43.92,4.88,48.8,-29.28,-19.52,175.68,117.12,561.2,-219.6,-58.56,785.68
-34.16,-43.92,-9.76,39.04,-14.64,-29.28,200.08,112.24,561.2,-219.6,-63.44,771.04
-24.4,-53.68,-29.28,39.04,0,-43.92,180.56,126.88,566.08,-200.08,-43.92,766.16
-19.52,-43.92,-24.4,34.16,0,-34.16,161.04,141.52,575.84,-180.56,-34.16,790.56
-24.4,-24.4,0,24.4,-14.64,-14.64,165.92,146.4,585.6,-180.56,-39.04,780.8
-43.92,-34.16,9.76,39.04,-29.28,-14.64,170.8,151.28,600.24,-165.92,-34.16,756.4
-43.92,-34.16,9.76,39.04,-29.28,-14.64,156.16,151.28,610,-161.04,-34.16,761.28
-58.56,-53.68,4.88,58.56,-34.16,-24.4,190.32,151.28,600.24,-151.28,-48.8,756.4
-58.56,-68.32,-9.76,63.44,-24.4,-39.04,165.92,156.16,600.24,-141.52,-43.92,756.4
-48.8,-48.8,0,48.8,-24.4,-24.4,185.44,161.04,600.24,-126.88,-39.04,771.04
-29.28,-39.04,-9.76,34.16,-9.76,-24.4,190.32,161.04,595.36,-126.88,-39.04,746.64
-29.28,-53.68,-24.4,43.92,-4.88,-39.04,200.08,161.04,595.36,-122,-48.8,746.64
-19.52,-39.04,-19.52,29.28,0,-29.28,195.2,180.56,614.88,-126.88,-43.92,741.76
-24.4,-34.16,-9.76,29.28,-9.76,-24.4,170.8,185.44,605.12,-122,-43.92,736.88
-34.16,-43.92,-9.76,39.04,-14.64,-29.28,180.56,165.92,605.12,-107.36,-39.04,736.88
-53.68,-73.2,-19.52,63.44,-19.52,-48.8,180.56,170.8,614.88,-102.48,-39.04,746.64
-43.92,-58.56,-14.64,53.68,-14.64,-39.04,175.68,165.92,605.12,-107.36,-48.8,746.64
-34.16,-58.56,-24.4,48.8,-4.88,-43.92,190.32,170.8,605.12,-97.6,-58.56,766.16
-39.04,-63.44,-24.4,53.68,-9.76,-43.92,165.92,161.04,610,-97.6,-63.44,751.52
-4.88,-34.16,-29.28,19.52,9.76,-34.16,185.44,175.68,624.64,-87.84,-53.68,761.28
-14.64,-39.04,-24.4,29.28,4.88,-34.16,170.8,170.8,614.88,-92.72,-58.56,756.4
-14.64,-39.04,-24.4,29.28,4.88,-34.16,156.16,165.92,610,-97.6,-63.44,736.88
4.88,-19.52,-24.4,9.76,14.64,-24.4,190.32,165.92,614.88,-97.6,-53.68,746.64
-4.88,-29.28,-24.4,19.52,9.76,-29.28,190.32,161.04,610,-97.6,-58.56,736.88
-14.64,-24.4,-9.76,19.52,-4.88,-19.52,190.32,156.16,614.88,-92.72,-58.56,732
-14.64,-19.52,-4.88,19.52,-4.88,-14.64,200.08,180.56,629.52,-78.08,-48.8,746.64
-4.88,-24.4,-19.52,14.64,4.88,-24.4,165.92,175.68,619.76,-82.96,-58.56,736.88
0,-29.28,-29.28,14.64,14.64,-29.28,165.92,180.56,629.52,-63.44,-58.56,771.04
0,-34.16,-34.16,19.52,14.64,-34.16,175.68,180.56,644.16,-53.68,-53.68,775.92
4.88,-24.4,-29.28,9.76,14.64,-29.28,195.2,180.56,639.28,-58.56,-58.56,761.28
-9.76,-43.92,-34.16,29.28,9.76,-39.04,204.96,180.56,639.28,-58.56,-68.32,766.16
-24.4,-63.44,-39.04,43.92,4.88,-53.68,219.6,175.68,649.04,-48.8,-73.2,780.8
-24.4,-48.8,-24.4,39.04,0,-39.04,219.6,190.32,663.68,-39.04,-58.56,785.68
4.88,-14.64,-19.52,4.88,9.76,-19.52,258.64,195.2,663.68,-34.16,-53.68,795.44
0,-34.16,-34.16,19.52,14.64,-34.16,190.32,190.32,653.92,-34.16,-63.44,780.8
-9.76,-43.92,-34.16,29.28,9.76,-39.04,165.92,180.56,663.68,-29.28,-63.44,795.44
-29.28,-63.44,-34.16,48.8,0,-48.8,165.92,175.68,668.56,-29.28,-68.32,810.08
-39.04,-73.2,-34.16,58.56,-4.88,-53.68,151.28,170.8,649.04,-34.16,-78.08,849.12
-14.64,-39.04,-24.4,29.28,4.88,-34.16,190.32,180.56,658.8,-14.64,-68.32,863.76
-9.76,-39.04,-29.28,24.4,9.76,-34.16,180.56,180.56,663.68,-14.64,-68.32,849.12
9.76,-24.4,-34.16,9.76,19.52,-29.28,209.84,190.32,663.68,-24.4,-68.32,878.4
34.16,-4.88,-39.04,-14.64,34.16,-24.4,263.52,195.2,673.44,-9.76,-58.56,897.92
29.28,-4.88,-34.16,-9.76,29.28,-19.52,234.24,180.56,683.2,-9.76,-53.68,922.32
29.28,-4.88,-34.16,-9.76,29.28,-19.52,195.2,180.56,692.96,-9.76,-53.68,922.32
14.64,-14.64,-29.28,0,19.52,-24.4,175.68,161.04,668.56,-24.4,-63.44,912.56
-9.76,-29.28,-19.52,19.52,4.88,-24.4,175.68,161.04,663.68,-29.28,-63.44,917.44
-24.4,-43.92,-19.52,34.16,-4.88,-34.16,190.32,165.92,673.44,-24.4,-63.44,946.72
-24.4,-58.56,-34.16,43.92,4.88,-48.8,180.56,180.56,688.08,-14.64,-63.44,976
4.88,-34.16,-39.04,14.64,19.52,-39.04,190.32,195.2,668.56,-14.64,-58.56,966.24
24.4,0,-24.4,-9.76,24.4,-14.64,161.04,200.08,678.32,-4.88,-53.68,1000.4
29.28,4.88,-24.4,-14.64,24.4,-9.76,161.04,165.92,678.32,-9.76,-58.56,1010.16
29.28,0,-29.28,-14.64,29.28,-14.64,209.84,165.92,678.32,-4.88,-53.68,1024.8
19.52,-14.64,-34.16,0,24.4,-24.4,204.96,170.8,688.08,-9.76,-43.92,1063.84
34.16,-19.52,-53.68,-4.88,43.92,-39.04,195.2,175.68,702.72,-9.76,-43.92,1093.12
19.52,-24.4,-43.92,4.88,29.28,-34.16,190.32,175.68,702.72,-9.76,-48.8,1127.28
4.88,-29.28,-34.16,14.64,19.52,-34.16,156.16,165.92,683.2,-9.76,-48.8,1112.64
14.64,-43.92,-58.56,14.64,34.16,-53.68,204.96,165.92,697.84,-9.76,-43.92,1132.16
4.88,-48.8,-53.68,24.4,29.28,-53.68,224.48,156.16,692.96,-9.76,-43.92,1137.04
-9.76,-58.56,-48.8,34.16,19.52,-53.68,180.56,146.4,678.32,-19.52,-43.92,1137.04
-9.76,-73.2,-63.44,43.92,24.4,-68.32,190.32,151.28,668.56,-14.64,-48.8,1137.04
14.64,-34.16,-48.8,9.76,29.28,-43.92,161.04,156.16,668.56,-14.64,-53.68,1137.04
34.16,-14.64,-48.8,-9.76,39.04,-34.16,156.16,161.04,673.44,0,-48.8,1156.56
34.16,-24.4,-58.56,-4.88,43.92,-43.92,175.68,151.28,673.44,-9.76,-43.92,1180.96
43.92,-24.4,-68.32,-9.76,53.68,-48.8,175.68,161.04,683.2,-9.76,-34.16,1190.72
39.04,-34.16,-73.2,0,53.68,-53.68,156.16,161.04,673.44,-14.64,-48.8,1190.72
9.76,-53.68,-63.44,24.4,34.16,-58.56,175.68,156.16,678.32,-14.64,-53.68,1220
-29.28,-68.32,-39.04,48.8,4.88,-53.68,175.68,165.92,692.96,-4.88,-39.04,1234.64
14.64,-48.8,-63.44,19.52,39.04,-58.56,165.92,151.28,683.2,-9.76,-43.92,1229.76
48.8,-14.64,-63.44,-14.64,53.68,-39.04,146.4,146.4,683.2,-9.76,-43.92,1239.52
48.8,-4.88,-53.68,-19.52,48.8,-29.28,170.8,141.52,678.32,-19.52,-39.04,1244.4
43.92,-9.76,-53.68,-14.64,48.8,-34.16,209.84,156.16,678.32,-14.64,-39.04,1263.92
14.64,-43.92,-58.56,14.64,34.16,-53.68,156.16,156.16,673.44,-24.4,-48.8,1278.56
19.52,-53.68,-73.2,19.52,43.92,-63.44,170.8,156.16,683.2,-19.52,-39.04,1278.56
43.92,-29.28,-73.2,-4.88,58.56,-53.68,204.96,146.4,688.08,-29.28,-43.92,1317.6
29.28,-48.8,-78.08,9.76,53.68,-63.44,165.92,131.76,668.56,-29.28,-48.8,1317.6
68.32,9.76,-58.56,-39.04,63.44,-24.4,170.8,141.52,688.08,-19.52,-39.04,1327.36
63.44,9.76,-53.68,-34.16,58.56,-24.4,229.36,175.68,697.84,-4.88,-19.52,1366.4
24.4,-29.28,-53.68,4.88,39.04,-43.92,175.68,180.56,692.96,-9.76,-14.64,1405.44
29.28,-29.28,-58.56,0,43.92,-43.92,170.8,156.16,673.44,-19.52,-29.28,1385.92
29.28,-48.8,-78.08,9.76,53.68,-63.44,161.04,161.04,673.44,-14.64,-29.28,1400.56
34.16,-53.68,-87.84,9.76,58.56,-73.2,141.52,156.16,668.56,-14.64,-29.28,1405.44
34.16,-58.56,-92.72,14.64,63.44,-78.08,175.68,165.92,673.44,-14.64,-29.28,1420.08
19.52,-58.56,-78.08,19.52,48.8,-68.32,170.8,165.92,668.56,-29.28,-24.4,1429.84
29.28,-48.8,-78.08,9.76,53.68,-63.44,156.16,151.28,678.32,-24.4,-14.64,1444.48
29.28,-53.68,-82.96,14.64,53.68,-68.32,185.44,151.28,668.56,-29.28,-29.28,1478.64
29.28,-39.04,-68.32,4.88,48.8,-53.68,190.32,156.16,668.56,-24.4,-29.28,1488.4
29.28,-34.16,-63.44,4.88,43.92,-48.8,175.68,165.92,673.44,-19.52,-29.28,1517.68
39.04,-34.16,-73.2,0,53.68,-53.68,180.56,180.56,678.32,-14.64,-24.4,1522.56
48.8,-19.52,-68.32,-14.64,58.56,-43.92,170.8,200.08,688.08,-4.88,-29.28,1522.56
48.8,-34.16,-82.96,-4.88,63.44,-58.56,151.28,224.48,712.48,14.64,-19.52,1542.08
48.8,-39.04,-87.84,-4.88,68.32,-63.44,156.16,244,717.36,19.52,-19.52,1537.2
43.92,-29.28,-73.2,-4.88,58.56,-53.68,185.44,370.88,805.2,53.68,-4.88,1561.6
78.08,-29.28,-107.36,-24.4,92.72,-68.32,278.16,590.48,966.24,141.52,53.68,1605.52
136.64,19.52,-117.12,-78.08,126.88,-48.8,346.48,883.28,1190.72,258.64,136.64,1654.32
156.16,58.56,-97.6,-107.36,126.88,-19.52,375.76,1073.6,1332.24,346.48,175.68,1673.84
151.28,48.8,-102.48,-97.6,126.88,-29.28,390.4,980.88,1259.04,322.08,165.92,1688.48
146.4,58.56,-87.84,-102.48,117.12,-14.64,375.76,722.24,1054.08,253.76,136.64,1717.76
131.76,39.04,-92.72,-82.96,112.24,-29.28,258.64,336.72,775.92,151.28,87.84,1708
122,24.4,-97.6,-73.2,107.36,-39.04,131.76,-117.12,458.72,34.16,43.92,1673.84
122,19.52,-102.48,-68.32,112.24,-43.92,9.76,-502.64,214.72,-29.28,39.04,1693.36
151.28,-4.88,-156.16,-73.2,151.28,-82.96,-107.36,-858.88,-14.64,-73.2,43.92,1727.52
180.56,-19.52,-200.08,-78.08,190.32,-112.24,-209.84,-1195.6,-263.52,-126.88,53.68,1756.8
239.12,24.4,-214.72,-131.76,224.48,-97.6,-375.76,-1561.6,-512.4,-195.2,43.92,1756.8
287.92,48.8,-239.12,-165.92,263.52,-97.6,-517.28,-1878.8,-746.64,-273.28,43.92,1790.96
307.44,58.56,-248.88,-180.56,278.16,-97.6,-639.28,-2171.6,-976,-356.24,34.16,1825.12
322.08,39.04,-283.04,-180.56,302.56,-122,-785.68,-2547.36,-1302.96,-512.4,-14.64,1820.24
307.44,0,-307.44,-151.28,307.44,-156.16,-927.2,-2854.8,-1590.88,-692.96,-92.72,1786.08
312.32,4.88,-307.44,-156.16,307.44,-151.28,-966.24,-3040.24,-1800.72,-829.6,-146.4,1781.2
336.72,9.76,-326.96,-170.8,331.84,-161.04,-1049.2,-3211.04,-1981.28,-966.24,-195.2,1766.56
375.76,24.4,-351.36,-200.08,361.12,-165.92,-1220,-3425.76,-2181.36,-1078.48,-209.84,1776.32
478.24,97.6,-380.64,-287.92,429.44,-141.52,-1327.36,-3567.28,-2288.72,-1132.16,-170.8,1854.4
570.96,190.32,-380.64,-380.64,473.36,-97.6,-1449.36,-3645.36,-2327.76,-1093.12,-68.32,1952
590.48,244,-346.48,-414.8,468.48,-53.68,-1625.04,-3703.92,-2293.6,-1029.68,53.68,2069.12
639.28,312.32,-326.96,-473.36,483.12,-9.76,-1717.76,-3660,-2220.4,-907.68,209.84,2205.76
707.6,444.08,-263.52,-575.84,483.12,87.84,-1761.68,-3577.04,-2108.16,-741.76,405.04,2347.28
780.8,541.68,-239.12,-658.8,507.52,151.28,-1771.44,-3425.76,-1903.2,-522.16,634.4,2542.48
824.72,634.4,-190.32,-727.12,507.52,219.6,-1805.6,-3147.6,-1615.28,-258.64,863.76,2757.2
775.92,732,-43.92,-751.52,409.92,341.6,-1747.04,-2854.8,-1337.12,-34.16,1058.96,2942.64
717.36,824.72,107.36,-771.04,302.56,463.6,-1605.52,-2586.4,-1161.44,48.8,1122.4,3015.84
629.52,834.48,204.96,-732,209.84,517.28,-1454.24,-2337.52,-1058.96,-43.92,1005.28,3010.96
522.16,819.84,297.68,-668.56,112.24,556.32,-1259.04,-2083.76,-990.64,-185.44,829.6,2932.88
414.8,771.04,356.24,-590.48,29.28,561.2,-1112.64,-1888.56,-936.96,-312.32,658.8,2849.92
307.44,688.08,380.64,-497.76,-39.04,531.92,-1019.92,-1737.28,-863.76,-429.44,502.64,2752.32
214.72,644.16,429.44,-429.44,-107.36,536.8,-893.04,-1566.48,-775.92,-492.88,385.52,2664.48
122,600.24,478.24,-361.12,-180.56,536.8,-751.52,-1400.56,-688.08,-536.8,268.4,2571.76
63.44,580.72,517.28,-322.08,-229.36,546.56,-619.76,-1224.88,-566.08,-527.04,214.72,2503.44
24.4,546.56,522.16,-283.04,-248.88,531.92,-556.32,-1073.6,-444.08,-512.4,165.92,2449.76
4.88,502.64,497.76,-253.76,-248.88,497.76,-488,-932.08,-356.24,-497.76,107.36,2366.8
-14.64,492.88,507.52,-239.12,-263.52,497.76,-400.16,-790.56,-239.12,-448.96,97.6,2327.76
-19.52,463.6,483.12,-219.6,-253.76,473.36,-258.64,-634.4,-112.24,-395.28,82.96,2327.76
-34.16,434.32,468.48,-200.08,-253.76,448.96,-204.96,-512.4,-9.76,-370.88,48.8,2244.8
-82.96,380.64,463.6,-146.4,-273.28,419.68,-156.16,-400.16,73.2,-346.48,14.64,2191.12
-78.08,302.56,380.64,-112.24,-229.36,341.6,-102.48,-302.56,141.52,-322.08,-4.88,2156.96
-78.08,234.24,312.32,-78.08,-195.2,273.28,-29.28,-234.24,190.32,-322.08,-48.8,2088.64
-87.84,165.92,253.76,-39.04,-170.8,209.84,43.92,-165.92,258.64,-317.2,-92.72,2049.6
-92.72,107.36,200.08,-4.88,-146.4,151.28,82.96,-102.48,307.44,-292.8,-102.48,2015.44
-78.08,87.84,165.92,-4.88,-122,126.88,122,-34.16,361.12,-273.28,-102.48,1981.28
-53.68,82.96,136.64,-14.64,-97.6,107.36,185.44,29.28,429.44,-248.88,-107.36,1947.12
-63.44,53.68,117.12,4.88,-92.72,82.96,170.8,78.08,453.84,-224.48,-97.6,1927.6
-73.2,4.88,78.08,34.16,-78.08,39.04,175.68,131.76,483.12,-200.08,-102.48,1947.12
-63.44,-14.64,48.8,39.04,-58.56,14.64,195.2,156.16,517.28,-190.32,-97.6,1956.88
-53.68,-24.4,29.28,39.04,-43.92,0,268.4,200.08,556.32,-161.04,-87.84,1952
-68.32,-53.68,14.64,63.44,-43.92,-19.52,258.64,219.6,570.96,-151.28,-82.96,1947.12
-82.96,-73.2,9.76,78.08,-48.8,-34.16,263.52,229.36,566.08,-156.16,-87.84,1937.36
-68.32,-58.56,9.76,63.44,-39.04,-24.4,268.4,244,595.36,-146.4,-87.84,1942.24
-53.68,-39.04,14.64,48.8,-34.16,-14.64,302.56,258.64,610,-136.64,-78.08,1961.76
-29.28,-14.64,14.64,24.4,-24.4,0,331.84,268.4,600.24,-131.76,-73.2,1961.76
-53.68,-43.92,9.76,48.8,-34.16,-19.52,297.68,292.8,610,-136.64,-82.96,1966.64
-68.32,-78.08,-9.76,73.2,-29.28,-43.92,278.16,268.4,600.24,-151.28,-102.48,1922.72
-73.2,-97.6,-24.4,87.84,-24.4,-63.44,248.88,273.28,595.36,-151.28,-102.48,1937.36
-78.08,-107.36,-29.28,92.72,-24.4,-68.32,283.04,283.04,580.72,-161.04,-107.36,1942.24
-68.32,-87.84,-19.52,78.08,-24.4,-53.68,268.4,287.92,590.48,-156.16,-92.72,1927.6
-53.68,-68.32,-14.64,63.44,-19.52,-43.92,268.4,292.8,585.6,-151.28,-92.72,1917.84
-63.44,-63.44,0,63.44,-34.16,-34.16,302.56,302.56,585.6,-161.04,-87.84,1917.84
-73.2,-82.96,-9.76,78.08,-34.16,-48.8,297.68,283.04,580.72,-170.8,-92.72,1927.6
-73.2,-97.6,-24.4,87.84,-24.4,-63.44,292.8,283.04,575.84,-170.8,-92.72,1917.84
-39.04,-58.56,-19.52,48.8,-9.76,-39.04,297.68,292.8,580.72,-175.68,-87.84,1908.08
-29.28,-29.28,0,29.28,-14.64,-14.64,283.04,307.44,585.6,-170.8,-73.2,1893.44
-58.56,-68.32,-9.76,63.44,-24.4,-39.04,253.76,292.8,566.08,-185.44,-102.48,1878.8
-97.6,-112.24,-14.64,107.36,-43.92,-63.44,244,283.04,566.08,-200.08,-112.24,1854.4
-107.36,-136.64,-29.28,122,-39.04,-82.96,253.76,287.92,566.08,-195.2,-107.36,1849.52
-73.2,-102.48,-29.28,87.84,-24.4,-68.32,248.88,297.68,566.08,-190.32,-97.6,1849.52
-58.56,-82.96,-24.4,73.2,-19.52,-53.68,224.48,307.44,566.08,-200.08,-92.72,1844.64
-29.28,-68.32,-39.04,48.8,4.88,-53.68,239.12,292.8,580.72,-190.32,-73.2,1854.4
-34.16,-68.32,-34.16,53.68,0,-53.68,244,278.16,551.44,-200.08,-87.84,1849.52
-58.56,-87.84,-29.28,73.2,-14.64,-58.56,219.6,258.64,536.8,-209.84,-102.48,1839.76
-82.96,-117.12,-34.16,102.48,-24.4,-78.08,248.88,273.28,551.44,-214.72,-107.36,1864.16
-82.96,-126.88,-43.92,107.36,-19.52,-87.84,234.24,278.16,556.32,-224.48,-107.36,1854.4
-73.2,-107.36,-34.16,92.72,-19.52,-73.2,239.12,292.8,546.56,-224.48,-107.36,1839.76
-58.56,-97.6,-39.04,78.08,-9.76,-68.32,283.04,297.68,546.56,-229.36,-97.6,1864.16
-19.52,-68.32,-48.8,43.92,14.64,-58.56,268.4,317.2,556.32,-229.36,-97.6,1854.4
-9.76,-53.68,-43.92,34.16,14.64,-48.8,283.04,322.08,556.32,-219.6,-87.84,1844.64
-53.68,-87.84,-34.16,73.2,-9.76,-63.44,273.28,292.8,546.56,-239.12,-97.6,1834.88
-87.84,-87.84,0,87.84,-43.92,-43.92,317.2,307.44,546.56,-239.12,-87.84,1834.88
-92.72,-102.48,-9.76,97.6,-43.92,-58.56,263.52,307.44,561.2,-253.76,-97.6,1820.24
-82.96,-97.6,-14.64,92.72,-34.16,-58.56,258.64,307.44,556.32,-253.76,-97.6,1830
-82.96,-92.72,-9.76,87.84,-39.04,-53.68,312.32,322.08,561.2,-248.88,-97.6,1839.76
-87.84,-107.36,-19.52,97.6,-34.16,-63.44,297.68,346.48,570.96,-258.64,-102.48,1834.88
-87.84,-87.84,0,87.84,-43.92,-43.92,287.92,366,575.84,-248.88,-92.72,1854.4
-87.84,-87.84,0,87.84,-43.92,-43.92,297.68,375.76,580.72,-253.76,-92.72,1854.4
-102.48,-107.36,-4.88,107.36,-48.8,-58.56,317.2,395.28,585.6,-263.52,-107.36,1859.28
-102.48,-97.6,4.88,102.48,-53.68,-48.8,302.56,385.52,566.08,-278.16,-117.12,1854.4
-117.12,-102.48,14.64,112.24,-68.32,-43.92,283.04,380.64,566.08,-283.04,-107.36,1864.16
-112.24,-107.36,4.88,112.24,-58.56,-53.68,287.92,390.4,566.08,-283.04,-97.6,1859.28
-102.48,-107.36,-4.88,107.36,-48.8,-58.56,336.72,400.16,580.72,-278.16,-87.84,1869.04
-92.72,-102.48,-9.76,97.6,-43.92,-58.56,356.24,395.28,561.2,-292.8,-87.84,1864.16
-117.12,-107.36,9.76,112.24,-63.44,-48.8,307.44,414.8,561.2,-292.8,-87.84,1869.04
-102.48,-78.08,24.4,92.72,-63.44,-29.28,312.32,419.68,570.96,-287.92,-78.08,1903.2
-73.2,-68.32,4.88,73.2,-39.04,-34.16,322.08,419.68,570.96,-292.8,-73.2,1903.2
-87.84,-73.2,14.64,82.96,-53.68,-29.28,322.08,434.32,570.96,-283.04,-68.32,1898.32
-87.84,-87.84,0,87.84,-43.92,-43.92,317.2,453.84,580.72,-283.04,-87.84,1893.44
-78.08,-107.36,-29.28,92.72,-24.4,-68.32,322.08,448.96,580.72,-278.16,-73.2,1888.56
-97.6,-102.48,-4.88,102.48,-48.8,-53.68,341.6,453.84,590.48,-268.4,-68.32,1903.2
-136.64,-112.24,24.4,126.88,-82.96,-43.92,356.24,468.48,595.36,-273.28,-63.44,1898.32
-117.12,-112.24,4.88,117.12,-63.44,-53.68,331.84,458.72,595.36,-268.4,-58.56,1888.56
-87.84,-97.6,-9.76,92.72,-39.04,-53.68,302.56,448.96,605.12,-268.4,-53.68,1888.56
-87.84,-87.84,0,87.84,-43.92,-43.92,326.96,458.72,614.88,-263.52,-39.04,1883.68
-82.96,-68.32,14.64,78.08,-48.8,-29.28,312.32,473.36,605.12,-268.4,-43.92,1888.56
-87.84,-68.32,19.52,78.08,-53.68,-24.4,312.32,483.12,595.36,-283.04,-63.44,1888.56
-87.84,-78.08,9.76,82.96,-48.8,-34.16,326.96,492.88,610,-283.04,-58.56,1878.8
-82.96,-82.96,0,82.96,-43.92,-43.92,366,507.52,634.4,-268.4,-53.68,1893.44
-97.6,-102.48,-4.88,102.48,-48.8,-53.68,385.52,507.52,634.4,-258.64,-43.92,1898.32
-117.12,-102.48,14.64,112.24,-68.32,-43.92,370.88,497.76,624.64,-263.52,-43.92,1883.68
-107.36,-112.24,-4.88,112.24,-53.68,-58.56,366,512.4,644.16,-253.76,-39.04,1893.44
-73.2,-78.08,-4.88,78.08,-34.16,-43.92,375.76,531.92,649.04,-253.76,-29.28,1873.92
-53.68,-53.68,0,53.68,-29.28,-29.28,366,541.68,644.16,-258.64,-19.52,1864.16
-73.2,-73.2,0,73.2,-39.04,-39.04,356.24,536.8,644.16,-263.52,-39.04,1859.28
-68.32,-63.44,4.88,68.32,-39.04,-29.28,370.88,536.8,644.16,-273.28,-34.16,1830
-73.2,-63.44,9.76,68.32,-43.92,-29.28,380.64,546.56,653.92,-263.52,-19.52,1839.76
-73.2,-58.56,14.64,68.32,-43.92,-24.4,370.88,551.44,658.8,-263.52,-14.64,1854.4
-58.56,-43.92,14.64,53.68,-39.04,-14.64,370.88,561.2,668.56,-253.76,-9.76,1864.16
-63.44,-48.8,14.64,58.56,-39.04,-19.52,351.36,566.08,673.44,-248.88,-4.88,1859.28
-78.08,-48.8,29.28,63.44,-53.68,-9.76,341.6,561.2,678.32,-253.76,-9.76,1854.4
-53.68,-24.4,29.28,39.04,-43.92,0,346.48,585.6,702.72,-253.76,-9.76,1864.16
-34.16,-14.64,19.52,24.4,-29.28,0,380.64,590.48,707.6,-234.24,9.76,1903.2
-43.92,-19.52,24.4,34.16,-34.16,0,366,595.36,683.2,-239.12,9.76,1888.56
-68.32,-39.04,29.28,53.68,-48.8,-4.88,351.36,585.6,692.96,-258.64,-4.88,1869.04
-102.48,-53.68,48.8,78.08,-78.08,-4.88,375.76,580.72,688.08,-268.4,-4.88,1839.76
-92.72,-29.28,63.44,63.44,-78.08,14.64,336.72,595.36,688.08,-258.64,9.76,1849.52
-63.44,-19.52,43.92,43.92,-53.68,9.76,361.12,619.76,712.48,-234.24,24.4,1849.52
-58.56,-14.64,43.92,39.04,-53.68,14.64,370.88,619.76,717.36,-239.12,24.4,1839.76
-68.32,-14.64,53.68,43.92,-63.44,19.52,361.12,624.64,707.6,-239.12,24.4,1839.76
-43.92,9.76,53.68,19.52,-48.8,29.28,351.36,629.52,697.84,-244,29.28,1834.88
-48.8,0,48.8,24.4,-48.8,24.4,361.12,629.52,692.96,-244,24.4,1810.48
-58.56,-9.76,48.8,34.16,-53.68,19.52,400.16,605.12,692.96,-239.12,29.28,1825.12
-63.44,-4.88,58.56,34.16,-63.44,24.4,380.64,595.36,678.32,-244,29.28,1815.36
-68.32,9.76,78.08,29.28,-73.2,43.92,385.52,605.12,678.32,-244,34.16,1815.36
-92.72,0,92.72,48.8,-92.72,43.92,346.48,610,673.44,-258.64,34.16,1815.36
-87.84,0,87.84,43.92,-87.84,43.92,331.84,610,668.56,-258.64,34.16,1781.2
-68.32,14.64,82.96,29.28,-78.08,48.8,361.12,629.52,678.32,-244,39.04,1771.44
-73.2,4.88,78.08,34.16,-78.08,39.04,351.36,605.12,683.2,-248.88,39.04,1761.68
-73.2,-9.76,63.44,43.92,-68.32,24.4,366,610,678.32,-244,43.92,1751.92
-68.32,-9.76,58.56,39.04,-63.44,24.4,356.24,585.6,663.68,-253.76,39.04,1727.52
-82.96,-9.76,73.2,48.8,-78.08,29.28,356.24,585.6,658.8,-263.52,39.04,1737.28
-68.32,24.4,92.72,24.4,-82.96,58.56,390.4,590.48,663.68,-253.76,43.92,1737.28
-43.92,53.68,97.6,-4.88,-73.2,73.2,361.12,600.24,683.2,-234.24,63.44,1751.92
-58.56,24.4,82.96,19.52,-73.2,53.68,356.24,585.6,658.8,-258.64,48.8,1727.52
-58.56,29.28,87.84,14.64,-73.2,58.56,361.12,570.96,639.28,-268.4,39.04,1708
-82.96,19.52,102.48,34.16,-92.72,58.56,351.36,570.96,644.16,-263.52,43.92,1727.52
-92.72,14.64,107.36,39.04,-102.48,58.56,356.24,570.96,649.04,-258.64,53.68,1727.52
-87.84,-4.88,82.96,48.8,-87.84,39.04,375.76,575.84,639.28,-253.76,68.32,1712.88
-78.08,4.88,82.96,39.04,-82.96,43.92,336.72,546.56,614.88,-263.52,68.32,1693.36
-53.68,24.4,78.08,14.64,-68.32,48.8,326.96,512.4,595.36,-278.16,53.68,1678.72
-73.2,14.64,87.84,29.28,-82.96,48.8,312.32,483.12,570.96,-287.92,53.68,1664.08
-73.2,4.88,78.08,34.16,-78.08,39.04,346.48,463.6,551.44,-297.68,53.68,1654.32
-63.44,24.4,87.84,19.52,-78.08,53.68,326.96,448.96,541.68,-302.56,53.68,1668.96
-58.56,19.52,78.08,19.52,-68.32,48.8,302.56,434.32,512.4,-331.84,43.92,1668.96
-39.04,24.4,63.44,9.76,-53.68,43.92,322.08,439.2,531.92,-331.84,53.68,1649.44
-24.4,24.4,48.8,0,-39.04,34.16,302.56,419.68,517.28,-326.96,53.68,1634.8
-34.16,24.4,58.56,4.88,-48.8,39.04,278.16,385.52,473.36,-351.36,39.04,1610.4
-19.52,29.28,48.8,-4.88,-34.16,39.04,268.4,366,468.48,-356.24,39.04,1605.52
-4.88,29.28,34.16,-9.76,-19.52,29.28,248.88,346.48,444.08,-366,39.04,1586
-4.88,19.52,24.4,-4.88,-14.64,19.52,234.24,317.2,419.68,-390.4,24.4,1561.6
-4.88,9.76,14.64,0,-9.76,9.76,268.4,302.56,409.92,-409.92,19.52,1551.84
-24.4,-9.76,14.64,19.52,-19.52,0,253.76,278.16,370.88,-424.56,9.76,1512.8
-24.4,-19.52,4.88,24.4,-14.64,-9.76,253.76,258.64,356.24,-429.44,9.76,1493.28
-29.28,-24.4,4.88,29.28,-19.52,-9.76,244,248.88,326.96,-444.08,0,1478.64
-29.28,-29.28,0,29.28,-14.64,-14.64,214.72,244,307.44,-453.84,-4.88,1459.12
0,-24.4,-24.4,14.64,9.76,-24.4,229.36,248.88,322.08,-448.96,4.88,1434.72
0,-43.92,-43.92,24.4,19.52,-43.92,248.88,244,317.2,-453.84,4.88,1415.2
-14.64,-58.56,-43.92,39.04,14.64,-53.68,219.6,224.48,292.8,-468.48,-9.76,1371.28
-4.88,-53.68,-48.8,29.28,19.52,-53.68,195.2,214.72,283.04,-483.12,-19.52,1332.24
-19.52,-73.2,-53.68,48.8,14.64,-63.44,180.56,195.2,253.76,-502.64,-29.28,1288.32
-9.76,-43.92,-34.16,29.28,9.76,-39.04,195.2,190.32,229.36,-512.4,-34.16,1239.52
19.52,-4.88,-24.4,-4.88,19.52,-14.64,219.6,200.08,239.12,-502.64,-19.52,1234.64
14.64,-14.64,-29.28,0,19.52,-24.4,214.72,165.92,214.72,-522.16,-24.4,1185.84
-4.88,-34.16,-29.28,19.52,9.76,-34.16,200.08,151.28,200.08,-536.8,-34.16,1137.04
-24.4,-58.56,-34.16,43.92,4.88,-48.8,200.08,156.16,190.32,-541.68,-43.92,1117.52
-24.4,-53.68,-29.28,39.04,0,-43.92,224.48,165.92,195.2,-531.92,-39.04,1098
4.88,-24.4,-29.28,9.76,14.64,-29.28,224.48,165.92,219.6,-522.16,-34.16,1093.12
9.76,-29.28,-39.04,9.76,24.4,-34.16,209.84,165.92,204.96,-531.92,-43.92,1054.08
24.4,-19.52,-43.92,0,34.16,-34.16,224.48,165.92,190.32,-536.8,-43.92,1010.16
9.76,-39.04,-48.8,14.64,29.28,-43.92,200.08,156.16,190.32,-531.92,-48.8,966.24
-4.88,-48.8,-43.92,29.28,19.52,-48.8,180.56,151.28,175.68,-556.32,-63.44,922.32
-4.88,-73.2,-68.32,39.04,29.28,-73.2,175.68,146.4,185.44,-556.32,-58.56,897.92
-9.76,-73.2,-63.44,43.92,24.4,-68.32,156.16,131.76,165.92,-561.2,-63.44,863.76
-19.52,-58.56,-39.04,39.04,9.76,-48.8,161.04,136.64,161.04,-566.08,-53.68,829.6
-9.76,-63.44,-53.68,39.04,19.52,-58.56,180.56,136.64,165.92,-566.08,-48.8,824.72
-14.64,-82.96,-68.32,48.8,24.4,-78.08,165.92,131.76,165.92,-566.08,-48.8,795.44
-19.52,-68.32,-48.8,43.92,14.64,-58.56,161.04,146.4,180.56,-561.2,-43.92,785.68
19.52,-34.16,-53.68,9.76,34.16,-43.92,200.08,161.04,185.44,-561.2,-48.8,766.16
24.4,-29.28,-53.68,4.88,39.04,-43.92,200.08,151.28,180.56,-570.96,-63.44,712.48
-9.76,-29.28,-19.52,19.52,4.88,-24.4,175.68,165.92,190.32,-566.08,-48.8,717.36
0,-43.92,-43.92,24.4,19.52,-43.92,195.2,180.56,190.32,-556.32,-48.8,702.72
29.28,-43.92,-73.2,9.76,48.8,-58.56,214.72,161.04,190.32,-551.44,-48.8,663.68
19.52,-39.04,-58.56,9.76,39.04,-48.8,175.68,146.4,195.2,-541.68,-39.04,649.04
-39.04,-53.68,-14.64,48.8,-14.64,-34.16,185.44,151.28,190.32,-546.56,-39.04,634.4
-14.64,-63.44,-48.8,39.04,14.64,-58.56,204.96,151.28,200.08,-546.56,-48.8,585.6
-19.52,-73.2,-53.68,48.8,14.64,-63.44,219.6,146.4,190.32,-531.92,-43.92,570.96
-43.92,-82.96,-39.04,63.44,-4.88,-63.44,175.68,146.4,180.56,-531.92,-43.92,517.28
-34.16,-68.32,-34.16,53.68,0,-53.68,170.8,141.52,195.2,-536.8,-53.68,478.24
-29.28,-68.32,-39.04,48.8,4.88,-53.68,204.96,161.04,209.84,-527.04,-48.8,483.12
-4.88,-43.92,-39.04,24.4,14.64,-43.92,204.96,161.04,209.84,-512.4,-39.04,458.72
-9.76,-53.68,-43.92,34.16,14.64,-48.8,190.32,161.04,214.72,-507.52,-43.92,424.56
-14.64,-53.68,-39.04,34.16,9.76,-48.8,200.08,161.04,219.6,-502.64,-43.92,390.4
-19.52,-63.44,-43.92,43.92,9.76,-53.68,200.08,146.4,209.84,-497.76,-48.8,380.64
-34.16,-87.84,-53.68,63.44,9.76,-73.2,239.12,146.4,219.6,-507.52,-48.8,356.24
-14.64,-73.2,-58.56,43.92,19.52,-68.32,244,146.4,234.24,-507.52,-58.56,307.44
0,-53.68,-53.68,29.28,24.4,-53.68,239.12,161.04,239.12,-497.76,-53.68,292.8
-4.88,-58.56,-53.68,34.16,24.4,-58.56,244,165.92,224.48,-492.88,-58.56,258.64
-9.76,-63.44,-53.68,39.04,19.52,-58.56,229.36,156.16,224.48,-507.52,-63.44,209.84
-24.4,-78.08,-53.68,53.68,14.64,-68.32,244,170.8,234.24,-502.64,-63.44,204.96
-39.04,-97.6,-58.56,68.32,9.76,-78.08,224.48,170.8,229.36,-492.88,-53.68,209.84
-24.4,-87.84,-63.44,58.56,19.52,-78.08,214.72,165.92,239.12,-483.12,-53.68,229.36
-29.28,-97.6,-68.32,63.44,19.52,-82.96,234.24,151.28,234.24,-492.88,-58.56,229.36
-24.4,-87.84,-63.44,58.56,19.52,-78.08,229.36,170.8,244,-473.36,-48.8,200.08
-9.76,-73.2,-63.44,43.92,24.4,-68.32,219.6,170.8,273.28,-463.6,-34.16,214.72
-14.64,-87.84,-73.2,53.68,29.28,-82.96,224.48,175.68,278.16,-453.84,-29.28,200.08
-4.88,-73.2,-68.32,39.04,29.28,-73.2,253.76,175.68,263.52,-453.84,-24.4,141.52
9.76,-58.56,-68.32,24.4,39.04,-63.44,253.76,195.2,287.92,-444.08,-29.28,126.88
-4.88,-78.08,-73.2,43.92,34.16,-78.08,214.72,175.68,268.4,-453.84,-34.16,82.96
-29.28,-102.48,-73.2,68.32,19.52,-87.84,229.36,170.8,258.64,-453.84,-43.92,43.92
-14.64,-102.48,-87.84,58.56,34.16,-97.6,239.12,165.92,258.64,-453.84,-43.92,29.28
-9.76,-97.6,-87.84,53.68,39.04,-92.72,224.48,175.68,268.4,-444.08,-34.16,4.88
4.88,-92.72,-97.6,43.92,48.8,-97.6,248.88,161.04,297.68,-434.32,-39.04,-14.64
9.76,-73.2,-82.96,34.16,43.92,-78.08,239.12,170.8,297.68,-429.44,-29.28,-34.16
4.88,-73.2,-78.08,34.16,39.04,-78.08,224.48,175.68,287.92,-429.44,-29.28,-48.8
0,-82.96,-82.96,43.92,39.04,-82.96,229.36,185.44,292.8,-414.8,-24.4,-53.68
14.64,-58.56,-73.2,24.4,43.92,-68.32,253.76,175.68,292.8,-414.8,-24.4,-102.48
9.76,-78.08,-87.84,34.16,48.8,-82.96,244,170.8,287.92,-419.68,-24.4,-126.88
9.76,-92.72,-102.48,43.92,53.68,-97.6,253.76,175.68,292.8,-414.8,-29.28,-170.8
4.88,-92.72,-97.6,43.92,48.8,-97.6,229.36,161.04,278.16,-419.68,-34.16,-195.2
-9.76,-102.48,-92.72,58.56,39.04,-97.6,214.72,156.16,287.92,-419.68,-39.04,-209.84
-24.4,-112.24,-87.84,68.32,29.28,-102.48,229.36,151.28,292.8,-434.32,-43.92,-234.24
-9.76,-107.36,-97.6,58.56,43.92,-102.48,180.56,151.28,292.8,-429.44,-34.16,-239.12
-14.64,-97.6,-82.96,58.56,34.16,-92.72,170.8,156.16,278.16,-429.44,-39.04,-258.64
4.88,-78.08,-82.96,39.04,43.92,-82.96,185.44,161.04,273.28,-424.56,-39.04,-263.52
34.16,-43.92,-78.08,4.88,53.68,-63.44,204.96,161.04,287.92,-405.04,-29.28,-273.28
0,-82.96,-82.96,43.92,39.04,-82.96,214.72,156.16,292.8,-400.16,-29.28,-302.56
-4.88,-102.48,-97.6,53.68,43.92,-102.48,185.44,161.04,283.04,-409.92,-34.16,-322.08
0,-112.24,-112.24,58.56,53.68,-112.24,175.68,175.68,302.56,-400.16,-29.28,-322.08
14.64,-107.36,-122,48.8,68.32,-117.12,141.52,161.04,297.68,-395.28,-24.4,-346.48
48.8,-63.44,-112.24,9.76,78.08,-87.84,141.52,170.8,336.72,-375.76,-9.76,-351.36
68.32,-39.04,-107.36,-14.64,87.84,-73.2,131.76,200.08,375.76,-351.36,4.88,-346.48
48.8,-63.44,-112.24,9.76,78.08,-87.84,126.88,273.28,395.28,-341.6,4.88,-370.88
82.96,-43.92,-126.88,-19.52,102.48,-87.84,165.92,429.44,512.4,-268.4,43.92,-356.24
126.88,19.52,-107.36,-73.2,117.12,-43.92,239.12,678.32,732,-146.4,122,-302.56
126.88,34.16,-92.72,-78.08,107.36,-29.28,317.2,941.84,946.72,-34.16,180.56,-258.64
136.64,24.4,-112.24,-78.08,122,-43.92,370.88,1000.4,1000.4,4.88,190.32,-239.12
92.72,-4.88,-97.6,-43.92,92.72,-53.68,351.36,829.6,854,-63.44,161.04,-253.76
87.84,-9.76,-97.6,-39.04,92.72,-53.68,297.68,551.44,610,-136.64,141.52,-258.64
117.12,-19.52,-136.64,-48.8,126.88,-78.08,190.32,141.52,278.16,-229.36,117.12,-258.64
156.16,-9.76,-165.92,-73.2,161.04,-87.84,87.84,-297.68,-39.04,-331.84,102.48,-268.4
239.12,53.68,-185.44,-146.4,209.84,-68.32,-29.28,-658.8,-287.92,-385.52,117.12,-253.76
253.76,34.16,-219.6,-141.52,234.24,-92.72,-161.04,-995.52,-541.68,-458.72,107.36,-268.4
273.28,24.4,-248.88,-146.4,258.64,-112.24,-273.28,-1322.48,-780.8,-517.28,117.12,-268.4
287.92,24.4,-263.52,-156.16,273.28,-122,-385.52,-1595.76,-995.52,-575.84,131.76,-244
273.28,29.28,-244,-151.28,258.64,-107.36,-468.48,-1854.4,-1190.72,-634.4,136.64,-239.12
292.8,34.16,-258.64,-161.04,273.28,-112.24,-595.36,-2161.84,-1464,-761.28,107.36,-229.36
297.68,19.52,-278.16,-156.16,287.92,-131.76,-707.6,-2459.52,-1766.56,-941.84,39.04,-248.88
322.08,34.16,-287.92,-175.68,302.56,-126.88,-780.8,-2659.6,-1986.16,-1093.12,-14.64,-292.8
341.6,53.68,-287.92,-195.2,312.32,-117.12,-834.48,-2810.88,-2161.84,-1229.76,-48.8,-297.68
366,107.36,-258.64,-234.24,312.32,-78.08,-956.48,-3015.84,-2371.68,-1361.52,-53.68,-278.16
424.56,195.2,-229.36,-307.44,326.96,-19.52,-1073.6,-3215.92,-2518.08,-1454.24,-29.28,-239.12
502.64,302.56,-200.08,-400.16,351.36,48.8,-1220,-3352.56,-2562,-1424.96,68.32,-146.4
522.16,370.88,-151.28,-444.08,336.72,107.36,-1322.48,-3420.88,-2591.28,-1385.92,175.68,-53.68
541.68,444.08,-97.6,-492.88,317.2,170.8,-1434.72,-3435.52,-2562,-1307.84,292.8,58.56
590.48,531.92,-58.56,-561.2,322.08,234.24,-1493.28,-3372.08,-2454.64,-1171.2,463.6,204.96
649.04,653.92,4.88,-649.04,322.08,326.96,-1542.08,-3254.96,-2283.84,-995.52,653.92,331.84
629.52,780.8,151.28,-702.72,239.12,463.6,-1537.2,-3020.72,-2034.96,-800.32,834.48,473.36
531.92,858.88,326.96,-692.96,102.48,590.48,-1468.88,-2742.56,-1800.72,-644.16,956.48,585.6
463.6,912.56,448.96,-688.08,4.88,678.32,-1376.16,-2552.24,-1673.84,-653.92,907.68,595.36
361.12,902.8,541.68,-629.52,-92.72,722.24,-1283.44,-2366.8,-1615.28,-775.92,761.28,541.68
234.24,849.12,614.88,-541.68,-190.32,732,-1161.44,-2156.96,-1532.32,-902.8,600.24,444.08
146.4,790.56,644.16,-468.48,-248.88,717.36,-1024.8,-1961.76,-1454.24,-995.52,444.08,287.92
58.56,717.36,658.8,-385.52,-302.56,688.08,-912.56,-1771.44,-1342,-1049.2,317.2,151.28
-24.4,663.68,688.08,-317.2,-356.24,673.44,-785.68,-1586,-1224.88,-1088.24,204.96,-9.76
-78.08,629.52,707.6,-273.28,-395.28,668.56,-653.92,-1381.04,-1078.48,-1054.08,141.52,-126.88
-117.12,605.12,722.24,-244,-419.68,663.68,-556.32,-1215.12,-946.72,-1034.56,73.2,-248.88
-92.72,575.84,668.56,-239.12,-380.64,619.76,-512.4,-1093.12,-854,-1029.68,24.4,-385.52
-68.32,566.08,634.4,-248.88,-351.36,600.24,-405.04,-932.08,-717.36,-971.12,9.76,-453.84
-63.44,566.08,629.52,-248.88,-346.48,595.36,-312.32,-751.52,-551.44,-893.04,4.88,-551.44
-63.44,527.04,590.48,-229.36,-326.96,556.32,-219.6,-595.36,-409.92,-810.08,9.76,-619.76
-82.96,458.72,541.68,-185.44,-312.32,497.76,-122,-478.24,-317.2,-771.04,-19.52,-736.88
-102.48,361.12,463.6,-126.88,-283.04,409.92,-112.24,-390.4,-248.88,-746.64,-48.8,-834.48
-107.36,273.28,380.64,-82.96,-244,326.96,-78.08,-312.32,-200.08,-712.48,-63.44,-922.32
-92.72,224.48,317.2,-63.44,-204.96,268.4,-29.28,-244,-151.28,-702.72,-97.6,-1054.08
-82.96,195.2,278.16,-53.68,-180.56,234.24,29.28,-161.04,-87.84,-673.44,-102.48,-1141.92
-122,136.64,258.64,-4.88,-190.32,195.2,97.6,-78.08,-34.16,-649.04,-107.36,-1205.36
-102.48,82.96,185.44,9.76,-146.4,131.76,112.24,-9.76,4.88,-653.92,-126.88,-1302.96
-97.6,53.68,151.28,24.4,-126.88,102.48,161.04,78.08,97.6,-610,-107.36,-1342
-87.84,34.16,122,29.28,-107.36,78.08,185.44,136.64,170.8,-561.2,-78.08,-1371.28
-97.6,-4.88,92.72,53.68,-97.6,43.92,195.2,165.92,175.68,-541.68,-73.2,-1424.96
-92.72,-63.44,29.28,78.08,-63.44,-19.52,219.6,200.08,224.48,-527.04,-82.96,-1449.36
-102.48,-92.72,9.76,97.6,-58.56,-43.92,258.64,234.24,219.6,-512.4,-78.08,-1507.92
-102.48,-82.96,19.52,92.72,-63.44,-34.16,273.28,263.52,248.88,-478.24,-68.32,-1546.96
-102.48,-78.08,24.4,92.72,-63.44,-29.28,278.16,278.16,278.16,-468.48,-68.32,-1590.88
-107.36,-92.72,14.64,102.48,-63.44,-39.04,326.96,283.04,283.04,-468.48,-73.2,-1639.68
-126.88,-107.36,19.52,117.12,-73.2,-43.92,322.08,292.8,258.64,-473.36,-82.96,-1693.36
-126.88,-126.88,0,126.88,-63.44,-63.44,283.04,287.92,253.76,-488,-97.6,-1761.68
-107.36,-126.88,-19.52,117.12,-43.92,-73.2,273.28,287.92,253.76,-497.76,-97.6,-1781.2
-117.12,-117.12,0,117.12,-58.56,-58.56,312.32,312.32,273.28,-478.24,-87.84,-1810.48
-136.64,-117.12,19.52,126.88,-78.08,-48.8,326.96,317.2,287.92,-468.48,-82.96,-1869.04
-131.76,-107.36,24.4,122,-78.08,-43.92,278.16,331.84,287.92,-478.24,-87.84,-1942.24
-146.4,-126.88,19.52,136.64,-82.96,-53.68,278.16,317.2,292.8,-483.12,-92.72,-1991.04
-136.64,-141.52,-4.88,141.52,-68.32,-73.2,273.28,312.32,273.28,-488,-92.72,-2000.8
-97.6,-97.6,0,97.6,-48.8,-48.8,287.92,317.2,283.04,-488,-78.08,-2015.44
-92.72,-87.84,4.88,92.72,-48.8,-43.92,326.96,317.2,287.92,-492.88,-78.08,-2054.48
-117.12,-102.48,14.64,112.24,-68.32,-43.92,307.44,312.32,273.28,-512.4,-87.84,-2093.52
-112.24,-97.6,14.64,107.36,-63.44,-43.92,292.8,312.32,248.88,-536.8,-107.36,-2113.04
-117.12,-112.24,4.88,117.12,-63.44,-53.68,297.68,307.44,244,-556.32,-102.48,-2166.72
-107.36,-102.48,4.88,107.36,-58.56,-48.8,292.8,307.44,234.24,-541.68,-87.84,-2181.36
-122,-131.76,-9.76,126.88,-58.56,-73.2,297.68,297.68,234.24,-541.68,-92.72,-2225.28
-117.12,-131.76,-14.64,126.88,-53.68,-73.2,278.16,292.8,224.48,-556.32,-102.48,-2274.08
-112.24,-126.88,-14.64,122,-48.8,-73.2,253.76,307.44,224.48,-541.68,-97.6,-2283.84
-131.76,-156.16,-24.4,146.4,-53.68,-92.72,258.64,292.8,219.6,-531.92,-107.36,-2308.24
-107.36,-146.4,-39.04,126.88,-34.16,-92.72,234.24,287.92,224.48,-536.8,-107.36,-2327.76
-68.32,-117.12,-48.8,92.72,-9.76,-82.96,224.48,307.44,234.24,-517.28,-97.6,-2322.88
-82.96,-126.88,-43.92,107.36,-19.52,-87.84,234.24,322.08,224.48,-512.4,-87.84,-2342.4
-97.6,-141.52,-43.92,122,-29.28,-92.72,229.36,307.44,219.6,-522.16,-97.6,-2361.92
-82.96,-141.52,-58.56,112.24,-14.64,-102.48,253.76,312.32,229.36,-507.52,-92.72,-2347.28
-73.2,-126.88,-53.68,102.48,-9.76,-92.72,239.12,322.08,239.12,-492.88,-87.84,-2322.88
-48.8,-102.48,-53.68,78.08,0,-78.08,234.24,322.08,244,-492.88,-87.84,-2357.04
-53.68,-97.6,-43.92,78.08,-4.88,-73.2,239.12,326.96,244,-497.76,-92.72,-2352.16
-78.08,-131.76,-53.68,107.36,-14.64,-92.72,258.64,317.2,239.12,-492.88,-92.72,-2371.68
-112.24,-165.92,-53.68,141.52,-29.28,-112.24,268.4,312.32,234.24,-483.12,-97.6,-2396.08
-97.6,-156.16,-58.56,126.88,-19.52,-107.36,244,322.08,239.12,-488,-92.72,-2381.44
-73.2,-141.52,-68.32,107.36,-4.88,-107.36,258.64,341.6,248.88,-478.24,-87.84,-2376.56
-68.32,-122,-53.68,97.6,-9.76,-87.84,278.16,346.48,253.76,-478.24,-92.72,-2396.08
-63.44,-112.24,-48.8,87.84,-9.76,-82.96,263.52,351.36,258.64,-478.24,-87.84,-2396.08
-87.84,-146.4,-58.56,117.12,-14.64,-102.48,283.04,356.24,268.4,-478.24,-92.72,-2405.84
-78.08,-136.64,-58.56,107.36,-9.76,-97.6,297.68,370.88,273.28,-473.36,-87.84,-2405.84
-58.56,-122,-63.44,92.72,0,-92.72,302.56,375.76,278.16,-473.36,-82.96,-2425.36
-73.2,-126.88,-53.68,102.48,-9.76,-92.72,283.04,380.64,278.16,-473.36,-82.96,-2435.12
-82.96,-131.76,-48.8,107.36,-19.52,-92.72,312.32,390.4,283.04,-473.36,-63.44,-2474.16
-78.08,-126.88,-48.8,102.48,-14.64,-87.84,326.96,395.28,283.04,-463.6,-53.68,-2518.08
-58.56,-122,-63.44,92.72,0,-92.72,317.2,390.4,283.04,-473.36,-73.2,-2557.12
-78.08,-126.88,-48.8,102.48,-14.64,-87.84,326.96,395.28,273.28,-483.12,-78.08,-2591.28
-82.96,-141.52,-58.56,112.24,-14.64,-102.48,307.44,395.28,268.4,-478.24,-82.96,-2605.92
-73.2,-146.4,-73.2,112.24,0,-112.24,326.96,409.92,283.04,-463.6,-78.08,-2649.84
-63.44,-136.64,-73.2,102.48,4.88,-107.36,331.84,429.44,297.68,-458.72,-73.2,-2664.48
-73.2,-141.52,-68.32,107.36,-4.88,-107.36,336.72,429.44,307.44,-453.84,-78.08,-2669.36
-82.96,-146.4,-63.44,117.12,-9.76,-107.36,366,439.2,312.32,-448.96,-68.32,-2679.12
-63.44,-117.12,-53.68,92.72,-4.88,-87.84,341.6,453.84,312.32,-439.2,-58.56,-2718.16
-82.96,-117.12,-34.16,102.48,-24.4,-78.08,331.84,444.08,326.96,-424.56,-58.56,-2718.16
-97.6,-131.76,-34.16,117.12,-34.16,-82.96,336.72,453.84,312.32,-424.56,-68.32,-2727.92
-87.84,-126.88,-39.04,107.36,-24.4,-82.96,346.48,458.72,302.56,-424.56,-63.44,-2708.4
-58.56,-97.6,-39.04,78.08,-9.76,-68.32,317.2,473.36,307.44,-419.68,-58.56,-2693.76
-48.8,-82.96,-34.16,68.32,-9.76,-58.56,336.72,473.36,307.44,-405.04,-53.68,-2693.76
-48.8,-92.72,-43.92,73.2,-4.88,-68.32,346.48,483.12,322.08,-400.16,-53.68,-2727.92
-73.2,-122,-48.8,97.6,-14.64,-87.84,351.36,502.64,331.84,-390.4,-48.8,-2727.92
-68.32,-107.36,-39.04,87.84,-14.64,-73.2,361.12,522.16,346.48,-375.76,-53.68,-2718.16
-43.92,-97.6,-53.68,73.2,4.88,-78.08,390.4,531.92,375.76,-356.24,-43.92,-2703.52
-43.92,-102.48,-58.56,73.2,4.88,-82.96,380.64,522.16,366,-361.12,-48.8,-2698.64
-63.44,-117.12,-53.68,92.72,-4.88,-87.84,400.16,531.92,361.12,-356.24,-48.8,-2718.16
-73.2,-122,-48.8,97.6,-14.64,-87.84,439.2,541.68,370.88,-336.72,-43.92,-2723.04
-68.32,-107.36,-39.04,87.84,-14.64,-73.2,414.8,546.56,380.64,-322.08,-34.16,-2747.44
-87.84,-97.6,-9.76,92.72,-39.04,-53.68,405.04,561.2,405.04,-312.32,-24.4,-2742.56
-87.84,-87.84,0,87.84,-43.92,-43.92,385.52,566.08,405.04,-307.44,-24.4,-2762.08
-73.2,-87.84,-14.64,82.96,-29.28,-53.68,429.44,570.96,414.8,-307.44,-24.4,-2781.6
-53.68,-78.08,-24.4,68.32,-14.64,-53.68,424.56,580.72,434.32,-297.68,-24.4,-2820.64
-43.92,-78.08,-34.16,63.44,-4.88,-58.56,419.68,595.36,439.2,-278.16,-9.76,-2849.92
-34.16,-78.08,-43.92,58.56,4.88,-63.44,468.48,610,458.72,-263.52,-4.88,-2849.92
-53.68,-68.32,-14.64,63.44,-19.52,-43.92,439.2,610,478.24,-263.52,-9.76,-2869.44
-73.2,-63.44,9.76,68.32,-43.92,-29.28,434.32,614.88,463.6,-268.4,-9.76,-2908.48
-73.2,-73.2,0,73.2,-39.04,-39.04,444.08,639.28,468.48,-258.64,-14.64,-2923.12
-82.96,-73.2,9.76,78.08,-48.8,-34.16,429.44,639.28,473.36,-248.88,-4.88,-2932.88
-73.2,-63.44,9.76,68.32,-43.92,-29.28,439.2,649.04,478.24,-244,9.76,-2962.16
-82.96,-78.08,4.88,82.96,-43.92,-39.04,458.72,639.28,478.24,-234.24,0,-2996.32
-73.2,-78.08,-4.88,78.08,-34.16,-43.92,434.32,634.4,478.24,-239.12,9.76,-3040.24
-73.2,-82.96,-9.76,78.08,-34.16,-48.8,448.96,653.92,497.76,-224.48,29.28,-3045.12
-73.2,-63.44,9.76,68.32,-43.92,-29.28,429.44,658.8,497.76,-224.48,19.52,-3064.64
-73.2,-58.56,14.64,68.32,-43.92,-24.4,444.08,653.92,502.64,-219.6,24.4,-3069.52
-87.84,-73.2,14.64,82.96,-53.68,-29.28,488,663.68,507.52,-214.72,24.4,-3079.28
-97.6,-73.2,24.4,87.84,-63.44,-24.4,444.08,649.04,502.64,-209.84,24.4,-3074.4
-97.6,-63.44,34.16,82.96,-68.32,-14.64,448.96,649.04,488,-204.96,19.52,-3059.76
-92.72,-48.8,43.92,73.2,-68.32,-4.88,473.36,639.28,488,-200.08,14.64,-3064.64
-97.6,-43.92,53.68,73.2,-78.08,4.88,453.84,629.52,483.12,-204.96,14.64,-3059.76
-131.76,-73.2,58.56,102.48,-97.6,-9.76,429.44,634.4,483.12,-190.32,24.4,-3045.12
-136.64,-78.08,58.56,107.36,-97.6,-9.76,444.08,619.76,478.24,-209.84,14.64,-3045.12
-107.36,-43.92,63.44,78.08,-87.84,9.76,439.2,629.52,507.52,-195.2,29.28,-3030.48
-126.88,-58.56,68.32,92.72,-97.6,4.88,429.44,624.64,507.52,-190.32,34.16,-3010.96
-131.76,-58.56,73.2,97.6,-102.48,4.88,390.4,619.76,492.88,-204.96,24.4,-2981.68
-82.96,4.88,87.84,39.04,-87.84,43.92,409.92,639.28,507.52,-200.08,43.92,-2942.64
-107.36,0,107.36,53.68,-107.36,53.68,458.72,649.04,517.28,-175.68,48.8,-2932.88
-97.6,9.76,107.36,43.92,-102.48,58.56,458.72,644.16,517.28,-170.8,48.8,-2893.84
-63.44,0,63.44,34.16,-63.44,29.28,434.32,624.64,507.52,-180.56,34.16,-2874.32
-78.08,0,78.08,39.04,-78.08,39.04,395.28,605.12,502.64,-185.44,34.16,-2874.32
-92.72,0,92.72,48.8,-92.72,43.92,419.68,590.48,497.76,-170.8,43.92,-2840.16
-78.08,-9.76,68.32,43.92,-73.2,29.28,458.72,590.48,512.4,-156.16,63.44,-2806
-102.48,-24.4,78.08,63.44,-92.72,24.4,488,590.48,517.28,-185.44,48.8,-2796.24
-97.6,-29.28,68.32,63.44,-82.96,19.52,409.92,566.08,483.12,-200.08,34.16,-2801.12
-117.12,-39.04,78.08,78.08,-97.6,19.52,409.92,556.32,468.48,-200.08,39.04,-2762.08
-117.12,-24.4,92.72,73.2,-107.36,34.16,361.12,536.8,463.6,-214.72,39.04,-2762.08
-107.36,-9.76,97.6,58.56,-102.48,43.92,331.84,512.4,453.84,-204.96,43.92,-2762.08
-117.12,-24.4,92.72,73.2,-107.36,34.16,341.6,488,429.44,-219.6,29.28,-2747.44
-82.96,4.88,87.84,39.04,-87.84,43.92,361.12,478.24,424.56,-219.6,34.16,-2713.28
-58.56,29.28,87.84,14.64,-73.2,58.56,336.72,478.24,409.92,-214.72,48.8,-2693.76
-58.56,29.28,87.84,14.64,-73.2,58.56,336.72,473.36,385.52,-229.36,43.92,-2703.52
-68.32,-4.88,63.44,39.04,-68.32,29.28,336.72,439.2,375.76,-234.24,39.04,-2698.64
-58.56,-39.04,19.52,48.8,-39.04,-9.76,346.48,424.56,375.76,-234.24,34.16,-2674.24
-14.64,-9.76,4.88,14.64,-9.76,-4.88,346.48,390.4,351.36,-253.76,24.4,-2684
-58.56,-4.88,53.68,34.16,-58.56,24.4,336.72,395.28,361.12,-244,43.92,-2625.44
-73.2,-24.4,48.8,48.8,-63.44,9.76,370.88,395.28,356.24,-248.88,39.04,-2605.92
-48.8,-4.88,43.92,29.28,-48.8,19.52,366,385.52,336.72,-258.64,39.04,-2625.44
-43.92,-14.64,29.28,29.28,-39.04,4.88,336.72,346.48,302.56,-273.28,19.52,-2630.32
-63.44,-24.4,39.04,43.92,-53.68,4.88,287.92,326.96,273.28,-287.92,14.64,-2635.2
-68.32,-24.4,43.92,48.8,-58.56,9.76,292.8,326.96,268.4,-297.68,19.52,-2640.08
-73.2,-43.92,29.28,58.56,-53.68,-9.76,273.28,317.2,253.76,-297.68,29.28,-2605.92
-68.32,-48.8,19.52,58.56,-43.92,-14.64,292.8,307.44,248.88,-292.8,34.16,-2571.76
-58.56,-34.16,24.4,48.8,-43.92,-4.88,312.32,307.44,253.76,-287.92,19.52,-2566.88
-43.92,-34.16,9.76,39.04,-29.28,-14.64,287.92,302.56,244,-297.68,14.64,-2601.04
-29.28,-34.16,-4.88,34.16,-14.64,-19.52,287.92,302.56,244,-297.68,9.76,-2601.04
-43.92,-48.8,-4.88,48.8,-19.52,-29.28,287.92,292.8,229.36,-307.44,0,-2605.92
-39.04,-39.04,0,39.04,-19.52,-19.52,263.52,268.4,204.96,-331.84,-14.64,-2620.56
-29.28,-39.04,-9.76,34.16,-9.76,-24.4,273.28,283.04,204.96,-322.08,-9.76,-2610.8
-39.04,-73.2,-34.16,58.56,-4.88,-53.68,253.76,287.92,209.84,-322.08,0,-2620.56
-58.56,-87.84,-29.28,73.2,-14.64,-58.56,224.48,268.4,190.32,-341.6,-19.52,-2635.2
-53.68,-73.2,-19.52,63.44,-19.52,-48.8,258.64,263.52,185.44,-356.24,-29.28,-2688.88
-58.56,-68.32,-9.76,63.44,-24.4,-39.04,234.24,258.64,190.32,-361.12,-34.16,-2713.28
-48.8,-68.32,-19.52,58.56,-14.64,-43.92,229.36,278.16,195.2,-346.48,-24.4,-2713.28
-14.64,-48.8,-34.16,34.16,9.76,-43.92,278.16,287.92,200.08,-336.72,-14.64,-2713.28
-43.92,-73.2,-29.28,58.56,-9.76,-53.68,263.52,263.52,180.56,-361.12,-34.16,-2771.84
-53.68,-87.84,-34.16,73.2,-9.76,-63.44,239.12,273.28,185.44,-366,-29.28,-2776.72
-43.92,-78.08,-34.16,63.44,-4.88,-58.56,287.92,273.28,204.96,-361.12,-29.28,-2820.64
-58.56,-87.84,-29.28,73.2,-14.64,-58.56,302.56,258.64,185.44,-370.88,-39.04,-2903.6
-48.8,-63.44,-14.64,58.56,-19.52,-39.04,322.08,283.04,209.84,-356.24,-29.28,-2962.16
-58.56,-78.08,-19.52,68.32,-19.52,-48.8,292.8,292.8,214.72,-361.12,-34.16,-3045.12
-53.68,-63.44,-9.76,58.56,-24.4,-39.04,283.04,302.56,195.2,-356.24,-34.16,-3123.2
-43.92,-68.32,-24.4,58.56,-9.76,-48.8,331.84,283.04,185.44,-351.36,-39.04,-3211.04
-39.04,-58.56,-19.52,48.8,-9.76,-39.04,297.68,283.04,185.44,-351.36,-43.92,-3298.88
-24.4,-29.28,-4.88,29.28,-9.76,-19.52,356.24,292.8,204.96,-336.72,-39.04,-3381.84
-48.8,-43.92,4.88,48.8,-29.28,-19.52,292.8,287.92,204.96,-322.08,-43.92,-3469.68
-63.44,-63.44,0,63.44,-34.16,-34.16,283.04,297.68,214.72,-307.44,-34.16,-3508.72
-68.32,-68.32,0,68.32,-34.16,-34.16,283.04,287.92,219.6,-307.44,-43.92,-3523.36
-87.84,-92.72,-4.88,92.72,-43.92,-48.8,302.56,283.04,209.84,-312.32,-48.8,-3542.88
-78.08,-87.84,-9.76,82.96,-34.16,-48.8,297.68,283.04,209.84,-307.44,-48.8,-3586.8
-58.56,-68.32,-9.76,63.44,-24.4,-39.04,317.2,297.68,224.48,-287.92,-29.28,-3577.04
-39.04,-39.04,0,39.04,-19.52,-19.52,292.8,317.2,219.6,-283.04,-24.4,-3591.68
-39.04,-43.92,-4.88,43.92,-19.52,-24.4,317.2,317.2,229.36,-268.4,-19.52,-3581.92
-58.56,-48.8,9.76,53.68,-34.16,-19.52,297.68,302.56,229.36,-278.16,-24.4,-3581.92
-53.68,-39.04,14.64,48.8,-34.16,-14.64,278.16,307.44,214.72,-297.68,-29.28,-3586.8
-48.8,-34.16,14.64,43.92,-34.16,-9.76,297.68,302.56,219.6,-283.04,-19.52,-3577.04
-48.8,-63.44,-14.64,58.56,-19.52,-39.04,287.92,302.56,239.12,-268.4,-29.28,-3567.28
-73.2,-78.08,-4.88,78.08,-34.16,-43.92,317.2,317.2,234.24,-258.64,-29.28,-3533.12
-97.6,-82.96,14.64,92.72,-58.56,-34.16,322.08,297.68,229.36,-263.52,-39.04,-3528.24
-53.68,-34.16,19.52,43.92,-39.04,-9.76,331.84,302.56,263.52,-239.12,-24.4,-3498.96
-34.16,-14.64,19.52,24.4,-29.28,0,322.08,302.56,258.64,-234.24,-19.52,-3479.44
-43.92,-29.28,14.64,39.04,-29.28,-9.76,326.96,302.56,253.76,-234.24,-19.52,-3450.16
-39.04,-39.04,0,39.04,-19.52,-19.52,292.8,312.32,248.88,-234.24,-19.52,-3489.2
-43.92,-39.04,4.88,43.92,-24.4,-19.52,307.44,302.56,258.64,-224.48,-24.4,-3469.68
-34.16,-24.4,9.76,29.28,-24.4,-9.76,351.36,297.68,263.52,-214.72,-9.76,-3474.56
-24.4,-24.4,0,24.4,-14.64,-14.64,326.96,302.56,283.04,-209.84,-9.76,-3489.2
-29.28,-39.04,-9.76,34.16,-9.76,-24.4,317.2,297.68,268.4,-209.84,-19.52,-3523.36
-43.92,-39.04,4.88,43.92,-24.4,-19.52,317.2,307.44,278.16,-200.08,-9.76,-3528.24
-53.68,-48.8,4.88,53.68,-29.28,-24.4,331.84,287.92,287.92,-185.44,-14.64,-3523.36
-73.2,-63.44,9.76,68.32,-43.92,-29.28,302.56,283.04,268.4,-185.44,-24.4,-3513.6
-48.8,-58.56,-9.76,53.68,-19.52,-34.16,283.04,278.16,278.16,-185.44,-24.4,-3547.76
-34.16,-53.68,-19.52,43.92,-9.76,-39.04,312.32,273.28,287.92,-170.8,-14.64,-3547.76
-43.92,-53.68,-9.76,48.8,-19.52,-34.16,312.32,263.52,278.16,-180.56,-19.52,-3552.64
-29.28,-34.16,-4.88,34.16,-14.64,-19.52,263.52,287.92,283.04,-175.68,-9.76,-3557.52
-29.28,-4.88,24.4,19.52,-29.28,9.76,248.88,278.16,292.8,-170.8,-9.76,-3533.12
-14.64,-9.76,4.88,14.64,-9.76,-4.88,283.04,273.28,297.68,-165.92,4.88,-3513.6
-24.4,-29.28,-4.88,29.28,-9.76,-19.52,278.16,253.76,292.8,-170.8,-9.76,-3528.24
-53.68,-48.8,4.88,53.68,-29.28,-24.4,283.04,253.76,273.28,-180.56,-14.64,-3523.36
-63.44,-68.32,-4.88,68.32,-29.28,-39.04,239.12,234.24,283.04,-175.68,-19.52,-3489.2
-78.08,-87.84,-9.76,82.96,-34.16,-48.8,224.48,229.36,297.68,-175.68,-24.4,-3464.8
-68.32,-87.84,-19.52,78.08,-24.4,-53.68,209.84,219.6,263.52,-190.32,-39.04,-3455.04
-68.32,-92.72,-24.4,82.96,-24.4,-58.56,244,224.48,268.4,-175.68,-29.28,-3391.6
-24.4,-53.68,-29.28,39.04,0,-43.92,244,244,283.04,-165.92,-19.52,-3362.32
-9.76,-19.52,-9.76,14.64,0,-14.64,214.72,253.76,302.56,-165.92,-14.64,-3372.08
-34.16,-53.68,-19.52,43.92,-9.76,-39.04,229.36,253.76,297.68,-165.92,-14.64,-3333.04
-29.28,-63.44,-34.16,48.8,0,-48.8,263.52,258.64,297.68,-161.04,-4.88,-3318.4
-48.8,-78.08,-29.28,63.44,-9.76,-53.68,244,248.88,297.68,-161.04,-9.76,-3284.24
-78.08,-102.48,-24.4,92.72,-29.28,-63.44,195.2,239.12,292.8,-170.8,-19.52,-3289.12
-78.08,-102.48,-24.4,92.72,-29.28,-63.44,204.96,224.48,287.92,-170.8,-14.64,-3303.76
-73.2,-92.72,-19.52,82.96,-29.28,-58.56,219.6,229.36,287.92,-170.8,-14.64,-3313.52
-58.56,-68.32,-9.76,63.44,-24.4,-39.04,195.2,234.24,292.8,-165.92,-19.52,-3298.88
-29.28,-58.56,-29.28,43.92,0,-43.92,209.84,224.48,292.8,-165.92,-14.64,-3289.12
-19.52,-53.68,-34.16,39.04,4.88,-43.92,248.88,248.88,307.44,-156.16,-9.76,-3279.36
-39.04,-68.32,-29.28,53.68,-4.88,-48.8,209.84,253.76,317.2,-151.28,-4.88,-3259.84
-24.4,-78.08,-53.68,53.68,14.64,-68.32,200.08,224.48,307.44,-161.04,-14.64,-3259.84
-19.52,-87.84,-68.32,53.68,24.4,-78.08,200.08,214.72,302.56,-165.92,-14.64,-3259.84
-4.88,-73.2,-68.32,39.04,29.28,-73.2,185.44,219.6,302.56,-165.92,-9.76,-3264.72
-29.28,-78.08,-48.8,53.68,9.76,-63.44,165.92,239.12,312.32,-165.92,-14.64,-3254.96
-53.68,-92.72,-39.04,73.2,-9.76,-68.32,151.28,229.36,307.44,-175.68,-14.64,-3230.56
-68.32,-112.24,-43.92,92.72,-14.64,-78.08,151.28,224.48,297.68,-180.56,-14.64,-3211.04
-78.08,-112.24,-34.16,97.6,-24.4,-73.2,156.16,224.48,297.68,-180.56,-14.64,-3201.28
-73.2,-97.6,-24.4,87.84,-24.4,-63.44,161.04,214.72,307.44,-180.56,-9.76,-3142.72
-34.16,-97.6,-63.44,68.32,14.64,-82.96,151.28,214.72,312.32,-190.32,-24.4,-3113.44
14.64,-53.68,-68.32,19.52,39.04,-63.44,180.56,204.96,297.68,-190.32,-29.28,-3079.28
-43.92,-53.68,-9.76,48.8,-19.52,-34.16,214.72,219.6,322.08,-170.8,4.88,-3025.6
-29.28,-78.08,-48.8,53.68,9.76,-63.44,175.68,229.36,326.96,-161.04,4.88,-2971.92
-43.92,-82.96,-39.04,63.44,-4.88,-63.44,165.92,239.12,336.72,-161.04,0,-2913.36
-58.56,-92.72,-34.16,78.08,-14.64,-63.44,170.8,224.48,326.96,-170.8,-4.88,-2893.84
-39.04,-78.08,-39.04,58.56,0,-58.56,165.92,214.72,322.08,-180.56,-14.64,-2840.16
-43.92,-63.44,-19.52,53.68,-14.64,-43.92,151.28,209.84,312.32,-190.32,-19.52,-2801.12
-53.68,-82.96,-29.28,68.32,-14.64,-58.56,170.8,209.84,307.44,-195.2,-14.64,-2742.56
-58.56,-87.84,-29.28,73.2,-14.64,-58.56,175.68,200.08,312.32,-200.08,-24.4,-2718.16
-68.32,-87.84,-19.52,78.08,-24.4,-53.68,170.8,190.32,297.68,-219.6,-39.04,-2737.68
-73.2,-73.2,0,73.2,-39.04,-39.04,224.48,185.44,297.68,-229.36,-48.8,-2718.16
-58.56,-82.96,-24.4,73.2,-19.52,-53.68,278.16,200.08,317.2,-219.6,-34.16,-2684
-43.92,-92.72,-48.8,68.32,0,-73.2,209.84,200.08,331.84,-219.6,-24.4,-2654.72
-9.76,-63.44,-53.68,39.04,19.52,-58.56,170.8,219.6,356.24,-200.08,-4.88,-2605.92
-24.4,-63.44,-39.04,43.92,4.88,-53.68,161.04,239.12,375.76,-180.56,14.64,-2586.4
-58.56,-63.44,-4.88,63.44,-29.28,-34.16,190.32,268.4,395.28,-165.92,24.4,-2596.16
-43.92,-43.92,0,43.92,-24.4,-24.4,200.08,380.64,458.72,-136.64,43.92,-2591.28
-14.64,-14.64,0,14.64,-9.76,-9.76,258.64,580.72,585.6,-82.96,78.08,-2571.76
9.76,-9.76,-19.52,0,14.64,-14.64,292.8,829.6,795.44,14.64,131.76,-2547.36
34.16,14.64,-19.52,-24.4,24.4,-4.88,370.88,1054.08,990.64,107.36,185.44,-2527.84
58.56,43.92,-14.64,-48.8,34.16,14.64,385.52,1063.84,976,117.12,200.08,-2532.72
68.32,48.8,-19.52,-58.56,43.92,14.64,366,868.64,795.44,53.68,170.8,-2547.36
43.92,24.4,-19.52,-34.16,29.28,0,297.68,527.04,546.56,-29.28,136.64,-2557.12
39.04,19.52,-19.52,-29.28,29.28,0,209.84,102.48,234.24,-136.64,102.48,-2547.36
78.08,43.92,-34.16,-58.56,53.68,4.88,102.48,-302.56,-53.68,-209.84,102.48,-2488.8
97.6,48.8,-48.8,-73.2,73.2,0,-34.16,-653.92,-292.8,-268.4,107.36,-2469.28
117.12,29.28,-87.84,-73.2,102.48,-29.28,-131.76,-951.6,-507.52,-317.2,112.24,-2430.24
131.76,29.28,-102.48,-78.08,117.12,-39.04,-283.04,-1278.56,-732,-361.12,122,-2405.84
165.92,34.16,-131.76,-97.6,146.4,-48.8,-434.32,-1581.12,-951.6,-419.68,136.64,-2332.64
204.96,78.08,-126.88,-141.52,165.92,-24.4,-502.64,-1815.36,-1122.4,-453.84,170.8,-2239.92
239.12,122,-117.12,-180.56,175.68,0,-634.4,-2142.32,-1420.08,-590.48,151.28,-2225.28
278.16,122,-156.16,-200.08,214.72,-19.52,-766.16,-2440,-1727.52,-761.28,92.72,-2176.48
253.76,73.2,-180.56,-161.04,214.72,-53.68,-834.48,-2664.48,-1952,-912.56,39.04,-2132.56
239.12,68.32,-170.8,-151.28,204.96,-53.68,-936.96,-2859.68,-2156.96,-1063.84,-19.52,-2093.52
268.4,97.6,-170.8,-180.56,219.6,-39.04,-1063.84,-3054.88,-2352.16,-1171.2,-24.4,-2000.8
326.96,151.28,-175.68,-239.12,248.88,-14.64,-1220,-3264.72,-2537.6,-1278.56,-9.76,-1908.08
424.56,248.88,-175.68,-336.72,297.68,34.16,-1337.12,-3406.24,-2620.56,-1293.2,78.08,-1756.8
478.24,346.48,-131.76,-409.92,302.56,107.36,-1464,-3484.32,-2620.56,-1239.52,195.2,-1586
502.64,434.32,-68.32,-468.48,283.04,180.56,-1561.6,-3523.36,-2601.04,-1176.08,326.96,-1405.44
561.2,531.92,-29.28,-546.56,292.8,248.88,-1649.44,-3489.2,-2522.96,-1049.2,497.76,-1215.12
610,644.16,34.16,-624.64,287.92,336.72,-1732.4,-3406.24,-2405.84,-893.04,683.2,-1015.04
624.64,736.88,112.24,-678.32,253.76,424.56,-1742.16,-3206.16,-2200.88,-692.96,888.16,-771.04
556.32,829.6,273.28,-692.96,141.52,551.44,-1659.2,-2928,-1917.84,-497.76,1049.2,-580.72
458.72,897.92,439.2,-678.32,9.76,668.56,-1625.04,-2679.12,-1717.76,-424.56,1088.24,-483.12
370.88,932.08,561.2,-649.04,-97.6,746.64,-1493.28,-2469.28,-1620.16,-517.28,951.6,-463.6
248.88,893.04,644.16,-570.96,-200.08,766.16,-1337.12,-2254.56,-1542.08,-653.92,761.28,-512.4
165.92,834.48,668.56,-497.76,-253.76,751.52,-1176.08,-2064.24,-1493.28,-795.44,580.72,-595.36
131.76,819.84,688.08,-473.36,-278.16,751.52,-1049.2,-1844.64,-1395.68,-878.4,444.08,-658.8
39.04,761.28,722.24,-400.16,-341.6,741.76,-907.68,-1673.84,-1298.08,-936.96,302.56,-741.76
-73.2,683.2,756.4,-302.56,-414.8,717.36,-741.76,-1512.8,-1171.2,-980.88,180.56,-839.36
-151.28,614.88,766.16,-229.36,-458.72,688.08,-644.16,-1317.6,-1039.44,-966.24,112.24,-912.56
-170.8,556.32,727.12,-190.32,-448.96,639.28,-580.72,-1156.56,-917.44,-956.48,48.8,-976
-151.28,527.04,678.32,-185.44,-414.8,600.24,-566.08,-1039.44,-795.44,-922.32,24.4,-1049.2
-126.88,541.68,668.56,-204.96,-400.16,605.12,-448.96,-858.88,-644.16,-834.48,34.16,-1058.96
-102.48,551.44,653.92,-224.48,-380.64,600.24,-356.24,-697.84,-522.16,-771.04,43.92,-1063.84
-156.16,468.48,624.64,-156.16,-390.4,546.56,-297.68,-575.84,-419.68,-732,4.88,-1117.52
-165.92,395.28,561.2,-112.24,-366,478.24,-204.96,-458.72,-326.96,-697.84,-24.4,-1156.56
-146.4,326.96,473.36,-87.84,-312.32,400.16,-165.92,-370.88,-263.52,-678.32,-48.8,-1180.96
-122,263.52,385.52,-68.32,-253.76,322.08,-117.12,-283.04,-165.92,-649.04,-53.68,-1200.48
-136.64,204.96,341.6,-34.16,-239.12,273.28,-73.2,-200.08,-92.72,-634.4,-82.96,-1249.28
-146.4,136.64,283.04,4.88,-214.72,209.84,-39.04,-122,-39.04,-614.88,-92.72,-1273.68
-146.4,92.72,239.12,29.28,-195.2,165.92,29.28,-39.04,19.52,-595.36,-107.36,-1307.84
-146.4,43.92,190.32,53.68,-170.8,117.12,29.28,0,43.92,-580.72,-112.24,-1337.12
-126.88,24.4,151.28,53.68,-141.52,87.84,58.56,53.68,82.96,-541.68,-97.6,-1317.6
-102.48,-4.88,97.6,53.68,-102.48,43.92,73.2,107.36,126.88,-507.52,-82.96,-1322.48
-117.12,-48.8,68.32,82.96,-92.72,9.76,78.08,146.4,165.92,-488,-82.96,-1342
-136.64,-87.84,48.8,112.24,-92.72,-19.52,136.64,180.56,200.08,-453.84,-78.08,-1307.84
-131.76,-107.36,24.4,122,-78.08,-43.92,146.4,195.2,219.6,-448.96,-97.6,-1312.72
-151.28,-136.64,14.64,146.4,-82.96,-63.44,107.36,200.08,209.84,-458.72,-117.12,-1273.68
-112.24,-97.6,14.64,107.36,-63.44,-43.92,151.28,204.96,229.36,-444.08,-107.36,-1273.68
-73.2,-68.32,4.88,73.2,-39.04,-34.16,136.64,224.48,253.76,-439.2,-97.6,-1244.4
-68.32,-87.84,-19.52,78.08,-24.4,-53.68,165.92,248.88,268.4,-424.56,-87.84,-1210.24
-97.6,-112.24,-14.64,107.36,-43.92,-63.44,195.2,244,268.4,-429.44,-92.72,-1156.56
-92.72,-117.12,-24.4,107.36,-34.16,-73.2,180.56,258.64,278.16,-434.32,-82.96,-1137.04
-82.96,-102.48,-19.52,92.72,-34.16,-63.44,204.96,268.4,292.8,-444.08,-87.84,-1112.64
-92.72,-112.24,-19.52,102.48,-39.04,-68.32,170.8,263.52,278.16,-468.48,-92.72,-1098
-117.12,-112.24,4.88,117.12,-63.44,-53.68,156.16,268.4,253.76,-478.24,-92.72,-1078.48
-122,-112.24,9.76,117.12,-68.32,-53.68,175.68,268.4,248.88,-488,-97.6,-1063.84
-117.12,-87.84,29.28,102.48,-73.2,-29.28,156.16,273.28,258.64,-497.76,-102.48,-1029.68
-97.6,-92.72,4.88,97.6,-53.68,-43.92,175.68,292.8,253.76,-497.76,-92.72,-990.64
-107.36,-102.48,4.88,107.36,-58.56,-48.8,180.56,283.04,244,-507.52,-97.6,-990.64
-126.88,-126.88,0,126.88,-63.44,-63.44,214.72,278.16,248.88,-512.4,-102.48,-1000.4
-122,-107.36,14.64,117.12,-68.32,-48.8,214.72,283.04,258.64,-517.28,-97.6,-1000.4
-107.36,-97.6,9.76,102.48,-58.56,-43.92,200.08,297.68,239.12,-527.04,-97.6,-1019.92
-112.24,-92.72,19.52,102.48,-68.32,-39.04,190.32,307.44,239.12,-527.04,-102.48,-1015.04
-92.72,-82.96,9.76,87.84,-53.68,-39.04,190.32,307.44,244,-512.4,-87.84,-990.64
-126.88,-87.84,39.04,107.36,-82.96,-24.4,209.84,317.2,263.52,-522.16,-92.72,-1029.68
-151.28,-131.76,19.52,141.52,-87.84,-58.56,185.44,341.6,253.76,-507.52,-87.84,-995.52
-156.16,-131.76,24.4,146.4,-92.72,-53.68,165.92,317.2,234.24,-512.4,-92.72,-995.52
-170.8,-156.16,14.64,165.92,-92.72,-73.2,151.28,302.56,253.76,-522.16,-97.6,-976
-190.32,-175.68,14.64,185.44,-102.48,-82.96,185.44,312.32,224.48,-531.92,-107.36,-985.76
-170.8,-165.92,4.88,170.8,-87.84,-82.96,195.2,331.84,234.24,-517.28,-97.6,-946.72
-141.52,-126.88,14.64,136.64,-78.08,-58.56,180.56,336.72,248.88,-512.4,-92.72,-902.8
-117.12,-92.72,24.4,107.36,-73.2,-34.16,175.68,346.48,263.52,-502.64,-78.08,-863.76
-102.48,-82.96,19.52,92.72,-63.44,-34.16,200.08,351.36,263.52,-502.64,-78.08,-863.76
-102.48,-92.72,9.76,97.6,-58.56,-43.92,195.2,366,273.28,-492.88,-73.2,-834.48
-117.12,-107.36,9.76,112.24,-63.44,-48.8,170.8,361.12,268.4,-512.4,-82.96,-844.24
-136.64,-102.48,34.16,122,-87.84,-34.16,209.84,366,283.04,-512.4,-73.2,-824.72
-122,-97.6,24.4,112.24,-73.2,-39.04,229.36,366,273.28,-512.4,-78.08,-829.6
-117.12,-107.36,9.76,112.24,-63.44,-48.8,195.2,346.48,248.88,-546.56,-97.6,-858.88
-136.64,-107.36,29.28,122,-82.96,-39.04,200.08,361.12,248.88,-551.44,-97.6,-878.4
-151.28,-151.28,0,151.28,-78.08,-78.08,204.96,370.88,258.64,-541.68,-92.72,-888.16
-156.16,-151.28,4.88,156.16,-82.96,-73.2,234.24,385.52,283.04,-527.04,-78.08,-873.52
-161.04,-126.88,34.16,146.4,-97.6,-48.8,214.72,385.52,297.68,-527.04,-78.08,-902.8
-185.44,-151.28,34.16,170.8,-112.24,-58.56,229.36,390.4,292.8,-522.16,-82.96,-956.48
-170.8,-131.76,39.04,151.28,-107.36,-48.8,253.76,414.8,292.8,-512.4,-82.96,-976
-136.64,-87.84,48.8,112.24,-92.72,-19.52,244,434.32,312.32,-488,-63.44,-1015.04
-141.52,-87.84,53.68,117.12,-97.6,-19.52,214.72,409.92,297.68,-497.76,-73.2,-1058.96
-122,-82.96,39.04,102.48,-82.96,-24.4,224.48,405.04,292.8,-497.76,-82.96,-1083.36
-107.36,-53.68,53.68,82.96,-82.96,0,278.16,424.56,322.08,-488,-63.44,-1102.88
-151.28,-78.08,73.2,117.12,-112.24,-4.88,292.8,424.56,312.32,-497.76,-73.2,-1117.52
-151.28,-82.96,68.32,117.12,-112.24,-9.76,287.92,424.56,292.8,-507.52,-82.96,-1122.4
-141.52,-82.96,58.56,112.24,-102.48,-14.64,263.52,434.32,312.32,-492.88,-68.32,-1122.4
-122,-63.44,58.56,92.72,-92.72,-4.88,263.52,463.6,351.36,-473.36,-53.68,-1102.88
-107.36,-63.44,43.92,87.84,-78.08,-9.76,273.28,473.36,361.12,-448.96,-39.04,-1063.84
-107.36,-78.08,29.28,92.72,-68.32,-24.4,273.28,473.36,361.12,-444.08,-29.28,-1044.32
-102.48,-82.96,19.52,92.72,-63.44,-34.16,302.56,488,380.64,-434.32,-19.52,-1005.28
-131.76,-112.24,19.52,122,-78.08,-48.8,283.04,488,366,-444.08,-34.16,-995.52
-156.16,-112.24,43.92,136.64,-102.48,-34.16,258.64,473.36,361.12,-458.72,-53.68,-990.64
-161.04,-117.12,43.92,141.52,-102.48,-39.04,244,483.12,370.88,-458.72,-53.68,-966.24
-161.04,-112.24,48.8,136.64,-107.36,-34.16,283.04,473.36,361.12,-468.48,-53.68,-976
-122,-73.2,48.8,97.6,-87.84,-14.64,248.88,488,366,-473.36,-43.92,-956.48
-126.88,-78.08,48.8,102.48,-87.84,-14.64,287.92,488,380.64,-463.6,-34.16,-946.72
-131.76,-92.72,39.04,112.24,-87.84,-29.28,244,497.76,390.4,-473.36,-39.04,-956.48
-126.88,-87.84,39.04,107.36,-82.96,-24.4,224.48,517.28,400.16,-468.48,-34.16,-936.96
-122,-82.96,39.04,102.48,-82.96,-24.4,268.4,522.16,409.92,-468.48,-34.16,-922.32
-107.36,-73.2,34.16,92.72,-73.2,-19.52,248.88,531.92,439.2,-458.72,-24.4,-927.2
-107.36,-63.44,43.92,87.84,-78.08,-9.76,258.64,551.44,448.96,-444.08,-24.4,-907.68
-117.12,-73.2,43.92,97.6,-82.96,-14.64,244,536.8,419.68,-453.84,-29.28,-893.04
-146.4,-97.6,48.8,122,-97.6,-24.4,244,531.92,424.56,-473.36,-39.04,-897.92
-136.64,-82.96,53.68,112.24,-97.6,-14.64,268.4,561.2,429.44,-468.48,-34.16,-888.16
-131.76,-68.32,63.44,102.48,-97.6,-4.88,263.52,556.32,429.44,-473.36,-34.16,-897.92
-141.52,-92.72,48.8,117.12,-97.6,-24.4,244,561.2,448.96,-473.36,-24.4,-883.28
-161.04,-112.24,48.8,136.64,-107.36,-34.16,278.16,570.96,463.6,-473.36,-24.4,-868.64
-165.92,-112.24,53.68,141.52,-112.24,-29.28,278.16,570.96,448.96,-483.12,-29.28,-868.64
-151.28,-97.6,53.68,126.88,-102.48,-24.4,273.28,590.48,444.08,-483.12,-29.28,-819.84
-170.8,-107.36,63.44,141.52,-117.12,-24.4,283.04,600.24,434.32,-488,-34.16,-810.08
-190.32,-112.24,78.08,151.28,-136.64,-19.52,258.64,590.48,434.32,-492.88,-39.04,-790.56
-156.16,-63.44,92.72,112.24,-126.88,14.64,268.4,610,473.36,-478.24,-19.52,-732
-92.72,-14.64,78.08,53.68,-87.84,29.28,297.68,634.4,497.76,-473.36,-4.88,-697.84
-97.6,-19.52,78.08,58.56,-87.84,29.28,326.96,644.16,478.24,-468.48,-4.88,-668.56
-126.88,-48.8,78.08,87.84,-102.48,14.64,278.16,649.04,468.48,-488,-19.52,-649.04
-141.52,-63.44,78.08,102.48,-112.24,4.88,268.4,658.8,463.6,-492.88,-19.52,-614.88
-146.4,-73.2,73.2,112.24,-112.24,0,263.52,678.32,468.48,-492.88,-14.64,-600.24
-161.04,-78.08,82.96,122,-122,0,287.92,658.8,468.48,-497.76,-14.64,-566.08
-185.44,-87.84,97.6,136.64,-141.52,4.88,322.08,649.04,478.24,-502.64,-24.4,-541.68
-185.44,-87.84,97.6,136.64,-141.52,4.88,297.68,644.16,468.48,-497.76,-29.28,-502.64
-156.16,-58.56,97.6,107.36,-126.88,19.52,322.08,653.92,453.84,-497.76,-29.28,-468.48
-136.64,-34.16,102.48,87.84,-122,34.16,312.32,649.04,458.72,-492.88,-14.64,-429.44
-126.88,-29.28,97.6,78.08,-112.24,34.16,326.96,619.76,463.6,-497.76,-19.52,-395.28
-156.16,-39.04,117.12,97.6,-136.64,39.04,287.92,600.24,453.84,-502.64,-29.28,-370.88
-185.44,-43.92,141.52,117.12,-165.92,48.8,322.08,614.88,473.36,-492.88,-14.64,-307.44
-156.16,-19.52,136.64,87.84,-146.4,58.56,341.6,610,497.76,-483.12,-9.76,-297.68
-131.76,-9.76,122,73.2,-126.88,53.68,341.6,595.36,492.88,-483.12,0,-273.28
-141.52,-29.28,112.24,87.84,-126.88,39.04,273.28,575.84,483.12,-497.76,-9.76,-263.52
-165.92,-39.04,126.88,102.48,-146.4,43.92,273.28,561.2,473.36,-512.4,-9.76,-244
-185.44,-48.8,136.64,117.12,-161.04,43.92,302.56,561.2,473.36,-507.52,-14.64,-234.24
-209.84,-63.44,146.4,136.64,-180.56,39.04,273.28,551.44,468.48,-507.52,-4.88,-219.6
-209.84,-58.56,151.28,136.64,-180.56,43.92,283.04,522.16,439.2,-527.04,-14.64,-234.24
-180.56,-24.4,156.16,102.48,-170.8,63.44,287.92,527.04,444.08,-531.92,-4.88,-229.36
-131.76,19.52,151.28,58.56,-141.52,82.96,263.52,536.8,439.2,-536.8,-4.88,-229.36
-126.88,14.64,141.52,58.56,-136.64,78.08,312.32,527.04,439.2,-522.16,4.88,-185.44
-146.4,4.88,151.28,73.2,-151.28,78.08,326.96,522.16,444.08,-517.28,9.76,-195.2
-141.52,9.76,151.28,68.32,-146.4,78.08,297.68,522.16,453.84,-522.16,19.52,-219.6
-141.52,19.52,161.04,63.44,-151.28,87.84,248.88,517.28,429.44,-531.92,14.64,-229.36
-122,43.92,165.92,39.04,-146.4,102.48,239.12,497.76,419.68,-531.92,34.16,-248.88
-112.24,34.16,146.4,39.04,-131.76,87.84,253.76,492.88,409.92,-531.92,48.8,-253.76
-107.36,19.52,126.88,43.92,-117.12,73.2,258.64,478.24,409.92,-531.92,43.92,-244
-97.6,29.28,126.88,34.16,-112.24,78.08,229.36,453.84,380.64,-556.32,29.28,-258.64
-102.48,34.16,136.64,34.16,-122,82.96,229.36,448.96,361.12,-566.08,29.28,-273.28
-117.12,19.52,136.64,48.8,-126.88,78.08,209.84,429.44,336.72,-570.96,24.4,-278.16
-107.36,9.76,117.12,48.8,-112.24,63.44,180.56,414.8,331.84,-575.84,29.28,-278.16
-78.08,24.4,102.48,29.28,-92.72,63.44,239.12,414.8,322.08,-561.2,43.92,-239.12
-92.72,0,92.72,48.8,-92.72,43.92,204.96,375.76,317.2,-570.96,39.04,-219.6
-82.96,0,82.96,43.92,-82.96,39.04,185.44,346.48,287.92,-580.72,34.16,-234.24
-53.68,24.4,78.08,14.64,-68.32,48.8,209.84,331.84,287.92,-580.72,34.16,-204.96
-58.56,19.52,78.08,19.52,-68.32,48.8,214.72,312.32,258.64,-585.6,29.28,-195.2
-53.68,14.64,68.32,19.52,-63.44,39.04,180.56,297.68,239.12,-605.12,34.16,-185.44
-58.56,14.64,73.2,24.4,-68.32,43.92,195.2,273.28,219.6,-614.88,29.28,-175.68
-63.44,14.64,78.08,24.4,-73.2,43.92,156.16,263.52,200.08,-629.52,19.52,-161.04
-58.56,14.64,73.2,24.4,-68.32,43.92,146.4,268.4,195.2,-624.64,29.28,-141.52
-53.68,9.76,63.44,24.4,-58.56,34.16,151.28,248.88,180.56,-634.4,34.16,-131.76
-34.16,24.4,58.56,4.88,-48.8,39.04,141.52,229.36,170.8,-634.4,24.4,-107.36
-43.92,4.88,48.8,19.52,-48.8,24.4,141.52,214.72,175.68,-649.04,9.76,-78.08
-43.92,0,43.92,24.4,-43.92,19.52,141.52,209.84,151.28,-649.04,19.52,-63.44
-29.28,4.88,34.16,14.64,-34.16,19.52,170.8,200.08,146.4,-658.8,14.64,-24.4
-39.04,-24.4,14.64,34.16,-29.28,-4.88,200.08,190.32,131.76,-653.92,9.76,0
-34.16,-14.64,19.52,24.4,-29.28,0,146.4,180.56,117.12,-663.68,9.76,19.52
-34.16,-19.52,14.64,29.28,-24.4,-4.88,146.4,156.16,97.6,-678.32,0,34.16
-63.44,-43.92,19.52,53.68,-43.92,-14.64,122,146.4,82.96,-697.84,-9.76,24.4
-53.68,-29.28,24.4,43.92,-39.04,-4.88,102.48,151.28,68.32,-697.84,-14.64,29.28
-58.56,-43.92,14.64,53.68,-39.04,-14.64,107.36,151.28,97.6,-702.72,-14.64,58.56
-39.04,-48.8,-9.76,43.92,-14.64,-29.28,117.12,165.92,107.36,-707.6,-19.52,73.2
-43.92,-43.92,0,43.92,-24.4,-24.4,131.76,146.4,78.08,-707.6,-19.52,78.08
-43.92,-19.52,24.4,34.16,-34.16,0,107.36,165.92,78.08,-697.84,-9.76,82.96
-29.28,4.88,34.16,14.64,-34.16,19.52,126.88,170.8,92.72,-692.96,-4.88,97.6
-24.4,19.52,43.92,4.88,-34.16,29.28,146.4,165.92,107.36,-683.2,0,141.52
-29.28,0,29.28,14.64,-29.28,14.64,180.56,156.16,87.84,-697.84,-9.76,136.64
-29.28,-39.04,-9.76,34.16,-9.76,-24.4,126.88,141.52,102.48,-702.72,-24.4,126.88
-68.32,-63.44,4.88,68.32,-39.04,-29.28,136.64,131.76,68.32,-717.36,-14.64,141.52
-92.72,-48.8,43.92,73.2,-68.32,-4.88,126.88,131.76,58.56,-727.12,-19.52,112.24
-78.08,-48.8,29.28,63.44,-53.68,-9.76,82.96,131.76,58.56,-722.24,-34.16,112.24
-63.44,-82.96,-19.52,73.2,-24.4,-53.68,68.32,126.88,48.8,-736.88,-39.04,107.36
-53.68,-87.84,-34.16,73.2,-9.76,-63.44,24.4,146.4,43.92,-746.64,-43.92,92.72
-48.8,-43.92,4.88,48.8,-29.28,-19.52,78.08,200.08,58.56,-727.12,-29.28,102.48
-58.56,-43.92,14.64,53.68,-39.04,-14.64,73.2,190.32,58.56,-727.12,-39.04,82.96
-43.92,-29.28,14.64,39.04,-29.28,-9.76,63.44,170.8,58.56,-732,-43.92,112.24
-43.92,-48.8,-4.88,48.8,-19.52,-29.28,107.36,161.04,68.32,-712.48,-43.92,102.48
-73.2,-63.44,9.76,68.32,-43.92,-29.28,82.96,141.52,68.32,-712.48,-43.92,112.24
-63.44,-53.68,9.76,58.56,-39.04,-24.4,78.08,141.52,78.08,-702.72,-39.04,146.4
-53.68,-39.04,14.64,48.8,-34.16,-14.64,82.96,156.16,87.84,-697.84,-39.04,170.8
-82.96,-82.96,0,82.96,-43.92,-43.92,97.6,146.4,92.72,-692.96,-43.92,219.6
-73.2,-78.08,-4.88,78.08,-34.16,-43.92,87.84,141.52,92.72,-692.96,-48.8,239.12
-73.2,-73.2,0,73.2,-39.04,-39.04,68.32,126.88,82.96,-702.72,-43.92,253.76
-78.08,-73.2,4.88,78.08,-43.92,-34.16,53.68,122,87.84,-697.84,-43.92,278.16
-87.84,-87.84,0,87.84,-43.92,-43.92,87.84,102.48,68.32,-702.72,-48.8,302.56
-102.48,-102.48,0,102.48,-53.68,-53.68,68.32,97.6,73.2,-707.6,-53.68,331.84
-117.12,-107.36,9.76,112.24,-63.44,-48.8,58.56,92.72,78.08,-717.36,-68.32,356.24
-102.48,-92.72,9.76,97.6,-58.56,-43.92,48.8,82.96,58.56,-722.24,-68.32,380.64
-29.28,-9.76,19.52,19.52,-24.4,4.88,73.2,107.36,82.96,-697.84,-34.16,429.44
-19.52,0,19.52,9.76,-19.52,9.76,112.24,117.12,97.6,-688.08,-29.28,468.48
-58.56,-39.04,19.52,48.8,-39.04,-9.76,97.6,112.24,107.36,-697.84,-43.92,473.36
-68.32,-48.8,19.52,58.56,-43.92,-14.64,97.6,117.12,117.12,-697.84,-43.92,483.12
-39.04,-34.16,4.88,39.04,-24.4,-14.64,73.2,117.12,122,-692.96,-39.04,492.88
-24.4,-24.4,0,24.4,-14.64,-14.64,78.08,126.88,126.88,-697.84,-39.04,497.76
-29.28,-29.28,0,29.28,-14.64,-14.64,68.32,117.12,117.12,-697.84,-43.92,492.88
-34.16,-43.92,-9.76,39.04,-14.64,-29.28,78.08,151.28,117.12,-692.96,-39.04,502.64
-43.92,-58.56,-14.64,53.68,-14.64,-39.04,53.68,146.4,117.12,-697.84,-48.8,473.36
-39.04,-53.68,-14.64,48.8,-14.64,-34.16,29.28,131.76,117.12,-697.84,-48.8,473.36
-43.92,-43.92,0,43.92,-24.4,-24.4,34.16,112.24,112.24,-702.72,-58.56,483.12
-53.68,-53.68,0,53.68,-29.28,-29.28,48.8,126.88,117.12,-692.96,-58.56,473.36
-68.32,-73.2,-4.88,73.2,-34.16,-39.04,53.68,131.76,117.12,-692.96,-58.56,478.24
-43.92,-48.8,-4.88,48.8,-19.52,-29.28,43.92,117.12,126.88,-692.96,-43.92,483.12
-19.52,-39.04,-19.52,29.28,0,-29.28,48.8,136.64,141.52,-678.32,-34.16,483.12
-14.64,-39.04,-24.4,29.28,4.88,-34.16,53.68,126.88,126.88,-673.44,-39.04,478.24
-4.88,-39.04,-34.16,24.4,14.64,-39.04,58.56,131.76,126.88,-678.32,-48.8,463.6
-14.64,-58.56,-43.92,39.04,14.64,-53.68,58.56,131.76,122,-678.32,-53.68,463.6
-34.16,-82.96,-48.8,58.56,4.88,-68.32,107.36,122,126.88,-673.44,-48.8,488
-53.68,-87.84,-34.16,73.2,-9.76,-63.44,63.44,117.12,136.64,-668.56,-48.8,497.76
-82.96,-97.6,-14.64,92.72,-34.16,-58.56,24.4,112.24,136.64,-668.56,-48.8,488
-92.72,-107.36,-14.64,102.48,-39.04,-63.44,29.28,112.24,126.88,-678.32,-58.56,483.12
-63.44,-87.84,-24.4,78.08,-19.52,-58.56,39.04,122,141.52,-658.8,-48.8,522.16
-4.88,-29.28,-24.4,19.52,9.76,-29.28,63.44,146.4,165.92,-639.28,-19.52,561.2
-9.76,-34.16,-24.4,24.4,4.88,-29.28,58.56,141.52,165.92,-639.28,-24.4,580.72
0,-29.28,-29.28,14.64,14.64,-29.28,68.32,146.4,175.68,-624.64,-19.52,624.64
43.92,0,-43.92,-19.52,43.92,-24.4,78.08,156.16,200.08,-605.12,0,634.4
29.28,-29.28,-58.56,0,43.92,-43.92,107.36,175.68,224.48,-595.36,9.76,668.56
24.4,-43.92,-68.32,9.76,43.92,-58.56,78.08,180.56,224.48,-590.48,9.76,673.44
53.68,-34.16,-87.84,-9.76,68.32,-63.44,48.8,209.84,258.64,-575.84,24.4,663.68
68.32,-24.4,-92.72,-19.52,78.08,-58.56,73.2,326.96,346.48,-527.04,43.92,683.2
63.44,-24.4,-87.84,-19.52,73.2,-58.56,126.88,488,488,-468.48,78.08,697.84
122,24.4,-97.6,-73.2,107.36,-39.04,185.44,722.24,697.84,-361.12,146.4,756.4
136.64,48.8,-87.84,-92.72,112.24,-19.52,239.12,932.08,868.64,-263.52,200.08,795.44
136.64,53.68,-82.96,-92.72,107.36,-14.64,263.52,922.32,844.24,-258.64,204.96,814.96
146.4,48.8,-97.6,-97.6,122,-24.4,195.2,678.32,619.76,-336.72,165.92,805.2
126.88,19.52,-107.36,-73.2,117.12,-43.92,102.48,297.68,322.08,-448.96,122,814.96
126.88,-9.76,-136.64,-58.56,131.76,-73.2,0,-146.4,-53.68,-580.72,73.2,790.56
161.04,-14.64,-175.68,-73.2,165.92,-97.6,-107.36,-570.96,-375.76,-683.2,48.8,771.04
170.8,-34.16,-204.96,-68.32,185.44,-122,-278.16,-961.36,-673.44,-780.8,24.4,766.16
204.96,-24.4,-229.36,-87.84,214.72,-126.88,-400.16,-1302.96,-946.72,-858.88,14.64,766.16
224.48,-29.28,-253.76,-97.6,239.12,-141.52,-517.28,-1644.56,-1210.24,-936.96,14.64,766.16
278.16,24.4,-253.76,-151.28,263.52,-117.12,-634.4,-1932.48,-1424.96,-990.64,34.16,785.68
322.08,53.68,-268.4,-185.44,292.8,-107.36,-780.8,-2274.08,-1693.36,-1098,24.4,785.68
302.56,9.76,-292.8,-156.16,297.68,-141.52,-907.68,-2630.32,-2034.96,-1293.2,-43.92,756.4
326.96,24.4,-302.56,-175.68,312.32,-141.52,-1000.4,-2884.08,-2288.72,-1444.48,-102.48,761.28
361.12,48.8,-312.32,-204.96,336.72,-131.76,-1034.56,-3050,-2469.28,-1561.6,-131.76,761.28
370.88,68.32,-302.56,-219.6,336.72,-117.12,-1141.92,-3245.2,-2654.72,-1678.72,-146.4,790.56
400.16,102.48,-297.68,-248.88,346.48,-97.6,-1259.04,-3464.8,-2830.4,-1776.32,-126.88,839.36
468.48,170.8,-297.68,-317.2,380.64,-63.44,-1449.36,-3611.2,-2923.12,-1786.08,-48.8,932.08
517.28,244,-273.28,-380.64,395.28,-14.64,-1542.08,-3679.52,-2923.12,-1732.4,63.44,1029.68
556.32,336.72,-219.6,-444.08,385.52,58.56,-1620.16,-3699.04,-2859.68,-1644.56,190.32,1176.08
580.72,424.56,-156.16,-502.64,366,131.76,-1747.04,-3684.4,-2796.24,-1537.2,326.96,1298.08
619.76,527.04,-92.72,-570.96,356.24,214.72,-1815.36,-3567.28,-2625.44,-1366.4,531.92,1464
717.36,692.96,-24.4,-702.72,370.88,331.84,-1820.24,-3308.64,-2327.76,-1107.76,771.04,1688.48
658.8,780.8,122,-717.36,268.4,448.96,-1766.56,-3020.72,-2054.48,-917.44,902.8,1800.72
541.68,834.48,292.8,-688.08,122,561.2,-1659.2,-2747.44,-1849.52,-834.48,951.6,1898.32
424.56,829.6,405.04,-624.64,9.76,614.88,-1551.84,-2552.24,-1776.32,-941.84,805.2,1873.92
297.68,775.92,478.24,-536.8,-92.72,624.64,-1415.2,-2337.52,-1708,-1093.12,644.16,1776.32
219.6,732,512.4,-473.36,-146.4,619.76,-1273.68,-2103.28,-1610.4,-1195.6,488,1698.24
161.04,692.96,531.92,-424.56,-185.44,610,-1132.16,-1908.08,-1512.8,-1263.92,361.12,1615.28
53.68,639.28,585.6,-346.48,-268.4,610,-1019.92,-1747.04,-1415.2,-1307.84,248.88,1503.04
-19.52,629.52,649.04,-302.56,-336.72,639.28,-888.16,-1542.08,-1263.92,-1302.96,175.68,1424.96
-68.32,605.12,673.44,-268.4,-370.88,639.28,-790.56,-1342,-1107.76,-1283.44,126.88,1337.12
-97.6,541.68,639.28,-219.6,-370.88,590.48,-722.24,-1195.6,-1005.28,-1283.44,82.96,1239.52
-73.2,512.4,585.6,-219.6,-331.84,546.56,-629.52,-1068.72,-897.92,-1234.64,53.68,1185.84
-63.44,522.16,585.6,-229.36,-326.96,551.44,-536.8,-883.28,-732,-1151.68,48.8,1161.44
-48.8,517.28,566.08,-234.24,-307.44,541.68,-390.4,-732,-605.12,-1078.48,39.04,1107.76
-53.68,483.12,536.8,-214.72,-297.68,507.52,-312.32,-595.36,-497.76,-1029.68,19.52,1049.2
-78.08,400.16,478.24,-161.04,-278.16,439.2,-278.16,-512.4,-424.56,-1000.4,-19.52,980.88
-68.32,341.6,409.92,-136.64,-239.12,375.76,-224.48,-424.56,-326.96,-961.36,-39.04,985.76
-63.44,283.04,346.48,-107.36,-204.96,312.32,-190.32,-346.48,-273.28,-941.84,-58.56,927.2
-48.8,204.96,253.76,-78.08,-151.28,229.36,-161.04,-278.16,-224.48,-932.08,-92.72,863.76
-73.2,146.4,219.6,-34.16,-146.4,180.56,-126.88,-219.6,-180.56,-922.32,-112.24,829.6
-112.24,82.96,195.2,14.64,-156.16,136.64,-58.56,-156.16,-131.76,-912.56,-122,800.32
-87.84,63.44,151.28,14.64,-122,107.36,-19.52,-78.08,-53.68,-883.28,-117.12,790.56
-107.36,39.04,146.4,34.16,-126.88,92.72,24.4,9.76,4.88,-834.48,-78.08,790.56
-78.08,29.28,107.36,24.4,-92.72,68.32,9.76,58.56,39.04,-810.08,-68.32,756.4
-53.68,14.64,68.32,19.52,-63.44,39.04,39.04,102.48,63.44,-780.8,-82.96,736.88
-68.32,-29.28,39.04,48.8,-53.68,4.88,68.32,136.64,73.2,-771.04,-87.84,732
-39.04,-48.8,-9.76,43.92,-14.64,-29.28,82.96,131.76,68.32,-766.16,-102.48,712.48
-58.56,-48.8,9.76,53.68,-34.16,-19.52,102.48,151.28,78.08,-746.64,-102.48,707.6
-122,-53.68,68.32,87.84,-97.6,4.88,141.52,175.68,97.6,-717.36,-78.08,712.48
-73.2,-68.32,4.88,73.2,-39.04,-34.16,131.76,151.28,82.96,-736.88,-97.6,697.84
-78.08,-92.72,-14.64,87.84,-34.16,-53.68,92.72,156.16,87.84,-732,-112.24,668.56
-102.48,-87.84,14.64,97.6,-58.56,-39.04,131.76,185.44,117.12,-702.72,-92.72,673.44
-87.84,-78.08,9.76,82.96,-48.8,-34.16,112.24,175.68,117.12,-707.6,-97.6,692.96
-97.6,-87.84,9.76,92.72,-53.68,-39.04,92.72,185.44,112.24,-697.84,-107.36,678.32
-97.6,-78.08,19.52,87.84,-58.56,-29.28,102.48,214.72,131.76,-673.44,-92.72,688.08
-87.84,-58.56,29.28,73.2,-58.56,-14.64,175.68,204.96,131.76,-668.56,-92.72,727.12
-73.2,-58.56,14.64,68.32,-43.92,-24.4,126.88,204.96,131.76,-673.44,-107.36,756.4
-87.84,-92.72,-4.88,92.72,-43.92,-48.8,156.16,214.72,146.4,-663.68,-102.48,771.04
-82.96,-92.72,-9.76,87.84,-39.04,-53.68,141.52,209.84,136.64,-683.2,-107.36,795.44
-82.96,-87.84,-4.88,87.84,-39.04,-48.8,156.16,214.72,151.28,-688.08,-102.48,814.96
-97.6,-97.6,0,97.6,-48.8,-48.8,190.32,229.36,165.92,-683.2,-102.48,824.72
-92.72,-97.6,-4.88,97.6,-43.92,-53.68,151.28,234.24,175.68,-683.2,-82.96,824.72
-78.08,-102.48,-24.4,92.72,-29.28,-63.44,156.16,244,180.56,-683.2,-78.08,829.6
-68.32,-97.6,-29.28,82.96,-19.52,-63.44,141.52,258.64,180.56,-683.2,-87.84,805.2
-73.2,-92.72,-19.52,82.96,-29.28,-58.56,126.88,248.88,165.92,-683.2,-92.72,766.16
-87.84,-107.36,-19.52,97.6,-34.16,-63.44,131.76,244,180.56,-673.44,-92.72,746.64
-87.84,-102.48,-14.64,97.6,-39.04,-58.56,112.24,234.24,175.68,-673.44,-102.48,736.88
-82.96,-82.96,0,82.96,-43.92,-43.92,112.24,239.12,165.92,-663.68,-97.6,736.88
-73.2,-97.6,-24.4,87.84,-24.4,-63.44,131.76,239.12,165.92,-649.04,-92.72,741.76
-87.84,-97.6,-9.76,92.72,-39.04,-53.68,146.4,229.36,165.92,-649.04,-97.6,741.76
-92.72,-107.36,-14.64,102.48,-39.04,-63.44,126.88,229.36,170.8,-639.28,-102.48,771.04
-112.24,-136.64,-24.4,126.88,-43.92,-82.96,117.12,224.48,175.68,-634.4,-107.36,800.32
-112.24,-156.16,-43.92,136.64,-34.16,-102.48,136.64,239.12,180.56,-629.52,-102.48,805.2
-102.48,-146.4,-43.92,126.88,-29.28,-97.6,156.16,263.52,200.08,-610,-102.48,839.36
-53.68,-87.84,-34.16,73.2,-9.76,-63.44,136.64,278.16,200.08,-595.36,-87.84,854
0,-29.28,-29.28,14.64,14.64,-29.28,146.4,307.44,219.6,-575.84,-73.2,883.28
-4.88,-39.04,-34.16,24.4,14.64,-39.04,131.76,287.92,219.6,-570.96,-78.08,932.08
-43.92,-68.32,-24.4,58.56,-9.76,-48.8,112.24,244,195.2,-580.72,-92.72,917.44
-53.68,-78.08,-24.4,68.32,-14.64,-53.68,78.08,234.24,200.08,-580.72,-92.72,932.08
-48.8,-82.96,-34.16,68.32,-9.76,-58.56,87.84,244,204.96,-566.08,-87.84,951.6
-43.92,-87.84,-43.92,68.32,0,-68.32,97.6,258.64,214.72,-556.32,-82.96,971.12
-34.16,-87.84,-53.68,63.44,9.76,-73.2,78.08,253.76,229.36,-536.8,-82.96,1010.16
-48.8,-102.48,-53.68,78.08,0,-78.08,117.12,263.52,234.24,-531.92,-87.84,1049.2
-53.68,-102.48,-48.8,78.08,-4.88,-78.08,112.24,268.4,253.76,-522.16,-78.08,1073.6
-43.92,-87.84,-43.92,68.32,0,-68.32,82.96,268.4,253.76,-527.04,-82.96,1068.72
-39.04,-68.32,-29.28,53.68,-4.88,-48.8,68.32,263.52,263.52,-531.92,-82.96,1058.96
-48.8,-68.32,-19.52,58.56,-14.64,-43.92,53.68,278.16,278.16,-517.28,-82.96,1073.6
-68.32,-97.6,-29.28,82.96,-19.52,-63.44,68.32,273.28,258.64,-517.28,-82.96,1073.6
-73.2,-102.48,-29.28,87.84,-24.4,-68.32,97.6,273.28,244,-512.4,-78.08,1078.48
-48.8,-87.84,-39.04,68.32,-4.88,-63.44,82.96,292.8,263.52,-502.64,-68.32,1088.24
-58.56,-97.6,-39.04,78.08,-9.76,-68.32,78.08,292.8,273.28,-492.88,-68.32,1083.36
-48.8,-78.08,-29.28,63.44,-9.76,-53.68,73.2,292.8,283.04,-483.12,-63.44,1107.76
-48.8,-82.96,-34.16,68.32,-9.76,-58.56,102.48,307.44,292.8,-468.48,-63.44,1122.4
-48.8,-97.6,-48.8,73.2,0,-73.2,92.72,307.44,297.68,-458.72,-63.44,1098
-53.68,-102.48,-48.8,78.08,-4.88,-78.08,82.96,317.2,307.44,-453.84,-73.2,1117.52
-82.96,-131.76,-48.8,107.36,-19.52,-92.72,87.84,326.96,307.44,-448.96,-78.08,1127.28
-97.6,-136.64,-39.04,117.12,-29.28,-87.84,102.48,317.2,302.56,-453.84,-82.96,1137.04
-68.32,-107.36,-39.04,87.84,-14.64,-73.2,126.88,326.96,307.44,-434.32,-58.56,1156.56
-73.2,-107.36,-34.16,92.72,-19.52,-73.2,126.88,326.96,302.56,-439.2,-63.44,1137.04
-68.32,-92.72,-24.4,82.96,-24.4,-58.56,112.24,346.48,312.32,-429.44,-58.56,1161.44
-78.08,-107.36,-29.28,92.72,-24.4,-68.32,102.48,346.48,312.32,-429.44,-63.44,1151.68
-68.32,-112.24,-43.92,92.72,-14.64,-78.08,126.88,341.6,336.72,-409.92,-53.68,1156.56
-58.56,-97.6,-39.04,78.08,-9.76,-68.32,151.28,356.24,361.12,-395.28,-58.56,1171.2
-53.68,-92.72,-39.04,73.2,-9.76,-68.32,131.76,366,361.12,-390.4,-53.68,1190.72
-48.8,-82.96,-34.16,68.32,-9.76,-58.56,151.28,375.76,370.88,-380.64,-58.56,1195.6
-24.4,-73.2,-48.8,48.8,9.76,-63.44,165.92,400.16,400.16,-361.12,-53.68,1210.24
-63.44,-92.72,-29.28,78.08,-19.52,-63.44,200.08,419.68,409.92,-351.36,-43.92,1229.76
-92.72,-87.84,4.88,92.72,-48.8,-43.92,214.72,424.56,414.8,-331.84,-29.28,1254.16
-82.96,-82.96,0,82.96,-43.92,-43.92,214.72,424.56,424.56,-331.84,-24.4,1254.16
-78.08,-73.2,4.88,78.08,-43.92,-34.16,200.08,419.68,424.56,-331.84,-29.28,1234.64
-92.72,-87.84,4.88,92.72,-48.8,-43.92,156.16,419.68,458.72,-326.96,-29.28,1229.76
-112.24,-107.36,4.88,112.24,-58.56,-53.68,175.68,414.8,434.32,-326.96,-34.16,1229.76
-117.12,-102.48,14.64,112.24,-68.32,-43.92,200.08,424.56,434.32,-322.08,-19.52,1239.52
-112.24,-97.6,14.64,107.36,-63.44,-43.92,190.32,434.32,458.72,-307.44,-19.52,1234.64
-97.6,-68.32,29.28,82.96,-63.44,-19.52,165.92,463.6,473.36,-287.92,-19.52,1224.88
-58.56,-19.52,39.04,39.04,-48.8,9.76,180.56,473.36,488,-258.64,0,1254.16
-78.08,-39.04,39.04,58.56,-58.56,0,204.96,458.72,483.12,-258.64,-14.64,1259.04
-73.2,-48.8,24.4,63.44,-48.8,-14.64,268.4,478.24,492.88,-244,0,1268.8
-58.56,-34.16,24.4,48.8,-43.92,-4.88,248.88,492.88,502.64,-224.48,14.64,1278.56
-78.08,-29.28,48.8,53.68,-63.44,9.76,195.2,483.12,517.28,-229.36,19.52,1273.68
-73.2,-19.52,53.68,48.8,-63.44,14.64,229.36,488,522.16,-229.36,19.52,1268.8
-53.68,-14.64,39.04,34.16,-48.8,9.76,219.6,507.52,512.4,-224.48,19.52,1283.44
-87.84,-39.04,48.8,63.44,-68.32,4.88,224.48,507.52,527.04,-219.6,19.52,1278.56
-78.08,-29.28,48.8,53.68,-63.44,9.76,253.76,522.16,551.44,-204.96,34.16,1268.8
-73.2,-19.52,53.68,48.8,-63.44,14.64,263.52,541.68,541.68,-180.56,39.04,1293.2
-68.32,-24.4,43.92,48.8,-58.56,9.76,244,517.28,536.8,-180.56,39.04,1302.96
-87.84,-24.4,63.44,58.56,-78.08,19.52,229.36,488,531.92,-185.44,19.52,1302.96
-97.6,-19.52,78.08,58.56,-87.84,29.28,219.6,492.88,527.04,-185.44,24.4,1317.6
-92.72,4.88,97.6,43.92,-97.6,48.8,234.24,497.76,546.56,-170.8,34.16,1337.12
-92.72,-4.88,87.84,48.8,-92.72,39.04,268.4,478.24,546.56,-156.16,39.04,1337.12
-82.96,0,82.96,43.92,-82.96,39.04,258.64,463.6,531.92,-161.04,34.16,1332.24
-73.2,-14.64,58.56,43.92,-68.32,19.52,244,473.36,546.56,-146.4,53.68,1366.4
-87.84,-24.4,63.44,58.56,-78.08,19.52,234.24,478.24,561.2,-131.76,58.56,1376.16
-73.2,-14.64,58.56,43.92,-68.32,19.52,229.36,463.6,570.96,-126.88,63.44,1361.52
-78.08,-14.64,63.44,48.8,-73.2,24.4,219.6,444.08,561.2,-117.12,58.56,1361.52
-78.08,4.88,82.96,39.04,-82.96,43.92,209.84,448.96,566.08,-117.12,58.56,1366.4
-78.08,9.76,87.84,34.16,-82.96,48.8,229.36,448.96,551.44,-107.36,68.32,1390.8
-82.96,-14.64,68.32,48.8,-78.08,24.4,185.44,429.44,551.44,-102.48,63.44,1410.32
-78.08,0,78.08,39.04,-78.08,39.04,170.8,400.16,536.8,-112.24,53.68,1410.32
-48.8,39.04,87.84,4.88,-68.32,63.44,239.12,400.16,551.44,-92.72,73.2,1434.72
-29.28,48.8,78.08,-9.76,-53.68,63.44,234.24,390.4,546.56,-87.84,78.08,1478.64
-39.04,34.16,73.2,4.88,-58.56,53.68,170.8,370.88,527.04,-97.6,73.2,1449.36
-48.8,34.16,82.96,9.76,-68.32,58.56,170.8,370.88,536.8,-82.96,87.84,1464
-63.44,19.52,82.96,24.4,-73.2,48.8,161.04,361.12,517.28,-87.84,82.96,1459.12
-58.56,39.04,97.6,9.76,-78.08,68.32,190.32,331.84,502.64,-82.96,82.96,1464
-29.28,63.44,92.72,-14.64,-63.44,78.08,165.92,336.72,497.76,-87.84,78.08,1473.76
-19.52,34.16,53.68,-4.88,-39.04,43.92,126.88,292.8,458.72,-126.88,53.68,1454.24
-48.8,34.16,82.96,9.76,-68.32,58.56,122,292.8,463.6,-102.48,82.96,1483.52
19.52,63.44,43.92,-39.04,-14.64,53.68,122,283.04,444.08,-107.36,73.2,1483.52
4.88,39.04,34.16,-19.52,-14.64,34.16,107.36,258.64,444.08,-107.36,78.08,1493.28
-29.28,19.52,48.8,4.88,-39.04,34.16,126.88,239.12,448.96,-97.6,87.84,1537.2
-34.16,0,34.16,19.52,-34.16,14.64,117.12,204.96,419.68,-117.12,63.44,1527.44
-19.52,24.4,43.92,0,-34.16,34.16,97.6,195.2,390.4,-122,68.32,1507.92
-4.88,34.16,39.04,-14.64,-24.4,34.16,58.56,200.08,380.64,-126.88,68.32,1527.44
9.76,43.92,34.16,-24.4,-14.64,39.04,43.92,165.92,366,-141.52,43.92,1522.56
4.88,24.4,19.52,-14.64,-9.76,19.52,48.8,156.16,370.88,-136.64,43.92,1507.92
-9.76,-4.88,4.88,9.76,-9.76,0,63.44,161.04,351.36,-136.64,48.8,1512.8
24.4,34.16,9.76,-29.28,4.88,19.52,43.92,146.4,341.6,-136.64,53.68,1498.16
0,29.28,29.28,-14.64,-14.64,29.28,48.8,136.64,331.84,-126.88,58.56,1522.56
-4.88,29.28,34.16,-9.76,-19.52,29.28,43.92,107.36,317.2,-146.4,48.8,1498.16
14.64,34.16,19.52,-24.4,-4.88,24.4,39.04,97.6,326.96,-141.52,34.16,1507.92
9.76,9.76,0,-9.76,4.88,4.88,63.44,97.6,317.2,-146.4,24.4,1507.92
0,-4.88,-4.88,4.88,0,-4.88,68.32,82.96,283.04,-156.16,9.76,1473.76
4.88,-4.88,-9.76,0,4.88,-9.76,43.92,82.96,292.8,-151.28,0,1473.76
-4.88,-29.28,-24.4,19.52,9.76,-29.28,63.44,73.2,287.92,-151.28,-4.88,1483.52
-14.64,-39.04,-24.4,29.28,4.88,-34.16,82.96,53.68,273.28,-156.16,-9.76,1468.88
4.88,-14.64,-19.52,4.88,9.76,-19.52,58.56,53.68,268.4,-156.16,-4.88,1493.28
14.64,-4.88,-19.52,-4.88,14.64,-14.64,4.88,48.8,244,-175.68,-24.4,1434.72
29.28,-4.88,-34.16,-9.76,29.28,-19.52,19.52,43.92,239.12,-175.68,-29.28,1424.96
34.16,-24.4,-58.56,-4.88,43.92,-43.92,68.32,39.04,239.12,-165.92,-29.28,1424.96
29.28,-24.4,-53.68,0,39.04,-39.04,48.8,29.28,239.12,-165.92,-24.4,1429.84
4.88,-29.28,-34.16,14.64,19.52,-34.16,43.92,34.16,248.88,-161.04,-29.28,1439.6
0,-34.16,-34.16,19.52,14.64,-34.16,53.68,29.28,248.88,-165.92,-24.4,1439.6
39.04,-4.88,-43.92,-14.64,39.04,-24.4,63.44,43.92,263.52,-156.16,-19.52,1429.84
24.4,-24.4,-48.8,0,34.16,-39.04,68.32,39.04,258.64,-151.28,-29.28,1424.96
-4.88,-48.8,-43.92,29.28,19.52,-48.8,102.48,39.04,258.64,-151.28,-39.04,1415.2
-14.64,-48.8,-34.16,34.16,9.76,-43.92,82.96,29.28,248.88,-151.28,-48.8,1410.32
-39.04,-58.56,-19.52,48.8,-9.76,-39.04,78.08,19.52,234.24,-151.28,-58.56,1420.08
-19.52,-48.8,-29.28,34.16,4.88,-39.04,48.8,14.64,239.12,-151.28,-58.56,1381.04
0,-34.16,-34.16,19.52,14.64,-34.16,58.56,19.52,248.88,-136.64,-53.68,1361.52
-4.88,-48.8,-43.92,29.28,19.52,-48.8,58.56,29.28,248.88,-126.88,-48.8,1376.16
-4.88,-53.68,-48.8,29.28,19.52,-53.68,43.92,39.04,253.76,-117.12,-48.8,1376.16
4.88,-43.92,-48.8,19.52,24.4,-48.8,39.04,53.68,268.4,-97.6,-53.68,1356.64
4.88,-24.4,-29.28,9.76,14.64,-29.28,34.16,34.16,263.52,-87.84,-53.68,1356.64
0,-29.28,-29.28,14.64,14.64,-29.28,73.2,39.04,258.64,-68.32,-53.68,1381.04
-9.76,-63.44,-53.68,39.04,19.52,-58.56,68.32,58.56,268.4,-48.8,-53.68,1390.8
-9.76,-78.08,-68.32,43.92,29.28,-73.2,102.48,53.68,268.4,-43.92,-48.8,1410.32
-9.76,-82.96,-73.2,48.8,29.28,-78.08,87.84,39.04,268.4,-34.16,-53.68,1415.2
-29.28,-82.96,-53.68,58.56,9.76,-68.32,24.4,39.04,273.28,-34.16,-53.68,1410.32
-24.4,-82.96,-58.56,53.68,14.64,-73.2,29.28,48.8,273.28,-24.4,-48.8,1395.68
-14.64,-68.32,-53.68,43.92,19.52,-63.44,43.92,43.92,278.16,-19.52,-48.8,1400.56
-14.64,-78.08,-63.44,48.8,24.4,-73.2,58.56,53.68,278.16,-19.52,-53.68,1395.68
-4.88,-73.2,-68.32,39.04,29.28,-73.2,4.88,53.68,283.04,-9.76,-48.8,1385.92
19.52,-53.68,-73.2,19.52,43.92,-63.44,39.04,58.56,307.44,9.76,-29.28,1410.32
19.52,-53.68,-73.2,19.52,43.92,-63.44,39.04,68.32,326.96,29.28,-19.52,1449.36
4.88,-58.56,-63.44,29.28,34.16,-63.44,39.04,73.2,322.08,39.04,-29.28,1439.6
9.76,-43.92,-53.68,19.52,29.28,-48.8,53.68,58.56,312.32,34.16,-39.04,1415.2
29.28,-24.4,-53.68,0,39.04,-39.04,48.8,63.44,326.96,53.68,-24.4,1429.84
9.76,-43.92,-53.68,19.52,29.28,-48.8,34.16,78.08,331.84,63.44,-29.28,1439.6
0,-68.32,-68.32,34.16,34.16,-68.32,14.64,58.56,317.2,53.68,-48.8,1429.84
-4.88,-82.96,-78.08,43.92,34.16,-82.96,-9.76,48.8,326.96,58.56,-43.92,1424.96
-4.88,-73.2,-68.32,39.04,29.28,-73.2,-24.4,48.8,322.08,68.32,-43.92,1410.32
9.76,-58.56,-68.32,24.4,39.04,-63.44,4.88,63.44,331.84,82.96,-29.28,1405.44
19.52,-53.68,-73.2,19.52,43.92,-63.44,4.88,68.32,331.84,87.84,-34.16,1395.68
43.92,-34.16,-78.08,-4.88,58.56,-58.56,0,63.44,346.48,107.36,-24.4,1415.2
63.44,-9.76,-73.2,-24.4,68.32,-43.92,0,68.32,356.24,131.76,-19.52,1429.84
39.04,-39.04,-78.08,0,58.56,-58.56,14.64,87.84,370.88,136.64,-19.52,1420.08
14.64,-68.32,-82.96,29.28,48.8,-78.08,0,63.44,351.36,131.76,-29.28,1415.2
9.76,-73.2,-82.96,34.16,43.92,-78.08,19.52,58.56,356.24,141.52,-29.28,1429.84
24.4,-58.56,-82.96,19.52,53.68,-73.2,29.28,58.56,351.36,146.4,-34.16,1439.6
29.28,-53.68,-82.96,14.64,53.68,-68.32,53.68,48.8,361.12,151.28,-29.28,1424.96
43.92,-63.44,-107.36,9.76,73.2,-87.84,0,58.56,361.12,170.8,-14.64,1429.84
68.32,-29.28,-97.6,-19.52,82.96,-63.44,9.76,78.08,370.88,185.44,-4.88,1429.84
87.84,-9.76,-97.6,-39.04,92.72,-53.68,-4.88,63.44,385.52,195.2,0,1420.08
39.04,-48.8,-87.84,4.88,63.44,-68.32,-19.52,73.2,390.4,200.08,-4.88,1415.2
34.16,-53.68,-87.84,9.76,58.56,-73.2,14.64,73.2,385.52,195.2,-4.88,1420.08
63.44,-29.28,-92.72,-14.64,78.08,-63.44,4.88,58.56,380.64,204.96,-9.76,1415.2
63.44,-29.28,-92.72,-14.64,78.08,-63.44,-4.88,53.68,375.76,204.96,-14.64,1405.44
43.92,-34.16,-78.08,-4.88,58.56,-58.56,-24.4,53.68,361.12,195.2,-24.4,1405.44
39.04,-48.8,-87.84,4.88,63.44,-68.32,0,48.8,370.88,219.6,-14.64,1434.72
48.8,-34.16,-82.96,-4.88,63.44,-58.56,4.88,43.92,385.52,229.36,-4.88,1434.72
43.92,-39.04,-82.96,0,63.44,-63.44,19.52,43.92,380.64,229.36,-9.76,1434.72
34.16,-43.92,-78.08,4.88,53.68,-63.44,-34.16,34.16,380.64,229.36,-14.64,1424.96
-4.88,-73.2,-68.32,39.04,29.28,-73.2,-43.92,29.28,375.76,224.48,-14.64,1434.72
9.76,-48.8,-58.56,19.52,34.16,-53.68,-29.28,53.68,400.16,234.24,-14.64,1429.84
48.8,-19.52,-68.32,-14.64,58.56,-43.92,9.76,58.56,405.04,253.76,4.88,1449.36
53.68,-4.88,-58.56,-24.4,53.68,-34.16,14.64,34.16,380.64,248.88,-4.88,1449.36
68.32,0,-68.32,-34.16,68.32,-34.16,24.4,34.16,385.52,258.64,0,1464
39.04,-24.4,-63.44,-4.88,48.8,-43.92,-4.88,34.16,380.64,253.76,4.88,1454.24
48.8,-19.52,-68.32,-14.64,58.56,-43.92,-19.52,63.44,380.64,268.4,4.88,1468.88
43.92,-19.52,-63.44,-9.76,53.68,-43.92,-24.4,43.92,390.4,278.16,-4.88,1473.76
29.28,-34.16,-63.44,4.88,43.92,-48.8,-34.16,29.28,405.04,268.4,-14.64,1464
34.16,-43.92,-78.08,4.88,53.68,-63.44,-4.88,43.92,400.16,278.16,-19.52,1459.12
9.76,-87.84,-97.6,39.04,53.68,-92.72,4.88,58.56,405.04,283.04,-24.4,1468.88
9.76,-78.08,-87.84,34.16,48.8,-82.96,14.64,68.32,395.28,278.16,-24.4,1473.76
24.4,-43.92,-68.32,9.76,43.92,-58.56,-4.88,58.56,380.64,273.28,-24.4,1488.4
9.76,-68.32,-78.08,29.28,43.92,-73.2,-48.8,43.92,380.64,273.28,-39.04,1478.64
19.52,-63.44,-82.96,24.4,48.8,-73.2,-24.4,39.04,385.52,278.16,-29.28,1483.52
0,-78.08,-78.08,39.04,39.04,-78.08,19.52,34.16,385.52,283.04,-34.16,1473.76
4.88,-63.44,-68.32,29.28,34.16,-68.32,-4.88,53.68,385.52,292.8,-29.28,1473.76
19.52,-53.68,-73.2,19.52,43.92,-63.44,-9.76,58.56,409.92,312.32,-24.4,1507.92
39.04,-48.8,-87.84,4.88,63.44,-68.32,-29.28,63.44,434.32,326.96,-9.76,1507.92
39.04,-63.44,-102.48,14.64,68.32,-82.96,9.76,87.84,458.72,346.48,0,1507.92
53.68,-63.44,-117.12,4.88,82.96,-92.72,48.8,151.28,522.16,370.88,4.88,1527.44
78.08,-19.52,-97.6,-29.28,87.84,-58.56,63.44,312.32,634.4,429.44,39.04,1551.84
107.36,14.64,-92.72,-58.56,97.6,-39.04,112.24,531.92,795.44,522.16,92.72,1586
112.24,34.16,-78.08,-73.2,92.72,-24.4,204.96,790.56,1029.68,629.52,161.04,1620.16
92.72,14.64,-78.08,-53.68,82.96,-34.16,258.64,941.84,1132.16,683.2,185.44,1625.04
68.32,0,-68.32,-34.16,68.32,-34.16,195.2,800.32,1015.04,653.92,165.92,1620.16
87.84,-4.88,-92.72,-39.04,87.84,-48.8,165.92,507.52,790.56,575.84,117.12,1595.76
107.36,4.88,-102.48,-53.68,102.48,-48.8,92.72,117.12,497.76,488,92.72,1586
146.4,58.56,-87.84,-102.48,117.12,-14.64,-58.56,-292.8,219.6,424.56,97.6,1615.28
156.16,48.8,-107.36,-102.48,131.76,-29.28,-185.44,-688.08,-43.92,341.6,73.2,1610.4
180.56,43.92,-136.64,-112.24,156.16,-48.8,-322.08,-1049.2,-302.56,273.28,53.68,1639.68
200.08,4.88,-195.2,-102.48,195.2,-97.6,-385.52,-1385.92,-541.68,204.96,43.92,1634.8
190.32,-24.4,-214.72,-82.96,200.08,-122,-536.8,-1722.64,-814.96,112.24,19.52,1590.88
219.6,9.76,-209.84,-112.24,214.72,-102.48,-673.44,-2010.56,-1024.8,43.92,4.88,1571.36
278.16,58.56,-219.6,-165.92,248.88,-82.96,-819.84,-2318,-1263.92,-43.92,0,1571.36
307.44,48.8,-258.64,-175.68,283.04,-107.36,-936.96,-2640.08,-1551.84,-195.2,-58.56,1576.24
287.92,14.64,-273.28,-151.28,278.16,-131.76,-1034.56,-2908.48,-1830,-361.12,-131.76,1576.24
248.88,0,-248.88,-122,248.88,-126.88,-1127.28,-3113.44,-2064.24,-517.28,-195.2,1517.68
273.28,9.76,-263.52,-141.52,268.4,-126.88,-1229.76,-3269.6,-2244.8,-629.52,-224.48,1512.8
346.48,43.92,-302.56,-195.2,322.08,-131.76,-1381.04,-3455.04,-2381.44,-712.48,-219.6,1556.72
453.84,117.12,-336.72,-283.04,395.28,-112.24,-1498.16,-3586.8,-2464.4,-727.12,-151.28,1615.28
531.92,209.84,-322.08,-370.88,424.56,-58.56,-1615.28,-3679.52,-2493.68,-673.44,-53.68,1727.52
580.72,273.28,-307.44,-424.56,444.08,-19.52,-1747.04,-3703.92,-2479.04,-600.24,58.56,1849.52
610,361.12,-248.88,-483.12,429.44,53.68,-1825.12,-3674.64,-2400.96,-492.88,204.96,1976.4
678.32,488,-190.32,-580.72,434.32,146.4,-1888.56,-3601.44,-2269.2,-331.84,375.76,2127.68
766.16,624.64,-141.52,-692.96,453.84,239.12,-1912.96,-3416,-2034.96,-97.6,610,2327.76
810.08,712.48,-97.6,-761.28,453.84,307.44,-1912.96,-3142.72,-1737.28,165.92,839.36,2552.24
722.24,790.56,68.32,-756.4,326.96,429.44,-1849.52,-2840.16,-1468.88,361.12,995.52,2708.4
610,824.72,214.72,-717.36,195.2,517.28,-1742.16,-2615.68,-1337.12,395.28,995.52,2762.08
483.12,805.2,322.08,-644.16,78.08,561.2,-1595.76,-2405.84,-1273.68,273.28,829.6,2703.52
356.24,761.28,405.04,-556.32,-24.4,580.72,-1429.84,-2191.12,-1200.48,151.28,678.32,2644.96
292.8,722.24,429.44,-507.52,-68.32,575.84,-1283.44,-2010.56,-1132.16,53.68,531.92,2547.36
200.08,658.8,458.72,-429.44,-131.76,556.32,-1146.8,-1830,-1049.2,-14.64,405.04,2479.04
92.72,629.52,536.8,-361.12,-224.48,580.72,-1058.96,-1649.44,-932.08,-63.44,302.56,2396.08
53.68,649.04,595.36,-351.36,-273.28,619.76,-888.16,-1449.36,-775.92,-39.04,248.88,2357.04
4.88,644.16,639.28,-322.08,-317.2,639.28,-741.76,-1268.8,-629.52,-9.76,200.08,2313.12
-9.76,590.48,600.24,-287.92,-307.44,595.36,-697.84,-1132.16,-536.8,-9.76,136.64,2215.52
-19.52,541.68,561.2,-258.64,-292.8,551.44,-610,-995.52,-414.8,14.64,102.48,2156.96
-34.16,507.52,541.68,-234.24,-287.92,522.16,-531.92,-844.24,-287.92,68.32,97.6,2113.04
-48.8,453.84,502.64,-200.08,-278.16,478.24,-444.08,-702.72,-170.8,122,82.96,2059.36
-78.08,405.04,483.12,-161.04,-283.04,444.08,-375.76,-580.72,-82.96,156.16,63.44,2020.32
-78.08,370.88,448.96,-146.4,-263.52,409.92,-331.84,-492.88,-9.76,165.92,29.28,1966.64
-73.2,317.2,390.4,-122,-234.24,351.36,-302.56,-409.92,48.8,175.68,-4.88,1908.08
-58.56,258.64,317.2,-97.6,-190.32,287.92,-278.16,-307.44,117.12,190.32,-24.4,1854.4
-78.08,195.2,273.28,-58.56,-175.68,234.24,-190.32,-244,165.92,200.08,-63.44,1810.48
-82.96,146.4,229.36,-29.28,-156.16,185.44,-117.12,-190.32,234.24,224.48,-82.96,1776.32
-68.32,117.12,185.44,-24.4,-126.88,151.28,-107.36,-117.12,292.8,244,-92.72,1747.04
-34.16,107.36,141.52,-34.16,-87.84,122,-68.32,-34.16,351.36,273.28,-87.84,1688.48
-39.04,63.44,102.48,-9.76,-73.2,82.96,-68.32,4.88,395.28,292.8,-87.84,1639.68
-48.8,14.64,63.44,19.52,-58.56,39.04,-29.28,48.8,444.08,317.2,-87.84,1590.88
-53.68,0,53.68,29.28,-53.68,24.4,14.64,112.24,483.12,361.12,-68.32,1586
-39.04,-14.64,24.4,29.28,-34.16,4.88,14.64,131.76,507.52,385.52,-63.44,1576.24
-58.56,-39.04,19.52,48.8,-39.04,-9.76,19.52,141.52,507.52,390.4,-63.44,1561.6
-73.2,-53.68,19.52,63.44,-48.8,-19.52,39.04,156.16,517.28,409.92,-78.08,1556.72
-68.32,-58.56,9.76,63.44,-39.04,-24.4,78.08,165.92,527.04,424.56,-82.96,1561.6
-53.68,-39.04,14.64,48.8,-34.16,-14.64,87.84,170.8,527.04,448.96,-87.84,1566.48
-53.68,-63.44,-9.76,58.56,-24.4,-39.04,73.2,165.92,541.68,458.72,-92.72,1556.72
-63.44,-87.84,-24.4,78.08,-19.52,-58.56,82.96,175.68,546.56,468.48,-97.6,1527.44
-53.68,-58.56,-4.88,58.56,-24.4,-34.16,112.24,195.2,556.32,473.36,-92.72,1522.56
-63.44,-82.96,-19.52,73.2,-24.4,-53.68,102.48,209.84,590.48,473.36,-97.6,1527.44
-87.84,-97.6,-9.76,92.72,-39.04,-53.68,117.12,190.32,585.6,463.6,-107.36,1517.68
-63.44,-78.08,-14.64,73.2,-24.4,-48.8,131.76,195.2,570.96,458.72,-97.6,1503.04
-92.72,-112.24,-19.52,102.48,-39.04,-68.32,122,200.08,585.6,468.48,-87.84,1507.92
-73.2,-92.72,-19.52,82.96,-29.28,-58.56,107.36,214.72,585.6,473.36,-97.6,1517.68
-48.8,-63.44,-14.64,58.56,-19.52,-39.04,117.12,229.36,585.6,478.24,-82.96,1488.4
-34.16,-53.68,-19.52,43.92,-9.76,-39.04,112.24,239.12,590.48,483.12,-68.32,1478.64
-58.56,-78.08,-19.52,68.32,-19.52,-48.8,117.12,234.24,590.48,483.12,-92.72,1468.88
-63.44,-87.84,-24.4,78.08,-19.52,-58.56,107.36,234.24,585.6,468.48,-102.48,1415.2
-43.92,-82.96,-39.04,63.44,-4.88,-63.44,126.88,234.24,595.36,473.36,-92.72,1385.92
-43.92,-87.84,-43.92,68.32,0,-68.32,156.16,244,605.12,497.76,-97.6,1385.92
-68.32,-117.12,-48.8,92.72,-9.76,-82.96,151.28,244,605.12,507.52,-112.24,1332.24
-78.08,-122,-43.92,102.48,-19.52,-82.96,165.92,244,600.24,522.16,-112.24,1327.36
-68.32,-107.36,-39.04,87.84,-14.64,-73.2,112.24,253.76,605.12,536.8,-107.36,1327.36
-63.44,-87.84,-24.4,78.08,-19.52,-58.56,141.52,248.88,605.12,541.68,-102.48,1322.48
-53.68,-73.2,-19.52,63.44,-19.52,-48.8,126.88,258.64,605.12,561.2,-97.6,1346.88
-78.08,-107.36,-29.28,92.72,-24.4,-68.32,122,263.52,605.12,570.96,-97.6,1346.88
-97.6,-112.24,-14.64,107.36,-43.92,-63.44,131.76,268.4,600.24,566.08,-102.48,1346.88
-73.2,-102.48,-29.28,87.84,-24.4,-68.32,122,263.52,614.88,566.08,-107.36,1346.88
-53.68,-102.48,-48.8,78.08,-4.88,-78.08,102.48,278.16,624.64,566.08,-97.6,1366.4
-43.92,-82.96,-39.04,63.44,-4.88,-63.44,175.68,297.68,644.16,575.84,-87.84,1385.92
-48.8,-97.6,-48.8,73.2,0,-73.2,156.16,302.56,658.8,590.48,-87.84,1400.56
-68.32,-117.12,-48.8,92.72,-9.76,-82.96,136.64,302.56,653.92,590.48,-87.84,1400.56
-63.44,-92.72,-29.28,78.08,-19.52,-63.44,126.88,317.2,658.8,595.36,-82.96,1410.32
-73.2,-87.84,-14.64,82.96,-29.28,-53.68,102.48,307.44,653.92,585.6,-92.72,1385.92
-102.48,-117.12,-14.64,112.24,-43.92,-68.32,126.88,292.8,653.92,580.72,-97.6,1361.52
-107.36,-146.4,-39.04,126.88,-34.16,-92.72,122,307.44,668.56,585.6,-92.72,1371.28
-82.96,-126.88,-43.92,107.36,-19.52,-87.84,82.96,302.56,668.56,585.6,-87.84,1351.76
-68.32,-117.12,-48.8,92.72,-9.76,-82.96,82.96,317.2,663.68,595.36,-82.96,1332.24
-73.2,-141.52,-68.32,107.36,-4.88,-107.36,107.36,307.44,683.2,614.88,-78.08,1332.24
-58.56,-136.64,-78.08,97.6,9.76,-107.36,92.72,312.32,697.84,624.64,-73.2,1322.48
-63.44,-126.88,-63.44,97.6,0,-97.6,112.24,336.72,702.72,634.4,-68.32,1307.84
-73.2,-136.64,-63.44,107.36,-4.88,-102.48,122,336.72,707.6,649.04,-78.08,1312.72
-82.96,-117.12,-34.16,102.48,-24.4,-78.08,92.72,341.6,717.36,663.68,-68.32,1332.24
-78.08,-117.12,-39.04,97.6,-19.52,-78.08,151.28,351.36,732,678.32,-68.32,1322.48
-82.96,-131.76,-48.8,107.36,-19.52,-92.72,180.56,375.76,741.76,692.96,-53.68,1327.36
-78.08,-97.6,-19.52,87.84,-29.28,-58.56,141.52,380.64,746.64,697.84,-53.68,1332.24
-58.56,-68.32,-9.76,63.44,-24.4,-39.04,141.52,370.88,741.76,702.72,-63.44,1307.84
-48.8,-102.48,-53.68,78.08,0,-78.08,112.24,380.64,736.88,697.84,-73.2,1259.04
-63.44,-117.12,-53.68,92.72,-4.88,-87.84,122,375.76,756.4,702.72,-68.32,1259.04
-102.48,-117.12,-14.64,112.24,-43.92,-68.32,117.12,400.16,771.04,732,-43.92,1273.68
-87.84,-122,-34.16,107.36,-29.28,-78.08,165.92,429.44,800.32,746.64,-39.04,1288.32
-78.08,-126.88,-48.8,102.48,-14.64,-87.84,161.04,448.96,834.48,756.4,-29.28,1288.32
-53.68,-87.84,-34.16,73.2,-9.76,-63.44,170.8,444.08,834.48,761.28,-29.28,1293.2
-34.16,-63.44,-29.28,48.8,-4.88,-48.8,161.04,453.84,810.08,751.52,-39.04,1346.88
-63.44,-82.96,-19.52,73.2,-24.4,-53.68,180.56,458.72,824.72,751.52,-39.04,1327.36
-58.56,-78.08,-19.52,68.32,-19.52,-48.8,204.96,468.48,834.48,751.52,-39.04,1278.56
-97.6,-92.72,4.88,97.6,-53.68,-43.92,209.84,497.76,849.12,771.04,-24.4,1273.68
-122,-107.36,14.64,117.12,-68.32,-48.8,175.68,483.12,854,761.28,-29.28,1244.4
-87.84,-73.2,14.64,82.96,-53.68,-29.28,185.44,483.12,858.88,756.4,-24.4,1259.04
-73.2,-68.32,4.88,73.2,-39.04,-34.16,156.16,488,854,756.4,-34.16,1220
-73.2,-63.44,9.76,68.32,-43.92,-29.28,146.4,497.76,873.52,766.16,-29.28,1205.36
-78.08,-78.08,0,78.08,-39.04,-39.04,165.92,502.64,888.16,790.56,-24.4,1205.36
-78.08,-92.72,-14.64,87.84,-34.16,-53.68,170.8,512.4,897.92,810.08,-19.52,1190.72
-48.8,-43.92,4.88,48.8,-29.28,-19.52,190.32,531.92,902.8,829.6,-9.76,1190.72
-48.8,-39.04,9.76,43.92,-29.28,-14.64,180.56,546.56,917.44,849.12,-4.88,1195.6
-82.96,-68.32,14.64,78.08,-48.8,-29.28,156.16,566.08,932.08,854,-9.76,1210.24
-68.32,-34.16,34.16,53.68,-53.68,0,165.92,556.32,936.96,858.88,4.88,1190.72
-63.44,-29.28,34.16,48.8,-48.8,0,190.32,561.2,941.84,868.64,9.76,1171.2
-92.72,-58.56,34.16,78.08,-63.44,-14.64,185.44,566.08,936.96,868.64,-9.76,1156.56
-107.36,-82.96,24.4,97.6,-68.32,-29.28,224.48,575.84,951.6,873.52,-19.52,1171.2
-117.12,-102.48,14.64,112.24,-68.32,-43.92,180.56,580.72,951.6,883.28,-24.4,1195.6
-87.84,-63.44,24.4,78.08,-58.56,-19.52,180.56,580.72,956.48,893.04,-19.52,1156.56
-53.68,-19.52,34.16,39.04,-43.92,4.88,234.24,605.12,976,907.68,-4.88,1190.72
-43.92,-14.64,29.28,29.28,-39.04,4.88,268.4,624.64,995.52,917.44,-4.88,1215.12
-43.92,-19.52,24.4,34.16,-34.16,0,239.12,619.76,995.52,932.08,4.88,1224.88
-53.68,-34.16,19.52,43.92,-39.04,-9.76,229.36,644.16,1005.28,936.96,9.76,1249.28
-58.56,-24.4,34.16,43.92,-48.8,4.88,287.92,649.04,1019.92,946.72,14.64,1263.92
-63.44,-4.88,58.56,34.16,-63.44,24.4,307.44,639.28,1015.04,951.6,9.76,1302.96
-68.32,-24.4,43.92,48.8,-58.56,9.76,287.92,639.28,1024.8,956.48,9.76,1307.84
-68.32,-24.4,43.92,48.8,-58.56,9.76,273.28,649.04,1034.56,961.36,19.52,1322.48
-73.2,-24.4,48.8,48.8,-63.44,9.76,283.04,663.68,1019.92,961.36,14.64,1346.88
-82.96,-39.04,43.92,63.44,-63.44,0,273.28,649.04,1019.92,956.48,9.76,1351.76
-68.32,-29.28,39.04,48.8,-53.68,4.88,278.16,634.4,1029.68,961.36,19.52,1361.52
-73.2,-24.4,48.8,48.8,-63.44,9.76,273.28,634.4,1024.8,961.36,19.52,1381.04
-82.96,-19.52,63.44,53.68,-73.2,19.52,278.16,629.52,1005.28,946.72,14.64,1420.08
-92.72,-34.16,58.56,63.44,-78.08,9.76,297.68,629.52,1005.28,936.96,9.76,1449.36
-82.96,-34.16,48.8,58.56,-68.32,4.88,287.92,619.76,1029.68,936.96,14.64,1449.36
-68.32,-14.64,53.68,43.92,-63.44,19.52,258.64,614.88,1024.8,941.84,14.64,1483.52
-58.56,4.88,63.44,29.28,-63.44,34.16,278.16,624.64,1039.44,946.72,29.28,1498.16
-39.04,14.64,53.68,14.64,-48.8,34.16,273.28,634.4,1073.6,956.48,48.8,1532.32
-34.16,9.76,43.92,14.64,-39.04,24.4,253.76,639.28,1049.2,961.36,43.92,1546.96
-68.32,-24.4,43.92,48.8,-58.56,9.76,234.24,624.64,1024.8,941.84,29.28,1551.84
-73.2,-19.52,53.68,48.8,-63.44,14.64,239.12,614.88,1010.16,941.84,29.28,1542.08
-58.56,-4.88,53.68,34.16,-58.56,24.4,253.76,605.12,1015.04,941.84,34.16,1571.36
-63.44,-4.88,58.56,34.16,-63.44,24.4,219.6,600.24,1010.16,941.84,48.8,1586
-68.32,-9.76,58.56,39.04,-63.44,24.4,209.84,600.24,980.88,936.96,39.04,1576.24
-53.68,9.76,63.44,24.4,-58.56,34.16,209.84,595.36,995.52,941.84,48.8,1600.64
-58.56,9.76,68.32,24.4,-63.44,39.04,209.84,580.72,990.64,941.84,43.92,1615.28
-63.44,14.64,78.08,24.4,-73.2,43.92,239.12,570.96,990.64,946.72,58.56,1639.68
-63.44,0,63.44,34.16,-63.44,29.28,219.6,566.08,990.64,946.72,53.68,1659.2
-34.16,19.52,53.68,9.76,-43.92,34.16,224.48,556.32,980.88,941.84,53.68,1659.2
-39.04,14.64,53.68,14.64,-48.8,34.16,195.2,531.92,956.48,932.08,48.8,1664.08
-43.92,9.76,53.68,19.52,-48.8,29.28,146.4,502.64,917.44,912.56,48.8,1668.96
-29.28,14.64,43.92,9.76,-39.04,29.28,185.44,492.88,907.68,922.32,58.56,1688.48
-4.88,39.04,43.92,-14.64,-24.4,39.04,185.44,497.76,902.8,917.44,78.08,1722.64
0,39.04,39.04,-19.52,-19.52,39.04,136.64,473.36,878.4,897.92,63.44,1717.76
-9.76,9.76,19.52,0,-14.64,14.64,151.28,424.56,839.36,873.52,48.8,1712.88
-19.52,-9.76,9.76,14.64,-14.64,0,151.28,395.28,844.24,873.52,39.04,1712.88
-9.76,-9.76,0,9.76,-4.88,-4.88,126.88,380.64,834.48,873.52,39.04,1722.64
9.76,-9.76,-19.52,0,14.64,-14.64,136.64,361.12,810.08,863.76,29.28,1737.28
-29.28,-58.56,-29.28,43.92,0,-43.92,68.32,336.72,780.8,849.12,14.64,1761.68
-9.76,-43.92,-34.16,29.28,9.76,-39.04,78.08,326.96,771.04,858.88,29.28,1795.84
48.8,0,-48.8,-24.4,48.8,-24.4,107.36,336.72,771.04,863.76,43.92,1795.84
43.92,9.76,-34.16,-24.4,39.04,-14.64,131.76,326.96,761.28,854,39.04,1795.84
34.16,0,-34.16,-14.64,34.16,-19.52,112.24,297.68,736.88,854,29.28,1825.12
34.16,-14.64,-48.8,-9.76,39.04,-34.16,131.76,297.68,712.48,839.36,24.4,1810.48
34.16,-14.64,-48.8,-9.76,39.04,-34.16,92.72,263.52,702.72,829.6,24.4,1815.36
34.16,-29.28,-63.44,0,48.8,-48.8,117.12,253.76,712.48,834.48,24.4,1844.64
34.16,-48.8,-82.96,9.76,58.56,-68.32,122,239.12,683.2,824.72,19.52,1839.76
34.16,-43.92,-78.08,4.88,53.68,-63.44,112.24,234.24,673.44,814.96,9.76,1844.64
24.4,-34.16,-58.56,4.88,39.04,-48.8,117.12,209.84,668.56,814.96,0,1873.92
63.44,-9.76,-73.2,-24.4,68.32,-43.92,126.88,175.68,663.68,805.2,4.88,1878.8
43.92,-39.04,-82.96,0,63.44,-63.44,73.2,170.8,653.92,810.08,0,1903.2
29.28,-53.68,-82.96,14.64,53.68,-68.32,78.08,170.8,649.04,805.2,-9.76,1917.84
29.28,-39.04,-68.32,4.88,48.8,-53.68,97.6,146.4,629.52,795.44,-14.64,1932.48
34.16,-19.52,-53.68,-4.88,43.92,-39.04,87.84,136.64,634.4,795.44,-14.64,1966.64
19.52,-29.28,-48.8,4.88,34.16,-39.04,24.4,131.76,605.12,785.68,-24.4,1942.24
29.28,-29.28,-58.56,0,43.92,-43.92,14.64,122,614.88,780.8,-29.28,1927.6
53.68,-4.88,-58.56,-24.4,53.68,-34.16,58.56,141.52,614.88,785.68,-24.4,1937.36
39.04,-19.52,-58.56,-9.76,48.8,-39.04,48.8,141.52,600.24,771.04,-29.28,1927.6
24.4,-43.92,-68.32,9.76,43.92,-58.56,39.04,122,595.36,775.92,-29.28,1927.6
4.88,-58.56,-63.44,29.28,34.16,-63.44,43.92,117.12,595.36,775.92,-39.04,1932.48
29.28,-48.8,-78.08,9.76,53.68,-63.44,29.28,107.36,595.36,780.8,-24.4,1942.24
19.52,-63.44,-82.96,24.4,48.8,-73.2,68.32,117.12,610,795.44,-24.4,1966.64
9.76,-63.44,-73.2,29.28,39.04,-68.32,78.08,117.12,600.24,795.44,-29.28,1976.4
24.4,-39.04,-63.44,9.76,43.92,-53.68,63.44,141.52,600.24,795.44,-19.52,1986.16
24.4,-29.28,-53.68,4.88,39.04,-43.92,82.96,165.92,614.88,805.2,-14.64,2010.56
34.16,-14.64,-48.8,-9.76,39.04,-34.16,87.84,175.68,629.52,805.2,-9.76,2010.56
34.16,-19.52,-53.68,-4.88,43.92,-39.04,73.2,141.52,629.52,805.2,-14.64,2015.44
9.76,-39.04,-48.8,14.64,29.28,-43.92,87.84,136.64,605.12,805.2,-24.4,2010.56
4.88,-39.04,-43.92,19.52,24.4,-43.92,112.24,141.52,600.24,805.2,-24.4,1991.04
43.92,0,-43.92,-19.52,43.92,-24.4,102.48,151.28,610,829.6,-4.88,2005.68
9.76,-34.16,-43.92,14.64,24.4,-39.04,107.36,151.28,600.24,829.6,-24.4,2000.8
4.88,-48.8,-53.68,24.4,29.28,-53.68,122,151.28,610,834.48,-29.28,2020.32
34.16,-14.64,-48.8,-9.76,39.04,-34.16,82.96,156.16,619.76,854,-19.52,2039.84
9.76,-34.16,-43.92,14.64,24.4,-39.04,63.44,156.16,605.12,849.12,-29.28,2025.2
0,-39.04,-39.04,19.52,19.52,-39.04,97.6,151.28,610,849.12,-39.04,2020.32
4.88,-39.04,-43.92,19.52,24.4,-43.92,136.64,175.68,624.64,863.76,-24.4,2010.56
-9.76,-63.44,-53.68,39.04,19.52,-58.56,151.28,165.92,619.76,863.76,-39.04,1995.92
9.76,-73.2,-82.96,34.16,43.92,-78.08,87.84,146.4,605.12,858.88,-48.8,1971.52
-24.4,-78.08,-53.68,53.68,14.64,-68.32,73.2,156.16,614.88,858.88,-29.28,1966.64
-4.88,-58.56,-53.68,34.16,24.4,-58.56,82.96,161.04,624.64,873.52,-34.16,1991.04
43.92,-19.52,-63.44,-9.76,53.68,-43.92,117.12,170.8,634.4,878.4,-39.04,2020.32
43.92,4.88,-39.04,-24.4,39.04,-19.52,141.52,200.08,663.68,893.04,-19.52,2030.08
19.52,-9.76,-29.28,-4.88,24.4,-19.52,136.64,190.32,663.68,897.92,-29.28,2015.44
14.64,-29.28,-43.92,9.76,29.28,-39.04,131.76,185.44,634.4,888.16,-39.04,2030.08
0,-24.4,-24.4,14.64,9.76,-24.4,117.12,200.08,649.04,888.16,-34.16,2034.96
0,-34.16,-34.16,19.52,14.64,-34.16,131.76,204.96,649.04,897.92,-43.92,2034.96
9.76,-39.04,-48.8,14.64,29.28,-43.92,161.04,204.96,658.8,893.04,-39.04,2064.24
9.76,-39.04,-48.8,14.64,29.28,-43.92,136.64,200.08,653.92,897.92,-39.04,2054.48
-4.88,-58.56,-53.68,34.16,24.4,-58.56,161.04,204.96,653.92,893.04,-39.04,2059.36
-19.52,-68.32,-48.8,43.92,14.64,-58.56,161.04,200.08,649.04,893.04,-39.04,2064.24
-29.28,-58.56,-29.28,43.92,0,-43.92,146.4,200.08,649.04,902.8,-34.16,2078.88
-19.52,-82.96,-63.44,53.68,19.52,-73.2,131.76,195.2,644.16,902.8,-39.04,2088.64
-14.64,-73.2,-58.56,43.92,19.52,-68.32,126.88,195.2,639.28,907.68,-34.16,2103.28
-4.88,-34.16,-29.28,19.52,9.76,-34.16,165.92,200.08,653.92,927.2,-29.28,2127.68
-9.76,-19.52,-9.76,14.64,0,-14.64,180.56,195.2,658.8,927.2,-39.04,2147.2
4.88,-19.52,-24.4,9.76,14.64,-24.4,161.04,200.08,668.56,936.96,-34.16,2152.08
24.4,-29.28,-53.68,4.88,39.04,-43.92,131.76,229.36,678.32,956.48,-19.52,2186.24
24.4,-24.4,-48.8,0,34.16,-39.04,131.76,234.24,678.32,961.36,-19.52,2152.08
29.28,-39.04,-68.32,4.88,48.8,-53.68,122,224.48,707.6,966.24,-19.52,2142.32
14.64,-58.56,-73.2,24.4,43.92,-68.32,107.36,209.84,678.32,961.36,-29.28,2132.56
-4.88,-58.56,-53.68,34.16,24.4,-58.56,92.72,190.32,653.92,951.6,-39.04,2098.4
4.88,-53.68,-58.56,24.4,29.28,-58.56,82.96,200.08,649.04,956.48,-43.92,2078.88
-9.76,-68.32,-58.56,39.04,24.4,-63.44,73.2,175.68,644.16,951.6,-48.8,2054.48
4.88,-63.44,-68.32,29.28,34.16,-68.32,48.8,175.68,663.68,956.48,-39.04,2034.96
-9.76,-48.8,-39.04,29.28,14.64,-43.92,48.8,185.44,649.04,951.6,-48.8,2025.2
0,-58.56,-58.56,29.28,29.28,-58.56,97.6,200.08,649.04,956.48,-43.92,2020.32
29.28,-53.68,-82.96,14.64,53.68,-68.32,92.72,200.08,658.8,971.12,-34.16,2030.08
24.4,-43.92,-68.32,9.76,43.92,-58.56,53.68,195.2,663.68,966.24,-43.92,2010.56
24.4,-43.92,-68.32,9.76,43.92,-58.56,102.48,214.72,663.68,966.24,-39.04,2015.44
34.16,-43.92,-78.08,4.88,53.68,-63.44,136.64,209.84,688.08,980.88,-39.04,2010.56
14.64,-48.8,-63.44,19.52,39.04,-58.56,112.24,204.96,683.2,961.36,-43.92,2005.68
0,-58.56,-58.56,29.28,29.28,-58.56,63.44,209.84,653.92,956.48,-48.8,2005.68
-29.28,-87.84,-58.56,58.56,14.64,-73.2,82.96,185.44,634.4,946.72,-43.92,2015.44
-24.4,-82.96,-58.56,53.68,14.64,-73.2,131.76,180.56,629.52,936.96,-43.92,2010.56
-4.88,-78.08,-73.2,43.92,34.16,-78.08,78.08,180.56,644.16,936.96,-43.92,2025.2
0,-82.96,-82.96,43.92,39.04,-82.96,53.68,175.68,653.92,941.84,-39.04,2049.6
4.88,-78.08,-82.96,39.04,43.92,-82.96,58.56,180.56,634.4,946.72,-34.16,2044.72
0,-78.08,-78.08,39.04,39.04,-78.08,73.2,185.44,634.4,936.96,-43.92,2083.76
29.28,-43.92,-73.2,9.76,48.8,-58.56,87.84,190.32,634.4,936.96,-29.28,2078.88
63.44,-14.64,-78.08,-24.4,68.32,-48.8,92.72,175.68,634.4,936.96,-34.16,2113.04
48.8,-24.4,-73.2,-9.76,58.56,-48.8,73.2,161.04,624.64,932.08,-34.16,2113.04
43.92,-39.04,-82.96,0,63.44,-63.44,87.84,161.04,614.88,927.2,-34.16,2098.4
43.92,-34.16,-78.08,-4.88,58.56,-58.56,87.84,161.04,619.76,932.08,-34.16,2098.4
48.8,-24.4,-73.2,-9.76,58.56,-48.8,53.68,151.28,619.76,912.56,-39.04,2103.28
24.4,-48.8,-73.2,14.64,48.8,-63.44,82.96,156.16,629.52,912.56,-34.16,2103.28
24.4,-63.44,-87.84,19.52,53.68,-78.08,73.2,170.8,629.52,922.32,-34.16,2098.4
39.04,-53.68,-92.72,9.76,63.44,-73.2,63.44,180.56,644.16,917.44,-19.52,2098.4
82.96,-24.4,-107.36,-29.28,92.72,-68.32,53.68,239.12,688.08,946.72,4.88,2117.92
92.72,-9.76,-102.48,-39.04,97.6,-58.56,68.32,380.64,790.56,990.64,48.8,2117.92
126.88,19.52,-107.36,-73.2,117.12,-43.92,151.28,595.36,961.36,1063.84,97.6,2152.08
161.04,29.28,-131.76,-92.72,146.4,-53.68,258.64,878.4,1180.96,1190.72,161.04,2196
165.92,43.92,-122,-102.48,141.52,-39.04,258.64,1044.32,1302.96,1249.28,185.44,2205.76
136.64,39.04,-97.6,-87.84,117.12,-29.28,248.88,936.96,1205.36,1215.12,175.68,2210.64
122,39.04,-82.96,-78.08,102.48,-24.4,209.84,678.32,1005.28,1141.92,151.28,2200.88
126.88,29.28,-97.6,-78.08,112.24,-34.16,97.6,312.32,727.12,1049.2,126.88,2171.6
136.64,14.64,-122,-73.2,126.88,-53.68,-24.4,-126.88,395.28,936.96,92.72,2161.84
151.28,9.76,-141.52,-78.08,146.4,-68.32,-131.76,-522.16,102.48,829.6,68.32,2147.2
161.04,0,-161.04,-78.08,161.04,-82.96,-248.88,-883.28,-165.92,732,43.92,2142.32
204.96,14.64,-190.32,-107.36,195.2,-87.84,-331.84,-1205.36,-419.68,658.8,43.92,2176.48
268.4,29.28,-239.12,-146.4,253.76,-107.36,-492.88,-1542.08,-668.56,575.84,39.04,2171.6
326.96,92.72,-234.24,-209.84,278.16,-73.2,-556.32,-1795.84,-849.12,522.16,53.68,2205.76
322.08,102.48,-219.6,-209.84,268.4,-58.56,-678.32,-2088.64,-1112.64,414.8,29.28,2215.52
312.32,63.44,-248.88,-185.44,278.16,-92.72,-829.6,-2464.4,-1464,190.32,-73.2,2191.12
287.92,43.92,-244,-165.92,263.52,-102.48,-878.4,-2727.92,-1732.4,14.64,-146.4,2186.24
273.28,34.16,-239.12,-151.28,253.76,-102.48,-951.6,-2913.36,-1952,-146.4,-209.84,2156.96
302.56,58.56,-244,-180.56,273.28,-92.72,-1005.28,-3084.16,-2137.44,-292.8,-248.88,2142.32
331.84,68.32,-263.52,-200.08,297.68,-97.6,-1156.56,-3289.12,-2332.64,-405.04,-248.88,2166.72
400.16,117.12,-283.04,-258.64,341.6,-82.96,-1342,-3459.92,-2435.12,-448.96,-204.96,2196
478.24,195.2,-283.04,-336.72,380.64,-43.92,-1459.12,-3533.12,-2464.4,-414.8,-97.6,2298.48
522.16,287.92,-234.24,-405.04,375.76,24.4,-1527.44,-3562.4,-2444.88,-361.12,0,2405.84
570.96,385.52,-185.44,-478.24,375.76,97.6,-1634.8,-3542.88,-2376.56,-268.4,131.76,2527.84
614.88,483.12,-131.76,-546.56,370.88,175.68,-1693.36,-3474.56,-2264.32,-122,297.68,2674.24
663.68,590.48,-73.2,-624.64,366,258.64,-1717.76,-3328.16,-2078.88,73.2,517.28,2840.16
697.84,712.48,14.64,-702.72,341.6,361.12,-1737.28,-3054.88,-1800.72,307.44,732,3010.96
614.88,814.96,200.08,-712.48,204.96,507.52,-1659.2,-2747.44,-1537.2,483.12,854,3167.12
522.16,844.24,322.08,-683.2,97.6,580.72,-1581.12,-2542.48,-1405.44,468.48,814.96,3172
405.04,824.72,419.68,-614.88,-9.76,619.76,-1454.24,-2357.04,-1342,356.24,673.44,3098.8
273.28,780.8,507.52,-527.04,-117.12,644.16,-1273.68,-2137.44,-1259.04,268.4,546.56,3015.84
200.08,736.88,536.8,-468.48,-170.8,634.4,-1156.56,-1942.24,-1161.44,175.68,409.92,2908.48
136.64,702.72,566.08,-419.68,-214.72,634.4,-1078.48,-1771.44,-1083.36,126.88,302.56,2820.64
43.92,663.68,619.76,-351.36,-287.92,639.28,-951.6,-1586,-961.36,102.48,204.96,2742.56
-24.4,649.04,673.44,-312.32,-351.36,658.8,-795.44,-1366.4,-824.72,122,161.04,2669.36
-58.56,624.64,683.2,-283.04,-370.88,653.92,-697.84,-1190.72,-692.96,136.64,107.36,2586.4
-39.04,595.36,634.4,-278.16,-336.72,614.88,-624.64,-1078.48,-585.6,151.28,63.44,2498.56
-14.64,590.48,605.12,-287.92,-312.32,595.36,-541.68,-902.8,-448.96,200.08,68.32,2454.64
-48.8,531.92,580.72,-239.12,-317.2,556.32,-478.24,-751.52,-326.96,253.76,58.56,2430.24
-58.56,478.24,536.8,-209.84,-297.68,507.52,-370.88,-614.88,-209.84,287.92,48.8,2357.04
-63.44,424.56,488,-180.56,-278.16,453.84,-322.08,-497.76,-107.36,326.96,39.04,2278.96
-87.84,341.6,429.44,-126.88,-258.64,385.52,-297.68,-424.56,-48.8,326.96,-4.88,2196
-78.08,292.8,370.88,-107.36,-224.48,331.84,-248.88,-346.48,4.88,346.48,-19.52,2161.84
-68.32,244,312.32,-87.84,-190.32,278.16,-170.8,-263.52,63.44,356.24,-39.04,2132.56
-102.48,146.4,248.88,-19.52,-175.68,195.2,-126.88,-209.84,82.96,341.6,-78.08,2039.84
-112.24,107.36,219.6,4.88,-165.92,161.04,-92.72,-141.52,126.88,336.72,-92.72,1986.16
-87.84,92.72,180.56,0,-136.64,136.64,-73.2,-63.44,195.2,356.24,-87.84,1971.52
-87.84,63.44,151.28,14.64,-122,107.36,-34.16,4.88,239.12,375.76,-87.84,1956.88
-73.2,34.16,107.36,19.52,-92.72,68.32,34.16,87.84,292.8,409.92,-73.2,1971.52
-78.08,0,78.08,39.04,-78.08,39.04,39.04,117.12,336.72,429.44,-68.32,1971.52
-73.2,-29.28,43.92,53.68,-58.56,4.88,58.56,136.64,351.36,444.08,-73.2,1922.72
-48.8,-63.44,-14.64,58.56,-19.52,-39.04,112.24,146.4,356.24,439.2,-97.6,1908.08
-92.72,-92.72,0,92.72,-48.8,-48.8,97.6,156.16,380.64,439.2,-107.36,1893.44
-97.6,-82.96,14.64,92.72,-58.56,-34.16,92.72,175.68,385.52,439.2,-117.12,1888.56
-122,-107.36,14.64,117.12,-68.32,-48.8,117.12,185.44,380.64,439.2,-117.12,1878.8
-102.48,-92.72,9.76,97.6,-58.56,-43.92,165.92,195.2,375.76,453.84,-102.48,1864.16
-73.2,-68.32,4.88,73.2,-39.04,-34.16,141.52,200.08,380.64,458.72,-107.36,1854.4
-112.24,-107.36,4.88,112.24,-58.56,-53.68,161.04,219.6,385.52,453.84,-107.36,1869.04
-107.36,-122,-14.64,117.12,-48.8,-68.32,156.16,229.36,395.28,458.72,-107.36,1830
-97.6,-131.76,-34.16,117.12,-34.16,-82.96,156.16,229.36,400.16,448.96,-112.24,1820.24
-107.36,-126.88,-19.52,117.12,-43.92,-73.2,190.32,239.12,414.8,453.84,-97.6,1815.36
-112.24,-136.64,-24.4,126.88,-43.92,-82.96,195.2,253.76,405.04,439.2,-102.48,1805.6
-122,-126.88,-4.88,126.88,-58.56,-68.32,190.32,268.4,409.92,419.68,-107.36,1795.84
-97.6,-112.24,-14.64,107.36,-43.92,-63.44,200.08,268.4,405.04,400.16,-102.48,1786.08
-73.2,-102.48,-29.28,87.84,-24.4,-68.32,214.72,258.64,400.16,390.4,-102.48,1781.2
-97.6,-107.36,-9.76,102.48,-43.92,-58.56,170.8,239.12,380.64,366,-107.36,1742.16
-117.12,-126.88,-9.76,122,-53.68,-68.32,204.96,244,356.24,351.36,-117.12,1693.36
-136.64,-131.76,4.88,136.64,-73.2,-63.44,200.08,253.76,346.48,351.36,-117.12,1668.96
-131.76,-112.24,19.52,122,-78.08,-48.8,180.56,278.16,351.36,346.48,-117.12,1644.56
-102.48,-102.48,0,102.48,-53.68,-53.68,161.04,273.28,361.12,351.36,-112.24,1620.16
-78.08,-78.08,0,78.08,-39.04,-39.04,195.2,292.8,380.64,361.12,-102.48,1610.4
-78.08,-97.6,-19.52,87.84,-29.28,-58.56,204.96,302.56,385.52,370.88,-97.6,1595.76
-82.96,-112.24,-29.28,97.6,-29.28,-73.2,214.72,307.44,375.76,375.76,-102.48,1586
-82.96,-107.36,-24.4,97.6,-29.28,-68.32,219.6,297.68,366,380.64,-97.6,1571.36
-78.08,-117.12,-39.04,97.6,-19.52,-78.08,209.84,307.44,366,380.64,-97.6,1561.6
-78.08,-112.24,-34.16,97.6,-24.4,-73.2,161.04,307.44,346.48,366,-97.6,1512.8
-82.96,-107.36,-24.4,97.6,-29.28,-68.32,146.4,297.68,341.6,361.12,-102.48,1454.24
-92.72,-107.36,-14.64,102.48,-39.04,-63.44,185.44,312.32,351.36,366,-92.72,1429.84
-107.36,-107.36,0,107.36,-53.68,-53.68,200.08,322.08,366,366,-82.96,1410.32
-82.96,-112.24,-29.28,97.6,-29.28,-73.2,200.08,341.6,375.76,370.88,-68.32,1376.16
-68.32,-92.72,-24.4,82.96,-24.4,-58.56,190.32,356.24,400.16,380.64,-73.2,1342
-73.2,-92.72,-19.52,82.96,-29.28,-58.56,185.44,351.36,395.28,370.88,-78.08,1307.84
-78.08,-87.84,-9.76,82.96,-34.16,-48.8,204.96,341.6,375.76,366,-82.96,1312.72
-97.6,-87.84,9.76,92.72,-53.68,-39.04,180.56,351.36,385.52,366,-82.96,1317.6
-107.36,-107.36,0,107.36,-53.68,-53.68,146.4,356.24,380.64,346.48,-87.84,1317.6
-92.72,-122,-29.28,107.36,-34.16,-78.08,175.68,356.24,380.64,336.72,-87.84,1317.6
-82.96,-112.24,-29.28,97.6,-29.28,-73.2,200.08,366,409.92,331.84,-82.96,1298.08
-73.2,-87.84,-14.64,82.96,-29.28,-53.68,175.68,424.56,409.92,326.96,-78.08,1273.68
-48.8,-53.68,-4.88,53.68,-24.4,-29.28,209.84,419.68,405.04,317.2,-78.08,1273.68
-53.68,-78.08,-24.4,68.32,-14.64,-53.68,190.32,409.92,405.04,307.44,-73.2,1259.04
-48.8,-78.08,-29.28,63.44,-9.76,-53.68,136.64,419.68,409.92,312.32,-63.44,1244.4
-53.68,-73.2,-19.52,63.44,-19.52,-48.8,156.16,424.56,424.56,317.2,-58.56,1229.76
-73.2,-92.72,-19.52,82.96,-29.28,-58.56,165.92,419.68,424.56,317.2,-68.32,1210.24
-82.96,-112.24,-29.28,97.6,-29.28,-73.2,214.72,424.56,419.68,326.96,-63.44,1220
-73.2,-102.48,-29.28,87.84,-24.4,-68.32,195.2,429.44,414.8,331.84,-53.68,1200.48
-39.04,-78.08,-39.04,58.56,0,-58.56,180.56,453.84,419.68,341.6,-39.04,1190.72
-53.68,-82.96,-29.28,68.32,-14.64,-58.56,175.68,444.08,414.8,341.6,-43.92,1171.2
-73.2,-97.6,-24.4,87.84,-24.4,-63.44,204.96,444.08,409.92,317.2,-63.44,1112.64
-63.44,-87.84,-24.4,78.08,-19.52,-58.56,204.96,444.08,409.92,317.2,-58.56,1073.6
-68.32,-87.84,-19.52,78.08,-24.4,-53.68,180.56,458.72,409.92,317.2,-53.68,1034.56
-78.08,-92.72,-14.64,87.84,-34.16,-53.68,141.52,468.48,414.8,322.08,-43.92,971.12
-68.32,-78.08,-9.76,73.2,-29.28,-43.92,156.16,488,424.56,336.72,-29.28,946.72
-73.2,-78.08,-4.88,78.08,-34.16,-43.92,170.8,483.12,409.92,326.96,-48.8,883.28
-87.84,-97.6,-9.76,92.72,-39.04,-53.68,161.04,488,409.92,307.44,-58.56,824.72
-73.2,-68.32,4.88,73.2,-39.04,-34.16,165.92,512.4,414.8,307.44,-53.68,795.44
-73.2,-78.08,-4.88,78.08,-34.16,-43.92,180.56,507.52,405.04,302.56,-48.8,746.64
-73.2,-73.2,0,73.2,-39.04,-39.04,161.04,502.64,409.92,307.44,-43.92,727.12
-87.84,-102.48,-14.64,97.6,-39.04,-58.56,161.04,507.52,419.68,302.56,-48.8,712.48
-78.08,-97.6,-19.52,87.84,-29.28,-58.56,180.56,522.16,429.44,302.56,-39.04,673.44
-53.68,-87.84,-34.16,73.2,-9.76,-63.44,170.8,541.68,453.84,302.56,-29.28,649.04
-53.68,-92.72,-39.04,73.2,-9.76,-68.32,175.68,536.8,463.6,287.92,-34.16,605.12
-53.68,-92.72,-39.04,73.2,-9.76,-68.32,165.92,541.68,444.08,278.16,-34.16,585.6
-68.32,-112.24,-43.92,92.72,-14.64,-78.08,190.32,566.08,439.2,287.92,-29.28,566.08
-78.08,-117.12,-39.04,97.6,-19.52,-78.08,195.2,556.32,439.2,273.28,-29.28,546.56
-63.44,-87.84,-24.4,78.08,-19.52,-58.56,156.16,561.2,434.32,263.52,-24.4,541.68
-73.2,-107.36,-34.16,92.72,-19.52,-73.2,161.04,570.96,434.32,253.76,-29.28,512.4
-92.72,-136.64,-43.92,117.12,-24.4,-92.72,151.28,551.44,429.44,234.24,-34.16,448.96
-82.96,-117.12,-34.16,102.48,-24.4,-78.08,195.2,570.96,444.08,239.12,-19.52,473.36
-39.04,-58.56,-19.52,48.8,-9.76,-39.04,214.72,590.48,458.72,258.64,4.88,439.2
-14.64,-39.04,-24.4,29.28,4.88,-34.16,204.96,595.36,463.6,253.76,-4.88,380.64
-43.92,-63.44,-19.52,53.68,-14.64,-43.92,224.48,590.48,463.6,239.12,-14.64,336.72
-68.32,-82.96,-14.64,78.08,-29.28,-48.8,219.6,600.24,458.72,234.24,-24.4,302.56
-78.08,-78.08,0,78.08,-39.04,-39.04,209.84,590.48,434.32,209.84,-29.28,244
-82.96,-82.96,0,82.96,-43.92,-43.92,234.24,605.12,439.2,200.08,-19.52,204.96
-97.6,-92.72,4.88,97.6,-53.68,-43.92,234.24,605.12,439.2,185.44,-24.4,141.52
-112.24,-87.84,24.4,102.48,-68.32,-34.16,239.12,600.24,429.44,190.32,-24.4,107.36
-122,-78.08,43.92,102.48,-82.96,-19.52,224.48,585.6,429.44,175.68,-19.52,68.32
-73.2,-53.68,19.52,63.44,-48.8,-19.52,263.52,619.76,444.08,180.56,-9.76,63.44
-58.56,-34.16,24.4,48.8,-43.92,-4.88,263.52,624.64,448.96,185.44,-4.88,39.04
-87.84,-58.56,29.28,73.2,-58.56,-14.64,268.4,639.28,463.6,195.2,4.88,4.88
-92.72,-58.56,34.16,78.08,-63.44,-14.64,273.28,644.16,463.6,190.32,4.88,-9.76
-102.48,-53.68,48.8,78.08,-78.08,-4.88,302.56,644.16,463.6,190.32,4.88,-19.52
-122,-58.56,63.44,92.72,-92.72,0,307.44,624.64,444.08,165.92,-9.76,-92.72
-126.88,-53.68,73.2,92.72,-102.48,9.76,297.68,634.4,448.96,151.28,-9.76,-146.4
-136.64,-68.32,68.32,102.48,-102.48,0,268.4,644.16,424.56,141.52,-4.88,-185.44
-107.36,-39.04,68.32,73.2,-87.84,14.64,317.2,624.64,424.56,146.4,9.76,-200.08
-97.6,-29.28,68.32,63.44,-82.96,19.52,366,619.76,434.32,146.4,14.64,-229.36
-112.24,-48.8,63.44,82.96,-87.84,4.88,336.72,644.16,439.2,131.76,9.76,-278.16
-102.48,-48.8,53.68,78.08,-78.08,0,297.68,634.4,448.96,131.76,24.4,-297.68
-107.36,-39.04,68.32,73.2,-87.84,14.64,287.92,624.64,439.2,131.76,24.4,-331.84
-102.48,-29.28,73.2,68.32,-87.84,19.52,273.28,624.64,458.72,141.52,29.28,-346.48
-92.72,-19.52,73.2,58.56,-82.96,24.4,283.04,653.92,453.84,136.64,24.4,-366
-122,-48.8,73.2,87.84,-97.6,9.76,292.8,634.4,439.2,117.12,24.4,-385.52
-97.6,-29.28,68.32,63.44,-82.96,19.52,307.44,624.64,434.32,107.36,24.4,-405.04
-102.48,-29.28,73.2,68.32,-87.84,19.52,283.04,619.76,439.2,102.48,34.16,-429.44
-87.84,-9.76,78.08,48.8,-82.96,34.16,268.4,595.36,409.92,87.84,39.04,-463.6
-68.32,14.64,82.96,29.28,-78.08,48.8,268.4,575.84,409.92,87.84,48.8,-463.6
-68.32,19.52,87.84,24.4,-78.08,53.68,302.56,585.6,414.8,73.2,43.92,-497.76
-73.2,0,73.2,39.04,-73.2,34.16,278.16,561.2,409.92,53.68,43.92,-556.32
-58.56,4.88,63.44,29.28,-63.44,34.16,248.88,536.8,375.76,48.8,39.04,-575.84
-68.32,4.88,73.2,34.16,-73.2,39.04,273.28,536.8,385.52,43.92,43.92,-605.12
-73.2,-4.88,68.32,39.04,-73.2,29.28,263.52,541.68,380.64,43.92,53.68,-639.28
-63.44,-14.64,48.8,39.04,-58.56,14.64,204.96,507.52,336.72,24.4,43.92,-653.92
-34.16,14.64,48.8,9.76,-43.92,29.28,214.72,507.52,326.96,14.64,43.92,-668.56
-53.68,39.04,92.72,9.76,-73.2,63.44,258.64,517.28,322.08,14.64,58.56,-639.28
-68.32,9.76,78.08,29.28,-73.2,43.92,224.48,463.6,307.44,-4.88,48.8,-653.92
-48.8,-24.4,24.4,39.04,-39.04,0,195.2,424.56,283.04,-39.04,34.16,-707.6
-39.04,0,39.04,19.52,-39.04,19.52,180.56,414.8,278.16,-43.92,39.04,-746.64
-39.04,14.64,53.68,14.64,-48.8,34.16,175.68,409.92,273.28,-48.8,58.56,-775.92
-39.04,19.52,58.56,9.76,-48.8,39.04,165.92,390.4,234.24,-58.56,48.8,-824.72
-39.04,19.52,58.56,9.76,-48.8,39.04,131.76,380.64,224.48,-68.32,39.04,-873.52
-43.92,9.76,53.68,19.52,-48.8,29.28,112.24,370.88,219.6,-73.2,39.04,-912.56
-43.92,-4.88,39.04,24.4,-43.92,14.64,141.52,346.48,219.6,-73.2,43.92,-936.96
-24.4,14.64,39.04,4.88,-34.16,24.4,136.64,331.84,185.44,-82.96,39.04,-976
-4.88,24.4,29.28,-9.76,-19.52,24.4,117.12,317.2,165.92,-92.72,39.04,-1015.04
-24.4,14.64,39.04,4.88,-34.16,24.4,141.52,302.56,156.16,-102.48,29.28,-1024.8
-48.8,-9.76,39.04,29.28,-43.92,14.64,122,292.8,141.52,-122,24.4,-1078.48
-53.68,-9.76,43.92,34.16,-48.8,14.64,122,287.92,126.88,-131.76,24.4,-1166.32
-39.04,-9.76,29.28,24.4,-34.16,9.76,131.76,278.16,117.12,-141.52,24.4,-1210.24
4.88,24.4,19.52,-14.64,-9.76,19.52,126.88,292.8,117.12,-146.4,29.28,-1259.04
14.64,19.52,4.88,-14.64,4.88,9.76,92.72,287.92,131.76,-151.28,29.28,-1307.84
-19.52,-9.76,9.76,14.64,-14.64,0,63.44,253.76,112.24,-165.92,9.76,-1346.88
-39.04,-19.52,19.52,29.28,-29.28,0,82.96,239.12,78.08,-180.56,4.88,-1381.04
-43.92,-24.4,19.52,34.16,-34.16,-4.88,82.96,263.52,82.96,-185.44,0,-1415.2
-39.04,-43.92,-4.88,43.92,-19.52,-24.4,63.44,273.28,78.08,-195.2,0,-1429.84
-39.04,-24.4,14.64,34.16,-29.28,-4.88,117.12,244,68.32,-204.96,-9.76,-1473.76
-53.68,-58.56,-4.88,58.56,-24.4,-34.16,146.4,234.24,78.08,-204.96,-9.76,-1488.4
-48.8,-39.04,9.76,43.92,-29.28,-14.64,68.32,219.6,58.56,-219.6,-24.4,-1517.68
-53.68,-34.16,19.52,43.92,-39.04,-9.76,68.32,214.72,53.68,-229.36,-24.4,-1532.32
-78.08,-68.32,9.76,73.2,-43.92,-29.28,78.08,195.2,43.92,-244,-29.28,-1576.24
-82.96,-87.84,-4.88,87.84,-39.04,-48.8,68.32,195.2,48.8,-239.12,-24.4,-1590.88
-58.56,-58.56,0,58.56,-29.28,-29.28,78.08,200.08,53.68,-244,-29.28,-1605.52
-24.4,-29.28,-4.88,29.28,-9.76,-19.52,82.96,185.44,58.56,-248.88,-24.4,-1639.68
9.76,4.88,-4.88,-4.88,4.88,0,107.36,190.32,48.8,-244,-19.52,-1634.8
-14.64,-24.4,-9.76,19.52,-4.88,-19.52,82.96,204.96,63.44,-244,-19.52,-1625.04
-53.68,-63.44,-9.76,58.56,-24.4,-39.04,87.84,190.32,39.04,-263.52,-39.04,-1615.28
-43.92,-53.68,-9.76,48.8,-19.52,-34.16,126.88,195.2,48.8,-258.64,-34.16,-1659.2
-58.56,-58.56,0,58.56,-29.28,-29.28,107.36,204.96,48.8,-263.52,-43.92,-1688.48
-39.04,-29.28,9.76,34.16,-24.4,-9.76,117.12,209.84,48.8,-263.52,-43.92,-1708
-14.64,-29.28,-14.64,24.4,0,-24.4,141.52,219.6,82.96,-244,-39.04,-1717.76
-39.04,-68.32,-29.28,53.68,-4.88,-48.8,146.4,234.24,107.36,-229.36,-34.16,-1742.16
-58.56,-68.32,-9.76,63.44,-24.4,-39.04,165.92,253.76,92.72,-209.84,-29.28,-1761.68
-82.96,-92.72,-9.76,87.84,-39.04,-53.68,195.2,239.12,87.84,-204.96,-29.28,-1790.96
-82.96,-87.84,-4.88,87.84,-39.04,-48.8,151.28,224.48,97.6,-209.84,-39.04,-1834.88
-92.72,-102.48,-9.76,97.6,-43.92,-58.56,151.28,239.12,102.48,-209.84,-43.92,-1839.76
-92.72,-107.36,-14.64,102.48,-39.04,-63.44,122,229.36,68.32,-224.48,-48.8,-1859.28
-97.6,-102.48,-4.88,102.48,-48.8,-53.68,131.76,219.6,78.08,-214.72,-48.8,-1859.28
-112.24,-107.36,4.88,112.24,-58.56,-53.68,165.92,224.48,92.72,-209.84,-53.68,-1912.96
-73.2,-78.08,-4.88,78.08,-34.16,-43.92,175.68,224.48,107.36,-195.2,-34.16,-1927.6
-19.52,-34.16,-14.64,29.28,-4.88,-24.4,190.32,248.88,126.88,-165.92,-14.64,-1932.48
-14.64,-39.04,-24.4,29.28,4.88,-34.16,229.36,268.4,146.4,-156.16,-24.4,-1947.12
-4.88,-24.4,-19.52,14.64,4.88,-24.4,204.96,278.16,156.16,-146.4,-14.64,-1956.88
-19.52,-39.04,-19.52,29.28,0,-29.28,200.08,263.52,161.04,-146.4,-24.4,-1981.28
-53.68,-82.96,-29.28,68.32,-14.64,-58.56,204.96,278.16,156.16,-146.4,-24.4,-2020.32
-58.56,-78.08,-19.52,68.32,-19.52,-48.8,214.72,287.92,161.04,-141.52,-24.4,-2049.6
-63.44,-73.2,-9.76,68.32,-29.28,-43.92,209.84,273.28,151.28,-136.64,-24.4,-2044.72
-58.56,-82.96,-24.4,73.2,-19.52,-53.68,219.6,263.52,146.4,-136.64,-29.28,-2044.72
-68.32,-82.96,-14.64,78.08,-29.28,-48.8,195.2,263.52,156.16,-141.52,-34.16,-2059.36
-68.32,-87.84,-19.52,78.08,-24.4,-53.68,165.92,273.28,156.16,-126.88,-39.04,-2088.64
-39.04,-68.32,-29.28,53.68,-4.88,-48.8,175.68,283.04,161.04,-112.24,-29.28,-2088.64
-19.52,-58.56,-39.04,39.04,9.76,-48.8,204.96,287.92,190.32,-78.08,-14.64,-2088.64
-34.16,-58.56,-24.4,48.8,-4.88,-43.92,234.24,297.68,195.2,-78.08,-14.64,-2108.16
-43.92,-43.92,0,43.92,-24.4,-24.4,229.36,287.92,180.56,-78.08,-24.4,-2137.44
-63.44,-63.44,0,63.44,-34.16,-34.16,239.12,278.16,170.8,-82.96,-24.4,-2176.48
-53.68,-63.44,-9.76,58.56,-24.4,-39.04,214.72,283.04,170.8,-82.96,-24.4,-2205.76
-39.04,-48.8,-9.76,43.92,-14.64,-29.28,224.48,278.16,190.32,-58.56,-19.52,-2186.24
-53.68,-78.08,-24.4,68.32,-14.64,-53.68,209.84,278.16,180.56,-53.68,-14.64,-2196
-53.68,-63.44,-9.76,58.56,-24.4,-39.04,214.72,287.92,185.44,-48.8,-9.76,-2259.44
-43.92,-68.32,-24.4,58.56,-9.76,-48.8,204.96,302.56,190.32,-43.92,-9.76,-2264.32
-58.56,-82.96,-24.4,73.2,-19.52,-53.68,180.56,307.44,180.56,-43.92,-19.52,-2293.6
-48.8,-78.08,-29.28,63.44,-9.76,-53.68,204.96,302.56,190.32,-29.28,-19.52,-2322.88
-63.44,-87.84,-24.4,78.08,-19.52,-58.56,200.08,302.56,195.2,-24.4,-19.52,-2332.64
-34.16,-48.8,-14.64,43.92,-9.76,-34.16,214.72,297.68,190.32,-14.64,-14.64,-2327.76
-19.52,-34.16,-14.64,29.28,-4.88,-24.4,263.52,283.04,195.2,-4.88,-9.76,-2337.52
-43.92,-63.44,-19.52,53.68,-14.64,-43.92,209.84,268.4,180.56,-4.88,-9.76,-2371.68
-63.44,-87.84,-24.4,78.08,-19.52,-58.56,175.68,258.64,165.92,-14.64,-24.4,-2400.96
-39.04,-87.84,-48.8,63.44,4.88,-68.32,175.68,263.52,170.8,0,-14.64,-2405.84
-4.88,-73.2,-68.32,39.04,29.28,-73.2,204.96,253.76,180.56,9.76,0,-2430.24
-14.64,-68.32,-53.68,43.92,19.52,-63.44,180.56,258.64,175.68,4.88,-9.76,-2459.52
-24.4,-82.96,-58.56,53.68,14.64,-73.2,161.04,253.76,175.68,9.76,-9.76,-2474.16
-4.88,-58.56,-53.68,34.16,24.4,-58.56,131.76,263.52,180.56,14.64,-4.88,-2469.28
0,-53.68,-53.68,29.28,24.4,-53.68,156.16,253.76,190.32,29.28,9.76,-2459.52
-39.04,-73.2,-34.16,58.56,-4.88,-53.68,170.8,244,170.8,19.52,-9.76,-2498.56
-53.68,-82.96,-29.28,68.32,-14.64,-58.56,180.56,229.36,161.04,14.64,-19.52,-2508.32
-53.68,-78.08,-24.4,68.32,-14.64,-53.68,126.88,239.12,161.04,29.28,-14.64,-2508.32
-48.8,-82.96,-34.16,68.32,-9.76,-58.56,97.6,239.12,170.8,29.28,-9.76,-2503.44
-14.64,-39.04,-24.4,29.28,4.88,-34.16,117.12,234.24,170.8,39.04,0,-2498.56
-34.16,-53.68,-19.52,43.92,-9.76,-39.04,131.76,258.64,175.68,39.04,9.76,-2547.36
-9.76,-43.92,-34.16,29.28,9.76,-39.04,112.24,239.12,161.04,29.28,4.88,-2596.16
-9.76,-29.28,-19.52,19.52,4.88,-24.4,165.92,219.6,165.92,34.16,0,-2610.8
-29.28,-29.28,0,29.28,-14.64,-14.64,180.56,214.72,161.04,29.28,-9.76,-2664.48
-53.68,-29.28,24.4,43.92,-39.04,-4.88,107.36,209.84,151.28,19.52,-9.76,-2713.28
-63.44,-78.08,-14.64,73.2,-24.4,-48.8,122,204.96,156.16,34.16,-4.88,-2723.04
-43.92,-78.08,-34.16,63.44,-4.88,-58.56,82.96,209.84,161.04,34.16,-4.88,-2752.32
-14.64,-63.44,-48.8,39.04,14.64,-58.56,107.36,204.96,156.16,24.4,-14.64,-2776.72
-68.32,-73.2,-4.88,73.2,-34.16,-39.04,136.64,239.12,156.16,24.4,0,-2757.2
-58.56,-78.08,-19.52,68.32,-19.52,-48.8,117.12,234.24,151.28,14.64,-14.64,-2796.24
-48.8,-82.96,-34.16,68.32,-9.76,-58.56,87.84,219.6,165.92,14.64,-9.76,-2830.4
-39.04,-82.96,-43.92,63.44,0,-63.44,73.2,209.84,151.28,4.88,-9.76,-2849.92
-39.04,-78.08,-39.04,58.56,0,-58.56,102.48,248.88,180.56,19.52,4.88,-2869.44
-19.52,-68.32,-48.8,43.92,14.64,-58.56,107.36,263.52,200.08,39.04,19.52,-2879.2
-14.64,-63.44,-48.8,39.04,14.64,-58.56,78.08,278.16,204.96,43.92,24.4,-2888.96
-19.52,-58.56,-39.04,39.04,9.76,-48.8,82.96,341.6,258.64,73.2,29.28,-2908.48
-4.88,-34.16,-29.28,19.52,9.76,-34.16,161.04,512.4,390.4,131.76,63.44,-2908.48
19.52,-9.76,-29.28,-4.88,24.4,-19.52,253.76,746.64,590.48,229.36,117.12,-2884.08
24.4,4.88,-19.52,-14.64,19.52,-9.76,302.56,1010.16,805.2,336.72,175.68,-2864.56
58.56,39.04,-19.52,-48.8,39.04,9.76,317.2,1073.6,849.12,370.88,200.08,-2849.92
58.56,29.28,-29.28,-43.92,43.92,0,287.92,912.56,702.72,317.2,185.44,-2859.68
43.92,19.52,-24.4,-29.28,34.16,-4.88,248.88,614.88,478.24,244,161.04,-2879.2
68.32,19.52,-48.8,-43.92,58.56,-14.64,136.64,200.08,156.16,136.64,131.76,-2898.72
92.72,19.52,-73.2,-53.68,82.96,-29.28,53.68,-209.84,-141.52,53.68,126.88,-2898.72
97.6,14.64,-82.96,-53.68,87.84,-34.16,-73.2,-575.84,-395.28,-19.52,117.12,-2923.12
131.76,19.52,-112.24,-73.2,122,-48.8,-165.92,-897.92,-644.16,-87.84,117.12,-2962.16
161.04,19.52,-141.52,-87.84,151.28,-63.44,-302.56,-1215.12,-868.64,-141.52,122,-3001.2
200.08,43.92,-156.16,-122,175.68,-58.56,-429.44,-1507.92,-1088.24,-200.08,131.76,-3030.48
229.36,82.96,-146.4,-156.16,185.44,-34.16,-536.8,-1742.16,-1244.4,-229.36,165.92,-3040.24
239.12,92.72,-146.4,-165.92,190.32,-29.28,-649.04,-2054.48,-1522.56,-346.48,136.64,-3059.76
234.24,78.08,-156.16,-156.16,195.2,-39.04,-771.04,-2376.56,-1830,-541.68,63.44,-3128.08
273.28,87.84,-185.44,-180.56,229.36,-48.8,-829.6,-2576.64,-2049.6,-668.56,34.16,-3176.88
307.44,107.36,-200.08,-204.96,253.76,-48.8,-902.8,-2742.56,-2239.92,-805.2,-19.52,-3211.04
312.32,102.48,-209.84,-204.96,258.64,-53.68,-1024.8,-2932.88,-2440,-932.08,-39.04,-3250.08
351.36,141.52,-209.84,-244,278.16,-34.16,-1166.32,-3113.44,-2596.16,-1015.04,-9.76,-3240.32
385.52,204.96,-180.56,-292.8,283.04,9.76,-1332.24,-3269.6,-2688.88,-1039.44,68.32,-3211.04
424.56,287.92,-136.64,-356.24,278.16,73.2,-1439.6,-3372.08,-2737.68,-1010.16,170.8,-3142.72
448.96,375.76,-73.2,-409.92,258.64,151.28,-1566.48,-3416,-2723.04,-941.84,292.8,-3084.16
483.12,453.84,-29.28,-468.48,253.76,209.84,-1654.32,-3406.24,-2654.72,-819.84,448.96,-2996.32
556.32,600.24,43.92,-575.84,253.76,322.08,-1722.64,-3313.52,-2508.32,-649.04,653.92,-2864.56
600.24,741.76,141.52,-668.56,229.36,439.2,-1717.76,-3128.08,-2288.72,-444.08,858.88,-2718.16
522.16,844.24,322.08,-683.2,97.6,580.72,-1639.68,-2854.8,-2039.84,-268.4,990.64,-2625.44
439.2,932.08,492.88,-683.2,-29.28,712.48,-1561.6,-2591.28,-1844.64,-204.96,995.52,-2591.28
351.36,941.84,590.48,-644.16,-122,766.16,-1478.64,-2405.84,-1761.68,-312.32,844.24,-2679.12
253.76,927.2,673.44,-590.48,-209.84,800.32,-1332.24,-2200.88,-1673.84,-419.68,692.96,-2801.12
156.16,868.64,712.48,-512.4,-278.16,790.56,-1166.32,-1991.04,-1595.76,-536.8,531.92,-2947.52
82.96,810.08,727.12,-444.08,-322.08,766.16,-1044.32,-1800.72,-1503.04,-614.88,400.16,-3113.44
-24.4,761.28,785.68,-366,-405.04,771.04,-932.08,-1634.8,-1400.56,-653.92,268.4,-3259.84
-107.36,727.12,834.48,-307.44,-473.36,780.8,-785.68,-1429.84,-1263.92,-653.92,175.68,-3372.08
-146.4,688.08,834.48,-268.4,-492.88,761.28,-629.52,-1210.24,-1093.12,-614.88,141.52,-3498.96
-141.52,629.52,771.04,-244,-458.72,697.84,-575.84,-1063.84,-961.36,-600.24,73.2,-3640.48
-122,590.48,712.48,-234.24,-419.68,649.04,-522.16,-936.96,-844.24,-561.2,48.8,-3723.44
-122,566.08,688.08,-219.6,-405.04,624.64,-419.68,-746.64,-688.08,-473.36,63.44,-3796.64
-161.04,497.76,658.8,-165.92,-409.92,575.84,-331.84,-614.88,-570.96,-414.8,39.04,-3879.6
-165.92,444.08,610,-136.64,-390.4,527.04,-219.6,-483.12,-473.36,-375.76,14.64,-3962.56
-161.04,395.28,556.32,-117.12,-361.12,473.36,-165.92,-375.76,-380.64,-336.72,14.64,-4055.28
-136.64,351.36,488,-107.36,-312.32,419.68,-146.4,-283.04,-302.56,-302.56,-14.64,-4138.24
-126.88,283.04,409.92,-78.08,-268.4,346.48,-107.36,-185.44,-248.88,-287.92,-34.16,-4235.84
-136.64,214.72,351.36,-39.04,-244,283.04,-58.56,-131.76,-200.08,-287.92,-68.32,-4323.68
-161.04,136.64,297.68,14.64,-229.36,214.72,-24.4,-87.84,-165.92,-297.68,-87.84,-4406.64
-151.28,92.72,244,29.28,-200.08,165.92,19.52,0,-102.48,-278.16,-97.6,-4460.32
-122,82.96,204.96,19.52,-165.92,141.52,73.2,63.44,-34.16,-234.24,-82.96,-4474.96
-102.48,34.16,136.64,34.16,-122,82.96,78.08,117.12,29.28,-195.2,-68.32,-4470.08
-78.08,19.52,97.6,29.28,-87.84,58.56,97.6,170.8,78.08,-161.04,-63.44,-4435.92
-107.36,-43.92,63.44,78.08,-87.84,9.76,146.4,219.6,102.48,-146.4,-78.08,-4411.52
-146.4,-63.44,82.96,107.36,-117.12,9.76,170.8,234.24,126.88,-126.88,-78.08,-4416.4
-122,-53.68,68.32,87.84,-97.6,4.88,229.36,258.64,156.16,-92.72,-63.44,-4377.36
-82.96,-68.32,14.64,78.08,-48.8,-29.28,219.6,263.52,165.92,-82.96,-63.44,-4357.84
-112.24,-97.6,14.64,107.36,-63.44,-43.92,180.56,268.4,165.92,-78.08,-73.2,-4343.2
-117.12,-102.48,14.64,112.24,-68.32,-43.92,209.84,273.28,180.56,-78.08,-78.08,-4299.28
-117.12,-112.24,4.88,117.12,-63.44,-53.68,224.48,283.04,180.56,-87.84,-78.08,-4309.04
-122,-117.12,4.88,122,-63.44,-58.56,209.84,292.8,185.44,-92.72,-87.84,-4323.68
-117.12,-131.76,-14.64,126.88,-53.68,-73.2,214.72,302.56,200.08,-87.84,-82.96,-4279.76
-122,-131.76,-9.76,126.88,-58.56,-73.2,200.08,322.08,190.32,-102.48,-92.72,-4260.24
-107.36,-112.24,-4.88,112.24,-53.68,-58.56,239.12,326.96,209.84,-102.48,-82.96,-4250.48
-131.76,-136.64,-4.88,136.64,-63.44,-73.2,234.24,326.96,219.6,-112.24,-87.84,-4226.08
-102.48,-97.6,4.88,102.48,-53.68,-48.8,214.72,326.96,200.08,-107.36,-78.08,-4221.2
-92.72,-87.84,4.88,92.72,-48.8,-43.92,258.64,336.72,204.96,-112.24,-68.32,-4196.8
-107.36,-87.84,19.52,97.6,-63.44,-34.16,239.12,326.96,185.44,-136.64,-73.2,-4221.2
-112.24,-97.6,14.64,107.36,-63.44,-43.92,229.36,322.08,180.56,-156.16,-82.96,-4240.72
-122,-102.48,19.52,112.24,-73.2,-43.92,234.24,326.96,165.92,-170.8,-87.84,-4265.12
-117.12,-97.6,19.52,107.36,-68.32,-39.04,219.6,326.96,161.04,-180.56,-92.72,-4318.8
-112.24,-87.84,24.4,102.48,-68.32,-34.16,224.48,326.96,161.04,-185.44,-87.84,-4421.28
-131.76,-117.12,14.64,126.88,-73.2,-53.68,234.24,346.48,161.04,-170.8,-73.2,-4460.32
-112.24,-117.12,-4.88,117.12,-53.68,-63.44,244,351.36,175.68,-156.16,-73.2,-4484.72
-92.72,-97.6,-4.88,97.6,-43.92,-53.68,204.96,366,185.44,-136.64,-63.44,-4499.36
-97.6,-102.48,-4.88,102.48,-48.8,-53.68,204.96,356.24,175.68,-136.64,-73.2,-4504.24
-136.64,-136.64,0,136.64,-68.32,-68.32,239.12,366,170.8,-146.4,-78.08,-4504.24
-161.04,-146.4,14.64,156.16,-87.84,-68.32,234.24,366,175.68,-146.4,-82.96,-4479.84
-151.28,-141.52,9.76,146.4,-82.96,-68.32,239.12,385.52,175.68,-141.52,-73.2,-4455.44
-117.12,-117.12,0,117.12,-58.56,-58.56,258.64,375.76,180.56,-141.52,-73.2,-4406.64
-102.48,-92.72,9.76,97.6,-58.56,-43.92,248.88,395.28,195.2,-136.64,-68.32,-4362.72
-112.24,-107.36,4.88,112.24,-58.56,-53.68,214.72,390.4,195.2,-141.52,-78.08,-4372.48
-126.88,-112.24,14.64,122,-73.2,-48.8,248.88,405.04,209.84,-136.64,-73.2,-4343.2
-122,-122,0,122,-63.44,-63.44,263.52,405.04,229.36,-136.64,-68.32,-4318.8
-117.12,-122,-4.88,122,-58.56,-63.44,244,419.68,239.12,-131.76,-63.44,-4274.88
-126.88,-131.76,-4.88,131.76,-63.44,-68.32,229.36,409.92,248.88,-131.76,-68.32,-4260.24
-136.64,-126.88,9.76,131.76,-73.2,-58.56,263.52,409.92,239.12,-136.64,-68.32,-4279.76
-170.8,-151.28,19.52,161.04,-97.6,-68.32,234.24,405.04,219.6,-151.28,-78.08,-4274.88
-151.28,-136.64,14.64,146.4,-82.96,-63.44,248.88,409.92,224.48,-151.28,-78.08,-4323.68
-102.48,-112.24,-9.76,107.36,-48.8,-63.44,258.64,429.44,244,-141.52,-58.56,-4318.8
-122,-112.24,9.76,117.12,-68.32,-53.68,248.88,429.44,253.76,-151.28,-63.44,-4323.68
-122,-117.12,4.88,122,-63.44,-58.56,239.12,439.2,253.76,-151.28,-63.44,-4367.6
-68.32,-87.84,-19.52,78.08,-24.4,-53.68,244,463.6,263.52,-126.88,-43.92,-4392
-34.16,-73.2,-39.04,53.68,0,-58.56,234.24,468.48,268.4,-126.88,-43.92,-4440.8
-63.44,-78.08,-14.64,73.2,-24.4,-48.8,263.52,483.12,273.28,-117.12,-43.92,-4470.08
-107.36,-117.12,-9.76,112.24,-48.8,-63.44,258.64,473.36,258.64,-117.12,-58.56,-4479.84
-131.76,-151.28,-19.52,141.52,-58.56,-87.84,229.36,483.12,248.88,-122,-53.68,-4489.6
-131.76,-156.16,-24.4,146.4,-53.68,-92.72,229.36,507.52,248.88,-107.36,-48.8,-4484.72
-131.76,-141.52,-9.76,136.64,-63.44,-78.08,239.12,517.28,258.64,-97.6,-43.92,-4440.8
-122,-122,0,122,-63.44,-63.44,268.4,507.52,263.52,-92.72,-39.04,-4416.4
-122,-122,0,122,-63.44,-63.44,258.64,517.28,287.92,-82.96,-29.28,-4352.96
-97.6,-92.72,4.88,97.6,-53.68,-43.92,278.16,556.32,292.8,-68.32,-24.4,-4284.64
-97.6,-87.84,9.76,92.72,-53.68,-39.04,287.92,570.96,292.8,-63.44,-34.16,-4265.12
-122,-136.64,-14.64,131.76,-53.68,-78.08,258.64,546.56,287.92,-63.44,-34.16,-4230.96
-78.08,-136.64,-58.56,107.36,-9.76,-97.6,239.12,546.56,278.16,-73.2,-43.92,-4230.96
-92.72,-131.76,-39.04,112.24,-29.28,-87.84,248.88,566.08,302.56,-53.68,-29.28,-4187.04
-122,-126.88,-4.88,126.88,-58.56,-68.32,268.4,570.96,302.56,-48.8,-24.4,-4143.12
-122,-126.88,-4.88,126.88,-58.56,-68.32,229.36,566.08,312.32,-53.68,-24.4,-4123.6
-97.6,-102.48,-4.88,102.48,-48.8,-53.68,268.4,575.84,322.08,-48.8,-19.52,-4118.72
-102.48,-82.96,19.52,92.72,-63.44,-34.16,273.28,590.48,317.2,-43.92,-14.64,-4099.2
-87.84,-73.2,14.64,82.96,-53.68,-29.28,229.36,600.24,322.08,-39.04,-19.52,-4089.44
-102.48,-97.6,4.88,102.48,-53.68,-48.8,224.48,610,331.84,-34.16,-19.52,-4094.32
-117.12,-126.88,-9.76,122,-53.68,-68.32,248.88,610,361.12,-34.16,-14.64,-4123.6
-117.12,-141.52,-24.4,131.76,-48.8,-82.96,297.68,624.64,361.12,-19.52,-9.76,-4133.36
-112.24,-117.12,-4.88,117.12,-53.68,-63.44,302.56,629.52,361.12,-19.52,-14.64,-4143.12
-136.64,-126.88,9.76,131.76,-73.2,-58.56,263.52,614.88,351.36,-39.04,-24.4,-4182.16
-151.28,-141.52,9.76,146.4,-82.96,-68.32,263.52,624.64,336.72,-68.32,-39.04,-4265.12
-136.64,-141.52,-4.88,141.52,-68.32,-73.2,253.76,629.52,336.72,-73.2,-34.16,-4313.92
-117.12,-131.76,-14.64,126.88,-53.68,-73.2,258.64,634.4,361.12,-78.08,-29.28,-4357.84
-117.12,-117.12,0,117.12,-58.56,-58.56,268.4,649.04,366,-87.84,-29.28,-4392
-87.84,-92.72,-4.88,92.72,-43.92,-48.8,287.92,678.32,385.52,-73.2,-14.64,-4401.76
-73.2,-68.32,4.88,73.2,-39.04,-34.16,317.2,697.84,409.92,-58.56,-9.76,-4440.8
-102.48,-87.84,14.64,97.6,-58.56,-39.04,346.48,692.96,409.92,-68.32,-14.64,-4484.72
-117.12,-112.24,4.88,117.12,-63.44,-53.68,351.36,707.6,414.8,-63.44,0,-4557.92
-92.72,-87.84,4.88,92.72,-48.8,-43.92,307.44,727.12,429.44,-48.8,0,-4582.32
-122,-97.6,24.4,112.24,-73.2,-39.04,336.72,707.6,434.32,-48.8,-9.76,-4636
-131.76,-102.48,29.28,117.12,-82.96,-39.04,331.84,717.36,444.08,-53.68,-4.88,-4675.04
-141.52,-122,19.52,131.76,-82.96,-53.68,326.96,717.36,448.96,-63.44,-4.88,-4718.96
-141.52,-117.12,24.4,131.76,-82.96,-48.8,366,712.48,424.56,-78.08,-4.88,-4772.64
-136.64,-102.48,34.16,122,-87.84,-34.16,366,707.6,419.68,-78.08,-4.88,-4797.04
-151.28,-112.24,39.04,131.76,-97.6,-39.04,341.6,707.6,424.56,-82.96,-4.88,-4792.16
-170.8,-122,48.8,146.4,-112.24,-39.04,302.56,707.6,434.32,-87.84,-9.76,-4821.44
-141.52,-82.96,58.56,112.24,-102.48,-14.64,331.84,722.24,444.08,-78.08,0,-4816.56
-131.76,-78.08,53.68,107.36,-92.72,-14.64,326.96,736.88,453.84,-73.2,0,-4772.64
-136.64,-97.6,39.04,117.12,-87.84,-29.28,302.56,736.88,463.6,-58.56,0,-4748.24
-112.24,-63.44,48.8,87.84,-82.96,-9.76,361.12,741.76,483.12,-43.92,9.76,-4704.32
-117.12,-68.32,48.8,92.72,-82.96,-9.76,366,722.24,483.12,-58.56,4.88,-4679.92
-131.76,-97.6,34.16,117.12,-82.96,-34.16,326.96,712.48,468.48,-68.32,-4.88,-4650.64
-156.16,-107.36,48.8,131.76,-102.48,-29.28,302.56,727.12,463.6,-73.2,4.88,-4587.2
-161.04,-102.48,58.56,131.76,-112.24,-24.4,317.2,712.48,453.84,-87.84,-4.88,-4543.28
-141.52,-87.84,53.68,117.12,-97.6,-19.52,278.16,697.84,453.84,-87.84,-4.88,-4523.76
-126.88,-82.96,43.92,107.36,-87.84,-19.52,283.04,727.12,463.6,-78.08,4.88,-4484.72
-102.48,-58.56,43.92,82.96,-73.2,-9.76,346.48,722.24,483.12,-58.56,24.4,-4421.28
-107.36,-53.68,53.68,82.96,-82.96,0,356.24,712.48,488,-48.8,24.4,-4338.32
-107.36,-48.8,58.56,78.08,-82.96,4.88,336.72,712.48,488,-48.8,29.28,-4299.28
-122,-39.04,82.96,82.96,-102.48,19.52,326.96,722.24,507.52,-39.04,34.16,-4226.08
-141.52,-48.8,92.72,97.6,-117.12,19.52,317.2,717.36,502.64,-43.92,34.16,-4196.8
-107.36,-14.64,92.72,63.44,-102.48,39.04,322.08,688.08,478.24,-58.56,24.4,-4172.4
-87.84,-14.64,73.2,53.68,-82.96,29.28,312.32,678.32,473.36,-58.56,29.28,-4099.2
-92.72,-14.64,78.08,53.68,-87.84,29.28,307.44,663.68,463.6,-68.32,29.28,-4084.56
-102.48,-29.28,73.2,68.32,-87.84,19.52,292.8,649.04,448.96,-78.08,29.28,-4050.4
-112.24,-43.92,68.32,78.08,-92.72,9.76,273.28,644.16,458.72,-82.96,39.04,-4001.6
-102.48,-24.4,78.08,63.44,-92.72,24.4,244,639.28,444.08,-97.6,43.92,-3962.56
-97.6,0,97.6,48.8,-97.6,48.8,258.64,639.28,434.32,-82.96,58.56,-3889.36
-87.84,0,87.84,43.92,-87.84,43.92,268.4,624.64,419.68,-92.72,63.44,-3874.72
-73.2,4.88,78.08,34.16,-78.08,39.04,244,614.88,409.92,-87.84,73.2,-3806.4
-73.2,0,73.2,39.04,-73.2,34.16,224.48,590.48,400.16,-92.72,68.32,-3742.96
-73.2,0,73.2,39.04,-73.2,34.16,219.6,561.2,375.76,-102.48,68.32,-3718.56
-53.68,4.88,58.56,24.4,-58.56,29.28,234.24,546.56,351.36,-112.24,73.2,-3650.24
-48.8,4.88,53.68,24.4,-53.68,29.28,258.64,522.16,331.84,-122,63.44,-3581.92
-39.04,9.76,48.8,14.64,-43.92,29.28,219.6,517.28,322.08,-136.64,68.32,-3547.76
-34.16,9.76,43.92,14.64,-39.04,24.4,209.84,512.4,312.32,-146.4,68.32,-3503.84
-48.8,-9.76,39.04,29.28,-43.92,14.64,170.8,478.24,283.04,-165.92,73.2,-3479.44
-48.8,-14.64,34.16,34.16,-43.92,9.76,161.04,473.36,273.28,-170.8,73.2,-3425.76
-48.8,-9.76,39.04,29.28,-43.92,14.64,146.4,458.72,258.64,-175.68,68.32,-3362.32
-29.28,9.76,39.04,9.76,-34.16,24.4,136.64,448.96,244,-185.44,63.44,-3323.28
-9.76,14.64,24.4,0,-19.52,19.52,117.12,439.2,224.48,-200.08,58.56,-3289.12
-39.04,-24.4,14.64,34.16,-29.28,-4.88,131.76,395.28,204.96,-214.72,39.04,-3225.68
-43.92,-29.28,14.64,39.04,-29.28,-9.76,112.24,370.88,175.68,-239.12,29.28,-3191.52
-43.92,-29.28,14.64,39.04,-29.28,-9.76,87.84,361.12,175.68,-248.88,29.28,-3137.84
-14.64,-24.4,-9.76,19.52,-4.88,-19.52,107.36,366,161.04,-239.12,43.92,-3098.8
4.88,-19.52,-24.4,9.76,14.64,-24.4,107.36,356.24,151.28,-244,43.92,-3050
-9.76,-29.28,-19.52,19.52,4.88,-24.4,73.2,336.72,136.64,-263.52,29.28,-2991.44
-9.76,-24.4,-14.64,19.52,0,-19.52,58.56,331.84,117.12,-273.28,34.16,-2952.4
-19.52,-43.92,-24.4,34.16,0,-34.16,63.44,322.08,107.36,-273.28,29.28,-2918.24
-29.28,-82.96,-53.68,58.56,9.76,-68.32,14.64,297.68,87.84,-287.92,14.64,-2898.72
-14.64,-48.8,-34.16,34.16,9.76,-43.92,14.64,273.28,58.56,-297.68,14.64,-2854.8
-19.52,-73.2,-53.68,48.8,14.64,-63.44,43.92,263.52,48.8,-297.68,14.64,-2815.76
-19.52,-78.08,-58.56,48.8,19.52,-68.32,29.28,258.64,43.92,-307.44,4.88,-2786.48
-9.76,-58.56,-48.8,34.16,19.52,-53.68,4.88,253.76,34.16,-312.32,4.88,-2732.8
-19.52,-78.08,-58.56,48.8,19.52,-68.32,29.28,239.12,34.16,-322.08,-4.88,-2688.88
-4.88,-68.32,-63.44,39.04,29.28,-68.32,9.76,258.64,29.28,-341.6,-14.64,-2630.32
4.88,-48.8,-53.68,24.4,29.28,-53.68,39.04,253.76,24.4,-346.48,-19.52,-2586.4
-4.88,-48.8,-43.92,29.28,19.52,-48.8,78.08,253.76,34.16,-346.48,-14.64,-2537.6
-14.64,-73.2,-58.56,43.92,19.52,-68.32,87.84,253.76,24.4,-366,-24.4,-2527.84
-34.16,-78.08,-43.92,58.56,4.88,-63.44,68.32,248.88,34.16,-356.24,-24.4,-2469.28
-53.68,-87.84,-34.16,73.2,-9.76,-63.44,58.56,244,34.16,-366,-24.4,-2430.24
-39.04,-58.56,-19.52,48.8,-9.76,-39.04,58.56,244,14.64,-375.76,-24.4,-2386.32
-34.16,-53.68,-19.52,43.92,-9.76,-39.04,73.2,248.88,4.88,-375.76,-24.4,-2357.04
-39.04,-53.68,-14.64,48.8,-14.64,-34.16,73.2,248.88,4.88,-385.52,-24.4,-2361.92
-19.52,-53.68,-34.16,39.04,4.88,-43.92,117.12,258.64,19.52,-361.12,-14.64,-2327.76
-43.92,-78.08,-34.16,63.44,-4.88,-58.56,107.36,258.64,24.4,-370.88,-29.28,-2288.72
-48.8,-87.84,-39.04,68.32,-4.88,-63.44,102.48,253.76,24.4,-370.88,-39.04,-2264.32
-43.92,-92.72,-48.8,68.32,0,-73.2,97.6,258.64,34.16,-351.36,-34.16,-2230.16
-63.44,-107.36,-43.92,87.84,-9.76,-78.08,156.16,258.64,34.16,-356.24,-39.04,-2196
-29.28,-97.6,-68.32,63.44,19.52,-82.96,107.36,258.64,29.28,-356.24,-43.92,-2161.84
-53.68,-92.72,-39.04,73.2,-9.76,-68.32,117.12,248.88,29.28,-351.36,-39.04,-2147.2
-92.72,-107.36,-14.64,102.48,-39.04,-63.44,170.8,258.64,29.28,-356.24,-39.04,-2122.8
-68.32,-78.08,-9.76,73.2,-29.28,-43.92,136.64,278.16,39.04,-346.48,-34.16,-2078.88
-63.44,-78.08,-14.64,73.2,-24.4,-48.8,122,278.16,63.44,-341.6,-24.4,-2039.84
-73.2,-92.72,-19.52,82.96,-29.28,-58.56,112.24,263.52,48.8,-351.36,-24.4,-2010.56
-58.56,-63.44,-4.88,63.44,-29.28,-34.16,122,273.28,58.56,-336.72,-19.52,-1952
-48.8,-63.44,-14.64,58.56,-19.52,-39.04,112.24,273.28,78.08,-331.84,-19.52,-1917.84
-29.28,-58.56,-29.28,43.92,0,-43.92,122,268.4,73.2,-326.96,-14.64,-1903.2
-43.92,-68.32,-24.4,58.56,-9.76,-48.8,107.36,273.28,82.96,-322.08,-19.52,-1849.52
-39.04,-92.72,-53.68,68.32,4.88,-73.2,126.88,253.76,82.96,-341.6,-39.04,-1839.76
-24.4,-78.08,-53.68,53.68,14.64,-68.32,112.24,248.88,68.32,-341.6,-43.92,-1820.24
-78.08,-68.32,9.76,73.2,-43.92,-29.28,126.88,244,68.32,-341.6,-29.28,-1805.6
-82.96,-68.32,14.64,78.08,-48.8,-29.28,117.12,239.12,68.32,-341.6,-34.16,-1786.08
-78.08,-92.72,-14.64,87.84,-34.16,-53.68,97.6,253.76,87.84,-322.08,-19.52,-1742.16
-78.08,-92.72,-14.64,87.84,-34.16,-53.68,117.12,253.76,102.48,-322.08,-9.76,-1722.64
-73.2,-68.32,4.88,73.2,-39.04,-34.16,126.88,258.64,126.88,-317.2,-9.76,-1698.24
-58.56,-78.08,-19.52,68.32,-19.52,-48.8,126.88,273.28,131.76,-307.44,-9.76,-1659.2
-39.04,-73.2,-34.16,58.56,-4.88,-53.68,146.4,268.4,136.64,-292.8,0,-1595.76
-34.16,-63.44,-29.28,48.8,-4.88,-48.8,180.56,268.4,146.4,-278.16,0,-1581.12
-48.8,-73.2,-24.4,63.44,-14.64,-48.8,146.4,268.4,161.04,-273.28,-4.88,-1576.24
-48.8,-58.56,-9.76,53.68,-19.52,-34.16,126.88,273.28,151.28,-273.28,-9.76,-1537.2
-43.92,-39.04,4.88,43.92,-24.4,-19.52,151.28,273.28,156.16,-258.64,0,-1522.56
-63.44,-68.32,-4.88,68.32,-29.28,-39.04,136.64,268.4,151.28,-258.64,-4.88,-1507.92
-68.32,-78.08,-9.76,73.2,-29.28,-43.92,117.12,248.88,156.16,-268.4,-9.76,-1503.04
-63.44,-92.72,-29.28,78.08,-19.52,-63.44,136.64,263.52,175.68,-258.64,0,-1464
-53.68,-78.08,-24.4,68.32,-14.64,-53.68,136.64,268.4,165.92,-248.88,4.88,-1449.36
-43.92,-63.44,-19.52,53.68,-14.64,-43.92,136.64,278.16,175.68,-234.24,9.76,-1415.2
-29.28,-48.8,-19.52,39.04,-4.88,-34.16,136.64,278.16,190.32,-224.48,9.76,-1390.8
-24.4,-39.04,-14.64,34.16,-4.88,-29.28,161.04,287.92,200.08,-219.6,19.52,-1351.76
-48.8,-58.56,-9.76,53.68,-19.52,-34.16,170.8,278.16,185.44,-219.6,4.88,-1342
-43.92,-53.68,-9.76,48.8,-19.52,-34.16,180.56,292.8,195.2,-214.72,14.64,-1312.72
-24.4,-48.8,-24.4,39.04,0,-39.04,156.16,297.68,214.72,-190.32,39.04,-1283.44
-24.4,-63.44,-39.04,43.92,4.88,-53.68,136.64,287.92,214.72,-190.32,34.16,-1268.8
-29.28,-58.56,-29.28,43.92,0,-43.92,156.16,283.04,214.72,-209.84,34.16,-1249.28
-19.52,-53.68,-34.16,39.04,4.88,-43.92,180.56,292.8,234.24,-214.72,39.04,-1210.24
-34.16,-63.44,-29.28,48.8,-4.88,-48.8,185.44,292.8,234.24,-224.48,24.4,-1229.76
-29.28,-63.44,-34.16,48.8,0,-48.8,141.52,297.68,224.48,-229.36,29.28,-1215.12
-29.28,-58.56,-29.28,43.92,0,-43.92,180.56,287.92,224.48,-229.36,19.52,-1205.36
-19.52,-43.92,-24.4,34.16,0,-34.16,126.88,292.8,209.84,-229.36,24.4,-1180.96
-29.28,-53.68,-24.4,43.92,-4.88,-39.04,107.36,278.16,204.96,-229.36,19.52,-1166.32
-53.68,-82.96,-29.28,68.32,-14.64,-58.56,102.48,263.52,200.08,-234.24,14.64,-1176.08
-48.8,-78.08,-29.28,63.44,-9.76,-53.68,102.48,258.64,204.96,-234.24,24.4,-1166.32
-39.04,-63.44,-24.4,53.68,-9.76,-43.92,102.48,268.4,214.72,-234.24,19.52,-1132.16
-24.4,-43.92,-19.52,34.16,-4.88,-34.16,63.44,268.4,224.48,-229.36,24.4,-1127.28
14.64,-19.52,-34.16,4.88,24.4,-29.28,73.2,273.28,214.72,-229.36,34.16,-1107.76
-4.88,-63.44,-58.56,34.16,24.4,-63.44,78.08,268.4,214.72,-244,24.4,-1098
-19.52,-63.44,-43.92,43.92,9.76,-53.68,48.8,263.52,214.72,-253.76,14.64,-1102.88
0,-39.04,-39.04,19.52,19.52,-39.04,34.16,273.28,219.6,-244,29.28,-1088.24
0,-48.8,-48.8,24.4,24.4,-48.8,29.28,273.28,214.72,-253.76,29.28,-1112.64
-29.28,-68.32,-39.04,48.8,4.88,-53.68,0,248.88,190.32,-278.16,14.64,-1122.4
-24.4,-73.2,-48.8,48.8,9.76,-63.44,19.52,239.12,175.68,-278.16,4.88,-1122.4
-19.52,-68.32,-48.8,43.92,14.64,-58.56,9.76,239.12,170.8,-278.16,9.76,-1132.16
-9.76,-68.32,-58.56,39.04,24.4,-63.44,24.4,244,170.8,-287.92,14.64,-1137.04
-14.64,-78.08,-63.44,48.8,24.4,-73.2,-4.88,234.24,165.92,-292.8,0,-1122.4
-14.64,-97.6,-82.96,58.56,34.16,-92.72,24.4,229.36,170.8,-307.44,0,-1141.92
-14.64,-102.48,-87.84,58.56,34.16,-97.6,39.04,214.72,180.56,-317.2,-4.88,-1156.56
-4.88,-97.6,-92.72,53.68,43.92,-97.6,19.52,204.96,170.8,-326.96,-14.64,-1176.08
0,-97.6,-97.6,48.8,48.8,-97.6,-14.64,195.2,156.16,-346.48,-19.52,-1200.48
-39.04,-126.88,-87.84,82.96,24.4,-107.36,-29.28,180.56,141.52,-361.12,-29.28,-1215.12
-73.2,-146.4,-73.2,112.24,0,-112.24,-14.64,175.68,122,-370.88,-24.4,-1234.64
-63.44,-131.76,-68.32,97.6,0,-102.48,-14.64,175.68,112.24,-380.64,-29.28,-1259.04
-34.16,-102.48,-68.32,68.32,14.64,-87.84,-14.64,175.68,112.24,-390.4,-29.28,-1234.64
-9.76,-97.6,-87.84,53.68,39.04,-92.72,0,190.32,107.36,-400.16,-24.4,-1259.04
14.64,-68.32,-82.96,29.28,48.8,-78.08,0,180.56,122,-395.28,-19.52,-1249.28
-4.88,-68.32,-63.44,39.04,29.28,-68.32,0,175.68,126.88,-405.04,-24.4,-1278.56
-24.4,-78.08,-53.68,53.68,14.64,-68.32,14.64,180.56,117.12,-414.8,-19.52,-1298.08
-24.4,-78.08,-53.68,53.68,14.64,-68.32,14.64,175.68,122,-414.8,-24.4,-1312.72
-24.4,-82.96,-58.56,53.68,14.64,-73.2,-4.88,165.92,136.64,-429.44,-19.52,-1327.36
-19.52,-78.08,-58.56,48.8,19.52,-68.32,19.52,175.68,126.88,-434.32,-24.4,-1332.24
-43.92,-92.72,-48.8,68.32,0,-73.2,9.76,170.8,107.36,-444.08,-34.16,-1346.88
-48.8,-97.6,-48.8,73.2,0,-73.2,0,170.8,102.48,-458.72,-24.4,-1395.68
-43.92,-97.6,-53.68,73.2,4.88,-78.08,29.28,175.68,92.72,-458.72,-4.88,-1395.68
-48.8,-87.84,-39.04,68.32,-4.88,-63.44,24.4,146.4,87.84,-468.48,-19.52,-1410.32
-68.32,-102.48,-34.16,87.84,-19.52,-68.32,-9.76,136.64,73.2,-478.24,-29.28,-1415.2
-58.56,-92.72,-34.16,78.08,-14.64,-63.44,0,146.4,78.08,-488,-29.28,-1434.72
-34.16,-78.08,-43.92,58.56,4.88,-63.44,24.4,141.52,82.96,-488,-24.4,-1459.12
0,-53.68,-53.68,29.28,24.4,-53.68,14.64,156.16,92.72,-488,-19.52,-1434.72
19.52,-43.92,-63.44,14.64,39.04,-53.68,34.16,170.8,102.48,-478.24,-9.76,-1420.08
-14.64,-68.32,-53.68,43.92,19.52,-63.44,9.76,156.16,92.72,-483.12,-9.76,-1410.32
-14.64,-58.56,-43.92,39.04,14.64,-53.68,24.4,146.4,82.96,-483.12,-9.76,-1410.32
-19.52,-58.56,-39.04,39.04,9.76,-48.8,43.92,151.28,68.32,-497.76,-14.64,-1390.8
-34.16,-78.08,-43.92,58.56,4.88,-63.44,48.8,141.52,68.32,-507.52,-19.52,-1439.6
-43.92,-92.72,-48.8,68.32,0,-73.2,29.28,126.88,68.32,-502.64,-19.52,-1420.08
-48.8,-97.6,-48.8,73.2,0,-73.2,0,136.64,63.44,-522.16,-24.4,-1415.2
-29.28,-82.96,-53.68,58.56,9.76,-68.32,0,136.64,53.68,-527.04,-24.4,-1400.56
-14.64,-68.32,-53.68,43.92,19.52,-63.44,0,131.76,58.56,-517.28,-9.76,-1356.64
-48.8,-97.6,-48.8,73.2,0,-73.2,-14.64,136.64,63.44,-512.4,-14.64,-1322.48
-53.68,-97.6,-43.92,78.08,-4.88,-73.2,-4.88,131.76,48.8,-527.04,-29.28,-1312.72
-53.68,-92.72,-39.04,73.2,-9.76,-68.32,4.88,136.64,43.92,-531.92,-19.52,-1298.08
-48.8,-82.96,-34.16,68.32,-9.76,-58.56,43.92,136.64,48.8,-541.68,-19.52,-1273.68
-58.56,-97.6,-39.04,78.08,-9.76,-68.32,34.16,131.76,53.68,-531.92,-24.4,-1263.92
-58.56,-102.48,-43.92,82.96,-9.76,-73.2,19.52,122,34.16,-541.68,-24.4,-1234.64
-58.56,-97.6,-39.04,78.08,-9.76,-68.32,19.52,131.76,43.92,-541.68,-14.64,-1220
-34.16,-73.2,-39.04,53.68,0,-58.56,43.92,136.64,48.8,-546.56,-19.52,-1176.08
-4.88,-53.68,-48.8,29.28,19.52,-53.68,43.92,126.88,53.68,-556.32,-19.52,-1180.96
-9.76,-63.44,-53.68,39.04,19.52,-58.56,0,131.76,63.44,-546.56,-14.64,-1180.96
-19.52,-78.08,-58.56,48.8,19.52,-68.32,4.88,161.04,73.2,-531.92,0,-1156.56
-19.52,-58.56,-39.04,39.04,9.76,-48.8,29.28,175.68,92.72,-522.16,4.88,-1137.04
4.88,-48.8,-53.68,24.4,29.28,-53.68,34.16,185.44,112.24,-522.16,9.76,-1112.64
0,-24.4,-24.4,14.64,9.76,-24.4,39.04,224.48,146.4,-512.4,24.4,-1102.88
-9.76,-24.4,-14.64,19.52,0,-19.52,68.32,341.6,200.08,-478.24,43.92,-1068.72
0,-34.16,-34.16,19.52,14.64,-34.16,122,517.28,312.32,-419.68,73.2,-1019.92
14.64,-29.28,-43.92,9.76,29.28,-39.04,180.56,761.28,517.28,-326.96,131.76,-980.88
63.44,19.52,-43.92,-39.04,53.68,-14.64,263.52,1019.92,712.48,-244,180.56,-932.08
58.56,29.28,-29.28,-43.92,43.92,0,287.92,995.52,673.44,-258.64,170.8,-946.72
43.92,14.64,-29.28,-29.28,34.16,-9.76,273.28,766.16,478.24,-326.96,146.4,-912.56
39.04,0,-39.04,-19.52,39.04,-19.52,219.6,439.2,239.12,-405.04,122,-902.8
29.28,-43.92,-73.2,9.76,48.8,-58.56,43.92,14.64,-73.2,-517.28,82.96,-907.68
29.28,-39.04,-68.32,4.88,48.8,-53.68,-87.84,-400.16,-366,-595.36,58.56,-897.92
53.68,-29.28,-82.96,-9.76,68.32,-58.56,-200.08,-727.12,-600.24,-649.04,63.44,-844.24
117.12,-4.88,-122,-53.68,117.12,-63.44,-307.44,-1049.2,-800.32,-683.2,87.84,-800.32
175.68,4.88,-170.8,-87.84,170.8,-82.96,-429.44,-1390.8,-1019.92,-707.6,107.36,-761.28
180.56,-14.64,-195.2,-82.96,185.44,-107.36,-556.32,-1727.52,-1244.4,-775.92,112.24,-727.12
200.08,9.76,-190.32,-102.48,195.2,-92.72,-683.2,-1981.28,-1434.72,-810.08,151.28,-663.68
234.24,-4.88,-239.12,-112.24,234.24,-122,-873.52,-2293.6,-1717.76,-932.08,112.24,-634.4
297.68,39.04,-258.64,-165.92,278.16,-112.24,-1029.68,-2605.92,-1981.28,-1093.12,78.08,-619.76
356.24,63.44,-292.8,-209.84,322.08,-117.12,-1093.12,-2820.64,-2191.12,-1215.12,53.68,-614.88
351.36,53.68,-297.68,-200.08,322.08,-122,-1180.96,-3010.96,-2444.88,-1371.28,-4.88,-600.24
375.76,63.44,-312.32,-219.6,341.6,-126.88,-1327.36,-3225.68,-2649.84,-1498.16,-24.4,-541.68
409.92,97.6,-312.32,-253.76,361.12,-107.36,-1473.76,-3406.24,-2806,-1571.36,9.76,-444.08
463.6,175.68,-287.92,-317.2,375.76,-58.56,-1586,-3547.76,-2898.72,-1581.12,112.24,-331.84
536.8,258.64,-278.16,-395.28,405.04,-9.76,-1727.52,-3620.96,-2908.48,-1507.92,234.24,-200.08
575.84,336.72,-239.12,-453.84,405.04,48.8,-1859.28,-3645.36,-2859.68,-1405.44,400.16,-14.64
629.52,429.44,-200.08,-527.04,414.8,112.24,-1932.48,-3606.32,-2757.2,-1268.8,580.72,170.8
717.36,556.32,-161.04,-634.4,439.2,195.2,-1956.88,-3498.96,-2596.16,-1078.48,810.08,405.04
741.76,634.4,-107.36,-688.08,424.56,263.52,-2000.8,-3318.4,-2386.32,-858.88,1029.68,619.76
712.48,712.48,0,-712.48,356.24,356.24,-1966.64,-3030.48,-2117.92,-644.16,1224.88,814.96
634.4,824.72,190.32,-727.12,219.6,507.52,-1859.28,-2747.44,-1883.68,-546.56,1293.2,946.72
566.08,873.52,307.44,-717.36,126.88,590.48,-1712.88,-2498.56,-1771.44,-629.52,1166.32,932.08
463.6,839.36,375.76,-649.04,43.92,605.12,-1571.36,-2283.84,-1712.88,-805.2,946.72,854
331.84,771.04,439.2,-551.44,-53.68,605.12,-1434.72,-2098.4,-1678.72,-985.76,727.12,766.16
273.28,741.76,468.48,-507.52,-97.6,605.12,-1273.68,-1922.72,-1629.92,-1137.04,546.56,678.32
170.8,668.56,497.76,-419.68,-165.92,580.72,-1146.8,-1751.92,-1546.96,-1229.76,375.76,566.08
39.04,546.56,507.52,-292.8,-234.24,527.04,-1029.68,-1576.24,-1454.24,-1312.72,204.96,444.08
-4.88,546.56,551.44,-268.4,-278.16,546.56,-888.16,-1346.88,-1278.56,-1278.56,161.04,400.16
4.88,590.48,585.6,-297.68,-292.8,585.6,-736.88,-1185.84,-1122.4,-1234.64,136.64,385.52
-24.4,541.68,566.08,-258.64,-297.68,551.44,-663.68,-1058.96,-1024.8,-1215.12,92.72,336.72
-48.8,507.52,556.32,-229.36,-302.56,531.92,-551.44,-922.32,-902.8,-1171.2,73.2,302.56
-87.84,458.72,546.56,-185.44,-317.2,502.64,-492.88,-775.92,-780.8,-1112.64,68.32,273.28
-112.24,395.28,507.52,-141.52,-312.32,448.96,-434.32,-644.16,-683.2,-1093.12,29.28,214.72
-117.12,331.84,448.96,-107.36,-283.04,390.4,-361.12,-531.92,-585.6,-1063.84,-19.52,146.4
-165.92,224.48,390.4,-29.28,-278.16,307.44,-312.32,-453.84,-522.16,-1058.96,-63.44,73.2
-200.08,151.28,351.36,24.4,-278.16,248.88,-209.84,-366,-468.48,-1054.08,-97.6,9.76
-170.8,117.12,287.92,29.28,-229.36,200.08,-117.12,-258.64,-380.64,-1024.8,-107.36,-19.52
-161.04,68.32,229.36,48.8,-195.2,146.4,-126.88,-190.32,-331.84,-1005.28,-112.24,-53.68
-161.04,24.4,185.44,68.32,-175.68,102.48,-107.36,-141.52,-278.16,-980.88,-126.88,-92.72
-136.64,9.76,146.4,63.44,-141.52,78.08,-53.68,-68.32,-214.72,-951.6,-112.24,-107.36
-102.48,19.52,122,43.92,-112.24,68.32,-19.52,4.88,-146.4,-912.56,-87.84,-107.36
-78.08,14.64,92.72,34.16,-87.84,53.68,14.64,68.32,-97.6,-863.76,-73.2,-112.24
-87.84,-9.76,78.08,48.8,-82.96,34.16,9.76,87.84,-68.32,-854,-78.08,-170.8
-87.84,-34.16,53.68,63.44,-73.2,9.76,4.88,112.24,-63.44,-834.48,-73.2,-180.56
-107.36,-73.2,34.16,92.72,-73.2,-19.52,48.8,126.88,-48.8,-824.72,-87.84,-229.36
-136.64,-107.36,29.28,122,-82.96,-39.04,39.04,141.52,-53.68,-839.36,-97.6,-297.68
-151.28,-126.88,24.4,141.52,-87.84,-53.68,34.16,156.16,-43.92,-839.36,-102.48,-331.84
-146.4,-126.88,19.52,136.64,-82.96,-53.68,53.68,156.16,-29.28,-834.48,-102.48,-351.36
-136.64,-117.12,19.52,126.88,-78.08,-48.8,92.72,156.16,-24.4,-839.36,-102.48,-356.24
-117.12,-107.36,9.76,112.24,-63.44,-48.8,102.48,170.8,-9.76,-834.48,-92.72,-361.12
-117.12,-107.36,9.76,112.24,-63.44,-48.8,92.72,180.56,4.88,-834.48,-82.96,-395.28
-107.36,-107.36,0,107.36,-53.68,-53.68,107.36,200.08,14.64,-829.6,-78.08,-414.8
-107.36,-107.36,0,107.36,-53.68,-53.68,107.36,200.08,19.52,-829.6,-92.72,-419.68
-122,-126.88,-4.88,126.88,-58.56,-68.32,102.48,195.2,-4.88,-839.36,-97.6,-448.96
-112.24,-141.52,-29.28,126.88,-43.92,-87.84,107.36,200.08,-9.76,-849.12,-82.96,-492.88
-102.48,-146.4,-43.92,126.88,-29.28,-97.6,97.6,200.08,-19.52,-854,-82.96,-531.92
-131.76,-136.64,-4.88,136.64,-63.44,-73.2,97.6,195.2,-29.28,-868.64,-107.36,-580.72
-141.52,-131.76,9.76,136.64,-78.08,-63.44,78.08,219.6,-19.52,-863.76,-102.48,-605.12
-146.4,-146.4,0,146.4,-73.2,-73.2,78.08,229.36,-24.4,-858.88,-102.48,-634.4
-146.4,-146.4,0,146.4,-73.2,-73.2,102.48,219.6,-19.52,-854,-102.48,-644.16
-136.64,-126.88,9.76,131.76,-73.2,-58.56,102.48,239.12,-9.76,-844.24,-97.6,-678.32
-126.88,-136.64,-9.76,131.76,-58.56,-73.2,107.36,244,14.64,-824.72,-82.96,-702.72
-112.24,-131.76,-19.52,122,-48.8,-78.08,131.76,263.52,39.04,-814.96,-82.96,-697.84
-102.48,-102.48,0,102.48,-53.68,-53.68,112.24,268.4,19.52,-819.84,-82.96,-683.2
-87.84,-78.08,9.76,82.96,-48.8,-34.16,112.24,278.16,14.64,-814.96,-78.08,-683.2
-102.48,-107.36,-4.88,107.36,-48.8,-58.56,102.48,287.92,24.4,-810.08,-68.32,-663.68
-131.76,-136.64,-4.88,136.64,-63.44,-73.2,102.48,278.16,24.4,-834.48,-78.08,-712.48
-141.52,-136.64,4.88,141.52,-73.2,-68.32,78.08,263.52,9.76,-839.36,-82.96,-722.24
-131.76,-136.64,-4.88,136.64,-63.44,-73.2,92.72,263.52,0,-854,-87.84,-722.24
-126.88,-126.88,0,126.88,-63.44,-63.44,122,278.16,9.76,-858.88,-82.96,-751.52
-131.76,-126.88,4.88,131.76,-68.32,-63.44,107.36,302.56,24.4,-844.24,-73.2,-761.28
-117.12,-117.12,0,117.12,-58.56,-58.56,117.12,317.2,34.16,-834.48,-68.32,-775.92
-107.36,-112.24,-4.88,112.24,-53.68,-58.56,117.12,312.32,29.28,-854,-78.08,-805.2
-112.24,-97.6,14.64,107.36,-63.44,-43.92,117.12,312.32,29.28,-844.24,-78.08,-805.2
-122,-112.24,9.76,117.12,-68.32,-53.68,131.76,312.32,29.28,-854,-78.08,-819.84
-136.64,-131.76,4.88,136.64,-73.2,-63.44,102.48,307.44,29.28,-863.76,-82.96,-834.48
-156.16,-141.52,14.64,151.28,-87.84,-63.44,136.64,307.44,24.4,-863.76,-82.96,-888.16
-156.16,-136.64,19.52,146.4,-87.84,-58.56,122,312.32,29.28,-863.76,-78.08,-946.72
-141.52,-136.64,4.88,141.52,-73.2,-68.32,200.08,312.32,48.8,-858.88,-73.2,-971.12
-112.24,-102.48,9.76,107.36,-63.44,-48.8,156.16,346.48,68.32,-839.36,-53.68,-976
-112.24,-102.48,9.76,107.36,-63.44,-48.8,112.24,346.48,53.68,-839.36,-68.32,-980.88
-107.36,-102.48,4.88,107.36,-58.56,-48.8,131.76,346.48,63.44,-829.6,-73.2,-995.52
-112.24,-107.36,4.88,112.24,-58.56,-53.68,102.48,346.48,63.44,-829.6,-73.2,-1019.92
-126.88,-107.36,19.52,117.12,-73.2,-43.92,68.32,346.48,58.56,-824.72,-73.2,-1029.68
-131.76,-117.12,14.64,126.88,-73.2,-53.68,87.84,336.72,58.56,-824.72,-78.08,-1000.4
-126.88,-117.12,9.76,122,-68.32,-53.68,102.48,322.08,48.8,-839.36,-82.96,-1005.28
-126.88,-117.12,9.76,122,-68.32,-53.68,87.84,317.2,73.2,-839.36,-82.96,-961.36
-102.48,-107.36,-4.88,107.36,-48.8,-58.56,107.36,336.72,82.96,-824.72,-63.44,-922.32
-92.72,-122,-29.28,107.36,-34.16,-78.08,78.08,331.84,82.96,-824.72,-63.44,-922.32
-126.88,-126.88,0,126.88,-63.44,-63.44,43.92,336.72,73.2,-839.36,-68.32,-927.2
-131.76,-146.4,-14.64,141.52,-58.56,-82.96,63.44,356.24,87.84,-834.48,-63.44,-922.32
-122,-151.28,-29.28,136.64,-48.8,-92.72,63.44,346.48,82.96,-844.24,-73.2,-927.2
-131.76,-146.4,-14.64,141.52,-58.56,-82.96,48.8,336.72,82.96,-854,-78.08,-917.44
-151.28,-156.16,-4.88,156.16,-73.2,-82.96,19.52,331.84,87.84,-854,-78.08,-932.08
-146.4,-146.4,0,146.4,-73.2,-73.2,48.8,336.72,107.36,-854,-73.2,-951.6
-126.88,-112.24,14.64,122,-73.2,-48.8,97.6,356.24,122,-849.12,-58.56,-946.72
-82.96,-92.72,-9.76,87.84,-39.04,-53.68,112.24,356.24,112.24,-863.76,-63.44,-980.88
-63.44,-117.12,-53.68,92.72,-4.88,-87.84,92.72,341.6,97.6,-873.52,-73.2,-990.64
-136.64,-136.64,0,136.64,-68.32,-68.32,112.24,366,122,-878.4,-73.2,-1000.4
-146.4,-117.12,29.28,131.76,-87.84,-43.92,117.12,375.76,126.88,-878.4,-63.44,-1034.56
-131.76,-92.72,39.04,112.24,-87.84,-29.28,102.48,400.16,136.64,-868.64,-53.68,-1044.32
-97.6,-78.08,19.52,87.84,-58.56,-29.28,97.6,400.16,141.52,-873.52,-48.8,-1078.48
-107.36,-102.48,4.88,107.36,-58.56,-48.8,190.32,424.56,165.92,-863.76,-39.04,-1098
-136.64,-131.76,4.88,136.64,-73.2,-63.44,131.76,424.56,161.04,-863.76,-39.04,-1122.4
-131.76,-107.36,24.4,122,-78.08,-43.92,87.84,405.04,151.28,-883.28,-43.92,-1117.52
-141.52,-97.6,43.92,122,-92.72,-29.28,107.36,419.68,151.28,-868.64,-34.16,-1102.88
-141.52,-102.48,39.04,122,-92.72,-34.16,112.24,419.68,146.4,-883.28,-39.04,-1112.64
-161.04,-107.36,53.68,136.64,-107.36,-29.28,161.04,434.32,156.16,-883.28,-34.16,-1088.24
-136.64,-102.48,34.16,122,-87.84,-34.16,200.08,448.96,170.8,-878.4,-34.16,-1054.08
-131.76,-97.6,34.16,117.12,-82.96,-34.16,170.8,448.96,185.44,-883.28,-29.28,-1029.68
-141.52,-97.6,43.92,122,-92.72,-29.28,136.64,458.72,175.68,-883.28,-34.16,-1054.08
-151.28,-107.36,43.92,131.76,-97.6,-34.16,112.24,468.48,165.92,-883.28,-34.16,-1039.44
-151.28,-107.36,43.92,131.76,-97.6,-34.16,136.64,463.6,180.56,-888.16,-34.16,-1029.68
-170.8,-107.36,63.44,141.52,-117.12,-24.4,151.28,468.48,185.44,-888.16,-34.16,-990.64
-185.44,-112.24,73.2,151.28,-131.76,-19.52,117.12,458.72,170.8,-893.04,-39.04,-976
-175.68,-87.84,87.84,131.76,-131.76,0,117.12,463.6,170.8,-902.8,-24.4,-922.32
-151.28,-58.56,92.72,107.36,-122,14.64,136.64,463.6,185.44,-893.04,-4.88,-878.4
-136.64,-48.8,87.84,92.72,-112.24,19.52,151.28,463.6,165.92,-883.28,-14.64,-858.88
-131.76,-48.8,82.96,92.72,-107.36,14.64,156.16,473.36,180.56,-878.4,-14.64,-814.96
-146.4,-63.44,82.96,107.36,-117.12,9.76,180.56,468.48,180.56,-883.28,-19.52,-780.8
-161.04,-58.56,102.48,112.24,-131.76,19.52,190.32,468.48,195.2,-878.4,-19.52,-746.64
-175.68,-63.44,112.24,122,-146.4,24.4,204.96,463.6,200.08,-878.4,-14.64,-707.6
-175.68,-73.2,102.48,126.88,-141.52,14.64,204.96,463.6,190.32,-878.4,-24.4,-663.68
-151.28,-43.92,107.36,97.6,-131.76,29.28,190.32,473.36,190.32,-878.4,-14.64,-605.12
-141.52,-39.04,102.48,92.72,-122,29.28,185.44,473.36,200.08,-878.4,-4.88,-590.48
-161.04,-53.68,107.36,107.36,-136.64,24.4,195.2,448.96,185.44,-897.92,-9.76,-566.08
-170.8,-53.68,117.12,112.24,-146.4,29.28,195.2,439.2,180.56,-902.8,-19.52,-541.68
-156.16,-29.28,126.88,92.72,-141.52,48.8,195.2,439.2,185.44,-902.8,-14.64,-512.4
-151.28,-34.16,117.12,92.72,-136.64,39.04,185.44,434.32,180.56,-912.56,-19.52,-478.24
-151.28,-34.16,117.12,92.72,-136.64,39.04,165.92,453.84,195.2,-917.44,-24.4,-434.32
-156.16,-48.8,107.36,102.48,-131.76,29.28,200.08,458.72,195.2,-912.56,-19.52,-409.92
-146.4,-43.92,102.48,97.6,-126.88,29.28,214.72,434.32,190.32,-902.8,-14.64,-370.88
-141.52,-43.92,97.6,92.72,-122,24.4,200.08,424.56,195.2,-907.68,-9.76,-326.96
-141.52,-29.28,112.24,87.84,-126.88,39.04,209.84,429.44,200.08,-902.8,-4.88,-292.8
-136.64,-24.4,112.24,82.96,-126.88,43.92,209.84,429.44,185.44,-902.8,0,-268.4
-136.64,-19.52,117.12,78.08,-126.88,48.8,200.08,409.92,165.92,-922.32,-4.88,-258.64
-112.24,9.76,122,53.68,-117.12,63.44,185.44,405.04,161.04,-927.2,0,-229.36
-112.24,19.52,131.76,48.8,-122,73.2,219.6,405.04,161.04,-917.44,4.88,-195.2
-141.52,-4.88,136.64,73.2,-141.52,63.44,180.56,375.76,156.16,-927.2,0,-165.92
-161.04,-39.04,122,102.48,-141.52,39.04,175.68,370.88,151.28,-922.32,4.88,-170.8
-165.92,-48.8,117.12,107.36,-141.52,34.16,185.44,366,151.28,-922.32,4.88,-151.28
-161.04,-43.92,117.12,102.48,-141.52,34.16,209.84,361.12,141.52,-917.44,14.64,-87.84
-112.24,-4.88,107.36,58.56,-112.24,48.8,214.72,375.76,165.92,-893.04,34.16,-34.16
-53.68,48.8,102.48,4.88,-78.08,73.2,204.96,366,165.92,-893.04,39.04,-48.8
-39.04,48.8,87.84,-4.88,-63.44,68.32,165.92,336.72,131.76,-897.92,39.04,-19.52
-58.56,29.28,87.84,14.64,-73.2,58.56,146.4,312.32,117.12,-907.68,34.16,0
-92.72,-4.88,87.84,48.8,-92.72,39.04,136.64,283.04,92.72,-922.32,34.16,14.64
-102.48,-24.4,78.08,63.44,-92.72,24.4,161.04,263.52,73.2,-917.44,34.16,48.8
-82.96,-9.76,73.2,48.8,-78.08,29.28,112.24,244,58.56,-936.96,29.28,68.32
-63.44,9.76,73.2,29.28,-68.32,39.04,102.48,244,58.56,-936.96,39.04,82.96
-39.04,24.4,63.44,9.76,-53.68,43.92,126.88,224.48,43.92,-927.2,48.8,97.6
-24.4,29.28,53.68,0,-39.04,39.04,136.64,200.08,29.28,-932.08,48.8,126.88
-19.52,34.16,53.68,-4.88,-39.04,43.92,117.12,170.8,14.64,-936.96,43.92,146.4
-34.16,4.88,39.04,14.64,-39.04,19.52,78.08,141.52,4.88,-941.84,34.16,165.92
-43.92,-19.52,24.4,34.16,-34.16,0,63.44,117.12,-24.4,-961.36,29.28,185.44
0,0,0,0,0,0,68.32,102.48,-48.8,-956.48,29.28,204.96
29.28,4.88,-24.4,-14.64,24.4,-9.76,48.8,92.72,-63.44,-966.24,24.4,239.12
-9.76,-14.64,-4.88,14.64,-4.88,-9.76,39.04,68.32,-73.2,-971.12,24.4,258.64
-24.4,-34.16,-9.76,29.28,-9.76,-24.4,24.4,39.04,-92.72,-976,14.64,263.52
4.88,-4.88,-9.76,0,4.88,-9.76,-14.64,29.28,-97.6,-990.64,14.64,258.64
29.28,14.64,-14.64,-19.52,19.52,0,-4.88,14.64,-112.24,-985.76,14.64,248.88
53.68,34.16,-19.52,-43.92,34.16,4.88,14.64,0,-126.88,-985.76,19.52,263.52
34.16,4.88,-29.28,-19.52,29.28,-14.64,-14.64,-14.64,-136.64,-985.76,9.76,287.92
14.64,-24.4,-39.04,4.88,24.4,-34.16,-14.64,-29.28,-146.4,-980.88,9.76,307.44
4.88,-53.68,-58.56,24.4,29.28,-58.56,-19.52,-58.56,-156.16,-995.52,-4.88,297.68
4.88,-63.44,-68.32,29.28,34.16,-68.32,-43.92,-82.96,-165.92,-1000.4,-14.64,287.92
24.4,-63.44,-87.84,19.52,53.68,-78.08,-19.52,-73.2,-165.92,-990.64,-14.64,326.96
19.52,-53.68,-73.2,19.52,43.92,-63.44,0,-82.96,-195.2,-1000.4,-19.52,317.2
24.4,-48.8,-73.2,14.64,48.8,-63.44,-29.28,-82.96,-190.32,-995.52,-19.52,312.32
19.52,-68.32,-87.84,24.4,53.68,-78.08,-19.52,-87.84,-195.2,-995.52,-14.64,336.72
24.4,-68.32,-92.72,24.4,58.56,-82.96,34.16,-92.72,-200.08,-1005.28,-14.64,322.08
19.52,-73.2,-92.72,29.28,53.68,-82.96,-24.4,-107.36,-204.96,-1005.28,-34.16,317.2
0,-87.84,-87.84,43.92,43.92,-87.84,-29.28,-112.24,-214.72,-1015.04,-39.04,302.56
-9.76,-97.6,-87.84,53.68,39.04,-92.72,-68.32,-112.24,-229.36,-1015.04,-34.16,317.2
-4.88,-87.84,-82.96,48.8,39.04,-87.84,-39.04,-112.24,-239.12,-1015.04,-39.04,307.44
0,-87.84,-87.84,43.92,43.92,-87.84,-39.04,-107.36,-234.24,-1005.28,-34.16,307.44
9.76,-63.44,-73.2,29.28,39.04,-68.32,-34.16,-87.84,-219.6,-995.52,-29.28,336.72
9.76,-63.44,-73.2,29.28,39.04,-68.32,4.88,-102.48,-219.6,-990.64,-29.28,326.96
14.64,-53.68,-68.32,19.52,39.04,-63.44,-14.64,-87.84,-209.84,-990.64,-34.16,317.2
0,-63.44,-63.44,34.16,29.28,-63.44,-48.8,-92.72,-209.84,-990.64,-34.16,322.08
-19.52,-87.84,-68.32,53.68,24.4,-78.08,-82.96,-107.36,-219.6,-995.52,-39.04,278.16
-14.64,-112.24,-97.6,63.44,39.04,-107.36,-63.44,-102.48,-204.96,-971.12,-24.4,263.52
-14.64,-107.36,-92.72,63.44,39.04,-102.48,-53.68,-107.36,-185.44,-966.24,-34.16,248.88
-29.28,-97.6,-68.32,63.44,19.52,-82.96,-78.08,-126.88,-234.24,-980.88,-48.8,200.08
-4.88,-73.2,-68.32,39.04,29.28,-73.2,-92.72,-117.12,-224.48,-976,-39.04,180.56
19.52,-58.56,-78.08,19.52,48.8,-68.32,-73.2,-102.48,-209.84,-951.6,-24.4,185.44
14.64,-63.44,-78.08,24.4,43.92,-73.2,-82.96,-107.36,-190.32,-936.96,-39.04,180.56
-4.88,-78.08,-73.2,43.92,34.16,-78.08,-73.2,-102.48,-180.56,-922.32,-34.16,204.96
-39.04,-102.48,-63.44,73.2,9.76,-82.96,-68.32,-122,-195.2,-922.32,-48.8,200.08
-34.16,-97.6,-63.44,68.32,14.64,-82.96,-29.28,-102.48,-195.2,-917.44,-48.8,214.72
-19.52,-92.72,-73.2,58.56,24.4,-82.96,-29.28,-97.6,-165.92,-902.8,-43.92,239.12
-19.52,-92.72,-73.2,58.56,24.4,-82.96,-34.16,-102.48,-156.16,-888.16,-39.04,273.28
-4.88,-58.56,-53.68,34.16,24.4,-58.56,-34.16,-82.96,-151.28,-873.52,-39.04,283.04
9.76,-43.92,-53.68,19.52,29.28,-48.8,-53.68,-87.84,-131.76,-863.76,-29.28,292.8
-14.64,-48.8,-34.16,34.16,9.76,-43.92,-43.92,-78.08,-141.52,-863.76,-34.16,297.68
-9.76,-39.04,-29.28,24.4,9.76,-34.16,-19.52,-68.32,-146.4,-854,-34.16,322.08
-14.64,-58.56,-43.92,39.04,14.64,-53.68,-19.52,-68.32,-146.4,-854,-43.92,341.6
-19.52,-78.08,-58.56,48.8,19.52,-68.32,-34.16,-87.84,-131.76,-844.24,-43.92,380.64
-24.4,-107.36,-82.96,68.32,29.28,-97.6,4.88,-97.6,-122,-844.24,-53.68,375.76
-34.16,-102.48,-68.32,68.32,14.64,-87.84,34.16,-73.2,-107.36,-824.72,-39.04,366
-14.64,-73.2,-58.56,43.92,19.52,-68.32,19.52,-58.56,-92.72,-805.2,-29.28,366
-4.88,-63.44,-58.56,34.16,24.4,-63.44,4.88,-63.44,-87.84,-805.2,-39.04,341.6
-4.88,-53.68,-48.8,29.28,19.52,-53.68,-4.88,-48.8,-73.2,-800.32,-43.92,336.72
14.64,-39.04,-53.68,14.64,34.16,-48.8,-14.64,-58.56,-78.08,-790.56,-43.92,322.08
-4.88,-53.68,-48.8,29.28,19.52,-53.68,-9.76,-53.68,-82.96,-790.56,-29.28,307.44
-19.52,-63.44,-43.92,43.92,9.76,-53.68,4.88,-58.56,-87.84,-790.56,-43.92,273.28
-14.64,-63.44,-48.8,39.04,14.64,-58.56,0,-48.8,-48.8,-771.04,-29.28,278.16
-39.04,-68.32,-29.28,53.68,-4.88,-48.8,-4.88,-39.04,-53.68,-771.04,-34.16,273.28
-34.16,-87.84,-53.68,63.44,9.76,-73.2,19.52,-43.92,-53.68,-761.28,-39.04,283.04
-39.04,-87.84,-48.8,63.44,4.88,-68.32,34.16,-53.68,-48.8,-756.4,-48.8,263.52
-24.4,-82.96,-58.56,53.68,14.64,-73.2,34.16,-48.8,-43.92,-736.88,-39.04,263.52
-24.4,-87.84,-63.44,58.56,19.52,-78.08,34.16,-43.92,-29.28,-712.48,-34.16,287.92
-29.28,-82.96,-53.68,58.56,9.76,-68.32,9.76,-53.68,-34.16,-712.48,-43.92,307.44
-43.92,-102.48,-58.56,73.2,4.88,-82.96,43.92,-63.44,-24.4,-702.72,-39.04,312.32
-14.64,-73.2,-58.56,43.92,19.52,-68.32,34.16,-48.8,-19.52,-692.96,-39.04,341.6
4.88,-53.68,-58.56,24.4,29.28,-58.56,-4.88,-58.56,-19.52,-683.2,-24.4,351.36
4.88,-48.8,-53.68,24.4,29.28,-53.68,39.04,-48.8,9.76,-658.8,-19.52,380.64
4.88,-53.68,-58.56,24.4,29.28,-58.56,43.92,-48.8,14.64,-653.92,-14.64,385.52
9.76,-53.68,-63.44,24.4,34.16,-58.56,14.64,-58.56,-14.64,-658.8,-19.52,385.52
-4.88,-73.2,-68.32,39.04,29.28,-73.2,-4.88,-68.32,-4.88,-653.92,-29.28,419.68
0,-82.96,-82.96,43.92,39.04,-82.96,0,-63.44,-4.88,-644.16,-29.28,458.72
29.28,-58.56,-87.84,14.64,58.56,-73.2,0,-68.32,14.64,-619.76,-14.64,463.6
24.4,-63.44,-87.84,19.52,53.68,-78.08,39.04,-73.2,19.52,-610,-9.76,497.76
24.4,-78.08,-102.48,29.28,63.44,-92.72,29.28,-73.2,19.52,-605.12,-14.64,512.4
39.04,-53.68,-92.72,9.76,63.44,-73.2,9.76,-68.32,29.28,-595.36,-14.64,517.28
48.8,-39.04,-87.84,-4.88,68.32,-63.44,-19.52,-78.08,39.04,-590.48,-19.52,551.44
29.28,-58.56,-87.84,14.64,58.56,-73.2,-9.76,-87.84,34.16,-605.12,-24.4,561.2
-4.88,-78.08,-73.2,43.92,34.16,-78.08,14.64,-92.72,14.64,-600.24,-24.4,575.84
-9.76,-87.84,-78.08,48.8,34.16,-82.96,-14.64,-92.72,9.76,-605.12,-24.4,580.72
-24.4,-107.36,-82.96,68.32,29.28,-97.6,-39.04,-73.2,19.52,-595.36,-24.4,610
0,-97.6,-97.6,48.8,48.8,-97.6,-68.32,-87.84,24.4,-585.6,-14.64,619.76
39.04,-48.8,-87.84,4.88,63.44,-68.32,-43.92,-82.96,48.8,-566.08,4.88,649.04
34.16,-53.68,-87.84,9.76,58.56,-73.2,-39.04,-82.96,58.56,-551.44,-4.88,678.32
9.76,-78.08,-87.84,34.16,48.8,-82.96,-58.56,-97.6,48.8,-556.32,-14.64,702.72
9.76,-68.32,-78.08,29.28,43.92,-73.2,-29.28,-112.24,34.16,-556.32,-14.64,692.96
34.16,-39.04,-73.2,4.88,53.68,-58.56,-29.28,-97.6,53.68,-536.8,-4.88,722.24
4.88,-73.2,-78.08,34.16,39.04,-78.08,-63.44,-107.36,53.68,-536.8,4.88,707.6
34.16,-58.56,-92.72,14.64,63.44,-78.08,-53.68,-102.48,53.68,-527.04,9.76,736.88
48.8,-43.92,-92.72,0,68.32,-68.32,-39.04,-92.72,53.68,-522.16,9.76,775.92
34.16,-53.68,-87.84,9.76,58.56,-73.2,-58.56,-97.6,53.68,-527.04,0,741.76
39.04,-58.56,-97.6,9.76,68.32,-78.08,-73.2,-102.48,48.8,-527.04,0,746.64
53.68,-53.68,-107.36,0,78.08,-82.96,-73.2,-112.24,43.92,-531.92,-4.88,746.64
34.16,-78.08,-112.24,24.4,73.2,-97.6,-102.48,-117.12,43.92,-541.68,-19.52,756.4
24.4,-78.08,-102.48,29.28,63.44,-92.72,-82.96,-131.76,48.8,-536.8,-19.52,775.92
29.28,-73.2,-102.48,24.4,63.44,-87.84,-87.84,-131.76,43.92,-541.68,-29.28,756.4
43.92,-68.32,-112.24,14.64,78.08,-92.72,-82.96,-131.76,39.04,-536.8,-29.28,775.92
34.16,-78.08,-112.24,24.4,73.2,-97.6,-87.84,-126.88,43.92,-527.04,-24.4,790.56
19.52,-87.84,-107.36,34.16,63.44,-97.6,-92.72,-112.24,63.44,-522.16,-19.52,805.2
19.52,-92.72,-112.24,39.04,63.44,-102.48,-87.84,-117.12,58.56,-522.16,-24.4,824.72
9.76,-87.84,-97.6,39.04,53.68,-92.72,-53.68,-112.24,48.8,-527.04,-19.52,805.2
-4.88,-92.72,-87.84,48.8,39.04,-92.72,-63.44,-126.88,48.8,-527.04,-24.4,795.44
0,-87.84,-87.84,43.92,43.92,-87.84,-43.92,-112.24,53.68,-517.28,-24.4,790.56
19.52,-68.32,-87.84,24.4,53.68,-78.08,-58.56,-112.24,58.56,-517.28,-19.52,780.8
19.52,-63.44,-82.96,24.4,48.8,-73.2,-34.16,-122,63.44,-512.4,-14.64,775.92
39.04,-48.8,-87.84,4.88,63.44,-68.32,-24.4,-117.12,73.2,-507.52,-14.64,775.92
43.92,-48.8,-92.72,4.88,68.32,-73.2,-29.28,-112.24,92.72,-497.76,-9.76,771.04
63.44,-39.04,-102.48,-9.76,82.96,-73.2,-24.4,-78.08,112.24,-473.36,9.76,800.32
63.44,-39.04,-102.48,-9.76,82.96,-73.2,-53.68,-43.92,161.04,-453.84,24.4,790.56
63.44,-39.04,-102.48,-9.76,82.96,-73.2,-24.4,-24.4,185.44,-439.2,24.4,775.92
78.08,-43.92,-122,-14.64,97.6,-82.96,4.88,87.84,263.52,-405.04,43.92,780.8
92.72,-43.92,-136.64,-24.4,112.24,-92.72,24.4,278.16,405.04,-326.96,82.96,795.44
117.12,-14.64,-131.76,-48.8,122,-73.2,92.72,546.56,600.24,-229.36,136.64,805.2
131.76,24.4,-107.36,-78.08,117.12,-43.92,146.4,790.56,795.44,-126.88,195.2,829.6
156.16,34.16,-122,-92.72,136.64,-43.92,180.56,795.44,800.32,-102.48,214.72,834.48
141.52,24.4,-117.12,-82.96,126.88,-48.8,161.04,546.56,605.12,-165.92,180.56,834.48
117.12,24.4,-92.72,-68.32,102.48,-34.16,87.84,180.56,336.72,-244,151.28,824.72
126.88,19.52,-107.36,-73.2,117.12,-43.92,-9.76,-268.4,24.4,-346.48,122,829.6
165.92,39.04,-126.88,-102.48,146.4,-43.92,-122,-697.84,-258.64,-419.68,107.36,854
204.96,53.68,-151.28,-126.88,175.68,-48.8,-258.64,-1078.48,-492.88,-488,102.48,858.88
248.88,43.92,-204.96,-146.4,224.48,-82.96,-380.64,-1429.84,-751.52,-536.8,102.48,878.4
258.64,39.04,-219.6,-146.4,239.12,-92.72,-517.28,-1790.96,-1010.16,-590.48,97.6,902.8
258.64,24.4,-234.24,-141.52,244,-107.36,-688.08,-2083.76,-1249.28,-663.68,82.96,907.68
283.04,48.8,-234.24,-165.92,258.64,-92.72,-805.2,-2371.68,-1454.24,-722.24,87.84,941.84
312.32,53.68,-258.64,-180.56,283.04,-102.48,-922.32,-2742.56,-1771.44,-868.64,43.92,917.44
326.96,39.04,-287.92,-180.56,307.44,-126.88,-1029.68,-3054.88,-2078.88,-1034.56,-34.16,902.8
322.08,34.16,-287.92,-175.68,302.56,-126.88,-1146.8,-3264.72,-2283.84,-1176.08,-97.6,893.04
322.08,24.4,-297.68,-170.8,307.44,-136.64,-1259.04,-3440.4,-2488.8,-1302.96,-131.76,902.8
390.4,78.08,-312.32,-234.24,351.36,-117.12,-1361.52,-3630.72,-2688.88,-1405.44,-141.52,922.32
444.08,117.12,-326.96,-278.16,385.52,-107.36,-1551.84,-3806.4,-2820.64,-1459.12,-112.24,966.24
517.28,180.56,-336.72,-346.48,424.56,-78.08,-1673.84,-3864.96,-2849.92,-1420.08,0,1088.24
610,273.28,-336.72,-439.2,473.36,-34.16,-1781.2,-3908.88,-2825.52,-1322.48,126.88,1220
634.4,356.24,-278.16,-492.88,453.84,39.04,-1815.36,-3889.36,-2747.44,-1215.12,273.28,1366.4
702.72,458.72,-244,-580.72,473.36,107.36,-1912.96,-3796.64,-2620.56,-1054.08,453.84,1522.56
756.4,546.56,-209.84,-649.04,483.12,165.92,-1952,-3630.72,-2435.12,-849.12,663.68,1703.12
834.48,663.68,-170.8,-746.64,502.64,244,-2010.56,-3381.84,-2161.84,-595.36,902.8,1893.44
814.96,775.92,-39.04,-795.44,424.56,366,-1922.72,-3064.64,-1849.52,-346.48,1107.76,2069.12
751.52,878.4,126.88,-814.96,312.32,502.64,-1781.2,-2776.72,-1639.68,-229.36,1185.84,2191.12
653.92,873.52,219.6,-761.28,214.72,546.56,-1678.72,-2557.12,-1537.2,-307.44,1073.6,2166.72
507.52,814.96,307.44,-658.8,97.6,561.2,-1488.4,-2352.16,-1498.16,-463.6,893.04,2103.28
375.76,732,356.24,-551.44,9.76,541.68,-1337.12,-2181.36,-1434.72,-600.24,712.48,2020.32
312.32,712.48,400.16,-512.4,-43.92,556.32,-1200.48,-2000.8,-1366.4,-692.96,566.08,1942.24
200.08,678.32,478.24,-439.2,-141.52,575.84,-1117.52,-1834.88,-1268.8,-736.88,448.96,1834.88
73.2,614.88,541.68,-341.6,-234.24,575.84,-985.76,-1649.44,-1161.44,-780.8,336.72,1722.64
34.16,624.64,590.48,-326.96,-278.16,605.12,-854,-1483.52,-1039.44,-771.04,258.64,1629.92
73.2,614.88,541.68,-341.6,-234.24,575.84,-785.68,-1337.12,-893.04,-775.92,180.56,1527.44
53.68,590.48,536.8,-322.08,-244,561.2,-683.2,-1185.84,-785.68,-741.76,156.16,1459.12
14.64,551.44,536.8,-283.04,-263.52,541.68,-590.48,-1010.16,-653.92,-673.44,146.4,1410.32
-9.76,492.88,502.64,-239.12,-258.64,497.76,-488,-873.52,-546.56,-629.52,122,1327.36
-19.52,448.96,468.48,-214.72,-244,458.72,-434.32,-746.64,-444.08,-600.24,92.72,1254.16
-43.92,405.04,448.96,-180.56,-248.88,424.56,-390.4,-629.52,-346.48,-561.2,82.96,1176.08
-39.04,346.48,385.52,-151.28,-214.72,366,-322.08,-536.8,-283.04,-551.44,48.8,1078.48
-48.8,278.16,326.96,-112.24,-190.32,302.56,-258.64,-434.32,-190.32,-517.28,19.52,1019.92
-58.56,229.36,287.92,-82.96,-175.68,258.64,-165.92,-366,-112.24,-502.64,-14.64,932.08
-73.2,161.04,234.24,-43.92,-156.16,195.2,-156.16,-302.56,-102.48,-492.88,-58.56,849.12
-78.08,107.36,185.44,-14.64,-131.76,146.4,-63.44,-239.12,-48.8,-478.24,-73.2,805.2
-73.2,63.44,136.64,4.88,-107.36,97.6,-43.92,-195.2,0,-448.96,-82.96,751.52
-48.8,39.04,87.84,4.88,-68.32,63.44,-48.8,-141.52,48.8,-419.68,-78.08,717.36
-68.32,0,68.32,34.16,-68.32,34.16,-14.64,-73.2,97.6,-385.52,-63.44,717.36
-63.44,-9.76,53.68,39.04,-58.56,19.52,-4.88,-39.04,117.12,-370.88,-73.2,678.32
-48.8,-29.28,19.52,39.04,-34.16,-4.88,34.16,-14.64,146.4,-341.6,-73.2,639.28
-43.92,-58.56,-14.64,53.68,-14.64,-39.04,68.32,29.28,170.8,-322.08,-63.44,624.64
-53.68,-73.2,-19.52,63.44,-19.52,-48.8,19.52,43.92,185.44,-307.44,-68.32,610
-58.56,-87.84,-29.28,73.2,-14.64,-58.56,53.68,63.44,209.84,-283.04,-63.44,600.24
-58.56,-92.72,-34.16,78.08,-14.64,-63.44,43.92,48.8,200.08,-278.16,-78.08,585.6
-48.8,-87.84,-39.04,68.32,-4.88,-63.44,48.8,53.68,190.32,-268.4,-78.08,595.36
-34.16,-68.32,-34.16,53.68,0,-53.68,48.8,63.44,204.96,-248.88,-78.08,570.96
-48.8,-87.84,-39.04,68.32,-4.88,-63.44,48.8,53.68,214.72,-239.12,-73.2,551.44
-87.84,-97.6,-9.76,92.72,-39.04,-53.68,39.04,68.32,224.48,-229.36,-73.2,561.2
-92.72,-112.24,-19.52,102.48,-39.04,-68.32,29.28,68.32,224.48,-224.48,-78.08,546.56
-68.32,-102.48,-34.16,87.84,-19.52,-68.32,39.04,73.2,224.48,-219.6,-73.2,541.68
-68.32,-107.36,-39.04,87.84,-14.64,-73.2,53.68,73.2,224.48,-214.72,-78.08,561.2
-87.84,-117.12,-29.28,102.48,-29.28,-73.2,43.92,73.2,204.96,-229.36,-92.72,517.28
-97.6,-122,-24.4,112.24,-39.04,-73.2,-4.88,58.56,195.2,-239.12,-102.48,492.88
-122,-146.4,-24.4,136.64,-48.8,-87.84,24.4,43.92,190.32,-239.12,-112.24,497.76
-122,-151.28,-29.28,136.64,-48.8,-92.72,-9.76,43.92,204.96,-229.36,-107.36,497.76
-78.08,-112.24,-34.16,97.6,-24.4,-73.2,19.52,63.44,244,-204.96,-97.6,488
-34.16,-73.2,-39.04,53.68,0,-58.56,9.76,73.2,244,-190.32,-78.08,483.12
-53.68,-97.6,-43.92,78.08,-4.88,-73.2,4.88,68.32,229.36,-185.44,-73.2,463.6
-48.8,-102.48,-53.68,78.08,0,-78.08,19.52,78.08,253.76,-170.8,-82.96,473.36
-53.68,-117.12,-63.44,87.84,4.88,-92.72,24.4,82.96,258.64,-161.04,-73.2,453.84
-73.2,-146.4,-73.2,112.24,0,-112.24,0,68.32,244,-151.28,-87.84,463.6
-78.08,-131.76,-53.68,107.36,-14.64,-92.72,0,68.32,229.36,-151.28,-97.6,463.6
-87.84,-141.52,-53.68,117.12,-19.52,-97.6,-4.88,82.96,244,-146.4,-97.6,453.84
-78.08,-136.64,-58.56,107.36,-9.76,-97.6,14.64,97.6,253.76,-122,-82.96,463.6
-73.2,-131.76,-58.56,102.48,-9.76,-97.6,14.64,102.48,239.12,-117.12,-87.84,488
-68.32,-122,-53.68,97.6,-9.76,-87.84,24.4,112.24,239.12,-112.24,-97.6,497.76
-87.84,-131.76,-43.92,112.24,-24.4,-87.84,19.52,112.24,263.52,-97.6,-92.72,517.28
-82.96,-131.76,-48.8,107.36,-19.52,-92.72,29.28,117.12,268.4,-87.84,-92.72,531.92
-53.68,-112.24,-58.56,82.96,0,-87.84,63.44,131.76,283.04,-68.32,-87.84,580.72
-39.04,-117.12,-78.08,78.08,19.52,-97.6,63.44,156.16,302.56,-53.68,-82.96,610
-43.92,-117.12,-73.2,82.96,14.64,-97.6,34.16,146.4,297.68,-53.68,-87.84,600.24
-53.68,-112.24,-58.56,82.96,0,-87.84,34.16,156.16,302.56,-43.92,-87.84,624.64
-58.56,-107.36,-48.8,82.96,-4.88,-78.08,82.96,170.8,302.56,-39.04,-78.08,624.64
-63.44,-102.48,-39.04,82.96,-14.64,-73.2,117.12,165.92,312.32,-29.28,-68.32,634.4
-68.32,-102.48,-34.16,87.84,-19.52,-68.32,82.96,175.68,326.96,-9.76,-63.44,663.68
-82.96,-122,-39.04,102.48,-24.4,-82.96,24.4,170.8,317.2,-19.52,-68.32,663.68
-73.2,-112.24,-39.04,92.72,-19.52,-78.08,43.92,190.32,326.96,-9.76,-68.32,658.8
-68.32,-117.12,-48.8,92.72,-9.76,-82.96,39.04,175.68,346.48,0,-68.32,668.56
-82.96,-122,-39.04,102.48,-24.4,-82.96,73.2,180.56,361.12,14.64,-73.2,673.44
-58.56,-102.48,-43.92,82.96,-9.76,-73.2,73.2,200.08,370.88,34.16,-68.32,702.72
-53.68,-97.6,-43.92,78.08,-4.88,-73.2,68.32,204.96,390.4,48.8,-63.44,702.72
-68.32,-112.24,-43.92,92.72,-14.64,-78.08,58.56,209.84,385.52,58.56,-68.32,707.6
-73.2,-122,-48.8,97.6,-14.64,-87.84,34.16,214.72,366,53.68,-73.2,707.6
-53.68,-107.36,-53.68,82.96,0,-82.96,48.8,224.48,366,73.2,-58.56,712.48
-34.16,-92.72,-58.56,63.44,9.76,-78.08,39.04,224.48,395.28,102.48,-48.8,732
-39.04,-92.72,-53.68,68.32,4.88,-73.2,73.2,229.36,400.16,117.12,-43.92,732
-29.28,-87.84,-58.56,58.56,14.64,-73.2,58.56,229.36,395.28,126.88,-39.04,712.48
-43.92,-107.36,-63.44,78.08,9.76,-87.84,53.68,248.88,419.68,141.52,-39.04,727.12
-63.44,-117.12,-53.68,92.72,-4.88,-87.84,102.48,268.4,434.32,136.64,-43.92,756.4
-43.92,-87.84,-43.92,68.32,0,-68.32,141.52,283.04,444.08,136.64,-34.16,761.28
-43.92,-92.72,-48.8,68.32,0,-73.2,92.72,278.16,448.96,117.12,-43.92,766.16
-63.44,-126.88,-63.44,97.6,0,-97.6,136.64,278.16,444.08,102.48,-43.92,780.8
-39.04,-92.72,-53.68,68.32,4.88,-73.2,161.04,292.8,458.72,107.36,-39.04,805.2
-34.16,-82.96,-48.8,58.56,4.88,-68.32,131.76,302.56,478.24,107.36,-29.28,814.96
-43.92,-73.2,-29.28,58.56,-9.76,-53.68,131.76,322.08,488,102.48,-19.52,834.48
-24.4,-48.8,-24.4,39.04,0,-39.04,122,356.24,507.52,102.48,-9.76,844.24
-53.68,-63.44,-9.76,58.56,-24.4,-39.04,92.72,361.12,502.64,92.72,-19.52,829.6
-43.92,-63.44,-19.52,53.68,-14.64,-43.92,92.72,346.48,517.28,82.96,-14.64,824.72
-24.4,-58.56,-34.16,43.92,4.88,-48.8,136.64,370.88,536.8,87.84,-14.64,834.48
-24.4,-58.56,-34.16,43.92,4.88,-48.8,136.64,395.28,541.68,92.72,-4.88,868.64
-29.28,-53.68,-24.4,43.92,-4.88,-39.04,156.16,395.28,561.2,102.48,-9.76,873.52
-43.92,-63.44,-19.52,53.68,-14.64,-43.92,161.04,390.4,556.32,97.6,-9.76,858.88
-53.68,-58.56,-4.88,58.56,-24.4,-34.16,146.4,419.68,585.6,97.6,-9.76,849.12
-48.8,-43.92,4.88,48.8,-29.28,-19.52,136.64,419.68,585.6,102.48,0,863.76
-53.68,-34.16,19.52,43.92,-39.04,-9.76,170.8,429.44,590.48,102.48,14.64,839.36
-39.04,-29.28,9.76,34.16,-24.4,-9.76,195.2,429.44,610,102.48,14.64,849.12
-53.68,-68.32,-14.64,63.44,-19.52,-43.92,175.68,429.44,605.12,102.48,0,839.36
-53.68,-53.68,0,53.68,-29.28,-29.28,161.04,429.44,595.36,92.72,14.64,814.96
-34.16,-34.16,0,34.16,-19.52,-19.52,165.92,448.96,624.64,107.36,19.52,834.48
-48.8,-39.04,9.76,43.92,-29.28,-14.64,141.52,448.96,629.52,97.6,14.64,819.84
-53.68,-34.16,19.52,43.92,-39.04,-9.76,170.8,478.24,653.92,102.48,19.52,819.84
-53.68,-34.16,19.52,43.92,-39.04,-9.76,209.84,483.12,658.8,126.88,29.28,819.84
-73.2,-43.92,29.28,58.56,-53.68,-9.76,195.2,488,653.92,131.76,39.04,814.96
-92.72,-53.68,39.04,73.2,-68.32,-9.76,175.68,463.6,644.16,126.88,34.16,814.96
-97.6,-58.56,39.04,78.08,-68.32,-9.76,161.04,468.48,649.04,136.64,24.4,829.6
-87.84,-63.44,24.4,78.08,-58.56,-19.52,204.96,497.76,658.8,136.64,29.28,839.36
-78.08,-24.4,53.68,53.68,-68.32,14.64,204.96,492.88,668.56,136.64,43.92,839.36
-39.04,9.76,48.8,14.64,-43.92,29.28,219.6,502.64,678.32,141.52,48.8,839.36
-34.16,14.64,48.8,9.76,-43.92,29.28,195.2,512.4,688.08,141.52,43.92,834.48
-68.32,-4.88,63.44,39.04,-68.32,29.28,190.32,522.16,702.72,156.16,48.8,844.24
-78.08,-14.64,63.44,48.8,-73.2,24.4,219.6,536.8,707.6,165.92,58.56,873.52
-78.08,14.64,92.72,34.16,-87.84,53.68,204.96,517.28,717.36,170.8,63.44,878.4
-78.08,39.04,117.12,19.52,-97.6,78.08,190.32,517.28,702.72,165.92,58.56,873.52
-78.08,48.8,126.88,14.64,-102.48,87.84,234.24,536.8,722.24,180.56,68.32,883.28
-78.08,34.16,112.24,24.4,-97.6,73.2,234.24,527.04,722.24,204.96,82.96,922.32
-68.32,24.4,92.72,24.4,-82.96,58.56,263.52,522.16,727.12,200.08,82.96,941.84
-48.8,48.8,97.6,0,-73.2,73.2,278.16,512.4,722.24,200.08,82.96,971.12
-68.32,43.92,112.24,14.64,-92.72,78.08,258.64,522.16,732,214.72,78.08,985.76
-102.48,0,102.48,53.68,-102.48,48.8,268.4,527.04,746.64,214.72,78.08,1000.4
-97.6,-24.4,73.2,63.44,-87.84,24.4,244,497.76,751.52,204.96,63.44,990.64
-102.48,-48.8,53.68,78.08,-78.08,0,234.24,488,707.6,195.2,48.8,976
-146.4,-43.92,102.48,97.6,-126.88,29.28,258.64,492.88,707.6,204.96,68.32,1000.4
-117.12,-19.52,97.6,68.32,-107.36,39.04,229.36,468.48,697.84,209.84,63.44,1015.04
-92.72,0,92.72,48.8,-92.72,43.92,224.48,448.96,697.84,204.96,68.32,1034.56
-87.84,4.88,92.72,43.92,-92.72,48.8,209.84,439.2,678.32,214.72,68.32,1054.08
-82.96,9.76,92.72,39.04,-87.84,48.8,190.32,429.44,688.08,219.6,78.08,1068.72
-58.56,19.52,78.08,19.52,-68.32,48.8,185.44,409.92,678.32,219.6,82.96,1078.48
-43.92,29.28,73.2,9.76,-58.56,48.8,175.68,390.4,649.04,214.72,73.2,1088.24
-53.68,29.28,82.96,14.64,-68.32,53.68,151.28,380.64,634.4,214.72,73.2,1107.76
-39.04,39.04,78.08,0,-58.56,58.56,117.12,370.88,629.52,209.84,78.08,1112.64
-34.16,34.16,68.32,0,-53.68,48.8,107.36,341.6,639.28,219.6,78.08,1141.92
-34.16,19.52,53.68,9.76,-43.92,34.16,126.88,326.96,605.12,214.72,82.96,1141.92
-34.16,19.52,53.68,9.76,-43.92,34.16,126.88,297.68,580.72,214.72,82.96,1146.8
-24.4,19.52,43.92,4.88,-34.16,29.28,102.48,283.04,570.96,214.72,82.96,1166.32
-19.52,4.88,24.4,9.76,-24.4,14.64,107.36,253.76,546.56,200.08,82.96,1180.96
-19.52,9.76,29.28,4.88,-24.4,19.52,78.08,234.24,531.92,190.32,73.2,1190.72
-39.04,-14.64,24.4,29.28,-34.16,4.88,43.92,224.48,536.8,190.32,68.32,1200.48
-58.56,-39.04,19.52,48.8,-39.04,-9.76,39.04,195.2,502.64,175.68,48.8,1166.32
-29.28,-29.28,0,29.28,-14.64,-14.64,29.28,170.8,492.88,175.68,43.92,1176.08
-4.88,-9.76,-4.88,9.76,0,-9.76,4.88,170.8,497.76,180.56,58.56,1195.6
14.64,-4.88,-19.52,-4.88,14.64,-14.64,4.88,161.04,483.12,180.56,63.44,1195.6
24.4,4.88,-19.52,-14.64,19.52,-9.76,24.4,170.8,458.72,180.56,63.44,1210.24
34.16,9.76,-24.4,-19.52,29.28,-9.76,0,141.52,444.08,170.8,58.56,1200.48
19.52,-9.76,-29.28,-4.88,24.4,-19.52,-29.28,97.6,439.2,165.92,48.8,1205.36
14.64,-9.76,-24.4,0,19.52,-19.52,-14.64,78.08,414.8,146.4,34.16,1200.48
9.76,-24.4,-34.16,9.76,19.52,-29.28,-24.4,73.2,405.04,146.4,39.04,1200.48
19.52,-34.16,-53.68,9.76,34.16,-43.92,-43.92,73.2,395.28,156.16,43.92,1195.6
43.92,0,-43.92,-19.52,43.92,-24.4,-34.16,73.2,385.52,156.16,39.04,1185.84
48.8,0,-48.8,-24.4,48.8,-24.4,4.88,68.32,395.28,170.8,39.04,1200.48
39.04,-24.4,-63.44,-4.88,48.8,-43.92,-29.28,68.32,400.16,175.68,39.04,1224.88
34.16,-39.04,-73.2,4.88,53.68,-58.56,-53.68,43.92,375.76,161.04,24.4,1205.36
34.16,-34.16,-68.32,0,48.8,-53.68,-53.68,34.16,361.12,161.04,19.52,1220
34.16,-29.28,-63.44,0,48.8,-48.8,-34.16,24.4,351.36,165.92,19.52,1210.24
29.28,-34.16,-63.44,4.88,43.92,-48.8,-34.16,9.76,341.6,151.28,4.88,1190.72
19.52,-58.56,-78.08,19.52,48.8,-68.32,-53.68,-4.88,326.96,136.64,-9.76,1190.72
-4.88,-82.96,-78.08,43.92,34.16,-82.96,-29.28,-19.52,322.08,117.12,-24.4,1200.48
4.88,-78.08,-82.96,39.04,43.92,-82.96,-43.92,-24.4,317.2,122,-19.52,1205.36
29.28,-34.16,-63.44,4.88,43.92,-48.8,-43.92,-9.76,336.72,146.4,0,1210.24
39.04,-19.52,-58.56,-9.76,48.8,-39.04,-24.4,4.88,346.48,161.04,4.88,1210.24
14.64,-43.92,-58.56,14.64,34.16,-53.68,-39.04,-4.88,346.48,161.04,-9.76,1195.6
24.4,-39.04,-63.44,9.76,43.92,-53.68,-63.44,-4.88,351.36,165.92,-9.76,1195.6
34.16,-29.28,-63.44,0,48.8,-48.8,-34.16,-4.88,346.48,165.92,-4.88,1210.24
43.92,-9.76,-53.68,-14.64,48.8,-34.16,-29.28,0,346.48,175.68,-9.76,1210.24
29.28,-14.64,-43.92,-4.88,34.16,-29.28,-53.68,-14.64,336.72,161.04,-29.28,1200.48
14.64,-43.92,-58.56,14.64,34.16,-53.68,-63.44,-4.88,341.6,161.04,-34.16,1195.6
4.88,-68.32,-73.2,34.16,39.04,-73.2,-14.64,0,370.88,165.92,-14.64,1190.72
14.64,-43.92,-58.56,14.64,34.16,-53.68,-4.88,-4.88,336.72,156.16,-19.52,1161.44
24.4,-43.92,-68.32,9.76,43.92,-58.56,9.76,0,341.6,161.04,-29.28,1151.68
9.76,-39.04,-48.8,14.64,29.28,-43.92,-43.92,9.76,351.36,165.92,-19.52,1146.8
0,-43.92,-43.92,24.4,19.52,-43.92,-53.68,0,346.48,170.8,-34.16,1132.16
19.52,-43.92,-63.44,14.64,39.04,-53.68,-48.8,9.76,361.12,190.32,-34.16,1127.28
4.88,-63.44,-68.32,29.28,34.16,-68.32,-48.8,9.76,351.36,195.2,-34.16,1117.52
-4.88,-53.68,-48.8,29.28,19.52,-53.68,-19.52,9.76,356.24,214.72,-29.28,1117.52
-24.4,-68.32,-43.92,48.8,9.76,-58.56,-9.76,9.76,356.24,229.36,-29.28,1137.04
-29.28,-73.2,-43.92,53.68,4.88,-58.56,-4.88,9.76,346.48,229.36,-24.4,1127.28
-29.28,-58.56,-29.28,43.92,0,-43.92,0,29.28,356.24,234.24,-24.4,1117.52
-39.04,-63.44,-24.4,53.68,-9.76,-43.92,-9.76,19.52,366,229.36,-39.04,1098
-9.76,-34.16,-24.4,24.4,4.88,-29.28,-9.76,34.16,370.88,239.12,-39.04,1098
4.88,-24.4,-29.28,9.76,14.64,-29.28,0,53.68,385.52,258.64,-29.28,1107.76
0,-48.8,-48.8,24.4,24.4,-48.8,-34.16,39.04,385.52,258.64,-29.28,1102.88
-9.76,-63.44,-53.68,39.04,19.52,-58.56,-24.4,43.92,370.88,263.52,-34.16,1102.88
-34.16,-73.2,-39.04,53.68,0,-58.56,19.52,48.8,385.52,273.28,-34.16,1122.4
-39.04,-63.44,-24.4,53.68,-9.76,-43.92,-9.76,58.56,385.52,287.92,-24.4,1107.76
0,-34.16,-34.16,19.52,14.64,-34.16,0,78.08,419.68,297.68,-29.28,1122.4
4.88,-43.92,-48.8,19.52,24.4,-48.8,19.52,82.96,400.16,297.68,-29.28,1127.28
-4.88,-58.56,-53.68,34.16,24.4,-58.56,29.28,102.48,400.16,297.68,-29.28,1127.28
-9.76,-53.68,-43.92,34.16,14.64,-48.8,34.16,102.48,424.56,317.2,-24.4,1156.56
-19.52,-53.68,-34.16,39.04,4.88,-43.92,48.8,97.6,419.68,322.08,-24.4,1151.68
-14.64,-53.68,-39.04,34.16,9.76,-48.8,58.56,102.48,414.8,322.08,-24.4,1146.8
-19.52,-63.44,-43.92,43.92,9.76,-53.68,34.16,102.48,405.04,312.32,-34.16,1127.28
-19.52,-63.44,-43.92,43.92,9.76,-53.68,4.88,97.6,395.28,322.08,-34.16,1112.64
-19.52,-73.2,-53.68,48.8,14.64,-63.44,34.16,87.84,409.92,331.84,-29.28,1132.16
-43.92,-87.84,-43.92,68.32,0,-68.32,58.56,112.24,414.8,336.72,-24.4,1102.88
-19.52,-68.32,-48.8,43.92,14.64,-58.56,53.68,102.48,409.92,351.36,-19.52,1068.72
4.88,-53.68,-58.56,24.4,29.28,-58.56,29.28,102.48,419.68,356.24,-14.64,1054.08
-24.4,-68.32,-43.92,48.8,9.76,-58.56,24.4,107.36,414.8,346.48,-29.28,1049.2
-9.76,-58.56,-48.8,34.16,19.52,-53.68,39.04,112.24,424.56,366,-24.4,1054.08
4.88,-29.28,-34.16,14.64,19.52,-34.16,48.8,112.24,434.32,380.64,-14.64,1044.32
-4.88,-34.16,-29.28,19.52,9.76,-34.16,14.64,107.36,439.2,375.76,-19.52,1024.8
-19.52,-58.56,-39.04,39.04,9.76,-48.8,73.2,117.12,434.32,375.76,-19.52,1044.32
-48.8,-87.84,-39.04,68.32,-4.88,-63.44,48.8,107.36,419.68,370.88,-24.4,1015.04
-14.64,-63.44,-48.8,39.04,14.64,-58.56,9.76,112.24,429.44,385.52,-9.76,1015.04
34.16,-34.16,-68.32,0,48.8,-53.68,19.52,117.12,448.96,395.28,-9.76,1015.04
4.88,-48.8,-53.68,24.4,29.28,-53.68,43.92,122,444.08,395.28,-4.88,1005.28
29.28,-19.52,-48.8,-4.88,39.04,-34.16,53.68,122,439.2,405.04,-4.88,1015.04
63.44,-14.64,-78.08,-24.4,68.32,-48.8,-14.64,92.72,424.56,400.16,-19.52,1010.16
48.8,-24.4,-73.2,-9.76,58.56,-48.8,-9.76,87.84,419.68,409.92,-4.88,1010.16
43.92,-53.68,-97.6,4.88,68.32,-78.08,-48.8,82.96,414.8,400.16,-19.52,1019.92
-9.76,-53.68,-43.92,34.16,14.64,-48.8,-48.8,112.24,463.6,424.56,4.88,1049.2
14.64,-43.92,-58.56,14.64,34.16,-53.68,-34.16,107.36,468.48,424.56,14.64,1078.48
34.16,-53.68,-87.84,9.76,58.56,-73.2,-53.68,107.36,439.2,414.8,0,1068.72
9.76,-58.56,-68.32,24.4,39.04,-63.44,-73.2,97.6,444.08,409.92,-4.88,1058.96
0,-53.68,-53.68,29.28,24.4,-53.68,-78.08,78.08,448.96,419.68,-4.88,1049.2
0,-58.56,-58.56,29.28,29.28,-58.56,-63.44,82.96,448.96,429.44,4.88,1058.96
0,-53.68,-53.68,29.28,24.4,-53.68,-87.84,63.44,429.44,419.68,4.88,1058.96
19.52,-34.16,-53.68,9.76,34.16,-43.92,-58.56,78.08,458.72,429.44,9.76,1058.96
24.4,-29.28,-53.68,4.88,39.04,-43.92,-82.96,73.2,463.6,434.32,4.88,1054.08
34.16,-29.28,-63.44,0,48.8,-48.8,-63.44,82.96,453.84,444.08,9.76,1063.84
29.28,-48.8,-78.08,9.76,53.68,-63.44,-53.68,97.6,463.6,458.72,19.52,1073.6
34.16,-24.4,-58.56,-4.88,43.92,-43.92,-73.2,82.96,458.72,444.08,14.64,1063.84
34.16,-43.92,-78.08,4.88,53.68,-63.44,-53.68,82.96,463.6,453.84,14.64,1068.72
43.92,-48.8,-92.72,4.88,68.32,-73.2,-43.92,87.84,468.48,463.6,19.52,1083.36
34.16,-43.92,-78.08,4.88,53.68,-63.44,-63.44,87.84,463.6,458.72,9.76,1078.48
19.52,-58.56,-78.08,19.52,48.8,-68.32,-73.2,82.96,448.96,453.84,0,1088.24
4.88,-73.2,-78.08,34.16,39.04,-78.08,-73.2,63.44,448.96,444.08,-4.88,1073.6
19.52,-68.32,-87.84,24.4,53.68,-78.08,-92.72,73.2,458.72,448.96,0,1073.6
19.52,-53.68,-73.2,19.52,43.92,-63.44,-102.48,82.96,448.96,453.84,0,1078.48
29.28,-43.92,-73.2,9.76,48.8,-58.56,-63.44,82.96,448.96,458.72,4.88,1088.24
48.8,-43.92,-92.72,0,68.32,-68.32,-53.68,87.84,453.84,463.6,0,1107.76
43.92,-58.56,-102.48,9.76,73.2,-82.96,-63.44,78.08,448.96,463.6,-4.88,1122.4
24.4,-68.32,-92.72,24.4,58.56,-82.96,-87.84,73.2,439.2,458.72,-4.88,1127.28
39.04,-34.16,-73.2,0,53.68,-53.68,-53.68,78.08,448.96,473.36,-4.88,1127.28
34.16,-34.16,-68.32,0,48.8,-53.68,-19.52,87.84,463.6,483.12,0,1156.56
53.68,-24.4,-78.08,-14.64,63.44,-53.68,-48.8,87.84,444.08,478.24,4.88,1161.44
39.04,-34.16,-73.2,0,53.68,-53.68,-63.44,78.08,444.08,473.36,0,1137.04
19.52,-53.68,-73.2,19.52,43.92,-63.44,-92.72,73.2,439.2,468.48,0,1132.16
29.28,-43.92,-73.2,9.76,48.8,-58.56,-43.92,78.08,453.84,473.36,4.88,1141.92
9.76,-53.68,-63.44,24.4,34.16,-58.56,-34.16,63.44,444.08,458.72,-9.76,1137.04
14.64,-39.04,-53.68,14.64,34.16,-48.8,-78.08,63.44,458.72,448.96,-14.64,1122.4
4.88,-58.56,-63.44,29.28,34.16,-63.44,-53.68,87.84,458.72,458.72,-9.76,1137.04
-19.52,-87.84,-68.32,53.68,24.4,-78.08,-73.2,63.44,439.2,453.84,-9.76,1146.8
-4.88,-53.68,-48.8,29.28,19.52,-53.68,-73.2,53.68,458.72,458.72,-9.76,1171.2
24.4,-14.64,-39.04,-4.88,29.28,-29.28,-53.68,58.56,458.72,463.6,-9.76,1171.2
53.68,9.76,-43.92,-29.28,48.8,-19.52,-53.68,63.44,468.48,468.48,4.88,1171.2
58.56,-4.88,-63.44,-24.4,58.56,-34.16,-48.8,63.44,473.36,478.24,9.76,1171.2
19.52,-53.68,-73.2,19.52,43.92,-63.44,-43.92,63.44,463.6,458.72,-4.88,1166.32
19.52,-39.04,-58.56,9.76,39.04,-48.8,-73.2,58.56,463.6,453.84,-4.88,1171.2
19.52,-34.16,-53.68,9.76,34.16,-43.92,-34.16,63.44,473.36,458.72,-4.88,1166.32
29.28,-34.16,-63.44,4.88,43.92,-48.8,-53.68,48.8,473.36,453.84,-9.76,1166.32
34.16,-9.76,-43.92,-9.76,39.04,-29.28,-53.68,43.92,473.36,458.72,-4.88,1141.92
19.52,-19.52,-39.04,0,29.28,-29.28,-39.04,34.16,478.24,468.48,-4.88,1151.68
19.52,-43.92,-63.44,14.64,39.04,-53.68,-19.52,34.16,478.24,463.6,-9.76,1156.56
19.52,-58.56,-78.08,19.52,48.8,-68.32,-24.4,43.92,488,463.6,-14.64,1190.72
-4.88,-68.32,-63.44,39.04,29.28,-68.32,-43.92,24.4,497.76,468.48,-14.64,1190.72
-9.76,-63.44,-53.68,39.04,19.52,-58.56,-19.52,19.52,492.88,478.24,-14.64,1190.72
9.76,-43.92,-53.68,19.52,29.28,-48.8,4.88,24.4,497.76,488,-4.88,1220
19.52,-29.28,-48.8,4.88,34.16,-39.04,14.64,24.4,488,492.88,-4.88,1224.88
29.28,-14.64,-43.92,-4.88,34.16,-29.28,0,19.52,502.64,488,-14.64,1205.36
24.4,-24.4,-48.8,0,34.16,-39.04,-9.76,9.76,497.76,478.24,-19.52,1205.36
24.4,-43.92,-68.32,9.76,43.92,-58.56,9.76,34.16,497.76,488,-9.76,1195.6
9.76,-63.44,-73.2,29.28,39.04,-68.32,0,34.16,483.12,492.88,-14.64,1220
14.64,-43.92,-58.56,14.64,34.16,-53.68,-39.04,24.4,473.36,488,-19.52,1229.76
29.28,-19.52,-48.8,-4.88,39.04,-34.16,-19.52,34.16,483.12,497.76,-14.64,1263.92
24.4,-24.4,-48.8,0,34.16,-39.04,-9.76,24.4,478.24,497.76,-24.4,1249.28
14.64,-53.68,-68.32,19.52,39.04,-63.44,14.64,24.4,473.36,497.76,-24.4,1249.28
19.52,-58.56,-78.08,19.52,48.8,-68.32,-14.64,14.64,468.48,483.12,-29.28,1259.04
14.64,-63.44,-78.08,24.4,43.92,-73.2,-9.76,24.4,473.36,483.12,-34.16,1278.56
39.04,-39.04,-78.08,0,58.56,-58.56,-24.4,19.52,478.24,483.12,-34.16,1263.92
19.52,-34.16,-53.68,9.76,34.16,-43.92,9.76,39.04,512.4,507.52,-14.64,1288.32
-9.76,-68.32,-58.56,39.04,24.4,-63.44,4.88,48.8,497.76,497.76,-19.52,1298.08
4.88,-63.44,-68.32,29.28,34.16,-68.32,-29.28,29.28,468.48,478.24,-34.16,1278.56
9.76,-68.32,-78.08,29.28,43.92,-73.2,-29.28,24.4,473.36,488,-34.16,1288.32
0,-68.32,-68.32,34.16,34.16,-68.32,-29.28,24.4,463.6,473.36,-39.04,1288.32
-4.88,-63.44,-58.56,34.16,24.4,-63.44,9.76,24.4,463.6,468.48,-43.92,1278.56
0,-73.2,-73.2,39.04,34.16,-73.2,24.4,19.52,463.6,473.36,-43.92,1273.68
24.4,-63.44,-87.84,19.52,53.68,-78.08,9.76,14.64,468.48,473.36,-43.92,1278.56
29.28,-68.32,-97.6,19.52,63.44,-82.96,-29.28,19.52,478.24,488,-39.04,1302.96
39.04,-63.44,-102.48,14.64,68.32,-82.96,-34.16,19.52,483.12,492.88,-34.16,1307.84
43.92,-53.68,-97.6,4.88,68.32,-78.08,-43.92,34.16,497.76,497.76,-24.4,1327.36
-9.76,-82.96,-73.2,48.8,29.28,-78.08,-29.28,34.16,497.76,502.64,-24.4,1346.88
9.76,-78.08,-87.84,34.16,48.8,-82.96,-29.28,24.4,488,492.88,-24.4,1317.6
19.52,-78.08,-97.6,29.28,58.56,-87.84,-58.56,24.4,488,497.76,-29.28,1317.6
19.52,-87.84,-107.36,34.16,63.44,-97.6,-92.72,43.92,488,497.76,-29.28,1322.48
24.4,-87.84,-112.24,34.16,68.32,-102.48,-87.84,68.32,488,492.88,-24.4,1322.48
24.4,-92.72,-117.12,34.16,68.32,-107.36,-102.48,53.68,502.64,507.52,-19.52,1332.24
9.76,-102.48,-112.24,48.8,58.56,-107.36,-112.24,43.92,502.64,507.52,-24.4,1346.88
43.92,-63.44,-107.36,9.76,73.2,-87.84,-73.2,58.56,512.4,522.16,-14.64,1366.4
34.16,-53.68,-87.84,9.76,58.56,-73.2,-73.2,53.68,507.52,512.4,-24.4,1395.68
14.64,-68.32,-82.96,29.28,48.8,-78.08,-82.96,58.56,527.04,507.52,-29.28,1371.28
39.04,-68.32,-107.36,14.64,73.2,-87.84,-53.68,63.44,536.8,522.16,-19.52,1385.92
34.16,-73.2,-107.36,19.52,68.32,-92.72,-39.04,68.32,541.68,541.68,-9.76,1405.44
48.8,-68.32,-117.12,9.76,82.96,-92.72,-58.56,78.08,536.8,546.56,-4.88,1410.32
19.52,-97.6,-117.12,39.04,68.32,-107.36,-63.44,68.32,527.04,536.8,-14.64,1415.2
0,-97.6,-97.6,48.8,48.8,-97.6,-92.72,73.2,517.28,531.92,-19.52,1439.6
24.4,-68.32,-92.72,24.4,58.56,-82.96,-112.24,73.2,512.4,536.8,-14.64,1410.32
19.52,-63.44,-82.96,24.4,48.8,-73.2,-73.2,68.32,527.04,546.56,-14.64,1410.32
29.28,-68.32,-97.6,19.52,63.44,-82.96,-39.04,78.08,536.8,551.44,-14.64,1415.2
34.16,-63.44,-97.6,14.64,63.44,-82.96,-39.04,78.08,536.8,556.32,-14.64,1424.96
39.04,-58.56,-97.6,9.76,68.32,-78.08,-29.28,82.96,541.68,551.44,-14.64,1424.96
24.4,-63.44,-87.84,19.52,53.68,-78.08,-39.04,97.6,536.8,561.2,-14.64,1415.2
24.4,-73.2,-97.6,24.4,58.56,-87.84,-63.44,68.32,546.56,561.2,-19.52,1420.08
29.28,-63.44,-92.72,19.52,58.56,-78.08,-68.32,63.44,541.68,556.32,-24.4,1424.96
34.16,-53.68,-87.84,9.76,58.56,-73.2,-29.28,73.2,541.68,556.32,-19.52,1424.96
9.76,-63.44,-73.2,29.28,39.04,-68.32,-58.56,73.2,541.68,566.08,-14.64,1429.84
24.4,-53.68,-78.08,14.64,48.8,-68.32,-48.8,63.44,531.92,561.2,-14.64,1415.2
14.64,-87.84,-102.48,39.04,58.56,-97.6,-73.2,58.56,517.28,556.32,-29.28,1420.08
19.52,-87.84,-107.36,34.16,63.44,-97.6,-78.08,58.56,517.28,551.44,-34.16,1415.2
24.4,-73.2,-97.6,24.4,58.56,-87.84,-97.6,68.32,527.04,556.32,-29.28,1420.08
34.16,-58.56,-92.72,14.64,63.44,-78.08,-82.96,87.84,551.44,575.84,-4.88,1429.84
4.88,-58.56,-63.44,29.28,34.16,-63.44,-48.8,107.36,556.32,585.6,-4.88,1449.36
-4.88,-58.56,-53.68,34.16,24.4,-58.56,-14.64,97.6,570.96,595.36,0,1468.88
0,-53.68,-53.68,29.28,24.4,-53.68,-19.52,97.6,575.84,600.24,0,1468.88
14.64,-43.92,-58.56,14.64,34.16,-53.68,-78.08,87.84,556.32,590.48,-9.76,1464
14.64,-43.92,-58.56,14.64,34.16,-53.68,-63.44,87.84,551.44,590.48,-9.76,1464
19.52,-29.28,-48.8,4.88,34.16,-39.04,-58.56,87.84,551.44,595.36,0,1468.88
34.16,-19.52,-53.68,-4.88,43.92,-39.04,-43.92,82.96,541.68,580.72,4.88,1468.88
24.4,-34.16,-58.56,4.88,39.04,-48.8,-53.68,87.84,551.44,590.48,-9.76,1468.88
4.88,-48.8,-53.68,24.4,29.28,-53.68,-82.96,87.84,561.2,580.72,-19.52,1439.6
-19.52,-73.2,-53.68,48.8,14.64,-63.44,-63.44,92.72,556.32,580.72,-24.4,1459.12
-34.16,-78.08,-43.92,58.56,4.88,-63.44,-63.44,92.72,541.68,575.84,-29.28,1454.24
-4.88,-34.16,-29.28,19.52,9.76,-34.16,-34.16,78.08,561.2,590.48,-19.52,1444.48
9.76,-48.8,-58.56,19.52,34.16,-53.68,-9.76,87.84,575.84,610,-9.76,1468.88
14.64,-73.2,-87.84,29.28,48.8,-82.96,-29.28,87.84,566.08,605.12,-9.76,1483.52
29.28,-48.8,-78.08,9.76,53.68,-63.44,-39.04,92.72,566.08,614.88,-4.88,1488.4
24.4,-43.92,-68.32,9.76,43.92,-58.56,-9.76,87.84,575.84,624.64,-14.64,1517.68
9.76,-58.56,-68.32,24.4,39.04,-63.44,-34.16,87.84,580.72,614.88,-14.64,1498.16
14.64,-53.68,-68.32,19.52,39.04,-63.44,-39.04,102.48,561.2,610,-24.4,1483.52
9.76,-53.68,-63.44,24.4,34.16,-58.56,-29.28,82.96,566.08,610,-14.64,1493.28
4.88,-39.04,-43.92,19.52,24.4,-43.92,-4.88,92.72,575.84,624.64,-4.88,1493.28
14.64,-39.04,-53.68,14.64,34.16,-48.8,-14.64,92.72,585.6,629.52,0,1493.28
14.64,-58.56,-73.2,24.4,43.92,-68.32,-29.28,82.96,580.72,629.52,-4.88,1478.64
19.52,-43.92,-63.44,14.64,39.04,-53.68,-48.8,78.08,570.96,629.52,-14.64,1488.4
9.76,-53.68,-63.44,24.4,34.16,-58.56,-43.92,73.2,575.84,634.4,-19.52,1493.28
19.52,-48.8,-68.32,14.64,43.92,-58.56,9.76,68.32,566.08,634.4,-19.52,1517.68
14.64,-39.04,-53.68,14.64,34.16,-48.8,4.88,63.44,566.08,639.28,-19.52,1527.44
-4.88,-58.56,-53.68,34.16,24.4,-58.56,-9.76,58.56,566.08,634.4,-24.4,1527.44
9.76,-63.44,-73.2,29.28,39.04,-68.32,24.4,63.44,575.84,639.28,-19.52,1561.6
19.52,-53.68,-73.2,19.52,43.92,-63.44,-24.4,53.68,556.32,629.52,-29.28,1517.68
24.4,-63.44,-87.84,19.52,53.68,-78.08,-39.04,58.56,570.96,629.52,-29.28,1493.28
63.44,-19.52,-82.96,-19.52,73.2,-53.68,-19.52,73.2,580.72,644.16,-14.64,1483.52
43.92,-39.04,-82.96,0,63.44,-63.44,4.88,78.08,580.72,653.92,-14.64,1483.52
9.76,-68.32,-78.08,29.28,43.92,-73.2,-34.16,58.56,566.08,644.16,-19.52,1478.64
4.88,-63.44,-68.32,29.28,34.16,-68.32,-53.68,53.68,561.2,639.28,-24.4,1478.64
4.88,-63.44,-68.32,29.28,34.16,-68.32,-14.64,53.68,556.32,639.28,-24.4,1464
-4.88,-68.32,-63.44,39.04,29.28,-68.32,-14.64,53.68,566.08,649.04,-19.52,1488.4
-4.88,-63.44,-58.56,34.16,24.4,-63.44,0,58.56,580.72,653.92,-19.52,1507.92
0,-73.2,-73.2,39.04,34.16,-73.2,-14.64,73.2,585.6,658.8,-14.64,1507.92
34.16,-43.92,-78.08,4.88,53.68,-63.44,-19.52,97.6,590.48,663.68,-4.88,1503.04
43.92,-29.28,-73.2,-4.88,58.56,-53.68,24.4,87.84,590.48,658.8,-9.76,1517.68
34.16,-19.52,-53.68,-4.88,43.92,-39.04,-24.4,117.12,595.36,663.68,0,1532.32
48.8,-4.88,-53.68,-19.52,48.8,-29.28,-39.04,126.88,605.12,668.56,4.88,1532.32
43.92,-9.76,-53.68,-14.64,48.8,-34.16,-29.28,126.88,619.76,668.56,9.76,1527.44
24.4,-39.04,-63.44,9.76,43.92,-53.68,-58.56,122,595.36,663.68,4.88,1522.56
14.64,-58.56,-73.2,24.4,43.92,-68.32,-48.8,126.88,590.48,663.68,0,1527.44
14.64,-63.44,-78.08,24.4,43.92,-73.2,-34.16,112.24,585.6,644.16,-9.76,1527.44
24.4,-43.92,-68.32,9.76,43.92,-58.56,-53.68,107.36,590.48,649.04,-9.76,1546.96
4.88,-68.32,-73.2,34.16,39.04,-73.2,-58.56,92.72,585.6,644.16,-14.64,1561.6
14.64,-53.68,-68.32,19.52,39.04,-63.44,-48.8,102.48,600.24,653.92,-4.88,1566.48
58.56,0,-58.56,-29.28,58.56,-29.28,-14.64,112.24,605.12,663.68,4.88,1576.24
58.56,-9.76,-68.32,-24.4,63.44,-39.04,-14.64,102.48,619.76,668.56,-4.88,1581.12
63.44,-24.4,-87.84,-19.52,73.2,-58.56,-9.76,102.48,614.88,663.68,0,1586
48.8,-24.4,-73.2,-9.76,58.56,-48.8,-4.88,87.84,610,663.68,0,1586
34.16,-39.04,-73.2,4.88,53.68,-58.56,0,78.08,605.12,653.92,0,1581.12
43.92,-39.04,-82.96,0,63.44,-63.44,-14.64,92.72,619.76,663.68,4.88,1605.52
39.04,-73.2,-112.24,19.52,73.2,-92.72,4.88,102.48,634.4,678.32,9.76,1600.64
48.8,-68.32,-117.12,9.76,82.96,-92.72,-34.16,126.88,663.68,702.72,43.92,1625.04
107.36,-34.16,-141.52,-34.16,122,-87.84,14.64,190.32,717.36,736.88,58.56,1634.8
102.48,-63.44,-165.92,-19.52,131.76,-117.12,48.8,307.44,775.92,761.28,53.68,1634.8
102.48,-68.32,-170.8,-14.64,136.64,-122,63.44,507.52,922.32,810.08,82.96,1649.44
131.76,-24.4,-156.16,-53.68,141.52,-92.72,146.4,775.92,1122.4,897.92,122,1664.08
180.56,0,-180.56,-87.84,180.56,-92.72,200.08,946.72,1229.76,941.84,136.64,1659.2
209.84,-14.64,-224.48,-97.6,214.72,-122,195.2,883.28,1132.16,907.68,117.12,1654.32
180.56,-34.16,-214.72,-73.2,195.2,-126.88,170.8,634.4,951.6,844.24,87.84,1644.56
185.44,-39.04,-224.48,-73.2,204.96,-131.76,87.84,273.28,727.12,775.92,63.44,1610.4
190.32,-63.44,-253.76,-63.44,219.6,-161.04,-53.68,-136.64,448.96,702.72,48.8,1605.52
239.12,-82.96,-322.08,-78.08,278.16,-204.96,-214.72,-458.72,258.64,683.2,73.2,1625.04
283.04,-63.44,-346.48,-107.36,312.32,-204.96,-317.2,-736.88,92.72,673.44,102.48,1629.92
375.76,0,-375.76,-185.44,375.76,-190.32,-395.28,-971.12,-34.16,707.6,175.68,1688.48
468.48,68.32,-400.16,-268.4,434.32,-165.92,-527.04,-1254.16,-146.4,771.04,283.04,1776.32
507.52,107.36,-400.16,-307.44,453.84,-146.4,-683.2,-1483.52,-248.88,858.88,419.68,1859.28
551.44,165.92,-385.52,-356.24,468.48,-112.24,-775.92,-1703.12,-356.24,932.08,536.8,1995.92
590.48,214.72,-375.76,-400.16,483.12,-82.96,-936.96,-2005.68,-541.68,932.08,610,2059.36
629.52,302.56,-326.96,-463.6,478.24,-14.64,-1054.08,-2249.68,-692.96,956.48,702.72,2142.32
663.68,405.04,-258.64,-531.92,458.72,73.2,-1132.16,-2391.2,-780.8,1000.4,819.84,2254.56
683.2,507.52,-175.68,-595.36,429.44,165.92,-1146.8,-2483.92,-814.96,1088.24,966.24,2391.2
649.04,610,-39.04,-629.52,341.6,283.04,-1190.72,-2586.4,-854,1166.32,1098,2552.24
502.64,712.48,209.84,-605.12,146.4,458.72,-1249.28,-2615.68,-868.64,1200.48,1195.6,2679.12
331.84,810.08,478.24,-570.96,-73.2,644.16,-1263.92,-2654.72,-917.44,1122.4,1176.08,2771.84
170.8,824.72,653.92,-497.76,-244,736.88,-1278.56,-2693.76,-1039.44,912.56,1034.56,2757.2
39.04,819.84,780.8,-429.44,-370.88,800.32,-1288.32,-2708.4,-1190.72,658.8,849.12,2723.04
-48.8,800.32,849.12,-375.76,-448.96,824.72,-1293.2,-2659.6,-1259.04,434.32,678.32,2688.88
-87.84,824.72,912.56,-366,-502.64,868.64,-1268.8,-2566.88,-1293.2,268.4,551.44,2664.48
-122,863.76,985.76,-370.88,-556.32,922.32,-1210.24,-2400.96,-1249.28,175.68,458.72,2610.8
-131.76,912.56,1044.32,-390.4,-590.48,976,-1102.88,-2166.72,-1088.24,165.92,419.68,2615.68
-126.88,932.08,1058.96,-400.16,-595.36,995.52,-1049.2,-1966.64,-941.84,185.44,395.28,2610.8
-131.76,863.76,995.52,-366,-566.08,927.2,-956.48,-1786.08,-854,165.92,322.08,2542.48
-122,785.68,907.68,-331.84,-517.28,844.24,-829.6,-1590.88,-722.24,165.92,268.4,2493.68
-126.88,746.64,873.52,-307.44,-502.64,810.08,-741.76,-1356.64,-570.96,204.96,244,2425.36
-126.88,717.36,844.24,-292.8,-488,780.8,-629.52,-1161.44,-414.8,248.88,214.72,2381.44
-146.4,644.16,790.56,-248.88,-468.48,717.36,-541.68,-995.52,-297.68,253.76,156.16,2303.36
-151.28,575.84,727.12,-209.84,-439.2,649.04,-473.36,-888.16,-204.96,248.88,92.72,2210.64
-136.64,522.16,658.8,-190.32,-400.16,590.48,-395.28,-780.8,-146.4,253.76,43.92,2186.24
-126.88,468.48,595.36,-170.8,-361.12,531.92,-351.36,-673.44,-53.68,273.28,19.52,2137.44
-156.16,409.92,566.08,-126.88,-361.12,488,-273.28,-570.96,19.52,283.04,-9.76,2064.24
-180.56,312.32,492.88,-63.44,-336.72,400.16,-175.68,-478.24,78.08,292.8,-53.68,2020.32
-195.2,234.24,429.44,-19.52,-312.32,331.84,-156.16,-414.8,131.76,292.8,-82.96,1961.76
-200.08,156.16,356.24,24.4,-278.16,253.76,-136.64,-341.6,190.32,292.8,-112.24,1912.96
-126.88,156.16,283.04,-14.64,-204.96,219.6,-53.68,-229.36,244,312.32,-92.72,1883.68
-92.72,122,214.72,-14.64,-156.16,165.92,-14.64,-175.68,312.32,341.6,-87.84,1888.56
-107.36,63.44,170.8,24.4,-141.52,117.12,4.88,-131.76,356.24,361.12,-87.84,1869.04
-87.84,9.76,97.6,39.04,-92.72,53.68,-19.52,-102.48,370.88,346.48,-107.36,1834.88
-48.8,-4.88,43.92,29.28,-48.8,19.52,-19.52,-73.2,385.52,356.24,-112.24,1830
-73.2,-29.28,43.92,53.68,-58.56,4.88,19.52,-24.4,419.68,390.4,-87.84,1849.52
-78.08,-43.92,34.16,63.44,-58.56,-4.88,39.04,4.88,453.84,409.92,-78.08,1844.64
-78.08,-68.32,9.76,73.2,-43.92,-29.28,39.04,14.64,463.6,419.68,-92.72,1859.28
-112.24,-97.6,14.64,107.36,-63.44,-43.92,63.44,19.52,458.72,419.68,-92.72,1854.4
-107.36,-102.48,4.88,107.36,-58.56,-48.8,58.56,34.16,463.6,414.8,-102.48,1844.64
-97.6,-107.36,-9.76,102.48,-43.92,-58.56,48.8,39.04,458.72,405.04,-97.6,1844.64
-73.2,-73.2,0,73.2,-39.04,-39.04,34.16,53.68,463.6,400.16,-92.72,1830
-87.84,-87.84,0,87.84,-43.92,-43.92,4.88,48.8,488,390.4,-92.72,1825.12
-97.6,-112.24,-14.64,107.36,-43.92,-63.44,19.52,39.04,463.6,356.24,-102.48,1825.12
-82.96,-102.48,-19.52,92.72,-34.16,-63.44,53.68,39.04,444.08,351.36,-102.48,1800.72
-73.2,-82.96,-9.76,78.08,-34.16,-48.8,14.64,48.8,448.96,351.36,-97.6,1810.48
-58.56,-78.08,-19.52,68.32,-19.52,-48.8,19.52,58.56,458.72,346.48,-87.84,1810.48
-53.68,-87.84,-34.16,73.2,-9.76,-63.44,63.44,68.32,453.84,346.48,-82.96,1820.24
-58.56,-87.84,-29.28,73.2,-14.64,-58.56,34.16,82.96,458.72,341.6,-82.96,1834.88
-63.44,-97.6,-34.16,82.96,-14.64,-68.32,39.04,92.72,463.6,331.84,-78.08,1825.12
-43.92,-107.36,-63.44,78.08,9.76,-87.84,43.92,92.72,463.6,326.96,-78.08,1844.64
-43.92,-117.12,-73.2,82.96,14.64,-97.6,53.68,102.48,453.84,326.96,-73.2,1844.64
-39.04,-112.24,-73.2,78.08,14.64,-92.72,24.4,92.72,439.2,317.2,-73.2,1795.84
-68.32,-131.76,-63.44,102.48,-4.88,-97.6,39.04,92.72,444.08,292.8,-82.96,1771.44
-78.08,-122,-43.92,102.48,-19.52,-82.96,14.64,112.24,439.2,273.28,-87.84,1751.92
-58.56,-117.12,-58.56,87.84,0,-87.84,19.52,102.48,424.56,268.4,-73.2,1751.92
-68.32,-136.64,-68.32,102.48,0,-102.48,-9.76,82.96,419.68,248.88,-87.84,1717.76
-82.96,-146.4,-63.44,117.12,-9.76,-107.36,-29.28,78.08,405.04,239.12,-92.72,1693.36
-43.92,-146.4,-102.48,97.6,29.28,-126.88,-19.52,102.48,439.2,248.88,-78.08,1698.24
-58.56,-151.28,-92.72,107.36,14.64,-122,4.88,87.84,409.92,224.48,-97.6,1659.2
-43.92,-131.76,-87.84,87.84,19.52,-112.24,34.16,87.84,409.92,214.72,-97.6,1639.68
-4.88,-82.96,-78.08,43.92,34.16,-82.96,39.04,102.48,424.56,229.36,-82.96,1639.68
-24.4,-97.6,-73.2,63.44,24.4,-87.84,29.28,107.36,414.8,214.72,-82.96,1620.16
-19.52,-102.48,-82.96,63.44,29.28,-92.72,19.52,126.88,400.16,204.96,-87.84,1571.36
-58.56,-136.64,-78.08,97.6,9.76,-107.36,9.76,107.36,390.4,185.44,-97.6,1493.28
-73.2,-141.52,-68.32,107.36,-4.88,-107.36,-4.88,97.6,380.64,170.8,-97.6,1449.36
-58.56,-141.52,-82.96,102.48,9.76,-112.24,-9.76,107.36,380.64,170.8,-92.72,1424.96
-34.16,-122,-87.84,78.08,24.4,-107.36,4.88,117.12,380.64,165.92,-87.84,1381.04
-29.28,-126.88,-97.6,78.08,34.16,-112.24,0,117.12,370.88,156.16,-87.84,1322.48
-53.68,-136.64,-82.96,97.6,14.64,-112.24,9.76,112.24,361.12,156.16,-92.72,1293.2
-63.44,-141.52,-78.08,102.48,4.88,-112.24,43.92,122,361.12,146.4,-97.6,1263.92
-58.56,-122,-63.44,92.72,0,-92.72,53.68,112.24,370.88,141.52,-107.36,1220
-48.8,-126.88,-78.08,87.84,14.64,-102.48,19.52,126.88,370.88,141.52,-97.6,1195.6
-48.8,-112.24,-63.44,82.96,4.88,-87.84,24.4,141.52,370.88,136.64,-92.72,1166.32
-43.92,-117.12,-73.2,82.96,14.64,-97.6,43.92,136.64,366,136.64,-92.72,1156.56
-43.92,-122,-78.08,82.96,14.64,-102.48,43.92,136.64,351.36,117.12,-92.72,1122.4
-53.68,-136.64,-82.96,97.6,14.64,-112.24,-9.76,146.4,346.48,107.36,-87.84,1088.24
-58.56,-136.64,-78.08,97.6,9.76,-107.36,0,156.16,346.48,107.36,-97.6,1078.48
-58.56,-151.28,-92.72,107.36,14.64,-122,24.4,156.16,356.24,92.72,-92.72,1083.36
-39.04,-136.64,-97.6,87.84,29.28,-117.12,39.04,175.68,361.12,82.96,-82.96,1068.72
-39.04,-146.4,-107.36,92.72,34.16,-126.88,68.32,180.56,341.6,68.32,-92.72,1078.48
-53.68,-156.16,-102.48,107.36,24.4,-131.76,48.8,200.08,331.84,53.68,-92.72,1098
-43.92,-131.76,-87.84,87.84,19.52,-112.24,48.8,180.56,331.84,43.92,-92.72,1102.88
-63.44,-141.52,-78.08,102.48,4.88,-112.24,48.8,175.68,326.96,29.28,-92.72,1112.64
-92.72,-180.56,-87.84,136.64,-4.88,-136.64,29.28,175.68,336.72,24.4,-87.84,1117.52
-63.44,-161.04,-97.6,112.24,14.64,-131.76,78.08,190.32,341.6,19.52,-92.72,1146.8
-34.16,-131.76,-97.6,82.96,29.28,-117.12,102.48,190.32,331.84,4.88,-87.84,1161.44
-34.16,-87.84,-53.68,63.44,9.76,-73.2,107.36,204.96,331.84,9.76,-73.2,1190.72
-53.68,-97.6,-43.92,78.08,-4.88,-73.2,107.36,209.84,322.08,-9.76,-78.08,1200.48
-63.44,-136.64,-73.2,102.48,4.88,-107.36,58.56,214.72,297.68,-39.04,-97.6,1180.96
-78.08,-161.04,-82.96,122,0,-122,48.8,219.6,287.92,-43.92,-92.72,1205.36
-92.72,-170.8,-78.08,131.76,-9.76,-126.88,48.8,214.72,268.4,-53.68,-92.72,1220
-53.68,-131.76,-78.08,92.72,9.76,-107.36,43.92,239.12,273.28,-53.68,-78.08,1229.76
-48.8,-131.76,-82.96,92.72,14.64,-107.36,78.08,248.88,283.04,-48.8,-73.2,1273.68
-39.04,-122,-82.96,82.96,19.52,-102.48,73.2,244,273.28,-53.68,-63.44,1278.56
-34.16,-107.36,-73.2,73.2,19.52,-92.72,82.96,244,263.52,-53.68,-68.32,1259.04
-29.28,-112.24,-82.96,73.2,24.4,-97.6,146.4,253.76,268.4,-53.68,-63.44,1273.68
-24.4,-117.12,-92.72,73.2,34.16,-107.36,107.36,258.64,263.52,-78.08,-68.32,1273.68
-9.76,-97.6,-87.84,53.68,39.04,-92.72,102.48,253.76,248.88,-87.84,-68.32,1239.52
-24.4,-92.72,-68.32,58.56,19.52,-82.96,78.08,239.12,209.84,-107.36,-82.96,1210.24
-34.16,-92.72,-58.56,63.44,9.76,-78.08,58.56,253.76,204.96,-122,-87.84,1180.96
-39.04,-112.24,-73.2,78.08,14.64,-92.72,43.92,268.4,214.72,-122,-78.08,1180.96
-48.8,-107.36,-58.56,78.08,4.88,-82.96,63.44,253.76,190.32,-136.64,-73.2,1151.68
-53.68,-107.36,-53.68,82.96,0,-82.96,63.44,248.88,185.44,-146.4,-78.08,1107.76
-68.32,-122,-53.68,97.6,-9.76,-87.84,82.96,253.76,185.44,-146.4,-73.2,1078.48
-53.68,-112.24,-58.56,82.96,0,-87.84,58.56,253.76,180.56,-136.64,-63.44,1073.6
-4.88,-78.08,-73.2,43.92,34.16,-78.08,87.84,268.4,195.2,-126.88,-43.92,1049.2
-14.64,-82.96,-68.32,48.8,24.4,-78.08,92.72,263.52,190.32,-141.52,-48.8,1034.56
-34.16,-97.6,-63.44,68.32,14.64,-82.96,92.72,268.4,180.56,-146.4,-48.8,1019.92
-19.52,-92.72,-73.2,58.56,24.4,-82.96,112.24,268.4,161.04,-156.16,-53.68,1010.16
-34.16,-87.84,-53.68,63.44,9.76,-73.2,97.6,248.88,146.4,-175.68,-58.56,1005.28
-68.32,-122,-53.68,97.6,-9.76,-87.84,97.6,253.76,156.16,-185.44,-63.44,1010.16
-63.44,-102.48,-39.04,82.96,-14.64,-73.2,112.24,268.4,156.16,-190.32,-58.56,990.64
-34.16,-48.8,-14.64,43.92,-9.76,-34.16,136.64,283.04,161.04,-180.56,-34.16,1010.16
-29.28,-48.8,-19.52,39.04,-4.88,-34.16,117.12,273.28,175.68,-185.44,-24.4,1000.4
-29.28,-53.68,-24.4,43.92,-4.88,-39.04,73.2,263.52,151.28,-195.2,-39.04,985.76
-34.16,-68.32,-34.16,53.68,0,-53.68,82.96,248.88,136.64,-204.96,-43.92,1000.4
-68.32,-97.6,-29.28,82.96,-19.52,-63.44,117.12,239.12,122,-214.72,-63.44,990.64
-29.28,-53.68,-24.4,43.92,-4.88,-39.04,117.12,239.12,122,-214.72,-53.68,980.88
-4.88,-19.52,-14.64,14.64,4.88,-19.52,82.96,239.12,126.88,-209.84,-39.04,995.52
-14.64,-43.92,-29.28,29.28,4.88,-39.04,68.32,229.36,146.4,-214.72,-39.04,985.76
4.88,-34.16,-39.04,14.64,19.52,-39.04,73.2,224.48,117.12,-229.36,-48.8,971.12
-29.28,-34.16,-4.88,34.16,-14.64,-19.52,82.96,209.84,112.24,-229.36,-34.16,966.24
-19.52,-48.8,-29.28,34.16,4.88,-39.04,53.68,204.96,92.72,-244,-29.28,927.2
-4.88,-39.04,-34.16,24.4,14.64,-39.04,14.64,185.44,92.72,-248.88,-29.28,932.08
-39.04,-58.56,-19.52,48.8,-9.76,-39.04,24.4,180.56,87.84,-244,-24.4,932.08
-39.04,-43.92,-4.88,43.92,-19.52,-24.4,34.16,185.44,97.6,-248.88,-19.52,888.16
-19.52,-24.4,-4.88,24.4,-9.76,-14.64,34.16,195.2,97.6,-244,-19.52,873.52
-14.64,-19.52,-4.88,19.52,-4.88,-14.64,14.64,175.68,78.08,-253.76,-24.4,863.76
9.76,0,-9.76,-4.88,9.76,-4.88,-19.52,170.8,68.32,-253.76,-19.52,839.36
0,-14.64,-14.64,9.76,4.88,-14.64,29.28,180.56,73.2,-248.88,-9.76,829.6
-4.88,-14.64,-9.76,9.76,0,-14.64,-19.52,156.16,53.68,-263.52,-29.28,814.96
-9.76,-19.52,-9.76,14.64,0,-14.64,-43.92,151.28,53.68,-268.4,-19.52,790.56
-24.4,-34.16,-9.76,29.28,-9.76,-24.4,-53.68,146.4,43.92,-273.28,-24.4,751.52
4.88,-9.76,-14.64,4.88,9.76,-14.64,-82.96,141.52,53.68,-273.28,-9.76,727.12
9.76,-9.76,-19.52,0,14.64,-14.64,-68.32,141.52,43.92,-263.52,4.88,707.6
9.76,-19.52,-29.28,4.88,19.52,-24.4,-78.08,131.76,43.92,-273.28,4.88,678.32
0,-43.92,-43.92,24.4,19.52,-43.92,-68.32,117.12,24.4,-278.16,0,673.44
24.4,-4.88,-29.28,-9.76,24.4,-19.52,-73.2,117.12,34.16,-268.4,9.76,668.56
68.32,34.16,-34.16,-48.8,48.8,0,-58.56,122,53.68,-263.52,19.52,624.64
82.96,58.56,-24.4,-68.32,53.68,14.64,-68.32,122,43.92,-253.76,29.28,624.64
48.8,43.92,-4.88,-43.92,24.4,19.52,-92.72,122,48.8,-244,29.28,610
39.04,0,-39.04,-19.52,39.04,-19.52,-107.36,131.76,48.8,-239.12,39.04,590.48
58.56,4.88,-53.68,-29.28,53.68,-24.4,-92.72,136.64,43.92,-234.24,48.8,575.84
48.8,0,-48.8,-24.4,48.8,-24.4,-82.96,117.12,39.04,-239.12,43.92,551.44
48.8,4.88,-43.92,-24.4,43.92,-19.52,-92.72,117.12,39.04,-244,43.92,536.8
53.68,9.76,-43.92,-29.28,48.8,-19.52,-112.24,131.76,34.16,-229.36,58.56,546.56
73.2,34.16,-39.04,-53.68,53.68,-4.88,-92.72,117.12,14.64,-239.12,53.68,522.16
73.2,24.4,-48.8,-48.8,58.56,-14.64,-97.6,107.36,0,-248.88,43.92,483.12
63.44,24.4,-39.04,-43.92,48.8,-9.76,-102.48,112.24,0,-248.88,34.16,458.72
43.92,29.28,-14.64,-34.16,29.28,4.88,-107.36,112.24,0,-248.88,39.04,444.08
68.32,24.4,-43.92,-43.92,53.68,-9.76,-78.08,126.88,24.4,-219.6,53.68,444.08
73.2,19.52,-53.68,-43.92,63.44,-19.52,-24.4,161.04,29.28,-204.96,68.32,424.56
53.68,4.88,-48.8,-29.28,48.8,-24.4,-24.4,131.76,14.64,-214.72,58.56,419.68
48.8,0,-48.8,-24.4,48.8,-24.4,-34.16,122,14.64,-219.6,53.68,400.16
39.04,0,-39.04,-19.52,39.04,-19.52,-29.28,131.76,4.88,-224.48,43.92,380.64
39.04,-4.88,-43.92,-14.64,39.04,-24.4,-29.28,136.64,0,-234.24,48.8,361.12
29.28,-4.88,-34.16,-9.76,29.28,-19.52,-24.4,122,-4.88,-244,39.04,331.84
24.4,0,-24.4,-9.76,24.4,-14.64,-24.4,117.12,-9.76,-253.76,39.04,292.8
34.16,0,-34.16,-14.64,34.16,-19.52,-58.56,117.12,-19.52,-258.64,34.16,253.76
14.64,-9.76,-24.4,0,19.52,-19.52,-43.92,117.12,-39.04,-268.4,34.16,229.36
24.4,-4.88,-29.28,-9.76,24.4,-19.52,-14.64,126.88,-29.28,-263.52,24.4,204.96
43.92,-4.88,-48.8,-19.52,43.92,-29.28,0,126.88,-29.28,-253.76,34.16,200.08
9.76,-39.04,-48.8,14.64,29.28,-43.92,-29.28,112.24,-48.8,-273.28,19.52,151.28
4.88,-34.16,-39.04,14.64,19.52,-39.04,-14.64,102.48,-53.68,-283.04,14.64,117.12
24.4,-19.52,-43.92,0,34.16,-34.16,4.88,107.36,-43.92,-278.16,24.4,112.24
29.28,-14.64,-43.92,-4.88,34.16,-29.28,-29.28,107.36,-39.04,-283.04,24.4,87.84
24.4,-4.88,-29.28,-9.76,24.4,-19.52,-39.04,112.24,-63.44,-287.92,14.64,53.68
24.4,0,-24.4,-9.76,24.4,-14.64,-29.28,117.12,-73.2,-307.44,9.76,9.76
39.04,9.76,-29.28,-24.4,34.16,-9.76,-24.4,102.48,-82.96,-312.32,0,-24.4
9.76,-9.76,-19.52,0,14.64,-14.64,-39.04,112.24,-92.72,-331.84,-14.64,-43.92
-4.88,-43.92,-39.04,24.4,14.64,-43.92,-53.68,102.48,-102.48,-336.72,-19.52,-87.84
-19.52,-63.44,-43.92,43.92,9.76,-53.68,-48.8,97.6,-87.84,-326.96,-4.88,-107.36
-19.52,-73.2,-53.68,48.8,14.64,-63.44,-34.16,107.36,-92.72,-341.6,-9.76,-126.88
14.64,-34.16,-48.8,9.76,29.28,-43.92,0,117.12,-82.96,-341.6,0,-126.88
39.04,-14.64,-53.68,-9.76,43.92,-34.16,0,126.88,-73.2,-326.96,4.88,-122
19.52,-39.04,-58.56,9.76,39.04,-48.8,24.4,122,-73.2,-341.6,9.76,-131.76
4.88,-48.8,-53.68,24.4,29.28,-53.68,29.28,126.88,-73.2,-351.36,4.88,-117.12
-29.28,-68.32,-39.04,48.8,4.88,-53.68,24.4,126.88,-87.84,-366,-19.52,-161.04
-4.88,-48.8,-43.92,29.28,19.52,-48.8,0,136.64,-92.72,-375.76,-19.52,-214.72
14.64,-34.16,-48.8,9.76,29.28,-43.92,-19.52,122,-97.6,-380.64,-24.4,-234.24
4.88,-43.92,-48.8,19.52,24.4,-48.8,4.88,126.88,-82.96,-375.76,-24.4,-248.88
-29.28,-78.08,-48.8,53.68,9.76,-63.44,43.92,117.12,-97.6,-390.4,-24.4,-287.92
-24.4,-73.2,-48.8,48.8,9.76,-63.44,78.08,117.12,-87.84,-375.76,-24.4,-283.04
-14.64,-48.8,-34.16,34.16,9.76,-43.92,4.88,112.24,-87.84,-375.76,-24.4,-317.2
39.04,4.88,-34.16,-19.52,34.16,-14.64,24.4,126.88,-63.44,-351.36,-9.76,-317.2
58.56,4.88,-53.68,-29.28,53.68,-24.4,87.84,146.4,-43.92,-331.84,0,-341.6
24.4,-39.04,-63.44,9.76,43.92,-53.68,102.48,131.76,-68.32,-351.36,-29.28,-419.68
0,-48.8,-48.8,24.4,24.4,-48.8,73.2,136.64,-73.2,-346.48,-39.04,-458.72
-9.76,-58.56,-48.8,34.16,19.52,-53.68,73.2,136.64,-63.44,-341.6,-39.04,-478.24
4.88,-68.32,-73.2,34.16,39.04,-73.2,29.28,136.64,-68.32,-356.24,-43.92,-517.28
0,-63.44,-63.44,34.16,29.28,-63.44,19.52,131.76,-73.2,-361.12,-58.56,-566.08
-29.28,-97.6,-68.32,63.44,19.52,-82.96,19.52,107.36,-82.96,-370.88,-68.32,-639.28
-63.44,-107.36,-43.92,87.84,-9.76,-78.08,14.64,117.12,-63.44,-361.12,-63.44,-678.32
-68.32,-102.48,-34.16,87.84,-19.52,-68.32,0,122,-53.68,-351.36,-48.8,-717.36
-24.4,-53.68,-29.28,39.04,0,-43.92,34.16,141.52,-34.16,-331.84,-34.16,-697.84
9.76,-14.64,-24.4,4.88,14.64,-19.52,92.72,161.04,-19.52,-307.44,-24.4,-702.72
4.88,-9.76,-14.64,4.88,9.76,-14.64,68.32,146.4,-24.4,-302.56,-34.16,-761.28
-4.88,-14.64,-9.76,9.76,0,-14.64,102.48,165.92,-4.88,-292.8,-29.28,-751.52
-4.88,-19.52,-14.64,14.64,4.88,-19.52,87.84,190.32,4.88,-278.16,-24.4,-717.36
-19.52,-48.8,-29.28,34.16,4.88,-39.04,73.2,170.8,14.64,-287.92,-34.16,-722.24
-34.16,-73.2,-39.04,53.68,0,-58.56,107.36,151.28,4.88,-297.68,-43.92,-732
-24.4,-73.2,-48.8,48.8,9.76,-63.44,102.48,156.16,9.76,-287.92,-39.04,-756.4
-9.76,-58.56,-48.8,34.16,19.52,-53.68,112.24,165.92,19.52,-292.8,-34.16,-756.4
-9.76,-58.56,-48.8,34.16,19.52,-53.68,73.2,175.68,29.28,-268.4,-24.4,-766.16
-9.76,-43.92,-34.16,29.28,9.76,-39.04,73.2,161.04,53.68,-253.76,-24.4,-766.16
-34.16,-43.92,-9.76,39.04,-14.64,-29.28,43.92,156.16,48.8,-258.64,-34.16,-766.16
-39.04,-48.8,-9.76,43.92,-14.64,-29.28,78.08,165.92,63.44,-239.12,-29.28,-780.8
-14.64,-43.92,-29.28,29.28,4.88,-39.04,97.6,180.56,58.56,-229.36,-29.28,-790.56
-19.52,-48.8,-29.28,34.16,4.88,-39.04,107.36,180.56,68.32,-224.48,-29.28,-800.32
9.76,-43.92,-53.68,19.52,29.28,-48.8,97.6,190.32,78.08,-204.96,-29.28,-800.32
4.88,-48.8,-53.68,24.4,29.28,-53.68,87.84,200.08,82.96,-200.08,-24.4,-805.2
-24.4,-48.8,-24.4,39.04,0,-39.04,87.84,200.08,97.6,-200.08,-29.28,-824.72
0,-43.92,-43.92,24.4,19.52,-43.92,58.56,175.68,68.32,-214.72,-39.04,-844.24
-9.76,-48.8,-39.04,29.28,14.64,-43.92,53.68,190.32,78.08,-195.2,-29.28,-834.48
-19.52,-48.8,-29.28,34.16,4.88,-39.04,63.44,195.2,87.84,-180.56,-24.4,-878.4
-4.88,-48.8,-43.92,29.28,19.52,-48.8,58.56,195.2,87.84,-175.68,-24.4,-897.92
4.88,-43.92,-48.8,19.52,24.4,-48.8,58.56,195.2,92.72,-165.92,-19.52,-907.68
-24.4,-68.32,-43.92,48.8,9.76,-58.56,39.04,190.32,87.84,-156.16,-24.4,-932.08
-29.28,-58.56,-29.28,43.92,0,-43.92,73.2,209.84,97.6,-156.16,-19.52,-941.84
24.4,-53.68,-78.08,14.64,48.8,-68.32,73.2,185.44,82.96,-161.04,-39.04,-951.6
-14.64,-63.44,-48.8,39.04,14.64,-58.56,48.8,200.08,107.36,-141.52,-19.52,-932.08
-19.52,-48.8,-29.28,34.16,4.88,-39.04,48.8,200.08,117.12,-131.76,-14.64,-941.84
0,-29.28,-29.28,14.64,14.64,-29.28,73.2,200.08,122,-131.76,-14.64,-941.84
43.92,4.88,-39.04,-24.4,39.04,-19.52,126.88,219.6,122,-122,-14.64,-941.84
48.8,4.88,-43.92,-24.4,43.92,-19.52,102.48,204.96,146.4,-107.36,0,-927.2
4.88,-43.92,-48.8,19.52,24.4,-48.8,78.08,200.08,136.64,-112.24,-9.76,-951.6
-9.76,-73.2,-63.44,43.92,24.4,-68.32,78.08,214.72,122,-126.88,-19.52,-966.24
0,-63.44,-63.44,34.16,29.28,-63.44,68.32,190.32,117.12,-117.12,-14.64,-971.12
14.64,-43.92,-58.56,14.64,34.16,-53.68,63.44,175.68,117.12,-117.12,-9.76,-976
4.88,-48.8,-53.68,24.4,29.28,-53.68,82.96,180.56,126.88,-102.48,-4.88,-946.72
19.52,-48.8,-68.32,14.64,43.92,-58.56,68.32,175.68,131.76,-97.6,4.88,-976
39.04,-29.28,-68.32,-4.88,53.68,-48.8,58.56,175.68,131.76,-97.6,9.76,-995.52
43.92,-14.64,-58.56,-14.64,48.8,-39.04,63.44,170.8,141.52,-87.84,9.76,-976
34.16,-9.76,-43.92,-9.76,39.04,-29.28,112.24,161.04,131.76,-87.84,0,-961.36
29.28,-43.92,-73.2,9.76,48.8,-58.56,68.32,156.16,136.64,-102.48,-4.88,-995.52
-4.88,-73.2,-68.32,39.04,29.28,-73.2,68.32,161.04,146.4,-97.6,-4.88,-1015.04
-9.76,-68.32,-58.56,39.04,24.4,-63.44,78.08,161.04,141.52,-102.48,-4.88,-1044.32
0,-58.56,-58.56,29.28,29.28,-58.56,73.2,156.16,136.64,-102.48,-9.76,-1093.12
24.4,-43.92,-68.32,9.76,43.92,-58.56,78.08,151.28,122,-92.72,-4.88,-1112.64
43.92,-19.52,-63.44,-9.76,53.68,-43.92,117.12,170.8,122,-78.08,9.76,-1098
58.56,-29.28,-87.84,-14.64,73.2,-58.56,112.24,170.8,126.88,-82.96,4.88,-1098
39.04,-39.04,-78.08,0,58.56,-58.56,117.12,180.56,122,-92.72,0,-1141.92
29.28,-43.92,-73.2,9.76,48.8,-58.56,112.24,185.44,126.88,-92.72,9.76,-1156.56
24.4,-43.92,-68.32,9.76,43.92,-58.56,92.72,161.04,122,-102.48,-9.76,-1185.84
14.64,-63.44,-78.08,24.4,43.92,-73.2,73.2,141.52,102.48,-112.24,-19.52,-1195.6
4.88,-58.56,-63.44,29.28,34.16,-63.44,73.2,156.16,117.12,-112.24,-4.88,-1185.84
14.64,-39.04,-53.68,14.64,34.16,-48.8,82.96,165.92,136.64,-107.36,-4.88,-1176.08
14.64,-39.04,-53.68,14.64,34.16,-48.8,87.84,161.04,122,-107.36,-9.76,-1195.6
34.16,-24.4,-58.56,-4.88,43.92,-43.92,68.32,161.04,126.88,-102.48,-14.64,-1205.36
14.64,-43.92,-58.56,14.64,34.16,-53.68,68.32,170.8,146.4,-102.48,-4.88,-1200.48
9.76,-78.08,-87.84,34.16,48.8,-82.96,58.56,175.68,156.16,-97.6,4.88,-1176.08
43.92,-58.56,-102.48,9.76,73.2,-82.96,63.44,214.72,190.32,-68.32,34.16,-1161.44
78.08,-19.52,-97.6,-29.28,87.84,-58.56,87.84,331.84,278.16,-34.16,58.56,-1166.32
78.08,-4.88,-82.96,-34.16,78.08,-43.92,126.88,512.4,439.2,43.92,92.72,-1146.8
87.84,19.52,-68.32,-53.68,78.08,-24.4,200.08,761.28,639.28,146.4,141.52,-1117.52
112.24,24.4,-87.84,-68.32,97.6,-34.16,268.4,990.64,819.84,234.24,204.96,-1098
126.88,34.16,-92.72,-78.08,107.36,-29.28,287.92,966.24,795.44,224.48,195.2,-1088.24
122,43.92,-78.08,-82.96,97.6,-19.52,248.88,766.16,600.24,151.28,165.92,-1102.88
92.72,9.76,-82.96,-48.8,87.84,-39.04,180.56,429.44,326.96,53.68,131.76,-1107.76
107.36,0,-107.36,-53.68,107.36,-53.68,63.44,-24.4,-9.76,-63.44,87.84,-1117.52
112.24,-34.16,-146.4,-39.04,126.88,-92.72,-43.92,-463.6,-307.44,-161.04,68.32,-1161.44
136.64,-48.8,-185.44,-43.92,161.04,-117.12,-175.68,-814.96,-546.56,-234.24,58.56,-1176.08
190.32,-19.52,-209.84,-82.96,200.08,-117.12,-331.84,-1117.52,-766.16,-287.92,73.2,-1166.32
268.4,34.16,-234.24,-151.28,248.88,-102.48,-439.2,-1415.2,-1000.4,-322.08,92.72,-1132.16
302.56,68.32,-234.24,-185.44,268.4,-82.96,-541.68,-1703.12,-1205.36,-366,97.6,-1107.76
292.8,87.84,-204.96,-190.32,248.88,-58.56,-649.04,-1971.52,-1395.68,-419.68,117.12,-1083.36
297.68,68.32,-229.36,-180.56,263.52,-82.96,-761.28,-2293.6,-1717.76,-585.6,68.32,-1088.24
283.04,39.04,-244,-161.04,263.52,-102.48,-883.28,-2566.88,-1991.04,-746.64,0,-1078.48
278.16,29.28,-248.88,-151.28,263.52,-112.24,-946.72,-2752.32,-2205.76,-893.04,-48.8,-1117.52
302.56,58.56,-244,-180.56,273.28,-92.72,-1000.4,-2923.12,-2391.2,-1024.8,-82.96,-1132.16
356.24,131.76,-224.48,-244,287.92,-48.8,-1166.32,-3152.48,-2610.8,-1151.68,-92.72,-1132.16
405.04,165.92,-239.12,-283.04,322.08,-39.04,-1366.4,-3367.2,-2766.96,-1210.24,-29.28,-1078.48
448.96,234.24,-214.72,-341.6,331.84,9.76,-1483.52,-3489.2,-2825.52,-1200.48,58.56,-995.52
483.12,331.84,-151.28,-405.04,317.2,87.84,-1600.64,-3552.64,-2825.52,-1161.44,156.16,-907.68
536.8,439.2,-97.6,-488,317.2,170.8,-1688.48,-3562.4,-2791.36,-1083.36,292.8,-795.44
585.6,551.44,-34.16,-566.08,307.44,258.64,-1742.16,-3494.08,-2688.88,-932.08,463.6,-653.92
619.76,668.56,48.8,-644.16,283.04,356.24,-1781.2,-3357.44,-2518.08,-746.64,658.8,-492.88
590.48,790.56,200.08,-688.08,195.2,492.88,-1732.4,-3098.8,-2259.44,-536.8,834.48,-336.72
502.64,897.92,395.28,-697.84,53.68,644.16,-1664.08,-2810.88,-2015.44,-400.16,927.2,-234.24
414.8,932.08,517.28,-673.44,-53.68,722.24,-1590.88,-2581.52,-1893.44,-453.84,834.48,-258.64
292.8,907.68,614.88,-600.24,-161.04,761.28,-1454.24,-2396.08,-1830,-575.84,668.56,-336.72
175.68,844.24,668.56,-507.52,-248.88,756.4,-1337.12,-2191.12,-1747.04,-683.2,531.92,-439.2
87.84,775.92,688.08,-429.44,-302.56,732,-1161.44,-1976.4,-1649.44,-766.16,385.52,-541.68
24.4,746.64,722.24,-385.52,-351.36,732,-1034.56,-1795.84,-1527.44,-805.2,268.4,-663.68
-29.28,727.12,756.4,-346.48,-395.28,741.76,-951.6,-1590.88,-1361.52,-800.32,195.2,-766.16
-92.72,692.96,785.68,-297.68,-439.2,736.88,-829.6,-1361.52,-1195.6,-751.52,151.28,-839.36
-82.96,663.68,746.64,-287.92,-414.8,702.72,-746.64,-1220,-1088.24,-741.76,82.96,-932.08
-78.08,610,688.08,-263.52,-385.52,649.04,-634.4,-1068.72,-966.24,-697.84,53.68,-1019.92
-97.6,575.84,673.44,-239.12,-385.52,624.64,-502.64,-912.56,-805.2,-629.52,48.8,-1088.24
-107.36,536.8,644.16,-214.72,-375.76,590.48,-458.72,-746.64,-688.08,-575.84,34.16,-1146.8
-102.48,507.52,610,-200.08,-356.24,556.32,-356.24,-619.76,-575.84,-531.92,14.64,-1220
-92.72,429.44,522.16,-165.92,-307.44,473.36,-263.52,-497.76,-468.48,-488,0,-1263.92
-63.44,385.52,448.96,-161.04,-258.64,414.8,-229.36,-400.16,-385.52,-463.6,-24.4,-1322.48
-34.16,346.48,380.64,-156.16,-209.84,361.12,-195.2,-312.32,-302.56,-429.44,-14.64,-1361.52
-82.96,239.12,322.08,-78.08,-204.96,278.16,-175.68,-248.88,-248.88,-414.8,-48.8,-1395.68
-97.6,180.56,278.16,-39.04,-190.32,229.36,-156.16,-165.92,-204.96,-409.92,-78.08,-1468.88
-78.08,146.4,224.48,-34.16,-151.28,185.44,-78.08,-107.36,-151.28,-390.4,-87.84,-1546.96
-58.56,122,180.56,-29.28,-122,151.28,-29.28,-53.68,-112.24,-370.88,-92.72,-1590.88
-58.56,73.2,131.76,-4.88,-97.6,102.48,-9.76,24.4,-34.16,-317.2,-63.44,-1615.28
-78.08,14.64,92.72,34.16,-87.84,53.68,19.52,87.84,34.16,-292.8,-63.44,-1639.68
-78.08,-14.64,63.44,48.8,-73.2,24.4,34.16,117.12,48.8,-283.04,-73.2,-1673.84
-14.64,24.4,39.04,-4.88,-29.28,29.28,53.68,161.04,82.96,-253.76,-43.92,-1678.72
-4.88,19.52,24.4,-4.88,-14.64,19.52,78.08,190.32,107.36,-234.24,-39.04,-1668.96
-48.8,-39.04,9.76,43.92,-29.28,-14.64,112.24,200.08,87.84,-229.36,-58.56,-1688.48
-48.8,-68.32,-19.52,58.56,-14.64,-43.92,102.48,209.84,87.84,-244,-78.08,-1722.64
-48.8,-82.96,-34.16,68.32,-9.76,-58.56,82.96,209.84,78.08,-253.76,-82.96,-1781.2
-53.68,-87.84,-34.16,73.2,-9.76,-63.44,102.48,200.08,87.84,-248.88,-87.84,-1800.72
-87.84,-112.24,-24.4,102.48,-34.16,-68.32,131.76,204.96,102.48,-224.48,-82.96,-1834.88
-87.84,-112.24,-24.4,102.48,-34.16,-68.32,136.64,214.72,107.36,-224.48,-78.08,-1869.04
-48.8,-68.32,-19.52,58.56,-14.64,-43.92,131.76,253.76,131.76,-209.84,-68.32,-1893.44
-39.04,-58.56,-19.52,48.8,-9.76,-39.04,175.68,268.4,141.52,-190.32,-63.44,-1903.2
-63.44,-73.2,-9.76,68.32,-29.28,-43.92,185.44,263.52,146.4,-195.2,-68.32,-1927.6
-87.84,-82.96,4.88,87.84,-48.8,-39.04,185.44,263.52,141.52,-204.96,-78.08,-1952
-92.72,-97.6,-4.88,97.6,-43.92,-53.68,165.92,263.52,146.4,-214.72,-82.96,-1981.28
-117.12,-117.12,0,117.12,-58.56,-58.56,175.68,268.4,122,-224.48,-87.84,-2005.68
-141.52,-141.52,0,141.52,-73.2,-73.2,180.56,268.4,97.6,-253.76,-92.72,-2039.84
-126.88,-117.12,9.76,122,-68.32,-53.68,204.96,258.64,87.84,-268.4,-87.84,-2069.12
-82.96,-92.72,-9.76,87.84,-39.04,-53.68,190.32,273.28,92.72,-258.64,-78.08,-2078.88
-97.6,-117.12,-19.52,107.36,-39.04,-68.32,195.2,278.16,92.72,-263.52,-78.08,-2127.68
-78.08,-102.48,-24.4,92.72,-29.28,-63.44,165.92,258.64,63.44,-287.92,-102.48,-2210.64
-53.68,-82.96,-29.28,68.32,-14.64,-58.56,161.04,258.64,68.32,-283.04,-97.6,-2254.56
-87.84,-92.72,-4.88,92.72,-43.92,-48.8,214.72,278.16,87.84,-268.4,-82.96,-2293.6
-107.36,-102.48,4.88,107.36,-58.56,-48.8,268.4,312.32,97.6,-253.76,-78.08,-2332.64
-107.36,-112.24,-4.88,112.24,-53.68,-58.56,244,307.44,68.32,-253.76,-97.6,-2376.56
-92.72,-117.12,-24.4,107.36,-34.16,-73.2,239.12,297.68,48.8,-268.4,-107.36,-2425.36
-107.36,-126.88,-19.52,117.12,-43.92,-73.2,239.12,307.44,68.32,-248.88,-87.84,-2430.24
-126.88,-141.52,-14.64,136.64,-58.56,-78.08,248.88,292.8,63.44,-239.12,-92.72,-2444.88
-131.76,-131.76,0,131.76,-68.32,-68.32,239.12,278.16,53.68,-248.88,-107.36,-2469.28
-126.88,-107.36,19.52,117.12,-73.2,-43.92,200.08,278.16,53.68,-253.76,-107.36,-2479.04
-122,-87.84,34.16,107.36,-78.08,-29.28,180.56,278.16,43.92,-263.52,-117.12,-2493.68
-107.36,-112.24,-4.88,112.24,-53.68,-58.56,165.92,273.28,39.04,-263.52,-117.12,-2503.44
-141.52,-170.8,-29.28,156.16,-58.56,-102.48,219.6,287.92,63.44,-244,-102.48,-2479.04
-146.4,-151.28,-4.88,151.28,-73.2,-78.08,214.72,287.92,78.08,-234.24,-92.72,-2498.56
-117.12,-131.76,-14.64,126.88,-53.68,-73.2,195.2,302.56,87.84,-219.6,-87.84,-2483.92
-102.48,-122,-19.52,112.24,-43.92,-73.2,209.84,302.56,78.08,-219.6,-92.72,-2474.16
-82.96,-102.48,-19.52,92.72,-34.16,-63.44,273.28,302.56,87.84,-214.72,-78.08,-2508.32
-92.72,-92.72,0,92.72,-48.8,-48.8,229.36,307.44,102.48,-209.84,-78.08,-2513.2
-117.12,-117.12,0,117.12,-58.56,-58.56,258.64,302.56,107.36,-219.6,-87.84,-2537.6
-131.76,-126.88,4.88,131.76,-68.32,-63.44,263.52,302.56,102.48,-224.48,-82.96,-2581.52
-156.16,-141.52,14.64,151.28,-87.84,-63.44,229.36,317.2,107.36,-214.72,-78.08,-2644.96
-175.68,-170.8,4.88,175.68,-92.72,-82.96,219.6,317.2,92.72,-229.36,-92.72,-2713.28
-131.76,-136.64,-4.88,136.64,-63.44,-73.2,209.84,336.72,102.48,-219.6,-78.08,-2742.56
-107.36,-107.36,0,107.36,-53.68,-53.68,214.72,351.36,117.12,-219.6,-73.2,-2771.84
-126.88,-122,4.88,126.88,-68.32,-58.56,195.2,346.48,112.24,-214.72,-73.2,-2815.76
-122,-126.88,-4.88,126.88,-58.56,-68.32,214.72,361.12,117.12,-200.08,-63.44,-2845.04
-97.6,-107.36,-9.76,102.48,-43.92,-58.56,224.48,370.88,141.52,-190.32,-53.68,-2859.68
-87.84,-107.36,-19.52,97.6,-34.16,-63.44,244,375.76,151.28,-175.68,-48.8,-2874.32
-107.36,-126.88,-19.52,117.12,-43.92,-73.2,224.48,385.52,136.64,-180.56,-53.68,-2888.96
-107.36,-107.36,0,107.36,-53.68,-53.68,219.6,395.28,141.52,-180.56,-53.68,-2923.12
-112.24,-102.48,9.76,107.36,-63.44,-48.8,248.88,419.68,161.04,-175.68,-48.8,-2932.88
-117.12,-117.12,0,117.12,-58.56,-58.56,219.6,434.32,156.16,-180.56,-58.56,-2952.4
-92.72,-107.36,-14.64,102.48,-39.04,-63.44,200.08,439.2,165.92,-170.8,-43.92,-2967.04
-87.84,-107.36,-19.52,97.6,-34.16,-63.44,239.12,444.08,170.8,-165.92,-39.04,-2991.44
-107.36,-126.88,-19.52,117.12,-43.92,-73.2,224.48,429.44,151.28,-180.56,-53.68,-3045.12
-117.12,-122,-4.88,122,-58.56,-63.44,195.2,444.08,156.16,-170.8,-48.8,-3064.64
-87.84,-97.6,-9.76,92.72,-39.04,-53.68,195.2,458.72,161.04,-156.16,-34.16,-3064.64
-87.84,-97.6,-9.76,92.72,-39.04,-53.68,214.72,453.84,165.92,-156.16,-34.16,-3059.76
-63.44,-82.96,-19.52,73.2,-24.4,-53.68,283.04,453.84,180.56,-141.52,-29.28,-3098.8
-73.2,-97.6,-24.4,87.84,-24.4,-63.44,258.64,453.84,185.44,-136.64,-29.28,-3137.84
-87.84,-107.36,-19.52,97.6,-34.16,-63.44,287.92,463.6,195.2,-126.88,-24.4,-3157.36
-92.72,-112.24,-19.52,102.48,-39.04,-68.32,283.04,468.48,200.08,-97.6,-29.28,-3147.6
-92.72,-122,-29.28,107.36,-34.16,-78.08,258.64,468.48,195.2,-87.84,-24.4,-3196.4
-73.2,-102.48,-29.28,87.84,-24.4,-68.32,268.4,492.88,214.72,-58.56,-9.76,-3201.28
-53.68,-82.96,-29.28,68.32,-14.64,-58.56,273.28,502.64,214.72,-43.92,-9.76,-3225.68
-34.16,-68.32,-34.16,53.68,0,-53.68,283.04,507.52,214.72,-39.04,-14.64,-3269.6
-43.92,-58.56,-14.64,53.68,-14.64,-39.04,283.04,522.16,224.48,-19.52,-4.88,-3240.32
-68.32,-82.96,-14.64,78.08,-29.28,-48.8,278.16,522.16,219.6,-29.28,-19.52,-3289.12
-73.2,-82.96,-9.76,78.08,-34.16,-48.8,258.64,517.28,234.24,-29.28,-24.4,-3318.4
-87.84,-97.6,-9.76,92.72,-39.04,-53.68,283.04,531.92,244,-4.88,-4.88,-3328.16
-102.48,-92.72,9.76,97.6,-58.56,-43.92,268.4,551.44,253.76,14.64,4.88,-3328.16
-68.32,-68.32,0,68.32,-34.16,-34.16,263.52,575.84,283.04,43.92,14.64,-3333.04
-53.68,-73.2,-19.52,63.44,-19.52,-48.8,292.8,575.84,292.8,43.92,19.52,-3342.8
-73.2,-87.84,-14.64,82.96,-29.28,-53.68,297.68,580.72,287.92,34.16,14.64,-3376.96
-87.84,-102.48,-14.64,97.6,-39.04,-58.56,297.68,590.48,297.68,34.16,9.76,-3406.24
-87.84,-102.48,-14.64,97.6,-39.04,-58.56,331.84,570.96,287.92,29.28,14.64,-3440.4
-82.96,-92.72,-9.76,87.84,-39.04,-53.68,312.32,570.96,292.8,24.4,14.64,-3450.16
-48.8,-58.56,-9.76,53.68,-19.52,-34.16,278.16,595.36,297.68,24.4,14.64,-3459.92
-43.92,-48.8,-4.88,48.8,-19.52,-29.28,287.92,605.12,297.68,34.16,24.4,-3513.6
-53.68,-43.92,9.76,48.8,-34.16,-19.52,322.08,610,297.68,39.04,34.16,-3562.4
-53.68,-43.92,9.76,48.8,-34.16,-19.52,356.24,629.52,312.32,53.68,43.92,-3557.52
-48.8,-29.28,19.52,39.04,-34.16,-4.88,331.84,644.16,336.72,53.68,48.8,-3606.32
-43.92,-39.04,4.88,43.92,-24.4,-19.52,302.56,644.16,336.72,73.2,48.8,-3630.72
-68.32,-58.56,9.76,63.44,-39.04,-24.4,317.2,644.16,341.6,68.32,48.8,-3674.64
-78.08,-43.92,34.16,63.44,-58.56,-4.88,331.84,639.28,346.48,68.32,43.92,-3708.8
-87.84,-39.04,48.8,63.44,-68.32,4.88,341.6,639.28,351.36,58.56,43.92,-3742.96
-68.32,-24.4,43.92,48.8,-58.56,9.76,326.96,639.28,331.84,63.44,53.68,-3752.72
-73.2,-19.52,53.68,48.8,-63.44,14.64,385.52,639.28,331.84,68.32,53.68,-3762.48
-78.08,-19.52,58.56,48.8,-68.32,19.52,370.88,629.52,326.96,53.68,39.04,-3796.64
-78.08,-19.52,58.56,48.8,-68.32,19.52,317.2,629.52,322.08,43.92,43.92,-3825.92
-68.32,0,68.32,34.16,-68.32,34.16,322.08,653.92,331.84,58.56,48.8,-3816.16
-73.2,0,73.2,39.04,-73.2,34.16,331.84,653.92,356.24,68.32,58.56,-3777.12
-78.08,-9.76,68.32,43.92,-73.2,29.28,346.48,663.68,361.12,73.2,63.44,-3791.76
-92.72,-19.52,73.2,58.56,-82.96,24.4,351.36,634.4,336.72,63.44,48.8,-3796.64
-97.6,-19.52,78.08,58.56,-87.84,29.28,326.96,644.16,341.6,68.32,53.68,-3762.48
-78.08,4.88,82.96,39.04,-82.96,43.92,361.12,624.64,341.6,68.32,58.56,-3747.84
-82.96,4.88,87.84,39.04,-87.84,43.92,351.36,600.24,326.96,53.68,43.92,-3738.08
-112.24,-14.64,97.6,63.44,-107.36,39.04,307.44,580.72,307.44,34.16,29.28,-3738.08
-122,-19.52,102.48,73.2,-112.24,39.04,273.28,566.08,287.92,19.52,29.28,-3723.44
-102.48,4.88,107.36,48.8,-107.36,53.68,258.64,551.44,268.4,4.88,29.28,-3728.32
-107.36,-14.64,92.72,63.44,-102.48,39.04,253.76,556.32,283.04,4.88,34.16,-3684.4
-117.12,-39.04,78.08,78.08,-97.6,19.52,239.12,546.56,278.16,9.76,43.92,-3660
-87.84,-4.88,82.96,48.8,-87.84,39.04,258.64,551.44,268.4,14.64,63.44,-3640.48
-48.8,34.16,82.96,9.76,-68.32,58.56,326.96,546.56,258.64,24.4,73.2,-3601.44
-78.08,14.64,92.72,34.16,-87.84,53.68,317.2,517.28,244,14.64,68.32,-3557.52
-97.6,0,97.6,48.8,-97.6,48.8,239.12,483.12,209.84,-14.64,53.68,-3538
-87.84,4.88,92.72,43.92,-92.72,48.8,204.96,473.36,200.08,-19.52,53.68,-3494.08
-63.44,24.4,87.84,19.52,-78.08,53.68,204.96,463.6,185.44,-34.16,58.56,-3498.96
-53.68,24.4,78.08,14.64,-68.32,48.8,209.84,448.96,165.92,-53.68,48.8,-3464.8
-48.8,19.52,68.32,14.64,-58.56,43.92,195.2,434.32,146.4,-68.32,48.8,-3464.8
-39.04,9.76,48.8,14.64,-43.92,29.28,165.92,424.56,126.88,-92.72,48.8,-3464.8
-48.8,0,48.8,24.4,-48.8,24.4,161.04,409.92,151.28,-92.72,48.8,-3435.52
-58.56,-14.64,43.92,39.04,-53.68,14.64,151.28,380.64,107.36,-117.12,34.16,-3406.24
-63.44,-14.64,48.8,39.04,-58.56,14.64,170.8,375.76,87.84,-122,43.92,-3372.08
-73.2,-24.4,48.8,48.8,-63.44,9.76,161.04,370.88,53.68,-131.76,29.28,-3362.32
-78.08,-24.4,53.68,53.68,-68.32,14.64,190.32,370.88,39.04,-151.28,24.4,-3337.92
-39.04,-4.88,34.16,24.4,-39.04,14.64,200.08,351.36,34.16,-161.04,29.28,-3298.88
-43.92,-19.52,24.4,34.16,-34.16,0,165.92,346.48,29.28,-165.92,24.4,-3254.96
-58.56,-34.16,24.4,48.8,-43.92,-4.88,131.76,336.72,9.76,-175.68,29.28,-3225.68
-48.8,-43.92,4.88,48.8,-29.28,-19.52,122,317.2,4.88,-195.2,29.28,-3191.52
-63.44,-58.56,4.88,63.44,-34.16,-29.28,126.88,302.56,-19.52,-214.72,14.64,-3176.88
-43.92,-43.92,0,43.92,-24.4,-24.4,126.88,292.8,-53.68,-234.24,4.88,-3132.96
-24.4,-19.52,4.88,24.4,-14.64,-9.76,131.76,292.8,-63.44,-244,4.88,-3089.04
-53.68,-34.16,19.52,43.92,-39.04,-9.76,136.64,297.68,-68.32,-248.88,19.52,-3069.52
-58.56,-53.68,4.88,58.56,-34.16,-24.4,122,273.28,-78.08,-258.64,4.88,-3054.88
-48.8,-58.56,-9.76,53.68,-19.52,-34.16,82.96,263.52,-92.72,-273.28,-9.76,-3040.24
-58.56,-82.96,-24.4,73.2,-19.52,-53.68,68.32,248.88,-122,-297.68,-14.64,-3020.72
-112.24,-82.96,29.28,97.6,-73.2,-29.28,107.36,273.28,-107.36,-283.04,0,-2932.88
-63.44,-73.2,-9.76,68.32,-29.28,-43.92,102.48,248.88,-126.88,-297.68,-4.88,-2898.72
-9.76,-29.28,-19.52,19.52,4.88,-24.4,87.84,258.64,-122,-302.56,9.76,-2864.56
-24.4,-34.16,-9.76,29.28,-9.76,-24.4,92.72,278.16,-112.24,-302.56,4.88,-2835.28
-53.68,-53.68,0,53.68,-29.28,-29.28,107.36,258.64,-117.12,-322.08,0,-2815.76
-53.68,-43.92,9.76,48.8,-34.16,-19.52,107.36,234.24,-126.88,-341.6,-4.88,-2781.6
-48.8,-24.4,24.4,39.04,-39.04,0,117.12,234.24,-146.4,-346.48,-24.4,-2762.08
-58.56,-29.28,29.28,43.92,-43.92,0,68.32,248.88,-156.16,-356.24,-24.4,-2757.2
-82.96,-58.56,24.4,73.2,-53.68,-19.52,112.24,229.36,-156.16,-351.36,-19.52,-2723.04
-97.6,-82.96,14.64,92.72,-58.56,-34.16,87.84,209.84,-170.8,-356.24,-9.76,-2684
-107.36,-117.12,-9.76,112.24,-48.8,-63.44,97.6,219.6,-161.04,-346.48,-4.88,-2640.08
-82.96,-87.84,-4.88,87.84,-39.04,-48.8,146.4,209.84,-165.92,-346.48,-19.52,-2596.16
-43.92,-53.68,-9.76,48.8,-19.52,-34.16,170.8,224.48,-156.16,-341.6,-4.88,-2547.36
-43.92,-53.68,-9.76,48.8,-19.52,-34.16,136.64,229.36,-146.4,-322.08,-4.88,-2498.56
-58.56,-53.68,4.88,58.56,-34.16,-24.4,175.68,219.6,-151.28,-326.96,-14.64,-2454.64
-68.32,-73.2,-4.88,73.2,-34.16,-39.04,126.88,200.08,-151.28,-341.6,-24.4,-2440
-39.04,-58.56,-19.52,48.8,-9.76,-39.04,107.36,214.72,-156.16,-336.72,-19.52,-2381.44
-24.4,-53.68,-29.28,39.04,0,-43.92,107.36,234.24,-175.68,-346.48,-4.88,-2327.76
-29.28,-58.56,-29.28,43.92,0,-43.92,112.24,209.84,-180.56,-351.36,-4.88,-2269.2
-43.92,-68.32,-24.4,58.56,-9.76,-48.8,102.48,190.32,-185.44,-356.24,-19.52,-2235.04
-39.04,-73.2,-34.16,58.56,-4.88,-53.68,141.52,195.2,-180.56,-366,-24.4,-2225.28
-29.28,-58.56,-29.28,43.92,0,-43.92,151.28,204.96,-165.92,-370.88,-19.52,-2161.84
-43.92,-82.96,-39.04,63.44,-4.88,-63.44,117.12,214.72,-175.68,-366,-19.52,-2103.28
-24.4,-58.56,-34.16,43.92,4.88,-48.8,136.64,214.72,-165.92,-361.12,-19.52,-2069.12
-29.28,-63.44,-34.16,48.8,0,-48.8,146.4,204.96,-151.28,-346.48,-19.52,-2025.2
-19.52,-39.04,-19.52,29.28,0,-29.28,146.4,200.08,-156.16,-361.12,-24.4,-2005.68
-19.52,-19.52,0,19.52,-9.76,-9.76,170.8,204.96,-156.16,-361.12,-24.4,-1942.24
-43.92,-48.8,-4.88,48.8,-19.52,-29.28,156.16,195.2,-156.16,-351.36,-19.52,-1917.84
-48.8,-53.68,-4.88,53.68,-24.4,-29.28,141.52,195.2,-156.16,-346.48,-14.64,-1888.56
-63.44,-68.32,-4.88,68.32,-29.28,-39.04,126.88,195.2,-156.16,-346.48,-14.64,-1844.64
-29.28,-34.16,-4.88,34.16,-14.64,-19.52,102.48,204.96,-165.92,-346.48,-14.64,-1834.88
-19.52,-24.4,-4.88,24.4,-9.76,-14.64,156.16,209.84,-165.92,-351.36,-9.76,-1815.36
-34.16,-48.8,-14.64,43.92,-9.76,-34.16,146.4,200.08,-170.8,-351.36,-14.64,-1820.24
-29.28,-68.32,-39.04,48.8,4.88,-53.68,141.52,190.32,-156.16,-341.6,-9.76,-1800.72
-29.28,-63.44,-34.16,48.8,0,-48.8,136.64,190.32,-151.28,-331.84,-4.88,-1751.92
-34.16,-53.68,-19.52,43.92,-9.76,-39.04,165.92,190.32,-156.16,-322.08,-4.88,-1727.52
-14.64,-48.8,-34.16,34.16,9.76,-43.92,146.4,185.44,-161.04,-326.96,-9.76,-1727.52
-19.52,-48.8,-29.28,34.16,4.88,-39.04,161.04,170.8,-156.16,-317.2,-9.76,-1688.48
-29.28,-43.92,-14.64,39.04,-9.76,-29.28,146.4,175.68,-146.4,-317.2,-4.88,-1654.32
-39.04,-53.68,-14.64,48.8,-14.64,-34.16,131.76,175.68,-165.92,-331.84,-9.76,-1644.56
-24.4,-43.92,-19.52,34.16,-4.88,-34.16,141.52,151.28,-180.56,-336.72,-14.64,-1629.92
-39.04,-63.44,-24.4,53.68,-9.76,-43.92,151.28,136.64,-175.68,-341.6,-14.64,-1654.32
-53.68,-87.84,-34.16,73.2,-9.76,-63.44,112.24,126.88,-195.2,-351.36,-24.4,-1664.08
-53.68,-82.96,-29.28,68.32,-14.64,-58.56,92.72,126.88,-200.08,-346.48,-24.4,-1644.56
-34.16,-48.8,-14.64,43.92,-9.76,-34.16,102.48,126.88,-195.2,-336.72,-14.64,-1615.28
-39.04,-48.8,-9.76,43.92,-14.64,-29.28,107.36,131.76,-180.56,-331.84,-9.76,-1566.48
-68.32,-82.96,-14.64,78.08,-29.28,-48.8,122,126.88,-165.92,-331.84,-19.52,-1556.72
-82.96,-92.72,-9.76,87.84,-39.04,-53.68,131.76,126.88,-165.92,-326.96,-19.52,-1537.2
-39.04,-48.8,-9.76,43.92,-14.64,-29.28,146.4,146.4,-165.92,-312.32,-4.88,-1517.68
14.64,4.88,-9.76,-9.76,9.76,-4.88,165.92,146.4,-165.92,-302.56,9.76,-1498.16
-9.76,-24.4,-14.64,19.52,0,-19.52,156.16,126.88,-185.44,-312.32,-4.88,-1498.16
-34.16,-53.68,-19.52,43.92,-9.76,-39.04,112.24,102.48,-204.96,-336.72,-24.4,-1483.52
-43.92,-58.56,-14.64,53.68,-14.64,-39.04,165.92,122,-195.2,-336.72,-14.64,-1483.52
-43.92,-48.8,-4.88,48.8,-19.52,-29.28,136.64,180.56,-165.92,-326.96,-4.88,-1468.88
-43.92,-34.16,9.76,39.04,-29.28,-14.64,112.24,229.36,-161.04,-326.96,9.76,-1444.48
-29.28,-43.92,-14.64,39.04,-9.76,-29.28,112.24,229.36,-170.8,-336.72,-4.88,-1444.48
-29.28,-58.56,-29.28,43.92,0,-43.92,131.76,244,-170.8,-331.84,-4.88,-1415.2
-19.52,-48.8,-29.28,34.16,4.88,-39.04,165.92,292.8,-156.16,-326.96,0,-1415.2
4.88,-19.52,-24.4,9.76,14.64,-24.4,141.52,322.08,-161.04,-322.08,4.88,-1410.32
-4.88,-34.16,-29.28,19.52,9.76,-34.16,126.88,341.6,-156.16,-322.08,-4.88,-1385.92
-39.04,-63.44,-24.4,53.68,-9.76,-43.92,136.64,336.72,-156.16,-331.84,-14.64,-1366.4
-53.68,-87.84,-34.16,73.2,-9.76,-63.44,175.68,331.84,-156.16,-336.72,-4.88,-1385.92
-73.2,-107.36,-34.16,92.72,-19.52,-73.2,126.88,283.04,-185.44,-351.36,-9.76,-1410.32
-63.44,-112.24,-48.8,87.84,-9.76,-82.96,117.12,229.36,-185.44,-361.12,-14.64,-1424.96
-19.52,-58.56,-39.04,39.04,9.76,-48.8,146.4,200.08,-165.92,-346.48,4.88,-1400.56
0,-29.28,-29.28,14.64,14.64,-29.28,97.6,200.08,-175.68,-351.36,-4.88,-1420.08
-24.4,-78.08,-53.68,53.68,14.64,-68.32,82.96,185.44,-170.8,-351.36,4.88,-1420.08
-24.4,-87.84,-63.44,58.56,19.52,-78.08,97.6,151.28,-180.56,-351.36,-14.64,-1439.6
-48.8,-107.36,-58.56,78.08,4.88,-82.96,141.52,141.52,-180.56,-361.12,-19.52,-1459.12
-39.04,-87.84,-48.8,63.44,4.88,-68.32,136.64,165.92,-165.92,-351.36,-9.76,-1434.72
0,-43.92,-43.92,24.4,19.52,-43.92,126.88,161.04,-156.16,-351.36,-4.88,-1444.48
9.76,-34.16,-43.92,14.64,24.4,-39.04,151.28,161.04,-156.16,-346.48,0,-1449.36
9.76,-39.04,-48.8,14.64,29.28,-43.92,170.8,180.56,-131.76,-331.84,9.76,-1439.6
34.16,-14.64,-48.8,-9.76,39.04,-34.16,170.8,204.96,-107.36,-322.08,19.52,-1459.12
39.04,-34.16,-73.2,0,53.68,-53.68,126.88,209.84,-97.6,-312.32,24.4,-1464
9.76,-63.44,-73.2,29.28,39.04,-68.32,107.36,244,-68.32,-307.44,34.16,-1473.76
19.52,-53.68,-73.2,19.52,43.92,-63.44,122,346.48,-4.88,-283.04,53.68,-1483.52
58.56,-29.28,-87.84,-14.64,73.2,-58.56,180.56,517.28,112.24,-224.48,82.96,-1478.64
87.84,4.88,-82.96,-43.92,82.96,-39.04,253.76,732,302.56,-136.64,141.52,-1468.88
102.48,9.76,-92.72,-53.68,97.6,-43.92,346.48,985.76,517.28,-24.4,204.96,-1415.2
107.36,24.4,-82.96,-63.44,92.72,-29.28,312.32,1034.56,556.32,0,209.84,-1420.08
97.6,24.4,-73.2,-58.56,82.96,-24.4,278.16,868.64,405.04,-53.68,190.32,-1454.24
87.84,14.64,-73.2,-48.8,78.08,-29.28,253.76,570.96,180.56,-126.88,175.68,-1434.72
97.6,14.64,-82.96,-53.68,87.84,-34.16,156.16,146.4,-126.88,-219.6,146.4,-1454.24
107.36,9.76,-97.6,-58.56,102.48,-43.92,29.28,-292.8,-424.56,-317.2,122,-1459.12
151.28,34.16,-117.12,-92.72,131.76,-43.92,-78.08,-644.16,-678.32,-385.52,126.88,-1449.36
161.04,14.64,-146.4,-87.84,151.28,-68.32,-185.44,-976,-941.84,-458.72,122,-1449.36
204.96,19.52,-185.44,-112.24,195.2,-82.96,-326.96,-1332.24,-1171.2,-527.04,117.12,-1429.84
224.48,34.16,-190.32,-126.88,204.96,-78.08,-478.24,-1659.2,-1405.44,-595.36,117.12,-1405.44
229.36,43.92,-185.44,-136.64,204.96,-73.2,-590.48,-1903.2,-1610.4,-653.92,122,-1361.52
263.52,58.56,-204.96,-161.04,234.24,-73.2,-692.96,-2205.76,-1883.68,-766.16,107.36,-1356.64
292.8,48.8,-244,-170.8,268.4,-97.6,-849.12,-2527.84,-2186.24,-936.96,43.92,-1356.64
273.28,39.04,-234.24,-156.16,253.76,-97.6,-922.32,-2757.2,-2425.36,-1093.12,-9.76,-1356.64
292.8,43.92,-248.88,-165.92,268.4,-102.48,-990.64,-2937.76,-2649.84,-1229.76,-58.56,-1332.24
322.08,68.32,-253.76,-195.2,287.92,-92.72,-1068.72,-3132.96,-2830.4,-1342,-68.32,-1288.32
375.76,112.24,-263.52,-244,317.2,-78.08,-1185.84,-3318.4,-3001.2,-1434.72,-43.92,-1205.36
439.2,175.68,-263.52,-307.44,351.36,-43.92,-1366.4,-3445.28,-3103.68,-1459.12,29.28,-1102.88
473.36,239.12,-234.24,-356.24,351.36,0,-1478.64,-3538,-3137.84,-1434.72,136.64,-1000.4
512.4,326.96,-185.44,-419.68,346.48,68.32,-1600.64,-3596.56,-3113.44,-1361.52,263.52,-858.88
551.44,444.08,-107.36,-497.76,326.96,165.92,-1678.72,-3552.64,-3020.72,-1234.64,429.44,-702.72
624.64,605.12,-19.52,-614.88,322.08,292.8,-1756.8,-3464.8,-2874.32,-1073.6,624.64,-512.4
678.32,722.24,43.92,-697.84,317.2,380.64,-1781.2,-3274.48,-2669.36,-873.52,834.48,-292.8
653.92,819.84,165.92,-736.88,244,492.88,-1708,-3001.2,-2391.2,-658.8,1019.92,-112.24
531.92,907.68,375.76,-717.36,78.08,639.28,-1615.28,-2732.8,-2147.2,-522.16,1117.52,34.16
434.32,907.68,473.36,-668.56,-19.52,688.08,-1512.8,-2542.48,-2059.36,-600.24,1000.4,58.56
278.16,854,575.84,-566.08,-151.28,712.48,-1385.92,-2322.88,-1991.04,-766.16,805.2,-29.28
151.28,800.32,649.04,-473.36,-248.88,722.24,-1220,-2142.32,-1922.72,-897.92,629.52,-131.76
102.48,761.28,658.8,-429.44,-278.16,707.6,-1102.88,-1956.88,-1864.16,-1010.16,468.48,-219.6
29.28,732,702.72,-380.64,-336.72,717.36,-980.88,-1781.2,-1761.68,-1073.6,341.6,-307.44
-63.44,692.96,756.4,-312.32,-409.92,722.24,-829.6,-1561.6,-1620.16,-1093.12,244,-400.16
-131.76,639.28,771.04,-253.76,-453.84,702.72,-697.84,-1366.4,-1488.4,-1093.12,170.8,-488
-161.04,585.6,746.64,-209.84,-453.84,663.68,-624.64,-1254.16,-1376.16,-1088.24,102.48,-595.36
-151.28,541.68,692.96,-195.2,-424.56,614.88,-580.72,-1107.76,-1278.56,-1083.36,58.56,-678.32
-161.04,507.52,668.56,-170.8,-414.8,585.6,-463.6,-922.32,-1146.8,-1029.68,43.92,-751.52
-136.64,512.4,649.04,-185.44,-395.28,580.72,-356.24,-702.72,-1000.4,-966.24,39.04,-819.84
-112.24,483.12,595.36,-185.44,-356.24,536.8,-287.92,-468.48,-868.64,-912.56,34.16,-883.28
-136.64,400.16,536.8,-131.76,-336.72,468.48,-209.84,-312.32,-771.04,-868.64,24.4,-966.24
-151.28,331.84,483.12,-87.84,-317.2,405.04,-112.24,-239.12,-717.36,-858.88,-4.88,-1054.08
-170.8,248.88,419.68,-39.04,-297.68,331.84,-53.68,-224.48,-644.16,-849.12,-19.52,-1122.4
-185.44,165.92,351.36,9.76,-268.4,258.64,-58.56,-200.08,-600.24,-844.24,-48.8,-1190.72
-175.68,117.12,292.8,29.28,-234.24,204.96,-24.4,-161.04,-561.2,-849.12,-73.2,-1337.12
-151.28,126.88,278.16,14.64,-214.72,200.08,29.28,-102.48,-507.52,-834.48,-73.2,-1468.88
-161.04,73.2,234.24,43.92,-200.08,151.28,68.32,-43.92,-444.08,-814.96,-82.96,-1546.96
-146.4,43.92,190.32,53.68,-170.8,117.12,136.64,9.76,-395.28,-795.44,-78.08,-1625.04
-146.4,19.52,165.92,63.44,-156.16,92.72,122,63.44,-346.48,-761.28,-58.56,-1698.24
-136.64,-4.88,131.76,73.2,-136.64,63.44,146.4,112.24,-317.2,-732,-53.68,-1751.92
-126.88,-39.04,87.84,82.96,-107.36,24.4,141.52,141.52,-287.92,-736.88,-58.56,-1786.08
-126.88,-58.56,68.32,92.72,-97.6,4.88,165.92,180.56,-258.64,-702.72,-53.68,-1800.72
-146.4,-73.2,73.2,112.24,-112.24,0,175.68,175.68,-248.88,-697.84,-58.56,-1820.24
-156.16,-78.08,78.08,117.12,-117.12,0,195.2,185.44,-239.12,-697.84,-58.56,-1830
-146.4,-78.08,68.32,112.24,-107.36,-4.88,200.08,180.56,-234.24,-697.84,-63.44,-1810.48
-131.76,-78.08,53.68,107.36,-92.72,-14.64,185.44,185.44,-224.48,-702.72,-63.44,-1839.76
-112.24,-68.32,43.92,92.72,-78.08,-14.64,214.72,204.96,-224.48,-707.6,-63.44,-1834.88
-126.88,-92.72,34.16,112.24,-82.96,-29.28,234.24,219.6,-204.96,-692.96,-53.68,-1834.88
-146.4,-112.24,34.16,131.76,-92.72,-39.04,190.32,195.2,-219.6,-712.48,-63.44,-1844.64
-131.76,-102.48,29.28,117.12,-82.96,-39.04,204.96,204.96,-200.08,-717.36,-68.32,-1815.36
-112.24,-87.84,24.4,102.48,-68.32,-34.16,224.48,214.72,-190.32,-727.12,-58.56,-1820.24
-117.12,-92.72,24.4,107.36,-73.2,-34.16,204.96,209.84,-214.72,-741.76,-68.32,-1815.36
-122,-92.72,29.28,107.36,-78.08,-34.16,258.64,224.48,-219.6,-756.4,-68.32,-1795.84
-151.28,-102.48,48.8,126.88,-102.48,-29.28,229.36,234.24,-204.96,-766.16,-58.56,-1786.08
-165.92,-131.76,34.16,151.28,-102.48,-48.8,239.12,244,-209.84,-775.92,-53.68,-1776.32
-151.28,-117.12,34.16,136.64,-92.72,-43.92,229.36,229.36,-229.36,-790.56,-63.44,-1747.04
-151.28,-97.6,53.68,126.88,-102.48,-24.4,209.84,229.36,-229.36,-810.08,-68.32,-1800.72
-136.64,-117.12,19.52,126.88,-78.08,-48.8,224.48,268.4,-209.84,-800.32,-43.92,-1854.4
-131.76,-126.88,4.88,131.76,-68.32,-63.44,209.84,253.76,-214.72,-810.08,-53.68,-1908.08
-136.64,-126.88,9.76,131.76,-73.2,-58.56,239.12,239.12,-229.36,-819.84,-63.44,-1937.36
-126.88,-97.6,29.28,112.24,-78.08,-34.16,258.64,258.64,-229.36,-795.44,-53.68,-1927.6
-136.64,-102.48,34.16,122,-87.84,-34.16,253.76,258.64,-229.36,-790.56,-58.56,-1932.48
-141.52,-126.88,14.64,136.64,-78.08,-58.56,268.4,268.4,-234.24,-795.44,-63.44,-1908.08
-136.64,-112.24,24.4,126.88,-82.96,-43.92,278.16,278.16,-224.48,-800.32,-63.44,-1854.4
-126.88,-82.96,43.92,107.36,-87.84,-19.52,248.88,278.16,-224.48,-810.08,-68.32,-1815.36
-131.76,-73.2,58.56,102.48,-97.6,-9.76,263.52,287.92,-214.72,-805.2,-63.44,-1771.44
-117.12,-63.44,53.68,92.72,-87.84,-4.88,283.04,302.56,-200.08,-795.44,-43.92,-1712.88
-102.48,-68.32,34.16,87.84,-68.32,-19.52,253.76,322.08,-190.32,-795.44,-43.92,-1644.56
-117.12,-82.96,34.16,102.48,-78.08,-24.4,268.4,326.96,-180.56,-785.68,-39.04,-1586
-131.76,-112.24,19.52,122,-78.08,-48.8,229.36,322.08,-175.68,-795.44,-43.92,-1542.08
-141.52,-107.36,34.16,126.88,-87.84,-39.04,234.24,302.56,-180.56,-814.96,-58.56,-1498.16
-136.64,-112.24,24.4,126.88,-82.96,-43.92,239.12,326.96,-180.56,-795.44,-43.92,-1429.84
-141.52,-122,19.52,131.76,-82.96,-53.68,229.36,326.96,-165.92,-800.32,-39.04,-1351.76
-151.28,-102.48,48.8,126.88,-102.48,-29.28,209.84,326.96,-180.56,-819.84,-48.8,-1327.36
-165.92,-126.88,39.04,146.4,-102.48,-43.92,209.84,326.96,-185.44,-829.6,-63.44,-1268.8
-165.92,-136.64,29.28,151.28,-97.6,-53.68,248.88,312.32,-195.2,-834.48,-63.44,-1224.88
-122,-97.6,24.4,112.24,-73.2,-39.04,263.52,331.84,-175.68,-829.6,-53.68,-1171.2
-146.4,-112.24,34.16,131.76,-92.72,-39.04,278.16,341.6,-165.92,-829.6,-53.68,-1127.28
-146.4,-112.24,34.16,131.76,-92.72,-39.04,263.52,351.36,-161.04,-829.6,-53.68,-1102.88
-156.16,-126.88,29.28,141.52,-92.72,-48.8,287.92,356.24,-151.28,-829.6,-53.68,-1068.72
-180.56,-136.64,43.92,161.04,-112.24,-48.8,253.76,366,-146.4,-834.48,-53.68,-1029.68
-156.16,-112.24,43.92,136.64,-102.48,-34.16,263.52,366,-141.52,-810.08,-43.92,-990.64
-165.92,-126.88,39.04,146.4,-102.48,-43.92,297.68,351.36,-151.28,-824.72,-53.68,-956.48
-156.16,-107.36,48.8,131.76,-102.48,-29.28,273.28,346.48,-165.92,-829.6,-53.68,-936.96
-141.52,-82.96,58.56,112.24,-102.48,-14.64,263.52,351.36,-146.4,-824.72,-43.92,-907.68
-161.04,-97.6,63.44,131.76,-112.24,-19.52,283.04,351.36,-151.28,-829.6,-48.8,-883.28
-170.8,-112.24,58.56,141.52,-117.12,-29.28,297.68,385.52,-141.52,-829.6,-53.68,-854
-156.16,-97.6,58.56,126.88,-107.36,-19.52,287.92,390.4,-131.76,-810.08,-43.92,-795.44
-126.88,-63.44,63.44,97.6,-97.6,0,307.44,400.16,-102.48,-800.32,-24.4,-775.92
-117.12,-58.56,58.56,87.84,-87.84,0,317.2,405.04,-87.84,-790.56,-19.52,-746.64
-136.64,-68.32,68.32,102.48,-102.48,0,317.2,405.04,-97.6,-795.44,-29.28,-712.48
-165.92,-92.72,73.2,131.76,-122,-9.76,326.96,405.04,-92.72,-805.2,-39.04,-702.72
-185.44,-107.36,78.08,146.4,-131.76,-14.64,283.04,395.28,-82.96,-810.08,-39.04,-678.32
-185.44,-112.24,73.2,151.28,-131.76,-19.52,297.68,409.92,-97.6,-810.08,-29.28,-663.68
-170.8,-92.72,78.08,131.76,-126.88,-9.76,292.8,409.92,-107.36,-814.96,-24.4,-658.8
-175.68,-102.48,73.2,141.52,-126.88,-14.64,283.04,414.8,-92.72,-810.08,-29.28,-629.52
-156.16,-78.08,78.08,117.12,-117.12,0,312.32,434.32,-78.08,-810.08,-19.52,-634.4
-136.64,-63.44,73.2,102.48,-107.36,4.88,317.2,463.6,-58.56,-795.44,-14.64,-614.88
-146.4,-82.96,63.44,117.12,-107.36,-9.76,336.72,463.6,-39.04,-800.32,-14.64,-619.76
-146.4,-82.96,63.44,117.12,-107.36,-9.76,361.12,483.12,-29.28,-800.32,-14.64,-605.12
-156.16,-82.96,73.2,122,-117.12,-4.88,361.12,483.12,-24.4,-785.68,-9.76,-624.64
-185.44,-97.6,87.84,141.52,-136.64,-4.88,336.72,488,-19.52,-780.8,-4.88,-600.24
-195.2,-97.6,97.6,146.4,-146.4,0,341.6,497.76,-9.76,-785.68,0,-619.76
-195.2,-97.6,97.6,146.4,-146.4,0,370.88,507.52,-9.76,-785.68,-4.88,-653.92
-170.8,-63.44,107.36,117.12,-141.52,19.52,361.12,507.52,-19.52,-790.56,0,-663.68
-175.68,-68.32,107.36,122,-141.52,19.52,336.72,507.52,-9.76,-790.56,-4.88,-668.56
-175.68,-73.2,102.48,126.88,-141.52,14.64,341.6,517.28,0,-790.56,-9.76,-697.84
-190.32,-92.72,97.6,141.52,-146.4,0,351.36,531.92,0,-790.56,-4.88,-712.48
-185.44,-82.96,102.48,136.64,-146.4,9.76,409.92,541.68,19.52,-775.92,4.88,-692.96
-161.04,-58.56,102.48,112.24,-131.76,19.52,380.64,561.2,48.8,-761.28,24.4,-653.92
-165.92,-48.8,117.12,107.36,-141.52,34.16,400.16,566.08,48.8,-751.52,24.4,-649.04
-170.8,-53.68,117.12,112.24,-146.4,29.28,434.32,570.96,58.56,-732,29.28,-634.4
-175.68,-43.92,131.76,112.24,-156.16,43.92,419.68,570.96,68.32,-736.88,34.16,-614.88
-161.04,-24.4,136.64,92.72,-151.28,53.68,395.28,575.84,63.44,-732,29.28,-585.6
-112.24,-14.64,97.6,63.44,-107.36,39.04,361.12,556.32,43.92,-751.52,24.4,-605.12
-102.48,-19.52,82.96,63.44,-92.72,29.28,356.24,561.2,48.8,-746.64,24.4,-556.32
-170.8,-24.4,146.4,97.6,-161.04,58.56,375.76,580.72,78.08,-727.12,43.92,-556.32
-165.92,-43.92,122,107.36,-146.4,39.04,375.76,590.48,82.96,-736.88,39.04,-551.44
-170.8,-43.92,126.88,107.36,-151.28,39.04,380.64,575.84,82.96,-727.12,43.92,-517.28
-195.2,-58.56,136.64,126.88,-165.92,39.04,390.4,585.6,107.36,-712.48,53.68,-488
-190.32,-48.8,141.52,122,-165.92,43.92,375.76,590.48,117.12,-712.48,58.56,-478.24
-180.56,-34.16,146.4,107.36,-165.92,53.68,366,590.48,122,-688.08,63.44,-434.32
-175.68,-14.64,161.04,97.6,-170.8,73.2,380.64,590.48,122,-688.08,63.44,-409.92
-156.16,-9.76,146.4,82.96,-151.28,68.32,414.8,595.36,102.48,-697.84,63.44,-390.4
-156.16,-9.76,146.4,82.96,-151.28,68.32,385.52,575.84,102.48,-692.96,53.68,-346.48
-190.32,-34.16,156.16,112.24,-175.68,58.56,385.52,570.96,102.48,-688.08,53.68,-356.24
-175.68,-29.28,146.4,102.48,-161.04,58.56,385.52,570.96,112.24,-683.2,63.44,-351.36
-175.68,-19.52,156.16,97.6,-165.92,68.32,385.52,570.96,122,-673.44,63.44,-317.2
-170.8,-24.4,146.4,97.6,-161.04,58.56,370.88,575.84,126.88,-673.44,68.32,-312.32
-180.56,-34.16,146.4,107.36,-165.92,53.68,341.6,575.84,131.76,-658.8,73.2,-307.44
-190.32,-34.16,156.16,112.24,-175.68,58.56,346.48,575.84,126.88,-658.8,73.2,-326.96
-175.68,-14.64,161.04,97.6,-170.8,73.2,346.48,575.84,131.76,-639.28,82.96,-268.4
-170.8,4.88,175.68,82.96,-175.68,87.84,375.76,570.96,131.76,-634.4,82.96,-268.4
-151.28,24.4,175.68,63.44,-165.92,97.6,395.28,585.6,131.76,-629.52,92.72,-283.04
-122,34.16,156.16,43.92,-141.52,92.72,390.4,580.72,131.76,-619.76,102.48,-283.04
-97.6,43.92,141.52,29.28,-122,92.72,380.64,561.2,136.64,-619.76,102.48,-273.28
-102.48,34.16,136.64,34.16,-122,82.96,370.88,546.56,117.12,-634.4,97.6,-287.92
-92.72,39.04,131.76,29.28,-112.24,82.96,370.88,551.44,117.12,-634.4,107.36,-312.32
-107.36,29.28,136.64,39.04,-122,82.96,326.96,531.92,102.48,-639.28,107.36,-336.72
-122,0,122,63.44,-122,58.56,307.44,522.16,97.6,-653.92,102.48,-361.12
-82.96,24.4,107.36,29.28,-97.6,63.44,317.2,517.28,92.72,-649.04,112.24,-361.12
-87.84,29.28,117.12,29.28,-102.48,73.2,307.44,478.24,63.44,-658.8,107.36,-375.76
-78.08,39.04,117.12,19.52,-97.6,78.08,258.64,453.84,29.28,-668.56,97.6,-390.4
-68.32,34.16,102.48,19.52,-87.84,68.32,273.28,429.44,4.88,-683.2,97.6,-409.92
-48.8,43.92,92.72,4.88,-73.2,68.32,292.8,424.56,-9.76,-692.96,92.72,-434.32
-53.68,19.52,73.2,19.52,-63.44,43.92,258.64,400.16,-19.52,-688.08,92.72,-429.44
-53.68,9.76,63.44,24.4,-58.56,34.16,239.12,375.76,-34.16,-702.72,92.72,-458.72
-39.04,34.16,73.2,4.88,-58.56,53.68,200.08,346.48,-53.68,-712.48,82.96,-478.24
-39.04,39.04,78.08,0,-58.56,58.56,195.2,326.96,-78.08,-717.36,78.08,-468.48
-68.32,4.88,73.2,34.16,-73.2,39.04,200.08,307.44,-102.48,-727.12,82.96,-488
-73.2,-19.52,53.68,48.8,-63.44,14.64,195.2,287.92,-126.88,-736.88,68.32,-473.36
-92.72,-48.8,43.92,73.2,-68.32,-4.88,180.56,263.52,-151.28,-746.64,53.68,-453.84
-78.08,-29.28,48.8,53.68,-63.44,9.76,156.16,244,-180.56,-761.28,53.68,-483.12
-14.64,14.64,29.28,0,-24.4,19.52,161.04,239.12,-170.8,-751.52,68.32,-453.84
9.76,34.16,24.4,-19.52,-9.76,29.28,195.2,224.48,-175.68,-766.16,58.56,-444.08
0,24.4,24.4,-9.76,-14.64,24.4,165.92,214.72,-204.96,-766.16,53.68,-453.84
-19.52,-4.88,14.64,14.64,-19.52,4.88,146.4,229.36,-209.84,-771.04,48.8,-409.92
-39.04,-14.64,24.4,29.28,-34.16,4.88,131.76,204.96,-234.24,-790.56,34.16,-400.16
-34.16,-14.64,19.52,24.4,-29.28,0,151.28,170.8,-253.76,-800.32,24.4,-405.04
-19.52,-29.28,-9.76,24.4,-4.88,-19.52,122,161.04,-258.64,-805.2,14.64,-380.64
-19.52,-24.4,-4.88,24.4,-9.76,-14.64,117.12,185.44,-263.52,-810.08,19.52,-366
-34.16,-34.16,0,34.16,-19.52,-19.52,126.88,175.68,-268.4,-790.56,34.16,-356.24
-29.28,-29.28,0,29.28,-14.64,-14.64,92.72,141.52,-292.8,-810.08,19.52,-356.24
-19.52,-29.28,-9.76,24.4,-4.88,-19.52,82.96,136.64,-297.68,-829.6,9.76,-346.48
-19.52,-34.16,-14.64,29.28,-4.88,-24.4,58.56,151.28,-283.04,-819.84,14.64,-312.32
-24.4,-29.28,-4.88,29.28,-9.76,-19.52,53.68,156.16,-292.8,-819.84,9.76,-317.2
-24.4,-24.4,0,24.4,-14.64,-14.64,78.08,146.4,-302.56,-829.6,0,-307.44
-9.76,-14.64,-4.88,14.64,-4.88,-9.76,63.44,165.92,-297.68,-819.84,4.88,-287.92
-14.64,-39.04,-24.4,29.28,4.88,-34.16,87.84,156.16,-292.8,-824.72,0,-283.04
-39.04,-53.68,-14.64,48.8,-14.64,-34.16,107.36,146.4,-307.44,-834.48,-4.88,-297.68
-63.44,-58.56,4.88,63.44,-34.16,-29.28,87.84,126.88,-307.44,-834.48,-9.76,-292.8
-82.96,-78.08,4.88,82.96,-43.92,-39.04,73.2,112.24,-326.96,-834.48,-19.52,-302.56
-43.92,-43.92,0,43.92,-24.4,-24.4,73.2,117.12,-326.96,-844.24,-9.76,-292.8
-34.16,-34.16,0,34.16,-19.52,-19.52,58.56,122,-331.84,-849.12,-14.64,-287.92
-58.56,-48.8,9.76,53.68,-34.16,-19.52,78.08,112.24,-331.84,-854,-14.64,-283.04
-68.32,-58.56,9.76,63.44,-39.04,-24.4,68.32,112.24,-336.72,-868.64,-29.28,-292.8
-82.96,-73.2,9.76,78.08,-48.8,-34.16,78.08,112.24,-351.36,-873.52,-34.16,-292.8
-58.56,-39.04,19.52,48.8,-39.04,-9.76,73.2,117.12,-341.6,-854,-24.4,-278.16
-29.28,-19.52,9.76,24.4,-19.52,-4.88,73.2,122,-331.84,-839.36,-4.88,-239.12
0,-4.88,-4.88,4.88,0,-4.88,122,136.64,-312.32,-819.84,0,-204.96
-9.76,-9.76,0,9.76,-4.88,-4.88,151.28,156.16,-302.56,-810.08,0,-180.56
-24.4,-19.52,4.88,24.4,-14.64,-9.76,141.52,146.4,-312.32,-814.96,-9.76,-165.92
-39.04,-34.16,4.88,39.04,-24.4,-14.64,117.12,126.88,-312.32,-810.08,0,-122
-34.16,-34.16,0,34.16,-19.52,-19.52,68.32,122,-322.08,-814.96,-9.76,-117.12
-48.8,-43.92,4.88,48.8,-29.28,-19.52,58.56,112.24,-331.84,-819.84,-19.52,-92.72
-58.56,-43.92,14.64,53.68,-39.04,-14.64,102.48,92.72,-331.84,-814.96,-24.4,-78.08
-63.44,-39.04,24.4,53.68,-43.92,-9.76,73.2,107.36,-317.2,-814.96,-29.28,-58.56
-48.8,-53.68,-4.88,53.68,-24.4,-29.28,63.44,107.36,-292.8,-805.2,-14.64,-24.4
-53.68,-68.32,-14.64,63.44,-19.52,-43.92,92.72,117.12,-292.8,-780.8,-4.88,14.64
-73.2,-82.96,-9.76,78.08,-34.16,-48.8,97.6,112.24,-287.92,-775.92,-14.64,48.8
-63.44,-82.96,-19.52,73.2,-24.4,-53.68,126.88,131.76,-278.16,-780.8,-24.4,87.84
-53.68,-63.44,-9.76,58.56,-24.4,-39.04,97.6,165.92,-268.4,-775.92,-19.52,97.6
-39.04,-58.56,-19.52,48.8,-9.76,-39.04,82.96,161.04,-268.4,-766.16,-19.52,131.76
-58.56,-63.44,-4.88,63.44,-29.28,-34.16,122,156.16,-253.76,-756.4,-9.76,151.28
-63.44,-48.8,14.64,58.56,-39.04,-19.52,131.76,141.52,-253.76,-761.28,-9.76,165.92
-34.16,-43.92,-9.76,39.04,-14.64,-29.28,151.28,161.04,-234.24,-746.64,0,190.32
-39.04,-58.56,-19.52,48.8,-9.76,-39.04,126.88,161.04,-244,-746.64,-4.88,209.84
-58.56,-73.2,-14.64,68.32,-24.4,-43.92,107.36,141.52,-263.52,-771.04,-9.76,185.44
-58.56,-82.96,-24.4,73.2,-19.52,-53.68,112.24,141.52,-239.12,-766.16,-4.88,185.44
-14.64,-53.68,-39.04,34.16,9.76,-48.8,165.92,156.16,-234.24,-746.64,-4.88,204.96
14.64,-24.4,-39.04,4.88,24.4,-34.16,204.96,165.92,-224.48,-736.88,4.88,239.12
-24.4,-43.92,-19.52,34.16,-4.88,-34.16,161.04,165.92,-224.48,-732,0,258.64
-53.68,-48.8,4.88,53.68,-29.28,-24.4,156.16,146.4,-214.72,-727.12,-4.88,244
-48.8,-48.8,0,48.8,-24.4,-24.4,156.16,151.28,-190.32,-702.72,14.64,253.76
-29.28,-48.8,-19.52,39.04,-4.88,-34.16,190.32,151.28,-209.84,-702.72,14.64,297.68
-34.16,-68.32,-34.16,53.68,0,-53.68,151.28,126.88,-224.48,-707.6,0,292.8
-24.4,-68.32,-43.92,48.8,9.76,-58.56,156.16,122,-224.48,-697.84,4.88,278.16
-39.04,-58.56,-19.52,48.8,-9.76,-39.04,151.28,131.76,-224.48,-702.72,4.88,253.76
-43.92,-58.56,-14.64,53.68,-14.64,-39.04,136.64,131.76,-204.96,-692.96,9.76,244
-34.16,-48.8,-14.64,43.92,-9.76,-34.16,136.64,141.52,-185.44,-673.44,14.64,263.52
-43.92,-63.44,-19.52,53.68,-14.64,-43.92,136.64,131.76,-204.96,-673.44,14.64,258.64
-34.16,-43.92,-9.76,39.04,-14.64,-29.28,126.88,131.76,-209.84,-673.44,19.52,258.64
-48.8,-48.8,0,48.8,-24.4,-24.4,136.64,131.76,-204.96,-663.68,14.64,263.52
-43.92,-43.92,0,43.92,-24.4,-24.4,131.76,112.24,-209.84,-663.68,4.88,283.04
9.76,-4.88,-14.64,0,9.76,-9.76,156.16,102.48,-214.72,-663.68,4.88,287.92
-14.64,-34.16,-19.52,24.4,0,-29.28,151.28,92.72,-229.36,-678.32,-9.76,278.16
-68.32,-68.32,0,68.32,-34.16,-34.16,146.4,117.12,-214.72,-663.68,9.76,307.44
-73.2,-78.08,-4.88,78.08,-34.16,-43.92,161.04,117.12,-219.6,-663.68,19.52,317.2
-39.04,-63.44,-24.4,53.68,-9.76,-43.92,131.76,122,-214.72,-663.68,19.52,312.32
-34.16,-63.44,-29.28,48.8,-4.88,-48.8,131.76,122,-200.08,-658.8,29.28,331.84
-63.44,-68.32,-4.88,68.32,-29.28,-39.04,112.24,92.72,-195.2,-663.68,19.52,336.72
-73.2,-68.32,4.88,73.2,-39.04,-34.16,102.48,87.84,-209.84,-668.56,19.52,341.6
-53.68,-43.92,9.76,48.8,-34.16,-19.52,122,82.96,-219.6,-668.56,9.76,370.88
-29.28,-19.52,9.76,24.4,-19.52,-4.88,165.92,87.84,-200.08,-668.56,14.64,400.16
-24.4,-19.52,4.88,24.4,-14.64,-9.76,126.88,87.84,-190.32,-658.8,19.52,409.92
-48.8,-53.68,-4.88,53.68,-24.4,-29.28,131.76,78.08,-200.08,-663.68,9.76,434.32
-53.68,-73.2,-19.52,63.44,-19.52,-48.8,136.64,78.08,-209.84,-668.56,14.64,458.72
-63.44,-78.08,-14.64,73.2,-24.4,-48.8,112.24,73.2,-195.2,-663.68,19.52,453.84
-73.2,-78.08,-4.88,78.08,-34.16,-43.92,126.88,68.32,-209.84,-658.8,14.64,473.36
-43.92,-78.08,-34.16,63.44,-4.88,-58.56,112.24,63.44,-200.08,-668.56,4.88,473.36
-34.16,-78.08,-43.92,58.56,4.88,-63.44,87.84,68.32,-200.08,-663.68,14.64,488
-39.04,-63.44,-24.4,53.68,-9.76,-43.92,102.48,73.2,-204.96,-668.56,9.76,492.88
-9.76,-34.16,-24.4,24.4,4.88,-29.28,131.76,82.96,-200.08,-653.92,24.4,536.8
-29.28,-48.8,-19.52,39.04,-4.88,-34.16,82.96,63.44,-204.96,-658.8,14.64,536.8
-48.8,-58.56,-9.76,53.68,-19.52,-34.16,48.8,58.56,-219.6,-663.68,9.76,541.68
-43.92,-53.68,-9.76,48.8,-19.52,-34.16,97.6,58.56,-214.72,-658.8,9.76,561.2
-34.16,-53.68,-19.52,43.92,-9.76,-39.04,112.24,63.44,-214.72,-658.8,9.76,561.2
-43.92,-53.68,-9.76,48.8,-19.52,-34.16,136.64,63.44,-209.84,-668.56,4.88,575.84
-53.68,-68.32,-14.64,63.44,-19.52,-43.92,122,78.08,-195.2,-649.04,9.76,619.76
-63.44,-92.72,-29.28,78.08,-19.52,-63.44,117.12,58.56,-190.32,-658.8,4.88,629.52
-29.28,-48.8,-19.52,39.04,-4.88,-34.16,87.84,58.56,-190.32,-653.92,4.88,639.28
-29.28,-29.28,0,29.28,-14.64,-14.64,78.08,53.68,-209.84,-663.68,0,639.28
-43.92,-53.68,-9.76,48.8,-19.52,-34.16,63.44,48.8,-219.6,-668.56,0,634.4
-53.68,-68.32,-14.64,63.44,-19.52,-43.92,68.32,53.68,-219.6,-668.56,0,639.28
-82.96,-87.84,-4.88,87.84,-39.04,-48.8,68.32,39.04,-234.24,-678.32,-4.88,644.16
-58.56,-68.32,-9.76,63.44,-24.4,-39.04,87.84,48.8,-224.48,-683.2,0,634.4
-29.28,-48.8,-19.52,39.04,-4.88,-34.16,92.72,58.56,-200.08,-668.56,9.76,639.28
-24.4,-39.04,-14.64,34.16,-4.88,-29.28,92.72,68.32,-180.56,-663.68,14.64,639.28
-4.88,-34.16,-29.28,19.52,9.76,-34.16,112.24,73.2,-185.44,-658.8,14.64,644.16
-39.04,-68.32,-29.28,53.68,-4.88,-48.8,117.12,73.2,-185.44,-658.8,0,653.92
-24.4,-53.68,-29.28,39.04,0,-43.92,107.36,63.44,-175.68,-663.68,4.88,653.92
-19.52,-24.4,-4.88,24.4,-9.76,-14.64,102.48,68.32,-180.56,-663.68,9.76,639.28
-53.68,-53.68,0,53.68,-29.28,-29.28,87.84,58.56,-195.2,-683.2,-4.88,600.24
-48.8,-58.56,-9.76,53.68,-19.52,-34.16,48.8,53.68,-209.84,-683.2,-4.88,580.72
-53.68,-73.2,-19.52,63.44,-19.52,-48.8,73.2,53.68,-185.44,-678.32,0,575.84
-53.68,-58.56,-4.88,58.56,-24.4,-34.16,63.44,58.56,-185.44,-688.08,-4.88,551.44
-48.8,-68.32,-19.52,58.56,-14.64,-43.92,48.8,63.44,-204.96,-692.96,4.88,531.92
-53.68,-68.32,-14.64,63.44,-19.52,-43.92,48.8,78.08,-185.44,-678.32,9.76,527.04
-43.92,-58.56,-14.64,53.68,-14.64,-39.04,92.72,78.08,-156.16,-663.68,14.64,502.64
-34.16,-48.8,-14.64,43.92,-9.76,-34.16,107.36,78.08,-131.76,-658.8,9.76,492.88
-29.28,-53.68,-24.4,43.92,-4.88,-39.04,78.08,87.84,-156.16,-668.56,4.88,478.24
-24.4,-63.44,-39.04,43.92,4.88,-53.68,102.48,78.08,-161.04,-658.8,4.88,488
0,-53.68,-53.68,29.28,24.4,-53.68,97.6,78.08,-151.28,-644.16,4.88,507.52
14.64,-29.28,-43.92,9.76,29.28,-39.04,102.48,92.72,-146.4,-644.16,19.52,492.88
-4.88,-53.68,-48.8,29.28,19.52,-53.68,112.24,112.24,-151.28,-639.28,14.64,473.36
-43.92,-73.2,-29.28,58.56,-9.76,-53.68,112.24,102.48,-151.28,-634.4,14.64,458.72
-39.04,-58.56,-19.52,48.8,-9.76,-39.04,102.48,78.08,-161.04,-649.04,9.76,439.2
-14.64,-34.16,-19.52,24.4,0,-29.28,87.84,78.08,-136.64,-649.04,4.88,453.84
-19.52,-63.44,-43.92,43.92,9.76,-53.68,78.08,78.08,-146.4,-639.28,4.88,453.84
-19.52,-53.68,-34.16,39.04,4.88,-43.92,92.72,92.72,-131.76,-624.64,9.76,468.48
-14.64,-68.32,-53.68,43.92,19.52,-63.44,126.88,82.96,-122,-614.88,9.76,492.88
-14.64,-68.32,-53.68,43.92,19.52,-63.44,97.6,92.72,-141.52,-614.88,9.76,492.88
-9.76,-68.32,-58.56,39.04,24.4,-63.44,87.84,78.08,-151.28,-610,9.76,512.4
-14.64,-73.2,-58.56,43.92,19.52,-68.32,82.96,68.32,-156.16,-614.88,0,517.28
-9.76,-68.32,-58.56,39.04,24.4,-63.44,112.24,78.08,-146.4,-610,0,531.92
-9.76,-68.32,-58.56,39.04,24.4,-63.44,131.76,82.96,-131.76,-605.12,9.76,541.68
-29.28,-87.84,-58.56,58.56,14.64,-73.2,87.84,73.2,-156.16,-614.88,0,541.68
-29.28,-87.84,-58.56,58.56,14.64,-73.2,78.08,78.08,-146.4,-605.12,4.88,531.92
4.88,-48.8,-53.68,24.4,29.28,-53.68,141.52,87.84,-131.76,-580.72,14.64,570.96
4.88,-48.8,-53.68,24.4,29.28,-53.68,126.88,97.6,-131.76,-580.72,14.64,570.96
-19.52,-73.2,-53.68,48.8,14.64,-63.44,92.72,112.24,-122,-575.84,19.52,561.2
-4.88,-58.56,-53.68,34.16,24.4,-58.56,107.36,102.48,-122,-570.96,14.64,575.84
-4.88,-53.68,-48.8,29.28,19.52,-53.68,141.52,87.84,-126.88,-570.96,9.76,580.72
-14.64,-63.44,-48.8,39.04,14.64,-58.56,190.32,102.48,-126.88,-566.08,9.76,590.48
-9.76,-58.56,-48.8,34.16,19.52,-53.68,175.68,92.72,-141.52,-580.72,-4.88,590.48
-34.16,-82.96,-48.8,58.56,4.88,-68.32,92.72,82.96,-136.64,-575.84,-4.88,595.36
-58.56,-102.48,-43.92,82.96,-9.76,-73.2,102.48,87.84,-136.64,-570.96,0,605.12
-63.44,-107.36,-43.92,87.84,-9.76,-78.08,102.48,82.96,-141.52,-575.84,0,605.12
-68.32,-107.36,-39.04,87.84,-14.64,-73.2,141.52,73.2,-146.4,-561.2,0,610
-39.04,-73.2,-34.16,58.56,-4.88,-53.68,117.12,82.96,-141.52,-556.32,0,595.36
-24.4,-53.68,-29.28,39.04,0,-43.92,92.72,126.88,-122,-551.44,0,605.12
-48.8,-68.32,-19.52,58.56,-14.64,-43.92,87.84,156.16,-126.88,-541.68,0,600.24
-39.04,-63.44,-24.4,53.68,-9.76,-43.92,102.48,195.2,-141.52,-536.8,-4.88,610
-14.64,-39.04,-24.4,29.28,4.88,-34.16,126.88,219.6,-131.76,-531.92,4.88,634.4
-9.76,-34.16,-24.4,24.4,4.88,-29.28,122,239.12,-122,-522.16,4.88,644.16
-39.04,-58.56,-19.52,48.8,-9.76,-39.04,112.24,234.24,-97.6,-522.16,0,649.04
-39.04,-68.32,-29.28,53.68,-4.88,-48.8,131.76,229.36,-107.36,-517.28,0,658.8
-68.32,-102.48,-34.16,87.84,-19.52,-68.32,136.64,209.84,-131.76,-527.04,-19.52,649.04
-87.84,-117.12,-29.28,102.48,-29.28,-73.2,97.6,200.08,-136.64,-536.8,-24.4,639.28
-63.44,-112.24,-48.8,87.84,-9.76,-82.96,126.88,214.72,-117.12,-527.04,-19.52,649.04
-58.56,-87.84,-29.28,73.2,-14.64,-58.56,131.76,229.36,-122,-512.4,0,653.92
-24.4,-48.8,-24.4,39.04,0,-39.04,131.76,253.76,-102.48,-483.12,14.64,678.32
-4.88,-34.16,-29.28,19.52,9.76,-34.16,126.88,239.12,-97.6,-483.12,14.64,697.84
9.76,-24.4,-34.16,9.76,19.52,-29.28,146.4,219.6,-102.48,-488,4.88,712.48
-4.88,-34.16,-29.28,19.52,9.76,-34.16,146.4,224.48,-112.24,-478.24,4.88,712.48
-34.16,-53.68,-19.52,43.92,-9.76,-39.04,126.88,234.24,-117.12,-478.24,-4.88,722.24
-39.04,-58.56,-19.52,48.8,-9.76,-39.04,131.76,234.24,-112.24,-478.24,-4.88,736.88
-43.92,-68.32,-24.4,58.56,-9.76,-48.8,141.52,239.12,-112.24,-458.72,-4.88,766.16
-43.92,-82.96,-39.04,63.44,-4.88,-63.44,141.52,244,-107.36,-458.72,-4.88,732
-29.28,-78.08,-48.8,53.68,9.76,-63.44,156.16,253.76,-82.96,-453.84,0,736.88
-39.04,-78.08,-39.04,58.56,0,-58.56,136.64,258.64,-82.96,-444.08,4.88,741.76
-48.8,-87.84,-39.04,68.32,-4.88,-63.44,126.88,229.36,-97.6,-453.84,0,732
-48.8,-82.96,-34.16,68.32,-9.76,-58.56,122,224.48,-102.48,-448.96,0,756.4
-43.92,-73.2,-29.28,58.56,-9.76,-53.68,161.04,229.36,-102.48,-444.08,-4.88,736.88
-58.56,-78.08,-19.52,68.32,-19.52,-48.8,141.52,219.6,-102.48,-448.96,-4.88,732
-82.96,-73.2,9.76,78.08,-48.8,-34.16,102.48,234.24,-92.72,-439.2,-4.88,741.76
-48.8,-53.68,-4.88,53.68,-24.4,-29.28,126.88,253.76,-87.84,-429.44,4.88,761.28
4.88,-48.8,-53.68,24.4,29.28,-53.68,141.52,234.24,-82.96,-419.68,0,766.16
43.92,-9.76,-53.68,-14.64,48.8,-34.16,117.12,224.48,-78.08,-409.92,4.88,780.8
-68.32,-48.8,19.52,58.56,-43.92,-14.64,131.76,244,-48.8,-390.4,29.28,839.36
-58.56,-63.44,-4.88,63.44,-29.28,-34.16,141.52,219.6,-53.68,-390.4,19.52,844.24
-48.8,-63.44,-14.64,58.56,-19.52,-39.04,151.28,190.32,-53.68,-400.16,4.88,790.56
-92.72,-58.56,34.16,78.08,-63.44,-14.64,165.92,195.2,-43.92,-390.4,19.52,814.96
-92.72,-63.44,29.28,78.08,-63.44,-19.52,136.64,180.56,-68.32,-390.4,9.76,805.2
-63.44,-68.32,-4.88,68.32,-29.28,-39.04,117.12,170.8,-92.72,-400.16,4.88,795.44
-43.92,-53.68,-9.76,48.8,-19.52,-34.16,141.52,204.96,-68.32,-390.4,14.64,810.08
-58.56,-43.92,14.64,53.68,-39.04,-14.64,146.4,209.84,-53.68,-385.52,14.64,824.72
-68.32,-58.56,9.76,63.44,-39.04,-24.4,175.68,180.56,-58.56,-385.52,14.64,814.96
-68.32,-68.32,0,68.32,-34.16,-34.16,170.8,185.44,-39.04,-366,9.76,844.24
-53.68,-58.56,-4.88,58.56,-24.4,-34.16,136.64,185.44,-48.8,-361.12,9.76,839.36
-53.68,-63.44,-9.76,58.56,-24.4,-39.04,146.4,219.6,-34.16,-351.36,19.52,844.24
-48.8,-68.32,-19.52,58.56,-14.64,-43.92,151.28,229.36,-19.52,-336.72,14.64,883.28
-43.92,-87.84,-43.92,68.32,0,-68.32,146.4,244,-24.4,-341.6,14.64,888.16
-24.4,-63.44,-39.04,43.92,4.88,-53.68,141.52,283.04,-29.28,-336.72,24.4,883.28
-39.04,-53.68,-14.64,48.8,-14.64,-34.16,170.8,302.56,-34.16,-336.72,19.52,873.52
-39.04,-63.44,-24.4,53.68,-9.76,-43.92,190.32,317.2,-39.04,-341.6,14.64,873.52
-43.92,-73.2,-29.28,58.56,-9.76,-53.68,141.52,317.2,-39.04,-341.6,4.88,878.4
-34.16,-78.08,-43.92,58.56,4.88,-63.44,156.16,356.24,-34.16,-322.08,19.52,873.52
-24.4,-68.32,-43.92,48.8,9.76,-58.56,165.92,346.48,-19.52,-307.44,24.4,893.04
-19.52,-68.32,-48.8,43.92,14.64,-58.56,146.4,322.08,-19.52,-312.32,14.64,902.8
-29.28,-63.44,-34.16,48.8,0,-48.8,161.04,292.8,-24.4,-317.2,9.76,912.56
-43.92,-68.32,-24.4,58.56,-9.76,-48.8,165.92,283.04,-19.52,-307.44,19.52,902.8
-48.8,-87.84,-39.04,68.32,-4.88,-63.44,170.8,283.04,4.88,-302.56,19.52,917.44
-63.44,-112.24,-48.8,87.84,-9.76,-82.96,170.8,278.16,-9.76,-307.44,9.76,897.92
-58.56,-92.72,-34.16,78.08,-14.64,-63.44,180.56,273.28,-4.88,-302.56,9.76,907.68
-34.16,-68.32,-34.16,53.68,0,-53.68,136.64,248.88,-29.28,-317.2,0,893.04
-39.04,-82.96,-43.92,63.44,0,-63.44,131.76,248.88,-29.28,-317.2,0,893.04
-68.32,-107.36,-39.04,87.84,-14.64,-73.2,170.8,253.76,-29.28,-297.68,0,912.56
-19.52,-73.2,-53.68,48.8,14.64,-63.44,161.04,268.4,0,-292.8,14.64,907.68
9.76,-48.8,-58.56,19.52,34.16,-53.68,165.92,234.24,4.88,-287.92,14.64,902.8
-14.64,-58.56,-43.92,39.04,14.64,-53.68,165.92,229.36,0,-273.28,14.64,902.8
-34.16,-63.44,-29.28,48.8,-4.88,-48.8,180.56,234.24,-19.52,-268.4,9.76,897.92
-39.04,-78.08,-39.04,58.56,0,-58.56,219.6,244,-9.76,-263.52,4.88,907.68
-48.8,-97.6,-48.8,73.2,0,-73.2,200.08,229.36,-4.88,-258.64,14.64,912.56
-48.8,-87.84,-39.04,68.32,-4.88,-63.44,204.96,200.08,-4.88,-263.52,9.76,917.44
-73.2,-102.48,-29.28,87.84,-24.4,-68.32,224.48,200.08,-4.88,-268.4,9.76,917.44
-53.68,-87.84,-34.16,73.2,-9.76,-63.44,185.44,209.84,4.88,-258.64,14.64,917.44
-34.16,-58.56,-24.4,48.8,-4.88,-43.92,195.2,224.48,14.64,-234.24,19.52,907.68
-24.4,-53.68,-29.28,39.04,0,-43.92,234.24,239.12,14.64,-234.24,24.4,922.32
-24.4,-63.44,-39.04,43.92,4.88,-53.68,234.24,214.72,14.64,-239.12,24.4,893.04
-29.28,-68.32,-39.04,48.8,4.88,-53.68,165.92,204.96,4.88,-239.12,14.64,883.28
-34.16,-68.32,-34.16,53.68,0,-53.68,170.8,219.6,4.88,-234.24,19.52,902.8
-24.4,-53.68,-29.28,39.04,0,-43.92,229.36,234.24,19.52,-214.72,29.28,917.44
-29.28,-34.16,-4.88,34.16,-14.64,-19.52,258.64,239.12,29.28,-209.84,29.28,912.56
-34.16,-29.28,4.88,34.16,-19.52,-14.64,248.88,234.24,19.52,-219.6,19.52,902.8
-43.92,-39.04,4.88,43.92,-24.4,-19.52,268.4,224.48,4.88,-229.36,4.88,917.44
-39.04,-58.56,-19.52,48.8,-9.76,-39.04,278.16,234.24,14.64,-224.48,0,912.56
-53.68,-82.96,-29.28,68.32,-14.64,-58.56,234.24,239.12,14.64,-209.84,4.88,912.56
-43.92,-78.08,-34.16,63.44,-4.88,-58.56,229.36,234.24,4.88,-204.96,4.88,917.44
-63.44,-97.6,-34.16,82.96,-14.64,-68.32,190.32,229.36,0,-209.84,14.64,907.68
-68.32,-92.72,-24.4,82.96,-24.4,-58.56,195.2,214.72,-9.76,-219.6,4.88,907.68
-9.76,-24.4,-14.64,19.52,0,-19.52,234.24,234.24,9.76,-190.32,24.4,922.32
-19.52,-39.04,-19.52,29.28,0,-29.28,214.72,244,14.64,-185.44,24.4,951.6
-48.8,-68.32,-19.52,58.56,-14.64,-43.92,224.48,224.48,24.4,-170.8,29.28,966.24
-48.8,-73.2,-24.4,63.44,-14.64,-48.8,224.48,204.96,4.88,-190.32,9.76,941.84
-48.8,-68.32,-19.52,58.56,-14.64,-43.92,175.68,190.32,4.88,-200.08,4.88,927.2
-53.68,-68.32,-14.64,63.44,-19.52,-43.92,214.72,195.2,29.28,-180.56,9.76,941.84
-68.32,-92.72,-24.4,82.96,-24.4,-58.56,239.12,214.72,34.16,-170.8,14.64,951.6
-63.44,-73.2,-9.76,68.32,-29.28,-43.92,234.24,214.72,34.16,-170.8,14.64,951.6
-43.92,-53.68,-9.76,48.8,-19.52,-34.16,253.76,200.08,14.64,-170.8,14.64,946.72
-43.92,-73.2,-29.28,58.56,-9.76,-53.68,195.2,185.44,9.76,-175.68,9.76,941.84
-82.96,-92.72,-9.76,87.84,-39.04,-53.68,190.32,195.2,14.64,-170.8,14.64,946.72
-107.36,-107.36,0,107.36,-53.68,-53.68,214.72,185.44,19.52,-170.8,9.76,956.48
-87.84,-78.08,9.76,82.96,-48.8,-34.16,200.08,161.04,19.52,-170.8,14.64,951.6
-87.84,-82.96,4.88,87.84,-48.8,-39.04,185.44,156.16,19.52,-165.92,14.64,946.72
-87.84,-82.96,4.88,87.84,-48.8,-39.04,180.56,151.28,9.76,-170.8,14.64,956.48
-43.92,-53.68,-9.76,48.8,-19.52,-34.16,185.44,185.44,43.92,-141.52,29.28,985.76
-24.4,-24.4,0,24.4,-14.64,-14.64,195.2,204.96,53.68,-117.12,39.04,1010.16
-29.28,-39.04,-9.76,34.16,-9.76,-24.4,175.68,185.44,43.92,-122,29.28,990.64
-39.04,-53.68,-14.64,48.8,-14.64,-34.16,180.56,190.32,53.68,-126.88,24.4,990.64
-58.56,-78.08,-19.52,68.32,-19.52,-48.8,190.32,195.2,43.92,-131.76,19.52,1000.4
-48.8,-73.2,-24.4,63.44,-14.64,-48.8,175.68,200.08,29.28,-126.88,24.4,1010.16
-48.8,-78.08,-29.28,63.44,-9.76,-53.68,209.84,195.2,34.16,-126.88,24.4,995.52
-43.92,-78.08,-34.16,63.44,-4.88,-58.56,170.8,180.56,39.04,-126.88,24.4,985.76
-43.92,-48.8,-4.88,48.8,-19.52,-29.28,165.92,180.56,43.92,-122,29.28,990.64
-43.92,-43.92,0,43.92,-24.4,-24.4,195.2,180.56,58.56,-112.24,34.16,1000.4
-29.28,-39.04,-9.76,34.16,-9.76,-24.4,170.8,190.32,53.68,-107.36,34.16,1019.92
-24.4,-58.56,-34.16,43.92,4.88,-48.8,185.44,204.96,48.8,-92.72,34.16,1029.68
-43.92,-78.08,-34.16,63.44,-4.88,-58.56,190.32,180.56,43.92,-102.48,19.52,1024.8
-24.4,-53.68,-29.28,39.04,0,-43.92,175.68,180.56,43.92,-102.48,24.4,1005.28
-39.04,-78.08,-39.04,58.56,0,-58.56,175.68,180.56,39.04,-87.84,19.52,1019.92
-43.92,-68.32,-24.4,58.56,-9.76,-48.8,175.68,165.92,19.52,-97.6,9.76,1015.04
4.88,-43.92,-48.8,19.52,24.4,-48.8,180.56,180.56,39.04,-92.72,24.4,1054.08
24.4,-39.04,-63.44,9.76,43.92,-53.68,165.92,209.84,68.32,-73.2,43.92,1039.44
19.52,-63.44,-82.96,24.4,48.8,-73.2,209.84,224.48,92.72,-58.56,53.68,1039.44
-4.88,-73.2,-68.32,39.04,29.28,-73.2,200.08,229.36,112.24,-53.68,48.8,1044.32
-4.88,-63.44,-58.56,34.16,24.4,-63.44,190.32,268.4,141.52,-34.16,73.2,1054.08
24.4,-43.92,-68.32,9.76,43.92,-58.56,244,370.88,204.96,0,82.96,1073.6
34.16,-34.16,-68.32,0,48.8,-53.68,273.28,527.04,322.08,53.68,97.6,1073.6
87.84,-4.88,-92.72,-39.04,87.84,-48.8,356.24,780.8,502.64,151.28,161.04,1088.24
136.64,0,-136.64,-68.32,136.64,-68.32,424.56,1019.92,678.32,253.76,214.72,1137.04
136.64,0,-136.64,-68.32,136.64,-68.32,434.32,1024.8,688.08,258.64,214.72,1127.28
107.36,-29.28,-136.64,-39.04,122,-82.96,390.4,810.08,531.92,190.32,165.92,1137.04
97.6,-48.8,-146.4,-24.4,122,-97.6,312.32,483.12,312.32,122,126.88,1122.4
102.48,-78.08,-180.56,-9.76,141.52,-131.76,185.44,58.56,29.28,43.92,107.36,1073.6
131.76,-82.96,-214.72,-24.4,170.8,-151.28,82.96,-326.96,-229.36,-9.76,97.6,1068.72
190.32,-48.8,-239.12,-68.32,214.72,-146.4,-19.52,-610,-366,0,141.52,1107.76
239.12,-19.52,-258.64,-107.36,248.88,-141.52,-117.12,-888.16,-527.04,9.76,200.08,1137.04
302.56,14.64,-287.92,-156.16,292.8,-136.64,-248.88,-1151.68,-644.16,68.32,287.92,1205.36
385.52,73.2,-312.32,-229.36,346.48,-122,-385.52,-1395.68,-751.52,136.64,390.4,1288.32
522.16,156.16,-366,-336.72,444.08,-107.36,-536.8,-1605.52,-858.88,214.72,512.4,1366.4
492.88,185.44,-307.44,-336.72,400.16,-63.44,-639.28,-1869.04,-1010.16,268.4,624.64,1483.52
473.36,234.24,-239.12,-351.36,356.24,-4.88,-756.4,-2108.16,-1166.32,287.92,722.24,1600.64
546.56,361.12,-185.44,-453.84,366,87.84,-834.48,-2230.16,-1249.28,351.36,844.24,1698.24
541.68,453.84,-87.84,-497.76,312.32,180.56,-868.64,-2342.4,-1298.08,439.2,985.76,1820.24
541.68,561.2,19.52,-551.44,258.64,287.92,-946.72,-2488.8,-1366.4,517.28,1132.16,1956.88
492.88,673.44,180.56,-580.72,156.16,424.56,-1010.16,-2547.36,-1385.92,575.84,1244.4,2117.92
361.12,761.28,400.16,-561.2,-19.52,580.72,-1058.96,-2557.12,-1405.44,570.96,1288.32,2220.4
214.72,819.84,605.12,-517.28,-195.2,712.48,-1063.84,-2591.28,-1493.28,424.56,1205.36,2210.64
73.2,824.72,751.52,-448.96,-341.6,785.68,-1034.56,-2586.4,-1605.52,185.44,1024.8,2186.24
-48.8,814.96,863.76,-380.64,-458.72,839.36,-1039.44,-2566.88,-1712.88,-63.44,834.48,2137.44
-131.76,824.72,956.48,-346.48,-546.56,888.16,-1024.8,-2503.44,-1786.08,-278.16,653.92,2064.24
-200.08,814.96,1015.04,-307.44,-610,912.56,-1000.4,-2371.68,-1790.96,-419.68,517.28,2000.8
-244,810.08,1054.08,-283.04,-649.04,932.08,-922.32,-2186.24,-1703.12,-502.64,414.8,1932.48
-248.88,839.36,1088.24,-292.8,-668.56,961.36,-863.76,-1976.4,-1527.44,-488,390.4,1912.96
-239.12,834.48,1073.6,-297.68,-658.8,951.6,-790.56,-1771.44,-1400.56,-483.12,317.2,1839.76
-224.48,766.16,990.64,-268.4,-610,878.4,-702.72,-1571.36,-1283.44,-502.64,244,1751.92
-190.32,736.88,927.2,-273.28,-561.2,829.6,-580.72,-1337.12,-1122.4,-439.2,239.12,1722.64
-190.32,697.84,888.16,-253.76,-541.68,790.56,-453.84,-1151.68,-951.6,-385.52,214.72,1664.08
-204.96,624.64,829.6,-209.84,-517.28,727.12,-356.24,-976,-834.48,-366,165.92,1581.12
-229.36,566.08,795.44,-165.92,-512.4,678.32,-273.28,-824.72,-722.24,-346.48,117.12,1493.28
-229.36,488,717.36,-126.88,-473.36,600.24,-204.96,-717.36,-629.52,-331.84,73.2,1420.08
-229.36,385.52,614.88,-78.08,-424.56,497.76,-146.4,-619.76,-556.32,-317.2,14.64,1371.28
-248.88,317.2,566.08,-34.16,-409.92,439.2,-92.72,-536.8,-497.76,-312.32,-24.4,1302.96
-229.36,273.28,502.64,-19.52,-366,385.52,-48.8,-444.08,-424.56,-287.92,-34.16,1259.04
-190.32,268.4,458.72,-39.04,-326.96,361.12,-9.76,-341.6,-331.84,-253.76,-53.68,1229.76
-200.08,214.72,414.8,-4.88,-307.44,312.32,97.6,-253.76,-258.64,-234.24,-73.2,1190.72
-195.2,146.4,341.6,24.4,-268.4,244,112.24,-170.8,-209.84,-214.72,-82.96,1117.52
-185.44,97.6,283.04,43.92,-234.24,190.32,126.88,-102.48,-151.28,-185.44,-78.08,1093.12
-175.68,63.44,239.12,58.56,-209.84,151.28,136.64,-48.8,-97.6,-165.92,-68.32,1058.96
-151.28,39.04,190.32,58.56,-170.8,112.24,175.68,9.76,-43.92,-131.76,-53.68,1054.08
-165.92,-19.52,146.4,92.72,-156.16,63.44,253.76,39.04,-24.4,-117.12,-58.56,1049.2
-175.68,-63.44,112.24,122,-146.4,24.4,239.12,68.32,-4.88,-97.6,-48.8,1005.28
-170.8,-48.8,122,112.24,-146.4,34.16,214.72,87.84,14.64,-78.08,-48.8,995.52
-190.32,-68.32,122,131.76,-156.16,24.4,185.44,87.84,29.28,-78.08,-58.56,980.88
-185.44,-87.84,97.6,136.64,-141.52,4.88,219.6,112.24,34.16,-58.56,-58.56,976
-165.92,-97.6,68.32,131.76,-117.12,-14.64,253.76,141.52,58.56,-43.92,-48.8,990.64
-136.64,-78.08,58.56,107.36,-97.6,-9.76,248.88,156.16,73.2,-29.28,-43.92,980.88
-131.76,-97.6,34.16,117.12,-82.96,-34.16,258.64,170.8,82.96,-24.4,-48.8,980.88
-156.16,-131.76,24.4,146.4,-92.72,-53.68,224.48,156.16,82.96,-39.04,-68.32,956.48
-131.76,-112.24,19.52,122,-78.08,-48.8,234.24,170.8,92.72,-34.16,-58.56,936.96
-122,-92.72,29.28,107.36,-78.08,-34.16,239.12,170.8,92.72,-19.52,-43.92,990.64
-107.36,-82.96,24.4,97.6,-68.32,-29.28,253.76,175.68,102.48,-19.52,-34.16,985.76
-122,-102.48,19.52,112.24,-73.2,-43.92,253.76,195.2,107.36,-19.52,-34.16,985.76
-131.76,-117.12,14.64,126.88,-73.2,-53.68,263.52,209.84,122,-19.52,-24.4,990.64
-122,-126.88,-4.88,126.88,-58.56,-68.32,229.36,185.44,112.24,-24.4,-34.16,990.64
-107.36,-117.12,-9.76,112.24,-48.8,-63.44,234.24,190.32,126.88,-9.76,-34.16,1000.4
-126.88,-131.76,-4.88,131.76,-63.44,-68.32,248.88,190.32,122,-14.64,-43.92,980.88
-131.76,-122,9.76,126.88,-73.2,-58.56,234.24,190.32,122,-14.64,-43.92,976
-97.6,-97.6,0,97.6,-48.8,-48.8,234.24,209.84,136.64,9.76,-29.28,985.76
-102.48,-112.24,-9.76,107.36,-48.8,-63.44,239.12,219.6,136.64,-4.88,-29.28,976
-107.36,-131.76,-24.4,122,-43.92,-78.08,214.72,214.72,136.64,-4.88,-34.16,980.88
-102.48,-126.88,-24.4,117.12,-39.04,-78.08,180.56,209.84,136.64,-14.64,-34.16,971.12
-136.64,-146.4,-9.76,141.52,-63.44,-78.08,180.56,224.48,141.52,-14.64,-24.4,946.72
-141.52,-146.4,-4.88,146.4,-68.32,-78.08,185.44,219.6,136.64,-4.88,-24.4,966.24
-151.28,-161.04,-9.76,156.16,-73.2,-87.84,190.32,214.72,141.52,-9.76,-53.68,971.12
-126.88,-126.88,0,126.88,-63.44,-63.44,209.84,229.36,141.52,0,-43.92,985.76
-112.24,-126.88,-14.64,122,-48.8,-73.2,283.04,244,156.16,9.76,-43.92,995.52
-136.64,-165.92,-29.28,151.28,-53.68,-97.6,263.52,244,156.16,4.88,-43.92,990.64
-136.64,-165.92,-29.28,151.28,-53.68,-97.6,239.12,239.12,151.28,14.64,-48.8,980.88
-165.92,-185.44,-19.52,175.68,-73.2,-102.48,214.72,239.12,136.64,14.64,-53.68,1015.04
-151.28,-170.8,-19.52,161.04,-68.32,-97.6,180.56,248.88,131.76,19.52,-53.68,1010.16
-126.88,-156.16,-29.28,141.52,-48.8,-92.72,185.44,239.12,141.52,34.16,-43.92,995.52
-131.76,-156.16,-24.4,146.4,-53.68,-92.72,175.68,248.88,146.4,34.16,-48.8,971.12
-107.36,-126.88,-19.52,117.12,-43.92,-73.2,214.72,258.64,141.52,43.92,-39.04,971.12
-78.08,-97.6,-19.52,87.84,-29.28,-58.56,248.88,253.76,146.4,63.44,-34.16,995.52
-92.72,-97.6,-4.88,97.6,-43.92,-53.68,209.84,258.64,146.4,58.56,-39.04,980.88
-117.12,-131.76,-14.64,126.88,-53.68,-73.2,200.08,258.64,141.52,58.56,-48.8,946.72
-126.88,-151.28,-24.4,141.52,-53.68,-87.84,253.76,253.76,131.76,58.56,-48.8,946.72
-102.48,-136.64,-34.16,122,-34.16,-87.84,263.52,263.52,141.52,68.32,-43.92,956.48
-122,-136.64,-14.64,131.76,-53.68,-78.08,219.6,278.16,151.28,78.08,-48.8,956.48
-141.52,-141.52,0,141.52,-73.2,-73.2,200.08,273.28,151.28,78.08,-53.68,956.48
-131.76,-151.28,-19.52,141.52,-58.56,-87.84,224.48,278.16,165.92,87.84,-39.04,985.76
-156.16,-200.08,-43.92,180.56,-58.56,-122,234.24,292.8,180.56,97.6,-34.16,985.76
-126.88,-161.04,-34.16,146.4,-48.8,-97.6,224.48,292.8,170.8,92.72,-34.16,980.88
-112.24,-141.52,-29.28,126.88,-43.92,-87.84,244,297.68,170.8,92.72,-34.16,971.12
-136.64,-161.04,-24.4,151.28,-58.56,-92.72,239.12,307.44,175.68,92.72,-39.04,966.24
-146.4,-161.04,-14.64,156.16,-68.32,-87.84,195.2,312.32,170.8,78.08,-53.68,956.48
-126.88,-146.4,-19.52,136.64,-53.68,-82.96,244,331.84,175.68,82.96,-43.92,961.36
-107.36,-146.4,-39.04,126.88,-34.16,-92.72,258.64,322.08,195.2,82.96,-39.04,961.36
-107.36,-141.52,-34.16,126.88,-39.04,-87.84,219.6,326.96,195.2,82.96,-39.04,966.24
-117.12,-146.4,-29.28,131.76,-43.92,-87.84,248.88,317.2,195.2,78.08,-43.92,980.88
-131.76,-151.28,-19.52,141.52,-58.56,-87.84,224.48,317.2,190.32,63.44,-48.8,956.48
-131.76,-126.88,4.88,131.76,-68.32,-63.44,200.08,331.84,204.96,68.32,-39.04,936.96
-136.64,-126.88,9.76,131.76,-73.2,-58.56,224.48,336.72,214.72,78.08,-29.28,961.36
-131.76,-146.4,-14.64,141.52,-58.56,-82.96,234.24,336.72,219.6,73.2,-29.28,932.08
-141.52,-141.52,0,141.52,-73.2,-73.2,195.2,331.84,204.96,58.56,-39.04,878.4
-161.04,-146.4,14.64,156.16,-87.84,-68.32,229.36,341.6,204.96,48.8,-39.04,873.52
-146.4,-165.92,-19.52,156.16,-63.44,-92.72,234.24,317.2,190.32,34.16,-43.92,834.48
-122,-170.8,-48.8,146.4,-39.04,-112.24,234.24,322.08,200.08,29.28,-43.92,810.08
-156.16,-161.04,-4.88,161.04,-78.08,-82.96,239.12,336.72,219.6,34.16,-39.04,790.56
-151.28,-165.92,-14.64,161.04,-68.32,-92.72,214.72,331.84,219.6,39.04,-39.04,780.8
-170.8,-180.56,-9.76,175.68,-82.96,-97.6,229.36,317.2,224.48,43.92,-34.16,761.28
-151.28,-165.92,-14.64,161.04,-68.32,-92.72,209.84,317.2,219.6,48.8,-29.28,771.04
-122,-131.76,-9.76,126.88,-58.56,-73.2,219.6,317.2,209.84,58.56,-24.4,795.44
-126.88,-136.64,-9.76,131.76,-58.56,-73.2,263.52,317.2,204.96,53.68,-24.4,771.04
-165.92,-146.4,19.52,156.16,-92.72,-63.44,268.4,322.08,214.72,48.8,-24.4,746.64
-122,-156.16,-34.16,141.52,-43.92,-97.6,219.6,292.8,195.2,24.4,-53.68,712.48
-141.52,-175.68,-34.16,161.04,-53.68,-107.36,219.6,287.92,185.44,19.52,-43.92,702.72
-141.52,-146.4,-4.88,146.4,-68.32,-78.08,224.48,302.56,200.08,29.28,-34.16,712.48
-161.04,-146.4,14.64,156.16,-87.84,-68.32,239.12,297.68,185.44,19.52,-43.92,707.6
-141.52,-131.76,9.76,136.64,-78.08,-63.44,219.6,292.8,180.56,14.64,-39.04,702.72
-165.92,-151.28,14.64,161.04,-92.72,-68.32,190.32,292.8,190.32,29.28,-24.4,727.12
-190.32,-175.68,14.64,185.44,-102.48,-82.96,190.32,273.28,185.44,24.4,-29.28,732
-156.16,-141.52,14.64,151.28,-87.84,-63.44,204.96,278.16,195.2,29.28,-24.4,756.4
-112.24,-107.36,4.88,112.24,-58.56,-53.68,200.08,283.04,200.08,34.16,-14.64,780.8
-102.48,-82.96,19.52,92.72,-63.44,-34.16,200.08,297.68,209.84,48.8,0,795.44
-112.24,-87.84,24.4,102.48,-68.32,-34.16,204.96,292.8,209.84,48.8,-4.88,795.44
-117.12,-87.84,29.28,102.48,-73.2,-29.28,190.32,283.04,195.2,39.04,-9.76,800.32
-122,-107.36,14.64,117.12,-68.32,-48.8,214.72,292.8,204.96,29.28,-14.64,810.08
-122,-107.36,14.64,117.12,-68.32,-48.8,224.48,307.44,214.72,34.16,-9.76,824.72
-146.4,-117.12,29.28,131.76,-87.84,-43.92,200.08,292.8,195.2,29.28,-14.64,834.48
-131.76,-107.36,24.4,122,-78.08,-43.92,161.04,287.92,190.32,29.28,-4.88,834.48
-112.24,-78.08,34.16,97.6,-73.2,-24.4,200.08,292.8,200.08,34.16,0,844.24
-102.48,-68.32,34.16,87.84,-68.32,-19.52,200.08,287.92,200.08,39.04,4.88,858.88
-97.6,-68.32,29.28,82.96,-63.44,-19.52,204.96,283.04,204.96,43.92,4.88,868.64
-107.36,-68.32,39.04,87.84,-73.2,-14.64,185.44,278.16,190.32,39.04,4.88,883.28
-92.72,-58.56,34.16,78.08,-63.44,-14.64,165.92,268.4,180.56,34.16,4.88,883.28
-87.84,-58.56,29.28,73.2,-58.56,-14.64,170.8,268.4,170.8,34.16,4.88,897.92
-97.6,-78.08,19.52,87.84,-58.56,-29.28,151.28,263.52,175.68,34.16,-9.76,922.32
-97.6,-92.72,4.88,97.6,-53.68,-43.92,146.4,268.4,180.56,43.92,0,936.96
-97.6,-92.72,4.88,97.6,-53.68,-43.92,170.8,248.88,170.8,39.04,9.76,961.36
-107.36,-97.6,9.76,102.48,-58.56,-43.92,122,229.36,156.16,29.28,4.88,936.96
-82.96,-58.56,24.4,73.2,-53.68,-19.52,107.36,229.36,156.16,34.16,9.76,936.96
-78.08,-58.56,19.52,68.32,-48.8,-19.52,126.88,239.12,156.16,39.04,14.64,966.24
-82.96,-73.2,9.76,78.08,-48.8,-34.16,126.88,219.6,141.52,34.16,9.76,976
-92.72,-78.08,14.64,87.84,-53.68,-34.16,151.28,219.6,146.4,48.8,14.64,1000.4
-82.96,-68.32,14.64,78.08,-48.8,-29.28,122,224.48,146.4,48.8,24.4,1015.04
-58.56,-48.8,9.76,53.68,-34.16,-19.52,131.76,214.72,146.4,43.92,24.4,1000.4
-82.96,-63.44,19.52,73.2,-53.68,-24.4,146.4,214.72,146.4,48.8,24.4,1015.04
-78.08,-58.56,19.52,68.32,-48.8,-19.52,161.04,209.84,151.28,53.68,24.4,1019.92
-73.2,-48.8,24.4,63.44,-48.8,-14.64,146.4,200.08,161.04,58.56,34.16,1044.32
-82.96,-48.8,34.16,68.32,-58.56,-9.76,112.24,200.08,141.52,53.68,39.04,1058.96
-82.96,-39.04,43.92,63.44,-63.44,0,97.6,195.2,136.64,53.68,34.16,1054.08
-87.84,-58.56,29.28,73.2,-58.56,-14.64,126.88,195.2,156.16,73.2,48.8,1068.72
-73.2,-43.92,29.28,58.56,-53.68,-9.76,122,185.44,131.76,68.32,48.8,1068.72
-53.68,-29.28,24.4,43.92,-39.04,-4.88,97.6,200.08,131.76,73.2,53.68,1063.84
-43.92,-24.4,19.52,34.16,-34.16,-4.88,92.72,195.2,146.4,87.84,58.56,1088.24
-58.56,-29.28,29.28,43.92,-43.92,0,107.36,175.68,146.4,82.96,53.68,1107.76
-53.68,-29.28,24.4,43.92,-39.04,-4.88,92.72,195.2,146.4,107.36,63.44,1122.4
-63.44,-19.52,43.92,43.92,-53.68,9.76,107.36,190.32,146.4,117.12,73.2,1132.16
-58.56,-4.88,53.68,34.16,-58.56,24.4,112.24,200.08,156.16,122,82.96,1151.68
-34.16,-9.76,24.4,24.4,-29.28,4.88,136.64,200.08,161.04,136.64,87.84,1146.8
-48.8,-29.28,19.52,39.04,-34.16,-4.88,102.48,185.44,156.16,131.76,82.96,1151.68
-39.04,-24.4,14.64,34.16,-29.28,-4.88,117.12,180.56,151.28,141.52,87.84,1161.44
-53.68,-43.92,9.76,48.8,-34.16,-19.52,131.76,165.92,146.4,131.76,73.2,1146.8
-68.32,-53.68,14.64,63.44,-43.92,-19.52,82.96,175.68,131.76,126.88,73.2,1146.8
-78.08,-34.16,43.92,58.56,-63.44,4.88,117.12,190.32,156.16,161.04,92.72,1195.6
-107.36,-63.44,43.92,87.84,-78.08,-9.76,136.64,185.44,165.92,165.92,102.48,1190.72
-73.2,-48.8,24.4,63.44,-48.8,-14.64,136.64,200.08,185.44,180.56,107.36,1190.72
-4.88,9.76,14.64,0,-9.76,9.76,175.68,209.84,190.32,200.08,122,1239.52
4.88,19.52,14.64,-9.76,-4.88,14.64,180.56,209.84,204.96,204.96,122,1259.04
-4.88,4.88,9.76,0,-9.76,4.88,185.44,200.08,195.2,200.08,112.24,1234.64
0,19.52,19.52,-9.76,-9.76,19.52,190.32,204.96,190.32,209.84,112.24,1244.4
-29.28,-9.76,19.52,19.52,-24.4,4.88,200.08,224.48,190.32,214.72,112.24,1254.16
-34.16,-34.16,0,34.16,-19.52,-19.52,224.48,214.72,180.56,214.72,112.24,1254.16
-39.04,-43.92,-4.88,43.92,-19.52,-24.4,151.28,185.44,180.56,204.96,102.48,1239.52
-48.8,-48.8,0,48.8,-24.4,-24.4,126.88,214.72,195.2,204.96,97.6,1234.64
-53.68,-48.8,4.88,53.68,-29.28,-24.4,165.92,224.48,170.8,200.08,92.72,1229.76
-39.04,-29.28,9.76,34.16,-24.4,-9.76,170.8,195.2,156.16,204.96,82.96,1234.64
-43.92,-43.92,0,43.92,-24.4,-24.4,146.4,190.32,165.92,209.84,82.96,1249.28
-29.28,-43.92,-14.64,39.04,-9.76,-29.28,165.92,190.32,195.2,209.84,82.96,1259.04
-19.52,-29.28,-9.76,24.4,-4.88,-19.52,195.2,190.32,165.92,214.72,92.72,1268.8
-43.92,-39.04,4.88,43.92,-24.4,-19.52,200.08,185.44,161.04,219.6,82.96,1302.96
-58.56,-53.68,4.88,58.56,-34.16,-24.4,229.36,185.44,161.04,219.6,78.08,1302.96
-39.04,-53.68,-14.64,48.8,-14.64,-34.16,239.12,195.2,156.16,219.6,78.08,1307.84
-58.56,-58.56,0,58.56,-29.28,-29.28,214.72,190.32,146.4,209.84,73.2,1298.08
-73.2,-68.32,4.88,73.2,-39.04,-34.16,204.96,180.56,136.64,200.08,58.56,1283.44
-73.2,-68.32,4.88,73.2,-39.04,-34.16,195.2,175.68,136.64,190.32,58.56,1278.56
-87.84,-92.72,-4.88,92.72,-43.92,-48.8,175.68,165.92,117.12,185.44,48.8,1278.56
-97.6,-107.36,-9.76,102.48,-43.92,-58.56,161.04,161.04,112.24,185.44,48.8,1263.92
-112.24,-126.88,-14.64,122,-48.8,-73.2,136.64,190.32,122,204.96,53.68,1283.44
-117.12,-122,-4.88,122,-58.56,-63.44,136.64,170.8,126.88,204.96,53.68,1293.2
-87.84,-92.72,-4.88,92.72,-43.92,-48.8,136.64,185.44,156.16,214.72,63.44,1317.6
-73.2,-73.2,0,73.2,-39.04,-39.04,151.28,195.2,141.52,219.6,68.32,1332.24
-78.08,-68.32,9.76,73.2,-43.92,-29.28,141.52,185.44,141.52,214.72,63.44,1371.28
-53.68,-48.8,4.88,53.68,-29.28,-24.4,151.28,195.2,136.64,214.72,63.44,1356.64
-63.44,-58.56,4.88,63.44,-34.16,-29.28,146.4,200.08,131.76,209.84,58.56,1332.24
-58.56,-53.68,4.88,58.56,-34.16,-24.4,165.92,219.6,136.64,219.6,63.44,1337.12
-68.32,-68.32,0,68.32,-34.16,-34.16,161.04,229.36,141.52,219.6,63.44,1346.88
-97.6,-102.48,-4.88,102.48,-48.8,-53.68,136.64,219.6,136.64,200.08,53.68,1337.12
-107.36,-92.72,14.64,102.48,-63.44,-39.04,151.28,204.96,126.88,200.08,43.92,1327.36
-102.48,-82.96,19.52,92.72,-63.44,-34.16,165.92,209.84,141.52,204.96,53.68,1337.12
-78.08,-82.96,-4.88,82.96,-39.04,-43.92,190.32,224.48,146.4,224.48,58.56,1351.76
-68.32,-82.96,-14.64,78.08,-29.28,-48.8,161.04,229.36,165.92,248.88,68.32,1410.32
-92.72,-97.6,-4.88,97.6,-43.92,-53.68,170.8,219.6,156.16,253.76,53.68,1385.92
-82.96,-78.08,4.88,82.96,-43.92,-39.04,229.36,209.84,146.4,248.88,48.8,1332.24
-68.32,-63.44,4.88,68.32,-39.04,-29.28,239.12,214.72,156.16,268.4,58.56,1337.12
-78.08,-68.32,9.76,73.2,-43.92,-29.28,175.68,204.96,161.04,273.28,53.68,1327.36
-82.96,-78.08,4.88,82.96,-43.92,-39.04,190.32,209.84,156.16,273.28,53.68,1317.6
-78.08,-68.32,9.76,73.2,-43.92,-29.28,200.08,224.48,161.04,268.4,53.68,1317.6
-92.72,-73.2,19.52,82.96,-58.56,-29.28,185.44,219.6,156.16,268.4,58.56,1283.44
-122,-97.6,24.4,112.24,-73.2,-39.04,185.44,219.6,175.68,283.04,58.56,1283.44
-107.36,-87.84,19.52,97.6,-63.44,-34.16,195.2,229.36,185.44,287.92,63.44,1268.8
-68.32,-68.32,0,68.32,-34.16,-34.16,204.96,263.52,185.44,292.8,63.44,1283.44
-82.96,-78.08,4.88,82.96,-43.92,-39.04,195.2,248.88,185.44,302.56,58.56,1288.32
-112.24,-102.48,9.76,107.36,-63.44,-48.8,175.68,224.48,175.68,287.92,43.92,1244.4
-78.08,-97.6,-19.52,87.84,-29.28,-58.56,180.56,214.72,170.8,287.92,34.16,1220
-107.36,-136.64,-29.28,122,-39.04,-82.96,229.36,204.96,170.8,273.28,19.52,1220
-82.96,-112.24,-29.28,97.6,-29.28,-73.2,244,229.36,185.44,283.04,29.28,1215.12
-107.36,-78.08,29.28,92.72,-68.32,-24.4,268.4,263.52,204.96,307.44,58.56,1224.88
-102.48,-73.2,29.28,87.84,-68.32,-24.4,248.88,239.12,195.2,307.44,58.56,1215.12
-87.84,-63.44,24.4,78.08,-58.56,-19.52,214.72,273.28,200.08,312.32,63.44,1205.36
-131.76,-112.24,19.52,122,-78.08,-48.8,219.6,278.16,195.2,307.44,53.68,1190.72
-146.4,-117.12,29.28,131.76,-87.84,-43.92,195.2,263.52,195.2,302.56,53.68,1185.84
-131.76,-107.36,24.4,122,-78.08,-43.92,180.56,258.64,195.2,322.08,63.44,1176.08
-117.12,-102.48,14.64,112.24,-68.32,-43.92,224.48,258.64,204.96,317.2,53.68,1171.2
-102.48,-78.08,24.4,92.72,-63.44,-29.28,239.12,263.52,195.2,317.2,48.8,1161.44
-107.36,-82.96,24.4,97.6,-68.32,-29.28,248.88,268.4,204.96,326.96,48.8,1156.56
-126.88,-102.48,24.4,117.12,-78.08,-39.04,253.76,263.52,200.08,331.84,43.92,1141.92
-146.4,-112.24,34.16,131.76,-92.72,-39.04,253.76,258.64,195.2,326.96,39.04,1151.68
-112.24,-78.08,34.16,97.6,-73.2,-24.4,234.24,268.4,195.2,331.84,39.04,1141.92
-97.6,-68.32,29.28,82.96,-63.44,-19.52,219.6,263.52,195.2,326.96,48.8,1117.52
-68.32,-53.68,14.64,63.44,-43.92,-19.52,253.76,268.4,214.72,346.48,53.68,1088.24
-58.56,-48.8,9.76,53.68,-34.16,-19.52,263.52,287.92,234.24,356.24,63.44,1078.48
-82.96,-68.32,14.64,78.08,-48.8,-29.28,244,287.92,204.96,361.12,53.68,1058.96
-87.84,-82.96,4.88,87.84,-48.8,-39.04,244,273.28,200.08,366,48.8,1063.84
-97.6,-112.24,-14.64,107.36,-43.92,-63.44,268.4,273.28,200.08,361.12,43.92,1039.44
-97.6,-107.36,-9.76,102.48,-43.92,-58.56,258.64,292.8,209.84,370.88,43.92,1034.56
-97.6,-97.6,0,97.6,-48.8,-48.8,229.36,292.8,204.96,375.76,43.92,1029.68
-87.84,-92.72,-4.88,92.72,-43.92,-48.8,234.24,307.44,214.72,370.88,53.68,1019.92
-97.6,-107.36,-9.76,102.48,-43.92,-58.56,278.16,302.56,229.36,385.52,63.44,1039.44
-92.72,-97.6,-4.88,97.6,-43.92,-53.68,326.96,297.68,253.76,390.4,68.32,1068.72
-73.2,-73.2,0,73.2,-39.04,-39.04,273.28,312.32,224.48,390.4,68.32,1054.08
-92.72,-92.72,0,92.72,-48.8,-48.8,268.4,307.44,209.84,380.64,48.8,1044.32
-92.72,-68.32,24.4,82.96,-58.56,-24.4,229.36,287.92,195.2,375.76,43.92,1034.56
-63.44,-58.56,4.88,63.44,-34.16,-29.28,229.36,292.8,200.08,380.64,63.44,1039.44
-68.32,-82.96,-14.64,78.08,-29.28,-48.8,244,297.68,209.84,390.4,68.32,1054.08
-78.08,-97.6,-19.52,87.84,-29.28,-58.56,229.36,312.32,200.08,390.4,63.44,1078.48
-92.72,-117.12,-24.4,107.36,-34.16,-73.2,268.4,297.68,200.08,395.28,58.56,1102.88
-112.24,-136.64,-24.4,126.88,-43.92,-82.96,234.24,278.16,190.32,385.52,58.56,1098
-97.6,-117.12,-19.52,107.36,-39.04,-68.32,244,273.28,190.32,380.64,53.68,1117.52
-87.84,-117.12,-29.28,102.48,-29.28,-73.2,297.68,278.16,204.96,395.28,63.44,1161.44
-92.72,-117.12,-24.4,107.36,-34.16,-73.2,278.16,273.28,200.08,390.4,63.44,1176.08
-97.6,-112.24,-14.64,107.36,-43.92,-63.44,253.76,283.04,214.72,390.4,63.44,1180.96
-107.36,-117.12,-9.76,112.24,-48.8,-63.44,253.76,278.16,204.96,390.4,58.56,1185.84
-92.72,-112.24,-19.52,102.48,-39.04,-68.32,234.24,258.64,180.56,385.52,58.56,1176.08
-78.08,-97.6,-19.52,87.84,-29.28,-58.56,224.48,253.76,175.68,385.52,53.68,1185.84
-73.2,-92.72,-19.52,82.96,-29.28,-58.56,200.08,248.88,175.68,390.4,63.44,1215.12
-97.6,-102.48,-4.88,102.48,-48.8,-53.68,195.2,229.36,165.92,375.76,58.56,1224.88
-87.84,-97.6,-9.76,92.72,-39.04,-53.68,200.08,244,165.92,380.64,63.44,1234.64
-87.84,-97.6,-9.76,92.72,-39.04,-53.68,180.56,234.24,180.56,385.52,73.2,1239.52
-78.08,-102.48,-24.4,92.72,-29.28,-63.44,195.2,253.76,180.56,395.28,78.08,1259.04
-87.84,-122,-34.16,107.36,-29.28,-78.08,161.04,244,175.68,390.4,68.32,1278.56
-87.84,-112.24,-24.4,102.48,-34.16,-68.32,151.28,209.84,156.16,380.64,58.56,1268.8
-112.24,-122,-9.76,117.12,-53.68,-68.32,151.28,195.2,146.4,370.88,53.68,1268.8
-141.52,-141.52,0,141.52,-73.2,-73.2,146.4,195.2,161.04,361.12,58.56,1293.2
-141.52,-141.52,0,141.52,-73.2,-73.2,122,204.96,161.04,361.12,58.56,1288.32
-122,-122,0,122,-63.44,-63.44,107.36,219.6,151.28,351.36,58.56,1288.32
-43.92,-48.8,-4.88,48.8,-19.52,-29.28,141.52,229.36,165.92,370.88,78.08,1293.2
-43.92,-58.56,-14.64,53.68,-14.64,-39.04,165.92,229.36,165.92,361.12,82.96,1302.96
-97.6,-122,-24.4,112.24,-39.04,-73.2,151.28,209.84,141.52,346.48,58.56,1307.84
-73.2,-122,-48.8,97.6,-14.64,-87.84,141.52,204.96,156.16,346.48,63.44,1317.6
-43.92,-92.72,-48.8,68.32,0,-73.2,151.28,219.6,165.92,356.24,73.2,1376.16
-48.8,-87.84,-39.04,68.32,-4.88,-63.44,165.92,224.48,165.92,351.36,68.32,1376.16
-68.32,-97.6,-29.28,82.96,-19.52,-63.44,151.28,229.36,151.28,351.36,68.32,1381.04
-92.72,-136.64,-43.92,117.12,-24.4,-92.72,122,239.12,161.04,361.12,73.2,1390.8
-82.96,-112.24,-29.28,97.6,-29.28,-73.2,122,248.88,161.04,356.24,73.2,1395.68
-68.32,-82.96,-14.64,78.08,-29.28,-48.8,141.52,263.52,165.92,356.24,78.08,1405.44
-112.24,-122,-9.76,117.12,-53.68,-68.32,141.52,244,161.04,341.6,68.32,1405.44
-126.88,-136.64,-9.76,131.76,-58.56,-73.2,136.64,229.36,141.52,322.08,63.44,1395.68
-107.36,-126.88,-19.52,117.12,-43.92,-73.2,141.52,229.36,156.16,326.96,68.32,1405.44
-92.72,-102.48,-9.76,97.6,-43.92,-58.56,170.8,234.24,165.92,326.96,82.96,1415.2
-68.32,-87.84,-19.52,78.08,-24.4,-53.68,165.92,239.12,161.04,336.72,92.72,1434.72
-58.56,-82.96,-24.4,73.2,-19.52,-53.68,107.36,244,156.16,346.48,97.6,1464
-48.8,-63.44,-14.64,58.56,-19.52,-39.04,87.84,234.24,151.28,341.6,92.72,1434.72
-63.44,-73.2,-9.76,68.32,-29.28,-43.92,112.24,229.36,146.4,331.84,82.96,1434.72
-87.84,-97.6,-9.76,92.72,-39.04,-53.68,131.76,234.24,151.28,336.72,82.96,1444.48
-102.48,-107.36,-4.88,107.36,-48.8,-58.56,117.12,239.12,146.4,336.72,82.96,1439.6
-92.72,-102.48,-9.76,97.6,-43.92,-58.56,126.88,234.24,156.16,331.84,87.84,1449.36
-82.96,-92.72,-9.76,87.84,-39.04,-53.68,97.6,248.88,151.28,331.84,97.6,1439.6
-87.84,-82.96,4.88,87.84,-48.8,-39.04,97.6,244,146.4,326.96,87.84,1420.08
-87.84,-92.72,-4.88,92.72,-43.92,-48.8,102.48,244,141.52,322.08,82.96,1400.56
-87.84,-107.36,-19.52,97.6,-34.16,-63.44,87.84,248.88,156.16,322.08,92.72,1385.92
-78.08,-92.72,-14.64,87.84,-34.16,-53.68,126.88,268.4,156.16,326.96,97.6,1376.16
-63.44,-97.6,-34.16,82.96,-14.64,-68.32,97.6,273.28,161.04,346.48,107.36,1385.92
-53.68,-92.72,-39.04,73.2,-9.76,-68.32,78.08,307.44,190.32,361.12,122,1385.92
-43.92,-78.08,-34.16,63.44,-4.88,-58.56,112.24,390.4,239.12,380.64,131.76,1385.92
-29.28,-48.8,-19.52,39.04,-4.88,-34.16,175.68,546.56,351.36,439.2,161.04,1395.68
4.88,-4.88,-9.76,0,4.88,-9.76,258.64,805.2,546.56,527.04,224.48,1410.32
24.4,9.76,-14.64,-14.64,19.52,-4.88,322.08,1078.48,746.64,610,273.28,1424.96
19.52,4.88,-14.64,-9.76,14.64,-4.88,307.44,1127.28,775.92,624.64,283.04,1429.84
0,-4.88,-4.88,4.88,0,-4.88,297.68,936.96,629.52,570.96,258.64,1429.84
-29.28,-29.28,0,29.28,-14.64,-14.64,258.64,629.52,400.16,478.24,224.48,1390.8
-24.4,-58.56,-34.16,43.92,4.88,-48.8,136.64,204.96,97.6,361.12,175.68,1351.76
-4.88,-63.44,-58.56,34.16,24.4,-63.44,0,-200.08,-190.32,263.52,146.4,1351.76
43.92,-53.68,-97.6,4.88,68.32,-78.08,-117.12,-566.08,-429.44,200.08,141.52,1322.48
73.2,-68.32,-141.52,0,107.36,-107.36,-248.88,-893.04,-653.92,156.16,151.28,1332.24
107.36,-58.56,-165.92,-24.4,136.64,-112.24,-351.36,-1229.76,-863.76,117.12,165.92,1346.88
146.4,-19.52,-165.92,-63.44,156.16,-92.72,-483.12,-1561.6,-1093.12,63.44,180.56,1366.4
200.08,9.76,-190.32,-102.48,195.2,-92.72,-595.36,-1810.48,-1278.56,34.16,219.6,1405.44
214.72,19.52,-195.2,-117.12,204.96,-87.84,-736.88,-2152.08,-1551.84,-68.32,200.08,1415.2
244,9.76,-234.24,-126.88,239.12,-112.24,-873.52,-2498.56,-1873.92,-253.76,117.12,1381.04
283.04,14.64,-268.4,-146.4,273.28,-126.88,-946.72,-2727.92,-2113.04,-400.16,63.44,1342
287.92,-4.88,-292.8,-141.52,287.92,-151.28,-1044.32,-2918.24,-2352.16,-570.96,-9.76,1302.96
292.8,0,-292.8,-146.4,292.8,-146.4,-1176.08,-3118.32,-2557.12,-707.6,-53.68,1307.84
341.6,34.16,-307.44,-185.44,322.08,-136.64,-1351.76,-3289.12,-2727.92,-800.32,-43.92,1332.24
405.04,92.72,-312.32,-248.88,356.24,-112.24,-1478.64,-3445.28,-2825.52,-829.6,14.64,1361.52
453.84,175.68,-278.16,-312.32,366,-53.68,-1546.96,-3518.48,-2820.64,-761.28,146.4,1493.28
497.76,244,-253.76,-370.88,375.76,-4.88,-1659.2,-3538,-2796.24,-673.44,283.04,1629.92
556.32,326.96,-229.36,-439.2,390.4,48.8,-1790.96,-3508.72,-2723.04,-556.32,448.96,1751.92
629.52,444.08,-185.44,-536.8,405.04,126.88,-1873.92,-3420.88,-2576.64,-370.88,653.92,1932.48
727.12,566.08,-161.04,-644.16,444.08,200.08,-1878.8,-3225.68,-2357.04,-146.4,888.16,2103.28
761.28,653.92,-107.36,-707.6,434.32,273.28,-1825.12,-2928,-2059.36,97.6,1117.52,2269.2
634.4,741.76,107.36,-688.08,263.52,424.56,-1747.04,-2630.32,-1815.36,258.64,1259.04,2415.6
536.8,800.32,263.52,-668.56,136.64,531.92,-1629.92,-2396.08,-1698.24,229.36,1215.12,2396.08
409.92,746.64,336.72,-575.84,34.16,541.68,-1468.88,-2171.6,-1629.92,68.32,1015.04,2298.48
273.28,673.44,400.16,-473.36,-63.44,536.8,-1312.72,-1971.52,-1590.88,-87.84,829.6,2176.48
219.6,649.04,429.44,-434.32,-107.36,536.8,-1156.56,-1781.2,-1561.6,-224.48,653.92,2020.32
141.52,595.36,453.84,-366,-156.16,522.16,-1010.16,-1620.16,-1483.52,-312.32,512.4,1908.08
19.52,507.52,488,-263.52,-234.24,497.76,-922.32,-1449.36,-1395.68,-385.52,370.88,1776.32
-68.32,488,556.32,-209.84,-312.32,522.16,-795.44,-1283.44,-1263.92,-405.04,278.16,1678.72
-131.76,473.36,605.12,-170.8,-370.88,536.8,-707.6,-1093.12,-1156.56,-380.64,229.36,1615.28
-102.48,473.36,575.84,-185.44,-341.6,522.16,-614.88,-941.84,-1024.8,-361.12,204.96,1542.08
-48.8,502.64,551.44,-224.48,-302.56,527.04,-517.28,-800.32,-912.56,-317.2,209.84,1498.16
-92.72,473.36,566.08,-190.32,-331.84,517.28,-439.2,-649.04,-810.08,-268.4,200.08,1429.84
-161.04,395.28,556.32,-117.12,-361.12,473.36,-361.12,-512.4,-702.72,-244,170.8,1351.76
-200.08,326.96,527.04,-63.44,-366,424.56,-273.28,-385.52,-595.36,-219.6,136.64,1268.8
-185.44,283.04,468.48,-48.8,-326.96,375.76,-200.08,-297.68,-561.2,-214.72,87.84,1171.2
-195.2,209.84,405.04,-4.88,-302.56,307.44,-156.16,-234.24,-497.76,-219.6,43.92,1073.6
-219.6,117.12,336.72,53.68,-278.16,224.48,-146.4,-151.28,-439.2,-219.6,4.88,995.52
-234.24,58.56,292.8,87.84,-263.52,175.68,-117.12,-82.96,-395.28,-204.96,-4.88,951.6
-219.6,24.4,244,97.6,-234.24,131.76,-68.32,-4.88,-331.84,-175.68,-9.76,936.96
-214.72,-19.52,195.2,117.12,-204.96,87.84,-39.04,53.68,-292.8,-151.28,-4.88,893.04
-204.96,-39.04,165.92,122,-185.44,63.44,-4.88,107.36,-263.52,-131.76,9.76,902.8
-185.44,-43.92,141.52,117.12,-165.92,48.8,58.56,175.68,-214.72,-92.72,24.4,878.4
-180.56,-53.68,126.88,117.12,-156.16,34.16,78.08,224.48,-180.56,-73.2,29.28,844.24
-165.92,-73.2,92.72,122,-131.76,9.76,126.88,263.52,-151.28,-63.44,39.04,800.32
-185.44,-117.12,68.32,151.28,-126.88,-24.4,122,287.92,-141.52,-63.44,34.16,756.4
-224.48,-146.4,78.08,185.44,-151.28,-34.16,117.12,297.68,-161.04,-78.08,19.52,717.36
-239.12,-170.8,68.32,204.96,-156.16,-53.68,136.64,312.32,-146.4,-68.32,34.16,683.2
-244,-190.32,53.68,219.6,-151.28,-68.32,122,297.68,-161.04,-78.08,19.52,653.92
-229.36,-170.8,58.56,200.08,-146.4,-58.56,136.64,297.68,-151.28,-68.32,24.4,649.04
-224.48,-151.28,73.2,190.32,-151.28,-39.04,131.76,302.56,-131.76,-68.32,19.52,639.28
-209.84,-151.28,58.56,180.56,-136.64,-48.8,112.24,307.44,-146.4,-78.08,19.52,634.4
-190.32,-146.4,43.92,170.8,-117.12,-53.68,117.12,317.2,-131.76,-78.08,19.52,634.4
-209.84,-175.68,34.16,195.2,-122,-73.2,126.88,312.32,-136.64,-87.84,4.88,610
-229.36,-195.2,34.16,214.72,-131.76,-82.96,131.76,317.2,-151.28,-97.6,9.76,600.24
-219.6,-170.8,48.8,195.2,-136.64,-63.44,156.16,322.08,-165.92,-102.48,14.64,590.48
-214.72,-161.04,53.68,190.32,-136.64,-53.68,122,336.72,-161.04,-117.12,19.52,561.2
-195.2,-136.64,58.56,165.92,-126.88,-39.04,126.88,331.84,-175.68,-122,29.28,546.56
-185.44,-122,63.44,156.16,-126.88,-29.28,136.64,326.96,-190.32,-126.88,39.04,556.32
-209.84,-156.16,53.68,185.44,-131.76,-53.68,136.64,317.2,-190.32,-146.4,24.4,512.4
-219.6,-161.04,58.56,190.32,-141.52,-53.68,156.16,326.96,-190.32,-156.16,19.52,483.12
-200.08,-136.64,63.44,170.8,-131.76,-39.04,151.28,322.08,-214.72,-161.04,24.4,478.24
-185.44,-131.76,53.68,161.04,-122,-39.04,151.28,341.6,-214.72,-151.28,34.16,483.12
-185.44,-151.28,34.16,170.8,-112.24,-58.56,165.92,356.24,-204.96,-146.4,34.16,478.24
-185.44,-151.28,34.16,170.8,-112.24,-58.56,151.28,356.24,-214.72,-151.28,29.28,453.84
-200.08,-161.04,39.04,180.56,-122,-63.44,156.16,326.96,-239.12,-175.68,14.64,439.2
-219.6,-185.44,34.16,204.96,-126.88,-78.08,131.76,322.08,-239.12,-185.44,4.88,414.8
-214.72,-165.92,48.8,190.32,-131.76,-58.56,82.96,331.84,-253.76,-190.32,9.76,385.52
-214.72,-151.28,63.44,185.44,-141.52,-43.92,102.48,336.72,-253.76,-180.56,24.4,375.76
-219.6,-141.52,78.08,180.56,-151.28,-34.16,131.76,336.72,-248.88,-180.56,29.28,385.52
-214.72,-141.52,73.2,180.56,-146.4,-34.16,131.76,356.24,-258.64,-185.44,29.28,317.2
-224.48,-151.28,73.2,190.32,-151.28,-39.04,170.8,351.36,-248.88,-180.56,34.16,292.8
-248.88,-195.2,53.68,224.48,-151.28,-73.2,126.88,356.24,-244,-180.56,34.16,287.92
-195.2,-161.04,34.16,180.56,-117.12,-63.44,117.12,370.88,-239.12,-185.44,34.16,287.92
-156.16,-112.24,43.92,136.64,-102.48,-34.16,146.4,400.16,-229.36,-175.68,48.8,297.68
-180.56,-126.88,53.68,156.16,-117.12,-39.04,141.52,390.4,-248.88,-195.2,34.16,273.28
-195.2,-126.88,68.32,161.04,-131.76,-29.28,180.56,395.28,-244,-195.2,39.04,253.76
-180.56,-117.12,63.44,151.28,-122,-29.28,219.6,405.04,-214.72,-180.56,58.56,268.4
-175.68,-117.12,58.56,146.4,-117.12,-29.28,229.36,400.16,-224.48,-190.32,48.8,248.88
-200.08,-126.88,73.2,165.92,-136.64,-29.28,204.96,405.04,-229.36,-195.2,43.92,224.48
-219.6,-141.52,78.08,180.56,-151.28,-34.16,209.84,424.56,-239.12,-204.96,48.8,229.36
-219.6,-131.76,87.84,175.68,-156.16,-24.4,200.08,419.68,-234.24,-214.72,43.92,209.84
-248.88,-136.64,112.24,195.2,-180.56,-14.64,234.24,409.92,-239.12,-209.84,39.04,200.08
-219.6,-146.4,73.2,185.44,-146.4,-39.04,244,429.44,-204.96,-200.08,58.56,224.48
-195.2,-141.52,53.68,170.8,-126.88,-43.92,263.52,453.84,-200.08,-185.44,68.32,209.84
-200.08,-126.88,73.2,165.92,-136.64,-29.28,278.16,444.08,-224.48,-200.08,63.44,195.2
-190.32,-112.24,78.08,151.28,-136.64,-19.52,239.12,453.84,-224.48,-209.84,63.44,195.2
-180.56,-107.36,73.2,146.4,-126.88,-19.52,258.64,463.6,-209.84,-209.84,73.2,214.72
-214.72,-122,92.72,170.8,-156.16,-14.64,278.16,444.08,-229.36,-219.6,63.44,224.48
-219.6,-131.76,87.84,175.68,-156.16,-24.4,263.52,444.08,-234.24,-224.48,68.32,229.36
-224.48,-122,102.48,175.68,-165.92,-9.76,278.16,458.72,-248.88,-234.24,63.44,214.72
-239.12,-131.76,107.36,185.44,-175.68,-14.64,248.88,453.84,-258.64,-244,63.44,190.32
-224.48,-122,102.48,175.68,-165.92,-9.76,248.88,448.96,-244,-248.88,53.68,190.32
-219.6,-112.24,107.36,165.92,-165.92,-4.88,253.76,463.6,-244,-253.76,48.8,175.68
-234.24,-122,112.24,180.56,-175.68,-4.88,258.64,478.24,-253.76,-253.76,58.56,175.68
-234.24,-136.64,97.6,185.44,-165.92,-19.52,283.04,478.24,-268.4,-253.76,63.44,190.32
-234.24,-136.64,97.6,185.44,-165.92,-19.52,273.28,497.76,-268.4,-244,68.32,185.44
-234.24,-126.88,107.36,180.56,-170.8,-9.76,263.52,492.88,-273.28,-253.76,58.56,185.44
-224.48,-112.24,112.24,170.8,-170.8,0,297.68,497.76,-273.28,-239.12,68.32,190.32
-248.88,-131.76,117.12,190.32,-185.44,-9.76,322.08,512.4,-268.4,-239.12,73.2,175.68
-239.12,-136.64,102.48,190.32,-170.8,-19.52,297.68,527.04,-258.64,-229.36,92.72,195.2
-234.24,-141.52,92.72,190.32,-165.92,-24.4,268.4,527.04,-253.76,-234.24,97.6,190.32
-214.72,-131.76,82.96,175.68,-151.28,-24.4,263.52,536.8,-268.4,-234.24,97.6,156.16
-204.96,-131.76,73.2,170.8,-141.52,-29.28,283.04,531.92,-268.4,-234.24,87.84,146.4
-219.6,-141.52,78.08,180.56,-151.28,-34.16,258.64,541.68,-263.52,-234.24,92.72,131.76
-219.6,-107.36,112.24,165.92,-165.92,0,263.52,551.44,-268.4,-229.36,97.6,107.36
-234.24,-112.24,122,175.68,-180.56,4.88,278.16,575.84,-258.64,-219.6,97.6,107.36
-224.48,-112.24,112.24,170.8,-170.8,0,336.72,590.48,-239.12,-214.72,107.36,122
-244,-117.12,126.88,180.56,-185.44,4.88,312.32,590.48,-234.24,-209.84,107.36,112.24
-268.4,-141.52,126.88,204.96,-200.08,-9.76,336.72,595.36,-229.36,-204.96,107.36,92.72
-278.16,-156.16,122,219.6,-200.08,-19.52,331.84,614.88,-209.84,-209.84,102.48,78.08
-248.88,-156.16,92.72,204.96,-170.8,-34.16,336.72,629.52,-200.08,-209.84,102.48,78.08
-287.92,-161.04,126.88,224.48,-209.84,-19.52,331.84,644.16,-214.72,-200.08,112.24,92.72
-287.92,-165.92,122,229.36,-204.96,-24.4,326.96,653.92,-209.84,-200.08,122,73.2
-234.24,-131.76,102.48,185.44,-170.8,-14.64,317.2,649.04,-190.32,-200.08,131.76,58.56
-219.6,-107.36,112.24,165.92,-165.92,0,331.84,653.92,-195.2,-195.2,131.76,43.92
-214.72,-68.32,146.4,141.52,-180.56,39.04,346.48,673.44,-195.2,-180.56,141.52,24.4
-214.72,-78.08,136.64,146.4,-175.68,29.28,346.48,668.56,-195.2,-180.56,136.64,9.76
-244,-117.12,126.88,180.56,-185.44,4.88,356.24,678.32,-180.56,-180.56,141.52,24.4
-292.8,-136.64,156.16,214.72,-224.48,9.76,341.6,668.56,-180.56,-170.8,146.4,24.4
-248.88,-107.36,141.52,180.56,-195.2,14.64,346.48,673.44,-180.56,-170.8,156.16,-4.88
-219.6,-73.2,146.4,146.4,-185.44,34.16,351.36,668.56,-180.56,-170.8,161.04,-24.4
