I,II,III,aVR,aVL,aVF,V1,V2,V3,V4,V5,V6
14.64,58.56,43.92,-34.16,-14.64,48.8,107.36,356.24,234.24,136.64,117.12,82.96
19.52,73.2,53.68,-43.92,-19.52,63.44,112.24,366,248.88,146.4,112.24,117.12
19.52,82.96,63.44,-48.8,-24.4,73.2,107.36,375.76,253.76,161.04,151.28,117.12
43.92,107.36,63.44,-73.2,-9.76,82.96,97.6,380.64,258.64,161.04,170.8,63.44
58.56,122,63.44,-87.84,-4.88,92.72,97.6,385.52,263.52,165.92,165.92,63.44
68.32,112.24,43.92,-87.84,9.76,78.08,102.48,395.28,273.28,175.68,175.68,48.8
73.2,112.24,39.04,-92.72,14.64,73.2,107.36,419.68,283.04,185.44,156.16,87.84
73.2,107.36,34.16,-87.84,19.52,68.32,107.36,424.56,287.92,185.44,131.76,92.72
82.96,112.24,29.28,-97.6,24.4,68.32,117.12,453.84,307.44,204.96,161.04,78.08
87.84,122,34.16,-102.48,24.4,78.08,122,463.6,322.08,219.6,190.32,136.64
92.72,112.24,19.52,-102.48,34.16,63.44,117.12,473.36,331.84,224.48,185.44,126.88
82.96,122,39.04,-102.48,19.52,78.08,112.24,478.24,341.6,229.36,195.2,117.12
82.96,141.52,58.56,-112.24,9.76,97.6,117.12,483.12,356.24,258.64,200.08,82.96
97.6,156.16,58.56,-126.88,19.52,107.36,97.6,478.24,351.36,239.12,180.56,92.72
126.88,185.44,58.56,-156.16,34.16,122,97.6,483.12,356.24,253.76,185.44,117.12
117.12,195.2,78.08,-156.16,19.52,136.64,107.36,502.64,375.76,273.28,229.36,97.6
117.12,175.68,58.56,-146.4,29.28,117.12,112.24,522.16,385.52,273.28,224.48,112.24
126.88,161.04,34.16,-141.52,43.92,97.6,107.36,531.92,390.4,273.28,219.6,141.52
102.48,161.04,58.56,-131.76,19.52,107.36,122,556.32,414.8,287.92,244,117.12
92.72,170.8,78.08,-131.76,4.88,122,126.88,561.2,424.56,297.68,268.4,122
117.12,195.2,78.08,-156.16,19.52,136.64,112.24,561.2,414.8,292.8,268.4,131.76
117.12,209.84,92.72,-161.04,9.76,151.28,107.36,561.2,429.44,307.44,258.64,131.76
136.64,224.48,87.84,-180.56,24.4,156.16,112.24,561.2,444.08,322.08,258.64,165.92
141.52,214.72,73.2,-175.68,34.16,141.52,102.48,561.2,439.2,312.32,268.4,126.88
156.16,209.84,53.68,-180.56,48.8,131.76,97.6,570.96,448.96,317.2,292.8,131.76
151.28,204.96,53.68,-175.68,48.8,126.88,112.24,580.72,468.48,331.84,283.04,165.92
141.52,200.08,58.56,-170.8,39.04,126.88,117.12,590.48,473.36,341.6,268.4,161.04
146.4,200.08,53.68,-170.8,43.92,126.88,117.12,595.36,468.48,336.72,273.28,170.8
170.8,214.72,43.92,-190.32,63.44,126.88,117.12,600.24,473.36,346.48,287.92,180.56
161.04,224.48,63.44,-190.32,48.8,141.52,107.36,595.36,473.36,346.48,273.28,161.04
170.8,234.24,63.44,-200.08,53.68,146.4,97.6,585.6,468.48,351.36,297.68,156.16
165.92,244,78.08,-204.96,43.92,161.04,87.84,585.6,468.48,341.6,307.44,185.44
151.28,248.88,97.6,-200.08,24.4,170.8,87.84,575.84,473.36,346.48,307.44,224.48
146.4,248.88,102.48,-195.2,19.52,175.68,87.84,570.96,468.48,346.48,322.08,268.4
141.52,239.12,97.6,-190.32,19.52,165.92,82.96,566.08,463.6,346.48,297.68,204.96
156.16,234.24,78.08,-195.2,39.04,156.16,78.08,556.32,468.48,356.24,263.52,204.96
151.28,229.36,78.08,-190.32,34.16,151.28,87.84,556.32,468.48,351.36,302.56,204.96
161.04,209.84,48.8,-185.44,53.68,126.88,82.96,551.44,463.6,361.12,317.2,278.16
180.56,214.72,34.16,-195.2,73.2,122,87.84,551.44,468.48,351.36,278.16,229.36
180.56,214.72,34.16,-195.2,73.2,122,78.08,527.04,453.84,341.6,263.52,244
161.04,219.6,58.56,-190.32,48.8,136.64,78.08,522.16,453.84,336.72,253.76,258.64
146.4,219.6,73.2,-180.56,34.16,146.4,73.2,502.64,444.08,331.84,278.16,253.76
131.76,204.96,73.2,-165.92,29.28,136.64,58.56,478.24,424.56,326.96,297.68,156.16
146.4,209.84,63.44,-175.68,39.04,136.64,53.68,448.96,400.16,302.56,258.64,175.68
141.52,214.72,73.2,-175.68,34.16,141.52,48.8,429.44,380.64,283.04,244,195.2
131.76,185.44,53.68,-156.16,39.04,117.12,48.8,414.8,366,283.04,253.76,175.68
126.88,165.92,39.04,-146.4,43.92,102.48,53.68,400.16,351.36,287.92,248.88,136.64
122,156.16,34.16,-136.64,43.92,92.72,48.8,385.52,336.72,263.52,239.12,141.52
126.88,156.16,29.28,-141.52,48.8,92.72,48.8,366,317.2,244,219.6,141.52
112.24,161.04,48.8,-136.64,29.28,102.48,43.92,336.72,302.56,229.36,229.36,146.4
97.6,175.68,78.08,-136.64,9.76,126.88,39.04,317.2,283.04,219.6,234.24,165.92
97.6,175.68,78.08,-136.64,9.76,126.88,39.04,292.8,268.4,209.84,214.72,92.72
82.96,156.16,73.2,-117.12,4.88,112.24,29.28,263.52,244,190.32,219.6,92.72
82.96,122,39.04,-102.48,19.52,78.08,19.52,229.36,209.84,161.04,170.8,92.72
78.08,117.12,39.04,-97.6,19.52,78.08,19.52,219.6,195.2,146.4,141.52,73.2
58.56,78.08,19.52,-68.32,19.52,48.8,24.4,200.08,180.56,136.64,112.24,92.72
48.8,63.44,14.64,-53.68,14.64,39.04,24.4,185.44,161.04,122,146.4,78.08
68.32,73.2,4.88,-68.32,29.28,39.04,34.16,185.44,156.16,112.24,175.68,58.56
58.56,68.32,9.76,-63.44,24.4,39.04,34.16,165.92,136.64,107.36,156.16,43.92
48.8,63.44,14.64,-53.68,14.64,39.04,24.4,141.52,117.12,87.84,117.12,39.04
53.68,78.08,24.4,-63.44,14.64,48.8,9.76,117.12,92.72,68.32,82.96,34.16
48.8,78.08,29.28,-63.44,9.76,53.68,14.64,97.6,82.96,63.44,82.96,73.2
34.16,78.08,43.92,-53.68,-4.88,58.56,29.28,92.72,78.08,63.44,82.96,73.2
39.04,63.44,24.4,-48.8,4.88,43.92,19.52,68.32,53.68,48.8,63.44,53.68
48.8,39.04,-9.76,-43.92,29.28,14.64,9.76,48.8,29.28,24.4,39.04,0
39.04,19.52,-19.52,-29.28,29.28,0,9.76,34.16,14.64,9.76,43.92,-4.88
14.64,14.64,0,-14.64,4.88,4.88,9.76,24.4,0,4.88,73.2,9.76
0,9.76,9.76,-4.88,-4.88,9.76,19.52,29.28,0,4.88,68.32,14.64
-4.88,0,4.88,4.88,-4.88,0,19.52,29.28,-4.88,0,39.04,-14.64
14.64,0,-14.64,-4.88,14.64,-9.76,19.52,19.52,-9.76,-9.76,24.4,-24.4
9.76,0,-9.76,-4.88,9.76,-4.88,19.52,14.64,-14.64,-9.76,0,-29.28
-14.64,-14.64,0,14.64,-9.76,-9.76,19.52,4.88,-14.64,-9.76,19.52,-29.28
14.64,-4.88,-19.52,-4.88,14.64,-14.64,9.76,-14.64,-24.4,-24.4,24.4,-4.88
19.52,14.64,-4.88,-14.64,9.76,4.88,9.76,-24.4,-34.16,-34.16,58.56,-9.76
-4.88,14.64,19.52,-4.88,-14.64,14.64,9.76,-29.28,-39.04,-43.92,19.52,-14.64
0,0,0,0,0,0,19.52,-29.28,-39.04,-43.92,-14.64,-4.88
-4.88,-4.88,0,4.88,-4.88,-4.88,19.52,-29.28,-48.8,-43.92,-4.88,4.88
-4.88,-19.52,-14.64,14.64,4.88,-19.52,9.76,-39.04,-58.56,-58.56,-24.4,-39.04
-4.88,-29.28,-24.4,19.52,9.76,-29.28,9.76,-34.16,-58.56,-53.68,-29.28,-63.44
-4.88,-34.16,-29.28,19.52,9.76,-34.16,9.76,-34.16,-58.56,-58.56,-24.4,-43.92
-14.64,-9.76,4.88,14.64,-9.76,-4.88,4.88,-39.04,-68.32,-73.2,4.88,-68.32
-19.52,0,19.52,9.76,-19.52,9.76,0,-53.68,-78.08,-78.08,9.76,-73.2
-9.76,19.52,29.28,-4.88,-19.52,24.4,-9.76,-63.44,-82.96,-82.96,0,-97.6
-4.88,34.16,39.04,-14.64,-24.4,34.16,-4.88,-68.32,-82.96,-87.84,-14.64,-63.44
-4.88,43.92,48.8,-19.52,-29.28,43.92,-19.52,-82.96,-102.48,-102.48,-39.04,-82.96
-9.76,24.4,34.16,-4.88,-24.4,29.28,-14.64,-82.96,-102.48,-102.48,14.64,-82.96
-14.64,14.64,29.28,0,-24.4,19.52,-14.64,-73.2,-107.36,-97.6,0,-87.84
-19.52,-4.88,14.64,14.64,-19.52,4.88,-9.76,-73.2,-107.36,-102.48,4.88,-87.84
-4.88,-4.88,0,4.88,-4.88,-4.88,-4.88,-58.56,-102.48,-92.72,4.88,-87.84
-14.64,-19.52,-4.88,19.52,-4.88,-14.64,-4.88,-63.44,-102.48,-92.72,4.88,-73.2
-43.92,-24.4,19.52,34.16,-34.16,-4.88,-4.88,-63.44,-102.48,-92.72,4.88,-68.32
-34.16,-4.88,29.28,19.52,-34.16,9.76,-4.88,-68.32,-107.36,-78.08,-9.76,-97.6
-29.28,9.76,39.04,9.76,-34.16,24.4,-4.88,-73.2,-107.36,-68.32,-34.16,-92.72
-29.28,9.76,39.04,9.76,-34.16,24.4,-9.76,-73.2,-112.24,-92.72,-63.44,-63.44
-14.64,9.76,24.4,4.88,-19.52,14.64,-14.64,-78.08,-122,-87.84,-58.56,-34.16
-14.64,9.76,24.4,4.88,-19.52,14.64,-14.64,-78.08,-126.88,-107.36,-39.04,-107.36
-14.64,9.76,24.4,4.88,-19.52,14.64,-9.76,-68.32,-126.88,-102.48,-29.28,-92.72
-14.64,4.88,19.52,4.88,-19.52,9.76,0,-63.44,-117.12,-97.6,-34.16,-78.08
-29.28,-4.88,24.4,19.52,-29.28,9.76,4.88,-48.8,-107.36,-87.84,-9.76,-34.16
-24.4,-4.88,19.52,14.64,-24.4,4.88,9.76,-48.8,-107.36,-82.96,-43.92,-87.84
-14.64,-4.88,9.76,9.76,-14.64,0,-4.88,-53.68,-117.12,-97.6,-29.28,-82.96
-24.4,-9.76,14.64,19.52,-19.52,0,0,-63.44,-117.12,-92.72,-39.04,-53.68
-14.64,14.64,29.28,0,-24.4,19.52,0,-58.56,-107.36,-92.72,-39.04,-58.56
-14.64,9.76,24.4,4.88,-19.52,14.64,-4.88,-68.32,-117.12,-102.48,-53.68,-82.96
-9.76,14.64,24.4,0,-19.52,19.52,-4.88,-68.32,-117.12,-92.72,-24.4,-92.72
-14.64,4.88,19.52,4.88,-19.52,9.76,0,-68.32,-117.12,-87.84,-43.92,-43.92
-9.76,0,9.76,4.88,-9.76,4.88,-4.88,-58.56,-117.12,-97.6,-63.44,-48.8
-9.76,0,9.76,4.88,-9.76,4.88,9.76,-48.8,-112.24,-97.6,-43.92,-78.08
-14.64,-9.76,4.88,14.64,-9.76,-4.88,4.88,-53.68,-117.12,-97.6,-48.8,-102.48
4.88,-4.88,-9.76,0,4.88,-9.76,0,-53.68,-122,-97.6,-39.04,-43.92
-4.88,4.88,9.76,0,-9.76,4.88,0,-43.92,-117.12,-82.96,-34.16,-34.16
-39.04,0,39.04,19.52,-39.04,19.52,9.76,-48.8,-112.24,-97.6,0,-58.56
-39.04,14.64,53.68,14.64,-48.8,34.16,9.76,-43.92,-112.24,-92.72,-9.76,-43.92
-29.28,24.4,53.68,4.88,-43.92,39.04,4.88,-53.68,-122,-102.48,-29.28,-73.2
-29.28,14.64,43.92,9.76,-39.04,29.28,0,-58.56,-126.88,-107.36,-39.04,-82.96
-24.4,4.88,29.28,9.76,-29.28,14.64,4.88,-53.68,-122,-102.48,-19.52,-82.96
-19.52,4.88,24.4,9.76,-24.4,14.64,0,-43.92,-126.88,-102.48,-19.52,-102.48
-9.76,9.76,19.52,0,-14.64,14.64,14.64,-39.04,-117.12,-92.72,-4.88,-63.44
-4.88,19.52,24.4,-4.88,-14.64,19.52,14.64,-29.28,-112.24,-87.84,-24.4,-4.88
-14.64,9.76,24.4,4.88,-19.52,14.64,4.88,-39.04,-122,-102.48,-29.28,-92.72
4.88,24.4,19.52,-14.64,-9.76,19.52,4.88,-39.04,-126.88,-107.36,-53.68,-87.84
-39.04,14.64,53.68,14.64,-48.8,34.16,9.76,-43.92,-117.12,-92.72,-34.16,-53.68
-43.92,24.4,68.32,9.76,-58.56,43.92,9.76,-39.04,-117.12,-92.72,-39.04,-68.32
-24.4,34.16,58.56,-4.88,-43.92,43.92,9.76,-48.8,-117.12,-92.72,-24.4,-82.96
-24.4,19.52,43.92,4.88,-34.16,29.28,4.88,-48.8,-117.12,-97.6,4.88,-68.32
-24.4,9.76,34.16,9.76,-29.28,19.52,9.76,-48.8,-117.12,-92.72,-24.4,-82.96
-39.04,0,39.04,19.52,-39.04,19.52,9.76,-43.92,-122,-87.84,-48.8,-58.56
-53.68,-19.52,34.16,39.04,-43.92,4.88,14.64,-34.16,-112.24,-73.2,-34.16,-87.84
0,24.4,24.4,-9.76,-14.64,24.4,24.4,-24.4,-107.36,-78.08,-19.52,-78.08
19.52,53.68,34.16,-34.16,-9.76,43.92,24.4,-24.4,-107.36,-73.2,-9.76,-19.52
0,63.44,63.44,-29.28,-34.16,63.44,14.64,-24.4,-112.24,-87.84,-29.28,4.88
-24.4,63.44,87.84,-19.52,-58.56,73.2,14.64,-34.16,-117.12,-82.96,9.76,-63.44
-4.88,63.44,68.32,-29.28,-39.04,63.44,4.88,-39.04,-117.12,-82.96,34.16,-48.8
-14.64,34.16,48.8,-9.76,-34.16,39.04,9.76,-34.16,-117.12,-78.08,-4.88,19.52
-14.64,4.88,19.52,4.88,-19.52,9.76,14.64,-34.16,-112.24,-82.96,-14.64,4.88
-29.28,-29.28,0,29.28,-14.64,-14.64,29.28,-24.4,-97.6,-68.32,9.76,-19.52
-29.28,-29.28,0,29.28,-14.64,-14.64,29.28,-14.64,-97.6,-58.56,14.64,-19.52
-19.52,-9.76,9.76,14.64,-14.64,0,29.28,-19.52,-102.48,-73.2,39.04,-14.64
-14.64,19.52,34.16,0,-24.4,24.4,14.64,-29.28,-107.36,-82.96,-19.52,-43.92
-19.52,43.92,63.44,-9.76,-43.92,53.68,9.76,-29.28,-112.24,-87.84,-4.88,-34.16
-24.4,53.68,78.08,-14.64,-53.68,63.44,4.88,-29.28,-112.24,-87.84,43.92,-14.64
-19.52,63.44,82.96,-19.52,-53.68,73.2,4.88,-39.04,-112.24,-82.96,43.92,-43.92
-9.76,63.44,73.2,-24.4,-43.92,68.32,4.88,-34.16,-102.48,-73.2,43.92,-53.68
0,43.92,43.92,-19.52,-24.4,43.92,9.76,-34.16,-107.36,-68.32,-29.28,-53.68
0,24.4,24.4,-9.76,-14.64,24.4,14.64,-34.16,-102.48,-58.56,9.76,-39.04
-19.52,9.76,29.28,4.88,-24.4,19.52,19.52,-29.28,-102.48,-68.32,43.92,0
-29.28,-4.88,24.4,19.52,-29.28,9.76,24.4,-19.52,-97.6,-73.2,43.92,-14.64
-34.16,-4.88,29.28,19.52,-34.16,9.76,29.28,-14.64,-102.48,-73.2,73.2,-29.28
-34.16,0,34.16,19.52,-34.16,14.64,14.64,-34.16,-102.48,-78.08,58.56,-9.76
-14.64,19.52,34.16,0,-24.4,24.4,4.88,-34.16,-112.24,-87.84,19.52,-39.04
-4.88,39.04,43.92,-14.64,-24.4,39.04,0,-43.92,-112.24,-82.96,14.64,-19.52
4.88,39.04,34.16,-19.52,-14.64,34.16,-4.88,-48.8,-122,-78.08,58.56,-48.8
-19.52,43.92,63.44,-9.76,-43.92,53.68,4.88,-43.92,-107.36,-73.2,39.04,-48.8
-34.16,39.04,73.2,0,-53.68,53.68,14.64,-39.04,-102.48,-68.32,14.64,-24.4
-29.28,19.52,48.8,4.88,-39.04,34.16,14.64,-39.04,-97.6,-63.44,58.56,-14.64
-9.76,14.64,24.4,0,-19.52,19.52,24.4,-29.28,-92.72,-58.56,48.8,4.88
-29.28,-9.76,19.52,19.52,-24.4,4.88,19.52,-39.04,-97.6,-68.32,34.16,-63.44
-24.4,-19.52,4.88,24.4,-14.64,-9.76,14.64,-39.04,-107.36,-78.08,-9.76,-4.88
-19.52,-9.76,9.76,14.64,-14.64,0,14.64,-39.04,-102.48,-73.2,-4.88,0
-34.16,0,34.16,19.52,-34.16,14.64,14.64,-43.92,-107.36,-73.2,-9.76,-68.32
-43.92,14.64,58.56,14.64,-53.68,34.16,19.52,-39.04,-97.6,-73.2,24.4,-39.04
-29.28,24.4,53.68,4.88,-43.92,39.04,9.76,-48.8,-107.36,-78.08,39.04,-14.64
-19.52,29.28,48.8,-4.88,-34.16,39.04,14.64,-53.68,-97.6,-68.32,43.92,-48.8
-19.52,34.16,53.68,-4.88,-39.04,43.92,14.64,-58.56,-97.6,-68.32,14.64,-39.04
-29.28,4.88,34.16,14.64,-34.16,19.52,4.88,-68.32,-112.24,-82.96,39.04,-63.44
-14.64,4.88,19.52,4.88,-19.52,9.76,9.76,-68.32,-112.24,-78.08,24.4,-48.8
-4.88,9.76,14.64,0,-9.76,9.76,19.52,-58.56,-102.48,-68.32,-14.64,-39.04
-29.28,0,29.28,14.64,-29.28,14.64,29.28,-34.16,-92.72,-48.8,-14.64,-39.04
-29.28,-4.88,24.4,19.52,-29.28,9.76,19.52,-43.92,-97.6,-73.2,-4.88,-63.44
-24.4,-9.76,14.64,19.52,-19.52,0,14.64,-53.68,-107.36,-82.96,9.76,-68.32
-24.4,0,24.4,14.64,-24.4,9.76,9.76,-63.44,-107.36,-87.84,9.76,-68.32
-14.64,14.64,29.28,0,-24.4,19.52,9.76,-58.56,-107.36,-82.96,34.16,-63.44
-24.4,19.52,43.92,4.88,-34.16,29.28,14.64,-63.44,-97.6,-78.08,43.92,-43.92
-9.76,19.52,29.28,-4.88,-19.52,24.4,9.76,-68.32,-102.48,-87.84,9.76,-39.04
-19.52,9.76,29.28,4.88,-24.4,19.52,9.76,-68.32,-102.48,-87.84,4.88,-68.32
-34.16,-9.76,24.4,24.4,-29.28,4.88,19.52,-63.44,-97.6,-73.2,0,-63.44
-24.4,-14.64,9.76,19.52,-19.52,-4.88,14.64,-63.44,-97.6,-82.96,-14.64,9.76
-24.4,-24.4,0,24.4,-14.64,-14.64,14.64,-63.44,-107.36,-87.84,-14.64,-19.52
-19.52,-9.76,9.76,14.64,-14.64,0,14.64,-63.44,-107.36,-87.84,0,-78.08
-14.64,0,14.64,9.76,-14.64,4.88,9.76,-63.44,-107.36,-92.72,-24.4,-39.04
-58.56,-19.52,39.04,39.04,-48.8,9.76,4.88,-73.2,-107.36,-97.6,-4.88,19.52
-68.32,-24.4,43.92,48.8,-58.56,9.76,0,-78.08,-117.12,-92.72,-9.76,-39.04
-14.64,14.64,29.28,0,-24.4,19.52,4.88,-78.08,-107.36,-92.72,-14.64,-68.32
-14.64,14.64,29.28,0,-24.4,19.52,9.76,-73.2,-102.48,-87.84,39.04,-53.68
-43.92,-9.76,34.16,29.28,-39.04,9.76,0,-87.84,-112.24,-92.72,0,-82.96
-39.04,-24.4,14.64,34.16,-29.28,-4.88,4.88,-87.84,-107.36,-92.72,-4.88,-58.56
-43.92,-34.16,9.76,39.04,-29.28,-14.64,9.76,-82.96,-102.48,-87.84,-24.4,-19.52
-24.4,-24.4,0,24.4,-14.64,-14.64,14.64,-73.2,-102.48,-87.84,-29.28,-4.88
-29.28,-14.64,14.64,24.4,-24.4,0,19.52,-68.32,-92.72,-78.08,-24.4,-29.28
-9.76,-9.76,0,9.76,-4.88,-4.88,14.64,-78.08,-102.48,-87.84,-29.28,-24.4
-19.52,-9.76,9.76,14.64,-14.64,0,0,-92.72,-112.24,-97.6,4.88,-58.56
-48.8,-9.76,39.04,29.28,-43.92,14.64,9.76,-87.84,-107.36,-92.72,-29.28,-97.6
-58.56,0,58.56,29.28,-58.56,29.28,14.64,-82.96,-92.72,-82.96,-19.52,-39.04
-43.92,-4.88,39.04,24.4,-43.92,14.64,9.76,-92.72,-102.48,-92.72,-9.76,-43.92
-39.04,-14.64,24.4,29.28,-34.16,4.88,4.88,-97.6,-107.36,-97.6,-24.4,-63.44
-34.16,-19.52,14.64,29.28,-24.4,-4.88,9.76,-97.6,-102.48,-92.72,-34.16,-73.2
-53.68,-24.4,29.28,39.04,-43.92,0,9.76,-82.96,-97.6,-82.96,-19.52,-68.32
-43.92,-24.4,19.52,34.16,-34.16,-4.88,19.52,-82.96,-97.6,-92.72,-14.64,-87.84
-43.92,-24.4,19.52,34.16,-34.16,-4.88,14.64,-82.96,-92.72,-78.08,-19.52,-34.16
-43.92,-19.52,24.4,34.16,-34.16,0,14.64,-87.84,-92.72,-73.2,24.4,-53.68
-29.28,4.88,34.16,14.64,-34.16,19.52,4.88,-97.6,-102.48,-92.72,24.4,-102.48
-29.28,4.88,34.16,14.64,-34.16,19.52,0,-102.48,-112.24,-97.6,29.28,-48.8
-43.92,0,43.92,24.4,-43.92,19.52,0,-107.36,-107.36,-92.72,-24.4,-48.8
-48.8,-4.88,43.92,29.28,-48.8,19.52,4.88,-102.48,-102.48,-92.72,-58.56,-73.2
-58.56,-24.4,34.16,43.92,-48.8,4.88,9.76,-92.72,-102.48,-87.84,-29.28,-53.68
-53.68,-34.16,19.52,43.92,-39.04,-9.76,19.52,-87.84,-102.48,-87.84,-4.88,-68.32
-39.04,-34.16,4.88,39.04,-24.4,-14.64,19.52,-82.96,-102.48,-87.84,9.76,-53.68
-14.64,-24.4,-9.76,19.52,-4.88,-19.52,19.52,-87.84,-107.36,-82.96,19.52,-68.32
-39.04,-9.76,29.28,24.4,-34.16,9.76,24.4,-82.96,-92.72,-68.32,-14.64,-53.68
-34.16,-9.76,24.4,24.4,-29.28,4.88,14.64,-87.84,-107.36,-97.6,-9.76,-87.84
-14.64,14.64,29.28,0,-24.4,19.52,4.88,-102.48,-117.12,-107.36,-34.16,-78.08
-14.64,24.4,39.04,-4.88,-29.28,29.28,9.76,-92.72,-107.36,-92.72,-43.92,-43.92
-34.16,19.52,53.68,9.76,-43.92,34.16,4.88,-102.48,-107.36,-92.72,-39.04,-53.68
-34.16,4.88,39.04,14.64,-39.04,19.52,4.88,-107.36,-117.12,-97.6,-43.92,-68.32
-43.92,-19.52,24.4,34.16,-34.16,0,4.88,-112.24,-117.12,-92.72,-48.8,-9.76
-63.44,-39.04,24.4,53.68,-43.92,-9.76,14.64,-97.6,-112.24,-87.84,-53.68,-43.92
-53.68,-34.16,19.52,43.92,-39.04,-9.76,19.52,-92.72,-107.36,-82.96,-58.56,-73.2
-34.16,-39.04,-4.88,39.04,-14.64,-24.4,14.64,-97.6,-117.12,-97.6,-34.16,-102.48
-29.28,-34.16,-4.88,34.16,-14.64,-19.52,14.64,-102.48,-117.12,-87.84,-73.2,-63.44
-24.4,-19.52,4.88,24.4,-14.64,-9.76,9.76,-107.36,-122,-87.84,-43.92,-68.32
-34.16,-4.88,29.28,19.52,-34.16,9.76,4.88,-107.36,-122,-102.48,-48.8,-43.92
-29.28,14.64,43.92,9.76,-39.04,29.28,9.76,-102.48,-112.24,-92.72,-29.28,-9.76
-34.16,19.52,53.68,9.76,-43.92,34.16,9.76,-102.48,-112.24,-87.84,-53.68,-58.56
-39.04,0,39.04,19.52,-39.04,19.52,9.76,-107.36,-117.12,-92.72,-34.16,-63.44
-53.68,-14.64,39.04,34.16,-48.8,9.76,14.64,-102.48,-112.24,-87.84,-48.8,-4.88
-48.8,-34.16,14.64,43.92,-34.16,-9.76,14.64,-102.48,-112.24,-92.72,-39.04,-58.56
-43.92,-34.16,9.76,39.04,-29.28,-14.64,24.4,-92.72,-107.36,-73.2,-24.4,-53.68
-53.68,-39.04,14.64,48.8,-34.16,-14.64,24.4,-92.72,-112.24,-82.96,-4.88,39.04
-53.68,-29.28,24.4,43.92,-39.04,-4.88,14.64,-107.36,-117.12,-97.6,-63.44,-34.16
-43.92,-9.76,34.16,29.28,-39.04,9.76,14.64,-107.36,-117.12,-102.48,-53.68,-97.6
-39.04,9.76,48.8,14.64,-43.92,29.28,4.88,-112.24,-122,-107.36,-39.04,-112.24
-19.52,14.64,34.16,4.88,-29.28,24.4,4.88,-112.24,-122,-107.36,-78.08,-73.2
-9.76,19.52,29.28,-4.88,-19.52,24.4,4.88,-117.12,-117.12,-97.6,-78.08,-97.6
-43.92,-9.76,34.16,29.28,-39.04,9.76,0,-122,-122,-102.48,-19.52,-82.96
-58.56,-19.52,39.04,39.04,-48.8,9.76,9.76,-107.36,-112.24,-97.6,19.52,-58.56
-14.64,-24.4,-9.76,19.52,-4.88,-19.52,4.88,-112.24,-112.24,-97.6,9.76,-78.08
-19.52,-29.28,-9.76,24.4,-4.88,-19.52,9.76,-107.36,-112.24,-97.6,-24.4,-53.68
-39.04,-24.4,14.64,34.16,-29.28,-4.88,19.52,-97.6,-112.24,-97.6,-43.92,-68.32
-78.08,-24.4,53.68,53.68,-68.32,14.64,24.4,-97.6,-102.48,-82.96,-24.4,-63.44
-53.68,-19.52,34.16,39.04,-43.92,4.88,9.76,-107.36,-117.12,-102.48,-58.56,-97.6
-39.04,-4.88,34.16,24.4,-39.04,14.64,4.88,-102.48,-117.12,-102.48,-43.92,-97.6
-39.04,-4.88,34.16,24.4,-39.04,14.64,4.88,-107.36,-122,-102.48,-34.16,-117.12
-43.92,-4.88,39.04,24.4,-43.92,14.64,14.64,-102.48,-107.36,-87.84,-29.28,-78.08
-43.92,-4.88,39.04,24.4,-43.92,14.64,14.64,-97.6,-107.36,-87.84,-43.92,-24.4
-29.28,-14.64,14.64,24.4,-24.4,0,14.64,-92.72,-112.24,-78.08,-39.04,-39.04
-19.52,-24.4,-4.88,24.4,-9.76,-14.64,19.52,-97.6,-107.36,-82.96,-48.8,-53.68
-34.16,-34.16,0,34.16,-19.52,-19.52,29.28,-92.72,-107.36,-82.96,-39.04,0
-43.92,-39.04,4.88,43.92,-24.4,-19.52,24.4,-97.6,-122,-92.72,-43.92,4.88
-29.28,-24.4,4.88,29.28,-19.52,-9.76,19.52,-97.6,-117.12,-87.84,-14.64,-43.92
-39.04,-14.64,24.4,29.28,-34.16,4.88,19.52,-102.48,-122,-97.6,-19.52,-34.16
-39.04,0,39.04,19.52,-39.04,19.52,9.76,-107.36,-126.88,-97.6,-29.28,-58.56
-53.68,-9.76,43.92,34.16,-48.8,14.64,4.88,-117.12,-131.76,-107.36,-39.04,-73.2
-68.32,-29.28,39.04,48.8,-53.68,4.88,0,-126.88,-131.76,-112.24,-39.04,-78.08
-39.04,-14.64,24.4,29.28,-34.16,4.88,9.76,-112.24,-126.88,-97.6,0,-39.04
-34.16,-34.16,0,34.16,-19.52,-19.52,9.76,-117.12,-126.88,-97.6,-34.16,-87.84
-43.92,-53.68,-9.76,48.8,-19.52,-34.16,19.52,-107.36,-126.88,-97.6,-68.32,-58.56
-34.16,-53.68,-19.52,43.92,-9.76,-39.04,24.4,-97.6,-122,-92.72,-53.68,-24.4
-34.16,-48.8,-14.64,43.92,-9.76,-34.16,19.52,-107.36,-131.76,-97.6,-34.16,-82.96
-53.68,-34.16,19.52,43.92,-39.04,-9.76,19.52,-102.48,-126.88,-92.72,-24.4,-102.48
-53.68,-19.52,34.16,39.04,-43.92,4.88,14.64,-107.36,-131.76,-92.72,-73.2,-92.72
-58.56,-14.64,43.92,39.04,-53.68,14.64,4.88,-112.24,-141.52,-107.36,-53.68,-122
-39.04,0,39.04,19.52,-39.04,19.52,-4.88,-122,-146.4,-112.24,-39.04,-58.56
-63.44,-24.4,39.04,43.92,-53.68,4.88,0,-117.12,-136.64,-102.48,-24.4,-34.16
-73.2,-29.28,43.92,53.68,-58.56,4.88,9.76,-112.24,-136.64,-97.6,-43.92,-78.08
-53.68,-24.4,29.28,39.04,-43.92,0,14.64,-107.36,-136.64,-92.72,-39.04,-82.96
-58.56,-58.56,0,58.56,-29.28,-29.28,19.52,-102.48,-136.64,-87.84,-29.28,-43.92
-53.68,-48.8,4.88,53.68,-29.28,-24.4,19.52,-102.48,-136.64,-87.84,-43.92,-68.32
-48.8,-43.92,4.88,48.8,-29.28,-19.52,19.52,-102.48,-141.52,-97.6,-39.04,-48.8
-48.8,-34.16,14.64,43.92,-34.16,-9.76,19.52,-107.36,-141.52,-92.72,-29.28,-82.96
-43.92,-19.52,24.4,34.16,-34.16,0,19.52,-102.48,-131.76,-87.84,-43.92,-82.96
-48.8,-4.88,43.92,29.28,-48.8,19.52,9.76,-112.24,-141.52,-102.48,-9.76,-87.84
-43.92,-9.76,34.16,29.28,-39.04,9.76,4.88,-122,-141.52,-102.48,-9.76,-78.08
-24.4,0,24.4,14.64,-24.4,9.76,4.88,-122,-141.52,-102.48,-63.44,-53.68
-34.16,-9.76,24.4,24.4,-29.28,4.88,4.88,-122,-146.4,-102.48,-58.56,-82.96
-34.16,-9.76,24.4,24.4,-29.28,4.88,4.88,-117.12,-136.64,-92.72,-9.76,-48.8
-34.16,-19.52,14.64,29.28,-24.4,-4.88,19.52,-107.36,-131.76,-87.84,-29.28,-73.2
-24.4,-24.4,0,24.4,-14.64,-14.64,24.4,-102.48,-131.76,-87.84,-34.16,-39.04
-29.28,-34.16,-4.88,34.16,-14.64,-19.52,24.4,-102.48,-136.64,-97.6,0,-29.28
-73.2,-53.68,19.52,63.44,-48.8,-19.52,19.52,-107.36,-136.64,-97.6,-19.52,-53.68
-73.2,-43.92,29.28,58.56,-53.68,-9.76,19.52,-102.48,-131.76,-97.6,-24.4,-53.68
-48.8,-19.52,29.28,34.16,-39.04,4.88,14.64,-107.36,-131.76,-92.72,-39.04,-34.16
-39.04,-14.64,24.4,29.28,-34.16,4.88,4.88,-117.12,-141.52,-92.72,-63.44,-63.44
-34.16,-4.88,29.28,19.52,-34.16,9.76,4.88,-117.12,-141.52,-107.36,-29.28,-78.08
-34.16,-14.64,19.52,24.4,-29.28,0,4.88,-117.12,-146.4,-97.6,-43.92,-43.92
-34.16,-29.28,4.88,34.16,-19.52,-14.64,4.88,-112.24,-146.4,-92.72,-92.72,-92.72
-48.8,-43.92,4.88,48.8,-29.28,-19.52,19.52,-102.48,-131.76,-87.84,-29.28,-102.48
-58.56,-58.56,0,58.56,-29.28,-29.28,24.4,-97.6,-126.88,-82.96,9.76,-19.52
-53.68,-63.44,-9.76,58.56,-24.4,-39.04,19.52,-102.48,-136.64,-92.72,-43.92,0
-39.04,-48.8,-9.76,43.92,-14.64,-29.28,19.52,-102.48,-136.64,-97.6,-68.32,19.52
-48.8,-43.92,4.88,48.8,-29.28,-19.52,19.52,-107.36,-136.64,-97.6,-87.84,-14.64
-58.56,-14.64,43.92,39.04,-53.68,14.64,24.4,-92.72,-122,-87.84,-43.92,-63.44
-48.8,-14.64,34.16,34.16,-43.92,9.76,14.64,-107.36,-131.76,-97.6,-58.56,-102.48
-58.56,-24.4,34.16,43.92,-48.8,4.88,0,-117.12,-136.64,-112.24,-53.68,-107.36
-43.92,-24.4,19.52,34.16,-34.16,-4.88,0,-126.88,-136.64,-117.12,9.76,-48.8
-39.04,-29.28,9.76,34.16,-24.4,-9.76,-4.88,-136.64,-146.4,-122,-9.76,-39.04
-43.92,-34.16,9.76,39.04,-29.28,-14.64,4.88,-126.88,-136.64,-112.24,-19.52,-97.6
-68.32,-39.04,29.28,53.68,-48.8,-4.88,19.52,-112.24,-126.88,-102.48,-4.88,-58.56
-63.44,-48.8,14.64,58.56,-39.04,-19.52,14.64,-117.12,-126.88,-107.36,-19.52,-48.8
-53.68,-58.56,-4.88,58.56,-24.4,-34.16,14.64,-112.24,-131.76,-107.36,-24.4,-19.52
-53.68,-63.44,-9.76,58.56,-24.4,-39.04,19.52,-107.36,-126.88,-102.48,-9.76,-29.28
-39.04,-39.04,0,39.04,-19.52,-19.52,19.52,-107.36,-122,-97.6,-29.28,-87.84
-34.16,-24.4,9.76,29.28,-24.4,-9.76,19.52,-107.36,-122,-92.72,-29.28,-63.44
-58.56,-24.4,34.16,43.92,-48.8,4.88,4.88,-117.12,-131.76,-107.36,-78.08,-92.72
-53.68,-24.4,29.28,39.04,-43.92,0,9.76,-122,-131.76,-107.36,-63.44,-73.2
-34.16,0,34.16,19.52,-34.16,14.64,9.76,-122,-136.64,-112.24,-53.68,-97.6
-39.04,0,39.04,19.52,-39.04,19.52,9.76,-122,-136.64,-82.96,-68.32,-68.32
-29.28,-4.88,24.4,19.52,-29.28,9.76,14.64,-117.12,-131.76,-78.08,-53.68,-78.08
-34.16,-24.4,9.76,29.28,-24.4,-9.76,19.52,-117.12,-131.76,-102.48,-43.92,-92.72
-39.04,-43.92,-4.88,43.92,-19.52,-24.4,9.76,-122,-141.52,-107.36,-39.04,-87.84
-43.92,-53.68,-9.76,48.8,-19.52,-34.16,19.52,-112.24,-131.76,-102.48,-9.76,-82.96
-48.8,-53.68,-4.88,53.68,-24.4,-29.28,14.64,-112.24,-126.88,-97.6,-4.88,-68.32
-63.44,-48.8,14.64,58.56,-39.04,-19.52,14.64,-107.36,-131.76,-87.84,-19.52,-68.32
-48.8,-14.64,34.16,34.16,-43.92,9.76,14.64,-107.36,-126.88,-73.2,-34.16,-68.32
-43.92,-4.88,39.04,24.4,-43.92,14.64,24.4,-102.48,-117.12,-82.96,-53.68,-29.28
-34.16,-4.88,29.28,19.52,-34.16,9.76,19.52,-107.36,-122,-82.96,-39.04,-43.92
-24.4,0,24.4,14.64,-24.4,9.76,24.4,-107.36,-117.12,-92.72,-43.92,-34.16
-24.4,-9.76,14.64,19.52,-19.52,0,29.28,-102.48,-107.36,-82.96,-19.52,-58.56
-29.28,-19.52,9.76,24.4,-19.52,-4.88,39.04,-92.72,-92.72,-73.2,-14.64,-24.4
-34.16,-29.28,4.88,34.16,-19.52,-14.64,34.16,-87.84,-102.48,-78.08,-14.64,-34.16
-29.28,-29.28,0,29.28,-14.64,-14.64,34.16,-92.72,-102.48,-82.96,-43.92,-63.44
-19.52,-14.64,4.88,19.52,-14.64,-4.88,43.92,-87.84,-87.84,-68.32,-24.4,-24.4
-29.28,-9.76,19.52,19.52,-24.4,4.88,48.8,-87.84,-87.84,-68.32,-39.04,-48.8
-29.28,19.52,48.8,4.88,-39.04,34.16,48.8,-82.96,-78.08,-53.68,4.88,-58.56
-48.8,24.4,73.2,14.64,-63.44,48.8,48.8,-78.08,-82.96,-63.44,43.92,-43.92
-48.8,19.52,68.32,14.64,-58.56,43.92,43.92,-92.72,-87.84,-73.2,-9.76,-68.32
-29.28,29.28,58.56,0,-43.92,43.92,48.8,-82.96,-78.08,-68.32,-4.88,-29.28
-29.28,39.04,68.32,-4.88,-48.8,53.68,68.32,-58.56,-58.56,-48.8,9.76,-4.88
-34.16,29.28,63.44,4.88,-48.8,43.92,82.96,-43.92,-39.04,-34.16,9.76,-29.28
-14.64,24.4,39.04,-4.88,-29.28,29.28,73.2,-43.92,-48.8,-39.04,9.76,-4.88
-19.52,9.76,29.28,4.88,-24.4,19.52,82.96,-39.04,-48.8,-34.16,-24.4,-14.64
-19.52,19.52,39.04,0,-29.28,29.28,82.96,-39.04,-43.92,-29.28,-4.88,-24.4
-19.52,19.52,39.04,0,-29.28,29.28,82.96,-43.92,-39.04,-29.28,29.28,-29.28
-34.16,29.28,63.44,4.88,-48.8,43.92,82.96,-39.04,-39.04,-29.28,19.52,-43.92
-24.4,53.68,78.08,-14.64,-53.68,63.44,78.08,-39.04,-39.04,-24.4,-19.52,-68.32
-14.64,53.68,68.32,-19.52,-43.92,58.56,78.08,-43.92,-48.8,-34.16,-29.28,-48.8
-9.76,53.68,63.44,-19.52,-39.04,58.56,73.2,-48.8,-48.8,-34.16,34.16,-29.28
-4.88,48.8,53.68,-19.52,-29.28,48.8,73.2,-34.16,-34.16,-29.28,29.28,-43.92
-4.88,34.16,39.04,-14.64,-24.4,34.16,73.2,-29.28,-34.16,-24.4,-4.88,-19.52
9.76,39.04,29.28,-24.4,-9.76,34.16,78.08,-19.52,-19.52,-14.64,9.76,0
29.28,34.16,4.88,-29.28,9.76,19.52,63.44,-19.52,-14.64,-9.76,48.8,9.76
24.4,39.04,14.64,-29.28,4.88,24.4,43.92,-24.4,-9.76,-4.88,43.92,-9.76
19.52,53.68,34.16,-34.16,-9.76,43.92,34.16,-39.04,-14.64,-9.76,14.64,4.88
4.88,39.04,34.16,-19.52,-14.64,34.16,9.76,-63.44,-34.16,-34.16,34.16,-29.28
4.88,39.04,34.16,-19.52,-14.64,34.16,-4.88,-73.2,-43.92,-29.28,24.4,-39.04
4.88,58.56,53.68,-29.28,-24.4,53.68,-4.88,-63.44,-39.04,-39.04,34.16,-9.76
19.52,63.44,43.92,-39.04,-14.64,53.68,0,-58.56,-34.16,-34.16,48.8,-9.76
43.92,58.56,14.64,-48.8,14.64,34.16,-9.76,-58.56,-34.16,-43.92,43.92,14.64
19.52,29.28,9.76,-24.4,4.88,19.52,0,-53.68,-29.28,-34.16,14.64,-14.64
9.76,19.52,9.76,-14.64,0,14.64,4.88,-48.8,-29.28,-34.16,19.52,-24.4
34.16,9.76,-24.4,-19.52,29.28,-9.76,0,-63.44,-39.04,-43.92,0,-19.52
43.92,9.76,-34.16,-24.4,39.04,-14.64,-9.76,-78.08,-48.8,-53.68,-9.76,-4.88
48.8,4.88,-43.92,-24.4,43.92,-19.52,-4.88,-73.2,-43.92,-48.8,-24.4,14.64
34.16,9.76,-24.4,-19.52,29.28,-9.76,-9.76,-78.08,-48.8,-58.56,-4.88,24.4
-4.88,9.76,14.64,0,-9.76,9.76,-4.88,-73.2,-48.8,-58.56,0,0
-4.88,14.64,19.52,-4.88,-14.64,14.64,-9.76,-82.96,-58.56,-63.44,0,-53.68
9.76,0,-9.76,-4.88,9.76,-4.88,-4.88,-92.72,-58.56,-63.44,-24.4,-29.28
14.64,-14.64,-29.28,0,19.52,-24.4,-14.64,-97.6,-63.44,-73.2,-29.28,-14.64
4.88,-19.52,-24.4,9.76,14.64,-24.4,-9.76,-97.6,-68.32,-73.2,-9.76,-78.08
-39.04,-34.16,4.88,39.04,-24.4,-14.64,9.76,-92.72,-63.44,-68.32,-14.64,-58.56
-29.28,-43.92,-14.64,39.04,-9.76,-29.28,9.76,-97.6,-68.32,-68.32,-29.28,-39.04
-29.28,-34.16,-4.88,34.16,-14.64,-19.52,9.76,-102.48,-73.2,-73.2,-43.92,-29.28
-29.28,-39.04,-9.76,34.16,-9.76,-24.4,4.88,-117.12,-87.84,-78.08,-58.56,-63.44
-48.8,-43.92,4.88,48.8,-29.28,-19.52,4.88,-126.88,-97.6,-102.48,-58.56,-68.32
-68.32,-43.92,24.4,58.56,-48.8,-9.76,4.88,-126.88,-92.72,-102.48,-58.56,-78.08
-63.44,-43.92,19.52,53.68,-43.92,-14.64,4.88,-126.88,-92.72,-102.48,-43.92,-78.08
-43.92,-58.56,-14.64,53.68,-14.64,-39.04,0,-131.76,-102.48,-97.6,-78.08,-112.24
-58.56,-68.32,-9.76,63.44,-24.4,-39.04,4.88,-122,-97.6,-92.72,-68.32,-92.72
-78.08,-78.08,0,78.08,-39.04,-39.04,14.64,-117.12,-87.84,-97.6,-48.8,-63.44
-82.96,-82.96,0,82.96,-43.92,-43.92,9.76,-117.12,-97.6,-97.6,-34.16,-82.96
-82.96,-87.84,-4.88,87.84,-39.04,-48.8,4.88,-126.88,-102.48,-112.24,-97.6,-82.96
-78.08,-63.44,14.64,73.2,-48.8,-24.4,0,-131.76,-102.48,-112.24,-82.96,-4.88
-58.56,-39.04,19.52,48.8,-39.04,-9.76,0,-126.88,-102.48,-107.36,-97.6,-92.72
-58.56,-34.16,24.4,48.8,-43.92,-4.88,4.88,-126.88,-97.6,-107.36,-53.68,-97.6
-53.68,-39.04,14.64,48.8,-34.16,-14.64,9.76,-126.88,-97.6,-92.72,-14.64,-87.84
-48.8,-39.04,9.76,43.92,-29.28,-14.64,9.76,-126.88,-102.48,-102.48,-58.56,-92.72
-68.32,-82.96,-14.64,78.08,-29.28,-48.8,14.64,-126.88,-102.48,-107.36,-39.04,-39.04
-73.2,-87.84,-14.64,82.96,-29.28,-53.68,14.64,-131.76,-97.6,-102.48,-78.08,-53.68
-68.32,-87.84,-19.52,78.08,-24.4,-53.68,14.64,-131.76,-102.48,-107.36,-102.48,-48.8
-63.44,-73.2,-9.76,68.32,-29.28,-43.92,14.64,-131.76,-102.48,-112.24,-92.72,-92.72
-63.44,-68.32,-4.88,68.32,-29.28,-39.04,9.76,-136.64,-107.36,-117.12,-102.48,-92.72
-58.56,-53.68,4.88,58.56,-34.16,-24.4,9.76,-126.88,-102.48,-117.12,-68.32,-63.44
-63.44,-43.92,19.52,53.68,-43.92,-14.64,9.76,-126.88,-97.6,-117.12,-53.68,-43.92
-63.44,-43.92,19.52,53.68,-43.92,-14.64,9.76,-126.88,-87.84,-107.36,-82.96,-68.32
-63.44,-43.92,19.52,53.68,-43.92,-14.64,9.76,-122,-87.84,-102.48,-87.84,-73.2
-63.44,-63.44,0,63.44,-34.16,-34.16,9.76,-122,-92.72,-107.36,-82.96,-68.32
-68.32,-82.96,-14.64,78.08,-29.28,-48.8,14.64,-122,-87.84,-102.48,-87.84,-73.2
-73.2,-92.72,-19.52,82.96,-29.28,-58.56,24.4,-117.12,-78.08,-82.96,-63.44,-58.56
-73.2,-102.48,-29.28,87.84,-24.4,-68.32,14.64,-122,-87.84,-97.6,-68.32,-92.72
-73.2,-87.84,-14.64,82.96,-29.28,-53.68,14.64,-122,-92.72,-102.48,-58.56,-131.76
-63.44,-73.2,-9.76,68.32,-29.28,-43.92,14.64,-122,-87.84,-102.48,-73.2,-112.24
-78.08,-78.08,0,78.08,-39.04,-39.04,9.76,-126.88,-92.72,-107.36,-87.84,-117.12
-78.08,-73.2,4.88,78.08,-43.92,-34.16,9.76,-126.88,-97.6,-112.24,-82.96,-112.24
-87.84,-73.2,14.64,82.96,-53.68,-29.28,9.76,-131.76,-107.36,-122,-78.08,-78.08
-102.48,-87.84,14.64,97.6,-58.56,-39.04,19.52,-126.88,-107.36,-126.88,-68.32,-92.72
-92.72,-87.84,4.88,92.72,-48.8,-43.92,43.92,-102.48,-97.6,-117.12,-58.56,-122
-97.6,-92.72,4.88,97.6,-53.68,-43.92,68.32,-92.72,-87.84,-107.36,-68.32,-117.12
-117.12,-87.84,29.28,102.48,-73.2,-29.28,87.84,-73.2,-78.08,-102.48,-92.72,-58.56
-122,-87.84,34.16,107.36,-78.08,-29.28,102.48,-34.16,-48.8,-78.08,-87.84,-82.96
-112.24,-68.32,43.92,92.72,-78.08,-14.64,117.12,24.4,4.88,-29.28,-48.8,-58.56
-107.36,-29.28,78.08,68.32,-92.72,24.4,136.64,102.48,92.72,58.56,-4.88,-58.56
-92.72,-14.64,78.08,53.68,-87.84,29.28,141.52,190.32,190.32,151.28,73.2,-19.52
-48.8,-4.88,43.92,29.28,-48.8,19.52,117.12,263.52,292.8,239.12,170.8,48.8
19.52,19.52,0,-19.52,9.76,9.76,78.08,346.48,429.44,380.64,263.52,136.64
102.48,73.2,-29.28,-87.84,63.44,19.52,48.8,468.48,619.76,575.84,429.44,200.08
204.96,126.88,-78.08,-165.92,141.52,24.4,9.76,614.88,849.12,795.44,595.36,307.44
297.68,165.92,-131.76,-229.36,214.72,14.64,-48.8,644.16,1005.28,985.76,766.16,439.2
380.64,239.12,-141.52,-307.44,258.64,48.8,-131.76,551.44,1102.88,1137.04,922.32,551.44
483.12,326.96,-156.16,-405.04,317.2,82.96,-258.64,414.8,1195.6,1278.56,1073.6,692.96
580.72,405.04,-175.68,-492.88,375.76,112.24,-375.76,268.4,1249.28,1400.56,1220,732
644.16,439.2,-204.96,-541.68,424.56,117.12,-497.76,112.24,1259.04,1478.64,1312.72,805.2
683.2,492.88,-190.32,-585.6,434.32,151.28,-610,-9.76,1234.64,1503.04,1366.4,858.88
697.84,541.68,-156.16,-619.76,424.56,190.32,-692.96,-92.72,1166.32,1449.36,1381.04,893.04
717.36,561.2,-156.16,-639.28,434.32,200.08,-766.16,-209.84,985.76,1259.04,1288.32,873.52
741.76,512.4,-229.36,-624.64,483.12,141.52,-814.96,-346.48,732,971.12,1058.96,771.04
717.36,414.8,-302.56,-566.08,507.52,53.68,-854,-527.04,444.08,644.16,819.84,629.52
644.16,302.56,-341.6,-473.36,492.88,-19.52,-839.36,-702.72,175.68,356.24,590.48,507.52
492.88,214.72,-278.16,-351.36,385.52,-34.16,-775.92,-829.6,-39.04,136.64,390.4,429.44
380.64,146.4,-234.24,-263.52,307.44,-43.92,-727.12,-956.48,-253.76,-68.32,209.84,307.44
312.32,97.6,-214.72,-204.96,263.52,-58.56,-692.96,-1117.52,-497.76,-287.92,34.16,190.32
180.56,29.28,-151.28,-102.48,165.92,-63.44,-634.4,-1234.64,-732,-502.64,-117.12,73.2
73.2,19.52,-53.68,-43.92,63.44,-19.52,-566.08,-1239.52,-849.12,-639.28,-278.16,-53.68
-4.88,-4.88,0,4.88,-4.88,-4.88,-488,-1112.64,-814.96,-624.64,-283.04,-87.84
-48.8,-29.28,19.52,39.04,-34.16,-4.88,-414.8,-946.72,-697.84,-551.44,-287.92,-87.84
-63.44,-39.04,24.4,53.68,-43.92,-9.76,-346.48,-780.8,-561.2,-458.72,-219.6,-68.32
-53.68,-53.68,0,53.68,-29.28,-29.28,-283.04,-629.52,-439.2,-356.24,-185.44,-39.04
-43.92,-78.08,-34.16,63.44,-4.88,-58.56,-209.84,-497.76,-346.48,-283.04,-161.04,-58.56
-29.28,-87.84,-58.56,58.56,14.64,-73.2,-156.16,-395.28,-278.16,-234.24,-87.84,-82.96
-9.76,-87.84,-78.08,48.8,34.16,-82.96,-107.36,-302.56,-214.72,-195.2,-107.36,-92.72
0,-73.2,-73.2,39.04,34.16,-73.2,-63.44,-224.48,-175.68,-165.92,-131.76,-97.6
-43.92,-73.2,-29.28,58.56,-9.76,-53.68,-29.28,-165.92,-136.64,-136.64,-102.48,-82.96
-58.56,-48.8,9.76,53.68,-34.16,-19.52,-4.88,-122,-102.48,-87.84,-73.2,-63.44
-39.04,-24.4,14.64,34.16,-29.28,-4.88,9.76,-87.84,-82.96,-78.08,-48.8,-48.8
-39.04,-29.28,9.76,34.16,-24.4,-9.76,9.76,-87.84,-78.08,-92.72,-58.56,-39.04
-34.16,-34.16,0,34.16,-19.52,-19.52,19.52,-78.08,-68.32,-73.2,-48.8,-107.36
-43.92,-53.68,-9.76,48.8,-19.52,-34.16,29.28,-78.08,-63.44,-68.32,-48.8,-82.96
-53.68,-82.96,-29.28,68.32,-14.64,-58.56,43.92,-68.32,-58.56,-63.44,-34.16,-68.32
-43.92,-82.96,-39.04,63.44,-4.88,-63.44,39.04,-58.56,-63.44,-73.2,-24.4,-82.96
-43.92,-82.96,-39.04,63.44,-4.88,-63.44,43.92,-53.68,-78.08,-78.08,34.16,-92.72
-29.28,-53.68,-24.4,43.92,-4.88,-39.04,48.8,-48.8,-78.08,-87.84,-43.92,-82.96
-19.52,-34.16,-14.64,29.28,-4.88,-24.4,53.68,-34.16,-82.96,-87.84,-63.44,-92.72
-43.92,-43.92,0,43.92,-24.4,-24.4,48.8,-39.04,-82.96,-92.72,-117.12,-102.48
-53.68,-34.16,19.52,43.92,-39.04,-9.76,53.68,-29.28,-73.2,-82.96,-87.84,-68.32
-39.04,-29.28,9.76,34.16,-24.4,-9.76,58.56,-19.52,-63.44,-73.2,-78.08,-58.56
-43.92,-48.8,-4.88,48.8,-19.52,-29.28,63.44,-24.4,-58.56,-63.44,-68.32,-68.32
-34.16,-48.8,-14.64,43.92,-9.76,-34.16,63.44,-24.4,-53.68,-48.8,-53.68,-14.64
-43.92,-73.2,-29.28,58.56,-9.76,-53.68,68.32,-14.64,-58.56,-43.92,24.4,-63.44
-48.8,-78.08,-29.28,63.44,-9.76,-53.68,73.2,-9.76,-58.56,-53.68,-48.8,-78.08
-39.04,-78.08,-39.04,58.56,0,-58.56,63.44,-14.64,-73.2,-68.32,-102.48,-82.96
-48.8,-73.2,-24.4,63.44,-14.64,-48.8,68.32,-4.88,-73.2,-68.32,-87.84,-107.36
-43.92,-53.68,-9.76,48.8,-19.52,-34.16,78.08,9.76,-68.32,-63.44,-73.2,-48.8
-39.04,-34.16,4.88,39.04,-24.4,-14.64,68.32,4.88,-73.2,-73.2,-48.8,-102.48
-48.8,-39.04,9.76,43.92,-29.28,-14.64,63.44,4.88,-68.32,-73.2,-82.96,-82.96
-48.8,-39.04,9.76,43.92,-29.28,-14.64,68.32,9.76,-63.44,-63.44,-87.84,-73.2
-48.8,-53.68,-4.88,53.68,-24.4,-29.28,73.2,14.64,-58.56,-48.8,-82.96,-53.68
-43.92,-58.56,-14.64,53.68,-14.64,-39.04,78.08,14.64,-53.68,-43.92,-63.44,-53.68
-39.04,-68.32,-29.28,53.68,-4.88,-48.8,78.08,19.52,-58.56,-34.16,-97.6,-63.44
-34.16,-73.2,-39.04,53.68,0,-58.56,78.08,19.52,-63.44,-39.04,-73.2,-53.68
-24.4,-63.44,-39.04,43.92,4.88,-53.68,78.08,19.52,-58.56,-43.92,-68.32,-43.92
-24.4,-48.8,-24.4,39.04,0,-39.04,78.08,24.4,-73.2,-48.8,-73.2,-78.08
-53.68,-68.32,-14.64,63.44,-19.52,-43.92,73.2,24.4,-78.08,-58.56,-87.84,-87.84
-48.8,-43.92,4.88,48.8,-29.28,-19.52,68.32,19.52,-82.96,-58.56,-82.96,-97.6
-48.8,-43.92,4.88,48.8,-29.28,-19.52,68.32,19.52,-78.08,-53.68,-73.2,-63.44
-24.4,-34.16,-9.76,29.28,-9.76,-24.4,68.32,24.4,-73.2,-53.68,-58.56,-58.56
-4.88,-39.04,-34.16,24.4,14.64,-39.04,68.32,24.4,-63.44,-39.04,-78.08,-53.68
-19.52,-53.68,-34.16,39.04,4.88,-43.92,73.2,29.28,-58.56,-29.28,-63.44,-19.52
-39.04,-73.2,-34.16,58.56,-4.88,-53.68,87.84,43.92,-39.04,-14.64,-29.28,-14.64
-43.92,-78.08,-34.16,63.44,-4.88,-58.56,87.84,43.92,-48.8,-24.4,-29.28,-68.32
-39.04,-78.08,-39.04,58.56,0,-58.56,87.84,39.04,-53.68,-29.28,-63.44,-78.08
-34.16,-53.68,-19.52,43.92,-9.76,-39.04,82.96,43.92,-63.44,-39.04,-58.56,-34.16
-24.4,-39.04,-14.64,34.16,-4.88,-29.28,78.08,43.92,-68.32,-48.8,-58.56,-78.08
-34.16,-34.16,0,34.16,-19.52,-19.52,73.2,43.92,-68.32,-39.04,-73.2,-126.88
-34.16,-34.16,0,34.16,-19.52,-19.52,78.08,53.68,-58.56,-39.04,-58.56,-97.6
-43.92,-39.04,4.88,43.92,-24.4,-19.52,78.08,58.56,-48.8,-34.16,-73.2,-92.72
-34.16,-48.8,-14.64,43.92,-9.76,-34.16,82.96,63.44,-39.04,-19.52,-39.04,-63.44
-19.52,-53.68,-34.16,39.04,4.88,-43.92,87.84,63.44,-34.16,-14.64,-9.76,-58.56
-19.52,-82.96,-63.44,53.68,19.52,-73.2,87.84,68.32,-29.28,-9.76,-29.28,-34.16
-24.4,-63.44,-39.04,43.92,4.88,-53.68,92.72,78.08,-24.4,-4.88,-14.64,-34.16
-24.4,-53.68,-29.28,39.04,0,-43.92,92.72,78.08,-29.28,-9.76,-58.56,-58.56
-19.52,-43.92,-24.4,34.16,0,-34.16,78.08,73.2,-39.04,-24.4,-87.84,-53.68
-19.52,-34.16,-14.64,29.28,-4.88,-24.4,82.96,82.96,-34.16,-24.4,-73.2,-53.68
-34.16,-24.4,9.76,29.28,-24.4,-9.76,82.96,82.96,-39.04,-24.4,-78.08,-87.84
-19.52,-19.52,0,19.52,-9.76,-9.76,78.08,82.96,-34.16,-19.52,-68.32,-97.6
-29.28,-24.4,4.88,29.28,-19.52,-9.76,82.96,92.72,-19.52,-9.76,-63.44,-39.04
-24.4,-39.04,-14.64,34.16,-4.88,-29.28,82.96,97.6,-9.76,4.88,-48.8,-14.64
-9.76,-39.04,-29.28,24.4,9.76,-34.16,87.84,97.6,0,14.64,-43.92,0
-24.4,-73.2,-48.8,48.8,9.76,-63.44,87.84,107.36,0,14.64,-53.68,-9.76
-24.4,-68.32,-43.92,48.8,9.76,-58.56,82.96,107.36,0,24.4,-63.44,9.76
0,-58.56,-58.56,29.28,29.28,-58.56,82.96,107.36,-4.88,9.76,-43.92,-24.4
-4.88,-34.16,-29.28,19.52,9.76,-34.16,82.96,112.24,-4.88,-4.88,-19.52,-43.92
-29.28,-14.64,14.64,24.4,-24.4,0,92.72,131.76,4.88,19.52,-19.52,-19.52
-9.76,-9.76,0,9.76,-4.88,-4.88,73.2,122,-4.88,0,-53.68,-19.52
-14.64,-14.64,0,14.64,-9.76,-9.76,73.2,122,0,0,0,-43.92
4.88,-4.88,-9.76,0,4.88,-9.76,68.32,126.88,9.76,19.52,43.92,-34.16
0,-34.16,-34.16,19.52,14.64,-34.16,63.44,126.88,14.64,14.64,-24.4,-48.8
-4.88,-39.04,-34.16,24.4,14.64,-39.04,73.2,136.64,24.4,24.4,-53.68,-24.4
-19.52,-39.04,-19.52,29.28,0,-29.28,87.84,156.16,48.8,53.68,-19.52,73.2
-9.76,-34.16,-24.4,24.4,4.88,-29.28,87.84,156.16,43.92,53.68,0,19.52
9.76,-24.4,-34.16,9.76,19.52,-29.28,92.72,161.04,48.8,39.04,34.16,0
9.76,-9.76,-19.52,0,14.64,-14.64,82.96,161.04,39.04,29.28,14.64,0
19.52,-4.88,-24.4,-4.88,19.52,-14.64,82.96,165.92,39.04,24.4,-24.4,-29.28
19.52,4.88,-14.64,-9.76,14.64,-4.88,78.08,165.92,34.16,24.4,-43.92,-34.16
-4.88,0,4.88,4.88,-4.88,0,78.08,175.68,39.04,29.28,-14.64,-53.68
-34.16,4.88,39.04,14.64,-39.04,19.52,87.84,190.32,58.56,43.92,14.64,-63.44
4.88,4.88,0,-4.88,0,0,82.96,190.32,68.32,58.56,0,-4.88
4.88,-4.88,-9.76,0,4.88,-9.76,82.96,195.2,73.2,63.44,19.52,-14.64
9.76,-24.4,-34.16,9.76,19.52,-29.28,82.96,200.08,78.08,68.32,48.8,-34.16
4.88,-29.28,-34.16,14.64,19.52,-34.16,92.72,214.72,82.96,73.2,9.76,-53.68
19.52,-14.64,-34.16,0,24.4,-24.4,92.72,219.6,87.84,73.2,-4.88,-43.92
39.04,14.64,-24.4,-24.4,29.28,-4.88,92.72,224.48,82.96,68.32,-9.76,4.88
39.04,14.64,-24.4,-24.4,29.28,-4.88,82.96,229.36,82.96,58.56,43.92,0
39.04,39.04,0,-39.04,19.52,19.52,78.08,234.24,92.72,68.32,34.16,-43.92
24.4,43.92,19.52,-34.16,0,29.28,78.08,239.12,102.48,73.2,53.68,-39.04
24.4,39.04,14.64,-29.28,4.88,24.4,82.96,248.88,117.12,87.84,14.64,9.76
53.68,48.8,-4.88,-48.8,29.28,19.52,92.72,263.52,136.64,107.36,14.64,9.76
58.56,53.68,-4.88,-53.68,29.28,24.4,97.6,278.16,151.28,117.12,39.04,43.92
9.76,14.64,4.88,-9.76,0,9.76,102.48,287.92,161.04,126.88,39.04,39.04
4.88,4.88,0,-4.88,0,0,97.6,297.68,161.04,126.88,43.92,29.28
29.28,9.76,-19.52,-19.52,24.4,-4.88,92.72,297.68,161.04,122,53.68,34.16
39.04,34.16,-4.88,-34.16,19.52,14.64,92.72,312.32,161.04,122,92.72,43.92
39.04,43.92,4.88,-39.04,14.64,24.4,97.6,322.08,170.8,122,68.32,82.96
43.92,63.44,19.52,-53.68,9.76,39.04,92.72,336.72,175.68,131.76,78.08,68.32
53.68,78.08,24.4,-63.44,14.64,48.8,102.48,351.36,195.2,151.28,78.08,43.92
43.92,78.08,34.16,-58.56,4.88,53.68,102.48,366,204.96,161.04,63.44,19.52
43.92,58.56,14.64,-48.8,14.64,34.16,97.6,370.88,209.84,170.8,68.32,58.56
58.56,63.44,4.88,-58.56,24.4,34.16,102.48,380.64,224.48,185.44,73.2,68.32
73.2,48.8,-24.4,-58.56,48.8,9.76,107.36,390.4,229.36,190.32,97.6,102.48
78.08,58.56,-19.52,-68.32,48.8,19.52,117.12,409.92,239.12,200.08,112.24,73.2
87.84,78.08,-9.76,-82.96,48.8,34.16,122,424.56,258.64,214.72,136.64,87.84
73.2,87.84,14.64,-78.08,29.28,48.8,117.12,434.32,253.76,209.84,122,117.12
78.08,107.36,29.28,-92.72,24.4,68.32,117.12,448.96,263.52,219.6,122,87.84
78.08,131.76,53.68,-102.48,9.76,92.72,112.24,463.6,273.28,229.36,126.88,102.48
78.08,131.76,53.68,-102.48,9.76,92.72,112.24,463.6,283.04,234.24,146.4,82.96
78.08,136.64,58.56,-107.36,9.76,97.6,107.36,468.48,292.8,253.76,161.04,68.32
82.96,126.88,43.92,-102.48,19.52,82.96,117.12,483.12,312.32,273.28,170.8,58.56
92.72,131.76,39.04,-112.24,24.4,82.96,117.12,497.76,322.08,283.04,170.8,78.08
102.48,122,19.52,-112.24,39.04,68.32,122,507.52,336.72,292.8,156.16,92.72
107.36,126.88,19.52,-117.12,43.92,73.2,117.12,512.4,346.48,292.8,170.8,97.6
126.88,141.52,14.64,-131.76,53.68,78.08,117.12,531.92,361.12,302.56,209.84,122
112.24,146.4,34.16,-126.88,39.04,87.84,122,546.56,356.24,307.44,190.32,131.76
102.48,141.52,39.04,-122,29.28,87.84,117.12,546.56,361.12,307.44,185.44,107.36
107.36,165.92,58.56,-136.64,24.4,112.24,112.24,551.44,370.88,317.2,200.08,126.88
117.12,175.68,58.56,-146.4,29.28,117.12,112.24,556.32,375.76,326.96,190.32,131.76
131.76,190.32,58.56,-161.04,34.16,122,112.24,566.08,390.4,336.72,224.48,146.4
136.64,190.32,53.68,-161.04,39.04,122,107.36,566.08,400.16,341.6,209.84,185.44
146.4,190.32,43.92,-165.92,48.8,117.12,102.48,570.96,405.04,356.24,214.72,175.68
161.04,180.56,19.52,-170.8,68.32,97.6,107.36,570.96,409.92,361.12,219.6,190.32
165.92,185.44,19.52,-175.68,73.2,102.48,107.36,575.84,409.92,361.12,219.6,204.96
175.68,190.32,14.64,-180.56,78.08,102.48,112.24,585.6,414.8,366,234.24,195.2
175.68,204.96,29.28,-190.32,73.2,117.12,117.12,600.24,419.68,375.76,253.76,190.32
161.04,204.96,43.92,-180.56,58.56,122,117.12,600.24,424.56,375.76,248.88,156.16
151.28,219.6,68.32,-185.44,39.04,141.52,102.48,590.48,409.92,366,234.24,131.76
151.28,200.08,48.8,-175.68,48.8,122,87.84,585.6,405.04,356.24,239.12,190.32
126.88,195.2,68.32,-161.04,29.28,131.76,78.08,575.84,405.04,361.12,248.88,190.32
112.24,195.2,82.96,-151.28,14.64,136.64,87.84,575.84,414.8,375.76,244,156.16
151.28,214.72,63.44,-180.56,43.92,136.64,97.6,580.72,424.56,390.4,287.92,200.08
185.44,204.96,19.52,-195.2,82.96,112.24,97.6,575.84,429.44,395.28,273.28,195.2
170.8,200.08,29.28,-185.44,68.32,112.24,92.72,570.96,424.56,395.28,268.4,244
175.68,195.2,19.52,-185.44,78.08,107.36,87.84,556.32,409.92,385.52,302.56,248.88
195.2,204.96,9.76,-200.08,92.72,107.36,78.08,546.56,395.28,366,302.56,209.84
175.68,204.96,29.28,-190.32,73.2,117.12,68.32,536.8,380.64,366,244,190.32
146.4,209.84,63.44,-175.68,39.04,136.64,63.44,531.92,375.76,361.12,234.24,141.52
146.4,209.84,63.44,-175.68,39.04,136.64,68.32,522.16,375.76,361.12,263.52,156.16
165.92,209.84,43.92,-185.44,58.56,126.88,58.56,497.76,366,351.36,253.76,161.04
165.92,200.08,34.16,-180.56,63.44,117.12,53.68,473.36,356.24,351.36,229.36,151.28
131.76,185.44,53.68,-156.16,39.04,117.12,53.68,458.72,351.36,351.36,239.12,141.52
122,161.04,39.04,-141.52,39.04,97.6,58.56,453.84,346.48,341.6,258.64,156.16
117.12,156.16,39.04,-136.64,39.04,97.6,53.68,434.32,326.96,331.84,258.64,229.36
107.36,146.4,39.04,-126.88,34.16,92.72,48.8,405.04,307.44,317.2,229.36,219.6
122,151.28,29.28,-136.64,43.92,87.84,48.8,390.4,292.8,297.68,209.84,161.04
117.12,141.52,24.4,-126.88,43.92,82.96,34.16,366,268.4,278.16,200.08,161.04
107.36,141.52,34.16,-122,34.16,87.84,24.4,331.84,244,268.4,170.8,146.4
92.72,146.4,53.68,-117.12,19.52,97.6,24.4,312.32,229.36,263.52,180.56,161.04
82.96,136.64,53.68,-107.36,14.64,92.72,29.28,297.68,219.6,244,175.68,131.76
73.2,112.24,39.04,-92.72,14.64,73.2,24.4,273.28,204.96,234.24,200.08,122
78.08,107.36,29.28,-92.72,24.4,68.32,24.4,253.76,190.32,219.6,165.92,112.24
63.44,73.2,9.76,-68.32,24.4,39.04,19.52,229.36,170.8,204.96,136.64,73.2
63.44,78.08,14.64,-68.32,24.4,43.92,24.4,209.84,151.28,195.2,165.92,78.08
78.08,73.2,-4.88,-73.2,39.04,34.16,24.4,195.2,131.76,180.56,136.64,112.24
53.68,58.56,4.88,-53.68,24.4,29.28,24.4,175.68,107.36,156.16,136.64,53.68
43.92,58.56,14.64,-48.8,14.64,34.16,29.28,165.92,97.6,146.4,122,29.28
48.8,73.2,24.4,-58.56,9.76,48.8,14.64,136.64,73.2,126.88,102.48,68.32
34.16,63.44,29.28,-48.8,0,43.92,14.64,122,58.56,117.12,53.68,107.36
39.04,58.56,19.52,-48.8,9.76,39.04,4.88,92.72,43.92,102.48,43.92,78.08
24.4,39.04,14.64,-29.28,4.88,24.4,0,73.2,29.28,97.6,34.16,68.32
9.76,29.28,19.52,-19.52,-4.88,24.4,4.88,63.44,24.4,87.84,39.04,43.92
19.52,19.52,0,-19.52,9.76,9.76,9.76,53.68,14.64,82.96,53.68,24.4
0,0,0,0,0,0,14.64,48.8,4.88,78.08,53.68,0
-4.88,-4.88,0,4.88,-4.88,-4.88,19.52,39.04,-4.88,73.2,48.8,-14.64
-9.76,-9.76,0,9.76,-4.88,-4.88,19.52,29.28,-24.4,58.56,19.52,0
0,-4.88,-4.88,4.88,0,-4.88,14.64,19.52,-39.04,48.8,9.76,9.76
9.76,14.64,4.88,-9.76,0,9.76,9.76,9.76,-43.92,34.16,19.52,4.88
24.4,29.28,4.88,-24.4,9.76,14.64,9.76,4.88,-53.68,24.4,0,0
4.88,9.76,4.88,-4.88,0,4.88,0,-9.76,-63.44,14.64,-19.52,-14.64
-34.16,-14.64,19.52,24.4,-29.28,0,0,-19.52,-63.44,14.64,-9.76,0
-43.92,-29.28,14.64,39.04,-29.28,-9.76,4.88,-24.4,-63.44,14.64,-9.76,34.16
-29.28,-39.04,-9.76,34.16,-9.76,-24.4,9.76,-29.28,-73.2,9.76,-29.28,-4.88
-24.4,-43.92,-19.52,34.16,-4.88,-34.16,9.76,-24.4,-78.08,9.76,-19.52,-68.32
-24.4,-53.68,-29.28,39.04,0,-43.92,9.76,-29.28,-87.84,4.88,4.88,-29.28
-19.52,-48.8,-29.28,34.16,4.88,-39.04,9.76,-29.28,-92.72,-9.76,0,-24.4
-19.52,-43.92,-24.4,34.16,0,-34.16,9.76,-29.28,-97.6,-14.64,-48.8,-24.4
-29.28,-24.4,4.88,29.28,-19.52,-9.76,4.88,-39.04,-97.6,-24.4,-58.56,-9.76
-24.4,-19.52,4.88,24.4,-14.64,-9.76,4.88,-34.16,-97.6,-24.4,-58.56,-48.8
-19.52,-29.28,-9.76,24.4,-4.88,-19.52,0,-48.8,-102.48,-29.28,-48.8,-19.52
-34.16,-53.68,-19.52,43.92,-9.76,-39.04,-9.76,-58.56,-107.36,-29.28,-53.68,-39.04
-48.8,-63.44,-14.64,58.56,-19.52,-39.04,-9.76,-63.44,-107.36,-29.28,-63.44,-39.04
-19.52,-53.68,-34.16,39.04,4.88,-43.92,4.88,-48.8,-97.6,-24.4,-39.04,-34.16
-29.28,-63.44,-34.16,48.8,0,-48.8,9.76,-48.8,-102.48,-19.52,-14.64,0
-63.44,-78.08,-14.64,73.2,-24.4,-48.8,14.64,-43.92,-97.6,-14.64,-14.64,14.64
-63.44,-78.08,-14.64,73.2,-24.4,-48.8,19.52,-39.04,-102.48,-24.4,-39.04,14.64
-39.04,-68.32,-29.28,53.68,-4.88,-48.8,9.76,-48.8,-112.24,-29.28,-4.88,-19.52
-29.28,-63.44,-34.16,48.8,0,-48.8,0,-53.68,-117.12,-24.4,-43.92,-39.04
-48.8,-53.68,-4.88,53.68,-24.4,-29.28,0,-48.8,-107.36,-19.52,-43.92,-48.8
-68.32,-43.92,24.4,58.56,-48.8,-9.76,4.88,-43.92,-102.48,-14.64,-4.88,-63.44
-48.8,-43.92,4.88,48.8,-29.28,-19.52,-9.76,-63.44,-112.24,-34.16,-53.68,-24.4
-48.8,-34.16,14.64,43.92,-34.16,-9.76,-4.88,-58.56,-112.24,-34.16,-48.8,-9.76
-48.8,-53.68,-4.88,53.68,-24.4,-29.28,4.88,-53.68,-107.36,-34.16,-29.28,-29.28
-48.8,-73.2,-24.4,63.44,-14.64,-48.8,0,-58.56,-117.12,-34.16,-58.56,-29.28
-48.8,-73.2,-24.4,63.44,-14.64,-48.8,0,-53.68,-117.12,-34.16,-34.16,-19.52
-43.92,-73.2,-29.28,58.56,-9.76,-53.68,4.88,-48.8,-122,-39.04,-34.16,-29.28
-34.16,-68.32,-34.16,53.68,0,-53.68,9.76,-43.92,-117.12,-34.16,-48.8,-58.56
-43.92,-68.32,-24.4,58.56,-9.76,-48.8,4.88,-43.92,-117.12,-34.16,-73.2,-9.76
-43.92,-58.56,-14.64,53.68,-14.64,-39.04,0,-39.04,-112.24,-34.16,-39.04,-24.4
-39.04,-39.04,0,39.04,-19.52,-19.52,0,-43.92,-112.24,-43.92,-43.92,-48.8
-39.04,-39.04,0,39.04,-19.52,-19.52,-9.76,-58.56,-117.12,-48.8,-73.2,-29.28
-29.28,-39.04,-9.76,34.16,-9.76,-24.4,-9.76,-53.68,-117.12,-48.8,-29.28,-43.92
-29.28,-39.04,-9.76,34.16,-9.76,-24.4,0,-48.8,-107.36,-43.92,-34.16,29.28
-34.16,-53.68,-19.52,43.92,-9.76,-39.04,4.88,-48.8,-112.24,-43.92,-24.4,14.64
-24.4,-58.56,-34.16,43.92,4.88,-48.8,4.88,-43.92,-117.12,-48.8,-53.68,-58.56
-24.4,-53.68,-29.28,39.04,0,-43.92,9.76,-39.04,-112.24,-48.8,-39.04,-43.92
-34.16,-58.56,-24.4,48.8,-4.88,-43.92,14.64,-34.16,-112.24,-43.92,9.76,-68.32
-34.16,-63.44,-29.28,48.8,-4.88,-48.8,4.88,-43.92,-117.12,-53.68,-39.04,-68.32
-43.92,-68.32,-24.4,58.56,-9.76,-48.8,-4.88,-43.92,-122,-63.44,-82.96,-58.56
-53.68,-39.04,14.64,48.8,-34.16,-14.64,4.88,-39.04,-107.36,-53.68,-48.8,-58.56
-39.04,-34.16,4.88,39.04,-24.4,-14.64,0,-39.04,-107.36,-48.8,-19.52,-53.68
-48.8,-63.44,-14.64,58.56,-19.52,-39.04,-9.76,-48.8,-117.12,-58.56,-39.04,-58.56
-39.04,-53.68,-14.64,48.8,-14.64,-34.16,0,-39.04,-102.48,-48.8,-48.8,-48.8
-29.28,-53.68,-24.4,43.92,-4.88,-39.04,0,-39.04,-112.24,-43.92,-24.4,-58.56
-24.4,-63.44,-39.04,43.92,4.88,-53.68,9.76,-34.16,-107.36,-43.92,-48.8,-58.56
-19.52,-58.56,-39.04,39.04,9.76,-48.8,9.76,-29.28,-112.24,-48.8,-39.04,0
-34.16,-53.68,-19.52,43.92,-9.76,-39.04,4.88,-34.16,-117.12,-53.68,-24.4,-29.28
-34.16,-48.8,-14.64,43.92,-9.76,-34.16,4.88,-34.16,-112.24,-48.8,0,-34.16
-29.28,-48.8,-19.52,39.04,-4.88,-34.16,9.76,-29.28,-107.36,-58.56,-58.56,-4.88
-14.64,-29.28,-14.64,24.4,0,-24.4,0,-34.16,-112.24,-43.92,-58.56,-34.16
-34.16,-34.16,0,34.16,-19.52,-19.52,9.76,-29.28,-97.6,-24.4,-53.68,-78.08
-63.44,-53.68,9.76,58.56,-39.04,-24.4,14.64,-19.52,-92.72,-39.04,-53.68,-4.88
-53.68,-48.8,4.88,53.68,-29.28,-24.4,14.64,-24.4,-92.72,-39.04,-53.68,82.96
-39.04,-48.8,-9.76,43.92,-14.64,-29.28,19.52,-24.4,-87.84,-34.16,-29.28,29.28
-43.92,-53.68,-9.76,48.8,-19.52,-34.16,19.52,-14.64,-87.84,-34.16,-9.76,-78.08
-34.16,-43.92,-9.76,39.04,-14.64,-29.28,19.52,-19.52,-92.72,-34.16,9.76,-34.16
-24.4,-29.28,-4.88,29.28,-9.76,-19.52,19.52,-24.4,-92.72,-29.28,-9.76,-4.88
-29.28,-34.16,-4.88,34.16,-14.64,-19.52,4.88,-29.28,-97.6,-48.8,-19.52,-9.76
-19.52,-29.28,-9.76,24.4,-4.88,-19.52,4.88,-29.28,-97.6,-53.68,-34.16,-29.28
-43.92,-29.28,14.64,39.04,-29.28,-9.76,4.88,-34.16,-97.6,-58.56,-48.8,0
-58.56,-39.04,19.52,48.8,-39.04,-9.76,4.88,-34.16,-92.72,-53.68,-4.88,14.64
-43.92,-43.92,0,43.92,-24.4,-24.4,0,-34.16,-92.72,-48.8,-24.4,-4.88
-48.8,-53.68,-4.88,53.68,-24.4,-29.28,0,-34.16,-87.84,-43.92,-9.76,4.88
-39.04,-43.92,-4.88,43.92,-19.52,-24.4,9.76,-24.4,-78.08,-29.28,0,-9.76
-34.16,-39.04,-4.88,39.04,-14.64,-24.4,14.64,-19.52,-78.08,-39.04,24.4,4.88
-34.16,-39.04,-4.88,39.04,-14.64,-24.4,14.64,-19.52,-82.96,-48.8,19.52,-9.76
-34.16,-24.4,9.76,29.28,-24.4,-9.76,9.76,-24.4,-87.84,-53.68,-9.76,-24.4
-43.92,-9.76,34.16,29.28,-39.04,9.76,4.88,-29.28,-92.72,-53.68,-24.4,-14.64
-39.04,-19.52,19.52,29.28,-29.28,0,-4.88,-29.28,-92.72,-58.56,-63.44,-34.16
-43.92,-29.28,14.64,39.04,-29.28,-9.76,4.88,-29.28,-92.72,-58.56,-14.64,-24.4
-43.92,-29.28,14.64,39.04,-29.28,-9.76,0,-39.04,-97.6,-53.68,-24.4,4.88
-39.04,-24.4,14.64,34.16,-29.28,-4.88,0,-34.16,-97.6,-48.8,-34.16,-14.64
-39.04,-34.16,4.88,39.04,-24.4,-14.64,4.88,-34.16,-97.6,-48.8,-29.28,-73.2
-68.32,-58.56,9.76,63.44,-39.04,-24.4,4.88,-34.16,-97.6,-29.28,-43.92,-43.92
-63.44,-63.44,0,63.44,-34.16,-34.16,9.76,-29.28,-97.6,-39.04,-39.04,-9.76
-82.96,-82.96,0,82.96,-43.92,-43.92,9.76,-34.16,-102.48,-53.68,-29.28,4.88
-58.56,-63.44,-4.88,63.44,-29.28,-34.16,19.52,-19.52,-92.72,-48.8,-34.16,-19.52
-24.4,-19.52,4.88,24.4,-14.64,-9.76,14.64,-19.52,-92.72,-34.16,-39.04,-4.88
-39.04,-34.16,4.88,39.04,-24.4,-14.64,4.88,-29.28,-97.6,-43.92,-48.8,-9.76
-43.92,-24.4,19.52,34.16,-34.16,-4.88,4.88,-34.16,-92.72,-53.68,-29.28,63.44
-43.92,-24.4,19.52,34.16,-34.16,-4.88,0,-39.04,-97.6,-48.8,-9.76,-14.64
-48.8,-34.16,14.64,43.92,-34.16,-9.76,0,-39.04,-97.6,-48.8,-43.92,-19.52
-34.16,-39.04,-4.88,39.04,-14.64,-24.4,0,-43.92,-97.6,-58.56,-53.68,-34.16
-53.68,-58.56,-4.88,58.56,-24.4,-34.16,4.88,-39.04,-102.48,-58.56,-29.28,-53.68
-78.08,-68.32,9.76,73.2,-43.92,-29.28,9.76,-29.28,-97.6,-58.56,-19.52,-19.52
-39.04,-58.56,-19.52,48.8,-9.76,-39.04,14.64,-24.4,-102.48,-63.44,-39.04,43.92
-34.16,-58.56,-24.4,48.8,-4.88,-43.92,4.88,-39.04,-112.24,-78.08,-43.92,-9.76
-53.68,-53.68,0,53.68,-29.28,-29.28,4.88,-34.16,-107.36,-68.32,-39.04,-48.8
-39.04,-48.8,-9.76,43.92,-14.64,-29.28,-4.88,-43.92,-112.24,-78.08,-24.4,-53.68
-43.92,-34.16,9.76,39.04,-29.28,-14.64,-9.76,-53.68,-122,-78.08,-29.28,-29.28
-43.92,-24.4,19.52,34.16,-34.16,-4.88,0,-48.8,-107.36,-68.32,-29.28,-39.04
-43.92,-24.4,19.52,34.16,-34.16,-4.88,-4.88,-48.8,-107.36,-68.32,-58.56,-58.56
-34.16,-43.92,-9.76,39.04,-14.64,-29.28,0,-58.56,-112.24,-73.2,-68.32,-82.96
-43.92,-48.8,-4.88,48.8,-19.52,-29.28,4.88,-48.8,-112.24,-53.68,-63.44,-24.4
-53.68,-68.32,-14.64,63.44,-19.52,-43.92,9.76,-43.92,-112.24,-68.32,-53.68,-24.4
-58.56,-53.68,4.88,58.56,-34.16,-24.4,9.76,-43.92,-122,-73.2,-53.68,-14.64
-43.92,-48.8,-4.88,48.8,-19.52,-29.28,9.76,-48.8,-126.88,-78.08,-29.28,-14.64
-39.04,-34.16,4.88,39.04,-24.4,-14.64,4.88,-53.68,-126.88,-73.2,-9.76,-29.28
-29.28,-29.28,0,29.28,-14.64,-14.64,-4.88,-58.56,-126.88,-82.96,-14.64,-63.44
-53.68,-48.8,4.88,53.68,-29.28,-24.4,-9.76,-63.44,-136.64,-92.72,-73.2,-78.08
-48.8,-43.92,4.88,48.8,-29.28,-19.52,-9.76,-68.32,-131.76,-82.96,-58.56,-73.2
-48.8,-39.04,9.76,43.92,-29.28,-14.64,-4.88,-63.44,-122,-78.08,-9.76,-4.88
-29.28,-58.56,-29.28,43.92,0,-43.92,-9.76,-73.2,-131.76,-87.84,-48.8,0
-9.76,-53.68,-43.92,34.16,14.64,-48.8,-14.64,-68.32,-141.52,-87.84,-68.32,-48.8
-34.16,-63.44,-29.28,48.8,-4.88,-48.8,-14.64,-68.32,-136.64,-87.84,-58.56,-63.44
-63.44,-58.56,4.88,63.44,-34.16,-29.28,-4.88,-68.32,-141.52,-92.72,-53.68,-58.56
-43.92,-39.04,4.88,43.92,-24.4,-19.52,0,-63.44,-136.64,-87.84,-58.56,-24.4
-58.56,-39.04,19.52,48.8,-39.04,-9.76,-14.64,-73.2,-141.52,-92.72,-63.44,-24.4
-58.56,-48.8,9.76,53.68,-34.16,-19.52,-19.52,-82.96,-141.52,-97.6,-53.68,-19.52
-63.44,-43.92,19.52,53.68,-43.92,-14.64,-9.76,-78.08,-136.64,-92.72,-34.16,4.88
-63.44,-63.44,0,63.44,-34.16,-34.16,-19.52,-78.08,-122,-82.96,-58.56,19.52
-48.8,-53.68,-4.88,53.68,-24.4,-29.28,-14.64,-73.2,-117.12,-82.96,-78.08,-24.4
-34.16,-58.56,-24.4,48.8,-4.88,-43.92,-14.64,-82.96,-117.12,-82.96,-68.32,-14.64
-34.16,-68.32,-34.16,53.68,0,-53.68,-14.64,-78.08,-126.88,-82.96,-73.2,24.4
-43.92,-68.32,-24.4,58.56,-9.76,-48.8,-14.64,-78.08,-126.88,-78.08,-48.8,14.64
-48.8,-63.44,-14.64,58.56,-19.52,-39.04,-14.64,-82.96,-136.64,-97.6,-53.68,-24.4
-34.16,-53.68,-19.52,43.92,-9.76,-39.04,-9.76,-82.96,-136.64,-97.6,-87.84,-87.84
-24.4,-48.8,-24.4,39.04,0,-39.04,-24.4,-92.72,-146.4,-107.36,-92.72,-73.2
-48.8,-58.56,-9.76,53.68,-19.52,-34.16,-24.4,-97.6,-146.4,-112.24,-58.56,-73.2
-68.32,-63.44,4.88,68.32,-39.04,-29.28,-24.4,-97.6,-136.64,-102.48,-68.32,-34.16
-92.72,-87.84,4.88,92.72,-48.8,-43.92,-34.16,-102.48,-136.64,-102.48,-68.32,-43.92
-73.2,-73.2,0,73.2,-39.04,-39.04,-14.64,-87.84,-126.88,-92.72,-29.28,-48.8
-39.04,-48.8,-9.76,43.92,-14.64,-29.28,-14.64,-87.84,-117.12,-82.96,4.88,-4.88
-43.92,-58.56,-14.64,53.68,-14.64,-39.04,-19.52,-92.72,-122,-82.96,-68.32,-24.4
-48.8,-68.32,-19.52,58.56,-14.64,-43.92,-14.64,-92.72,-126.88,-82.96,-53.68,-24.4
-53.68,-58.56,-4.88,58.56,-24.4,-34.16,-14.64,-97.6,-131.76,-97.6,-39.04,-73.2
-58.56,-63.44,-4.88,63.44,-29.28,-34.16,-24.4,-97.6,-136.64,-97.6,-73.2,-73.2
-53.68,-48.8,4.88,53.68,-29.28,-24.4,-29.28,-102.48,-146.4,-102.48,-112.24,-87.84
-53.68,-48.8,4.88,53.68,-29.28,-24.4,-24.4,-102.48,-141.52,-102.48,-107.36,-19.52
-58.56,-48.8,9.76,53.68,-34.16,-19.52,-29.28,-102.48,-136.64,-102.48,-112.24,-19.52
-53.68,-53.68,0,53.68,-29.28,-29.28,-24.4,-97.6,-126.88,-92.72,-102.48,-63.44
-53.68,-58.56,-4.88,58.56,-24.4,-34.16,-19.52,-102.48,-126.88,-87.84,-68.32,-43.92
-53.68,-68.32,-14.64,63.44,-19.52,-43.92,-14.64,-92.72,-122,-82.96,-78.08,-19.52
-63.44,-73.2,-9.76,68.32,-29.28,-43.92,-19.52,-102.48,-126.88,-82.96,-29.28,-29.28
-58.56,-78.08,-19.52,68.32,-19.52,-48.8,-14.64,-97.6,-131.76,-82.96,-34.16,-43.92
-43.92,-58.56,-14.64,53.68,-14.64,-39.04,-14.64,-102.48,-136.64,-97.6,-82.96,-53.68
-43.92,-48.8,-4.88,48.8,-19.52,-29.28,-24.4,-97.6,-131.76,-92.72,-82.96,-14.64
-48.8,-39.04,9.76,43.92,-29.28,-14.64,-34.16,-107.36,-136.64,-97.6,-117.12,-34.16
-53.68,-43.92,9.76,48.8,-34.16,-19.52,-29.28,-102.48,-136.64,-97.6,-97.6,-34.16
-48.8,-43.92,4.88,48.8,-29.28,-19.52,-34.16,-112.24,-136.64,-102.48,-58.56,-68.32
-43.92,-48.8,-4.88,48.8,-19.52,-29.28,-34.16,-112.24,-131.76,-92.72,-63.44,-68.32
-48.8,-58.56,-9.76,53.68,-19.52,-34.16,-24.4,-107.36,-122,-92.72,-87.84,14.64
-63.44,-73.2,-9.76,68.32,-29.28,-43.92,-14.64,-97.6,-117.12,-87.84,-102.48,-29.28
-48.8,-82.96,-34.16,68.32,-9.76,-58.56,-29.28,-107.36,-122,-92.72,-102.48,-78.08
-53.68,-87.84,-34.16,73.2,-9.76,-63.44,-19.52,-107.36,-122,-92.72,-78.08,-39.04
-43.92,-68.32,-24.4,58.56,-9.76,-48.8,-24.4,-107.36,-122,-97.6,-82.96,-48.8
-43.92,-58.56,-14.64,53.68,-14.64,-39.04,-34.16,-107.36,-122,-97.6,-82.96,-34.16
-48.8,-53.68,-4.88,53.68,-24.4,-29.28,-39.04,-112.24,-131.76,-107.36,-92.72,-29.28
-29.28,-43.92,-14.64,39.04,-9.76,-29.28,-39.04,-112.24,-126.88,-97.6,-97.6,-29.28
-9.76,-39.04,-29.28,24.4,9.76,-34.16,-43.92,-117.12,-126.88,-112.24,-131.76,-87.84
-19.52,-48.8,-29.28,34.16,4.88,-39.04,-39.04,-112.24,-122,-102.48,-126.88,-24.4
-48.8,-48.8,0,48.8,-24.4,-24.4,-19.52,-102.48,-107.36,-87.84,-87.84,-24.4
-73.2,-68.32,4.88,73.2,-39.04,-34.16,-9.76,-97.6,-97.6,-82.96,-78.08,-53.68
-63.44,-73.2,-9.76,68.32,-29.28,-43.92,-14.64,-97.6,-107.36,-92.72,-102.48,-53.68
-53.68,-78.08,-24.4,68.32,-14.64,-53.68,-24.4,-102.48,-107.36,-92.72,-107.36,-48.8
-53.68,-73.2,-19.52,63.44,-19.52,-48.8,-19.52,-107.36,-112.24,-97.6,-126.88,-24.4
-58.56,-78.08,-19.52,68.32,-19.52,-48.8,-29.28,-107.36,-117.12,-102.48,-112.24,-4.88
-63.44,-58.56,4.88,63.44,-34.16,-29.28,-39.04,-112.24,-117.12,-107.36,-117.12,-39.04
-48.8,-48.8,0,48.8,-24.4,-24.4,-43.92,-117.12,-117.12,-112.24,-112.24,-19.52
-39.04,-39.04,0,39.04,-19.52,-19.52,-48.8,-126.88,-122,-112.24,-126.88,9.76
-63.44,-48.8,14.64,58.56,-39.04,-19.52,-34.16,-112.24,-107.36,-73.2,-102.48,-58.56
-63.44,-43.92,19.52,53.68,-43.92,-14.64,-34.16,-117.12,-107.36,-78.08,-78.08,-19.52
-43.92,-53.68,-9.76,48.8,-19.52,-34.16,-39.04,-117.12,-117.12,-97.6,-78.08,-78.08
-58.56,-78.08,-19.52,68.32,-19.52,-48.8,-34.16,-117.12,-117.12,-102.48,-48.8,-78.08
-43.92,-73.2,-29.28,58.56,-9.76,-53.68,-34.16,-122,-117.12,-107.36,-63.44,-82.96
-39.04,-63.44,-24.4,53.68,-9.76,-43.92,-34.16,-122,-122,-117.12,-102.48,-73.2
-34.16,-53.68,-19.52,43.92,-9.76,-39.04,-34.16,-122,-126.88,-117.12,-141.52,-73.2
-48.8,-43.92,4.88,48.8,-29.28,-19.52,-39.04,-117.12,-117.12,-117.12,-117.12,-29.28
-53.68,-39.04,14.64,48.8,-34.16,-14.64,-39.04,-117.12,-117.12,-112.24,-87.84,-68.32
-73.2,-43.92,29.28,58.56,-53.68,-9.76,-34.16,-107.36,-112.24,-102.48,-107.36,-78.08
-58.56,-43.92,14.64,53.68,-39.04,-14.64,-39.04,-107.36,-107.36,-102.48,-102.48,-48.8
-63.44,-58.56,4.88,63.44,-34.16,-29.28,-43.92,-112.24,-112.24,-107.36,-78.08,-39.04
-53.68,-63.44,-9.76,58.56,-24.4,-39.04,-34.16,-107.36,-107.36,-102.48,-87.84,-48.8
-43.92,-63.44,-19.52,53.68,-14.64,-43.92,-39.04,-112.24,-117.12,-107.36,-107.36,-39.04
-53.68,-73.2,-19.52,63.44,-19.52,-48.8,-48.8,-117.12,-122,-102.48,-102.48,-39.04
-63.44,-68.32,-4.88,68.32,-29.28,-39.04,-43.92,-122,-131.76,-112.24,-126.88,4.88
-73.2,-68.32,4.88,73.2,-39.04,-34.16,-48.8,-122,-131.76,-122,-136.64,-24.4
-68.32,-39.04,29.28,53.68,-48.8,-4.88,-43.92,-112.24,-126.88,-117.12,-146.4,-73.2
-63.44,-34.16,29.28,48.8,-48.8,-4.88,-48.8,-117.12,-126.88,-117.12,-151.28,-92.72
-58.56,-34.16,24.4,48.8,-43.92,-4.88,-43.92,-117.12,-126.88,-117.12,-126.88,-78.08
-39.04,-39.04,0,39.04,-19.52,-19.52,-48.8,-117.12,-122,-117.12,-117.12,-63.44
-39.04,-58.56,-19.52,48.8,-9.76,-39.04,-53.68,-122,-126.88,-112.24,-112.24,-73.2
-48.8,-68.32,-19.52,58.56,-14.64,-43.92,-39.04,-112.24,-117.12,-102.48,-131.76,-39.04
-48.8,-68.32,-19.52,58.56,-14.64,-43.92,-39.04,-117.12,-117.12,-102.48,-141.52,-78.08
-63.44,-73.2,-9.76,68.32,-29.28,-43.92,-43.92,-117.12,-122,-107.36,-131.76,-58.56
-48.8,-53.68,-4.88,53.68,-24.4,-29.28,-39.04,-112.24,-122,-97.6,-136.64,-53.68
-43.92,-53.68,-9.76,48.8,-19.52,-34.16,-39.04,-117.12,-126.88,-102.48,-175.68,-73.2
-68.32,-63.44,4.88,68.32,-39.04,-29.28,-48.8,-117.12,-126.88,-117.12,-151.28,-92.72
-58.56,-43.92,14.64,53.68,-39.04,-14.64,-53.68,-122,-126.88,-117.12,-141.52,-19.52
-58.56,-39.04,19.52,48.8,-39.04,-9.76,-43.92,-122,-131.76,-107.36,-165.92,-14.64
-53.68,-43.92,9.76,48.8,-34.16,-19.52,-48.8,-126.88,-126.88,-122,-185.44,9.76
-48.8,-39.04,9.76,43.92,-29.28,-14.64,-48.8,-122,-122,-112.24,-195.2,-43.92
-43.92,-39.04,4.88,43.92,-24.4,-19.52,-48.8,-112.24,-117.12,-102.48,-175.68,-24.4
-39.04,-43.92,-4.88,43.92,-19.52,-24.4,-48.8,-117.12,-131.76,-112.24,-175.68,-34.16
-4.88,-58.56,-53.68,34.16,24.4,-58.56,-48.8,-117.12,-131.76,-117.12,-170.8,-34.16
-34.16,-53.68,-19.52,43.92,-9.76,-39.04,-43.92,-117.12,-131.76,-117.12,-170.8,-82.96
-58.56,-53.68,4.88,58.56,-34.16,-24.4,-39.04,-107.36,-126.88,-102.48,-151.28,-92.72
-58.56,-39.04,19.52,48.8,-39.04,-9.76,-43.92,-112.24,-126.88,-112.24,-146.4,-43.92
-48.8,-43.92,4.88,48.8,-29.28,-19.52,-48.8,-122,-131.76,-126.88,-141.52,-53.68
-34.16,-39.04,-4.88,39.04,-14.64,-24.4,-53.68,-126.88,-141.52,-131.76,-165.92,-63.44
-53.68,-63.44,-9.76,58.56,-24.4,-39.04,-58.56,-122,-131.76,-126.88,-170.8,-34.16
-58.56,-63.44,-4.88,63.44,-29.28,-34.16,-43.92,-112.24,-107.36,-107.36,-141.52,-43.92
-53.68,-58.56,-4.88,58.56,-24.4,-34.16,-34.16,-102.48,-107.36,-97.6,-146.4,-68.32
-73.2,-78.08,-4.88,78.08,-34.16,-43.92,-29.28,-97.6,-107.36,-92.72,-161.04,-43.92
-39.04,-68.32,-29.28,53.68,-4.88,-48.8,-34.16,-107.36,-117.12,-102.48,-146.4,-29.28
-34.16,-58.56,-24.4,48.8,-4.88,-43.92,-29.28,-112.24,-117.12,-107.36,-165.92,-63.44
-39.04,-58.56,-19.52,48.8,-9.76,-39.04,-34.16,-107.36,-117.12,-102.48,-156.16,-78.08
-53.68,-53.68,0,53.68,-29.28,-29.28,-34.16,-112.24,-117.12,-107.36,-156.16,-102.48
-53.68,-63.44,-9.76,58.56,-24.4,-39.04,-39.04,-122,-126.88,-117.12,-185.44,-73.2
-43.92,-43.92,0,43.92,-24.4,-24.4,-43.92,-122,-126.88,-117.12,-175.68,-97.6
-48.8,-43.92,4.88,48.8,-29.28,-19.52,-39.04,-117.12,-126.88,-102.48,-141.52,-53.68
-63.44,-68.32,-4.88,68.32,-29.28,-39.04,-43.92,-126.88,-126.88,-102.48,-141.52,-39.04
-53.68,-78.08,-24.4,68.32,-14.64,-53.68,-39.04,-117.12,-122,-107.36,-126.88,-58.56
-43.92,-73.2,-29.28,58.56,-9.76,-53.68,-39.04,-117.12,-126.88,-107.36,-141.52,-39.04
-43.92,-78.08,-34.16,63.44,-4.88,-58.56,-24.4,-107.36,-122,-97.6,-151.28,-24.4
-34.16,-53.68,-19.52,43.92,-9.76,-39.04,-29.28,-112.24,-122,-102.48,-156.16,-43.92
-34.16,-53.68,-19.52,43.92,-9.76,-39.04,-34.16,-112.24,-126.88,-107.36,-151.28,-92.72
-34.16,-43.92,-9.76,39.04,-14.64,-29.28,-29.28,-112.24,-122,-107.36,-151.28,-53.68
-43.92,-53.68,-9.76,48.8,-19.52,-34.16,-29.28,-112.24,-126.88,-102.48,-180.56,-43.92
-73.2,-63.44,9.76,68.32,-43.92,-29.28,-39.04,-122,-131.76,-102.48,-180.56,-53.68
-73.2,-68.32,4.88,73.2,-39.04,-34.16,-34.16,-112.24,-122,-102.48,-161.04,-53.68
-48.8,-63.44,-14.64,58.56,-19.52,-39.04,-29.28,-107.36,-112.24,-92.72,-126.88,-58.56
-68.32,-97.6,-29.28,82.96,-19.52,-63.44,-24.4,-107.36,-117.12,-92.72,-131.76,-48.8
-68.32,-97.6,-29.28,82.96,-19.52,-63.44,-34.16,-112.24,-107.36,-78.08,-102.48,-58.56
-63.44,-97.6,-34.16,82.96,-14.64,-68.32,-24.4,-112.24,-107.36,-82.96,-126.88,-87.84
-48.8,-82.96,-34.16,68.32,-9.76,-58.56,-29.28,-112.24,-112.24,-92.72,-102.48,-78.08
-53.68,-78.08,-24.4,68.32,-14.64,-53.68,-29.28,-117.12,-112.24,-87.84,-117.12,-39.04
-53.68,-63.44,-9.76,58.56,-24.4,-39.04,-24.4,-117.12,-107.36,-92.72,-156.16,-34.16
-58.56,-63.44,-4.88,63.44,-29.28,-34.16,-29.28,-117.12,-112.24,-92.72,-146.4,-58.56
-63.44,-58.56,4.88,63.44,-34.16,-29.28,-29.28,-117.12,-112.24,-97.6,-136.64,-48.8
-68.32,-63.44,4.88,68.32,-39.04,-29.28,-24.4,-112.24,-107.36,-92.72,-122,-53.68
-58.56,-68.32,-9.76,63.44,-24.4,-39.04,-24.4,-117.12,-112.24,-92.72,-131.76,-68.32
-63.44,-87.84,-24.4,78.08,-19.52,-58.56,-29.28,-117.12,-117.12,-92.72,-126.88,-9.76
-43.92,-82.96,-39.04,63.44,-4.88,-63.44,-29.28,-117.12,-117.12,-92.72,-117.12,-19.52
-34.16,-82.96,-48.8,58.56,4.88,-68.32,-24.4,-107.36,-107.36,-87.84,-97.6,-34.16
-43.92,-78.08,-34.16,63.44,-4.88,-58.56,-24.4,-112.24,-112.24,-92.72,-68.32,-29.28
-48.8,-73.2,-24.4,63.44,-14.64,-48.8,-14.64,-102.48,-102.48,-78.08,-78.08,-53.68
-53.68,-63.44,-9.76,58.56,-24.4,-39.04,-24.4,-107.36,-107.36,-82.96,-73.2,-39.04
-43.92,-48.8,-4.88,48.8,-19.52,-29.28,-19.52,-107.36,-102.48,-87.84,-112.24,-58.56
-58.56,-43.92,14.64,53.68,-39.04,-14.64,-19.52,-112.24,-102.48,-78.08,-122,-63.44
-68.32,-58.56,9.76,63.44,-39.04,-24.4,-24.4,-117.12,-102.48,-92.72,-146.4,-58.56
-48.8,-53.68,-4.88,53.68,-24.4,-29.28,-19.52,-107.36,-97.6,-87.84,-117.12,-19.52
-39.04,-58.56,-19.52,48.8,-9.76,-39.04,-29.28,-117.12,-107.36,-92.72,-112.24,-39.04
-29.28,-68.32,-39.04,48.8,4.88,-53.68,-29.28,-117.12,-112.24,-97.6,-136.64,-63.44
-34.16,-78.08,-43.92,58.56,4.88,-63.44,-24.4,-107.36,-102.48,-92.72,-92.72,-58.56
-58.56,-78.08,-19.52,68.32,-19.52,-48.8,-9.76,-102.48,-92.72,-82.96,-68.32,-73.2
-78.08,-82.96,-4.88,82.96,-39.04,-43.92,-9.76,-102.48,-92.72,-87.84,-87.84,-63.44
-53.68,-63.44,-9.76,58.56,-24.4,-39.04,-19.52,-107.36,-97.6,-92.72,-102.48,-68.32
-43.92,-53.68,-9.76,48.8,-19.52,-34.16,-19.52,-117.12,-97.6,-87.84,-107.36,-43.92
-34.16,-34.16,0,34.16,-19.52,-19.52,-19.52,-117.12,-97.6,-82.96,-68.32,-68.32
-29.28,-29.28,0,29.28,-14.64,-14.64,-19.52,-112.24,-87.84,-78.08,-63.44,-43.92
-34.16,-39.04,-4.88,39.04,-14.64,-24.4,-9.76,-107.36,-82.96,-73.2,-102.48,-68.32
-24.4,-43.92,-19.52,34.16,-4.88,-34.16,-9.76,-107.36,-82.96,-73.2,-102.48,-48.8
-29.28,-53.68,-24.4,43.92,-4.88,-39.04,-4.88,-102.48,-87.84,-73.2,-82.96,-73.2
-39.04,-63.44,-24.4,53.68,-9.76,-43.92,9.76,-92.72,-78.08,-63.44,-92.72,-53.68
-34.16,-43.92,-9.76,39.04,-14.64,-29.28,19.52,-87.84,-78.08,-58.56,-92.72,-68.32
-34.16,-34.16,0,34.16,-19.52,-19.52,24.4,-78.08,-63.44,-48.8,-19.52,-53.68
-19.52,-4.88,14.64,14.64,-19.52,4.88,29.28,-68.32,-53.68,-34.16,14.64,-48.8
-43.92,-4.88,39.04,24.4,-43.92,14.64,34.16,-68.32,-48.8,-34.16,-63.44,-34.16
-43.92,-9.76,34.16,29.28,-39.04,9.76,29.28,-68.32,-53.68,-39.04,-68.32,-39.04
-34.16,-4.88,29.28,19.52,-34.16,9.76,24.4,-68.32,-48.8,-39.04,-63.44,-9.76
-24.4,-14.64,9.76,19.52,-19.52,-4.88,24.4,-73.2,-53.68,-43.92,-78.08,-29.28
-19.52,-14.64,4.88,19.52,-14.64,-4.88,29.28,-63.44,-43.92,-39.04,-82.96,-48.8
-14.64,4.88,19.52,4.88,-19.52,9.76,43.92,-48.8,-39.04,-24.4,-78.08,-43.92
-29.28,4.88,34.16,14.64,-34.16,19.52,53.68,-39.04,-24.4,-14.64,-58.56,14.64
-19.52,-4.88,14.64,14.64,-19.52,4.88,48.8,-43.92,-34.16,-24.4,-58.56,19.52
-19.52,4.88,24.4,9.76,-24.4,14.64,48.8,-34.16,-29.28,-19.52,-29.28,-9.76
-9.76,0,9.76,4.88,-9.76,4.88,39.04,-39.04,-39.04,-24.4,-48.8,-29.28
-19.52,-4.88,14.64,14.64,-19.52,4.88,29.28,-48.8,-43.92,-24.4,-34.16,-19.52
0,24.4,24.4,-9.76,-14.64,24.4,34.16,-39.04,-39.04,-14.64,-43.92,-24.4
9.76,34.16,24.4,-19.52,-9.76,29.28,43.92,-29.28,-29.28,-14.64,-53.68,-19.52
4.88,19.52,14.64,-9.76,-4.88,14.64,43.92,-29.28,-29.28,-9.76,-58.56,14.64
-9.76,-14.64,-4.88,14.64,-4.88,-9.76,29.28,-34.16,-34.16,4.88,-53.68,-19.52
19.52,0,-19.52,-9.76,19.52,-9.76,14.64,-34.16,-34.16,-4.88,-34.16,-34.16
24.4,9.76,-14.64,-14.64,19.52,-4.88,4.88,-29.28,-29.28,-4.88,-19.52,-9.76
24.4,9.76,-14.64,-14.64,19.52,-4.88,-4.88,-39.04,-39.04,-9.76,-39.04,-4.88
29.28,14.64,-14.64,-19.52,19.52,0,-14.64,-43.92,-43.92,-9.76,-34.16,14.64
19.52,14.64,-4.88,-14.64,9.76,4.88,-24.4,-53.68,-58.56,-24.4,-39.04,-4.88
19.52,14.64,-4.88,-14.64,9.76,4.88,-29.28,-53.68,-53.68,-24.4,-19.52,19.52
19.52,24.4,4.88,-19.52,4.88,14.64,-24.4,-53.68,-43.92,-14.64,-39.04,4.88
19.52,19.52,0,-19.52,9.76,9.76,-34.16,-58.56,-43.92,-19.52,-39.04,4.88
24.4,14.64,-9.76,-19.52,14.64,0,-34.16,-63.44,-43.92,-19.52,-9.76,-24.4
29.28,-4.88,-34.16,-9.76,29.28,-19.52,-39.04,-68.32,-53.68,-29.28,-9.76,-4.88
48.8,-9.76,-58.56,-19.52,53.68,-34.16,-43.92,-82.96,-68.32,-39.04,-48.8,9.76
68.32,0,-68.32,-34.16,68.32,-34.16,-39.04,-82.96,-68.32,-39.04,-43.92,-14.64
48.8,-19.52,-68.32,-14.64,58.56,-43.92,-34.16,-73.2,-63.44,-39.04,-58.56,-29.28
29.28,-29.28,-58.56,0,43.92,-43.92,-24.4,-68.32,-58.56,-19.52,-48.8,24.4
9.76,-34.16,-43.92,14.64,24.4,-39.04,-29.28,-78.08,-68.32,-29.28,-53.68,-34.16
-4.88,-39.04,-34.16,24.4,14.64,-39.04,-29.28,-82.96,-68.32,-48.8,-53.68,-58.56
-4.88,-24.4,-19.52,14.64,4.88,-24.4,-34.16,-92.72,-73.2,-53.68,-78.08,-39.04
-4.88,-24.4,-19.52,14.64,4.88,-24.4,-39.04,-97.6,-82.96,-58.56,-63.44,-24.4
-4.88,-39.04,-34.16,24.4,14.64,-39.04,-34.16,-107.36,-87.84,-68.32,-58.56,-48.8
-9.76,-63.44,-53.68,39.04,19.52,-58.56,-34.16,-112.24,-97.6,-73.2,-53.68,-9.76
-19.52,-68.32,-48.8,43.92,14.64,-58.56,-34.16,-112.24,-92.72,-78.08,-58.56,29.28
-19.52,-73.2,-53.68,48.8,14.64,-63.44,-24.4,-117.12,-97.6,-78.08,-63.44,-19.52
-34.16,-73.2,-39.04,53.68,0,-58.56,-19.52,-112.24,-102.48,-92.72,-63.44,-73.2
-48.8,-73.2,-24.4,63.44,-14.64,-48.8,-14.64,-112.24,-107.36,-92.72,-92.72,-43.92
-43.92,-63.44,-19.52,53.68,-14.64,-43.92,-9.76,-117.12,-107.36,-92.72,-48.8,-24.4
-43.92,-58.56,-14.64,53.68,-14.64,-39.04,-24.4,-126.88,-112.24,-102.48,-43.92,-19.52
-53.68,-63.44,-9.76,58.56,-24.4,-39.04,-24.4,-131.76,-117.12,-107.36,-43.92,-29.28
-48.8,-73.2,-24.4,63.44,-14.64,-48.8,-24.4,-126.88,-112.24,-107.36,-92.72,-73.2
-58.56,-97.6,-39.04,78.08,-9.76,-68.32,-24.4,-131.76,-117.12,-102.48,-87.84,-43.92
-48.8,-102.48,-53.68,78.08,0,-78.08,-14.64,-126.88,-102.48,-97.6,-97.6,-48.8
-53.68,-107.36,-53.68,82.96,0,-82.96,-14.64,-122,-122,-102.48,-92.72,-78.08
-43.92,-107.36,-63.44,78.08,9.76,-87.84,-19.52,-126.88,-126.88,-107.36,-82.96,-78.08
-43.92,-92.72,-48.8,68.32,0,-73.2,-14.64,-126.88,-126.88,-107.36,-63.44,-58.56
-43.92,-97.6,-53.68,73.2,4.88,-78.08,-24.4,-126.88,-131.76,-92.72,-53.68,-107.36
-48.8,-97.6,-48.8,73.2,0,-73.2,-29.28,-131.76,-136.64,-107.36,-78.08,-117.12
-53.68,-82.96,-29.28,68.32,-14.64,-58.56,-19.52,-122,-122,-102.48,-82.96,-92.72
-58.56,-78.08,-19.52,68.32,-19.52,-48.8,-24.4,-136.64,-126.88,-112.24,-122,-24.4
-48.8,-78.08,-29.28,63.44,-9.76,-53.68,-24.4,-136.64,-122,-107.36,-107.36,-34.16
-63.44,-82.96,-19.52,73.2,-24.4,-53.68,-19.52,-136.64,-122,-112.24,-97.6,-48.8
-63.44,-92.72,-29.28,78.08,-19.52,-63.44,-14.64,-136.64,-122,-112.24,-107.36,-78.08
-48.8,-92.72,-43.92,73.2,-4.88,-68.32,-4.88,-126.88,-117.12,-102.48,-68.32,-73.2
-58.56,-102.48,-43.92,82.96,-9.76,-73.2,-4.88,-126.88,-117.12,-102.48,-63.44,-63.44
-78.08,-131.76,-53.68,107.36,-14.64,-92.72,-4.88,-126.88,-122,-97.6,-92.72,-68.32
-68.32,-131.76,-63.44,102.48,-4.88,-97.6,-9.76,-122,-122,-92.72,-82.96,-73.2
-43.92,-117.12,-73.2,82.96,14.64,-97.6,-9.76,-126.88,-122,-117.12,-107.36,-73.2
-34.16,-92.72,-58.56,63.44,9.76,-78.08,-9.76,-126.88,-117.12,-112.24,-82.96,-63.44
-39.04,-78.08,-39.04,58.56,0,-58.56,-9.76,-131.76,-117.12,-117.12,-63.44,-68.32
-63.44,-92.72,-29.28,78.08,-19.52,-63.44,-14.64,-126.88,-117.12,-117.12,-92.72,-92.72
-78.08,-97.6,-19.52,87.84,-29.28,-58.56,-9.76,-131.76,-122,-117.12,-68.32,-97.6
-78.08,-122,-43.92,102.48,-19.52,-82.96,-14.64,-136.64,-122,-112.24,-73.2,-68.32
-58.56,-97.6,-39.04,78.08,-9.76,-68.32,4.88,-117.12,-112.24,-87.84,-53.68,-39.04
-68.32,-87.84,-19.52,78.08,-24.4,-53.68,14.64,-102.48,-92.72,-82.96,-68.32,-53.68
-78.08,-107.36,-29.28,92.72,-24.4,-68.32,-4.88,-122,-122,-112.24,-97.6,-68.32
-87.84,-122,-34.16,107.36,-29.28,-78.08,-9.76,-126.88,-131.76,-122,-136.64,-102.48
-87.84,-97.6,-9.76,92.72,-39.04,-53.68,9.76,-117.12,-126.88,-117.12,-107.36,-78.08
-87.84,-78.08,9.76,82.96,-48.8,-34.16,29.28,-107.36,-122,-122,-102.48,-97.6
-92.72,-53.68,39.04,73.2,-68.32,-9.76,43.92,-92.72,-112.24,-117.12,-136.64,-68.32
-102.48,-63.44,39.04,82.96,-73.2,-14.64,63.44,-73.2,-97.6,-102.48,-97.6,-87.84
-97.6,-48.8,48.8,73.2,-73.2,0,82.96,-24.4,-63.44,-68.32,-82.96,-68.32
-78.08,-29.28,48.8,53.68,-63.44,9.76,97.6,29.28,9.76,-9.76,-48.8,-53.68
-78.08,-43.92,34.16,63.44,-58.56,-4.88,112.24,112.24,87.84,68.32,-9.76,-48.8
-43.92,-43.92,0,43.92,-24.4,-24.4,122,209.84,190.32,165.92,58.56,43.92
-14.64,-43.92,-29.28,29.28,4.88,-39.04,102.48,297.68,312.32,287.92,170.8,97.6
29.28,-24.4,-53.68,0,39.04,-39.04,68.32,380.64,448.96,429.44,287.92,107.36
122,39.04,-82.96,-78.08,102.48,-24.4,34.16,512.4,649.04,629.52,453.84,234.24
229.36,102.48,-126.88,-165.92,175.68,-14.64,-14.64,644.16,854,839.36,610,331.84
341.6,200.08,-141.52,-268.4,239.12,29.28,-87.84,644.16,1000.4,1010.16,756.4,448.96
409.92,278.16,-131.76,-341.6,268.4,73.2,-180.56,541.68,1093.12,1156.56,927.2,570.96
497.76,351.36,-146.4,-424.56,322.08,102.48,-317.2,385.52,1161.44,1298.08,1093.12,697.84
600.24,409.92,-190.32,-502.64,395.28,107.36,-429.44,229.36,1215.12,1415.2,1210.24,771.04
668.56,458.72,-209.84,-561.2,439.2,122,-536.8,92.72,1220,1478.64,1302.96,834.48
717.36,502.64,-214.72,-610,463.6,141.52,-619.76,-14.64,1185.84,1488.4,1381.04,897.92
771.04,541.68,-229.36,-653.92,497.76,156.16,-688.08,-102.48,1088.24,1395.68,1346.88,936.96
756.4,502.64,-253.76,-629.52,502.64,122,-761.28,-239.12,873.52,1151.68,1200.48,858.88
727.12,444.08,-283.04,-585.6,502.64,78.08,-810.08,-390.4,605.12,849.12,941.84,751.52
653.92,356.24,-297.68,-502.64,473.36,29.28,-829.6,-561.2,317.2,546.56,678.32,653.92
566.08,258.64,-307.44,-409.92,434.32,-24.4,-829.6,-736.88,58.56,263.52,448.96,507.52
478.24,209.84,-268.4,-341.6,370.88,-29.28,-785.68,-883.28,-156.16,43.92,263.52,356.24
385.52,165.92,-219.6,-273.28,302.56,-29.28,-732,-1019.92,-366,-151.28,97.6,214.72
273.28,102.48,-170.8,-185.44,219.6,-34.16,-683.2,-1156.56,-590.48,-366,-63.44,131.76
151.28,53.68,-97.6,-102.48,122,-24.4,-619.76,-1254.16,-795.44,-561.2,-224.48,19.52
48.8,-19.52,-68.32,-14.64,58.56,-43.92,-541.68,-1229.76,-868.64,-644.16,-322.08,-73.2
-14.64,-63.44,-48.8,39.04,14.64,-58.56,-468.48,-1068.72,-805.2,-610,-322.08,-53.68
-53.68,-82.96,-29.28,68.32,-14.64,-58.56,-395.28,-897.92,-678.32,-522.16,-278.16,-43.92
-63.44,-78.08,-14.64,73.2,-24.4,-48.8,-341.6,-736.88,-551.44,-429.44,-268.4,-73.2
-48.8,-53.68,-4.88,53.68,-24.4,-29.28,-297.68,-600.24,-444.08,-341.6,-200.08,-68.32
-43.92,-48.8,-4.88,48.8,-19.52,-29.28,-244,-492.88,-361.12,-283.04,-161.04,-97.6
-39.04,-48.8,-9.76,43.92,-14.64,-29.28,-195.2,-405.04,-302.56,-244,-170.8,-117.12
-14.64,-34.16,-19.52,24.4,0,-29.28,-141.52,-312.32,-239.12,-200.08,-146.4,-73.2
-14.64,-43.92,-29.28,29.28,4.88,-39.04,-102.48,-239.12,-200.08,-170.8,-151.28,-97.6
-24.4,-48.8,-24.4,39.04,0,-39.04,-63.44,-175.68,-161.04,-136.64,-112.24,-34.16
-29.28,-58.56,-29.28,43.92,0,-43.92,-29.28,-122,-126.88,-87.84,-68.32,-53.68
-24.4,-58.56,-34.16,43.92,4.88,-48.8,-4.88,-87.84,-102.48,-78.08,-39.04,-48.8
-34.16,-73.2,-39.04,53.68,0,-58.56,14.64,-68.32,-78.08,-68.32,-53.68,-43.92
-34.16,-82.96,-48.8,58.56,4.88,-68.32,9.76,-73.2,-82.96,-63.44,-68.32,-19.52
-24.4,-63.44,-39.04,43.92,4.88,-53.68,4.88,-73.2,-87.84,-73.2,-63.44,14.64
-39.04,-48.8,-9.76,43.92,-14.64,-29.28,0,-73.2,-87.84,-78.08,-73.2,-53.68
-53.68,-34.16,19.52,43.92,-39.04,-9.76,4.88,-73.2,-97.6,-87.84,-107.36,-73.2
-43.92,-29.28,14.64,39.04,-29.28,-9.76,0,-78.08,-102.48,-87.84,-112.24,-97.6
-43.92,-34.16,9.76,39.04,-29.28,-14.64,4.88,-58.56,-102.48,-68.32,-78.08,-131.76
-34.16,-39.04,-4.88,39.04,-14.64,-24.4,14.64,-43.92,-97.6,-78.08,-63.44,-102.48
-39.04,-48.8,-9.76,43.92,-14.64,-29.28,19.52,-29.28,-87.84,-82.96,-68.32,-73.2
-48.8,-63.44,-14.64,58.56,-19.52,-39.04,29.28,-9.76,-73.2,-68.32,-112.24,-29.28
-34.16,-63.44,-29.28,48.8,-4.88,-48.8,39.04,-9.76,-63.44,-63.44,-87.84,-9.76
-19.52,-63.44,-43.92,43.92,9.76,-53.68,39.04,-4.88,-58.56,-53.68,-92.72,-14.64
-24.4,-58.56,-34.16,43.92,4.88,-48.8,34.16,-14.64,-63.44,-53.68,-97.6,-58.56
-43.92,-34.16,9.76,39.04,-29.28,-14.64,43.92,-4.88,-53.68,-43.92,-73.2,-78.08
-63.44,-29.28,34.16,48.8,-48.8,0,43.92,-4.88,-58.56,-53.68,-82.96,-39.04
-34.16,-34.16,0,34.16,-19.52,-19.52,24.4,-19.52,-82.96,-68.32,-102.48,-48.8
-48.8,-48.8,0,48.8,-24.4,-24.4,24.4,-14.64,-82.96,-73.2,-102.48,-82.96
-63.44,-63.44,0,63.44,-34.16,-34.16,39.04,0,-78.08,-68.32,-112.24,-87.84
-24.4,-63.44,-39.04,43.92,4.88,-53.68,39.04,4.88,-68.32,-68.32,-122,-63.44
-43.92,-73.2,-29.28,58.56,-9.76,-53.68,48.8,14.64,-58.56,-48.8,-92.72,-48.8
-63.44,-73.2,-9.76,68.32,-29.28,-43.92,58.56,29.28,-43.92,-39.04,-53.68,-29.28
-34.16,-43.92,-9.76,39.04,-14.64,-29.28,53.68,24.4,-39.04,-39.04,-87.84,-58.56
-34.16,-34.16,0,34.16,-19.52,-19.52,43.92,14.64,-48.8,-39.04,-82.96,-73.2
-43.92,-34.16,9.76,39.04,-29.28,-14.64,43.92,14.64,-48.8,-29.28,-24.4,-68.32
-34.16,-39.04,-4.88,39.04,-14.64,-24.4,39.04,9.76,-53.68,-39.04,-43.92,-82.96
-39.04,-53.68,-14.64,48.8,-14.64,-34.16,43.92,9.76,-58.56,-53.68,-29.28,-112.24
-19.52,-48.8,-29.28,34.16,4.88,-39.04,53.68,19.52,-58.56,-48.8,-53.68,-78.08
-14.64,-53.68,-39.04,34.16,9.76,-48.8,63.44,34.16,-53.68,-48.8,-87.84,-68.32
-34.16,-73.2,-39.04,53.68,0,-58.56,68.32,34.16,-43.92,-34.16,-63.44,-92.72
-48.8,-68.32,-19.52,58.56,-14.64,-43.92,73.2,48.8,-39.04,-24.4,-48.8,-53.68
-48.8,-68.32,-19.52,58.56,-14.64,-43.92,68.32,43.92,-39.04,-39.04,-29.28,-63.44
-29.28,-39.04,-9.76,34.16,-9.76,-24.4,68.32,48.8,-29.28,-29.28,-53.68,-48.8
-19.52,-29.28,-9.76,24.4,-4.88,-19.52,58.56,39.04,-29.28,-24.4,-53.68,-58.56
-48.8,-39.04,9.76,43.92,-29.28,-14.64,53.68,34.16,-39.04,-34.16,-9.76,-34.16
-43.92,-48.8,-4.88,48.8,-19.52,-29.28,58.56,34.16,-39.04,-39.04,-43.92,4.88
-43.92,-48.8,-4.88,48.8,-19.52,-29.28,63.44,43.92,-39.04,-34.16,-34.16,-43.92
-43.92,-53.68,-9.76,48.8,-19.52,-34.16,63.44,48.8,-43.92,-34.16,-78.08,-97.6
-43.92,-63.44,-19.52,53.68,-14.64,-43.92,58.56,53.68,-43.92,-39.04,-53.68,-92.72
-48.8,-68.32,-19.52,58.56,-14.64,-43.92,63.44,63.44,-29.28,-29.28,-29.28,-78.08
-48.8,-63.44,-14.64,58.56,-19.52,-39.04,63.44,63.44,-29.28,-29.28,-63.44,-29.28
-39.04,-53.68,-14.64,48.8,-14.64,-34.16,63.44,73.2,-24.4,-24.4,-53.68,-29.28
-39.04,-43.92,-4.88,43.92,-19.52,-24.4,58.56,68.32,-19.52,-24.4,-68.32,-29.28
-34.16,-24.4,9.76,29.28,-24.4,-9.76,58.56,63.44,-19.52,-19.52,-48.8,19.52
-39.04,-24.4,14.64,34.16,-29.28,-4.88,53.68,68.32,-24.4,-24.4,-48.8,-53.68
-43.92,-34.16,9.76,39.04,-29.28,-14.64,53.68,68.32,-24.4,-29.28,-78.08,-87.84
-29.28,-29.28,0,29.28,-14.64,-14.64,58.56,68.32,-24.4,-24.4,-34.16,-39.04
-34.16,-43.92,-9.76,39.04,-14.64,-29.28,48.8,73.2,-29.28,-29.28,-39.04,-24.4
-34.16,-48.8,-14.64,43.92,-9.76,-34.16,53.68,87.84,-24.4,-14.64,-58.56,-43.92
-24.4,-43.92,-19.52,34.16,-4.88,-34.16,63.44,92.72,-9.76,-14.64,-58.56,-39.04
-29.28,-48.8,-19.52,39.04,-4.88,-34.16,58.56,92.72,-14.64,-19.52,-53.68,-68.32
-24.4,-43.92,-19.52,34.16,-4.88,-34.16,53.68,97.6,-9.76,-19.52,-53.68,-39.04
-39.04,-39.04,0,39.04,-19.52,-19.52,58.56,107.36,4.88,-4.88,-48.8,19.52
-53.68,-39.04,14.64,48.8,-34.16,-14.64,53.68,97.6,0,-4.88,-34.16,34.16
-39.04,-24.4,14.64,34.16,-29.28,-4.88,53.68,97.6,0,-9.76,-53.68,9.76
-24.4,-19.52,4.88,24.4,-14.64,-9.76,53.68,107.36,4.88,-4.88,-19.52,-43.92
-29.28,-19.52,9.76,24.4,-19.52,-4.88,63.44,112.24,4.88,4.88,-24.4,-53.68
-24.4,-24.4,0,24.4,-14.64,-14.64,63.44,122,4.88,0,-29.28,-53.68
-19.52,-48.8,-29.28,34.16,4.88,-39.04,58.56,131.76,4.88,-9.76,-53.68,-43.92
0,-43.92,-43.92,24.4,19.52,-43.92,63.44,136.64,14.64,4.88,-34.16,29.28
-14.64,-43.92,-29.28,29.28,4.88,-39.04,58.56,136.64,14.64,0,-29.28,14.64
-29.28,-29.28,0,29.28,-14.64,-14.64,73.2,156.16,34.16,14.64,-14.64,19.52
-34.16,-9.76,24.4,24.4,-29.28,4.88,82.96,165.92,53.68,34.16,24.4,14.64
-43.92,-24.4,19.52,34.16,-34.16,-4.88,58.56,146.4,39.04,24.4,24.4,9.76
-34.16,-9.76,24.4,24.4,-29.28,4.88,58.56,151.28,34.16,24.4,-19.52,-24.4
-24.4,-4.88,19.52,14.64,-24.4,4.88,58.56,151.28,39.04,29.28,9.76,-43.92
-29.28,-9.76,19.52,19.52,-24.4,4.88,58.56,151.28,34.16,29.28,0,-34.16
-14.64,-4.88,9.76,9.76,-14.64,0,63.44,170.8,39.04,34.16,-4.88,-48.8
-19.52,-14.64,4.88,19.52,-14.64,-4.88,73.2,180.56,43.92,29.28,19.52,-43.92
-14.64,-19.52,-4.88,19.52,-4.88,-14.64,78.08,185.44,58.56,43.92,14.64,-34.16
-19.52,-4.88,14.64,14.64,-19.52,4.88,78.08,195.2,63.44,53.68,14.64,-14.64
-24.4,0,24.4,14.64,-24.4,9.76,73.2,204.96,73.2,53.68,0,9.76
0,9.76,9.76,-4.88,-4.88,9.76,68.32,204.96,73.2,58.56,4.88,-24.4
14.64,19.52,4.88,-14.64,4.88,9.76,58.56,195.2,73.2,58.56,39.04,0
0,34.16,34.16,-14.64,-19.52,34.16,68.32,209.84,78.08,63.44,39.04,43.92
-9.76,14.64,24.4,0,-19.52,19.52,68.32,209.84,82.96,63.44,29.28,29.28
0,0,0,0,0,0,78.08,219.6,87.84,73.2,39.04,19.52
0,0,0,0,0,0,82.96,244,97.6,78.08,48.8,24.4
4.88,4.88,0,-4.88,0,0,82.96,253.76,107.36,82.96,53.68,24.4
19.52,9.76,-9.76,-14.64,14.64,0,78.08,258.64,107.36,87.84,39.04,-9.76
-14.64,9.76,24.4,4.88,-19.52,14.64,82.96,263.52,117.12,97.6,58.56,-19.52
-9.76,24.4,34.16,-4.88,-24.4,29.28,82.96,273.28,126.88,117.12,43.92,24.4
24.4,43.92,19.52,-34.16,0,29.28,73.2,273.28,131.76,107.36,58.56,48.8
24.4,53.68,29.28,-39.04,-4.88,39.04,68.32,278.16,131.76,107.36,53.68,39.04
-9.76,53.68,63.44,-19.52,-39.04,58.56,82.96,292.8,146.4,122,87.84,34.16
-4.88,48.8,53.68,-19.52,-29.28,48.8,82.96,297.68,156.16,131.76,102.48,24.4
19.52,48.8,29.28,-34.16,-4.88,39.04,82.96,297.68,151.28,131.76,117.12,34.16
9.76,34.16,24.4,-19.52,-9.76,29.28,87.84,322.08,161.04,136.64,156.16,48.8
0,29.28,29.28,-14.64,-14.64,29.28,97.6,341.6,175.68,146.4,146.4,73.2
29.28,39.04,9.76,-34.16,9.76,24.4,92.72,346.48,180.56,161.04,156.16,73.2
29.28,43.92,14.64,-34.16,4.88,29.28,87.84,361.12,185.44,165.92,170.8,87.84
53.68,68.32,14.64,-58.56,19.52,39.04,82.96,366,195.2,161.04,151.28,29.28
34.16,82.96,48.8,-58.56,-9.76,63.44,87.84,380.64,219.6,180.56,141.52,78.08
24.4,92.72,68.32,-58.56,-24.4,78.08,87.84,390.4,229.36,190.32,156.16,87.84
48.8,112.24,63.44,-78.08,-9.76,87.84,92.72,400.16,239.12,204.96,156.16,107.36
43.92,92.72,48.8,-68.32,-4.88,68.32,87.84,400.16,239.12,200.08,161.04,78.08
39.04,68.32,29.28,-53.68,4.88,48.8,87.84,414.8,244,209.84,185.44,87.84
43.92,68.32,24.4,-53.68,9.76,43.92,97.6,439.2,258.64,219.6,175.68,136.64
43.92,68.32,24.4,-53.68,9.76,43.92,97.6,448.96,268.4,229.36,180.56,131.76
58.56,82.96,24.4,-68.32,14.64,53.68,107.36,458.72,278.16,234.24,234.24,92.72
53.68,102.48,48.8,-78.08,0,73.2,112.24,473.36,297.68,253.76,204.96,78.08
58.56,117.12,58.56,-87.84,0,87.84,102.48,483.12,307.44,263.52,219.6,112.24
87.84,146.4,58.56,-117.12,14.64,102.48,97.6,488,322.08,273.28,263.52,175.68
102.48,146.4,43.92,-122,29.28,92.72,82.96,478.24,312.32,268.4,239.12,190.32
97.6,146.4,48.8,-122,24.4,97.6,82.96,492.88,322.08,278.16,248.88,165.92
87.84,156.16,68.32,-122,9.76,112.24,92.72,507.52,341.6,297.68,268.4,146.4
87.84,151.28,63.44,-117.12,9.76,107.36,97.6,517.28,346.48,302.56,283.04,126.88
102.48,141.52,39.04,-122,29.28,87.84,102.48,546.56,356.24,312.32,273.28,141.52
102.48,141.52,39.04,-122,29.28,87.84,102.48,551.44,370.88,322.08,273.28,131.76
102.48,136.64,34.16,-117.12,34.16,82.96,97.6,556.32,375.76,341.6,307.44,136.64
102.48,151.28,48.8,-126.88,24.4,97.6,97.6,556.32,380.64,336.72,302.56,136.64
117.12,165.92,48.8,-141.52,34.16,107.36,92.72,570.96,395.28,336.72,292.8,175.68
122,190.32,68.32,-156.16,24.4,126.88,97.6,570.96,405.04,356.24,317.2,175.68
131.76,200.08,68.32,-165.92,29.28,131.76,87.84,570.96,409.92,356.24,317.2,170.8
126.88,204.96,78.08,-165.92,24.4,141.52,82.96,566.08,414.8,356.24,322.08,175.68
126.88,209.84,82.96,-165.92,19.52,146.4,82.96,566.08,419.68,361.12,302.56,200.08
141.52,204.96,63.44,-170.8,39.04,131.76,73.2,570.96,409.92,356.24,297.68,170.8
146.4,190.32,43.92,-165.92,48.8,117.12,73.2,575.84,409.92,356.24,292.8,195.2
151.28,209.84,58.56,-180.56,43.92,131.76,87.84,590.48,424.56,370.88,287.92,190.32
131.76,190.32,58.56,-161.04,34.16,122,92.72,590.48,434.32,375.76,317.2,209.84
136.64,195.2,58.56,-165.92,39.04,126.88,92.72,600.24,444.08,380.64,326.96,204.96
146.4,190.32,43.92,-165.92,48.8,117.12,87.84,600.24,444.08,380.64,336.72,185.44
131.76,185.44,53.68,-156.16,39.04,117.12,82.96,580.72,439.2,385.52,326.96,180.56
146.4,195.2,48.8,-170.8,48.8,122,68.32,570.96,434.32,375.76,302.56,239.12
136.64,204.96,68.32,-170.8,34.16,136.64,63.44,561.2,424.56,370.88,312.32,229.36
136.64,209.84,73.2,-170.8,29.28,141.52,63.44,551.44,429.44,370.88,331.84,175.68
151.28,224.48,73.2,-185.44,39.04,146.4,63.44,551.44,429.44,370.88,356.24,239.12
161.04,209.84,48.8,-185.44,53.68,126.88,68.32,551.44,429.44,366,331.84,204.96
146.4,195.2,48.8,-170.8,48.8,122,63.44,541.68,419.68,361.12,302.56,204.96
136.64,170.8,34.16,-151.28,48.8,102.48,58.56,527.04,409.92,361.12,292.8,170.8
126.88,170.8,43.92,-146.4,39.04,107.36,58.56,522.16,405.04,366,302.56,185.44
136.64,170.8,34.16,-151.28,48.8,102.48,53.68,497.76,395.28,351.36,307.44,200.08
136.64,165.92,29.28,-151.28,53.68,97.6,58.56,488,395.28,351.36,317.2,234.24
141.52,170.8,29.28,-156.16,53.68,97.6,43.92,458.72,375.76,336.72,283.04,200.08
126.88,195.2,68.32,-161.04,29.28,131.76,34.16,444.08,366,322.08,292.8,165.92
102.48,190.32,87.84,-146.4,4.88,136.64,34.16,419.68,351.36,312.32,307.44,136.64
117.12,190.32,73.2,-151.28,19.52,131.76,29.28,390.4,326.96,297.68,292.8,151.28
117.12,165.92,48.8,-141.52,34.16,107.36,29.28,380.64,317.2,287.92,292.8,161.04
117.12,156.16,39.04,-136.64,39.04,97.6,39.04,366,302.56,278.16,297.68,209.84
117.12,146.4,29.28,-131.76,43.92,87.84,39.04,351.36,297.68,268.4,287.92,219.6
92.72,126.88,34.16,-107.36,29.28,78.08,29.28,326.96,273.28,248.88,244,161.04
73.2,92.72,19.52,-82.96,24.4,53.68,29.28,312.32,263.52,239.12,234.24,126.88
78.08,92.72,14.64,-82.96,29.28,53.68,29.28,278.16,244,229.36,224.48,122
63.44,82.96,19.52,-73.2,19.52,48.8,19.52,253.76,219.6,209.84,219.6,107.36
39.04,102.48,63.44,-68.32,-14.64,82.96,24.4,234.24,204.96,195.2,224.48,151.28
53.68,107.36,53.68,-78.08,0,78.08,9.76,204.96,180.56,170.8,204.96,122
58.56,112.24,53.68,-82.96,0,82.96,4.88,175.68,151.28,151.28,170.8,107.36
73.2,102.48,29.28,-87.84,19.52,63.44,-4.88,156.16,126.88,126.88,151.28,117.12
43.92,87.84,43.92,-63.44,0,63.44,4.88,146.4,122,126.88,126.88,161.04
24.4,73.2,48.8,-48.8,-14.64,58.56,24.4,151.28,126.88,131.76,141.52,126.88
34.16,63.44,29.28,-48.8,0,43.92,24.4,141.52,117.12,122,151.28,107.36
24.4,39.04,14.64,-29.28,4.88,24.4,24.4,122,102.48,102.48,122,29.28
14.64,43.92,29.28,-29.28,-9.76,34.16,24.4,102.48,87.84,97.6,117.12,39.04
4.88,43.92,39.04,-24.4,-19.52,39.04,14.64,82.96,68.32,73.2,141.52,73.2
14.64,48.8,34.16,-29.28,-9.76,39.04,4.88,63.44,48.8,53.68,82.96,24.4
24.4,48.8,24.4,-34.16,0,34.16,9.76,48.8,34.16,48.8,78.08,48.8
9.76,29.28,19.52,-19.52,-4.88,24.4,4.88,34.16,14.64,34.16,102.48,43.92
0,14.64,14.64,-4.88,-9.76,14.64,4.88,34.16,4.88,19.52,63.44,34.16
-29.28,4.88,34.16,14.64,-34.16,19.52,14.64,29.28,9.76,19.52,53.68,19.52
-19.52,-24.4,-4.88,24.4,-9.76,-14.64,19.52,29.28,4.88,14.64,43.92,19.52
9.76,-9.76,-19.52,0,14.64,-14.64,14.64,24.4,-4.88,9.76,34.16,-4.88
0,-14.64,-14.64,9.76,4.88,-14.64,14.64,14.64,-4.88,4.88,34.16,-29.28
-43.92,-9.76,34.16,29.28,-39.04,9.76,14.64,4.88,-9.76,4.88,34.16,9.76
-43.92,-4.88,39.04,24.4,-43.92,14.64,9.76,-4.88,-19.52,0,34.16,24.4
-43.92,4.88,48.8,19.52,-48.8,24.4,0,-19.52,-43.92,-19.52,29.28,39.04
-39.04,4.88,43.92,19.52,-43.92,24.4,0,-29.28,-53.68,-24.4,19.52,9.76
-43.92,0,43.92,24.4,-43.92,19.52,4.88,-24.4,-53.68,-24.4,14.64,-34.16
-48.8,-24.4,24.4,39.04,-39.04,0,-4.88,-34.16,-68.32,-39.04,19.52,-29.28
-43.92,-24.4,19.52,34.16,-34.16,-4.88,4.88,-43.92,-73.2,-39.04,14.64,-29.28
-43.92,-39.04,4.88,43.92,-24.4,-19.52,9.76,-34.16,-68.32,-39.04,53.68,-39.04
-43.92,-39.04,4.88,43.92,-24.4,-19.52,4.88,-39.04,-73.2,-43.92,4.88,-19.52
-58.56,-34.16,24.4,48.8,-43.92,-4.88,4.88,-43.92,-68.32,-39.04,-4.88,-53.68
-63.44,-43.92,19.52,53.68,-43.92,-14.64,-9.76,-63.44,-82.96,-48.8,-14.64,-78.08
-29.28,-14.64,14.64,24.4,-24.4,0,0,-58.56,-78.08,-39.04,-14.64,-34.16
-24.4,24.4,48.8,0,-39.04,34.16,4.88,-48.8,-68.32,-29.28,-4.88,19.52
-43.92,4.88,48.8,19.52,-48.8,24.4,-4.88,-63.44,-78.08,-43.92,-4.88,-24.4
-48.8,-14.64,34.16,34.16,-43.92,9.76,-4.88,-58.56,-82.96,-43.92,-4.88,-73.2
-48.8,-34.16,14.64,43.92,-34.16,-9.76,0,-53.68,-87.84,-53.68,0,-73.2
-58.56,-48.8,9.76,53.68,-34.16,-19.52,4.88,-53.68,-87.84,-58.56,0,-9.76
-53.68,-48.8,4.88,53.68,-29.28,-24.4,9.76,-48.8,-82.96,-48.8,-4.88,-43.92
-58.56,-53.68,4.88,58.56,-34.16,-24.4,9.76,-43.92,-82.96,-43.92,9.76,-53.68
-48.8,-48.8,0,48.8,-24.4,-24.4,9.76,-43.92,-78.08,-43.92,0,-73.2
-39.04,-29.28,9.76,34.16,-24.4,-9.76,4.88,-53.68,-82.96,-48.8,-29.28,-53.68
-34.16,-24.4,9.76,29.28,-24.4,-9.76,0,-58.56,-87.84,-58.56,-24.4,-9.76
-48.8,-19.52,29.28,34.16,-39.04,4.88,0,-53.68,-82.96,-53.68,9.76,-29.28
-34.16,-9.76,24.4,24.4,-29.28,4.88,0,-58.56,-87.84,-58.56,-9.76,-34.16
-29.28,-29.28,0,29.28,-14.64,-14.64,0,-53.68,-92.72,-58.56,-43.92,-43.92
-34.16,-43.92,-9.76,39.04,-14.64,-29.28,0,-48.8,-92.72,-63.44,-29.28,4.88
-48.8,-58.56,-9.76,53.68,-19.52,-34.16,0,-53.68,-97.6,-68.32,-24.4,0
-58.56,-48.8,9.76,53.68,-34.16,-19.52,4.88,-48.8,-92.72,-63.44,-34.16,24.4
-48.8,-34.16,14.64,43.92,-34.16,-9.76,0,-43.92,-92.72,-58.56,-14.64,19.52
-53.68,-24.4,29.28,39.04,-43.92,0,0,-48.8,-87.84,-48.8,-29.28,-24.4
-34.16,-9.76,24.4,24.4,-29.28,4.88,-9.76,-58.56,-92.72,-58.56,-43.92,-34.16
-19.52,-9.76,9.76,14.64,-14.64,0,-14.64,-68.32,-102.48,-68.32,-63.44,-48.8
-24.4,-4.88,19.52,14.64,-24.4,4.88,-9.76,-63.44,-102.48,-68.32,-48.8,-39.04
-43.92,-4.88,39.04,24.4,-43.92,14.64,9.76,-53.68,-82.96,-53.68,-34.16,-34.16
-58.56,-14.64,43.92,39.04,-53.68,14.64,9.76,-43.92,-92.72,-58.56,9.76,-48.8
-43.92,-19.52,24.4,34.16,-34.16,0,14.64,-39.04,-87.84,-63.44,4.88,-4.88
-39.04,-34.16,4.88,39.04,-24.4,-14.64,4.88,-39.04,-97.6,-58.56,-39.04,-68.32
-39.04,-34.16,4.88,39.04,-24.4,-14.64,14.64,-34.16,-92.72,-53.68,0,-78.08
-43.92,-19.52,24.4,34.16,-34.16,0,24.4,-19.52,-82.96,-53.68,-19.52,-53.68
-43.92,-24.4,19.52,34.16,-34.16,-4.88,4.88,-39.04,-97.6,-68.32,-29.28,-68.32
-29.28,-14.64,14.64,24.4,-24.4,0,-4.88,-53.68,-107.36,-73.2,-34.16,-87.84
-48.8,-9.76,39.04,29.28,-43.92,14.64,4.88,-39.04,-92.72,-63.44,-34.16,-48.8
-53.68,-4.88,48.8,29.28,-53.68,19.52,4.88,-39.04,-92.72,-63.44,-48.8,-34.16
-29.28,-9.76,19.52,19.52,-24.4,4.88,4.88,-39.04,-87.84,-58.56,-4.88,-14.64
-34.16,-19.52,14.64,29.28,-24.4,-4.88,14.64,-29.28,-82.96,-53.68,0,0
-34.16,-34.16,0,34.16,-19.52,-19.52,14.64,-24.4,-78.08,-53.68,19.52,-19.52
-14.64,-19.52,-4.88,19.52,-4.88,-14.64,14.64,-19.52,-78.08,-53.68,9.76,-24.4
-9.76,-14.64,-4.88,14.64,-4.88,-9.76,14.64,-24.4,-82.96,-58.56,0,-43.92
-9.76,0,9.76,4.88,-9.76,4.88,9.76,-24.4,-87.84,-58.56,-14.64,-34.16
-24.4,9.76,34.16,9.76,-29.28,19.52,4.88,-29.28,-82.96,-63.44,-14.64,-58.56
-43.92,0,43.92,24.4,-43.92,19.52,-4.88,-39.04,-87.84,-63.44,-4.88,-97.6
-29.28,14.64,43.92,9.76,-39.04,29.28,0,-34.16,-82.96,-53.68,-4.88,-53.68
-29.28,24.4,53.68,4.88,-43.92,39.04,14.64,-19.52,-73.2,-43.92,-19.52,-24.4
-43.92,0,43.92,24.4,-43.92,19.52,14.64,-24.4,-73.2,-48.8,4.88,-63.44
-29.28,-4.88,24.4,19.52,-29.28,9.76,24.4,-19.52,-73.2,-43.92,14.64,-24.4
-24.4,-14.64,9.76,19.52,-19.52,-4.88,24.4,-19.52,-73.2,-48.8,34.16,-24.4
-24.4,-9.76,14.64,19.52,-19.52,0,34.16,-4.88,-63.44,-39.04,0,-43.92
-19.52,0,19.52,9.76,-19.52,9.76,29.28,-9.76,-63.44,-39.04,0,-43.92
-48.8,0,48.8,24.4,-48.8,24.4,14.64,-19.52,-78.08,-48.8,9.76,0
-68.32,0,68.32,34.16,-68.32,34.16,0,-34.16,-82.96,-63.44,9.76,-19.52
-29.28,29.28,58.56,0,-43.92,43.92,0,-34.16,-82.96,-58.56,-9.76,-48.8
-9.76,39.04,48.8,-14.64,-29.28,43.92,9.76,-29.28,-78.08,-48.8,-29.28,-53.68
-29.28,14.64,43.92,9.76,-39.04,29.28,9.76,-29.28,-78.08,-48.8,-14.64,-53.68
-73.2,-24.4,48.8,48.8,-63.44,9.76,19.52,-19.52,-63.44,-34.16,24.4,-14.64
-73.2,-39.04,34.16,58.56,-53.68,-4.88,19.52,-14.64,-63.44,-24.4,24.4,-39.04
-39.04,-34.16,4.88,39.04,-24.4,-14.64,19.52,-19.52,-68.32,-24.4,29.28,-68.32
-39.04,-24.4,14.64,34.16,-29.28,-4.88,19.52,-19.52,-73.2,-43.92,0,-53.68
-34.16,-9.76,24.4,24.4,-29.28,4.88,14.64,-19.52,-68.32,-48.8,0,-58.56
-43.92,9.76,53.68,19.52,-48.8,29.28,9.76,-24.4,-78.08,-53.68,0,-19.52
-39.04,29.28,68.32,4.88,-53.68,48.8,9.76,-29.28,-78.08,-39.04,-4.88,-68.32
-19.52,48.8,68.32,-14.64,-43.92,58.56,0,-39.04,-78.08,-43.92,-4.88,-78.08
-29.28,39.04,68.32,-4.88,-48.8,53.68,-4.88,-43.92,-82.96,-48.8,-19.52,-63.44
-48.8,19.52,68.32,14.64,-58.56,43.92,4.88,-34.16,-73.2,-29.28,9.76,-19.52
-53.68,-4.88,48.8,29.28,-53.68,19.52,9.76,-39.04,-68.32,-43.92,39.04,-4.88
-53.68,-34.16,19.52,43.92,-39.04,-9.76,4.88,-34.16,-73.2,-48.8,9.76,-63.44
-34.16,-39.04,-4.88,39.04,-14.64,-24.4,14.64,-24.4,-68.32,-48.8,14.64,-48.8
-34.16,-34.16,0,34.16,-19.52,-19.52,19.52,-19.52,-68.32,-48.8,9.76,-48.8
-63.44,-24.4,39.04,43.92,-53.68,4.88,24.4,-14.64,-68.32,-43.92,0,-29.28
-53.68,0,53.68,29.28,-53.68,24.4,19.52,-24.4,-73.2,-48.8,-9.76,-39.04
-48.8,14.64,63.44,19.52,-58.56,39.04,14.64,-34.16,-78.08,-58.56,14.64,-73.2
-34.16,34.16,68.32,0,-53.68,48.8,9.76,-43.92,-82.96,-63.44,14.64,-68.32
-19.52,39.04,58.56,-9.76,-39.04,48.8,4.88,-43.92,-82.96,-53.68,19.52,-58.56
-34.16,19.52,53.68,9.76,-43.92,34.16,4.88,-43.92,-82.96,-58.56,-9.76,-58.56
-48.8,4.88,53.68,24.4,-53.68,29.28,14.64,-39.04,-73.2,-34.16,-9.76,-58.56
-53.68,-9.76,43.92,34.16,-48.8,14.64,24.4,-34.16,-73.2,-39.04,0,-19.52
-48.8,-29.28,19.52,39.04,-34.16,-4.88,14.64,-39.04,-78.08,-48.8,-4.88,-34.16
-29.28,-24.4,4.88,29.28,-19.52,-9.76,14.64,-39.04,-82.96,-43.92,9.76,-19.52
-29.28,-14.64,14.64,24.4,-24.4,0,9.76,-43.92,-82.96,-48.8,9.76,-34.16
-39.04,24.4,63.44,9.76,-53.68,43.92,19.52,-34.16,-78.08,-53.68,24.4,-14.64
-53.68,43.92,97.6,4.88,-78.08,68.32,9.76,-43.92,-78.08,-58.56,14.64,-29.28
-58.56,34.16,92.72,14.64,-78.08,63.44,0,-63.44,-82.96,-68.32,29.28,-97.6
-43.92,29.28,73.2,9.76,-58.56,48.8,0,-63.44,-82.96,-53.68,48.8,-53.68
-34.16,29.28,63.44,4.88,-48.8,43.92,4.88,-53.68,-73.2,-43.92,29.28,9.76
-39.04,4.88,43.92,19.52,-43.92,24.4,9.76,-53.68,-68.32,-58.56,9.76,-34.16
-34.16,-14.64,19.52,24.4,-29.28,0,9.76,-53.68,-78.08,-58.56,4.88,-43.92
-53.68,-34.16,19.52,43.92,-39.04,-9.76,14.64,-48.8,-78.08,-63.44,-9.76,-39.04
-29.28,-19.52,9.76,24.4,-19.52,-4.88,9.76,-58.56,-92.72,-73.2,-43.92,-58.56
-14.64,-9.76,4.88,14.64,-9.76,-4.88,9.76,-63.44,-97.6,-73.2,-43.92,-63.44
-29.28,-9.76,19.52,19.52,-24.4,4.88,4.88,-63.44,-102.48,-73.2,-53.68,-43.92
-48.8,4.88,53.68,24.4,-53.68,29.28,9.76,-68.32,-97.6,-78.08,-43.92,-9.76
-58.56,19.52,78.08,19.52,-68.32,48.8,14.64,-68.32,-92.72,-78.08,-24.4,-48.8
-34.16,19.52,53.68,9.76,-43.92,34.16,9.76,-78.08,-97.6,-78.08,0,-58.56
-39.04,9.76,48.8,14.64,-43.92,29.28,9.76,-73.2,-97.6,-78.08,4.88,-9.76
-53.68,-19.52,34.16,39.04,-43.92,4.88,14.64,-73.2,-92.72,-73.2,-9.76,-14.64
-53.68,-34.16,19.52,43.92,-39.04,-9.76,19.52,-68.32,-87.84,-68.32,-29.28,-9.76
-68.32,-63.44,4.88,68.32,-39.04,-29.28,9.76,-68.32,-92.72,-78.08,-34.16,-9.76
-63.44,-58.56,4.88,63.44,-34.16,-29.28,9.76,-73.2,-97.6,-87.84,-24.4,-82.96
-39.04,-24.4,14.64,34.16,-29.28,-4.88,9.76,-73.2,-102.48,-78.08,-29.28,-48.8
-48.8,-4.88,43.92,29.28,-48.8,19.52,4.88,-73.2,-102.48,-78.08,-14.64,-78.08
-53.68,0,53.68,29.28,-53.68,24.4,-4.88,-82.96,-107.36,-92.72,-4.88,-87.84
-53.68,9.76,63.44,24.4,-58.56,34.16,-14.64,-92.72,-112.24,-87.84,-53.68,-53.68
-48.8,-4.88,43.92,29.28,-48.8,19.52,-4.88,-92.72,-107.36,-92.72,-63.44,-58.56
-39.04,-9.76,29.28,24.4,-34.16,9.76,0,-87.84,-102.48,-92.72,-43.92,-29.28
-34.16,-24.4,9.76,29.28,-24.4,-9.76,9.76,-82.96,-92.72,-87.84,19.52,-39.04
-43.92,-53.68,-9.76,48.8,-19.52,-34.16,14.64,-78.08,-92.72,-82.96,-9.76,-43.92
-39.04,-58.56,-19.52,48.8,-9.76,-39.04,9.76,-78.08,-92.72,-82.96,-19.52,-34.16
-39.04,-48.8,-9.76,43.92,-14.64,-29.28,4.88,-78.08,-97.6,-92.72,-24.4,-48.8
-53.68,-39.04,14.64,48.8,-34.16,-14.64,9.76,-82.96,-97.6,-97.6,-58.56,-29.28
-58.56,-19.52,39.04,39.04,-48.8,9.76,9.76,-78.08,-102.48,-97.6,-24.4,-78.08
-63.44,-9.76,53.68,39.04,-58.56,19.52,0,-92.72,-107.36,-112.24,-14.64,-68.32
-53.68,4.88,58.56,24.4,-58.56,29.28,0,-97.6,-107.36,-107.36,-4.88,-68.32
-53.68,-4.88,48.8,29.28,-53.68,19.52,4.88,-92.72,-97.6,-92.72,-4.88,-63.44
-43.92,-4.88,39.04,24.4,-43.92,14.64,9.76,-92.72,-97.6,-92.72,-4.88,-34.16
-39.04,-24.4,14.64,34.16,-29.28,-4.88,9.76,-92.72,-97.6,-92.72,-14.64,-43.92
-43.92,-43.92,0,43.92,-24.4,-24.4,19.52,-82.96,-92.72,-87.84,-24.4,-34.16
-48.8,-58.56,-9.76,53.68,-19.52,-34.16,19.52,-78.08,-92.72,-87.84,-58.56,-14.64
-68.32,-58.56,9.76,63.44,-39.04,-24.4,14.64,-82.96,-92.72,-97.6,-39.04,-19.52
-58.56,-43.92,14.64,53.68,-39.04,-14.64,9.76,-87.84,-102.48,-102.48,-73.2,-58.56
-39.04,-29.28,9.76,34.16,-24.4,-9.76,-4.88,-97.6,-112.24,-112.24,-73.2,-112.24
-34.16,-24.4,9.76,29.28,-24.4,-9.76,-4.88,-107.36,-112.24,-112.24,-53.68,-117.12
-29.28,-9.76,19.52,19.52,-24.4,4.88,-14.64,-117.12,-122,-122,-29.28,-102.48
-53.68,-4.88,48.8,29.28,-53.68,19.52,-4.88,-107.36,-112.24,-107.36,-48.8,-102.48
-78.08,-19.52,58.56,48.8,-68.32,19.52,0,-102.48,-102.48,-97.6,-24.4,-73.2
-68.32,-34.16,34.16,53.68,-53.68,0,4.88,-102.48,-102.48,-97.6,-29.28,-43.92
-58.56,-43.92,14.64,53.68,-39.04,-14.64,4.88,-92.72,-102.48,-92.72,-34.16,-73.2
-53.68,-48.8,4.88,53.68,-29.28,-24.4,9.76,-82.96,-102.48,-97.6,-19.52,-73.2
-39.04,-29.28,9.76,34.16,-24.4,-9.76,19.52,-82.96,-102.48,-97.6,-14.64,-53.68
-48.8,-19.52,29.28,34.16,-39.04,4.88,19.52,-87.84,-102.48,-102.48,-48.8,-24.4
-53.68,-19.52,34.16,39.04,-43.92,4.88,4.88,-87.84,-107.36,-107.36,-48.8,-92.72
-58.56,0,58.56,29.28,-58.56,29.28,4.88,-92.72,-107.36,-107.36,-43.92,-87.84
-78.08,-4.88,73.2,43.92,-78.08,34.16,0,-107.36,-117.12,-117.12,-53.68,-82.96
-63.44,-9.76,53.68,39.04,-58.56,19.52,0,-107.36,-117.12,-107.36,-14.64,-43.92
-53.68,-14.64,39.04,34.16,-48.8,9.76,4.88,-112.24,-122,-112.24,-48.8,-48.8
-58.56,-43.92,14.64,53.68,-39.04,-14.64,0,-117.12,-126.88,-117.12,-58.56,-58.56
-58.56,-63.44,-4.88,63.44,-29.28,-34.16,0,-117.12,-131.76,-122,-63.44,-92.72
-43.92,-53.68,-9.76,48.8,-19.52,-34.16,0,-112.24,-131.76,-122,-29.28,-107.36
-43.92,-43.92,0,43.92,-24.4,-24.4,9.76,-102.48,-126.88,-117.12,-53.68,-82.96
-34.16,-24.4,9.76,29.28,-24.4,-9.76,9.76,-102.48,-122,-117.12,-63.44,-92.72
-43.92,-19.52,24.4,34.16,-34.16,0,4.88,-97.6,-122,-117.12,-73.2,-87.84
-48.8,-19.52,29.28,34.16,-39.04,4.88,0,-112.24,-126.88,-122,-78.08,-53.68
-24.4,0,24.4,14.64,-24.4,9.76,-4.88,-122,-126.88,-122,-58.56,-58.56
-34.16,-9.76,24.4,24.4,-29.28,4.88,-4.88,-122,-122,-117.12,-34.16,-68.32
-29.28,-4.88,24.4,19.52,-29.28,9.76,-9.76,-122,-122,-117.12,-48.8,-63.44
-24.4,-19.52,4.88,24.4,-14.64,-9.76,-9.76,-126.88,-122,-122,-73.2,-48.8
-39.04,-39.04,0,39.04,-19.52,-19.52,-9.76,-122,-126.88,-122,-39.04,-58.56
-43.92,-43.92,0,43.92,-24.4,-24.4,0,-102.48,-117.12,-112.24,-19.52,-63.44
-48.8,-48.8,0,48.8,-24.4,-24.4,-9.76,-112.24,-126.88,-131.76,-43.92,-34.16
-19.52,-29.28,-9.76,24.4,-4.88,-19.52,-4.88,-107.36,-122,-131.76,-58.56,-53.68
-4.88,-14.64,-9.76,9.76,0,-14.64,0,-102.48,-126.88,-131.76,-34.16,-87.84
-14.64,-9.76,4.88,14.64,-9.76,-4.88,-9.76,-112.24,-126.88,-136.64,-48.8,-58.56
-39.04,14.64,53.68,14.64,-48.8,34.16,-4.88,-112.24,-122,-131.76,-73.2,-63.44
-39.04,4.88,43.92,19.52,-43.92,24.4,-4.88,-117.12,-122,-131.76,-82.96,-78.08
-14.64,0,14.64,9.76,-14.64,4.88,-9.76,-122,-131.76,-131.76,-43.92,-97.6
-34.16,-14.64,19.52,24.4,-29.28,0,0,-117.12,-126.88,-126.88,-9.76,-92.72
-53.68,-34.16,19.52,43.92,-39.04,-9.76,9.76,-117.12,-122,-122,-34.16,-92.72
-24.4,-34.16,-9.76,29.28,-9.76,-24.4,9.76,-107.36,-117.12,-117.12,-87.84,-78.08
-24.4,-29.28,-4.88,29.28,-9.76,-19.52,4.88,-107.36,-122,-122,-78.08,-73.2
-43.92,-48.8,-4.88,48.8,-19.52,-29.28,4.88,-112.24,-131.76,-136.64,-78.08,-102.48
-39.04,-39.04,0,39.04,-19.52,-19.52,0,-122,-131.76,-136.64,-68.32,-112.24
-39.04,-24.4,14.64,34.16,-29.28,-4.88,0,-117.12,-122,-131.76,-43.92,-53.68
-24.4,-9.76,14.64,19.52,-19.52,0,-4.88,-126.88,-126.88,-136.64,-78.08,-58.56
-14.64,-9.76,4.88,14.64,-9.76,-4.88,-14.64,-131.76,-126.88,-136.64,-112.24,-73.2
-19.52,-9.76,9.76,14.64,-14.64,0,-9.76,-131.76,-126.88,-122,-87.84,-87.84
-29.28,-19.52,9.76,24.4,-19.52,-4.88,0,-126.88,-122,-131.76,-53.68,-102.48
-43.92,-34.16,9.76,39.04,-29.28,-14.64,0,-122,-122,-131.76,-87.84,-102.48
-53.68,-39.04,14.64,48.8,-34.16,-14.64,9.76,-112.24,-117.12,-131.76,-43.92,-82.96
-39.04,-29.28,9.76,34.16,-24.4,-9.76,9.76,-112.24,-117.12,-131.76,-63.44,-78.08
-39.04,-43.92,-4.88,43.92,-19.52,-24.4,4.88,-117.12,-117.12,-136.64,-73.2,-92.72
-58.56,-58.56,0,58.56,-29.28,-29.28,9.76,-112.24,-112.24,-131.76,-73.2,-87.84
-48.8,-39.04,9.76,43.92,-29.28,-14.64,14.64,-102.48,-97.6,-117.12,-82.96,-73.2
-43.92,-39.04,4.88,43.92,-24.4,-19.52,0,-122,-112.24,-122,-87.84,-82.96
-39.04,-29.28,9.76,34.16,-24.4,-9.76,0,-122,-112.24,-136.64,-78.08,-92.72
-43.92,-19.52,24.4,34.16,-34.16,0,-4.88,-126.88,-112.24,-136.64,-58.56,-92.72
-48.8,-29.28,19.52,39.04,-34.16,-4.88,0,-126.88,-117.12,-141.52,-58.56,-78.08
-34.16,-29.28,4.88,34.16,-19.52,-14.64,4.88,-122,-122,-136.64,-24.4,-73.2
-34.16,-39.04,-4.88,39.04,-14.64,-24.4,4.88,-117.12,-117.12,-131.76,-63.44,-68.32
-48.8,-48.8,0,48.8,-24.4,-24.4,4.88,-117.12,-112.24,-126.88,-102.48,-92.72
-43.92,-48.8,-4.88,48.8,-19.52,-29.28,9.76,-117.12,-107.36,-131.76,-78.08,-82.96
-48.8,-53.68,-4.88,53.68,-24.4,-29.28,9.76,-117.12,-107.36,-126.88,-73.2,-78.08
-29.28,-39.04,-9.76,34.16,-9.76,-24.4,9.76,-112.24,-102.48,-126.88,-58.56,-58.56
-39.04,-34.16,4.88,39.04,-24.4,-14.64,0,-122,-107.36,-117.12,-53.68,-97.6
-53.68,-34.16,19.52,43.92,-39.04,-9.76,0,-117.12,-102.48,-131.76,-63.44,-68.32
-39.04,-9.76,29.28,24.4,-34.16,9.76,0,-117.12,-102.48,-131.76,-48.8,-43.92
-24.4,-9.76,14.64,19.52,-19.52,0,-4.88,-126.88,-107.36,-136.64,-102.48,-97.6
-24.4,-19.52,4.88,24.4,-14.64,-9.76,0,-122,-97.6,-136.64,-102.48,-87.84
-24.4,-34.16,-9.76,29.28,-9.76,-24.4,4.88,-112.24,-97.6,-136.64,-82.96,-92.72
-14.64,-29.28,-14.64,24.4,0,-24.4,4.88,-107.36,-97.6,-136.64,-58.56,-78.08
-9.76,-29.28,-19.52,19.52,4.88,-24.4,4.88,-107.36,-97.6,-131.76,-73.2,-82.96
-19.52,-29.28,-9.76,24.4,-4.88,-19.52,-4.88,-117.12,-112.24,-151.28,-82.96,-78.08
-43.92,-24.4,19.52,34.16,-34.16,-4.88,4.88,-117.12,-102.48,-151.28,-87.84,-82.96
-53.68,-4.88,48.8,29.28,-53.68,19.52,4.88,-122,-102.48,-151.28,-82.96,-92.72
-48.8,-9.76,39.04,29.28,-43.92,14.64,4.88,-126.88,-107.36,-151.28,-107.36,-68.32
-48.8,-24.4,24.4,39.04,-39.04,0,0,-126.88,-107.36,-146.4,-92.72,-68.32
-43.92,-24.4,19.52,34.16,-34.16,-4.88,14.64,-117.12,-97.6,-136.64,-73.2,-63.44
-63.44,-48.8,14.64,58.56,-39.04,-19.52,14.64,-117.12,-102.48,-131.76,-58.56,-34.16
-63.44,-68.32,-4.88,68.32,-29.28,-39.04,9.76,-117.12,-102.48,-126.88,-29.28,-19.52
-34.16,-43.92,-9.76,39.04,-14.64,-29.28,9.76,-117.12,-107.36,-131.76,-78.08,-34.16
-24.4,-19.52,4.88,24.4,-14.64,-9.76,19.52,-112.24,-97.6,-131.76,-53.68,-82.96
-24.4,-9.76,14.64,19.52,-19.52,0,4.88,-117.12,-112.24,-146.4,-53.68,-63.44
-29.28,-9.76,19.52,19.52,-24.4,4.88,0,-126.88,-112.24,-151.28,-53.68,-87.84
-34.16,-4.88,29.28,19.52,-34.16,9.76,0,-131.76,-112.24,-151.28,-39.04,-136.64
-58.56,-19.52,39.04,39.04,-48.8,9.76,-4.88,-126.88,-107.36,-146.4,-87.84,-102.48
-53.68,-29.28,24.4,43.92,-39.04,-4.88,0,-126.88,-107.36,-151.28,-117.12,-102.48
-43.92,-29.28,14.64,39.04,-29.28,-9.76,4.88,-117.12,-97.6,-141.52,-97.6,-117.12
-53.68,-43.92,9.76,48.8,-34.16,-19.52,9.76,-122,-102.48,-136.64,-92.72,-92.72
-58.56,-68.32,-9.76,63.44,-24.4,-39.04,9.76,-117.12,-97.6,-131.76,-58.56,-102.48
-48.8,-53.68,-4.88,53.68,-24.4,-29.28,14.64,-117.12,-97.6,-136.64,-73.2,-92.72
-58.56,-48.8,9.76,53.68,-34.16,-19.52,14.64,-112.24,-97.6,-131.76,-68.32,-102.48
-43.92,-34.16,9.76,39.04,-29.28,-14.64,4.88,-122,-107.36,-141.52,-78.08,-122
-34.16,-9.76,24.4,24.4,-29.28,4.88,4.88,-122,-107.36,-141.52,-87.84,-97.6
-29.28,-9.76,19.52,19.52,-24.4,4.88,4.88,-126.88,-107.36,-146.4,-82.96,-78.08
-34.16,-9.76,24.4,24.4,-29.28,4.88,0,-126.88,-112.24,-141.52,-78.08,-102.48
-43.92,-19.52,24.4,34.16,-34.16,0,-4.88,-136.64,-112.24,-146.4,-73.2,-117.12
-53.68,-29.28,24.4,43.92,-39.04,-4.88,4.88,-126.88,-102.48,-136.64,-43.92,-87.84
-53.68,-34.16,19.52,43.92,-39.04,-9.76,14.64,-117.12,-92.72,-126.88,-39.04,-53.68
-48.8,-39.04,9.76,43.92,-29.28,-14.64,14.64,-107.36,-97.6,-126.88,-73.2,-9.76
-29.28,-34.16,-4.88,34.16,-14.64,-19.52,9.76,-117.12,-107.36,-141.52,-78.08,-43.92
-43.92,-39.04,4.88,43.92,-24.4,-19.52,14.64,-112.24,-102.48,-136.64,-68.32,-43.92
-43.92,-29.28,14.64,39.04,-29.28,-9.76,14.64,-117.12,-107.36,-141.52,-82.96,-73.2
-39.04,-9.76,29.28,24.4,-34.16,9.76,9.76,-117.12,-107.36,-136.64,-53.68,-117.12
-34.16,0,34.16,19.52,-34.16,14.64,4.88,-126.88,-107.36,-146.4,-39.04,-73.2
-34.16,-4.88,29.28,19.52,-34.16,9.76,4.88,-122,-107.36,-146.4,-63.44,-87.84
-29.28,-9.76,19.52,19.52,-24.4,4.88,0,-126.88,-112.24,-146.4,-102.48,-53.68
-29.28,-24.4,4.88,29.28,-19.52,-9.76,4.88,-126.88,-112.24,-146.4,-87.84,-39.04
-48.8,-53.68,-4.88,53.68,-24.4,-29.28,4.88,-122,-107.36,-146.4,-73.2,-112.24
-58.56,-63.44,-4.88,63.44,-29.28,-34.16,9.76,-117.12,-107.36,-141.52,-68.32,-78.08
-48.8,-58.56,-9.76,53.68,-19.52,-34.16,14.64,-117.12,-102.48,-141.52,-68.32,-107.36
-43.92,-43.92,0,43.92,-24.4,-24.4,19.52,-107.36,-102.48,-136.64,-68.32,-107.36
-39.04,-24.4,14.64,34.16,-29.28,-4.88,24.4,-112.24,-97.6,-131.76,-78.08,-82.96
-34.16,-9.76,24.4,24.4,-29.28,4.88,24.4,-112.24,-92.72,-131.76,-43.92,-63.44
-29.28,9.76,39.04,9.76,-34.16,24.4,19.52,-112.24,-87.84,-131.76,-48.8,-14.64
-39.04,19.52,58.56,9.76,-48.8,39.04,14.64,-117.12,-87.84,-131.76,-58.56,-78.08
-39.04,9.76,48.8,14.64,-43.92,29.28,19.52,-112.24,-87.84,-126.88,-53.68,-92.72
-29.28,19.52,48.8,4.88,-39.04,34.16,29.28,-107.36,-82.96,-122,-68.32,-78.08
-29.28,0,29.28,14.64,-29.28,14.64,39.04,-102.48,-78.08,-107.36,-58.56,-87.84
-29.28,-4.88,24.4,19.52,-29.28,9.76,53.68,-87.84,-78.08,-97.6,-34.16,-78.08
-39.04,-4.88,34.16,24.4,-39.04,14.64,43.92,-92.72,-78.08,-112.24,-9.76,-82.96
-43.92,-4.88,39.04,24.4,-43.92,14.64,48.8,-92.72,-78.08,-107.36,-34.16,-73.2
-29.28,19.52,48.8,4.88,-39.04,34.16,53.68,-87.84,-68.32,-97.6,-39.04,-48.8
-24.4,43.92,68.32,-9.76,-48.8,53.68,58.56,-78.08,-68.32,-102.48,-58.56,-68.32
-19.52,58.56,78.08,-19.52,-48.8,68.32,63.44,-73.2,-48.8,-92.72,-39.04,-68.32
-29.28,53.68,82.96,-9.76,-58.56,68.32,63.44,-73.2,-48.8,-92.72,-53.68,-29.28
-29.28,58.56,87.84,-14.64,-58.56,73.2,63.44,-78.08,-58.56,-92.72,-48.8,-58.56
-19.52,63.44,82.96,-19.52,-53.68,73.2,63.44,-78.08,-58.56,-102.48,-53.68,-43.92
-29.28,43.92,73.2,-4.88,-53.68,58.56,63.44,-82.96,-53.68,-102.48,-39.04,-4.88
-43.92,24.4,68.32,9.76,-58.56,43.92,68.32,-73.2,-58.56,-97.6,-63.44,-29.28
0,53.68,53.68,-24.4,-29.28,53.68,73.2,-63.44,-43.92,-87.84,-43.92,-43.92
0,53.68,53.68,-24.4,-29.28,53.68,78.08,-58.56,-43.92,-87.84,-43.92,-48.8
-4.88,58.56,63.44,-24.4,-34.16,58.56,73.2,-63.44,-43.92,-87.84,-34.16,-43.92
-19.52,63.44,82.96,-19.52,-53.68,73.2,68.32,-58.56,-48.8,-87.84,-29.28,-29.28
-9.76,82.96,92.72,-34.16,-53.68,87.84,63.44,-58.56,-43.92,-82.96,4.88,-4.88
19.52,82.96,63.44,-48.8,-24.4,73.2,63.44,-58.56,-39.04,-82.96,-19.52,9.76
39.04,78.08,39.04,-58.56,0,58.56,53.68,-58.56,-43.92,-82.96,-53.68,-4.88
24.4,68.32,43.92,-43.92,-9.76,53.68,53.68,-43.92,-39.04,-78.08,-34.16,9.76
53.68,68.32,14.64,-58.56,19.52,39.04,29.28,-63.44,-43.92,-82.96,-29.28,-14.64
43.92,68.32,24.4,-53.68,9.76,43.92,29.28,-53.68,-43.92,-78.08,-29.28,4.88
29.28,73.2,43.92,-48.8,-9.76,58.56,24.4,-53.68,-39.04,-68.32,-4.88,-39.04
19.52,68.32,48.8,-43.92,-14.64,58.56,9.76,-68.32,-48.8,-68.32,-24.4,-29.28
4.88,78.08,73.2,-39.04,-34.16,73.2,9.76,-68.32,-43.92,-73.2,0,14.64
19.52,92.72,73.2,-53.68,-29.28,82.96,9.76,-63.44,-53.68,-73.2,29.28,-4.88
34.16,97.6,63.44,-63.44,-14.64,78.08,-4.88,-73.2,-58.56,-78.08,29.28,-9.76
19.52,78.08,58.56,-48.8,-19.52,68.32,-9.76,-82.96,-58.56,-82.96,-4.88,-24.4
29.28,73.2,43.92,-48.8,-9.76,58.56,-19.52,-82.96,-63.44,-78.08,-29.28,-4.88
48.8,53.68,4.88,-48.8,19.52,29.28,-24.4,-92.72,-78.08,-82.96,-14.64,-9.76
73.2,58.56,-14.64,-63.44,43.92,19.52,-19.52,-102.48,-82.96,-92.72,-24.4,9.76
78.08,63.44,-14.64,-68.32,43.92,24.4,-14.64,-102.48,-87.84,-97.6,-48.8,19.52
53.68,63.44,9.76,-58.56,19.52,34.16,-9.76,-87.84,-82.96,-87.84,-24.4,-24.4
24.4,48.8,24.4,-34.16,0,34.16,4.88,-82.96,-78.08,-87.84,-19.52,0
9.76,29.28,19.52,-19.52,-4.88,24.4,4.88,-87.84,-82.96,-87.84,-53.68,-39.04
34.16,39.04,4.88,-34.16,14.64,19.52,0,-92.72,-87.84,-97.6,-58.56,-87.84
19.52,43.92,24.4,-29.28,-4.88,34.16,-4.88,-102.48,-87.84,-97.6,-29.28,-68.32
-4.88,24.4,29.28,-9.76,-19.52,24.4,-9.76,-112.24,-97.6,-112.24,-58.56,-63.44
-14.64,24.4,39.04,-4.88,-29.28,29.28,-14.64,-122,-107.36,-126.88,-82.96,-73.2
-14.64,14.64,29.28,0,-24.4,19.52,-14.64,-136.64,-117.12,-126.88,-73.2,-53.68
-24.4,4.88,29.28,9.76,-29.28,14.64,-14.64,-141.52,-126.88,-141.52,-63.44,-73.2
-34.16,0,34.16,19.52,-34.16,14.64,0,-136.64,-126.88,-146.4,-34.16,-43.92
-43.92,-4.88,39.04,24.4,-43.92,14.64,0,-141.52,-131.76,-151.28,-58.56,-9.76
-39.04,-19.52,19.52,29.28,-29.28,0,9.76,-136.64,-126.88,-151.28,-78.08,-73.2
-34.16,-29.28,4.88,34.16,-19.52,-14.64,4.88,-141.52,-136.64,-151.28,-92.72,-102.48
-48.8,-19.52,29.28,34.16,-39.04,4.88,9.76,-136.64,-131.76,-146.4,-29.28,-97.6
-53.68,-9.76,43.92,34.16,-48.8,14.64,0,-141.52,-131.76,-146.4,-68.32,-68.32
-48.8,-14.64,34.16,34.16,-43.92,9.76,-4.88,-151.28,-141.52,-141.52,-92.72,-78.08
-43.92,0,43.92,24.4,-43.92,19.52,-9.76,-151.28,-141.52,-151.28,-92.72,-87.84
-24.4,9.76,34.16,9.76,-29.28,19.52,-9.76,-156.16,-156.16,-161.04,-73.2,-126.88
-34.16,9.76,43.92,14.64,-39.04,24.4,-9.76,-161.04,-161.04,-170.8,-87.84,-82.96
-53.68,0,53.68,29.28,-53.68,24.4,-4.88,-151.28,-161.04,-161.04,-97.6,-34.16
-43.92,-4.88,39.04,24.4,-43.92,14.64,-4.88,-141.52,-156.16,-156.16,-97.6,-48.8
-29.28,-19.52,9.76,24.4,-19.52,-4.88,4.88,-136.64,-151.28,-146.4,-97.6,-39.04
-43.92,-39.04,4.88,43.92,-24.4,-19.52,9.76,-131.76,-141.52,-131.76,-92.72,-68.32
-48.8,-53.68,-4.88,53.68,-24.4,-29.28,9.76,-131.76,-146.4,-141.52,-97.6,-63.44
-48.8,-43.92,4.88,48.8,-29.28,-19.52,9.76,-131.76,-141.52,-151.28,-97.6,-78.08
-53.68,-53.68,0,53.68,-29.28,-29.28,4.88,-146.4,-156.16,-156.16,-117.12,-112.24
-53.68,-29.28,24.4,43.92,-39.04,-4.88,-4.88,-151.28,-156.16,-165.92,-107.36,-136.64
-29.28,19.52,48.8,4.88,-39.04,34.16,4.88,-146.4,-161.04,-161.04,-107.36,-117.12
-34.16,29.28,63.44,4.88,-48.8,43.92,-9.76,-161.04,-165.92,-180.56,-136.64,-126.88
-43.92,19.52,63.44,14.64,-53.68,39.04,-9.76,-165.92,-175.68,-180.56,-122,-136.64
-48.8,0,48.8,24.4,-48.8,24.4,-4.88,-161.04,-170.8,-170.8,-112.24,-151.28
-48.8,-29.28,19.52,39.04,-34.16,-4.88,4.88,-141.52,-151.28,-151.28,-122,-78.08
-34.16,-53.68,-19.52,43.92,-9.76,-39.04,14.64,-131.76,-136.64,-141.52,-126.88,-87.84
-34.16,-68.32,-34.16,53.68,0,-53.68,19.52,-126.88,-136.64,-117.12,-102.48,-78.08
-29.28,-68.32,-39.04,48.8,4.88,-53.68,9.76,-136.64,-141.52,-131.76,-97.6,-102.48
-34.16,-43.92,-9.76,39.04,-14.64,-29.28,19.52,-126.88,-136.64,-131.76,-78.08,-87.84
-68.32,-29.28,39.04,48.8,-53.68,4.88,4.88,-146.4,-151.28,-146.4,-97.6,-63.44
-73.2,-19.52,53.68,48.8,-63.44,14.64,-4.88,-156.16,-165.92,-165.92,-102.48,-122
-48.8,0,48.8,24.4,-48.8,24.4,-9.76,-165.92,-165.92,-165.92,-107.36,-156.16
-48.8,-9.76,39.04,29.28,-43.92,14.64,-4.88,-161.04,-170.8,-165.92,-112.24,-107.36
-43.92,-29.28,14.64,39.04,-29.28,-9.76,0,-146.4,-161.04,-161.04,-136.64,-117.12
-58.56,-48.8,9.76,53.68,-34.16,-19.52,24.4,-136.64,-156.16,-141.52,-136.64,-141.52
-68.32,-73.2,-4.88,73.2,-34.16,-39.04,39.04,-122,-146.4,-151.28,-117.12,-151.28
-53.68,-63.44,-9.76,58.56,-24.4,-39.04,63.44,-112.24,-141.52,-146.4,-102.48,-107.36
-68.32,-34.16,34.16,53.68,-53.68,0,82.96,-87.84,-126.88,-131.76,-117.12,-87.84
-73.2,-14.64,58.56,43.92,-68.32,19.52,102.48,-58.56,-107.36,-122,-112.24,-141.52
-73.2,4.88,78.08,34.16,-78.08,39.04,102.48,-24.4,-63.44,-82.96,-92.72,-102.48
-78.08,29.28,107.36,24.4,-92.72,68.32,107.36,34.16,0,-24.4,-58.56,-82.96
-63.44,48.8,112.24,9.76,-87.84,78.08,122,126.88,97.6,63.44,4.88,-73.2
-29.28,48.8,78.08,-9.76,-53.68,63.44,117.12,204.96,200.08,170.8,102.48,19.52
14.64,43.92,29.28,-29.28,-9.76,34.16,97.6,297.68,322.08,292.8,224.48,78.08
102.48,73.2,-29.28,-87.84,63.44,19.52,68.32,390.4,463.6,453.84,361.12,156.16
180.56,112.24,-68.32,-146.4,122,19.52,43.92,546.56,683.2,673.44,502.64,307.44
273.28,175.68,-97.6,-224.48,185.44,39.04,9.76,663.68,912.56,897.92,707.6,390.4
356.24,263.52,-92.72,-307.44,224.48,82.96,-58.56,658.8,1068.72,1093.12,893.04,497.76
439.2,351.36,-87.84,-395.28,263.52,131.76,-156.16,546.56,1166.32,1249.28,1058.96,663.68
522.16,434.32,-87.84,-478.24,302.56,170.8,-292.8,375.76,1224.88,1385.92,1200.48,722.24
605.12,512.4,-92.72,-556.32,346.48,209.84,-409.92,224.48,1273.68,1507.92,1337.12,819.84
673.44,575.84,-97.6,-624.64,385.52,239.12,-502.64,92.72,1278.56,1586,1454.24,922.32
702.72,644.16,-58.56,-673.44,380.64,292.8,-561.2,-4.88,1254.16,1586,1551.84,976
727.12,673.44,-53.68,-697.84,390.4,307.44,-639.28,-112.24,1117.52,1454.24,1459.12,1024.8
717.36,639.28,-78.08,-678.32,395.28,278.16,-683.2,-248.88,893.04,1190.72,1259.04,927.2
668.56,546.56,-122,-605.12,395.28,209.84,-722.24,-414.8,614.88,873.52,1000.4,775.92
585.6,434.32,-151.28,-507.52,366,141.52,-756.4,-610,312.32,536.8,732,644.16
517.28,336.72,-180.56,-424.56,346.48,78.08,-746.64,-785.68,43.92,258.64,522.16,527.04
444.08,287.92,-156.16,-366,297.68,63.44,-712.48,-922.32,-185.44,19.52,317.2,375.76
312.32,244,-68.32,-278.16,190.32,87.84,-653.92,-1049.2,-395.28,-185.44,170.8,263.52
204.96,195.2,-9.76,-200.08,107.36,92.72,-605.12,-1180.96,-649.04,-419.68,-4.88,131.76
92.72,136.64,43.92,-112.24,24.4,87.84,-531.92,-1249.28,-829.6,-605.12,-214.72,9.76
14.64,82.96,68.32,-48.8,-29.28,73.2,-458.72,-1190.72,-873.52,-673.44,-317.2,-63.44
-43.92,39.04,82.96,4.88,-63.44,58.56,-375.76,-1039.44,-810.08,-644.16,-331.84,-78.08
-68.32,4.88,73.2,34.16,-73.2,39.04,-322.08,-873.52,-683.2,-556.32,-317.2,-117.12
-68.32,0,68.32,34.16,-68.32,34.16,-287.92,-732,-561.2,-458.72,-263.52,-131.76
-48.8,-4.88,43.92,29.28,-48.8,19.52,-253.76,-610,-468.48,-385.52,-229.36,-112.24
-39.04,-19.52,19.52,29.28,-29.28,0,-214.72,-512.4,-390.4,-331.84,-190.32,-102.48
-58.56,-24.4,34.16,43.92,-48.8,4.88,-165.92,-424.56,-331.84,-292.8,-156.16,-68.32
-43.92,-14.64,29.28,29.28,-39.04,4.88,-122,-331.84,-278.16,-253.76,-141.52,-97.6
-9.76,0,9.76,4.88,-9.76,4.88,-97.6,-268.4,-244,-234.24,-136.64,-92.72
14.64,4.88,-9.76,-9.76,9.76,-4.88,-63.44,-204.96,-200.08,-204.96,-170.8,-107.36
0,-4.88,-4.88,4.88,0,-4.88,-24.4,-141.52,-156.16,-161.04,-122,-126.88
-29.28,0,29.28,14.64,-29.28,14.64,14.64,-97.6,-117.12,-126.88,-82.96,-87.84
-14.64,4.88,19.52,4.88,-19.52,9.76,14.64,-87.84,-112.24,-126.88,-73.2,-78.08
-19.52,0,19.52,9.76,-19.52,9.76,9.76,-87.84,-112.24,-122,-78.08,-39.04
4.88,29.28,24.4,-14.64,-9.76,24.4,14.64,-87.84,-117.12,-126.88,-63.44,-63.44
4.88,34.16,29.28,-19.52,-14.64,29.28,14.64,-87.84,-122,-131.76,-102.48,-97.6
-9.76,4.88,14.64,4.88,-14.64,9.76,4.88,-92.72,-131.76,-146.4,-122,-107.36
-4.88,4.88,9.76,0,-9.76,4.88,4.88,-92.72,-136.64,-146.4,-112.24,-107.36
-4.88,4.88,9.76,0,-9.76,4.88,19.52,-68.32,-131.76,-151.28,-97.6,-117.12
-14.64,14.64,29.28,0,-24.4,19.52,34.16,-48.8,-112.24,-131.76,-87.84,-117.12
-19.52,9.76,29.28,4.88,-24.4,19.52,48.8,-34.16,-102.48,-126.88,-97.6,-117.12
-24.4,-9.76,14.64,19.52,-19.52,0,43.92,-34.16,-102.48,-131.76,-102.48,-92.72
-14.64,-9.76,4.88,14.64,-9.76,-4.88,43.92,-34.16,-97.6,-131.76,-122,-53.68
-4.88,0,4.88,4.88,-4.88,0,48.8,-39.04,-92.72,-122,-122,-82.96
-29.28,-4.88,24.4,19.52,-29.28,9.76,48.8,-39.04,-97.6,-122,-117.12,-78.08
-29.28,0,29.28,14.64,-29.28,14.64,43.92,-39.04,-102.48,-126.88,-97.6,-68.32
-43.92,-4.88,39.04,24.4,-43.92,14.64,39.04,-48.8,-107.36,-131.76,-117.12,-87.84
-48.8,-4.88,43.92,29.28,-48.8,19.52,34.16,-43.92,-107.36,-136.64,-136.64,-92.72
-9.76,19.52,29.28,-4.88,-19.52,24.4,39.04,-29.28,-107.36,-136.64,-131.76,-73.2
-14.64,4.88,19.52,4.88,-19.52,9.76,39.04,-24.4,-102.48,-131.76,-136.64,-112.24
-19.52,-9.76,9.76,14.64,-14.64,0,53.68,-14.64,-92.72,-122,-122,-117.12
-14.64,-9.76,4.88,14.64,-9.76,-4.88,53.68,-4.88,-87.84,-122,-112.24,-92.72
-9.76,-4.88,4.88,9.76,-9.76,0,63.44,9.76,-73.2,-107.36,-87.84,-78.08
-4.88,4.88,9.76,0,-9.76,4.88,63.44,0,-68.32,-97.6,-78.08,-48.8
-9.76,9.76,19.52,0,-14.64,14.64,58.56,-4.88,-73.2,-102.48,-68.32,-82.96
-14.64,19.52,34.16,0,-24.4,24.4,43.92,-14.64,-82.96,-107.36,-63.44,-73.2
-24.4,14.64,39.04,4.88,-34.16,24.4,43.92,-19.52,-87.84,-107.36,-39.04,-53.68
-19.52,9.76,29.28,4.88,-24.4,19.52,39.04,-19.52,-92.72,-107.36,-73.2,-78.08
-4.88,0,4.88,4.88,-4.88,0,43.92,-4.88,-97.6,-117.12,-48.8,-92.72
-19.52,-14.64,4.88,19.52,-14.64,-4.88,53.68,4.88,-92.72,-102.48,-87.84,-63.44
-29.28,-24.4,4.88,29.28,-19.52,-9.76,58.56,4.88,-92.72,-87.84,-97.6,-68.32
-24.4,-19.52,4.88,24.4,-14.64,-9.76,68.32,19.52,-78.08,-97.6,-87.84,-87.84
-19.52,-24.4,-4.88,24.4,-9.76,-14.64,63.44,19.52,-78.08,-102.48,-92.72,-107.36
-14.64,-4.88,9.76,9.76,-14.64,0,63.44,14.64,-73.2,-92.72,-87.84,-92.72
-19.52,14.64,34.16,4.88,-29.28,24.4,58.56,14.64,-68.32,-92.72,-82.96,-53.68
-9.76,14.64,24.4,0,-19.52,19.52,48.8,4.88,-82.96,-97.6,-97.6,-53.68
19.52,29.28,9.76,-24.4,4.88,19.52,48.8,0,-82.96,-97.6,-73.2,-102.48
14.64,19.52,4.88,-14.64,4.88,9.76,43.92,9.76,-78.08,-97.6,-87.84,-53.68
-14.64,-4.88,9.76,9.76,-14.64,0,58.56,29.28,-68.32,-92.72,-78.08,-68.32
0,-14.64,-14.64,9.76,4.88,-14.64,63.44,39.04,-58.56,-82.96,-53.68,-92.72
-4.88,-29.28,-24.4,19.52,9.76,-29.28,63.44,43.92,-58.56,-87.84,-53.68,-58.56
-14.64,-29.28,-14.64,24.4,0,-24.4,68.32,58.56,-48.8,-82.96,-58.56,-58.56
-14.64,-24.4,-9.76,19.52,-4.88,-19.52,68.32,53.68,-48.8,-82.96,-87.84,-4.88
-14.64,-14.64,0,14.64,-9.76,-9.76,63.44,43.92,-48.8,-78.08,-63.44,-34.16
4.88,9.76,4.88,-4.88,0,4.88,53.68,39.04,-48.8,-82.96,-48.8,-53.68
0,14.64,14.64,-4.88,-9.76,14.64,43.92,34.16,-63.44,-87.84,-68.32,-58.56
14.64,19.52,4.88,-14.64,4.88,9.76,43.92,34.16,-68.32,-87.84,-87.84,-34.16
14.64,24.4,9.76,-19.52,0,14.64,53.68,43.92,-58.56,-82.96,-58.56,-29.28
14.64,4.88,-9.76,-9.76,9.76,-4.88,48.8,48.8,-63.44,-87.84,-58.56,-48.8
19.52,-19.52,-39.04,0,29.28,-29.28,53.68,58.56,-58.56,-78.08,-63.44,-78.08
-4.88,-34.16,-29.28,19.52,9.76,-34.16,63.44,78.08,-48.8,-73.2,-48.8,-58.56
-39.04,-58.56,-19.52,48.8,-9.76,-39.04,63.44,82.96,-48.8,-68.32,-82.96,-43.92
-43.92,-58.56,-14.64,53.68,-14.64,-39.04,63.44,82.96,-39.04,-53.68,-82.96,-48.8
-19.52,-24.4,-4.88,24.4,-9.76,-14.64,58.56,78.08,-39.04,-53.68,-29.28,-63.44
9.76,19.52,9.76,-14.64,0,14.64,63.44,82.96,-34.16,-53.68,-29.28,-63.44
-4.88,19.52,24.4,-4.88,-14.64,19.52,53.68,78.08,-39.04,-53.68,-53.68,-29.28
-9.76,9.76,19.52,0,-14.64,14.64,53.68,78.08,-39.04,-53.68,-63.44,-29.28
4.88,19.52,14.64,-9.76,-4.88,14.64,53.68,82.96,-39.04,-48.8,-43.92,14.64
4.88,4.88,0,-4.88,0,0,48.8,87.84,-43.92,-48.8,-39.04,-43.92
0,-9.76,-9.76,4.88,4.88,-9.76,53.68,97.6,-34.16,-34.16,-48.8,-43.92
9.76,-14.64,-24.4,4.88,14.64,-19.52,63.44,112.24,-24.4,-34.16,-53.68,-19.52
-4.88,-19.52,-14.64,14.64,4.88,-19.52,58.56,122,-19.52,-34.16,-48.8,-9.76
19.52,-14.64,-34.16,0,24.4,-24.4,58.56,122,-14.64,-29.28,-63.44,-73.2
43.92,4.88,-39.04,-24.4,39.04,-19.52,58.56,117.12,-9.76,-19.52,-34.16,-48.8
9.76,9.76,0,-9.76,4.88,4.88,53.68,117.12,-14.64,-29.28,-34.16,-14.64
-14.64,9.76,24.4,4.88,-19.52,14.64,48.8,117.12,-9.76,-24.4,-39.04,-43.92
-4.88,24.4,29.28,-9.76,-19.52,24.4,58.56,126.88,0,-14.64,-34.16,-48.8
4.88,24.4,19.52,-14.64,-9.76,19.52,63.44,131.76,4.88,-14.64,-29.28,-14.64
0,9.76,9.76,-4.88,-4.88,9.76,68.32,141.52,4.88,-9.76,-29.28,-14.64
-9.76,-14.64,-4.88,14.64,-4.88,-9.76,63.44,146.4,14.64,-9.76,-14.64,-14.64
-4.88,-19.52,-14.64,14.64,4.88,-19.52,73.2,161.04,24.4,-4.88,-39.04,-43.92
0,0,0,0,0,0,78.08,180.56,34.16,14.64,-9.76,-39.04
0,-4.88,-4.88,4.88,0,-4.88,78.08,180.56,43.92,19.52,-19.52,-9.76
9.76,14.64,4.88,-9.76,0,9.76,68.32,175.68,43.92,14.64,-39.04,-29.28
4.88,29.28,24.4,-14.64,-9.76,24.4,63.44,175.68,39.04,19.52,-39.04,-34.16
-4.88,39.04,43.92,-14.64,-24.4,39.04,58.56,175.68,48.8,24.4,-14.64,-48.8
14.64,43.92,29.28,-29.28,-9.76,34.16,63.44,190.32,58.56,34.16,-14.64,-9.76
19.52,39.04,19.52,-29.28,0,29.28,58.56,195.2,58.56,34.16,14.64,-9.76
14.64,29.28,14.64,-19.52,0,19.52,63.44,209.84,63.44,39.04,-9.76,4.88
24.4,29.28,4.88,-24.4,9.76,14.64,68.32,224.48,73.2,48.8,0,48.8
19.52,19.52,0,-19.52,9.76,9.76,78.08,239.12,82.96,53.68,0,34.16
29.28,34.16,4.88,-29.28,9.76,19.52,78.08,248.88,92.72,63.44,-4.88,4.88
19.52,29.28,9.76,-24.4,4.88,19.52,78.08,248.88,107.36,68.32,4.88,34.16
19.52,39.04,19.52,-29.28,0,29.28,78.08,258.64,117.12,78.08,4.88,29.28
34.16,48.8,14.64,-39.04,9.76,29.28,78.08,268.4,122,87.84,39.04,-9.76
19.52,53.68,34.16,-34.16,-9.76,43.92,73.2,263.52,126.88,92.72,19.52,14.64
9.76,53.68,43.92,-29.28,-19.52,48.8,68.32,268.4,126.88,92.72,29.28,43.92
24.4,58.56,34.16,-39.04,-4.88,43.92,68.32,278.16,131.76,92.72,19.52,39.04
29.28,53.68,24.4,-39.04,0,39.04,68.32,292.8,136.64,97.6,24.4,4.88
43.92,63.44,19.52,-53.68,9.76,39.04,73.2,312.32,151.28,107.36,58.56,14.64
48.8,48.8,0,-48.8,24.4,24.4,78.08,322.08,156.16,112.24,39.04,19.52
48.8,58.56,9.76,-53.68,19.52,34.16,82.96,341.6,170.8,131.76,48.8,9.76
29.28,63.44,34.16,-43.92,-4.88,48.8,92.72,356.24,200.08,165.92,58.56,53.68
29.28,63.44,34.16,-43.92,-4.88,48.8,87.84,351.36,204.96,151.28,73.2,63.44
48.8,82.96,34.16,-63.44,4.88,58.56,82.96,361.12,204.96,161.04,68.32,68.32
53.68,92.72,39.04,-73.2,4.88,63.44,68.32,366,214.72,165.92,68.32,53.68
53.68,97.6,43.92,-73.2,4.88,68.32,68.32,375.76,214.72,170.8,97.6,58.56
53.68,102.48,48.8,-78.08,0,73.2,68.32,385.52,229.36,180.56,107.36,63.44
58.56,102.48,43.92,-78.08,4.88,73.2,68.32,405.04,239.12,185.44,87.84,92.72
53.68,92.72,39.04,-73.2,4.88,63.44,73.2,419.68,253.76,200.08,92.72,82.96
58.56,92.72,34.16,-73.2,9.76,63.44,87.84,439.2,273.28,214.72,117.12,78.08
73.2,102.48,29.28,-87.84,19.52,63.44,92.72,453.84,287.92,224.48,131.76,97.6
92.72,117.12,24.4,-102.48,34.16,68.32,92.72,463.6,297.68,239.12,126.88,112.24
97.6,131.76,34.16,-112.24,29.28,82.96,82.96,453.84,302.56,239.12,126.88,87.84
82.96,151.28,68.32,-117.12,4.88,107.36,92.72,473.36,317.2,253.76,151.28,136.64
68.32,161.04,92.72,-112.24,-14.64,126.88,82.96,473.36,326.96,263.52,175.68,131.76
53.68,146.4,92.72,-97.6,-19.52,117.12,78.08,473.36,331.84,268.4,156.16,112.24
87.84,165.92,78.08,-126.88,4.88,122,73.2,483.12,336.72,278.16,170.8,107.36
117.12,185.44,68.32,-151.28,24.4,126.88,78.08,497.76,346.48,283.04,175.68,126.88
102.48,170.8,68.32,-136.64,14.64,117.12,82.96,522.16,361.12,292.8,175.68,126.88
102.48,165.92,63.44,-131.76,19.52,112.24,92.72,531.92,370.88,307.44,175.68,141.52
97.6,165.92,68.32,-131.76,14.64,117.12,82.96,531.92,380.64,312.32,195.2,180.56
102.48,170.8,68.32,-136.64,14.64,117.12,87.84,536.8,390.4,322.08,200.08,175.68
131.76,190.32,58.56,-161.04,34.16,122,78.08,527.04,400.16,322.08,204.96,156.16
131.76,200.08,68.32,-165.92,29.28,131.76,68.32,531.92,395.28,326.96,214.72,170.8
141.52,214.72,73.2,-175.68,34.16,141.52,68.32,527.04,395.28,331.84,229.36,234.24
141.52,229.36,87.84,-185.44,24.4,156.16,68.32,531.92,405.04,341.6,268.4,170.8
107.36,229.36,122,-165.92,-9.76,175.68,68.32,546.56,414.8,356.24,253.76,175.68
117.12,219.6,102.48,-165.92,4.88,161.04,68.32,556.32,409.92,356.24,234.24,209.84
122,219.6,97.6,-170.8,9.76,156.16,63.44,546.56,414.8,351.36,229.36,200.08
122,200.08,78.08,-161.04,19.52,136.64,68.32,551.44,419.68,356.24,239.12,180.56
131.76,204.96,73.2,-165.92,29.28,136.64,73.2,556.32,429.44,370.88,253.76,185.44
126.88,204.96,78.08,-165.92,24.4,141.52,68.32,551.44,429.44,370.88,253.76,175.68
117.12,204.96,87.84,-161.04,14.64,146.4,68.32,546.56,429.44,370.88,258.64,185.44
126.88,214.72,87.84,-170.8,19.52,151.28,53.68,531.92,419.68,375.76,258.64,204.96
136.64,224.48,87.84,-180.56,24.4,156.16,48.8,522.16,419.68,370.88,253.76,195.2
141.52,239.12,97.6,-190.32,19.52,165.92,43.92,507.52,409.92,366,258.64,204.96
131.76,224.48,92.72,-175.68,19.52,156.16,34.16,492.88,400.16,356.24,253.76,209.84
131.76,214.72,82.96,-170.8,24.4,146.4,34.16,492.88,390.4,351.36,244,204.96
126.88,209.84,82.96,-165.92,19.52,146.4,34.16,488,390.4,346.48,244,258.64
82.96,185.44,102.48,-131.76,-9.76,141.52,43.92,483.12,390.4,346.48,244,248.88
92.72,170.8,78.08,-131.76,4.88,122,39.04,468.48,380.64,346.48,239.12,209.84
117.12,175.68,58.56,-146.4,29.28,117.12,29.28,448.96,370.88,341.6,273.28,204.96
107.36,175.68,68.32,-141.52,19.52,122,29.28,434.32,366,336.72,253.76,209.84
97.6,175.68,78.08,-136.64,9.76,126.88,24.4,414.8,351.36,331.84,229.36,229.36
92.72,185.44,92.72,-136.64,0,136.64,19.52,395.28,331.84,322.08,219.6,180.56
92.72,190.32,97.6,-141.52,-4.88,141.52,14.64,380.64,317.2,307.44,214.72,141.52
97.6,180.56,82.96,-136.64,4.88,131.76,0,351.36,287.92,283.04,200.08,136.64
97.6,165.92,68.32,-131.76,14.64,117.12,0,331.84,263.52,273.28,209.84,156.16
92.72,161.04,68.32,-126.88,9.76,112.24,0,312.32,258.64,263.52,229.36,161.04
82.96,156.16,73.2,-117.12,4.88,112.24,9.76,312.32,244,253.76,204.96,190.32
63.44,136.64,73.2,-97.6,-4.88,102.48,19.52,292.8,229.36,244,200.08,165.92
63.44,131.76,68.32,-97.6,-4.88,97.6,9.76,268.4,209.84,224.48,200.08,122
39.04,117.12,78.08,-78.08,-19.52,97.6,14.64,248.88,195.2,219.6,156.16,112.24
39.04,112.24,73.2,-73.2,-19.52,92.72,4.88,214.72,170.8,200.08,156.16,122
48.8,117.12,68.32,-82.96,-9.76,92.72,0,195.2,151.28,175.68,136.64,102.48
24.4,107.36,82.96,-63.44,-29.28,92.72,0,180.56,136.64,165.92,107.36,78.08
34.16,112.24,78.08,-73.2,-24.4,92.72,-4.88,156.16,107.36,141.52,92.72,78.08
39.04,97.6,58.56,-68.32,-9.76,78.08,-9.76,141.52,82.96,117.12,73.2,78.08
24.4,82.96,58.56,-53.68,-19.52,68.32,-4.88,126.88,73.2,122,53.68,68.32
34.16,82.96,48.8,-58.56,-9.76,63.44,4.88,122,63.44,107.36,68.32,73.2
29.28,63.44,34.16,-43.92,-4.88,48.8,-4.88,107.36,53.68,92.72,73.2,63.44
9.76,43.92,34.16,-24.4,-14.64,39.04,0,87.84,43.92,82.96,82.96,63.44
9.76,53.68,43.92,-29.28,-19.52,48.8,4.88,73.2,24.4,73.2,68.32,43.92
0,43.92,43.92,-19.52,-24.4,43.92,-4.88,48.8,9.76,58.56,58.56,48.8
0,29.28,29.28,-14.64,-14.64,29.28,-14.64,34.16,-9.76,39.04,29.28,4.88
0,29.28,29.28,-14.64,-14.64,29.28,-14.64,24.4,-19.52,24.4,24.4,-14.64
-24.4,24.4,48.8,0,-39.04,34.16,-14.64,19.52,-24.4,14.64,4.88,14.64
-53.68,0,53.68,29.28,-53.68,24.4,-14.64,4.88,-43.92,-4.88,-19.52,0
-73.2,-24.4,48.8,48.8,-63.44,9.76,-9.76,9.76,-39.04,-4.88,-14.64,0
-39.04,-9.76,29.28,24.4,-34.16,9.76,-4.88,4.88,-43.92,-4.88,-9.76,-4.88
-14.64,-4.88,9.76,9.76,-14.64,0,0,9.76,-48.8,-4.88,-9.76,-4.88
-34.16,-19.52,14.64,29.28,-24.4,-4.88,-4.88,-4.88,-48.8,-14.64,-4.88,-24.4
-29.28,-14.64,14.64,24.4,-24.4,0,0,-9.76,-53.68,-14.64,24.4,-53.68
-24.4,-4.88,19.52,14.64,-24.4,4.88,-4.88,-24.4,-63.44,-19.52,-24.4,-19.52
-39.04,-14.64,24.4,29.28,-34.16,4.88,-19.52,-43.92,-78.08,-39.04,-63.44,-9.76
-34.16,-9.76,24.4,24.4,-29.28,4.88,-9.76,-48.8,-82.96,-48.8,-4.88,-24.4
-34.16,-14.64,19.52,24.4,-29.28,0,-19.52,-58.56,-97.6,-68.32,-14.64,-19.52
-48.8,-29.28,19.52,39.04,-34.16,-4.88,-19.52,-58.56,-102.48,-73.2,-9.76,-34.16
-39.04,-29.28,9.76,34.16,-24.4,-9.76,-9.76,-58.56,-102.48,-78.08,-43.92,-63.44
-53.68,-43.92,9.76,48.8,-34.16,-19.52,-4.88,-43.92,-97.6,-58.56,-58.56,-48.8
-48.8,-39.04,9.76,43.92,-29.28,-14.64,-4.88,-43.92,-92.72,-48.8,-34.16,-63.44
-43.92,-39.04,4.88,43.92,-24.4,-19.52,-4.88,-48.8,-92.72,-63.44,-53.68,-29.28
-58.56,-39.04,19.52,48.8,-39.04,-9.76,0,-48.8,-87.84,-58.56,-58.56,4.88
-53.68,-39.04,14.64,48.8,-34.16,-14.64,-14.64,-68.32,-97.6,-73.2,-39.04,-34.16
-34.16,-19.52,14.64,29.28,-24.4,-4.88,-14.64,-68.32,-97.6,-63.44,-29.28,-43.92
-48.8,-19.52,29.28,34.16,-39.04,4.88,-9.76,-73.2,-102.48,-68.32,-53.68,-48.8
-43.92,-19.52,24.4,34.16,-34.16,0,-24.4,-78.08,-117.12,-78.08,-82.96,-73.2
-39.04,-29.28,9.76,34.16,-24.4,-9.76,-29.28,-78.08,-122,-87.84,-78.08,-58.56
-34.16,-34.16,0,34.16,-19.52,-19.52,-24.4,-78.08,-126.88,-87.84,-68.32,-19.52
-53.68,-43.92,9.76,48.8,-34.16,-19.52,-14.64,-63.44,-122,-82.96,-43.92,4.88
-39.04,-34.16,4.88,39.04,-24.4,-14.64,-14.64,-58.56,-122,-78.08,-39.04,-34.16
-34.16,-43.92,-9.76,39.04,-14.64,-29.28,-14.64,-58.56,-117.12,-78.08,-53.68,-48.8
-39.04,-43.92,-4.88,43.92,-19.52,-24.4,-9.76,-63.44,-117.12,-73.2,-63.44,-29.28
-48.8,-14.64,34.16,34.16,-43.92,9.76,-4.88,-53.68,-102.48,-48.8,-48.8,24.4
-24.4,0,24.4,14.64,-24.4,9.76,-14.64,-73.2,-117.12,-68.32,-43.92,-34.16
-39.04,-19.52,19.52,29.28,-29.28,0,-19.52,-78.08,-126.88,-73.2,-63.44,-43.92
-58.56,-24.4,34.16,43.92,-48.8,4.88,-19.52,-73.2,-131.76,-87.84,-53.68,-19.52
-68.32,-39.04,29.28,53.68,-48.8,-4.88,-14.64,-68.32,-122,-87.84,-58.56,-14.64
-58.56,-48.8,9.76,53.68,-34.16,-19.52,-14.64,-63.44,-126.88,-87.84,-78.08,-78.08
-43.92,-43.92,0,43.92,-24.4,-24.4,-9.76,-58.56,-126.88,-87.84,-68.32,-43.92
-43.92,-48.8,-4.88,48.8,-19.52,-29.28,-14.64,-58.56,-122,-92.72,-68.32,-14.64
-53.68,-58.56,-4.88,58.56,-24.4,-34.16,-9.76,-53.68,-112.24,-92.72,-68.32,-19.52
-58.56,-43.92,14.64,53.68,-39.04,-14.64,0,-48.8,-102.48,-78.08,-63.44,-4.88
-34.16,-29.28,4.88,34.16,-19.52,-14.64,-9.76,-63.44,-112.24,-92.72,-63.44,-19.52
-29.28,-14.64,14.64,24.4,-24.4,0,-14.64,-68.32,-112.24,-92.72,-53.68,-34.16
-48.8,-9.76,39.04,29.28,-43.92,14.64,-9.76,-58.56,-112.24,-87.84,-43.92,4.88
-73.2,-19.52,53.68,48.8,-63.44,14.64,-9.76,-53.68,-117.12,-87.84,-63.44,-53.68
-68.32,-24.4,43.92,48.8,-58.56,9.76,-4.88,-48.8,-112.24,-92.72,-39.04,-29.28
-53.68,-34.16,19.52,43.92,-39.04,-9.76,-9.76,-48.8,-117.12,-82.96,-53.68,-34.16
-53.68,-39.04,14.64,48.8,-34.16,-14.64,-4.88,-39.04,-102.48,-82.96,-58.56,-19.52
-58.56,-48.8,9.76,53.68,-34.16,-19.52,0,-39.04,-107.36,-92.72,-73.2,-34.16
-63.44,-63.44,0,63.44,-34.16,-34.16,-9.76,-43.92,-107.36,-92.72,-68.32,-29.28
-58.56,-48.8,9.76,53.68,-34.16,-19.52,-9.76,-43.92,-102.48,-87.84,-43.92,-58.56
-58.56,-48.8,9.76,53.68,-34.16,-19.52,-14.64,-53.68,-107.36,-92.72,-58.56,-39.04
-48.8,-39.04,9.76,43.92,-29.28,-14.64,-24.4,-63.44,-112.24,-102.48,-82.96,-73.2
-24.4,-4.88,19.52,14.64,-24.4,4.88,-9.76,-48.8,-92.72,-82.96,-39.04,-34.16
-34.16,4.88,39.04,14.64,-39.04,19.52,0,-43.92,-97.6,-87.84,-19.52,-4.88
-39.04,-4.88,34.16,24.4,-39.04,14.64,0,-39.04,-97.6,-87.84,-43.92,-4.88
-29.28,-14.64,14.64,24.4,-24.4,0,-4.88,-43.92,-97.6,-87.84,-68.32,24.4
-34.16,-29.28,4.88,34.16,-19.52,-14.64,0,-34.16,-92.72,-73.2,-48.8,-58.56
-29.28,-24.4,4.88,29.28,-19.52,-9.76,4.88,-29.28,-87.84,-82.96,-34.16,-53.68
-48.8,-39.04,9.76,43.92,-29.28,-14.64,4.88,-29.28,-78.08,-78.08,-14.64,-4.88
-53.68,-39.04,14.64,48.8,-34.16,-14.64,9.76,-24.4,-73.2,-68.32,-39.04,-14.64
-48.8,-29.28,19.52,39.04,-34.16,-4.88,0,-29.28,-73.2,-73.2,-48.8,-29.28
-34.16,-14.64,19.52,24.4,-29.28,0,-9.76,-39.04,-73.2,-73.2,-68.32,-4.88
-39.04,-4.88,34.16,24.4,-39.04,14.64,-9.76,-39.04,-73.2,-73.2,-63.44,0
-29.28,-9.76,19.52,19.52,-24.4,4.88,-9.76,-39.04,-78.08,-82.96,-73.2,0
-19.52,-14.64,4.88,19.52,-14.64,-4.88,-19.52,-43.92,-82.96,-87.84,-73.2,-19.52
-19.52,-14.64,4.88,19.52,-14.64,-4.88,-4.88,-39.04,-68.32,-78.08,-58.56,-58.56
-29.28,-19.52,9.76,24.4,-19.52,-4.88,4.88,-24.4,-63.44,-73.2,-43.92,-24.4
-43.92,-24.4,19.52,34.16,-34.16,-4.88,14.64,-14.64,-48.8,-63.44,-39.04,-4.88
-24.4,-19.52,4.88,24.4,-14.64,-9.76,14.64,-9.76,-43.92,-53.68,-48.8,-34.16
-29.28,-19.52,9.76,24.4,-19.52,-4.88,4.88,-24.4,-53.68,-63.44,-34.16,-9.76
-34.16,-19.52,14.64,29.28,-24.4,-4.88,0,-29.28,-48.8,-63.44,-24.4,58.56
-34.16,-19.52,14.64,29.28,-24.4,-4.88,-9.76,-34.16,-53.68,-63.44,-48.8,9.76
-43.92,-24.4,19.52,34.16,-34.16,-4.88,-14.64,-39.04,-58.56,-68.32,-68.32,-9.76
-39.04,-19.52,19.52,29.28,-29.28,0,-14.64,-43.92,-68.32,-78.08,-68.32,-9.76
-48.8,-24.4,24.4,39.04,-39.04,0,-14.64,-39.04,-58.56,-73.2,-58.56,4.88
-43.92,-24.4,19.52,34.16,-34.16,-4.88,0,-29.28,-53.68,-53.68,-63.44,-53.68
-24.4,-19.52,4.88,24.4,-14.64,-9.76,-4.88,-29.28,-53.68,-53.68,-43.92,-63.44
-29.28,-39.04,-9.76,34.16,-9.76,-24.4,-4.88,-24.4,-48.8,-43.92,-43.92,-39.04
-24.4,-34.16,-9.76,29.28,-9.76,-24.4,-4.88,-24.4,-43.92,-48.8,-53.68,9.76
-34.16,-39.04,-4.88,39.04,-14.64,-24.4,-4.88,-24.4,-43.92,-53.68,-34.16,14.64
-34.16,-29.28,4.88,34.16,-19.52,-14.64,-14.64,-34.16,-43.92,-58.56,-39.04,19.52
-29.28,-14.64,14.64,24.4,-24.4,0,-9.76,-39.04,-48.8,-63.44,-43.92,34.16
-34.16,-19.52,14.64,29.28,-24.4,-4.88,-14.64,-48.8,-48.8,-68.32,-58.56,-19.52
-19.52,-19.52,0,19.52,-9.76,-9.76,-19.52,-43.92,-53.68,-73.2,-34.16,-34.16
-24.4,-24.4,0,24.4,-14.64,-14.64,-14.64,-43.92,-53.68,-78.08,-43.92,-34.16
-43.92,-39.04,4.88,43.92,-24.4,-19.52,-9.76,-39.04,-48.8,-73.2,-34.16,-34.16
-34.16,-29.28,4.88,34.16,-19.52,-14.64,0,-29.28,-39.04,-68.32,-24.4,-19.52
-34.16,-48.8,-14.64,43.92,-9.76,-34.16,-14.64,-39.04,-43.92,-78.08,-48.8,-29.28
-34.16,-43.92,-9.76,39.04,-14.64,-29.28,-14.64,-39.04,-39.04,-73.2,-58.56,-34.16
-24.4,-19.52,4.88,24.4,-14.64,-9.76,-4.88,-29.28,-29.28,-53.68,-29.28,-29.28
-48.8,-14.64,34.16,34.16,-43.92,9.76,-4.88,-39.04,-29.28,-63.44,-29.28,4.88
-63.44,-34.16,29.28,48.8,-48.8,-4.88,-9.76,-48.8,-39.04,-68.32,-63.44,-48.8
-68.32,-43.92,24.4,58.56,-48.8,-9.76,-19.52,-58.56,-43.92,-78.08,-34.16,-53.68
-39.04,-24.4,14.64,34.16,-29.28,-4.88,-9.76,-53.68,-48.8,-73.2,-39.04,-19.52
-19.52,-14.64,4.88,19.52,-14.64,-4.88,0,-43.92,-39.04,-73.2,-43.92,-34.16
-24.4,-29.28,-4.88,29.28,-9.76,-19.52,-4.88,-48.8,-48.8,-78.08,-39.04,-53.68
-19.52,-34.16,-14.64,29.28,-4.88,-24.4,-9.76,-48.8,-48.8,-73.2,-48.8,-14.64
-14.64,-24.4,-9.76,19.52,-4.88,-19.52,-4.88,-39.04,-39.04,-53.68,-29.28,39.04
-34.16,-43.92,-9.76,39.04,-14.64,-29.28,-14.64,-48.8,-39.04,-68.32,-29.28,-34.16
-29.28,-48.8,-19.52,39.04,-4.88,-34.16,-9.76,-53.68,-43.92,-78.08,-43.92,-63.44
-9.76,-24.4,-14.64,19.52,0,-19.52,-19.52,-58.56,-48.8,-82.96,-9.76,-39.04
-4.88,-14.64,-9.76,9.76,0,-14.64,-14.64,-63.44,-48.8,-78.08,-43.92,9.76
-14.64,-14.64,0,14.64,-9.76,-9.76,-14.64,-63.44,-53.68,-78.08,-43.92,-19.52
-48.8,-24.4,24.4,39.04,-39.04,0,-9.76,-58.56,-53.68,-78.08,-48.8,-53.68
-43.92,-34.16,9.76,39.04,-29.28,-14.64,-19.52,-58.56,-58.56,-87.84,-78.08,-29.28
-24.4,-43.92,-19.52,34.16,-4.88,-34.16,-19.52,-73.2,-68.32,-92.72,-82.96,-63.44
-48.8,-63.44,-14.64,58.56,-19.52,-39.04,-9.76,-63.44,-53.68,-82.96,-58.56,-48.8
-48.8,-68.32,-19.52,58.56,-14.64,-43.92,-9.76,-58.56,-53.68,-78.08,-78.08,-39.04
-34.16,-53.68,-19.52,43.92,-9.76,-39.04,-4.88,-58.56,-43.92,-73.2,-53.68,-53.68
-39.04,-48.8,-9.76,43.92,-14.64,-29.28,-9.76,-63.44,-43.92,-68.32,-58.56,-14.64
-39.04,-34.16,4.88,39.04,-24.4,-14.64,-14.64,-73.2,-43.92,-73.2,-68.32,-43.92
-34.16,-29.28,4.88,34.16,-19.52,-14.64,-19.52,-78.08,-53.68,-82.96,-58.56,-14.64
-34.16,-34.16,0,34.16,-19.52,-19.52,-19.52,-87.84,-63.44,-92.72,-78.08,-9.76
-39.04,-43.92,-4.88,43.92,-19.52,-24.4,-19.52,-87.84,-68.32,-97.6,-92.72,-43.92
-39.04,-58.56,-19.52,48.8,-9.76,-39.04,-19.52,-87.84,-68.32,-102.48,-97.6,-43.92
-29.28,-58.56,-29.28,43.92,0,-43.92,-14.64,-78.08,-63.44,-92.72,-78.08,-43.92
-39.04,-73.2,-34.16,58.56,-4.88,-53.68,-9.76,-73.2,-58.56,-82.96,-78.08,-63.44
-53.68,-82.96,-29.28,68.32,-14.64,-58.56,-19.52,-73.2,-63.44,-92.72,-78.08,-39.04
-43.92,-78.08,-34.16,63.44,-4.88,-58.56,-14.64,-78.08,-63.44,-92.72,-78.08,-58.56
-39.04,-68.32,-29.28,53.68,-4.88,-48.8,-19.52,-82.96,-68.32,-87.84,-73.2,-58.56
-39.04,-48.8,-9.76,43.92,-14.64,-29.28,-19.52,-87.84,-63.44,-92.72,-78.08,-9.76
-19.52,-43.92,-24.4,34.16,0,-34.16,-24.4,-92.72,-78.08,-97.6,-92.72,-24.4
-24.4,-43.92,-19.52,34.16,-4.88,-34.16,-29.28,-102.48,-78.08,-102.48,-58.56,-58.56
-29.28,-48.8,-19.52,39.04,-4.88,-34.16,-24.4,-97.6,-82.96,-107.36,-68.32,-78.08
-34.16,-43.92,-9.76,39.04,-14.64,-29.28,-19.52,-92.72,-78.08,-107.36,-82.96,-58.56
-39.04,-53.68,-14.64,48.8,-14.64,-34.16,-14.64,-87.84,-78.08,-82.96,-78.08,-19.52
-24.4,-58.56,-34.16,43.92,4.88,-48.8,-19.52,-87.84,-73.2,-92.72,-43.92,-58.56
-34.16,-68.32,-34.16,53.68,0,-53.68,-14.64,-82.96,-73.2,-97.6,-48.8,-73.2
-53.68,-82.96,-29.28,68.32,-14.64,-58.56,-19.52,-82.96,-73.2,-82.96,-73.2,-82.96
-53.68,-78.08,-24.4,68.32,-14.64,-53.68,-9.76,-78.08,-68.32,-73.2,-68.32,-87.84
-53.68,-68.32,-14.64,63.44,-19.52,-43.92,-9.76,-82.96,-63.44,-87.84,-78.08,-58.56
-43.92,-53.68,-9.76,48.8,-19.52,-34.16,-19.52,-87.84,-73.2,-92.72,-87.84,4.88
-39.04,-53.68,-14.64,48.8,-14.64,-34.16,-24.4,-102.48,-78.08,-97.6,-78.08,-9.76
-34.16,-53.68,-19.52,43.92,-9.76,-39.04,-29.28,-102.48,-87.84,-92.72,-73.2,-53.68
-29.28,-53.68,-24.4,43.92,-4.88,-39.04,-29.28,-92.72,-82.96,-82.96,-87.84,-19.52
-34.16,-68.32,-34.16,53.68,0,-53.68,-19.52,-92.72,-82.96,-92.72,-82.96,-48.8
-29.28,-78.08,-48.8,53.68,9.76,-63.44,-14.64,-87.84,-73.2,-87.84,-63.44,-34.16
-24.4,-82.96,-58.56,53.68,14.64,-73.2,-19.52,-82.96,-73.2,-82.96,-68.32,-53.68
-29.28,-78.08,-48.8,53.68,9.76,-63.44,-19.52,-87.84,-68.32,-78.08,-63.44,-58.56
-29.28,-73.2,-43.92,53.68,4.88,-58.56,-14.64,-92.72,-73.2,-92.72,-34.16,-53.68
-19.52,-63.44,-43.92,43.92,9.76,-53.68,-24.4,-97.6,-78.08,-97.6,-73.2,-29.28
-19.52,-58.56,-39.04,39.04,9.76,-48.8,-24.4,-107.36,-87.84,-102.48,-97.6,-53.68
-34.16,-68.32,-34.16,53.68,0,-53.68,-29.28,-117.12,-87.84,-107.36,-97.6,-82.96
-58.56,-68.32,-9.76,63.44,-24.4,-39.04,-24.4,-112.24,-87.84,-97.6,-107.36,-82.96
-58.56,-73.2,-14.64,68.32,-24.4,-43.92,-19.52,-102.48,-78.08,-97.6,-97.6,-78.08
-63.44,-92.72,-29.28,78.08,-19.52,-63.44,-24.4,-102.48,-82.96,-97.6,-92.72,-73.2
-58.56,-107.36,-48.8,82.96,-4.88,-78.08,-29.28,-107.36,-82.96,-97.6,-87.84,-73.2
-19.52,-73.2,-53.68,48.8,14.64,-63.44,-19.52,-92.72,-68.32,-87.84,-82.96,-102.48
-24.4,-68.32,-43.92,48.8,9.76,-58.56,-14.64,-87.84,-58.56,-82.96,-58.56,-82.96
-43.92,-73.2,-29.28,58.56,-9.76,-53.68,-9.76,-92.72,-58.56,-78.08,-39.04,-68.32
-43.92,-63.44,-19.52,53.68,-14.64,-43.92,-29.28,-112.24,-68.32,-92.72,-58.56,-68.32
-53.68,-68.32,-14.64,63.44,-19.52,-43.92,-29.28,-102.48,-73.2,-87.84,-73.2,-82.96
-48.8,-68.32,-19.52,58.56,-14.64,-43.92,-24.4,-107.36,-73.2,-92.72,-92.72,-87.84
-39.04,-58.56,-19.52,48.8,-9.76,-39.04,-19.52,-102.48,-73.2,-87.84,-73.2,-78.08
-39.04,-68.32,-29.28,53.68,-4.88,-48.8,-19.52,-102.48,-78.08,-92.72,-53.68,-68.32
-24.4,-82.96,-58.56,53.68,14.64,-73.2,-19.52,-97.6,-82.96,-82.96,-73.2,-78.08
-29.28,-78.08,-48.8,53.68,9.76,-63.44,-19.52,-102.48,-78.08,-78.08,-73.2,-68.32
-39.04,-78.08,-39.04,58.56,0,-58.56,-19.52,-87.84,-73.2,-82.96,-78.08,-58.56
-29.28,-68.32,-39.04,48.8,4.88,-53.68,-14.64,-87.84,-73.2,-78.08,-43.92,-78.08
-24.4,-68.32,-43.92,48.8,9.76,-58.56,-24.4,-102.48,-82.96,-78.08,-24.4,-58.56
-29.28,-68.32,-39.04,48.8,4.88,-53.68,-29.28,-107.36,-82.96,-87.84,-58.56,-87.84
-48.8,-68.32,-19.52,58.56,-14.64,-43.92,-29.28,-107.36,-92.72,-82.96,-97.6,-63.44
-73.2,-68.32,4.88,73.2,-39.04,-34.16,-19.52,-102.48,-82.96,-78.08,-97.6,-87.84
-34.16,-63.44,-29.28,48.8,-4.88,-48.8,-29.28,-112.24,-92.72,-87.84,-107.36,-58.56
-29.28,-68.32,-39.04,48.8,4.88,-53.68,-24.4,-107.36,-92.72,-87.84,-97.6,-63.44
-24.4,-82.96,-58.56,53.68,14.64,-73.2,-29.28,-112.24,-97.6,-87.84,-78.08,-63.44
-24.4,-87.84,-63.44,58.56,19.52,-78.08,-24.4,-107.36,-87.84,-82.96,-87.84,-63.44
-24.4,-92.72,-68.32,58.56,19.52,-82.96,-39.04,-102.48,-92.72,-92.72,-87.84,-78.08
-19.52,-92.72,-73.2,58.56,24.4,-82.96,-29.28,-97.6,-87.84,-82.96,-58.56,-68.32
-34.16,-82.96,-48.8,58.56,4.88,-68.32,-19.52,-92.72,-73.2,-68.32,-68.32,0
-43.92,-82.96,-39.04,63.44,-4.88,-63.44,-29.28,-97.6,-78.08,-73.2,-82.96,-29.28
-24.4,-73.2,-48.8,48.8,9.76,-63.44,-29.28,-102.48,-92.72,-82.96,-92.72,-73.2
-24.4,-73.2,-48.8,48.8,9.76,-63.44,-39.04,-117.12,-102.48,-82.96,-97.6,-24.4
-34.16,-78.08,-43.92,58.56,4.88,-63.44,-43.92,-117.12,-102.48,-78.08,-82.96,-73.2
-39.04,-78.08,-39.04,58.56,0,-58.56,-34.16,-107.36,-97.6,-87.84,-87.84,-87.84
-43.92,-92.72,-48.8,68.32,0,-73.2,-29.28,-107.36,-97.6,-82.96,-68.32,-29.28
-48.8,-92.72,-43.92,73.2,-4.88,-68.32,-19.52,-97.6,-87.84,-63.44,-53.68,-48.8
-39.04,-87.84,-48.8,63.44,4.88,-68.32,-19.52,-92.72,-87.84,-73.2,-58.56,-63.44
-43.92,-97.6,-53.68,73.2,4.88,-78.08,-19.52,-92.72,-87.84,-73.2,-82.96,4.88
-39.04,-92.72,-53.68,68.32,4.88,-73.2,-24.4,-97.6,-87.84,-73.2,-68.32,-34.16
-29.28,-82.96,-53.68,58.56,9.76,-68.32,-34.16,-112.24,-97.6,-87.84,-73.2,-68.32
-43.92,-82.96,-39.04,63.44,-4.88,-63.44,-34.16,-112.24,-97.6,-87.84,-58.56,-63.44
-39.04,-78.08,-39.04,58.56,0,-58.56,-34.16,-112.24,-97.6,-87.84,-58.56,-102.48
-53.68,-87.84,-34.16,73.2,-9.76,-63.44,-43.92,-117.12,-97.6,-92.72,-58.56,-58.56
-34.16,-92.72,-58.56,63.44,9.76,-78.08,-39.04,-112.24,-97.6,-97.6,-87.84,-63.44
-19.52,-97.6,-78.08,58.56,29.28,-87.84,-39.04,-112.24,-92.72,-92.72,-102.48,-48.8
-39.04,-107.36,-68.32,73.2,14.64,-87.84,-39.04,-112.24,-92.72,-87.84,-92.72,-53.68
-63.44,-112.24,-48.8,87.84,-9.76,-82.96,-29.28,-97.6,-78.08,-63.44,-87.84,-53.68
-58.56,-107.36,-48.8,82.96,-4.88,-78.08,-29.28,-92.72,-82.96,-73.2,-39.04,-112.24
-43.92,-102.48,-58.56,73.2,4.88,-82.96,-34.16,-107.36,-87.84,-73.2,-53.68,-73.2
-29.28,-82.96,-53.68,58.56,9.76,-68.32,-43.92,-122,-92.72,-82.96,-73.2,-29.28
-29.28,-78.08,-48.8,53.68,9.76,-63.44,-43.92,-117.12,-92.72,-82.96,-63.44,-87.84
-34.16,-68.32,-34.16,53.68,0,-53.68,-34.16,-107.36,-87.84,-78.08,-63.44,-97.6
-29.28,-68.32,-39.04,48.8,4.88,-53.68,-39.04,-117.12,-87.84,-78.08,-97.6,-92.72
-43.92,-92.72,-48.8,68.32,0,-73.2,-43.92,-122,-102.48,-92.72,-78.08,-87.84
-48.8,-117.12,-68.32,82.96,9.76,-92.72,-39.04,-107.36,-92.72,-87.84,-24.4,-63.44
-43.92,-122,-78.08,82.96,14.64,-102.48,-39.04,-107.36,-92.72,-87.84,-43.92,-19.52
-24.4,-102.48,-78.08,63.44,24.4,-92.72,-29.28,-92.72,-87.84,-78.08,-97.6,-78.08
-29.28,-87.84,-58.56,58.56,14.64,-73.2,-24.4,-97.6,-82.96,-78.08,-58.56,-87.84
-48.8,-102.48,-53.68,78.08,0,-78.08,-29.28,-97.6,-78.08,-73.2,-53.68,-63.44
-29.28,-78.08,-48.8,53.68,9.76,-63.44,-34.16,-107.36,-82.96,-78.08,-82.96,-73.2
-29.28,-78.08,-48.8,53.68,9.76,-63.44,-34.16,-112.24,-87.84,-78.08,-92.72,-82.96
-39.04,-78.08,-39.04,58.56,0,-58.56,-34.16,-112.24,-87.84,-82.96,-87.84,-112.24
-39.04,-78.08,-39.04,58.56,0,-58.56,-34.16,-112.24,-82.96,-78.08,-78.08,-87.84
-24.4,-73.2,-48.8,48.8,9.76,-63.44,-39.04,-112.24,-97.6,-87.84,-78.08,-82.96
-24.4,-87.84,-63.44,58.56,19.52,-78.08,-34.16,-102.48,-87.84,-82.96,-78.08,-73.2
-29.28,-82.96,-53.68,58.56,9.76,-68.32,-29.28,-97.6,-87.84,-78.08,-63.44,-58.56
-39.04,-97.6,-58.56,68.32,9.76,-78.08,-29.28,-107.36,-87.84,-78.08,-82.96,-63.44
-24.4,-92.72,-68.32,58.56,19.52,-82.96,-29.28,-102.48,-92.72,-78.08,-92.72,-82.96
-19.52,-82.96,-63.44,53.68,19.52,-73.2,-34.16,-107.36,-87.84,-73.2,-53.68,-92.72
-48.8,-92.72,-43.92,73.2,-4.88,-68.32,-39.04,-117.12,-97.6,-78.08,-68.32,-58.56
-24.4,-73.2,-48.8,48.8,9.76,-63.44,-34.16,-112.24,-92.72,-73.2,-24.4,-48.8
-19.52,-73.2,-53.68,48.8,14.64,-63.44,-34.16,-117.12,-97.6,-78.08,-53.68,-78.08
-39.04,-78.08,-39.04,58.56,0,-58.56,-39.04,-122,-97.6,-82.96,-68.32,-53.68
-24.4,-53.68,-29.28,39.04,0,-43.92,-34.16,-112.24,-97.6,-82.96,-78.08,-73.2
-34.16,-53.68,-19.52,43.92,-9.76,-39.04,-34.16,-122,-107.36,-92.72,-68.32,-29.28
-39.04,-63.44,-24.4,53.68,-9.76,-43.92,-34.16,-117.12,-107.36,-92.72,-73.2,-92.72
-39.04,-73.2,-34.16,58.56,-4.88,-53.68,-24.4,-112.24,-102.48,-82.96,-73.2,-122
-34.16,-87.84,-53.68,63.44,9.76,-73.2,-19.52,-102.48,-97.6,-73.2,-68.32,-107.36
-29.28,-102.48,-73.2,68.32,19.52,-87.84,-14.64,-97.6,-82.96,-63.44,-24.4,-78.08
-29.28,-107.36,-78.08,68.32,24.4,-92.72,-24.4,-102.48,-92.72,-73.2,-48.8,-63.44
-34.16,-107.36,-73.2,73.2,19.52,-92.72,-24.4,-112.24,-102.48,-73.2,-63.44,-14.64
-19.52,-78.08,-58.56,48.8,19.52,-68.32,-19.52,-102.48,-97.6,-68.32,-43.92,-29.28
-48.8,-87.84,-39.04,68.32,-4.88,-63.44,-39.04,-126.88,-112.24,-87.84,-58.56,-97.6
-48.8,-68.32,-19.52,58.56,-14.64,-43.92,-39.04,-126.88,-117.12,-87.84,-92.72,-112.24
-63.44,-63.44,0,63.44,-34.16,-34.16,-34.16,-122,-112.24,-87.84,-92.72,-92.72
-53.68,-58.56,-4.88,58.56,-24.4,-34.16,-39.04,-126.88,-122,-92.72,-92.72,-107.36
-34.16,-53.68,-19.52,43.92,-9.76,-39.04,-29.28,-112.24,-112.24,-87.84,-48.8,-92.72
-19.52,-73.2,-53.68,48.8,14.64,-63.44,-24.4,-102.48,-102.48,-78.08,-58.56,-82.96
-24.4,-112.24,-87.84,68.32,29.28,-102.48,-19.52,-97.6,-92.72,-73.2,-73.2,-48.8
-39.04,-136.64,-97.6,87.84,29.28,-117.12,-4.88,-87.84,-87.84,-63.44,-43.92,-53.68
-24.4,-141.52,-117.12,82.96,43.92,-131.76,-19.52,-107.36,-107.36,-73.2,-29.28,-29.28
-19.52,-112.24,-92.72,68.32,34.16,-102.48,-24.4,-112.24,-112.24,-78.08,-58.56,-43.92
-24.4,-78.08,-53.68,53.68,14.64,-68.32,-29.28,-117.12,-122,-97.6,-82.96,-87.84
-53.68,-48.8,4.88,53.68,-29.28,-24.4,-34.16,-131.76,-126.88,-102.48,-87.84,-107.36
-58.56,-19.52,39.04,39.04,-48.8,9.76,-34.16,-126.88,-122,-107.36,-92.72,-78.08
-68.32,-24.4,43.92,48.8,-58.56,9.76,-34.16,-126.88,-126.88,-107.36,-78.08,-68.32
-48.8,-43.92,4.88,48.8,-29.28,-19.52,-29.28,-122,-122,-107.36,-87.84,-58.56
-29.28,-58.56,-29.28,43.92,0,-43.92,-9.76,-102.48,-102.48,-87.84,-53.68,-43.92
-39.04,-97.6,-58.56,68.32,9.76,-78.08,-9.76,-97.6,-102.48,-82.96,-43.92,-48.8
-24.4,-97.6,-73.2,63.44,24.4,-87.84,-9.76,-102.48,-107.36,-78.08,-53.68,-63.44
-19.52,-92.72,-73.2,58.56,24.4,-82.96,-24.4,-112.24,-122,-87.84,-43.92,-63.44
-39.04,-87.84,-48.8,63.44,4.88,-68.32,-24.4,-117.12,-126.88,-97.6,-78.08,-82.96
-68.32,-53.68,14.64,63.44,-43.92,-19.52,-14.64,-107.36,-117.12,-87.84,-68.32,-107.36
-63.44,-43.92,19.52,53.68,-43.92,-14.64,-19.52,-117.12,-126.88,-97.6,-39.04,-92.72
-53.68,-43.92,9.76,48.8,-34.16,-19.52,-24.4,-122,-131.76,-107.36,-63.44,-87.84
-48.8,-58.56,-9.76,53.68,-19.52,-34.16,-19.52,-117.12,-126.88,-107.36,-48.8,-82.96
-53.68,-68.32,-14.64,63.44,-19.52,-43.92,-14.64,-117.12,-126.88,-92.72,-48.8,-68.32
-39.04,-63.44,-24.4,53.68,-9.76,-43.92,0,-102.48,-112.24,-73.2,-53.68,-34.16
-48.8,-78.08,-29.28,63.44,-9.76,-53.68,9.76,-92.72,-97.6,-78.08,-34.16,9.76
-53.68,-87.84,-34.16,73.2,-9.76,-63.44,24.4,-82.96,-87.84,-63.44,-4.88,-9.76
-48.8,-68.32,-19.52,58.56,-14.64,-43.92,19.52,-82.96,-87.84,-48.8,-29.28,-14.64
-48.8,-48.8,0,48.8,-24.4,-24.4,9.76,-87.84,-102.48,-68.32,-29.28,-68.32
-39.04,-14.64,24.4,29.28,-34.16,4.88,9.76,-87.84,-107.36,-78.08,-24.4,-73.2
-34.16,4.88,39.04,14.64,-39.04,19.52,4.88,-92.72,-112.24,-82.96,-19.52,-53.68
-43.92,0,43.92,24.4,-43.92,19.52,0,-97.6,-117.12,-92.72,-39.04,-58.56
-14.64,19.52,34.16,0,-24.4,24.4,14.64,-78.08,-102.48,-73.2,-19.52,-68.32
-9.76,19.52,29.28,-4.88,-19.52,24.4,34.16,-58.56,-92.72,-53.68,19.52,-24.4
-14.64,4.88,19.52,4.88,-19.52,9.76,34.16,-58.56,-87.84,-53.68,19.52,-24.4
-14.64,0,14.64,9.76,-14.64,4.88,48.8,-43.92,-73.2,-34.16,0,-39.04
-19.52,-4.88,14.64,14.64,-19.52,4.88,43.92,-63.44,-87.84,-48.8,14.64,-34.16
-9.76,4.88,14.64,4.88,-14.64,9.76,48.8,-58.56,-82.96,-48.8,9.76,-14.64
-9.76,29.28,39.04,-9.76,-24.4,34.16,48.8,-58.56,-87.84,-53.68,0,9.76
-14.64,39.04,53.68,-9.76,-34.16,43.92,39.04,-58.56,-97.6,-58.56,4.88,29.28
0,53.68,53.68,-24.4,-29.28,53.68,34.16,-63.44,-107.36,-63.44,-9.76,0
9.76,48.8,39.04,-29.28,-14.64,43.92,29.28,-63.44,-107.36,-68.32,9.76,-34.16
-4.88,29.28,34.16,-9.76,-19.52,29.28,34.16,-53.68,-102.48,-58.56,14.64,-34.16
-19.52,9.76,29.28,4.88,-24.4,19.52,34.16,-48.8,-92.72,-53.68,9.76,-34.16
-14.64,-9.76,4.88,14.64,-9.76,-4.88,39.04,-43.92,-87.84,-29.28,0,-24.4
9.76,-4.88,-14.64,0,9.76,-9.76,29.28,-39.04,-78.08,-29.28,14.64,34.16
14.64,4.88,-9.76,-9.76,9.76,-4.88,9.76,-48.8,-82.96,-34.16,34.16,-4.88
14.64,9.76,-4.88,-9.76,9.76,0,-4.88,-48.8,-82.96,-29.28,24.4,0
29.28,34.16,4.88,-29.28,9.76,19.52,-19.52,-63.44,-87.84,-39.04,4.88,29.28
29.28,53.68,24.4,-39.04,0,39.04,-29.28,-78.08,-97.6,-48.8,0,-9.76
24.4,48.8,24.4,-34.16,0,34.16,-34.16,-73.2,-92.72,-48.8,24.4,-24.4
19.52,48.8,29.28,-34.16,-4.88,39.04,-29.28,-68.32,-97.6,-43.92,9.76,-19.52
9.76,34.16,24.4,-19.52,-9.76,29.28,-29.28,-68.32,-92.72,-43.92,9.76,-24.4
29.28,24.4,-4.88,-24.4,14.64,9.76,-34.16,-73.2,-97.6,-43.92,4.88,-4.88
48.8,9.76,-39.04,-29.28,43.92,-14.64,-34.16,-78.08,-97.6,-48.8,29.28,-39.04
34.16,-9.76,-43.92,-9.76,39.04,-29.28,-43.92,-92.72,-107.36,-58.56,14.64,-39.04
0,-9.76,-9.76,4.88,4.88,-9.76,-39.04,-92.72,-107.36,-58.56,24.4,-29.28
-9.76,0,9.76,4.88,-9.76,4.88,-34.16,-87.84,-97.6,-53.68,24.4,-4.88
19.52,9.76,-9.76,-14.64,14.64,0,-39.04,-87.84,-102.48,-63.44,24.4,-24.4
34.16,14.64,-19.52,-24.4,24.4,-4.88,-43.92,-97.6,-117.12,-58.56,-9.76,-48.8
9.76,0,-9.76,-4.88,9.76,-4.88,-39.04,-102.48,-122,-73.2,-9.76,-14.64
14.64,0,-14.64,-4.88,14.64,-9.76,-34.16,-97.6,-117.12,-78.08,-9.76,-24.4
-14.64,-9.76,4.88,14.64,-9.76,-4.88,-24.4,-92.72,-107.36,-68.32,0,-39.04
-24.4,-24.4,0,24.4,-14.64,-14.64,-24.4,-92.72,-112.24,-68.32,19.52,-29.28
-19.52,-39.04,-19.52,29.28,0,-29.28,-24.4,-97.6,-112.24,-63.44,53.68,-34.16
-24.4,-48.8,-24.4,39.04,0,-39.04,-34.16,-112.24,-122,-73.2,0,-63.44
-24.4,-58.56,-34.16,43.92,4.88,-48.8,-43.92,-122,-136.64,-97.6,-39.04,-53.68
-24.4,-53.68,-29.28,39.04,0,-43.92,-39.04,-126.88,-141.52,-102.48,-24.4,-53.68
-39.04,-48.8,-9.76,43.92,-14.64,-29.28,-34.16,-136.64,-146.4,-112.24,-39.04,-63.44
-34.16,-39.04,-4.88,39.04,-14.64,-24.4,-34.16,-141.52,-156.16,-117.12,-68.32,-58.56
-53.68,-43.92,9.76,48.8,-34.16,-19.52,-29.28,-141.52,-156.16,-117.12,-58.56,-53.68
-48.8,-53.68,-4.88,53.68,-24.4,-29.28,-24.4,-136.64,-146.4,-117.12,-39.04,-34.16
-34.16,-58.56,-24.4,48.8,-4.88,-43.92,-24.4,-131.76,-141.52,-117.12,-58.56,-73.2
-58.56,-73.2,-14.64,68.32,-24.4,-43.92,-24.4,-131.76,-136.64,-112.24,-73.2,-92.72
-78.08,-82.96,-4.88,82.96,-39.04,-43.92,-19.52,-126.88,-136.64,-112.24,-58.56,-68.32
-73.2,-82.96,-9.76,78.08,-34.16,-48.8,-24.4,-131.76,-136.64,-117.12,-58.56,19.52
-58.56,-82.96,-24.4,73.2,-19.52,-53.68,-34.16,-141.52,-151.28,-122,-78.08,-39.04
-63.44,-73.2,-9.76,68.32,-29.28,-43.92,-19.52,-141.52,-151.28,-112.24,-63.44,-97.6
-58.56,-63.44,-4.88,63.44,-29.28,-34.16,-24.4,-141.52,-151.28,-131.76,-78.08,-73.2
-63.44,-63.44,0,63.44,-34.16,-34.16,-34.16,-146.4,-156.16,-136.64,-39.04,-78.08
-43.92,-53.68,-9.76,48.8,-19.52,-34.16,-29.28,-146.4,-156.16,-136.64,-14.64,-107.36
-53.68,-68.32,-14.64,63.44,-19.52,-43.92,-24.4,-141.52,-161.04,-126.88,-78.08,-92.72
-58.56,-78.08,-19.52,68.32,-19.52,-48.8,-24.4,-141.52,-156.16,-112.24,-82.96,-48.8
-58.56,-82.96,-24.4,73.2,-19.52,-53.68,-19.52,-141.52,-156.16,-122,-78.08,-53.68
-43.92,-87.84,-43.92,68.32,0,-68.32,-29.28,-146.4,-161.04,-141.52,-39.04,-68.32
-34.16,-82.96,-48.8,58.56,4.88,-68.32,-24.4,-141.52,-156.16,-136.64,-34.16,-53.68
-63.44,-87.84,-24.4,78.08,-19.52,-58.56,-19.52,-141.52,-156.16,-126.88,-39.04,-63.44
-82.96,-78.08,4.88,82.96,-43.92,-39.04,-4.88,-126.88,-151.28,-117.12,-39.04,-39.04
-73.2,-73.2,0,73.2,-39.04,-39.04,-14.64,-141.52,-161.04,-126.88,-73.2,-34.16
-73.2,-78.08,-4.88,78.08,-34.16,-43.92,-29.28,-151.28,-170.8,-136.64,-92.72,-73.2
-78.08,-82.96,-4.88,82.96,-39.04,-43.92,-34.16,-161.04,-180.56,-146.4,-78.08,-73.2
-82.96,-92.72,-9.76,87.84,-39.04,-53.68,-34.16,-156.16,-175.68,-141.52,-43.92,-102.48
-68.32,-73.2,-4.88,73.2,-34.16,-39.04,-9.76,-136.64,-161.04,-122,-63.44,-107.36
-39.04,-63.44,-24.4,53.68,-9.76,-43.92,-9.76,-131.76,-156.16,-126.88,-53.68,-87.84
-43.92,-68.32,-24.4,58.56,-9.76,-48.8,-4.88,-131.76,-156.16,-122,-58.56,-78.08
-43.92,-73.2,-29.28,58.56,-9.76,-53.68,-9.76,-136.64,-156.16,-122,-53.68,-78.08
-53.68,-78.08,-24.4,68.32,-14.64,-53.68,-14.64,-136.64,-161.04,-112.24,-48.8,-34.16
-73.2,-92.72,-19.52,82.96,-29.28,-58.56,-19.52,-146.4,-170.8,-131.76,-73.2,-48.8
-73.2,-78.08,-4.88,78.08,-34.16,-43.92,-19.52,-151.28,-175.68,-136.64,-92.72,-53.68
-58.56,-68.32,-9.76,63.44,-24.4,-39.04,-24.4,-156.16,-185.44,-151.28,-107.36,-19.52
-87.84,-73.2,14.64,82.96,-53.68,-29.28,-9.76,-141.52,-180.56,-156.16,-122,-68.32
-112.24,-68.32,43.92,92.72,-78.08,-14.64,29.28,-117.12,-165.92,-141.52,-126.88,-117.12
-117.12,-63.44,53.68,92.72,-87.84,-4.88,39.04,-97.6,-156.16,-136.64,-92.72,-102.48
-107.36,-63.44,43.92,87.84,-78.08,-9.76,63.44,-63.44,-131.76,-122,-97.6,-68.32
-97.6,-58.56,39.04,78.08,-68.32,-9.76,87.84,-4.88,-78.08,-73.2,-87.84,-43.92
-92.72,-48.8,43.92,73.2,-68.32,-4.88,107.36,68.32,4.88,9.76,-9.76,-39.04
-78.08,-24.4,53.68,53.68,-68.32,14.64,131.76,165.92,112.24,107.36,63.44,19.52
-53.68,-4.88,48.8,29.28,-53.68,19.52,122,244,219.6,214.72,141.52,9.76
0,14.64,14.64,-4.88,-9.76,14.64,68.32,307.44,331.84,331.84,253.76,68.32
87.84,82.96,-4.88,-82.96,43.92,39.04,19.52,400.16,492.88,502.64,395.28,204.96
175.68,146.4,-29.28,-161.04,102.48,58.56,-19.52,546.56,732,732,570.96,317.2
258.64,190.32,-68.32,-224.48,161.04,58.56,-78.08,590.48,907.68,927.2,712.48,395.28
346.48,253.76,-92.72,-297.68,219.6,78.08,-161.04,522.16,1024.8,1088.24,893.04,531.92
419.68,317.2,-102.48,-366,258.64,107.36,-278.16,395.28,1122.4,1249.28,1049.2,624.64
497.76,400.16,-97.6,-448.96,297.68,151.28,-385.52,263.52,1220,1424.96,1244.4,732
585.6,453.84,-131.76,-517.28,356.24,161.04,-502.64,126.88,1263.92,1527.44,1371.28,863.76
639.28,527.04,-112.24,-580.72,375.76,204.96,-614.88,0,1263.92,1595.76,1449.36,922.32
678.32,585.6,-92.72,-629.52,385.52,244,-707.6,-68.32,1254.16,1605.52,1498.16,990.64
707.6,624.64,-82.96,-663.68,395.28,268.4,-800.32,-165.92,1132.16,1483.52,1439.6,985.76
717.36,590.48,-126.88,-653.92,419.68,229.36,-878.4,-297.68,897.92,1224.88,1278.56,902.8
658.8,502.64,-156.16,-580.72,405.04,170.8,-922.32,-448.96,634.4,917.44,1068.72,771.04
575.84,370.88,-204.96,-473.36,390.4,82.96,-927.2,-619.76,346.48,595.36,771.04,634.4
517.28,283.04,-234.24,-400.16,375.76,24.4,-888.16,-771.04,78.08,317.2,556.32,517.28
429.44,209.84,-219.6,-317.2,322.08,-4.88,-834.48,-917.44,-156.16,68.32,356.24,385.52
326.96,122,-204.96,-224.48,263.52,-43.92,-790.56,-1058.96,-400.16,-165.92,161.04,239.12
224.48,48.8,-175.68,-136.64,200.08,-63.44,-732,-1190.72,-663.68,-400.16,-39.04,131.76
112.24,-4.88,-117.12,-53.68,112.24,-63.44,-663.68,-1259.04,-858.88,-595.36,-190.32,4.88
34.16,-29.28,-63.44,0,48.8,-48.8,-575.84,-1171.2,-888.16,-658.8,-278.16,-87.84
0,-19.52,-19.52,9.76,9.76,-19.52,-497.76,-1029.68,-810.08,-614.88,-278.16,-53.68
-43.92,-24.4,19.52,34.16,-34.16,-4.88,-429.44,-858.88,-688.08,-522.16,-263.52,-34.16
-48.8,-14.64,34.16,34.16,-43.92,9.76,-361.12,-707.6,-556.32,-419.68,-224.48,-73.2
-48.8,-24.4,24.4,39.04,-39.04,0,-287.92,-566.08,-448.96,-341.6,-170.8,-63.44
-43.92,-43.92,0,43.92,-24.4,-24.4,-229.36,-448.96,-366,-263.52,-156.16,-78.08
-34.16,-53.68,-19.52,43.92,-9.76,-39.04,-165.92,-341.6,-287.92,-209.84,-112.24,-78.08
-34.16,-73.2,-39.04,53.68,0,-58.56,-107.36,-253.76,-234.24,-180.56,-78.08,-39.04
-39.04,-82.96,-43.92,63.44,0,-63.44,-73.2,-190.32,-200.08,-156.16,-102.48,-19.52
-14.64,-53.68,-39.04,34.16,9.76,-48.8,-48.8,-141.52,-170.8,-131.76,-97.6,-48.8
-9.76,-34.16,-24.4,24.4,4.88,-29.28,-24.4,-107.36,-146.4,-107.36,-58.56,-58.56
-39.04,-29.28,9.76,34.16,-24.4,-9.76,-14.64,-97.6,-141.52,-107.36,-53.68,-39.04
-34.16,-24.4,9.76,29.28,-24.4,-9.76,-9.76,-92.72,-141.52,-102.48,-78.08,-43.92
-39.04,-9.76,29.28,24.4,-34.16,9.76,-4.88,-87.84,-136.64,-97.6,-92.72,-29.28
-29.28,-14.64,14.64,24.4,-24.4,0,4.88,-82.96,-136.64,-97.6,-87.84,-24.4
-24.4,-19.52,4.88,24.4,-14.64,-9.76,14.64,-73.2,-131.76,-97.6,-82.96,-48.8
-29.28,-39.04,-9.76,34.16,-9.76,-24.4,19.52,-73.2,-136.64,-107.36,-78.08,-43.92
-39.04,-48.8,-9.76,43.92,-14.64,-29.28,24.4,-58.56,-136.64,-102.48,-63.44,-39.04
-48.8,-63.44,-14.64,58.56,-19.52,-39.04,29.28,-53.68,-136.64,-112.24,-58.56,-63.44
-63.44,-63.44,0,63.44,-34.16,-34.16,29.28,-43.92,-126.88,-107.36,-78.08,-58.56
-68.32,-58.56,9.76,63.44,-39.04,-24.4,39.04,-34.16,-122,-102.48,-92.72,-68.32
-53.68,-39.04,14.64,48.8,-34.16,-14.64,29.28,-34.16,-122,-97.6,-87.84,-78.08
-39.04,-19.52,19.52,29.28,-29.28,0,34.16,-34.16,-112.24,-97.6,-102.48,-87.84
-63.44,-39.04,24.4,53.68,-43.92,-9.76,29.28,-39.04,-117.12,-102.48,-82.96,-78.08
-53.68,-34.16,19.52,43.92,-39.04,-9.76,24.4,-34.16,-122,-97.6,-82.96,-82.96
-19.52,-29.28,-9.76,24.4,-4.88,-19.52,29.28,-34.16,-126.88,-87.84,-97.6,-112.24
-43.92,-48.8,-4.88,48.8,-19.52,-29.28,43.92,-24.4,-117.12,-92.72,-107.36,-87.84
-53.68,-48.8,4.88,53.68,-29.28,-24.4,53.68,-4.88,-112.24,-82.96,-87.84,-48.8
-48.8,-58.56,-9.76,53.68,-19.52,-34.16,53.68,0,-117.12,-87.84,-92.72,-63.44
-48.8,-63.44,-14.64,58.56,-19.52,-39.04,53.68,0,-122,-92.72,-102.48,-97.6
-43.92,-53.68,-9.76,48.8,-19.52,-34.16,48.8,0,-122,-92.72,-107.36,-126.88
-68.32,-43.92,24.4,58.56,-48.8,-9.76,43.92,-4.88,-126.88,-92.72,-107.36,-78.08
-92.72,-68.32,24.4,82.96,-58.56,-24.4,48.8,-9.76,-117.12,-92.72,-87.84,-78.08
-48.8,-48.8,0,48.8,-24.4,-24.4,48.8,-14.64,-122,-87.84,-97.6,-78.08
-14.64,-24.4,-9.76,19.52,-4.88,-19.52,53.68,0,-112.24,-78.08,-87.84,-58.56
-14.64,-29.28,-14.64,24.4,0,-24.4,48.8,0,-112.24,-82.96,-82.96,-43.92
-34.16,-63.44,-29.28,48.8,-4.88,-48.8,48.8,0,-112.24,-82.96,-73.2,-58.56
-48.8,-58.56,-9.76,53.68,-19.52,-34.16,68.32,19.52,-107.36,-68.32,-82.96,-73.2
-48.8,-58.56,-9.76,53.68,-19.52,-34.16,63.44,19.52,-117.12,-73.2,-87.84,-73.2
-53.68,-68.32,-14.64,63.44,-19.52,-43.92,58.56,14.64,-122,-82.96,-78.08,-63.44
-39.04,-48.8,-9.76,43.92,-14.64,-29.28,63.44,24.4,-112.24,-73.2,-92.72,-53.68
-48.8,-34.16,14.64,43.92,-34.16,-9.76,63.44,29.28,-112.24,-73.2,-78.08,-48.8
-48.8,-39.04,9.76,43.92,-29.28,-14.64,58.56,14.64,-112.24,-82.96,-107.36,-97.6
-34.16,-24.4,9.76,29.28,-24.4,-9.76,58.56,19.52,-112.24,-73.2,-82.96,-97.6
-34.16,-29.28,4.88,34.16,-19.52,-14.64,53.68,19.52,-117.12,-78.08,-97.6,-78.08
-29.28,-48.8,-19.52,39.04,-4.88,-34.16,48.8,9.76,-122,-82.96,-92.72,-92.72
-19.52,-53.68,-34.16,39.04,4.88,-43.92,58.56,19.52,-112.24,-78.08,-73.2,-102.48
-53.68,-63.44,-9.76,58.56,-24.4,-39.04,68.32,39.04,-102.48,-63.44,-82.96,-24.4
-58.56,-58.56,0,58.56,-29.28,-29.28,73.2,53.68,-97.6,-63.44,-87.84,-68.32
-29.28,-43.92,-14.64,39.04,-9.76,-29.28,78.08,53.68,-92.72,-63.44,-68.32,-48.8
-39.04,-48.8,-9.76,43.92,-14.64,-29.28,68.32,53.68,-92.72,-63.44,-63.44,-39.04
-43.92,-34.16,9.76,39.04,-29.28,-14.64,58.56,53.68,-97.6,-68.32,-82.96,-92.72
-39.04,-34.16,4.88,39.04,-24.4,-14.64,58.56,43.92,-92.72,-63.44,-97.6,-102.48
-34.16,-34.16,0,34.16,-19.52,-19.52,58.56,43.92,-92.72,-48.8,-102.48,-102.48
-34.16,-29.28,4.88,34.16,-19.52,-14.64,58.56,48.8,-87.84,-58.56,-87.84,-68.32
-53.68,-39.04,14.64,48.8,-34.16,-14.64,63.44,58.56,-82.96,-53.68,-82.96,-63.44
-39.04,-43.92,-4.88,43.92,-19.52,-24.4,73.2,63.44,-68.32,-43.92,-68.32,-58.56
-19.52,-48.8,-29.28,34.16,4.88,-39.04,68.32,73.2,-78.08,-43.92,-73.2,-29.28
-24.4,-53.68,-29.28,39.04,0,-43.92,68.32,78.08,-73.2,-48.8,-102.48,-43.92
-24.4,-39.04,-14.64,34.16,-4.88,-29.28,78.08,87.84,-63.44,-39.04,-73.2,-48.8
-34.16,-39.04,-4.88,39.04,-14.64,-24.4,78.08,92.72,-53.68,-34.16,-63.44,-14.64
-34.16,-29.28,4.88,34.16,-19.52,-14.64,53.68,82.96,-68.32,-43.92,-92.72,-24.4
-39.04,-19.52,19.52,29.28,-29.28,0,63.44,87.84,-48.8,-39.04,-92.72,4.88
-34.16,-24.4,9.76,29.28,-24.4,-9.76,63.44,82.96,-48.8,-34.16,-48.8,-14.64
-29.28,-24.4,4.88,29.28,-19.52,-9.76,58.56,92.72,-43.92,-29.28,-48.8,-39.04
-48.8,-29.28,19.52,39.04,-34.16,-4.88,63.44,97.6,-39.04,-29.28,-48.8,-39.04
-34.16,-48.8,-14.64,43.92,-9.76,-34.16,68.32,102.48,-34.16,-24.4,-78.08,-34.16
-34.16,-43.92,-9.76,39.04,-14.64,-29.28,73.2,112.24,-39.04,-24.4,-58.56,-24.4
-34.16,-43.92,-9.76,39.04,-14.64,-29.28,68.32,117.12,-43.92,-24.4,-58.56,-34.16
-14.64,-29.28,-14.64,24.4,0,-24.4,73.2,117.12,-43.92,-34.16,-58.56,-34.16
-14.64,-14.64,0,14.64,-9.76,-9.76,73.2,122,-39.04,-24.4,-34.16,-43.92
-24.4,-4.88,19.52,14.64,-24.4,4.88,73.2,126.88,-39.04,-19.52,-48.8,-43.92
-9.76,0,9.76,4.88,-9.76,4.88,68.32,122,-29.28,-14.64,-58.56,4.88
-4.88,-4.88,0,4.88,-4.88,-4.88,68.32,126.88,-29.28,-14.64,-63.44,-9.76
-14.64,-9.76,4.88,14.64,-9.76,-4.88,73.2,141.52,-19.52,-4.88,-78.08,-34.16
-9.76,-9.76,0,9.76,-4.88,-4.88,78.08,146.4,-19.52,-4.88,-58.56,-24.4
-4.88,-19.52,-14.64,14.64,4.88,-19.52,87.84,156.16,-9.76,4.88,-48.8,9.76
9.76,-9.76,-19.52,0,14.64,-14.64,87.84,165.92,-4.88,4.88,-24.4,-19.52
19.52,0,-19.52,-9.76,19.52,-9.76,87.84,180.56,-4.88,14.64,-29.28,-9.76
4.88,-9.76,-14.64,4.88,9.76,-14.64,82.96,170.8,-9.76,4.88,-58.56,24.4
4.88,-14.64,-19.52,4.88,9.76,-19.52,78.08,175.68,0,14.64,-53.68,24.4
29.28,9.76,-19.52,-19.52,24.4,-4.88,73.2,175.68,0,9.76,-43.92,29.28
43.92,29.28,-14.64,-34.16,29.28,4.88,63.44,170.8,0,9.76,-43.92,-4.88
34.16,34.16,0,-34.16,14.64,14.64,68.32,180.56,9.76,14.64,-34.16,0
14.64,29.28,14.64,-19.52,0,19.52,68.32,190.32,24.4,29.28,-43.92,4.88
14.64,29.28,14.64,-19.52,0,19.52,78.08,200.08,24.4,29.28,-24.4,-9.76
39.04,24.4,-14.64,-29.28,24.4,4.88,78.08,200.08,29.28,34.16,-14.64,-24.4
34.16,14.64,-19.52,-24.4,24.4,-4.88,82.96,224.48,39.04,43.92,-9.76,9.76
34.16,14.64,-19.52,-24.4,24.4,-4.88,87.84,239.12,39.04,48.8,-19.52,-24.4
39.04,29.28,-9.76,-34.16,24.4,9.76,92.72,239.12,43.92,53.68,-24.4,-39.04
48.8,39.04,-9.76,-43.92,29.28,14.64,92.72,253.76,58.56,58.56,-19.52,-24.4
53.68,53.68,0,-53.68,24.4,24.4,87.84,253.76,63.44,73.2,0,-9.76
53.68,58.56,4.88,-53.68,24.4,29.28,73.2,244,63.44,58.56,4.88,-29.28
58.56,73.2,14.64,-63.44,19.52,43.92,82.96,263.52,78.08,78.08,-14.64,-9.76
73.2,78.08,4.88,-73.2,34.16,39.04,87.84,273.28,87.84,92.72,0,4.88
78.08,63.44,-14.64,-68.32,43.92,24.4,82.96,273.28,87.84,78.08,24.4,-14.64
92.72,68.32,-24.4,-78.08,58.56,19.52,87.84,278.16,97.6,87.84,9.76,-4.88
92.72,63.44,-29.28,-78.08,58.56,14.64,82.96,302.56,102.48,97.6,9.76,14.64
63.44,48.8,-14.64,-53.68,39.04,14.64,82.96,312.32,102.48,97.6,0,53.68
39.04,53.68,14.64,-43.92,9.76,34.16,92.72,326.96,117.12,112.24,34.16,43.92
39.04,43.92,4.88,-39.04,14.64,24.4,82.96,322.08,122,107.36,34.16,-19.52
68.32,82.96,14.64,-73.2,24.4,48.8,87.84,341.6,146.4,122,24.4,0
87.84,117.12,29.28,-102.48,29.28,73.2,102.48,356.24,165.92,141.52,39.04,24.4
97.6,117.12,19.52,-107.36,39.04,68.32,97.6,366,170.8,151.28,43.92,24.4
102.48,107.36,4.88,-102.48,48.8,53.68,97.6,380.64,185.44,175.68,78.08,14.64
87.84,102.48,14.64,-92.72,34.16,58.56,102.48,390.4,190.32,175.68,78.08,39.04
78.08,97.6,19.52,-87.84,29.28,58.56,117.12,409.92,209.84,190.32,68.32,68.32
87.84,107.36,19.52,-97.6,34.16,63.44,117.12,424.56,219.6,195.2,97.6,82.96
107.36,112.24,4.88,-107.36,48.8,58.56,107.36,424.56,209.84,185.44,87.84,73.2
112.24,131.76,19.52,-122,43.92,73.2,112.24,434.32,219.6,195.2,97.6,43.92
122,146.4,24.4,-131.76,48.8,82.96,107.36,448.96,234.24,209.84,63.44,78.08
97.6,141.52,43.92,-117.12,24.4,92.72,107.36,458.72,248.88,219.6,92.72,73.2
107.36,165.92,58.56,-136.64,24.4,112.24,107.36,463.6,268.4,229.36,122,78.08
112.24,175.68,63.44,-141.52,24.4,117.12,107.36,473.36,278.16,244,107.36,82.96
122,175.68,53.68,-146.4,34.16,112.24,102.48,483.12,287.92,248.88,117.12,73.2
131.76,185.44,53.68,-156.16,39.04,117.12,107.36,497.76,297.68,263.52,175.68,122
136.64,170.8,34.16,-151.28,48.8,102.48,112.24,502.64,312.32,268.4,170.8,146.4
156.16,180.56,24.4,-165.92,63.44,102.48,117.12,522.16,326.96,283.04,151.28,136.64
170.8,190.32,19.52,-180.56,73.2,102.48,122,541.68,341.6,297.68,156.16,122
146.4,180.56,34.16,-161.04,53.68,107.36,117.12,541.68,351.36,302.56,146.4,112.24
161.04,190.32,29.28,-175.68,63.44,107.36,117.12,556.32,361.12,307.44,151.28,117.12
165.92,204.96,39.04,-185.44,63.44,122,107.36,551.44,370.88,302.56,146.4,156.16
165.92,219.6,53.68,-190.32,53.68,136.64,97.6,551.44,375.76,307.44,156.16,170.8
170.8,224.48,53.68,-195.2,58.56,136.64,97.6,551.44,380.64,317.2,185.44,175.68
165.92,219.6,53.68,-190.32,53.68,136.64,92.72,556.32,385.52,322.08,165.92,170.8
185.44,234.24,48.8,-209.84,68.32,141.52,102.48,570.96,395.28,336.72,170.8,170.8
185.44,224.48,39.04,-204.96,73.2,131.76,102.48,566.08,400.16,336.72,195.2,156.16
190.32,219.6,29.28,-204.96,78.08,122,102.48,570.96,405.04,346.48,209.84,165.92
204.96,234.24,29.28,-219.6,87.84,131.76,107.36,580.72,409.92,361.12,244,165.92
204.96,258.64,53.68,-229.36,73.2,156.16,102.48,580.72,414.8,346.48,209.84,146.4
204.96,268.4,63.44,-234.24,68.32,165.92,102.48,580.72,424.56,351.36,195.2,156.16
209.84,268.4,58.56,-239.12,73.2,161.04,92.72,575.84,424.56,346.48,200.08,165.92
185.44,248.88,63.44,-214.72,58.56,156.16,87.84,566.08,419.68,351.36,190.32,151.28
200.08,253.76,53.68,-224.48,73.2,151.28,82.96,566.08,429.44,351.36,190.32,185.44
204.96,244,39.04,-224.48,82.96,141.52,87.84,566.08,439.2,361.12,214.72,165.92
190.32,239.12,48.8,-214.72,68.32,141.52,87.84,561.2,434.32,361.12,204.96,136.64
204.96,239.12,34.16,-219.6,82.96,136.64,92.72,556.32,444.08,366,219.6,161.04
219.6,244,24.4,-229.36,97.6,131.76,78.08,541.68,434.32,356.24,185.44,185.44
200.08,229.36,29.28,-214.72,82.96,126.88,78.08,536.8,424.56,351.36,219.6,190.32
190.32,244,53.68,-214.72,68.32,146.4,68.32,522.16,419.68,346.48,229.36,180.56
170.8,239.12,68.32,-204.96,48.8,151.28,63.44,507.52,419.68,341.6,224.48,156.16
190.32,239.12,48.8,-214.72,68.32,141.52,58.56,488,405.04,336.72,200.08,204.96
195.2,229.36,34.16,-209.84,78.08,131.76,48.8,468.48,390.4,322.08,200.08,234.24
190.32,214.72,24.4,-200.08,82.96,117.12,43.92,448.96,380.64,317.2,200.08,244
165.92,200.08,34.16,-180.56,63.44,117.12,53.68,444.08,375.76,317.2,180.56,185.44
141.52,195.2,53.68,-165.92,43.92,122,48.8,424.56,366,312.32,165.92,126.88
141.52,190.32,48.8,-165.92,43.92,117.12,48.8,405.04,346.48,297.68,156.16,131.76
156.16,185.44,29.28,-170.8,63.44,107.36,39.04,380.64,322.08,278.16,146.4,112.24
151.28,165.92,14.64,-156.16,68.32,87.84,48.8,366,312.32,273.28,156.16,131.76
156.16,175.68,19.52,-165.92,68.32,97.6,43.92,346.48,297.68,258.64,131.76,141.52
141.52,175.68,34.16,-156.16,53.68,102.48,34.16,326.96,278.16,244,141.52,131.76
136.64,175.68,39.04,-156.16,48.8,107.36,24.4,292.8,253.76,224.48,126.88,82.96
141.52,175.68,34.16,-156.16,53.68,102.48,24.4,273.28,239.12,209.84,112.24,78.08
136.64,175.68,39.04,-156.16,48.8,107.36,14.64,239.12,219.6,195.2,107.36,165.92
126.88,141.52,14.64,-131.76,53.68,78.08,19.52,224.48,204.96,180.56,92.72,141.52
126.88,126.88,0,-126.88,63.44,63.44,14.64,200.08,185.44,165.92,87.84,82.96
112.24,112.24,0,-112.24,53.68,53.68,14.64,180.56,165.92,151.28,53.68,63.44
107.36,102.48,-4.88,-102.48,53.68,48.8,14.64,165.92,146.4,136.64,53.68,43.92
102.48,87.84,-14.64,-92.72,58.56,34.16,19.52,151.28,131.76,122,63.44,78.08
102.48,102.48,0,-102.48,48.8,48.8,14.64,136.64,117.12,112.24,63.44,53.68
97.6,102.48,4.88,-97.6,43.92,53.68,14.64,117.12,102.48,97.6,53.68,58.56
78.08,82.96,4.88,-78.08,34.16,43.92,0,97.6,78.08,82.96,34.16,63.44
87.84,97.6,9.76,-92.72,39.04,53.68,0,78.08,58.56,63.44,29.28,19.52
92.72,102.48,9.76,-97.6,39.04,53.68,0,63.44,63.44,58.56,0,14.64
78.08,87.84,9.76,-82.96,34.16,48.8,0,48.8,43.92,43.92,14.64,-19.52
78.08,73.2,-4.88,-73.2,39.04,34.16,0,34.16,24.4,24.4,9.76,-29.28
87.84,53.68,-34.16,-68.32,58.56,9.76,-9.76,14.64,4.88,9.76,-39.04,-14.64
73.2,34.16,-39.04,-53.68,53.68,-4.88,4.88,14.64,0,0,-34.16,-24.4
58.56,14.64,-43.92,-34.16,48.8,-14.64,4.88,9.76,-9.76,-4.88,-58.56,-19.52
48.8,9.76,-39.04,-29.28,43.92,-14.64,4.88,4.88,-19.52,-9.76,-53.68,4.88
24.4,9.76,-14.64,-14.64,19.52,-4.88,9.76,0,-19.52,-14.64,-29.28,-24.4
34.16,34.16,0,-34.16,14.64,14.64,0,-14.64,-34.16,-24.4,-63.44,-68.32
48.8,39.04,-9.76,-43.92,29.28,14.64,-9.76,-29.28,-43.92,-34.16,-87.84,-43.92
43.92,43.92,0,-43.92,19.52,19.52,-4.88,-39.04,-39.04,-34.16,-78.08,29.28
39.04,34.16,-4.88,-34.16,19.52,14.64,-9.76,-43.92,-48.8,-43.92,-92.72,-9.76
29.28,24.4,-4.88,-24.4,14.64,9.76,-9.76,-48.8,-58.56,-48.8,-97.6,-39.04
39.04,9.76,-29.28,-24.4,34.16,-9.76,0,-48.8,-58.56,-48.8,-82.96,-39.04
39.04,-19.52,-58.56,-9.76,48.8,-39.04,-4.88,-53.68,-63.44,-63.44,-92.72,-48.8
34.16,-19.52,-53.68,-4.88,43.92,-39.04,-4.88,-63.44,-68.32,-68.32,-92.72,-53.68
39.04,-9.76,-48.8,-14.64,43.92,-29.28,-4.88,-63.44,-73.2,-68.32,-117.12,-58.56
14.64,-24.4,-39.04,4.88,24.4,-34.16,-4.88,-63.44,-73.2,-68.32,-126.88,-53.68
19.52,-4.88,-24.4,-4.88,19.52,-14.64,-9.76,-73.2,-73.2,-73.2,-117.12,-63.44
19.52,4.88,-14.64,-9.76,14.64,-4.88,-14.64,-78.08,-78.08,-68.32,-112.24,-87.84
24.4,9.76,-14.64,-14.64,19.52,-4.88,-9.76,-78.08,-68.32,-68.32,-102.48,-92.72
14.64,0,-14.64,-4.88,14.64,-9.76,0,-68.32,-58.56,-68.32,-92.72,-29.28
9.76,-14.64,-24.4,4.88,14.64,-19.52,-4.88,-73.2,-68.32,-68.32,-87.84,-53.68
19.52,-14.64,-34.16,0,24.4,-24.4,0,-63.44,-58.56,-58.56,-87.84,-39.04
24.4,4.88,-19.52,-14.64,19.52,-9.76,4.88,-63.44,-58.56,-53.68,-97.6,-39.04
9.76,9.76,0,-9.76,4.88,4.88,-4.88,-68.32,-68.32,-78.08,-117.12,-82.96
4.88,14.64,9.76,-9.76,-4.88,9.76,-14.64,-78.08,-82.96,-82.96,-122,-107.36
-4.88,9.76,14.64,0,-9.76,9.76,-14.64,-73.2,-78.08,-82.96,-107.36,-102.48
-4.88,4.88,9.76,0,-9.76,4.88,-9.76,-78.08,-73.2,-82.96,-112.24,-82.96
9.76,4.88,-4.88,-4.88,4.88,0,-9.76,-73.2,-68.32,-78.08,-122,-78.08
4.88,-19.52,-24.4,9.76,14.64,-24.4,-14.64,-78.08,-68.32,-78.08,-126.88,-19.52
9.76,-19.52,-29.28,4.88,19.52,-24.4,-4.88,-68.32,-58.56,-73.2,-112.24,-14.64
0,-19.52,-19.52,9.76,9.76,-19.52,-4.88,-63.44,-58.56,-63.44,-87.84,-39.04
-29.28,-29.28,0,29.28,-14.64,-14.64,4.88,-53.68,-53.68,-43.92,-82.96,-19.52
-14.64,-4.88,9.76,9.76,-14.64,0,4.88,-58.56,-53.68,-53.68,-117.12,-9.76
-4.88,14.64,19.52,-4.88,-14.64,14.64,0,-63.44,-58.56,-73.2,-112.24,-4.88
-9.76,14.64,24.4,0,-19.52,19.52,0,-63.44,-58.56,-68.32,-122,-39.04
-19.52,9.76,29.28,4.88,-24.4,19.52,0,-63.44,-53.68,-73.2,-131.76,-48.8
-29.28,9.76,39.04,9.76,-34.16,24.4,-4.88,-68.32,-58.56,-78.08,-131.76,-58.56
-24.4,9.76,34.16,9.76,-29.28,19.52,0,-58.56,-48.8,-68.32,-112.24,-43.92
-9.76,0,9.76,4.88,-9.76,4.88,0,-58.56,-43.92,-63.44,-92.72,-39.04
-14.64,-19.52,-4.88,19.52,-4.88,-14.64,0,-68.32,-43.92,-68.32,-97.6,-63.44
-14.64,-34.16,-19.52,24.4,0,-29.28,4.88,-63.44,-48.8,-63.44,-136.64,-68.32
-53.68,-34.16,19.52,43.92,-39.04,-9.76,14.64,-43.92,-34.16,-53.68,-117.12,-43.92
-43.92,-14.64,29.28,29.28,-39.04,4.88,19.52,-39.04,-29.28,-48.8,-107.36,-53.68
-14.64,4.88,19.52,4.88,-19.52,9.76,9.76,-48.8,-43.92,-58.56,-117.12,-87.84
-19.52,19.52,39.04,0,-29.28,29.28,4.88,-53.68,-48.8,-63.44,-131.76,-53.68
-19.52,19.52,39.04,0,-29.28,29.28,0,-53.68,-53.68,-68.32,-131.76,-48.8
-29.28,9.76,39.04,9.76,-34.16,24.4,0,-63.44,-58.56,-73.2,-136.64,-73.2
-24.4,9.76,34.16,9.76,-29.28,19.52,9.76,-48.8,-48.8,-58.56,-131.76,-14.64
-24.4,0,24.4,14.64,-24.4,9.76,14.64,-43.92,-39.04,-53.68,-131.76,-34.16
-43.92,-19.52,24.4,34.16,-34.16,0,19.52,-43.92,-39.04,-53.68,-122,-34.16
-39.04,-19.52,19.52,29.28,-29.28,0,24.4,-34.16,-39.04,-43.92,-122,-48.8
-24.4,-14.64,9.76,19.52,-19.52,-4.88,24.4,-29.28,-34.16,-39.04,-122,-68.32
-29.28,-4.88,24.4,19.52,-29.28,9.76,24.4,-34.16,-39.04,-48.8,-102.48,-63.44
-19.52,24.4,43.92,0,-34.16,34.16,24.4,-34.16,-39.04,-53.68,-126.88,4.88
-24.4,29.28,53.68,0,-39.04,39.04,14.64,-34.16,-43.92,-53.68,-141.52,-73.2
-29.28,19.52,48.8,4.88,-39.04,34.16,14.64,-39.04,-43.92,-58.56,-131.76,-102.48
-29.28,14.64,43.92,9.76,-39.04,29.28,14.64,-43.92,-48.8,-63.44,-117.12,-63.44
-39.04,4.88,43.92,19.52,-43.92,24.4,9.76,-48.8,-48.8,-63.44,-131.76,-14.64
-34.16,0,34.16,19.52,-34.16,14.64,14.64,-48.8,-43.92,-58.56,-126.88,-24.4
-48.8,-4.88,43.92,29.28,-48.8,19.52,24.4,-34.16,-34.16,-48.8,-122,-14.64
-53.68,-14.64,39.04,34.16,-48.8,9.76,29.28,-34.16,-34.16,-43.92,-117.12,14.64
-39.04,-9.76,29.28,24.4,-34.16,9.76,29.28,-34.16,-34.16,-48.8,-122,-53.68
-43.92,-14.64,29.28,29.28,-39.04,4.88,29.28,-34.16,-34.16,-48.8,-107.36,-39.04
-39.04,4.88,43.92,19.52,-43.92,24.4,24.4,-34.16,-39.04,-53.68,-126.88,-58.56
-39.04,29.28,68.32,4.88,-53.68,48.8,24.4,-29.28,-34.16,-48.8,-126.88,-34.16
-58.56,4.88,63.44,29.28,-63.44,34.16,19.52,-39.04,-34.16,-53.68,-141.52,-14.64
-53.68,4.88,58.56,24.4,-58.56,29.28,14.64,-39.04,-39.04,-58.56,-112.24,-39.04
-39.04,9.76,48.8,14.64,-43.92,29.28,14.64,-43.92,-39.04,-58.56,-82.96,-9.76
-34.16,9.76,43.92,14.64,-39.04,24.4,29.28,-24.4,-19.52,-39.04,-112.24,24.4
-29.28,9.76,39.04,9.76,-34.16,24.4,34.16,-24.4,-19.52,-24.4,-107.36,9.76
-43.92,-4.88,39.04,24.4,-43.92,14.64,34.16,-24.4,-24.4,-24.4,-68.32,-24.4
-53.68,-14.64,39.04,34.16,-48.8,9.76,39.04,-24.4,-24.4,-34.16,-82.96,-29.28
-53.68,-4.88,48.8,29.28,-53.68,19.52,39.04,-14.64,-24.4,-19.52,-92.72,9.76
-53.68,0,53.68,29.28,-53.68,24.4,43.92,-19.52,-29.28,-29.28,-112.24,-29.28
-53.68,14.64,68.32,19.52,-63.44,39.04,34.16,-19.52,-34.16,-43.92,-112.24,-19.52
-39.04,29.28,68.32,4.88,-53.68,48.8,43.92,-19.52,-19.52,-39.04,-107.36,-53.68
-39.04,29.28,68.32,4.88,-53.68,48.8,29.28,-24.4,-29.28,-48.8,-92.72,-39.04
-43.92,14.64,58.56,14.64,-53.68,34.16,29.28,-29.28,-29.28,-43.92,-122,0
-43.92,0,43.92,24.4,-43.92,19.52,29.28,-34.16,-24.4,-43.92,-126.88,-53.68
-48.8,0,48.8,24.4,-48.8,24.4,34.16,-29.28,-19.52,-39.04,-97.6,-68.32
-39.04,-9.76,29.28,24.4,-34.16,9.76,34.16,-24.4,-19.52,-39.04,-97.6,-39.04
-48.8,-19.52,29.28,34.16,-39.04,4.88,34.16,-24.4,-19.52,-39.04,-92.72,-24.4
-73.2,-19.52,53.68,48.8,-63.44,14.64,43.92,-24.4,-14.64,-43.92,-92.72,-4.88
-63.44,0,63.44,34.16,-63.44,29.28,34.16,-34.16,-34.16,-48.8,-117.12,-9.76
-58.56,4.88,63.44,29.28,-63.44,34.16,24.4,-34.16,-39.04,-53.68,-131.76,-48.8
-63.44,9.76,73.2,29.28,-68.32,39.04,24.4,-34.16,-34.16,-48.8,-112.24,-29.28
-73.2,9.76,82.96,34.16,-78.08,43.92,34.16,-34.16,-29.28,-48.8,-92.72,-39.04
-68.32,4.88,73.2,34.16,-73.2,39.04,29.28,-34.16,-29.28,-48.8,-112.24,-43.92
-63.44,0,63.44,34.16,-63.44,29.28,34.16,-29.28,-19.52,-39.04,-107.36,-14.64
-63.44,-4.88,58.56,34.16,-63.44,24.4,39.04,-24.4,-19.52,-39.04,-97.6,-24.4
-58.56,-9.76,48.8,34.16,-53.68,19.52,43.92,-24.4,-24.4,-34.16,-87.84,-24.4
-53.68,-4.88,48.8,29.28,-53.68,19.52,34.16,-29.28,-29.28,-43.92,-122,-43.92
-73.2,-14.64,58.56,43.92,-68.32,19.52,39.04,-34.16,-29.28,-43.92,-117.12,-9.76
-58.56,0,58.56,29.28,-58.56,29.28,39.04,-34.16,-39.04,-48.8,-87.84,-4.88
-58.56,0,58.56,29.28,-58.56,29.28,29.28,-34.16,-43.92,-53.68,-131.76,9.76
-43.92,4.88,48.8,19.52,-48.8,24.4,24.4,-48.8,-48.8,-63.44,-126.88,-29.28
-39.04,14.64,53.68,14.64,-48.8,34.16,24.4,-48.8,-43.92,-58.56,-146.4,-39.04
-78.08,9.76,87.84,34.16,-82.96,48.8,34.16,-39.04,-39.04,-48.8,-146.4,4.88
-73.2,0,73.2,39.04,-73.2,34.16,34.16,-39.04,-29.28,-43.92,-136.64,-9.76
-73.2,-4.88,68.32,39.04,-73.2,29.28,39.04,-39.04,-29.28,-43.92,-136.64,-29.28
-73.2,-19.52,53.68,48.8,-63.44,14.64,34.16,-39.04,-29.28,-43.92,-122,-4.88
-63.44,-9.76,53.68,39.04,-58.56,19.52,39.04,-39.04,-24.4,-43.92,-92.72,0
-63.44,-14.64,48.8,39.04,-58.56,14.64,43.92,-39.04,-29.28,-48.8,-97.6,-34.16
-68.32,-4.88,63.44,39.04,-68.32,29.28,39.04,-39.04,-39.04,-53.68,-97.6,-19.52
-73.2,0,73.2,39.04,-73.2,34.16,34.16,-43.92,-34.16,-53.68,-141.52,-4.88
-73.2,0,73.2,39.04,-73.2,34.16,29.28,-53.68,-48.8,-63.44,-156.16,-39.04
-73.2,9.76,82.96,34.16,-78.08,43.92,29.28,-53.68,-48.8,-63.44,-136.64,-4.88
-73.2,0,73.2,39.04,-73.2,34.16,24.4,-58.56,-53.68,-63.44,-117.12,-34.16
-68.32,-19.52,48.8,43.92,-58.56,14.64,24.4,-58.56,-48.8,-58.56,-141.52,-29.28
-87.84,-34.16,53.68,63.44,-73.2,9.76,43.92,-43.92,-34.16,-34.16,-117.12,4.88
-87.84,-39.04,48.8,63.44,-68.32,4.88,43.92,-43.92,-29.28,-43.92,-107.36,-9.76
-73.2,-34.16,39.04,53.68,-58.56,0,34.16,-53.68,-43.92,-53.68,-126.88,-19.52
-82.96,-24.4,58.56,53.68,-73.2,14.64,34.16,-48.8,-43.92,-58.56,-117.12,-43.92
-87.84,-14.64,73.2,53.68,-82.96,29.28,34.16,-58.56,-53.68,-48.8,-107.36,-4.88
-68.32,0,68.32,34.16,-68.32,34.16,24.4,-63.44,-58.56,-63.44,-107.36,0
-73.2,4.88,78.08,34.16,-78.08,39.04,24.4,-68.32,-53.68,-68.32,-92.72,24.4
-82.96,-9.76,73.2,48.8,-78.08,29.28,24.4,-68.32,-58.56,-53.68,-87.84,-19.52
-73.2,-19.52,53.68,48.8,-63.44,14.64,24.4,-68.32,-53.68,-63.44,-92.72,-78.08
-73.2,-24.4,48.8,48.8,-63.44,9.76,29.28,-63.44,-48.8,-63.44,-78.08,-53.68
-73.2,-39.04,34.16,58.56,-53.68,-4.88,29.28,-68.32,-53.68,-68.32,-48.8,4.88
-82.96,-34.16,48.8,58.56,-68.32,4.88,34.16,-68.32,-43.92,-58.56,-92.72,19.52
-82.96,-43.92,39.04,63.44,-63.44,-4.88,34.16,-68.32,-48.8,-58.56,-97.6,-14.64
-73.2,-34.16,39.04,53.68,-58.56,0,34.16,-73.2,-48.8,-63.44,-107.36,-14.64
-68.32,-19.52,48.8,43.92,-58.56,14.64,29.28,-78.08,-58.56,-73.2,-87.84,-53.68
-92.72,-24.4,68.32,58.56,-82.96,19.52,29.28,-73.2,-58.56,-73.2,-92.72,-43.92
-78.08,-19.52,58.56,48.8,-68.32,19.52,24.4,-78.08,-53.68,-73.2,-122,-9.76
-87.84,-4.88,82.96,48.8,-87.84,39.04,24.4,-82.96,-63.44,-68.32,-102.48,0
-82.96,-4.88,78.08,43.92,-82.96,34.16,24.4,-82.96,-58.56,-68.32,-78.08,19.52
-82.96,-14.64,68.32,48.8,-78.08,24.4,29.28,-78.08,-53.68,-63.44,-34.16,-14.64
-87.84,-34.16,53.68,63.44,-73.2,9.76,29.28,-78.08,-63.44,-63.44,-73.2,-29.28
-82.96,-24.4,58.56,53.68,-73.2,14.64,34.16,-73.2,-53.68,-63.44,-97.6,-19.52
-78.08,-29.28,48.8,53.68,-63.44,9.76,34.16,-73.2,-53.68,-58.56,-112.24,4.88
-73.2,-29.28,43.92,53.68,-58.56,4.88,29.28,-78.08,-58.56,-63.44,-122,-19.52
-58.56,-24.4,34.16,43.92,-48.8,4.88,24.4,-87.84,-73.2,-73.2,-126.88,-34.16
-48.8,-9.76,39.04,29.28,-43.92,14.64,14.64,-92.72,-78.08,-78.08,-92.72,-19.52
-82.96,-9.76,73.2,48.8,-78.08,29.28,19.52,-87.84,-63.44,-68.32,-92.72,0
-97.6,0,97.6,48.8,-97.6,48.8,34.16,-78.08,-58.56,-58.56,-117.12,4.88
-78.08,-4.88,73.2,43.92,-78.08,34.16,29.28,-82.96,-58.56,-58.56,-126.88,-9.76
-78.08,-9.76,68.32,43.92,-73.2,29.28,34.16,-73.2,-48.8,-48.8,-107.36,24.4
-82.96,-29.28,53.68,58.56,-68.32,9.76,39.04,-73.2,-48.8,-48.8,-102.48,-19.52
-97.6,-53.68,43.92,78.08,-73.2,-4.88,24.4,-82.96,-63.44,-63.44,-122,-24.4
-97.6,-53.68,43.92,78.08,-73.2,-4.88,34.16,-78.08,-58.56,-58.56,-117.12,4.88
-92.72,-34.16,58.56,63.44,-78.08,9.76,24.4,-87.84,-68.32,-68.32,-112.24,-19.52
-87.84,-24.4,63.44,58.56,-78.08,19.52,19.52,-87.84,-78.08,-78.08,-141.52,-39.04
-73.2,0,73.2,39.04,-73.2,34.16,14.64,-92.72,-78.08,-82.96,-126.88,-43.92
-78.08,0,78.08,39.04,-78.08,39.04,19.52,-92.72,-82.96,-82.96,-141.52,-53.68
-87.84,-4.88,82.96,48.8,-87.84,39.04,24.4,-92.72,-78.08,-78.08,-117.12,-34.16
-92.72,-19.52,73.2,58.56,-82.96,24.4,24.4,-87.84,-73.2,-53.68,-117.12,39.04
-73.2,-19.52,53.68,48.8,-63.44,14.64,24.4,-82.96,-68.32,-48.8,-126.88,0
-82.96,-43.92,39.04,63.44,-63.44,-4.88,29.28,-82.96,-68.32,-63.44,-87.84,-58.56
-102.48,-68.32,34.16,87.84,-68.32,-19.52,19.52,-97.6,-78.08,-68.32,-107.36,-24.4
-87.84,-58.56,29.28,73.2,-58.56,-14.64,29.28,-92.72,-73.2,-68.32,-117.12,-24.4
-87.84,-39.04,48.8,63.44,-68.32,4.88,29.28,-87.84,-73.2,-68.32,-92.72,24.4
-107.36,-43.92,63.44,78.08,-87.84,9.76,29.28,-87.84,-78.08,-68.32,-126.88,-14.64
-92.72,-29.28,63.44,63.44,-78.08,14.64,29.28,-87.84,-73.2,-68.32,-122,-39.04
-78.08,-24.4,53.68,53.68,-68.32,14.64,24.4,-97.6,-78.08,-78.08,-136.64,-34.16
-82.96,-19.52,63.44,53.68,-73.2,19.52,14.64,-102.48,-78.08,-78.08,-146.4,-48.8
-68.32,-19.52,48.8,43.92,-58.56,14.64,19.52,-97.6,-73.2,-78.08,-141.52,-19.52
-63.44,-24.4,39.04,43.92,-53.68,4.88,19.52,-97.6,-73.2,-73.2,-126.88,-68.32
-82.96,-29.28,53.68,58.56,-68.32,9.76,34.16,-87.84,-58.56,-63.44,-112.24,-58.56
-97.6,-34.16,63.44,68.32,-82.96,14.64,39.04,-82.96,-43.92,-53.68,-112.24,19.52
-78.08,-48.8,29.28,63.44,-53.68,-9.76,39.04,-82.96,-48.8,-48.8,-126.88,-19.52
-87.84,-43.92,43.92,68.32,-68.32,0,34.16,-87.84,-53.68,-48.8,-107.36,-34.16
-87.84,-43.92,43.92,68.32,-68.32,0,29.28,-92.72,-58.56,-73.2,-97.6,-39.04
-87.84,-34.16,53.68,63.44,-73.2,9.76,24.4,-92.72,-53.68,-68.32,-126.88,-58.56
-68.32,-9.76,58.56,39.04,-63.44,24.4,24.4,-92.72,-63.44,-73.2,-122,-68.32
-92.72,-19.52,73.2,58.56,-82.96,24.4,24.4,-97.6,-63.44,-73.2,-117.12,-34.16
-102.48,-29.28,73.2,68.32,-87.84,19.52,24.4,-92.72,-53.68,-63.44,-87.84,-39.04
-78.08,-24.4,53.68,53.68,-68.32,14.64,24.4,-92.72,-53.68,-63.44,-102.48,-9.76
-87.84,-39.04,48.8,63.44,-68.32,4.88,34.16,-87.84,-43.92,-58.56,-117.12,-14.64
-82.96,-34.16,48.8,58.56,-68.32,4.88,39.04,-82.96,-34.16,-58.56,-73.2,-19.52
-78.08,-39.04,39.04,58.56,-58.56,0,34.16,-87.84,-39.04,-63.44,-87.84,4.88
-92.72,-39.04,53.68,68.32,-73.2,4.88,34.16,-87.84,-43.92,-68.32,-117.12,9.76
-68.32,-29.28,39.04,48.8,-53.68,4.88,24.4,-97.6,-53.68,-87.84,-126.88,-48.8
-82.96,-34.16,48.8,58.56,-68.32,4.88,24.4,-92.72,-48.8,-82.96,-117.12,-9.76
-97.6,-29.28,68.32,63.44,-82.96,19.52,29.28,-87.84,-48.8,-73.2,-97.6,-29.28
-78.08,-19.52,58.56,48.8,-68.32,19.52,24.4,-97.6,-53.68,-78.08,-82.96,-48.8
-78.08,-29.28,48.8,53.68,-63.44,9.76,19.52,-102.48,-48.8,-78.08,-97.6,-68.32
-78.08,-43.92,34.16,63.44,-58.56,-4.88,19.52,-102.48,-48.8,-73.2,-82.96,-78.08
-82.96,-58.56,24.4,73.2,-53.68,-19.52,29.28,-102.48,-34.16,-73.2,-63.44,-24.4
-97.6,-58.56,39.04,78.08,-68.32,-9.76,39.04,-87.84,-24.4,-63.44,-78.08,-14.64
-97.6,-43.92,53.68,73.2,-78.08,4.88,43.92,-82.96,-9.76,-58.56,-73.2,-58.56
-92.72,-39.04,53.68,68.32,-73.2,4.88,39.04,-87.84,-19.52,-63.44,-92.72,-48.8
-82.96,-34.16,48.8,58.56,-68.32,4.88,34.16,-92.72,-29.28,-73.2,-92.72,-14.64
-87.84,-24.4,63.44,58.56,-78.08,19.52,34.16,-92.72,-29.28,-68.32,-102.48,-34.16
-97.6,-24.4,73.2,63.44,-87.84,24.4,29.28,-102.48,-34.16,-78.08,-97.6,-58.56
-92.72,-24.4,68.32,58.56,-82.96,19.52,29.28,-102.48,-29.28,-78.08,-48.8,-9.76
-102.48,-43.92,58.56,73.2,-82.96,4.88,24.4,-107.36,-34.16,-78.08,-78.08,-53.68
-107.36,-48.8,58.56,78.08,-82.96,4.88,24.4,-107.36,-29.28,-78.08,-97.6,-48.8
-92.72,-53.68,39.04,73.2,-68.32,-9.76,34.16,-97.6,-19.52,-73.2,-82.96,-29.28
-87.84,-58.56,29.28,73.2,-58.56,-14.64,34.16,-92.72,-19.52,-68.32,-78.08,-48.8
-92.72,-58.56,34.16,78.08,-63.44,-14.64,34.16,-92.72,-19.52,-68.32,-112.24,-73.2
-92.72,-53.68,39.04,73.2,-68.32,-9.76,39.04,-97.6,-14.64,-68.32,-102.48,-53.68
-82.96,-43.92,39.04,63.44,-63.44,-4.88,34.16,-97.6,-24.4,-78.08,-87.84,-9.76
-82.96,-34.16,48.8,58.56,-68.32,4.88,29.28,-97.6,-24.4,-73.2,-102.48,-34.16
-87.84,-34.16,53.68,63.44,-73.2,9.76,24.4,-102.48,-29.28,-73.2,-107.36,-34.16
-82.96,-24.4,58.56,53.68,-73.2,14.64,24.4,-107.36,-19.52,-73.2,-112.24,-39.04
-78.08,-24.4,53.68,53.68,-68.32,14.64,19.52,-102.48,-24.4,-78.08,-122,-48.8
-87.84,-43.92,43.92,68.32,-68.32,0,24.4,-102.48,-19.52,-73.2,-102.48,-29.28
-68.32,-48.8,19.52,58.56,-43.92,-14.64,24.4,-107.36,-19.52,-78.08,-97.6,-43.92
-82.96,-58.56,24.4,73.2,-53.68,-19.52,29.28,-102.48,-19.52,-73.2,-92.72,-39.04
-107.36,-58.56,48.8,82.96,-78.08,-4.88,43.92,-87.84,-4.88,-58.56,-73.2,-53.68
-78.08,-43.92,34.16,63.44,-58.56,-4.88,39.04,-92.72,-14.64,-63.44,-73.2,14.64
-63.44,-34.16,29.28,48.8,-48.8,-4.88,29.28,-112.24,-29.28,-78.08,-87.84,-43.92
-78.08,-19.52,58.56,48.8,-68.32,19.52,29.28,-102.48,-19.52,-73.2,-63.44,-43.92
-78.08,-9.76,68.32,43.92,-73.2,29.28,29.28,-102.48,-19.52,-73.2,-58.56,-29.28
-87.84,-24.4,63.44,58.56,-78.08,19.52,24.4,-112.24,-19.52,-78.08,-73.2,-19.52
-87.84,-24.4,63.44,58.56,-78.08,19.52,24.4,-107.36,-14.64,-78.08,-78.08,-58.56
-92.72,-34.16,58.56,63.44,-78.08,9.76,34.16,-97.6,0,-63.44,-53.68,-48.8
-82.96,-48.8,34.16,68.32,-58.56,-9.76,34.16,-107.36,-9.76,-68.32,-63.44,-53.68
-73.2,-58.56,14.64,68.32,-43.92,-24.4,24.4,-107.36,-9.76,-78.08,-68.32,-19.52
-87.84,-63.44,24.4,78.08,-58.56,-19.52,34.16,-97.6,-4.88,-68.32,-58.56,39.04
-82.96,-68.32,14.64,78.08,-48.8,-29.28,39.04,-107.36,-9.76,-68.32,-78.08,-4.88
-78.08,-53.68,24.4,68.32,-53.68,-14.64,34.16,-107.36,-19.52,-78.08,-82.96,-24.4
-82.96,-43.92,39.04,63.44,-63.44,-4.88,24.4,-107.36,-19.52,-78.08,-78.08,-53.68
-82.96,-29.28,53.68,58.56,-68.32,9.76,24.4,-107.36,-9.76,-68.32,-92.72,-48.8
-82.96,-29.28,53.68,58.56,-68.32,9.76,29.28,-107.36,-9.76,-82.96,-63.44,-9.76
-82.96,-34.16,48.8,58.56,-68.32,4.88,29.28,-107.36,-9.76,-68.32,-58.56,-24.4
-87.84,-43.92,43.92,68.32,-68.32,0,24.4,-107.36,-9.76,-68.32,-73.2,-53.68
-92.72,-73.2,19.52,82.96,-58.56,-29.28,24.4,-112.24,-4.88,-78.08,-58.56,-43.92
-87.84,-68.32,19.52,78.08,-53.68,-24.4,34.16,-107.36,-4.88,-73.2,-68.32,-43.92
-87.84,-63.44,24.4,78.08,-58.56,-19.52,39.04,-97.6,-4.88,-73.2,-82.96,-58.56
-87.84,-58.56,29.28,73.2,-58.56,-14.64,34.16,-102.48,-4.88,-73.2,-92.72,-24.4
-78.08,-48.8,29.28,63.44,-53.68,-9.76,34.16,-107.36,-9.76,-82.96,-63.44,-43.92
-63.44,-39.04,24.4,53.68,-43.92,-9.76,19.52,-112.24,-19.52,-87.84,-63.44,-58.56
-53.68,-29.28,24.4,43.92,-39.04,-4.88,24.4,-107.36,-14.64,-82.96,-73.2,-53.68
-58.56,-9.76,48.8,34.16,-53.68,19.52,24.4,-102.48,-4.88,-73.2,-73.2,-53.68
-92.72,-39.04,53.68,68.32,-73.2,4.88,29.28,-107.36,-4.88,-73.2,-58.56,-34.16
-92.72,-53.68,39.04,73.2,-68.32,-9.76,24.4,-112.24,-9.76,-73.2,-92.72,4.88
-82.96,-63.44,19.52,73.2,-53.68,-24.4,24.4,-112.24,-9.76,-73.2,-97.6,-19.52
-82.96,-58.56,24.4,73.2,-53.68,-19.52,34.16,-107.36,-9.76,-68.32,-87.84,-29.28
-97.6,-63.44,34.16,82.96,-68.32,-14.64,43.92,-97.6,-4.88,-58.56,-82.96,-29.28
-87.84,-63.44,24.4,78.08,-58.56,-19.52,34.16,-107.36,-14.64,-58.56,-92.72,-48.8
-102.48,-63.44,39.04,82.96,-73.2,-14.64,34.16,-107.36,-19.52,-73.2,-73.2,-9.76
-107.36,-53.68,53.68,82.96,-82.96,0,29.28,-102.48,-14.64,-68.32,-63.44,-14.64
-92.72,-43.92,48.8,68.32,-73.2,0,24.4,-107.36,-24.4,-73.2,-97.6,-53.68
-82.96,-19.52,63.44,53.68,-73.2,19.52,24.4,-102.48,-19.52,-73.2,-102.48,-34.16
-78.08,-34.16,43.92,58.56,-63.44,4.88,24.4,-107.36,-24.4,-73.2,-87.84,-58.56
-78.08,-48.8,29.28,63.44,-53.68,-9.76,29.28,-107.36,-24.4,-73.2,-73.2,-43.92
-73.2,-53.68,19.52,63.44,-48.8,-19.52,34.16,-107.36,-24.4,-73.2,-92.72,-9.76
-73.2,-39.04,34.16,58.56,-53.68,-4.88,29.28,-112.24,-29.28,-78.08,-78.08,-34.16
-73.2,-48.8,24.4,63.44,-48.8,-14.64,34.16,-107.36,-24.4,-73.2,-68.32,-29.28
-73.2,-58.56,14.64,68.32,-43.92,-24.4,39.04,-102.48,-19.52,-68.32,-92.72,-14.64
-78.08,-63.44,14.64,73.2,-48.8,-24.4,39.04,-102.48,-19.52,-73.2,-97.6,-19.52
-78.08,-58.56,19.52,68.32,-48.8,-19.52,39.04,-97.6,-24.4,-68.32,-78.08,-4.88
-87.84,-53.68,34.16,73.2,-63.44,-9.76,34.16,-102.48,-29.28,-73.2,-53.68,-9.76
-97.6,-43.92,53.68,73.2,-78.08,4.88,24.4,-107.36,-34.16,-78.08,-102.48,-19.52
-82.96,-34.16,48.8,58.56,-68.32,4.88,24.4,-107.36,-29.28,-78.08,-107.36,-34.16
-78.08,-24.4,53.68,53.68,-68.32,14.64,29.28,-107.36,-29.28,-73.2,-97.6,-14.64
-68.32,-24.4,43.92,48.8,-58.56,9.76,39.04,-97.6,-14.64,-68.32,-82.96,-19.52
-73.2,-24.4,48.8,48.8,-63.44,9.76,39.04,-102.48,-9.76,-68.32,-68.32,-29.28
-78.08,-43.92,34.16,63.44,-58.56,-4.88,48.8,-92.72,-4.88,-58.56,-53.68,-19.52
-68.32,-29.28,39.04,48.8,-53.68,4.88,58.56,-82.96,4.88,-48.8,-39.04,29.28
-78.08,-39.04,39.04,58.56,-58.56,0,63.44,-82.96,9.76,-48.8,-43.92,9.76
-73.2,-29.28,43.92,53.68,-58.56,4.88,58.56,-78.08,4.88,-48.8,-34.16,0
-58.56,-19.52,39.04,39.04,-48.8,9.76,68.32,-73.2,4.88,-34.16,-19.52,19.52
-58.56,0,58.56,29.28,-58.56,29.28,63.44,-78.08,0,-34.16,-39.04,34.16
-63.44,19.52,82.96,24.4,-73.2,48.8,63.44,-68.32,9.76,-43.92,-58.56,4.88
-63.44,34.16,97.6,14.64,-82.96,63.44,68.32,-68.32,14.64,-34.16,-43.92,-19.52
-53.68,29.28,82.96,14.64,-68.32,53.68,78.08,-58.56,19.52,-29.28,-48.8,-9.76
-34.16,34.16,68.32,0,-53.68,48.8,78.08,-53.68,24.4,-24.4,-53.68,-9.76
-39.04,14.64,53.68,14.64,-48.8,34.16,87.84,-53.68,24.4,-24.4,-29.28,0
-48.8,4.88,53.68,24.4,-53.68,29.28,92.72,-43.92,29.28,-19.52,4.88,4.88
-48.8,9.76,58.56,19.52,-53.68,34.16,107.36,-29.28,43.92,-9.76,-14.64,53.68
-48.8,0,48.8,24.4,-48.8,24.4,102.48,-29.28,48.8,-9.76,-29.28,29.28
-53.68,-4.88,48.8,29.28,-53.68,19.52,87.84,-34.16,43.92,-14.64,-43.92,34.16
-39.04,24.4,63.44,9.76,-53.68,43.92,87.84,-34.16,39.04,-14.64,-24.4,34.16
-39.04,29.28,68.32,4.88,-53.68,48.8,78.08,-39.04,39.04,-14.64,-34.16,-34.16
-39.04,34.16,73.2,4.88,-58.56,53.68,73.2,-43.92,34.16,-19.52,-48.8,-43.92
-34.16,29.28,63.44,4.88,-48.8,43.92,73.2,-43.92,34.16,-19.52,-48.8,-9.76
-19.52,34.16,53.68,-4.88,-39.04,43.92,73.2,-34.16,43.92,-9.76,-39.04,14.64
-9.76,19.52,29.28,-4.88,-19.52,24.4,73.2,-24.4,53.68,0,-24.4,-4.88
-4.88,4.88,9.76,0,-9.76,4.88,48.8,-34.16,43.92,4.88,-24.4,9.76
-4.88,4.88,9.76,0,-9.76,4.88,48.8,-29.28,58.56,9.76,14.64,34.16
-4.88,14.64,19.52,-4.88,-14.64,14.64,39.04,-29.28,63.44,34.16,19.52,14.64
-9.76,24.4,34.16,-4.88,-24.4,29.28,19.52,-43.92,53.68,9.76,9.76,29.28
0,39.04,39.04,-19.52,-19.52,39.04,9.76,-48.8,43.92,-4.88,9.76,53.68
-4.88,34.16,39.04,-14.64,-24.4,34.16,0,-63.44,39.04,-14.64,-19.52,14.64
0,53.68,53.68,-24.4,-29.28,53.68,-4.88,-58.56,43.92,-9.76,-19.52,19.52
19.52,58.56,39.04,-39.04,-9.76,48.8,0,-58.56,43.92,-9.76,4.88,43.92
14.64,34.16,19.52,-24.4,-4.88,24.4,4.88,-63.44,34.16,-14.64,9.76,14.64
4.88,0,-4.88,0,4.88,-4.88,0,-68.32,34.16,-19.52,4.88,-4.88
9.76,-4.88,-14.64,0,9.76,-9.76,4.88,-73.2,34.16,-19.52,14.64,29.28
14.64,-19.52,-34.16,4.88,24.4,-29.28,4.88,-73.2,29.28,-19.52,0,-4.88
34.16,-19.52,-53.68,-4.88,43.92,-39.04,-9.76,-82.96,24.4,-34.16,-24.4,-19.52
29.28,-14.64,-43.92,-4.88,34.16,-29.28,-14.64,-87.84,14.64,-39.04,-24.4,-4.88
9.76,-9.76,-19.52,0,14.64,-14.64,0,-82.96,19.52,-34.16,-24.4,-9.76
-19.52,-4.88,14.64,14.64,-19.52,4.88,4.88,-78.08,24.4,-24.4,-14.64,4.88
-24.4,-9.76,14.64,19.52,-19.52,0,0,-82.96,19.52,-29.28,-19.52,0
-9.76,-14.64,-4.88,14.64,-4.88,-9.76,-4.88,-92.72,14.64,-43.92,-48.8,-4.88
-34.16,-29.28,4.88,34.16,-19.52,-14.64,4.88,-87.84,19.52,-39.04,-39.04,-9.76
-43.92,-53.68,-9.76,48.8,-19.52,-34.16,4.88,-97.6,19.52,-43.92,-43.92,-34.16
-34.16,-63.44,-29.28,48.8,-4.88,-48.8,4.88,-107.36,9.76,-58.56,-29.28,-9.76
-58.56,-82.96,-24.4,73.2,-19.52,-53.68,9.76,-112.24,4.88,-63.44,-58.56,-19.52
-92.72,-92.72,0,92.72,-48.8,-48.8,4.88,-117.12,0,-73.2,-53.68,-9.76
-82.96,-73.2,9.76,78.08,-48.8,-34.16,9.76,-117.12,-9.76,-73.2,-68.32,-34.16
-43.92,-34.16,9.76,39.04,-29.28,-14.64,19.52,-107.36,4.88,-68.32,-63.44,-29.28
-43.92,-29.28,14.64,39.04,-29.28,-9.76,14.64,-122,4.88,-78.08,-48.8,-14.64
-68.32,-53.68,14.64,63.44,-43.92,-19.52,9.76,-122,4.88,-82.96,-68.32,-4.88
-73.2,-68.32,4.88,73.2,-39.04,-34.16,9.76,-122,0,-82.96,-53.68,-39.04
-48.8,-68.32,-19.52,58.56,-14.64,-43.92,4.88,-126.88,-4.88,-87.84,-43.92,-53.68
-43.92,-82.96,-39.04,63.44,-4.88,-63.44,9.76,-126.88,-4.88,-92.72,-63.44,-63.44
-82.96,-107.36,-24.4,97.6,-29.28,-68.32,14.64,-117.12,0,-92.72,-82.96,-63.44
-87.84,-117.12,-29.28,102.48,-29.28,-73.2,14.64,-122,0,-92.72,-73.2,-39.04
-78.08,-112.24,-34.16,97.6,-24.4,-73.2,4.88,-126.88,-4.88,-102.48,-78.08,-19.52
-78.08,-82.96,-4.88,82.96,-39.04,-43.92,14.64,-117.12,0,-92.72,-39.04,-29.28
-78.08,-73.2,4.88,78.08,-43.92,-34.16,9.76,-122,4.88,-97.6,-53.68,-53.68
-87.84,-78.08,9.76,82.96,-48.8,-34.16,4.88,-126.88,-4.88,-102.48,-82.96,-82.96
-73.2,-78.08,-4.88,78.08,-34.16,-43.92,4.88,-126.88,-4.88,-112.24,-87.84,-53.68
-68.32,-82.96,-14.64,78.08,-29.28,-48.8,9.76,-126.88,-4.88,-102.48,-92.72,-73.2
-73.2,-92.72,-19.52,82.96,-29.28,-58.56,14.64,-122,0,-97.6,-92.72,-48.8
-73.2,-102.48,-29.28,87.84,-24.4,-68.32,19.52,-122,4.88,-87.84,-78.08,-29.28
-82.96,-107.36,-24.4,97.6,-29.28,-68.32,14.64,-131.76,0,-107.36,-87.84,-43.92
-78.08,-97.6,-19.52,87.84,-29.28,-58.56,19.52,-131.76,0,-107.36,-87.84,-4.88
-73.2,-82.96,-9.76,78.08,-34.16,-48.8,14.64,-131.76,0,-112.24,-97.6,-9.76
-73.2,-82.96,-9.76,78.08,-34.16,-48.8,4.88,-136.64,-4.88,-117.12,-82.96,-43.92
-82.96,-82.96,0,82.96,-43.92,-43.92,4.88,-136.64,-4.88,-117.12,-87.84,-48.8
-78.08,-92.72,-14.64,87.84,-34.16,-53.68,9.76,-131.76,0,-112.24,-82.96,-68.32
-78.08,-92.72,-14.64,87.84,-34.16,-53.68,19.52,-126.88,4.88,-102.48,-82.96,-29.28
-68.32,-97.6,-29.28,82.96,-19.52,-63.44,14.64,-126.88,4.88,-97.6,-78.08,-53.68
-68.32,-107.36,-39.04,87.84,-14.64,-73.2,24.4,-122,4.88,-92.72,-87.84,-14.64
-63.44,-102.48,-39.04,82.96,-14.64,-73.2,29.28,-122,9.76,-102.48,-78.08,-24.4
-68.32,-97.6,-29.28,82.96,-19.52,-63.44,19.52,-126.88,0,-112.24,-73.2,-48.8
-68.32,-92.72,-24.4,82.96,-24.4,-58.56,19.52,-126.88,0,-117.12,-82.96,-73.2
-78.08,-82.96,-4.88,82.96,-39.04,-43.92,24.4,-131.76,0,-122,-78.08,-43.92
-97.6,-82.96,14.64,92.72,-58.56,-34.16,14.64,-136.64,-9.76,-122,-112.24,-53.68
-87.84,-78.08,9.76,82.96,-48.8,-34.16,29.28,-126.88,-14.64,-126.88,-97.6,-87.84
-87.84,-73.2,14.64,82.96,-53.68,-29.28,53.68,-107.36,-4.88,-122,-82.96,-68.32
-82.96,-68.32,14.64,78.08,-48.8,-29.28,68.32,-97.6,0,-117.12,-97.6,-19.52
-73.2,-68.32,4.88,73.2,-39.04,-34.16,97.6,-58.56,34.16,-92.72,-87.84,-34.16
-73.2,-73.2,0,73.2,-39.04,-39.04,117.12,-4.88,82.96,-58.56,-78.08,-68.32
-68.32,-68.32,0,68.32,-34.16,-34.16,136.64,63.44,156.16,4.88,-34.16,-43.92
-68.32,-48.8,19.52,58.56,-43.92,-14.64,151.28,151.28,239.12,82.96,34.16,-39.04
-58.56,-29.28,29.28,43.92,-43.92,0,146.4,234.24,341.6,190.32,97.6,29.28
-9.76,4.88,14.64,4.88,-14.64,9.76,117.12,312.32,468.48,312.32,224.48,122
73.2,53.68,-19.52,-63.44,43.92,14.64,73.2,405.04,619.76,473.36,341.6,224.48
146.4,97.6,-48.8,-122,97.6,24.4,24.4,536.8,834.48,673.44,502.64,283.04
248.88,156.16,-92.72,-200.08,170.8,29.28,-29.28,619.76,1024.8,883.28,668.56,380.64
346.48,219.6,-126.88,-283.04,234.24,43.92,-102.48,561.2,1141.92,1044.32,834.48,502.64
439.2,287.92,-151.28,-361.12,292.8,68.32,-209.84,444.08,1239.52,1195.6,995.52,644.16
512.4,366,-146.4,-439.2,326.96,107.36,-331.84,297.68,1312.72,1342,1156.56,732
590.48,405.04,-185.44,-497.76,385.52,107.36,-453.84,151.28,1356.64,1449.36,1283.44,829.6
663.68,463.6,-200.08,-561.2,429.44,131.76,-570.96,14.64,1351.76,1498.16,1376.16,907.68
722.24,531.92,-190.32,-624.64,453.84,170.8,-663.68,-68.32,1332.24,1512.8,1439.6,961.36
756.4,595.36,-161.04,-673.44,458.72,214.72,-751.52,-161.04,1224.88,1400.56,1381.04,956.48
756.4,566.08,-190.32,-658.8,473.36,185.44,-824.72,-287.92,1005.28,1166.32,1278.56,873.52
712.48,478.24,-234.24,-595.36,473.36,122,-878.4,-444.08,727.12,854,1005.28,756.4
634.4,341.6,-292.8,-488,463.6,24.4,-893.04,-624.64,434.32,531.92,707.6,610
561.2,258.64,-302.56,-409.92,429.44,-24.4,-858.88,-775.92,195.2,278.16,507.52,507.52
473.36,200.08,-273.28,-336.72,370.88,-39.04,-790.56,-902.8,-19.52,63.44,312.32,385.52
390.4,117.12,-273.28,-253.76,331.84,-78.08,-751.52,-1054.08,-268.4,-170.8,126.88,244
273.28,48.8,-224.48,-161.04,248.88,-87.84,-707.6,-1195.6,-522.16,-400.16,-43.92,151.28
151.28,0,-151.28,-73.2,151.28,-78.08,-629.52,-1263.92,-707.6,-575.84,-209.84,58.56
82.96,-14.64,-97.6,-34.16,87.84,-58.56,-546.56,-1195.6,-756.4,-658.8,-292.8,-43.92
29.28,-19.52,-48.8,-4.88,39.04,-34.16,-473.36,-1044.32,-688.08,-624.64,-322.08,-87.84
-14.64,-34.16,-19.52,24.4,0,-29.28,-405.04,-883.28,-561.2,-536.8,-302.56,-68.32
-19.52,-29.28,-9.76,24.4,-4.88,-19.52,-351.36,-727.12,-424.56,-439.2,-214.72,-82.96
-19.52,-39.04,-19.52,29.28,0,-29.28,-283.04,-585.6,-312.32,-351.36,-161.04,-73.2
-9.76,-48.8,-39.04,29.28,14.64,-43.92,-219.6,-463.6,-219.6,-283.04,-141.52,-63.44
0,-68.32,-68.32,34.16,34.16,-68.32,-156.16,-361.12,-146.4,-224.48,-136.64,-43.92
9.76,-78.08,-87.84,34.16,48.8,-82.96,-102.48,-273.28,-92.72,-175.68,-117.12,-48.8
24.4,-78.08,-102.48,29.28,63.44,-92.72,-58.56,-200.08,-58.56,-151.28,-78.08,-82.96
29.28,-58.56,-87.84,14.64,58.56,-73.2,-34.16,-151.28,-24.4,-136.64,-63.44,-78.08
19.52,-39.04,-58.56,9.76,39.04,-48.8,-9.76,-117.12,-4.88,-117.12,-68.32,-53.68
29.28,-19.52,-48.8,-4.88,39.04,-34.16,-4.88,-102.48,9.76,-107.36,-82.96,-43.92
9.76,-29.28,-39.04,9.76,24.4,-34.16,4.88,-97.6,19.52,-102.48,-82.96,-68.32
9.76,-19.52,-29.28,4.88,19.52,-24.4,4.88,-97.6,19.52,-107.36,-82.96,-24.4
4.88,-19.52,-24.4,9.76,14.64,-24.4,14.64,-82.96,24.4,-102.48,-29.28,29.28
14.64,-29.28,-43.92,9.76,29.28,-39.04,14.64,-87.84,9.76,-112.24,-63.44,-14.64
9.76,-43.92,-53.68,19.52,29.28,-48.8,24.4,-82.96,14.64,-107.36,-63.44,-39.04
4.88,-53.68,-58.56,24.4,29.28,-58.56,24.4,-73.2,9.76,-117.12,-34.16,-43.92
-4.88,-63.44,-58.56,34.16,24.4,-63.44,43.92,-53.68,14.64,-117.12,-34.16,-58.56
-4.88,-53.68,-48.8,29.28,19.52,-53.68,43.92,-43.92,9.76,-117.12,-63.44,-58.56
0,-48.8,-48.8,24.4,24.4,-48.8,43.92,-43.92,9.76,-117.12,-68.32,-97.6
14.64,-29.28,-43.92,9.76,29.28,-39.04,48.8,-34.16,14.64,-112.24,-87.84,-78.08
9.76,-29.28,-39.04,9.76,24.4,-34.16,43.92,-34.16,19.52,-102.48,-87.84,-39.04
9.76,-34.16,-43.92,14.64,24.4,-39.04,34.16,-39.04,24.4,-102.48,-87.84,-78.08
14.64,-39.04,-53.68,14.64,34.16,-48.8,34.16,-43.92,19.52,-102.48,-92.72,-73.2
19.52,-43.92,-63.44,14.64,39.04,-53.68,39.04,-39.04,19.52,-97.6,-87.84,-92.72
24.4,-58.56,-82.96,19.52,53.68,-73.2,43.92,-39.04,24.4,-97.6,-92.72,-58.56
19.52,-53.68,-73.2,19.52,43.92,-63.44,48.8,-34.16,19.52,-107.36,-102.48,-34.16
4.88,-68.32,-73.2,34.16,39.04,-73.2,58.56,-19.52,19.52,-107.36,-73.2,-29.28
-9.76,-58.56,-48.8,34.16,19.52,-53.68,63.44,-4.88,29.28,-102.48,-63.44,-34.16
-9.76,-53.68,-43.92,34.16,14.64,-48.8,58.56,-4.88,19.52,-102.48,-78.08,-19.52
-19.52,-63.44,-43.92,43.92,9.76,-53.68,48.8,-9.76,14.64,-112.24,-68.32,-43.92
-4.88,-53.68,-48.8,29.28,19.52,-53.68,43.92,-9.76,19.52,-102.48,-63.44,-68.32
0,-39.04,-39.04,19.52,19.52,-39.04,48.8,-9.76,29.28,-87.84,-63.44,-112.24
24.4,-34.16,-58.56,4.88,39.04,-48.8,53.68,-4.88,29.28,-82.96,-53.68,-73.2
19.52,-39.04,-58.56,9.76,39.04,-48.8,48.8,-14.64,24.4,-87.84,-82.96,-73.2
19.52,-53.68,-73.2,19.52,43.92,-63.44,48.8,-14.64,19.52,-92.72,-92.72,-82.96
29.28,-43.92,-73.2,9.76,48.8,-58.56,63.44,-4.88,14.64,-97.6,-78.08,-53.68
34.16,-58.56,-92.72,14.64,63.44,-78.08,68.32,9.76,14.64,-97.6,-78.08,-19.52
29.28,-68.32,-97.6,19.52,63.44,-82.96,68.32,19.52,19.52,-97.6,-78.08,-19.52
24.4,-82.96,-107.36,29.28,63.44,-97.6,73.2,24.4,24.4,-87.84,-78.08,14.64
24.4,-78.08,-102.48,29.28,63.44,-92.72,82.96,29.28,24.4,-78.08,-63.44,4.88
19.52,-78.08,-97.6,29.28,58.56,-87.84,68.32,29.28,24.4,-78.08,-73.2,-73.2
19.52,-53.68,-73.2,19.52,43.92,-63.44,53.68,14.64,19.52,-78.08,-63.44,-68.32
14.64,-39.04,-53.68,14.64,34.16,-48.8,48.8,4.88,9.76,-87.84,-68.32,-78.08
34.16,-19.52,-53.68,-4.88,43.92,-39.04,39.04,-4.88,0,-97.6,-68.32,-78.08
48.8,-14.64,-63.44,-14.64,53.68,-39.04,43.92,0,4.88,-92.72,-78.08,-92.72
43.92,-24.4,-68.32,-9.76,53.68,-48.8,48.8,9.76,0,-97.6,-63.44,-97.6
43.92,-39.04,-82.96,0,63.44,-63.44,63.44,29.28,0,-87.84,-82.96,-87.84
43.92,-53.68,-97.6,4.88,68.32,-78.08,73.2,43.92,14.64,-78.08,-63.44,-78.08
58.56,-58.56,-117.12,0,87.84,-87.84,68.32,43.92,9.76,-73.2,-78.08,-82.96
63.44,-43.92,-107.36,-9.76,82.96,-78.08,63.44,48.8,9.76,-73.2,-73.2,-58.56
24.4,-63.44,-87.84,19.52,53.68,-78.08,63.44,48.8,9.76,-68.32,-58.56,-68.32
14.64,-53.68,-68.32,19.52,39.04,-63.44,53.68,43.92,14.64,-63.44,-78.08,-48.8
39.04,-39.04,-78.08,0,58.56,-58.56,43.92,34.16,4.88,-68.32,-87.84,-82.96
39.04,-19.52,-58.56,-9.76,48.8,-39.04,39.04,34.16,4.88,-73.2,-73.2,-82.96
39.04,-14.64,-53.68,-9.76,43.92,-34.16,43.92,34.16,9.76,-68.32,-78.08,-78.08
48.8,-19.52,-68.32,-14.64,58.56,-43.92,48.8,39.04,0,-78.08,-87.84,-92.72
53.68,-39.04,-92.72,-4.88,73.2,-68.32,58.56,58.56,4.88,-78.08,-102.48,-97.6
53.68,-48.8,-102.48,0,78.08,-78.08,68.32,73.2,24.4,-63.44,-82.96,-63.44
63.44,-63.44,-126.88,0,92.72,-97.6,73.2,82.96,29.28,-58.56,-73.2,-24.4
68.32,-53.68,-122,-4.88,92.72,-87.84,68.32,82.96,34.16,-48.8,-68.32,-19.52
63.44,-58.56,-122,0,92.72,-92.72,63.44,82.96,34.16,-48.8,-78.08,-14.64
53.68,-39.04,-92.72,-4.88,73.2,-68.32,43.92,68.32,34.16,-53.68,-97.6,-29.28
73.2,-14.64,-87.84,-29.28,78.08,-53.68,43.92,68.32,29.28,-53.68,-82.96,-58.56
68.32,-14.64,-82.96,-24.4,73.2,-48.8,39.04,63.44,29.28,-53.68,-73.2,-48.8
58.56,-24.4,-82.96,-14.64,68.32,-53.68,43.92,68.32,29.28,-53.68,-97.6,-63.44
43.92,-24.4,-68.32,-9.76,53.68,-48.8,58.56,78.08,39.04,-48.8,-73.2,-48.8
34.16,-34.16,-68.32,0,48.8,-53.68,68.32,107.36,48.8,-39.04,-43.92,-9.76
34.16,-24.4,-58.56,-4.88,43.92,-43.92,78.08,117.12,58.56,-29.28,-34.16,29.28
24.4,-39.04,-63.44,9.76,43.92,-53.68,78.08,122,63.44,-19.52,-4.88,4.88
24.4,-34.16,-58.56,4.88,39.04,-48.8,78.08,131.76,73.2,-14.64,4.88,39.04
29.28,-34.16,-63.44,4.88,43.92,-48.8,68.32,126.88,73.2,-9.76,-58.56,4.88
19.52,-19.52,-39.04,0,29.28,-29.28,68.32,122,73.2,-4.88,-48.8,-4.88
9.76,-4.88,-14.64,0,9.76,-9.76,73.2,136.64,82.96,4.88,-9.76,-4.88
-29.28,4.88,34.16,14.64,-34.16,19.52,78.08,146.4,92.72,14.64,9.76,0
0,-4.88,-4.88,4.88,0,-4.88,68.32,136.64,82.96,0,-19.52,-34.16
-9.76,-4.88,4.88,9.76,-9.76,0,87.84,151.28,97.6,9.76,-19.52,-29.28
-14.64,-19.52,-4.88,19.52,-4.88,-14.64,92.72,175.68,97.6,29.28,-14.64,-14.64
-9.76,-19.52,-9.76,14.64,0,-14.64,97.6,185.44,107.36,29.28,-14.64,-9.76
-4.88,-34.16,-29.28,19.52,9.76,-34.16,102.48,195.2,122,34.16,-4.88,29.28
-14.64,-29.28,-14.64,24.4,0,-24.4,102.48,204.96,136.64,39.04,-9.76,4.88
-24.4,-19.52,4.88,24.4,-14.64,-9.76,107.36,214.72,151.28,53.68,24.4,34.16
-9.76,14.64,24.4,0,-19.52,19.52,97.6,204.96,151.28,73.2,29.28,48.8
-24.4,24.4,48.8,0,-39.04,34.16,87.84,204.96,151.28,58.56,9.76,-4.88
-29.28,43.92,73.2,-4.88,-53.68,58.56,92.72,204.96,161.04,58.56,4.88,0
-19.52,43.92,63.44,-9.76,-43.92,53.68,92.72,209.84,161.04,58.56,-9.76,19.52
-14.64,34.16,48.8,-9.76,-34.16,39.04,97.6,224.48,165.92,58.56,14.64,58.56
-14.64,14.64,29.28,0,-24.4,19.52,92.72,234.24,156.16,63.44,19.52,43.92
-24.4,0,24.4,14.64,-24.4,9.76,107.36,253.76,180.56,87.84,34.16,-4.88
-39.04,-4.88,34.16,24.4,-39.04,14.64,117.12,273.28,195.2,92.72,39.04,-9.76
-34.16,14.64,48.8,9.76,-43.92,29.28,112.24,283.04,209.84,97.6,39.04,29.28
-19.52,43.92,63.44,-9.76,-43.92,53.68,112.24,292.8,219.6,107.36,43.92,43.92
-29.28,58.56,87.84,-14.64,-58.56,73.2,117.12,297.68,239.12,117.12,43.92,82.96
-14.64,58.56,73.2,-19.52,-43.92,63.44,107.36,292.8,234.24,117.12,53.68,53.68
-9.76,63.44,73.2,-24.4,-43.92,68.32,102.48,292.8,239.12,107.36,48.8,53.68
-9.76,58.56,68.32,-24.4,-39.04,63.44,112.24,307.44,253.76,122,53.68,68.32
-9.76,43.92,53.68,-14.64,-34.16,48.8,112.24,326.96,258.64,122,63.44,53.68
-9.76,48.8,58.56,-19.52,-34.16,53.68,126.88,341.6,263.52,131.76,78.08,73.2
-9.76,48.8,58.56,-19.52,-34.16,53.68,131.76,356.24,278.16,141.52,68.32,122
-9.76,43.92,53.68,-14.64,-34.16,48.8,136.64,375.76,297.68,156.16,78.08,107.36
-4.88,53.68,58.56,-24.4,-34.16,53.68,136.64,390.4,307.44,161.04,97.6,82.96
-14.64,68.32,82.96,-24.4,-48.8,73.2,136.64,395.28,322.08,170.8,97.6,112.24
-9.76,87.84,97.6,-39.04,-53.68,92.72,131.76,390.4,336.72,180.56,107.36,73.2
4.88,112.24,107.36,-58.56,-53.68,107.36,126.88,405.04,341.6,190.32,102.48,97.6
4.88,117.12,112.24,-58.56,-53.68,112.24,126.88,409.92,351.36,195.2,131.76,73.2
14.64,117.12,102.48,-63.44,-43.92,107.36,131.76,424.56,361.12,204.96,146.4,87.84
19.52,107.36,87.84,-63.44,-34.16,97.6,136.64,444.08,370.88,214.72,136.64,117.12
24.4,102.48,78.08,-63.44,-29.28,87.84,146.4,458.72,385.52,219.6,131.76,122
29.28,102.48,73.2,-63.44,-24.4,87.84,151.28,478.24,395.28,234.24,146.4,102.48
14.64,82.96,68.32,-48.8,-29.28,73.2,151.28,492.88,409.92,239.12,151.28,117.12
14.64,78.08,63.44,-43.92,-24.4,68.32,141.52,502.64,419.68,244,165.92,151.28
14.64,117.12,102.48,-63.44,-43.92,107.36,146.4,517.28,439.2,263.52,170.8,165.92
19.52,136.64,117.12,-78.08,-48.8,126.88,141.52,512.4,458.72,268.4,185.44,122
34.16,151.28,117.12,-92.72,-43.92,131.76,136.64,522.16,458.72,278.16,195.2,146.4
39.04,170.8,131.76,-102.48,-48.8,151.28,126.88,522.16,458.72,278.16,204.96,141.52
34.16,170.8,136.64,-102.48,-53.68,151.28,136.64,536.8,473.36,287.92,224.48,156.16
82.96,180.56,97.6,-131.76,-9.76,136.64,131.76,546.56,473.36,287.92,190.32,136.64
68.32,175.68,107.36,-122,-19.52,141.52,146.4,570.96,497.76,307.44,234.24,180.56
48.8,161.04,112.24,-102.48,-34.16,136.64,161.04,590.48,507.52,322.08,239.12,185.44
68.32,156.16,87.84,-112.24,-9.76,122,161.04,600.24,507.52,326.96,224.48,156.16
63.44,156.16,92.72,-107.36,-14.64,122,146.4,595.36,507.52,322.08,219.6,165.92
53.68,161.04,107.36,-107.36,-29.28,131.76,141.52,600.24,517.28,336.72,224.48,190.32
53.68,180.56,126.88,-117.12,-39.04,151.28,136.64,595.36,527.04,341.6,234.24,204.96
73.2,204.96,131.76,-136.64,-29.28,165.92,136.64,600.24,531.92,351.36,263.52,190.32
87.84,224.48,136.64,-156.16,-24.4,180.56,126.88,595.36,536.8,351.36,278.16,185.44
68.32,195.2,126.88,-131.76,-29.28,161.04,131.76,600.24,541.68,351.36,278.16,229.36
82.96,195.2,112.24,-136.64,-14.64,151.28,131.76,610,541.68,351.36,253.76,219.6
97.6,200.08,102.48,-146.4,-4.88,151.28,126.88,619.76,536.8,356.24,258.64,200.08
87.84,190.32,102.48,-136.64,-9.76,146.4,141.52,629.52,551.44,370.88,278.16,190.32
78.08,180.56,102.48,-126.88,-14.64,141.52,146.4,639.28,566.08,385.52,283.04,219.6
73.2,185.44,112.24,-126.88,-19.52,146.4,141.52,644.16,570.96,390.4,283.04,224.48
78.08,190.32,112.24,-131.76,-19.52,151.28,126.88,624.64,561.2,400.16,263.52,204.96
82.96,204.96,122,-141.52,-19.52,161.04,122,614.88,561.2,395.28,263.52,234.24
82.96,219.6,136.64,-151.28,-29.28,175.68,112.24,600.24,546.56,385.52,258.64,239.12
82.96,229.36,146.4,-156.16,-34.16,185.44,107.36,595.36,551.44,370.88,258.64,234.24
78.08,219.6,141.52,-146.4,-34.16,180.56,117.12,600.24,556.32,380.64,268.4,248.88
73.2,209.84,136.64,-141.52,-34.16,170.8,122,590.48,551.44,375.76,268.4,219.6
82.96,204.96,122,-141.52,-19.52,161.04,122,585.6,536.8,375.76,283.04,263.52
78.08,190.32,112.24,-131.76,-19.52,151.28,122,580.72,541.68,375.76,326.96,239.12
78.08,185.44,107.36,-131.76,-14.64,146.4,117.12,570.96,531.92,370.88,312.32,214.72
78.08,200.08,122,-136.64,-24.4,161.04,107.36,556.32,522.16,370.88,307.44,214.72
68.32,185.44,117.12,-126.88,-24.4,151.28,97.6,531.92,512.4,361.12,287.92,204.96
82.96,180.56,97.6,-131.76,-9.76,136.64,82.96,497.76,483.12,341.6,287.92,175.68
78.08,180.56,102.48,-126.88,-14.64,141.52,73.2,488,483.12,336.72,263.52,175.68
43.92,170.8,126.88,-107.36,-43.92,146.4,82.96,473.36,478.24,331.84,244,209.84
53.68,156.16,102.48,-102.48,-24.4,126.88,73.2,444.08,458.72,317.2,258.64,185.44
58.56,151.28,92.72,-102.48,-19.52,122,68.32,424.56,439.2,302.56,253.76,161.04
39.04,141.52,102.48,-87.84,-34.16,122,78.08,419.68,419.68,297.68,253.76,190.32
34.16,131.76,97.6,-82.96,-34.16,112.24,73.2,400.16,405.04,283.04,268.4,185.44
29.28,122,92.72,-73.2,-34.16,107.36,73.2,375.76,395.28,273.28,248.88,209.84
43.92,141.52,97.6,-92.72,-29.28,117.12,63.44,351.36,370.88,253.76,209.84,190.32
48.8,131.76,82.96,-87.84,-19.52,107.36,53.68,322.08,351.36,239.12,195.2,185.44
43.92,122,78.08,-82.96,-19.52,97.6,43.92,287.92,326.96,219.6,190.32,141.52
14.64,126.88,112.24,-68.32,-48.8,117.12,48.8,273.28,317.2,209.84,175.68,156.16
9.76,117.12,107.36,-63.44,-48.8,112.24,39.04,244,292.8,190.32,146.4,131.76
-14.64,92.72,107.36,-39.04,-63.44,97.6,43.92,224.48,268.4,175.68,131.76,97.6
-14.64,78.08,92.72,-29.28,-53.68,82.96,43.92,209.84,248.88,156.16,136.64,107.36
-14.64,58.56,73.2,-19.52,-43.92,63.44,53.68,200.08,239.12,151.28,131.76,151.28
0,58.56,58.56,-29.28,-29.28,58.56,53.68,195.2,229.36,136.64,117.12,141.52
-4.88,48.8,53.68,-19.52,-29.28,48.8,53.68,175.68,209.84,122,107.36,131.76
-24.4,39.04,63.44,-4.88,-43.92,48.8,43.92,151.28,190.32,97.6,92.72,122
-43.92,39.04,82.96,4.88,-63.44,58.56,48.8,141.52,180.56,97.6,82.96,87.84
-34.16,43.92,78.08,-4.88,-58.56,58.56,43.92,122,165.92,92.72,73.2,63.44
-34.16,48.8,82.96,-4.88,-58.56,63.44,34.16,102.48,146.4,73.2,102.48,68.32
-39.04,43.92,82.96,0,-63.44,63.44,29.28,82.96,131.76,58.56,68.32,58.56
-48.8,34.16,82.96,9.76,-68.32,58.56,29.28,68.32,112.24,48.8,34.16,29.28
-48.8,29.28,78.08,9.76,-63.44,53.68,34.16,58.56,97.6,34.16,48.8,29.28
-48.8,14.64,63.44,19.52,-58.56,39.04,34.16,53.68,82.96,29.28,24.4,9.76
-48.8,-14.64,34.16,34.16,-43.92,9.76,29.28,48.8,78.08,19.52,14.64,0
-43.92,-29.28,14.64,39.04,-29.28,-9.76,43.92,53.68,78.08,24.4,9.76,9.76
-58.56,-34.16,24.4,48.8,-43.92,-4.88,39.04,43.92,73.2,9.76,4.88,39.04
-73.2,-24.4,48.8,48.8,-63.44,9.76,39.04,34.16,68.32,9.76,14.64,0
-63.44,0,63.44,34.16,-63.44,29.28,43.92,24.4,68.32,9.76,19.52,0
-73.2,4.88,78.08,34.16,-78.08,39.04,19.52,4.88,48.8,-9.76,9.76,4.88
-73.2,0,73.2,39.04,-73.2,34.16,14.64,-9.76,39.04,-19.52,19.52,4.88
-82.96,-14.64,68.32,48.8,-78.08,24.4,9.76,-14.64,24.4,-34.16,-19.52,-29.28
-82.96,-19.52,63.44,53.68,-73.2,19.52,19.52,-9.76,24.4,-29.28,9.76,-9.76
-68.32,-29.28,39.04,48.8,-53.68,4.88,24.4,-9.76,19.52,-34.16,0,0
-78.08,-48.8,29.28,63.44,-53.68,-9.76,24.4,-9.76,14.64,-34.16,9.76,-14.64
-82.96,-53.68,29.28,68.32,-58.56,-14.64,29.28,-4.88,14.64,-34.16,4.88,-14.64
-92.72,-63.44,29.28,78.08,-63.44,-19.52,29.28,-9.76,14.64,-34.16,24.4,-9.76
-92.72,-58.56,34.16,78.08,-63.44,-14.64,24.4,-14.64,14.64,-39.04,0,-43.92
-63.44,-34.16,29.28,48.8,-48.8,-4.88,14.64,-29.28,4.88,-43.92,-19.52,-24.4
-63.44,-29.28,34.16,48.8,-48.8,0,9.76,-34.16,4.88,-48.8,-29.28,24.4
-73.2,-19.52,53.68,48.8,-63.44,14.64,9.76,-43.92,-9.76,-53.68,-53.68,24.4
-68.32,-9.76,58.56,39.04,-63.44,24.4,9.76,-39.04,-9.76,-53.68,-43.92,-29.28
-68.32,-9.76,58.56,39.04,-63.44,24.4,9.76,-39.04,-14.64,-53.68,-43.92,-43.92
-63.44,-34.16,29.28,48.8,-48.8,-4.88,9.76,-34.16,-19.52,-58.56,-63.44,-48.8
-53.68,-48.8,4.88,53.68,-29.28,-24.4,14.64,-24.4,-14.64,-53.68,-53.68,-4.88
-58.56,-73.2,-14.64,68.32,-24.4,-43.92,24.4,-24.4,-19.52,-48.8,-48.8,-34.16
-92.72,-82.96,9.76,87.84,-53.68,-39.04,39.04,-14.64,-9.76,-39.04,-39.04,-19.52
-97.6,-78.08,19.52,87.84,-58.56,-29.28,29.28,-19.52,-9.76,-34.16,-4.88,-24.4
-87.84,-53.68,34.16,73.2,-63.44,-9.76,19.52,-29.28,-9.76,-29.28,-19.52,4.88
-68.32,-29.28,39.04,48.8,-53.68,4.88,19.52,-34.16,-19.52,-48.8,-14.64,-24.4
-73.2,-14.64,58.56,43.92,-68.32,19.52,4.88,-48.8,-34.16,-48.8,-34.16,-58.56
-58.56,-4.88,53.68,34.16,-58.56,24.4,4.88,-43.92,-29.28,-63.44,-58.56,-73.2
-53.68,-9.76,43.92,34.16,-48.8,14.64,9.76,-34.16,-24.4,-63.44,-63.44,-34.16
-63.44,-34.16,29.28,48.8,-48.8,-4.88,14.64,-34.16,-29.28,-63.44,-58.56,-39.04
-78.08,-48.8,29.28,63.44,-53.68,-9.76,29.28,-24.4,-29.28,-58.56,-43.92,-19.52
-63.44,-68.32,-4.88,68.32,-29.28,-39.04,34.16,-14.64,-19.52,-53.68,-39.04,-34.16
-63.44,-78.08,-14.64,73.2,-24.4,-48.8,24.4,-24.4,-24.4,-53.68,-34.16,-43.92
-68.32,-68.32,0,68.32,-34.16,-34.16,29.28,-29.28,-14.64,-48.8,-29.28,14.64
-73.2,-53.68,19.52,63.44,-48.8,-19.52,14.64,-34.16,-24.4,-58.56,-48.8,19.52
-78.08,-43.92,34.16,63.44,-58.56,-4.88,14.64,-39.04,-29.28,-58.56,-58.56,4.88
-63.44,-24.4,39.04,43.92,-53.68,4.88,0,-48.8,-34.16,-68.32,-53.68,-19.52
-53.68,-14.64,39.04,34.16,-48.8,9.76,0,-43.92,-34.16,-68.32,-58.56,-34.16
-63.44,-14.64,48.8,39.04,-58.56,14.64,4.88,-39.04,-29.28,-63.44,-43.92,-34.16
-68.32,-34.16,34.16,53.68,-53.68,0,19.52,-29.28,-29.28,-48.8,-39.04,-14.64
-53.68,-48.8,4.88,53.68,-29.28,-24.4,14.64,-24.4,-34.16,-63.44,-73.2,4.88
-43.92,-53.68,-9.76,48.8,-19.52,-34.16,19.52,-19.52,-29.28,-58.56,-63.44,-14.64
-43.92,-43.92,0,43.92,-24.4,-24.4,9.76,-29.28,-29.28,-68.32,-73.2,-68.32
-68.32,-48.8,19.52,58.56,-43.92,-14.64,19.52,-19.52,-19.52,-48.8,-58.56,-68.32
-63.44,-43.92,19.52,53.68,-43.92,-14.64,14.64,-29.28,-19.52,-48.8,-58.56,-19.52
-63.44,-39.04,24.4,53.68,-43.92,-9.76,14.64,-29.28,-19.52,-53.68,-68.32,-19.52
-63.44,-19.52,43.92,43.92,-53.68,9.76,4.88,-34.16,-24.4,-58.56,-68.32,-48.8
-53.68,-19.52,34.16,39.04,-43.92,4.88,14.64,-29.28,-24.4,-53.68,-48.8,-24.4
-34.16,-19.52,14.64,29.28,-24.4,-4.88,9.76,-34.16,-34.16,-53.68,-73.2,-14.64
-29.28,-24.4,4.88,29.28,-19.52,-9.76,19.52,-24.4,-24.4,-34.16,-53.68,-14.64
-39.04,-34.16,4.88,39.04,-24.4,-14.64,34.16,-9.76,-14.64,-39.04,-19.52,19.52
-48.8,-53.68,-4.88,53.68,-24.4,-29.28,39.04,-4.88,-14.64,-39.04,-39.04,-24.4
-53.68,-58.56,-4.88,58.56,-24.4,-34.16,24.4,-14.64,-24.4,-43.92,-78.08,-9.76
-48.8,-53.68,-4.88,53.68,-24.4,-29.28,19.52,-29.28,-34.16,-53.68,-73.2,-34.16
-34.16,-24.4,9.76,29.28,-24.4,-9.76,9.76,-34.16,-39.04,-48.8,-43.92,-48.8
-43.92,-34.16,9.76,39.04,-29.28,-14.64,9.76,-39.04,-39.04,-43.92,-53.68,-63.44
-53.68,-34.16,19.52,43.92,-39.04,-9.76,9.76,-39.04,-39.04,-58.56,-87.84,-48.8
-78.08,-43.92,34.16,63.44,-58.56,-4.88,29.28,-14.64,-29.28,-39.04,-73.2,0
-58.56,-48.8,9.76,53.68,-34.16,-19.52,24.4,-9.76,-24.4,-43.92,-78.08,-19.52
-48.8,-48.8,0,48.8,-24.4,-24.4,29.28,-14.64,-29.28,-48.8,-68.32,-19.52
-48.8,-34.16,14.64,43.92,-34.16,-9.76,24.4,-14.64,-29.28,-53.68,-58.56,-14.64
-43.92,-24.4,19.52,34.16,-34.16,-4.88,24.4,-14.64,-39.04,-53.68,-39.04,-9.76
-34.16,9.76,43.92,14.64,-39.04,24.4,14.64,-19.52,-34.16,-63.44,-39.04,-34.16
-34.16,0,34.16,19.52,-34.16,14.64,9.76,-24.4,-34.16,-58.56,-43.92,-34.16
-34.16,-4.88,29.28,19.52,-34.16,9.76,9.76,-29.28,-29.28,-53.68,-58.56,-4.88
-48.8,-24.4,24.4,39.04,-39.04,0,19.52,-19.52,-29.28,-43.92,-24.4,0
-53.68,-48.8,4.88,53.68,-29.28,-24.4,19.52,-19.52,-29.28,-48.8,-9.76,34.16
-39.04,-58.56,-19.52,48.8,-9.76,-39.04,19.52,-19.52,-29.28,-48.8,-73.2,19.52
-34.16,-53.68,-19.52,43.92,-9.76,-39.04,14.64,-19.52,-34.16,-53.68,-82.96,-29.28
-29.28,-63.44,-34.16,48.8,0,-48.8,14.64,-19.52,-39.04,-58.56,-78.08,-53.68
-19.52,-34.16,-14.64,29.28,-4.88,-24.4,9.76,-24.4,-53.68,-63.44,-68.32,-73.2
-39.04,-34.16,4.88,39.04,-24.4,-14.64,4.88,-24.4,-48.8,-63.44,-78.08,-68.32
-48.8,-14.64,34.16,34.16,-43.92,9.76,9.76,-19.52,-43.92,-58.56,-63.44,-43.92
-39.04,4.88,43.92,19.52,-43.92,24.4,14.64,-19.52,-34.16,-53.68,-63.44,-43.92
-48.8,-4.88,43.92,29.28,-48.8,19.52,9.76,-29.28,-43.92,-58.56,-92.72,-63.44
-39.04,-29.28,9.76,34.16,-24.4,-9.76,14.64,-24.4,-39.04,-53.68,-82.96,-53.68
-43.92,-53.68,-9.76,48.8,-19.52,-34.16,14.64,-19.52,-34.16,-48.8,-58.56,-43.92
-39.04,-68.32,-29.28,53.68,-4.88,-48.8,14.64,-19.52,-34.16,-53.68,-53.68,0
-43.92,-58.56,-14.64,53.68,-14.64,-39.04,29.28,-9.76,-29.28,-48.8,-53.68,0
-39.04,-48.8,-9.76,43.92,-14.64,-29.28,24.4,-14.64,-34.16,-53.68,-53.68,-9.76
-48.8,-43.92,4.88,48.8,-29.28,-19.52,9.76,-24.4,-48.8,-53.68,-78.08,-29.28
-29.28,-14.64,14.64,24.4,-24.4,0,4.88,-29.28,-53.68,-63.44,-97.6,-39.04
-19.52,0,19.52,9.76,-19.52,9.76,-4.88,-34.16,-53.68,-78.08,-102.48,-19.52
-19.52,-4.88,14.64,14.64,-19.52,4.88,-4.88,-39.04,-53.68,-78.08,-97.6,-9.76
-39.04,-14.64,24.4,29.28,-34.16,4.88,4.88,-39.04,-48.8,-68.32,-87.84,-39.04
-39.04,-39.04,0,39.04,-19.52,-19.52,9.76,-39.04,-43.92,-63.44,-82.96,-39.04
-34.16,-53.68,-19.52,43.92,-9.76,-39.04,9.76,-29.28,-39.04,-63.44,-63.44,-58.56
-43.92,-68.32,-24.4,58.56,-9.76,-48.8,9.76,-34.16,-43.92,-68.32,-48.8,-48.8
-29.28,-58.56,-29.28,43.92,0,-43.92,14.64,-34.16,-48.8,-68.32,-48.8,-39.04
-9.76,-43.92,-34.16,29.28,9.76,-39.04,19.52,-29.28,-48.8,-68.32,-68.32,-43.92
-24.4,-39.04,-14.64,34.16,-4.88,-29.28,4.88,-34.16,-63.44,-78.08,-58.56,-58.56
-24.4,-29.28,-4.88,29.28,-9.76,-19.52,0,-39.04,-68.32,-78.08,-73.2,-63.44
-19.52,-14.64,4.88,19.52,-14.64,-4.88,-9.76,-48.8,-73.2,-82.96,-73.2,-73.2
-9.76,-14.64,-4.88,14.64,-4.88,-9.76,-9.76,-53.68,-73.2,-82.96,-78.08,-14.64
-4.88,-4.88,0,4.88,-4.88,-4.88,-9.76,-53.68,-63.44,-82.96,-68.32,-24.4
-9.76,-29.28,-19.52,19.52,4.88,-24.4,-4.88,-53.68,-63.44,-73.2,-68.32,-9.76
-4.88,-39.04,-34.16,24.4,14.64,-39.04,4.88,-39.04,-53.68,-68.32,-68.32,-19.52
-4.88,-43.92,-39.04,24.4,14.64,-43.92,9.76,-39.04,-48.8,-73.2,-48.8,-58.56
9.76,-39.04,-48.8,14.64,29.28,-43.92,14.64,-39.04,-53.68,-73.2,-24.4,-34.16
24.4,-34.16,-58.56,4.88,39.04,-48.8,4.88,-43.92,-63.44,-82.96,-68.32,-29.28
0,-39.04,-39.04,19.52,19.52,-39.04,-9.76,-58.56,-82.96,-97.6,-58.56,-39.04
-24.4,-34.16,-9.76,29.28,-9.76,-24.4,-14.64,-63.44,-87.84,-102.48,-68.32,-87.84
-24.4,-19.52,4.88,24.4,-14.64,-9.76,-9.76,-63.44,-82.96,-97.6,-78.08,-78.08
-9.76,-29.28,-19.52,19.52,4.88,-24.4,-14.64,-73.2,-87.84,-102.48,-63.44,-87.84
-14.64,-29.28,-14.64,24.4,0,-24.4,-14.64,-73.2,-82.96,-97.6,-82.96,-82.96
-19.52,-29.28,-9.76,24.4,-4.88,-19.52,-9.76,-73.2,-82.96,-97.6,-73.2,-58.56
-29.28,-48.8,-19.52,39.04,-4.88,-34.16,-19.52,-78.08,-82.96,-102.48,-73.2,-39.04
-9.76,-43.92,-34.16,29.28,9.76,-39.04,-14.64,-73.2,-82.96,-102.48,-53.68,-29.28
-4.88,-43.92,-39.04,24.4,14.64,-43.92,-14.64,-73.2,-92.72,-102.48,-63.44,-78.08
-14.64,-58.56,-43.92,39.04,14.64,-53.68,-4.88,-68.32,-82.96,-97.6,-78.08,-73.2
-9.76,-53.68,-43.92,34.16,14.64,-48.8,-14.64,-68.32,-92.72,-102.48,-78.08,-63.44
0,-34.16,-34.16,19.52,14.64,-34.16,-19.52,-78.08,-102.48,-112.24,-97.6,-63.44
-14.64,-14.64,0,14.64,-9.76,-9.76,-19.52,-78.08,-107.36,-112.24,-78.08,-58.56
-24.4,-19.52,4.88,24.4,-14.64,-9.76,-24.4,-87.84,-112.24,-112.24,-87.84,-68.32
-24.4,-34.16,-9.76,29.28,-9.76,-24.4,-29.28,-97.6,-112.24,-122,-63.44,-48.8
-14.64,-43.92,-29.28,29.28,4.88,-39.04,-19.52,-92.72,-107.36,-112.24,-82.96,-63.44
-24.4,-58.56,-34.16,43.92,4.88,-48.8,-9.76,-82.96,-102.48,-102.48,-78.08,-68.32
-9.76,-78.08,-68.32,43.92,29.28,-73.2,-14.64,-82.96,-102.48,-107.36,-53.68,-29.28
-4.88,-73.2,-68.32,39.04,29.28,-73.2,-19.52,-82.96,-107.36,-117.12,-39.04,-4.88
-9.76,-78.08,-68.32,43.92,29.28,-73.2,-14.64,-87.84,-117.12,-117.12,-34.16,-58.56
19.52,-48.8,-68.32,14.64,43.92,-58.56,-29.28,-87.84,-126.88,-126.88,-87.84,-82.96
39.04,-29.28,-68.32,-4.88,53.68,-48.8,-34.16,-102.48,-141.52,-141.52,-87.84,-102.48
0,-24.4,-24.4,14.64,9.76,-24.4,-34.16,-97.6,-136.64,-136.64,-58.56,-73.2
-24.4,-19.52,4.88,24.4,-14.64,-9.76,-19.52,-92.72,-117.12,-126.88,-24.4,-53.68
-29.28,-24.4,4.88,29.28,-19.52,-9.76,-19.52,-87.84,-117.12,-122,-24.4,-87.84
-24.4,-53.68,-29.28,39.04,0,-43.92,-24.4,-97.6,-122,-126.88,-68.32,-68.32
-14.64,-63.44,-48.8,39.04,14.64,-58.56,-24.4,-97.6,-122,-131.76,-53.68,-43.92
-14.64,-78.08,-63.44,48.8,24.4,-73.2,-19.52,-92.72,-122,-126.88,-48.8,-92.72
-9.76,-78.08,-68.32,43.92,29.28,-73.2,-24.4,-92.72,-122,-126.88,-73.2,-63.44
-4.88,-78.08,-73.2,43.92,34.16,-78.08,-19.52,-97.6,-131.76,-126.88,-53.68,-43.92
9.76,-63.44,-73.2,29.28,39.04,-68.32,-29.28,-97.6,-136.64,-131.76,-48.8,-39.04
24.4,-34.16,-58.56,4.88,39.04,-48.8,-29.28,-102.48,-141.52,-136.64,-63.44,-73.2
9.76,-29.28,-39.04,9.76,24.4,-34.16,-34.16,-107.36,-141.52,-136.64,-43.92,-43.92
-19.52,-29.28,-9.76,24.4,-4.88,-19.52,-29.28,-102.48,-141.52,-131.76,-58.56,-87.84
-24.4,-24.4,0,24.4,-14.64,-14.64,-34.16,-107.36,-141.52,-131.76,-39.04,-97.6
-9.76,-43.92,-34.16,29.28,9.76,-39.04,-29.28,-107.36,-136.64,-131.76,-63.44,-78.08
-9.76,-58.56,-48.8,34.16,19.52,-53.68,-19.52,-102.48,-136.64,-126.88,-73.2,-63.44
-9.76,-68.32,-58.56,39.04,24.4,-63.44,-24.4,-102.48,-141.52,-126.88,-73.2,-43.92
-14.64,-78.08,-63.44,48.8,24.4,-73.2,-24.4,-102.48,-151.28,-131.76,-82.96,-78.08
4.88,-68.32,-73.2,34.16,39.04,-73.2,-24.4,-102.48,-151.28,-131.76,-87.84,-78.08
4.88,-53.68,-58.56,24.4,29.28,-58.56,-24.4,-102.48,-151.28,-136.64,-87.84,-87.84
0,-63.44,-63.44,34.16,29.28,-63.44,-24.4,-102.48,-151.28,-131.76,-82.96,-82.96
4.88,-48.8,-53.68,24.4,29.28,-53.68,-29.28,-107.36,-156.16,-136.64,-78.08,-43.92
4.88,-24.4,-29.28,9.76,14.64,-29.28,-48.8,-122,-161.04,-146.4,-63.44,-29.28
4.88,-14.64,-19.52,4.88,9.76,-19.52,-39.04,-117.12,-156.16,-136.64,-73.2,-58.56
0,-24.4,-24.4,14.64,9.76,-24.4,-34.16,-117.12,-156.16,-136.64,-43.92,-82.96
-4.88,-29.28,-24.4,19.52,9.76,-29.28,-48.8,-122,-165.92,-141.52,-82.96,-102.48
14.64,-24.4,-39.04,4.88,24.4,-34.16,-48.8,-122,-161.04,-141.52,-92.72,-87.84
-14.64,-53.68,-39.04,34.16,9.76,-48.8,-43.92,-117.12,-165.92,-136.64,-68.32,-97.6
-19.52,-92.72,-73.2,58.56,24.4,-82.96,-53.68,-122,-175.68,-141.52,-68.32,-117.12
9.76,-87.84,-97.6,39.04,53.68,-92.72,-53.68,-122,-175.68,-146.4,-78.08,-82.96
29.28,-58.56,-87.84,14.64,58.56,-73.2,-39.04,-112.24,-161.04,-126.88,-63.44,-63.44
0,-63.44,-63.44,34.16,29.28,-63.44,-24.4,-92.72,-141.52,-112.24,-68.32,-19.52
4.88,-68.32,-73.2,34.16,39.04,-73.2,-29.28,-102.48,-151.28,-117.12,-68.32,-24.4
4.88,-48.8,-53.68,24.4,29.28,-53.68,-39.04,-112.24,-161.04,-122,-63.44,-78.08
-4.88,-29.28,-24.4,19.52,9.76,-29.28,-43.92,-122,-161.04,-122,-58.56,-97.6
4.88,-29.28,-34.16,14.64,19.52,-34.16,-48.8,-122,-165.92,-126.88,-48.8,-53.68
4.88,-43.92,-48.8,19.52,24.4,-48.8,-43.92,-117.12,-165.92,-122,-58.56,-82.96
0,-48.8,-48.8,24.4,24.4,-48.8,-39.04,-112.24,-165.92,-117.12,-68.32,-102.48
-9.76,-73.2,-63.44,43.92,24.4,-68.32,-34.16,-107.36,-165.92,-126.88,-78.08,-117.12
-4.88,-73.2,-68.32,39.04,29.28,-73.2,-34.16,-107.36,-165.92,-126.88,-92.72,-102.48
0,-82.96,-82.96,43.92,39.04,-82.96,-34.16,-102.48,-161.04,-117.12,-87.84,-97.6
4.88,-78.08,-82.96,39.04,43.92,-82.96,-34.16,-107.36,-161.04,-117.12,-48.8,-112.24
14.64,-58.56,-73.2,24.4,43.92,-68.32,-34.16,-112.24,-156.16,-122,-63.44,-102.48
9.76,-29.28,-39.04,9.76,24.4,-34.16,-48.8,-126.88,-165.92,-131.76,-102.48,-102.48
9.76,-39.04,-48.8,14.64,29.28,-43.92,-43.92,-126.88,-165.92,-126.88,-82.96,-92.72
4.88,-34.16,-39.04,14.64,19.52,-39.04,-43.92,-122,-165.92,-122,-48.8,-68.32
-4.88,-39.04,-34.16,24.4,14.64,-39.04,-48.8,-122,-165.92,-126.88,-82.96,-87.84
-4.88,-43.92,-39.04,24.4,14.64,-43.92,-43.92,-117.12,-165.92,-122,-102.48,-87.84
4.88,-58.56,-63.44,29.28,34.16,-63.44,-43.92,-117.12,-170.8,-131.76,-97.6,-102.48
9.76,-68.32,-78.08,29.28,43.92,-73.2,-43.92,-112.24,-170.8,-126.88,-78.08,-87.84
4.88,-82.96,-87.84,39.04,43.92,-87.84,-39.04,-112.24,-165.92,-122,-78.08,-92.72
-4.88,-92.72,-87.84,48.8,39.04,-92.72,-48.8,-112.24,-170.8,-126.88,-102.48,-48.8
-14.64,-92.72,-78.08,53.68,29.28,-87.84,-43.92,-112.24,-165.92,-122,-87.84,-97.6
0,-63.44,-63.44,34.16,29.28,-63.44,-48.8,-122,-170.8,-126.88,-58.56,-78.08
0,-34.16,-34.16,19.52,14.64,-34.16,-58.56,-131.76,-175.68,-117.12,-68.32,-73.2
4.88,-4.88,-9.76,0,4.88,-9.76,-58.56,-136.64,-175.68,-126.88,-107.36,-87.84
9.76,-9.76,-19.52,0,14.64,-14.64,-63.44,-136.64,-180.56,-136.64,-87.84,-97.6
0,-24.4,-24.4,14.64,9.76,-24.4,-58.56,-131.76,-185.44,-131.76,-82.96,-112.24
9.76,-39.04,-48.8,14.64,29.28,-43.92,-48.8,-122,-185.44,-136.64,-112.24,-87.84
14.64,-63.44,-78.08,24.4,43.92,-73.2,-48.8,-117.12,-190.32,-131.76,-97.6,-87.84
29.28,-78.08,-107.36,24.4,68.32,-92.72,-43.92,-112.24,-195.2,-126.88,-92.72,-82.96
34.16,-82.96,-117.12,24.4,73.2,-102.48,-43.92,-107.36,-190.32,-122,-87.84,-48.8
29.28,-82.96,-112.24,29.28,68.32,-97.6,-43.92,-117.12,-200.08,-122,-87.84,-82.96
-19.52,-68.32,-48.8,43.92,14.64,-58.56,-34.16,-117.12,-195.2,-112.24,-82.96,-102.48
-24.4,-53.68,-29.28,39.04,0,-43.92,-48.8,-136.64,-209.84,-126.88,-58.56,-122
-14.64,-29.28,-14.64,24.4,0,-24.4,-53.68,-141.52,-224.48,-136.64,-87.84,-126.88
4.88,-14.64,-19.52,4.88,9.76,-19.52,-58.56,-146.4,-234.24,-146.4,-102.48,-112.24
0,-24.4,-24.4,14.64,9.76,-24.4,-53.68,-136.64,-229.36,-126.88,-97.6,-102.48
4.88,-39.04,-43.92,19.52,24.4,-43.92,-48.8,-126.88,-219.6,-131.76,-82.96,-53.68
24.4,-48.8,-73.2,14.64,48.8,-63.44,-39.04,-117.12,-214.72,-126.88,-73.2,-73.2
4.88,-78.08,-82.96,39.04,43.92,-82.96,-34.16,-112.24,-204.96,-117.12,-58.56,-63.44
4.88,-73.2,-78.08,34.16,39.04,-78.08,-39.04,-117.12,-209.84,-122,-53.68,-92.72
29.28,-58.56,-87.84,14.64,58.56,-73.2,-48.8,-122,-209.84,-126.88,-82.96,-107.36
4.88,-58.56,-63.44,29.28,34.16,-63.44,-48.8,-126.88,-214.72,-126.88,-78.08,-102.48
-9.76,-34.16,-24.4,24.4,4.88,-29.28,-48.8,-131.76,-209.84,-131.76,-87.84,-63.44
0,-24.4,-24.4,14.64,9.76,-24.4,-48.8,-126.88,-214.72,-131.76,-63.44,-97.6
14.64,-14.64,-29.28,0,19.52,-24.4,-53.68,-131.76,-214.72,-136.64,-73.2,-78.08
19.52,-19.52,-39.04,0,29.28,-29.28,-48.8,-131.76,-224.48,-136.64,-63.44,-92.72
14.64,-43.92,-58.56,14.64,34.16,-53.68,-43.92,-126.88,-224.48,-141.52,-68.32,-102.48
14.64,-58.56,-73.2,24.4,43.92,-68.32,-34.16,-117.12,-214.72,-131.76,-58.56,-68.32
9.76,-63.44,-73.2,29.28,39.04,-68.32,-29.28,-107.36,-200.08,-122,-39.04,-63.44
29.28,-63.44,-92.72,19.52,58.56,-78.08,-39.04,-107.36,-204.96,-122,-82.96,-92.72
4.88,-58.56,-63.44,29.28,34.16,-63.44,-29.28,-107.36,-195.2,-112.24,-53.68,-73.2
-9.76,-63.44,-53.68,39.04,19.52,-58.56,-43.92,-122,-209.84,-126.88,-39.04,-92.72
4.88,-39.04,-43.92,19.52,24.4,-43.92,-43.92,-131.76,-219.6,-136.64,-53.68,-107.36
0,-29.28,-29.28,14.64,14.64,-29.28,-53.68,-141.52,-229.36,-141.52,-92.72,-73.2
-14.64,-34.16,-19.52,24.4,0,-29.28,-53.68,-146.4,-229.36,-146.4,-107.36,-63.44
0,-34.16,-34.16,19.52,14.64,-34.16,-48.8,-141.52,-234.24,-141.52,-102.48,-82.96
0,-53.68,-53.68,29.28,24.4,-53.68,-43.92,-126.88,-224.48,-136.64,-78.08,-92.72
4.88,-63.44,-68.32,29.28,34.16,-68.32,-34.16,-117.12,-214.72,-126.88,-63.44,-82.96
0,-78.08,-78.08,39.04,39.04,-78.08,-29.28,-112.24,-200.08,-117.12,-58.56,-73.2
0,-87.84,-87.84,43.92,43.92,-87.84,-29.28,-112.24,-200.08,-122,-63.44,-34.16
4.88,-78.08,-82.96,39.04,43.92,-82.96,-29.28,-112.24,-195.2,-117.12,-58.56,-43.92
-9.76,-68.32,-58.56,39.04,24.4,-63.44,-39.04,-122,-204.96,-117.12,-63.44,-87.84
-19.52,-53.68,-34.16,39.04,4.88,-43.92,-39.04,-122,-209.84,-122,-92.72,-87.84
0,-29.28,-29.28,14.64,14.64,-29.28,-48.8,-136.64,-214.72,-136.64,-102.48,-87.84
0,-29.28,-29.28,14.64,14.64,-29.28,-48.8,-136.64,-209.84,-126.88,-82.96,-102.48
-9.76,-34.16,-24.4,24.4,4.88,-29.28,-43.92,-136.64,-219.6,-131.76,-82.96,-87.84
-4.88,-53.68,-48.8,29.28,19.52,-53.68,-39.04,-122,-209.84,-112.24,-97.6,-97.6
0,-73.2,-73.2,39.04,34.16,-73.2,-34.16,-117.12,-200.08,-117.12,-97.6,-92.72
4.88,-92.72,-97.6,43.92,48.8,-97.6,-24.4,-107.36,-190.32,-117.12,-87.84,-58.56
4.88,-87.84,-92.72,43.92,48.8,-92.72,-29.28,-107.36,-185.44,-117.12,-87.84,-68.32
9.76,-87.84,-97.6,39.04,53.68,-92.72,-34.16,-117.12,-180.56,-122,-73.2,-107.36
19.52,-58.56,-78.08,19.52,48.8,-68.32,-39.04,-126.88,-185.44,-122,-87.84,-87.84
0,-34.16,-34.16,19.52,14.64,-34.16,-34.16,-126.88,-185.44,-112.24,-73.2,-68.32
-9.76,-19.52,-9.76,14.64,0,-14.64,-39.04,-136.64,-190.32,-117.12,-58.56,-82.96
-19.52,-24.4,-4.88,24.4,-9.76,-14.64,-43.92,-136.64,-185.44,-131.76,-82.96,-78.08
-14.64,-34.16,-19.52,24.4,0,-29.28,-43.92,-136.64,-190.32,-131.76,-73.2,-107.36
-9.76,-48.8,-39.04,29.28,14.64,-43.92,-29.28,-122,-180.56,-126.88,-68.32,-102.48
-19.52,-73.2,-53.68,48.8,14.64,-63.44,-24.4,-117.12,-175.68,-107.36,-73.2,-112.24
-14.64,-87.84,-73.2,53.68,29.28,-82.96,-19.52,-112.24,-161.04,-102.48,-68.32,-97.6
0,-78.08,-78.08,39.04,39.04,-78.08,-14.64,-112.24,-161.04,-112.24,-63.44,-73.2
-9.76,-73.2,-63.44,43.92,24.4,-68.32,-24.4,-117.12,-161.04,-117.12,-78.08,-58.56
-9.76,-48.8,-39.04,29.28,14.64,-43.92,-29.28,-122,-165.92,-117.12,-92.72,-58.56
-4.88,-19.52,-14.64,14.64,4.88,-19.52,-24.4,-126.88,-165.92,-122,-87.84,-53.68
-14.64,-14.64,0,14.64,-9.76,-9.76,-43.92,-141.52,-185.44,-136.64,-97.6,-73.2
-14.64,-19.52,-4.88,19.52,-4.88,-14.64,-43.92,-141.52,-175.68,-131.76,-107.36,-82.96
-9.76,-19.52,-9.76,14.64,0,-14.64,-39.04,-136.64,-175.68,-141.52,-78.08,-58.56
-9.76,-43.92,-34.16,29.28,9.76,-39.04,-29.28,-122,-170.8,-136.64,-48.8,-97.6
-24.4,-68.32,-43.92,48.8,9.76,-58.56,-24.4,-112.24,-161.04,-126.88,-63.44,-87.84
-29.28,-78.08,-48.8,53.68,9.76,-63.44,-14.64,-102.48,-151.28,-112.24,-68.32,-68.32
-24.4,-78.08,-53.68,53.68,14.64,-68.32,-19.52,-107.36,-151.28,-126.88,-87.84,-82.96
4.88,-63.44,-68.32,29.28,34.16,-68.32,-24.4,-122,-151.28,-126.88,-68.32,-97.6
9.76,-43.92,-53.68,19.52,29.28,-48.8,-24.4,-126.88,-156.16,-126.88,-82.96,-73.2
-4.88,-14.64,-9.76,9.76,0,-14.64,-14.64,-126.88,-146.4,-122,-92.72,-48.8
-14.64,9.76,24.4,4.88,-19.52,14.64,-9.76,-122,-141.52,-117.12,-92.72,-68.32
-24.4,4.88,29.28,9.76,-29.28,14.64,-9.76,-117.12,-136.64,-107.36,-82.96,4.88
-19.52,0,19.52,9.76,-19.52,9.76,4.88,-107.36,-136.64,-107.36,-63.44,-24.4
-9.76,-9.76,0,9.76,-4.88,-4.88,9.76,-97.6,-131.76,-107.36,-58.56,-43.92
-4.88,-19.52,-14.64,14.64,4.88,-19.52,24.4,-82.96,-112.24,-92.72,-39.04,-34.16
-19.52,-24.4,-4.88,24.4,-9.76,-14.64,29.28,-78.08,-102.48,-82.96,-34.16,-19.52
-29.28,-48.8,-19.52,39.04,-4.88,-34.16,24.4,-78.08,-102.48,-82.96,-43.92,-43.92
-19.52,-29.28,-9.76,24.4,-4.88,-19.52,29.28,-73.2,-82.96,-78.08,-29.28,-48.8
0,4.88,4.88,0,-4.88,4.88,29.28,-73.2,-78.08,-73.2,-4.88,-63.44
0,29.28,29.28,-14.64,-14.64,29.28,19.52,-78.08,-82.96,-78.08,-24.4,-73.2
4.88,53.68,48.8,-29.28,-24.4,48.8,24.4,-82.96,-82.96,-78.08,-19.52,-58.56
0,48.8,48.8,-24.4,-24.4,48.8,24.4,-82.96,-82.96,-82.96,-4.88,-68.32
14.64,48.8,34.16,-29.28,-9.76,39.04,29.28,-73.2,-78.08,-73.2,-29.28,-34.16
9.76,39.04,29.28,-24.4,-9.76,34.16,43.92,-53.68,-58.56,-63.44,-29.28,-14.64
4.88,9.76,4.88,-4.88,0,4.88,43.92,-43.92,-48.8,-58.56,-4.88,-4.88
4.88,0,-4.88,0,4.88,-4.88,53.68,-39.04,-39.04,-43.92,4.88,14.64
4.88,-4.88,-9.76,0,4.88,-9.76,48.8,-39.04,-39.04,-34.16,-19.52,34.16
4.88,4.88,0,-4.88,0,0,48.8,-39.04,-39.04,-43.92,0,-4.88
9.76,19.52,9.76,-14.64,0,14.64,34.16,-48.8,-43.92,-48.8,-9.76,-14.64
24.4,39.04,14.64,-29.28,4.88,24.4,24.4,-48.8,-43.92,-53.68,-4.88,-14.64
43.92,68.32,24.4,-53.68,9.76,43.92,29.28,-53.68,-34.16,-48.8,0,-24.4
14.64,53.68,39.04,-34.16,-14.64,43.92,14.64,-53.68,-34.16,-43.92,9.76,0
19.52,43.92,24.4,-29.28,-4.88,34.16,0,-53.68,-39.04,-48.8,24.4,9.76
58.56,43.92,-14.64,-48.8,34.16,14.64,-9.76,-58.56,-43.92,-53.68,4.88,-14.64
58.56,29.28,-29.28,-43.92,43.92,0,-14.64,-58.56,-39.04,-48.8,-9.76,0
43.92,19.52,-24.4,-29.28,34.16,-4.88,-14.64,-58.56,-29.28,-43.92,-4.88,-24.4
39.04,29.28,-9.76,-34.16,24.4,9.76,-14.64,-53.68,-24.4,-34.16,4.88,14.64
63.44,34.16,-29.28,-48.8,43.92,0,-34.16,-73.2,-39.04,-43.92,4.88,39.04
48.8,58.56,9.76,-53.68,19.52,34.16,-39.04,-78.08,-39.04,-48.8,-4.88,-4.88
29.28,53.68,24.4,-39.04,0,39.04,-39.04,-78.08,-39.04,-53.68,4.88,0
29.28,39.04,9.76,-34.16,9.76,24.4,-48.8,-92.72,-58.56,-68.32,-14.64,9.76
43.92,34.16,-9.76,-39.04,24.4,9.76,-53.68,-102.48,-68.32,-73.2,-34.16,-19.52
53.68,19.52,-34.16,-34.16,43.92,-9.76,-53.68,-107.36,-73.2,-78.08,-34.16,-9.76
53.68,4.88,-48.8,-29.28,48.8,-24.4,-43.92,-107.36,-63.44,-78.08,-43.92,34.16
73.2,4.88,-68.32,-39.04,68.32,-34.16,-39.04,-97.6,-63.44,-73.2,-34.16,19.52
68.32,-14.64,-82.96,-24.4,73.2,-48.8,-34.16,-87.84,-58.56,-68.32,-34.16,-24.4
34.16,-24.4,-58.56,-4.88,43.92,-43.92,-34.16,-97.6,-63.44,-78.08,-39.04,43.92
9.76,-24.4,-34.16,9.76,19.52,-29.28,-34.16,-102.48,-63.44,-78.08,19.52,14.64
29.28,-4.88,-34.16,-9.76,29.28,-19.52,-43.92,-112.24,-73.2,-82.96,14.64,4.88
14.64,0,-14.64,-4.88,14.64,-9.76,-43.92,-112.24,-82.96,-87.84,4.88,-9.76
4.88,0,-4.88,0,4.88,-4.88,-48.8,-126.88,-97.6,-97.6,-39.04,-43.92
-4.88,-24.4,-19.52,14.64,4.88,-24.4,-43.92,-126.88,-92.72,-107.36,-63.44,-53.68
-19.52,-29.28,-9.76,24.4,-4.88,-19.52,-39.04,-126.88,-97.6,-112.24,-63.44,-19.52
-29.28,-48.8,-19.52,39.04,-4.88,-34.16,-29.28,-122,-97.6,-112.24,-39.04,-58.56
-24.4,-63.44,-39.04,43.92,4.88,-53.68,-24.4,-122,-92.72,-107.36,-58.56,-19.52
-24.4,-68.32,-43.92,48.8,9.76,-58.56,-24.4,-126.88,-97.6,-117.12,-43.92,-53.68
-14.64,-68.32,-53.68,43.92,19.52,-63.44,-29.28,-141.52,-102.48,-126.88,-43.92,-68.32
-19.52,-58.56,-39.04,39.04,9.76,-48.8,-29.28,-136.64,-97.6,-122,-63.44,-43.92
-48.8,-48.8,0,48.8,-24.4,-24.4,-24.4,-136.64,-97.6,-112.24,-73.2,-39.04
-53.68,-34.16,19.52,43.92,-39.04,-9.76,-24.4,-136.64,-102.48,-117.12,-63.44,-43.92
-29.28,-24.4,4.88,29.28,-19.52,-9.76,-39.04,-151.28,-122,-126.88,-87.84,-39.04
-24.4,-34.16,-9.76,29.28,-9.76,-24.4,-39.04,-161.04,-122,-131.76,-97.6,-39.04
-58.56,-58.56,0,58.56,-29.28,-29.28,-29.28,-156.16,-122,-141.52,-92.72,-73.2
-58.56,-63.44,-4.88,63.44,-29.28,-34.16,-19.52,-141.52,-112.24,-136.64,-78.08,-68.32
-53.68,-73.2,-19.52,63.44,-19.52,-48.8,-9.76,-136.64,-97.6,-126.88,-43.92,-58.56
-48.8,-82.96,-34.16,68.32,-9.76,-58.56,-9.76,-131.76,-97.6,-122,-34.16,-68.32
-34.16,-73.2,-39.04,53.68,0,-58.56,-9.76,-131.76,-102.48,-126.88,-63.44,-78.08
-48.8,-58.56,-9.76,53.68,-19.52,-34.16,-9.76,-136.64,-97.6,-131.76,-78.08,-48.8
-53.68,-53.68,0,53.68,-29.28,-29.28,-19.52,-151.28,-107.36,-131.76,-82.96,-34.16
-58.56,-48.8,9.76,53.68,-34.16,-19.52,-19.52,-156.16,-117.12,-136.64,-87.84,-58.56
-39.04,-29.28,9.76,34.16,-24.4,-9.76,-24.4,-156.16,-117.12,-141.52,-102.48,-92.72
-48.8,-43.92,4.88,48.8,-29.28,-19.52,-24.4,-151.28,-122,-146.4,-73.2,-63.44
-53.68,-58.56,-4.88,58.56,-24.4,-34.16,-24.4,-156.16,-126.88,-146.4,-87.84,-53.68
-63.44,-68.32,-4.88,68.32,-29.28,-39.04,-4.88,-136.64,-112.24,-131.76,-92.72,-53.68
-73.2,-78.08,-4.88,78.08,-34.16,-43.92,0,-136.64,-107.36,-117.12,-92.72,-92.72
-82.96,-97.6,-14.64,92.72,-34.16,-58.56,-4.88,-136.64,-107.36,-131.76,-82.96,-82.96
-68.32,-87.84,-19.52,78.08,-24.4,-53.68,-9.76,-141.52,-112.24,-136.64,-73.2,-73.2
-68.32,-87.84,-19.52,78.08,-24.4,-53.68,-9.76,-136.64,-107.36,-131.76,-87.84,-48.8
-63.44,-63.44,0,63.44,-34.16,-34.16,-14.64,-146.4,-112.24,-131.76,-102.48,-68.32
-68.32,-53.68,14.64,63.44,-43.92,-19.52,-19.52,-156.16,-126.88,-141.52,-73.2,-107.36
-68.32,-48.8,19.52,58.56,-43.92,-14.64,-24.4,-161.04,-126.88,-151.28,-97.6,-112.24
-63.44,-43.92,19.52,53.68,-43.92,-14.64,-19.52,-156.16,-122,-146.4,-112.24,-78.08
-63.44,-58.56,4.88,63.44,-34.16,-29.28,-19.52,-156.16,-126.88,-141.52,-112.24,-78.08
-73.2,-73.2,0,73.2,-39.04,-39.04,-9.76,-146.4,-126.88,-131.76,-107.36,-68.32
-78.08,-87.84,-9.76,82.96,-34.16,-48.8,0,-141.52,-117.12,-141.52,-107.36,-24.4
-82.96,-92.72,-9.76,87.84,-39.04,-53.68,4.88,-136.64,-117.12,-141.52,-102.48,-82.96
-92.72,-82.96,9.76,87.84,-53.68,-39.04,19.52,-117.12,-117.12,-136.64,-97.6,-107.36
-92.72,-63.44,29.28,78.08,-63.44,-19.52,24.4,-117.12,-117.12,-141.52,-122,-112.24
-97.6,-34.16,63.44,68.32,-82.96,14.64,43.92,-107.36,-107.36,-131.76,-107.36,-78.08
-102.48,-24.4,78.08,63.44,-92.72,24.4,68.32,-63.44,-78.08,-107.36,-63.44,-78.08
-122,-24.4,97.6,73.2,-112.24,34.16,82.96,-24.4,-34.16,-68.32,-63.44,-63.44
-92.72,-14.64,78.08,53.68,-87.84,29.28,92.72,53.68,48.8,0,-19.52,-4.88
-68.32,-4.88,63.44,39.04,-68.32,29.28,122,151.28,156.16,102.48,48.8,63.44
-48.8,-9.76,39.04,29.28,-43.92,14.64,112.24,239.12,263.52,204.96,141.52,78.08
4.88,4.88,0,-4.88,0,0,82.96,326.96,395.28,336.72,258.64,122
97.6,58.56,-39.04,-78.08,68.32,9.76,39.04,419.68,551.44,502.64,429.44,195.2
185.44,107.36,-78.08,-146.4,131.76,14.64,-4.88,575.84,775.92,717.36,575.84,287.92
273.28,170.8,-102.48,-219.6,185.44,34.16,-48.8,649.04,961.36,912.56,741.76,400.16
341.6,248.88,-92.72,-292.8,214.72,78.08,-131.76,580.72,1073.6,1063.84,888.16,502.64
439.2,341.6,-97.6,-390.4,268.4,122,-253.76,444.08,1156.56,1210.24,1024.8,619.76
546.56,419.68,-126.88,-483.12,336.72,146.4,-385.52,283.04,1210.24,1337.12,1200.48,702.72
629.52,463.6,-165.92,-546.56,395.28,146.4,-497.76,146.4,1249.28,1434.72,1322.48,839.36
697.84,507.52,-190.32,-600.24,444.08,156.16,-590.48,19.52,1239.52,1473.76,1371.28,888.16
736.88,546.56,-190.32,-639.28,463.6,175.68,-668.56,-63.44,1200.48,1449.36,1415.2,951.6
746.64,575.84,-170.8,-658.8,458.72,200.08,-732,-151.28,1063.84,1307.84,1337.12,966.24
756.4,527.04,-229.36,-639.28,492.88,146.4,-795.44,-297.68,819.84,1029.68,1127.28,819.84
712.48,429.44,-283.04,-570.96,497.76,73.2,-844.24,-473.36,522.16,702.72,858.88,663.68
624.64,331.84,-292.8,-478.24,458.72,19.52,-844.24,-649.04,248.88,409.92,629.52,551.44
507.52,258.64,-248.88,-380.64,375.76,4.88,-819.84,-790.56,19.52,165.92,444.08,424.56
400.16,195.2,-204.96,-297.68,302.56,-4.88,-766.16,-932.08,-185.44,-39.04,268.4,370.88
326.96,146.4,-180.56,-234.24,253.76,-19.52,-727.12,-1078.48,-409.92,-248.88,82.96,234.24
185.44,53.68,-131.76,-117.12,156.16,-39.04,-673.44,-1215.12,-663.68,-463.6,-122,107.36
73.2,0,-73.2,-34.16,73.2,-39.04,-600.24,-1259.04,-810.08,-619.76,-273.28,-24.4
19.52,-14.64,-34.16,0,24.4,-24.4,-512.4,-1166.32,-814.96,-653.92,-297.68,-48.8
-34.16,-48.8,-14.64,43.92,-9.76,-34.16,-439.2,-995.52,-722.24,-595.36,-278.16,-87.84
-63.44,-58.56,4.88,63.44,-34.16,-29.28,-370.88,-819.84,-585.6,-497.76,-239.12,-68.32
-68.32,-58.56,9.76,63.44,-39.04,-24.4,-317.2,-678.32,-468.48,-400.16,-185.44,-53.68
-63.44,-63.44,0,63.44,-34.16,-34.16,-263.52,-546.56,-366,-322.08,-180.56,19.52
-53.68,-43.92,9.76,48.8,-34.16,-19.52,-214.72,-444.08,-297.68,-273.28,-141.52,-29.28
-58.56,-43.92,14.64,53.68,-39.04,-14.64,-161.04,-351.36,-229.36,-214.72,-122,-92.72
-48.8,-53.68,-4.88,53.68,-24.4,-29.28,-112.24,-258.64,-185.44,-190.32,-107.36,-102.48
-34.16,-43.92,-9.76,39.04,-14.64,-29.28,-68.32,-195.2,-151.28,-165.92,-68.32,-63.44
-29.28,-39.04,-9.76,34.16,-9.76,-24.4,-43.92,-151.28,-112.24,-136.64,-63.44,-24.4
-19.52,-24.4,-4.88,24.4,-9.76,-14.64,-9.76,-102.48,-82.96,-102.48,-53.68,-39.04
-34.16,-29.28,4.88,34.16,-19.52,-14.64,0,-82.96,-68.32,-87.84,-43.92,-39.04
-48.8,-48.8,0,48.8,-24.4,-24.4,4.88,-78.08,-68.32,-87.84,-48.8,-39.04
-39.04,-34.16,4.88,39.04,-24.4,-14.64,9.76,-73.2,-68.32,-73.2,-19.52,-39.04
-43.92,-19.52,24.4,34.16,-34.16,0,9.76,-73.2,-73.2,-78.08,-39.04,-48.8
-63.44,-29.28,34.16,48.8,-48.8,0,9.76,-78.08,-82.96,-87.84,-58.56,-43.92
-68.32,-29.28,39.04,48.8,-53.68,4.88,4.88,-87.84,-97.6,-107.36,-43.92,-48.8
-63.44,-34.16,29.28,48.8,-48.8,-4.88,4.88,-73.2,-112.24,-117.12,-53.68,-82.96
-58.56,-53.68,4.88,58.56,-34.16,-24.4,19.52,-48.8,-102.48,-107.36,-63.44,-82.96
-48.8,-63.44,-14.64,58.56,-19.52,-39.04,34.16,-39.04,-102.48,-107.36,-63.44,-53.68
-58.56,-63.44,-4.88,63.44,-29.28,-34.16,39.04,-29.28,-97.6,-97.6,-58.56,-29.28
-63.44,-43.92,19.52,53.68,-43.92,-14.64,43.92,-14.64,-87.84,-87.84,-53.68,-53.68
-73.2,-39.04,34.16,58.56,-53.68,-4.88,43.92,-19.52,-82.96,-78.08,-39.04,-4.88
-68.32,-29.28,39.04,48.8,-53.68,4.88,34.16,-29.28,-92.72,-82.96,-53.68,-34.16
-63.44,-19.52,43.92,43.92,-53.68,9.76,34.16,-29.28,-92.72,-82.96,-48.8,-73.2
-73.2,-29.28,43.92,53.68,-58.56,4.88,34.16,-19.52,-97.6,-82.96,-43.92,-87.84
-82.96,-34.16,48.8,58.56,-68.32,4.88,43.92,-19.52,-92.72,-82.96,-19.52,-43.92
-78.08,-39.04,39.04,58.56,-58.56,0,48.8,-9.76,-97.6,-78.08,-24.4,-48.8
-73.2,-48.8,24.4,63.44,-48.8,-14.64,43.92,-4.88,-107.36,-82.96,-53.68,-92.72
-68.32,-48.8,19.52,58.56,-43.92,-14.64,53.68,9.76,-92.72,-78.08,-63.44,-43.92
-68.32,-63.44,4.88,68.32,-39.04,-29.28,53.68,14.64,-87.84,-73.2,-58.56,-9.76
-68.32,-58.56,9.76,63.44,-39.04,-24.4,43.92,14.64,-97.6,-73.2,-53.68,-58.56
-73.2,-39.04,34.16,58.56,-53.68,-4.88,48.8,9.76,-82.96,-63.44,-43.92,-73.2
-73.2,-34.16,39.04,53.68,-58.56,0,48.8,9.76,-78.08,-48.8,-24.4,-68.32
-68.32,-24.4,43.92,48.8,-58.56,9.76,48.8,4.88,-78.08,-53.68,-24.4,-68.32
-63.44,-19.52,43.92,43.92,-53.68,9.76,43.92,4.88,-87.84,-63.44,-34.16,-34.16
-48.8,-19.52,29.28,34.16,-39.04,4.88,43.92,4.88,-87.84,-73.2,-48.8,-39.04
-43.92,-29.28,14.64,39.04,-29.28,-9.76,43.92,9.76,-92.72,-68.32,-43.92,-43.92
-73.2,-58.56,14.64,68.32,-43.92,-24.4,53.68,19.52,-92.72,-68.32,-24.4,-29.28
-68.32,-43.92,24.4,58.56,-48.8,-9.76,68.32,34.16,-82.96,-63.44,-34.16,-34.16
-68.32,-48.8,19.52,58.56,-43.92,-14.64,73.2,43.92,-68.32,-53.68,-29.28,-43.92
-92.72,-78.08,14.64,87.84,-53.68,-34.16,68.32,43.92,-78.08,-53.68,-48.8,29.28
-78.08,-78.08,0,78.08,-39.04,-39.04,68.32,43.92,-68.32,-43.92,-43.92,-24.4
-58.56,-68.32,-9.76,63.44,-24.4,-39.04,63.44,39.04,-63.44,-39.04,-19.52,-58.56
-43.92,-58.56,-14.64,53.68,-14.64,-39.04,58.56,34.16,-68.32,-39.04,-19.52,-53.68
-24.4,-34.16,-9.76,29.28,-9.76,-24.4,48.8,24.4,-78.08,-43.92,-14.64,-53.68
-68.32,-24.4,43.92,48.8,-58.56,9.76,58.56,34.16,-68.32,-39.04,-9.76,-63.44
-102.48,-24.4,78.08,63.44,-92.72,24.4,68.32,43.92,-68.32,-34.16,-4.88,-19.52
-87.84,-19.52,68.32,53.68,-78.08,24.4,63.44,53.68,-73.2,-39.04,-39.04,-24.4
-82.96,-29.28,53.68,58.56,-68.32,9.76,73.2,63.44,-68.32,-39.04,-43.92,24.4
-73.2,-39.04,34.16,58.56,-53.68,-4.88,78.08,63.44,-58.56,-39.04,-29.28,-39.04
-68.32,-53.68,14.64,63.44,-43.92,-19.52,68.32,73.2,-63.44,-34.16,-34.16,-39.04
-63.44,-58.56,4.88,63.44,-34.16,-29.28,73.2,73.2,-48.8,-9.76,-34.16,-24.4
-68.32,-53.68,14.64,63.44,-43.92,-19.52,82.96,73.2,-39.04,-14.64,-29.28,-24.4
-68.32,-53.68,14.64,63.44,-43.92,-19.52,73.2,73.2,-43.92,-14.64,-19.52,-14.64
-58.56,-24.4,34.16,43.92,-48.8,4.88,68.32,78.08,-48.8,-19.52,-24.4,-19.52
-58.56,-19.52,39.04,39.04,-48.8,9.76,63.44,68.32,-53.68,-29.28,-34.16,-39.04
-58.56,-39.04,19.52,48.8,-39.04,-9.76,63.44,78.08,-48.8,-24.4,-24.4,-43.92
-58.56,-43.92,14.64,53.68,-39.04,-14.64,63.44,87.84,-48.8,-19.52,-24.4,0
-43.92,-39.04,4.88,43.92,-24.4,-19.52,68.32,97.6,-39.04,-14.64,-34.16,-9.76
-58.56,-58.56,0,58.56,-29.28,-29.28,68.32,97.6,-39.04,-9.76,-39.04,-14.64
-68.32,-43.92,24.4,58.56,-48.8,-9.76,63.44,102.48,-39.04,-4.88,-34.16,-19.52
-78.08,-39.04,39.04,58.56,-58.56,0,58.56,97.6,-39.04,-9.76,-34.16,4.88
-68.32,-4.88,63.44,39.04,-68.32,29.28,63.44,102.48,-29.28,0,-29.28,19.52
-58.56,-4.88,53.68,34.16,-58.56,24.4,53.68,92.72,-43.92,0,14.64,-9.76
-48.8,-14.64,34.16,34.16,-43.92,9.76,43.92,92.72,-53.68,-4.88,-9.76,-34.16
-34.16,-9.76,24.4,24.4,-29.28,4.88,53.68,97.6,-48.8,0,-34.16,-24.4
-73.2,-19.52,53.68,48.8,-63.44,14.64,68.32,117.12,-39.04,14.64,-43.92,-4.88
-68.32,-34.16,34.16,53.68,-53.68,0,63.44,122,-43.92,4.88,-43.92,24.4
-68.32,-19.52,48.8,43.92,-58.56,14.64,73.2,131.76,-34.16,9.76,-19.52,19.52
-68.32,-34.16,34.16,53.68,-53.68,0,78.08,146.4,-19.52,29.28,-29.28,19.52
-63.44,-39.04,24.4,53.68,-43.92,-9.76,78.08,156.16,-19.52,29.28,-19.52,19.52
-63.44,-48.8,14.64,58.56,-39.04,-19.52,73.2,151.28,-9.76,39.04,0,34.16
-53.68,-43.92,9.76,48.8,-34.16,-19.52,73.2,151.28,-4.88,43.92,-9.76,39.04
-48.8,-24.4,24.4,39.04,-39.04,0,73.2,156.16,0,53.68,24.4,4.88
-58.56,-9.76,48.8,34.16,-53.68,19.52,58.56,146.4,-9.76,39.04,-9.76,19.52
-68.32,-9.76,58.56,39.04,-63.44,24.4,58.56,141.52,-9.76,34.16,-9.76,-4.88
-58.56,-14.64,43.92,39.04,-53.68,14.64,68.32,161.04,-4.88,43.92,4.88,4.88
-53.68,-19.52,34.16,39.04,-43.92,4.88,78.08,175.68,4.88,53.68,-4.88,24.4
-29.28,0,29.28,14.64,-29.28,14.64,82.96,185.44,9.76,63.44,9.76,14.64
-29.28,-4.88,24.4,19.52,-29.28,9.76,82.96,195.2,19.52,63.44,14.64,14.64
-34.16,-9.76,24.4,24.4,-29.28,4.88,82.96,204.96,24.4,68.32,48.8,0
-34.16,-4.88,29.28,19.52,-34.16,9.76,82.96,204.96,34.16,82.96,24.4,29.28
-48.8,9.76,58.56,19.52,-53.68,34.16,82.96,209.84,48.8,87.84,9.76,19.52
-53.68,24.4,78.08,14.64,-68.32,48.8,87.84,214.72,58.56,97.6,19.52,43.92
-24.4,48.8,73.2,-9.76,-48.8,58.56,78.08,214.72,48.8,97.6,53.68,39.04
-19.52,39.04,58.56,-9.76,-39.04,48.8,73.2,214.72,48.8,87.84,43.92,39.04
-34.16,34.16,68.32,0,-53.68,48.8,73.2,219.6,48.8,92.72,19.52,43.92
-48.8,14.64,63.44,19.52,-58.56,39.04,78.08,229.36,53.68,87.84,19.52,24.4
-34.16,0,34.16,19.52,-34.16,14.64,82.96,253.76,68.32,107.36,24.4,24.4
-19.52,0,19.52,9.76,-19.52,9.76,97.6,268.4,87.84,122,53.68,19.52
-29.28,4.88,34.16,14.64,-34.16,19.52,87.84,278.16,87.84,122,73.2,0
-24.4,19.52,43.92,4.88,-34.16,29.28,87.84,278.16,97.6,126.88,68.32,19.52
-24.4,39.04,63.44,-4.88,-43.92,48.8,82.96,278.16,102.48,141.52,73.2,48.8
-39.04,48.8,87.84,-4.88,-63.44,68.32,87.84,287.92,122,146.4,63.44,63.44
-39.04,58.56,97.6,-9.76,-68.32,78.08,82.96,297.68,122,146.4,68.32,78.08
-19.52,48.8,68.32,-14.64,-43.92,58.56,82.96,297.68,131.76,146.4,73.2,34.16
-9.76,43.92,53.68,-14.64,-34.16,48.8,82.96,312.32,131.76,146.4,78.08,53.68
-4.88,34.16,39.04,-14.64,-24.4,34.16,97.6,336.72,151.28,161.04,87.84,73.2
-4.88,19.52,24.4,-4.88,-14.64,19.52,87.84,341.6,146.4,165.92,48.8,43.92
-4.88,19.52,24.4,-4.88,-14.64,19.52,97.6,361.12,175.68,180.56,73.2,24.4
-24.4,34.16,58.56,-4.88,-43.92,43.92,107.36,380.64,195.2,200.08,141.52,43.92
-34.16,43.92,78.08,-4.88,-58.56,58.56,107.36,385.52,209.84,209.84,122,48.8
-4.88,68.32,73.2,-29.28,-39.04,68.32,97.6,385.52,219.6,219.6,107.36,87.84
4.88,82.96,78.08,-43.92,-39.04,78.08,97.6,400.16,234.24,229.36,131.76,73.2
9.76,92.72,82.96,-48.8,-39.04,87.84,97.6,405.04,234.24,224.48,117.12,68.32
19.52,92.72,73.2,-53.68,-29.28,82.96,97.6,414.8,248.88,234.24,102.48,122
4.88,82.96,78.08,-43.92,-39.04,78.08,107.36,434.32,263.52,244,117.12,126.88
9.76,68.32,58.56,-39.04,-24.4,63.44,126.88,463.6,283.04,263.52,136.64,126.88
24.4,73.2,48.8,-48.8,-14.64,58.56,117.12,468.48,292.8,273.28,146.4,126.88
19.52,73.2,53.68,-43.92,-19.52,63.44,112.24,478.24,302.56,283.04,151.28,107.36
29.28,102.48,73.2,-63.44,-24.4,87.84,122,497.76,322.08,297.68,180.56,97.6
19.52,97.6,78.08,-58.56,-29.28,87.84,117.12,507.52,326.96,302.56,185.44,136.64
34.16,117.12,82.96,-73.2,-24.4,97.6,117.12,507.52,331.84,312.32,219.6,141.52
43.92,136.64,92.72,-87.84,-24.4,112.24,112.24,512.4,341.6,317.2,200.08,156.16
39.04,151.28,112.24,-92.72,-39.04,131.76,107.36,517.28,341.6,317.2,200.08,156.16
53.68,161.04,107.36,-107.36,-29.28,131.76,102.48,522.16,346.48,326.96,190.32,165.92
63.44,156.16,92.72,-107.36,-14.64,122,102.48,531.92,346.48,336.72,209.84,190.32
73.2,151.28,78.08,-112.24,-4.88,112.24,107.36,546.56,361.12,341.6,239.12,180.56
63.44,136.64,73.2,-97.6,-4.88,102.48,112.24,566.08,370.88,351.36,248.88,165.92
43.92,131.76,87.84,-87.84,-24.4,107.36,112.24,580.72,385.52,361.12,229.36,175.68
48.8,146.4,97.6,-97.6,-24.4,122,117.12,585.6,395.28,370.88,244,156.16
63.44,165.92,102.48,-112.24,-19.52,131.76,112.24,590.48,400.16,385.52,268.4,165.92
68.32,180.56,112.24,-122,-24.4,146.4,97.6,580.72,390.4,380.64,268.4,185.44
82.96,190.32,107.36,-136.64,-14.64,146.4,92.72,585.6,405.04,385.52,263.52,195.2
87.84,195.2,107.36,-141.52,-9.76,151.28,92.72,585.6,405.04,390.4,258.64,175.68
87.84,195.2,107.36,-141.52,-9.76,151.28,97.6,590.48,414.8,400.16,283.04,229.36
92.72,204.96,112.24,-146.4,-9.76,156.16,97.6,600.24,419.68,409.92,287.92,268.4
87.84,200.08,112.24,-141.52,-14.64,156.16,107.36,619.76,424.56,409.92,317.2,263.52
87.84,190.32,102.48,-136.64,-9.76,146.4,107.36,614.88,419.68,409.92,307.44,219.6
87.84,190.32,102.48,-136.64,-9.76,146.4,102.48,610,424.56,414.8,297.68,224.48
63.44,180.56,117.12,-122,-29.28,146.4,102.48,614.88,434.32,419.68,283.04,248.88
82.96,195.2,112.24,-136.64,-14.64,151.28,107.36,614.88,439.2,429.44,273.28,239.12
92.72,209.84,117.12,-151.28,-14.64,161.04,97.6,600.24,434.32,424.56,283.04,214.72
73.2,204.96,131.76,-136.64,-29.28,165.92,82.96,585.6,429.44,414.8,287.92,209.84
87.84,214.72,126.88,-151.28,-19.52,170.8,78.08,575.84,424.56,405.04,278.16,200.08
92.72,209.84,117.12,-151.28,-14.64,161.04,73.2,570.96,434.32,409.92,278.16,195.2
92.72,209.84,117.12,-151.28,-14.64,161.04,78.08,570.96,424.56,409.92,302.56,200.08
78.08,195.2,117.12,-136.64,-19.52,156.16,82.96,570.96,429.44,409.92,283.04,244
82.96,190.32,107.36,-136.64,-14.64,146.4,82.96,556.32,424.56,405.04,273.28,234.24
92.72,190.32,97.6,-141.52,-4.88,141.52,87.84,546.56,419.68,405.04,273.28,219.6
82.96,185.44,102.48,-131.76,-9.76,141.52,78.08,536.8,409.92,390.4,287.92,180.56
82.96,175.68,92.72,-126.88,-4.88,131.76,73.2,512.4,400.16,380.64,278.16,200.08
78.08,185.44,107.36,-131.76,-14.64,146.4,58.56,492.88,390.4,380.64,278.16,185.44
68.32,185.44,117.12,-126.88,-24.4,151.28,58.56,473.36,380.64,370.88,278.16,195.2
48.8,170.8,122,-107.36,-39.04,146.4,48.8,448.96,356.24,351.36,263.52,180.56
63.44,161.04,97.6,-112.24,-19.52,126.88,43.92,429.44,336.72,341.6,263.52,204.96
73.2,146.4,73.2,-107.36,0,107.36,39.04,405.04,317.2,317.2,244,190.32
53.68,136.64,82.96,-92.72,-14.64,107.36,53.68,400.16,317.2,317.2,234.24,185.44
9.76,122,112.24,-63.44,-53.68,117.12,73.2,395.28,317.2,326.96,278.16,190.32
24.4,107.36,82.96,-63.44,-29.28,92.72,58.56,366,292.8,307.44,248.88,170.8
24.4,112.24,87.84,-68.32,-34.16,97.6,43.92,336.72,258.64,283.04,200.08,146.4
-4.88,87.84,92.72,-39.04,-48.8,87.84,34.16,302.56,234.24,258.64,175.68,136.64
-4.88,102.48,107.36,-48.8,-58.56,102.48,29.28,287.92,224.48,253.76,185.44,165.92
14.64,131.76,117.12,-73.2,-53.68,122,39.04,268.4,209.84,244,170.8,170.8
-9.76,107.36,117.12,-48.8,-63.44,112.24,34.16,244,180.56,219.6,131.76,146.4
-4.88,102.48,107.36,-48.8,-58.56,102.48,34.16,219.6,161.04,204.96,136.64,161.04
-19.52,73.2,92.72,-24.4,-58.56,82.96,39.04,204.96,141.52,190.32,141.52,117.12
-29.28,48.8,78.08,-9.76,-53.68,63.44,39.04,195.2,126.88,180.56,146.4,87.84
-24.4,39.04,63.44,-4.88,-43.92,48.8,39.04,175.68,117.12,165.92,107.36,78.08
-34.16,29.28,63.44,4.88,-48.8,43.92,39.04,165.92,107.36,156.16,97.6,73.2
-34.16,34.16,68.32,0,-53.68,48.8,34.16,146.4,87.84,141.52,68.32,63.44
-19.52,43.92,63.44,-9.76,-43.92,53.68,29.28,126.88,78.08,131.76,68.32,82.96
-19.52,48.8,68.32,-14.64,-43.92,58.56,19.52,102.48,58.56,112.24,68.32,87.84
-39.04,43.92,82.96,0,-63.44,63.44,19.52,87.84,48.8,107.36,58.56,73.2
-58.56,48.8,107.36,4.88,-82.96,78.08,19.52,78.08,34.16,92.72,39.04,53.68
-68.32,29.28,97.6,19.52,-82.96,63.44,14.64,63.44,24.4,92.72,43.92,53.68
-73.2,0,73.2,39.04,-73.2,34.16,19.52,53.68,19.52,73.2,53.68,43.92
-82.96,-24.4,58.56,53.68,-73.2,14.64,24.4,53.68,9.76,53.68,29.28,48.8
-82.96,-34.16,48.8,58.56,-68.32,4.88,29.28,39.04,0,43.92,34.16,53.68
-82.96,-39.04,43.92,63.44,-63.44,0,39.04,39.04,0,48.8,39.04,63.44
-97.6,-39.04,58.56,68.32,-78.08,9.76,34.16,34.16,-4.88,43.92,24.4,34.16
-87.84,-24.4,63.44,58.56,-78.08,19.52,29.28,24.4,-4.88,39.04,9.76,-4.88
-82.96,-9.76,73.2,48.8,-78.08,29.28,24.4,14.64,-9.76,29.28,9.76,9.76
-92.72,-24.4,68.32,58.56,-82.96,19.52,24.4,4.88,-19.52,24.4,9.76,48.8
-97.6,-14.64,82.96,58.56,-92.72,34.16,14.64,-4.88,-29.28,9.76,-19.52,-14.64
-97.6,-24.4,73.2,63.44,-87.84,24.4,19.52,-14.64,-39.04,0,-29.28,-39.04
-97.6,-29.28,68.32,63.44,-82.96,19.52,19.52,-9.76,-39.04,0,-29.28,-24.4
-97.6,-39.04,58.56,68.32,-78.08,9.76,29.28,-4.88,-39.04,0,-43.92,34.16
-107.36,-58.56,48.8,82.96,-78.08,-4.88,29.28,-9.76,-43.92,-9.76,-48.8,-14.64
-107.36,-68.32,39.04,87.84,-73.2,-14.64,34.16,-9.76,-48.8,-9.76,-48.8,-19.52
-107.36,-68.32,39.04,87.84,-73.2,-14.64,34.16,-4.88,-48.8,-9.76,-43.92,19.52
-107.36,-63.44,43.92,87.84,-78.08,-9.76,34.16,-9.76,-43.92,-9.76,-4.88,34.16
-112.24,-53.68,58.56,82.96,-87.84,0,29.28,-19.52,-53.68,-9.76,-9.76,9.76
-112.24,-53.68,58.56,82.96,-87.84,0,24.4,-29.28,-58.56,-14.64,-48.8,-9.76
-107.36,-43.92,63.44,78.08,-87.84,9.76,19.52,-34.16,-63.44,-19.52,-43.92,-14.64
-97.6,-43.92,53.68,73.2,-78.08,4.88,19.52,-34.16,-63.44,-19.52,-43.92,4.88
-97.6,-53.68,43.92,78.08,-73.2,-4.88,19.52,-29.28,-63.44,-19.52,-53.68,-29.28
-97.6,-63.44,34.16,82.96,-68.32,-14.64,29.28,-19.52,-58.56,-19.52,-48.8,-39.04
-107.36,-73.2,34.16,92.72,-73.2,-19.52,34.16,-14.64,-58.56,-24.4,-4.88,-29.28
-107.36,-87.84,19.52,97.6,-63.44,-34.16,34.16,-19.52,-63.44,-29.28,-39.04,-24.4
-97.6,-68.32,29.28,82.96,-63.44,-19.52,29.28,-14.64,-58.56,-24.4,-68.32,-14.64
-102.48,-63.44,39.04,82.96,-73.2,-14.64,19.52,-24.4,-63.44,-29.28,-43.92,-19.52
-97.6,-48.8,48.8,73.2,-73.2,0,19.52,-34.16,-63.44,-29.28,-53.68,-43.92
-107.36,-34.16,73.2,73.2,-92.72,19.52,24.4,-29.28,-53.68,-14.64,-63.44,-9.76
-117.12,-43.92,73.2,82.96,-97.6,14.64,14.64,-29.28,-53.68,-19.52,-68.32,-9.76
-97.6,-39.04,58.56,68.32,-78.08,9.76,19.52,-29.28,-53.68,-19.52,-73.2,-4.88
-97.6,-53.68,43.92,78.08,-73.2,-4.88,19.52,-29.28,-48.8,-19.52,-53.68,9.76
-112.24,-58.56,53.68,87.84,-82.96,-4.88,19.52,-24.4,-43.92,-24.4,-39.04,-4.88
-107.36,-63.44,43.92,87.84,-78.08,-9.76,29.28,-19.52,-39.04,-24.4,-53.68,14.64
-107.36,-78.08,29.28,92.72,-68.32,-24.4,34.16,-14.64,-34.16,-19.52,-53.68,34.16
-117.12,-82.96,34.16,102.48,-78.08,-24.4,39.04,-4.88,-24.4,-14.64,-29.28,-14.64
-112.24,-82.96,29.28,97.6,-73.2,-29.28,39.04,-4.88,-24.4,-9.76,-34.16,-4.88
-117.12,-78.08,39.04,97.6,-78.08,-19.52,24.4,-14.64,-34.16,-19.52,-63.44,-24.4
-107.36,-68.32,39.04,87.84,-73.2,-14.64,24.4,-19.52,-39.04,-19.52,-68.32,-39.04
-112.24,-53.68,58.56,82.96,-87.84,0,19.52,-19.52,-39.04,-24.4,-73.2,-34.16
-112.24,-53.68,58.56,82.96,-87.84,0,24.4,-24.4,-43.92,-24.4,-82.96,-24.4
-107.36,-53.68,53.68,82.96,-82.96,0,29.28,-14.64,-39.04,-19.52,-53.68,-29.28
-107.36,-68.32,39.04,87.84,-73.2,-14.64,34.16,-4.88,-34.16,-14.64,-39.04,-39.04
-102.48,-63.44,39.04,82.96,-73.2,-14.64,39.04,0,-29.28,-14.64,-58.56,-19.52
-102.48,-78.08,24.4,92.72,-63.44,-29.28,34.16,-4.88,-29.28,-14.64,-78.08,-43.92
-112.24,-87.84,24.4,102.48,-68.32,-34.16,43.92,4.88,-19.52,-9.76,-73.2,-39.04
-107.36,-73.2,34.16,92.72,-73.2,-19.52,43.92,4.88,-19.52,-4.88,-58.56,-34.16
-122,-63.44,58.56,92.72,-92.72,-4.88,39.04,-4.88,-24.4,-9.76,-63.44,-43.92
-112.24,-63.44,48.8,87.84,-82.96,-9.76,34.16,-9.76,-24.4,4.88,-24.4,-24.4
-102.48,-48.8,53.68,78.08,-78.08,0,34.16,-4.88,-24.4,-9.76,-58.56,-9.76
-107.36,-58.56,48.8,82.96,-78.08,-4.88,29.28,-14.64,-34.16,-19.52,-78.08,-39.04
-97.6,-63.44,34.16,82.96,-68.32,-14.64,34.16,-4.88,-24.4,0,-63.44,4.88
-97.6,-68.32,29.28,82.96,-63.44,-19.52,39.04,4.88,-19.52,0,-87.84,-29.28
-107.36,-73.2,34.16,92.72,-73.2,-19.52,43.92,9.76,-19.52,-4.88,-73.2,-34.16
-92.72,-68.32,24.4,82.96,-58.56,-24.4,48.8,14.64,-9.76,4.88,-73.2,39.04
-102.48,-58.56,43.92,82.96,-73.2,-9.76,43.92,14.64,-4.88,4.88,-63.44,34.16
-107.36,-43.92,63.44,78.08,-87.84,9.76,39.04,9.76,-9.76,0,-39.04,-9.76
-102.48,-29.28,73.2,68.32,-87.84,19.52,39.04,0,-9.76,-4.88,-58.56,4.88
-112.24,-39.04,73.2,78.08,-92.72,14.64,24.4,-9.76,-19.52,-14.64,-73.2,-19.52
-97.6,-34.16,63.44,68.32,-82.96,14.64,29.28,-4.88,-14.64,-19.52,-73.2,-4.88
-82.96,-48.8,34.16,68.32,-58.56,-9.76,34.16,-4.88,-14.64,-19.52,-78.08,0
-63.44,-68.32,-4.88,68.32,-29.28,-39.04,39.04,0,-14.64,-19.52,-53.68,-29.28
-92.72,-68.32,24.4,82.96,-58.56,-24.4,48.8,14.64,-4.88,-14.64,-43.92,24.4
-126.88,-73.2,53.68,102.48,-92.72,-9.76,48.8,19.52,4.88,-14.64,-43.92,19.52
-107.36,-68.32,39.04,87.84,-73.2,-14.64,53.68,29.28,4.88,-9.76,-53.68,43.92
-107.36,-63.44,43.92,87.84,-78.08,-9.76,58.56,34.16,14.64,0,-58.56,63.44
-112.24,-58.56,53.68,87.84,-82.96,-4.88,58.56,34.16,19.52,-4.88,-63.44,58.56
-87.84,-48.8,39.04,68.32,-63.44,-4.88,43.92,9.76,4.88,-19.52,-63.44,29.28
-112.24,-48.8,63.44,82.96,-87.84,4.88,39.04,4.88,0,-19.52,-53.68,-9.76
-112.24,-39.04,73.2,78.08,-92.72,14.64,39.04,4.88,0,-24.4,-58.56,-34.16
-112.24,-48.8,63.44,82.96,-87.84,4.88,39.04,4.88,0,-24.4,-58.56,29.28
-117.12,-73.2,43.92,97.6,-82.96,-14.64,34.16,4.88,-4.88,-29.28,-43.92,29.28
-107.36,-78.08,29.28,92.72,-68.32,-24.4,43.92,14.64,0,-19.52,-24.4,9.76
-107.36,-78.08,29.28,92.72,-68.32,-24.4,43.92,19.52,4.88,-9.76,-39.04,-14.64
-102.48,-78.08,24.4,92.72,-63.44,-29.28,43.92,19.52,4.88,4.88,-58.56,-14.64
-92.72,-58.56,34.16,78.08,-63.44,-14.64,43.92,24.4,9.76,-14.64,-68.32,-4.88
-107.36,-53.68,53.68,82.96,-82.96,0,43.92,19.52,14.64,-24.4,-53.68,0
-97.6,-43.92,53.68,73.2,-78.08,4.88,39.04,9.76,9.76,-24.4,-63.44,-9.76
-107.36,-43.92,63.44,78.08,-87.84,9.76,34.16,0,4.88,-9.76,-68.32,0
-117.12,-43.92,73.2,82.96,-97.6,14.64,29.28,-4.88,4.88,-19.52,-73.2,19.52
-107.36,-53.68,53.68,82.96,-82.96,0,34.16,-4.88,14.64,-24.4,-48.8,-9.76
-92.72,-58.56,34.16,78.08,-63.44,-14.64,34.16,-4.88,9.76,-24.4,-48.8,4.88
-87.84,-73.2,14.64,82.96,-53.68,-29.28,43.92,4.88,14.64,-24.4,-78.08,43.92
-87.84,-68.32,19.52,78.08,-53.68,-24.4,43.92,14.64,19.52,-19.52,-73.2,4.88
-122,-87.84,34.16,107.36,-78.08,-29.28,58.56,19.52,24.4,-9.76,-63.44,-43.92
-126.88,-82.96,43.92,107.36,-87.84,-19.52,53.68,14.64,19.52,-19.52,-78.08,-24.4
-122,-63.44,58.56,92.72,-92.72,-4.88,53.68,14.64,29.28,-19.52,-68.32,24.4
-107.36,-48.8,58.56,78.08,-82.96,4.88,43.92,4.88,29.28,-19.52,-73.2,-9.76
-97.6,-43.92,53.68,73.2,-78.08,4.88,39.04,-4.88,19.52,-19.52,-68.32,-19.52
-97.6,-39.04,58.56,68.32,-78.08,9.76,39.04,-4.88,19.52,-24.4,-68.32,4.88
-92.72,-53.68,39.04,73.2,-68.32,-9.76,39.04,-9.76,24.4,-24.4,-82.96,-4.88
-102.48,-82.96,19.52,92.72,-63.44,-34.16,43.92,-4.88,19.52,-24.4,-82.96,-14.64
-112.24,-97.6,14.64,107.36,-63.44,-43.92,48.8,0,14.64,-24.4,-82.96,-4.88
-102.48,-97.6,4.88,102.48,-53.68,-48.8,43.92,0,14.64,-29.28,-87.84,-14.64
-97.6,-78.08,19.52,87.84,-58.56,-29.28,48.8,0,14.64,-24.4,-68.32,0
-107.36,-63.44,43.92,87.84,-78.08,-9.76,34.16,-9.76,-4.88,-24.4,-82.96,4.88
-92.72,-29.28,63.44,63.44,-78.08,14.64,34.16,-14.64,0,-34.16,-78.08,19.52
-92.72,-14.64,78.08,53.68,-87.84,29.28,24.4,-24.4,-4.88,-39.04,-78.08,-39.04
-92.72,-19.52,73.2,58.56,-82.96,24.4,24.4,-29.28,-9.76,-39.04,-73.2,-34.16
-97.6,-29.28,68.32,63.44,-82.96,19.52,24.4,-24.4,-9.76,-34.16,-73.2,-29.28
-102.48,-53.68,48.8,78.08,-78.08,-4.88,34.16,-24.4,-9.76,-24.4,-82.96,4.88
-97.6,-73.2,24.4,87.84,-63.44,-24.4,39.04,-19.52,-14.64,-24.4,-87.84,-29.28
-92.72,-82.96,9.76,87.84,-53.68,-39.04,53.68,-9.76,-14.64,-34.16,-107.36,0
-112.24,-107.36,4.88,112.24,-58.56,-53.68,48.8,-14.64,-19.52,-43.92,-92.72,9.76
-107.36,-97.6,9.76,102.48,-58.56,-43.92,43.92,-19.52,-29.28,-48.8,-97.6,-14.64
-102.48,-63.44,39.04,82.96,-73.2,-14.64,39.04,-19.52,-29.28,-53.68,-107.36,-53.68
-107.36,-58.56,48.8,82.96,-78.08,-4.88,34.16,-29.28,-34.16,-58.56,-117.12,-43.92
-112.24,-43.92,68.32,78.08,-92.72,9.76,24.4,-39.04,-39.04,-58.56,-102.48,-4.88
-107.36,-39.04,68.32,73.2,-87.84,14.64,19.52,-48.8,-48.8,-58.56,-107.36,-29.28
-102.48,-39.04,63.44,73.2,-82.96,9.76,24.4,-43.92,-43.92,-58.56,-112.24,-34.16
-97.6,-63.44,34.16,82.96,-68.32,-14.64,29.28,-43.92,-43.92,-53.68,-117.12,-14.64
-97.6,-82.96,14.64,92.72,-58.56,-34.16,24.4,-43.92,-53.68,-58.56,-107.36,34.16
-97.6,-92.72,4.88,97.6,-53.68,-43.92,39.04,-29.28,-48.8,-34.16,-87.84,14.64
-92.72,-87.84,4.88,92.72,-48.8,-43.92,39.04,-29.28,-58.56,-34.16,-82.96,-43.92
-92.72,-82.96,9.76,87.84,-53.68,-39.04,39.04,-29.28,-58.56,-53.68,-117.12,-34.16
-87.84,-68.32,19.52,78.08,-53.68,-24.4,39.04,-34.16,-58.56,-53.68,-117.12,-48.8
-107.36,-63.44,43.92,87.84,-78.08,-9.76,29.28,-43.92,-63.44,-63.44,-117.12,-48.8
-112.24,-53.68,58.56,82.96,-87.84,0,14.64,-63.44,-78.08,-73.2,-122,-53.68
-107.36,-53.68,53.68,82.96,-82.96,0,19.52,-53.68,-73.2,-63.44,-82.96,-73.2
-107.36,-63.44,43.92,87.84,-78.08,-9.76,24.4,-53.68,-63.44,-63.44,-68.32,-58.56
-97.6,-68.32,29.28,82.96,-63.44,-19.52,19.52,-53.68,-73.2,-68.32,-107.36,-39.04
-87.84,-78.08,9.76,82.96,-48.8,-34.16,24.4,-53.68,-73.2,-68.32,-122,-48.8
-97.6,-97.6,0,97.6,-48.8,-48.8,29.28,-43.92,-63.44,-63.44,-122,-53.68
-82.96,-87.84,-4.88,87.84,-39.04,-48.8,39.04,-39.04,-63.44,-63.44,-112.24,24.4
-78.08,-82.96,-4.88,82.96,-39.04,-43.92,29.28,-48.8,-78.08,-73.2,-126.88,-9.76
-78.08,-78.08,0,78.08,-39.04,-39.04,14.64,-58.56,-82.96,-82.96,-141.52,-39.04
-82.96,-63.44,19.52,73.2,-53.68,-24.4,14.64,-63.44,-87.84,-87.84,-141.52,-63.44
-112.24,-58.56,53.68,87.84,-82.96,-4.88,24.4,-63.44,-82.96,-82.96,-131.76,-58.56
-112.24,-53.68,58.56,82.96,-87.84,0,24.4,-68.32,-82.96,-78.08,-122,-34.16
-107.36,-53.68,53.68,82.96,-82.96,0,19.52,-63.44,-82.96,-78.08,-131.76,-14.64
-97.6,-58.56,39.04,78.08,-68.32,-9.76,24.4,-63.44,-87.84,-78.08,-112.24,-43.92
-92.72,-58.56,34.16,78.08,-63.44,-14.64,24.4,-63.44,-87.84,-78.08,-131.76,0
-102.48,-82.96,19.52,92.72,-63.44,-34.16,29.28,-53.68,-82.96,-78.08,-122,-14.64
-92.72,-78.08,14.64,87.84,-53.68,-34.16,29.28,-58.56,-87.84,-87.84,-122,-24.4
-87.84,-68.32,19.52,78.08,-53.68,-24.4,34.16,-53.68,-82.96,-87.84,-122,19.52
-92.72,-68.32,24.4,82.96,-58.56,-24.4,34.16,-53.68,-78.08,-82.96,-131.76,-9.76
-92.72,-63.44,29.28,78.08,-63.44,-19.52,24.4,-63.44,-82.96,-87.84,-131.76,4.88
-82.96,-53.68,29.28,68.32,-58.56,-14.64,24.4,-73.2,-92.72,-92.72,-126.88,14.64
-82.96,-48.8,34.16,68.32,-58.56,-9.76,19.52,-68.32,-92.72,-87.84,-126.88,-39.04
-92.72,-53.68,39.04,73.2,-68.32,-9.76,14.64,-73.2,-97.6,-92.72,-146.4,-58.56
-97.6,-68.32,29.28,82.96,-63.44,-19.52,19.52,-73.2,-102.48,-92.72,-136.64,-34.16
-92.72,-78.08,14.64,87.84,-53.68,-34.16,19.52,-73.2,-107.36,-97.6,-126.88,-29.28
-92.72,-82.96,9.76,87.84,-53.68,-39.04,34.16,-68.32,-102.48,-92.72,-117.12,-39.04
-87.84,-82.96,4.88,87.84,-48.8,-39.04,34.16,-58.56,-97.6,-87.84,-131.76,-53.68
-73.2,-82.96,-9.76,78.08,-34.16,-48.8,34.16,-63.44,-97.6,-87.84,-126.88,-53.68
-68.32,-73.2,-4.88,73.2,-34.16,-39.04,19.52,-68.32,-107.36,-92.72,-112.24,-48.8
-73.2,-58.56,14.64,68.32,-43.92,-24.4,14.64,-78.08,-107.36,-97.6,-126.88,-68.32
-78.08,-39.04,39.04,58.56,-58.56,0,19.52,-78.08,-107.36,-92.72,-141.52,-43.92
-92.72,-58.56,34.16,78.08,-63.44,-14.64,9.76,-82.96,-122,-92.72,-156.16,-48.8
-117.12,-63.44,53.68,92.72,-87.84,-4.88,14.64,-82.96,-117.12,-92.72,-146.4,-73.2
-112.24,-68.32,43.92,92.72,-78.08,-14.64,19.52,-82.96,-117.12,-78.08,-126.88,-53.68
-92.72,-68.32,24.4,82.96,-58.56,-24.4,14.64,-87.84,-136.64,-97.6,-146.4,-68.32
-87.84,-82.96,4.88,87.84,-48.8,-39.04,29.28,-73.2,-126.88,-92.72,-141.52,-34.16
-87.84,-97.6,-9.76,92.72,-39.04,-53.68,34.16,-78.08,-126.88,-82.96,-151.28,-19.52
-87.84,-97.6,-9.76,92.72,-39.04,-53.68,34.16,-68.32,-122,-82.96,-117.12,24.4
-78.08,-82.96,-4.88,82.96,-39.04,-43.92,34.16,-63.44,-117.12,-78.08,-136.64,14.64
-87.84,-87.84,0,87.84,-43.92,-43.92,29.28,-68.32,-117.12,-78.08,-122,9.76
-78.08,-73.2,4.88,78.08,-43.92,-34.16,24.4,-73.2,-122,-82.96,-122,-58.56
-63.44,-53.68,9.76,58.56,-39.04,-24.4,19.52,-78.08,-126.88,-82.96,-117.12,-19.52
-58.56,-43.92,14.64,53.68,-39.04,-14.64,14.64,-87.84,-136.64,-92.72,-126.88,9.76
-78.08,-63.44,14.64,73.2,-48.8,-24.4,19.52,-78.08,-136.64,-97.6,-141.52,-48.8
-87.84,-68.32,19.52,78.08,-53.68,-24.4,24.4,-82.96,-136.64,-97.6,-136.64,-29.28
-78.08,-78.08,0,78.08,-39.04,-39.04,24.4,-78.08,-141.52,-92.72,-136.64,-14.64
-78.08,-78.08,0,78.08,-39.04,-39.04,29.28,-68.32,-136.64,-92.72,-126.88,-29.28
-82.96,-78.08,4.88,82.96,-43.92,-39.04,34.16,-63.44,-131.76,-87.84,-126.88,-63.44
-63.44,-63.44,0,63.44,-34.16,-34.16,29.28,-68.32,-136.64,-87.84,-122,-68.32
-63.44,-63.44,0,63.44,-34.16,-34.16,29.28,-73.2,-136.64,-97.6,-126.88,-48.8
-73.2,-63.44,9.76,68.32,-43.92,-29.28,24.4,-78.08,-141.52,-102.48,-126.88,-29.28
-78.08,-53.68,24.4,68.32,-53.68,-14.64,24.4,-82.96,-146.4,-92.72,-112.24,-24.4
-78.08,-58.56,19.52,68.32,-48.8,-19.52,9.76,-92.72,-156.16,-102.48,-126.88,-24.4
-92.72,-78.08,14.64,87.84,-53.68,-34.16,4.88,-92.72,-161.04,-107.36,-156.16,-34.16
-78.08,-68.32,9.76,73.2,-43.92,-29.28,24.4,-87.84,-161.04,-102.48,-151.28,-53.68
-78.08,-82.96,-4.88,82.96,-39.04,-43.92,29.28,-82.96,-161.04,-102.48,-131.76,-34.16
-78.08,-92.72,-14.64,87.84,-34.16,-53.68,34.16,-68.32,-146.4,-92.72,-126.88,-53.68
-87.84,-92.72,-4.88,92.72,-43.92,-48.8,39.04,-63.44,-136.64,-82.96,-122,-34.16
-82.96,-92.72,-9.76,87.84,-39.04,-53.68,34.16,-78.08,-141.52,-92.72,-131.76,-39.04
-82.96,-82.96,0,82.96,-43.92,-43.92,34.16,-82.96,-136.64,-92.72,-122,-92.72
-87.84,-78.08,9.76,82.96,-48.8,-34.16,19.52,-87.84,-141.52,-97.6,-141.52,-58.56
-78.08,-63.44,14.64,73.2,-48.8,-24.4,14.64,-97.6,-151.28,-102.48,-156.16,-53.68
-63.44,-48.8,14.64,58.56,-39.04,-19.52,14.64,-97.6,-151.28,-102.48,-136.64,-53.68
-58.56,-58.56,0,58.56,-29.28,-29.28,9.76,-102.48,-151.28,-107.36,-126.88,-53.68
-43.92,-58.56,-14.64,53.68,-14.64,-39.04,4.88,-102.48,-161.04,-112.24,-131.76,-43.92
-53.68,-73.2,-19.52,63.44,-19.52,-48.8,9.76,-102.48,-156.16,-107.36,-107.36,-78.08
-73.2,-82.96,-9.76,78.08,-34.16,-48.8,19.52,-92.72,-146.4,-102.48,-117.12,-97.6
-82.96,-87.84,-4.88,87.84,-39.04,-48.8,29.28,-82.96,-141.52,-92.72,-107.36,-78.08
-73.2,-92.72,-19.52,82.96,-29.28,-58.56,29.28,-82.96,-141.52,-97.6,-112.24,-58.56
-63.44,-97.6,-34.16,82.96,-14.64,-68.32,24.4,-82.96,-136.64,-97.6,-102.48,-58.56
-58.56,-82.96,-24.4,73.2,-19.52,-53.68,9.76,-97.6,-146.4,-107.36,-92.72,-68.32
-63.44,-68.32,-4.88,68.32,-29.28,-39.04,14.64,-92.72,-146.4,-97.6,-97.6,-92.72
-63.44,-48.8,14.64,58.56,-39.04,-19.52,19.52,-92.72,-141.52,-92.72,-92.72,-82.96
-78.08,-63.44,14.64,73.2,-48.8,-24.4,14.64,-97.6,-151.28,-102.48,-97.6,-63.44
-58.56,-68.32,-9.76,63.44,-24.4,-39.04,14.64,-102.48,-156.16,-112.24,-97.6,-78.08
-48.8,-68.32,-19.52,58.56,-14.64,-43.92,24.4,-87.84,-151.28,-102.48,-92.72,-58.56
-43.92,-82.96,-39.04,63.44,-4.88,-63.44,24.4,-82.96,-141.52,-92.72,-82.96,4.88
-63.44,-87.84,-24.4,78.08,-19.52,-58.56,34.16,-82.96,-136.64,-87.84,-78.08,-34.16
-58.56,-82.96,-24.4,73.2,-19.52,-53.68,24.4,-87.84,-141.52,-92.72,-107.36,-78.08
-73.2,-92.72,-19.52,82.96,-29.28,-58.56,19.52,-92.72,-136.64,-92.72,-102.48,-53.68
-78.08,-78.08,0,78.08,-39.04,-39.04,24.4,-92.72,-131.76,-87.84,-102.48,-58.56
-68.32,-73.2,-4.88,73.2,-34.16,-39.04,14.64,-92.72,-141.52,-87.84,-102.48,-68.32
-58.56,-53.68,4.88,58.56,-34.16,-24.4,9.76,-102.48,-146.4,-97.6,-117.12,-78.08
-53.68,-48.8,4.88,53.68,-29.28,-24.4,4.88,-102.48,-146.4,-97.6,-112.24,-73.2
-53.68,-53.68,0,53.68,-29.28,-29.28,0,-107.36,-156.16,-97.6,-117.12,-97.6
-48.8,-53.68,-4.88,53.68,-24.4,-29.28,14.64,-97.6,-146.4,-92.72,-107.36,-87.84
-43.92,-48.8,-4.88,48.8,-19.52,-29.28,19.52,-102.48,-141.52,-97.6,-97.6,-73.2
-43.92,-82.96,-39.04,63.44,-4.88,-63.44,24.4,-92.72,-136.64,-92.72,-73.2,-39.04
-58.56,-78.08,-19.52,68.32,-19.52,-48.8,29.28,-87.84,-126.88,-78.08,-82.96,-34.16
-68.32,-87.84,-19.52,78.08,-24.4,-53.68,29.28,-87.84,-122,-78.08,-107.36,-58.56
-48.8,-78.08,-29.28,63.44,-9.76,-53.68,24.4,-97.6,-131.76,-87.84,-97.6,-92.72
-29.28,-58.56,-29.28,43.92,0,-43.92,14.64,-97.6,-131.76,-82.96,-82.96,-97.6
-39.04,-58.56,-19.52,48.8,-9.76,-39.04,9.76,-107.36,-141.52,-92.72,-122,-97.6
-39.04,-58.56,-19.52,48.8,-9.76,-39.04,4.88,-107.36,-146.4,-97.6,-136.64,-53.68
-53.68,-68.32,-14.64,63.44,-19.52,-43.92,14.64,-102.48,-146.4,-92.72,-102.48,-68.32
-58.56,-82.96,-24.4,73.2,-19.52,-53.68,14.64,-102.48,-151.28,-102.48,-107.36,-87.84
-39.04,-73.2,-34.16,58.56,-4.88,-53.68,34.16,-92.72,-141.52,-87.84,-97.6,-48.8
-24.4,-73.2,-48.8,48.8,9.76,-63.44,24.4,-92.72,-146.4,-97.6,-97.6,-53.68
-24.4,-87.84,-63.44,58.56,19.52,-78.08,19.52,-102.48,-146.4,-97.6,-97.6,-73.2
-24.4,-78.08,-53.68,53.68,14.64,-68.32,9.76,-107.36,-146.4,-97.6,-117.12,-82.96
-48.8,-73.2,-24.4,63.44,-14.64,-48.8,4.88,-107.36,-146.4,-97.6,-122,-73.2
-73.2,-68.32,4.88,73.2,-39.04,-34.16,9.76,-102.48,-141.52,-92.72,-126.88,-58.56
-58.56,-68.32,-9.76,63.44,-24.4,-39.04,0,-112.24,-146.4,-102.48,-126.88,-68.32
-58.56,-78.08,-19.52,68.32,-19.52,-48.8,0,-117.12,-156.16,-112.24,-136.64,-68.32
-58.56,-87.84,-29.28,73.2,-14.64,-58.56,9.76,-112.24,-156.16,-107.36,-136.64,-87.84
-58.56,-107.36,-48.8,82.96,-4.88,-78.08,0,-107.36,-156.16,-112.24,-141.52,-107.36
-48.8,-112.24,-63.44,82.96,4.88,-87.84,4.88,-102.48,-141.52,-102.48,-131.76,-92.72
-19.52,-82.96,-63.44,53.68,19.52,-73.2,24.4,-87.84,-126.88,-92.72,-87.84,-87.84
-48.8,-78.08,-29.28,63.44,-9.76,-53.68,24.4,-92.72,-126.88,-92.72,-82.96,-87.84
-34.16,-48.8,-14.64,43.92,-9.76,-34.16,9.76,-112.24,-131.76,-97.6,-107.36,-87.84
-19.52,-39.04,-19.52,29.28,0,-29.28,4.88,-112.24,-131.76,-97.6,-102.48,-68.32
-34.16,-58.56,-24.4,48.8,-4.88,-43.92,4.88,-112.24,-141.52,-107.36,-107.36,-63.44
-34.16,-58.56,-24.4,48.8,-4.88,-43.92,4.88,-117.12,-141.52,-102.48,-102.48,-58.56
-39.04,-43.92,-4.88,43.92,-19.52,-24.4,0,-112.24,-136.64,-97.6,-112.24,-43.92
-34.16,-58.56,-24.4,48.8,-4.88,-43.92,4.88,-112.24,-141.52,-102.48,-131.76,-82.96
-29.28,-58.56,-29.28,43.92,0,-43.92,9.76,-107.36,-136.64,-102.48,-122,-122
-34.16,-73.2,-39.04,53.68,0,-58.56,9.76,-107.36,-136.64,-97.6,-82.96,-112.24
-39.04,-78.08,-39.04,58.56,0,-58.56,14.64,-97.6,-126.88,-92.72,-78.08,-24.4
-34.16,-82.96,-48.8,58.56,4.88,-68.32,24.4,-92.72,-122,-87.84,-92.72,-14.64
-24.4,-73.2,-48.8,48.8,9.76,-63.44,24.4,-102.48,-122,-92.72,-112.24,-68.32
-19.52,-58.56,-39.04,39.04,9.76,-48.8,24.4,-92.72,-126.88,-92.72,-82.96,-63.44
-14.64,-53.68,-39.04,34.16,9.76,-48.8,14.64,-102.48,-126.88,-102.48,-102.48,-87.84
-9.76,-39.04,-29.28,24.4,9.76,-34.16,24.4,-102.48,-126.88,-92.72,-112.24,-63.44
-19.52,-29.28,-9.76,24.4,-4.88,-19.52,14.64,-102.48,-126.88,-92.72,-126.88,-78.08
-19.52,-34.16,-14.64,29.28,-4.88,-24.4,14.64,-102.48,-131.76,-97.6,-131.76,-87.84
-4.88,-19.52,-14.64,14.64,4.88,-19.52,29.28,-97.6,-117.12,-87.84,-102.48,-48.8
-9.76,-19.52,-9.76,14.64,0,-14.64,43.92,-82.96,-102.48,-73.2,-78.08,-53.68
-24.4,-43.92,-19.52,34.16,-4.88,-34.16,43.92,-78.08,-107.36,-82.96,-43.92,-122
-14.64,-43.92,-29.28,29.28,4.88,-39.04,43.92,-78.08,-102.48,-78.08,-73.2,-97.6
14.64,-39.04,-53.68,14.64,34.16,-48.8,48.8,-82.96,-102.48,-78.08,-87.84,-68.32
29.28,-29.28,-58.56,0,43.92,-43.92,53.68,-73.2,-97.6,-73.2,-87.84,-87.84
9.76,-9.76,-19.52,0,14.64,-14.64,68.32,-58.56,-78.08,-53.68,-78.08,-43.92
-39.04,-9.76,29.28,24.4,-34.16,9.76,68.32,-58.56,-78.08,-39.04,-73.2,-24.4
-19.52,9.76,29.28,4.88,-24.4,19.52,53.68,-63.44,-82.96,-53.68,-68.32,-48.8
0,24.4,24.4,-9.76,-14.64,24.4,58.56,-63.44,-87.84,-63.44,-78.08,-68.32
-9.76,4.88,14.64,4.88,-14.64,9.76,63.44,-63.44,-82.96,-63.44,-82.96,-48.8
-4.88,-4.88,0,4.88,-4.88,-4.88,68.32,-48.8,-78.08,-58.56,-63.44,-63.44
0,-19.52,-19.52,9.76,9.76,-19.52,78.08,-39.04,-73.2,-48.8,-58.56,-43.92
0,-24.4,-24.4,14.64,9.76,-24.4,78.08,-43.92,-68.32,-48.8,-63.44,-43.92
4.88,-29.28,-34.16,14.64,19.52,-34.16,82.96,-43.92,-58.56,-39.04,-63.44,-34.16
0,-34.16,-34.16,19.52,14.64,-34.16,73.2,-39.04,-58.56,-34.16,-43.92,-29.28
34.16,-4.88,-39.04,-14.64,34.16,-24.4,58.56,-43.92,-63.44,-43.92,-43.92,-58.56
43.92,14.64,-29.28,-29.28,34.16,-9.76,53.68,-48.8,-63.44,-39.04,-43.92,-63.44
34.16,19.52,-14.64,-24.4,24.4,0,43.92,-48.8,-63.44,-43.92,-29.28,-43.92
43.92,34.16,-9.76,-39.04,24.4,9.76,34.16,-48.8,-73.2,-48.8,-53.68,14.64
63.44,43.92,-19.52,-53.68,39.04,9.76,29.28,-53.68,-63.44,-43.92,-53.68,-19.52
68.32,53.68,-14.64,-58.56,39.04,19.52,9.76,-58.56,-73.2,-43.92,-82.96,-68.32
58.56,43.92,-14.64,-48.8,34.16,14.64,14.64,-53.68,-63.44,-34.16,-43.92,-43.92
48.8,24.4,-24.4,-34.16,34.16,0,9.76,-58.56,-58.56,-29.28,-29.28,-48.8
43.92,4.88,-39.04,-24.4,39.04,-19.52,9.76,-58.56,-58.56,-29.28,-48.8,-58.56
48.8,-4.88,-53.68,-19.52,48.8,-29.28,0,-63.44,-63.44,-29.28,-63.44,-48.8
63.44,4.88,-58.56,-34.16,58.56,-29.28,-4.88,-68.32,-58.56,-34.16,-48.8,0
82.96,34.16,-48.8,-58.56,63.44,-9.76,-14.64,-68.32,-63.44,-34.16,-53.68,-4.88
68.32,39.04,-29.28,-53.68,48.8,4.88,-24.4,-78.08,-73.2,-48.8,-63.44,-24.4
68.32,43.92,-24.4,-53.68,43.92,9.76,-29.28,-82.96,-87.84,-53.68,-92.72,-48.8
68.32,29.28,-39.04,-48.8,53.68,-4.88,-34.16,-92.72,-92.72,-63.44,-82.96,-24.4
58.56,9.76,-48.8,-34.16,53.68,-19.52,-24.4,-92.72,-92.72,-58.56,-78.08,-43.92
68.32,0,-68.32,-34.16,68.32,-34.16,-14.64,-82.96,-87.84,-53.68,-73.2,-82.96
63.44,-29.28,-92.72,-14.64,78.08,-63.44,-14.64,-82.96,-87.84,-58.56,-68.32,-68.32
53.68,-48.8,-102.48,0,78.08,-78.08,-9.76,-82.96,-82.96,-53.68,-53.68,-58.56
63.44,-34.16,-97.6,-14.64,78.08,-68.32,-4.88,-78.08,-78.08,-48.8,-78.08,-43.92
53.68,-29.28,-82.96,-9.76,68.32,-58.56,-9.76,-82.96,-73.2,-53.68,-87.84,-63.44
53.68,-24.4,-78.08,-14.64,63.44,-53.68,-24.4,-97.6,-97.6,-63.44,-87.84,-92.72
58.56,-14.64,-73.2,-19.52,63.44,-43.92,-34.16,-117.12,-112.24,-82.96,-87.84,-97.6
48.8,-19.52,-68.32,-14.64,58.56,-43.92,-43.92,-136.64,-136.64,-107.36,-107.36,-97.6
43.92,-9.76,-53.68,-14.64,48.8,-34.16,-34.16,-131.76,-131.76,-107.36,-97.6,-68.32
24.4,-19.52,-43.92,0,34.16,-34.16,-14.64,-122,-126.88,-97.6,-112.24,-73.2
0,-58.56,-58.56,29.28,29.28,-58.56,-4.88,-117.12,-122,-102.48,-117.12,-43.92
4.88,-78.08,-82.96,39.04,43.92,-82.96,4.88,-112.24,-126.88,-102.48,-107.36,-58.56
0,-97.6,-97.6,48.8,48.8,-97.6,4.88,-117.12,-126.88,-107.36,-112.24,-112.24
4.88,-97.6,-102.48,48.8,53.68,-102.48,0,-117.12,-126.88,-107.36,-117.12,-141.52
14.64,-73.2,-87.84,29.28,48.8,-82.96,-9.76,-126.88,-122,-107.36,-107.36,-131.76
9.76,-68.32,-78.08,29.28,43.92,-73.2,-14.64,-131.76,-126.88,-112.24,-146.4,-126.88
9.76,-78.08,-87.84,34.16,48.8,-82.96,-29.28,-146.4,-141.52,-131.76,-146.4,-156.16
-14.64,-97.6,-82.96,58.56,34.16,-92.72,-39.04,-161.04,-161.04,-141.52,-161.04,-146.4
0,-87.84,-87.84,43.92,43.92,-87.84,-24.4,-146.4,-151.28,-131.76,-165.92,-161.04
9.76,-82.96,-92.72,39.04,48.8,-87.84,-19.52,-136.64,-141.52,-122,-131.76,-161.04
14.64,-92.72,-107.36,39.04,58.56,-102.48,-19.52,-131.76,-136.64,-122,-151.28,-92.72
14.64,-97.6,-112.24,43.92,63.44,-107.36,-4.88,-131.76,-131.76,-117.12,-136.64,-73.2
34.16,-87.84,-122,29.28,78.08,-107.36,0,-131.76,-126.88,-112.24,-102.48,-112.24
29.28,-97.6,-126.88,34.16,78.08,-112.24,-9.76,-136.64,-136.64,-122,-141.52,-136.64
14.64,-92.72,-107.36,39.04,58.56,-102.48,-4.88,-136.64,-131.76,-126.88,-131.76,-117.12
-14.64,-87.84,-73.2,53.68,29.28,-82.96,-9.76,-141.52,-136.64,-126.88,-141.52,-97.6
0,-78.08,-78.08,39.04,39.04,-78.08,-9.76,-141.52,-136.64,-136.64,-175.68,-136.64
14.64,-68.32,-82.96,29.28,48.8,-78.08,-9.76,-146.4,-141.52,-141.52,-175.68,-136.64
14.64,-82.96,-97.6,34.16,53.68,-92.72,-14.64,-141.52,-141.52,-141.52,-165.92,-156.16
29.28,-68.32,-97.6,19.52,63.44,-82.96,0,-126.88,-131.76,-126.88,-146.4,-156.16
9.76,-87.84,-97.6,39.04,53.68,-92.72,14.64,-122,-122,-122,-122,-136.64
14.64,-117.12,-131.76,53.68,73.2,-126.88,-4.88,-141.52,-131.76,-131.76,-136.64,-97.6
19.52,-122,-141.52,53.68,78.08,-131.76,-4.88,-136.64,-126.88,-126.88,-141.52,-68.32
0,-107.36,-107.36,53.68,53.68,-107.36,4.88,-126.88,-112.24,-117.12,-146.4,-68.32
19.52,-92.72,-112.24,39.04,63.44,-102.48,-9.76,-146.4,-126.88,-136.64,-151.28,-107.36
24.4,-78.08,-102.48,29.28,63.44,-92.72,-9.76,-156.16,-136.64,-136.64,-141.52,-141.52
14.64,-73.2,-87.84,29.28,48.8,-82.96,-24.4,-156.16,-146.4,-146.4,-151.28,-136.64
19.52,-68.32,-87.84,24.4,53.68,-78.08,-19.52,-146.4,-141.52,-141.52,-146.4,-102.48
-4.88,-68.32,-63.44,39.04,29.28,-68.32,-9.76,-146.4,-136.64,-136.64,-165.92,-122
-4.88,-87.84,-82.96,48.8,39.04,-87.84,-4.88,-141.52,-136.64,-136.64,-141.52,-112.24
9.76,-97.6,-107.36,43.92,58.56,-102.48,0,-131.76,-131.76,-131.76,-151.28,-161.04
0,-107.36,-107.36,53.68,53.68,-107.36,9.76,-126.88,-131.76,-117.12,-161.04,-146.4
-14.64,-107.36,-92.72,63.44,39.04,-102.48,24.4,-117.12,-122,-126.88,-146.4,-112.24
-19.52,-97.6,-78.08,58.56,29.28,-87.84,48.8,-97.6,-112.24,-122,-126.88,-112.24
-9.76,-78.08,-68.32,43.92,29.28,-73.2,58.56,-97.6,-107.36,-126.88,-161.04,-156.16
-4.88,-48.8,-43.92,29.28,19.52,-48.8,78.08,-58.56,-78.08,-107.36,-122,-136.64
-14.64,-43.92,-29.28,29.28,4.88,-39.04,92.72,-14.64,-34.16,-73.2,-82.96,-136.64
-19.52,-48.8,-29.28,34.16,4.88,-39.04,107.36,48.8,43.92,-4.88,-58.56,-126.88
-4.88,-39.04,-34.16,24.4,14.64,-39.04,117.12,136.64,141.52,82.96,9.76,-78.08
19.52,-39.04,-58.56,9.76,39.04,-48.8,117.12,224.48,248.88,200.08,63.44,-24.4
73.2,-24.4,-97.6,-24.4,82.96,-63.44,102.48,317.2,380.64,331.84,175.68,9.76
156.16,19.52,-136.64,-87.84,146.4,-58.56,68.32,405.04,531.92,483.12,322.08,136.64
229.36,68.32,-161.04,-146.4,195.2,-48.8,39.04,546.56,751.52,702.72,502.64,253.76
317.2,131.76,-185.44,-224.48,248.88,-29.28,-4.88,668.56,971.12,936.96,683.2,370.88
405.04,219.6,-185.44,-312.32,292.8,14.64,-63.44,658.8,1127.28,1122.4,863.76,453.84
473.36,297.68,-175.68,-385.52,322.08,58.56,-170.8,541.68,1220,1288.32,1044.32,575.84
575.84,400.16,-175.68,-488,375.76,112.24,-302.56,390.4,1307.84,1444.48,1185.84,702.72
649.04,458.72,-190.32,-551.44,419.68,131.76,-405.04,244,1351.76,1571.36,1337.12,795.44
702.72,507.52,-195.2,-605.12,448.96,156.16,-497.76,117.12,1371.28,1654.32,1464,907.68
746.64,566.08,-180.56,-653.92,463.6,190.32,-575.84,14.64,1346.88,1668.96,1546.96,956.48
771.04,600.24,-170.8,-683.2,468.48,214.72,-649.04,-92.72,1229.76,1542.08,1493.28,951.6
766.16,575.84,-190.32,-668.56,478.24,190.32,-702.72,-234.24,1005.28,1283.44,1317.6,907.68
712.48,492.88,-219.6,-600.24,463.6,136.64,-741.76,-400.16,717.36,966.24,1034.56,800.32
649.04,409.92,-239.12,-527.04,444.08,82.96,-775.92,-595.36,414.8,634.4,775.92,614.88
575.84,322.08,-253.76,-448.96,414.8,34.16,-780.8,-771.04,131.76,331.84,522.16,463.6
478.24,263.52,-214.72,-370.88,346.48,24.4,-741.76,-912.56,-102.48,92.72,317.2,385.52
370.88,214.72,-156.16,-292.8,263.52,29.28,-678.32,-1029.68,-322.08,-126.88,156.16,283.04
268.4,151.28,-117.12,-209.84,190.32,14.64,-619.76,-1166.32,-580.72,-370.88,-58.56,151.28
146.4,78.08,-68.32,-112.24,107.36,4.88,-551.44,-1234.64,-780.8,-580.72,-263.52,39.04
58.56,39.04,-19.52,-48.8,39.04,9.76,-478.24,-1190.72,-829.6,-658.8,-356.24,-58.56
9.76,-24.4,-34.16,9.76,19.52,-29.28,-400.16,-1029.68,-761.28,-629.52,-366,-107.36
-9.76,-43.92,-34.16,29.28,9.76,-39.04,-346.48,-858.88,-634.4,-541.68,-302.56,-87.84
0,-39.04,-39.04,19.52,19.52,-39.04,-312.32,-722.24,-512.4,-439.2,-253.76,-122
-4.88,-58.56,-53.68,34.16,24.4,-58.56,-278.16,-614.88,-424.56,-366,-258.64,-107.36
-9.76,-63.44,-53.68,39.04,19.52,-58.56,-234.24,-507.52,-346.48,-317.2,-239.12,-136.64
9.76,-53.68,-63.44,24.4,34.16,-58.56,-180.56,-414.8,-283.04,-268.4,-180.56,-117.12
14.64,-53.68,-68.32,19.52,39.04,-63.44,-131.76,-326.96,-229.36,-229.36,-195.2,-126.88
34.16,-53.68,-87.84,9.76,58.56,-73.2,-92.72,-244,-185.44,-200.08,-185.44,-112.24
43.92,-53.68,-97.6,4.88,68.32,-78.08,-53.68,-185.44,-131.76,-165.92,-170.8,-82.96
43.92,-48.8,-92.72,4.88,68.32,-73.2,-29.28,-141.52,-102.48,-136.64,-156.16,-87.84
39.04,-48.8,-87.84,4.88,63.44,-68.32,0,-97.6,-68.32,-107.36,-131.76,-97.6
34.16,-53.68,-87.84,9.76,58.56,-73.2,4.88,-87.84,-58.56,-102.48,-126.88,-131.76
29.28,-58.56,-87.84,14.64,58.56,-73.2,19.52,-78.08,-39.04,-82.96,-112.24,-112.24
34.16,-53.68,-87.84,9.76,58.56,-73.2,14.64,-87.84,-58.56,-92.72,-117.12,-107.36
29.28,-53.68,-82.96,14.64,53.68,-68.32,19.52,-82.96,-58.56,-97.6,-122,-97.6
24.4,-39.04,-63.44,9.76,43.92,-53.68,19.52,-82.96,-58.56,-102.48,-122,-97.6
24.4,-34.16,-58.56,4.88,39.04,-48.8,19.52,-78.08,-68.32,-107.36,-122,-73.2
24.4,-39.04,-63.44,9.76,43.92,-53.68,24.4,-63.44,-73.2,-117.12,-136.64,-107.36
43.92,-43.92,-87.84,0,63.44,-68.32,24.4,-48.8,-68.32,-112.24,-141.52,-102.48
43.92,-53.68,-97.6,4.88,68.32,-78.08,29.28,-43.92,-58.56,-107.36,-136.64,-117.12
39.04,-53.68,-92.72,9.76,63.44,-73.2,34.16,-29.28,-48.8,-102.48,-112.24,-141.52
24.4,-58.56,-82.96,19.52,53.68,-73.2,48.8,-14.64,-29.28,-87.84,-107.36,-126.88
14.64,-58.56,-73.2,24.4,43.92,-68.32,48.8,-19.52,-19.52,-73.2,-112.24,-78.08
24.4,-48.8,-73.2,14.64,48.8,-63.44,48.8,-24.4,-19.52,-78.08,-112.24,-43.92
29.28,-43.92,-73.2,9.76,48.8,-58.56,43.92,-29.28,-29.28,-92.72,-117.12,-92.72
24.4,-43.92,-68.32,9.76,43.92,-58.56,39.04,-34.16,-39.04,-97.6,-112.24,-107.36
24.4,-34.16,-58.56,4.88,39.04,-48.8,43.92,-34.16,-39.04,-102.48,-117.12,-78.08
39.04,-24.4,-63.44,-4.88,48.8,-43.92,43.92,-24.4,-39.04,-117.12,-126.88,-112.24
58.56,-14.64,-73.2,-19.52,63.44,-43.92,48.8,-9.76,-34.16,-102.48,-122,-122
39.04,-29.28,-68.32,-4.88,53.68,-48.8,48.8,-9.76,-29.28,-107.36,-112.24,-146.4
19.52,-43.92,-63.44,14.64,39.04,-53.68,63.44,9.76,-9.76,-87.84,-92.72,-78.08
39.04,-48.8,-87.84,4.88,63.44,-68.32,68.32,14.64,4.88,-78.08,-73.2,-63.44
34.16,-63.44,-97.6,14.64,63.44,-82.96,63.44,9.76,4.88,-73.2,-63.44,-53.68
9.76,-63.44,-73.2,29.28,39.04,-68.32,68.32,9.76,9.76,-58.56,-68.32,-68.32
24.4,-53.68,-78.08,14.64,48.8,-68.32,63.44,4.88,4.88,-63.44,-82.96,-29.28
34.16,-39.04,-73.2,4.88,53.68,-58.56,48.8,-9.76,-14.64,-78.08,-87.84,-73.2
19.52,-14.64,-34.16,0,24.4,-24.4,53.68,-4.88,-14.64,-78.08,-87.84,-107.36
29.28,-14.64,-43.92,-4.88,34.16,-29.28,48.8,-4.88,-29.28,-97.6,-107.36,-87.84
19.52,-24.4,-43.92,4.88,29.28,-34.16,39.04,-4.88,-34.16,-102.48,-107.36,-102.48
29.28,-34.16,-63.44,4.88,43.92,-48.8,53.68,4.88,-19.52,-97.6,-102.48,-117.12
24.4,-53.68,-78.08,14.64,48.8,-68.32,58.56,24.4,0,-78.08,-63.44,-92.72
39.04,-63.44,-102.48,14.64,68.32,-82.96,63.44,29.28,4.88,-68.32,-68.32,-63.44
48.8,-58.56,-107.36,4.88,78.08,-82.96,68.32,29.28,14.64,-53.68,-73.2,-73.2
43.92,-48.8,-92.72,4.88,68.32,-73.2,73.2,29.28,19.52,-48.8,-68.32,-97.6
34.16,-43.92,-78.08,4.88,53.68,-63.44,68.32,34.16,14.64,-48.8,-68.32,-58.56
43.92,-34.16,-78.08,-4.88,58.56,-58.56,63.44,19.52,0,-53.68,-39.04,-82.96
39.04,-29.28,-68.32,-4.88,53.68,-48.8,53.68,19.52,-9.76,-68.32,-24.4,-73.2
39.04,-24.4,-63.44,-4.88,48.8,-43.92,48.8,24.4,-19.52,-78.08,-82.96,-63.44
39.04,-24.4,-63.44,-4.88,48.8,-43.92,48.8,29.28,-14.64,-73.2,-97.6,-92.72
34.16,-29.28,-63.44,0,48.8,-48.8,58.56,39.04,0,-68.32,-53.68,-102.48
39.04,-34.16,-73.2,0,53.68,-53.68,68.32,53.68,9.76,-53.68,-34.16,-78.08
43.92,-43.92,-87.84,0,63.44,-68.32,68.32,63.44,19.52,-39.04,-53.68,-78.08
34.16,-58.56,-92.72,14.64,63.44,-78.08,63.44,58.56,29.28,-29.28,-39.04,-43.92
39.04,-53.68,-92.72,9.76,63.44,-73.2,58.56,53.68,34.16,-29.28,-43.92,-19.52
43.92,-53.68,-97.6,4.88,68.32,-78.08,53.68,48.8,24.4,-29.28,-58.56,-39.04
53.68,-24.4,-78.08,-14.64,63.44,-53.68,48.8,39.04,19.52,-34.16,-58.56,-68.32
53.68,-4.88,-58.56,-24.4,53.68,-34.16,48.8,39.04,14.64,-39.04,-53.68,-73.2
53.68,4.88,-48.8,-29.28,48.8,-24.4,43.92,43.92,4.88,-48.8,-73.2,-73.2
43.92,0,-43.92,-19.52,43.92,-24.4,48.8,58.56,14.64,-43.92,-63.44,-68.32
24.4,-14.64,-39.04,-4.88,29.28,-29.28,53.68,68.32,29.28,-34.16,-43.92,-78.08
39.04,-39.04,-78.08,0,58.56,-58.56,63.44,82.96,39.04,-19.52,-29.28,-68.32
48.8,-48.8,-97.6,0,73.2,-73.2,68.32,87.84,53.68,-4.88,14.64,-78.08
48.8,-58.56,-107.36,4.88,78.08,-82.96,68.32,92.72,68.32,9.76,19.52,-29.28
53.68,-53.68,-107.36,0,78.08,-82.96,73.2,92.72,73.2,14.64,19.52,-19.52
43.92,-48.8,-92.72,4.88,68.32,-73.2,68.32,92.72,68.32,14.64,-14.64,0
48.8,-24.4,-73.2,-9.76,58.56,-48.8,63.44,82.96,63.44,9.76,-19.52,-29.28
63.44,9.76,-53.68,-34.16,58.56,-24.4,58.56,87.84,58.56,0,-9.76,-39.04
63.44,24.4,-39.04,-43.92,48.8,-9.76,53.68,92.72,48.8,-4.88,-24.4,-43.92
63.44,24.4,-39.04,-43.92,48.8,-9.76,53.68,102.48,58.56,-4.88,-34.16,-53.68
53.68,9.76,-43.92,-29.28,48.8,-19.52,58.56,107.36,68.32,4.88,-29.28,-29.28
48.8,-9.76,-58.56,-19.52,53.68,-34.16,58.56,122,68.32,14.64,-19.52,-4.88
58.56,-19.52,-78.08,-19.52,68.32,-48.8,63.44,131.76,82.96,29.28,-9.76,-34.16
53.68,-34.16,-87.84,-9.76,68.32,-63.44,73.2,131.76,97.6,43.92,19.52,-43.92
73.2,-29.28,-102.48,-19.52,87.84,-68.32,73.2,131.76,92.72,43.92,4.88,-39.04
82.96,-19.52,-102.48,-29.28,92.72,-63.44,68.32,131.76,92.72,34.16,24.4,-39.04
68.32,-14.64,-82.96,-24.4,73.2,-48.8,63.44,117.12,82.96,24.4,-4.88,-43.92
63.44,24.4,-39.04,-43.92,48.8,-9.76,63.44,131.76,87.84,34.16,4.88,-63.44
48.8,29.28,-19.52,-39.04,34.16,4.88,68.32,146.4,87.84,29.28,4.88,-43.92
48.8,24.4,-24.4,-34.16,34.16,0,68.32,156.16,92.72,34.16,29.28,-14.64
63.44,19.52,-43.92,-39.04,53.68,-14.64,68.32,161.04,97.6,39.04,9.76,-43.92
63.44,0,-63.44,-29.28,63.44,-34.16,73.2,175.68,107.36,43.92,0,-29.28
73.2,4.88,-68.32,-39.04,68.32,-34.16,82.96,185.44,122,53.68,24.4,19.52
63.44,4.88,-58.56,-34.16,58.56,-29.28,73.2,180.56,126.88,63.44,48.8,0
58.56,-9.76,-68.32,-24.4,63.44,-39.04,78.08,190.32,126.88,73.2,48.8,-9.76
68.32,4.88,-63.44,-34.16,63.44,-29.28,73.2,195.2,126.88,73.2,122,-9.76
78.08,19.52,-58.56,-48.8,68.32,-19.52,63.44,185.44,122,68.32,63.44,-24.4
87.84,43.92,-43.92,-63.44,63.44,0,63.44,190.32,112.24,68.32,39.04,-24.4
102.48,63.44,-39.04,-82.96,68.32,9.76,63.44,200.08,107.36,63.44,29.28,-24.4
97.6,58.56,-39.04,-78.08,68.32,9.76,58.56,209.84,107.36,68.32,29.28,-34.16
92.72,63.44,-29.28,-78.08,58.56,14.64,68.32,224.48,126.88,82.96,43.92,-29.28
92.72,63.44,-29.28,-78.08,58.56,14.64,78.08,248.88,141.52,102.48,82.96,39.04
78.08,34.16,-43.92,-53.68,58.56,-4.88,82.96,263.52,156.16,112.24,73.2,34.16
87.84,29.28,-58.56,-58.56,73.2,-14.64,82.96,268.4,175.68,131.76,68.32,29.28
97.6,19.52,-78.08,-58.56,87.84,-29.28,78.08,263.52,165.92,131.76,78.08,19.52
102.48,34.16,-68.32,-68.32,82.96,-19.52,73.2,268.4,165.92,126.88,82.96,24.4
102.48,58.56,-43.92,-78.08,73.2,4.88,78.08,283.04,175.68,141.52,73.2,29.28
102.48,82.96,-19.52,-92.72,58.56,29.28,73.2,278.16,170.8,136.64,102.48,24.4
97.6,97.6,0,-97.6,48.8,48.8,73.2,287.92,175.68,136.64,97.6,19.52
92.72,92.72,0,-92.72,43.92,43.92,73.2,302.56,185.44,141.52,78.08,29.28
92.72,87.84,-4.88,-87.84,48.8,39.04,82.96,322.08,204.96,156.16,87.84,43.92
122,92.72,-29.28,-107.36,73.2,29.28,82.96,341.6,224.48,180.56,97.6,48.8
131.76,82.96,-48.8,-107.36,87.84,14.64,82.96,351.36,234.24,195.2,97.6,34.16
131.76,73.2,-58.56,-102.48,92.72,4.88,92.72,366,253.76,214.72,136.64,43.92
126.88,73.2,-53.68,-97.6,87.84,9.76,87.84,370.88,258.64,219.6,146.4,48.8
112.24,78.08,-34.16,-92.72,73.2,19.52,97.6,385.52,263.52,234.24,146.4,92.72
126.88,107.36,-19.52,-117.12,73.2,43.92,92.72,390.4,268.4,239.12,156.16,73.2
131.76,122,-9.76,-126.88,68.32,53.68,82.96,390.4,263.52,229.36,161.04,43.92
126.88,126.88,0,-126.88,63.44,63.44,78.08,395.28,263.52,224.48,151.28,82.96
136.64,141.52,4.88,-136.64,63.44,73.2,82.96,419.68,283.04,239.12,146.4,131.76
161.04,146.4,-14.64,-151.28,87.84,63.44,82.96,429.44,292.8,244,175.68,112.24
161.04,146.4,-14.64,-151.28,87.84,63.44,97.6,453.84,322.08,273.28,195.2,126.88
165.92,151.28,-14.64,-156.16,87.84,68.32,107.36,473.36,346.48,297.68,204.96,87.84
156.16,136.64,-19.52,-146.4,87.84,58.56,102.48,473.36,361.12,312.32,214.72,102.48
180.56,151.28,-29.28,-165.92,102.48,58.56,97.6,473.36,361.12,322.08,239.12,141.52
185.44,165.92,-19.52,-175.68,102.48,73.2,92.72,488,361.12,322.08,244,141.52
175.68,175.68,0,-175.68,87.84,87.84,78.08,483.12,370.88,326.96,244,146.4
204.96,224.48,19.52,-214.72,92.72,122,82.96,497.76,380.64,336.72,234.24,165.92
195.2,209.84,14.64,-200.08,87.84,112.24,82.96,502.64,380.64,331.84,229.36,185.44
161.04,170.8,9.76,-165.92,73.2,87.84,73.2,507.52,380.64,331.84,229.36,151.28
161.04,175.68,14.64,-165.92,73.2,92.72,73.2,522.16,390.4,346.48,239.12,131.76
195.2,190.32,-4.88,-190.32,97.6,92.72,78.08,536.8,400.16,361.12,244,131.76
209.84,195.2,-14.64,-200.08,112.24,87.84,82.96,546.56,419.68,375.76,278.16,156.16
195.2,190.32,-4.88,-190.32,97.6,92.72,82.96,546.56,434.32,390.4,292.8,204.96
185.44,195.2,9.76,-190.32,87.84,102.48,82.96,551.44,439.2,390.4,297.68,244
219.6,214.72,-4.88,-214.72,112.24,102.48,73.2,546.56,434.32,390.4,292.8,219.6
229.36,224.48,-4.88,-224.48,117.12,107.36,68.32,541.68,429.44,385.52,283.04,224.48
219.6,244,24.4,-229.36,97.6,131.76,58.56,541.68,424.56,380.64,292.8,200.08
204.96,253.76,48.8,-229.36,78.08,151.28,68.32,546.56,434.32,380.64,292.8,209.84
195.2,244,48.8,-219.6,73.2,146.4,68.32,556.32,439.2,385.52,297.68,204.96
204.96,244,39.04,-224.48,82.96,141.52,63.44,556.32,439.2,385.52,287.92,204.96
214.72,234.24,19.52,-224.48,97.6,126.88,58.56,556.32,448.96,395.28,283.04,200.08
224.48,224.48,0,-224.48,112.24,112.24,63.44,561.2,458.72,405.04,292.8,170.8
224.48,229.36,4.88,-224.48,107.36,117.12,63.44,556.32,463.6,419.68,312.32,204.96
209.84,219.6,9.76,-214.72,97.6,112.24,63.44,551.44,463.6,419.68,336.72,234.24
209.84,224.48,14.64,-214.72,97.6,117.12,53.68,536.8,448.96,409.92,336.72,263.52
229.36,253.76,24.4,-239.12,102.48,136.64,48.8,527.04,439.2,405.04,326.96,244
219.6,258.64,39.04,-239.12,87.84,146.4,43.92,507.52,424.56,400.16,292.8,195.2
224.48,268.4,43.92,-244,87.84,156.16,39.04,502.64,414.8,385.52,283.04,244
229.36,263.52,34.16,-244,97.6,146.4,34.16,497.76,405.04,385.52,278.16,244
224.48,253.76,29.28,-239.12,97.6,141.52,39.04,483.12,405.04,380.64,278.16,185.44
204.96,229.36,24.4,-214.72,87.84,126.88,39.04,473.36,405.04,380.64,278.16,195.2
195.2,200.08,4.88,-195.2,92.72,102.48,43.92,458.72,400.16,380.64,302.56,200.08
185.44,195.2,9.76,-190.32,87.84,102.48,43.92,444.08,395.28,380.64,302.56,209.84
185.44,200.08,14.64,-190.32,82.96,107.36,39.04,424.56,380.64,366,287.92,195.2
180.56,200.08,19.52,-190.32,78.08,107.36,39.04,405.04,361.12,356.24,292.8,195.2
195.2,219.6,24.4,-204.96,82.96,122,24.4,375.76,341.6,326.96,268.4,180.56
190.32,219.6,29.28,-204.96,78.08,122,19.52,351.36,317.2,312.32,278.16,185.44
180.56,200.08,19.52,-190.32,78.08,107.36,14.64,331.84,287.92,283.04,248.88,151.28
165.92,195.2,29.28,-180.56,68.32,112.24,9.76,317.2,273.28,273.28,214.72,170.8
146.4,170.8,24.4,-156.16,58.56,97.6,24.4,307.44,263.52,273.28,234.24,136.64
146.4,151.28,4.88,-146.4,68.32,78.08,24.4,297.68,253.76,263.52,244,131.76
146.4,136.64,-9.76,-141.52,78.08,63.44,24.4,273.28,234.24,248.88,219.6,165.92
126.88,112.24,-14.64,-117.12,68.32,48.8,24.4,253.76,224.48,244,219.6,131.76
122,112.24,-9.76,-117.12,63.44,48.8,19.52,224.48,195.2,229.36,200.08,97.6
117.12,112.24,-4.88,-112.24,58.56,53.68,19.52,209.84,175.68,214.72,209.84,122
122,122,0,-122,58.56,58.56,14.64,180.56,151.28,190.32,200.08,97.6
117.12,131.76,14.64,-122,48.8,73.2,9.76,151.28,126.88,170.8,185.44,102.48
107.36,126.88,19.52,-117.12,43.92,73.2,9.76,146.4,107.36,146.4,146.4,73.2
97.6,112.24,14.64,-102.48,39.04,63.44,14.64,136.64,92.72,136.64,141.52,87.84
97.6,97.6,0,-97.6,48.8,48.8,4.88,117.12,82.96,126.88,107.36,82.96
92.72,78.08,-14.64,-82.96,53.68,29.28,19.52,117.12,78.08,126.88,136.64,39.04
102.48,73.2,-29.28,-87.84,63.44,19.52,19.52,102.48,63.44,112.24,126.88,39.04
73.2,34.16,-39.04,-53.68,53.68,-4.88,9.76,78.08,43.92,102.48,82.96,87.84
68.32,14.64,-53.68,-39.04,58.56,-19.52,9.76,63.44,24.4,87.84,82.96,58.56
68.32,29.28,-39.04,-48.8,53.68,-4.88,14.64,53.68,14.64,78.08,87.84,39.04
68.32,34.16,-34.16,-48.8,48.8,0,4.88,34.16,-9.76,53.68,82.96,29.28
78.08,53.68,-24.4,-63.44,48.8,14.64,0,19.52,-24.4,39.04,63.44,-9.76
63.44,58.56,-4.88,-58.56,34.16,24.4,0,14.64,-29.28,24.4,43.92,-24.4
63.44,48.8,-14.64,-53.68,39.04,14.64,4.88,9.76,-39.04,19.52,29.28,-19.52
63.44,34.16,-29.28,-48.8,43.92,0,4.88,9.76,-39.04,19.52,29.28,-9.76
39.04,19.52,-19.52,-29.28,29.28,0,14.64,9.76,-39.04,19.52,43.92,-24.4
43.92,9.76,-34.16,-24.4,39.04,-14.64,19.52,9.76,-39.04,19.52,39.04,14.64
63.44,0,-63.44,-29.28,63.44,-34.16,14.64,-9.76,-43.92,9.76,24.4,14.64
48.8,-19.52,-68.32,-14.64,58.56,-43.92,0,-24.4,-53.68,4.88,9.76,-39.04
34.16,-9.76,-43.92,-9.76,39.04,-29.28,4.88,-29.28,-53.68,0,29.28,39.04
34.16,4.88,-29.28,-19.52,29.28,-14.64,4.88,-34.16,-63.44,-4.88,14.64,34.16
43.92,14.64,-29.28,-29.28,34.16,-9.76,-4.88,-43.92,-82.96,-24.4,-19.52,-14.64
58.56,14.64,-43.92,-34.16,48.8,-14.64,-9.76,-53.68,-97.6,-43.92,-39.04,-29.28
58.56,4.88,-53.68,-29.28,53.68,-24.4,-14.64,-58.56,-107.36,-53.68,-43.92,-39.04
53.68,0,-53.68,-24.4,53.68,-29.28,-14.64,-48.8,-97.6,-43.92,-29.28,-53.68
34.16,-4.88,-39.04,-14.64,34.16,-24.4,9.76,-34.16,-78.08,-24.4,-19.52,-24.4
34.16,-19.52,-53.68,-4.88,43.92,-39.04,9.76,-43.92,-82.96,-29.28,-19.52,-43.92
43.92,-19.52,-63.44,-9.76,53.68,-43.92,9.76,-48.8,-78.08,-24.4,4.88,-39.04
34.16,-34.16,-68.32,0,48.8,-53.68,4.88,-53.68,-78.08,-24.4,-24.4,-29.28
34.16,-34.16,-68.32,0,48.8,-53.68,0,-58.56,-87.84,-34.16,-34.16,-19.52
19.52,-14.64,-34.16,0,24.4,-24.4,4.88,-63.44,-92.72,-43.92,-43.92,-9.76
0,-4.88,-4.88,4.88,0,-4.88,4.88,-63.44,-92.72,-43.92,-9.76,-24.4
4.88,-19.52,-24.4,9.76,14.64,-24.4,-4.88,-63.44,-102.48,-58.56,-19.52,-68.32
14.64,-14.64,-29.28,0,19.52,-24.4,0,-53.68,-97.6,-53.68,-39.04,-82.96
19.52,-19.52,-39.04,0,29.28,-29.28,-4.88,-53.68,-102.48,-53.68,-53.68,-68.32
24.4,-29.28,-53.68,4.88,39.04,-43.92,0,-53.68,-97.6,-48.8,-53.68,-53.68
24.4,-39.04,-63.44,9.76,43.92,-53.68,9.76,-43.92,-87.84,-39.04,-39.04,-53.68
14.64,-39.04,-53.68,14.64,34.16,-48.8,9.76,-43.92,-78.08,-29.28,-19.52,-39.04
24.4,-39.04,-63.44,9.76,43.92,-53.68,4.88,-53.68,-82.96,-29.28,-19.52,-19.52
29.28,-34.16,-63.44,4.88,43.92,-48.8,4.88,-58.56,-92.72,-39.04,-34.16,-48.8
29.28,-19.52,-48.8,-4.88,39.04,-34.16,0,-63.44,-97.6,-53.68,-39.04,-24.4
34.16,-4.88,-39.04,-14.64,34.16,-24.4,-4.88,-63.44,-102.48,-58.56,-58.56,-34.16
19.52,-4.88,-24.4,-4.88,19.52,-14.64,0,-53.68,-97.6,-58.56,-68.32,-63.44
24.4,-9.76,-34.16,-4.88,29.28,-24.4,4.88,-48.8,-102.48,-53.68,-58.56,-43.92
4.88,-29.28,-34.16,14.64,19.52,-34.16,4.88,-48.8,-97.6,-53.68,-39.04,-29.28
14.64,-34.16,-48.8,9.76,29.28,-43.92,4.88,-39.04,-87.84,-43.92,-9.76,-19.52
29.28,-29.28,-58.56,0,43.92,-43.92,9.76,-39.04,-87.84,-43.92,-29.28,-53.68
29.28,-34.16,-63.44,4.88,43.92,-48.8,4.88,-43.92,-87.84,-39.04,-43.92,-58.56
29.28,-29.28,-58.56,0,43.92,-43.92,9.76,-43.92,-87.84,-34.16,-58.56,-29.28
24.4,-19.52,-43.92,0,34.16,-34.16,4.88,-48.8,-97.6,-39.04,-53.68,-19.52
14.64,-14.64,-29.28,0,19.52,-24.4,4.88,-53.68,-102.48,-48.8,-68.32,-34.16
14.64,-4.88,-19.52,-4.88,14.64,-14.64,0,-53.68,-102.48,-53.68,-24.4,-68.32
19.52,-4.88,-24.4,-4.88,19.52,-14.64,0,-48.8,-107.36,-58.56,-48.8,-58.56
19.52,-14.64,-34.16,0,24.4,-24.4,4.88,-39.04,-107.36,-63.44,-53.68,-58.56
29.28,-14.64,-43.92,-4.88,34.16,-29.28,14.64,-34.16,-97.6,-53.68,-63.44,-63.44
4.88,-34.16,-39.04,14.64,19.52,-39.04,14.64,-34.16,-92.72,-43.92,-58.56,-39.04
9.76,-43.92,-53.68,19.52,29.28,-48.8,19.52,-29.28,-87.84,-39.04,-43.92,-53.68
19.52,-34.16,-53.68,9.76,34.16,-43.92,19.52,-24.4,-78.08,-29.28,-43.92,-29.28
19.52,-34.16,-53.68,9.76,34.16,-43.92,9.76,-34.16,-82.96,-29.28,-48.8,-53.68
24.4,-19.52,-43.92,0,34.16,-34.16,4.88,-39.04,-82.96,-34.16,-34.16,-48.8
29.28,-4.88,-34.16,-9.76,29.28,-19.52,4.88,-43.92,-87.84,-43.92,-29.28,-58.56
29.28,9.76,-19.52,-19.52,24.4,-4.88,4.88,-39.04,-87.84,-48.8,-24.4,-48.8
39.04,14.64,-24.4,-24.4,29.28,-4.88,9.76,-34.16,-87.84,-53.68,-53.68,-9.76
19.52,-9.76,-29.28,-4.88,24.4,-19.52,9.76,-29.28,-82.96,-48.8,-78.08,-43.92
29.28,-9.76,-39.04,-9.76,34.16,-24.4,14.64,-29.28,-78.08,-48.8,-58.56,-43.92
29.28,-19.52,-48.8,-4.88,39.04,-34.16,14.64,-19.52,-63.44,-39.04,-58.56,-58.56
4.88,-48.8,-53.68,24.4,29.28,-53.68,9.76,-19.52,-63.44,-39.04,-68.32,-14.64
0,-48.8,-48.8,24.4,24.4,-48.8,14.64,-24.4,-58.56,-34.16,-43.92,34.16
14.64,-34.16,-48.8,9.76,29.28,-43.92,9.76,-29.28,-58.56,-34.16,4.88,43.92
9.76,-19.52,-29.28,4.88,19.52,-24.4,14.64,-24.4,-58.56,-29.28,-19.52,-4.88
24.4,0,-24.4,-9.76,24.4,-14.64,9.76,-29.28,-63.44,-34.16,-39.04,0
29.28,4.88,-24.4,-14.64,24.4,-9.76,-4.88,-39.04,-78.08,-43.92,-19.52,-14.64
34.16,4.88,-29.28,-19.52,29.28,-14.64,-4.88,-34.16,-78.08,-48.8,-34.16,-4.88
29.28,4.88,-24.4,-14.64,24.4,-9.76,4.88,-24.4,-68.32,-34.16,-39.04,-9.76
14.64,-9.76,-24.4,0,19.52,-19.52,4.88,-14.64,-63.44,-34.16,-29.28,-39.04
14.64,-24.4,-39.04,4.88,24.4,-34.16,9.76,-9.76,-53.68,-24.4,-29.28,-48.8
9.76,-29.28,-39.04,9.76,24.4,-34.16,14.64,-9.76,-48.8,-24.4,-4.88,-43.92
19.52,-19.52,-39.04,0,29.28,-29.28,14.64,-14.64,-48.8,-19.52,-19.52,-53.68
24.4,-9.76,-34.16,-4.88,29.28,-24.4,9.76,-9.76,-43.92,-14.64,-29.28,-39.04
19.52,0,-19.52,-9.76,19.52,-9.76,9.76,-19.52,-53.68,-24.4,-24.4,-53.68
34.16,24.4,-9.76,-29.28,19.52,4.88,4.88,-14.64,-53.68,-24.4,-24.4,-39.04
34.16,24.4,-9.76,-29.28,19.52,4.88,4.88,-14.64,-58.56,-24.4,-43.92,-14.64
14.64,0,-14.64,-4.88,14.64,-9.76,4.88,-19.52,-68.32,-29.28,-43.92,-24.4
9.76,-9.76,-19.52,0,14.64,-14.64,9.76,-14.64,-68.32,-19.52,0,-9.76
19.52,-9.76,-29.28,-4.88,24.4,-19.52,4.88,-14.64,-63.44,-29.28,-19.52,19.52
24.4,-9.76,-34.16,-4.88,29.28,-24.4,9.76,-4.88,-58.56,-19.52,-29.28,-19.52
19.52,-14.64,-34.16,0,24.4,-24.4,0,-14.64,-58.56,-29.28,-29.28,-29.28
4.88,-24.4,-29.28,9.76,14.64,-29.28,-9.76,-24.4,-68.32,-29.28,-14.64,-43.92
19.52,-19.52,-39.04,0,29.28,-29.28,-9.76,-29.28,-68.32,-34.16,-34.16,-58.56
39.04,0,-39.04,-19.52,39.04,-19.52,-14.64,-34.16,-73.2,-39.04,-9.76,-29.28
14.64,-4.88,-19.52,-4.88,14.64,-14.64,-9.76,-39.04,-73.2,-39.04,-24.4,-9.76
-24.4,0,24.4,14.64,-24.4,9.76,4.88,-24.4,-68.32,-29.28,-24.4,-4.88
-9.76,-4.88,4.88,9.76,-9.76,0,0,-24.4,-68.32,-39.04,-29.28,-43.92
4.88,-4.88,-9.76,0,4.88,-9.76,4.88,-24.4,-68.32,-34.16,-24.4,-19.52
19.52,-4.88,-24.4,-4.88,19.52,-14.64,4.88,-19.52,-58.56,-24.4,-29.28,-19.52
4.88,-29.28,-34.16,14.64,19.52,-34.16,9.76,-14.64,-58.56,-24.4,-4.88,-24.4
9.76,-29.28,-39.04,9.76,24.4,-34.16,9.76,-14.64,-53.68,-19.52,0,-4.88
9.76,-24.4,-34.16,9.76,19.52,-29.28,4.88,-24.4,-53.68,-19.52,-14.64,14.64
4.88,-29.28,-34.16,14.64,19.52,-34.16,-9.76,-34.16,-58.56,-34.16,-39.04,4.88
-9.76,-19.52,-9.76,14.64,0,-14.64,0,-29.28,-53.68,-24.4,-19.52,14.64
4.88,-14.64,-19.52,4.88,9.76,-19.52,-4.88,-39.04,-63.44,-34.16,-34.16,-34.16
4.88,-14.64,-19.52,4.88,9.76,-19.52,-14.64,-43.92,-68.32,-48.8,-43.92,-48.8
4.88,-24.4,-29.28,9.76,14.64,-29.28,-14.64,-43.92,-73.2,-53.68,-29.28,-58.56
-9.76,-24.4,-14.64,19.52,0,-19.52,0,-34.16,-63.44,-43.92,-43.92,-19.52
-4.88,-19.52,-14.64,14.64,4.88,-19.52,0,-29.28,-58.56,-39.04,-19.52,-24.4
4.88,-29.28,-34.16,14.64,19.52,-34.16,0,-29.28,-63.44,-39.04,-14.64,-34.16
0,-39.04,-39.04,19.52,19.52,-39.04,-4.88,-34.16,-68.32,-39.04,-29.28,-43.92
14.64,-24.4,-39.04,4.88,24.4,-34.16,0,-34.16,-58.56,-29.28,19.52,-24.4
14.64,-29.28,-43.92,9.76,29.28,-39.04,0,-39.04,-53.68,-34.16,0,-19.52
9.76,-24.4,-34.16,9.76,19.52,-29.28,-4.88,-48.8,-58.56,-39.04,-39.04,-29.28
0,-14.64,-14.64,9.76,4.88,-14.64,-9.76,-53.68,-63.44,-43.92,-39.04,-14.64
-19.52,-9.76,9.76,14.64,-14.64,0,-9.76,-48.8,-63.44,-48.8,-34.16,-53.68
-9.76,-4.88,4.88,9.76,-9.76,0,-9.76,-53.68,-68.32,-48.8,-19.52,-53.68
4.88,-4.88,-9.76,0,4.88,-9.76,-9.76,-53.68,-68.32,-39.04,-29.28,-63.44
4.88,-19.52,-24.4,9.76,14.64,-24.4,-9.76,-43.92,-68.32,-48.8,-39.04,-68.32
4.88,-29.28,-34.16,14.64,19.52,-34.16,-9.76,-48.8,-63.44,-48.8,-9.76,-24.4
4.88,-43.92,-48.8,19.52,24.4,-48.8,-9.76,-53.68,-63.44,-48.8,-14.64,-29.28
-9.76,-39.04,-29.28,24.4,9.76,-34.16,0,-43.92,-48.8,-39.04,-9.76,-48.8
-4.88,-29.28,-24.4,19.52,9.76,-29.28,0,-48.8,-53.68,-39.04,-24.4,0
-14.64,-34.16,-19.52,24.4,0,-29.28,-4.88,-58.56,-63.44,-43.92,-29.28,-4.88
-4.88,-24.4,-19.52,14.64,4.88,-24.4,-9.76,-63.44,-68.32,-53.68,-39.04,4.88
-9.76,-19.52,-9.76,14.64,0,-14.64,-19.52,-68.32,-73.2,-58.56,-9.76,0
-9.76,-24.4,-14.64,19.52,0,-19.52,-19.52,-63.44,-82.96,-63.44,-24.4,-14.64
4.88,-24.4,-29.28,9.76,14.64,-29.28,-14.64,-63.44,-87.84,-63.44,-48.8,-4.88
-9.76,-43.92,-34.16,29.28,9.76,-39.04,-19.52,-63.44,-82.96,-63.44,-58.56,-39.04
-24.4,-53.68,-29.28,39.04,0,-43.92,-9.76,-58.56,-82.96,-53.68,-53.68,-39.04
-19.52,-58.56,-39.04,39.04,9.76,-48.8,-4.88,-58.56,-78.08,-58.56,-14.64,-29.28
-19.52,-58.56,-39.04,39.04,9.76,-48.8,-4.88,-63.44,-73.2,-53.68,-9.76,-34.16
-14.64,-43.92,-29.28,29.28,4.88,-39.04,-4.88,-63.44,-73.2,-58.56,9.76,-9.76
-14.64,-39.04,-24.4,29.28,4.88,-34.16,-14.64,-78.08,-82.96,-63.44,-14.64,-43.92
-19.52,-34.16,-14.64,29.28,-4.88,-24.4,-19.52,-82.96,-87.84,-68.32,-48.8,-29.28
-14.64,-24.4,-9.76,19.52,-4.88,-19.52,-24.4,-82.96,-92.72,-73.2,-73.2,-9.76
-19.52,-48.8,-29.28,34.16,4.88,-39.04,-19.52,-82.96,-97.6,-78.08,-58.56,-34.16
-29.28,-53.68,-24.4,43.92,-4.88,-39.04,-14.64,-73.2,-87.84,-73.2,-39.04,-48.8
-29.28,-58.56,-29.28,43.92,0,-43.92,-14.64,-63.44,-82.96,-73.2,-58.56,-73.2
-34.16,-73.2,-39.04,53.68,0,-58.56,-14.64,-68.32,-87.84,-68.32,-73.2,-43.92
-34.16,-73.2,-39.04,53.68,0,-58.56,-9.76,-68.32,-87.84,-68.32,-58.56,-14.64
-34.16,-68.32,-34.16,53.68,0,-53.68,-19.52,-82.96,-78.08,-68.32,-58.56,-34.16
-19.52,-58.56,-39.04,39.04,9.76,-48.8,-24.4,-82.96,-82.96,-73.2,-53.68,-34.16
-4.88,-34.16,-29.28,19.52,9.76,-34.16,-14.64,-87.84,-87.84,-68.32,-58.56,-14.64
-43.92,-48.8,-4.88,48.8,-19.52,-29.28,-19.52,-87.84,-87.84,-73.2,-68.32,-14.64
-39.04,-39.04,0,39.04,-19.52,-19.52,-19.52,-87.84,-87.84,-78.08,-39.04,-24.4
-29.28,-34.16,-4.88,34.16,-14.64,-19.52,-19.52,-87.84,-92.72,-78.08,-19.52,-14.64
-29.28,-39.04,-9.76,34.16,-9.76,-24.4,-19.52,-92.72,-87.84,-82.96,-53.68,-58.56
-14.64,-48.8,-34.16,34.16,9.76,-43.92,-9.76,-82.96,-82.96,-82.96,-53.68,-19.52
-19.52,-53.68,-34.16,39.04,4.88,-43.92,-19.52,-78.08,-82.96,-78.08,-53.68,-24.4
-34.16,-68.32,-34.16,53.68,0,-53.68,-9.76,-73.2,-78.08,-68.32,-68.32,-43.92
-34.16,-73.2,-39.04,53.68,0,-58.56,-14.64,-78.08,-68.32,-63.44,-43.92,-24.4
-39.04,-82.96,-43.92,63.44,0,-63.44,-14.64,-82.96,-68.32,-68.32,-63.44,-39.04
-24.4,-58.56,-34.16,43.92,4.88,-48.8,-14.64,-87.84,-68.32,-63.44,-73.2,-14.64
-14.64,-53.68,-39.04,34.16,9.76,-48.8,-24.4,-92.72,-78.08,-73.2,-82.96,-29.28
-29.28,-43.92,-14.64,39.04,-9.76,-29.28,-29.28,-97.6,-87.84,-82.96,-92.72,-68.32
-34.16,-39.04,-4.88,39.04,-14.64,-24.4,-24.4,-92.72,-97.6,-82.96,-87.84,-39.04
-34.16,-43.92,-9.76,39.04,-14.64,-29.28,-24.4,-87.84,-97.6,-78.08,-68.32,-19.52
-34.16,-53.68,-19.52,43.92,-9.76,-39.04,-19.52,-87.84,-92.72,-78.08,-63.44,-39.04
-34.16,-58.56,-24.4,48.8,-4.88,-43.92,-14.64,-78.08,-92.72,-73.2,-53.68,-9.76
-43.92,-78.08,-34.16,63.44,-4.88,-58.56,-19.52,-78.08,-92.72,-68.32,-63.44,-14.64
-39.04,-73.2,-34.16,58.56,-4.88,-53.68,-24.4,-87.84,-92.72,-73.2,-48.8,-19.52
-34.16,-73.2,-39.04,53.68,0,-58.56,-19.52,-87.84,-92.72,-73.2,-58.56,0
-43.92,-63.44,-19.52,53.68,-14.64,-43.92,-29.28,-97.6,-97.6,-73.2,-73.2,-34.16
-43.92,-48.8,-4.88,48.8,-19.52,-29.28,-24.4,-97.6,-102.48,-78.08,-29.28,-48.8
-39.04,-48.8,-9.76,43.92,-14.64,-29.28,-34.16,-107.36,-117.12,-92.72,-48.8,-53.68
-24.4,-48.8,-24.4,39.04,0,-39.04,-34.16,-97.6,-122,-92.72,-73.2,-9.76
-14.64,-43.92,-29.28,29.28,4.88,-39.04,-29.28,-92.72,-117.12,-87.84,-68.32,-19.52
-43.92,-68.32,-24.4,58.56,-9.76,-48.8,-29.28,-87.84,-107.36,-82.96,-68.32,-53.68
-29.28,-68.32,-39.04,48.8,4.88,-53.68,-29.28,-92.72,-112.24,-82.96,-73.2,-39.04
-14.64,-73.2,-58.56,43.92,19.52,-68.32,-29.28,-97.6,-117.12,-82.96,-63.44,-24.4
-34.16,-63.44,-29.28,48.8,-4.88,-48.8,-19.52,-87.84,-107.36,-73.2,-34.16,-14.64
-34.16,-73.2,-39.04,53.68,0,-58.56,-24.4,-87.84,-102.48,-68.32,-43.92,-34.16
-29.28,-63.44,-34.16,48.8,0,-48.8,-29.28,-97.6,-117.12,-73.2,-68.32,-48.8
-29.28,-53.68,-24.4,43.92,-4.88,-39.04,-29.28,-97.6,-112.24,-78.08,-58.56,-34.16
-19.52,-43.92,-24.4,34.16,0,-34.16,-39.04,-102.48,-122,-82.96,-78.08,-58.56
-58.56,-58.56,0,58.56,-29.28,-29.28,-29.28,-92.72,-117.12,-78.08,-68.32,-24.4
-68.32,-78.08,-9.76,73.2,-29.28,-43.92,-29.28,-97.6,-122,-82.96,-63.44,4.88
-43.92,-78.08,-34.16,63.44,-4.88,-58.56,-19.52,-82.96,-117.12,-78.08,-58.56,39.04
-48.8,-87.84,-39.04,68.32,-4.88,-63.44,-19.52,-78.08,-117.12,-73.2,-63.44,0
-39.04,-78.08,-39.04,58.56,0,-58.56,-19.52,-82.96,-112.24,-68.32,-53.68,-24.4
-53.68,-73.2,-19.52,63.44,-19.52,-48.8,-19.52,-82.96,-102.48,-68.32,-39.04,0
-63.44,-78.08,-14.64,73.2,-24.4,-48.8,-19.52,-82.96,-102.48,-73.2,-34.16,24.4
-58.56,-63.44,-4.88,63.44,-29.28,-34.16,-34.16,-97.6,-117.12,-78.08,-39.04,-14.64
-82.96,-82.96,0,82.96,-43.92,-43.92,-43.92,-107.36,-126.88,-92.72,-63.44,-34.16
-68.32,-73.2,-4.88,73.2,-34.16,-39.04,-39.04,-102.48,-122,-87.84,-82.96,-58.56
-39.04,-48.8,-9.76,43.92,-14.64,-29.28,-29.28,-92.72,-122,-82.96,-63.44,-63.44
-48.8,-58.56,-9.76,53.68,-19.52,-34.16,-29.28,-87.84,-122,-78.08,-29.28,-43.92
-48.8,-73.2,-24.4,63.44,-14.64,-48.8,-34.16,-82.96,-126.88,-82.96,-29.28,0
-48.8,-82.96,-34.16,68.32,-9.76,-58.56,-24.4,-78.08,-122,-73.2,-68.32,14.64
-48.8,-87.84,-39.04,68.32,-4.88,-63.44,-24.4,-78.08,-122,-68.32,-73.2,-29.28
-39.04,-78.08,-39.04,58.56,0,-58.56,-19.52,-87.84,-112.24,-68.32,-68.32,-4.88
-63.44,-73.2,-9.76,68.32,-29.28,-43.92,-24.4,-82.96,-112.24,-68.32,-53.68,39.04
-78.08,-58.56,19.52,68.32,-48.8,-19.52,-14.64,-82.96,-112.24,-58.56,-43.92,14.64
-68.32,-63.44,4.88,68.32,-39.04,-29.28,-34.16,-92.72,-122,-73.2,-63.44,14.64
-68.32,-63.44,4.88,68.32,-39.04,-29.28,-39.04,-97.6,-131.76,-78.08,-68.32,-24.4
-63.44,-68.32,-4.88,68.32,-29.28,-39.04,-34.16,-92.72,-136.64,-78.08,-34.16,-39.04
-53.68,-68.32,-14.64,63.44,-19.52,-43.92,-34.16,-97.6,-136.64,-78.08,-39.04,-29.28
-58.56,-73.2,-14.64,68.32,-24.4,-43.92,-24.4,-82.96,-131.76,-73.2,-48.8,9.76
-58.56,-82.96,-24.4,73.2,-19.52,-53.68,-19.52,-78.08,-126.88,-63.44,-53.68,-9.76
-73.2,-107.36,-34.16,92.72,-19.52,-73.2,-29.28,-87.84,-141.52,-73.2,-48.8,-29.28
-63.44,-102.48,-39.04,82.96,-14.64,-73.2,-34.16,-92.72,-136.64,-73.2,-14.64,34.16
-48.8,-82.96,-34.16,68.32,-9.76,-58.56,-34.16,-92.72,-141.52,-68.32,-39.04,4.88
-68.32,-78.08,-9.76,73.2,-29.28,-43.92,-39.04,-102.48,-141.52,-68.32,-58.56,-34.16
-82.96,-68.32,14.64,78.08,-48.8,-29.28,-34.16,-97.6,-141.52,-73.2,-58.56,-29.28
-92.72,-73.2,19.52,82.96,-58.56,-29.28,-43.92,-97.6,-146.4,-73.2,-58.56,-34.16
-73.2,-73.2,0,73.2,-39.04,-39.04,-39.04,-97.6,-161.04,-82.96,-68.32,-43.92
-73.2,-82.96,-9.76,78.08,-34.16,-48.8,-39.04,-97.6,-151.28,-78.08,-63.44,-14.64
-82.96,-102.48,-19.52,92.72,-34.16,-63.44,-39.04,-87.84,-156.16,-82.96,-73.2,-29.28
-97.6,-102.48,-4.88,102.48,-48.8,-53.68,-24.4,-82.96,-146.4,-63.44,-43.92,0
-82.96,-97.6,-14.64,92.72,-34.16,-58.56,-19.52,-73.2,-141.52,-53.68,-39.04,0
-58.56,-92.72,-34.16,78.08,-14.64,-63.44,-24.4,-78.08,-146.4,-58.56,-34.16,4.88
-53.68,-82.96,-29.28,68.32,-14.64,-58.56,-29.28,-82.96,-151.28,-63.44,-53.68,-4.88
-58.56,-73.2,-14.64,68.32,-24.4,-43.92,-39.04,-92.72,-151.28,-68.32,-43.92,-34.16
-58.56,-63.44,-4.88,63.44,-29.28,-34.16,-34.16,-92.72,-156.16,-73.2,-29.28,14.64
-63.44,-53.68,9.76,58.56,-39.04,-24.4,-29.28,-87.84,-151.28,-68.32,-53.68,9.76
-63.44,-73.2,-9.76,68.32,-29.28,-43.92,-34.16,-92.72,-161.04,-78.08,-68.32,-14.64
-43.92,-73.2,-29.28,58.56,-9.76,-53.68,-29.28,-87.84,-156.16,-73.2,-63.44,-19.52
-48.8,-87.84,-39.04,68.32,-4.88,-63.44,-24.4,-82.96,-161.04,-73.2,-39.04,-4.88
-78.08,-102.48,-24.4,92.72,-29.28,-63.44,-19.52,-78.08,-156.16,-63.44,-53.68,-29.28
-87.84,-97.6,-9.76,92.72,-39.04,-53.68,-14.64,-73.2,-146.4,-53.68,-43.92,9.76
-73.2,-92.72,-19.52,82.96,-29.28,-58.56,-14.64,-73.2,-141.52,-53.68,-39.04,-14.64
-63.44,-78.08,-14.64,73.2,-24.4,-48.8,-24.4,-82.96,-151.28,-58.56,-39.04,0
-63.44,-73.2,-9.76,68.32,-29.28,-43.92,-29.28,-87.84,-151.28,-58.56,-53.68,34.16
-63.44,-68.32,-4.88,68.32,-29.28,-39.04,-29.28,-92.72,-156.16,-68.32,-63.44,63.44
-58.56,-58.56,0,58.56,-29.28,-29.28,-29.28,-87.84,-151.28,-63.44,-63.44,39.04
-58.56,-58.56,0,58.56,-29.28,-29.28,-19.52,-87.84,-156.16,-63.44,-63.44,4.88
-68.32,-73.2,-4.88,73.2,-34.16,-39.04,-19.52,-87.84,-146.4,-58.56,-68.32,9.76
-43.92,-78.08,-34.16,63.44,-4.88,-58.56,-19.52,-78.08,-151.28,-53.68,-48.8,-4.88
-53.68,-92.72,-39.04,73.2,-9.76,-68.32,-14.64,-82.96,-151.28,-58.56,-9.76,-29.28
-53.68,-87.84,-34.16,73.2,-9.76,-63.44,-19.52,-82.96,-146.4,-58.56,-39.04,-48.8
-63.44,-73.2,-9.76,68.32,-29.28,-43.92,-24.4,-87.84,-146.4,-58.56,-43.92,-48.8
-92.72,-73.2,19.52,82.96,-58.56,-29.28,-19.52,-82.96,-141.52,-53.68,-43.92,-9.76
-78.08,-68.32,9.76,73.2,-43.92,-29.28,-19.52,-97.6,-146.4,-58.56,-63.44,19.52
-68.32,-63.44,4.88,68.32,-39.04,-29.28,-29.28,-107.36,-156.16,-73.2,-53.68,-24.4
-63.44,-63.44,0,63.44,-34.16,-34.16,-24.4,-97.6,-151.28,-68.32,-48.8,-24.4
-53.68,-63.44,-9.76,58.56,-24.4,-39.04,-24.4,-92.72,-141.52,-68.32,-34.16,-24.4
-58.56,-73.2,-14.64,68.32,-24.4,-43.92,-14.64,-87.84,-136.64,-63.44,-43.92,-14.64
-43.92,-73.2,-29.28,58.56,-9.76,-53.68,-19.52,-82.96,-141.52,-63.44,-63.44,0
-48.8,-92.72,-43.92,73.2,-4.88,-68.32,-14.64,-87.84,-136.64,-58.56,-68.32,-14.64
-73.2,-97.6,-24.4,87.84,-24.4,-63.44,-9.76,-82.96,-126.88,-58.56,-58.56,4.88
-82.96,-92.72,-9.76,87.84,-39.04,-53.68,-9.76,-82.96,-122,-48.8,-29.28,-9.76
-48.8,-87.84,-39.04,68.32,-4.88,-63.44,-29.28,-102.48,-141.52,-58.56,-53.68,-58.56
-39.04,-82.96,-43.92,63.44,0,-63.44,-24.4,-112.24,-141.52,-73.2,-73.2,-53.68
-63.44,-78.08,-14.64,73.2,-24.4,-48.8,-19.52,-102.48,-136.64,-73.2,-78.08,-58.56
-102.48,-78.08,24.4,92.72,-63.44,-29.28,-14.64,-97.6,-131.76,-68.32,-63.44,-39.04
-78.08,-73.2,4.88,78.08,-43.92,-34.16,-14.64,-87.84,-122,-63.44,-68.32,-34.16
-63.44,-78.08,-14.64,73.2,-24.4,-48.8,-14.64,-82.96,-122,-63.44,-73.2,-48.8
-73.2,-87.84,-14.64,82.96,-29.28,-53.68,-9.76,-78.08,-117.12,-63.44,-43.92,-63.44
-63.44,-82.96,-19.52,73.2,-24.4,-53.68,-4.88,-78.08,-107.36,-63.44,-39.04,-43.92
-68.32,-87.84,-19.52,78.08,-24.4,-53.68,-4.88,-78.08,-107.36,-63.44,-73.2,0
-63.44,-82.96,-19.52,73.2,-24.4,-53.68,-4.88,-87.84,-102.48,-63.44,-53.68,-4.88
-53.68,-82.96,-29.28,68.32,-14.64,-58.56,-9.76,-87.84,-107.36,-68.32,-58.56,-4.88
-63.44,-87.84,-24.4,78.08,-19.52,-58.56,-19.52,-102.48,-117.12,-73.2,-82.96,-43.92
-53.68,-73.2,-19.52,63.44,-19.52,-48.8,-19.52,-102.48,-122,-73.2,-73.2,-63.44
-43.92,-63.44,-19.52,53.68,-14.64,-43.92,-24.4,-112.24,-117.12,-78.08,-68.32,-53.68
-43.92,-68.32,-24.4,58.56,-9.76,-48.8,-24.4,-102.48,-117.12,-78.08,-63.44,-48.8
-63.44,-73.2,-9.76,68.32,-29.28,-43.92,0,-87.84,-102.48,-63.44,-58.56,-53.68
-63.44,-82.96,-19.52,73.2,-24.4,-53.68,-4.88,-87.84,-102.48,-58.56,-78.08,0
-53.68,-78.08,-24.4,68.32,-14.64,-53.68,4.88,-78.08,-97.6,-48.8,-48.8,9.76
-53.68,-73.2,-19.52,63.44,-19.52,-48.8,4.88,-78.08,-97.6,-48.8,-48.8,-14.64
-63.44,-78.08,-14.64,73.2,-24.4,-48.8,-4.88,-82.96,-92.72,-48.8,-48.8,-34.16
-58.56,-68.32,-9.76,63.44,-24.4,-39.04,4.88,-78.08,-87.84,-43.92,-34.16,-14.64
-43.92,-43.92,0,43.92,-24.4,-24.4,0,-82.96,-92.72,-43.92,-58.56,-34.16
-53.68,-39.04,14.64,48.8,-34.16,-14.64,4.88,-82.96,-92.72,-48.8,-68.32,-39.04
-53.68,-34.16,19.52,43.92,-39.04,-9.76,0,-87.84,-92.72,-48.8,-68.32,-24.4
-53.68,-34.16,19.52,43.92,-39.04,-9.76,14.64,-78.08,-87.84,-43.92,-58.56,-34.16
-53.68,-39.04,14.64,48.8,-34.16,-14.64,19.52,-68.32,-78.08,-34.16,-43.92,-48.8
-48.8,-34.16,14.64,43.92,-34.16,-9.76,24.4,-58.56,-73.2,-29.28,-24.4,-24.4
-29.28,-29.28,0,29.28,-14.64,-14.64,24.4,-68.32,-73.2,-39.04,-29.28,-24.4
-14.64,-9.76,4.88,14.64,-9.76,-4.88,39.04,-48.8,-63.44,-19.52,4.88,-29.28
-9.76,4.88,14.64,4.88,-14.64,9.76,48.8,-43.92,-43.92,-9.76,0,-24.4
-43.92,-9.76,34.16,29.28,-39.04,9.76,48.8,-39.04,-43.92,-9.76,-19.52,-39.04
-39.04,0,39.04,19.52,-39.04,19.52,43.92,-39.04,-48.8,-9.76,-14.64,-14.64
-39.04,4.88,43.92,19.52,-43.92,24.4,43.92,-48.8,-48.8,-14.64,9.76,4.88
-29.28,19.52,48.8,4.88,-39.04,34.16,39.04,-53.68,-53.68,-19.52,-24.4,-4.88
-24.4,14.64,39.04,4.88,-34.16,24.4,53.68,-39.04,-48.8,-14.64,-19.52,-24.4
-19.52,9.76,29.28,4.88,-24.4,19.52,53.68,-34.16,-43.92,-9.76,-9.76,-19.52
-9.76,9.76,19.52,0,-14.64,14.64,53.68,-24.4,-39.04,0,-14.64,24.4
-24.4,0,24.4,14.64,-24.4,9.76,53.68,-29.28,-34.16,4.88,-14.64,4.88
-39.04,-9.76,29.28,24.4,-34.16,9.76,63.44,-14.64,-24.4,9.76,-4.88,-24.4
-19.52,0,19.52,9.76,-19.52,9.76,63.44,-19.52,-19.52,14.64,9.76,9.76
-14.64,-9.76,4.88,14.64,-9.76,-4.88,58.56,-19.52,-24.4,14.64,4.88,19.52
0,9.76,9.76,-4.88,-4.88,9.76,53.68,-19.52,-19.52,19.52,14.64,-4.88
19.52,24.4,4.88,-19.52,4.88,14.64,29.28,-24.4,-34.16,9.76,19.52,-19.52
24.4,29.28,4.88,-24.4,9.76,14.64,9.76,-34.16,-34.16,4.88,9.76,9.76
43.92,24.4,-19.52,-34.16,29.28,0,-9.76,-43.92,-39.04,-4.88,-19.52,4.88
43.92,29.28,-14.64,-34.16,29.28,4.88,-24.4,-53.68,-48.8,-9.76,-4.88,4.88
14.64,9.76,-4.88,-9.76,9.76,0,-19.52,-48.8,-43.92,0,-24.4,4.88
-14.64,14.64,29.28,0,-24.4,19.52,-9.76,-39.04,-34.16,9.76,14.64,-14.64
-14.64,4.88,19.52,4.88,-19.52,9.76,-4.88,-29.28,-29.28,14.64,9.76,29.28
14.64,19.52,4.88,-14.64,4.88,9.76,-14.64,-34.16,-39.04,14.64,4.88,39.04
19.52,19.52,0,-19.52,9.76,9.76,-19.52,-43.92,-39.04,9.76,0,39.04
19.52,19.52,0,-19.52,9.76,9.76,-29.28,-53.68,-43.92,0,0,34.16
29.28,24.4,-4.88,-24.4,14.64,9.76,-29.28,-58.56,-53.68,-4.88,-4.88,-4.88
43.92,24.4,-19.52,-34.16,29.28,0,-43.92,-78.08,-73.2,-24.4,-39.04,0
39.04,4.88,-34.16,-19.52,34.16,-14.64,-43.92,-82.96,-73.2,-34.16,-29.28,4.88
24.4,0,-24.4,-9.76,24.4,-14.64,-29.28,-73.2,-63.44,-24.4,-14.64,4.88
4.88,-19.52,-24.4,9.76,14.64,-24.4,-24.4,-63.44,-63.44,-19.52,-9.76,-34.16
24.4,-24.4,-48.8,0,34.16,-39.04,-29.28,-73.2,-73.2,-29.28,-19.52,4.88
9.76,-24.4,-34.16,9.76,19.52,-29.28,-19.52,-63.44,-63.44,-19.52,0,-14.64
0,-34.16,-34.16,19.52,14.64,-34.16,-24.4,-73.2,-63.44,-24.4,-4.88,-4.88
0,-34.16,-34.16,19.52,14.64,-34.16,-29.28,-82.96,-73.2,-29.28,-9.76,-14.64
-14.64,-43.92,-29.28,29.28,4.88,-39.04,-43.92,-107.36,-87.84,-53.68,-53.68,24.4
-34.16,-39.04,-4.88,39.04,-14.64,-24.4,-34.16,-97.6,-87.84,-48.8,-34.16,14.64
-4.88,-14.64,-9.76,9.76,0,-14.64,-29.28,-102.48,-92.72,-48.8,-9.76,0
-19.52,-39.04,-19.52,29.28,0,-29.28,-29.28,-112.24,-102.48,-68.32,-39.04,-48.8
-34.16,-53.68,-19.52,43.92,-9.76,-39.04,-14.64,-107.36,-102.48,-73.2,-48.8,-34.16
-43.92,-68.32,-24.4,58.56,-9.76,-48.8,-14.64,-107.36,-112.24,-82.96,-87.84,-68.32
-48.8,-82.96,-34.16,68.32,-9.76,-58.56,-9.76,-107.36,-107.36,-78.08,-87.84,-97.6
-48.8,-82.96,-34.16,68.32,-9.76,-58.56,-4.88,-102.48,-102.48,-73.2,-82.96,-63.44
-53.68,-87.84,-34.16,73.2,-9.76,-63.44,-14.64,-112.24,-102.48,-78.08,-63.44,-53.68
-43.92,-82.96,-39.04,63.44,-4.88,-63.44,-14.64,-112.24,-107.36,-87.84,-53.68,-53.68
-24.4,-73.2,-48.8,48.8,9.76,-63.44,-29.28,-126.88,-117.12,-97.6,-97.6,-92.72
-53.68,-73.2,-19.52,63.44,-19.52,-48.8,-24.4,-122,-117.12,-92.72,-102.48,-92.72
-48.8,-58.56,-9.76,53.68,-19.52,-34.16,-19.52,-122,-117.12,-92.72,-78.08,-87.84
-39.04,-68.32,-29.28,53.68,-4.88,-48.8,-19.52,-122,-117.12,-97.6,-53.68,-53.68
-39.04,-73.2,-34.16,58.56,-4.88,-53.68,-14.64,-117.12,-117.12,-87.84,-97.6,-68.32
-39.04,-78.08,-39.04,58.56,0,-58.56,-14.64,-117.12,-112.24,-87.84,-63.44,-73.2
-48.8,-92.72,-43.92,73.2,-4.88,-68.32,-14.64,-117.12,-112.24,-87.84,-48.8,-4.88
-43.92,-87.84,-43.92,68.32,0,-68.32,-9.76,-112.24,-117.12,-87.84,-58.56,-43.92
-43.92,-82.96,-39.04,63.44,-4.88,-63.44,-9.76,-117.12,-112.24,-87.84,-78.08,-82.96
-48.8,-87.84,-39.04,68.32,-4.88,-63.44,-4.88,-122,-117.12,-87.84,-68.32,-73.2
-43.92,-73.2,-29.28,58.56,-9.76,-53.68,-9.76,-126.88,-122,-92.72,-73.2,-68.32
-39.04,-63.44,-24.4,53.68,-9.76,-43.92,-9.76,-126.88,-126.88,-97.6,-82.96,0
-39.04,-63.44,-24.4,53.68,-9.76,-43.92,-14.64,-131.76,-131.76,-102.48,-82.96,-58.56
-39.04,-68.32,-29.28,53.68,-4.88,-48.8,-14.64,-126.88,-136.64,-107.36,-63.44,-122
-39.04,-73.2,-34.16,58.56,-4.88,-53.68,-9.76,-122,-131.76,-107.36,-53.68,-112.24
-43.92,-73.2,-29.28,58.56,-9.76,-53.68,4.88,-107.36,-122,-82.96,-63.44,-92.72
-43.92,-73.2,-29.28,58.56,-9.76,-53.68,9.76,-102.48,-117.12,-73.2,-63.44,-48.8
-48.8,-82.96,-34.16,68.32,-9.76,-58.56,4.88,-102.48,-122,-87.84,-82.96,-48.8
-43.92,-92.72,-48.8,68.32,0,-73.2,0,-107.36,-122,-92.72,-92.72,-73.2
-53.68,-107.36,-53.68,82.96,0,-82.96,-9.76,-117.12,-136.64,-102.48,-87.84,-92.72
-53.68,-97.6,-43.92,78.08,-4.88,-73.2,-4.88,-112.24,-131.76,-102.48,-68.32,-82.96
-58.56,-82.96,-24.4,73.2,-19.52,-53.68,0,-112.24,-126.88,-102.48,-73.2,-97.6
-63.44,-78.08,-14.64,73.2,-24.4,-48.8,0,-117.12,-126.88,-102.48,-87.84,-112.24
-43.92,-78.08,-34.16,63.44,-4.88,-58.56,-14.64,-126.88,-146.4,-122,-73.2,-131.76
-39.04,-82.96,-43.92,63.44,0,-63.44,-14.64,-122,-141.52,-122,-92.72,-122
-53.68,-92.72,-39.04,73.2,-9.76,-68.32,9.76,-107.36,-136.64,-117.12,-102.48,-117.12
-73.2,-82.96,-9.76,78.08,-34.16,-48.8,39.04,-87.84,-122,-107.36,-78.08,-97.6
-87.84,-78.08,9.76,82.96,-48.8,-34.16,58.56,-63.44,-112.24,-97.6,-97.6,-112.24
-82.96,-68.32,14.64,78.08,-48.8,-29.28,73.2,-48.8,-107.36,-92.72,-92.72,-73.2
-73.2,-63.44,9.76,68.32,-43.92,-29.28,92.72,-9.76,-78.08,-73.2,-97.6,-78.08
-87.84,-58.56,29.28,73.2,-58.56,-14.64,112.24,48.8,-14.64,-24.4,-58.56,-68.32
-82.96,-39.04,43.92,63.44,-63.44,0,122,126.88,73.2,53.68,-4.88,-43.92
-58.56,-24.4,34.16,43.92,-48.8,4.88,136.64,219.6,180.56,146.4,48.8,-9.76
-24.4,-19.52,4.88,24.4,-14.64,-9.76,107.36,297.68,292.8,263.52,151.28,29.28
39.04,4.88,-34.16,-19.52,34.16,-14.64,68.32,385.52,439.2,414.8,278.16,97.6
131.76,58.56,-73.2,-92.72,102.48,-9.76,29.28,507.52,644.16,624.64,458.72,219.6
234.24,131.76,-102.48,-180.56,165.92,14.64,-14.64,624.64,863.76,849.12,649.04,366
326.96,204.96,-122,-263.52,224.48,39.04,-92.72,600.24,1010.16,1029.68,839.36,458.72
390.4,268.4,-122,-326.96,253.76,73.2,-195.2,492.88,1112.64,1185.84,1000.4,527.04
448.96,351.36,-97.6,-400.16,273.28,126.88,-317.2,356.24,1210.24,1346.88,1117.52,658.8
546.56,439.2,-107.36,-492.88,326.96,165.92,-439.2,204.96,1268.8,1473.76,1263.92,780.8
624.64,483.12,-141.52,-551.44,380.64,170.8,-566.08,68.32,1298.08,1561.6,1390.8,858.88
688.08,536.8,-151.28,-610,419.68,190.32,-668.56,-29.28,1293.2,1595.76,1439.6,976
712.48,575.84,-136.64,-644.16,424.56,219.6,-761.28,-87.84,1254.16,1566.48,1488.4,995.52
717.36,570.96,-146.4,-644.16,429.44,209.84,-849.12,-185.44,1093.12,1400.56,1400.56,927.2
732,502.64,-229.36,-614.88,478.24,136.64,-907.68,-317.2,854,1122.4,1205.36,824.72
668.56,390.4,-278.16,-527.04,473.36,53.68,-936.96,-473.36,570.96,805.2,927.2,688.08
610,307.44,-302.56,-458.72,453.84,0,-917.44,-644.16,302.56,507.52,678.32,561.2
527.04,239.12,-287.92,-380.64,405.04,-24.4,-868.64,-795.44,43.92,244,497.76,424.56
429.44,170.8,-258.64,-297.68,341.6,-43.92,-819.84,-941.84,-204.96,-4.88,283.04,326.96
331.84,112.24,-219.6,-219.6,273.28,-53.68,-785.68,-1093.12,-463.6,-248.88,102.48,219.6
214.72,48.8,-165.92,-131.76,190.32,-58.56,-717.36,-1215.12,-712.48,-478.24,-92.72,82.96
112.24,0,-112.24,-53.68,112.24,-58.56,-634.4,-1220,-849.12,-619.76,-268.4,-29.28
43.92,-39.04,-82.96,0,63.44,-63.44,-556.32,-1098,-834.48,-639.28,-326.96,-82.96
9.76,-68.32,-78.08,29.28,43.92,-73.2,-478.24,-932.08,-727.12,-561.2,-302.56,-117.12
0,-68.32,-68.32,34.16,34.16,-68.32,-395.28,-761.28,-575.84,-448.96,-219.6,-68.32
-29.28,-53.68,-24.4,43.92,-4.88,-39.04,-312.32,-600.24,-439.2,-341.6,-146.4,-14.64
-39.04,-63.44,-24.4,53.68,-9.76,-43.92,-244,-463.6,-336.72,-263.52,-141.52,-48.8
-9.76,-63.44,-53.68,39.04,19.52,-58.56,-185.44,-366,-268.4,-219.6,-117.12,-87.84
-4.88,-53.68,-48.8,29.28,19.52,-53.68,-117.12,-263.52,-200.08,-165.92,-82.96,-73.2
4.88,-43.92,-48.8,19.52,24.4,-48.8,-78.08,-185.44,-165.92,-146.4,-87.84,-63.44
14.64,-34.16,-48.8,9.76,29.28,-43.92,-48.8,-141.52,-141.52,-126.88,-92.72,-68.32
-4.88,-29.28,-24.4,19.52,9.76,-29.28,-24.4,-97.6,-112.24,-97.6,-78.08,-43.92
-4.88,-24.4,-19.52,14.64,4.88,-24.4,-9.76,-73.2,-97.6,-92.72,-63.44,-19.52
-14.64,-43.92,-29.28,29.28,4.88,-39.04,4.88,-63.44,-92.72,-82.96,-53.68,-4.88
-24.4,-63.44,-39.04,43.92,4.88,-53.68,9.76,-58.56,-87.84,-78.08,-14.64,-19.52
-4.88,-58.56,-53.68,34.16,24.4,-58.56,19.52,-53.68,-87.84,-73.2,-29.28,-24.4
4.88,-63.44,-68.32,29.28,34.16,-68.32,9.76,-58.56,-97.6,-87.84,-63.44,-63.44
4.88,-68.32,-73.2,34.16,39.04,-73.2,19.52,-58.56,-107.36,-92.72,-68.32,-58.56
-24.4,-53.68,-29.28,39.04,0,-43.92,34.16,-39.04,-97.6,-82.96,-63.44,-68.32
-53.68,-48.8,4.88,53.68,-29.28,-24.4,34.16,-24.4,-107.36,-82.96,-53.68,-19.52
-43.92,-39.04,4.88,43.92,-24.4,-19.52,39.04,-19.52,-102.48,-82.96,-68.32,-63.44
-39.04,-39.04,0,39.04,-19.52,-19.52,43.92,-14.64,-107.36,-87.84,-82.96,-68.32
-39.04,-48.8,-9.76,43.92,-14.64,-29.28,43.92,-4.88,-102.48,-92.72,-87.84,-78.08
-29.28,-53.68,-24.4,43.92,-4.88,-39.04,48.8,4.88,-92.72,-87.84,-82.96,-68.32
-24.4,-58.56,-34.16,43.92,4.88,-48.8,58.56,9.76,-78.08,-82.96,-87.84,-29.28
-29.28,-63.44,-34.16,48.8,0,-48.8,63.44,14.64,-73.2,-78.08,-58.56,-19.52
-29.28,-68.32,-39.04,48.8,4.88,-53.68,63.44,14.64,-68.32,-73.2,-53.68,0
-34.16,-68.32,-34.16,53.68,0,-53.68,53.68,9.76,-78.08,-78.08,-73.2,-24.4
-34.16,-53.68,-19.52,43.92,-9.76,-39.04,58.56,9.76,-82.96,-82.96,-78.08,-78.08
-19.52,-39.04,-19.52,29.28,0,-29.28,53.68,9.76,-92.72,-87.84,-82.96,-78.08
-14.64,-29.28,-14.64,24.4,0,-24.4,53.68,14.64,-92.72,-92.72,-92.72,-82.96
-19.52,-34.16,-14.64,29.28,-4.88,-24.4,53.68,19.52,-97.6,-92.72,-78.08,-48.8
-43.92,-63.44,-19.52,53.68,-14.64,-43.92,63.44,29.28,-87.84,-87.84,-48.8,-39.04
-24.4,-63.44,-39.04,43.92,4.88,-53.68,58.56,29.28,-82.96,-87.84,-78.08,-58.56
-14.64,-63.44,-48.8,39.04,14.64,-58.56,73.2,39.04,-63.44,-63.44,-58.56,-53.68
-19.52,-63.44,-43.92,43.92,9.76,-53.68,73.2,39.04,-58.56,-53.68,-43.92,-58.56
-39.04,-58.56,-19.52,48.8,-9.76,-39.04,78.08,43.92,-48.8,-43.92,-39.04,-73.2
-39.04,-53.68,-14.64,48.8,-14.64,-34.16,73.2,39.04,-58.56,-48.8,-48.8,-48.8
-24.4,-48.8,-24.4,39.04,0,-39.04,68.32,29.28,-63.44,-53.68,-24.4,-53.68
-24.4,-34.16,-9.76,29.28,-9.76,-24.4,68.32,39.04,-68.32,-63.44,-34.16,-48.8
-34.16,-39.04,-4.88,39.04,-14.64,-24.4,58.56,34.16,-78.08,-68.32,-73.2,-73.2
-29.28,-43.92,-14.64,39.04,-9.76,-29.28,58.56,34.16,-78.08,-68.32,-78.08,-43.92
-29.28,-43.92,-14.64,39.04,-9.76,-29.28,68.32,48.8,-63.44,-63.44,-53.68,-82.96
-24.4,-48.8,-24.4,39.04,0,-39.04,73.2,58.56,-53.68,-58.56,-58.56,-63.44
-14.64,-53.68,-39.04,34.16,9.76,-48.8,78.08,58.56,-43.92,-43.92,-53.68,-58.56
-14.64,-53.68,-39.04,34.16,9.76,-48.8,78.08,63.44,-39.04,-34.16,-39.04,-58.56
-14.64,-48.8,-34.16,34.16,9.76,-43.92,82.96,68.32,-34.16,-29.28,-4.88,-14.64
-9.76,-39.04,-29.28,24.4,9.76,-34.16,73.2,58.56,-39.04,-34.16,-9.76,-53.68
-14.64,-39.04,-24.4,29.28,4.88,-34.16,78.08,58.56,-39.04,-39.04,-24.4,-53.68
-19.52,-29.28,-9.76,24.4,-4.88,-19.52,78.08,63.44,-43.92,-48.8,-19.52,-24.4
-34.16,-39.04,-4.88,39.04,-14.64,-24.4,78.08,63.44,-48.8,-53.68,-78.08,-58.56
-29.28,-34.16,-4.88,34.16,-14.64,-19.52,73.2,68.32,-43.92,-53.68,-87.84,-92.72
-39.04,-43.92,-4.88,43.92,-19.52,-24.4,87.84,82.96,-34.16,-39.04,-73.2,-43.92
-29.28,-63.44,-34.16,48.8,0,-48.8,78.08,82.96,-29.28,-39.04,-68.32,-29.28
-24.4,-68.32,-43.92,48.8,9.76,-58.56,82.96,87.84,-19.52,-24.4,-48.8,-87.84
-14.64,-53.68,-39.04,34.16,9.76,-48.8,87.84,97.6,0,-9.76,-24.4,-14.64
-24.4,-53.68,-29.28,39.04,0,-43.92,92.72,102.48,4.88,-4.88,-24.4,-43.92
-19.52,-39.04,-19.52,29.28,0,-29.28,87.84,97.6,9.76,-4.88,-19.52,-78.08
-9.76,-19.52,-9.76,14.64,0,-14.64,87.84,92.72,0,-14.64,-34.16,-39.04
-14.64,-19.52,-4.88,19.52,-4.88,-14.64,82.96,97.6,-9.76,-24.4,-43.92,-9.76
-14.64,-19.52,-4.88,19.52,-4.88,-14.64,78.08,97.6,-14.64,-34.16,-34.16,-34.16
-29.28,-39.04,-9.76,34.16,-9.76,-24.4,68.32,92.72,-14.64,-39.04,-58.56,-73.2
-34.16,-53.68,-19.52,43.92,-9.76,-39.04,78.08,112.24,-4.88,-29.28,-48.8,-87.84
-19.52,-48.8,-29.28,34.16,4.88,-39.04,78.08,117.12,4.88,-19.52,-39.04,-58.56
-14.64,-53.68,-39.04,34.16,9.76,-48.8,87.84,126.88,19.52,-9.76,-43.92,-9.76
-14.64,-48.8,-34.16,34.16,9.76,-43.92,82.96,131.76,24.4,0,-39.04,-48.8
-19.52,-58.56,-39.04,39.04,9.76,-48.8,82.96,126.88,24.4,-4.88,-24.4,-39.04
-9.76,-43.92,-34.16,29.28,9.76,-39.04,73.2,117.12,14.64,-4.88,-34.16,-14.64
4.88,-24.4,-29.28,9.76,14.64,-29.28,73.2,131.76,14.64,-4.88,-24.4,-14.64
4.88,-9.76,-14.64,4.88,9.76,-14.64,78.08,136.64,14.64,-9.76,-29.28,-9.76
9.76,-9.76,-19.52,0,14.64,-14.64,73.2,131.76,9.76,-19.52,-48.8,-43.92
-4.88,-19.52,-14.64,14.64,4.88,-19.52,73.2,151.28,19.52,-9.76,-19.52,19.52
-24.4,-43.92,-19.52,34.16,-4.88,-34.16,82.96,165.92,29.28,-4.88,-24.4,14.64
-9.76,-53.68,-43.92,34.16,14.64,-48.8,92.72,175.68,39.04,9.76,-19.52,-4.88
0,-53.68,-53.68,29.28,24.4,-53.68,82.96,170.8,43.92,14.64,-14.64,-29.28
-48.8,-53.68,-4.88,53.68,-24.4,-29.28,97.6,190.32,63.44,29.28,19.52,-9.76
-24.4,-39.04,-14.64,34.16,-4.88,-29.28,92.72,185.44,58.56,24.4,9.76,-24.4
4.88,-14.64,-19.52,4.88,9.76,-19.52,78.08,170.8,48.8,19.52,19.52,-29.28
9.76,4.88,-4.88,-4.88,4.88,0,78.08,175.68,48.8,14.64,0,-14.64
0,19.52,19.52,-9.76,-9.76,19.52,82.96,185.44,58.56,19.52,-4.88,-14.64
-4.88,14.64,19.52,-4.88,-14.64,14.64,82.96,195.2,63.44,19.52,0,-9.76
0,4.88,4.88,0,-4.88,4.88,82.96,200.08,68.32,19.52,-4.88,-24.4
-9.76,-29.28,-19.52,19.52,4.88,-24.4,87.84,214.72,78.08,24.4,14.64,-14.64
0,-39.04,-39.04,19.52,19.52,-39.04,97.6,224.48,92.72,39.04,14.64,-29.28
4.88,-29.28,-34.16,14.64,19.52,-34.16,97.6,239.12,112.24,53.68,9.76,-43.92
14.64,-14.64,-29.28,0,19.52,-24.4,92.72,234.24,112.24,48.8,19.52,-34.16
4.88,0,-4.88,0,4.88,-4.88,92.72,234.24,117.12,53.68,34.16,-9.76
9.76,14.64,4.88,-9.76,0,9.76,87.84,234.24,122,53.68,48.8,-29.28
14.64,29.28,14.64,-19.52,0,19.52,82.96,234.24,107.36,43.92,58.56,-29.28
29.28,43.92,14.64,-34.16,4.88,29.28,87.84,244,112.24,48.8,24.4,0
34.16,34.16,0,-34.16,14.64,14.64,82.96,248.88,122,43.92,9.76,-14.64
19.52,24.4,4.88,-19.52,4.88,14.64,97.6,268.4,136.64,58.56,43.92,-4.88
24.4,19.52,-4.88,-19.52,14.64,4.88,112.24,292.8,156.16,82.96,48.8,19.52
29.28,14.64,-14.64,-19.52,19.52,0,117.12,307.44,170.8,87.84,48.8,19.52
29.28,4.88,-24.4,-14.64,24.4,-9.76,107.36,312.32,180.56,97.6,48.8,48.8
14.64,0,-14.64,-4.88,14.64,-9.76,102.48,307.44,175.68,92.72,68.32,29.28
-4.88,-9.76,-4.88,9.76,0,-9.76,97.6,312.32,180.56,92.72,39.04,29.28
43.92,39.04,-4.88,-39.04,24.4,14.64,97.6,317.2,190.32,107.36,48.8,48.8
63.44,68.32,4.88,-63.44,29.28,34.16,112.24,331.84,200.08,112.24,53.68,73.2
58.56,78.08,19.52,-68.32,19.52,48.8,102.48,341.6,209.84,112.24,63.44,48.8
63.44,82.96,19.52,-73.2,19.52,48.8,107.36,356.24,219.6,117.12,102.48,48.8
63.44,63.44,0,-63.44,29.28,29.28,102.48,370.88,224.48,117.12,73.2,102.48
53.68,53.68,0,-53.68,24.4,24.4,117.12,395.28,244,141.52,87.84,58.56
68.32,63.44,-4.88,-63.44,34.16,29.28,131.76,409.92,263.52,156.16,117.12,43.92
73.2,53.68,-19.52,-63.44,43.92,14.64,126.88,419.68,278.16,170.8,107.36,63.44
68.32,58.56,-9.76,-63.44,39.04,24.4,126.88,424.56,278.16,180.56,107.36,34.16
73.2,73.2,0,-73.2,34.16,34.16,122,429.44,287.92,185.44,112.24,68.32
82.96,102.48,19.52,-92.72,29.28,58.56,117.12,439.2,297.68,190.32,131.76,53.68
92.72,117.12,24.4,-102.48,34.16,68.32,117.12,444.08,297.68,190.32,151.28,34.16
87.84,126.88,39.04,-107.36,24.4,82.96,112.24,453.84,302.56,195.2,170.8,58.56
73.2,122,48.8,-97.6,9.76,82.96,112.24,463.6,312.32,200.08,146.4,63.44
78.08,122,43.92,-97.6,14.64,82.96,122,488,336.72,219.6,151.28,63.44
82.96,102.48,19.52,-92.72,29.28,58.56,131.76,507.52,356.24,234.24,156.16,73.2
107.36,107.36,0,-107.36,53.68,53.68,136.64,527.04,370.88,248.88,170.8,141.52
126.88,112.24,-14.64,-117.12,68.32,48.8,126.88,531.92,375.76,258.64,190.32,112.24
136.64,126.88,-9.76,-131.76,73.2,58.56,122,536.8,380.64,258.64,190.32,190.32
112.24,146.4,34.16,-126.88,39.04,87.84,131.76,546.56,405.04,278.16,195.2,146.4
92.72,161.04,68.32,-126.88,9.76,112.24,122,551.44,409.92,287.92,209.84,151.28
112.24,175.68,63.44,-141.52,24.4,117.12,126.88,561.2,414.8,292.8,204.96,136.64
131.76,190.32,58.56,-161.04,34.16,122,112.24,566.08,414.8,287.92,224.48,151.28
131.76,185.44,53.68,-156.16,39.04,117.12,112.24,575.84,419.68,292.8,229.36,200.08
131.76,175.68,43.92,-151.28,43.92,107.36,117.12,585.6,429.44,297.68,244,185.44
122,161.04,39.04,-141.52,39.04,97.6,126.88,610,448.96,322.08,258.64,151.28
131.76,161.04,29.28,-146.4,48.8,92.72,141.52,624.64,463.6,336.72,268.4,200.08
146.4,175.68,29.28,-161.04,58.56,102.48,136.64,624.64,478.24,356.24,292.8,180.56
146.4,175.68,29.28,-161.04,58.56,102.48,136.64,624.64,478.24,361.12,292.8,151.28
146.4,200.08,53.68,-170.8,43.92,126.88,126.88,624.64,473.36,356.24,278.16,141.52
175.68,234.24,58.56,-204.96,58.56,146.4,122,619.76,478.24,356.24,273.28,151.28
175.68,239.12,63.44,-204.96,53.68,151.28,117.12,614.88,473.36,356.24,263.52,170.8
165.92,244,78.08,-204.96,43.92,161.04,112.24,624.64,478.24,361.12,278.16,170.8
151.28,248.88,97.6,-200.08,24.4,170.8,112.24,634.4,483.12,361.12,263.52,165.92
165.92,239.12,73.2,-200.08,43.92,156.16,107.36,634.4,478.24,366,258.64,161.04
185.44,224.48,39.04,-204.96,73.2,131.76,112.24,639.28,497.76,380.64,263.52,185.44
175.68,219.6,43.92,-195.2,63.44,131.76,122,644.16,507.52,390.4,287.92,190.32
190.32,224.48,34.16,-204.96,78.08,126.88,122,649.04,512.4,400.16,297.68,170.8
175.68,204.96,29.28,-190.32,73.2,117.12,112.24,634.4,507.52,395.28,312.32,204.96
161.04,209.84,48.8,-185.44,53.68,126.88,102.48,614.88,492.88,385.52,307.44,190.32
170.8,234.24,63.44,-200.08,53.68,146.4,92.72,605.12,497.76,380.64,302.56,244
175.68,244,68.32,-209.84,53.68,156.16,87.84,595.36,483.12,380.64,292.8,253.76
180.56,258.64,78.08,-219.6,48.8,165.92,82.96,585.6,478.24,366,302.56,234.24
175.68,253.76,78.08,-214.72,48.8,165.92,82.96,575.84,473.36,366,292.8,185.44
175.68,239.12,63.44,-204.96,53.68,151.28,73.2,561.2,458.72,351.36,273.28,161.04
170.8,204.96,34.16,-185.44,68.32,117.12,78.08,556.32,453.84,356.24,283.04,175.68
146.4,180.56,34.16,-161.04,53.68,107.36,73.2,546.56,458.72,351.36,302.56,204.96
141.52,170.8,29.28,-156.16,53.68,97.6,73.2,527.04,448.96,346.48,278.16,209.84
146.4,175.68,29.28,-161.04,58.56,102.48,73.2,507.52,439.2,346.48,292.8,200.08
126.88,175.68,48.8,-151.28,39.04,112.24,68.32,488,424.56,336.72,292.8,170.8
131.76,195.2,63.44,-161.04,34.16,126.88,53.68,458.72,400.16,312.32,258.64,146.4
156.16,204.96,48.8,-180.56,53.68,126.88,39.04,424.56,375.76,287.92,229.36,146.4
141.52,200.08,58.56,-170.8,39.04,126.88,43.92,405.04,356.24,273.28,214.72,151.28
126.88,195.2,68.32,-161.04,29.28,131.76,48.8,390.4,336.72,258.64,219.6,165.92
107.36,170.8,63.44,-136.64,19.52,117.12,48.8,370.88,317.2,253.76,200.08,190.32
102.48,136.64,34.16,-117.12,34.16,82.96,53.68,356.24,302.56,244,190.32,165.92
102.48,122,19.52,-112.24,39.04,68.32,48.8,341.6,292.8,234.24,224.48,200.08
92.72,97.6,4.88,-92.72,43.92,48.8,48.8,317.2,273.28,229.36,209.84,175.68
87.84,97.6,9.76,-92.72,39.04,53.68,43.92,283.04,248.88,209.84,195.2,156.16
87.84,107.36,19.52,-97.6,34.16,63.44,43.92,263.52,239.12,200.08,180.56,151.28
73.2,107.36,34.16,-87.84,19.52,68.32,34.16,234.24,214.72,175.68,136.64,122
78.08,107.36,29.28,-92.72,24.4,68.32,24.4,204.96,190.32,151.28,136.64,126.88
68.32,112.24,43.92,-87.84,9.76,78.08,24.4,190.32,170.8,126.88,141.52,92.72
43.92,78.08,34.16,-58.56,4.88,53.68,19.52,170.8,151.28,107.36,102.48,97.6
63.44,87.84,24.4,-73.2,19.52,53.68,29.28,165.92,141.52,97.6,97.6,68.32
63.44,73.2,9.76,-68.32,24.4,39.04,34.16,156.16,131.76,92.72,97.6,58.56
53.68,58.56,4.88,-53.68,24.4,29.28,34.16,146.4,126.88,82.96,97.6,63.44
53.68,39.04,-14.64,-43.92,34.16,9.76,39.04,126.88,112.24,73.2,107.36,73.2
29.28,24.4,-4.88,-24.4,14.64,9.76,34.16,107.36,92.72,63.44,63.44,58.56
24.4,19.52,-4.88,-19.52,14.64,4.88,24.4,92.72,78.08,43.92,39.04,4.88
39.04,19.52,-19.52,-29.28,29.28,0,14.64,63.44,53.68,24.4,9.76,14.64
48.8,34.16,-14.64,-39.04,29.28,9.76,14.64,53.68,48.8,14.64,43.92,-4.88
48.8,48.8,0,-48.8,24.4,24.4,19.52,53.68,39.04,4.88,14.64,9.76
14.64,34.16,19.52,-24.4,-4.88,24.4,19.52,43.92,29.28,-4.88,4.88,14.64
14.64,24.4,9.76,-19.52,0,14.64,19.52,34.16,19.52,-14.64,4.88,24.4
19.52,14.64,-4.88,-14.64,9.76,4.88,14.64,34.16,14.64,-14.64,-14.64,34.16
4.88,0,-4.88,0,4.88,-4.88,19.52,34.16,14.64,-19.52,-14.64,34.16
0,-14.64,-14.64,9.76,4.88,-14.64,24.4,24.4,9.76,-24.4,-34.16,-14.64
-4.88,-24.4,-19.52,14.64,4.88,-24.4,19.52,14.64,0,-24.4,-24.4,-14.64
0,-24.4,-24.4,14.64,9.76,-24.4,19.52,9.76,-9.76,-29.28,-29.28,-34.16
4.88,-14.64,-19.52,4.88,9.76,-19.52,14.64,0,-19.52,-34.16,-19.52,-39.04
-4.88,-19.52,-14.64,14.64,4.88,-19.52,14.64,-9.76,-24.4,-39.04,-39.04,-14.64
0,-14.64,-14.64,9.76,4.88,-14.64,9.76,-14.64,-39.04,-53.68,-63.44,4.88
9.76,-4.88,-14.64,0,9.76,-9.76,4.88,-19.52,-43.92,-63.44,-58.56,-14.64
-4.88,-14.64,-9.76,9.76,0,-14.64,4.88,-19.52,-48.8,-68.32,-29.28,-39.04
4.88,-24.4,-29.28,9.76,14.64,-29.28,4.88,-19.52,-53.68,-63.44,-53.68,-48.8
4.88,-19.52,-24.4,9.76,14.64,-24.4,0,-19.52,-48.8,-63.44,-82.96,-53.68
0,-34.16,-34.16,19.52,14.64,-34.16,4.88,-24.4,-48.8,-43.92,-73.2,-34.16
9.76,-39.04,-48.8,14.64,29.28,-43.92,0,-34.16,-53.68,-63.44,-39.04,-14.64
-29.28,-58.56,-29.28,43.92,0,-43.92,9.76,-24.4,-43.92,-53.68,-43.92,-24.4
-19.52,-39.04,-19.52,29.28,0,-29.28,4.88,-29.28,-53.68,-58.56,-68.32,-48.8
-14.64,-39.04,-24.4,29.28,4.88,-34.16,4.88,-34.16,-53.68,-63.44,-78.08,-43.92
-29.28,-39.04,-9.76,34.16,-9.76,-24.4,0,-34.16,-58.56,-68.32,-68.32,-43.92
-14.64,-24.4,-9.76,19.52,-4.88,-19.52,-4.88,-43.92,-68.32,-82.96,-82.96,-73.2
0,-14.64,-14.64,9.76,4.88,-14.64,-4.88,-43.92,-68.32,-82.96,-97.6,-82.96
4.88,-19.52,-24.4,9.76,14.64,-24.4,-4.88,-34.16,-63.44,-78.08,-87.84,-29.28
-14.64,-29.28,-14.64,24.4,0,-24.4,0,-29.28,-53.68,-73.2,-87.84,-43.92
-34.16,-34.16,0,34.16,-19.52,-19.52,14.64,-24.4,-39.04,-58.56,-58.56,4.88
-14.64,-39.04,-24.4,29.28,4.88,-34.16,9.76,-34.16,-43.92,-63.44,-34.16,-19.52
0,-29.28,-29.28,14.64,14.64,-29.28,9.76,-34.16,-43.92,-63.44,9.76,-39.04
4.88,-24.4,-29.28,9.76,14.64,-29.28,9.76,-39.04,-39.04,-63.44,4.88,4.88
-4.88,-24.4,-19.52,14.64,4.88,-24.4,0,-43.92,-53.68,-68.32,-53.68,0
-29.28,-24.4,4.88,29.28,-19.52,-9.76,0,-43.92,-58.56,-78.08,-78.08,-39.04
-9.76,-14.64,-4.88,14.64,-4.88,-9.76,0,-43.92,-68.32,-82.96,-82.96,-63.44
0,-4.88,-4.88,4.88,0,-4.88,4.88,-29.28,-63.44,-82.96,-48.8,-68.32
-9.76,-19.52,-9.76,14.64,0,-14.64,0,-34.16,-68.32,-87.84,-78.08,-43.92
-9.76,-19.52,-9.76,14.64,0,-14.64,4.88,-29.28,-58.56,-82.96,-78.08,-9.76
0,-29.28,-29.28,14.64,14.64,-29.28,0,-34.16,-53.68,-78.08,-73.2,-39.04
0,-34.16,-34.16,19.52,14.64,-34.16,9.76,-29.28,-48.8,-68.32,-63.44,-58.56
-14.64,-29.28,-14.64,24.4,0,-24.4,14.64,-29.28,-43.92,-63.44,-73.2,-39.04
24.4,-24.4,-48.8,0,34.16,-39.04,0,-43.92,-68.32,-73.2,-87.84,-19.52
29.28,-24.4,-53.68,0,39.04,-39.04,-4.88,-39.04,-68.32,-78.08,-68.32,-34.16
-9.76,-4.88,4.88,9.76,-9.76,0,9.76,-24.4,-58.56,-73.2,-53.68,-48.8
-34.16,-4.88,29.28,19.52,-34.16,9.76,14.64,-19.52,-53.68,-73.2,-68.32,-39.04
-19.52,-14.64,4.88,19.52,-14.64,-4.88,9.76,-24.4,-58.56,-78.08,-78.08,-63.44
-19.52,-34.16,-14.64,29.28,-4.88,-24.4,4.88,-24.4,-68.32,-73.2,-73.2,-43.92
-24.4,-48.8,-24.4,39.04,0,-39.04,9.76,-24.4,-68.32,-78.08,-73.2,-82.96
-24.4,-39.04,-14.64,34.16,-4.88,-29.28,19.52,-14.64,-53.68,-73.2,-73.2,-82.96
-24.4,-39.04,-14.64,34.16,-4.88,-29.28,24.4,-14.64,-48.8,-63.44,-34.16,-39.04
-24.4,-34.16,-9.76,29.28,-9.76,-24.4,14.64,-24.4,-58.56,-68.32,-68.32,-43.92
-19.52,-14.64,4.88,19.52,-14.64,-4.88,14.64,-24.4,-48.8,-73.2,-73.2,-39.04
-9.76,-4.88,4.88,9.76,-9.76,0,9.76,-24.4,-53.68,-73.2,-58.56,-58.56
-14.64,0,14.64,9.76,-14.64,4.88,9.76,-24.4,-53.68,-78.08,-53.68,-63.44
-24.4,-9.76,14.64,19.52,-19.52,0,4.88,-29.28,-63.44,-87.84,-78.08,-43.92
-24.4,-19.52,4.88,24.4,-14.64,-9.76,4.88,-24.4,-58.56,-87.84,-68.32,-43.92
-14.64,-29.28,-14.64,24.4,0,-24.4,14.64,-14.64,-48.8,-78.08,-34.16,-78.08
-24.4,-43.92,-19.52,34.16,-4.88,-34.16,24.4,-9.76,-43.92,-68.32,-78.08,-53.68
-24.4,-48.8,-24.4,39.04,0,-39.04,19.52,-9.76,-39.04,-68.32,-78.08,-19.52
-19.52,-39.04,-19.52,29.28,0,-29.28,29.28,-9.76,-34.16,-58.56,-82.96,-19.52
-19.52,-24.4,-4.88,24.4,-9.76,-14.64,24.4,-14.64,-39.04,-58.56,-92.72,-24.4
-4.88,0,4.88,4.88,-4.88,0,19.52,-19.52,-43.92,-63.44,-78.08,-14.64
-4.88,9.76,14.64,0,-9.76,9.76,19.52,-19.52,-43.92,-63.44,-63.44,-19.52
-19.52,4.88,24.4,9.76,-24.4,14.64,19.52,-19.52,-43.92,-73.2,-78.08,-43.92
-24.4,9.76,34.16,9.76,-29.28,19.52,14.64,-24.4,-48.8,-73.2,-97.6,-24.4
-14.64,9.76,24.4,4.88,-19.52,14.64,19.52,-9.76,-43.92,-68.32,-63.44,-29.28
-19.52,-9.76,9.76,14.64,-14.64,0,24.4,-9.76,-39.04,-63.44,-73.2,-48.8
-19.52,-4.88,14.64,14.64,-19.52,4.88,19.52,-14.64,-43.92,-68.32,-87.84,-58.56
-24.4,-14.64,9.76,19.52,-19.52,-4.88,19.52,-14.64,-39.04,-63.44,-53.68,-58.56
-19.52,-14.64,4.88,19.52,-14.64,-4.88,24.4,-9.76,-34.16,-63.44,-58.56,-39.04
-14.64,-14.64,0,14.64,-9.76,-9.76,24.4,-9.76,-34.16,-58.56,-78.08,-4.88
-19.52,-19.52,0,19.52,-9.76,-9.76,24.4,-9.76,-34.16,-58.56,-82.96,-34.16
-9.76,-19.52,-9.76,14.64,0,-14.64,24.4,-9.76,-34.16,-58.56,-78.08,-14.64
-4.88,-14.64,-9.76,9.76,0,-14.64,19.52,-14.64,-43.92,-68.32,-78.08,-9.76
-4.88,-4.88,0,4.88,-4.88,-4.88,14.64,-14.64,-43.92,-68.32,-63.44,-19.52
4.88,24.4,19.52,-14.64,-9.76,19.52,14.64,-9.76,-43.92,-73.2,-73.2,9.76
0,29.28,29.28,-14.64,-14.64,29.28,14.64,-9.76,-39.04,-73.2,-58.56,-19.52
-4.88,34.16,39.04,-14.64,-24.4,34.16,19.52,-4.88,-34.16,-68.32,-73.2,4.88
-9.76,24.4,34.16,-4.88,-24.4,29.28,19.52,-4.88,-29.28,-58.56,-78.08,-19.52
-9.76,14.64,24.4,0,-19.52,19.52,24.4,0,-24.4,-53.68,-73.2,-53.68
-14.64,-4.88,9.76,9.76,-14.64,0,24.4,0,-24.4,-53.68,-73.2,-39.04
-43.92,-24.4,19.52,34.16,-34.16,-4.88,29.28,-4.88,-24.4,-43.92,-53.68,-34.16
-43.92,-24.4,19.52,34.16,-34.16,-4.88,24.4,-9.76,-24.4,-43.92,-53.68,-29.28
-29.28,-9.76,19.52,19.52,-24.4,4.88,24.4,-4.88,-29.28,-48.8,-58.56,-19.52
-14.64,4.88,19.52,4.88,-19.52,9.76,19.52,-4.88,-29.28,-53.68,-63.44,-29.28
-9.76,14.64,24.4,0,-19.52,19.52,14.64,-14.64,-39.04,-63.44,-68.32,-43.92
-14.64,14.64,29.28,0,-24.4,19.52,9.76,-14.64,-34.16,-63.44,-78.08,-43.92
-14.64,9.76,24.4,4.88,-19.52,14.64,9.76,-14.64,-34.16,-63.44,-87.84,-48.8
-29.28,4.88,34.16,14.64,-34.16,19.52,24.4,-4.88,-19.52,-48.8,-48.8,-63.44
-34.16,-9.76,24.4,24.4,-29.28,4.88,29.28,-4.88,-19.52,-43.92,-14.64,-53.68
-19.52,-4.88,14.64,14.64,-19.52,4.88,29.28,-4.88,-14.64,-43.92,-39.04,-39.04
14.64,-4.88,-19.52,-4.88,14.64,-14.64,14.64,-24.4,-29.28,-53.68,-24.4,-48.8
-4.88,-4.88,0,4.88,-4.88,-4.88,14.64,-24.4,-34.16,-53.68,-58.56,-43.92
-29.28,0,29.28,14.64,-29.28,14.64,19.52,-14.64,-34.16,-53.68,-53.68,-4.88
-34.16,4.88,39.04,14.64,-39.04,19.52,14.64,-14.64,-34.16,-53.68,-34.16,-29.28
-39.04,9.76,48.8,14.64,-43.92,29.28,19.52,-14.64,-34.16,-58.56,-68.32,-43.92
-19.52,4.88,24.4,9.76,-24.4,14.64,24.4,-9.76,-34.16,-53.68,-53.68,-19.52
-29.28,-14.64,14.64,24.4,-24.4,0,29.28,-9.76,-29.28,-53.68,-48.8,-34.16
-19.52,-19.52,0,19.52,-9.76,-9.76,29.28,-9.76,-24.4,-43.92,-73.2,-9.76
-9.76,-9.76,0,9.76,-4.88,-4.88,24.4,-14.64,-24.4,-48.8,-63.44,-4.88
-24.4,-9.76,14.64,19.52,-19.52,0,29.28,-19.52,-24.4,-53.68,-29.28,0
-19.52,4.88,24.4,9.76,-24.4,14.64,19.52,-24.4,-29.28,-48.8,-29.28,-9.76
-14.64,4.88,19.52,4.88,-19.52,9.76,14.64,-29.28,-34.16,-53.68,-63.44,-19.52
-14.64,4.88,19.52,4.88,-19.52,9.76,9.76,-34.16,-48.8,-63.44,-82.96,-14.64
-14.64,9.76,24.4,4.88,-19.52,14.64,9.76,-39.04,-53.68,-68.32,-68.32,-48.8
-39.04,-4.88,34.16,24.4,-39.04,14.64,19.52,-24.4,-43.92,-53.68,-68.32,-68.32
-19.52,-24.4,-4.88,24.4,-9.76,-14.64,24.4,-19.52,-34.16,-53.68,-68.32,-24.4
-9.76,-34.16,-24.4,24.4,4.88,-29.28,29.28,-14.64,-29.28,-48.8,-53.68,-29.28
-19.52,-43.92,-24.4,34.16,0,-34.16,19.52,-29.28,-34.16,-48.8,-63.44,-53.68
-19.52,-19.52,0,19.52,-9.76,-9.76,19.52,-24.4,-29.28,-43.92,-63.44,-29.28
-14.64,-4.88,9.76,9.76,-14.64,0,9.76,-39.04,-39.04,-58.56,-58.56,-48.8
-29.28,-9.76,19.52,19.52,-24.4,4.88,0,-53.68,-53.68,-73.2,-92.72,-48.8
-9.76,14.64,24.4,0,-19.52,19.52,0,-58.56,-58.56,-73.2,-82.96,-48.8
0,29.28,29.28,-14.64,-14.64,29.28,0,-48.8,-58.56,-82.96,-78.08,-73.2
-14.64,19.52,34.16,0,-24.4,24.4,9.76,-39.04,-53.68,-78.08,-73.2,-63.44
-24.4,0,24.4,14.64,-24.4,9.76,9.76,-39.04,-53.68,-73.2,-63.44,-58.56
-43.92,-29.28,14.64,39.04,-29.28,-9.76,14.64,-34.16,-43.92,-73.2,-68.32,-39.04
-39.04,-43.92,-4.88,43.92,-19.52,-24.4,19.52,-29.28,-39.04,-68.32,-78.08,-34.16
-29.28,-48.8,-19.52,39.04,-4.88,-34.16,9.76,-43.92,-43.92,-73.2,-58.56,-68.32
-24.4,-29.28,-4.88,29.28,-9.76,-19.52,19.52,-39.04,-43.92,-68.32,-63.44,-34.16
-14.64,-9.76,4.88,14.64,-9.76,-4.88,14.64,-43.92,-48.8,-73.2,-73.2,-19.52
-9.76,0,9.76,4.88,-9.76,4.88,4.88,-58.56,-63.44,-82.96,-102.48,-34.16
9.76,19.52,9.76,-14.64,0,14.64,0,-63.44,-68.32,-82.96,-102.48,-63.44
-9.76,14.64,24.4,0,-19.52,19.52,0,-63.44,-73.2,-87.84,-92.72,-53.68
-29.28,0,29.28,14.64,-29.28,14.64,0,-58.56,-73.2,-87.84,-92.72,-39.04
-39.04,-4.88,34.16,24.4,-39.04,14.64,9.76,-53.68,-63.44,-78.08,-92.72,-43.92
-39.04,-29.28,9.76,34.16,-24.4,-9.76,14.64,-48.8,-63.44,-78.08,-82.96,-19.52
-29.28,-39.04,-9.76,34.16,-9.76,-24.4,9.76,-53.68,-68.32,-82.96,-107.36,-19.52
-29.28,-43.92,-14.64,39.04,-9.76,-29.28,14.64,-53.68,-58.56,-73.2,-87.84,-39.04
-24.4,-34.16,-9.76,29.28,-9.76,-24.4,9.76,-53.68,-58.56,-68.32,-68.32,-53.68
-9.76,-14.64,-4.88,14.64,-4.88,-9.76,14.64,-58.56,-58.56,-73.2,-29.28,-39.04
-4.88,0,4.88,4.88,-4.88,0,0,-73.2,-73.2,-82.96,-63.44,-29.28
-19.52,0,19.52,9.76,-19.52,9.76,-4.88,-73.2,-78.08,-82.96,-68.32,-34.16
-9.76,14.64,24.4,0,-19.52,19.52,0,-73.2,-78.08,-87.84,-73.2,-43.92
-4.88,14.64,19.52,-4.88,-14.64,14.64,0,-73.2,-82.96,-92.72,-78.08,-39.04
0,4.88,4.88,0,-4.88,4.88,0,-68.32,-82.96,-82.96,-63.44,-34.16
-24.4,-24.4,0,24.4,-14.64,-14.64,9.76,-63.44,-78.08,-87.84,-78.08,-39.04
-43.92,-43.92,0,43.92,-24.4,-24.4,9.76,-63.44,-78.08,-87.84,-87.84,-34.16
-24.4,-43.92,-19.52,34.16,-4.88,-34.16,14.64,-58.56,-73.2,-78.08,-63.44,-39.04
-19.52,-24.4,-4.88,24.4,-9.76,-14.64,19.52,-58.56,-73.2,-73.2,-63.44,-58.56
-29.28,-24.4,4.88,29.28,-19.52,-9.76,14.64,-63.44,-73.2,-78.08,-58.56,-63.44
-24.4,-4.88,19.52,14.64,-24.4,4.88,9.76,-68.32,-82.96,-78.08,-58.56,-34.16
-29.28,-4.88,24.4,19.52,-29.28,9.76,4.88,-73.2,-87.84,-82.96,-92.72,-14.64
-14.64,9.76,24.4,4.88,-19.52,14.64,-4.88,-82.96,-107.36,-102.48,-92.72,-29.28
-9.76,9.76,19.52,0,-14.64,14.64,-4.88,-82.96,-112.24,-112.24,-82.96,-48.8
-9.76,9.76,19.52,0,-14.64,14.64,-9.76,-82.96,-117.12,-107.36,-92.72,-48.8
-14.64,-14.64,0,14.64,-9.76,-9.76,4.88,-68.32,-102.48,-97.6,-78.08,-68.32
-9.76,-24.4,-14.64,19.52,0,-19.52,14.64,-68.32,-97.6,-97.6,-87.84,-14.64
4.88,-24.4,-29.28,9.76,14.64,-29.28,14.64,-73.2,-97.6,-97.6,-68.32,0
14.64,-19.52,-34.16,4.88,24.4,-29.28,9.76,-78.08,-97.6,-97.6,-58.56,-58.56
-43.92,-19.52,24.4,34.16,-34.16,0,19.52,-63.44,-87.84,-87.84,-53.68,-29.28
-39.04,-4.88,34.16,24.4,-39.04,14.64,14.64,-73.2,-92.72,-92.72,-68.32,-53.68
-29.28,0,29.28,14.64,-29.28,14.64,0,-87.84,-107.36,-107.36,-82.96,-53.68
-19.52,9.76,29.28,4.88,-24.4,19.52,0,-87.84,-112.24,-112.24,-107.36,-14.64
-9.76,24.4,34.16,-4.88,-24.4,29.28,9.76,-78.08,-107.36,-107.36,-107.36,-39.04
-14.64,9.76,24.4,4.88,-19.52,14.64,4.88,-78.08,-102.48,-107.36,-102.48,-78.08
-9.76,-9.76,0,9.76,-4.88,-4.88,4.88,-78.08,-102.48,-107.36,-68.32,-63.44
-9.76,-24.4,-14.64,19.52,0,-19.52,9.76,-73.2,-97.6,-107.36,-68.32,-34.16
-14.64,-34.16,-19.52,24.4,0,-29.28,9.76,-73.2,-92.72,-97.6,-87.84,-43.92
-4.88,-29.28,-24.4,19.52,9.76,-29.28,14.64,-73.2,-87.84,-92.72,-68.32,-53.68
-9.76,-14.64,-4.88,14.64,-4.88,-9.76,14.64,-73.2,-82.96,-97.6,-73.2,-34.16
-39.04,-14.64,24.4,29.28,-34.16,4.88,9.76,-78.08,-92.72,-97.6,-68.32,-34.16
-9.76,0,9.76,4.88,-9.76,4.88,0,-87.84,-102.48,-107.36,-63.44,-53.68
-14.64,14.64,29.28,0,-24.4,19.52,4.88,-87.84,-102.48,-107.36,-68.32,-58.56
-34.16,9.76,43.92,14.64,-39.04,24.4,4.88,-82.96,-97.6,-107.36,-68.32,-68.32
-9.76,0,9.76,4.88,-9.76,4.88,4.88,-82.96,-97.6,-102.48,-58.56,-39.04
-14.64,-19.52,-4.88,19.52,-4.88,-14.64,9.76,-82.96,-92.72,-102.48,-58.56,-29.28
4.88,-19.52,-24.4,9.76,14.64,-24.4,19.52,-68.32,-82.96,-92.72,-73.2,-43.92
-4.88,-24.4,-19.52,14.64,4.88,-24.4,14.64,-73.2,-78.08,-87.84,-68.32,-24.4
-14.64,-24.4,-9.76,19.52,-4.88,-19.52,19.52,-73.2,-82.96,-87.84,-48.8,-48.8
-9.76,-4.88,4.88,9.76,-9.76,0,14.64,-78.08,-87.84,-97.6,-53.68,-43.92
-4.88,14.64,19.52,-4.88,-14.64,14.64,0,-87.84,-97.6,-107.36,-87.84,-87.84
-14.64,19.52,34.16,0,-24.4,24.4,4.88,-92.72,-97.6,-102.48,-73.2,-63.44
-4.88,29.28,34.16,-9.76,-19.52,29.28,0,-92.72,-97.6,-107.36,-73.2,-58.56
-9.76,24.4,34.16,-4.88,-24.4,29.28,4.88,-87.84,-102.48,-107.36,-82.96,-82.96
-4.88,14.64,19.52,-4.88,-14.64,14.64,9.76,-82.96,-92.72,-97.6,-63.44,-78.08
-9.76,-14.64,-4.88,14.64,-4.88,-9.76,19.52,-73.2,-78.08,-92.72,-43.92,-24.4
-4.88,-24.4,-19.52,14.64,4.88,-24.4,14.64,-73.2,-78.08,-92.72,-19.52,-34.16
0,-14.64,-14.64,9.76,4.88,-14.64,24.4,-68.32,-68.32,-78.08,-9.76,-39.04
0,-4.88,-4.88,4.88,0,-4.88,19.52,-78.08,-73.2,-82.96,-48.8,-43.92
0,-9.76,-9.76,4.88,4.88,-9.76,9.76,-87.84,-78.08,-92.72,-48.8,-63.44
4.88,4.88,0,-4.88,0,0,-9.76,-102.48,-97.6,-107.36,-68.32,-87.84
9.76,9.76,0,-9.76,4.88,4.88,-9.76,-112.24,-102.48,-112.24,-58.56,-82.96
4.88,19.52,14.64,-9.76,-4.88,14.64,-14.64,-102.48,-102.48,-107.36,-78.08,-73.2
-34.16,19.52,53.68,9.76,-43.92,34.16,14.64,-82.96,-78.08,-82.96,-58.56,-34.16
-48.8,-4.88,43.92,29.28,-48.8,19.52,9.76,-78.08,-87.84,-87.84,-68.32,-43.92
-39.04,-29.28,9.76,34.16,-24.4,-9.76,19.52,-73.2,-78.08,-82.96,-58.56,-29.28
-34.16,-29.28,4.88,34.16,-19.52,-14.64,14.64,-68.32,-78.08,-82.96,-53.68,-19.52
-24.4,-29.28,-4.88,29.28,-9.76,-19.52,19.52,-63.44,-73.2,-73.2,-43.92,-48.8
-9.76,-9.76,0,9.76,-4.88,-4.88,14.64,-68.32,-73.2,-78.08,-53.68,-43.92
0,-9.76,-9.76,4.88,4.88,-9.76,14.64,-73.2,-78.08,-82.96,-53.68,-58.56
-14.64,0,14.64,9.76,-14.64,4.88,4.88,-82.96,-92.72,-92.72,-58.56,-19.52
-24.4,4.88,29.28,9.76,-29.28,14.64,0,-92.72,-107.36,-102.48,-68.32,9.76
-14.64,14.64,29.28,0,-24.4,19.52,-4.88,-87.84,-107.36,-102.48,-68.32,-34.16
-19.52,19.52,39.04,0,-29.28,29.28,9.76,-82.96,-92.72,-92.72,-73.2,-29.28
-34.16,-4.88,29.28,19.52,-34.16,9.76,9.76,-82.96,-97.6,-92.72,-68.32,-48.8
-34.16,-34.16,0,34.16,-19.52,-19.52,9.76,-82.96,-97.6,-97.6,-63.44,-63.44
-14.64,-24.4,-9.76,19.52,-4.88,-19.52,9.76,-78.08,-97.6,-92.72,-53.68,-63.44
-19.52,-34.16,-14.64,29.28,-4.88,-24.4,14.64,-78.08,-92.72,-87.84,-68.32,-78.08
-14.64,-19.52,-4.88,19.52,-4.88,-14.64,14.64,-73.2,-87.84,-82.96,-39.04,-9.76
-9.76,-9.76,0,9.76,-4.88,-4.88,14.64,-78.08,-87.84,-87.84,-39.04,-9.76
-14.64,0,14.64,9.76,-14.64,4.88,9.76,-82.96,-92.72,-87.84,-58.56,-19.52
-9.76,29.28,39.04,-9.76,-24.4,34.16,14.64,-87.84,-97.6,-92.72,-78.08,-19.52
-14.64,34.16,48.8,-9.76,-34.16,39.04,4.88,-87.84,-102.48,-82.96,-82.96,-19.52
-19.52,24.4,43.92,0,-34.16,34.16,9.76,-87.84,-97.6,-82.96,-87.84,-29.28
-4.88,24.4,29.28,-9.76,-19.52,24.4,4.88,-87.84,-102.48,-92.72,-92.72,-9.76
-4.88,4.88,9.76,0,-9.76,4.88,14.64,-78.08,-92.72,-87.84,-87.84,-19.52
-24.4,-14.64,9.76,19.52,-19.52,-4.88,19.52,-73.2,-87.84,-82.96,-68.32,-43.92
-34.16,-34.16,0,34.16,-19.52,-19.52,19.52,-78.08,-82.96,-78.08,-68.32,-14.64
-14.64,-19.52,-4.88,19.52,-4.88,-14.64,9.76,-78.08,-87.84,-82.96,-78.08,-43.92
0,0,0,0,0,0,14.64,-78.08,-82.96,-82.96,-63.44,-34.16
-14.64,9.76,24.4,4.88,-19.52,14.64,4.88,-87.84,-87.84,-87.84,-73.2,-39.04
-29.28,19.52,48.8,4.88,-39.04,34.16,9.76,-87.84,-87.84,-82.96,-58.56,-39.04
-19.52,29.28,48.8,-4.88,-34.16,39.04,4.88,-87.84,-92.72,-92.72,-68.32,-68.32
-24.4,19.52,43.92,4.88,-34.16,29.28,0,-92.72,-97.6,-92.72,-92.72,-48.8
-24.4,14.64,39.04,4.88,-34.16,24.4,4.88,-87.84,-97.6,-92.72,-73.2,-63.44
-19.52,0,19.52,9.76,-19.52,9.76,4.88,-82.96,-97.6,-92.72,-82.96,-63.44
-9.76,-9.76,0,9.76,-4.88,-4.88,9.76,-87.84,-87.84,-92.72,-73.2,-53.68
19.52,-9.76,-29.28,-4.88,24.4,-19.52,4.88,-82.96,-82.96,-87.84,-82.96,-53.68
9.76,-9.76,-19.52,0,14.64,-14.64,4.88,-78.08,-82.96,-82.96,-73.2,-48.8
-29.28,-14.64,14.64,24.4,-24.4,0,19.52,-68.32,-73.2,-78.08,-73.2,-53.68
-19.52,4.88,24.4,9.76,-24.4,14.64,9.76,-78.08,-82.96,-78.08,-73.2,-48.8
-29.28,9.76,39.04,9.76,-34.16,24.4,4.88,-82.96,-87.84,-78.08,-58.56,-73.2
-34.16,19.52,53.68,9.76,-43.92,34.16,9.76,-78.08,-87.84,-78.08,-34.16,-43.92
-73.2,-4.88,68.32,39.04,-73.2,29.28,4.88,-92.72,-87.84,-82.96,-43.92,-24.4
-48.8,0,48.8,24.4,-48.8,24.4,4.88,-87.84,-97.6,-87.84,-58.56,-43.92
-9.76,14.64,24.4,0,-19.52,19.52,14.64,-73.2,-87.84,-78.08,-82.96,0
-19.52,-19.52,0,19.52,-9.76,-9.76,9.76,-87.84,-97.6,-87.84,-92.72,14.64
-19.52,-19.52,0,19.52,-9.76,-9.76,14.64,-78.08,-87.84,-78.08,-87.84,-39.04
-48.8,-9.76,39.04,29.28,-43.92,14.64,24.4,-68.32,-73.2,-63.44,-24.4,-39.04
-43.92,-14.64,29.28,29.28,-39.04,4.88,19.52,-73.2,-82.96,-73.2,-24.4,-53.68
-14.64,9.76,24.4,4.88,-19.52,14.64,14.64,-78.08,-87.84,-78.08,-73.2,-78.08
-19.52,24.4,43.92,0,-34.16,34.16,4.88,-87.84,-92.72,-82.96,-87.84,-58.56
-29.28,34.16,63.44,0,-48.8,48.8,4.88,-92.72,-97.6,-87.84,-73.2,-48.8
-24.4,29.28,53.68,0,-39.04,39.04,9.76,-82.96,-87.84,-82.96,-58.56,-34.16
-19.52,14.64,34.16,4.88,-29.28,24.4,9.76,-78.08,-82.96,-78.08,-58.56,-43.92
-19.52,-4.88,14.64,14.64,-19.52,4.88,19.52,-68.32,-78.08,-73.2,-63.44,-39.04
-9.76,-4.88,4.88,9.76,-9.76,0,24.4,-63.44,-68.32,-63.44,-43.92,-14.64
-14.64,-9.76,4.88,14.64,-9.76,-4.88,19.52,-73.2,-73.2,-63.44,-43.92,-24.4
-9.76,4.88,14.64,4.88,-14.64,9.76,19.52,-73.2,-68.32,-58.56,-39.04,-39.04
-19.52,14.64,34.16,4.88,-29.28,24.4,24.4,-73.2,-63.44,-53.68,-34.16,-9.76
-34.16,19.52,53.68,9.76,-43.92,34.16,24.4,-63.44,-58.56,-48.8,-29.28,14.64
-34.16,39.04,73.2,0,-53.68,53.68,24.4,-68.32,-63.44,-53.68,-48.8,-4.88
-14.64,53.68,68.32,-19.52,-43.92,58.56,14.64,-73.2,-68.32,-58.56,-73.2,9.76
0,63.44,63.44,-29.28,-34.16,63.44,24.4,-68.32,-58.56,-53.68,-58.56,0
0,68.32,68.32,-34.16,-34.16,68.32,29.28,-58.56,-48.8,-43.92,-48.8,-24.4
-9.76,63.44,73.2,-24.4,-43.92,68.32,39.04,-48.8,-43.92,-39.04,-43.92,0
0,68.32,68.32,-34.16,-34.16,68.32,53.68,-34.16,-29.28,-24.4,-19.52,-14.64
0,63.44,63.44,-29.28,-34.16,63.44,58.56,-29.28,-19.52,-14.64,-29.28,-29.28
4.88,73.2,68.32,-39.04,-34.16,68.32,63.44,-24.4,-19.52,-9.76,-34.16,14.64
14.64,87.84,73.2,-48.8,-29.28,78.08,73.2,-19.52,-4.88,0,-14.64,48.8
-4.88,78.08,82.96,-34.16,-43.92,78.08,68.32,-14.64,-9.76,4.88,-34.16,24.4
-9.76,73.2,82.96,-29.28,-48.8,78.08,58.56,-24.4,-19.52,-4.88,-48.8,-24.4
-4.88,97.6,102.48,-43.92,-53.68,97.6,53.68,-24.4,-24.4,-14.64,-48.8,-14.64
-4.88,92.72,97.6,-43.92,-53.68,92.72,68.32,-14.64,-14.64,-4.88,-48.8,14.64
-4.88,87.84,92.72,-39.04,-48.8,87.84,68.32,-9.76,-9.76,0,-14.64,-9.76
-9.76,78.08,87.84,-34.16,-48.8,82.96,78.08,0,0,9.76,-4.88,-4.88
9.76,78.08,68.32,-43.92,-29.28,73.2,78.08,4.88,4.88,19.52,-24.4,9.76
19.52,78.08,58.56,-48.8,-19.52,68.32,82.96,9.76,4.88,29.28,-19.52,58.56
14.64,73.2,58.56,-43.92,-24.4,63.44,78.08,4.88,4.88,29.28,0,58.56
14.64,82.96,68.32,-48.8,-29.28,73.2,78.08,4.88,4.88,29.28,9.76,19.52
19.52,78.08,58.56,-48.8,-19.52,68.32,73.2,4.88,4.88,24.4,-9.76,4.88
29.28,87.84,58.56,-58.56,-14.64,73.2,68.32,9.76,4.88,29.28,-24.4,19.52
29.28,102.48,73.2,-63.44,-24.4,87.84,58.56,9.76,9.76,29.28,-9.76,14.64
29.28,107.36,78.08,-68.32,-24.4,92.72,39.04,9.76,9.76,29.28,-4.88,39.04
43.92,97.6,53.68,-68.32,-4.88,73.2,19.52,0,9.76,29.28,0,19.52
58.56,92.72,34.16,-73.2,9.76,63.44,4.88,-9.76,0,24.4,19.52,14.64
53.68,87.84,34.16,-68.32,9.76,58.56,0,-19.52,4.88,29.28,-14.64,4.88
48.8,102.48,53.68,-73.2,-4.88,78.08,14.64,0,24.4,48.8,-4.88,19.52
24.4,97.6,73.2,-58.56,-24.4,82.96,14.64,0,29.28,53.68,4.88,82.96
34.16,102.48,68.32,-68.32,-19.52,82.96,9.76,0,24.4,53.68,4.88,68.32
58.56,122,63.44,-87.84,-4.88,92.72,9.76,-4.88,24.4,53.68,39.04,78.08
48.8,112.24,63.44,-78.08,-9.76,87.84,0,-14.64,14.64,43.92,48.8,53.68
43.92,107.36,63.44,-73.2,-9.76,82.96,-4.88,-19.52,4.88,34.16,24.4,29.28
43.92,97.6,53.68,-68.32,-4.88,73.2,-19.52,-34.16,-9.76,14.64,-24.4,63.44
48.8,82.96,34.16,-63.44,4.88,58.56,-29.28,-53.68,-24.4,9.76,-19.52,58.56
58.56,92.72,34.16,-73.2,9.76,63.44,-24.4,-43.92,-24.4,9.76,4.88,19.52
43.92,87.84,43.92,-63.44,0,63.44,-14.64,-43.92,-14.64,14.64,19.52,0
48.8,78.08,29.28,-63.44,9.76,53.68,0,-34.16,-9.76,24.4,4.88,29.28
58.56,78.08,19.52,-68.32,19.52,48.8,0,-34.16,-9.76,29.28,4.88,39.04
48.8,68.32,19.52,-58.56,14.64,43.92,-4.88,-39.04,-14.64,24.4,0,9.76
39.04,73.2,34.16,-53.68,0,53.68,4.88,-39.04,-9.76,29.28,39.04,39.04
34.16,73.2,39.04,-53.68,-4.88,53.68,-4.88,-48.8,-14.64,24.4,63.44,87.84
9.76,58.56,48.8,-34.16,-19.52,53.68,-9.76,-58.56,-34.16,4.88,9.76,19.52
9.76,53.68,43.92,-29.28,-19.52,48.8,-14.64,-63.44,-48.8,-9.76,-43.92,-4.88
-14.64,43.92,58.56,-14.64,-39.04,48.8,-9.76,-68.32,-58.56,-24.4,-53.68,-9.76
-19.52,34.16,53.68,-4.88,-39.04,43.92,-4.88,-63.44,-58.56,-29.28,-48.8,-34.16
-24.4,19.52,43.92,4.88,-34.16,29.28,4.88,-68.32,-53.68,-24.4,-34.16,4.88
-43.92,-9.76,34.16,29.28,-39.04,9.76,9.76,-68.32,-53.68,-19.52,-34.16,-9.76
-24.4,-9.76,14.64,19.52,-19.52,0,-4.88,-82.96,-73.2,-34.16,-48.8,0
-29.28,4.88,34.16,14.64,-34.16,19.52,0,-73.2,-63.44,-29.28,-34.16,-4.88
-87.84,-4.88,82.96,48.8,-87.84,39.04,19.52,-68.32,-48.8,-19.52,-19.52,9.76
-34.16,29.28,63.44,4.88,-48.8,43.92,9.76,-78.08,-58.56,-24.4,-39.04,14.64
-29.28,39.04,68.32,-4.88,-48.8,53.68,0,-82.96,-68.32,-34.16,4.88,-29.28
-29.28,29.28,58.56,0,-43.92,43.92,0,-82.96,-73.2,-39.04,-39.04,-63.44
-29.28,24.4,53.68,4.88,-43.92,39.04,-4.88,-87.84,-78.08,-43.92,-39.04,-34.16
-48.8,4.88,53.68,24.4,-53.68,29.28,-4.88,-87.84,-87.84,-53.68,-43.92,-43.92
-43.92,0,43.92,24.4,-43.92,19.52,0,-82.96,-87.84,-43.92,-43.92,-19.52
-53.68,-4.88,48.8,29.28,-53.68,19.52,9.76,-73.2,-73.2,-34.16,-29.28,24.4
-53.68,-9.76,43.92,34.16,-48.8,14.64,0,-82.96,-78.08,-43.92,-9.76,-19.52
-29.28,-4.88,24.4,19.52,-29.28,9.76,0,-82.96,-87.84,-48.8,-9.76,-24.4
-39.04,0,39.04,19.52,-39.04,19.52,4.88,-82.96,-82.96,-48.8,-53.68,-34.16
-53.68,4.88,58.56,24.4,-58.56,29.28,0,-87.84,-82.96,-53.68,-63.44,-4.88
-63.44,19.52,82.96,24.4,-73.2,48.8,9.76,-82.96,-82.96,-48.8,-63.44,-14.64
-58.56,19.52,78.08,19.52,-68.32,48.8,9.76,-78.08,-82.96,-48.8,-34.16,-24.4
-39.04,29.28,68.32,4.88,-53.68,48.8,14.64,-82.96,-82.96,-48.8,-48.8,-14.64
-34.16,29.28,63.44,4.88,-48.8,43.92,14.64,-78.08,-82.96,-48.8,-43.92,9.76
-48.8,19.52,68.32,14.64,-58.56,43.92,14.64,-73.2,-82.96,-48.8,-39.04,-14.64
-53.68,4.88,58.56,24.4,-58.56,29.28,14.64,-78.08,-78.08,-48.8,-43.92,-24.4
-53.68,0,53.68,29.28,-53.68,24.4,14.64,-82.96,-78.08,-48.8,-58.56,4.88
-43.92,-9.76,34.16,29.28,-39.04,9.76,14.64,-78.08,-78.08,-43.92,-73.2,-29.28
-34.16,-9.76,24.4,24.4,-29.28,4.88,14.64,-82.96,-78.08,-43.92,-68.32,-14.64
-48.8,-4.88,43.92,29.28,-48.8,19.52,19.52,-73.2,-73.2,-43.92,-63.44,-14.64
-53.68,14.64,68.32,19.52,-63.44,39.04,24.4,-68.32,-73.2,-39.04,-58.56,19.52
-53.68,24.4,78.08,14.64,-68.32,48.8,24.4,-68.32,-78.08,-39.04,-43.92,-19.52
-58.56,29.28,87.84,14.64,-73.2,58.56,24.4,-73.2,-78.08,-43.92,-53.68,14.64
-43.92,29.28,73.2,9.76,-58.56,48.8,29.28,-68.32,-78.08,-39.04,-63.44,-19.52
-48.8,19.52,68.32,14.64,-58.56,43.92,29.28,-68.32,-87.84,-48.8,-58.56,-48.8
-73.2,9.76,82.96,34.16,-78.08,43.92,48.8,-58.56,-82.96,-48.8,-78.08,-24.4
-63.44,29.28,92.72,19.52,-78.08,58.56,68.32,-39.04,-73.2,-43.92,-68.32,-29.28
-82.96,19.52,102.48,34.16,-92.72,58.56,82.96,-39.04,-73.2,-43.92,-34.16,-14.64
-92.72,29.28,122,34.16,-107.36,73.2,102.48,-9.76,-53.68,-24.4,-34.16,0
-82.96,24.4,107.36,29.28,-97.6,63.44,122,43.92,-4.88,4.88,-19.52,0
-87.84,43.92,131.76,24.4,-112.24,87.84,131.76,112.24,63.44,73.2,19.52,-14.64
-48.8,73.2,122,-9.76,-87.84,97.6,151.28,209.84,161.04,156.16,107.36,0
-9.76,97.6,107.36,-43.92,-58.56,102.48,141.52,292.8,268.4,258.64,161.04,48.8
29.28,112.24,82.96,-68.32,-29.28,97.6,112.24,375.76,390.4,385.52,244,126.88
87.84,161.04,73.2,-122,4.88,117.12,73.2,478.24,556.32,566.08,400.16,224.48
175.68,214.72,39.04,-195.2,68.32,126.88,34.16,619.76,785.68,785.68,605.12,341.6
273.28,258.64,-14.64,-263.52,141.52,122,-9.76,692.96,971.12,985.76,785.68,458.72
351.36,307.44,-43.92,-326.96,195.2,131.76,-87.84,634.4,1088.24,1146.8,936.96,551.44
429.44,366,-63.44,-395.28,244,151.28,-204.96,507.52,1185.84,1298.08,1083.36,668.56
527.04,444.08,-82.96,-483.12,302.56,180.56,-326.96,351.36,1254.16,1434.72,1210.24,771.04
619.76,502.64,-117.12,-561.2,366,190.32,-448.96,195.2,1278.56,1522.56,1337.12,858.88
663.68,551.44,-112.24,-605.12,385.52,219.6,-566.08,63.44,1268.8,1571.36,1454.24,966.24
697.84,619.76,-78.08,-658.8,385.52,268.4,-653.92,-19.52,1244.4,1566.48,1493.28,1005.28
746.64,668.56,-78.08,-707.6,409.92,292.8,-736.88,-107.36,1122.4,1444.48,1424.96,980.88
761.28,634.4,-126.88,-697.84,444.08,253.76,-814.96,-248.88,893.04,1190.72,1224.88,912.56
717.36,536.8,-180.56,-624.64,448.96,175.68,-854,-400.16,624.64,888.16,985.76,790.56
653.92,429.44,-224.48,-541.68,439.2,102.48,-863.76,-580.72,336.72,570.96,732,614.88
566.08,341.6,-224.48,-453.84,395.28,58.56,-814.96,-717.36,107.36,326.96,536.8,512.4
478.24,278.16,-200.08,-375.76,336.72,39.04,-761.28,-858.88,-117.12,92.72,356.24,405.04
366,195.2,-170.8,-278.16,268.4,9.76,-717.36,-990.64,-346.48,-122,190.32,278.16
239.12,131.76,-107.36,-185.44,170.8,9.76,-668.56,-1137.04,-600.24,-356.24,0,190.32
131.76,82.96,-48.8,-107.36,87.84,14.64,-610,-1210.24,-800.32,-556.32,-185.44,68.32
53.68,58.56,4.88,-53.68,24.4,29.28,-541.68,-1141.92,-839.36,-624.64,-268.4,-9.76
-4.88,34.16,39.04,-14.64,-24.4,34.16,-468.48,-985.76,-751.52,-570.96,-283.04,-19.52
-34.16,39.04,73.2,0,-53.68,53.68,-390.4,-810.08,-614.88,-463.6,-234.24,-9.76
-19.52,53.68,73.2,-14.64,-48.8,63.44,-312.32,-644.16,-473.36,-351.36,-180.56,4.88
-19.52,39.04,58.56,-9.76,-39.04,48.8,-244,-502.64,-361.12,-263.52,-131.76,0
-34.16,29.28,63.44,4.88,-48.8,43.92,-170.8,-370.88,-263.52,-190.32,-102.48,14.64
-29.28,14.64,43.92,9.76,-39.04,29.28,-107.36,-263.52,-185.44,-136.64,-68.32,-4.88
-9.76,0,9.76,4.88,-9.76,4.88,-63.44,-180.56,-136.64,-102.48,-58.56,24.4
14.64,24.4,9.76,-19.52,0,14.64,-34.16,-122,-112.24,-87.84,-43.92,19.52
24.4,43.92,19.52,-34.16,0,29.28,-19.52,-78.08,-87.84,-68.32,-29.28,-14.64
9.76,63.44,53.68,-34.16,-24.4,58.56,0,-43.92,-68.32,-48.8,-9.76,-24.4
-14.64,63.44,78.08,-24.4,-48.8,68.32,14.64,-19.52,-43.92,-29.28,4.88,-24.4
-24.4,48.8,73.2,-9.76,-48.8,58.56,14.64,-19.52,-43.92,-39.04,-4.88,4.88
-48.8,14.64,63.44,19.52,-58.56,39.04,19.52,-24.4,-39.04,-39.04,-9.76,0
-43.92,24.4,68.32,9.76,-58.56,43.92,29.28,-14.64,-34.16,-34.16,-14.64,-29.28
-24.4,48.8,73.2,-9.76,-48.8,58.56,43.92,-4.88,-34.16,-29.28,4.88,-4.88
-24.4,68.32,92.72,-19.52,-58.56,78.08,43.92,0,-34.16,-39.04,-9.76,-24.4
-24.4,63.44,87.84,-19.52,-58.56,73.2,39.04,-9.76,-58.56,-53.68,-29.28,9.76
-24.4,63.44,87.84,-19.52,-58.56,73.2,39.04,4.88,-63.44,-58.56,-29.28,-9.76
-43.92,34.16,78.08,4.88,-63.44,53.68,58.56,24.4,-48.8,-43.92,-19.52,-14.64
-53.68,4.88,58.56,24.4,-58.56,29.28,68.32,34.16,-39.04,-39.04,-29.28,-39.04
-53.68,-14.64,39.04,34.16,-48.8,9.76,87.84,58.56,-14.64,-14.64,-9.76,-24.4
-43.92,-14.64,29.28,29.28,-39.04,4.88,87.84,58.56,-14.64,-9.76,24.4,-19.52
-43.92,-24.4,19.52,34.16,-34.16,-4.88,87.84,58.56,-4.88,-4.88,24.4,-14.64
-39.04,14.64,53.68,14.64,-48.8,34.16,82.96,53.68,-9.76,-4.88,-4.88,-24.4
-29.28,34.16,63.44,0,-48.8,48.8,78.08,48.8,-19.52,-19.52,14.64,-34.16
-29.28,53.68,82.96,-9.76,-58.56,68.32,68.32,34.16,-34.16,-34.16,0,-4.88
-34.16,58.56,92.72,-9.76,-63.44,73.2,68.32,43.92,-34.16,-39.04,-24.4,-14.64
-34.16,63.44,97.6,-14.64,-68.32,78.08,68.32,48.8,-39.04,-43.92,-19.52,-39.04
-29.28,43.92,73.2,-4.88,-53.68,58.56,78.08,58.56,-29.28,-34.16,9.76,-43.92
-39.04,19.52,58.56,9.76,-48.8,39.04,87.84,68.32,-19.52,-24.4,14.64,-19.52
-39.04,-9.76,29.28,24.4,-34.16,9.76,92.72,87.84,-4.88,-4.88,-14.64,-34.16
-39.04,0,39.04,19.52,-39.04,19.52,112.24,102.48,19.52,14.64,-9.76,-29.28
-29.28,0,29.28,14.64,-29.28,14.64,97.6,87.84,14.64,9.76,9.76,-39.04
-29.28,14.64,43.92,9.76,-39.04,29.28,82.96,73.2,-4.88,0,-14.64,-24.4
-29.28,43.92,73.2,-4.88,-53.68,58.56,82.96,68.32,-4.88,-9.76,-34.16,-4.88
-19.52,73.2,92.72,-24.4,-58.56,82.96,73.2,58.56,-19.52,-19.52,-24.4,-24.4
-14.64,82.96,97.6,-34.16,-58.56,87.84,78.08,68.32,-19.52,-24.4,-9.76,4.88
-34.16,78.08,112.24,-19.52,-73.2,92.72,78.08,73.2,-24.4,-29.28,-24.4,0
-29.28,58.56,87.84,-14.64,-58.56,73.2,82.96,78.08,-14.64,-24.4,-9.76,-34.16
-14.64,43.92,58.56,-14.64,-39.04,48.8,92.72,87.84,-9.76,-14.64,0,9.76
-19.52,19.52,39.04,0,-29.28,29.28,102.48,102.48,4.88,4.88,19.52,19.52
-19.52,14.64,34.16,4.88,-29.28,24.4,102.48,107.36,14.64,14.64,39.04,39.04
-14.64,14.64,29.28,0,-24.4,19.52,97.6,102.48,24.4,19.52,24.4,53.68
-19.52,19.52,39.04,0,-29.28,29.28,87.84,92.72,4.88,9.76,-9.76,-19.52
-9.76,29.28,39.04,-9.76,-24.4,34.16,82.96,92.72,0,4.88,24.4,0
-9.76,48.8,58.56,-19.52,-34.16,53.68,87.84,97.6,0,19.52,24.4,29.28
-29.28,53.68,82.96,-9.76,-58.56,68.32,87.84,102.48,-4.88,14.64,4.88,-4.88
-24.4,68.32,92.72,-19.52,-58.56,78.08,82.96,102.48,-19.52,-9.76,-24.4,-39.04
-9.76,63.44,73.2,-24.4,-43.92,68.32,92.72,112.24,-4.88,-4.88,-14.64,-48.8
9.76,58.56,48.8,-34.16,-19.52,53.68,97.6,122,0,9.76,19.52,-19.52
-14.64,39.04,53.68,-9.76,-34.16,43.92,97.6,136.64,9.76,19.52,29.28,-24.4
-39.04,34.16,73.2,4.88,-58.56,53.68,107.36,141.52,24.4,29.28,14.64,-34.16
-19.52,29.28,48.8,-4.88,-34.16,39.04,102.48,141.52,34.16,39.04,9.76,-29.28
-29.28,24.4,53.68,4.88,-43.92,39.04,102.48,141.52,29.28,39.04,53.68,0
-29.28,24.4,53.68,4.88,-43.92,39.04,97.6,136.64,29.28,34.16,73.2,29.28
-29.28,43.92,73.2,-4.88,-53.68,58.56,97.6,136.64,24.4,29.28,19.52,4.88
-34.16,34.16,68.32,0,-53.68,48.8,97.6,136.64,14.64,24.4,14.64,-24.4
-39.04,39.04,78.08,0,-58.56,58.56,87.84,141.52,14.64,9.76,-4.88,-24.4
-24.4,48.8,73.2,-9.76,-48.8,58.56,97.6,151.28,24.4,19.52,-4.88,-9.76
-14.64,53.68,68.32,-19.52,-43.92,58.56,92.72,161.04,24.4,24.4,4.88,9.76
-9.76,53.68,63.44,-19.52,-39.04,58.56,92.72,161.04,34.16,34.16,0,-14.64
-14.64,39.04,53.68,-9.76,-34.16,43.92,92.72,165.92,48.8,43.92,14.64,-9.76
-24.4,39.04,63.44,-4.88,-43.92,48.8,102.48,170.8,53.68,63.44,14.64,-4.88
-14.64,43.92,58.56,-14.64,-39.04,48.8,102.48,180.56,58.56,68.32,24.4,4.88
-9.76,43.92,53.68,-14.64,-34.16,48.8,102.48,180.56,63.44,63.44,19.52,14.64
-4.88,58.56,63.44,-24.4,-34.16,58.56,97.6,180.56,58.56,63.44,24.4,29.28
0,63.44,63.44,-29.28,-34.16,63.44,102.48,185.44,53.68,63.44,29.28,19.52
-19.52,58.56,78.08,-19.52,-48.8,68.32,97.6,190.32,53.68,48.8,4.88,53.68
-29.28,63.44,92.72,-14.64,-63.44,78.08,102.48,195.2,58.56,58.56,9.76,78.08
-19.52,63.44,82.96,-19.52,-53.68,73.2,97.6,200.08,58.56,53.68,29.28,9.76
-4.88,58.56,63.44,-24.4,-34.16,58.56,102.48,204.96,68.32,68.32,19.52,34.16
0,53.68,53.68,-24.4,-29.28,53.68,102.48,214.72,82.96,78.08,53.68,34.16
9.76,43.92,34.16,-24.4,-14.64,39.04,102.48,214.72,87.84,87.84,48.8,24.4
14.64,58.56,43.92,-34.16,-14.64,48.8,102.48,219.6,92.72,87.84,34.16,58.56
4.88,63.44,58.56,-34.16,-29.28,58.56,112.24,224.48,107.36,102.48,29.28,78.08
-4.88,68.32,73.2,-29.28,-39.04,68.32,102.48,224.48,97.6,92.72,53.68,63.44
4.88,82.96,78.08,-43.92,-39.04,78.08,97.6,229.36,92.72,82.96,68.32,78.08
9.76,92.72,82.96,-48.8,-39.04,87.84,102.48,234.24,87.84,78.08,24.4,63.44
9.76,87.84,78.08,-48.8,-34.16,82.96,107.36,244,97.6,82.96,24.4,19.52
9.76,92.72,82.96,-48.8,-39.04,87.84,107.36,253.76,107.36,87.84,9.76,43.92
14.64,92.72,78.08,-53.68,-34.16,82.96,112.24,263.52,122,102.48,24.4,68.32
19.52,92.72,73.2,-53.68,-29.28,82.96,107.36,273.28,131.76,112.24,29.28,43.92
34.16,92.72,58.56,-63.44,-14.64,73.2,112.24,283.04,146.4,131.76,53.68,34.16
43.92,92.72,48.8,-68.32,-4.88,68.32,107.36,278.16,146.4,126.88,53.68,14.64
34.16,102.48,68.32,-68.32,-19.52,82.96,107.36,283.04,151.28,131.76,68.32,34.16
4.88,92.72,87.84,-48.8,-43.92,87.84,102.48,287.92,151.28,126.88,58.56,43.92
-4.88,78.08,82.96,-34.16,-43.92,78.08,97.6,287.92,151.28,122,53.68,63.44
-4.88,87.84,92.72,-39.04,-48.8,87.84,92.72,292.8,146.4,117.12,48.8,68.32
24.4,112.24,87.84,-68.32,-34.16,97.6,97.6,307.44,151.28,122,29.28,39.04
29.28,122,92.72,-73.2,-34.16,107.36,107.36,322.08,161.04,131.76,48.8,24.4
14.64,107.36,92.72,-58.56,-39.04,97.6,112.24,336.72,175.68,146.4,73.2,48.8
0,92.72,92.72,-43.92,-48.8,92.72,112.24,346.48,185.44,161.04,68.32,78.08
19.52,97.6,78.08,-58.56,-29.28,87.84,126.88,361.12,204.96,180.56,78.08,58.56
34.16,102.48,68.32,-68.32,-19.52,82.96,112.24,361.12,204.96,180.56,122,53.68
29.28,107.36,78.08,-68.32,-24.4,92.72,112.24,366,209.84,185.44,112.24,53.68
39.04,122,82.96,-78.08,-24.4,102.48,122,375.76,219.6,190.32,112.24,63.44
43.92,131.76,87.84,-87.84,-24.4,107.36,122,380.64,219.6,185.44,97.6,92.72
48.8,141.52,92.72,-92.72,-24.4,117.12,117.12,385.52,209.84,180.56,82.96,78.08
63.44,146.4,82.96,-102.48,-9.76,112.24,112.24,400.16,224.48,190.32,102.48,48.8
68.32,141.52,73.2,-102.48,-4.88,107.36,112.24,414.8,234.24,195.2,92.72,68.32
63.44,146.4,82.96,-102.48,-9.76,112.24,122,434.32,258.64,214.72,97.6,82.96
53.68,141.52,87.84,-97.6,-19.52,112.24,126.88,453.84,283.04,239.12,136.64,78.08
48.8,122,73.2,-82.96,-14.64,97.6,131.76,463.6,297.68,253.76,136.64,78.08
63.44,146.4,82.96,-102.48,-9.76,112.24,136.64,473.36,307.44,263.52,170.8,131.76
53.68,151.28,97.6,-102.48,-24.4,122,136.64,483.12,326.96,283.04,185.44,136.64
58.56,180.56,122,-117.12,-34.16,151.28,146.4,507.52,341.6,297.68,185.44,126.88
82.96,190.32,107.36,-136.64,-14.64,146.4,136.64,502.64,336.72,283.04,161.04,141.52
82.96,200.08,117.12,-141.52,-19.52,156.16,131.76,512.4,341.6,283.04,190.32,170.8
92.72,209.84,117.12,-151.28,-14.64,161.04,131.76,531.92,351.36,292.8,209.84,156.16
82.96,209.84,126.88,-146.4,-24.4,165.92,141.52,546.56,366,307.44,204.96,161.04
87.84,204.96,117.12,-146.4,-14.64,161.04,136.64,561.2,380.64,317.2,214.72,161.04
82.96,200.08,117.12,-141.52,-19.52,156.16,141.52,575.84,400.16,336.72,209.84,141.52
92.72,190.32,97.6,-141.52,-4.88,141.52,131.76,575.84,409.92,351.36,219.6,156.16
122,204.96,82.96,-161.04,19.52,141.52,126.88,580.72,419.68,361.12,229.36,200.08
126.88,224.48,97.6,-175.68,14.64,161.04,131.76,595.36,434.32,375.76,263.52,200.08
102.48,229.36,126.88,-165.92,-14.64,175.68,131.76,605.12,439.2,370.88,283.04,200.08
107.36,239.12,131.76,-170.8,-14.64,185.44,141.52,610,448.96,375.76,268.4,200.08
117.12,248.88,131.76,-180.56,-9.76,190.32,131.76,619.76,448.96,375.76,253.76,200.08
136.64,263.52,126.88,-200.08,4.88,195.2,131.76,629.52,458.72,385.52,268.4,190.32
136.64,273.28,136.64,-204.96,0,204.96,131.76,644.16,473.36,395.28,278.16,209.84
136.64,263.52,126.88,-200.08,4.88,195.2,126.88,644.16,483.12,405.04,268.4,200.08
156.16,268.4,112.24,-209.84,19.52,190.32,126.88,653.92,492.88,414.8,278.16,219.6
156.16,258.64,102.48,-204.96,24.4,180.56,122,658.8,502.64,424.56,287.92,219.6
161.04,253.76,92.72,-204.96,34.16,170.8,122,658.8,507.52,429.44,302.56,204.96
146.4,263.52,117.12,-204.96,14.64,190.32,136.64,673.44,531.92,458.72,317.2,244
131.76,273.28,141.52,-200.08,-4.88,204.96,126.88,673.44,527.04,453.84,322.08,263.52
156.16,278.16,122,-214.72,14.64,200.08,122,668.56,522.16,444.08,351.36,244
165.92,283.04,117.12,-224.48,24.4,200.08,112.24,668.56,512.4,439.2,307.44,224.48
165.92,283.04,117.12,-224.48,24.4,200.08,107.36,668.56,517.28,439.2,312.32,253.76
151.28,302.56,151.28,-224.48,0,224.48,117.12,688.08,536.8,453.84,336.72,224.48
146.4,302.56,156.16,-224.48,-4.88,229.36,112.24,683.2,546.56,468.48,341.6,234.24
175.68,302.56,126.88,-239.12,24.4,214.72,102.48,673.44,541.68,463.6,341.6,239.12
185.44,302.56,117.12,-244,34.16,209.84,107.36,678.32,556.32,483.12,341.6,253.76
161.04,283.04,122,-219.6,19.52,200.08,107.36,678.32,561.2,478.24,361.12,287.92
170.8,278.16,107.36,-224.48,29.28,190.32,107.36,668.56,561.2,483.12,370.88,273.28
180.56,283.04,102.48,-229.36,39.04,190.32,102.48,658.8,546.56,478.24,366,278.16
175.68,263.52,87.84,-219.6,43.92,175.68,97.6,644.16,536.8,468.48,385.52,263.52
180.56,273.28,92.72,-224.48,43.92,180.56,87.84,634.4,512.4,453.84,331.84,253.76
156.16,263.52,107.36,-209.84,24.4,185.44,82.96,619.76,507.52,444.08,317.2,239.12
151.28,283.04,131.76,-214.72,9.76,204.96,87.84,605.12,502.64,444.08,331.84,219.6
165.92,287.92,122,-224.48,19.52,204.96,82.96,590.48,497.76,439.2,326.96,214.72
175.68,268.4,92.72,-219.6,39.04,180.56,68.32,570.96,483.12,434.32,317.2,204.96
165.92,263.52,97.6,-214.72,34.16,180.56,73.2,556.32,483.12,434.32,322.08,224.48
141.52,263.52,122,-200.08,9.76,190.32,78.08,546.56,483.12,439.2,326.96,234.24
131.76,248.88,117.12,-190.32,4.88,180.56,82.96,531.92,473.36,424.56,351.36,224.48
136.64,239.12,102.48,-185.44,14.64,170.8,73.2,497.76,439.2,405.04,317.2,234.24
131.76,224.48,92.72,-175.68,19.52,156.16,68.32,478.24,414.8,385.52,283.04,224.48
122,219.6,97.6,-170.8,9.76,156.16,63.44,458.72,395.28,370.88,278.16,190.32
122,224.48,102.48,-170.8,9.76,161.04,58.56,429.44,370.88,351.36,312.32,200.08
102.48,219.6,117.12,-161.04,-9.76,165.92,53.68,409.92,356.24,331.84,239.12,195.2
92.72,204.96,112.24,-146.4,-9.76,156.16,53.68,385.52,341.6,322.08,214.72,141.52
92.72,204.96,112.24,-146.4,-9.76,156.16,48.8,361.12,322.08,307.44,219.6,175.68
78.08,175.68,97.6,-126.88,-9.76,136.64,53.68,341.6,317.2,302.56,209.84,180.56
82.96,175.68,92.72,-126.88,-4.88,131.76,53.68,322.08,297.68,292.8,204.96,136.64
92.72,161.04,68.32,-126.88,9.76,112.24,53.68,312.32,283.04,283.04,190.32,151.28
97.6,161.04,63.44,-126.88,14.64,112.24,53.68,287.92,263.52,263.52,180.56,161.04
92.72,151.28,58.56,-122,14.64,102.48,43.92,263.52,234.24,239.12,190.32,131.76
68.32,146.4,78.08,-107.36,-4.88,112.24,43.92,244,219.6,219.6,156.16,126.88
43.92,136.64,92.72,-87.84,-24.4,112.24,43.92,224.48,200.08,200.08,141.52,92.72
29.28,126.88,97.6,-78.08,-34.16,112.24,39.04,209.84,180.56,185.44,107.36,151.28
34.16,107.36,73.2,-68.32,-19.52,87.84,34.16,185.44,165.92,170.8,117.12,136.64
19.52,92.72,73.2,-53.68,-29.28,82.96,24.4,175.68,156.16,165.92,151.28,92.72
29.28,82.96,53.68,-53.68,-14.64,68.32,29.28,156.16,151.28,161.04,117.12,92.72
34.16,78.08,43.92,-53.68,-4.88,58.56,29.28,146.4,141.52,146.4,112.24,102.48
39.04,78.08,39.04,-58.56,0,58.56,34.16,141.52,126.88,136.64,82.96,68.32
14.64,73.2,58.56,-43.92,-24.4,63.44,34.16,126.88,117.12,122,68.32,73.2
4.88,63.44,58.56,-34.16,-29.28,58.56,39.04,122,102.48,112.24,73.2,63.44
4.88,68.32,63.44,-34.16,-29.28,63.44,39.04,117.12,92.72,97.6,58.56,58.56
9.76,68.32,58.56,-39.04,-24.4,63.44,24.4,97.6,73.2,73.2,34.16,39.04
4.88,73.2,68.32,-39.04,-34.16,68.32,24.4,87.84,68.32,68.32,34.16,24.4
-29.28,48.8,78.08,-9.76,-53.68,63.44,14.64,73.2,58.56,53.68,34.16,9.76
-14.64,58.56,73.2,-19.52,-43.92,63.44,24.4,78.08,58.56,63.44,39.04,24.4
0,68.32,68.32,-34.16,-34.16,68.32,34.16,78.08,73.2,73.2,19.52,34.16
-14.64,39.04,53.68,-9.76,-34.16,43.92,29.28,68.32,68.32,68.32,39.04,19.52
-4.88,29.28,34.16,-9.76,-19.52,29.28,34.16,68.32,63.44,63.44,58.56,19.52
4.88,29.28,24.4,-14.64,-9.76,24.4,29.28,53.68,48.8,53.68,14.64,0
-9.76,19.52,29.28,-4.88,-19.52,24.4,29.28,58.56,43.92,53.68,4.88,43.92
-9.76,29.28,39.04,-9.76,-24.4,34.16,29.28,53.68,39.04,39.04,-4.88,53.68
4.88,34.16,29.28,-19.52,-14.64,29.28,24.4,39.04,24.4,29.28,19.52,63.44
-9.76,34.16,43.92,-9.76,-29.28,39.04,24.4,43.92,24.4,34.16,24.4,43.92
-29.28,29.28,58.56,0,-43.92,43.92,29.28,48.8,34.16,39.04,4.88,29.28
-34.16,29.28,63.44,4.88,-48.8,43.92,24.4,39.04,29.28,39.04,-14.64,4.88
-9.76,24.4,34.16,-4.88,-24.4,29.28,24.4,39.04,34.16,39.04,-9.76,0
-4.88,19.52,24.4,-4.88,-14.64,19.52,24.4,34.16,34.16,39.04,14.64,-14.64
-19.52,0,19.52,9.76,-19.52,9.76,19.52,34.16,29.28,29.28,9.76,-24.4
-24.4,4.88,29.28,9.76,-29.28,14.64,24.4,34.16,29.28,29.28,-19.52,-24.4
-29.28,-4.88,24.4,19.52,-29.28,9.76,24.4,34.16,24.4,29.28,-9.76,-4.88
-9.76,9.76,19.52,0,-14.64,14.64,19.52,34.16,19.52,19.52,-4.88,39.04
-14.64,19.52,34.16,0,-24.4,24.4,19.52,29.28,14.64,9.76,-4.88,-4.88
-43.92,29.28,73.2,9.76,-58.56,48.8,24.4,39.04,24.4,19.52,-24.4,14.64
-34.16,34.16,68.32,0,-53.68,48.8,19.52,34.16,19.52,14.64,-14.64,4.88
-19.52,34.16,53.68,-4.88,-39.04,43.92,14.64,29.28,19.52,14.64,-24.4,-4.88
-9.76,19.52,29.28,-4.88,-19.52,24.4,9.76,24.4,19.52,14.64,-39.04,-24.4
0,24.4,24.4,-9.76,-14.64,24.4,19.52,29.28,24.4,19.52,-24.4,-24.4
-48.8,-14.64,34.16,34.16,-43.92,9.76,29.28,39.04,34.16,29.28,4.88,14.64
-73.2,-14.64,58.56,43.92,-68.32,19.52,39.04,48.8,43.92,39.04,9.76,19.52
-19.52,-9.76,9.76,14.64,-14.64,0,24.4,34.16,34.16,24.4,0,14.64
-48.8,-4.88,43.92,29.28,-48.8,19.52,24.4,39.04,24.4,19.52,-29.28,29.28
-19.52,4.88,24.4,9.76,-24.4,14.64,29.28,39.04,29.28,19.52,-14.64,29.28
-14.64,19.52,34.16,0,-24.4,24.4,19.52,34.16,29.28,14.64,-14.64,-4.88
-24.4,19.52,43.92,4.88,-34.16,29.28,19.52,34.16,29.28,4.88,-4.88,-9.76
-19.52,34.16,53.68,-4.88,-39.04,43.92,14.64,29.28,24.4,4.88,-19.52,-24.4
-19.52,24.4,43.92,0,-34.16,34.16,24.4,39.04,43.92,14.64,-24.4,24.4
-19.52,14.64,34.16,4.88,-29.28,24.4,34.16,53.68,58.56,29.28,-14.64,53.68
-24.4,4.88,29.28,9.76,-29.28,14.64,39.04,53.68,63.44,29.28,-24.4,14.64
-29.28,-4.88,24.4,19.52,-29.28,9.76,34.16,48.8,58.56,29.28,-24.4,-4.88
-14.64,0,14.64,9.76,-14.64,4.88,34.16,53.68,68.32,29.28,-9.76,-4.88
-29.28,-4.88,24.4,19.52,-29.28,9.76,29.28,48.8,53.68,19.52,-29.28,-4.88
-24.4,0,24.4,14.64,-24.4,9.76,19.52,48.8,48.8,9.76,-48.8,-4.88
-9.76,34.16,43.92,-9.76,-29.28,39.04,24.4,48.8,58.56,19.52,-43.92,-29.28
-9.76,29.28,39.04,-9.76,-24.4,34.16,19.52,43.92,58.56,14.64,-29.28,-43.92
-24.4,29.28,53.68,0,-39.04,39.04,29.28,53.68,68.32,29.28,-43.92,-24.4
-34.16,19.52,53.68,9.76,-43.92,34.16,43.92,68.32,92.72,48.8,-29.28,14.64
-29.28,14.64,43.92,9.76,-39.04,29.28,39.04,58.56,87.84,43.92,-29.28,19.52
-14.64,4.88,19.52,4.88,-19.52,9.76,39.04,53.68,87.84,39.04,-34.16,9.76
-29.28,4.88,34.16,14.64,-34.16,19.52,43.92,58.56,87.84,43.92,-19.52,34.16
-34.16,-4.88,29.28,19.52,-34.16,9.76,39.04,53.68,87.84,29.28,-14.64,19.52
-24.4,19.52,43.92,4.88,-34.16,29.28,39.04,53.68,82.96,24.4,-9.76,0
-24.4,9.76,34.16,9.76,-29.28,19.52,34.16,58.56,73.2,19.52,-24.4,-24.4
-24.4,24.4,48.8,0,-39.04,34.16,24.4,48.8,68.32,14.64,-24.4,-53.68
-14.64,24.4,39.04,-4.88,-29.28,29.28,34.16,58.56,78.08,29.28,-4.88,-14.64
-19.52,24.4,43.92,0,-34.16,34.16,34.16,58.56,78.08,29.28,-14.64,-19.52
-24.4,14.64,39.04,4.88,-34.16,24.4,43.92,68.32,97.6,48.8,19.52,-14.64
-24.4,9.76,34.16,9.76,-29.28,19.52,43.92,68.32,97.6,48.8,29.28,19.52
-24.4,-4.88,19.52,14.64,-24.4,4.88,48.8,73.2,92.72,53.68,4.88,-9.76
-19.52,0,19.52,9.76,-19.52,9.76,43.92,68.32,87.84,53.68,4.88,0
-19.52,-9.76,9.76,14.64,-14.64,0,39.04,73.2,87.84,43.92,9.76,24.4
0,9.76,9.76,-4.88,-4.88,9.76,29.28,63.44,78.08,29.28,9.76,14.64
0,4.88,4.88,0,-4.88,4.88,29.28,58.56,73.2,24.4,0,0
-14.64,14.64,29.28,0,-24.4,19.52,19.52,53.68,68.32,24.4,4.88,14.64
-34.16,19.52,53.68,9.76,-43.92,34.16,34.16,73.2,78.08,43.92,14.64,58.56
-29.28,19.52,48.8,4.88,-39.04,34.16,34.16,68.32,78.08,43.92,14.64,34.16
-19.52,9.76,29.28,4.88,-24.4,19.52,39.04,73.2,92.72,53.68,53.68,14.64
-24.4,4.88,29.28,9.76,-29.28,14.64,39.04,73.2,92.72,48.8,73.2,34.16
-34.16,-14.64,19.52,24.4,-29.28,0,43.92,78.08,97.6,58.56,58.56,34.16
-29.28,-4.88,24.4,19.52,-29.28,9.76,48.8,78.08,102.48,63.44,29.28,4.88
-14.64,-4.88,9.76,9.76,-14.64,0,43.92,82.96,102.48,58.56,43.92,19.52
-19.52,4.88,24.4,9.76,-24.4,14.64,39.04,78.08,92.72,48.8,34.16,34.16
-14.64,14.64,29.28,0,-24.4,19.52,34.16,68.32,82.96,43.92,24.4,24.4
-19.52,19.52,39.04,0,-29.28,29.28,34.16,73.2,82.96,39.04,29.28,0
-34.16,14.64,48.8,9.76,-43.92,29.28,29.28,63.44,78.08,29.28,19.52,-29.28
-14.64,29.28,43.92,-4.88,-29.28,34.16,34.16,68.32,82.96,43.92,14.64,-14.64
-14.64,24.4,39.04,-4.88,-29.28,29.28,39.04,73.2,92.72,53.68,73.2,34.16
-14.64,14.64,29.28,0,-24.4,19.52,39.04,78.08,97.6,58.56,73.2,14.64
-14.64,0,14.64,9.76,-14.64,4.88,34.16,73.2,87.84,53.68,34.16,-4.88
-4.88,-4.88,0,4.88,-4.88,-4.88,34.16,78.08,92.72,48.8,53.68,14.64
-14.64,4.88,19.52,4.88,-19.52,9.76,39.04,78.08,102.48,53.68,48.8,29.28
-9.76,29.28,39.04,-9.76,-24.4,34.16,29.28,73.2,87.84,39.04,24.4,29.28
-14.64,19.52,34.16,0,-24.4,24.4,19.52,63.44,82.96,39.04,53.68,43.92
-19.52,24.4,43.92,0,-34.16,34.16,24.4,63.44,82.96,39.04,63.44,19.52
-14.64,24.4,39.04,-4.88,-29.28,29.28,24.4,63.44,82.96,39.04,58.56,14.64
-9.76,24.4,34.16,-4.88,-24.4,29.28,24.4,68.32,92.72,43.92,34.16,-9.76
-14.64,9.76,24.4,4.88,-19.52,14.64,29.28,68.32,92.72,53.68,34.16,-9.76
-14.64,-4.88,9.76,9.76,-14.64,0,29.28,68.32,92.72,48.8,78.08,19.52
9.76,-9.76,-19.52,0,14.64,-14.64,29.28,68.32,92.72,48.8,43.92,14.64
34.16,-4.88,-39.04,-14.64,34.16,-24.4,24.4,58.56,87.84,39.04,39.04,0
9.76,-4.88,-14.64,0,9.76,-9.76,29.28,58.56,87.84,39.04,34.16,-4.88
-14.64,4.88,19.52,4.88,-19.52,9.76,34.16,68.32,92.72,39.04,29.28,4.88
-39.04,0,39.04,19.52,-39.04,19.52,39.04,68.32,92.72,39.04,24.4,9.76
-29.28,4.88,34.16,14.64,-34.16,19.52,39.04,73.2,97.6,43.92,58.56,14.64
-24.4,0,24.4,14.64,-24.4,9.76,34.16,63.44,92.72,39.04,43.92,4.88
-29.28,-19.52,9.76,24.4,-19.52,-4.88,29.28,53.68,87.84,29.28,24.4,9.76
-19.52,-24.4,-4.88,24.4,-9.76,-14.64,39.04,68.32,102.48,43.92,53.68,29.28
-14.64,-24.4,-9.76,19.52,-4.88,-19.52,29.28,63.44,102.48,39.04,43.92,9.76
0,-24.4,-24.4,14.64,9.76,-24.4,24.4,53.68,97.6,34.16,29.28,24.4
-4.88,-19.52,-14.64,14.64,4.88,-19.52,24.4,53.68,97.6,29.28,48.8,43.92
-19.52,-9.76,9.76,14.64,-14.64,0,14.64,43.92,82.96,19.52,34.16,0
4.88,4.88,0,-4.88,0,0,4.88,39.04,78.08,9.76,14.64,4.88
0,-4.88,-4.88,4.88,0,-4.88,4.88,34.16,78.08,14.64,34.16,0
-34.16,-14.64,19.52,24.4,-29.28,0,9.76,39.04,78.08,14.64,39.04,14.64
-9.76,19.52,29.28,-4.88,-19.52,24.4,19.52,48.8,87.84,24.4,14.64,48.8
4.88,19.52,14.64,-9.76,-4.88,14.64,24.4,53.68,92.72,29.28,34.16,24.4
-9.76,-4.88,4.88,9.76,-9.76,0,24.4,48.8,92.72,29.28,43.92,0
-19.52,-9.76,9.76,14.64,-14.64,0,29.28,48.8,97.6,29.28,63.44,9.76
-14.64,-19.52,-4.88,19.52,-4.88,-14.64,19.52,43.92,92.72,24.4,73.2,29.28
-9.76,-19.52,-9.76,14.64,0,-14.64,19.52,39.04,87.84,14.64,43.92,9.76
-14.64,-19.52,-4.88,19.52,-4.88,-14.64,9.76,29.28,78.08,4.88,14.64,9.76
0,-4.88,-4.88,4.88,0,-4.88,14.64,29.28,73.2,4.88,-9.76,0
9.76,0,-9.76,-4.88,9.76,-4.88,9.76,29.28,68.32,4.88,-14.64,9.76
4.88,-4.88,-9.76,0,4.88,-9.76,14.64,29.28,68.32,4.88,0,19.52
-4.88,-14.64,-9.76,9.76,0,-14.64,14.64,34.16,68.32,9.76,48.8,0
-4.88,-14.64,-9.76,9.76,0,-14.64,14.64,34.16,73.2,19.52,58.56,-4.88
0,-29.28,-29.28,14.64,14.64,-29.28,9.76,24.4,68.32,19.52,4.88,-29.28
-9.76,-29.28,-19.52,19.52,4.88,-24.4,9.76,29.28,68.32,19.52,24.4,-9.76
-14.64,-29.28,-14.64,24.4,0,-24.4,14.64,29.28,68.32,19.52,43.92,29.28
-14.64,-39.04,-24.4,29.28,4.88,-34.16,4.88,14.64,53.68,4.88,34.16,29.28
-9.76,-24.4,-14.64,19.52,0,-19.52,9.76,19.52,53.68,4.88,19.52,9.76
-4.88,-14.64,-9.76,9.76,0,-14.64,4.88,14.64,39.04,-4.88,24.4,4.88
-4.88,-14.64,-9.76,9.76,0,-14.64,0,4.88,34.16,-4.88,-19.52,-29.28
-4.88,-4.88,0,4.88,-4.88,-4.88,-4.88,4.88,29.28,-19.52,-29.28,-39.04
-14.64,-14.64,0,14.64,-9.76,-9.76,9.76,19.52,39.04,-4.88,-14.64,-14.64
-14.64,-14.64,0,14.64,-9.76,-9.76,9.76,19.52,43.92,4.88,19.52,4.88
-14.64,-14.64,0,14.64,-9.76,-9.76,19.52,19.52,48.8,14.64,-4.88,0
-14.64,-39.04,-24.4,29.28,4.88,-34.16,9.76,9.76,48.8,4.88,-4.88,-4.88
-19.52,-53.68,-34.16,39.04,4.88,-43.92,19.52,19.52,48.8,9.76,4.88,-9.76
-19.52,-48.8,-29.28,34.16,4.88,-39.04,9.76,9.76,43.92,0,-34.16,19.52
-14.64,-39.04,-24.4,29.28,4.88,-34.16,14.64,14.64,43.92,0,-19.52,34.16
-19.52,-29.28,-9.76,24.4,-4.88,-19.52,4.88,9.76,34.16,0,-9.76,-24.4
-19.52,-43.92,-24.4,34.16,0,-34.16,-4.88,0,29.28,-9.76,-24.4,4.88
-9.76,-34.16,-24.4,24.4,4.88,-29.28,-4.88,4.88,24.4,-14.64,-9.76,19.52
-14.64,-34.16,-19.52,24.4,0,-29.28,-4.88,4.88,24.4,-14.64,-19.52,-24.4
-19.52,-29.28,-9.76,24.4,-4.88,-19.52,0,9.76,34.16,4.88,-29.28,-34.16
-14.64,-29.28,-14.64,24.4,0,-24.4,14.64,14.64,43.92,9.76,-14.64,-14.64
-9.76,-39.04,-29.28,24.4,9.76,-34.16,4.88,4.88,34.16,0,-24.4,-14.64
0,-39.04,-39.04,19.52,19.52,-39.04,9.76,4.88,39.04,4.88,-9.76,14.64
0,-34.16,-34.16,19.52,14.64,-34.16,14.64,4.88,39.04,4.88,-14.64,34.16
-14.64,-43.92,-29.28,29.28,4.88,-39.04,14.64,9.76,39.04,0,-9.76,19.52
-9.76,-24.4,-14.64,19.52,0,-19.52,4.88,4.88,24.4,-4.88,-24.4,-14.64
-9.76,-34.16,-24.4,24.4,4.88,-29.28,4.88,9.76,24.4,-9.76,-53.68,0
-29.28,-34.16,-4.88,34.16,-14.64,-19.52,9.76,9.76,24.4,-14.64,-43.92,-19.52
-9.76,-34.16,-24.4,24.4,4.88,-29.28,9.76,9.76,24.4,-4.88,-24.4,-39.04
0,-34.16,-34.16,19.52,14.64,-34.16,9.76,4.88,24.4,-4.88,-53.68,-19.52
-4.88,-34.16,-29.28,19.52,9.76,-34.16,14.64,14.64,39.04,4.88,-19.52,0
-14.64,-43.92,-29.28,29.28,4.88,-39.04,9.76,9.76,34.16,0,-14.64,19.52
-19.52,-58.56,-39.04,39.04,9.76,-48.8,4.88,4.88,29.28,0,4.88,14.64
-4.88,-43.92,-39.04,24.4,14.64,-43.92,9.76,9.76,34.16,-4.88,19.52,9.76
0,-39.04,-39.04,19.52,19.52,-39.04,4.88,9.76,29.28,-14.64,4.88,-24.4
14.64,-34.16,-48.8,9.76,29.28,-43.92,-9.76,0,14.64,-24.4,-34.16,-4.88
29.28,-29.28,-58.56,0,43.92,-43.92,-19.52,-9.76,9.76,-29.28,-39.04,-19.52
-14.64,-24.4,-9.76,19.52,-4.88,-19.52,-4.88,0,14.64,-24.4,-4.88,14.64
-29.28,-29.28,0,29.28,-14.64,-14.64,4.88,9.76,24.4,-4.88,0,0
-9.76,-34.16,-24.4,24.4,4.88,-29.28,0,0,24.4,-9.76,19.52,-29.28
-34.16,-53.68,-19.52,43.92,-9.76,-39.04,4.88,4.88,34.16,0,-9.76,-4.88
-29.28,-58.56,-29.28,43.92,0,-43.92,0,9.76,34.16,-4.88,-14.64,-19.52
-14.64,-53.68,-39.04,34.16,9.76,-48.8,-4.88,0,29.28,-4.88,-29.28,19.52
-4.88,-39.04,-34.16,24.4,14.64,-39.04,-4.88,4.88,34.16,0,0,-14.64
-4.88,-34.16,-29.28,19.52,9.76,-34.16,-9.76,4.88,34.16,-4.88,68.32,-34.16
-14.64,-39.04,-24.4,29.28,4.88,-34.16,-14.64,0,29.28,-9.76,19.52,-34.16
-4.88,-29.28,-24.4,19.52,9.76,-29.28,-9.76,0,24.4,-9.76,-29.28,-48.8
0,-24.4,-24.4,14.64,9.76,-24.4,-14.64,-4.88,19.52,-24.4,-39.04,-48.8
-9.76,-34.16,-24.4,24.4,4.88,-29.28,-14.64,-4.88,24.4,-14.64,-19.52,-34.16
-14.64,-29.28,-14.64,24.4,0,-24.4,-9.76,0,29.28,-4.88,9.76,-19.52
-9.76,-39.04,-29.28,24.4,9.76,-34.16,-9.76,-4.88,34.16,-4.88,0,-14.64
0,-53.68,-53.68,29.28,24.4,-53.68,-9.76,0,34.16,-4.88,-24.4,-43.92
-14.64,-58.56,-43.92,39.04,14.64,-53.68,4.88,4.88,39.04,4.88,0,4.88
-34.16,-68.32,-34.16,53.68,0,-53.68,9.76,9.76,43.92,9.76,4.88,-14.64
-24.4,-58.56,-34.16,43.92,4.88,-48.8,0,4.88,34.16,0,14.64,-14.64
-14.64,-48.8,-34.16,34.16,9.76,-43.92,0,4.88,29.28,0,14.64,-14.64
-14.64,-43.92,-29.28,29.28,4.88,-39.04,-4.88,0,29.28,0,-4.88,0
-4.88,-29.28,-24.4,19.52,9.76,-29.28,-9.76,0,29.28,-4.88,-9.76,-34.16
-14.64,-29.28,-14.64,24.4,0,-24.4,-4.88,4.88,34.16,0,-14.64,-4.88
-19.52,-29.28,-9.76,24.4,-4.88,-19.52,-4.88,4.88,29.28,0,-29.28,4.88
-14.64,-34.16,-19.52,24.4,0,-29.28,-9.76,0,29.28,-4.88,-19.52,-19.52
-24.4,-53.68,-29.28,39.04,0,-43.92,-9.76,-4.88,24.4,-4.88,-9.76,-48.8
-19.52,-58.56,-39.04,39.04,9.76,-48.8,-4.88,0,34.16,4.88,-14.64,0
-14.64,-48.8,-34.16,34.16,9.76,-43.92,-14.64,0,34.16,0,14.64,-14.64
-9.76,-48.8,-39.04,29.28,14.64,-43.92,-9.76,9.76,39.04,0,4.88,-34.16
-9.76,-34.16,-24.4,24.4,4.88,-29.28,-14.64,9.76,34.16,4.88,0,-24.4
-19.52,-34.16,-14.64,29.28,-4.88,-24.4,-24.4,-4.88,19.52,-9.76,-24.4,-48.8
-24.4,-34.16,-9.76,29.28,-9.76,-24.4,-29.28,-9.76,9.76,-19.52,-39.04,-24.4
-14.64,-24.4,-9.76,19.52,-4.88,-19.52,-19.52,-4.88,14.64,-9.76,-14.64,24.4
-19.52,-29.28,-9.76,24.4,-4.88,-19.52,-19.52,-9.76,14.64,-9.76,-34.16,-19.52
-9.76,-29.28,-19.52,19.52,4.88,-24.4,-19.52,-4.88,19.52,-9.76,-39.04,-53.68
-14.64,-43.92,-29.28,29.28,4.88,-39.04,-24.4,-4.88,19.52,-9.76,-43.92,-43.92
-14.64,-58.56,-43.92,39.04,14.64,-53.68,-14.64,0,19.52,-4.88,-34.16,-29.28
-14.64,-53.68,-39.04,34.16,9.76,-48.8,-9.76,-4.88,24.4,-9.76,0,4.88
-14.64,-63.44,-48.8,39.04,14.64,-58.56,-14.64,0,19.52,-9.76,-14.64,24.4
-24.4,-63.44,-39.04,43.92,4.88,-53.68,-19.52,-9.76,9.76,-14.64,-19.52,19.52
-19.52,-48.8,-29.28,34.16,4.88,-39.04,-14.64,-4.88,9.76,-14.64,9.76,19.52
-14.64,-34.16,-19.52,24.4,0,-29.28,-19.52,-4.88,9.76,-19.52,0,-9.76
-9.76,-24.4,-14.64,19.52,0,-19.52,-29.28,-4.88,4.88,-14.64,-39.04,-39.04
0,-24.4,-24.4,14.64,9.76,-24.4,-34.16,-9.76,4.88,-14.64,-39.04,-48.8
19.52,-29.28,-48.8,4.88,34.16,-39.04,-29.28,-9.76,9.76,-14.64,-48.8,-43.92
14.64,-34.16,-48.8,9.76,29.28,-43.92,-29.28,-9.76,9.76,-9.76,-29.28,24.4
-34.16,-58.56,-24.4,48.8,-4.88,-43.92,-19.52,0,19.52,0,19.52,9.76
-24.4,-43.92,-19.52,34.16,-4.88,-34.16,-9.76,4.88,24.4,0,29.28,-24.4
-14.64,-43.92,-29.28,29.28,4.88,-39.04,-9.76,4.88,24.4,0,34.16,-19.52
-19.52,-48.8,-29.28,34.16,4.88,-39.04,-24.4,-4.88,9.76,-14.64,-34.16,-34.16
-14.64,-34.16,-19.52,24.4,0,-29.28,-24.4,-4.88,9.76,-9.76,4.88,-19.52
-29.28,-29.28,0,29.28,-14.64,-14.64,-24.4,0,4.88,-14.64,9.76,-9.76
-14.64,-14.64,0,14.64,-9.76,-9.76,-24.4,4.88,4.88,-9.76,-34.16,-24.4
-9.76,-4.88,4.88,9.76,-9.76,0,-19.52,0,9.76,-9.76,-14.64,-24.4
-4.88,-24.4,-19.52,14.64,4.88,-24.4,-19.52,-4.88,9.76,-9.76,-24.4,9.76
-4.88,-29.28,-24.4,19.52,9.76,-29.28,-19.52,-4.88,9.76,-9.76,-14.64,43.92
9.76,-24.4,-34.16,9.76,19.52,-29.28,-19.52,0,9.76,-9.76,-14.64,-4.88
24.4,-29.28,-53.68,4.88,39.04,-43.92,-24.4,-9.76,0,-19.52,-19.52,-14.64
-9.76,-43.92,-34.16,29.28,9.76,-39.04,-24.4,-4.88,0,-19.52,-9.76,4.88
-19.52,-34.16,-14.64,29.28,-4.88,-24.4,-29.28,-4.88,-4.88,-24.4,-24.4,48.8
-19.52,-9.76,9.76,14.64,-14.64,0,-14.64,0,4.88,-14.64,-24.4,19.52
-14.64,0,14.64,9.76,-14.64,4.88,-14.64,-4.88,9.76,-14.64,-24.4,19.52
-19.52,-4.88,14.64,14.64,-19.52,4.88,-4.88,0,9.76,-9.76,-14.64,-4.88
0,-4.88,-4.88,4.88,0,-4.88,-19.52,-4.88,4.88,-14.64,-19.52,-4.88
0,-19.52,-19.52,9.76,9.76,-19.52,-14.64,-4.88,14.64,-4.88,-24.4,19.52
0,-19.52,-19.52,9.76,9.76,-19.52,-9.76,4.88,14.64,-4.88,0,-24.4
4.88,-19.52,-24.4,9.76,14.64,-24.4,-4.88,9.76,14.64,-4.88,19.52,-29.28
9.76,-19.52,-29.28,4.88,19.52,-24.4,-14.64,0,4.88,-19.52,-4.88,-14.64
0,-19.52,-19.52,9.76,9.76,-19.52,-14.64,4.88,4.88,-9.76,19.52,9.76
-9.76,0,9.76,4.88,-9.76,4.88,-14.64,4.88,0,-14.64,-9.76,-34.16
4.88,4.88,0,-4.88,0,0,-24.4,-9.76,-4.88,-19.52,-14.64,-34.16
0,-4.88,-4.88,4.88,0,-4.88,-19.52,-4.88,-4.88,-19.52,-14.64,-9.76
4.88,-4.88,-9.76,0,4.88,-9.76,-14.64,0,-4.88,-14.64,-14.64,-14.64
4.88,-14.64,-19.52,4.88,9.76,-19.52,-24.4,-4.88,-4.88,-19.52,-14.64,-29.28
-4.88,-24.4,-19.52,14.64,4.88,-24.4,-14.64,0,9.76,0,0,-19.52
-14.64,-29.28,-14.64,24.4,0,-24.4,-9.76,0,9.76,0,19.52,-19.52
-9.76,-19.52,-9.76,14.64,0,-14.64,-4.88,9.76,14.64,9.76,29.28,-9.76
0,-9.76,-9.76,4.88,4.88,-9.76,4.88,14.64,14.64,9.76,9.76,14.64
9.76,-19.52,-29.28,4.88,19.52,-24.4,0,4.88,4.88,0,-4.88,-14.64
14.64,-4.88,-19.52,-4.88,14.64,-14.64,-9.76,4.88,-4.88,-9.76,-29.28,-4.88
0,-4.88,-4.88,4.88,0,-4.88,-9.76,4.88,-4.88,-9.76,4.88,-29.28
-9.76,4.88,14.64,4.88,-14.64,9.76,-4.88,9.76,0,-9.76,14.64,0
9.76,19.52,9.76,-14.64,0,14.64,0,9.76,4.88,-4.88,4.88,14.64
14.64,19.52,4.88,-14.64,4.88,9.76,-4.88,4.88,0,-14.64,-14.64,-34.16
-9.76,14.64,24.4,0,-19.52,19.52,9.76,14.64,14.64,-4.88,9.76,-43.92
4.88,19.52,14.64,-9.76,-4.88,14.64,19.52,29.28,24.4,4.88,4.88,-29.28
9.76,24.4,14.64,-14.64,-4.88,19.52,24.4,29.28,29.28,9.76,19.52,-9.76
19.52,34.16,14.64,-24.4,0,24.4,29.28,39.04,39.04,14.64,29.28,4.88
19.52,39.04,19.52,-29.28,0,29.28,39.04,48.8,48.8,29.28,24.4,4.88
24.4,53.68,29.28,-39.04,-4.88,39.04,39.04,48.8,43.92,19.52,19.52,24.4
43.92,78.08,34.16,-58.56,4.88,53.68,43.92,48.8,43.92,19.52,19.52,9.76
68.32,82.96,14.64,-73.2,24.4,48.8,34.16,48.8,43.92,14.64,29.28,34.16
58.56,87.84,29.28,-73.2,14.64,58.56,39.04,58.56,43.92,24.4,39.04,14.64
29.28,97.6,68.32,-63.44,-19.52,82.96,58.56,68.32,73.2,43.92,43.92,19.52
9.76,73.2,63.44,-39.04,-29.28,68.32,63.44,68.32,68.32,39.04,97.6,29.28
19.52,73.2,53.68,-43.92,-19.52,63.44,58.56,63.44,63.44,39.04,82.96,39.04
34.16,73.2,39.04,-53.68,-4.88,53.68,63.44,68.32,68.32,48.8,43.92,34.16
48.8,78.08,29.28,-63.44,9.76,53.68,58.56,68.32,73.2,43.92,53.68,43.92
53.68,102.48,48.8,-78.08,0,73.2,68.32,78.08,82.96,58.56,63.44,58.56
48.8,107.36,58.56,-78.08,-4.88,82.96,63.44,87.84,82.96,53.68,48.8,19.52
48.8,107.36,58.56,-78.08,-4.88,82.96,63.44,82.96,82.96,53.68,39.04,34.16
53.68,117.12,63.44,-82.96,-4.88,87.84,58.56,87.84,82.96,53.68,73.2,63.44
58.56,107.36,48.8,-82.96,4.88,78.08,48.8,82.96,78.08,53.68,68.32,34.16
82.96,126.88,43.92,-102.48,19.52,82.96,63.44,82.96,87.84,58.56,63.44,34.16
73.2,117.12,43.92,-92.72,14.64,78.08,58.56,97.6,97.6,73.2,73.2,48.8
68.32,107.36,39.04,-87.84,14.64,73.2,39.04,87.84,87.84,68.32,82.96,63.44
87.84,102.48,14.64,-92.72,34.16,58.56,24.4,82.96,92.72,73.2,73.2,34.16
97.6,97.6,0,-97.6,48.8,48.8,9.76,73.2,87.84,63.44,97.6,68.32
87.84,97.6,9.76,-92.72,39.04,53.68,9.76,68.32,82.96,63.44,87.84,87.84
68.32,107.36,39.04,-87.84,14.64,73.2,0,68.32,78.08,63.44,58.56,92.72
63.44,112.24,48.8,-87.84,4.88,78.08,0,68.32,87.84,68.32,63.44,43.92
82.96,141.52,58.56,-112.24,9.76,97.6,0,73.2,92.72,73.2,73.2,48.8
82.96,146.4,63.44,-112.24,9.76,102.48,-4.88,68.32,87.84,73.2,82.96,92.72
87.84,126.88,39.04,-107.36,24.4,82.96,-9.76,53.68,73.2,58.56,63.44,82.96
102.48,112.24,9.76,-107.36,43.92,58.56,-14.64,53.68,73.2,58.56,58.56,53.68
92.72,97.6,4.88,-92.72,43.92,48.8,-19.52,39.04,58.56,48.8,63.44,24.4
92.72,82.96,-9.76,-87.84,48.8,34.16,-24.4,34.16,53.68,48.8,53.68,34.16
92.72,78.08,-14.64,-82.96,53.68,29.28,-9.76,39.04,63.44,58.56,97.6,68.32
87.84,68.32,-19.52,-78.08,53.68,24.4,-4.88,43.92,63.44,58.56,117.12,48.8
82.96,73.2,-9.76,-78.08,43.92,29.28,-4.88,48.8,58.56,53.68,97.6,39.04
82.96,73.2,-9.76,-78.08,43.92,29.28,-4.88,39.04,58.56,48.8,97.6,39.04
73.2,87.84,14.64,-78.08,29.28,48.8,-9.76,34.16,53.68,39.04,92.72,29.28
58.56,82.96,24.4,-68.32,14.64,53.68,-4.88,43.92,58.56,48.8,63.44,68.32
48.8,78.08,29.28,-63.44,9.76,53.68,-9.76,29.28,48.8,39.04,53.68,43.92
53.68,63.44,9.76,-58.56,19.52,34.16,-14.64,24.4,48.8,39.04,39.04,34.16
63.44,68.32,4.88,-63.44,29.28,34.16,-9.76,19.52,43.92,39.04,53.68,9.76
39.04,43.92,4.88,-39.04,14.64,24.4,0,19.52,48.8,39.04,58.56,39.04
29.28,34.16,4.88,-29.28,9.76,19.52,0,14.64,39.04,29.28,29.28,34.16
29.28,29.28,0,-29.28,14.64,14.64,0,9.76,29.28,19.52,34.16,24.4
