I,II,III,aVR,aVL,aVF,V1,V2,V3,V4,V5,V6
-102.48,-53.68,48.8,78.08,-78.08,-4.88,78.08,68.32,-102.48,-82.96,4.88,-156.16
-92.72,-43.92,48.8,68.32,-73.2,0,78.08,68.32,-102.48,-82.96,0,-156.16
-68.32,-39.04,29.28,53.68,-48.8,-4.88,68.32,63.44,-112.24,-82.96,0,-156.16
-39.04,-29.28,9.76,34.16,-24.4,-9.76,58.56,48.8,-122,-78.08,-4.88,-165.92
-14.64,-43.92,-29.28,29.28,4.88,-39.04,48.8,43.92,-122,-73.2,9.76,-161.04
-4.88,-53.68,-48.8,29.28,19.52,-53.68,43.92,48.8,-117.12,-73.2,9.76,-151.28
-19.52,-68.32,-48.8,43.92,14.64,-58.56,58.56,58.56,-102.48,-58.56,14.64,-146.4
-19.52,-73.2,-53.68,48.8,14.64,-63.44,68.32,78.08,-97.6,-48.8,19.52,-141.52
-34.16,-58.56,-24.4,48.8,-4.88,-43.92,53.68,82.96,-87.84,-48.8,29.28,-146.4
-63.44,-43.92,19.52,53.68,-43.92,-14.64,68.32,102.48,-63.44,-34.16,34.16,-151.28
-68.32,-39.04,29.28,53.68,-48.8,-4.88,82.96,107.36,-53.68,-19.52,43.92,-161.04
-53.68,-14.64,39.04,34.16,-48.8,9.76,73.2,107.36,-53.68,-14.64,43.92,-175.68
-43.92,4.88,48.8,19.52,-48.8,24.4,68.32,112.24,-34.16,-4.88,58.56,-165.92
-43.92,-9.76,34.16,29.28,-39.04,9.76,68.32,112.24,-34.16,4.88,58.56,-161.04
-34.16,-24.4,9.76,29.28,-24.4,-9.76,53.68,107.36,-39.04,0,63.44,-156.16
-14.64,-43.92,-29.28,29.28,4.88,-39.04,53.68,122,-14.64,9.76,68.32,-131.76
14.64,-48.8,-63.44,19.52,39.04,-58.56,63.44,131.76,-14.64,29.28,78.08,-112.24
4.88,-73.2,-78.08,34.16,39.04,-78.08,78.08,141.52,-4.88,39.04,73.2,-112.24
-43.92,-73.2,-29.28,58.56,-9.76,-53.68,78.08,156.16,4.88,43.92,82.96,-102.48
-48.8,-63.44,-14.64,58.56,-19.52,-39.04,73.2,175.68,34.16,73.2,97.6,-87.84
-48.8,-48.8,0,48.8,-24.4,-24.4,97.6,190.32,68.32,92.72,122,-82.96
-34.16,-48.8,-14.64,43.92,-9.76,-34.16,92.72,190.32,68.32,102.48,122,-97.6
-14.64,-19.52,-4.88,19.52,-4.88,-14.64,87.84,185.44,82.96,102.48,117.12,-107.36
24.4,4.88,-19.52,-14.64,19.52,-9.76,92.72,190.32,87.84,122,131.76,-112.24
14.64,0,-14.64,-4.88,14.64,-9.76,87.84,195.2,92.72,131.76,146.4,-102.48
0,4.88,4.88,0,-4.88,4.88,102.48,224.48,117.12,146.4,151.28,-87.84
4.88,-14.64,-19.52,4.88,9.76,-19.52,97.6,234.24,122,151.28,146.4,-87.84
24.4,-19.52,-43.92,0,34.16,-34.16,87.84,244,126.88,156.16,141.52,-97.6
19.52,-34.16,-53.68,9.76,34.16,-43.92,82.96,258.64,156.16,170.8,141.52,-87.84
19.52,-48.8,-68.32,14.64,43.92,-58.56,73.2,258.64,161.04,170.8,126.88,-97.6
0,-53.68,-53.68,29.28,24.4,-53.68,92.72,283.04,190.32,200.08,151.28,-82.96
-4.88,-53.68,-48.8,29.28,19.52,-53.68,87.84,283.04,190.32,209.84,161.04,-92.72
-9.76,-48.8,-39.04,29.28,14.64,-43.92,87.84,287.92,195.2,229.36,170.8,-87.84
-43.92,-34.16,9.76,39.04,-29.28,-14.64,107.36,317.2,234.24,263.52,204.96,-63.44
-39.04,-34.16,4.88,39.04,-24.4,-14.64,102.48,322.08,248.88,283.04,209.84,-58.56
0,-24.4,-24.4,14.64,9.76,-24.4,87.84,326.96,253.76,278.16,204.96,-58.56
24.4,-29.28,-53.68,4.88,39.04,-43.92,102.48,341.6,278.16,297.68,224.48,-39.04
0,-43.92,-43.92,24.4,19.52,-43.92,92.72,356.24,283.04,312.32,234.24,-34.16
0,-24.4,-24.4,14.64,9.76,-24.4,107.36,380.64,312.32,331.84,248.88,-14.64
19.52,-14.64,-34.16,0,24.4,-24.4,102.48,385.52,331.84,341.6,248.88,-9.76
24.4,-29.28,-53.68,4.88,39.04,-43.92,102.48,390.4,336.72,356.24,258.64,-14.64
29.28,-19.52,-48.8,-4.88,39.04,-34.16,112.24,390.4,336.72,366,268.4,-19.52
53.68,-9.76,-63.44,-19.52,58.56,-39.04,87.84,390.4,351.36,375.76,268.4,-29.28
73.2,0,-73.2,-34.16,73.2,-39.04,92.72,395.28,351.36,385.52,263.52,-34.16
78.08,4.88,-73.2,-39.04,73.2,-34.16,112.24,400.16,366,390.4,258.64,-24.4
68.32,0,-68.32,-34.16,68.32,-34.16,107.36,414.8,390.4,414.8,278.16,-14.64
68.32,-9.76,-78.08,-29.28,73.2,-43.92,112.24,434.32,409.92,439.2,302.56,4.88
39.04,-34.16,-73.2,0,53.68,-53.68,122,458.72,429.44,453.84,322.08,14.64
19.52,-43.92,-63.44,14.64,39.04,-53.68,126.88,468.48,444.08,473.36,322.08,29.28
48.8,-14.64,-63.44,-14.64,53.68,-39.04,112.24,463.6,439.2,468.48,317.2,19.52
48.8,-24.4,-73.2,-9.76,58.56,-48.8,122,468.48,444.08,478.24,317.2,14.64
39.04,-14.64,-53.68,-9.76,43.92,-34.16,122,463.6,444.08,488,336.72,24.4
24.4,-9.76,-34.16,-4.88,29.28,-24.4,122,463.6,458.72,483.12,341.6,14.64
43.92,0,-43.92,-19.52,43.92,-24.4,112.24,458.72,448.96,478.24,331.84,-9.76
78.08,24.4,-53.68,-48.8,63.44,-14.64,122,463.6,444.08,488,336.72,-4.88
78.08,34.16,-43.92,-53.68,58.56,-4.88,122,473.36,453.84,492.88,336.72,0
68.32,9.76,-58.56,-39.04,63.44,-24.4,117.12,478.24,473.36,497.76,341.6,9.76
87.84,14.64,-73.2,-48.8,78.08,-29.28,122,478.24,483.12,488,341.6,19.52
97.6,0,-97.6,-48.8,97.6,-48.8,122,478.24,444.08,483.12,336.72,34.16
92.72,-19.52,-112.24,-34.16,102.48,-68.32,112.24,468.48,439.2,473.36,331.84,34.16
53.68,-39.04,-92.72,-4.88,73.2,-68.32,117.12,458.72,434.32,463.6,331.84,34.16
9.76,-34.16,-43.92,14.64,24.4,-39.04,126.88,458.72,434.32,473.36,341.6,43.92
29.28,-19.52,-48.8,-4.88,39.04,-34.16,122,453.84,429.44,473.36,346.48,43.92
53.68,-19.52,-73.2,-14.64,63.44,-48.8,112.24,429.44,405.04,448.96,322.08,14.64
82.96,-9.76,-92.72,-34.16,87.84,-53.68,92.72,405.04,375.76,419.68,307.44,4.88
73.2,0,-73.2,-34.16,73.2,-39.04,87.84,400.16,380.64,419.68,317.2,9.76
53.68,0,-53.68,-24.4,53.68,-29.28,92.72,395.28,375.76,400.16,312.32,9.76
53.68,-14.64,-68.32,-19.52,58.56,-43.92,112.24,395.28,346.48,390.4,297.68,9.76
78.08,-19.52,-97.6,-29.28,87.84,-58.56,122,385.52,322.08,370.88,283.04,4.88
82.96,-24.4,-107.36,-29.28,92.72,-68.32,97.6,370.88,312.32,356.24,263.52,-14.64
82.96,-14.64,-97.6,-34.16,87.84,-58.56,87.84,356.24,302.56,346.48,248.88,-19.52
48.8,-24.4,-73.2,-9.76,58.56,-48.8,102.48,351.36,283.04,336.72,248.88,-4.88
48.8,-24.4,-73.2,-9.76,58.56,-48.8,112.24,331.84,258.64,312.32,239.12,-4.88
73.2,-24.4,-97.6,-24.4,82.96,-63.44,87.84,307.44,219.6,287.92,229.36,-14.64
82.96,-29.28,-112.24,-24.4,97.6,-73.2,78.08,283.04,195.2,273.28,224.48,-19.52
73.2,-34.16,-107.36,-19.52,87.84,-73.2,87.84,273.28,175.68,253.76,219.6,-9.76
73.2,-43.92,-117.12,-14.64,92.72,-82.96,73.2,263.52,151.28,234.24,195.2,-24.4
63.44,-53.68,-117.12,-4.88,87.84,-87.84,82.96,248.88,131.76,219.6,195.2,-19.52
73.2,-34.16,-107.36,-19.52,87.84,-73.2,82.96,234.24,107.36,185.44,180.56,-24.4
87.84,-34.16,-122,-24.4,102.48,-78.08,68.32,214.72,82.96,170.8,170.8,-34.16
87.84,-34.16,-122,-24.4,102.48,-78.08,63.44,195.2,58.56,151.28,151.28,-43.92
73.2,-43.92,-117.12,-14.64,92.72,-82.96,63.44,170.8,34.16,122,136.64,-58.56
34.16,-58.56,-92.72,14.64,63.44,-78.08,73.2,156.16,29.28,107.36,122,-78.08
4.88,-58.56,-63.44,29.28,34.16,-63.44,63.44,136.64,4.88,78.08,107.36,-97.6
4.88,-68.32,-73.2,34.16,39.04,-73.2,78.08,126.88,-29.28,63.44,97.6,-97.6
9.76,-73.2,-82.96,34.16,43.92,-78.08,73.2,112.24,-53.68,39.04,92.72,-97.6
19.52,-82.96,-102.48,34.16,58.56,-92.72,73.2,107.36,-68.32,29.28,82.96,-92.72
14.64,-92.72,-107.36,39.04,58.56,-102.48,73.2,97.6,-82.96,14.64,78.08,-87.84
14.64,-92.72,-107.36,39.04,58.56,-102.48,68.32,92.72,-102.48,0,73.2,-82.96
14.64,-97.6,-112.24,43.92,63.44,-107.36,82.96,73.2,-112.24,-9.76,68.32,-78.08
19.52,-97.6,-117.12,39.04,68.32,-107.36,78.08,58.56,-131.76,-29.28,63.44,-82.96
0,-97.6,-97.6,48.8,48.8,-97.6,78.08,48.8,-146.4,-43.92,53.68,-92.72
9.76,-82.96,-92.72,39.04,48.8,-87.84,68.32,34.16,-161.04,-53.68,48.8,-97.6
9.76,-87.84,-97.6,39.04,53.68,-92.72,73.2,19.52,-175.68,-63.44,48.8,-102.48
19.52,-87.84,-107.36,34.16,63.44,-97.6,58.56,4.88,-195.2,-87.84,29.28,-117.12
9.76,-107.36,-117.12,48.8,63.44,-112.24,58.56,0,-209.84,-107.36,9.76,-131.76
24.4,-126.88,-151.28,53.68,87.84,-141.52,53.68,-4.88,-224.48,-117.12,0,-146.4
19.52,-131.76,-151.28,58.56,82.96,-141.52,73.2,0,-229.36,-112.24,9.76,-141.52
9.76,-136.64,-146.4,63.44,78.08,-141.52,68.32,-9.76,-229.36,-126.88,9.76,-141.52
0,-131.76,-131.76,68.32,63.44,-131.76,78.08,-14.64,-234.24,-126.88,0,-156.16
-14.64,-126.88,-112.24,73.2,48.8,-122,82.96,-19.52,-239.12,-136.64,-14.64,-165.92
-24.4,-131.76,-107.36,78.08,39.04,-122,82.96,-24.4,-248.88,-146.4,-19.52,-175.68
19.52,-82.96,-102.48,34.16,58.56,-92.72,78.08,-29.28,-253.76,-151.28,-24.4,-185.44
9.76,-63.44,-73.2,29.28,39.04,-68.32,82.96,-43.92,-263.52,-165.92,-39.04,-200.08
4.88,-92.72,-97.6,43.92,48.8,-97.6,82.96,-53.68,-273.28,-175.68,-53.68,-200.08
14.64,-126.88,-141.52,58.56,78.08,-136.64,58.56,-58.56,-287.92,-190.32,-58.56,-200.08
-4.88,-151.28,-146.4,78.08,68.32,-151.28,58.56,-58.56,-297.68,-195.2,-58.56,-190.32
-29.28,-141.52,-112.24,87.84,39.04,-126.88,78.08,-43.92,-278.16,-170.8,-24.4,-156.16
4.88,-141.52,-146.4,68.32,73.2,-146.4,73.2,-48.8,-287.92,-175.68,-19.52,-156.16
14.64,-161.04,-175.68,73.2,92.72,-170.8,68.32,-53.68,-287.92,-175.68,-29.28,-156.16
-14.64,-161.04,-146.4,87.84,63.44,-156.16,87.84,-48.8,-273.28,-170.8,-24.4,-151.28
-14.64,-161.04,-146.4,87.84,63.44,-156.16,107.36,-53.68,-283.04,-180.56,-39.04,-161.04
-14.64,-146.4,-131.76,82.96,58.56,-141.52,87.84,-53.68,-283.04,-180.56,-48.8,-170.8
-19.52,-122,-102.48,73.2,39.04,-112.24,87.84,-43.92,-263.52,-170.8,-34.16,-151.28
-24.4,-126.88,-102.48,78.08,39.04,-117.12,92.72,-43.92,-278.16,-165.92,-24.4,-151.28
-24.4,-126.88,-102.48,78.08,39.04,-117.12,107.36,-34.16,-268.4,-165.92,-24.4,-161.04
-14.64,-146.4,-131.76,82.96,58.56,-141.52,92.72,-34.16,-273.28,-170.8,-34.16,-185.44
-4.88,-151.28,-146.4,78.08,68.32,-151.28,82.96,-34.16,-278.16,-175.68,-43.92,-209.84
0,-141.52,-141.52,73.2,68.32,-141.52,97.6,-19.52,-268.4,-165.92,-39.04,-214.72
-24.4,-151.28,-126.88,87.84,48.8,-141.52,102.48,-14.64,-263.52,-161.04,-43.92,-214.72
-34.16,-146.4,-112.24,92.72,39.04,-131.76,102.48,-19.52,-273.28,-170.8,-53.68,-224.48
-29.28,-136.64,-107.36,82.96,39.04,-122,102.48,-19.52,-268.4,-161.04,-48.8,-224.48
-14.64,-136.64,-122,78.08,53.68,-131.76,92.72,-24.4,-268.4,-161.04,-48.8,-214.72
9.76,-136.64,-146.4,63.44,78.08,-141.52,97.6,-29.28,-273.28,-165.92,-43.92,-209.84
9.76,-136.64,-146.4,63.44,78.08,-141.52,97.6,-29.28,-258.64,-156.16,-39.04,-195.2
-19.52,-131.76,-112.24,78.08,43.92,-122,102.48,-14.64,-248.88,-151.28,-34.16,-185.44
-39.04,-141.52,-102.48,92.72,29.28,-122,122,0,-234.24,-136.64,-19.52,-170.8
-29.28,-146.4,-117.12,87.84,43.92,-131.76,126.88,4.88,-224.48,-126.88,-14.64,-170.8
-4.88,-146.4,-141.52,78.08,68.32,-146.4,131.76,4.88,-229.36,-136.64,-29.28,-180.56
0,-141.52,-141.52,73.2,68.32,-141.52,117.12,4.88,-239.12,-151.28,-39.04,-200.08
-14.64,-146.4,-131.76,82.96,58.56,-141.52,131.76,9.76,-224.48,-136.64,-29.28,-185.44
-24.4,-151.28,-126.88,87.84,48.8,-141.52,151.28,24.4,-209.84,-117.12,-14.64,-165.92
0,-151.28,-151.28,78.08,73.2,-151.28,141.52,29.28,-200.08,-112.24,-9.76,-161.04
29.28,-122,-151.28,48.8,87.84,-136.64,131.76,24.4,-209.84,-117.12,-9.76,-161.04
29.28,-131.76,-161.04,53.68,92.72,-146.4,126.88,24.4,-209.84,-112.24,0,-146.4
0,-165.92,-165.92,82.96,82.96,-165.92,122,19.52,-214.72,-112.24,4.88,-146.4
-4.88,-161.04,-156.16,82.96,73.2,-161.04,126.88,19.52,-204.96,-107.36,4.88,-146.4
-14.64,-151.28,-136.64,82.96,58.56,-146.4,136.64,29.28,-209.84,-102.48,9.76,-161.04
-34.16,-136.64,-102.48,87.84,34.16,-122,151.28,29.28,-200.08,-97.6,9.76,-180.56
-14.64,-117.12,-102.48,68.32,43.92,-112.24,151.28,34.16,-185.44,-92.72,9.76,-204.96
-19.52,-102.48,-82.96,63.44,29.28,-92.72,136.64,29.28,-204.96,-97.6,-4.88,-234.24
-19.52,-102.48,-82.96,63.44,29.28,-92.72,122,34.16,-214.72,-97.6,-14.64,-239.12
-14.64,-107.36,-92.72,63.44,39.04,-102.48,131.76,43.92,-204.96,-92.72,-14.64,-214.72
-29.28,-141.52,-112.24,87.84,39.04,-126.88,136.64,43.92,-190.32,-82.96,0,-190.32
-9.76,-146.4,-136.64,78.08,63.44,-141.52,156.16,63.44,-175.68,-63.44,14.64,-156.16
0,-156.16,-156.16,78.08,78.08,-156.16,151.28,73.2,-170.8,-48.8,34.16,-126.88
-14.64,-170.8,-156.16,92.72,68.32,-165.92,151.28,82.96,-165.92,-34.16,48.8,-117.12
4.88,-170.8,-175.68,82.96,87.84,-175.68,146.4,78.08,-170.8,-43.92,34.16,-131.76
14.64,-165.92,-180.56,78.08,97.6,-175.68,146.4,78.08,-170.8,-48.8,24.4,-146.4
14.64,-161.04,-175.68,73.2,92.72,-170.8,131.76,68.32,-170.8,-48.8,19.52,-165.92
0,-146.4,-146.4,73.2,73.2,-146.4,131.76,63.44,-175.68,-48.8,19.52,-180.56
-34.16,-141.52,-107.36,87.84,34.16,-126.88,131.76,68.32,-180.56,-39.04,24.4,-170.8
-29.28,-117.12,-87.84,73.2,29.28,-102.48,141.52,73.2,-161.04,-19.52,43.92,-156.16
-4.88,-112.24,-107.36,58.56,48.8,-112.24,131.76,68.32,-165.92,-29.28,43.92,-165.92
-19.52,-122,-102.48,73.2,39.04,-112.24,141.52,68.32,-175.68,-39.04,34.16,-170.8
9.76,-131.76,-141.52,63.44,73.2,-136.64,141.52,63.44,-175.68,-39.04,34.16,-161.04
19.52,-161.04,-180.56,73.2,97.6,-170.8,146.4,73.2,-165.92,-43.92,29.28,-156.16
19.52,-165.92,-185.44,73.2,102.48,-175.68,136.64,73.2,-170.8,-39.04,29.28,-151.28
9.76,-141.52,-151.28,68.32,78.08,-146.4,141.52,63.44,-185.44,-43.92,24.4,-156.16
-4.88,-156.16,-151.28,82.96,73.2,-156.16,126.88,68.32,-185.44,-48.8,14.64,-165.92
-4.88,-151.28,-146.4,78.08,68.32,-151.28,141.52,73.2,-170.8,-48.8,9.76,-165.92
19.52,-136.64,-156.16,58.56,87.84,-146.4,146.4,73.2,-165.92,-39.04,19.52,-151.28
-19.52,-131.76,-112.24,78.08,43.92,-122,161.04,73.2,-175.68,-34.16,34.16,-141.52
4.88,-122,-126.88,58.56,63.44,-126.88,161.04,73.2,-161.04,-19.52,58.56,-122
34.16,-126.88,-161.04,48.8,97.6,-146.4,146.4,58.56,-175.68,-34.16,48.8,-117.12
-9.76,-141.52,-131.76,78.08,58.56,-136.64,156.16,63.44,-185.44,-43.92,34.16,-117.12
4.88,-146.4,-151.28,73.2,78.08,-151.28,151.28,73.2,-185.44,-43.92,19.52,-122
9.76,-151.28,-161.04,73.2,82.96,-156.16,141.52,68.32,-180.56,-39.04,29.28,-122
14.64,-126.88,-141.52,58.56,78.08,-136.64,146.4,73.2,-175.68,-29.28,34.16,-126.88
4.88,-136.64,-141.52,68.32,73.2,-141.52,151.28,82.96,-180.56,-34.16,24.4,-131.76
0,-136.64,-136.64,68.32,68.32,-136.64,146.4,73.2,-180.56,-48.8,0,-151.28
-14.64,-131.76,-117.12,73.2,48.8,-126.88,151.28,73.2,-195.2,-48.8,0,-146.4
-14.64,-126.88,-112.24,73.2,48.8,-122,146.4,58.56,-204.96,-58.56,-4.88,-156.16
-24.4,-136.64,-112.24,82.96,43.92,-126.88,141.52,58.56,-185.44,-53.68,9.76,-151.28
4.88,-141.52,-146.4,68.32,73.2,-146.4,136.64,48.8,-195.2,-58.56,4.88,-156.16
9.76,-151.28,-161.04,73.2,82.96,-156.16,151.28,48.8,-190.32,-63.44,0,-161.04
9.76,-146.4,-156.16,68.32,82.96,-151.28,156.16,48.8,-195.2,-73.2,0,-161.04
-4.88,-151.28,-146.4,78.08,68.32,-151.28,151.28,58.56,-204.96,-68.32,4.88,-156.16
-14.64,-146.4,-131.76,82.96,58.56,-141.52,141.52,63.44,-204.96,-73.2,0,-156.16
-9.76,-151.28,-141.52,82.96,63.44,-146.4,136.64,63.44,-204.96,-73.2,-14.64,-165.92
-9.76,-146.4,-136.64,78.08,63.44,-141.52,170.8,63.44,-195.2,-73.2,-24.4,-175.68
-4.88,-146.4,-141.52,78.08,68.32,-146.4,170.8,63.44,-195.2,-73.2,-19.52,-165.92
4.88,-141.52,-146.4,68.32,73.2,-146.4,141.52,53.68,-219.6,-82.96,-29.28,-165.92
9.76,-161.04,-170.8,78.08,87.84,-165.92,122,53.68,-224.48,-82.96,-24.4,-161.04
0,-156.16,-156.16,78.08,78.08,-156.16,136.64,58.56,-219.6,-73.2,-9.76,-146.4
-24.4,-165.92,-141.52,97.6,58.56,-156.16,146.4,58.56,-214.72,-68.32,9.76,-126.88
0,-165.92,-165.92,82.96,82.96,-165.92,136.64,63.44,-209.84,-68.32,9.76,-126.88
24.4,-161.04,-185.44,68.32,102.48,-175.68,117.12,53.68,-219.6,-73.2,4.88,-131.76
9.76,-156.16,-165.92,73.2,87.84,-161.04,117.12,48.8,-214.72,-73.2,4.88,-126.88
4.88,-161.04,-165.92,78.08,82.96,-165.92,126.88,58.56,-195.2,-63.44,0,-117.12
9.76,-151.28,-161.04,73.2,82.96,-156.16,126.88,58.56,-200.08,-78.08,-24.4,-131.76
0,-161.04,-161.04,82.96,78.08,-161.04,117.12,48.8,-224.48,-92.72,-39.04,-141.52
24.4,-131.76,-156.16,53.68,87.84,-146.4,126.88,43.92,-224.48,-87.84,-34.16,-136.64
-9.76,-131.76,-122,73.2,53.68,-126.88,122,43.92,-224.48,-82.96,-24.4,-126.88
-29.28,-161.04,-131.76,97.6,48.8,-146.4,112.24,34.16,-244,-102.48,-34.16,-151.28
0,-180.56,-180.56,92.72,87.84,-180.56,117.12,34.16,-239.12,-102.48,-39.04,-151.28
4.88,-185.44,-190.32,92.72,97.6,-190.32,117.12,29.28,-234.24,-97.6,-34.16,-151.28
0,-185.44,-185.44,92.72,92.72,-185.44,97.6,29.28,-239.12,-97.6,-29.28,-151.28
-9.76,-190.32,-180.56,102.48,82.96,-185.44,102.48,29.28,-234.24,-97.6,-29.28,-156.16
-48.8,-200.08,-151.28,126.88,48.8,-175.68,107.36,29.28,-224.48,-102.48,-29.28,-151.28
-24.4,-190.32,-165.92,107.36,68.32,-180.56,107.36,29.28,-229.36,-102.48,-29.28,-161.04
14.64,-165.92,-180.56,78.08,97.6,-175.68,97.6,29.28,-234.24,-107.36,-34.16,-165.92
-4.88,-146.4,-141.52,78.08,68.32,-146.4,112.24,34.16,-219.6,-102.48,-34.16,-161.04
-24.4,-136.64,-112.24,82.96,43.92,-126.88,112.24,34.16,-219.6,-97.6,-24.4,-156.16
0,-151.28,-151.28,78.08,73.2,-151.28,107.36,24.4,-219.6,-97.6,-14.64,-146.4
14.64,-175.68,-190.32,82.96,102.48,-185.44,97.6,29.28,-195.2,-82.96,0,-117.12
9.76,-165.92,-175.68,78.08,92.72,-170.8,102.48,24.4,-219.6,-97.6,-14.64,-122
-9.76,-170.8,-161.04,92.72,73.2,-165.92,97.6,19.52,-229.36,-107.36,-24.4,-136.64
-4.88,-165.92,-161.04,87.84,78.08,-165.92,102.48,19.52,-234.24,-112.24,-39.04,-151.28
-9.76,-170.8,-161.04,92.72,73.2,-165.92,92.72,14.64,-234.24,-117.12,-58.56,-161.04
-39.04,-190.32,-151.28,117.12,53.68,-170.8,97.6,19.52,-229.36,-117.12,-63.44,-161.04
-19.52,-185.44,-165.92,102.48,73.2,-175.68,92.72,19.52,-234.24,-117.12,-58.56,-161.04
-4.88,-170.8,-165.92,87.84,78.08,-170.8,92.72,19.52,-229.36,-112.24,-58.56,-151.28
-14.64,-161.04,-146.4,87.84,63.44,-156.16,92.72,9.76,-234.24,-102.48,-39.04,-141.52
0,-156.16,-156.16,78.08,78.08,-156.16,92.72,0,-229.36,-97.6,-19.52,-141.52
9.76,-165.92,-175.68,78.08,92.72,-170.8,82.96,4.88,-234.24,-97.6,-29.28,-156.16
19.52,-180.56,-200.08,82.96,107.36,-190.32,97.6,24.4,-224.48,-107.36,-39.04,-151.28
14.64,-180.56,-195.2,82.96,102.48,-190.32,102.48,29.28,-214.72,-112.24,-58.56,-156.16
19.52,-190.32,-209.84,87.84,112.24,-200.08,92.72,24.4,-229.36,-117.12,-58.56,-141.52
24.4,-195.2,-219.6,87.84,122,-209.84,87.84,9.76,-234.24,-117.12,-58.56,-141.52
-14.64,-190.32,-175.68,102.48,78.08,-185.44,92.72,14.64,-219.6,-102.48,-34.16,-126.88
-39.04,-180.56,-141.52,112.24,48.8,-161.04,87.84,19.52,-209.84,-92.72,-24.4,-117.12
-53.68,-175.68,-122,117.12,34.16,-151.28,82.96,9.76,-224.48,-107.36,-39.04,-126.88
-68.32,-175.68,-107.36,122,19.52,-141.52,82.96,9.76,-224.48,-112.24,-48.8,-136.64
-53.68,-170.8,-117.12,112.24,29.28,-146.4,78.08,14.64,-214.72,-107.36,-34.16,-136.64
-9.76,-170.8,-161.04,92.72,73.2,-165.92,82.96,4.88,-219.6,-112.24,-43.92,-146.4
4.88,-170.8,-175.68,82.96,87.84,-175.68,78.08,14.64,-214.72,-122,-53.68,-146.4
0,-170.8,-170.8,87.84,82.96,-170.8,78.08,14.64,-209.84,-117.12,-58.56,-141.52
-4.88,-175.68,-170.8,92.72,82.96,-175.68,87.84,19.52,-204.96,-112.24,-63.44,-146.4
-9.76,-180.56,-170.8,97.6,78.08,-175.68,82.96,14.64,-204.96,-117.12,-82.96,-165.92
-29.28,-175.68,-146.4,102.48,58.56,-161.04,78.08,24.4,-200.08,-117.12,-78.08,-165.92
-19.52,-161.04,-141.52,92.72,58.56,-151.28,78.08,19.52,-204.96,-107.36,-68.32,-156.16
0,-156.16,-156.16,78.08,78.08,-156.16,68.32,9.76,-214.72,-122,-82.96,-161.04
29.28,-185.44,-214.72,78.08,122,-200.08,58.56,-4.88,-234.24,-146.4,-102.48,-170.8
24.4,-204.96,-229.36,92.72,126.88,-219.6,53.68,4.88,-214.72,-136.64,-82.96,-151.28
24.4,-195.2,-219.6,87.84,122,-209.84,48.8,9.76,-200.08,-122,-58.56,-131.76
-19.52,-200.08,-180.56,112.24,78.08,-190.32,48.8,14.64,-200.08,-112.24,-48.8,-126.88
-34.16,-214.72,-180.56,126.88,73.2,-200.08,73.2,29.28,-195.2,-97.6,-39.04,-126.88
-43.92,-204.96,-161.04,126.88,58.56,-185.44,87.84,39.04,-185.44,-92.72,-39.04,-122
-39.04,-165.92,-126.88,102.48,43.92,-146.4,78.08,34.16,-190.32,-92.72,-43.92,-122
-9.76,-151.28,-141.52,82.96,63.44,-146.4,73.2,29.28,-195.2,-97.6,-39.04,-122
-34.16,-170.8,-136.64,102.48,48.8,-156.16,68.32,34.16,-195.2,-92.72,-43.92,-122
-68.32,-170.8,-102.48,122,14.64,-136.64,78.08,34.16,-190.32,-102.48,-48.8,-117.12
-24.4,-165.92,-141.52,97.6,58.56,-156.16,82.96,24.4,-200.08,-112.24,-58.56,-131.76
9.76,-180.56,-190.32,87.84,97.6,-185.44,48.8,14.64,-224.48,-126.88,-68.32,-141.52
19.52,-175.68,-195.2,78.08,107.36,-185.44,39.04,19.52,-219.6,-117.12,-58.56,-122
19.52,-175.68,-195.2,78.08,107.36,-185.44,34.16,19.52,-214.72,-117.12,-43.92,-107.36
9.76,-200.08,-209.84,97.6,107.36,-204.96,34.16,19.52,-214.72,-117.12,-48.8,-117.12
-9.76,-224.48,-214.72,117.12,102.48,-219.6,34.16,19.52,-214.72,-126.88,-63.44,-126.88
-24.4,-224.48,-200.08,126.88,87.84,-214.72,48.8,19.52,-219.6,-126.88,-78.08,-136.64
-19.52,-200.08,-180.56,112.24,78.08,-190.32,39.04,19.52,-214.72,-122,-68.32,-141.52
-14.64,-190.32,-175.68,102.48,78.08,-185.44,29.28,19.52,-219.6,-117.12,-63.44,-151.28
-19.52,-190.32,-170.8,107.36,73.2,-180.56,24.4,14.64,-224.48,-126.88,-68.32,-156.16
0,-195.2,-195.2,97.6,97.6,-195.2,24.4,9.76,-229.36,-131.76,-73.2,-161.04
9.76,-200.08,-209.84,97.6,107.36,-204.96,43.92,9.76,-229.36,-122,-58.56,-151.28
34.16,-195.2,-229.36,82.96,131.76,-214.72,19.52,0,-234.24,-131.76,-63.44,-151.28
29.28,-204.96,-234.24,87.84,131.76,-219.6,9.76,4.88,-234.24,-126.88,-58.56,-136.64
0,-204.96,-204.96,102.48,102.48,-204.96,29.28,19.52,-224.48,-126.88,-58.56,-126.88
-34.16,-195.2,-161.04,117.12,63.44,-180.56,43.92,43.92,-180.56,-92.72,-24.4,-112.24
-63.44,-185.44,-122,126.88,29.28,-156.16,63.44,68.32,-151.28,-68.32,-19.52,-112.24
-122,-209.84,-87.84,165.92,-19.52,-151.28,92.72,97.6,-141.52,-68.32,-34.16,-146.4
-102.48,-185.44,-82.96,146.4,-9.76,-136.64,87.84,117.12,-112.24,-39.04,-29.28,-161.04
-78.08,-156.16,-78.08,117.12,0,-117.12,82.96,126.88,-78.08,9.76,14.64,-141.52
-53.68,-156.16,-102.48,107.36,24.4,-131.76,73.2,131.76,-34.16,73.2,73.2,-92.72
14.64,-141.52,-156.16,63.44,82.96,-151.28,73.2,165.92,53.68,195.2,214.72,9.76
68.32,-112.24,-180.56,24.4,122,-146.4,58.56,190.32,146.4,346.48,405.04,161.04
92.72,-82.96,-175.68,-4.88,131.76,-131.76,39.04,180.56,195.2,483.12,624.64,322.08
102.48,-73.2,-175.68,-14.64,136.64,-126.88,-4.88,151.28,204.96,600.24,868.64,497.76
131.76,-39.04,-170.8,-43.92,151.28,-107.36,-63.44,68.32,185.44,678.32,1117.52,673.44
170.8,39.04,-131.76,-102.48,151.28,-48.8,-117.12,-39.04,112.24,736.88,1366.4,863.76
190.32,112.24,-78.08,-151.28,131.76,14.64,-195.2,-151.28,39.04,795.44,1649.44,1078.48
195.2,156.16,-39.04,-175.68,117.12,58.56,-258.64,-263.52,-58.56,819.84,1893.44,1283.44
263.52,209.84,-53.68,-234.24,156.16,78.08,-322.08,-390.4,-185.44,790.56,2059.36,1429.84
336.72,234.24,-102.48,-283.04,219.6,63.44,-385.52,-507.52,-322.08,702.72,2059.36,1478.64
341.6,214.72,-126.88,-278.16,234.24,43.92,-424.56,-585.6,-483.12,502.64,1859.28,1410.32
312.32,200.08,-112.24,-253.76,209.84,43.92,-424.56,-673.44,-707.6,200.08,1498.16,1254.16
258.64,175.68,-82.96,-214.72,170.8,43.92,-429.44,-775.92,-956.48,-170.8,1000.4,985.76
165.92,161.04,-4.88,-161.04,82.96,78.08,-414.8,-858.88,-1190.72,-561.2,502.64,712.48
107.36,156.16,48.8,-131.76,29.28,102.48,-419.68,-956.48,-1410.32,-941.84,48.8,463.6
9.76,117.12,107.36,-63.44,-48.8,112.24,-414.8,-1049.2,-1639.68,-1361.52,-439.2,200.08
-78.08,107.36,185.44,-14.64,-131.76,146.4,-370.88,-1083.36,-1795.84,-1639.68,-790.56,-9.76
-117.12,87.84,204.96,14.64,-161.04,146.4,-336.72,-1034.56,-1790.96,-1703.12,-946.72,-161.04
-112.24,29.28,141.52,43.92,-126.88,82.96,-292.8,-946.72,-1727.52,-1668.96,-1039.44,-278.16
-102.48,-39.04,63.44,73.2,-82.96,9.76,-244,-868.64,-1659.2,-1620.16,-1073.6,-341.6
-107.36,-92.72,14.64,102.48,-63.44,-39.04,-200.08,-814.96,-1615.28,-1576.24,-1083.36,-395.28
-78.08,-122,-43.92,102.48,-19.52,-82.96,-165.92,-771.04,-1576.24,-1546.96,-1088.24,-463.6
-68.32,-204.96,-136.64,136.64,34.16,-170.8,-122,-702.72,-1512.8,-1483.52,-1083.36,-536.8
-97.6,-283.04,-185.44,190.32,43.92,-234.24,-53.68,-629.52,-1434.72,-1405.44,-1063.84,-570.96
-141.52,-312.32,-170.8,229.36,14.64,-244,14.64,-561.2,-1351.76,-1312.72,-995.52,-575.84
-161.04,-336.72,-175.68,248.88,4.88,-258.64,63.44,-468.48,-1224.88,-1200.48,-922.32,-580.72
-165.92,-336.72,-170.8,253.76,0,-253.76,97.6,-380.64,-1098,-1078.48,-839.36,-556.32
-170.8,-322.08,-151.28,248.88,-9.76,-239.12,107.36,-312.32,-980.88,-971.12,-761.28,-531.92
-151.28,-322.08,-170.8,239.12,9.76,-248.88,92.72,-273.28,-883.28,-883.28,-702.72,-502.64
-141.52,-322.08,-180.56,234.24,19.52,-253.76,63.44,-244,-810.08,-775.92,-624.64,-458.72
-126.88,-326.96,-200.08,229.36,34.16,-263.52,19.52,-219.6,-717.36,-668.56,-536.8,-405.04
-92.72,-317.2,-224.48,204.96,63.44,-273.28,0,-161.04,-619.76,-556.32,-434.32,-351.36
-53.68,-331.84,-278.16,195.2,112.24,-307.44,14.64,-87.84,-517.28,-463.6,-346.48,-317.2
-34.16,-322.08,-287.92,180.56,126.88,-307.44,34.16,-19.52,-448.96,-380.64,-287.92,-287.92
-48.8,-283.04,-234.24,165.92,92.72,-258.64,58.56,24.4,-366,-307.44,-229.36,-253.76
-43.92,-258.64,-214.72,151.28,82.96,-239.12,48.8,39.04,-307.44,-239.12,-170.8,-204.96
-34.16,-234.24,-200.08,136.64,82.96,-219.6,48.8,53.68,-253.76,-195.2,-136.64,-170.8
-34.16,-219.6,-185.44,126.88,73.2,-204.96,53.68,78.08,-204.96,-161.04,-126.88,-156.16
-14.64,-204.96,-190.32,112.24,87.84,-200.08,48.8,78.08,-185.44,-151.28,-122,-141.52
19.52,-190.32,-209.84,87.84,112.24,-200.08,39.04,68.32,-165.92,-131.76,-107.36,-131.76
-14.64,-185.44,-170.8,102.48,78.08,-180.56,48.8,82.96,-126.88,-92.72,-63.44,-117.12
-24.4,-195.2,-170.8,112.24,73.2,-185.44,34.16,82.96,-131.76,-82.96,-58.56,-131.76
4.88,-200.08,-204.96,97.6,102.48,-204.96,24.4,63.44,-151.28,-107.36,-82.96,-165.92
-9.76,-204.96,-195.2,107.36,92.72,-200.08,39.04,82.96,-131.76,-73.2,-53.68,-151.28
-43.92,-195.2,-151.28,122,53.68,-175.68,34.16,92.72,-87.84,-39.04,-14.64,-126.88
-78.08,-185.44,-107.36,131.76,14.64,-146.4,43.92,117.12,-58.56,-9.76,24.4,-92.72
-58.56,-190.32,-131.76,126.88,34.16,-161.04,34.16,112.24,-73.2,-19.52,9.76,-97.6
-24.4,-185.44,-161.04,107.36,68.32,-175.68,9.76,92.72,-78.08,-39.04,-19.52,-107.36
-24.4,-185.44,-161.04,107.36,68.32,-175.68,4.88,87.84,-63.44,-34.16,-19.52,-107.36
-39.04,-200.08,-161.04,122,58.56,-180.56,4.88,87.84,-58.56,-24.4,-14.64,-112.24
-19.52,-200.08,-180.56,112.24,78.08,-190.32,14.64,92.72,-53.68,0,14.64,-97.6
29.28,-165.92,-195.2,68.32,112.24,-180.56,9.76,87.84,-53.68,14.64,29.28,-82.96
29.28,-165.92,-195.2,68.32,112.24,-180.56,4.88,87.84,-58.56,14.64,43.92,-82.96
34.16,-165.92,-200.08,68.32,117.12,-185.44,0,92.72,-43.92,24.4,48.8,-73.2
14.64,-170.8,-185.44,78.08,97.6,-180.56,9.76,97.6,-43.92,14.64,43.92,-58.56
4.88,-161.04,-165.92,78.08,82.96,-165.92,24.4,107.36,-29.28,24.4,53.68,-48.8
14.64,-161.04,-175.68,73.2,92.72,-170.8,19.52,112.24,-14.64,34.16,53.68,-43.92
24.4,-180.56,-204.96,78.08,112.24,-195.2,-4.88,92.72,-24.4,9.76,19.52,-73.2
14.64,-151.28,-165.92,68.32,87.84,-161.04,4.88,97.6,-19.52,9.76,14.64,-78.08
-4.88,-161.04,-156.16,82.96,73.2,-161.04,9.76,97.6,-14.64,19.52,19.52,-82.96
-4.88,-195.2,-190.32,102.48,92.72,-195.2,19.52,92.72,-9.76,29.28,29.28,-82.96
-4.88,-200.08,-195.2,102.48,92.72,-200.08,14.64,87.84,4.88,39.04,39.04,-78.08
-14.64,-209.84,-195.2,112.24,87.84,-204.96,9.76,92.72,0,29.28,39.04,-82.96
14.64,-195.2,-209.84,92.72,112.24,-204.96,4.88,87.84,-4.88,19.52,34.16,-82.96
24.4,-175.68,-200.08,78.08,112.24,-190.32,-4.88,102.48,24.4,43.92,63.44,-53.68
14.64,-170.8,-185.44,78.08,97.6,-180.56,-9.76,97.6,24.4,24.4,48.8,-68.32
39.04,-165.92,-204.96,63.44,122,-185.44,-9.76,97.6,14.64,24.4,39.04,-78.08
0,-161.04,-161.04,82.96,78.08,-161.04,4.88,107.36,34.16,34.16,48.8,-68.32
-34.16,-156.16,-122,97.6,43.92,-141.52,24.4,112.24,58.56,43.92,63.44,-58.56
-14.64,-151.28,-136.64,82.96,58.56,-146.4,0,112.24,82.96,58.56,68.32,-58.56
-19.52,-141.52,-122,82.96,48.8,-131.76,4.88,122,68.32,68.32,78.08,-48.8
-29.28,-151.28,-122,92.72,43.92,-136.64,14.64,131.76,82.96,78.08,82.96,-34.16
-4.88,-165.92,-161.04,87.84,78.08,-165.92,9.76,122,73.2,73.2,87.84,-34.16
4.88,-190.32,-195.2,92.72,97.6,-195.2,0,126.88,63.44,68.32,87.84,-34.16
29.28,-190.32,-219.6,82.96,122,-204.96,-19.52,112.24,58.56,58.56,73.2,-43.92
0,-204.96,-204.96,102.48,102.48,-204.96,-9.76,122,63.44,63.44,78.08,-43.92
4.88,-190.32,-195.2,92.72,97.6,-195.2,-4.88,136.64,73.2,73.2,82.96,-43.92
34.16,-170.8,-204.96,68.32,117.12,-190.32,-9.76,126.88,78.08,68.32,82.96,-48.8
4.88,-151.28,-156.16,73.2,78.08,-156.16,-4.88,122,87.84,78.08,92.72,-48.8
-14.64,-141.52,-126.88,78.08,53.68,-136.64,-9.76,141.52,97.6,97.6,107.36,-39.04
9.76,-122,-131.76,58.56,68.32,-126.88,-9.76,141.52,102.48,97.6,112.24,-43.92
43.92,-126.88,-170.8,43.92,107.36,-151.28,-19.52,131.76,107.36,92.72,97.6,-53.68
48.8,-126.88,-175.68,39.04,112.24,-151.28,-24.4,136.64,92.72,97.6,102.48,-63.44
4.88,-146.4,-151.28,73.2,78.08,-151.28,14.64,161.04,117.12,122,126.88,-39.04
14.64,-156.16,-170.8,73.2,92.72,-165.92,14.64,156.16,126.88,131.76,146.4,-29.28
43.92,-156.16,-200.08,58.56,122,-180.56,-14.64,151.28,126.88,126.88,146.4,-24.4
24.4,-161.04,-185.44,68.32,102.48,-175.68,-34.16,146.4,126.88,117.12,131.76,-29.28
9.76,-165.92,-175.68,78.08,92.72,-170.8,-43.92,146.4,131.76,107.36,117.12,-34.16
24.4,-151.28,-175.68,63.44,97.6,-165.92,-39.04,156.16,141.52,112.24,112.24,-43.92
19.52,-151.28,-170.8,68.32,92.72,-161.04,-34.16,151.28,146.4,122,107.36,-48.8
14.64,-146.4,-161.04,68.32,87.84,-156.16,-34.16,146.4,146.4,141.52,131.76,-34.16
39.04,-131.76,-170.8,48.8,102.48,-151.28,-19.52,146.4,170.8,156.16,146.4,-19.52
39.04,-146.4,-185.44,53.68,112.24,-165.92,0,156.16,165.92,170.8,161.04,-14.64
14.64,-161.04,-175.68,73.2,92.72,-170.8,-4.88,165.92,170.8,180.56,165.92,-9.76
19.52,-165.92,-185.44,73.2,102.48,-175.68,-19.52,161.04,180.56,175.68,175.68,-9.76
43.92,-170.8,-214.72,63.44,126.88,-195.2,-29.28,161.04,190.32,170.8,170.8,-9.76
34.16,-175.68,-209.84,73.2,122,-195.2,-19.52,170.8,204.96,185.44,180.56,4.88
39.04,-180.56,-219.6,73.2,126.88,-200.08,-29.28,165.92,200.08,185.44,170.8,-4.88
0,-161.04,-161.04,82.96,78.08,-161.04,-9.76,185.44,229.36,200.08,185.44,9.76
-19.52,-136.64,-117.12,78.08,48.8,-126.88,-4.88,185.44,244,224.48,190.32,9.76
4.88,-136.64,-141.52,68.32,73.2,-141.52,-4.88,190.32,253.76,239.12,195.2,9.76
29.28,-136.64,-165.92,53.68,97.6,-151.28,-19.52,185.44,258.64,239.12,200.08,4.88
24.4,-141.52,-165.92,58.56,92.72,-156.16,-14.64,190.32,263.52,244,214.72,9.76
48.8,-151.28,-200.08,53.68,122,-175.68,-9.76,200.08,283.04,258.64,224.48,14.64
78.08,-141.52,-219.6,34.16,146.4,-180.56,-34.16,190.32,292.8,253.76,224.48,14.64
63.44,-146.4,-209.84,43.92,136.64,-180.56,-34.16,204.96,317.2,278.16,248.88,29.28
29.28,-136.64,-165.92,53.68,97.6,-151.28,-29.28,219.6,331.84,292.8,263.52,34.16
-9.76,-131.76,-122,73.2,53.68,-126.88,-19.52,234.24,331.84,297.68,253.76,34.16
34.16,-136.64,-170.8,53.68,102.48,-156.16,-34.16,229.36,331.84,292.8,239.12,29.28
48.8,-126.88,-175.68,39.04,112.24,-151.28,-29.28,234.24,346.48,307.44,239.12,29.28
24.4,-126.88,-151.28,53.68,87.84,-141.52,-14.64,253.76,375.76,336.72,268.4,43.92
19.52,-151.28,-170.8,68.32,92.72,-161.04,-9.76,258.64,390.4,351.36,273.28,48.8
58.56,-156.16,-214.72,48.8,136.64,-185.44,-19.52,263.52,385.52,351.36,278.16,48.8
78.08,-136.64,-214.72,29.28,146.4,-175.68,-19.52,268.4,390.4,370.88,287.92,53.68
87.84,-126.88,-214.72,19.52,151.28,-170.8,-29.28,268.4,414.8,395.28,317.2,68.32
58.56,-136.64,-195.2,39.04,126.88,-165.92,-14.64,287.92,424.56,400.16,326.96,78.08
39.04,-136.64,-175.68,48.8,107.36,-156.16,0,317.2,444.08,414.8,326.96,78.08
63.44,-117.12,-180.56,29.28,122,-151.28,-4.88,322.08,463.6,414.8,317.2,68.32
43.92,-122,-165.92,39.04,102.48,-146.4,-9.76,322.08,473.36,419.68,302.56,48.8
68.32,-112.24,-180.56,24.4,122,-146.4,-19.52,322.08,483.12,439.2,307.44,39.04
97.6,-97.6,-195.2,0,146.4,-146.4,-4.88,331.84,497.76,458.72,326.96,53.68
68.32,-112.24,-180.56,24.4,122,-146.4,-4.88,346.48,527.04,478.24,346.48,73.2
43.92,-126.88,-170.8,43.92,107.36,-151.28,4.88,370.88,566.08,507.52,380.64,107.36
58.56,-136.64,-195.2,39.04,126.88,-165.92,9.76,385.52,570.96,536.8,409.92,136.64
78.08,-122,-200.08,24.4,136.64,-161.04,4.88,395.28,585.6,556.32,419.68,151.28
87.84,-117.12,-204.96,14.64,146.4,-161.04,-4.88,400.16,590.48,551.44,414.8,146.4
78.08,-122,-200.08,24.4,136.64,-161.04,0,405.04,600.24,566.08,409.92,126.88
82.96,-102.48,-185.44,9.76,131.76,-146.4,0,419.68,634.4,595.36,434.32,131.76
58.56,-82.96,-141.52,14.64,97.6,-112.24,4.88,448.96,663.68,619.76,448.96,136.64
68.32,-68.32,-136.64,0,102.48,-102.48,9.76,458.72,697.84,634.4,453.84,136.64
112.24,-63.44,-175.68,-24.4,141.52,-122,-4.88,463.6,692.96,629.52,444.08,136.64
92.72,-87.84,-180.56,0,136.64,-136.64,0,458.72,673.44,624.64,429.44,136.64
78.08,-117.12,-195.2,19.52,136.64,-156.16,0,473.36,683.2,653.92,453.84,156.16
102.48,-117.12,-219.6,9.76,161.04,-170.8,-4.88,483.12,707.6,668.56,468.48,170.8
107.36,-117.12,-224.48,4.88,165.92,-170.8,-4.88,488,717.36,683.2,488,185.44
112.24,-102.48,-214.72,-4.88,161.04,-161.04,0,492.88,712.48,673.44,478.24,170.8
131.76,-97.6,-229.36,-14.64,180.56,-165.92,19.52,502.64,722.24,688.08,478.24,165.92
146.4,-97.6,-244,-24.4,195.2,-170.8,14.64,507.52,732,692.96,473.36,156.16
151.28,-78.08,-229.36,-34.16,190.32,-156.16,0,497.76,727.12,683.2,463.6,146.4
112.24,-78.08,-190.32,-14.64,151.28,-136.64,14.64,512.4,736.88,707.6,488,170.8
117.12,-78.08,-195.2,-19.52,156.16,-136.64,14.64,522.16,751.52,717.36,502.64,185.44
131.76,-73.2,-204.96,-29.28,165.92,-141.52,19.52,517.28,741.76,707.6,492.88,190.32
131.76,-87.84,-219.6,-19.52,175.68,-156.16,19.52,517.28,722.24,707.6,492.88,185.44
136.64,-82.96,-219.6,-24.4,175.68,-151.28,19.52,522.16,727.12,717.36,502.64,195.2
126.88,-87.84,-214.72,-19.52,170.8,-151.28,19.52,517.28,727.12,707.6,502.64,190.32
92.72,-73.2,-165.92,-9.76,126.88,-122,9.76,527.04,727.12,702.72,497.76,185.44
82.96,-68.32,-151.28,-4.88,117.12,-112.24,9.76,522.16,717.36,692.96,488,180.56
87.84,-63.44,-151.28,-9.76,117.12,-107.36,9.76,517.28,712.48,688.08,473.36,175.68
112.24,-53.68,-165.92,-29.28,136.64,-112.24,4.88,507.52,697.84,673.44,463.6,165.92
131.76,-63.44,-195.2,-34.16,161.04,-131.76,-4.88,502.64,683.2,668.56,458.72,165.92
122,-87.84,-209.84,-14.64,165.92,-151.28,-9.76,483.12,668.56,649.04,448.96,156.16
117.12,-68.32,-185.44,-24.4,151.28,-126.88,-14.64,458.72,649.04,629.52,429.44,141.52
117.12,-73.2,-190.32,-19.52,151.28,-131.76,-4.88,448.96,619.76,619.76,429.44,141.52
107.36,-92.72,-200.08,-4.88,151.28,-146.4,0,444.08,614.88,624.64,444.08,161.04
112.24,-82.96,-195.2,-14.64,151.28,-141.52,-9.76,439.2,605.12,610,439.2,161.04
112.24,-82.96,-195.2,-14.64,151.28,-141.52,-19.52,424.56,570.96,566.08,400.16,146.4
92.72,-87.84,-180.56,0,136.64,-136.64,0,414.8,546.56,546.56,380.64,141.52
87.84,-92.72,-180.56,4.88,131.76,-136.64,4.88,400.16,536.8,522.16,356.24,131.76
58.56,-87.84,-146.4,14.64,102.48,-117.12,0,385.52,517.28,507.52,346.48,131.76
58.56,-78.08,-136.64,9.76,97.6,-107.36,-9.76,375.76,497.76,492.88,336.72,136.64
68.32,-73.2,-141.52,4.88,102.48,-107.36,-19.52,351.36,478.24,468.48,326.96,126.88
68.32,-82.96,-151.28,9.76,107.36,-117.12,-19.52,336.72,434.32,448.96,317.2,117.12
87.84,-92.72,-180.56,4.88,131.76,-136.64,-9.76,331.84,414.8,434.32,307.44,122
73.2,-87.84,-161.04,9.76,117.12,-126.88,0,317.2,395.28,414.8,307.44,117.12
87.84,-73.2,-161.04,-4.88,122,-117.12,-4.88,297.68,375.76,385.52,292.8,107.36
131.76,-82.96,-214.72,-24.4,170.8,-151.28,-24.4,263.52,326.96,346.48,258.64,92.72
126.88,-107.36,-234.24,-9.76,180.56,-170.8,-39.04,244,312.32,307.44,224.48,73.2
97.6,-102.48,-200.08,4.88,146.4,-151.28,-9.76,239.12,297.68,287.92,204.96,73.2
87.84,-107.36,-195.2,9.76,141.52,-151.28,-9.76,219.6,268.4,273.28,195.2,68.32
102.48,-102.48,-204.96,0,151.28,-156.16,-24.4,195.2,234.24,239.12,161.04,43.92
68.32,-112.24,-180.56,24.4,122,-146.4,-24.4,175.68,229.36,219.6,151.28,29.28
34.16,-136.64,-170.8,53.68,102.48,-156.16,-34.16,170.8,195.2,209.84,151.28,34.16
29.28,-151.28,-180.56,63.44,102.48,-165.92,-29.28,156.16,175.68,185.44,136.64,19.52
29.28,-156.16,-185.44,63.44,107.36,-170.8,-34.16,146.4,156.16,170.8,131.76,14.64
4.88,-161.04,-165.92,78.08,82.96,-165.92,-39.04,131.76,126.88,161.04,126.88,9.76
19.52,-156.16,-175.68,68.32,97.6,-165.92,-43.92,117.12,107.36,136.64,112.24,0
29.28,-156.16,-185.44,63.44,107.36,-170.8,-43.92,97.6,82.96,117.12,87.84,-14.64
4.88,-161.04,-165.92,78.08,82.96,-165.92,-39.04,97.6,87.84,97.6,68.32,-24.4
-4.88,-146.4,-141.52,78.08,68.32,-146.4,-24.4,87.84,82.96,82.96,53.68,-29.28
-9.76,-136.64,-126.88,73.2,58.56,-131.76,-34.16,78.08,63.44,73.2,48.8,-34.16
-9.76,-136.64,-126.88,73.2,58.56,-131.76,-29.28,73.2,48.8,68.32,58.56,-24.4
0,-151.28,-151.28,78.08,73.2,-151.28,-29.28,58.56,29.28,68.32,63.44,-19.52
19.52,-161.04,-180.56,73.2,97.6,-170.8,-29.28,48.8,9.76,48.8,48.8,-29.28
24.4,-165.92,-190.32,73.2,107.36,-180.56,-29.28,48.8,4.88,39.04,39.04,-34.16
29.28,-161.04,-190.32,68.32,107.36,-175.68,-19.52,43.92,-9.76,14.64,9.76,-63.44
19.52,-170.8,-190.32,78.08,102.48,-180.56,-24.4,29.28,-14.64,-9.76,-9.76,-78.08
14.64,-180.56,-195.2,82.96,102.48,-190.32,-29.28,24.4,-24.4,-19.52,-19.52,-78.08
9.76,-185.44,-195.2,87.84,102.48,-190.32,-24.4,9.76,-43.92,-29.28,-29.28,-87.84
4.88,-165.92,-170.8,82.96,87.84,-170.8,-9.76,9.76,-43.92,-29.28,-29.28,-78.08
0,-161.04,-161.04,82.96,78.08,-161.04,-9.76,19.52,-39.04,-24.4,-24.4,-73.2
-14.64,-190.32,-175.68,102.48,78.08,-185.44,-24.4,9.76,-48.8,-39.04,-39.04,-87.84
-9.76,-204.96,-195.2,107.36,92.72,-200.08,-24.4,-4.88,-63.44,-43.92,-43.92,-97.6
-34.16,-209.84,-175.68,122,68.32,-195.2,-19.52,-4.88,-63.44,-43.92,-43.92,-92.72
-19.52,-209.84,-190.32,117.12,82.96,-200.08,-19.52,-4.88,-63.44,-53.68,-48.8,-97.6
4.88,-195.2,-200.08,97.6,102.48,-200.08,-14.64,-4.88,-68.32,-63.44,-68.32,-107.36
4.88,-195.2,-200.08,97.6,102.48,-200.08,-14.64,-9.76,-68.32,-68.32,-78.08,-102.48
-4.88,-195.2,-190.32,102.48,92.72,-195.2,-9.76,-4.88,-68.32,-78.08,-87.84,-107.36
-24.4,-209.84,-185.44,117.12,78.08,-200.08,0,-14.64,-82.96,-87.84,-97.6,-112.24
-34.16,-209.84,-175.68,122,68.32,-195.2,9.76,-14.64,-82.96,-92.72,-107.36,-122
-9.76,-195.2,-185.44,102.48,87.84,-190.32,0,-14.64,-87.84,-92.72,-107.36,-126.88
-24.4,-204.96,-180.56,117.12,78.08,-195.2,4.88,-14.64,-78.08,-78.08,-102.48,-122
-48.8,-200.08,-151.28,126.88,48.8,-175.68,9.76,-9.76,-73.2,-78.08,-97.6,-122
-19.52,-204.96,-185.44,112.24,82.96,-195.2,-4.88,-19.52,-87.84,-82.96,-97.6,-126.88
-24.4,-219.6,-195.2,122,82.96,-209.84,14.64,-14.64,-82.96,-78.08,-87.84,-112.24
-24.4,-204.96,-180.56,117.12,78.08,-195.2,4.88,-4.88,-68.32,-63.44,-73.2,-107.36
0,-204.96,-204.96,102.48,102.48,-204.96,-9.76,-9.76,-82.96,-78.08,-78.08,-112.24
-14.64,-214.72,-200.08,117.12,92.72,-209.84,-9.76,-14.64,-73.2,-82.96,-87.84,-122
-48.8,-204.96,-156.16,126.88,53.68,-180.56,4.88,-4.88,-58.56,-63.44,-68.32,-107.36
-58.56,-200.08,-141.52,131.76,39.04,-170.8,9.76,-4.88,-63.44,-68.32,-78.08,-112.24
-34.16,-200.08,-165.92,117.12,63.44,-185.44,4.88,-9.76,-68.32,-73.2,-92.72,-117.12
-24.4,-204.96,-180.56,117.12,78.08,-195.2,-4.88,-14.64,-73.2,-68.32,-82.96,-112.24
-53.68,-214.72,-161.04,136.64,53.68,-190.32,4.88,-9.76,-58.56,-48.8,-53.68,-92.72
-53.68,-204.96,-151.28,131.76,48.8,-180.56,14.64,0,-48.8,-39.04,-34.16,-78.08
-48.8,-209.84,-161.04,131.76,53.68,-185.44,14.64,9.76,-24.4,-34.16,-29.28,-68.32
-39.04,-204.96,-165.92,122,63.44,-185.44,14.64,9.76,-34.16,-34.16,-34.16,-82.96
-34.16,-195.2,-161.04,117.12,63.44,-180.56,14.64,19.52,-34.16,-29.28,-34.16,-78.08
-9.76,-200.08,-190.32,107.36,87.84,-195.2,14.64,19.52,-43.92,-39.04,-43.92,-92.72
4.88,-190.32,-195.2,92.72,97.6,-195.2,4.88,19.52,-39.04,-34.16,-48.8,-92.72
-14.64,-190.32,-175.68,102.48,78.08,-185.44,4.88,19.52,-29.28,-24.4,-39.04,-87.84
-39.04,-204.96,-165.92,122,63.44,-185.44,4.88,14.64,-29.28,-14.64,-29.28,-73.2
-19.52,-200.08,-180.56,112.24,78.08,-190.32,4.88,9.76,-29.28,-9.76,-24.4,-68.32
-4.88,-195.2,-190.32,102.48,92.72,-195.2,4.88,9.76,-24.4,-9.76,-14.64,-63.44
-4.88,-195.2,-190.32,102.48,92.72,-195.2,9.76,9.76,-19.52,-4.88,-9.76,-58.56
-14.64,-209.84,-195.2,112.24,87.84,-204.96,24.4,29.28,-9.76,14.64,4.88,-48.8
-9.76,-209.84,-200.08,112.24,92.72,-204.96,24.4,24.4,-14.64,9.76,0,-58.56
-14.64,-214.72,-200.08,117.12,92.72,-209.84,4.88,19.52,-9.76,4.88,0,-58.56
-43.92,-239.12,-195.2,141.52,73.2,-219.6,14.64,24.4,4.88,14.64,9.76,-58.56
-43.92,-229.36,-185.44,136.64,68.32,-209.84,14.64,24.4,-4.88,19.52,9.76,-63.44
-29.28,-175.68,-146.4,102.48,58.56,-161.04,24.4,19.52,4.88,24.4,14.64,-68.32
-4.88,-156.16,-151.28,82.96,73.2,-156.16,19.52,19.52,4.88,34.16,24.4,-58.56
24.4,-165.92,-190.32,73.2,107.36,-180.56,19.52,19.52,14.64,39.04,19.52,-63.44
19.52,-175.68,-195.2,78.08,107.36,-185.44,24.4,19.52,9.76,29.28,9.76,-58.56
-4.88,-195.2,-190.32,102.48,92.72,-195.2,19.52,19.52,4.88,24.4,4.88,-58.56
-9.76,-200.08,-190.32,107.36,87.84,-195.2,4.88,19.52,9.76,34.16,14.64,-58.56
4.88,-175.68,-180.56,87.84,92.72,-180.56,14.64,29.28,24.4,39.04,29.28,-48.8
14.64,-190.32,-204.96,87.84,107.36,-200.08,4.88,19.52,9.76,34.16,19.52,-53.68
19.52,-200.08,-219.6,92.72,117.12,-209.84,9.76,14.64,9.76,24.4,4.88,-63.44
9.76,-190.32,-200.08,92.72,102.48,-195.2,14.64,19.52,29.28,29.28,4.88,-63.44
-34.16,-195.2,-161.04,117.12,63.44,-180.56,19.52,29.28,39.04,43.92,19.52,-53.68
-73.2,-180.56,-107.36,126.88,14.64,-146.4,29.28,43.92,48.8,53.68,24.4,-39.04
-78.08,-185.44,-107.36,131.76,14.64,-146.4,34.16,48.8,53.68,63.44,34.16,-34.16
-39.04,-180.56,-141.52,112.24,48.8,-161.04,43.92,39.04,53.68,58.56,34.16,-34.16
0,-170.8,-170.8,87.84,82.96,-170.8,24.4,29.28,43.92,53.68,29.28,-29.28
-9.76,-180.56,-170.8,97.6,78.08,-175.68,39.04,39.04,48.8,58.56,39.04,-14.64
-4.88,-185.44,-180.56,97.6,87.84,-185.44,34.16,34.16,58.56,58.56,34.16,-19.52
9.76,-185.44,-195.2,87.84,102.48,-190.32,24.4,29.28,58.56,43.92,24.4,-24.4
24.4,-180.56,-204.96,78.08,112.24,-195.2,14.64,19.52,34.16,29.28,9.76,-39.04
14.64,-185.44,-200.08,87.84,107.36,-195.2,14.64,14.64,34.16,29.28,4.88,-43.92
-4.88,-180.56,-175.68,92.72,82.96,-180.56,19.52,19.52,43.92,34.16,4.88,-43.92
4.88,-165.92,-170.8,82.96,87.84,-170.8,29.28,24.4,48.8,34.16,0,-39.04
14.64,-170.8,-185.44,78.08,97.6,-180.56,29.28,24.4,48.8,29.28,-9.76,-43.92
4.88,-180.56,-185.44,87.84,92.72,-185.44,34.16,19.52,43.92,29.28,-9.76,-43.92
4.88,-180.56,-185.44,87.84,92.72,-185.44,34.16,34.16,43.92,39.04,4.88,-29.28
0,-175.68,-175.68,87.84,87.84,-175.68,34.16,24.4,39.04,29.28,-4.88,-34.16
-19.52,-180.56,-161.04,102.48,68.32,-170.8,39.04,29.28,48.8,34.16,-4.88,-39.04
-34.16,-185.44,-151.28,112.24,58.56,-170.8,48.8,34.16,48.8,34.16,0,-34.16
-34.16,-180.56,-146.4,107.36,53.68,-165.92,39.04,29.28,39.04,19.52,-14.64,-43.92
-34.16,-175.68,-141.52,107.36,53.68,-161.04,48.8,34.16,43.92,19.52,-19.52,-43.92
-29.28,-190.32,-161.04,112.24,63.44,-175.68,53.68,29.28,39.04,14.64,-34.16,-53.68
-34.16,-190.32,-156.16,112.24,58.56,-175.68,39.04,14.64,34.16,4.88,-43.92,-63.44
-14.64,-180.56,-165.92,97.6,73.2,-175.68,58.56,14.64,39.04,14.64,-39.04,-63.44
4.88,-170.8,-175.68,82.96,87.84,-175.68,68.32,14.64,34.16,14.64,-39.04,-58.56
0,-175.68,-175.68,87.84,87.84,-175.68,43.92,14.64,39.04,19.52,-34.16,-53.68
-4.88,-175.68,-170.8,92.72,82.96,-175.68,43.92,19.52,43.92,19.52,-29.28,-48.8
-4.88,-180.56,-175.68,92.72,82.96,-180.56,48.8,24.4,48.8,9.76,-39.04,-53.68
-4.88,-195.2,-190.32,102.48,92.72,-195.2,58.56,24.4,58.56,0,-43.92,-53.68
4.88,-200.08,-204.96,97.6,102.48,-204.96,43.92,14.64,34.16,-14.64,-63.44,-73.2
24.4,-175.68,-200.08,78.08,112.24,-190.32,39.04,0,24.4,-19.52,-78.08,-87.84
14.64,-170.8,-185.44,78.08,97.6,-180.56,48.8,4.88,29.28,-14.64,-73.2,-78.08
9.76,-175.68,-185.44,82.96,97.6,-180.56,63.44,4.88,24.4,-19.52,-82.96,-82.96
-24.4,-170.8,-146.4,97.6,58.56,-161.04,73.2,19.52,43.92,-4.88,-63.44,-73.2
-14.64,-170.8,-156.16,92.72,68.32,-165.92,78.08,19.52,43.92,4.88,-58.56,-68.32
0,-204.96,-204.96,102.48,102.48,-204.96,48.8,0,29.28,-9.76,-68.32,-82.96
4.88,-204.96,-209.84,102.48,107.36,-209.84,53.68,-4.88,29.28,-14.64,-68.32,-82.96
-24.4,-200.08,-175.68,112.24,73.2,-190.32,68.32,4.88,43.92,0,-48.8,-63.44
-34.16,-204.96,-170.8,122,68.32,-190.32,63.44,-4.88,43.92,-9.76,-53.68,-58.56
-4.88,-195.2,-190.32,102.48,92.72,-195.2,48.8,-14.64,39.04,-19.52,-68.32,-73.2
-19.52,-190.32,-170.8,107.36,73.2,-180.56,63.44,-19.52,39.04,-19.52,-73.2,-78.08
-39.04,-190.32,-151.28,117.12,53.68,-170.8,58.56,-29.28,43.92,-24.4,-78.08,-82.96
-34.16,-190.32,-156.16,112.24,58.56,-175.68,58.56,-39.04,39.04,-29.28,-78.08,-82.96
-29.28,-190.32,-161.04,112.24,63.44,-175.68,58.56,-39.04,43.92,-24.4,-73.2,-87.84
-24.4,-190.32,-165.92,107.36,68.32,-180.56,53.68,-53.68,34.16,-29.28,-78.08,-92.72
9.76,-195.2,-204.96,92.72,107.36,-200.08,48.8,-68.32,19.52,-43.92,-92.72,-112.24
9.76,-190.32,-200.08,92.72,102.48,-195.2,58.56,-63.44,24.4,-39.04,-92.72,-107.36
19.52,-185.44,-204.96,82.96,112.24,-195.2,63.44,-58.56,29.28,-43.92,-87.84,-107.36
14.64,-195.2,-209.84,92.72,112.24,-204.96,58.56,-63.44,34.16,-39.04,-87.84,-107.36
19.52,-190.32,-209.84,87.84,112.24,-200.08,63.44,-63.44,39.04,-43.92,-92.72,-102.48
-14.64,-190.32,-175.68,102.48,78.08,-185.44,78.08,-63.44,48.8,-43.92,-92.72,-97.6
-63.44,-190.32,-126.88,126.88,29.28,-161.04,97.6,-53.68,63.44,-29.28,-82.96,-78.08
-53.68,-180.56,-126.88,117.12,34.16,-156.16,82.96,-63.44,63.44,-34.16,-87.84,-82.96
-24.4,-209.84,-185.44,117.12,78.08,-200.08,63.44,-78.08,48.8,-43.92,-97.6,-92.72
9.76,-204.96,-214.72,97.6,112.24,-209.84,73.2,-82.96,43.92,-43.92,-92.72,-92.72
0,-185.44,-185.44,92.72,92.72,-185.44,58.56,-92.72,39.04,-48.8,-92.72,-97.6
0,-195.2,-195.2,97.6,97.6,-195.2,53.68,-97.6,34.16,-48.8,-92.72,-102.48
29.28,-190.32,-219.6,82.96,122,-204.96,53.68,-107.36,24.4,-63.44,-97.6,-107.36
19.52,-185.44,-204.96,82.96,112.24,-195.2,58.56,-97.6,34.16,-53.68,-87.84,-102.48
-24.4,-200.08,-175.68,112.24,73.2,-190.32,58.56,-97.6,34.16,-53.68,-92.72,-102.48
-4.88,-185.44,-180.56,97.6,87.84,-185.44,58.56,-102.48,48.8,-58.56,-97.6,-107.36
9.76,-195.2,-204.96,92.72,107.36,-200.08,58.56,-107.36,39.04,-58.56,-97.6,-102.48
14.64,-200.08,-214.72,92.72,112.24,-209.84,58.56,-117.12,39.04,-63.44,-107.36,-117.12
19.52,-195.2,-214.72,87.84,117.12,-204.96,58.56,-112.24,43.92,-63.44,-107.36,-112.24
-4.88,-209.84,-204.96,107.36,97.6,-209.84,78.08,-112.24,43.92,-53.68,-92.72,-102.48
0,-214.72,-214.72,107.36,107.36,-214.72,73.2,-107.36,68.32,-43.92,-78.08,-87.84
19.52,-214.72,-234.24,97.6,126.88,-224.48,58.56,-117.12,58.56,-53.68,-82.96,-97.6
4.88,-219.6,-224.48,107.36,112.24,-224.48,58.56,-112.24,58.56,-58.56,-82.96,-97.6
-34.16,-214.72,-180.56,126.88,73.2,-200.08,78.08,-102.48,78.08,-48.8,-78.08,-87.84
-19.52,-209.84,-190.32,117.12,82.96,-200.08,73.2,-117.12,63.44,-58.56,-92.72,-97.6
39.04,-190.32,-229.36,78.08,131.76,-209.84,58.56,-136.64,34.16,-73.2,-117.12,-122
34.16,-180.56,-214.72,73.2,122,-200.08,63.44,-131.76,48.8,-63.44,-107.36,-117.12
-29.28,-190.32,-161.04,112.24,63.44,-175.68,87.84,-126.88,58.56,-53.68,-102.48,-117.12
-14.64,-185.44,-170.8,102.48,78.08,-180.56,68.32,-126.88,53.68,-58.56,-102.48,-117.12
9.76,-175.68,-185.44,82.96,97.6,-180.56,78.08,-126.88,58.56,-48.8,-92.72,-112.24
-9.76,-185.44,-175.68,97.6,82.96,-180.56,92.72,-126.88,73.2,-48.8,-92.72,-107.36
-4.88,-209.84,-204.96,107.36,97.6,-209.84,68.32,-131.76,63.44,-53.68,-87.84,-107.36
4.88,-214.72,-219.6,107.36,112.24,-219.6,63.44,-136.64,53.68,-58.56,-87.84,-107.36
-4.88,-204.96,-200.08,107.36,97.6,-204.96,73.2,-136.64,58.56,-58.56,-92.72,-107.36
4.88,-185.44,-190.32,92.72,97.6,-190.32,78.08,-136.64,63.44,-63.44,-102.48,-107.36
-9.76,-180.56,-170.8,97.6,78.08,-175.68,87.84,-136.64,53.68,-63.44,-102.48,-107.36
-24.4,-161.04,-136.64,92.72,53.68,-151.28,102.48,-136.64,58.56,-58.56,-107.36,-107.36
-14.64,-156.16,-141.52,87.84,63.44,-151.28,82.96,-141.52,58.56,-63.44,-117.12,-117.12
24.4,-151.28,-175.68,63.44,97.6,-165.92,63.44,-156.16,63.44,-68.32,-122,-117.12
39.04,-131.76,-170.8,48.8,102.48,-151.28,87.84,-156.16,58.56,-58.56,-107.36,-107.36
34.16,-151.28,-185.44,58.56,107.36,-170.8,73.2,-165.92,48.8,-68.32,-107.36,-112.24
34.16,-170.8,-204.96,68.32,117.12,-190.32,78.08,-156.16,53.68,-63.44,-102.48,-112.24
39.04,-175.68,-214.72,68.32,126.88,-195.2,73.2,-161.04,58.56,-63.44,-92.72,-112.24
9.76,-170.8,-180.56,82.96,92.72,-175.68,78.08,-165.92,68.32,-63.44,-92.72,-112.24
9.76,-165.92,-175.68,78.08,92.72,-170.8,73.2,-165.92,78.08,-73.2,-102.48,-117.12
24.4,-165.92,-190.32,73.2,107.36,-180.56,78.08,-175.68,58.56,-82.96,-117.12,-136.64
14.64,-165.92,-180.56,78.08,97.6,-175.68,63.44,-190.32,43.92,-87.84,-122,-146.4
0,-175.68,-175.68,87.84,87.84,-175.68,68.32,-180.56,58.56,-78.08,-122,-141.52
0,-165.92,-165.92,82.96,82.96,-165.92,82.96,-180.56,68.32,-78.08,-117.12,-141.52
0,-156.16,-156.16,78.08,78.08,-156.16,102.48,-180.56,53.68,-78.08,-107.36,-141.52
-9.76,-156.16,-146.4,82.96,68.32,-151.28,97.6,-170.8,63.44,-63.44,-97.6,-122
-4.88,-170.8,-165.92,87.84,78.08,-170.8,92.72,-175.68,68.32,-73.2,-102.48,-126.88
14.64,-161.04,-175.68,73.2,92.72,-170.8,87.84,-180.56,58.56,-78.08,-107.36,-126.88
24.4,-151.28,-175.68,63.44,97.6,-165.92,73.2,-195.2,39.04,-92.72,-122,-146.4
34.16,-151.28,-185.44,58.56,107.36,-170.8,73.2,-200.08,48.8,-97.6,-122,-146.4
34.16,-146.4,-180.56,58.56,107.36,-165.92,68.32,-204.96,43.92,-97.6,-126.88,-151.28
53.68,-141.52,-195.2,43.92,122,-170.8,53.68,-219.6,29.28,-107.36,-136.64,-161.04
39.04,-131.76,-170.8,48.8,102.48,-151.28,63.44,-209.84,39.04,-87.84,-122,-151.28
24.4,-136.64,-161.04,58.56,92.72,-151.28,68.32,-209.84,63.44,-78.08,-112.24,-141.52
24.4,-146.4,-170.8,63.44,97.6,-161.04,73.2,-209.84,68.32,-78.08,-107.36,-141.52
58.56,-131.76,-190.32,39.04,122,-161.04,73.2,-209.84,58.56,-73.2,-102.48,-131.76
43.92,-146.4,-190.32,53.68,117.12,-170.8,82.96,-204.96,63.44,-68.32,-92.72,-122
0,-161.04,-161.04,82.96,78.08,-161.04,87.84,-200.08,68.32,-68.32,-92.72,-117.12
14.64,-146.4,-161.04,68.32,87.84,-156.16,87.84,-200.08,78.08,-68.32,-97.6,-122
19.52,-146.4,-165.92,63.44,92.72,-156.16,78.08,-204.96,58.56,-73.2,-107.36,-131.76
19.52,-146.4,-165.92,63.44,92.72,-156.16,73.2,-214.72,53.68,-87.84,-117.12,-131.76
0,-156.16,-156.16,78.08,78.08,-156.16,82.96,-204.96,68.32,-73.2,-102.48,-126.88
-34.16,-161.04,-126.88,97.6,43.92,-146.4,82.96,-204.96,63.44,-73.2,-97.6,-122
14.64,-126.88,-141.52,58.56,78.08,-136.64,63.44,-229.36,48.8,-92.72,-112.24,-136.64
34.16,-136.64,-170.8,53.68,102.48,-156.16,63.44,-234.24,43.92,-92.72,-117.12,-136.64
34.16,-146.4,-180.56,58.56,107.36,-165.92,68.32,-229.36,39.04,-82.96,-117.12,-136.64
39.04,-141.52,-180.56,53.68,107.36,-161.04,78.08,-224.48,39.04,-78.08,-107.36,-126.88
53.68,-141.52,-195.2,43.92,122,-170.8,73.2,-224.48,39.04,-82.96,-107.36,-131.76
58.56,-131.76,-190.32,39.04,122,-161.04,68.32,-224.48,29.28,-92.72,-117.12,-141.52
24.4,-126.88,-151.28,53.68,87.84,-141.52,78.08,-214.72,39.04,-82.96,-117.12,-136.64
0,-141.52,-141.52,73.2,68.32,-141.52,82.96,-214.72,53.68,-87.84,-112.24,-131.76
-14.64,-136.64,-122,78.08,53.68,-131.76,82.96,-219.6,43.92,-82.96,-117.12,-131.76
0,-136.64,-136.64,68.32,68.32,-136.64,78.08,-229.36,24.4,-87.84,-122,-136.64
29.28,-126.88,-156.16,48.8,92.72,-141.52,63.44,-234.24,19.52,-92.72,-126.88,-146.4
48.8,-126.88,-175.68,39.04,112.24,-151.28,68.32,-239.12,29.28,-87.84,-117.12,-136.64
48.8,-146.4,-195.2,48.8,122,-170.8,53.68,-248.88,14.64,-92.72,-122,-146.4
43.92,-156.16,-200.08,58.56,122,-180.56,63.44,-248.88,0,-97.6,-117.12,-141.52
58.56,-146.4,-204.96,43.92,131.76,-175.68,68.32,-239.12,4.88,-92.72,-112.24,-131.76
29.28,-146.4,-175.68,58.56,102.48,-161.04,82.96,-229.36,14.64,-82.96,-107.36,-126.88
4.88,-141.52,-146.4,68.32,73.2,-146.4,78.08,-224.48,19.52,-78.08,-102.48,-117.12
9.76,-131.76,-141.52,63.44,73.2,-136.64,78.08,-234.24,14.64,-87.84,-112.24,-126.88
-19.52,-141.52,-122,82.96,48.8,-131.76,78.08,-234.24,14.64,-87.84,-112.24,-131.76
-29.28,-141.52,-112.24,87.84,39.04,-126.88,92.72,-234.24,9.76,-82.96,-112.24,-131.76
-4.88,-156.16,-151.28,82.96,73.2,-156.16,73.2,-244,9.76,-87.84,-117.12,-131.76
29.28,-151.28,-180.56,63.44,102.48,-165.92,58.56,-258.64,4.88,-102.48,-122,-141.52
58.56,-136.64,-195.2,39.04,126.88,-165.92,58.56,-263.52,-19.52,-102.48,-126.88,-141.52
58.56,-151.28,-209.84,48.8,131.76,-180.56,53.68,-263.52,-19.52,-102.48,-131.76,-136.64
29.28,-165.92,-195.2,68.32,112.24,-180.56,58.56,-258.64,-19.52,-102.48,-122,-126.88
4.88,-161.04,-165.92,78.08,82.96,-165.92,73.2,-253.76,-9.76,-97.6,-117.12,-126.88
4.88,-151.28,-156.16,73.2,78.08,-156.16,87.84,-244,-4.88,-97.6,-117.12,-122
0,-141.52,-141.52,73.2,68.32,-141.52,78.08,-248.88,-9.76,-102.48,-126.88,-126.88
-29.28,-146.4,-117.12,87.84,43.92,-131.76,97.6,-239.12,0,-87.84,-122,-126.88
-4.88,-146.4,-141.52,78.08,68.32,-146.4,92.72,-253.76,-9.76,-92.72,-126.88,-131.76
34.16,-136.64,-170.8,53.68,102.48,-156.16,82.96,-268.4,-19.52,-102.48,-136.64,-141.52
29.28,-146.4,-175.68,58.56,102.48,-161.04,78.08,-268.4,-19.52,-107.36,-131.76,-136.64
14.64,-151.28,-165.92,68.32,87.84,-161.04,92.72,-263.52,-14.64,-97.6,-122,-126.88
4.88,-175.68,-180.56,87.84,92.72,-180.56,78.08,-268.4,-24.4,-102.48,-122,-126.88
19.52,-185.44,-204.96,82.96,112.24,-195.2,78.08,-278.16,-34.16,-112.24,-131.76,-131.76
29.28,-175.68,-204.96,73.2,117.12,-190.32,78.08,-283.04,-34.16,-117.12,-136.64,-136.64
29.28,-170.8,-200.08,73.2,112.24,-185.44,58.56,-283.04,-14.64,-117.12,-141.52,-146.4
43.92,-151.28,-195.2,53.68,117.12,-175.68,73.2,-278.16,-19.52,-117.12,-136.64,-131.76
19.52,-151.28,-170.8,68.32,92.72,-161.04,73.2,-273.28,-34.16,-112.24,-141.52,-136.64
-9.76,-151.28,-141.52,82.96,63.44,-146.4,82.96,-268.4,-19.52,-102.48,-126.88,-131.76
14.64,-136.64,-151.28,63.44,82.96,-146.4,78.08,-278.16,-24.4,-102.48,-131.76,-131.76
14.64,-151.28,-165.92,68.32,87.84,-161.04,82.96,-287.92,-19.52,-107.36,-131.76,-136.64
19.52,-146.4,-165.92,63.44,92.72,-156.16,87.84,-287.92,-19.52,-102.48,-126.88,-136.64
39.04,-146.4,-185.44,53.68,112.24,-165.92,97.6,-287.92,-29.28,-102.48,-126.88,-126.88
9.76,-165.92,-175.68,78.08,92.72,-170.8,97.6,-273.28,-19.52,-97.6,-126.88,-117.12
9.76,-180.56,-190.32,87.84,97.6,-185.44,87.84,-283.04,-34.16,-102.48,-136.64,-131.76
4.88,-175.68,-180.56,87.84,92.72,-180.56,87.84,-287.92,-34.16,-107.36,-136.64,-131.76
14.64,-175.68,-190.32,82.96,102.48,-185.44,78.08,-292.8,-39.04,-122,-151.28,-151.28
4.88,-156.16,-161.04,78.08,82.96,-161.04,92.72,-292.8,-29.28,-112.24,-146.4,-146.4
-14.64,-161.04,-146.4,87.84,63.44,-156.16,97.6,-287.92,-24.4,-97.6,-131.76,-131.76
29.28,-151.28,-180.56,63.44,102.48,-165.92,92.72,-297.68,-29.28,-107.36,-141.52,-136.64
48.8,-146.4,-195.2,48.8,122,-170.8,92.72,-297.68,-34.16,-107.36,-141.52,-136.64
39.04,-165.92,-204.96,63.44,122,-185.44,107.36,-302.56,-29.28,-112.24,-136.64,-136.64
29.28,-165.92,-195.2,68.32,112.24,-180.56,92.72,-302.56,-29.28,-102.48,-126.88,-131.76
-24.4,-185.44,-161.04,107.36,68.32,-175.68,107.36,-287.92,-24.4,-102.48,-122,-126.88
-53.68,-185.44,-131.76,122,39.04,-161.04,102.48,-292.8,-29.28,-107.36,-126.88,-131.76
-19.52,-185.44,-165.92,102.48,73.2,-175.68,107.36,-302.56,-29.28,-117.12,-131.76,-141.52
0,-180.56,-180.56,92.72,87.84,-180.56,87.84,-317.2,-43.92,-122,-146.4,-151.28
0,-175.68,-175.68,87.84,87.84,-175.68,87.84,-322.08,-34.16,-131.76,-151.28,-161.04
-24.4,-175.68,-151.28,102.48,63.44,-165.92,87.84,-307.44,-34.16,-112.24,-136.64,-146.4
-48.8,-170.8,-122,112.24,34.16,-146.4,107.36,-297.68,-9.76,-102.48,-122,-131.76
-19.52,-170.8,-151.28,97.6,63.44,-161.04,97.6,-302.56,-24.4,-107.36,-136.64,-136.64
-4.88,-190.32,-185.44,97.6,87.84,-190.32,82.96,-312.32,-34.16,-117.12,-136.64,-136.64
-9.76,-190.32,-180.56,102.48,82.96,-185.44,87.84,-307.44,-34.16,-102.48,-131.76,-126.88
-4.88,-180.56,-175.68,92.72,82.96,-180.56,97.6,-292.8,-24.4,-97.6,-117.12,-117.12
9.76,-195.2,-204.96,92.72,107.36,-200.08,97.6,-297.68,-34.16,-97.6,-122,-131.76
9.76,-180.56,-190.32,87.84,97.6,-185.44,92.72,-307.44,-43.92,-112.24,-131.76,-136.64
0,-156.16,-156.16,78.08,78.08,-156.16,92.72,-312.32,-39.04,-117.12,-136.64,-141.52
-4.88,-165.92,-161.04,87.84,78.08,-165.92,82.96,-317.2,-43.92,-122,-141.52,-151.28
4.88,-165.92,-170.8,82.96,87.84,-170.8,92.72,-317.2,-43.92,-117.12,-141.52,-141.52
9.76,-165.92,-175.68,78.08,92.72,-170.8,92.72,-312.32,-39.04,-122,-136.64,-141.52
19.52,-170.8,-190.32,78.08,102.48,-180.56,87.84,-317.2,-34.16,-117.12,-141.52,-146.4
34.16,-161.04,-195.2,63.44,112.24,-180.56,97.6,-307.44,-34.16,-112.24,-136.64,-146.4
19.52,-170.8,-190.32,78.08,102.48,-180.56,112.24,-287.92,-19.52,-97.6,-131.76,-146.4
24.4,-165.92,-190.32,73.2,107.36,-180.56,126.88,-278.16,0,-107.36,-146.4,-161.04
14.64,-165.92,-180.56,78.08,97.6,-175.68,131.76,-263.52,9.76,-87.84,-141.52,-165.92
-14.64,-161.04,-146.4,87.84,63.44,-156.16,161.04,-229.36,53.68,-43.92,-102.48,-146.4
-68.32,-146.4,-78.08,107.36,4.88,-112.24,170.8,-200.08,126.88,29.28,-29.28,-102.48
-82.96,-136.64,-53.68,112.24,-14.64,-97.6,161.04,-180.56,200.08,126.88,68.32,-43.92
-48.8,-126.88,-78.08,87.84,14.64,-102.48,141.52,-180.56,263.52,239.12,195.2,24.4
19.52,-82.96,-102.48,34.16,58.56,-92.72,112.24,-200.08,292.8,341.6,356.24,126.88
58.56,-48.8,-107.36,-4.88,82.96,-78.08,58.56,-239.12,317.2,439.2,546.56,248.88
78.08,-14.64,-92.72,-29.28,82.96,-53.68,14.64,-297.68,297.68,536.8,780.8,409.92
107.36,34.16,-73.2,-68.32,87.84,-19.52,-34.16,-375.76,239.12,610,1034.56,605.12
151.28,97.6,-53.68,-122,102.48,19.52,-107.36,-502.64,136.64,653.92,1283.44,795.44
204.96,175.68,-29.28,-190.32,117.12,73.2,-161.04,-624.64,29.28,678.32,1527.44,976
214.72,204.96,-9.76,-209.84,112.24,97.6,-244,-751.52,-78.08,692.96,1737.28,1146.8
209.84,239.12,29.28,-224.48,87.84,131.76,-302.56,-858.88,-156.16,712.48,1883.68,1268.8
253.76,248.88,-4.88,-248.88,126.88,122,-356.24,-946.72,-263.52,629.52,1854.4,1293.2
268.4,229.36,-39.04,-248.88,151.28,92.72,-380.64,-1039.44,-439.2,424.56,1639.68,1210.24
263.52,219.6,-43.92,-239.12,151.28,87.84,-380.64,-1132.16,-649.04,131.76,1278.56,1049.2
253.76,209.84,-43.92,-229.36,146.4,82.96,-390.4,-1239.52,-902.8,-244,814.96,834.48
200.08,190.32,-9.76,-195.2,102.48,87.84,-419.68,-1342,-1141.92,-614.88,375.76,624.64
92.72,156.16,63.44,-122,14.64,107.36,-400.16,-1385.92,-1337.12,-980.88,-63.44,409.92
0,131.76,131.76,-63.44,-68.32,131.76,-361.12,-1420.08,-1542.08,-1390.8,-556.32,146.4
-53.68,136.64,190.32,-39.04,-122,161.04,-297.68,-1405.44,-1625.04,-1605.52,-863.76,-43.92
-53.68,97.6,151.28,-19.52,-102.48,122,-278.16,-1337.12,-1586,-1620.16,-976,-165.92
-34.16,19.52,53.68,9.76,-43.92,34.16,-239.12,-1268.8,-1537.2,-1610.4,-1054.08,-268.4
-24.4,-24.4,0,24.4,-14.64,-14.64,-214.72,-1234.64,-1517.68,-1605.52,-1112.64,-336.72
-43.92,-53.68,-9.76,48.8,-19.52,-34.16,-165.92,-1180.96,-1468.88,-1556.72,-1117.52,-375.76
-63.44,-122,-58.56,92.72,-4.88,-92.72,-117.12,-1137.04,-1420.08,-1527.44,-1137.04,-444.08
-87.84,-219.6,-131.76,156.16,19.52,-175.68,-58.56,-1078.48,-1366.4,-1483.52,-1146.8,-522.16
-146.4,-283.04,-136.64,214.72,-4.88,-209.84,4.88,-990.64,-1259.04,-1381.04,-1098,-536.8
-151.28,-307.44,-156.16,229.36,0,-234.24,58.56,-888.16,-1146.8,-1268.8,-1029.68,-541.68
-151.28,-322.08,-170.8,239.12,9.76,-248.88,117.12,-785.68,-1019.92,-1151.68,-956.48,-536.8
-151.28,-322.08,-170.8,239.12,9.76,-248.88,131.76,-697.84,-888.16,-1029.68,-878.4,-522.16
-126.88,-302.56,-175.68,214.72,24.4,-239.12,117.12,-639.28,-771.04,-907.68,-785.68,-492.88
-102.48,-283.04,-180.56,195.2,39.04,-234.24,87.84,-619.76,-668.56,-800.32,-702.72,-458.72
-78.08,-278.16,-200.08,180.56,58.56,-239.12,68.32,-561.2,-546.56,-697.84,-624.64,-429.44
-48.8,-268.4,-219.6,161.04,82.96,-244,48.8,-492.88,-453.84,-595.36,-561.2,-395.28
-53.68,-273.28,-219.6,165.92,82.96,-248.88,82.96,-409.92,-361.12,-488,-473.36,-356.24
-63.44,-278.16,-214.72,170.8,73.2,-248.88,102.48,-346.48,-273.28,-400.16,-405.04,-317.2
-78.08,-273.28,-195.2,175.68,58.56,-234.24,112.24,-326.96,-204.96,-336.72,-356.24,-287.92
-68.32,-268.4,-200.08,170.8,63.44,-234.24,102.48,-302.56,-146.4,-287.92,-307.44,-258.64
-58.56,-248.88,-190.32,156.16,63.44,-219.6,112.24,-273.28,-107.36,-239.12,-268.4,-234.24
-53.68,-239.12,-185.44,146.4,63.44,-214.72,126.88,-263.52,-53.68,-209.84,-248.88,-209.84
-29.28,-229.36,-200.08,131.76,82.96,-214.72,117.12,-273.28,-43.92,-195.2,-234.24,-204.96
-34.16,-204.96,-170.8,122,68.32,-190.32,126.88,-263.52,-14.64,-165.92,-214.72,-195.2
-29.28,-190.32,-161.04,112.24,63.44,-175.68,156.16,-258.64,-4.88,-156.16,-204.96,-195.2
-24.4,-200.08,-175.68,112.24,73.2,-190.32,146.4,-253.76,14.64,-131.76,-195.2,-190.32
-14.64,-195.2,-180.56,107.36,82.96,-190.32,117.12,-253.76,19.52,-117.12,-175.68,-180.56
-19.52,-200.08,-180.56,112.24,78.08,-190.32,117.12,-244,29.28,-97.6,-156.16,-165.92
-9.76,-204.96,-195.2,107.36,92.72,-200.08,122,-224.48,48.8,-73.2,-126.88,-136.64
-43.92,-204.96,-161.04,126.88,58.56,-185.44,112.24,-229.36,48.8,-78.08,-126.88,-141.52
-48.8,-200.08,-151.28,126.88,48.8,-175.68,107.36,-229.36,53.68,-78.08,-126.88,-136.64
-53.68,-204.96,-151.28,131.76,48.8,-180.56,92.72,-219.6,63.44,-73.2,-131.76,-136.64
-63.44,-219.6,-156.16,141.52,43.92,-190.32,87.84,-234.24,63.44,-82.96,-141.52,-151.28
-53.68,-214.72,-161.04,136.64,53.68,-190.32,82.96,-239.12,58.56,-82.96,-151.28,-165.92
-63.44,-200.08,-136.64,131.76,34.16,-170.8,87.84,-234.24,78.08,-73.2,-146.4,-161.04
-87.84,-200.08,-112.24,146.4,9.76,-156.16,97.6,-224.48,102.48,-53.68,-131.76,-146.4
-53.68,-190.32,-136.64,122,39.04,-165.92,82.96,-229.36,102.48,-43.92,-122,-151.28
-24.4,-195.2,-170.8,112.24,73.2,-185.44,68.32,-239.12,78.08,-48.8,-126.88,-156.16
-24.4,-204.96,-180.56,117.12,78.08,-195.2,82.96,-234.24,78.08,-48.8,-117.12,-146.4
-34.16,-204.96,-170.8,122,68.32,-190.32,97.6,-229.36,87.84,-34.16,-102.48,-131.76
-34.16,-209.84,-175.68,122,68.32,-195.2,78.08,-224.48,87.84,-34.16,-102.48,-131.76
-34.16,-209.84,-175.68,122,68.32,-195.2,73.2,-224.48,97.6,-48.8,-112.24,-136.64
-14.64,-200.08,-185.44,107.36,82.96,-195.2,68.32,-234.24,92.72,-48.8,-122,-151.28
-29.28,-204.96,-175.68,117.12,73.2,-190.32,68.32,-239.12,102.48,-48.8,-122,-156.16
-14.64,-190.32,-175.68,102.48,78.08,-185.44,63.44,-239.12,92.72,-48.8,-122,-161.04
-14.64,-190.32,-175.68,102.48,78.08,-185.44,63.44,-239.12,92.72,-43.92,-117.12,-156.16
-4.88,-204.96,-200.08,107.36,97.6,-204.96,82.96,-244,92.72,-34.16,-107.36,-156.16
-24.4,-190.32,-165.92,107.36,68.32,-180.56,92.72,-219.6,122,-14.64,-87.84,-131.76
-39.04,-190.32,-151.28,117.12,53.68,-170.8,73.2,-214.72,126.88,-4.88,-73.2,-122
-39.04,-195.2,-156.16,117.12,58.56,-175.68,87.84,-200.08,122,9.76,-53.68,-102.48
-9.76,-185.44,-175.68,97.6,82.96,-180.56,102.48,-204.96,117.12,0,-63.44,-107.36
-19.52,-195.2,-175.68,107.36,78.08,-185.44,78.08,-204.96,112.24,-14.64,-82.96,-122
-34.16,-195.2,-161.04,117.12,63.44,-180.56,87.84,-200.08,117.12,-4.88,-78.08,-122
-29.28,-190.32,-161.04,112.24,63.44,-175.68,82.96,-200.08,117.12,-4.88,-87.84,-136.64
-9.76,-180.56,-170.8,97.6,78.08,-175.68,73.2,-214.72,126.88,-14.64,-92.72,-141.52
-14.64,-175.68,-161.04,97.6,73.2,-170.8,78.08,-209.84,117.12,0,-87.84,-141.52
-43.92,-185.44,-141.52,117.12,48.8,-165.92,87.84,-204.96,122,14.64,-68.32,-136.64
-58.56,-204.96,-146.4,131.76,43.92,-175.68,68.32,-209.84,117.12,4.88,-68.32,-131.76
-63.44,-219.6,-156.16,141.52,43.92,-190.32,68.32,-200.08,131.76,14.64,-53.68,-122
-39.04,-214.72,-175.68,126.88,68.32,-195.2,63.44,-195.2,112.24,14.64,-58.56,-122
-29.28,-195.2,-165.92,112.24,68.32,-180.56,82.96,-180.56,131.76,24.4,-43.92,-107.36
-39.04,-190.32,-151.28,117.12,53.68,-170.8,97.6,-170.8,136.64,19.52,-53.68,-107.36
-14.64,-195.2,-180.56,107.36,82.96,-190.32,78.08,-175.68,136.64,19.52,-63.44,-117.12
4.88,-180.56,-185.44,87.84,92.72,-185.44,63.44,-185.44,126.88,9.76,-73.2,-136.64
-14.64,-175.68,-161.04,97.6,73.2,-170.8,48.8,-190.32,122,4.88,-82.96,-141.52
-14.64,-170.8,-156.16,92.72,68.32,-165.92,63.44,-180.56,136.64,29.28,-68.32,-131.76
-24.4,-180.56,-156.16,102.48,63.44,-170.8,58.56,-175.68,141.52,39.04,-58.56,-136.64
-58.56,-195.2,-136.64,126.88,39.04,-165.92,58.56,-170.8,146.4,48.8,-43.92,-122
-68.32,-195.2,-126.88,131.76,29.28,-161.04,78.08,-156.16,156.16,58.56,-24.4,-102.48
-63.44,-200.08,-136.64,131.76,34.16,-170.8,78.08,-151.28,161.04,68.32,-19.52,-97.6
-48.8,-195.2,-146.4,122,48.8,-170.8,63.44,-141.52,161.04,68.32,-14.64,-97.6
-24.4,-185.44,-161.04,107.36,68.32,-175.68,63.44,-141.52,156.16,58.56,-24.4,-97.6
-24.4,-190.32,-165.92,107.36,68.32,-180.56,53.68,-141.52,156.16,58.56,-34.16,-112.24
-53.68,-175.68,-122,117.12,34.16,-151.28,73.2,-131.76,170.8,73.2,-24.4,-107.36
-73.2,-165.92,-92.72,122,9.76,-131.76,82.96,-117.12,185.44,82.96,-9.76,-97.6
-29.28,-165.92,-136.64,97.6,53.68,-151.28,63.44,-131.76,175.68,82.96,-24.4,-112.24
4.88,-156.16,-161.04,78.08,82.96,-161.04,53.68,-131.76,180.56,87.84,-9.76,-117.12
-4.88,-165.92,-161.04,87.84,78.08,-165.92,82.96,-117.12,204.96,102.48,4.88,-102.48
-19.52,-175.68,-156.16,97.6,68.32,-165.92,73.2,-107.36,214.72,107.36,19.52,-87.84
-19.52,-175.68,-156.16,97.6,68.32,-165.92,63.44,-102.48,214.72,117.12,29.28,-82.96
-29.28,-190.32,-161.04,112.24,63.44,-175.68,53.68,-102.48,200.08,117.12,29.28,-87.84
-24.4,-185.44,-161.04,107.36,68.32,-175.68,73.2,-92.72,204.96,112.24,29.28,-78.08
-34.16,-195.2,-161.04,117.12,63.44,-180.56,58.56,-102.48,204.96,112.24,19.52,-92.72
-29.28,-190.32,-161.04,112.24,63.44,-175.68,48.8,-102.48,209.84,112.24,19.52,-107.36
-29.28,-175.68,-146.4,102.48,58.56,-161.04,63.44,-87.84,224.48,126.88,29.28,-97.6
-24.4,-170.8,-146.4,97.6,58.56,-161.04,78.08,-78.08,239.12,141.52,39.04,-87.84
-34.16,-161.04,-126.88,97.6,43.92,-146.4,82.96,-73.2,248.88,161.04,58.56,-87.84
-34.16,-161.04,-126.88,97.6,43.92,-146.4,87.84,-63.44,253.76,175.68,73.2,-78.08
-43.92,-175.68,-131.76,112.24,43.92,-156.16,82.96,-53.68,263.52,180.56,87.84,-63.44
-48.8,-180.56,-131.76,117.12,39.04,-156.16,92.72,-39.04,273.28,200.08,107.36,-53.68
-34.16,-175.68,-141.52,107.36,53.68,-161.04,92.72,-34.16,278.16,200.08,117.12,-48.8
-29.28,-185.44,-156.16,107.36,63.44,-170.8,82.96,-29.28,283.04,200.08,107.36,-53.68
-9.76,-195.2,-185.44,102.48,87.84,-190.32,87.84,-29.28,302.56,204.96,107.36,-58.56
14.64,-165.92,-180.56,78.08,97.6,-175.68,73.2,-43.92,297.68,195.2,97.6,-82.96
-24.4,-151.28,-126.88,87.84,48.8,-141.52,78.08,-24.4,312.32,214.72,102.48,-63.44
-48.8,-156.16,-107.36,102.48,29.28,-131.76,97.6,0,326.96,248.88,131.76,-43.92
-14.64,-156.16,-141.52,87.84,63.44,-151.28,82.96,-4.88,326.96,253.76,136.64,-53.68
24.4,-151.28,-175.68,63.44,97.6,-165.92,63.44,0,331.84,253.76,136.64,-53.68
34.16,-141.52,-175.68,53.68,102.48,-161.04,82.96,19.52,351.36,278.16,156.16,-29.28
19.52,-131.76,-151.28,58.56,82.96,-141.52,87.84,43.92,370.88,302.56,180.56,-9.76
19.52,-131.76,-151.28,58.56,82.96,-141.52,87.84,63.44,385.52,312.32,190.32,-9.76
14.64,-136.64,-151.28,63.44,82.96,-146.4,87.84,73.2,400.16,317.2,190.32,-4.88
29.28,-122,-151.28,48.8,87.84,-136.64,82.96,73.2,405.04,317.2,190.32,-14.64
14.64,-126.88,-141.52,58.56,78.08,-136.64,78.08,78.08,419.68,322.08,190.32,-19.52
-39.04,-156.16,-117.12,97.6,39.04,-136.64,78.08,82.96,429.44,326.96,185.44,-29.28
-53.68,-141.52,-87.84,97.6,14.64,-117.12,87.84,102.48,458.72,361.12,209.84,-14.64
-24.4,-131.76,-107.36,78.08,39.04,-122,82.96,112.24,478.24,380.64,214.72,-9.76
-48.8,-136.64,-87.84,92.72,19.52,-112.24,97.6,126.88,488,400.16,234.24,0
-53.68,-141.52,-87.84,97.6,14.64,-117.12,112.24,151.28,497.76,419.68,263.52,19.52
0,-146.4,-146.4,73.2,73.2,-146.4,82.96,146.4,497.76,419.68,258.64,14.64
29.28,-141.52,-170.8,58.56,97.6,-156.16,73.2,146.4,507.52,414.8,253.76,4.88
34.16,-141.52,-175.68,53.68,102.48,-161.04,78.08,161.04,531.92,429.44,258.64,9.76
9.76,-146.4,-156.16,68.32,82.96,-151.28,82.96,175.68,546.56,444.08,268.4,9.76
4.88,-131.76,-136.64,63.44,68.32,-136.64,82.96,180.56,556.32,453.84,273.28,4.88
9.76,-122,-131.76,58.56,68.32,-126.88,92.72,190.32,566.08,468.48,273.28,0
39.04,-102.48,-141.52,34.16,87.84,-122,107.36,200.08,575.84,483.12,287.92,4.88
58.56,-92.72,-151.28,19.52,102.48,-122,107.36,209.84,595.36,497.76,302.56,14.64
68.32,-107.36,-175.68,19.52,122,-141.52,82.96,200.08,595.36,497.76,307.44,9.76
53.68,-117.12,-170.8,34.16,112.24,-146.4,87.84,219.6,600.24,517.28,317.2,24.4
34.16,-112.24,-146.4,39.04,87.84,-131.76,102.48,248.88,624.64,546.56,346.48,53.68
14.64,-117.12,-131.76,53.68,73.2,-126.88,107.36,258.64,644.16,551.44,356.24,63.44
-4.88,-107.36,-102.48,58.56,48.8,-107.36,117.12,273.28,658.8,561.2,361.12,68.32
-4.88,-102.48,-97.6,53.68,43.92,-102.48,112.24,268.4,658.8,561.2,356.24,63.44
24.4,-97.6,-122,39.04,73.2,-112.24,97.6,253.76,649.04,551.44,341.6,48.8
43.92,-87.84,-131.76,24.4,87.84,-112.24,92.72,248.88,658.8,551.44,331.84,43.92
48.8,-92.72,-141.52,24.4,92.72,-117.12,87.84,244,649.04,551.44,341.6,39.04
34.16,-97.6,-131.76,34.16,82.96,-117.12,87.84,253.76,663.68,566.08,351.36,43.92
14.64,-97.6,-112.24,43.92,63.44,-107.36,97.6,258.64,668.56,575.84,361.12,63.44
24.4,-112.24,-136.64,43.92,78.08,-126.88,87.84,258.64,663.68,566.08,361.12,63.44
48.8,-112.24,-161.04,34.16,102.48,-136.64,87.84,258.64,653.92,566.08,366,68.32
29.28,-117.12,-146.4,43.92,87.84,-131.76,92.72,258.64,644.16,551.44,356.24,63.44
48.8,-97.6,-146.4,24.4,97.6,-122,102.48,263.52,649.04,556.32,356.24,63.44
43.92,-92.72,-136.64,24.4,87.84,-117.12,107.36,258.64,634.4,551.44,361.12,68.32
9.76,-97.6,-107.36,43.92,58.56,-102.48,97.6,244,624.64,536.8,346.48,53.68
34.16,-87.84,-122,29.28,78.08,-107.36,82.96,234.24,619.76,527.04,331.84,43.92
58.56,-78.08,-136.64,9.76,97.6,-107.36,82.96,224.48,605.12,522.16,331.84,43.92
63.44,-92.72,-156.16,14.64,107.36,-126.88,68.32,209.84,585.6,507.52,322.08,39.04
53.68,-97.6,-151.28,24.4,102.48,-126.88,73.2,209.84,595.36,507.52,322.08,48.8
58.56,-107.36,-165.92,24.4,112.24,-136.64,78.08,204.96,575.84,497.76,317.2,48.8
48.8,-122,-170.8,39.04,107.36,-146.4,82.96,195.2,556.32,483.12,326.96,53.68
58.56,-117.12,-175.68,29.28,117.12,-146.4,73.2,190.32,541.68,468.48,322.08,48.8
48.8,-117.12,-165.92,34.16,107.36,-141.52,73.2,175.68,531.92,453.84,312.32,48.8
-9.76,-102.48,-92.72,58.56,39.04,-97.6,92.72,185.44,541.68,458.72,322.08,63.44
-14.64,-97.6,-82.96,58.56,34.16,-92.72,97.6,175.68,527.04,444.08,312.32,58.56
9.76,-107.36,-117.12,48.8,63.44,-112.24,92.72,141.52,492.88,414.8,283.04,39.04
29.28,-97.6,-126.88,34.16,78.08,-112.24,78.08,122,473.36,395.28,268.4,34.16
48.8,-92.72,-141.52,24.4,92.72,-117.12,58.56,102.48,444.08,385.52,258.64,24.4
39.04,-117.12,-156.16,39.04,97.6,-136.64,63.44,102.48,448.96,380.64,263.52,34.16
39.04,-126.88,-165.92,43.92,102.48,-146.4,58.56,82.96,419.68,356.24,258.64,34.16
43.92,-102.48,-146.4,29.28,92.72,-126.88,58.56,58.56,380.64,322.08,244,29.28
63.44,-97.6,-161.04,19.52,112.24,-131.76,43.92,48.8,366,302.56,229.36,29.28
53.68,-112.24,-165.92,29.28,107.36,-141.52,43.92,29.28,341.6,283.04,214.72,19.52
34.16,-122,-156.16,43.92,92.72,-141.52,43.92,14.64,322.08,258.64,195.2,14.64
4.88,-122,-126.88,58.56,63.44,-126.88,63.44,4.88,312.32,248.88,190.32,9.76
-9.76,-122,-112.24,68.32,48.8,-117.12,58.56,-4.88,292.8,229.36,175.68,0
-24.4,-122,-97.6,73.2,34.16,-112.24,48.8,-24.4,278.16,224.48,170.8,0
-29.28,-122,-92.72,78.08,29.28,-107.36,53.68,-29.28,278.16,214.72,170.8,4.88
-4.88,-126.88,-122,68.32,58.56,-126.88,39.04,-48.8,239.12,185.44,151.28,-9.76
9.76,-131.76,-141.52,63.44,73.2,-136.64,39.04,-63.44,204.96,170.8,151.28,-9.76
4.88,-156.16,-161.04,78.08,82.96,-161.04,39.04,-78.08,180.56,141.52,136.64,-19.52
0,-170.8,-170.8,87.84,82.96,-170.8,34.16,-97.6,175.68,117.12,122,-24.4
4.88,-165.92,-170.8,82.96,87.84,-170.8,34.16,-107.36,146.4,97.6,112.24,-34.16
-4.88,-170.8,-165.92,87.84,78.08,-170.8,29.28,-122,126.88,78.08,92.72,-43.92
-14.64,-161.04,-146.4,87.84,63.44,-156.16,39.04,-136.64,117.12,58.56,82.96,-58.56
19.52,-141.52,-161.04,63.44,87.84,-151.28,24.4,-151.28,102.48,39.04,63.44,-68.32
29.28,-141.52,-170.8,58.56,97.6,-156.16,29.28,-161.04,82.96,34.16,58.56,-73.2
-4.88,-146.4,-141.52,78.08,68.32,-146.4,29.28,-175.68,58.56,19.52,53.68,-82.96
0,-161.04,-161.04,82.96,78.08,-161.04,48.8,-185.44,53.68,4.88,48.8,-87.84
4.88,-170.8,-175.68,82.96,87.84,-175.68,48.8,-195.2,29.28,-9.76,39.04,-92.72
-24.4,-175.68,-151.28,102.48,63.44,-165.92,39.04,-195.2,29.28,-9.76,48.8,-73.2
-48.8,-180.56,-131.76,117.12,39.04,-156.16,48.8,-195.2,24.4,-19.52,43.92,-78.08
-78.08,-195.2,-117.12,136.64,19.52,-156.16,53.68,-200.08,14.64,-29.28,34.16,-82.96
-48.8,-195.2,-146.4,122,48.8,-170.8,39.04,-214.72,0,-48.8,14.64,-97.6
-19.52,-180.56,-161.04,102.48,68.32,-170.8,34.16,-234.24,-24.4,-73.2,-9.76,-117.12
14.64,-151.28,-165.92,68.32,87.84,-161.04,43.92,-234.24,-24.4,-73.2,-19.52,-122
9.76,-151.28,-161.04,73.2,82.96,-156.16,39.04,-244,-34.16,-82.96,-24.4,-126.88
-29.28,-165.92,-136.64,97.6,53.68,-151.28,43.92,-248.88,-43.92,-82.96,-24.4,-126.88
-29.28,-175.68,-146.4,102.48,58.56,-161.04,43.92,-248.88,-48.8,-82.96,-24.4,-126.88
-4.88,-190.32,-185.44,97.6,87.84,-190.32,39.04,-258.64,-63.44,-97.6,-29.28,-136.64
0,-190.32,-190.32,97.6,92.72,-190.32,29.28,-268.4,-73.2,-117.12,-43.92,-146.4
-9.76,-195.2,-185.44,102.48,87.84,-190.32,29.28,-283.04,-82.96,-126.88,-53.68,-156.16
-43.92,-209.84,-165.92,126.88,58.56,-190.32,29.28,-283.04,-73.2,-136.64,-63.44,-161.04
-53.68,-214.72,-161.04,136.64,53.68,-190.32,29.28,-287.92,-92.72,-146.4,-68.32,-170.8
-39.04,-200.08,-161.04,122,58.56,-180.56,29.28,-292.8,-97.6,-156.16,-78.08,-180.56
-34.16,-195.2,-161.04,117.12,63.44,-180.56,39.04,-283.04,-87.84,-141.52,-78.08,-175.68
-68.32,-200.08,-131.76,136.64,29.28,-165.92,53.68,-278.16,-73.2,-131.76,-63.44,-170.8
-78.08,-200.08,-122,141.52,19.52,-161.04,58.56,-273.28,-68.32,-126.88,-63.44,-170.8
-78.08,-195.2,-117.12,136.64,19.52,-156.16,73.2,-268.4,-58.56,-122,-58.56,-165.92
-43.92,-190.32,-146.4,117.12,48.8,-170.8,63.44,-268.4,-78.08,-126.88,-53.68,-165.92
-43.92,-200.08,-156.16,122,53.68,-180.56,53.68,-273.28,-78.08,-126.88,-58.56,-161.04
-53.68,-204.96,-151.28,131.76,48.8,-180.56,58.56,-268.4,-78.08,-126.88,-58.56,-165.92
-53.68,-204.96,-151.28,131.76,48.8,-180.56,53.68,-273.28,-82.96,-136.64,-68.32,-175.68
-39.04,-204.96,-165.92,122,63.44,-185.44,48.8,-278.16,-87.84,-146.4,-78.08,-185.44
-43.92,-195.2,-151.28,122,53.68,-175.68,78.08,-273.28,-82.96,-146.4,-78.08,-190.32
-53.68,-204.96,-151.28,131.76,48.8,-180.56,82.96,-278.16,-82.96,-146.4,-82.96,-200.08
-68.32,-209.84,-141.52,141.52,34.16,-175.68,68.32,-278.16,-78.08,-141.52,-82.96,-200.08
-73.2,-190.32,-117.12,131.76,19.52,-156.16,78.08,-263.52,-68.32,-122,-58.56,-180.56
-43.92,-185.44,-141.52,117.12,48.8,-165.92,73.2,-258.64,-63.44,-117.12,-53.68,-180.56
-24.4,-185.44,-161.04,107.36,68.32,-175.68,73.2,-263.52,-58.56,-112.24,-48.8,-175.68
-39.04,-190.32,-151.28,117.12,53.68,-170.8,82.96,-253.76,-24.4,-107.36,-39.04,-165.92
-43.92,-195.2,-151.28,122,53.68,-175.68,82.96,-248.88,-43.92,-107.36,-34.16,-161.04
-24.4,-185.44,-161.04,107.36,68.32,-175.68,78.08,-253.76,-48.8,-117.12,-48.8,-170.8
-39.04,-185.44,-146.4,112.24,53.68,-165.92,78.08,-258.64,-53.68,-126.88,-53.68,-180.56
-34.16,-185.44,-151.28,112.24,58.56,-170.8,78.08,-258.64,-48.8,-122,-53.68,-180.56
-39.04,-190.32,-151.28,117.12,53.68,-170.8,87.84,-253.76,-39.04,-112.24,-53.68,-180.56
-39.04,-185.44,-146.4,112.24,53.68,-165.92,82.96,-253.76,-39.04,-107.36,-53.68,-180.56
-39.04,-180.56,-141.52,112.24,48.8,-161.04,87.84,-248.88,-34.16,-97.6,-39.04,-170.8
-39.04,-180.56,-141.52,112.24,48.8,-161.04,97.6,-239.12,-29.28,-87.84,-29.28,-170.8
-24.4,-185.44,-161.04,107.36,68.32,-175.68,102.48,-239.12,-29.28,-87.84,-24.4,-165.92
-34.16,-200.08,-165.92,117.12,63.44,-185.44,102.48,-224.48,-9.76,-73.2,-14.64,-151.28
-43.92,-190.32,-146.4,117.12,48.8,-170.8,107.36,-224.48,-9.76,-73.2,-19.52,-156.16
-34.16,-175.68,-141.52,107.36,53.68,-161.04,107.36,-229.36,-9.76,-87.84,-39.04,-170.8
-34.16,-190.32,-156.16,112.24,58.56,-175.68,112.24,-229.36,-9.76,-87.84,-34.16,-170.8
-43.92,-190.32,-146.4,117.12,48.8,-170.8,107.36,-229.36,-4.88,-78.08,-39.04,-170.8
-9.76,-175.68,-165.92,92.72,78.08,-170.8,107.36,-229.36,-4.88,-78.08,-39.04,-175.68
-4.88,-165.92,-161.04,87.84,78.08,-165.92,107.36,-224.48,0,-68.32,-34.16,-175.68
-9.76,-161.04,-151.28,87.84,68.32,-156.16,107.36,-219.6,0,-63.44,-29.28,-170.8
14.64,-165.92,-180.56,78.08,97.6,-175.68,102.48,-229.36,-9.76,-58.56,-29.28,-170.8
24.4,-175.68,-200.08,78.08,112.24,-190.32,102.48,-229.36,-14.64,-68.32,-29.28,-170.8
0,-165.92,-165.92,82.96,82.96,-165.92,131.76,-209.84,9.76,-43.92,-4.88,-141.52
-34.16,-161.04,-126.88,97.6,43.92,-146.4,141.52,-190.32,29.28,-29.28,9.76,-126.88
-24.4,-165.92,-141.52,97.6,58.56,-156.16,136.64,-200.08,34.16,-43.92,-9.76,-141.52
-39.04,-170.8,-131.76,107.36,43.92,-151.28,161.04,-195.2,29.28,-34.16,0,-136.64
-82.96,-170.8,-87.84,126.88,0,-131.76,156.16,-190.32,39.04,-24.4,0,-141.52
-58.56,-165.92,-107.36,112.24,24.4,-136.64,141.52,-200.08,34.16,-34.16,-4.88,-146.4
-43.92,-170.8,-126.88,107.36,39.04,-151.28,136.64,-214.72,24.4,-34.16,-9.76,-161.04
-43.92,-175.68,-131.76,112.24,43.92,-156.16,126.88,-219.6,9.76,-43.92,-14.64,-161.04
-39.04,-165.92,-126.88,102.48,43.92,-146.4,122,-214.72,14.64,-39.04,-4.88,-156.16
-43.92,-190.32,-146.4,117.12,48.8,-170.8,136.64,-209.84,14.64,-39.04,0,-151.28
-48.8,-200.08,-151.28,126.88,48.8,-175.68,131.76,-209.84,24.4,-39.04,0,-146.4
-43.92,-185.44,-141.52,117.12,48.8,-165.92,141.52,-200.08,29.28,-29.28,14.64,-131.76
-29.28,-165.92,-136.64,97.6,53.68,-151.28,136.64,-204.96,29.28,-34.16,-4.88,-136.64
-9.76,-161.04,-151.28,87.84,68.32,-156.16,131.76,-209.84,24.4,-39.04,-14.64,-141.52
-9.76,-156.16,-146.4,82.96,68.32,-151.28,146.4,-214.72,24.4,-39.04,-29.28,-146.4
-24.4,-161.04,-136.64,92.72,53.68,-151.28,156.16,-209.84,39.04,-39.04,-24.4,-141.52
-14.64,-151.28,-136.64,82.96,58.56,-146.4,136.64,-214.72,24.4,-39.04,-24.4,-146.4
-29.28,-146.4,-117.12,87.84,43.92,-131.76,151.28,-204.96,24.4,-34.16,-19.52,-136.64
-9.76,-161.04,-151.28,87.84,68.32,-156.16,141.52,-219.6,4.88,-43.92,-29.28,-146.4
-4.88,-170.8,-165.92,87.84,78.08,-170.8,126.88,-219.6,0,-48.8,-29.28,-141.52
-14.64,-190.32,-175.68,102.48,78.08,-185.44,141.52,-219.6,0,-53.68,-29.28,-146.4
-34.16,-195.2,-161.04,117.12,63.44,-180.56,141.52,-209.84,4.88,-48.8,-19.52,-136.64
-48.8,-185.44,-136.64,117.12,43.92,-161.04,151.28,-204.96,9.76,-48.8,-24.4,-136.64
-39.04,-190.32,-151.28,117.12,53.68,-170.8,161.04,-214.72,0,-58.56,-39.04,-146.4
-24.4,-165.92,-141.52,97.6,58.56,-156.16,146.4,-214.72,0,-53.68,-39.04,-146.4
-19.52,-165.92,-146.4,92.72,63.44,-156.16,146.4,-219.6,-4.88,-63.44,-43.92,-156.16
-34.16,-175.68,-141.52,107.36,53.68,-161.04,151.28,-219.6,-4.88,-63.44,-43.92,-151.28
-34.16,-165.92,-131.76,102.48,48.8,-151.28,156.16,-214.72,-9.76,-53.68,-34.16,-146.4
-48.8,-165.92,-117.12,107.36,34.16,-141.52,175.68,-209.84,0,-48.8,-24.4,-136.64
-19.52,-170.8,-151.28,97.6,63.44,-161.04,165.92,-219.6,-14.64,-63.44,-29.28,-136.64
-4.88,-180.56,-175.68,92.72,82.96,-180.56,161.04,-234.24,-29.28,-78.08,-39.04,-151.28
-29.28,-200.08,-170.8,117.12,68.32,-185.44,165.92,-234.24,-39.04,-82.96,-43.92,-151.28
-14.64,-200.08,-185.44,107.36,82.96,-195.2,136.64,-244,-48.8,-102.48,-58.56,-165.92
0,-200.08,-200.08,102.48,97.6,-200.08,126.88,-248.88,-53.68,-112.24,-68.32,-175.68
-24.4,-175.68,-151.28,102.48,63.44,-165.92,136.64,-244,-48.8,-102.48,-63.44,-170.8
-34.16,-165.92,-131.76,102.48,48.8,-151.28,165.92,-234.24,-39.04,-87.84,-48.8,-161.04
0,-170.8,-170.8,87.84,82.96,-170.8,146.4,-253.76,-53.68,-107.36,-63.44,-180.56
4.88,-175.68,-180.56,87.84,92.72,-180.56,141.52,-253.76,-63.44,-107.36,-68.32,-180.56
-48.8,-170.8,-122,112.24,34.16,-146.4,165.92,-234.24,-43.92,-87.84,-43.92,-156.16
-53.68,-180.56,-126.88,117.12,34.16,-156.16,165.92,-234.24,-53.68,-92.72,-43.92,-151.28
-19.52,-185.44,-165.92,102.48,73.2,-175.68,165.92,-244,-58.56,-102.48,-48.8,-161.04
-48.8,-185.44,-136.64,117.12,43.92,-161.04,165.92,-239.12,-48.8,-92.72,-43.92,-151.28
-34.16,-180.56,-146.4,107.36,53.68,-165.92,151.28,-244,-53.68,-102.48,-58.56,-156.16
-43.92,-185.44,-141.52,117.12,48.8,-165.92,156.16,-239.12,-68.32,-97.6,-58.56,-146.4
-48.8,-185.44,-136.64,117.12,43.92,-161.04,151.28,-248.88,-78.08,-107.36,-73.2,-161.04
-39.04,-175.68,-136.64,107.36,48.8,-156.16,146.4,-268.4,-92.72,-126.88,-92.72,-175.68
-53.68,-175.68,-122,117.12,34.16,-151.28,146.4,-268.4,-82.96,-122,-87.84,-170.8
-39.04,-185.44,-146.4,112.24,53.68,-165.92,131.76,-283.04,-107.36,-126.88,-97.6,-175.68
-29.28,-180.56,-151.28,107.36,58.56,-165.92,146.4,-278.16,-107.36,-126.88,-92.72,-165.92
-34.16,-175.68,-141.52,107.36,53.68,-161.04,146.4,-263.52,-102.48,-117.12,-87.84,-156.16
-34.16,-175.68,-141.52,107.36,53.68,-161.04,151.28,-263.52,-102.48,-112.24,-78.08,-151.28
-14.64,-185.44,-170.8,102.48,78.08,-180.56,151.28,-268.4,-112.24,-131.76,-92.72,-161.04
-9.76,-190.32,-180.56,102.48,82.96,-185.44,131.76,-278.16,-122,-146.4,-112.24,-180.56
-9.76,-185.44,-175.68,97.6,82.96,-180.56,131.76,-283.04,-126.88,-151.28,-117.12,-180.56
-24.4,-185.44,-161.04,107.36,68.32,-175.68,136.64,-283.04,-122,-146.4,-122,-180.56
-53.68,-190.32,-136.64,122,39.04,-165.92,141.52,-287.92,-117.12,-146.4,-122,-180.56
-63.44,-180.56,-117.12,122,24.4,-151.28,151.28,-278.16,-126.88,-141.52,-117.12,-175.68
-63.44,-180.56,-117.12,122,24.4,-151.28,146.4,-278.16,-131.76,-136.64,-112.24,-175.68
-58.56,-180.56,-122,122,29.28,-151.28,156.16,-273.28,-131.76,-136.64,-102.48,-165.92
-34.16,-180.56,-146.4,107.36,53.68,-165.92,151.28,-278.16,-141.52,-141.52,-107.36,-165.92
-43.92,-190.32,-146.4,117.12,48.8,-170.8,151.28,-268.4,-122,-131.76,-92.72,-156.16
-68.32,-190.32,-122,131.76,24.4,-156.16,151.28,-268.4,-126.88,-131.76,-87.84,-156.16
-48.8,-185.44,-136.64,117.12,43.92,-161.04,141.52,-273.28,-141.52,-141.52,-102.48,-161.04
-34.16,-175.68,-141.52,107.36,53.68,-161.04,141.52,-287.92,-156.16,-156.16,-122,-175.68
-34.16,-180.56,-146.4,107.36,53.68,-165.92,141.52,-292.8,-161.04,-161.04,-122,-180.56
-39.04,-185.44,-146.4,112.24,53.68,-165.92,136.64,-292.8,-165.92,-156.16,-131.76,-180.56
-34.16,-190.32,-156.16,112.24,58.56,-175.68,126.88,-297.68,-165.92,-161.04,-136.64,-190.32
-24.4,-185.44,-161.04,107.36,68.32,-175.68,126.88,-297.68,-175.68,-161.04,-131.76,-190.32
-9.76,-185.44,-175.68,97.6,82.96,-180.56,126.88,-297.68,-175.68,-161.04,-131.76,-185.44
-4.88,-170.8,-165.92,87.84,78.08,-170.8,136.64,-292.8,-175.68,-156.16,-126.88,-175.68
-24.4,-165.92,-141.52,97.6,58.56,-156.16,146.4,-278.16,-165.92,-146.4,-107.36,-165.92
-43.92,-185.44,-141.52,117.12,48.8,-165.92,151.28,-283.04,-165.92,-151.28,-112.24,-170.8
-34.16,-185.44,-151.28,112.24,58.56,-170.8,161.04,-287.92,-165.92,-156.16,-117.12,-170.8
-39.04,-180.56,-141.52,112.24,48.8,-161.04,146.4,-292.8,-165.92,-161.04,-126.88,-180.56
-48.8,-185.44,-136.64,117.12,43.92,-161.04,141.52,-292.8,-170.8,-170.8,-131.76,-195.2
-43.92,-175.68,-131.76,112.24,43.92,-156.16,156.16,-297.68,-156.16,-165.92,-136.64,-190.32
-48.8,-170.8,-122,112.24,34.16,-146.4,156.16,-297.68,-175.68,-165.92,-131.76,-190.32
-58.56,-165.92,-107.36,112.24,24.4,-136.64,165.92,-292.8,-175.68,-156.16,-122,-185.44
-48.8,-180.56,-131.76,117.12,39.04,-156.16,151.28,-292.8,-175.68,-156.16,-117.12,-180.56
-48.8,-204.96,-156.16,126.88,53.68,-180.56,146.4,-302.56,-195.2,-161.04,-117.12,-180.56
-29.28,-204.96,-175.68,117.12,73.2,-190.32,146.4,-302.56,-200.08,-156.16,-117.12,-180.56
-34.16,-200.08,-165.92,117.12,63.44,-185.44,156.16,-302.56,-195.2,-161.04,-112.24,-185.44
-19.52,-200.08,-180.56,112.24,78.08,-190.32,136.64,-307.44,-200.08,-165.92,-122,-185.44
-14.64,-195.2,-180.56,107.36,82.96,-190.32,131.76,-312.32,-204.96,-170.8,-136.64,-200.08
-29.28,-185.44,-156.16,107.36,63.44,-170.8,146.4,-307.44,-195.2,-170.8,-131.76,-195.2
-43.92,-180.56,-136.64,112.24,43.92,-161.04,156.16,-297.68,-195.2,-161.04,-136.64,-190.32
-53.68,-180.56,-126.88,117.12,34.16,-156.16,165.92,-297.68,-190.32,-161.04,-136.64,-185.44
-43.92,-190.32,-146.4,117.12,48.8,-170.8,156.16,-307.44,-195.2,-170.8,-136.64,-195.2
-29.28,-200.08,-170.8,117.12,68.32,-185.44,156.16,-312.32,-200.08,-170.8,-136.64,-190.32
-24.4,-204.96,-180.56,117.12,78.08,-195.2,165.92,-312.32,-214.72,-170.8,-136.64,-190.32
-29.28,-200.08,-170.8,117.12,68.32,-185.44,151.28,-307.44,-204.96,-165.92,-131.76,-190.32
-48.8,-200.08,-151.28,126.88,48.8,-175.68,156.16,-302.56,-200.08,-161.04,-122,-180.56
-58.56,-195.2,-136.64,126.88,39.04,-165.92,156.16,-297.68,-209.84,-161.04,-131.76,-180.56
-48.8,-180.56,-131.76,117.12,39.04,-156.16,165.92,-297.68,-204.96,-161.04,-141.52,-185.44
-48.8,-180.56,-131.76,117.12,39.04,-156.16,175.68,-292.8,-204.96,-156.16,-141.52,-190.32
-24.4,-180.56,-156.16,102.48,63.44,-170.8,161.04,-302.56,-209.84,-165.92,-156.16,-195.2
-14.64,-175.68,-161.04,97.6,73.2,-170.8,156.16,-302.56,-214.72,-165.92,-165.92,-200.08
-14.64,-185.44,-170.8,102.48,78.08,-180.56,165.92,-302.56,-219.6,-161.04,-156.16,-200.08
-19.52,-190.32,-170.8,107.36,73.2,-180.56,180.56,-292.8,-209.84,-151.28,-146.4,-185.44
-19.52,-170.8,-151.28,97.6,63.44,-161.04,180.56,-297.68,-214.72,-161.04,-151.28,-190.32
-34.16,-190.32,-156.16,112.24,58.56,-175.68,165.92,-302.56,-224.48,-170.8,-156.16,-200.08
-34.16,-190.32,-156.16,112.24,58.56,-175.68,175.68,-292.8,-224.48,-170.8,-151.28,-195.2
-43.92,-195.2,-151.28,122,53.68,-175.68,175.68,-292.8,-219.6,-165.92,-161.04,-190.32
-43.92,-190.32,-146.4,117.12,48.8,-170.8,165.92,-287.92,-219.6,-165.92,-161.04,-190.32
-29.28,-175.68,-146.4,102.48,58.56,-161.04,170.8,-287.92,-219.6,-161.04,-156.16,-190.32
-48.8,-190.32,-141.52,122,43.92,-165.92,170.8,-297.68,-224.48,-165.92,-165.92,-190.32
-53.68,-180.56,-126.88,117.12,34.16,-156.16,175.68,-302.56,-214.72,-165.92,-165.92,-195.2
-24.4,-175.68,-151.28,102.48,63.44,-165.92,161.04,-302.56,-214.72,-170.8,-161.04,-204.96
-24.4,-190.32,-165.92,107.36,68.32,-180.56,161.04,-307.44,-234.24,-175.68,-161.04,-204.96
-14.64,-195.2,-180.56,107.36,82.96,-190.32,161.04,-307.44,-224.48,-170.8,-156.16,-200.08
-14.64,-204.96,-190.32,112.24,87.84,-200.08,146.4,-312.32,-229.36,-175.68,-156.16,-204.96
-19.52,-204.96,-185.44,112.24,82.96,-195.2,156.16,-302.56,-234.24,-170.8,-151.28,-200.08
-34.16,-200.08,-165.92,117.12,63.44,-185.44,151.28,-302.56,-234.24,-175.68,-156.16,-195.2
-48.8,-200.08,-151.28,126.88,48.8,-175.68,151.28,-312.32,-229.36,-175.68,-161.04,-204.96
-58.56,-200.08,-141.52,131.76,39.04,-170.8,151.28,-307.44,-229.36,-175.68,-156.16,-204.96
-53.68,-195.2,-141.52,126.88,43.92,-170.8,161.04,-307.44,-234.24,-175.68,-165.92,-200.08
-39.04,-185.44,-146.4,112.24,53.68,-165.92,161.04,-312.32,-234.24,-175.68,-170.8,-204.96
-34.16,-175.68,-141.52,107.36,53.68,-161.04,165.92,-302.56,-229.36,-165.92,-156.16,-195.2
-24.4,-185.44,-161.04,107.36,68.32,-175.68,161.04,-307.44,-234.24,-170.8,-161.04,-195.2
-14.64,-195.2,-180.56,107.36,82.96,-190.32,151.28,-307.44,-234.24,-175.68,-161.04,-200.08
-43.92,-200.08,-156.16,122,53.68,-180.56,165.92,-297.68,-229.36,-165.92,-146.4,-195.2
-63.44,-204.96,-141.52,136.64,39.04,-175.68,170.8,-297.68,-234.24,-165.92,-146.4,-195.2
-53.68,-204.96,-151.28,131.76,48.8,-180.56,151.28,-312.32,-234.24,-175.68,-156.16,-195.2
-24.4,-195.2,-170.8,112.24,73.2,-185.44,156.16,-312.32,-239.12,-180.56,-165.92,-204.96
-53.68,-200.08,-146.4,126.88,43.92,-175.68,156.16,-317.2,-239.12,-185.44,-165.92,-209.84
-63.44,-195.2,-131.76,131.76,34.16,-165.92,146.4,-312.32,-244,-180.56,-165.92,-204.96
-63.44,-190.32,-126.88,126.88,29.28,-161.04,151.28,-312.32,-239.12,-180.56,-170.8,-204.96
-29.28,-190.32,-161.04,112.24,63.44,-175.68,151.28,-312.32,-244,-175.68,-165.92,-209.84
-4.88,-180.56,-175.68,92.72,82.96,-180.56,146.4,-312.32,-244,-175.68,-161.04,-204.96
9.76,-180.56,-190.32,87.84,97.6,-185.44,151.28,-317.2,-253.76,-185.44,-170.8,-209.84
4.88,-190.32,-195.2,92.72,97.6,-195.2,141.52,-317.2,-253.76,-185.44,-165.92,-209.84
-29.28,-190.32,-161.04,112.24,63.44,-175.68,151.28,-307.44,-239.12,-175.68,-156.16,-204.96
-58.56,-190.32,-131.76,126.88,34.16,-161.04,156.16,-292.8,-219.6,-170.8,-146.4,-195.2
-53.68,-180.56,-126.88,117.12,34.16,-156.16,151.28,-297.68,-234.24,-175.68,-161.04,-204.96
-53.68,-195.2,-141.52,126.88,43.92,-170.8,146.4,-312.32,-244,-185.44,-170.8,-219.6
-53.68,-185.44,-131.76,122,39.04,-161.04,165.92,-317.2,-248.88,-185.44,-170.8,-219.6
-24.4,-165.92,-141.52,97.6,58.56,-156.16,151.28,-317.2,-248.88,-180.56,-175.68,-219.6
0,-165.92,-165.92,82.96,82.96,-165.92,141.52,-317.2,-253.76,-180.56,-175.68,-214.72
14.64,-156.16,-170.8,73.2,92.72,-165.92,146.4,-317.2,-248.88,-175.68,-170.8,-209.84
-9.76,-175.68,-165.92,92.72,78.08,-170.8,146.4,-317.2,-253.76,-170.8,-165.92,-209.84
-48.8,-190.32,-141.52,122,43.92,-165.92,146.4,-307.44,-244,-161.04,-165.92,-195.2
-39.04,-180.56,-141.52,112.24,48.8,-161.04,151.28,-302.56,-239.12,-165.92,-161.04,-195.2
-39.04,-175.68,-136.64,107.36,48.8,-156.16,156.16,-302.56,-239.12,-165.92,-170.8,-195.2
-43.92,-180.56,-136.64,112.24,43.92,-161.04,161.04,-307.44,-234.24,-180.56,-185.44,-209.84
-48.8,-195.2,-146.4,122,48.8,-170.8,136.64,-312.32,-244,-190.32,-190.32,-219.6
-68.32,-195.2,-126.88,131.76,29.28,-161.04,136.64,-312.32,-258.64,-190.32,-190.32,-224.48
-63.44,-185.44,-122,126.88,29.28,-156.16,146.4,-312.32,-248.88,-180.56,-180.56,-214.72
-39.04,-185.44,-146.4,112.24,53.68,-165.92,146.4,-317.2,-253.76,-180.56,-190.32,-219.6
-29.28,-200.08,-170.8,117.12,68.32,-185.44,126.88,-326.96,-258.64,-190.32,-190.32,-219.6
-39.04,-200.08,-161.04,122,58.56,-180.56,136.64,-322.08,-263.52,-190.32,-190.32,-219.6
-39.04,-204.96,-165.92,122,63.44,-185.44,151.28,-312.32,-248.88,-180.56,-190.32,-204.96
-34.16,-204.96,-170.8,122,68.32,-190.32,126.88,-322.08,-253.76,-190.32,-195.2,-219.6
-24.4,-195.2,-170.8,112.24,73.2,-185.44,126.88,-317.2,-258.64,-190.32,-195.2,-214.72
-53.68,-180.56,-126.88,117.12,34.16,-156.16,136.64,-307.44,-253.76,-180.56,-185.44,-209.84
-39.04,-170.8,-131.76,107.36,43.92,-151.28,131.76,-307.44,-253.76,-185.44,-190.32,-214.72
-43.92,-175.68,-131.76,112.24,43.92,-156.16,136.64,-307.44,-244,-190.32,-195.2,-224.48
-63.44,-175.68,-112.24,122,24.4,-146.4,136.64,-302.56,-219.6,-180.56,-185.44,-214.72
-48.8,-170.8,-122,112.24,34.16,-146.4,136.64,-307.44,-248.88,-175.68,-180.56,-214.72
-24.4,-195.2,-170.8,112.24,73.2,-185.44,131.76,-317.2,-268.4,-190.32,-190.32,-224.48
-29.28,-200.08,-170.8,117.12,68.32,-185.44,131.76,-326.96,-273.28,-195.2,-195.2,-229.36
-39.04,-209.84,-170.8,126.88,63.44,-190.32,131.76,-317.2,-263.52,-185.44,-185.44,-219.6
-43.92,-209.84,-165.92,126.88,58.56,-190.32,126.88,-317.2,-258.64,-190.32,-195.2,-224.48
-48.8,-209.84,-161.04,131.76,53.68,-185.44,117.12,-317.2,-268.4,-190.32,-195.2,-224.48
-53.68,-195.2,-141.52,126.88,43.92,-170.8,126.88,-312.32,-263.52,-185.44,-200.08,-229.36
-53.68,-200.08,-146.4,126.88,43.92,-175.68,126.88,-302.56,-263.52,-190.32,-195.2,-229.36
-48.8,-180.56,-131.76,117.12,39.04,-156.16,136.64,-302.56,-248.88,-180.56,-190.32,-229.36
-53.68,-161.04,-107.36,107.36,24.4,-136.64,131.76,-292.8,-234.24,-175.68,-185.44,-224.48
-39.04,-161.04,-122,102.48,39.04,-141.52,141.52,-307.44,-263.52,-180.56,-190.32,-234.24
-24.4,-175.68,-151.28,102.48,63.44,-165.92,122,-307.44,-268.4,-180.56,-190.32,-234.24
-29.28,-190.32,-161.04,112.24,63.44,-175.68,126.88,-307.44,-273.28,-185.44,-195.2,-239.12
-43.92,-190.32,-146.4,117.12,48.8,-170.8,141.52,-297.68,-258.64,-175.68,-180.56,-219.6
-63.44,-180.56,-117.12,122,24.4,-151.28,131.76,-292.8,-244,-170.8,-175.68,-214.72
-68.32,-170.8,-102.48,122,14.64,-136.64,136.64,-278.16,-244,-165.92,-165.92,-204.96
-39.04,-161.04,-122,102.48,39.04,-141.52,131.76,-292.8,-248.88,-180.56,-180.56,-224.48
-24.4,-165.92,-141.52,97.6,58.56,-156.16,131.76,-312.32,-273.28,-195.2,-195.2,-234.24
-24.4,-165.92,-141.52,97.6,58.56,-156.16,126.88,-312.32,-278.16,-195.2,-200.08,-244
-29.28,-165.92,-136.64,97.6,53.68,-151.28,117.12,-312.32,-258.64,-185.44,-190.32,-234.24
-43.92,-170.8,-126.88,107.36,39.04,-151.28,117.12,-307.44,-253.76,-185.44,-190.32,-244
-43.92,-170.8,-126.88,107.36,39.04,-151.28,126.88,-307.44,-268.4,-185.44,-180.56,-234.24
-58.56,-180.56,-122,122,29.28,-151.28,122,-307.44,-268.4,-180.56,-180.56,-234.24
-39.04,-175.68,-136.64,107.36,48.8,-156.16,117.12,-302.56,-263.52,-175.68,-175.68,-229.36
-29.28,-161.04,-131.76,97.6,48.8,-146.4,112.24,-297.68,-263.52,-180.56,-175.68,-234.24
-58.56,-170.8,-112.24,117.12,24.4,-141.52,117.12,-292.8,-253.76,-175.68,-175.68,-224.48
-68.32,-161.04,-92.72,117.12,9.76,-126.88,122,-287.92,-248.88,-175.68,-175.68,-229.36
-29.28,-146.4,-117.12,87.84,43.92,-131.76,122,-297.68,-253.76,-190.32,-190.32,-239.12
-14.64,-141.52,-126.88,78.08,53.68,-136.64,122,-297.68,-263.52,-195.2,-190.32,-244
-14.64,-141.52,-126.88,78.08,53.68,-136.64,117.12,-297.68,-258.64,-185.44,-185.44,-234.24
-4.88,-146.4,-141.52,78.08,68.32,-146.4,107.36,-302.56,-263.52,-190.32,-195.2,-244
4.88,-165.92,-170.8,82.96,87.84,-170.8,92.72,-312.32,-268.4,-200.08,-195.2,-253.76
4.88,-175.68,-180.56,87.84,92.72,-180.56,87.84,-312.32,-273.28,-200.08,-200.08,-258.64
-19.52,-185.44,-165.92,102.48,73.2,-175.68,107.36,-297.68,-253.76,-185.44,-180.56,-234.24
-97.6,-185.44,-87.84,141.52,-4.88,-136.64,131.76,-278.16,-239.12,-165.92,-161.04,-214.72
-112.24,-190.32,-78.08,151.28,-19.52,-136.64,126.88,-278.16,-234.24,-165.92,-156.16,-219.6
-87.84,-190.32,-102.48,141.52,4.88,-146.4,122,-292.8,-244,-175.68,-175.68,-234.24
-58.56,-185.44,-126.88,122,34.16,-156.16,112.24,-297.68,-244,-180.56,-180.56,-239.12
-48.8,-170.8,-122,112.24,34.16,-146.4,102.48,-302.56,-234.24,-180.56,-175.68,-234.24
-43.92,-170.8,-126.88,107.36,39.04,-151.28,102.48,-307.44,-253.76,-185.44,-185.44,-234.24
-63.44,-175.68,-112.24,122,24.4,-146.4,112.24,-302.56,-248.88,-185.44,-180.56,-234.24
-34.16,-175.68,-141.52,107.36,53.68,-161.04,97.6,-302.56,-244,-185.44,-180.56,-234.24
-4.88,-151.28,-146.4,78.08,68.32,-151.28,102.48,-297.68,-248.88,-185.44,-180.56,-234.24
-9.76,-165.92,-156.16,87.84,73.2,-161.04,117.12,-287.92,-244,-175.68,-170.8,-214.72
-29.28,-175.68,-146.4,102.48,58.56,-161.04,102.48,-287.92,-244,-175.68,-185.44,-224.48
-9.76,-170.8,-161.04,92.72,73.2,-165.92,97.6,-283.04,-248.88,-180.56,-190.32,-224.48
4.88,-185.44,-190.32,92.72,97.6,-190.32,97.6,-292.8,-253.76,-190.32,-200.08,-229.36
-4.88,-170.8,-165.92,87.84,78.08,-170.8,92.72,-297.68,-268.4,-200.08,-204.96,-234.24
-34.16,-146.4,-112.24,92.72,39.04,-131.76,92.72,-297.68,-253.76,-185.44,-190.32,-219.6
-68.32,-165.92,-97.6,117.12,14.64,-131.76,92.72,-297.68,-253.76,-180.56,-185.44,-214.72
-63.44,-161.04,-97.6,112.24,14.64,-131.76,97.6,-287.92,-244,-165.92,-170.8,-204.96
-48.8,-161.04,-112.24,107.36,29.28,-136.64,97.6,-292.8,-248.88,-170.8,-175.68,-200.08
-39.04,-180.56,-141.52,112.24,48.8,-161.04,87.84,-307.44,-263.52,-185.44,-185.44,-214.72
-34.16,-170.8,-136.64,102.48,48.8,-156.16,97.6,-287.92,-258.64,-175.68,-185.44,-209.84
-58.56,-170.8,-112.24,117.12,24.4,-141.52,97.6,-283.04,-253.76,-180.56,-180.56,-204.96
-58.56,-165.92,-107.36,112.24,24.4,-136.64,102.48,-287.92,-248.88,-180.56,-185.44,-200.08
-58.56,-165.92,-107.36,112.24,24.4,-136.64,112.24,-283.04,-239.12,-180.56,-180.56,-200.08
-78.08,-185.44,-107.36,131.76,14.64,-146.4,97.6,-292.8,-258.64,-180.56,-185.44,-195.2
-58.56,-185.44,-126.88,122,34.16,-156.16,82.96,-292.8,-268.4,-190.32,-200.08,-204.96
-29.28,-195.2,-165.92,112.24,68.32,-180.56,68.32,-307.44,-273.28,-195.2,-209.84,-214.72
-34.16,-200.08,-165.92,117.12,63.44,-185.44,82.96,-307.44,-268.4,-185.44,-200.08,-204.96
-34.16,-185.44,-151.28,112.24,58.56,-170.8,97.6,-302.56,-268.4,-175.68,-190.32,-200.08
-39.04,-175.68,-136.64,107.36,48.8,-156.16,92.72,-297.68,-258.64,-165.92,-180.56,-195.2
-39.04,-170.8,-131.76,107.36,43.92,-151.28,78.08,-307.44,-253.76,-170.8,-180.56,-195.2
-29.28,-156.16,-126.88,92.72,48.8,-141.52,82.96,-297.68,-253.76,-165.92,-180.56,-195.2
-39.04,-165.92,-126.88,102.48,43.92,-146.4,82.96,-297.68,-258.64,-165.92,-180.56,-200.08
-4.88,-170.8,-165.92,87.84,78.08,-170.8,73.2,-302.56,-268.4,-185.44,-195.2,-219.6
-9.76,-175.68,-165.92,92.72,78.08,-170.8,78.08,-297.68,-268.4,-185.44,-204.96,-214.72
-48.8,-185.44,-136.64,117.12,43.92,-161.04,97.6,-273.28,-248.88,-170.8,-195.2,-209.84
-53.68,-170.8,-117.12,112.24,29.28,-146.4,112.24,-253.76,-239.12,-156.16,-185.44,-200.08
-53.68,-161.04,-107.36,107.36,24.4,-136.64,122,-248.88,-239.12,-151.28,-190.32,-209.84
-43.92,-190.32,-146.4,117.12,48.8,-170.8,122,-239.12,-219.6,-131.76,-180.56,-204.96
-24.4,-200.08,-175.68,112.24,73.2,-190.32,102.48,-229.36,-175.68,-78.08,-131.76,-190.32
-39.04,-180.56,-141.52,112.24,48.8,-161.04,97.6,-209.84,-122,4.88,-43.92,-141.52
-24.4,-156.16,-131.76,92.72,53.68,-146.4,92.72,-190.32,-53.68,102.48,73.2,-82.96
-43.92,-131.76,-87.84,87.84,19.52,-112.24,97.6,-165.92,39.04,239.12,239.12,24.4
-43.92,-78.08,-34.16,63.44,-4.88,-58.56,78.08,-175.68,92.72,356.24,419.68,131.76
-9.76,-19.52,-9.76,14.64,0,-14.64,63.44,-204.96,117.12,478.24,629.52,278.16
43.92,29.28,-14.64,-34.16,29.28,4.88,-4.88,-287.92,82.96,575.84,839.36,419.68
107.36,73.2,-34.16,-87.84,68.32,19.52,-97.6,-400.16,24.4,653.92,1078.48,590.48
136.64,131.76,-4.88,-131.76,68.32,63.44,-165.92,-517.28,-34.16,746.64,1346.88,795.44
170.8,175.68,4.88,-170.8,82.96,87.84,-244,-644.16,-107.36,819.84,1586,966.24
219.6,209.84,-9.76,-214.72,112.24,97.6,-322.08,-751.52,-165.92,873.52,1795.84,1117.52
258.64,224.48,-34.16,-239.12,146.4,92.72,-370.88,-829.6,-234.24,878.4,1864.16,1195.6
278.16,224.48,-53.68,-248.88,165.92,82.96,-395.28,-912.56,-375.76,736.88,1747.04,1176.08
263.52,219.6,-43.92,-239.12,151.28,87.84,-419.68,-1000.4,-575.84,483.12,1464,1073.6
195.2,200.08,4.88,-195.2,92.72,102.48,-429.44,-1117.52,-829.6,107.36,1029.68,868.64
161.04,195.2,34.16,-175.68,63.44,112.24,-439.2,-1249.28,-1102.88,-297.68,570.96,658.8
151.28,195.2,43.92,-170.8,53.68,117.12,-458.72,-1356.64,-1361.52,-688.08,136.64,439.2
87.84,170.8,82.96,-126.88,0,126.88,-439.2,-1415.2,-1615.28,-1137.04,-341.6,190.32
-14.64,156.16,170.8,-68.32,-92.72,161.04,-375.76,-1434.72,-1790.96,-1488.4,-717.36,-19.52
-78.08,117.12,195.2,-19.52,-136.64,156.16,-336.72,-1385.92,-1810.48,-1595.76,-897.92,-156.16
-87.84,43.92,131.76,24.4,-112.24,87.84,-278.16,-1293.2,-1766.56,-1581.12,-980.88,-248.88
-68.32,-19.52,48.8,43.92,-58.56,14.64,-244,-1234.64,-1727.52,-1571.36,-1024.8,-317.2
-68.32,-82.96,-14.64,78.08,-29.28,-48.8,-209.84,-1205.36,-1703.12,-1556.72,-1054.08,-370.88
-92.72,-141.52,-48.8,117.12,-24.4,-97.6,-141.52,-1161.44,-1664.08,-1532.32,-1068.72,-424.56
-112.24,-209.84,-97.6,161.04,-9.76,-156.16,-102.48,-1127.28,-1615.28,-1507.92,-1098,-507.52
-146.4,-268.4,-122,209.84,-14.64,-195.2,-48.8,-1044.32,-1537.2,-1439.6,-1083.36,-551.44
-161.04,-258.64,-97.6,209.84,-34.16,-180.56,19.52,-941.84,-1424.96,-1317.6,-1015.04,-561.2
-131.76,-273.28,-141.52,204.96,4.88,-209.84,53.68,-854,-1312.72,-1220,-966.24,-585.6
-126.88,-292.8,-165.92,209.84,19.52,-229.36,87.84,-766.16,-1190.72,-1107.76,-888.16,-580.72
-126.88,-287.92,-161.04,209.84,14.64,-224.48,82.96,-688.08,-1058.96,-985.76,-800.32,-551.44
-107.36,-273.28,-165.92,190.32,29.28,-219.6,43.92,-653.92,-946.72,-868.64,-712.48,-507.52
-107.36,-273.28,-165.92,190.32,29.28,-219.6,39.04,-575.84,-819.84,-736.88,-605.12,-458.72
-107.36,-273.28,-165.92,190.32,29.28,-219.6,48.8,-488,-712.48,-634.4,-536.8,-424.56
-117.12,-273.28,-156.16,195.2,19.52,-214.72,53.68,-424.56,-619.76,-561.2,-483.12,-414.8
-117.12,-273.28,-156.16,195.2,19.52,-214.72,87.84,-356.24,-531.92,-463.6,-419.68,-385.52
-97.6,-253.76,-156.16,175.68,29.28,-204.96,117.12,-322.08,-473.36,-395.28,-366,-361.12
-97.6,-229.36,-131.76,165.92,14.64,-180.56,131.76,-287.92,-409.92,-331.84,-322.08,-331.84
-87.84,-214.72,-126.88,151.28,19.52,-170.8,136.64,-248.88,-361.12,-287.92,-287.92,-302.56
-58.56,-219.6,-161.04,141.52,48.8,-190.32,126.88,-239.12,-331.84,-263.52,-268.4,-297.68
-34.16,-200.08,-165.92,117.12,63.44,-185.44,126.88,-234.24,-312.32,-244,-253.76,-283.04
-39.04,-180.56,-141.52,112.24,48.8,-161.04,146.4,-200.08,-258.64,-200.08,-204.96,-248.88
-53.68,-185.44,-131.76,122,39.04,-161.04,156.16,-175.68,-214.72,-161.04,-165.92,-219.6
-48.8,-180.56,-131.76,117.12,39.04,-156.16,151.28,-175.68,-229.36,-156.16,-161.04,-219.6
-53.68,-175.68,-122,117.12,34.16,-151.28,146.4,-185.44,-229.36,-146.4,-151.28,-219.6
-78.08,-161.04,-82.96,122,0,-122,151.28,-170.8,-204.96,-112.24,-117.12,-200.08
-92.72,-136.64,-43.92,117.12,-24.4,-92.72,156.16,-151.28,-185.44,-92.72,-102.48,-185.44
-68.32,-131.76,-63.44,102.48,-4.88,-97.6,136.64,-156.16,-195.2,-102.48,-112.24,-200.08
-48.8,-122,-73.2,87.84,9.76,-97.6,151.28,-156.16,-195.2,-92.72,-102.48,-190.32
-34.16,-131.76,-97.6,82.96,29.28,-117.12,161.04,-156.16,-190.32,-92.72,-97.6,-180.56
-9.76,-141.52,-131.76,78.08,58.56,-136.64,141.52,-156.16,-185.44,-92.72,-112.24,-190.32
9.76,-156.16,-165.92,73.2,87.84,-161.04,146.4,-146.4,-175.68,-87.84,-112.24,-200.08
-9.76,-170.8,-161.04,92.72,73.2,-165.92,151.28,-141.52,-170.8,-82.96,-107.36,-195.2
-34.16,-146.4,-112.24,92.72,39.04,-131.76,141.52,-136.64,-151.28,-78.08,-97.6,-195.2
-43.92,-151.28,-107.36,97.6,29.28,-131.76,151.28,-126.88,-131.76,-58.56,-78.08,-185.44
-39.04,-156.16,-117.12,97.6,39.04,-136.64,141.52,-136.64,-156.16,-63.44,-73.2,-195.2
-34.16,-156.16,-122,97.6,43.92,-141.52,146.4,-151.28,-165.92,-63.44,-73.2,-195.2
-29.28,-151.28,-122,92.72,43.92,-136.64,156.16,-151.28,-161.04,-68.32,-78.08,-190.32
-29.28,-156.16,-126.88,92.72,48.8,-141.52,126.88,-165.92,-170.8,-73.2,-87.84,-200.08
-19.52,-146.4,-126.88,82.96,53.68,-136.64,122,-161.04,-170.8,-78.08,-87.84,-204.96
-14.64,-126.88,-112.24,73.2,48.8,-122,131.76,-156.16,-156.16,-68.32,-92.72,-204.96
-48.8,-131.76,-82.96,92.72,14.64,-107.36,156.16,-131.76,-126.88,-48.8,-73.2,-195.2
-58.56,-131.76,-73.2,97.6,4.88,-102.48,165.92,-122,-117.12,-34.16,-63.44,-190.32
-53.68,-141.52,-87.84,97.6,14.64,-117.12,165.92,-126.88,-112.24,-29.28,-63.44,-195.2
-63.44,-146.4,-82.96,107.36,9.76,-117.12,180.56,-126.88,-102.48,-24.4,-58.56,-180.56
-53.68,-165.92,-112.24,112.24,29.28,-141.52,175.68,-136.64,-117.12,-34.16,-53.68,-170.8
-48.8,-165.92,-117.12,107.36,34.16,-141.52,175.68,-141.52,-117.12,-29.28,-53.68,-165.92
-53.68,-161.04,-107.36,107.36,24.4,-136.64,185.44,-136.64,-102.48,-24.4,-39.04,-141.52
-29.28,-170.8,-141.52,102.48,53.68,-156.16,190.32,-146.4,-112.24,-29.28,-48.8,-141.52
-9.76,-161.04,-151.28,87.84,68.32,-156.16,175.68,-146.4,-122,-29.28,-43.92,-146.4
-19.52,-136.64,-117.12,78.08,48.8,-126.88,175.68,-141.52,-107.36,-14.64,-34.16,-136.64
-34.16,-131.76,-97.6,82.96,29.28,-117.12,195.2,-131.76,-97.6,-14.64,-24.4,-141.52
-14.64,-126.88,-112.24,73.2,48.8,-122,200.08,-126.88,-97.6,-9.76,-24.4,-151.28
-4.88,-126.88,-122,68.32,58.56,-126.88,190.32,-126.88,-92.72,-4.88,-19.52,-151.28
-43.92,-126.88,-82.96,87.84,19.52,-107.36,214.72,-117.12,-78.08,4.88,-9.76,-141.52
-34.16,-126.88,-92.72,82.96,29.28,-112.24,219.6,-117.12,-82.96,4.88,-4.88,-136.64
-14.64,-136.64,-122,78.08,53.68,-131.76,209.84,-117.12,-68.32,4.88,-4.88,-126.88
-19.52,-151.28,-131.76,87.84,53.68,-141.52,204.96,-112.24,-78.08,-4.88,-19.52,-131.76
-43.92,-156.16,-112.24,102.48,34.16,-136.64,219.6,-92.72,-68.32,4.88,-9.76,-112.24
-63.44,-161.04,-97.6,112.24,14.64,-131.76,229.36,-92.72,-63.44,14.64,4.88,-102.48
-34.16,-156.16,-122,97.6,43.92,-141.52,224.48,-87.84,-58.56,14.64,9.76,-97.6
-19.52,-151.28,-131.76,87.84,53.68,-141.52,224.48,-87.84,-53.68,19.52,14.64,-107.36
-9.76,-141.52,-131.76,78.08,58.56,-136.64,224.48,-87.84,-58.56,29.28,29.28,-112.24
4.88,-117.12,-122,58.56,63.44,-122,248.88,-82.96,-48.8,39.04,34.16,-117.12
-58.56,-126.88,-68.32,92.72,4.88,-97.6,253.76,-82.96,-43.92,48.8,34.16,-126.88
-107.36,-131.76,-24.4,122,-43.92,-78.08,253.76,-63.44,-34.16,53.68,39.04,-122
-92.72,-117.12,-24.4,107.36,-34.16,-73.2,263.52,-53.68,-24.4,58.56,39.04,-122
-78.08,-117.12,-39.04,97.6,-19.52,-78.08,248.88,-53.68,-29.28,48.8,29.28,-126.88
-19.52,-122,-102.48,73.2,39.04,-112.24,239.12,-63.44,-34.16,39.04,14.64,-126.88
-29.28,-141.52,-112.24,87.84,39.04,-126.88,234.24,-63.44,-39.04,43.92,24.4,-117.12
-24.4,-141.52,-117.12,82.96,43.92,-131.76,234.24,-58.56,-34.16,48.8,24.4,-97.6
-14.64,-151.28,-136.64,82.96,58.56,-146.4,248.88,-43.92,-14.64,58.56,34.16,-78.08
-19.52,-156.16,-136.64,87.84,58.56,-146.4,248.88,-29.28,-9.76,73.2,48.8,-63.44
-39.04,-165.92,-126.88,102.48,43.92,-146.4,273.28,-24.4,0,87.84,63.44,-58.56
-4.88,-146.4,-141.52,78.08,68.32,-146.4,253.76,-24.4,-4.88,92.72,68.32,-73.2
0,-126.88,-126.88,63.44,63.44,-126.88,244,-24.4,4.88,97.6,78.08,-78.08
14.64,-107.36,-122,48.8,68.32,-117.12,244,-34.16,4.88,92.72,78.08,-92.72
-19.52,-112.24,-92.72,68.32,34.16,-102.48,248.88,-24.4,9.76,107.36,82.96,-92.72
-43.92,-117.12,-73.2,82.96,14.64,-97.6,258.64,-9.76,19.52,117.12,87.84,-92.72
-48.8,-112.24,-63.44,82.96,4.88,-87.84,268.4,0,39.04,131.76,107.36,-78.08
-24.4,-117.12,-92.72,73.2,34.16,-107.36,258.64,-4.88,29.28,117.12,97.6,-92.72
-4.88,-117.12,-112.24,63.44,53.68,-117.12,248.88,0,34.16,117.12,97.6,-92.72
-9.76,-112.24,-102.48,63.44,43.92,-107.36,263.52,9.76,43.92,131.76,107.36,-78.08
-29.28,-136.64,-107.36,82.96,39.04,-122,273.28,14.64,53.68,136.64,122,-73.2
-24.4,-126.88,-102.48,78.08,39.04,-117.12,263.52,29.28,63.44,151.28,126.88,-73.2
-19.52,-126.88,-107.36,73.2,43.92,-117.12,268.4,34.16,73.2,156.16,136.64,-63.44
-9.76,-112.24,-102.48,63.44,43.92,-107.36,268.4,34.16,82.96,161.04,136.64,-63.44
-14.64,-102.48,-87.84,58.56,34.16,-97.6,278.16,39.04,92.72,170.8,146.4,-53.68
-4.88,-97.6,-92.72,53.68,43.92,-97.6,268.4,43.92,112.24,180.56,151.28,-58.56
9.76,-92.72,-102.48,43.92,53.68,-97.6,268.4,43.92,122,185.44,156.16,-58.56
14.64,-97.6,-112.24,43.92,63.44,-107.36,268.4,48.8,126.88,195.2,156.16,-73.2
0,-97.6,-97.6,48.8,48.8,-97.6,273.28,68.32,165.92,214.72,165.92,-73.2
-9.76,-92.72,-82.96,53.68,34.16,-87.84,297.68,82.96,175.68,224.48,170.8,-68.32
-29.28,-107.36,-78.08,68.32,24.4,-92.72,292.8,97.6,190.32,234.24,170.8,-63.44
-24.4,-107.36,-82.96,68.32,29.28,-97.6,278.16,97.6,195.2,248.88,175.68,-53.68
-24.4,-112.24,-87.84,68.32,29.28,-102.48,287.92,117.12,209.84,263.52,195.2,-29.28
-34.16,-131.76,-97.6,82.96,29.28,-117.12,312.32,126.88,244,287.92,200.08,-9.76
-9.76,-126.88,-117.12,68.32,53.68,-122,312.32,141.52,258.64,307.44,209.84,4.88
-4.88,-102.48,-97.6,53.68,43.92,-102.48,317.2,151.28,253.76,312.32,214.72,9.76
-9.76,-102.48,-92.72,58.56,39.04,-97.6,307.44,151.28,258.64,312.32,219.6,4.88
24.4,-87.84,-112.24,34.16,68.32,-102.48,292.8,151.28,268.4,317.2,219.6,0
29.28,-82.96,-112.24,29.28,68.32,-97.6,283.04,156.16,283.04,326.96,229.36,-4.88
19.52,-82.96,-102.48,34.16,58.56,-92.72,297.68,175.68,317.2,346.48,239.12,-4.88
24.4,-68.32,-92.72,24.4,58.56,-82.96,307.44,195.2,331.84,361.12,239.12,-9.76
29.28,-63.44,-92.72,19.52,58.56,-78.08,287.92,185.44,331.84,361.12,224.48,-39.04
9.76,-53.68,-63.44,24.4,34.16,-58.56,317.2,209.84,361.12,395.28,244,-29.28
9.76,-43.92,-53.68,19.52,29.28,-48.8,326.96,224.48,366,395.28,239.12,-29.28
-14.64,-68.32,-53.68,43.92,19.52,-63.44,307.44,234.24,370.88,400.16,239.12,-24.4
-39.04,-78.08,-39.04,58.56,0,-58.56,322.08,263.52,405.04,429.44,273.28,9.76
0,-82.96,-82.96,43.92,39.04,-82.96,322.08,263.52,419.68,434.32,287.92,19.52
34.16,-87.84,-122,29.28,78.08,-107.36,312.32,268.4,414.8,439.2,283.04,24.4
24.4,-92.72,-117.12,34.16,68.32,-107.36,317.2,278.16,429.44,453.84,292.8,34.16
19.52,-87.84,-107.36,34.16,63.44,-97.6,326.96,292.8,448.96,473.36,292.8,39.04
29.28,-78.08,-107.36,24.4,68.32,-92.72,336.72,307.44,478.24,492.88,317.2,48.8
29.28,-82.96,-112.24,29.28,68.32,-97.6,326.96,307.44,488,502.64,312.32,43.92
29.28,-82.96,-112.24,29.28,68.32,-97.6,317.2,312.32,492.88,507.52,317.2,34.16
39.04,-58.56,-97.6,9.76,68.32,-78.08,317.2,317.2,507.52,527.04,331.84,34.16
29.28,-48.8,-78.08,9.76,53.68,-63.44,322.08,322.08,517.28,536.8,341.6,39.04
14.64,-53.68,-68.32,19.52,39.04,-63.44,331.84,341.6,551.44,541.68,346.48,39.04
34.16,-53.68,-87.84,9.76,58.56,-73.2,341.6,346.48,546.56,546.56,356.24,39.04
48.8,-48.8,-97.6,0,73.2,-73.2,336.72,346.48,541.68,551.44,351.36,43.92
63.44,-53.68,-117.12,-4.88,87.84,-87.84,346.48,351.36,546.56,556.32,356.24,48.8
63.44,-58.56,-122,0,92.72,-92.72,336.72,346.48,546.56,561.2,346.48,48.8
92.72,-48.8,-141.52,-19.52,117.12,-97.6,346.48,346.48,551.44,561.2,356.24,58.56
68.32,-43.92,-112.24,-9.76,87.84,-78.08,351.36,351.36,561.2,575.84,370.88,68.32
14.64,-48.8,-63.44,19.52,39.04,-58.56,351.36,361.12,575.84,595.36,390.4,82.96
24.4,-43.92,-68.32,9.76,43.92,-58.56,361.12,351.36,566.08,585.6,395.28,78.08
68.32,-29.28,-97.6,-19.52,82.96,-63.44,366,341.6,570.96,580.72,390.4,82.96
82.96,-24.4,-107.36,-29.28,92.72,-68.32,336.72,341.6,570.96,570.96,375.76,78.08
87.84,-29.28,-117.12,-29.28,102.48,-73.2,336.72,336.72,561.2,566.08,366,73.2
78.08,-34.16,-112.24,-19.52,92.72,-73.2,361.12,341.6,556.32,561.2,361.12,68.32
63.44,-48.8,-112.24,-4.88,87.84,-82.96,375.76,346.48,566.08,561.2,356.24,68.32
68.32,-43.92,-112.24,-9.76,87.84,-78.08,370.88,346.48,566.08,561.2,361.12,73.2
82.96,-43.92,-126.88,-19.52,102.48,-87.84,351.36,331.84,556.32,546.56,366,68.32
82.96,-34.16,-117.12,-24.4,97.6,-78.08,336.72,322.08,551.44,546.56,361.12,58.56
68.32,-39.04,-107.36,-14.64,87.84,-73.2,331.84,307.44,536.8,531.92,351.36,48.8
58.56,-43.92,-102.48,-4.88,78.08,-73.2,331.84,297.68,531.92,517.28,336.72,43.92
82.96,-34.16,-117.12,-24.4,97.6,-78.08,331.84,307.44,527.04,502.64,317.2,48.8
58.56,-39.04,-97.6,-9.76,78.08,-68.32,336.72,302.56,512.4,492.88,307.44,48.8
53.68,-68.32,-122,9.76,87.84,-97.6,326.96,287.92,502.64,478.24,302.56,43.92
68.32,-63.44,-131.76,0,97.6,-97.6,322.08,273.28,492.88,468.48,307.44,43.92
58.56,-68.32,-126.88,4.88,92.72,-97.6,322.08,263.52,483.12,453.84,307.44,39.04
48.8,-73.2,-122,14.64,82.96,-97.6,317.2,248.88,468.48,439.2,292.8,29.28
48.8,-63.44,-112.24,9.76,78.08,-87.84,317.2,239.12,458.72,434.32,292.8,29.28
19.52,-53.68,-73.2,19.52,43.92,-63.44,317.2,234.24,434.32,424.56,287.92,39.04
0,-43.92,-43.92,24.4,19.52,-43.92,331.84,229.36,424.56,419.68,292.8,53.68
39.04,-48.8,-87.84,4.88,63.44,-68.32,331.84,200.08,400.16,390.4,273.28,53.68
58.56,-58.56,-117.12,0,87.84,-87.84,312.32,165.92,375.76,356.24,253.76,43.92
58.56,-63.44,-122,4.88,87.84,-92.72,317.2,156.16,351.36,346.48,263.52,63.44
78.08,-78.08,-156.16,0,117.12,-117.12,317.2,141.52,331.84,326.96,258.64,58.56
68.32,-73.2,-141.52,4.88,102.48,-107.36,317.2,131.76,317.2,302.56,239.12,48.8
43.92,-82.96,-126.88,19.52,82.96,-107.36,312.32,112.24,278.16,268.4,214.72,34.16
24.4,-78.08,-102.48,29.28,63.44,-92.72,312.32,92.72,263.52,244,200.08,14.64
39.04,-73.2,-112.24,19.52,73.2,-92.72,312.32,82.96,253.76,244,209.84,9.76
29.28,-82.96,-112.24,29.28,68.32,-97.6,297.68,58.56,239.12,224.48,195.2,-9.76
29.28,-92.72,-122,34.16,73.2,-107.36,297.68,48.8,224.48,200.08,185.44,-9.76
39.04,-73.2,-112.24,19.52,73.2,-92.72,297.68,34.16,200.08,190.32,175.68,-9.76
9.76,-73.2,-82.96,34.16,43.92,-78.08,297.68,24.4,190.32,180.56,170.8,-9.76
-14.64,-78.08,-63.44,48.8,24.4,-73.2,302.56,9.76,170.8,156.16,156.16,-9.76
0,-87.84,-87.84,43.92,43.92,-87.84,297.68,0,141.52,131.76,141.52,-24.4
19.52,-82.96,-102.48,34.16,58.56,-92.72,287.92,-24.4,117.12,112.24,126.88,-34.16
29.28,-97.6,-126.88,34.16,78.08,-112.24,283.04,-43.92,92.72,92.72,117.12,-43.92
9.76,-117.12,-126.88,53.68,68.32,-122,302.56,-53.68,87.84,82.96,117.12,-48.8
0,-117.12,-117.12,58.56,58.56,-117.12,297.68,-63.44,92.72,73.2,122,-53.68
4.88,-117.12,-122,58.56,63.44,-122,278.16,-73.2,68.32,58.56,107.36,-58.56
9.76,-126.88,-136.64,58.56,73.2,-131.76,283.04,-82.96,53.68,39.04,97.6,-58.56
14.64,-107.36,-122,48.8,68.32,-117.12,283.04,-97.6,39.04,29.28,97.6,-48.8
19.52,-102.48,-122,43.92,68.32,-112.24,292.8,-112.24,24.4,9.76,82.96,-63.44
0,-97.6,-97.6,48.8,48.8,-97.6,307.44,-117.12,24.4,0,78.08,-53.68
0,-97.6,-97.6,48.8,48.8,-97.6,292.8,-112.24,24.4,-14.64,73.2,-48.8
24.4,-122,-146.4,48.8,82.96,-136.64,278.16,-126.88,0,-29.28,48.8,-68.32
29.28,-126.88,-156.16,48.8,92.72,-141.52,278.16,-131.76,0,-43.92,39.04,-82.96
-14.64,-122,-107.36,68.32,43.92,-117.12,297.68,-122,0,-39.04,48.8,-78.08
-29.28,-141.52,-112.24,87.84,39.04,-126.88,292.8,-131.76,-9.76,-48.8,34.16,-87.84
4.88,-136.64,-141.52,68.32,73.2,-141.52,287.92,-151.28,-24.4,-58.56,24.4,-102.48
-9.76,-136.64,-126.88,73.2,58.56,-131.76,292.8,-156.16,-24.4,-58.56,34.16,-102.48
-29.28,-141.52,-112.24,87.84,39.04,-126.88,287.92,-165.92,-39.04,-63.44,39.04,-107.36
-58.56,-146.4,-87.84,102.48,14.64,-117.12,287.92,-161.04,-34.16,-68.32,34.16,-107.36
-63.44,-146.4,-82.96,107.36,9.76,-117.12,297.68,-165.92,-29.28,-73.2,34.16,-97.6
-48.8,-151.28,-102.48,102.48,24.4,-126.88,287.92,-175.68,-48.8,-87.84,19.52,-112.24
-29.28,-136.64,-107.36,82.96,39.04,-122,283.04,-175.68,-48.8,-87.84,24.4,-107.36
-9.76,-141.52,-131.76,78.08,58.56,-136.64,302.56,-175.68,-48.8,-87.84,24.4,-112.24
-14.64,-146.4,-131.76,82.96,58.56,-141.52,297.68,-175.68,-53.68,-97.6,14.64,-117.12
-29.28,-151.28,-122,92.72,43.92,-136.64,287.92,-180.56,-48.8,-92.72,14.64,-126.88
-43.92,-141.52,-97.6,92.72,24.4,-122,307.44,-165.92,-39.04,-82.96,14.64,-122
-29.28,-126.88,-97.6,78.08,34.16,-112.24,317.2,-165.92,-34.16,-78.08,14.64,-126.88
-43.92,-117.12,-73.2,82.96,14.64,-97.6,307.44,-165.92,-34.16,-82.96,9.76,-122
-48.8,-126.88,-78.08,87.84,14.64,-102.48,297.68,-170.8,-34.16,-87.84,9.76,-117.12
-39.04,-136.64,-97.6,87.84,29.28,-117.12,307.44,-161.04,-34.16,-87.84,14.64,-97.6
-4.88,-146.4,-141.52,78.08,68.32,-146.4,302.56,-165.92,-39.04,-97.6,14.64,-92.72
0,-141.52,-141.52,73.2,68.32,-141.52,307.44,-156.16,-29.28,-82.96,24.4,-78.08
-9.76,-161.04,-151.28,87.84,68.32,-156.16,307.44,-151.28,-24.4,-78.08,29.28,-78.08
-39.04,-165.92,-126.88,102.48,43.92,-146.4,322.08,-146.4,-24.4,-78.08,29.28,-82.96
-48.8,-141.52,-92.72,97.6,19.52,-117.12,317.2,-146.4,-19.52,-78.08,14.64,-97.6
-58.56,-131.76,-73.2,97.6,4.88,-102.48,317.2,-151.28,-9.76,-78.08,4.88,-117.12
-73.2,-136.64,-63.44,107.36,-4.88,-102.48,312.32,-156.16,-4.88,-82.96,14.64,-126.88
-48.8,-131.76,-82.96,92.72,14.64,-107.36,307.44,-161.04,-4.88,-87.84,9.76,-141.52
-34.16,-141.52,-107.36,87.84,34.16,-126.88,292.8,-165.92,0,-92.72,0,-151.28
-29.28,-136.64,-107.36,82.96,39.04,-122,292.8,-165.92,4.88,-92.72,-4.88,-141.52
-14.64,-126.88,-112.24,73.2,48.8,-122,292.8,-165.92,9.76,-97.6,9.76,-136.64
-4.88,-117.12,-112.24,63.44,53.68,-117.12,307.44,-151.28,24.4,-78.08,24.4,-126.88
-4.88,-117.12,-112.24,63.44,53.68,-117.12,312.32,-136.64,39.04,-68.32,29.28,-122
-48.8,-131.76,-82.96,92.72,14.64,-107.36,331.84,-122,58.56,-58.56,34.16,-107.36
-43.92,-131.76,-87.84,87.84,19.52,-112.24,331.84,-131.76,63.44,-58.56,24.4,-122
-9.76,-122,-112.24,68.32,48.8,-117.12,326.96,-131.76,48.8,-63.44,14.64,-126.88
-19.52,-131.76,-112.24,78.08,43.92,-122,331.84,-122,53.68,-68.32,19.52,-126.88
0,-126.88,-126.88,63.44,63.44,-126.88,322.08,-126.88,63.44,-63.44,14.64,-112.24
-4.88,-117.12,-112.24,63.44,53.68,-117.12,317.2,-126.88,68.32,-58.56,24.4,-102.48
-19.52,-112.24,-92.72,68.32,34.16,-102.48,322.08,-117.12,63.44,-48.8,34.16,-92.72
-9.76,-97.6,-87.84,53.68,39.04,-92.72,341.6,-102.48,78.08,-39.04,53.68,-78.08
-34.16,-112.24,-78.08,73.2,19.52,-97.6,346.48,-97.6,78.08,-39.04,39.04,-87.84
-19.52,-126.88,-107.36,73.2,43.92,-117.12,322.08,-97.6,73.2,-43.92,29.28,-122
-53.68,-136.64,-82.96,97.6,14.64,-112.24,351.36,-82.96,92.72,-29.28,43.92,-122
-78.08,-136.64,-58.56,107.36,-9.76,-97.6,356.24,-73.2,97.6,-19.52,39.04,-122
-48.8,-131.76,-82.96,92.72,14.64,-107.36,351.36,-73.2,97.6,-19.52,43.92,-117.12
-19.52,-146.4,-126.88,82.96,53.68,-136.64,336.72,-97.6,78.08,-39.04,29.28,-126.88
-24.4,-136.64,-112.24,82.96,43.92,-126.88,326.96,-102.48,73.2,-39.04,39.04,-122
-24.4,-122,-97.6,73.2,34.16,-112.24,326.96,-87.84,102.48,-19.52,58.56,-102.48
-14.64,-117.12,-102.48,68.32,43.92,-112.24,312.32,-87.84,102.48,-24.4,63.44,-97.6
0,-97.6,-97.6,48.8,48.8,-97.6,326.96,-82.96,107.36,-19.52,68.32,-92.72
-9.76,-92.72,-82.96,53.68,34.16,-87.84,322.08,-73.2,117.12,-9.76,58.56,-112.24
-24.4,-97.6,-73.2,63.44,24.4,-87.84,336.72,-63.44,131.76,-4.88,53.68,-131.76
-58.56,-87.84,-29.28,73.2,-14.64,-58.56,341.6,-43.92,146.4,9.76,58.56,-136.64
-43.92,-92.72,-48.8,68.32,0,-73.2,341.6,-53.68,131.76,4.88,48.8,-146.4
-4.88,-92.72,-87.84,48.8,39.04,-92.72,326.96,-58.56,126.88,9.76,48.8,-141.52
14.64,-97.6,-112.24,43.92,63.44,-107.36,331.84,-63.44,122,4.88,53.68,-122
9.76,-122,-131.76,58.56,68.32,-126.88,341.6,-53.68,122,4.88,48.8,-107.36
9.76,-117.12,-126.88,53.68,68.32,-122,351.36,-48.8,131.76,9.76,48.8,-92.72
9.76,-102.48,-112.24,48.8,58.56,-107.36,346.48,-48.8,131.76,19.52,58.56,-82.96
-14.64,-107.36,-92.72,63.44,39.04,-102.48,346.48,-48.8,141.52,9.76,53.68,-78.08
-39.04,-107.36,-68.32,73.2,14.64,-87.84,361.12,-34.16,136.64,24.4,63.44,-68.32
-34.16,-102.48,-68.32,68.32,14.64,-87.84,341.6,-39.04,136.64,24.4,68.32,-82.96
-19.52,-112.24,-92.72,68.32,34.16,-102.48,341.6,-48.8,131.76,19.52,63.44,-97.6
-34.16,-117.12,-82.96,78.08,24.4,-102.48,346.48,-48.8,136.64,19.52,63.44,-97.6
-43.92,-117.12,-73.2,82.96,14.64,-97.6,341.6,-43.92,131.76,19.52,53.68,-97.6
-29.28,-102.48,-73.2,68.32,19.52,-87.84,346.48,-43.92,136.64,14.64,58.56,-92.72
-24.4,-92.72,-68.32,58.56,19.52,-82.96,336.72,-48.8,141.52,14.64,48.8,-97.6
-34.16,-102.48,-68.32,68.32,14.64,-87.84,336.72,-48.8,136.64,14.64,48.8,-107.36
-14.64,-102.48,-87.84,58.56,34.16,-97.6,346.48,-48.8,131.76,14.64,48.8,-122
-9.76,-117.12,-107.36,63.44,48.8,-112.24,331.84,-58.56,112.24,4.88,43.92,-131.76
-9.76,-126.88,-117.12,68.32,53.68,-122,331.84,-63.44,107.36,-9.76,24.4,-146.4
29.28,-122,-151.28,48.8,87.84,-136.64,341.6,-63.44,102.48,-14.64,0,-170.8
29.28,-107.36,-136.64,39.04,82.96,-122,346.48,-78.08,97.6,-19.52,0,-175.68
0,-92.72,-92.72,48.8,43.92,-92.72,351.36,-68.32,126.88,-4.88,19.52,-161.04
0,-92.72,-92.72,48.8,43.92,-92.72,336.72,-63.44,126.88,-4.88,24.4,-161.04
-14.64,-92.72,-78.08,53.68,29.28,-87.84,326.96,-68.32,102.48,-4.88,34.16,-165.92
-4.88,-87.84,-82.96,48.8,39.04,-87.84,331.84,-68.32,107.36,-9.76,19.52,-175.68
-19.52,-87.84,-68.32,53.68,24.4,-78.08,322.08,-68.32,97.6,-24.4,0,-175.68
-19.52,-87.84,-68.32,53.68,24.4,-78.08,336.72,-58.56,92.72,-24.4,-9.76,-165.92
-19.52,-97.6,-78.08,58.56,29.28,-87.84,341.6,-58.56,102.48,-14.64,0,-146.4
-39.04,-117.12,-78.08,78.08,19.52,-97.6,317.2,-73.2,87.84,-19.52,0,-146.4
-24.4,-122,-97.6,73.2,34.16,-112.24,312.32,-68.32,97.6,-14.64,9.76,-146.4
-34.16,-122,-87.84,78.08,24.4,-107.36,317.2,-63.44,97.6,-24.4,0,-156.16
-24.4,-112.24,-87.84,68.32,29.28,-102.48,326.96,-63.44,97.6,-29.28,0,-161.04
4.88,-102.48,-107.36,48.8,53.68,-107.36,307.44,-78.08,68.32,-43.92,-14.64,-170.8
9.76,-102.48,-112.24,48.8,58.56,-107.36,297.68,-82.96,63.44,-43.92,-19.52,-180.56
-4.88,-97.6,-92.72,53.68,43.92,-97.6,302.56,-82.96,63.44,-43.92,-14.64,-195.2
4.88,-82.96,-87.84,39.04,43.92,-87.84,297.68,-82.96,58.56,-43.92,-24.4,-195.2
-4.88,-87.84,-82.96,48.8,39.04,-87.84,302.56,-82.96,53.68,-43.92,-19.52,-190.32
-24.4,-92.72,-68.32,58.56,19.52,-82.96,322.08,-58.56,78.08,-24.4,9.76,-161.04
-19.52,-107.36,-87.84,63.44,34.16,-97.6,326.96,-58.56,63.44,-39.04,-14.64,-170.8
-9.76,-122,-112.24,68.32,48.8,-117.12,312.32,-63.44,53.68,-43.92,-24.4,-175.68
9.76,-122,-131.76,58.56,68.32,-126.88,302.56,-63.44,58.56,-43.92,-14.64,-161.04
0,-117.12,-117.12,58.56,58.56,-117.12,312.32,-73.2,53.68,-43.92,-14.64,-156.16
0,-122,-122,63.44,58.56,-122,307.44,-78.08,48.8,-43.92,-9.76,-161.04
19.52,-107.36,-126.88,43.92,73.2,-117.12,297.68,-82.96,48.8,-48.8,-14.64,-161.04
14.64,-97.6,-112.24,43.92,63.44,-107.36,292.8,-82.96,39.04,-48.8,-9.76,-165.92
14.64,-87.84,-102.48,39.04,58.56,-97.6,287.92,-82.96,34.16,-58.56,-19.52,-180.56
-14.64,-87.84,-73.2,53.68,29.28,-82.96,283.04,-78.08,43.92,-53.68,-14.64,-185.44
-48.8,-78.08,-29.28,63.44,-9.76,-53.68,292.8,-63.44,39.04,-53.68,-19.52,-185.44
-9.76,-78.08,-68.32,43.92,29.28,-73.2,302.56,-68.32,39.04,-63.44,-34.16,-204.96
-4.88,-97.6,-92.72,53.68,43.92,-97.6,292.8,-73.2,34.16,-73.2,-43.92,-219.6
-14.64,-102.48,-87.84,58.56,34.16,-97.6,292.8,-63.44,53.68,-53.68,-29.28,-200.08
-9.76,-97.6,-87.84,53.68,39.04,-92.72,322.08,-68.32,78.08,-48.8,-19.52,-185.44
-24.4,-107.36,-82.96,68.32,29.28,-97.6,302.56,-78.08,43.92,-58.56,-24.4,-204.96
-4.88,-102.48,-97.6,53.68,43.92,-102.48,292.8,-78.08,34.16,-48.8,-9.76,-185.44
-4.88,-97.6,-92.72,53.68,43.92,-97.6,287.92,-87.84,29.28,-53.68,-4.88,-185.44
-4.88,-97.6,-92.72,53.68,43.92,-97.6,283.04,-87.84,24.4,-58.56,-9.76,-190.32
0,-97.6,-97.6,48.8,48.8,-97.6,302.56,-87.84,24.4,-63.44,-19.52,-204.96
-19.52,-97.6,-78.08,58.56,29.28,-87.84,283.04,-97.6,19.52,-78.08,-34.16,-219.6
-9.76,-102.48,-92.72,58.56,39.04,-97.6,263.52,-92.72,29.28,-73.2,-39.04,-214.72
24.4,-97.6,-122,39.04,73.2,-112.24,258.64,-92.72,24.4,-78.08,-43.92,-219.6
39.04,-87.84,-126.88,24.4,82.96,-107.36,268.4,-87.84,29.28,-68.32,-34.16,-209.84
48.8,-82.96,-131.76,19.52,87.84,-107.36,278.16,-82.96,29.28,-68.32,-34.16,-204.96
19.52,-97.6,-117.12,39.04,68.32,-107.36,278.16,-82.96,39.04,-73.2,-43.92,-219.6
-29.28,-92.72,-63.44,63.44,14.64,-78.08,287.92,-73.2,34.16,-68.32,-43.92,-219.6
-53.68,-82.96,-29.28,68.32,-14.64,-58.56,297.68,-73.2,39.04,-58.56,-24.4,-200.08
-4.88,-73.2,-68.32,39.04,29.28,-73.2,273.28,-87.84,24.4,-78.08,-39.04,-200.08
48.8,-63.44,-112.24,9.76,78.08,-87.84,258.64,-97.6,14.64,-82.96,-43.92,-204.96
53.68,-68.32,-122,9.76,87.84,-97.6,268.4,-87.84,29.28,-78.08,-34.16,-195.2
14.64,-102.48,-117.12,43.92,63.44,-112.24,258.64,-92.72,29.28,-82.96,-43.92,-195.2
9.76,-122,-131.76,58.56,68.32,-126.88,263.52,-87.84,34.16,-78.08,-39.04,-190.32
-14.64,-136.64,-122,78.08,53.68,-131.76,263.52,-87.84,43.92,-58.56,-19.52,-180.56
-9.76,-126.88,-117.12,68.32,53.68,-122,258.64,-92.72,34.16,-68.32,-34.16,-195.2
4.88,-107.36,-112.24,53.68,58.56,-112.24,258.64,-92.72,34.16,-73.2,-39.04,-209.84
-14.64,-112.24,-97.6,63.44,39.04,-107.36,258.64,-87.84,43.92,-78.08,-48.8,-214.72
-24.4,-102.48,-78.08,63.44,24.4,-92.72,273.28,-82.96,39.04,-68.32,-43.92,-209.84
-24.4,-87.84,-63.44,58.56,19.52,-78.08,268.4,-92.72,39.04,-73.2,-48.8,-219.6
-19.52,-97.6,-78.08,58.56,29.28,-87.84,248.88,-102.48,29.28,-87.84,-58.56,-229.36
-19.52,-102.48,-82.96,63.44,29.28,-92.72,258.64,-107.36,29.28,-92.72,-58.56,-229.36
0,-112.24,-112.24,58.56,53.68,-112.24,253.76,-102.48,39.04,-82.96,-48.8,-224.48
-9.76,-92.72,-82.96,53.68,34.16,-87.84,253.76,-92.72,53.68,-68.32,-39.04,-214.72
0,-87.84,-87.84,43.92,43.92,-87.84,258.64,-87.84,53.68,-68.32,-29.28,-214.72
9.76,-112.24,-122,53.68,63.44,-117.12,248.88,-97.6,53.68,-73.2,-34.16,-209.84
29.28,-97.6,-126.88,34.16,78.08,-112.24,248.88,-97.6,43.92,-73.2,-39.04,-209.84
39.04,-92.72,-131.76,29.28,82.96,-112.24,244,-97.6,43.92,-82.96,-53.68,-224.48
9.76,-92.72,-102.48,43.92,53.68,-97.6,244,-102.48,48.8,-87.84,-63.44,-239.12
-19.52,-82.96,-63.44,53.68,19.52,-73.2,248.88,-92.72,48.8,-87.84,-68.32,-244
-39.04,-92.72,-53.68,68.32,4.88,-73.2,273.28,-87.84,58.56,-87.84,-68.32,-248.88
-4.88,-92.72,-87.84,48.8,39.04,-92.72,263.52,-92.72,48.8,-97.6,-78.08,-258.64
4.88,-82.96,-87.84,39.04,43.92,-87.84,253.76,-97.6,53.68,-82.96,-58.56,-248.88
-19.52,-102.48,-82.96,63.44,29.28,-92.72,239.12,-97.6,53.68,-87.84,-58.56,-239.12
29.28,-97.6,-126.88,34.16,78.08,-112.24,229.36,-102.48,48.8,-92.72,-63.44,-234.24
24.4,-107.36,-131.76,43.92,78.08,-122,248.88,-92.72,53.68,-82.96,-53.68,-214.72
-19.52,-122,-102.48,73.2,39.04,-112.24,268.4,-78.08,63.44,-73.2,-48.8,-204.96
-29.28,-122,-92.72,78.08,29.28,-107.36,253.76,-78.08,68.32,-73.2,-48.8,-200.08
-34.16,-122,-87.84,78.08,24.4,-107.36,244,-78.08,68.32,-68.32,-43.92,-200.08
-39.04,-112.24,-73.2,78.08,14.64,-92.72,244,-78.08,68.32,-73.2,-39.04,-200.08
-53.68,-92.72,-39.04,73.2,-9.76,-68.32,244,-73.2,73.2,-68.32,-29.28,-195.2
-29.28,-92.72,-63.44,63.44,14.64,-78.08,229.36,-92.72,58.56,-92.72,-53.68,-214.72
0,-82.96,-82.96,43.92,39.04,-82.96,224.48,-87.84,58.56,-92.72,-58.56,-224.48
4.88,-73.2,-78.08,34.16,39.04,-78.08,224.48,-92.72,63.44,-87.84,-58.56,-224.48
-14.64,-82.96,-68.32,48.8,24.4,-78.08,229.36,-97.6,68.32,-82.96,-58.56,-224.48
-24.4,-92.72,-68.32,58.56,19.52,-82.96,229.36,-87.84,73.2,-82.96,-58.56,-219.6
-9.76,-112.24,-102.48,63.44,43.92,-107.36,224.48,-92.72,53.68,-102.48,-78.08,-244
-14.64,-112.24,-97.6,63.44,39.04,-107.36,229.36,-97.6,48.8,-102.48,-87.84,-239.12
-4.88,-112.24,-107.36,58.56,48.8,-112.24,229.36,-97.6,53.68,-107.36,-87.84,-229.36
0,-107.36,-107.36,53.68,53.68,-107.36,219.6,-97.6,53.68,-102.48,-82.96,-219.6
24.4,-92.72,-117.12,34.16,68.32,-107.36,209.84,-102.48,63.44,-97.6,-68.32,-200.08
39.04,-92.72,-131.76,29.28,82.96,-112.24,214.72,-107.36,53.68,-97.6,-58.56,-200.08
24.4,-107.36,-131.76,43.92,78.08,-122,224.48,-102.48,58.56,-87.84,-63.44,-195.2
24.4,-82.96,-107.36,29.28,63.44,-97.6,219.6,-97.6,73.2,-78.08,-48.8,-195.2
4.88,-97.6,-102.48,48.8,53.68,-102.48,209.84,-102.48,73.2,-82.96,-58.56,-214.72
-4.88,-97.6,-92.72,53.68,43.92,-97.6,219.6,-92.72,78.08,-73.2,-53.68,-204.96
-4.88,-102.48,-97.6,53.68,43.92,-102.48,229.36,-97.6,78.08,-68.32,-39.04,-200.08
-34.16,-107.36,-73.2,73.2,19.52,-92.72,239.12,-107.36,87.84,-87.84,-63.44,-219.6
-24.4,-92.72,-68.32,58.56,19.52,-82.96,229.36,-107.36,63.44,-102.48,-92.72,-234.24
-9.76,-82.96,-73.2,48.8,29.28,-78.08,204.96,-112.24,53.68,-107.36,-97.6,-244
9.76,-87.84,-97.6,39.04,53.68,-92.72,209.84,-107.36,63.44,-97.6,-92.72,-229.36
24.4,-87.84,-112.24,34.16,68.32,-102.48,200.08,-102.48,63.44,-97.6,-92.72,-214.72
19.52,-107.36,-126.88,43.92,73.2,-117.12,200.08,-97.6,63.44,-92.72,-87.84,-195.2
19.52,-112.24,-131.76,48.8,73.2,-122,200.08,-97.6,68.32,-82.96,-73.2,-190.32
24.4,-112.24,-136.64,43.92,78.08,-126.88,200.08,-97.6,78.08,-78.08,-73.2,-195.2
0,-97.6,-97.6,48.8,48.8,-97.6,195.2,-107.36,68.32,-87.84,-82.96,-219.6
-24.4,-97.6,-73.2,63.44,24.4,-87.84,219.6,-87.84,87.84,-68.32,-58.56,-204.96
-34.16,-102.48,-68.32,68.32,14.64,-87.84,224.48,-87.84,92.72,-73.2,-63.44,-209.84
-43.92,-87.84,-43.92,68.32,0,-68.32,214.72,-97.6,82.96,-78.08,-68.32,-209.84
-34.16,-73.2,-39.04,53.68,0,-58.56,195.2,-102.48,68.32,-87.84,-73.2,-214.72
9.76,-78.08,-87.84,34.16,48.8,-82.96,180.56,-122,48.8,-112.24,-102.48,-239.12
24.4,-82.96,-107.36,29.28,63.44,-97.6,185.44,-117.12,53.68,-107.36,-102.48,-239.12
24.4,-92.72,-117.12,34.16,68.32,-107.36,185.44,-107.36,63.44,-97.6,-87.84,-239.12
-4.88,-97.6,-92.72,53.68,43.92,-97.6,200.08,-117.12,63.44,-92.72,-87.84,-244
-29.28,-97.6,-68.32,63.44,19.52,-82.96,200.08,-102.48,82.96,-87.84,-68.32,-224.48
-48.8,-102.48,-53.68,78.08,0,-78.08,234.24,-82.96,102.48,-73.2,-63.44,-204.96
-24.4,-97.6,-73.2,63.44,24.4,-87.84,219.6,-92.72,92.72,-82.96,-73.2,-204.96
-19.52,-97.6,-78.08,58.56,29.28,-87.84,200.08,-87.84,87.84,-78.08,-68.32,-200.08
-29.28,-131.76,-102.48,82.96,34.16,-117.12,195.2,-102.48,92.72,-87.84,-73.2,-195.2
-4.88,-122,-117.12,63.44,53.68,-122,170.8,-117.12,68.32,-87.84,-68.32,-195.2
-14.64,-107.36,-92.72,63.44,39.04,-102.48,195.2,-107.36,78.08,-82.96,-63.44,-180.56
-19.52,-112.24,-92.72,68.32,34.16,-102.48,195.2,-107.36,68.32,-97.6,-87.84,-195.2
-4.88,-117.12,-112.24,63.44,53.68,-117.12,185.44,-97.6,73.2,-97.6,-92.72,-195.2
-29.28,-122,-92.72,78.08,29.28,-107.36,180.56,-97.6,78.08,-87.84,-82.96,-195.2
-24.4,-112.24,-87.84,68.32,29.28,-102.48,175.68,-102.48,78.08,-92.72,-82.96,-190.32
4.88,-78.08,-82.96,39.04,43.92,-82.96,175.68,-102.48,73.2,-87.84,-78.08,-190.32
4.88,-87.84,-92.72,43.92,48.8,-92.72,170.8,-102.48,73.2,-87.84,-82.96,-204.96
0,-87.84,-87.84,43.92,43.92,-87.84,165.92,-112.24,82.96,-87.84,-82.96,-214.72
4.88,-78.08,-82.96,39.04,43.92,-82.96,175.68,-107.36,87.84,-87.84,-82.96,-204.96
4.88,-58.56,-63.44,29.28,34.16,-63.44,170.8,-112.24,73.2,-82.96,-68.32,-209.84
-14.64,-39.04,-24.4,29.28,4.88,-34.16,175.68,-107.36,73.2,-78.08,-63.44,-214.72
-19.52,-63.44,-43.92,43.92,9.76,-53.68,170.8,-107.36,82.96,-78.08,-73.2,-224.48
-14.64,-92.72,-78.08,53.68,29.28,-87.84,170.8,-107.36,92.72,-92.72,-82.96,-224.48
0,-92.72,-92.72,48.8,43.92,-92.72,170.8,-102.48,73.2,-87.84,-78.08,-200.08
-4.88,-97.6,-92.72,53.68,43.92,-97.6,185.44,-112.24,68.32,-97.6,-78.08,-180.56
14.64,-112.24,-126.88,48.8,68.32,-122,170.8,-102.48,78.08,-82.96,-68.32,-161.04
-4.88,-136.64,-131.76,73.2,63.44,-136.64,175.68,-97.6,82.96,-82.96,-73.2,-161.04
-24.4,-117.12,-92.72,73.2,34.16,-107.36,190.32,-97.6,82.96,-82.96,-87.84,-175.68
-14.64,-87.84,-73.2,53.68,29.28,-82.96,190.32,-102.48,92.72,-78.08,-78.08,-180.56
-19.52,-87.84,-68.32,53.68,24.4,-78.08,180.56,-102.48,92.72,-73.2,-68.32,-190.32
-19.52,-78.08,-58.56,48.8,19.52,-68.32,180.56,-107.36,82.96,-73.2,-68.32,-190.32
-9.76,-87.84,-78.08,48.8,34.16,-82.96,170.8,-117.12,63.44,-97.6,-97.6,-204.96
-14.64,-92.72,-78.08,53.68,29.28,-87.84,161.04,-122,63.44,-117.12,-117.12,-219.6
-39.04,-78.08,-39.04,58.56,0,-58.56,161.04,-102.48,82.96,-92.72,-97.6,-204.96
-53.68,-87.84,-34.16,73.2,-9.76,-63.44,180.56,-92.72,92.72,-68.32,-68.32,-185.44
-14.64,-112.24,-97.6,63.44,39.04,-107.36,151.28,-112.24,78.08,-87.84,-87.84,-204.96
29.28,-107.36,-136.64,39.04,82.96,-122,141.52,-122,63.44,-107.36,-112.24,-224.48
24.4,-112.24,-136.64,43.92,78.08,-126.88,146.4,-122,63.44,-102.48,-107.36,-204.96
19.52,-102.48,-122,43.92,68.32,-112.24,146.4,-112.24,82.96,-78.08,-68.32,-165.92
4.88,-92.72,-97.6,43.92,48.8,-97.6,156.16,-107.36,92.72,-63.44,-48.8,-156.16
-29.28,-92.72,-63.44,63.44,14.64,-78.08,151.28,-102.48,82.96,-68.32,-53.68,-170.8
-43.92,-97.6,-53.68,73.2,4.88,-78.08,161.04,-97.6,78.08,-78.08,-78.08,-190.32
-14.64,-102.48,-87.84,58.56,34.16,-97.6,161.04,-112.24,63.44,-102.48,-107.36,-224.48
-9.76,-107.36,-97.6,58.56,43.92,-102.48,151.28,-107.36,63.44,-102.48,-112.24,-224.48
-29.28,-107.36,-78.08,68.32,24.4,-92.72,156.16,-107.36,78.08,-92.72,-97.6,-204.96
-24.4,-97.6,-73.2,63.44,24.4,-87.84,151.28,-107.36,82.96,-78.08,-78.08,-185.44
-14.64,-78.08,-63.44,48.8,24.4,-73.2,146.4,-112.24,82.96,-78.08,-58.56,-175.68
-9.76,-82.96,-73.2,48.8,29.28,-78.08,131.76,-112.24,73.2,-78.08,-68.32,-175.68
4.88,-97.6,-102.48,48.8,53.68,-102.48,122,-122,63.44,-82.96,-78.08,-180.56
-29.28,-97.6,-68.32,63.44,19.52,-82.96,136.64,-102.48,78.08,-78.08,-78.08,-170.8
-48.8,-92.72,-43.92,73.2,-4.88,-68.32,146.4,-102.48,82.96,-78.08,-92.72,-175.68
-9.76,-82.96,-73.2,48.8,29.28,-78.08,146.4,-112.24,82.96,-82.96,-92.72,-180.56
4.88,-78.08,-82.96,39.04,43.92,-82.96,141.52,-107.36,102.48,-68.32,-73.2,-161.04
-4.88,-92.72,-87.84,48.8,39.04,-92.72,122,-112.24,87.84,-82.96,-78.08,-170.8
-14.64,-112.24,-97.6,63.44,39.04,-107.36,136.64,-126.88,68.32,-102.48,-87.84,-180.56
-29.28,-122,-92.72,78.08,29.28,-107.36,161.04,-117.12,87.84,-82.96,-73.2,-180.56
-39.04,-102.48,-63.44,73.2,9.76,-82.96,126.88,-122,82.96,-78.08,-58.56,-190.32
-29.28,-87.84,-58.56,58.56,14.64,-73.2,136.64,-112.24,87.84,-68.32,-58.56,-195.2
-24.4,-87.84,-63.44,58.56,19.52,-78.08,126.88,-126.88,73.2,-87.84,-87.84,-219.6
-24.4,-73.2,-48.8,48.8,9.76,-63.44,131.76,-122,68.32,-97.6,-102.48,-224.48
-14.64,-73.2,-58.56,43.92,19.52,-68.32,141.52,-107.36,78.08,-87.84,-97.6,-204.96
-14.64,-92.72,-78.08,53.68,29.28,-87.84,131.76,-107.36,78.08,-87.84,-107.36,-190.32
-19.52,-92.72,-73.2,58.56,24.4,-82.96,141.52,-112.24,82.96,-97.6,-112.24,-185.44
4.88,-82.96,-87.84,39.04,43.92,-87.84,136.64,-102.48,97.6,-78.08,-82.96,-165.92
-14.64,-112.24,-97.6,63.44,39.04,-107.36,141.52,-107.36,87.84,-68.32,-63.44,-156.16
-43.92,-141.52,-97.6,92.72,24.4,-122,141.52,-107.36,92.72,-63.44,-58.56,-146.4
-53.68,-117.12,-63.44,87.84,4.88,-92.72,131.76,-97.6,97.6,-58.56,-58.56,-156.16
-34.16,-87.84,-53.68,63.44,9.76,-73.2,131.76,-82.96,102.48,-53.68,-68.32,-170.8
-24.4,-87.84,-63.44,58.56,19.52,-78.08,141.52,-73.2,117.12,-53.68,-82.96,-185.44
-43.92,-82.96,-39.04,63.44,-4.88,-63.44,146.4,-63.44,126.88,-43.92,-78.08,-200.08
-73.2,-78.08,-4.88,78.08,-34.16,-43.92,156.16,-48.8,165.92,-4.88,-48.8,-190.32
-73.2,-63.44,9.76,68.32,-43.92,-29.28,156.16,-29.28,214.72,43.92,4.88,-170.8
-63.44,-73.2,-9.76,68.32,-29.28,-43.92,161.04,-4.88,248.88,102.48,68.32,-131.76
-14.64,-63.44,-48.8,39.04,14.64,-58.56,146.4,9.76,322.08,209.84,190.32,-48.8
24.4,-48.8,-73.2,14.64,48.8,-63.44,136.64,24.4,395.28,351.36,361.12,68.32
43.92,-9.76,-53.68,-14.64,48.8,-34.16,112.24,4.88,429.44,458.72,551.44,195.2
39.04,29.28,-9.76,-34.16,24.4,9.76,78.08,-34.16,448.96,575.84,790.56,366
43.92,87.84,43.92,-63.44,0,63.44,29.28,-117.12,419.68,658.8,1049.2,570.96
112.24,180.56,68.32,-146.4,19.52,122,-19.52,-219.6,356.24,722.24,1327.36,785.68
161.04,253.76,92.72,-204.96,34.16,170.8,-112.24,-341.6,278.16,766.16,1600.64,1000.4
195.2,283.04,87.84,-239.12,53.68,185.44,-200.08,-463.6,165.92,766.16,1825.12,1180.96
234.24,297.68,63.44,-263.52,82.96,180.56,-258.64,-561.2,48.8,741.76,1986.16,1351.76
273.28,297.68,24.4,-283.04,122,161.04,-317.2,-658.8,-68.32,658.8,2000.8,1420.08
292.8,273.28,-19.52,-283.04,156.16,126.88,-331.84,-727.12,-195.2,502.64,1839.76,1381.04
302.56,273.28,-29.28,-287.92,165.92,122,-341.6,-819.84,-409.92,214.72,1498.16,1224.88
239.12,263.52,24.4,-248.88,107.36,141.52,-356.24,-922.32,-663.68,-151.28,1005.28,966.24
161.04,244,82.96,-200.08,39.04,161.04,-346.48,-1034.56,-902.8,-536.8,502.64,688.08
97.6,253.76,156.16,-175.68,-29.28,204.96,-336.72,-1107.76,-1112.64,-888.16,68.32,453.84
0,248.88,248.88,-122,-126.88,248.88,-317.2,-1195.6,-1337.12,-1293.2,-414.8,185.44
-92.72,258.64,351.36,-82.96,-224.48,302.56,-278.16,-1215.12,-1478.64,-1600.64,-800.32,-53.68
-117.12,224.48,341.6,-53.68,-229.36,283.04,-258.64,-1176.08,-1473.76,-1673.84,-990.64,-239.12
-97.6,141.52,239.12,-19.52,-170.8,190.32,-234.24,-1117.52,-1424.96,-1639.68,-1073.6,-380.64
-82.96,78.08,161.04,4.88,-122,117.12,-200.08,-1049.2,-1376.16,-1595.76,-1098,-453.84
-78.08,39.04,117.12,19.52,-97.6,78.08,-136.64,-980.88,-1317.6,-1542.08,-1098,-492.88
-107.36,-29.28,78.08,68.32,-92.72,24.4,-97.6,-917.44,-1268.8,-1498.16,-1122.4,-561.2
-180.56,-141.52,39.04,161.04,-112.24,-53.68,-14.64,-810.08,-1190.72,-1434.72,-1122.4,-610
-219.6,-209.84,9.76,214.72,-117.12,-102.48,58.56,-732,-1093.12,-1322.48,-1058.96,-610
-209.84,-224.48,-14.64,219.6,-97.6,-122,107.36,-683.2,-1010.16,-1249.28,-1019.92,-614.88
-190.32,-248.88,-58.56,219.6,-68.32,-156.16,136.64,-614.88,-936.96,-1190.72,-1015.04,-653.92
-195.2,-263.52,-68.32,229.36,-63.44,-165.92,180.56,-531.92,-819.84,-1073.6,-922.32,-619.76
-185.44,-258.64,-73.2,224.48,-58.56,-165.92,195.2,-458.72,-697.84,-946.72,-839.36,-575.84
-156.16,-253.76,-97.6,204.96,-29.28,-175.68,170.8,-409.92,-610,-849.12,-766.16,-546.56
-146.4,-239.12,-92.72,195.2,-29.28,-165.92,151.28,-370.88,-512.4,-746.64,-668.56,-478.24
-112.24,-224.48,-112.24,170.8,0,-170.8,102.48,-346.48,-405.04,-629.52,-570.96,-424.56
-97.6,-209.84,-112.24,156.16,4.88,-161.04,82.96,-292.8,-307.44,-517.28,-483.12,-380.64
-92.72,-200.08,-107.36,146.4,4.88,-156.16,82.96,-234.24,-239.12,-439.2,-419.68,-356.24
-68.32,-190.32,-122,131.76,24.4,-156.16,102.48,-175.68,-165.92,-375.76,-380.64,-336.72
-78.08,-165.92,-87.84,122,4.88,-126.88,126.88,-146.4,-107.36,-322.08,-351.36,-317.2
-58.56,-146.4,-87.84,102.48,14.64,-117.12,117.12,-126.88,-48.8,-263.52,-302.56,-287.92
-43.92,-146.4,-102.48,97.6,29.28,-126.88,97.6,-122,0,-214.72,-258.64,-258.64
-39.04,-131.76,-92.72,87.84,24.4,-112.24,126.88,-97.6,48.8,-175.68,-229.36,-234.24
-63.44,-112.24,-48.8,87.84,-9.76,-82.96,131.76,-78.08,82.96,-126.88,-175.68,-200.08
-82.96,-112.24,-29.28,97.6,-29.28,-73.2,126.88,-58.56,117.12,-92.72,-146.4,-165.92
-43.92,-87.84,-43.92,68.32,0,-68.32,117.12,-68.32,117.12,-82.96,-141.52,-175.68
-9.76,-92.72,-82.96,53.68,34.16,-87.84,112.24,-73.2,122,-87.84,-161.04,-185.44
-39.04,-102.48,-63.44,73.2,9.76,-82.96,107.36,-58.56,131.76,-73.2,-151.28,-180.56
-34.16,-107.36,-73.2,73.2,19.52,-92.72,102.48,-58.56,136.64,-48.8,-126.88,-165.92
-24.4,-92.72,-68.32,58.56,19.52,-82.96,87.84,-63.44,156.16,-43.92,-122,-165.92
-14.64,-68.32,-53.68,43.92,19.52,-63.44,102.48,-48.8,161.04,-34.16,-112.24,-151.28
-29.28,-63.44,-34.16,48.8,0,-48.8,112.24,-39.04,170.8,-29.28,-112.24,-141.52
-14.64,-73.2,-58.56,43.92,19.52,-68.32,112.24,-43.92,175.68,-19.52,-107.36,-141.52
-9.76,-63.44,-53.68,39.04,19.52,-58.56,82.96,-29.28,200.08,9.76,-82.96,-131.76
-29.28,-53.68,-24.4,43.92,-4.88,-39.04,92.72,-19.52,234.24,24.4,-68.32,-107.36
-4.88,-53.68,-48.8,29.28,19.52,-53.68,87.84,-24.4,214.72,0,-97.6,-131.76
-9.76,-73.2,-63.44,43.92,24.4,-68.32,102.48,-9.76,224.48,19.52,-78.08,-107.36
-43.92,-92.72,-48.8,68.32,0,-73.2,87.84,-14.64,219.6,24.4,-63.44,-92.72
-24.4,-92.72,-68.32,58.56,19.52,-82.96,82.96,-29.28,219.6,24.4,-53.68,-102.48
-19.52,-102.48,-82.96,63.44,29.28,-92.72,73.2,-34.16,219.6,19.52,-68.32,-122
-14.64,-87.84,-73.2,53.68,29.28,-82.96,82.96,-29.28,244,29.28,-48.8,-117.12
29.28,-53.68,-82.96,14.64,53.68,-68.32,78.08,-29.28,239.12,29.28,-39.04,-107.36
43.92,-48.8,-92.72,4.88,68.32,-73.2,68.32,-43.92,214.72,14.64,-63.44,-126.88
19.52,-39.04,-58.56,9.76,39.04,-48.8,73.2,-39.04,234.24,19.52,-58.56,-112.24
-9.76,-43.92,-34.16,29.28,9.76,-39.04,92.72,-14.64,248.88,29.28,-58.56,-92.72
-4.88,-58.56,-53.68,34.16,24.4,-58.56,82.96,-24.4,239.12,14.64,-92.72,-122
-9.76,-63.44,-53.68,39.04,19.52,-58.56,97.6,-14.64,244,34.16,-73.2,-117.12
-19.52,-68.32,-48.8,43.92,14.64,-58.56,92.72,-19.52,248.88,43.92,-53.68,-107.36
-53.68,-63.44,-9.76,58.56,-24.4,-39.04,97.6,-14.64,268.4,53.68,-34.16,-87.84
-63.44,-58.56,4.88,63.44,-34.16,-29.28,97.6,-9.76,273.28,73.2,-9.76,-73.2
-53.68,-48.8,4.88,53.68,-29.28,-24.4,87.84,-9.76,263.52,68.32,-9.76,-78.08
-29.28,-43.92,-14.64,39.04,-9.76,-29.28,78.08,-19.52,258.64,39.04,-43.92,-107.36
-19.52,-43.92,-24.4,34.16,0,-34.16,92.72,-9.76,268.4,43.92,-63.44,-122
0,-39.04,-39.04,19.52,19.52,-39.04,82.96,-9.76,263.52,48.8,-63.44,-131.76
14.64,-19.52,-34.16,4.88,24.4,-29.28,73.2,-14.64,258.64,39.04,-63.44,-136.64
-9.76,-53.68,-43.92,34.16,14.64,-48.8,73.2,-14.64,263.52,43.92,-53.68,-126.88
-39.04,-78.08,-39.04,58.56,0,-58.56,82.96,4.88,263.52,58.56,-43.92,-107.36
-29.28,-82.96,-53.68,58.56,9.76,-68.32,87.84,0,253.76,58.56,-39.04,-97.6
-34.16,-87.84,-53.68,63.44,9.76,-73.2,82.96,-4.88,239.12,58.56,-34.16,-87.84
-24.4,-78.08,-53.68,53.68,14.64,-68.32,87.84,-9.76,244,68.32,-24.4,-78.08
0,-63.44,-63.44,34.16,29.28,-63.44,53.68,-14.64,234.24,53.68,-34.16,-97.6
-9.76,-73.2,-63.44,43.92,24.4,-68.32,43.92,-14.64,224.48,53.68,-29.28,-102.48
-14.64,-68.32,-53.68,43.92,19.52,-63.44,53.68,0,224.48,63.44,-34.16,-107.36
-48.8,-78.08,-29.28,63.44,-9.76,-53.68,73.2,19.52,244,78.08,-29.28,-107.36
-53.68,-68.32,-14.64,63.44,-19.52,-43.92,78.08,19.52,239.12,78.08,-34.16,-107.36
-53.68,-58.56,-4.88,58.56,-24.4,-34.16,78.08,24.4,253.76,102.48,-4.88,-87.84
-48.8,-58.56,-9.76,53.68,-19.52,-34.16,63.44,19.52,244,107.36,-4.88,-82.96
-9.76,-43.92,-34.16,29.28,9.76,-39.04,68.32,29.28,253.76,107.36,0,-78.08
0,-24.4,-24.4,14.64,9.76,-24.4,68.32,29.28,244,102.48,-14.64,-97.6
-19.52,-48.8,-29.28,34.16,4.88,-39.04,63.44,29.28,244,107.36,-4.88,-92.72
-14.64,-53.68,-39.04,34.16,9.76,-48.8,63.44,34.16,248.88,112.24,4.88,-82.96
-9.76,-63.44,-53.68,39.04,19.52,-58.56,53.68,29.28,253.76,112.24,4.88,-78.08
-19.52,-68.32,-48.8,43.92,14.64,-58.56,58.56,34.16,248.88,112.24,-4.88,-87.84
-19.52,-68.32,-48.8,43.92,14.64,-58.56,53.68,29.28,248.88,107.36,-14.64,-87.84
-34.16,-63.44,-29.28,48.8,-4.88,-48.8,53.68,29.28,253.76,112.24,-4.88,-87.84
-43.92,-53.68,-9.76,48.8,-19.52,-34.16,63.44,39.04,268.4,141.52,19.52,-78.08
-34.16,-48.8,-14.64,43.92,-9.76,-34.16,58.56,39.04,278.16,156.16,19.52,-82.96
-29.28,-43.92,-14.64,39.04,-9.76,-29.28,53.68,39.04,292.8,151.28,14.64,-87.84
-14.64,-34.16,-19.52,24.4,0,-29.28,63.44,48.8,287.92,156.16,24.4,-78.08
0,-19.52,-19.52,9.76,9.76,-19.52,87.84,43.92,283.04,165.92,39.04,-68.32
-19.52,-24.4,-4.88,24.4,-9.76,-14.64,53.68,58.56,302.56,180.56,48.8,-58.56
-39.04,-29.28,9.76,34.16,-24.4,-9.76,43.92,58.56,312.32,165.92,34.16,-63.44
-29.28,-34.16,-4.88,34.16,-14.64,-19.52,53.68,53.68,283.04,146.4,0,-92.72
4.88,-43.92,-48.8,19.52,24.4,-48.8,48.8,53.68,287.92,146.4,-4.88,-107.36
19.52,-48.8,-68.32,14.64,43.92,-58.56,53.68,68.32,302.56,175.68,14.64,-82.96
4.88,-53.68,-58.56,24.4,29.28,-58.56,43.92,73.2,317.2,185.44,43.92,-73.2
0,-53.68,-53.68,29.28,24.4,-53.68,68.32,87.84,326.96,214.72,68.32,-48.8
-39.04,-63.44,-24.4,53.68,-9.76,-43.92,73.2,97.6,341.6,239.12,97.6,-24.4
-48.8,-68.32,-19.52,58.56,-14.64,-43.92,63.44,107.36,351.36,239.12,107.36,-24.4
-29.28,-58.56,-29.28,43.92,0,-43.92,73.2,107.36,351.36,248.88,102.48,-34.16
-39.04,-58.56,-19.52,48.8,-9.76,-39.04,68.32,117.12,356.24,244,102.48,-29.28
-29.28,-43.92,-14.64,39.04,-9.76,-29.28,68.32,126.88,366,239.12,92.72,-29.28
-19.52,-58.56,-39.04,39.04,9.76,-48.8,68.32,141.52,380.64,253.76,102.48,-19.52
4.88,-39.04,-43.92,19.52,24.4,-43.92,53.68,141.52,390.4,263.52,112.24,-19.52
14.64,-19.52,-34.16,4.88,24.4,-29.28,58.56,151.28,405.04,278.16,117.12,-14.64
-24.4,-29.28,-4.88,29.28,-9.76,-19.52,58.56,165.92,429.44,292.8,126.88,-19.52
-48.8,-39.04,9.76,43.92,-29.28,-14.64,53.68,170.8,444.08,322.08,141.52,-9.76
4.88,-43.92,-48.8,19.52,24.4,-48.8,48.8,161.04,434.32,317.2,141.52,-24.4
14.64,-39.04,-53.68,14.64,34.16,-48.8,48.8,161.04,468.48,322.08,146.4,-19.52
-9.76,-29.28,-19.52,19.52,4.88,-24.4,43.92,175.68,488,341.6,161.04,-4.88
-19.52,-39.04,-19.52,29.28,0,-29.28,39.04,180.56,463.6,331.84,146.4,-9.76
-24.4,-24.4,0,24.4,-14.64,-14.64,43.92,190.32,483.12,346.48,165.92,9.76
-9.76,-19.52,-9.76,14.64,0,-14.64,63.44,200.08,497.76,361.12,165.92,14.64
29.28,-29.28,-58.56,0,43.92,-43.92,39.04,200.08,502.64,370.88,161.04,0
34.16,-24.4,-58.56,-4.88,43.92,-43.92,39.04,209.84,512.4,385.52,175.68,4.88
9.76,-9.76,-19.52,0,14.64,-14.64,39.04,224.48,541.68,419.68,200.08,14.64
-19.52,-4.88,14.64,14.64,-19.52,4.88,43.92,244,570.96,453.84,224.48,24.4
-14.64,0,14.64,9.76,-14.64,4.88,48.8,248.88,570.96,448.96,224.48,24.4
9.76,-4.88,-14.64,0,9.76,-9.76,48.8,248.88,580.72,444.08,214.72,14.64
29.28,4.88,-24.4,-14.64,24.4,-9.76,24.4,253.76,590.48,468.48,219.6,29.28
58.56,14.64,-43.92,-34.16,48.8,-14.64,39.04,268.4,605.12,478.24,224.48,43.92
34.16,9.76,-24.4,-19.52,29.28,-9.76,43.92,283.04,614.88,488,244,58.56
0,4.88,4.88,0,-4.88,4.88,48.8,302.56,639.28,522.16,273.28,82.96
4.88,14.64,9.76,-9.76,-4.88,9.76,43.92,317.2,668.56,546.56,292.8,92.72
0,0,0,0,0,0,53.68,336.72,692.96,570.96,302.56,102.48
0,-9.76,-9.76,4.88,4.88,-9.76,39.04,346.48,702.72,570.96,302.56,87.84
29.28,-4.88,-34.16,-9.76,29.28,-19.52,29.28,336.72,692.96,585.6,302.56,78.08
43.92,-4.88,-48.8,-19.52,43.92,-29.28,14.64,336.72,697.84,590.48,307.44,78.08
43.92,-4.88,-48.8,-19.52,43.92,-29.28,14.64,346.48,707.6,600.24,312.32,78.08
39.04,0,-39.04,-19.52,39.04,-19.52,14.64,351.36,717.36,614.88,317.2,82.96
34.16,-4.88,-39.04,-14.64,34.16,-24.4,24.4,366,722.24,619.76,322.08,92.72
39.04,9.76,-29.28,-24.4,34.16,-9.76,48.8,370.88,732,624.64,326.96,97.6
29.28,24.4,-4.88,-24.4,14.64,9.76,39.04,390.4,751.52,644.16,336.72,107.36
39.04,24.4,-14.64,-29.28,24.4,4.88,34.16,409.92,771.04,668.56,356.24,117.12
53.68,29.28,-24.4,-39.04,39.04,0,34.16,414.8,795.44,683.2,370.88,122
58.56,9.76,-48.8,-34.16,53.68,-19.52,29.28,414.8,795.44,683.2,370.88,126.88
63.44,9.76,-53.68,-34.16,58.56,-24.4,43.92,419.68,800.32,692.96,370.88,131.76
48.8,14.64,-34.16,-29.28,39.04,-9.76,34.16,419.68,790.56,683.2,366,122
53.68,24.4,-29.28,-39.04,39.04,-4.88,24.4,424.56,800.32,683.2,361.12,122
58.56,19.52,-39.04,-39.04,48.8,-9.76,34.16,424.56,800.32,688.08,361.12,131.76
78.08,24.4,-53.68,-48.8,63.44,-14.64,24.4,414.8,785.68,668.56,351.36,122
97.6,29.28,-68.32,-63.44,82.96,-19.52,4.88,405.04,756.4,658.8,341.6,117.12
92.72,24.4,-68.32,-58.56,78.08,-24.4,9.76,405.04,761.28,653.92,336.72,112.24
48.8,29.28,-19.52,-39.04,34.16,4.88,19.52,414.8,771.04,668.56,346.48,126.88
14.64,43.92,29.28,-29.28,-9.76,34.16,43.92,448.96,800.32,688.08,370.88,146.4
-34.16,34.16,68.32,0,-53.68,48.8,53.68,448.96,810.08,697.84,375.76,146.4
0,19.52,19.52,-9.76,-9.76,19.52,29.28,419.68,761.28,658.8,331.84,102.48
73.2,19.52,-53.68,-43.92,63.44,-19.52,9.76,385.52,727.12,629.52,302.56,73.2
92.72,19.52,-73.2,-53.68,82.96,-29.28,-4.88,370.88,697.84,600.24,283.04,68.32
68.32,29.28,-39.04,-48.8,53.68,-4.88,14.64,370.88,712.48,610,297.68,97.6
58.56,24.4,-34.16,-39.04,43.92,-4.88,29.28,380.64,702.72,600.24,297.68,112.24
63.44,14.64,-48.8,-39.04,53.68,-19.52,14.64,356.24,668.56,575.84,278.16,112.24
63.44,14.64,-48.8,-39.04,53.68,-19.52,14.64,351.36,658.8,556.32,258.64,107.36
48.8,0,-48.8,-24.4,48.8,-24.4,9.76,341.6,639.28,541.68,244,102.48
58.56,14.64,-43.92,-34.16,48.8,-14.64,9.76,331.84,624.64,522.16,234.24,92.72
43.92,9.76,-34.16,-24.4,39.04,-14.64,4.88,317.2,614.88,517.28,234.24,97.6
53.68,-4.88,-58.56,-24.4,53.68,-34.16,-4.88,297.68,585.6,502.64,229.36,82.96
48.8,0,-48.8,-24.4,48.8,-24.4,4.88,287.92,570.96,488,234.24,82.96
34.16,-4.88,-39.04,-14.64,34.16,-24.4,24.4,278.16,551.44,463.6,219.6,78.08
19.52,-9.76,-29.28,-4.88,24.4,-19.52,19.52,258.64,522.16,434.32,195.2,63.44
9.76,-4.88,-14.64,0,9.76,-9.76,-4.88,239.12,483.12,400.16,161.04,53.68
-14.64,-9.76,4.88,14.64,-9.76,-4.88,-19.52,224.48,463.6,370.88,146.4,53.68
-34.16,-4.88,29.28,19.52,-34.16,9.76,0,214.72,458.72,361.12,136.64,53.68
-24.4,-4.88,19.52,14.64,-24.4,4.88,4.88,209.84,453.84,351.36,131.76,53.68
9.76,-9.76,-19.52,0,14.64,-14.64,-14.64,180.56,414.8,317.2,102.48,29.28
48.8,-9.76,-58.56,-19.52,53.68,-34.16,-29.28,151.28,375.76,287.92,78.08,4.88
53.68,-24.4,-78.08,-14.64,63.44,-53.68,-24.4,136.64,356.24,273.28,68.32,-4.88
39.04,-34.16,-73.2,0,53.68,-53.68,-29.28,126.88,336.72,253.76,68.32,-4.88
29.28,-9.76,-39.04,-9.76,34.16,-24.4,-29.28,107.36,312.32,229.36,48.8,-9.76
19.52,-9.76,-29.28,-4.88,24.4,-19.52,-34.16,87.84,287.92,204.96,29.28,-9.76
-14.64,-9.76,4.88,14.64,-9.76,-4.88,-14.64,82.96,273.28,190.32,29.28,4.88
-43.92,-29.28,14.64,39.04,-29.28,-9.76,-19.52,78.08,268.4,180.56,24.4,9.76
-39.04,-39.04,0,39.04,-19.52,-19.52,-29.28,58.56,239.12,156.16,-4.88,-14.64
-29.28,-39.04,-9.76,34.16,-9.76,-24.4,-39.04,39.04,234.24,141.52,-24.4,-34.16
-4.88,-39.04,-34.16,24.4,14.64,-39.04,-43.92,14.64,224.48,117.12,-39.04,-43.92
9.76,-48.8,-58.56,19.52,34.16,-53.68,-48.8,0,185.44,102.48,-53.68,-58.56
4.88,-43.92,-48.8,19.52,24.4,-48.8,-48.8,0,175.68,87.84,-53.68,-63.44
-14.64,-48.8,-34.16,34.16,9.76,-43.92,-39.04,-4.88,156.16,78.08,-53.68,-63.44
-14.64,-58.56,-43.92,39.04,14.64,-53.68,-29.28,-19.52,146.4,63.44,-68.32,-63.44
-24.4,-58.56,-34.16,43.92,4.88,-48.8,-34.16,-34.16,131.76,43.92,-82.96,-73.2
-24.4,-48.8,-24.4,39.04,0,-39.04,-4.88,-34.16,117.12,34.16,-87.84,-73.2
-4.88,-34.16,-29.28,19.52,9.76,-34.16,-24.4,-53.68,102.48,14.64,-102.48,-78.08
19.52,-39.04,-58.56,9.76,39.04,-48.8,-14.64,-68.32,82.96,-9.76,-126.88,-97.6
14.64,-39.04,-53.68,14.64,34.16,-48.8,-24.4,-73.2,87.84,-14.64,-136.64,-102.48
-9.76,-39.04,-29.28,24.4,9.76,-34.16,-39.04,-63.44,92.72,-9.76,-126.88,-87.84
-29.28,-58.56,-29.28,43.92,0,-43.92,-29.28,-68.32,82.96,-9.76,-126.88,-92.72
-53.68,-73.2,-19.52,63.44,-19.52,-48.8,-39.04,-78.08,73.2,-19.52,-126.88,-97.6
-58.56,-78.08,-19.52,68.32,-19.52,-48.8,-19.52,-82.96,63.44,-29.28,-126.88,-102.48
-48.8,-73.2,-24.4,63.44,-14.64,-48.8,-24.4,-87.84,58.56,-34.16,-141.52,-102.48
-39.04,-63.44,-24.4,53.68,-9.76,-43.92,-43.92,-92.72,53.68,-39.04,-136.64,-97.6
-53.68,-78.08,-24.4,68.32,-14.64,-53.68,-43.92,-102.48,39.04,-58.56,-156.16,-107.36
-58.56,-82.96,-24.4,73.2,-19.52,-53.68,-39.04,-112.24,29.28,-78.08,-175.68,-122
-48.8,-78.08,-29.28,63.44,-9.76,-53.68,-43.92,-107.36,34.16,-82.96,-180.56,-122
-58.56,-82.96,-24.4,73.2,-19.52,-53.68,-43.92,-107.36,24.4,-82.96,-180.56,-122
-53.68,-87.84,-34.16,73.2,-9.76,-63.44,-29.28,-112.24,24.4,-87.84,-185.44,-131.76
-48.8,-97.6,-48.8,73.2,0,-73.2,-39.04,-112.24,29.28,-82.96,-190.32,-136.64
-43.92,-87.84,-43.92,68.32,0,-68.32,-34.16,-117.12,39.04,-87.84,-190.32,-151.28
-53.68,-78.08,-24.4,68.32,-14.64,-53.68,-39.04,-107.36,39.04,-82.96,-175.68,-141.52
-63.44,-87.84,-24.4,78.08,-19.52,-58.56,-29.28,-112.24,24.4,-87.84,-185.44,-146.4
-48.8,-87.84,-39.04,68.32,-4.88,-63.44,-39.04,-126.88,19.52,-107.36,-204.96,-151.28
-29.28,-82.96,-53.68,58.56,9.76,-68.32,-63.44,-131.76,9.76,-117.12,-209.84,-156.16
-63.44,-92.72,-29.28,78.08,-19.52,-63.44,-34.16,-126.88,9.76,-107.36,-204.96,-146.4
-68.32,-82.96,-14.64,78.08,-29.28,-48.8,-14.64,-117.12,24.4,-102.48,-200.08,-141.52
-58.56,-78.08,-19.52,68.32,-19.52,-48.8,-34.16,-122,24.4,-97.6,-200.08,-141.52
-73.2,-82.96,-9.76,78.08,-34.16,-48.8,-14.64,-122,29.28,-92.72,-195.2,-136.64
-63.44,-87.84,-24.4,78.08,-19.52,-58.56,-34.16,-122,48.8,-82.96,-185.44,-136.64
-58.56,-87.84,-29.28,73.2,-14.64,-58.56,-48.8,-126.88,34.16,-82.96,-185.44,-141.52
-19.52,-82.96,-63.44,53.68,19.52,-73.2,-63.44,-141.52,19.52,-97.6,-190.32,-151.28
14.64,-82.96,-97.6,34.16,53.68,-92.72,-63.44,-151.28,14.64,-102.48,-204.96,-161.04
-24.4,-78.08,-53.68,53.68,14.64,-68.32,-53.68,-141.52,29.28,-87.84,-190.32,-146.4
-58.56,-63.44,-4.88,63.44,-29.28,-34.16,-43.92,-126.88,43.92,-78.08,-175.68,-131.76
-48.8,-58.56,-9.76,53.68,-19.52,-34.16,-43.92,-131.76,43.92,-78.08,-175.68,-126.88
-29.28,-48.8,-19.52,39.04,-4.88,-34.16,-43.92,-131.76,48.8,-73.2,-170.8,-122
-19.52,-53.68,-34.16,39.04,4.88,-43.92,-48.8,-131.76,58.56,-68.32,-161.04,-112.24
-34.16,-73.2,-39.04,53.68,0,-58.56,-29.28,-122,68.32,-53.68,-146.4,-107.36
-34.16,-82.96,-48.8,58.56,4.88,-68.32,-39.04,-117.12,78.08,-58.56,-146.4,-112.24
-24.4,-68.32,-43.92,48.8,9.76,-58.56,-29.28,-112.24,92.72,-48.8,-141.52,-112.24
-24.4,-73.2,-48.8,48.8,9.76,-63.44,-53.68,-122,78.08,-48.8,-136.64,-117.12
-9.76,-78.08,-68.32,43.92,29.28,-73.2,-48.8,-122,63.44,-53.68,-146.4,-122
-24.4,-78.08,-53.68,53.68,14.64,-68.32,-53.68,-112.24,73.2,-39.04,-131.76,-112.24
-48.8,-73.2,-24.4,63.44,-14.64,-48.8,-58.56,-102.48,82.96,-34.16,-126.88,-97.6
-39.04,-53.68,-14.64,48.8,-14.64,-34.16,-48.8,-87.84,97.6,-29.28,-122,-87.84
-19.52,-34.16,-14.64,29.28,-4.88,-24.4,-34.16,-78.08,112.24,-19.52,-122,-87.84
0,-29.28,-29.28,14.64,14.64,-29.28,-39.04,-73.2,107.36,-9.76,-122,-82.96
-4.88,-39.04,-34.16,24.4,14.64,-39.04,-58.56,-82.96,102.48,-9.76,-122,-87.84
-9.76,-53.68,-43.92,34.16,14.64,-48.8,-39.04,-78.08,117.12,0,-107.36,-82.96
-9.76,-43.92,-34.16,29.28,9.76,-39.04,-34.16,-68.32,131.76,19.52,-92.72,-73.2
-39.04,-53.68,-14.64,48.8,-14.64,-34.16,-24.4,-58.56,141.52,29.28,-78.08,-68.32
-43.92,-58.56,-14.64,53.68,-14.64,-39.04,-34.16,-68.32,126.88,14.64,-87.84,-78.08
-4.88,-43.92,-39.04,24.4,14.64,-43.92,-48.8,-82.96,117.12,4.88,-102.48,-92.72
0,-43.92,-43.92,24.4,19.52,-43.92,-63.44,-92.72,112.24,-4.88,-107.36,-97.6
-4.88,-53.68,-48.8,29.28,19.52,-53.68,-68.32,-92.72,102.48,-4.88,-112.24,-92.72
-19.52,-58.56,-39.04,39.04,9.76,-48.8,-58.56,-82.96,122,9.76,-102.48,-78.08
-29.28,-48.8,-19.52,39.04,-4.88,-34.16,-68.32,-87.84,117.12,0,-102.48,-82.96
-14.64,-48.8,-34.16,34.16,9.76,-43.92,-58.56,-87.84,131.76,9.76,-92.72,-78.08
-29.28,-53.68,-24.4,43.92,-4.88,-39.04,-39.04,-78.08,146.4,24.4,-73.2,-68.32
-34.16,-53.68,-19.52,43.92,-9.76,-39.04,-58.56,-68.32,146.4,34.16,-63.44,-63.44
-14.64,-48.8,-34.16,34.16,9.76,-43.92,-48.8,-73.2,141.52,24.4,-63.44,-53.68
9.76,-48.8,-58.56,19.52,34.16,-53.68,-73.2,-87.84,122,14.64,-73.2,-63.44
-9.76,-43.92,-34.16,29.28,9.76,-39.04,-68.32,-78.08,126.88,24.4,-68.32,-58.56
-73.2,-53.68,19.52,63.44,-48.8,-19.52,-58.56,-73.2,126.88,24.4,-58.56,-48.8
-53.68,-58.56,-4.88,58.56,-24.4,-34.16,-73.2,-87.84,117.12,9.76,-82.96,-63.44
-48.8,-43.92,4.88,48.8,-29.28,-19.52,-68.32,-73.2,126.88,19.52,-73.2,-48.8
-43.92,-48.8,-4.88,48.8,-19.52,-29.28,-73.2,-68.32,146.4,24.4,-73.2,-43.92
-14.64,-43.92,-29.28,29.28,4.88,-39.04,-82.96,-73.2,136.64,19.52,-78.08,-53.68
9.76,-48.8,-58.56,19.52,34.16,-53.68,-87.84,-73.2,131.76,19.52,-82.96,-58.56
0,-58.56,-58.56,29.28,29.28,-58.56,-82.96,-63.44,141.52,29.28,-68.32,-53.68
-4.88,-53.68,-48.8,29.28,19.52,-53.68,-63.44,-58.56,141.52,29.28,-63.44,-48.8
-24.4,-63.44,-39.04,43.92,4.88,-53.68,-68.32,-63.44,136.64,24.4,-68.32,-58.56
-39.04,-58.56,-19.52,48.8,-9.76,-39.04,-73.2,-63.44,136.64,24.4,-68.32,-58.56
-43.92,-39.04,4.88,43.92,-24.4,-19.52,-73.2,-58.56,151.28,19.52,-63.44,-48.8
-19.52,-39.04,-19.52,29.28,0,-29.28,-63.44,-68.32,151.28,9.76,-78.08,-53.68
24.4,-39.04,-63.44,9.76,43.92,-53.68,-87.84,-78.08,126.88,0,-92.72,-73.2
53.68,-29.28,-82.96,-9.76,68.32,-58.56,-92.72,-82.96,112.24,-9.76,-102.48,-73.2
53.68,-43.92,-97.6,-4.88,73.2,-73.2,-87.84,-92.72,107.36,-19.52,-107.36,-78.08
9.76,-63.44,-73.2,29.28,39.04,-68.32,-87.84,-78.08,112.24,-9.76,-107.36,-78.08
-29.28,-73.2,-43.92,53.68,4.88,-58.56,-78.08,-68.32,117.12,0,-92.72,-68.32
-39.04,-68.32,-29.28,53.68,-4.88,-48.8,-73.2,-63.44,112.24,-4.88,-97.6,-68.32
-48.8,-58.56,-9.76,53.68,-19.52,-34.16,-63.44,-58.56,122,4.88,-97.6,-63.44
-29.28,-53.68,-24.4,43.92,-4.88,-39.04,-68.32,-58.56,122,-9.76,-97.6,-68.32
19.52,-39.04,-58.56,9.76,39.04,-48.8,-58.56,-78.08,102.48,-24.4,-117.12,-82.96
-4.88,-43.92,-39.04,24.4,14.64,-43.92,-58.56,-68.32,102.48,-19.52,-112.24,-73.2
-29.28,-39.04,-9.76,34.16,-9.76,-24.4,-43.92,-63.44,107.36,-14.64,-107.36,-73.2
-24.4,-29.28,-4.88,29.28,-9.76,-19.52,-43.92,-58.56,112.24,-9.76,-107.36,-68.32
-19.52,-39.04,-19.52,29.28,0,-29.28,-43.92,-58.56,117.12,-14.64,-107.36,-68.32
-19.52,-58.56,-39.04,39.04,9.76,-48.8,-58.56,-68.32,102.48,-29.28,-126.88,-92.72
-9.76,-58.56,-48.8,34.16,19.52,-53.68,-63.44,-68.32,97.6,-34.16,-131.76,-97.6
-34.16,-68.32,-34.16,53.68,0,-53.68,-48.8,-63.44,97.6,-29.28,-126.88,-87.84
-43.92,-73.2,-29.28,58.56,-9.76,-53.68,-53.68,-63.44,92.72,-34.16,-122,-82.96
-29.28,-68.32,-39.04,48.8,4.88,-53.68,-63.44,-63.44,87.84,-34.16,-126.88,-82.96
-48.8,-63.44,-14.64,58.56,-19.52,-39.04,-48.8,-63.44,87.84,-39.04,-131.76,-73.2
-34.16,-43.92,-9.76,39.04,-14.64,-29.28,-63.44,-68.32,97.6,-43.92,-131.76,-68.32
0,-39.04,-39.04,19.52,19.52,-39.04,-68.32,-82.96,78.08,-58.56,-156.16,-87.84
9.76,-48.8,-58.56,19.52,34.16,-53.68,-68.32,-82.96,68.32,-68.32,-161.04,-92.72
19.52,-48.8,-68.32,14.64,43.92,-58.56,-63.44,-82.96,78.08,-68.32,-161.04,-92.72
9.76,-73.2,-82.96,34.16,43.92,-78.08,-82.96,-87.84,73.2,-73.2,-165.92,-102.48
-19.52,-82.96,-63.44,53.68,19.52,-73.2,-73.2,-78.08,78.08,-63.44,-161.04,-97.6
-24.4,-73.2,-48.8,48.8,9.76,-63.44,-82.96,-82.96,73.2,-63.44,-156.16,-97.6
-48.8,-82.96,-34.16,68.32,-9.76,-58.56,-78.08,-78.08,82.96,-68.32,-156.16,-102.48
-53.68,-73.2,-19.52,63.44,-19.52,-48.8,-78.08,-78.08,68.32,-68.32,-161.04,-102.48
-48.8,-63.44,-14.64,58.56,-19.52,-39.04,-73.2,-78.08,63.44,-73.2,-156.16,-97.6
-63.44,-53.68,9.76,58.56,-39.04,-24.4,-58.56,-68.32,78.08,-63.44,-151.28,-82.96
-34.16,-39.04,-4.88,39.04,-14.64,-24.4,-63.44,-63.44,87.84,-63.44,-151.28,-82.96
-34.16,-43.92,-9.76,39.04,-14.64,-29.28,-58.56,-63.44,92.72,-58.56,-151.28,-87.84
-29.28,-58.56,-29.28,43.92,0,-43.92,-68.32,-73.2,78.08,-68.32,-156.16,-92.72
9.76,-58.56,-68.32,24.4,39.04,-63.44,-78.08,-78.08,73.2,-78.08,-161.04,-102.48
0,-73.2,-73.2,39.04,34.16,-73.2,-68.32,-87.84,58.56,-87.84,-175.68,-112.24
-39.04,-68.32,-29.28,53.68,-4.88,-48.8,-58.56,-78.08,73.2,-73.2,-156.16,-102.48
-48.8,-78.08,-29.28,63.44,-9.76,-53.68,-73.2,-82.96,58.56,-87.84,-165.92,-102.48
-24.4,-68.32,-43.92,48.8,9.76,-58.56,-87.84,-97.6,43.92,-97.6,-180.56,-117.12
0,-58.56,-58.56,29.28,29.28,-58.56,-92.72,-107.36,34.16,-107.36,-195.2,-117.12
0,-58.56,-58.56,29.28,29.28,-58.56,-92.72,-107.36,29.28,-117.12,-200.08,-126.88
-14.64,-58.56,-43.92,39.04,14.64,-53.68,-87.84,-97.6,39.04,-112.24,-200.08,-112.24
-39.04,-58.56,-19.52,48.8,-9.76,-39.04,-63.44,-82.96,53.68,-102.48,-185.44,-107.36
-9.76,-58.56,-48.8,34.16,19.52,-53.68,-58.56,-92.72,53.68,-102.48,-190.32,-112.24
4.88,-63.44,-68.32,29.28,34.16,-68.32,-68.32,-92.72,53.68,-102.48,-190.32,-117.12
-14.64,-63.44,-48.8,39.04,14.64,-58.56,-53.68,-82.96,63.44,-87.84,-175.68,-112.24
-34.16,-63.44,-29.28,48.8,-4.88,-48.8,-53.68,-87.84,58.56,-92.72,-175.68,-107.36
-39.04,-73.2,-34.16,58.56,-4.88,-53.68,-68.32,-87.84,58.56,-87.84,-175.68,-102.48
-39.04,-78.08,-39.04,58.56,0,-58.56,-63.44,-92.72,58.56,-97.6,-175.68,-107.36
-4.88,-48.8,-43.92,29.28,19.52,-48.8,-68.32,-107.36,29.28,-117.12,-200.08,-112.24
-4.88,-53.68,-48.8,29.28,19.52,-53.68,-92.72,-117.12,19.52,-131.76,-209.84,-122
-9.76,-68.32,-58.56,39.04,24.4,-63.44,-87.84,-122,19.52,-131.76,-214.72,-126.88
14.64,-58.56,-73.2,24.4,43.92,-68.32,-78.08,-126.88,19.52,-141.52,-219.6,-136.64
-4.88,-63.44,-58.56,34.16,24.4,-63.44,-53.68,-112.24,39.04,-122,-204.96,-117.12
-34.16,-63.44,-29.28,48.8,-4.88,-48.8,-48.8,-92.72,58.56,-102.48,-185.44,-107.36
-39.04,-68.32,-29.28,53.68,-4.88,-48.8,-43.92,-87.84,63.44,-92.72,-175.68,-102.48
-48.8,-73.2,-24.4,63.44,-14.64,-48.8,-39.04,-97.6,48.8,-102.48,-180.56,-107.36
-53.68,-73.2,-19.52,63.44,-19.52,-48.8,-48.8,-102.48,48.8,-102.48,-175.68,-102.48
-43.92,-63.44,-19.52,53.68,-14.64,-43.92,-48.8,-102.48,39.04,-112.24,-180.56,-112.24
-24.4,-58.56,-34.16,43.92,4.88,-48.8,-43.92,-107.36,34.16,-126.88,-195.2,-122
-19.52,-48.8,-29.28,34.16,4.88,-39.04,-43.92,-102.48,39.04,-122,-190.32,-117.12
-63.44,-63.44,0,63.44,-34.16,-34.16,-29.28,-97.6,53.68,-117.12,-195.2,-112.24
-78.08,-78.08,0,78.08,-39.04,-39.04,-34.16,-97.6,58.56,-122,-200.08,-117.12
-58.56,-82.96,-24.4,73.2,-19.52,-53.68,-39.04,-97.6,48.8,-122,-200.08,-107.36
-34.16,-78.08,-43.92,58.56,4.88,-63.44,-43.92,-97.6,43.92,-112.24,-200.08,-117.12
-4.88,-63.44,-58.56,34.16,24.4,-63.44,-39.04,-97.6,58.56,-107.36,-195.2,-117.12
-24.4,-58.56,-34.16,43.92,4.88,-48.8,-34.16,-87.84,58.56,-107.36,-185.44,-112.24
-34.16,-63.44,-29.28,48.8,-4.88,-48.8,-19.52,-97.6,63.44,-102.48,-185.44,-112.24
-14.64,-48.8,-34.16,34.16,9.76,-43.92,-19.52,-107.36,43.92,-112.24,-190.32,-122
-19.52,-63.44,-43.92,43.92,9.76,-53.68,-34.16,-117.12,39.04,-131.76,-209.84,-131.76
-43.92,-68.32,-24.4,58.56,-9.76,-48.8,-24.4,-112.24,43.92,-131.76,-209.84,-126.88
-58.56,-78.08,-19.52,68.32,-19.52,-48.8,-29.28,-117.12,39.04,-131.76,-209.84,-136.64
-53.68,-82.96,-29.28,68.32,-14.64,-58.56,-43.92,-122,39.04,-136.64,-224.48,-151.28
-24.4,-68.32,-43.92,48.8,9.76,-58.56,-34.16,-117.12,39.04,-131.76,-214.72,-146.4
-39.04,-82.96,-43.92,63.44,0,-63.44,-34.16,-112.24,43.92,-126.88,-219.6,-141.52
-43.92,-92.72,-48.8,68.32,0,-73.2,-43.92,-122,39.04,-126.88,-214.72,-151.28
-19.52,-73.2,-53.68,48.8,14.64,-63.44,-29.28,-117.12,39.04,-126.88,-214.72,-151.28
-53.68,-73.2,-19.52,63.44,-19.52,-48.8,-19.52,-107.36,48.8,-117.12,-204.96,-146.4
-92.72,-73.2,19.52,82.96,-58.56,-29.28,-24.4,-102.48,48.8,-112.24,-195.2,-136.64
-122,-73.2,48.8,97.6,-87.84,-14.64,-4.88,-92.72,63.44,-112.24,-185.44,-122
-107.36,-78.08,29.28,92.72,-68.32,-24.4,-24.4,-107.36,53.68,-126.88,-200.08,-141.52
-34.16,-73.2,-39.04,53.68,0,-58.56,-29.28,-122,29.28,-141.52,-224.48,-156.16
0,-73.2,-73.2,39.04,34.16,-73.2,-39.04,-136.64,19.52,-156.16,-234.24,-170.8
-19.52,-87.84,-68.32,53.68,24.4,-78.08,-29.28,-131.76,29.28,-151.28,-229.36,-156.16
-34.16,-73.2,-39.04,53.68,0,-58.56,-29.28,-112.24,39.04,-136.64,-209.84,-146.4
-53.68,-82.96,-29.28,68.32,-14.64,-58.56,-9.76,-102.48,48.8,-117.12,-200.08,-136.64
-63.44,-92.72,-29.28,78.08,-19.52,-63.44,-24.4,-112.24,43.92,-126.88,-209.84,-141.52
-53.68,-78.08,-24.4,68.32,-14.64,-53.68,-39.04,-117.12,43.92,-126.88,-214.72,-141.52
-34.16,-63.44,-29.28,48.8,-4.88,-48.8,-24.4,-122,34.16,-136.64,-219.6,-146.4
-34.16,-58.56,-24.4,48.8,-4.88,-43.92,-39.04,-126.88,29.28,-136.64,-219.6,-151.28
-39.04,-63.44,-24.4,53.68,-9.76,-43.92,-48.8,-126.88,29.28,-141.52,-224.48,-146.4
-29.28,-63.44,-34.16,48.8,0,-48.8,-53.68,-131.76,24.4,-146.4,-229.36,-156.16
-4.88,-73.2,-68.32,39.04,29.28,-73.2,-53.68,-131.76,24.4,-151.28,-234.24,-161.04
-39.04,-78.08,-39.04,58.56,0,-58.56,-48.8,-131.76,29.28,-146.4,-224.48,-156.16
-39.04,-73.2,-34.16,58.56,-4.88,-53.68,-48.8,-126.88,29.28,-141.52,-224.48,-156.16
-34.16,-73.2,-39.04,53.68,0,-58.56,-48.8,-126.88,29.28,-126.88,-214.72,-151.28
-53.68,-82.96,-29.28,68.32,-14.64,-58.56,-48.8,-117.12,34.16,-126.88,-214.72,-146.4
-87.84,-87.84,0,87.84,-43.92,-43.92,-34.16,-107.36,53.68,-122,-209.84,-136.64
-102.48,-78.08,24.4,92.72,-63.44,-29.28,-29.28,-107.36,48.8,-126.88,-204.96,-136.64
-92.72,-68.32,24.4,82.96,-58.56,-24.4,-29.28,-117.12,39.04,-131.76,-214.72,-136.64
-43.92,-68.32,-24.4,58.56,-9.76,-48.8,-58.56,-131.76,19.52,-156.16,-234.24,-156.16
-48.8,-73.2,-24.4,63.44,-14.64,-48.8,-58.56,-131.76,14.64,-151.28,-234.24,-156.16
-29.28,-63.44,-34.16,48.8,0,-48.8,-58.56,-126.88,24.4,-146.4,-229.36,-161.04
-9.76,-63.44,-53.68,39.04,19.52,-58.56,-68.32,-136.64,29.28,-146.4,-234.24,-161.04
-9.76,-82.96,-73.2,48.8,29.28,-78.08,-63.44,-126.88,19.52,-146.4,-229.36,-161.04
-24.4,-82.96,-58.56,53.68,14.64,-73.2,-39.04,-122,29.28,-126.88,-214.72,-156.16
-58.56,-87.84,-29.28,73.2,-14.64,-58.56,-34.16,-126.88,19.52,-131.76,-214.72,-156.16
-73.2,-87.84,-14.64,82.96,-29.28,-53.68,-53.68,-126.88,24.4,-131.76,-214.72,-156.16
-63.44,-78.08,-14.64,73.2,-24.4,-48.8,-53.68,-122,24.4,-126.88,-214.72,-151.28
-68.32,-87.84,-19.52,78.08,-24.4,-53.68,-53.68,-122,29.28,-126.88,-214.72,-141.52
-63.44,-68.32,-4.88,68.32,-29.28,-39.04,-48.8,-122,29.28,-131.76,-219.6,-136.64
-34.16,-53.68,-19.52,43.92,-9.76,-39.04,-48.8,-141.52,19.52,-151.28,-234.24,-156.16
-14.64,-68.32,-53.68,43.92,19.52,-63.44,-48.8,-146.4,14.64,-156.16,-239.12,-165.92
-19.52,-68.32,-48.8,43.92,14.64,-58.56,-63.44,-136.64,19.52,-141.52,-234.24,-156.16
-48.8,-82.96,-34.16,68.32,-9.76,-58.56,-43.92,-126.88,24.4,-136.64,-224.48,-146.4
-48.8,-82.96,-34.16,68.32,-9.76,-58.56,-53.68,-131.76,24.4,-136.64,-224.48,-141.52
-29.28,-78.08,-48.8,53.68,9.76,-63.44,-63.44,-131.76,24.4,-141.52,-229.36,-146.4
-39.04,-82.96,-43.92,63.44,0,-63.44,-58.56,-136.64,14.64,-141.52,-229.36,-146.4
-39.04,-63.44,-24.4,53.68,-9.76,-43.92,-43.92,-126.88,19.52,-136.64,-224.48,-141.52
-58.56,-58.56,0,58.56,-29.28,-29.28,-43.92,-126.88,29.28,-136.64,-224.48,-131.76
-82.96,-68.32,14.64,78.08,-48.8,-29.28,-53.68,-122,29.28,-136.64,-234.24,-136.64
-82.96,-68.32,14.64,78.08,-48.8,-29.28,-53.68,-122,29.28,-136.64,-229.36,-126.88
-68.32,-68.32,0,68.32,-34.16,-34.16,-48.8,-122,29.28,-136.64,-234.24,-136.64
-63.44,-82.96,-19.52,73.2,-24.4,-53.68,-48.8,-131.76,39.04,-141.52,-239.12,-141.52
-43.92,-87.84,-43.92,68.32,0,-68.32,-68.32,-136.64,24.4,-146.4,-239.12,-151.28
-34.16,-87.84,-53.68,63.44,9.76,-73.2,-73.2,-141.52,19.52,-141.52,-234.24,-151.28
-24.4,-78.08,-53.68,53.68,14.64,-68.32,-82.96,-146.4,14.64,-146.4,-239.12,-151.28
-43.92,-87.84,-43.92,68.32,0,-68.32,-82.96,-141.52,19.52,-146.4,-234.24,-146.4
-107.36,-82.96,24.4,97.6,-68.32,-29.28,-58.56,-126.88,34.16,-131.76,-214.72,-126.88
-92.72,-68.32,24.4,82.96,-58.56,-24.4,-53.68,-131.76,34.16,-136.64,-214.72,-122
-73.2,-68.32,4.88,73.2,-39.04,-34.16,-68.32,-141.52,29.28,-141.52,-229.36,-131.76
-63.44,-68.32,-4.88,68.32,-29.28,-39.04,-73.2,-141.52,29.28,-146.4,-234.24,-131.76
-53.68,-68.32,-14.64,63.44,-19.52,-43.92,-68.32,-136.64,29.28,-141.52,-224.48,-136.64
-39.04,-78.08,-39.04,58.56,0,-58.56,-78.08,-146.4,24.4,-156.16,-234.24,-141.52
-34.16,-87.84,-53.68,63.44,9.76,-73.2,-68.32,-146.4,24.4,-151.28,-234.24,-146.4
-29.28,-92.72,-63.44,63.44,14.64,-78.08,-39.04,-136.64,34.16,-146.4,-229.36,-146.4
-39.04,-73.2,-34.16,58.56,-4.88,-53.68,-48.8,-117.12,43.92,-136.64,-229.36,-156.16
-63.44,-68.32,-4.88,68.32,-29.28,-39.04,-34.16,-97.6,63.44,-122,-224.48,-156.16
-92.72,-82.96,9.76,87.84,-53.68,-39.04,-19.52,-87.84,78.08,-117.12,-219.6,-165.92
-78.08,-87.84,-9.76,82.96,-34.16,-48.8,-29.28,-68.32,126.88,-73.2,-190.32,-151.28
-63.44,-68.32,-4.88,68.32,-29.28,-39.04,-29.28,-48.8,170.8,-4.88,-122,-122
-48.8,-58.56,-9.76,53.68,-19.52,-34.16,-48.8,-43.92,229.36,82.96,-24.4,-58.56
-34.16,-39.04,-4.88,39.04,-14.64,-24.4,-63.44,-24.4,322.08,209.84,126.88,29.28
-24.4,-4.88,19.52,14.64,-24.4,4.88,-63.44,-29.28,375.76,331.84,312.32,161.04
-19.52,29.28,48.8,-4.88,-34.16,39.04,-87.84,-48.8,380.64,448.96,522.16,302.56
4.88,87.84,82.96,-43.92,-39.04,82.96,-146.4,-112.24,356.24,536.8,751.52,468.48
43.92,141.52,97.6,-92.72,-29.28,117.12,-219.6,-219.6,278.16,585.6,985.76,634.4
92.72,190.32,97.6,-141.52,-4.88,141.52,-283.04,-351.36,170.8,610,1220,814.96
136.64,263.52,126.88,-200.08,4.88,195.2,-351.36,-483.12,53.68,624.64,1444.48,990.64
180.56,312.32,131.76,-244,24.4,219.6,-439.2,-619.76,-58.56,629.52,1620.16,1132.16
185.44,346.48,161.04,-263.52,9.76,253.76,-497.76,-702.72,-122,634.4,1742.16,1244.4
156.16,331.84,175.68,-244,-9.76,253.76,-527.04,-756.4,-219.6,541.68,1688.48,1259.04
146.4,312.32,165.92,-229.36,-9.76,239.12,-551.44,-858.88,-409.92,326.96,1439.6,1171.2
136.64,302.56,165.92,-219.6,-14.64,234.24,-566.08,-966.24,-624.64,14.64,1049.2,985.76
131.76,287.92,156.16,-209.84,-14.64,219.6,-590.48,-1083.36,-893.04,-361.12,585.6,761.28
102.48,283.04,180.56,-190.32,-39.04,229.36,-605.12,-1180.96,-1117.52,-727.12,165.92,561.2
34.16,258.64,224.48,-146.4,-97.6,239.12,-575.84,-1249.28,-1351.76,-1137.04,-307.44,317.2
-53.68,234.24,287.92,-87.84,-170.8,258.64,-546.56,-1278.56,-1546.96,-1512.8,-761.28,63.44
-82.96,224.48,307.44,-68.32,-195.2,263.52,-502.64,-1249.28,-1581.12,-1649.44,-985.76,-82.96
-78.08,170.8,248.88,-43.92,-165.92,209.84,-488,-1190.72,-1551.84,-1654.32,-1083.36,-209.84
-92.72,112.24,204.96,-9.76,-151.28,156.16,-429.44,-1112.64,-1503.04,-1634.8,-1137.04,-268.4
-112.24,73.2,185.44,19.52,-151.28,126.88,-380.64,-1058.96,-1468.88,-1600.64,-1156.56,-312.32
-126.88,19.52,146.4,53.68,-136.64,82.96,-341.6,-1015.04,-1424.96,-1571.36,-1176.08,-366
-117.12,-48.8,68.32,82.96,-92.72,9.76,-302.56,-980.88,-1385.92,-1542.08,-1200.48,-448.96
-102.48,-136.64,-34.16,122,-34.16,-87.84,-244,-917.44,-1322.48,-1493.28,-1210.24,-512.4
-136.64,-175.68,-39.04,156.16,-48.8,-107.36,-175.68,-824.72,-1220,-1381.04,-1146.8,-517.28
-175.68,-190.32,-14.64,185.44,-82.96,-102.48,-117.12,-712.48,-1083.36,-1263.92,-1068.72,-527.04
-190.32,-214.72,-24.4,204.96,-82.96,-122,-73.2,-605.12,-956.48,-1137.04,-995.52,-522.16
-185.44,-204.96,-19.52,195.2,-82.96,-112.24,-53.68,-507.52,-810.08,-1000.4,-893.04,-488
-161.04,-170.8,-9.76,165.92,-78.08,-92.72,-78.08,-463.6,-692.96,-888.16,-805.2,-453.84
-146.4,-165.92,-19.52,156.16,-63.44,-92.72,-107.36,-434.32,-590.48,-785.68,-732,-414.8
-170.8,-185.44,-14.64,180.56,-78.08,-102.48,-87.84,-346.48,-468.48,-658.8,-634.4,-361.12
-165.92,-161.04,4.88,165.92,-87.84,-78.08,-78.08,-263.52,-356.24,-561.2,-561.2,-331.84
-141.52,-146.4,-4.88,146.4,-68.32,-78.08,-68.32,-204.96,-278.16,-473.36,-497.76,-307.44
-146.4,-161.04,-14.64,156.16,-68.32,-87.84,-43.92,-161.04,-204.96,-395.28,-444.08,-278.16
-107.36,-161.04,-53.68,136.64,-29.28,-107.36,-53.68,-156.16,-156.16,-346.48,-400.16,-268.4
-78.08,-156.16,-78.08,117.12,0,-117.12,-78.08,-141.52,-117.12,-307.44,-366,-248.88
-82.96,-151.28,-68.32,117.12,-9.76,-112.24,-53.68,-122,-63.44,-263.52,-336.72,-229.36
-87.84,-126.88,-39.04,107.36,-24.4,-82.96,-43.92,-107.36,-29.28,-224.48,-307.44,-200.08
-68.32,-92.72,-24.4,82.96,-24.4,-58.56,-53.68,-97.6,-4.88,-209.84,-283.04,-185.44
-58.56,-92.72,-34.16,78.08,-14.64,-63.44,-53.68,-97.6,9.76,-200.08,-283.04,-190.32
-68.32,-102.48,-34.16,87.84,-19.52,-68.32,-53.68,-87.84,24.4,-185.44,-278.16,-185.44
-53.68,-97.6,-43.92,78.08,-4.88,-73.2,-43.92,-82.96,48.8,-161.04,-263.52,-180.56
-53.68,-92.72,-39.04,73.2,-9.76,-68.32,-53.68,-82.96,63.44,-141.52,-239.12,-175.68
-68.32,-97.6,-29.28,82.96,-19.52,-63.44,-58.56,-78.08,68.32,-122,-219.6,-156.16
-63.44,-92.72,-29.28,78.08,-19.52,-63.44,-73.2,-73.2,68.32,-117.12,-214.72,-156.16
-73.2,-87.84,-14.64,82.96,-29.28,-53.68,-68.32,-68.32,92.72,-107.36,-200.08,-151.28
-48.8,-68.32,-19.52,58.56,-14.64,-43.92,-63.44,-58.56,92.72,-102.48,-190.32,-141.52
-43.92,-73.2,-29.28,58.56,-9.76,-53.68,-53.68,-58.56,92.72,-97.6,-195.2,-141.52
-63.44,-68.32,-4.88,68.32,-29.28,-39.04,-58.56,-58.56,92.72,-97.6,-195.2,-136.64
-53.68,-53.68,0,53.68,-29.28,-29.28,-58.56,-58.56,107.36,-92.72,-190.32,-136.64
-48.8,-58.56,-9.76,53.68,-19.52,-34.16,-48.8,-58.56,112.24,-87.84,-185.44,-136.64
-39.04,-68.32,-29.28,53.68,-4.88,-48.8,-63.44,-68.32,102.48,-82.96,-185.44,-146.4
-39.04,-73.2,-34.16,58.56,-4.88,-53.68,-73.2,-73.2,107.36,-78.08,-185.44,-141.52
-43.92,-82.96,-39.04,63.44,-4.88,-63.44,-43.92,-73.2,117.12,-68.32,-170.8,-126.88
-48.8,-87.84,-39.04,68.32,-4.88,-63.44,-53.68,-68.32,117.12,-63.44,-161.04,-126.88
-87.84,-92.72,-4.88,92.72,-43.92,-48.8,-68.32,-68.32,122,-58.56,-161.04,-122
-97.6,-102.48,-4.88,102.48,-48.8,-53.68,-73.2,-68.32,122,-68.32,-161.04,-126.88
-117.12,-97.6,19.52,107.36,-68.32,-39.04,-58.56,-58.56,146.4,-58.56,-151.28,-117.12
-151.28,-92.72,58.56,122,-107.36,-19.52,-24.4,-39.04,151.28,-43.92,-141.52,-112.24
-151.28,-82.96,68.32,117.12,-112.24,-9.76,-34.16,-39.04,151.28,-39.04,-141.52,-107.36
-112.24,-73.2,39.04,92.72,-78.08,-19.52,-43.92,-43.92,156.16,-39.04,-141.52,-107.36
-92.72,-78.08,14.64,87.84,-53.68,-34.16,-53.68,-53.68,146.4,-34.16,-141.52,-122
-53.68,-78.08,-24.4,68.32,-14.64,-53.68,-63.44,-58.56,136.64,-39.04,-146.4,-126.88
-29.28,-78.08,-48.8,53.68,9.76,-63.44,-58.56,-63.44,141.52,-39.04,-136.64,-117.12
-19.52,-68.32,-48.8,43.92,14.64,-58.56,-68.32,-63.44,141.52,-43.92,-136.64,-126.88
-9.76,-63.44,-53.68,39.04,19.52,-58.56,-78.08,-58.56,131.76,-43.92,-136.64,-122
-34.16,-73.2,-39.04,53.68,0,-58.56,-63.44,-53.68,136.64,-48.8,-126.88,-117.12
-43.92,-82.96,-39.04,63.44,-4.88,-63.44,-63.44,-53.68,146.4,-48.8,-136.64,-122
-34.16,-78.08,-43.92,58.56,4.88,-63.44,-73.2,-53.68,156.16,-53.68,-141.52,-126.88
-48.8,-82.96,-34.16,68.32,-9.76,-58.56,-73.2,-53.68,151.28,-53.68,-151.28,-126.88
-78.08,-87.84,-9.76,82.96,-34.16,-48.8,-58.56,-34.16,165.92,-34.16,-131.76,-117.12
-97.6,-82.96,14.64,92.72,-58.56,-34.16,-53.68,-29.28,170.8,-19.52,-122,-112.24
-73.2,-73.2,0,73.2,-39.04,-39.04,-53.68,-34.16,170.8,-19.52,-122,-112.24
-43.92,-78.08,-34.16,63.44,-4.88,-58.56,-48.8,-34.16,170.8,-14.64,-112.24,-107.36
-68.32,-87.84,-19.52,78.08,-24.4,-53.68,-63.44,-34.16,170.8,-9.76,-102.48,-107.36
-82.96,-87.84,-4.88,87.84,-39.04,-48.8,-58.56,-29.28,180.56,-9.76,-97.6,-102.48
-87.84,-92.72,-4.88,92.72,-43.92,-48.8,-48.8,-19.52,200.08,-4.88,-87.84,-92.72
-78.08,-87.84,-9.76,82.96,-34.16,-48.8,-53.68,-14.64,190.32,-9.76,-97.6,-102.48
-43.92,-78.08,-34.16,63.44,-4.88,-58.56,-63.44,-19.52,180.56,-14.64,-112.24,-112.24
-53.68,-82.96,-29.28,68.32,-14.64,-58.56,-53.68,-19.52,195.2,-14.64,-107.36,-117.12
-43.92,-68.32,-24.4,58.56,-9.76,-48.8,-43.92,-4.88,209.84,0,-92.72,-102.48
-19.52,-58.56,-39.04,39.04,9.76,-48.8,-43.92,0,204.96,14.64,-87.84,-102.48
-29.28,-68.32,-39.04,48.8,4.88,-53.68,-39.04,-4.88,200.08,14.64,-82.96,-112.24
-63.44,-92.72,-29.28,78.08,-19.52,-63.44,-39.04,0,209.84,24.4,-68.32,-107.36
-58.56,-92.72,-34.16,78.08,-14.64,-63.44,-48.8,9.76,224.48,29.28,-53.68,-97.6
-19.52,-92.72,-73.2,58.56,24.4,-82.96,-58.56,0,219.6,14.64,-68.32,-117.12
-53.68,-82.96,-29.28,68.32,-14.64,-58.56,-53.68,24.4,239.12,34.16,-53.68,-97.6
-73.2,-78.08,-4.88,78.08,-34.16,-43.92,-29.28,34.16,258.64,39.04,-43.92,-87.84
-53.68,-73.2,-19.52,63.44,-19.52,-48.8,-43.92,34.16,258.64,29.28,-58.56,-97.6
-63.44,-97.6,-34.16,82.96,-14.64,-68.32,-39.04,48.8,278.16,39.04,-48.8,-92.72
-78.08,-87.84,-9.76,82.96,-34.16,-48.8,-43.92,53.68,283.04,48.8,-48.8,-92.72
-48.8,-63.44,-14.64,58.56,-19.52,-39.04,-43.92,53.68,273.28,53.68,-48.8,-97.6
-9.76,-58.56,-48.8,34.16,19.52,-53.68,-53.68,48.8,263.52,53.68,-43.92,-102.48
-4.88,-73.2,-68.32,39.04,29.28,-73.2,-58.56,48.8,283.04,68.32,-29.28,-92.72
-43.92,-87.84,-43.92,68.32,0,-68.32,-48.8,63.44,312.32,82.96,-4.88,-78.08
-68.32,-92.72,-24.4,82.96,-24.4,-58.56,-34.16,68.32,312.32,78.08,-4.88,-78.08
-48.8,-82.96,-34.16,68.32,-9.76,-58.56,-19.52,78.08,312.32,92.72,0,-68.32
-4.88,-63.44,-58.56,34.16,24.4,-63.44,-53.68,63.44,307.44,78.08,-9.76,-82.96
-19.52,-78.08,-58.56,48.8,19.52,-68.32,-63.44,63.44,307.44,73.2,-14.64,-92.72
-43.92,-82.96,-39.04,63.44,-4.88,-63.44,-58.56,73.2,326.96,82.96,-9.76,-82.96
-58.56,-78.08,-19.52,68.32,-19.52,-48.8,-48.8,87.84,346.48,107.36,14.64,-68.32
-68.32,-73.2,-4.88,73.2,-34.16,-39.04,-39.04,92.72,356.24,122,29.28,-63.44
-68.32,-63.44,4.88,68.32,-39.04,-29.28,-29.28,107.36,380.64,146.4,48.8,-48.8
-78.08,-68.32,9.76,73.2,-43.92,-29.28,-19.52,112.24,400.16,156.16,68.32,-43.92
-68.32,-73.2,-4.88,73.2,-34.16,-39.04,-39.04,112.24,395.28,161.04,73.2,-43.92
-53.68,-68.32,-14.64,63.44,-19.52,-43.92,-48.8,122,409.92,165.92,78.08,-43.92
-39.04,-68.32,-29.28,53.68,-4.88,-48.8,-53.68,126.88,409.92,165.92,73.2,-48.8
-9.76,-63.44,-53.68,39.04,19.52,-58.56,-48.8,126.88,424.56,170.8,73.2,-48.8
-4.88,-58.56,-53.68,34.16,24.4,-58.56,-48.8,131.76,434.32,175.68,68.32,-48.8
-19.52,-43.92,-24.4,34.16,0,-34.16,-29.28,126.88,453.84,180.56,73.2,-43.92
-9.76,-39.04,-29.28,24.4,9.76,-34.16,-39.04,136.64,473.36,200.08,87.84,-29.28
-9.76,-39.04,-29.28,24.4,9.76,-34.16,-34.16,136.64,483.12,224.48,102.48,-29.28
-29.28,-48.8,-19.52,39.04,-4.88,-34.16,-19.52,141.52,502.64,239.12,117.12,-14.64
-24.4,-43.92,-19.52,34.16,-4.88,-34.16,-34.16,141.52,517.28,248.88,126.88,-14.64
0,-63.44,-63.44,34.16,29.28,-63.44,-48.8,146.4,522.16,258.64,131.76,-14.64
14.64,-48.8,-63.44,19.52,39.04,-58.56,-34.16,151.28,522.16,268.4,141.52,-9.76
0,-43.92,-43.92,24.4,19.52,-43.92,-34.16,165.92,536.8,278.16,146.4,0
-34.16,-48.8,-14.64,43.92,-9.76,-34.16,-34.16,175.68,561.2,287.92,156.16,4.88
-48.8,-39.04,9.76,43.92,-29.28,-14.64,-19.52,204.96,590.48,312.32,175.68,24.4
-24.4,-19.52,4.88,24.4,-14.64,-9.76,-19.52,209.84,610,317.2,175.68,19.52
-9.76,-19.52,-9.76,14.64,0,-14.64,-29.28,209.84,614.88,331.84,180.56,19.52
-14.64,-19.52,-4.88,19.52,-4.88,-14.64,0,239.12,639.28,366,209.84,34.16
-29.28,-24.4,4.88,29.28,-19.52,-9.76,0,253.76,663.68,390.4,224.48,34.16
4.88,-24.4,-29.28,9.76,14.64,-29.28,-19.52,253.76,668.56,395.28,234.24,34.16
24.4,-24.4,-48.8,0,34.16,-39.04,-29.28,253.76,668.56,400.16,244,34.16
9.76,-24.4,-34.16,9.76,19.52,-29.28,-24.4,268.4,692.96,414.8,253.76,39.04
-9.76,-19.52,-9.76,14.64,0,-14.64,-14.64,287.92,736.88,434.32,263.52,53.68
-34.16,-14.64,19.52,24.4,-29.28,0,-4.88,307.44,741.76,453.84,278.16,68.32
-14.64,-14.64,0,14.64,-9.76,-9.76,-19.52,307.44,736.88,458.72,273.28,58.56
9.76,-9.76,-19.52,0,14.64,-14.64,-19.52,317.2,756.4,463.6,287.92,53.68
9.76,-14.64,-24.4,4.88,14.64,-19.52,-24.4,331.84,775.92,483.12,297.68,63.44
24.4,0,-24.4,-9.76,24.4,-14.64,0,341.6,790.56,502.64,312.32,68.32
43.92,0,-43.92,-19.52,43.92,-24.4,4.88,351.36,800.32,517.28,317.2,68.32
48.8,0,-48.8,-24.4,48.8,-24.4,-14.64,356.24,810.08,531.92,336.72,73.2
39.04,-4.88,-43.92,-14.64,39.04,-24.4,-14.64,370.88,824.72,551.44,351.36,87.84
34.16,-9.76,-43.92,-9.76,39.04,-29.28,-4.88,375.76,844.24,556.32,361.12,87.84
24.4,4.88,-19.52,-14.64,19.52,-9.76,4.88,380.64,849.12,566.08,356.24,92.72
24.4,9.76,-14.64,-14.64,19.52,-4.88,4.88,395.28,844.24,570.96,366,97.6
39.04,9.76,-29.28,-24.4,34.16,-9.76,-9.76,395.28,858.88,570.96,366,92.72
63.44,24.4,-39.04,-43.92,48.8,-9.76,-9.76,400.16,858.88,570.96,361.12,87.84
63.44,29.28,-34.16,-43.92,48.8,-4.88,-4.88,405.04,868.64,590.48,370.88,97.6
39.04,29.28,-9.76,-34.16,24.4,9.76,14.64,414.8,883.28,610,385.52,107.36
34.16,14.64,-19.52,-24.4,24.4,-4.88,4.88,414.8,873.52,600.24,385.52,107.36
29.28,-4.88,-34.16,-9.76,29.28,-19.52,4.88,409.92,873.52,595.36,385.52,102.48
43.92,4.88,-39.04,-24.4,39.04,-19.52,19.52,409.92,873.52,600.24,395.28,102.48
63.44,9.76,-53.68,-34.16,58.56,-24.4,19.52,409.92,854,595.36,390.4,102.48
53.68,9.76,-43.92,-29.28,48.8,-19.52,24.4,405.04,849.12,590.48,380.64,102.48
19.52,9.76,-9.76,-14.64,14.64,0,0,405.04,849.12,580.72,380.64,102.48
4.88,4.88,0,-4.88,0,0,0,405.04,849.12,570.96,370.88,107.36
4.88,4.88,0,-4.88,0,0,19.52,400.16,839.36,561.2,366,102.48
9.76,4.88,-4.88,-4.88,4.88,0,9.76,385.52,824.72,551.44,346.48,92.72
29.28,0,-29.28,-14.64,29.28,-14.64,-9.76,370.88,800.32,531.92,341.6,82.96
39.04,4.88,-34.16,-19.52,34.16,-14.64,9.76,366,790.56,531.92,346.48,87.84
48.8,0,-48.8,-24.4,48.8,-24.4,9.76,370.88,805.2,531.92,351.36,102.48
53.68,0,-53.68,-24.4,53.68,-29.28,-9.76,351.36,766.16,522.16,341.6,92.72
68.32,19.52,-48.8,-43.92,58.56,-14.64,-29.28,331.84,736.88,488,322.08,73.2
68.32,14.64,-53.68,-39.04,58.56,-19.52,-24.4,326.96,722.24,468.48,312.32,73.2
48.8,14.64,-34.16,-29.28,39.04,-9.76,-24.4,307.44,702.72,453.84,292.8,68.32
48.8,14.64,-34.16,-29.28,39.04,-9.76,-24.4,297.68,683.2,429.44,273.28,58.56
39.04,4.88,-34.16,-19.52,34.16,-14.64,-29.28,278.16,653.92,405.04,263.52,48.8
4.88,0,-4.88,0,4.88,-4.88,-19.52,278.16,649.04,405.04,263.52,63.44
14.64,0,-14.64,-4.88,14.64,-9.76,-14.64,258.64,629.52,390.4,258.64,58.56
34.16,-9.76,-43.92,-9.76,39.04,-29.28,-29.28,229.36,590.48,361.12,244,43.92
58.56,-14.64,-73.2,-19.52,63.44,-43.92,-29.28,200.08,546.56,331.84,224.48,34.16
34.16,-14.64,-48.8,-9.76,39.04,-34.16,-24.4,195.2,536.8,322.08,229.36,48.8
34.16,-14.64,-48.8,-9.76,39.04,-34.16,-34.16,175.68,512.4,297.68,214.72,39.04
39.04,-14.64,-53.68,-9.76,43.92,-34.16,-48.8,161.04,488,273.28,200.08,34.16
34.16,-9.76,-43.92,-9.76,39.04,-29.28,-48.8,156.16,458.72,244,185.44,24.4
14.64,-24.4,-39.04,4.88,24.4,-34.16,-39.04,141.52,434.32,219.6,156.16,14.64
-4.88,-29.28,-24.4,19.52,9.76,-29.28,-48.8,126.88,414.8,195.2,146.4,9.76
14.64,-34.16,-48.8,9.76,29.28,-43.92,-63.44,92.72,375.76,161.04,117.12,-4.88
24.4,-39.04,-63.44,9.76,43.92,-53.68,-73.2,78.08,356.24,141.52,112.24,-14.64
39.04,-58.56,-97.6,9.76,68.32,-78.08,-78.08,53.68,317.2,117.12,92.72,-29.28
43.92,-68.32,-112.24,14.64,78.08,-92.72,-73.2,34.16,283.04,92.72,78.08,-39.04
4.88,-68.32,-73.2,34.16,39.04,-73.2,-48.8,39.04,283.04,87.84,87.84,-24.4
-19.52,-68.32,-48.8,43.92,14.64,-58.56,-48.8,34.16,283.04,73.2,78.08,-19.52
-9.76,-68.32,-58.56,39.04,24.4,-63.44,-73.2,19.52,253.76,53.68,63.44,-29.28
9.76,-78.08,-87.84,34.16,48.8,-82.96,-78.08,9.76,219.6,24.4,43.92,-43.92
14.64,-58.56,-73.2,24.4,43.92,-68.32,-78.08,-4.88,204.96,9.76,24.4,-53.68
24.4,-39.04,-63.44,9.76,43.92,-53.68,-78.08,-14.64,185.44,-14.64,14.64,-58.56
14.64,-53.68,-68.32,19.52,39.04,-63.44,-82.96,-34.16,161.04,-34.16,-4.88,-68.32
-29.28,-78.08,-48.8,53.68,9.76,-63.44,-68.32,-43.92,151.28,-39.04,-4.88,-68.32
-43.92,-97.6,-53.68,73.2,4.88,-78.08,-58.56,-48.8,136.64,-48.8,-9.76,-68.32
-48.8,-107.36,-58.56,78.08,4.88,-82.96,-82.96,-63.44,117.12,-58.56,-19.52,-68.32
-34.16,-102.48,-68.32,68.32,14.64,-87.84,-92.72,-68.32,107.36,-68.32,-24.4,-68.32
-14.64,-97.6,-82.96,58.56,34.16,-92.72,-92.72,-82.96,78.08,-82.96,-34.16,-82.96
0,-102.48,-102.48,53.68,48.8,-102.48,-92.72,-102.48,53.68,-112.24,-58.56,-97.6
24.4,-97.6,-122,39.04,73.2,-112.24,-107.36,-107.36,43.92,-126.88,-78.08,-107.36
-4.88,-97.6,-92.72,53.68,43.92,-97.6,-102.48,-107.36,58.56,-131.76,-82.96,-107.36
-58.56,-102.48,-43.92,82.96,-9.76,-73.2,-87.84,-102.48,73.2,-131.76,-78.08,-102.48
-53.68,-97.6,-43.92,78.08,-4.88,-73.2,-82.96,-107.36,48.8,-136.64,-92.72,-107.36
-73.2,-102.48,-29.28,87.84,-24.4,-68.32,-82.96,-112.24,34.16,-136.64,-87.84,-107.36
-68.32,-97.6,-29.28,82.96,-19.52,-63.44,-73.2,-107.36,39.04,-131.76,-87.84,-102.48
-9.76,-107.36,-97.6,58.56,43.92,-102.48,-97.6,-131.76,19.52,-156.16,-107.36,-126.88
-9.76,-117.12,-107.36,63.44,48.8,-112.24,-107.36,-136.64,-4.88,-170.8,-117.12,-131.76
-34.16,-126.88,-92.72,82.96,29.28,-112.24,-102.48,-126.88,0,-165.92,-107.36,-126.88
-24.4,-126.88,-102.48,78.08,39.04,-117.12,-107.36,-136.64,-14.64,-180.56,-122,-131.76
-24.4,-117.12,-92.72,73.2,34.16,-107.36,-97.6,-136.64,-9.76,-180.56,-126.88,-141.52
-53.68,-117.12,-63.44,87.84,4.88,-92.72,-92.72,-131.76,-9.76,-180.56,-126.88,-141.52
-48.8,-112.24,-63.44,82.96,4.88,-87.84,-82.96,-141.52,-19.52,-195.2,-141.52,-151.28
-9.76,-107.36,-97.6,58.56,43.92,-102.48,-78.08,-146.4,-24.4,-195.2,-151.28,-156.16
-39.04,-117.12,-78.08,78.08,19.52,-97.6,-97.6,-136.64,-4.88,-185.44,-136.64,-146.4
-48.8,-117.12,-68.32,82.96,9.76,-92.72,-92.72,-131.76,-14.64,-180.56,-131.76,-146.4
-24.4,-126.88,-102.48,78.08,39.04,-117.12,-97.6,-141.52,-9.76,-175.68,-131.76,-146.4
-43.92,-122,-78.08,82.96,14.64,-102.48,-87.84,-136.64,0,-180.56,-126.88,-141.52
-68.32,-122,-53.68,97.6,-9.76,-87.84,-73.2,-122,-9.76,-165.92,-112.24,-131.76
-53.68,-122,-68.32,87.84,4.88,-97.6,-87.84,-126.88,-4.88,-175.68,-117.12,-136.64
-43.92,-126.88,-82.96,87.84,19.52,-107.36,-87.84,-136.64,-4.88,-185.44,-126.88,-151.28
-24.4,-107.36,-82.96,68.32,29.28,-97.6,-87.84,-136.64,-19.52,-195.2,-131.76,-151.28
-24.4,-107.36,-82.96,68.32,29.28,-97.6,-92.72,-131.76,-19.52,-190.32,-131.76,-156.16
-24.4,-97.6,-73.2,63.44,24.4,-87.84,-82.96,-131.76,-14.64,-190.32,-131.76,-151.28
-14.64,-97.6,-82.96,58.56,34.16,-92.72,-68.32,-122,0,-165.92,-112.24,-141.52
-14.64,-112.24,-97.6,63.44,39.04,-107.36,-58.56,-126.88,0,-170.8,-117.12,-141.52
-9.76,-122,-112.24,68.32,48.8,-117.12,-87.84,-126.88,4.88,-170.8,-122,-146.4
0,-122,-122,63.44,58.56,-122,-68.32,-126.88,4.88,-165.92,-112.24,-141.52
-4.88,-102.48,-97.6,53.68,43.92,-102.48,-78.08,-126.88,0,-165.92,-107.36,-141.52
-29.28,-107.36,-78.08,68.32,24.4,-92.72,-87.84,-126.88,-4.88,-170.8,-112.24,-146.4
-73.2,-122,-48.8,97.6,-14.64,-87.84,-82.96,-122,9.76,-165.92,-107.36,-141.52
-68.32,-126.88,-58.56,97.6,-4.88,-92.72,-87.84,-126.88,9.76,-170.8,-117.12,-151.28
-39.04,-126.88,-87.84,82.96,24.4,-107.36,-92.72,-126.88,9.76,-170.8,-122,-156.16
-48.8,-122,-73.2,87.84,9.76,-97.6,-97.6,-126.88,14.64,-170.8,-117.12,-151.28
-58.56,-117.12,-58.56,87.84,0,-87.84,-82.96,-112.24,29.28,-156.16,-102.48,-136.64
-58.56,-102.48,-43.92,82.96,-9.76,-73.2,-63.44,-92.72,48.8,-131.76,-78.08,-112.24
-68.32,-107.36,-39.04,87.84,-14.64,-73.2,-63.44,-92.72,53.68,-126.88,-68.32,-107.36
-48.8,-107.36,-58.56,78.08,4.88,-82.96,-73.2,-102.48,53.68,-131.76,-78.08,-117.12
-39.04,-117.12,-78.08,78.08,19.52,-97.6,-68.32,-112.24,34.16,-141.52,-87.84,-126.88
-39.04,-117.12,-78.08,78.08,19.52,-97.6,-82.96,-117.12,29.28,-151.28,-87.84,-131.76
-39.04,-107.36,-68.32,73.2,14.64,-87.84,-92.72,-107.36,39.04,-151.28,-92.72,-131.76
-34.16,-102.48,-68.32,68.32,14.64,-87.84,-82.96,-107.36,39.04,-151.28,-92.72,-141.52
-34.16,-92.72,-58.56,63.44,9.76,-78.08,-73.2,-107.36,53.68,-141.52,-92.72,-136.64
-24.4,-97.6,-73.2,63.44,24.4,-87.84,-73.2,-112.24,58.56,-136.64,-92.72,-141.52
-29.28,-107.36,-78.08,68.32,24.4,-92.72,-82.96,-112.24,58.56,-141.52,-92.72,-141.52
-48.8,-102.48,-53.68,78.08,0,-78.08,-73.2,-97.6,63.44,-117.12,-68.32,-122
-48.8,-102.48,-53.68,78.08,0,-78.08,-58.56,-87.84,68.32,-107.36,-58.56,-107.36
-34.16,-102.48,-68.32,68.32,14.64,-87.84,-82.96,-92.72,58.56,-112.24,-58.56,-112.24
-4.88,-92.72,-87.84,48.8,39.04,-92.72,-73.2,-97.6,58.56,-112.24,-63.44,-117.12
4.88,-87.84,-92.72,43.92,48.8,-92.72,-73.2,-97.6,58.56,-117.12,-68.32,-122
-4.88,-87.84,-82.96,48.8,39.04,-87.84,-82.96,-87.84,68.32,-117.12,-68.32,-122
-34.16,-87.84,-53.68,63.44,9.76,-73.2,-68.32,-73.2,78.08,-102.48,-53.68,-112.24
-48.8,-92.72,-43.92,73.2,-4.88,-68.32,-58.56,-73.2,87.84,-97.6,-53.68,-112.24
-19.52,-87.84,-68.32,53.68,24.4,-78.08,-63.44,-78.08,78.08,-97.6,-63.44,-117.12
-4.88,-87.84,-82.96,48.8,39.04,-87.84,-78.08,-87.84,78.08,-102.48,-68.32,-126.88
-24.4,-102.48,-78.08,63.44,24.4,-92.72,-73.2,-82.96,92.72,-102.48,-53.68,-122
-29.28,-107.36,-78.08,68.32,24.4,-92.72,-68.32,-82.96,87.84,-92.72,-43.92,-112.24
-14.64,-102.48,-87.84,58.56,34.16,-97.6,-63.44,-87.84,78.08,-107.36,-48.8,-117.12
14.64,-92.72,-107.36,39.04,58.56,-102.48,-63.44,-87.84,78.08,-107.36,-43.92,-112.24
-19.52,-102.48,-82.96,63.44,29.28,-92.72,-63.44,-78.08,87.84,-97.6,-34.16,-107.36
-97.6,-102.48,-4.88,102.48,-48.8,-53.68,-48.8,-63.44,107.36,-82.96,-19.52,-97.6
-82.96,-82.96,0,82.96,-43.92,-43.92,-29.28,-53.68,112.24,-82.96,-19.52,-97.6
-58.56,-87.84,-29.28,73.2,-14.64,-58.56,-48.8,-68.32,97.6,-97.6,-34.16,-112.24
-53.68,-92.72,-39.04,73.2,-9.76,-68.32,-58.56,-82.96,92.72,-102.48,-43.92,-117.12
-24.4,-92.72,-68.32,58.56,19.52,-82.96,-68.32,-82.96,87.84,-102.48,-48.8,-117.12
-29.28,-117.12,-87.84,73.2,29.28,-102.48,-78.08,-92.72,82.96,-112.24,-48.8,-126.88
-14.64,-112.24,-97.6,63.44,39.04,-107.36,-78.08,-102.48,73.2,-117.12,-53.68,-126.88
-9.76,-112.24,-102.48,63.44,43.92,-107.36,-68.32,-102.48,63.44,-112.24,-43.92,-117.12
-4.88,-117.12,-112.24,63.44,53.68,-117.12,-73.2,-102.48,73.2,-117.12,-48.8,-117.12
-4.88,-107.36,-102.48,58.56,48.8,-107.36,-63.44,-92.72,73.2,-122,-43.92,-112.24
-14.64,-102.48,-87.84,58.56,34.16,-97.6,-68.32,-92.72,78.08,-122,-48.8,-112.24
-39.04,-102.48,-63.44,73.2,9.76,-82.96,-53.68,-92.72,82.96,-122,-43.92,-112.24
-53.68,-92.72,-39.04,73.2,-9.76,-68.32,-53.68,-82.96,82.96,-117.12,-43.92,-107.36
-19.52,-82.96,-63.44,53.68,19.52,-73.2,-63.44,-92.72,73.2,-122,-53.68,-112.24
-34.16,-78.08,-43.92,58.56,4.88,-63.44,-58.56,-82.96,82.96,-112.24,-43.92,-97.6
-68.32,-87.84,-19.52,78.08,-24.4,-53.68,-39.04,-73.2,82.96,-102.48,-34.16,-87.84
-53.68,-102.48,-48.8,78.08,-4.88,-78.08,-63.44,-87.84,73.2,-112.24,-39.04,-97.6
-29.28,-107.36,-78.08,68.32,24.4,-92.72,-78.08,-102.48,63.44,-126.88,-43.92,-97.6
-4.88,-107.36,-102.48,58.56,48.8,-107.36,-63.44,-112.24,48.8,-146.4,-58.56,-107.36
-9.76,-112.24,-102.48,63.44,43.92,-107.36,-68.32,-112.24,39.04,-151.28,-58.56,-112.24
-14.64,-97.6,-82.96,58.56,34.16,-92.72,-82.96,-112.24,43.92,-156.16,-63.44,-112.24
-24.4,-107.36,-82.96,68.32,29.28,-97.6,-78.08,-112.24,43.92,-161.04,-73.2,-117.12
-34.16,-107.36,-73.2,73.2,19.52,-92.72,-78.08,-107.36,39.04,-161.04,-73.2,-122
-29.28,-107.36,-78.08,68.32,24.4,-92.72,-73.2,-117.12,34.16,-165.92,-78.08,-126.88
-24.4,-97.6,-73.2,63.44,24.4,-87.84,-73.2,-107.36,34.16,-161.04,-78.08,-131.76
-14.64,-97.6,-82.96,58.56,34.16,-92.72,-63.44,-97.6,43.92,-146.4,-58.56,-112.24
-19.52,-117.12,-97.6,68.32,39.04,-107.36,-58.56,-97.6,43.92,-146.4,-63.44,-112.24
-39.04,-107.36,-68.32,73.2,14.64,-87.84,-63.44,-102.48,34.16,-156.16,-63.44,-117.12
-29.28,-92.72,-63.44,63.44,14.64,-78.08,-78.08,-107.36,24.4,-165.92,-73.2,-122
-34.16,-112.24,-78.08,73.2,19.52,-97.6,-73.2,-107.36,19.52,-165.92,-73.2,-126.88
-48.8,-102.48,-53.68,78.08,0,-78.08,-68.32,-102.48,24.4,-170.8,-78.08,-126.88
-43.92,-102.48,-58.56,73.2,4.88,-82.96,-53.68,-102.48,24.4,-175.68,-78.08,-131.76
-39.04,-97.6,-58.56,68.32,9.76,-78.08,-63.44,-102.48,19.52,-175.68,-78.08,-136.64
-14.64,-92.72,-78.08,53.68,29.28,-87.84,-73.2,-107.36,19.52,-180.56,-82.96,-141.52
-24.4,-97.6,-73.2,63.44,24.4,-87.84,-78.08,-112.24,14.64,-185.44,-87.84,-141.52
-34.16,-97.6,-63.44,68.32,14.64,-82.96,-58.56,-107.36,24.4,-170.8,-73.2,-131.76
-4.88,-97.6,-92.72,53.68,43.92,-97.6,-78.08,-117.12,29.28,-175.68,-82.96,-131.76
-19.52,-117.12,-97.6,68.32,39.04,-107.36,-78.08,-122,4.88,-185.44,-87.84,-136.64
-48.8,-117.12,-68.32,82.96,9.76,-92.72,-78.08,-117.12,4.88,-185.44,-82.96,-131.76
-43.92,-112.24,-68.32,78.08,9.76,-92.72,-87.84,-122,4.88,-195.2,-87.84,-141.52
-14.64,-107.36,-92.72,63.44,39.04,-102.48,-92.72,-126.88,0,-209.84,-102.48,-146.4
-34.16,-117.12,-82.96,78.08,24.4,-102.48,-82.96,-122,-9.76,-204.96,-97.6,-151.28
-78.08,-117.12,-39.04,97.6,-19.52,-78.08,-78.08,-117.12,0,-195.2,-92.72,-151.28
-82.96,-117.12,-34.16,102.48,-24.4,-78.08,-63.44,-117.12,4.88,-195.2,-87.84,-146.4
-53.68,-112.24,-58.56,82.96,0,-87.84,-68.32,-117.12,4.88,-190.32,-82.96,-141.52
-43.92,-117.12,-73.2,82.96,14.64,-97.6,-73.2,-117.12,0,-185.44,-82.96,-141.52
-9.76,-102.48,-92.72,58.56,39.04,-97.6,-73.2,-122,9.76,-185.44,-87.84,-136.64
-4.88,-102.48,-97.6,53.68,43.92,-102.48,-87.84,-117.12,14.64,-190.32,-82.96,-131.76
-14.64,-102.48,-87.84,58.56,34.16,-97.6,-82.96,-122,0,-195.2,-82.96,-136.64
-53.68,-112.24,-58.56,82.96,0,-87.84,-68.32,-112.24,4.88,-185.44,-78.08,-122
-92.72,-136.64,-43.92,117.12,-24.4,-92.72,-82.96,-112.24,4.88,-195.2,-82.96,-126.88
-53.68,-146.4,-92.72,102.48,19.52,-122,-87.84,-122,0,-209.84,-97.6,-146.4
-24.4,-131.76,-107.36,78.08,39.04,-122,-92.72,-131.76,-9.76,-209.84,-107.36,-151.28
-24.4,-126.88,-102.48,78.08,39.04,-117.12,-82.96,-126.88,-4.88,-200.08,-102.48,-146.4
-19.52,-102.48,-82.96,63.44,29.28,-92.72,-87.84,-122,0,-200.08,-97.6,-141.52
-34.16,-117.12,-82.96,78.08,24.4,-102.48,-87.84,-122,9.76,-185.44,-87.84,-136.64
-43.92,-122,-78.08,82.96,14.64,-102.48,-78.08,-122,14.64,-180.56,-82.96,-122
-24.4,-112.24,-87.84,68.32,29.28,-102.48,-82.96,-126.88,-4.88,-180.56,-82.96,-126.88
-24.4,-117.12,-92.72,73.2,34.16,-107.36,-78.08,-131.76,-14.64,-195.2,-92.72,-131.76
-14.64,-112.24,-97.6,63.44,39.04,-107.36,-92.72,-141.52,-19.52,-200.08,-97.6,-136.64
-19.52,-107.36,-87.84,63.44,34.16,-97.6,-87.84,-136.64,-14.64,-209.84,-102.48,-136.64
-34.16,-107.36,-73.2,73.2,19.52,-92.72,-78.08,-141.52,-9.76,-204.96,-107.36,-146.4
-53.68,-107.36,-53.68,82.96,0,-82.96,-73.2,-131.76,-9.76,-204.96,-107.36,-136.64
-63.44,-112.24,-48.8,87.84,-9.76,-82.96,-73.2,-131.76,-9.76,-200.08,-107.36,-141.52
-43.92,-126.88,-82.96,87.84,19.52,-107.36,-82.96,-136.64,-14.64,-204.96,-107.36,-141.52
-9.76,-122,-112.24,68.32,48.8,-117.12,-92.72,-146.4,-24.4,-204.96,-102.48,-146.4
-4.88,-122,-117.12,63.44,53.68,-122,-63.44,-141.52,-24.4,-204.96,-97.6,-136.64
4.88,-117.12,-122,58.56,63.44,-122,-68.32,-136.64,-24.4,-195.2,-87.84,-136.64
9.76,-122,-131.76,58.56,68.32,-126.88,-73.2,-146.4,-34.16,-209.84,-97.6,-141.52
-19.52,-122,-102.48,73.2,39.04,-112.24,-78.08,-141.52,-34.16,-204.96,-102.48,-141.52
-34.16,-102.48,-68.32,68.32,14.64,-87.84,-78.08,-126.88,-24.4,-200.08,-97.6,-136.64
-39.04,-107.36,-68.32,73.2,14.64,-87.84,-73.2,-126.88,-19.52,-195.2,-97.6,-136.64
-39.04,-107.36,-68.32,73.2,14.64,-87.84,-58.56,-131.76,-24.4,-209.84,-112.24,-141.52
-34.16,-112.24,-78.08,73.2,19.52,-97.6,-68.32,-141.52,-39.04,-209.84,-112.24,-146.4
-19.52,-122,-102.48,73.2,39.04,-112.24,-82.96,-151.28,-43.92,-219.6,-117.12,-151.28
-14.64,-122,-107.36,68.32,43.92,-117.12,-82.96,-151.28,-48.8,-214.72,-112.24,-156.16
-34.16,-122,-87.84,78.08,24.4,-107.36,-63.44,-136.64,-39.04,-200.08,-97.6,-131.76
-63.44,-126.88,-63.44,97.6,0,-97.6,-68.32,-126.88,-24.4,-185.44,-82.96,-126.88
-43.92,-112.24,-68.32,78.08,9.76,-92.72,-63.44,-126.88,-19.52,-195.2,-87.84,-122
-53.68,-126.88,-73.2,92.72,9.76,-102.48,-53.68,-136.64,-48.8,-204.96,-97.6,-146.4
-43.92,-126.88,-82.96,87.84,19.52,-107.36,-63.44,-141.52,-53.68,-209.84,-107.36,-151.28
-14.64,-117.12,-102.48,68.32,43.92,-112.24,-82.96,-141.52,-53.68,-214.72,-112.24,-156.16
-4.88,-107.36,-102.48,58.56,48.8,-107.36,-63.44,-136.64,-53.68,-214.72,-122,-156.16
4.88,-107.36,-112.24,53.68,58.56,-112.24,-68.32,-141.52,-58.56,-219.6,-126.88,-165.92
-19.52,-122,-102.48,73.2,39.04,-112.24,-68.32,-141.52,-53.68,-219.6,-117.12,-161.04
-9.76,-136.64,-126.88,73.2,58.56,-131.76,-82.96,-151.28,-68.32,-219.6,-112.24,-165.92
9.76,-131.76,-141.52,63.44,73.2,-136.64,-92.72,-156.16,-78.08,-229.36,-117.12,-165.92
-4.88,-131.76,-126.88,68.32,58.56,-131.76,-68.32,-146.4,-68.32,-214.72,-97.6,-151.28
-68.32,-141.52,-73.2,107.36,0,-107.36,-53.68,-112.24,-34.16,-185.44,-73.2,-122
-58.56,-131.76,-73.2,97.6,4.88,-102.48,-58.56,-122,-48.8,-190.32,-78.08,-126.88
-43.92,-117.12,-73.2,82.96,14.64,-97.6,-73.2,-136.64,-63.44,-209.84,-97.6,-151.28
-48.8,-117.12,-68.32,82.96,9.76,-92.72,-68.32,-131.76,-53.68,-200.08,-92.72,-146.4
-63.44,-107.36,-43.92,87.84,-9.76,-78.08,-63.44,-126.88,-53.68,-195.2,-97.6,-141.52
-73.2,-107.36,-34.16,92.72,-19.52,-73.2,-53.68,-122,-43.92,-180.56,-82.96,-136.64
-43.92,-102.48,-58.56,73.2,4.88,-82.96,-48.8,-122,-34.16,-180.56,-82.96,-136.64
-14.64,-107.36,-92.72,63.44,39.04,-102.48,-73.2,-136.64,-63.44,-195.2,-92.72,-156.16
-4.88,-112.24,-107.36,58.56,48.8,-112.24,-82.96,-141.52,-78.08,-195.2,-97.6,-156.16
9.76,-112.24,-122,53.68,63.44,-117.12,-78.08,-141.52,-82.96,-200.08,-87.84,-156.16
9.76,-117.12,-126.88,53.68,68.32,-122,-87.84,-141.52,-82.96,-204.96,-97.6,-156.16
14.64,-117.12,-131.76,53.68,73.2,-126.88,-97.6,-151.28,-87.84,-214.72,-102.48,-170.8
-19.52,-126.88,-107.36,73.2,43.92,-117.12,-92.72,-146.4,-78.08,-214.72,-102.48,-170.8
-58.56,-126.88,-68.32,92.72,4.88,-97.6,-82.96,-136.64,-78.08,-200.08,-92.72,-165.92
-58.56,-122,-63.44,92.72,0,-92.72,-68.32,-131.76,-68.32,-200.08,-92.72,-161.04
-68.32,-126.88,-58.56,97.6,-4.88,-92.72,-68.32,-131.76,-73.2,-195.2,-92.72,-161.04
-34.16,-122,-87.84,78.08,24.4,-107.36,-68.32,-136.64,-73.2,-200.08,-97.6,-165.92
-19.52,-117.12,-97.6,68.32,39.04,-107.36,-73.2,-131.76,-63.44,-185.44,-87.84,-156.16
-29.28,-122,-92.72,78.08,29.28,-107.36,-78.08,-131.76,-73.2,-195.2,-92.72,-156.16
-29.28,-126.88,-97.6,78.08,34.16,-112.24,-73.2,-126.88,-53.68,-180.56,-82.96,-146.4
-63.44,-126.88,-63.44,97.6,0,-97.6,-63.44,-112.24,-63.44,-175.68,-73.2,-141.52
-73.2,-126.88,-53.68,102.48,-9.76,-92.72,-58.56,-112.24,-58.56,-170.8,-73.2,-136.64
-39.04,-126.88,-87.84,82.96,24.4,-107.36,-63.44,-126.88,-73.2,-200.08,-92.72,-156.16
-24.4,-122,-97.6,73.2,34.16,-112.24,-78.08,-136.64,-78.08,-200.08,-102.48,-170.8
-14.64,-107.36,-92.72,63.44,39.04,-102.48,-73.2,-141.52,-78.08,-204.96,-107.36,-170.8
-4.88,-107.36,-102.48,58.56,48.8,-107.36,-63.44,-126.88,-82.96,-195.2,-102.48,-161.04
-9.76,-107.36,-97.6,58.56,43.92,-102.48,-73.2,-131.76,-78.08,-195.2,-97.6,-165.92
-9.76,-112.24,-102.48,63.44,43.92,-107.36,-68.32,-126.88,-78.08,-180.56,-92.72,-156.16
-19.52,-136.64,-117.12,78.08,48.8,-126.88,-53.68,-131.76,-82.96,-185.44,-92.72,-146.4
-14.64,-146.4,-131.76,82.96,58.56,-141.52,-68.32,-136.64,-97.6,-190.32,-107.36,-165.92
-24.4,-131.76,-107.36,78.08,39.04,-122,-48.8,-131.76,-97.6,-190.32,-102.48,-165.92
-39.04,-136.64,-97.6,87.84,29.28,-117.12,-87.84,-141.52,-102.48,-200.08,-112.24,-170.8
-34.16,-141.52,-107.36,87.84,34.16,-126.88,-87.84,-141.52,-102.48,-204.96,-122,-175.68
-53.68,-126.88,-73.2,92.72,9.76,-102.48,-68.32,-131.76,-87.84,-195.2,-117.12,-170.8
-68.32,-117.12,-48.8,92.72,-9.76,-82.96,-58.56,-122,-82.96,-195.2,-107.36,-156.16
-53.68,-107.36,-53.68,82.96,0,-82.96,-63.44,-117.12,-78.08,-180.56,-102.48,-146.4
-63.44,-107.36,-43.92,87.84,-9.76,-78.08,-58.56,-107.36,-73.2,-170.8,-92.72,-131.76
-63.44,-102.48,-39.04,82.96,-14.64,-73.2,-63.44,-107.36,-68.32,-165.92,-82.96,-126.88
-43.92,-102.48,-58.56,73.2,4.88,-82.96,-48.8,-107.36,-63.44,-165.92,-82.96,-122
-34.16,-117.12,-82.96,78.08,24.4,-102.48,-68.32,-112.24,-73.2,-165.92,-92.72,-131.76
-14.64,-112.24,-97.6,63.44,39.04,-107.36,-78.08,-122,-78.08,-180.56,-97.6,-136.64
-4.88,-107.36,-102.48,58.56,48.8,-107.36,-82.96,-126.88,-73.2,-180.56,-107.36,-141.52
-4.88,-117.12,-112.24,63.44,53.68,-117.12,-82.96,-131.76,-102.48,-190.32,-122,-156.16
4.88,-102.48,-107.36,48.8,53.68,-107.36,-78.08,-131.76,-97.6,-195.2,-122,-156.16
0,-102.48,-102.48,53.68,48.8,-102.48,-53.68,-126.88,-92.72,-190.32,-117.12,-156.16
4.88,-102.48,-107.36,48.8,53.68,-107.36,-73.2,-136.64,-102.48,-195.2,-122,-161.04
-4.88,-102.48,-97.6,53.68,43.92,-102.48,-82.96,-126.88,-92.72,-190.32,-112.24,-156.16
-34.16,-107.36,-73.2,73.2,19.52,-92.72,-73.2,-117.12,-87.84,-175.68,-92.72,-146.4
-39.04,-102.48,-63.44,73.2,9.76,-82.96,-63.44,-112.24,-78.08,-170.8,-78.08,-136.64
-29.28,-112.24,-82.96,73.2,24.4,-97.6,-53.68,-117.12,-82.96,-165.92,-82.96,-141.52
0,-107.36,-107.36,53.68,53.68,-107.36,-82.96,-122,-102.48,-180.56,-87.84,-151.28
24.4,-92.72,-117.12,34.16,68.32,-107.36,-82.96,-126.88,-112.24,-180.56,-92.72,-151.28
14.64,-92.72,-107.36,39.04,58.56,-102.48,-73.2,-122,-117.12,-185.44,-107.36,-156.16
4.88,-97.6,-102.48,48.8,53.68,-102.48,-68.32,-126.88,-107.36,-190.32,-112.24,-165.92
-4.88,-87.84,-82.96,48.8,39.04,-87.84,-63.44,-122,-107.36,-195.2,-107.36,-165.92
-14.64,-92.72,-78.08,53.68,29.28,-87.84,-68.32,-122,-112.24,-185.44,-107.36,-161.04
-14.64,-97.6,-82.96,58.56,34.16,-92.72,-63.44,-117.12,-102.48,-180.56,-102.48,-161.04
-39.04,-102.48,-63.44,73.2,9.76,-82.96,-53.68,-107.36,-92.72,-165.92,-82.96,-146.4
-58.56,-117.12,-58.56,87.84,0,-87.84,-63.44,-102.48,-107.36,-165.92,-82.96,-141.52
-43.92,-122,-78.08,82.96,14.64,-102.48,-53.68,-107.36,-112.24,-165.92,-82.96,-141.52
-24.4,-112.24,-87.84,68.32,29.28,-102.48,-53.68,-107.36,-112.24,-170.8,-78.08,-146.4
-24.4,-92.72,-68.32,58.56,19.52,-82.96,-68.32,-102.48,-107.36,-161.04,-73.2,-136.64
-39.04,-97.6,-58.56,68.32,9.76,-78.08,-68.32,-102.48,-112.24,-175.68,-82.96,-141.52
-43.92,-112.24,-68.32,78.08,9.76,-92.72,-73.2,-112.24,-107.36,-180.56,-92.72,-146.4
-29.28,-102.48,-73.2,68.32,19.52,-87.84,-68.32,-122,-117.12,-195.2,-102.48,-156.16
-9.76,-102.48,-92.72,58.56,39.04,-97.6,-73.2,-122,-131.76,-190.32,-107.36,-156.16
-19.52,-122,-102.48,73.2,39.04,-112.24,-78.08,-126.88,-141.52,-200.08,-107.36,-161.04
-24.4,-122,-97.6,73.2,34.16,-112.24,-87.84,-126.88,-136.64,-195.2,-97.6,-156.16
-19.52,-122,-102.48,73.2,39.04,-112.24,-63.44,-122,-136.64,-185.44,-87.84,-146.4
-9.76,-131.76,-122,73.2,53.68,-126.88,-78.08,-117.12,-126.88,-180.56,-78.08,-136.64
-29.28,-112.24,-82.96,73.2,24.4,-97.6,-82.96,-107.36,-112.24,-170.8,-68.32,-136.64
-34.16,-97.6,-63.44,68.32,14.64,-82.96,-78.08,-107.36,-117.12,-180.56,-78.08,-131.76
-9.76,-87.84,-78.08,48.8,34.16,-82.96,-73.2,-107.36,-117.12,-185.44,-82.96,-131.76
-29.28,-97.6,-68.32,63.44,19.52,-82.96,-73.2,-107.36,-112.24,-175.68,-82.96,-141.52
-29.28,-97.6,-68.32,63.44,19.52,-82.96,-68.32,-112.24,-102.48,-185.44,-92.72,-151.28
-9.76,-87.84,-78.08,48.8,34.16,-82.96,-73.2,-107.36,-87.84,-175.68,-92.72,-146.4
-4.88,-82.96,-78.08,43.92,34.16,-82.96,-73.2,-107.36,-107.36,-170.8,-82.96,-146.4
-14.64,-92.72,-78.08,53.68,29.28,-87.84,-73.2,-107.36,-107.36,-170.8,-82.96,-146.4
-9.76,-107.36,-97.6,58.56,43.92,-102.48,-82.96,-112.24,-122,-180.56,-87.84,-146.4
-24.4,-126.88,-102.48,78.08,39.04,-117.12,-63.44,-107.36,-117.12,-185.44,-87.84,-141.52
-24.4,-117.12,-92.72,73.2,34.16,-107.36,-63.44,-102.48,-117.12,-185.44,-87.84,-146.4
-9.76,-122,-112.24,68.32,48.8,-117.12,-87.84,-112.24,-131.76,-190.32,-102.48,-146.4
-9.76,-112.24,-102.48,63.44,43.92,-107.36,-78.08,-102.48,-122,-185.44,-102.48,-136.64
-39.04,-92.72,-53.68,68.32,4.88,-73.2,-58.56,-82.96,-102.48,-165.92,-87.84,-117.12
-29.28,-92.72,-63.44,63.44,14.64,-78.08,-63.44,-87.84,-107.36,-175.68,-87.84,-122
9.76,-92.72,-102.48,43.92,53.68,-97.6,-78.08,-97.6,-107.36,-180.56,-102.48,-126.88
9.76,-102.48,-112.24,48.8,58.56,-107.36,-73.2,-92.72,-92.72,-180.56,-97.6,-126.88
-9.76,-112.24,-102.48,63.44,43.92,-107.36,-73.2,-97.6,-87.84,-170.8,-82.96,-126.88
-19.52,-117.12,-97.6,68.32,39.04,-107.36,-68.32,-97.6,-68.32,-170.8,-73.2,-112.24
-14.64,-122,-107.36,68.32,43.92,-117.12,-68.32,-97.6,-73.2,-165.92,-68.32,-122
-14.64,-122,-107.36,68.32,43.92,-117.12,-63.44,-97.6,-78.08,-175.68,-68.32,-122
-9.76,-117.12,-107.36,63.44,48.8,-112.24,-78.08,-92.72,-63.44,-170.8,-73.2,-122
4.88,-117.12,-122,58.56,63.44,-122,-87.84,-102.48,-87.84,-190.32,-92.72,-136.64
24.4,-122,-146.4,48.8,82.96,-136.64,-97.6,-112.24,-87.84,-195.2,-102.48,-146.4
14.64,-122,-136.64,53.68,73.2,-131.76,-92.72,-107.36,-92.72,-200.08,-102.48,-151.28
-24.4,-131.76,-107.36,78.08,39.04,-122,-68.32,-92.72,-78.08,-185.44,-87.84,-136.64
-39.04,-117.12,-78.08,78.08,19.52,-97.6,-53.68,-82.96,-73.2,-175.68,-78.08,-131.76
-34.16,-102.48,-68.32,68.32,14.64,-87.84,-63.44,-82.96,-63.44,-175.68,-73.2,-141.52
-39.04,-112.24,-73.2,78.08,14.64,-92.72,-48.8,-73.2,-53.68,-161.04,-68.32,-136.64
-14.64,-107.36,-92.72,63.44,39.04,-102.48,-53.68,-82.96,-63.44,-165.92,-68.32,-141.52
-24.4,-102.48,-78.08,63.44,24.4,-92.72,-53.68,-78.08,-73.2,-165.92,-73.2,-146.4
-34.16,-97.6,-63.44,68.32,14.64,-82.96,-53.68,-78.08,-78.08,-170.8,-73.2,-141.52
0,-97.6,-97.6,48.8,48.8,-97.6,-78.08,-82.96,-92.72,-180.56,-87.84,-146.4
24.4,-102.48,-126.88,39.04,73.2,-117.12,-97.6,-102.48,-107.36,-200.08,-107.36,-170.8
4.88,-97.6,-102.48,48.8,53.68,-102.48,-78.08,-97.6,-97.6,-195.2,-97.6,-161.04
-29.28,-112.24,-82.96,73.2,24.4,-97.6,-68.32,-78.08,-82.96,-180.56,-78.08,-141.52
-34.16,-122,-87.84,78.08,24.4,-107.36,-73.2,-73.2,-82.96,-175.68,-68.32,-122
-4.88,-122,-117.12,63.44,53.68,-122,-78.08,-82.96,-78.08,-175.68,-58.56,-122
9.76,-126.88,-136.64,58.56,73.2,-131.76,-97.6,-97.6,-97.6,-180.56,-68.32,-126.88
4.88,-112.24,-117.12,53.68,58.56,-117.12,-82.96,-87.84,-92.72,-170.8,-48.8,-117.12
-14.64,-97.6,-82.96,58.56,34.16,-92.72,-68.32,-73.2,-73.2,-156.16,-43.92,-112.24
-39.04,-97.6,-58.56,68.32,9.76,-78.08,-58.56,-73.2,-73.2,-165.92,-48.8,-117.12
-48.8,-107.36,-58.56,78.08,4.88,-82.96,-53.68,-73.2,-78.08,-175.68,-68.32,-126.88
-58.56,-117.12,-58.56,87.84,0,-87.84,-58.56,-68.32,-78.08,-180.56,-73.2,-126.88
-39.04,-102.48,-63.44,73.2,9.76,-82.96,-82.96,-82.96,-87.84,-190.32,-92.72,-141.52
0,-97.6,-97.6,48.8,48.8,-97.6,-82.96,-87.84,-97.6,-190.32,-87.84,-141.52
0,-102.48,-102.48,53.68,48.8,-102.48,-82.96,-82.96,-87.84,-185.44,-78.08,-136.64
34.16,-97.6,-131.76,34.16,82.96,-117.12,-87.84,-87.84,-92.72,-185.44,-78.08,-136.64
53.68,-97.6,-151.28,24.4,102.48,-126.88,-82.96,-82.96,-82.96,-185.44,-73.2,-126.88
-14.64,-126.88,-112.24,73.2,48.8,-122,-78.08,-78.08,-82.96,-175.68,-58.56,-117.12
-58.56,-126.88,-68.32,92.72,4.88,-97.6,-68.32,-63.44,-68.32,-161.04,-39.04,-107.36
-24.4,-102.48,-78.08,63.44,24.4,-92.72,-68.32,-63.44,-63.44,-165.92,-43.92,-112.24
-4.88,-92.72,-87.84,48.8,39.04,-92.72,-73.2,-73.2,-63.44,-175.68,-53.68,-122
-19.52,-102.48,-82.96,63.44,29.28,-92.72,-82.96,-87.84,-97.6,-195.2,-63.44,-136.64
-34.16,-112.24,-78.08,73.2,19.52,-97.6,-92.72,-87.84,-97.6,-200.08,-68.32,-141.52
-24.4,-102.48,-78.08,63.44,24.4,-92.72,-82.96,-87.84,-97.6,-195.2,-63.44,-141.52
-34.16,-102.48,-68.32,68.32,14.64,-87.84,-53.68,-82.96,-92.72,-180.56,-48.8,-136.64
-43.92,-112.24,-68.32,78.08,9.76,-92.72,-68.32,-87.84,-97.6,-190.32,-48.8,-141.52
-29.28,-117.12,-87.84,73.2,29.28,-102.48,-78.08,-82.96,-102.48,-185.44,-48.8,-141.52
-29.28,-117.12,-87.84,73.2,29.28,-102.48,-68.32,-78.08,-102.48,-175.68,-34.16,-131.76
-48.8,-87.84,-39.04,68.32,-4.88,-63.44,-63.44,-73.2,-92.72,-165.92,-34.16,-122
-39.04,-92.72,-53.68,68.32,4.88,-73.2,-68.32,-73.2,-102.48,-175.68,-39.04,-122
-14.64,-117.12,-102.48,68.32,43.92,-112.24,-78.08,-82.96,-107.36,-195.2,-53.68,-122
19.52,-107.36,-126.88,43.92,73.2,-117.12,-82.96,-92.72,-97.6,-200.08,-58.56,-122
-9.76,-112.24,-102.48,63.44,43.92,-107.36,-68.32,-87.84,-97.6,-190.32,-48.8,-107.36
-14.64,-112.24,-97.6,63.44,39.04,-107.36,-68.32,-82.96,-102.48,-180.56,-34.16,-97.6
-14.64,-102.48,-87.84,58.56,34.16,-97.6,-73.2,-87.84,-102.48,-175.68,-24.4,-97.6
-43.92,-102.48,-58.56,73.2,4.88,-82.96,-73.2,-82.96,-102.48,-165.92,-14.64,-82.96
-39.04,-117.12,-78.08,78.08,19.52,-97.6,-87.84,-92.72,-107.36,-165.92,-19.52,-92.72
-29.28,-112.24,-82.96,73.2,24.4,-97.6,-92.72,-82.96,-102.48,-161.04,4.88,-78.08
-43.92,-112.24,-68.32,78.08,9.76,-92.72,-87.84,-87.84,-97.6,-165.92,-4.88,-82.96
-39.04,-107.36,-68.32,73.2,14.64,-87.84,-87.84,-87.84,-112.24,-175.68,-19.52,-92.72
-39.04,-107.36,-68.32,73.2,14.64,-87.84,-87.84,-92.72,-107.36,-180.56,-29.28,-92.72
-48.8,-117.12,-68.32,82.96,9.76,-92.72,-87.84,-92.72,-92.72,-185.44,-29.28,-92.72
-19.52,-112.24,-92.72,68.32,34.16,-102.48,-82.96,-92.72,-102.48,-185.44,-34.16,-92.72
-14.64,-112.24,-97.6,63.44,39.04,-107.36,-82.96,-97.6,-107.36,-185.44,-34.16,-92.72
-9.76,-122,-112.24,68.32,48.8,-117.12,-78.08,-102.48,-102.48,-185.44,-24.4,-97.6
-4.88,-122,-117.12,63.44,53.68,-122,-63.44,-97.6,-97.6,-175.68,-14.64,-87.84
-4.88,-122,-117.12,63.44,53.68,-122,-73.2,-97.6,-97.6,-175.68,-14.64,-87.84
-4.88,-112.24,-107.36,58.56,48.8,-112.24,-87.84,-102.48,-97.6,-175.68,-14.64,-87.84
-4.88,-107.36,-102.48,58.56,48.8,-107.36,-82.96,-102.48,-82.96,-165.92,-14.64,-92.72
-14.64,-97.6,-82.96,58.56,34.16,-92.72,-78.08,-97.6,-87.84,-170.8,-14.64,-92.72
-29.28,-92.72,-63.44,63.44,14.64,-78.08,-63.44,-97.6,-107.36,-170.8,-19.52,-92.72
-19.52,-92.72,-73.2,58.56,24.4,-82.96,-82.96,-97.6,-107.36,-180.56,-34.16,-107.36
9.76,-87.84,-97.6,39.04,53.68,-92.72,-102.48,-112.24,-126.88,-195.2,-48.8,-126.88
4.88,-92.72,-97.6,43.92,48.8,-97.6,-82.96,-92.72,-122,-185.44,-34.16,-112.24
-43.92,-117.12,-73.2,82.96,14.64,-97.6,-58.56,-87.84,-107.36,-165.92,-19.52,-97.6
-43.92,-102.48,-58.56,73.2,4.88,-82.96,-48.8,-78.08,-97.6,-156.16,-4.88,-82.96
-29.28,-112.24,-82.96,73.2,24.4,-97.6,-73.2,-87.84,-117.12,-165.92,-19.52,-87.84
-34.16,-122,-87.84,78.08,24.4,-107.36,-63.44,-92.72,-122,-165.92,-14.64,-87.84
-19.52,-117.12,-97.6,68.32,39.04,-107.36,-73.2,-92.72,-122,-170.8,-19.52,-87.84
-9.76,-122,-112.24,68.32,48.8,-117.12,-82.96,-102.48,-136.64,-185.44,-29.28,-97.6
-24.4,-117.12,-92.72,73.2,34.16,-107.36,-82.96,-107.36,-141.52,-180.56,-29.28,-107.36
-43.92,-102.48,-58.56,73.2,4.88,-82.96,-63.44,-92.72,-122,-165.92,-14.64,-97.6
-29.28,-97.6,-68.32,63.44,19.52,-82.96,-82.96,-102.48,-131.76,-175.68,-29.28,-117.12
-19.52,-92.72,-73.2,58.56,24.4,-82.96,-92.72,-102.48,-131.76,-170.8,-14.64,-117.12
-29.28,-97.6,-68.32,63.44,19.52,-82.96,-87.84,-102.48,-122,-161.04,0,-107.36
-34.16,-97.6,-63.44,68.32,14.64,-82.96,-87.84,-97.6,-126.88,-165.92,0,-97.6
-34.16,-92.72,-58.56,63.44,9.76,-78.08,-82.96,-87.84,-131.76,-161.04,0,-92.72
-9.76,-102.48,-92.72,58.56,39.04,-97.6,-87.84,-92.72,-141.52,-170.8,4.88,-92.72
9.76,-117.12,-126.88,53.68,68.32,-122,-82.96,-87.84,-136.64,-165.92,4.88,-92.72
-14.64,-122,-107.36,68.32,43.92,-117.12,-73.2,-78.08,-126.88,-161.04,4.88,-82.96
-14.64,-126.88,-112.24,73.2,48.8,-122,-68.32,-78.08,-126.88,-165.92,-4.88,-97.6
-39.04,-131.76,-92.72,87.84,24.4,-112.24,-58.56,-68.32,-112.24,-161.04,0,-102.48
-73.2,-122,-48.8,97.6,-14.64,-87.84,-24.4,-43.92,-87.84,-136.64,14.64,-97.6
-48.8,-102.48,-53.68,78.08,0,-78.08,-24.4,-19.52,-58.56,-102.48,39.04,-92.72
-24.4,-82.96,-58.56,53.68,14.64,-73.2,-19.52,0,0,-43.92,92.72,-63.44
-19.52,-78.08,-58.56,48.8,19.52,-68.32,-39.04,-4.88,39.04,19.52,161.04,-34.16
-14.64,-63.44,-48.8,39.04,14.64,-58.56,-53.68,9.76,97.6,136.64,273.28,39.04
-9.76,-19.52,-9.76,14.64,0,-14.64,-68.32,9.76,165.92,268.4,444.08,156.16
0,4.88,4.88,0,-4.88,4.88,-102.48,-24.4,180.56,370.88,629.52,278.16
19.52,34.16,14.64,-24.4,0,24.4,-141.52,-68.32,195.2,488,863.76,444.08
48.8,73.2,24.4,-58.56,9.76,48.8,-190.32,-146.4,175.68,595.36,1102.88,629.52
117.12,126.88,9.76,-122,53.68,68.32,-258.64,-258.64,122,692.96,1376.16,824.72
165.92,190.32,24.4,-175.68,68.32,107.36,-346.48,-375.76,58.56,775.92,1639.68,1024.8
200.08,244,43.92,-219.6,78.08,141.52,-414.8,-483.12,-4.88,849.12,1888.56,1195.6
244,302.56,58.56,-273.28,92.72,180.56,-473.36,-570.96,-53.68,912.56,2074,1332.24
273.28,312.32,39.04,-292.8,117.12,175.68,-512.4,-658.8,-151.28,854,2069.12,1366.4
302.56,292.8,-9.76,-297.68,156.16,141.52,-536.8,-761.28,-351.36,639.28,1844.64,1283.44
297.68,302.56,4.88,-297.68,146.4,151.28,-566.08,-858.88,-575.84,331.84,1493.28,1137.04
239.12,297.68,58.56,-268.4,87.84,175.68,-585.6,-980.88,-844.24,-63.44,1024.8,922.32
170.8,268.4,97.6,-219.6,34.16,180.56,-595.36,-1102.88,-1102.88,-463.6,585.6,717.36
122,244,122,-180.56,0,180.56,-595.36,-1195.6,-1342,-858.88,146.4,502.64
39.04,204.96,165.92,-122,-63.44,185.44,-566.08,-1234.64,-1590.88,-1298.08,-326.96,248.88
-14.64,200.08,214.72,-92.72,-117.12,204.96,-522.16,-1249.28,-1737.28,-1586,-673.44,43.92
-39.04,165.92,204.96,-63.44,-122,185.44,-463.6,-1195.6,-1737.28,-1649.44,-819.84,-87.84
-39.04,73.2,112.24,-14.64,-78.08,92.72,-409.92,-1107.76,-1688.48,-1634.8,-888.16,-185.44
-43.92,19.52,63.44,14.64,-53.68,39.04,-366,-1054.08,-1659.2,-1610.4,-927.2,-244
-92.72,-24.4,68.32,58.56,-82.96,19.52,-331.84,-1000.4,-1615.28,-1571.36,-932.08,-287.92
-126.88,-87.84,39.04,107.36,-82.96,-24.4,-278.16,-956.48,-1566.48,-1527.44,-932.08,-351.36
-122,-161.04,-39.04,141.52,-43.92,-102.48,-229.36,-922.32,-1527.44,-1493.28,-951.6,-434.32
-131.76,-200.08,-68.32,165.92,-34.16,-136.64,-170.8,-863.76,-1464,-1439.6,-936.96,-483.12
-146.4,-204.96,-58.56,175.68,-43.92,-131.76,-102.48,-751.52,-1337.12,-1332.24,-878.4,-488
-146.4,-244,-97.6,195.2,-24.4,-170.8,-82.96,-663.68,-1234.64,-1244.4,-839.36,-512.4
-131.76,-253.76,-122,195.2,-4.88,-190.32,-63.44,-585.6,-1137.04,-1141.92,-780.8,-502.64
-146.4,-229.36,-82.96,190.32,-34.16,-156.16,-48.8,-502.64,-990.64,-995.52,-668.56,-444.08
-180.56,-229.36,-48.8,204.96,-68.32,-141.52,-63.44,-448.96,-849.12,-854,-556.32,-375.76
-146.4,-229.36,-82.96,190.32,-34.16,-156.16,-78.08,-385.52,-741.76,-741.76,-468.48,-336.72
-102.48,-229.36,-126.88,165.92,9.76,-180.56,-68.32,-312.32,-653.92,-644.16,-390.4,-302.56
-107.36,-239.12,-131.76,175.68,9.76,-185.44,-53.68,-229.36,-556.32,-541.68,-312.32,-273.28
-92.72,-234.24,-141.52,165.92,24.4,-190.32,-24.4,-156.16,-463.6,-444.08,-229.36,-239.12
-78.08,-224.48,-146.4,151.28,34.16,-185.44,-19.52,-122,-395.28,-385.52,-185.44,-219.6
-78.08,-204.96,-126.88,141.52,24.4,-165.92,-9.76,-97.6,-346.48,-331.84,-146.4,-200.08
-68.32,-165.92,-97.6,117.12,14.64,-131.76,4.88,-63.44,-287.92,-278.16,-97.6,-180.56
-68.32,-141.52,-73.2,107.36,0,-107.36,4.88,-39.04,-248.88,-258.64,-87.84,-165.92
-48.8,-122,-73.2,87.84,9.76,-97.6,-4.88,-39.04,-239.12,-244,-87.84,-161.04
-24.4,-107.36,-82.96,68.32,29.28,-97.6,-4.88,-29.28,-219.6,-219.6,-82.96,-161.04
-9.76,-117.12,-107.36,63.44,48.8,-112.24,-9.76,-24.4,-195.2,-200.08,-73.2,-151.28
-19.52,-126.88,-107.36,73.2,43.92,-117.12,0,-14.64,-175.68,-175.68,-48.8,-131.76
-39.04,-122,-82.96,82.96,19.52,-102.48,4.88,0,-165.92,-141.52,-24.4,-112.24
-53.68,-112.24,-58.56,82.96,0,-87.84,24.4,9.76,-156.16,-122,4.88,-78.08
-53.68,-107.36,-53.68,82.96,0,-82.96,14.64,19.52,-141.52,-112.24,24.4,-58.56
-24.4,-102.48,-78.08,63.44,24.4,-92.72,9.76,19.52,-141.52,-107.36,24.4,-53.68
0,-87.84,-87.84,43.92,43.92,-87.84,9.76,14.64,-146.4,-117.12,19.52,-58.56
9.76,-78.08,-87.84,34.16,48.8,-82.96,19.52,19.52,-141.52,-112.24,19.52,-58.56
-19.52,-87.84,-68.32,53.68,24.4,-78.08,19.52,29.28,-126.88,-97.6,34.16,-53.68
-39.04,-78.08,-39.04,58.56,0,-58.56,24.4,34.16,-117.12,-87.84,34.16,-63.44
-58.56,-82.96,-24.4,73.2,-19.52,-53.68,19.52,24.4,-112.24,-82.96,39.04,-68.32
-63.44,-87.84,-24.4,78.08,-19.52,-58.56,9.76,19.52,-117.12,-73.2,43.92,-73.2
-39.04,-82.96,-43.92,63.44,0,-63.44,14.64,24.4,-117.12,-63.44,53.68,-63.44
-24.4,-87.84,-63.44,58.56,19.52,-78.08,4.88,9.76,-126.88,-73.2,53.68,-58.56
-19.52,-97.6,-78.08,58.56,29.28,-87.84,-19.52,4.88,-122,-63.44,58.56,-53.68
-9.76,-92.72,-82.96,53.68,34.16,-87.84,-9.76,14.64,-122,-63.44,63.44,-48.8
-4.88,-92.72,-87.84,48.8,39.04,-92.72,-9.76,24.4,-117.12,-63.44,63.44,-43.92
9.76,-82.96,-92.72,39.04,48.8,-87.84,-9.76,24.4,-122,-73.2,53.68,-43.92
-19.52,-97.6,-78.08,58.56,29.28,-87.84,-4.88,29.28,-112.24,-68.32,48.8,-48.8
-39.04,-97.6,-58.56,68.32,9.76,-78.08,19.52,29.28,-92.72,-53.68,58.56,-48.8
-34.16,-92.72,-58.56,63.44,9.76,-78.08,14.64,39.04,-87.84,-43.92,68.32,-53.68
-4.88,-92.72,-87.84,48.8,39.04,-92.72,-4.88,19.52,-117.12,-58.56,58.56,-73.2
24.4,-92.72,-117.12,34.16,68.32,-107.36,-14.64,9.76,-126.88,-58.56,58.56,-82.96
14.64,-82.96,-97.6,34.16,53.68,-92.72,-4.88,9.76,-122,-53.68,73.2,-68.32
-19.52,-102.48,-82.96,63.44,29.28,-92.72,-9.76,14.64,-117.12,-53.68,73.2,-63.44
-43.92,-102.48,-58.56,73.2,4.88,-82.96,4.88,24.4,-107.36,-43.92,82.96,-48.8
-68.32,-92.72,-24.4,82.96,-24.4,-58.56,19.52,43.92,-87.84,-29.28,97.6,-24.4
-39.04,-92.72,-53.68,68.32,4.88,-73.2,19.52,48.8,-82.96,-34.16,92.72,-9.76
-14.64,-97.6,-82.96,58.56,34.16,-92.72,34.16,58.56,-78.08,-34.16,82.96,-14.64
-39.04,-97.6,-58.56,68.32,9.76,-78.08,39.04,58.56,-78.08,-34.16,78.08,-19.52
-24.4,-97.6,-73.2,63.44,24.4,-87.84,24.4,53.68,-78.08,-19.52,87.84,-19.52
-29.28,-92.72,-63.44,63.44,14.64,-78.08,29.28,63.44,-68.32,-4.88,112.24,-9.76
-43.92,-97.6,-53.68,73.2,4.88,-78.08,39.04,73.2,-53.68,9.76,131.76,-4.88
-39.04,-78.08,-39.04,58.56,0,-58.56,29.28,58.56,-68.32,0,126.88,-9.76
-53.68,-87.84,-34.16,73.2,-9.76,-63.44,24.4,68.32,-53.68,4.88,126.88,-14.64
-34.16,-82.96,-48.8,58.56,4.88,-68.32,14.64,68.32,-78.08,-9.76,117.12,-29.28
4.88,-73.2,-78.08,34.16,39.04,-78.08,24.4,73.2,-78.08,-14.64,112.24,-24.4
19.52,-73.2,-92.72,29.28,53.68,-82.96,24.4,82.96,-63.44,-9.76,117.12,-19.52
24.4,-53.68,-78.08,14.64,48.8,-68.32,19.52,87.84,-43.92,-4.88,112.24,-19.52
0,-58.56,-58.56,29.28,29.28,-58.56,19.52,87.84,-53.68,0,117.12,-14.64
-14.64,-73.2,-58.56,43.92,19.52,-68.32,24.4,92.72,-48.8,19.52,141.52,0
4.88,-78.08,-82.96,39.04,43.92,-82.96,29.28,107.36,-29.28,34.16,151.28,9.76
39.04,-78.08,-117.12,19.52,78.08,-97.6,19.52,107.36,-24.4,29.28,146.4,4.88
39.04,-78.08,-117.12,19.52,78.08,-97.6,19.52,97.6,-53.68,24.4,146.4,0
4.88,-73.2,-78.08,34.16,39.04,-78.08,24.4,107.36,-48.8,29.28,156.16,0
-14.64,-68.32,-53.68,43.92,19.52,-63.44,24.4,112.24,-43.92,34.16,156.16,4.88
-9.76,-58.56,-48.8,34.16,19.52,-53.68,24.4,122,-34.16,48.8,165.92,14.64
-4.88,-53.68,-48.8,29.28,19.52,-53.68,14.64,131.76,-24.4,43.92,161.04,24.4
-29.28,-73.2,-43.92,53.68,4.88,-58.56,14.64,141.52,-24.4,39.04,141.52,19.52
-82.96,-73.2,9.76,78.08,-48.8,-34.16,24.4,156.16,-14.64,53.68,161.04,19.52
-43.92,-73.2,-29.28,58.56,-9.76,-53.68,19.52,141.52,-19.52,63.44,151.28,4.88
14.64,-63.44,-78.08,24.4,43.92,-73.2,19.52,141.52,-29.28,63.44,151.28,0
19.52,-53.68,-73.2,19.52,43.92,-63.44,19.52,151.28,-19.52,73.2,156.16,9.76
-19.52,-68.32,-48.8,43.92,14.64,-58.56,29.28,161.04,9.76,92.72,175.68,29.28
-53.68,-73.2,-19.52,63.44,-19.52,-48.8,39.04,185.44,24.4,117.12,204.96,63.44
-34.16,-63.44,-29.28,48.8,-4.88,-48.8,29.28,175.68,14.64,107.36,214.72,68.32
-14.64,-53.68,-39.04,34.16,9.76,-48.8,19.52,165.92,14.64,107.36,219.6,78.08
-14.64,-63.44,-48.8,39.04,14.64,-58.56,24.4,175.68,19.52,112.24,229.36,87.84
-19.52,-82.96,-63.44,53.68,19.52,-73.2,19.52,180.56,29.28,122,234.24,82.96
-4.88,-73.2,-68.32,39.04,29.28,-73.2,9.76,175.68,29.28,126.88,224.48,73.2
24.4,-63.44,-87.84,19.52,53.68,-78.08,14.64,180.56,34.16,126.88,214.72,68.32
19.52,-58.56,-78.08,19.52,48.8,-68.32,14.64,195.2,43.92,136.64,214.72,63.44
34.16,-48.8,-82.96,9.76,58.56,-68.32,19.52,204.96,48.8,146.4,219.6,68.32
48.8,-43.92,-92.72,0,68.32,-68.32,9.76,200.08,48.8,151.28,224.48,73.2
48.8,-53.68,-102.48,4.88,73.2,-78.08,9.76,204.96,53.68,156.16,224.48,73.2
9.76,-34.16,-43.92,14.64,24.4,-39.04,34.16,224.48,73.2,170.8,234.24,78.08
-4.88,-14.64,-9.76,9.76,0,-14.64,29.28,234.24,87.84,185.44,248.88,92.72
24.4,-19.52,-43.92,0,34.16,-34.16,24.4,234.24,87.84,175.68,244,82.96
-4.88,-43.92,-39.04,24.4,14.64,-43.92,34.16,253.76,107.36,195.2,253.76,97.6
-34.16,-53.68,-19.52,43.92,-9.76,-39.04,43.92,263.52,122,219.6,273.28,107.36
0,-53.68,-53.68,29.28,24.4,-53.68,39.04,268.4,126.88,224.48,278.16,102.48
24.4,-48.8,-73.2,14.64,48.8,-63.44,43.92,258.64,122,229.36,273.28,92.72
24.4,-43.92,-68.32,9.76,43.92,-58.56,34.16,268.4,161.04,253.76,297.68,97.6
39.04,-34.16,-73.2,0,53.68,-53.68,39.04,268.4,180.56,268.4,317.2,117.12
9.76,-43.92,-53.68,19.52,29.28,-48.8,24.4,278.16,165.92,268.4,326.96,122
0,-39.04,-39.04,19.52,19.52,-39.04,48.8,283.04,161.04,278.16,341.6,122
34.16,-19.52,-53.68,-4.88,43.92,-39.04,53.68,287.92,165.92,283.04,341.6,131.76
29.28,-24.4,-53.68,0,39.04,-39.04,24.4,292.8,175.68,287.92,336.72,131.76
24.4,-29.28,-53.68,4.88,39.04,-43.92,34.16,317.2,200.08,302.56,336.72,141.52
9.76,-29.28,-39.04,9.76,24.4,-34.16,63.44,326.96,214.72,331.84,346.48,146.4
19.52,-24.4,-43.92,4.88,29.28,-34.16,53.68,341.6,234.24,346.48,361.12,156.16
39.04,-19.52,-58.56,-9.76,48.8,-39.04,39.04,336.72,239.12,361.12,370.88,156.16
39.04,-24.4,-63.44,-4.88,48.8,-43.92,58.56,346.48,253.76,375.76,390.4,161.04
48.8,-14.64,-63.44,-14.64,53.68,-39.04,39.04,346.48,268.4,380.64,405.04,170.8
73.2,4.88,-68.32,-39.04,68.32,-34.16,39.04,366,287.92,400.16,424.56,180.56
82.96,9.76,-73.2,-43.92,78.08,-34.16,43.92,366,278.16,405.04,419.68,175.68
87.84,4.88,-82.96,-43.92,82.96,-39.04,43.92,370.88,283.04,405.04,414.8,170.8
82.96,-14.64,-97.6,-34.16,87.84,-58.56,34.16,375.76,292.8,409.92,405.04,165.92
63.44,-34.16,-97.6,-14.64,78.08,-68.32,48.8,395.28,307.44,409.92,395.28,151.28
39.04,-24.4,-63.44,-4.88,48.8,-43.92,68.32,419.68,341.6,439.2,414.8,161.04
4.88,-14.64,-19.52,4.88,9.76,-19.52,68.32,434.32,370.88,473.36,444.08,185.44
4.88,-4.88,-9.76,0,4.88,-9.76,87.84,444.08,400.16,512.4,468.48,185.44
-14.64,0,14.64,9.76,-14.64,4.88,82.96,473.36,424.56,541.68,492.88,195.2
24.4,0,-24.4,-9.76,24.4,-14.64,68.32,458.72,414.8,531.92,483.12,180.56
53.68,9.76,-43.92,-29.28,48.8,-19.52,68.32,463.6,424.56,527.04,478.24,185.44
39.04,9.76,-29.28,-24.4,34.16,-9.76,78.08,478.24,439.2,541.68,488,209.84
39.04,-4.88,-43.92,-14.64,39.04,-24.4,82.96,483.12,448.96,556.32,507.52,229.36
78.08,-14.64,-92.72,-29.28,82.96,-53.68,73.2,488,463.6,566.08,522.16,248.88
82.96,9.76,-73.2,-43.92,78.08,-34.16,73.2,497.76,483.12,570.96,522.16,234.24
82.96,29.28,-53.68,-53.68,68.32,-14.64,82.96,507.52,497.76,580.72,531.92,224.48
112.24,34.16,-78.08,-73.2,92.72,-24.4,78.08,507.52,478.24,580.72,522.16,214.72
117.12,24.4,-92.72,-68.32,102.48,-34.16,78.08,507.52,483.12,585.6,517.28,219.6
131.76,34.16,-97.6,-82.96,112.24,-34.16,82.96,512.4,483.12,595.36,527.04,224.48
126.88,24.4,-102.48,-73.2,112.24,-39.04,92.72,517.28,492.88,610,556.32,248.88
97.6,14.64,-82.96,-53.68,87.84,-34.16,68.32,522.16,507.52,614.88,561.2,258.64
97.6,24.4,-73.2,-58.56,82.96,-24.4,63.44,522.16,517.28,624.64,575.84,263.52
82.96,39.04,-43.92,-58.56,63.44,-4.88,63.44,522.16,512.4,624.64,580.72,268.4
48.8,43.92,-4.88,-43.92,24.4,19.52,73.2,536.8,517.28,624.64,590.48,273.28
39.04,43.92,4.88,-39.04,14.64,24.4,82.96,531.92,517.28,624.64,580.72,258.64
73.2,43.92,-29.28,-58.56,48.8,4.88,68.32,512.4,492.88,610,566.08,248.88
112.24,58.56,-53.68,-82.96,82.96,0,63.44,517.28,497.76,610,566.08,263.52
117.12,34.16,-82.96,-73.2,97.6,-24.4,68.32,512.4,502.64,605.12,551.44,258.64
92.72,9.76,-82.96,-48.8,87.84,-39.04,63.44,517.28,492.88,614.88,551.44,258.64
102.48,19.52,-82.96,-58.56,92.72,-34.16,58.56,507.52,478.24,605.12,546.56,253.76
97.6,24.4,-73.2,-58.56,82.96,-24.4,53.68,502.64,478.24,590.48,531.92,253.76
107.36,39.04,-68.32,-73.2,87.84,-14.64,58.56,502.64,468.48,585.6,527.04,253.76
73.2,34.16,-39.04,-53.68,53.68,-4.88,78.08,492.88,453.84,570.96,527.04,258.64
68.32,19.52,-48.8,-43.92,58.56,-14.64,68.32,483.12,444.08,561.2,527.04,263.52
97.6,14.64,-82.96,-53.68,87.84,-34.16,53.68,473.36,424.56,541.68,512.4,258.64
117.12,24.4,-92.72,-68.32,102.48,-34.16,63.44,458.72,405.04,536.8,507.52,258.64
117.12,29.28,-87.84,-73.2,102.48,-29.28,73.2,453.84,395.28,531.92,502.64,263.52
107.36,39.04,-68.32,-73.2,87.84,-14.64,63.44,444.08,400.16,531.92,502.64,258.64
78.08,39.04,-39.04,-58.56,58.56,0,48.8,439.2,390.4,527.04,502.64,258.64
78.08,34.16,-43.92,-53.68,58.56,-4.88,48.8,429.44,380.64,512.4,497.76,248.88
87.84,29.28,-58.56,-58.56,73.2,-14.64,43.92,409.92,336.72,478.24,468.48,234.24
102.48,29.28,-73.2,-63.44,87.84,-24.4,29.28,390.4,312.32,448.96,444.08,209.84
97.6,29.28,-68.32,-63.44,82.96,-19.52,39.04,370.88,297.68,434.32,444.08,219.6
73.2,14.64,-58.56,-43.92,63.44,-24.4,43.92,356.24,258.64,405.04,429.44,219.6
63.44,9.76,-53.68,-34.16,58.56,-24.4,34.16,341.6,239.12,390.4,419.68,224.48
78.08,19.52,-58.56,-48.8,68.32,-19.52,39.04,326.96,224.48,375.76,419.68,229.36
102.48,0,-102.48,-48.8,102.48,-53.68,34.16,302.56,200.08,356.24,409.92,234.24
117.12,9.76,-107.36,-63.44,112.24,-48.8,19.52,283.04,180.56,346.48,414.8,234.24
58.56,0,-58.56,-29.28,58.56,-29.28,24.4,278.16,170.8,351.36,419.68,229.36
39.04,-4.88,-43.92,-14.64,39.04,-24.4,24.4,268.4,161.04,336.72,414.8,214.72
68.32,4.88,-63.44,-34.16,63.44,-29.28,19.52,239.12,131.76,302.56,390.4,195.2
53.68,-9.76,-63.44,-19.52,58.56,-39.04,24.4,224.48,102.48,278.16,361.12,185.44
58.56,-4.88,-63.44,-24.4,58.56,-34.16,9.76,200.08,73.2,244,341.6,175.68
92.72,4.88,-87.84,-48.8,87.84,-43.92,9.76,180.56,48.8,219.6,326.96,165.92
78.08,4.88,-73.2,-39.04,73.2,-34.16,19.52,175.68,43.92,209.84,331.84,170.8
48.8,9.76,-39.04,-29.28,43.92,-14.64,9.76,175.68,43.92,224.48,351.36,195.2
53.68,0,-53.68,-24.4,53.68,-29.28,14.64,161.04,24.4,200.08,341.6,185.44
29.28,-29.28,-58.56,0,43.92,-43.92,24.4,136.64,-4.88,165.92,317.2,165.92
24.4,-29.28,-53.68,4.88,39.04,-43.92,24.4,136.64,-14.64,165.92,312.32,161.04
9.76,-34.16,-43.92,14.64,24.4,-39.04,19.52,122,-43.92,136.64,287.92,146.4
19.52,-29.28,-48.8,4.88,34.16,-39.04,19.52,102.48,-63.44,112.24,268.4,131.76
24.4,-29.28,-53.68,4.88,39.04,-43.92,14.64,97.6,-73.2,102.48,268.4,131.76
14.64,-34.16,-48.8,9.76,29.28,-43.92,9.76,87.84,-92.72,87.84,248.88,117.12
14.64,-34.16,-48.8,9.76,29.28,-43.92,9.76,78.08,-102.48,73.2,239.12,117.12
19.52,-34.16,-53.68,9.76,34.16,-43.92,4.88,68.32,-97.6,63.44,229.36,117.12
39.04,-34.16,-73.2,0,53.68,-53.68,0,53.68,-112.24,58.56,229.36,112.24
48.8,-34.16,-82.96,-4.88,63.44,-58.56,-4.88,39.04,-117.12,39.04,219.6,112.24
29.28,-53.68,-82.96,14.64,53.68,-68.32,0,34.16,-146.4,19.52,204.96,102.48
19.52,-58.56,-78.08,19.52,48.8,-68.32,0,29.28,-161.04,24.4,195.2,87.84
19.52,-53.68,-73.2,19.52,43.92,-63.44,4.88,24.4,-165.92,19.52,204.96,87.84
29.28,-53.68,-82.96,14.64,53.68,-68.32,-4.88,19.52,-190.32,4.88,195.2,78.08
48.8,-39.04,-87.84,-4.88,68.32,-63.44,14.64,19.52,-190.32,-4.88,190.32,82.96
39.04,-53.68,-92.72,9.76,63.44,-73.2,14.64,4.88,-200.08,-24.4,170.8,73.2
19.52,-78.08,-97.6,29.28,58.56,-87.84,9.76,0,-209.84,-34.16,165.92,73.2
34.16,-87.84,-122,29.28,78.08,-107.36,19.52,4.88,-204.96,-34.16,146.4,63.44
34.16,-87.84,-122,29.28,78.08,-107.36,9.76,-14.64,-224.48,-39.04,141.52,53.68
43.92,-73.2,-117.12,14.64,78.08,-97.6,9.76,-14.64,-219.6,-39.04,146.4,53.68
19.52,-78.08,-97.6,29.28,58.56,-87.84,19.52,-4.88,-204.96,-34.16,156.16,63.44
-14.64,-82.96,-68.32,48.8,24.4,-78.08,14.64,-4.88,-214.72,-29.28,165.92,68.32
-19.52,-78.08,-58.56,48.8,19.52,-68.32,14.64,-9.76,-219.6,-29.28,170.8,78.08
-29.28,-73.2,-43.92,53.68,4.88,-58.56,14.64,-9.76,-219.6,-34.16,170.8,73.2
-19.52,-58.56,-39.04,39.04,9.76,-48.8,29.28,0,-200.08,-24.4,185.44,78.08
9.76,-19.52,-29.28,4.88,19.52,-24.4,24.4,-9.76,-224.48,-43.92,151.28,43.92
-14.64,-34.16,-19.52,24.4,0,-29.28,29.28,-9.76,-229.36,-58.56,131.76,29.28
-24.4,-63.44,-39.04,43.92,4.88,-53.68,48.8,0,-229.36,-58.56,122,29.28
-19.52,-73.2,-53.68,48.8,14.64,-63.44,43.92,-9.76,-234.24,-63.44,122,39.04
4.88,-73.2,-78.08,34.16,39.04,-78.08,29.28,-14.64,-234.24,-63.44,122,53.68
9.76,-82.96,-92.72,39.04,48.8,-87.84,39.04,-4.88,-209.84,-48.8,136.64,68.32
4.88,-92.72,-97.6,43.92,48.8,-97.6,48.8,-4.88,-195.2,-39.04,146.4,68.32
-24.4,-92.72,-68.32,58.56,19.52,-82.96,53.68,-9.76,-204.96,-43.92,151.28,73.2
-4.88,-73.2,-68.32,39.04,29.28,-73.2,53.68,-9.76,-214.72,-48.8,156.16,73.2
19.52,-68.32,-87.84,24.4,53.68,-78.08,43.92,-14.64,-219.6,-48.8,151.28,63.44
19.52,-53.68,-73.2,19.52,43.92,-63.44,43.92,-14.64,-214.72,-53.68,146.4,58.56
9.76,-53.68,-63.44,24.4,34.16,-58.56,48.8,-14.64,-224.48,-63.44,122,58.56
24.4,-58.56,-82.96,19.52,53.68,-73.2,48.8,-4.88,-209.84,-58.56,117.12,48.8
29.28,-48.8,-78.08,9.76,53.68,-63.44,43.92,-4.88,-200.08,-48.8,126.88,53.68
9.76,-48.8,-58.56,19.52,34.16,-53.68,48.8,0,-180.56,-34.16,151.28,63.44
29.28,-29.28,-58.56,0,43.92,-43.92,39.04,-14.64,-190.32,-29.28,161.04,58.56
-4.88,-43.92,-39.04,24.4,14.64,-43.92,43.92,-4.88,-180.56,-24.4,165.92,58.56
-58.56,-63.44,-4.88,63.44,-29.28,-34.16,63.44,9.76,-170.8,-19.52,170.8,68.32
-39.04,-68.32,-29.28,53.68,-4.88,-48.8,68.32,24.4,-151.28,-19.52,156.16,63.44
-24.4,-73.2,-48.8,48.8,9.76,-63.44,63.44,19.52,-156.16,-24.4,141.52,58.56
-34.16,-73.2,-39.04,53.68,0,-58.56,53.68,4.88,-170.8,-34.16,126.88,48.8
-29.28,-82.96,-53.68,58.56,9.76,-68.32,58.56,14.64,-170.8,-29.28,126.88,53.68
-4.88,-82.96,-78.08,43.92,34.16,-82.96,58.56,19.52,-165.92,-24.4,131.76,48.8
24.4,-78.08,-102.48,29.28,63.44,-92.72,53.68,24.4,-151.28,-9.76,146.4,63.44
39.04,-78.08,-117.12,19.52,78.08,-97.6,58.56,29.28,-131.76,0,161.04,73.2
14.64,-87.84,-102.48,39.04,58.56,-97.6,53.68,29.28,-136.64,4.88,175.68,68.32
14.64,-82.96,-97.6,34.16,53.68,-92.72,58.56,29.28,-131.76,14.64,185.44,73.2
14.64,-78.08,-92.72,34.16,53.68,-87.84,53.68,19.52,-141.52,9.76,180.56,68.32
0,-68.32,-68.32,34.16,34.16,-68.32,63.44,24.4,-136.64,29.28,200.08,73.2
-4.88,-48.8,-43.92,29.28,19.52,-48.8,68.32,34.16,-126.88,39.04,214.72,73.2
-19.52,-34.16,-14.64,29.28,-4.88,-24.4,68.32,34.16,-126.88,34.16,204.96,68.32
-19.52,-29.28,-9.76,24.4,-4.88,-19.52,63.44,39.04,-126.88,24.4,185.44,53.68
-9.76,-29.28,-19.52,19.52,4.88,-24.4,73.2,48.8,-117.12,24.4,175.68,43.92
4.88,-39.04,-43.92,19.52,24.4,-43.92,63.44,39.04,-126.88,19.52,170.8,39.04
4.88,-58.56,-63.44,29.28,34.16,-63.44,78.08,43.92,-117.12,29.28,185.44,43.92
14.64,-68.32,-82.96,29.28,48.8,-78.08,78.08,53.68,-97.6,34.16,185.44,58.56
9.76,-73.2,-82.96,34.16,43.92,-78.08,78.08,63.44,-82.96,53.68,200.08,78.08
14.64,-58.56,-73.2,24.4,43.92,-68.32,97.6,63.44,-78.08,68.32,219.6,102.48
19.52,-58.56,-78.08,19.52,48.8,-68.32,97.6,63.44,-73.2,68.32,224.48,102.48
19.52,-58.56,-78.08,19.52,48.8,-68.32,87.84,53.68,-87.84,53.68,204.96,97.6
14.64,-58.56,-73.2,24.4,43.92,-68.32,92.72,58.56,-82.96,58.56,204.96,97.6
9.76,-48.8,-58.56,19.52,34.16,-53.68,117.12,58.56,-82.96,53.68,190.32,87.84
24.4,-29.28,-53.68,4.88,39.04,-43.92,82.96,53.68,-82.96,48.8,185.44,82.96
4.88,-34.16,-39.04,14.64,19.52,-39.04,87.84,58.56,-82.96,53.68,195.2,73.2
-24.4,-29.28,-4.88,29.28,-9.76,-19.52,97.6,63.44,-58.56,68.32,204.96,78.08
4.88,-29.28,-34.16,14.64,19.52,-34.16,107.36,63.44,-58.56,68.32,204.96,78.08
29.28,-48.8,-78.08,9.76,53.68,-63.44,97.6,53.68,-73.2,63.44,195.2,63.44
29.28,-43.92,-73.2,9.76,48.8,-58.56,87.84,63.44,-78.08,73.2,200.08,63.44
14.64,-39.04,-53.68,14.64,34.16,-48.8,97.6,63.44,-78.08,78.08,204.96,73.2
-9.76,-39.04,-29.28,24.4,9.76,-34.16,112.24,63.44,-82.96,73.2,195.2,68.32
4.88,-24.4,-29.28,9.76,14.64,-29.28,92.72,58.56,-82.96,73.2,200.08,58.56
4.88,-19.52,-24.4,9.76,14.64,-24.4,102.48,53.68,-92.72,58.56,185.44,48.8
9.76,-14.64,-24.4,4.88,14.64,-19.52,102.48,58.56,-107.36,53.68,175.68,39.04
14.64,-4.88,-19.52,-4.88,14.64,-14.64,92.72,58.56,-107.36,53.68,170.8,48.8
4.88,-9.76,-14.64,4.88,9.76,-14.64,92.72,58.56,-112.24,39.04,156.16,39.04
9.76,-14.64,-24.4,4.88,14.64,-19.52,97.6,63.44,-112.24,34.16,141.52,39.04
29.28,-4.88,-34.16,-9.76,29.28,-19.52,92.72,58.56,-112.24,43.92,146.4,43.92
53.68,4.88,-48.8,-29.28,48.8,-24.4,117.12,53.68,-117.12,43.92,151.28,58.56
58.56,14.64,-43.92,-34.16,48.8,-14.64,117.12,58.56,-117.12,53.68,170.8,82.96
29.28,0,-29.28,-14.64,29.28,-14.64,112.24,68.32,-112.24,58.56,180.56,92.72
4.88,4.88,0,-4.88,0,0,117.12,53.68,-122,48.8,185.44,82.96
-4.88,4.88,9.76,0,-9.76,4.88,112.24,48.8,-122,48.8,185.44,78.08
0,4.88,4.88,0,-4.88,4.88,102.48,43.92,-126.88,39.04,175.68,63.44
19.52,19.52,0,-19.52,9.76,9.76,102.48,43.92,-131.76,24.4,151.28,48.8
14.64,34.16,19.52,-24.4,-4.88,24.4,126.88,34.16,-146.4,14.64,136.64,43.92
24.4,29.28,4.88,-24.4,9.76,14.64,97.6,29.28,-156.16,4.88,117.12,29.28
34.16,43.92,9.76,-39.04,9.76,24.4,92.72,24.4,-161.04,4.88,131.76,29.28
24.4,39.04,14.64,-29.28,4.88,24.4,97.6,19.52,-156.16,0,122,14.64
34.16,39.04,4.88,-34.16,14.64,19.52,102.48,34.16,-151.28,0,122,14.64
19.52,24.4,4.88,-19.52,4.88,14.64,107.36,34.16,-165.92,4.88,131.76,29.28
-39.04,14.64,53.68,14.64,-48.8,34.16,117.12,29.28,-170.8,4.88,141.52,34.16
-24.4,39.04,63.44,-4.88,-43.92,48.8,112.24,24.4,-165.92,0,131.76,29.28
-34.16,39.04,73.2,0,-53.68,53.68,126.88,43.92,-161.04,-4.88,112.24,34.16
-39.04,14.64,53.68,14.64,-48.8,34.16,141.52,43.92,-156.16,-4.88,112.24,39.04
-9.76,14.64,24.4,0,-19.52,19.52,131.76,39.04,-165.92,-4.88,122,53.68
0,14.64,14.64,-4.88,-9.76,14.64,112.24,29.28,-175.68,-14.64,112.24,48.8
14.64,24.4,9.76,-19.52,0,14.64,97.6,19.52,-185.44,-14.64,117.12,43.92
24.4,48.8,24.4,-34.16,0,34.16,97.6,9.76,-185.44,-9.76,126.88,43.92
43.92,39.04,-4.88,-39.04,24.4,14.64,102.48,4.88,-200.08,-19.52,117.12,34.16
43.92,48.8,4.88,-43.92,19.52,24.4,97.6,4.88,-204.96,-34.16,97.6,19.52
48.8,53.68,4.88,-48.8,19.52,29.28,97.6,0,-214.72,-48.8,78.08,4.88
43.92,63.44,19.52,-53.68,9.76,39.04,97.6,0,-204.96,-43.92,73.2,0
9.76,63.44,53.68,-34.16,-24.4,58.56,131.76,19.52,-185.44,-24.4,97.6,19.52
19.52,53.68,34.16,-34.16,-9.76,43.92,122,14.64,-190.32,-29.28,87.84,9.76
48.8,39.04,-9.76,-43.92,29.28,14.64,117.12,9.76,-200.08,-34.16,82.96,0
29.28,29.28,0,-29.28,14.64,14.64,117.12,14.64,-190.32,-34.16,82.96,-4.88
4.88,29.28,24.4,-14.64,-9.76,24.4,112.24,4.88,-209.84,-34.16,82.96,-4.88
19.52,29.28,9.76,-24.4,4.88,19.52,117.12,-4.88,-209.84,-43.92,78.08,-4.88
9.76,19.52,9.76,-14.64,0,14.64,107.36,-9.76,-219.6,-43.92,82.96,-4.88
19.52,24.4,4.88,-19.52,4.88,14.64,97.6,-14.64,-229.36,-48.8,82.96,0
24.4,34.16,9.76,-29.28,4.88,19.52,97.6,-14.64,-224.48,-48.8,92.72,0
4.88,43.92,39.04,-24.4,-19.52,39.04,92.72,-14.64,-224.48,-53.68,78.08,4.88
-9.76,43.92,53.68,-14.64,-34.16,48.8,102.48,-9.76,-219.6,-48.8,68.32,9.76
0,39.04,39.04,-19.52,-19.52,39.04,112.24,-9.76,-229.36,-58.56,53.68,-4.88
9.76,39.04,29.28,-24.4,-9.76,34.16,102.48,-14.64,-224.48,-53.68,63.44,-4.88
39.04,39.04,0,-39.04,19.52,19.52,102.48,-14.64,-229.36,-53.68,73.2,-4.88
24.4,34.16,9.76,-29.28,4.88,19.52,117.12,-19.52,-239.12,-58.56,73.2,-9.76
9.76,39.04,29.28,-24.4,-9.76,34.16,112.24,-24.4,-244,-73.2,58.56,-24.4
4.88,39.04,34.16,-19.52,-14.64,34.16,112.24,-14.64,-244,-68.32,58.56,-19.52
0,29.28,29.28,-14.64,-14.64,29.28,107.36,-19.52,-244,-73.2,53.68,-24.4
9.76,43.92,34.16,-24.4,-14.64,39.04,102.48,-29.28,-253.76,-78.08,48.8,-29.28
19.52,48.8,29.28,-34.16,-4.88,39.04,102.48,-24.4,-248.88,-82.96,43.92,-24.4
39.04,48.8,9.76,-43.92,14.64,29.28,92.72,-24.4,-244,-78.08,39.04,-14.64
68.32,43.92,-24.4,-53.68,43.92,9.76,82.96,-34.16,-258.64,-87.84,34.16,-34.16
53.68,34.16,-19.52,-43.92,34.16,4.88,82.96,-34.16,-258.64,-82.96,43.92,-34.16
34.16,29.28,-4.88,-29.28,19.52,9.76,92.72,-24.4,-239.12,-68.32,58.56,-19.52
24.4,48.8,24.4,-34.16,0,34.16,107.36,-4.88,-229.36,-43.92,78.08,0
-14.64,48.8,63.44,-14.64,-39.04,53.68,117.12,0,-219.6,-48.8,82.96,4.88
-14.64,53.68,68.32,-19.52,-43.92,58.56,97.6,-19.52,-244,-73.2,63.44,-19.52
4.88,53.68,48.8,-29.28,-24.4,48.8,102.48,-19.52,-248.88,-78.08,53.68,-34.16
4.88,43.92,39.04,-24.4,-19.52,39.04,112.24,-24.4,-248.88,-73.2,58.56,-29.28
-4.88,34.16,39.04,-14.64,-24.4,34.16,122,-9.76,-229.36,-63.44,73.2,0
19.52,34.16,14.64,-24.4,0,24.4,107.36,-19.52,-239.12,-73.2,63.44,-4.88
34.16,39.04,4.88,-34.16,14.64,19.52,112.24,-24.4,-248.88,-73.2,58.56,-24.4
19.52,48.8,29.28,-34.16,-4.88,39.04,112.24,-19.52,-248.88,-68.32,63.44,-24.4
-4.88,34.16,39.04,-14.64,-24.4,34.16,122,-14.64,-239.12,-73.2,48.8,-34.16
-9.76,29.28,39.04,-9.76,-24.4,34.16,126.88,-4.88,-244,-68.32,43.92,-39.04
-14.64,34.16,48.8,-9.76,-34.16,39.04,126.88,0,-239.12,-68.32,43.92,-29.28
-14.64,53.68,68.32,-19.52,-43.92,58.56,107.36,-9.76,-239.12,-68.32,48.8,-19.52
9.76,48.8,39.04,-29.28,-14.64,43.92,97.6,-14.64,-253.76,-78.08,43.92,-14.64
24.4,39.04,14.64,-29.28,4.88,24.4,107.36,-24.4,-263.52,-87.84,29.28,-19.52
24.4,29.28,4.88,-24.4,9.76,14.64,112.24,-29.28,-258.64,-87.84,24.4,-19.52
24.4,43.92,19.52,-34.16,0,29.28,97.6,-24.4,-258.64,-78.08,39.04,-9.76
-14.64,53.68,68.32,-19.52,-43.92,58.56,102.48,-4.88,-239.12,-58.56,58.56,0
19.52,53.68,34.16,-34.16,-9.76,43.92,87.84,-29.28,-248.88,-73.2,39.04,-39.04
34.16,53.68,19.52,-43.92,4.88,34.16,73.2,-34.16,-248.88,-82.96,19.52,-68.32
4.88,53.68,48.8,-29.28,-24.4,48.8,87.84,-14.64,-253.76,-63.44,34.16,-58.56
9.76,48.8,39.04,-29.28,-14.64,43.92,102.48,-4.88,-248.88,-73.2,34.16,-39.04
0,53.68,53.68,-24.4,-29.28,53.68,102.48,-9.76,-244,-82.96,19.52,-39.04
-14.64,53.68,68.32,-19.52,-43.92,58.56,112.24,0,-224.48,-63.44,39.04,-14.64
9.76,53.68,43.92,-29.28,-19.52,48.8,97.6,-9.76,-239.12,-73.2,29.28,-19.52
9.76,39.04,29.28,-24.4,-9.76,34.16,92.72,-19.52,-258.64,-97.6,0,-39.04
9.76,39.04,29.28,-24.4,-9.76,34.16,97.6,-9.76,-258.64,-97.6,-4.88,-39.04
0,34.16,34.16,-14.64,-19.52,34.16,97.6,-9.76,-253.76,-87.84,4.88,-29.28
4.88,34.16,29.28,-19.52,-14.64,29.28,92.72,-9.76,-229.36,-82.96,19.52,-24.4
43.92,43.92,0,-43.92,19.52,19.52,82.96,-14.64,-234.24,-78.08,34.16,-19.52
43.92,58.56,14.64,-48.8,14.64,34.16,78.08,-19.52,-258.64,-78.08,39.04,-24.4
39.04,73.2,34.16,-53.68,0,53.68,73.2,-39.04,-278.16,-102.48,9.76,-43.92
39.04,68.32,29.28,-53.68,4.88,48.8,82.96,-34.16,-273.28,-92.72,9.76,-39.04
9.76,58.56,48.8,-34.16,-19.52,53.68,78.08,-34.16,-253.76,-92.72,4.88,-48.8
24.4,68.32,43.92,-43.92,-9.76,53.68,78.08,-34.16,-268.4,-107.36,-9.76,-58.56
24.4,53.68,29.28,-39.04,-4.88,39.04,87.84,-24.4,-263.52,-107.36,-14.64,-43.92
14.64,43.92,29.28,-29.28,-9.76,34.16,92.72,-9.76,-244,-82.96,9.76,-19.52
19.52,53.68,34.16,-34.16,-9.76,43.92,92.72,-4.88,-234.24,-73.2,24.4,-9.76
0,48.8,48.8,-24.4,-24.4,48.8,87.84,-9.76,-234.24,-68.32,34.16,-9.76
-14.64,34.16,48.8,-9.76,-34.16,39.04,97.6,-9.76,-234.24,-68.32,34.16,-14.64
19.52,48.8,29.28,-34.16,-4.88,39.04,87.84,-24.4,-258.64,-92.72,0,-43.92
29.28,39.04,9.76,-34.16,9.76,24.4,73.2,-24.4,-258.64,-102.48,-9.76,-53.68
4.88,43.92,39.04,-24.4,-19.52,39.04,87.84,-9.76,-229.36,-87.84,0,-48.8
9.76,53.68,43.92,-29.28,-19.52,48.8,92.72,-4.88,-229.36,-78.08,19.52,-34.16
34.16,58.56,24.4,-43.92,4.88,39.04,97.6,-19.52,-239.12,-87.84,9.76,-34.16
43.92,68.32,24.4,-53.68,9.76,43.92,87.84,-14.64,-239.12,-102.48,-4.88,-34.16
24.4,58.56,34.16,-39.04,-4.88,43.92,92.72,-9.76,-234.24,-97.6,-14.64,-29.28
24.4,48.8,24.4,-34.16,0,34.16,97.6,-9.76,-229.36,-92.72,-9.76,-24.4
19.52,53.68,34.16,-34.16,-9.76,43.92,102.48,-4.88,-219.6,-78.08,14.64,-9.76
14.64,48.8,34.16,-29.28,-9.76,39.04,107.36,-14.64,-219.6,-73.2,29.28,-9.76
14.64,53.68,39.04,-34.16,-14.64,43.92,102.48,-14.64,-214.72,-73.2,24.4,-9.76
-14.64,48.8,63.44,-14.64,-39.04,53.68,112.24,0,-204.96,-68.32,29.28,4.88
-43.92,48.8,92.72,0,-68.32,68.32,117.12,0,-209.84,-58.56,34.16,0
-24.4,68.32,92.72,-19.52,-58.56,78.08,107.36,-14.64,-214.72,-63.44,34.16,-9.76
0,78.08,78.08,-39.04,-39.04,78.08,97.6,-19.52,-219.6,-73.2,24.4,-29.28
0,73.2,73.2,-34.16,-39.04,73.2,97.6,-14.64,-219.6,-92.72,0,-34.16
0,63.44,63.44,-29.28,-34.16,63.44,107.36,-14.64,-214.72,-87.84,-4.88,-43.92
9.76,53.68,43.92,-29.28,-19.52,48.8,102.48,-19.52,-219.6,-87.84,-4.88,-39.04
14.64,48.8,34.16,-29.28,-9.76,39.04,107.36,-14.64,-214.72,-73.2,14.64,-39.04
-4.88,48.8,53.68,-19.52,-29.28,48.8,102.48,-19.52,-209.84,-82.96,0,-39.04
4.88,43.92,39.04,-24.4,-19.52,39.04,87.84,-29.28,-234.24,-97.6,-19.52,-53.68
19.52,43.92,24.4,-29.28,-4.88,34.16,87.84,-24.4,-219.6,-87.84,0,-43.92
9.76,43.92,34.16,-24.4,-14.64,39.04,107.36,-4.88,-195.2,-63.44,14.64,-34.16
-4.88,63.44,68.32,-29.28,-39.04,63.44,112.24,4.88,-180.56,-68.32,0,-48.8
19.52,82.96,63.44,-48.8,-24.4,73.2,122,4.88,-165.92,-53.68,4.88,-53.68
19.52,82.96,63.44,-48.8,-24.4,73.2,117.12,24.4,-131.76,-9.76,53.68,-29.28
19.52,82.96,63.44,-48.8,-24.4,73.2,136.64,48.8,-92.72,43.92,107.36,-14.64
9.76,82.96,73.2,-43.92,-34.16,78.08,141.52,78.08,-24.4,126.88,180.56,29.28
4.88,92.72,87.84,-48.8,-43.92,87.84,131.76,122,73.2,258.64,322.08,126.88
24.4,126.88,102.48,-73.2,-39.04,112.24,131.76,131.76,161.04,414.8,527.04,278.16
73.2,165.92,92.72,-117.12,-9.76,126.88,97.6,107.36,175.68,527.04,746.64,424.56
107.36,200.08,92.72,-151.28,4.88,146.4,43.92,48.8,170.8,624.64,985.76,590.48
117.12,248.88,131.76,-180.56,-9.76,190.32,0,-39.04,131.76,688.08,1239.52,775.92
170.8,297.68,126.88,-234.24,19.52,209.84,-73.2,-146.4,68.32,736.88,1483.52,980.88
234.24,375.76,141.52,-302.56,43.92,258.64,-156.16,-278.16,-39.04,736.88,1712.88,1185.84
258.64,419.68,161.04,-336.72,48.8,287.92,-224.48,-395.28,-165.92,722.24,1917.84,1381.04
287.92,444.08,156.16,-366,63.44,297.68,-292.8,-507.52,-273.28,702.72,2088.64,1556.72
292.8,448.96,156.16,-370.88,68.32,302.56,-336.72,-580.72,-375.76,629.52,2093.52,1629.92
307.44,429.44,122,-366,92.72,273.28,-370.88,-668.56,-566.08,405.04,1849.52,1522.56
302.56,414.8,112.24,-356.24,92.72,263.52,-385.52,-780.8,-800.32,73.2,1429.84,1288.32
253.76,409.92,156.16,-331.84,48.8,283.04,-380.64,-878.4,-1054.08,-312.32,902.8,985.76
170.8,414.8,244,-292.8,-39.04,326.96,-361.12,-976,-1293.2,-697.84,400.16,712.48
63.44,414.8,351.36,-239.12,-146.4,380.64,-341.6,-1054.08,-1493.28,-1058.96,-34.16,478.24
-43.92,370.88,414.8,-161.04,-229.36,390.4,-322.08,-1137.04,-1722.64,-1468.88,-507.52,200.08
-97.6,351.36,448.96,-126.88,-273.28,400.16,-287.92,-1146.8,-1830,-1678.72,-800.32,4.88
-78.08,317.2,395.28,-117.12,-239.12,356.24,-253.76,-1093.12,-1800.72,-1708,-936.96,-141.52
-73.2,234.24,307.44,-78.08,-190.32,268.4,-224.48,-1024.8,-1727.52,-1668.96,-1000.4,-248.88
-78.08,175.68,253.76,-48.8,-165.92,214.72,-180.56,-946.72,-1668.96,-1605.52,-1010.16,-297.68
-107.36,141.52,248.88,-14.64,-180.56,195.2,-131.76,-883.28,-1625.04,-1556.72,-1019.92,-346.48
-122,68.32,190.32,29.28,-156.16,126.88,-82.96,-834.48,-1581.12,-1517.68,-1034.56,-414.8
-82.96,-19.52,63.44,53.68,-73.2,19.52,-24.4,-756.4,-1507.92,-1454.24,-1039.44,-488
-122,-87.84,34.16,107.36,-78.08,-29.28,53.68,-683.2,-1420.08,-1361.52,-1000.4,-517.28
-161.04,-122,39.04,141.52,-102.48,-43.92,92.72,-619.76,-1317.6,-1278.56,-951.6,-551.44
-151.28,-141.52,9.76,146.4,-82.96,-68.32,131.76,-531.92,-1200.48,-1185.84,-902.8,-551.44
-165.92,-146.4,19.52,156.16,-92.72,-63.44,170.8,-444.08,-1073.6,-1054.08,-810.08,-507.52
-175.68,-131.76,43.92,156.16,-112.24,-43.92,195.2,-361.12,-971.12,-932.08,-702.72,-458.72
-175.68,-87.84,87.84,131.76,-131.76,0,185.44,-322.08,-878.4,-844.24,-644.16,-424.56
-165.92,-82.96,82.96,126.88,-126.88,0,156.16,-287.92,-780.8,-727.12,-541.68,-351.36
-92.72,-68.32,24.4,82.96,-58.56,-24.4,107.36,-258.64,-688.08,-610,-448.96,-297.68
-58.56,-68.32,-9.76,63.44,-24.4,-39.04,78.08,-209.84,-590.48,-507.52,-366,-258.64
-63.44,-82.96,-19.52,73.2,-24.4,-53.68,92.72,-151.28,-517.28,-424.56,-292.8,-219.6
-53.68,-68.32,-14.64,63.44,-19.52,-43.92,87.84,-102.48,-448.96,-366,-248.88,-204.96
-29.28,-48.8,-19.52,39.04,-4.88,-34.16,97.6,-73.2,-370.88,-312.32,-219.6,-195.2
-34.16,-34.16,0,34.16,-19.52,-19.52,92.72,-63.44,-331.84,-268.4,-175.68,-175.68
-14.64,-14.64,0,14.64,-9.76,-9.76,92.72,-43.92,-297.68,-224.48,-151.28,-151.28
-19.52,9.76,29.28,4.88,-24.4,19.52,92.72,-29.28,-258.64,-185.44,-122,-126.88
-48.8,34.16,82.96,9.76,-68.32,58.56,112.24,0,-204.96,-141.52,-78.08,-92.72
-53.68,29.28,82.96,14.64,-68.32,53.68,122,4.88,-170.8,-117.12,-68.32,-82.96
-14.64,29.28,43.92,-4.88,-29.28,34.16,112.24,0,-165.92,-97.6,-68.32,-92.72
-4.88,19.52,24.4,-4.88,-14.64,19.52,112.24,14.64,-170.8,-92.72,-53.68,-87.84
-4.88,9.76,14.64,0,-9.76,9.76,122,4.88,-161.04,-82.96,-43.92,-73.2
-14.64,24.4,39.04,-4.88,-29.28,29.28,122,14.64,-141.52,-53.68,0,-39.04
-29.28,43.92,73.2,-4.88,-53.68,58.56,107.36,29.28,-102.48,-29.28,29.28,-14.64
-19.52,48.8,68.32,-14.64,-43.92,58.56,107.36,24.4,-107.36,-24.4,34.16,-14.64
0,63.44,63.44,-29.28,-34.16,63.44,107.36,24.4,-107.36,-34.16,24.4,-19.52
4.88,68.32,63.44,-34.16,-29.28,63.44,87.84,19.52,-112.24,-43.92,0,-39.04
4.88,78.08,73.2,-39.04,-34.16,73.2,97.6,24.4,-107.36,-39.04,4.88,-39.04
0,63.44,63.44,-29.28,-34.16,63.44,87.84,29.28,-97.6,-24.4,9.76,-34.16
-19.52,39.04,58.56,-9.76,-39.04,48.8,82.96,14.64,-112.24,-24.4,-4.88,-48.8
-34.16,39.04,73.2,0,-53.68,53.68,92.72,24.4,-87.84,-4.88,14.64,-29.28
-53.68,34.16,87.84,9.76,-73.2,58.56,117.12,43.92,-63.44,19.52,48.8,9.76
-53.68,34.16,87.84,9.76,-73.2,58.56,107.36,39.04,-82.96,19.52,58.56,14.64
-9.76,43.92,53.68,-14.64,-34.16,48.8,87.84,19.52,-97.6,4.88,43.92,0
14.64,43.92,29.28,-29.28,-9.76,34.16,73.2,9.76,-102.48,-14.64,24.4,-19.52
29.28,48.8,19.52,-39.04,4.88,34.16,78.08,19.52,-97.6,-14.64,19.52,-24.4
29.28,53.68,24.4,-39.04,0,39.04,87.84,34.16,-78.08,-4.88,29.28,-14.64
14.64,48.8,34.16,-29.28,-9.76,39.04,82.96,39.04,-68.32,4.88,34.16,-14.64
-4.88,29.28,34.16,-9.76,-19.52,29.28,92.72,58.56,-53.68,19.52,39.04,-14.64
0,24.4,24.4,-9.76,-14.64,24.4,102.48,53.68,-63.44,24.4,34.16,-34.16
14.64,58.56,43.92,-34.16,-14.64,48.8,82.96,34.16,-58.56,24.4,39.04,-39.04
9.76,63.44,53.68,-34.16,-24.4,58.56,87.84,39.04,-53.68,48.8,63.44,-24.4
-19.52,58.56,78.08,-19.52,-48.8,68.32,112.24,48.8,-48.8,53.68,68.32,-24.4
0,63.44,63.44,-29.28,-34.16,63.44,107.36,43.92,-58.56,34.16,48.8,-24.4
9.76,78.08,68.32,-43.92,-29.28,73.2,92.72,48.8,-48.8,39.04,63.44,-9.76
0,68.32,68.32,-34.16,-34.16,68.32,102.48,58.56,-39.04,34.16,63.44,4.88
4.88,58.56,53.68,-29.28,-24.4,53.68,97.6,58.56,-43.92,29.28,53.68,9.76
19.52,53.68,34.16,-34.16,-9.76,43.92,97.6,58.56,-39.04,29.28,48.8,0
19.52,53.68,34.16,-34.16,-9.76,43.92,92.72,58.56,-34.16,34.16,43.92,-9.76
4.88,68.32,63.44,-34.16,-29.28,63.44,112.24,82.96,0,68.32,78.08,9.76
-14.64,73.2,87.84,-29.28,-53.68,78.08,122,87.84,-4.88,82.96,97.6,24.4
-9.76,73.2,82.96,-29.28,-48.8,78.08,112.24,87.84,-4.88,87.84,107.36,29.28
-14.64,78.08,92.72,-29.28,-53.68,82.96,107.36,87.84,-4.88,82.96,107.36,24.4
-4.88,78.08,82.96,-34.16,-43.92,78.08,97.6,82.96,-14.64,68.32,97.6,9.76
9.76,78.08,68.32,-43.92,-29.28,73.2,92.72,78.08,-9.76,58.56,87.84,0
-9.76,82.96,92.72,-34.16,-53.68,87.84,92.72,87.84,4.88,58.56,82.96,4.88
-24.4,87.84,112.24,-29.28,-68.32,97.6,117.12,107.36,14.64,78.08,92.72,14.64
4.88,87.84,82.96,-43.92,-39.04,82.96,117.12,107.36,19.52,78.08,87.84,14.64
34.16,78.08,43.92,-53.68,-4.88,58.56,102.48,92.72,9.76,73.2,78.08,4.88
9.76,78.08,68.32,-43.92,-29.28,73.2,107.36,102.48,19.52,82.96,87.84,14.64
-4.88,82.96,87.84,-39.04,-48.8,82.96,107.36,112.24,34.16,102.48,107.36,24.4
19.52,73.2,53.68,-43.92,-19.52,63.44,102.48,102.48,34.16,97.6,102.48,14.64
39.04,78.08,39.04,-58.56,0,58.56,92.72,102.48,39.04,102.48,102.48,4.88
9.76,73.2,63.44,-39.04,-29.28,68.32,102.48,112.24,48.8,102.48,112.24,14.64
-14.64,87.84,102.48,-34.16,-58.56,92.72,102.48,117.12,63.44,102.48,117.12,19.52
0,97.6,97.6,-48.8,-48.8,97.6,92.72,112.24,53.68,92.72,102.48,9.76
14.64,92.72,78.08,-53.68,-34.16,82.96,87.84,112.24,58.56,97.6,97.6,14.64
19.52,82.96,63.44,-48.8,-24.4,73.2,102.48,117.12,73.2,107.36,112.24,19.52
14.64,73.2,58.56,-43.92,-24.4,63.44,102.48,126.88,82.96,126.88,117.12,19.52
14.64,82.96,68.32,-48.8,-29.28,73.2,92.72,122,78.08,126.88,117.12,9.76
19.52,87.84,68.32,-53.68,-24.4,78.08,87.84,122,82.96,141.52,131.76,14.64
24.4,87.84,63.44,-53.68,-19.52,73.2,92.72,126.88,87.84,156.16,151.28,24.4
9.76,92.72,82.96,-48.8,-39.04,87.84,102.48,131.76,97.6,170.8,165.92,29.28
-19.52,82.96,102.48,-29.28,-63.44,92.72,102.48,146.4,107.36,175.68,170.8,39.04
-34.16,82.96,117.12,-24.4,-78.08,97.6,102.48,151.28,122,180.56,165.92,43.92
9.76,97.6,87.84,-53.68,-39.04,92.72,102.48,151.28,117.12,170.8,151.28,39.04
14.64,97.6,82.96,-53.68,-34.16,87.84,92.72,151.28,122,161.04,146.4,39.04
-4.88,78.08,82.96,-34.16,-43.92,78.08,92.72,156.16,131.76,170.8,146.4,39.04
24.4,82.96,58.56,-53.68,-19.52,68.32,82.96,156.16,136.64,185.44,151.28,34.16
24.4,92.72,68.32,-58.56,-24.4,78.08,102.48,170.8,161.04,214.72,180.56,53.68
-9.76,92.72,102.48,-39.04,-58.56,97.6,107.36,190.32,180.56,239.12,204.96,68.32
-29.28,102.48,131.76,-34.16,-82.96,117.12,126.88,200.08,204.96,253.76,214.72,87.84
0,97.6,97.6,-48.8,-48.8,97.6,107.36,185.44,195.2,248.88,204.96,73.2
19.52,107.36,87.84,-63.44,-34.16,97.6,102.48,185.44,185.44,244,204.96,68.32
24.4,117.12,92.72,-68.32,-34.16,102.48,102.48,195.2,200.08,253.76,209.84,73.2
29.28,112.24,82.96,-68.32,-29.28,97.6,92.72,195.2,219.6,253.76,209.84,63.44
34.16,112.24,78.08,-73.2,-24.4,92.72,87.84,204.96,224.48,258.64,204.96,63.44
14.64,102.48,87.84,-58.56,-39.04,92.72,97.6,214.72,229.36,268.4,204.96,58.56
19.52,97.6,78.08,-58.56,-29.28,87.84,97.6,219.6,248.88,283.04,204.96,58.56
43.92,102.48,58.56,-73.2,-9.76,78.08,97.6,219.6,248.88,302.56,214.72,58.56
34.16,102.48,68.32,-68.32,-19.52,82.96,97.6,224.48,263.52,312.32,229.36,63.44
43.92,102.48,58.56,-73.2,-9.76,78.08,107.36,234.24,273.28,331.84,244,78.08
63.44,97.6,34.16,-78.08,14.64,63.44,102.48,239.12,283.04,351.36,258.64,92.72
68.32,102.48,34.16,-82.96,14.64,68.32,87.84,244,292.8,356.24,263.52,92.72
58.56,112.24,53.68,-82.96,0,82.96,102.48,258.64,312.32,366,263.52,102.48
53.68,122,68.32,-87.84,-9.76,92.72,97.6,278.16,326.96,375.76,273.28,107.36
68.32,107.36,39.04,-87.84,14.64,73.2,92.72,283.04,346.48,390.4,283.04,112.24
34.16,97.6,63.44,-63.44,-14.64,78.08,102.48,307.44,380.64,419.68,307.44,126.88
29.28,112.24,82.96,-68.32,-29.28,97.6,97.6,307.44,385.52,424.56,307.44,126.88
68.32,131.76,63.44,-97.6,0,97.6,97.6,302.56,395.28,439.2,307.44,117.12
43.92,136.64,92.72,-87.84,-24.4,112.24,112.24,331.84,429.44,483.12,346.48,146.4
4.88,141.52,136.64,-73.2,-68.32,136.64,112.24,341.6,453.84,507.52,366,165.92
-4.88,146.4,151.28,-68.32,-78.08,146.4,117.12,361.12,473.36,531.92,395.28,180.56
9.76,141.52,131.76,-73.2,-63.44,136.64,112.24,375.76,478.24,536.8,395.28,175.68
14.64,131.76,117.12,-73.2,-53.68,122,126.88,395.28,517.28,556.32,400.16,195.2
34.16,141.52,107.36,-87.84,-39.04,122,126.88,405.04,527.04,566.08,405.04,195.2
68.32,141.52,73.2,-102.48,-4.88,107.36,112.24,400.16,536.8,570.96,400.16,185.44
97.6,146.4,48.8,-122,24.4,97.6,112.24,405.04,566.08,585.6,405.04,180.56
97.6,151.28,53.68,-122,19.52,102.48,107.36,414.8,570.96,595.36,409.92,180.56
87.84,146.4,58.56,-117.12,14.64,102.48,117.12,429.44,575.84,619.76,424.56,185.44
97.6,146.4,48.8,-122,24.4,97.6,107.36,434.32,580.72,639.28,444.08,190.32
82.96,141.52,58.56,-112.24,9.76,97.6,112.24,434.32,585.6,649.04,453.84,200.08
73.2,141.52,68.32,-107.36,0,102.48,107.36,444.08,600.24,668.56,468.48,209.84
78.08,151.28,73.2,-112.24,0,112.24,117.12,453.84,619.76,673.44,473.36,209.84
87.84,161.04,73.2,-122,4.88,117.12,107.36,458.72,639.28,678.32,468.48,214.72
107.36,170.8,63.44,-136.64,19.52,117.12,107.36,478.24,629.52,678.32,473.36,209.84
97.6,161.04,63.44,-126.88,14.64,112.24,102.48,483.12,658.8,692.96,473.36,209.84
97.6,151.28,53.68,-122,19.52,102.48,122,488,658.8,697.84,463.6,209.84
136.64,161.04,24.4,-146.4,53.68,92.72,131.76,492.88,673.44,702.72,468.48,209.84
165.92,170.8,4.88,-165.92,78.08,87.84,107.36,492.88,683.2,717.36,468.48,204.96
165.92,170.8,4.88,-165.92,78.08,87.84,112.24,512.4,673.44,727.12,492.88,214.72
107.36,180.56,73.2,-141.52,14.64,126.88,146.4,536.8,692.96,761.28,517.28,248.88
19.52,151.28,131.76,-82.96,-58.56,141.52,146.4,541.68,707.6,771.04,531.92,263.52
9.76,146.4,136.64,-78.08,-63.44,141.52,136.64,536.8,692.96,756.4,522.16,253.76
34.16,151.28,117.12,-92.72,-43.92,131.76,136.64,531.92,683.2,746.64,522.16,263.52
73.2,165.92,92.72,-117.12,-9.76,126.88,126.88,527.04,673.44,727.12,507.52,253.76
122,165.92,43.92,-141.52,39.04,102.48,131.76,507.52,658.8,702.72,463.6,224.48
112.24,156.16,43.92,-131.76,34.16,97.6,131.76,507.52,663.68,692.96,448.96,219.6
87.84,151.28,63.44,-117.12,9.76,107.36,126.88,517.28,658.8,702.72,458.72,234.24
92.72,161.04,68.32,-126.88,9.76,112.24,131.76,522.16,663.68,707.6,458.72,229.36
107.36,156.16,48.8,-131.76,29.28,102.48,122,497.76,644.16,688.08,448.96,214.72
126.88,156.16,29.28,-141.52,48.8,92.72,122,483.12,610,673.44,439.2,209.84
131.76,136.64,4.88,-131.76,63.44,68.32,112.24,468.48,595.36,653.92,429.44,204.96
107.36,146.4,39.04,-126.88,34.16,92.72,102.48,453.84,570.96,639.28,419.68,200.08
97.6,156.16,58.56,-126.88,19.52,107.36,107.36,448.96,551.44,629.52,419.68,204.96
107.36,161.04,53.68,-131.76,24.4,107.36,102.48,444.08,531.92,600.24,395.28,195.2
102.48,156.16,53.68,-126.88,24.4,102.48,97.6,424.56,512.4,570.96,375.76,185.44
82.96,156.16,73.2,-117.12,4.88,112.24,102.48,414.8,502.64,556.32,356.24,170.8
82.96,156.16,73.2,-117.12,4.88,112.24,102.48,400.16,488,541.68,346.48,161.04
82.96,161.04,78.08,-122,0,117.12,107.36,390.4,463.6,527.04,336.72,161.04
92.72,146.4,53.68,-117.12,19.52,97.6,107.36,366,429.44,502.64,322.08,151.28
107.36,136.64,29.28,-122,39.04,82.96,102.48,351.36,390.4,473.36,302.56,141.52
92.72,141.52,48.8,-117.12,19.52,92.72,92.72,336.72,370.88,453.84,292.8,136.64
73.2,131.76,58.56,-102.48,4.88,92.72,92.72,326.96,361.12,429.44,283.04,126.88
78.08,122,43.92,-97.6,14.64,82.96,92.72,302.56,317.2,390.4,263.52,122
68.32,122,53.68,-92.72,4.88,87.84,87.84,278.16,273.28,356.24,229.36,107.36
39.04,107.36,68.32,-73.2,-14.64,87.84,87.84,273.28,263.52,331.84,214.72,97.6
19.52,112.24,92.72,-63.44,-39.04,102.48,92.72,258.64,263.52,307.44,195.2,87.84
14.64,102.48,87.84,-58.56,-39.04,92.72,92.72,234.24,219.6,287.92,165.92,78.08
39.04,107.36,68.32,-73.2,-14.64,87.84,87.84,209.84,185.44,263.52,97.6,63.44
43.92,107.36,63.44,-73.2,-9.76,82.96,92.72,195.2,170.8,248.88,58.56,63.44
39.04,92.72,53.68,-63.44,-9.76,73.2,78.08,170.8,131.76,224.48,14.64,43.92
73.2,97.6,24.4,-82.96,24.4,58.56,73.2,146.4,97.6,190.32,-24.4,24.4
58.56,107.36,48.8,-82.96,4.88,78.08,92.72,141.52,87.84,175.68,-39.04,19.52
29.28,112.24,82.96,-68.32,-29.28,97.6,97.6,136.64,87.84,156.16,-48.8,19.52
24.4,102.48,78.08,-63.44,-29.28,87.84,87.84,117.12,68.32,136.64,-78.08,9.76
29.28,92.72,63.44,-58.56,-19.52,78.08,78.08,107.36,43.92,112.24,-102.48,-4.88
48.8,87.84,39.04,-68.32,4.88,63.44,73.2,87.84,19.52,92.72,-117.12,-14.64
43.92,92.72,48.8,-68.32,-4.88,68.32,87.84,78.08,9.76,78.08,-126.88,-9.76
14.64,82.96,68.32,-48.8,-29.28,73.2,97.6,78.08,0,73.2,-126.88,-9.76
-4.88,82.96,87.84,-39.04,-48.8,82.96,87.84,63.44,-14.64,68.32,-131.76,-9.76
-9.76,73.2,82.96,-29.28,-48.8,78.08,97.6,58.56,-29.28,53.68,-136.64,-9.76
-4.88,68.32,73.2,-29.28,-39.04,68.32,87.84,43.92,-48.8,39.04,-146.4,-24.4
9.76,73.2,63.44,-39.04,-29.28,68.32,97.6,43.92,-58.56,29.28,-165.92,-39.04
34.16,73.2,39.04,-53.68,-4.88,53.68,87.84,24.4,-78.08,-9.76,-190.32,-58.56
39.04,73.2,34.16,-53.68,0,53.68,78.08,9.76,-92.72,-24.4,-219.6,-63.44
9.76,63.44,53.68,-34.16,-24.4,58.56,87.84,19.52,-82.96,-24.4,-214.72,-63.44
-19.52,53.68,73.2,-14.64,-48.8,63.44,87.84,14.64,-82.96,-24.4,-219.6,-63.44
0,53.68,53.68,-24.4,-29.28,53.68,82.96,4.88,-97.6,-39.04,-224.48,-63.44
0,48.8,48.8,-24.4,-24.4,48.8,92.72,0,-107.36,-43.92,-234.24,-73.2
-9.76,24.4,34.16,-4.88,-24.4,29.28,82.96,-9.76,-112.24,-43.92,-229.36,-73.2
-4.88,24.4,29.28,-9.76,-19.52,24.4,82.96,-14.64,-122,-53.68,-224.48,-78.08
4.88,43.92,39.04,-24.4,-19.52,39.04,73.2,-29.28,-141.52,-73.2,-244,-87.84
-14.64,48.8,63.44,-14.64,-39.04,53.68,82.96,-24.4,-151.28,-78.08,-248.88,-92.72
-14.64,58.56,73.2,-19.52,-43.92,63.44,87.84,-24.4,-136.64,-78.08,-248.88,-92.72
-9.76,58.56,68.32,-24.4,-39.04,63.44,82.96,-34.16,-141.52,-87.84,-268.4,-97.6
-9.76,53.68,63.44,-19.52,-39.04,58.56,82.96,-34.16,-161.04,-107.36,-287.92,-107.36
-9.76,43.92,53.68,-14.64,-34.16,48.8,82.96,-39.04,-161.04,-117.12,-302.56,-117.12
-24.4,39.04,63.44,-4.88,-43.92,48.8,82.96,-43.92,-165.92,-117.12,-302.56,-126.88
-34.16,39.04,73.2,0,-53.68,53.68,92.72,-34.16,-156.16,-107.36,-292.8,-122
-19.52,39.04,58.56,-9.76,-39.04,48.8,87.84,-43.92,-156.16,-107.36,-297.68,-126.88
19.52,48.8,29.28,-34.16,-4.88,39.04,78.08,-48.8,-156.16,-112.24,-292.8,-131.76
24.4,58.56,34.16,-39.04,-4.88,43.92,82.96,-48.8,-151.28,-112.24,-287.92,-122
0,53.68,53.68,-24.4,-29.28,53.68,87.84,-43.92,-141.52,-112.24,-292.8,-122
-9.76,53.68,63.44,-19.52,-39.04,58.56,87.84,-39.04,-131.76,-107.36,-283.04,-112.24
-29.28,53.68,82.96,-9.76,-58.56,68.32,97.6,-39.04,-126.88,-112.24,-283.04,-97.6
-29.28,48.8,78.08,-9.76,-53.68,63.44,97.6,-34.16,-126.88,-122,-292.8,-102.48
0,68.32,68.32,-34.16,-34.16,68.32,97.6,-34.16,-122,-126.88,-302.56,-117.12
19.52,63.44,43.92,-39.04,-14.64,53.68,87.84,-43.92,-126.88,-126.88,-307.44,-122
4.88,53.68,48.8,-29.28,-24.4,48.8,82.96,-48.8,-131.76,-126.88,-307.44,-126.88
-24.4,48.8,73.2,-9.76,-48.8,58.56,92.72,-43.92,-117.12,-107.36,-283.04,-122
-63.44,43.92,107.36,9.76,-87.84,73.2,102.48,-39.04,-112.24,-97.6,-273.28,-112.24
-58.56,43.92,102.48,9.76,-82.96,73.2,97.6,-43.92,-131.76,-92.72,-268.4,-112.24
-24.4,48.8,73.2,-9.76,-48.8,58.56,87.84,-48.8,-141.52,-107.36,-278.16,-117.12
-24.4,58.56,82.96,-14.64,-53.68,68.32,87.84,-48.8,-141.52,-107.36,-268.4,-107.36
-43.92,73.2,117.12,-14.64,-82.96,92.72,102.48,-39.04,-122,-87.84,-253.76,-87.84
-24.4,63.44,87.84,-19.52,-58.56,73.2,97.6,-43.92,-126.88,-97.6,-268.4,-102.48
-4.88,63.44,68.32,-29.28,-39.04,63.44,92.72,-48.8,-126.88,-97.6,-273.28,-107.36
-9.76,63.44,73.2,-24.4,-43.92,68.32,92.72,-39.04,-102.48,-82.96,-253.76,-87.84
-14.64,78.08,92.72,-29.28,-53.68,82.96,87.84,-48.8,-102.48,-73.2,-258.64,-92.72
-4.88,78.08,82.96,-34.16,-43.92,78.08,82.96,-48.8,-107.36,-78.08,-258.64,-102.48
0,68.32,68.32,-34.16,-34.16,68.32,82.96,-53.68,-122,-78.08,-253.76,-97.6
9.76,68.32,58.56,-39.04,-24.4,63.44,78.08,-63.44,-131.76,-82.96,-248.88,-102.48
19.52,68.32,48.8,-43.92,-14.64,58.56,92.72,-58.56,-122,-73.2,-239.12,-87.84
34.16,73.2,39.04,-53.68,-4.88,53.68,78.08,-58.56,-117.12,-78.08,-239.12,-97.6
14.64,73.2,58.56,-43.92,-24.4,63.44,78.08,-58.56,-126.88,-78.08,-244,-92.72
-14.64,73.2,87.84,-29.28,-53.68,78.08,87.84,-48.8,-112.24,-63.44,-229.36,-82.96
-9.76,68.32,78.08,-29.28,-43.92,73.2,97.6,-48.8,-107.36,-63.44,-229.36,-87.84
34.16,82.96,48.8,-58.56,-9.76,63.44,97.6,-53.68,-107.36,-58.56,-234.24,-92.72
43.92,92.72,48.8,-68.32,-4.88,68.32,82.96,-53.68,-107.36,-53.68,-234.24,-97.6
24.4,82.96,58.56,-53.68,-19.52,68.32,78.08,-48.8,-97.6,-48.8,-219.6,-97.6
14.64,78.08,63.44,-43.92,-24.4,68.32,82.96,-53.68,-97.6,-39.04,-214.72,-82.96
9.76,73.2,63.44,-39.04,-29.28,68.32,82.96,-58.56,-102.48,-39.04,-214.72,-82.96
4.88,78.08,73.2,-39.04,-34.16,73.2,73.2,-53.68,-97.6,-29.28,-204.96,-78.08
-34.16,73.2,107.36,-19.52,-73.2,87.84,92.72,-39.04,-87.84,-24.4,-195.2,-68.32
-39.04,73.2,112.24,-14.64,-78.08,92.72,87.84,-39.04,-87.84,-29.28,-200.08,-63.44
-9.76,78.08,87.84,-34.16,-48.8,82.96,78.08,-34.16,-63.44,-24.4,-190.32,-63.44
0,92.72,92.72,-43.92,-48.8,92.72,78.08,-39.04,-53.68,-19.52,-195.2,-68.32
-4.88,82.96,87.84,-39.04,-48.8,82.96,78.08,-39.04,-48.8,-24.4,-195.2,-73.2
-9.76,73.2,82.96,-29.28,-48.8,78.08,87.84,-34.16,-39.04,-14.64,-190.32,-68.32
9.76,63.44,53.68,-34.16,-24.4,58.56,73.2,-48.8,-48.8,-14.64,-185.44,-78.08
34.16,68.32,34.16,-48.8,0,48.8,63.44,-53.68,-53.68,-24.4,-190.32,-73.2
48.8,82.96,34.16,-63.44,4.88,58.56,73.2,-58.56,-39.04,-29.28,-195.2,-78.08
48.8,82.96,34.16,-63.44,4.88,58.56,63.44,-58.56,-43.92,-29.28,-195.2,-78.08
48.8,82.96,34.16,-63.44,4.88,58.56,73.2,-53.68,-34.16,-29.28,-195.2,-78.08
39.04,73.2,34.16,-53.68,0,53.68,68.32,-58.56,-48.8,-43.92,-214.72,-78.08
29.28,48.8,19.52,-39.04,4.88,34.16,63.44,-68.32,-68.32,-53.68,-224.48,-97.6
19.52,34.16,14.64,-24.4,0,24.4,68.32,-63.44,-53.68,-43.92,-214.72,-87.84
19.52,48.8,29.28,-34.16,-4.88,39.04,58.56,-63.44,-53.68,-39.04,-214.72,-87.84
24.4,87.84,63.44,-53.68,-19.52,73.2,63.44,-53.68,-43.92,-29.28,-204.96,-82.96
0,78.08,78.08,-39.04,-39.04,78.08,78.08,-39.04,-24.4,-9.76,-185.44,-78.08
-19.52,78.08,97.6,-29.28,-58.56,87.84,87.84,-29.28,-24.4,0,-175.68,-73.2
0,82.96,82.96,-39.04,-43.92,82.96,87.84,-34.16,-34.16,-9.76,-180.56,-68.32
-24.4,82.96,107.36,-29.28,-68.32,92.72,97.6,-29.28,-29.28,-9.76,-180.56,-63.44
-9.76,82.96,92.72,-34.16,-53.68,87.84,92.72,-34.16,-24.4,-19.52,-185.44,-68.32
0,87.84,87.84,-43.92,-43.92,87.84,92.72,-34.16,-29.28,-29.28,-195.2,-63.44
-9.76,78.08,87.84,-34.16,-48.8,82.96,87.84,-34.16,-34.16,-34.16,-209.84,-63.44
-19.52,78.08,97.6,-29.28,-58.56,87.84,97.6,-29.28,-24.4,-29.28,-204.96,-63.44
9.76,73.2,63.44,-39.04,-29.28,68.32,92.72,-43.92,-29.28,-39.04,-214.72,-68.32
24.4,78.08,53.68,-48.8,-14.64,63.44,102.48,-43.92,-43.92,-34.16,-219.6,-73.2
39.04,87.84,48.8,-63.44,-4.88,68.32,92.72,-48.8,-43.92,-34.16,-219.6,-87.84
58.56,87.84,29.28,-73.2,14.64,58.56,87.84,-53.68,-53.68,-43.92,-219.6,-92.72
58.56,73.2,14.64,-63.44,19.52,43.92,87.84,-63.44,-48.8,-48.8,-219.6,-97.6
39.04,73.2,34.16,-53.68,0,53.68,82.96,-63.44,-68.32,-58.56,-229.36,-102.48
-9.76,73.2,82.96,-29.28,-48.8,78.08,102.48,-43.92,-53.68,-43.92,-219.6,-82.96
-9.76,78.08,87.84,-34.16,-48.8,82.96,117.12,-34.16,-48.8,-48.8,-219.6,-73.2
4.88,73.2,68.32,-39.04,-34.16,68.32,107.36,-39.04,-53.68,-48.8,-229.36,-82.96
4.88,82.96,78.08,-43.92,-39.04,78.08,92.72,-43.92,-48.8,-58.56,-244,-97.6
19.52,78.08,58.56,-48.8,-19.52,68.32,87.84,-48.8,-58.56,-58.56,-248.88,-92.72
19.52,73.2,53.68,-43.92,-19.52,63.44,92.72,-43.92,-63.44,-53.68,-253.76,-102.48
14.64,63.44,48.8,-39.04,-19.52,53.68,87.84,-48.8,-68.32,-53.68,-248.88,-102.48
14.64,63.44,48.8,-39.04,-19.52,53.68,97.6,-48.8,-68.32,-58.56,-239.12,-107.36
-9.76,48.8,58.56,-19.52,-34.16,53.68,107.36,-48.8,-73.2,-58.56,-244,-102.48
-4.88,63.44,68.32,-29.28,-39.04,63.44,107.36,-39.04,-68.32,-58.56,-239.12,-97.6
-19.52,63.44,82.96,-19.52,-53.68,73.2,107.36,-39.04,-73.2,-63.44,-244,-97.6
-9.76,58.56,68.32,-24.4,-39.04,63.44,117.12,-43.92,-73.2,-68.32,-248.88,-97.6
34.16,73.2,39.04,-53.68,-4.88,53.68,107.36,-48.8,-78.08,-73.2,-258.64,-102.48
53.68,82.96,29.28,-68.32,9.76,53.68,92.72,-58.56,-82.96,-82.96,-268.4,-117.12
19.52,82.96,63.44,-48.8,-24.4,73.2,97.6,-48.8,-82.96,-73.2,-268.4,-112.24
-29.28,68.32,97.6,-19.52,-63.44,82.96,117.12,-43.92,-68.32,-63.44,-258.64,-107.36
-9.76,48.8,58.56,-19.52,-34.16,53.68,112.24,-63.44,-82.96,-78.08,-268.4,-126.88
43.92,58.56,14.64,-48.8,14.64,34.16,97.6,-78.08,-87.84,-87.84,-273.28,-131.76
39.04,58.56,19.52,-48.8,9.76,39.04,92.72,-73.2,-92.72,-87.84,-273.28,-131.76
-9.76,58.56,68.32,-24.4,-39.04,63.44,107.36,-58.56,-97.6,-78.08,-263.52,-122
-14.64,78.08,92.72,-29.28,-53.68,82.96,112.24,-53.68,-92.72,-82.96,-263.52,-112.24
-4.88,63.44,68.32,-29.28,-39.04,63.44,107.36,-68.32,-107.36,-97.6,-278.16,-122
-4.88,58.56,63.44,-24.4,-34.16,58.56,107.36,-63.44,-107.36,-97.6,-278.16,-126.88
-19.52,68.32,87.84,-24.4,-53.68,78.08,97.6,-63.44,-102.48,-92.72,-283.04,-122
0,68.32,68.32,-34.16,-34.16,68.32,92.72,-63.44,-97.6,-92.72,-283.04,-126.88
19.52,78.08,58.56,-48.8,-19.52,68.32,92.72,-63.44,-97.6,-87.84,-268.4,-122
9.76,73.2,63.44,-39.04,-29.28,68.32,92.72,-68.32,-102.48,-87.84,-273.28,-126.88
9.76,63.44,53.68,-34.16,-24.4,58.56,87.84,-73.2,-112.24,-92.72,-268.4,-136.64
-9.76,58.56,68.32,-24.4,-39.04,63.44,102.48,-68.32,-117.12,-92.72,-263.52,-126.88
-14.64,48.8,63.44,-14.64,-39.04,53.68,97.6,-78.08,-126.88,-112.24,-278.16,-136.64
14.64,48.8,34.16,-29.28,-9.76,39.04,73.2,-92.72,-141.52,-122,-292.8,-146.4
14.64,58.56,43.92,-34.16,-14.64,48.8,82.96,-82.96,-126.88,-126.88,-292.8,-136.64
-9.76,58.56,68.32,-24.4,-39.04,63.44,97.6,-73.2,-122,-117.12,-297.68,-136.64
0,68.32,68.32,-34.16,-34.16,68.32,117.12,-73.2,-117.12,-112.24,-292.8,-126.88
9.76,68.32,58.56,-39.04,-24.4,63.44,97.6,-73.2,-117.12,-112.24,-287.92,-131.76
24.4,68.32,43.92,-43.92,-9.76,53.68,87.84,-82.96,-122,-112.24,-292.8,-136.64
19.52,58.56,39.04,-39.04,-9.76,48.8,97.6,-82.96,-112.24,-102.48,-283.04,-131.76
-14.64,48.8,63.44,-14.64,-39.04,53.68,92.72,-82.96,-122,-102.48,-273.28,-131.76
-19.52,48.8,68.32,-14.64,-43.92,58.56,87.84,-78.08,-131.76,-107.36,-273.28,-126.88
-14.64,39.04,53.68,-9.76,-34.16,43.92,107.36,-68.32,-122,-97.6,-263.52,-117.12
-19.52,48.8,68.32,-14.64,-43.92,58.56,102.48,-78.08,-131.76,-107.36,-268.4,-117.12
4.88,82.96,78.08,-43.92,-39.04,78.08,92.72,-82.96,-136.64,-122,-283.04,-126.88
24.4,73.2,48.8,-48.8,-14.64,58.56,102.48,-82.96,-136.64,-122,-287.92,-136.64
14.64,63.44,48.8,-39.04,-19.52,53.68,92.72,-87.84,-136.64,-122,-292.8,-136.64
4.88,68.32,63.44,-34.16,-29.28,63.44,97.6,-87.84,-126.88,-117.12,-287.92,-136.64
0,53.68,53.68,-24.4,-29.28,53.68,102.48,-87.84,-131.76,-112.24,-292.8,-141.52
-9.76,48.8,58.56,-19.52,-34.16,53.68,97.6,-92.72,-141.52,-112.24,-292.8,-151.28
-4.88,48.8,53.68,-19.52,-29.28,48.8,97.6,-92.72,-141.52,-107.36,-283.04,-141.52
9.76,39.04,29.28,-24.4,-9.76,34.16,82.96,-102.48,-151.28,-122,-287.92,-156.16
9.76,43.92,34.16,-24.4,-14.64,39.04,92.72,-102.48,-156.16,-126.88,-297.68,-151.28
-19.52,43.92,63.44,-9.76,-43.92,53.68,97.6,-97.6,-146.4,-126.88,-287.92,-146.4
-9.76,48.8,58.56,-19.52,-34.16,53.68,82.96,-97.6,-141.52,-131.76,-297.68,-141.52
0,53.68,53.68,-24.4,-29.28,53.68,78.08,-97.6,-146.4,-136.64,-307.44,-151.28
-9.76,48.8,58.56,-19.52,-34.16,53.68,82.96,-92.72,-141.52,-131.76,-307.44,-146.4
-24.4,53.68,78.08,-14.64,-53.68,63.44,102.48,-87.84,-131.76,-122,-297.68,-141.52
-19.52,48.8,68.32,-14.64,-43.92,58.56,87.84,-87.84,-131.76,-117.12,-302.56,-141.52
0,39.04,39.04,-19.52,-19.52,39.04,78.08,-97.6,-141.52,-122,-307.44,-146.4
-14.64,39.04,53.68,-9.76,-34.16,43.92,87.84,-97.6,-136.64,-117.12,-297.68,-141.52
-24.4,39.04,63.44,-4.88,-43.92,48.8,92.72,-102.48,-156.16,-122,-307.44,-151.28
-14.64,34.16,48.8,-9.76,-34.16,39.04,117.12,-102.48,-156.16,-126.88,-307.44,-146.4
4.88,43.92,39.04,-24.4,-19.52,39.04,82.96,-112.24,-151.28,-136.64,-317.2,-151.28
-4.88,34.16,39.04,-14.64,-24.4,34.16,78.08,-107.36,-151.28,-141.52,-322.08,-156.16
19.52,48.8,29.28,-34.16,-4.88,39.04,82.96,-102.48,-151.28,-146.4,-322.08,-165.92
39.04,58.56,19.52,-48.8,9.76,39.04,87.84,-107.36,-156.16,-146.4,-326.96,-165.92
24.4,48.8,24.4,-34.16,0,34.16,68.32,-107.36,-161.04,-146.4,-326.96,-175.68
14.64,48.8,34.16,-29.28,-9.76,39.04,73.2,-107.36,-151.28,-141.52,-331.84,-165.92
-19.52,39.04,58.56,-9.76,-39.04,48.8,78.08,-102.48,-151.28,-126.88,-322.08,-161.04
-29.28,43.92,73.2,-4.88,-53.68,58.56,87.84,-97.6,-141.52,-126.88,-302.56,-151.28
-34.16,43.92,78.08,-4.88,-58.56,58.56,117.12,-87.84,-136.64,-122,-297.68,-146.4
-39.04,39.04,78.08,0,-58.56,58.56,107.36,-87.84,-136.64,-122,-297.68,-141.52
-43.92,39.04,82.96,4.88,-63.44,58.56,92.72,-92.72,-141.52,-131.76,-302.56,-141.52
-39.04,39.04,78.08,0,-58.56,58.56,102.48,-97.6,-136.64,-141.52,-317.2,-151.28
-14.64,43.92,58.56,-14.64,-39.04,48.8,87.84,-97.6,-141.52,-146.4,-322.08,-161.04
4.88,58.56,53.68,-29.28,-24.4,53.68,82.96,-102.48,-146.4,-146.4,-326.96,-161.04
9.76,48.8,39.04,-29.28,-14.64,43.92,78.08,-102.48,-146.4,-146.4,-331.84,-165.92
9.76,34.16,24.4,-19.52,-9.76,29.28,78.08,-107.36,-146.4,-146.4,-331.84,-170.8
29.28,29.28,0,-29.28,14.64,14.64,78.08,-112.24,-151.28,-141.52,-326.96,-170.8
4.88,34.16,29.28,-19.52,-14.64,29.28,73.2,-107.36,-131.76,-141.52,-317.2,-165.92
-19.52,43.92,63.44,-9.76,-43.92,53.68,82.96,-97.6,-126.88,-131.76,-312.32,-161.04
-29.28,39.04,68.32,-4.88,-48.8,53.68,97.6,-97.6,-141.52,-131.76,-307.44,-156.16
-24.4,34.16,58.56,-4.88,-43.92,43.92,82.96,-102.48,-146.4,-141.52,-322.08,-161.04
-24.4,34.16,58.56,-4.88,-43.92,43.92,87.84,-92.72,-141.52,-146.4,-322.08,-156.16
-39.04,24.4,63.44,9.76,-53.68,43.92,92.72,-97.6,-141.52,-141.52,-331.84,-165.92
-29.28,34.16,63.44,0,-48.8,48.8,78.08,-102.48,-136.64,-146.4,-331.84,-165.92
-9.76,39.04,48.8,-14.64,-29.28,43.92,78.08,-102.48,-131.76,-141.52,-331.84,-161.04
-19.52,34.16,53.68,-4.88,-39.04,43.92,78.08,-97.6,-131.76,-136.64,-326.96,-156.16
-9.76,34.16,43.92,-9.76,-29.28,39.04,78.08,-97.6,-131.76,-131.76,-322.08,-156.16
9.76,39.04,29.28,-24.4,-9.76,34.16,73.2,-112.24,-146.4,-146.4,-326.96,-161.04
24.4,39.04,14.64,-29.28,4.88,24.4,73.2,-117.12,-146.4,-146.4,-322.08,-165.92
24.4,29.28,4.88,-24.4,9.76,14.64,78.08,-117.12,-141.52,-146.4,-326.96,-156.16
0,24.4,24.4,-9.76,-14.64,24.4,63.44,-122,-156.16,-156.16,-336.72,-161.04
-24.4,24.4,48.8,0,-39.04,34.16,73.2,-107.36,-141.52,-141.52,-326.96,-146.4
-19.52,29.28,48.8,-4.88,-34.16,39.04,73.2,-112.24,-136.64,-146.4,-326.96,-151.28
-19.52,34.16,53.68,-4.88,-39.04,43.92,73.2,-107.36,-122,-151.28,-331.84,-151.28
-9.76,43.92,53.68,-14.64,-34.16,48.8,68.32,-107.36,-136.64,-151.28,-336.72,-165.92
-14.64,34.16,48.8,-9.76,-34.16,39.04,63.44,-112.24,-141.52,-151.28,-336.72,-165.92
-34.16,19.52,53.68,9.76,-43.92,34.16,68.32,-107.36,-141.52,-146.4,-331.84,-161.04
-29.28,19.52,48.8,4.88,-39.04,34.16,73.2,-117.12,-141.52,-146.4,-326.96,-156.16
-34.16,14.64,48.8,9.76,-43.92,29.28,73.2,-117.12,-131.76,-136.64,-322.08,-151.28
-19.52,14.64,34.16,4.88,-29.28,24.4,63.44,-122,-136.64,-146.4,-331.84,-156.16
-19.52,19.52,39.04,0,-29.28,29.28,63.44,-122,-151.28,-151.28,-336.72,-156.16
-43.92,19.52,63.44,14.64,-53.68,39.04,73.2,-117.12,-141.52,-151.28,-336.72,-151.28
-14.64,24.4,39.04,-4.88,-29.28,29.28,68.32,-122,-146.4,-156.16,-341.6,-161.04
-19.52,19.52,39.04,0,-29.28,29.28,73.2,-117.12,-146.4,-161.04,-346.48,-161.04
-19.52,19.52,39.04,0,-29.28,29.28,63.44,-126.88,-156.16,-165.92,-356.24,-170.8
-24.4,14.64,39.04,4.88,-34.16,24.4,63.44,-122,-146.4,-161.04,-356.24,-165.92
-53.68,9.76,63.44,24.4,-58.56,34.16,68.32,-122,-141.52,-156.16,-341.6,-161.04
-19.52,24.4,43.92,0,-34.16,34.16,73.2,-122,-141.52,-151.28,-336.72,-151.28
-9.76,34.16,43.92,-9.76,-29.28,39.04,73.2,-117.12,-146.4,-146.4,-326.96,-146.4
-4.88,14.64,19.52,-4.88,-14.64,14.64,58.56,-131.76,-161.04,-161.04,-341.6,-156.16
4.88,14.64,9.76,-9.76,-4.88,9.76,48.8,-136.64,-170.8,-170.8,-351.36,-161.04
-24.4,19.52,43.92,4.88,-34.16,29.28,87.84,-126.88,-146.4,-161.04,-346.48,-146.4
-19.52,19.52,39.04,0,-29.28,29.28,63.44,-131.76,-151.28,-165.92,-356.24,-161.04
14.64,24.4,9.76,-19.52,0,14.64,58.56,-131.76,-146.4,-170.8,-361.12,-170.8
4.88,19.52,14.64,-9.76,-4.88,14.64,58.56,-131.76,-161.04,-170.8,-361.12,-175.68
-39.04,19.52,58.56,9.76,-48.8,39.04,73.2,-117.12,-146.4,-151.28,-341.6,-156.16
-48.8,29.28,78.08,9.76,-63.44,53.68,82.96,-112.24,-136.64,-146.4,-336.72,-146.4
-53.68,24.4,78.08,14.64,-68.32,48.8,92.72,-122,-131.76,-151.28,-331.84,-146.4
-19.52,29.28,48.8,-4.88,-34.16,39.04,107.36,-126.88,-136.64,-151.28,-336.72,-151.28
-4.88,29.28,34.16,-9.76,-19.52,29.28,78.08,-131.76,-141.52,-161.04,-341.6,-146.4
-9.76,29.28,39.04,-9.76,-24.4,34.16,68.32,-131.76,-151.28,-170.8,-351.36,-156.16
-4.88,29.28,34.16,-9.76,-19.52,29.28,73.2,-126.88,-141.52,-165.92,-346.48,-146.4
-24.4,29.28,53.68,0,-39.04,39.04,78.08,-126.88,-141.52,-165.92,-346.48,-151.28
-19.52,29.28,48.8,-4.88,-34.16,39.04,82.96,-122,-141.52,-165.92,-346.48,-151.28
-19.52,29.28,48.8,-4.88,-34.16,39.04,78.08,-122,-136.64,-165.92,-346.48,-146.4
-19.52,24.4,43.92,0,-34.16,34.16,87.84,-122,-141.52,-165.92,-341.6,-151.28
-14.64,29.28,43.92,-4.88,-29.28,34.16,78.08,-131.76,-151.28,-165.92,-351.36,-161.04
-24.4,14.64,39.04,4.88,-34.16,24.4,63.44,-131.76,-156.16,-165.92,-346.48,-161.04
-24.4,14.64,39.04,4.88,-34.16,24.4,58.56,-131.76,-146.4,-161.04,-341.6,-156.16
-24.4,19.52,43.92,4.88,-34.16,29.28,58.56,-126.88,-141.52,-161.04,-336.72,-156.16
-29.28,14.64,43.92,9.76,-39.04,29.28,58.56,-136.64,-161.04,-175.68,-351.36,-161.04
-19.52,19.52,39.04,0,-29.28,29.28,53.68,-131.76,-156.16,-175.68,-346.48,-161.04
-19.52,24.4,43.92,0,-34.16,34.16,63.44,-131.76,-156.16,-175.68,-346.48,-156.16
-48.8,19.52,68.32,14.64,-58.56,43.92,68.32,-126.88,-156.16,-180.56,-356.24,-156.16
-68.32,14.64,82.96,29.28,-78.08,48.8,63.44,-117.12,-146.4,-165.92,-341.6,-146.4
-24.4,9.76,34.16,9.76,-29.28,19.52,43.92,-136.64,-161.04,-180.56,-356.24,-156.16
0,14.64,14.64,-4.88,-9.76,14.64,39.04,-146.4,-161.04,-185.44,-361.12,-165.92
-4.88,9.76,14.64,0,-9.76,9.76,48.8,-141.52,-156.16,-175.68,-356.24,-156.16
-19.52,4.88,24.4,9.76,-24.4,14.64,43.92,-146.4,-170.8,-180.56,-351.36,-161.04
-9.76,9.76,19.52,0,-14.64,14.64,53.68,-141.52,-165.92,-175.68,-351.36,-161.04
-19.52,4.88,24.4,9.76,-24.4,14.64,58.56,-136.64,-161.04,-170.8,-351.36,-151.28
-4.88,0,4.88,4.88,-4.88,0,53.68,-131.76,-165.92,-170.8,-351.36,-146.4
-24.4,24.4,48.8,0,-39.04,34.16,48.8,-136.64,-170.8,-180.56,-361.12,-161.04
-48.8,14.64,63.44,19.52,-58.56,39.04,58.56,-126.88,-165.92,-175.68,-356.24,-156.16
-29.28,0,29.28,14.64,-29.28,14.64,48.8,-131.76,-165.92,-180.56,-361.12,-156.16
-24.4,-4.88,19.52,14.64,-24.4,4.88,58.56,-122,-151.28,-161.04,-341.6,-141.52
-29.28,-34.16,-4.88,34.16,-14.64,-19.52,78.08,-112.24,-146.4,-146.4,-322.08,-122
-9.76,0,9.76,4.88,-9.76,4.88,68.32,-117.12,-146.4,-161.04,-336.72,-136.64
-4.88,34.16,39.04,-14.64,-24.4,34.16,39.04,-141.52,-175.68,-185.44,-356.24,-156.16
-19.52,29.28,48.8,-4.88,-34.16,39.04,39.04,-136.64,-175.68,-175.68,-356.24,-156.16
-24.4,34.16,58.56,-4.88,-43.92,43.92,63.44,-126.88,-165.92,-170.8,-346.48,-131.76
-14.64,39.04,53.68,-9.76,-34.16,43.92,58.56,-122,-165.92,-170.8,-346.48,-136.64
-14.64,34.16,48.8,-9.76,-34.16,39.04,63.44,-126.88,-175.68,-180.56,-361.12,-146.4
-29.28,29.28,58.56,0,-43.92,43.92,82.96,-126.88,-170.8,-180.56,-361.12,-146.4
-43.92,19.52,63.44,14.64,-53.68,39.04,68.32,-126.88,-175.68,-180.56,-366,-146.4
-53.68,24.4,78.08,14.64,-68.32,48.8,58.56,-122,-170.8,-165.92,-356.24,-141.52
-14.64,24.4,39.04,-4.88,-29.28,29.28,48.8,-131.76,-185.44,-175.68,-361.12,-146.4
43.92,24.4,-19.52,-34.16,29.28,0,58.56,-146.4,-200.08,-185.44,-370.88,-161.04
43.92,24.4,-19.52,-34.16,29.28,0,53.68,-146.4,-204.96,-185.44,-366,-156.16
-29.28,19.52,48.8,4.88,-39.04,34.16,53.68,-126.88,-190.32,-170.8,-346.48,-146.4
-43.92,29.28,73.2,9.76,-58.56,48.8,68.32,-122,-180.56,-165.92,-346.48,-141.52
-24.4,34.16,58.56,-4.88,-43.92,43.92,78.08,-126.88,-180.56,-175.68,-351.36,-141.52
4.88,34.16,29.28,-19.52,-14.64,29.28,48.8,-136.64,-195.2,-190.32,-370.88,-156.16
9.76,34.16,24.4,-19.52,-9.76,29.28,39.04,-141.52,-195.2,-190.32,-375.76,-165.92
-9.76,24.4,34.16,-4.88,-24.4,29.28,39.04,-136.64,-195.2,-190.32,-375.76,-161.04
-19.52,24.4,43.92,0,-34.16,34.16,43.92,-131.76,-185.44,-180.56,-370.88,-151.28
9.76,29.28,19.52,-19.52,-4.88,24.4,53.68,-131.76,-190.32,-180.56,-361.12,-146.4
24.4,14.64,-9.76,-19.52,14.64,0,48.8,-141.52,-200.08,-185.44,-370.88,-156.16
-24.4,9.76,34.16,9.76,-29.28,19.52,43.92,-141.52,-204.96,-180.56,-370.88,-156.16
-19.52,14.64,34.16,4.88,-29.28,24.4,34.16,-141.52,-204.96,-185.44,-366,-156.16
-29.28,14.64,43.92,9.76,-39.04,29.28,53.68,-136.64,-190.32,-185.44,-366,-146.4
-43.92,14.64,58.56,14.64,-53.68,34.16,63.44,-126.88,-195.2,-175.68,-351.36,-141.52
-39.04,24.4,63.44,9.76,-53.68,43.92,58.56,-122,-190.32,-175.68,-356.24,-136.64
-43.92,29.28,73.2,9.76,-58.56,48.8,58.56,-122,-190.32,-170.8,-356.24,-136.64
-58.56,24.4,82.96,19.52,-73.2,53.68,58.56,-122,-190.32,-170.8,-361.12,-136.64
-24.4,14.64,39.04,4.88,-34.16,24.4,43.92,-141.52,-209.84,-190.32,-375.76,-151.28
4.88,19.52,14.64,-9.76,-4.88,14.64,34.16,-146.4,-214.72,-195.2,-375.76,-165.92
0,19.52,19.52,-9.76,-9.76,19.52,39.04,-141.52,-209.84,-185.44,-370.88,-165.92
0,14.64,14.64,-4.88,-9.76,14.64,48.8,-126.88,-200.08,-185.44,-375.76,-175.68
4.88,24.4,19.52,-14.64,-9.76,19.52,63.44,-122,-195.2,-185.44,-380.64,-185.44
-9.76,24.4,34.16,-4.88,-24.4,29.28,73.2,-112.24,-190.32,-185.44,-390.4,-195.2
-9.76,24.4,34.16,-4.88,-24.4,29.28,78.08,-92.72,-151.28,-165.92,-380.64,-195.2
-58.56,29.28,87.84,14.64,-73.2,58.56,102.48,-53.68,-107.36,-97.6,-326.96,-161.04
-73.2,34.16,107.36,19.52,-92.72,68.32,112.24,-39.04,-53.68,-14.64,-244,-117.12
-24.4,58.56,82.96,-14.64,-53.68,68.32,78.08,-29.28,14.64,82.96,-131.76,-58.56
-14.64,78.08,92.72,-29.28,-53.68,82.96,87.84,-24.4,78.08,209.84,29.28,34.16
-4.88,107.36,112.24,-48.8,-58.56,107.36,73.2,-39.04,136.64,326.96,209.84,156.16
34.16,165.92,131.76,-97.6,-48.8,146.4,9.76,-87.84,141.52,429.44,424.56,302.56
92.72,219.6,126.88,-156.16,-19.52,170.8,-53.68,-165.92,97.6,517.28,649.04,458.72
92.72,287.92,195.2,-190.32,-53.68,239.12,-102.48,-263.52,48.8,595.36,907.68,658.8
107.36,346.48,239.12,-224.48,-68.32,292.8,-185.44,-385.52,-39.04,639.28,1156.56,844.24
156.16,395.28,239.12,-273.28,-43.92,317.2,-278.16,-531.92,-165.92,649.04,1351.76,995.52
229.36,448.96,219.6,-336.72,4.88,331.84,-356.24,-658.8,-263.52,678.32,1522.56,1127.28
268.4,478.24,209.84,-370.88,29.28,341.6,-400.16,-741.76,-336.72,658.8,1581.12,1205.36
258.64,468.48,209.84,-361.12,24.4,336.72,-429.44,-824.72,-473.36,531.92,1473.76,1185.84
244,453.84,209.84,-346.48,14.64,331.84,-453.84,-922.32,-658.8,283.04,1190.72,1073.6
204.96,414.8,209.84,-307.44,-4.88,312.32,-473.36,-1029.68,-907.68,-53.68,775.92,888.16
170.8,405.04,234.24,-287.92,-34.16,317.2,-502.64,-1156.56,-1171.2,-434.32,346.48,697.84
122,385.52,263.52,-253.76,-73.2,322.08,-502.64,-1234.64,-1400.56,-800.32,-63.44,497.76
43.92,346.48,302.56,-195.2,-131.76,322.08,-488,-1283.44,-1634.8,-1229.76,-546.56,248.88
-19.52,341.6,361.12,-161.04,-190.32,351.36,-444.08,-1298.08,-1805.6,-1566.48,-941.84,24.4
-63.44,322.08,385.52,-126.88,-224.48,351.36,-385.52,-1244.4,-1815.36,-1654.32,-1112.64,-102.48
-58.56,263.52,322.08,-102.48,-190.32,292.8,-346.48,-1166.32,-1766.56,-1649.44,-1205.36,-209.84
-29.28,190.32,219.6,-78.08,-126.88,204.96,-307.44,-1117.52,-1737.28,-1639.68,-1259.04,-283.04
-29.28,161.04,190.32,-63.44,-112.24,175.68,-273.28,-1073.6,-1703.12,-1615.28,-1283.44,-331.84
-19.52,146.4,165.92,-63.44,-92.72,156.16,-234.24,-1034.56,-1668.96,-1586,-1302.96,-390.4
-34.16,48.8,82.96,-4.88,-58.56,63.44,-170.8,-980.88,-1620.16,-1542.08,-1322.48,-468.48
-73.2,-43.92,29.28,58.56,-53.68,-9.76,-122,-907.68,-1551.84,-1483.52,-1312.72,-522.16
-82.96,-53.68,29.28,68.32,-58.56,-14.64,-73.2,-810.08,-1424.96,-1371.28,-1254.16,-531.92
-161.04,-92.72,68.32,126.88,-117.12,-14.64,0,-683.2,-1288.32,-1249.28,-1176.08,-522.16
-175.68,-97.6,78.08,136.64,-126.88,-9.76,29.28,-590.48,-1166.32,-1137.04,-1102.88,-517.28
-131.76,-68.32,63.44,102.48,-97.6,-4.88,39.04,-517.28,-1044.32,-1019.92,-1019.92,-497.76
-131.76,-58.56,73.2,97.6,-102.48,4.88,14.64,-478.24,-902.8,-897.92,-927.2,-458.72
-141.52,-58.56,82.96,102.48,-112.24,9.76,-4.88,-409.92,-785.68,-766.16,-834.48,-405.04
-117.12,-48.8,68.32,82.96,-92.72,9.76,24.4,-326.96,-673.44,-658.8,-756.4,-366
-87.84,-39.04,48.8,63.44,-68.32,4.88,29.28,-263.52,-590.48,-575.84,-692.96,-351.36
-68.32,-43.92,24.4,58.56,-48.8,-9.76,58.56,-204.96,-517.28,-488,-634.4,-326.96
-73.2,-58.56,14.64,68.32,-43.92,-24.4,58.56,-190.32,-463.6,-429.44,-590.48,-312.32
-53.68,-48.8,4.88,53.68,-29.28,-24.4,39.04,-170.8,-414.8,-385.52,-546.56,-287.92
-39.04,-29.28,9.76,34.16,-24.4,-9.76,48.8,-146.4,-356.24,-341.6,-507.52,-263.52
-24.4,-24.4,0,24.4,-14.64,-14.64,53.68,-131.76,-336.72,-317.2,-488,-253.76
-19.52,-4.88,14.64,14.64,-19.52,4.88,48.8,-122,-302.56,-287.92,-478.24,-239.12
-48.8,9.76,58.56,19.52,-53.68,34.16,53.68,-102.48,-253.76,-258.64,-448.96,-219.6
-82.96,14.64,97.6,34.16,-92.72,53.68,63.44,-92.72,-229.36,-229.36,-429.44,-209.84
-68.32,29.28,97.6,19.52,-82.96,63.44,68.32,-78.08,-209.84,-200.08,-405.04,-195.2
-58.56,24.4,82.96,19.52,-73.2,53.68,63.44,-82.96,-200.08,-180.56,-385.52,-190.32
-39.04,24.4,63.44,9.76,-53.68,43.92,68.32,-82.96,-185.44,-165.92,-370.88,-180.56
-19.52,39.04,58.56,-9.76,-39.04,48.8,58.56,-78.08,-175.68,-151.28,-351.36,-165.92
-34.16,39.04,73.2,0,-53.68,53.68,63.44,-73.2,-175.68,-151.28,-341.6,-161.04
-29.28,48.8,78.08,-9.76,-53.68,63.44,53.68,-73.2,-170.8,-146.4,-336.72,-156.16
-14.64,48.8,63.44,-14.64,-39.04,53.68,53.68,-68.32,-170.8,-156.16,-336.72,-156.16
-4.88,43.92,48.8,-19.52,-29.28,43.92,43.92,-78.08,-165.92,-161.04,-346.48,-165.92
0,53.68,53.68,-24.4,-29.28,53.68,39.04,-73.2,-151.28,-151.28,-346.48,-175.68
-19.52,53.68,73.2,-14.64,-48.8,63.44,43.92,-73.2,-146.4,-141.52,-341.6,-170.8
-43.92,48.8,92.72,0,-68.32,68.32,48.8,-63.44,-126.88,-122,-331.84,-161.04
-24.4,53.68,78.08,-14.64,-53.68,63.44,34.16,-73.2,-131.76,-117.12,-331.84,-165.92
-19.52,43.92,63.44,-9.76,-43.92,53.68,43.92,-73.2,-131.76,-112.24,-317.2,-156.16
-19.52,43.92,63.44,-9.76,-43.92,53.68,48.8,-78.08,-136.64,-117.12,-307.44,-156.16
-39.04,43.92,82.96,0,-63.44,63.44,43.92,-68.32,-122,-102.48,-292.8,-141.52
-73.2,39.04,112.24,19.52,-92.72,73.2,53.68,-58.56,-117.12,-92.72,-283.04,-131.76
-68.32,43.92,112.24,14.64,-92.72,78.08,43.92,-53.68,-112.24,-102.48,-283.04,-126.88
-58.56,39.04,97.6,9.76,-78.08,68.32,48.8,-63.44,-102.48,-112.24,-292.8,-131.76
-34.16,39.04,73.2,0,-53.68,53.68,39.04,-68.32,-112.24,-112.24,-307.44,-146.4
-14.64,48.8,63.44,-14.64,-39.04,53.68,39.04,-68.32,-102.48,-112.24,-312.32,-151.28
-14.64,34.16,48.8,-9.76,-34.16,39.04,39.04,-73.2,-107.36,-107.36,-317.2,-156.16
0,39.04,39.04,-19.52,-19.52,39.04,43.92,-78.08,-112.24,-97.6,-307.44,-161.04
4.88,39.04,34.16,-19.52,-14.64,34.16,43.92,-73.2,-112.24,-92.72,-292.8,-156.16
-24.4,34.16,58.56,-4.88,-43.92,43.92,43.92,-68.32,-92.72,-78.08,-278.16,-141.52
-24.4,34.16,58.56,-4.88,-43.92,43.92,43.92,-63.44,-87.84,-78.08,-268.4,-131.76
-14.64,34.16,48.8,-9.76,-34.16,39.04,48.8,-68.32,-107.36,-82.96,-278.16,-136.64
0,34.16,34.16,-14.64,-19.52,34.16,48.8,-68.32,-107.36,-92.72,-292.8,-131.76
-14.64,53.68,68.32,-19.52,-43.92,58.56,48.8,-53.68,-87.84,-82.96,-287.92,-126.88
-29.28,53.68,82.96,-9.76,-58.56,68.32,53.68,-43.92,-73.2,-73.2,-287.92,-126.88
-24.4,53.68,78.08,-14.64,-53.68,63.44,48.8,-48.8,-78.08,-78.08,-292.8,-136.64
4.88,53.68,48.8,-29.28,-24.4,48.8,43.92,-53.68,-82.96,-78.08,-297.68,-141.52
-4.88,48.8,53.68,-19.52,-29.28,48.8,43.92,-58.56,-82.96,-68.32,-287.92,-141.52
-34.16,43.92,78.08,-4.88,-58.56,58.56,53.68,-43.92,-78.08,-53.68,-268.4,-126.88
-29.28,29.28,58.56,0,-43.92,43.92,43.92,-53.68,-87.84,-63.44,-273.28,-131.76
-14.64,29.28,43.92,-4.88,-29.28,34.16,34.16,-58.56,-82.96,-68.32,-273.28,-136.64
-14.64,39.04,53.68,-9.76,-34.16,43.92,43.92,-43.92,-87.84,-58.56,-268.4,-131.76
-29.28,24.4,53.68,4.88,-43.92,39.04,58.56,-43.92,-87.84,-73.2,-273.28,-131.76
-29.28,34.16,63.44,0,-48.8,48.8,68.32,-39.04,-82.96,-78.08,-278.16,-136.64
-53.68,48.8,102.48,4.88,-78.08,73.2,78.08,-14.64,-43.92,-53.68,-258.64,-122
-92.72,43.92,136.64,24.4,-117.12,87.84,92.72,9.76,-24.4,-29.28,-244,-102.48
-68.32,24.4,92.72,24.4,-82.96,58.56,87.84,9.76,-24.4,-24.4,-239.12,-112.24
-29.28,39.04,68.32,-4.88,-48.8,53.68,53.68,-14.64,-34.16,-29.28,-248.88,-126.88
-24.4,43.92,68.32,-9.76,-48.8,53.68,43.92,-24.4,-48.8,-34.16,-244,-136.64
-24.4,39.04,63.44,-4.88,-43.92,48.8,39.04,-19.52,-48.8,-34.16,-234.24,-126.88
-34.16,24.4,58.56,4.88,-48.8,39.04,34.16,-24.4,-68.32,-39.04,-234.24,-131.76
-24.4,34.16,58.56,-4.88,-43.92,43.92,39.04,-24.4,-63.44,-34.16,-234.24,-122
-19.52,43.92,63.44,-9.76,-43.92,53.68,48.8,-9.76,-48.8,-29.28,-224.48,-112.24
-14.64,48.8,63.44,-14.64,-39.04,53.68,48.8,-14.64,-48.8,-34.16,-239.12,-117.12
-24.4,43.92,68.32,-9.76,-48.8,53.68,48.8,-9.76,-39.04,-29.28,-234.24,-117.12
-43.92,39.04,82.96,4.88,-63.44,58.56,48.8,4.88,-24.4,-19.52,-224.48,-112.24
-48.8,39.04,87.84,4.88,-68.32,63.44,48.8,9.76,-19.52,-4.88,-219.6,-107.36
-43.92,53.68,97.6,-4.88,-73.2,73.2,63.44,14.64,-4.88,14.64,-200.08,-97.6
-58.56,39.04,97.6,9.76,-78.08,68.32,53.68,19.52,-9.76,29.28,-185.44,-87.84
-53.68,34.16,87.84,9.76,-73.2,58.56,48.8,19.52,-4.88,24.4,-185.44,-82.96
-48.8,29.28,78.08,9.76,-63.44,53.68,39.04,14.64,-14.64,24.4,-185.44,-87.84
-34.16,39.04,73.2,0,-53.68,53.68,34.16,9.76,-14.64,24.4,-190.32,-82.96
-39.04,39.04,78.08,0,-58.56,58.56,34.16,24.4,-4.88,24.4,-185.44,-82.96
-58.56,34.16,92.72,14.64,-78.08,63.44,39.04,34.16,14.64,34.16,-190.32,-73.2
-43.92,39.04,82.96,4.88,-63.44,58.56,43.92,43.92,24.4,43.92,-185.44,-73.2
-29.28,43.92,73.2,-4.88,-53.68,58.56,43.92,48.8,39.04,53.68,-185.44,-73.2
-39.04,34.16,73.2,4.88,-58.56,53.68,48.8,58.56,58.56,68.32,-180.56,-73.2
-14.64,53.68,68.32,-19.52,-43.92,58.56,43.92,53.68,63.44,82.96,-170.8,-73.2
0,43.92,43.92,-19.52,-24.4,43.92,29.28,53.68,53.68,82.96,-161.04,-68.32
-19.52,43.92,63.44,-9.76,-43.92,53.68,34.16,63.44,63.44,97.6,-146.4,-53.68
-24.4,43.92,68.32,-9.76,-48.8,53.68,29.28,63.44,68.32,102.48,-136.64,-48.8
-9.76,43.92,53.68,-14.64,-34.16,48.8,19.52,58.56,68.32,97.6,-146.4,-58.56
-24.4,39.04,63.44,-4.88,-43.92,48.8,43.92,73.2,87.84,97.6,-141.52,-48.8
-73.2,43.92,117.12,14.64,-97.6,78.08,68.32,97.6,117.12,131.76,-126.88,-39.04
-58.56,43.92,102.48,9.76,-82.96,73.2,63.44,102.48,122,131.76,-126.88,-48.8
-14.64,48.8,63.44,-14.64,-39.04,53.68,63.44,102.48,126.88,131.76,-126.88,-53.68
-4.88,58.56,63.44,-24.4,-34.16,58.56,58.56,107.36,141.52,151.28,-112.24,-48.8
-4.88,63.44,68.32,-29.28,-39.04,63.44,53.68,112.24,151.28,170.8,-107.36,-43.92
4.88,68.32,63.44,-34.16,-29.28,63.44,43.92,122,165.92,180.56,-87.84,-34.16
14.64,68.32,53.68,-39.04,-19.52,58.56,43.92,126.88,175.68,190.32,-82.96,-24.4
34.16,73.2,39.04,-53.68,-4.88,53.68,29.28,126.88,175.68,190.32,-78.08,-24.4
4.88,73.2,68.32,-39.04,-34.16,68.32,43.92,146.4,195.2,209.84,-58.56,-9.76
-19.52,63.44,82.96,-19.52,-53.68,73.2,53.68,161.04,214.72,214.72,-58.56,-4.88
-29.28,68.32,97.6,-19.52,-63.44,82.96,78.08,180.56,234.24,229.36,-48.8,4.88
-34.16,63.44,97.6,-14.64,-68.32,78.08,68.32,190.32,248.88,234.24,-48.8,4.88
-43.92,68.32,112.24,-9.76,-78.08,87.84,58.56,204.96,268.4,253.76,-34.16,4.88
-29.28,82.96,112.24,-24.4,-73.2,97.6,63.44,219.6,287.92,283.04,-14.64,14.64
-14.64,82.96,97.6,-34.16,-58.56,87.84,58.56,219.6,302.56,302.56,-9.76,14.64
14.64,87.84,73.2,-48.8,-29.28,78.08,58.56,219.6,317.2,307.44,4.88,14.64
24.4,97.6,73.2,-58.56,-24.4,82.96,43.92,229.36,322.08,322.08,19.52,24.4
9.76,87.84,78.08,-48.8,-34.16,82.96,48.8,244,331.84,336.72,29.28,34.16
9.76,97.6,87.84,-53.68,-39.04,92.72,58.56,258.64,351.36,351.36,43.92,48.8
4.88,107.36,102.48,-53.68,-48.8,102.48,63.44,273.28,370.88,361.12,53.68,48.8
19.52,107.36,87.84,-63.44,-34.16,97.6,68.32,287.92,385.52,375.76,53.68,48.8
14.64,107.36,92.72,-58.56,-39.04,97.6,78.08,302.56,405.04,385.52,58.56,53.68
9.76,97.6,87.84,-53.68,-39.04,92.72,48.8,297.68,414.8,390.4,58.56,48.8
4.88,97.6,92.72,-48.8,-43.92,92.72,53.68,317.2,434.32,414.8,82.96,63.44
-34.16,102.48,136.64,-34.16,-87.84,117.12,68.32,331.84,468.48,448.96,102.48,73.2
-48.8,87.84,136.64,-19.52,-92.72,112.24,78.08,346.48,478.24,458.72,117.12,87.84
4.88,102.48,97.6,-53.68,-48.8,97.6,58.56,341.6,463.6,463.6,117.12,87.84
58.56,117.12,58.56,-87.84,0,87.84,43.92,331.84,458.72,463.6,112.24,87.84
43.92,122,78.08,-82.96,-19.52,97.6,43.92,341.6,473.36,473.36,117.12,92.72
29.28,122,92.72,-73.2,-34.16,107.36,63.44,375.76,502.64,488,141.52,112.24
19.52,126.88,107.36,-73.2,-43.92,117.12,68.32,380.64,512.4,492.88,141.52,112.24
39.04,122,82.96,-78.08,-24.4,102.48,53.68,385.52,522.16,492.88,136.64,102.48
58.56,122,63.44,-87.84,-4.88,92.72,63.44,380.64,536.8,497.76,136.64,97.6
39.04,122,82.96,-78.08,-24.4,102.48,58.56,390.4,561.2,517.28,151.28,107.36
19.52,122,102.48,-68.32,-43.92,112.24,73.2,395.28,551.44,536.8,165.92,117.12
14.64,112.24,97.6,-63.44,-43.92,102.48,68.32,400.16,546.56,531.92,170.8,117.12
34.16,112.24,78.08,-73.2,-24.4,92.72,48.8,390.4,536.8,527.04,165.92,122
58.56,122,63.44,-87.84,-4.88,92.72,48.8,390.4,536.8,531.92,170.8,126.88
58.56,117.12,58.56,-87.84,0,87.84,53.68,395.28,536.8,531.92,170.8,131.76
34.16,136.64,102.48,-82.96,-34.16,117.12,73.2,400.16,541.68,531.92,180.56,146.4
24.4,136.64,112.24,-78.08,-43.92,122,63.44,395.28,546.56,517.28,165.92,136.64
39.04,126.88,87.84,-82.96,-24.4,107.36,43.92,390.4,522.16,507.52,151.28,126.88
39.04,136.64,97.6,-87.84,-29.28,117.12,58.56,395.28,527.04,507.52,151.28,126.88
34.16,126.88,92.72,-78.08,-29.28,107.36,53.68,385.52,512.4,502.64,146.4,122
34.16,117.12,82.96,-73.2,-24.4,97.6,43.92,366,488,497.76,136.64,107.36
39.04,117.12,78.08,-78.08,-19.52,97.6,53.68,366,483.12,492.88,151.28,122
39.04,131.76,92.72,-82.96,-29.28,112.24,63.44,366,478.24,492.88,146.4,126.88
14.64,136.64,122,-73.2,-53.68,126.88,63.44,366,473.36,497.76,146.4,136.64
-14.64,131.76,146.4,-58.56,-82.96,136.64,82.96,370.88,468.48,483.12,146.4,146.4
9.76,131.76,122,-68.32,-58.56,126.88,82.96,356.24,439.2,453.84,131.76,136.64
29.28,126.88,97.6,-78.08,-34.16,112.24,63.44,336.72,429.44,439.2,112.24,126.88
29.28,126.88,97.6,-78.08,-34.16,112.24,53.68,322.08,395.28,424.56,97.6,117.12
39.04,126.88,87.84,-82.96,-24.4,107.36,39.04,307.44,375.76,409.92,87.84,112.24
58.56,126.88,68.32,-92.72,-4.88,97.6,34.16,287.92,361.12,395.28,78.08,107.36
63.44,117.12,53.68,-87.84,4.88,82.96,14.64,263.52,322.08,370.88,63.44,82.96
63.44,102.48,39.04,-82.96,9.76,68.32,19.52,248.88,302.56,366,68.32,82.96
34.16,117.12,82.96,-73.2,-24.4,97.6,29.28,239.12,283.04,351.36,63.44,82.96
19.52,122,102.48,-68.32,-43.92,112.24,34.16,229.36,258.64,331.84,53.68,82.96
34.16,117.12,82.96,-73.2,-24.4,97.6,19.52,209.84,229.36,312.32,39.04,73.2
24.4,102.48,78.08,-63.44,-29.28,87.84,9.76,195.2,200.08,283.04,24.4,63.44
19.52,97.6,78.08,-58.56,-29.28,87.84,-4.88,180.56,190.32,263.52,4.88,58.56
4.88,102.48,97.6,-53.68,-48.8,97.6,0,165.92,170.8,244,-9.76,43.92
14.64,92.72,78.08,-53.68,-34.16,82.96,-4.88,151.28,146.4,219.6,-19.52,39.04
43.92,102.48,58.56,-73.2,-9.76,78.08,-9.76,126.88,126.88,200.08,-34.16,29.28
29.28,92.72,63.44,-58.56,-19.52,78.08,-19.52,107.36,92.72,180.56,-48.8,9.76
9.76,78.08,68.32,-43.92,-29.28,73.2,-14.64,97.6,68.32,175.68,-43.92,14.64
9.76,87.84,78.08,-48.8,-34.16,82.96,-9.76,78.08,39.04,161.04,-48.8,14.64
-24.4,73.2,97.6,-24.4,-63.44,82.96,-9.76,73.2,19.52,136.64,-53.68,9.76
-19.52,68.32,87.84,-24.4,-53.68,78.08,-19.52,53.68,-9.76,107.36,-73.2,-4.88
29.28,73.2,43.92,-48.8,-9.76,58.56,-34.16,34.16,-43.92,73.2,-97.6,-19.52
19.52,63.44,43.92,-39.04,-14.64,53.68,-39.04,14.64,-63.44,48.8,-122,-34.16
4.88,58.56,53.68,-29.28,-24.4,53.68,-29.28,4.88,-82.96,34.16,-131.76,-39.04
-14.64,58.56,73.2,-19.52,-43.92,63.44,-19.52,0,-87.84,29.28,-131.76,-29.28
0,58.56,58.56,-29.28,-29.28,58.56,-29.28,-19.52,-102.48,9.76,-141.52,-39.04
39.04,53.68,14.64,-43.92,9.76,34.16,-43.92,-43.92,-146.4,-14.64,-161.04,-63.44
0,34.16,34.16,-14.64,-19.52,34.16,-39.04,-43.92,-146.4,-14.64,-156.16,-58.56
-29.28,39.04,68.32,-4.88,-48.8,53.68,-19.52,-53.68,-161.04,-24.4,-151.28,-48.8
-43.92,53.68,97.6,-4.88,-73.2,73.2,-19.52,-48.8,-165.92,-29.28,-146.4,-39.04
-14.64,43.92,58.56,-14.64,-39.04,48.8,-24.4,-73.2,-195.2,-58.56,-170.8,-58.56
14.64,48.8,34.16,-29.28,-9.76,39.04,-39.04,-82.96,-200.08,-82.96,-185.44,-73.2
9.76,63.44,53.68,-34.16,-24.4,58.56,-29.28,-87.84,-180.56,-87.84,-190.32,-68.32
0,43.92,43.92,-19.52,-24.4,43.92,-24.4,-97.6,-200.08,-102.48,-209.84,-78.08
4.88,29.28,24.4,-14.64,-9.76,24.4,-34.16,-117.12,-214.72,-122,-229.36,-97.6
-19.52,19.52,39.04,0,-29.28,29.28,-39.04,-126.88,-209.84,-126.88,-229.36,-97.6
-43.92,19.52,63.44,14.64,-53.68,39.04,-29.28,-122,-209.84,-122,-224.48,-97.6
-63.44,14.64,78.08,24.4,-73.2,43.92,-34.16,-117.12,-214.72,-117.12,-219.6,-87.84
-92.72,0,92.72,48.8,-92.72,43.92,-39.04,-122,-224.48,-126.88,-219.6,-87.84
-82.96,4.88,87.84,39.04,-87.84,43.92,-39.04,-131.76,-248.88,-136.64,-219.6,-87.84
-78.08,9.76,87.84,34.16,-82.96,48.8,-39.04,-141.52,-248.88,-151.28,-224.48,-87.84
-39.04,4.88,43.92,19.52,-43.92,24.4,-58.56,-151.28,-258.64,-170.8,-244,-97.6
-48.8,4.88,53.68,24.4,-53.68,29.28,-53.68,-151.28,-263.52,-170.8,-253.76,-97.6
-73.2,0,73.2,39.04,-73.2,34.16,-53.68,-161.04,-253.76,-175.68,-263.52,-102.48
-19.52,4.88,24.4,9.76,-24.4,14.64,-68.32,-180.56,-248.88,-190.32,-283.04,-117.12
0,4.88,4.88,0,-4.88,4.88,-73.2,-185.44,-248.88,-195.2,-283.04,-126.88
-9.76,0,9.76,4.88,-9.76,4.88,-73.2,-185.44,-253.76,-195.2,-287.92,-131.76
-19.52,4.88,24.4,9.76,-24.4,14.64,-58.56,-185.44,-248.88,-190.32,-273.28,-126.88
-34.16,-4.88,29.28,19.52,-34.16,9.76,-63.44,-185.44,-248.88,-185.44,-258.64,-126.88
-19.52,-4.88,14.64,14.64,-19.52,4.88,-68.32,-185.44,-248.88,-190.32,-258.64,-126.88
-34.16,-14.64,19.52,24.4,-29.28,0,-48.8,-165.92,-234.24,-180.56,-244,-112.24
-24.4,-4.88,19.52,14.64,-24.4,4.88,-58.56,-170.8,-239.12,-190.32,-253.76,-122
-19.52,14.64,34.16,4.88,-29.28,24.4,-58.56,-170.8,-229.36,-195.2,-258.64,-122
-39.04,19.52,58.56,9.76,-48.8,39.04,-43.92,-161.04,-214.72,-190.32,-258.64,-122
-53.68,14.64,68.32,19.52,-63.44,39.04,-39.04,-156.16,-204.96,-185.44,-253.76,-117.12
-29.28,9.76,39.04,9.76,-34.16,24.4,-53.68,-165.92,-209.84,-190.32,-263.52,-122
-14.64,4.88,19.52,4.88,-19.52,9.76,-58.56,-180.56,-229.36,-195.2,-268.4,-131.76
4.88,0,-4.88,0,4.88,-4.88,-58.56,-185.44,-234.24,-195.2,-263.52,-136.64
-4.88,9.76,14.64,0,-9.76,9.76,-53.68,-180.56,-224.48,-180.56,-248.88,-122
-48.8,4.88,53.68,24.4,-53.68,29.28,-34.16,-165.92,-219.6,-175.68,-234.24,-112.24
-82.96,9.76,92.72,39.04,-87.84,48.8,-9.76,-151.28,-200.08,-161.04,-214.72,-92.72
-82.96,19.52,102.48,34.16,-92.72,58.56,-19.52,-141.52,-185.44,-161.04,-209.84,-82.96
-53.68,19.52,73.2,19.52,-63.44,43.92,-29.28,-151.28,-180.56,-170.8,-224.48,-87.84
-4.88,34.16,39.04,-14.64,-24.4,34.16,-39.04,-161.04,-195.2,-185.44,-239.12,-102.48
24.4,39.04,14.64,-29.28,4.88,24.4,-43.92,-161.04,-190.32,-180.56,-248.88,-112.24
-14.64,29.28,43.92,-4.88,-29.28,34.16,-43.92,-161.04,-185.44,-170.8,-239.12,-112.24
-34.16,19.52,53.68,9.76,-43.92,34.16,-34.16,-161.04,-170.8,-165.92,-234.24,-107.36
-63.44,-4.88,58.56,34.16,-63.44,24.4,-39.04,-156.16,-170.8,-161.04,-229.36,-112.24
-73.2,-9.76,63.44,43.92,-68.32,24.4,-43.92,-151.28,-170.8,-151.28,-214.72,-102.48
-58.56,-9.76,48.8,34.16,-53.68,19.52,-43.92,-151.28,-170.8,-151.28,-214.72,-107.36
-63.44,-9.76,53.68,39.04,-58.56,19.52,-48.8,-156.16,-175.68,-161.04,-219.6,-112.24
-58.56,4.88,63.44,29.28,-63.44,34.16,-48.8,-146.4,-170.8,-161.04,-214.72,-102.48
-58.56,19.52,78.08,19.52,-68.32,48.8,-39.04,-131.76,-156.16,-151.28,-214.72,-92.72
-48.8,19.52,68.32,14.64,-58.56,43.92,-29.28,-136.64,-156.16,-151.28,-219.6,-97.6
-29.28,29.28,58.56,0,-43.92,43.92,-34.16,-136.64,-156.16,-156.16,-219.6,-97.6
-9.76,39.04,48.8,-14.64,-29.28,43.92,-29.28,-131.76,-151.28,-146.4,-219.6,-97.6
4.88,39.04,34.16,-19.52,-14.64,34.16,-29.28,-131.76,-156.16,-141.52,-214.72,-97.6
19.52,24.4,4.88,-19.52,4.88,14.64,-29.28,-141.52,-156.16,-146.4,-214.72,-112.24
-24.4,14.64,39.04,4.88,-34.16,24.4,-24.4,-126.88,-136.64,-126.88,-200.08,-92.72
-58.56,19.52,78.08,19.52,-68.32,48.8,0,-102.48,-126.88,-112.24,-180.56,-73.2
-53.68,9.76,63.44,24.4,-58.56,34.16,-4.88,-117.12,-131.76,-131.76,-195.2,-87.84
-43.92,9.76,53.68,19.52,-48.8,29.28,0,-112.24,-131.76,-131.76,-190.32,-87.84
-63.44,19.52,82.96,24.4,-73.2,48.8,0,-102.48,-126.88,-122,-185.44,-73.2
-29.28,24.4,53.68,4.88,-43.92,39.04,-4.88,-102.48,-122,-126.88,-185.44,-87.84
4.88,39.04,34.16,-19.52,-14.64,34.16,-19.52,-107.36,-131.76,-126.88,-190.32,-97.6
-14.64,43.92,58.56,-14.64,-39.04,48.8,-14.64,-107.36,-136.64,-122,-185.44,-87.84
-48.8,34.16,82.96,9.76,-68.32,58.56,-9.76,-97.6,-122,-102.48,-175.68,-78.08
-19.52,34.16,53.68,-4.88,-39.04,43.92,-4.88,-97.6,-112.24,-97.6,-170.8,-82.96
0,29.28,29.28,-14.64,-14.64,29.28,-14.64,-97.6,-136.64,-102.48,-175.68,-78.08
-4.88,34.16,39.04,-14.64,-24.4,34.16,-4.88,-92.72,-131.76,-102.48,-170.8,-73.2
-43.92,39.04,82.96,4.88,-63.44,58.56,4.88,-73.2,-117.12,-87.84,-156.16,-63.44
-58.56,39.04,97.6,9.76,-78.08,68.32,4.88,-78.08,-126.88,-97.6,-161.04,-63.44
-48.8,34.16,82.96,9.76,-68.32,58.56,0,-82.96,-126.88,-102.48,-175.68,-63.44
-39.04,24.4,63.44,9.76,-53.68,43.92,-4.88,-87.84,-136.64,-107.36,-180.56,-78.08
4.88,43.92,39.04,-24.4,-19.52,39.04,-4.88,-97.6,-146.4,-117.12,-185.44,-82.96
43.92,53.68,9.76,-48.8,14.64,29.28,-9.76,-97.6,-146.4,-122,-180.56,-87.84
24.4,39.04,14.64,-29.28,4.88,24.4,-14.64,-102.48,-151.28,-117.12,-180.56,-92.72
-19.52,48.8,68.32,-14.64,-43.92,58.56,4.88,-87.84,-136.64,-97.6,-156.16,-73.2
-29.28,53.68,82.96,-9.76,-58.56,68.32,14.64,-82.96,-122,-97.6,-146.4,-58.56
-58.56,53.68,112.24,4.88,-87.84,82.96,39.04,-68.32,-112.24,-82.96,-136.64,-53.68
-48.8,53.68,102.48,0,-78.08,78.08,29.28,-73.2,-131.76,-97.6,-141.52,-58.56
-39.04,34.16,73.2,4.88,-58.56,53.68,19.52,-87.84,-146.4,-117.12,-156.16,-78.08
-53.68,24.4,78.08,14.64,-68.32,48.8,9.76,-87.84,-151.28,-122,-165.92,-78.08
-48.8,24.4,73.2,14.64,-63.44,48.8,4.88,-87.84,-156.16,-117.12,-175.68,-78.08
-53.68,14.64,68.32,19.52,-63.44,39.04,9.76,-92.72,-141.52,-117.12,-170.8,-78.08
-24.4,24.4,48.8,0,-39.04,34.16,9.76,-97.6,-156.16,-126.88,-180.56,-87.84
-4.88,34.16,39.04,-14.64,-24.4,34.16,-9.76,-107.36,-170.8,-131.76,-185.44,-102.48
-24.4,29.28,53.68,0,-39.04,39.04,0,-107.36,-175.68,-122,-175.68,-102.48
-19.52,43.92,63.44,-9.76,-43.92,53.68,14.64,-92.72,-170.8,-117.12,-156.16,-87.84
-4.88,34.16,39.04,-14.64,-24.4,34.16,-4.88,-97.6,-180.56,-126.88,-161.04,-87.84
-4.88,29.28,34.16,-9.76,-19.52,29.28,-9.76,-102.48,-185.44,-136.64,-175.68,-92.72
-19.52,29.28,48.8,-4.88,-34.16,39.04,-4.88,-107.36,-200.08,-146.4,-180.56,-97.6
-43.92,24.4,68.32,9.76,-58.56,43.92,-4.88,-102.48,-200.08,-146.4,-185.44,-97.6
-63.44,29.28,92.72,19.52,-78.08,58.56,9.76,-92.72,-190.32,-131.76,-175.68,-97.6
-53.68,39.04,92.72,9.76,-73.2,63.44,9.76,-87.84,-185.44,-136.64,-175.68,-102.48
-29.28,39.04,68.32,-4.88,-48.8,53.68,4.88,-97.6,-200.08,-141.52,-180.56,-107.36
-9.76,39.04,48.8,-14.64,-29.28,43.92,0,-97.6,-209.84,-146.4,-185.44,-112.24
-34.16,43.92,78.08,-4.88,-58.56,58.56,9.76,-92.72,-204.96,-136.64,-175.68,-107.36
-39.04,39.04,78.08,0,-58.56,58.56,14.64,-87.84,-209.84,-141.52,-175.68,-107.36
-29.28,39.04,68.32,-4.88,-48.8,53.68,9.76,-92.72,-214.72,-151.28,-170.8,-117.12
-48.8,24.4,73.2,14.64,-63.44,48.8,9.76,-102.48,-229.36,-165.92,-190.32,-126.88
-63.44,24.4,87.84,19.52,-78.08,53.68,24.4,-107.36,-244,-175.68,-195.2,-131.76
-48.8,29.28,78.08,9.76,-63.44,53.68,9.76,-107.36,-244,-180.56,-204.96,-136.64
-39.04,34.16,73.2,4.88,-58.56,53.68,0,-117.12,-253.76,-180.56,-209.84,-146.4
-34.16,29.28,63.44,4.88,-48.8,43.92,4.88,-117.12,-253.76,-180.56,-219.6,-146.4
-68.32,19.52,87.84,24.4,-78.08,53.68,14.64,-107.36,-244,-175.68,-204.96,-141.52
-68.32,19.52,87.84,24.4,-78.08,53.68,9.76,-107.36,-248.88,-175.68,-209.84,-146.4
-43.92,24.4,68.32,9.76,-58.56,43.92,9.76,-107.36,-258.64,-170.8,-204.96,-141.52
-48.8,14.64,63.44,19.52,-58.56,39.04,24.4,-102.48,-258.64,-170.8,-204.96,-136.64
-39.04,24.4,63.44,9.76,-53.68,43.92,24.4,-107.36,-263.52,-180.56,-204.96,-136.64
-29.28,19.52,48.8,4.88,-39.04,34.16,9.76,-112.24,-273.28,-185.44,-214.72,-136.64
-24.4,19.52,43.92,4.88,-34.16,29.28,-4.88,-122,-287.92,-204.96,-224.48,-136.64
-14.64,19.52,34.16,0,-24.4,24.4,4.88,-117.12,-287.92,-204.96,-224.48,-126.88
-14.64,24.4,39.04,-4.88,-29.28,29.28,34.16,-122,-287.92,-204.96,-219.6,-126.88
-34.16,19.52,53.68,9.76,-43.92,34.16,29.28,-117.12,-287.92,-200.08,-214.72,-126.88
-29.28,24.4,53.68,4.88,-43.92,39.04,9.76,-117.12,-283.04,-195.2,-204.96,-122
-34.16,14.64,48.8,9.76,-43.92,29.28,-4.88,-122,-287.92,-195.2,-204.96,-122
-48.8,14.64,63.44,19.52,-58.56,39.04,0,-117.12,-278.16,-185.44,-190.32,-122
-29.28,9.76,39.04,9.76,-34.16,24.4,-9.76,-126.88,-287.92,-200.08,-200.08,-126.88
-29.28,14.64,43.92,9.76,-39.04,29.28,-14.64,-141.52,-317.2,-214.72,-209.84,-136.64
-53.68,14.64,68.32,19.52,-63.44,39.04,-9.76,-126.88,-307.44,-200.08,-195.2,-126.88
-48.8,19.52,68.32,14.64,-58.56,43.92,-19.52,-136.64,-317.2,-214.72,-200.08,-131.76
-39.04,14.64,53.68,14.64,-48.8,34.16,-9.76,-141.52,-322.08,-224.48,-214.72,-136.64
-39.04,19.52,58.56,9.76,-48.8,39.04,-4.88,-131.76,-317.2,-219.6,-209.84,-136.64
-43.92,14.64,58.56,14.64,-53.68,34.16,-14.64,-141.52,-317.2,-224.48,-219.6,-146.4
-34.16,9.76,43.92,14.64,-39.04,24.4,-14.64,-146.4,-312.32,-224.48,-219.6,-146.4
-34.16,4.88,39.04,14.64,-39.04,19.52,0,-146.4,-312.32,-224.48,-219.6,-146.4
-48.8,4.88,53.68,24.4,-53.68,29.28,-9.76,-136.64,-307.44,-214.72,-200.08,-131.76
-48.8,14.64,63.44,19.52,-58.56,39.04,19.52,-126.88,-297.68,-200.08,-185.44,-122
-43.92,0,43.92,24.4,-43.92,19.52,4.88,-136.64,-307.44,-204.96,-190.32,-122
-29.28,0,29.28,14.64,-29.28,14.64,-14.64,-151.28,-322.08,-214.72,-200.08,-131.76
-39.04,29.28,68.32,4.88,-53.68,48.8,0,-141.52,-307.44,-209.84,-185.44,-122
-29.28,19.52,48.8,4.88,-39.04,34.16,-19.52,-141.52,-307.44,-214.72,-195.2,-122
-19.52,24.4,43.92,0,-34.16,34.16,-14.64,-146.4,-312.32,-214.72,-195.2,-122
-43.92,24.4,68.32,9.76,-58.56,43.92,-4.88,-126.88,-287.92,-195.2,-180.56,-117.12
-63.44,19.52,82.96,24.4,-73.2,48.8,14.64,-131.76,-287.92,-200.08,-185.44,-122
-34.16,29.28,63.44,4.88,-48.8,43.92,9.76,-136.64,-312.32,-209.84,-195.2,-131.76
-24.4,14.64,39.04,4.88,-34.16,24.4,-14.64,-141.52,-322.08,-214.72,-195.2,-141.52
-29.28,29.28,58.56,0,-43.92,43.92,-19.52,-146.4,-326.96,-224.48,-204.96,-141.52
-48.8,34.16,82.96,9.76,-68.32,58.56,-19.52,-141.52,-322.08,-219.6,-190.32,-136.64
-53.68,29.28,82.96,14.64,-68.32,53.68,-19.52,-136.64,-326.96,-219.6,-190.32,-126.88
-9.76,29.28,39.04,-9.76,-24.4,34.16,-24.4,-146.4,-336.72,-234.24,-200.08,-131.76
-14.64,19.52,34.16,0,-24.4,24.4,-24.4,-146.4,-331.84,-234.24,-204.96,-126.88
-24.4,19.52,43.92,4.88,-34.16,29.28,-19.52,-146.4,-331.84,-224.48,-195.2,-122
-34.16,19.52,53.68,9.76,-43.92,34.16,-14.64,-141.52,-322.08,-214.72,-185.44,-117.12
-39.04,14.64,53.68,14.64,-48.8,34.16,-14.64,-141.52,-317.2,-214.72,-175.68,-122
-24.4,24.4,48.8,0,-39.04,34.16,-19.52,-146.4,-336.72,-219.6,-175.68,-136.64
9.76,39.04,29.28,-24.4,-9.76,34.16,-24.4,-146.4,-336.72,-214.72,-170.8,-146.4
19.52,43.92,24.4,-29.28,-4.88,34.16,-29.28,-146.4,-336.72,-219.6,-175.68,-141.52
-9.76,29.28,39.04,-9.76,-24.4,34.16,-29.28,-146.4,-341.6,-224.48,-175.68,-141.52
-53.68,4.88,58.56,24.4,-58.56,29.28,-19.52,-141.52,-351.36,-229.36,-185.44,-141.52
-43.92,4.88,48.8,19.52,-48.8,24.4,-14.64,-146.4,-361.12,-239.12,-190.32,-141.52
-68.32,9.76,78.08,29.28,-73.2,43.92,-9.76,-131.76,-341.6,-224.48,-175.68,-117.12
-87.84,4.88,92.72,43.92,-92.72,48.8,-4.88,-122,-336.72,-214.72,-165.92,-107.36
-53.68,-9.76,43.92,34.16,-48.8,14.64,-24.4,-141.52,-356.24,-224.48,-175.68,-117.12
-14.64,-9.76,4.88,14.64,-9.76,-4.88,-39.04,-146.4,-356.24,-224.48,-175.68,-122
-9.76,-14.64,-4.88,14.64,-4.88,-9.76,-34.16,-136.64,-351.36,-209.84,-165.92,-107.36
-9.76,0,9.76,4.88,-9.76,4.88,-29.28,-136.64,-351.36,-204.96,-141.52,-102.48
-14.64,4.88,19.52,4.88,-19.52,9.76,-29.28,-141.52,-361.12,-200.08,-131.76,-102.48
-19.52,9.76,29.28,4.88,-24.4,19.52,-14.64,-151.28,-361.12,-209.84,-136.64,-122
-9.76,24.4,34.16,-4.88,-24.4,29.28,-14.64,-151.28,-366,-214.72,-141.52,-126.88
0,24.4,24.4,-9.76,-14.64,24.4,-43.92,-156.16,-370.88,-234.24,-156.16,-141.52
-34.16,19.52,53.68,9.76,-43.92,34.16,-34.16,-146.4,-375.76,-229.36,-170.8,-136.64
-58.56,19.52,78.08,19.52,-68.32,48.8,-29.28,-136.64,-361.12,-229.36,-170.8,-131.76
-58.56,9.76,68.32,24.4,-63.44,39.04,-34.16,-141.52,-380.64,-234.24,-175.68,-141.52
-39.04,0,39.04,19.52,-39.04,19.52,-39.04,-151.28,-380.64,-234.24,-180.56,-146.4
-19.52,4.88,24.4,9.76,-24.4,14.64,-39.04,-151.28,-380.64,-229.36,-175.68,-146.4
4.88,9.76,4.88,-4.88,0,4.88,-39.04,-146.4,-375.76,-224.48,-170.8,-141.52
4.88,4.88,0,-4.88,0,0,-34.16,-141.52,-375.76,-224.48,-165.92,-141.52
-4.88,0,4.88,4.88,-4.88,0,-39.04,-151.28,-380.64,-234.24,-170.8,-141.52
-29.28,4.88,34.16,14.64,-34.16,19.52,-29.28,-136.64,-375.76,-219.6,-156.16,-122
-63.44,9.76,73.2,29.28,-68.32,39.04,-19.52,-131.76,-366,-214.72,-146.4,-112.24
-63.44,19.52,82.96,24.4,-73.2,48.8,-29.28,-141.52,-375.76,-214.72,-146.4,-107.36
-68.32,34.16,102.48,19.52,-87.84,68.32,-29.28,-136.64,-366,-209.84,-136.64,-102.48
-87.84,29.28,117.12,29.28,-102.48,73.2,-29.28,-136.64,-356.24,-209.84,-131.76,-107.36
-68.32,29.28,97.6,19.52,-82.96,63.44,-34.16,-151.28,-375.76,-219.6,-141.52,-122
-34.16,39.04,73.2,0,-53.68,53.68,-53.68,-161.04,-390.4,-224.48,-151.28,-126.88
-24.4,34.16,58.56,-4.88,-43.92,43.92,-53.68,-161.04,-395.28,-229.36,-156.16,-131.76
-14.64,24.4,39.04,-4.88,-29.28,29.28,-43.92,-151.28,-395.28,-224.48,-156.16,-122
-24.4,9.76,34.16,9.76,-29.28,19.52,-24.4,-151.28,-385.52,-224.48,-156.16,-122
-29.28,0,29.28,14.64,-29.28,14.64,-29.28,-151.28,-395.28,-234.24,-151.28,-126.88
-39.04,-4.88,34.16,24.4,-39.04,14.64,-34.16,-151.28,-385.52,-229.36,-141.52,-117.12
-48.8,-9.76,39.04,29.28,-43.92,14.64,-29.28,-151.28,-375.76,-224.48,-136.64,-107.36
-14.64,4.88,19.52,4.88,-19.52,9.76,-29.28,-156.16,-370.88,-229.36,-141.52,-117.12
4.88,24.4,19.52,-14.64,-9.76,19.52,-43.92,-165.92,-395.28,-229.36,-136.64,-126.88
-19.52,19.52,39.04,0,-29.28,29.28,-43.92,-170.8,-390.4,-229.36,-136.64,-141.52
-43.92,14.64,58.56,14.64,-53.68,34.16,-39.04,-161.04,-380.64,-214.72,-131.76,-141.52
-34.16,29.28,63.44,4.88,-48.8,43.92,-48.8,-165.92,-380.64,-224.48,-131.76,-156.16
-39.04,29.28,68.32,4.88,-53.68,48.8,-29.28,-156.16,-380.64,-219.6,-126.88,-146.4
-48.8,39.04,87.84,4.88,-68.32,63.44,-29.28,-146.4,-356.24,-209.84,-117.12,-126.88
-34.16,39.04,73.2,0,-53.68,53.68,-39.04,-156.16,-366,-219.6,-122,-122
-29.28,19.52,48.8,4.88,-39.04,34.16,-39.04,-161.04,-380.64,-239.12,-131.76,-126.88
-29.28,14.64,43.92,9.76,-39.04,29.28,-39.04,-165.92,-375.76,-239.12,-141.52,-117.12
-9.76,9.76,19.52,0,-14.64,14.64,-39.04,-170.8,-375.76,-239.12,-141.52,-107.36
14.64,9.76,-4.88,-9.76,9.76,0,-43.92,-170.8,-380.64,-234.24,-136.64,-97.6
14.64,4.88,-9.76,-9.76,9.76,-4.88,-53.68,-175.68,-380.64,-229.36,-126.88,-92.72
-9.76,4.88,14.64,4.88,-14.64,9.76,-48.8,-175.68,-375.76,-214.72,-117.12,-92.72
-53.68,9.76,63.44,24.4,-58.56,34.16,-39.04,-170.8,-370.88,-200.08,-97.6,-92.72
-78.08,9.76,87.84,34.16,-82.96,48.8,-34.16,-165.92,-370.88,-195.2,-87.84,-92.72
-58.56,4.88,63.44,29.28,-63.44,34.16,-48.8,-180.56,-385.52,-214.72,-112.24,-126.88
-48.8,24.4,73.2,14.64,-63.44,48.8,-53.68,-185.44,-390.4,-219.6,-122,-146.4
-48.8,39.04,87.84,4.88,-68.32,63.44,-48.8,-180.56,-385.52,-224.48,-122,-141.52
-29.28,58.56,87.84,-14.64,-58.56,73.2,-39.04,-175.68,-385.52,-234.24,-136.64,-136.64
-9.76,39.04,48.8,-14.64,-29.28,43.92,-19.52,-180.56,-390.4,-244,-146.4,-146.4
-14.64,0,14.64,9.76,-14.64,4.88,-4.88,-170.8,-390.4,-234.24,-136.64,-131.76
-19.52,4.88,24.4,9.76,-24.4,14.64,-19.52,-170.8,-375.76,-229.36,-126.88,-122
-24.4,14.64,39.04,4.88,-34.16,24.4,-19.52,-175.68,-380.64,-219.6,-112.24,-112.24
-29.28,4.88,34.16,14.64,-34.16,19.52,-9.76,-175.68,-380.64,-214.72,-97.6,-102.48
-48.8,4.88,53.68,24.4,-53.68,29.28,-9.76,-180.56,-380.64,-204.96,-87.84,-107.36
-63.44,9.76,73.2,29.28,-68.32,39.04,-14.64,-185.44,-370.88,-204.96,-82.96,-102.48
-63.44,24.4,87.84,19.52,-78.08,53.68,-14.64,-180.56,-366,-204.96,-78.08,-107.36
-63.44,34.16,97.6,14.64,-82.96,63.44,-14.64,-175.68,-380.64,-214.72,-82.96,-107.36
-73.2,48.8,122,14.64,-97.6,82.96,-4.88,-165.92,-370.88,-204.96,-82.96,-97.6
-29.28,58.56,87.84,-14.64,-58.56,73.2,-14.64,-180.56,-385.52,-219.6,-97.6,-107.36
0,53.68,53.68,-24.4,-29.28,53.68,-14.64,-195.2,-380.64,-224.48,-107.36,-117.12
-4.88,48.8,53.68,-19.52,-29.28,48.8,-34.16,-195.2,-385.52,-224.48,-107.36,-107.36
-34.16,34.16,68.32,0,-53.68,48.8,-29.28,-185.44,-380.64,-204.96,-87.84,-97.6
-24.4,14.64,39.04,4.88,-34.16,24.4,-29.28,-185.44,-380.64,-204.96,-82.96,-92.72
0,9.76,9.76,-4.88,-4.88,9.76,-24.4,-190.32,-395.28,-209.84,-87.84,-97.6
-9.76,-9.76,0,9.76,-4.88,-4.88,-24.4,-195.2,-409.92,-229.36,-107.36,-107.36
-14.64,0,14.64,9.76,-14.64,4.88,-19.52,-204.96,-414.8,-234.24,-117.12,-122
-9.76,24.4,34.16,-4.88,-24.4,29.28,-24.4,-195.2,-405.04,-229.36,-112.24,-131.76
-24.4,24.4,48.8,0,-39.04,34.16,-29.28,-190.32,-395.28,-219.6,-112.24,-126.88
-34.16,34.16,68.32,0,-53.68,48.8,-19.52,-190.32,-400.16,-219.6,-112.24,-122
-34.16,39.04,73.2,0,-53.68,53.68,-24.4,-190.32,-390.4,-209.84,-107.36,-122
-29.28,34.16,63.44,0,-48.8,48.8,-4.88,-195.2,-390.4,-219.6,-112.24,-122
-29.28,39.04,68.32,-4.88,-48.8,53.68,-4.88,-190.32,-395.28,-204.96,-102.48,-112.24
-39.04,24.4,63.44,9.76,-53.68,43.92,-29.28,-190.32,-395.28,-209.84,-97.6,-102.48
-53.68,19.52,73.2,19.52,-63.44,43.92,-19.52,-180.56,-385.52,-190.32,-82.96,-78.08
-39.04,4.88,43.92,19.52,-43.92,24.4,-24.4,-185.44,-395.28,-204.96,-92.72,-78.08
-24.4,0,24.4,14.64,-24.4,9.76,-29.28,-200.08,-414.8,-209.84,-102.48,-87.84
0,9.76,9.76,-4.88,-4.88,9.76,-24.4,-195.2,-405.04,-214.72,-102.48,-82.96
-9.76,14.64,24.4,0,-19.52,19.52,-34.16,-195.2,-405.04,-219.6,-107.36,-92.72
-29.28,4.88,34.16,14.64,-34.16,19.52,-29.28,-200.08,-414.8,-224.48,-117.12,-92.72
-39.04,14.64,53.68,14.64,-48.8,34.16,-14.64,-204.96,-414.8,-219.6,-112.24,-92.72
-48.8,19.52,68.32,14.64,-58.56,43.92,-9.76,-195.2,-405.04,-204.96,-107.36,-87.84
-39.04,29.28,68.32,4.88,-53.68,48.8,-34.16,-200.08,-414.8,-200.08,-107.36,-92.72
-19.52,29.28,48.8,-4.88,-34.16,39.04,-24.4,-195.2,-400.16,-195.2,-97.6,-82.96
-34.16,19.52,53.68,9.76,-43.92,34.16,-24.4,-195.2,-405.04,-190.32,-87.84,-68.32
-43.92,9.76,53.68,19.52,-48.8,29.28,-9.76,-190.32,-405.04,-190.32,-87.84,-68.32
-53.68,14.64,68.32,19.52,-63.44,39.04,-19.52,-190.32,-409.92,-195.2,-97.6,-63.44
-48.8,19.52,68.32,14.64,-58.56,43.92,-19.52,-195.2,-405.04,-204.96,-112.24,-73.2
-19.52,19.52,39.04,0,-29.28,29.28,-24.4,-195.2,-419.68,-204.96,-117.12,-78.08
-9.76,14.64,24.4,0,-19.52,19.52,-9.76,-209.84,-429.44,-214.72,-126.88,-82.96
-14.64,19.52,34.16,0,-24.4,24.4,-39.04,-209.84,-424.56,-204.96,-122,-78.08
-14.64,29.28,43.92,-4.88,-29.28,34.16,-39.04,-214.72,-409.92,-200.08,-112.24,-87.84
-14.64,19.52,34.16,0,-24.4,24.4,-48.8,-214.72,-414.8,-190.32,-102.48,-97.6
-19.52,24.4,43.92,0,-34.16,34.16,-43.92,-214.72,-414.8,-190.32,-102.48,-97.6
0,29.28,29.28,-14.64,-14.64,29.28,-48.8,-219.6,-409.92,-200.08,-102.48,-97.6
-24.4,24.4,48.8,0,-39.04,34.16,-34.16,-209.84,-414.8,-209.84,-112.24,-107.36
-68.32,34.16,102.48,19.52,-87.84,68.32,-24.4,-195.2,-409.92,-204.96,-117.12,-92.72
-48.8,34.16,82.96,9.76,-68.32,58.56,-29.28,-195.2,-409.92,-204.96,-122,-102.48
-63.44,19.52,82.96,24.4,-73.2,48.8,-24.4,-175.68,-385.52,-195.2,-117.12,-92.72
-68.32,19.52,87.84,24.4,-78.08,53.68,-14.64,-165.92,-370.88,-190.32,-122,-102.48
-87.84,9.76,97.6,39.04,-92.72,53.68,-4.88,-156.16,-366,-185.44,-117.12,-107.36
-82.96,14.64,97.6,34.16,-92.72,53.68,24.4,-131.76,-322.08,-156.16,-92.72,-97.6
-68.32,19.52,87.84,24.4,-78.08,53.68,19.52,-107.36,-278.16,-107.36,-43.92,-73.2
-39.04,24.4,63.44,9.76,-53.68,43.92,0,-102.48,-234.24,-39.04,29.28,-34.16
-39.04,48.8,87.84,-4.88,-63.44,68.32,-9.76,-78.08,-156.16,73.2,141.52,39.04
-9.76,82.96,92.72,-34.16,-53.68,87.84,-19.52,-68.32,-73.2,204.96,297.68,131.76
39.04,126.88,87.84,-82.96,-24.4,107.36,-58.56,-97.6,-39.04,317.2,478.24,253.76
78.08,170.8,92.72,-122,-9.76,131.76,-92.72,-136.64,-34.16,429.44,697.84,405.04
102.48,214.72,112.24,-156.16,-4.88,161.04,-146.4,-219.6,-43.92,536.8,927.2,566.08
136.64,287.92,151.28,-209.84,-9.76,219.6,-204.96,-302.56,-68.32,649.04,1200.48,761.28
136.64,351.36,214.72,-244,-39.04,283.04,-268.4,-405.04,-97.6,761.28,1503.04,976
146.4,385.52,239.12,-263.52,-48.8,312.32,-341.6,-527.04,-165.92,839.36,1761.68,1166.32
185.44,414.8,229.36,-297.68,-24.4,322.08,-409.92,-629.52,-234.24,902.8,1986.16,1332.24
263.52,434.32,170.8,-346.48,43.92,302.56,-468.48,-727.12,-307.44,893.04,2059.36,1420.08
317.2,439.2,122,-375.76,97.6,278.16,-502.64,-834.48,-463.6,722.24,1898.32,1366.4
297.68,429.44,131.76,-361.12,82.96,278.16,-536.8,-941.84,-707.6,434.32,1576.24,1229.76
244,405.04,161.04,-322.08,39.04,283.04,-551.44,-1054.08,-961.36,48.8,1112.64,1024.8
180.56,390.4,209.84,-283.04,-14.64,297.68,-556.32,-1171.2,-1234.64,-375.76,614.88,805.2
146.4,366,219.6,-253.76,-39.04,292.8,-561.2,-1288.32,-1493.28,-795.44,170.8,580.72
92.72,331.84,239.12,-209.84,-73.2,283.04,-556.32,-1376.16,-1761.68,-1234.64,-297.68,326.96
24.4,326.96,302.56,-175.68,-141.52,312.32,-531.92,-1420.08,-1971.52,-1605.52,-692.96,92.72
-43.92,307.44,351.36,-131.76,-200.08,326.96,-478.24,-1376.16,-2000.8,-1717.76,-883.28,-58.56
-63.44,234.24,297.68,-82.96,-180.56,263.52,-429.44,-1298.08,-1952,-1712.88,-976,-190.32
-73.2,185.44,258.64,-53.68,-165.92,219.6,-375.76,-1205.36,-1893.44,-1678.72,-1015.04,-268.4
-97.6,170.8,268.4,-34.16,-185.44,219.6,-326.96,-1151.68,-1849.52,-1649.44,-1034.56,-307.44
-78.08,131.76,209.84,-24.4,-146.4,170.8,-287.92,-1102.88,-1815.36,-1605.52,-1054.08,-370.88
-92.72,43.92,136.64,24.4,-117.12,87.84,-244,-1063.84,-1766.56,-1581.12,-1078.48,-444.08
-122,-43.92,78.08,82.96,-102.48,14.64,-180.56,-1005.28,-1712.88,-1532.32,-1093.12,-507.52
-141.52,-78.08,63.44,112.24,-102.48,-9.76,-112.24,-917.44,-1610.4,-1439.6,-1039.44,-507.52
-156.16,-117.12,39.04,136.64,-97.6,-39.04,-73.2,-819.84,-1488.4,-1332.24,-966.24,-512.4
-170.8,-156.16,14.64,165.92,-92.72,-73.2,-29.28,-727.12,-1366.4,-1210.24,-888.16,-492.88
-151.28,-141.52,9.76,146.4,-82.96,-68.32,-4.88,-639.28,-1229.76,-1073.6,-790.56,-448.96
-161.04,-131.76,29.28,146.4,-97.6,-53.68,-9.76,-585.6,-1112.64,-941.84,-683.2,-409.92
-156.16,-117.12,39.04,136.64,-97.6,-39.04,-39.04,-536.8,-990.64,-814.96,-590.48,-356.24
-156.16,-112.24,43.92,136.64,-102.48,-34.16,-68.32,-483.12,-893.04,-722.24,-512.4,-322.08
-126.88,-92.72,34.16,112.24,-82.96,-29.28,-73.2,-405.04,-795.44,-619.76,-434.32,-292.8
-78.08,-68.32,9.76,73.2,-43.92,-29.28,-68.32,-336.72,-712.48,-536.8,-366,-268.4
-58.56,-58.56,0,58.56,-29.28,-29.28,-39.04,-278.16,-639.28,-473.36,-326.96,-253.76
-48.8,-29.28,19.52,39.04,-34.16,-4.88,-43.92,-258.64,-585.6,-414.8,-283.04,-224.48
-39.04,9.76,48.8,14.64,-43.92,29.28,-19.52,-209.84,-507.52,-336.72,-224.48,-180.56
-48.8,14.64,63.44,19.52,-58.56,39.04,-4.88,-175.68,-444.08,-302.56,-200.08,-151.28
-39.04,19.52,58.56,9.76,-48.8,39.04,-4.88,-161.04,-414.8,-278.16,-190.32,-151.28
-48.8,9.76,58.56,19.52,-53.68,34.16,-4.88,-151.28,-400.16,-248.88,-175.68,-146.4
-63.44,4.88,68.32,29.28,-68.32,34.16,0,-131.76,-370.88,-214.72,-146.4,-131.76
-63.44,-9.76,53.68,39.04,-58.56,19.52,0,-126.88,-356.24,-200.08,-131.76,-131.76
-48.8,-14.64,34.16,34.16,-43.92,9.76,-9.76,-136.64,-356.24,-190.32,-131.76,-141.52
-24.4,-9.76,14.64,19.52,-19.52,0,-24.4,-146.4,-351.36,-185.44,-117.12,-131.76
-34.16,0,34.16,19.52,-34.16,14.64,-24.4,-136.64,-336.72,-165.92,-102.48,-122
-63.44,9.76,73.2,29.28,-68.32,39.04,-29.28,-126.88,-322.08,-151.28,-87.84,-102.48
-58.56,34.16,92.72,14.64,-78.08,63.44,-24.4,-122,-302.56,-131.76,-68.32,-87.84
-48.8,43.92,92.72,4.88,-73.2,68.32,-14.64,-117.12,-297.68,-141.52,-63.44,-82.96
-24.4,53.68,78.08,-14.64,-53.68,63.44,-34.16,-117.12,-302.56,-141.52,-78.08,-92.72
19.52,68.32,48.8,-43.92,-14.64,58.56,-43.92,-122,-302.56,-136.64,-68.32,-97.6
-24.4,63.44,87.84,-19.52,-58.56,73.2,-39.04,-122,-292.8,-126.88,-58.56,-92.72
-87.84,43.92,131.76,24.4,-112.24,87.84,-14.64,-97.6,-258.64,-92.72,-34.16,-63.44
-82.96,43.92,126.88,19.52,-107.36,82.96,-14.64,-97.6,-248.88,-78.08,-29.28,-58.56
-24.4,34.16,58.56,-4.88,-43.92,43.92,-29.28,-122,-263.52,-92.72,-34.16,-68.32
-19.52,29.28,48.8,-4.88,-34.16,39.04,-29.28,-122,-263.52,-92.72,-24.4,-58.56
-24.4,24.4,48.8,0,-39.04,34.16,-34.16,-112.24,-253.76,-97.6,-34.16,-53.68
4.88,19.52,14.64,-9.76,-4.88,14.64,-39.04,-122,-248.88,-102.48,-43.92,-58.56
-29.28,24.4,53.68,4.88,-43.92,39.04,-48.8,-102.48,-248.88,-92.72,-24.4,-34.16
-48.8,24.4,73.2,14.64,-63.44,48.8,-24.4,-92.72,-234.24,-73.2,-19.52,-29.28
-29.28,34.16,63.44,0,-48.8,48.8,-24.4,-92.72,-224.48,-68.32,-19.52,-39.04
-24.4,34.16,58.56,-4.88,-43.92,43.92,-9.76,-82.96,-219.6,-58.56,-19.52,-48.8
-19.52,39.04,58.56,-9.76,-39.04,48.8,-29.28,-87.84,-224.48,-68.32,-43.92,-68.32
-9.76,48.8,58.56,-19.52,-34.16,53.68,-29.28,-97.6,-229.36,-63.44,-48.8,-73.2
-9.76,39.04,48.8,-14.64,-29.28,43.92,-19.52,-92.72,-224.48,-53.68,-29.28,-58.56
-24.4,48.8,73.2,-9.76,-48.8,58.56,-29.28,-97.6,-229.36,-58.56,-24.4,-53.68
-14.64,63.44,78.08,-24.4,-48.8,68.32,-29.28,-97.6,-234.24,-58.56,-29.28,-43.92
-29.28,43.92,73.2,-4.88,-53.68,58.56,-24.4,-87.84,-219.6,-48.8,-19.52,-34.16
-43.92,39.04,82.96,4.88,-63.44,58.56,-24.4,-78.08,-214.72,-48.8,-9.76,-19.52
-48.8,34.16,82.96,9.76,-68.32,58.56,-14.64,-78.08,-209.84,-48.8,-24.4,-19.52
-78.08,9.76,87.84,34.16,-82.96,48.8,-9.76,-73.2,-204.96,-43.92,-29.28,-19.52
-48.8,4.88,53.68,24.4,-53.68,29.28,-9.76,-78.08,-204.96,-39.04,-24.4,-19.52
-29.28,19.52,48.8,4.88,-39.04,34.16,-4.88,-73.2,-195.2,-19.52,-4.88,-4.88
-24.4,34.16,58.56,-4.88,-43.92,43.92,0,-78.08,-190.32,-4.88,4.88,4.88
0,48.8,48.8,-24.4,-24.4,48.8,-4.88,-87.84,-190.32,-4.88,24.4,9.76
-24.4,48.8,73.2,-9.76,-48.8,58.56,-19.52,-92.72,-195.2,0,24.4,9.76
-34.16,53.68,87.84,-9.76,-63.44,68.32,-19.52,-73.2,-185.44,4.88,29.28,9.76
-34.16,63.44,97.6,-14.64,-68.32,78.08,-19.52,-78.08,-185.44,0,19.52,-4.88
-24.4,58.56,82.96,-14.64,-53.68,68.32,-24.4,-68.32,-185.44,-14.64,4.88,-14.64
9.76,58.56,48.8,-34.16,-19.52,53.68,-24.4,-63.44,-185.44,-14.64,-14.64,-29.28
14.64,43.92,29.28,-29.28,-9.76,34.16,-29.28,-58.56,-180.56,-9.76,-9.76,-39.04
-9.76,43.92,53.68,-14.64,-34.16,48.8,-19.52,-58.56,-175.68,4.88,0,-34.16
-9.76,48.8,58.56,-19.52,-34.16,53.68,-19.52,-53.68,-165.92,9.76,0,-24.4
24.4,48.8,24.4,-34.16,0,34.16,-34.16,-63.44,-161.04,19.52,9.76,-24.4
9.76,63.44,53.68,-34.16,-24.4,58.56,-19.52,-48.8,-146.4,39.04,39.04,-14.64
-48.8,63.44,112.24,-4.88,-82.96,87.84,-4.88,-43.92,-131.76,58.56,53.68,-4.88
-63.44,73.2,136.64,-4.88,-102.48,102.48,-9.76,-24.4,-117.12,63.44,58.56,-4.88
-24.4,87.84,112.24,-29.28,-68.32,97.6,-4.88,-19.52,-112.24,58.56,53.68,0
-19.52,87.84,107.36,-34.16,-63.44,97.6,-24.4,-29.28,-112.24,43.92,39.04,-4.88
-24.4,87.84,112.24,-29.28,-68.32,97.6,-19.52,-19.52,-112.24,68.32,53.68,4.88
9.76,92.72,82.96,-48.8,-39.04,87.84,-34.16,-24.4,-107.36,73.2,63.44,4.88
9.76,82.96,73.2,-43.92,-34.16,78.08,-39.04,-34.16,-117.12,63.44,48.8,4.88
4.88,73.2,68.32,-39.04,-34.16,68.32,-43.92,-19.52,-112.24,63.44,39.04,9.76
9.76,73.2,63.44,-39.04,-29.28,68.32,-43.92,-14.64,-102.48,82.96,48.8,29.28
14.64,78.08,63.44,-43.92,-24.4,68.32,-43.92,-9.76,-92.72,92.72,73.2,53.68
19.52,97.6,78.08,-58.56,-29.28,87.84,-43.92,-9.76,-92.72,102.48,82.96,58.56
9.76,87.84,78.08,-48.8,-34.16,82.96,-48.8,-4.88,-78.08,112.24,92.72,58.56
0,87.84,87.84,-43.92,-43.92,87.84,-43.92,4.88,-68.32,117.12,102.48,58.56
-9.76,102.48,112.24,-43.92,-63.44,107.36,-19.52,19.52,-53.68,122,107.36,58.56
-4.88,102.48,107.36,-48.8,-58.56,102.48,-34.16,9.76,-68.32,117.12,82.96,34.16
0,97.6,97.6,-48.8,-48.8,97.6,-48.8,14.64,-58.56,122,82.96,34.16
9.76,97.6,87.84,-53.68,-39.04,92.72,-43.92,19.52,-43.92,141.52,87.84,43.92
24.4,102.48,78.08,-63.44,-29.28,87.84,-53.68,24.4,-24.4,146.4,87.84,48.8
34.16,102.48,68.32,-68.32,-19.52,82.96,-48.8,29.28,-4.88,170.8,97.6,48.8
9.76,97.6,87.84,-53.68,-39.04,92.72,-48.8,34.16,-4.88,175.68,117.12,53.68
-4.88,102.48,107.36,-48.8,-58.56,102.48,-39.04,43.92,-14.64,180.56,117.12,58.56
4.88,102.48,97.6,-53.68,-48.8,97.6,-34.16,58.56,0,180.56,107.36,48.8
19.52,112.24,92.72,-63.44,-39.04,102.48,-39.04,58.56,4.88,180.56,102.48,48.8
34.16,122,87.84,-78.08,-29.28,102.48,-53.68,73.2,14.64,190.32,122,63.44
19.52,117.12,97.6,-68.32,-39.04,107.36,-48.8,82.96,29.28,209.84,126.88,73.2
19.52,112.24,92.72,-63.44,-39.04,102.48,-53.68,92.72,39.04,219.6,141.52,78.08
34.16,122,87.84,-78.08,-29.28,102.48,-43.92,97.6,58.56,244,156.16,87.84
58.56,122,63.44,-87.84,-4.88,92.72,-58.56,97.6,58.56,244,161.04,82.96
68.32,126.88,58.56,-97.6,4.88,92.72,-53.68,102.48,78.08,263.52,161.04,73.2
43.92,131.76,87.84,-87.84,-24.4,107.36,-48.8,122,102.48,283.04,180.56,87.84
14.64,131.76,117.12,-73.2,-53.68,122,-48.8,131.76,102.48,292.8,190.32,87.84
9.76,136.64,126.88,-73.2,-58.56,131.76,-48.8,146.4,107.36,302.56,195.2,82.96
19.52,146.4,126.88,-82.96,-53.68,136.64,-53.68,146.4,117.12,312.32,200.08,82.96
29.28,156.16,126.88,-92.72,-48.8,141.52,-63.44,151.28,131.76,317.2,209.84,82.96
53.68,151.28,97.6,-102.48,-24.4,122,-43.92,170.8,151.28,331.84,209.84,92.72
58.56,136.64,78.08,-97.6,-9.76,107.36,-34.16,180.56,165.92,336.72,214.72,87.84
43.92,136.64,92.72,-87.84,-24.4,112.24,-19.52,200.08,190.32,375.76,234.24,117.12
68.32,126.88,58.56,-97.6,4.88,92.72,-29.28,219.6,224.48,400.16,263.52,136.64
73.2,156.16,82.96,-112.24,-4.88,117.12,-34.16,219.6,244,414.8,268.4,136.64
68.32,185.44,117.12,-126.88,-24.4,151.28,-39.04,234.24,263.52,434.32,297.68,151.28
78.08,195.2,117.12,-136.64,-19.52,156.16,-34.16,253.76,273.28,453.84,312.32,161.04
73.2,190.32,117.12,-131.76,-24.4,151.28,-39.04,258.64,278.16,453.84,307.44,161.04
53.68,185.44,131.76,-117.12,-39.04,156.16,-34.16,273.28,287.92,463.6,312.32,161.04
53.68,170.8,117.12,-112.24,-34.16,141.52,-14.64,283.04,302.56,473.36,312.32,156.16
92.72,170.8,78.08,-131.76,4.88,122,-39.04,297.68,322.08,488,322.08,161.04
126.88,170.8,43.92,-146.4,39.04,107.36,-43.92,307.44,336.72,507.52,331.84,165.92
102.48,175.68,73.2,-136.64,14.64,122,-39.04,322.08,366,541.68,375.76,195.2
82.96,170.8,87.84,-126.88,-4.88,126.88,-39.04,336.72,385.52,570.96,385.52,190.32
78.08,151.28,73.2,-112.24,0,112.24,-29.28,331.84,380.64,561.2,361.12,165.92
102.48,151.28,48.8,-126.88,24.4,97.6,-39.04,331.84,380.64,566.08,366,175.68
92.72,175.68,82.96,-131.76,4.88,126.88,-24.4,356.24,409.92,590.48,385.52,204.96
117.12,175.68,58.56,-146.4,29.28,117.12,-43.92,361.12,419.68,600.24,395.28,214.72
117.12,185.44,68.32,-151.28,24.4,126.88,-48.8,375.76,429.44,614.88,414.8,219.6
122,200.08,78.08,-161.04,19.52,136.64,-53.68,385.52,458.72,629.52,429.44,224.48
141.52,195.2,53.68,-165.92,43.92,122,-63.44,385.52,458.72,619.76,409.92,214.72
141.52,204.96,63.44,-170.8,39.04,131.76,-68.32,395.28,468.48,634.4,400.16,204.96
97.6,200.08,102.48,-146.4,-4.88,151.28,-43.92,419.68,488,668.56,434.32,244
92.72,190.32,97.6,-141.52,-4.88,141.52,-34.16,434.32,502.64,688.08,453.84,263.52
112.24,190.32,78.08,-151.28,14.64,131.76,-39.04,424.56,507.52,688.08,463.6,268.4
117.12,200.08,82.96,-156.16,14.64,141.52,-43.92,424.56,497.76,688.08,468.48,268.4
122,209.84,87.84,-165.92,14.64,146.4,-53.68,424.56,497.76,683.2,468.48,268.4
122,214.72,92.72,-165.92,14.64,151.28,-53.68,429.44,502.64,678.32,458.72,258.64
126.88,224.48,97.6,-175.68,14.64,161.04,-63.44,424.56,497.76,663.68,444.08,234.24
112.24,209.84,97.6,-161.04,4.88,151.28,-43.92,429.44,492.88,658.8,439.2,224.48
117.12,200.08,82.96,-156.16,14.64,141.52,-58.56,419.68,468.48,649.04,429.44,224.48
131.76,200.08,68.32,-165.92,29.28,131.76,-78.08,414.8,468.48,649.04,419.68,214.72
107.36,214.72,107.36,-161.04,0,161.04,-68.32,419.68,478.24,658.8,439.2,234.24
92.72,204.96,112.24,-146.4,-9.76,156.16,-48.8,429.44,478.24,668.56,444.08,239.12
126.88,209.84,82.96,-165.92,19.52,146.4,-29.28,419.68,463.6,649.04,424.56,229.36
141.52,219.6,78.08,-180.56,29.28,146.4,-43.92,409.92,458.72,653.92,444.08,244
122,224.48,102.48,-170.8,9.76,161.04,-48.8,405.04,448.96,644.16,448.96,263.52
136.64,229.36,92.72,-180.56,19.52,161.04,-48.8,400.16,448.96,634.4,448.96,273.28
141.52,219.6,78.08,-180.56,29.28,146.4,-58.56,380.64,414.8,605.12,419.68,263.52
156.16,214.72,58.56,-185.44,48.8,136.64,-53.68,366,375.76,551.44,370.88,244
170.8,214.72,43.92,-190.32,63.44,126.88,-63.44,351.36,361.12,536.8,351.36,244
146.4,185.44,39.04,-165.92,53.68,112.24,-48.8,336.72,351.36,536.8,341.6,229.36
141.52,175.68,34.16,-156.16,53.68,102.48,-58.56,322.08,326.96,517.28,336.72,229.36
122,170.8,48.8,-146.4,34.16,107.36,-53.68,322.08,322.08,512.4,336.72,234.24
122,165.92,43.92,-141.52,39.04,102.48,-58.56,302.56,302.56,497.76,326.96,224.48
117.12,165.92,48.8,-141.52,34.16,107.36,-53.68,287.92,287.92,483.12,326.96,224.48
78.08,146.4,68.32,-112.24,4.88,107.36,-53.68,278.16,258.64,468.48,322.08,224.48
63.44,156.16,92.72,-107.36,-14.64,122,-58.56,273.28,239.12,444.08,307.44,214.72
112.24,175.68,63.44,-141.52,24.4,117.12,-63.44,244,224.48,409.92,268.4,180.56
126.88,185.44,58.56,-156.16,34.16,122,-73.2,219.6,190.32,370.88,248.88,161.04
122,180.56,58.56,-151.28,29.28,117.12,-68.32,195.2,156.16,341.6,224.48,141.52
131.76,180.56,48.8,-156.16,39.04,112.24,-87.84,175.68,141.52,312.32,204.96,126.88
102.48,175.68,73.2,-136.64,14.64,122,-78.08,175.68,146.4,317.2,214.72,146.4
92.72,170.8,78.08,-131.76,4.88,122,-68.32,156.16,126.88,302.56,204.96,146.4
92.72,151.28,58.56,-122,14.64,102.48,-63.44,136.64,107.36,278.16,190.32,136.64
87.84,146.4,58.56,-117.12,14.64,102.48,-68.32,126.88,102.48,268.4,195.2,151.28
68.32,170.8,102.48,-117.12,-19.52,136.64,-78.08,112.24,92.72,258.64,200.08,170.8
68.32,175.68,107.36,-122,-19.52,141.52,-78.08,92.72,73.2,229.36,175.68,156.16
97.6,185.44,87.84,-141.52,4.88,136.64,-78.08,73.2,48.8,200.08,161.04,156.16
92.72,175.68,82.96,-131.76,4.88,126.88,-87.84,48.8,29.28,165.92,146.4,151.28
102.48,156.16,53.68,-126.88,24.4,102.48,-97.6,24.4,4.88,131.76,112.24,122
97.6,146.4,48.8,-122,24.4,97.6,-97.6,19.52,-9.76,122,92.72,102.48
87.84,141.52,53.68,-112.24,14.64,97.6,-102.48,4.88,-14.64,112.24,87.84,92.72
78.08,146.4,68.32,-112.24,4.88,107.36,-97.6,-4.88,-9.76,112.24,92.72,97.6
73.2,141.52,68.32,-107.36,0,102.48,-102.48,-24.4,-19.52,87.84,68.32,78.08
82.96,136.64,53.68,-107.36,14.64,92.72,-107.36,-43.92,-58.56,53.68,43.92,48.8
97.6,131.76,34.16,-112.24,29.28,82.96,-122,-58.56,-78.08,34.16,19.52,39.04
58.56,117.12,58.56,-87.84,0,87.84,-102.48,-48.8,-73.2,43.92,34.16,53.68
4.88,117.12,112.24,-58.56,-53.68,112.24,-82.96,-43.92,-73.2,48.8,48.8,68.32
-14.64,126.88,141.52,-53.68,-78.08,131.76,-87.84,-53.68,-73.2,43.92,53.68,78.08
4.88,126.88,122,-63.44,-58.56,122,-87.84,-68.32,-87.84,24.4,39.04,58.56
9.76,122,112.24,-63.44,-53.68,117.12,-82.96,-68.32,-92.72,9.76,19.52,43.92
24.4,122,97.6,-73.2,-39.04,107.36,-87.84,-82.96,-102.48,-9.76,4.88,34.16
48.8,112.24,63.44,-78.08,-9.76,87.84,-97.6,-102.48,-112.24,-34.16,-24.4,9.76
58.56,112.24,53.68,-82.96,0,82.96,-107.36,-107.36,-102.48,-39.04,-34.16,0
53.68,112.24,58.56,-82.96,-4.88,82.96,-102.48,-112.24,-131.76,-43.92,-29.28,9.76
53.68,112.24,58.56,-82.96,-4.88,82.96,-97.6,-126.88,-136.64,-53.68,-29.28,19.52
58.56,112.24,53.68,-82.96,0,82.96,-112.24,-126.88,-146.4,-58.56,-39.04,19.52
48.8,131.76,82.96,-87.84,-19.52,107.36,-107.36,-131.76,-151.28,-73.2,-48.8,14.64
34.16,136.64,102.48,-82.96,-34.16,117.12,-102.48,-126.88,-151.28,-73.2,-53.68,24.4
53.68,117.12,63.44,-82.96,-4.88,87.84,-107.36,-141.52,-170.8,-92.72,-68.32,0
58.56,107.36,48.8,-82.96,4.88,78.08,-112.24,-151.28,-165.92,-87.84,-63.44,-9.76
34.16,107.36,73.2,-68.32,-19.52,87.84,-102.48,-141.52,-151.28,-87.84,-53.68,-19.52
29.28,102.48,73.2,-63.44,-24.4,87.84,-97.6,-151.28,-165.92,-112.24,-82.96,-43.92
24.4,97.6,73.2,-58.56,-24.4,82.96,-87.84,-151.28,-156.16,-102.48,-82.96,-39.04
-19.52,82.96,102.48,-29.28,-63.44,92.72,-82.96,-141.52,-146.4,-87.84,-63.44,-14.64
-9.76,78.08,87.84,-34.16,-48.8,82.96,-82.96,-146.4,-151.28,-97.6,-73.2,-14.64
48.8,97.6,48.8,-73.2,0,73.2,-92.72,-156.16,-161.04,-117.12,-97.6,-24.4
19.52,107.36,87.84,-63.44,-34.16,97.6,-68.32,-146.4,-146.4,-102.48,-78.08,-9.76
-29.28,102.48,131.76,-34.16,-82.96,117.12,-63.44,-136.64,-131.76,-87.84,-73.2,4.88
39.04,102.48,63.44,-68.32,-14.64,82.96,-78.08,-146.4,-156.16,-107.36,-87.84,-9.76
92.72,107.36,14.64,-97.6,39.04,58.56,-102.48,-165.92,-161.04,-112.24,-92.72,-14.64
122,117.12,-4.88,-117.12,63.44,53.68,-102.48,-170.8,-165.92,-117.12,-92.72,-29.28
63.44,126.88,63.44,-92.72,0,92.72,-73.2,-151.28,-146.4,-87.84,-68.32,-19.52
19.52,117.12,97.6,-68.32,-39.04,107.36,-78.08,-146.4,-136.64,-82.96,-63.44,-19.52
14.64,112.24,97.6,-63.44,-43.92,102.48,-92.72,-151.28,-141.52,-92.72,-78.08,-34.16
-9.76,82.96,92.72,-34.16,-53.68,87.84,-97.6,-161.04,-156.16,-102.48,-92.72,-48.8
-19.52,87.84,107.36,-34.16,-63.44,97.6,-92.72,-151.28,-131.76,-87.84,-78.08,-39.04
4.88,107.36,102.48,-53.68,-48.8,102.48,-92.72,-146.4,-117.12,-82.96,-78.08,-24.4
4.88,92.72,87.84,-48.8,-43.92,87.84,-92.72,-141.52,-112.24,-87.84,-78.08,-19.52
-14.64,87.84,102.48,-34.16,-58.56,92.72,-87.84,-136.64,-92.72,-73.2,-63.44,-9.76
-24.4,87.84,112.24,-29.28,-68.32,97.6,-73.2,-126.88,-78.08,-63.44,-63.44,0
0,87.84,87.84,-43.92,-43.92,87.84,-78.08,-136.64,-82.96,-73.2,-63.44,4.88
24.4,97.6,73.2,-58.56,-24.4,82.96,-82.96,-136.64,-73.2,-53.68,-39.04,14.64
9.76,92.72,82.96,-48.8,-39.04,87.84,-63.44,-126.88,-53.68,-39.04,-29.28,24.4
-14.64,97.6,112.24,-39.04,-63.44,102.48,-68.32,-122,-43.92,-48.8,-34.16,14.64
14.64,107.36,92.72,-58.56,-39.04,97.6,-73.2,-131.76,-48.8,-58.56,-48.8,4.88
24.4,102.48,78.08,-63.44,-29.28,87.84,-68.32,-136.64,-43.92,-53.68,-48.8,-4.88
24.4,87.84,63.44,-53.68,-19.52,73.2,-73.2,-136.64,-34.16,-39.04,-24.4,9.76
24.4,102.48,78.08,-63.44,-29.28,87.84,-63.44,-136.64,-24.4,-29.28,-14.64,14.64
4.88,107.36,102.48,-53.68,-48.8,102.48,-63.44,-131.76,-14.64,-29.28,-24.4,4.88
29.28,117.12,87.84,-73.2,-29.28,102.48,-68.32,-122,9.76,-14.64,-24.4,14.64
39.04,112.24,73.2,-73.2,-19.52,92.72,-73.2,-131.76,-4.88,-19.52,-29.28,14.64
53.68,122,68.32,-87.84,-9.76,92.72,-82.96,-126.88,-4.88,-19.52,-34.16,4.88
58.56,131.76,73.2,-92.72,-9.76,102.48,-78.08,-131.76,9.76,-4.88,-19.52,9.76
48.8,122,73.2,-82.96,-14.64,97.6,-78.08,-136.64,14.64,-4.88,-9.76,29.28
34.16,122,87.84,-78.08,-29.28,102.48,-73.2,-126.88,14.64,4.88,0,39.04
39.04,136.64,97.6,-87.84,-29.28,117.12,-63.44,-117.12,24.4,9.76,0,34.16
24.4,131.76,107.36,-78.08,-43.92,117.12,-73.2,-122,19.52,4.88,-9.76,19.52
-9.76,136.64,146.4,-63.44,-78.08,141.52,-63.44,-107.36,34.16,19.52,4.88,34.16
-9.76,131.76,141.52,-58.56,-78.08,136.64,-68.32,-112.24,34.16,14.64,-9.76,19.52
14.64,112.24,97.6,-63.44,-43.92,102.48,-82.96,-126.88,24.4,14.64,-19.52,9.76
9.76,117.12,107.36,-63.44,-48.8,112.24,-68.32,-117.12,34.16,29.28,-4.88,19.52
9.76,117.12,107.36,-63.44,-48.8,112.24,-58.56,-112.24,34.16,29.28,-4.88,19.52
19.52,112.24,92.72,-63.44,-39.04,102.48,-82.96,-126.88,29.28,24.4,-9.76,4.88
29.28,126.88,97.6,-78.08,-34.16,112.24,-87.84,-126.88,29.28,24.4,0,14.64
34.16,131.76,97.6,-82.96,-34.16,112.24,-78.08,-117.12,43.92,34.16,9.76,29.28
34.16,126.88,92.72,-78.08,-29.28,107.36,-73.2,-107.36,43.92,39.04,4.88,34.16
24.4,117.12,92.72,-68.32,-34.16,102.48,-63.44,-102.48,53.68,43.92,9.76,43.92
43.92,126.88,82.96,-82.96,-19.52,102.48,-58.56,-107.36,48.8,39.04,9.76,43.92
43.92,131.76,87.84,-87.84,-24.4,107.36,-58.56,-102.48,48.8,53.68,24.4,39.04
43.92,131.76,87.84,-87.84,-24.4,107.36,-73.2,-107.36,43.92,53.68,19.52,29.28
48.8,131.76,82.96,-87.84,-19.52,107.36,-82.96,-102.48,58.56,53.68,29.28,34.16
39.04,122,82.96,-78.08,-24.4,102.48,-78.08,-107.36,53.68,48.8,14.64,29.28
19.52,122,102.48,-68.32,-43.92,112.24,-58.56,-102.48,63.44,48.8,4.88,24.4
19.52,126.88,107.36,-73.2,-43.92,117.12,-82.96,-97.6,68.32,53.68,9.76,34.16
14.64,136.64,122,-73.2,-53.68,126.88,-87.84,-102.48,48.8,48.8,4.88,29.28
0,136.64,136.64,-68.32,-68.32,136.64,-78.08,-97.6,39.04,43.92,-9.76,24.4
9.76,146.4,136.64,-78.08,-63.44,141.52,-73.2,-92.72,39.04,43.92,-19.52,24.4
43.92,146.4,102.48,-92.72,-29.28,122,-73.2,-87.84,24.4,34.16,-34.16,24.4
82.96,131.76,48.8,-107.36,14.64,87.84,-82.96,-97.6,24.4,39.04,-34.16,19.52
34.16,122,87.84,-78.08,-29.28,102.48,-63.44,-78.08,34.16,58.56,-24.4,24.4
4.88,117.12,112.24,-58.56,-53.68,112.24,-53.68,-78.08,43.92,53.68,-24.4,19.52
48.8,122,73.2,-82.96,-14.64,97.6,-68.32,-82.96,34.16,39.04,-43.92,-4.88
53.68,122,68.32,-87.84,-9.76,92.72,-63.44,-82.96,34.16,43.92,-34.16,0
39.04,131.76,92.72,-82.96,-29.28,112.24,-53.68,-87.84,24.4,43.92,-29.28,9.76
24.4,136.64,112.24,-78.08,-43.92,122,-43.92,-87.84,24.4,39.04,-34.16,19.52
0,131.76,131.76,-63.44,-68.32,131.76,-53.68,-87.84,24.4,39.04,-39.04,24.4
0,126.88,126.88,-63.44,-63.44,126.88,-58.56,-92.72,19.52,39.04,-39.04,34.16
14.64,126.88,112.24,-68.32,-48.8,117.12,-58.56,-102.48,14.64,19.52,-58.56,24.4
29.28,122,92.72,-73.2,-34.16,107.36,-58.56,-102.48,0,9.76,-73.2,19.52
63.44,141.52,78.08,-102.48,-9.76,107.36,-73.2,-97.6,0,4.88,-78.08,4.88
73.2,131.76,58.56,-102.48,4.88,92.72,-82.96,-102.48,0,9.76,-78.08,0
43.92,117.12,73.2,-78.08,-14.64,92.72,-92.72,-112.24,-14.64,4.88,-82.96,-9.76
9.76,112.24,102.48,-58.56,-48.8,107.36,-87.84,-117.12,-14.64,4.88,-78.08,-9.76
29.28,117.12,87.84,-73.2,-29.28,102.48,-78.08,-126.88,-19.52,-4.88,-82.96,-14.64
73.2,141.52,68.32,-107.36,0,102.48,-102.48,-131.76,-19.52,-14.64,-92.72,-14.64
43.92,141.52,97.6,-92.72,-29.28,117.12,-92.72,-112.24,-14.64,0,-78.08,-4.88
24.4,122,97.6,-73.2,-39.04,107.36,-82.96,-112.24,-14.64,-4.88,-82.96,-4.88
29.28,117.12,87.84,-73.2,-29.28,102.48,-87.84,-107.36,-9.76,0,-78.08,0
4.88,117.12,112.24,-58.56,-53.68,112.24,-78.08,-97.6,4.88,4.88,-73.2,4.88
9.76,107.36,97.6,-58.56,-43.92,102.48,-78.08,-92.72,4.88,-9.76,-92.72,-14.64
9.76,102.48,92.72,-53.68,-43.92,97.6,-63.44,-82.96,0,4.88,-87.84,0
9.76,92.72,82.96,-48.8,-39.04,87.84,-78.08,-92.72,4.88,4.88,-87.84,0
14.64,97.6,82.96,-53.68,-34.16,87.84,-92.72,-102.48,0,0,-97.6,4.88
24.4,102.48,78.08,-63.44,-29.28,87.84,-102.48,-117.12,-24.4,-9.76,-97.6,0
43.92,117.12,73.2,-78.08,-14.64,92.72,-107.36,-117.12,-19.52,0,-82.96,0
68.32,126.88,58.56,-97.6,4.88,92.72,-97.6,-107.36,-9.76,4.88,-78.08,-9.76
68.32,141.52,73.2,-102.48,-4.88,107.36,-102.48,-112.24,-19.52,-24.4,-112.24,-34.16
58.56,146.4,87.84,-102.48,-14.64,117.12,-112.24,-122,-24.4,-34.16,-126.88,-48.8
34.16,122,87.84,-78.08,-29.28,102.48,-112.24,-122,-39.04,-39.04,-136.64,-48.8
39.04,112.24,73.2,-73.2,-19.52,92.72,-107.36,-122,-34.16,-29.28,-131.76,-43.92
53.68,122,68.32,-87.84,-9.76,92.72,-112.24,-117.12,-19.52,-19.52,-117.12,-39.04
48.8,126.88,78.08,-87.84,-14.64,102.48,-117.12,-117.12,-19.52,-24.4,-117.12,-39.04
29.28,122,92.72,-73.2,-34.16,107.36,-112.24,-117.12,-19.52,-19.52,-117.12,-29.28
14.64,136.64,122,-73.2,-53.68,126.88,-97.6,-107.36,-4.88,0,-92.72,-9.76
14.64,151.28,136.64,-82.96,-63.44,141.52,-112.24,-107.36,9.76,4.88,-87.84,-14.64
14.64,151.28,136.64,-82.96,-63.44,141.52,-122,-117.12,9.76,-9.76,-92.72,-24.4
9.76,141.52,131.76,-73.2,-63.44,136.64,-117.12,-122,14.64,-19.52,-107.36,-34.16
43.92,122,78.08,-82.96,-19.52,97.6,-131.76,-141.52,-14.64,-39.04,-131.76,-53.68
53.68,126.88,73.2,-87.84,-9.76,97.6,-146.4,-141.52,-24.4,-39.04,-122,-48.8
29.28,136.64,107.36,-82.96,-39.04,122,-122,-136.64,-9.76,-19.52,-87.84,-29.28
19.52,126.88,107.36,-73.2,-43.92,117.12,-136.64,-136.64,0,-9.76,-73.2,-19.52
29.28,131.76,102.48,-78.08,-39.04,117.12,-136.64,-136.64,4.88,-19.52,-87.84,-24.4
29.28,117.12,87.84,-73.2,-29.28,102.48,-122,-136.64,9.76,-29.28,-117.12,-43.92
39.04,126.88,87.84,-82.96,-24.4,107.36,-112.24,-136.64,4.88,-39.04,-131.76,-43.92
48.8,141.52,92.72,-92.72,-24.4,117.12,-126.88,-136.64,-4.88,-29.28,-122,-34.16
39.04,151.28,112.24,-92.72,-39.04,131.76,-126.88,-131.76,4.88,-24.4,-117.12,-29.28
39.04,146.4,107.36,-92.72,-34.16,126.88,-131.76,-136.64,-4.88,-39.04,-141.52,-39.04
29.28,131.76,102.48,-78.08,-39.04,117.12,-141.52,-151.28,-19.52,-53.68,-151.28,-43.92
34.16,126.88,92.72,-78.08,-29.28,107.36,-131.76,-151.28,-9.76,-43.92,-141.52,-39.04
29.28,122,92.72,-73.2,-34.16,107.36,-126.88,-136.64,19.52,-29.28,-117.12,-19.52
34.16,92.72,58.56,-63.44,-14.64,73.2,-131.76,-136.64,4.88,-29.28,-122,-29.28
19.52,97.6,78.08,-58.56,-29.28,87.84,-141.52,-131.76,9.76,-24.4,-117.12,-39.04
9.76,117.12,107.36,-63.44,-48.8,112.24,-136.64,-122,24.4,-9.76,-112.24,-53.68
34.16,136.64,102.48,-82.96,-34.16,117.12,-161.04,-151.28,0,-34.16,-131.76,-92.72
68.32,146.4,78.08,-107.36,-4.88,112.24,-165.92,-161.04,-9.76,-43.92,-151.28,-112.24
53.68,161.04,107.36,-107.36,-29.28,131.76,-175.68,-156.16,0,-43.92,-151.28,-107.36
34.16,161.04,126.88,-97.6,-48.8,141.52,-175.68,-156.16,0,-48.8,-161.04,-102.48
19.52,146.4,126.88,-82.96,-53.68,136.64,-165.92,-151.28,-4.88,-58.56,-165.92,-87.84
-4.88,122,126.88,-58.56,-68.32,122,-156.16,-136.64,4.88,-48.8,-156.16,-53.68
0,122,122,-58.56,-63.44,122,-156.16,-131.76,19.52,-24.4,-122,-19.52
39.04,117.12,78.08,-78.08,-19.52,97.6,-161.04,-141.52,19.52,-24.4,-122,-19.52
68.32,107.36,39.04,-87.84,14.64,73.2,-195.2,-161.04,-9.76,-48.8,-146.4,-34.16
53.68,122,68.32,-87.84,-9.76,92.72,-185.44,-156.16,-4.88,-39.04,-131.76,-39.04
9.76,131.76,122,-68.32,-58.56,126.88,-180.56,-141.52,14.64,-19.52,-107.36,-29.28
-14.64,146.4,161.04,-63.44,-87.84,151.28,-175.68,-131.76,39.04,0,-87.84,-9.76
-9.76,156.16,165.92,-73.2,-87.84,161.04,-185.44,-122,43.92,-4.88,-107.36,-19.52
29.28,131.76,102.48,-78.08,-39.04,117.12,-195.2,-141.52,9.76,-53.68,-165.92,-48.8
58.56,126.88,68.32,-92.72,-4.88,97.6,-175.68,-151.28,-4.88,-68.32,-180.56,-63.44
78.08,151.28,73.2,-112.24,0,112.24,-195.2,-151.28,4.88,-53.68,-175.68,-63.44
53.68,146.4,92.72,-97.6,-19.52,117.12,-204.96,-151.28,4.88,-48.8,-170.8,-73.2
68.32,151.28,82.96,-107.36,-9.76,117.12,-195.2,-161.04,0,-53.68,-170.8,-82.96
43.92,146.4,102.48,-92.72,-29.28,122,-190.32,-175.68,-4.88,-53.68,-175.68,-87.84
-4.88,151.28,156.16,-73.2,-82.96,151.28,-165.92,-156.16,14.64,-34.16,-151.28,-73.2
0,146.4,146.4,-73.2,-73.2,146.4,-165.92,-141.52,19.52,-29.28,-151.28,-87.84
14.64,117.12,102.48,-63.44,-43.92,107.36,-170.8,-146.4,9.76,-43.92,-165.92,-87.84
19.52,117.12,97.6,-68.32,-39.04,107.36,-165.92,-141.52,9.76,-53.68,-175.68,-78.08
48.8,136.64,87.84,-92.72,-19.52,112.24,-170.8,-141.52,4.88,-53.68,-170.8,-58.56
53.68,141.52,87.84,-97.6,-19.52,112.24,-185.44,-146.4,9.76,-48.8,-165.92,-63.44
43.92,146.4,102.48,-92.72,-29.28,122,-180.56,-131.76,19.52,-39.04,-161.04,-68.32
53.68,151.28,97.6,-102.48,-24.4,122,-185.44,-136.64,9.76,-48.8,-165.92,-82.96
63.44,151.28,87.84,-107.36,-14.64,117.12,-185.44,-136.64,9.76,-48.8,-170.8,-73.2
39.04,146.4,107.36,-92.72,-34.16,126.88,-175.68,-136.64,19.52,-43.92,-170.8,-68.32
24.4,136.64,112.24,-78.08,-43.92,122,-180.56,-146.4,9.76,-48.8,-165.92,-68.32
34.16,146.4,112.24,-87.84,-39.04,126.88,-161.04,-141.52,19.52,-48.8,-161.04,-68.32
24.4,141.52,117.12,-82.96,-48.8,126.88,-156.16,-136.64,19.52,-48.8,-170.8,-78.08
0,146.4,146.4,-73.2,-73.2,146.4,-170.8,-136.64,9.76,-53.68,-175.68,-87.84
14.64,175.68,161.04,-92.72,-73.2,165.92,-170.8,-136.64,4.88,-48.8,-175.68,-68.32
29.28,175.68,146.4,-102.48,-58.56,161.04,-190.32,-146.4,0,-53.68,-180.56,-78.08
29.28,170.8,141.52,-97.6,-58.56,156.16,-190.32,-136.64,14.64,-43.92,-175.68,-78.08
58.56,180.56,122,-117.12,-34.16,151.28,-190.32,-126.88,29.28,-24.4,-156.16,-68.32
63.44,161.04,97.6,-112.24,-19.52,126.88,-180.56,-122,34.16,-24.4,-146.4,-43.92
63.44,156.16,92.72,-107.36,-14.64,122,-175.68,-117.12,39.04,-29.28,-151.28,-39.04
78.08,146.4,68.32,-112.24,4.88,107.36,-170.8,-126.88,19.52,-48.8,-180.56,-53.68
73.2,131.76,58.56,-102.48,4.88,92.72,-165.92,-126.88,4.88,-58.56,-195.2,-68.32
63.44,126.88,63.44,-92.72,0,92.72,-180.56,-126.88,14.64,-48.8,-185.44,-53.68
48.8,141.52,92.72,-92.72,-24.4,117.12,-175.68,-122,19.52,-39.04,-170.8,-48.8
14.64,136.64,122,-73.2,-53.68,126.88,-175.68,-117.12,19.52,-43.92,-165.92,-63.44
14.64,136.64,122,-73.2,-53.68,126.88,-180.56,-122,14.64,-53.68,-180.56,-78.08
9.76,146.4,136.64,-78.08,-63.44,141.52,-170.8,-117.12,29.28,-48.8,-190.32,-78.08
9.76,156.16,146.4,-82.96,-68.32,151.28,-170.8,-117.12,34.16,-43.92,-190.32,-78.08
0,136.64,136.64,-68.32,-68.32,136.64,-165.92,-122,19.52,-48.8,-190.32,-78.08
0,136.64,136.64,-68.32,-68.32,136.64,-161.04,-122,34.16,-39.04,-180.56,-68.32
29.28,156.16,126.88,-92.72,-48.8,141.52,-170.8,-126.88,43.92,-29.28,-165.92,-78.08
48.8,156.16,107.36,-102.48,-29.28,131.76,-190.32,-131.76,24.4,-43.92,-180.56,-92.72
63.44,161.04,97.6,-112.24,-19.52,126.88,-190.32,-141.52,0,-63.44,-209.84,-107.36
39.04,165.92,126.88,-102.48,-43.92,146.4,-175.68,-131.76,9.76,-53.68,-204.96,-97.6
14.64,161.04,146.4,-87.84,-68.32,151.28,-161.04,-126.88,34.16,-48.8,-185.44,-78.08
39.04,180.56,141.52,-107.36,-53.68,161.04,-175.68,-122,29.28,-34.16,-165.92,-58.56
48.8,180.56,131.76,-112.24,-43.92,156.16,-161.04,-117.12,29.28,-29.28,-165.92,-48.8
24.4,146.4,122,-82.96,-48.8,131.76,-190.32,-117.12,9.76,-48.8,-190.32,-68.32
29.28,141.52,112.24,-82.96,-43.92,126.88,-195.2,-107.36,19.52,-53.68,-204.96,-78.08
29.28,151.28,122,-87.84,-48.8,136.64,-180.56,-92.72,29.28,-39.04,-185.44,-58.56
39.04,151.28,112.24,-92.72,-39.04,131.76,-180.56,-97.6,29.28,-39.04,-180.56,-63.44
43.92,156.16,112.24,-97.6,-34.16,131.76,-195.2,-102.48,9.76,-43.92,-175.68,-73.2
53.68,161.04,107.36,-107.36,-29.28,131.76,-200.08,-112.24,4.88,-48.8,-185.44,-73.2
34.16,165.92,131.76,-97.6,-48.8,146.4,-200.08,-102.48,9.76,-39.04,-165.92,-58.56
29.28,161.04,131.76,-92.72,-53.68,146.4,-200.08,-97.6,19.52,-43.92,-161.04,-58.56
53.68,161.04,107.36,-107.36,-29.28,131.76,-200.08,-107.36,9.76,-58.56,-180.56,-82.96
73.2,165.92,92.72,-117.12,-9.76,126.88,-190.32,-97.6,19.52,-58.56,-200.08,-92.72
29.28,151.28,122,-87.84,-48.8,136.64,-190.32,-82.96,4.88,-68.32,-209.84,-112.24
24.4,136.64,112.24,-78.08,-43.92,122,-195.2,-87.84,0,-73.2,-219.6,-122
34.16,141.52,107.36,-87.84,-39.04,122,-190.32,-82.96,9.76,-58.56,-209.84,-107.36
9.76,131.76,122,-68.32,-58.56,126.88,-180.56,-73.2,19.52,-43.92,-190.32,-82.96
43.92,141.52,97.6,-92.72,-29.28,117.12,-180.56,-87.84,14.64,-43.92,-180.56,-73.2
29.28,161.04,131.76,-92.72,-53.68,146.4,-185.44,-92.72,14.64,-43.92,-180.56,-73.2
-24.4,151.28,175.68,-63.44,-102.48,161.04,-170.8,-73.2,24.4,-29.28,-161.04,-53.68
-24.4,136.64,161.04,-53.68,-92.72,146.4,-170.8,-78.08,19.52,-39.04,-165.92,-53.68
9.76,126.88,117.12,-68.32,-53.68,122,-185.44,-92.72,4.88,-58.56,-190.32,-82.96
24.4,131.76,107.36,-78.08,-43.92,117.12,-185.44,-87.84,0,-68.32,-214.72,-102.48
29.28,126.88,97.6,-78.08,-34.16,112.24,-185.44,-82.96,4.88,-58.56,-200.08,-97.6
29.28,122,92.72,-73.2,-34.16,107.36,-190.32,-87.84,4.88,-58.56,-200.08,-97.6
29.28,131.76,102.48,-78.08,-39.04,117.12,-185.44,-82.96,14.64,-43.92,-180.56,-82.96
34.16,131.76,97.6,-82.96,-34.16,112.24,-165.92,-87.84,14.64,-39.04,-175.68,-73.2
58.56,136.64,78.08,-97.6,-9.76,107.36,-170.8,-92.72,4.88,-53.68,-185.44,-82.96
53.68,141.52,87.84,-97.6,-19.52,112.24,-156.16,-87.84,4.88,-58.56,-204.96,-92.72
-4.88,151.28,156.16,-73.2,-82.96,151.28,-165.92,-82.96,9.76,-53.68,-204.96,-97.6
-4.88,156.16,161.04,-73.2,-82.96,156.16,-165.92,-78.08,14.64,-53.68,-200.08,-102.48
4.88,161.04,156.16,-82.96,-78.08,156.16,-161.04,-73.2,29.28,-48.8,-195.2,-92.72
19.52,156.16,136.64,-87.84,-58.56,146.4,-156.16,-82.96,34.16,-53.68,-195.2,-82.96
34.16,146.4,112.24,-87.84,-39.04,126.88,-170.8,-78.08,14.64,-48.8,-185.44,-73.2
19.52,131.76,112.24,-73.2,-48.8,122,-165.92,-68.32,34.16,-39.04,-185.44,-63.44
9.76,136.64,126.88,-73.2,-58.56,131.76,-170.8,-73.2,34.16,-39.04,-200.08,-82.96
9.76,136.64,126.88,-73.2,-58.56,131.76,-151.28,-78.08,19.52,-43.92,-209.84,-97.6
19.52,146.4,126.88,-82.96,-53.68,136.64,-161.04,-82.96,19.52,-48.8,-204.96,-107.36
19.52,156.16,136.64,-87.84,-58.56,146.4,-165.92,-73.2,19.52,-43.92,-195.2,-102.48
14.64,151.28,136.64,-82.96,-63.44,141.52,-165.92,-78.08,14.64,-43.92,-195.2,-102.48
0,151.28,151.28,-73.2,-78.08,151.28,-151.28,-78.08,9.76,-53.68,-200.08,-107.36
9.76,165.92,156.16,-87.84,-73.2,161.04,-151.28,-68.32,19.52,-39.04,-185.44,-92.72
39.04,175.68,136.64,-107.36,-48.8,156.16,-170.8,-82.96,9.76,-43.92,-190.32,-92.72
43.92,165.92,122,-102.48,-39.04,141.52,-170.8,-82.96,14.64,-53.68,-195.2,-97.6
24.4,161.04,136.64,-92.72,-58.56,146.4,-156.16,-73.2,14.64,-53.68,-204.96,-102.48
-19.52,161.04,180.56,-68.32,-102.48,170.8,-146.4,-58.56,29.28,-39.04,-200.08,-92.72
-39.04,161.04,200.08,-58.56,-122,180.56,-136.64,-53.68,39.04,-29.28,-190.32,-82.96
-14.64,151.28,165.92,-68.32,-92.72,156.16,-136.64,-58.56,39.04,-29.28,-185.44,-87.84
24.4,136.64,112.24,-78.08,-43.92,122,-156.16,-73.2,24.4,-39.04,-200.08,-102.48
29.28,151.28,122,-87.84,-48.8,136.64,-156.16,-87.84,14.64,-53.68,-214.72,-112.24
9.76,156.16,146.4,-82.96,-68.32,151.28,-136.64,-82.96,14.64,-58.56,-224.48,-112.24
0,141.52,141.52,-68.32,-73.2,141.52,-141.52,-78.08,24.4,-58.56,-224.48,-112.24
14.64,151.28,136.64,-82.96,-63.44,141.52,-151.28,-78.08,24.4,-58.56,-229.36,-112.24
-4.88,151.28,156.16,-73.2,-82.96,151.28,-136.64,-68.32,24.4,-48.8,-219.6,-112.24
-4.88,156.16,161.04,-73.2,-82.96,156.16,-122,-68.32,29.28,-43.92,-209.84,-102.48
-9.76,156.16,165.92,-73.2,-87.84,161.04,-122,-63.44,43.92,-34.16,-200.08,-87.84
4.88,161.04,156.16,-82.96,-78.08,156.16,-136.64,-78.08,48.8,-34.16,-200.08,-92.72
39.04,165.92,126.88,-102.48,-43.92,146.4,-151.28,-92.72,24.4,-53.68,-214.72,-112.24
39.04,156.16,117.12,-97.6,-39.04,136.64,-165.92,-97.6,4.88,-68.32,-239.12,-136.64
29.28,151.28,122,-87.84,-48.8,136.64,-146.4,-92.72,4.88,-68.32,-244,-136.64
4.88,146.4,141.52,-73.2,-68.32,141.52,-136.64,-82.96,14.64,-63.44,-224.48,-126.88
24.4,156.16,131.76,-87.84,-53.68,141.52,-146.4,-82.96,14.64,-63.44,-229.36,-122
34.16,175.68,141.52,-102.48,-53.68,156.16,-131.76,-73.2,24.4,-53.68,-224.48,-102.48
34.16,161.04,126.88,-97.6,-48.8,141.52,-141.52,-73.2,19.52,-53.68,-224.48,-107.36
19.52,146.4,126.88,-82.96,-53.68,136.64,-136.64,-78.08,24.4,-58.56,-224.48,-97.6
-19.52,141.52,161.04,-58.56,-92.72,151.28,-112.24,-63.44,43.92,-39.04,-204.96,-82.96
-9.76,146.4,156.16,-68.32,-82.96,151.28,-122,-78.08,34.16,-39.04,-209.84,-92.72
-9.76,136.64,146.4,-63.44,-78.08,141.52,-131.76,-78.08,29.28,-48.8,-214.72,-112.24
-4.88,141.52,146.4,-68.32,-78.08,141.52,-126.88,-82.96,29.28,-48.8,-214.72,-112.24
9.76,136.64,126.88,-73.2,-58.56,131.76,-131.76,-82.96,24.4,-48.8,-219.6,-117.12
14.64,165.92,151.28,-87.84,-68.32,156.16,-126.88,-82.96,24.4,-48.8,-219.6,-112.24
4.88,165.92,161.04,-82.96,-78.08,161.04,-131.76,-87.84,19.52,-58.56,-229.36,-122
14.64,165.92,151.28,-87.84,-68.32,156.16,-122,-82.96,19.52,-58.56,-239.12,-117.12
24.4,170.8,146.4,-97.6,-63.44,156.16,-107.36,-73.2,24.4,-53.68,-234.24,-117.12
19.52,161.04,141.52,-87.84,-63.44,151.28,-117.12,-78.08,19.52,-63.44,-244,-117.12
24.4,161.04,136.64,-92.72,-58.56,146.4,-131.76,-82.96,19.52,-63.44,-244,-122
9.76,161.04,151.28,-82.96,-73.2,156.16,-122,-78.08,24.4,-43.92,-224.48,-102.48
-19.52,156.16,175.68,-68.32,-97.6,165.92,-112.24,-73.2,39.04,-39.04,-204.96,-97.6
-24.4,165.92,190.32,-68.32,-107.36,175.68,-102.48,-63.44,43.92,-34.16,-200.08,-87.84
-4.88,161.04,165.92,-78.08,-87.84,161.04,-102.48,-68.32,29.28,-53.68,-224.48,-112.24
4.88,161.04,156.16,-82.96,-78.08,156.16,-112.24,-78.08,29.28,-63.44,-244,-126.88
4.88,165.92,161.04,-82.96,-78.08,161.04,-122,-78.08,19.52,-63.44,-244,-126.88
4.88,161.04,156.16,-82.96,-78.08,156.16,-126.88,-87.84,9.76,-68.32,-258.64,-136.64
19.52,151.28,131.76,-82.96,-58.56,141.52,-126.88,-82.96,24.4,-58.56,-244,-131.76
24.4,146.4,122,-82.96,-48.8,131.76,-112.24,-73.2,43.92,-43.92,-229.36,-117.12
19.52,146.4,126.88,-82.96,-53.68,136.64,-117.12,-78.08,34.16,-48.8,-239.12,-117.12
4.88,151.28,146.4,-78.08,-73.2,146.4,-97.6,-73.2,43.92,-39.04,-229.36,-107.36
0,161.04,161.04,-78.08,-82.96,161.04,-78.08,-78.08,48.8,-43.92,-229.36,-112.24
0,170.8,170.8,-82.96,-87.84,170.8,-97.6,-87.84,34.16,-53.68,-239.12,-117.12
4.88,175.68,170.8,-87.84,-82.96,170.8,-107.36,-87.84,24.4,-53.68,-234.24,-117.12
19.52,161.04,141.52,-87.84,-63.44,151.28,-112.24,-102.48,14.64,-63.44,-244,-122
-14.64,156.16,170.8,-68.32,-92.72,161.04,-107.36,-97.6,19.52,-68.32,-253.76,-122
-53.68,151.28,204.96,-48.8,-131.76,175.68,-92.72,-78.08,39.04,-48.8,-244,-107.36
-48.8,151.28,200.08,-48.8,-126.88,175.68,-92.72,-73.2,39.04,-39.04,-234.24,-102.48
9.76,170.8,161.04,-87.84,-78.08,165.92,-102.48,-82.96,43.92,-43.92,-234.24,-112.24
34.16,170.8,136.64,-102.48,-53.68,151.28,-117.12,-97.6,34.16,-53.68,-239.12,-122
48.8,165.92,117.12,-107.36,-34.16,141.52,-122,-107.36,24.4,-53.68,-239.12,-131.76
58.56,165.92,107.36,-112.24,-24.4,136.64,-122,-102.48,24.4,-53.68,-244,-126.88
19.52,161.04,141.52,-87.84,-63.44,151.28,-117.12,-97.6,29.28,-53.68,-239.12,-117.12
-14.64,165.92,180.56,-73.2,-97.6,170.8,-102.48,-82.96,58.56,-34.16,-224.48,-102.48
-4.88,161.04,165.92,-78.08,-87.84,161.04,-92.72,-73.2,53.68,-29.28,-229.36,-107.36
14.64,161.04,146.4,-87.84,-68.32,151.28,-87.84,-63.44,58.56,-39.04,-244,-117.12
14.64,165.92,151.28,-87.84,-68.32,156.16,-58.56,-48.8,87.84,-24.4,-239.12,-122
9.76,165.92,156.16,-87.84,-73.2,161.04,-53.68,-34.16,107.36,-4.88,-234.24,-141.52
9.76,165.92,156.16,-87.84,-73.2,161.04,-58.56,-19.52,131.76,29.28,-204.96,-126.88
14.64,170.8,156.16,-92.72,-73.2,161.04,-53.68,0,190.32,87.84,-146.4,-92.72
0,175.68,175.68,-87.84,-87.84,175.68,-63.44,19.52,248.88,190.32,-39.04,-29.28
-24.4,195.2,219.6,-82.96,-122,204.96,-43.92,53.68,341.6,331.84,117.12,82.96
19.52,239.12,219.6,-126.88,-102.48,229.36,-68.32,34.16,395.28,448.96,297.68,195.2
73.2,283.04,209.84,-175.68,-68.32,244,-102.48,9.76,419.68,541.68,492.88,331.84
87.84,336.72,248.88,-209.84,-82.96,292.8,-146.4,-29.28,419.68,649.04,732,512.4
122,380.64,258.64,-248.88,-68.32,317.2,-204.96,-117.12,370.88,712.48,990.64,707.6
175.68,439.2,263.52,-307.44,-43.92,351.36,-283.04,-248.88,292.8,751.52,1254.16,927.2
239.12,483.12,244,-361.12,-4.88,361.12,-361.12,-375.76,180.56,756.4,1498.16,1117.52
273.28,502.64,229.36,-385.52,19.52,366,-448.96,-512.4,43.92,741.76,1698.24,1278.56
292.8,541.68,248.88,-414.8,19.52,395.28,-502.64,-614.88,-58.56,732,1854.4,1434.72
273.28,541.68,268.4,-405.04,0,405.04,-517.28,-673.44,-151.28,653.92,1825.12,1483.52
258.64,522.16,263.52,-390.4,-4.88,390.4,-541.68,-766.16,-336.72,429.44,1581.12,1381.04
268.4,507.52,239.12,-385.52,14.64,370.88,-561.2,-873.52,-570.96,112.24,1176.08,1180.96
244,507.52,263.52,-375.76,-9.76,385.52,-556.32,-976,-814.96,-268.4,663.68,902.8
195.2,512.4,317.2,-351.36,-63.44,414.8,-551.44,-1073.6,-1049.2,-649.04,175.68,644.16
107.36,497.76,390.4,-302.56,-141.52,444.08,-541.68,-1146.8,-1268.8,-1015.04,-278.16,395.28
0,458.72,458.72,-229.36,-229.36,458.72,-517.28,-1210.24,-1478.64,-1424.96,-775.92,117.12
-82.96,424.56,507.52,-170.8,-297.68,463.6,-478.24,-1190.72,-1551.84,-1610.4,-1063.84,-87.84
-131.76,390.4,522.16,-126.88,-326.96,453.84,-419.68,-1112.64,-1493.28,-1600.64,-1166.32,-219.6
-92.72,331.84,424.56,-117.12,-258.64,375.76,-390.4,-1054.08,-1454.24,-1581.12,-1244.4,-331.84
-73.2,283.04,356.24,-102.48,-214.72,317.2,-356.24,-995.52,-1410.32,-1537.2,-1263.92,-395.28
-73.2,224.48,297.68,-73.2,-185.44,258.64,-322.08,-956.48,-1371.28,-1498.16,-1283.44,-453.84
-82.96,156.16,239.12,-34.16,-161.04,195.2,-268.4,-893.04,-1322.48,-1464,-1298.08,-522.16
-92.72,63.44,156.16,14.64,-126.88,107.36,-204.96,-814.96,-1254.16,-1405.44,-1307.84,-580.72
-117.12,24.4,141.52,48.8,-131.76,82.96,-141.52,-741.76,-1166.32,-1312.72,-1259.04,-585.6
-141.52,14.64,156.16,63.44,-151.28,82.96,-53.68,-649.04,-1054.08,-1200.48,-1190.72,-575.84
-151.28,-9.76,141.52,82.96,-146.4,63.44,-9.76,-561.2,-941.84,-1102.88,-1122.4,-570.96
-136.64,0,136.64,68.32,-136.64,68.32,29.28,-483.12,-819.84,-976,-1039.44,-536.8
-112.24,24.4,136.64,43.92,-126.88,78.08,14.64,-419.68,-707.6,-854,-941.84,-502.64
-112.24,19.52,131.76,48.8,-122,73.2,14.64,-370.88,-614.88,-756.4,-868.64,-463.6
-126.88,14.64,141.52,58.56,-136.64,78.08,-39.04,-351.36,-527.04,-653.92,-790.56,-424.56
-117.12,19.52,136.64,48.8,-126.88,78.08,-68.32,-312.32,-434.32,-551.44,-707.6,-385.52
-122,24.4,146.4,48.8,-136.64,82.96,-78.08,-258.64,-356.24,-463.6,-639.28,-356.24
-107.36,39.04,146.4,34.16,-126.88,92.72,-48.8,-190.32,-248.88,-370.88,-570.96,-307.44
-48.8,63.44,112.24,-4.88,-82.96,87.84,-63.44,-141.52,-185.44,-302.56,-522.16,-292.8
-29.28,73.2,102.48,-19.52,-68.32,87.84,-48.8,-117.12,-141.52,-263.52,-483.12,-268.4
-29.28,87.84,117.12,-29.28,-73.2,102.48,-34.16,-102.48,-92.72,-214.72,-448.96,-239.12
-24.4,102.48,126.88,-39.04,-78.08,112.24,-29.28,-78.08,-34.16,-165.92,-414.8,-214.72
0,126.88,126.88,-63.44,-63.44,126.88,-43.92,-68.32,0,-126.88,-390.4,-200.08
4.88,136.64,131.76,-68.32,-63.44,131.76,-43.92,-68.32,19.52,-107.36,-380.64,-200.08
4.88,136.64,131.76,-68.32,-63.44,131.76,-39.04,-73.2,34.16,-87.84,-370.88,-200.08
-34.16,131.76,165.92,-48.8,-102.48,146.4,-24.4,-48.8,68.32,-48.8,-331.84,-175.68
-48.8,141.52,190.32,-43.92,-122,165.92,-29.28,-48.8,73.2,-29.28,-307.44,-156.16
4.88,156.16,151.28,-78.08,-73.2,151.28,-39.04,-58.56,68.32,-34.16,-302.56,-146.4
-4.88,165.92,170.8,-78.08,-87.84,165.92,-19.52,-53.68,78.08,-14.64,-283.04,-131.76
-9.76,161.04,170.8,-73.2,-92.72,165.92,-39.04,-48.8,87.84,-9.76,-278.16,-126.88
4.88,156.16,151.28,-78.08,-73.2,151.28,-43.92,-43.92,107.36,-4.88,-268.4,-117.12
9.76,151.28,141.52,-78.08,-68.32,146.4,-53.68,-34.16,117.12,9.76,-273.28,-117.12
14.64,141.52,126.88,-78.08,-58.56,131.76,-63.44,-29.28,122,9.76,-283.04,-141.52
29.28,156.16,126.88,-92.72,-48.8,141.52,-58.56,-34.16,136.64,19.52,-273.28,-131.76
14.64,161.04,146.4,-87.84,-68.32,151.28,-39.04,-29.28,161.04,39.04,-253.76,-122
-19.52,161.04,180.56,-68.32,-102.48,170.8,-29.28,-29.28,146.4,53.68,-244,-117.12
0,170.8,170.8,-82.96,-87.84,170.8,-43.92,-39.04,131.76,48.8,-239.12,-126.88
34.16,175.68,141.52,-102.48,-53.68,156.16,-78.08,-53.68,117.12,29.28,-258.64,-131.76
53.68,185.44,131.76,-117.12,-39.04,156.16,-68.32,-43.92,117.12,34.16,-248.88,-126.88
14.64,175.68,161.04,-92.72,-73.2,165.92,-63.44,-39.04,126.88,39.04,-239.12,-117.12
-19.52,161.04,180.56,-68.32,-102.48,170.8,-48.8,-39.04,131.76,34.16,-239.12,-122
-53.68,161.04,214.72,-53.68,-136.64,185.44,-34.16,-14.64,151.28,53.68,-234.24,-102.48
-68.32,156.16,224.48,-43.92,-146.4,190.32,-29.28,0,165.92,63.44,-234.24,-112.24
-29.28,175.68,204.96,-73.2,-117.12,190.32,-39.04,-9.76,165.92,63.44,-239.12,-117.12
-14.64,195.2,209.84,-87.84,-112.24,200.08,-39.04,-4.88,170.8,73.2,-224.48,-107.36
-19.52,190.32,209.84,-82.96,-117.12,200.08,-43.92,-14.64,165.92,78.08,-229.36,-107.36
-4.88,180.56,185.44,-87.84,-97.6,180.56,-48.8,-24.4,165.92,73.2,-219.6,-107.36
9.76,175.68,165.92,-92.72,-78.08,170.8,-48.8,-34.16,161.04,73.2,-214.72,-92.72
24.4,175.68,151.28,-97.6,-63.44,161.04,-63.44,-34.16,146.4,58.56,-224.48,-97.6
39.04,185.44,146.4,-112.24,-53.68,165.92,-53.68,-24.4,151.28,68.32,-219.6,-82.96
34.16,175.68,141.52,-102.48,-53.68,156.16,-53.68,-24.4,156.16,63.44,-214.72,-82.96
24.4,170.8,146.4,-97.6,-63.44,156.16,-58.56,-24.4,165.92,63.44,-224.48,-82.96
4.88,180.56,175.68,-92.72,-87.84,175.68,-48.8,-9.76,185.44,78.08,-214.72,-78.08
0,165.92,165.92,-82.96,-82.96,165.92,-34.16,-9.76,180.56,92.72,-209.84,-82.96
4.88,180.56,175.68,-92.72,-87.84,175.68,-29.28,-4.88,180.56,97.6,-204.96,-87.84
-4.88,204.96,209.84,-97.6,-107.36,204.96,-34.16,-14.64,170.8,97.6,-214.72,-102.48
4.88,204.96,200.08,-102.48,-97.6,200.08,-43.92,-19.52,165.92,97.6,-204.96,-107.36
24.4,200.08,175.68,-112.24,-78.08,185.44,-43.92,-29.28,170.8,92.72,-200.08,-107.36
14.64,190.32,175.68,-102.48,-82.96,180.56,-39.04,-19.52,161.04,87.84,-200.08,-97.6
19.52,185.44,165.92,-102.48,-73.2,175.68,-53.68,-24.4,156.16,78.08,-209.84,-102.48
39.04,185.44,146.4,-112.24,-53.68,165.92,-63.44,-24.4,156.16,68.32,-219.6,-107.36
9.76,180.56,170.8,-92.72,-82.96,175.68,-53.68,-14.64,161.04,78.08,-214.72,-102.48
-43.92,195.2,239.12,-73.2,-141.52,214.72,-24.4,24.4,219.6,122,-170.8,-68.32
-4.88,200.08,204.96,-97.6,-107.36,200.08,-29.28,9.76,219.6,122,-175.68,-78.08
0,190.32,190.32,-92.72,-97.6,190.32,-34.16,0,190.32,107.36,-185.44,-97.6
-14.64,190.32,204.96,-87.84,-112.24,195.2,-29.28,4.88,195.2,122,-185.44,-92.72
0,200.08,200.08,-97.6,-102.48,200.08,-39.04,4.88,195.2,117.12,-175.68,-92.72
29.28,204.96,175.68,-117.12,-73.2,190.32,-63.44,-14.64,190.32,107.36,-180.56,-92.72
29.28,204.96,175.68,-117.12,-73.2,190.32,-48.8,-4.88,190.32,112.24,-170.8,-87.84
24.4,200.08,175.68,-112.24,-78.08,185.44,-53.68,0,190.32,122,-165.92,-82.96
24.4,200.08,175.68,-112.24,-78.08,185.44,-63.44,9.76,204.96,117.12,-156.16,-78.08
14.64,185.44,170.8,-97.6,-78.08,175.68,-58.56,14.64,214.72,126.88,-161.04,-78.08
0,190.32,190.32,-92.72,-97.6,190.32,-43.92,29.28,229.36,141.52,-151.28,-73.2
4.88,195.2,190.32,-97.6,-92.72,190.32,-43.92,29.28,239.12,151.28,-141.52,-73.2
0,195.2,195.2,-97.6,-97.6,195.2,-53.68,24.4,239.12,151.28,-136.64,-73.2
4.88,180.56,175.68,-92.72,-87.84,175.68,-53.68,24.4,244,165.92,-126.88,-68.32
4.88,195.2,190.32,-97.6,-92.72,190.32,-48.8,24.4,239.12,170.8,-122,-68.32
0,190.32,190.32,-92.72,-97.6,190.32,-43.92,19.52,239.12,170.8,-112.24,-58.56
29.28,200.08,170.8,-112.24,-73.2,185.44,-53.68,24.4,234.24,161.04,-126.88,-68.32
43.92,214.72,170.8,-126.88,-63.44,190.32,-63.44,24.4,234.24,165.92,-136.64,-68.32
24.4,214.72,190.32,-117.12,-82.96,200.08,-63.44,39.04,253.76,175.68,-117.12,-58.56
34.16,204.96,170.8,-117.12,-68.32,185.44,-58.56,43.92,268.4,185.44,-117.12,-48.8
19.52,204.96,185.44,-112.24,-82.96,195.2,-63.44,58.56,283.04,195.2,-117.12,-43.92
4.88,209.84,204.96,-107.36,-102.48,204.96,-53.68,58.56,297.68,209.84,-107.36,-48.8
9.76,219.6,209.84,-112.24,-102.48,214.72,-39.04,63.44,302.56,214.72,-97.6,-43.92
4.88,214.72,209.84,-107.36,-102.48,209.84,-43.92,68.32,307.44,234.24,-82.96,-34.16
14.64,219.6,204.96,-117.12,-97.6,209.84,-48.8,63.44,302.56,234.24,-78.08,-29.28
34.16,214.72,180.56,-122,-73.2,195.2,-63.44,63.44,302.56,229.36,-78.08,-29.28
14.64,209.84,195.2,-112.24,-92.72,200.08,-63.44,68.32,307.44,239.12,-78.08,-29.28
24.4,234.24,209.84,-126.88,-92.72,219.6,-53.68,82.96,326.96,258.64,-58.56,-14.64
53.68,253.76,200.08,-151.28,-73.2,224.48,-53.68,102.48,346.48,263.52,-43.92,-4.88
63.44,239.12,175.68,-151.28,-58.56,204.96,-48.8,107.36,351.36,273.28,-48.8,0
73.2,214.72,141.52,-141.52,-34.16,175.68,-63.44,107.36,351.36,268.4,-58.56,-19.52
73.2,209.84,136.64,-141.52,-34.16,170.8,-73.2,97.6,351.36,268.4,-63.44,-39.04
53.68,224.48,170.8,-136.64,-58.56,195.2,-48.8,112.24,370.88,287.92,-43.92,-34.16
4.88,224.48,219.6,-112.24,-107.36,219.6,-34.16,131.76,390.4,317.2,-24.4,-19.52
14.64,229.36,214.72,-122,-102.48,219.6,-48.8,131.76,400.16,322.08,-19.52,-14.64
34.16,244,209.84,-136.64,-87.84,224.48,-48.8,141.52,419.68,336.72,-4.88,0
19.52,234.24,214.72,-126.88,-97.6,224.48,-53.68,151.28,429.44,341.6,0,4.88
43.92,229.36,185.44,-136.64,-73.2,204.96,-63.44,151.28,424.56,341.6,0,4.88
48.8,234.24,185.44,-141.52,-68.32,209.84,-63.44,165.92,439.2,346.48,4.88,14.64
48.8,234.24,185.44,-141.52,-68.32,209.84,-58.56,180.56,453.84,366,14.64,19.52
63.44,239.12,175.68,-151.28,-58.56,204.96,-53.68,195.2,483.12,385.52,24.4,34.16
39.04,239.12,200.08,-136.64,-82.96,219.6,-43.92,209.84,502.64,405.04,39.04,39.04
9.76,239.12,229.36,-122,-112.24,234.24,-34.16,229.36,531.92,434.32,63.44,48.8
48.8,234.24,185.44,-141.52,-68.32,209.84,-39.04,224.48,531.92,448.96,68.32,43.92
73.2,248.88,175.68,-161.04,-53.68,209.84,-48.8,229.36,541.68,453.84,73.2,43.92
82.96,278.16,195.2,-180.56,-58.56,234.24,-53.68,234.24,546.56,458.72,82.96,48.8
92.72,273.28,180.56,-180.56,-43.92,224.48,-63.44,234.24,551.44,463.6,87.84,43.92
92.72,258.64,165.92,-175.68,-39.04,209.84,-53.68,244,566.08,478.24,97.6,53.68
78.08,273.28,195.2,-175.68,-58.56,234.24,-53.68,268.4,590.48,497.76,107.36,68.32
53.68,263.52,209.84,-156.16,-78.08,234.24,-53.68,292.8,629.52,522.16,126.88,73.2
48.8,268.4,219.6,-156.16,-87.84,244,-48.8,312.32,644.16,541.68,136.64,82.96
43.92,278.16,234.24,-161.04,-97.6,253.76,-43.92,317.2,663.68,556.32,141.52,82.96
43.92,268.4,224.48,-156.16,-92.72,244,-39.04,326.96,668.56,570.96,151.28,87.84
73.2,273.28,200.08,-170.8,-63.44,234.24,-43.92,336.72,683.2,590.48,165.92,82.96
82.96,283.04,200.08,-180.56,-58.56,239.12,-43.92,341.6,697.84,605.12,180.56,92.72
82.96,278.16,195.2,-180.56,-58.56,234.24,-48.8,346.48,702.72,605.12,185.44,102.48
102.48,287.92,185.44,-195.2,-43.92,234.24,-53.68,351.36,712.48,624.64,195.2,102.48
107.36,283.04,175.68,-195.2,-34.16,229.36,-58.56,361.12,727.12,629.52,200.08,112.24
122,297.68,175.68,-209.84,-29.28,234.24,-58.56,375.76,741.76,644.16,204.96,117.12
131.76,297.68,165.92,-214.72,-19.52,229.36,-53.68,390.4,766.16,649.04,209.84,122
117.12,292.8,175.68,-204.96,-29.28,234.24,-58.56,405.04,771.04,658.8,204.96,122
107.36,297.68,190.32,-200.08,-43.92,244,-34.16,419.68,785.68,683.2,224.48,136.64
107.36,297.68,190.32,-200.08,-43.92,244,0,424.56,800.32,692.96,234.24,141.52
107.36,307.44,200.08,-204.96,-48.8,253.76,-14.64,424.56,810.08,702.72,239.12,136.64
102.48,322.08,219.6,-209.84,-58.56,268.4,-34.16,434.32,819.84,717.36,253.76,151.28
102.48,326.96,224.48,-214.72,-63.44,273.28,-24.4,439.2,824.72,722.24,268.4,165.92
122,322.08,200.08,-219.6,-39.04,258.64,-43.92,434.32,805.2,707.6,258.64,151.28
141.52,326.96,185.44,-234.24,-24.4,253.76,-39.04,439.2,810.08,717.36,263.52,161.04
151.28,326.96,175.68,-239.12,-14.64,248.88,-53.68,434.32,800.32,707.6,253.76,161.04
136.64,331.84,195.2,-234.24,-29.28,263.52,-48.8,444.08,810.08,712.48,258.64,161.04
112.24,326.96,214.72,-219.6,-53.68,268.4,-43.92,448.96,819.84,712.48,253.76,161.04
82.96,307.44,224.48,-195.2,-73.2,263.52,-53.68,448.96,814.96,712.48,244,151.28
82.96,312.32,229.36,-195.2,-73.2,268.4,-48.8,448.96,805.2,707.6,244,156.16
82.96,326.96,244,-204.96,-82.96,283.04,-43.92,444.08,795.44,707.6,244,151.28
112.24,336.72,224.48,-224.48,-58.56,278.16,-53.68,434.32,780.8,692.96,234.24,156.16
146.4,326.96,180.56,-234.24,-19.52,253.76,-58.56,414.8,761.28,673.44,229.36,146.4
122,322.08,200.08,-219.6,-39.04,258.64,-68.32,409.92,746.64,663.68,224.48,151.28
102.48,322.08,219.6,-209.84,-58.56,268.4,-53.68,419.68,736.88,653.92,224.48,161.04
107.36,312.32,204.96,-209.84,-48.8,258.64,-58.56,419.68,727.12,639.28,209.84,156.16
112.24,302.56,190.32,-204.96,-39.04,244,-48.8,395.28,717.36,619.76,190.32,146.4
131.76,307.44,175.68,-219.6,-24.4,239.12,-63.44,375.76,692.96,595.36,165.92,131.76
107.36,307.44,200.08,-204.96,-48.8,253.76,-68.32,366,683.2,585.6,161.04,126.88
97.6,312.32,214.72,-204.96,-58.56,263.52,-78.08,356.24,668.56,580.72,161.04,126.88
87.84,317.2,229.36,-200.08,-73.2,273.28,-73.2,346.48,649.04,570.96,156.16,126.88
82.96,317.2,234.24,-200.08,-78.08,273.28,-73.2,331.84,624.64,556.32,151.28,131.76
107.36,322.08,214.72,-214.72,-53.68,268.4,-87.84,312.32,595.36,527.04,131.76,126.88
131.76,312.32,180.56,-219.6,-24.4,244,-97.6,297.68,570.96,502.64,126.88,122
112.24,307.44,195.2,-209.84,-43.92,248.88,-92.72,278.16,546.56,483.12,117.12,122
97.6,317.2,219.6,-204.96,-63.44,268.4,-92.72,273.28,531.92,463.6,107.36,126.88
73.2,307.44,234.24,-190.32,-82.96,268.4,-87.84,263.52,527.04,453.84,92.72,117.12
63.44,292.8,229.36,-175.68,-82.96,258.64,-87.84,244,507.52,429.44,78.08,112.24
73.2,292.8,219.6,-180.56,-73.2,253.76,-92.72,219.6,468.48,400.16,58.56,92.72
78.08,278.16,200.08,-175.68,-63.44,239.12,-112.24,195.2,429.44,375.76,39.04,73.2
107.36,278.16,170.8,-190.32,-34.16,224.48,-122,165.92,395.28,346.48,19.52,63.44
107.36,263.52,156.16,-185.44,-24.4,209.84,-117.12,156.16,380.64,336.72,24.4,78.08
92.72,283.04,190.32,-185.44,-48.8,234.24,-122,136.64,351.36,312.32,19.52,78.08
102.48,297.68,195.2,-200.08,-48.8,244,-136.64,122,317.2,283.04,0,68.32
112.24,292.8,180.56,-200.08,-34.16,234.24,-141.52,97.6,287.92,244,-24.4,53.68
107.36,287.92,180.56,-195.2,-39.04,234.24,-126.88,87.84,283.04,224.48,-43.92,43.92
78.08,273.28,195.2,-175.68,-58.56,234.24,-112.24,82.96,273.28,214.72,-53.68,24.4
39.04,258.64,219.6,-146.4,-92.72,239.12,-112.24,82.96,263.52,209.84,-68.32,19.52
53.68,263.52,209.84,-156.16,-78.08,234.24,-107.36,73.2,239.12,195.2,-78.08,9.76
53.68,253.76,200.08,-151.28,-73.2,224.48,-107.36,58.56,239.12,185.44,-78.08,9.76
58.56,248.88,190.32,-151.28,-68.32,219.6,-136.64,34.16,204.96,165.92,-87.84,9.76
63.44,253.76,190.32,-156.16,-63.44,219.6,-141.52,19.52,170.8,156.16,-82.96,29.28
29.28,253.76,224.48,-141.52,-97.6,239.12,-136.64,9.76,161.04,146.4,-78.08,48.8
34.16,258.64,224.48,-146.4,-97.6,239.12,-141.52,-4.88,141.52,126.88,-97.6,39.04
63.44,248.88,185.44,-156.16,-63.44,214.72,-151.28,-24.4,117.12,92.72,-122,14.64
68.32,234.24,165.92,-151.28,-48.8,200.08,-156.16,-34.16,102.48,68.32,-151.28,-14.64
68.32,239.12,170.8,-151.28,-53.68,204.96,-151.28,-39.04,87.84,53.68,-180.56,-43.92
34.16,229.36,195.2,-131.76,-82.96,209.84,-136.64,-39.04,82.96,48.8,-185.44,-53.68
9.76,214.72,204.96,-112.24,-97.6,209.84,-122,-39.04,73.2,43.92,-185.44,-58.56
-14.64,214.72,229.36,-97.6,-122,219.6,-112.24,-34.16,73.2,48.8,-180.56,-43.92
-19.52,219.6,239.12,-97.6,-131.76,229.36,-126.88,-48.8,58.56,39.04,-170.8,-34.16
29.28,229.36,200.08,-126.88,-87.84,214.72,-131.76,-68.32,43.92,29.28,-170.8,-19.52
39.04,224.48,185.44,-131.76,-73.2,204.96,-126.88,-78.08,24.4,9.76,-180.56,-9.76
58.56,219.6,161.04,-136.64,-53.68,190.32,-151.28,-97.6,4.88,-14.64,-204.96,-24.4
78.08,229.36,151.28,-151.28,-39.04,190.32,-161.04,-107.36,-14.64,-39.04,-219.6,-39.04
58.56,219.6,161.04,-136.64,-53.68,190.32,-141.52,-102.48,-9.76,-43.92,-239.12,-58.56
53.68,224.48,170.8,-136.64,-58.56,195.2,-126.88,-97.6,-4.88,-43.92,-253.76,-73.2
19.52,219.6,200.08,-117.12,-92.72,209.84,-122,-87.84,4.88,-34.16,-248.88,-82.96
-14.64,204.96,219.6,-92.72,-117.12,209.84,-122,-82.96,0,-34.16,-244,-73.2
-4.88,204.96,209.84,-97.6,-107.36,204.96,-126.88,-92.72,-14.64,-39.04,-248.88,-68.32
9.76,209.84,200.08,-107.36,-97.6,204.96,-126.88,-107.36,-24.4,-48.8,-244,-68.32
14.64,214.72,200.08,-112.24,-92.72,204.96,-136.64,-117.12,-29.28,-53.68,-239.12,-53.68
4.88,209.84,204.96,-107.36,-102.48,204.96,-136.64,-117.12,-39.04,-58.56,-234.24,-34.16
9.76,204.96,195.2,-107.36,-92.72,200.08,-141.52,-131.76,-48.8,-73.2,-253.76,-43.92
24.4,200.08,175.68,-112.24,-78.08,185.44,-156.16,-141.52,-63.44,-97.6,-278.16,-68.32
34.16,204.96,170.8,-117.12,-68.32,185.44,-136.64,-136.64,-58.56,-102.48,-292.8,-82.96
24.4,195.2,170.8,-107.36,-73.2,180.56,-131.76,-131.76,-63.44,-107.36,-312.32,-102.48
14.64,185.44,170.8,-97.6,-78.08,175.68,-131.76,-126.88,-58.56,-97.6,-312.32,-117.12
-14.64,175.68,190.32,-78.08,-102.48,180.56,-117.12,-117.12,-43.92,-97.6,-302.56,-112.24
-53.68,175.68,229.36,-58.56,-141.52,200.08,-122,-107.36,-39.04,-78.08,-283.04,-87.84
-43.92,190.32,234.24,-73.2,-141.52,209.84,-122,-107.36,-39.04,-78.08,-268.4,-73.2
19.52,195.2,175.68,-107.36,-78.08,185.44,-146.4,-136.64,-68.32,-97.6,-273.28,-82.96
68.32,214.72,146.4,-141.52,-39.04,180.56,-156.16,-141.52,-68.32,-107.36,-278.16,-68.32
63.44,224.48,161.04,-141.52,-48.8,190.32,-141.52,-141.52,-63.44,-102.48,-283.04,-63.44
14.64,204.96,190.32,-107.36,-87.84,195.2,-146.4,-131.76,-53.68,-102.48,-287.92,-63.44
4.88,195.2,190.32,-97.6,-92.72,190.32,-151.28,-131.76,-48.8,-107.36,-297.68,-82.96
0,190.32,190.32,-92.72,-97.6,190.32,-141.52,-126.88,-58.56,-102.48,-307.44,-92.72
-29.28,180.56,209.84,-73.2,-122,195.2,-136.64,-122,-48.8,-92.72,-302.56,-102.48
-19.52,165.92,185.44,-73.2,-102.48,175.68,-146.4,-126.88,-53.68,-97.6,-302.56,-112.24
-4.88,165.92,170.8,-78.08,-87.84,165.92,-156.16,-131.76,-58.56,-92.72,-292.8,-102.48
-9.76,165.92,175.68,-78.08,-92.72,170.8,-151.28,-131.76,-53.68,-78.08,-278.16,-82.96
4.88,170.8,165.92,-87.84,-82.96,165.92,-151.28,-126.88,-48.8,-63.44,-253.76,-58.56
4.88,175.68,170.8,-87.84,-82.96,170.8,-161.04,-131.76,-48.8,-73.2,-258.64,-48.8
14.64,204.96,190.32,-107.36,-87.84,195.2,-161.04,-136.64,-48.8,-68.32,-263.52,-48.8
24.4,209.84,185.44,-117.12,-82.96,195.2,-151.28,-126.88,-43.92,-68.32,-263.52,-53.68
43.92,200.08,156.16,-122,-58.56,175.68,-141.52,-122,-39.04,-63.44,-273.28,-68.32
19.52,190.32,170.8,-102.48,-78.08,180.56,-141.52,-112.24,-19.52,-63.44,-278.16,-82.96
-24.4,185.44,209.84,-78.08,-117.12,195.2,-136.64,-102.48,-9.76,-48.8,-273.28,-87.84
-48.8,170.8,219.6,-58.56,-136.64,195.2,-131.76,-92.72,0,-39.04,-258.64,-78.08
-68.32,175.68,244,-53.68,-156.16,209.84,-102.48,-82.96,19.52,-14.64,-229.36,-58.56
-63.44,180.56,244,-58.56,-156.16,209.84,-122,-87.84,19.52,-4.88,-219.6,-39.04
-24.4,190.32,214.72,-82.96,-122,200.08,-141.52,-92.72,24.4,0,-200.08,-24.4
-9.76,190.32,200.08,-87.84,-107.36,195.2,-161.04,-97.6,9.76,-9.76,-204.96,-19.52
14.64,190.32,175.68,-102.48,-82.96,180.56,-180.56,-112.24,4.88,-19.52,-224.48,-34.16
24.4,204.96,180.56,-112.24,-78.08,190.32,-161.04,-102.48,19.52,-19.52,-224.48,-29.28
0,195.2,195.2,-97.6,-97.6,195.2,-141.52,-92.72,24.4,-9.76,-224.48,-34.16
9.76,180.56,170.8,-92.72,-82.96,175.68,-151.28,-87.84,19.52,-14.64,-239.12,-63.44
9.76,175.68,165.92,-92.72,-78.08,170.8,-151.28,-87.84,24.4,-9.76,-239.12,-73.2
-19.52,161.04,180.56,-68.32,-102.48,170.8,-146.4,-73.2,39.04,4.88,-229.36,-58.56
-19.52,170.8,190.32,-73.2,-107.36,180.56,-151.28,-73.2,39.04,19.52,-209.84,-48.8
0,190.32,190.32,-92.72,-97.6,190.32,-156.16,-78.08,39.04,19.52,-200.08,-34.16
14.64,200.08,185.44,-107.36,-87.84,190.32,-161.04,-82.96,43.92,29.28,-185.44,-19.52
39.04,214.72,175.68,-126.88,-68.32,195.2,-156.16,-78.08,43.92,29.28,-180.56,0
24.4,224.48,200.08,-122,-87.84,209.84,-136.64,-73.2,58.56,39.04,-170.8,4.88
39.04,219.6,180.56,-126.88,-73.2,200.08,-151.28,-82.96,53.68,29.28,-180.56,0
53.68,224.48,170.8,-136.64,-58.56,195.2,-151.28,-78.08,58.56,29.28,-190.32,-19.52
14.64,204.96,190.32,-107.36,-87.84,195.2,-146.4,-73.2,58.56,29.28,-195.2,-29.28
-9.76,190.32,200.08,-87.84,-107.36,195.2,-146.4,-78.08,53.68,24.4,-204.96,-48.8
-34.16,165.92,200.08,-63.44,-117.12,180.56,-161.04,-82.96,53.68,19.52,-209.84,-48.8
-63.44,165.92,229.36,-48.8,-146.4,195.2,-141.52,-68.32,63.44,39.04,-185.44,-29.28
-14.64,190.32,204.96,-87.84,-112.24,195.2,-146.4,-78.08,53.68,43.92,-175.68,-14.64
4.88,195.2,190.32,-97.6,-92.72,190.32,-170.8,-87.84,48.8,34.16,-175.68,-4.88
-19.52,204.96,224.48,-92.72,-122,214.72,-170.8,-87.84,58.56,34.16,-165.92,14.64
-9.76,204.96,214.72,-97.6,-112.24,209.84,-156.16,-73.2,58.56,43.92,-161.04,9.76
-9.76,200.08,209.84,-92.72,-112.24,204.96,-156.16,-73.2,58.56,34.16,-170.8,-4.88
4.88,204.96,200.08,-102.48,-97.6,200.08,-156.16,-63.44,58.56,29.28,-175.68,-9.76
19.52,200.08,180.56,-107.36,-82.96,190.32,-151.28,-68.32,58.56,34.16,-185.44,-19.52
14.64,195.2,180.56,-102.48,-82.96,185.44,-156.16,-63.44,53.68,34.16,-185.44,-24.4
9.76,190.32,180.56,-97.6,-87.84,185.44,-156.16,-68.32,53.68,29.28,-190.32,-24.4
0,185.44,185.44,-92.72,-92.72,185.44,-161.04,-68.32,48.8,29.28,-190.32,-19.52
-14.64,195.2,209.84,-87.84,-112.24,200.08,-151.28,-68.32,53.68,39.04,-175.68,-4.88
-14.64,195.2,209.84,-87.84,-112.24,200.08,-156.16,-68.32,53.68,34.16,-170.8,0
14.64,195.2,180.56,-102.48,-82.96,185.44,-165.92,-78.08,39.04,14.64,-185.44,-9.76
24.4,204.96,180.56,-112.24,-78.08,190.32,-165.92,-73.2,34.16,14.64,-185.44,-9.76
24.4,214.72,190.32,-117.12,-82.96,200.08,-165.92,-78.08,39.04,4.88,-190.32,-19.52
9.76,214.72,204.96,-112.24,-97.6,209.84,-156.16,-68.32,39.04,4.88,-195.2,-24.4
4.88,204.96,200.08,-102.48,-97.6,200.08,-151.28,-58.56,43.92,4.88,-200.08,-24.4
9.76,195.2,185.44,-102.48,-87.84,190.32,-156.16,-63.44,48.8,4.88,-209.84,-39.04
14.64,200.08,185.44,-107.36,-87.84,190.32,-146.4,-58.56,58.56,4.88,-204.96,-29.28
24.4,195.2,170.8,-107.36,-73.2,180.56,-146.4,-63.44,39.04,9.76,-200.08,-24.4
24.4,190.32,165.92,-107.36,-73.2,175.68,-151.28,-68.32,34.16,4.88,-195.2,-19.52
-4.88,214.72,219.6,-102.48,-112.24,214.72,-151.28,-68.32,29.28,9.76,-195.2,-19.52
-34.16,200.08,234.24,-82.96,-136.64,214.72,-151.28,-68.32,24.4,0,-200.08,-19.52
-39.04,185.44,224.48,-73.2,-131.76,204.96,-151.28,-68.32,19.52,-9.76,-209.84,-14.64
-29.28,185.44,214.72,-78.08,-122,200.08,-136.64,-68.32,14.64,-14.64,-219.6,-29.28
-9.76,190.32,200.08,-87.84,-107.36,195.2,-156.16,-73.2,9.76,-34.16,-234.24,-43.92
0,185.44,185.44,-92.72,-92.72,185.44,-146.4,-68.32,14.64,-34.16,-239.12,-48.8
-9.76,170.8,180.56,-78.08,-97.6,175.68,-136.64,-68.32,4.88,-29.28,-234.24,-53.68
4.88,175.68,170.8,-87.84,-82.96,170.8,-136.64,-78.08,-4.88,-39.04,-239.12,-58.56
14.64,190.32,175.68,-102.48,-82.96,180.56,-136.64,-78.08,4.88,-24.4,-234.24,-48.8
19.52,190.32,170.8,-102.48,-78.08,180.56,-156.16,-87.84,-9.76,-39.04,-239.12,-53.68
14.64,195.2,180.56,-102.48,-82.96,185.44,-161.04,-92.72,-14.64,-43.92,-244,-53.68
-4.88,200.08,204.96,-97.6,-107.36,200.08,-151.28,-87.84,-4.88,-39.04,-239.12,-43.92
-48.8,190.32,239.12,-68.32,-146.4,214.72,-146.4,-78.08,-4.88,-29.28,-239.12,-39.04
-92.72,175.68,268.4,-39.04,-180.56,219.6,-122,-68.32,4.88,-29.28,-234.24,-39.04
-78.08,170.8,248.88,-43.92,-165.92,209.84,-131.76,-73.2,4.88,-39.04,-253.76,-48.8
-43.92,165.92,209.84,-58.56,-126.88,185.44,-141.52,-87.84,-14.64,-53.68,-273.28,-68.32
-14.64,156.16,170.8,-68.32,-92.72,161.04,-170.8,-97.6,-34.16,-68.32,-283.04,-78.08
19.52,170.8,151.28,-92.72,-68.32,161.04,-175.68,-107.36,-29.28,-73.2,-278.16,-78.08
19.52,195.2,175.68,-107.36,-78.08,185.44,-156.16,-92.72,-14.64,-53.68,-258.64,-58.56
14.64,204.96,190.32,-107.36,-87.84,195.2,-146.4,-87.84,-19.52,-48.8,-248.88,-53.68
-4.88,185.44,190.32,-87.84,-97.6,185.44,-141.52,-92.72,-9.76,-53.68,-258.64,-53.68
4.88,195.2,190.32,-97.6,-92.72,190.32,-161.04,-102.48,-29.28,-68.32,-268.4,-68.32
4.88,200.08,195.2,-102.48,-97.6,195.2,-156.16,-97.6,-29.28,-58.56,-268.4,-63.44
-9.76,190.32,200.08,-87.84,-107.36,195.2,-156.16,-97.6,-34.16,-73.2,-268.4,-68.32
-34.16,185.44,219.6,-73.2,-126.88,200.08,-156.16,-97.6,-29.28,-68.32,-268.4,-63.44
-19.52,180.56,200.08,-78.08,-112.24,190.32,-165.92,-107.36,-43.92,-82.96,-283.04,-73.2
9.76,161.04,151.28,-82.96,-73.2,156.16,-175.68,-117.12,-53.68,-87.84,-287.92,-78.08
-4.88,170.8,175.68,-82.96,-92.72,170.8,-161.04,-112.24,-43.92,-78.08,-273.28,-68.32
-34.16,170.8,204.96,-68.32,-122,185.44,-156.16,-102.48,-39.04,-73.2,-268.4,-63.44
-14.64,180.56,195.2,-82.96,-107.36,185.44,-161.04,-107.36,-24.4,-82.96,-278.16,-68.32
-14.64,180.56,195.2,-82.96,-107.36,185.44,-161.04,-112.24,-29.28,-82.96,-283.04,-73.2
-24.4,190.32,214.72,-82.96,-122,200.08,-161.04,-112.24,-58.56,-82.96,-283.04,-73.2
-58.56,195.2,253.76,-68.32,-156.16,224.48,-131.76,-97.6,-39.04,-68.32,-263.52,-48.8
-73.2,195.2,268.4,-58.56,-170.8,229.36,-131.76,-97.6,-34.16,-68.32,-253.76,-43.92
-58.56,195.2,253.76,-68.32,-156.16,224.48,-141.52,-102.48,-34.16,-73.2,-258.64,-43.92
4.88,185.44,180.56,-92.72,-87.84,180.56,-170.8,-126.88,-53.68,-97.6,-283.04,-63.44
19.52,170.8,151.28,-92.72,-68.32,161.04,-175.68,-136.64,-53.68,-102.48,-287.92,-68.32
34.16,190.32,156.16,-112.24,-63.44,170.8,-170.8,-131.76,-58.56,-97.6,-283.04,-63.44
24.4,195.2,170.8,-107.36,-73.2,180.56,-161.04,-122,-53.68,-87.84,-278.16,-58.56
4.88,185.44,180.56,-92.72,-87.84,180.56,-156.16,-126.88,-58.56,-92.72,-278.16,-63.44
0,175.68,175.68,-87.84,-87.84,175.68,-146.4,-131.76,-63.44,-102.48,-287.92,-73.2
0,185.44,185.44,-92.72,-92.72,185.44,-156.16,-141.52,-78.08,-112.24,-302.56,-82.96
4.88,185.44,180.56,-92.72,-87.84,180.56,-175.68,-141.52,-78.08,-112.24,-297.68,-73.2
4.88,185.44,180.56,-92.72,-87.84,180.56,-161.04,-131.76,-68.32,-107.36,-287.92,-68.32
4.88,185.44,180.56,-92.72,-87.84,180.56,-165.92,-131.76,-63.44,-107.36,-292.8,-63.44
9.76,185.44,175.68,-97.6,-82.96,180.56,-165.92,-136.64,-58.56,-112.24,-292.8,-68.32
0,175.68,175.68,-87.84,-87.84,175.68,-156.16,-131.76,-63.44,-107.36,-292.8,-68.32
-4.88,175.68,180.56,-82.96,-92.72,175.68,-161.04,-131.76,-68.32,-112.24,-302.56,-73.2
4.88,180.56,175.68,-92.72,-87.84,175.68,-156.16,-131.76,-68.32,-107.36,-297.68,-73.2
-34.16,170.8,204.96,-68.32,-122,185.44,-146.4,-131.76,-63.44,-102.48,-292.8,-73.2
-19.52,170.8,190.32,-73.2,-107.36,180.56,-151.28,-136.64,-63.44,-107.36,-302.56,-78.08
9.76,185.44,175.68,-97.6,-82.96,180.56,-161.04,-141.52,-73.2,-112.24,-307.44,-82.96
-39.04,175.68,214.72,-68.32,-126.88,195.2,-131.76,-126.88,-43.92,-97.6,-287.92,-63.44
-68.32,175.68,244,-53.68,-156.16,209.84,-117.12,-107.36,-34.16,-82.96,-273.28,-48.8
-58.56,190.32,248.88,-63.44,-156.16,219.6,-131.76,-107.36,-24.4,-87.84,-278.16,-48.8
-14.64,185.44,200.08,-82.96,-107.36,190.32,-151.28,-126.88,-63.44,-107.36,-292.8,-68.32
4.88,190.32,185.44,-97.6,-92.72,185.44,-151.28,-126.88,-63.44,-102.48,-297.68,-63.44
-4.88,190.32,195.2,-92.72,-102.48,190.32,-146.4,-126.88,-58.56,-102.48,-297.68,-68.32
0,180.56,180.56,-87.84,-92.72,180.56,-146.4,-126.88,-68.32,-117.12,-297.68,-73.2
-19.52,165.92,185.44,-73.2,-102.48,175.68,-141.52,-131.76,-73.2,-117.12,-302.56,-82.96
-19.52,170.8,190.32,-73.2,-107.36,180.56,-151.28,-131.76,-63.44,-112.24,-302.56,-82.96
-34.16,180.56,214.72,-73.2,-126.88,195.2,-146.4,-131.76,-53.68,-112.24,-302.56,-78.08
-34.16,175.68,209.84,-68.32,-122,190.32,-156.16,-136.64,-68.32,-117.12,-307.44,-73.2
-9.76,175.68,185.44,-82.96,-97.6,180.56,-156.16,-136.64,-63.44,-122,-307.44,-78.08
-19.52,180.56,200.08,-78.08,-112.24,190.32,-146.4,-126.88,-73.2,-117.12,-307.44,-63.44
-24.4,170.8,195.2,-73.2,-112.24,180.56,-141.52,-122,-68.32,-117.12,-307.44,-63.44
-14.64,170.8,185.44,-78.08,-102.48,175.68,-126.88,-117.12,-63.44,-112.24,-307.44,-63.44
-4.88,175.68,180.56,-82.96,-92.72,175.68,-146.4,-122,-73.2,-122,-307.44,-73.2
-9.76,165.92,175.68,-78.08,-92.72,170.8,-151.28,-122,-73.2,-122,-307.44,-73.2
-4.88,170.8,175.68,-82.96,-92.72,170.8,-136.64,-122,-63.44,-122,-302.56,-78.08
-9.76,180.56,190.32,-82.96,-102.48,185.44,-151.28,-131.76,-73.2,-126.88,-317.2,-87.84
-4.88,175.68,180.56,-82.96,-92.72,175.68,-165.92,-136.64,-73.2,-126.88,-322.08,-87.84
-9.76,175.68,185.44,-82.96,-97.6,180.56,-156.16,-136.64,-82.96,-126.88,-322.08,-82.96
-9.76,170.8,180.56,-78.08,-97.6,175.68,-136.64,-136.64,-78.08,-131.76,-322.08,-82.96
-4.88,170.8,175.68,-82.96,-92.72,170.8,-151.28,-131.76,-78.08,-126.88,-317.2,-73.2
4.88,170.8,165.92,-87.84,-82.96,165.92,-165.92,-131.76,-78.08,-126.88,-322.08,-73.2
-29.28,165.92,195.2,-68.32,-112.24,180.56,-146.4,-122,-58.56,-117.12,-307.44,-63.44
-87.84,170.8,258.64,-39.04,-175.68,214.72,-117.12,-97.6,-43.92,-97.6,-287.92,-43.92
-82.96,175.68,258.64,-43.92,-170.8,214.72,-126.88,-92.72,-39.04,-97.6,-287.92,-43.92
-34.16,170.8,204.96,-68.32,-122,185.44,-146.4,-117.12,-73.2,-122,-307.44,-68.32
-19.52,170.8,190.32,-73.2,-107.36,180.56,-146.4,-122,-73.2,-122,-317.2,-73.2
-24.4,161.04,185.44,-68.32,-107.36,170.8,-151.28,-126.88,-82.96,-131.76,-322.08,-82.96
-19.52,170.8,190.32,-73.2,-107.36,180.56,-161.04,-131.76,-87.84,-131.76,-326.96,-78.08
0,170.8,170.8,-82.96,-87.84,170.8,-170.8,-141.52,-92.72,-141.52,-331.84,-87.84
0,165.92,165.92,-82.96,-82.96,165.92,-170.8,-136.64,-92.72,-141.52,-331.84,-82.96
4.88,165.92,161.04,-82.96,-78.08,161.04,-175.68,-136.64,-87.84,-141.52,-331.84,-78.08
-34.16,151.28,185.44,-58.56,-112.24,165.92,-165.92,-136.64,-87.84,-141.52,-326.96,-82.96
-48.8,161.04,209.84,-53.68,-131.76,185.44,-151.28,-126.88,-73.2,-126.88,-312.32,-68.32
-24.4,165.92,190.32,-68.32,-107.36,175.68,-161.04,-131.76,-68.32,-131.76,-326.96,-78.08
-43.92,156.16,200.08,-53.68,-122,175.68,-165.92,-136.64,-73.2,-131.76,-326.96,-78.08
-63.44,156.16,219.6,-43.92,-141.52,185.44,-161.04,-131.76,-78.08,-131.76,-322.08,-78.08
-68.32,151.28,219.6,-39.04,-146.4,185.44,-170.8,-136.64,-82.96,-136.64,-326.96,-78.08
-48.8,146.4,195.2,-48.8,-122,170.8,-165.92,-151.28,-92.72,-141.52,-331.84,-82.96
-29.28,151.28,180.56,-58.56,-107.36,165.92,-185.44,-151.28,-92.72,-146.4,-331.84,-87.84
-4.88,165.92,170.8,-78.08,-87.84,165.92,-190.32,-156.16,-97.6,-151.28,-336.72,-82.96
4.88,165.92,161.04,-82.96,-78.08,161.04,-190.32,-146.4,-92.72,-146.4,-331.84,-73.2
9.76,170.8,161.04,-87.84,-78.08,165.92,-190.32,-146.4,-87.84,-141.52,-326.96,-78.08
24.4,165.92,141.52,-92.72,-58.56,151.28,-190.32,-161.04,-97.6,-156.16,-336.72,-87.84
14.64,170.8,156.16,-92.72,-73.2,161.04,-175.68,-146.4,-92.72,-146.4,-326.96,-82.96
-53.68,170.8,224.48,-58.56,-141.52,195.2,-165.92,-131.76,-73.2,-126.88,-307.44,-63.44
-136.64,175.68,312.32,-19.52,-224.48,244,-146.4,-112.24,-53.68,-107.36,-287.92,-48.8
-141.52,185.44,326.96,-19.52,-234.24,253.76,-126.88,-102.48,-48.8,-102.48,-283.04,-34.16
-58.56,185.44,244,-63.44,-151.28,214.72,-126.88,-126.88,-68.32,-122,-302.56,-53.68
-39.04,175.68,214.72,-68.32,-126.88,195.2,-151.28,-131.76,-73.2,-126.88,-307.44,-48.8
-53.68,175.68,229.36,-58.56,-141.52,200.08,-146.4,-126.88,-78.08,-131.76,-302.56,-48.8
-48.8,180.56,229.36,-63.44,-141.52,204.96,-165.92,-131.76,-82.96,-136.64,-312.32,-58.56
-24.4,180.56,204.96,-78.08,-117.12,190.32,-190.32,-136.64,-87.84,-136.64,-312.32,-63.44
-19.52,165.92,185.44,-73.2,-102.48,175.68,-185.44,-141.52,-87.84,-141.52,-312.32,-63.44
-9.76,195.2,204.96,-92.72,-107.36,200.08,-180.56,-146.4,-97.6,-146.4,-317.2,-68.32
-24.4,190.32,214.72,-82.96,-122,200.08,-180.56,-151.28,-87.84,-141.52,-312.32,-73.2
-39.04,175.68,214.72,-68.32,-126.88,195.2,-180.56,-161.04,-97.6,-151.28,-312.32,-78.08
-39.04,175.68,214.72,-68.32,-126.88,195.2,-180.56,-151.28,-97.6,-146.4,-312.32,-63.44
-4.88,190.32,195.2,-92.72,-102.48,190.32,-190.32,-151.28,-102.48,-146.4,-317.2,-68.32
-14.64,195.2,209.84,-87.84,-112.24,200.08,-185.44,-146.4,-92.72,-141.52,-312.32,-58.56
0,204.96,204.96,-102.48,-102.48,204.96,-175.68,-141.52,-92.72,-146.4,-307.44,-58.56
-9.76,180.56,190.32,-82.96,-102.48,185.44,-200.08,-151.28,-107.36,-161.04,-322.08,-68.32
-34.16,156.16,190.32,-58.56,-112.24,170.8,-200.08,-151.28,-102.48,-156.16,-322.08,-68.32
-63.44,151.28,214.72,-43.92,-141.52,180.56,-180.56,-146.4,-97.6,-151.28,-317.2,-68.32
-68.32,146.4,214.72,-39.04,-141.52,180.56,-175.68,-146.4,-97.6,-151.28,-317.2,-68.32
-48.8,156.16,204.96,-53.68,-126.88,180.56,-180.56,-156.16,-102.48,-151.28,-326.96,-73.2
-39.04,165.92,204.96,-63.44,-122,185.44,-185.44,-161.04,-107.36,-156.16,-326.96,-82.96
-29.28,165.92,195.2,-68.32,-112.24,180.56,-195.2,-161.04,-112.24,-156.16,-326.96,-78.08
-24.4,170.8,195.2,-73.2,-112.24,180.56,-214.72,-161.04,-117.12,-165.92,-331.84,-82.96
-39.04,156.16,195.2,-58.56,-117.12,175.68,-214.72,-161.04,-122,-165.92,-331.84,-87.84
-43.92,151.28,195.2,-53.68,-122,170.8,-214.72,-161.04,-122,-165.92,-336.72,-87.84
-24.4,141.52,165.92,-58.56,-97.6,151.28,-219.6,-161.04,-122,-165.92,-336.72,-87.84
-34.16,131.76,165.92,-48.8,-102.48,146.4,-224.48,-170.8,-117.12,-170.8,-336.72,-97.6
-87.84,136.64,224.48,-24.4,-156.16,180.56,-195.2,-151.28,-97.6,-151.28,-322.08,-78.08
-97.6,156.16,253.76,-29.28,-175.68,204.96,-165.92,-136.64,-87.84,-136.64,-312.32,-63.44
-107.36,161.04,268.4,-24.4,-190.32,214.72,-161.04,-126.88,-73.2,-126.88,-302.56,-58.56
-102.48,170.8,273.28,-34.16,-190.32,219.6,-165.92,-131.76,-78.08,-131.76,-307.44,-58.56
-87.84,165.92,253.76,-39.04,-170.8,209.84,-165.92,-141.52,-87.84,-141.52,-322.08,-73.2
-78.08,165.92,244,-43.92,-161.04,204.96,-175.68,-151.28,-107.36,-161.04,-331.84,-73.2
-58.56,161.04,219.6,-48.8,-141.52,190.32,-195.2,-156.16,-107.36,-161.04,-336.72,-78.08
-58.56,141.52,200.08,-39.04,-131.76,170.8,-185.44,-156.16,-112.24,-170.8,-341.6,-82.96
-48.8,131.76,180.56,-39.04,-117.12,156.16,-190.32,-156.16,-122,-170.8,-346.48,-78.08
-39.04,146.4,185.44,-53.68,-112.24,165.92,-195.2,-156.16,-117.12,-165.92,-346.48,-82.96
-58.56,136.64,195.2,-39.04,-126.88,165.92,-185.44,-146.4,-112.24,-161.04,-341.6,-78.08
-63.44,146.4,209.84,-39.04,-136.64,175.68,-190.32,-156.16,-122,-165.92,-346.48,-82.96
-63.44,136.64,200.08,-34.16,-131.76,165.92,-185.44,-161.04,-126.88,-165.92,-346.48,-92.72
-73.2,131.76,204.96,-29.28,-141.52,165.92,-190.32,-161.04,-131.76,-165.92,-346.48,-87.84
-78.08,141.52,219.6,-29.28,-151.28,180.56,-180.56,-151.28,-122,-161.04,-341.6,-78.08
-58.56,136.64,195.2,-39.04,-126.88,165.92,-190.32,-165.92,-131.76,-175.68,-351.36,-87.84
-53.68,141.52,195.2,-43.92,-126.88,165.92,-195.2,-165.92,-131.76,-165.92,-346.48,-82.96
-78.08,151.28,229.36,-34.16,-156.16,190.32,-180.56,-146.4,-117.12,-156.16,-331.84,-68.32
-73.2,151.28,224.48,-39.04,-151.28,185.44,-185.44,-146.4,-117.12,-156.16,-331.84,-68.32
-39.04,146.4,185.44,-53.68,-112.24,165.92,-200.08,-165.92,-126.88,-165.92,-341.6,-82.96
-43.92,141.52,185.44,-48.8,-117.12,161.04,-195.2,-161.04,-126.88,-170.8,-341.6,-82.96
-73.2,151.28,224.48,-39.04,-151.28,185.44,-175.68,-151.28,-112.24,-161.04,-331.84,-73.2
-68.32,156.16,224.48,-43.92,-146.4,190.32,-185.44,-156.16,-117.12,-161.04,-331.84,-78.08
-112.24,156.16,268.4,-19.52,-190.32,209.84,-175.68,-146.4,-112.24,-151.28,-326.96,-73.2
-112.24,165.92,278.16,-24.4,-195.2,219.6,-175.68,-141.52,-112.24,-146.4,-322.08,-63.44
-102.48,161.04,263.52,-29.28,-185.44,209.84,-185.44,-146.4,-117.12,-156.16,-322.08,-68.32
-107.36,146.4,253.76,-19.52,-180.56,200.08,-180.56,-151.28,-122,-151.28,-322.08,-68.32
-107.36,151.28,258.64,-19.52,-185.44,204.96,-190.32,-151.28,-122,-156.16,-326.96,-63.44
-102.48,136.64,239.12,-14.64,-170.8,185.44,-190.32,-151.28,-122,-156.16,-326.96,-63.44
-87.84,126.88,214.72,-19.52,-151.28,170.8,-200.08,-156.16,-126.88,-161.04,-331.84,-73.2
-68.32,141.52,209.84,-34.16,-141.52,175.68,-195.2,-156.16,-126.88,-156.16,-331.84,-73.2
-73.2,141.52,214.72,-34.16,-146.4,175.68,-195.2,-156.16,-126.88,-156.16,-331.84,-68.32
-43.92,136.64,180.56,-43.92,-112.24,156.16,-190.32,-175.68,-131.76,-165.92,-346.48,-87.84
-48.8,126.88,175.68,-39.04,-112.24,151.28,-200.08,-180.56,-141.52,-175.68,-346.48,-92.72
-82.96,126.88,209.84,-19.52,-146.4,165.92,-195.2,-170.8,-141.52,-170.8,-341.6,-87.84
-112.24,126.88,239.12,-4.88,-175.68,180.56,-185.44,-165.92,-117.12,-170.8,-331.84,-73.2
-97.6,102.48,200.08,0,-151.28,151.28,-170.8,-161.04,-122,-165.92,-331.84,-78.08
-73.2,122,195.2,-24.4,-136.64,156.16,-195.2,-175.68,-151.28,-185.44,-346.48,-87.84
-48.8,151.28,200.08,-48.8,-126.88,175.68,-200.08,-170.8,-146.4,-175.68,-346.48,-78.08
-43.92,156.16,200.08,-53.68,-122,175.68,-180.56,-161.04,-136.64,-165.92,-336.72,-78.08
-58.56,151.28,209.84,-43.92,-136.64,180.56,-190.32,-156.16,-131.76,-165.92,-331.84,-73.2
-73.2,151.28,224.48,-39.04,-151.28,185.44,-200.08,-165.92,-131.76,-161.04,-326.96,-73.2
-78.08,151.28,229.36,-34.16,-156.16,190.32,-180.56,-156.16,-126.88,-156.16,-322.08,-68.32
-68.32,170.8,239.12,-48.8,-156.16,204.96,-170.8,-156.16,-131.76,-156.16,-322.08,-68.32
-63.44,161.04,224.48,-48.8,-146.4,190.32,-175.68,-165.92,-141.52,-165.92,-326.96,-68.32
-53.68,156.16,209.84,-48.8,-131.76,180.56,-190.32,-175.68,-161.04,-180.56,-351.36,-87.84
-48.8,146.4,195.2,-48.8,-122,170.8,-200.08,-170.8,-156.16,-180.56,-346.48,-82.96
-48.8,131.76,180.56,-39.04,-117.12,156.16,-219.6,-185.44,-165.92,-190.32,-356.24,-97.6
-39.04,146.4,185.44,-53.68,-112.24,165.92,-214.72,-175.68,-161.04,-185.44,-351.36,-87.84
-82.96,151.28,234.24,-34.16,-161.04,190.32,-185.44,-156.16,-136.64,-156.16,-326.96,-73.2
-117.12,146.4,263.52,-14.64,-190.32,204.96,-165.92,-146.4,-126.88,-151.28,-307.44,-58.56
-102.48,156.16,258.64,-24.4,-180.56,204.96,-180.56,-156.16,-126.88,-151.28,-307.44,-58.56
-78.08,141.52,219.6,-29.28,-151.28,180.56,-200.08,-175.68,-151.28,-170.8,-341.6,-78.08
-112.24,146.4,258.64,-14.64,-185.44,200.08,-185.44,-161.04,-131.76,-156.16,-317.2,-63.44
-107.36,161.04,268.4,-24.4,-190.32,214.72,-180.56,-156.16,-126.88,-151.28,-307.44,-48.8
-112.24,161.04,273.28,-24.4,-195.2,214.72,-185.44,-161.04,-136.64,-156.16,-317.2,-63.44
-92.72,170.8,263.52,-39.04,-180.56,214.72,-200.08,-170.8,-146.4,-175.68,-331.84,-73.2
-78.08,161.04,239.12,-39.04,-161.04,200.08,-204.96,-175.68,-151.28,-180.56,-341.6,-78.08
-63.44,161.04,224.48,-48.8,-146.4,190.32,-204.96,-175.68,-156.16,-175.68,-336.72,-78.08
-63.44,161.04,224.48,-48.8,-146.4,190.32,-200.08,-170.8,-146.4,-170.8,-331.84,-73.2
-73.2,156.16,229.36,-39.04,-151.28,190.32,-185.44,-170.8,-151.28,-170.8,-331.84,-73.2
-82.96,151.28,234.24,-34.16,-161.04,190.32,-200.08,-175.68,-141.52,-170.8,-331.84,-73.2
-73.2,151.28,224.48,-39.04,-151.28,185.44,-195.2,-180.56,-151.28,-170.8,-336.72,-78.08
-63.44,156.16,219.6,-43.92,-141.52,185.44,-200.08,-180.56,-156.16,-165.92,-331.84,-73.2
-34.16,175.68,209.84,-68.32,-122,190.32,-200.08,-180.56,-151.28,-165.92,-331.84,-68.32
-53.68,170.8,224.48,-58.56,-141.52,195.2,-190.32,-175.68,-156.16,-170.8,-331.84,-68.32
-68.32,161.04,229.36,-43.92,-151.28,195.2,-190.32,-180.56,-156.16,-175.68,-336.72,-68.32
-73.2,161.04,234.24,-43.92,-156.16,195.2,-185.44,-175.68,-156.16,-175.68,-336.72,-68.32
-82.96,156.16,239.12,-34.16,-161.04,195.2,-195.2,-175.68,-156.16,-175.68,-336.72,-68.32
-92.72,151.28,244,-29.28,-170.8,195.2,-195.2,-175.68,-146.4,-170.8,-331.84,-63.44
-73.2,146.4,219.6,-34.16,-146.4,180.56,-190.32,-180.56,-156.16,-175.68,-336.72,-73.2
-58.56,146.4,204.96,-43.92,-131.76,175.68,-204.96,-190.32,-165.92,-185.44,-346.48,-87.84
-34.16,156.16,190.32,-58.56,-112.24,170.8,-204.96,-185.44,-151.28,-180.56,-346.48,-78.08
-43.92,156.16,200.08,-53.68,-122,175.68,-214.72,-195.2,-161.04,-180.56,-341.6,-82.96
-58.56,161.04,219.6,-48.8,-141.52,190.32,-209.84,-190.32,-161.04,-180.56,-341.6,-78.08
-68.32,170.8,239.12,-48.8,-156.16,204.96,-204.96,-185.44,-141.52,-170.8,-341.6,-68.32
-78.08,161.04,239.12,-39.04,-161.04,200.08,-190.32,-185.44,-151.28,-175.68,-341.6,-73.2
-102.48,170.8,273.28,-34.16,-190.32,219.6,-185.44,-170.8,-141.52,-161.04,-326.96,-53.68
-102.48,180.56,283.04,-39.04,-195.2,229.36,-156.16,-161.04,-126.88,-146.4,-317.2,-48.8
-39.04,180.56,219.6,-68.32,-131.76,200.08,-170.8,-170.8,-141.52,-165.92,-336.72,-58.56
-34.16,180.56,214.72,-73.2,-126.88,195.2,-180.56,-170.8,-141.52,-165.92,-331.84,-58.56
-92.72,161.04,253.76,-34.16,-175.68,204.96,-190.32,-170.8,-136.64,-161.04,-331.84,-53.68
-107.36,156.16,263.52,-24.4,-185.44,209.84,-190.32,-170.8,-136.64,-156.16,-331.84,-58.56
-107.36,180.56,287.92,-34.16,-200.08,234.24,-175.68,-161.04,-126.88,-151.28,-317.2,-48.8
-112.24,180.56,292.8,-34.16,-204.96,234.24,-180.56,-161.04,-126.88,-151.28,-322.08,-39.04
-97.6,180.56,278.16,-39.04,-190.32,229.36,-195.2,-165.92,-141.52,-161.04,-326.96,-48.8
-131.76,170.8,302.56,-19.52,-219.6,234.24,-185.44,-165.92,-131.76,-161.04,-326.96,-48.8
-117.12,151.28,268.4,-14.64,-195.2,209.84,-209.84,-170.8,-146.4,-175.68,-341.6,-58.56
-112.24,136.64,248.88,-9.76,-180.56,190.32,-195.2,-161.04,-136.64,-165.92,-331.84,-48.8
-97.6,146.4,244,-24.4,-170.8,195.2,-175.68,-161.04,-136.64,-161.04,-326.96,-48.8
-68.32,161.04,229.36,-43.92,-151.28,195.2,-209.84,-185.44,-156.16,-185.44,-351.36,-73.2
-53.68,165.92,219.6,-53.68,-136.64,190.32,-209.84,-185.44,-151.28,-175.68,-351.36,-73.2
-73.2,161.04,234.24,-43.92,-156.16,195.2,-204.96,-180.56,-146.4,-170.8,-341.6,-68.32
-97.6,151.28,248.88,-24.4,-175.68,200.08,-200.08,-175.68,-151.28,-170.8,-336.72,-73.2
-92.72,165.92,258.64,-34.16,-175.68,209.84,-204.96,-175.68,-156.16,-170.8,-341.6,-73.2
-78.08,170.8,248.88,-43.92,-165.92,209.84,-204.96,-180.56,-161.04,-180.56,-351.36,-73.2
-58.56,175.68,234.24,-58.56,-146.4,204.96,-214.72,-180.56,-165.92,-185.44,-356.24,-78.08
-73.2,161.04,234.24,-43.92,-156.16,195.2,-214.72,-175.68,-165.92,-180.56,-351.36,-78.08
-92.72,151.28,244,-29.28,-170.8,195.2,-204.96,-156.16,-146.4,-161.04,-341.6,-63.44
-73.2,151.28,224.48,-39.04,-151.28,185.44,-200.08,-156.16,-146.4,-151.28,-336.72,-68.32
-58.56,146.4,204.96,-43.92,-131.76,175.68,-204.96,-165.92,-151.28,-161.04,-341.6,-82.96
-63.44,170.8,234.24,-53.68,-151.28,200.08,-195.2,-161.04,-141.52,-151.28,-331.84,-73.2
-78.08,170.8,248.88,-43.92,-165.92,209.84,-170.8,-161.04,-136.64,-146.4,-326.96,-68.32
-87.84,170.8,258.64,-39.04,-175.68,214.72,-175.68,-165.92,-131.76,-146.4,-317.2,-63.44
-78.08,185.44,263.52,-53.68,-170.8,224.48,-190.32,-165.92,-136.64,-146.4,-322.08,-58.56
-78.08,180.56,258.64,-48.8,-170.8,219.6,-209.84,-180.56,-146.4,-151.28,-326.96,-73.2
-87.84,180.56,268.4,-43.92,-180.56,224.48,-190.32,-165.92,-141.52,-151.28,-326.96,-68.32
-97.6,180.56,278.16,-39.04,-190.32,229.36,-185.44,-161.04,-136.64,-141.52,-322.08,-73.2
-87.84,175.68,263.52,-43.92,-175.68,219.6,-200.08,-161.04,-136.64,-146.4,-331.84,-87.84
-58.56,190.32,248.88,-63.44,-156.16,219.6,-195.2,-161.04,-136.64,-141.52,-331.84,-92.72
-82.96,175.68,258.64,-43.92,-170.8,214.72,-190.32,-156.16,-122,-131.76,-322.08,-87.84
-92.72,170.8,263.52,-39.04,-180.56,214.72,-200.08,-165.92,-126.88,-141.52,-322.08,-87.84
-82.96,175.68,258.64,-43.92,-170.8,214.72,-204.96,-170.8,-146.4,-141.52,-326.96,-82.96
-78.08,180.56,258.64,-48.8,-170.8,219.6,-214.72,-180.56,-156.16,-146.4,-326.96,-78.08
-73.2,185.44,258.64,-53.68,-165.92,219.6,-214.72,-180.56,-151.28,-151.28,-326.96,-73.2
-73.2,195.2,268.4,-58.56,-170.8,229.36,-195.2,-175.68,-151.28,-146.4,-326.96,-68.32
-92.72,185.44,278.16,-43.92,-185.44,229.36,-204.96,-170.8,-141.52,-151.28,-331.84,-73.2
-68.32,185.44,253.76,-58.56,-161.04,219.6,-219.6,-175.68,-141.52,-161.04,-336.72,-87.84
-63.44,175.68,239.12,-53.68,-151.28,204.96,-214.72,-170.8,-151.28,-156.16,-341.6,-92.72
-68.32,170.8,239.12,-48.8,-156.16,204.96,-214.72,-175.68,-156.16,-156.16,-346.48,-102.48
-63.44,175.68,239.12,-53.68,-151.28,204.96,-209.84,-170.8,-151.28,-146.4,-341.6,-97.6
-68.32,175.68,244,-53.68,-156.16,209.84,-214.72,-175.68,-151.28,-151.28,-336.72,-92.72
-82.96,180.56,263.52,-48.8,-175.68,219.6,-204.96,-165.92,-141.52,-131.76,-322.08,-78.08
-87.84,185.44,273.28,-48.8,-180.56,229.36,-200.08,-161.04,-136.64,-126.88,-302.56,-58.56
-97.6,195.2,292.8,-48.8,-195.2,244,-200.08,-161.04,-136.64,-126.88,-307.44,-53.68
-92.72,195.2,287.92,-48.8,-190.32,239.12,-200.08,-170.8,-141.52,-131.76,-312.32,-58.56
-78.08,195.2,273.28,-58.56,-175.68,234.24,-214.72,-170.8,-146.4,-146.4,-326.96,-78.08
-63.44,190.32,253.76,-63.44,-161.04,219.6,-214.72,-170.8,-151.28,-151.28,-336.72,-82.96
-73.2,200.08,273.28,-63.44,-175.68,234.24,-209.84,-170.8,-146.4,-151.28,-341.6,-87.84
-78.08,185.44,263.52,-53.68,-170.8,224.48,-200.08,-161.04,-146.4,-141.52,-331.84,-87.84
-117.12,175.68,292.8,-29.28,-204.96,234.24,-180.56,-151.28,-122,-131.76,-317.2,-73.2
-126.88,175.68,302.56,-24.4,-214.72,239.12,-190.32,-165.92,-131.76,-136.64,-317.2,-78.08
-112.24,165.92,278.16,-24.4,-195.2,219.6,-209.84,-175.68,-136.64,-141.52,-322.08,-82.96
-87.84,175.68,263.52,-43.92,-175.68,219.6,-204.96,-175.68,-136.64,-136.64,-312.32,-73.2
-82.96,185.44,268.4,-48.8,-175.68,224.48,-209.84,-185.44,-141.52,-141.52,-312.32,-68.32
-68.32,195.2,263.52,-63.44,-165.92,229.36,-209.84,-180.56,-141.52,-141.52,-317.2,-73.2
-53.68,190.32,244,-68.32,-151.28,214.72,-214.72,-185.44,-156.16,-161.04,-336.72,-87.84
-39.04,180.56,219.6,-68.32,-131.76,200.08,-204.96,-190.32,-161.04,-175.68,-351.36,-107.36
-68.32,185.44,253.76,-58.56,-161.04,219.6,-180.56,-161.04,-131.76,-151.28,-346.48,-107.36
-117.12,175.68,292.8,-29.28,-204.96,234.24,-151.28,-141.52,-122,-141.52,-346.48,-112.24
-141.52,156.16,297.68,-4.88,-219.6,224.48,-146.4,-126.88,-92.72,-126.88,-336.72,-117.12
-126.88,165.92,292.8,-19.52,-209.84,229.36,-141.52,-107.36,-58.56,-82.96,-297.68,-97.6
-112.24,180.56,292.8,-34.16,-204.96,234.24,-131.76,-87.84,-19.52,-14.64,-234.24,-63.44
-87.84,209.84,297.68,-58.56,-195.2,253.76,-156.16,-78.08,43.92,73.2,-131.76,0
-63.44,253.76,317.2,-92.72,-190.32,283.04,-151.28,-68.32,136.64,195.2,14.64,92.72
-68.32,273.28,341.6,-102.48,-204.96,307.44,-165.92,-63.44,185.44,307.44,185.44,209.84
-48.8,302.56,351.36,-126.88,-200.08,326.96,-195.2,-92.72,195.2,405.04,366,322.08
4.88,366,361.12,-185.44,-180.56,361.12,-253.76,-170.8,180.56,492.88,566.08,458.72
39.04,414.8,375.76,-224.48,-170.8,395.28,-326.96,-263.52,141.52,575.84,790.56,619.76
73.2,473.36,400.16,-273.28,-165.92,434.32,-395.28,-375.76,63.44,644.16,1044.32,810.08
112.24,527.04,414.8,-317.2,-151.28,468.48,-473.36,-512.4,-29.28,688.08,1273.68,976
112.24,570.96,458.72,-341.6,-175.68,512.4,-546.56,-619.76,-97.6,741.76,1488.4,1141.92
136.64,624.64,488,-380.64,-175.68,556.32,-600.24,-702.72,-151.28,780.8,1629.92,1263.92
165.92,624.64,458.72,-395.28,-146.4,541.68,-634.4,-785.68,-263.52,692.96,1590.88,1283.44
185.44,629.52,444.08,-405.04,-131.76,536.8,-658.8,-883.28,-439.2,488,1381.04,1210.24
180.56,610,429.44,-395.28,-126.88,517.28,-692.96,-1000.4,-668.56,170.8,1000.4,1039.44
141.52,575.84,434.32,-356.24,-146.4,502.64,-722.24,-1122.4,-936.96,-209.84,561.2,834.48
112.24,551.44,439.2,-331.84,-165.92,492.88,-732,-1224.88,-1176.08,-566.08,156.16,644.16
73.2,522.16,448.96,-297.68,-190.32,483.12,-717.36,-1283.44,-1395.68,-956.48,-292.8,409.92
-43.92,497.76,541.68,-224.48,-292.8,517.28,-663.68,-1288.32,-1600.64,-1342,-732,190.32
-122,478.24,600.24,-175.68,-361.12,536.8,-600.24,-1263.92,-1683.6,-1532.32,-980.88,29.28
-131.76,414.8,546.56,-141.52,-341.6,478.24,-551.44,-1195.6,-1659.2,-1551.84,-1098,-107.36
-102.48,366,468.48,-131.76,-287.92,414.8,-531.92,-1137.04,-1620.16,-1542.08,-1161.44,-185.44
-82.96,336.72,419.68,-126.88,-253.76,375.76,-502.64,-1102.88,-1600.64,-1532.32,-1195.6,-229.36
-102.48,292.8,395.28,-92.72,-248.88,341.6,-468.48,-1073.6,-1581.12,-1517.68,-1215.12,-278.16
-112.24,214.72,326.96,-48.8,-219.6,268.4,-424.56,-1024.8,-1546.96,-1498.16,-1249.28,-356.24
-112.24,146.4,258.64,-14.64,-185.44,200.08,-361.12,-956.48,-1488.4,-1449.36,-1263.92,-429.44
-151.28,122,273.28,14.64,-214.72,195.2,-287.92,-858.88,-1376.16,-1342,-1215.12,-444.08
-224.48,102.48,326.96,63.44,-278.16,214.72,-195.2,-722.24,-1220,-1200.48,-1127.28,-434.32
-248.88,63.44,312.32,92.72,-283.04,185.44,-161.04,-619.76,-1098,-1098,-1068.72,-439.2
-214.72,68.32,283.04,73.2,-248.88,175.68,-165.92,-551.44,-985.76,-985.76,-990.64,-419.68
-161.04,78.08,239.12,43.92,-200.08,156.16,-204.96,-527.04,-888.16,-883.28,-912.56,-400.16
-156.16,92.72,248.88,34.16,-204.96,170.8,-229.36,-488,-775.92,-766.16,-824.72,-351.36
-170.8,117.12,287.92,29.28,-229.36,200.08,-209.84,-385.52,-644.16,-639.28,-722.24,-287.92
-156.16,136.64,292.8,9.76,-224.48,214.72,-195.2,-317.2,-556.32,-556.32,-668.56,-268.4
-131.76,136.64,268.4,0,-200.08,200.08,-170.8,-239.12,-473.36,-473.36,-610,-248.88
-122,131.76,253.76,-4.88,-190.32,190.32,-161.04,-209.84,-400.16,-409.92,-556.32,-239.12
-126.88,126.88,253.76,0,-190.32,190.32,-161.04,-190.32,-351.36,-361.12,-527.04,-224.48
-122,141.52,263.52,-9.76,-195.2,200.08,-136.64,-146.4,-287.92,-292.8,-473.36,-195.2
-117.12,151.28,268.4,-14.64,-195.2,209.84,-122,-112.24,-239.12,-248.88,-434.32,-170.8
-141.52,151.28,292.8,-4.88,-219.6,219.6,-122,-117.12,-214.72,-219.6,-419.68,-151.28
-136.64,161.04,297.68,-9.76,-219.6,229.36,-117.12,-112.24,-190.32,-200.08,-400.16,-141.52
-112.24,180.56,292.8,-34.16,-204.96,234.24,-107.36,-107.36,-165.92,-180.56,-385.52,-136.64
-97.6,204.96,302.56,-53.68,-200.08,253.76,-122,-102.48,-146.4,-161.04,-366,-126.88
-92.72,214.72,307.44,-58.56,-200.08,258.64,-131.76,-102.48,-136.64,-146.4,-356.24,-122
-102.48,214.72,317.2,-53.68,-209.84,263.52,-126.88,-97.6,-131.76,-131.76,-341.6,-122
-97.6,229.36,326.96,-63.44,-214.72,278.16,-126.88,-82.96,-112.24,-117.12,-322.08,-112.24
-82.96,224.48,307.44,-68.32,-195.2,263.52,-141.52,-82.96,-112.24,-117.12,-326.96,-112.24
-78.08,219.6,297.68,-68.32,-190.32,258.64,-126.88,-82.96,-112.24,-107.36,-326.96,-117.12
-73.2,224.48,297.68,-73.2,-185.44,258.64,-117.12,-68.32,-97.6,-107.36,-307.44,-102.48
-68.32,224.48,292.8,-78.08,-180.56,258.64,-122,-63.44,-92.72,-102.48,-307.44,-102.48
-87.84,234.24,322.08,-73.2,-204.96,278.16,-112.24,-58.56,-78.08,-82.96,-297.68,-87.84
-122,239.12,361.12,-58.56,-244,297.68,-97.6,-48.8,-58.56,-63.44,-283.04,-78.08
-117.12,229.36,346.48,-53.68,-234.24,287.92,-102.48,-53.68,-48.8,-63.44,-283.04,-78.08
-58.56,244,302.56,-92.72,-180.56,273.28,-131.76,-78.08,-68.32,-78.08,-292.8,-92.72
-53.68,239.12,292.8,-92.72,-175.68,263.52,-136.64,-82.96,-82.96,-78.08,-297.68,-92.72
-68.32,224.48,292.8,-78.08,-180.56,258.64,-131.76,-82.96,-78.08,-78.08,-292.8,-87.84
-92.72,229.36,322.08,-68.32,-209.84,273.28,-141.52,-73.2,-78.08,-73.2,-283.04,-82.96
-126.88,234.24,361.12,-53.68,-244,297.68,-136.64,-63.44,-63.44,-58.56,-273.28,-82.96
-112.24,224.48,336.72,-53.68,-224.48,278.16,-141.52,-63.44,-63.44,-58.56,-273.28,-87.84
-97.6,229.36,326.96,-63.44,-214.72,278.16,-141.52,-68.32,-58.56,-58.56,-273.28,-82.96
-87.84,229.36,317.2,-68.32,-204.96,273.28,-131.76,-63.44,-58.56,-48.8,-268.4,-87.84
-78.08,244,322.08,-82.96,-200.08,283.04,-122,-58.56,-48.8,-43.92,-263.52,-87.84
-82.96,248.88,331.84,-82.96,-209.84,287.92,-126.88,-58.56,-43.92,-39.04,-258.64,-78.08
-92.72,253.76,346.48,-78.08,-219.6,297.68,-126.88,-63.44,-43.92,-34.16,-263.52,-78.08
-82.96,263.52,346.48,-87.84,-214.72,302.56,-131.76,-68.32,-48.8,-29.28,-258.64,-82.96
-58.56,263.52,322.08,-102.48,-190.32,292.8,-131.76,-73.2,-48.8,-34.16,-258.64,-82.96
-78.08,263.52,341.6,-92.72,-209.84,302.56,-126.88,-68.32,-43.92,-29.28,-248.88,-73.2
-126.88,248.88,375.76,-58.56,-253.76,312.32,-117.12,-63.44,-14.64,-19.52,-239.12,-73.2
-151.28,239.12,390.4,-43.92,-273.28,312.32,-112.24,-48.8,-9.76,-14.64,-234.24,-63.44
-126.88,258.64,385.52,-63.44,-258.64,322.08,-102.48,-48.8,-19.52,-14.64,-234.24,-58.56
-78.08,263.52,341.6,-92.72,-209.84,302.56,-102.48,-53.68,-24.4,-19.52,-244,-73.2
-68.32,248.88,317.2,-87.84,-195.2,283.04,-112.24,-58.56,-29.28,-19.52,-248.88,-78.08
-63.44,268.4,331.84,-102.48,-200.08,297.68,-122,-63.44,-34.16,-24.4,-248.88,-73.2
-43.92,278.16,322.08,-117.12,-185.44,297.68,-131.76,-73.2,-29.28,-24.4,-263.52,-82.96
-24.4,283.04,307.44,-126.88,-165.92,292.8,-136.64,-78.08,-29.28,-19.52,-253.76,-78.08
-34.16,287.92,322.08,-126.88,-180.56,302.56,-131.76,-73.2,-34.16,-14.64,-248.88,-78.08
-68.32,283.04,351.36,-107.36,-209.84,317.2,-117.12,-58.56,-19.52,-4.88,-234.24,-63.44
-68.32,273.28,341.6,-102.48,-204.96,307.44,-117.12,-53.68,-19.52,-4.88,-239.12,-73.2
-87.84,258.64,346.48,-82.96,-219.6,302.56,-112.24,-43.92,-19.52,-4.88,-234.24,-73.2
-92.72,258.64,351.36,-82.96,-224.48,302.56,-112.24,-34.16,-9.76,-4.88,-234.24,-68.32
-97.6,263.52,361.12,-82.96,-229.36,312.32,-107.36,-24.4,9.76,14.64,-224.48,-58.56
-112.24,258.64,370.88,-73.2,-244,312.32,-92.72,-14.64,14.64,29.28,-209.84,-48.8
-107.36,278.16,385.52,-82.96,-248.88,331.84,-102.48,-9.76,14.64,34.16,-200.08,-34.16
-126.88,292.8,419.68,-82.96,-273.28,356.24,-82.96,-4.88,29.28,53.68,-185.44,-19.52
-151.28,292.8,444.08,-68.32,-297.68,366,-87.84,0,29.28,63.44,-175.68,-14.64
-107.36,297.68,405.04,-92.72,-258.64,351.36,-102.48,-14.64,19.52,53.68,-185.44,-19.52
-68.32,297.68,366,-112.24,-219.6,331.84,-112.24,-24.4,4.88,34.16,-204.96,-39.04
-43.92,297.68,341.6,-126.88,-195.2,317.2,-122,-24.4,-4.88,34.16,-209.84,-53.68
-29.28,292.8,322.08,-131.76,-175.68,307.44,-122,-19.52,-4.88,29.28,-209.84,-58.56
-39.04,283.04,322.08,-122,-180.56,302.56,-126.88,-19.52,-4.88,29.28,-219.6,-68.32
-53.68,292.8,346.48,-117.12,-200.08,317.2,-112.24,-4.88,9.76,39.04,-209.84,-53.68
-87.84,297.68,385.52,-102.48,-239.12,341.6,-87.84,14.64,34.16,58.56,-190.32,-43.92
-87.84,307.44,395.28,-107.36,-244,351.36,-87.84,9.76,29.28,63.44,-185.44,-34.16
-73.2,307.44,380.64,-117.12,-229.36,341.6,-107.36,9.76,29.28,68.32,-180.56,-34.16
-68.32,297.68,366,-112.24,-219.6,331.84,-117.12,4.88,29.28,68.32,-175.68,-34.16
-68.32,283.04,351.36,-107.36,-209.84,317.2,-112.24,0,34.16,63.44,-180.56,-24.4
-58.56,297.68,356.24,-117.12,-209.84,326.96,-112.24,9.76,43.92,73.2,-165.92,-14.64
-58.56,297.68,356.24,-117.12,-209.84,326.96,-107.36,19.52,43.92,87.84,-156.16,-14.64
-53.68,297.68,351.36,-122,-204.96,322.08,-107.36,24.4,53.68,92.72,-156.16,-19.52
-63.44,297.68,361.12,-117.12,-214.72,326.96,-112.24,24.4,58.56,97.6,-161.04,-19.52
-97.6,297.68,395.28,-97.6,-248.88,346.48,-82.96,43.92,68.32,107.36,-156.16,-19.52
-87.84,307.44,395.28,-107.36,-244,351.36,-78.08,53.68,87.84,117.12,-146.4,-9.76
-43.92,317.2,361.12,-136.64,-204.96,336.72,-87.84,43.92,82.96,117.12,-151.28,-19.52
-24.4,331.84,356.24,-151.28,-190.32,341.6,-112.24,34.16,87.84,122,-151.28,-24.4
-53.68,346.48,400.16,-146.4,-229.36,370.88,-102.48,58.56,136.64,146.4,-122,-4.88
-58.56,331.84,390.4,-136.64,-224.48,361.12,-102.48,63.44,141.52,151.28,-117.12,4.88
-48.8,322.08,370.88,-136.64,-209.84,346.48,-87.84,68.32,146.4,156.16,-107.36,9.76
-63.44,326.96,390.4,-131.76,-229.36,356.24,-82.96,87.84,161.04,180.56,-92.72,19.52
-68.32,331.84,400.16,-131.76,-234.24,366,-82.96,102.48,170.8,185.44,-78.08,34.16
-68.32,336.72,405.04,-131.76,-239.12,370.88,-87.84,112.24,180.56,200.08,-78.08,43.92
-68.32,341.6,409.92,-136.64,-239.12,375.76,-87.84,112.24,190.32,204.96,-78.08,34.16
-53.68,346.48,400.16,-146.4,-229.36,370.88,-97.6,117.12,195.2,204.96,-82.96,34.16
-29.28,361.12,390.4,-165.92,-209.84,375.76,-87.84,107.36,200.08,200.08,-87.84,19.52
-43.92,366,409.92,-161.04,-229.36,385.52,-92.72,112.24,200.08,204.96,-87.84,14.64
-43.92,375.76,419.68,-165.92,-234.24,395.28,-102.48,126.88,209.84,224.48,-73.2,19.52
-43.92,385.52,429.44,-170.8,-239.12,405.04,-87.84,146.4,229.36,234.24,-58.56,39.04
-43.92,361.12,405.04,-156.16,-224.48,380.64,-92.72,146.4,224.48,239.12,-63.44,29.28
-29.28,341.6,370.88,-156.16,-200.08,356.24,-87.84,165.92,248.88,258.64,-58.56,43.92
-48.8,336.72,385.52,-141.52,-219.6,361.12,-68.32,180.56,268.4,273.28,-43.92,63.44
-48.8,331.84,380.64,-141.52,-214.72,356.24,-58.56,200.08,283.04,292.8,-29.28,78.08
-29.28,336.72,366,-151.28,-200.08,351.36,-78.08,200.08,302.56,307.44,-14.64,82.96
-39.04,346.48,385.52,-151.28,-214.72,366,-63.44,219.6,326.96,336.72,4.88,102.48
-4.88,380.64,385.52,-185.44,-195.2,380.64,-73.2,214.72,326.96,331.84,4.88,97.6
-9.76,385.52,395.28,-185.44,-204.96,390.4,-87.84,219.6,336.72,336.72,4.88,92.72
-24.4,390.4,414.8,-180.56,-219.6,400.16,-82.96,224.48,341.6,351.36,14.64,87.84
-9.76,395.28,405.04,-190.32,-209.84,400.16,-73.2,234.24,356.24,356.24,14.64,87.84
-19.52,380.64,400.16,-180.56,-209.84,390.4,-68.32,248.88,375.76,366,19.52,82.96
-34.16,375.76,409.92,-170.8,-224.48,390.4,-58.56,273.28,390.4,385.52,34.16,82.96
-43.92,385.52,429.44,-170.8,-239.12,405.04,-58.56,297.68,419.68,405.04,53.68,102.48
-39.04,375.76,414.8,-165.92,-229.36,395.28,-53.68,317.2,439.2,424.56,63.44,107.36
-19.52,385.52,405.04,-180.56,-214.72,395.28,-53.68,322.08,473.36,444.08,68.32,107.36
-43.92,400.16,444.08,-175.68,-244,419.68,-63.44,326.96,488,458.72,73.2,97.6
-43.92,419.68,463.6,-185.44,-253.76,439.2,-58.56,331.84,483.12,463.6,82.96,102.48
-43.92,439.2,483.12,-195.2,-263.52,458.72,-53.68,341.6,492.88,478.24,97.6,102.48
-34.16,429.44,463.6,-195.2,-248.88,444.08,-58.56,351.36,497.76,488,102.48,97.6
-4.88,429.44,434.32,-209.84,-219.6,429.44,-53.68,356.24,507.52,497.76,107.36,107.36
9.76,444.08,434.32,-224.48,-214.72,439.2,-53.68,356.24,517.28,502.64,107.36,112.24
24.4,448.96,424.56,-234.24,-200.08,434.32,-68.32,370.88,527.04,517.28,107.36,112.24
14.64,444.08,429.44,-229.36,-209.84,434.32,-43.92,395.28,551.44,541.68,131.76,141.52
19.52,434.32,414.8,-224.48,-200.08,424.56,-53.68,409.92,561.2,546.56,131.76,146.4
9.76,429.44,419.68,-219.6,-204.96,424.56,-48.8,414.8,570.96,566.08,141.52,151.28
34.16,439.2,405.04,-234.24,-185.44,419.68,-63.44,419.68,595.36,580.72,151.28,161.04
39.04,448.96,409.92,-244,-185.44,429.44,-63.44,419.68,600.24,590.48,165.92,170.8
39.04,458.72,419.68,-248.88,-190.32,439.2,-68.32,419.68,605.12,610,175.68,165.92
24.4,468.48,444.08,-244,-209.84,453.84,-53.68,439.2,629.52,634.4,204.96,175.68
0,483.12,483.12,-239.12,-244,483.12,-43.92,453.84,644.16,644.16,219.6,185.44
0,488,488,-244,-244,488,-48.8,453.84,634.4,639.28,209.84,180.56
19.52,468.48,448.96,-244,-214.72,458.72,-68.32,444.08,614.88,624.64,190.32,165.92
4.88,463.6,458.72,-234.24,-229.36,458.72,-63.44,444.08,624.64,629.52,190.32,165.92
-19.52,458.72,478.24,-219.6,-248.88,468.48,-53.68,453.84,629.52,639.28,195.2,180.56
0,448.96,448.96,-224.48,-224.48,448.96,-58.56,448.96,624.64,629.52,180.56,170.8
39.04,468.48,429.44,-253.76,-195.2,448.96,-58.56,453.84,619.76,629.52,180.56,170.8
53.68,468.48,414.8,-258.64,-180.56,439.2,-53.68,448.96,605.12,629.52,180.56,170.8
58.56,458.72,400.16,-258.64,-170.8,429.44,-58.56,434.32,585.6,624.64,175.68,165.92
63.44,463.6,400.16,-263.52,-170.8,429.44,-63.44,424.56,570.96,614.88,185.44,165.92
48.8,473.36,424.56,-258.64,-190.32,448.96,-58.56,414.8,551.44,610,185.44,165.92
19.52,473.36,453.84,-244,-219.6,463.6,-48.8,419.68,551.44,614.88,190.32,165.92
19.52,473.36,453.84,-244,-219.6,463.6,-48.8,424.56,546.56,610,185.44,161.04
19.52,468.48,448.96,-244,-214.72,458.72,-53.68,405.04,527.04,585.6,170.8,146.4
34.16,458.72,424.56,-244,-195.2,439.2,-53.68,395.28,507.52,566.08,146.4,136.64
34.16,453.84,419.68,-244,-195.2,434.32,-68.32,380.64,497.76,546.56,126.88,126.88
19.52,453.84,434.32,-234.24,-209.84,444.08,-68.32,370.88,488,546.56,122,126.88
43.92,458.72,414.8,-248.88,-185.44,434.32,-78.08,351.36,463.6,531.92,122,131.76
48.8,458.72,409.92,-253.76,-180.56,434.32,-82.96,336.72,444.08,522.16,122,141.52
29.28,448.96,419.68,-239.12,-195.2,434.32,-82.96,326.96,429.44,512.4,122,146.4
19.52,453.84,434.32,-234.24,-209.84,444.08,-73.2,326.96,419.68,507.52,117.12,165.92
-14.64,448.96,463.6,-214.72,-239.12,453.84,-63.44,317.2,414.8,492.88,126.88,175.68
-24.4,448.96,473.36,-209.84,-248.88,458.72,-68.32,307.44,385.52,483.12,122,175.68
-19.52,444.08,463.6,-209.84,-244,453.84,-73.2,292.8,366,458.72,107.36,161.04
4.88,444.08,439.2,-224.48,-219.6,439.2,-78.08,263.52,336.72,429.44,87.84,146.4
-19.52,448.96,468.48,-214.72,-244,458.72,-78.08,263.52,331.84,429.44,92.72,156.16
-19.52,448.96,468.48,-214.72,-244,458.72,-92.72,239.12,312.32,409.92,78.08,156.16
4.88,453.84,448.96,-229.36,-224.48,448.96,-102.48,214.72,273.28,375.76,63.44,136.64
39.04,473.36,434.32,-253.76,-200.08,453.84,-107.36,190.32,239.12,351.36,43.92,122
43.92,473.36,429.44,-258.64,-195.2,448.96,-112.24,165.92,214.72,331.84,29.28,112.24
24.4,463.6,439.2,-244,-209.84,448.96,-107.36,161.04,190.32,312.32,14.64,107.36
-9.76,444.08,453.84,-214.72,-234.24,448.96,-92.72,151.28,185.44,297.68,9.76,112.24
-29.28,424.56,453.84,-195.2,-244,439.2,-97.6,131.76,170.8,273.28,-4.88,107.36
-9.76,424.56,434.32,-204.96,-224.48,429.44,-97.6,122,146.4,248.88,-14.64,102.48
4.88,424.56,419.68,-214.72,-209.84,419.68,-107.36,102.48,122,229.36,-34.16,97.6
-4.88,419.68,424.56,-204.96,-214.72,419.68,-107.36,82.96,87.84,209.84,-43.92,82.96
-14.64,419.68,434.32,-200.08,-224.48,424.56,-92.72,73.2,73.2,195.2,-43.92,78.08
-29.28,414.8,444.08,-190.32,-239.12,429.44,-102.48,39.04,43.92,170.8,-63.44,63.44
0,414.8,414.8,-204.96,-209.84,414.8,-122,19.52,19.52,141.52,-78.08,48.8
39.04,424.56,385.52,-229.36,-175.68,405.04,-131.76,0,-4.88,126.88,-92.72,34.16
43.92,444.08,400.16,-244,-180.56,419.68,-122,-4.88,-14.64,117.12,-92.72,39.04
9.76,439.2,429.44,-224.48,-209.84,434.32,-112.24,-9.76,-14.64,102.48,-92.72,39.04
-34.16,409.92,444.08,-185.44,-239.12,424.56,-97.6,-24.4,-29.28,82.96,-107.36,29.28
-53.68,400.16,453.84,-170.8,-253.76,424.56,-82.96,-24.4,-53.68,73.2,-102.48,39.04
-87.84,390.4,478.24,-151.28,-283.04,434.32,-97.6,-29.28,-53.68,73.2,-97.6,43.92
-107.36,390.4,497.76,-141.52,-302.56,444.08,-92.72,-34.16,-63.44,63.44,-107.36,29.28
-68.32,400.16,468.48,-165.92,-268.4,434.32,-92.72,-58.56,-87.84,43.92,-126.88,14.64
-24.4,409.92,434.32,-190.32,-229.36,419.68,-117.12,-87.84,-122,4.88,-156.16,-14.64
-39.04,409.92,448.96,-185.44,-244,429.44,-117.12,-92.72,-122,0,-156.16,-9.76
-53.68,400.16,453.84,-170.8,-253.76,424.56,-112.24,-92.72,-126.88,4.88,-146.4,0
-68.32,385.52,453.84,-156.16,-263.52,419.68,-107.36,-97.6,-136.64,-4.88,-151.28,4.88
-48.8,395.28,444.08,-170.8,-248.88,419.68,-122,-112.24,-151.28,-29.28,-161.04,-4.88
-43.92,390.4,434.32,-170.8,-239.12,409.92,-117.12,-112.24,-161.04,-24.4,-161.04,4.88
-34.16,380.64,414.8,-170.8,-224.48,395.28,-122,-117.12,-161.04,-34.16,-161.04,4.88
-39.04,390.4,429.44,-175.68,-234.24,409.92,-117.12,-122,-156.16,-39.04,-165.92,4.88
-43.92,380.64,424.56,-165.92,-234.24,400.16,-112.24,-122,-170.8,-48.8,-180.56,-9.76
-48.8,375.76,424.56,-161.04,-239.12,400.16,-107.36,-122,-175.68,-48.8,-190.32,-14.64
-48.8,366,414.8,-156.16,-234.24,390.4,-87.84,-122,-170.8,-48.8,-180.56,-14.64
-53.68,380.64,434.32,-161.04,-244,405.04,-87.84,-131.76,-185.44,-63.44,-200.08,-34.16
-19.52,405.04,424.56,-190.32,-224.48,414.8,-107.36,-156.16,-204.96,-82.96,-219.6,-53.68
4.88,390.4,385.52,-195.2,-190.32,385.52,-117.12,-161.04,-209.84,-82.96,-224.48,-53.68
14.64,385.52,370.88,-200.08,-180.56,375.76,-112.24,-161.04,-204.96,-82.96,-214.72,-53.68
-43.92,380.64,424.56,-165.92,-234.24,400.16,-92.72,-141.52,-195.2,-73.2,-200.08,-53.68
-97.6,370.88,468.48,-136.64,-283.04,419.68,-82.96,-126.88,-185.44,-73.2,-190.32,-68.32
-107.36,390.4,497.76,-141.52,-302.56,444.08,-78.08,-126.88,-175.68,-68.32,-190.32,-78.08
-92.72,405.04,497.76,-156.16,-297.68,448.96,-78.08,-131.76,-165.92,-68.32,-190.32,-87.84
-87.84,395.28,483.12,-151.28,-287.92,439.2,-92.72,-136.64,-190.32,-78.08,-214.72,-107.36
-68.32,395.28,463.6,-161.04,-268.4,429.44,-97.6,-151.28,-190.32,-92.72,-229.36,-117.12
-63.44,419.68,483.12,-175.68,-273.28,448.96,-82.96,-151.28,-175.68,-78.08,-224.48,-107.36
-63.44,424.56,488,-180.56,-278.16,453.84,-63.44,-141.52,-170.8,-63.44,-204.96,-87.84
-107.36,424.56,531.92,-156.16,-322.08,478.24,-53.68,-122,-156.16,-39.04,-180.56,-58.56
-92.72,409.92,502.64,-156.16,-297.68,453.84,-53.68,-136.64,-161.04,-53.68,-180.56,-63.44
-24.4,405.04,429.44,-190.32,-229.36,414.8,-73.2,-151.28,-180.56,-68.32,-195.2,-82.96
-9.76,405.04,414.8,-195.2,-214.72,409.92,-82.96,-146.4,-175.68,-68.32,-185.44,-82.96
-19.52,414.8,434.32,-195.2,-229.36,424.56,-58.56,-146.4,-161.04,-58.56,-180.56,-78.08
-9.76,439.2,448.96,-214.72,-229.36,444.08,-53.68,-146.4,-156.16,-58.56,-180.56,-87.84
-29.28,444.08,473.36,-204.96,-253.76,458.72,-68.32,-151.28,-170.8,-63.44,-190.32,-102.48
