I,II,III,aVR,aVL,aVF,V1,V2,V3,V4,V5,V6
82.96,63.44,-19.52,-73.2,48.8,19.52,190.32,-214.72,-761.28,-102.48,180.56,136.64
87.84,68.32,-19.52,-78.08,53.68,24.4,175.68,-204.96,-756.4,-102.48,165.92,141.52
82.96,63.44,-19.52,-73.2,48.8,19.52,170.8,-190.32,-736.88,-97.6,161.04,146.4
87.84,68.32,-19.52,-78.08,53.68,24.4,161.04,-175.68,-717.36,-78.08,165.92,151.28
92.72,78.08,-14.64,-82.96,53.68,29.28,156.16,-161.04,-692.96,-39.04,170.8,151.28
87.84,73.2,-14.64,-78.08,48.8,29.28,146.4,-131.76,-678.32,-24.4,165.92,151.28
102.48,78.08,-24.4,-87.84,63.44,24.4,146.4,-107.36,-649.04,-19.52,170.8,165.92
97.6,78.08,-19.52,-87.84,58.56,29.28,141.52,-82.96,-624.64,-24.4,195.2,180.56
92.72,73.2,-19.52,-82.96,53.68,24.4,126.88,-73.2,-619.76,-43.92,204.96,180.56
102.48,82.96,-19.52,-92.72,58.56,29.28,126.88,-53.68,-595.36,-39.04,195.2,165.92
102.48,78.08,-24.4,-87.84,63.44,24.4,131.76,-29.28,-566.08,-14.64,190.32,165.92
102.48,82.96,-19.52,-92.72,58.56,29.28,126.88,0,-531.92,-9.76,180.56,151.28
107.36,87.84,-19.52,-97.6,63.44,34.16,131.76,29.28,-502.64,-4.88,165.92,151.28
97.6,68.32,-29.28,-82.96,63.44,19.52,146.4,53.68,-468.48,0,156.16,146.4
97.6,63.44,-34.16,-78.08,63.44,14.64,161.04,73.2,-429.44,19.52,151.28,136.64
92.72,68.32,-24.4,-78.08,58.56,19.52,161.04,97.6,-400.16,34.16,131.76,122
97.6,63.44,-34.16,-78.08,63.44,14.64,175.68,122,-370.88,53.68,126.88,117.12
107.36,68.32,-39.04,-87.84,73.2,14.64,185.44,146.4,-341.6,68.32,126.88,102.48
102.48,68.32,-34.16,-82.96,68.32,14.64,190.32,165.92,-322.08,63.44,122,92.72
97.6,68.32,-29.28,-82.96,63.44,19.52,200.08,180.56,-297.68,63.44,102.48,73.2
97.6,68.32,-29.28,-82.96,63.44,19.52,214.72,190.32,-278.16,68.32,102.48,63.44
92.72,63.44,-29.28,-78.08,58.56,14.64,224.48,204.96,-248.88,73.2,102.48,58.56
92.72,68.32,-24.4,-78.08,58.56,19.52,244,229.36,-224.48,73.2,87.84,63.44
92.72,58.56,-34.16,-73.2,63.44,9.76,263.52,244,-200.08,87.84,92.72,63.44
92.72,68.32,-24.4,-78.08,58.56,19.52,283.04,258.64,-175.68,97.6,97.6,63.44
107.36,78.08,-29.28,-92.72,68.32,24.4,297.68,273.28,-156.16,97.6,92.72,48.8
102.48,63.44,-39.04,-82.96,68.32,9.76,326.96,292.8,-131.76,117.12,97.6,43.92
102.48,53.68,-48.8,-78.08,73.2,0,336.72,292.8,-126.88,112.24,92.72,24.4
92.72,48.8,-43.92,-68.32,68.32,0,361.12,302.56,-122,107.36,82.96,4.88
82.96,29.28,-53.68,-53.68,68.32,-14.64,375.76,312.32,-112.24,97.6,63.44,-9.76
87.84,24.4,-63.44,-53.68,73.2,-19.52,390.4,317.2,-97.6,107.36,48.8,-19.52
87.84,24.4,-63.44,-53.68,73.2,-19.52,414.8,331.84,-82.96,107.36,48.8,-29.28
87.84,24.4,-63.44,-53.68,73.2,-19.52,434.32,341.6,-68.32,102.48,53.68,-24.4
87.84,29.28,-58.56,-58.56,73.2,-14.64,458.72,346.48,-53.68,122,68.32,-24.4
82.96,24.4,-58.56,-53.68,68.32,-19.52,483.12,361.12,-34.16,136.64,63.44,-24.4
78.08,29.28,-48.8,-53.68,63.44,-9.76,497.76,375.76,-19.52,136.64,68.32,-24.4
82.96,29.28,-53.68,-53.68,68.32,-14.64,517.28,380.64,-19.52,136.64,58.56,-43.92
78.08,19.52,-58.56,-48.8,68.32,-19.52,531.92,385.52,-14.64,126.88,48.8,-68.32
73.2,24.4,-48.8,-48.8,58.56,-14.64,541.68,405.04,-14.64,117.12,29.28,-92.72
63.44,9.76,-53.68,-34.16,58.56,-24.4,561.2,414.8,-4.88,112.24,14.64,-102.48
68.32,4.88,-63.44,-34.16,63.44,-29.28,575.84,419.68,-4.88,112.24,0,-122
63.44,4.88,-58.56,-34.16,58.56,-29.28,605.12,444.08,9.76,112.24,-4.88,-126.88
53.68,-4.88,-58.56,-24.4,53.68,-34.16,629.52,448.96,19.52,107.36,-14.64,-131.76
48.8,-4.88,-53.68,-19.52,48.8,-29.28,653.92,463.6,34.16,107.36,-24.4,-146.4
48.8,-4.88,-53.68,-19.52,48.8,-29.28,668.56,473.36,43.92,102.48,-39.04,-146.4
48.8,-19.52,-68.32,-14.64,58.56,-43.92,692.96,483.12,43.92,97.6,-48.8,-156.16
53.68,-19.52,-73.2,-14.64,63.44,-48.8,717.36,492.88,48.8,92.72,-58.56,-165.92
48.8,-24.4,-73.2,-9.76,58.56,-48.8,722.24,488,43.92,73.2,-73.2,-190.32
43.92,-29.28,-73.2,-4.88,58.56,-53.68,732,488,39.04,63.44,-102.48,-214.72
39.04,-24.4,-63.44,-4.88,48.8,-43.92,741.76,492.88,34.16,48.8,-122,-229.36
39.04,-29.28,-68.32,-4.88,53.68,-48.8,751.52,497.76,34.16,48.8,-122,-244
43.92,-34.16,-78.08,-4.88,58.56,-58.56,771.04,507.52,39.04,43.92,-126.88,-244
43.92,-34.16,-78.08,-4.88,58.56,-58.56,780.8,507.52,39.04,34.16,-126.88,-239.12
39.04,-34.16,-73.2,0,53.68,-53.68,795.44,497.76,34.16,29.28,-126.88,-248.88
39.04,-14.64,-53.68,-9.76,43.92,-34.16,800.32,507.52,34.16,29.28,-126.88,-244
39.04,-19.52,-58.56,-9.76,48.8,-39.04,819.84,507.52,39.04,29.28,-122,-239.12
43.92,-24.4,-68.32,-9.76,53.68,-48.8,834.48,512.4,43.92,34.16,-126.88,-244
48.8,-24.4,-73.2,-9.76,58.56,-48.8,834.48,517.28,43.92,34.16,-117.12,-248.88
39.04,-24.4,-63.44,-4.88,48.8,-43.92,829.6,512.4,39.04,34.16,-126.88,-263.52
43.92,-14.64,-58.56,-14.64,48.8,-39.04,829.6,507.52,43.92,34.16,-126.88,-263.52
39.04,4.88,-34.16,-19.52,34.16,-14.64,839.36,502.64,48.8,34.16,-122,-263.52
34.16,9.76,-24.4,-19.52,29.28,-9.76,849.12,497.76,43.92,34.16,-117.12,-263.52
34.16,24.4,-9.76,-29.28,19.52,4.88,849.12,483.12,34.16,29.28,-112.24,-253.76
29.28,34.16,4.88,-29.28,9.76,19.52,849.12,478.24,39.04,39.04,-97.6,-248.88
24.4,39.04,14.64,-29.28,4.88,24.4,854,468.48,39.04,43.92,-87.84,-239.12
34.16,53.68,19.52,-43.92,4.88,34.16,849.12,458.72,39.04,48.8,-78.08,-229.36
34.16,58.56,24.4,-43.92,4.88,39.04,849.12,444.08,34.16,58.56,-68.32,-224.48
39.04,73.2,34.16,-53.68,0,53.68,834.48,429.44,24.4,63.44,-63.44,-229.36
39.04,68.32,29.28,-53.68,4.88,48.8,824.72,409.92,9.76,58.56,-63.44,-234.24
43.92,68.32,24.4,-53.68,9.76,43.92,800.32,400.16,0,58.56,-63.44,-239.12
48.8,73.2,24.4,-58.56,9.76,48.8,795.44,385.52,-9.76,63.44,-53.68,-229.36
39.04,58.56,19.52,-48.8,9.76,39.04,800.32,385.52,-4.88,73.2,-39.04,-214.72
34.16,48.8,14.64,-39.04,9.76,29.28,805.2,385.52,-9.76,73.2,-39.04,-200.08
29.28,39.04,9.76,-34.16,9.76,24.4,814.96,380.64,-14.64,68.32,-29.28,-190.32
29.28,19.52,-9.76,-24.4,19.52,4.88,829.6,380.64,-19.52,68.32,-34.16,-180.56
34.16,14.64,-19.52,-24.4,24.4,-4.88,824.72,385.52,-19.52,73.2,-24.4,-170.8
39.04,24.4,-14.64,-29.28,24.4,4.88,810.08,395.28,-24.4,78.08,-19.52,-165.92
34.16,29.28,-4.88,-29.28,19.52,9.76,780.8,385.52,-34.16,68.32,-19.52,-175.68
53.68,43.92,-9.76,-48.8,29.28,14.64,761.28,380.64,-34.16,78.08,-19.52,-165.92
58.56,29.28,-29.28,-43.92,43.92,0,756.4,390.4,-29.28,78.08,-4.88,-156.16
58.56,9.76,-48.8,-34.16,53.68,-19.52,736.88,385.52,-34.16,87.84,0,-156.16
68.32,14.64,-53.68,-39.04,58.56,-19.52,722.24,385.52,-29.28,97.6,9.76,-146.4
68.32,14.64,-53.68,-39.04,58.56,-19.52,702.72,390.4,-24.4,102.48,14.64,-126.88
78.08,19.52,-58.56,-48.8,68.32,-19.52,683.2,390.4,-19.52,107.36,29.28,-112.24
78.08,43.92,-34.16,-58.56,53.68,4.88,653.92,375.76,-34.16,92.72,14.64,-122
82.96,73.2,-9.76,-78.08,43.92,29.28,629.52,366,-34.16,82.96,9.76,-122
97.6,73.2,-24.4,-82.96,58.56,24.4,624.64,361.12,-24.4,97.6,24.4,-117.12
87.84,-34.16,-122,-24.4,102.48,-78.08,639.28,390.4,9.76,141.52,53.68,-97.6
87.84,-39.04,-126.88,-24.4,107.36,-82.96,614.88,380.64,0,126.88,39.04,-102.48
87.84,-14.64,-102.48,-34.16,92.72,-58.56,585.6,370.88,-9.76,112.24,34.16,-107.36
87.84,-9.76,-97.6,-39.04,92.72,-53.68,566.08,356.24,-19.52,107.36,19.52,-122
87.84,-9.76,-97.6,-39.04,92.72,-53.68,546.56,346.48,-19.52,97.6,14.64,-122
87.84,-19.52,-107.36,-34.16,97.6,-63.44,527.04,346.48,-9.76,97.6,9.76,-112.24
82.96,-29.28,-112.24,-24.4,97.6,-73.2,527.04,336.72,-4.88,92.72,9.76,-107.36
82.96,-29.28,-112.24,-24.4,97.6,-73.2,517.28,336.72,-4.88,87.84,4.88,-87.84
82.96,-29.28,-112.24,-24.4,97.6,-73.2,492.88,326.96,-4.88,82.96,4.88,-68.32
87.84,-39.04,-126.88,-24.4,107.36,-82.96,473.36,326.96,-4.88,78.08,4.88,-68.32
87.84,-53.68,-141.52,-14.64,112.24,-97.6,453.84,326.96,0,82.96,4.88,-73.2
78.08,-68.32,-146.4,-4.88,112.24,-107.36,448.96,317.2,0,73.2,-14.64,-87.84
78.08,-63.44,-141.52,-4.88,107.36,-102.48,439.2,317.2,0,58.56,-24.4,-97.6
73.2,-53.68,-126.88,-9.76,97.6,-92.72,424.56,312.32,-9.76,43.92,-43.92,-117.12
73.2,-43.92,-117.12,-14.64,92.72,-82.96,414.8,302.56,-9.76,29.28,-53.68,-126.88
73.2,-48.8,-122,-9.76,97.6,-87.84,409.92,302.56,4.88,34.16,-48.8,-117.12
73.2,-63.44,-136.64,-4.88,102.48,-102.48,409.92,307.44,19.52,43.92,-39.04,-112.24
87.84,-68.32,-156.16,-9.76,122,-112.24,414.8,322.08,34.16,53.68,-29.28,-102.48
87.84,-73.2,-161.04,-4.88,122,-117.12,409.92,322.08,43.92,58.56,-29.28,-102.48
73.2,-78.08,-151.28,4.88,112.24,-117.12,400.16,322.08,34.16,48.8,-34.16,-102.48
78.08,-68.32,-146.4,-4.88,112.24,-107.36,385.52,307.44,24.4,29.28,-48.8,-126.88
68.32,-78.08,-146.4,4.88,107.36,-112.24,370.88,292.8,9.76,4.88,-78.08,-141.52
63.44,-73.2,-136.64,4.88,97.6,-107.36,356.24,278.16,0,-4.88,-92.72,-151.28
73.2,-68.32,-141.52,0,107.36,-107.36,346.48,273.28,-4.88,4.88,-92.72,-146.4
58.56,-82.96,-141.52,14.64,97.6,-112.24,331.84,273.28,0,-4.88,-97.6,-146.4
48.8,-107.36,-156.16,29.28,102.48,-131.76,336.72,278.16,19.52,0,-92.72,-136.64
48.8,-112.24,-161.04,34.16,102.48,-136.64,336.72,283.04,34.16,0,-87.84,-131.76
43.92,-126.88,-170.8,43.92,107.36,-151.28,341.6,273.28,29.28,-29.28,-102.48,-146.4
43.92,-131.76,-175.68,43.92,107.36,-156.16,341.6,273.28,48.8,-43.92,-117.12,-165.92
43.92,-146.4,-190.32,53.68,117.12,-170.8,326.96,268.4,53.68,-53.68,-136.64,-170.8
43.92,-151.28,-195.2,53.68,117.12,-175.68,322.08,283.04,68.32,-48.8,-136.64,-180.56
43.92,-151.28,-195.2,53.68,117.12,-175.68,326.96,292.8,112.24,0,-107.36,-175.68
34.16,-146.4,-180.56,58.56,107.36,-165.92,312.32,317.2,190.32,87.84,-34.16,-141.52
39.04,-136.64,-175.68,48.8,107.36,-156.16,317.2,361.12,292.8,219.6,78.08,-68.32
53.68,-136.64,-190.32,43.92,122,-165.92,307.44,405.04,380.64,336.72,204.96,24.4
58.56,-131.76,-190.32,39.04,122,-161.04,292.8,419.68,439.2,444.08,385.52,175.68
82.96,-97.6,-180.56,9.76,131.76,-141.52,258.64,419.68,473.36,546.56,585.6,375.76
122,-78.08,-200.08,-19.52,161.04,-141.52,204.96,419.68,488,683.2,844.24,644.16
170.8,-58.56,-229.36,-53.68,200.08,-146.4,146.4,409.92,478.24,785.68,1078.48,907.68
224.48,-14.64,-239.12,-102.48,229.36,-126.88,73.2,366,458.72,844.24,1278.56,1171.2
263.52,58.56,-204.96,-161.04,234.24,-73.2,-34.16,283.04,380.64,927.2,1478.64,1444.48
302.56,146.4,-156.16,-224.48,229.36,-4.88,-131.76,200.08,346.48,1058.96,1727.52,1717.76
312.32,244,-68.32,-278.16,190.32,87.84,-185.44,156.16,380.64,1215.12,1976.4,1961.76
326.96,336.72,9.76,-331.84,156.16,170.8,-258.64,97.6,380.64,1322.48,2191.12,2176.48
351.36,390.4,39.04,-370.88,156.16,214.72,-312.32,53.68,380.64,1415.2,2386.32,2376.56
356.24,409.92,53.68,-380.64,151.28,229.36,-331.84,43.92,419.68,1473.76,2483.92,2483.92
361.12,439.2,78.08,-400.16,141.52,258.64,-331.84,53.68,473.36,1551.84,2552.24,2532.72
351.36,458.72,107.36,-405.04,122,283.04,-331.84,48.8,502.64,1615.28,2581.52,2518.08
312.32,434.32,122,-370.88,92.72,278.16,-307.44,43.92,556.32,1654.32,2518.08,2391.2
263.52,429.44,165.92,-346.48,48.8,297.68,-244,34.16,629.52,1678.72,2386.32,2176.48
195.2,414.8,219.6,-302.56,-14.64,317.2,-200.08,14.64,658.8,1639.68,2161.84,1810.48
131.76,380.64,248.88,-253.76,-58.56,312.32,-146.4,9.76,702.72,1668.96,1966.64,1356.64
78.08,312.32,234.24,-195.2,-78.08,273.28,-73.2,63.44,829.6,1727.52,1717.76,844.24
-9.76,214.72,224.48,-102.48,-117.12,219.6,14.64,141.52,980.88,1625.04,1224.88,239.12
-97.6,151.28,248.88,-24.4,-175.68,200.08,122,200.08,1088.24,1385.92,624.64,-370.88
-165.92,122,287.92,24.4,-229.36,204.96,170.8,195.2,1117.52,1107.76,200.08,-727.12
-209.84,97.6,307.44,58.56,-258.64,200.08,195.2,161.04,1083.36,722.24,-161.04,-849.12
-239.12,97.6,336.72,73.2,-287.92,214.72,229.36,170.8,1073.6,302.56,-497.76,-907.68
-248.88,63.44,312.32,92.72,-283.04,185.44,253.76,200.08,1102.88,68.32,-727.12,-912.56
-263.52,0,263.52,131.76,-263.52,131.76,263.52,214.72,1073.6,-136.64,-927.2,-932.08
-258.64,-48.8,209.84,156.16,-234.24,78.08,263.52,224.48,976,-287.92,-1000.4,-941.84
-263.52,-92.72,170.8,180.56,-219.6,39.04,268.4,248.88,893.04,-405.04,-1019.92,-961.36
-263.52,-126.88,136.64,195.2,-200.08,4.88,268.4,263.52,795.44,-546.56,-1054.08,-976
-268.4,-146.4,122,209.84,-195.2,-14.64,268.4,278.16,707.6,-668.56,-1098,-985.76
-283.04,-175.68,107.36,229.36,-195.2,-34.16,292.8,292.8,658.8,-766.16,-1127.28,-1000.4
-302.56,-214.72,87.84,258.64,-195.2,-63.44,326.96,322.08,663.68,-810.08,-1146.8,-1005.28
-317.2,-258.64,58.56,287.92,-190.32,-102.48,351.36,322.08,595.36,-868.64,-1166.32,-1005.28
-312.32,-268.4,43.92,292.8,-180.56,-112.24,356.24,317.2,536.8,-922.32,-1176.08,-1015.04
-307.44,-278.16,29.28,292.8,-170.8,-126.88,361.12,317.2,453.84,-961.36,-1176.08,-1005.28
-312.32,-307.44,4.88,312.32,-161.04,-151.28,380.64,346.48,385.52,-1010.16,-1180.96,-985.76
-307.44,-336.72,-29.28,322.08,-141.52,-185.44,414.8,380.64,361.12,-1044.32,-1180.96,-985.76
-307.44,-336.72,-29.28,322.08,-141.52,-185.44,429.44,375.76,326.96,-1068.72,-1190.72,-990.64
-317.2,-336.72,-19.52,326.96,-151.28,-180.56,444.08,370.88,283.04,-1068.72,-1180.96,-976
-307.44,-326.96,-19.52,317.2,-146.4,-175.68,448.96,385.52,287.92,-1044.32,-1146.8,-936.96
-307.44,-331.84,-24.4,322.08,-141.52,-180.56,458.72,424.56,351.36,-1000.4,-1102.88,-907.68
-307.44,-322.08,-14.64,317.2,-146.4,-170.8,468.48,448.96,390.4,-961.36,-1068.72,-868.64
-292.8,-287.92,4.88,292.8,-151.28,-141.52,468.48,478.24,419.68,-927.2,-1029.68,-834.48
-283.04,-263.52,19.52,273.28,-151.28,-122,473.36,541.68,468.48,-902.8,-1000.4,-805.2
-283.04,-244,39.04,263.52,-161.04,-102.48,488,585.6,502.64,-863.76,-961.36,-775.92
-278.16,-224.48,53.68,253.76,-165.92,-87.84,497.76,580.72,444.08,-863.76,-932.08,-746.64
-273.28,-200.08,73.2,239.12,-175.68,-63.44,492.88,551.44,336.72,-858.88,-907.68,-717.36
-283.04,-185.44,97.6,234.24,-190.32,-43.92,473.36,497.76,244,-834.48,-868.64,-688.08
-278.16,-175.68,102.48,229.36,-190.32,-39.04,439.2,458.72,209.84,-795.44,-839.36,-658.8
-268.4,-156.16,112.24,214.72,-190.32,-24.4,405.04,429.44,170.8,-780.8,-819.84,-644.16
-273.28,-146.4,126.88,209.84,-200.08,-9.76,370.88,380.64,48.8,-775.92,-810.08,-629.52
-278.16,-141.52,136.64,209.84,-209.84,-4.88,351.36,336.72,-87.84,-795.44,-800.32,-614.88
-278.16,-131.76,146.4,204.96,-214.72,4.88,331.84,322.08,-170.8,-800.32,-795.44,-600.24
-273.28,-122,151.28,200.08,-214.72,14.64,307.44,278.16,-244,-795.44,-780.8,-580.72
-273.28,-117.12,156.16,195.2,-214.72,19.52,268.4,219.6,-292.8,-775.92,-756.4,-561.2
-258.64,-102.48,156.16,180.56,-209.84,24.4,229.36,141.52,-341.6,-756.4,-727.12,-536.8
-258.64,-102.48,156.16,180.56,-209.84,24.4,180.56,63.44,-375.76,-741.76,-712.48,-512.4
-263.52,-97.6,165.92,180.56,-214.72,34.16,122,-19.52,-409.92,-722.24,-683.2,-483.12
-244,-92.72,151.28,170.8,-200.08,29.28,53.68,-102.48,-419.68,-683.2,-639.28,-448.96
-234.24,-102.48,131.76,170.8,-185.44,14.64,-4.88,-161.04,-439.2,-658.8,-610,-419.68
-224.48,-107.36,117.12,165.92,-170.8,4.88,-48.8,-214.72,-453.84,-639.28,-590.48,-400.16
-214.72,-87.84,126.88,151.28,-170.8,19.52,-73.2,-283.04,-483.12,-639.28,-575.84,-385.52
-214.72,-78.08,136.64,146.4,-175.68,29.28,-92.72,-326.96,-492.88,-629.52,-570.96,-385.52
-195.2,-68.32,126.88,131.76,-161.04,29.28,-126.88,-366,-478.24,-610,-556.32,-370.88
-185.44,-68.32,117.12,126.88,-151.28,24.4,-170.8,-400.16,-478.24,-595.36,-531.92,-346.48
-180.56,-73.2,107.36,126.88,-146.4,14.64,-200.08,-429.44,-463.6,-575.84,-507.52,-326.96
-170.8,-73.2,97.6,122,-136.64,9.76,-239.12,-434.32,-434.32,-536.8,-473.36,-287.92
-165.92,-73.2,92.72,122,-131.76,9.76,-273.28,-439.2,-409.92,-517.28,-453.84,-273.28
-161.04,-73.2,87.84,117.12,-126.88,4.88,-297.68,-448.96,-395.28,-497.76,-439.2,-268.4
-161.04,-82.96,78.08,122,-122,-4.88,-317.2,-444.08,-366,-478.24,-424.56,-258.64
-165.92,-92.72,73.2,131.76,-122,-9.76,-351.36,-439.2,-346.48,-439.2,-414.8,-244
-146.4,-87.84,58.56,117.12,-102.48,-14.64,-375.76,-424.56,-312.32,-385.52,-385.52,-214.72
-131.76,-102.48,29.28,117.12,-82.96,-39.04,-385.52,-400.16,-278.16,-356.24,-351.36,-190.32
-117.12,-107.36,9.76,112.24,-63.44,-48.8,-390.4,-390.4,-253.76,-336.72,-331.84,-170.8
-107.36,-102.48,4.88,107.36,-58.56,-48.8,-405.04,-395.28,-244,-326.96,-326.96,-165.92
-112.24,-102.48,9.76,107.36,-63.44,-48.8,-409.92,-400.16,-244,-322.08,-317.2,-156.16
-107.36,-92.72,14.64,102.48,-63.44,-39.04,-429.44,-414.8,-253.76,-336.72,-312.32,-151.28
-107.36,-82.96,24.4,97.6,-68.32,-29.28,-444.08,-429.44,-268.4,-356.24,-317.2,-156.16
-117.12,-87.84,29.28,102.48,-73.2,-29.28,-458.72,-439.2,-283.04,-361.12,-322.08,-151.28
-112.24,-82.96,29.28,97.6,-73.2,-29.28,-468.48,-448.96,-297.68,-366,-312.32,-146.4
-122,-92.72,29.28,107.36,-78.08,-34.16,-483.12,-458.72,-307.44,-370.88,-312.32,-141.52
-126.88,-92.72,34.16,112.24,-82.96,-29.28,-488,-463.6,-312.32,-370.88,-302.56,-136.64
-112.24,-87.84,24.4,102.48,-68.32,-34.16,-492.88,-458.72,-307.44,-356.24,-292.8,-122
-107.36,-82.96,24.4,97.6,-68.32,-29.28,-497.76,-478.24,-317.2,-361.12,-297.68,-122
-102.48,-68.32,34.16,87.84,-68.32,-19.52,-507.52,-492.88,-336.72,-375.76,-287.92,-122
-107.36,-68.32,39.04,87.84,-73.2,-14.64,-522.16,-517.28,-356.24,-390.4,-278.16,-112.24
-112.24,-73.2,39.04,92.72,-78.08,-19.52,-517.28,-522.16,-361.12,-385.52,-268.4,-92.72
-107.36,-68.32,39.04,87.84,-73.2,-14.64,-522.16,-541.68,-375.76,-385.52,-244,-78.08
-112.24,-63.44,48.8,87.84,-82.96,-9.76,-536.8,-561.2,-400.16,-390.4,-234.24,-58.56
-112.24,-48.8,63.44,82.96,-87.84,4.88,-546.56,-590.48,-434.32,-405.04,-219.6,-48.8
-112.24,-19.52,92.72,68.32,-102.48,34.16,-556.32,-614.88,-453.84,-409.92,-204.96,-34.16
-112.24,-4.88,107.36,58.56,-112.24,48.8,-575.84,-629.52,-473.36,-385.52,-180.56,-9.76
-102.48,9.76,112.24,48.8,-107.36,58.56,-585.6,-649.04,-488,-361.12,-151.28,19.52
-92.72,19.52,112.24,39.04,-102.48,63.44,-585.6,-663.68,-483.12,-336.72,-107.36,63.44
-87.84,34.16,122,29.28,-107.36,78.08,-600.24,-678.32,-497.76,-326.96,-78.08,92.72
-78.08,53.68,131.76,14.64,-107.36,92.72,-605.12,-692.96,-527.04,-322.08,-43.92,126.88
-82.96,68.32,151.28,9.76,-117.12,107.36,-649.04,-727.12,-546.56,-312.32,-9.76,170.8
-82.96,82.96,165.92,0,-126.88,122,-688.08,-766.16,-575.84,-312.32,9.76,190.32
-73.2,92.72,165.92,-9.76,-122,126.88,-727.12,-790.56,-600.24,-317.2,19.52,204.96
-78.08,97.6,175.68,-9.76,-126.88,136.64,-761.28,-814.96,-629.52,-317.2,34.16,219.6
-78.08,102.48,180.56,-9.76,-131.76,141.52,-775.92,-834.48,-649.04,-312.32,43.92,229.36
-82.96,107.36,190.32,-9.76,-136.64,146.4,-795.44,-844.24,-673.44,-326.96,39.04,229.36
-78.08,117.12,195.2,-19.52,-136.64,156.16,-814.96,-854,-683.2,-317.2,43.92,244
-53.68,141.52,195.2,-43.92,-126.88,165.92,-839.36,-863.76,-692.96,-307.44,73.2,248.88
-48.8,146.4,195.2,-48.8,-122,170.8,-863.76,-868.64,-697.84,-292.8,78.08,263.52
-48.8,146.4,195.2,-48.8,-122,170.8,-888.16,-883.28,-702.72,-292.8,87.84,278.16
-48.8,156.16,204.96,-53.68,-126.88,180.56,-897.92,-893.04,-707.6,-283.04,97.6,292.8
-53.68,151.28,204.96,-48.8,-131.76,175.68,-912.56,-912.56,-717.36,-287.92,97.6,292.8
-43.92,146.4,190.32,-48.8,-117.12,165.92,-927.2,-917.44,-732,-287.92,92.72,287.92
-53.68,136.64,190.32,-39.04,-122,161.04,-936.96,-922.32,-727.12,-287.92,82.96,287.92
-58.56,131.76,190.32,-34.16,-126.88,161.04,-946.72,-936.96,-722.24,-273.28,92.72,283.04
-48.8,151.28,200.08,-48.8,-126.88,175.68,-961.36,-936.96,-717.36,-253.76,92.72,297.68
-48.8,156.16,204.96,-53.68,-126.88,180.56,-966.24,-932.08,-702.72,-239.12,97.6,302.56
-48.8,151.28,200.08,-48.8,-126.88,175.68,-976,-922.32,-683.2,-224.48,102.48,307.44
-48.8,151.28,200.08,-48.8,-126.88,175.68,-971.12,-922.32,-658.8,-200.08,107.36,307.44
-48.8,146.4,195.2,-48.8,-122,170.8,-980.88,-922.32,-644.16,-200.08,102.48,312.32
-43.92,156.16,200.08,-53.68,-122,175.68,-1000.4,-917.44,-619.76,-185.44,107.36,312.32
-48.8,165.92,214.72,-58.56,-131.76,190.32,-1005.28,-922.32,-605.12,-175.68,107.36,307.44
-48.8,165.92,214.72,-58.56,-131.76,190.32,-1005.28,-912.56,-580.72,-161.04,97.6,297.68
-48.8,175.68,224.48,-63.44,-136.64,200.08,-1010.16,-912.56,-551.44,-146.4,92.72,302.56
-58.56,165.92,224.48,-53.68,-141.52,195.2,-1015.04,-897.92,-527.04,-131.76,87.84,287.92
-53.68,170.8,224.48,-58.56,-141.52,195.2,-1019.92,-893.04,-497.76,-112.24,87.84,283.04
-48.8,170.8,219.6,-58.56,-136.64,195.2,-1024.8,-873.52,-458.72,-92.72,92.72,292.8
-48.8,165.92,214.72,-58.56,-131.76,190.32,-1044.32,-873.52,-429.44,-78.08,82.96,287.92
-48.8,170.8,219.6,-58.56,-136.64,195.2,-1039.44,-854,-390.4,-58.56,87.84,278.16
-53.68,170.8,224.48,-58.56,-141.52,195.2,-1044.32,-844.24,-370.88,-58.56,78.08,268.4
-43.92,180.56,224.48,-68.32,-136.64,200.08,-1054.08,-834.48,-336.72,-48.8,68.32,263.52
-39.04,180.56,219.6,-68.32,-131.76,200.08,-1049.2,-814.96,-302.56,-39.04,63.44,258.64
-53.68,170.8,224.48,-58.56,-141.52,195.2,-1044.32,-810.08,-278.16,-34.16,58.56,253.76
-58.56,161.04,219.6,-48.8,-141.52,190.32,-1039.44,-790.56,-253.76,-24.4,48.8,244
-63.44,161.04,224.48,-48.8,-146.4,190.32,-1029.68,-775.92,-224.48,-9.76,43.92,234.24
-68.32,151.28,219.6,-39.04,-146.4,185.44,-1019.92,-761.28,-195.2,4.88,43.92,224.48
-63.44,156.16,219.6,-43.92,-141.52,185.44,-1010.16,-741.76,-156.16,19.52,43.92,224.48
-68.32,151.28,219.6,-39.04,-146.4,185.44,-995.52,-722.24,-117.12,34.16,48.8,234.24
-73.2,146.4,219.6,-34.16,-146.4,180.56,-985.76,-702.72,-82.96,53.68,53.68,229.36
-78.08,146.4,224.48,-34.16,-151.28,185.44,-966.24,-678.32,-58.56,63.44,48.8,219.6
-87.84,141.52,229.36,-24.4,-161.04,185.44,-961.36,-668.56,-34.16,73.2,39.04,209.84
-87.84,146.4,234.24,-29.28,-161.04,190.32,-951.6,-649.04,-14.64,73.2,34.16,195.2
-97.6,151.28,248.88,-24.4,-175.68,200.08,-941.84,-644.16,0,73.2,19.52,185.44
-107.36,141.52,248.88,-14.64,-180.56,195.2,-932.08,-639.28,14.64,78.08,9.76,175.68
-107.36,146.4,253.76,-19.52,-180.56,200.08,-917.44,-624.64,34.16,82.96,4.88,161.04
-112.24,141.52,253.76,-14.64,-185.44,195.2,-907.68,-614.88,53.68,92.72,-4.88,146.4
-112.24,141.52,253.76,-14.64,-185.44,195.2,-893.04,-595.36,78.08,102.48,-4.88,141.52
-112.24,141.52,253.76,-14.64,-185.44,195.2,-863.76,-590.48,97.6,102.48,-14.64,136.64
-122,126.88,248.88,0,-185.44,185.44,-854,-575.84,112.24,97.6,-24.4,122
-122,122,244,0,-185.44,180.56,-829.6,-566.08,131.76,107.36,-39.04,117.12
-122,112.24,234.24,4.88,-180.56,170.8,-810.08,-556.32,141.52,97.6,-48.8,97.6
-131.76,102.48,234.24,14.64,-185.44,165.92,-795.44,-556.32,146.4,92.72,-63.44,78.08
-136.64,107.36,244,14.64,-190.32,175.68,-790.56,-546.56,156.16,82.96,-87.84,58.56
-141.52,97.6,239.12,24.4,-190.32,165.92,-780.8,-546.56,156.16,82.96,-107.36,43.92
-146.4,87.84,234.24,29.28,-190.32,161.04,-766.16,-531.92,165.92,78.08,-117.12,24.4
-151.28,87.84,239.12,34.16,-195.2,161.04,-751.52,-527.04,170.8,82.96,-126.88,14.64
-156.16,82.96,239.12,39.04,-200.08,161.04,-746.64,-517.28,190.32,82.96,-136.64,9.76
-156.16,87.84,244,34.16,-200.08,165.92,-741.76,-512.4,195.2,82.96,-141.52,0
-161.04,73.2,234.24,43.92,-200.08,151.28,-732,-507.52,209.84,82.96,-136.64,4.88
-165.92,63.44,229.36,53.68,-200.08,146.4,-722.24,-502.64,219.6,78.08,-151.28,4.88
-161.04,68.32,229.36,48.8,-195.2,146.4,-717.36,-497.76,219.6,68.32,-161.04,-4.88
-175.68,68.32,244,53.68,-209.84,156.16,-712.48,-507.52,214.72,58.56,-180.56,-24.4
-175.68,68.32,244,53.68,-209.84,156.16,-712.48,-502.64,204.96,39.04,-200.08,-43.92
-175.68,68.32,244,53.68,-209.84,156.16,-702.72,-507.52,195.2,24.4,-219.6,-53.68
-190.32,58.56,248.88,68.32,-219.6,151.28,-683.2,-492.88,204.96,24.4,-219.6,-58.56
-185.44,58.56,244,63.44,-214.72,151.28,-668.56,-483.12,214.72,24.4,-224.48,-53.68
-185.44,53.68,239.12,68.32,-214.72,146.4,-658.8,-473.36,224.48,29.28,-209.84,-48.8
-200.08,53.68,253.76,73.2,-229.36,151.28,-644.16,-463.6,224.48,29.28,-214.72,-53.68
-190.32,58.56,248.88,68.32,-219.6,151.28,-639.28,-468.48,224.48,24.4,-214.72,-48.8
-190.32,68.32,258.64,63.44,-224.48,161.04,-634.4,-473.36,224.48,14.64,-219.6,-48.8
-190.32,78.08,268.4,58.56,-229.36,170.8,-629.52,-473.36,229.36,14.64,-214.72,-43.92
-190.32,82.96,273.28,53.68,-234.24,175.68,-610,-473.36,229.36,9.76,-209.84,-39.04
-200.08,78.08,278.16,63.44,-239.12,175.68,-610,-478.24,224.48,0,-219.6,-43.92
-200.08,78.08,278.16,63.44,-239.12,175.68,-595.36,-483.12,214.72,0,-224.48,-39.04
-204.96,73.2,278.16,68.32,-244,175.68,-600.24,-497.76,200.08,-4.88,-229.36,-39.04
-209.84,78.08,287.92,68.32,-248.88,180.56,-595.36,-497.76,204.96,0,-214.72,-34.16
-200.08,82.96,283.04,58.56,-244,180.56,-600.24,-492.88,219.6,14.64,-200.08,-14.64
-209.84,82.96,292.8,63.44,-253.76,185.44,-600.24,-488,219.6,19.52,-185.44,0
-204.96,78.08,283.04,63.44,-244,180.56,-595.36,-478.24,229.36,24.4,-170.8,9.76
-195.2,78.08,273.28,58.56,-234.24,175.68,-590.48,-463.6,239.12,34.16,-161.04,24.4
-195.2,82.96,278.16,58.56,-239.12,180.56,-600.24,-453.84,234.24,39.04,-151.28,34.16
-190.32,97.6,287.92,48.8,-239.12,190.32,-605.12,-463.6,229.36,34.16,-151.28,34.16
-195.2,102.48,297.68,48.8,-248.88,200.08,-614.88,-473.36,219.6,19.52,-156.16,24.4
-200.08,102.48,302.56,48.8,-253.76,200.08,-619.76,-483.12,200.08,14.64,-161.04,24.4
-200.08,102.48,302.56,48.8,-253.76,200.08,-614.88,-478.24,200.08,19.52,-146.4,29.28
-204.96,97.6,302.56,53.68,-253.76,200.08,-605.12,-473.36,195.2,19.52,-146.4,34.16
-209.84,92.72,302.56,58.56,-258.64,195.2,-590.48,-468.48,195.2,29.28,-131.76,43.92
-204.96,92.72,297.68,58.56,-253.76,195.2,-580.72,-463.6,195.2,34.16,-131.76,53.68
-209.84,87.84,297.68,63.44,-253.76,190.32,-561.2,-463.6,190.32,24.4,-131.76,43.92
-204.96,87.84,292.8,58.56,-248.88,190.32,-551.44,-468.48,180.56,29.28,-131.76,48.8
-209.84,78.08,287.92,68.32,-248.88,180.56,-536.8,-468.48,165.92,24.4,-131.76,48.8
-209.84,78.08,287.92,68.32,-248.88,180.56,-527.04,-473.36,136.64,9.76,-141.52,39.04
-209.84,78.08,287.92,68.32,-248.88,180.56,-512.4,-473.36,117.12,-4.88,-146.4,34.16
-214.72,63.44,278.16,78.08,-248.88,170.8,-512.4,-473.36,92.72,-19.52,-151.28,24.4
-204.96,58.56,263.52,73.2,-234.24,161.04,-512.4,-463.6,87.84,-19.52,-146.4,19.52
-204.96,58.56,263.52,73.2,-234.24,161.04,-502.64,-463.6,97.6,-9.76,-141.52,19.52
-204.96,43.92,248.88,82.96,-229.36,146.4,-507.52,-439.2,87.84,-19.52,-141.52,19.52
-190.32,43.92,234.24,73.2,-214.72,136.64,-497.76,-419.68,87.84,-14.64,-136.64,14.64
-190.32,34.16,224.48,78.08,-209.84,126.88,-492.88,-409.92,92.72,-9.76,-122,14.64
-180.56,34.16,214.72,73.2,-200.08,122,-483.12,-385.52,102.48,-4.88,-117.12,24.4
-170.8,39.04,209.84,68.32,-190.32,122,-478.24,-361.12,97.6,-9.76,-112.24,34.16
-170.8,34.16,204.96,68.32,-190.32,117.12,-478.24,-370.88,87.84,-24.4,-122,19.52
-170.8,34.16,204.96,68.32,-190.32,117.12,-468.48,-351.36,87.84,-29.28,-117.12,19.52
-170.8,34.16,204.96,68.32,-190.32,117.12,-453.84,-336.72,87.84,-39.04,-107.36,24.4
-170.8,24.4,195.2,73.2,-185.44,107.36,-444.08,-322.08,82.96,-48.8,-102.48,9.76
-161.04,24.4,185.44,68.32,-175.68,102.48,-424.56,-297.68,92.72,-39.04,-97.6,14.64
-156.16,14.64,170.8,73.2,-165.92,92.72,-405.04,-283.04,97.6,-24.4,-102.48,14.64
-151.28,14.64,165.92,68.32,-161.04,87.84,-390.4,-258.64,102.48,-4.88,-107.36,9.76
-151.28,14.64,165.92,68.32,-161.04,87.84,-375.76,-229.36,117.12,4.88,-97.6,9.76
-151.28,9.76,161.04,73.2,-156.16,82.96,-361.12,-219.6,117.12,0,-87.84,9.76
-141.52,19.52,161.04,63.44,-151.28,87.84,-361.12,-209.84,107.36,-9.76,-87.84,0
-136.64,19.52,156.16,58.56,-146.4,87.84,-341.6,-195.2,117.12,-14.64,-97.6,-4.88
-136.64,14.64,151.28,63.44,-146.4,82.96,-331.84,-185.44,102.48,-29.28,-107.36,-19.52
-131.76,9.76,141.52,63.44,-136.64,73.2,-322.08,-165.92,102.48,-24.4,-117.12,-24.4
-136.64,0,136.64,68.32,-136.64,68.32,-307.44,-146.4,102.48,-24.4,-122,-29.28
-131.76,-9.76,122,73.2,-126.88,53.68,-292.8,-122,107.36,-19.52,-107.36,-34.16
-122,-14.64,107.36,68.32,-117.12,43.92,-278.16,-102.48,117.12,-9.76,-97.6,-29.28
-117.12,-19.52,97.6,68.32,-107.36,39.04,-258.64,-92.72,112.24,-9.76,-92.72,-34.16
-107.36,-14.64,92.72,63.44,-102.48,39.04,-248.88,-92.72,117.12,-9.76,-82.96,-24.4
-97.6,-9.76,87.84,53.68,-92.72,39.04,-224.48,-82.96,117.12,0,-78.08,-14.64
-97.6,-14.64,82.96,58.56,-92.72,34.16,-214.72,-73.2,112.24,-4.88,-87.84,-19.52
-92.72,-4.88,87.84,48.8,-92.72,39.04,-204.96,-68.32,107.36,-9.76,-92.72,-39.04
-97.6,-14.64,82.96,58.56,-92.72,34.16,-190.32,-63.44,102.48,-24.4,-97.6,-53.68
-97.6,-19.52,78.08,58.56,-87.84,29.28,-170.8,-53.68,92.72,-24.4,-102.48,-53.68
-92.72,-19.52,73.2,58.56,-82.96,24.4,-141.52,-39.04,87.84,-24.4,-102.48,-68.32
-87.84,-24.4,63.44,58.56,-78.08,19.52,-131.76,-29.28,87.84,-19.52,-102.48,-73.2
-73.2,-19.52,53.68,48.8,-63.44,14.64,-107.36,-14.64,92.72,-9.76,-92.72,-63.44
-68.32,-19.52,48.8,43.92,-58.56,14.64,-87.84,0,92.72,-4.88,-87.84,-63.44
-68.32,-24.4,43.92,48.8,-58.56,9.76,-63.44,9.76,97.6,4.88,-73.2,-58.56
-53.68,-19.52,34.16,39.04,-43.92,4.88,-43.92,14.64,92.72,0,-82.96,-53.68
-48.8,-24.4,24.4,39.04,-39.04,0,-29.28,19.52,82.96,-4.88,-87.84,-63.44
-48.8,-24.4,24.4,39.04,-39.04,0,-14.64,19.52,68.32,-19.52,-107.36,-73.2
-43.92,-29.28,14.64,39.04,-29.28,-9.76,0,24.4,58.56,-29.28,-112.24,-82.96
-48.8,-34.16,14.64,43.92,-34.16,-9.76,19.52,19.52,43.92,-29.28,-122,-87.84
-48.8,-34.16,14.64,43.92,-34.16,-9.76,43.92,24.4,39.04,-24.4,-117.12,-92.72
-43.92,-34.16,9.76,39.04,-29.28,-14.64,58.56,29.28,39.04,-29.28,-102.48,-87.84
-48.8,-39.04,9.76,43.92,-29.28,-14.64,78.08,39.04,43.92,-19.52,-92.72,-82.96
-29.28,-29.28,0,29.28,-14.64,-14.64,87.84,34.16,34.16,-14.64,-92.72,-92.72
-29.28,-34.16,-4.88,34.16,-14.64,-19.52,107.36,43.92,39.04,-4.88,-82.96,-82.96
-19.52,-34.16,-14.64,29.28,-4.88,-24.4,126.88,48.8,34.16,-4.88,-78.08,-82.96
-14.64,-24.4,-9.76,19.52,-4.88,-19.52,146.4,48.8,34.16,0,-68.32,-82.96
-9.76,-19.52,-9.76,14.64,0,-14.64,156.16,34.16,9.76,-19.52,-82.96,-92.72
0,-19.52,-19.52,9.76,9.76,-19.52,170.8,29.28,0,-39.04,-87.84,-102.48
-9.76,-29.28,-19.52,19.52,4.88,-24.4,175.68,29.28,-9.76,-43.92,-92.72,-102.48
-4.88,-39.04,-34.16,24.4,14.64,-39.04,190.32,29.28,0,-29.28,-78.08,-102.48
14.64,-39.04,-53.68,14.64,34.16,-48.8,200.08,48.8,0,-34.16,-68.32,-97.6
9.76,-43.92,-53.68,19.52,29.28,-48.8,209.84,53.68,-4.88,-58.56,-58.56,-97.6
14.64,-39.04,-53.68,14.64,34.16,-48.8,229.36,63.44,0,-48.8,-43.92,-87.84
29.28,-24.4,-53.68,0,39.04,-39.04,248.88,73.2,14.64,-34.16,-29.28,-73.2
34.16,-19.52,-53.68,-4.88,43.92,-39.04,248.88,73.2,4.88,-39.04,-34.16,-73.2
34.16,-4.88,-39.04,-14.64,34.16,-24.4,263.52,73.2,4.88,-39.04,-29.28,-68.32
39.04,0,-39.04,-19.52,39.04,-19.52,278.16,68.32,-4.88,-53.68,-48.8,-78.08
34.16,0,-34.16,-14.64,34.16,-19.52,297.68,78.08,4.88,-53.68,-53.68,-87.84
43.92,0,-43.92,-19.52,43.92,-24.4,312.32,82.96,14.64,-39.04,-34.16,-82.96
43.92,-9.76,-53.68,-14.64,48.8,-34.16,331.84,102.48,63.44,24.4,14.64,-68.32
48.8,-9.76,-58.56,-19.52,53.68,-34.16,361.12,136.64,146.4,131.76,87.84,-24.4
58.56,4.88,-53.68,-29.28,53.68,-24.4,405.04,195.2,278.16,287.92,234.24,53.68
73.2,14.64,-58.56,-43.92,63.44,-24.4,414.8,239.12,370.88,429.44,366,146.4
92.72,19.52,-73.2,-53.68,82.96,-29.28,424.56,278.16,444.08,566.08,536.8,287.92
122,39.04,-82.96,-78.08,102.48,-24.4,405.04,292.8,473.36,683.2,756.4,473.36
156.16,78.08,-78.08,-117.12,117.12,0,380.64,312.32,497.76,824.72,1015.04,722.24
214.72,117.12,-97.6,-165.92,156.16,9.76,351.36,317.2,517.28,956.48,1273.68,985.76
258.64,131.76,-126.88,-195.2,190.32,0,297.68,292.8,483.12,1005.28,1459.12,1234.64
297.68,200.08,-97.6,-248.88,195.2,48.8,244,244,429.44,1063.84,1649.44,1517.68
341.6,287.92,-53.68,-312.32,195.2,117.12,170.8,170.8,375.76,1141.92,1869.04,1781.2
366,370.88,4.88,-366,180.56,185.44,122,122,370.88,1288.32,2093.52,2020.32
400.16,463.6,63.44,-429.44,165.92,263.52,82.96,87.84,395.28,1424.96,2322.88,2239.92
414.8,541.68,126.88,-478.24,141.52,331.84,29.28,34.16,380.64,1537.2,2542.48,2464.4
434.32,595.36,161.04,-512.4,136.64,375.76,-9.76,0,366,1581.12,2659.6,2601.04
453.84,619.76,165.92,-536.8,141.52,390.4,-29.28,-4.88,390.4,1639.68,2737.68,2684
448.96,649.04,200.08,-546.56,122,424.56,-53.68,-24.4,395.28,1678.72,2776.72,2693.76
424.56,644.16,219.6,-531.92,102.48,429.44,-34.16,-24.4,390.4,1688.48,2727.92,2610.8
390.4,619.76,229.36,-502.64,78.08,424.56,29.28,0,444.08,1708,2620.56,2435.12
317.2,585.6,268.4,-448.96,24.4,424.56,92.72,-14.64,478.24,1678.72,2420.48,2152.08
253.76,566.08,312.32,-409.92,-29.28,439.2,161.04,-19.52,497.76,1664.08,2205.76,1742.16
185.44,492.88,307.44,-336.72,-63.44,400.16,248.88,19.52,575.84,1712.88,1995.92,1239.52
117.12,395.28,278.16,-253.76,-82.96,336.72,351.36,87.84,707.6,1673.84,1668.96,692.96
39.04,322.08,283.04,-180.56,-122,302.56,468.48,141.52,790.56,1424.96,1068.72,73.2
-39.04,263.52,302.56,-112.24,-170.8,283.04,566.08,165.92,824.72,1102.88,458.72,-468.48
-68.32,239.12,307.44,-82.96,-190.32,273.28,605.12,161.04,810.08,775.92,92.72,-692.96
-97.6,214.72,312.32,-58.56,-204.96,263.52,624.64,146.4,766.16,336.72,-268.4,-795.44
-136.64,185.44,322.08,-24.4,-229.36,253.76,653.92,161.04,775.92,-19.52,-561.2,-868.64
-146.4,161.04,307.44,-4.88,-229.36,234.24,697.84,200.08,814.96,-195.2,-766.16,-893.04
-151.28,112.24,263.52,19.52,-209.84,185.44,727.12,224.48,810.08,-307.44,-873.52,-893.04
-146.4,58.56,204.96,43.92,-175.68,131.76,736.88,253.76,727.12,-400.16,-893.04,-897.92
-146.4,14.64,161.04,68.32,-156.16,87.84,761.28,297.68,678.32,-473.36,-897.92,-907.68
-151.28,-39.04,112.24,97.6,-131.76,34.16,766.16,322.08,590.48,-575.84,-927.2,-912.56
-146.4,-68.32,78.08,107.36,-112.24,4.88,790.56,351.36,527.04,-653.92,-932.08,-917.44
-151.28,-107.36,43.92,131.76,-97.6,-34.16,824.72,385.52,512.4,-702.72,-941.84,-922.32
-156.16,-141.52,14.64,151.28,-87.84,-63.44,854,400.16,468.48,-751.52,-956.48,-932.08
-170.8,-165.92,4.88,170.8,-87.84,-82.96,902.8,405.04,400.16,-800.32,-976,-936.96
-180.56,-185.44,-4.88,185.44,-87.84,-97.6,922.32,395.28,331.84,-849.12,-995.52,-951.6
-185.44,-200.08,-14.64,195.2,-87.84,-107.36,927.2,395.28,244,-888.16,-1005.28,-946.72
-180.56,-214.72,-34.16,200.08,-73.2,-126.88,951.6,414.8,195.2,-912.56,-1000.4,-941.84
-185.44,-239.12,-53.68,214.72,-68.32,-146.4,985.76,453.84,200.08,-922.32,-1000.4,-932.08
-180.56,-253.76,-73.2,219.6,-53.68,-165.92,1024.8,483.12,175.68,-932.08,-990.64,-922.32
-190.32,-268.4,-78.08,229.36,-58.56,-175.68,1049.2,517.28,161.04,-912.56,-961.36,-907.68
-185.44,-273.28,-87.84,229.36,-48.8,-180.56,1063.84,556.32,204.96,-873.52,-936.96,-883.28
-180.56,-273.28,-92.72,229.36,-43.92,-185.44,1098,575.84,244,-863.76,-912.56,-858.88
-170.8,-268.4,-97.6,219.6,-39.04,-185.44,1107.76,605.12,268.4,-839.36,-888.16,-824.72
-170.8,-248.88,-78.08,209.84,-48.8,-165.92,1122.4,653.92,326.96,-805.2,-849.12,-795.44
-165.92,-248.88,-82.96,209.84,-43.92,-165.92,1137.04,736.88,400.16,-761.28,-810.08,-771.04
-170.8,-244,-73.2,209.84,-48.8,-161.04,1141.92,771.04,405.04,-741.76,-795.44,-746.64
-165.92,-234.24,-68.32,200.08,-48.8,-151.28,1161.44,761.28,283.04,-756.4,-775.92,-722.24
-175.68,-224.48,-48.8,200.08,-63.44,-136.64,1161.44,702.72,122,-780.8,-761.28,-717.36
-170.8,-219.6,-48.8,195.2,-63.44,-136.64,1161.44,688.08,87.84,-746.64,-732,-692.96
-156.16,-200.08,-43.92,180.56,-58.56,-122,1132.16,692.96,117.12,-707.6,-688.08,-663.68
-146.4,-190.32,-43.92,170.8,-53.68,-117.12,1102.88,683.2,92.72,-678.32,-663.68,-634.4
-141.52,-170.8,-29.28,156.16,-58.56,-102.48,1049.2,619.76,-43.92,-678.32,-653.92,-624.64
-136.64,-161.04,-24.4,151.28,-58.56,-92.72,1029.68,561.2,-180.56,-692.96,-649.04,-605.12
-151.28,-161.04,-9.76,156.16,-73.2,-87.84,1005.28,546.56,-268.4,-688.08,-629.52,-595.36
-146.4,-161.04,-14.64,156.16,-68.32,-87.84,966.24,492.88,-356.24,-692.96,-629.52,-585.6
-151.28,-156.16,-4.88,156.16,-73.2,-82.96,922.32,424.56,-419.68,-692.96,-624.64,-580.72
-141.52,-146.4,-4.88,146.4,-68.32,-78.08,873.52,361.12,-468.48,-673.44,-610,-546.56
-136.64,-131.76,4.88,136.64,-73.2,-63.44,839.36,273.28,-517.28,-663.68,-585.6,-531.92
-136.64,-126.88,9.76,131.76,-73.2,-58.56,766.16,165.92,-561.2,-649.04,-561.2,-512.4
-122,-112.24,9.76,117.12,-68.32,-53.68,707.6,92.72,-570.96,-605.12,-517.28,-473.36
-97.6,-97.6,0,97.6,-48.8,-48.8,663.68,43.92,-561.2,-556.32,-473.36,-444.08
-92.72,-97.6,-4.88,97.6,-43.92,-53.68,605.12,-14.64,-575.84,-541.68,-463.6,-424.56
-73.2,-97.6,-24.4,87.84,-24.4,-63.44,566.08,-73.2,-595.36,-536.8,-439.2,-414.8
-78.08,-102.48,-24.4,92.72,-29.28,-63.44,522.16,-131.76,-619.76,-536.8,-434.32,-400.16
-63.44,-107.36,-43.92,87.84,-9.76,-78.08,473.36,-175.68,-619.76,-536.8,-419.68,-385.52
-43.92,-92.72,-48.8,68.32,0,-73.2,419.68,-209.84,-614.88,-507.52,-395.28,-361.12
-43.92,-87.84,-43.92,68.32,0,-68.32,375.76,-239.12,-585.6,-458.72,-375.76,-341.6
-39.04,-87.84,-48.8,63.44,4.88,-68.32,331.84,-253.76,-551.44,-429.44,-341.6,-326.96
-29.28,-78.08,-48.8,53.68,9.76,-63.44,292.8,-258.64,-517.28,-390.4,-312.32,-297.68
-24.4,-63.44,-39.04,43.92,4.88,-53.68,268.4,-258.64,-483.12,-356.24,-273.28,-263.52
-9.76,-43.92,-34.16,29.28,9.76,-39.04,239.12,-253.76,-444.08,-322.08,-248.88,-244
4.88,-43.92,-48.8,19.52,24.4,-48.8,204.96,-253.76,-405.04,-292.8,-224.48,-219.6
24.4,-43.92,-68.32,9.76,43.92,-58.56,175.68,-239.12,-375.76,-258.64,-200.08,-195.2
29.28,-39.04,-68.32,4.88,48.8,-53.68,156.16,-229.36,-346.48,-229.36,-170.8,-180.56
29.28,-43.92,-73.2,9.76,48.8,-58.56,126.88,-219.6,-336.72,-219.6,-165.92,-170.8
29.28,-39.04,-68.32,4.88,48.8,-53.68,122,-224.48,-326.96,-214.72,-151.28,-156.16
34.16,-39.04,-73.2,4.88,53.68,-58.56,126.88,-224.48,-326.96,-214.72,-141.52,-146.4
34.16,-39.04,-73.2,4.88,53.68,-58.56,117.12,-234.24,-331.84,-214.72,-141.52,-151.28
34.16,-34.16,-68.32,0,48.8,-53.68,102.48,-234.24,-326.96,-214.72,-131.76,-146.4
34.16,-39.04,-73.2,4.88,53.68,-58.56,92.72,-229.36,-331.84,-209.84,-117.12,-131.76
43.92,-39.04,-82.96,0,63.44,-63.44,87.84,-234.24,-336.72,-209.84,-117.12,-131.76
43.92,-24.4,-68.32,-9.76,53.68,-48.8,82.96,-234.24,-336.72,-209.84,-117.12,-131.76
39.04,-29.28,-68.32,-4.88,53.68,-48.8,78.08,-244,-341.6,-200.08,-112.24,-117.12
39.04,-19.52,-58.56,-9.76,48.8,-39.04,73.2,-253.76,-361.12,-219.6,-112.24,-112.24
43.92,-9.76,-53.68,-14.64,48.8,-34.16,73.2,-253.76,-366,-219.6,-102.48,-97.6
39.04,0,-39.04,-19.52,39.04,-19.52,68.32,-258.64,-375.76,-214.72,-97.6,-92.72
43.92,14.64,-29.28,-29.28,34.16,-9.76,68.32,-258.64,-370.88,-214.72,-87.84,-73.2
39.04,19.52,-19.52,-29.28,29.28,0,63.44,-258.64,-380.64,-209.84,-73.2,-63.44
43.92,24.4,-19.52,-34.16,29.28,0,53.68,-263.52,-390.4,-204.96,-53.68,-53.68
48.8,29.28,-19.52,-39.04,34.16,4.88,53.68,-263.52,-395.28,-204.96,-39.04,-24.4
53.68,29.28,-24.4,-39.04,39.04,0,43.92,-268.4,-409.92,-195.2,-24.4,-14.64
63.44,39.04,-24.4,-48.8,43.92,4.88,48.8,-263.52,-419.68,-190.32,-9.76,4.88
73.2,48.8,-24.4,-58.56,48.8,9.76,48.8,-273.28,-434.32,-190.32,0,19.52
68.32,48.8,-19.52,-58.56,43.92,14.64,48.8,-273.28,-448.96,-185.44,24.4,39.04
78.08,58.56,-19.52,-68.32,48.8,19.52,43.92,-283.04,-468.48,-190.32,53.68,53.68
78.08,68.32,-9.76,-73.2,43.92,29.28,29.28,-283.04,-483.12,-180.56,87.84,87.84
87.84,82.96,-4.88,-82.96,43.92,39.04,19.52,-302.56,-512.4,-175.68,112.24,112.24
97.6,87.84,-9.76,-92.72,53.68,39.04,0,-312.32,-522.16,-161.04,141.52,136.64
92.72,82.96,-9.76,-87.84,48.8,34.16,-24.4,-326.96,-551.44,-156.16,170.8,156.16
107.36,97.6,-9.76,-102.48,58.56,43.92,-43.92,-341.6,-575.84,-151.28,195.2,185.44
117.12,112.24,-4.88,-112.24,58.56,53.68,-58.56,-356.24,-595.36,-136.64,224.48,195.2
112.24,112.24,0,-112.24,53.68,53.68,-78.08,-361.12,-610,-131.76,244,214.72
122,112.24,-9.76,-117.12,63.44,48.8,-97.6,-366,-639.28,-122,258.64,239.12
117.12,112.24,-4.88,-112.24,58.56,53.68,-117.12,-375.76,-653.92,-122,268.4,248.88
112.24,107.36,-4.88,-107.36,58.56,48.8,-126.88,-380.64,-673.44,-117.12,278.16,253.76
117.12,117.12,0,-117.12,58.56,58.56,-136.64,-380.64,-688.08,-107.36,278.16,263.52
117.12,122,4.88,-117.12,53.68,63.44,-146.4,-385.52,-697.84,-102.48,297.68,263.52
126.88,126.88,0,-126.88,63.44,63.44,-156.16,-375.76,-692.96,-87.84,307.44,283.04
122,122,0,-122,58.56,58.56,-161.04,-370.88,-702.72,-73.2,322.08,287.92
122,126.88,4.88,-122,58.56,63.44,-175.68,-375.76,-712.48,-68.32,331.84,292.8
146.4,136.64,-9.76,-141.52,78.08,63.44,-195.2,-380.64,-717.36,-63.44,336.72,297.68
146.4,141.52,-4.88,-141.52,73.2,68.32,-214.72,-385.52,-717.36,-53.68,336.72,292.8
151.28,136.64,-14.64,-141.52,82.96,58.56,-214.72,-375.76,-717.36,-43.92,326.96,302.56
156.16,141.52,-14.64,-146.4,82.96,63.44,-214.72,-370.88,-702.72,-39.04,331.84,297.68
146.4,136.64,-9.76,-141.52,78.08,63.44,-209.84,-366,-692.96,-29.28,326.96,287.92
146.4,136.64,-9.76,-141.52,78.08,63.44,-209.84,-356.24,-683.2,-19.52,326.96,292.8
146.4,141.52,-4.88,-141.52,73.2,68.32,-219.6,-351.36,-663.68,-19.52,326.96,297.68
141.52,136.64,-4.88,-136.64,73.2,63.44,-214.72,-341.6,-649.04,-9.76,322.08,287.92
146.4,146.4,0,-146.4,73.2,73.2,-209.84,-331.84,-624.64,4.88,331.84,287.92
156.16,151.28,-4.88,-151.28,78.08,73.2,-204.96,-317.2,-600.24,29.28,336.72,287.92
161.04,156.16,-4.88,-156.16,82.96,73.2,-204.96,-302.56,-566.08,48.8,336.72,287.92
165.92,156.16,-9.76,-161.04,87.84,73.2,-200.08,-283.04,-546.56,63.44,326.96,283.04
156.16,146.4,-9.76,-151.28,82.96,68.32,-204.96,-273.28,-522.16,73.2,317.2,278.16
156.16,141.52,-14.64,-146.4,82.96,63.44,-195.2,-253.76,-492.88,87.84,317.2,268.4
151.28,126.88,-24.4,-136.64,87.84,48.8,-190.32,-234.24,-458.72,97.6,312.32,258.64
141.52,126.88,-14.64,-131.76,78.08,53.68,-180.56,-214.72,-424.56,97.6,307.44,248.88
141.52,126.88,-14.64,-131.76,78.08,53.68,-165.92,-185.44,-395.28,112.24,307.44,239.12
141.52,117.12,-24.4,-126.88,82.96,43.92,-146.4,-170.8,-366,122,287.92,209.84
136.64,112.24,-24.4,-122,78.08,43.92,-122,-151.28,-336.72,126.88,278.16,200.08
136.64,117.12,-19.52,-126.88,78.08,48.8,-107.36,-126.88,-302.56,141.52,287.92,204.96
131.76,117.12,-14.64,-122,73.2,48.8,-97.6,-102.48,-273.28,146.4,283.04,195.2
141.52,112.24,-29.28,-126.88,82.96,39.04,-82.96,-78.08,-248.88,156.16,273.28,180.56
136.64,97.6,-39.04,-117.12,87.84,29.28,-73.2,-63.44,-229.36,151.28,253.76,170.8
131.76,87.84,-43.92,-107.36,87.84,19.52,-58.56,-43.92,-204.96,156.16,239.12,156.16
131.76,82.96,-48.8,-107.36,87.84,14.64,-39.04,-24.4,-180.56,156.16,229.36,151.28
122,78.08,-43.92,-97.6,82.96,14.64,-24.4,-4.88,-165.92,151.28,219.6,136.64
122,78.08,-43.92,-97.6,82.96,14.64,-14.64,4.88,-151.28,146.4,204.96,122
122,73.2,-48.8,-97.6,82.96,9.76,0,19.52,-136.64,151.28,190.32,102.48
112.24,63.44,-48.8,-87.84,78.08,4.88,24.4,34.16,-112.24,156.16,185.44,97.6
112.24,73.2,-39.04,-92.72,73.2,14.64,39.04,53.68,-97.6,156.16,180.56,87.84
107.36,73.2,-34.16,-87.84,68.32,19.52,48.8,63.44,-87.84,151.28,170.8,78.08
107.36,63.44,-43.92,-82.96,73.2,9.76,63.44,68.32,-73.2,151.28,161.04,58.56
107.36,63.44,-43.92,-82.96,73.2,9.76,73.2,73.2,-73.2,141.52,151.28,48.8
97.6,48.8,-48.8,-73.2,73.2,0,92.72,78.08,-63.44,136.64,136.64,43.92
87.84,43.92,-43.92,-63.44,63.44,0,112.24,87.84,-58.56,131.76,131.76,39.04
87.84,43.92,-43.92,-63.44,63.44,0,126.88,92.72,-53.68,126.88,117.12,34.16
78.08,34.16,-43.92,-53.68,58.56,-4.88,141.52,92.72,-48.8,117.12,97.6,19.52
78.08,39.04,-39.04,-58.56,58.56,0,161.04,87.84,-39.04,126.88,82.96,9.76
68.32,43.92,-24.4,-53.68,43.92,9.76,175.68,82.96,-39.04,112.24,68.32,-4.88
68.32,43.92,-24.4,-53.68,43.92,9.76,185.44,97.6,-24.4,112.24,68.32,0
68.32,53.68,-14.64,-58.56,39.04,19.52,204.96,107.36,-9.76,117.12,78.08,-4.88
73.2,48.8,-24.4,-58.56,48.8,9.76,214.72,97.6,-9.76,112.24,73.2,-9.76
68.32,48.8,-19.52,-58.56,43.92,14.64,229.36,92.72,-14.64,102.48,73.2,-14.64
73.2,43.92,-29.28,-58.56,48.8,4.88,234.24,92.72,-4.88,102.48,63.44,-19.52
63.44,39.04,-24.4,-48.8,43.92,4.88,244,97.6,0,97.6,48.8,-24.4
63.44,43.92,-19.52,-53.68,39.04,9.76,263.52,107.36,14.64,97.6,39.04,-29.28
53.68,48.8,-4.88,-48.8,29.28,19.52,283.04,107.36,19.52,92.72,24.4,-39.04
48.8,53.68,4.88,-48.8,19.52,29.28,297.68,102.48,34.16,102.48,14.64,-43.92
48.8,63.44,14.64,-53.68,14.64,39.04,312.32,102.48,43.92,107.36,19.52,-53.68
39.04,58.56,19.52,-48.8,9.76,39.04,326.96,102.48,48.8,107.36,9.76,-58.56
53.68,68.32,14.64,-58.56,19.52,39.04,346.48,107.36,58.56,107.36,9.76,-68.32
53.68,58.56,4.88,-53.68,24.4,29.28,361.12,112.24,63.44,97.6,4.88,-68.32
53.68,58.56,4.88,-53.68,24.4,29.28,370.88,126.88,68.32,87.84,9.76,-73.2
58.56,63.44,4.88,-58.56,24.4,34.16,380.64,136.64,82.96,97.6,19.52,-78.08
53.68,68.32,14.64,-58.56,19.52,39.04,385.52,146.4,87.84,97.6,14.64,-82.96
48.8,68.32,19.52,-58.56,14.64,43.92,380.64,146.4,87.84,92.72,9.76,-82.96
48.8,73.2,24.4,-58.56,9.76,48.8,375.76,156.16,92.72,92.72,9.76,-82.96
43.92,63.44,19.52,-53.68,9.76,39.04,380.64,156.16,102.48,97.6,9.76,-87.84
43.92,58.56,14.64,-48.8,14.64,34.16,390.4,161.04,107.36,102.48,14.64,-82.96
53.68,63.44,9.76,-58.56,19.52,34.16,390.4,165.92,107.36,102.48,19.52,-87.84
43.92,63.44,19.52,-53.68,9.76,39.04,400.16,170.8,117.12,107.36,19.52,-87.84
48.8,58.56,9.76,-53.68,19.52,34.16,385.52,170.8,117.12,107.36,19.52,-87.84
43.92,53.68,9.76,-48.8,14.64,29.28,375.76,165.92,107.36,107.36,24.4,-82.96
43.92,53.68,9.76,-48.8,14.64,29.28,366,156.16,102.48,107.36,29.28,-78.08
43.92,53.68,9.76,-48.8,14.64,29.28,361.12,146.4,92.72,102.48,34.16,-63.44
39.04,43.92,4.88,-39.04,14.64,24.4,351.36,151.28,92.72,97.6,34.16,-43.92
48.8,48.8,0,-48.8,24.4,24.4,356.24,156.16,97.6,102.48,39.04,-34.16
48.8,48.8,0,-48.8,24.4,24.4,361.12,161.04,97.6,122,39.04,-34.16
48.8,48.8,0,-48.8,24.4,24.4,356.24,156.16,92.72,131.76,43.92,-43.92
58.56,53.68,-4.88,-53.68,29.28,24.4,336.72,161.04,92.72,141.52,63.44,-43.92
58.56,58.56,0,-58.56,29.28,29.28,307.44,156.16,87.84,141.52,73.2,-34.16
63.44,48.8,-14.64,-53.68,39.04,14.64,287.92,151.28,82.96,141.52,78.08,-34.16
63.44,43.92,-19.52,-53.68,39.04,9.76,283.04,146.4,82.96,146.4,87.84,-14.64
58.56,29.28,-29.28,-43.92,43.92,0,268.4,146.4,82.96,146.4,92.72,-9.76
63.44,29.28,-34.16,-43.92,48.8,-4.88,263.52,151.28,87.84,151.28,97.6,-4.88
73.2,19.52,-53.68,-43.92,63.44,-19.52,258.64,146.4,82.96,161.04,97.6,4.88
58.56,9.76,-48.8,-34.16,53.68,-19.52,253.76,156.16,82.96,161.04,102.48,4.88
68.32,9.76,-58.56,-39.04,63.44,-24.4,253.76,165.92,87.84,165.92,107.36,4.88
68.32,0,-68.32,-34.16,68.32,-34.16,244,170.8,87.84,165.92,102.48,4.88
78.08,-14.64,-92.72,-29.28,82.96,-53.68,253.76,180.56,102.48,170.8,112.24,9.76
82.96,-19.52,-102.48,-29.28,92.72,-63.44,263.52,185.44,102.48,180.56,117.12,19.52
73.2,-34.16,-107.36,-19.52,87.84,-73.2,253.76,180.56,97.6,175.68,107.36,4.88
82.96,-34.16,-117.12,-24.4,97.6,-78.08,253.76,185.44,97.6,170.8,112.24,9.76
78.08,-39.04,-117.12,-19.52,97.6,-78.08,248.88,200.08,97.6,170.8,117.12,9.76
82.96,-43.92,-126.88,-19.52,102.48,-87.84,244,200.08,97.6,165.92,107.36,9.76
87.84,-39.04,-126.88,-24.4,107.36,-82.96,239.12,200.08,92.72,165.92,107.36,9.76
78.08,-43.92,-122,-14.64,97.6,-82.96,239.12,204.96,92.72,165.92,112.24,14.64
78.08,-39.04,-117.12,-19.52,97.6,-78.08,229.36,209.84,107.36,170.8,112.24,14.64
78.08,-34.16,-112.24,-19.52,92.72,-73.2,224.48,209.84,107.36,170.8,107.36,9.76
82.96,-34.16,-117.12,-24.4,97.6,-78.08,214.72,214.72,112.24,175.68,107.36,14.64
92.72,-19.52,-112.24,-34.16,102.48,-68.32,209.84,224.48,117.12,175.68,102.48,14.64
82.96,-29.28,-112.24,-24.4,97.6,-73.2,219.6,224.48,122,170.8,107.36,19.52
78.08,-34.16,-112.24,-19.52,92.72,-73.2,214.72,219.6,112.24,156.16,112.24,14.64
82.96,-29.28,-112.24,-24.4,97.6,-73.2,219.6,229.36,122,165.92,122,24.4
73.2,-24.4,-97.6,-24.4,82.96,-63.44,214.72,224.48,122,161.04,117.12,14.64
78.08,-29.28,-107.36,-24.4,92.72,-68.32,209.84,229.36,122,156.16,102.48,9.76
68.32,-29.28,-97.6,-19.52,82.96,-63.44,219.6,239.12,126.88,156.16,97.6,9.76
63.44,-48.8,-112.24,-4.88,87.84,-82.96,224.48,239.12,136.64,151.28,73.2,-4.88
73.2,-43.92,-117.12,-14.64,92.72,-82.96,229.36,248.88,136.64,146.4,68.32,-9.76
68.32,-43.92,-112.24,-9.76,87.84,-78.08,234.24,248.88,141.52,146.4,78.08,-9.76
68.32,-34.16,-102.48,-14.64,82.96,-68.32,239.12,258.64,146.4,146.4,78.08,-9.76
78.08,-43.92,-122,-14.64,97.6,-82.96,239.12,268.4,151.28,151.28,78.08,-4.88
73.2,-48.8,-122,-9.76,97.6,-87.84,244,268.4,151.28,146.4,78.08,-9.76
78.08,-43.92,-122,-14.64,97.6,-82.96,244,263.52,146.4,141.52,63.44,-24.4
73.2,-43.92,-117.12,-14.64,92.72,-82.96,248.88,268.4,141.52,136.64,53.68,-29.28
68.32,-48.8,-117.12,-9.76,92.72,-82.96,248.88,263.52,136.64,122,43.92,-39.04
63.44,-43.92,-107.36,-9.76,82.96,-78.08,253.76,258.64,131.76,117.12,43.92,-39.04
58.56,-53.68,-112.24,0,82.96,-82.96,263.52,253.76,131.76,112.24,43.92,-39.04
53.68,-53.68,-107.36,0,78.08,-82.96,263.52,248.88,122,107.36,39.04,-43.92
58.56,-53.68,-112.24,0,82.96,-82.96,273.28,248.88,117.12,102.48,34.16,-39.04
48.8,-58.56,-107.36,4.88,78.08,-82.96,287.92,248.88,117.12,97.6,34.16,-43.92
48.8,-58.56,-107.36,4.88,78.08,-82.96,287.92,244,112.24,87.84,19.52,-53.68
43.92,-53.68,-97.6,4.88,68.32,-78.08,297.68,239.12,107.36,87.84,14.64,-58.56
43.92,-58.56,-102.48,9.76,73.2,-82.96,297.68,234.24,102.48,82.96,9.76,-68.32
39.04,-58.56,-97.6,9.76,68.32,-78.08,302.56,229.36,92.72,73.2,4.88,-73.2
34.16,-58.56,-92.72,14.64,63.44,-78.08,297.68,214.72,73.2,63.44,-9.76,-73.2
29.28,-48.8,-78.08,9.76,53.68,-63.44,307.44,204.96,63.44,53.68,-14.64,-73.2
29.28,-48.8,-78.08,9.76,53.68,-63.44,307.44,200.08,58.56,48.8,-24.4,-73.2
24.4,-58.56,-82.96,19.52,53.68,-73.2,307.44,195.2,48.8,39.04,-29.28,-78.08
29.28,-48.8,-78.08,9.76,53.68,-63.44,312.32,200.08,48.8,39.04,-29.28,-78.08
29.28,-53.68,-82.96,14.64,53.68,-68.32,331.84,200.08,53.68,34.16,-24.4,-78.08
19.52,-63.44,-82.96,24.4,48.8,-73.2,351.36,214.72,58.56,39.04,-24.4,-78.08
24.4,-53.68,-78.08,14.64,48.8,-68.32,370.88,219.6,68.32,53.68,-19.52,-68.32
29.28,-43.92,-73.2,9.76,48.8,-58.56,380.64,214.72,63.44,53.68,-19.52,-68.32
29.28,-29.28,-58.56,0,43.92,-43.92,390.4,209.84,63.44,53.68,-19.52,-58.56
29.28,-24.4,-53.68,0,39.04,-39.04,395.28,204.96,58.56,48.8,-19.52,-58.56
19.52,-24.4,-43.92,4.88,29.28,-34.16,409.92,209.84,53.68,48.8,-14.64,-68.32
24.4,-19.52,-43.92,0,34.16,-34.16,414.8,204.96,63.44,48.8,-24.4,-68.32
24.4,-14.64,-39.04,-4.88,29.28,-29.28,429.44,200.08,68.32,43.92,-24.4,-68.32
19.52,-9.76,-29.28,-4.88,24.4,-19.52,419.68,190.32,53.68,39.04,-24.4,-78.08
19.52,0,-19.52,-9.76,19.52,-9.76,409.92,180.56,43.92,34.16,-29.28,-87.84
9.76,-9.76,-19.52,0,14.64,-14.64,405.04,170.8,39.04,29.28,-39.04,-92.72
4.88,-19.52,-24.4,9.76,14.64,-24.4,414.8,175.68,34.16,24.4,-39.04,-92.72
9.76,-14.64,-24.4,4.88,14.64,-19.52,419.68,165.92,24.4,14.64,-48.8,-92.72
0,-14.64,-14.64,9.76,4.88,-14.64,409.92,165.92,19.52,14.64,-43.92,-92.72
4.88,-4.88,-9.76,0,4.88,-9.76,390.4,156.16,4.88,0,-53.68,-92.72
4.88,-4.88,-9.76,0,4.88,-9.76,385.52,156.16,-4.88,-14.64,-58.56,-92.72
4.88,-9.76,-14.64,4.88,9.76,-14.64,380.64,151.28,-4.88,-14.64,-53.68,-92.72
9.76,-4.88,-14.64,0,9.76,-9.76,370.88,146.4,-14.64,-9.76,-48.8,-87.84
9.76,-19.52,-29.28,4.88,19.52,-24.4,375.76,156.16,-9.76,0,-48.8,-92.72
4.88,-24.4,-29.28,9.76,14.64,-29.28,380.64,156.16,-4.88,9.76,-43.92,-97.6
9.76,-29.28,-39.04,9.76,24.4,-34.16,375.76,161.04,-4.88,9.76,-53.68,-97.6
0,-43.92,-43.92,24.4,19.52,-43.92,375.76,170.8,-4.88,9.76,-48.8,-97.6
9.76,-34.16,-43.92,14.64,24.4,-39.04,370.88,170.8,-14.64,9.76,-43.92,-102.48
14.64,-43.92,-58.56,14.64,34.16,-53.68,370.88,175.68,-14.64,4.88,-34.16,-92.72
9.76,-48.8,-58.56,19.52,34.16,-53.68,366,175.68,-24.4,-9.76,-39.04,-92.72
14.64,-43.92,-58.56,14.64,34.16,-53.68,375.76,190.32,-19.52,-4.88,-24.4,-87.84
19.52,-43.92,-63.44,14.64,39.04,-53.68,370.88,185.44,-14.64,-4.88,-24.4,-82.96
29.28,-43.92,-73.2,9.76,48.8,-58.56,370.88,200.08,-4.88,9.76,-19.52,-73.2
34.16,-48.8,-82.96,9.76,58.56,-68.32,380.64,219.6,0,19.52,-14.64,-73.2
29.28,-58.56,-87.84,14.64,58.56,-73.2,385.52,229.36,0,14.64,-24.4,-87.84
29.28,-63.44,-92.72,19.52,58.56,-78.08,385.52,239.12,14.64,4.88,-43.92,-97.6
24.4,-87.84,-112.24,34.16,68.32,-102.48,400.16,268.4,34.16,24.4,-34.16,-97.6
34.16,-97.6,-131.76,34.16,82.96,-117.12,414.8,297.68,82.96,73.2,0,-78.08
43.92,-92.72,-136.64,24.4,87.84,-117.12,424.56,351.36,170.8,170.8,78.08,-34.16
48.8,-97.6,-146.4,24.4,97.6,-122,439.2,400.16,273.28,307.44,190.32,29.28
48.8,-92.72,-141.52,24.4,92.72,-117.12,453.84,448.96,380.64,448.96,336.72,126.88
68.32,-87.84,-156.16,9.76,112.24,-122,448.96,497.76,448.96,575.84,502.64,258.64
92.72,-63.44,-156.16,-14.64,122,-112.24,424.56,507.52,458.72,668.56,683.2,429.44
131.76,-29.28,-161.04,-48.8,146.4,-97.6,385.52,507.52,473.36,785.68,917.44,658.8
170.8,-9.76,-180.56,-78.08,175.68,-97.6,351.36,522.16,488,907.68,1161.44,917.44
224.48,9.76,-214.72,-117.12,219.6,-102.48,302.56,502.64,453.84,951.6,1342,1151.68
273.28,63.44,-209.84,-165.92,239.12,-73.2,239.12,463.6,400.16,1005.28,1507.92,1429.84
317.2,151.28,-165.92,-234.24,239.12,-9.76,156.16,380.64,336.72,1093.12,1717.76,1717.76
356.24,234.24,-122,-292.8,239.12,53.68,78.08,317.2,312.32,1200.48,1937.36,1947.12
380.64,307.44,-73.2,-341.6,224.48,117.12,34.16,297.68,336.72,1332.24,2152.08,2176.48
395.28,380.64,-14.64,-385.52,204.96,180.56,-19.52,244,312.32,1434.72,2361.92,2391.2
405.04,439.2,34.16,-419.68,185.44,234.24,-48.8,185.44,278.16,1464,2474.16,2532.72
414.8,453.84,39.04,-434.32,185.44,244,-48.8,185.44,287.92,1503.04,2542.48,2605.92
419.68,478.24,58.56,-448.96,180.56,268.4,-39.04,190.32,302.56,1551.84,2586.4,2625.44
405.04,488,82.96,-444.08,161.04,283.04,-19.52,185.44,302.56,1576.24,2562,2571.76
361.12,453.84,92.72,-405.04,131.76,273.28,29.28,209.84,366,1605.52,2479.04,2400.96
312.32,434.32,122,-370.88,92.72,278.16,87.84,224.48,414.8,1600.64,2332.64,2161.84
253.76,429.44,175.68,-341.6,39.04,302.56,146.4,224.48,448.96,1610.4,2147.2,1790.96
175.68,370.88,195.2,-273.28,-9.76,283.04,219.6,253.76,546.56,1659.2,1927.6,1278.56
107.36,283.04,175.68,-195.2,-34.16,229.36,336.72,351.36,707.6,1654.32,1610.4,736.88
19.52,200.08,180.56,-107.36,-82.96,190.32,444.08,424.56,814.96,1444.48,1054.08,122
-58.56,151.28,209.84,-43.92,-136.64,180.56,541.68,463.6,883.28,1112.64,429.44,-439.2
-92.72,146.4,239.12,-24.4,-165.92,190.32,600.24,458.72,878.4,771.04,29.28,-722.24
-131.76,131.76,263.52,0,-200.08,195.2,634.4,453.84,849.12,346.48,-331.84,-834.48
-165.92,122,287.92,24.4,-229.36,204.96,688.08,458.72,849.12,-24.4,-653.92,-922.32
-180.56,107.36,287.92,39.04,-234.24,195.2,727.12,492.88,888.16,-209.84,-878.4,-966.24
-180.56,63.44,244,58.56,-214.72,151.28,756.4,531.92,873.52,-331.84,-995.52,-976
-185.44,29.28,214.72,78.08,-200.08,122,790.56,570.96,800.32,-429.44,-1005.28,-976
-185.44,-24.4,161.04,107.36,-175.68,68.32,824.72,605.12,751.52,-507.52,-1019.92,-995.52
-195.2,-68.32,126.88,131.76,-161.04,29.28,873.52,629.52,658.8,-614.88,-1058.96,-1010.16
-195.2,-117.12,78.08,156.16,-136.64,-19.52,907.68,649.04,585.6,-692.96,-1068.72,-1015.04
-200.08,-165.92,34.16,185.44,-117.12,-68.32,941.84,673.44,556.32,-751.52,-1083.36,-1019.92
-209.84,-195.2,14.64,204.96,-112.24,-92.72,990.64,678.32,512.4,-785.68,-1093.12,-1019.92
-219.6,-214.72,4.88,219.6,-112.24,-107.36,1034.56,678.32,434.32,-839.36,-1107.76,-1015.04
-234.24,-214.72,19.52,224.48,-126.88,-97.6,1063.84,658.8,366,-878.4,-1112.64,-1015.04
-224.48,-209.84,14.64,219.6,-122,-97.6,1093.12,658.8,287.92,-912.56,-1112.64,-1010.16
-224.48,-224.48,0,224.48,-112.24,-112.24,1127.28,678.32,263.52,-932.08,-1102.88,-990.64
-219.6,-234.24,-14.64,229.36,-102.48,-126.88,1161.44,712.48,273.28,-932.08,-1083.36,-980.88
-229.36,-248.88,-19.52,239.12,-107.36,-136.64,1190.72,707.6,229.36,-951.6,-1073.6,-966.24
-244,-268.4,-24.4,258.64,-112.24,-146.4,1234.64,712.48,195.2,-946.72,-1058.96,-951.6
-244,-278.16,-34.16,263.52,-107.36,-156.16,1278.56,756.4,263.52,-912.56,-1029.68,-927.2
-234.24,-292.8,-58.56,263.52,-87.84,-175.68,1332.24,795.44,317.2,-888.16,-995.52,-907.68
-234.24,-297.68,-63.44,268.4,-87.84,-180.56,1351.76,839.36,385.52,-834.48,-956.48,-868.64
-219.6,-278.16,-58.56,248.88,-82.96,-170.8,1351.76,883.28,463.6,-785.68,-907.68,-824.72
-219.6,-268.4,-48.8,244,-87.84,-161.04,1342,932.08,551.44,-722.24,-854,-780.8
-209.84,-253.76,-43.92,234.24,-82.96,-151.28,1317.6,966.24,556.32,-663.68,-785.68,-717.36
-190.32,-214.72,-24.4,204.96,-82.96,-122,1273.68,927.2,429.44,-634.4,-732,-658.8
-180.56,-180.56,0,180.56,-92.72,-92.72,1215.12,863.76,239.12,-624.64,-692.96,-619.76
-185.44,-146.4,39.04,165.92,-112.24,-53.68,1161.44,800.32,112.24,-614.88,-668.56,-600.24
-185.44,-112.24,73.2,151.28,-131.76,-19.52,1107.76,727.12,29.28,-605.12,-658.8,-580.72
-185.44,-97.6,87.84,141.52,-136.64,-4.88,1054.08,683.2,-43.92,-585.6,-624.64,-556.32
-185.44,-78.08,107.36,131.76,-146.4,14.64,1005.28,629.52,-131.76,-580.72,-610,-546.56
-180.56,-58.56,122,122,-151.28,29.28,941.84,546.56,-229.36,-590.48,-600.24,-531.92
-165.92,-43.92,122,107.36,-146.4,39.04,849.12,473.36,-322.08,-580.72,-580.72,-512.4
-146.4,-29.28,117.12,87.84,-131.76,43.92,761.28,405.04,-405.04,-580.72,-575.84,-492.88
-146.4,-48.8,97.6,97.6,-122,24.4,712.48,366,-424.56,-561.2,-536.8,-463.6
-141.52,-48.8,92.72,97.6,-117.12,19.52,658.8,307.44,-424.56,-527.04,-512.4,-419.68
-136.64,-43.92,92.72,92.72,-117.12,24.4,605.12,234.24,-444.08,-517.28,-488,-395.28
-136.64,-53.68,82.96,97.6,-112.24,14.64,551.44,161.04,-458.72,-507.52,-478.24,-385.52
-126.88,-48.8,78.08,87.84,-102.48,14.64,492.88,97.6,-478.24,-502.64,-453.84,-366
-122,-48.8,73.2,87.84,-97.6,9.76,429.44,43.92,-492.88,-483.12,-439.2,-351.36
-112.24,-48.8,63.44,82.96,-87.84,4.88,370.88,-14.64,-517.28,-483.12,-444.08,-351.36
-97.6,-48.8,48.8,73.2,-73.2,0,307.44,-78.08,-546.56,-483.12,-434.32,-351.36
-92.72,-43.92,48.8,68.32,-73.2,0,244,-131.76,-546.56,-473.36,-424.56,-341.6
-82.96,-34.16,48.8,58.56,-68.32,4.88,185.44,-161.04,-531.92,-434.32,-395.28,-307.44
-73.2,-29.28,43.92,53.68,-58.56,4.88,131.76,-190.32,-507.52,-414.8,-366,-287.92
-53.68,-24.4,29.28,39.04,-43.92,0,73.2,-224.48,-488,-390.4,-341.6,-268.4
-43.92,-19.52,24.4,34.16,-34.16,0,29.28,-239.12,-463.6,-366,-312.32,-239.12
-34.16,-24.4,9.76,29.28,-24.4,-9.76,0,-248.88,-444.08,-351.36,-292.8,-219.6
-19.52,-24.4,-4.88,24.4,-9.76,-14.64,-29.28,-258.64,-424.56,-331.84,-273.28,-195.2
-9.76,-34.16,-24.4,24.4,4.88,-29.28,-48.8,-248.88,-395.28,-307.44,-248.88,-175.68
0,-48.8,-48.8,24.4,24.4,-48.8,-87.84,-248.88,-375.76,-292.8,-244,-180.56
9.76,-53.68,-63.44,24.4,34.16,-58.56,-107.36,-248.88,-351.36,-263.52,-224.48,-165.92
24.4,-58.56,-82.96,19.52,53.68,-73.2,-131.76,-239.12,-336.72,-219.6,-214.72,-156.16
19.52,-73.2,-92.72,29.28,53.68,-82.96,-156.16,-239.12,-322.08,-190.32,-209.84,-151.28
24.4,-63.44,-87.84,19.52,53.68,-78.08,-175.68,-248.88,-317.2,-200.08,-204.96,-156.16
24.4,-53.68,-78.08,14.64,48.8,-68.32,-204.96,-263.52,-331.84,-214.72,-209.84,-156.16
24.4,-48.8,-73.2,14.64,48.8,-63.44,-234.24,-273.28,-346.48,-239.12,-214.72,-161.04
19.52,-48.8,-68.32,14.64,43.92,-58.56,-248.88,-278.16,-341.6,-239.12,-209.84,-156.16
19.52,-48.8,-68.32,14.64,43.92,-58.56,-278.16,-278.16,-346.48,-253.76,-219.6,-161.04
19.52,-48.8,-68.32,14.64,43.92,-58.56,-287.92,-283.04,-346.48,-248.88,-219.6,-156.16
19.52,-53.68,-73.2,19.52,43.92,-63.44,-302.56,-287.92,-361.12,-234.24,-219.6,-161.04
19.52,-58.56,-78.08,19.52,48.8,-68.32,-326.96,-297.68,-370.88,-229.36,-219.6,-161.04
24.4,-43.92,-68.32,9.76,43.92,-58.56,-336.72,-287.92,-370.88,-229.36,-214.72,-146.4
29.28,-53.68,-82.96,14.64,53.68,-68.32,-356.24,-287.92,-370.88,-229.36,-214.72,-136.64
39.04,-63.44,-102.48,14.64,68.32,-82.96,-366,-283.04,-361.12,-214.72,-200.08,-131.76
43.92,-58.56,-102.48,9.76,73.2,-82.96,-380.64,-273.28,-356.24,-200.08,-165.92,-112.24
39.04,-63.44,-102.48,14.64,68.32,-82.96,-395.28,-278.16,-356.24,-200.08,-146.4,-102.48
34.16,-63.44,-97.6,14.64,63.44,-82.96,-414.8,-287.92,-366,-209.84,-136.64,-92.72
29.28,-58.56,-87.84,14.64,58.56,-73.2,-429.44,-292.8,-375.76,-209.84,-131.76,-87.84
14.64,-53.68,-68.32,19.52,39.04,-63.44,-448.96,-307.44,-395.28,-200.08,-126.88,-78.08
19.52,-48.8,-68.32,14.64,43.92,-58.56,-478.24,-322.08,-400.16,-195.2,-107.36,-58.56
24.4,-39.04,-63.44,9.76,43.92,-53.68,-502.64,-326.96,-414.8,-195.2,-82.96,-29.28
19.52,-34.16,-53.68,9.76,34.16,-43.92,-512.4,-326.96,-419.68,-185.44,-63.44,-4.88
19.52,-39.04,-58.56,9.76,39.04,-48.8,-531.92,-351.36,-429.44,-180.56,-39.04,19.52
19.52,-43.92,-63.44,14.64,39.04,-53.68,-546.56,-361.12,-444.08,-190.32,-29.28,29.28
29.28,-34.16,-63.44,4.88,43.92,-48.8,-566.08,-366,-458.72,-190.32,-9.76,58.56
29.28,-34.16,-63.44,4.88,43.92,-48.8,-585.6,-390.4,-483.12,-200.08,9.76,78.08
19.52,-24.4,-43.92,4.88,29.28,-34.16,-619.76,-405.04,-497.76,-204.96,14.64,92.72
24.4,0,-24.4,-9.76,24.4,-14.64,-644.16,-419.68,-531.92,-214.72,29.28,107.36
19.52,9.76,-9.76,-14.64,14.64,0,-673.44,-429.44,-556.32,-214.72,39.04,112.24
29.28,14.64,-14.64,-19.52,19.52,0,-688.08,-448.96,-570.96,-214.72,53.68,122
24.4,-4.88,-29.28,-9.76,24.4,-19.52,-697.84,-458.72,-585.6,-209.84,63.44,141.52
29.28,-14.64,-43.92,-4.88,34.16,-29.28,-717.36,-473.36,-600.24,-204.96,63.44,141.52
29.28,-9.76,-39.04,-9.76,34.16,-24.4,-732,-483.12,-605.12,-195.2,82.96,165.92
39.04,-9.76,-48.8,-14.64,43.92,-29.28,-756.4,-497.76,-619.76,-200.08,92.72,175.68
43.92,14.64,-29.28,-29.28,34.16,-9.76,-780.8,-512.4,-639.28,-200.08,102.48,195.2
48.8,43.92,-4.88,-43.92,24.4,19.52,-810.08,-541.68,-658.8,-209.84,102.48,204.96
39.04,53.68,14.64,-43.92,9.76,34.16,-829.6,-546.56,-658.8,-214.72,102.48,200.08
43.92,68.32,24.4,-53.68,9.76,43.92,-849.12,-566.08,-668.56,-214.72,102.48,200.08
39.04,73.2,34.16,-53.68,0,53.68,-863.76,-575.84,-663.68,-195.2,107.36,204.96
29.28,68.32,39.04,-48.8,-4.88,53.68,-878.4,-585.6,-668.56,-185.44,107.36,204.96
29.28,63.44,34.16,-43.92,-4.88,48.8,-888.16,-600.24,-668.56,-180.56,112.24,214.72
24.4,43.92,19.52,-34.16,0,29.28,-893.04,-600.24,-658.8,-161.04,122,224.48
19.52,39.04,19.52,-29.28,0,29.28,-907.68,-610,-644.16,-146.4,131.76,234.24
19.52,43.92,24.4,-29.28,-4.88,34.16,-932.08,-629.52,-649.04,-146.4,131.76,234.24
14.64,58.56,43.92,-34.16,-14.64,48.8,-936.96,-634.4,-634.4,-131.76,136.64,244
24.4,87.84,63.44,-53.68,-19.52,73.2,-951.6,-649.04,-629.52,-131.76,126.88,239.12
9.76,92.72,82.96,-48.8,-39.04,87.84,-966.24,-649.04,-614.88,-141.52,117.12,239.12
-4.88,97.6,102.48,-43.92,-53.68,97.6,-980.88,-658.8,-605.12,-146.4,97.6,214.72
0,102.48,102.48,-48.8,-53.68,102.48,-966.24,-653.92,-575.84,-136.64,87.84,209.84
-9.76,112.24,122,-48.8,-68.32,117.12,-971.12,-658.8,-561.2,-136.64,68.32,185.44
-14.64,117.12,131.76,-48.8,-73.2,122,-980.88,-653.92,-536.8,-131.76,68.32,180.56
-14.64,131.76,146.4,-58.56,-82.96,136.64,-980.88,-653.92,-512.4,-117.12,63.44,175.68
-19.52,136.64,156.16,-58.56,-87.84,146.4,-985.76,-649.04,-468.48,-102.48,63.44,180.56
-19.52,141.52,161.04,-58.56,-92.72,151.28,-971.12,-624.64,-419.68,-82.96,78.08,185.44
-29.28,136.64,165.92,-53.68,-97.6,151.28,-971.12,-614.88,-385.52,-58.56,82.96,200.08
-43.92,131.76,175.68,-43.92,-112.24,151.28,-976,-614.88,-356.24,-53.68,82.96,195.2
-48.8,126.88,175.68,-39.04,-112.24,151.28,-976,-600.24,-326.96,-43.92,78.08,200.08
-53.68,122,175.68,-34.16,-117.12,146.4,-971.12,-590.48,-292.8,-39.04,78.08,190.32
-53.68,112.24,165.92,-29.28,-112.24,136.64,-961.36,-575.84,-258.64,-24.4,73.2,195.2
-48.8,117.12,165.92,-34.16,-107.36,141.52,-966.24,-570.96,-239.12,-19.52,63.44,180.56
-58.56,102.48,161.04,-19.52,-112.24,131.76,-971.12,-566.08,-224.48,-14.64,53.68,170.8
-53.68,107.36,161.04,-24.4,-107.36,131.76,-976,-566.08,-204.96,-19.52,39.04,151.28
-63.44,107.36,170.8,-19.52,-117.12,136.64,-976,-566.08,-185.44,-14.64,34.16,141.52
-68.32,102.48,170.8,-14.64,-122,136.64,-971.12,-561.2,-165.92,-14.64,29.28,126.88
-73.2,102.48,175.68,-14.64,-126.88,136.64,-966.24,-561.2,-156.16,-9.76,14.64,117.12
-82.96,107.36,190.32,-9.76,-136.64,146.4,-966.24,-566.08,-146.4,-19.52,4.88,97.6
-87.84,102.48,190.32,-4.88,-141.52,146.4,-956.48,-561.2,-126.88,-14.64,0,87.84
-87.84,92.72,180.56,0,-136.64,136.64,-936.96,-551.44,-117.12,-14.64,0,87.84
-102.48,82.96,185.44,9.76,-146.4,131.76,-941.84,-546.56,-107.36,-4.88,-4.88,87.84
-102.48,78.08,180.56,14.64,-141.52,126.88,-946.72,-541.68,-97.6,-4.88,-14.64,73.2
-102.48,78.08,180.56,14.64,-141.52,126.88,-946.72,-531.92,-87.84,0,-19.52,68.32
-102.48,82.96,185.44,9.76,-146.4,131.76,-941.84,-527.04,-68.32,9.76,-24.4,68.32
-92.72,82.96,175.68,4.88,-136.64,126.88,-951.6,-517.28,-53.68,19.52,-19.52,73.2
-92.72,63.44,156.16,14.64,-126.88,107.36,-951.6,-502.64,-34.16,14.64,-19.52,63.44
-97.6,43.92,141.52,29.28,-122,92.72,-951.6,-497.76,-24.4,14.64,-34.16,58.56
-107.36,34.16,141.52,39.04,-126.88,87.84,-951.6,-478.24,-14.64,14.64,-39.04,48.8
-112.24,24.4,136.64,43.92,-126.88,78.08,-956.48,-478.24,-4.88,0,-53.68,24.4
-107.36,24.4,131.76,43.92,-122,78.08,-946.72,-468.48,0,-4.88,-63.44,14.64
-112.24,19.52,131.76,48.8,-122,73.2,-941.84,-463.6,9.76,0,-73.2,9.76
-117.12,19.52,136.64,48.8,-126.88,78.08,-941.84,-468.48,9.76,-9.76,-92.72,-9.76
-107.36,24.4,131.76,43.92,-122,78.08,-941.84,-453.84,14.64,-14.64,-97.6,-19.52
-117.12,19.52,136.64,48.8,-126.88,78.08,-951.6,-458.72,14.64,-14.64,-112.24,-29.28
-112.24,14.64,126.88,48.8,-122,68.32,-951.6,-448.96,24.4,-14.64,-112.24,-39.04
-97.6,14.64,112.24,43.92,-107.36,63.44,-936.96,-424.56,48.8,-4.88,-112.24,-39.04
-102.48,4.88,107.36,48.8,-107.36,53.68,-932.08,-419.68,58.56,-4.88,-117.12,-43.92
-97.6,9.76,107.36,43.92,-102.48,58.56,-932.08,-409.92,68.32,-9.76,-122,-53.68
-107.36,0,107.36,53.68,-107.36,53.68,-936.96,-400.16,82.96,-9.76,-131.76,-58.56
-107.36,0,107.36,53.68,-107.36,53.68,-927.2,-390.4,92.72,-9.76,-131.76,-58.56
-102.48,14.64,117.12,43.92,-112.24,63.44,-936.96,-390.4,97.6,-9.76,-136.64,-58.56
-112.24,9.76,122,53.68,-117.12,63.44,-936.96,-380.64,107.36,-9.76,-141.52,-68.32
-117.12,-9.76,107.36,63.44,-112.24,48.8,-927.2,-361.12,126.88,0,-131.76,-68.32
-107.36,-14.64,92.72,63.44,-102.48,39.04,-922.32,-356.24,131.76,4.88,-141.52,-68.32
-107.36,-24.4,82.96,68.32,-97.6,29.28,-917.44,-346.48,146.4,9.76,-141.52,-63.44
-107.36,-24.4,82.96,68.32,-97.6,29.28,-907.68,-341.6,161.04,9.76,-131.76,-68.32
-107.36,-34.16,73.2,73.2,-92.72,19.52,-897.92,-336.72,170.8,9.76,-131.76,-63.44
-112.24,-43.92,68.32,78.08,-92.72,9.76,-897.92,-326.96,180.56,9.76,-131.76,-63.44
-117.12,-58.56,58.56,87.84,-87.84,0,-897.92,-322.08,190.32,9.76,-131.76,-58.56
-122,-73.2,48.8,97.6,-87.84,-14.64,-902.8,-322.08,185.44,4.88,-141.52,-68.32
-126.88,-82.96,43.92,107.36,-87.84,-19.52,-893.04,-326.96,190.32,9.76,-131.76,-63.44
-131.76,-78.08,53.68,107.36,-92.72,-14.64,-893.04,-331.84,200.08,14.64,-126.88,-68.32
-136.64,-87.84,48.8,112.24,-92.72,-19.52,-893.04,-317.2,204.96,19.52,-131.76,-63.44
-136.64,-78.08,58.56,107.36,-97.6,-9.76,-878.4,-307.44,209.84,19.52,-131.76,-68.32
-131.76,-78.08,53.68,107.36,-92.72,-14.64,-883.28,-307.44,214.72,19.52,-126.88,-68.32
-126.88,-73.2,53.68,102.48,-92.72,-9.76,-888.16,-317.2,214.72,19.52,-122,-68.32
-122,-73.2,48.8,97.6,-87.84,-14.64,-888.16,-317.2,224.48,29.28,-112.24,-48.8
-126.88,-73.2,53.68,102.48,-92.72,-9.76,-883.28,-322.08,229.36,34.16,-102.48,-43.92
-122,-73.2,48.8,97.6,-87.84,-14.64,-888.16,-322.08,229.36,34.16,-92.72,-39.04
-97.6,-63.44,34.16,82.96,-68.32,-14.64,-897.92,-336.72,219.6,29.28,-102.48,-48.8
-107.36,-58.56,48.8,82.96,-78.08,-4.88,-902.8,-341.6,209.84,29.28,-97.6,-43.92
-112.24,-43.92,68.32,78.08,-92.72,9.76,-912.56,-346.48,204.96,29.28,-92.72,-43.92
-112.24,-43.92,68.32,78.08,-92.72,9.76,-922.32,-361.12,190.32,24.4,-97.6,-43.92
-112.24,-43.92,68.32,78.08,-92.72,9.76,-922.32,-366,195.2,29.28,-87.84,-29.28
-112.24,-34.16,78.08,73.2,-97.6,19.52,-917.44,-370.88,200.08,43.92,-82.96,-24.4
-112.24,-39.04,73.2,78.08,-92.72,14.64,-922.32,-375.76,200.08,39.04,-73.2,-24.4
-107.36,-39.04,68.32,73.2,-87.84,14.64,-917.44,-385.52,200.08,48.8,-68.32,-4.88
-112.24,-39.04,73.2,78.08,-92.72,14.64,-922.32,-405.04,190.32,43.92,-58.56,-4.88
-117.12,-43.92,73.2,82.96,-97.6,14.64,-922.32,-414.8,195.2,48.8,-48.8,9.76
-112.24,-29.28,82.96,73.2,-97.6,24.4,-927.2,-419.68,185.44,58.56,-43.92,14.64
-117.12,-29.28,87.84,73.2,-102.48,29.28,-936.96,-439.2,175.68,48.8,-43.92,29.28
-126.88,-19.52,107.36,73.2,-117.12,43.92,-956.48,-453.84,165.92,53.68,-43.92,29.28
-126.88,-19.52,107.36,73.2,-117.12,43.92,-951.6,-453.84,165.92,53.68,-39.04,34.16
-126.88,-14.64,112.24,73.2,-122,48.8,-961.36,-463.6,156.16,43.92,-43.92,34.16
-117.12,-4.88,112.24,63.44,-117.12,53.68,-971.12,-478.24,161.04,53.68,-39.04,39.04
-117.12,0,117.12,58.56,-117.12,58.56,-966.24,-483.12,170.8,53.68,-34.16,43.92
-117.12,-9.76,107.36,63.44,-112.24,48.8,-961.36,-488,165.92,48.8,-39.04,43.92
-112.24,-4.88,107.36,58.56,-112.24,48.8,-951.6,-488,170.8,48.8,-29.28,53.68
-112.24,0,112.24,58.56,-112.24,53.68,-961.36,-483.12,170.8,48.8,-39.04,48.8
-107.36,9.76,117.12,48.8,-112.24,63.44,-966.24,-483.12,175.68,53.68,-34.16,43.92
-107.36,9.76,117.12,48.8,-112.24,63.44,-971.12,-473.36,185.44,58.56,-29.28,53.68
-117.12,14.64,131.76,53.68,-126.88,73.2,-985.76,-488,175.68,53.68,-29.28,43.92
-107.36,24.4,131.76,43.92,-122,78.08,-1000.4,-488,175.68,53.68,-39.04,48.8
-107.36,24.4,131.76,43.92,-122,78.08,-1005.28,-492.88,165.92,48.8,-34.16,53.68
-102.48,29.28,131.76,39.04,-117.12,78.08,-1010.16,-512.4,161.04,43.92,-43.92,43.92
-102.48,39.04,141.52,34.16,-122,87.84,-1015.04,-507.52,165.92,39.04,-43.92,43.92
-102.48,29.28,131.76,39.04,-117.12,78.08,-1024.8,-522.16,156.16,34.16,-58.56,39.04
-102.48,29.28,131.76,39.04,-117.12,78.08,-1039.44,-527.04,146.4,19.52,-58.56,34.16
-97.6,29.28,126.88,34.16,-112.24,78.08,-1039.44,-522.16,146.4,19.52,-68.32,34.16
-97.6,29.28,126.88,34.16,-112.24,78.08,-1049.2,-522.16,136.64,9.76,-73.2,24.4
-92.72,34.16,126.88,29.28,-112.24,78.08,-1044.32,-522.16,131.76,4.88,-87.84,19.52
-97.6,29.28,126.88,34.16,-112.24,78.08,-1049.2,-517.28,126.88,0,-92.72,14.64
-92.72,24.4,117.12,34.16,-107.36,68.32,-1049.2,-517.28,117.12,-9.76,-102.48,9.76
-87.84,39.04,126.88,24.4,-107.36,82.96,-1049.2,-512.4,117.12,-14.64,-107.36,4.88
-97.6,34.16,131.76,34.16,-117.12,82.96,-1063.84,-522.16,112.24,-24.4,-112.24,4.88
-97.6,29.28,126.88,34.16,-112.24,78.08,-1068.72,-512.4,112.24,-19.52,-117.12,0
-97.6,24.4,122,39.04,-112.24,73.2,-1068.72,-512.4,112.24,-29.28,-117.12,4.88
-107.36,9.76,117.12,48.8,-112.24,63.44,-1058.96,-497.76,117.12,-24.4,-107.36,4.88
-97.6,9.76,107.36,43.92,-102.48,58.56,-1063.84,-492.88,112.24,-29.28,-117.12,-4.88
-97.6,14.64,112.24,43.92,-107.36,63.44,-1063.84,-492.88,107.36,-34.16,-117.12,-4.88
-97.6,14.64,112.24,43.92,-107.36,63.44,-1068.72,-483.12,107.36,-29.28,-112.24,0
-92.72,9.76,102.48,43.92,-97.6,53.68,-1063.84,-478.24,107.36,-29.28,-112.24,-4.88
-97.6,0,97.6,48.8,-97.6,48.8,-1058.96,-468.48,102.48,-39.04,-126.88,-9.76
-97.6,-4.88,92.72,53.68,-97.6,43.92,-1044.32,-463.6,97.6,-39.04,-131.76,-14.64
-92.72,0,92.72,48.8,-92.72,43.92,-1039.44,-458.72,97.6,-43.92,-136.64,-19.52
-97.6,-9.76,87.84,53.68,-92.72,39.04,-1029.68,-448.96,97.6,-43.92,-141.52,-29.28
-92.72,-9.76,82.96,53.68,-87.84,34.16,-1015.04,-444.08,102.48,-39.04,-141.52,-19.52
-92.72,-9.76,82.96,53.68,-87.84,34.16,-1015.04,-439.2,97.6,-48.8,-141.52,-24.4
-97.6,-14.64,82.96,58.56,-92.72,34.16,-1015.04,-424.56,102.48,-43.92,-141.52,-29.28
-87.84,-9.76,78.08,48.8,-82.96,34.16,-1005.28,-419.68,97.6,-43.92,-141.52,-29.28
-92.72,-24.4,68.32,58.56,-82.96,19.52,-985.76,-409.92,102.48,-43.92,-146.4,-24.4
-97.6,-24.4,73.2,63.44,-87.84,24.4,-971.12,-395.28,97.6,-48.8,-146.4,-29.28
-87.84,-24.4,63.44,58.56,-78.08,19.52,-956.48,-375.76,92.72,-48.8,-151.28,-34.16
-87.84,-34.16,53.68,63.44,-73.2,9.76,-941.84,-366,92.72,-43.92,-151.28,-34.16
-78.08,-29.28,48.8,53.68,-63.44,9.76,-922.32,-356.24,97.6,-43.92,-156.16,-29.28
-73.2,-39.04,34.16,58.56,-53.68,-4.88,-912.56,-351.36,92.72,-43.92,-156.16,-39.04
-73.2,-43.92,29.28,58.56,-53.68,-9.76,-897.92,-331.84,102.48,-43.92,-156.16,-29.28
-73.2,-43.92,29.28,58.56,-53.68,-9.76,-883.28,-312.32,117.12,-39.04,-146.4,-29.28
-78.08,-53.68,24.4,68.32,-53.68,-14.64,-868.64,-297.68,122,-34.16,-146.4,-29.28
-73.2,-43.92,29.28,58.56,-53.68,-9.76,-849.12,-283.04,122,-34.16,-151.28,-29.28
-73.2,-43.92,29.28,58.56,-53.68,-9.76,-839.36,-283.04,122,-34.16,-156.16,-29.28
-82.96,-48.8,34.16,68.32,-58.56,-9.76,-824.72,-278.16,117.12,-34.16,-156.16,-39.04
-73.2,-43.92,29.28,58.56,-53.68,-9.76,-805.2,-263.52,112.24,-39.04,-156.16,-43.92
-73.2,-48.8,24.4,63.44,-48.8,-14.64,-790.56,-253.76,112.24,-29.28,-151.28,-48.8
-73.2,-39.04,34.16,58.56,-53.68,-4.88,-761.28,-239.12,122,-24.4,-146.4,-39.04
-73.2,-34.16,39.04,53.68,-58.56,0,-756.4,-234.24,122,-24.4,-141.52,-43.92
-78.08,-39.04,39.04,58.56,-58.56,0,-736.88,-224.48,122,-24.4,-141.52,-39.04
-73.2,-34.16,39.04,53.68,-58.56,0,-727.12,-214.72,122,-29.28,-146.4,-39.04
-68.32,-29.28,39.04,48.8,-53.68,4.88,-717.36,-209.84,122,-43.92,-146.4,-43.92
-78.08,-48.8,29.28,63.44,-53.68,-9.76,-692.96,-200.08,122,-39.04,-136.64,-43.92
-78.08,-48.8,29.28,63.44,-53.68,-9.76,-678.32,-185.44,126.88,-39.04,-136.64,-39.04
-82.96,-53.68,29.28,68.32,-58.56,-14.64,-663.68,-185.44,117.12,-39.04,-141.52,-48.8
-87.84,-58.56,29.28,73.2,-58.56,-14.64,-634.4,-170.8,122,-29.28,-141.52,-53.68
-73.2,-48.8,24.4,63.44,-48.8,-14.64,-614.88,-165.92,117.12,-34.16,-146.4,-58.56
-78.08,-53.68,24.4,68.32,-53.68,-14.64,-595.36,-146.4,122,-29.28,-141.52,-58.56
-68.32,-48.8,19.52,58.56,-43.92,-14.64,-570.96,-136.64,126.88,-19.52,-126.88,-58.56
-68.32,-53.68,14.64,63.44,-43.92,-19.52,-556.32,-131.76,122,-29.28,-131.76,-58.56
-78.08,-53.68,24.4,68.32,-53.68,-14.64,-531.92,-126.88,126.88,-43.92,-126.88,-53.68
-78.08,-53.68,24.4,68.32,-53.68,-14.64,-507.52,-112.24,131.76,-48.8,-117.12,-53.68
-73.2,-48.8,24.4,63.44,-48.8,-14.64,-492.88,-122,112.24,-48.8,-117.12,-53.68
-78.08,-48.8,29.28,63.44,-53.68,-9.76,-492.88,-126.88,102.48,-53.68,-122,-58.56
-78.08,-43.92,34.16,63.44,-58.56,-4.88,-488,-131.76,97.6,-53.68,-122,-73.2
-78.08,-48.8,29.28,63.44,-53.68,-9.76,-468.48,-136.64,82.96,-58.56,-131.76,-78.08
-73.2,-43.92,29.28,58.56,-53.68,-9.76,-444.08,-136.64,73.2,-58.56,-126.88,-73.2
-73.2,-39.04,34.16,58.56,-53.68,-4.88,-434.32,-146.4,68.32,-68.32,-122,-78.08
-87.84,-43.92,43.92,68.32,-68.32,0,-409.92,-141.52,73.2,-58.56,-112.24,-73.2
-78.08,-39.04,39.04,58.56,-58.56,0,-380.64,-136.64,73.2,-58.56,-112.24,-63.44
-78.08,-34.16,43.92,58.56,-63.44,4.88,-366,-141.52,63.44,-68.32,-112.24,-68.32
-78.08,-29.28,48.8,53.68,-63.44,9.76,-341.6,-136.64,63.44,-58.56,-107.36,-63.44
-73.2,-14.64,58.56,43.92,-68.32,19.52,-317.2,-136.64,53.68,-58.56,-97.6,-68.32
-78.08,-19.52,58.56,48.8,-68.32,19.52,-302.56,-151.28,39.04,-68.32,-102.48,-73.2
-73.2,-14.64,58.56,43.92,-68.32,19.52,-283.04,-151.28,34.16,-63.44,-102.48,-73.2
-68.32,-19.52,48.8,43.92,-58.56,14.64,-258.64,-146.4,24.4,-58.56,-112.24,-78.08
-63.44,-19.52,43.92,43.92,-53.68,9.76,-239.12,-141.52,19.52,-63.44,-102.48,-78.08
-48.8,-14.64,34.16,34.16,-43.92,9.76,-219.6,-131.76,24.4,-58.56,-97.6,-73.2
-58.56,-29.28,29.28,43.92,-43.92,0,-204.96,-122,24.4,-53.68,-87.84,-73.2
-58.56,-29.28,29.28,43.92,-43.92,0,-190.32,-117.12,24.4,-53.68,-82.96,-63.44
-53.68,-19.52,34.16,39.04,-43.92,4.88,-180.56,-112.24,24.4,-43.92,-68.32,-53.68
-39.04,-19.52,19.52,29.28,-29.28,0,-165.92,-112.24,19.52,-48.8,-68.32,-58.56
-34.16,-9.76,24.4,24.4,-29.28,4.88,-136.64,-102.48,9.76,-39.04,-63.44,-53.68
-39.04,-14.64,24.4,29.28,-34.16,4.88,-122,-107.36,9.76,-48.8,-68.32,-53.68
-43.92,-14.64,29.28,29.28,-39.04,4.88,-107.36,-102.48,4.88,-39.04,-58.56,-63.44
-24.4,-14.64,9.76,19.52,-19.52,-4.88,-92.72,-97.6,0,-43.92,-68.32,-68.32
-24.4,-19.52,4.88,24.4,-14.64,-9.76,-73.2,-92.72,-9.76,-48.8,-68.32,-63.44
-19.52,-29.28,-9.76,24.4,-4.88,-19.52,-53.68,-82.96,-19.52,-43.92,-78.08,-63.44
-19.52,-34.16,-14.64,29.28,-4.88,-24.4,-39.04,-78.08,-24.4,-48.8,-78.08,-73.2
-14.64,-53.68,-39.04,34.16,9.76,-48.8,-19.52,-68.32,-24.4,-48.8,-78.08,-68.32
-4.88,-48.8,-43.92,29.28,19.52,-48.8,-9.76,-63.44,-24.4,-43.92,-73.2,-68.32
-9.76,-53.68,-43.92,34.16,14.64,-48.8,4.88,-53.68,-19.52,-34.16,-73.2,-78.08
0,-58.56,-58.56,29.28,29.28,-58.56,19.52,-39.04,-24.4,-34.16,-68.32,-73.2
4.88,-63.44,-68.32,29.28,34.16,-68.32,24.4,-34.16,-24.4,-34.16,-63.44,-68.32
4.88,-68.32,-73.2,34.16,39.04,-73.2,24.4,-24.4,-34.16,-34.16,-68.32,-78.08
19.52,-63.44,-82.96,24.4,48.8,-73.2,43.92,-9.76,-24.4,-24.4,-63.44,-73.2
24.4,-63.44,-87.84,19.52,53.68,-78.08,63.44,-4.88,-24.4,-24.4,-58.56,-68.32
24.4,-78.08,-102.48,29.28,63.44,-92.72,82.96,9.76,-24.4,-24.4,-58.56,-73.2
29.28,-87.84,-117.12,29.28,73.2,-102.48,102.48,29.28,-14.64,-9.76,-43.92,-63.44
34.16,-102.48,-136.64,34.16,82.96,-122,122,43.92,-19.52,-9.76,-48.8,-63.44
34.16,-107.36,-141.52,39.04,87.84,-126.88,136.64,58.56,-19.52,-19.52,-53.68,-68.32
43.92,-112.24,-156.16,34.16,97.6,-136.64,141.52,63.44,-19.52,-29.28,-73.2,-78.08
43.92,-126.88,-170.8,43.92,107.36,-151.28,151.28,92.72,4.88,-4.88,-48.8,-73.2
53.68,-136.64,-190.32,43.92,122,-165.92,170.8,117.12,43.92,43.92,-14.64,-53.68
58.56,-122,-180.56,34.16,117.12,-151.28,185.44,161.04,117.12,146.4,58.56,-14.64
73.2,-122,-195.2,24.4,131.76,-161.04,200.08,204.96,219.6,263.52,165.92,43.92
92.72,-117.12,-209.84,14.64,151.28,-165.92,209.84,253.76,307.44,395.28,297.68,136.64
107.36,-112.24,-219.6,4.88,161.04,-165.92,214.72,292.8,375.76,512.4,429.44,248.88
122,-92.72,-214.72,-14.64,165.92,-156.16,195.2,297.68,390.4,605.12,590.48,409.92
156.16,-53.68,-209.84,-48.8,180.56,-131.76,165.92,292.8,395.28,712.48,795.44,639.28
195.2,-29.28,-224.48,-82.96,209.84,-126.88,122,307.44,419.68,839.36,1039.44,893.04
248.88,9.76,-239.12,-126.88,244,-117.12,68.32,297.68,409.92,917.44,1254.16,1146.8
297.68,53.68,-244,-175.68,268.4,-97.6,4.88,253.76,375.76,961.36,1449.36,1410.32
341.6,131.76,-209.84,-234.24,273.28,-39.04,-73.2,185.44,312.32,1034.56,1678.72,1683.6
380.64,224.48,-156.16,-302.56,268.4,34.16,-141.52,131.76,302.56,1166.32,1912.96,1932.48
405.04,307.44,-97.6,-356.24,248.88,102.48,-185.44,107.36,331.84,1312.72,2132.56,2147.2
434.32,395.28,-39.04,-414.8,234.24,175.68,-219.6,68.32,336.72,1434.72,2352.16,2357.04
458.72,453.84,-4.88,-453.84,229.36,224.48,-258.64,19.52,302.56,1488.4,2483.92,2518.08
473.36,453.84,-19.52,-463.6,244,214.72,-253.76,29.28,317.2,1527.44,2566.88,2601.04
473.36,468.48,-4.88,-468.48,239.12,229.36,-239.12,34.16,356.24,1595.76,2635.2,2640.08
458.72,478.24,19.52,-468.48,219.6,248.88,-229.36,34.16,356.24,1625.04,2635.2,2610.8
414.8,463.6,48.8,-439.2,180.56,253.76,-190.32,43.92,405.04,1654.32,2557.12,2474.16
366,434.32,68.32,-400.16,146.4,248.88,-136.64,53.68,458.72,1664.08,2430.24,2254.56
302.56,414.8,112.24,-356.24,92.72,263.52,-97.6,34.16,483.12,1654.32,2254.56,1927.6
239.12,375.76,136.64,-307.44,48.8,253.76,-29.28,68.32,551.44,1698.24,2049.6,1459.12
180.56,292.8,112.24,-234.24,34.16,200.08,92.72,156.16,717.36,1737.28,1781.2,941.84
107.36,219.6,112.24,-161.04,-4.88,165.92,209.84,224.48,844.24,1586,1307.84,361.12
43.92,185.44,141.52,-112.24,-48.8,161.04,322.08,268.4,927.2,1278.56,678.32,-224.48
-9.76,151.28,161.04,-68.32,-87.84,156.16,395.28,278.16,956.48,956.48,253.76,-556.32
-43.92,136.64,180.56,-43.92,-112.24,156.16,434.32,263.52,922.32,561.2,-92.72,-688.08
-78.08,112.24,190.32,-14.64,-136.64,151.28,502.64,273.28,932.08,165.92,-419.68,-771.04
-107.36,68.32,175.68,19.52,-141.52,122,546.56,312.32,971.12,-53.68,-639.28,-814.96
-112.24,14.64,126.88,48.8,-122,68.32,575.84,351.36,956.48,-195.2,-785.68,-824.72
-112.24,-48.8,63.44,82.96,-87.84,4.88,595.36,370.88,873.52,-307.44,-819.84,-829.6
-122,-117.12,4.88,122,-63.44,-58.56,634.4,409.92,810.08,-385.52,-834.48,-839.36
-117.12,-156.16,-39.04,136.64,-39.04,-97.6,663.68,444.08,712.48,-497.76,-878.4,-858.88
-112.24,-190.32,-78.08,151.28,-19.52,-136.64,688.08,468.48,624.64,-585.6,-897.92,-868.64
-117.12,-219.6,-102.48,170.8,-9.76,-161.04,712.48,483.12,605.12,-634.4,-912.56,-878.4
-122,-248.88,-126.88,185.44,0,-190.32,756.4,507.52,566.08,-683.2,-941.84,-893.04
-122,-268.4,-146.4,195.2,9.76,-209.84,790.56,497.76,512.4,-732,-966.24,-907.68
-131.76,-283.04,-151.28,209.84,9.76,-219.6,829.6,502.64,473.36,-761.28,-961.36,-897.92
-136.64,-287.92,-151.28,214.72,4.88,-219.6,854,507.52,395.28,-800.32,-961.36,-897.92
-146.4,-307.44,-161.04,229.36,4.88,-234.24,878.4,531.92,361.12,-824.72,-971.12,-893.04
-151.28,-322.08,-170.8,239.12,9.76,-248.88,912.56,556.32,370.88,-824.72,-956.48,-878.4
-161.04,-341.6,-180.56,253.76,9.76,-263.52,946.72,546.56,317.2,-844.24,-961.36,-868.64
-161.04,-331.84,-170.8,248.88,4.88,-253.76,961.36,536.8,268.4,-858.88,-951.6,-863.76
-156.16,-331.84,-175.68,244,9.76,-253.76,1005.28,575.84,322.08,-829.6,-932.08,-844.24
-156.16,-336.72,-180.56,248.88,9.76,-258.64,1034.56,614.88,385.52,-810.08,-922.32,-834.48
-156.16,-331.84,-175.68,244,9.76,-253.76,1058.96,658.8,439.2,-775.92,-888.16,-795.44
-141.52,-312.32,-170.8,229.36,14.64,-244,1058.96,702.72,507.52,-732,-834.48,-761.28
-141.52,-302.56,-161.04,224.48,9.76,-234.24,1054.08,756.4,595.36,-673.44,-790.56,-712.48
-126.88,-283.04,-156.16,204.96,14.64,-219.6,1034.56,785.68,590.48,-624.64,-727.12,-663.68
-126.88,-263.52,-136.64,195.2,4.88,-200.08,990.64,736.88,434.32,-605.12,-683.2,-614.88
-122,-234.24,-112.24,180.56,-4.88,-175.68,932.08,658.8,224.48,-610,-663.68,-585.6
-117.12,-195.2,-78.08,156.16,-19.52,-136.64,888.16,585.6,107.36,-595.36,-634.4,-556.32
-112.24,-161.04,-48.8,136.64,-34.16,-107.36,834.48,507.52,24.4,-580.72,-610,-536.8
-112.24,-131.76,-19.52,122,-48.8,-78.08,775.92,458.72,-48.8,-556.32,-575.84,-512.4
-107.36,-102.48,4.88,107.36,-58.56,-48.8,722.24,400.16,-136.64,-536.8,-556.32,-492.88
-107.36,-82.96,24.4,97.6,-68.32,-29.28,649.04,326.96,-219.6,-517.28,-541.68,-468.48
-97.6,-53.68,43.92,78.08,-73.2,-4.88,580.72,263.52,-297.68,-497.76,-507.52,-439.2
-97.6,-48.8,48.8,73.2,-73.2,0,512.4,209.84,-361.12,-507.52,-497.76,-424.56
-97.6,-34.16,63.44,68.32,-82.96,14.64,453.84,161.04,-385.52,-492.88,-468.48,-400.16
-87.84,-14.64,73.2,53.68,-82.96,29.28,390.4,97.6,-409.92,-473.36,-458.72,-370.88
-78.08,-14.64,63.44,48.8,-73.2,24.4,331.84,19.52,-439.2,-468.48,-448.96,-361.12
-68.32,-9.76,58.56,39.04,-63.44,24.4,278.16,-39.04,-468.48,-463.6,-434.32,-351.36
-48.8,-4.88,43.92,29.28,-48.8,19.52,248.88,-102.48,-497.76,-463.6,-429.44,-346.48
-43.92,-9.76,34.16,29.28,-39.04,9.76,204.96,-156.16,-517.28,-448.96,-419.68,-326.96
-34.16,-9.76,24.4,24.4,-29.28,4.88,161.04,-195.2,-531.92,-429.44,-390.4,-322.08
-34.16,-24.4,9.76,29.28,-24.4,-9.76,112.24,-239.12,-536.8,-419.68,-385.52,-297.68
-19.52,-29.28,-9.76,24.4,-4.88,-19.52,73.2,-283.04,-531.92,-400.16,-361.12,-278.16
-4.88,-24.4,-19.52,14.64,4.88,-24.4,34.16,-307.44,-512.4,-370.88,-336.72,-258.64
0,-29.28,-29.28,14.64,14.64,-29.28,-14.64,-326.96,-492.88,-351.36,-317.2,-239.12
9.76,-39.04,-48.8,14.64,29.28,-43.92,-48.8,-341.6,-463.6,-326.96,-307.44,-219.6
19.52,-39.04,-58.56,9.76,39.04,-48.8,-68.32,-351.36,-434.32,-297.68,-278.16,-204.96
24.4,-39.04,-63.44,9.76,43.92,-53.68,-82.96,-356.24,-424.56,-278.16,-268.4,-190.32
43.92,-34.16,-78.08,-4.88,58.56,-58.56,-102.48,-351.36,-405.04,-263.52,-253.76,-180.56
53.68,-43.92,-97.6,-4.88,73.2,-73.2,-117.12,-346.48,-385.52,-244,-234.24,-165.92
58.56,-48.8,-107.36,-4.88,82.96,-78.08,-126.88,-336.72,-361.12,-219.6,-219.6,-165.92
68.32,-63.44,-131.76,0,97.6,-97.6,-136.64,-317.2,-341.6,-209.84,-219.6,-151.28
63.44,-82.96,-146.4,9.76,102.48,-117.12,-136.64,-302.56,-322.08,-190.32,-200.08,-141.52
73.2,-87.84,-161.04,9.76,117.12,-126.88,-136.64,-292.8,-307.44,-180.56,-185.44,-131.76
73.2,-92.72,-165.92,9.76,117.12,-131.76,-136.64,-292.8,-312.32,-185.44,-185.44,-131.76
63.44,-107.36,-170.8,24.4,117.12,-141.52,-136.64,-283.04,-307.44,-190.32,-185.44,-122
73.2,-102.48,-175.68,14.64,122,-141.52,-141.52,-283.04,-297.68,-185.44,-175.68,-112.24
68.32,-97.6,-165.92,14.64,117.12,-131.76,-141.52,-278.16,-302.56,-185.44,-175.68,-112.24
78.08,-97.6,-175.68,9.76,126.88,-136.64,-146.4,-283.04,-312.32,-195.2,-175.68,-117.12
82.96,-102.48,-185.44,9.76,131.76,-146.4,-141.52,-273.28,-322.08,-190.32,-180.56,-117.12
82.96,-117.12,-200.08,19.52,141.52,-161.04,-156.16,-263.52,-331.84,-190.32,-180.56,-122
87.84,-117.12,-204.96,14.64,146.4,-161.04,-156.16,-258.64,-331.84,-195.2,-185.44,-117.12
87.84,-117.12,-204.96,14.64,146.4,-161.04,-151.28,-248.88,-331.84,-190.32,-175.68,-102.48
78.08,-131.76,-209.84,29.28,141.52,-170.8,-156.16,-244,-331.84,-190.32,-180.56,-107.36
78.08,-126.88,-204.96,24.4,141.52,-165.92,-156.16,-234.24,-331.84,-190.32,-175.68,-97.6
73.2,-131.76,-204.96,29.28,136.64,-170.8,-151.28,-234.24,-331.84,-195.2,-165.92,-87.84
78.08,-126.88,-204.96,24.4,141.52,-165.92,-156.16,-229.36,-336.72,-195.2,-161.04,-78.08
78.08,-112.24,-190.32,19.52,131.76,-151.28,-165.92,-224.48,-341.6,-195.2,-156.16,-73.2
78.08,-102.48,-180.56,14.64,126.88,-141.52,-180.56,-234.24,-356.24,-204.96,-151.28,-68.32
87.84,-92.72,-180.56,4.88,131.76,-136.64,-180.56,-229.36,-366,-195.2,-131.76,-48.8
87.84,-92.72,-180.56,4.88,131.76,-136.64,-170.8,-219.6,-370.88,-190.32,-117.12,-39.04
87.84,-92.72,-180.56,4.88,131.76,-136.64,-180.56,-224.48,-390.4,-190.32,-107.36,-24.4
102.48,-92.72,-195.2,-4.88,146.4,-146.4,-175.68,-224.48,-390.4,-180.56,-92.72,-4.88
97.6,-97.6,-195.2,0,146.4,-146.4,-180.56,-219.6,-405.04,-175.68,-73.2,9.76
92.72,-102.48,-195.2,4.88,141.52,-151.28,-185.44,-229.36,-424.56,-185.44,-63.44,24.4
87.84,-97.6,-185.44,4.88,136.64,-141.52,-200.08,-239.12,-444.08,-190.32,-43.92,48.8
82.96,-102.48,-185.44,9.76,131.76,-146.4,-195.2,-244,-453.84,-180.56,-29.28,73.2
97.6,-87.84,-185.44,-4.88,141.52,-136.64,-204.96,-244,-478.24,-180.56,-14.64,92.72
102.48,-78.08,-180.56,-9.76,141.52,-131.76,-214.72,-253.76,-507.52,-185.44,-4.88,102.48
92.72,-73.2,-165.92,-9.76,126.88,-122,-224.48,-278.16,-531.92,-180.56,14.64,117.12
107.36,-63.44,-170.8,-19.52,136.64,-117.12,-234.24,-278.16,-551.44,-165.92,43.92,131.76
107.36,-58.56,-165.92,-24.4,136.64,-112.24,-244,-287.92,-575.84,-165.92,53.68,156.16
112.24,-53.68,-165.92,-29.28,136.64,-112.24,-239.12,-292.8,-585.6,-161.04,68.32,170.8
126.88,-43.92,-170.8,-39.04,146.4,-107.36,-244,-307.44,-605.12,-156.16,82.96,180.56
131.76,-48.8,-180.56,-39.04,156.16,-117.12,-253.76,-312.32,-614.88,-156.16,87.84,190.32
136.64,-34.16,-170.8,-48.8,151.28,-102.48,-263.52,-322.08,-629.52,-156.16,97.6,200.08
131.76,-29.28,-161.04,-48.8,146.4,-97.6,-283.04,-331.84,-634.4,-156.16,97.6,200.08
136.64,-19.52,-156.16,-58.56,146.4,-87.84,-283.04,-346.48,-644.16,-151.28,97.6,209.84
141.52,0,-141.52,-68.32,141.52,-73.2,-287.92,-351.36,-663.68,-156.16,102.48,209.84
141.52,14.64,-126.88,-78.08,131.76,-58.56,-302.56,-361.12,-678.32,-151.28,97.6,209.84
141.52,29.28,-112.24,-82.96,126.88,-43.92,-312.32,-370.88,-688.08,-146.4,102.48,209.84
141.52,43.92,-97.6,-92.72,117.12,-29.28,-317.2,-380.64,-692.96,-141.52,97.6,219.6
136.64,43.92,-92.72,-87.84,112.24,-24.4,-317.2,-380.64,-688.08,-136.64,112.24,229.36
146.4,63.44,-82.96,-102.48,112.24,-9.76,-322.08,-390.4,-678.32,-122,107.36,234.24
141.52,73.2,-68.32,-107.36,102.48,0,-331.84,-400.16,-673.44,-122,107.36,234.24
136.64,73.2,-63.44,-102.48,97.6,4.88,-336.72,-409.92,-668.56,-122,102.48,234.24
136.64,87.84,-48.8,-112.24,92.72,19.52,-336.72,-409.92,-653.92,-122,112.24,239.12
136.64,92.72,-43.92,-112.24,87.84,24.4,-336.72,-409.92,-644.16,-112.24,102.48,234.24
136.64,92.72,-43.92,-112.24,87.84,24.4,-331.84,-409.92,-634.4,-102.48,102.48,229.36
126.88,92.72,-34.16,-107.36,78.08,29.28,-317.2,-405.04,-614.88,-87.84,92.72,224.48
122,82.96,-39.04,-102.48,78.08,19.52,-302.56,-385.52,-585.6,-73.2,92.72,209.84
131.76,87.84,-43.92,-107.36,87.84,19.52,-292.8,-366,-546.56,-58.56,82.96,209.84
131.76,82.96,-48.8,-107.36,87.84,14.64,-278.16,-346.48,-512.4,-39.04,97.6,214.72
136.64,87.84,-48.8,-112.24,92.72,19.52,-273.28,-326.96,-463.6,-24.4,97.6,214.72
136.64,92.72,-43.92,-112.24,87.84,24.4,-253.76,-312.32,-424.56,-9.76,107.36,219.6
131.76,97.6,-34.16,-112.24,82.96,29.28,-253.76,-302.56,-405.04,-4.88,92.72,214.72
131.76,107.36,-24.4,-117.12,78.08,39.04,-239.12,-287.92,-366,14.64,92.72,209.84
131.76,112.24,-19.52,-122,73.2,43.92,-239.12,-273.28,-336.72,14.64,82.96,204.96
126.88,107.36,-19.52,-117.12,73.2,43.92,-229.36,-268.4,-317.2,24.4,73.2,195.2
126.88,112.24,-14.64,-117.12,68.32,48.8,-204.96,-253.76,-292.8,29.28,73.2,185.44
117.12,107.36,-9.76,-112.24,63.44,48.8,-195.2,-234.24,-263.52,34.16,68.32,175.68
122,102.48,-19.52,-112.24,68.32,39.04,-180.56,-219.6,-248.88,43.92,48.8,170.8
126.88,97.6,-29.28,-112.24,78.08,34.16,-170.8,-204.96,-224.48,48.8,39.04,165.92
122,87.84,-34.16,-102.48,78.08,24.4,-170.8,-200.08,-204.96,53.68,29.28,151.28
117.12,78.08,-39.04,-97.6,78.08,19.52,-165.92,-185.44,-185.44,48.8,34.16,141.52
117.12,78.08,-39.04,-97.6,78.08,19.52,-141.52,-175.68,-161.04,58.56,39.04,136.64
117.12,73.2,-43.92,-92.72,78.08,14.64,-131.76,-165.92,-146.4,63.44,29.28,126.88
112.24,82.96,-29.28,-97.6,68.32,24.4,-126.88,-151.28,-141.52,68.32,24.4,117.12
112.24,78.08,-34.16,-92.72,73.2,19.52,-126.88,-141.52,-141.52,63.44,9.76,107.36
107.36,78.08,-29.28,-92.72,68.32,24.4,-117.12,-136.64,-131.76,63.44,4.88,102.48
102.48,78.08,-24.4,-87.84,63.44,24.4,-107.36,-131.76,-117.12,63.44,-4.88,87.84
97.6,68.32,-29.28,-82.96,63.44,19.52,-97.6,-122,-107.36,68.32,-14.64,82.96
97.6,68.32,-29.28,-82.96,63.44,19.52,-82.96,-107.36,-92.72,73.2,-4.88,82.96
97.6,58.56,-39.04,-78.08,68.32,9.76,-78.08,-97.6,-78.08,73.2,-14.64,82.96
92.72,48.8,-43.92,-68.32,68.32,0,-82.96,-92.72,-78.08,73.2,-24.4,73.2
87.84,43.92,-43.92,-63.44,63.44,0,-78.08,-87.84,-63.44,68.32,-34.16,73.2
92.72,43.92,-48.8,-68.32,68.32,-4.88,-73.2,-78.08,-53.68,68.32,-39.04,58.56
92.72,34.16,-58.56,-63.44,73.2,-14.64,-68.32,-63.44,-39.04,78.08,-48.8,53.68
102.48,39.04,-63.44,-68.32,82.96,-14.64,-63.44,-48.8,-29.28,78.08,-58.56,43.92
102.48,34.16,-68.32,-68.32,82.96,-19.52,-48.8,-34.16,-19.52,78.08,-58.56,39.04
97.6,39.04,-58.56,-68.32,78.08,-9.76,-39.04,-19.52,-14.64,87.84,-63.44,24.4
102.48,29.28,-73.2,-63.44,87.84,-24.4,-24.4,-14.64,-4.88,82.96,-78.08,19.52
87.84,14.64,-73.2,-48.8,78.08,-29.28,-19.52,-9.76,0,82.96,-82.96,9.76
87.84,14.64,-73.2,-48.8,78.08,-29.28,-14.64,0,9.76,78.08,-87.84,4.88
87.84,9.76,-78.08,-48.8,82.96,-34.16,-14.64,4.88,14.64,73.2,-97.6,-4.88
87.84,0,-87.84,-43.92,87.84,-43.92,0,14.64,29.28,68.32,-112.24,-9.76
92.72,4.88,-87.84,-48.8,87.84,-43.92,19.52,24.4,39.04,73.2,-112.24,-9.76
87.84,-4.88,-92.72,-39.04,87.84,-48.8,29.28,34.16,53.68,73.2,-117.12,-19.52
97.6,0,-97.6,-48.8,97.6,-48.8,29.28,39.04,58.56,63.44,-117.12,-24.4
92.72,-4.88,-97.6,-43.92,92.72,-53.68,29.28,43.92,63.44,68.32,-126.88,-34.16
92.72,-4.88,-97.6,-43.92,92.72,-53.68,34.16,63.44,73.2,78.08,-117.12,-48.8
97.6,-4.88,-102.48,-43.92,97.6,-53.68,48.8,73.2,92.72,82.96,-97.6,-43.92
92.72,-9.76,-102.48,-39.04,97.6,-58.56,63.44,78.08,92.72,82.96,-97.6,-43.92
87.84,-14.64,-102.48,-34.16,92.72,-58.56,68.32,87.84,112.24,82.96,-107.36,-53.68
82.96,-19.52,-102.48,-29.28,92.72,-63.44,82.96,97.6,126.88,92.72,-102.48,-53.68
73.2,-34.16,-107.36,-19.52,87.84,-73.2,87.84,107.36,136.64,92.72,-102.48,-48.8
78.08,-34.16,-112.24,-19.52,92.72,-73.2,97.6,107.36,146.4,92.72,-97.6,-58.56
78.08,-34.16,-112.24,-19.52,92.72,-73.2,102.48,117.12,151.28,97.6,-102.48,-63.44
68.32,-39.04,-107.36,-14.64,87.84,-73.2,107.36,117.12,156.16,102.48,-97.6,-63.44
78.08,-34.16,-112.24,-19.52,92.72,-73.2,117.12,117.12,156.16,102.48,-87.84,-63.44
78.08,-34.16,-112.24,-19.52,92.72,-73.2,117.12,122,165.92,112.24,-78.08,-68.32
87.84,-39.04,-126.88,-24.4,107.36,-82.96,122,126.88,170.8,122,-78.08,-68.32
87.84,-34.16,-122,-24.4,102.48,-78.08,131.76,126.88,180.56,131.76,-63.44,-63.44
82.96,-39.04,-122,-19.52,102.48,-82.96,131.76,126.88,190.32,136.64,-58.56,-63.44
87.84,-43.92,-131.76,-19.52,107.36,-87.84,131.76,131.76,195.2,146.4,-43.92,-53.68
82.96,-48.8,-131.76,-14.64,107.36,-92.72,122,126.88,195.2,146.4,-43.92,-53.68
73.2,-48.8,-122,-9.76,97.6,-87.84,131.76,131.76,200.08,165.92,-34.16,-43.92
78.08,-48.8,-126.88,-14.64,102.48,-87.84,141.52,131.76,209.84,170.8,-24.4,-39.04
73.2,-53.68,-126.88,-9.76,97.6,-92.72,136.64,131.76,204.96,170.8,-24.4,-39.04
68.32,-63.44,-131.76,0,97.6,-97.6,136.64,131.76,204.96,180.56,-19.52,-29.28
82.96,-58.56,-141.52,-9.76,112.24,-102.48,131.76,122,200.08,185.44,-9.76,-29.28
82.96,-63.44,-146.4,-9.76,112.24,-107.36,126.88,122,195.2,185.44,-14.64,-19.52
82.96,-53.68,-136.64,-14.64,107.36,-97.6,136.64,122,190.32,190.32,0,-9.76
82.96,-48.8,-131.76,-14.64,107.36,-92.72,136.64,117.12,200.08,200.08,4.88,0
82.96,-43.92,-126.88,-19.52,102.48,-87.84,131.76,112.24,200.08,204.96,19.52,9.76
87.84,-39.04,-126.88,-24.4,107.36,-82.96,131.76,97.6,200.08,204.96,34.16,19.52
87.84,-43.92,-131.76,-19.52,107.36,-87.84,136.64,97.6,195.2,209.84,39.04,24.4
87.84,-43.92,-131.76,-19.52,107.36,-87.84,131.76,87.84,185.44,204.96,34.16,34.16
87.84,-48.8,-136.64,-19.52,112.24,-92.72,126.88,78.08,180.56,204.96,34.16,34.16
82.96,-53.68,-136.64,-14.64,107.36,-97.6,126.88,73.2,170.8,209.84,34.16,34.16
87.84,-39.04,-126.88,-24.4,107.36,-82.96,117.12,58.56,170.8,209.84,34.16,34.16
82.96,-43.92,-126.88,-19.52,102.48,-87.84,112.24,48.8,161.04,209.84,19.52,34.16
82.96,-43.92,-126.88,-19.52,102.48,-87.84,117.12,39.04,161.04,204.96,29.28,39.04
87.84,-39.04,-126.88,-24.4,107.36,-82.96,112.24,39.04,161.04,204.96,34.16,43.92
82.96,-39.04,-122,-19.52,102.48,-82.96,107.36,34.16,165.92,204.96,43.92,53.68
87.84,-29.28,-117.12,-29.28,102.48,-73.2,92.72,14.64,151.28,200.08,39.04,53.68
87.84,-14.64,-102.48,-34.16,92.72,-58.56,92.72,4.88,151.28,200.08,43.92,58.56
82.96,-14.64,-97.6,-34.16,87.84,-58.56,78.08,9.76,161.04,204.96,43.92,58.56
78.08,-14.64,-92.72,-29.28,82.96,-53.68,68.32,4.88,165.92,209.84,48.8,63.44
73.2,-14.64,-87.84,-29.28,78.08,-53.68,58.56,0,161.04,204.96,39.04,63.44
68.32,-19.52,-87.84,-24.4,78.08,-53.68,53.68,-4.88,156.16,204.96,39.04,58.56
73.2,-14.64,-87.84,-29.28,78.08,-53.68,43.92,-14.64,151.28,200.08,34.16,53.68
68.32,-24.4,-92.72,-19.52,78.08,-58.56,39.04,-29.28,136.64,185.44,53.68,53.68
63.44,-19.52,-82.96,-19.52,73.2,-53.68,34.16,-39.04,131.76,175.68,73.2,48.8
68.32,-14.64,-82.96,-24.4,73.2,-48.8,29.28,-43.92,126.88,170.8,63.44,43.92
68.32,-19.52,-87.84,-24.4,78.08,-53.68,29.28,-48.8,126.88,165.92,58.56,43.92
68.32,-14.64,-82.96,-24.4,73.2,-48.8,14.64,-53.68,126.88,156.16,58.56,43.92
68.32,-19.52,-87.84,-24.4,78.08,-53.68,4.88,-58.56,122,156.16,48.8,39.04
68.32,-29.28,-97.6,-19.52,82.96,-63.44,-9.76,-73.2,107.36,141.52,34.16,34.16
63.44,-34.16,-97.6,-14.64,78.08,-68.32,-14.64,-78.08,102.48,141.52,39.04,29.28
58.56,-34.16,-92.72,-9.76,73.2,-63.44,-24.4,-87.84,92.72,131.76,34.16,14.64
63.44,-29.28,-92.72,-14.64,78.08,-63.44,-34.16,-87.84,92.72,131.76,29.28,19.52
63.44,-29.28,-92.72,-14.64,78.08,-63.44,-39.04,-87.84,92.72,131.76,24.4,19.52
53.68,-34.16,-87.84,-9.76,68.32,-63.44,-48.8,-92.72,87.84,122,14.64,14.64
58.56,-29.28,-87.84,-14.64,73.2,-58.56,-53.68,-97.6,87.84,112.24,4.88,9.76
58.56,-29.28,-87.84,-14.64,73.2,-58.56,-63.44,-97.6,87.84,102.48,4.88,9.76
58.56,-39.04,-97.6,-9.76,78.08,-68.32,-73.2,-102.48,82.96,97.6,9.76,4.88
63.44,-34.16,-97.6,-14.64,78.08,-68.32,-78.08,-102.48,78.08,87.84,19.52,0
48.8,-43.92,-92.72,0,68.32,-68.32,-87.84,-102.48,73.2,82.96,14.64,-4.88
58.56,-43.92,-102.48,-4.88,78.08,-73.2,-92.72,-97.6,68.32,78.08,9.76,-9.76
63.44,-43.92,-107.36,-9.76,82.96,-78.08,-92.72,-102.48,68.32,78.08,9.76,-14.64
58.56,-53.68,-112.24,0,82.96,-82.96,-92.72,-92.72,68.32,68.32,0,-19.52
63.44,-58.56,-122,0,92.72,-92.72,-78.08,-87.84,73.2,78.08,0,-14.64
58.56,-63.44,-122,4.88,87.84,-92.72,-82.96,-92.72,68.32,73.2,-4.88,-19.52
58.56,-73.2,-131.76,9.76,92.72,-102.48,-87.84,-92.72,68.32,68.32,-4.88,-19.52
58.56,-73.2,-131.76,9.76,92.72,-102.48,-97.6,-97.6,68.32,63.44,-14.64,-19.52
58.56,-82.96,-141.52,14.64,97.6,-112.24,-92.72,-87.84,73.2,63.44,-14.64,-19.52
68.32,-78.08,-146.4,4.88,107.36,-112.24,-92.72,-82.96,78.08,63.44,-14.64,-24.4
63.44,-73.2,-136.64,4.88,97.6,-107.36,-97.6,-82.96,68.32,58.56,-19.52,-29.28
68.32,-73.2,-141.52,4.88,102.48,-107.36,-102.48,-87.84,58.56,48.8,-34.16,-39.04
78.08,-58.56,-136.64,-9.76,107.36,-97.6,-102.48,-82.96,63.44,43.92,-34.16,-39.04
78.08,-63.44,-141.52,-4.88,107.36,-102.48,-122,-87.84,63.44,39.04,-48.8,-48.8
73.2,-68.32,-141.52,0,107.36,-107.36,-122,-82.96,58.56,43.92,-43.92,-39.04
73.2,-73.2,-146.4,0,107.36,-112.24,-126.88,-82.96,58.56,39.04,-39.04,-39.04
68.32,-73.2,-141.52,4.88,102.48,-107.36,-122,-82.96,58.56,34.16,-48.8,-48.8
73.2,-73.2,-146.4,0,107.36,-112.24,-112.24,-73.2,68.32,39.04,-39.04,-39.04
78.08,-78.08,-156.16,0,117.12,-117.12,-112.24,-68.32,73.2,43.92,-34.16,-39.04
68.32,-78.08,-146.4,4.88,107.36,-112.24,-117.12,-68.32,82.96,43.92,-34.16,-43.92
78.08,-68.32,-146.4,-4.88,112.24,-107.36,-102.48,-58.56,87.84,53.68,-34.16,-39.04
82.96,-63.44,-146.4,-9.76,112.24,-107.36,-102.48,-63.44,87.84,48.8,-43.92,-43.92
92.72,-53.68,-146.4,-19.52,117.12,-102.48,-102.48,-58.56,92.72,53.68,-43.92,-53.68
92.72,-53.68,-146.4,-19.52,117.12,-102.48,-102.48,-39.04,97.6,58.56,-39.04,-58.56
87.84,-63.44,-151.28,-9.76,117.12,-107.36,-97.6,-34.16,97.6,58.56,-43.92,-53.68
92.72,-63.44,-156.16,-14.64,122,-112.24,-92.72,-29.28,102.48,63.44,-43.92,-53.68
87.84,-68.32,-156.16,-9.76,122,-112.24,-92.72,-29.28,102.48,58.56,-39.04,-53.68
78.08,-73.2,-151.28,0,112.24,-112.24,-87.84,-19.52,112.24,63.44,-39.04,-53.68
78.08,-68.32,-146.4,-4.88,112.24,-107.36,-82.96,-24.4,112.24,63.44,-29.28,-58.56
73.2,-73.2,-146.4,0,107.36,-112.24,-82.96,-29.28,112.24,58.56,-34.16,-58.56
68.32,-73.2,-141.52,4.88,102.48,-107.36,-78.08,-34.16,107.36,58.56,-39.04,-58.56
68.32,-58.56,-126.88,-4.88,97.6,-92.72,-68.32,-29.28,112.24,63.44,-34.16,-58.56
73.2,-53.68,-126.88,-9.76,97.6,-92.72,-68.32,-29.28,117.12,58.56,-29.28,-58.56
73.2,-53.68,-126.88,-9.76,97.6,-92.72,-63.44,-29.28,117.12,58.56,-29.28,-53.68
63.44,-58.56,-122,0,92.72,-92.72,-53.68,-29.28,117.12,63.44,-34.16,-53.68
63.44,-58.56,-122,0,92.72,-92.72,-43.92,-29.28,122,58.56,-39.04,-58.56
63.44,-58.56,-122,0,92.72,-92.72,-29.28,-24.4,126.88,63.44,-34.16,-53.68
58.56,-63.44,-122,4.88,87.84,-92.72,-34.16,-29.28,126.88,58.56,-39.04,-58.56
58.56,-58.56,-117.12,0,87.84,-87.84,-29.28,-29.28,126.88,63.44,-34.16,-58.56
58.56,-53.68,-112.24,0,82.96,-82.96,-29.28,-29.28,131.76,63.44,-34.16,-63.44
53.68,-53.68,-107.36,0,78.08,-82.96,-34.16,-34.16,122,58.56,-43.92,-63.44
58.56,-39.04,-97.6,-9.76,78.08,-68.32,-34.16,-39.04,112.24,58.56,-39.04,-58.56
58.56,-29.28,-87.84,-14.64,73.2,-58.56,-39.04,-43.92,107.36,48.8,-43.92,-63.44
58.56,-29.28,-87.84,-14.64,73.2,-58.56,-34.16,-39.04,107.36,48.8,-48.8,-63.44
63.44,-29.28,-92.72,-14.64,78.08,-63.44,-24.4,-39.04,102.48,53.68,-39.04,-58.56
53.68,-34.16,-87.84,-9.76,68.32,-63.44,-24.4,-43.92,102.48,43.92,-48.8,-68.32
58.56,-34.16,-92.72,-9.76,73.2,-63.44,-19.52,-48.8,92.72,34.16,-58.56,-73.2
53.68,-34.16,-87.84,-9.76,68.32,-63.44,-9.76,-48.8,87.84,34.16,-58.56,-73.2
34.16,-39.04,-73.2,4.88,53.68,-58.56,-4.88,-58.56,87.84,34.16,-63.44,-73.2
24.4,-34.16,-58.56,4.88,39.04,-48.8,9.76,-58.56,92.72,34.16,-63.44,-68.32
19.52,-39.04,-58.56,9.76,39.04,-48.8,19.52,-63.44,78.08,19.52,-73.2,-68.32
9.76,-39.04,-48.8,14.64,29.28,-43.92,29.28,-63.44,78.08,19.52,-73.2,-73.2
19.52,-29.28,-48.8,4.88,34.16,-39.04,43.92,-68.32,73.2,14.64,-73.2,-78.08
19.52,-39.04,-58.56,9.76,39.04,-48.8,34.16,-82.96,63.44,9.76,-73.2,-73.2
14.64,-39.04,-53.68,14.64,34.16,-48.8,24.4,-78.08,63.44,24.4,-58.56,-68.32
19.52,-39.04,-58.56,9.76,39.04,-48.8,24.4,-78.08,68.32,24.4,-63.44,-68.32
14.64,-43.92,-58.56,14.64,34.16,-53.68,24.4,-78.08,68.32,24.4,-63.44,-68.32
19.52,-43.92,-63.44,14.64,39.04,-53.68,24.4,-78.08,73.2,24.4,-63.44,-68.32
9.76,-39.04,-48.8,14.64,29.28,-43.92,29.28,-78.08,73.2,24.4,-68.32,-68.32
4.88,-39.04,-43.92,19.52,24.4,-43.92,19.52,-73.2,78.08,24.4,-63.44,-68.32
9.76,-43.92,-53.68,19.52,29.28,-48.8,9.76,-73.2,78.08,34.16,-63.44,-63.44
0,-48.8,-48.8,24.4,24.4,-48.8,14.64,-63.44,78.08,29.28,-68.32,-63.44
0,-43.92,-43.92,24.4,19.52,-43.92,4.88,-68.32,68.32,14.64,-82.96,-78.08
0,-48.8,-48.8,24.4,24.4,-48.8,-4.88,-68.32,58.56,14.64,-82.96,-78.08
-4.88,-63.44,-58.56,34.16,24.4,-63.44,-4.88,-68.32,48.8,9.76,-87.84,-82.96
-4.88,-63.44,-58.56,34.16,24.4,-63.44,-4.88,-68.32,53.68,9.76,-87.84,-78.08
-4.88,-73.2,-68.32,39.04,29.28,-73.2,-14.64,-78.08,43.92,4.88,-92.72,-73.2
0,-73.2,-73.2,39.04,34.16,-73.2,-19.52,-78.08,39.04,4.88,-92.72,-73.2
0,-63.44,-63.44,34.16,29.28,-63.44,-19.52,-78.08,39.04,0,-87.84,-68.32
0,-68.32,-68.32,34.16,34.16,-68.32,-29.28,-78.08,34.16,0,-87.84,-78.08
0,-68.32,-68.32,34.16,34.16,-68.32,-29.28,-82.96,29.28,0,-92.72,-78.08
0,-63.44,-63.44,34.16,29.28,-63.44,-29.28,-87.84,24.4,0,-97.6,-78.08
-4.88,-63.44,-58.56,34.16,24.4,-63.44,-34.16,-82.96,19.52,-4.88,-97.6,-82.96
0,-68.32,-68.32,34.16,34.16,-68.32,-39.04,-78.08,19.52,-4.88,-97.6,-78.08
-4.88,-73.2,-68.32,39.04,29.28,-73.2,-48.8,-73.2,19.52,-4.88,-102.48,-82.96
0,-73.2,-73.2,39.04,34.16,-73.2,-48.8,-73.2,19.52,0,-97.6,-82.96
4.88,-68.32,-73.2,34.16,39.04,-73.2,-43.92,-63.44,19.52,0,-97.6,-82.96
4.88,-78.08,-82.96,39.04,43.92,-82.96,-53.68,-58.56,19.52,0,-97.6,-73.2
9.76,-78.08,-87.84,34.16,48.8,-82.96,-48.8,-43.92,29.28,4.88,-87.84,-68.32
9.76,-82.96,-92.72,39.04,48.8,-87.84,-48.8,-43.92,24.4,-9.76,-102.48,-78.08
14.64,-92.72,-107.36,39.04,58.56,-102.48,-53.68,-43.92,14.64,-24.4,-112.24,-87.84
19.52,-97.6,-117.12,39.04,68.32,-107.36,-43.92,-24.4,24.4,-29.28,-122,-87.84
24.4,-112.24,-136.64,43.92,78.08,-126.88,-43.92,-4.88,43.92,-14.64,-107.36,-78.08
29.28,-126.88,-156.16,48.8,92.72,-141.52,-43.92,24.4,82.96,29.28,-73.2,-63.44
29.28,-117.12,-146.4,43.92,87.84,-131.76,-19.52,63.44,161.04,126.88,0,-24.4
29.28,-122,-151.28,48.8,87.84,-136.64,0,112.24,273.28,253.76,107.36,39.04
43.92,-117.12,-161.04,39.04,102.48,-141.52,19.52,161.04,375.76,390.4,234.24,126.88
68.32,-117.12,-185.44,24.4,126.88,-151.28,9.76,185.44,434.32,497.76,375.76,239.12
78.08,-102.48,-180.56,14.64,126.88,-141.52,-9.76,190.32,448.96,585.6,541.68,405.04
112.24,-68.32,-180.56,-19.52,146.4,-126.88,-39.04,185.44,453.84,688.08,746.64,619.76
156.16,-48.8,-204.96,-53.68,180.56,-126.88,-78.08,200.08,463.6,805.2,985.76,873.52
209.84,-24.4,-234.24,-92.72,219.6,-131.76,-122,190.32,444.08,873.52,1180.96,1122.4
258.64,34.16,-224.48,-146.4,239.12,-97.6,-180.56,146.4,405.04,936.96,1376.16,1381.04
302.56,107.36,-195.2,-204.96,248.88,-43.92,-258.64,82.96,351.36,1029.68,1610.4,1664.08
341.6,195.2,-146.4,-268.4,244,24.4,-331.84,39.04,361.12,1176.08,1849.52,1912.96
361.12,268.4,-92.72,-312.32,224.48,87.84,-370.88,14.64,385.52,1307.84,2074,2132.56
375.76,361.12,-14.64,-366,195.2,170.8,-419.68,-39.04,380.64,1424.96,2283.84,2337.52
395.28,414.8,19.52,-405.04,185.44,214.72,-458.72,-78.08,356.24,1473.76,2425.36,2503.44
409.92,424.56,14.64,-414.8,195.2,219.6,-473.36,-82.96,356.24,1517.68,2493.68,2586.4
405.04,444.08,39.04,-424.56,180.56,239.12,-458.72,-78.08,370.88,1576.24,2547.36,2615.68
400.16,463.6,63.44,-429.44,165.92,263.52,-453.84,-82.96,370.88,1605.52,2552.24,2581.52
366,448.96,82.96,-405.04,141.52,263.52,-414.8,-63.44,429.44,1639.68,2479.04,2444.88
326.96,434.32,107.36,-380.64,107.36,268.4,-356.24,-48.8,488,1649.44,2352.16,2220.4
268.4,419.68,151.28,-341.6,58.56,283.04,-297.68,-53.68,512.4,1644.56,2171.6,1893.44
200.08,370.88,170.8,-283.04,14.64,268.4,-209.84,-4.88,614.88,1712.88,1976.4,1434.72
136.64,292.8,156.16,-214.72,-9.76,224.48,-92.72,87.84,795.44,1737.28,1703.12,917.44
58.56,209.84,151.28,-131.76,-48.8,180.56,19.52,161.04,922.32,1581.12,1215.12,341.6
-29.28,165.92,195.2,-68.32,-112.24,180.56,131.76,195.2,1005.28,1263.92,585.6,-253.76
-73.2,141.52,214.72,-34.16,-146.4,175.68,204.96,200.08,1024.8,932.08,151.28,-585.6
-117.12,122,239.12,0,-180.56,180.56,244,190.32,1000.4,536.8,-175.68,-717.36
-146.4,107.36,253.76,19.52,-200.08,180.56,297.68,204.96,990.64,146.4,-502.64,-800.32
-165.92,68.32,234.24,48.8,-200.08,151.28,346.48,239.12,1024.8,-68.32,-712.48,-844.24
-165.92,14.64,180.56,78.08,-175.68,97.6,390.4,283.04,990.64,-219.6,-854,-854
-165.92,-39.04,126.88,102.48,-146.4,43.92,414.8,302.56,907.68,-322.08,-888.16,-854
-175.68,-92.72,82.96,136.64,-131.76,-4.88,458.72,351.36,854,-390.4,-893.04,-863.76
-185.44,-131.76,53.68,161.04,-122,-39.04,502.64,390.4,761.28,-497.76,-917.44,-868.64
-185.44,-161.04,24.4,175.68,-107.36,-68.32,531.92,409.92,692.96,-580.72,-936.96,-863.76
-195.2,-195.2,0,195.2,-97.6,-97.6,570.96,434.32,673.44,-634.4,-956.48,-883.28
-200.08,-214.72,-14.64,209.84,-92.72,-117.12,610,434.32,624.64,-688.08,-985.76,-897.92
-214.72,-248.88,-34.16,234.24,-92.72,-141.52,663.68,434.32,570.96,-727.12,-1000.4,-907.68
-214.72,-258.64,-43.92,239.12,-87.84,-151.28,683.2,434.32,507.52,-766.16,-1005.28,-912.56
-219.6,-263.52,-43.92,244,-87.84,-156.16,707.6,434.32,434.32,-800.32,-1000.4,-902.8
-224.48,-278.16,-53.68,253.76,-87.84,-165.92,741.76,473.36,424.56,-805.2,-1000.4,-883.28
-229.36,-307.44,-78.08,268.4,-78.08,-195.2,785.68,512.4,434.32,-810.08,-990.64,-873.52
-229.36,-317.2,-87.84,273.28,-73.2,-204.96,819.84,497.76,375.76,-829.6,-985.76,-863.76
-239.12,-326.96,-87.84,283.04,-78.08,-209.84,858.88,512.4,351.36,-829.6,-966.24,-849.12
-239.12,-326.96,-87.84,283.04,-78.08,-209.84,917.44,570.96,409.92,-814.96,-946.72,-844.24
-244,-341.6,-97.6,292.8,-73.2,-219.6,961.36,605.12,468.48,-790.56,-927.2,-829.6
-239.12,-331.84,-92.72,287.92,-73.2,-214.72,971.12,653.92,536.8,-751.52,-883.28,-800.32
-224.48,-312.32,-87.84,268.4,-68.32,-200.08,985.76,702.72,605.12,-697.84,-844.24,-761.28
-214.72,-297.68,-82.96,258.64,-68.32,-190.32,985.76,756.4,678.32,-649.04,-800.32,-722.24
-200.08,-273.28,-73.2,239.12,-63.44,-175.68,966.24,780.8,653.92,-600.24,-741.76,-673.44
-190.32,-239.12,-48.8,214.72,-73.2,-146.4,932.08,741.76,488,-585.6,-702.72,-639.28
-190.32,-219.6,-29.28,204.96,-82.96,-126.88,893.04,668.56,297.68,-575.84,-663.68,-595.36
-180.56,-180.56,0,180.56,-92.72,-92.72,854,605.12,200.08,-556.32,-629.52,-561.2
-170.8,-151.28,19.52,161.04,-97.6,-68.32,810.08,551.44,126.88,-527.04,-590.48,-531.92
-165.92,-126.88,39.04,146.4,-102.48,-43.92,766.16,507.52,53.68,-512.4,-575.84,-502.64
-170.8,-102.48,68.32,136.64,-122,-19.52,736.88,448.96,-39.04,-507.52,-570.96,-502.64
-175.68,-82.96,92.72,131.76,-136.64,4.88,663.68,375.76,-136.64,-507.52,-566.08,-483.12
-161.04,-63.44,97.6,112.24,-131.76,14.64,590.48,312.32,-234.24,-512.4,-551.44,-458.72
-151.28,-58.56,92.72,107.36,-122,14.64,541.68,253.76,-302.56,-512.4,-546.56,-453.84
-151.28,-58.56,92.72,107.36,-122,14.64,497.76,200.08,-346.48,-512.4,-536.8,-439.2
-141.52,-48.8,92.72,97.6,-117.12,19.52,458.72,151.28,-370.88,-502.64,-512.4,-424.56
-141.52,-53.68,87.84,97.6,-117.12,14.64,419.68,78.08,-400.16,-492.88,-497.76,-409.92
-136.64,-58.56,78.08,97.6,-107.36,9.76,390.4,29.28,-424.56,-478.24,-478.24,-390.4
-131.76,-58.56,73.2,97.6,-102.48,4.88,361.12,-14.64,-434.32,-458.72,-458.72,-370.88
-122,-68.32,53.68,97.6,-87.84,-9.76,322.08,-58.56,-448.96,-453.84,-448.96,-361.12
-107.36,-73.2,34.16,92.72,-73.2,-19.52,278.16,-92.72,-468.48,-439.2,-429.44,-346.48
-102.48,-73.2,29.28,87.84,-68.32,-24.4,248.88,-131.76,-473.36,-419.68,-409.92,-331.84
-97.6,-78.08,19.52,87.84,-58.56,-29.28,200.08,-161.04,-468.48,-400.16,-380.64,-317.2
-78.08,-78.08,0,78.08,-39.04,-39.04,165.92,-180.56,-453.84,-375.76,-356.24,-297.68
-63.44,-78.08,-14.64,73.2,-24.4,-48.8,131.76,-195.2,-424.56,-346.48,-331.84,-268.4
-58.56,-78.08,-19.52,68.32,-19.52,-48.8,102.48,-195.2,-400.16,-322.08,-302.56,-248.88
-43.92,-82.96,-39.04,63.44,-4.88,-63.44,87.84,-195.2,-370.88,-292.8,-283.04,-224.48
-43.92,-97.6,-53.68,73.2,4.88,-78.08,73.2,-185.44,-351.36,-273.28,-258.64,-209.84
-29.28,-97.6,-68.32,63.44,19.52,-82.96,63.44,-180.56,-326.96,-248.88,-239.12,-195.2
-19.52,-97.6,-78.08,58.56,29.28,-87.84,53.68,-165.92,-312.32,-224.48,-219.6,-175.68
-14.64,-117.12,-102.48,68.32,43.92,-112.24,43.92,-146.4,-297.68,-214.72,-214.72,-175.68
0,-112.24,-112.24,58.56,53.68,-112.24,48.8,-131.76,-278.16,-195.2,-195.2,-161.04
4.88,-117.12,-122,58.56,63.44,-122,53.68,-102.48,-263.52,-175.68,-180.56,-141.52
19.52,-117.12,-136.64,48.8,78.08,-126.88,48.8,-97.6,-263.52,-170.8,-170.8,-141.52
24.4,-117.12,-141.52,48.8,82.96,-131.76,53.68,-92.72,-253.76,-165.92,-165.92,-126.88
19.52,-122,-141.52,53.68,78.08,-131.76,43.92,-82.96,-253.76,-175.68,-165.92,-131.76
24.4,-122,-146.4,48.8,82.96,-136.64,48.8,-73.2,-253.76,-165.92,-151.28,-122
19.52,-122,-141.52,53.68,78.08,-131.76,48.8,-73.2,-258.64,-180.56,-156.16,-122
19.52,-117.12,-136.64,48.8,78.08,-126.88,58.56,-63.44,-263.52,-175.68,-156.16,-122
29.28,-112.24,-141.52,43.92,82.96,-126.88,68.32,-53.68,-268.4,-175.68,-151.28,-126.88
24.4,-122,-146.4,48.8,82.96,-136.64,73.2,-43.92,-268.4,-170.8,-146.4,-126.88
19.52,-126.88,-146.4,53.68,82.96,-136.64,78.08,-43.92,-273.28,-170.8,-146.4,-126.88
24.4,-126.88,-151.28,53.68,87.84,-141.52,87.84,-34.16,-273.28,-165.92,-136.64,-122
34.16,-126.88,-161.04,48.8,97.6,-146.4,87.84,-24.4,-283.04,-170.8,-141.52,-122
39.04,-122,-161.04,43.92,97.6,-141.52,102.48,-14.64,-273.28,-170.8,-122,-102.48
34.16,-117.12,-151.28,43.92,92.72,-136.64,102.48,-14.64,-283.04,-175.68,-117.12,-102.48
39.04,-117.12,-156.16,39.04,97.6,-136.64,102.48,-9.76,-283.04,-175.68,-112.24,-102.48
43.92,-107.36,-151.28,34.16,97.6,-131.76,112.24,-9.76,-287.92,-161.04,-92.72,-82.96
39.04,-102.48,-141.52,34.16,87.84,-122,102.48,-9.76,-302.56,-165.92,-82.96,-73.2
39.04,-97.6,-136.64,29.28,87.84,-117.12,102.48,-14.64,-322.08,-165.92,-87.84,-68.32
34.16,-97.6,-131.76,34.16,82.96,-117.12,107.36,-9.76,-326.96,-161.04,-73.2,-58.56
29.28,-92.72,-122,34.16,73.2,-107.36,97.6,-24.4,-356.24,-165.92,-73.2,-58.56
34.16,-82.96,-117.12,24.4,73.2,-102.48,97.6,-24.4,-370.88,-175.68,-58.56,-48.8
39.04,-82.96,-122,24.4,78.08,-102.48,97.6,-24.4,-385.52,-175.68,-34.16,-34.16
48.8,-78.08,-126.88,14.64,87.84,-102.48,92.72,-29.28,-405.04,-170.8,-9.76,-4.88
63.44,-63.44,-126.88,0,92.72,-97.6,87.84,-29.28,-424.56,-170.8,9.76,9.76
58.56,-68.32,-126.88,4.88,92.72,-97.6,87.84,-34.16,-444.08,-175.68,29.28,29.28
63.44,-63.44,-126.88,0,92.72,-97.6,87.84,-39.04,-458.72,-165.92,58.56,58.56
63.44,-53.68,-117.12,-4.88,87.84,-87.84,82.96,-43.92,-478.24,-161.04,73.2,73.2
63.44,-53.68,-117.12,-4.88,87.84,-87.84,78.08,-58.56,-507.52,-165.92,87.84,87.84
63.44,-43.92,-107.36,-9.76,82.96,-78.08,78.08,-73.2,-536.8,-165.92,97.6,97.6
58.56,-39.04,-97.6,-9.76,78.08,-68.32,73.2,-82.96,-570.96,-161.04,102.48,102.48
63.44,-29.28,-92.72,-14.64,78.08,-63.44,63.44,-92.72,-590.48,-161.04,117.12,117.12
78.08,-14.64,-92.72,-29.28,82.96,-53.68,53.68,-102.48,-605.12,-161.04,131.76,131.76
73.2,-4.88,-78.08,-34.16,73.2,-43.92,48.8,-117.12,-629.52,-156.16,141.52,146.4
78.08,9.76,-68.32,-43.92,73.2,-29.28,39.04,-131.76,-639.28,-156.16,146.4,151.28
87.84,24.4,-63.44,-53.68,73.2,-19.52,43.92,-136.64,-658.8,-156.16,156.16,161.04
87.84,34.16,-53.68,-58.56,68.32,-9.76,34.16,-156.16,-668.56,-156.16,156.16,170.8
97.6,48.8,-48.8,-73.2,73.2,0,34.16,-161.04,-673.44,-146.4,175.68,185.44
97.6,58.56,-39.04,-78.08,68.32,9.76,24.4,-175.68,-683.2,-146.4,180.56,185.44
92.72,78.08,-14.64,-82.96,53.68,29.28,24.4,-185.44,-688.08,-136.64,185.44,195.2
92.72,92.72,0,-92.72,43.92,43.92,29.28,-185.44,-683.2,-117.12,195.2,200.08
87.84,97.6,9.76,-92.72,39.04,53.68,34.16,-190.32,-678.32,-112.24,195.2,204.96
97.6,107.36,9.76,-102.48,43.92,58.56,43.92,-190.32,-673.44,-102.48,195.2,204.96
92.72,117.12,24.4,-102.48,34.16,68.32,48.8,-195.2,-658.8,-102.48,195.2,204.96
92.72,117.12,24.4,-102.48,34.16,68.32,34.16,-204.96,-663.68,-102.48,185.44,200.08
97.6,117.12,19.52,-107.36,39.04,68.32,48.8,-195.2,-639.28,-78.08,200.08,209.84
97.6,117.12,19.52,-107.36,39.04,68.32,53.68,-190.32,-624.64,-63.44,204.96,209.84
97.6,122,24.4,-107.36,34.16,73.2,53.68,-190.32,-610,-58.56,209.84,214.72
102.48,131.76,29.28,-117.12,34.16,78.08,63.44,-170.8,-590.48,-53.68,204.96,204.96
92.72,122,29.28,-107.36,29.28,73.2,78.08,-156.16,-556.32,-34.16,204.96,204.96
92.72,126.88,34.16,-107.36,29.28,78.08,82.96,-151.28,-536.8,-24.4,190.32,195.2
97.6,126.88,29.28,-112.24,34.16,78.08,97.6,-141.52,-512.4,-19.52,185.44,195.2
92.72,122,29.28,-107.36,29.28,73.2,112.24,-126.88,-483.12,-9.76,200.08,195.2
92.72,122,29.28,-107.36,29.28,73.2,131.76,-107.36,-444.08,9.76,200.08,195.2
87.84,126.88,39.04,-107.36,24.4,82.96,151.28,-87.84,-400.16,19.52,195.2,190.32
87.84,126.88,39.04,-107.36,24.4,82.96,165.92,-63.44,-361.12,34.16,195.2,185.44
87.84,131.76,43.92,-107.36,19.52,87.84,180.56,-34.16,-331.84,43.92,190.32,180.56
82.96,131.76,48.8,-107.36,14.64,87.84,185.44,-24.4,-302.56,43.92,175.68,161.04
87.84,136.64,48.8,-112.24,19.52,92.72,200.08,-14.64,-283.04,58.56,170.8,151.28
78.08,131.76,53.68,-102.48,9.76,92.72,209.84,-4.88,-268.4,58.56,161.04,141.52
68.32,117.12,48.8,-92.72,9.76,82.96,214.72,0,-258.64,53.68,136.64,122
68.32,122,53.68,-92.72,4.88,87.84,244,4.88,-253.76,34.16,126.88,107.36
68.32,117.12,48.8,-92.72,9.76,82.96,253.76,14.64,-234.24,34.16,112.24,87.84
68.32,122,53.68,-92.72,4.88,87.84,258.64,14.64,-224.48,29.28,97.6,82.96
63.44,122,58.56,-92.72,0,87.84,268.4,34.16,-200.08,34.16,102.48,78.08
63.44,107.36,43.92,-82.96,9.76,73.2,278.16,43.92,-185.44,29.28,92.72,73.2
73.2,112.24,39.04,-92.72,14.64,73.2,292.8,53.68,-175.68,34.16,82.96,63.44
68.32,107.36,39.04,-87.84,14.64,73.2,307.44,73.2,-170.8,34.16,78.08,53.68
53.68,92.72,39.04,-73.2,4.88,63.44,326.96,82.96,-161.04,34.16,68.32,43.92
63.44,87.84,24.4,-73.2,19.52,53.68,341.6,92.72,-156.16,34.16,53.68,29.28
58.56,82.96,24.4,-68.32,14.64,53.68,351.36,112.24,-146.4,34.16,43.92,19.52
63.44,82.96,19.52,-73.2,19.52,48.8,361.12,126.88,-136.64,39.04,43.92,14.64
63.44,78.08,14.64,-68.32,24.4,43.92,375.76,146.4,-122,43.92,39.04,9.76
68.32,68.32,0,-68.32,34.16,34.16,380.64,151.28,-117.12,39.04,29.28,0
73.2,68.32,-4.88,-68.32,39.04,29.28,380.64,170.8,-102.48,43.92,29.28,0
73.2,53.68,-19.52,-63.44,43.92,14.64,390.4,180.56,-87.84,43.92,29.28,-4.88
73.2,48.8,-24.4,-58.56,48.8,9.76,390.4,204.96,-73.2,48.8,24.4,-14.64
78.08,43.92,-34.16,-58.56,53.68,4.88,390.4,224.48,-58.56,58.56,24.4,-19.52
73.2,34.16,-39.04,-53.68,53.68,-4.88,395.28,234.24,-53.68,53.68,19.52,-24.4
73.2,24.4,-48.8,-48.8,58.56,-14.64,419.68,258.64,-34.16,63.44,19.52,-29.28
78.08,19.52,-58.56,-48.8,68.32,-19.52,434.32,268.4,-29.28,63.44,9.76,-39.04
73.2,4.88,-68.32,-39.04,68.32,-34.16,444.08,278.16,-24.4,58.56,0,-48.8
78.08,9.76,-68.32,-43.92,73.2,-29.28,468.48,287.92,-14.64,58.56,0,-48.8
78.08,4.88,-73.2,-39.04,73.2,-34.16,478.24,297.68,-9.76,53.68,-9.76,-58.56
73.2,0,-73.2,-34.16,73.2,-39.04,488,302.56,-9.76,43.92,-19.52,-73.2
78.08,0,-78.08,-39.04,78.08,-39.04,507.52,322.08,4.88,53.68,-14.64,-73.2
68.32,-14.64,-82.96,-24.4,73.2,-48.8,522.16,331.84,19.52,53.68,-29.28,-82.96
63.44,-24.4,-87.84,-19.52,73.2,-58.56,541.68,346.48,29.28,58.56,-39.04,-92.72
58.56,-34.16,-92.72,-9.76,73.2,-63.44,551.44,361.12,34.16,63.44,-48.8,-102.48
48.8,-43.92,-92.72,0,68.32,-68.32,570.96,366,43.92,58.56,-48.8,-112.24
48.8,-43.92,-92.72,0,68.32,-68.32,580.72,370.88,43.92,48.8,-53.68,-122
48.8,-39.04,-87.84,-4.88,68.32,-63.44,590.48,375.76,39.04,43.92,-63.44,-136.64
48.8,-34.16,-82.96,-4.88,63.44,-58.56,605.12,380.64,58.56,43.92,-63.44,-136.64
53.68,-29.28,-82.96,-9.76,68.32,-58.56,624.64,385.52,63.44,43.92,-63.44,-141.52
48.8,-34.16,-82.96,-4.88,63.44,-58.56,629.52,409.92,63.44,39.04,-68.32,-146.4
48.8,-39.04,-87.84,-4.88,68.32,-63.44,644.16,414.8,73.2,39.04,-68.32,-156.16
48.8,-39.04,-87.84,-4.88,68.32,-63.44,658.8,424.56,87.84,48.8,-68.32,-151.28
48.8,-43.92,-92.72,0,68.32,-68.32,663.68,434.32,92.72,43.92,-68.32,-151.28
53.68,-48.8,-102.48,0,78.08,-78.08,673.44,439.2,92.72,48.8,-68.32,-156.16
43.92,-53.68,-97.6,4.88,68.32,-78.08,683.2,444.08,97.6,48.8,-63.44,-161.04
43.92,-58.56,-102.48,9.76,73.2,-82.96,678.32,453.84,97.6,48.8,-63.44,-170.8
43.92,-63.44,-107.36,9.76,73.2,-87.84,692.96,453.84,97.6,53.68,-63.44,-170.8
39.04,-78.08,-117.12,19.52,78.08,-97.6,697.84,463.6,102.48,53.68,-63.44,-165.92
34.16,-78.08,-112.24,24.4,73.2,-97.6,702.72,463.6,107.36,58.56,-58.56,-165.92
43.92,-73.2,-117.12,14.64,78.08,-97.6,712.48,468.48,107.36,58.56,-53.68,-161.04
43.92,-78.08,-122,19.52,82.96,-102.48,732,483.12,107.36,68.32,-39.04,-151.28
53.68,-68.32,-122,9.76,87.84,-97.6,741.76,478.24,117.12,73.2,-34.16,-146.4
53.68,-63.44,-117.12,4.88,82.96,-92.72,751.52,478.24,112.24,68.32,-29.28,-146.4
53.68,-58.56,-112.24,4.88,82.96,-87.84,751.52,478.24,102.48,78.08,-29.28,-141.52
53.68,-48.8,-102.48,0,78.08,-78.08,756.4,463.6,92.72,78.08,-29.28,-141.52
53.68,-48.8,-102.48,0,78.08,-78.08,751.52,453.84,82.96,78.08,-29.28,-141.52
58.56,-48.8,-107.36,-4.88,82.96,-78.08,761.28,448.96,73.2,78.08,-19.52,-136.64
58.56,-43.92,-102.48,-4.88,78.08,-73.2,766.16,439.2,78.08,87.84,-14.64,-122
58.56,-34.16,-92.72,-9.76,73.2,-63.44,771.04,429.44,73.2,87.84,-9.76,-117.12
63.44,-24.4,-87.84,-19.52,73.2,-58.56,780.8,424.56,73.2,92.72,0,-102.48
63.44,-14.64,-78.08,-24.4,68.32,-48.8,785.68,424.56,73.2,107.36,19.52,-87.84
73.2,0,-73.2,-34.16,73.2,-39.04,785.68,419.68,73.2,112.24,29.28,-82.96
73.2,14.64,-58.56,-43.92,63.44,-24.4,785.68,419.68,63.44,117.12,39.04,-73.2
68.32,14.64,-53.68,-39.04,58.56,-19.52,790.56,419.68,63.44,122,48.8,-73.2
73.2,29.28,-43.92,-48.8,58.56,-9.76,790.56,405.04,58.56,126.88,58.56,-63.44
73.2,39.04,-34.16,-53.68,53.68,0,785.68,390.4,53.68,136.64,58.56,-58.56
68.32,43.92,-24.4,-53.68,43.92,9.76,785.68,375.76,43.92,136.64,63.44,-58.56
68.32,53.68,-14.64,-58.56,39.04,19.52,795.44,390.4,58.56,141.52,68.32,-53.68
68.32,63.44,-4.88,-63.44,34.16,29.28,790.56,380.64,48.8,136.64,63.44,-58.56
78.08,82.96,4.88,-78.08,34.16,43.92,790.56,375.76,48.8,131.76,58.56,-58.56
87.84,92.72,4.88,-87.84,39.04,48.8,795.44,380.64,58.56,146.4,78.08,-39.04
92.72,102.48,9.76,-97.6,39.04,53.68,795.44,375.76,58.56,141.52,73.2,-39.04
87.84,117.12,29.28,-102.48,29.28,73.2,805.2,375.76,63.44,146.4,87.84,-34.16
82.96,122,39.04,-102.48,19.52,78.08,810.08,361.12,58.56,141.52,82.96,-34.16
78.08,117.12,39.04,-97.6,19.52,78.08,814.96,356.24,43.92,136.64,68.32,-43.92
73.2,117.12,43.92,-92.72,14.64,78.08,824.72,366,43.92,141.52,73.2,-39.04
78.08,107.36,29.28,-92.72,24.4,68.32,824.72,370.88,43.92,141.52,78.08,-39.04
78.08,97.6,19.52,-87.84,29.28,58.56,834.48,375.76,58.56,141.52,73.2,-39.04
78.08,97.6,19.52,-87.84,29.28,58.56,824.72,370.88,48.8,136.64,73.2,-39.04
68.32,92.72,24.4,-78.08,19.52,58.56,810.08,361.12,48.8,131.76,73.2,-43.92
73.2,102.48,29.28,-87.84,19.52,63.44,814.96,351.36,43.92,117.12,68.32,-53.68
73.2,102.48,29.28,-87.84,19.52,63.44,810.08,346.48,34.16,112.24,58.56,-58.56
68.32,92.72,24.4,-78.08,19.52,58.56,805.2,341.6,29.28,102.48,53.68,-63.44
73.2,92.72,19.52,-82.96,24.4,53.68,805.2,336.72,34.16,112.24,58.56,-63.44
73.2,87.84,14.64,-78.08,29.28,48.8,795.44,331.84,34.16,117.12,53.68,-63.44
73.2,87.84,14.64,-78.08,29.28,48.8,790.56,331.84,24.4,107.36,48.8,-68.32
78.08,92.72,14.64,-82.96,29.28,53.68,785.68,322.08,14.64,102.48,48.8,-68.32
82.96,82.96,0,-82.96,39.04,39.04,775.92,312.32,9.76,97.6,43.92,-73.2
92.72,82.96,-9.76,-87.84,48.8,34.16,766.16,307.44,9.76,97.6,43.92,-53.68
87.84,73.2,-14.64,-78.08,48.8,29.28,761.28,307.44,0,87.84,34.16,-48.8
87.84,68.32,-19.52,-78.08,53.68,24.4,766.16,307.44,0,82.96,34.16,-48.8
82.96,63.44,-19.52,-73.2,48.8,19.52,761.28,302.56,0,82.96,34.16,-53.68
82.96,58.56,-24.4,-68.32,53.68,14.64,751.52,302.56,-4.88,102.48,34.16,-48.8
78.08,43.92,-34.16,-58.56,53.68,4.88,746.64,297.68,0,126.88,34.16,-58.56
78.08,29.28,-48.8,-53.68,63.44,-9.76,741.76,297.68,0,126.88,34.16,-58.56
73.2,19.52,-53.68,-43.92,63.44,-19.52,727.12,292.8,-4.88,117.12,19.52,-58.56
73.2,4.88,-68.32,-39.04,68.32,-34.16,722.24,292.8,-9.76,117.12,24.4,-58.56
73.2,-4.88,-78.08,-34.16,73.2,-43.92,697.84,292.8,-4.88,117.12,24.4,-53.68
82.96,-4.88,-87.84,-39.04,82.96,-48.8,673.44,283.04,-14.64,107.36,19.52,-53.68
87.84,-4.88,-92.72,-39.04,87.84,-48.8,663.68,283.04,-14.64,107.36,24.4,-43.92
78.08,-9.76,-87.84,-34.16,82.96,-48.8,663.68,273.28,-14.64,107.36,24.4,-43.92
82.96,-4.88,-87.84,-39.04,82.96,-48.8,653.92,278.16,-14.64,107.36,19.52,-39.04
87.84,-4.88,-92.72,-39.04,87.84,-48.8,639.28,283.04,-19.52,107.36,19.52,-43.92
82.96,0,-82.96,-39.04,82.96,-43.92,624.64,263.52,-24.4,87.84,4.88,-63.44
92.72,0,-92.72,-43.92,92.72,-48.8,605.12,253.76,-29.28,78.08,-9.76,-73.2
92.72,4.88,-87.84,-48.8,87.84,-43.92,590.48,248.88,-24.4,78.08,-24.4,-82.96
87.84,14.64,-73.2,-48.8,78.08,-29.28,575.84,248.88,-34.16,68.32,-29.28,-92.72
87.84,14.64,-73.2,-48.8,78.08,-29.28,570.96,239.12,-24.4,73.2,-29.28,-92.72
82.96,0,-82.96,-39.04,82.96,-43.92,566.08,224.48,-29.28,63.44,-39.04,-102.48
87.84,0,-87.84,-43.92,87.84,-43.92,561.2,214.72,-34.16,63.44,-39.04,-97.6
92.72,0,-92.72,-43.92,92.72,-48.8,561.2,219.6,-34.16,78.08,-39.04,-102.48
97.6,-14.64,-112.24,-39.04,102.48,-63.44,546.56,214.72,-29.28,82.96,-39.04,-92.72
92.72,-24.4,-117.12,-34.16,102.48,-73.2,536.8,209.84,-34.16,87.84,-34.16,-78.08
82.96,-34.16,-117.12,-24.4,97.6,-78.08,517.28,195.2,-39.04,82.96,-24.4,-78.08
87.84,-43.92,-131.76,-19.52,107.36,-87.84,507.52,195.2,-34.16,82.96,-9.76,-73.2
92.72,-39.04,-131.76,-24.4,112.24,-87.84,497.76,190.32,-29.28,82.96,-19.52,-68.32
92.72,-39.04,-131.76,-24.4,112.24,-87.84,473.36,175.68,-39.04,82.96,-24.4,-78.08
92.72,-29.28,-122,-29.28,107.36,-78.08,458.72,151.28,-43.92,68.32,-29.28,-82.96
92.72,-19.52,-112.24,-34.16,102.48,-68.32,444.08,141.52,-48.8,53.68,-39.04,-92.72
92.72,-14.64,-107.36,-39.04,97.6,-63.44,434.32,141.52,-48.8,48.8,-43.92,-97.6
97.6,-19.52,-117.12,-39.04,107.36,-68.32,439.2,131.76,-43.92,43.92,-48.8,-102.48
82.96,-34.16,-117.12,-24.4,97.6,-78.08,434.32,122,-34.16,34.16,-53.68,-102.48
78.08,-24.4,-102.48,-24.4,87.84,-63.44,414.8,112.24,-43.92,24.4,-63.44,-112.24
82.96,19.52,-63.44,-48.8,73.2,-24.4,405.04,92.72,-48.8,14.64,-58.56,-117.12
82.96,0,-82.96,-39.04,82.96,-43.92,380.64,87.84,-58.56,9.76,-53.68,-117.12
73.2,-58.56,-131.76,-4.88,102.48,-97.6,395.28,112.24,-39.04,34.16,-29.28,-92.72
68.32,-78.08,-146.4,4.88,107.36,-112.24,390.4,112.24,-34.16,53.68,-19.52,-92.72
63.44,-68.32,-131.76,4.88,97.6,-102.48,375.76,92.72,-39.04,48.8,-29.28,-97.6
63.44,-53.68,-117.12,-4.88,87.84,-87.84,356.24,68.32,-53.68,29.28,-53.68,-117.12
63.44,-43.92,-107.36,-9.76,82.96,-78.08,351.36,58.56,-53.68,19.52,-58.56,-122
68.32,-34.16,-102.48,-14.64,82.96,-68.32,351.36,53.68,-48.8,19.52,-63.44,-126.88
68.32,-24.4,-92.72,-19.52,78.08,-58.56,341.6,43.92,-53.68,19.52,-68.32,-122
53.68,-39.04,-92.72,-4.88,73.2,-68.32,326.96,34.16,-48.8,19.52,-63.44,-122
53.68,-34.16,-87.84,-9.76,68.32,-63.44,322.08,19.52,-48.8,19.52,-58.56,-122
58.56,-24.4,-82.96,-14.64,68.32,-53.68,312.32,14.64,-43.92,19.52,-53.68,-107.36
53.68,-34.16,-87.84,-9.76,68.32,-63.44,302.56,4.88,-39.04,24.4,-43.92,-97.6
48.8,-29.28,-78.08,-9.76,63.44,-53.68,292.8,0,-43.92,39.04,-34.16,-87.84
43.92,-29.28,-73.2,-4.88,58.56,-53.68,273.28,-14.64,-53.68,29.28,-48.8,-92.72
48.8,-19.52,-68.32,-14.64,58.56,-43.92,258.64,-24.4,-53.68,4.88,-63.44,-97.6
63.44,-9.76,-73.2,-24.4,68.32,-43.92,253.76,-24.4,-34.16,19.52,-53.68,-92.72
63.44,-19.52,-82.96,-19.52,73.2,-53.68,248.88,-4.88,0,58.56,-29.28,-78.08
78.08,-14.64,-92.72,-29.28,82.96,-53.68,248.88,19.52,78.08,151.28,34.16,-43.92
63.44,-19.52,-82.96,-19.52,73.2,-53.68,258.64,53.68,180.56,287.92,131.76,14.64
63.44,-19.52,-82.96,-19.52,73.2,-53.68,253.76,87.84,283.04,419.68,263.52,97.6
82.96,-4.88,-87.84,-39.04,82.96,-48.8,244,122,361.12,531.92,405.04,214.72
92.72,9.76,-82.96,-48.8,87.84,-39.04,204.96,122,375.76,624.64,566.08,370.88
107.36,53.68,-53.68,-78.08,78.08,0,161.04,107.36,370.88,707.6,761.28,580.72
146.4,97.6,-48.8,-122,97.6,24.4,117.12,107.36,390.4,829.6,1000.4,844.24
195.2,122,-73.2,-156.16,131.76,24.4,48.8,87.84,380.64,893.04,1195.6,1088.24
248.88,175.68,-73.2,-209.84,161.04,48.8,-19.52,48.8,351.36,941.84,1371.28,1351.76
287.92,258.64,-29.28,-273.28,156.16,112.24,-112.24,-29.28,287.92,995.52,1571.36,1625.04
307.44,341.6,34.16,-322.08,136.64,185.44,-219.6,-112.24,244,1093.12,1786.08,1873.92
331.84,414.8,82.96,-370.88,122,248.88,-287.92,-151.28,258.64,1215.12,2000.8,2098.4
361.12,492.88,131.76,-424.56,112.24,312.32,-370.88,-214.72,239.12,1317.6,2200.88,2308.24
375.76,561.2,185.44,-468.48,92.72,370.88,-444.08,-292.8,175.68,1351.76,2322.88,2479.04
395.28,585.6,190.32,-488,102.48,385.52,-473.36,-317.2,156.16,1376.16,2391.2,2576.64
395.28,590.48,195.2,-492.88,97.6,390.4,-497.76,-317.2,170.8,1415.2,2444.88,2615.68
385.52,600.24,214.72,-492.88,82.96,405.04,-507.52,-326.96,170.8,1439.6,2454.64,2601.04
351.36,575.84,224.48,-463.6,63.44,400.16,-473.36,-317.2,219.6,1483.52,2410.72,2483.92
302.56,527.04,224.48,-414.8,39.04,375.76,-429.44,-287.92,307.44,1527.44,2322.88,2298.48
253.76,488,234.24,-370.88,9.76,361.12,-375.76,-278.16,351.36,1527.44,2166.72,2000.8
190.32,439.2,248.88,-312.32,-29.28,341.6,-307.44,-244,434.32,1576.24,1991.04,1556.72
122,341.6,219.6,-229.36,-48.8,278.16,-209.84,-161.04,585.6,1629.92,1776.32,1063.84
48.8,263.52,214.72,-156.16,-82.96,239.12,-117.12,-87.84,712.48,1503.04,1337.12,483.12
-34.16,200.08,234.24,-82.96,-136.64,214.72,-29.28,-53.68,780.8,1215.12,707.6,-136.64
-87.84,180.56,268.4,-43.92,-180.56,224.48,19.52,-43.92,814.96,907.68,253.76,-512.4
-131.76,165.92,297.68,-14.64,-214.72,229.36,48.8,-53.68,800.32,556.32,-97.6,-668.56
-180.56,146.4,326.96,19.52,-253.76,234.24,92.72,-53.68,790.56,165.92,-473.36,-785.68
-214.72,122,336.72,48.8,-278.16,229.36,131.76,-24.4,839.36,-53.68,-727.12,-849.12
-224.48,82.96,307.44,73.2,-268.4,195.2,141.52,4.88,858.88,-165.92,-863.76,-868.64
-224.48,34.16,258.64,97.6,-244,146.4,161.04,39.04,814.96,-268.4,-897.92,-858.88
-229.36,-9.76,219.6,122,-224.48,102.48,180.56,82.96,780.8,-351.36,-902.8,-863.76
-229.36,-58.56,170.8,146.4,-200.08,53.68,195.2,117.12,707.6,-468.48,-941.84,-893.04
-229.36,-82.96,146.4,156.16,-190.32,29.28,214.72,126.88,614.88,-580.72,-976,-897.92
-239.12,-107.36,131.76,175.68,-185.44,9.76,224.48,141.52,575.84,-649.04,-995.52,-907.68
-239.12,-136.64,102.48,190.32,-170.8,-19.52,239.12,161.04,561.2,-707.6,-1024.8,-922.32
-248.88,-170.8,78.08,209.84,-165.92,-48.8,273.28,156.16,492.88,-771.04,-1049.2,-932.08
-258.64,-214.72,43.92,239.12,-151.28,-87.84,297.68,156.16,429.44,-819.84,-1063.84,-927.2
-263.52,-234.24,29.28,248.88,-146.4,-102.48,317.2,165.92,380.64,-854,-1063.84,-917.44
-263.52,-258.64,4.88,263.52,-136.64,-126.88,346.48,185.44,331.84,-897.92,-1063.84,-907.68
-268.4,-283.04,-14.64,278.16,-126.88,-151.28,361.12,224.48,341.6,-902.8,-1058.96,-893.04
-258.64,-278.16,-19.52,268.4,-122,-151.28,370.88,224.48,312.32,-936.96,-1068.72,-902.8
-268.4,-292.8,-24.4,283.04,-122,-161.04,390.4,214.72,258.64,-961.36,-1068.72,-897.92
-287.92,-292.8,-4.88,292.8,-141.52,-151.28,419.68,253.76,268.4,-951.6,-1049.2,-888.16
-273.28,-283.04,-9.76,278.16,-131.76,-146.4,439.2,307.44,341.6,-917.44,-1024.8,-878.4
-268.4,-278.16,-9.76,273.28,-131.76,-146.4,448.96,361.12,424.56,-873.52,-990.64,-849.12
-268.4,-283.04,-14.64,278.16,-126.88,-151.28,458.72,414.8,512.4,-810.08,-936.96,-795.44
-248.88,-287.92,-39.04,268.4,-107.36,-165.92,458.72,483.12,600.24,-756.4,-883.28,-756.4
-244,-287.92,-43.92,268.4,-102.48,-165.92,434.32,541.68,649.04,-692.96,-819.84,-697.84
-214.72,-258.64,-43.92,239.12,-87.84,-151.28,395.28,531.92,551.44,-663.68,-771.04,-644.16
-224.48,-234.24,-9.76,229.36,-107.36,-122,351.36,473.36,351.36,-673.44,-736.88,-605.12
-224.48,-224.48,0,224.48,-112.24,-112.24,302.56,390.4,151.28,-688.08,-727.12,-585.6
-214.72,-180.56,34.16,200.08,-126.88,-73.2,244,331.84,53.68,-663.68,-692.96,-556.32
-214.72,-136.64,78.08,175.68,-146.4,-29.28,190.32,273.28,-14.64,-639.28,-668.56,-541.68
-214.72,-97.6,117.12,156.16,-165.92,9.76,146.4,234.24,-92.72,-634.4,-668.56,-546.56
-209.84,-68.32,141.52,141.52,-175.68,34.16,97.6,161.04,-200.08,-658.8,-673.44,-556.32
-209.84,-48.8,161.04,131.76,-185.44,53.68,34.16,87.84,-307.44,-668.56,-673.44,-551.44
-185.44,-34.16,151.28,112.24,-170.8,58.56,-34.16,39.04,-375.76,-649.04,-634.4,-517.28
-175.68,-29.28,146.4,102.48,-161.04,58.56,-92.72,-14.64,-414.8,-629.52,-610,-497.76
-165.92,-29.28,136.64,97.6,-151.28,53.68,-131.76,-48.8,-419.68,-600.24,-566.08,-448.96
-156.16,-39.04,117.12,97.6,-136.64,39.04,-146.4,-87.84,-405.04,-551.44,-522.16,-405.04
-161.04,-63.44,97.6,112.24,-131.76,14.64,-180.56,-131.76,-409.92,-536.8,-492.88,-390.4
-156.16,-63.44,92.72,112.24,-126.88,14.64,-214.72,-190.32,-424.56,-536.8,-483.12,-375.76
-141.52,-63.44,78.08,102.48,-112.24,4.88,-253.76,-239.12,-434.32,-522.16,-473.36,-356.24
-136.64,-73.2,63.44,107.36,-102.48,-4.88,-297.68,-273.28,-444.08,-512.4,-439.2,-346.48
-122,-78.08,43.92,102.48,-82.96,-19.52,-331.84,-317.2,-478.24,-507.52,-400.16,-336.72
-122,-73.2,48.8,97.6,-87.84,-14.64,-380.64,-366,-492.88,-507.52,-385.52,-331.84
-117.12,-53.68,63.44,87.84,-92.72,4.88,-414.8,-400.16,-483.12,-492.88,-370.88,-317.2
-102.48,-39.04,63.44,73.2,-82.96,9.76,-453.84,-434.32,-488,-478.24,-346.48,-302.56
-97.6,-43.92,53.68,73.2,-78.08,4.88,-492.88,-444.08,-463.6,-453.84,-312.32,-273.28
-87.84,-43.92,43.92,68.32,-68.32,0,-502.64,-458.72,-424.56,-409.92,-273.28,-224.48
-78.08,-39.04,39.04,58.56,-58.56,0,-517.28,-458.72,-395.28,-385.52,-244,-200.08
-73.2,-29.28,43.92,53.68,-58.56,4.88,-541.68,-468.48,-375.76,-370.88,-229.36,-190.32
-63.44,-14.64,48.8,39.04,-58.56,14.64,-566.08,-478.24,-346.48,-346.48,-214.72,-175.68
-63.44,-14.64,48.8,39.04,-58.56,14.64,-580.72,-463.6,-322.08,-317.2,-190.32,-161.04
-53.68,-9.76,43.92,34.16,-48.8,14.64,-590.48,-468.48,-297.68,-292.8,-180.56,-146.4
-43.92,9.76,53.68,19.52,-48.8,29.28,-605.12,-473.36,-287.92,-287.92,-165.92,-136.64
-48.8,14.64,63.44,19.52,-58.56,39.04,-614.88,-478.24,-278.16,-273.28,-151.28,-117.12
-34.16,34.16,68.32,0,-53.68,48.8,-619.76,-488,-273.28,-268.4,-136.64,-107.36
-24.4,24.4,48.8,0,-39.04,34.16,-605.12,-478.24,-253.76,-263.52,-131.76,-87.84
-39.04,4.88,43.92,19.52,-43.92,24.4,-600.24,-463.6,-244,-248.88,-117.12,-78.08
-34.16,0,34.16,19.52,-34.16,14.64,-595.36,-463.6,-239.12,-248.88,-102.48,-68.32
-39.04,0,39.04,19.52,-39.04,19.52,-610,-468.48,-244,-258.64,-102.48,-68.32
-34.16,14.64,48.8,9.76,-43.92,29.28,-614.88,-473.36,-248.88,-248.88,-97.6,-53.68
-39.04,29.28,68.32,4.88,-53.68,48.8,-624.64,-478.24,-248.88,-244,-87.84,-48.8
-39.04,14.64,53.68,14.64,-48.8,34.16,-614.88,-478.24,-253.76,-234.24,-78.08,-43.92
-43.92,14.64,58.56,14.64,-53.68,34.16,-605.12,-478.24,-253.76,-234.24,-73.2,-39.04
-43.92,9.76,53.68,19.52,-48.8,29.28,-605.12,-473.36,-253.76,-244,-73.2,-43.92
-48.8,9.76,58.56,19.52,-53.68,34.16,-619.76,-478.24,-268.4,-248.88,-73.2,-43.92
-43.92,24.4,68.32,9.76,-58.56,43.92,-624.64,-488,-283.04,-258.64,-78.08,-34.16
-53.68,29.28,82.96,14.64,-68.32,53.68,-649.04,-492.88,-292.8,-273.28,-78.08,-34.16
-53.68,24.4,78.08,14.64,-68.32,48.8,-658.8,-497.76,-292.8,-273.28,-63.44,-14.64
-53.68,24.4,78.08,14.64,-68.32,48.8,-668.56,-507.52,-317.2,-268.4,-53.68,-4.88
-58.56,9.76,68.32,24.4,-63.44,39.04,-678.32,-522.16,-336.72,-283.04,-48.8,0
-53.68,19.52,73.2,19.52,-63.44,43.92,-697.84,-527.04,-356.24,-283.04,-29.28,14.64
-53.68,19.52,73.2,19.52,-63.44,43.92,-712.48,-546.56,-385.52,-297.68,-19.52,24.4
-58.56,29.28,87.84,14.64,-73.2,58.56,-736.88,-551.44,-414.8,-297.68,-9.76,39.04
-48.8,43.92,92.72,4.88,-73.2,68.32,-751.52,-561.2,-429.44,-302.56,4.88,53.68
-53.68,48.8,102.48,4.88,-78.08,73.2,-771.04,-585.6,-453.84,-307.44,24.4,78.08
-48.8,53.68,102.48,0,-78.08,78.08,-810.08,-600.24,-483.12,-317.2,34.16,102.48
-48.8,63.44,112.24,-4.88,-82.96,87.84,-824.72,-614.88,-502.64,-297.68,63.44,131.76
-48.8,68.32,117.12,-9.76,-82.96,92.72,-849.12,-614.88,-531.92,-283.04,87.84,161.04
-43.92,73.2,117.12,-14.64,-82.96,92.72,-863.76,-634.4,-546.56,-283.04,107.36,180.56
-39.04,78.08,117.12,-19.52,-78.08,97.6,-878.4,-639.28,-566.08,-283.04,122,204.96
-34.16,87.84,122,-24.4,-78.08,102.48,-907.68,-653.92,-600.24,-292.8,136.64,209.84
-29.28,102.48,131.76,-34.16,-82.96,117.12,-936.96,-673.44,-634.4,-268.4,136.64,219.6
-34.16,107.36,141.52,-34.16,-87.84,122,-966.24,-688.08,-658.8,-248.88,136.64,224.48
-24.4,112.24,136.64,-43.92,-82.96,122,-985.76,-688.08,-668.56,-244,156.16,244
-19.52,112.24,131.76,-43.92,-78.08,122,-990.64,-697.84,-678.32,-248.88,165.92,253.76
-14.64,97.6,112.24,-39.04,-63.44,102.48,-1015.04,-702.72,-688.08,-248.88,170.8,273.28
-9.76,97.6,107.36,-43.92,-58.56,102.48,-1034.56,-697.84,-688.08,-244,175.68,278.16
-9.76,97.6,107.36,-43.92,-58.56,102.48,-1054.08,-702.72,-702.72,-248.88,180.56,283.04
-4.88,92.72,97.6,-43.92,-53.68,92.72,-1068.72,-702.72,-707.6,-248.88,185.44,287.92
4.88,102.48,97.6,-53.68,-48.8,97.6,-1083.36,-707.6,-717.36,-253.76,175.68,287.92
0,102.48,102.48,-48.8,-53.68,102.48,-1098,-707.6,-727.12,-258.64,170.8,283.04
0,107.36,107.36,-53.68,-53.68,107.36,-1117.52,-722.24,-741.76,-263.52,156.16,278.16
0,107.36,107.36,-53.68,-53.68,107.36,-1117.52,-722.24,-736.88,-253.76,161.04,278.16
-4.88,107.36,112.24,-48.8,-58.56,107.36,-1122.4,-717.36,-717.36,-239.12,165.92,283.04
9.76,117.12,107.36,-63.44,-48.8,112.24,-1132.16,-712.48,-712.48,-234.24,161.04,278.16
4.88,112.24,107.36,-58.56,-53.68,107.36,-1137.04,-702.72,-688.08,-224.48,165.92,292.8
0,107.36,107.36,-53.68,-53.68,107.36,-1132.16,-702.72,-658.8,-214.72,170.8,292.8
4.88,102.48,97.6,-53.68,-48.8,97.6,-1132.16,-683.2,-624.64,-195.2,175.68,292.8
0,97.6,97.6,-48.8,-48.8,97.6,-1141.92,-678.32,-614.88,-185.44,165.92,283.04
4.88,112.24,107.36,-58.56,-53.68,107.36,-1141.92,-668.56,-585.6,-175.68,161.04,283.04
-4.88,112.24,117.12,-53.68,-63.44,112.24,-1137.04,-649.04,-556.32,-161.04,161.04,278.16
-4.88,107.36,112.24,-48.8,-58.56,107.36,-1146.8,-639.28,-541.68,-156.16,146.4,263.52
-4.88,117.12,122,-53.68,-63.44,117.12,-1141.92,-624.64,-512.4,-146.4,131.76,253.76
-14.64,117.12,131.76,-48.8,-73.2,122,-1127.28,-614.88,-478.24,-131.76,126.88,244
-9.76,126.88,136.64,-58.56,-73.2,131.76,-1127.28,-595.36,-439.2,-122,126.88,239.12
-4.88,122,126.88,-58.56,-68.32,122,-1117.52,-570.96,-400.16,-107.36,122,234.24
-19.52,112.24,131.76,-43.92,-78.08,122,-1107.76,-551.44,-356.24,-87.84,122,229.36
-14.64,112.24,126.88,-48.8,-73.2,117.12,-1102.88,-536.8,-317.2,-82.96,112.24,219.6
-19.52,112.24,131.76,-43.92,-78.08,122,-1088.24,-517.28,-283.04,-63.44,112.24,214.72
-24.4,102.48,126.88,-39.04,-78.08,112.24,-1088.24,-507.52,-253.76,-58.56,92.72,200.08
-34.16,107.36,141.52,-34.16,-87.84,122,-1078.48,-492.88,-224.48,-48.8,82.96,190.32
-39.04,97.6,136.64,-29.28,-87.84,117.12,-1073.6,-473.36,-204.96,-43.92,68.32,170.8
-43.92,92.72,136.64,-24.4,-92.72,112.24,-1063.84,-463.6,-170.8,-34.16,58.56,161.04
-39.04,97.6,136.64,-29.28,-87.84,117.12,-1054.08,-448.96,-146.4,-24.4,53.68,156.16
-43.92,97.6,141.52,-24.4,-92.72,117.12,-1034.56,-429.44,-112.24,-14.64,53.68,151.28
-29.28,102.48,131.76,-34.16,-82.96,117.12,-1019.92,-424.56,-92.72,-14.64,43.92,146.4
-43.92,97.6,141.52,-24.4,-92.72,117.12,-1000.4,-405.04,-63.44,0,48.8,151.28
-48.8,92.72,141.52,-19.52,-97.6,117.12,-995.52,-395.28,-43.92,9.76,43.92,146.4
-43.92,102.48,146.4,-29.28,-97.6,122,-980.88,-385.52,-29.28,19.52,43.92,146.4
-48.8,92.72,141.52,-19.52,-97.6,117.12,-971.12,-375.76,-14.64,19.52,34.16,141.52
-58.56,92.72,151.28,-14.64,-107.36,122,-966.24,-366,-9.76,19.52,29.28,126.88
-58.56,87.84,146.4,-14.64,-102.48,117.12,-956.48,-366,-9.76,19.52,14.64,117.12
-73.2,92.72,165.92,-9.76,-122,126.88,-956.48,-366,-4.88,14.64,-4.88,97.6
-73.2,102.48,175.68,-14.64,-126.88,136.64,-946.72,-361.12,4.88,14.64,-9.76,87.84
-73.2,97.6,170.8,-9.76,-122,131.76,-936.96,-346.48,29.28,24.4,-4.88,92.72
-73.2,92.72,165.92,-9.76,-122,126.88,-917.44,-346.48,34.16,24.4,-9.76,87.84
-78.08,102.48,180.56,-9.76,-131.76,141.52,-902.8,-336.72,63.44,34.16,-4.88,92.72
-78.08,112.24,190.32,-14.64,-136.64,151.28,-897.92,-326.96,73.2,43.92,-14.64,82.96
-82.96,122,204.96,-19.52,-146.4,161.04,-883.28,-326.96,82.96,43.92,-14.64,92.72
-87.84,131.76,219.6,-19.52,-156.16,175.68,-873.52,-331.84,87.84,43.92,-19.52,87.84
-92.72,131.76,224.48,-19.52,-161.04,175.68,-863.76,-331.84,87.84,43.92,-29.28,78.08
-92.72,131.76,224.48,-19.52,-161.04,175.68,-858.88,-326.96,82.96,39.04,-43.92,68.32
-97.6,122,219.6,-9.76,-161.04,170.8,-844.24,-326.96,87.84,34.16,-53.68,58.56
-107.36,126.88,234.24,-9.76,-170.8,180.56,-839.36,-317.2,92.72,34.16,-68.32,43.92
-107.36,146.4,253.76,-19.52,-180.56,200.08,-824.72,-312.32,102.48,29.28,-68.32,39.04
-102.48,146.4,248.88,-19.52,-175.68,195.2,-810.08,-307.44,107.36,24.4,-78.08,39.04
-107.36,141.52,248.88,-14.64,-180.56,195.2,-800.32,-297.68,122,19.52,-78.08,39.04
-112.24,141.52,253.76,-14.64,-185.44,195.2,-775.92,-278.16,131.76,24.4,-82.96,34.16
-117.12,136.64,253.76,-9.76,-185.44,195.2,-761.28,-268.4,136.64,14.64,-97.6,24.4
-117.12,131.76,248.88,-4.88,-185.44,190.32,-741.76,-253.76,146.4,14.64,-107.36,14.64
-126.88,117.12,244,4.88,-185.44,180.56,-722.24,-244,146.4,4.88,-117.12,0
-126.88,107.36,234.24,9.76,-180.56,170.8,-712.48,-219.6,146.4,0,-131.76,-14.64
-122,107.36,229.36,9.76,-175.68,165.92,-692.96,-204.96,156.16,0,-136.64,-19.52
-131.76,92.72,224.48,19.52,-180.56,156.16,-688.08,-195.2,156.16,0,-151.28,-29.28
-131.76,92.72,224.48,19.52,-180.56,156.16,-668.56,-190.32,156.16,-14.64,-156.16,-39.04
-136.64,87.84,224.48,24.4,-180.56,156.16,-663.68,-185.44,156.16,-19.52,-165.92,-43.92
-156.16,68.32,224.48,43.92,-190.32,146.4,-639.28,-165.92,175.68,-14.64,-156.16,-39.04
-151.28,73.2,224.48,39.04,-190.32,146.4,-629.52,-165.92,185.44,-9.76,-156.16,-43.92
-151.28,73.2,224.48,39.04,-190.32,146.4,-624.64,-156.16,180.56,-24.4,-161.04,-48.8
-151.28,68.32,219.6,43.92,-185.44,141.52,-619.76,-151.28,165.92,-24.4,-165.92,-58.56
-141.52,68.32,209.84,39.04,-175.68,136.64,-605.12,-146.4,165.92,-19.52,-165.92,-58.56
-151.28,63.44,214.72,43.92,-185.44,136.64,-605.12,-136.64,156.16,-19.52,-175.68,-68.32
-146.4,63.44,209.84,43.92,-180.56,136.64,-590.48,-141.52,151.28,-19.52,-175.68,-73.2
-146.4,63.44,209.84,43.92,-180.56,136.64,-580.72,-131.76,146.4,-4.88,-165.92,-78.08
-146.4,48.8,195.2,48.8,-170.8,122,-566.08,-117.12,151.28,-9.76,-161.04,-78.08
-146.4,43.92,190.32,53.68,-170.8,117.12,-546.56,-107.36,151.28,-4.88,-156.16,-73.2
-156.16,24.4,180.56,68.32,-170.8,102.48,-531.92,-92.72,156.16,0,-146.4,-68.32
-151.28,14.64,165.92,68.32,-161.04,87.84,-512.4,-82.96,161.04,14.64,-141.52,-63.44
-141.52,14.64,156.16,63.44,-151.28,82.96,-497.76,-73.2,151.28,4.88,-141.52,-63.44
-146.4,0,146.4,73.2,-146.4,73.2,-488,-73.2,141.52,4.88,-141.52,-63.44
-141.52,-4.88,136.64,73.2,-141.52,63.44,-488,-63.44,136.64,9.76,-136.64,-68.32
-126.88,-4.88,122,68.32,-126.88,58.56,-488,-48.8,126.88,19.52,-126.88,-63.44
-131.76,-9.76,122,73.2,-126.88,53.68,-488,-39.04,126.88,19.52,-112.24,-53.68
-117.12,-4.88,112.24,63.44,-117.12,53.68,-483.12,-29.28,136.64,39.04,-97.6,-43.92
-112.24,-9.76,102.48,63.44,-107.36,43.92,-473.36,-19.52,136.64,39.04,-97.6,-53.68
-112.24,-14.64,97.6,63.44,-107.36,39.04,-468.48,0,136.64,48.8,-87.84,-34.16
-112.24,-24.4,87.84,68.32,-102.48,29.28,-458.72,9.76,136.64,58.56,-78.08,-29.28
-112.24,-39.04,73.2,78.08,-92.72,14.64,-444.08,14.64,141.52,58.56,-73.2,-29.28
-102.48,-29.28,73.2,68.32,-87.84,19.52,-439.2,24.4,136.64,53.68,-63.44,-24.4
-102.48,-34.16,68.32,68.32,-87.84,14.64,-429.44,29.28,122,58.56,-63.44,-19.52
-107.36,-43.92,63.44,78.08,-87.84,9.76,-414.8,43.92,117.12,58.56,-63.44,-29.28
-92.72,-48.8,43.92,73.2,-68.32,-4.88,-400.16,63.44,112.24,73.2,-63.44,-29.28
-87.84,-48.8,39.04,68.32,-63.44,-4.88,-390.4,63.44,107.36,68.32,-68.32,-34.16
-82.96,-53.68,29.28,68.32,-58.56,-14.64,-351.36,82.96,117.12,82.96,-58.56,-24.4
-78.08,-53.68,24.4,68.32,-53.68,-14.64,-322.08,107.36,136.64,97.6,-48.8,-24.4
-73.2,-68.32,4.88,73.2,-39.04,-34.16,-297.68,122,136.64,97.6,-43.92,-19.52
-63.44,-78.08,-14.64,73.2,-24.4,-48.8,-278.16,136.64,146.4,107.36,-29.28,-14.64
-53.68,-73.2,-19.52,63.44,-19.52,-48.8,-263.52,151.28,151.28,112.24,-29.28,-14.64
-58.56,-73.2,-14.64,68.32,-24.4,-43.92,-253.76,170.8,151.28,107.36,-19.52,-14.64
-48.8,-73.2,-24.4,63.44,-14.64,-48.8,-244,175.68,151.28,107.36,-14.64,-9.76
-53.68,-87.84,-34.16,73.2,-9.76,-63.44,-229.36,190.32,146.4,107.36,-14.64,-14.64
-48.8,-92.72,-43.92,73.2,-4.88,-68.32,-209.84,195.2,141.52,107.36,-24.4,-24.4
-43.92,-82.96,-39.04,63.44,-4.88,-63.44,-195.2,200.08,141.52,97.6,-29.28,-24.4
-43.92,-87.84,-43.92,68.32,0,-68.32,-165.92,209.84,146.4,97.6,-34.16,-24.4
-43.92,-82.96,-39.04,63.44,-4.88,-63.44,-141.52,229.36,161.04,82.96,-39.04,-24.4
-43.92,-92.72,-48.8,68.32,0,-73.2,-131.76,244,165.92,78.08,-39.04,-29.28
-43.92,-92.72,-48.8,68.32,0,-73.2,-112.24,244,165.92,78.08,-39.04,-29.28
-19.52,-92.72,-73.2,58.56,24.4,-82.96,-102.48,258.64,170.8,82.96,-39.04,-29.28
-19.52,-92.72,-73.2,58.56,24.4,-82.96,-92.72,263.52,170.8,82.96,-34.16,-34.16
-19.52,-97.6,-78.08,58.56,29.28,-87.84,-78.08,258.64,156.16,73.2,-39.04,-39.04
-19.52,-97.6,-78.08,58.56,29.28,-87.84,-58.56,263.52,156.16,63.44,-43.92,-43.92
-19.52,-97.6,-78.08,58.56,29.28,-87.84,-34.16,263.52,146.4,48.8,-48.8,-53.68
-14.64,-92.72,-78.08,53.68,29.28,-87.84,-14.64,273.28,146.4,53.68,-43.92,-48.8
-14.64,-92.72,-78.08,53.68,29.28,-87.84,9.76,273.28,146.4,53.68,-43.92,-48.8
-14.64,-97.6,-82.96,58.56,34.16,-92.72,19.52,278.16,141.52,48.8,-48.8,-53.68
-9.76,-87.84,-78.08,48.8,34.16,-82.96,39.04,287.92,141.52,58.56,-48.8,-48.8
-9.76,-87.84,-78.08,48.8,34.16,-82.96,63.44,283.04,146.4,53.68,-43.92,-39.04
-9.76,-82.96,-73.2,48.8,29.28,-78.08,73.2,287.92,141.52,53.68,-43.92,-39.04
0,-73.2,-73.2,39.04,34.16,-73.2,92.72,292.8,146.4,53.68,-34.16,-39.04
-4.88,-73.2,-68.32,39.04,29.28,-73.2,102.48,283.04,136.64,53.68,-34.16,-43.92
-4.88,-63.44,-58.56,34.16,24.4,-63.44,117.12,287.92,136.64,53.68,-34.16,-39.04
-4.88,-68.32,-63.44,39.04,29.28,-68.32,141.52,278.16,126.88,48.8,-39.04,-48.8
-4.88,-63.44,-58.56,34.16,24.4,-63.44,156.16,268.4,112.24,43.92,-39.04,-48.8
4.88,-48.8,-53.68,24.4,29.28,-53.68,175.68,268.4,107.36,48.8,-34.16,-43.92
4.88,-39.04,-43.92,19.52,24.4,-43.92,180.56,268.4,107.36,43.92,-34.16,-43.92
9.76,-29.28,-39.04,9.76,24.4,-34.16,204.96,273.28,112.24,48.8,-29.28,-43.92
14.64,-19.52,-34.16,4.88,24.4,-29.28,229.36,287.92,117.12,63.44,-19.52,-34.16
14.64,-24.4,-39.04,4.88,24.4,-34.16,239.12,287.92,117.12,68.32,-19.52,-39.04
29.28,-19.52,-48.8,-4.88,39.04,-34.16,248.88,292.8,112.24,63.44,-24.4,-39.04
24.4,-24.4,-48.8,0,34.16,-39.04,258.64,287.92,112.24,63.44,-24.4,-39.04
19.52,-29.28,-48.8,4.88,34.16,-39.04,273.28,283.04,112.24,68.32,-24.4,-48.8
29.28,-19.52,-48.8,-4.88,39.04,-34.16,292.8,292.8,112.24,82.96,-29.28,-58.56
29.28,-14.64,-43.92,-4.88,34.16,-29.28,312.32,297.68,112.24,87.84,-29.28,-58.56
29.28,-9.76,-39.04,-9.76,34.16,-24.4,322.08,297.68,112.24,87.84,-34.16,-58.56
34.16,0,-34.16,-14.64,34.16,-19.52,326.96,283.04,107.36,78.08,-34.16,-63.44
24.4,-4.88,-29.28,-9.76,24.4,-19.52,326.96,283.04,107.36,82.96,-34.16,-58.56
29.28,-4.88,-34.16,-9.76,29.28,-19.52,341.6,292.8,112.24,87.84,-24.4,-48.8
29.28,-9.76,-39.04,-9.76,34.16,-24.4,341.6,287.92,112.24,87.84,-24.4,-53.68
29.28,-14.64,-43.92,-4.88,34.16,-29.28,341.6,278.16,102.48,82.96,-14.64,-48.8
39.04,-4.88,-43.92,-14.64,39.04,-24.4,336.72,268.4,87.84,68.32,-24.4,-58.56
29.28,-9.76,-39.04,-9.76,34.16,-24.4,336.72,263.52,82.96,58.56,-24.4,-58.56
34.16,-9.76,-43.92,-9.76,39.04,-29.28,336.72,258.64,78.08,73.2,-24.4,-63.44
34.16,-9.76,-43.92,-9.76,39.04,-29.28,326.96,248.88,68.32,73.2,-29.28,-63.44
24.4,-9.76,-34.16,-4.88,29.28,-24.4,331.84,239.12,58.56,73.2,-29.28,-63.44
39.04,0,-39.04,-19.52,39.04,-19.52,326.96,234.24,58.56,68.32,-29.28,-63.44
34.16,-4.88,-39.04,-14.64,34.16,-24.4,331.84,224.48,53.68,68.32,-29.28,-63.44
34.16,-9.76,-43.92,-9.76,39.04,-29.28,326.96,224.48,53.68,63.44,-24.4,-58.56
39.04,-4.88,-43.92,-14.64,39.04,-24.4,336.72,224.48,58.56,73.2,-19.52,-53.68
39.04,-4.88,-43.92,-14.64,39.04,-24.4,322.08,209.84,43.92,63.44,-24.4,-58.56
34.16,4.88,-29.28,-19.52,29.28,-14.64,312.32,200.08,39.04,63.44,-29.28,-63.44
43.92,4.88,-39.04,-24.4,39.04,-19.52,312.32,204.96,43.92,73.2,-24.4,-58.56
48.8,0,-48.8,-24.4,48.8,-24.4,317.2,204.96,39.04,63.44,-29.28,-68.32
63.44,9.76,-53.68,-34.16,58.56,-24.4,302.56,204.96,34.16,58.56,-29.28,-73.2
58.56,9.76,-48.8,-34.16,53.68,-19.52,292.8,200.08,39.04,63.44,-34.16,-73.2
53.68,4.88,-48.8,-29.28,48.8,-24.4,292.8,200.08,39.04,63.44,-29.28,-68.32
53.68,0,-53.68,-24.4,53.68,-29.28,292.8,204.96,39.04,63.44,-29.28,-68.32
53.68,-4.88,-58.56,-24.4,53.68,-34.16,292.8,204.96,53.68,73.2,-19.52,-58.56
68.32,-4.88,-73.2,-29.28,68.32,-39.04,292.8,214.72,68.32,78.08,-19.52,-58.56
68.32,-9.76,-78.08,-29.28,73.2,-43.92,278.16,219.6,58.56,78.08,-19.52,-63.44
58.56,-24.4,-82.96,-14.64,68.32,-53.68,273.28,219.6,53.68,73.2,-19.52,-68.32
63.44,-29.28,-92.72,-14.64,78.08,-63.44,263.52,224.48,58.56,73.2,-19.52,-58.56
68.32,-29.28,-97.6,-19.52,82.96,-63.44,248.88,224.48,53.68,78.08,-24.4,-63.44
73.2,-29.28,-102.48,-19.52,87.84,-68.32,244,224.48,58.56,73.2,-24.4,-63.44
78.08,-29.28,-107.36,-24.4,92.72,-68.32,239.12,234.24,58.56,73.2,-19.52,-58.56
68.32,-39.04,-107.36,-14.64,87.84,-73.2,224.48,219.6,58.56,68.32,-19.52,-58.56
68.32,-29.28,-97.6,-19.52,82.96,-63.44,219.6,214.72,48.8,68.32,-19.52,-53.68
68.32,-29.28,-97.6,-19.52,82.96,-63.44,214.72,204.96,63.44,73.2,-14.64,-48.8
63.44,-43.92,-107.36,-9.76,82.96,-78.08,224.48,209.84,68.32,87.84,0,-43.92
73.2,-39.04,-112.24,-14.64,92.72,-78.08,219.6,214.72,68.32,82.96,0,-43.92
68.32,-48.8,-117.12,-9.76,92.72,-82.96,209.84,214.72,68.32,63.44,-4.88,-48.8
63.44,-58.56,-122,0,92.72,-92.72,209.84,219.6,73.2,68.32,-9.76,-53.68
73.2,-63.44,-136.64,-4.88,102.48,-102.48,200.08,219.6,68.32,68.32,-29.28,-63.44
73.2,-68.32,-141.52,0,107.36,-107.36,200.08,219.6,73.2,73.2,-34.16,-63.44
73.2,-58.56,-131.76,-4.88,102.48,-97.6,204.96,219.6,82.96,73.2,-24.4,-58.56
73.2,-63.44,-136.64,-4.88,102.48,-102.48,204.96,219.6,87.84,68.32,-24.4,-58.56
73.2,-68.32,-141.52,0,107.36,-107.36,204.96,229.36,92.72,73.2,-14.64,-48.8
73.2,-73.2,-146.4,0,107.36,-112.24,214.72,234.24,107.36,78.08,0,-39.04
73.2,-78.08,-151.28,4.88,112.24,-117.12,214.72,224.48,112.24,82.96,-4.88,-43.92
68.32,-82.96,-151.28,9.76,107.36,-117.12,204.96,229.36,117.12,92.72,-9.76,-43.92
73.2,-78.08,-151.28,4.88,112.24,-117.12,195.2,219.6,122,87.84,-19.52,-53.68
53.68,-97.6,-151.28,24.4,102.48,-126.88,200.08,224.48,122,87.84,-19.52,-48.8
58.56,-97.6,-156.16,19.52,107.36,-126.88,195.2,219.6,117.12,87.84,-19.52,-53.68
53.68,-97.6,-151.28,24.4,102.48,-126.88,195.2,214.72,117.12,82.96,-19.52,-58.56
39.04,-102.48,-141.52,34.16,87.84,-122,195.2,204.96,112.24,82.96,-24.4,-58.56
39.04,-107.36,-146.4,34.16,92.72,-126.88,200.08,200.08,107.36,78.08,-24.4,-48.8
43.92,-97.6,-141.52,29.28,92.72,-122,200.08,190.32,102.48,63.44,-29.28,-53.68
39.04,-102.48,-141.52,34.16,87.84,-122,195.2,175.68,97.6,58.56,-29.28,-53.68
39.04,-97.6,-136.64,29.28,87.84,-117.12,195.2,170.8,92.72,53.68,-29.28,-53.68
43.92,-102.48,-146.4,29.28,92.72,-126.88,190.32,151.28,78.08,39.04,-39.04,-63.44
43.92,-97.6,-141.52,29.28,92.72,-122,190.32,151.28,82.96,39.04,-39.04,-63.44
29.28,-112.24,-141.52,43.92,82.96,-126.88,190.32,141.52,82.96,39.04,-39.04,-58.56
29.28,-112.24,-141.52,43.92,82.96,-126.88,185.44,136.64,78.08,34.16,-48.8,-68.32
34.16,-107.36,-141.52,39.04,87.84,-126.88,180.56,122,78.08,29.28,-58.56,-68.32
24.4,-107.36,-131.76,43.92,78.08,-122,175.68,112.24,78.08,29.28,-63.44,-68.32
24.4,-97.6,-122,39.04,73.2,-112.24,175.68,107.36,78.08,29.28,-63.44,-68.32
34.16,-87.84,-122,29.28,78.08,-107.36,170.8,97.6,73.2,29.28,-58.56,-68.32
24.4,-92.72,-117.12,34.16,68.32,-107.36,175.68,87.84,78.08,34.16,-48.8,-53.68
29.28,-82.96,-112.24,29.28,68.32,-97.6,165.92,78.08,73.2,29.28,-39.04,-53.68
24.4,-78.08,-102.48,29.28,63.44,-92.72,156.16,53.68,58.56,14.64,-43.92,-58.56
19.52,-68.32,-87.84,24.4,53.68,-78.08,141.52,39.04,43.92,9.76,-53.68,-63.44
14.64,-63.44,-78.08,24.4,43.92,-73.2,141.52,29.28,43.92,9.76,-48.8,-53.68
14.64,-63.44,-78.08,24.4,43.92,-73.2,141.52,29.28,34.16,9.76,-53.68,-63.44
14.64,-78.08,-92.72,34.16,53.68,-87.84,146.4,29.28,39.04,14.64,-53.68,-58.56
9.76,-82.96,-92.72,39.04,48.8,-87.84,161.04,34.16,48.8,19.52,-48.8,-48.8
0,-87.84,-87.84,43.92,43.92,-87.84,170.8,29.28,48.8,9.76,-53.68,-53.68
9.76,-87.84,-97.6,39.04,53.68,-92.72,175.68,24.4,48.8,9.76,-48.8,-48.8
4.88,-92.72,-97.6,43.92,48.8,-97.6,175.68,24.4,58.56,14.64,-43.92,-39.04
4.88,-87.84,-92.72,43.92,48.8,-92.72,185.44,24.4,58.56,14.64,-39.04,-39.04
0,-82.96,-82.96,43.92,39.04,-82.96,195.2,29.28,63.44,14.64,-39.04,-34.16
-9.76,-82.96,-73.2,48.8,29.28,-78.08,195.2,19.52,63.44,19.52,-43.92,-39.04
-9.76,-78.08,-68.32,43.92,29.28,-73.2,195.2,19.52,63.44,19.52,-39.04,-39.04
-4.88,-73.2,-68.32,39.04,29.28,-73.2,185.44,14.64,58.56,14.64,-48.8,-48.8
-9.76,-73.2,-63.44,43.92,24.4,-68.32,170.8,-4.88,43.92,0,-63.44,-53.68
-14.64,-68.32,-53.68,43.92,19.52,-63.44,165.92,-14.64,48.8,0,-63.44,-53.68
-19.52,-73.2,-53.68,48.8,14.64,-63.44,156.16,-19.52,43.92,-4.88,-63.44,-53.68
-19.52,-73.2,-53.68,48.8,14.64,-63.44,146.4,-29.28,43.92,-4.88,-58.56,-48.8
-14.64,-68.32,-53.68,43.92,19.52,-63.44,141.52,-29.28,48.8,4.88,-48.8,-39.04
-14.64,-68.32,-53.68,43.92,19.52,-63.44,131.76,-34.16,53.68,9.76,-34.16,-34.16
-14.64,-68.32,-53.68,43.92,19.52,-63.44,126.88,-34.16,48.8,9.76,-34.16,-34.16
-14.64,-68.32,-53.68,43.92,19.52,-63.44,126.88,-24.4,48.8,19.52,-24.4,-29.28
-14.64,-73.2,-58.56,43.92,19.52,-68.32,122,-19.52,53.68,19.52,-24.4,-24.4
0,-68.32,-68.32,34.16,34.16,-68.32,117.12,-29.28,43.92,14.64,-24.4,-34.16
-4.88,-73.2,-68.32,39.04,29.28,-73.2,117.12,-24.4,39.04,9.76,-34.16,-39.04
-9.76,-78.08,-68.32,43.92,29.28,-73.2,112.24,-24.4,43.92,14.64,-39.04,-39.04
0,-78.08,-78.08,39.04,39.04,-78.08,102.48,-24.4,39.04,0,-43.92,-39.04
-4.88,-82.96,-78.08,43.92,34.16,-82.96,102.48,-14.64,43.92,4.88,-34.16,-39.04
9.76,-82.96,-92.72,39.04,48.8,-87.84,107.36,-4.88,53.68,14.64,-29.28,-34.16
4.88,-82.96,-87.84,39.04,43.92,-87.84,112.24,4.88,58.56,24.4,-24.4,-24.4
4.88,-92.72,-97.6,43.92,48.8,-97.6,107.36,4.88,53.68,19.52,-19.52,-24.4
4.88,-97.6,-102.48,48.8,53.68,-102.48,122,14.64,53.68,24.4,-19.52,-19.52
4.88,-102.48,-107.36,48.8,53.68,-107.36,126.88,19.52,53.68,9.76,-39.04,-39.04
19.52,-107.36,-126.88,43.92,73.2,-117.12,126.88,24.4,58.56,4.88,-48.8,-53.68
24.4,-112.24,-136.64,43.92,78.08,-126.88,131.76,48.8,82.96,29.28,-29.28,-43.92
24.4,-126.88,-151.28,53.68,87.84,-141.52,141.52,87.84,136.64,87.84,14.64,-19.52
39.04,-117.12,-156.16,39.04,97.6,-136.64,151.28,131.76,234.24,195.2,102.48,29.28
48.8,-112.24,-161.04,34.16,102.48,-136.64,175.68,190.32,341.6,322.08,224.48,107.36
58.56,-117.12,-175.68,29.28,117.12,-146.4,175.68,239.12,424.56,453.84,351.36,209.84
78.08,-107.36,-185.44,14.64,131.76,-146.4,165.92,268.4,478.24,556.32,512.4,356.24
92.72,-78.08,-170.8,-4.88,131.76,-126.88,131.76,263.52,468.48,644.16,683.2,536.8
126.88,-48.8,-175.68,-39.04,151.28,-112.24,97.6,268.4,473.36,751.52,902.8,771.04
175.68,-19.52,-195.2,-78.08,185.44,-107.36,43.92,258.64,463.6,844.24,1107.76,1015.04
219.6,9.76,-209.84,-112.24,214.72,-102.48,-19.52,224.48,424.56,878.4,1278.56,1249.28
283.04,82.96,-200.08,-180.56,239.12,-58.56,-92.72,165.92,351.36,917.44,1464,1512.8
322.08,165.92,-156.16,-244,239.12,4.88,-170.8,107.36,312.32,1024.8,1688.48,1781.2
351.36,244,-107.36,-297.68,229.36,68.32,-224.48,82.96,331.84,1166.32,1917.84,2010.56
375.76,326.96,-48.8,-351.36,209.84,136.64,-258.64,53.68,351.36,1288.32,2132.56,2230.16
400.16,395.28,-4.88,-395.28,200.08,195.2,-307.44,9.76,326.96,1376.16,2318,2430.24
414.8,419.68,4.88,-414.8,204.96,209.84,-331.84,-4.88,317.2,1410.32,2435.12,2566.88
424.56,424.56,0,-424.56,209.84,209.84,-326.96,0,326.96,1459.12,2493.68,2615.68
414.8,429.44,14.64,-419.68,200.08,219.6,-326.96,0,317.2,1498.16,2522.96,2610.8
395.28,424.56,29.28,-409.92,180.56,224.48,-292.8,14.64,331.84,1532.32,2498.56,2527.84
351.36,390.4,39.04,-370.88,156.16,214.72,-224.48,53.68,414.8,1586,2420.48,2361.92
307.44,366,58.56,-336.72,122,209.84,-185.44,63.44,453.84,1576.24,2283.84,2113.04
253.76,366,112.24,-307.44,68.32,239.12,-122,73.2,507.52,1615.28,2132.56,1756.8
195.2,302.56,107.36,-248.88,43.92,204.96,-29.28,141.52,649.04,1703.12,1961.76,1288.32
131.76,219.6,87.84,-175.68,19.52,151.28,82.96,244,834.48,1703.12,1673.84,780.8
63.44,151.28,87.84,-107.36,-14.64,117.12,209.84,312.32,956.48,1517.68,1151.68,214.72
-14.64,107.36,122,-43.92,-68.32,112.24,317.2,351.36,1039.44,1215.12,570.96,-322.08
-53.68,87.84,141.52,-14.64,-97.6,112.24,380.64,361.12,1039.44,878.4,195.2,-556.32
-97.6,58.56,156.16,19.52,-126.88,107.36,429.44,361.12,1029.68,473.36,-170.8,-678.32
-141.52,24.4,165.92,58.56,-156.16,92.72,497.76,380.64,1049.2,146.4,-483.12,-771.04
-151.28,-14.64,136.64,82.96,-146.4,58.56,551.44,429.44,1073.6,-29.28,-692.96,-810.08
-151.28,-82.96,68.32,117.12,-112.24,-9.76,585.6,458.72,1000.4,-165.92,-790.56,-814.96
-151.28,-131.76,19.52,141.52,-87.84,-58.56,624.64,483.12,932.08,-263.52,-800.32,-814.96
-151.28,-175.68,-24.4,165.92,-63.44,-102.48,673.44,536.8,868.64,-351.36,-814.96,-829.6
-156.16,-214.72,-58.56,185.44,-48.8,-136.64,697.84,556.32,775.92,-463.6,-834.48,-829.6
-151.28,-244,-92.72,200.08,-29.28,-170.8,732,580.72,732,-531.92,-844.24,-829.6
-156.16,-263.52,-107.36,209.84,-24.4,-185.44,771.04,600.24,717.36,-580.72,-868.64,-849.12
-165.92,-292.8,-126.88,229.36,-19.52,-209.84,814.96,605.12,663.68,-629.52,-897.92,-863.76
-161.04,-302.56,-141.52,234.24,-9.76,-224.48,863.76,610,624.64,-653.92,-907.68,-858.88
-170.8,-307.44,-136.64,239.12,-19.52,-224.48,888.16,610,561.2,-688.08,-912.56,-863.76
-175.68,-322.08,-146.4,248.88,-14.64,-234.24,912.56,624.64,512.4,-722.24,-907.68,-863.76
-185.44,-341.6,-156.16,263.52,-14.64,-248.88,946.72,663.68,536.8,-717.36,-897.92,-844.24
-185.44,-346.48,-161.04,268.4,-14.64,-253.76,971.12,673.44,517.28,-732,-893.04,-834.48
-185.44,-346.48,-161.04,268.4,-14.64,-253.76,1005.28,668.56,453.84,-751.52,-888.16,-819.84
-190.32,-351.36,-161.04,273.28,-14.64,-258.64,1039.44,692.96,463.6,-751.52,-873.52,-805.2
-185.44,-361.12,-175.68,273.28,-4.88,-268.4,1102.88,761.28,551.44,-712.48,-844.24,-785.68
-175.68,-351.36,-175.68,263.52,0,-263.52,1137.04,814.96,629.52,-678.32,-814.96,-761.28
-180.56,-341.6,-161.04,263.52,-9.76,-253.76,1141.92,863.76,692.96,-634.4,-771.04,-727.12
-175.68,-331.84,-156.16,253.76,-9.76,-244,1156.56,932.08,775.92,-580.72,-727.12,-697.84
-161.04,-307.44,-146.4,234.24,-9.76,-229.36,1141.92,976,810.08,-527.04,-673.44,-649.04
-156.16,-283.04,-126.88,219.6,-14.64,-204.96,1102.88,951.6,673.44,-522.16,-639.28,-610
-156.16,-244,-87.84,200.08,-34.16,-165.92,1068.72,878.4,458.72,-522.16,-595.36,-561.2
-151.28,-214.72,-63.44,185.44,-43.92,-141.52,1029.68,785.68,283.04,-522.16,-580.72,-541.68
-151.28,-195.2,-43.92,175.68,-53.68,-122,1000.4,736.88,204.96,-497.76,-546.56,-507.52
-146.4,-161.04,-14.64,156.16,-68.32,-87.84,966.24,678.32,122,-483.12,-522.16,-478.24
-146.4,-151.28,-4.88,151.28,-73.2,-78.08,946.72,634.4,34.16,-473.36,-507.52,-478.24
-146.4,-126.88,19.52,136.64,-82.96,-53.68,897.92,570.96,-73.2,-473.36,-497.76,-473.36
-131.76,-107.36,24.4,122,-78.08,-43.92,819.84,502.64,-165.92,-463.6,-483.12,-444.08
-131.76,-92.72,39.04,112.24,-87.84,-29.28,751.52,434.32,-253.76,-468.48,-463.6,-434.32
-122,-87.84,34.16,107.36,-78.08,-29.28,692.96,375.76,-297.68,-458.72,-448.96,-414.8
-122,-82.96,39.04,102.48,-82.96,-24.4,653.92,317.2,-331.84,-448.96,-429.44,-385.52
-122,-73.2,48.8,97.6,-87.84,-14.64,605.12,263.52,-351.36,-439.2,-409.92,-375.76
-112.24,-58.56,53.68,87.84,-82.96,-4.88,551.44,195.2,-390.4,-434.32,-405.04,-366
-107.36,-58.56,48.8,82.96,-78.08,-4.88,497.76,131.76,-414.8,-434.32,-390.4,-346.48
-97.6,-58.56,39.04,78.08,-68.32,-9.76,468.48,78.08,-424.56,-419.68,-366,-331.84
-87.84,-63.44,24.4,78.08,-58.56,-19.52,424.56,39.04,-434.32,-405.04,-351.36,-307.44
-82.96,-68.32,14.64,78.08,-48.8,-29.28,375.76,9.76,-448.96,-385.52,-346.48,-302.56
-78.08,-63.44,14.64,73.2,-48.8,-24.4,336.72,-29.28,-444.08,-370.88,-331.84,-287.92
-68.32,-58.56,9.76,63.44,-39.04,-24.4,278.16,-58.56,-434.32,-351.36,-307.44,-268.4
-58.56,-63.44,-4.88,63.44,-29.28,-34.16,234.24,-78.08,-414.8,-322.08,-287.92,-253.76
-39.04,-58.56,-19.52,48.8,-9.76,-39.04,200.08,-92.72,-390.4,-297.68,-258.64,-224.48
-34.16,-68.32,-34.16,53.68,0,-53.68,170.8,-92.72,-370.88,-273.28,-234.24,-204.96
-29.28,-68.32,-39.04,48.8,4.88,-53.68,161.04,-82.96,-336.72,-244,-214.72,-190.32
-19.52,-58.56,-39.04,39.04,9.76,-48.8,146.4,-82.96,-317.2,-229.36,-195.2,-180.56
-9.76,-63.44,-53.68,39.04,19.52,-58.56,131.76,-78.08,-292.8,-204.96,-180.56,-165.92
4.88,-68.32,-73.2,34.16,39.04,-73.2,122,-68.32,-268.4,-175.68,-165.92,-156.16
14.64,-78.08,-92.72,34.16,53.68,-87.84,112.24,-53.68,-244,-151.28,-146.4,-141.52
14.64,-82.96,-97.6,34.16,53.68,-92.72,112.24,-39.04,-234.24,-141.52,-131.76,-122
29.28,-82.96,-112.24,29.28,68.32,-97.6,102.48,-29.28,-224.48,-141.52,-126.88,-117.12
29.28,-82.96,-112.24,29.28,68.32,-97.6,97.6,-29.28,-224.48,-141.52,-126.88,-117.12
34.16,-78.08,-112.24,24.4,73.2,-97.6,92.72,-24.4,-224.48,-141.52,-122,-117.12
29.28,-82.96,-112.24,29.28,68.32,-97.6,87.84,-14.64,-214.72,-136.64,-117.12,-107.36
29.28,-82.96,-112.24,29.28,68.32,-97.6,78.08,-19.52,-219.6,-141.52,-112.24,-107.36
34.16,-78.08,-112.24,24.4,73.2,-97.6,68.32,-14.64,-224.48,-131.76,-107.36,-97.6
34.16,-82.96,-117.12,24.4,73.2,-102.48,53.68,-14.64,-234.24,-117.12,-107.36,-97.6
34.16,-87.84,-122,29.28,78.08,-107.36,43.92,-14.64,-239.12,-126.88,-107.36,-97.6
39.04,-92.72,-131.76,29.28,82.96,-112.24,48.8,-14.64,-248.88,-131.76,-107.36,-107.36
34.16,-107.36,-141.52,39.04,87.84,-126.88,39.04,-4.88,-253.76,-136.64,-107.36,-97.6
39.04,-102.48,-141.52,34.16,87.84,-122,34.16,0,-253.76,-136.64,-107.36,-92.72
43.92,-112.24,-156.16,34.16,97.6,-136.64,39.04,14.64,-244,-117.12,-92.72,-82.96
34.16,-117.12,-151.28,43.92,92.72,-136.64,29.28,14.64,-248.88,-117.12,-87.84,-78.08
39.04,-107.36,-146.4,34.16,92.72,-126.88,24.4,14.64,-253.76,-112.24,-82.96,-68.32
43.92,-97.6,-141.52,29.28,92.72,-122,14.64,9.76,-253.76,-112.24,-73.2,-63.44
43.92,-82.96,-126.88,19.52,82.96,-107.36,4.88,4.88,-273.28,-122,-68.32,-58.56
48.8,-73.2,-122,14.64,82.96,-97.6,4.88,0,-278.16,-122,-63.44,-53.68
39.04,-82.96,-122,24.4,78.08,-102.48,4.88,4.88,-283.04,-117.12,-48.8,-43.92
48.8,-73.2,-122,14.64,82.96,-97.6,0,0,-297.68,-126.88,-39.04,-43.92
48.8,-78.08,-126.88,14.64,87.84,-102.48,-14.64,-4.88,-322.08,-122,-34.16,-34.16
48.8,-68.32,-117.12,9.76,82.96,-92.72,-19.52,0,-322.08,-117.12,-14.64,-14.64
58.56,-63.44,-122,4.88,87.84,-92.72,-9.76,-9.76,-336.72,-117.12,4.88,-4.88
53.68,-58.56,-112.24,4.88,82.96,-87.84,-14.64,-14.64,-356.24,-126.88,14.64,9.76
48.8,-58.56,-107.36,4.88,78.08,-82.96,-24.4,-19.52,-380.64,-126.88,29.28,29.28
58.56,-48.8,-107.36,-4.88,82.96,-78.08,-34.16,-29.28,-390.4,-126.88,48.8,53.68
58.56,-43.92,-102.48,-4.88,78.08,-73.2,-48.8,-34.16,-414.8,-131.76,68.32,73.2
68.32,-34.16,-102.48,-14.64,82.96,-68.32,-48.8,-39.04,-429.44,-122,92.72,97.6
68.32,-34.16,-102.48,-14.64,82.96,-68.32,-58.56,-48.8,-444.08,-107.36,117.12,117.12
73.2,-34.16,-107.36,-19.52,87.84,-73.2,-58.56,-58.56,-468.48,-107.36,136.64,136.64
82.96,-19.52,-102.48,-29.28,92.72,-63.44,-78.08,-73.2,-502.64,-107.36,146.4,146.4
82.96,-4.88,-87.84,-39.04,82.96,-48.8,-92.72,-102.48,-531.92,-107.36,151.28,156.16
78.08,-4.88,-82.96,-34.16,78.08,-43.92,-97.6,-117.12,-551.44,-112.24,165.92,165.92
78.08,0,-78.08,-39.04,78.08,-39.04,-107.36,-131.76,-575.84,-117.12,170.8,185.44
73.2,9.76,-63.44,-39.04,68.32,-29.28,-112.24,-136.64,-600.24,-117.12,180.56,195.2
82.96,24.4,-58.56,-53.68,68.32,-19.52,-117.12,-156.16,-605.12,-112.24,185.44,204.96
82.96,34.16,-48.8,-58.56,63.44,-9.76,-117.12,-165.92,-619.76,-107.36,200.08,219.6
82.96,43.92,-39.04,-63.44,58.56,0,-126.88,-175.68,-634.4,-107.36,209.84,224.48
87.84,48.8,-39.04,-68.32,63.44,4.88,-126.88,-185.44,-639.28,-97.6,214.72,239.12
87.84,48.8,-39.04,-68.32,63.44,4.88,-131.76,-195.2,-653.92,-102.48,219.6,234.24
92.72,58.56,-34.16,-73.2,63.44,9.76,-146.4,-204.96,-678.32,-107.36,214.72,234.24
97.6,73.2,-24.4,-82.96,58.56,24.4,-146.4,-219.6,-683.2,-102.48,214.72,224.48
87.84,73.2,-14.64,-78.08,48.8,29.28,-141.52,-229.36,-678.32,-102.48,209.84,224.48
92.72,78.08,-14.64,-82.96,53.68,29.28,-136.64,-234.24,-668.56,-107.36,209.84,234.24
87.84,78.08,-9.76,-82.96,48.8,34.16,-126.88,-219.6,-653.92,-97.6,214.72,239.12
87.84,82.96,-4.88,-82.96,43.92,39.04,-122,-214.72,-634.4,-97.6,209.84,234.24
92.72,87.84,-4.88,-87.84,48.8,39.04,-97.6,-200.08,-619.76,-87.84,209.84,229.36
87.84,92.72,4.88,-87.84,39.04,48.8,-97.6,-190.32,-600.24,-78.08,195.2,219.6
87.84,97.6,9.76,-92.72,39.04,53.68,-82.96,-185.44,-566.08,-53.68,195.2,219.6
92.72,112.24,19.52,-102.48,34.16,63.44,-73.2,-165.92,-541.68,-43.92,195.2,214.72
97.6,112.24,14.64,-102.48,39.04,63.44,-68.32,-151.28,-517.28,-29.28,204.96,214.72
97.6,122,24.4,-107.36,34.16,73.2,-53.68,-136.64,-483.12,-19.52,209.84,214.72
92.72,117.12,24.4,-102.48,34.16,68.32,-39.04,-122,-453.84,-9.76,204.96,204.96
92.72,117.12,24.4,-102.48,34.16,68.32,-34.16,-102.48,-429.44,-4.88,195.2,195.2
82.96,122,39.04,-102.48,19.52,78.08,-29.28,-82.96,-390.4,0,195.2,190.32
73.2,117.12,43.92,-92.72,14.64,78.08,-14.64,-63.44,-356.24,9.76,190.32,190.32
78.08,122,43.92,-97.6,14.64,82.96,0,-34.16,-331.84,14.64,180.56,180.56
78.08,117.12,39.04,-97.6,19.52,78.08,4.88,0,-307.44,19.52,180.56,175.68
73.2,102.48,29.28,-87.84,19.52,63.44,24.4,19.52,-268.4,43.92,180.56,161.04
78.08,107.36,29.28,-92.72,24.4,68.32,39.04,34.16,-244,48.8,170.8,151.28
73.2,107.36,34.16,-87.84,19.52,68.32,48.8,39.04,-239.12,39.04,156.16,136.64
68.32,102.48,34.16,-82.96,14.64,68.32,73.2,53.68,-209.84,48.8,151.28,131.76
73.2,107.36,34.16,-87.84,19.52,68.32,102.48,73.2,-190.32,53.68,146.4,122
63.44,92.72,29.28,-78.08,14.64,58.56,112.24,82.96,-170.8,53.68,136.64,117.12
68.32,92.72,24.4,-78.08,19.52,58.56,122,97.6,-136.64,63.44,131.76,117.12
73.2,102.48,29.28,-87.84,19.52,63.44,136.64,112.24,-117.12,73.2,141.52,117.12
68.32,92.72,24.4,-78.08,19.52,58.56,156.16,122,-107.36,68.32,131.76,112.24
68.32,92.72,24.4,-78.08,19.52,58.56,161.04,126.88,-107.36,68.32,122,97.6
58.56,82.96,24.4,-68.32,14.64,53.68,180.56,136.64,-97.6,73.2,117.12,87.84
58.56,73.2,14.64,-63.44,19.52,43.92,190.32,146.4,-97.6,63.44,102.48,78.08
63.44,73.2,9.76,-68.32,24.4,39.04,209.84,156.16,-92.72,68.32,102.48,68.32
63.44,63.44,0,-63.44,29.28,29.28,224.48,170.8,-87.84,78.08,97.6,58.56
63.44,68.32,4.88,-63.44,29.28,34.16,234.24,185.44,-73.2,78.08,87.84,53.68
63.44,63.44,0,-63.44,29.28,29.28,244,195.2,-63.44,73.2,82.96,48.8
63.44,53.68,-9.76,-58.56,34.16,19.52,244,209.84,-48.8,78.08,73.2,43.92
68.32,58.56,-9.76,-63.44,39.04,24.4,258.64,234.24,-29.28,87.84,73.2,39.04
63.44,43.92,-19.52,-53.68,39.04,9.76,273.28,248.88,-24.4,82.96,68.32,34.16
63.44,39.04,-24.4,-48.8,43.92,4.88,273.28,258.64,-24.4,78.08,58.56,19.52
58.56,24.4,-34.16,-39.04,43.92,-4.88,297.68,273.28,-4.88,92.72,68.32,14.64
48.8,9.76,-39.04,-29.28,43.92,-14.64,312.32,283.04,-4.88,82.96,63.44,0
58.56,14.64,-43.92,-34.16,48.8,-14.64,322.08,292.8,-9.76,78.08,53.68,-9.76
58.56,19.52,-39.04,-39.04,48.8,-9.76,326.96,292.8,4.88,82.96,48.8,-19.52
53.68,4.88,-48.8,-29.28,48.8,-24.4,341.6,302.56,9.76,82.96,43.92,-29.28
53.68,4.88,-48.8,-29.28,48.8,-24.4,366,312.32,24.4,78.08,39.04,-34.16
53.68,0,-53.68,-24.4,53.68,-29.28,375.76,331.84,39.04,82.96,34.16,-39.04
53.68,-4.88,-58.56,-24.4,53.68,-34.16,390.4,341.6,53.68,82.96,34.16,-48.8
48.8,-4.88,-53.68,-19.52,48.8,-29.28,414.8,361.12,63.44,87.84,29.28,-48.8
43.92,-14.64,-58.56,-14.64,48.8,-39.04,419.68,366,73.2,82.96,14.64,-58.56
48.8,-19.52,-68.32,-14.64,58.56,-43.92,424.56,375.76,92.72,87.84,9.76,-68.32
43.92,-24.4,-68.32,-9.76,53.68,-48.8,439.2,380.64,87.84,82.96,0,-82.96
43.92,-29.28,-73.2,-4.88,58.56,-53.68,439.2,390.4,92.72,87.84,0,-87.84
43.92,-34.16,-78.08,-4.88,58.56,-58.56,453.84,405.04,102.48,92.72,-4.88,-97.6
34.16,-53.68,-87.84,9.76,58.56,-73.2,478.24,419.68,112.24,92.72,-4.88,-107.36
39.04,-53.68,-92.72,9.76,63.44,-73.2,478.24,429.44,122,92.72,-9.76,-112.24
39.04,-53.68,-92.72,9.76,63.44,-73.2,492.88,439.2,141.52,97.6,-4.88,-107.36
34.16,-53.68,-87.84,9.76,58.56,-73.2,502.64,448.96,151.28,97.6,-4.88,-107.36
43.92,-53.68,-97.6,4.88,68.32,-78.08,522.16,458.72,156.16,97.6,0,-112.24
39.04,-53.68,-92.72,9.76,63.44,-73.2,527.04,473.36,161.04,97.6,0,-107.36
39.04,-58.56,-97.6,9.76,68.32,-78.08,531.92,473.36,170.8,97.6,0,-112.24
43.92,-58.56,-102.48,9.76,73.2,-82.96,551.44,488,175.68,107.36,4.88,-107.36
39.04,-58.56,-97.6,9.76,68.32,-78.08,541.68,483.12,170.8,102.48,0,-112.24
34.16,-73.2,-107.36,19.52,68.32,-92.72,546.56,478.24,161.04,112.24,0,-112.24
39.04,-82.96,-122,24.4,78.08,-102.48,556.32,488,170.8,122,9.76,-102.48
34.16,-82.96,-117.12,24.4,73.2,-102.48,551.44,483.12,170.8,117.12,9.76,-102.48
39.04,-78.08,-117.12,19.52,78.08,-97.6,566.08,483.12,175.68,122,19.52,-102.48
39.04,-73.2,-112.24,19.52,73.2,-92.72,570.96,478.24,185.44,136.64,39.04,-92.72
39.04,-68.32,-107.36,14.64,73.2,-87.84,580.72,478.24,190.32,146.4,53.68,-78.08
48.8,-53.68,-102.48,4.88,73.2,-78.08,580.72,468.48,185.44,151.28,63.44,-68.32
53.68,-53.68,-107.36,0,78.08,-82.96,575.84,448.96,185.44,156.16,68.32,-78.08
53.68,-53.68,-107.36,0,78.08,-82.96,575.84,448.96,185.44,175.68,82.96,-58.56
53.68,-48.8,-102.48,0,78.08,-78.08,580.72,444.08,175.68,175.68,102.48,-43.92
53.68,-53.68,-107.36,0,78.08,-82.96,580.72,429.44,175.68,185.44,102.48,-39.04
53.68,-48.8,-102.48,0,78.08,-78.08,575.84,424.56,170.8,185.44,107.36,-39.04
43.92,-48.8,-92.72,4.88,68.32,-73.2,580.72,424.56,175.68,195.2,122,-19.52
53.68,-29.28,-82.96,-9.76,68.32,-58.56,575.84,414.8,175.68,200.08,131.76,-4.88
58.56,-14.64,-73.2,-19.52,63.44,-43.92,580.72,409.92,185.44,214.72,141.52,4.88
58.56,-9.76,-68.32,-24.4,63.44,-39.04,570.96,405.04,180.56,214.72,141.52,9.76
58.56,0,-58.56,-29.28,58.56,-29.28,580.72,409.92,195.2,234.24,151.28,19.52
68.32,4.88,-63.44,-34.16,63.44,-29.28,585.6,405.04,200.08,248.88,170.8,29.28
73.2,0,-73.2,-34.16,73.2,-39.04,595.36,409.92,204.96,253.76,175.68,43.92
78.08,4.88,-73.2,-39.04,73.2,-34.16,590.48,405.04,200.08,263.52,180.56,48.8
73.2,4.88,-68.32,-39.04,68.32,-34.16,595.36,395.28,200.08,263.52,185.44,58.56
73.2,4.88,-68.32,-39.04,68.32,-34.16,600.24,400.16,204.96,268.4,200.08,63.44
63.44,9.76,-53.68,-34.16,58.56,-24.4,605.12,405.04,214.72,283.04,214.72,82.96
58.56,14.64,-43.92,-34.16,48.8,-14.64,605.12,390.4,219.6,278.16,214.72,87.84
68.32,29.28,-39.04,-48.8,53.68,-4.88,610,385.52,214.72,283.04,214.72,82.96
68.32,39.04,-29.28,-53.68,48.8,4.88,600.24,375.76,204.96,268.4,209.84,87.84
63.44,43.92,-19.52,-53.68,39.04,9.76,595.36,366,200.08,263.52,204.96,82.96
68.32,43.92,-24.4,-53.68,43.92,9.76,590.48,366,200.08,263.52,214.72,78.08
63.44,39.04,-24.4,-48.8,43.92,4.88,575.84,375.76,204.96,268.4,214.72,82.96
73.2,43.92,-29.28,-58.56,48.8,4.88,566.08,370.88,195.2,268.4,209.84,78.08
78.08,48.8,-29.28,-63.44,53.68,9.76,546.56,356.24,195.2,263.52,204.96,73.2
63.44,34.16,-29.28,-48.8,43.92,0,546.56,356.24,190.32,258.64,200.08,73.2
68.32,39.04,-29.28,-53.68,48.8,4.88,546.56,351.36,200.08,258.64,200.08,82.96
78.08,48.8,-29.28,-63.44,53.68,9.76,541.68,341.6,190.32,248.88,200.08,78.08
73.2,39.04,-34.16,-53.68,53.68,0,536.8,341.6,190.32,244,180.56,68.32
73.2,43.92,-29.28,-58.56,48.8,4.88,541.68,341.6,185.44,239.12,175.68,68.32
68.32,43.92,-24.4,-53.68,43.92,9.76,536.8,326.96,180.56,229.36,170.8,63.44
68.32,39.04,-29.28,-53.68,48.8,4.88,531.92,326.96,180.56,229.36,175.68,53.68
68.32,34.16,-34.16,-48.8,48.8,0,527.04,326.96,175.68,224.48,175.68,53.68
63.44,29.28,-34.16,-43.92,48.8,-4.88,517.28,312.32,156.16,219.6,165.92,43.92
68.32,34.16,-34.16,-48.8,48.8,0,512.4,297.68,146.4,209.84,156.16,34.16
58.56,19.52,-39.04,-39.04,48.8,-9.76,507.52,302.56,141.52,200.08,151.28,29.28
48.8,14.64,-34.16,-29.28,39.04,-9.76,497.76,297.68,131.76,185.44,136.64,19.52
48.8,19.52,-29.28,-34.16,39.04,-4.88,497.76,292.8,126.88,180.56,131.76,14.64
43.92,9.76,-34.16,-24.4,39.04,-14.64,497.76,297.68,131.76,170.8,126.88,14.64
39.04,0,-39.04,-19.52,39.04,-19.52,502.64,302.56,136.64,161.04,126.88,9.76
39.04,4.88,-34.16,-19.52,34.16,-14.64,497.76,302.56,131.76,165.92,126.88,14.64
43.92,-4.88,-48.8,-19.52,43.92,-29.28,488,297.68,122,151.28,112.24,0
43.92,4.88,-39.04,-24.4,39.04,-19.52,488,297.68,117.12,151.28,97.6,-4.88
43.92,4.88,-39.04,-24.4,39.04,-19.52,483.12,297.68,112.24,141.52,87.84,-14.64
34.16,-4.88,-39.04,-14.64,34.16,-24.4,488,297.68,112.24,131.76,78.08,-24.4
43.92,-9.76,-53.68,-14.64,48.8,-34.16,497.76,317.2,117.12,136.64,87.84,-24.4
48.8,-9.76,-58.56,-19.52,53.68,-34.16,492.88,317.2,126.88,151.28,87.84,-24.4
48.8,-9.76,-58.56,-19.52,53.68,-34.16,497.76,322.08,122,141.52,87.84,-29.28
53.68,-4.88,-58.56,-24.4,53.68,-34.16,492.88,322.08,112.24,122,78.08,-39.04
48.8,-14.64,-63.44,-14.64,53.68,-39.04,488,317.2,107.36,117.12,68.32,-48.8
48.8,-9.76,-58.56,-19.52,53.68,-34.16,483.12,322.08,112.24,122,68.32,-39.04
48.8,-29.28,-78.08,-9.76,63.44,-53.68,483.12,317.2,102.48,112.24,63.44,-53.68
48.8,-34.16,-82.96,-4.88,63.44,-58.56,497.76,322.08,102.48,112.24,58.56,-58.56
53.68,-34.16,-87.84,-9.76,68.32,-63.44,492.88,326.96,102.48,112.24,53.68,-58.56
48.8,-34.16,-82.96,-4.88,63.44,-58.56,488,312.32,87.84,97.6,39.04,-73.2
48.8,-43.92,-92.72,0,68.32,-68.32,488,322.08,87.84,97.6,34.16,-78.08
48.8,-34.16,-82.96,-4.88,63.44,-58.56,492.88,326.96,87.84,97.6,34.16,-73.2
48.8,-34.16,-82.96,-4.88,63.44,-58.56,497.76,331.84,87.84,92.72,39.04,-73.2
53.68,-29.28,-82.96,-9.76,68.32,-58.56,502.64,336.72,87.84,92.72,39.04,-68.32
48.8,-34.16,-82.96,-4.88,63.44,-58.56,497.76,336.72,87.84,82.96,39.04,-78.08
48.8,-34.16,-82.96,-4.88,63.44,-58.56,497.76,336.72,82.96,78.08,34.16,-82.96
53.68,-34.16,-87.84,-9.76,68.32,-63.44,502.64,341.6,82.96,92.72,39.04,-78.08
48.8,-39.04,-87.84,-4.88,68.32,-63.44,512.4,346.48,87.84,97.6,39.04,-78.08
48.8,-43.92,-92.72,0,68.32,-68.32,512.4,341.6,92.72,97.6,34.16,-82.96
53.68,-39.04,-92.72,-4.88,73.2,-68.32,517.28,341.6,82.96,87.84,24.4,-92.72
48.8,-43.92,-92.72,0,68.32,-68.32,517.28,341.6,78.08,82.96,19.52,-92.72
48.8,-34.16,-82.96,-4.88,63.44,-58.56,522.16,346.48,82.96,82.96,19.52,-92.72
53.68,-29.28,-82.96,-9.76,68.32,-58.56,527.04,346.48,78.08,78.08,24.4,-97.6
58.56,-24.4,-82.96,-14.64,68.32,-53.68,536.8,346.48,73.2,78.08,24.4,-97.6
68.32,-19.52,-87.84,-24.4,78.08,-53.68,541.68,346.48,73.2,73.2,24.4,-102.48
58.56,-24.4,-82.96,-14.64,68.32,-53.68,546.56,341.6,73.2,73.2,19.52,-97.6
63.44,-29.28,-92.72,-14.64,78.08,-63.44,556.32,346.48,68.32,68.32,14.64,-102.48
63.44,-29.28,-92.72,-14.64,78.08,-63.44,570.96,341.6,63.44,68.32,9.76,-107.36
58.56,-34.16,-92.72,-9.76,73.2,-63.44,566.08,331.84,53.68,58.56,0,-112.24
53.68,-34.16,-87.84,-9.76,68.32,-63.44,575.84,322.08,43.92,53.68,-9.76,-117.12
43.92,-48.8,-92.72,4.88,68.32,-73.2,580.72,326.96,39.04,48.8,-9.76,-122
39.04,-43.92,-82.96,4.88,58.56,-63.44,590.48,322.08,39.04,43.92,-14.64,-122
43.92,-29.28,-73.2,-4.88,58.56,-53.68,614.88,322.08,43.92,48.8,-4.88,-117.12
34.16,-24.4,-58.56,-4.88,43.92,-43.92,619.76,317.2,39.04,43.92,-4.88,-122
34.16,-19.52,-53.68,-4.88,43.92,-39.04,619.76,317.2,34.16,43.92,-4.88,-122
39.04,-9.76,-48.8,-14.64,43.92,-29.28,624.64,302.56,29.28,43.92,-4.88,-117.12
39.04,-9.76,-48.8,-14.64,43.92,-29.28,624.64,287.92,14.64,43.92,-4.88,-122
43.92,0,-43.92,-19.52,43.92,-24.4,634.4,283.04,9.76,39.04,-4.88,-117.12
43.92,-4.88,-48.8,-19.52,43.92,-29.28,624.64,278.16,4.88,34.16,0,-117.12
43.92,-9.76,-53.68,-14.64,48.8,-34.16,634.4,273.28,0,34.16,-4.88,-117.12
43.92,-9.76,-53.68,-14.64,48.8,-34.16,634.4,278.16,0,34.16,-4.88,-122
34.16,-14.64,-48.8,-9.76,39.04,-34.16,644.16,283.04,0,39.04,0,-112.24
39.04,-9.76,-48.8,-14.64,43.92,-29.28,653.92,297.68,4.88,43.92,9.76,-107.36
39.04,-9.76,-48.8,-14.64,43.92,-29.28,668.56,297.68,9.76,48.8,14.64,-107.36
39.04,-4.88,-43.92,-14.64,39.04,-24.4,663.68,283.04,4.88,39.04,9.76,-122
39.04,4.88,-34.16,-19.52,34.16,-14.64,688.08,297.68,19.52,53.68,19.52,-107.36
39.04,9.76,-29.28,-24.4,34.16,-9.76,707.6,307.44,24.4,58.56,19.52,-112.24
43.92,19.52,-24.4,-29.28,34.16,-4.88,717.36,307.44,24.4,63.44,14.64,-112.24
48.8,24.4,-24.4,-34.16,34.16,0,727.12,307.44,24.4,58.56,19.52,-107.36
39.04,19.52,-19.52,-29.28,29.28,0,736.88,307.44,24.4,63.44,19.52,-102.48
43.92,19.52,-24.4,-29.28,34.16,-4.88,746.64,317.2,24.4,58.56,19.52,-112.24
43.92,29.28,-14.64,-34.16,29.28,4.88,766.16,317.2,29.28,58.56,14.64,-112.24
34.16,24.4,-9.76,-29.28,19.52,4.88,775.92,307.44,24.4,43.92,4.88,-122
39.04,34.16,-4.88,-34.16,19.52,14.64,771.04,297.68,4.88,39.04,4.88,-126.88
34.16,39.04,4.88,-34.16,14.64,19.52,756.4,292.8,-4.88,24.4,0,-126.88
34.16,43.92,9.76,-39.04,9.76,24.4,756.4,297.68,-4.88,29.28,0,-131.76
43.92,58.56,14.64,-48.8,14.64,34.16,761.28,292.8,-14.64,19.52,0,-146.4
43.92,73.2,29.28,-58.56,4.88,48.8,751.52,292.8,-29.28,14.64,-14.64,-156.16
48.8,87.84,39.04,-68.32,4.88,63.44,756.4,287.92,-39.04,4.88,-19.52,-156.16
43.92,92.72,48.8,-68.32,-4.88,68.32,761.28,287.92,-43.92,0,-34.16,-165.92
43.92,87.84,43.92,-63.44,0,63.44,756.4,287.92,-48.8,0,-34.16,-170.8
43.92,82.96,39.04,-63.44,0,58.56,761.28,292.8,-39.04,4.88,-29.28,-161.04
48.8,68.32,19.52,-58.56,14.64,43.92,766.16,302.56,-34.16,9.76,-19.52,-161.04
48.8,68.32,19.52,-58.56,14.64,43.92,771.04,312.32,-34.16,9.76,-19.52,-161.04
53.68,68.32,14.64,-58.56,19.52,39.04,761.28,302.56,-43.92,0,-24.4,-161.04
39.04,53.68,14.64,-43.92,9.76,34.16,761.28,297.68,-43.92,0,-19.52,-161.04
43.92,48.8,4.88,-43.92,19.52,24.4,775.92,302.56,-43.92,4.88,-14.64,-161.04
39.04,39.04,0,-39.04,19.52,19.52,771.04,312.32,-43.92,9.76,-19.52,-165.92
34.16,34.16,0,-34.16,14.64,14.64,771.04,307.44,-43.92,4.88,-24.4,-165.92
39.04,43.92,4.88,-39.04,14.64,24.4,775.92,302.56,-48.8,4.88,-24.4,-175.68
34.16,48.8,14.64,-39.04,9.76,29.28,766.16,302.56,-53.68,-4.88,-29.28,-180.56
39.04,63.44,24.4,-48.8,4.88,43.92,756.4,302.56,-63.44,-19.52,-39.04,-190.32
43.92,78.08,34.16,-58.56,4.88,53.68,751.52,307.44,-68.32,-14.64,-29.28,-185.44
43.92,68.32,24.4,-53.68,9.76,43.92,756.4,317.2,-53.68,-4.88,-24.4,-180.56
48.8,48.8,0,-48.8,24.4,24.4,766.16,331.84,-39.04,4.88,-14.64,-180.56
53.68,24.4,-29.28,-39.04,39.04,-4.88,771.04,336.72,-29.28,9.76,-9.76,-175.68
58.56,9.76,-48.8,-34.16,53.68,-19.52,771.04,346.48,-34.16,14.64,-4.88,-165.92
58.56,4.88,-53.68,-29.28,53.68,-24.4,775.92,351.36,-24.4,29.28,9.76,-161.04
53.68,0,-53.68,-24.4,53.68,-29.28,771.04,346.48,-29.28,19.52,4.88,-165.92
53.68,4.88,-48.8,-29.28,48.8,-24.4,761.28,341.6,-39.04,14.64,0,-170.8
68.32,4.88,-63.44,-34.16,63.44,-29.28,761.28,351.36,-34.16,19.52,4.88,-156.16
68.32,4.88,-63.44,-34.16,63.44,-29.28,756.4,346.48,-24.4,19.52,9.76,-136.64
73.2,4.88,-68.32,-39.04,68.32,-34.16,751.52,351.36,-19.52,24.4,14.64,-141.52
73.2,-4.88,-78.08,-34.16,73.2,-43.92,756.4,351.36,-24.4,24.4,14.64,-141.52
78.08,-24.4,-102.48,-24.4,87.84,-63.44,751.52,346.48,-24.4,19.52,9.76,-151.28
78.08,-34.16,-112.24,-19.52,92.72,-73.2,751.52,351.36,-14.64,48.8,19.52,-136.64
92.72,-34.16,-126.88,-29.28,107.36,-82.96,746.64,356.24,-19.52,58.56,14.64,-146.4
92.72,-34.16,-126.88,-29.28,107.36,-82.96,736.88,351.36,-14.64,63.44,19.52,-136.64
97.6,-39.04,-136.64,-29.28,117.12,-87.84,736.88,351.36,-4.88,68.32,24.4,-136.64
97.6,-53.68,-151.28,-19.52,122,-102.48,732,351.36,4.88,78.08,29.28,-131.76
97.6,-63.44,-161.04,-14.64,126.88,-112.24,727.12,356.24,14.64,82.96,29.28,-126.88
97.6,-68.32,-165.92,-14.64,131.76,-117.12,727.12,356.24,24.4,82.96,43.92,-122
102.48,-73.2,-175.68,-14.64,136.64,-126.88,712.48,346.48,24.4,82.96,39.04,-122
97.6,-68.32,-165.92,-14.64,131.76,-117.12,697.84,346.48,24.4,92.72,39.04,-112.24
97.6,-58.56,-156.16,-19.52,126.88,-107.36,668.56,326.96,14.64,82.96,29.28,-126.88
102.48,-48.8,-151.28,-24.4,126.88,-102.48,653.92,317.2,19.52,82.96,29.28,-126.88
102.48,-39.04,-141.52,-29.28,122,-92.72,644.16,317.2,29.28,92.72,43.92,-126.88
102.48,-39.04,-141.52,-29.28,122,-92.72,624.64,317.2,39.04,102.48,48.8,-117.12
102.48,-43.92,-146.4,-29.28,122,-97.6,619.76,307.44,43.92,107.36,48.8,-117.12
87.84,-53.68,-141.52,-14.64,112.24,-97.6,600.24,292.8,34.16,97.6,43.92,-122
73.2,-68.32,-141.52,0,107.36,-107.36,595.36,287.92,39.04,107.36,39.04,-122
87.84,-63.44,-151.28,-9.76,117.12,-107.36,575.84,283.04,39.04,97.6,34.16,-126.88
82.96,-63.44,-146.4,-9.76,112.24,-107.36,546.56,263.52,34.16,87.84,24.4,-136.64
82.96,-58.56,-141.52,-9.76,112.24,-102.48,536.8,253.76,29.28,92.72,19.52,-126.88
92.72,-43.92,-136.64,-24.4,112.24,-92.72,517.28,244,24.4,87.84,14.64,-131.76
92.72,-39.04,-131.76,-24.4,112.24,-87.84,497.76,239.12,29.28,87.84,24.4,-131.76
97.6,-34.16,-131.76,-29.28,112.24,-82.96,488,229.36,29.28,97.6,24.4,-122
92.72,-29.28,-122,-29.28,107.36,-78.08,463.6,219.6,24.4,92.72,24.4,-126.88
92.72,-39.04,-131.76,-24.4,112.24,-87.84,453.84,200.08,29.28,87.84,24.4,-122
82.96,-48.8,-131.76,-14.64,107.36,-92.72,444.08,195.2,29.28,87.84,24.4,-117.12
73.2,-63.44,-136.64,-4.88,102.48,-102.48,439.2,180.56,24.4,73.2,9.76,-122
73.2,-63.44,-136.64,-4.88,102.48,-102.48,434.32,175.68,39.04,68.32,9.76,-122
73.2,-63.44,-136.64,-4.88,102.48,-102.48,429.44,180.56,68.32,82.96,24.4,-102.48
73.2,-53.68,-126.88,-9.76,97.6,-92.72,414.8,180.56,102.48,126.88,53.68,-87.84
82.96,-34.16,-117.12,-24.4,97.6,-78.08,405.04,190.32,185.44,219.6,126.88,-39.04
87.84,-9.76,-97.6,-39.04,92.72,-53.68,395.28,209.84,287.92,341.6,239.12,29.28
107.36,9.76,-97.6,-58.56,102.48,-43.92,375.76,234.24,366,458.72,361.12,126.88
131.76,29.28,-102.48,-78.08,117.12,-39.04,346.48,229.36,390.4,541.68,497.76,239.12
136.64,48.8,-87.84,-92.72,112.24,-19.52,297.68,200.08,366,600.24,649.04,409.92
156.16,73.2,-82.96,-112.24,117.12,-4.88,253.76,195.2,370.88,712.48,858.88,639.28
204.96,102.48,-102.48,-151.28,151.28,0,190.32,180.56,375.76,800.32,1073.6,888.16
244,136.64,-107.36,-190.32,175.68,14.64,112.24,141.52,341.6,844.24,1244.4,1132.16
287.92,214.72,-73.2,-248.88,180.56,68.32,9.76,63.44,292.8,897.92,1439.6,1405.44
326.96,326.96,0,-326.96,161.04,161.04,-92.72,-24.4,239.12,995.52,1668.96,1678.72
356.24,424.56,68.32,-390.4,141.52,244,-170.8,-78.08,244,1137.04,1888.56,1908.08
380.64,502.64,122,-439.2,126.88,312.32,-224.48,-117.12,258.64,1254.16,2098.4,2127.68
395.28,566.08,170.8,-478.24,112.24,366,-292.8,-175.68,234.24,1337.12,2278.96,2332.64
409.92,585.6,175.68,-497.76,117.12,380.64,-326.96,-209.84,224.48,1376.16,2400.96,2479.04
414.8,580.72,165.92,-497.76,122,370.88,-341.6,-214.72,234.24,1420.08,2459.52,2547.36
400.16,580.72,180.56,-488,107.36,380.64,-351.36,-224.48,229.36,1454.24,2493.68,2562
390.4,580.72,190.32,-483.12,97.6,385.52,-356.24,-234.24,234.24,1478.64,2474.16,2483.92
346.48,546.56,200.08,-444.08,73.2,370.88,-326.96,-209.84,302.56,1517.68,2396.08,2318
302.56,527.04,224.48,-414.8,39.04,375.76,-312.32,-219.6,351.36,1522.56,2269.2,2078.88
239.12,522.16,283.04,-380.64,-24.4,400.16,-273.28,-234.24,395.28,1532.32,2103.28,1717.76
165.92,448.96,283.04,-307.44,-58.56,366,-204.96,-170.8,527.04,1610.4,1912.96,1249.28
107.36,356.24,248.88,-229.36,-73.2,302.56,-107.36,-73.2,707.6,1610.4,1639.68,751.52
34.16,292.8,258.64,-161.04,-112.24,273.28,-9.76,-14.64,834.48,1415.2,1102.88,161.04
-39.04,253.76,292.8,-107.36,-165.92,273.28,63.44,9.76,902.8,1093.12,512.4,-395.28
-92.72,229.36,322.08,-68.32,-209.84,273.28,102.48,0,907.68,761.28,122,-639.28
-136.64,195.2,331.84,-29.28,-234.24,263.52,136.64,0,902.8,361.12,-239.12,-761.28
-185.44,161.04,346.48,14.64,-268.4,253.76,170.8,9.76,922.32,53.68,-566.08,-858.88
-200.08,122,322.08,39.04,-263.52,219.6,200.08,43.92,941.84,-117.12,-766.16,-902.8
-209.84,58.56,268.4,78.08,-239.12,161.04,200.08,68.32,878.4,-258.64,-868.64,-912.56
-204.96,9.76,214.72,97.6,-209.84,112.24,219.6,82.96,814.96,-356.24,-883.28,-917.44
-214.72,-34.16,180.56,126.88,-200.08,73.2,229.36,122,746.64,-468.48,-917.44,-941.84
-214.72,-68.32,146.4,141.52,-180.56,39.04,239.12,156.16,658.8,-585.6,-951.6,-951.6
-204.96,-97.6,107.36,151.28,-156.16,4.88,244,180.56,614.88,-658.8,-971.12,-951.6
-209.84,-126.88,82.96,170.8,-146.4,-24.4,258.64,200.08,614.88,-702.72,-990.64,-966.24
-214.72,-156.16,58.56,185.44,-136.64,-48.8,292.8,219.6,580.72,-741.76,-1010.16,-966.24
-224.48,-180.56,43.92,204.96,-136.64,-68.32,322.08,219.6,541.68,-785.68,-1015.04,-966.24
-239.12,-204.96,34.16,224.48,-136.64,-87.84,331.84,224.48,488,-814.96,-1019.92,-961.36
-239.12,-234.24,4.88,239.12,-122,-117.12,346.48,248.88,448.96,-854,-1019.92,-956.48
-239.12,-268.4,-29.28,253.76,-107.36,-151.28,370.88,292.8,473.36,-858.88,-1024.8,-941.84
-239.12,-297.68,-58.56,268.4,-92.72,-180.56,390.4,322.08,473.36,-868.64,-1010.16,-927.2
-234.24,-307.44,-73.2,273.28,-82.96,-190.32,409.92,322.08,424.56,-888.16,-990.64,-907.68
-253.76,-322.08,-68.32,287.92,-92.72,-195.2,434.32,341.6,414.8,-897.92,-990.64,-912.56
-253.76,-331.84,-78.08,292.8,-87.84,-204.96,453.84,400.16,488,-868.64,-976,-897.92
-248.88,-307.44,-58.56,278.16,-97.6,-185.44,448.96,448.96,570.96,-849.12,-961.36,-888.16
-248.88,-292.8,-43.92,273.28,-102.48,-170.8,448.96,492.88,649.04,-805.2,-922.32,-844.24
-229.36,-283.04,-53.68,258.64,-87.84,-170.8,439.2,561.2,756.4,-732,-863.76,-800.32
-224.48,-283.04,-58.56,253.76,-82.96,-170.8,414.8,624.64,814.96,-668.56,-810.08,-751.52
-219.6,-268.4,-48.8,244,-87.84,-161.04,370.88,605.12,697.84,-653.92,-766.16,-707.6
-209.84,-234.24,-24.4,224.48,-92.72,-131.76,317.2,561.2,483.12,-663.68,-736.88,-668.56
-219.6,-209.84,9.76,214.72,-117.12,-102.48,253.76,473.36,287.92,-673.44,-717.36,-658.8
-214.72,-175.68,39.04,195.2,-126.88,-68.32,204.96,405.04,190.32,-653.92,-688.08,-629.52
-200.08,-136.64,63.44,170.8,-131.76,-39.04,156.16,351.36,87.84,-634.4,-663.68,-605.12
-204.96,-126.88,78.08,165.92,-141.52,-24.4,122,302.56,-14.64,-639.28,-658.8,-595.36
-200.08,-102.48,97.6,151.28,-151.28,-4.88,82.96,229.36,-117.12,-634.4,-649.04,-585.6
-195.2,-87.84,107.36,141.52,-151.28,9.76,9.76,151.28,-234.24,-644.16,-629.52,-570.96
-190.32,-82.96,107.36,136.64,-151.28,9.76,-48.8,82.96,-317.2,-639.28,-624.64,-551.44
-185.44,-68.32,117.12,126.88,-151.28,24.4,-107.36,24.4,-346.48,-624.64,-600.24,-531.92
-185.44,-68.32,117.12,126.88,-151.28,24.4,-151.28,-24.4,-361.12,-600.24,-575.84,-497.76
-185.44,-68.32,117.12,126.88,-151.28,24.4,-190.32,-63.44,-366,-585.6,-546.56,-468.48
-175.68,-58.56,117.12,117.12,-146.4,29.28,-224.48,-112.24,-375.76,-566.08,-522.16,-453.84
-161.04,-53.68,107.36,107.36,-136.64,24.4,-253.76,-156.16,-380.64,-546.56,-492.88,-424.56
-146.4,-48.8,97.6,97.6,-122,24.4,-287.92,-195.2,-385.52,-517.28,-458.72,-390.4
-136.64,-68.32,68.32,102.48,-102.48,0,-336.72,-234.24,-405.04,-507.52,-439.2,-370.88
-126.88,-87.84,39.04,107.36,-82.96,-24.4,-375.76,-273.28,-419.68,-497.76,-424.56,-356.24
-122,-102.48,19.52,112.24,-73.2,-43.92,-414.8,-307.44,-424.56,-483.12,-419.68,-356.24
-117.12,-107.36,9.76,112.24,-63.44,-48.8,-463.6,-331.84,-414.8,-468.48,-405.04,-341.6
-102.48,-87.84,14.64,97.6,-58.56,-39.04,-502.64,-351.36,-390.4,-448.96,-390.4,-331.84
-97.6,-73.2,24.4,87.84,-63.44,-24.4,-541.68,-380.64,-366,-429.44,-385.52,-317.2
-97.6,-58.56,39.04,78.08,-68.32,-9.76,-570.96,-395.28,-346.48,-414.8,-370.88,-302.56
-87.84,-34.16,53.68,63.44,-73.2,9.76,-585.6,-400.16,-322.08,-385.52,-336.72,-287.92
-78.08,-24.4,53.68,53.68,-68.32,14.64,-595.36,-405.04,-292.8,-351.36,-307.44,-253.76
-68.32,-39.04,29.28,53.68,-48.8,-4.88,-610,-400.16,-268.4,-341.6,-283.04,-229.36
-58.56,-58.56,0,58.56,-29.28,-29.28,-619.76,-380.64,-244,-312.32,-258.64,-200.08
-53.68,-82.96,-29.28,68.32,-14.64,-58.56,-624.64,-380.64,-229.36,-302.56,-248.88,-190.32
-53.68,-92.72,-39.04,73.2,-9.76,-68.32,-634.4,-370.88,-204.96,-278.16,-229.36,-170.8
-53.68,-102.48,-48.8,78.08,-4.88,-78.08,-644.16,-375.76,-204.96,-283.04,-224.48,-156.16
-68.32,-102.48,-34.16,87.84,-19.52,-68.32,-663.68,-400.16,-214.72,-287.92,-229.36,-156.16
-82.96,-92.72,-9.76,87.84,-39.04,-53.68,-663.68,-405.04,-214.72,-297.68,-229.36,-151.28
-82.96,-87.84,-4.88,87.84,-39.04,-48.8,-688.08,-419.68,-224.48,-312.32,-239.12,-151.28
-73.2,-73.2,0,73.2,-39.04,-39.04,-697.84,-419.68,-209.84,-292.8,-214.72,-136.64
-53.68,-39.04,14.64,48.8,-34.16,-14.64,-722.24,-439.2,-219.6,-302.56,-209.84,-131.76
-58.56,-34.16,24.4,48.8,-43.92,-4.88,-746.64,-453.84,-244,-307.44,-214.72,-126.88
-53.68,-19.52,34.16,39.04,-43.92,4.88,-756.4,-458.72,-248.88,-302.56,-200.08,-126.88
-58.56,-14.64,43.92,39.04,-53.68,14.64,-771.04,-463.6,-263.52,-302.56,-204.96,-131.76
-58.56,0,58.56,29.28,-58.56,29.28,-775.92,-483.12,-273.28,-312.32,-214.72,-126.88
-48.8,9.76,58.56,19.52,-53.68,34.16,-785.68,-492.88,-273.28,-307.44,-209.84,-117.12
-58.56,4.88,63.44,29.28,-63.44,34.16,-780.8,-497.76,-268.4,-302.56,-200.08,-112.24
-68.32,9.76,78.08,29.28,-73.2,43.92,-771.04,-502.64,-263.52,-297.68,-190.32,-97.6
-78.08,19.52,97.6,29.28,-87.84,58.56,-780.8,-502.64,-263.52,-278.16,-175.68,-78.08
-82.96,24.4,107.36,29.28,-97.6,63.44,-795.44,-517.28,-273.28,-273.28,-165.92,-73.2
-78.08,39.04,117.12,19.52,-97.6,78.08,-800.32,-527.04,-278.16,-283.04,-151.28,-58.56
-82.96,48.8,131.76,19.52,-107.36,87.84,-800.32,-522.16,-283.04,-278.16,-141.52,-39.04
-87.84,39.04,126.88,24.4,-107.36,82.96,-814.96,-527.04,-297.68,-283.04,-126.88,-24.4
-82.96,48.8,131.76,19.52,-107.36,87.84,-814.96,-536.8,-312.32,-278.16,-122,-19.52
-82.96,43.92,126.88,19.52,-107.36,82.96,-829.6,-546.56,-331.84,-292.8,-126.88,-14.64
-82.96,29.28,112.24,29.28,-97.6,68.32,-849.12,-556.32,-341.6,-292.8,-112.24,0
-82.96,39.04,122,24.4,-102.48,78.08,-878.4,-566.08,-370.88,-297.68,-102.48,14.64
-87.84,48.8,136.64,19.52,-112.24,92.72,-897.92,-590.48,-395.28,-317.2,-87.84,34.16
-82.96,63.44,146.4,9.76,-117.12,102.48,-917.44,-600.24,-409.92,-322.08,-73.2,63.44
-78.08,82.96,161.04,0,-122,122,-961.36,-614.88,-434.32,-322.08,-43.92,87.84
-68.32,117.12,185.44,-24.4,-126.88,151.28,-980.88,-634.4,-458.72,-326.96,-24.4,102.48
-63.44,141.52,204.96,-39.04,-136.64,170.8,-1000.4,-663.68,-488,-336.72,-14.64,126.88
-63.44,141.52,204.96,-39.04,-136.64,170.8,-1019.92,-678.32,-517.28,-331.84,0,136.64
-73.2,136.64,209.84,-29.28,-141.52,170.8,-1039.44,-692.96,-546.56,-331.84,9.76,151.28
-63.44,131.76,195.2,-34.16,-131.76,161.04,-1054.08,-712.48,-580.72,-322.08,14.64,165.92
-68.32,112.24,180.56,-19.52,-126.88,146.4,-1058.96,-722.24,-600.24,-307.44,34.16,185.44
-73.2,107.36,180.56,-14.64,-126.88,141.52,-1068.72,-746.64,-619.76,-312.32,39.04,190.32
-73.2,97.6,170.8,-9.76,-122,131.76,-1093.12,-756.4,-644.16,-326.96,43.92,200.08
-78.08,102.48,180.56,-9.76,-131.76,141.52,-1112.64,-771.04,-658.8,-346.48,39.04,219.6
-68.32,122,190.32,-24.4,-131.76,156.16,-1127.28,-790.56,-673.44,-351.36,48.8,224.48
-78.08,131.76,209.84,-24.4,-146.4,170.8,-1141.92,-795.44,-692.96,-351.36,43.92,224.48
-78.08,136.64,214.72,-29.28,-146.4,175.68,-1176.08,-810.08,-707.6,-361.12,43.92,234.24
-73.2,141.52,214.72,-34.16,-146.4,175.68,-1200.48,-829.6,-732,-361.12,39.04,229.36
-73.2,146.4,219.6,-34.16,-146.4,180.56,-1224.88,-829.6,-751.52,-361.12,34.16,214.72
-53.68,151.28,204.96,-48.8,-131.76,175.68,-1239.52,-834.48,-751.52,-366,29.28,224.48
-48.8,151.28,200.08,-48.8,-126.88,175.68,-1249.28,-844.24,-761.28,-370.88,24.4,224.48
-43.92,151.28,195.2,-53.68,-122,170.8,-1249.28,-829.6,-746.64,-366,29.28,234.24
-43.92,156.16,200.08,-53.68,-122,175.68,-1254.16,-819.84,-732,-361.12,39.04,244
-48.8,151.28,200.08,-48.8,-126.88,175.68,-1263.92,-834.48,-727.12,-366,19.52,234.24
-48.8,161.04,209.84,-53.68,-131.76,185.44,-1283.44,-829.6,-722.24,-361.12,19.52,229.36
-43.92,170.8,214.72,-63.44,-131.76,190.32,-1293.2,-829.6,-712.48,-361.12,14.64,219.6
-48.8,175.68,224.48,-63.44,-136.64,200.08,-1298.08,-834.48,-697.84,-351.36,0,214.72
-43.92,175.68,219.6,-63.44,-131.76,195.2,-1302.96,-819.84,-683.2,-351.36,-9.76,204.96
-48.8,175.68,224.48,-63.44,-136.64,200.08,-1302.96,-829.6,-673.44,-346.48,-19.52,180.56
-58.56,170.8,229.36,-53.68,-146.4,200.08,-1298.08,-814.96,-649.04,-322.08,-24.4,185.44
-53.68,161.04,214.72,-53.68,-136.64,185.44,-1298.08,-790.56,-605.12,-292.8,-19.52,185.44
-53.68,141.52,195.2,-43.92,-126.88,165.92,-1298.08,-771.04,-561.2,-278.16,-19.52,185.44
-53.68,136.64,190.32,-39.04,-122,161.04,-1283.44,-741.76,-512.4,-263.52,-14.64,195.2
-43.92,131.76,175.68,-43.92,-112.24,151.28,-1288.32,-722.24,-473.36,-248.88,-14.64,195.2
-43.92,131.76,175.68,-43.92,-112.24,151.28,-1278.56,-692.96,-429.44,-229.36,-4.88,200.08
-34.16,136.64,170.8,-48.8,-102.48,151.28,-1273.68,-678.32,-395.28,-214.72,-14.64,190.32
-43.92,131.76,175.68,-43.92,-112.24,151.28,-1268.8,-663.68,-366,-204.96,-19.52,180.56
-48.8,117.12,165.92,-34.16,-107.36,141.52,-1249.28,-639.28,-331.84,-195.2,-34.16,161.04
-48.8,117.12,165.92,-34.16,-107.36,141.52,-1249.28,-619.76,-302.56,-185.44,-39.04,141.52
-58.56,107.36,165.92,-24.4,-112.24,136.64,-1239.52,-605.12,-273.28,-175.68,-58.56,122
-58.56,112.24,170.8,-24.4,-117.12,141.52,-1229.76,-595.36,-234.24,-165.92,-63.44,112.24
-58.56,112.24,170.8,-24.4,-117.12,141.52,-1215.12,-566.08,-209.84,-151.28,-73.2,102.48
-68.32,102.48,170.8,-14.64,-122,136.64,-1215.12,-546.56,-175.68,-151.28,-82.96,107.36
-63.44,97.6,161.04,-14.64,-112.24,126.88,-1210.24,-531.92,-136.64,-136.64,-78.08,107.36
-63.44,97.6,161.04,-14.64,-112.24,126.88,-1195.6,-512.4,-107.36,-126.88,-78.08,112.24
-53.68,107.36,161.04,-24.4,-107.36,131.76,-1200.48,-502.64,-87.84,-122,-78.08,102.48
-53.68,102.48,156.16,-24.4,-107.36,126.88,-1185.84,-483.12,-58.56,-102.48,-73.2,107.36
-58.56,87.84,146.4,-14.64,-102.48,117.12,-1180.96,-483.12,-43.92,-97.6,-82.96,97.6
-63.44,102.48,165.92,-19.52,-117.12,131.76,-1180.96,-478.24,-43.92,-92.72,-87.84,87.84
-63.44,107.36,170.8,-19.52,-117.12,136.64,-1171.2,-468.48,-34.16,-92.72,-102.48,82.96
-68.32,102.48,170.8,-14.64,-122,136.64,-1171.2,-468.48,-19.52,-87.84,-107.36,78.08
-78.08,102.48,180.56,-9.76,-131.76,141.52,-1161.44,-453.84,0,-78.08,-112.24,68.32
-87.84,92.72,180.56,0,-136.64,136.64,-1146.8,-453.84,19.52,-82.96,-112.24,63.44
-92.72,82.96,175.68,4.88,-136.64,126.88,-1141.92,-439.2,39.04,-78.08,-122,63.44
-92.72,87.84,180.56,4.88,-136.64,131.76,-1132.16,-429.44,43.92,-78.08,-131.76,53.68
-97.6,87.84,185.44,4.88,-141.52,136.64,-1122.4,-429.44,48.8,-78.08,-131.76,43.92
-92.72,97.6,190.32,0,-141.52,141.52,-1122.4,-434.32,53.68,-73.2,-136.64,43.92
-92.72,97.6,190.32,0,-141.52,141.52,-1112.64,-429.44,53.68,-73.2,-156.16,34.16
-97.6,102.48,200.08,0,-151.28,151.28,-1122.4,-439.2,43.92,-92.72,-165.92,9.76
-102.48,107.36,209.84,0,-156.16,156.16,-1102.88,-434.32,48.8,-87.84,-175.68,14.64
-97.6,112.24,209.84,-4.88,-156.16,161.04,-1112.64,-444.08,48.8,-87.84,-180.56,9.76
-102.48,117.12,219.6,-4.88,-161.04,165.92,-1102.88,-448.96,58.56,-87.84,-185.44,4.88
-117.12,112.24,229.36,4.88,-175.68,170.8,-1088.24,-448.96,73.2,-87.84,-185.44,4.88
-131.76,87.84,219.6,24.4,-175.68,151.28,-1078.48,-439.2,78.08,-97.6,-200.08,-4.88
-131.76,87.84,219.6,24.4,-175.68,151.28,-1058.96,-429.44,97.6,-87.84,-204.96,0
-126.88,92.72,219.6,19.52,-175.68,156.16,-1049.2,-424.56,107.36,-87.84,-204.96,-9.76
-131.76,87.84,219.6,24.4,-175.68,151.28,-1044.32,-414.8,117.12,-87.84,-204.96,-14.64
-131.76,87.84,219.6,24.4,-175.68,151.28,-1019.92,-405.04,122,-78.08,-209.84,-14.64
-136.64,97.6,234.24,19.52,-185.44,165.92,-1019.92,-419.68,117.12,-82.96,-209.84,-24.4
-151.28,97.6,248.88,29.28,-200.08,170.8,-990.64,-414.8,122,-82.96,-214.72,-19.52
-146.4,107.36,253.76,19.52,-200.08,180.56,-980.88,-424.56,122,-87.84,-229.36,-29.28
-156.16,102.48,258.64,29.28,-209.84,180.56,-966.24,-419.68,122,-97.6,-244,-39.04
-161.04,107.36,268.4,29.28,-214.72,185.44,-956.48,-414.8,126.88,-107.36,-244,-39.04
-170.8,97.6,268.4,39.04,-219.6,180.56,-946.72,-414.8,136.64,-112.24,-248.88,-43.92
-175.68,92.72,268.4,43.92,-224.48,180.56,-932.08,-419.68,141.52,-107.36,-244,-43.92
-170.8,97.6,268.4,39.04,-219.6,180.56,-917.44,-409.92,146.4,-112.24,-258.64,-53.68
-175.68,82.96,258.64,48.8,-219.6,170.8,-912.56,-414.8,141.52,-112.24,-258.64,-58.56
-175.68,68.32,244,53.68,-209.84,156.16,-888.16,-405.04,141.52,-112.24,-258.64,-63.44
-175.68,68.32,244,53.68,-209.84,156.16,-883.28,-405.04,136.64,-117.12,-258.64,-78.08
-185.44,58.56,244,63.44,-214.72,151.28,-873.52,-395.28,141.52,-107.36,-258.64,-73.2
-180.56,58.56,239.12,63.44,-209.84,146.4,-873.52,-400.16,141.52,-97.6,-258.64,-73.2
-190.32,58.56,248.88,68.32,-219.6,151.28,-888.16,-400.16,141.52,-92.72,-258.64,-73.2
-195.2,48.8,244,73.2,-219.6,146.4,-888.16,-400.16,146.4,-87.84,-244,-63.44
-185.44,58.56,244,63.44,-214.72,151.28,-897.92,-405.04,156.16,-82.96,-239.12,-58.56
-180.56,58.56,239.12,63.44,-209.84,146.4,-888.16,-400.16,161.04,-78.08,-224.48,-53.68
-180.56,58.56,239.12,63.44,-209.84,146.4,-893.04,-395.28,156.16,-73.2,-224.48,-53.68
-180.56,63.44,244,58.56,-214.72,151.28,-902.8,-395.28,151.28,-63.44,-214.72,-48.8
-180.56,58.56,239.12,63.44,-209.84,146.4,-912.56,-380.64,151.28,-58.56,-209.84,-43.92
-170.8,58.56,229.36,58.56,-200.08,141.52,-917.44,-380.64,141.52,-48.8,-200.08,-43.92
-170.8,48.8,219.6,63.44,-195.2,131.76,-927.2,-375.76,131.76,-43.92,-190.32,-39.04
-165.92,48.8,214.72,58.56,-190.32,131.76,-941.84,-366,131.76,-34.16,-185.44,-34.16
-156.16,48.8,204.96,53.68,-180.56,126.88,-941.84,-361.12,131.76,-29.28,-190.32,-34.16
-165.92,43.92,209.84,63.44,-190.32,126.88,-941.84,-356.24,126.88,-34.16,-190.32,-39.04
-161.04,39.04,200.08,63.44,-180.56,117.12,-932.08,-346.48,141.52,-24.4,-175.68,-29.28
-156.16,43.92,200.08,58.56,-180.56,122,-932.08,-336.72,146.4,-19.52,-156.16,-19.52
-156.16,39.04,195.2,58.56,-175.68,117.12,-922.32,-331.84,141.52,-14.64,-151.28,-19.52
-161.04,39.04,200.08,63.44,-180.56,117.12,-917.44,-326.96,146.4,4.88,-131.76,-4.88
-161.04,14.64,175.68,73.2,-170.8,92.72,-917.44,-317.2,141.52,4.88,-126.88,-4.88
-161.04,14.64,175.68,73.2,-170.8,92.72,-917.44,-307.44,126.88,4.88,-122,-4.88
-151.28,9.76,161.04,73.2,-156.16,82.96,-902.8,-287.92,126.88,4.88,-117.12,-4.88
-156.16,0,156.16,78.08,-156.16,78.08,-907.68,-283.04,126.88,9.76,-122,0
-156.16,-9.76,146.4,82.96,-151.28,68.32,-897.92,-268.4,136.64,19.52,-112.24,4.88
-151.28,-4.88,146.4,78.08,-151.28,68.32,-897.92,-253.76,146.4,24.4,-112.24,9.76
-151.28,-14.64,136.64,82.96,-146.4,58.56,-888.16,-248.88,156.16,29.28,-107.36,14.64
-136.64,-14.64,122,78.08,-131.76,53.68,-868.64,-234.24,156.16,19.52,-102.48,19.52
-136.64,-14.64,122,78.08,-131.76,53.68,-868.64,-219.6,161.04,19.52,-97.6,19.52
-136.64,-19.52,117.12,78.08,-126.88,48.8,-849.12,-204.96,170.8,34.16,-82.96,29.28
-131.76,-29.28,102.48,82.96,-117.12,34.16,-849.12,-190.32,175.68,39.04,-68.32,39.04
-126.88,-39.04,87.84,82.96,-107.36,24.4,-839.36,-185.44,165.92,34.16,-73.2,29.28
-122,-34.16,87.84,78.08,-107.36,24.4,-819.84,-161.04,175.68,43.92,-68.32,34.16
-122,-34.16,87.84,78.08,-107.36,24.4,-814.96,-151.28,180.56,43.92,-68.32,34.16
-126.88,-43.92,82.96,87.84,-107.36,19.52,-810.08,-141.52,185.44,39.04,-73.2,29.28
-117.12,-34.16,82.96,78.08,-102.48,24.4,-785.68,-126.88,195.2,34.16,-68.32,29.28
-112.24,-34.16,78.08,73.2,-97.6,19.52,-771.04,-112.24,204.96,43.92,-68.32,29.28
-97.6,-29.28,68.32,63.44,-82.96,19.52,-761.28,-107.36,204.96,39.04,-78.08,24.4
-97.6,-24.4,73.2,63.44,-87.84,24.4,-736.88,-87.84,214.72,39.04,-78.08,24.4
-97.6,-34.16,63.44,68.32,-82.96,14.64,-727.12,-73.2,224.48,43.92,-82.96,29.28
-87.84,-39.04,48.8,63.44,-68.32,4.88,-707.6,-63.44,224.48,48.8,-82.96,19.52
-82.96,-39.04,43.92,63.44,-63.44,0,-688.08,-53.68,214.72,43.92,-82.96,14.64
-82.96,-43.92,39.04,63.44,-63.44,-4.88,-673.44,-48.8,209.84,43.92,-92.72,0
-82.96,-43.92,39.04,63.44,-63.44,-4.88,-649.04,-39.04,209.84,39.04,-92.72,0
-87.84,-48.8,39.04,68.32,-63.44,-4.88,-634.4,-24.4,209.84,39.04,-92.72,-9.76
-92.72,-48.8,43.92,73.2,-68.32,-4.88,-605.12,-14.64,224.48,29.28,-97.6,-9.76
-82.96,-48.8,34.16,68.32,-58.56,-9.76,-580.72,0,234.24,34.16,-102.48,-4.88
-87.84,-43.92,43.92,68.32,-68.32,0,-561.2,9.76,229.36,29.28,-107.36,0
-78.08,-34.16,43.92,58.56,-63.44,4.88,-536.8,19.52,229.36,29.28,-97.6,-4.88
-78.08,-34.16,43.92,58.56,-63.44,4.88,-517.28,24.4,229.36,24.4,-102.48,-9.76
-73.2,-39.04,34.16,58.56,-53.68,-4.88,-488,29.28,229.36,34.16,-97.6,-14.64
-68.32,-29.28,39.04,48.8,-53.68,4.88,-473.36,34.16,219.6,29.28,-97.6,-19.52
-63.44,-29.28,34.16,48.8,-48.8,0,-458.72,39.04,204.96,14.64,-107.36,-29.28
-68.32,-34.16,34.16,53.68,-53.68,0,-439.2,48.8,204.96,19.52,-102.48,-29.28
-73.2,-34.16,39.04,53.68,-58.56,0,-414.8,53.68,204.96,19.52,-102.48,-34.16
-82.96,-39.04,43.92,63.44,-63.44,0,-390.4,58.56,195.2,14.64,-107.36,-39.04
-73.2,-34.16,39.04,53.68,-58.56,0,-370.88,63.44,204.96,19.52,-102.48,-34.16
-68.32,-24.4,43.92,48.8,-58.56,9.76,-346.48,68.32,195.2,9.76,-102.48,-34.16
-78.08,-14.64,63.44,48.8,-73.2,24.4,-331.84,68.32,185.44,4.88,-107.36,-43.92
-73.2,-4.88,68.32,39.04,-73.2,29.28,-317.2,63.44,170.8,4.88,-107.36,-43.92
-68.32,-9.76,58.56,39.04,-63.44,24.4,-297.68,63.44,165.92,14.64,-97.6,-39.04
-63.44,-4.88,58.56,34.16,-63.44,24.4,-273.28,68.32,156.16,14.64,-102.48,-43.92
-63.44,4.88,68.32,29.28,-68.32,34.16,-258.64,63.44,146.4,14.64,-102.48,-48.8
-63.44,4.88,68.32,29.28,-68.32,34.16,-244,53.68,136.64,9.76,-102.48,-48.8
-58.56,9.76,68.32,24.4,-63.44,39.04,-234.24,58.56,141.52,9.76,-97.6,-48.8
-63.44,9.76,73.2,29.28,-68.32,39.04,-204.96,63.44,146.4,9.76,-92.72,-48.8
-58.56,14.64,73.2,24.4,-68.32,43.92,-175.68,68.32,161.04,19.52,-78.08,-34.16
-48.8,29.28,78.08,9.76,-63.44,53.68,-156.16,63.44,156.16,14.64,-63.44,-29.28
-58.56,29.28,87.84,14.64,-73.2,58.56,-126.88,68.32,146.4,24.4,-58.56,-29.28
-58.56,29.28,87.84,14.64,-73.2,58.56,-107.36,63.44,131.76,19.52,-63.44,-34.16
-53.68,29.28,82.96,14.64,-68.32,53.68,-97.6,58.56,122,14.64,-58.56,-29.28
-53.68,29.28,82.96,14.64,-68.32,53.68,-73.2,53.68,102.48,9.76,-68.32,-39.04
-43.92,34.16,78.08,4.88,-63.44,53.68,-39.04,53.68,97.6,9.76,-68.32,-43.92
-43.92,34.16,78.08,4.88,-63.44,53.68,-34.16,43.92,87.84,-9.76,-82.96,-48.8
-48.8,29.28,78.08,9.76,-63.44,53.68,-29.28,34.16,87.84,-29.28,-78.08,-48.8
-48.8,43.92,92.72,4.88,-73.2,68.32,-19.52,24.4,78.08,-34.16,-78.08,-53.68
-48.8,43.92,92.72,4.88,-73.2,68.32,-24.4,24.4,73.2,-24.4,-78.08,-53.68
-39.04,39.04,78.08,0,-58.56,58.56,-19.52,19.52,58.56,-39.04,-82.96,-58.56
-39.04,34.16,73.2,4.88,-58.56,53.68,-4.88,19.52,48.8,-48.8,-73.2,-58.56
-48.8,19.52,68.32,14.64,-58.56,43.92,0,14.64,39.04,-53.68,-73.2,-58.56
-39.04,19.52,58.56,9.76,-48.8,39.04,9.76,14.64,29.28,-58.56,-68.32,-58.56
-39.04,24.4,63.44,9.76,-53.68,43.92,19.52,9.76,4.88,-68.32,-82.96,-68.32
-34.16,19.52,53.68,9.76,-43.92,34.16,24.4,19.52,0,-68.32,-82.96,-78.08
-34.16,14.64,48.8,9.76,-43.92,29.28,34.16,24.4,0,-63.44,-92.72,-73.2
-39.04,4.88,43.92,19.52,-43.92,24.4,39.04,24.4,0,-63.44,-92.72,-82.96
-34.16,9.76,43.92,14.64,-39.04,24.4,39.04,19.52,0,-73.2,-97.6,-92.72
-29.28,9.76,39.04,9.76,-34.16,24.4,43.92,24.4,4.88,-68.32,-87.84,-87.84
-29.28,-4.88,24.4,19.52,-29.28,9.76,43.92,24.4,4.88,-63.44,-78.08,-82.96
-29.28,0,29.28,14.64,-29.28,14.64,43.92,34.16,-4.88,-78.08,-73.2,-78.08
-29.28,-19.52,9.76,24.4,-19.52,-4.88,34.16,34.16,-9.76,-78.08,-78.08,-78.08
-24.4,-24.4,0,24.4,-14.64,-14.64,39.04,43.92,0,-58.56,-68.32,-68.32
-14.64,-14.64,0,14.64,-9.76,-9.76,39.04,43.92,-4.88,-63.44,-63.44,-68.32
-29.28,-29.28,0,29.28,-14.64,-14.64,34.16,43.92,-9.76,-58.56,-58.56,-63.44
-29.28,-34.16,-4.88,34.16,-14.64,-19.52,29.28,39.04,-14.64,-58.56,-63.44,-68.32
-24.4,-29.28,-4.88,29.28,-9.76,-19.52,39.04,43.92,-14.64,-58.56,-58.56,-63.44
-29.28,-24.4,4.88,29.28,-19.52,-9.76,43.92,39.04,-14.64,-63.44,-63.44,-73.2
-19.52,-24.4,-4.88,24.4,-9.76,-14.64,48.8,48.8,-9.76,-53.68,-68.32,-58.56
-14.64,-29.28,-14.64,24.4,0,-24.4,48.8,43.92,-9.76,-58.56,-78.08,-73.2
-19.52,-29.28,-9.76,24.4,-4.88,-19.52,53.68,48.8,-14.64,-53.68,-78.08,-78.08
-14.64,-29.28,-14.64,24.4,0,-24.4,48.8,39.04,-19.52,-63.44,-82.96,-82.96
-14.64,-48.8,-34.16,34.16,9.76,-43.92,43.92,48.8,-14.64,-53.68,-78.08,-73.2
0,-43.92,-43.92,24.4,19.52,-43.92,43.92,48.8,-19.52,-53.68,-87.84,-92.72
0,-43.92,-43.92,24.4,19.52,-43.92,48.8,53.68,-14.64,-48.8,-92.72,-97.6
-9.76,-53.68,-43.92,34.16,14.64,-48.8,53.68,63.44,-9.76,-43.92,-87.84,-92.72
-9.76,-58.56,-48.8,34.16,19.52,-53.68,58.56,63.44,-4.88,-48.8,-87.84,-87.84
-9.76,-53.68,-43.92,34.16,14.64,-48.8,68.32,68.32,-4.88,-43.92,-82.96,-82.96
-4.88,-53.68,-48.8,29.28,19.52,-53.68,68.32,73.2,-4.88,-43.92,-78.08,-78.08
9.76,-43.92,-53.68,19.52,29.28,-48.8,68.32,78.08,0,-43.92,-73.2,-73.2
4.88,-43.92,-48.8,19.52,24.4,-48.8,68.32,73.2,0,-43.92,-68.32,-73.2
9.76,-43.92,-53.68,19.52,29.28,-48.8,73.2,82.96,9.76,-34.16,-58.56,-63.44
19.52,-43.92,-63.44,14.64,39.04,-53.68,73.2,82.96,9.76,-34.16,-53.68,-63.44
14.64,-48.8,-63.44,19.52,39.04,-58.56,73.2,82.96,9.76,-34.16,-63.44,-68.32
19.52,-53.68,-73.2,19.52,43.92,-63.44,82.96,87.84,9.76,-29.28,-63.44,-63.44
14.64,-63.44,-78.08,24.4,43.92,-73.2,97.6,97.6,19.52,-24.4,-58.56,-58.56
14.64,-68.32,-82.96,29.28,48.8,-78.08,92.72,97.6,29.28,-19.52,-58.56,-53.68
14.64,-58.56,-73.2,24.4,43.92,-68.32,102.48,102.48,39.04,-19.52,-53.68,-53.68
14.64,-68.32,-82.96,29.28,48.8,-78.08,97.6,102.48,39.04,-14.64,-48.8,-48.8
19.52,-58.56,-78.08,19.52,48.8,-68.32,97.6,97.6,43.92,-14.64,-53.68,-48.8
9.76,-58.56,-68.32,24.4,39.04,-63.44,97.6,92.72,43.92,-9.76,-48.8,-48.8
4.88,-63.44,-68.32,29.28,34.16,-68.32,87.84,92.72,39.04,-4.88,-53.68,-63.44
14.64,-63.44,-78.08,24.4,43.92,-73.2,82.96,87.84,48.8,-4.88,-48.8,-58.56
9.76,-68.32,-78.08,29.28,43.92,-73.2,73.2,73.2,39.04,-14.64,-68.32,-68.32
0,-68.32,-68.32,34.16,34.16,-68.32,68.32,73.2,34.16,-14.64,-68.32,-68.32
9.76,-63.44,-73.2,29.28,39.04,-68.32,58.56,63.44,29.28,-19.52,-78.08,-73.2
4.88,-82.96,-87.84,39.04,43.92,-87.84,58.56,58.56,34.16,-19.52,-78.08,-68.32
9.76,-78.08,-87.84,34.16,48.8,-82.96,58.56,53.68,34.16,-24.4,-82.96,-73.2
9.76,-78.08,-87.84,34.16,48.8,-82.96,58.56,63.44,39.04,-19.52,-78.08,-68.32
0,-78.08,-78.08,39.04,39.04,-78.08,58.56,58.56,39.04,-9.76,-78.08,-68.32
9.76,-73.2,-82.96,34.16,43.92,-78.08,68.32,58.56,39.04,4.88,-78.08,-63.44
9.76,-73.2,-82.96,34.16,43.92,-78.08,78.08,63.44,39.04,-4.88,-78.08,-63.44
9.76,-78.08,-87.84,34.16,48.8,-82.96,82.96,68.32,48.8,-4.88,-82.96,-63.44
14.64,-73.2,-87.84,29.28,48.8,-82.96,82.96,63.44,48.8,-14.64,-97.6,-68.32
14.64,-87.84,-102.48,39.04,58.56,-97.6,92.72,68.32,63.44,4.88,-82.96,-68.32
19.52,-92.72,-112.24,39.04,63.44,-102.48,107.36,97.6,117.12,58.56,-43.92,-39.04
14.64,-97.6,-112.24,43.92,63.44,-107.36,117.12,122,209.84,151.28,34.16,9.76
24.4,-87.84,-112.24,34.16,68.32,-102.48,122,146.4,297.68,268.4,136.64,73.2
34.16,-78.08,-112.24,24.4,73.2,-97.6,141.52,195.2,395.28,414.8,278.16,175.68
48.8,-73.2,-122,14.64,82.96,-97.6,126.88,209.84,444.08,517.28,409.92,297.68
68.32,-48.8,-117.12,-9.76,92.72,-82.96,102.48,204.96,439.2,610,595.36,478.24
97.6,-19.52,-117.12,-39.04,107.36,-68.32,68.32,200.08,448.96,722.24,819.84,717.36
141.52,0,-141.52,-68.32,141.52,-73.2,19.52,190.32,453.84,834.48,1054.08,976
185.44,48.8,-136.64,-117.12,161.04,-43.92,-43.92,151.28,419.68,893.04,1244.4,1224.88
229.36,117.12,-112.24,-170.8,170.8,0,-131.76,68.32,351.36,946.72,1439.6,1498.16
268.4,204.96,-63.44,-234.24,165.92,68.32,-219.6,-9.76,302.56,1044.32,1673.84,1790.96
297.68,292.8,-4.88,-292.8,151.28,141.52,-273.28,-53.68,322.08,1190.72,1912.96,2030.08
312.32,370.88,58.56,-341.6,126.88,214.72,-331.84,-87.84,331.84,1307.84,2117.92,2239.92
331.84,453.84,122,-390.4,102.48,287.92,-390.4,-141.52,312.32,1415.2,2313.12,2449.76
351.36,502.64,151.28,-424.56,97.6,326.96,-419.68,-180.56,292.8,1454.24,2410.72,2586.4
361.12,522.16,161.04,-439.2,97.6,341.6,-429.44,-195.2,302.56,1488.4,2464.4,2640.08
361.12,546.56,185.44,-453.84,87.84,366,-434.32,-204.96,297.68,1522.56,2508.32,2654.72
336.72,541.68,204.96,-439.2,63.44,370.88,-409.92,-200.08,312.32,1546.96,2479.04,2581.52
302.56,512.4,209.84,-405.04,43.92,361.12,-370.88,-170.8,390.4,1595.76,2386.32,2410.72
248.88,497.76,248.88,-370.88,0,370.88,-331.84,-175.68,424.56,1590.88,2230.16,2152.08
170.8,468.48,297.68,-317.2,-63.44,380.64,-287.92,-180.56,463.6,1595.76,2039.84,1751.92
117.12,409.92,292.8,-263.52,-87.84,351.36,-224.48,-141.52,590.48,1659.2,1820.24,1259.04
58.56,326.96,268.4,-190.32,-107.36,297.68,-122,-43.92,751.52,1639.68,1503.04,736.88
-29.28,244,273.28,-107.36,-151.28,258.64,-19.52,9.76,863.76,1420.08,941.84,136.64
-97.6,190.32,287.92,-43.92,-195.2,239.12,73.2,43.92,936.96,1112.64,380.64,-380.64
-141.52,165.92,307.44,-9.76,-224.48,234.24,122,43.92,932.08,790.56,24.4,-605.12
-175.68,136.64,312.32,19.52,-244,224.48,165.92,43.92,907.68,370.88,-331.84,-707.6
-204.96,112.24,317.2,48.8,-263.52,214.72,214.72,63.44,936.96,53.68,-610,-780.8
-229.36,68.32,297.68,82.96,-263.52,180.56,253.76,97.6,961.36,-112.24,-800.32,-819.84
-234.24,14.64,248.88,112.24,-244,131.76,268.4,126.88,907.68,-244,-897.92,-824.72
-234.24,-34.16,200.08,136.64,-219.6,82.96,292.8,165.92,849.12,-336.72,-907.68,-829.6
-239.12,-92.72,146.4,165.92,-195.2,24.4,326.96,204.96,790.56,-424.56,-932.08,-849.12
-234.24,-131.76,102.48,185.44,-170.8,-14.64,366,239.12,692.96,-546.56,-976,-854
-234.24,-170.8,63.44,204.96,-151.28,-53.68,390.4,268.4,634.4,-624.64,-990.64,-863.76
-239.12,-200.08,39.04,219.6,-141.52,-82.96,409.92,283.04,614.88,-678.32,-1010.16,-878.4
-248.88,-219.6,29.28,234.24,-141.52,-97.6,448.96,302.56,570.96,-727.12,-1029.68,-878.4
-258.64,-244,14.64,253.76,-136.64,-117.12,483.12,302.56,502.64,-785.68,-1039.44,-888.16
-258.64,-258.64,0,258.64,-131.76,-131.76,507.52,307.44,444.08,-805.2,-1034.56,-878.4
-253.76,-268.4,-14.64,263.52,-122,-141.52,531.92,317.2,370.88,-849.12,-1044.32,-873.52
-263.52,-297.68,-34.16,283.04,-117.12,-165.92,570.96,370.88,375.76,-854,-1039.44,-854
-263.52,-317.2,-53.68,292.8,-107.36,-185.44,614.88,405.04,380.64,-858.88,-1019.92,-849.12
-258.64,-326.96,-68.32,292.8,-97.6,-200.08,644.16,395.28,317.2,-888.16,-1029.68,-844.24
-258.64,-341.6,-82.96,302.56,-87.84,-214.72,692.96,414.8,292.8,-897.92,-1015.04,-829.6
-263.52,-346.48,-82.96,307.44,-92.72,-214.72,736.88,483.12,375.76,-868.64,-995.52,-814.96
-258.64,-356.24,-97.6,307.44,-82.96,-229.36,771.04,541.68,463.6,-824.72,-971.12,-805.2
-244,-341.6,-97.6,292.8,-73.2,-219.6,775.92,590.48,522.16,-785.68,-932.08,-771.04
-229.36,-331.84,-102.48,283.04,-63.44,-219.6,785.68,658.8,605.12,-727.12,-888.16,-741.76
-214.72,-322.08,-107.36,268.4,-53.68,-214.72,771.04,722.24,668.56,-663.68,-839.36,-702.72
-204.96,-302.56,-97.6,253.76,-53.68,-200.08,732,736.88,610,-629.52,-785.68,-668.56
-214.72,-283.04,-68.32,248.88,-73.2,-175.68,697.84,692.96,414.8,-629.52,-751.52,-619.76
-214.72,-268.4,-53.68,244,-82.96,-161.04,668.56,614.88,214.72,-629.52,-727.12,-590.48
-204.96,-239.12,-34.16,224.48,-87.84,-136.64,629.52,566.08,112.24,-610,-697.84,-570.96
-195.2,-224.48,-29.28,209.84,-82.96,-126.88,585.6,522.16,39.04,-580.72,-663.68,-541.68
-180.56,-200.08,-19.52,190.32,-82.96,-112.24,575.84,502.64,-29.28,-561.2,-629.52,-512.4
-175.68,-185.44,-9.76,180.56,-82.96,-97.6,551.44,453.84,-112.24,-556.32,-619.76,-497.76
-170.8,-170.8,0,170.8,-87.84,-87.84,492.88,375.76,-214.72,-551.44,-600.24,-483.12
-156.16,-156.16,0,156.16,-78.08,-78.08,424.56,287.92,-297.68,-541.68,-575.84,-448.96
-146.4,-151.28,-4.88,151.28,-73.2,-78.08,370.88,219.6,-356.24,-536.8,-551.44,-434.32
-141.52,-146.4,-4.88,146.4,-68.32,-78.08,331.84,165.92,-375.76,-517.28,-517.28,-409.92
-136.64,-136.64,0,136.64,-68.32,-68.32,302.56,112.24,-390.4,-488,-497.76,-385.52
-136.64,-136.64,0,136.64,-68.32,-68.32,268.4,63.44,-400.16,-473.36,-478.24,-366
-131.76,-126.88,4.88,131.76,-68.32,-63.44,239.12,14.64,-409.92,-458.72,-468.48,-366
-122,-126.88,-4.88,126.88,-58.56,-68.32,214.72,-34.16,-419.68,-444.08,-453.84,-346.48
-112.24,-131.76,-19.52,122,-48.8,-78.08,170.8,-78.08,-434.32,-439.2,-439.2,-331.84
-97.6,-131.76,-34.16,117.12,-34.16,-82.96,136.64,-112.24,-448.96,-424.56,-424.56,-322.08
-87.84,-126.88,-39.04,107.36,-24.4,-82.96,92.72,-141.52,-444.08,-409.92,-400.16,-302.56
-82.96,-136.64,-53.68,112.24,-14.64,-97.6,63.44,-165.92,-429.44,-375.76,-370.88,-283.04
-63.44,-131.76,-68.32,97.6,0,-102.48,29.28,-180.56,-409.92,-341.6,-346.48,-253.76
-58.56,-136.64,-78.08,97.6,9.76,-107.36,-4.88,-195.2,-385.52,-317.2,-317.2,-234.24
-43.92,-122,-78.08,82.96,14.64,-102.48,-34.16,-204.96,-356.24,-287.92,-292.8,-209.84
-34.16,-122,-87.84,78.08,24.4,-107.36,-48.8,-204.96,-331.84,-268.4,-273.28,-200.08
-34.16,-122,-87.84,78.08,24.4,-107.36,-58.56,-209.84,-312.32,-244,-253.76,-185.44
-19.52,-112.24,-92.72,68.32,34.16,-102.48,-63.44,-200.08,-283.04,-219.6,-239.12,-161.04
-14.64,-117.12,-102.48,68.32,43.92,-112.24,-73.2,-195.2,-258.64,-195.2,-214.72,-146.4
-9.76,-117.12,-107.36,63.44,48.8,-112.24,-78.08,-180.56,-239.12,-170.8,-190.32,-131.76
4.88,-102.48,-107.36,48.8,53.68,-107.36,-87.84,-170.8,-224.48,-156.16,-175.68,-112.24
4.88,-107.36,-112.24,53.68,58.56,-112.24,-102.48,-165.92,-209.84,-146.4,-165.92,-102.48
9.76,-97.6,-107.36,43.92,58.56,-102.48,-102.48,-170.8,-204.96,-141.52,-161.04,-102.48
9.76,-97.6,-107.36,43.92,58.56,-102.48,-107.36,-170.8,-214.72,-146.4,-161.04,-102.48
4.88,-92.72,-97.6,43.92,48.8,-97.6,-107.36,-175.68,-224.48,-141.52,-146.4,-87.84
14.64,-87.84,-102.48,39.04,58.56,-97.6,-107.36,-185.44,-219.6,-131.76,-131.76,-78.08
14.64,-78.08,-92.72,34.16,53.68,-87.84,-112.24,-195.2,-229.36,-131.76,-122,-68.32
14.64,-73.2,-87.84,29.28,48.8,-82.96,-107.36,-190.32,-229.36,-136.64,-112.24,-58.56
14.64,-68.32,-82.96,29.28,48.8,-78.08,-112.24,-195.2,-239.12,-136.64,-107.36,-53.68
9.76,-68.32,-78.08,29.28,43.92,-73.2,-112.24,-200.08,-253.76,-141.52,-107.36,-43.92
14.64,-48.8,-63.44,19.52,39.04,-58.56,-117.12,-214.72,-268.4,-146.4,-107.36,-39.04
14.64,-43.92,-58.56,14.64,34.16,-53.68,-112.24,-219.6,-263.52,-146.4,-107.36,-34.16
14.64,-34.16,-48.8,9.76,29.28,-43.92,-102.48,-214.72,-253.76,-122,-102.48,-24.4
19.52,-19.52,-39.04,0,29.28,-29.28,-102.48,-214.72,-253.76,-117.12,-92.72,-24.4
9.76,-9.76,-19.52,0,14.64,-14.64,-107.36,-224.48,-263.52,-122,-87.84,-24.4
9.76,0,-9.76,-4.88,9.76,-4.88,-107.36,-234.24,-278.16,-136.64,-92.72,-24.4
4.88,14.64,9.76,-9.76,-4.88,9.76,-107.36,-248.88,-287.92,-131.76,-82.96,-14.64
0,14.64,14.64,-4.88,-9.76,14.64,-112.24,-248.88,-287.92,-131.76,-68.32,0
4.88,34.16,29.28,-19.52,-14.64,29.28,-122,-263.52,-302.56,-136.64,-58.56,14.64
0,43.92,43.92,-19.52,-24.4,43.92,-126.88,-273.28,-326.96,-136.64,-43.92,19.52
0,48.8,48.8,-24.4,-24.4,48.8,-141.52,-283.04,-356.24,-141.52,-39.04,29.28
4.88,48.8,43.92,-24.4,-19.52,43.92,-136.64,-287.92,-366,-136.64,-14.64,48.8
-4.88,39.04,43.92,-14.64,-24.4,39.04,-151.28,-307.44,-395.28,-141.52,-4.88,63.44
-9.76,43.92,53.68,-14.64,-34.16,48.8,-170.8,-322.08,-419.68,-146.4,9.76,73.2
-4.88,53.68,58.56,-24.4,-34.16,53.68,-180.56,-341.6,-434.32,-146.4,34.16,102.48
0,53.68,53.68,-24.4,-29.28,53.68,-190.32,-361.12,-463.6,-136.64,53.68,122
4.88,68.32,63.44,-34.16,-29.28,63.44,-190.32,-366,-483.12,-131.76,78.08,146.4
9.76,73.2,63.44,-39.04,-29.28,68.32,-219.6,-385.52,-512.4,-141.52,92.72,170.8
14.64,82.96,68.32,-48.8,-29.28,73.2,-239.12,-405.04,-541.68,-136.64,112.24,190.32
14.64,82.96,68.32,-48.8,-29.28,73.2,-258.64,-414.8,-566.08,-136.64,131.76,200.08
9.76,82.96,73.2,-43.92,-34.16,78.08,-263.52,-429.44,-605.12,-146.4,136.64,204.96
19.52,92.72,73.2,-53.68,-29.28,82.96,-273.28,-448.96,-624.64,-136.64,151.28,214.72
19.52,92.72,73.2,-53.68,-29.28,82.96,-283.04,-453.84,-644.16,-131.76,165.92,234.24
14.64,92.72,78.08,-53.68,-34.16,82.96,-302.56,-468.48,-663.68,-141.52,165.92,239.12
19.52,97.6,78.08,-58.56,-29.28,87.84,-307.44,-473.36,-673.44,-136.64,175.68,253.76
19.52,107.36,87.84,-63.44,-34.16,97.6,-322.08,-483.12,-697.84,-151.28,170.8,248.88
19.52,112.24,92.72,-63.44,-39.04,102.48,-331.84,-502.64,-707.6,-156.16,175.68,253.76
24.4,122,97.6,-73.2,-39.04,107.36,-351.36,-502.64,-727.12,-161.04,175.68,258.64
24.4,122,97.6,-73.2,-39.04,107.36,-370.88,-517.28,-736.88,-156.16,175.68,263.52
39.04,126.88,87.84,-82.96,-24.4,107.36,-390.4,-522.16,-741.76,-156.16,180.56,263.52
39.04,131.76,92.72,-82.96,-29.28,112.24,-385.52,-517.28,-741.76,-151.28,180.56,268.4
34.16,112.24,78.08,-73.2,-24.4,92.72,-400.16,-517.28,-746.64,-151.28,170.8,258.64
34.16,112.24,78.08,-73.2,-24.4,92.72,-395.28,-517.28,-741.76,-141.52,170.8,263.52
29.28,102.48,73.2,-63.44,-24.4,87.84,-405.04,-517.28,-732,-146.4,165.92,258.64
24.4,107.36,82.96,-63.44,-29.28,92.72,-409.92,-507.52,-717.36,-136.64,165.92,263.52
34.16,117.12,82.96,-73.2,-24.4,97.6,-414.8,-502.64,-697.84,-131.76,156.16,258.64
29.28,107.36,78.08,-68.32,-24.4,92.72,-414.8,-497.76,-678.32,-117.12,156.16,248.88
39.04,112.24,73.2,-73.2,-19.52,92.72,-429.44,-488,-658.8,-117.12,151.28,239.12
39.04,112.24,73.2,-73.2,-19.52,92.72,-439.2,-478.24,-639.28,-107.36,141.52,234.24
39.04,107.36,68.32,-73.2,-14.64,87.84,-429.44,-463.6,-614.88,-92.72,141.52,229.36
43.92,102.48,58.56,-73.2,-9.76,78.08,-429.44,-439.2,-585.6,-78.08,141.52,219.6
43.92,97.6,53.68,-68.32,-4.88,73.2,-434.32,-424.56,-561.2,-68.32,136.64,214.72
39.04,92.72,53.68,-63.44,-9.76,73.2,-429.44,-409.92,-527.04,-53.68,141.52,209.84
34.16,87.84,53.68,-58.56,-9.76,68.32,-424.56,-380.64,-492.88,-48.8,136.64,204.96
24.4,82.96,58.56,-53.68,-19.52,68.32,-409.92,-356.24,-458.72,-39.04,131.76,200.08
39.04,87.84,48.8,-63.44,-4.88,68.32,-405.04,-336.72,-409.92,-19.52,131.76,200.08
39.04,82.96,43.92,-58.56,-4.88,63.44,-395.28,-312.32,-366,-4.88,126.88,195.2
29.28,73.2,43.92,-48.8,-9.76,58.56,-385.52,-283.04,-322.08,14.64,122,185.44
34.16,78.08,43.92,-53.68,-4.88,58.56,-370.88,-258.64,-292.8,24.4,112.24,180.56
34.16,82.96,48.8,-58.56,-9.76,63.44,-366,-248.88,-268.4,29.28,102.48,161.04
39.04,82.96,43.92,-58.56,-4.88,63.44,-356.24,-224.48,-234.24,39.04,102.48,165.92
43.92,82.96,39.04,-63.44,0,58.56,-351.36,-200.08,-204.96,43.92,102.48,156.16
34.16,78.08,43.92,-53.68,-4.88,58.56,-346.48,-175.68,-170.8,58.56,102.48,151.28
39.04,68.32,29.28,-53.68,4.88,48.8,-322.08,-146.4,-131.76,73.2,112.24,151.28
34.16,63.44,29.28,-48.8,0,43.92,-317.2,-126.88,-107.36,92.72,112.24,146.4
39.04,58.56,19.52,-48.8,9.76,39.04,-307.44,-107.36,-78.08,92.72,102.48,141.52
43.92,58.56,14.64,-48.8,14.64,34.16,-297.68,-82.96,-63.44,92.72,92.72,131.76
39.04,43.92,4.88,-39.04,14.64,24.4,-287.92,-68.32,-39.04,92.72,73.2,112.24
39.04,43.92,4.88,-39.04,14.64,24.4,-273.28,-48.8,-19.52,102.48,68.32,107.36
39.04,53.68,14.64,-43.92,9.76,34.16,-253.76,-39.04,-4.88,107.36,68.32,107.36
34.16,53.68,19.52,-43.92,4.88,34.16,-253.76,-34.16,4.88,107.36,53.68,92.72
39.04,53.68,14.64,-43.92,9.76,34.16,-239.12,-14.64,19.52,112.24,53.68,92.72
29.28,43.92,14.64,-34.16,4.88,29.28,-224.48,-9.76,39.04,112.24,48.8,82.96
29.28,34.16,4.88,-29.28,9.76,19.52,-209.84,-4.88,48.8,102.48,39.04,78.08
43.92,39.04,-4.88,-39.04,24.4,14.64,-200.08,0,53.68,97.6,34.16,78.08
34.16,34.16,0,-34.16,14.64,14.64,-190.32,14.64,68.32,97.6,34.16,68.32
29.28,34.16,4.88,-29.28,9.76,19.52,-185.44,14.64,68.32,107.36,24.4,58.56
29.28,34.16,4.88,-29.28,9.76,19.52,-180.56,9.76,78.08,102.48,9.76,43.92
14.64,29.28,14.64,-19.52,0,19.52,-170.8,4.88,78.08,97.6,-9.76,29.28
19.52,34.16,14.64,-24.4,0,24.4,-151.28,4.88,82.96,92.72,-24.4,19.52
14.64,39.04,24.4,-24.4,-4.88,29.28,-136.64,4.88,87.84,82.96,-34.16,4.88
14.64,39.04,24.4,-24.4,-4.88,29.28,-122,9.76,87.84,73.2,-43.92,-9.76
9.76,39.04,29.28,-24.4,-9.76,34.16,-102.48,9.76,92.72,68.32,-43.92,-24.4
0,29.28,29.28,-14.64,-14.64,29.28,-92.72,0,92.72,68.32,-53.68,-34.16
0,39.04,39.04,-19.52,-19.52,39.04,-82.96,0,97.6,68.32,-53.68,-24.4
0,43.92,43.92,-19.52,-24.4,43.92,-73.2,-4.88,97.6,68.32,-58.56,-29.28
-14.64,34.16,48.8,-9.76,-34.16,39.04,-63.44,-19.52,97.6,53.68,-73.2,-34.16
-14.64,34.16,48.8,-9.76,-34.16,39.04,-48.8,-9.76,107.36,53.68,-73.2,-39.04
-24.4,34.16,58.56,-4.88,-43.92,43.92,-34.16,0,122,63.44,-73.2,-39.04
-19.52,34.16,53.68,-4.88,-39.04,43.92,-24.4,0,131.76,68.32,-73.2,-39.04
-14.64,43.92,58.56,-14.64,-39.04,48.8,-14.64,0,141.52,73.2,-73.2,-43.92
-19.52,39.04,58.56,-9.76,-39.04,48.8,-4.88,-9.76,141.52,68.32,-73.2,-48.8
-24.4,43.92,68.32,-9.76,-48.8,53.68,4.88,-9.76,156.16,82.96,-63.44,-43.92
-19.52,53.68,73.2,-14.64,-48.8,63.44,19.52,-4.88,170.8,92.72,-53.68,-34.16
-24.4,58.56,82.96,-14.64,-53.68,68.32,24.4,0,180.56,97.6,-53.68,-29.28
-29.28,68.32,97.6,-19.52,-63.44,82.96,39.04,4.88,190.32,102.48,-43.92,-24.4
-39.04,58.56,97.6,-9.76,-68.32,78.08,43.92,4.88,195.2,107.36,-43.92,-24.4
-39.04,53.68,92.72,-4.88,-68.32,73.2,43.92,0,190.32,102.48,-48.8,-34.16
-39.04,53.68,92.72,-4.88,-68.32,73.2,39.04,0,190.32,97.6,-48.8,-29.28
-39.04,43.92,82.96,0,-63.44,63.44,43.92,0,185.44,102.48,-53.68,-39.04
-34.16,43.92,78.08,-4.88,-58.56,58.56,53.68,-4.88,185.44,107.36,-48.8,-34.16
-34.16,34.16,68.32,0,-53.68,48.8,48.8,-4.88,180.56,112.24,-43.92,-39.04
-43.92,29.28,73.2,9.76,-58.56,48.8,48.8,-14.64,185.44,107.36,-39.04,-34.16
-43.92,29.28,73.2,9.76,-58.56,48.8,53.68,-9.76,190.32,122,-19.52,-29.28
-39.04,29.28,68.32,4.88,-53.68,48.8,53.68,-14.64,190.32,131.76,-9.76,-19.52
-39.04,29.28,68.32,4.88,-53.68,48.8,53.68,-19.52,185.44,136.64,0,-19.52
-39.04,29.28,68.32,4.88,-53.68,48.8,53.68,-29.28,175.68,136.64,0,-14.64
-43.92,24.4,68.32,9.76,-58.56,43.92,43.92,-29.28,161.04,117.12,0,-19.52
-39.04,29.28,68.32,4.88,-53.68,48.8,43.92,-29.28,156.16,107.36,4.88,-9.76
-29.28,34.16,63.44,0,-48.8,48.8,43.92,-39.04,141.52,107.36,14.64,-14.64
-39.04,29.28,68.32,4.88,-53.68,48.8,43.92,-43.92,131.76,107.36,19.52,-4.88
-39.04,29.28,68.32,4.88,-53.68,48.8,39.04,-43.92,131.76,117.12,24.4,0
-43.92,19.52,63.44,14.64,-53.68,39.04,43.92,-34.16,126.88,122,29.28,9.76
-43.92,14.64,58.56,14.64,-53.68,34.16,43.92,-34.16,122,122,29.28,14.64
-39.04,14.64,53.68,14.64,-48.8,34.16,43.92,-29.28,126.88,126.88,39.04,24.4
-39.04,19.52,58.56,9.76,-48.8,39.04,29.28,-34.16,122,126.88,39.04,24.4
-34.16,24.4,58.56,4.88,-48.8,39.04,19.52,-39.04,117.12,131.76,39.04,34.16
-29.28,24.4,53.68,4.88,-43.92,39.04,0,-43.92,102.48,131.76,43.92,34.16
-29.28,19.52,48.8,4.88,-39.04,34.16,-14.64,-53.68,97.6,126.88,43.92,39.04
-19.52,34.16,53.68,-4.88,-39.04,43.92,-19.52,-53.68,92.72,126.88,43.92,48.8
-19.52,29.28,48.8,-4.88,-34.16,39.04,-29.28,-58.56,82.96,117.12,48.8,43.92
-24.4,19.52,43.92,4.88,-34.16,29.28,-34.16,-53.68,78.08,117.12,48.8,43.92
-19.52,19.52,39.04,0,-29.28,29.28,-39.04,-53.68,78.08,117.12,43.92,53.68
-24.4,9.76,34.16,9.76,-29.28,19.52,-48.8,-53.68,73.2,107.36,43.92,48.8
-19.52,9.76,29.28,4.88,-24.4,19.52,-58.56,-58.56,68.32,107.36,39.04,48.8
-19.52,0,19.52,9.76,-19.52,9.76,-58.56,-53.68,73.2,107.36,34.16,48.8
-29.28,-9.76,19.52,19.52,-24.4,4.88,-68.32,-48.8,87.84,102.48,29.28,48.8
-24.4,-4.88,19.52,14.64,-24.4,4.88,-73.2,-43.92,87.84,97.6,34.16,43.92
-19.52,-4.88,14.64,14.64,-19.52,4.88,-82.96,-43.92,87.84,112.24,29.28,34.16
-19.52,0,19.52,9.76,-19.52,9.76,-87.84,-39.04,97.6,117.12,34.16,39.04
-14.64,-4.88,9.76,9.76,-14.64,0,-82.96,-39.04,92.72,102.48,29.28,39.04
-14.64,-14.64,0,14.64,-9.76,-9.76,-87.84,-34.16,92.72,107.36,24.4,34.16
-9.76,-14.64,-4.88,14.64,-4.88,-9.76,-87.84,-29.28,97.6,102.48,19.52,29.28
-14.64,-24.4,-9.76,19.52,-4.88,-19.52,-92.72,-24.4,107.36,107.36,24.4,39.04
-14.64,-24.4,-9.76,19.52,-4.88,-19.52,-97.6,-19.52,112.24,107.36,24.4,48.8
-9.76,-24.4,-14.64,19.52,0,-19.52,-97.6,-14.64,117.12,107.36,34.16,43.92
-9.76,-34.16,-24.4,24.4,4.88,-29.28,-97.6,-4.88,131.76,97.6,34.16,48.8
-14.64,-48.8,-34.16,34.16,9.76,-43.92,-102.48,0,131.76,97.6,34.16,43.92
-4.88,-48.8,-43.92,29.28,19.52,-48.8,-97.6,0,131.76,97.6,24.4,39.04
-9.76,-43.92,-34.16,29.28,9.76,-39.04,-97.6,4.88,136.64,97.6,0,29.28
4.88,-39.04,-43.92,19.52,24.4,-43.92,-97.6,9.76,141.52,97.6,-14.64,19.52
4.88,-48.8,-53.68,24.4,29.28,-53.68,-102.48,14.64,141.52,102.48,-14.64,14.64
0,-48.8,-48.8,24.4,24.4,-48.8,-97.6,9.76,151.28,97.6,-19.52,9.76
9.76,-43.92,-53.68,19.52,29.28,-48.8,-97.6,19.52,161.04,107.36,-9.76,9.76
4.88,-48.8,-53.68,24.4,29.28,-53.68,-102.48,19.52,161.04,102.48,-14.64,14.64
-4.88,-53.68,-48.8,29.28,19.52,-53.68,-107.36,29.28,165.92,97.6,-24.4,14.64
-9.76,-53.68,-43.92,34.16,14.64,-48.8,-107.36,24.4,161.04,87.84,-29.28,9.76
-14.64,-58.56,-43.92,39.04,14.64,-53.68,-112.24,19.52,156.16,82.96,-39.04,4.88
-9.76,-53.68,-43.92,34.16,14.64,-48.8,-112.24,19.52,156.16,82.96,-39.04,4.88
-14.64,-48.8,-34.16,34.16,9.76,-43.92,-107.36,9.76,151.28,78.08,-43.92,4.88
-14.64,-43.92,-29.28,29.28,4.88,-39.04,-112.24,9.76,146.4,73.2,-48.8,0
-14.64,-48.8,-34.16,34.16,9.76,-43.92,-102.48,14.64,151.28,78.08,-48.8,0
-24.4,-58.56,-34.16,43.92,4.88,-48.8,-97.6,9.76,151.28,73.2,-58.56,-4.88
-24.4,-58.56,-34.16,43.92,4.88,-48.8,-87.84,9.76,146.4,68.32,-63.44,-9.76
-24.4,-53.68,-29.28,39.04,0,-43.92,-87.84,4.88,146.4,68.32,-63.44,-14.64
-29.28,-58.56,-29.28,43.92,0,-43.92,-92.72,0,141.52,53.68,-82.96,-24.4
-29.28,-53.68,-24.4,43.92,-4.88,-39.04,-87.84,-4.88,141.52,53.68,-78.08,-24.4
-34.16,-63.44,-29.28,48.8,-4.88,-48.8,-82.96,-14.64,131.76,48.8,-78.08,-29.28
-34.16,-58.56,-24.4,48.8,-4.88,-43.92,-82.96,-24.4,126.88,39.04,-82.96,-29.28
-29.28,-39.04,-9.76,34.16,-9.76,-24.4,-82.96,-29.28,122,39.04,-82.96,-24.4
-34.16,-39.04,-4.88,39.04,-14.64,-24.4,-92.72,-43.92,112.24,29.28,-82.96,-24.4
-34.16,-34.16,0,34.16,-19.52,-19.52,-92.72,-63.44,102.48,24.4,-78.08,-29.28
-29.28,-24.4,4.88,29.28,-19.52,-9.76,-82.96,-68.32,92.72,24.4,-78.08,-29.28
-34.16,-29.28,4.88,34.16,-19.52,-14.64,-82.96,-78.08,92.72,24.4,-82.96,-34.16
-29.28,-19.52,9.76,24.4,-19.52,-4.88,-73.2,-73.2,97.6,29.28,-82.96,-29.28
-34.16,-14.64,19.52,24.4,-29.28,0,-68.32,-78.08,97.6,29.28,-82.96,-29.28
-39.04,-14.64,24.4,29.28,-34.16,4.88,-58.56,-87.84,107.36,34.16,-87.84,-24.4
-43.92,-4.88,39.04,24.4,-43.92,14.64,-63.44,-92.72,107.36,43.92,-82.96,-19.52
-48.8,9.76,58.56,19.52,-53.68,34.16,-58.56,-97.6,92.72,29.28,-87.84,-24.4
-48.8,19.52,68.32,14.64,-58.56,43.92,-53.68,-97.6,87.84,24.4,-87.84,-24.4
-58.56,19.52,78.08,19.52,-68.32,48.8,-43.92,-97.6,87.84,24.4,-87.84,-19.52
-63.44,14.64,78.08,24.4,-73.2,43.92,-24.4,-92.72,82.96,24.4,-92.72,-24.4
-63.44,24.4,87.84,19.52,-78.08,53.68,-9.76,-97.6,82.96,19.52,-92.72,-19.52
-68.32,29.28,97.6,19.52,-82.96,63.44,-19.52,-102.48,73.2,14.64,-92.72,-24.4
-63.44,34.16,97.6,14.64,-82.96,63.44,-29.28,-102.48,78.08,19.52,-87.84,-14.64
-58.56,48.8,107.36,4.88,-82.96,78.08,-43.92,-112.24,73.2,19.52,-92.72,-14.64
-63.44,53.68,117.12,4.88,-92.72,82.96,-63.44,-122,68.32,9.76,-92.72,-14.64
-58.56,58.56,117.12,0,-87.84,87.84,-82.96,-126.88,63.44,4.88,-97.6,-19.52
-48.8,68.32,117.12,-9.76,-82.96,92.72,-87.84,-126.88,48.8,0,-102.48,-24.4
-58.56,63.44,122,0,-92.72,92.72,-97.6,-136.64,39.04,-9.76,-112.24,-34.16
-53.68,63.44,117.12,-4.88,-87.84,87.84,-102.48,-131.76,34.16,-9.76,-112.24,-34.16
-58.56,53.68,112.24,4.88,-87.84,82.96,-112.24,-131.76,29.28,-9.76,-112.24,-39.04
-58.56,48.8,107.36,4.88,-82.96,78.08,-102.48,-131.76,29.28,-14.64,-117.12,-39.04
-53.68,58.56,112.24,0,-82.96,82.96,-102.48,-126.88,29.28,-19.52,-122,-39.04
-58.56,53.68,112.24,4.88,-87.84,82.96,-97.6,-122,29.28,-14.64,-117.12,-34.16
-53.68,58.56,112.24,0,-82.96,82.96,-97.6,-126.88,24.4,-24.4,-122,-39.04
-63.44,53.68,117.12,4.88,-92.72,82.96,-97.6,-131.76,24.4,-24.4,-122,-43.92
-63.44,53.68,117.12,4.88,-92.72,82.96,-102.48,-131.76,19.52,-24.4,-117.12,-43.92
-58.56,58.56,117.12,0,-87.84,87.84,-92.72,-117.12,19.52,-24.4,-112.24,-34.16
-58.56,58.56,117.12,0,-87.84,87.84,-97.6,-122,19.52,-29.28,-117.12,-39.04
-58.56,53.68,112.24,4.88,-87.84,82.96,-102.48,-122,14.64,-29.28,-112.24,-39.04
-58.56,48.8,107.36,4.88,-82.96,78.08,-112.24,-117.12,14.64,-24.4,-107.36,-39.04
-63.44,43.92,107.36,9.76,-87.84,73.2,-107.36,-112.24,19.52,-24.4,-112.24,-34.16
-58.56,48.8,107.36,4.88,-82.96,78.08,-112.24,-107.36,14.64,-24.4,-117.12,-34.16
-58.56,48.8,107.36,4.88,-82.96,78.08,-107.36,-102.48,24.4,-24.4,-126.88,-34.16
-58.56,48.8,107.36,4.88,-82.96,78.08,-107.36,-107.36,24.4,-34.16,-131.76,-39.04
-53.68,53.68,107.36,0,-82.96,78.08,-107.36,-102.48,34.16,-24.4,-126.88,-34.16
-48.8,53.68,102.48,0,-78.08,78.08,-112.24,-102.48,29.28,-29.28,-131.76,-43.92
-53.68,63.44,117.12,-4.88,-87.84,87.84,-112.24,-92.72,29.28,-29.28,-136.64,-43.92
-39.04,73.2,112.24,-14.64,-78.08,92.72,-112.24,-92.72,29.28,-29.28,-131.76,-48.8
-43.92,63.44,107.36,-9.76,-78.08,82.96,-117.12,-87.84,29.28,-29.28,-131.76,-53.68
-39.04,63.44,102.48,-9.76,-73.2,82.96,-117.12,-87.84,24.4,-29.28,-136.64,-58.56
-53.68,53.68,107.36,0,-82.96,78.08,-107.36,-87.84,29.28,-29.28,-126.88,-53.68
-48.8,58.56,107.36,-4.88,-78.08,82.96,-117.12,-87.84,24.4,-34.16,-141.52,-58.56
-43.92,58.56,102.48,-4.88,-73.2,78.08,-107.36,-82.96,29.28,-29.28,-131.76,-58.56
-53.68,53.68,107.36,0,-82.96,78.08,-102.48,-82.96,34.16,-29.28,-131.76,-53.68
-58.56,53.68,112.24,4.88,-87.84,82.96,-107.36,-78.08,34.16,-29.28,-136.64,-53.68
-53.68,63.44,117.12,-4.88,-87.84,87.84,-97.6,-73.2,29.28,-29.28,-136.64,-53.68
-48.8,53.68,102.48,0,-78.08,78.08,-97.6,-73.2,29.28,-24.4,-136.64,-53.68
-43.92,48.8,92.72,0,-68.32,68.32,-92.72,-68.32,34.16,-19.52,-126.88,-48.8
-43.92,34.16,78.08,4.88,-63.44,53.68,-82.96,-68.32,39.04,-19.52,-131.76,-48.8
-43.92,43.92,87.84,0,-68.32,63.44,-73.2,-58.56,43.92,-14.64,-122,-48.8
-34.16,53.68,87.84,-9.76,-63.44,68.32,-68.32,-48.8,43.92,-14.64,-126.88,-48.8
-39.04,43.92,82.96,0,-63.44,63.44,-63.44,-43.92,48.8,-14.64,-122,-43.92
-39.04,39.04,78.08,0,-58.56,58.56,-53.68,-39.04,53.68,-9.76,-117.12,-39.04
-43.92,34.16,78.08,4.88,-63.44,53.68,-48.8,-34.16,58.56,-4.88,-122,-39.04
-48.8,24.4,73.2,14.64,-63.44,48.8,-48.8,-29.28,63.44,-4.88,-112.24,-43.92
-34.16,24.4,58.56,4.88,-48.8,39.04,-43.92,-24.4,68.32,0,-117.12,-48.8
-34.16,19.52,53.68,9.76,-43.92,34.16,-29.28,-9.76,78.08,9.76,-107.36,-43.92
-29.28,24.4,53.68,4.88,-43.92,39.04,-24.4,-9.76,82.96,9.76,-107.36,-48.8
-24.4,19.52,43.92,4.88,-34.16,29.28,-19.52,-9.76,82.96,9.76,-107.36,-43.92
-29.28,-4.88,24.4,19.52,-29.28,9.76,-14.64,-4.88,82.96,14.64,-112.24,-43.92
-29.28,-9.76,19.52,19.52,-24.4,4.88,-4.88,0,87.84,9.76,-122,-43.92
-29.28,0,29.28,14.64,-29.28,14.64,0,0,87.84,9.76,-126.88,-39.04
-34.16,-9.76,24.4,24.4,-29.28,4.88,0,0,87.84,9.76,-122,-39.04
-34.16,-4.88,29.28,19.52,-34.16,9.76,4.88,0,87.84,9.76,-117.12,-43.92
-39.04,0,39.04,19.52,-39.04,19.52,4.88,-4.88,87.84,4.88,-122,-43.92
-34.16,9.76,43.92,14.64,-39.04,24.4,0,-4.88,82.96,9.76,-122,-48.8
-29.28,9.76,39.04,9.76,-34.16,24.4,9.76,-4.88,82.96,9.76,-117.12,-43.92
-39.04,9.76,48.8,14.64,-43.92,29.28,9.76,-9.76,78.08,9.76,-117.12,-48.8
-29.28,9.76,39.04,9.76,-34.16,24.4,4.88,-19.52,73.2,4.88,-122,-53.68
-29.28,9.76,39.04,9.76,-34.16,24.4,19.52,-19.52,78.08,4.88,-112.24,-48.8
-29.28,9.76,39.04,9.76,-34.16,24.4,24.4,-9.76,82.96,9.76,-117.12,-43.92
-24.4,14.64,39.04,4.88,-34.16,24.4,29.28,-14.64,78.08,0,-117.12,-53.68
-29.28,4.88,34.16,14.64,-34.16,19.52,29.28,-24.4,68.32,0,-126.88,-58.56
-43.92,4.88,48.8,19.52,-48.8,24.4,29.28,-29.28,63.44,-4.88,-131.76,-58.56
-48.8,14.64,63.44,19.52,-58.56,39.04,34.16,-39.04,68.32,-9.76,-126.88,-63.44
-48.8,14.64,63.44,19.52,-58.56,39.04,29.28,-48.8,58.56,-9.76,-131.76,-68.32
-48.8,19.52,68.32,14.64,-58.56,43.92,34.16,-48.8,53.68,-14.64,-131.76,-68.32
-48.8,24.4,73.2,14.64,-63.44,48.8,29.28,-58.56,43.92,-14.64,-131.76,-63.44
-48.8,19.52,68.32,14.64,-58.56,43.92,24.4,-73.2,34.16,-19.52,-131.76,-68.32
-39.04,19.52,58.56,9.76,-48.8,39.04,24.4,-78.08,29.28,-19.52,-126.88,-58.56
-43.92,24.4,68.32,9.76,-58.56,43.92,29.28,-73.2,24.4,-29.28,-131.76,-63.44
-43.92,34.16,78.08,4.88,-63.44,53.68,34.16,-68.32,29.28,-39.04,-141.52,-73.2
-34.16,43.92,78.08,-4.88,-58.56,58.56,34.16,-63.44,34.16,-39.04,-146.4,-73.2
-39.04,43.92,82.96,0,-63.44,63.44,39.04,-58.56,48.8,-24.4,-131.76,-73.2
-34.16,73.2,107.36,-19.52,-73.2,87.84,58.56,-34.16,112.24,34.16,-82.96,-48.8
-29.28,97.6,126.88,-34.16,-78.08,112.24,82.96,4.88,204.96,141.52,-4.88,-4.88
-29.28,102.48,131.76,-34.16,-82.96,117.12,102.48,48.8,317.2,273.28,112.24,73.2
-14.64,117.12,131.76,-48.8,-73.2,122,122,87.84,400.16,405.04,244,180.56
-4.88,126.88,131.76,-58.56,-68.32,126.88,117.12,107.36,434.32,497.76,400.16,317.2
14.64,151.28,136.64,-82.96,-63.44,141.52,102.48,102.48,429.44,590.48,580.72,502.64
48.8,165.92,117.12,-107.36,-34.16,141.52,87.84,112.24,453.84,717.36,819.84,746.64
82.96,170.8,87.84,-126.88,-4.88,126.88,58.56,112.24,448.96,810.08,1034.56,995.52
131.76,209.84,78.08,-170.8,24.4,141.52,0,82.96,429.44,863.76,1215.12,1249.28
175.68,273.28,97.6,-224.48,39.04,185.44,-107.36,9.76,356.24,917.44,1415.2,1522.56
209.84,366,156.16,-287.92,24.4,258.64,-200.08,-63.44,302.56,1029.68,1654.32,1786.08
253.76,458.72,204.96,-356.24,24.4,331.84,-268.4,-117.12,312.32,1161.44,1878.8,2010.56
273.28,551.44,278.16,-409.92,-4.88,414.8,-326.96,-165.92,317.2,1288.32,2088.64,2225.28
292.8,629.52,336.72,-458.72,-24.4,483.12,-395.28,-229.36,273.28,1361.52,2264.32,2420.48
312.32,663.68,351.36,-488,-19.52,507.52,-424.56,-248.88,248.88,1390.8,2361.92,2547.36
317.2,673.44,356.24,-492.88,-19.52,512.4,-444.08,-253.76,253.76,1444.48,2425.36,2601.04
322.08,697.84,375.76,-507.52,-29.28,536.8,-463.6,-258.64,258.64,1488.4,2464.4,2605.92
302.56,673.44,370.88,-488,-34.16,522.16,-439.2,-248.88,283.04,1517.68,2425.36,2518.08
248.88,619.76,370.88,-434.32,-63.44,492.88,-375.76,-214.72,366,1566.48,2342.4,2342.4
200.08,585.6,385.52,-390.4,-92.72,483.12,-312.32,-204.96,414.8,1561.6,2196,2083.76
141.52,546.56,405.04,-341.6,-131.76,473.36,-268.4,-200.08,463.6,1581.12,2000.8,1678.72
78.08,448.96,370.88,-263.52,-146.4,409.92,-170.8,-126.88,610,1649.44,1790.96,1190.72
4.88,351.36,346.48,-175.68,-170.8,346.48,-53.68,-24.4,771.04,1605.52,1454.24,673.44
-73.2,268.4,341.6,-97.6,-209.84,302.56,39.04,19.52,868.64,1346.88,863.76,58.56
-131.76,229.36,361.12,-48.8,-248.88,292.8,112.24,34.16,902.8,1019.92,307.44,-429.44
-180.56,204.96,385.52,-9.76,-283.04,292.8,146.4,29.28,888.16,673.44,-43.92,-629.52
-209.84,180.56,390.4,14.64,-302.56,283.04,190.32,29.28,873.52,258.64,-400.16,-736.88
-248.88,156.16,405.04,48.8,-326.96,278.16,224.48,43.92,888.16,-34.16,-678.32,-819.84
-268.4,112.24,380.64,78.08,-326.96,244,253.76,82.96,902.8,-204.96,-868.64,-854
-263.52,63.44,326.96,102.48,-297.68,195.2,268.4,112.24,834.48,-351.36,-951.6,-854
-263.52,14.64,278.16,126.88,-273.28,146.4,292.8,151.28,761.28,-429.44,-951.6,-863.76
-268.4,-39.04,229.36,156.16,-248.88,92.72,317.2,180.56,688.08,-527.04,-976,-873.52
-253.76,-78.08,175.68,165.92,-214.72,48.8,331.84,204.96,595.36,-634.4,-1005.28,-878.4
-248.88,-117.12,131.76,185.44,-190.32,4.88,351.36,234.24,561.2,-692.96,-1015.04,-888.16
-258.64,-141.52,117.12,200.08,-190.32,-14.64,380.64,244,536.8,-746.64,-1044.32,-907.68
-263.52,-165.92,97.6,214.72,-180.56,-34.16,419.68,253.76,488,-790.56,-1058.96,-907.68
-273.28,-195.2,78.08,234.24,-175.68,-58.56,448.96,263.52,453.84,-810.08,-1054.08,-902.8
-273.28,-209.84,63.44,244,-170.8,-73.2,463.6,263.52,395.28,-839.36,-1058.96,-902.8
-268.4,-229.36,39.04,248.88,-156.16,-97.6,483.12,287.92,361.12,-873.52,-1058.96,-888.16
-263.52,-263.52,0,263.52,-131.76,-131.76,492.88,331.84,380.64,-873.52,-1049.2,-873.52
-268.4,-278.16,-9.76,273.28,-131.76,-146.4,522.16,346.48,361.12,-888.16,-1049.2,-868.64
-263.52,-278.16,-14.64,273.28,-126.88,-146.4,531.92,331.84,292.8,-927.2,-1063.84,-868.64
-263.52,-278.16,-14.64,273.28,-126.88,-146.4,566.08,370.88,322.08,-912.56,-1044.32,-858.88
-258.64,-268.4,-9.76,263.52,-126.88,-141.52,595.36,429.44,405.04,-863.76,-1005.28,-819.84
-258.64,-278.16,-19.52,268.4,-122,-151.28,605.12,483.12,473.36,-834.48,-976,-795.44
-239.12,-273.28,-34.16,258.64,-102.48,-156.16,605.12,541.68,551.44,-780.8,-932.08,-756.4
-224.48,-258.64,-34.16,244,-97.6,-146.4,600.24,619.76,663.68,-702.72,-873.52,-717.36
-214.72,-253.76,-39.04,234.24,-87.84,-146.4,566.08,663.68,707.6,-649.04,-819.84,-668.56
-204.96,-229.36,-24.4,219.6,-92.72,-126.88,512.4,639.28,590.48,-624.64,-780.8,-619.76
-209.84,-229.36,-19.52,219.6,-97.6,-126.88,473.36,570.96,385.52,-629.52,-741.76,-585.6
-214.72,-204.96,9.76,209.84,-112.24,-97.6,429.44,497.76,219.6,-619.76,-712.48,-561.2
-209.84,-180.56,29.28,195.2,-122,-78.08,385.52,439.2,146.4,-595.36,-678.32,-522.16
-200.08,-161.04,39.04,180.56,-122,-63.44,336.72,385.52,58.56,-580.72,-658.8,-507.52
-195.2,-141.52,53.68,170.8,-126.88,-43.92,287.92,336.72,-24.4,-575.84,-644.16,-497.76
-190.32,-122,68.32,156.16,-131.76,-29.28,229.36,268.4,-126.88,-570.96,-624.64,-488
-185.44,-107.36,78.08,146.4,-131.76,-14.64,156.16,185.44,-234.24,-585.6,-629.52,-473.36
-180.56,-92.72,87.84,136.64,-136.64,-4.88,92.72,122,-302.56,-575.84,-605.12,-448.96
-190.32,-92.72,97.6,141.52,-146.4,0,34.16,68.32,-351.36,-570.96,-595.36,-439.2
-180.56,-78.08,102.48,131.76,-141.52,9.76,-24.4,14.64,-366,-556.32,-580.72,-414.8
-161.04,-58.56,102.48,112.24,-131.76,19.52,-63.44,-43.92,-361.12,-536.8,-546.56,-385.52
-170.8,-48.8,122,112.24,-146.4,34.16,-92.72,-107.36,-385.52,-527.04,-536.8,-370.88
-161.04,-43.92,117.12,102.48,-141.52,34.16,-126.88,-161.04,-395.28,-517.28,-512.4,-351.36
-146.4,-43.92,102.48,97.6,-126.88,29.28,-170.8,-209.84,-409.92,-507.52,-497.76,-326.96
-141.52,-48.8,92.72,97.6,-117.12,19.52,-224.48,-258.64,-444.08,-497.76,-483.12,-326.96
-122,-43.92,78.08,82.96,-102.48,14.64,-278.16,-317.2,-468.48,-497.76,-478.24,-326.96
-122,-43.92,78.08,82.96,-102.48,14.64,-317.2,-356.24,-468.48,-488,-468.48,-307.44
-107.36,-48.8,58.56,78.08,-82.96,4.88,-356.24,-390.4,-453.84,-453.84,-444.08,-287.92
-87.84,-53.68,34.16,73.2,-63.44,-9.76,-395.28,-414.8,-414.8,-419.68,-409.92,-244
-78.08,-58.56,19.52,68.32,-48.8,-19.52,-439.2,-429.44,-380.64,-385.52,-385.52,-214.72
-73.2,-73.2,0,73.2,-39.04,-39.04,-458.72,-444.08,-361.12,-366,-351.36,-185.44
-68.32,-63.44,4.88,68.32,-39.04,-29.28,-473.36,-463.6,-341.6,-322.08,-331.84,-165.92
-63.44,-53.68,9.76,58.56,-39.04,-24.4,-507.52,-478.24,-331.84,-307.44,-326.96,-161.04
-53.68,-24.4,29.28,39.04,-43.92,0,-527.04,-492.88,-317.2,-292.8,-317.2,-146.4
-53.68,-29.28,24.4,43.92,-39.04,-4.88,-556.32,-492.88,-312.32,-283.04,-312.32,-151.28
-48.8,-19.52,29.28,34.16,-39.04,4.88,-570.96,-492.88,-302.56,-273.28,-302.56,-146.4
-34.16,-14.64,19.52,24.4,-29.28,0,-575.84,-488,-287.92,-258.64,-292.8,-136.64
-39.04,-14.64,24.4,29.28,-34.16,4.88,-575.84,-468.48,-263.52,-244,-273.28,-126.88
-39.04,-14.64,24.4,29.28,-34.16,4.88,-570.96,-448.96,-244,-234.24,-263.52,-112.24
-53.68,-14.64,39.04,34.16,-48.8,9.76,-580.72,-453.84,-229.36,-224.48,-244,-92.72
-53.68,-19.52,34.16,39.04,-43.92,4.88,-590.48,-453.84,-224.48,-219.6,-229.36,-73.2
-48.8,-9.76,39.04,29.28,-43.92,14.64,-595.36,-463.6,-214.72,-204.96,-214.72,-53.68
-43.92,0,43.92,24.4,-43.92,19.52,-595.36,-463.6,-209.84,-204.96,-204.96,-39.04
-48.8,4.88,53.68,24.4,-53.68,29.28,-605.12,-468.48,-214.72,-190.32,-200.08,-43.92
-48.8,14.64,63.44,19.52,-58.56,39.04,-614.88,-468.48,-229.36,-190.32,-200.08,-53.68
-53.68,29.28,82.96,14.64,-68.32,53.68,-639.28,-478.24,-234.24,-195.2,-200.08,-53.68
-43.92,39.04,82.96,4.88,-63.44,58.56,-644.16,-478.24,-239.12,-195.2,-200.08,-43.92
-53.68,43.92,97.6,4.88,-78.08,68.32,-663.68,-488,-248.88,-204.96,-200.08,-48.8
-63.44,29.28,92.72,19.52,-78.08,58.56,-668.56,-492.88,-258.64,-214.72,-209.84,-53.68
-63.44,39.04,102.48,14.64,-82.96,68.32,-678.32,-497.76,-263.52,-229.36,-204.96,-43.92
-63.44,29.28,92.72,19.52,-78.08,58.56,-692.96,-497.76,-258.64,-229.36,-190.32,-29.28
-68.32,29.28,97.6,19.52,-82.96,63.44,-697.84,-502.64,-268.4,-229.36,-185.44,-19.52
-63.44,24.4,87.84,19.52,-78.08,53.68,-712.48,-512.4,-278.16,-234.24,-175.68,0
-58.56,29.28,87.84,14.64,-73.2,58.56,-727.12,-527.04,-307.44,-229.36,-165.92,9.76
-48.8,29.28,78.08,9.76,-63.44,53.68,-746.64,-527.04,-322.08,-234.24,-151.28,19.52
-58.56,24.4,82.96,19.52,-73.2,53.68,-771.04,-541.68,-346.48,-229.36,-146.4,29.28
-68.32,4.88,73.2,34.16,-73.2,39.04,-771.04,-546.56,-361.12,-224.48,-131.76,48.8
-63.44,9.76,73.2,29.28,-68.32,39.04,-790.56,-556.32,-385.52,-224.48,-112.24,63.44
-58.56,29.28,87.84,14.64,-73.2,58.56,-800.32,-561.2,-405.04,-234.24,-107.36,78.08
-53.68,53.68,107.36,0,-82.96,78.08,-834.48,-590.48,-434.32,-248.88,-92.72,87.84
-48.8,68.32,117.12,-9.76,-82.96,92.72,-858.88,-600.24,-458.72,-258.64,-82.96,102.48
-58.56,73.2,131.76,-4.88,-97.6,102.48,-863.76,-614.88,-478.24,-258.64,-63.44,117.12
-48.8,58.56,107.36,-4.88,-78.08,82.96,-873.52,-619.76,-483.12,-263.52,-48.8,131.76
-43.92,39.04,82.96,4.88,-63.44,58.56,-883.28,-624.64,-507.52,-253.76,-24.4,156.16
-48.8,29.28,78.08,9.76,-63.44,53.68,-897.92,-624.64,-527.04,-253.76,4.88,180.56
-29.28,34.16,63.44,0,-48.8,48.8,-922.32,-639.28,-566.08,-253.76,14.64,195.2
-29.28,39.04,68.32,-4.88,-48.8,53.68,-941.84,-658.8,-605.12,-263.52,24.4,219.6
-24.4,53.68,78.08,-14.64,-53.68,63.44,-976,-678.32,-639.28,-268.4,29.28,219.6
-24.4,58.56,82.96,-14.64,-53.68,68.32,-1000.4,-688.08,-658.8,-283.04,29.28,224.48
-29.28,48.8,78.08,-9.76,-53.68,63.44,-1010.16,-707.6,-678.32,-287.92,39.04,234.24
-29.28,53.68,82.96,-9.76,-58.56,68.32,-1015.04,-697.84,-673.44,-287.92,53.68,248.88
-29.28,53.68,82.96,-9.76,-58.56,68.32,-1024.8,-707.6,-692.96,-292.8,53.68,253.76
-24.4,58.56,82.96,-14.64,-53.68,68.32,-1044.32,-722.24,-712.48,-292.8,58.56,253.76
-24.4,78.08,102.48,-24.4,-63.44,87.84,-1063.84,-722.24,-727.12,-297.68,63.44,258.64
-19.52,82.96,102.48,-29.28,-63.44,92.72,-1088.24,-741.76,-756.4,-307.44,63.44,248.88
-19.52,87.84,107.36,-34.16,-63.44,97.6,-1098,-746.64,-756.4,-302.56,63.44,253.76
-19.52,82.96,102.48,-29.28,-63.44,92.72,-1098,-746.64,-751.52,-292.8,63.44,263.52
-19.52,78.08,97.6,-29.28,-58.56,87.84,-1107.76,-751.52,-751.52,-297.68,53.68,253.76
-24.4,73.2,97.6,-24.4,-63.44,82.96,-1117.52,-746.64,-746.64,-297.68,48.8,248.88
-29.28,82.96,112.24,-24.4,-73.2,97.6,-1141.92,-761.28,-746.64,-297.68,39.04,248.88
-24.4,92.72,117.12,-34.16,-73.2,102.48,-1161.44,-761.28,-736.88,-307.44,39.04,244
-24.4,117.12,141.52,-43.92,-82.96,126.88,-1171.2,-761.28,-732,-307.44,39.04,234.24
-14.64,117.12,131.76,-48.8,-73.2,122,-1185.84,-756.4,-707.6,-297.68,48.8,229.36
-9.76,122,131.76,-53.68,-73.2,126.88,-1190.72,-746.64,-683.2,-278.16,48.8,224.48
-14.64,122,136.64,-53.68,-78.08,126.88,-1171.2,-717.36,-653.92,-258.64,53.68,219.6
-14.64,107.36,122,-43.92,-68.32,112.24,-1166.32,-702.72,-629.52,-253.76,53.68,219.6
-4.88,102.48,107.36,-48.8,-58.56,102.48,-1146.8,-702.72,-605.12,-244,48.8,214.72
-9.76,78.08,87.84,-34.16,-48.8,82.96,-1137.04,-673.44,-566.08,-219.6,43.92,219.6
-14.64,68.32,82.96,-24.4,-48.8,73.2,-1117.52,-653.92,-527.04,-209.84,48.8,214.72
-14.64,53.68,68.32,-19.52,-43.92,58.56,-1102.88,-629.52,-483.12,-190.32,43.92,209.84
-24.4,43.92,68.32,-9.76,-48.8,53.68,-1083.36,-619.76,-444.08,-180.56,48.8,214.72
-19.52,48.8,68.32,-14.64,-43.92,58.56,-1093.12,-610,-409.92,-175.68,34.16,204.96
-14.64,48.8,63.44,-14.64,-39.04,53.68,-1083.36,-590.48,-385.52,-170.8,19.52,190.32
-14.64,39.04,53.68,-9.76,-34.16,43.92,-1083.36,-575.84,-356.24,-170.8,9.76,170.8
-14.64,43.92,58.56,-14.64,-39.04,48.8,-1073.6,-556.32,-322.08,-156.16,0,156.16
-14.64,53.68,68.32,-19.52,-43.92,58.56,-1063.84,-541.68,-302.56,-146.4,-9.76,141.52
-9.76,58.56,68.32,-24.4,-39.04,63.44,-1049.2,-527.04,-268.4,-131.76,-4.88,141.52
-9.76,68.32,78.08,-29.28,-43.92,73.2,-1034.56,-512.4,-244,-131.76,-14.64,136.64
-14.64,68.32,82.96,-24.4,-48.8,73.2,-1029.68,-502.64,-229.36,-136.64,-34.16,122
-14.64,73.2,87.84,-29.28,-53.68,78.08,-1019.92,-497.76,-195.2,-131.76,-39.04,117.12
-14.64,82.96,97.6,-34.16,-58.56,87.84,-1000.4,-478.24,-161.04,-112.24,-34.16,122
-19.52,73.2,92.72,-24.4,-58.56,82.96,-995.52,-463.6,-131.76,-97.6,-24.4,122
-19.52,53.68,73.2,-14.64,-48.8,63.44,-976,-448.96,-112.24,-87.84,-19.52,131.76
-14.64,24.4,39.04,-4.88,-29.28,29.28,-976,-444.08,-97.6,-82.96,-24.4,117.12
-24.4,19.52,43.92,4.88,-34.16,29.28,-946.72,-429.44,-78.08,-68.32,-19.52,117.12
-24.4,14.64,39.04,4.88,-34.16,24.4,-936.96,-434.32,-73.2,-53.68,-24.4,112.24
-14.64,9.76,24.4,4.88,-19.52,14.64,-927.2,-429.44,-63.44,-53.68,-29.28,107.36
-9.76,34.16,43.92,-9.76,-29.28,39.04,-927.2,-429.44,-53.68,-58.56,-34.16,102.48
-24.4,53.68,78.08,-14.64,-53.68,63.44,-932.08,-448.96,-63.44,-73.2,-58.56,73.2
-39.04,63.44,102.48,-9.76,-73.2,82.96,-917.44,-444.08,-53.68,-78.08,-68.32,73.2
-19.52,68.32,87.84,-24.4,-53.68,78.08,-897.92,-439.2,-29.28,-68.32,-73.2,78.08
-29.28,53.68,82.96,-9.76,-58.56,68.32,-883.28,-434.32,-4.88,-58.56,-73.2,73.2
-39.04,34.16,73.2,4.88,-58.56,53.68,-858.88,-424.56,9.76,-53.68,-73.2,73.2
-39.04,34.16,73.2,4.88,-58.56,53.68,-844.24,-429.44,9.76,-58.56,-73.2,73.2
-48.8,34.16,82.96,9.76,-68.32,58.56,-844.24,-434.32,14.64,-53.68,-78.08,63.44
-48.8,48.8,97.6,0,-73.2,73.2,-834.48,-439.2,19.52,-48.8,-82.96,58.56
-48.8,53.68,102.48,0,-78.08,78.08,-824.72,-444.08,24.4,-53.68,-92.72,48.8
-53.68,58.56,112.24,0,-82.96,82.96,-819.84,-448.96,39.04,-43.92,-97.6,43.92
-58.56,68.32,126.88,-4.88,-92.72,97.6,-800.32,-429.44,58.56,-29.28,-92.72,43.92
-63.44,63.44,126.88,0,-97.6,92.72,-790.56,-429.44,73.2,-29.28,-92.72,43.92
-63.44,63.44,126.88,0,-97.6,92.72,-785.68,-424.56,87.84,-29.28,-92.72,43.92
-68.32,63.44,131.76,4.88,-102.48,97.6,-775.92,-419.68,107.36,-24.4,-92.72,34.16
-82.96,48.8,131.76,19.52,-107.36,87.84,-771.04,-409.92,112.24,-29.28,-97.6,29.28
-78.08,43.92,122,19.52,-102.48,82.96,-780.8,-414.8,112.24,-39.04,-107.36,24.4
-78.08,43.92,122,19.52,-102.48,82.96,-780.8,-424.56,97.6,-48.8,-126.88,9.76
-73.2,39.04,112.24,19.52,-92.72,73.2,-790.56,-424.56,87.84,-58.56,-136.64,0
-73.2,39.04,112.24,19.52,-92.72,73.2,-790.56,-424.56,87.84,-68.32,-141.52,-4.88
-82.96,29.28,112.24,29.28,-97.6,68.32,-785.68,-424.56,87.84,-68.32,-151.28,-14.64
-82.96,29.28,112.24,29.28,-97.6,68.32,-775.92,-424.56,82.96,-73.2,-161.04,-19.52
-82.96,34.16,117.12,24.4,-102.48,73.2,-761.28,-424.56,87.84,-82.96,-165.92,-29.28
-87.84,29.28,117.12,29.28,-102.48,73.2,-751.52,-424.56,82.96,-87.84,-165.92,-34.16
-78.08,9.76,87.84,34.16,-82.96,48.8,-736.88,-409.92,87.84,-82.96,-161.04,-39.04
-82.96,4.88,87.84,39.04,-87.84,43.92,-727.12,-405.04,92.72,-73.2,-161.04,-34.16
-87.84,-9.76,78.08,48.8,-82.96,34.16,-732,-409.92,97.6,-68.32,-151.28,-34.16
-82.96,-9.76,73.2,48.8,-78.08,29.28,-722.24,-400.16,97.6,-63.44,-151.28,-34.16
-78.08,-14.64,63.44,48.8,-73.2,24.4,-727.12,-390.4,92.72,-58.56,-151.28,-39.04
-73.2,-14.64,58.56,43.92,-68.32,19.52,-741.76,-400.16,82.96,-53.68,-151.28,-43.92
-78.08,-14.64,63.44,48.8,-73.2,24.4,-741.76,-395.28,92.72,-43.92,-151.28,-43.92
-82.96,-29.28,53.68,58.56,-68.32,9.76,-746.64,-385.52,102.48,-39.04,-141.52,-34.16
-78.08,-34.16,43.92,58.56,-63.44,4.88,-751.52,-380.64,112.24,-29.28,-126.88,-19.52
-82.96,-39.04,43.92,63.44,-63.44,0,-756.4,-380.64,107.36,-34.16,-117.12,-19.52
-78.08,-43.92,34.16,63.44,-58.56,-4.88,-761.28,-375.76,107.36,-24.4,-117.12,-19.52
-68.32,-39.04,29.28,53.68,-48.8,-4.88,-766.16,-370.88,102.48,-29.28,-117.12,-19.52
-73.2,-43.92,29.28,58.56,-53.68,-9.76,-766.16,-375.76,107.36,-24.4,-112.24,-14.64
-68.32,-39.04,29.28,53.68,-48.8,-4.88,-761.28,-375.76,92.72,-24.4,-112.24,-29.28
-63.44,-39.04,24.4,53.68,-43.92,-9.76,-766.16,-375.76,87.84,-24.4,-117.12,-34.16
-73.2,-53.68,19.52,63.44,-48.8,-19.52,-761.28,-375.76,87.84,-14.64,-107.36,-29.28
-63.44,-73.2,-9.76,68.32,-29.28,-43.92,-761.28,-366,97.6,-9.76,-92.72,-19.52
-63.44,-87.84,-24.4,78.08,-19.52,-58.56,-756.4,-356.24,102.48,4.88,-78.08,-4.88
-53.68,-87.84,-34.16,73.2,-9.76,-63.44,-761.28,-351.36,112.24,19.52,-58.56,9.76
-48.8,-82.96,-34.16,68.32,-9.76,-58.56,-761.28,-351.36,117.12,19.52,-48.8,24.4
-53.68,-87.84,-34.16,73.2,-9.76,-63.44,-766.16,-351.36,112.24,19.52,-39.04,24.4
-58.56,-87.84,-29.28,73.2,-14.64,-58.56,-761.28,-356.24,107.36,29.28,-34.16,29.28
-48.8,-78.08,-29.28,63.44,-9.76,-53.68,-766.16,-346.48,112.24,34.16,-24.4,39.04
-48.8,-82.96,-34.16,68.32,-9.76,-58.56,-761.28,-336.72,107.36,39.04,-19.52,39.04
-29.28,-87.84,-58.56,58.56,14.64,-73.2,-756.4,-331.84,107.36,48.8,-19.52,48.8
-29.28,-92.72,-63.44,63.44,14.64,-78.08,-766.16,-331.84,107.36,43.92,-14.64,48.8
-29.28,-97.6,-68.32,63.44,19.52,-82.96,-761.28,-326.96,107.36,43.92,-9.76,53.68
-34.16,-92.72,-58.56,63.44,9.76,-78.08,-751.52,-326.96,107.36,43.92,-4.88,53.68
-39.04,-97.6,-58.56,68.32,9.76,-78.08,-751.52,-322.08,117.12,43.92,-4.88,63.44
-39.04,-87.84,-48.8,63.44,4.88,-68.32,-746.64,-322.08,122,43.92,0,68.32
-34.16,-87.84,-53.68,63.44,9.76,-73.2,-756.4,-322.08,126.88,43.92,0,63.44
-43.92,-92.72,-48.8,68.32,0,-73.2,-751.52,-312.32,122,39.04,-9.76,58.56
-34.16,-87.84,-53.68,63.44,9.76,-73.2,-756.4,-317.2,122,39.04,-4.88,58.56
-34.16,-92.72,-58.56,63.44,9.76,-78.08,-751.52,-312.32,117.12,43.92,-9.76,58.56
-19.52,-87.84,-68.32,53.68,24.4,-78.08,-746.64,-312.32,117.12,39.04,-19.52,48.8
-19.52,-87.84,-68.32,53.68,24.4,-78.08,-741.76,-297.68,122,39.04,-19.52,58.56
-19.52,-97.6,-78.08,58.56,29.28,-87.84,-736.88,-297.68,126.88,39.04,-24.4,48.8
-19.52,-102.48,-82.96,63.44,29.28,-92.72,-727.12,-287.92,131.76,43.92,-24.4,53.68
-14.64,-107.36,-92.72,63.44,39.04,-102.48,-722.24,-297.68,131.76,34.16,-29.28,48.8
-24.4,-102.48,-78.08,63.44,24.4,-92.72,-717.36,-297.68,126.88,29.28,-34.16,43.92
-19.52,-97.6,-78.08,58.56,29.28,-87.84,-722.24,-292.8,126.88,19.52,-43.92,34.16
-24.4,-92.72,-68.32,58.56,19.52,-82.96,-722.24,-292.8,122,9.76,-53.68,29.28
-19.52,-87.84,-68.32,53.68,24.4,-78.08,-727.12,-302.56,112.24,0,-58.56,19.52
-14.64,-92.72,-78.08,53.68,29.28,-87.84,-707.6,-297.68,112.24,4.88,-63.44,24.4
-24.4,-97.6,-73.2,63.44,24.4,-87.84,-702.72,-297.68,102.48,-4.88,-73.2,14.64
-24.4,-92.72,-68.32,58.56,19.52,-82.96,-683.2,-283.04,107.36,-4.88,-73.2,19.52
-19.52,-102.48,-82.96,63.44,29.28,-92.72,-683.2,-287.92,107.36,-4.88,-78.08,14.64
-29.28,-107.36,-78.08,68.32,24.4,-92.72,-673.44,-278.16,112.24,-9.76,-78.08,14.64
-19.52,-92.72,-73.2,58.56,24.4,-82.96,-663.68,-278.16,112.24,-9.76,-73.2,24.4
-29.28,-87.84,-58.56,58.56,14.64,-73.2,-658.8,-283.04,107.36,-24.4,-78.08,24.4
-29.28,-87.84,-58.56,58.56,14.64,-73.2,-649.04,-283.04,102.48,-34.16,-87.84,4.88
-34.16,-92.72,-58.56,63.44,9.76,-78.08,-644.16,-283.04,97.6,-39.04,-97.6,4.88
-43.92,-92.72,-48.8,68.32,0,-73.2,-634.4,-287.92,92.72,-43.92,-97.6,-4.88
-43.92,-78.08,-34.16,63.44,-4.88,-58.56,-619.76,-287.92,87.84,-43.92,-97.6,-9.76
-43.92,-68.32,-24.4,58.56,-9.76,-48.8,-610,-287.92,78.08,-48.8,-112.24,-19.52
-53.68,-63.44,-9.76,58.56,-24.4,-39.04,-605.12,-292.8,73.2,-48.8,-112.24,-14.64
-43.92,-48.8,-4.88,48.8,-19.52,-29.28,-600.24,-302.56,73.2,-43.92,-112.24,-9.76
-48.8,-39.04,9.76,43.92,-29.28,-14.64,-585.6,-302.56,68.32,-43.92,-107.36,-4.88
-48.8,-34.16,14.64,43.92,-34.16,-9.76,-575.84,-307.44,73.2,-48.8,-102.48,0
-48.8,-24.4,24.4,39.04,-39.04,0,-551.44,-297.68,78.08,-43.92,-102.48,-4.88
-58.56,-34.16,24.4,48.8,-43.92,-4.88,-522.16,-278.16,87.84,-48.8,-97.6,-9.76
-53.68,-29.28,24.4,43.92,-39.04,-4.88,-502.64,-268.4,87.84,-43.92,-102.48,-14.64
-53.68,-29.28,24.4,43.92,-39.04,-4.88,-488,-263.52,92.72,-39.04,-97.6,-14.64
-58.56,-14.64,43.92,39.04,-53.68,14.64,-483.12,-258.64,87.84,-29.28,-92.72,-19.52
-58.56,-9.76,48.8,34.16,-53.68,19.52,-468.48,-253.76,87.84,-19.52,-92.72,-19.52
-73.2,-14.64,58.56,43.92,-68.32,19.52,-463.6,-248.88,78.08,-34.16,-97.6,-19.52
-63.44,-24.4,39.04,43.92,-53.68,4.88,-448.96,-239.12,82.96,-34.16,-102.48,-24.4
-58.56,-24.4,34.16,43.92,-48.8,4.88,-439.2,-234.24,82.96,-34.16,-107.36,-29.28
-58.56,-29.28,29.28,43.92,-43.92,0,-434.32,-234.24,78.08,-39.04,-107.36,-29.28
-48.8,-19.52,29.28,34.16,-39.04,4.88,-429.44,-239.12,63.44,-43.92,-107.36,-29.28
-58.56,-29.28,29.28,43.92,-43.92,0,-429.44,-234.24,53.68,-53.68,-112.24,-39.04
-63.44,-29.28,34.16,48.8,-48.8,0,-419.68,-224.48,43.92,-58.56,-117.12,-39.04
-53.68,-19.52,34.16,39.04,-43.92,4.88,-409.92,-229.36,34.16,-63.44,-117.12,-43.92
-53.68,-29.28,24.4,43.92,-39.04,-4.88,-405.04,-219.6,29.28,-68.32,-112.24,-53.68
-63.44,-34.16,29.28,48.8,-48.8,-4.88,-400.16,-204.96,19.52,-63.44,-117.12,-53.68
-58.56,-39.04,19.52,48.8,-39.04,-9.76,-385.52,-200.08,14.64,-63.44,-112.24,-53.68
-63.44,-48.8,14.64,58.56,-39.04,-19.52,-375.76,-185.44,24.4,-58.56,-107.36,-63.44
-58.56,-48.8,9.76,53.68,-34.16,-19.52,-361.12,-170.8,29.28,-53.68,-102.48,-63.44
-58.56,-53.68,4.88,58.56,-34.16,-24.4,-356.24,-161.04,24.4,-53.68,-102.48,-58.56
-53.68,-53.68,0,53.68,-29.28,-29.28,-351.36,-151.28,29.28,-53.68,-102.48,-58.56
-48.8,-48.8,0,48.8,-24.4,-24.4,-351.36,-131.76,29.28,-48.8,-97.6,-63.44
-48.8,-48.8,0,48.8,-24.4,-24.4,-341.6,-122,24.4,-53.68,-97.6,-63.44
-39.04,-43.92,-4.88,43.92,-19.52,-24.4,-331.84,-122,24.4,-48.8,-102.48,-63.44
-29.28,-48.8,-19.52,39.04,-4.88,-34.16,-322.08,-102.48,24.4,-39.04,-87.84,-63.44
-34.16,-53.68,-19.52,43.92,-9.76,-39.04,-307.44,-92.72,14.64,-39.04,-92.72,-73.2
-29.28,-58.56,-29.28,43.92,0,-43.92,-287.92,-78.08,14.64,-39.04,-82.96,-63.44
-34.16,-78.08,-43.92,58.56,4.88,-63.44,-263.52,-53.68,19.52,-39.04,-78.08,-63.44
-39.04,-97.6,-58.56,68.32,9.76,-78.08,-244,-39.04,19.52,-43.92,-97.6,-73.2
-29.28,-92.72,-63.44,63.44,14.64,-78.08,-224.48,-24.4,29.28,-43.92,-97.6,-78.08
-29.28,-112.24,-82.96,73.2,24.4,-97.6,-204.96,4.88,48.8,-24.4,-82.96,-78.08
-24.4,-126.88,-102.48,78.08,39.04,-117.12,-180.56,48.8,97.6,34.16,-34.16,-53.68
-19.52,-122,-102.48,73.2,39.04,-112.24,-146.4,92.72,170.8,126.88,43.92,-14.64
-9.76,-126.88,-117.12,68.32,53.68,-122,-112.24,151.28,283.04,268.4,165.92,58.56
14.64,-117.12,-131.76,53.68,73.2,-126.88,-82.96,224.48,390.4,424.56,312.32,151.28
29.28,-112.24,-141.52,43.92,82.96,-126.88,-73.2,273.28,458.72,536.8,444.08,253.76
53.68,-112.24,-165.92,29.28,107.36,-141.52,-63.44,312.32,502.64,649.04,614.88,424.56
92.72,-87.84,-180.56,0,136.64,-136.64,-73.2,341.6,517.28,761.28,824.72,644.16
136.64,-73.2,-209.84,-29.28,170.8,-141.52,-97.6,361.12,541.68,888.16,1058.96,897.92
185.44,-43.92,-229.36,-68.32,204.96,-136.64,-126.88,361.12,527.04,951.6,1239.52,1141.92
229.36,-4.88,-234.24,-112.24,229.36,-122,-180.56,331.84,478.24,990.64,1410.32,1385.92
273.28,68.32,-204.96,-170.8,239.12,-68.32,-253.76,273.28,400.16,1034.56,1600.64,1639.68
297.68,161.04,-136.64,-229.36,214.72,9.76,-292.8,244,380.64,1156.56,1825.12,1878.8
331.84,239.12,-92.72,-283.04,209.84,73.2,-322.08,219.6,400.16,1283.44,2030.08,2088.64
361.12,322.08,-39.04,-341.6,200.08,141.52,-375.76,165.92,370.88,1371.28,2220.4,2288.72
390.4,375.76,-14.64,-380.64,200.08,180.56,-400.16,126.88,317.2,1395.68,2327.76,2425.36
395.28,385.52,-9.76,-390.4,200.08,185.44,-385.52,131.76,322.08,1434.72,2386.32,2508.32
395.28,405.04,9.76,-400.16,190.32,204.96,-361.12,146.4,346.48,1498.16,2440,2527.84
380.64,419.68,39.04,-400.16,170.8,229.36,-336.72,151.28,366,1517.68,2430.24,2474.16
341.6,395.28,53.68,-366,141.52,224.48,-268.4,180.56,405.04,1537.2,2337.52,2327.76
287.92,361.12,73.2,-322.08,107.36,214.72,-190.32,195.2,448.96,1542.08,2210.64,2098.4
229.36,336.72,107.36,-283.04,58.56,219.6,-117.12,185.44,463.6,1517.68,2015.44,1727.52
170.8,287.92,117.12,-229.36,24.4,200.08,-19.52,229.36,536.8,1566.48,1834.88,1278.56
107.36,195.2,87.84,-151.28,9.76,141.52,117.12,331.84,673.44,1600.64,1586,775.92
34.16,112.24,78.08,-73.2,-24.4,92.72,248.88,409.92,780.8,1439.6,1088.24,175.68
-24.4,63.44,87.84,-19.52,-58.56,73.2,375.76,458.72,849.12,1176.08,531.92,-375.76
-78.08,29.28,107.36,24.4,-92.72,68.32,458.72,478.24,873.52,912.56,185.44,-634.4
-102.48,14.64,117.12,43.92,-112.24,63.44,517.28,478.24,844.24,546.56,-146.4,-756.4
-131.76,-9.76,122,73.2,-126.88,53.68,590.48,517.28,878.4,200.08,-444.08,-829.6
-161.04,-53.68,107.36,107.36,-136.64,24.4,663.68,570.96,936.96,9.76,-644.16,-863.76
-165.92,-112.24,53.68,141.52,-112.24,-29.28,702.72,605.12,951.6,-122,-785.68,-883.28
-165.92,-170.8,-4.88,170.8,-82.96,-87.84,741.76,639.28,888.16,-214.72,-819.84,-893.04
-170.8,-224.48,-53.68,200.08,-58.56,-141.52,785.68,678.32,839.36,-292.8,-844.24,-922.32
-170.8,-263.52,-92.72,219.6,-39.04,-180.56,839.36,717.36,771.04,-390.4,-873.52,-936.96
-161.04,-283.04,-122,224.48,-19.52,-204.96,863.76,741.76,692.96,-478.24,-883.28,-936.96
-161.04,-312.32,-151.28,239.12,-4.88,-234.24,912.56,771.04,663.68,-531.92,-888.16,-946.72
-156.16,-336.72,-180.56,248.88,9.76,-258.64,971.12,795.44,624.64,-590.48,-912.56,-951.6
-156.16,-361.12,-204.96,258.64,24.4,-283.04,1029.68,790.56,546.56,-649.04,-941.84,-956.48
-156.16,-361.12,-204.96,258.64,24.4,-283.04,1058.96,785.68,473.36,-702.72,-946.72,-951.6
-156.16,-370.88,-214.72,263.52,29.28,-292.8,1098,780.8,380.64,-741.76,-946.72,-941.84
-165.92,-390.4,-224.48,278.16,29.28,-307.44,1132.16,795.44,312.32,-785.68,-956.48,-936.96
-165.92,-405.04,-239.12,287.92,34.16,-322.08,1195.6,844.24,317.2,-771.04,-936.96,-922.32
-175.68,-414.8,-239.12,297.68,29.28,-326.96,1239.52,863.76,273.28,-790.56,-941.84,-922.32
-165.92,-414.8,-248.88,292.8,39.04,-331.84,1288.32,873.52,224.48,-785.68,-917.44,-902.8
-156.16,-400.16,-244,278.16,43.92,-322.08,1322.48,907.68,239.12,-756.4,-888.16,-878.4
-161.04,-395.28,-234.24,278.16,34.16,-317.2,1366.4,922.32,263.52,-732,-858.88,-854
-156.16,-370.88,-214.72,263.52,29.28,-292.8,1405.44,927.2,273.28,-702.72,-824.72,-824.72
-146.4,-341.6,-195.2,244,24.4,-268.4,1454.24,966.24,307.44,-663.68,-775.92,-785.68
-136.64,-331.84,-195.2,234.24,29.28,-263.52,1498.16,1049.2,375.76,-619.76,-741.76,-756.4
-126.88,-322.08,-195.2,224.48,34.16,-258.64,1551.84,1107.76,409.92,-585.6,-697.84,-712.48
-122,-312.32,-190.32,219.6,34.16,-253.76,1581.12,1083.36,307.44,-590.48,-688.08,-683.2
-131.76,-297.68,-165.92,214.72,14.64,-234.24,1600.64,1029.68,146.4,-605.12,-663.68,-663.68
-117.12,-263.52,-146.4,190.32,14.64,-204.96,1605.52,990.64,78.08,-580.72,-629.52,-624.64
-112.24,-248.88,-136.64,180.56,9.76,-195.2,1595.76,976,87.84,-536.8,-585.6,-600.24
-107.36,-234.24,-126.88,170.8,9.76,-180.56,1576.24,956.48,68.32,-497.76,-556.32,-570.96
-107.36,-214.72,-107.36,161.04,0,-161.04,1546.96,897.92,-48.8,-502.64,-536.8,-561.2
-117.12,-209.84,-92.72,165.92,-14.64,-151.28,1512.8,819.84,-195.2,-527.04,-541.68,-551.44
-112.24,-200.08,-87.84,156.16,-14.64,-146.4,1478.64,785.68,-287.92,-527.04,-531.92,-541.68
-112.24,-195.2,-82.96,156.16,-14.64,-141.52,1434.72,741.76,-361.12,-527.04,-517.28,-527.04
-102.48,-185.44,-82.96,146.4,-9.76,-136.64,1381.04,683.2,-405.04,-507.52,-492.88,-497.76
-82.96,-161.04,-78.08,122,-4.88,-122,1327.36,624.64,-439.2,-488,-463.6,-473.36
-82.96,-151.28,-68.32,117.12,-9.76,-112.24,1278.56,556.32,-497.76,-488,-448.96,-458.72
-73.2,-131.76,-58.56,102.48,-9.76,-97.6,1220,468.48,-531.92,-478.24,-429.44,-439.2
-53.68,-112.24,-58.56,82.96,0,-87.84,1151.68,395.28,-556.32,-448.96,-405.04,-419.68
-39.04,-107.36,-68.32,73.2,14.64,-87.84,1102.88,351.36,-566.08,-419.68,-370.88,-395.28
-24.4,-97.6,-73.2,63.44,24.4,-87.84,1054.08,302.56,-580.72,-405.04,-361.12,-380.64
-19.52,-107.36,-87.84,63.44,34.16,-97.6,1010.16,253.76,-605.12,-400.16,-341.6,-366
-14.64,-122,-107.36,68.32,43.92,-117.12,971.12,219.6,-610,-380.64,-312.32,-351.36
0,-122,-122,63.44,58.56,-122,922.32,185.44,-610,-356.24,-287.92,-331.84
9.76,-131.76,-141.52,63.44,73.2,-136.64,878.4,156.16,-595.36,-336.72,-258.64,-307.44
19.52,-126.88,-146.4,53.68,82.96,-136.64,824.72,141.52,-575.84,-307.44,-234.24,-273.28
39.04,-117.12,-156.16,39.04,97.6,-136.64,775.92,141.52,-536.8,-273.28,-195.2,-253.76
43.92,-117.12,-161.04,39.04,102.48,-141.52,732,131.76,-512.4,-248.88,-170.8,-234.24
63.44,-97.6,-161.04,19.52,112.24,-131.76,707.6,131.76,-483.12,-214.72,-146.4,-214.72
78.08,-92.72,-170.8,9.76,122,-131.76,668.56,131.76,-448.96,-190.32,-126.88,-204.96
82.96,-97.6,-180.56,9.76,131.76,-141.52,644.16,151.28,-414.8,-156.16,-97.6,-195.2
97.6,-97.6,-195.2,0,146.4,-146.4,619.76,170.8,-380.64,-122,-73.2,-170.8
97.6,-107.36,-204.96,4.88,151.28,-156.16,600.24,175.68,-351.36,-92.72,-43.92,-146.4
112.24,-107.36,-219.6,0,165.92,-165.92,580.72,180.56,-331.84,-73.2,-34.16,-131.76
117.12,-107.36,-224.48,-4.88,170.8,-165.92,570.96,190.32,-322.08,-68.32,-19.52,-117.12
112.24,-122,-234.24,4.88,170.8,-180.56,556.32,195.2,-317.2,-68.32,-9.76,-102.48
122,-117.12,-239.12,0,180.56,-180.56,541.68,185.44,-312.32,-68.32,-4.88,-102.48
117.12,-122,-239.12,4.88,175.68,-180.56,536.8,195.2,-317.2,-73.2,0,-97.6
122,-117.12,-239.12,0,180.56,-180.56,527.04,190.32,-326.96,-73.2,0,-97.6
131.76,-112.24,-244,-9.76,185.44,-180.56,517.28,190.32,-326.96,-63.44,4.88,-97.6
131.76,-112.24,-244,-9.76,185.44,-180.56,507.52,180.56,-336.72,-78.08,-4.88,-112.24
136.64,-117.12,-253.76,-9.76,195.2,-185.44,492.88,180.56,-341.6,-73.2,-9.76,-112.24
131.76,-112.24,-244,-9.76,185.44,-180.56,492.88,185.44,-341.6,-63.44,4.88,-102.48
131.76,-122,-253.76,-4.88,190.32,-190.32,478.24,185.44,-336.72,-68.32,9.76,-102.48
136.64,-122,-258.64,-4.88,195.2,-190.32,478.24,190.32,-336.72,-78.08,24.4,-87.84
126.88,-126.88,-253.76,0,190.32,-190.32,458.72,195.2,-336.72,-73.2,43.92,-73.2
122,-131.76,-253.76,4.88,185.44,-195.2,444.08,190.32,-341.6,-73.2,53.68,-58.56
131.76,-131.76,-263.52,0,195.2,-200.08,444.08,190.32,-346.48,-68.32,58.56,-43.92
131.76,-131.76,-263.52,0,195.2,-200.08,424.56,175.68,-356.24,-63.44,73.2,-34.16
141.52,-126.88,-268.4,-4.88,204.96,-200.08,419.68,170.8,-361.12,-53.68,92.72,-19.52
141.52,-122,-263.52,-9.76,200.08,-195.2,400.16,165.92,-380.64,-58.56,107.36,-9.76
141.52,-122,-263.52,-9.76,200.08,-195.2,385.52,161.04,-395.28,-53.68,122,4.88
151.28,-112.24,-263.52,-19.52,204.96,-190.32,370.88,156.16,-405.04,-39.04,146.4,29.28
146.4,-112.24,-258.64,-14.64,200.08,-185.44,356.24,141.52,-414.8,-43.92,165.92,48.8
141.52,-107.36,-248.88,-14.64,195.2,-180.56,341.6,126.88,-429.44,-43.92,185.44,73.2
136.64,-102.48,-239.12,-14.64,185.44,-170.8,317.2,117.12,-448.96,-39.04,209.84,97.6
136.64,-102.48,-239.12,-14.64,185.44,-170.8,292.8,97.6,-468.48,-43.92,229.36,117.12
141.52,-92.72,-234.24,-24.4,185.44,-165.92,278.16,82.96,-488,-43.92,248.88,136.64
146.4,-92.72,-239.12,-24.4,190.32,-165.92,258.64,78.08,-507.52,-34.16,263.52,151.28
146.4,-92.72,-239.12,-24.4,190.32,-165.92,239.12,63.44,-527.04,-34.16,268.4,161.04
161.04,-82.96,-244,-39.04,200.08,-165.92,219.6,48.8,-556.32,-34.16,273.28,161.04
161.04,-87.84,-248.88,-34.16,204.96,-170.8,209.84,43.92,-570.96,-24.4,283.04,175.68
180.56,-78.08,-258.64,-48.8,219.6,-170.8,190.32,29.28,-585.6,-19.52,292.8,185.44
180.56,-68.32,-248.88,-53.68,214.72,-161.04,175.68,14.64,-600.24,-24.4,302.56,195.2
180.56,-68.32,-248.88,-53.68,214.72,-161.04,161.04,-4.88,-619.76,-24.4,307.44,204.96
175.68,-63.44,-239.12,-53.68,204.96,-151.28,141.52,-19.52,-629.52,-24.4,322.08,219.6
175.68,-58.56,-234.24,-58.56,204.96,-146.4,126.88,-39.04,-644.16,-29.28,322.08,229.36
165.92,-43.92,-209.84,-58.56,185.44,-126.88,107.36,-58.56,-658.8,-39.04,307.44,229.36
180.56,-29.28,-209.84,-73.2,195.2,-122,92.72,-78.08,-678.32,-39.04,307.44,229.36
175.68,-24.4,-200.08,-73.2,185.44,-112.24,78.08,-112.24,-688.08,-39.04,302.56,224.48
175.68,-14.64,-190.32,-78.08,180.56,-102.48,68.32,-122,-707.6,-43.92,302.56,219.6
170.8,-14.64,-185.44,-78.08,175.68,-102.48,68.32,-122,-697.84,-29.28,307.44,234.24
175.68,-9.76,-185.44,-82.96,180.56,-97.6,58.56,-131.76,-688.08,-14.64,312.32,234.24
175.68,-4.88,-180.56,-82.96,175.68,-92.72,53.68,-146.4,-678.32,-9.76,312.32,229.36
165.92,0,-165.92,-82.96,165.92,-82.96,48.8,-151.28,-668.56,-4.88,317.2,234.24
165.92,4.88,-161.04,-82.96,161.04,-78.08,39.04,-161.04,-653.92,4.88,307.44,239.12
175.68,24.4,-151.28,-97.6,161.04,-63.44,29.28,-170.8,-634.4,14.64,312.32,244
165.92,48.8,-117.12,-107.36,141.52,-34.16,14.64,-175.68,-619.76,19.52,307.44,239.12
165.92,58.56,-107.36,-112.24,136.64,-24.4,0,-170.8,-595.36,34.16,302.56,244
170.8,73.2,-97.6,-122,131.76,-14.64,-14.64,-161.04,-566.08,63.44,307.44,239.12
165.92,82.96,-82.96,-122,122,0,-24.4,-170.8,-551.44,68.32,297.68,229.36
156.16,82.96,-73.2,-117.12,112.24,4.88,-24.4,-151.28,-512.4,97.6,307.44,234.24
161.04,87.84,-73.2,-122,117.12,4.88,-34.16,-151.28,-492.88,112.24,307.44,229.36
161.04,92.72,-68.32,-126.88,112.24,9.76,-34.16,-151.28,-458.72,122,297.68,224.48
161.04,92.72,-68.32,-126.88,112.24,9.76,-29.28,-141.52,-429.44,131.76,292.8,224.48
151.28,78.08,-73.2,-112.24,112.24,0,-29.28,-126.88,-390.4,141.52,297.68,219.6
146.4,78.08,-68.32,-112.24,107.36,4.88,-34.16,-117.12,-366,141.52,287.92,204.96
151.28,78.08,-73.2,-112.24,112.24,0,-24.4,-107.36,-346.48,136.64,268.4,195.2
151.28,73.2,-78.08,-112.24,112.24,-4.88,-24.4,-102.48,-331.84,136.64,258.64,190.32
156.16,68.32,-87.84,-112.24,122,-9.76,-24.4,-82.96,-312.32,146.4,253.76,180.56
141.52,73.2,-68.32,-107.36,102.48,0,-24.4,-78.08,-297.68,146.4,239.12,161.04
146.4,68.32,-78.08,-107.36,112.24,-4.88,-14.64,-53.68,-268.4,156.16,234.24,151.28
151.28,58.56,-92.72,-102.48,122,-19.52,0,-39.04,-244,175.68,234.24,151.28
141.52,48.8,-92.72,-92.72,117.12,-24.4,4.88,-24.4,-219.6,180.56,224.48,141.52
141.52,53.68,-87.84,-97.6,112.24,-19.52,4.88,-4.88,-195.2,180.56,219.6,136.64
141.52,43.92,-97.6,-92.72,117.12,-29.28,24.4,19.52,-161.04,195.2,234.24,146.4
141.52,39.04,-102.48,-87.84,122,-34.16,19.52,24.4,-146.4,195.2,234.24,136.64
146.4,43.92,-102.48,-92.72,122,-29.28,29.28,43.92,-131.76,195.2,229.36,126.88
146.4,43.92,-102.48,-92.72,122,-29.28,34.16,63.44,-112.24,200.08,214.72,122
141.52,39.04,-102.48,-87.84,122,-34.16,43.92,87.84,-92.72,214.72,214.72,117.12
146.4,43.92,-102.48,-92.72,122,-29.28,53.68,102.48,-87.84,209.84,204.96,97.6
131.76,24.4,-107.36,-78.08,117.12,-43.92,63.44,117.12,-78.08,214.72,200.08,87.84
136.64,19.52,-117.12,-78.08,126.88,-48.8,82.96,126.88,-63.44,219.6,200.08,73.2
126.88,9.76,-117.12,-68.32,122,-53.68,102.48,141.52,-48.8,214.72,180.56,58.56
122,0,-122,-58.56,122,-63.44,107.36,151.28,-43.92,204.96,165.92,43.92
122,-4.88,-126.88,-58.56,122,-68.32,122,170.8,-19.52,209.84,161.04,48.8
117.12,-9.76,-126.88,-53.68,122,-68.32,126.88,185.44,-9.76,200.08,146.4,34.16
122,-9.76,-131.76,-53.68,126.88,-73.2,141.52,195.2,-4.88,190.32,131.76,19.52
126.88,-14.64,-141.52,-53.68,131.76,-78.08,151.28,200.08,-4.88,190.32,122,9.76
117.12,-19.52,-136.64,-48.8,126.88,-78.08,156.16,204.96,-4.88,180.56,107.36,-19.52
122,-14.64,-136.64,-53.68,126.88,-78.08,170.8,214.72,0,175.68,92.72,-29.28
126.88,-19.52,-146.4,-53.68,136.64,-82.96,190.32,229.36,4.88,175.68,82.96,-34.16
122,-34.16,-156.16,-43.92,136.64,-97.6,190.32,234.24,9.76,170.8,73.2,-48.8
122,-34.16,-156.16,-43.92,136.64,-97.6,195.2,239.12,14.64,165.92,63.44,-58.56
117.12,-43.92,-161.04,-34.16,136.64,-102.48,200.08,248.88,14.64,151.28,48.8,-68.32
107.36,-53.68,-161.04,-24.4,131.76,-107.36,209.84,248.88,24.4,151.28,48.8,-63.44
107.36,-39.04,-146.4,-34.16,126.88,-92.72,224.48,268.4,39.04,156.16,48.8,-73.2
97.6,-43.92,-141.52,-24.4,117.12,-92.72,248.88,278.16,53.68,156.16,39.04,-78.08
102.48,-39.04,-141.52,-29.28,122,-92.72,273.28,302.56,68.32,165.92,34.16,-78.08
102.48,-43.92,-146.4,-29.28,122,-97.6,278.16,307.44,78.08,161.04,34.16,-87.84
102.48,-43.92,-146.4,-29.28,122,-97.6,283.04,317.2,73.2,156.16,24.4,-102.48
112.24,-48.8,-161.04,-29.28,136.64,-107.36,302.56,331.84,82.96,156.16,19.52,-102.48
112.24,-58.56,-170.8,-24.4,141.52,-117.12,317.2,336.72,92.72,161.04,19.52,-102.48
102.48,-68.32,-170.8,-14.64,136.64,-122,336.72,336.72,102.48,161.04,9.76,-107.36
107.36,-73.2,-180.56,-14.64,141.52,-126.88,346.48,351.36,102.48,156.16,9.76,-102.48
92.72,-87.84,-180.56,0,136.64,-136.64,361.12,356.24,112.24,161.04,9.76,-97.6
97.6,-82.96,-180.56,-4.88,136.64,-131.76,370.88,361.12,122,156.16,14.64,-97.6
87.84,-82.96,-170.8,0,126.88,-126.88,385.52,366,126.88,156.16,14.64,-92.72
82.96,-82.96,-165.92,0,122,-126.88,390.4,366,117.12,151.28,9.76,-97.6
87.84,-78.08,-165.92,-4.88,126.88,-122,400.16,370.88,122,151.28,4.88,-107.36
92.72,-73.2,-165.92,-9.76,126.88,-122,405.04,370.88,117.12,151.28,4.88,-112.24
87.84,-73.2,-161.04,-4.88,122,-117.12,409.92,375.76,122,156.16,9.76,-102.48
97.6,-78.08,-175.68,-9.76,136.64,-126.88,429.44,385.52,131.76,175.68,24.4,-92.72
92.72,-82.96,-175.68,-4.88,131.76,-131.76,429.44,380.64,131.76,165.92,19.52,-102.48
102.48,-78.08,-180.56,-9.76,141.52,-131.76,434.32,390.4,131.76,161.04,19.52,-92.72
87.84,-97.6,-185.44,4.88,136.64,-141.52,444.08,380.64,136.64,170.8,29.28,-82.96
87.84,-87.84,-175.68,0,131.76,-131.76,439.2,370.88,136.64,165.92,39.04,-82.96
92.72,-82.96,-175.68,-4.88,131.76,-131.76,453.84,375.76,136.64,175.68,43.92,-73.2
92.72,-82.96,-175.68,-4.88,131.76,-131.76,444.08,366,117.12,165.92,43.92,-68.32
92.72,-78.08,-170.8,-4.88,131.76,-126.88,439.2,351.36,107.36,170.8,43.92,-68.32
97.6,-63.44,-161.04,-14.64,126.88,-112.24,444.08,346.48,102.48,170.8,48.8,-63.44
97.6,-73.2,-170.8,-9.76,131.76,-122,439.2,346.48,92.72,170.8,53.68,-58.56
102.48,-73.2,-175.68,-14.64,136.64,-126.88,448.96,341.6,92.72,170.8,68.32,-48.8
102.48,-68.32,-170.8,-14.64,136.64,-122,448.96,322.08,87.84,175.68,68.32,-43.92
97.6,-63.44,-161.04,-14.64,126.88,-112.24,448.96,312.32,78.08,170.8,68.32,-34.16
102.48,-58.56,-161.04,-19.52,131.76,-112.24,439.2,307.44,73.2,170.8,78.08,-24.4
92.72,-53.68,-146.4,-19.52,117.12,-102.48,444.08,297.68,78.08,170.8,82.96,-19.52
97.6,-43.92,-141.52,-24.4,117.12,-92.72,444.08,283.04,73.2,180.56,82.96,-14.64
97.6,-39.04,-136.64,-29.28,117.12,-87.84,434.32,268.4,58.56,170.8,82.96,-9.76
92.72,-39.04,-131.76,-24.4,112.24,-87.84,434.32,258.64,58.56,175.68,87.84,-9.76
92.72,-24.4,-117.12,-34.16,102.48,-73.2,429.44,248.88,53.68,180.56,87.84,-9.76
82.96,-14.64,-97.6,-34.16,87.84,-58.56,434.32,229.36,43.92,175.68,92.72,0
92.72,-4.88,-97.6,-43.92,92.72,-53.68,429.44,209.84,29.28,165.92,92.72,0
92.72,4.88,-87.84,-48.8,87.84,-43.92,434.32,204.96,34.16,170.8,97.6,0
82.96,-4.88,-87.84,-39.04,82.96,-48.8,444.08,200.08,29.28,165.92,87.84,0
78.08,-4.88,-82.96,-34.16,78.08,-43.92,444.08,200.08,34.16,165.92,92.72,9.76
82.96,-4.88,-87.84,-39.04,82.96,-48.8,439.2,200.08,34.16,165.92,97.6,14.64
73.2,-4.88,-78.08,-34.16,73.2,-43.92,434.32,185.44,24.4,156.16,92.72,9.76
73.2,0,-73.2,-34.16,73.2,-39.04,419.68,165.92,9.76,141.52,87.84,4.88
73.2,0,-73.2,-34.16,73.2,-39.04,390.4,141.52,0,141.52,73.2,-4.88
73.2,4.88,-68.32,-39.04,68.32,-34.16,370.88,136.64,-4.88,136.64,73.2,-9.76
68.32,0,-68.32,-34.16,68.32,-34.16,356.24,136.64,-4.88,131.76,73.2,-4.88
73.2,-4.88,-78.08,-34.16,73.2,-43.92,336.72,117.12,-19.52,126.88,73.2,-9.76
73.2,-9.76,-82.96,-29.28,78.08,-48.8,312.32,102.48,-24.4,122,63.44,-14.64
68.32,-4.88,-73.2,-29.28,68.32,-39.04,302.56,92.72,-34.16,107.36,58.56,-9.76
63.44,-4.88,-68.32,-29.28,63.44,-39.04,278.16,87.84,-29.28,107.36,53.68,-4.88
68.32,-4.88,-73.2,-29.28,68.32,-39.04,258.64,82.96,-24.4,102.48,58.56,-4.88
63.44,-9.76,-73.2,-24.4,68.32,-43.92,234.24,82.96,-19.52,97.6,53.68,-4.88
63.44,-4.88,-68.32,-29.28,63.44,-39.04,219.6,78.08,-29.28,97.6,48.8,-9.76
68.32,-9.76,-78.08,-29.28,73.2,-43.92,219.6,68.32,-24.4,92.72,43.92,-14.64
68.32,-14.64,-82.96,-24.4,73.2,-48.8,214.72,63.44,-29.28,87.84,29.28,-24.4
73.2,-9.76,-82.96,-29.28,78.08,-48.8,204.96,58.56,-29.28,82.96,24.4,-24.4
73.2,-14.64,-87.84,-29.28,78.08,-53.68,209.84,68.32,-19.52,82.96,29.28,-24.4
68.32,-9.76,-78.08,-29.28,73.2,-43.92,195.2,58.56,-19.52,78.08,19.52,-34.16
63.44,0,-63.44,-29.28,63.44,-34.16,195.2,63.44,-14.64,73.2,19.52,-34.16
63.44,-4.88,-68.32,-29.28,63.44,-39.04,180.56,68.32,-4.88,82.96,19.52,-19.52
73.2,0,-73.2,-34.16,73.2,-39.04,170.8,63.44,0,82.96,19.52,-29.28
73.2,0,-73.2,-34.16,73.2,-39.04,156.16,63.44,0,78.08,14.64,-29.28
68.32,-19.52,-87.84,-24.4,78.08,-53.68,141.52,58.56,-9.76,68.32,4.88,-39.04
73.2,-19.52,-92.72,-24.4,82.96,-58.56,122,53.68,-9.76,63.44,0,-39.04
87.84,-24.4,-112.24,-29.28,97.6,-68.32,117.12,53.68,-9.76,63.44,-4.88,-48.8
78.08,-39.04,-117.12,-19.52,97.6,-78.08,107.36,63.44,-14.64,58.56,-14.64,-48.8
87.84,-48.8,-136.64,-19.52,112.24,-92.72,102.48,63.44,-9.76,58.56,-9.76,-48.8
73.2,-53.68,-126.88,-9.76,97.6,-92.72,92.72,58.56,0,58.56,-9.76,-48.8
73.2,-48.8,-122,-9.76,97.6,-87.84,78.08,53.68,-4.88,43.92,-14.64,-53.68
73.2,-53.68,-126.88,-9.76,97.6,-92.72,73.2,63.44,9.76,53.68,-4.88,-39.04
78.08,-48.8,-126.88,-14.64,102.48,-87.84,63.44,53.68,9.76,43.92,-19.52,-53.68
78.08,-43.92,-122,-14.64,97.6,-82.96,68.32,58.56,14.64,48.8,-14.64,-48.8
78.08,-53.68,-131.76,-9.76,102.48,-92.72,58.56,53.68,9.76,39.04,-19.52,-53.68
78.08,-53.68,-131.76,-9.76,102.48,-92.72,48.8,53.68,9.76,39.04,-19.52,-58.56
87.84,-43.92,-131.76,-19.52,107.36,-87.84,53.68,53.68,14.64,43.92,-19.52,-58.56
82.96,-48.8,-131.76,-14.64,107.36,-92.72,48.8,53.68,14.64,39.04,-24.4,-63.44
87.84,-53.68,-141.52,-14.64,112.24,-97.6,48.8,48.8,14.64,34.16,-34.16,-68.32
73.2,-63.44,-136.64,-4.88,102.48,-102.48,53.68,53.68,24.4,39.04,-34.16,-63.44
63.44,-78.08,-141.52,9.76,102.48,-112.24,58.56,53.68,24.4,34.16,-39.04,-73.2
63.44,-82.96,-146.4,9.76,102.48,-117.12,48.8,58.56,29.28,34.16,-39.04,-63.44
68.32,-92.72,-161.04,14.64,112.24,-126.88,43.92,48.8,39.04,39.04,-34.16,-63.44
63.44,-97.6,-161.04,19.52,112.24,-131.76,34.16,43.92,34.16,29.28,-43.92,-63.44
68.32,-87.84,-156.16,9.76,112.24,-122,34.16,43.92,34.16,29.28,-39.04,-68.32
63.44,-78.08,-141.52,9.76,102.48,-112.24,24.4,43.92,34.16,34.16,-34.16,-68.32
73.2,-73.2,-146.4,0,107.36,-112.24,24.4,34.16,34.16,39.04,-34.16,-73.2
73.2,-73.2,-146.4,0,107.36,-112.24,19.52,34.16,39.04,48.8,-29.28,-63.44
58.56,-78.08,-136.64,9.76,97.6,-107.36,24.4,34.16,39.04,43.92,-24.4,-58.56
58.56,-78.08,-136.64,9.76,97.6,-107.36,24.4,34.16,48.8,43.92,-29.28,-53.68
53.68,-73.2,-126.88,9.76,87.84,-102.48,19.52,24.4,39.04,34.16,-43.92,-58.56
43.92,-73.2,-117.12,14.64,78.08,-97.6,14.64,19.52,43.92,34.16,-43.92,-58.56
48.8,-68.32,-117.12,9.76,82.96,-92.72,14.64,19.52,43.92,29.28,-48.8,-73.2
39.04,-73.2,-112.24,19.52,73.2,-92.72,14.64,14.64,39.04,24.4,-58.56,-82.96
34.16,-82.96,-117.12,24.4,73.2,-102.48,24.4,24.4,39.04,24.4,-63.44,-87.84
39.04,-87.84,-126.88,24.4,82.96,-107.36,34.16,24.4,53.68,24.4,-53.68,-87.84
43.92,-97.6,-141.52,29.28,92.72,-122,34.16,29.28,48.8,24.4,-58.56,-97.6
43.92,-102.48,-146.4,29.28,92.72,-126.88,48.8,39.04,53.68,29.28,-58.56,-87.84
34.16,-112.24,-146.4,39.04,87.84,-131.76,48.8,39.04,48.8,19.52,-58.56,-87.84
34.16,-107.36,-141.52,39.04,87.84,-126.88,43.92,29.28,48.8,14.64,-63.44,-97.6
34.16,-102.48,-136.64,34.16,82.96,-122,34.16,14.64,39.04,0,-78.08,-102.48
24.4,-107.36,-131.76,43.92,78.08,-122,39.04,14.64,39.04,0,-82.96,-87.84
19.52,-112.24,-131.76,48.8,73.2,-122,24.4,4.88,34.16,-4.88,-87.84,-97.6
19.52,-107.36,-126.88,43.92,73.2,-117.12,29.28,4.88,34.16,0,-82.96,-97.6
14.64,-102.48,-117.12,43.92,63.44,-112.24,24.4,-4.88,24.4,-9.76,-87.84,-102.48
19.52,-92.72,-112.24,39.04,63.44,-102.48,14.64,-19.52,14.64,-14.64,-92.72,-107.36
24.4,-87.84,-112.24,34.16,68.32,-102.48,19.52,-19.52,9.76,-9.76,-92.72,-107.36
24.4,-82.96,-107.36,29.28,63.44,-97.6,14.64,-24.4,9.76,-9.76,-92.72,-102.48
24.4,-78.08,-102.48,29.28,63.44,-92.72,29.28,-19.52,14.64,-4.88,-82.96,-92.72
14.64,-78.08,-92.72,34.16,53.68,-87.84,24.4,-24.4,9.76,-4.88,-82.96,-97.6
9.76,-78.08,-87.84,34.16,48.8,-82.96,34.16,-34.16,9.76,-9.76,-82.96,-97.6
14.64,-73.2,-87.84,29.28,48.8,-82.96,34.16,-43.92,9.76,-9.76,-82.96,-92.72
4.88,-73.2,-78.08,34.16,39.04,-78.08,29.28,-48.8,14.64,-4.88,-73.2,-92.72
4.88,-58.56,-63.44,29.28,34.16,-63.44,29.28,-58.56,14.64,-4.88,-78.08,-82.96
0,-53.68,-53.68,29.28,24.4,-53.68,24.4,-68.32,9.76,-9.76,-78.08,-82.96
0,-43.92,-43.92,24.4,19.52,-43.92,24.4,-63.44,9.76,-4.88,-73.2,-78.08
14.64,-19.52,-34.16,4.88,24.4,-29.28,39.04,-53.68,19.52,9.76,-63.44,-73.2
9.76,-9.76,-19.52,0,14.64,-14.64,34.16,-53.68,29.28,24.4,-58.56,-58.56
4.88,4.88,0,-4.88,0,0,34.16,-43.92,48.8,39.04,-39.04,-48.8
14.64,19.52,4.88,-14.64,4.88,9.76,14.64,-53.68,53.68,48.8,-34.16,-43.92
4.88,19.52,14.64,-9.76,-4.88,14.64,19.52,-53.68,43.92,39.04,-39.04,-34.16
9.76,24.4,14.64,-14.64,-4.88,19.52,19.52,-58.56,29.28,19.52,-48.8,-48.8
4.88,9.76,4.88,-4.88,0,4.88,19.52,-63.44,19.52,4.88,-53.68,-58.56
4.88,9.76,4.88,-4.88,0,4.88,19.52,-73.2,4.88,-9.76,-63.44,-73.2
0,0,0,0,0,0,19.52,-73.2,4.88,-9.76,-68.32,-73.2
0,-4.88,-4.88,4.88,0,-4.88,19.52,-78.08,0,-9.76,-68.32,-78.08
9.76,-4.88,-14.64,0,9.76,-9.76,19.52,-87.84,-4.88,-19.52,-78.08,-87.84
4.88,-9.76,-14.64,4.88,9.76,-14.64,14.64,-78.08,-9.76,-14.64,-78.08,-78.08
-4.88,-19.52,-14.64,14.64,4.88,-19.52,14.64,-78.08,-9.76,-14.64,-78.08,-78.08
0,-19.52,-19.52,9.76,9.76,-19.52,9.76,-82.96,-14.64,-19.52,-73.2,-78.08
-4.88,-19.52,-14.64,14.64,4.88,-19.52,4.88,-97.6,-19.52,-24.4,-78.08,-73.2
-4.88,-19.52,-14.64,14.64,4.88,-19.52,0,-92.72,-14.64,-24.4,-73.2,-68.32
4.88,-14.64,-19.52,4.88,9.76,-19.52,-4.88,-92.72,-19.52,-24.4,-78.08,-68.32
-4.88,-19.52,-14.64,14.64,4.88,-19.52,-4.88,-97.6,-24.4,-29.28,-78.08,-68.32
-4.88,-19.52,-14.64,14.64,4.88,-19.52,0,-92.72,-29.28,-29.28,-82.96,-68.32
9.76,-24.4,-34.16,9.76,19.52,-29.28,-4.88,-97.6,-39.04,-29.28,-82.96,-73.2
0,-34.16,-34.16,19.52,14.64,-34.16,-4.88,-102.48,-48.8,-39.04,-102.48,-87.84
-4.88,-34.16,-29.28,19.52,9.76,-34.16,0,-97.6,-53.68,-39.04,-107.36,-82.96
-4.88,-43.92,-39.04,24.4,14.64,-43.92,-9.76,-92.72,-58.56,-39.04,-102.48,-87.84
-9.76,-43.92,-34.16,29.28,9.76,-39.04,-14.64,-92.72,-63.44,-43.92,-92.72,-87.84
-9.76,-43.92,-34.16,29.28,9.76,-39.04,-14.64,-92.72,-63.44,-58.56,-92.72,-87.84
-14.64,-43.92,-29.28,29.28,4.88,-39.04,-24.4,-97.6,-68.32,-58.56,-87.84,-82.96
-4.88,-43.92,-39.04,24.4,14.64,-43.92,-24.4,-97.6,-53.68,-53.68,-82.96,-73.2
-9.76,-48.8,-39.04,29.28,14.64,-43.92,-29.28,-102.48,-58.56,-58.56,-87.84,-78.08
-14.64,-53.68,-39.04,34.16,9.76,-48.8,-34.16,-97.6,-58.56,-53.68,-87.84,-73.2
0,-48.8,-48.8,24.4,24.4,-48.8,-43.92,-92.72,-58.56,-53.68,-92.72,-78.08
0,-48.8,-48.8,24.4,24.4,-48.8,-43.92,-92.72,-63.44,-58.56,-102.48,-87.84
0,-53.68,-53.68,29.28,24.4,-53.68,-39.04,-82.96,-58.56,-53.68,-102.48,-87.84
4.88,-58.56,-63.44,29.28,34.16,-63.44,-34.16,-78.08,-48.8,-39.04,-102.48,-82.96
0,-73.2,-73.2,39.04,34.16,-73.2,-34.16,-73.2,-48.8,-43.92,-97.6,-87.84
4.88,-73.2,-78.08,34.16,39.04,-78.08,-34.16,-68.32,-43.92,-48.8,-92.72,-78.08
-4.88,-78.08,-73.2,43.92,34.16,-78.08,-29.28,-58.56,-34.16,-39.04,-87.84,-68.32
-4.88,-82.96,-78.08,43.92,34.16,-82.96,-34.16,-63.44,-34.16,-43.92,-92.72,-73.2
0,-82.96,-82.96,43.92,39.04,-82.96,-39.04,-58.56,-29.28,-43.92,-82.96,-73.2
0,-82.96,-82.96,43.92,39.04,-82.96,-34.16,-53.68,-24.4,-39.04,-82.96,-78.08
9.76,-73.2,-82.96,34.16,43.92,-78.08,-34.16,-53.68,-29.28,-43.92,-87.84,-78.08
19.52,-73.2,-92.72,29.28,53.68,-82.96,-29.28,-48.8,-24.4,-43.92,-82.96,-87.84
9.76,-87.84,-97.6,39.04,53.68,-92.72,-24.4,-43.92,-24.4,-39.04,-82.96,-87.84
9.76,-97.6,-107.36,43.92,58.56,-102.48,-9.76,-29.28,-14.64,-34.16,-78.08,-82.96
0,-102.48,-102.48,53.68,48.8,-102.48,-9.76,-34.16,-9.76,-34.16,-82.96,-78.08
4.88,-97.6,-102.48,48.8,53.68,-102.48,-4.88,-39.04,0,-29.28,-92.72,-63.44
0,-92.72,-92.72,48.8,43.92,-92.72,-4.88,-34.16,4.88,-24.4,-92.72,-58.56
-4.88,-97.6,-92.72,53.68,43.92,-97.6,-4.88,-34.16,9.76,-29.28,-97.6,-58.56
-4.88,-87.84,-82.96,48.8,39.04,-87.84,-9.76,-43.92,4.88,-34.16,-97.6,-63.44
0,-78.08,-78.08,39.04,39.04,-78.08,-14.64,-39.04,4.88,-29.28,-102.48,-63.44
-4.88,-73.2,-68.32,39.04,29.28,-73.2,-19.52,-48.8,0,-29.28,-102.48,-63.44
4.88,-68.32,-73.2,34.16,39.04,-73.2,-19.52,-53.68,0,-34.16,-107.36,-73.2
0,-78.08,-78.08,39.04,39.04,-78.08,-19.52,-53.68,0,-34.16,-112.24,-73.2
0,-82.96,-82.96,43.92,39.04,-82.96,-14.64,-53.68,0,-34.16,-112.24,-73.2
4.88,-78.08,-82.96,39.04,43.92,-82.96,-9.76,-43.92,4.88,-34.16,-102.48,-63.44
-4.88,-82.96,-78.08,43.92,34.16,-82.96,-9.76,-43.92,9.76,-39.04,-107.36,-68.32
-9.76,-82.96,-73.2,48.8,29.28,-78.08,-19.52,-43.92,9.76,-43.92,-107.36,-68.32
-9.76,-82.96,-73.2,48.8,29.28,-78.08,-19.52,-58.56,14.64,-43.92,-117.12,-73.2
-24.4,-87.84,-63.44,58.56,19.52,-78.08,-14.64,-58.56,14.64,-48.8,-112.24,-73.2
-19.52,-78.08,-58.56,48.8,19.52,-68.32,-14.64,-58.56,19.52,-43.92,-112.24,-73.2
-19.52,-68.32,-48.8,43.92,14.64,-58.56,-24.4,-63.44,14.64,-48.8,-117.12,-73.2
-19.52,-63.44,-43.92,43.92,9.76,-53.68,-34.16,-78.08,4.88,-58.56,-122,-87.84
-19.52,-58.56,-39.04,39.04,9.76,-48.8,-29.28,-78.08,4.88,-53.68,-126.88,-82.96
-24.4,-63.44,-39.04,43.92,4.88,-53.68,-39.04,-82.96,0,-58.56,-131.76,-82.96
-19.52,-53.68,-34.16,39.04,4.88,-43.92,-48.8,-97.6,-9.76,-68.32,-131.76,-82.96
-19.52,-39.04,-19.52,29.28,0,-29.28,-53.68,-107.36,-4.88,-68.32,-131.76,-82.96
-29.28,-34.16,-4.88,34.16,-14.64,-19.52,-58.56,-117.12,-4.88,-63.44,-126.88,-73.2
-24.4,-19.52,4.88,24.4,-14.64,-9.76,-68.32,-136.64,-4.88,-68.32,-131.76,-73.2
-29.28,-14.64,14.64,24.4,-24.4,0,-78.08,-146.4,-14.64,-68.32,-126.88,-73.2
-34.16,-9.76,24.4,24.4,-29.28,4.88,-73.2,-146.4,-9.76,-73.2,-136.64,-73.2
-29.28,0,29.28,14.64,-29.28,14.64,-78.08,-151.28,-14.64,-68.32,-126.88,-68.32
-34.16,0,34.16,19.52,-34.16,14.64,-73.2,-161.04,-14.64,-68.32,-122,-68.32
-34.16,0,34.16,19.52,-34.16,14.64,-78.08,-175.68,-24.4,-73.2,-126.88,-63.44
-29.28,9.76,39.04,9.76,-34.16,24.4,-78.08,-195.2,-29.28,-68.32,-117.12,-63.44
-34.16,19.52,53.68,9.76,-43.92,34.16,-92.72,-214.72,-29.28,-73.2,-112.24,-63.44
-34.16,24.4,58.56,4.88,-48.8,39.04,-78.08,-214.72,-14.64,-63.44,-102.48,-53.68
-39.04,24.4,63.44,9.76,-53.68,43.92,-82.96,-209.84,-4.88,-58.56,-102.48,-48.8
-39.04,34.16,73.2,4.88,-58.56,53.68,-78.08,-204.96,4.88,-53.68,-112.24,-43.92
-39.04,48.8,87.84,-4.88,-63.44,68.32,-82.96,-214.72,14.64,-48.8,-107.36,-39.04
-43.92,43.92,87.84,0,-68.32,63.44,-107.36,-224.48,4.88,-53.68,-112.24,-43.92
-34.16,68.32,102.48,-14.64,-68.32,82.96,-122,-248.88,0,-53.68,-107.36,-39.04
-39.04,78.08,117.12,-19.52,-78.08,97.6,-131.76,-244,4.88,-53.68,-102.48,-34.16
-43.92,82.96,126.88,-19.52,-87.84,102.48,-146.4,-248.88,0,-53.68,-92.72,-29.28
-43.92,87.84,131.76,-19.52,-87.84,107.36,-146.4,-253.76,4.88,-43.92,-87.84,-19.52
-39.04,87.84,126.88,-24.4,-82.96,107.36,-161.04,-263.52,4.88,-48.8,-92.72,-24.4
-39.04,87.84,126.88,-24.4,-82.96,107.36,-175.68,-273.28,0,-43.92,-97.6,-29.28
-39.04,92.72,131.76,-24.4,-87.84,112.24,-180.56,-273.28,4.88,-43.92,-102.48,-29.28
-43.92,82.96,126.88,-19.52,-87.84,102.48,-190.32,-273.28,-4.88,-63.44,-107.36,-34.16
-34.16,92.72,126.88,-29.28,-82.96,107.36,-200.08,-278.16,-9.76,-68.32,-112.24,-39.04
-34.16,92.72,126.88,-29.28,-82.96,107.36,-204.96,-273.28,-4.88,-58.56,-107.36,-34.16
-34.16,97.6,131.76,-29.28,-82.96,112.24,-224.48,-283.04,-9.76,-63.44,-122,-48.8
-34.16,97.6,131.76,-29.28,-82.96,112.24,-229.36,-283.04,-14.64,-68.32,-126.88,-53.68
-39.04,82.96,122,-19.52,-82.96,102.48,-234.24,-273.28,-14.64,-63.44,-126.88,-48.8
-39.04,73.2,112.24,-14.64,-78.08,92.72,-239.12,-278.16,-14.64,-68.32,-131.76,-48.8
-39.04,78.08,117.12,-19.52,-78.08,97.6,-244,-287.92,-9.76,-73.2,-126.88,-43.92
-43.92,73.2,117.12,-14.64,-82.96,92.72,-244,-283.04,-9.76,-73.2,-126.88,-43.92
-43.92,78.08,122,-14.64,-82.96,97.6,-244,-283.04,-9.76,-73.2,-122,-39.04
-43.92,78.08,122,-14.64,-82.96,97.6,-253.76,-283.04,-4.88,-78.08,-122,-39.04
-39.04,87.84,126.88,-24.4,-82.96,107.36,-268.4,-287.92,-4.88,-78.08,-117.12,-39.04
-34.16,97.6,131.76,-29.28,-82.96,112.24,-278.16,-287.92,-4.88,-78.08,-117.12,-39.04
-29.28,102.48,131.76,-34.16,-82.96,117.12,-287.92,-287.92,-4.88,-78.08,-122,-34.16
-29.28,97.6,126.88,-34.16,-78.08,112.24,-292.8,-283.04,-4.88,-73.2,-122,-39.04
-29.28,87.84,117.12,-29.28,-73.2,102.48,-287.92,-273.28,0,-68.32,-112.24,-29.28
-34.16,73.2,107.36,-19.52,-73.2,87.84,-287.92,-273.28,-4.88,-68.32,-117.12,-29.28
-29.28,73.2,102.48,-19.52,-68.32,87.84,-292.8,-263.52,4.88,-63.44,-117.12,-29.28
-24.4,68.32,92.72,-19.52,-58.56,78.08,-297.68,-258.64,-4.88,-73.2,-126.88,-39.04
-34.16,53.68,87.84,-9.76,-63.44,68.32,-297.68,-258.64,-4.88,-78.08,-131.76,-39.04
-19.52,48.8,68.32,-14.64,-43.92,58.56,-297.68,-253.76,4.88,-82.96,-131.76,-39.04
-24.4,43.92,68.32,-9.76,-48.8,53.68,-302.56,-263.52,-4.88,-97.6,-136.64,-43.92
-24.4,43.92,68.32,-9.76,-48.8,53.68,-302.56,-258.64,-9.76,-97.6,-141.52,-48.8
-9.76,43.92,53.68,-14.64,-34.16,48.8,-297.68,-263.52,-4.88,-97.6,-146.4,-58.56
-24.4,34.16,58.56,-4.88,-43.92,43.92,-292.8,-253.76,0,-92.72,-146.4,-63.44
-19.52,34.16,53.68,-4.88,-39.04,43.92,-283.04,-244,0,-92.72,-146.4,-63.44
-29.28,24.4,53.68,4.88,-43.92,39.04,-283.04,-248.88,-9.76,-97.6,-151.28,-63.44
-29.28,39.04,68.32,-4.88,-48.8,53.68,-292.8,-253.76,-14.64,-107.36,-161.04,-78.08
-29.28,39.04,68.32,-4.88,-48.8,53.68,-283.04,-248.88,-14.64,-107.36,-165.92,-73.2
-43.92,29.28,73.2,9.76,-58.56,48.8,-273.28,-244,-9.76,-107.36,-161.04,-68.32
-43.92,19.52,63.44,14.64,-53.68,39.04,-263.52,-239.12,0,-107.36,-161.04,-63.44
-39.04,19.52,58.56,9.76,-48.8,39.04,-263.52,-239.12,0,-107.36,-156.16,-68.32
-43.92,14.64,58.56,14.64,-53.68,34.16,-253.76,-234.24,0,-102.48,-161.04,-68.32
-34.16,19.52,53.68,9.76,-43.92,34.16,-244,-229.36,4.88,-102.48,-156.16,-73.2
-29.28,19.52,48.8,4.88,-39.04,34.16,-244,-224.48,0,-107.36,-165.92,-82.96
-29.28,14.64,43.92,9.76,-39.04,29.28,-239.12,-224.48,-4.88,-112.24,-170.8,-82.96
-29.28,14.64,43.92,9.76,-39.04,29.28,-234.24,-214.72,9.76,-102.48,-156.16,-73.2
-29.28,19.52,48.8,4.88,-39.04,34.16,-234.24,-219.6,14.64,-102.48,-146.4,-73.2
-29.28,19.52,48.8,4.88,-39.04,34.16,-234.24,-219.6,24.4,-102.48,-151.28,-78.08
-34.16,14.64,48.8,9.76,-43.92,29.28,-234.24,-219.6,24.4,-107.36,-151.28,-73.2
-43.92,14.64,58.56,14.64,-53.68,34.16,-229.36,-214.72,34.16,-107.36,-151.28,-73.2
-39.04,19.52,58.56,9.76,-48.8,39.04,-224.48,-214.72,34.16,-107.36,-146.4,-73.2
-39.04,19.52,58.56,9.76,-48.8,39.04,-224.48,-219.6,29.28,-102.48,-151.28,-73.2
-39.04,24.4,63.44,9.76,-53.68,43.92,-219.6,-219.6,29.28,-102.48,-146.4,-68.32
-29.28,29.28,58.56,0,-43.92,43.92,-214.72,-214.72,29.28,-107.36,-156.16,-78.08
-39.04,19.52,58.56,9.76,-48.8,39.04,-209.84,-209.84,24.4,-107.36,-165.92,-78.08
-39.04,19.52,58.56,9.76,-48.8,39.04,-204.96,-214.72,24.4,-107.36,-165.92,-78.08
-34.16,19.52,53.68,9.76,-43.92,34.16,-200.08,-209.84,29.28,-102.48,-161.04,-73.2
-39.04,9.76,48.8,14.64,-43.92,29.28,-204.96,-219.6,19.52,-102.48,-165.92,-78.08
-43.92,14.64,58.56,14.64,-53.68,34.16,-200.08,-224.48,24.4,-112.24,-165.92,-73.2
-48.8,9.76,58.56,19.52,-53.68,34.16,-204.96,-229.36,19.52,-126.88,-170.8,-82.96
-48.8,19.52,68.32,14.64,-58.56,43.92,-200.08,-229.36,19.52,-122,-170.8,-78.08
-48.8,24.4,73.2,14.64,-63.44,48.8,-200.08,-234.24,14.64,-122,-165.92,-78.08
-48.8,24.4,73.2,14.64,-63.44,48.8,-204.96,-248.88,0,-131.76,-165.92,-82.96
-43.92,29.28,73.2,9.76,-58.56,48.8,-200.08,-248.88,-4.88,-131.76,-170.8,-82.96
-39.04,39.04,78.08,0,-58.56,58.56,-185.44,-244,-4.88,-126.88,-165.92,-78.08
-39.04,39.04,78.08,0,-58.56,58.56,-180.56,-239.12,-4.88,-122,-161.04,-78.08
-34.16,43.92,78.08,-4.88,-58.56,58.56,-175.68,-248.88,-4.88,-117.12,-156.16,-73.2
-43.92,43.92,87.84,0,-68.32,63.44,-165.92,-248.88,0,-126.88,-156.16,-73.2
-48.8,39.04,87.84,4.88,-68.32,63.44,-161.04,-253.76,0,-136.64,-170.8,-78.08
-48.8,39.04,87.84,4.88,-68.32,63.44,-146.4,-253.76,9.76,-136.64,-170.8,-82.96
-48.8,24.4,73.2,14.64,-63.44,48.8,-136.64,-248.88,29.28,-126.88,-161.04,-78.08
-48.8,29.28,78.08,9.76,-63.44,53.68,-112.24,-214.72,82.96,-63.44,-122,-48.8
-43.92,48.8,92.72,0,-68.32,68.32,-97.6,-190.32,161.04,29.28,-48.8,-14.64
-48.8,48.8,97.6,0,-73.2,73.2,-82.96,-146.4,263.52,151.28,63.44,53.68
-39.04,58.56,97.6,-9.76,-68.32,78.08,-68.32,-102.48,341.6,268.4,200.08,156.16
-14.64,78.08,92.72,-29.28,-53.68,82.96,-73.2,-78.08,375.76,366,341.6,292.8
9.76,117.12,107.36,-63.44,-48.8,112.24,-97.6,-78.08,385.52,448.96,507.52,478.24
39.04,151.28,112.24,-92.72,-39.04,131.76,-126.88,-68.32,405.04,556.32,712.48,692.96
78.08,161.04,82.96,-117.12,-4.88,122,-180.56,-78.08,400.16,639.28,917.44,932.08
131.76,200.08,68.32,-165.92,29.28,131.76,-248.88,-122,351.36,673.44,1078.48,1176.08
180.56,283.04,102.48,-229.36,39.04,190.32,-346.48,-200.08,278.16,722.24,1259.04,1434.72
214.72,370.88,156.16,-292.8,29.28,263.52,-429.44,-283.04,219.6,819.84,1498.16,1693.36
253.76,458.72,204.96,-356.24,24.4,331.84,-492.88,-326.96,214.72,946.72,1717.76,1917.84
268.4,527.04,258.64,-395.28,4.88,390.4,-546.56,-370.88,209.84,1058.96,1922.72,2127.68
287.92,600.24,312.32,-444.08,-14.64,453.84,-600.24,-429.44,170.8,1141.92,2108.16,2327.76
317.2,634.4,317.2,-473.36,0,473.36,-634.4,-453.84,156.16,1190.72,2220.4,2469.28
317.2,644.16,326.96,-478.24,-4.88,483.12,-644.16,-458.72,161.04,1239.52,2293.6,2537.6
326.96,663.68,336.72,-492.88,-4.88,497.76,-653.92,-468.48,151.28,1273.68,2337.52,2552.24
307.44,653.92,346.48,-478.24,-19.52,497.76,-639.28,-458.72,180.56,1322.48,2342.4,2493.68
263.52,614.88,351.36,-439.2,-43.92,483.12,-590.48,-414.8,258.64,1385.92,2278.96,2342.4
219.6,614.88,395.28,-414.8,-87.84,502.64,-556.32,-419.68,287.92,1381.04,2142.32,2103.28
156.16,585.6,429.44,-370.88,-136.64,507.52,-502.64,-405.04,351.36,1410.32,1991.04,1751.92
97.6,502.64,405.04,-297.68,-156.16,453.84,-405.04,-317.2,517.28,1517.68,1815.36,1298.08
43.92,409.92,366,-224.48,-161.04,385.52,-302.56,-219.6,697.84,1503.04,1517.68,785.68
-39.04,331.84,370.88,-146.4,-204.96,351.36,-195.2,-156.16,800.32,1298.08,1019.92,229.36
-107.36,292.8,400.16,-92.72,-253.76,346.48,-112.24,-122,873.52,971.12,439.2,-283.04
-151.28,278.16,429.44,-63.44,-292.8,351.36,-68.32,-136.64,863.76,610,43.92,-517.28
-180.56,248.88,429.44,-34.16,-307.44,336.72,-24.4,-131.76,863.76,224.48,-302.56,-639.28
-204.96,219.6,424.56,-4.88,-317.2,322.08,34.16,-92.72,902.8,-78.08,-610,-732
-229.36,170.8,400.16,29.28,-317.2,283.04,92.72,-24.4,946.72,-239.12,-800.32,-790.56
-224.48,122,346.48,53.68,-287.92,234.24,126.88,14.64,858.88,-405.04,-907.68,-814.96
-219.6,68.32,287.92,78.08,-253.76,175.68,165.92,39.04,790.56,-478.24,-907.68,-819.84
-234.24,19.52,253.76,107.36,-244,136.64,200.08,87.84,712.48,-570.96,-932.08,-839.36
-229.36,-14.64,214.72,122,-224.48,97.6,224.48,112.24,614.88,-668.56,-961.36,-849.12
-229.36,-58.56,170.8,146.4,-200.08,53.68,253.76,151.28,585.6,-732,-976,-854
-244,-92.72,151.28,170.8,-200.08,29.28,302.56,175.68,561.2,-761.28,-995.52,-873.52
-244,-112.24,131.76,180.56,-190.32,9.76,341.6,175.68,497.76,-814.96,-1019.92,-888.16
-253.76,-136.64,117.12,195.2,-185.44,-9.76,375.76,185.44,458.72,-854,-1039.44,-893.04
-263.52,-151.28,112.24,209.84,-190.32,-19.52,409.92,200.08,390.4,-888.16,-1044.32,-888.16
-253.76,-165.92,87.84,209.84,-170.8,-39.04,444.08,234.24,356.24,-912.56,-1054.08,-883.28
-258.64,-195.2,63.44,229.36,-161.04,-68.32,497.76,287.92,380.64,-927.2,-1039.44,-883.28
-258.64,-224.48,34.16,244,-146.4,-97.6,536.8,302.56,336.72,-951.6,-1039.44,-878.4
-268.4,-234.24,34.16,253.76,-151.28,-102.48,580.72,297.68,283.04,-961.36,-1029.68,-873.52
-273.28,-248.88,24.4,263.52,-151.28,-112.24,639.28,351.36,326.96,-932.08,-1010.16,-858.88
-268.4,-258.64,9.76,263.52,-141.52,-126.88,697.84,409.92,405.04,-902.8,-985.76,-839.36
-263.52,-263.52,0,263.52,-131.76,-131.76,736.88,463.6,473.36,-858.88,-946.72,-819.84
-258.64,-263.52,-4.88,263.52,-126.88,-136.64,746.64,541.68,566.08,-805.2,-907.68,-790.56
-253.76,-263.52,-9.76,258.64,-122,-136.64,771.04,624.64,683.2,-736.88,-868.64,-751.52
-253.76,-244,9.76,248.88,-131.76,-117.12,746.64,673.44,688.08,-683.2,-819.84,-707.6
-234.24,-214.72,19.52,224.48,-126.88,-97.6,707.6,658.8,541.68,-673.44,-766.16,-663.68
-219.6,-185.44,34.16,204.96,-126.88,-78.08,663.68,590.48,351.36,-663.68,-736.88,-629.52
-219.6,-156.16,63.44,190.32,-141.52,-48.8,629.52,527.04,253.76,-639.28,-697.84,-595.36
-214.72,-126.88,87.84,170.8,-151.28,-19.52,595.36,463.6,165.92,-614.88,-673.44,-580.72
-214.72,-117.12,97.6,165.92,-156.16,-9.76,551.44,414.8,58.56,-614.88,-658.8,-561.2
-209.84,-102.48,107.36,156.16,-161.04,0,522.16,366,-34.16,-610,-644.16,-551.44
-200.08,-78.08,122,141.52,-161.04,19.52,478.24,302.56,-126.88,-605.12,-624.64,-541.68
-195.2,-68.32,126.88,131.76,-161.04,29.28,414.8,244,-214.72,-600.24,-614.88,-517.28
-185.44,-63.44,122,126.88,-156.16,29.28,356.24,204.96,-273.28,-590.48,-585.6,-497.76
-190.32,-53.68,136.64,122,-165.92,39.04,312.32,146.4,-307.44,-575.84,-570.96,-478.24
-180.56,-43.92,136.64,112.24,-161.04,43.92,268.4,82.96,-326.96,-566.08,-546.56,-458.72
-175.68,-34.16,141.52,107.36,-161.04,53.68,239.12,34.16,-341.6,-551.44,-522.16,-434.32
-170.8,-34.16,136.64,102.48,-156.16,48.8,204.96,-29.28,-370.88,-541.68,-512.4,-419.68
-165.92,-39.04,126.88,102.48,-146.4,43.92,175.68,-73.2,-380.64,-527.04,-488,-409.92
-146.4,-39.04,107.36,92.72,-126.88,34.16,151.28,-117.12,-405.04,-517.28,-483.12,-385.52
-136.64,-43.92,92.72,92.72,-117.12,24.4,117.12,-165.92,-429.44,-512.4,-473.36,-375.76
-117.12,-39.04,78.08,78.08,-97.6,19.52,78.08,-204.96,-434.32,-488,-453.84,-375.76
-107.36,-39.04,68.32,73.2,-87.84,14.64,29.28,-239.12,-434.32,-473.36,-439.2,-351.36
-97.6,-43.92,53.68,73.2,-78.08,4.88,-4.88,-258.64,-419.68,-448.96,-405.04,-322.08
-87.84,-39.04,48.8,63.44,-68.32,4.88,-29.28,-283.04,-395.28,-419.68,-385.52,-297.68
-87.84,-34.16,53.68,63.44,-73.2,9.76,-53.68,-287.92,-361.12,-395.28,-361.12,-278.16
-73.2,-24.4,48.8,48.8,-63.44,9.76,-63.44,-283.04,-336.72,-366,-326.96,-248.88
-68.32,-24.4,43.92,48.8,-58.56,9.76,-68.32,-287.92,-312.32,-341.6,-302.56,-229.36
-58.56,-14.64,43.92,39.04,-53.68,14.64,-87.84,-283.04,-287.92,-326.96,-287.92,-214.72
-43.92,-4.88,39.04,24.4,-43.92,14.64,-97.6,-273.28,-273.28,-292.8,-263.52,-200.08
-39.04,-4.88,34.16,24.4,-39.04,14.64,-97.6,-268.4,-258.64,-263.52,-239.12,-175.68
-34.16,4.88,39.04,14.64,-39.04,19.52,-102.48,-268.4,-248.88,-244,-219.6,-175.68
-19.52,14.64,34.16,4.88,-29.28,24.4,-102.48,-268.4,-244,-234.24,-219.6,-165.92
-24.4,9.76,34.16,9.76,-29.28,19.52,-102.48,-263.52,-229.36,-224.48,-204.96,-151.28
-19.52,24.4,43.92,0,-34.16,34.16,-102.48,-258.64,-214.72,-214.72,-200.08,-141.52
-19.52,34.16,53.68,-4.88,-39.04,43.92,-82.96,-253.76,-200.08,-209.84,-170.8,-122
-24.4,34.16,58.56,-4.88,-43.92,43.92,-82.96,-253.76,-209.84,-209.84,-161.04,-117.12
-29.28,34.16,63.44,0,-48.8,48.8,-73.2,-244,-204.96,-204.96,-156.16,-107.36
-34.16,48.8,82.96,-4.88,-58.56,63.44,-68.32,-229.36,-204.96,-204.96,-156.16,-102.48
-34.16,58.56,92.72,-9.76,-63.44,73.2,-68.32,-229.36,-204.96,-200.08,-156.16,-112.24
-34.16,68.32,102.48,-14.64,-68.32,82.96,-73.2,-224.48,-209.84,-195.2,-151.28,-107.36
-34.16,73.2,107.36,-19.52,-73.2,87.84,-78.08,-224.48,-229.36,-200.08,-156.16,-122
-29.28,78.08,107.36,-24.4,-68.32,92.72,-82.96,-234.24,-248.88,-204.96,-165.92,-122
-39.04,63.44,102.48,-9.76,-73.2,82.96,-92.72,-229.36,-253.76,-204.96,-161.04,-112.24
-39.04,63.44,102.48,-9.76,-73.2,82.96,-92.72,-219.6,-258.64,-209.84,-156.16,-107.36
-19.52,68.32,87.84,-24.4,-53.68,78.08,-92.72,-224.48,-253.76,-214.72,-151.28,-97.6
-19.52,68.32,87.84,-24.4,-53.68,78.08,-102.48,-234.24,-263.52,-224.48,-151.28,-87.84
-29.28,68.32,97.6,-19.52,-63.44,82.96,-107.36,-224.48,-278.16,-224.48,-131.76,-82.96
-29.28,78.08,107.36,-24.4,-68.32,92.72,-117.12,-229.36,-292.8,-229.36,-126.88,-82.96
-29.28,78.08,107.36,-24.4,-68.32,92.72,-126.88,-244,-317.2,-229.36,-126.88,-82.96
-19.52,78.08,97.6,-29.28,-58.56,87.84,-126.88,-239.12,-331.84,-219.6,-122,-63.44
-14.64,82.96,97.6,-34.16,-58.56,87.84,-126.88,-239.12,-356.24,-229.36,-107.36,-68.32
-19.52,82.96,102.48,-29.28,-63.44,92.72,-126.88,-248.88,-380.64,-239.12,-107.36,-53.68
-19.52,92.72,112.24,-34.16,-68.32,102.48,-131.76,-248.88,-395.28,-239.12,-92.72,-39.04
-19.52,97.6,117.12,-39.04,-68.32,107.36,-136.64,-253.76,-414.8,-234.24,-78.08,-24.4
-9.76,107.36,117.12,-48.8,-63.44,112.24,-136.64,-258.64,-414.8,-234.24,-53.68,0
-4.88,117.12,122,-53.68,-63.44,117.12,-136.64,-258.64,-429.44,-239.12,-34.16,24.4
-9.76,112.24,122,-48.8,-68.32,117.12,-131.76,-253.76,-448.96,-229.36,-9.76,39.04
4.88,117.12,112.24,-58.56,-53.68,112.24,-136.64,-258.64,-473.36,-234.24,9.76,48.8
0,107.36,107.36,-53.68,-53.68,107.36,-146.4,-263.52,-502.64,-229.36,29.28,63.44
0,102.48,102.48,-48.8,-53.68,102.48,-156.16,-263.52,-531.92,-224.48,48.8,87.84
9.76,112.24,102.48,-58.56,-48.8,107.36,-175.68,-268.4,-561.2,-219.6,63.44,87.84
9.76,107.36,97.6,-58.56,-43.92,102.48,-185.44,-278.16,-595.36,-219.6,68.32,102.48
14.64,112.24,97.6,-63.44,-43.92,102.48,-195.2,-283.04,-614.88,-229.36,82.96,112.24
24.4,102.48,78.08,-63.44,-29.28,87.84,-185.44,-268.4,-619.76,-214.72,102.48,136.64
29.28,102.48,73.2,-63.44,-24.4,87.84,-195.2,-287.92,-639.28,-219.6,107.36,141.52
39.04,112.24,73.2,-73.2,-19.52,92.72,-195.2,-287.92,-653.92,-219.6,126.88,156.16
39.04,117.12,78.08,-78.08,-19.52,97.6,-204.96,-287.92,-668.56,-224.48,141.52,165.92
43.92,131.76,87.84,-87.84,-24.4,107.36,-229.36,-292.8,-692.96,-224.48,141.52,165.92
48.8,141.52,92.72,-92.72,-24.4,117.12,-234.24,-297.68,-702.72,-214.72,156.16,175.68
58.56,146.4,87.84,-102.48,-14.64,117.12,-239.12,-297.68,-717.36,-214.72,151.28,175.68
53.68,146.4,92.72,-97.6,-19.52,117.12,-239.12,-287.92,-732,-200.08,165.92,170.8
53.68,151.28,97.6,-102.48,-24.4,122,-239.12,-297.68,-741.76,-200.08,151.28,170.8
53.68,151.28,97.6,-102.48,-24.4,122,-234.24,-292.8,-741.76,-204.96,151.28,175.68
53.68,156.16,102.48,-102.48,-24.4,126.88,-234.24,-283.04,-736.88,-209.84,146.4,180.56
53.68,161.04,107.36,-107.36,-29.28,131.76,-229.36,-278.16,-727.12,-200.08,156.16,180.56
53.68,165.92,112.24,-107.36,-29.28,136.64,-219.6,-263.52,-712.48,-190.32,165.92,185.44
58.56,165.92,107.36,-112.24,-24.4,136.64,-209.84,-253.76,-697.84,-185.44,161.04,170.8
53.68,170.8,117.12,-112.24,-34.16,141.52,-204.96,-253.76,-697.84,-185.44,146.4,156.16
63.44,180.56,117.12,-122,-29.28,146.4,-209.84,-239.12,-678.32,-175.68,146.4,146.4
68.32,200.08,131.76,-131.76,-34.16,165.92,-204.96,-219.6,-668.56,-175.68,141.52,141.52
68.32,195.2,126.88,-131.76,-29.28,161.04,-204.96,-204.96,-653.92,-170.8,126.88,122
68.32,190.32,122,-126.88,-29.28,156.16,-195.2,-190.32,-634.4,-161.04,117.12,126.88
68.32,180.56,112.24,-122,-24.4,146.4,-190.32,-175.68,-600.24,-146.4,126.88,117.12
58.56,170.8,112.24,-112.24,-29.28,141.52,-175.68,-156.16,-566.08,-141.52,117.12,112.24
58.56,170.8,112.24,-112.24,-29.28,141.52,-151.28,-146.4,-531.92,-126.88,117.12,112.24
53.68,151.28,97.6,-102.48,-24.4,122,-136.64,-122,-502.64,-126.88,107.36,107.36
53.68,141.52,87.84,-97.6,-19.52,112.24,-122,-97.6,-463.6,-107.36,117.12,97.6
53.68,146.4,92.72,-97.6,-19.52,117.12,-102.48,-73.2,-429.44,-97.6,112.24,92.72
53.68,131.76,78.08,-92.72,-14.64,102.48,-92.72,-53.68,-409.92,-97.6,97.6,78.08
63.44,136.64,73.2,-97.6,-4.88,102.48,-82.96,-39.04,-390.4,-87.84,87.84,63.44
53.68,122,68.32,-87.84,-9.76,92.72,-58.56,-24.4,-366,-78.08,87.84,53.68
48.8,122,73.2,-82.96,-14.64,97.6,-53.68,-19.52,-351.36,-82.96,68.32,43.92
43.92,112.24,68.32,-78.08,-14.64,87.84,-39.04,0,-317.2,-68.32,63.44,43.92
39.04,102.48,63.44,-68.32,-14.64,82.96,-34.16,19.52,-283.04,-63.44,58.56,39.04
43.92,102.48,58.56,-73.2,-9.76,78.08,-14.64,39.04,-248.88,-53.68,68.32,39.04
48.8,92.72,43.92,-68.32,0,68.32,0,48.8,-219.6,-43.92,63.44,39.04
43.92,78.08,34.16,-58.56,4.88,53.68,9.76,58.56,-200.08,-29.28,73.2,43.92
48.8,82.96,34.16,-63.44,4.88,58.56,19.52,73.2,-185.44,-29.28,68.32,39.04
48.8,78.08,29.28,-63.44,9.76,53.68,24.4,73.2,-175.68,-24.4,63.44,34.16
53.68,78.08,24.4,-63.44,14.64,48.8,34.16,82.96,-156.16,-9.76,68.32,34.16
63.44,82.96,19.52,-73.2,19.52,48.8,43.92,82.96,-146.4,-4.88,58.56,24.4
58.56,78.08,19.52,-68.32,19.52,48.8,48.8,78.08,-141.52,-9.76,48.8,24.4
58.56,78.08,19.52,-68.32,19.52,48.8,63.44,78.08,-126.88,-4.88,58.56,29.28
58.56,92.72,34.16,-73.2,9.76,63.44,63.44,78.08,-112.24,0,48.8,29.28
43.92,87.84,43.92,-63.44,0,63.44,73.2,68.32,-97.6,0,48.8,29.28
39.04,82.96,43.92,-58.56,-4.88,63.44,78.08,58.56,-92.72,-4.88,43.92,24.4
34.16,78.08,43.92,-53.68,-4.88,58.56,78.08,58.56,-78.08,0,39.04,14.64
39.04,82.96,43.92,-58.56,-4.88,63.44,92.72,63.44,-63.44,4.88,34.16,14.64
39.04,92.72,53.68,-63.44,-9.76,73.2,97.6,63.44,-53.68,14.64,39.04,14.64
29.28,87.84,58.56,-58.56,-14.64,73.2,97.6,58.56,-48.8,29.28,43.92,4.88
39.04,107.36,68.32,-73.2,-14.64,87.84,97.6,58.56,-39.04,39.04,43.92,0
39.04,107.36,68.32,-73.2,-14.64,87.84,102.48,58.56,-29.28,39.04,43.92,4.88
29.28,122,92.72,-73.2,-34.16,107.36,97.6,53.68,-9.76,48.8,43.92,4.88
34.16,136.64,102.48,-82.96,-34.16,117.12,97.6,53.68,9.76,53.68,43.92,9.76
29.28,141.52,112.24,-82.96,-43.92,126.88,92.72,43.92,9.76,43.92,39.04,-4.88
29.28,146.4,117.12,-87.84,-43.92,131.76,87.84,34.16,19.52,34.16,29.28,-9.76
24.4,151.28,126.88,-87.84,-53.68,136.64,73.2,34.16,29.28,34.16,24.4,-14.64
24.4,161.04,136.64,-92.72,-58.56,146.4,48.8,9.76,19.52,34.16,4.88,-34.16
24.4,156.16,131.76,-87.84,-53.68,141.52,53.68,9.76,29.28,43.92,14.64,-39.04
19.52,136.64,117.12,-78.08,-48.8,126.88,48.8,14.64,34.16,53.68,19.52,-39.04
19.52,112.24,92.72,-63.44,-39.04,102.48,43.92,9.76,39.04,68.32,19.52,-39.04
29.28,97.6,68.32,-63.44,-19.52,82.96,34.16,9.76,39.04,68.32,14.64,-39.04
24.4,87.84,63.44,-53.68,-19.52,73.2,24.4,4.88,43.92,68.32,19.52,-43.92
29.28,87.84,58.56,-58.56,-14.64,73.2,19.52,0,48.8,68.32,9.76,-39.04
29.28,97.6,68.32,-63.44,-19.52,82.96,14.64,-4.88,53.68,58.56,0,-53.68
24.4,92.72,68.32,-58.56,-24.4,78.08,14.64,-4.88,53.68,48.8,-4.88,-58.56
24.4,92.72,68.32,-58.56,-24.4,78.08,14.64,-4.88,63.44,48.8,-4.88,-63.44
29.28,92.72,63.44,-58.56,-19.52,78.08,0,0,58.56,34.16,-19.52,-78.08
24.4,87.84,63.44,-53.68,-19.52,73.2,-14.64,-4.88,53.68,43.92,-19.52,-82.96
29.28,92.72,63.44,-58.56,-19.52,78.08,-24.4,-9.76,58.56,58.56,-14.64,-78.08
29.28,87.84,58.56,-58.56,-14.64,73.2,-43.92,-19.52,53.68,58.56,-14.64,-82.96
39.04,82.96,43.92,-58.56,-4.88,63.44,-53.68,-9.76,63.44,73.2,-4.88,-78.08
39.04,78.08,39.04,-58.56,0,58.56,-63.44,-4.88,82.96,92.72,9.76,-63.44
34.16,78.08,43.92,-53.68,-4.88,58.56,-68.32,-4.88,92.72,92.72,9.76,-63.44
48.8,87.84,39.04,-68.32,4.88,63.44,-87.84,-4.88,102.48,112.24,19.52,-63.44
48.8,92.72,43.92,-68.32,0,68.32,-102.48,-19.52,102.48,126.88,24.4,-58.56
43.92,82.96,39.04,-63.44,0,58.56,-107.36,-14.64,112.24,122,29.28,-58.56
48.8,82.96,34.16,-63.44,4.88,58.56,-112.24,-14.64,112.24,112.24,19.52,-68.32
43.92,63.44,19.52,-53.68,9.76,39.04,-112.24,-9.76,112.24,122,29.28,-63.44
39.04,29.28,-9.76,-34.16,24.4,9.76,-102.48,0,126.88,136.64,43.92,-53.68
43.92,19.52,-24.4,-29.28,34.16,-4.88,-102.48,4.88,122,141.52,43.92,-53.68
43.92,4.88,-39.04,-24.4,39.04,-19.52,-107.36,-4.88,122,136.64,48.8,-53.68
34.16,-9.76,-43.92,-9.76,39.04,-29.28,-107.36,4.88,136.64,156.16,73.2,-39.04
29.28,-19.52,-48.8,-4.88,39.04,-34.16,-117.12,4.88,136.64,161.04,82.96,-24.4
29.28,-24.4,-53.68,0,39.04,-39.04,-131.76,9.76,146.4,165.92,92.72,-19.52
39.04,-14.64,-53.68,-9.76,43.92,-34.16,-136.64,4.88,161.04,170.8,102.48,-9.76
29.28,-24.4,-53.68,0,39.04,-39.04,-141.52,9.76,156.16,175.68,107.36,-9.76
39.04,-24.4,-63.44,-4.88,48.8,-43.92,-151.28,9.76,156.16,175.68,107.36,-9.76
48.8,-19.52,-68.32,-14.64,58.56,-43.92,-165.92,4.88,151.28,180.56,107.36,-14.64
48.8,-29.28,-78.08,-9.76,63.44,-53.68,-170.8,9.76,156.16,190.32,112.24,-9.76
58.56,-29.28,-87.84,-14.64,73.2,-58.56,-165.92,9.76,156.16,195.2,117.12,-4.88
58.56,-34.16,-92.72,-9.76,73.2,-63.44,-180.56,0,156.16,185.44,107.36,-9.76
43.92,-43.92,-87.84,0,63.44,-68.32,-180.56,0,165.92,195.2,117.12,-4.88
43.92,-34.16,-78.08,-4.88,58.56,-58.56,-141.52,0,170.8,200.08,117.12,4.88
43.92,-43.92,-87.84,0,63.44,-68.32,-112.24,-4.88,175.68,200.08,131.76,4.88
39.04,-58.56,-97.6,9.76,68.32,-78.08,-122,-4.88,185.44,204.96,131.76,9.76
39.04,-53.68,-92.72,9.76,63.44,-73.2,-122,-4.88,185.44,200.08,141.52,9.76
39.04,-48.8,-87.84,4.88,63.44,-68.32,-131.76,-14.64,180.56,190.32,131.76,4.88
39.04,-43.92,-82.96,4.88,58.56,-63.44,-131.76,-14.64,175.68,195.2,136.64,4.88
39.04,-43.92,-82.96,4.88,58.56,-63.44,-146.4,-14.64,175.68,204.96,131.76,9.76
39.04,-39.04,-78.08,0,58.56,-58.56,-165.92,-19.52,165.92,200.08,126.88,4.88
48.8,-29.28,-78.08,-9.76,63.44,-53.68,-170.8,-19.52,170.8,195.2,117.12,0
39.04,-53.68,-92.72,9.76,63.44,-73.2,-180.56,-24.4,170.8,190.32,117.12,0
39.04,-63.44,-102.48,14.64,68.32,-82.96,-180.56,-19.52,185.44,185.44,112.24,4.88
39.04,-63.44,-102.48,14.64,68.32,-82.96,-185.44,-29.28,175.68,170.8,112.24,9.76
34.16,-63.44,-97.6,14.64,63.44,-82.96,-200.08,-39.04,170.8,161.04,107.36,14.64
24.4,-63.44,-87.84,19.52,53.68,-78.08,-200.08,-39.04,175.68,175.68,117.12,29.28
29.28,-53.68,-82.96,14.64,53.68,-68.32,-200.08,-34.16,175.68,165.92,107.36,24.4
29.28,-43.92,-73.2,9.76,48.8,-58.56,-204.96,-43.92,156.16,156.16,97.6,24.4
29.28,-43.92,-73.2,9.76,48.8,-58.56,-200.08,-48.8,151.28,151.28,107.36,29.28
29.28,-53.68,-82.96,14.64,53.68,-68.32,-214.72,-63.44,141.52,146.4,97.6,29.28
29.28,-58.56,-87.84,14.64,58.56,-73.2,-204.96,-58.56,151.28,141.52,87.84,24.4
29.28,-63.44,-92.72,19.52,58.56,-78.08,-200.08,-48.8,156.16,141.52,92.72,34.16
14.64,-68.32,-82.96,29.28,48.8,-78.08,-214.72,-53.68,161.04,141.52,82.96,24.4
14.64,-53.68,-68.32,19.52,39.04,-63.44,-219.6,-58.56,161.04,131.76,78.08,19.52
9.76,-39.04,-48.8,14.64,29.28,-43.92,-224.48,-73.2,161.04,131.76,68.32,14.64
9.76,-24.4,-34.16,9.76,19.52,-29.28,-224.48,-92.72,161.04,126.88,78.08,14.64
9.76,0,-9.76,-4.88,9.76,-4.88,-234.24,-117.12,156.16,117.12,73.2,19.52
-4.88,-4.88,0,4.88,-4.88,-4.88,-239.12,-126.88,151.28,112.24,73.2,24.4
14.64,0,-14.64,-4.88,14.64,-9.76,-244,-126.88,146.4,107.36,68.32,29.28
9.76,0,-9.76,-4.88,9.76,-4.88,-239.12,-126.88,146.4,117.12,68.32,29.28
0,4.88,4.88,0,-4.88,4.88,-248.88,-136.64,141.52,107.36,58.56,24.4
9.76,24.4,14.64,-14.64,-4.88,19.52,-248.88,-146.4,136.64,102.48,53.68,19.52
0,19.52,19.52,-9.76,-9.76,19.52,-253.76,-146.4,141.52,97.6,53.68,19.52
-4.88,24.4,29.28,-9.76,-19.52,24.4,-258.64,-141.52,141.52,97.6,48.8,14.64
-14.64,34.16,48.8,-9.76,-34.16,39.04,-268.4,-151.28,141.52,82.96,39.04,4.88
-19.52,29.28,48.8,-4.88,-34.16,39.04,-263.52,-151.28,141.52,78.08,29.28,0
-4.88,48.8,53.68,-19.52,-29.28,48.8,-278.16,-156.16,146.4,63.44,24.4,-9.76
-19.52,48.8,68.32,-14.64,-43.92,58.56,-292.8,-165.92,136.64,53.68,14.64,-14.64
-24.4,43.92,68.32,-9.76,-48.8,53.68,-302.56,-175.68,122,53.68,4.88,-19.52
-19.52,43.92,63.44,-9.76,-43.92,53.68,-292.8,-175.68,122,53.68,4.88,-14.64
-24.4,34.16,58.56,-4.88,-43.92,43.92,-292.8,-185.44,112.24,48.8,0,-19.52
-29.28,29.28,58.56,0,-43.92,43.92,-312.32,-195.2,102.48,39.04,0,-19.52
-29.28,19.52,48.8,4.88,-39.04,34.16,-312.32,-204.96,107.36,53.68,9.76,-9.76
-29.28,4.88,34.16,14.64,-34.16,19.52,-322.08,-204.96,122,43.92,14.64,-9.76
-29.28,0,29.28,14.64,-29.28,14.64,-336.72,-219.6,117.12,29.28,14.64,-4.88
-24.4,0,24.4,14.64,-24.4,9.76,-346.48,-224.48,97.6,24.4,4.88,-4.88
-24.4,-4.88,19.52,14.64,-24.4,4.88,-351.36,-229.36,87.84,9.76,0,-9.76
-19.52,0,19.52,9.76,-19.52,9.76,-361.12,-239.12,82.96,14.64,-4.88,-4.88
-19.52,0,19.52,9.76,-19.52,9.76,-375.76,-239.12,78.08,9.76,-4.88,-4.88
-24.4,4.88,29.28,9.76,-29.28,14.64,-380.64,-244,73.2,9.76,-9.76,-9.76
-24.4,19.52,43.92,4.88,-34.16,29.28,-390.4,-248.88,58.56,0,-24.4,-19.52
-29.28,24.4,53.68,4.88,-43.92,39.04,-390.4,-263.52,43.92,-14.64,-29.28,-29.28
-19.52,39.04,58.56,-9.76,-39.04,48.8,-405.04,-253.76,53.68,0,-29.28,-29.28
-24.4,43.92,68.32,-9.76,-48.8,53.68,-419.68,-263.52,53.68,-4.88,-29.28,-29.28
-24.4,48.8,73.2,-9.76,-48.8,58.56,-429.44,-263.52,53.68,-9.76,-34.16,-29.28
-9.76,58.56,68.32,-24.4,-39.04,63.44,-439.2,-263.52,48.8,-9.76,-29.28,-24.4
-9.76,58.56,68.32,-24.4,-39.04,63.44,-439.2,-268.4,39.04,-29.28,-39.04,-43.92
-14.64,43.92,58.56,-14.64,-39.04,48.8,-439.2,-268.4,34.16,-24.4,-48.8,-58.56
-24.4,19.52,43.92,4.88,-34.16,29.28,-424.56,-253.76,43.92,-24.4,-48.8,-53.68
-29.28,0,29.28,14.64,-29.28,14.64,-419.68,-253.76,29.28,-29.28,-63.44,-68.32
-24.4,-14.64,9.76,19.52,-19.52,-4.88,-414.8,-248.88,29.28,-24.4,-58.56,-58.56
-24.4,-39.04,-14.64,34.16,-4.88,-29.28,-405.04,-239.12,43.92,-19.52,-39.04,-43.92
-19.52,-39.04,-19.52,29.28,0,-29.28,-409.92,-224.48,48.8,-4.88,-39.04,-34.16
-9.76,-29.28,-19.52,19.52,4.88,-24.4,-424.56,-229.36,43.92,-14.64,-39.04,-39.04
-9.76,-29.28,-19.52,19.52,4.88,-24.4,-444.08,-244,39.04,-29.28,-48.8,-39.04
-4.88,-24.4,-19.52,14.64,4.88,-24.4,-434.32,-239.12,39.04,-34.16,-53.68,-43.92
-4.88,-14.64,-9.76,9.76,0,-14.64,-434.32,-229.36,34.16,-39.04,-58.56,-48.8
-9.76,-29.28,-19.52,19.52,4.88,-24.4,-434.32,-234.24,24.4,-48.8,-63.44,-63.44
-14.64,-48.8,-34.16,34.16,9.76,-43.92,-419.68,-224.48,39.04,-29.28,-58.56,-53.68
-19.52,-73.2,-53.68,48.8,14.64,-63.44,-419.68,-219.6,39.04,-24.4,-58.56,-58.56
-19.52,-92.72,-73.2,58.56,24.4,-82.96,-419.68,-214.72,39.04,-24.4,-58.56,-63.44
-9.76,-97.6,-87.84,53.68,39.04,-92.72,-405.04,-209.84,48.8,-14.64,-48.8,-48.8
-24.4,-112.24,-87.84,68.32,29.28,-102.48,-409.92,-200.08,48.8,-14.64,-48.8,-43.92
-19.52,-102.48,-82.96,63.44,29.28,-92.72,-414.8,-209.84,39.04,-24.4,-53.68,-48.8
-4.88,-78.08,-73.2,43.92,34.16,-78.08,-424.56,-214.72,34.16,-43.92,-63.44,-53.68
-4.88,-63.44,-58.56,34.16,24.4,-63.44,-439.2,-214.72,34.16,-43.92,-63.44,-53.68
4.88,-48.8,-53.68,24.4,29.28,-53.68,-439.2,-204.96,34.16,-48.8,-63.44,-63.44
4.88,-53.68,-58.56,24.4,29.28,-58.56,-419.68,-200.08,43.92,-39.04,-63.44,-63.44
9.76,-63.44,-73.2,29.28,39.04,-68.32,-419.68,-190.32,53.68,-29.28,-58.56,-63.44
4.88,-82.96,-87.84,39.04,43.92,-87.84,-400.16,-175.68,58.56,-14.64,-53.68,-63.44
-4.88,-102.48,-97.6,53.68,43.92,-102.48,-390.4,-175.68,58.56,-14.64,-58.56,-68.32
4.88,-107.36,-112.24,53.68,58.56,-112.24,-395.28,-170.8,63.44,-9.76,-53.68,-63.44
4.88,-117.12,-122,58.56,63.44,-122,-390.4,-161.04,68.32,-14.64,-48.8,-58.56
0,-126.88,-126.88,63.44,63.44,-126.88,-380.64,-161.04,63.44,-19.52,-58.56,-63.44
4.88,-122,-126.88,58.56,63.44,-126.88,-385.52,-156.16,68.32,-29.28,-58.56,-63.44
4.88,-117.12,-122,58.56,63.44,-122,-385.52,-161.04,63.44,-34.16,-63.44,-63.44
4.88,-112.24,-117.12,53.68,58.56,-117.12,-380.64,-156.16,63.44,-34.16,-63.44,-63.44
0,-102.48,-102.48,53.68,48.8,-102.48,-380.64,-165.92,58.56,-34.16,-73.2,-73.2
0,-107.36,-107.36,53.68,53.68,-107.36,-385.52,-165.92,53.68,-39.04,-78.08,-73.2
0,-97.6,-97.6,48.8,48.8,-97.6,-380.64,-161.04,43.92,-39.04,-78.08,-82.96
4.88,-87.84,-92.72,43.92,48.8,-92.72,-370.88,-161.04,39.04,-43.92,-78.08,-82.96
0,-92.72,-92.72,48.8,43.92,-92.72,-375.76,-170.8,34.16,-58.56,-87.84,-92.72
0,-97.6,-97.6,48.8,48.8,-97.6,-356.24,-161.04,43.92,-43.92,-78.08,-82.96
-9.76,-107.36,-97.6,58.56,43.92,-102.48,-351.36,-165.92,43.92,-53.68,-82.96,-87.84
-14.64,-126.88,-112.24,73.2,48.8,-122,-336.72,-165.92,53.68,-48.8,-78.08,-78.08
-9.76,-131.76,-122,73.2,53.68,-126.88,-341.6,-175.68,48.8,-53.68,-73.2,-73.2
-14.64,-141.52,-126.88,78.08,53.68,-136.64,-336.72,-175.68,39.04,-58.56,-78.08,-73.2
-9.76,-136.64,-126.88,73.2,58.56,-131.76,-336.72,-180.56,39.04,-53.68,-68.32,-78.08
-14.64,-146.4,-131.76,82.96,58.56,-141.52,-336.72,-185.44,39.04,-53.68,-63.44,-68.32
-14.64,-146.4,-131.76,82.96,58.56,-141.52,-341.6,-200.08,29.28,-58.56,-68.32,-78.08
-9.76,-136.64,-126.88,73.2,58.56,-131.76,-336.72,-195.2,29.28,-53.68,-68.32,-78.08
-19.52,-131.76,-112.24,78.08,43.92,-122,-341.6,-209.84,29.28,-63.44,-78.08,-78.08
-24.4,-131.76,-107.36,78.08,39.04,-122,-346.48,-229.36,19.52,-68.32,-82.96,-82.96
-24.4,-126.88,-102.48,78.08,39.04,-117.12,-341.6,-229.36,19.52,-68.32,-87.84,-78.08
-19.52,-122,-102.48,73.2,39.04,-112.24,-341.6,-244,14.64,-78.08,-87.84,-73.2
-9.76,-102.48,-92.72,58.56,39.04,-97.6,-341.6,-239.12,24.4,-68.32,-73.2,-63.44
-14.64,-87.84,-73.2,53.68,29.28,-82.96,-336.72,-234.24,29.28,-63.44,-68.32,-58.56
-19.52,-82.96,-63.44,53.68,19.52,-73.2,-336.72,-244,34.16,-53.68,-68.32,-58.56
-14.64,-63.44,-48.8,39.04,14.64,-58.56,-322.08,-239.12,48.8,-34.16,-53.68,-43.92
-14.64,-58.56,-43.92,39.04,14.64,-53.68,-322.08,-239.12,43.92,-29.28,-53.68,-39.04
-14.64,-48.8,-34.16,34.16,9.76,-43.92,-312.32,-224.48,53.68,-19.52,-43.92,-39.04
-14.64,-34.16,-19.52,24.4,0,-29.28,-317.2,-224.48,58.56,-19.52,-48.8,-39.04
-19.52,-34.16,-14.64,29.28,-4.88,-24.4,-322.08,-229.36,63.44,-24.4,-43.92,-39.04
-24.4,-39.04,-14.64,34.16,-4.88,-29.28,-322.08,-229.36,63.44,-24.4,-48.8,-39.04
-29.28,-48.8,-19.52,39.04,-4.88,-34.16,-326.96,-229.36,53.68,-34.16,-53.68,-43.92
-29.28,-48.8,-19.52,39.04,-4.88,-34.16,-331.84,-229.36,53.68,-34.16,-58.56,-43.92
-24.4,-43.92,-19.52,34.16,-4.88,-34.16,-322.08,-229.36,48.8,-34.16,-58.56,-39.04
-29.28,-58.56,-29.28,43.92,0,-43.92,-322.08,-234.24,48.8,-34.16,-58.56,-43.92
-19.52,-53.68,-34.16,39.04,4.88,-43.92,-326.96,-229.36,39.04,-34.16,-58.56,-48.8
-19.52,-43.92,-24.4,34.16,0,-34.16,-326.96,-234.24,39.04,-29.28,-63.44,-43.92
-19.52,-43.92,-24.4,34.16,0,-34.16,-326.96,-234.24,34.16,-34.16,-58.56,-53.68
-9.76,-34.16,-24.4,24.4,4.88,-29.28,-341.6,-229.36,34.16,-34.16,-53.68,-48.8
-9.76,-34.16,-24.4,24.4,4.88,-29.28,-351.36,-234.24,24.4,-34.16,-58.56,-48.8
-14.64,-43.92,-29.28,29.28,4.88,-39.04,-346.48,-234.24,24.4,-39.04,-58.56,-43.92
-9.76,-34.16,-24.4,24.4,4.88,-29.28,-351.36,-234.24,24.4,-39.04,-58.56,-43.92
-9.76,-39.04,-29.28,24.4,9.76,-34.16,-366,-239.12,19.52,-39.04,-63.44,-43.92
-14.64,-39.04,-24.4,29.28,4.88,-34.16,-370.88,-239.12,14.64,-34.16,-63.44,-48.8
-9.76,-39.04,-29.28,24.4,9.76,-34.16,-370.88,-239.12,4.88,-39.04,-63.44,-48.8
-14.64,-34.16,-19.52,24.4,0,-29.28,-385.52,-239.12,0,-39.04,-68.32,-58.56
-9.76,-29.28,-19.52,19.52,4.88,-24.4,-380.64,-234.24,4.88,-29.28,-73.2,-53.68
-14.64,-29.28,-14.64,24.4,0,-24.4,-370.88,-224.48,9.76,-24.4,-63.44,-53.68
-14.64,-19.52,-4.88,19.52,-4.88,-14.64,-385.52,-229.36,4.88,-29.28,-63.44,-53.68
-9.76,-19.52,-9.76,14.64,0,-14.64,-390.4,-219.6,9.76,-24.4,-63.44,-48.8
-14.64,-34.16,-19.52,24.4,0,-29.28,-405.04,-214.72,9.76,-24.4,-63.44,-53.68
-9.76,-34.16,-24.4,24.4,4.88,-29.28,-405.04,-214.72,14.64,-24.4,-53.68,-43.92
-4.88,-39.04,-34.16,24.4,14.64,-39.04,-405.04,-204.96,19.52,-29.28,-63.44,-43.92
-9.76,-53.68,-43.92,34.16,14.64,-48.8,-405.04,-200.08,9.76,-34.16,-63.44,-48.8
-4.88,-58.56,-53.68,34.16,24.4,-58.56,-400.16,-185.44,9.76,-39.04,-68.32,-48.8
-4.88,-58.56,-53.68,34.16,24.4,-58.56,-400.16,-185.44,9.76,-43.92,-82.96,-63.44
-9.76,-68.32,-58.56,39.04,24.4,-63.44,-385.52,-170.8,19.52,-43.92,-87.84,-63.44
0,-63.44,-63.44,34.16,29.28,-63.44,-375.76,-151.28,39.04,-29.28,-73.2,-53.68
0,-63.44,-63.44,34.16,29.28,-63.44,-380.64,-131.76,82.96,24.4,-34.16,-34.16
0,-58.56,-58.56,29.28,29.28,-58.56,-366,-87.84,170.8,131.76,39.04,9.76
9.76,-58.56,-68.32,24.4,39.04,-63.44,-341.6,-34.16,287.92,268.4,170.8,92.72
19.52,-58.56,-78.08,19.52,48.8,-68.32,-336.72,14.64,380.64,385.52,297.68,185.44
39.04,-39.04,-78.08,0,58.56,-58.56,-336.72,43.92,429.44,483.12,429.44,307.44
53.68,-14.64,-68.32,-19.52,58.56,-43.92,-351.36,43.92,439.2,570.96,600.24,478.24
82.96,4.88,-78.08,-43.92,78.08,-39.04,-375.76,58.56,448.96,678.32,805.2,702.72
122,29.28,-92.72,-73.2,107.36,-34.16,-414.8,58.56,453.84,780.8,1019.92,946.72
156.16,48.8,-107.36,-102.48,131.76,-29.28,-463.6,39.04,424.56,824.72,1180.96,1171.2
209.84,107.36,-102.48,-156.16,156.16,0,-536.8,-9.76,375.76,878.4,1361.52,1434.72
253.76,209.84,-43.92,-229.36,146.4,82.96,-610,-73.2,322.08,961.36,1576.24,1698.24
278.16,287.92,9.76,-283.04,131.76,146.4,-668.56,-107.36,331.84,1093.12,1800.72,1927.6
297.68,370.88,73.2,-331.84,112.24,219.6,-707.6,-126.88,351.36,1210.24,2000.8,2132.56
322.08,448.96,126.88,-385.52,97.6,287.92,-756.4,-175.68,322.08,1293.2,2186.24,2332.64
341.6,483.12,141.52,-409.92,97.6,312.32,-771.04,-195.2,297.68,1327.36,2283.84,2464.4
356.24,502.64,146.4,-429.44,102.48,322.08,-766.16,-175.68,317.2,1371.28,2347.28,2522.96
346.48,512.4,165.92,-429.44,87.84,336.72,-771.04,-175.68,312.32,1410.32,2386.32,2532.72
331.84,507.52,175.68,-419.68,78.08,341.6,-736.88,-161.04,322.08,1444.48,2371.68,2469.28
302.56,488,185.44,-395.28,58.56,336.72,-692.96,-141.52,380.64,1478.64,2288.72,2308.24
248.88,448.96,200.08,-346.48,24.4,322.08,-629.52,-131.76,414.8,1483.52,2147.2,2083.76
190.32,424.56,234.24,-307.44,-24.4,326.96,-575.84,-126.88,444.08,1483.52,1995.92,1747.04
126.88,356.24,229.36,-239.12,-53.68,292.8,-483.12,-53.68,575.84,1576.24,1854.4,1317.6
68.32,248.88,180.56,-156.16,-58.56,214.72,-361.12,48.8,746.64,1610.4,1600.64,839.36
-4.88,185.44,190.32,-87.84,-97.6,185.44,-239.12,136.64,878.4,1429.84,1098,273.28
-68.32,136.64,204.96,-34.16,-136.64,170.8,-136.64,170.8,966.24,1146.8,527.04,-258.64
-107.36,117.12,224.48,-4.88,-165.92,170.8,-48.8,190.32,985.76,839.36,170.8,-502.64
-141.52,87.84,229.36,29.28,-185.44,156.16,9.76,214.72,976,458.72,-185.44,-634.4
-175.68,48.8,224.48,63.44,-200.08,136.64,73.2,244,995.52,136.64,-507.52,-746.64
-185.44,9.76,195.2,87.84,-190.32,102.48,126.88,292.8,1039.44,-43.92,-736.88,-814.96
-204.96,-48.8,156.16,126.88,-180.56,53.68,170.8,326.96,1000.4,-180.56,-854,-839.36
-214.72,-102.48,112.24,161.04,-165.92,4.88,214.72,351.36,927.2,-292.8,-888.16,-854
-229.36,-161.04,68.32,195.2,-151.28,-48.8,273.28,400.16,878.4,-375.76,-902.8,-868.64
-234.24,-204.96,29.28,219.6,-131.76,-87.84,307.44,429.44,780.8,-497.76,-946.72,-888.16
-229.36,-234.24,-4.88,234.24,-112.24,-122,356.24,478.24,712.48,-585.6,-971.12,-893.04
-234.24,-263.52,-29.28,248.88,-102.48,-146.4,414.8,507.52,697.84,-639.28,-980.88,-902.8
-239.12,-292.8,-53.68,268.4,-92.72,-175.68,463.6,517.28,634.4,-702.72,-1005.28,-922.32
-244,-307.44,-63.44,278.16,-92.72,-185.44,522.16,536.8,570.96,-741.76,-1029.68,-927.2
-248.88,-322.08,-73.2,287.92,-87.84,-200.08,570.96,536.8,512.4,-780.8,-1039.44,-932.08
-244,-336.72,-92.72,292.8,-78.08,-214.72,619.76,561.2,448.96,-829.6,-1049.2,-932.08
-244,-346.48,-102.48,297.68,-73.2,-224.48,668.56,600.24,434.32,-834.48,-1034.56,-927.2
-253.76,-370.88,-117.12,312.32,-68.32,-244,736.88,639.28,439.2,-839.36,-1029.68,-922.32
-263.52,-380.64,-117.12,322.08,-73.2,-248.88,785.68,629.52,375.76,-868.64,-1029.68,-917.44
-268.4,-380.64,-112.24,326.96,-78.08,-248.88,844.24,644.16,336.72,-873.52,-1024.8,-902.8
-268.4,-375.76,-107.36,322.08,-82.96,-244,907.68,697.84,395.28,-844.24,-995.52,-883.28
-253.76,-366,-112.24,312.32,-73.2,-239.12,971.12,775.92,492.88,-790.56,-946.72,-858.88
-248.88,-346.48,-97.6,297.68,-78.08,-224.48,1015.04,824.72,556.32,-736.88,-902.8,-819.84
-248.88,-317.2,-68.32,283.04,-92.72,-195.2,1024.8,888.16,639.28,-683.2,-849.12,-785.68
-224.48,-302.56,-78.08,263.52,-73.2,-190.32,1029.68,966.24,727.12,-600.24,-785.68,-732
-209.84,-278.16,-68.32,244,-73.2,-175.68,1000.4,980.88,673.44,-566.08,-741.76,-692.96
-195.2,-248.88,-53.68,224.48,-73.2,-151.28,961.36,951.6,483.12,-556.32,-707.6,-663.68
-190.32,-229.36,-39.04,209.84,-78.08,-136.64,917.44,863.76,268.4,-570.96,-683.2,-639.28
-185.44,-214.72,-29.28,200.08,-78.08,-122,893.04,814.96,170.8,-546.56,-649.04,-614.88
-180.56,-180.56,0,180.56,-92.72,-92.72,863.76,771.04,92.72,-522.16,-619.76,-575.84
-175.68,-156.16,19.52,165.92,-97.6,-68.32,844.24,727.12,4.88,-502.64,-595.36,-561.2
-165.92,-141.52,24.4,156.16,-97.6,-58.56,824.72,688.08,-87.84,-502.64,-575.84,-551.44
-156.16,-126.88,29.28,141.52,-92.72,-48.8,766.16,624.64,-195.2,-492.88,-556.32,-527.04
-146.4,-122,24.4,136.64,-87.84,-48.8,697.84,570.96,-292.8,-488,-546.56,-512.4
-126.88,-102.48,24.4,117.12,-78.08,-39.04,658.8,527.04,-346.48,-473.36,-517.28,-497.76
-112.24,-92.72,19.52,102.48,-68.32,-39.04,629.52,488,-375.76,-463.6,-497.76,-478.24
-102.48,-78.08,24.4,92.72,-63.44,-29.28,610,453.84,-395.28,-439.2,-468.48,-453.84
-92.72,-63.44,29.28,78.08,-63.44,-19.52,585.6,400.16,-409.92,-424.56,-444.08,-429.44
-82.96,-63.44,19.52,73.2,-53.68,-24.4,566.08,356.24,-424.56,-409.92,-424.56,-419.68
-78.08,-63.44,14.64,73.2,-48.8,-24.4,551.44,322.08,-439.2,-395.28,-395.28,-395.28
-68.32,-63.44,4.88,68.32,-39.04,-29.28,522.16,287.92,-444.08,-370.88,-375.76,-375.76
-58.56,-82.96,-24.4,73.2,-19.52,-53.68,502.64,258.64,-458.72,-356.24,-351.36,-370.88
-43.92,-82.96,-39.04,63.44,-4.88,-63.44,473.36,244,-453.84,-322.08,-326.96,-351.36
-39.04,-92.72,-53.68,68.32,4.88,-73.2,448.96,234.24,-439.2,-292.8,-307.44,-326.96
-24.4,-97.6,-73.2,63.44,24.4,-87.84,434.32,229.36,-414.8,-258.64,-268.4,-302.56
-4.88,-97.6,-92.72,53.68,43.92,-97.6,419.68,229.36,-385.52,-234.24,-244,-287.92
0,-102.48,-102.48,53.68,48.8,-102.48,419.68,229.36,-361.12,-204.96,-219.6,-273.28
4.88,-112.24,-117.12,53.68,58.56,-117.12,434.32,234.24,-341.6,-180.56,-200.08,-258.64
19.52,-117.12,-136.64,48.8,78.08,-126.88,448.96,244,-317.2,-170.8,-190.32,-239.12
24.4,-122,-146.4,48.8,82.96,-136.64,458.72,258.64,-297.68,-151.28,-165.92,-224.48
39.04,-117.12,-156.16,39.04,97.6,-136.64,463.6,278.16,-273.28,-126.88,-151.28,-214.72
53.68,-122,-175.68,34.16,112.24,-151.28,463.6,287.92,-263.52,-107.36,-136.64,-209.84
58.56,-131.76,-190.32,39.04,122,-161.04,478.24,312.32,-248.88,-82.96,-122,-195.2
68.32,-131.76,-200.08,34.16,131.76,-165.92,488,331.84,-234.24,-73.2,-107.36,-190.32
68.32,-141.52,-209.84,39.04,136.64,-175.68,512.4,341.6,-229.36,-58.56,-102.48,-180.56
82.96,-136.64,-219.6,29.28,151.28,-180.56,522.16,356.24,-224.48,-53.68,-92.72,-175.68
78.08,-131.76,-209.84,29.28,141.52,-170.8,531.92,366,-219.6,-53.68,-87.84,-165.92
73.2,-141.52,-214.72,34.16,141.52,-180.56,536.8,370.88,-219.6,-53.68,-78.08,-165.92
87.84,-131.76,-219.6,24.4,151.28,-175.68,551.44,380.64,-214.72,-43.92,-68.32,-161.04
87.84,-126.88,-214.72,19.52,151.28,-170.8,561.2,400.16,-214.72,-39.04,-53.68,-161.04
92.72,-122,-214.72,14.64,151.28,-170.8,575.84,419.68,-209.84,-29.28,-43.92,-146.4
107.36,-122,-229.36,9.76,165.92,-175.68,580.72,429.44,-214.72,-29.28,-43.92,-146.4
107.36,-126.88,-234.24,9.76,170.8,-180.56,580.72,434.32,-219.6,-19.52,-34.16,-141.52
107.36,-126.88,-234.24,9.76,170.8,-180.56,600.24,453.84,-219.6,-9.76,-24.4,-131.76
112.24,-122,-234.24,4.88,170.8,-180.56,605.12,458.72,-219.6,0,-14.64,-117.12
112.24,-126.88,-239.12,9.76,175.68,-185.44,624.64,473.36,-214.72,9.76,0,-117.12
112.24,-117.12,-229.36,4.88,170.8,-175.68,624.64,483.12,-209.84,14.64,14.64,-107.36
112.24,-126.88,-239.12,9.76,175.68,-185.44,639.28,483.12,-209.84,19.52,29.28,-102.48
117.12,-122,-239.12,4.88,175.68,-180.56,639.28,478.24,-214.72,14.64,29.28,-97.6
122,-112.24,-234.24,-4.88,175.68,-175.68,644.16,483.12,-219.6,19.52,43.92,-82.96
117.12,-107.36,-224.48,-4.88,170.8,-165.92,639.28,483.12,-229.36,29.28,48.8,-78.08
131.76,-102.48,-234.24,-14.64,180.56,-170.8,639.28,478.24,-248.88,29.28,63.44,-73.2
131.76,-102.48,-234.24,-14.64,180.56,-170.8,629.52,473.36,-263.52,29.28,78.08,-63.44
136.64,-107.36,-244,-14.64,190.32,-175.68,634.4,473.36,-283.04,29.28,92.72,-48.8
146.4,-102.48,-248.88,-19.52,195.2,-175.68,624.64,473.36,-302.56,34.16,107.36,-29.28
146.4,-97.6,-244,-24.4,195.2,-170.8,619.76,458.72,-322.08,29.28,122,-24.4
146.4,-102.48,-248.88,-19.52,195.2,-175.68,610,448.96,-331.84,29.28,146.4,4.88
146.4,-92.72,-239.12,-24.4,190.32,-165.92,600.24,434.32,-351.36,29.28,165.92,24.4
141.52,-97.6,-239.12,-19.52,190.32,-170.8,590.48,414.8,-380.64,24.4,180.56,43.92
151.28,-82.96,-234.24,-34.16,190.32,-161.04,575.84,400.16,-400.16,24.4,195.2,63.44
161.04,-78.08,-239.12,-39.04,200.08,-161.04,561.2,390.4,-424.56,29.28,214.72,82.96
161.04,-73.2,-234.24,-43.92,195.2,-156.16,541.68,366,-463.6,29.28,229.36,92.72
175.68,-58.56,-234.24,-58.56,204.96,-146.4,531.92,341.6,-497.76,39.04,244,107.36
175.68,-53.68,-229.36,-58.56,200.08,-141.52,512.4,326.96,-546.56,14.64,239.12,112.24
185.44,-48.8,-234.24,-68.32,209.84,-141.52,512.4,312.32,-561.2,19.52,253.76,136.64
195.2,-29.28,-224.48,-82.96,209.84,-126.88,502.64,297.68,-575.84,14.64,263.52,151.28
190.32,-24.4,-214.72,-82.96,200.08,-122,492.88,268.4,-605.12,9.76,268.4,156.16
195.2,-14.64,-209.84,-87.84,200.08,-112.24,473.36,239.12,-629.52,0,263.52,156.16
185.44,-9.76,-195.2,-87.84,190.32,-102.48,453.84,214.72,-653.92,-4.88,258.64,151.28
180.56,4.88,-175.68,-92.72,175.68,-87.84,439.2,195.2,-673.44,-9.76,263.52,161.04
175.68,19.52,-156.16,-97.6,165.92,-68.32,434.32,185.44,-668.56,0,278.16,170.8
180.56,19.52,-161.04,-97.6,170.8,-73.2,419.68,175.68,-688.08,0,278.16,165.92
180.56,29.28,-151.28,-102.48,165.92,-63.44,414.8,161.04,-697.84,4.88,283.04,175.68
180.56,39.04,-141.52,-107.36,161.04,-53.68,405.04,151.28,-692.96,9.76,292.8,185.44
180.56,48.8,-131.76,-112.24,156.16,-43.92,400.16,131.76,-688.08,19.52,292.8,195.2
190.32,68.32,-122,-126.88,156.16,-29.28,405.04,122,-678.32,29.28,297.68,200.08
185.44,78.08,-107.36,-131.76,146.4,-14.64,400.16,126.88,-653.92,34.16,297.68,209.84
180.56,92.72,-87.84,-136.64,131.76,0,395.28,126.88,-634.4,48.8,307.44,214.72
190.32,117.12,-73.2,-151.28,131.76,19.52,395.28,126.88,-605.12,63.44,307.44,224.48
185.44,122,-63.44,-151.28,122,29.28,385.52,136.64,-580.72,73.2,307.44,229.36
180.56,122,-58.56,-151.28,117.12,29.28,375.76,136.64,-561.2,82.96,307.44,224.48
185.44,117.12,-68.32,-151.28,126.88,24.4,366,131.76,-546.56,87.84,297.68,214.72
180.56,112.24,-68.32,-146.4,122,19.52,366,131.76,-527.04,87.84,287.92,204.96
170.8,122,-48.8,-146.4,107.36,34.16,370.88,141.52,-502.64,92.72,283.04,200.08
175.68,122,-53.68,-146.4,112.24,34.16,366,141.52,-483.12,97.6,268.4,200.08
175.68,126.88,-48.8,-151.28,112.24,39.04,366,141.52,-463.6,87.84,258.64,185.44
175.68,126.88,-48.8,-151.28,112.24,39.04,361.12,141.52,-444.08,92.72,248.88,180.56
161.04,117.12,-43.92,-136.64,102.48,34.16,356.24,146.4,-414.8,87.84,229.36,170.8
161.04,122,-39.04,-141.52,97.6,39.04,356.24,146.4,-395.28,87.84,219.6,156.16
165.92,122,-43.92,-141.52,102.48,39.04,351.36,165.92,-370.88,82.96,209.84,141.52
151.28,102.48,-48.8,-126.88,97.6,24.4,346.48,175.68,-351.36,92.72,195.2,126.88
156.16,102.48,-53.68,-126.88,102.48,24.4,341.6,180.56,-336.72,92.72,180.56,112.24
156.16,97.6,-58.56,-126.88,107.36,19.52,346.48,190.32,-312.32,102.48,170.8,107.36
146.4,92.72,-53.68,-117.12,97.6,19.52,341.6,200.08,-292.8,102.48,175.68,97.6
151.28,92.72,-58.56,-122,102.48,14.64,341.6,204.96,-263.52,102.48,165.92,87.84
146.4,82.96,-63.44,-112.24,102.48,9.76,341.6,214.72,-253.76,102.48,151.28,73.2
136.64,78.08,-58.56,-107.36,97.6,9.76,351.36,239.12,-219.6,112.24,136.64,68.32
131.76,73.2,-58.56,-102.48,92.72,4.88,361.12,248.88,-190.32,112.24,136.64,68.32
122,58.56,-63.44,-87.84,92.72,-4.88,361.12,263.52,-165.92,122,136.64,63.44
126.88,63.44,-63.44,-92.72,92.72,0,361.12,273.28,-151.28,122,126.88,58.56
122,58.56,-63.44,-87.84,92.72,-4.88,356.24,287.92,-131.76,131.76,131.76,53.68
122,53.68,-68.32,-87.84,92.72,-9.76,351.36,287.92,-126.88,126.88,122,39.04
126.88,58.56,-68.32,-92.72,97.6,-4.88,351.36,287.92,-117.12,131.76,107.36,29.28
107.36,39.04,-68.32,-73.2,87.84,-14.64,361.12,302.56,-102.48,136.64,107.36,19.52
117.12,39.04,-78.08,-78.08,97.6,-19.52,366,307.44,-82.96,141.52,97.6,19.52
117.12,29.28,-87.84,-73.2,102.48,-29.28,370.88,322.08,-68.32,136.64,97.6,9.76
107.36,19.52,-87.84,-63.44,97.6,-34.16,370.88,331.84,-58.56,131.76,82.96,0
107.36,14.64,-92.72,-58.56,97.6,-39.04,380.64,336.72,-48.8,131.76,82.96,-4.88
102.48,4.88,-97.6,-53.68,97.6,-48.8,380.64,346.48,-29.28,136.64,73.2,-19.52
102.48,0,-102.48,-48.8,102.48,-53.68,395.28,361.12,-9.76,131.76,73.2,-19.52
107.36,4.88,-102.48,-53.68,102.48,-48.8,400.16,361.12,0,141.52,58.56,-29.28
102.48,-4.88,-107.36,-48.8,102.48,-58.56,405.04,366,4.88,136.64,43.92,-39.04
102.48,0,-102.48,-48.8,102.48,-53.68,400.16,370.88,14.64,141.52,39.04,-48.8
97.6,0,-97.6,-48.8,97.6,-48.8,414.8,380.64,24.4,136.64,34.16,-53.68
97.6,-9.76,-107.36,-43.92,102.48,-58.56,419.68,380.64,39.04,141.52,29.28,-58.56
97.6,-9.76,-107.36,-43.92,102.48,-58.56,419.68,390.4,48.8,141.52,24.4,-73.2
82.96,-19.52,-102.48,-29.28,92.72,-63.44,429.44,409.92,68.32,146.4,24.4,-68.32
82.96,-19.52,-102.48,-29.28,92.72,-63.44,434.32,409.92,78.08,136.64,9.76,-73.2
82.96,-19.52,-102.48,-29.28,92.72,-63.44,448.96,424.56,97.6,146.4,14.64,-73.2
82.96,-34.16,-117.12,-24.4,97.6,-78.08,448.96,434.32,107.36,141.52,9.76,-87.84
87.84,-39.04,-126.88,-24.4,107.36,-82.96,458.72,434.32,112.24,146.4,9.76,-97.6
82.96,-48.8,-131.76,-14.64,107.36,-92.72,468.48,448.96,112.24,141.52,0,-107.36
73.2,-53.68,-126.88,-9.76,97.6,-92.72,473.36,448.96,122,146.4,-9.76,-112.24
78.08,-48.8,-126.88,-14.64,102.48,-87.84,488,458.72,141.52,151.28,-4.88,-117.12
73.2,-53.68,-126.88,-9.76,97.6,-92.72,497.76,468.48,151.28,156.16,-9.76,-122
68.32,-68.32,-136.64,0,102.48,-102.48,502.64,478.24,165.92,156.16,0,-126.88
63.44,-73.2,-136.64,4.88,97.6,-107.36,512.4,488,180.56,161.04,0,-122
58.56,-82.96,-141.52,14.64,97.6,-112.24,512.4,497.76,195.2,170.8,-4.88,-117.12
63.44,-78.08,-141.52,9.76,102.48,-112.24,517.28,492.88,204.96,180.56,0,-117.12
63.44,-82.96,-146.4,9.76,102.48,-117.12,517.28,502.64,204.96,175.68,0,-117.12
63.44,-92.72,-156.16,14.64,107.36,-126.88,517.28,492.88,204.96,175.68,0,-122
73.2,-87.84,-161.04,9.76,117.12,-126.88,522.16,488,200.08,175.68,-4.88,-126.88
68.32,-82.96,-151.28,9.76,107.36,-117.12,522.16,488,200.08,180.56,0,-131.76
73.2,-82.96,-156.16,4.88,112.24,-122,531.92,488,200.08,185.44,4.88,-126.88
82.96,-78.08,-161.04,0,122,-122,527.04,492.88,200.08,190.32,4.88,-126.88
73.2,-82.96,-156.16,4.88,112.24,-122,522.16,488,195.2,190.32,0,-126.88
68.32,-78.08,-146.4,4.88,107.36,-112.24,531.92,488,209.84,204.96,14.64,-117.12
63.44,-92.72,-156.16,14.64,107.36,-126.88,527.04,483.12,204.96,209.84,19.52,-112.24
58.56,-97.6,-156.16,19.52,107.36,-126.88,531.92,463.6,195.2,190.32,14.64,-112.24
53.68,-92.72,-146.4,19.52,97.6,-122,531.92,468.48,185.44,190.32,29.28,-107.36
48.8,-97.6,-146.4,24.4,97.6,-122,531.92,458.72,185.44,204.96,34.16,-97.6
58.56,-92.72,-151.28,19.52,102.48,-122,522.16,439.2,170.8,209.84,43.92,-97.6
53.68,-87.84,-141.52,19.52,97.6,-117.12,531.92,448.96,175.68,224.48,63.44,-82.96
48.8,-97.6,-146.4,24.4,97.6,-122,541.68,439.2,180.56,229.36,68.32,-73.2
58.56,-92.72,-151.28,19.52,102.48,-122,546.56,429.44,180.56,239.12,73.2,-63.44
53.68,-92.72,-146.4,19.52,97.6,-122,551.44,424.56,175.68,239.12,78.08,-53.68
43.92,-78.08,-122,19.52,82.96,-102.48,551.44,414.8,170.8,244,87.84,-48.8
58.56,-63.44,-122,4.88,87.84,-92.72,551.44,390.4,161.04,248.88,92.72,-43.92
48.8,-63.44,-112.24,9.76,78.08,-87.84,561.2,385.52,165.92,253.76,102.48,-29.28
43.92,-58.56,-102.48,9.76,73.2,-82.96,551.44,380.64,161.04,253.76,97.6,-24.4
48.8,-53.68,-102.48,4.88,73.2,-78.08,546.56,370.88,165.92,263.52,102.48,-19.52
53.68,-58.56,-112.24,4.88,82.96,-87.84,546.56,375.76,161.04,268.4,112.24,-19.52
58.56,-43.92,-102.48,-4.88,78.08,-73.2,546.56,375.76,165.92,283.04,131.76,0
58.56,-39.04,-97.6,-9.76,78.08,-68.32,536.8,370.88,165.92,283.04,136.64,9.76
63.44,-29.28,-92.72,-14.64,78.08,-63.44,522.16,361.12,170.8,297.68,151.28,19.52
68.32,-14.64,-82.96,-24.4,73.2,-48.8,517.28,356.24,165.92,297.68,161.04,29.28
58.56,-19.52,-78.08,-19.52,68.32,-48.8,507.52,351.36,165.92,297.68,170.8,34.16
63.44,-19.52,-82.96,-19.52,73.2,-53.68,502.64,341.6,165.92,297.68,170.8,39.04
68.32,-14.64,-82.96,-24.4,73.2,-48.8,488,336.72,161.04,292.8,161.04,34.16
58.56,-19.52,-78.08,-19.52,68.32,-48.8,488,322.08,151.28,273.28,161.04,34.16
58.56,-14.64,-73.2,-19.52,63.44,-43.92,478.24,312.32,146.4,283.04,156.16,34.16
53.68,-19.52,-73.2,-14.64,63.44,-48.8,458.72,297.68,131.76,273.28,161.04,24.4
53.68,-19.52,-73.2,-14.64,63.44,-48.8,448.96,292.8,126.88,273.28,151.28,29.28
63.44,-14.64,-78.08,-24.4,68.32,-48.8,434.32,292.8,122,273.28,151.28,29.28
63.44,-19.52,-82.96,-19.52,73.2,-53.68,429.44,287.92,112.24,268.4,151.28,29.28
63.44,-14.64,-78.08,-24.4,68.32,-48.8,419.68,283.04,102.48,253.76,141.52,19.52
63.44,-4.88,-68.32,-29.28,63.44,-39.04,414.8,273.28,107.36,253.76,136.64,29.28
63.44,-4.88,-68.32,-29.28,63.44,-39.04,405.04,268.4,107.36,239.12,122,19.52
63.44,0,-63.44,-29.28,63.44,-34.16,400.16,263.52,107.36,234.24,122,19.52
58.56,-4.88,-63.44,-24.4,58.56,-34.16,400.16,263.52,102.48,234.24,122,14.64
58.56,-14.64,-73.2,-19.52,63.44,-43.92,395.28,268.4,107.36,234.24,122,19.52
68.32,-19.52,-87.84,-24.4,78.08,-53.68,395.28,263.52,102.48,229.36,117.12,14.64
68.32,-24.4,-92.72,-19.52,78.08,-58.56,380.64,258.64,97.6,219.6,112.24,9.76
78.08,-24.4,-102.48,-24.4,87.84,-63.44,370.88,258.64,97.6,214.72,112.24,9.76
78.08,-19.52,-97.6,-29.28,87.84,-58.56,370.88,258.64,97.6,214.72,112.24,19.52
73.2,-24.4,-97.6,-24.4,82.96,-63.44,361.12,263.52,102.48,224.48,117.12,14.64
73.2,-24.4,-97.6,-24.4,82.96,-63.44,361.12,273.28,117.12,229.36,107.36,29.28
73.2,-24.4,-97.6,-24.4,82.96,-63.44,356.24,278.16,117.12,219.6,107.36,29.28
82.96,-34.16,-117.12,-24.4,97.6,-78.08,356.24,273.28,122,214.72,102.48,24.4
78.08,-29.28,-107.36,-24.4,92.72,-68.32,356.24,278.16,122,204.96,97.6,14.64
73.2,-39.04,-112.24,-14.64,92.72,-78.08,351.36,273.28,122,200.08,82.96,4.88
73.2,-43.92,-117.12,-14.64,92.72,-82.96,351.36,273.28,112.24,190.32,78.08,-4.88
78.08,-39.04,-117.12,-19.52,97.6,-78.08,336.72,263.52,107.36,185.44,68.32,-9.76
78.08,-53.68,-131.76,-9.76,102.48,-92.72,326.96,253.76,97.6,175.68,63.44,-19.52
78.08,-58.56,-136.64,-9.76,107.36,-97.6,326.96,253.76,102.48,175.68,63.44,-9.76
68.32,-68.32,-136.64,0,102.48,-102.48,331.84,258.64,97.6,170.8,48.8,-24.4
73.2,-73.2,-146.4,0,107.36,-112.24,336.72,263.52,102.48,165.92,43.92,-19.52
68.32,-63.44,-131.76,0,97.6,-97.6,336.72,263.52,117.12,165.92,48.8,-14.64
63.44,-68.32,-131.76,4.88,97.6,-102.48,331.84,268.4,122,175.68,58.56,-19.52
73.2,-58.56,-131.76,-4.88,102.48,-97.6,331.84,268.4,117.12,165.92,58.56,-19.52
73.2,-58.56,-131.76,-4.88,102.48,-97.6,326.96,273.28,126.88,165.92,48.8,-24.4
73.2,-58.56,-131.76,-4.88,102.48,-97.6,322.08,268.4,117.12,156.16,48.8,-34.16
82.96,-48.8,-131.76,-14.64,107.36,-92.72,326.96,273.28,117.12,161.04,48.8,-34.16
68.32,-58.56,-126.88,-4.88,97.6,-92.72,331.84,268.4,117.12,161.04,43.92,-29.28
73.2,-58.56,-131.76,-4.88,102.48,-97.6,322.08,263.52,112.24,156.16,29.28,-34.16
73.2,-63.44,-136.64,-4.88,102.48,-102.48,317.2,268.4,112.24,146.4,29.28,-39.04
63.44,-78.08,-141.52,9.76,102.48,-112.24,326.96,278.16,122,151.28,29.28,-39.04
63.44,-73.2,-136.64,4.88,97.6,-107.36,331.84,278.16,131.76,151.28,34.16,-39.04
63.44,-73.2,-136.64,4.88,97.6,-107.36,326.96,268.4,136.64,151.28,34.16,-43.92
58.56,-82.96,-141.52,14.64,97.6,-112.24,326.96,283.04,131.76,146.4,29.28,-43.92
63.44,-78.08,-141.52,9.76,102.48,-112.24,331.84,283.04,146.4,146.4,29.28,-43.92
58.56,-82.96,-141.52,14.64,97.6,-112.24,336.72,287.92,146.4,146.4,29.28,-43.92
58.56,-78.08,-136.64,9.76,97.6,-107.36,322.08,278.16,141.52,146.4,24.4,-53.68
58.56,-78.08,-136.64,9.76,97.6,-107.36,326.96,278.16,136.64,141.52,24.4,-53.68
53.68,-82.96,-136.64,14.64,92.72,-112.24,322.08,268.4,141.52,146.4,19.52,-53.68
48.8,-78.08,-126.88,14.64,87.84,-102.48,322.08,263.52,136.64,141.52,14.64,-53.68
39.04,-78.08,-117.12,19.52,78.08,-97.6,317.2,258.64,141.52,136.64,19.52,-48.8
48.8,-73.2,-122,14.64,82.96,-97.6,307.44,253.76,136.64,126.88,9.76,-53.68
48.8,-68.32,-117.12,9.76,82.96,-92.72,307.44,244,141.52,131.76,4.88,-53.68
39.04,-68.32,-107.36,14.64,73.2,-87.84,302.56,239.12,136.64,117.12,0,-58.56
39.04,-68.32,-107.36,14.64,73.2,-87.84,297.68,229.36,131.76,117.12,4.88,-58.56
48.8,-63.44,-112.24,9.76,78.08,-87.84,292.8,224.48,131.76,117.12,4.88,-58.56
48.8,-53.68,-102.48,4.88,73.2,-78.08,283.04,204.96,122,107.36,-4.88,-63.44
48.8,-43.92,-92.72,0,68.32,-68.32,287.92,204.96,122,112.24,-4.88,-58.56
48.8,-43.92,-92.72,0,68.32,-68.32,278.16,190.32,117.12,102.48,-14.64,-63.44
34.16,-53.68,-87.84,9.76,58.56,-73.2,268.4,185.44,107.36,92.72,-19.52,-68.32
29.28,-48.8,-78.08,9.76,53.68,-63.44,278.16,175.68,107.36,92.72,-9.76,-68.32
24.4,-58.56,-82.96,19.52,53.68,-73.2,283.04,165.92,107.36,92.72,-9.76,-63.44
19.52,-63.44,-82.96,24.4,48.8,-73.2,287.92,161.04,107.36,92.72,-14.64,-68.32
0,-58.56,-58.56,29.28,29.28,-58.56,297.68,161.04,107.36,87.84,-14.64,-68.32
-4.88,-58.56,-53.68,34.16,24.4,-58.56,292.8,146.4,112.24,87.84,-24.4,-68.32
4.88,-39.04,-43.92,19.52,24.4,-43.92,278.16,122,92.72,73.2,-34.16,-78.08
0,-24.4,-24.4,14.64,9.76,-24.4,268.4,117.12,92.72,78.08,-29.28,-68.32
4.88,-19.52,-24.4,9.76,14.64,-24.4,273.28,107.36,87.84,82.96,-29.28,-63.44
9.76,-14.64,-24.4,4.88,14.64,-19.52,268.4,97.6,92.72,73.2,-29.28,-63.44
0,-4.88,-4.88,4.88,0,-4.88,258.64,87.84,87.84,73.2,-34.16,-63.44
-4.88,4.88,9.76,0,-9.76,4.88,258.64,87.84,92.72,78.08,-29.28,-53.68
0,14.64,14.64,-4.88,-9.76,14.64,248.88,73.2,87.84,73.2,-24.4,-48.8
-4.88,19.52,24.4,-4.88,-14.64,19.52,234.24,68.32,92.72,73.2,-29.28,-43.92
-9.76,34.16,43.92,-9.76,-29.28,39.04,214.72,58.56,92.72,78.08,-24.4,-34.16
-9.76,34.16,43.92,-9.76,-29.28,39.04,195.2,48.8,92.72,73.2,-29.28,-39.04
-9.76,39.04,48.8,-14.64,-29.28,43.92,190.32,43.92,87.84,73.2,-24.4,-39.04
-9.76,43.92,53.68,-14.64,-34.16,48.8,185.44,48.8,87.84,82.96,-29.28,-29.28
-14.64,34.16,48.8,-9.76,-34.16,39.04,170.8,43.92,82.96,73.2,-34.16,-39.04
-14.64,29.28,43.92,-4.88,-29.28,34.16,165.92,39.04,82.96,63.44,-43.92,-39.04
-14.64,29.28,43.92,-4.88,-29.28,34.16,165.92,34.16,82.96,63.44,-39.04,-43.92
-14.64,29.28,43.92,-4.88,-29.28,34.16,151.28,34.16,78.08,63.44,-39.04,-43.92
-4.88,39.04,43.92,-14.64,-24.4,39.04,151.28,34.16,82.96,63.44,-48.8,-43.92
-9.76,34.16,43.92,-9.76,-29.28,39.04,131.76,19.52,73.2,53.68,-53.68,-48.8
-19.52,24.4,43.92,0,-34.16,34.16,126.88,24.4,73.2,48.8,-48.8,-53.68
-14.64,29.28,43.92,-4.88,-29.28,34.16,117.12,19.52,68.32,43.92,-58.56,-58.56
-14.64,24.4,39.04,-4.88,-29.28,29.28,102.48,19.52,68.32,43.92,-58.56,-63.44
0,34.16,34.16,-14.64,-19.52,34.16,102.48,19.52,68.32,48.8,-63.44,-58.56
-4.88,24.4,29.28,-9.76,-19.52,24.4,102.48,24.4,73.2,53.68,-58.56,-53.68
-9.76,14.64,24.4,0,-19.52,19.52,87.84,24.4,73.2,48.8,-58.56,-53.68
-4.88,14.64,19.52,-4.88,-14.64,14.64,82.96,24.4,73.2,48.8,-53.68,-48.8
-9.76,19.52,29.28,-4.88,-19.52,24.4,73.2,24.4,78.08,48.8,-48.8,-43.92
0,19.52,19.52,-9.76,-9.76,19.52,68.32,24.4,82.96,53.68,-48.8,-39.04
4.88,24.4,19.52,-14.64,-9.76,19.52,53.68,19.52,82.96,48.8,-48.8,-39.04
-4.88,19.52,24.4,-4.88,-14.64,19.52,43.92,14.64,78.08,43.92,-48.8,-43.92
4.88,14.64,9.76,-9.76,-4.88,9.76,39.04,19.52,92.72,43.92,-53.68,-39.04
9.76,19.52,9.76,-14.64,0,14.64,29.28,14.64,87.84,39.04,-53.68,-43.92
9.76,9.76,0,-9.76,4.88,4.88,24.4,14.64,92.72,48.8,-58.56,-48.8
4.88,4.88,0,-4.88,0,0,19.52,29.28,97.6,53.68,-53.68,-43.92
4.88,-4.88,-9.76,0,4.88,-9.76,14.64,29.28,102.48,53.68,-53.68,-39.04
0,-9.76,-9.76,4.88,4.88,-9.76,14.64,34.16,102.48,48.8,-53.68,-34.16
4.88,-9.76,-14.64,4.88,9.76,-14.64,14.64,39.04,97.6,48.8,-63.44,-39.04
4.88,-14.64,-19.52,4.88,9.76,-19.52,4.88,34.16,97.6,39.04,-73.2,-39.04
9.76,-9.76,-19.52,0,14.64,-14.64,9.76,34.16,97.6,39.04,-68.32,-43.92
4.88,-19.52,-24.4,9.76,14.64,-24.4,9.76,34.16,92.72,43.92,-63.44,-43.92
-4.88,-19.52,-14.64,14.64,4.88,-19.52,14.64,39.04,97.6,48.8,-63.44,-43.92
4.88,-14.64,-19.52,4.88,9.76,-19.52,9.76,39.04,97.6,43.92,-68.32,-39.04
4.88,-14.64,-19.52,4.88,9.76,-19.52,9.76,43.92,87.84,24.4,-78.08,-43.92
4.88,-19.52,-24.4,9.76,14.64,-24.4,9.76,43.92,92.72,29.28,-78.08,-43.92
0,-24.4,-24.4,14.64,9.76,-24.4,19.52,48.8,102.48,39.04,-73.2,-29.28
-9.76,-34.16,-24.4,24.4,4.88,-29.28,14.64,48.8,102.48,39.04,-73.2,-34.16
0,-24.4,-24.4,14.64,9.76,-24.4,24.4,53.68,112.24,43.92,-63.44,-29.28
-4.88,-24.4,-19.52,14.64,4.88,-24.4,24.4,58.56,117.12,43.92,-68.32,-29.28
-9.76,-34.16,-24.4,24.4,4.88,-29.28,24.4,63.44,122,48.8,-58.56,-34.16
0,-39.04,-39.04,19.52,19.52,-39.04,34.16,73.2,131.76,58.56,-43.92,-24.4
-4.88,-39.04,-34.16,24.4,14.64,-39.04,43.92,78.08,136.64,63.44,-43.92,-24.4
4.88,-24.4,-29.28,9.76,14.64,-29.28,34.16,68.32,126.88,58.56,-48.8,-29.28
9.76,-19.52,-29.28,4.88,19.52,-24.4,43.92,82.96,136.64,63.44,-53.68,-29.28
4.88,-24.4,-29.28,9.76,14.64,-29.28,48.8,82.96,136.64,58.56,-58.56,-29.28
4.88,-24.4,-29.28,9.76,14.64,-29.28,53.68,82.96,146.4,63.44,-53.68,-24.4
4.88,-29.28,-34.16,14.64,19.52,-34.16,63.44,92.72,156.16,68.32,-43.92,-19.52
-4.88,-34.16,-29.28,19.52,9.76,-34.16,68.32,107.36,165.92,78.08,-34.16,-14.64
0,-39.04,-39.04,19.52,19.52,-39.04,87.84,122,175.68,92.72,-24.4,-9.76
-9.76,-48.8,-39.04,29.28,14.64,-43.92,102.48,117.12,175.68,78.08,-39.04,-24.4
-14.64,-48.8,-34.16,34.16,9.76,-43.92,122,126.88,175.68,68.32,-39.04,-29.28
-4.88,-58.56,-53.68,34.16,24.4,-58.56,141.52,141.52,180.56,73.2,-39.04,-24.4
-4.88,-68.32,-63.44,39.04,29.28,-68.32,151.28,156.16,200.08,87.84,-34.16,-29.28
0,-68.32,-68.32,34.16,34.16,-68.32,175.68,195.2,253.76,146.4,9.76,-9.76
0,-68.32,-68.32,34.16,34.16,-68.32,200.08,234.24,346.48,253.76,92.72,34.16
4.88,-68.32,-73.2,34.16,39.04,-73.2,219.6,287.92,453.84,385.52,204.96,107.36
24.4,-58.56,-82.96,19.52,53.68,-73.2,229.36,326.96,536.8,502.64,326.96,200.08
39.04,-48.8,-87.84,4.88,63.44,-68.32,214.72,346.48,566.08,600.24,473.36,336.72
58.56,-19.52,-78.08,-19.52,68.32,-48.8,180.56,326.96,546.56,678.32,629.52,512.4
87.84,4.88,-82.96,-43.92,82.96,-39.04,156.16,336.72,556.32,795.44,849.12,736.88
136.64,19.52,-117.12,-78.08,126.88,-48.8,102.48,317.2,541.68,863.76,1054.08,980.88
185.44,58.56,-126.88,-122,156.16,-34.16,43.92,283.04,502.64,912.56,1239.52,1220
229.36,126.88,-102.48,-175.68,165.92,9.76,-29.28,224.48,444.08,980.88,1444.48,1498.16
283.04,224.48,-58.56,-253.76,170.8,82.96,-112.24,156.16,395.28,1088.24,1673.84,1761.68
307.44,307.44,0,-307.44,151.28,151.28,-170.8,112.24,400.16,1229.76,1898.32,1991.04
317.2,390.4,73.2,-351.36,122,229.36,-214.72,68.32,400.16,1342,2108.16,2196
336.72,473.36,136.64,-405.04,97.6,302.56,-268.4,4.88,370.88,1424.96,2288.72,2391.2
361.12,512.4,151.28,-434.32,102.48,331.84,-287.92,-29.28,351.36,1459.12,2391.2,2522.96
356.24,531.92,175.68,-444.08,87.84,351.36,-292.8,-34.16,366,1507.92,2449.76,2576.64
356.24,556.32,200.08,-453.84,78.08,375.76,-297.68,-43.92,366,1546.96,2479.04,2586.4
331.84,561.2,229.36,-444.08,48.8,395.28,-278.16,-53.68,366,1561.6,2440,2508.32
297.68,536.8,239.12,-414.8,29.28,385.52,-219.6,-34.16,424.56,1590.88,2352.16,2332.64
248.88,527.04,278.16,-385.52,-14.64,400.16,-165.92,-48.8,468.48,1576.24,2205.76,2078.88
180.56,502.64,322.08,-341.6,-73.2,409.92,-102.48,-39.04,507.52,1595.76,2025.2,1703.12
122,429.44,307.44,-273.28,-92.72,366,-4.88,29.28,649.04,1678.72,1830,1239.52
58.56,341.6,283.04,-200.08,-112.24,312.32,117.12,136.64,824.72,1664.08,1522.56,741.76
-19.52,283.04,302.56,-131.76,-161.04,292.8,229.36,195.2,936.96,1439.6,966.24,156.16
-82.96,244,326.96,-78.08,-204.96,283.04,322.08,219.6,1024.8,1132.16,409.92,-331.84
-131.76,229.36,361.12,-48.8,-248.88,292.8,366,214.72,1024.8,805.2,73.2,-541.68
-170.8,200.08,370.88,-14.64,-273.28,283.04,414.8,219.6,1010.16,395.28,-263.52,-644.16
-209.84,170.8,380.64,19.52,-297.68,273.28,463.6,234.24,1029.68,92.72,-546.56,-727.12
-239.12,112.24,351.36,63.44,-297.68,229.36,492.88,268.4,1044.32,-87.84,-741.76,-771.04
-239.12,73.2,312.32,82.96,-278.16,190.32,522.16,292.8,966.24,-224.48,-839.36,-790.56
-244,14.64,258.64,117.12,-253.76,136.64,556.32,322.08,897.92,-302.56,-854,-800.32
-253.76,-43.92,209.84,151.28,-234.24,82.96,585.6,356.24,819.84,-409.92,-893.04,-829.6
-248.88,-87.84,161.04,170.8,-204.96,34.16,619.76,395.28,732,-512.4,-917.44,-839.36
-244,-122,122,185.44,-185.44,0,653.92,419.68,678.32,-585.6,-932.08,-854
-253.76,-146.4,107.36,200.08,-180.56,-19.52,688.08,439.2,663.68,-639.28,-951.6,-868.64
-258.64,-170.8,87.84,214.72,-175.68,-43.92,722.24,448.96,600.24,-692.96,-985.76,-883.28
-273.28,-200.08,73.2,239.12,-175.68,-63.44,756.4,453.84,546.56,-732,-1000.4,-888.16
-273.28,-209.84,63.44,244,-170.8,-73.2,780.8,458.72,483.12,-771.04,-1005.28,-883.28
-273.28,-219.6,53.68,248.88,-165.92,-82.96,810.08,478.24,429.44,-810.08,-1015.04,-873.52
-273.28,-253.76,19.52,263.52,-146.4,-117.12,839.36,522.16,439.2,-814.96,-995.52,-868.64
-268.4,-263.52,4.88,268.4,-136.64,-131.76,878.4,541.68,419.68,-824.72,-990.64,-858.88
-278.16,-283.04,-4.88,283.04,-136.64,-146.4,907.68,531.92,351.36,-844.24,-990.64,-839.36
-283.04,-287.92,-4.88,287.92,-141.52,-146.4,956.48,561.2,351.36,-839.36,-966.24,-834.48
-283.04,-292.8,-9.76,287.92,-136.64,-151.28,990.64,624.64,429.44,-810.08,-951.6,-814.96
-278.16,-287.92,-9.76,283.04,-136.64,-151.28,1024.8,673.44,507.52,-766.16,-907.68,-790.56
-258.64,-263.52,-4.88,263.52,-126.88,-136.64,1024.8,717.36,585.6,-717.36,-863.76,-756.4
-253.76,-253.76,0,253.76,-126.88,-126.88,1029.68,785.68,663.68,-658.8,-824.72,-717.36
-239.12,-234.24,4.88,239.12,-122,-117.12,1015.04,839.36,722.24,-610,-785.68,-678.32
-219.6,-209.84,9.76,214.72,-117.12,-102.48,976,829.6,629.52,-580.72,-741.76,-639.28
-214.72,-185.44,29.28,200.08,-122,-78.08,922.32,780.8,419.68,-590.48,-707.6,-610
-219.6,-165.92,53.68,195.2,-136.64,-58.56,873.52,697.84,234.24,-590.48,-683.2,-585.6
-214.72,-146.4,68.32,180.56,-141.52,-39.04,829.6,649.04,151.28,-566.08,-658.8,-556.32
-209.84,-136.64,73.2,175.68,-141.52,-34.16,790.56,600.24,68.32,-531.92,-629.52,-527.04
-204.96,-117.12,87.84,161.04,-146.4,-14.64,771.04,566.08,-4.88,-517.28,-600.24,-517.28
-195.2,-102.48,92.72,151.28,-146.4,-4.88,722.24,507.52,-92.72,-517.28,-590.48,-507.52
-195.2,-97.6,97.6,146.4,-146.4,0,663.68,448.96,-180.56,-512.4,-566.08,-478.24
-180.56,-82.96,97.6,131.76,-141.52,4.88,600.24,395.28,-253.76,-512.4,-546.56,-458.72
-170.8,-78.08,92.72,126.88,-131.76,4.88,551.44,336.72,-302.56,-502.64,-531.92,-439.2
-165.92,-73.2,92.72,122,-131.76,9.76,502.64,287.92,-326.96,-488,-517.28,-419.68
-151.28,-58.56,92.72,107.36,-122,14.64,473.36,244,-341.6,-473.36,-497.76,-400.16
-146.4,-53.68,92.72,102.48,-122,19.52,434.32,185.44,-356.24,-453.84,-473.36,-385.52
-141.52,-53.68,87.84,97.6,-117.12,14.64,409.92,146.4,-361.12,-439.2,-453.84,-361.12
-126.88,-68.32,58.56,97.6,-92.72,-4.88,375.76,107.36,-370.88,-414.8,-429.44,-346.48
-122,-68.32,53.68,97.6,-87.84,-9.76,341.6,68.32,-385.52,-395.28,-409.92,-336.72
-112.24,-73.2,39.04,92.72,-78.08,-19.52,297.68,34.16,-380.64,-385.52,-395.28,-317.2
-112.24,-82.96,29.28,97.6,-73.2,-29.28,258.64,4.88,-375.76,-361.12,-370.88,-302.56
-102.48,-82.96,19.52,92.72,-63.44,-34.16,224.48,-19.52,-361.12,-336.72,-346.48,-292.8
-87.84,-82.96,4.88,87.84,-48.8,-39.04,185.44,-34.16,-326.96,-297.68,-326.96,-263.52
-87.84,-78.08,9.76,82.96,-48.8,-34.16,161.04,-34.16,-297.68,-268.4,-297.68,-239.12
-68.32,-68.32,0,68.32,-34.16,-34.16,141.52,-39.04,-263.52,-244,-268.4,-214.72
-68.32,-68.32,0,68.32,-34.16,-34.16,136.64,-39.04,-234.24,-219.6,-244,-200.08
-53.68,-73.2,-19.52,63.44,-19.52,-48.8,122,-34.16,-214.72,-204.96,-229.36,-190.32
-39.04,-63.44,-24.4,53.68,-9.76,-43.92,112.24,-24.4,-180.56,-170.8,-214.72,-180.56
-29.28,-73.2,-43.92,53.68,4.88,-58.56,107.36,-9.76,-161.04,-146.4,-190.32,-165.92
-24.4,-78.08,-53.68,53.68,14.64,-68.32,97.6,-4.88,-151.28,-136.64,-180.56,-161.04
-19.52,-92.72,-73.2,58.56,24.4,-82.96,97.6,9.76,-126.88,-117.12,-165.92,-141.52
-24.4,-107.36,-82.96,68.32,29.28,-97.6,92.72,19.52,-117.12,-112.24,-161.04,-136.64
-19.52,-107.36,-87.84,63.44,34.16,-97.6,87.84,19.52,-107.36,-112.24,-161.04,-131.76
-19.52,-107.36,-87.84,63.44,34.16,-97.6,87.84,24.4,-107.36,-117.12,-151.28,-126.88
-9.76,-97.6,-87.84,53.68,39.04,-92.72,82.96,19.52,-117.12,-117.12,-156.16,-122
-9.76,-87.84,-78.08,48.8,34.16,-82.96,73.2,19.52,-117.12,-112.24,-151.28,-122
-9.76,-87.84,-78.08,48.8,34.16,-82.96,63.44,9.76,-126.88,-117.12,-151.28,-122
-4.88,-78.08,-73.2,43.92,34.16,-78.08,63.44,19.52,-126.88,-117.12,-146.4,-122
0,-73.2,-73.2,39.04,34.16,-73.2,78.08,14.64,-131.76,-117.12,-141.52,-112.24
-9.76,-78.08,-68.32,43.92,29.28,-73.2,68.32,9.76,-151.28,-122,-141.52,-107.36
-9.76,-73.2,-63.44,43.92,24.4,-68.32,73.2,4.88,-161.04,-126.88,-141.52,-107.36
-19.52,-68.32,-48.8,43.92,14.64,-58.56,78.08,4.88,-165.92,-131.76,-136.64,-97.6
-19.52,-68.32,-48.8,43.92,14.64,-58.56,78.08,4.88,-165.92,-131.76,-131.76,-92.72
-14.64,-48.8,-34.16,34.16,9.76,-43.92,78.08,0,-170.8,-136.64,-131.76,-92.72
-24.4,-34.16,-9.76,29.28,-9.76,-24.4,68.32,-9.76,-185.44,-141.52,-136.64,-87.84
-24.4,-24.4,0,24.4,-14.64,-14.64,63.44,-14.64,-195.2,-136.64,-136.64,-78.08
-19.52,-14.64,4.88,19.52,-14.64,-4.88,58.56,-29.28,-200.08,-136.64,-122,-73.2
-19.52,-9.76,9.76,14.64,-14.64,0,39.04,-43.92,-224.48,-146.4,-107.36,-73.2
-9.76,0,9.76,4.88,-9.76,4.88,34.16,-48.8,-234.24,-136.64,-87.84,-53.68
-4.88,9.76,14.64,0,-9.76,9.76,19.52,-68.32,-253.76,-136.64,-78.08,-39.04
-4.88,19.52,24.4,-4.88,-14.64,19.52,0,-78.08,-273.28,-136.64,-63.44,-29.28
-9.76,29.28,39.04,-9.76,-24.4,34.16,-9.76,-78.08,-278.16,-126.88,-39.04,-4.88
-9.76,34.16,43.92,-9.76,-29.28,39.04,-19.52,-87.84,-292.8,-122,-29.28,14.64
-4.88,48.8,53.68,-19.52,-29.28,48.8,-39.04,-97.6,-312.32,-122,-9.76,29.28
-4.88,53.68,58.56,-24.4,-34.16,53.68,-39.04,-102.48,-322.08,-117.12,19.52,58.56
-14.64,63.44,78.08,-24.4,-48.8,68.32,-53.68,-126.88,-356.24,-112.24,43.92,82.96
-4.88,73.2,78.08,-34.16,-43.92,73.2,-58.56,-141.52,-375.76,-112.24,63.44,102.48
-4.88,78.08,82.96,-34.16,-43.92,78.08,-73.2,-156.16,-405.04,-117.12,73.2,112.24
0,87.84,87.84,-43.92,-43.92,87.84,-82.96,-165.92,-439.2,-112.24,87.84,122
0,92.72,92.72,-43.92,-48.8,92.72,-92.72,-175.68,-463.6,-112.24,102.48,131.76
4.88,92.72,87.84,-48.8,-43.92,87.84,-112.24,-190.32,-492.88,-122,107.36,141.52
9.76,92.72,82.96,-48.8,-39.04,87.84,-126.88,-209.84,-531.92,-126.88,117.12,151.28
19.52,92.72,73.2,-53.68,-29.28,82.96,-136.64,-224.48,-551.44,-117.12,131.76,170.8
19.52,92.72,73.2,-53.68,-29.28,82.96,-151.28,-229.36,-575.84,-122,141.52,185.44
24.4,107.36,82.96,-63.44,-29.28,92.72,-161.04,-248.88,-595.36,-126.88,151.28,190.32
19.52,112.24,92.72,-63.44,-39.04,102.48,-180.56,-253.76,-624.64,-122,156.16,195.2
24.4,107.36,82.96,-63.44,-29.28,92.72,-190.32,-258.64,-644.16,-126.88,170.8,209.84
29.28,117.12,87.84,-73.2,-29.28,102.48,-190.32,-263.52,-663.68,-126.88,170.8,209.84
24.4,117.12,92.72,-68.32,-34.16,102.48,-195.2,-268.4,-673.44,-122,170.8,209.84
34.16,122,87.84,-78.08,-29.28,102.48,-214.72,-273.28,-688.08,-126.88,165.92,214.72
29.28,122,92.72,-73.2,-34.16,107.36,-234.24,-283.04,-697.84,-131.76,156.16,204.96
39.04,122,82.96,-78.08,-24.4,102.48,-253.76,-283.04,-702.72,-122,151.28,204.96
48.8,122,73.2,-82.96,-14.64,97.6,-258.64,-278.16,-702.72,-117.12,151.28,209.84
53.68,126.88,73.2,-87.84,-9.76,97.6,-263.52,-273.28,-702.72,-126.88,151.28,209.84
48.8,126.88,78.08,-87.84,-14.64,102.48,-253.76,-263.52,-688.08,-122,161.04,214.72
48.8,136.64,87.84,-92.72,-19.52,112.24,-253.76,-253.76,-668.56,-102.48,165.92,219.6
43.92,131.76,87.84,-87.84,-24.4,107.36,-263.52,-253.76,-658.8,-97.6,161.04,204.96
48.8,136.64,87.84,-92.72,-19.52,112.24,-253.76,-234.24,-639.28,-87.84,170.8,204.96
48.8,126.88,78.08,-87.84,-14.64,102.48,-248.88,-229.36,-629.52,-78.08,156.16,200.08
43.92,122,78.08,-82.96,-19.52,97.6,-248.88,-219.6,-614.88,-73.2,146.4,185.44
48.8,126.88,78.08,-87.84,-14.64,102.48,-244,-200.08,-595.36,-68.32,141.52,175.68
53.68,131.76,78.08,-92.72,-14.64,102.48,-244,-175.68,-561.2,-63.44,141.52,170.8
58.56,131.76,73.2,-92.72,-9.76,102.48,-234.24,-165.92,-522.16,-53.68,131.76,165.92
53.68,136.64,82.96,-92.72,-14.64,107.36,-224.48,-141.52,-492.88,-43.92,136.64,161.04
53.68,131.76,78.08,-92.72,-14.64,102.48,-204.96,-112.24,-444.08,-29.28,136.64,161.04
63.44,141.52,78.08,-102.48,-9.76,107.36,-195.2,-92.72,-414.8,-14.64,122,156.16
58.56,131.76,73.2,-92.72,-9.76,102.48,-180.56,-68.32,-375.76,-9.76,107.36,136.64
53.68,122,68.32,-87.84,-9.76,92.72,-165.92,-39.04,-341.6,-4.88,102.48,126.88
58.56,117.12,58.56,-87.84,0,87.84,-151.28,-24.4,-312.32,0,97.6,126.88
48.8,102.48,53.68,-73.2,-4.88,78.08,-136.64,-4.88,-292.8,4.88,82.96,107.36
43.92,97.6,53.68,-68.32,-4.88,73.2,-117.12,14.64,-258.64,14.64,87.84,97.6
39.04,92.72,53.68,-63.44,-9.76,73.2,-92.72,39.04,-229.36,24.4,82.96,92.72
34.16,78.08,43.92,-53.68,-4.88,58.56,-73.2,63.44,-190.32,34.16,63.44,87.84
34.16,73.2,39.04,-53.68,-4.88,53.68,-53.68,87.84,-156.16,43.92,63.44,78.08
34.16,68.32,34.16,-48.8,0,48.8,-29.28,107.36,-131.76,48.8,58.56,73.2
34.16,63.44,29.28,-48.8,0,43.92,-14.64,122,-112.24,53.68,48.8,58.56
34.16,58.56,24.4,-43.92,4.88,39.04,0,146.4,-92.72,58.56,48.8,48.8
34.16,43.92,9.76,-39.04,9.76,24.4,19.52,175.68,-68.32,63.44,53.68,43.92
29.28,39.04,9.76,-34.16,9.76,24.4,34.16,175.68,-58.56,63.44,39.04,29.28
29.28,24.4,-4.88,-24.4,14.64,9.76,58.56,190.32,-43.92,73.2,29.28,19.52
24.4,4.88,-19.52,-14.64,19.52,-9.76,73.2,200.08,-29.28,73.2,24.4,9.76
24.4,9.76,-14.64,-14.64,19.52,-4.88,87.84,214.72,-14.64,82.96,19.52,0
24.4,0,-24.4,-9.76,24.4,-14.64,102.48,229.36,4.88,82.96,9.76,-9.76
19.52,4.88,-14.64,-9.76,14.64,-4.88,122,244,29.28,87.84,14.64,-19.52
24.4,4.88,-19.52,-14.64,19.52,-9.76,136.64,248.88,34.16,82.96,9.76,-24.4
19.52,-9.76,-29.28,-4.88,24.4,-19.52,151.28,253.76,43.92,82.96,-9.76,-34.16
24.4,-9.76,-34.16,-4.88,29.28,-24.4,165.92,263.52,48.8,73.2,-19.52,-39.04
24.4,-9.76,-34.16,-4.88,29.28,-24.4,180.56,278.16,63.44,78.08,-14.64,-43.92
19.52,-9.76,-29.28,-4.88,24.4,-19.52,185.44,278.16,63.44,73.2,-34.16,-58.56
24.4,-9.76,-34.16,-4.88,29.28,-24.4,195.2,278.16,68.32,73.2,-43.92,-73.2
9.76,-14.64,-24.4,4.88,14.64,-19.52,204.96,273.28,68.32,63.44,-48.8,-87.84
4.88,-14.64,-19.52,4.88,9.76,-19.52,219.6,283.04,82.96,68.32,-53.68,-92.72
4.88,-9.76,-14.64,4.88,9.76,-14.64,239.12,292.8,92.72,73.2,-58.56,-97.6
0,-14.64,-14.64,9.76,4.88,-14.64,248.88,287.92,97.6,63.44,-63.44,-102.48
-9.76,-14.64,-4.88,14.64,-4.88,-9.76,273.28,292.8,102.48,58.56,-68.32,-107.36
-4.88,-14.64,-9.76,9.76,0,-14.64,283.04,283.04,97.6,53.68,-82.96,-117.12
-9.76,-19.52,-9.76,14.64,0,-14.64,302.56,287.92,102.48,48.8,-87.84,-122
-9.76,-9.76,0,9.76,-4.88,-4.88,317.2,287.92,107.36,48.8,-97.6,-126.88
-19.52,-14.64,4.88,19.52,-14.64,-4.88,336.72,292.8,112.24,53.68,-102.48,-136.64
-19.52,-19.52,0,19.52,-9.76,-9.76,351.36,283.04,112.24,53.68,-112.24,-141.52
-19.52,-14.64,4.88,19.52,-14.64,-4.88,361.12,273.28,107.36,39.04,-122,-151.28
-29.28,-14.64,14.64,24.4,-24.4,0,375.76,278.16,117.12,39.04,-126.88,-165.92
-24.4,-9.76,14.64,19.52,-19.52,0,390.4,283.04,126.88,39.04,-126.88,-161.04
-24.4,0,24.4,14.64,-24.4,9.76,409.92,278.16,131.76,43.92,-122,-156.16
-34.16,0,34.16,19.52,-34.16,14.64,429.44,273.28,131.76,39.04,-122,-161.04
-24.4,9.76,34.16,9.76,-29.28,19.52,434.32,292.8,146.4,43.92,-122,-161.04
-29.28,0,29.28,14.64,-29.28,14.64,434.32,297.68,156.16,48.8,-117.12,-156.16
-29.28,0,29.28,14.64,-29.28,14.64,424.56,283.04,146.4,48.8,-107.36,-165.92
-34.16,0,34.16,19.52,-34.16,14.64,414.8,273.28,141.52,48.8,-117.12,-161.04
-43.92,0,43.92,24.4,-43.92,19.52,419.68,258.64,136.64,53.68,-117.12,-161.04
-39.04,9.76,48.8,14.64,-43.92,29.28,405.04,258.64,136.64,48.8,-107.36,-161.04
-34.16,24.4,58.56,4.88,-48.8,39.04,400.16,253.76,131.76,53.68,-102.48,-161.04
-34.16,19.52,53.68,9.76,-43.92,34.16,400.16,253.76,136.64,58.56,-107.36,-156.16
-39.04,19.52,58.56,9.76,-48.8,39.04,400.16,248.88,126.88,53.68,-112.24,-161.04
-34.16,19.52,53.68,9.76,-43.92,34.16,395.28,244,126.88,53.68,-107.36,-156.16
-34.16,24.4,58.56,4.88,-48.8,39.04,395.28,248.88,126.88,53.68,-107.36,-156.16
-29.28,29.28,58.56,0,-43.92,43.92,385.52,248.88,126.88,63.44,-97.6,-156.16
-34.16,29.28,63.44,4.88,-48.8,43.92,375.76,244,112.24,68.32,-92.72,-161.04
-34.16,48.8,82.96,-4.88,-58.56,63.44,375.76,239.12,107.36,68.32,-87.84,-161.04
-39.04,43.92,82.96,0,-63.44,63.44,366,234.24,97.6,68.32,-97.6,-165.92
-34.16,39.04,73.2,0,-53.68,53.68,356.24,239.12,87.84,63.44,-92.72,-165.92
-34.16,39.04,73.2,0,-53.68,53.68,356.24,239.12,87.84,73.2,-82.96,-156.16
-34.16,24.4,58.56,4.88,-48.8,39.04,356.24,239.12,92.72,78.08,-78.08,-146.4
-24.4,24.4,48.8,0,-39.04,34.16,351.36,239.12,87.84,78.08,-68.32,-146.4
-19.52,29.28,48.8,-4.88,-34.16,39.04,346.48,244,78.08,78.08,-63.44,-141.52
-29.28,29.28,58.56,0,-43.92,43.92,346.48,253.76,78.08,82.96,-58.56,-141.52
-19.52,34.16,53.68,-4.88,-39.04,43.92,351.36,253.76,78.08,82.96,-53.68,-131.76
-14.64,34.16,48.8,-9.76,-34.16,39.04,351.36,244,68.32,87.84,-43.92,-126.88
-19.52,29.28,48.8,-4.88,-34.16,39.04,336.72,229.36,58.56,82.96,-53.68,-126.88
-14.64,39.04,53.68,-9.76,-34.16,43.92,331.84,229.36,58.56,87.84,-48.8,-131.76
-19.52,39.04,58.56,-9.76,-39.04,48.8,331.84,229.36,53.68,92.72,-43.92,-126.88
-14.64,48.8,63.44,-14.64,-39.04,53.68,331.84,224.48,43.92,92.72,-34.16,-122
-4.88,53.68,58.56,-24.4,-34.16,53.68,331.84,224.48,48.8,97.6,-29.28,-122
-4.88,53.68,58.56,-24.4,-34.16,53.68,322.08,219.6,43.92,97.6,-29.28,-122
0,43.92,43.92,-19.52,-24.4,43.92,312.32,219.6,53.68,97.6,-24.4,-107.36
0,19.52,19.52,-9.76,-9.76,19.52,312.32,219.6,58.56,107.36,-14.64,-102.48
0,0,0,0,0,0,302.56,234.24,68.32,112.24,-9.76,-97.6
4.88,-4.88,-9.76,0,4.88,-9.76,302.56,244,63.44,117.12,0,-87.84
0,-9.76,-9.76,4.88,4.88,-9.76,292.8,239.12,53.68,107.36,-9.76,-87.84
4.88,-9.76,-14.64,4.88,9.76,-14.64,278.16,234.24,39.04,92.72,-19.52,-97.6
0,0,0,0,0,0,283.04,229.36,48.8,97.6,-14.64,-82.96
-4.88,-9.76,-4.88,9.76,0,-9.76,287.92,239.12,53.68,97.6,-9.76,-58.56
4.88,-24.4,-29.28,9.76,14.64,-29.28,292.8,239.12,68.32,102.48,-9.76,-53.68
0,-34.16,-34.16,19.52,14.64,-34.16,283.04,239.12,73.2,97.6,-9.76,-58.56
4.88,-43.92,-48.8,19.52,24.4,-48.8,273.28,248.88,87.84,107.36,-4.88,-48.8
9.76,-39.04,-48.8,14.64,29.28,-43.92,278.16,248.88,87.84,107.36,-4.88,-53.68
9.76,-48.8,-58.56,19.52,34.16,-53.68,278.16,253.76,87.84,107.36,-4.88,-48.8
9.76,-43.92,-53.68,19.52,29.28,-48.8,263.52,248.88,82.96,102.48,-9.76,-58.56
9.76,-43.92,-53.68,19.52,29.28,-48.8,248.88,244,87.84,97.6,-9.76,-43.92
-4.88,-53.68,-48.8,29.28,19.52,-53.68,244,244,92.72,97.6,-14.64,-43.92
9.76,-43.92,-53.68,19.52,29.28,-48.8,234.24,234.24,92.72,92.72,-24.4,-48.8
9.76,-48.8,-58.56,19.52,34.16,-53.68,239.12,239.12,97.6,82.96,-24.4,-53.68
9.76,-58.56,-68.32,24.4,39.04,-63.44,239.12,234.24,102.48,82.96,-29.28,-48.8
9.76,-58.56,-68.32,24.4,39.04,-63.44,229.36,224.48,102.48,82.96,-34.16,-53.68
0,-63.44,-63.44,34.16,29.28,-63.44,219.6,214.72,102.48,68.32,-43.92,-58.56
9.76,-53.68,-63.44,24.4,34.16,-58.56,209.84,209.84,97.6,68.32,-39.04,-58.56
4.88,-58.56,-63.44,29.28,34.16,-63.44,200.08,204.96,112.24,73.2,-43.92,-58.56
-4.88,-73.2,-68.32,39.04,29.28,-73.2,190.32,195.2,97.6,63.44,-53.68,-68.32
-4.88,-78.08,-73.2,43.92,34.16,-78.08,185.44,180.56,102.48,58.56,-58.56,-68.32
-9.76,-92.72,-82.96,53.68,34.16,-87.84,180.56,165.92,97.6,63.44,-63.44,-68.32
-9.76,-112.24,-102.48,63.44,43.92,-107.36,165.92,156.16,97.6,53.68,-68.32,-73.2
-9.76,-117.12,-107.36,63.44,48.8,-112.24,156.16,151.28,92.72,48.8,-68.32,-78.08
-14.64,-131.76,-117.12,73.2,48.8,-126.88,141.52,141.52,92.72,34.16,-78.08,-78.08
-9.76,-126.88,-117.12,68.32,53.68,-122,131.76,136.64,92.72,19.52,-73.2,-78.08
-9.76,-112.24,-102.48,63.44,43.92,-107.36,122,126.88,97.6,9.76,-82.96,-78.08
-4.88,-102.48,-97.6,53.68,43.92,-102.48,107.36,117.12,87.84,0,-92.72,-87.84
0,-97.6,-97.6,48.8,48.8,-97.6,97.6,112.24,78.08,-4.88,-92.72,-92.72
-4.88,-102.48,-97.6,53.68,43.92,-102.48,87.84,87.84,58.56,-39.04,-122,-112.24
-14.64,-112.24,-97.6,63.44,39.04,-107.36,82.96,78.08,48.8,-58.56,-151.28,-131.76
-4.88,-122,-117.12,63.44,53.68,-122,82.96,68.32,48.8,-82.96,-165.92,-151.28
-14.64,-146.4,-131.76,82.96,58.56,-141.52,82.96,82.96,82.96,-68.32,-156.16,-146.4
-14.64,-156.16,-141.52,87.84,63.44,-151.28,87.84,102.48,131.76,-19.52,-117.12,-126.88
-24.4,-170.8,-146.4,97.6,58.56,-161.04,107.36,126.88,219.6,87.84,-34.16,-73.2
-24.4,-180.56,-156.16,102.48,63.44,-170.8,107.36,165.92,307.44,195.2,73.2,-4.88
-19.52,-180.56,-161.04,102.48,68.32,-170.8,97.6,190.32,380.64,302.56,190.32,87.84
0,-161.04,-161.04,82.96,78.08,-161.04,82.96,195.2,424.56,405.04,356.24,239.12
43.92,-122,-165.92,39.04,102.48,-146.4,48.8,195.2,439.2,502.64,536.8,439.2
82.96,-92.72,-175.68,4.88,126.88,-136.64,0,185.44,439.2,614.88,771.04,683.2
122,-63.44,-185.44,-29.28,151.28,-126.88,-68.32,156.16,409.92,688.08,966.24,932.08
170.8,0,-170.8,-82.96,170.8,-87.84,-156.16,102.48,366,727.12,1146.8,1180.96
219.6,97.6,-122,-156.16,170.8,-14.64,-268.4,14.64,292.8,780.8,1342,1449.36
244,195.2,-48.8,-219.6,146.4,73.2,-346.48,-53.68,283.04,917.44,1581.12,1712.88
263.52,278.16,14.64,-268.4,122,146.4,-409.92,-97.6,317.2,1058.96,1815.36,1937.36
278.16,351.36,73.2,-312.32,102.48,209.84,-483.12,-156.16,312.32,1161.44,2010.56,2152.08
297.68,405.04,107.36,-351.36,92.72,253.76,-546.56,-200.08,307.44,1254.16,2181.36,2337.52
331.84,439.2,107.36,-385.52,112.24,273.28,-595.36,-214.72,336.72,1312.72,2274.08,2430.24
322.08,448.96,126.88,-385.52,97.6,287.92,-600.24,-214.72,375.76,1381.04,2327.76,2459.52
307.44,458.72,151.28,-380.64,78.08,302.56,-595.36,-200.08,414.8,1449.36,2366.8,2440
278.16,444.08,165.92,-361.12,53.68,302.56,-575.84,-200.08,473.36,1498.16,2313.12,2298.48
214.72,414.8,200.08,-312.32,4.88,307.44,-536.8,-195.2,546.56,1532.32,2196,2093.52
165.92,414.8,248.88,-287.92,-43.92,331.84,-502.64,-200.08,590.48,1498.16,2000.8,1737.28
102.48,375.76,273.28,-239.12,-87.84,322.08,-458.72,-180.56,649.04,1551.84,1825.12,1302.96
39.04,292.8,253.76,-165.92,-107.36,273.28,-370.88,-126.88,785.68,1590.88,1571.36,800.32
-34.16,209.84,244,-87.84,-141.52,224.48,-273.28,-53.68,927.2,1468.88,1098,204.96
-107.36,161.04,268.4,-24.4,-190.32,214.72,-190.32,-9.76,1010.16,1234.64,551.44,-361.12
-151.28,146.4,297.68,4.88,-224.48,219.6,-146.4,-19.52,1015.04,956.48,161.04,-668.56
-185.44,141.52,326.96,24.4,-258.64,234.24,-126.88,-48.8,976,585.6,-190.32,-790.56
-229.36,112.24,341.6,58.56,-287.92,224.48,-87.84,-39.04,980.88,195.2,-522.16,-854
-253.76,68.32,322.08,92.72,-287.92,195.2,-48.8,-14.64,1005.28,-29.28,-732,-883.28
-258.64,-4.88,253.76,131.76,-258.64,122,-29.28,9.76,976,-214.72,-893.04,-897.92
-263.52,-53.68,209.84,161.04,-239.12,78.08,-24.4,14.64,893.04,-356.24,-956.48,-907.68
-268.4,-117.12,151.28,195.2,-209.84,14.64,0,39.04,834.48,-448.96,-976,-902.8
-273.28,-170.8,102.48,224.48,-190.32,-34.16,4.88,58.56,741.76,-590.48,-1015.04,-912.56
-263.52,-200.08,63.44,234.24,-165.92,-68.32,19.52,82.96,683.2,-692.96,-1044.32,-907.68
-268.4,-224.48,43.92,248.88,-156.16,-92.72,39.04,97.6,658.8,-775.92,-1073.6,-922.32
-278.16,-244,34.16,263.52,-156.16,-107.36,58.56,112.24,634.4,-834.48,-1093.12,-936.96
-273.28,-244,29.28,258.64,-151.28,-107.36,68.32,107.36,546.56,-897.92,-1122.4,-941.84
-283.04,-253.76,29.28,268.4,-156.16,-112.24,73.2,107.36,488,-946.72,-1137.04,-941.84
-283.04,-258.64,24.4,273.28,-156.16,-117.12,68.32,97.6,400.16,-1005.28,-1156.56,-946.72
-283.04,-273.28,9.76,278.16,-146.4,-131.76,102.48,122,336.72,-1063.84,-1171.2,-956.48
-292.8,-292.8,0,292.8,-146.4,-146.4,131.76,151.28,312.32,-1102.88,-1176.08,-956.48
-292.8,-292.8,0,292.8,-146.4,-146.4,165.92,165.92,307.44,-1098,-1161.44,-936.96
-292.8,-307.44,-14.64,302.56,-141.52,-161.04,180.56,165.92,278.16,-1098,-1141.92,-912.56
-302.56,-312.32,-9.76,307.44,-146.4,-161.04,200.08,190.32,312.32,-1063.84,-1098,-878.4
-297.68,-297.68,0,297.68,-151.28,-151.28,219.6,234.24,385.52,-1010.16,-1054.08,-839.36
-292.8,-283.04,9.76,287.92,-151.28,-136.64,234.24,244,414.8,-985.76,-1024.8,-810.08
-292.8,-297.68,-4.88,297.68,-146.4,-151.28,253.76,278.16,429.44,-971.12,-1000.4,-785.68
-287.92,-302.56,-14.64,297.68,-136.64,-161.04,278.16,346.48,473.36,-946.72,-971.12,-761.28
-287.92,-292.8,-4.88,292.8,-141.52,-151.28,283.04,385.52,473.36,-936.96,-946.72,-741.76
-283.04,-258.64,24.4,273.28,-156.16,-117.12,302.56,380.64,414.8,-922.32,-922.32,-702.72
-278.16,-234.24,43.92,258.64,-161.04,-97.6,278.16,336.72,307.44,-912.56,-897.92,-673.44
-268.4,-200.08,68.32,234.24,-170.8,-68.32,248.88,273.28,214.72,-883.28,-868.64,-644.16
-253.76,-165.92,87.84,209.84,-170.8,-39.04,214.72,244,204.96,-834.48,-824.72,-619.76
-253.76,-151.28,102.48,204.96,-180.56,-24.4,180.56,209.84,170.8,-819.84,-805.2,-590.48
-258.64,-141.52,117.12,200.08,-190.32,-14.64,156.16,156.16,39.04,-829.6,-795.44,-575.84
-268.4,-136.64,131.76,204.96,-200.08,-4.88,161.04,112.24,-82.96,-844.24,-790.56,-566.08
-258.64,-141.52,117.12,200.08,-190.32,-14.64,126.88,68.32,-190.32,-849.12,-785.68,-566.08
-253.76,-136.64,117.12,195.2,-185.44,-9.76,82.96,24.4,-258.64,-834.48,-756.4,-541.68
-258.64,-146.4,112.24,204.96,-185.44,-19.52,43.92,-53.68,-312.32,-814.96,-736.88,-522.16
-263.52,-131.76,131.76,200.08,-200.08,0,-14.64,-122,-356.24,-805.2,-717.36,-497.76
-258.64,-117.12,141.52,190.32,-200.08,9.76,-63.44,-195.2,-395.28,-790.56,-697.84,-473.36
-253.76,-102.48,151.28,180.56,-204.96,24.4,-131.76,-273.28,-424.56,-766.16,-668.56,-453.84
-239.12,-87.84,151.28,165.92,-195.2,29.28,-204.96,-341.6,-439.2,-732,-624.64,-419.68
-214.72,-78.08,136.64,146.4,-175.68,29.28,-273.28,-390.4,-444.08,-702.72,-600.24,-395.28
-204.96,-82.96,122,146.4,-165.92,19.52,-302.56,-444.08,-458.72,-697.84,-580.72,-390.4
-200.08,-68.32,131.76,136.64,-165.92,29.28,-326.96,-497.76,-483.12,-688.08,-585.6,-380.64
-185.44,-63.44,122,126.88,-156.16,29.28,-375.76,-536.8,-497.76,-678.32,-570.96,-366
-170.8,-58.56,112.24,117.12,-141.52,24.4,-414.8,-575.84,-492.88,-658.8,-536.8,-346.48
-170.8,-68.32,102.48,122,-136.64,14.64,-453.84,-595.36,-488,-639.28,-517.28,-326.96
-180.56,-82.96,97.6,131.76,-141.52,4.88,-483.12,-605.12,-473.36,-614.88,-488,-287.92
-156.16,-92.72,63.44,126.88,-112.24,-14.64,-512.4,-600.24,-439.2,-585.6,-458.72,-258.64
-151.28,-87.84,63.44,122,-107.36,-14.64,-536.8,-605.12,-400.16,-561.2,-439.2,-234.24
-146.4,-87.84,58.56,117.12,-102.48,-14.64,-566.08,-605.12,-370.88,-527.04,-409.92,-224.48
-122,-73.2,48.8,97.6,-87.84,-14.64,-590.48,-600.24,-341.6,-463.6,-390.4,-195.2
-117.12,-87.84,29.28,102.48,-73.2,-29.28,-619.76,-595.36,-312.32,-434.32,-366,-175.68
-117.12,-97.6,19.52,107.36,-68.32,-39.04,-629.52,-580.72,-287.92,-409.92,-336.72,-151.28
-107.36,-107.36,0,107.36,-53.68,-53.68,-644.16,-575.84,-273.28,-390.4,-317.2,-131.76
-107.36,-107.36,0,107.36,-53.68,-53.68,-658.8,-570.96,-263.52,-385.52,-307.44,-122
-112.24,-97.6,14.64,107.36,-63.44,-43.92,-668.56,-580.72,-258.64,-380.64,-297.68,-112.24
-107.36,-73.2,34.16,92.72,-73.2,-19.52,-688.08,-590.48,-268.4,-395.28,-302.56,-112.24
-112.24,-58.56,53.68,87.84,-82.96,-4.88,-692.96,-600.24,-273.28,-395.28,-302.56,-112.24
-112.24,-43.92,68.32,78.08,-92.72,9.76,-717.36,-610,-278.16,-405.04,-307.44,-117.12
-117.12,-43.92,73.2,82.96,-97.6,14.64,-732,-624.64,-287.92,-405.04,-307.44,-117.12
-112.24,-39.04,73.2,78.08,-92.72,14.64,-746.64,-629.52,-287.92,-380.64,-302.56,-107.36
-102.48,-34.16,68.32,68.32,-87.84,14.64,-766.16,-634.4,-292.8,-370.88,-292.8,-97.6
-107.36,-24.4,82.96,68.32,-97.6,29.28,-771.04,-629.52,-297.68,-356.24,-273.28,-87.84
-92.72,-9.76,82.96,53.68,-87.84,34.16,-785.68,-629.52,-297.68,-351.36,-258.64,-63.44
-92.72,-19.52,73.2,58.56,-82.96,24.4,-785.68,-624.64,-302.56,-341.6,-239.12,-43.92
-92.72,-9.76,82.96,53.68,-87.84,34.16,-819.84,-644.16,-317.2,-346.48,-229.36,-43.92
-92.72,4.88,97.6,43.92,-97.6,48.8,-834.48,-649.04,-331.84,-351.36,-224.48,-34.16
-92.72,14.64,107.36,39.04,-102.48,58.56,-839.36,-658.8,-336.72,-356.24,-224.48,-24.4
-92.72,9.76,102.48,43.92,-97.6,53.68,-849.12,-663.68,-356.24,-356.24,-209.84,-14.64
-87.84,-4.88,82.96,48.8,-87.84,39.04,-854,-673.44,-366,-361.12,-195.2,0
-87.84,-9.76,78.08,48.8,-82.96,34.16,-863.76,-688.08,-385.52,-366,-175.68,29.28
-78.08,-4.88,73.2,43.92,-78.08,34.16,-873.52,-692.96,-405.04,-361.12,-161.04,43.92
-82.96,4.88,87.84,39.04,-87.84,43.92,-897.92,-707.6,-434.32,-370.88,-146.4,53.68
-82.96,4.88,87.84,39.04,-87.84,43.92,-927.2,-727.12,-478.24,-385.52,-131.76,73.2
-73.2,24.4,97.6,24.4,-87.84,58.56,-936.96,-746.64,-492.88,-375.76,-107.36,87.84
-68.32,29.28,97.6,19.52,-82.96,63.44,-966.24,-761.28,-522.16,-375.76,-87.84,112.24
-68.32,34.16,102.48,19.52,-87.84,68.32,-976,-766.16,-536.8,-366,-63.44,136.64
-63.44,39.04,102.48,14.64,-82.96,68.32,-985.76,-771.04,-556.32,-361.12,-43.92,156.16
-58.56,39.04,97.6,9.76,-78.08,68.32,-995.52,-775.92,-575.84,-356.24,-14.64,175.68
-48.8,43.92,92.72,4.88,-73.2,68.32,-1019.92,-785.68,-590.48,-356.24,24.4,200.08
-48.8,24.4,73.2,14.64,-63.44,48.8,-1039.44,-800.32,-619.76,-356.24,43.92,224.48
-43.92,19.52,63.44,14.64,-53.68,39.04,-1058.96,-810.08,-644.16,-346.48,58.56,244
-39.04,39.04,78.08,0,-58.56,58.56,-1088.24,-819.84,-668.56,-351.36,68.32,253.76
-34.16,34.16,68.32,0,-53.68,48.8,-1107.76,-839.36,-697.84,-361.12,68.32,263.52
-29.28,29.28,58.56,0,-43.92,43.92,-1127.28,-844.24,-717.36,-361.12,78.08,263.52
-29.28,24.4,53.68,4.88,-43.92,39.04,-1137.04,-839.36,-722.24,-346.48,87.84,278.16
-24.4,29.28,53.68,0,-39.04,39.04,-1156.56,-858.88,-736.88,-361.12,82.96,283.04
-14.64,48.8,63.44,-14.64,-39.04,53.68,-1161.44,-858.88,-741.76,-356.24,92.72,297.68
-9.76,63.44,73.2,-24.4,-43.92,68.32,-1180.96,-878.4,-756.4,-356.24,87.84,297.68
-9.76,78.08,87.84,-34.16,-48.8,82.96,-1215.12,-902.8,-775.92,-375.76,73.2,287.92
-4.88,107.36,112.24,-48.8,-58.56,107.36,-1239.52,-907.68,-790.56,-380.64,68.32,278.16
-9.76,117.12,126.88,-53.68,-68.32,122,-1254.16,-912.56,-785.68,-370.88,68.32,268.4
-9.76,136.64,146.4,-63.44,-78.08,141.52,-1268.8,-922.32,-790.56,-366,58.56,258.64
-9.76,131.76,141.52,-58.56,-78.08,136.64,-1268.8,-922.32,-780.8,-366,53.68,253.76
-4.88,107.36,112.24,-48.8,-58.56,107.36,-1259.04,-897.92,-746.64,-336.72,68.32,263.52
4.88,102.48,97.6,-53.68,-48.8,97.6,-1259.04,-888.16,-727.12,-307.44,82.96,268.4
4.88,92.72,87.84,-48.8,-43.92,87.84,-1268.8,-888.16,-707.6,-287.92,87.84,283.04
4.88,87.84,82.96,-43.92,-39.04,82.96,-1273.68,-888.16,-688.08,-263.52,87.84,297.68
9.76,87.84,78.08,-48.8,-34.16,82.96,-1268.8,-883.28,-663.68,-248.88,97.6,302.56
4.88,87.84,82.96,-43.92,-39.04,82.96,-1283.44,-883.28,-649.04,-248.88,82.96,292.8
4.88,92.72,87.84,-48.8,-43.92,87.84,-1278.56,-878.4,-634.4,-239.12,73.2,278.16
19.52,112.24,92.72,-63.44,-39.04,102.48,-1283.44,-863.76,-610,-229.36,68.32,263.52
9.76,122,112.24,-63.44,-53.68,117.12,-1293.2,-858.88,-590.48,-224.48,53.68,248.88
9.76,122,112.24,-63.44,-53.68,117.12,-1283.44,-849.12,-556.32,-204.96,48.8,253.76
4.88,117.12,112.24,-58.56,-53.68,112.24,-1273.68,-829.6,-522.16,-180.56,58.56,244
4.88,117.12,112.24,-58.56,-53.68,112.24,-1263.92,-814.96,-488,-161.04,58.56,234.24
9.76,112.24,102.48,-58.56,-48.8,107.36,-1249.28,-790.56,-434.32,-131.76,68.32,248.88
4.88,92.72,87.84,-48.8,-43.92,87.84,-1249.28,-771.04,-400.16,-112.24,73.2,248.88
0,87.84,87.84,-43.92,-43.92,87.84,-1239.52,-756.4,-366,-97.6,73.2,244
4.88,87.84,82.96,-43.92,-39.04,82.96,-1224.88,-736.88,-331.84,-82.96,68.32,239.12
4.88,97.6,92.72,-48.8,-43.92,92.72,-1215.12,-732,-302.56,-87.84,53.68,219.6
4.88,97.6,92.72,-48.8,-43.92,92.72,-1200.48,-712.48,-268.4,-73.2,53.68,209.84
-4.88,87.84,92.72,-39.04,-48.8,87.84,-1185.84,-692.96,-253.76,-63.44,43.92,200.08
0,78.08,78.08,-39.04,-39.04,78.08,-1176.08,-673.44,-224.48,-58.56,43.92,195.2
0,73.2,73.2,-34.16,-39.04,73.2,-1151.68,-663.68,-195.2,-53.68,39.04,180.56
-9.76,63.44,73.2,-24.4,-43.92,68.32,-1146.8,-658.8,-175.68,-43.92,29.28,170.8
-9.76,68.32,78.08,-29.28,-43.92,73.2,-1137.04,-639.28,-146.4,-39.04,34.16,175.68
-9.76,58.56,68.32,-24.4,-39.04,63.44,-1122.4,-624.64,-122,-24.4,29.28,165.92
-24.4,58.56,82.96,-14.64,-53.68,68.32,-1107.76,-605.12,-97.6,-19.52,24.4,156.16
-19.52,58.56,78.08,-19.52,-48.8,68.32,-1093.12,-595.36,-73.2,-9.76,24.4,161.04
-19.52,48.8,68.32,-14.64,-43.92,58.56,-1073.6,-585.6,-48.8,0,24.4,161.04
-19.52,48.8,68.32,-14.64,-43.92,58.56,-1049.2,-570.96,-34.16,4.88,19.52,156.16
-14.64,48.8,63.44,-14.64,-39.04,53.68,-1029.68,-561.2,-24.4,14.64,24.4,151.28
-29.28,43.92,73.2,-4.88,-53.68,58.56,-1024.8,-551.44,-9.76,14.64,9.76,141.52
-24.4,43.92,68.32,-9.76,-48.8,53.68,-995.52,-546.56,4.88,19.52,14.64,136.64
-29.28,48.8,78.08,-9.76,-53.68,63.44,-980.88,-546.56,19.52,24.4,4.88,122
-43.92,48.8,92.72,0,-68.32,68.32,-976,-551.44,24.4,14.64,-9.76,112.24
-43.92,63.44,107.36,-9.76,-78.08,82.96,-961.36,-556.32,24.4,4.88,-29.28,97.6
-53.68,63.44,117.12,-4.88,-87.84,87.84,-956.48,-561.2,29.28,-4.88,-39.04,87.84
-63.44,82.96,146.4,-9.76,-107.36,112.24,-951.6,-561.2,48.8,4.88,-43.92,82.96
-53.68,97.6,151.28,-19.52,-102.48,122,-946.72,-566.08,63.44,4.88,-53.68,73.2
-63.44,97.6,161.04,-14.64,-112.24,126.88,-927.2,-556.32,73.2,9.76,-58.56,63.44
-58.56,97.6,156.16,-19.52,-107.36,126.88,-922.32,-551.44,73.2,4.88,-63.44,48.8
-63.44,82.96,146.4,-9.76,-107.36,112.24,-917.44,-551.44,78.08,4.88,-73.2,48.8
-63.44,73.2,136.64,-4.88,-102.48,102.48,-912.56,-546.56,73.2,9.76,-82.96,34.16
-58.56,78.08,136.64,-9.76,-97.6,107.36,-893.04,-546.56,87.84,14.64,-82.96,29.28
-68.32,73.2,141.52,0,-107.36,107.36,-888.16,-541.68,87.84,0,-92.72,24.4
-73.2,73.2,146.4,0,-112.24,107.36,-888.16,-551.44,78.08,-9.76,-107.36,9.76
-78.08,68.32,146.4,4.88,-112.24,107.36,-878.4,-546.56,82.96,-14.64,-112.24,4.88
-78.08,68.32,146.4,4.88,-112.24,107.36,-868.64,-556.32,82.96,-24.4,-126.88,-4.88
-73.2,73.2,146.4,0,-112.24,107.36,-863.76,-551.44,82.96,-29.28,-126.88,-4.88
-73.2,82.96,156.16,-4.88,-117.12,117.12,-863.76,-551.44,78.08,-29.28,-136.64,-14.64
-78.08,78.08,156.16,0,-117.12,117.12,-863.76,-566.08,58.56,-43.92,-151.28,-34.16
-78.08,73.2,151.28,4.88,-117.12,112.24,-849.12,-551.44,58.56,-48.8,-151.28,-29.28
-87.84,68.32,156.16,9.76,-122,112.24,-839.36,-551.44,43.92,-53.68,-161.04,-34.16
-87.84,63.44,151.28,14.64,-122,107.36,-834.48,-546.56,39.04,-58.56,-161.04,-34.16
-82.96,63.44,146.4,9.76,-117.12,102.48,-839.36,-546.56,39.04,-68.32,-165.92,-39.04
-92.72,53.68,146.4,19.52,-122,97.6,-824.72,-531.92,43.92,-68.32,-165.92,-34.16
-87.84,48.8,136.64,19.52,-112.24,92.72,-819.84,-522.16,43.92,-68.32,-165.92,-39.04
-78.08,43.92,122,19.52,-102.48,82.96,-829.6,-536.8,34.16,-87.84,-190.32,-48.8
-92.72,34.16,126.88,29.28,-112.24,78.08,-814.96,-522.16,34.16,-87.84,-180.56,-43.92
-102.48,34.16,136.64,34.16,-122,82.96,-800.32,-507.52,39.04,-78.08,-175.68,-43.92
-102.48,19.52,122,43.92,-112.24,68.32,-800.32,-502.64,34.16,-78.08,-170.8,-43.92
-92.72,19.52,112.24,39.04,-102.48,63.44,-800.32,-507.52,29.28,-82.96,-175.68,-48.8
-87.84,19.52,107.36,34.16,-97.6,63.44,-785.68,-492.88,34.16,-78.08,-165.92,-39.04
-92.72,14.64,107.36,39.04,-102.48,58.56,-785.68,-488,29.28,-78.08,-156.16,-39.04
-82.96,19.52,102.48,34.16,-92.72,58.56,-775.92,-483.12,29.28,-73.2,-151.28,-29.28
-87.84,19.52,107.36,34.16,-97.6,63.44,-780.8,-478.24,24.4,-78.08,-156.16,-29.28
-92.72,14.64,107.36,39.04,-102.48,58.56,-766.16,-468.48,29.28,-73.2,-146.4,-24.4
-78.08,29.28,107.36,24.4,-92.72,68.32,-761.28,-473.36,24.4,-78.08,-151.28,-19.52
-78.08,24.4,102.48,29.28,-92.72,63.44,-756.4,-473.36,14.64,-82.96,-151.28,-24.4
-82.96,24.4,107.36,29.28,-97.6,63.44,-746.64,-468.48,14.64,-78.08,-146.4,-19.52
-82.96,19.52,102.48,34.16,-92.72,58.56,-746.64,-463.6,9.76,-73.2,-136.64,-14.64
-87.84,9.76,97.6,39.04,-92.72,53.68,-736.88,-458.72,9.76,-78.08,-141.52,-14.64
-82.96,14.64,97.6,34.16,-92.72,53.68,-727.12,-444.08,4.88,-68.32,-131.76,-14.64
-82.96,19.52,102.48,34.16,-92.72,58.56,-722.24,-439.2,4.88,-73.2,-136.64,-9.76
-82.96,24.4,107.36,29.28,-97.6,63.44,-707.6,-424.56,4.88,-68.32,-131.76,0
-73.2,19.52,92.72,29.28,-82.96,53.68,-707.6,-424.56,4.88,-68.32,-126.88,-4.88
-82.96,9.76,92.72,39.04,-87.84,48.8,-692.96,-409.92,9.76,-63.44,-122,-4.88
-78.08,24.4,102.48,29.28,-92.72,63.44,-683.2,-400.16,4.88,-68.32,-126.88,0
-73.2,24.4,97.6,24.4,-87.84,58.56,-668.56,-400.16,0,-63.44,-126.88,0
-73.2,19.52,92.72,29.28,-82.96,53.68,-663.68,-385.52,0,-63.44,-126.88,-9.76
-68.32,14.64,82.96,29.28,-78.08,48.8,-653.92,-370.88,4.88,-63.44,-117.12,-4.88
-73.2,9.76,82.96,34.16,-78.08,43.92,-649.04,-370.88,0,-68.32,-122,-9.76
-73.2,0,73.2,39.04,-73.2,34.16,-634.4,-356.24,4.88,-63.44,-112.24,-9.76
-73.2,4.88,78.08,34.16,-78.08,39.04,-624.64,-351.36,0,-63.44,-122,-14.64
-82.96,-4.88,78.08,43.92,-82.96,34.16,-605.12,-341.6,9.76,-53.68,-112.24,-4.88
-78.08,-4.88,73.2,43.92,-78.08,34.16,-595.36,-331.84,19.52,-53.68,-107.36,0
-73.2,-9.76,63.44,43.92,-68.32,24.4,-570.96,-312.32,29.28,-43.92,-97.6,4.88
-68.32,-9.76,58.56,39.04,-63.44,24.4,-561.2,-297.68,34.16,-43.92,-97.6,4.88
-53.68,-4.88,48.8,29.28,-53.68,19.52,-541.68,-278.16,39.04,-34.16,-92.72,4.88
-53.68,-9.76,43.92,34.16,-48.8,14.64,-531.92,-273.28,48.8,-34.16,-92.72,-9.76
-58.56,-19.52,39.04,39.04,-48.8,9.76,-512.4,-263.52,48.8,-29.28,-92.72,-9.76
-53.68,-34.16,19.52,43.92,-39.04,-9.76,-502.64,-248.88,48.8,-34.16,-92.72,-14.64
-63.44,-53.68,9.76,58.56,-39.04,-24.4,-478.24,-229.36,48.8,-29.28,-82.96,-9.76
-58.56,-53.68,4.88,58.56,-34.16,-24.4,-468.48,-219.6,53.68,-34.16,-87.84,-19.52
-58.56,-63.44,-4.88,63.44,-29.28,-34.16,-448.96,-209.84,63.44,-29.28,-87.84,-9.76
-63.44,-73.2,-9.76,68.32,-29.28,-43.92,-434.32,-200.08,58.56,-34.16,-87.84,-14.64
-58.56,-73.2,-14.64,68.32,-24.4,-43.92,-409.92,-180.56,68.32,-29.28,-87.84,-14.64
-53.68,-68.32,-14.64,63.44,-19.52,-43.92,-400.16,-175.68,63.44,-39.04,-107.36,-19.52
-48.8,-68.32,-19.52,58.56,-14.64,-43.92,-385.52,-165.92,63.44,-39.04,-102.48,-24.4
-43.92,-53.68,-9.76,48.8,-19.52,-34.16,-370.88,-161.04,58.56,-39.04,-112.24,-43.92
-43.92,-58.56,-14.64,53.68,-14.64,-39.04,-370.88,-156.16,53.68,-43.92,-117.12,-48.8
-34.16,-53.68,-19.52,43.92,-9.76,-39.04,-346.48,-146.4,53.68,-43.92,-117.12,-48.8
-34.16,-48.8,-14.64,43.92,-9.76,-34.16,-326.96,-131.76,58.56,-34.16,-102.48,-48.8
-39.04,-48.8,-9.76,43.92,-14.64,-29.28,-307.44,-126.88,58.56,-43.92,-107.36,-48.8
-29.28,-53.68,-24.4,43.92,-4.88,-39.04,-287.92,-122,53.68,-43.92,-102.48,-39.04
-39.04,-63.44,-24.4,53.68,-9.76,-43.92,-268.4,-122,43.92,-53.68,-112.24,-53.68
-39.04,-68.32,-29.28,53.68,-4.88,-48.8,-244,-112.24,39.04,-63.44,-107.36,-58.56
-34.16,-58.56,-24.4,48.8,-4.88,-43.92,-214.72,-102.48,53.68,-63.44,-97.6,-53.68
-34.16,-58.56,-24.4,48.8,-4.88,-43.92,-190.32,-97.6,48.8,-58.56,-97.6,-48.8
-24.4,-29.28,-4.88,29.28,-9.76,-19.52,-170.8,-97.6,53.68,-53.68,-87.84,-48.8
-34.16,-29.28,4.88,34.16,-19.52,-14.64,-146.4,-92.72,58.56,-48.8,-82.96,-43.92
-34.16,-34.16,0,34.16,-19.52,-19.52,-107.36,-73.2,68.32,-39.04,-68.32,-39.04
-24.4,-39.04,-14.64,34.16,-4.88,-29.28,-82.96,-58.56,63.44,-39.04,-68.32,-39.04
-29.28,-43.92,-14.64,39.04,-9.76,-29.28,-63.44,-53.68,48.8,-53.68,-73.2,-48.8
-29.28,-58.56,-29.28,43.92,0,-43.92,-63.44,-58.56,29.28,-78.08,-92.72,-68.32
-34.16,-63.44,-29.28,48.8,-4.88,-48.8,-53.68,-58.56,14.64,-97.6,-107.36,-82.96
-34.16,-73.2,-39.04,53.68,0,-58.56,-48.8,-53.68,14.64,-107.36,-112.24,-87.84
-29.28,-68.32,-39.04,48.8,4.88,-53.68,-34.16,-34.16,34.16,-82.96,-82.96,-73.2
-24.4,-68.32,-43.92,48.8,9.76,-58.56,-19.52,0,92.72,-4.88,-19.52,-39.04
-19.52,-68.32,-48.8,43.92,14.64,-58.56,4.88,48.8,185.44,112.24,82.96,9.76
-4.88,-68.32,-63.44,39.04,29.28,-68.32,34.16,112.24,292.8,258.64,224.48,87.84
9.76,-68.32,-78.08,29.28,43.92,-73.2,58.56,170.8,370.88,380.64,351.36,180.56
29.28,-58.56,-87.84,14.64,58.56,-73.2,68.32,209.84,414.8,502.64,522.16,326.96
63.44,-24.4,-87.84,-19.52,73.2,-58.56,48.8,219.6,429.44,600.24,712.48,522.16
102.48,0,-102.48,-48.8,102.48,-53.68,19.52,224.48,424.56,712.48,941.84,771.04
146.4,34.16,-112.24,-87.84,126.88,-39.04,-29.28,214.72,409.92,805.2,1156.56,1015.04
190.32,63.44,-126.88,-126.88,156.16,-34.16,-68.32,195.2,390.4,873.52,1351.76,1268.8
244,141.52,-102.48,-190.32,170.8,19.52,-136.64,151.28,331.84,941.84,1551.84,1542.08
292.8,239.12,-53.68,-263.52,170.8,92.72,-200.08,107.36,307.44,1058.96,1786.08,1786.08
312.32,331.84,19.52,-322.08,146.4,175.68,-239.12,87.84,346.48,1229.76,2030.08,2020.32
346.48,409.92,63.44,-375.76,141.52,234.24,-287.92,58.56,356.24,1346.88,2239.92,2239.92
375.76,473.36,97.6,-424.56,136.64,283.04,-322.08,29.28,336.72,1444.48,2420.48,2430.24
400.16,497.76,97.6,-448.96,151.28,297.68,-322.08,39.04,356.24,1498.16,2498.56,2522.96
405.04,522.16,117.12,-463.6,141.52,317.2,-302.56,58.56,390.4,1571.36,2557.12,2552.24
390.4,546.56,156.16,-468.48,117.12,351.36,-287.92,73.2,409.92,1610.4,2562,2518.08
346.48,527.04,180.56,-434.32,82.96,351.36,-229.36,92.72,444.08,1629.92,2488.8,2386.32
302.56,507.52,204.96,-405.04,48.8,356.24,-151.28,107.36,502.64,1639.68,2352.16,2161.84
239.12,488,248.88,-361.12,-4.88,366,-87.84,102.48,507.52,1581.12,2113.04,1810.48
185.44,448.96,263.52,-317.2,-39.04,356.24,-9.76,122,546.56,1590.88,1883.68,1361.52
126.88,370.88,244,-248.88,-58.56,307.44,117.12,195.2,663.68,1634.8,1654.32,883.28
53.68,278.16,224.48,-165.92,-87.84,248.88,248.88,278.16,780.8,1517.68,1180.96,292.8
-4.88,219.6,224.48,-107.36,-117.12,219.6,375.76,326.96,854,1273.68,610,-283.04
-48.8,190.32,239.12,-68.32,-146.4,214.72,463.6,351.36,878.4,1005.28,229.36,-605.12
-78.08,175.68,253.76,-48.8,-165.92,214.72,517.28,341.6,839.36,663.68,-102.48,-732
-112.24,161.04,273.28,-24.4,-195.2,214.72,585.6,351.36,824.72,258.64,-414.8,-800.32
-151.28,122,273.28,14.64,-214.72,195.2,644.16,390.4,858.88,29.28,-614.88,-834.48
-146.4,82.96,229.36,34.16,-190.32,156.16,678.32,414.8,844.24,-141.52,-771.04,-844.24
-146.4,43.92,190.32,53.68,-170.8,117.12,717.36,439.2,771.04,-268.4,-829.6,-854
-151.28,-4.88,146.4,78.08,-151.28,68.32,766.16,483.12,717.36,-341.6,-834.48,-863.76
-136.64,-43.92,92.72,92.72,-117.12,24.4,805.2,517.28,639.28,-429.44,-844.24,-868.64
-126.88,-87.84,39.04,107.36,-82.96,-24.4,844.24,536.8,561.2,-527.04,-873.52,-873.52
-126.88,-117.12,9.76,122,-68.32,-53.68,883.28,566.08,527.04,-595.36,-888.16,-878.4
-126.88,-136.64,-9.76,131.76,-58.56,-73.2,941.84,610,527.04,-624.64,-893.04,-883.28
-141.52,-170.8,-29.28,156.16,-58.56,-102.48,985.76,614.88,463.6,-673.44,-917.44,-888.16
-151.28,-180.56,-29.28,165.92,-63.44,-107.36,1019.92,619.76,400.16,-712.48,-927.2,-893.04
-146.4,-195.2,-48.8,170.8,-48.8,-122,1049.2,634.4,351.36,-741.76,-917.44,-868.64
-156.16,-219.6,-63.44,190.32,-48.8,-141.52,1093.12,653.92,273.28,-775.92,-912.56,-854
-151.28,-248.88,-97.6,200.08,-29.28,-175.68,1146.8,702.72,258.64,-790.56,-907.68,-854
-146.4,-268.4,-122,209.84,-14.64,-195.2,1195.6,727.12,234.24,-810.08,-907.68,-854
-146.4,-273.28,-126.88,209.84,-9.76,-200.08,1244.4,746.64,200.08,-800.32,-888.16,-839.36
-146.4,-287.92,-141.52,219.6,-4.88,-214.72,1288.32,775.92,200.08,-785.68,-868.64,-819.84
-151.28,-292.8,-141.52,224.48,-4.88,-219.6,1322.48,814.96,263.52,-751.52,-844.24,-810.08
-141.52,-278.16,-136.64,209.84,-4.88,-209.84,1361.52,849.12,307.44,-702.72,-795.44,-775.92
-136.64,-258.64,-122,200.08,-9.76,-190.32,1390.8,878.4,331.84,-668.56,-766.16,-756.4
-141.52,-263.52,-122,204.96,-9.76,-195.2,1439.6,941.84,375.76,-639.28,-736.88,-727.12
-136.64,-263.52,-126.88,200.08,-4.88,-195.2,1483.52,1000.4,419.68,-610,-697.84,-692.96
-136.64,-258.64,-122,200.08,-9.76,-190.32,1522.56,1015.04,370.88,-614.88,-683.2,-673.44
-136.64,-244,-107.36,190.32,-14.64,-175.68,1551.84,995.52,258.64,-634.4,-658.8,-653.92
-131.76,-224.48,-92.72,180.56,-19.52,-161.04,1561.6,956.48,156.16,-624.64,-639.28,-634.4
-126.88,-209.84,-82.96,170.8,-24.4,-146.4,1546.96,927.2,126.88,-600.24,-610,-610
-122,-190.32,-68.32,156.16,-29.28,-131.76,1522.56,902.8,117.12,-561.2,-580.72,-585.6
-117.12,-175.68,-58.56,146.4,-29.28,-117.12,1488.4,863.76,39.04,-541.68,-551.44,-566.08
-117.12,-170.8,-53.68,146.4,-34.16,-112.24,1444.48,795.44,-97.6,-556.32,-556.32,-566.08
-117.12,-161.04,-43.92,141.52,-39.04,-102.48,1410.32,751.52,-204.96,-570.96,-551.44,-551.44
-117.12,-161.04,-43.92,141.52,-39.04,-102.48,1371.28,702.72,-292.8,-570.96,-536.8,-531.92
-112.24,-151.28,-39.04,131.76,-39.04,-97.6,1312.72,644.16,-346.48,-556.32,-517.28,-512.4
-102.48,-131.76,-29.28,117.12,-39.04,-82.96,1263.92,585.6,-375.76,-541.68,-488,-483.12
-97.6,-112.24,-14.64,107.36,-43.92,-63.44,1215.12,517.28,-429.44,-531.92,-473.36,-473.36
-87.84,-92.72,-4.88,92.72,-43.92,-48.8,1166.32,414.8,-478.24,-531.92,-453.84,-453.84
-78.08,-73.2,4.88,78.08,-43.92,-34.16,1093.12,322.08,-507.52,-507.52,-419.68,-429.44
-73.2,-63.44,9.76,68.32,-43.92,-29.28,1044.32,273.28,-527.04,-478.24,-385.52,-405.04
-53.68,-58.56,-4.88,58.56,-24.4,-34.16,990.64,224.48,-541.68,-468.48,-361.12,-390.4
-53.68,-53.68,0,53.68,-29.28,-29.28,941.84,156.16,-590.48,-468.48,-370.88,-390.4
-48.8,-63.44,-14.64,58.56,-19.52,-39.04,917.44,97.6,-614.88,-473.36,-380.64,-385.52
-43.92,-68.32,-24.4,58.56,-9.76,-48.8,878.4,53.68,-624.64,-463.6,-370.88,-370.88
-48.8,-73.2,-24.4,63.44,-14.64,-48.8,834.48,14.64,-619.76,-444.08,-351.36,-351.36
-39.04,-68.32,-29.28,53.68,-4.88,-48.8,790.56,-4.88,-605.12,-419.68,-326.96,-322.08
-29.28,-53.68,-24.4,43.92,-4.88,-39.04,736.88,-19.52,-585.6,-395.28,-292.8,-307.44
-24.4,-48.8,-24.4,39.04,0,-39.04,688.08,-48.8,-570.96,-375.76,-273.28,-283.04
-4.88,-34.16,-29.28,19.52,9.76,-34.16,639.28,-58.56,-556.32,-361.12,-253.76,-268.4
14.64,-29.28,-43.92,9.76,29.28,-39.04,600.24,-58.56,-531.92,-336.72,-239.12,-253.76
34.16,-19.52,-53.68,-4.88,43.92,-39.04,561.2,-53.68,-502.64,-302.56,-209.84,-239.12
48.8,-9.76,-58.56,-19.52,53.68,-34.16,531.92,-39.04,-463.6,-258.64,-180.56,-209.84
48.8,-4.88,-53.68,-19.52,48.8,-29.28,502.64,-29.28,-429.44,-229.36,-151.28,-185.44
58.56,0,-58.56,-29.28,58.56,-29.28,473.36,-19.52,-395.28,-204.96,-122,-156.16
48.8,0,-48.8,-24.4,48.8,-24.4,448.96,-14.64,-375.76,-204.96,-112.24,-141.52
43.92,0,-43.92,-19.52,43.92,-24.4,439.2,-9.76,-366,-195.2,-102.48,-126.88
48.8,4.88,-43.92,-24.4,43.92,-19.52,419.68,-14.64,-375.76,-200.08,-97.6,-126.88
48.8,-4.88,-53.68,-19.52,48.8,-29.28,405.04,-14.64,-375.76,-200.08,-97.6,-122
58.56,4.88,-53.68,-29.28,53.68,-24.4,375.76,-19.52,-385.52,-204.96,-107.36,-126.88
63.44,9.76,-53.68,-34.16,58.56,-24.4,356.24,-19.52,-409.92,-219.6,-102.48,-126.88
63.44,9.76,-53.68,-34.16,58.56,-24.4,351.36,-29.28,-414.8,-224.48,-102.48,-131.76
68.32,9.76,-58.56,-39.04,63.44,-24.4,341.6,-29.28,-424.56,-219.6,-97.6,-122
63.44,4.88,-58.56,-34.16,58.56,-29.28,322.08,-34.16,-429.44,-214.72,-82.96,-117.12
58.56,-9.76,-68.32,-24.4,63.44,-39.04,312.32,-39.04,-434.32,-214.72,-73.2,-102.48
63.44,0,-63.44,-29.28,63.44,-34.16,307.44,-39.04,-424.56,-219.6,-68.32,-92.72
63.44,-4.88,-68.32,-29.28,63.44,-39.04,287.92,-34.16,-439.2,-224.48,-58.56,-78.08
63.44,-4.88,-68.32,-29.28,63.44,-39.04,263.52,-43.92,-448.96,-229.36,-53.68,-73.2
68.32,-4.88,-73.2,-29.28,68.32,-39.04,248.88,-53.68,-458.72,-239.12,-48.8,-63.44
73.2,-4.88,-78.08,-34.16,73.2,-43.92,219.6,-58.56,-478.24,-239.12,-39.04,-53.68
78.08,0,-78.08,-39.04,78.08,-39.04,224.48,-68.32,-492.88,-234.24,-24.4,-39.04
82.96,4.88,-78.08,-43.92,78.08,-39.04,209.84,-68.32,-512.4,-234.24,-4.88,-19.52
82.96,9.76,-73.2,-43.92,78.08,-34.16,200.08,-68.32,-522.16,-224.48,14.64,4.88
87.84,14.64,-73.2,-48.8,78.08,-29.28,185.44,-78.08,-546.56,-214.72,43.92,24.4
82.96,14.64,-68.32,-48.8,73.2,-29.28,165.92,-92.72,-561.2,-214.72,63.44,48.8
87.84,29.28,-58.56,-58.56,73.2,-14.64,161.04,-92.72,-566.08,-204.96,92.72,78.08
97.6,34.16,-63.44,-63.44,78.08,-14.64,141.52,-102.48,-585.6,-195.2,117.12,112.24
97.6,39.04,-58.56,-68.32,78.08,-9.76,117.12,-112.24,-590.48,-195.2,146.4,136.64
107.36,48.8,-58.56,-78.08,82.96,-4.88,97.6,-131.76,-610,-190.32,170.8,156.16
107.36,58.56,-48.8,-82.96,78.08,4.88,73.2,-146.4,-639.28,-185.44,185.44,175.68
107.36,68.32,-39.04,-87.84,73.2,14.64,53.68,-165.92,-663.68,-180.56,200.08,185.44
117.12,78.08,-39.04,-97.6,78.08,19.52,43.92,-170.8,-683.2,-170.8,214.72,200.08
122,78.08,-43.92,-97.6,82.96,14.64,24.4,-175.68,-697.84,-165.92,229.36,214.72
122,87.84,-34.16,-102.48,78.08,24.4,4.88,-185.44,-717.36,-151.28,244,229.36
141.52,97.6,-43.92,-117.12,92.72,24.4,-4.88,-195.2,-727.12,-151.28,258.64,248.88
141.52,97.6,-43.92,-117.12,92.72,24.4,-14.64,-195.2,-727.12,-146.4,278.16,268.4
151.28,107.36,-43.92,-126.88,97.6,29.28,-14.64,-190.32,-727.12,-131.76,287.92,287.92
146.4,112.24,-34.16,-126.88,87.84,39.04,-14.64,-195.2,-732,-126.88,297.68,287.92
146.4,117.12,-29.28,-131.76,87.84,43.92,-19.52,-200.08,-727.12,-117.12,307.44,297.68
151.28,122,-29.28,-136.64,87.84,43.92,-34.16,-204.96,-741.76,-117.12,307.44,302.56
151.28,117.12,-34.16,-131.76,92.72,39.04,-48.8,-204.96,-746.64,-107.36,302.56,302.56
156.16,122,-34.16,-136.64,92.72,43.92,-53.68,-195.2,-732,-82.96,317.2,312.32
165.92,126.88,-39.04,-146.4,102.48,43.92,-53.68,-185.44,-727.12,-68.32,331.84,312.32
156.16,126.88,-29.28,-141.52,92.72,48.8,-58.56,-180.56,-702.72,-39.04,341.6,312.32
165.92,122,-43.92,-141.52,102.48,39.04,-53.68,-161.04,-683.2,-14.64,351.36,326.96
161.04,117.12,-43.92,-136.64,102.48,34.16,-43.92,-156.16,-653.92,0,361.12,322.08
161.04,112.24,-48.8,-136.64,102.48,29.28,-39.04,-136.64,-634.4,19.52,370.88,331.84
161.04,117.12,-43.92,-136.64,102.48,34.16,-43.92,-131.76,-614.88,29.28,370.88,326.96
156.16,112.24,-43.92,-131.76,97.6,34.16,-43.92,-126.88,-595.36,34.16,356.24,322.08
161.04,122,-39.04,-141.52,97.6,39.04,-53.68,-117.12,-570.96,43.92,361.12,312.32
170.8,126.88,-43.92,-146.4,107.36,39.04,-58.56,-112.24,-551.44,58.56,351.36,302.56
156.16,122,-34.16,-136.64,92.72,43.92,-48.8,-107.36,-527.04,68.32,351.36,292.8
161.04,122,-39.04,-141.52,97.6,39.04,-48.8,-102.48,-502.64,78.08,341.6,287.92
151.28,122,-29.28,-136.64,87.84,43.92,-48.8,-97.6,-478.24,102.48,346.48,283.04
146.4,117.12,-29.28,-131.76,87.84,43.92,-39.04,-78.08,-439.2,117.12,346.48,283.04
151.28,117.12,-34.16,-131.76,92.72,39.04,-29.28,-58.56,-405.04,126.88,346.48,283.04
146.4,117.12,-29.28,-131.76,87.84,43.92,-19.52,-48.8,-370.88,136.64,346.48,273.28
151.28,126.88,-24.4,-136.64,87.84,48.8,-9.76,-39.04,-341.6,141.52,336.72,268.4
146.4,117.12,-29.28,-131.76,87.84,43.92,0,-19.52,-317.2,156.16,326.96,263.52
136.64,117.12,-19.52,-126.88,78.08,48.8,19.52,0,-287.92,161.04,322.08,253.76
151.28,117.12,-34.16,-131.76,92.72,39.04,29.28,14.64,-263.52,170.8,317.2,239.12
156.16,117.12,-39.04,-136.64,97.6,39.04,34.16,19.52,-239.12,180.56,312.32,229.36
151.28,117.12,-34.16,-131.76,92.72,39.04,43.92,29.28,-209.84,190.32,302.56,229.36
141.52,122,-19.52,-131.76,78.08,48.8,58.56,43.92,-195.2,204.96,307.44,219.6
136.64,117.12,-19.52,-126.88,78.08,48.8,63.44,53.68,-175.68,200.08,302.56,209.84
136.64,117.12,-19.52,-126.88,78.08,48.8,82.96,78.08,-146.4,209.84,297.68,214.72
126.88,117.12,-9.76,-122,68.32,53.68,97.6,97.6,-122,219.6,297.68,214.72
122,117.12,-4.88,-117.12,63.44,53.68,107.36,102.48,-92.72,224.48,297.68,214.72
126.88,136.64,9.76,-131.76,58.56,73.2,126.88,107.36,-78.08,224.48,297.68,209.84
126.88,146.4,19.52,-136.64,53.68,82.96,136.64,107.36,-63.44,224.48,287.92,200.08
122,151.28,29.28,-136.64,43.92,87.84,161.04,117.12,-48.8,234.24,278.16,190.32
122,151.28,29.28,-136.64,43.92,87.84,190.32,131.76,-34.16,234.24,263.52,170.8
112.24,141.52,29.28,-126.88,39.04,82.96,209.84,136.64,-19.52,239.12,253.76,161.04
112.24,146.4,34.16,-126.88,39.04,87.84,224.48,146.4,-9.76,229.36,244,146.4
107.36,136.64,29.28,-122,39.04,82.96,219.6,151.28,-4.88,214.72,229.36,131.76
102.48,131.76,29.28,-117.12,34.16,78.08,224.48,146.4,-4.88,200.08,219.6,122
97.6,131.76,34.16,-112.24,29.28,82.96,244,156.16,0,200.08,209.84,122
92.72,126.88,34.16,-107.36,29.28,78.08,248.88,156.16,4.88,190.32,195.2,107.36
92.72,117.12,24.4,-102.48,34.16,68.32,258.64,156.16,14.64,180.56,185.44,97.6
87.84,122,34.16,-102.48,24.4,78.08,273.28,156.16,19.52,180.56,180.56,92.72
82.96,117.12,34.16,-97.6,24.4,73.2,283.04,156.16,19.52,170.8,170.8,78.08
87.84,117.12,29.28,-102.48,29.28,73.2,292.8,151.28,19.52,165.92,161.04,68.32
78.08,112.24,34.16,-92.72,19.52,73.2,302.56,146.4,9.76,156.16,136.64,58.56
73.2,97.6,24.4,-82.96,24.4,58.56,302.56,141.52,0,146.4,122,39.04
73.2,102.48,29.28,-87.84,19.52,63.44,322.08,151.28,4.88,146.4,112.24,34.16
73.2,92.72,19.52,-82.96,24.4,53.68,322.08,161.04,14.64,136.64,102.48,24.4
58.56,82.96,24.4,-68.32,14.64,53.68,326.96,170.8,9.76,126.88,87.84,14.64
43.92,82.96,39.04,-63.44,0,58.56,336.72,170.8,14.64,122,78.08,9.76
43.92,73.2,29.28,-58.56,4.88,48.8,341.6,180.56,9.76,107.36,63.44,0
48.8,82.96,34.16,-63.44,4.88,58.56,341.6,185.44,9.76,102.48,63.44,-4.88
48.8,78.08,29.28,-63.44,9.76,53.68,341.6,190.32,4.88,97.6,58.56,-14.64
53.68,73.2,19.52,-63.44,14.64,43.92,351.36,190.32,0,97.6,58.56,-19.52
58.56,68.32,9.76,-63.44,24.4,39.04,346.48,200.08,0,92.72,48.8,-24.4
58.56,53.68,-4.88,-53.68,29.28,24.4,336.72,204.96,-4.88,82.96,48.8,-29.28
53.68,58.56,4.88,-53.68,24.4,29.28,326.96,209.84,4.88,92.72,48.8,-29.28
53.68,58.56,4.88,-53.68,24.4,29.28,336.72,224.48,9.76,97.6,48.8,-34.16
43.92,43.92,0,-43.92,19.52,19.52,346.48,239.12,19.52,97.6,48.8,-29.28
43.92,43.92,0,-43.92,19.52,19.52,351.36,244,29.28,97.6,53.68,-29.28
48.8,34.16,-14.64,-39.04,29.28,9.76,356.24,248.88,34.16,92.72,48.8,-29.28
48.8,39.04,-9.76,-43.92,29.28,14.64,351.36,248.88,29.28,87.84,43.92,-39.04
53.68,39.04,-14.64,-43.92,34.16,9.76,341.6,253.76,29.28,97.6,53.68,-39.04
48.8,34.16,-14.64,-39.04,29.28,9.76,341.6,248.88,29.28,102.48,58.56,-43.92
48.8,34.16,-14.64,-39.04,29.28,9.76,341.6,253.76,29.28,112.24,58.56,-43.92
53.68,34.16,-19.52,-43.92,34.16,4.88,346.48,258.64,34.16,122,73.2,-34.16
58.56,34.16,-24.4,-43.92,39.04,4.88,341.6,253.76,39.04,117.12,73.2,-29.28
63.44,39.04,-24.4,-48.8,43.92,4.88,341.6,268.4,48.8,122,92.72,-19.52
53.68,29.28,-24.4,-39.04,39.04,0,346.48,273.28,48.8,136.64,97.6,-9.76
53.68,34.16,-19.52,-43.92,34.16,4.88,341.6,273.28,53.68,141.52,112.24,0
58.56,34.16,-24.4,-43.92,39.04,4.88,336.72,268.4,48.8,141.52,112.24,0
58.56,29.28,-29.28,-43.92,43.92,0,322.08,268.4,43.92,141.52,117.12,4.88
68.32,34.16,-34.16,-48.8,48.8,0,322.08,273.28,43.92,141.52,112.24,4.88
68.32,34.16,-34.16,-48.8,48.8,0,326.96,268.4,48.8,156.16,117.12,4.88
63.44,29.28,-34.16,-43.92,48.8,-4.88,322.08,273.28,58.56,165.92,122,4.88
68.32,29.28,-39.04,-48.8,53.68,-4.88,331.84,273.28,48.8,165.92,126.88,14.64
68.32,24.4,-43.92,-43.92,53.68,-9.76,326.96,273.28,53.68,175.68,131.76,24.4
73.2,24.4,-48.8,-48.8,58.56,-14.64,326.96,283.04,63.44,180.56,146.4,34.16
82.96,19.52,-63.44,-48.8,73.2,-24.4,331.84,292.8,68.32,190.32,156.16,48.8
73.2,14.64,-58.56,-43.92,63.44,-24.4,336.72,292.8,78.08,190.32,161.04,53.68
87.84,19.52,-68.32,-53.68,78.08,-24.4,336.72,287.92,82.96,195.2,170.8,58.56
92.72,24.4,-68.32,-58.56,78.08,-24.4,326.96,292.8,82.96,195.2,175.68,58.56
87.84,14.64,-73.2,-48.8,78.08,-29.28,312.32,292.8,82.96,200.08,175.68,63.44
97.6,29.28,-68.32,-63.44,82.96,-19.52,312.32,287.92,82.96,204.96,180.56,63.44
97.6,29.28,-68.32,-63.44,82.96,-19.52,302.56,283.04,82.96,204.96,185.44,63.44
87.84,24.4,-63.44,-53.68,73.2,-19.52,302.56,278.16,78.08,204.96,180.56,68.32
87.84,29.28,-58.56,-58.56,73.2,-14.64,297.68,273.28,92.72,209.84,185.44,68.32
82.96,29.28,-53.68,-53.68,68.32,-14.64,302.56,273.28,92.72,204.96,185.44,63.44
87.84,29.28,-58.56,-58.56,73.2,-14.64,312.32,278.16,102.48,209.84,190.32,73.2
73.2,24.4,-48.8,-48.8,58.56,-14.64,312.32,287.92,117.12,219.6,190.32,78.08
73.2,19.52,-53.68,-43.92,63.44,-19.52,317.2,297.68,126.88,219.6,195.2,87.84
82.96,19.52,-63.44,-48.8,73.2,-24.4,317.2,292.8,126.88,209.84,195.2,82.96
78.08,14.64,-63.44,-43.92,68.32,-24.4,317.2,278.16,122,209.84,190.32,87.84
78.08,9.76,-68.32,-43.92,73.2,-29.28,302.56,268.4,122,200.08,190.32,78.08
78.08,4.88,-73.2,-39.04,73.2,-34.16,292.8,258.64,117.12,195.2,185.44,73.2
73.2,-4.88,-78.08,-34.16,73.2,-43.92,297.68,248.88,112.24,200.08,185.44,78.08
78.08,9.76,-68.32,-43.92,73.2,-29.28,283.04,239.12,112.24,195.2,180.56,82.96
73.2,14.64,-58.56,-43.92,63.44,-24.4,278.16,224.48,112.24,190.32,175.68,82.96
63.44,9.76,-53.68,-34.16,58.56,-24.4,263.52,214.72,102.48,180.56,161.04,82.96
63.44,24.4,-39.04,-43.92,48.8,-9.76,258.64,200.08,97.6,175.68,151.28,78.08
68.32,24.4,-43.92,-43.92,53.68,-9.76,248.88,195.2,102.48,170.8,161.04,73.2
73.2,34.16,-39.04,-53.68,53.68,-4.88,248.88,185.44,112.24,170.8,170.8,73.2
73.2,29.28,-43.92,-48.8,58.56,-9.76,244,190.32,107.36,170.8,165.92,68.32
63.44,24.4,-39.04,-43.92,48.8,-9.76,239.12,175.68,102.48,165.92,156.16,58.56
63.44,34.16,-29.28,-48.8,43.92,0,234.24,165.92,97.6,170.8,146.4,58.56
58.56,34.16,-24.4,-43.92,39.04,4.88,224.48,141.52,92.72,161.04,136.64,58.56
58.56,34.16,-24.4,-43.92,39.04,4.88,224.48,126.88,97.6,161.04,136.64,58.56
58.56,48.8,-9.76,-53.68,34.16,19.52,224.48,131.76,102.48,151.28,136.64,63.44
53.68,48.8,-4.88,-48.8,29.28,19.52,219.6,126.88,97.6,146.4,126.88,63.44
48.8,63.44,14.64,-53.68,14.64,39.04,209.84,131.76,107.36,151.28,136.64,68.32
53.68,78.08,24.4,-63.44,14.64,48.8,200.08,126.88,122,161.04,146.4,78.08
53.68,92.72,39.04,-73.2,4.88,63.44,190.32,117.12,122,161.04,146.4,78.08
53.68,97.6,43.92,-73.2,4.88,68.32,175.68,107.36,122,161.04,136.64,73.2
48.8,87.84,39.04,-68.32,4.88,63.44,161.04,107.36,117.12,156.16,136.64,63.44
48.8,78.08,29.28,-63.44,9.76,53.68,161.04,102.48,112.24,146.4,131.76,63.44
48.8,82.96,34.16,-63.44,4.88,58.56,156.16,97.6,112.24,141.52,122,63.44
43.92,73.2,29.28,-58.56,4.88,48.8,146.4,82.96,97.6,131.76,112.24,58.56
39.04,73.2,34.16,-53.68,0,53.68,136.64,68.32,87.84,117.12,102.48,53.68
39.04,73.2,34.16,-53.68,0,53.68,131.76,58.56,78.08,107.36,82.96,48.8
34.16,63.44,29.28,-48.8,0,43.92,122,53.68,68.32,97.6,87.84,43.92
39.04,68.32,29.28,-53.68,4.88,48.8,131.76,58.56,73.2,97.6,97.6,48.8
39.04,73.2,34.16,-53.68,0,53.68,122,43.92,58.56,92.72,87.84,43.92
39.04,78.08,39.04,-58.56,0,58.56,117.12,43.92,53.68,87.84,87.84,39.04
43.92,78.08,34.16,-58.56,4.88,53.68,112.24,43.92,48.8,87.84,87.84,34.16
39.04,63.44,24.4,-48.8,4.88,43.92,102.48,39.04,39.04,82.96,73.2,29.28
39.04,68.32,29.28,-53.68,4.88,48.8,97.6,39.04,39.04,78.08,78.08,24.4
39.04,68.32,29.28,-53.68,4.88,48.8,92.72,34.16,34.16,78.08,73.2,19.52
34.16,63.44,29.28,-48.8,0,43.92,82.96,29.28,29.28,68.32,63.44,14.64
34.16,53.68,19.52,-43.92,4.88,34.16,78.08,24.4,19.52,63.44,58.56,14.64
29.28,48.8,19.52,-39.04,4.88,34.16,68.32,14.64,9.76,53.68,58.56,14.64
24.4,48.8,24.4,-34.16,0,34.16,68.32,14.64,4.88,43.92,48.8,9.76
34.16,58.56,24.4,-43.92,4.88,39.04,58.56,9.76,4.88,43.92,48.8,9.76
34.16,53.68,19.52,-43.92,4.88,34.16,53.68,0,0,34.16,39.04,0
29.28,48.8,19.52,-39.04,4.88,34.16,48.8,4.88,0,34.16,43.92,0
34.16,43.92,9.76,-39.04,9.76,24.4,48.8,4.88,4.88,34.16,43.92,4.88
29.28,39.04,9.76,-34.16,9.76,24.4,34.16,0,0,34.16,48.8,4.88
34.16,39.04,4.88,-34.16,14.64,19.52,34.16,-4.88,0,39.04,48.8,4.88
29.28,34.16,4.88,-29.28,9.76,19.52,24.4,-4.88,4.88,39.04,48.8,9.76
24.4,29.28,4.88,-24.4,9.76,14.64,29.28,0,4.88,39.04,48.8,14.64
24.4,29.28,4.88,-24.4,9.76,14.64,34.16,-4.88,9.76,39.04,48.8,9.76
14.64,19.52,4.88,-14.64,4.88,9.76,19.52,-9.76,0,34.16,43.92,4.88
24.4,29.28,4.88,-24.4,9.76,14.64,24.4,-9.76,-9.76,19.52,43.92,4.88
24.4,29.28,4.88,-24.4,9.76,14.64,24.4,-4.88,-14.64,14.64,43.92,4.88
14.64,29.28,14.64,-19.52,0,19.52,19.52,-9.76,-24.4,14.64,43.92,0
19.52,29.28,9.76,-24.4,4.88,19.52,14.64,0,-19.52,24.4,48.8,9.76
29.28,29.28,0,-29.28,14.64,14.64,14.64,-4.88,-19.52,14.64,48.8,9.76
39.04,34.16,-4.88,-34.16,19.52,14.64,9.76,-9.76,-24.4,14.64,43.92,4.88
39.04,39.04,0,-39.04,19.52,19.52,9.76,-4.88,-24.4,14.64,43.92,9.76
24.4,29.28,4.88,-24.4,9.76,14.64,19.52,-4.88,-24.4,9.76,34.16,9.76
24.4,34.16,9.76,-29.28,4.88,19.52,9.76,-14.64,-34.16,0,19.52,-9.76
29.28,34.16,4.88,-29.28,9.76,19.52,14.64,-9.76,-39.04,4.88,19.52,-14.64
29.28,34.16,4.88,-29.28,9.76,19.52,0,-9.76,-39.04,-4.88,19.52,-14.64
34.16,34.16,0,-34.16,14.64,14.64,4.88,-4.88,-34.16,4.88,24.4,-14.64
29.28,29.28,0,-29.28,14.64,14.64,4.88,-9.76,-29.28,0,29.28,-19.52
29.28,24.4,-4.88,-24.4,14.64,9.76,9.76,-4.88,-29.28,4.88,34.16,-9.76
48.8,19.52,-29.28,-34.16,39.04,-4.88,14.64,4.88,-24.4,4.88,34.16,0
39.04,9.76,-29.28,-24.4,34.16,-9.76,19.52,14.64,-14.64,14.64,39.04,-4.88
34.16,4.88,-29.28,-19.52,29.28,-14.64,29.28,34.16,0,24.4,43.92,4.88
39.04,-4.88,-43.92,-14.64,39.04,-24.4,34.16,29.28,-4.88,14.64,39.04,-4.88
39.04,-14.64,-53.68,-9.76,43.92,-34.16,34.16,29.28,0,14.64,34.16,-9.76
34.16,-14.64,-48.8,-9.76,39.04,-34.16,48.8,39.04,4.88,19.52,39.04,-9.76
29.28,-14.64,-43.92,-4.88,34.16,-29.28,58.56,39.04,4.88,14.64,48.8,-4.88
24.4,-9.76,-34.16,-4.88,29.28,-24.4,53.68,29.28,-4.88,14.64,34.16,-14.64
24.4,-9.76,-34.16,-4.88,29.28,-24.4,63.44,34.16,0,19.52,39.04,-14.64
9.76,-9.76,-19.52,0,14.64,-14.64,68.32,34.16,0,24.4,39.04,-9.76
14.64,-4.88,-19.52,-4.88,14.64,-14.64,73.2,29.28,9.76,24.4,43.92,-4.88
14.64,4.88,-9.76,-9.76,9.76,-4.88,68.32,24.4,9.76,29.28,39.04,-4.88
9.76,4.88,-4.88,-4.88,4.88,0,58.56,29.28,14.64,29.28,48.8,0
9.76,14.64,4.88,-9.76,0,9.76,58.56,24.4,9.76,29.28,48.8,4.88
14.64,19.52,4.88,-14.64,4.88,9.76,58.56,19.52,4.88,24.4,48.8,0
14.64,29.28,14.64,-19.52,0,19.52,63.44,19.52,9.76,29.28,43.92,0
19.52,34.16,14.64,-24.4,0,24.4,63.44,19.52,14.64,24.4,48.8,0
9.76,29.28,19.52,-19.52,-4.88,24.4,68.32,14.64,9.76,24.4,48.8,-4.88
14.64,24.4,9.76,-19.52,0,14.64,73.2,14.64,9.76,24.4,48.8,-4.88
9.76,14.64,4.88,-9.76,0,9.76,78.08,14.64,9.76,24.4,39.04,-4.88
9.76,14.64,4.88,-9.76,0,9.76,78.08,9.76,4.88,29.28,43.92,0
4.88,14.64,9.76,-9.76,-4.88,9.76,78.08,0,4.88,29.28,48.8,4.88
-4.88,14.64,19.52,-4.88,-14.64,14.64,78.08,-14.64,0,29.28,53.68,14.64
-14.64,24.4,39.04,-4.88,-29.28,29.28,82.96,-24.4,4.88,29.28,58.56,19.52
-4.88,43.92,48.8,-19.52,-29.28,43.92,78.08,-29.28,9.76,34.16,68.32,29.28
-9.76,48.8,58.56,-19.52,-34.16,53.68,82.96,-29.28,14.64,34.16,73.2,34.16
0,63.44,63.44,-29.28,-34.16,63.44,82.96,-34.16,14.64,39.04,78.08,39.04
-9.76,58.56,68.32,-24.4,-39.04,63.44,82.96,-39.04,4.88,34.16,68.32,34.16
-14.64,53.68,68.32,-19.52,-43.92,58.56,68.32,-48.8,-4.88,29.28,58.56,29.28
0,58.56,58.56,-29.28,-29.28,58.56,63.44,-53.68,-4.88,24.4,43.92,24.4
0,58.56,58.56,-29.28,-29.28,58.56,68.32,-53.68,-9.76,24.4,-9.76,24.4
-9.76,48.8,58.56,-19.52,-34.16,53.68,68.32,-48.8,-4.88,24.4,-29.28,24.4
-14.64,43.92,58.56,-14.64,-39.04,48.8,68.32,-43.92,4.88,29.28,-19.52,34.16
-19.52,43.92,63.44,-9.76,-43.92,53.68,58.56,-48.8,0,24.4,-19.52,39.04
-9.76,58.56,68.32,-24.4,-39.04,63.44,53.68,-53.68,0,29.28,-9.76,39.04
-14.64,58.56,73.2,-19.52,-43.92,63.44,39.04,-58.56,-4.88,29.28,-4.88,39.04
-9.76,63.44,73.2,-24.4,-43.92,68.32,34.16,-63.44,-19.52,19.52,-14.64,34.16
-9.76,68.32,78.08,-29.28,-43.92,73.2,29.28,-73.2,-24.4,14.64,-24.4,29.28
-14.64,58.56,73.2,-19.52,-43.92,63.44,24.4,-87.84,-24.4,14.64,-24.4,24.4
-14.64,53.68,68.32,-19.52,-43.92,58.56,19.52,-82.96,-24.4,14.64,-29.28,24.4
-9.76,58.56,68.32,-24.4,-39.04,63.44,9.76,-78.08,-24.4,24.4,-24.4,29.28
-14.64,53.68,68.32,-19.52,-43.92,58.56,0,-87.84,-34.16,14.64,-34.16,24.4
-14.64,53.68,68.32,-19.52,-43.92,58.56,-9.76,-92.72,-34.16,14.64,-24.4,34.16
-19.52,43.92,63.44,-9.76,-43.92,53.68,-19.52,-87.84,-34.16,14.64,-19.52,34.16
-19.52,48.8,68.32,-14.64,-43.92,58.56,-29.28,-82.96,-34.16,14.64,-14.64,43.92
-9.76,58.56,68.32,-24.4,-39.04,63.44,-34.16,-82.96,-29.28,14.64,-9.76,48.8
-9.76,58.56,68.32,-24.4,-39.04,63.44,-43.92,-87.84,-39.04,9.76,-19.52,43.92
-9.76,58.56,68.32,-24.4,-39.04,63.44,-48.8,-87.84,-39.04,14.64,-14.64,43.92
-9.76,53.68,63.44,-19.52,-39.04,58.56,-43.92,-82.96,-34.16,19.52,-4.88,48.8
-14.64,53.68,68.32,-19.52,-43.92,58.56,-48.8,-78.08,-29.28,24.4,-4.88,48.8
0,63.44,63.44,-29.28,-34.16,63.44,-63.44,-82.96,-39.04,19.52,-14.64,43.92
-4.88,58.56,63.44,-24.4,-34.16,58.56,-68.32,-78.08,-39.04,19.52,-14.64,43.92
-4.88,48.8,53.68,-19.52,-29.28,48.8,-78.08,-78.08,-39.04,14.64,-24.4,34.16
0,48.8,48.8,-24.4,-24.4,48.8,-73.2,-73.2,-34.16,14.64,-14.64,34.16
-24.4,53.68,78.08,-14.64,-53.68,63.44,-78.08,-73.2,-29.28,19.52,-9.76,39.04
-19.52,58.56,78.08,-19.52,-48.8,68.32,-68.32,-58.56,-19.52,29.28,-9.76,43.92
-14.64,63.44,78.08,-24.4,-48.8,68.32,-78.08,-58.56,-19.52,19.52,-19.52,39.04
-9.76,63.44,73.2,-24.4,-43.92,68.32,-87.84,-68.32,-34.16,9.76,-29.28,29.28
0,68.32,68.32,-34.16,-34.16,68.32,-82.96,-68.32,-29.28,9.76,-19.52,29.28
0,68.32,68.32,-34.16,-34.16,68.32,-82.96,-63.44,-34.16,9.76,-19.52,29.28
4.88,63.44,58.56,-34.16,-29.28,58.56,-82.96,-63.44,-34.16,4.88,-19.52,39.04
0,63.44,63.44,-29.28,-34.16,63.44,-82.96,-58.56,-34.16,4.88,-4.88,39.04
-4.88,58.56,63.44,-24.4,-34.16,58.56,-87.84,-58.56,-29.28,4.88,-4.88,43.92
0,63.44,63.44,-29.28,-34.16,63.44,-87.84,-58.56,-34.16,9.76,-4.88,53.68
0,63.44,63.44,-29.28,-34.16,63.44,-92.72,-58.56,-34.16,14.64,0,58.56
-4.88,58.56,63.44,-24.4,-34.16,58.56,-97.6,-58.56,-29.28,9.76,-4.88,53.68
0,58.56,58.56,-29.28,-29.28,58.56,-107.36,-63.44,-29.28,4.88,-4.88,53.68
0,58.56,58.56,-29.28,-29.28,58.56,-102.48,-58.56,-29.28,9.76,-4.88,53.68
-4.88,48.8,53.68,-19.52,-29.28,48.8,-97.6,-48.8,-19.52,19.52,-9.76,48.8
0,48.8,48.8,-24.4,-24.4,48.8,-92.72,-48.8,-19.52,24.4,-14.64,43.92
4.88,39.04,34.16,-19.52,-14.64,34.16,-92.72,-43.92,-14.64,34.16,-14.64,48.8
4.88,39.04,34.16,-19.52,-14.64,34.16,-92.72,-34.16,-14.64,24.4,-4.88,48.8
0,29.28,29.28,-14.64,-14.64,29.28,-92.72,-29.28,-14.64,9.76,-4.88,53.68
4.88,24.4,19.52,-14.64,-9.76,19.52,-97.6,-29.28,-14.64,0,-14.64,53.68
9.76,34.16,24.4,-19.52,-9.76,29.28,-97.6,-24.4,-4.88,4.88,-14.64,63.44
9.76,29.28,19.52,-19.52,-4.88,24.4,-97.6,-19.52,-4.88,19.52,-14.64,58.56
9.76,24.4,14.64,-14.64,-4.88,19.52,-97.6,-9.76,0,24.4,-19.52,53.68
14.64,29.28,14.64,-19.52,0,19.52,-97.6,-9.76,-4.88,24.4,-9.76,48.8
9.76,9.76,0,-9.76,4.88,4.88,-102.48,-4.88,0,29.28,0,48.8
9.76,9.76,0,-9.76,4.88,4.88,-92.72,4.88,9.76,34.16,14.64,53.68
14.64,4.88,-9.76,-9.76,9.76,-4.88,-87.84,4.88,9.76,29.28,9.76,58.56
0,-9.76,-9.76,4.88,4.88,-9.76,-73.2,14.64,14.64,39.04,19.52,63.44
4.88,-14.64,-19.52,4.88,9.76,-19.52,-63.44,24.4,29.28,39.04,9.76,68.32
4.88,-14.64,-19.52,4.88,9.76,-19.52,-53.68,24.4,29.28,39.04,0,63.44
4.88,-9.76,-14.64,4.88,9.76,-14.64,-53.68,14.64,19.52,29.28,-4.88,58.56
4.88,-4.88,-9.76,0,4.88,-9.76,-43.92,14.64,14.64,24.4,-9.76,48.8
-4.88,-9.76,-4.88,9.76,0,-9.76,-43.92,9.76,9.76,14.64,-14.64,43.92
0,-4.88,-4.88,4.88,0,-4.88,-43.92,0,0,9.76,-24.4,34.16
-4.88,-9.76,-4.88,9.76,0,-9.76,-39.04,0,0,14.64,-19.52,39.04
0,0,0,0,0,0,-43.92,-4.88,4.88,14.64,-24.4,43.92
0,9.76,9.76,-4.88,-4.88,9.76,-43.92,-9.76,9.76,19.52,-19.52,53.68
-4.88,9.76,14.64,0,-9.76,9.76,-48.8,-14.64,4.88,19.52,-19.52,53.68
-9.76,14.64,24.4,0,-19.52,19.52,-48.8,-19.52,9.76,24.4,-9.76,58.56
-4.88,29.28,34.16,-9.76,-19.52,29.28,-48.8,-19.52,14.64,24.4,-9.76,58.56
-9.76,39.04,48.8,-14.64,-29.28,43.92,-48.8,-29.28,9.76,24.4,4.88,68.32
-4.88,53.68,58.56,-24.4,-34.16,53.68,-43.92,-43.92,4.88,29.28,4.88,73.2
-9.76,63.44,73.2,-24.4,-43.92,68.32,-53.68,-68.32,4.88,24.4,0,73.2
-4.88,73.2,78.08,-34.16,-43.92,73.2,-48.8,-73.2,0,24.4,-4.88,68.32
-4.88,87.84,92.72,-39.04,-48.8,87.84,-39.04,-73.2,9.76,34.16,4.88,82.96
-9.76,92.72,102.48,-39.04,-58.56,97.6,-39.04,-82.96,9.76,39.04,14.64,92.72
-9.76,97.6,107.36,-43.92,-58.56,102.48,-34.16,-92.72,9.76,39.04,19.52,92.72
-14.64,102.48,117.12,-43.92,-68.32,107.36,-29.28,-97.6,4.88,43.92,14.64,92.72
-24.4,92.72,117.12,-34.16,-73.2,102.48,-24.4,-97.6,-4.88,29.28,9.76,87.84
-19.52,87.84,107.36,-34.16,-63.44,97.6,-19.52,-92.72,0,24.4,0,73.2
-29.28,68.32,97.6,-19.52,-63.44,82.96,0,-78.08,4.88,14.64,4.88,78.08
