I,II,III,aVR,aVL,aVF,V1,V2,V3,V4,V5,V6
-53.68,-53.68,0,53.68,-29.28,-29.28,19.52,-4.88,-48.8,-78.08,-112.24,-63.44
-48.8,-58.56,-9.76,53.68,-19.52,-34.16,14.64,-4.88,-53.68,-82.96,-112.24,-58.56
-48.8,-68.32,-19.52,58.56,-14.64,-43.92,19.52,0,-53.68,-82.96,-117.12,-63.44
-53.68,-73.2,-19.52,63.44,-19.52,-48.8,19.52,0,-53.68,-87.84,-117.12,-63.44
-63.44,-82.96,-19.52,73.2,-24.4,-53.68,19.52,0,-58.56,-92.72,-126.88,-73.2
-53.68,-82.96,-29.28,68.32,-14.64,-58.56,24.4,0,-58.56,-92.72,-131.76,-78.08
-43.92,-87.84,-43.92,68.32,0,-68.32,24.4,4.88,-58.56,-87.84,-131.76,-73.2
-34.16,-87.84,-53.68,63.44,9.76,-73.2,9.76,0,-68.32,-92.72,-136.64,-73.2
-29.28,-87.84,-58.56,58.56,14.64,-73.2,9.76,0,-68.32,-92.72,-136.64,-68.32
-29.28,-87.84,-58.56,58.56,14.64,-73.2,9.76,0,-63.44,-92.72,-136.64,-68.32
-29.28,-82.96,-53.68,58.56,9.76,-68.32,4.88,-4.88,-68.32,-87.84,-126.88,-63.44
-29.28,-78.08,-48.8,53.68,9.76,-63.44,0,-4.88,-68.32,-97.6,-126.88,-63.44
-43.92,-82.96,-39.04,63.44,-4.88,-63.44,4.88,-4.88,-68.32,-97.6,-126.88,-63.44
-39.04,-87.84,-48.8,63.44,4.88,-68.32,4.88,-9.76,-68.32,-102.48,-136.64,-73.2
-43.92,-97.6,-53.68,73.2,4.88,-78.08,4.88,-4.88,-73.2,-112.24,-141.52,-82.96
-53.68,-92.72,-39.04,73.2,-9.76,-68.32,9.76,-4.88,-73.2,-107.36,-146.4,-92.72
-58.56,-82.96,-24.4,73.2,-19.52,-53.68,29.28,4.88,-63.44,-97.6,-136.64,-87.84
-73.2,-92.72,-19.52,82.96,-29.28,-58.56,24.4,0,-68.32,-107.36,-151.28,-102.48
-82.96,-97.6,-14.64,92.72,-34.16,-58.56,24.4,9.76,-68.32,-107.36,-156.16,-102.48
-82.96,-92.72,-9.76,87.84,-39.04,-53.68,19.52,4.88,-63.44,-112.24,-161.04,-97.6
-82.96,-87.84,-4.88,87.84,-39.04,-48.8,19.52,4.88,-68.32,-117.12,-156.16,-97.6
-73.2,-73.2,0,73.2,-39.04,-39.04,29.28,0,-63.44,-107.36,-151.28,-97.6
-73.2,-82.96,-9.76,78.08,-34.16,-48.8,24.4,4.88,-63.44,-97.6,-136.64,-82.96
-82.96,-97.6,-14.64,92.72,-34.16,-58.56,34.16,4.88,-73.2,-102.48,-131.76,-78.08
-78.08,-102.48,-24.4,92.72,-29.28,-63.44,34.16,4.88,-78.08,-112.24,-141.52,-78.08
-87.84,-112.24,-24.4,102.48,-34.16,-68.32,24.4,-4.88,-82.96,-117.12,-146.4,-78.08
-73.2,-102.48,-29.28,87.84,-24.4,-68.32,24.4,-4.88,-82.96,-117.12,-141.52,-73.2
-73.2,-107.36,-34.16,92.72,-19.52,-73.2,29.28,0,-82.96,-117.12,-141.52,-73.2
-87.84,-122,-34.16,107.36,-29.28,-78.08,34.16,0,-92.72,-126.88,-151.28,-87.84
-82.96,-112.24,-29.28,97.6,-29.28,-73.2,24.4,0,-87.84,-122,-151.28,-92.72
-82.96,-112.24,-29.28,97.6,-29.28,-73.2,24.4,0,-82.96,-126.88,-156.16,-92.72
-87.84,-117.12,-29.28,102.48,-29.28,-73.2,34.16,4.88,-82.96,-122,-170.8,-102.48
-78.08,-112.24,-34.16,97.6,-24.4,-73.2,34.16,9.76,-78.08,-117.12,-165.92,-102.48
-87.84,-112.24,-24.4,102.48,-34.16,-68.32,29.28,9.76,-73.2,-112.24,-156.16,-102.48
-78.08,-97.6,-19.52,87.84,-29.28,-58.56,29.28,9.76,-73.2,-117.12,-156.16,-97.6
-78.08,-92.72,-14.64,87.84,-34.16,-53.68,34.16,9.76,-78.08,-126.88,-161.04,-97.6
-87.84,-102.48,-14.64,97.6,-39.04,-58.56,29.28,9.76,-78.08,-117.12,-151.28,-82.96
-82.96,-102.48,-19.52,92.72,-34.16,-63.44,19.52,4.88,-78.08,-122,-156.16,-92.72
-82.96,-107.36,-24.4,97.6,-29.28,-68.32,19.52,4.88,-87.84,-122,-156.16,-92.72
-78.08,-102.48,-24.4,92.72,-29.28,-63.44,19.52,4.88,-87.84,-131.76,-156.16,-92.72
-82.96,-102.48,-19.52,92.72,-34.16,-63.44,24.4,9.76,-82.96,-117.12,-151.28,-82.96
-82.96,-97.6,-14.64,92.72,-34.16,-58.56,29.28,14.64,-78.08,-122,-151.28,-82.96
-78.08,-92.72,-14.64,87.84,-34.16,-53.68,34.16,19.52,-68.32,-112.24,-151.28,-78.08
-82.96,-102.48,-19.52,92.72,-34.16,-63.44,34.16,19.52,-68.32,-107.36,-136.64,-73.2
-73.2,-102.48,-29.28,87.84,-24.4,-68.32,24.4,19.52,-73.2,-117.12,-136.64,-68.32
-58.56,-92.72,-34.16,78.08,-14.64,-63.44,24.4,29.28,-68.32,-112.24,-131.76,-63.44
-68.32,-107.36,-39.04,87.84,-14.64,-73.2,29.28,29.28,-63.44,-102.48,-126.88,-58.56
-68.32,-107.36,-39.04,87.84,-14.64,-73.2,19.52,24.4,-73.2,-117.12,-136.64,-68.32
-63.44,-102.48,-39.04,82.96,-14.64,-73.2,29.28,24.4,-73.2,-117.12,-141.52,-68.32
-73.2,-102.48,-29.28,87.84,-24.4,-68.32,29.28,24.4,-78.08,-122,-156.16,-82.96
-78.08,-97.6,-19.52,87.84,-29.28,-58.56,34.16,29.28,-73.2,-122,-156.16,-92.72
-78.08,-97.6,-19.52,87.84,-29.28,-58.56,39.04,48.8,-68.32,-131.76,-170.8,-112.24
-87.84,-122,-34.16,107.36,-29.28,-78.08,68.32,92.72,-63.44,-146.4,-200.08,-136.64
-78.08,-141.52,-63.44,112.24,-9.76,-102.48,102.48,146.4,-43.92,-161.04,-224.48,-161.04
-78.08,-156.16,-78.08,117.12,0,-117.12,141.52,204.96,-14.64,-165.92,-239.12,-185.44
-73.2,-165.92,-92.72,122,9.76,-131.76,175.68,258.64,14.64,-161.04,-258.64,-209.84
-63.44,-156.16,-92.72,112.24,14.64,-126.88,204.96,297.68,58.56,-131.76,-244,-209.84
-58.56,-131.76,-73.2,97.6,4.88,-102.48,204.96,312.32,112.24,-73.2,-200.08,-185.44
-34.16,-78.08,-43.92,58.56,4.88,-63.44,180.56,302.56,175.68,4.88,-126.88,-136.64
-4.88,-48.8,-43.92,29.28,19.52,-48.8,146.4,297.68,248.88,112.24,-24.4,-63.44
9.76,-4.88,-14.64,0,9.76,-9.76,131.76,317.2,346.48,239.12,92.72,24.4
43.92,97.6,53.68,-68.32,-4.88,73.2,131.76,341.6,478.24,424.56,268.4,165.92
73.2,204.96,131.76,-136.64,-29.28,165.92,68.32,283.04,570.96,605.12,483.12,346.48
126.88,312.32,185.44,-219.6,-29.28,248.88,-53.68,122,639.28,785.68,692.96,536.8
200.08,414.8,214.72,-307.44,-9.76,312.32,-209.84,-112.24,673.44,966.24,907.68,732
273.28,502.64,229.36,-385.52,19.52,366,-351.36,-336.72,663.68,1137.04,1122.4,927.2
356.24,590.48,234.24,-473.36,58.56,409.92,-527.04,-561.2,649.04,1298.08,1317.6,1088.24
429.44,678.32,248.88,-551.44,87.84,463.6,-717.36,-800.32,678.32,1507.92,1551.84,1283.44
497.76,805.2,307.44,-649.04,92.72,556.32,-932.08,-1029.68,732,1742.16,1805.6,1478.64
551.44,922.32,370.88,-736.88,87.84,644.16,-1127.28,-1220,805.2,1981.28,2034.96,1654.32
600.24,980.88,380.64,-790.56,107.36,678.32,-1288.32,-1366.4,863.76,2186.24,2235.04,1810.48
605.12,1019.92,414.8,-810.08,92.72,717.36,-1415.2,-1468.88,912.56,2332.64,2371.68,1903.2
551.44,1034.56,483.12,-790.56,34.16,756.4,-1507.92,-1561.6,897.92,2357.04,2415.6,1956.88
492.88,971.12,478.24,-732,4.88,722.24,-1532.32,-1581.12,858.88,2283.84,2352.16,1927.6
448.96,751.52,302.56,-600.24,73.2,527.04,-1454.24,-1468.88,805.2,2113.04,2152.08,1781.2
351.36,512.4,161.04,-429.44,92.72,336.72,-1302.96,-1337.12,644.16,1795.84,1795.84,1503.04
239.12,366,126.88,-302.56,53.68,244,-1176.08,-1249.28,356.24,1342,1332.24,1166.32
131.76,229.36,97.6,-180.56,14.64,161.04,-1054.08,-1200.48,-39.04,771.04,824.72,810.08
4.88,112.24,107.36,-58.56,-53.68,107.36,-941.84,-1190.72,-473.36,107.36,258.64,409.92
-117.12,-4.88,112.24,63.44,-117.12,53.68,-795.44,-1088.24,-707.6,-326.96,-180.56,29.28
-165.92,-82.96,82.96,126.88,-126.88,0,-663.68,-912.56,-712.48,-502.64,-375.76,-161.04
-170.8,-112.24,58.56,141.52,-117.12,-29.28,-551.44,-746.64,-624.64,-478.24,-385.52,-195.2
-151.28,-122,29.28,136.64,-92.72,-48.8,-458.72,-605.12,-517.28,-405.04,-341.6,-200.08
-141.52,-126.88,14.64,136.64,-78.08,-58.56,-385.52,-502.64,-429.44,-356.24,-307.44,-195.2
-136.64,-117.12,19.52,126.88,-78.08,-48.8,-326.96,-424.56,-380.64,-312.32,-283.04,-180.56
-126.88,-107.36,19.52,117.12,-73.2,-43.92,-268.4,-351.36,-322.08,-273.28,-253.76,-165.92
-117.12,-107.36,9.76,112.24,-63.44,-48.8,-219.6,-287.92,-278.16,-248.88,-239.12,-161.04
-107.36,-112.24,-4.88,112.24,-53.68,-58.56,-165.92,-204.96,-224.48,-209.84,-214.72,-136.64
-92.72,-97.6,-4.88,97.6,-43.92,-53.68,-117.12,-136.64,-185.44,-190.32,-190.32,-122
-82.96,-97.6,-14.64,92.72,-34.16,-58.56,-73.2,-87.84,-156.16,-170.8,-185.44,-122
-78.08,-92.72,-14.64,87.84,-34.16,-53.68,-43.92,-53.68,-136.64,-170.8,-185.44,-126.88
-82.96,-97.6,-14.64,92.72,-34.16,-58.56,-19.52,-19.52,-117.12,-161.04,-185.44,-117.12
-78.08,-97.6,-19.52,87.84,-29.28,-58.56,-4.88,-4.88,-112.24,-161.04,-185.44,-126.88
-87.84,-97.6,-9.76,92.72,-39.04,-53.68,19.52,9.76,-97.6,-156.16,-180.56,-126.88
-82.96,-92.72,-9.76,87.84,-39.04,-53.68,24.4,24.4,-92.72,-146.4,-175.68,-126.88
-73.2,-82.96,-9.76,78.08,-34.16,-48.8,39.04,43.92,-78.08,-141.52,-165.92,-112.24
-82.96,-92.72,-9.76,87.84,-39.04,-53.68,43.92,53.68,-78.08,-146.4,-165.92,-107.36
-87.84,-97.6,-9.76,92.72,-39.04,-53.68,43.92,58.56,-78.08,-151.28,-170.8,-107.36
-82.96,-92.72,-9.76,87.84,-39.04,-53.68,48.8,63.44,-73.2,-156.16,-180.56,-107.36
-82.96,-97.6,-14.64,92.72,-34.16,-58.56,53.68,68.32,-78.08,-156.16,-180.56,-107.36
-82.96,-102.48,-19.52,92.72,-34.16,-63.44,73.2,82.96,-58.56,-146.4,-165.92,-102.48
-68.32,-92.72,-24.4,82.96,-24.4,-58.56,78.08,78.08,-48.8,-146.4,-165.92,-102.48
-68.32,-92.72,-24.4,82.96,-24.4,-58.56,73.2,78.08,-53.68,-141.52,-170.8,-107.36
-73.2,-92.72,-19.52,82.96,-29.28,-58.56,68.32,78.08,-58.56,-141.52,-175.68,-102.48
-78.08,-97.6,-19.52,87.84,-29.28,-58.56,78.08,82.96,-43.92,-141.52,-170.8,-102.48
-73.2,-87.84,-14.64,82.96,-29.28,-53.68,73.2,82.96,-48.8,-141.52,-165.92,-97.6
-63.44,-87.84,-24.4,78.08,-19.52,-58.56,73.2,87.84,-53.68,-146.4,-170.8,-102.48
-68.32,-92.72,-24.4,82.96,-24.4,-58.56,73.2,87.84,-53.68,-156.16,-175.68,-107.36
-73.2,-87.84,-14.64,82.96,-29.28,-53.68,73.2,82.96,-58.56,-161.04,-180.56,-112.24
-73.2,-87.84,-14.64,82.96,-29.28,-53.68,68.32,78.08,-68.32,-161.04,-180.56,-117.12
-78.08,-87.84,-9.76,82.96,-34.16,-48.8,78.08,92.72,-53.68,-156.16,-170.8,-117.12
-68.32,-82.96,-14.64,78.08,-29.28,-48.8,78.08,92.72,-39.04,-146.4,-165.92,-107.36
-68.32,-82.96,-14.64,78.08,-29.28,-48.8,78.08,92.72,-39.04,-141.52,-161.04,-102.48
-63.44,-82.96,-19.52,73.2,-24.4,-53.68,73.2,92.72,-43.92,-141.52,-156.16,-102.48
-58.56,-73.2,-14.64,68.32,-24.4,-43.92,78.08,97.6,-34.16,-136.64,-146.4,-92.72
-58.56,-73.2,-14.64,68.32,-24.4,-43.92,82.96,92.72,-39.04,-136.64,-146.4,-82.96
-63.44,-78.08,-14.64,73.2,-24.4,-48.8,87.84,102.48,-43.92,-141.52,-146.4,-87.84
-58.56,-78.08,-19.52,68.32,-19.52,-48.8,82.96,102.48,-43.92,-141.52,-146.4,-87.84
-63.44,-82.96,-19.52,73.2,-24.4,-53.68,78.08,97.6,-48.8,-156.16,-161.04,-92.72
-58.56,-87.84,-29.28,73.2,-14.64,-58.56,78.08,97.6,-48.8,-156.16,-161.04,-87.84
-63.44,-82.96,-19.52,73.2,-24.4,-53.68,82.96,97.6,-48.8,-156.16,-165.92,-97.6
-68.32,-92.72,-24.4,82.96,-24.4,-58.56,82.96,87.84,-48.8,-161.04,-165.92,-92.72
-63.44,-87.84,-24.4,78.08,-19.52,-58.56,82.96,87.84,-48.8,-161.04,-165.92,-92.72
-63.44,-82.96,-19.52,73.2,-24.4,-53.68,78.08,87.84,-43.92,-151.28,-165.92,-87.84
-63.44,-73.2,-9.76,68.32,-29.28,-43.92,82.96,92.72,-43.92,-146.4,-161.04,-82.96
-53.68,-68.32,-14.64,63.44,-19.52,-43.92,78.08,97.6,-39.04,-146.4,-146.4,-73.2
-58.56,-68.32,-9.76,63.44,-24.4,-39.04,68.32,97.6,-48.8,-151.28,-151.28,-78.08
-58.56,-63.44,-4.88,63.44,-29.28,-34.16,68.32,97.6,-48.8,-156.16,-151.28,-73.2
-58.56,-68.32,-9.76,63.44,-24.4,-39.04,68.32,92.72,-53.68,-165.92,-156.16,-73.2
-63.44,-68.32,-4.88,68.32,-29.28,-39.04,68.32,92.72,-53.68,-165.92,-151.28,-73.2
-58.56,-68.32,-9.76,63.44,-24.4,-39.04,73.2,97.6,-48.8,-161.04,-146.4,-78.08
-68.32,-78.08,-9.76,73.2,-29.28,-43.92,73.2,92.72,-39.04,-156.16,-141.52,-78.08
-63.44,-73.2,-9.76,68.32,-29.28,-43.92,68.32,87.84,-43.92,-156.16,-141.52,-82.96
-58.56,-68.32,-9.76,63.44,-24.4,-39.04,73.2,87.84,-43.92,-151.28,-136.64,-78.08
-63.44,-63.44,0,63.44,-34.16,-34.16,73.2,87.84,-39.04,-151.28,-136.64,-68.32
-53.68,-58.56,-4.88,58.56,-24.4,-34.16,78.08,92.72,-34.16,-141.52,-126.88,-63.44
-58.56,-58.56,0,58.56,-29.28,-29.28,73.2,97.6,-39.04,-141.52,-126.88,-63.44
-58.56,-58.56,0,58.56,-29.28,-29.28,68.32,97.6,-43.92,-151.28,-131.76,-63.44
-53.68,-58.56,-4.88,58.56,-24.4,-34.16,78.08,107.36,-39.04,-146.4,-131.76,-53.68
-48.8,-68.32,-19.52,58.56,-14.64,-43.92,68.32,102.48,-39.04,-156.16,-131.76,-53.68
-53.68,-73.2,-19.52,63.44,-19.52,-48.8,73.2,102.48,-39.04,-151.28,-126.88,-53.68
-53.68,-73.2,-19.52,63.44,-19.52,-48.8,73.2,97.6,-29.28,-146.4,-122,-48.8
-53.68,-78.08,-24.4,68.32,-14.64,-53.68,68.32,92.72,-34.16,-141.52,-122,-53.68
-48.8,-63.44,-14.64,58.56,-19.52,-39.04,68.32,92.72,-34.16,-141.52,-117.12,-53.68
-48.8,-53.68,-4.88,53.68,-24.4,-29.28,63.44,87.84,-34.16,-146.4,-122,-53.68
-43.92,-48.8,-4.88,48.8,-19.52,-29.28,58.56,92.72,-39.04,-136.64,-117.12,-48.8
-39.04,-39.04,0,39.04,-19.52,-19.52,58.56,97.6,-34.16,-141.52,-117.12,-48.8
-43.92,-48.8,-4.88,48.8,-19.52,-29.28,53.68,92.72,-39.04,-146.4,-117.12,-58.56
-43.92,-43.92,0,43.92,-24.4,-24.4,58.56,92.72,-39.04,-146.4,-122,-58.56
-34.16,-48.8,-14.64,43.92,-9.76,-34.16,53.68,92.72,-29.28,-146.4,-107.36,-58.56
-43.92,-58.56,-14.64,53.68,-14.64,-39.04,58.56,92.72,-29.28,-146.4,-112.24,-68.32
-43.92,-58.56,-14.64,53.68,-14.64,-39.04,63.44,92.72,-24.4,-141.52,-107.36,-73.2
-43.92,-58.56,-14.64,53.68,-14.64,-39.04,63.44,87.84,-24.4,-141.52,-102.48,-73.2
-43.92,-58.56,-14.64,53.68,-14.64,-39.04,58.56,82.96,-29.28,-136.64,-102.48,-78.08
-39.04,-43.92,-4.88,43.92,-19.52,-24.4,63.44,82.96,-29.28,-141.52,-107.36,-78.08
-39.04,-39.04,0,39.04,-19.52,-19.52,63.44,82.96,-34.16,-141.52,-97.6,-73.2
-43.92,-39.04,4.88,43.92,-24.4,-19.52,58.56,82.96,-34.16,-146.4,-107.36,-78.08
-43.92,-39.04,4.88,43.92,-24.4,-19.52,53.68,92.72,-34.16,-151.28,-107.36,-78.08
-48.8,-39.04,9.76,43.92,-29.28,-14.64,53.68,87.84,-34.16,-146.4,-117.12,-78.08
-43.92,-48.8,-4.88,48.8,-19.52,-29.28,48.8,87.84,-29.28,-151.28,-107.36,-82.96
-48.8,-53.68,-4.88,53.68,-24.4,-29.28,48.8,82.96,-29.28,-151.28,-112.24,-87.84
-43.92,-48.8,-4.88,48.8,-19.52,-29.28,48.8,78.08,-24.4,-146.4,-107.36,-87.84
-43.92,-43.92,0,43.92,-24.4,-24.4,43.92,78.08,-24.4,-136.64,-97.6,-87.84
-48.8,-48.8,0,48.8,-24.4,-24.4,43.92,73.2,-29.28,-141.52,-97.6,-82.96
-43.92,-34.16,9.76,39.04,-29.28,-14.64,53.68,78.08,-24.4,-131.76,-87.84,-73.2
-43.92,-24.4,19.52,34.16,-34.16,-4.88,53.68,82.96,-29.28,-126.88,-78.08,-63.44
-43.92,-29.28,14.64,39.04,-29.28,-9.76,43.92,82.96,-34.16,-131.76,-82.96,-73.2
-39.04,-29.28,9.76,34.16,-24.4,-9.76,48.8,87.84,-24.4,-131.76,-73.2,-68.32
-39.04,-29.28,9.76,34.16,-24.4,-9.76,53.68,87.84,-24.4,-126.88,-68.32,-63.44
-34.16,-24.4,9.76,29.28,-24.4,-9.76,43.92,82.96,-29.28,-126.88,-78.08,-68.32
-29.28,-29.28,0,29.28,-14.64,-14.64,48.8,82.96,-19.52,-126.88,-87.84,-68.32
-39.04,-34.16,4.88,39.04,-24.4,-14.64,48.8,82.96,-14.64,-126.88,-82.96,-63.44
-34.16,-24.4,9.76,29.28,-24.4,-9.76,48.8,78.08,-14.64,-112.24,-78.08,-63.44
-24.4,-19.52,4.88,24.4,-14.64,-9.76,43.92,78.08,-9.76,-117.12,-68.32,-58.56
-34.16,-24.4,9.76,29.28,-24.4,-9.76,48.8,82.96,-9.76,-112.24,-68.32,-53.68
-29.28,-14.64,14.64,24.4,-24.4,0,43.92,92.72,-14.64,-112.24,-63.44,-43.92
-29.28,-14.64,14.64,24.4,-24.4,0,39.04,92.72,-14.64,-112.24,-63.44,-53.68
-34.16,-19.52,14.64,29.28,-24.4,-4.88,43.92,92.72,-14.64,-112.24,-68.32,-53.68
-29.28,-9.76,19.52,19.52,-24.4,4.88,48.8,92.72,-14.64,-107.36,-58.56,-53.68
-24.4,-14.64,9.76,19.52,-19.52,-4.88,43.92,97.6,-14.64,-107.36,-58.56,-53.68
-14.64,-4.88,9.76,9.76,-14.64,0,43.92,97.6,0,-102.48,-58.56,-58.56
-19.52,-4.88,14.64,14.64,-19.52,4.88,43.92,92.72,4.88,-97.6,-53.68,-53.68
-14.64,0,14.64,9.76,-14.64,4.88,39.04,87.84,0,-87.84,-43.92,-53.68
-9.76,4.88,14.64,4.88,-14.64,9.76,48.8,92.72,9.76,-78.08,-34.16,-48.8
-14.64,4.88,19.52,4.88,-19.52,9.76,48.8,97.6,14.64,-73.2,-39.04,-43.92
-9.76,14.64,24.4,0,-19.52,19.52,39.04,92.72,4.88,-78.08,-34.16,-39.04
-14.64,14.64,29.28,0,-24.4,19.52,34.16,97.6,4.88,-78.08,-34.16,-39.04
-19.52,4.88,24.4,9.76,-24.4,14.64,34.16,97.6,9.76,-73.2,-24.4,-34.16
-9.76,19.52,29.28,-4.88,-19.52,24.4,34.16,97.6,14.64,-73.2,-19.52,-34.16
-9.76,14.64,24.4,0,-19.52,19.52,29.28,97.6,14.64,-63.44,-24.4,-34.16
-9.76,14.64,24.4,0,-19.52,19.52,24.4,87.84,24.4,-73.2,-29.28,-48.8
-4.88,19.52,24.4,-4.88,-14.64,19.52,29.28,87.84,29.28,-63.44,-19.52,-43.92
0,29.28,29.28,-14.64,-14.64,29.28,29.28,92.72,34.16,-43.92,-9.76,-48.8
0,29.28,29.28,-14.64,-14.64,29.28,34.16,97.6,39.04,-39.04,-4.88,-43.92
0,34.16,34.16,-14.64,-19.52,34.16,39.04,102.48,43.92,-29.28,0,-34.16
-4.88,34.16,39.04,-14.64,-24.4,34.16,34.16,102.48,39.04,-24.4,9.76,-29.28
0,39.04,39.04,-19.52,-19.52,39.04,29.28,107.36,48.8,-19.52,19.52,-29.28
-9.76,34.16,43.92,-9.76,-29.28,39.04,29.28,112.24,53.68,-14.64,19.52,-24.4
0,34.16,34.16,-14.64,-19.52,34.16,24.4,107.36,53.68,-19.52,24.4,-19.52
4.88,39.04,34.16,-19.52,-14.64,34.16,24.4,107.36,58.56,-4.88,29.28,-14.64
4.88,34.16,29.28,-19.52,-14.64,29.28,19.52,102.48,73.2,0,39.04,-9.76
0,34.16,34.16,-14.64,-19.52,34.16,24.4,102.48,78.08,19.52,48.8,-4.88
9.76,39.04,29.28,-24.4,-9.76,34.16,19.52,102.48,82.96,24.4,63.44,4.88
9.76,43.92,34.16,-24.4,-14.64,39.04,19.52,102.48,92.72,34.16,68.32,14.64
19.52,58.56,39.04,-39.04,-9.76,48.8,19.52,107.36,97.6,48.8,73.2,19.52
14.64,73.2,58.56,-43.92,-24.4,63.44,19.52,117.12,102.48,58.56,97.6,34.16
14.64,73.2,58.56,-43.92,-24.4,63.44,9.76,112.24,102.48,58.56,97.6,34.16
24.4,82.96,58.56,-53.68,-19.52,68.32,9.76,117.12,107.36,68.32,102.48,34.16
24.4,82.96,58.56,-53.68,-19.52,68.32,9.76,122,117.12,78.08,112.24,43.92
24.4,78.08,53.68,-48.8,-14.64,63.44,4.88,126.88,122,87.84,122,53.68
29.28,82.96,53.68,-53.68,-14.64,68.32,4.88,122,136.64,92.72,122,63.44
29.28,87.84,58.56,-58.56,-14.64,73.2,4.88,122,146.4,112.24,141.52,68.32
39.04,92.72,53.68,-63.44,-9.76,73.2,0,122,151.28,122,156.16,78.08
39.04,102.48,63.44,-68.32,-14.64,82.96,-4.88,122,161.04,136.64,165.92,87.84
43.92,107.36,63.44,-73.2,-9.76,82.96,0,122,165.92,141.52,175.68,97.6
43.92,117.12,73.2,-78.08,-14.64,92.72,0,131.76,175.68,170.8,195.2,122
48.8,117.12,68.32,-82.96,-9.76,92.72,-14.64,126.88,175.68,170.8,200.08,122
48.8,122,73.2,-82.96,-14.64,97.6,-9.76,131.76,185.44,185.44,209.84,131.76
53.68,131.76,78.08,-92.72,-14.64,102.48,-14.64,126.88,195.2,195.2,229.36,136.64
53.68,126.88,73.2,-87.84,-9.76,97.6,-14.64,131.76,195.2,209.84,239.12,141.52
58.56,131.76,73.2,-92.72,-9.76,102.48,-19.52,131.76,209.84,209.84,239.12,146.4
53.68,131.76,78.08,-92.72,-14.64,102.48,-24.4,126.88,214.72,224.48,248.88,161.04
58.56,136.64,78.08,-97.6,-9.76,107.36,-19.52,126.88,224.48,244,273.28,175.68
63.44,141.52,78.08,-102.48,-9.76,107.36,-19.52,131.76,229.36,253.76,287.92,185.44
63.44,141.52,78.08,-102.48,-9.76,107.36,-24.4,131.76,239.12,263.52,287.92,190.32
63.44,151.28,87.84,-107.36,-14.64,117.12,-29.28,131.76,234.24,273.28,297.68,200.08
73.2,151.28,78.08,-112.24,-4.88,112.24,-24.4,136.64,239.12,283.04,307.44,214.72
68.32,161.04,92.72,-112.24,-14.64,126.88,-29.28,136.64,244,287.92,322.08,224.48
78.08,175.68,97.6,-126.88,-9.76,136.64,-29.28,131.76,248.88,292.8,326.96,229.36
82.96,170.8,87.84,-126.88,-4.88,126.88,-29.28,131.76,248.88,297.68,326.96,229.36
82.96,165.92,82.96,-122,0,122,-29.28,131.76,263.52,302.56,326.96,234.24
82.96,170.8,87.84,-126.88,-4.88,126.88,-34.16,131.76,263.52,312.32,336.72,234.24
82.96,170.8,87.84,-126.88,-4.88,126.88,-39.04,126.88,263.52,317.2,351.36,234.24
87.84,185.44,97.6,-136.64,-4.88,141.52,-34.16,131.76,268.4,326.96,356.24,248.88
87.84,190.32,102.48,-136.64,-9.76,146.4,-34.16,126.88,273.28,326.96,356.24,253.76
73.2,180.56,107.36,-126.88,-19.52,141.52,-34.16,122,263.52,331.84,361.12,253.76
78.08,180.56,102.48,-126.88,-14.64,141.52,-34.16,122,263.52,326.96,366,263.52
82.96,185.44,102.48,-131.76,-9.76,141.52,-34.16,126.88,268.4,341.6,366,273.28
87.84,190.32,102.48,-136.64,-9.76,146.4,-39.04,117.12,273.28,336.72,370.88,278.16
87.84,195.2,107.36,-141.52,-9.76,151.28,-34.16,126.88,273.28,346.48,375.76,278.16
82.96,190.32,107.36,-136.64,-14.64,146.4,-43.92,122,273.28,341.6,366,273.28
87.84,190.32,102.48,-136.64,-9.76,146.4,-39.04,122,273.28,346.48,370.88,273.28
97.6,190.32,92.72,-141.52,0,141.52,-34.16,117.12,273.28,351.36,370.88,283.04
92.72,195.2,102.48,-141.52,-4.88,146.4,-34.16,107.36,268.4,341.6,366,278.16
97.6,195.2,97.6,-146.4,0,146.4,-34.16,112.24,273.28,341.6,366,278.16
87.84,195.2,107.36,-141.52,-9.76,151.28,-29.28,107.36,258.64,341.6,361.12,273.28
82.96,180.56,97.6,-131.76,-9.76,136.64,-29.28,107.36,248.88,326.96,351.36,268.4
78.08,175.68,97.6,-126.88,-9.76,136.64,-24.4,107.36,244,322.08,341.6,268.4
68.32,170.8,102.48,-117.12,-19.52,136.64,-24.4,97.6,244,312.32,326.96,263.52
73.2,170.8,97.6,-122,-14.64,131.76,-14.64,92.72,229.36,302.56,322.08,248.88
68.32,161.04,92.72,-112.24,-14.64,126.88,-14.64,92.72,229.36,278.16,297.68,234.24
63.44,146.4,82.96,-102.48,-9.76,112.24,-9.76,87.84,219.6,263.52,287.92,219.6
68.32,146.4,78.08,-107.36,-4.88,112.24,-14.64,78.08,209.84,263.52,278.16,214.72
68.32,146.4,78.08,-107.36,-4.88,112.24,-9.76,73.2,204.96,248.88,268.4,204.96
63.44,136.64,73.2,-97.6,-4.88,102.48,-14.64,73.2,195.2,234.24,253.76,195.2
48.8,126.88,78.08,-87.84,-14.64,102.48,-4.88,68.32,175.68,224.48,239.12,185.44
39.04,117.12,78.08,-78.08,-19.52,97.6,-4.88,58.56,161.04,200.08,219.6,180.56
34.16,107.36,73.2,-68.32,-19.52,87.84,-4.88,58.56,156.16,190.32,214.72,170.8
29.28,97.6,68.32,-63.44,-19.52,82.96,0,48.8,146.4,180.56,204.96,156.16
24.4,87.84,63.44,-53.68,-19.52,73.2,-4.88,39.04,126.88,156.16,190.32,141.52
19.52,78.08,58.56,-48.8,-19.52,68.32,0,39.04,126.88,151.28,175.68,126.88
19.52,68.32,48.8,-43.92,-14.64,58.56,0,29.28,117.12,136.64,165.92,112.24
19.52,73.2,53.68,-43.92,-19.52,63.44,4.88,19.52,107.36,122,156.16,102.48
19.52,68.32,48.8,-43.92,-14.64,58.56,4.88,14.64,97.6,112.24,146.4,92.72
4.88,63.44,58.56,-34.16,-29.28,58.56,4.88,14.64,92.72,107.36,141.52,87.84
9.76,58.56,48.8,-34.16,-19.52,53.68,9.76,9.76,78.08,97.6,136.64,82.96
4.88,48.8,43.92,-24.4,-19.52,43.92,9.76,0,63.44,78.08,126.88,73.2
0,39.04,39.04,-19.52,-19.52,39.04,4.88,0,53.68,73.2,117.12,63.44
0,39.04,39.04,-19.52,-19.52,39.04,4.88,0,48.8,68.32,102.48,48.8
-9.76,19.52,29.28,-4.88,-19.52,24.4,19.52,-9.76,39.04,58.56,97.6,48.8
-14.64,14.64,29.28,0,-24.4,19.52,4.88,-19.52,24.4,34.16,78.08,29.28
-14.64,9.76,24.4,4.88,-19.52,14.64,9.76,-24.4,24.4,34.16,78.08,24.4
-19.52,4.88,24.4,9.76,-24.4,14.64,4.88,-34.16,14.64,29.28,68.32,14.64
-19.52,9.76,29.28,4.88,-24.4,19.52,14.64,-34.16,19.52,29.28,68.32,14.64
-19.52,9.76,29.28,4.88,-24.4,19.52,14.64,-39.04,14.64,29.28,68.32,14.64
-19.52,4.88,24.4,9.76,-24.4,14.64,14.64,-43.92,0,24.4,63.44,4.88
-9.76,4.88,14.64,4.88,-14.64,9.76,19.52,-43.92,0,24.4,58.56,9.76
-19.52,-4.88,14.64,14.64,-19.52,4.88,19.52,-39.04,-4.88,14.64,48.8,4.88
-24.4,-9.76,14.64,19.52,-19.52,0,19.52,-48.8,-9.76,9.76,48.8,0
-29.28,-14.64,14.64,24.4,-24.4,0,19.52,-48.8,-19.52,4.88,43.92,-9.76
-34.16,-24.4,9.76,29.28,-24.4,-9.76,9.76,-58.56,-19.52,-9.76,29.28,-19.52
-34.16,-24.4,9.76,29.28,-24.4,-9.76,14.64,-58.56,-19.52,-4.88,29.28,-24.4
-34.16,-24.4,9.76,29.28,-24.4,-9.76,14.64,-63.44,-24.4,-9.76,29.28,-19.52
-29.28,-29.28,0,29.28,-14.64,-14.64,14.64,-63.44,-24.4,-9.76,34.16,-19.52
-34.16,-19.52,14.64,29.28,-24.4,-4.88,19.52,-53.68,-24.4,-4.88,43.92,-19.52
-34.16,-29.28,4.88,34.16,-19.52,-14.64,19.52,-53.68,-29.28,-9.76,39.04,-19.52
-34.16,-29.28,4.88,34.16,-19.52,-14.64,19.52,-58.56,-34.16,-14.64,34.16,-19.52
-29.28,-29.28,0,29.28,-14.64,-14.64,14.64,-53.68,-39.04,-19.52,43.92,-24.4
-34.16,-24.4,9.76,29.28,-24.4,-9.76,14.64,-68.32,-48.8,-24.4,43.92,-39.04
-34.16,-29.28,4.88,34.16,-19.52,-14.64,19.52,-63.44,-43.92,-19.52,43.92,-34.16
-43.92,-34.16,9.76,39.04,-29.28,-14.64,14.64,-68.32,-43.92,-19.52,39.04,-39.04
-43.92,-39.04,4.88,43.92,-24.4,-19.52,14.64,-68.32,-43.92,-24.4,39.04,-48.8
-39.04,-34.16,4.88,39.04,-24.4,-14.64,14.64,-73.2,-43.92,-24.4,43.92,-43.92
-39.04,-43.92,-4.88,43.92,-19.52,-24.4,19.52,-68.32,-43.92,-24.4,39.04,-39.04
-48.8,-39.04,9.76,43.92,-29.28,-14.64,14.64,-73.2,-43.92,-24.4,39.04,-43.92
-43.92,-39.04,4.88,43.92,-24.4,-19.52,19.52,-68.32,-48.8,-24.4,39.04,-39.04
-53.68,-39.04,14.64,48.8,-34.16,-14.64,19.52,-63.44,-48.8,-29.28,39.04,-39.04
-43.92,-39.04,4.88,43.92,-24.4,-19.52,24.4,-58.56,-58.56,-24.4,34.16,-34.16
-43.92,-43.92,0,43.92,-24.4,-24.4,24.4,-58.56,-53.68,-29.28,39.04,-39.04
-39.04,-43.92,-4.88,43.92,-19.52,-24.4,19.52,-63.44,-58.56,-29.28,29.28,-43.92
-39.04,-48.8,-9.76,43.92,-14.64,-29.28,24.4,-63.44,-53.68,-34.16,29.28,-48.8
-48.8,-48.8,0,48.8,-24.4,-24.4,24.4,-63.44,-48.8,-34.16,34.16,-53.68
-48.8,-43.92,4.88,48.8,-29.28,-19.52,24.4,-68.32,-48.8,-29.28,34.16,-48.8
-43.92,-48.8,-4.88,48.8,-19.52,-29.28,24.4,-58.56,-43.92,-29.28,39.04,-43.92
-48.8,-48.8,0,48.8,-24.4,-24.4,24.4,-58.56,-39.04,-29.28,43.92,-39.04
-48.8,-39.04,9.76,43.92,-29.28,-14.64,29.28,-53.68,-43.92,-19.52,43.92,-39.04
-48.8,-39.04,9.76,43.92,-29.28,-14.64,24.4,-53.68,-43.92,-24.4,43.92,-39.04
-43.92,-43.92,0,43.92,-24.4,-24.4,29.28,-39.04,-39.04,-19.52,48.8,-24.4
-39.04,-39.04,0,39.04,-19.52,-19.52,34.16,-34.16,-34.16,-14.64,48.8,-19.52
-39.04,-39.04,0,39.04,-19.52,-19.52,29.28,-39.04,-39.04,-19.52,43.92,-19.52
-39.04,-43.92,-4.88,43.92,-19.52,-24.4,24.4,-39.04,-34.16,-19.52,39.04,-19.52
-39.04,-39.04,0,39.04,-19.52,-19.52,29.28,-34.16,-29.28,-14.64,43.92,-14.64
-39.04,-39.04,0,39.04,-19.52,-19.52,29.28,-34.16,-29.28,-9.76,39.04,-14.64
-34.16,-29.28,4.88,34.16,-19.52,-14.64,34.16,-34.16,-29.28,-9.76,39.04,-14.64
-39.04,-34.16,4.88,39.04,-24.4,-14.64,29.28,-34.16,-24.4,-14.64,39.04,-9.76
-39.04,-34.16,4.88,39.04,-24.4,-14.64,29.28,-34.16,-29.28,-14.64,43.92,-4.88
-34.16,-29.28,4.88,34.16,-19.52,-14.64,29.28,-34.16,-29.28,-14.64,39.04,-4.88
-39.04,-34.16,4.88,39.04,-24.4,-14.64,29.28,-34.16,-29.28,-14.64,39.04,-4.88
-34.16,-29.28,4.88,34.16,-19.52,-14.64,29.28,-29.28,-24.4,-14.64,39.04,0
-34.16,-34.16,0,34.16,-19.52,-19.52,24.4,-29.28,-29.28,-14.64,34.16,0
-34.16,-34.16,0,34.16,-19.52,-19.52,24.4,-24.4,-29.28,-9.76,29.28,-9.76
-34.16,-24.4,9.76,29.28,-24.4,-9.76,34.16,-14.64,-19.52,-4.88,39.04,4.88
-29.28,-24.4,4.88,29.28,-19.52,-9.76,29.28,-24.4,-24.4,-14.64,34.16,-9.76
-29.28,-24.4,4.88,29.28,-19.52,-9.76,24.4,-24.4,-19.52,-14.64,34.16,-14.64
-29.28,-19.52,9.76,24.4,-19.52,-4.88,24.4,-24.4,-14.64,-9.76,34.16,-9.76
-34.16,-24.4,9.76,29.28,-24.4,-9.76,34.16,-19.52,-19.52,-4.88,34.16,-9.76
-29.28,-19.52,9.76,24.4,-19.52,-4.88,34.16,-19.52,-19.52,-9.76,34.16,-14.64
-29.28,-19.52,9.76,24.4,-19.52,-4.88,39.04,-9.76,-14.64,-4.88,29.28,-9.76
-29.28,-19.52,9.76,24.4,-19.52,-4.88,39.04,-19.52,-14.64,0,29.28,-9.76
-24.4,-9.76,14.64,19.52,-19.52,0,34.16,-14.64,-19.52,-4.88,19.52,-14.64
-24.4,-14.64,9.76,19.52,-19.52,-4.88,29.28,-19.52,-19.52,-9.76,19.52,-19.52
-24.4,-14.64,9.76,19.52,-19.52,-4.88,29.28,-14.64,-14.64,-4.88,24.4,-14.64
-19.52,-4.88,14.64,14.64,-19.52,4.88,29.28,-4.88,-9.76,4.88,24.4,-4.88
-19.52,-4.88,14.64,14.64,-19.52,4.88,34.16,-4.88,-4.88,4.88,24.4,-4.88
-19.52,0,19.52,9.76,-19.52,9.76,39.04,-4.88,4.88,4.88,34.16,4.88
-24.4,0,24.4,14.64,-24.4,9.76,34.16,-4.88,0,9.76,34.16,9.76
-14.64,-4.88,9.76,9.76,-14.64,0,29.28,-4.88,-4.88,4.88,24.4,9.76
-14.64,0,14.64,9.76,-14.64,4.88,39.04,4.88,0,14.64,34.16,19.52
-14.64,-4.88,9.76,9.76,-14.64,0,34.16,4.88,0,14.64,29.28,19.52
-14.64,0,14.64,9.76,-14.64,4.88,39.04,4.88,0,14.64,34.16,24.4
-9.76,0,9.76,4.88,-9.76,4.88,34.16,0,4.88,4.88,29.28,19.52
-14.64,0,14.64,9.76,-14.64,4.88,29.28,0,4.88,9.76,29.28,29.28
-9.76,4.88,14.64,4.88,-14.64,9.76,39.04,4.88,9.76,14.64,29.28,34.16
-9.76,0,9.76,4.88,-9.76,4.88,39.04,9.76,14.64,19.52,39.04,39.04
-4.88,4.88,9.76,0,-9.76,4.88,34.16,9.76,14.64,19.52,34.16,39.04
4.88,19.52,14.64,-9.76,-4.88,14.64,39.04,14.64,9.76,24.4,34.16,43.92
0,19.52,19.52,-9.76,-9.76,19.52,34.16,9.76,14.64,19.52,34.16,43.92
0,14.64,14.64,-4.88,-9.76,14.64,34.16,14.64,14.64,24.4,39.04,39.04
0,14.64,14.64,-4.88,-9.76,14.64,34.16,14.64,14.64,19.52,34.16,39.04
-9.76,4.88,14.64,4.88,-14.64,9.76,39.04,9.76,4.88,14.64,24.4,34.16
-9.76,4.88,14.64,4.88,-14.64,9.76,39.04,9.76,14.64,14.64,29.28,34.16
-4.88,9.76,14.64,0,-9.76,9.76,34.16,9.76,9.76,19.52,24.4,29.28
0,14.64,14.64,-4.88,-9.76,14.64,29.28,4.88,9.76,14.64,24.4,19.52
9.76,24.4,14.64,-14.64,-4.88,19.52,34.16,4.88,4.88,14.64,24.4,19.52
-4.88,19.52,24.4,-4.88,-14.64,19.52,29.28,4.88,9.76,14.64,24.4,24.4
4.88,24.4,19.52,-14.64,-9.76,19.52,34.16,14.64,9.76,19.52,29.28,29.28
-4.88,19.52,24.4,-4.88,-14.64,19.52,34.16,14.64,9.76,19.52,34.16,29.28
-4.88,19.52,24.4,-4.88,-14.64,19.52,29.28,9.76,4.88,14.64,24.4,24.4
9.76,19.52,9.76,-14.64,0,14.64,24.4,14.64,9.76,14.64,29.28,24.4
0,9.76,9.76,-4.88,-4.88,9.76,24.4,14.64,4.88,19.52,24.4,19.52
-4.88,4.88,9.76,0,-9.76,4.88,24.4,4.88,4.88,9.76,19.52,9.76
0,14.64,14.64,-4.88,-9.76,14.64,24.4,4.88,0,9.76,19.52,9.76
-9.76,9.76,19.52,0,-14.64,14.64,29.28,9.76,4.88,9.76,19.52,9.76
-4.88,4.88,9.76,0,-9.76,4.88,29.28,4.88,4.88,4.88,14.64,4.88
0,14.64,14.64,-4.88,-9.76,14.64,34.16,4.88,4.88,9.76,24.4,9.76
4.88,14.64,9.76,-9.76,-4.88,9.76,34.16,9.76,0,9.76,24.4,19.52
4.88,19.52,14.64,-9.76,-4.88,14.64,39.04,14.64,4.88,14.64,24.4,19.52
4.88,9.76,4.88,-4.88,0,4.88,34.16,9.76,-4.88,4.88,14.64,14.64
0,9.76,9.76,-4.88,-4.88,9.76,34.16,14.64,-4.88,4.88,19.52,9.76
4.88,14.64,9.76,-9.76,-4.88,9.76,29.28,9.76,-9.76,4.88,14.64,9.76
0,4.88,4.88,0,-4.88,4.88,24.4,4.88,-4.88,4.88,9.76,4.88
4.88,9.76,4.88,-4.88,0,4.88,29.28,9.76,0,4.88,14.64,9.76
9.76,9.76,0,-9.76,4.88,4.88,34.16,4.88,-4.88,4.88,9.76,0
4.88,4.88,0,-4.88,0,0,29.28,0,-4.88,-4.88,9.76,0
4.88,9.76,4.88,-4.88,0,4.88,29.28,4.88,0,4.88,19.52,9.76
9.76,9.76,0,-9.76,4.88,4.88,29.28,4.88,-4.88,4.88,14.64,4.88
4.88,14.64,9.76,-9.76,-4.88,9.76,34.16,4.88,-4.88,4.88,9.76,9.76
9.76,14.64,4.88,-9.76,0,9.76,39.04,4.88,-4.88,4.88,14.64,9.76
4.88,4.88,0,-4.88,0,0,34.16,9.76,-9.76,4.88,9.76,0
9.76,9.76,0,-9.76,4.88,4.88,29.28,9.76,-14.64,0,4.88,0
14.64,9.76,-4.88,-9.76,9.76,0,29.28,9.76,-9.76,0,4.88,0
14.64,4.88,-9.76,-9.76,9.76,-4.88,24.4,4.88,-9.76,0,0,0
14.64,9.76,-4.88,-9.76,9.76,0,34.16,9.76,-9.76,4.88,14.64,4.88
9.76,9.76,0,-9.76,4.88,4.88,29.28,4.88,-14.64,0,4.88,0
9.76,9.76,0,-9.76,4.88,4.88,24.4,-4.88,-9.76,0,0,-4.88
4.88,9.76,4.88,-4.88,0,4.88,34.16,4.88,-9.76,14.64,4.88,4.88
9.76,4.88,-4.88,-4.88,4.88,0,29.28,4.88,-14.64,4.88,4.88,0
19.52,14.64,-4.88,-14.64,9.76,4.88,24.4,0,-19.52,0,0,4.88
14.64,14.64,0,-14.64,4.88,4.88,29.28,4.88,-14.64,4.88,4.88,9.76
14.64,9.76,-4.88,-9.76,9.76,0,19.52,4.88,-19.52,4.88,0,0
19.52,14.64,-4.88,-14.64,9.76,4.88,19.52,4.88,-19.52,-4.88,-9.76,-4.88
14.64,14.64,0,-14.64,4.88,4.88,19.52,4.88,-19.52,0,-4.88,-4.88
19.52,9.76,-9.76,-14.64,14.64,0,19.52,4.88,-19.52,-14.64,-4.88,-9.76
14.64,9.76,-4.88,-9.76,9.76,0,19.52,0,-24.4,-4.88,-9.76,-9.76
4.88,4.88,0,-4.88,0,0,19.52,0,-24.4,-9.76,-9.76,-9.76
9.76,9.76,0,-9.76,4.88,4.88,19.52,0,-29.28,-4.88,-4.88,-9.76
14.64,4.88,-9.76,-9.76,9.76,-4.88,24.4,0,-34.16,-4.88,-9.76,-14.64
4.88,4.88,0,-4.88,0,0,19.52,-4.88,-34.16,-9.76,-14.64,-19.52
9.76,9.76,0,-9.76,4.88,4.88,14.64,-9.76,-34.16,-14.64,-19.52,-14.64
9.76,4.88,-4.88,-4.88,4.88,0,14.64,0,-34.16,-9.76,-9.76,-9.76
14.64,4.88,-9.76,-9.76,9.76,-4.88,14.64,-4.88,-34.16,-14.64,-14.64,-14.64
14.64,9.76,-4.88,-9.76,9.76,0,24.4,4.88,-29.28,-4.88,-4.88,-9.76
14.64,4.88,-9.76,-9.76,9.76,-4.88,19.52,0,-29.28,-4.88,-14.64,-19.52
14.64,9.76,-4.88,-9.76,9.76,0,19.52,-4.88,-29.28,-9.76,-9.76,-14.64
4.88,4.88,0,-4.88,0,0,19.52,0,-29.28,-4.88,-4.88,-9.76
0,0,0,0,0,0,19.52,0,-29.28,0,0,-9.76
14.64,4.88,-9.76,-9.76,9.76,-4.88,14.64,-9.76,-34.16,-4.88,-9.76,-14.64
4.88,4.88,0,-4.88,0,0,14.64,-9.76,-34.16,-9.76,-9.76,-14.64
9.76,0,-9.76,-4.88,9.76,-4.88,19.52,-9.76,-39.04,-14.64,-4.88,-9.76
14.64,4.88,-9.76,-9.76,9.76,-4.88,9.76,-14.64,-43.92,-14.64,-9.76,-9.76
9.76,0,-9.76,-4.88,9.76,-4.88,9.76,-4.88,-34.16,-9.76,-9.76,-9.76
14.64,9.76,-4.88,-9.76,9.76,0,14.64,-4.88,-29.28,-9.76,-4.88,-4.88
19.52,4.88,-14.64,-9.76,14.64,-4.88,14.64,-9.76,-34.16,-9.76,-9.76,-9.76
14.64,0,-14.64,-4.88,14.64,-9.76,14.64,-4.88,-29.28,-9.76,-4.88,-4.88
24.4,9.76,-14.64,-14.64,19.52,-4.88,9.76,-9.76,-24.4,-9.76,-4.88,0
19.52,14.64,-4.88,-14.64,9.76,4.88,14.64,0,-24.4,-4.88,0,4.88
14.64,14.64,0,-14.64,4.88,4.88,19.52,-4.88,-29.28,-9.76,-4.88,0
14.64,14.64,0,-14.64,4.88,4.88,24.4,-4.88,-29.28,-14.64,4.88,4.88
9.76,9.76,0,-9.76,4.88,4.88,19.52,-4.88,-34.16,-14.64,4.88,0
19.52,14.64,-4.88,-14.64,9.76,4.88,19.52,-9.76,-39.04,-9.76,-4.88,4.88
19.52,14.64,-4.88,-14.64,9.76,4.88,14.64,-4.88,-39.04,-14.64,-9.76,0
19.52,19.52,0,-19.52,9.76,9.76,14.64,-4.88,-39.04,-14.64,-9.76,0
29.28,19.52,-9.76,-24.4,19.52,4.88,19.52,-4.88,-34.16,-14.64,4.88,4.88
19.52,14.64,-4.88,-14.64,9.76,4.88,19.52,0,-34.16,-14.64,0,0
24.4,19.52,-4.88,-19.52,14.64,4.88,14.64,-4.88,-39.04,-19.52,0,0
29.28,24.4,-4.88,-24.4,14.64,9.76,19.52,0,-34.16,-19.52,0,4.88
29.28,19.52,-9.76,-24.4,19.52,4.88,14.64,0,-34.16,-19.52,0,0
24.4,24.4,0,-24.4,9.76,9.76,19.52,-4.88,-39.04,-19.52,0,0
24.4,19.52,-4.88,-19.52,14.64,4.88,19.52,-4.88,-43.92,-24.4,-9.76,-4.88
24.4,19.52,-4.88,-19.52,14.64,4.88,19.52,0,-39.04,-19.52,-4.88,0
29.28,19.52,-9.76,-24.4,19.52,4.88,19.52,0,-34.16,-19.52,-4.88,0
19.52,14.64,-4.88,-14.64,9.76,4.88,9.76,-4.88,-39.04,-29.28,-4.88,-4.88
14.64,4.88,-9.76,-9.76,9.76,-4.88,14.64,-4.88,-39.04,-29.28,-4.88,-4.88
19.52,9.76,-9.76,-14.64,14.64,0,9.76,0,-39.04,-29.28,-4.88,-4.88
14.64,19.52,4.88,-14.64,4.88,9.76,9.76,-4.88,-39.04,-24.4,0,-9.76
29.28,24.4,-4.88,-24.4,14.64,9.76,9.76,-4.88,-39.04,-24.4,0,-14.64
34.16,24.4,-9.76,-29.28,19.52,4.88,9.76,-4.88,-43.92,-29.28,0,-14.64
29.28,19.52,-9.76,-24.4,19.52,4.88,14.64,0,-43.92,-29.28,0,-19.52
34.16,19.52,-14.64,-24.4,24.4,0,4.88,-9.76,-48.8,-34.16,-4.88,-24.4
29.28,9.76,-19.52,-19.52,24.4,-4.88,0,-14.64,-48.8,-34.16,-4.88,-24.4
29.28,9.76,-19.52,-19.52,24.4,-4.88,4.88,-4.88,-48.8,-39.04,0,-24.4
34.16,19.52,-14.64,-24.4,24.4,0,0,-4.88,-48.8,-39.04,-4.88,-29.28
29.28,14.64,-14.64,-19.52,19.52,0,0,0,-48.8,-39.04,0,-24.4
34.16,19.52,-14.64,-24.4,24.4,0,0,-4.88,-48.8,-43.92,-4.88,-34.16
34.16,24.4,-9.76,-29.28,19.52,4.88,0,-9.76,-48.8,-39.04,0,-29.28
43.92,24.4,-19.52,-34.16,29.28,0,9.76,0,-43.92,-34.16,4.88,-24.4
43.92,19.52,-24.4,-29.28,34.16,-4.88,9.76,4.88,-43.92,-39.04,4.88,-24.4
43.92,19.52,-24.4,-29.28,34.16,-4.88,9.76,-4.88,-48.8,-43.92,4.88,-34.16
43.92,24.4,-19.52,-34.16,29.28,0,9.76,4.88,-43.92,-43.92,4.88,-29.28
48.8,24.4,-24.4,-34.16,34.16,0,9.76,-4.88,-39.04,-43.92,0,-29.28
48.8,19.52,-29.28,-34.16,39.04,-4.88,4.88,0,-43.92,-43.92,0,-29.28
53.68,24.4,-29.28,-39.04,39.04,-4.88,0,4.88,-43.92,-48.8,0,-29.28
39.04,19.52,-19.52,-29.28,29.28,0,-4.88,0,-43.92,-58.56,-4.88,-29.28
43.92,24.4,-19.52,-34.16,29.28,0,0,0,-43.92,-63.44,-4.88,-34.16
48.8,29.28,-19.52,-39.04,34.16,4.88,4.88,4.88,-39.04,-58.56,0,-34.16
43.92,29.28,-14.64,-34.16,29.28,4.88,0,0,-53.68,-63.44,-4.88,-39.04
43.92,29.28,-14.64,-34.16,29.28,4.88,4.88,0,-48.8,-58.56,-4.88,-39.04
39.04,24.4,-14.64,-29.28,24.4,4.88,4.88,0,-48.8,-58.56,-4.88,-39.04
39.04,19.52,-19.52,-29.28,29.28,0,0,-4.88,-53.68,-68.32,-9.76,-39.04
43.92,24.4,-19.52,-34.16,29.28,0,4.88,0,-43.92,-63.44,0,-39.04
43.92,24.4,-19.52,-34.16,29.28,0,0,4.88,-48.8,-68.32,-9.76,-39.04
48.8,24.4,-24.4,-34.16,34.16,0,-4.88,0,-48.8,-73.2,-14.64,-43.92
39.04,19.52,-19.52,-29.28,29.28,0,4.88,4.88,-48.8,-63.44,-9.76,-39.04
34.16,14.64,-19.52,-24.4,24.4,-4.88,0,-4.88,-53.68,-68.32,-4.88,-39.04
39.04,19.52,-19.52,-29.28,29.28,0,0,-9.76,-53.68,-68.32,-9.76,-43.92
39.04,24.4,-14.64,-29.28,24.4,4.88,4.88,0,-53.68,-63.44,-4.88,-43.92
39.04,14.64,-24.4,-24.4,29.28,-4.88,0,4.88,-58.56,-63.44,-4.88,-48.8
39.04,19.52,-19.52,-29.28,29.28,0,-4.88,0,-58.56,-63.44,-9.76,-53.68
39.04,9.76,-29.28,-24.4,34.16,-9.76,0,0,-53.68,-53.68,-14.64,-48.8
34.16,14.64,-19.52,-24.4,24.4,-4.88,0,0,-53.68,-48.8,-9.76,-43.92
39.04,19.52,-19.52,-29.28,29.28,0,0,0,-48.8,-48.8,-14.64,-48.8
34.16,14.64,-19.52,-24.4,24.4,-4.88,4.88,0,-48.8,-43.92,-9.76,-48.8
34.16,19.52,-14.64,-24.4,24.4,0,4.88,0,-43.92,-39.04,-9.76,-48.8
34.16,14.64,-19.52,-24.4,24.4,-4.88,0,-4.88,-48.8,-48.8,-14.64,-48.8
29.28,14.64,-14.64,-19.52,19.52,0,-4.88,4.88,-53.68,-48.8,-9.76,-48.8
34.16,19.52,-14.64,-24.4,24.4,0,0,0,-53.68,-43.92,-9.76,-43.92
34.16,9.76,-24.4,-19.52,29.28,-9.76,0,0,-53.68,-43.92,-9.76,-43.92
34.16,9.76,-24.4,-19.52,29.28,-9.76,0,0,-58.56,-48.8,-19.52,-48.8
39.04,4.88,-34.16,-19.52,34.16,-14.64,4.88,4.88,-53.68,-43.92,-14.64,-43.92
34.16,4.88,-29.28,-19.52,29.28,-14.64,0,-9.76,-53.68,-43.92,-14.64,-43.92
43.92,9.76,-34.16,-24.4,39.04,-14.64,0,-4.88,-48.8,-43.92,-19.52,-43.92
34.16,9.76,-24.4,-19.52,29.28,-9.76,4.88,0,-43.92,-39.04,-14.64,-39.04
34.16,4.88,-29.28,-19.52,29.28,-14.64,4.88,0,-48.8,-43.92,-19.52,-48.8
43.92,14.64,-29.28,-29.28,34.16,-9.76,4.88,4.88,-43.92,-39.04,-14.64,-39.04
39.04,14.64,-24.4,-24.4,29.28,-4.88,0,0,-58.56,-43.92,-19.52,-43.92
39.04,19.52,-19.52,-29.28,29.28,0,0,0,-53.68,-39.04,-14.64,-43.92
34.16,19.52,-14.64,-24.4,24.4,0,-4.88,4.88,-58.56,-43.92,-19.52,-48.8
29.28,14.64,-14.64,-19.52,19.52,0,-4.88,0,-58.56,-43.92,-19.52,-48.8
34.16,19.52,-14.64,-24.4,24.4,0,-9.76,-4.88,-58.56,-48.8,-14.64,-53.68
34.16,14.64,-19.52,-24.4,24.4,-4.88,0,0,-48.8,-43.92,-19.52,-48.8
39.04,14.64,-24.4,-24.4,29.28,-4.88,-9.76,-4.88,-53.68,-48.8,-29.28,-48.8
39.04,19.52,-19.52,-29.28,29.28,0,-4.88,0,-48.8,-43.92,-24.4,-43.92
34.16,14.64,-19.52,-24.4,24.4,-4.88,0,4.88,-43.92,-39.04,-19.52,-39.04
39.04,14.64,-24.4,-24.4,29.28,-4.88,-4.88,0,-43.92,-43.92,-14.64,-43.92
39.04,14.64,-24.4,-24.4,29.28,-4.88,-4.88,0,-48.8,-39.04,-14.64,-34.16
39.04,14.64,-24.4,-24.4,29.28,-4.88,-4.88,-4.88,-48.8,-48.8,-19.52,-39.04
34.16,14.64,-19.52,-24.4,24.4,-4.88,0,0,-48.8,-39.04,-19.52,-34.16
29.28,9.76,-19.52,-19.52,24.4,-4.88,-4.88,0,-53.68,-48.8,-24.4,-39.04
34.16,9.76,-24.4,-19.52,29.28,-9.76,-9.76,0,-48.8,-43.92,-19.52,-39.04
39.04,14.64,-24.4,-24.4,29.28,-4.88,-4.88,9.76,-43.92,-43.92,-24.4,-39.04
34.16,4.88,-29.28,-19.52,29.28,-14.64,-14.64,-4.88,-48.8,-48.8,-29.28,-43.92
29.28,9.76,-19.52,-19.52,24.4,-4.88,-9.76,-4.88,-53.68,-53.68,-29.28,-43.92
34.16,9.76,-24.4,-19.52,29.28,-9.76,-4.88,0,-48.8,-53.68,-19.52,-39.04
29.28,4.88,-24.4,-14.64,24.4,-9.76,0,9.76,-43.92,-48.8,-24.4,-39.04
39.04,19.52,-19.52,-29.28,29.28,0,-4.88,-4.88,-48.8,-48.8,-24.4,-39.04
34.16,19.52,-14.64,-24.4,24.4,0,-4.88,0,-43.92,-48.8,-24.4,-39.04
39.04,19.52,-19.52,-29.28,29.28,0,-4.88,0,-48.8,-48.8,-24.4,-39.04
34.16,9.76,-24.4,-19.52,29.28,-9.76,0,0,-43.92,-48.8,-24.4,-34.16
19.52,0,-19.52,-9.76,19.52,-9.76,-4.88,0,-43.92,-48.8,-19.52,-34.16
24.4,4.88,-19.52,-14.64,19.52,-9.76,-4.88,4.88,-43.92,-58.56,-24.4,-39.04
29.28,0,-29.28,-14.64,29.28,-14.64,-9.76,4.88,-48.8,-58.56,-34.16,-43.92
34.16,0,-34.16,-14.64,34.16,-19.52,-9.76,-4.88,-53.68,-58.56,-34.16,-43.92
34.16,9.76,-24.4,-19.52,29.28,-9.76,-9.76,0,-53.68,-63.44,-34.16,-53.68
24.4,0,-24.4,-9.76,24.4,-14.64,0,0,-43.92,-53.68,-34.16,-43.92
29.28,4.88,-24.4,-14.64,24.4,-9.76,-4.88,-4.88,-48.8,-48.8,-29.28,-43.92
34.16,9.76,-24.4,-19.52,29.28,-9.76,0,0,-43.92,-48.8,-24.4,-43.92
24.4,0,-24.4,-9.76,24.4,-14.64,0,0,-43.92,-48.8,-24.4,-39.04
34.16,4.88,-29.28,-19.52,29.28,-14.64,0,0,-43.92,-48.8,-34.16,-39.04
39.04,14.64,-24.4,-24.4,29.28,-4.88,0,0,-43.92,-43.92,-29.28,-34.16
34.16,9.76,-24.4,-19.52,29.28,-9.76,-4.88,4.88,-43.92,-48.8,-34.16,-39.04
34.16,9.76,-24.4,-19.52,29.28,-9.76,-4.88,4.88,-48.8,-48.8,-34.16,-39.04
29.28,4.88,-24.4,-14.64,24.4,-9.76,-9.76,0,-48.8,-48.8,-34.16,-43.92
29.28,0,-29.28,-14.64,29.28,-14.64,-14.64,-4.88,-48.8,-48.8,-34.16,-43.92
34.16,4.88,-29.28,-19.52,29.28,-14.64,-9.76,0,-43.92,-43.92,-29.28,-34.16
29.28,4.88,-24.4,-14.64,24.4,-9.76,-9.76,-4.88,-48.8,-48.8,-34.16,-39.04
34.16,14.64,-19.52,-24.4,24.4,-4.88,-4.88,4.88,-43.92,-43.92,-29.28,-34.16
39.04,9.76,-29.28,-24.4,34.16,-9.76,-9.76,0,-43.92,-48.8,-29.28,-34.16
29.28,4.88,-24.4,-14.64,24.4,-9.76,-9.76,4.88,-43.92,-53.68,-34.16,-39.04
34.16,9.76,-24.4,-19.52,29.28,-9.76,-4.88,4.88,-39.04,-48.8,-39.04,-39.04
34.16,4.88,-29.28,-19.52,29.28,-14.64,-4.88,9.76,-43.92,-48.8,-34.16,-34.16
34.16,4.88,-29.28,-19.52,29.28,-14.64,-4.88,4.88,-43.92,-58.56,-43.92,-39.04
34.16,4.88,-29.28,-19.52,29.28,-14.64,-4.88,4.88,-39.04,-53.68,-43.92,-39.04
29.28,4.88,-24.4,-14.64,24.4,-9.76,-4.88,0,-39.04,-53.68,-43.92,-39.04
34.16,4.88,-29.28,-19.52,29.28,-14.64,0,4.88,-34.16,-48.8,-39.04,-34.16
29.28,4.88,-24.4,-14.64,24.4,-9.76,-4.88,0,-34.16,-58.56,-43.92,-34.16
24.4,-4.88,-29.28,-9.76,24.4,-19.52,-4.88,0,-39.04,-53.68,-39.04,-34.16
29.28,4.88,-24.4,-14.64,24.4,-9.76,-4.88,0,-39.04,-53.68,-43.92,-39.04
29.28,0,-29.28,-14.64,29.28,-14.64,-9.76,0,-43.92,-58.56,-43.92,-39.04
29.28,4.88,-24.4,-14.64,24.4,-9.76,-9.76,0,-48.8,-53.68,-43.92,-39.04
39.04,9.76,-29.28,-24.4,34.16,-9.76,-14.64,4.88,-48.8,-53.68,-43.92,-39.04
34.16,0,-34.16,-14.64,34.16,-19.52,-14.64,4.88,-48.8,-58.56,-43.92,-39.04
39.04,4.88,-34.16,-19.52,34.16,-14.64,-9.76,0,-43.92,-58.56,-43.92,-39.04
29.28,4.88,-24.4,-14.64,24.4,-9.76,-9.76,0,-43.92,-58.56,-39.04,-39.04
29.28,4.88,-24.4,-14.64,24.4,-9.76,-14.64,0,-43.92,-58.56,-43.92,-34.16
34.16,9.76,-24.4,-19.52,29.28,-9.76,-9.76,4.88,-39.04,-58.56,-43.92,-43.92
29.28,4.88,-24.4,-14.64,24.4,-9.76,-9.76,4.88,-48.8,-53.68,-43.92,-39.04
29.28,4.88,-24.4,-14.64,24.4,-9.76,-9.76,0,-48.8,-58.56,-43.92,-39.04
29.28,9.76,-19.52,-19.52,24.4,-4.88,-4.88,4.88,-43.92,-58.56,-43.92,-34.16
29.28,4.88,-24.4,-14.64,24.4,-9.76,0,4.88,-43.92,-63.44,-43.92,-39.04
34.16,4.88,-29.28,-19.52,29.28,-14.64,4.88,9.76,-39.04,-58.56,-43.92,-29.28
29.28,4.88,-24.4,-14.64,24.4,-9.76,0,4.88,-39.04,-63.44,-48.8,-34.16
29.28,4.88,-24.4,-14.64,24.4,-9.76,-4.88,4.88,-39.04,-63.44,-48.8,-34.16
34.16,9.76,-24.4,-19.52,29.28,-9.76,0,9.76,-39.04,-63.44,-43.92,-34.16
43.92,9.76,-34.16,-24.4,39.04,-14.64,-4.88,0,-43.92,-73.2,-48.8,-43.92
34.16,4.88,-29.28,-19.52,29.28,-14.64,4.88,0,-39.04,-68.32,-48.8,-43.92
34.16,4.88,-29.28,-19.52,29.28,-14.64,0,4.88,-39.04,-63.44,-48.8,-39.04
29.28,0,-29.28,-14.64,29.28,-14.64,0,4.88,-43.92,-63.44,-58.56,-39.04
34.16,4.88,-29.28,-19.52,29.28,-14.64,0,4.88,-43.92,-63.44,-58.56,-43.92
34.16,4.88,-29.28,-19.52,29.28,-14.64,-4.88,0,-43.92,-68.32,-58.56,-48.8
34.16,9.76,-24.4,-19.52,29.28,-9.76,0,4.88,-43.92,-68.32,-58.56,-43.92
43.92,9.76,-34.16,-24.4,39.04,-14.64,-9.76,4.88,-48.8,-73.2,-58.56,-43.92
34.16,9.76,-24.4,-19.52,29.28,-9.76,-9.76,0,-43.92,-68.32,-53.68,-39.04
39.04,4.88,-34.16,-19.52,34.16,-14.64,-4.88,4.88,-43.92,-58.56,-48.8,-34.16
48.8,9.76,-39.04,-29.28,43.92,-14.64,-4.88,9.76,-43.92,-63.44,-48.8,-34.16
39.04,9.76,-29.28,-24.4,34.16,-9.76,-4.88,4.88,-43.92,-68.32,-53.68,-34.16
43.92,14.64,-29.28,-29.28,34.16,-9.76,-4.88,9.76,-39.04,-63.44,-48.8,-24.4
34.16,4.88,-29.28,-19.52,29.28,-14.64,-9.76,0,-48.8,-68.32,-53.68,-34.16
24.4,0,-24.4,-9.76,24.4,-14.64,-9.76,0,-48.8,-73.2,-58.56,-29.28
39.04,0,-39.04,-19.52,39.04,-19.52,-9.76,9.76,-48.8,-68.32,-53.68,-34.16
29.28,-4.88,-34.16,-9.76,29.28,-19.52,-9.76,9.76,-43.92,-68.32,-58.56,-34.16
29.28,-4.88,-34.16,-9.76,29.28,-19.52,-4.88,0,-53.68,-78.08,-63.44,-43.92
34.16,4.88,-29.28,-19.52,29.28,-14.64,-9.76,4.88,-48.8,-73.2,-53.68,-39.04
34.16,4.88,-29.28,-19.52,29.28,-14.64,-9.76,-4.88,-48.8,-73.2,-63.44,-43.92
39.04,9.76,-29.28,-24.4,34.16,-9.76,-9.76,-4.88,-48.8,-73.2,-58.56,-39.04
34.16,9.76,-24.4,-19.52,29.28,-9.76,-4.88,4.88,-43.92,-68.32,-53.68,-29.28
29.28,4.88,-24.4,-14.64,24.4,-9.76,-9.76,0,-43.92,-68.32,-58.56,-29.28
34.16,0,-34.16,-14.64,34.16,-19.52,-4.88,0,-43.92,-73.2,-58.56,-34.16
24.4,-4.88,-29.28,-9.76,24.4,-19.52,-9.76,0,-48.8,-78.08,-58.56,-43.92
34.16,4.88,-29.28,-19.52,29.28,-14.64,-9.76,9.76,-53.68,-73.2,-58.56,-34.16
34.16,0,-34.16,-14.64,34.16,-19.52,-9.76,4.88,-48.8,-73.2,-63.44,-39.04
29.28,-4.88,-34.16,-9.76,29.28,-19.52,-4.88,0,-53.68,-78.08,-63.44,-39.04
34.16,0,-34.16,-14.64,34.16,-19.52,-9.76,4.88,-48.8,-73.2,-58.56,-34.16
34.16,0,-34.16,-14.64,34.16,-19.52,-9.76,-4.88,-43.92,-78.08,-68.32,-39.04
29.28,4.88,-24.4,-14.64,24.4,-9.76,-4.88,4.88,-43.92,-73.2,-63.44,-34.16
34.16,9.76,-24.4,-19.52,29.28,-9.76,0,4.88,-39.04,-68.32,-58.56,-29.28
29.28,0,-29.28,-14.64,29.28,-14.64,0,4.88,-34.16,-68.32,-53.68,-29.28
34.16,9.76,-24.4,-19.52,29.28,-9.76,0,4.88,-43.92,-73.2,-58.56,-34.16
39.04,9.76,-29.28,-24.4,34.16,-9.76,0,9.76,-39.04,-68.32,-53.68,-29.28
39.04,9.76,-29.28,-24.4,34.16,-9.76,-4.88,0,-43.92,-78.08,-63.44,-34.16
39.04,0,-39.04,-19.52,39.04,-19.52,-4.88,0,-43.92,-78.08,-68.32,-34.16
29.28,0,-29.28,-14.64,29.28,-14.64,-4.88,0,-43.92,-82.96,-73.2,-39.04
29.28,0,-29.28,-14.64,29.28,-14.64,-9.76,-4.88,-43.92,-78.08,-68.32,-39.04
34.16,0,-34.16,-14.64,34.16,-19.52,0,-4.88,-39.04,-73.2,-58.56,-29.28
34.16,0,-34.16,-14.64,34.16,-19.52,-4.88,-9.76,-39.04,-82.96,-68.32,-34.16
34.16,4.88,-29.28,-19.52,29.28,-14.64,0,-4.88,-48.8,-82.96,-63.44,-29.28
29.28,0,-29.28,-14.64,29.28,-14.64,4.88,0,-43.92,-78.08,-58.56,-24.4
29.28,0,-29.28,-14.64,29.28,-14.64,4.88,-4.88,-48.8,-78.08,-63.44,-24.4
39.04,4.88,-34.16,-19.52,34.16,-14.64,0,0,-43.92,-78.08,-63.44,-24.4
39.04,4.88,-34.16,-19.52,34.16,-14.64,0,0,-43.92,-78.08,-63.44,-24.4
39.04,0,-39.04,-19.52,39.04,-19.52,-9.76,0,-48.8,-78.08,-73.2,-34.16
34.16,0,-34.16,-14.64,34.16,-19.52,-4.88,0,-48.8,-82.96,-73.2,-34.16
29.28,-4.88,-34.16,-9.76,29.28,-19.52,-9.76,-4.88,-53.68,-92.72,-78.08,-39.04
34.16,0,-34.16,-14.64,34.16,-19.52,0,0,-48.8,-78.08,-73.2,-29.28
39.04,4.88,-34.16,-19.52,34.16,-14.64,0,-4.88,-48.8,-78.08,-68.32,-34.16
29.28,0,-29.28,-14.64,29.28,-14.64,0,0,-48.8,-78.08,-68.32,-24.4
29.28,0,-29.28,-14.64,29.28,-14.64,0,0,-43.92,-73.2,-63.44,-24.4
14.64,-9.76,-24.4,0,19.52,-19.52,4.88,0,-43.92,-82.96,-68.32,-24.4
24.4,-4.88,-29.28,-9.76,24.4,-19.52,0,0,-43.92,-82.96,-68.32,-24.4
29.28,9.76,-19.52,-19.52,24.4,-4.88,-4.88,0,-43.92,-82.96,-73.2,-29.28
29.28,-4.88,-34.16,-9.76,29.28,-19.52,0,0,-48.8,-82.96,-73.2,-29.28
34.16,0,-34.16,-14.64,34.16,-19.52,4.88,0,-43.92,-82.96,-73.2,-29.28
24.4,-4.88,-29.28,-9.76,24.4,-19.52,0,0,-43.92,-78.08,-73.2,-24.4
29.28,-4.88,-34.16,-9.76,29.28,-19.52,-4.88,-4.88,-43.92,-82.96,-73.2,-24.4
24.4,0,-24.4,-9.76,24.4,-14.64,0,-4.88,-43.92,-78.08,-68.32,-24.4
19.52,-9.76,-29.28,-4.88,24.4,-19.52,-4.88,-4.88,-48.8,-78.08,-78.08,-34.16
14.64,-14.64,-29.28,0,19.52,-24.4,-4.88,0,-43.92,-68.32,-82.96,-29.28
24.4,-4.88,-29.28,-9.76,24.4,-19.52,0,-4.88,-43.92,-63.44,-82.96,-29.28
19.52,-9.76,-29.28,-4.88,24.4,-19.52,-4.88,-4.88,-48.8,-68.32,-87.84,-39.04
24.4,-4.88,-29.28,-9.76,24.4,-19.52,4.88,0,-43.92,-58.56,-82.96,-34.16
24.4,-4.88,-29.28,-9.76,24.4,-19.52,0,0,-43.92,-63.44,-82.96,-34.16
24.4,-4.88,-29.28,-9.76,24.4,-19.52,0,-9.76,-48.8,-63.44,-82.96,-34.16
24.4,-4.88,-29.28,-9.76,24.4,-19.52,0,0,-43.92,-48.8,-82.96,-29.28
24.4,-4.88,-29.28,-9.76,24.4,-19.52,0,0,-43.92,-48.8,-78.08,-29.28
19.52,-9.76,-29.28,-4.88,24.4,-19.52,-4.88,-4.88,-43.92,-48.8,-78.08,-34.16
19.52,-9.76,-29.28,-4.88,24.4,-19.52,0,-4.88,-43.92,-48.8,-78.08,-34.16
14.64,-9.76,-24.4,0,19.52,-19.52,-4.88,0,-48.8,-43.92,-78.08,-34.16
19.52,-9.76,-29.28,-4.88,24.4,-19.52,0,-4.88,-53.68,-48.8,-82.96,-34.16
14.64,-9.76,-24.4,0,19.52,-19.52,0,0,-48.8,-43.92,-82.96,-39.04
19.52,-9.76,-29.28,-4.88,24.4,-19.52,-4.88,-4.88,-53.68,-43.92,-87.84,-48.8
24.4,-9.76,-34.16,-4.88,29.28,-24.4,4.88,4.88,-43.92,-43.92,-82.96,-39.04
19.52,-14.64,-34.16,0,24.4,-24.4,4.88,0,-43.92,-48.8,-87.84,-43.92
19.52,-9.76,-29.28,-4.88,24.4,-19.52,0,0,-48.8,-48.8,-97.6,-43.92
29.28,-4.88,-34.16,-9.76,29.28,-19.52,0,0,-43.92,-39.04,-92.72,-43.92
24.4,-9.76,-34.16,-4.88,29.28,-24.4,-4.88,0,-48.8,-39.04,-92.72,-43.92
24.4,-9.76,-34.16,-4.88,29.28,-24.4,-4.88,0,-48.8,-39.04,-87.84,-39.04
19.52,-9.76,-29.28,-4.88,24.4,-19.52,0,0,-48.8,-39.04,-87.84,-34.16
19.52,-14.64,-34.16,0,24.4,-24.4,-4.88,-4.88,-48.8,-43.92,-92.72,-34.16
19.52,-14.64,-34.16,0,24.4,-24.4,0,0,-48.8,-34.16,-87.84,-29.28
14.64,-14.64,-29.28,0,19.52,-24.4,-4.88,-4.88,-53.68,-39.04,-92.72,-34.16
14.64,-14.64,-29.28,0,19.52,-24.4,-4.88,0,-53.68,-43.92,-92.72,-39.04
19.52,-14.64,-34.16,0,24.4,-24.4,-4.88,0,-53.68,-43.92,-92.72,-34.16
14.64,-14.64,-29.28,0,19.52,-24.4,0,0,-53.68,-48.8,-97.6,-39.04
24.4,-9.76,-34.16,-4.88,29.28,-24.4,0,-4.88,-53.68,-43.92,-102.48,-43.92
9.76,-19.52,-29.28,4.88,19.52,-24.4,4.88,0,-43.92,-39.04,-92.72,-34.16
14.64,-19.52,-34.16,4.88,24.4,-29.28,4.88,0,-48.8,-43.92,-92.72,-34.16
9.76,-19.52,-29.28,4.88,19.52,-24.4,4.88,0,-43.92,-43.92,-92.72,-34.16
-4.88,-29.28,-24.4,19.52,9.76,-29.28,9.76,0,-43.92,-39.04,-92.72,-29.28
0,-19.52,-19.52,9.76,9.76,-19.52,9.76,4.88,-48.8,-39.04,-87.84,-29.28
4.88,-24.4,-29.28,9.76,14.64,-29.28,9.76,0,-53.68,-39.04,-92.72,-29.28
9.76,-29.28,-39.04,9.76,24.4,-34.16,0,-4.88,-58.56,-48.8,-102.48,-34.16
9.76,-24.4,-34.16,9.76,19.52,-29.28,0,-4.88,-58.56,-48.8,-107.36,-39.04
14.64,-24.4,-39.04,4.88,24.4,-34.16,0,0,-58.56,-48.8,-102.48,-39.04
19.52,-19.52,-39.04,0,29.28,-29.28,4.88,-4.88,-53.68,-43.92,-92.72,-48.8
9.76,-19.52,-29.28,4.88,19.52,-24.4,9.76,4.88,-48.8,-39.04,-82.96,-39.04
4.88,-29.28,-34.16,14.64,19.52,-34.16,4.88,-4.88,-58.56,-48.8,-78.08,-43.92
14.64,-24.4,-39.04,4.88,24.4,-34.16,0,0,-58.56,-43.92,-82.96,-43.92
19.52,-24.4,-43.92,4.88,29.28,-34.16,9.76,0,-58.56,-39.04,-68.32,-39.04
4.88,-34.16,-39.04,14.64,19.52,-39.04,0,0,-58.56,-43.92,-68.32,-48.8
9.76,-29.28,-39.04,9.76,24.4,-34.16,4.88,0,-58.56,-39.04,-68.32,-43.92
4.88,-29.28,-34.16,14.64,19.52,-34.16,4.88,0,-58.56,-43.92,-73.2,-48.8
9.76,-34.16,-43.92,14.64,24.4,-39.04,4.88,-4.88,-63.44,-53.68,-73.2,-53.68
9.76,-34.16,-43.92,14.64,24.4,-39.04,0,0,-58.56,-48.8,-73.2,-48.8
4.88,-39.04,-43.92,19.52,24.4,-43.92,0,-9.76,-68.32,-58.56,-78.08,-58.56
0,-34.16,-34.16,19.52,14.64,-34.16,4.88,-4.88,-58.56,-53.68,-78.08,-53.68
0,-34.16,-34.16,19.52,14.64,-34.16,4.88,-4.88,-63.44,-53.68,-82.96,-48.8
-4.88,-43.92,-39.04,24.4,14.64,-43.92,4.88,-4.88,-63.44,-48.8,-82.96,-48.8
4.88,-34.16,-39.04,14.64,19.52,-39.04,9.76,-4.88,-63.44,-53.68,-78.08,-43.92
0,-34.16,-34.16,19.52,14.64,-34.16,0,-4.88,-63.44,-53.68,-78.08,-53.68
4.88,-34.16,-39.04,14.64,19.52,-39.04,0,-4.88,-68.32,-53.68,-78.08,-53.68
0,-39.04,-39.04,19.52,19.52,-39.04,4.88,0,-63.44,-48.8,-78.08,-48.8
-4.88,-48.8,-43.92,29.28,19.52,-48.8,0,-4.88,-68.32,-58.56,-82.96,-53.68
-4.88,-43.92,-39.04,24.4,14.64,-43.92,4.88,-4.88,-68.32,-53.68,-82.96,-48.8
0,-39.04,-39.04,19.52,19.52,-39.04,4.88,-9.76,-63.44,-53.68,-78.08,-48.8
-9.76,-48.8,-39.04,29.28,14.64,-43.92,4.88,-4.88,-68.32,-58.56,-78.08,-53.68
-4.88,-48.8,-43.92,29.28,19.52,-48.8,4.88,0,-63.44,-53.68,-78.08,-43.92
-9.76,-43.92,-34.16,29.28,9.76,-39.04,9.76,4.88,-63.44,-58.56,-82.96,-48.8
-4.88,-43.92,-39.04,24.4,14.64,-43.92,9.76,-4.88,-68.32,-58.56,-82.96,-48.8
-4.88,-39.04,-34.16,24.4,14.64,-39.04,4.88,-4.88,-58.56,-53.68,-87.84,-53.68
-9.76,-43.92,-34.16,29.28,9.76,-39.04,9.76,0,-63.44,-58.56,-87.84,-53.68
-4.88,-43.92,-39.04,24.4,14.64,-43.92,9.76,0,-68.32,-63.44,-87.84,-58.56
-4.88,-43.92,-39.04,24.4,14.64,-43.92,4.88,-9.76,-73.2,-73.2,-87.84,-68.32
-9.76,-48.8,-39.04,29.28,14.64,-43.92,0,0,-68.32,-63.44,-87.84,-63.44
-4.88,-43.92,-39.04,24.4,14.64,-43.92,0,0,-68.32,-63.44,-82.96,-63.44
-14.64,-48.8,-34.16,34.16,9.76,-43.92,0,-4.88,-68.32,-63.44,-87.84,-73.2
-14.64,-48.8,-34.16,34.16,9.76,-43.92,4.88,-4.88,-73.2,-63.44,-82.96,-73.2
-14.64,-43.92,-29.28,29.28,4.88,-39.04,4.88,-4.88,-63.44,-68.32,-87.84,-68.32
-19.52,-48.8,-29.28,34.16,4.88,-39.04,14.64,0,-63.44,-63.44,-82.96,-63.44
-9.76,-43.92,-34.16,29.28,9.76,-39.04,14.64,-4.88,-73.2,-63.44,-78.08,-63.44
-9.76,-48.8,-39.04,29.28,14.64,-43.92,19.52,-4.88,-73.2,-63.44,-87.84,-68.32
-14.64,-53.68,-39.04,34.16,9.76,-48.8,14.64,-14.64,-73.2,-68.32,-92.72,-68.32
-4.88,-43.92,-39.04,24.4,14.64,-43.92,14.64,-14.64,-73.2,-68.32,-92.72,-68.32
-9.76,-48.8,-39.04,29.28,14.64,-43.92,14.64,-9.76,-68.32,-68.32,-92.72,-73.2
-9.76,-53.68,-43.92,34.16,14.64,-48.8,14.64,-9.76,-63.44,-73.2,-87.84,-73.2
-9.76,-53.68,-43.92,34.16,14.64,-48.8,9.76,-9.76,-68.32,-73.2,-92.72,-73.2
-19.52,-63.44,-43.92,43.92,9.76,-53.68,4.88,-9.76,-68.32,-82.96,-97.6,-78.08
-4.88,-58.56,-53.68,34.16,24.4,-58.56,0,-9.76,-82.96,-78.08,-97.6,-82.96
-9.76,-58.56,-48.8,34.16,19.52,-53.68,4.88,-14.64,-78.08,-78.08,-97.6,-82.96
0,-53.68,-53.68,29.28,24.4,-53.68,4.88,-14.64,-73.2,-78.08,-97.6,-82.96
0,-48.8,-48.8,24.4,24.4,-48.8,9.76,-4.88,-73.2,-78.08,-87.84,-78.08
-4.88,-53.68,-48.8,29.28,19.52,-53.68,9.76,-14.64,-73.2,-73.2,-87.84,-73.2
4.88,-53.68,-58.56,24.4,29.28,-58.56,9.76,-14.64,-73.2,-78.08,-87.84,-73.2
4.88,-43.92,-48.8,19.52,24.4,-48.8,9.76,-9.76,-68.32,-78.08,-87.84,-73.2
-4.88,-48.8,-43.92,29.28,19.52,-48.8,14.64,-4.88,-63.44,-73.2,-87.84,-68.32
-4.88,-43.92,-39.04,24.4,14.64,-43.92,19.52,0,-68.32,-68.32,-87.84,-68.32
-14.64,-48.8,-34.16,34.16,9.76,-43.92,24.4,4.88,-63.44,-63.44,-87.84,-73.2
-14.64,-43.92,-29.28,29.28,4.88,-39.04,29.28,0,-68.32,-73.2,-87.84,-68.32
-14.64,-39.04,-24.4,29.28,4.88,-34.16,29.28,0,-68.32,-78.08,-87.84,-73.2
-24.4,-43.92,-19.52,34.16,-4.88,-34.16,29.28,4.88,-63.44,-78.08,-82.96,-73.2
-19.52,-43.92,-24.4,34.16,0,-34.16,29.28,4.88,-68.32,-78.08,-82.96,-68.32
-9.76,-43.92,-34.16,29.28,9.76,-39.04,29.28,0,-63.44,-78.08,-87.84,-68.32
-14.64,-43.92,-29.28,29.28,4.88,-39.04,29.28,4.88,-63.44,-78.08,-87.84,-68.32
-4.88,-39.04,-34.16,24.4,14.64,-39.04,34.16,9.76,-63.44,-68.32,-78.08,-58.56
0,-34.16,-34.16,19.52,14.64,-34.16,34.16,9.76,-63.44,-78.08,-82.96,-58.56
0,-34.16,-34.16,19.52,14.64,-34.16,34.16,4.88,-63.44,-73.2,-73.2,-63.44
4.88,-34.16,-39.04,14.64,19.52,-39.04,29.28,9.76,-63.44,-73.2,-73.2,-63.44
-4.88,-43.92,-39.04,24.4,14.64,-43.92,29.28,4.88,-68.32,-73.2,-78.08,-63.44
-9.76,-48.8,-39.04,29.28,14.64,-43.92,34.16,4.88,-68.32,-78.08,-78.08,-68.32
-19.52,-53.68,-34.16,39.04,4.88,-43.92,34.16,9.76,-63.44,-73.2,-73.2,-63.44
-19.52,-58.56,-39.04,39.04,9.76,-48.8,29.28,0,-73.2,-78.08,-92.72,-68.32
-9.76,-53.68,-43.92,34.16,14.64,-48.8,34.16,4.88,-73.2,-87.84,-92.72,-73.2
-9.76,-58.56,-48.8,34.16,19.52,-53.68,39.04,9.76,-73.2,-82.96,-97.6,-73.2
-9.76,-53.68,-43.92,34.16,14.64,-48.8,34.16,4.88,-73.2,-87.84,-97.6,-73.2
-4.88,-43.92,-39.04,24.4,14.64,-43.92,39.04,4.88,-78.08,-92.72,-97.6,-78.08
-14.64,-58.56,-43.92,39.04,14.64,-53.68,43.92,14.64,-73.2,-92.72,-92.72,-73.2
-9.76,-48.8,-39.04,29.28,14.64,-43.92,34.16,0,-78.08,-87.84,-87.84,-68.32
-4.88,-48.8,-43.92,29.28,19.52,-48.8,43.92,4.88,-68.32,-87.84,-87.84,-63.44
-9.76,-48.8,-39.04,29.28,14.64,-43.92,34.16,0,-78.08,-92.72,-92.72,-68.32
-19.52,-53.68,-34.16,39.04,4.88,-43.92,34.16,4.88,-78.08,-87.84,-87.84,-68.32
-29.28,-63.44,-34.16,48.8,0,-48.8,34.16,-4.88,-87.84,-97.6,-97.6,-73.2
-24.4,-63.44,-39.04,43.92,4.88,-53.68,24.4,-9.76,-97.6,-102.48,-107.36,-82.96
-24.4,-68.32,-43.92,48.8,9.76,-58.56,29.28,-9.76,-97.6,-102.48,-102.48,-78.08
-19.52,-73.2,-53.68,48.8,14.64,-63.44,24.4,-14.64,-97.6,-107.36,-107.36,-87.84
-9.76,-63.44,-53.68,39.04,19.52,-58.56,29.28,-14.64,-97.6,-107.36,-107.36,-82.96
-14.64,-68.32,-53.68,43.92,19.52,-63.44,29.28,-9.76,-87.84,-102.48,-102.48,-78.08
-9.76,-73.2,-63.44,43.92,24.4,-68.32,24.4,-9.76,-92.72,-102.48,-97.6,-78.08
-4.88,-68.32,-63.44,39.04,29.28,-68.32,19.52,-9.76,-87.84,-107.36,-97.6,-78.08
-14.64,-63.44,-48.8,39.04,14.64,-58.56,19.52,-4.88,-92.72,-102.48,-92.72,-78.08
-14.64,-73.2,-58.56,43.92,19.52,-68.32,19.52,-4.88,-87.84,-107.36,-97.6,-73.2
-14.64,-78.08,-63.44,48.8,24.4,-73.2,14.64,-9.76,-102.48,-107.36,-102.48,-82.96
-29.28,-73.2,-43.92,53.68,4.88,-58.56,14.64,-14.64,-97.6,-112.24,-107.36,-87.84
-24.4,-68.32,-43.92,48.8,9.76,-58.56,24.4,-9.76,-102.48,-107.36,-102.48,-87.84
-34.16,-73.2,-39.04,53.68,0,-58.56,29.28,-9.76,-97.6,-112.24,-107.36,-87.84
-43.92,-82.96,-39.04,63.44,-4.88,-63.44,34.16,-14.64,-97.6,-112.24,-107.36,-92.72
-53.68,-78.08,-24.4,68.32,-14.64,-53.68,34.16,-9.76,-97.6,-117.12,-117.12,-92.72
-58.56,-78.08,-19.52,68.32,-19.52,-48.8,34.16,-14.64,-107.36,-122,-112.24,-92.72
-53.68,-82.96,-29.28,68.32,-14.64,-58.56,29.28,-19.52,-107.36,-126.88,-117.12,-92.72
-43.92,-78.08,-34.16,63.44,-4.88,-58.56,29.28,-19.52,-112.24,-131.76,-117.12,-102.48
-53.68,-82.96,-29.28,68.32,-14.64,-58.56,29.28,-19.52,-112.24,-131.76,-126.88,-102.48
-48.8,-82.96,-34.16,68.32,-9.76,-58.56,29.28,-19.52,-112.24,-131.76,-117.12,-97.6
-53.68,-82.96,-29.28,68.32,-14.64,-58.56,29.28,-14.64,-117.12,-136.64,-126.88,-107.36
-58.56,-82.96,-24.4,73.2,-19.52,-53.68,29.28,-14.64,-117.12,-131.76,-122,-97.6
-53.68,-78.08,-24.4,68.32,-14.64,-53.68,29.28,-14.64,-117.12,-136.64,-122,-102.48
-53.68,-82.96,-29.28,68.32,-14.64,-58.56,24.4,-29.28,-122,-136.64,-126.88,-107.36
-53.68,-87.84,-34.16,73.2,-9.76,-63.44,24.4,-29.28,-122,-146.4,-136.64,-107.36
-53.68,-87.84,-34.16,73.2,-9.76,-63.44,29.28,-24.4,-122,-136.64,-126.88,-102.48
-48.8,-92.72,-43.92,73.2,-4.88,-68.32,29.28,-24.4,-117.12,-141.52,-126.88,-102.48
-43.92,-82.96,-39.04,63.44,-4.88,-63.44,34.16,-14.64,-112.24,-136.64,-122,-97.6
-43.92,-82.96,-39.04,63.44,-4.88,-63.44,34.16,-14.64,-112.24,-141.52,-122,-97.6
-48.8,-82.96,-34.16,68.32,-9.76,-58.56,29.28,-14.64,-112.24,-141.52,-126.88,-102.48
-48.8,-78.08,-29.28,63.44,-9.76,-53.68,39.04,-9.76,-107.36,-136.64,-122,-97.6
-58.56,-87.84,-29.28,73.2,-14.64,-58.56,29.28,-19.52,-122,-141.52,-126.88,-107.36
-58.56,-92.72,-34.16,78.08,-14.64,-63.44,34.16,-9.76,-117.12,-136.64,-122,-102.48
-58.56,-87.84,-29.28,73.2,-14.64,-58.56,34.16,-14.64,-117.12,-136.64,-122,-102.48
-63.44,-92.72,-29.28,78.08,-19.52,-63.44,34.16,-14.64,-117.12,-136.64,-126.88,-97.6
-58.56,-87.84,-29.28,73.2,-14.64,-58.56,34.16,-14.64,-117.12,-136.64,-126.88,-97.6
-58.56,-82.96,-24.4,73.2,-19.52,-53.68,34.16,-19.52,-112.24,-136.64,-126.88,-97.6
-58.56,-78.08,-19.52,68.32,-19.52,-48.8,39.04,-9.76,-112.24,-131.76,-117.12,-87.84
-48.8,-78.08,-29.28,63.44,-9.76,-53.68,39.04,-9.76,-107.36,-131.76,-117.12,-92.72
-48.8,-82.96,-34.16,68.32,-9.76,-58.56,34.16,-9.76,-112.24,-136.64,-122,-97.6
-48.8,-78.08,-29.28,63.44,-9.76,-53.68,34.16,-9.76,-107.36,-131.76,-117.12,-92.72
-43.92,-73.2,-29.28,58.56,-9.76,-53.68,34.16,-9.76,-107.36,-131.76,-117.12,-92.72
-53.68,-82.96,-29.28,68.32,-14.64,-58.56,29.28,-9.76,-112.24,-136.64,-122,-102.48
-53.68,-82.96,-29.28,68.32,-14.64,-58.56,39.04,0,-112.24,-136.64,-122,-102.48
-68.32,-92.72,-24.4,82.96,-24.4,-58.56,63.44,34.16,-102.48,-141.52,-141.52,-112.24
-68.32,-112.24,-43.92,92.72,-14.64,-78.08,92.72,73.2,-102.48,-165.92,-170.8,-146.4
-48.8,-136.64,-87.84,92.72,19.52,-112.24,136.64,136.64,-82.96,-180.56,-195.2,-175.68
-43.92,-151.28,-107.36,97.6,29.28,-131.76,170.8,185.44,-73.2,-190.32,-219.6,-204.96
-48.8,-151.28,-102.48,102.48,24.4,-126.88,195.2,234.24,-43.92,-185.44,-224.48,-219.6
-34.16,-136.64,-102.48,87.84,34.16,-122,204.96,263.52,-4.88,-151.28,-209.84,-214.72
-24.4,-102.48,-78.08,63.44,24.4,-92.72,185.44,253.76,43.92,-102.48,-165.92,-185.44
4.88,-53.68,-58.56,24.4,29.28,-58.56,161.04,258.64,117.12,-9.76,-87.84,-122
39.04,-4.88,-43.92,-14.64,39.04,-24.4,131.76,258.64,209.84,112.24,24.4,-43.92
63.44,58.56,-4.88,-58.56,34.16,24.4,141.52,297.68,341.6,263.52,161.04,58.56
102.48,175.68,73.2,-136.64,14.64,122,97.6,263.52,473.36,458.72,356.24,219.6
146.4,278.16,131.76,-209.84,4.88,204.96,-34.16,92.72,546.56,634.4,556.32,409.92
224.48,375.76,151.28,-297.68,34.16,263.52,-229.36,-165.92,585.6,795.44,756.4,590.48
302.56,473.36,170.8,-385.52,63.44,322.08,-385.52,-414.8,600.24,966.24,966.24,780.8
380.64,546.56,165.92,-463.6,107.36,356.24,-551.44,-619.76,624.64,1137.04,1166.32,956.48
483.12,634.4,151.28,-556.32,165.92,390.4,-775.92,-883.28,649.04,1312.72,1366.4,1127.28
570.96,741.76,170.8,-653.92,200.08,453.84,-1029.68,-1156.56,673.44,1493.28,1576.24,1307.84
629.52,863.76,234.24,-746.64,195.2,546.56,-1229.76,-1346.88,741.76,1708,1781.2,1473.76
673.44,946.72,273.28,-810.08,200.08,610,-1376.16,-1473.76,829.6,1908.08,1971.52,1615.28
712.48,995.52,283.04,-854,214.72,639.28,-1522.56,-1571.36,922.32,2083.76,2137.44,1737.28
717.36,1029.68,312.32,-873.52,200.08,668.56,-1605.52,-1615.28,1000.4,2200.88,2244.8,1830
653.92,1015.04,361.12,-834.48,146.4,688.08,-1600.64,-1595.76,1005.28,2181.36,2239.92,1844.64
595.36,868.64,273.28,-732,161.04,570.96,-1537.2,-1512.8,936.96,2025.2,2103.28,1751.92
551.44,600.24,48.8,-575.84,248.88,322.08,-1420.08,-1366.4,819.84,1771.44,1834.88,1551.84
429.44,375.76,-53.68,-400.16,239.12,161.04,-1293.2,-1239.52,600.24,1405.44,1468.88,1278.56
307.44,234.24,-73.2,-268.4,190.32,78.08,-1156.56,-1176.08,263.52,936.96,1034.56,956.48
190.32,117.12,-73.2,-151.28,131.76,19.52,-1049.2,-1185.84,-195.2,370.88,566.08,629.52
48.8,24.4,-24.4,-34.16,34.16,0,-912.56,-1141.92,-541.68,-102.48,126.88,297.68
-58.56,-48.8,9.76,53.68,-34.16,-19.52,-722.24,-971.12,-629.52,-356.24,-185.44,-4.88
-102.48,-97.6,4.88,102.48,-53.68,-48.8,-575.84,-780.8,-595.36,-434.32,-312.32,-151.28
-107.36,-112.24,-4.88,112.24,-53.68,-58.56,-468.48,-649.04,-517.28,-409.92,-317.2,-175.68
-102.48,-107.36,-4.88,107.36,-48.8,-58.56,-375.76,-531.92,-434.32,-346.48,-278.16,-165.92
-97.6,-97.6,0,97.6,-48.8,-48.8,-307.44,-444.08,-375.76,-307.44,-253.76,-170.8
-102.48,-87.84,14.64,97.6,-58.56,-39.04,-244,-366,-322.08,-278.16,-224.48,-161.04
-92.72,-82.96,9.76,87.84,-53.68,-39.04,-185.44,-292.8,-278.16,-244,-195.2,-141.52
-82.96,-87.84,-4.88,87.84,-39.04,-48.8,-136.64,-219.6,-234.24,-214.72,-180.56,-141.52
-78.08,-78.08,0,78.08,-39.04,-39.04,-82.96,-146.4,-190.32,-185.44,-156.16,-122
-73.2,-78.08,-4.88,78.08,-34.16,-43.92,-48.8,-102.48,-165.92,-165.92,-146.4,-126.88
-73.2,-87.84,-14.64,82.96,-29.28,-53.68,-19.52,-73.2,-156.16,-165.92,-151.28,-136.64
-63.44,-87.84,-24.4,78.08,-19.52,-58.56,-9.76,-53.68,-146.4,-165.92,-151.28,-141.52
-68.32,-82.96,-14.64,78.08,-29.28,-48.8,14.64,-34.16,-131.76,-161.04,-151.28,-136.64
-63.44,-82.96,-19.52,73.2,-24.4,-53.68,34.16,-14.64,-122,-156.16,-146.4,-136.64
-58.56,-73.2,-14.64,68.32,-24.4,-43.92,39.04,-4.88,-122,-156.16,-141.52,-136.64
-63.44,-73.2,-9.76,68.32,-29.28,-43.92,43.92,4.88,-122,-156.16,-141.52,-131.76
-58.56,-73.2,-14.64,68.32,-24.4,-43.92,48.8,9.76,-122,-161.04,-146.4,-126.88
-58.56,-82.96,-24.4,73.2,-19.52,-53.68,43.92,9.76,-126.88,-165.92,-156.16,-131.76
-68.32,-82.96,-14.64,78.08,-29.28,-48.8,48.8,14.64,-122,-175.68,-156.16,-141.52
-68.32,-87.84,-19.52,78.08,-24.4,-53.68,53.68,24.4,-122,-175.68,-156.16,-136.64
-68.32,-97.6,-29.28,82.96,-19.52,-63.44,58.56,24.4,-126.88,-180.56,-170.8,-141.52
-68.32,-97.6,-29.28,82.96,-19.52,-63.44,58.56,29.28,-122,-175.68,-170.8,-141.52
-73.2,-87.84,-14.64,82.96,-29.28,-53.68,68.32,34.16,-122,-175.68,-165.92,-136.64
-73.2,-92.72,-19.52,82.96,-29.28,-58.56,73.2,43.92,-107.36,-170.8,-165.92,-131.76
-63.44,-82.96,-19.52,73.2,-24.4,-53.68,73.2,48.8,-112.24,-170.8,-165.92,-131.76
-63.44,-78.08,-14.64,73.2,-24.4,-48.8,78.08,53.68,-112.24,-161.04,-165.92,-122
-68.32,-82.96,-14.64,78.08,-29.28,-48.8,82.96,53.68,-112.24,-161.04,-161.04,-117.12
-58.56,-78.08,-19.52,68.32,-19.52,-48.8,82.96,63.44,-107.36,-165.92,-156.16,-117.12
-68.32,-78.08,-9.76,73.2,-29.28,-43.92,82.96,58.56,-117.12,-170.8,-161.04,-126.88
-73.2,-87.84,-14.64,82.96,-29.28,-53.68,82.96,58.56,-112.24,-165.92,-161.04,-126.88
-73.2,-87.84,-14.64,82.96,-29.28,-53.68,78.08,53.68,-112.24,-170.8,-165.92,-131.76
-68.32,-92.72,-24.4,82.96,-24.4,-58.56,78.08,53.68,-117.12,-185.44,-180.56,-136.64
-63.44,-92.72,-29.28,78.08,-19.52,-63.44,87.84,58.56,-112.24,-175.68,-175.68,-131.76
-63.44,-92.72,-29.28,78.08,-19.52,-63.44,92.72,63.44,-102.48,-170.8,-165.92,-126.88
-53.68,-78.08,-24.4,68.32,-14.64,-53.68,87.84,58.56,-112.24,-165.92,-170.8,-131.76
-53.68,-73.2,-19.52,63.44,-19.52,-48.8,97.6,68.32,-102.48,-161.04,-156.16,-117.12
-63.44,-78.08,-14.64,73.2,-24.4,-48.8,92.72,68.32,-107.36,-156.16,-156.16,-117.12
-53.68,-78.08,-24.4,68.32,-14.64,-53.68,87.84,68.32,-107.36,-165.92,-156.16,-117.12
-53.68,-68.32,-14.64,63.44,-19.52,-43.92,87.84,63.44,-112.24,-170.8,-161.04,-126.88
-58.56,-78.08,-19.52,68.32,-19.52,-48.8,87.84,63.44,-112.24,-175.68,-165.92,-126.88
-58.56,-87.84,-29.28,73.2,-14.64,-58.56,92.72,58.56,-112.24,-175.68,-165.92,-131.76
-58.56,-87.84,-29.28,73.2,-14.64,-58.56,87.84,58.56,-112.24,-180.56,-170.8,-141.52
-73.2,-87.84,-14.64,82.96,-29.28,-53.68,97.6,63.44,-107.36,-170.8,-170.8,-136.64
-58.56,-82.96,-24.4,73.2,-19.52,-53.68,92.72,58.56,-102.48,-175.68,-170.8,-136.64
-63.44,-82.96,-19.52,73.2,-24.4,-53.68,97.6,63.44,-102.48,-175.68,-170.8,-136.64
-63.44,-78.08,-14.64,73.2,-24.4,-48.8,92.72,68.32,-107.36,-180.56,-165.92,-131.76
-58.56,-68.32,-9.76,63.44,-24.4,-39.04,92.72,68.32,-107.36,-170.8,-170.8,-126.88
-58.56,-68.32,-9.76,63.44,-24.4,-39.04,92.72,68.32,-107.36,-175.68,-165.92,-131.76
-53.68,-68.32,-14.64,63.44,-19.52,-43.92,97.6,73.2,-107.36,-170.8,-161.04,-126.88
-58.56,-78.08,-19.52,68.32,-19.52,-48.8,97.6,73.2,-102.48,-170.8,-161.04,-126.88
-63.44,-87.84,-24.4,78.08,-19.52,-58.56,92.72,68.32,-102.48,-165.92,-165.92,-126.88
-63.44,-87.84,-24.4,78.08,-19.52,-58.56,92.72,68.32,-102.48,-170.8,-170.8,-131.76
-73.2,-92.72,-19.52,82.96,-29.28,-58.56,97.6,63.44,-102.48,-170.8,-165.92,-126.88
-63.44,-87.84,-24.4,78.08,-19.52,-58.56,97.6,68.32,-92.72,-165.92,-161.04,-122
-58.56,-87.84,-29.28,73.2,-14.64,-58.56,97.6,68.32,-92.72,-161.04,-165.92,-117.12
-63.44,-82.96,-19.52,73.2,-24.4,-53.68,92.72,63.44,-97.6,-161.04,-161.04,-112.24
-63.44,-78.08,-14.64,73.2,-24.4,-48.8,97.6,73.2,-92.72,-151.28,-151.28,-102.48
-58.56,-78.08,-19.52,68.32,-19.52,-48.8,97.6,78.08,-87.84,-156.16,-151.28,-97.6
-58.56,-78.08,-19.52,68.32,-19.52,-48.8,102.48,78.08,-87.84,-151.28,-156.16,-102.48
-58.56,-82.96,-24.4,73.2,-19.52,-53.68,97.6,78.08,-82.96,-151.28,-156.16,-97.6
-58.56,-82.96,-24.4,73.2,-19.52,-53.68,92.72,73.2,-87.84,-161.04,-165.92,-102.48
-53.68,-78.08,-24.4,68.32,-14.64,-53.68,92.72,73.2,-87.84,-161.04,-170.8,-102.48
-58.56,-73.2,-14.64,68.32,-24.4,-43.92,102.48,78.08,-82.96,-151.28,-170.8,-92.72
-58.56,-82.96,-24.4,73.2,-19.52,-53.68,97.6,82.96,-78.08,-151.28,-165.92,-92.72
-53.68,-73.2,-19.52,63.44,-19.52,-48.8,97.6,82.96,-78.08,-151.28,-161.04,-92.72
-58.56,-73.2,-14.64,68.32,-24.4,-43.92,102.48,87.84,-78.08,-146.4,-156.16,-82.96
-58.56,-73.2,-14.64,68.32,-24.4,-43.92,102.48,87.84,-78.08,-146.4,-151.28,-82.96
-48.8,-68.32,-19.52,58.56,-14.64,-43.92,97.6,87.84,-78.08,-146.4,-156.16,-82.96
-58.56,-73.2,-14.64,68.32,-24.4,-43.92,102.48,87.84,-73.2,-146.4,-141.52,-82.96
-58.56,-63.44,-4.88,63.44,-29.28,-34.16,102.48,87.84,-73.2,-151.28,-136.64,-87.84
-58.56,-73.2,-14.64,68.32,-24.4,-43.92,97.6,87.84,-73.2,-151.28,-136.64,-92.72
-58.56,-73.2,-14.64,68.32,-24.4,-43.92,97.6,87.84,-73.2,-151.28,-136.64,-97.6
-48.8,-68.32,-19.52,58.56,-14.64,-43.92,107.36,87.84,-73.2,-141.52,-126.88,-97.6
-43.92,-68.32,-24.4,58.56,-9.76,-48.8,97.6,82.96,-73.2,-146.4,-131.76,-102.48
-43.92,-63.44,-19.52,53.68,-14.64,-43.92,97.6,82.96,-78.08,-146.4,-126.88,-102.48
-48.8,-58.56,-9.76,53.68,-19.52,-34.16,102.48,87.84,-68.32,-141.52,-117.12,-97.6
-53.68,-63.44,-9.76,58.56,-24.4,-39.04,97.6,87.84,-68.32,-136.64,-117.12,-92.72
-43.92,-63.44,-19.52,53.68,-14.64,-43.92,92.72,92.72,-73.2,-151.28,-117.12,-97.6
-43.92,-58.56,-14.64,53.68,-14.64,-39.04,97.6,97.6,-73.2,-146.4,-112.24,-97.6
-43.92,-58.56,-14.64,53.68,-14.64,-39.04,97.6,92.72,-73.2,-146.4,-122,-102.48
-39.04,-63.44,-24.4,53.68,-9.76,-43.92,97.6,92.72,-73.2,-141.52,-117.12,-102.48
-43.92,-73.2,-29.28,58.56,-9.76,-53.68,92.72,87.84,-78.08,-146.4,-126.88,-112.24
-58.56,-78.08,-19.52,68.32,-19.52,-48.8,102.48,92.72,-68.32,-136.64,-117.12,-102.48
-43.92,-68.32,-24.4,58.56,-9.76,-48.8,102.48,97.6,-58.56,-131.76,-112.24,-97.6
-39.04,-63.44,-24.4,53.68,-9.76,-43.92,97.6,92.72,-68.32,-136.64,-112.24,-107.36
-39.04,-53.68,-14.64,48.8,-14.64,-34.16,97.6,97.6,-63.44,-131.76,-107.36,-97.6
-48.8,-58.56,-9.76,53.68,-19.52,-34.16,102.48,102.48,-58.56,-126.88,-97.6,-92.72
-48.8,-63.44,-14.64,58.56,-19.52,-39.04,92.72,102.48,-58.56,-131.76,-107.36,-92.72
-48.8,-58.56,-9.76,53.68,-19.52,-34.16,92.72,102.48,-58.56,-131.76,-102.48,-92.72
-58.56,-63.44,-4.88,63.44,-29.28,-34.16,87.84,97.6,-63.44,-136.64,-102.48,-92.72
-53.68,-63.44,-9.76,58.56,-24.4,-39.04,82.96,102.48,-63.44,-136.64,-107.36,-102.48
-48.8,-58.56,-9.76,53.68,-19.52,-34.16,87.84,107.36,-58.56,-131.76,-112.24,-97.6
-53.68,-58.56,-4.88,58.56,-24.4,-34.16,107.36,112.24,-48.8,-117.12,-97.6,-92.72
-43.92,-53.68,-9.76,48.8,-19.52,-34.16,102.48,112.24,-48.8,-117.12,-97.6,-87.84
-39.04,-53.68,-14.64,48.8,-14.64,-34.16,102.48,112.24,-48.8,-112.24,-87.84,-82.96
-43.92,-48.8,-4.88,48.8,-19.52,-29.28,97.6,117.12,-43.92,-107.36,-82.96,-78.08
-43.92,-39.04,4.88,43.92,-24.4,-19.52,97.6,117.12,-43.92,-107.36,-78.08,-73.2
-39.04,-43.92,-4.88,43.92,-19.52,-24.4,92.72,117.12,-39.04,-107.36,-82.96,-78.08
-43.92,-43.92,0,43.92,-24.4,-24.4,92.72,117.12,-29.28,-102.48,-73.2,-78.08
-43.92,-43.92,0,43.92,-24.4,-24.4,92.72,117.12,-34.16,-107.36,-73.2,-78.08
-48.8,-53.68,-4.88,53.68,-24.4,-29.28,82.96,122,-39.04,-102.48,-78.08,-87.84
-43.92,-43.92,0,43.92,-24.4,-24.4,87.84,122,-34.16,-102.48,-73.2,-87.84
-48.8,-43.92,4.88,48.8,-29.28,-19.52,97.6,126.88,-29.28,-87.84,-63.44,-82.96
-39.04,-39.04,0,39.04,-19.52,-19.52,92.72,131.76,-24.4,-82.96,-63.44,-73.2
-29.28,-39.04,-9.76,34.16,-9.76,-24.4,97.6,136.64,-14.64,-78.08,-48.8,-73.2
-29.28,-29.28,0,29.28,-14.64,-14.64,92.72,131.76,-14.64,-78.08,-53.68,-68.32
-29.28,-24.4,4.88,29.28,-19.52,-9.76,102.48,141.52,-9.76,-68.32,-43.92,-63.44
-29.28,-24.4,4.88,29.28,-19.52,-9.76,97.6,146.4,-4.88,-68.32,-43.92,-58.56
-34.16,-34.16,0,34.16,-19.52,-19.52,97.6,146.4,-4.88,-68.32,-43.92,-63.44
-24.4,-24.4,0,24.4,-14.64,-14.64,97.6,141.52,-4.88,-63.44,-43.92,-63.44
-29.28,-29.28,0,29.28,-14.64,-14.64,92.72,146.4,-4.88,-68.32,-48.8,-68.32
-24.4,-34.16,-9.76,29.28,-9.76,-24.4,87.84,146.4,0,-73.2,-48.8,-73.2
-24.4,-24.4,0,24.4,-14.64,-14.64,97.6,156.16,14.64,-53.68,-29.28,-58.56
-24.4,-24.4,0,24.4,-14.64,-14.64,92.72,156.16,19.52,-48.8,-29.28,-53.68
-29.28,-19.52,9.76,24.4,-19.52,-4.88,97.6,161.04,19.52,-39.04,-24.4,-48.8
-19.52,-4.88,14.64,14.64,-19.52,4.88,92.72,161.04,29.28,-34.16,-9.76,-43.92
-24.4,-4.88,19.52,14.64,-24.4,4.88,97.6,165.92,34.16,-24.4,0,-43.92
-9.76,0,9.76,4.88,-9.76,4.88,97.6,175.68,43.92,-19.52,0,-39.04
-19.52,0,19.52,9.76,-19.52,9.76,107.36,185.44,58.56,-14.64,9.76,-29.28
-9.76,4.88,14.64,4.88,-14.64,9.76,97.6,180.56,58.56,-9.76,9.76,-34.16
0,-4.88,-4.88,4.88,0,-4.88,97.6,185.44,58.56,-14.64,9.76,-29.28
-9.76,-4.88,4.88,9.76,-9.76,0,87.84,175.68,58.56,-14.64,4.88,-34.16
-4.88,0,4.88,4.88,-4.88,0,97.6,185.44,73.2,9.76,24.4,-14.64
-4.88,0,4.88,4.88,-4.88,0,102.48,195.2,87.84,19.52,39.04,-4.88
0,9.76,9.76,-4.88,-4.88,9.76,97.6,200.08,82.96,19.52,39.04,-9.76
0,24.4,24.4,-9.76,-14.64,24.4,97.6,204.96,92.72,34.16,53.68,4.88
0,24.4,24.4,-9.76,-14.64,24.4,102.48,214.72,102.48,43.92,68.32,14.64
9.76,29.28,19.52,-19.52,-4.88,24.4,97.6,214.72,107.36,43.92,68.32,9.76
9.76,39.04,29.28,-24.4,-9.76,34.16,97.6,219.6,112.24,53.68,78.08,19.52
14.64,39.04,24.4,-24.4,-4.88,29.28,92.72,214.72,112.24,53.68,82.96,24.4
14.64,39.04,24.4,-24.4,-4.88,29.28,97.6,234.24,122,73.2,87.84,29.28
24.4,48.8,24.4,-34.16,0,34.16,97.6,229.36,131.76,73.2,92.72,29.28
19.52,48.8,29.28,-34.16,-4.88,39.04,97.6,229.36,146.4,97.6,112.24,43.92
24.4,58.56,34.16,-39.04,-4.88,43.92,92.72,239.12,161.04,107.36,122,63.44
24.4,68.32,43.92,-43.92,-9.76,53.68,87.84,239.12,165.92,112.24,131.76,63.44
29.28,73.2,43.92,-48.8,-9.76,58.56,87.84,248.88,170.8,126.88,146.4,78.08
29.28,82.96,53.68,-53.68,-14.64,68.32,92.72,253.76,185.44,141.52,161.04,92.72
29.28,82.96,53.68,-53.68,-14.64,68.32,87.84,258.64,195.2,146.4,170.8,92.72
39.04,97.6,58.56,-68.32,-9.76,78.08,87.84,258.64,200.08,151.28,180.56,102.48
48.8,92.72,43.92,-68.32,0,68.32,82.96,258.64,209.84,165.92,185.44,107.36
48.8,92.72,43.92,-68.32,0,68.32,82.96,268.4,214.72,175.68,190.32,107.36
63.44,102.48,39.04,-82.96,9.76,68.32,78.08,263.52,224.48,190.32,195.2,112.24
63.44,102.48,39.04,-82.96,9.76,68.32,82.96,268.4,234.24,200.08,209.84,122
58.56,102.48,43.92,-78.08,4.88,73.2,82.96,273.28,244,214.72,224.48,136.64
63.44,112.24,48.8,-87.84,4.88,78.08,78.08,273.28,253.76,224.48,239.12,136.64
58.56,112.24,53.68,-82.96,0,82.96,82.96,278.16,253.76,229.36,244,161.04
63.44,126.88,63.44,-92.72,0,92.72,82.96,278.16,263.52,248.88,253.76,170.8
68.32,136.64,68.32,-102.48,0,102.48,78.08,278.16,268.4,248.88,253.76,170.8
63.44,131.76,68.32,-97.6,-4.88,97.6,78.08,278.16,273.28,248.88,263.52,175.68
73.2,136.64,63.44,-102.48,4.88,97.6,78.08,283.04,283.04,258.64,273.28,180.56
68.32,131.76,63.44,-97.6,0,97.6,78.08,287.92,278.16,263.52,273.28,180.56
73.2,136.64,63.44,-102.48,4.88,97.6,73.2,283.04,283.04,273.28,273.28,180.56
82.96,141.52,58.56,-112.24,9.76,97.6,78.08,283.04,292.8,278.16,287.92,195.2
78.08,136.64,58.56,-107.36,9.76,97.6,73.2,283.04,302.56,287.92,297.68,204.96
82.96,151.28,68.32,-117.12,4.88,107.36,68.32,283.04,292.8,283.04,297.68,200.08
78.08,151.28,73.2,-112.24,0,112.24,68.32,287.92,302.56,297.68,302.56,214.72
78.08,156.16,78.08,-117.12,0,117.12,73.2,283.04,302.56,302.56,312.32,214.72
87.84,161.04,73.2,-122,4.88,117.12,68.32,283.04,302.56,297.68,317.2,214.72
78.08,156.16,78.08,-117.12,0,117.12,68.32,283.04,302.56,297.68,322.08,219.6
78.08,151.28,73.2,-112.24,0,112.24,68.32,278.16,302.56,302.56,317.2,224.48
82.96,156.16,73.2,-117.12,4.88,112.24,68.32,278.16,297.68,302.56,317.2,219.6
82.96,151.28,68.32,-117.12,4.88,107.36,68.32,273.28,307.44,307.44,322.08,219.6
87.84,156.16,68.32,-122,9.76,112.24,78.08,268.4,317.2,312.32,326.96,229.36
82.96,156.16,73.2,-117.12,4.88,112.24,78.08,278.16,312.32,317.2,331.84,234.24
78.08,165.92,87.84,-122,-4.88,126.88,73.2,268.4,307.44,312.32,317.2,229.36
82.96,175.68,92.72,-126.88,-4.88,131.76,73.2,258.64,302.56,312.32,322.08,234.24
82.96,170.8,87.84,-126.88,-4.88,126.88,78.08,263.52,302.56,307.44,322.08,229.36
92.72,165.92,73.2,-126.88,9.76,117.12,63.44,253.76,287.92,292.8,302.56,209.84
92.72,165.92,73.2,-126.88,9.76,117.12,63.44,244,287.92,292.8,292.8,204.96
78.08,146.4,68.32,-112.24,4.88,107.36,63.44,234.24,278.16,278.16,292.8,209.84
82.96,146.4,63.44,-112.24,9.76,102.48,63.44,224.48,273.28,268.4,278.16,195.2
82.96,141.52,58.56,-112.24,9.76,97.6,58.56,209.84,258.64,253.76,263.52,180.56
82.96,136.64,53.68,-107.36,14.64,92.72,68.32,204.96,248.88,253.76,258.64,180.56
78.08,131.76,53.68,-102.48,9.76,92.72,63.44,204.96,239.12,239.12,244,170.8
68.32,122,53.68,-92.72,4.88,87.84,73.2,190.32,229.36,224.48,239.12,161.04
68.32,117.12,48.8,-92.72,9.76,82.96,63.44,180.56,229.36,214.72,234.24,156.16
63.44,112.24,48.8,-87.84,4.88,78.08,68.32,180.56,219.6,200.08,224.48,146.4
53.68,102.48,48.8,-78.08,0,73.2,58.56,165.92,195.2,185.44,200.08,131.76
48.8,97.6,48.8,-73.2,0,73.2,63.44,156.16,185.44,175.68,190.32,122
39.04,78.08,39.04,-58.56,0,58.56,63.44,146.4,170.8,161.04,175.68,117.12
34.16,68.32,34.16,-48.8,0,48.8,58.56,136.64,161.04,141.52,161.04,97.6
34.16,68.32,34.16,-48.8,0,48.8,63.44,126.88,146.4,126.88,146.4,82.96
24.4,53.68,29.28,-39.04,-4.88,39.04,63.44,112.24,136.64,112.24,136.64,68.32
24.4,48.8,24.4,-34.16,0,34.16,63.44,107.36,131.76,107.36,122,63.44
29.28,53.68,24.4,-39.04,0,39.04,63.44,97.6,122,92.72,107.36,58.56
19.52,48.8,29.28,-34.16,-4.88,39.04,53.68,92.72,112.24,87.84,107.36,48.8
19.52,53.68,34.16,-34.16,-9.76,43.92,58.56,87.84,102.48,78.08,92.72,43.92
14.64,43.92,29.28,-29.28,-9.76,34.16,53.68,78.08,82.96,68.32,82.96,34.16
9.76,29.28,19.52,-19.52,-4.88,24.4,43.92,68.32,68.32,53.68,68.32,29.28
9.76,19.52,9.76,-14.64,0,14.64,43.92,58.56,68.32,43.92,58.56,24.4
0,14.64,14.64,-4.88,-9.76,14.64,43.92,48.8,58.56,29.28,48.8,9.76
4.88,4.88,0,-4.88,0,0,43.92,43.92,53.68,24.4,43.92,0
-9.76,-4.88,4.88,9.76,-9.76,0,53.68,43.92,48.8,29.28,48.8,4.88
-9.76,-9.76,0,9.76,-4.88,-4.88,43.92,34.16,34.16,14.64,34.16,-9.76
-4.88,-9.76,-4.88,9.76,0,-9.76,53.68,29.28,34.16,14.64,34.16,-9.76
-4.88,-4.88,0,4.88,-4.88,-4.88,48.8,29.28,34.16,14.64,39.04,-9.76
0,4.88,4.88,0,-4.88,4.88,53.68,19.52,24.4,4.88,29.28,-14.64
0,4.88,4.88,0,-4.88,4.88,48.8,19.52,14.64,4.88,24.4,-14.64
-14.64,-19.52,-4.88,19.52,-4.88,-14.64,43.92,14.64,4.88,-9.76,9.76,-24.4
-14.64,-19.52,-4.88,19.52,-4.88,-14.64,39.04,4.88,0,-24.4,9.76,-24.4
-9.76,-14.64,-4.88,14.64,-4.88,-9.76,43.92,9.76,-4.88,-24.4,4.88,-29.28
-14.64,-24.4,-9.76,19.52,-4.88,-19.52,29.28,4.88,-4.88,-29.28,-4.88,-34.16
-14.64,-29.28,-14.64,24.4,0,-24.4,34.16,0,-4.88,-29.28,-4.88,-34.16
-19.52,-34.16,-14.64,29.28,-4.88,-24.4,39.04,-4.88,-9.76,-29.28,-9.76,-34.16
-24.4,-39.04,-14.64,34.16,-4.88,-29.28,39.04,0,-9.76,-39.04,-9.76,-39.04
-14.64,-29.28,-14.64,24.4,0,-24.4,29.28,-4.88,-14.64,-34.16,-9.76,-39.04
-24.4,-39.04,-14.64,34.16,-4.88,-29.28,34.16,-4.88,-14.64,-39.04,-19.52,-39.04
-19.52,-29.28,-9.76,24.4,-4.88,-19.52,34.16,-4.88,-19.52,-39.04,-19.52,-39.04
-19.52,-39.04,-19.52,29.28,0,-29.28,43.92,0,-24.4,-43.92,-24.4,-39.04
-19.52,-43.92,-24.4,34.16,0,-34.16,34.16,-9.76,-24.4,-43.92,-24.4,-39.04
-19.52,-39.04,-19.52,29.28,0,-29.28,39.04,-4.88,-24.4,-43.92,-34.16,-43.92
-24.4,-43.92,-19.52,34.16,-4.88,-34.16,34.16,-9.76,-29.28,-48.8,-43.92,-48.8
-24.4,-48.8,-24.4,39.04,0,-39.04,39.04,-9.76,-24.4,-48.8,-39.04,-48.8
-24.4,-43.92,-19.52,34.16,-4.88,-34.16,34.16,-14.64,-34.16,-48.8,-39.04,-48.8
-34.16,-43.92,-9.76,39.04,-14.64,-29.28,39.04,-9.76,-34.16,-48.8,-43.92,-48.8
-24.4,-43.92,-19.52,34.16,-4.88,-34.16,34.16,-9.76,-24.4,-43.92,-39.04,-43.92
-29.28,-43.92,-14.64,39.04,-9.76,-29.28,43.92,0,-19.52,-43.92,-34.16,-43.92
-39.04,-48.8,-9.76,43.92,-14.64,-29.28,39.04,-9.76,-29.28,-43.92,-34.16,-48.8
-34.16,-48.8,-14.64,43.92,-9.76,-34.16,39.04,0,-24.4,-43.92,-34.16,-43.92
-29.28,-43.92,-14.64,39.04,-9.76,-29.28,34.16,-4.88,-29.28,-43.92,-39.04,-53.68
-24.4,-43.92,-19.52,34.16,-4.88,-34.16,34.16,-4.88,-34.16,-53.68,-53.68,-58.56
-19.52,-43.92,-24.4,34.16,0,-34.16,34.16,-4.88,-24.4,-48.8,-43.92,-53.68
-24.4,-48.8,-24.4,39.04,0,-39.04,39.04,-4.88,-19.52,-48.8,-48.8,-53.68
-19.52,-39.04,-19.52,29.28,0,-29.28,39.04,0,-24.4,-43.92,-43.92,-48.8
-19.52,-43.92,-24.4,34.16,0,-34.16,39.04,0,-24.4,-48.8,-43.92,-53.68
-24.4,-43.92,-19.52,34.16,-4.88,-34.16,34.16,0,-19.52,-43.92,-43.92,-53.68
-29.28,-29.28,0,29.28,-14.64,-14.64,43.92,4.88,-19.52,-43.92,-43.92,-43.92
-34.16,-34.16,0,34.16,-19.52,-19.52,34.16,4.88,-29.28,-43.92,-43.92,-48.8
-29.28,-39.04,-9.76,34.16,-9.76,-24.4,34.16,4.88,-19.52,-48.8,-48.8,-48.8
-29.28,-34.16,-4.88,34.16,-14.64,-19.52,39.04,4.88,-19.52,-39.04,-39.04,-39.04
-29.28,-29.28,0,29.28,-14.64,-14.64,39.04,9.76,-19.52,-53.68,-43.92,-48.8
-24.4,-24.4,0,24.4,-14.64,-14.64,39.04,9.76,-14.64,-48.8,-43.92,-43.92
-29.28,-29.28,0,29.28,-14.64,-14.64,48.8,9.76,-4.88,-43.92,-39.04,-39.04
-19.52,-29.28,-9.76,24.4,-4.88,-19.52,39.04,9.76,-14.64,-48.8,-43.92,-43.92
-14.64,-19.52,-4.88,19.52,-4.88,-14.64,39.04,19.52,-9.76,-43.92,-39.04,-48.8
-14.64,-24.4,-9.76,19.52,-4.88,-19.52,39.04,19.52,-4.88,-39.04,-34.16,-43.92
-19.52,-19.52,0,19.52,-9.76,-9.76,39.04,19.52,-9.76,-43.92,-39.04,-43.92
-19.52,-19.52,0,19.52,-9.76,-9.76,34.16,24.4,-4.88,-43.92,-39.04,-48.8
-24.4,-24.4,0,24.4,-14.64,-14.64,39.04,19.52,-9.76,-43.92,-43.92,-53.68
-19.52,-24.4,-4.88,24.4,-9.76,-14.64,39.04,24.4,-9.76,-39.04,-43.92,-48.8
-14.64,-24.4,-9.76,19.52,-4.88,-19.52,39.04,19.52,-9.76,-48.8,-48.8,-48.8
-14.64,-19.52,-4.88,19.52,-4.88,-14.64,43.92,34.16,-4.88,-43.92,-39.04,-48.8
-9.76,-19.52,-9.76,14.64,0,-14.64,43.92,34.16,4.88,-34.16,-39.04,-48.8
-19.52,-14.64,4.88,19.52,-14.64,-4.88,48.8,39.04,0,-34.16,-34.16,-39.04
-14.64,-14.64,0,14.64,-9.76,-9.76,48.8,39.04,0,-39.04,-43.92,-43.92
-14.64,-14.64,0,14.64,-9.76,-9.76,48.8,39.04,9.76,-24.4,-34.16,-48.8
-14.64,-9.76,4.88,14.64,-9.76,-4.88,48.8,39.04,4.88,-34.16,-39.04,-43.92
-9.76,-9.76,0,9.76,-4.88,-4.88,39.04,34.16,0,-39.04,-43.92,-48.8
-19.52,-14.64,4.88,19.52,-14.64,-4.88,43.92,39.04,0,-39.04,-43.92,-48.8
-14.64,-9.76,4.88,14.64,-9.76,-4.88,43.92,39.04,0,-29.28,-39.04,-43.92
-9.76,-4.88,4.88,9.76,-9.76,0,48.8,43.92,0,-34.16,-48.8,-43.92
-14.64,-9.76,4.88,14.64,-9.76,-4.88,43.92,43.92,0,-34.16,-43.92,-43.92
-14.64,-14.64,0,14.64,-9.76,-9.76,43.92,43.92,4.88,-34.16,-43.92,-43.92
-14.64,-14.64,0,14.64,-9.76,-9.76,48.8,48.8,9.76,-29.28,-39.04,-39.04
-14.64,0,14.64,9.76,-14.64,4.88,48.8,53.68,14.64,-34.16,-39.04,-43.92
-4.88,4.88,9.76,0,-9.76,4.88,53.68,53.68,19.52,-24.4,-29.28,-39.04
-9.76,0,9.76,4.88,-9.76,4.88,58.56,63.44,19.52,-19.52,-24.4,-29.28
-14.64,4.88,19.52,4.88,-19.52,9.76,53.68,58.56,19.52,-19.52,-29.28,-29.28
-4.88,0,4.88,4.88,-4.88,0,48.8,53.68,14.64,-29.28,-39.04,-39.04
-14.64,-4.88,9.76,9.76,-14.64,0,43.92,48.8,9.76,-24.4,-39.04,-34.16
-4.88,-4.88,0,4.88,-4.88,-4.88,48.8,58.56,9.76,-29.28,-39.04,-29.28
-9.76,0,9.76,4.88,-9.76,4.88,53.68,58.56,14.64,-24.4,-34.16,-29.28
-19.52,-9.76,9.76,14.64,-14.64,0,53.68,53.68,19.52,-24.4,-34.16,-29.28
-9.76,0,9.76,4.88,-9.76,4.88,53.68,58.56,19.52,-14.64,-29.28,-19.52
-9.76,0,9.76,4.88,-9.76,4.88,48.8,58.56,34.16,-14.64,-29.28,-19.52
-9.76,4.88,14.64,4.88,-14.64,9.76,48.8,58.56,34.16,-9.76,-24.4,-19.52
0,9.76,9.76,-4.88,-4.88,9.76,48.8,63.44,29.28,-9.76,-24.4,-14.64
-4.88,9.76,14.64,0,-9.76,9.76,53.68,63.44,24.4,-9.76,-24.4,-14.64
0,9.76,9.76,-4.88,-4.88,9.76,53.68,63.44,24.4,-14.64,-29.28,-24.4
9.76,19.52,9.76,-14.64,0,14.64,53.68,58.56,24.4,-24.4,-19.52,-19.52
4.88,14.64,9.76,-9.76,-4.88,9.76,48.8,58.56,19.52,-29.28,-24.4,-19.52
4.88,19.52,14.64,-9.76,-4.88,14.64,48.8,58.56,19.52,-19.52,-24.4,-24.4
0,9.76,9.76,-4.88,-4.88,9.76,48.8,58.56,24.4,-19.52,-24.4,-24.4
0,9.76,9.76,-4.88,-4.88,9.76,48.8,48.8,19.52,-19.52,-24.4,-24.4
0,14.64,14.64,-4.88,-9.76,14.64,48.8,53.68,24.4,-24.4,-24.4,-24.4
0,4.88,4.88,0,-4.88,4.88,53.68,53.68,34.16,-9.76,-9.76,-19.52
4.88,9.76,4.88,-4.88,0,4.88,48.8,53.68,34.16,-9.76,-14.64,-9.76
0,14.64,14.64,-4.88,-9.76,14.64,48.8,53.68,24.4,-14.64,-19.52,-14.64
0,9.76,9.76,-4.88,-4.88,9.76,43.92,53.68,24.4,-19.52,-29.28,-19.52
14.64,14.64,0,-14.64,4.88,4.88,43.92,48.8,24.4,-14.64,-24.4,-14.64
4.88,19.52,14.64,-9.76,-4.88,14.64,43.92,53.68,19.52,-14.64,-29.28,-14.64
9.76,24.4,14.64,-14.64,-4.88,19.52,39.04,48.8,14.64,-19.52,-29.28,-24.4
9.76,19.52,9.76,-14.64,0,14.64,39.04,43.92,19.52,-24.4,-24.4,-24.4
0,19.52,19.52,-9.76,-9.76,19.52,34.16,39.04,14.64,-24.4,-19.52,-24.4
9.76,19.52,9.76,-14.64,0,14.64,34.16,39.04,9.76,-19.52,-24.4,-29.28
4.88,19.52,14.64,-9.76,-4.88,14.64,39.04,39.04,14.64,-14.64,-14.64,-19.52
-4.88,19.52,24.4,-4.88,-14.64,19.52,29.28,29.28,9.76,-19.52,-24.4,-24.4
0,24.4,24.4,-9.76,-14.64,24.4,39.04,34.16,9.76,-14.64,-19.52,-19.52
0,19.52,19.52,-9.76,-9.76,19.52,39.04,34.16,14.64,-14.64,-19.52,-19.52
4.88,19.52,14.64,-9.76,-4.88,14.64,34.16,34.16,14.64,-14.64,-9.76,-19.52
14.64,24.4,9.76,-19.52,0,14.64,34.16,34.16,9.76,-19.52,-24.4,-19.52
9.76,14.64,4.88,-9.76,0,9.76,34.16,29.28,4.88,-14.64,-24.4,-24.4
9.76,9.76,0,-9.76,4.88,4.88,34.16,34.16,9.76,-14.64,-24.4,-24.4
4.88,19.52,14.64,-9.76,-4.88,14.64,29.28,24.4,4.88,-14.64,-24.4,-24.4
9.76,19.52,9.76,-14.64,0,14.64,19.52,24.4,0,-19.52,-29.28,-34.16
9.76,19.52,9.76,-14.64,0,14.64,24.4,24.4,0,-14.64,-19.52,-24.4
0,9.76,9.76,-4.88,-4.88,9.76,24.4,29.28,4.88,-9.76,-19.52,-19.52
-4.88,9.76,14.64,0,-9.76,9.76,19.52,24.4,0,-19.52,-24.4,-19.52
4.88,9.76,4.88,-4.88,0,4.88,19.52,24.4,-4.88,-24.4,-24.4,-24.4
0,9.76,9.76,-4.88,-4.88,9.76,24.4,24.4,0,-19.52,-24.4,-14.64
9.76,14.64,4.88,-9.76,0,9.76,24.4,24.4,0,-14.64,-24.4,-14.64
4.88,9.76,4.88,-4.88,0,4.88,19.52,14.64,0,-14.64,-24.4,-19.52
0,4.88,4.88,0,-4.88,4.88,24.4,19.52,0,-14.64,-24.4,-19.52
9.76,14.64,4.88,-9.76,0,9.76,24.4,19.52,0,-14.64,-19.52,-14.64
9.76,14.64,4.88,-9.76,0,9.76,24.4,19.52,0,-14.64,-19.52,-19.52
4.88,4.88,0,-4.88,0,0,24.4,19.52,4.88,-9.76,-14.64,-19.52
9.76,14.64,4.88,-9.76,0,9.76,19.52,9.76,-4.88,-14.64,-24.4,-14.64
0,9.76,9.76,-4.88,-4.88,9.76,14.64,9.76,-9.76,-14.64,-29.28,-14.64
0,9.76,9.76,-4.88,-4.88,9.76,14.64,14.64,-4.88,-14.64,-24.4,-14.64
0,4.88,4.88,0,-4.88,4.88,9.76,4.88,-9.76,-19.52,-24.4,-19.52
0,9.76,9.76,-4.88,-4.88,9.76,14.64,14.64,-9.76,-19.52,-29.28,-19.52
9.76,4.88,-4.88,-4.88,4.88,0,9.76,9.76,-9.76,-19.52,-29.28,-19.52
0,0,0,0,0,0,14.64,9.76,-9.76,-24.4,-29.28,-19.52
9.76,0,-9.76,-4.88,9.76,-4.88,14.64,4.88,-4.88,-14.64,-29.28,-14.64
9.76,4.88,-4.88,-4.88,4.88,0,14.64,0,-4.88,-14.64,-24.4,-14.64
4.88,4.88,0,-4.88,0,0,14.64,4.88,-4.88,-9.76,-19.52,-14.64
14.64,4.88,-9.76,-9.76,9.76,-4.88,9.76,4.88,-9.76,-14.64,-24.4,-14.64
4.88,4.88,0,-4.88,0,0,9.76,0,-4.88,-14.64,-29.28,-14.64
0,0,0,0,0,0,4.88,0,-9.76,-19.52,-34.16,-19.52
4.88,9.76,4.88,-4.88,0,4.88,9.76,0,-14.64,-19.52,-29.28,-14.64
0,4.88,4.88,0,-4.88,4.88,4.88,0,-19.52,-14.64,-34.16,-14.64
0,4.88,4.88,0,-4.88,4.88,4.88,-4.88,-19.52,-19.52,-29.28,-19.52
0,0,0,0,0,0,0,-4.88,-14.64,-14.64,-29.28,-14.64
0,-4.88,-4.88,4.88,0,-4.88,0,0,-9.76,-14.64,-29.28,-14.64
4.88,9.76,4.88,-4.88,0,4.88,-4.88,-4.88,-14.64,-19.52,-34.16,-19.52
4.88,4.88,0,-4.88,0,0,0,0,-9.76,-14.64,-29.28,-14.64
0,0,0,0,0,0,0,-4.88,-14.64,-9.76,-29.28,-14.64
-4.88,0,4.88,4.88,-4.88,0,0,0,-14.64,-4.88,-29.28,-9.76
-9.76,-4.88,4.88,9.76,-9.76,0,-4.88,-4.88,-14.64,-14.64,-39.04,-19.52
-4.88,4.88,9.76,0,-9.76,4.88,-4.88,-4.88,-14.64,-14.64,-39.04,-19.52
0,4.88,4.88,0,-4.88,4.88,-9.76,-4.88,-19.52,-19.52,-48.8,-24.4
-4.88,0,4.88,4.88,-4.88,0,-4.88,-14.64,-19.52,-19.52,-43.92,-24.4
-9.76,0,9.76,4.88,-9.76,4.88,-4.88,-4.88,-14.64,-19.52,-43.92,-24.4
-9.76,-4.88,4.88,9.76,-9.76,0,-4.88,-9.76,-14.64,-9.76,-43.92,-19.52
0,0,0,0,0,0,-9.76,-14.64,-14.64,-14.64,-43.92,-19.52
0,9.76,9.76,-4.88,-4.88,9.76,0,-4.88,-9.76,-9.76,-34.16,-14.64
0,4.88,4.88,0,-4.88,4.88,-9.76,-9.76,-14.64,-9.76,-39.04,-14.64
4.88,4.88,0,-4.88,0,0,-4.88,-4.88,-14.64,-9.76,-34.16,-9.76
4.88,9.76,4.88,-4.88,0,4.88,-4.88,-4.88,-9.76,-14.64,-39.04,-14.64
4.88,9.76,4.88,-4.88,0,4.88,-4.88,-14.64,-14.64,-9.76,-39.04,-14.64
9.76,14.64,4.88,-9.76,0,9.76,-4.88,-9.76,-9.76,-9.76,-34.16,-14.64
0,4.88,4.88,0,-4.88,4.88,-9.76,-9.76,-14.64,-14.64,-39.04,-24.4
0,4.88,4.88,0,-4.88,4.88,-14.64,-14.64,-9.76,-14.64,-43.92,-24.4
0,9.76,9.76,-4.88,-4.88,9.76,-9.76,-9.76,-9.76,-9.76,-34.16,-19.52
-4.88,9.76,14.64,0,-9.76,9.76,-14.64,-14.64,-9.76,-9.76,-39.04,-24.4
4.88,14.64,9.76,-9.76,-4.88,9.76,-9.76,-9.76,-4.88,-9.76,-29.28,-19.52
4.88,14.64,9.76,-9.76,-4.88,9.76,-9.76,-9.76,-4.88,0,-29.28,-14.64
0,9.76,9.76,-4.88,-4.88,9.76,-4.88,-4.88,-4.88,4.88,-24.4,-9.76
9.76,19.52,9.76,-14.64,0,14.64,-14.64,-9.76,-4.88,-4.88,-29.28,-14.64
4.88,14.64,9.76,-9.76,-4.88,9.76,-14.64,-9.76,-4.88,-4.88,-34.16,-14.64
9.76,9.76,0,-9.76,4.88,4.88,-19.52,-9.76,-4.88,-9.76,-34.16,-14.64
9.76,9.76,0,-9.76,4.88,4.88,-19.52,-9.76,-9.76,-9.76,-34.16,-19.52
9.76,4.88,-4.88,-4.88,4.88,0,-19.52,-9.76,-9.76,-4.88,-39.04,-14.64
9.76,14.64,4.88,-9.76,0,9.76,-19.52,-14.64,-9.76,0,-34.16,-14.64
9.76,14.64,4.88,-9.76,0,9.76,-19.52,-14.64,-9.76,0,-34.16,-14.64
4.88,9.76,4.88,-4.88,0,4.88,-19.52,-14.64,-14.64,-9.76,-34.16,-14.64
4.88,9.76,4.88,-4.88,0,4.88,-19.52,-14.64,-4.88,4.88,-29.28,-4.88
0,14.64,14.64,-4.88,-9.76,14.64,-19.52,-9.76,-4.88,4.88,-19.52,-4.88
9.76,14.64,4.88,-9.76,0,9.76,-14.64,-9.76,0,4.88,-19.52,-9.76
24.4,19.52,-4.88,-19.52,14.64,4.88,-24.4,-9.76,0,0,-24.4,-9.76
19.52,14.64,-4.88,-14.64,9.76,4.88,-34.16,-19.52,-9.76,0,-29.28,-9.76
19.52,19.52,0,-19.52,9.76,9.76,-29.28,-19.52,-4.88,0,-29.28,-14.64
9.76,9.76,0,-9.76,4.88,4.88,-29.28,-19.52,-4.88,-4.88,-34.16,-14.64
14.64,14.64,0,-14.64,4.88,4.88,-29.28,-14.64,-9.76,0,-34.16,-9.76
19.52,19.52,0,-19.52,9.76,9.76,-19.52,-19.52,-4.88,0,-29.28,-4.88
14.64,14.64,0,-14.64,4.88,4.88,-24.4,-24.4,-4.88,0,-34.16,-9.76
9.76,9.76,0,-9.76,4.88,4.88,-29.28,-24.4,-4.88,0,-34.16,-9.76
14.64,19.52,4.88,-14.64,4.88,9.76,-29.28,-24.4,-9.76,0,-34.16,-14.64
9.76,19.52,9.76,-14.64,0,14.64,-29.28,-24.4,-4.88,0,-29.28,-14.64
14.64,24.4,9.76,-19.52,0,14.64,-24.4,-19.52,-9.76,-4.88,-34.16,-14.64
14.64,24.4,9.76,-19.52,0,14.64,-24.4,-19.52,-14.64,-9.76,-34.16,-14.64
14.64,14.64,0,-14.64,4.88,4.88,-19.52,-19.52,-4.88,-4.88,-29.28,-9.76
24.4,29.28,4.88,-24.4,9.76,14.64,-24.4,-19.52,-4.88,-14.64,-29.28,-14.64
19.52,24.4,4.88,-19.52,4.88,14.64,-24.4,-19.52,-9.76,-9.76,-29.28,-14.64
19.52,24.4,4.88,-19.52,4.88,14.64,-19.52,-19.52,-9.76,-14.64,-29.28,-14.64
14.64,19.52,4.88,-14.64,4.88,9.76,-24.4,-24.4,-4.88,-9.76,-29.28,-19.52
14.64,9.76,-4.88,-9.76,9.76,0,-24.4,-24.4,-4.88,-4.88,-29.28,-14.64
19.52,14.64,-4.88,-14.64,9.76,4.88,-24.4,-19.52,-4.88,-4.88,-29.28,-14.64
14.64,19.52,4.88,-14.64,4.88,9.76,-24.4,-19.52,-4.88,-9.76,-34.16,-14.64
14.64,19.52,4.88,-14.64,4.88,9.76,-24.4,-19.52,-9.76,-14.64,-34.16,-14.64
19.52,24.4,4.88,-19.52,4.88,14.64,-24.4,-14.64,-9.76,-14.64,-29.28,-14.64
9.76,14.64,4.88,-9.76,0,9.76,-29.28,-19.52,-4.88,-14.64,-29.28,-19.52
14.64,19.52,4.88,-14.64,4.88,9.76,-24.4,-19.52,-4.88,-14.64,-34.16,-24.4
24.4,24.4,0,-24.4,9.76,9.76,-29.28,-24.4,-14.64,-14.64,-34.16,-19.52
19.52,24.4,4.88,-19.52,4.88,14.64,-29.28,-24.4,-14.64,-14.64,-34.16,-19.52
19.52,34.16,14.64,-24.4,0,24.4,-34.16,-24.4,-14.64,-14.64,-34.16,-24.4
14.64,24.4,9.76,-19.52,0,14.64,-29.28,-19.52,-9.76,-9.76,-34.16,-19.52
19.52,29.28,9.76,-24.4,4.88,19.52,-29.28,-24.4,-14.64,-9.76,-29.28,-14.64
14.64,29.28,14.64,-19.52,0,19.52,-24.4,-19.52,-14.64,-14.64,-29.28,-14.64
9.76,19.52,9.76,-14.64,0,14.64,-24.4,-19.52,-14.64,-9.76,-29.28,-14.64
9.76,24.4,14.64,-14.64,-4.88,19.52,-24.4,-24.4,-14.64,-14.64,-29.28,-24.4
19.52,29.28,9.76,-24.4,4.88,19.52,-29.28,-24.4,-14.64,-19.52,-34.16,-24.4
9.76,24.4,14.64,-14.64,-4.88,19.52,-19.52,-19.52,-19.52,-14.64,-34.16,-19.52
14.64,29.28,14.64,-19.52,0,19.52,-19.52,-19.52,-14.64,-9.76,-29.28,-14.64
19.52,29.28,9.76,-24.4,4.88,19.52,-19.52,-19.52,-14.64,-14.64,-34.16,-14.64
19.52,24.4,4.88,-19.52,4.88,14.64,-19.52,-24.4,-19.52,-14.64,-34.16,-19.52
14.64,29.28,14.64,-19.52,0,19.52,-19.52,-19.52,-9.76,-9.76,-29.28,-9.76
4.88,19.52,14.64,-9.76,-4.88,14.64,-24.4,-24.4,-14.64,-9.76,-29.28,-9.76
14.64,24.4,9.76,-19.52,0,14.64,-24.4,-24.4,-14.64,-14.64,-29.28,-19.52
14.64,19.52,4.88,-14.64,4.88,9.76,-24.4,-19.52,-9.76,-4.88,-34.16,-14.64
4.88,19.52,14.64,-9.76,-4.88,14.64,-29.28,-24.4,-19.52,-14.64,-39.04,-24.4
9.76,19.52,9.76,-14.64,0,14.64,-24.4,-29.28,-24.4,-14.64,-34.16,-19.52
4.88,19.52,14.64,-9.76,-4.88,14.64,-24.4,-19.52,-14.64,-9.76,-39.04,-19.52
14.64,24.4,9.76,-19.52,0,14.64,-24.4,-24.4,-19.52,-14.64,-34.16,-19.52
14.64,29.28,14.64,-19.52,0,19.52,-19.52,-19.52,-14.64,-9.76,-29.28,-9.76
14.64,24.4,9.76,-19.52,0,14.64,-24.4,-19.52,-19.52,-14.64,-39.04,-19.52
14.64,24.4,9.76,-19.52,0,14.64,-24.4,-19.52,-14.64,-9.76,-34.16,-19.52
14.64,24.4,9.76,-19.52,0,14.64,-19.52,-19.52,-14.64,-9.76,-29.28,-14.64
14.64,19.52,4.88,-14.64,4.88,9.76,-24.4,-14.64,-19.52,-9.76,-39.04,-19.52
14.64,29.28,14.64,-19.52,0,19.52,-29.28,-24.4,-29.28,-14.64,-39.04,-24.4
9.76,19.52,9.76,-14.64,0,14.64,-29.28,-19.52,-29.28,-14.64,-43.92,-19.52
9.76,19.52,9.76,-14.64,0,14.64,-29.28,-19.52,-29.28,-19.52,-48.8,-19.52
9.76,24.4,14.64,-14.64,-4.88,19.52,-24.4,-14.64,-19.52,-19.52,-39.04,-19.52
9.76,19.52,9.76,-14.64,0,14.64,-29.28,-19.52,-24.4,-14.64,-39.04,-14.64
14.64,24.4,9.76,-19.52,0,14.64,-24.4,-9.76,-19.52,-14.64,-39.04,-19.52
14.64,24.4,9.76,-19.52,0,14.64,-24.4,-9.76,-19.52,-14.64,-34.16,-14.64
9.76,19.52,9.76,-14.64,0,14.64,-24.4,-19.52,-14.64,-9.76,-39.04,-9.76
19.52,29.28,9.76,-24.4,4.88,19.52,-24.4,-14.64,-19.52,-4.88,-34.16,-9.76
19.52,24.4,4.88,-19.52,4.88,14.64,-24.4,-14.64,-19.52,-14.64,-39.04,-14.64
19.52,24.4,4.88,-19.52,4.88,14.64,-24.4,-19.52,-29.28,-14.64,-39.04,-14.64
14.64,19.52,4.88,-14.64,4.88,9.76,-24.4,-19.52,-24.4,-19.52,-39.04,-14.64
4.88,14.64,9.76,-9.76,-4.88,9.76,-29.28,-19.52,-34.16,-24.4,-43.92,-19.52
9.76,19.52,9.76,-14.64,0,14.64,-29.28,-24.4,-29.28,-24.4,-43.92,-24.4
9.76,19.52,9.76,-14.64,0,14.64,-29.28,-19.52,-24.4,-19.52,-39.04,-19.52
4.88,9.76,4.88,-4.88,0,4.88,-34.16,-29.28,-24.4,-19.52,-48.8,-14.64
0,9.76,9.76,-4.88,-4.88,9.76,-24.4,-24.4,-24.4,-19.52,-43.92,-14.64
4.88,9.76,4.88,-4.88,0,4.88,-24.4,-24.4,-24.4,-14.64,-39.04,-9.76
9.76,14.64,4.88,-9.76,0,9.76,-24.4,-19.52,-24.4,-14.64,-39.04,-9.76
14.64,19.52,4.88,-14.64,4.88,9.76,-24.4,-14.64,-19.52,-9.76,-34.16,-4.88
9.76,19.52,9.76,-14.64,0,14.64,-29.28,-19.52,-24.4,-14.64,-43.92,-14.64
9.76,19.52,9.76,-14.64,0,14.64,-24.4,-19.52,-19.52,-14.64,-39.04,-14.64
4.88,14.64,9.76,-9.76,-4.88,9.76,-29.28,-19.52,-19.52,-19.52,-48.8,-19.52
4.88,14.64,9.76,-9.76,-4.88,9.76,-24.4,-19.52,-24.4,-19.52,-48.8,-19.52
9.76,19.52,9.76,-14.64,0,14.64,-19.52,-14.64,-19.52,-19.52,-48.8,-14.64
4.88,14.64,9.76,-9.76,-4.88,9.76,-19.52,-14.64,-24.4,-14.64,-43.92,-9.76
4.88,14.64,9.76,-9.76,-4.88,9.76,-19.52,-19.52,-29.28,-19.52,-43.92,-14.64
9.76,19.52,9.76,-14.64,0,14.64,-24.4,-19.52,-24.4,-14.64,-39.04,-4.88
9.76,14.64,4.88,-9.76,0,9.76,-24.4,-19.52,-29.28,-19.52,-43.92,-9.76
14.64,19.52,4.88,-14.64,4.88,9.76,-19.52,-14.64,-24.4,-14.64,-39.04,-9.76
9.76,19.52,9.76,-14.64,0,14.64,-19.52,-19.52,-24.4,-19.52,-48.8,-9.76
9.76,19.52,9.76,-14.64,0,14.64,-24.4,-19.52,-24.4,-24.4,-48.8,-14.64
19.52,24.4,4.88,-19.52,4.88,14.64,-19.52,-19.52,-24.4,-24.4,-48.8,-19.52
14.64,19.52,4.88,-14.64,4.88,9.76,-14.64,-19.52,-19.52,-14.64,-48.8,-14.64
9.76,19.52,9.76,-14.64,0,14.64,-14.64,-14.64,-19.52,-19.52,-43.92,-14.64
14.64,19.52,4.88,-14.64,4.88,9.76,-19.52,-19.52,-24.4,-14.64,-39.04,-9.76
9.76,14.64,4.88,-9.76,0,9.76,-19.52,-19.52,-29.28,-24.4,-43.92,-19.52
9.76,19.52,9.76,-14.64,0,14.64,-19.52,-19.52,-24.4,-19.52,-43.92,-19.52
9.76,14.64,4.88,-9.76,0,9.76,-19.52,-14.64,-29.28,-14.64,-43.92,-14.64
14.64,19.52,4.88,-14.64,4.88,9.76,-19.52,-24.4,-34.16,-19.52,-48.8,-19.52
14.64,19.52,4.88,-14.64,4.88,9.76,-19.52,-14.64,-24.4,-19.52,-48.8,-19.52
9.76,9.76,0,-9.76,4.88,4.88,-19.52,-19.52,-29.28,-19.52,-48.8,-19.52
9.76,14.64,4.88,-9.76,0,9.76,-14.64,-14.64,-29.28,-19.52,-48.8,-19.52
14.64,19.52,4.88,-14.64,4.88,9.76,-19.52,-14.64,-29.28,-19.52,-48.8,-19.52
9.76,19.52,9.76,-14.64,0,14.64,-19.52,-14.64,-24.4,-29.28,-43.92,-19.52
14.64,19.52,4.88,-14.64,4.88,9.76,-14.64,-14.64,-29.28,-24.4,-53.68,-24.4
9.76,19.52,9.76,-14.64,0,14.64,-14.64,-14.64,-29.28,-29.28,-53.68,-19.52
4.88,14.64,9.76,-9.76,-4.88,9.76,-19.52,-14.64,-34.16,-24.4,-48.8,-19.52
14.64,19.52,4.88,-14.64,4.88,9.76,-24.4,-14.64,-39.04,-24.4,-48.8,-19.52
9.76,14.64,4.88,-9.76,0,9.76,-24.4,-14.64,-34.16,-29.28,-48.8,-24.4
14.64,9.76,-4.88,-9.76,9.76,0,-24.4,-14.64,-39.04,-34.16,-58.56,-29.28
9.76,14.64,4.88,-9.76,0,9.76,-19.52,-14.64,-39.04,-34.16,-58.56,-29.28
9.76,9.76,0,-9.76,4.88,4.88,-24.4,-19.52,-43.92,-34.16,-63.44,-29.28
19.52,24.4,4.88,-19.52,4.88,14.64,-14.64,-14.64,-34.16,-29.28,-63.44,-24.4
19.52,19.52,0,-19.52,9.76,9.76,-14.64,-14.64,-39.04,-29.28,-58.56,-24.4
19.52,19.52,0,-19.52,9.76,9.76,-19.52,-14.64,-39.04,-29.28,-63.44,-29.28
14.64,19.52,4.88,-14.64,4.88,9.76,-24.4,-19.52,-39.04,-34.16,-58.56,-24.4
9.76,14.64,4.88,-9.76,0,9.76,-24.4,-19.52,-39.04,-29.28,-58.56,-19.52
14.64,24.4,9.76,-19.52,0,14.64,-24.4,-14.64,-29.28,-29.28,-53.68,-19.52
9.76,19.52,9.76,-14.64,0,14.64,-24.4,-9.76,-34.16,-29.28,-53.68,-24.4
4.88,4.88,0,-4.88,0,0,-29.28,-19.52,-43.92,-34.16,-63.44,-29.28
9.76,9.76,0,-9.76,4.88,4.88,-29.28,-19.52,-39.04,-34.16,-63.44,-29.28
9.76,9.76,0,-9.76,4.88,4.88,-29.28,-19.52,-39.04,-39.04,-68.32,-29.28
9.76,14.64,4.88,-9.76,0,9.76,-24.4,-14.64,-39.04,-34.16,-63.44,-29.28
14.64,19.52,4.88,-14.64,4.88,9.76,-24.4,-19.52,-39.04,-34.16,-58.56,-19.52
4.88,19.52,14.64,-9.76,-4.88,14.64,-24.4,-9.76,-34.16,-34.16,-58.56,-24.4
9.76,19.52,9.76,-14.64,0,14.64,-14.64,-9.76,-34.16,-29.28,-58.56,-19.52
9.76,19.52,9.76,-14.64,0,14.64,-19.52,-14.64,-39.04,-24.4,-58.56,-19.52
4.88,9.76,4.88,-4.88,0,4.88,-19.52,-9.76,-39.04,-34.16,-63.44,-19.52
9.76,14.64,4.88,-9.76,0,9.76,-19.52,-9.76,-39.04,-34.16,-68.32,-24.4
4.88,14.64,9.76,-9.76,-4.88,9.76,-19.52,-14.64,-43.92,-39.04,-68.32,-24.4
4.88,9.76,4.88,-4.88,0,4.88,-19.52,-14.64,-39.04,-34.16,-73.2,-24.4
4.88,9.76,4.88,-4.88,0,4.88,-14.64,-14.64,-34.16,-34.16,-73.2,-24.4
4.88,4.88,0,-4.88,0,0,-19.52,-19.52,-39.04,-39.04,-78.08,-24.4
4.88,9.76,4.88,-4.88,0,4.88,-14.64,-14.64,-34.16,-29.28,-68.32,-24.4
4.88,4.88,0,-4.88,0,0,-14.64,-14.64,-39.04,-34.16,-78.08,-29.28
0,4.88,4.88,0,-4.88,4.88,-14.64,-14.64,-43.92,-39.04,-78.08,-29.28
9.76,14.64,4.88,-9.76,0,9.76,-14.64,-14.64,-43.92,-34.16,-73.2,-24.4
4.88,9.76,4.88,-4.88,0,4.88,-9.76,-14.64,-39.04,-39.04,-73.2,-19.52
0,4.88,4.88,0,-4.88,4.88,-14.64,-19.52,-39.04,-39.04,-78.08,-29.28
4.88,4.88,0,-4.88,0,0,-14.64,-19.52,-43.92,-39.04,-78.08,-29.28
-4.88,0,4.88,4.88,-4.88,0,-19.52,-19.52,-48.8,-43.92,-82.96,-39.04
0,4.88,4.88,0,-4.88,4.88,-24.4,-19.52,-48.8,-48.8,-87.84,-39.04
4.88,0,-4.88,0,4.88,-4.88,-14.64,-19.52,-48.8,-43.92,-87.84,-34.16
-4.88,-4.88,0,4.88,-4.88,-4.88,-19.52,-19.52,-53.68,-48.8,-82.96,-34.16
0,-4.88,-4.88,4.88,0,-4.88,-14.64,-24.4,-48.8,-48.8,-82.96,-34.16
0,-4.88,-4.88,4.88,0,-4.88,-14.64,-14.64,-48.8,-43.92,-78.08,-29.28
0,-4.88,-4.88,4.88,0,-4.88,-14.64,-14.64,-48.8,-39.04,-73.2,-29.28
0,4.88,4.88,0,-4.88,4.88,-9.76,-14.64,-48.8,-39.04,-73.2,-24.4
-4.88,0,4.88,4.88,-4.88,0,-9.76,-14.64,-48.8,-39.04,-78.08,-29.28
4.88,4.88,0,-4.88,0,0,-14.64,-14.64,-43.92,-48.8,-82.96,-34.16
0,0,0,0,0,0,-19.52,-19.52,-48.8,-48.8,-87.84,-39.04
-4.88,0,4.88,4.88,-4.88,0,-14.64,-19.52,-43.92,-53.68,-87.84,-39.04
0,4.88,4.88,0,-4.88,4.88,-19.52,-24.4,-48.8,-48.8,-87.84,-39.04
-4.88,-4.88,0,4.88,-4.88,-4.88,-19.52,-19.52,-48.8,-53.68,-87.84,-39.04
-9.76,-4.88,4.88,9.76,-9.76,0,-14.64,-19.52,-48.8,-48.8,-82.96,-34.16
-4.88,0,4.88,4.88,-4.88,0,-9.76,-19.52,-48.8,-53.68,-87.84,-39.04
-4.88,-4.88,0,4.88,-4.88,-4.88,-14.64,-24.4,-48.8,-48.8,-87.84,-39.04
0,0,0,0,0,0,-9.76,-14.64,-39.04,-48.8,-82.96,-29.28
0,0,0,0,0,0,-14.64,-19.52,-48.8,-43.92,-82.96,-34.16
-4.88,0,4.88,4.88,-4.88,0,-14.64,-19.52,-48.8,-43.92,-92.72,-39.04
9.76,4.88,-4.88,-4.88,4.88,0,-14.64,-14.64,-43.92,-48.8,-87.84,-34.16
9.76,4.88,-4.88,-4.88,4.88,0,-9.76,-9.76,-39.04,-43.92,-87.84,-34.16
9.76,4.88,-4.88,-4.88,4.88,0,-9.76,-14.64,-39.04,-48.8,-87.84,-34.16
4.88,4.88,0,-4.88,0,0,-9.76,-14.64,-39.04,-53.68,-82.96,-39.04
-4.88,-9.76,-4.88,9.76,0,-9.76,-14.64,-19.52,-48.8,-48.8,-87.84,-39.04
-4.88,-9.76,-4.88,9.76,0,-9.76,-9.76,-14.64,-48.8,-48.8,-82.96,-34.16
-9.76,-9.76,0,9.76,-4.88,-4.88,-9.76,-14.64,-48.8,-43.92,-78.08,-34.16
-14.64,-9.76,4.88,14.64,-9.76,-4.88,-4.88,-9.76,-48.8,-43.92,-73.2,-29.28
-9.76,-4.88,4.88,9.76,-9.76,0,-4.88,-9.76,-43.92,-48.8,-73.2,-34.16
-4.88,-9.76,-4.88,9.76,0,-9.76,-9.76,-14.64,-48.8,-58.56,-73.2,-39.04
0,-4.88,-4.88,4.88,0,-4.88,-14.64,-14.64,-48.8,-53.68,-73.2,-43.92
0,0,0,0,0,0,-4.88,-14.64,-48.8,-53.68,-68.32,-39.04
-9.76,-4.88,4.88,9.76,-9.76,0,-9.76,-14.64,-43.92,-48.8,-73.2,-39.04
0,0,0,0,0,0,-14.64,-14.64,-43.92,-53.68,-73.2,-39.04
0,-4.88,-4.88,4.88,0,-4.88,-9.76,-19.52,-53.68,-53.68,-73.2,-39.04
0,-9.76,-9.76,4.88,4.88,-9.76,-9.76,-14.64,-53.68,-58.56,-73.2,-39.04
4.88,0,-4.88,0,4.88,-4.88,-14.64,-19.52,-53.68,-58.56,-73.2,-34.16
0,-9.76,-9.76,4.88,4.88,-9.76,-14.64,-19.52,-58.56,-58.56,-78.08,-34.16
-9.76,-14.64,-4.88,14.64,-4.88,-9.76,-9.76,-19.52,-53.68,-58.56,-78.08,-39.04
-9.76,-9.76,0,9.76,-4.88,-4.88,-9.76,-14.64,-48.8,-58.56,-78.08,-39.04
-4.88,-9.76,-4.88,9.76,0,-9.76,-9.76,-14.64,-53.68,-53.68,-78.08,-39.04
0,0,0,0,0,0,-4.88,-9.76,-48.8,-53.68,-78.08,-39.04
0,0,0,0,0,0,-9.76,-9.76,-53.68,-58.56,-78.08,-43.92
-4.88,-14.64,-9.76,9.76,0,-14.64,-4.88,-9.76,-48.8,-58.56,-78.08,-39.04
-4.88,-9.76,-4.88,9.76,0,-9.76,-4.88,-9.76,-48.8,-58.56,-73.2,-34.16
-9.76,-14.64,-4.88,14.64,-4.88,-9.76,-9.76,-14.64,-58.56,-63.44,-78.08,-39.04
-4.88,-4.88,0,4.88,-4.88,-4.88,-14.64,-14.64,-53.68,-58.56,-78.08,-43.92
-4.88,-4.88,0,4.88,-4.88,-4.88,-9.76,-19.52,-48.8,-58.56,-78.08,-43.92
-14.64,-14.64,0,14.64,-9.76,-9.76,-4.88,-14.64,-48.8,-53.68,-78.08,-43.92
-9.76,-9.76,0,9.76,-4.88,-4.88,-9.76,-19.52,-58.56,-58.56,-78.08,-43.92
-14.64,-14.64,0,14.64,-9.76,-9.76,-9.76,-14.64,-58.56,-68.32,-82.96,-43.92
-9.76,-9.76,0,9.76,-4.88,-4.88,-9.76,-24.4,-68.32,-73.2,-87.84,-48.8
-4.88,-4.88,0,4.88,-4.88,-4.88,-9.76,-19.52,-58.56,-68.32,-87.84,-48.8
-14.64,-14.64,0,14.64,-9.76,-9.76,-4.88,-14.64,-53.68,-63.44,-82.96,-48.8
-9.76,-4.88,4.88,9.76,-9.76,0,-9.76,-9.76,-58.56,-73.2,-87.84,-53.68
0,-4.88,-4.88,4.88,0,-4.88,-4.88,-14.64,-58.56,-68.32,-82.96,-48.8
-4.88,-9.76,-4.88,9.76,0,-9.76,0,-9.76,-48.8,-58.56,-78.08,-43.92
4.88,0,-4.88,0,4.88,-4.88,-9.76,-14.64,-53.68,-68.32,-87.84,-48.8
-9.76,-14.64,-4.88,14.64,-4.88,-9.76,-4.88,-9.76,-58.56,-68.32,-87.84,-43.92
-9.76,-19.52,-9.76,14.64,0,-14.64,-4.88,-9.76,-58.56,-68.32,-82.96,-48.8
-9.76,-14.64,-4.88,14.64,-4.88,-9.76,-4.88,-14.64,-63.44,-68.32,-87.84,-43.92
-9.76,-9.76,0,9.76,-4.88,-4.88,-9.76,-14.64,-63.44,-73.2,-87.84,-53.68
0,-4.88,-4.88,4.88,0,-4.88,-4.88,-9.76,-58.56,-63.44,-82.96,-43.92
-4.88,-9.76,-4.88,9.76,0,-9.76,0,-4.88,-58.56,-58.56,-78.08,-43.92
-9.76,-14.64,-4.88,14.64,-4.88,-9.76,-9.76,-9.76,-58.56,-68.32,-87.84,-48.8
-4.88,-14.64,-9.76,9.76,0,-14.64,0,-9.76,-58.56,-68.32,-82.96,-43.92
-9.76,-14.64,-4.88,14.64,-4.88,-9.76,-4.88,-9.76,-58.56,-68.32,-82.96,-43.92
-14.64,-9.76,4.88,14.64,-9.76,-4.88,-4.88,-14.64,-58.56,-73.2,-87.84,-48.8
-14.64,-9.76,4.88,14.64,-9.76,-4.88,-4.88,-14.64,-63.44,-78.08,-97.6,-53.68
-19.52,-24.4,-4.88,24.4,-9.76,-14.64,4.88,-9.76,-58.56,-73.2,-92.72,-48.8
-14.64,-19.52,-4.88,19.52,-4.88,-14.64,0,-4.88,-58.56,-68.32,-92.72,-53.68
-9.76,-14.64,-4.88,14.64,-4.88,-9.76,-9.76,-9.76,-63.44,-78.08,-102.48,-63.44
-14.64,-19.52,-4.88,19.52,-4.88,-14.64,-4.88,-9.76,-68.32,-82.96,-102.48,-58.56
-9.76,-14.64,-4.88,14.64,-4.88,-9.76,-4.88,-9.76,-68.32,-78.08,-97.6,-53.68
-9.76,-19.52,-9.76,14.64,0,-14.64,0,-9.76,-58.56,-78.08,-97.6,-48.8
-14.64,-19.52,-4.88,19.52,-4.88,-14.64,4.88,-4.88,-63.44,-78.08,-97.6,-48.8
-14.64,-9.76,4.88,14.64,-9.76,-4.88,0,-4.88,-63.44,-73.2,-97.6,-48.8
-14.64,-19.52,-4.88,19.52,-4.88,-14.64,0,-4.88,-68.32,-78.08,-97.6,-48.8
-4.88,-9.76,-4.88,9.76,0,-9.76,-9.76,-9.76,-68.32,-82.96,-102.48,-58.56
-14.64,-9.76,4.88,14.64,-9.76,-4.88,4.88,0,-68.32,-78.08,-97.6,-53.68
-14.64,-14.64,0,14.64,-9.76,-9.76,-4.88,-9.76,-68.32,-82.96,-102.48,-53.68
-9.76,-14.64,-4.88,14.64,-4.88,-9.76,-4.88,-9.76,-63.44,-82.96,-107.36,-53.68
-14.64,-24.4,-9.76,19.52,-4.88,-19.52,-4.88,-14.64,-63.44,-82.96,-107.36,-53.68
-19.52,-24.4,-4.88,24.4,-9.76,-14.64,-9.76,-14.64,-63.44,-82.96,-107.36,-53.68
-24.4,-19.52,4.88,24.4,-14.64,-9.76,0,-4.88,-58.56,-82.96,-107.36,-53.68
-19.52,-24.4,-4.88,24.4,-9.76,-14.64,-4.88,-9.76,-63.44,-82.96,-107.36,-48.8
-14.64,-19.52,-4.88,19.52,-4.88,-14.64,-4.88,-9.76,-68.32,-78.08,-102.48,-53.68
-14.64,-19.52,-4.88,19.52,-4.88,-14.64,-4.88,-9.76,-68.32,-82.96,-102.48,-58.56
-14.64,-24.4,-9.76,19.52,-4.88,-19.52,-4.88,-4.88,-63.44,-87.84,-102.48,-53.68
-14.64,-19.52,-4.88,19.52,-4.88,-14.64,-4.88,-4.88,-63.44,-87.84,-102.48,-53.68
-14.64,-19.52,-4.88,19.52,-4.88,-14.64,-4.88,-4.88,-58.56,-82.96,-102.48,-53.68
-14.64,-19.52,-4.88,19.52,-4.88,-14.64,-4.88,-4.88,-68.32,-87.84,-107.36,-63.44
-14.64,-24.4,-9.76,19.52,-4.88,-19.52,0,0,-63.44,-78.08,-102.48,-53.68
-19.52,-34.16,-14.64,29.28,-4.88,-24.4,-4.88,-4.88,-68.32,-78.08,-107.36,-53.68
-14.64,-29.28,-14.64,24.4,0,-24.4,0,-4.88,-63.44,-78.08,-107.36,-48.8
-9.76,-24.4,-14.64,19.52,0,-19.52,-4.88,-9.76,-68.32,-82.96,-112.24,-63.44
-14.64,-24.4,-9.76,19.52,-4.88,-19.52,0,-4.88,-68.32,-78.08,-102.48,-53.68
-9.76,-24.4,-14.64,19.52,0,-19.52,0,-4.88,-68.32,-82.96,-102.48,-58.56
-14.64,-24.4,-9.76,19.52,-4.88,-19.52,-4.88,-9.76,-63.44,-82.96,-102.48,-53.68
-14.64,-24.4,-9.76,19.52,-4.88,-19.52,4.88,-4.88,-63.44,-87.84,-102.48,-53.68
-4.88,-19.52,-14.64,14.64,4.88,-19.52,4.88,-4.88,-63.44,-87.84,-102.48,-53.68
-14.64,-19.52,-4.88,19.52,-4.88,-14.64,0,-9.76,-63.44,-92.72,-107.36,-58.56
-9.76,-14.64,-4.88,14.64,-4.88,-9.76,4.88,-4.88,-63.44,-82.96,-102.48,-48.8
-14.64,-19.52,-4.88,19.52,-4.88,-14.64,4.88,-9.76,-68.32,-87.84,-102.48,-53.68
-14.64,-24.4,-9.76,19.52,-4.88,-19.52,4.88,-4.88,-63.44,-82.96,-112.24,-53.68
-14.64,-19.52,-4.88,19.52,-4.88,-14.64,0,-4.88,-63.44,-92.72,-117.12,-58.56
-19.52,-24.4,-4.88,24.4,-9.76,-14.64,4.88,-4.88,-63.44,-87.84,-107.36,-53.68
-19.52,-29.28,-9.76,24.4,-4.88,-19.52,4.88,-4.88,-68.32,-92.72,-107.36,-58.56
-14.64,-24.4,-9.76,19.52,-4.88,-19.52,4.88,-4.88,-63.44,-87.84,-112.24,-53.68
-24.4,-29.28,-4.88,29.28,-9.76,-19.52,4.88,0,-63.44,-87.84,-112.24,-53.68
-9.76,-19.52,-9.76,14.64,0,-14.64,4.88,0,-68.32,-82.96,-107.36,-53.68
-9.76,-29.28,-19.52,19.52,4.88,-24.4,9.76,4.88,-68.32,-87.84,-112.24,-53.68
-14.64,-34.16,-19.52,24.4,0,-29.28,4.88,-4.88,-68.32,-87.84,-117.12,-58.56
-14.64,-29.28,-14.64,24.4,0,-24.4,0,-14.64,-68.32,-92.72,-112.24,-58.56
-24.4,-34.16,-9.76,29.28,-9.76,-24.4,4.88,-14.64,-73.2,-97.6,-107.36,-68.32
-14.64,-29.28,-14.64,24.4,0,-24.4,0,-14.64,-68.32,-102.48,-122,-68.32
-9.76,-29.28,-19.52,19.52,4.88,-24.4,0,-14.64,-73.2,-92.72,-117.12,-58.56
-24.4,-34.16,-9.76,29.28,-9.76,-24.4,0,-14.64,-78.08,-102.48,-117.12,-68.32
-14.64,-34.16,-19.52,24.4,0,-29.28,-4.88,-19.52,-78.08,-102.48,-122,-68.32
-19.52,-39.04,-19.52,29.28,0,-29.28,0,-14.64,-73.2,-97.6,-122,-68.32
-14.64,-39.04,-24.4,29.28,4.88,-34.16,0,-9.76,-78.08,-92.72,-117.12,-63.44
-4.88,-29.28,-24.4,19.52,9.76,-29.28,0,-9.76,-78.08,-97.6,-122,-63.44
-9.76,-34.16,-24.4,24.4,4.88,-29.28,0,-9.76,-78.08,-97.6,-117.12,-68.32
-4.88,-29.28,-24.4,19.52,9.76,-29.28,-4.88,-14.64,-68.32,-92.72,-117.12,-63.44
4.88,-19.52,-24.4,9.76,14.64,-24.4,4.88,-4.88,-63.44,-92.72,-112.24,-58.56
4.88,-19.52,-24.4,9.76,14.64,-24.4,4.88,-4.88,-63.44,-87.84,-107.36,-53.68
4.88,-9.76,-14.64,4.88,9.76,-14.64,0,-4.88,-68.32,-97.6,-112.24,-58.56
-19.52,-24.4,-4.88,24.4,-9.76,-14.64,14.64,-9.76,-63.44,-92.72,-112.24,-53.68
-24.4,-24.4,0,24.4,-14.64,-14.64,14.64,-9.76,-73.2,-97.6,-117.12,-58.56
-14.64,-9.76,4.88,14.64,-9.76,-4.88,19.52,-4.88,-73.2,-92.72,-117.12,-53.68
-19.52,-19.52,0,19.52,-9.76,-9.76,19.52,-4.88,-68.32,-87.84,-117.12,-53.68
-9.76,-9.76,0,9.76,-4.88,-4.88,19.52,-4.88,-63.44,-87.84,-117.12,-53.68
-14.64,-14.64,0,14.64,-9.76,-9.76,24.4,4.88,-58.56,-87.84,-107.36,-53.68
-14.64,-14.64,0,14.64,-9.76,-9.76,19.52,0,-63.44,-87.84,-107.36,-53.68
-9.76,-9.76,0,9.76,-4.88,-4.88,14.64,4.88,-58.56,-87.84,-112.24,-63.44
-9.76,-9.76,0,9.76,-4.88,-4.88,19.52,0,-58.56,-87.84,-107.36,-58.56
-4.88,-9.76,-4.88,9.76,0,-9.76,24.4,4.88,-48.8,-87.84,-102.48,-58.56
4.88,0,-4.88,0,4.88,-4.88,14.64,4.88,-53.68,-82.96,-112.24,-58.56
-4.88,-9.76,-4.88,9.76,0,-9.76,19.52,4.88,-58.56,-82.96,-112.24,-58.56
4.88,0,-4.88,0,4.88,-4.88,19.52,4.88,-63.44,-82.96,-107.36,-58.56
0,-9.76,-9.76,4.88,4.88,-9.76,19.52,0,-63.44,-92.72,-112.24,-58.56
-14.64,-19.52,-4.88,19.52,-4.88,-14.64,9.76,-9.76,-68.32,-97.6,-122,-68.32
-9.76,-24.4,-14.64,19.52,0,-19.52,19.52,-9.76,-73.2,-97.6,-122,-63.44
-9.76,-24.4,-14.64,19.52,0,-19.52,19.52,-14.64,-73.2,-102.48,-126.88,-68.32
-9.76,-24.4,-14.64,19.52,0,-19.52,24.4,-9.76,-68.32,-97.6,-122,-68.32
-9.76,-19.52,-9.76,14.64,0,-14.64,34.16,0,-58.56,-92.72,-112.24,-58.56
-14.64,-29.28,-14.64,24.4,0,-24.4,39.04,0,-63.44,-92.72,-112.24,-58.56
-9.76,-24.4,-14.64,19.52,0,-19.52,39.04,4.88,-68.32,-97.6,-117.12,-58.56
-9.76,-24.4,-14.64,19.52,0,-19.52,34.16,-4.88,-73.2,-97.6,-117.12,-58.56
-19.52,-29.28,-9.76,24.4,-4.88,-19.52,34.16,-4.88,-73.2,-102.48,-122,-53.68
-14.64,-24.4,-9.76,19.52,-4.88,-19.52,14.64,-14.64,-82.96,-107.36,-126.88,-63.44
-24.4,-34.16,-9.76,29.28,-9.76,-24.4,19.52,-14.64,-82.96,-102.48,-126.88,-68.32
-19.52,-34.16,-14.64,29.28,-4.88,-24.4,14.64,-19.52,-87.84,-107.36,-131.76,-68.32
-9.76,-34.16,-24.4,24.4,4.88,-29.28,14.64,-9.76,-82.96,-112.24,-126.88,-63.44
-19.52,-39.04,-19.52,29.28,0,-29.28,9.76,-14.64,-87.84,-112.24,-136.64,-68.32
-9.76,-34.16,-24.4,24.4,4.88,-29.28,19.52,-19.52,-87.84,-112.24,-126.88,-73.2
-4.88,-34.16,-29.28,19.52,9.76,-34.16,9.76,-29.28,-92.72,-122,-131.76,-82.96
-9.76,-39.04,-29.28,24.4,9.76,-34.16,9.76,-29.28,-92.72,-122,-141.52,-82.96
0,-24.4,-24.4,14.64,9.76,-24.4,0,-29.28,-92.72,-122,-141.52,-82.96
-4.88,-29.28,-24.4,19.52,9.76,-29.28,4.88,-24.4,-87.84,-117.12,-141.52,-87.84
-4.88,-34.16,-29.28,19.52,9.76,-34.16,4.88,-29.28,-87.84,-117.12,-141.52,-87.84
-4.88,-34.16,-29.28,19.52,9.76,-34.16,9.76,-24.4,-87.84,-112.24,-141.52,-82.96
-14.64,-43.92,-29.28,29.28,4.88,-39.04,9.76,-29.28,-92.72,-117.12,-136.64,-78.08
-14.64,-43.92,-29.28,29.28,4.88,-39.04,19.52,-24.4,-87.84,-122,-131.76,-78.08
-24.4,-43.92,-19.52,34.16,-4.88,-34.16,19.52,-19.52,-92.72,-117.12,-131.76,-73.2
-34.16,-43.92,-9.76,39.04,-14.64,-29.28,24.4,-14.64,-87.84,-112.24,-126.88,-68.32
-34.16,-39.04,-4.88,39.04,-14.64,-24.4,24.4,-14.64,-87.84,-117.12,-122,-63.44
-43.92,-48.8,-4.88,48.8,-19.52,-29.28,24.4,-14.64,-92.72,-117.12,-136.64,-73.2
-48.8,-48.8,0,48.8,-24.4,-24.4,24.4,-19.52,-92.72,-117.12,-136.64,-73.2
-48.8,-43.92,4.88,48.8,-29.28,-19.52,24.4,-19.52,-92.72,-122,-136.64,-73.2
-53.68,-53.68,0,53.68,-29.28,-29.28,14.64,-29.28,-92.72,-122,-136.64,-78.08
-48.8,-53.68,-4.88,53.68,-24.4,-29.28,19.52,-29.28,-92.72,-117.12,-141.52,-73.2
-53.68,-58.56,-4.88,58.56,-24.4,-34.16,14.64,-34.16,-102.48,-122,-141.52,-82.96
-53.68,-53.68,0,53.68,-29.28,-29.28,19.52,-29.28,-97.6,-126.88,-141.52,-82.96
-48.8,-48.8,0,48.8,-24.4,-24.4,19.52,-29.28,-97.6,-126.88,-141.52,-87.84
-58.56,-63.44,-4.88,63.44,-29.28,-34.16,19.52,-29.28,-102.48,-126.88,-141.52,-82.96
-53.68,-58.56,-4.88,58.56,-24.4,-34.16,9.76,-39.04,-112.24,-141.52,-151.28,-92.72
-43.92,-58.56,-14.64,53.68,-14.64,-39.04,9.76,-34.16,-107.36,-136.64,-156.16,-92.72
-53.68,-58.56,-4.88,58.56,-24.4,-34.16,9.76,-34.16,-107.36,-131.76,-151.28,-87.84
-48.8,-53.68,-4.88,53.68,-24.4,-29.28,14.64,-29.28,-102.48,-131.76,-156.16,-92.72
-53.68,-53.68,0,53.68,-29.28,-29.28,24.4,-19.52,-102.48,-131.76,-151.28,-82.96
-53.68,-53.68,0,53.68,-29.28,-29.28,19.52,-24.4,-102.48,-136.64,-156.16,-92.72
-53.68,-53.68,0,53.68,-29.28,-29.28,19.52,-24.4,-97.6,-126.88,-151.28,-87.84
-58.56,-58.56,0,58.56,-29.28,-29.28,19.52,-29.28,-97.6,-136.64,-156.16,-87.84
-53.68,-53.68,0,53.68,-29.28,-29.28,24.4,-24.4,-92.72,-126.88,-146.4,-78.08
-48.8,-53.68,-4.88,53.68,-24.4,-29.28,24.4,-29.28,-97.6,-126.88,-151.28,-82.96
-53.68,-58.56,-4.88,58.56,-24.4,-34.16,19.52,-29.28,-97.6,-126.88,-151.28,-82.96
-53.68,-58.56,-4.88,58.56,-24.4,-34.16,14.64,-29.28,-97.6,-131.76,-156.16,-87.84
-53.68,-58.56,-4.88,58.56,-24.4,-34.16,14.64,-34.16,-97.6,-126.88,-156.16,-82.96
-43.92,-58.56,-14.64,53.68,-14.64,-39.04,14.64,-29.28,-97.6,-122,-146.4,-78.08
-43.92,-48.8,-4.88,48.8,-19.52,-29.28,24.4,-19.52,-87.84,-117.12,-141.52,-73.2
-43.92,-48.8,-4.88,48.8,-19.52,-29.28,19.52,-24.4,-87.84,-117.12,-151.28,-73.2
-43.92,-53.68,-9.76,48.8,-19.52,-34.16,24.4,-24.4,-87.84,-117.12,-146.4,-73.2
-43.92,-48.8,-4.88,48.8,-19.52,-29.28,24.4,-19.52,-82.96,-126.88,-146.4,-78.08
-48.8,-53.68,-4.88,53.68,-24.4,-29.28,19.52,-24.4,-87.84,-122,-146.4,-78.08
-43.92,-43.92,0,43.92,-24.4,-24.4,19.52,-29.28,-92.72,-126.88,-151.28,-82.96
-58.56,-58.56,0,58.56,-29.28,-29.28,29.28,-19.52,-92.72,-126.88,-151.28,-87.84
-58.56,-63.44,-4.88,63.44,-29.28,-34.16,48.8,9.76,-87.84,-146.4,-180.56,-112.24
-53.68,-78.08,-24.4,68.32,-14.64,-53.68,87.84,58.56,-73.2,-151.28,-200.08,-131.76
-53.68,-102.48,-48.8,78.08,-4.88,-78.08,117.12,112.24,-63.44,-170.8,-219.6,-170.8
-43.92,-107.36,-63.44,78.08,9.76,-87.84,156.16,175.68,-39.04,-170.8,-244,-190.32
-34.16,-112.24,-78.08,73.2,19.52,-97.6,185.44,219.6,-4.88,-161.04,-248.88,-204.96
-29.28,-102.48,-73.2,68.32,19.52,-87.84,190.32,239.12,29.28,-136.64,-234.24,-200.08
-19.52,-68.32,-48.8,43.92,14.64,-58.56,180.56,244,73.2,-82.96,-185.44,-161.04
4.88,-24.4,-29.28,9.76,14.64,-29.28,151.28,239.12,141.52,0,-102.48,-97.6
39.04,19.52,-19.52,-29.28,29.28,0,122,244,219.6,112.24,4.88,-14.64
63.44,78.08,14.64,-68.32,24.4,43.92,126.88,278.16,341.6,258.64,131.76,82.96
97.6,185.44,87.84,-141.52,4.88,136.64,78.08,258.64,468.48,444.08,322.08,234.24
156.16,292.8,136.64,-224.48,9.76,214.72,-39.04,107.36,536.8,610,517.28,414.8
234.24,395.28,161.04,-312.32,34.16,278.16,-214.72,-141.52,575.84,766.16,707.6,595.36
312.32,478.24,165.92,-395.28,73.2,322.08,-380.64,-390.4,580.72,922.32,902.8,775.92
395.28,566.08,170.8,-478.24,112.24,366,-531.92,-605.12,585.6,1063.84,1088.24,941.84
492.88,644.16,151.28,-566.08,170.8,395.28,-717.36,-839.36,605.12,1229.76,1278.56,1107.76
585.6,751.52,165.92,-668.56,209.84,458.72,-951.6,-1098,629.52,1405.44,1478.64,1288.32
658.8,863.76,204.96,-761.28,224.48,531.92,-1146.8,-1298.08,692.96,1605.52,1688.48,1464
692.96,951.6,258.64,-819.84,214.72,605.12,-1307.84,-1429.84,771.04,1800.72,1873.92,1610.4
741.76,1005.28,263.52,-873.52,239.12,634.4,-1444.48,-1546.96,834.48,1952,2025.2,1727.52
732,1029.68,297.68,-878.4,214.72,663.68,-1527.44,-1600.64,893.04,2054.48,2127.68,1815.36
663.68,1015.04,351.36,-839.36,156.16,683.2,-1542.08,-1595.76,873.52,2010.56,2127.68,1839.76
605.12,873.52,268.4,-736.88,165.92,570.96,-1483.52,-1522.56,795.44,1854.4,1976.4,1747.04
551.44,600.24,48.8,-575.84,248.88,322.08,-1381.04,-1395.68,653.92,1571.36,1693.36,1527.44
419.68,380.64,-39.04,-400.16,229.36,170.8,-1254.16,-1273.68,444.08,1215.12,1327.36,1254.16
292.8,248.88,-43.92,-268.4,165.92,102.48,-1112.64,-1200.48,136.64,780.8,912.56,936.96
165.92,136.64,-29.28,-151.28,97.6,53.68,-1024.8,-1215.12,-278.16,244,439.2,600.24
34.16,48.8,14.64,-39.04,9.76,29.28,-907.68,-1180.96,-585.6,-190.32,24.4,273.28
-82.96,-29.28,53.68,58.56,-68.32,9.76,-732,-1000.4,-644.16,-395.28,-248.88,-19.52
-112.24,-73.2,39.04,92.72,-78.08,-19.52,-595.36,-814.96,-590.48,-444.08,-366,-151.28
-112.24,-73.2,39.04,92.72,-78.08,-19.52,-488,-668.56,-502.64,-405.04,-346.48,-165.92
-107.36,-78.08,29.28,92.72,-68.32,-24.4,-405.04,-561.2,-429.44,-351.36,-312.32,-161.04
-107.36,-78.08,29.28,92.72,-68.32,-24.4,-331.84,-463.6,-361.12,-302.56,-283.04,-165.92
-102.48,-68.32,34.16,87.84,-68.32,-19.52,-268.4,-395.28,-317.2,-273.28,-263.52,-151.28
-97.6,-68.32,29.28,82.96,-63.44,-19.52,-209.84,-317.2,-268.4,-239.12,-239.12,-126.88
-78.08,-63.44,14.64,73.2,-48.8,-24.4,-161.04,-244,-224.48,-204.96,-219.6,-122
-78.08,-63.44,14.64,73.2,-48.8,-24.4,-107.36,-170.8,-165.92,-175.68,-195.2,-107.36
-58.56,-48.8,9.76,53.68,-34.16,-19.52,-63.44,-117.12,-136.64,-156.16,-180.56,-102.48
-63.44,-48.8,14.64,58.56,-39.04,-19.52,-39.04,-82.96,-122,-151.28,-180.56,-107.36
-68.32,-58.56,9.76,63.44,-39.04,-24.4,-19.52,-58.56,-112.24,-151.28,-190.32,-112.24
-58.56,-53.68,4.88,58.56,-34.16,-24.4,-4.88,-43.92,-112.24,-146.4,-190.32,-117.12
-53.68,-43.92,9.76,48.8,-34.16,-19.52,9.76,-39.04,-107.36,-146.4,-185.44,-112.24
-63.44,-48.8,14.64,58.56,-39.04,-19.52,19.52,-19.52,-97.6,-141.52,-185.44,-122
-63.44,-43.92,19.52,53.68,-43.92,-14.64,29.28,-19.52,-92.72,-141.52,-185.44,-122
-73.2,-53.68,19.52,63.44,-48.8,-19.52,34.16,0,-87.84,-141.52,-185.44,-112.24
-73.2,-58.56,14.64,68.32,-43.92,-24.4,34.16,4.88,-92.72,-156.16,-185.44,-112.24
-68.32,-53.68,14.64,63.44,-43.92,-19.52,39.04,4.88,-92.72,-151.28,-195.2,-112.24
-73.2,-58.56,14.64,68.32,-43.92,-24.4,39.04,9.76,-92.72,-156.16,-200.08,-117.12
-73.2,-53.68,19.52,63.44,-48.8,-19.52,43.92,14.64,-92.72,-165.92,-204.96,-117.12
-58.56,-58.56,0,58.56,-29.28,-29.28,43.92,14.64,-92.72,-165.92,-204.96,-117.12
-58.56,-68.32,-9.76,63.44,-24.4,-39.04,48.8,19.52,-87.84,-161.04,-204.96,-117.12
-53.68,-58.56,-4.88,58.56,-24.4,-34.16,43.92,24.4,-82.96,-156.16,-200.08,-112.24
-53.68,-63.44,-9.76,58.56,-24.4,-39.04,53.68,29.28,-73.2,-146.4,-195.2,-102.48
-53.68,-58.56,-4.88,58.56,-24.4,-34.16,48.8,24.4,-73.2,-156.16,-195.2,-102.48
-53.68,-58.56,-4.88,58.56,-24.4,-34.16,48.8,29.28,-82.96,-151.28,-190.32,-102.48
-58.56,-58.56,0,58.56,-29.28,-29.28,48.8,34.16,-82.96,-156.16,-190.32,-102.48
-58.56,-58.56,0,58.56,-29.28,-29.28,63.44,39.04,-82.96,-151.28,-190.32,-102.48
-58.56,-63.44,-4.88,63.44,-29.28,-34.16,58.56,34.16,-82.96,-156.16,-190.32,-107.36
-63.44,-68.32,-4.88,68.32,-29.28,-39.04,58.56,34.16,-82.96,-151.28,-200.08,-112.24
-58.56,-63.44,-4.88,63.44,-29.28,-34.16,53.68,34.16,-78.08,-156.16,-200.08,-117.12
-53.68,-53.68,0,53.68,-29.28,-29.28,68.32,34.16,-73.2,-146.4,-200.08,-112.24
-48.8,-53.68,-4.88,53.68,-24.4,-29.28,63.44,39.04,-68.32,-146.4,-190.32,-112.24
-48.8,-53.68,-4.88,53.68,-24.4,-29.28,73.2,43.92,-63.44,-146.4,-180.56,-107.36
-53.68,-58.56,-4.88,58.56,-24.4,-34.16,68.32,39.04,-68.32,-146.4,-180.56,-102.48
-53.68,-53.68,0,53.68,-29.28,-29.28,68.32,39.04,-73.2,-136.64,-175.68,-102.48
-53.68,-53.68,0,53.68,-29.28,-29.28,68.32,48.8,-73.2,-141.52,-180.56,-102.48
-58.56,-53.68,4.88,58.56,-34.16,-24.4,68.32,43.92,-78.08,-146.4,-190.32,-107.36
-58.56,-48.8,9.76,53.68,-34.16,-19.52,68.32,48.8,-73.2,-146.4,-185.44,-112.24
-63.44,-53.68,9.76,58.56,-39.04,-24.4,63.44,39.04,-82.96,-156.16,-195.2,-117.12
-58.56,-53.68,4.88,58.56,-34.16,-24.4,63.44,39.04,-73.2,-156.16,-195.2,-117.12
-58.56,-48.8,9.76,53.68,-34.16,-19.52,68.32,39.04,-73.2,-146.4,-190.32,-112.24
-58.56,-53.68,4.88,58.56,-34.16,-24.4,58.56,34.16,-78.08,-151.28,-190.32,-112.24
-48.8,-48.8,0,48.8,-24.4,-24.4,68.32,39.04,-78.08,-146.4,-195.2,-107.36
-48.8,-48.8,0,48.8,-24.4,-24.4,68.32,39.04,-78.08,-151.28,-195.2,-102.48
-53.68,-53.68,0,53.68,-29.28,-29.28,68.32,34.16,-82.96,-151.28,-190.32,-107.36
-48.8,-43.92,4.88,48.8,-29.28,-19.52,63.44,39.04,-82.96,-156.16,-195.2,-107.36
-48.8,-48.8,0,48.8,-24.4,-24.4,73.2,48.8,-78.08,-151.28,-195.2,-112.24
-53.68,-48.8,4.88,53.68,-29.28,-24.4,68.32,43.92,-78.08,-156.16,-195.2,-112.24
-58.56,-48.8,9.76,53.68,-34.16,-19.52,63.44,39.04,-78.08,-161.04,-200.08,-117.12
-58.56,-48.8,9.76,53.68,-34.16,-19.52,53.68,34.16,-82.96,-165.92,-200.08,-117.12
-53.68,-43.92,9.76,48.8,-34.16,-19.52,58.56,34.16,-78.08,-156.16,-190.32,-107.36
-53.68,-48.8,4.88,53.68,-29.28,-24.4,53.68,34.16,-73.2,-151.28,-185.44,-102.48
-63.44,-58.56,4.88,63.44,-34.16,-29.28,58.56,34.16,-73.2,-146.4,-190.32,-102.48
-53.68,-48.8,4.88,53.68,-29.28,-24.4,63.44,48.8,-63.44,-136.64,-175.68,-82.96
-53.68,-53.68,0,53.68,-29.28,-29.28,68.32,48.8,-63.44,-136.64,-170.8,-78.08
-63.44,-53.68,9.76,58.56,-39.04,-24.4,73.2,63.44,-58.56,-131.76,-170.8,-68.32
-53.68,-48.8,4.88,53.68,-29.28,-24.4,78.08,63.44,-58.56,-141.52,-170.8,-68.32
-58.56,-48.8,9.76,53.68,-34.16,-19.52,73.2,63.44,-63.44,-141.52,-175.68,-68.32
-58.56,-48.8,9.76,53.68,-34.16,-19.52,68.32,63.44,-68.32,-141.52,-185.44,-73.2
-58.56,-53.68,4.88,58.56,-34.16,-24.4,68.32,53.68,-63.44,-146.4,-195.2,-78.08
-58.56,-43.92,14.64,53.68,-39.04,-14.64,78.08,58.56,-58.56,-136.64,-190.32,-78.08
-48.8,-34.16,14.64,43.92,-34.16,-9.76,73.2,58.56,-58.56,-141.52,-190.32,-68.32
-53.68,-48.8,4.88,53.68,-29.28,-24.4,78.08,63.44,-48.8,-131.76,-180.56,-63.44
-58.56,-53.68,4.88,58.56,-34.16,-24.4,73.2,58.56,-53.68,-136.64,-180.56,-63.44
-58.56,-48.8,9.76,53.68,-34.16,-19.52,73.2,63.44,-58.56,-131.76,-170.8,-58.56
-53.68,-43.92,9.76,48.8,-34.16,-19.52,68.32,63.44,-58.56,-146.4,-170.8,-58.56
-43.92,-48.8,-4.88,48.8,-19.52,-29.28,73.2,68.32,-53.68,-141.52,-175.68,-53.68
-48.8,-48.8,0,48.8,-24.4,-24.4,63.44,63.44,-53.68,-146.4,-170.8,-58.56
-58.56,-53.68,4.88,58.56,-34.16,-24.4,63.44,68.32,-48.8,-141.52,-180.56,-58.56
-43.92,-43.92,0,43.92,-24.4,-24.4,63.44,63.44,-48.8,-141.52,-185.44,-63.44
-43.92,-43.92,0,43.92,-24.4,-24.4,63.44,58.56,-53.68,-136.64,-185.44,-68.32
-48.8,-43.92,4.88,48.8,-29.28,-19.52,63.44,63.44,-48.8,-136.64,-175.68,-58.56
-48.8,-43.92,4.88,48.8,-29.28,-19.52,68.32,68.32,-43.92,-131.76,-165.92,-63.44
-43.92,-39.04,4.88,43.92,-24.4,-19.52,63.44,73.2,-43.92,-131.76,-170.8,-63.44
-34.16,-29.28,4.88,34.16,-19.52,-14.64,63.44,73.2,-39.04,-122,-161.04,-63.44
-39.04,-29.28,9.76,34.16,-24.4,-9.76,63.44,78.08,-43.92,-131.76,-161.04,-68.32
-39.04,-34.16,4.88,39.04,-24.4,-14.64,68.32,78.08,-43.92,-136.64,-170.8,-73.2
-34.16,-24.4,9.76,29.28,-24.4,-9.76,63.44,78.08,-48.8,-136.64,-170.8,-73.2
-39.04,-34.16,4.88,39.04,-24.4,-14.64,63.44,73.2,-48.8,-136.64,-175.68,-82.96
-39.04,-29.28,9.76,34.16,-24.4,-9.76,68.32,78.08,-39.04,-131.76,-175.68,-92.72
-34.16,-29.28,4.88,34.16,-19.52,-14.64,78.08,82.96,-29.28,-122,-161.04,-92.72
-39.04,-34.16,4.88,39.04,-24.4,-14.64,68.32,78.08,-34.16,-122,-161.04,-97.6
-39.04,-34.16,4.88,39.04,-24.4,-14.64,73.2,78.08,-29.28,-122,-161.04,-92.72
-39.04,-39.04,0,39.04,-19.52,-19.52,63.44,73.2,-39.04,-122,-165.92,-92.72
-43.92,-39.04,4.88,43.92,-24.4,-19.52,63.44,78.08,-39.04,-122,-161.04,-82.96
-43.92,-39.04,4.88,43.92,-24.4,-19.52,63.44,82.96,-39.04,-122,-156.16,-78.08
-43.92,-34.16,9.76,39.04,-29.28,-14.64,58.56,78.08,-43.92,-126.88,-165.92,-87.84
-43.92,-29.28,14.64,39.04,-29.28,-9.76,53.68,73.2,-48.8,-126.88,-165.92,-82.96
-48.8,-24.4,24.4,39.04,-39.04,0,48.8,78.08,-43.92,-122,-161.04,-82.96
-48.8,-24.4,24.4,39.04,-39.04,0,48.8,82.96,-39.04,-122,-161.04,-82.96
-39.04,-14.64,24.4,29.28,-34.16,4.88,53.68,82.96,-29.28,-112.24,-156.16,-78.08
-39.04,-14.64,24.4,29.28,-34.16,4.88,53.68,82.96,-24.4,-107.36,-151.28,-73.2
-39.04,-19.52,19.52,29.28,-29.28,0,58.56,87.84,-19.52,-97.6,-146.4,-68.32
-34.16,-14.64,19.52,24.4,-29.28,0,58.56,87.84,-14.64,-97.6,-146.4,-63.44
-43.92,-19.52,24.4,34.16,-34.16,0,58.56,92.72,-14.64,-87.84,-141.52,-63.44
-43.92,-14.64,29.28,29.28,-39.04,4.88,58.56,97.6,-19.52,-102.48,-136.64,-63.44
-43.92,-19.52,24.4,34.16,-34.16,0,68.32,97.6,-14.64,-102.48,-141.52,-73.2
-53.68,-24.4,29.28,39.04,-43.92,0,68.32,97.6,-19.52,-102.48,-136.64,-78.08
-43.92,-19.52,24.4,34.16,-34.16,0,68.32,97.6,-19.52,-102.48,-146.4,-82.96
-43.92,-14.64,29.28,29.28,-39.04,4.88,68.32,97.6,-9.76,-97.6,-141.52,-78.08
-39.04,-9.76,29.28,24.4,-34.16,9.76,73.2,102.48,-4.88,-87.84,-141.52,-78.08
-34.16,0,34.16,19.52,-34.16,14.64,68.32,102.48,0,-78.08,-131.76,-73.2
-39.04,-9.76,29.28,24.4,-34.16,9.76,73.2,102.48,4.88,-68.32,-131.76,-68.32
-39.04,-9.76,29.28,24.4,-34.16,9.76,73.2,112.24,9.76,-63.44,-117.12,-53.68
-29.28,0,29.28,14.64,-29.28,14.64,68.32,117.12,9.76,-58.56,-107.36,-48.8
-29.28,4.88,34.16,14.64,-34.16,19.52,63.44,117.12,4.88,-68.32,-112.24,-53.68
-29.28,9.76,39.04,9.76,-34.16,24.4,68.32,122,14.64,-63.44,-112.24,-53.68
-34.16,4.88,39.04,14.64,-39.04,19.52,63.44,122,9.76,-53.68,-102.48,-53.68
-34.16,9.76,43.92,14.64,-39.04,24.4,53.68,112.24,9.76,-63.44,-117.12,-63.44
-34.16,14.64,48.8,9.76,-43.92,29.28,58.56,117.12,19.52,-58.56,-112.24,-58.56
-34.16,9.76,43.92,14.64,-39.04,24.4,58.56,122,29.28,-48.8,-102.48,-53.68
-24.4,29.28,53.68,0,-39.04,39.04,53.68,122,34.16,-43.92,-102.48,-48.8
-19.52,29.28,48.8,-4.88,-34.16,39.04,63.44,126.88,39.04,-39.04,-97.6,-48.8
-24.4,29.28,53.68,0,-39.04,39.04,63.44,131.76,48.8,-24.4,-82.96,-34.16
-14.64,29.28,43.92,-4.88,-29.28,34.16,63.44,141.52,58.56,-9.76,-68.32,-19.52
-24.4,34.16,58.56,-4.88,-43.92,43.92,68.32,146.4,58.56,-4.88,-63.44,-14.64
-29.28,29.28,58.56,0,-43.92,43.92,68.32,141.52,63.44,-4.88,-63.44,-24.4
-24.4,29.28,53.68,0,-39.04,39.04,63.44,146.4,68.32,4.88,-48.8,-14.64
-24.4,29.28,53.68,0,-39.04,39.04,63.44,146.4,78.08,4.88,-48.8,-14.64
-24.4,39.04,63.44,-4.88,-43.92,48.8,63.44,146.4,78.08,14.64,-43.92,-9.76
-24.4,34.16,58.56,-4.88,-43.92,43.92,68.32,161.04,92.72,34.16,-24.4,4.88
-24.4,29.28,53.68,0,-39.04,39.04,63.44,165.92,97.6,43.92,-19.52,14.64
-14.64,43.92,58.56,-14.64,-39.04,48.8,68.32,165.92,107.36,48.8,-14.64,24.4
-19.52,43.92,63.44,-9.76,-43.92,53.68,73.2,175.68,117.12,58.56,-4.88,43.92
-14.64,43.92,58.56,-14.64,-39.04,48.8,68.32,170.8,112.24,63.44,0,48.8
0,58.56,58.56,-29.28,-29.28,58.56,63.44,175.68,112.24,63.44,4.88,48.8
0,53.68,53.68,-24.4,-29.28,53.68,53.68,180.56,117.12,68.32,0,48.8
0,53.68,53.68,-24.4,-29.28,53.68,53.68,180.56,126.88,78.08,9.76,53.68
-4.88,63.44,68.32,-29.28,-39.04,63.44,48.8,180.56,131.76,78.08,9.76,53.68
-4.88,68.32,73.2,-29.28,-39.04,68.32,53.68,190.32,151.28,92.72,19.52,58.56
4.88,78.08,73.2,-39.04,-34.16,73.2,58.56,200.08,161.04,112.24,34.16,73.2
0,73.2,73.2,-34.16,-39.04,73.2,53.68,195.2,165.92,122,43.92,78.08
0,73.2,73.2,-34.16,-39.04,73.2,58.56,204.96,175.68,131.76,53.68,87.84
14.64,87.84,73.2,-48.8,-29.28,78.08,58.56,209.84,180.56,141.52,68.32,102.48
24.4,87.84,63.44,-53.68,-19.52,73.2,43.92,209.84,180.56,151.28,73.2,107.36
29.28,102.48,73.2,-63.44,-24.4,87.84,53.68,214.72,190.32,165.92,87.84,122
29.28,102.48,73.2,-63.44,-24.4,87.84,58.56,219.6,209.84,180.56,97.6,131.76
39.04,107.36,68.32,-73.2,-14.64,87.84,48.8,224.48,214.72,195.2,107.36,136.64
48.8,122,73.2,-82.96,-14.64,97.6,48.8,224.48,219.6,195.2,117.12,146.4
53.68,126.88,73.2,-87.84,-9.76,97.6,43.92,229.36,229.36,204.96,126.88,146.4
53.68,126.88,73.2,-87.84,-9.76,97.6,43.92,234.24,234.24,219.6,136.64,161.04
53.68,131.76,78.08,-92.72,-14.64,102.48,43.92,229.36,244,229.36,146.4,165.92
53.68,131.76,78.08,-92.72,-14.64,102.48,39.04,229.36,248.88,234.24,151.28,161.04
63.44,146.4,82.96,-102.48,-9.76,112.24,34.16,229.36,253.76,244,161.04,175.68
63.44,151.28,87.84,-107.36,-14.64,117.12,39.04,234.24,258.64,258.64,170.8,190.32
63.44,156.16,92.72,-107.36,-14.64,122,34.16,229.36,258.64,253.76,165.92,195.2
68.32,156.16,87.84,-112.24,-9.76,122,29.28,239.12,268.4,268.4,175.68,200.08
68.32,151.28,82.96,-107.36,-9.76,117.12,24.4,239.12,268.4,268.4,185.44,204.96
73.2,156.16,82.96,-112.24,-4.88,117.12,24.4,239.12,278.16,273.28,190.32,209.84
73.2,165.92,92.72,-117.12,-9.76,126.88,34.16,239.12,278.16,273.28,195.2,209.84
73.2,161.04,87.84,-117.12,-9.76,122,34.16,239.12,283.04,287.92,200.08,214.72
82.96,175.68,92.72,-126.88,-4.88,131.76,34.16,239.12,287.92,297.68,204.96,219.6
78.08,165.92,87.84,-122,-4.88,126.88,29.28,239.12,292.8,302.56,200.08,214.72
73.2,165.92,92.72,-117.12,-9.76,126.88,29.28,234.24,292.8,302.56,209.84,219.6
78.08,175.68,97.6,-126.88,-9.76,136.64,24.4,234.24,287.92,312.32,219.6,229.36
73.2,170.8,97.6,-122,-14.64,131.76,24.4,234.24,302.56,307.44,214.72,234.24
78.08,175.68,97.6,-126.88,-9.76,136.64,24.4,234.24,302.56,307.44,214.72,229.36
82.96,175.68,92.72,-126.88,-4.88,131.76,19.52,234.24,297.68,317.2,224.48,244
82.96,175.68,92.72,-126.88,-4.88,131.76,19.52,234.24,307.44,322.08,229.36,239.12
87.84,180.56,92.72,-131.76,-4.88,136.64,24.4,229.36,312.32,322.08,224.48,244
87.84,180.56,92.72,-131.76,-4.88,136.64,34.16,229.36,317.2,331.84,234.24,248.88
97.6,185.44,87.84,-141.52,4.88,136.64,24.4,224.48,307.44,326.96,234.24,248.88
97.6,175.68,78.08,-136.64,9.76,126.88,29.28,229.36,317.2,331.84,239.12,253.76
78.08,165.92,87.84,-122,-4.88,126.88,34.16,229.36,317.2,341.6,244,258.64
82.96,170.8,87.84,-126.88,-4.88,126.88,29.28,224.48,307.44,336.72,244,258.64
78.08,165.92,87.84,-122,-4.88,126.88,29.28,219.6,302.56,326.96,234.24,258.64
73.2,170.8,97.6,-122,-14.64,131.76,29.28,209.84,297.68,317.2,229.36,239.12
73.2,165.92,92.72,-117.12,-9.76,126.88,24.4,209.84,297.68,317.2,224.48,244
68.32,156.16,87.84,-112.24,-9.76,122,24.4,200.08,283.04,297.68,204.96,219.6
63.44,146.4,82.96,-102.48,-9.76,112.24,24.4,190.32,273.28,278.16,190.32,204.96
63.44,146.4,82.96,-102.48,-9.76,112.24,29.28,185.44,263.52,278.16,180.56,200.08
58.56,131.76,73.2,-92.72,-9.76,102.48,24.4,180.56,244,258.64,165.92,190.32
58.56,131.76,73.2,-92.72,-9.76,102.48,24.4,170.8,239.12,239.12,141.52,180.56
53.68,131.76,78.08,-92.72,-14.64,102.48,29.28,165.92,229.36,234.24,136.64,175.68
48.8,126.88,78.08,-87.84,-14.64,102.48,29.28,156.16,214.72,209.84,122,170.8
53.68,122,68.32,-87.84,-9.76,92.72,34.16,146.4,204.96,200.08,107.36,156.16
43.92,107.36,63.44,-73.2,-9.76,82.96,39.04,141.52,190.32,190.32,87.84,136.64
34.16,97.6,63.44,-63.44,-14.64,78.08,39.04,126.88,175.68,170.8,68.32,122
34.16,87.84,53.68,-58.56,-9.76,68.32,43.92,126.88,175.68,161.04,58.56,112.24
34.16,78.08,43.92,-53.68,-4.88,58.56,39.04,117.12,170.8,151.28,43.92,102.48
34.16,78.08,43.92,-53.68,-4.88,58.56,43.92,112.24,161.04,141.52,39.04,92.72
19.52,63.44,43.92,-39.04,-14.64,53.68,34.16,102.48,146.4,126.88,29.28,78.08
19.52,53.68,34.16,-34.16,-9.76,43.92,29.28,87.84,126.88,102.48,4.88,58.56
19.52,58.56,39.04,-39.04,-9.76,48.8,34.16,82.96,122,107.36,4.88,53.68
19.52,58.56,39.04,-39.04,-9.76,48.8,34.16,78.08,112.24,92.72,-9.76,53.68
14.64,48.8,34.16,-29.28,-9.76,39.04,34.16,68.32,102.48,87.84,-19.52,48.8
9.76,39.04,29.28,-24.4,-9.76,34.16,34.16,68.32,92.72,78.08,-29.28,39.04
0,24.4,24.4,-9.76,-14.64,24.4,34.16,58.56,82.96,68.32,-39.04,29.28
-4.88,19.52,24.4,-4.88,-14.64,19.52,39.04,53.68,68.32,48.8,-53.68,14.64
-4.88,14.64,19.52,-4.88,-14.64,14.64,34.16,48.8,63.44,43.92,-63.44,9.76
-14.64,4.88,19.52,4.88,-19.52,9.76,24.4,34.16,58.56,34.16,-73.2,-4.88
-14.64,9.76,24.4,4.88,-19.52,14.64,24.4,34.16,48.8,34.16,-68.32,-9.76
-14.64,4.88,19.52,4.88,-19.52,9.76,34.16,34.16,53.68,29.28,-78.08,-4.88
-14.64,4.88,19.52,4.88,-19.52,9.76,29.28,29.28,48.8,29.28,-78.08,-9.76
-9.76,4.88,14.64,4.88,-14.64,9.76,34.16,29.28,43.92,19.52,-82.96,-4.88
-14.64,-4.88,9.76,9.76,-14.64,0,34.16,19.52,29.28,9.76,-87.84,-9.76
-19.52,-9.76,9.76,14.64,-14.64,0,34.16,19.52,24.4,4.88,-92.72,-14.64
-29.28,-19.52,9.76,24.4,-19.52,-4.88,34.16,9.76,14.64,-4.88,-107.36,-29.28
-29.28,-19.52,9.76,24.4,-19.52,-4.88,34.16,4.88,9.76,-14.64,-117.12,-43.92
-24.4,-24.4,0,24.4,-14.64,-14.64,39.04,9.76,9.76,-14.64,-117.12,-48.8
-34.16,-34.16,0,34.16,-19.52,-19.52,39.04,0,4.88,-19.52,-126.88,-53.68
-34.16,-29.28,4.88,34.16,-19.52,-14.64,34.16,-4.88,-4.88,-34.16,-131.76,-58.56
-34.16,-24.4,9.76,29.28,-24.4,-9.76,34.16,-4.88,-4.88,-34.16,-136.64,-63.44
-39.04,-24.4,14.64,34.16,-29.28,-4.88,24.4,-9.76,-4.88,-24.4,-136.64,-63.44
-29.28,-19.52,9.76,24.4,-19.52,-4.88,29.28,0,0,-24.4,-136.64,-58.56
-39.04,-24.4,14.64,34.16,-29.28,-4.88,34.16,0,0,-19.52,-131.76,-53.68
-43.92,-34.16,9.76,39.04,-29.28,-14.64,29.28,0,0,-24.4,-131.76,-53.68
-39.04,-29.28,9.76,34.16,-24.4,-9.76,29.28,-4.88,-4.88,-29.28,-131.76,-53.68
-39.04,-34.16,4.88,39.04,-24.4,-14.64,34.16,-9.76,-4.88,-39.04,-136.64,-58.56
-43.92,-43.92,0,43.92,-24.4,-24.4,29.28,-9.76,-9.76,-39.04,-151.28,-63.44
-43.92,-43.92,0,43.92,-24.4,-24.4,29.28,-9.76,-19.52,-43.92,-146.4,-58.56
-58.56,-48.8,9.76,53.68,-34.16,-19.52,39.04,-9.76,-19.52,-43.92,-141.52,-58.56
-53.68,-43.92,9.76,48.8,-34.16,-19.52,34.16,-14.64,-19.52,-39.04,-141.52,-63.44
-43.92,-39.04,4.88,43.92,-24.4,-19.52,34.16,-9.76,-14.64,-39.04,-136.64,-63.44
-34.16,-34.16,0,34.16,-19.52,-19.52,39.04,-9.76,-9.76,-39.04,-141.52,-63.44
-34.16,-34.16,0,34.16,-19.52,-19.52,43.92,-9.76,-14.64,-39.04,-136.64,-63.44
-53.68,-43.92,9.76,48.8,-34.16,-19.52,39.04,-4.88,-19.52,-39.04,-141.52,-68.32
-48.8,-39.04,9.76,43.92,-29.28,-14.64,34.16,-4.88,-19.52,-43.92,-141.52,-73.2
-34.16,-34.16,0,34.16,-19.52,-19.52,39.04,0,-9.76,-43.92,-146.4,-73.2
-48.8,-39.04,9.76,43.92,-29.28,-14.64,43.92,-4.88,-14.64,-43.92,-136.64,-73.2
-48.8,-39.04,9.76,43.92,-29.28,-14.64,48.8,-4.88,-14.64,-43.92,-136.64,-73.2
-53.68,-48.8,4.88,53.68,-29.28,-24.4,48.8,-4.88,-9.76,-39.04,-136.64,-68.32
-48.8,-48.8,0,48.8,-24.4,-24.4,48.8,-4.88,-4.88,-34.16,-126.88,-63.44
-48.8,-43.92,4.88,48.8,-29.28,-19.52,53.68,0,-9.76,-29.28,-122,-58.56
-48.8,-53.68,-4.88,53.68,-24.4,-29.28,43.92,-4.88,-14.64,-43.92,-136.64,-68.32
-48.8,-58.56,-9.76,53.68,-19.52,-34.16,39.04,-4.88,-14.64,-43.92,-136.64,-63.44
-48.8,-53.68,-4.88,53.68,-24.4,-29.28,48.8,9.76,-9.76,-39.04,-131.76,-58.56
-48.8,-48.8,0,48.8,-24.4,-24.4,43.92,4.88,-14.64,-43.92,-136.64,-58.56
-43.92,-39.04,4.88,43.92,-24.4,-19.52,48.8,9.76,-4.88,-34.16,-141.52,-58.56
-43.92,-43.92,0,43.92,-24.4,-24.4,48.8,9.76,0,-34.16,-151.28,-63.44
-43.92,-43.92,0,43.92,-24.4,-24.4,48.8,9.76,-4.88,-39.04,-151.28,-73.2
-43.92,-39.04,4.88,43.92,-24.4,-19.52,48.8,9.76,-4.88,-39.04,-146.4,-68.32
-48.8,-48.8,0,48.8,-24.4,-24.4,48.8,0,-14.64,-43.92,-151.28,-73.2
-43.92,-43.92,0,43.92,-24.4,-24.4,48.8,4.88,-14.64,-43.92,-151.28,-73.2
-48.8,-39.04,9.76,43.92,-29.28,-14.64,43.92,9.76,-9.76,-48.8,-151.28,-68.32
-58.56,-43.92,14.64,53.68,-39.04,-14.64,43.92,9.76,-4.88,-48.8,-146.4,-68.32
-58.56,-43.92,14.64,53.68,-39.04,-14.64,53.68,19.52,-4.88,-43.92,-146.4,-63.44
-58.56,-43.92,14.64,53.68,-39.04,-14.64,53.68,14.64,-9.76,-48.8,-146.4,-63.44
-53.68,-43.92,9.76,48.8,-34.16,-19.52,53.68,14.64,-4.88,-48.8,-151.28,-68.32
-43.92,-43.92,0,43.92,-24.4,-24.4,63.44,19.52,-4.88,-43.92,-146.4,-63.44
-53.68,-48.8,4.88,53.68,-29.28,-24.4,63.44,19.52,-4.88,-48.8,-146.4,-63.44
-53.68,-48.8,4.88,53.68,-29.28,-24.4,58.56,14.64,-9.76,-48.8,-151.28,-73.2
-43.92,-43.92,0,43.92,-24.4,-24.4,63.44,19.52,-9.76,-58.56,-151.28,-78.08
-43.92,-39.04,4.88,43.92,-24.4,-19.52,58.56,19.52,-4.88,-53.68,-146.4,-82.96
-43.92,-39.04,4.88,43.92,-24.4,-19.52,53.68,19.52,0,-48.8,-146.4,-82.96
-48.8,-39.04,9.76,43.92,-29.28,-14.64,53.68,24.4,9.76,-43.92,-146.4,-78.08
-53.68,-43.92,9.76,48.8,-34.16,-19.52,48.8,24.4,0,-53.68,-146.4,-78.08
-48.8,-39.04,9.76,43.92,-29.28,-14.64,58.56,24.4,-4.88,-58.56,-146.4,-73.2
-53.68,-39.04,14.64,48.8,-34.16,-14.64,58.56,24.4,-9.76,-58.56,-146.4,-68.32
-43.92,-29.28,14.64,39.04,-29.28,-9.76,63.44,29.28,0,-48.8,-136.64,-63.44
-43.92,-29.28,14.64,39.04,-29.28,-9.76,63.44,29.28,4.88,-43.92,-126.88,-48.8
-43.92,-24.4,19.52,34.16,-34.16,-4.88,58.56,24.4,4.88,-43.92,-126.88,-48.8
-39.04,-34.16,4.88,39.04,-24.4,-14.64,63.44,34.16,14.64,-34.16,-122,-39.04
-43.92,-39.04,4.88,43.92,-24.4,-19.52,63.44,29.28,9.76,-39.04,-136.64,-48.8
-43.92,-43.92,0,43.92,-24.4,-24.4,63.44,29.28,0,-53.68,-141.52,-53.68
-43.92,-39.04,4.88,43.92,-24.4,-19.52,68.32,34.16,9.76,-48.8,-146.4,-53.68
-48.8,-43.92,4.88,48.8,-29.28,-19.52,63.44,39.04,9.76,-48.8,-146.4,-53.68
-43.92,-39.04,4.88,43.92,-24.4,-19.52,63.44,34.16,14.64,-48.8,-146.4,-58.56
-43.92,-34.16,9.76,39.04,-29.28,-14.64,58.56,29.28,4.88,-53.68,-151.28,-58.56
-43.92,-24.4,19.52,34.16,-34.16,-4.88,53.68,34.16,4.88,-53.68,-151.28,-58.56
-39.04,-14.64,24.4,29.28,-34.16,4.88,63.44,34.16,4.88,-53.68,-146.4,-48.8
-39.04,-19.52,19.52,29.28,-29.28,0,58.56,29.28,4.88,-48.8,-141.52,-48.8
-43.92,-19.52,24.4,34.16,-34.16,0,58.56,34.16,4.88,-48.8,-146.4,-43.92
-43.92,-19.52,24.4,34.16,-34.16,0,63.44,34.16,9.76,-39.04,-136.64,-39.04
-43.92,-19.52,24.4,34.16,-34.16,0,63.44,39.04,9.76,-39.04,-131.76,-39.04
-39.04,-19.52,19.52,29.28,-29.28,0,68.32,39.04,14.64,-34.16,-131.76,-34.16
-43.92,-19.52,24.4,34.16,-34.16,0,53.68,34.16,4.88,-43.92,-136.64,-43.92
-34.16,-19.52,14.64,29.28,-24.4,-4.88,58.56,39.04,9.76,-39.04,-131.76,-34.16
-34.16,-19.52,14.64,29.28,-24.4,-4.88,53.68,43.92,9.76,-43.92,-136.64,-39.04
-43.92,-19.52,24.4,34.16,-34.16,0,48.8,39.04,0,-53.68,-136.64,-48.8
-39.04,-14.64,24.4,29.28,-34.16,4.88,53.68,43.92,4.88,-53.68,-131.76,-43.92
-29.28,-4.88,24.4,19.52,-29.28,9.76,48.8,39.04,0,-63.44,-141.52,-48.8
-29.28,-9.76,19.52,19.52,-24.4,4.88,48.8,29.28,-4.88,-68.32,-141.52,-53.68
-29.28,-9.76,19.52,19.52,-24.4,4.88,48.8,34.16,0,-58.56,-136.64,-43.92
-29.28,-14.64,14.64,24.4,-24.4,0,53.68,39.04,4.88,-58.56,-136.64,-43.92
-34.16,-19.52,14.64,29.28,-24.4,-4.88,58.56,34.16,0,-63.44,-136.64,-48.8
-24.4,-9.76,14.64,19.52,-19.52,0,58.56,34.16,-9.76,-73.2,-146.4,-58.56
-29.28,-19.52,9.76,24.4,-19.52,-4.88,58.56,29.28,-4.88,-73.2,-146.4,-63.44
-34.16,-19.52,14.64,29.28,-24.4,-4.88,58.56,29.28,0,-68.32,-141.52,-53.68
-34.16,-19.52,14.64,29.28,-24.4,-4.88,53.68,29.28,0,-63.44,-131.76,-53.68
-34.16,-19.52,14.64,29.28,-24.4,-4.88,53.68,24.4,-9.76,-63.44,-141.52,-58.56
-34.16,-19.52,14.64,29.28,-24.4,-4.88,48.8,24.4,-4.88,-63.44,-136.64,-58.56
-29.28,-19.52,9.76,24.4,-19.52,-4.88,53.68,24.4,-9.76,-68.32,-136.64,-58.56
-24.4,-19.52,4.88,24.4,-14.64,-9.76,58.56,29.28,-4.88,-53.68,-122,-53.68
-19.52,-14.64,4.88,19.52,-14.64,-4.88,58.56,24.4,0,-58.56,-122,-48.8
-24.4,-19.52,4.88,24.4,-14.64,-9.76,53.68,24.4,0,-58.56,-126.88,-48.8
-19.52,-9.76,9.76,14.64,-14.64,0,53.68,24.4,-9.76,-68.32,-136.64,-58.56
-14.64,-9.76,4.88,14.64,-9.76,-4.88,48.8,19.52,-14.64,-63.44,-136.64,-63.44
-24.4,-19.52,4.88,24.4,-14.64,-9.76,48.8,19.52,-9.76,-73.2,-136.64,-63.44
-39.04,-24.4,14.64,34.16,-29.28,-4.88,43.92,9.76,-14.64,-68.32,-136.64,-68.32
-39.04,-24.4,14.64,34.16,-29.28,-4.88,39.04,9.76,-19.52,-73.2,-141.52,-68.32
-34.16,-14.64,19.52,24.4,-29.28,0,39.04,4.88,-19.52,-68.32,-136.64,-68.32
-24.4,-14.64,9.76,19.52,-19.52,-4.88,39.04,4.88,-29.28,-73.2,-136.64,-63.44
-34.16,-19.52,14.64,29.28,-24.4,-4.88,43.92,14.64,-24.4,-63.44,-131.76,-48.8
-34.16,-24.4,9.76,29.28,-24.4,-9.76,43.92,9.76,-34.16,-78.08,-141.52,-58.56
-29.28,-24.4,4.88,29.28,-19.52,-9.76,53.68,14.64,-24.4,-73.2,-136.64,-48.8
-39.04,-29.28,9.76,34.16,-24.4,-9.76,48.8,19.52,-19.52,-68.32,-136.64,-53.68
-39.04,-29.28,9.76,34.16,-24.4,-9.76,48.8,14.64,-24.4,-68.32,-141.52,-48.8
-34.16,-34.16,0,34.16,-19.52,-19.52,53.68,14.64,-24.4,-78.08,-146.4,-58.56
-39.04,-34.16,4.88,39.04,-24.4,-14.64,53.68,19.52,-24.4,-73.2,-141.52,-53.68
-39.04,-39.04,0,39.04,-19.52,-19.52,48.8,19.52,-29.28,-78.08,-141.52,-48.8
-48.8,-48.8,0,48.8,-24.4,-24.4,48.8,9.76,-29.28,-73.2,-136.64,-48.8
-39.04,-39.04,0,39.04,-19.52,-19.52,43.92,14.64,-34.16,-78.08,-136.64,-39.04
-39.04,-39.04,0,39.04,-19.52,-19.52,39.04,4.88,-34.16,-78.08,-126.88,-43.92
-43.92,-43.92,0,43.92,-24.4,-24.4,39.04,9.76,-34.16,-78.08,-136.64,-43.92
-29.28,-34.16,-4.88,34.16,-14.64,-19.52,34.16,4.88,-39.04,-87.84,-141.52,-58.56
-39.04,-34.16,4.88,39.04,-24.4,-14.64,39.04,9.76,-34.16,-87.84,-136.64,-58.56
-39.04,-39.04,0,39.04,-19.52,-19.52,34.16,9.76,-34.16,-87.84,-131.76,-63.44
-34.16,-34.16,0,34.16,-19.52,-19.52,39.04,9.76,-34.16,-92.72,-146.4,-63.44
-43.92,-39.04,4.88,43.92,-24.4,-19.52,39.04,4.88,-34.16,-92.72,-141.52,-68.32
-39.04,-43.92,-4.88,43.92,-19.52,-24.4,39.04,4.88,-39.04,-92.72,-141.52,-63.44
-34.16,-39.04,-4.88,39.04,-14.64,-24.4,43.92,0,-39.04,-92.72,-136.64,-58.56
-39.04,-48.8,-9.76,43.92,-14.64,-29.28,48.8,9.76,-39.04,-87.84,-131.76,-58.56
-39.04,-43.92,-4.88,43.92,-19.52,-24.4,48.8,9.76,-39.04,-78.08,-122,-53.68
-39.04,-43.92,-4.88,43.92,-19.52,-24.4,48.8,9.76,-39.04,-82.96,-122,-58.56
-34.16,-43.92,-9.76,39.04,-14.64,-29.28,48.8,9.76,-39.04,-78.08,-117.12,-58.56
-34.16,-43.92,-9.76,39.04,-14.64,-29.28,48.8,14.64,-39.04,-78.08,-117.12,-63.44
-39.04,-43.92,-4.88,43.92,-19.52,-24.4,43.92,4.88,-48.8,-82.96,-122,-68.32
-29.28,-43.92,-14.64,39.04,-9.76,-29.28,43.92,4.88,-39.04,-87.84,-126.88,-68.32
-39.04,-53.68,-14.64,48.8,-14.64,-34.16,43.92,9.76,-34.16,-78.08,-117.12,-63.44
-34.16,-48.8,-14.64,43.92,-9.76,-34.16,39.04,9.76,-43.92,-87.84,-117.12,-63.44
-24.4,-43.92,-19.52,34.16,-4.88,-34.16,43.92,4.88,-43.92,-82.96,-107.36,-58.56
-29.28,-48.8,-19.52,39.04,-4.88,-34.16,43.92,14.64,-43.92,-82.96,-102.48,-53.68
-29.28,-53.68,-24.4,43.92,-4.88,-39.04,39.04,4.88,-48.8,-87.84,-102.48,-58.56
-34.16,-58.56,-24.4,48.8,-4.88,-43.92,43.92,9.76,-39.04,-87.84,-102.48,-48.8
-43.92,-63.44,-19.52,53.68,-14.64,-43.92,39.04,4.88,-43.92,-97.6,-97.6,-58.56
-39.04,-58.56,-19.52,48.8,-9.76,-39.04,34.16,4.88,-58.56,-107.36,-107.36,-78.08
-34.16,-48.8,-14.64,43.92,-9.76,-34.16,39.04,0,-58.56,-107.36,-102.48,-78.08
-43.92,-53.68,-9.76,48.8,-19.52,-34.16,29.28,0,-58.56,-112.24,-112.24,-87.84
-48.8,-48.8,0,48.8,-24.4,-24.4,39.04,0,-58.56,-102.48,-107.36,-87.84
-43.92,-43.92,0,43.92,-24.4,-24.4,34.16,0,-58.56,-102.48,-97.6,-87.84
-34.16,-34.16,0,34.16,-19.52,-19.52,34.16,0,-58.56,-92.72,-82.96,-73.2
-29.28,-34.16,-4.88,34.16,-14.64,-19.52,29.28,-4.88,-58.56,-92.72,-73.2,-68.32
-43.92,-43.92,0,43.92,-24.4,-24.4,29.28,0,-53.68,-82.96,-58.56,-58.56
-39.04,-48.8,-9.76,43.92,-14.64,-29.28,34.16,4.88,-43.92,-78.08,-39.04,-48.8
-48.8,-58.56,-9.76,53.68,-19.52,-34.16,34.16,0,-53.68,-82.96,-34.16,-53.68
-53.68,-63.44,-9.76,58.56,-24.4,-39.04,39.04,4.88,-48.8,-87.84,-29.28,-53.68
-43.92,-68.32,-24.4,58.56,-9.76,-48.8,39.04,4.88,-53.68,-87.84,-29.28,-53.68
-48.8,-78.08,-29.28,63.44,-9.76,-53.68,34.16,0,-58.56,-97.6,-34.16,-58.56
-48.8,-73.2,-24.4,63.44,-14.64,-48.8,34.16,0,-58.56,-97.6,-39.04,-63.44
-43.92,-63.44,-19.52,53.68,-14.64,-43.92,34.16,4.88,-58.56,-97.6,-39.04,-68.32
-43.92,-63.44,-19.52,53.68,-14.64,-43.92,34.16,4.88,-53.68,-87.84,-34.16,-68.32
-43.92,-48.8,-4.88,48.8,-19.52,-29.28,39.04,4.88,-48.8,-82.96,-24.4,-63.44
-39.04,-48.8,-9.76,43.92,-14.64,-29.28,43.92,4.88,-43.92,-73.2,-19.52,-58.56
-39.04,-53.68,-14.64,48.8,-14.64,-34.16,39.04,0,-48.8,-78.08,-14.64,-58.56
-39.04,-53.68,-14.64,48.8,-14.64,-34.16,43.92,4.88,-48.8,-82.96,-19.52,-68.32
-43.92,-58.56,-14.64,53.68,-14.64,-39.04,53.68,4.88,-53.68,-92.72,-24.4,-73.2
-48.8,-68.32,-19.52,58.56,-14.64,-43.92,53.68,4.88,-58.56,-97.6,-19.52,-78.08
-48.8,-68.32,-19.52,58.56,-14.64,-43.92,48.8,4.88,-53.68,-92.72,-19.52,-82.96
-48.8,-73.2,-24.4,63.44,-14.64,-48.8,39.04,0,-63.44,-97.6,-24.4,-87.84
-53.68,-68.32,-14.64,63.44,-19.52,-43.92,48.8,4.88,-58.56,-92.72,-19.52,-82.96
-53.68,-68.32,-14.64,63.44,-19.52,-43.92,39.04,0,-68.32,-92.72,-19.52,-78.08
-48.8,-58.56,-9.76,53.68,-19.52,-34.16,34.16,-4.88,-63.44,-87.84,-14.64,-73.2
-39.04,-53.68,-14.64,48.8,-14.64,-34.16,39.04,0,-58.56,-78.08,-4.88,-58.56
-48.8,-63.44,-14.64,58.56,-19.52,-39.04,29.28,-4.88,-58.56,-78.08,0,-63.44
-39.04,-58.56,-19.52,48.8,-9.76,-39.04,34.16,0,-58.56,-78.08,4.88,-63.44
-34.16,-48.8,-14.64,43.92,-9.76,-34.16,39.04,0,-58.56,-78.08,-4.88,-68.32
-39.04,-58.56,-19.52,48.8,-9.76,-39.04,43.92,4.88,-53.68,-73.2,-4.88,-68.32
-48.8,-53.68,-4.88,53.68,-24.4,-29.28,43.92,4.88,-53.68,-73.2,-4.88,-73.2
-39.04,-53.68,-14.64,48.8,-14.64,-34.16,34.16,-4.88,-68.32,-87.84,-14.64,-82.96
-48.8,-63.44,-14.64,58.56,-19.52,-39.04,43.92,-4.88,-68.32,-82.96,-14.64,-78.08
-43.92,-63.44,-19.52,53.68,-14.64,-43.92,39.04,-9.76,-63.44,-82.96,-9.76,-78.08
-48.8,-73.2,-24.4,63.44,-14.64,-48.8,43.92,0,-63.44,-87.84,-9.76,-82.96
-43.92,-73.2,-29.28,58.56,-9.76,-53.68,43.92,4.88,-53.68,-82.96,0,-73.2
-39.04,-73.2,-34.16,58.56,-4.88,-53.68,48.8,4.88,-53.68,-78.08,0,-68.32
-43.92,-78.08,-34.16,63.44,-4.88,-58.56,43.92,4.88,-58.56,-82.96,-9.76,-73.2
-39.04,-73.2,-34.16,58.56,-4.88,-53.68,48.8,14.64,-53.68,-82.96,-4.88,-73.2
-43.92,-78.08,-34.16,63.44,-4.88,-58.56,43.92,4.88,-58.56,-87.84,-9.76,-78.08
-43.92,-78.08,-34.16,63.44,-4.88,-58.56,43.92,0,-63.44,-92.72,-19.52,-82.96
-34.16,-68.32,-34.16,53.68,0,-53.68,39.04,0,-63.44,-97.6,-14.64,-87.84
-39.04,-63.44,-24.4,53.68,-9.76,-43.92,39.04,4.88,-63.44,-87.84,-14.64,-87.84
-34.16,-58.56,-24.4,48.8,-4.88,-43.92,39.04,-4.88,-68.32,-87.84,-19.52,-92.72
-39.04,-63.44,-24.4,53.68,-9.76,-43.92,43.92,-4.88,-68.32,-87.84,-24.4,-97.6
-53.68,-68.32,-14.64,63.44,-19.52,-43.92,39.04,0,-68.32,-87.84,-19.52,-97.6
-43.92,-63.44,-19.52,53.68,-14.64,-43.92,48.8,0,-63.44,-82.96,-14.64,-87.84
-43.92,-68.32,-24.4,58.56,-9.76,-48.8,43.92,4.88,-63.44,-78.08,-4.88,-87.84
-43.92,-63.44,-19.52,53.68,-14.64,-43.92,43.92,9.76,-58.56,-73.2,4.88,-73.2
-39.04,-63.44,-24.4,53.68,-9.76,-43.92,53.68,14.64,-53.68,-68.32,14.64,-73.2
-43.92,-78.08,-34.16,63.44,-4.88,-58.56,53.68,4.88,-58.56,-78.08,0,-82.96
-43.92,-82.96,-39.04,63.44,-4.88,-63.44,58.56,9.76,-58.56,-78.08,4.88,-82.96
-39.04,-78.08,-39.04,58.56,0,-58.56,53.68,14.64,-53.68,-73.2,9.76,-73.2
-39.04,-78.08,-39.04,58.56,0,-58.56,48.8,4.88,-58.56,-82.96,0,-73.2
-34.16,-73.2,-39.04,53.68,0,-58.56,43.92,9.76,-68.32,-87.84,0,-78.08
-43.92,-68.32,-24.4,58.56,-9.76,-48.8,39.04,0,-68.32,-87.84,-9.76,-82.96
-43.92,-68.32,-24.4,58.56,-9.76,-48.8,43.92,4.88,-63.44,-82.96,-4.88,-78.08
-34.16,-63.44,-29.28,48.8,-4.88,-48.8,39.04,0,-63.44,-78.08,0,-78.08
-34.16,-58.56,-24.4,48.8,-4.88,-43.92,34.16,4.88,-63.44,-73.2,4.88,-78.08
-29.28,-63.44,-34.16,48.8,0,-48.8,39.04,0,-58.56,-78.08,4.88,-73.2
-39.04,-68.32,-29.28,53.68,-4.88,-48.8,48.8,4.88,-63.44,-82.96,0,-78.08
-43.92,-68.32,-24.4,58.56,-9.76,-48.8,48.8,4.88,-73.2,-87.84,-9.76,-87.84
-34.16,-58.56,-24.4,48.8,-4.88,-43.92,48.8,9.76,-68.32,-82.96,-9.76,-92.72
-39.04,-53.68,-14.64,48.8,-14.64,-34.16,48.8,9.76,-63.44,-78.08,-9.76,-92.72
-39.04,-63.44,-24.4,53.68,-9.76,-43.92,53.68,14.64,-63.44,-78.08,-4.88,-102.48
-48.8,-73.2,-24.4,63.44,-14.64,-48.8,58.56,9.76,-63.44,-82.96,-9.76,-97.6
-53.68,-82.96,-29.28,68.32,-14.64,-58.56,53.68,9.76,-63.44,-82.96,-4.88,-92.72
-48.8,-82.96,-34.16,68.32,-9.76,-58.56,53.68,9.76,-63.44,-82.96,-4.88,-82.96
-43.92,-82.96,-39.04,63.44,-4.88,-63.44,58.56,19.52,-63.44,-78.08,0,-68.32
-43.92,-78.08,-34.16,63.44,-4.88,-58.56,53.68,14.64,-68.32,-78.08,-9.76,-73.2
-39.04,-73.2,-34.16,58.56,-4.88,-53.68,58.56,14.64,-68.32,-82.96,-4.88,-73.2
-39.04,-73.2,-34.16,58.56,-4.88,-53.68,58.56,14.64,-68.32,-82.96,-4.88,-73.2
-34.16,-68.32,-34.16,53.68,0,-53.68,53.68,14.64,-68.32,-78.08,0,-73.2
-34.16,-63.44,-29.28,48.8,-4.88,-48.8,53.68,19.52,-53.68,-68.32,4.88,-68.32
-34.16,-68.32,-34.16,53.68,0,-53.68,53.68,19.52,-58.56,-73.2,0,-73.2
-39.04,-68.32,-29.28,53.68,-4.88,-48.8,48.8,14.64,-63.44,-78.08,-9.76,-78.08
-39.04,-78.08,-39.04,58.56,0,-58.56,53.68,9.76,-63.44,-78.08,-9.76,-73.2
-39.04,-82.96,-43.92,63.44,0,-63.44,48.8,4.88,-68.32,-82.96,-14.64,-73.2
-29.28,-68.32,-39.04,48.8,4.88,-53.68,43.92,14.64,-68.32,-78.08,-14.64,-73.2
-29.28,-78.08,-48.8,53.68,9.76,-63.44,43.92,9.76,-68.32,-82.96,-19.52,-82.96
-34.16,-82.96,-48.8,58.56,4.88,-68.32,53.68,9.76,-73.2,-82.96,-14.64,-78.08
-39.04,-73.2,-34.16,58.56,-4.88,-53.68,48.8,9.76,-78.08,-87.84,-29.28,-87.84
-39.04,-73.2,-34.16,58.56,-4.88,-53.68,48.8,4.88,-68.32,-73.2,-14.64,-87.84
-24.4,-73.2,-48.8,48.8,9.76,-63.44,58.56,9.76,-58.56,-63.44,-9.76,-82.96
-19.52,-68.32,-48.8,43.92,14.64,-58.56,43.92,9.76,-68.32,-73.2,-19.52,-92.72
-34.16,-73.2,-39.04,53.68,0,-58.56,48.8,19.52,-63.44,-68.32,-19.52,-82.96
-19.52,-63.44,-43.92,43.92,9.76,-53.68,53.68,19.52,-63.44,-63.44,-14.64,-78.08
-19.52,-63.44,-43.92,43.92,9.76,-53.68,53.68,29.28,-58.56,-68.32,-19.52,-78.08
-24.4,-68.32,-43.92,48.8,9.76,-58.56,58.56,29.28,-58.56,-68.32,-19.52,-82.96
-24.4,-78.08,-53.68,53.68,14.64,-68.32,53.68,29.28,-58.56,-68.32,-24.4,-78.08
-34.16,-82.96,-48.8,58.56,4.88,-68.32,48.8,19.52,-63.44,-73.2,-34.16,-87.84
-29.28,-73.2,-43.92,53.68,4.88,-58.56,58.56,24.4,-63.44,-73.2,-34.16,-82.96
-24.4,-68.32,-43.92,48.8,9.76,-58.56,58.56,24.4,-63.44,-73.2,-34.16,-78.08
-19.52,-63.44,-43.92,43.92,9.76,-53.68,68.32,19.52,-68.32,-68.32,-29.28,-73.2
-29.28,-63.44,-34.16,48.8,0,-48.8,58.56,19.52,-63.44,-68.32,-24.4,-68.32
-29.28,-63.44,-34.16,48.8,0,-48.8,48.8,19.52,-63.44,-63.44,-24.4,-73.2
-34.16,-63.44,-29.28,48.8,-4.88,-48.8,53.68,24.4,-58.56,-63.44,-24.4,-73.2
-29.28,-58.56,-29.28,43.92,0,-43.92,48.8,19.52,-63.44,-63.44,-29.28,-78.08
-29.28,-53.68,-24.4,43.92,-4.88,-39.04,58.56,24.4,-53.68,-68.32,-19.52,-73.2
-29.28,-58.56,-29.28,43.92,0,-43.92,68.32,29.28,-48.8,-58.56,-9.76,-68.32
-34.16,-58.56,-24.4,48.8,-4.88,-43.92,68.32,34.16,-48.8,-58.56,-14.64,-68.32
-39.04,-58.56,-19.52,48.8,-9.76,-39.04,68.32,29.28,-58.56,-68.32,-24.4,-73.2
-34.16,-43.92,-9.76,39.04,-14.64,-29.28,73.2,39.04,-53.68,-58.56,-14.64,-58.56
-34.16,-53.68,-19.52,43.92,-9.76,-39.04,73.2,39.04,-43.92,-48.8,-4.88,-53.68
-34.16,-53.68,-19.52,43.92,-9.76,-39.04,78.08,39.04,-53.68,-53.68,-4.88,-58.56
-24.4,-48.8,-24.4,39.04,0,-39.04,78.08,39.04,-53.68,-53.68,-9.76,-63.44
-34.16,-58.56,-24.4,48.8,-4.88,-43.92,78.08,34.16,-53.68,-58.56,-9.76,-68.32
-29.28,-58.56,-29.28,43.92,0,-43.92,82.96,39.04,-53.68,-53.68,-4.88,-63.44
-34.16,-63.44,-29.28,48.8,-4.88,-48.8,78.08,29.28,-53.68,-53.68,-14.64,-68.32
-29.28,-73.2,-43.92,53.68,4.88,-58.56,73.2,19.52,-58.56,-53.68,-14.64,-63.44
-29.28,-73.2,-43.92,53.68,4.88,-58.56,68.32,14.64,-58.56,-58.56,-19.52,-68.32
-34.16,-73.2,-39.04,53.68,0,-58.56,58.56,0,-63.44,-63.44,-29.28,-68.32
-34.16,-73.2,-39.04,53.68,0,-58.56,53.68,-4.88,-63.44,-63.44,-24.4,-63.44
-39.04,-73.2,-34.16,58.56,-4.88,-53.68,58.56,4.88,-63.44,-53.68,-9.76,-58.56
-39.04,-73.2,-34.16,58.56,-4.88,-53.68,53.68,4.88,-63.44,-58.56,-14.64,-58.56
-34.16,-63.44,-29.28,48.8,-4.88,-48.8,48.8,0,-68.32,-58.56,-19.52,-73.2
-19.52,-53.68,-34.16,39.04,4.88,-43.92,53.68,4.88,-58.56,-48.8,-9.76,-63.44
-9.76,-48.8,-39.04,29.28,14.64,-43.92,58.56,14.64,-43.92,-39.04,0,-58.56
-14.64,-48.8,-34.16,34.16,9.76,-43.92,58.56,19.52,-43.92,-39.04,-4.88,-63.44
-14.64,-58.56,-43.92,39.04,14.64,-53.68,53.68,14.64,-48.8,-43.92,-9.76,-63.44
-9.76,-53.68,-43.92,34.16,14.64,-48.8,63.44,24.4,-43.92,-39.04,0,-53.68
-4.88,-53.68,-48.8,29.28,19.52,-53.68,58.56,19.52,-43.92,-34.16,-4.88,-53.68
-4.88,-63.44,-58.56,34.16,24.4,-63.44,53.68,19.52,-53.68,-43.92,-9.76,-63.44
-4.88,-63.44,-58.56,34.16,24.4,-63.44,53.68,19.52,-48.8,-48.8,-9.76,-58.56
-4.88,-73.2,-68.32,39.04,29.28,-73.2,53.68,9.76,-48.8,-53.68,-9.76,-53.68
-4.88,-78.08,-73.2,43.92,34.16,-78.08,48.8,0,-68.32,-58.56,-19.52,-63.44
-4.88,-82.96,-78.08,43.92,34.16,-82.96,48.8,4.88,-68.32,-58.56,-19.52,-63.44
0,-82.96,-82.96,43.92,39.04,-82.96,43.92,4.88,-68.32,-63.44,-24.4,-63.44
4.88,-73.2,-78.08,34.16,39.04,-78.08,43.92,4.88,-73.2,-63.44,-24.4,-63.44
0,-73.2,-73.2,39.04,34.16,-73.2,39.04,0,-78.08,-68.32,-29.28,-63.44
-9.76,-82.96,-73.2,48.8,29.28,-78.08,29.28,4.88,-78.08,-68.32,-24.4,-68.32
-9.76,-78.08,-68.32,43.92,29.28,-73.2,34.16,0,-82.96,-78.08,-34.16,-78.08
-14.64,-68.32,-53.68,43.92,19.52,-63.44,43.92,9.76,-68.32,-63.44,-19.52,-73.2
-9.76,-63.44,-53.68,39.04,19.52,-58.56,48.8,19.52,-58.56,-43.92,-9.76,-63.44
-9.76,-58.56,-48.8,34.16,19.52,-53.68,63.44,24.4,-48.8,-39.04,0,-68.32
-24.4,-63.44,-39.04,43.92,4.88,-53.68,68.32,24.4,-53.68,-39.04,-9.76,-63.44
-29.28,-73.2,-43.92,53.68,4.88,-58.56,68.32,19.52,-58.56,-43.92,-4.88,-58.56
-34.16,-87.84,-53.68,63.44,9.76,-73.2,73.2,19.52,-63.44,-53.68,-4.88,-58.56
-48.8,-107.36,-58.56,78.08,4.88,-82.96,68.32,19.52,-63.44,-68.32,-19.52,-63.44
-43.92,-112.24,-68.32,78.08,9.76,-92.72,78.08,19.52,-68.32,-78.08,-24.4,-68.32
-43.92,-112.24,-68.32,78.08,9.76,-92.72,78.08,14.64,-73.2,-92.72,-34.16,-78.08
-43.92,-107.36,-63.44,78.08,9.76,-87.84,78.08,19.52,-73.2,-97.6,-34.16,-82.96
-39.04,-102.48,-63.44,73.2,9.76,-82.96,68.32,24.4,-73.2,-102.48,-39.04,-87.84
-39.04,-107.36,-68.32,73.2,14.64,-87.84,68.32,19.52,-78.08,-107.36,-39.04,-92.72
-34.16,-92.72,-58.56,63.44,9.76,-78.08,68.32,19.52,-78.08,-102.48,-48.8,-97.6
-39.04,-92.72,-53.68,68.32,4.88,-73.2,58.56,14.64,-78.08,-102.48,-48.8,-92.72
-39.04,-97.6,-58.56,68.32,9.76,-78.08,58.56,14.64,-73.2,-97.6,-58.56,-87.84
-39.04,-102.48,-63.44,73.2,9.76,-82.96,68.32,24.4,-68.32,-92.72,-68.32,-73.2
-43.92,-102.48,-58.56,73.2,4.88,-82.96,73.2,19.52,-68.32,-97.6,-102.48,-78.08
-43.92,-107.36,-63.44,78.08,9.76,-87.84,73.2,24.4,-68.32,-92.72,-112.24,-68.32
-39.04,-107.36,-68.32,73.2,14.64,-87.84,73.2,24.4,-68.32,-92.72,-122,-63.44
-48.8,-107.36,-58.56,78.08,4.88,-82.96,68.32,19.52,-73.2,-107.36,-151.28,-78.08
-43.92,-102.48,-58.56,73.2,4.88,-82.96,73.2,24.4,-63.44,-107.36,-161.04,-68.32
-39.04,-102.48,-63.44,73.2,9.76,-82.96,73.2,19.52,-68.32,-112.24,-165.92,-73.2
-48.8,-97.6,-48.8,73.2,0,-73.2,78.08,29.28,-63.44,-117.12,-165.92,-63.44
-29.28,-87.84,-58.56,58.56,14.64,-73.2,73.2,24.4,-63.44,-112.24,-165.92,-68.32
-24.4,-87.84,-63.44,58.56,19.52,-78.08,63.44,24.4,-58.56,-107.36,-165.92,-63.44
-29.28,-97.6,-68.32,63.44,19.52,-82.96,63.44,24.4,-58.56,-107.36,-161.04,-58.56
-34.16,-102.48,-68.32,68.32,14.64,-87.84,73.2,24.4,-58.56,-117.12,-161.04,-58.56
-43.92,-112.24,-68.32,78.08,9.76,-92.72,68.32,19.52,-68.32,-112.24,-165.92,-58.56
-34.16,-107.36,-73.2,73.2,19.52,-92.72,73.2,24.4,-68.32,-117.12,-165.92,-63.44
-39.04,-107.36,-68.32,73.2,14.64,-87.84,73.2,24.4,-63.44,-122,-165.92,-68.32
-34.16,-97.6,-63.44,68.32,14.64,-82.96,78.08,24.4,-63.44,-122,-170.8,-73.2
-24.4,-97.6,-73.2,63.44,24.4,-87.84,73.2,24.4,-63.44,-117.12,-180.56,-78.08
-39.04,-102.48,-63.44,73.2,9.76,-82.96,73.2,29.28,-58.56,-117.12,-175.68,-78.08
-29.28,-92.72,-63.44,63.44,14.64,-78.08,68.32,29.28,-63.44,-122,-175.68,-82.96
-29.28,-82.96,-53.68,58.56,9.76,-68.32,73.2,34.16,-58.56,-112.24,-161.04,-68.32
-29.28,-92.72,-63.44,63.44,14.64,-78.08,68.32,29.28,-63.44,-112.24,-151.28,-68.32
-29.28,-92.72,-63.44,63.44,14.64,-78.08,78.08,34.16,-53.68,-112.24,-146.4,-63.44
-29.28,-112.24,-82.96,73.2,24.4,-97.6,87.84,48.8,-53.68,-112.24,-151.28,-78.08
-39.04,-131.76,-92.72,87.84,24.4,-112.24,122,92.72,-43.92,-122,-165.92,-102.48
-34.16,-146.4,-112.24,92.72,39.04,-131.76,151.28,141.52,-29.28,-141.52,-200.08,-131.76
-29.28,-170.8,-141.52,102.48,53.68,-156.16,180.56,200.08,-4.88,-146.4,-219.6,-161.04
-29.28,-185.44,-156.16,107.36,63.44,-170.8,214.72,258.64,34.16,-131.76,-224.48,-180.56
-24.4,-170.8,-146.4,97.6,58.56,-161.04,234.24,292.8,73.2,-112.24,-219.6,-180.56
-14.64,-146.4,-131.76,82.96,58.56,-141.52,234.24,312.32,122,-73.2,-185.44,-170.8
0,-97.6,-97.6,48.8,48.8,-97.6,224.48,312.32,185.44,-4.88,-122,-122
34.16,-48.8,-82.96,9.76,58.56,-68.32,200.08,322.08,268.4,112.24,-14.64,-43.92
58.56,-9.76,-68.32,-24.4,63.44,-39.04,175.68,331.84,356.24,234.24,107.36,43.92
87.84,73.2,-14.64,-78.08,48.8,29.28,165.92,351.36,473.36,400.16,263.52,165.92
112.24,175.68,63.44,-141.52,24.4,117.12,136.64,331.84,575.84,580.72,463.6,336.72
165.92,273.28,107.36,-219.6,29.28,190.32,43.92,219.6,653.92,746.64,658.8,512.4
229.36,370.88,141.52,-297.68,43.92,253.76,-102.48,9.76,707.6,927.2,868.64,707.6
312.32,458.72,146.4,-385.52,82.96,302.56,-263.52,-229.36,702.72,1093.12,1083.36,893.04
380.64,541.68,161.04,-458.72,107.36,351.36,-409.92,-448.96,697.84,1254.16,1283.44,1068.72
458.72,634.4,175.68,-546.56,141.52,405.04,-585.6,-668.56,712.48,1439.6,1498.16,1244.4
531.92,766.16,234.24,-649.04,146.4,497.76,-785.68,-902.8,761.28,1664.08,1737.28,1434.72
585.6,888.16,302.56,-736.88,141.52,595.36,-976,-1102.88,839.36,1908.08,1976.4,1615.28
629.52,961.36,331.84,-795.44,146.4,644.16,-1166.32,-1268.8,912.56,2122.8,2191.12,1771.44
649.04,1005.28,356.24,-824.72,146.4,678.32,-1293.2,-1376.16,961.36,2283.84,2347.28,1888.56
600.24,1024.8,424.56,-810.08,87.84,722.24,-1395.68,-1478.64,956.48,2313.12,2405.84,1947.12
541.68,976,434.32,-756.4,53.68,702.72,-1454.24,-1527.44,917.44,2239.92,2352.16,1937.36
507.52,785.68,278.16,-644.16,112.24,531.92,-1400.56,-1449.36,854,2069.12,2156.96,1786.08
405.04,522.16,117.12,-463.6,141.52,317.2,-1244.4,-1317.6,692.96,1742.16,1805.6,1512.8
283.04,356.24,73.2,-317.2,102.48,214.72,-1112.64,-1244.4,400.16,1293.2,1351.76,1171.2
185.44,234.24,48.8,-209.84,68.32,141.52,-1010.16,-1210.24,-14.64,722.24,854,805.2
48.8,107.36,58.56,-78.08,-4.88,82.96,-893.04,-1200.48,-453.84,82.96,322.08,424.56
-78.08,0,78.08,39.04,-78.08,39.04,-751.52,-1117.52,-707.6,-366,-92.72,43.92
-146.4,-78.08,68.32,112.24,-107.36,-4.88,-629.52,-961.36,-732,-541.68,-287.92,-175.68
-146.4,-112.24,34.16,131.76,-92.72,-39.04,-546.56,-800.32,-639.28,-512.4,-273.28,-209.84
-122,-117.12,4.88,122,-63.44,-58.56,-448.96,-644.16,-512.4,-434.32,-219.6,-200.08
-102.48,-122,-19.52,112.24,-43.92,-73.2,-356.24,-517.28,-419.68,-370.88,-170.8,-185.44
-97.6,-126.88,-29.28,112.24,-34.16,-78.08,-302.56,-434.32,-370.88,-326.96,-136.64,-175.68
-87.84,-117.12,-29.28,102.48,-29.28,-73.2,-253.76,-370.88,-322.08,-302.56,-102.48,-156.16
-82.96,-107.36,-24.4,97.6,-29.28,-68.32,-190.32,-292.8,-268.4,-258.64,-73.2,-136.64
-68.32,-102.48,-34.16,87.84,-19.52,-68.32,-136.64,-224.48,-214.72,-219.6,-48.8,-131.76
-58.56,-107.36,-48.8,82.96,-4.88,-78.08,-82.96,-146.4,-170.8,-195.2,-29.28,-122
-53.68,-112.24,-58.56,82.96,0,-87.84,-43.92,-92.72,-146.4,-180.56,-24.4,-122
-53.68,-102.48,-48.8,78.08,-4.88,-78.08,-9.76,-58.56,-117.12,-170.8,-24.4,-126.88
-53.68,-107.36,-53.68,82.96,0,-82.96,14.64,-24.4,-97.6,-161.04,-9.76,-117.12
-43.92,-97.6,-53.68,73.2,4.88,-78.08,24.4,-9.76,-92.72,-156.16,-9.76,-122
-39.04,-92.72,-53.68,68.32,4.88,-73.2,43.92,14.64,-78.08,-151.28,0,-112.24
-43.92,-87.84,-43.92,68.32,0,-68.32,53.68,29.28,-68.32,-146.4,4.88,-112.24
-29.28,-82.96,-53.68,58.56,9.76,-68.32,58.56,39.04,-68.32,-141.52,9.76,-97.6
-39.04,-82.96,-43.92,63.44,0,-63.44,73.2,58.56,-63.44,-136.64,9.76,-92.72
-39.04,-82.96,-43.92,63.44,0,-63.44,73.2,58.56,-63.44,-141.52,9.76,-92.72
-39.04,-87.84,-48.8,63.44,4.88,-68.32,82.96,63.44,-63.44,-136.64,9.76,-87.84
-39.04,-92.72,-53.68,68.32,4.88,-73.2,87.84,68.32,-63.44,-141.52,4.88,-82.96
-48.8,-102.48,-53.68,78.08,0,-78.08,92.72,73.2,-63.44,-151.28,4.88,-92.72
-43.92,-102.48,-58.56,73.2,4.88,-82.96,87.84,63.44,-58.56,-151.28,0,-92.72
-39.04,-107.36,-68.32,73.2,14.64,-87.84,92.72,63.44,-53.68,-151.28,-4.88,-92.72
-29.28,-92.72,-63.44,63.44,14.64,-78.08,107.36,68.32,-48.8,-141.52,0,-87.84
-39.04,-97.6,-58.56,68.32,9.76,-78.08,112.24,73.2,-39.04,-136.64,0,-87.84
-34.16,-97.6,-63.44,68.32,14.64,-82.96,102.48,73.2,-43.92,-136.64,-4.88,-82.96
-29.28,-82.96,-53.68,58.56,9.76,-68.32,107.36,78.08,-48.8,-136.64,-4.88,-87.84
-29.28,-82.96,-53.68,58.56,9.76,-68.32,112.24,82.96,-48.8,-136.64,-4.88,-87.84
-39.04,-92.72,-53.68,68.32,4.88,-73.2,117.12,92.72,-53.68,-146.4,-4.88,-92.72
-34.16,-87.84,-53.68,63.44,9.76,-73.2,112.24,92.72,-53.68,-146.4,-14.64,-97.6
-39.04,-87.84,-48.8,63.44,4.88,-68.32,102.48,78.08,-58.56,-156.16,-24.4,-112.24
-34.16,-87.84,-53.68,63.44,9.76,-73.2,107.36,82.96,-53.68,-151.28,-19.52,-102.48
-39.04,-97.6,-58.56,68.32,9.76,-78.08,102.48,82.96,-48.8,-146.4,-14.64,-97.6
-29.28,-97.6,-68.32,63.44,19.52,-82.96,107.36,82.96,-48.8,-136.64,-9.76,-97.6
-29.28,-87.84,-58.56,58.56,14.64,-73.2,112.24,87.84,-43.92,-136.64,-4.88,-97.6
-24.4,-87.84,-63.44,58.56,19.52,-78.08,107.36,87.84,-48.8,-136.64,0,-87.84
-24.4,-82.96,-58.56,53.68,14.64,-73.2,112.24,87.84,-53.68,-141.52,-4.88,-92.72
-24.4,-73.2,-48.8,48.8,9.76,-63.44,117.12,97.6,-48.8,-136.64,0,-87.84
-34.16,-82.96,-48.8,58.56,4.88,-68.32,117.12,97.6,-48.8,-146.4,-4.88,-82.96
-24.4,-82.96,-58.56,53.68,14.64,-73.2,112.24,97.6,-53.68,-151.28,-14.64,-82.96
-34.16,-87.84,-53.68,63.44,9.76,-73.2,107.36,87.84,-63.44,-151.28,-19.52,-97.6
-34.16,-97.6,-63.44,68.32,14.64,-82.96,107.36,87.84,-53.68,-151.28,-14.64,-87.84
-29.28,-82.96,-53.68,58.56,9.76,-68.32,102.48,82.96,-53.68,-146.4,-14.64,-82.96
-29.28,-87.84,-58.56,58.56,14.64,-73.2,102.48,87.84,-48.8,-141.52,-9.76,-78.08
-34.16,-87.84,-53.68,63.44,9.76,-73.2,102.48,82.96,-48.8,-141.52,-9.76,-82.96
-29.28,-82.96,-53.68,58.56,9.76,-68.32,107.36,92.72,-48.8,-141.52,-9.76,-68.32
-29.28,-73.2,-43.92,53.68,4.88,-58.56,112.24,92.72,-53.68,-141.52,-9.76,-73.2
-24.4,-73.2,-48.8,48.8,9.76,-63.44,117.12,92.72,-53.68,-146.4,-14.64,-82.96
-29.28,-78.08,-48.8,53.68,9.76,-63.44,112.24,97.6,-53.68,-146.4,-9.76,-87.84
-29.28,-82.96,-53.68,58.56,9.76,-68.32,107.36,97.6,-63.44,-151.28,-19.52,-87.84
-29.28,-87.84,-58.56,58.56,14.64,-73.2,102.48,82.96,-68.32,-151.28,-29.28,-97.6
-39.04,-92.72,-53.68,68.32,4.88,-73.2,102.48,82.96,-63.44,-151.28,-29.28,-87.84
-24.4,-73.2,-48.8,48.8,9.76,-63.44,97.6,82.96,-58.56,-146.4,-24.4,-87.84
-14.64,-68.32,-53.68,43.92,19.52,-63.44,102.48,82.96,-53.68,-136.64,-19.52,-78.08
-29.28,-73.2,-43.92,53.68,4.88,-58.56,97.6,78.08,-53.68,-141.52,-14.64,-78.08
-34.16,-78.08,-43.92,58.56,4.88,-63.44,92.72,82.96,-53.68,-136.64,-9.76,-73.2
-29.28,-73.2,-43.92,53.68,4.88,-58.56,92.72,87.84,-58.56,-136.64,-14.64,-73.2
-24.4,-68.32,-43.92,48.8,9.76,-58.56,92.72,92.72,-58.56,-146.4,-14.64,-73.2
-24.4,-63.44,-39.04,43.92,4.88,-53.68,97.6,97.6,-53.68,-136.64,-14.64,-68.32
-24.4,-68.32,-43.92,48.8,9.76,-58.56,92.72,92.72,-58.56,-141.52,-24.4,-68.32
-24.4,-63.44,-39.04,43.92,4.88,-53.68,97.6,87.84,-53.68,-136.64,-29.28,-68.32
-19.52,-63.44,-43.92,43.92,9.76,-53.68,97.6,92.72,-48.8,-136.64,-24.4,-68.32
-24.4,-63.44,-39.04,43.92,4.88,-53.68,87.84,87.84,-48.8,-136.64,-29.28,-63.44
-19.52,-63.44,-43.92,43.92,9.76,-53.68,97.6,87.84,-39.04,-136.64,-19.52,-58.56
-29.28,-68.32,-39.04,48.8,4.88,-53.68,92.72,87.84,-39.04,-131.76,-19.52,-63.44
-29.28,-73.2,-43.92,53.68,4.88,-58.56,92.72,92.72,-39.04,-131.76,-19.52,-53.68
-19.52,-63.44,-43.92,43.92,9.76,-53.68,92.72,92.72,-43.92,-126.88,-19.52,-58.56
-19.52,-73.2,-53.68,48.8,14.64,-63.44,92.72,97.6,-43.92,-126.88,-14.64,-53.68
-14.64,-58.56,-43.92,39.04,14.64,-53.68,92.72,102.48,-39.04,-122,-9.76,-48.8
-9.76,-58.56,-48.8,34.16,19.52,-53.68,92.72,97.6,-43.92,-126.88,-19.52,-53.68
-14.64,-58.56,-43.92,39.04,14.64,-53.68,92.72,97.6,-43.92,-126.88,-24.4,-58.56
-9.76,-53.68,-43.92,34.16,14.64,-48.8,87.84,92.72,-39.04,-122,-19.52,-58.56
-4.88,-53.68,-48.8,29.28,19.52,-53.68,82.96,92.72,-39.04,-117.12,-19.52,-58.56
-9.76,-53.68,-43.92,34.16,14.64,-48.8,82.96,82.96,-34.16,-122,-14.64,-58.56
-4.88,-53.68,-48.8,29.28,19.52,-53.68,82.96,87.84,-34.16,-122,-9.76,-63.44
-9.76,-53.68,-43.92,34.16,14.64,-48.8,73.2,87.84,-43.92,-122,-9.76,-63.44
-9.76,-48.8,-39.04,29.28,14.64,-43.92,82.96,92.72,-39.04,-117.12,-4.88,-58.56
-14.64,-53.68,-39.04,34.16,9.76,-48.8,78.08,92.72,-43.92,-126.88,-9.76,-68.32
-19.52,-58.56,-39.04,39.04,9.76,-48.8,82.96,92.72,-48.8,-122,-14.64,-73.2
-14.64,-48.8,-34.16,34.16,9.76,-43.92,82.96,92.72,-48.8,-126.88,-14.64,-73.2
-14.64,-53.68,-39.04,34.16,9.76,-48.8,78.08,87.84,-48.8,-126.88,-19.52,-78.08
-14.64,-58.56,-43.92,39.04,14.64,-53.68,82.96,87.84,-39.04,-117.12,-14.64,-78.08
-4.88,-48.8,-43.92,29.28,19.52,-48.8,73.2,82.96,-39.04,-122,-14.64,-78.08
-4.88,-48.8,-43.92,29.28,19.52,-48.8,73.2,78.08,-39.04,-117.12,-9.76,-73.2
-9.76,-43.92,-34.16,29.28,9.76,-39.04,78.08,82.96,-29.28,-112.24,-4.88,-73.2
-4.88,-43.92,-39.04,24.4,14.64,-43.92,68.32,82.96,-34.16,-117.12,-4.88,-73.2
-9.76,-43.92,-34.16,29.28,9.76,-39.04,68.32,82.96,-39.04,-117.12,-4.88,-68.32
-9.76,-39.04,-29.28,24.4,9.76,-34.16,82.96,92.72,-29.28,-97.6,4.88,-58.56
-14.64,-43.92,-29.28,29.28,4.88,-39.04,82.96,92.72,-29.28,-97.6,4.88,-63.44
-9.76,-43.92,-34.16,29.28,9.76,-39.04,73.2,87.84,-39.04,-107.36,0,-68.32
-9.76,-39.04,-29.28,24.4,9.76,-34.16,73.2,87.84,-34.16,-102.48,0,-68.32
-9.76,-43.92,-34.16,29.28,9.76,-39.04,73.2,82.96,-29.28,-97.6,0,-73.2
-4.88,-39.04,-34.16,24.4,14.64,-39.04,68.32,82.96,-24.4,-92.72,4.88,-68.32
0,-39.04,-39.04,19.52,19.52,-39.04,68.32,82.96,-19.52,-92.72,9.76,-63.44
-4.88,-39.04,-34.16,24.4,14.64,-39.04,68.32,78.08,-19.52,-87.84,14.64,-68.32
0,-29.28,-29.28,14.64,14.64,-29.28,73.2,87.84,-14.64,-82.96,24.4,-58.56
0,-24.4,-24.4,14.64,9.76,-24.4,73.2,92.72,-14.64,-87.84,19.52,-53.68
-4.88,-29.28,-24.4,19.52,9.76,-29.28,78.08,97.6,-14.64,-82.96,24.4,-53.68
-4.88,-29.28,-24.4,19.52,9.76,-29.28,73.2,97.6,-19.52,-73.2,29.28,-53.68
-4.88,-34.16,-29.28,19.52,9.76,-34.16,63.44,97.6,-19.52,-82.96,24.4,-53.68
0,-29.28,-29.28,14.64,14.64,-29.28,63.44,92.72,-14.64,-78.08,19.52,-58.56
0,-24.4,-24.4,14.64,9.76,-24.4,68.32,97.6,-9.76,-68.32,29.28,-53.68
9.76,-14.64,-24.4,4.88,14.64,-19.52,63.44,92.72,-4.88,-63.44,39.04,-48.8
14.64,-9.76,-24.4,0,19.52,-19.52,68.32,97.6,0,-53.68,43.92,-43.92
4.88,-14.64,-19.52,4.88,9.76,-19.52,68.32,97.6,4.88,-48.8,43.92,-43.92
9.76,-9.76,-19.52,0,14.64,-14.64,68.32,97.6,0,-48.8,53.68,-43.92
14.64,0,-14.64,-4.88,14.64,-9.76,68.32,102.48,9.76,-48.8,53.68,-34.16
9.76,-4.88,-14.64,0,9.76,-9.76,63.44,107.36,9.76,-43.92,53.68,-34.16
14.64,-4.88,-19.52,-4.88,14.64,-14.64,68.32,107.36,9.76,-39.04,58.56,-29.28
14.64,-9.76,-24.4,0,19.52,-19.52,58.56,107.36,9.76,-43.92,53.68,-29.28
14.64,-4.88,-19.52,-4.88,14.64,-14.64,58.56,102.48,19.52,-39.04,53.68,-29.28
19.52,-4.88,-24.4,-4.88,19.52,-14.64,58.56,107.36,19.52,-29.28,63.44,-29.28
14.64,0,-14.64,-4.88,14.64,-9.76,53.68,107.36,24.4,-19.52,68.32,-24.4
19.52,0,-19.52,-9.76,19.52,-9.76,58.56,102.48,34.16,-14.64,78.08,-19.52
19.52,14.64,-4.88,-14.64,9.76,4.88,58.56,107.36,39.04,-4.88,87.84,-14.64
19.52,14.64,-4.88,-14.64,9.76,4.88,53.68,117.12,39.04,4.88,102.48,-4.88
24.4,29.28,4.88,-24.4,9.76,14.64,58.56,122,48.8,9.76,107.36,4.88
19.52,24.4,4.88,-19.52,4.88,14.64,58.56,126.88,53.68,24.4,112.24,4.88
24.4,24.4,0,-24.4,9.76,9.76,53.68,131.76,53.68,29.28,117.12,9.76
43.92,29.28,-14.64,-34.16,29.28,4.88,48.8,126.88,53.68,24.4,122,4.88
39.04,29.28,-9.76,-34.16,24.4,9.76,43.92,122,63.44,34.16,122,4.88
39.04,29.28,-9.76,-34.16,24.4,9.76,48.8,122,68.32,48.8,141.52,9.76
39.04,34.16,-4.88,-34.16,19.52,14.64,39.04,122,73.2,53.68,141.52,14.64
39.04,39.04,0,-39.04,19.52,19.52,34.16,126.88,78.08,58.56,156.16,19.52
48.8,48.8,0,-48.8,24.4,24.4,34.16,136.64,97.6,78.08,165.92,29.28
53.68,53.68,0,-53.68,24.4,24.4,34.16,136.64,97.6,87.84,180.56,43.92
53.68,63.44,9.76,-58.56,19.52,34.16,34.16,141.52,107.36,92.72,190.32,53.68
63.44,73.2,9.76,-68.32,24.4,39.04,39.04,146.4,117.12,112.24,204.96,53.68
58.56,82.96,24.4,-68.32,14.64,53.68,29.28,151.28,117.12,117.12,214.72,63.44
68.32,87.84,19.52,-78.08,24.4,53.68,24.4,151.28,122,122,214.72,68.32
68.32,92.72,24.4,-78.08,19.52,58.56,29.28,146.4,136.64,136.64,224.48,68.32
63.44,92.72,29.28,-78.08,14.64,58.56,29.28,151.28,141.52,156.16,239.12,73.2
73.2,102.48,29.28,-87.84,19.52,63.44,24.4,151.28,151.28,170.8,253.76,87.84
78.08,102.48,24.4,-87.84,24.4,63.44,24.4,156.16,161.04,180.56,273.28,92.72
82.96,107.36,24.4,-92.72,29.28,63.44,24.4,156.16,170.8,195.2,283.04,107.36
87.84,122,34.16,-102.48,24.4,78.08,24.4,165.92,185.44,214.72,302.56,126.88
92.72,131.76,39.04,-112.24,24.4,82.96,19.52,165.92,190.32,229.36,317.2,141.52
97.6,136.64,39.04,-117.12,29.28,87.84,24.4,170.8,200.08,244,336.72,156.16
97.6,136.64,39.04,-117.12,29.28,87.84,14.64,170.8,200.08,258.64,346.48,165.92
102.48,141.52,39.04,-122,29.28,87.84,4.88,175.68,209.84,268.4,351.36,180.56
112.24,151.28,39.04,-131.76,34.16,92.72,4.88,175.68,219.6,273.28,366,180.56
112.24,156.16,43.92,-131.76,34.16,97.6,4.88,175.68,229.36,297.68,380.64,195.2
117.12,156.16,39.04,-136.64,39.04,97.6,0,175.68,239.12,312.32,395.28,204.96
117.12,161.04,43.92,-136.64,34.16,102.48,-4.88,170.8,244,317.2,395.28,209.84
117.12,161.04,43.92,-136.64,34.16,102.48,-4.88,170.8,248.88,322.08,405.04,219.6
126.88,170.8,43.92,-146.4,39.04,107.36,-4.88,180.56,263.52,336.72,424.56,234.24
126.88,180.56,53.68,-151.28,34.16,117.12,0,180.56,268.4,346.48,439.2,244
126.88,185.44,58.56,-156.16,34.16,122,-4.88,180.56,258.64,346.48,439.2,248.88
126.88,190.32,63.44,-156.16,29.28,126.88,-9.76,175.68,263.52,356.24,444.08,253.76
136.64,190.32,53.68,-161.04,39.04,122,-9.76,175.68,263.52,366,453.84,258.64
141.52,200.08,58.56,-170.8,39.04,126.88,-4.88,175.68,278.16,370.88,458.72,268.4
146.4,204.96,58.56,-175.68,43.92,131.76,-9.76,170.8,283.04,375.76,468.48,268.4
141.52,200.08,58.56,-170.8,39.04,126.88,-14.64,170.8,287.92,390.4,483.12,278.16
146.4,209.84,63.44,-175.68,39.04,136.64,-9.76,175.68,287.92,400.16,488,283.04
151.28,204.96,53.68,-175.68,48.8,126.88,-14.64,170.8,283.04,395.28,483.12,287.92
151.28,209.84,58.56,-180.56,43.92,131.76,-19.52,170.8,292.8,405.04,502.64,297.68
156.16,219.6,63.44,-185.44,43.92,141.52,-14.64,170.8,297.68,405.04,497.76,307.44
151.28,214.72,63.44,-180.56,43.92,136.64,-9.76,170.8,292.8,405.04,507.52,307.44
146.4,214.72,68.32,-180.56,39.04,141.52,-19.52,161.04,283.04,409.92,502.64,302.56
141.52,214.72,73.2,-175.68,34.16,141.52,-14.64,161.04,292.8,409.92,502.64,317.2
146.4,214.72,68.32,-180.56,39.04,141.52,-24.4,156.16,283.04,400.16,497.76,302.56
151.28,214.72,63.44,-180.56,43.92,136.64,-14.64,161.04,287.92,409.92,497.76,302.56
146.4,209.84,63.44,-175.68,39.04,136.64,-14.64,156.16,287.92,405.04,497.76,307.44
146.4,204.96,58.56,-175.68,43.92,131.76,-14.64,151.28,287.92,395.28,488,307.44
151.28,214.72,63.44,-180.56,43.92,136.64,-14.64,151.28,278.16,395.28,478.24,302.56
141.52,209.84,68.32,-175.68,34.16,136.64,-4.88,156.16,278.16,390.4,473.36,297.68
136.64,195.2,58.56,-165.92,39.04,126.88,-4.88,146.4,268.4,375.76,458.72,283.04
131.76,190.32,58.56,-161.04,34.16,122,0,146.4,253.76,361.12,448.96,278.16
126.88,180.56,53.68,-151.28,34.16,117.12,0,141.52,239.12,346.48,424.56,263.52
126.88,175.68,48.8,-151.28,39.04,112.24,-4.88,131.76,224.48,331.84,405.04,244
112.24,161.04,48.8,-136.64,29.28,102.48,0,126.88,219.6,312.32,395.28,229.36
107.36,146.4,39.04,-126.88,34.16,92.72,4.88,117.12,204.96,297.68,370.88,209.84
112.24,146.4,34.16,-126.88,39.04,87.84,4.88,112.24,195.2,283.04,356.24,204.96
107.36,141.52,34.16,-122,34.16,87.84,9.76,102.48,175.68,268.4,341.6,190.32
97.6,131.76,34.16,-112.24,29.28,82.96,19.52,97.6,180.56,258.64,331.84,180.56
97.6,126.88,29.28,-112.24,34.16,78.08,19.52,97.6,161.04,244,322.08,170.8
92.72,112.24,19.52,-102.48,34.16,63.44,24.4,87.84,141.52,224.48,297.68,151.28
87.84,107.36,19.52,-97.6,34.16,63.44,34.16,82.96,136.64,209.84,283.04,141.52
73.2,92.72,19.52,-82.96,24.4,53.68,29.28,73.2,117.12,200.08,268.4,126.88
63.44,82.96,19.52,-73.2,19.52,48.8,29.28,63.44,102.48,175.68,253.76,112.24
58.56,78.08,19.52,-68.32,19.52,48.8,34.16,53.68,97.6,165.92,239.12,102.48
53.68,63.44,9.76,-58.56,19.52,34.16,34.16,48.8,78.08,151.28,219.6,92.72
53.68,63.44,9.76,-58.56,19.52,34.16,29.28,43.92,68.32,131.76,204.96,82.96
48.8,58.56,9.76,-53.68,19.52,34.16,34.16,34.16,58.56,122,204.96,78.08
48.8,53.68,4.88,-48.8,19.52,29.28,24.4,24.4,48.8,107.36,185.44,63.44
48.8,58.56,9.76,-53.68,19.52,34.16,34.16,34.16,43.92,112.24,185.44,63.44
43.92,48.8,4.88,-43.92,19.52,24.4,34.16,24.4,29.28,97.6,175.68,53.68
34.16,39.04,4.88,-34.16,14.64,19.52,39.04,24.4,24.4,87.84,165.92,48.8
34.16,29.28,-4.88,-29.28,19.52,9.76,29.28,9.76,4.88,68.32,146.4,34.16
19.52,14.64,-4.88,-14.64,9.76,4.88,29.28,0,-4.88,58.56,136.64,19.52
24.4,14.64,-9.76,-19.52,14.64,0,29.28,-4.88,-4.88,53.68,126.88,14.64
19.52,9.76,-9.76,-14.64,14.64,0,29.28,-9.76,-9.76,48.8,126.88,4.88
14.64,0,-14.64,-4.88,14.64,-9.76,29.28,-14.64,-14.64,43.92,117.12,0
14.64,0,-14.64,-4.88,14.64,-9.76,34.16,-9.76,-24.4,43.92,122,0
14.64,0,-14.64,-4.88,14.64,-9.76,34.16,-19.52,-24.4,34.16,117.12,0
14.64,0,-14.64,-4.88,14.64,-9.76,39.04,-14.64,-29.28,39.04,117.12,0
19.52,0,-19.52,-9.76,19.52,-9.76,39.04,-14.64,-34.16,29.28,112.24,-9.76
9.76,-4.88,-14.64,0,9.76,-9.76,34.16,-24.4,-39.04,19.52,102.48,-14.64
14.64,-4.88,-19.52,-4.88,14.64,-14.64,29.28,-24.4,-48.8,19.52,97.6,-14.64
14.64,-4.88,-19.52,-4.88,14.64,-14.64,29.28,-29.28,-48.8,14.64,97.6,-14.64
4.88,-14.64,-19.52,4.88,9.76,-19.52,29.28,-34.16,-48.8,9.76,92.72,-24.4
9.76,-14.64,-24.4,4.88,14.64,-19.52,24.4,-39.04,-58.56,9.76,92.72,-24.4
4.88,-14.64,-19.52,4.88,9.76,-19.52,24.4,-48.8,-63.44,4.88,82.96,-29.28
0,-19.52,-19.52,9.76,9.76,-19.52,29.28,-43.92,-63.44,4.88,87.84,-29.28
0,-19.52,-19.52,9.76,9.76,-19.52,29.28,-43.92,-58.56,4.88,92.72,-34.16
4.88,-24.4,-29.28,9.76,14.64,-29.28,29.28,-43.92,-63.44,4.88,87.84,-29.28
14.64,-19.52,-34.16,4.88,24.4,-29.28,34.16,-39.04,-63.44,0,82.96,-34.16
9.76,-19.52,-29.28,4.88,19.52,-24.4,39.04,-43.92,-63.44,0,82.96,-29.28
0,-29.28,-29.28,14.64,14.64,-29.28,34.16,-43.92,-68.32,-4.88,78.08,-34.16
14.64,-24.4,-39.04,4.88,24.4,-34.16,29.28,-48.8,-73.2,-14.64,73.2,-39.04
9.76,-29.28,-39.04,9.76,24.4,-34.16,29.28,-43.92,-68.32,-14.64,68.32,-48.8
0,-34.16,-34.16,19.52,14.64,-34.16,29.28,-48.8,-63.44,-4.88,68.32,-48.8
0,-39.04,-39.04,19.52,19.52,-39.04,24.4,-53.68,-63.44,-4.88,68.32,-58.56
-4.88,-43.92,-39.04,24.4,14.64,-43.92,24.4,-48.8,-68.32,-14.64,63.44,-53.68
0,-34.16,-34.16,19.52,14.64,-34.16,29.28,-48.8,-63.44,-9.76,68.32,-53.68
0,-34.16,-34.16,19.52,14.64,-34.16,34.16,-43.92,-73.2,-9.76,68.32,-48.8
0,-39.04,-39.04,19.52,19.52,-39.04,24.4,-48.8,-78.08,-14.64,58.56,-58.56
0,-29.28,-29.28,14.64,14.64,-29.28,34.16,-48.8,-73.2,-14.64,63.44,-53.68
0,-34.16,-34.16,19.52,14.64,-34.16,34.16,-48.8,-73.2,-14.64,58.56,-53.68
0,-34.16,-34.16,19.52,14.64,-34.16,34.16,-43.92,-73.2,-14.64,58.56,-53.68
4.88,-29.28,-34.16,14.64,19.52,-34.16,34.16,-48.8,-73.2,-19.52,58.56,-63.44
0,-34.16,-34.16,19.52,14.64,-34.16,34.16,-48.8,-68.32,-14.64,58.56,-58.56
0,-39.04,-39.04,19.52,19.52,-39.04,34.16,-43.92,-73.2,-9.76,58.56,-58.56
-9.76,-43.92,-34.16,29.28,9.76,-39.04,39.04,-39.04,-63.44,-4.88,58.56,-53.68
-4.88,-43.92,-39.04,24.4,14.64,-43.92,34.16,-43.92,-68.32,-14.64,58.56,-58.56
-4.88,-34.16,-29.28,19.52,9.76,-34.16,34.16,-39.04,-73.2,-9.76,58.56,-48.8
-9.76,-43.92,-34.16,29.28,9.76,-39.04,39.04,-29.28,-68.32,-4.88,63.44,-43.92
-19.52,-43.92,-24.4,34.16,0,-34.16,39.04,-34.16,-68.32,-9.76,53.68,-43.92
-19.52,-39.04,-19.52,29.28,0,-29.28,39.04,-34.16,-68.32,-9.76,53.68,-39.04
-19.52,-43.92,-24.4,34.16,0,-34.16,39.04,-34.16,-68.32,-14.64,53.68,-43.92
-9.76,-39.04,-29.28,24.4,9.76,-34.16,39.04,-34.16,-63.44,-9.76,53.68,-39.04
-14.64,-39.04,-24.4,29.28,4.88,-34.16,39.04,-34.16,-58.56,-9.76,53.68,-39.04
-9.76,-43.92,-34.16,29.28,9.76,-39.04,29.28,-34.16,-63.44,-4.88,53.68,-39.04
-4.88,-34.16,-29.28,19.52,9.76,-34.16,34.16,-24.4,-63.44,-4.88,58.56,-34.16
-9.76,-29.28,-19.52,19.52,4.88,-24.4,43.92,-24.4,-58.56,0,58.56,-24.4
-9.76,-29.28,-19.52,19.52,4.88,-24.4,39.04,-29.28,-63.44,0,58.56,-19.52
-9.76,-29.28,-19.52,19.52,4.88,-24.4,39.04,-29.28,-58.56,0,53.68,-24.4
-14.64,-29.28,-14.64,24.4,0,-24.4,39.04,-29.28,-68.32,0,48.8,-19.52
-4.88,-24.4,-19.52,14.64,4.88,-24.4,29.28,-29.28,-58.56,-4.88,53.68,-19.52
-9.76,-24.4,-14.64,19.52,0,-19.52,34.16,-24.4,-58.56,4.88,53.68,-19.52
-9.76,-19.52,-9.76,14.64,0,-14.64,29.28,-29.28,-58.56,4.88,43.92,-29.28
-9.76,-14.64,-4.88,14.64,-4.88,-9.76,39.04,-24.4,-43.92,14.64,58.56,-24.4
-9.76,-14.64,-4.88,14.64,-4.88,-9.76,29.28,-19.52,-48.8,19.52,53.68,-29.28
-4.88,-9.76,-4.88,9.76,0,-9.76,34.16,-19.52,-43.92,19.52,53.68,-29.28
9.76,-4.88,-14.64,0,9.76,-9.76,34.16,-14.64,-39.04,24.4,63.44,-29.28
0,-9.76,-9.76,4.88,4.88,-9.76,34.16,-14.64,-43.92,24.4,63.44,-24.4
0,-14.64,-14.64,9.76,4.88,-14.64,34.16,-9.76,-39.04,24.4,58.56,-24.4
-4.88,-14.64,-9.76,9.76,0,-14.64,39.04,-9.76,-39.04,24.4,58.56,-24.4
0,-14.64,-14.64,9.76,4.88,-14.64,34.16,-14.64,-39.04,24.4,58.56,-29.28
0,-4.88,-4.88,4.88,0,-4.88,34.16,-9.76,-34.16,34.16,63.44,-24.4
0,-9.76,-9.76,4.88,4.88,-9.76,29.28,-14.64,-34.16,24.4,53.68,-34.16
-4.88,-4.88,0,4.88,-4.88,-4.88,24.4,-14.64,-24.4,29.28,58.56,-29.28
0,0,0,0,0,0,19.52,-9.76,-29.28,34.16,58.56,-34.16
-4.88,-9.76,-4.88,9.76,0,-9.76,29.28,-9.76,-19.52,34.16,58.56,-29.28
4.88,0,-4.88,0,4.88,-4.88,34.16,-4.88,-9.76,43.92,68.32,-19.52
0,4.88,4.88,0,-4.88,4.88,39.04,0,-9.76,48.8,68.32,-9.76
4.88,0,-4.88,0,4.88,-4.88,39.04,4.88,-9.76,29.28,63.44,-14.64
0,4.88,4.88,0,-4.88,4.88,39.04,4.88,-9.76,19.52,58.56,-4.88
0,-4.88,-4.88,4.88,0,-4.88,29.28,0,-14.64,9.76,53.68,-9.76
0,0,0,0,0,0,34.16,9.76,-9.76,14.64,58.56,0
4.88,4.88,0,-4.88,0,0,39.04,9.76,0,4.88,53.68,0
-4.88,0,4.88,4.88,-4.88,0,39.04,9.76,0,9.76,53.68,4.88
4.88,4.88,0,-4.88,0,0,43.92,9.76,0,9.76,53.68,4.88
0,4.88,4.88,0,-4.88,4.88,34.16,9.76,0,4.88,53.68,9.76
4.88,9.76,4.88,-4.88,0,4.88,34.16,14.64,9.76,4.88,48.8,14.64
9.76,19.52,9.76,-14.64,0,14.64,34.16,19.52,9.76,9.76,63.44,19.52
4.88,19.52,14.64,-9.76,-4.88,14.64,39.04,19.52,9.76,9.76,58.56,19.52
4.88,24.4,19.52,-14.64,-9.76,19.52,34.16,9.76,4.88,4.88,53.68,19.52
14.64,24.4,9.76,-19.52,0,14.64,34.16,19.52,14.64,14.64,58.56,29.28
9.76,14.64,4.88,-9.76,0,9.76,34.16,19.52,9.76,14.64,58.56,29.28
9.76,19.52,9.76,-14.64,0,14.64,29.28,19.52,9.76,4.88,48.8,19.52
0,14.64,14.64,-4.88,-9.76,14.64,29.28,14.64,14.64,9.76,48.8,24.4
4.88,14.64,9.76,-9.76,-4.88,9.76,34.16,19.52,9.76,9.76,53.68,24.4
9.76,19.52,9.76,-14.64,0,14.64,29.28,19.52,14.64,9.76,48.8,24.4
4.88,24.4,19.52,-14.64,-9.76,19.52,29.28,19.52,14.64,9.76,53.68,19.52
14.64,29.28,14.64,-19.52,0,19.52,29.28,24.4,14.64,19.52,63.44,24.4
14.64,29.28,14.64,-19.52,0,19.52,29.28,24.4,9.76,14.64,58.56,19.52
4.88,29.28,24.4,-14.64,-9.76,24.4,24.4,19.52,14.64,14.64,58.56,19.52
9.76,29.28,19.52,-19.52,-4.88,24.4,34.16,24.4,14.64,19.52,58.56,19.52
9.76,24.4,14.64,-14.64,-4.88,19.52,29.28,19.52,9.76,14.64,53.68,14.64
9.76,19.52,9.76,-14.64,0,14.64,24.4,19.52,9.76,0,43.92,4.88
4.88,24.4,19.52,-14.64,-9.76,19.52,19.52,14.64,14.64,4.88,43.92,4.88
0,19.52,19.52,-9.76,-9.76,19.52,24.4,14.64,4.88,0,43.92,0
4.88,19.52,14.64,-9.76,-4.88,14.64,24.4,14.64,14.64,0,48.8,4.88
4.88,24.4,19.52,-14.64,-9.76,19.52,19.52,14.64,14.64,-4.88,39.04,0
-4.88,19.52,24.4,-4.88,-14.64,19.52,19.52,9.76,4.88,0,39.04,0
4.88,24.4,19.52,-14.64,-9.76,19.52,19.52,14.64,0,-4.88,34.16,0
0,24.4,24.4,-9.76,-14.64,24.4,19.52,19.52,9.76,0,39.04,0
0,24.4,24.4,-9.76,-14.64,24.4,19.52,19.52,9.76,-4.88,34.16,0
4.88,24.4,19.52,-14.64,-9.76,19.52,14.64,14.64,4.88,-4.88,34.16,-4.88
0,14.64,14.64,-4.88,-9.76,14.64,14.64,9.76,4.88,-9.76,29.28,-9.76
0,19.52,19.52,-9.76,-9.76,19.52,14.64,9.76,0,-4.88,34.16,-4.88
0,14.64,14.64,-4.88,-9.76,14.64,14.64,14.64,-4.88,-4.88,29.28,-14.64
4.88,9.76,4.88,-4.88,0,4.88,9.76,14.64,0,-4.88,34.16,-14.64
4.88,14.64,9.76,-9.76,-4.88,9.76,9.76,14.64,0,-9.76,29.28,-14.64
0,9.76,9.76,-4.88,-4.88,9.76,9.76,9.76,-4.88,-9.76,29.28,-9.76
0,4.88,4.88,0,-4.88,4.88,14.64,9.76,-4.88,-9.76,24.4,-9.76
0,14.64,14.64,-4.88,-9.76,14.64,14.64,9.76,-4.88,-9.76,24.4,-9.76
-9.76,9.76,19.52,0,-14.64,14.64,4.88,9.76,-9.76,-14.64,14.64,-14.64
4.88,14.64,9.76,-9.76,-4.88,9.76,4.88,9.76,-9.76,-9.76,14.64,-19.52
0,9.76,9.76,-4.88,-4.88,9.76,4.88,9.76,-4.88,-14.64,14.64,-19.52
-4.88,9.76,14.64,0,-9.76,9.76,4.88,4.88,-9.76,-14.64,9.76,-19.52
4.88,14.64,9.76,-9.76,-4.88,9.76,4.88,4.88,-9.76,-14.64,9.76,-19.52
0,4.88,4.88,0,-4.88,4.88,4.88,4.88,-4.88,-14.64,9.76,-24.4
-4.88,4.88,9.76,0,-9.76,4.88,4.88,4.88,-4.88,-14.64,9.76,-19.52
-4.88,9.76,14.64,0,-9.76,9.76,4.88,9.76,-9.76,-9.76,9.76,-19.52
-9.76,0,9.76,4.88,-9.76,4.88,4.88,4.88,-19.52,-19.52,0,-29.28
-9.76,0,9.76,4.88,-9.76,4.88,4.88,0,-14.64,-24.4,0,-29.28
-9.76,0,9.76,4.88,-9.76,4.88,9.76,4.88,-19.52,-24.4,-4.88,-24.4
-4.88,4.88,9.76,0,-9.76,4.88,4.88,0,-19.52,-19.52,-4.88,-34.16
0,4.88,4.88,0,-4.88,4.88,0,4.88,-14.64,-24.4,-4.88,-34.16
-4.88,4.88,9.76,0,-9.76,4.88,-4.88,0,-19.52,-29.28,-9.76,-39.04
-4.88,4.88,9.76,0,-9.76,4.88,-4.88,-4.88,-14.64,-24.4,-9.76,-34.16
-4.88,9.76,14.64,0,-9.76,9.76,0,0,-14.64,-24.4,-9.76,-34.16
-9.76,4.88,14.64,4.88,-14.64,9.76,0,4.88,-4.88,-19.52,-4.88,-34.16
-4.88,9.76,14.64,0,-9.76,9.76,-4.88,4.88,-14.64,-19.52,-14.64,-29.28
-9.76,0,9.76,4.88,-9.76,4.88,4.88,4.88,-9.76,-19.52,-14.64,-29.28
-4.88,4.88,9.76,0,-9.76,4.88,-4.88,-4.88,-19.52,-29.28,-24.4,-34.16
-4.88,9.76,14.64,0,-9.76,9.76,-4.88,-4.88,-9.76,-24.4,-19.52,-29.28
-14.64,-4.88,9.76,9.76,-14.64,0,-9.76,-4.88,-19.52,-29.28,-24.4,-34.16
-14.64,-4.88,9.76,9.76,-14.64,0,-4.88,-4.88,-14.64,-29.28,-24.4,-34.16
-9.76,4.88,14.64,4.88,-14.64,9.76,-9.76,0,-14.64,-24.4,-19.52,-24.4
-9.76,0,9.76,4.88,-9.76,4.88,-9.76,0,-9.76,-19.52,-19.52,-19.52
-9.76,0,9.76,4.88,-9.76,4.88,-9.76,0,-9.76,-19.52,-19.52,-24.4
-14.64,-4.88,9.76,9.76,-14.64,0,-14.64,0,-4.88,-24.4,-19.52,-24.4
-9.76,-4.88,4.88,9.76,-9.76,0,-14.64,0,-14.64,-19.52,-29.28,-24.4
-9.76,-4.88,4.88,9.76,-9.76,0,-14.64,0,-14.64,-19.52,-29.28,-24.4
-14.64,-9.76,4.88,14.64,-9.76,-4.88,-14.64,-4.88,-19.52,-24.4,-29.28,-24.4
-14.64,0,14.64,9.76,-14.64,4.88,-24.4,-4.88,-19.52,-24.4,-29.28,-29.28
-14.64,-9.76,4.88,14.64,-9.76,-4.88,-19.52,-4.88,-24.4,-24.4,-29.28,-24.4
-24.4,-14.64,9.76,19.52,-19.52,-4.88,-19.52,-9.76,-19.52,-29.28,-34.16,-29.28
-19.52,-4.88,14.64,14.64,-19.52,4.88,-24.4,-14.64,-24.4,-24.4,-29.28,-29.28
-19.52,-9.76,9.76,14.64,-14.64,0,-29.28,-9.76,-24.4,-24.4,-24.4,-29.28
-14.64,-4.88,9.76,9.76,-14.64,0,-19.52,-4.88,-19.52,-19.52,-24.4,-24.4
-9.76,0,9.76,4.88,-9.76,4.88,-19.52,-4.88,-9.76,-19.52,-29.28,-24.4
-14.64,-4.88,9.76,9.76,-14.64,0,-24.4,-4.88,-19.52,-14.64,-29.28,-19.52
-9.76,0,9.76,4.88,-9.76,4.88,-24.4,-4.88,-24.4,-14.64,-34.16,-24.4
0,9.76,9.76,-4.88,-4.88,9.76,-24.4,0,-19.52,-14.64,-34.16,-19.52
-4.88,4.88,9.76,0,-9.76,4.88,-24.4,-4.88,-19.52,-14.64,-34.16,-29.28
-9.76,0,9.76,4.88,-9.76,4.88,-19.52,-4.88,-19.52,-9.76,-34.16,-24.4
-24.4,-19.52,4.88,24.4,-14.64,-9.76,-29.28,-9.76,-19.52,-24.4,-43.92,-43.92
-24.4,-19.52,4.88,24.4,-14.64,-9.76,-34.16,-14.64,-19.52,-24.4,-43.92,-39.04
-14.64,-9.76,4.88,14.64,-9.76,-4.88,-24.4,-4.88,-14.64,-14.64,-34.16,-34.16
-19.52,0,19.52,9.76,-19.52,9.76,-34.16,-9.76,-9.76,-19.52,-39.04,-34.16
-14.64,4.88,19.52,4.88,-19.52,9.76,-34.16,-4.88,-9.76,-14.64,-43.92,-34.16
-14.64,0,14.64,9.76,-14.64,4.88,-39.04,-9.76,-14.64,-14.64,-39.04,-39.04
-14.64,-4.88,9.76,9.76,-14.64,0,-29.28,-4.88,-14.64,-14.64,-39.04,-39.04
-9.76,4.88,14.64,4.88,-14.64,9.76,-34.16,-9.76,-9.76,-14.64,-39.04,-39.04
-9.76,4.88,14.64,4.88,-14.64,9.76,-34.16,-9.76,-14.64,-19.52,-39.04,-39.04
-14.64,0,14.64,9.76,-14.64,4.88,-43.92,-14.64,-19.52,-14.64,-39.04,-39.04
-14.64,-4.88,9.76,9.76,-14.64,0,-34.16,-9.76,-9.76,-14.64,-39.04,-39.04
-24.4,-9.76,14.64,19.52,-19.52,0,-39.04,-14.64,-9.76,-14.64,-39.04,-39.04
-14.64,-4.88,9.76,9.76,-14.64,0,-34.16,-14.64,-9.76,-14.64,-43.92,-34.16
-14.64,-9.76,4.88,14.64,-9.76,-4.88,-43.92,-14.64,-9.76,-14.64,-43.92,-39.04
-24.4,-9.76,14.64,19.52,-19.52,0,-43.92,-9.76,-4.88,-9.76,-43.92,-39.04
-14.64,-4.88,9.76,9.76,-14.64,0,-39.04,-9.76,-9.76,-4.88,-34.16,-29.28
-9.76,-9.76,0,9.76,-4.88,-4.88,-34.16,-4.88,-9.76,0,-39.04,-34.16
-9.76,-4.88,4.88,9.76,-9.76,0,-39.04,-9.76,-9.76,-9.76,-43.92,-39.04
-9.76,0,9.76,4.88,-9.76,4.88,-39.04,-4.88,-4.88,-4.88,-43.92,-34.16
-9.76,-4.88,4.88,9.76,-9.76,0,-43.92,-9.76,-14.64,-9.76,-48.8,-43.92
-4.88,-4.88,0,4.88,-4.88,-4.88,-39.04,-9.76,-9.76,-4.88,-53.68,-43.92
-14.64,-9.76,4.88,14.64,-9.76,-4.88,-43.92,-14.64,-4.88,-9.76,-53.68,-48.8
-14.64,-9.76,4.88,14.64,-9.76,-4.88,-39.04,-9.76,-9.76,-4.88,-48.8,-43.92
-4.88,-9.76,-4.88,9.76,0,-9.76,-48.8,-14.64,-4.88,-4.88,-48.8,-48.8
-14.64,-9.76,4.88,14.64,-9.76,-4.88,-48.8,-9.76,-4.88,-19.52,-48.8,-48.8
-14.64,-4.88,9.76,9.76,-14.64,0,-48.8,-9.76,-4.88,-14.64,-48.8,-39.04
-4.88,-4.88,0,4.88,-4.88,-4.88,-48.8,-4.88,-14.64,-14.64,-48.8,-43.92
-9.76,-4.88,4.88,9.76,-9.76,0,-43.92,-9.76,-14.64,-14.64,-53.68,-48.8
0,0,0,0,0,0,-43.92,-4.88,-14.64,-14.64,-53.68,-43.92
-4.88,0,4.88,4.88,-4.88,0,-43.92,-4.88,-14.64,-9.76,-53.68,-48.8
-4.88,-9.76,-4.88,9.76,0,-9.76,-48.8,-9.76,-14.64,-9.76,-58.56,-48.8
-4.88,-4.88,0,4.88,-4.88,-4.88,-43.92,-9.76,-9.76,-9.76,-48.8,-48.8
-9.76,-9.76,0,9.76,-4.88,-4.88,-39.04,-4.88,-9.76,-9.76,-48.8,-43.92
-4.88,-9.76,-4.88,9.76,0,-9.76,-48.8,-9.76,-9.76,-14.64,-53.68,-53.68
-4.88,-4.88,0,4.88,-4.88,-4.88,-43.92,-4.88,-4.88,-9.76,-43.92,-43.92
-9.76,-9.76,0,9.76,-4.88,-4.88,-43.92,-4.88,-9.76,-9.76,-43.92,-43.92
-4.88,-9.76,-4.88,9.76,0,-9.76,-43.92,-4.88,-14.64,-14.64,-53.68,-48.8
-9.76,-9.76,0,9.76,-4.88,-4.88,-39.04,-4.88,-14.64,-9.76,-53.68,-48.8
-9.76,-4.88,4.88,9.76,-9.76,0,-39.04,-14.64,-19.52,-14.64,-58.56,-48.8
-4.88,-4.88,0,4.88,-4.88,-4.88,-39.04,-9.76,-14.64,-14.64,-48.8,-53.68
-9.76,-9.76,0,9.76,-4.88,-4.88,-39.04,-9.76,-9.76,-14.64,-53.68,-53.68
-9.76,-4.88,4.88,9.76,-9.76,0,-43.92,-14.64,-9.76,-19.52,-58.56,-58.56
-4.88,0,4.88,4.88,-4.88,0,-39.04,-9.76,-4.88,-14.64,-53.68,-53.68
-14.64,-4.88,9.76,9.76,-14.64,0,-39.04,-9.76,-4.88,-9.76,-53.68,-58.56
-9.76,-4.88,4.88,9.76,-9.76,0,-43.92,-9.76,-4.88,-9.76,-63.44,-58.56
-9.76,-4.88,4.88,9.76,-9.76,0,-48.8,-9.76,-14.64,-14.64,-63.44,-63.44
-9.76,-4.88,4.88,9.76,-9.76,0,-43.92,-9.76,-19.52,-9.76,-63.44,-58.56
-9.76,-4.88,4.88,9.76,-9.76,0,-39.04,-9.76,-19.52,-14.64,-63.44,-58.56
-19.52,-14.64,4.88,19.52,-14.64,-4.88,-34.16,-9.76,-14.64,-19.52,-68.32,-58.56
-19.52,-14.64,4.88,19.52,-14.64,-4.88,-39.04,-14.64,-14.64,-14.64,-63.44,-63.44
-14.64,-14.64,0,14.64,-9.76,-9.76,-39.04,-14.64,-19.52,-19.52,-73.2,-68.32
-19.52,-14.64,4.88,19.52,-14.64,-4.88,-39.04,-14.64,-19.52,-14.64,-68.32,-63.44
-9.76,-9.76,0,9.76,-4.88,-4.88,-39.04,-9.76,-14.64,-14.64,-58.56,-58.56
-14.64,-14.64,0,14.64,-9.76,-9.76,-39.04,-9.76,-14.64,-14.64,-63.44,-68.32
-14.64,-14.64,0,14.64,-9.76,-9.76,-39.04,-14.64,-14.64,-24.4,-68.32,-68.32
-14.64,-14.64,0,14.64,-9.76,-9.76,-43.92,-19.52,-19.52,-24.4,-63.44,-63.44
-14.64,-19.52,-4.88,19.52,-4.88,-14.64,-43.92,-14.64,-24.4,-19.52,-63.44,-63.44
-14.64,-14.64,0,14.64,-9.76,-9.76,-39.04,-14.64,-19.52,-24.4,-68.32,-68.32
-14.64,-14.64,0,14.64,-9.76,-9.76,-43.92,-9.76,-19.52,-19.52,-68.32,-63.44
-19.52,-19.52,0,19.52,-9.76,-9.76,-43.92,-14.64,-24.4,-19.52,-68.32,-63.44
-19.52,-19.52,0,19.52,-9.76,-9.76,-43.92,-14.64,-19.52,-14.64,-68.32,-63.44
-19.52,-14.64,4.88,19.52,-14.64,-4.88,-39.04,-14.64,-14.64,-19.52,-68.32,-63.44
-14.64,-9.76,4.88,14.64,-9.76,-4.88,-43.92,-14.64,-14.64,-24.4,-63.44,-63.44
-14.64,-9.76,4.88,14.64,-9.76,-4.88,-39.04,-14.64,-14.64,-24.4,-68.32,-63.44
-19.52,-9.76,9.76,14.64,-14.64,0,-39.04,-14.64,-19.52,-24.4,-68.32,-63.44
-14.64,-4.88,9.76,9.76,-14.64,0,-34.16,-9.76,-14.64,-19.52,-58.56,-58.56
-9.76,-4.88,4.88,9.76,-9.76,0,-34.16,-9.76,-14.64,-14.64,-63.44,-53.68
-14.64,-9.76,4.88,14.64,-9.76,-4.88,-34.16,-9.76,-14.64,-14.64,-68.32,-53.68
-9.76,-9.76,0,9.76,-4.88,-4.88,-34.16,-9.76,-9.76,-14.64,-63.44,-53.68
-14.64,-14.64,0,14.64,-9.76,-9.76,-39.04,-14.64,-14.64,-19.52,-68.32,-58.56
-19.52,-14.64,4.88,19.52,-14.64,-4.88,-39.04,-14.64,-19.52,-24.4,-73.2,-58.56
-9.76,-9.76,0,9.76,-4.88,-4.88,-43.92,-14.64,-14.64,-24.4,-73.2,-63.44
-19.52,-19.52,0,19.52,-9.76,-9.76,-39.04,-14.64,-14.64,-24.4,-68.32,-58.56
-19.52,-14.64,4.88,19.52,-14.64,-4.88,-34.16,-14.64,-24.4,-24.4,-73.2,-58.56
-24.4,-14.64,9.76,19.52,-19.52,-4.88,-34.16,-9.76,-19.52,-24.4,-68.32,-58.56
-24.4,-19.52,4.88,24.4,-14.64,-9.76,-39.04,-14.64,-19.52,-29.28,-63.44,-58.56
-14.64,-14.64,0,14.64,-9.76,-9.76,-34.16,-9.76,-19.52,-24.4,-68.32,-53.68
-19.52,-14.64,4.88,19.52,-14.64,-4.88,-29.28,-14.64,-19.52,-24.4,-68.32,-58.56
-19.52,-19.52,0,19.52,-9.76,-9.76,-29.28,-9.76,-19.52,-24.4,-68.32,-53.68
-19.52,-19.52,0,19.52,-9.76,-9.76,-34.16,-14.64,-19.52,-24.4,-68.32,-58.56
-29.28,-29.28,0,29.28,-14.64,-14.64,-34.16,-14.64,-24.4,-24.4,-73.2,-58.56
-29.28,-24.4,4.88,29.28,-19.52,-9.76,-39.04,-14.64,-24.4,-29.28,-78.08,-63.44
-24.4,-29.28,-4.88,29.28,-9.76,-19.52,-34.16,-14.64,-29.28,-24.4,-73.2,-58.56
-29.28,-29.28,0,29.28,-14.64,-14.64,-34.16,-14.64,-29.28,-29.28,-73.2,-58.56
-24.4,-24.4,0,24.4,-14.64,-14.64,-34.16,-14.64,-24.4,-24.4,-73.2,-63.44
-24.4,-24.4,0,24.4,-14.64,-14.64,-34.16,-14.64,-24.4,-24.4,-68.32,-58.56
-24.4,-29.28,-4.88,29.28,-9.76,-19.52,-34.16,-14.64,-29.28,-19.52,-68.32,-58.56
-19.52,-24.4,-4.88,24.4,-9.76,-14.64,-34.16,-9.76,-24.4,-19.52,-68.32,-58.56
-29.28,-29.28,0,29.28,-14.64,-14.64,-29.28,-9.76,-24.4,-29.28,-73.2,-53.68
-19.52,-29.28,-9.76,24.4,-4.88,-19.52,-34.16,-9.76,-24.4,-24.4,-73.2,-58.56
-29.28,-34.16,-4.88,34.16,-14.64,-19.52,-34.16,-14.64,-34.16,-34.16,-82.96,-58.56
-24.4,-29.28,-4.88,29.28,-9.76,-19.52,-43.92,-19.52,-34.16,-39.04,-82.96,-68.32
-24.4,-29.28,-4.88,29.28,-9.76,-19.52,-34.16,-14.64,-34.16,-34.16,-82.96,-63.44
-34.16,-39.04,-4.88,39.04,-14.64,-24.4,-34.16,-9.76,-24.4,-34.16,-73.2,-53.68
-34.16,-39.04,-4.88,39.04,-14.64,-24.4,-29.28,-9.76,-24.4,-34.16,-73.2,-58.56
-24.4,-29.28,-4.88,29.28,-9.76,-19.52,-34.16,-24.4,-24.4,-34.16,-73.2,-68.32
-34.16,-34.16,0,34.16,-19.52,-19.52,-19.52,-14.64,-19.52,-24.4,-68.32,-58.56
-24.4,-29.28,-4.88,29.28,-9.76,-19.52,-29.28,-19.52,-24.4,-29.28,-73.2,-63.44
-29.28,-29.28,0,29.28,-14.64,-14.64,-24.4,-9.76,-24.4,-29.28,-78.08,-63.44
-24.4,-29.28,-4.88,29.28,-9.76,-19.52,-34.16,-14.64,-29.28,-39.04,-82.96,-63.44
-14.64,-24.4,-9.76,19.52,-4.88,-19.52,-34.16,-14.64,-29.28,-34.16,-82.96,-63.44
-19.52,-19.52,0,19.52,-9.76,-9.76,-34.16,-9.76,-24.4,-39.04,-78.08,-63.44
-19.52,-24.4,-4.88,24.4,-9.76,-14.64,-29.28,-14.64,-24.4,-34.16,-78.08,-63.44
-19.52,-29.28,-9.76,24.4,-4.88,-19.52,-34.16,-19.52,-19.52,-34.16,-78.08,-63.44
-24.4,-34.16,-9.76,29.28,-9.76,-24.4,-34.16,-14.64,-29.28,-39.04,-82.96,-68.32
-24.4,-29.28,-4.88,29.28,-9.76,-19.52,-29.28,-14.64,-29.28,-39.04,-78.08,-73.2
-24.4,-29.28,-4.88,29.28,-9.76,-19.52,-29.28,-14.64,-24.4,-34.16,-78.08,-68.32
-24.4,-24.4,0,24.4,-14.64,-14.64,-29.28,-14.64,-29.28,-39.04,-82.96,-68.32
-24.4,-19.52,4.88,24.4,-14.64,-9.76,-24.4,-9.76,-24.4,-39.04,-78.08,-68.32
-29.28,-24.4,4.88,29.28,-19.52,-9.76,-29.28,-14.64,-29.28,-43.92,-78.08,-73.2
-24.4,-24.4,0,24.4,-14.64,-14.64,-29.28,-19.52,-24.4,-34.16,-82.96,-63.44
-19.52,-19.52,0,19.52,-9.76,-9.76,-29.28,-19.52,-24.4,-39.04,-82.96,-63.44
-19.52,-29.28,-9.76,24.4,-4.88,-19.52,-29.28,-14.64,-29.28,-39.04,-78.08,-63.44
-14.64,-29.28,-14.64,24.4,0,-24.4,-29.28,-19.52,-19.52,-34.16,-78.08,-63.44
-24.4,-24.4,0,24.4,-14.64,-14.64,-34.16,-19.52,-29.28,-39.04,-82.96,-68.32
-29.28,-29.28,0,29.28,-14.64,-14.64,-24.4,-19.52,-34.16,-39.04,-78.08,-63.44
-24.4,-24.4,0,24.4,-14.64,-14.64,-24.4,-14.64,-29.28,-39.04,-82.96,-68.32
-29.28,-29.28,0,29.28,-14.64,-14.64,-24.4,-19.52,-29.28,-39.04,-78.08,-68.32
-29.28,-29.28,0,29.28,-14.64,-14.64,-24.4,-19.52,-29.28,-39.04,-73.2,-63.44
-19.52,-24.4,-4.88,24.4,-9.76,-14.64,-24.4,-19.52,-29.28,-39.04,-73.2,-68.32
-24.4,-29.28,-4.88,29.28,-9.76,-19.52,-29.28,-24.4,-34.16,-39.04,-73.2,-68.32
-19.52,-19.52,0,19.52,-9.76,-9.76,-24.4,-24.4,-29.28,-43.92,-73.2,-68.32
-24.4,-29.28,-4.88,29.28,-9.76,-19.52,-19.52,-14.64,-29.28,-39.04,-68.32,-63.44
-29.28,-34.16,-4.88,34.16,-14.64,-19.52,-19.52,-14.64,-29.28,-29.28,-58.56,-58.56
-24.4,-34.16,-9.76,29.28,-9.76,-24.4,-19.52,-19.52,-34.16,-34.16,-63.44,-58.56
-34.16,-39.04,-4.88,39.04,-14.64,-24.4,-19.52,-14.64,-34.16,-43.92,-63.44,-63.44
-29.28,-34.16,-4.88,34.16,-14.64,-19.52,-19.52,-19.52,-34.16,-43.92,-68.32,-63.44
-34.16,-39.04,-4.88,39.04,-14.64,-24.4,-19.52,-14.64,-29.28,-43.92,-63.44,-58.56
-34.16,-39.04,-4.88,39.04,-14.64,-24.4,-19.52,-14.64,-34.16,-53.68,-68.32,-63.44
-34.16,-34.16,0,34.16,-19.52,-19.52,-14.64,-14.64,-29.28,-43.92,-63.44,-58.56
-29.28,-39.04,-9.76,34.16,-9.76,-24.4,-24.4,-19.52,-29.28,-43.92,-63.44,-58.56
-29.28,-34.16,-4.88,34.16,-14.64,-19.52,-29.28,-24.4,-34.16,-43.92,-73.2,-58.56
-24.4,-29.28,-4.88,29.28,-9.76,-19.52,-19.52,-14.64,-29.28,-39.04,-68.32,-58.56
-34.16,-34.16,0,34.16,-19.52,-19.52,-24.4,-14.64,-34.16,-39.04,-73.2,-63.44
-29.28,-29.28,0,29.28,-14.64,-14.64,-19.52,-14.64,-29.28,-48.8,-73.2,-68.32
-24.4,-24.4,0,24.4,-14.64,-14.64,-19.52,-9.76,-29.28,-43.92,-68.32,-68.32
-24.4,-29.28,-4.88,29.28,-9.76,-19.52,-19.52,-14.64,-29.28,-43.92,-68.32,-68.32
-24.4,-29.28,-4.88,29.28,-9.76,-19.52,-19.52,-9.76,-34.16,-43.92,-73.2,-68.32
-29.28,-34.16,-4.88,34.16,-14.64,-19.52,-24.4,-14.64,-34.16,-43.92,-73.2,-68.32
-24.4,-34.16,-9.76,29.28,-9.76,-24.4,-19.52,-14.64,-34.16,-43.92,-78.08,-68.32
-24.4,-34.16,-9.76,29.28,-9.76,-24.4,-19.52,-9.76,-39.04,-43.92,-73.2,-68.32
-29.28,-39.04,-9.76,34.16,-9.76,-24.4,-19.52,-9.76,-39.04,-48.8,-73.2,-73.2
-19.52,-29.28,-9.76,24.4,-4.88,-19.52,-19.52,-9.76,-39.04,-48.8,-73.2,-73.2
-24.4,-29.28,-4.88,29.28,-9.76,-19.52,-14.64,-9.76,-34.16,-48.8,-68.32,-68.32
-19.52,-24.4,-4.88,24.4,-9.76,-14.64,-19.52,-14.64,-39.04,-53.68,-68.32,-78.08
-19.52,-19.52,0,19.52,-9.76,-9.76,-14.64,-9.76,-34.16,-43.92,-68.32,-63.44
-19.52,-24.4,-4.88,24.4,-9.76,-14.64,-9.76,-9.76,-34.16,-39.04,-68.32,-63.44
-14.64,-24.4,-9.76,19.52,-4.88,-19.52,-14.64,-9.76,-34.16,-48.8,-68.32,-63.44
-19.52,-24.4,-4.88,24.4,-9.76,-14.64,-19.52,-19.52,-39.04,-48.8,-68.32,-68.32
-29.28,-34.16,-4.88,34.16,-14.64,-19.52,-19.52,-14.64,-43.92,-48.8,-73.2,-68.32
-24.4,-29.28,-4.88,29.28,-9.76,-19.52,-14.64,-9.76,-39.04,-43.92,-68.32,-68.32
-29.28,-29.28,0,29.28,-14.64,-14.64,-19.52,-14.64,-39.04,-48.8,-73.2,-73.2
-29.28,-39.04,-9.76,34.16,-9.76,-24.4,-14.64,-14.64,-43.92,-53.68,-73.2,-73.2
-29.28,-29.28,0,29.28,-14.64,-14.64,-14.64,-14.64,-43.92,-53.68,-82.96,-78.08
-24.4,-24.4,0,24.4,-14.64,-14.64,-9.76,-14.64,-43.92,-58.56,-82.96,-78.08
-19.52,-19.52,0,19.52,-9.76,-9.76,-9.76,-14.64,-39.04,-58.56,-78.08,-73.2
-19.52,-24.4,-4.88,24.4,-9.76,-14.64,-4.88,-4.88,-39.04,-48.8,-73.2,-63.44
-19.52,-24.4,-4.88,24.4,-9.76,-14.64,-9.76,-4.88,-39.04,-53.68,-73.2,-68.32
-14.64,-19.52,-4.88,19.52,-4.88,-14.64,-9.76,-9.76,-39.04,-48.8,-73.2,-63.44
-19.52,-29.28,-9.76,24.4,-4.88,-19.52,-14.64,-14.64,-43.92,-53.68,-78.08,-73.2
-29.28,-39.04,-9.76,34.16,-9.76,-24.4,-9.76,-4.88,-48.8,-53.68,-73.2,-68.32
-24.4,-39.04,-14.64,34.16,-4.88,-29.28,-9.76,-9.76,-48.8,-63.44,-78.08,-73.2
-29.28,-43.92,-14.64,39.04,-9.76,-29.28,-14.64,-9.76,-48.8,-58.56,-73.2,-68.32
-24.4,-43.92,-19.52,34.16,-4.88,-34.16,-9.76,-9.76,-43.92,-53.68,-73.2,-63.44
-24.4,-34.16,-9.76,29.28,-9.76,-24.4,-9.76,-4.88,-43.92,-53.68,-73.2,-68.32
-24.4,-39.04,-14.64,34.16,-4.88,-29.28,-4.88,-9.76,-43.92,-53.68,-73.2,-63.44
-19.52,-34.16,-14.64,29.28,-4.88,-24.4,-4.88,0,-43.92,-48.8,-63.44,-58.56
-19.52,-34.16,-14.64,29.28,-4.88,-24.4,-4.88,-9.76,-43.92,-53.68,-68.32,-63.44
-24.4,-39.04,-14.64,34.16,-4.88,-29.28,-4.88,-4.88,-48.8,-53.68,-68.32,-68.32
-9.76,-34.16,-24.4,24.4,4.88,-29.28,-4.88,-4.88,-43.92,-53.68,-63.44,-58.56
-9.76,-39.04,-29.28,24.4,9.76,-34.16,-9.76,-4.88,-48.8,-53.68,-68.32,-68.32
-14.64,-43.92,-29.28,29.28,4.88,-39.04,-9.76,-4.88,-43.92,-58.56,-68.32,-68.32
-19.52,-43.92,-24.4,34.16,0,-34.16,-14.64,-4.88,-43.92,-53.68,-68.32,-68.32
-19.52,-43.92,-24.4,34.16,0,-34.16,-19.52,-9.76,-43.92,-58.56,-73.2,-73.2
-14.64,-39.04,-24.4,29.28,4.88,-34.16,-19.52,-14.64,-48.8,-58.56,-73.2,-73.2
-24.4,-34.16,-9.76,29.28,-9.76,-24.4,-14.64,-9.76,-43.92,-68.32,-82.96,-73.2
-24.4,-29.28,-4.88,29.28,-9.76,-19.52,-4.88,-4.88,-48.8,-58.56,-73.2,-68.32
-19.52,-19.52,0,19.52,-9.76,-9.76,0,0,-43.92,-58.56,-68.32,-68.32
-24.4,-24.4,0,24.4,-14.64,-14.64,4.88,4.88,-39.04,-58.56,-68.32,-63.44
-24.4,-19.52,4.88,24.4,-14.64,-9.76,4.88,4.88,-34.16,-63.44,-68.32,-68.32
-19.52,-19.52,0,19.52,-9.76,-9.76,9.76,4.88,-34.16,-58.56,-63.44,-63.44
-24.4,-19.52,4.88,24.4,-14.64,-9.76,9.76,0,-39.04,-58.56,-73.2,-68.32
-24.4,-24.4,0,24.4,-14.64,-14.64,14.64,9.76,-34.16,-53.68,-63.44,-63.44
-24.4,-24.4,0,24.4,-14.64,-14.64,4.88,4.88,-34.16,-58.56,-68.32,-63.44
-29.28,-19.52,9.76,24.4,-19.52,-4.88,4.88,9.76,-34.16,-53.68,-68.32,-58.56
-19.52,-19.52,0,19.52,-9.76,-9.76,0,9.76,-39.04,-58.56,-68.32,-63.44
-29.28,-34.16,-4.88,34.16,-14.64,-19.52,0,9.76,-43.92,-53.68,-63.44,-63.44
-24.4,-34.16,-9.76,29.28,-9.76,-24.4,0,0,-43.92,-63.44,-73.2,-68.32
-19.52,-29.28,-9.76,24.4,-4.88,-19.52,4.88,4.88,-43.92,-63.44,-73.2,-68.32
-19.52,-34.16,-14.64,29.28,-4.88,-24.4,4.88,4.88,-53.68,-63.44,-68.32,-73.2
-4.88,-29.28,-24.4,19.52,9.76,-29.28,4.88,0,-43.92,-53.68,-68.32,-63.44
-4.88,-34.16,-29.28,19.52,9.76,-34.16,-4.88,-9.76,-58.56,-68.32,-73.2,-73.2
-14.64,-39.04,-24.4,29.28,4.88,-34.16,-4.88,-14.64,-58.56,-68.32,-73.2,-73.2
-14.64,-48.8,-34.16,34.16,9.76,-43.92,-4.88,-14.64,-53.68,-63.44,-73.2,-68.32
-19.52,-48.8,-29.28,34.16,4.88,-39.04,-14.64,-19.52,-53.68,-73.2,-78.08,-78.08
-14.64,-39.04,-24.4,29.28,4.88,-34.16,-4.88,-14.64,-58.56,-73.2,-73.2,-73.2
-14.64,-39.04,-24.4,29.28,4.88,-34.16,-4.88,-14.64,-58.56,-73.2,-73.2,-73.2
-24.4,-43.92,-19.52,34.16,-4.88,-34.16,-4.88,-14.64,-58.56,-73.2,-78.08,-73.2
-24.4,-39.04,-14.64,34.16,-4.88,-29.28,4.88,-4.88,-53.68,-68.32,-73.2,-73.2
-29.28,-34.16,-4.88,34.16,-14.64,-19.52,4.88,-4.88,-58.56,-73.2,-78.08,-68.32
-19.52,-34.16,-14.64,29.28,-4.88,-24.4,4.88,-9.76,-58.56,-73.2,-82.96,-68.32
-9.76,-29.28,-19.52,19.52,4.88,-24.4,0,-4.88,-58.56,-78.08,-82.96,-68.32
-9.76,-39.04,-29.28,24.4,9.76,-34.16,0,-9.76,-58.56,-73.2,-87.84,-68.32
-4.88,-39.04,-34.16,24.4,14.64,-39.04,-4.88,-9.76,-53.68,-73.2,-82.96,-68.32
-4.88,-39.04,-34.16,24.4,14.64,-39.04,0,-9.76,-53.68,-73.2,-82.96,-68.32
-4.88,-43.92,-39.04,24.4,14.64,-43.92,-9.76,-14.64,-63.44,-82.96,-87.84,-73.2
4.88,-43.92,-48.8,19.52,24.4,-48.8,-9.76,-19.52,-58.56,-78.08,-87.84,-73.2
-4.88,-48.8,-43.92,29.28,19.52,-48.8,-19.52,-24.4,-68.32,-87.84,-92.72,-78.08
-4.88,-53.68,-48.8,29.28,19.52,-53.68,-19.52,-24.4,-78.08,-92.72,-97.6,-87.84
0,-43.92,-43.92,24.4,19.52,-43.92,-14.64,-19.52,-78.08,-87.84,-92.72,-82.96
-4.88,-43.92,-39.04,24.4,14.64,-43.92,-14.64,-24.4,-78.08,-82.96,-92.72,-78.08
0,-43.92,-43.92,24.4,19.52,-43.92,-9.76,-19.52,-73.2,-87.84,-87.84,-73.2
0,-48.8,-48.8,24.4,24.4,-48.8,-4.88,-24.4,-73.2,-82.96,-87.84,-78.08
-9.76,-48.8,-39.04,29.28,14.64,-43.92,-4.88,-14.64,-68.32,-78.08,-82.96,-73.2
-9.76,-39.04,-29.28,24.4,9.76,-34.16,0,-14.64,-63.44,-78.08,-73.2,-63.44
-19.52,-43.92,-24.4,34.16,0,-34.16,0,-9.76,-63.44,-78.08,-78.08,-73.2
-29.28,-48.8,-19.52,39.04,-4.88,-34.16,0,-14.64,-63.44,-82.96,-87.84,-73.2
-34.16,-53.68,-19.52,43.92,-9.76,-39.04,9.76,-14.64,-68.32,-82.96,-82.96,-73.2
-43.92,-58.56,-14.64,53.68,-14.64,-39.04,9.76,-14.64,-68.32,-82.96,-82.96,-68.32
-34.16,-53.68,-19.52,43.92,-9.76,-39.04,4.88,-19.52,-73.2,-87.84,-82.96,-73.2
-34.16,-58.56,-24.4,48.8,-4.88,-43.92,9.76,-14.64,-73.2,-87.84,-82.96,-73.2
-43.92,-68.32,-24.4,58.56,-9.76,-48.8,0,-24.4,-87.84,-97.6,-87.84,-78.08
-43.92,-63.44,-19.52,53.68,-14.64,-43.92,9.76,-19.52,-78.08,-92.72,-87.84,-73.2
-43.92,-68.32,-24.4,58.56,-9.76,-48.8,4.88,-24.4,-82.96,-92.72,-87.84,-82.96
-39.04,-58.56,-19.52,48.8,-9.76,-39.04,9.76,-24.4,-78.08,-92.72,-92.72,-78.08
-34.16,-58.56,-24.4,48.8,-4.88,-43.92,14.64,-19.52,-73.2,-92.72,-87.84,-73.2
-39.04,-68.32,-29.28,53.68,-4.88,-48.8,4.88,-24.4,-82.96,-102.48,-92.72,-78.08
-34.16,-68.32,-34.16,53.68,0,-53.68,4.88,-24.4,-87.84,-102.48,-92.72,-82.96
-39.04,-68.32,-29.28,53.68,-4.88,-48.8,4.88,-29.28,-87.84,-102.48,-92.72,-82.96
-43.92,-73.2,-29.28,58.56,-9.76,-53.68,4.88,-24.4,-82.96,-97.6,-92.72,-78.08
-34.16,-68.32,-34.16,53.68,0,-53.68,4.88,-24.4,-87.84,-102.48,-97.6,-82.96
-39.04,-68.32,-29.28,53.68,-4.88,-48.8,0,-24.4,-82.96,-107.36,-102.48,-82.96
-48.8,-68.32,-19.52,58.56,-14.64,-43.92,9.76,-19.52,-82.96,-102.48,-92.72,-78.08
-43.92,-68.32,-24.4,58.56,-9.76,-48.8,9.76,-19.52,-82.96,-107.36,-92.72,-82.96
-43.92,-63.44,-19.52,53.68,-14.64,-43.92,9.76,-24.4,-87.84,-107.36,-97.6,-87.84
-39.04,-58.56,-19.52,48.8,-9.76,-39.04,9.76,-19.52,-82.96,-102.48,-92.72,-82.96
-39.04,-58.56,-19.52,48.8,-9.76,-39.04,14.64,-19.52,-82.96,-102.48,-87.84,-78.08
-43.92,-58.56,-14.64,53.68,-14.64,-39.04,14.64,-14.64,-82.96,-97.6,-87.84,-78.08
-29.28,-48.8,-19.52,39.04,-4.88,-34.16,9.76,-14.64,-82.96,-107.36,-87.84,-82.96
-34.16,-48.8,-14.64,43.92,-9.76,-34.16,14.64,-14.64,-78.08,-102.48,-87.84,-82.96
-39.04,-58.56,-19.52,48.8,-9.76,-39.04,14.64,-9.76,-82.96,-102.48,-87.84,-82.96
-43.92,-53.68,-9.76,48.8,-19.52,-34.16,14.64,-19.52,-78.08,-102.48,-87.84,-82.96
-43.92,-58.56,-14.64,53.68,-14.64,-39.04,14.64,-19.52,-82.96,-97.6,-87.84,-78.08
-39.04,-53.68,-14.64,48.8,-14.64,-34.16,9.76,-19.52,-78.08,-97.6,-92.72,-73.2
-39.04,-53.68,-14.64,48.8,-14.64,-34.16,9.76,-19.52,-78.08,-97.6,-92.72,-78.08
-34.16,-43.92,-9.76,39.04,-14.64,-29.28,14.64,-14.64,-78.08,-102.48,-92.72,-73.2
-24.4,-43.92,-19.52,34.16,-4.88,-34.16,4.88,-14.64,-78.08,-97.6,-87.84,-73.2
-34.16,-48.8,-14.64,43.92,-9.76,-34.16,9.76,-14.64,-78.08,-97.6,-92.72,-73.2
-34.16,-48.8,-14.64,43.92,-9.76,-34.16,14.64,-9.76,-73.2,-102.48,-92.72,-73.2
-29.28,-53.68,-24.4,43.92,-4.88,-39.04,24.4,4.88,-73.2,-107.36,-102.48,-78.08
-39.04,-73.2,-34.16,58.56,-4.88,-53.68,53.68,43.92,-63.44,-112.24,-117.12,-102.48
-34.16,-82.96,-48.8,58.56,4.88,-68.32,87.84,92.72,-53.68,-136.64,-146.4,-136.64
-34.16,-112.24,-78.08,73.2,19.52,-97.6,122,151.28,-43.92,-146.4,-170.8,-170.8
-29.28,-122,-92.72,78.08,29.28,-107.36,161.04,200.08,-19.52,-146.4,-185.44,-190.32
-29.28,-112.24,-82.96,73.2,24.4,-97.6,185.44,244,9.76,-136.64,-195.2,-200.08
-19.52,-97.6,-78.08,58.56,29.28,-87.84,180.56,253.76,48.8,-107.36,-175.68,-190.32
-9.76,-53.68,-43.92,34.16,14.64,-48.8,161.04,253.76,102.48,-43.92,-117.12,-146.4
29.28,-4.88,-34.16,-9.76,29.28,-19.52,126.88,248.88,170.8,53.68,-24.4,-78.08
58.56,43.92,-14.64,-48.8,34.16,14.64,112.24,263.52,278.16,180.56,92.72,9.76
92.72,131.76,39.04,-112.24,24.4,82.96,117.12,302.56,419.68,346.48,248.88,126.88
131.76,234.24,102.48,-180.56,14.64,165.92,39.04,229.36,527.04,541.68,453.84,302.56
190.32,326.96,136.64,-258.64,24.4,229.36,-102.48,29.28,600.24,717.36,658.8,488
273.28,429.44,156.16,-351.36,58.56,292.8,-292.8,-234.24,629.52,888.16,858.88,673.44
351.36,512.4,161.04,-429.44,92.72,336.72,-458.72,-478.24,639.28,1049.2,1063.84,854
439.2,600.24,161.04,-517.28,136.64,380.64,-629.52,-688.08,668.56,1229.76,1273.68,1034.56
531.92,688.08,156.16,-610,185.44,419.68,-873.52,-956.48,697.84,1415.2,1473.76,1205.36
610,795.44,185.44,-702.72,209.84,488,-1112.64,-1215.12,727.12,1610.4,1683.6,1385.92
668.56,907.68,239.12,-785.68,214.72,570.96,-1298.08,-1385.92,814.96,1830,1898.32,1556.72
702.72,980.88,278.16,-839.36,209.84,629.52,-1444.48,-1498.16,917.44,2034.96,2088.64,1688.48
746.64,1024.8,278.16,-883.28,234.24,649.04,-1581.12,-1586,1000.4,2200.88,2239.92,1805.6
722.24,1044.32,322.08,-883.28,200.08,683.2,-1634.8,-1605.52,1054.08,2269.2,2313.12,1878.8
649.04,990.64,341.6,-819.84,151.28,663.68,-1620.16,-1581.12,1029.68,2200.88,2264.32,1859.28
605.12,795.44,190.32,-697.84,204.96,492.88,-1537.2,-1468.88,946.72,2000.8,2069.12,1717.76
541.68,527.04,-14.64,-531.92,278.16,253.76,-1410.32,-1327.36,795.44,1693.36,1761.68,1478.64
405.04,336.72,-68.32,-370.88,234.24,131.76,-1278.56,-1224.88,517.28,1278.56,1356.64,1185.84
283.04,214.72,-68.32,-248.88,175.68,73.2,-1151.68,-1195.6,122,761.28,902.8,863.76
151.28,107.36,-43.92,-126.88,97.6,29.28,-1054.08,-1215.12,-341.6,175.68,414.8,527.04
14.64,14.64,0,-14.64,4.88,4.88,-893.04,-1127.28,-605.12,-214.72,14.64,200.08
-78.08,-58.56,19.52,68.32,-48.8,-19.52,-717.36,-936.96,-629.52,-400.16,-239.12,-73.2
-92.72,-78.08,14.64,87.84,-53.68,-34.16,-575.84,-756.4,-561.2,-414.8,-292.8,-146.4
-87.84,-78.08,9.76,82.96,-48.8,-34.16,-483.12,-629.52,-468.48,-370.88,-268.4,-156.16
-92.72,-78.08,14.64,87.84,-53.68,-34.16,-395.28,-522.16,-395.28,-307.44,-234.24,-151.28
-92.72,-78.08,14.64,87.84,-53.68,-34.16,-322.08,-439.2,-331.84,-268.4,-209.84,-141.52
-82.96,-63.44,19.52,73.2,-53.68,-24.4,-263.52,-361.12,-278.16,-229.36,-175.68,-122
-68.32,-58.56,9.76,63.44,-39.04,-24.4,-209.84,-283.04,-234.24,-195.2,-156.16,-107.36
-58.56,-53.68,4.88,58.56,-34.16,-24.4,-151.28,-204.96,-175.68,-165.92,-136.64,-97.6
-58.56,-48.8,9.76,53.68,-34.16,-19.52,-107.36,-146.4,-141.52,-141.52,-117.12,-92.72
-63.44,-58.56,4.88,63.44,-34.16,-29.28,-73.2,-102.48,-126.88,-131.76,-112.24,-92.72
-58.56,-53.68,4.88,58.56,-34.16,-24.4,-43.92,-68.32,-107.36,-126.88,-107.36,-92.72
-48.8,-58.56,-9.76,53.68,-19.52,-34.16,-24.4,-53.68,-107.36,-126.88,-117.12,-102.48
-53.68,-63.44,-9.76,58.56,-24.4,-39.04,-14.64,-39.04,-97.6,-126.88,-117.12,-107.36
-43.92,-58.56,-14.64,53.68,-14.64,-39.04,4.88,-29.28,-92.72,-122,-112.24,-102.48
-48.8,-48.8,0,48.8,-24.4,-24.4,9.76,-14.64,-82.96,-122,-112.24,-102.48
-39.04,-39.04,0,39.04,-19.52,-19.52,14.64,-4.88,-82.96,-112.24,-107.36,-97.6
-43.92,-39.04,4.88,43.92,-24.4,-19.52,19.52,4.88,-87.84,-117.12,-112.24,-97.6
-48.8,-43.92,4.88,48.8,-29.28,-19.52,24.4,4.88,-92.72,-131.76,-117.12,-97.6
-53.68,-43.92,9.76,48.8,-34.16,-19.52,29.28,14.64,-87.84,-131.76,-122,-97.6
-58.56,-53.68,4.88,58.56,-34.16,-24.4,29.28,14.64,-87.84,-131.76,-126.88,-102.48
-58.56,-68.32,-9.76,63.44,-24.4,-39.04,29.28,24.4,-87.84,-146.4,-136.64,-107.36
-53.68,-63.44,-9.76,58.56,-24.4,-39.04,39.04,24.4,-82.96,-141.52,-131.76,-107.36
-58.56,-68.32,-9.76,63.44,-24.4,-39.04,43.92,29.28,-78.08,-136.64,-136.64,-107.36
-48.8,-63.44,-14.64,58.56,-19.52,-39.04,39.04,24.4,-78.08,-136.64,-136.64,-112.24
-43.92,-53.68,-9.76,48.8,-19.52,-34.16,43.92,34.16,-73.2,-131.76,-126.88,-102.48
-39.04,-43.92,-4.88,43.92,-19.52,-24.4,48.8,34.16,-68.32,-122,-122,-92.72
-24.4,-34.16,-9.76,29.28,-9.76,-24.4,53.68,43.92,-73.2,-122,-117.12,-92.72
-34.16,-39.04,-4.88,39.04,-14.64,-24.4,43.92,34.16,-78.08,-131.76,-126.88,-92.72
-58.56,-53.68,4.88,58.56,-34.16,-24.4,48.8,39.04,-78.08,-131.76,-126.88,-97.6
-43.92,-53.68,-9.76,48.8,-19.52,-34.16,48.8,39.04,-78.08,-126.88,-122,-97.6
-43.92,-58.56,-14.64,53.68,-14.64,-39.04,48.8,48.8,-78.08,-131.76,-126.88,-102.48
-48.8,-58.56,-9.76,53.68,-19.52,-34.16,53.68,48.8,-73.2,-131.76,-122,-102.48
-48.8,-53.68,-4.88,53.68,-24.4,-29.28,48.8,43.92,-73.2,-131.76,-131.76,-107.36
-48.8,-63.44,-14.64,58.56,-19.52,-39.04,53.68,39.04,-73.2,-131.76,-131.76,-107.36
-43.92,-53.68,-9.76,48.8,-19.52,-34.16,48.8,43.92,-68.32,-126.88,-126.88,-102.48
-39.04,-48.8,-9.76,43.92,-14.64,-29.28,58.56,43.92,-68.32,-122,-122,-97.6
-34.16,-43.92,-9.76,39.04,-14.64,-29.28,58.56,48.8,-68.32,-126.88,-117.12,-97.6
-29.28,-39.04,-9.76,34.16,-9.76,-24.4,53.68,48.8,-73.2,-131.76,-122,-97.6
-43.92,-34.16,9.76,39.04,-29.28,-14.64,53.68,53.68,-73.2,-131.76,-122,-102.48
-43.92,-39.04,4.88,43.92,-24.4,-19.52,53.68,48.8,-78.08,-131.76,-126.88,-107.36
-43.92,-48.8,-4.88,48.8,-19.52,-29.28,58.56,58.56,-73.2,-131.76,-122,-107.36
-43.92,-53.68,-9.76,48.8,-19.52,-34.16,53.68,53.68,-73.2,-131.76,-126.88,-107.36
-39.04,-43.92,-4.88,43.92,-19.52,-24.4,58.56,53.68,-78.08,-131.76,-126.88,-107.36
-39.04,-53.68,-14.64,48.8,-14.64,-34.16,58.56,48.8,-73.2,-131.76,-126.88,-102.48
-43.92,-48.8,-4.88,48.8,-19.52,-29.28,53.68,48.8,-73.2,-131.76,-126.88,-102.48
-39.04,-43.92,-4.88,43.92,-19.52,-24.4,53.68,43.92,-68.32,-126.88,-117.12,-87.84
-39.04,-43.92,-4.88,43.92,-19.52,-24.4,48.8,43.92,-78.08,-126.88,-117.12,-87.84
-39.04,-48.8,-9.76,43.92,-14.64,-29.28,53.68,48.8,-73.2,-122,-117.12,-87.84
-43.92,-43.92,0,43.92,-24.4,-24.4,53.68,53.68,-73.2,-122,-117.12,-92.72
-48.8,-43.92,4.88,48.8,-29.28,-19.52,53.68,48.8,-78.08,-126.88,-117.12,-92.72
-43.92,-48.8,-4.88,48.8,-19.52,-29.28,53.68,53.68,-78.08,-131.76,-122,-97.6
-48.8,-48.8,0,48.8,-24.4,-24.4,53.68,48.8,-73.2,-126.88,-122,-97.6
-48.8,-48.8,0,48.8,-24.4,-24.4,53.68,48.8,-68.32,-126.88,-126.88,-92.72
-43.92,-43.92,0,43.92,-24.4,-24.4,58.56,48.8,-68.32,-126.88,-122,-87.84
-48.8,-48.8,0,48.8,-24.4,-24.4,53.68,48.8,-63.44,-126.88,-126.88,-92.72
-43.92,-43.92,0,43.92,-24.4,-24.4,63.44,58.56,-58.56,-117.12,-117.12,-78.08
-43.92,-43.92,0,43.92,-24.4,-24.4,63.44,58.56,-63.44,-117.12,-117.12,-73.2
-48.8,-48.8,0,48.8,-24.4,-24.4,53.68,53.68,-68.32,-122,-122,-82.96
-48.8,-43.92,4.88,48.8,-29.28,-19.52,63.44,63.44,-63.44,-117.12,-122,-78.08
-43.92,-39.04,4.88,43.92,-24.4,-19.52,53.68,53.68,-73.2,-122,-126.88,-78.08
-43.92,-43.92,0,43.92,-24.4,-24.4,53.68,68.32,-73.2,-122,-126.88,-78.08
-39.04,-39.04,0,39.04,-19.52,-19.52,53.68,63.44,-68.32,-122,-126.88,-78.08
-43.92,-43.92,0,43.92,-24.4,-24.4,58.56,63.44,-63.44,-117.12,-126.88,-73.2
-34.16,-43.92,-9.76,39.04,-14.64,-29.28,58.56,63.44,-58.56,-112.24,-126.88,-73.2
-34.16,-39.04,-4.88,39.04,-14.64,-24.4,63.44,68.32,-43.92,-107.36,-117.12,-63.44
-34.16,-39.04,-4.88,39.04,-14.64,-24.4,63.44,68.32,-43.92,-102.48,-112.24,-58.56
-29.28,-29.28,0,29.28,-14.64,-14.64,68.32,68.32,-48.8,-107.36,-112.24,-53.68
-29.28,-34.16,-4.88,34.16,-14.64,-19.52,58.56,73.2,-58.56,-112.24,-117.12,-63.44
-39.04,-34.16,4.88,39.04,-24.4,-14.64,68.32,78.08,-53.68,-107.36,-112.24,-58.56
-34.16,-34.16,0,34.16,-19.52,-19.52,63.44,73.2,-58.56,-112.24,-122,-63.44
-39.04,-39.04,0,39.04,-19.52,-19.52,63.44,78.08,-53.68,-117.12,-122,-68.32
-34.16,-39.04,-4.88,39.04,-14.64,-24.4,68.32,78.08,-48.8,-112.24,-117.12,-63.44
-29.28,-34.16,-4.88,34.16,-14.64,-19.52,63.44,73.2,-53.68,-112.24,-122,-68.32
-29.28,-29.28,0,29.28,-14.64,-14.64,63.44,78.08,-53.68,-112.24,-122,-68.32
-24.4,-29.28,-4.88,29.28,-9.76,-19.52,63.44,82.96,-48.8,-107.36,-117.12,-68.32
-29.28,-24.4,4.88,29.28,-19.52,-9.76,63.44,78.08,-53.68,-102.48,-112.24,-68.32
-39.04,-34.16,4.88,39.04,-24.4,-14.64,58.56,78.08,-48.8,-97.6,-112.24,-68.32
-34.16,-34.16,0,34.16,-19.52,-19.52,58.56,82.96,-48.8,-102.48,-107.36,-68.32
-39.04,-39.04,0,39.04,-19.52,-19.52,53.68,78.08,-58.56,-107.36,-112.24,-78.08
-39.04,-29.28,9.76,34.16,-24.4,-9.76,58.56,82.96,-58.56,-107.36,-112.24,-73.2
-39.04,-39.04,0,39.04,-19.52,-19.52,53.68,82.96,-53.68,-112.24,-122,-82.96
-48.8,-39.04,9.76,43.92,-29.28,-14.64,58.56,82.96,-48.8,-107.36,-117.12,-82.96
-39.04,-29.28,9.76,34.16,-24.4,-9.76,58.56,82.96,-48.8,-107.36,-112.24,-82.96
-43.92,-34.16,9.76,39.04,-29.28,-14.64,53.68,78.08,-53.68,-102.48,-107.36,-82.96
-39.04,-29.28,9.76,34.16,-24.4,-9.76,58.56,82.96,-48.8,-92.72,-107.36,-73.2
-39.04,-19.52,19.52,29.28,-29.28,0,63.44,82.96,-43.92,-82.96,-97.6,-63.44
-39.04,-19.52,19.52,29.28,-29.28,0,58.56,82.96,-43.92,-82.96,-97.6,-63.44
-39.04,-19.52,19.52,29.28,-29.28,0,58.56,87.84,-43.92,-82.96,-92.72,-58.56
-43.92,-24.4,19.52,34.16,-34.16,-4.88,63.44,92.72,-43.92,-82.96,-97.6,-58.56
-43.92,-24.4,19.52,34.16,-34.16,-4.88,58.56,92.72,-43.92,-82.96,-97.6,-58.56
-39.04,-24.4,14.64,34.16,-29.28,-4.88,53.68,97.6,-43.92,-92.72,-102.48,-63.44
-48.8,-29.28,19.52,39.04,-34.16,-4.88,58.56,97.6,-39.04,-87.84,-102.48,-63.44
-43.92,-24.4,19.52,34.16,-34.16,-4.88,58.56,102.48,-34.16,-82.96,-97.6,-58.56
-43.92,-19.52,24.4,34.16,-34.16,0,63.44,97.6,-29.28,-82.96,-92.72,-53.68
-39.04,-19.52,19.52,29.28,-29.28,0,58.56,97.6,-29.28,-82.96,-92.72,-53.68
-34.16,-9.76,24.4,24.4,-29.28,4.88,63.44,102.48,-24.4,-68.32,-82.96,-43.92
-34.16,-4.88,29.28,19.52,-34.16,9.76,53.68,97.6,-24.4,-73.2,-82.96,-48.8
-39.04,-4.88,34.16,24.4,-39.04,14.64,58.56,102.48,-24.4,-68.32,-87.84,-43.92
-24.4,0,24.4,14.64,-24.4,9.76,53.68,107.36,-29.28,-73.2,-87.84,-48.8
-29.28,0,29.28,14.64,-29.28,14.64,58.56,107.36,-24.4,-68.32,-87.84,-48.8
-34.16,-9.76,24.4,24.4,-29.28,4.88,58.56,112.24,-14.64,-68.32,-87.84,-53.68
-39.04,-4.88,34.16,24.4,-39.04,14.64,63.44,117.12,-14.64,-58.56,-82.96,-48.8
-39.04,-9.76,29.28,24.4,-34.16,9.76,63.44,112.24,-14.64,-63.44,-82.96,-53.68
-29.28,-4.88,24.4,19.52,-29.28,9.76,63.44,112.24,-9.76,-53.68,-73.2,-48.8
-29.28,0,29.28,14.64,-29.28,14.64,63.44,122,0,-48.8,-63.44,-39.04
-29.28,9.76,39.04,9.76,-34.16,24.4,63.44,117.12,0,-39.04,-53.68,-34.16
-19.52,9.76,29.28,4.88,-24.4,19.52,58.56,122,9.76,-29.28,-43.92,-29.28
-19.52,9.76,29.28,4.88,-24.4,19.52,53.68,126.88,9.76,-34.16,-48.8,-34.16
-19.52,14.64,34.16,4.88,-29.28,24.4,58.56,131.76,14.64,-29.28,-43.92,-34.16
-14.64,19.52,34.16,0,-24.4,24.4,58.56,131.76,14.64,-24.4,-43.92,-34.16
-14.64,14.64,29.28,0,-24.4,19.52,58.56,136.64,19.52,-29.28,-43.92,-39.04
-14.64,19.52,34.16,0,-24.4,24.4,63.44,141.52,19.52,-19.52,-43.92,-39.04
-19.52,14.64,34.16,4.88,-29.28,24.4,63.44,146.4,29.28,-19.52,-34.16,-29.28
-14.64,19.52,34.16,0,-24.4,24.4,63.44,136.64,34.16,-9.76,-34.16,-29.28
-9.76,34.16,43.92,-9.76,-29.28,39.04,63.44,146.4,43.92,-4.88,-24.4,-24.4
-19.52,29.28,48.8,-4.88,-34.16,39.04,68.32,146.4,48.8,9.76,-9.76,-9.76
-9.76,24.4,34.16,-4.88,-24.4,29.28,58.56,146.4,53.68,4.88,-9.76,-9.76
-9.76,34.16,43.92,-9.76,-29.28,39.04,63.44,161.04,58.56,19.52,0,-4.88
-9.76,39.04,48.8,-14.64,-29.28,43.92,58.56,161.04,58.56,24.4,0,-4.88
0,43.92,43.92,-19.52,-24.4,43.92,63.44,165.92,63.44,24.4,4.88,0
0,39.04,39.04,-19.52,-19.52,39.04,63.44,180.56,78.08,29.28,4.88,0
-4.88,48.8,53.68,-19.52,-29.28,48.8,63.44,175.68,78.08,39.04,9.76,4.88
4.88,48.8,43.92,-24.4,-19.52,43.92,63.44,180.56,92.72,53.68,29.28,19.52
0,48.8,48.8,-24.4,-24.4,48.8,63.44,175.68,97.6,63.44,34.16,24.4
4.88,63.44,58.56,-34.16,-29.28,58.56,63.44,185.44,107.36,68.32,43.92,34.16
9.76,68.32,58.56,-39.04,-24.4,63.44,63.44,190.32,117.12,82.96,58.56,43.92
9.76,68.32,58.56,-39.04,-24.4,63.44,53.68,195.2,122,92.72,63.44,48.8
14.64,73.2,58.56,-43.92,-24.4,63.44,58.56,204.96,126.88,97.6,73.2,58.56
9.76,78.08,68.32,-43.92,-29.28,73.2,58.56,214.72,131.76,107.36,82.96,63.44
19.52,87.84,68.32,-53.68,-24.4,78.08,58.56,209.84,131.76,112.24,82.96,63.44
34.16,87.84,53.68,-58.56,-9.76,68.32,58.56,219.6,151.28,122,92.72,73.2
29.28,92.72,63.44,-58.56,-19.52,78.08,58.56,224.48,161.04,136.64,102.48,82.96
39.04,102.48,63.44,-68.32,-14.64,82.96,48.8,219.6,165.92,136.64,112.24,92.72
48.8,112.24,63.44,-78.08,-9.76,87.84,53.68,229.36,180.56,165.92,126.88,107.36
43.92,112.24,68.32,-78.08,-14.64,87.84,48.8,234.24,195.2,170.8,136.64,117.12
53.68,122,68.32,-87.84,-9.76,92.72,53.68,234.24,200.08,190.32,161.04,131.76
53.68,126.88,73.2,-87.84,-9.76,97.6,48.8,244,209.84,204.96,175.68,141.52
58.56,131.76,73.2,-92.72,-9.76,102.48,48.8,248.88,209.84,204.96,175.68,146.4
58.56,136.64,78.08,-97.6,-9.76,107.36,48.8,253.76,224.48,219.6,185.44,151.28
53.68,141.52,87.84,-97.6,-19.52,112.24,43.92,253.76,229.36,234.24,195.2,161.04
68.32,146.4,78.08,-107.36,-4.88,112.24,43.92,258.64,239.12,244,200.08,170.8
63.44,151.28,87.84,-107.36,-14.64,117.12,43.92,258.64,248.88,258.64,214.72,175.68
68.32,151.28,82.96,-107.36,-9.76,117.12,39.04,258.64,253.76,258.64,224.48,180.56
73.2,161.04,87.84,-117.12,-9.76,122,39.04,263.52,273.28,278.16,239.12,195.2
78.08,170.8,92.72,-122,-9.76,131.76,39.04,263.52,278.16,287.92,244,204.96
82.96,175.68,92.72,-126.88,-4.88,131.76,43.92,263.52,283.04,302.56,258.64,214.72
82.96,180.56,97.6,-131.76,-9.76,136.64,34.16,263.52,292.8,307.44,278.16,224.48
82.96,175.68,92.72,-126.88,-4.88,131.76,34.16,268.4,297.68,312.32,278.16,229.36
87.84,180.56,92.72,-131.76,-4.88,136.64,34.16,273.28,297.68,326.96,287.92,234.24
82.96,185.44,102.48,-131.76,-9.76,141.52,29.28,268.4,302.56,326.96,292.8,239.12
92.72,180.56,87.84,-136.64,0,131.76,24.4,268.4,302.56,322.08,283.04,234.24
92.72,185.44,92.72,-136.64,0,136.64,29.28,273.28,307.44,341.6,297.68,244
97.6,195.2,97.6,-146.4,0,146.4,29.28,273.28,317.2,346.48,307.44,253.76
102.48,200.08,97.6,-151.28,0,146.4,29.28,273.28,326.96,361.12,317.2,268.4
107.36,204.96,97.6,-156.16,4.88,151.28,29.28,273.28,331.84,361.12,322.08,268.4
107.36,209.84,102.48,-156.16,0,156.16,34.16,268.4,331.84,375.76,336.72,278.16
112.24,209.84,97.6,-161.04,4.88,151.28,24.4,268.4,336.72,370.88,336.72,283.04
107.36,209.84,102.48,-156.16,0,156.16,24.4,268.4,331.84,375.76,336.72,287.92
112.24,214.72,102.48,-161.04,4.88,156.16,24.4,263.52,326.96,375.76,336.72,283.04
117.12,219.6,102.48,-165.92,4.88,161.04,24.4,263.52,331.84,380.64,341.6,287.92
112.24,214.72,102.48,-161.04,4.88,156.16,14.64,253.76,331.84,366,331.84,273.28
112.24,214.72,102.48,-161.04,4.88,156.16,24.4,258.64,331.84,375.76,336.72,283.04
117.12,214.72,97.6,-165.92,9.76,156.16,19.52,253.76,326.96,370.88,336.72,283.04
107.36,209.84,102.48,-156.16,0,156.16,19.52,244,331.84,370.88,331.84,283.04
117.12,214.72,97.6,-165.92,9.76,156.16,29.28,248.88,336.72,370.88,331.84,283.04
112.24,209.84,97.6,-161.04,4.88,151.28,29.28,239.12,322.08,370.88,326.96,283.04
112.24,209.84,97.6,-161.04,4.88,151.28,29.28,239.12,317.2,356.24,317.2,278.16
117.12,209.84,92.72,-161.04,9.76,151.28,34.16,234.24,312.32,351.36,312.32,268.4
112.24,200.08,87.84,-156.16,9.76,141.52,24.4,229.36,292.8,326.96,292.8,253.76
92.72,175.68,82.96,-131.76,4.88,126.88,24.4,214.72,283.04,317.2,273.28,239.12
92.72,170.8,78.08,-131.76,4.88,122,29.28,209.84,273.28,297.68,258.64,229.36
87.84,165.92,78.08,-126.88,4.88,122,29.28,190.32,258.64,273.28,239.12,209.84
87.84,156.16,68.32,-122,9.76,112.24,29.28,185.44,253.76,263.52,229.36,204.96
78.08,151.28,73.2,-112.24,0,112.24,34.16,175.68,244,253.76,219.6,195.2
78.08,146.4,68.32,-112.24,4.88,107.36,39.04,175.68,239.12,248.88,209.84,190.32
82.96,146.4,63.44,-112.24,9.76,102.48,34.16,165.92,214.72,234.24,200.08,175.68
73.2,126.88,53.68,-97.6,9.76,87.84,29.28,151.28,200.08,214.72,185.44,161.04
68.32,122,53.68,-92.72,4.88,87.84,34.16,146.4,195.2,209.84,175.68,156.16
63.44,112.24,48.8,-87.84,4.88,78.08,34.16,141.52,180.56,190.32,165.92,146.4
53.68,97.6,43.92,-73.2,4.88,68.32,29.28,136.64,165.92,180.56,146.4,136.64
53.68,92.72,39.04,-73.2,4.88,63.44,24.4,122,156.16,156.16,126.88,117.12
39.04,87.84,48.8,-63.44,-4.88,68.32,29.28,107.36,146.4,151.28,112.24,107.36
39.04,78.08,39.04,-58.56,0,58.56,24.4,97.6,126.88,126.88,97.6,97.6
43.92,78.08,34.16,-58.56,4.88,53.68,24.4,87.84,122,117.12,87.84,87.84
29.28,63.44,34.16,-43.92,-4.88,48.8,29.28,82.96,117.12,107.36,78.08,78.08
29.28,63.44,34.16,-43.92,-4.88,48.8,34.16,68.32,102.48,97.6,68.32,68.32
29.28,58.56,29.28,-43.92,0,43.92,24.4,63.44,92.72,87.84,58.56,63.44
24.4,48.8,24.4,-34.16,0,34.16,29.28,58.56,82.96,78.08,58.56,58.56
24.4,43.92,19.52,-34.16,0,29.28,29.28,53.68,78.08,68.32,53.68,53.68
19.52,39.04,19.52,-29.28,0,29.28,29.28,43.92,58.56,58.56,34.16,39.04
14.64,24.4,9.76,-19.52,0,14.64,24.4,43.92,58.56,48.8,24.4,29.28
14.64,24.4,9.76,-19.52,0,14.64,24.4,34.16,48.8,43.92,19.52,14.64
0,14.64,14.64,-4.88,-9.76,14.64,19.52,24.4,39.04,39.04,9.76,9.76
4.88,14.64,9.76,-9.76,-4.88,9.76,24.4,19.52,39.04,29.28,4.88,9.76
0,9.76,9.76,-4.88,-4.88,9.76,24.4,19.52,39.04,29.28,0,4.88
-4.88,4.88,9.76,0,-9.76,4.88,24.4,4.88,19.52,19.52,-4.88,-4.88
-4.88,4.88,9.76,0,-9.76,4.88,24.4,4.88,14.64,14.64,-9.76,-4.88
-4.88,4.88,9.76,0,-9.76,4.88,24.4,4.88,14.64,9.76,-9.76,-4.88
-4.88,4.88,9.76,0,-9.76,4.88,19.52,0,9.76,4.88,-14.64,-9.76
-4.88,-4.88,0,4.88,-4.88,-4.88,24.4,0,4.88,9.76,-14.64,-9.76
-9.76,-14.64,-4.88,14.64,-4.88,-9.76,24.4,0,4.88,-4.88,-29.28,-19.52
-9.76,-9.76,0,9.76,-4.88,-4.88,29.28,0,0,0,-19.52,-14.64
-9.76,-14.64,-4.88,14.64,-4.88,-9.76,24.4,-4.88,0,-4.88,-24.4,-14.64
-19.52,-19.52,0,19.52,-9.76,-9.76,24.4,-14.64,0,0,-29.28,-14.64
-14.64,-24.4,-9.76,19.52,-4.88,-19.52,24.4,-9.76,0,-4.88,-34.16,-14.64
-14.64,-24.4,-9.76,19.52,-4.88,-19.52,19.52,-19.52,-9.76,-4.88,-34.16,-19.52
-14.64,-24.4,-9.76,19.52,-4.88,-19.52,14.64,-19.52,-14.64,-9.76,-39.04,-19.52
-9.76,-19.52,-9.76,14.64,0,-14.64,19.52,-14.64,-14.64,-4.88,-29.28,-19.52
-14.64,-24.4,-9.76,19.52,-4.88,-19.52,14.64,-24.4,-19.52,-19.52,-39.04,-24.4
-4.88,-29.28,-24.4,19.52,9.76,-29.28,19.52,-14.64,-19.52,-14.64,-34.16,-19.52
-9.76,-39.04,-29.28,24.4,9.76,-34.16,14.64,-14.64,-14.64,-19.52,-43.92,-24.4
-9.76,-34.16,-24.4,24.4,4.88,-29.28,19.52,-19.52,-24.4,-19.52,-43.92,-29.28
-9.76,-34.16,-24.4,24.4,4.88,-29.28,19.52,-14.64,-14.64,-19.52,-43.92,-24.4
-9.76,-34.16,-24.4,24.4,4.88,-29.28,19.52,-14.64,-14.64,-14.64,-43.92,-24.4
-9.76,-39.04,-29.28,24.4,9.76,-34.16,19.52,-19.52,-14.64,-24.4,-43.92,-24.4
-14.64,-34.16,-19.52,24.4,0,-29.28,19.52,-19.52,-19.52,-19.52,-34.16,-24.4
-19.52,-43.92,-24.4,34.16,0,-34.16,14.64,-19.52,-19.52,-24.4,-43.92,-29.28
-19.52,-39.04,-19.52,29.28,0,-29.28,19.52,-14.64,-19.52,-24.4,-43.92,-24.4
-24.4,-43.92,-19.52,34.16,-4.88,-34.16,14.64,-24.4,-24.4,-34.16,-48.8,-29.28
-29.28,-53.68,-24.4,43.92,-4.88,-39.04,9.76,-19.52,-29.28,-34.16,-53.68,-34.16
-19.52,-48.8,-29.28,34.16,4.88,-39.04,9.76,-19.52,-24.4,-39.04,-63.44,-39.04
-19.52,-48.8,-29.28,34.16,4.88,-39.04,14.64,-19.52,-29.28,-34.16,-58.56,-39.04
-24.4,-58.56,-34.16,43.92,4.88,-48.8,14.64,-19.52,-24.4,-34.16,-53.68,-34.16
-19.52,-53.68,-34.16,39.04,4.88,-43.92,14.64,-19.52,-19.52,-34.16,-48.8,-34.16
-29.28,-58.56,-29.28,43.92,0,-43.92,19.52,-14.64,-14.64,-29.28,-48.8,-29.28
-29.28,-53.68,-24.4,43.92,-4.88,-39.04,19.52,-14.64,-19.52,-24.4,-43.92,-24.4
-29.28,-58.56,-29.28,43.92,0,-43.92,14.64,-14.64,-19.52,-34.16,-43.92,-29.28
-34.16,-58.56,-24.4,48.8,-4.88,-43.92,19.52,-9.76,-19.52,-24.4,-39.04,-24.4
-29.28,-53.68,-24.4,43.92,-4.88,-39.04,24.4,-14.64,-19.52,-34.16,-39.04,-24.4
-34.16,-63.44,-29.28,48.8,-4.88,-48.8,19.52,-9.76,-24.4,-29.28,-43.92,-24.4
-34.16,-63.44,-29.28,48.8,-4.88,-48.8,19.52,-4.88,-24.4,-39.04,-48.8,-29.28
-29.28,-58.56,-29.28,43.92,0,-43.92,19.52,-4.88,-24.4,-39.04,-48.8,-34.16
-34.16,-63.44,-29.28,48.8,-4.88,-48.8,19.52,-4.88,-19.52,-39.04,-53.68,-39.04
-24.4,-58.56,-34.16,43.92,4.88,-48.8,29.28,-4.88,-14.64,-39.04,-48.8,-34.16
-29.28,-58.56,-29.28,43.92,0,-43.92,24.4,0,-19.52,-39.04,-48.8,-39.04
-39.04,-58.56,-19.52,48.8,-9.76,-39.04,29.28,0,-14.64,-34.16,-48.8,-29.28
-39.04,-53.68,-14.64,48.8,-14.64,-34.16,29.28,4.88,-14.64,-34.16,-48.8,-34.16
-39.04,-48.8,-9.76,43.92,-14.64,-29.28,24.4,4.88,-14.64,-34.16,-48.8,-34.16
-43.92,-53.68,-9.76,48.8,-19.52,-34.16,34.16,9.76,-14.64,-34.16,-43.92,-34.16
-39.04,-53.68,-14.64,48.8,-14.64,-34.16,29.28,4.88,-19.52,-39.04,-53.68,-39.04
-43.92,-63.44,-19.52,53.68,-14.64,-43.92,29.28,9.76,-24.4,-39.04,-53.68,-43.92
-43.92,-53.68,-9.76,48.8,-19.52,-34.16,43.92,14.64,-19.52,-39.04,-48.8,-43.92
-43.92,-53.68,-9.76,48.8,-19.52,-34.16,39.04,14.64,-19.52,-39.04,-53.68,-48.8
-43.92,-48.8,-4.88,48.8,-19.52,-29.28,34.16,14.64,-19.52,-43.92,-53.68,-48.8
-34.16,-48.8,-14.64,43.92,-9.76,-34.16,48.8,24.4,-14.64,-34.16,-43.92,-43.92
-43.92,-53.68,-9.76,48.8,-19.52,-34.16,43.92,19.52,-9.76,-34.16,-48.8,-39.04
-39.04,-53.68,-14.64,48.8,-14.64,-34.16,48.8,29.28,-9.76,-29.28,-43.92,-39.04
-34.16,-43.92,-9.76,39.04,-14.64,-29.28,48.8,29.28,-4.88,-34.16,-43.92,-43.92
-43.92,-53.68,-9.76,48.8,-19.52,-34.16,53.68,34.16,-4.88,-34.16,-48.8,-43.92
-39.04,-48.8,-9.76,43.92,-14.64,-29.28,48.8,29.28,-4.88,-29.28,-53.68,-43.92
-48.8,-58.56,-9.76,53.68,-19.52,-34.16,48.8,29.28,-9.76,-34.16,-58.56,-48.8
-53.68,-53.68,0,53.68,-29.28,-29.28,48.8,29.28,-4.88,-43.92,-58.56,-48.8
-48.8,-48.8,0,48.8,-24.4,-24.4,48.8,29.28,-4.88,-39.04,-58.56,-53.68
-43.92,-48.8,-4.88,48.8,-19.52,-29.28,53.68,34.16,0,-39.04,-63.44,-53.68
-48.8,-48.8,0,48.8,-24.4,-24.4,53.68,34.16,-4.88,-39.04,-58.56,-48.8
-43.92,-43.92,0,43.92,-24.4,-24.4,58.56,34.16,4.88,-34.16,-53.68,-43.92
-43.92,-39.04,4.88,43.92,-24.4,-19.52,48.8,34.16,-4.88,-39.04,-63.44,-48.8
-34.16,-29.28,4.88,34.16,-19.52,-14.64,53.68,39.04,0,-39.04,-58.56,-48.8
-43.92,-29.28,14.64,39.04,-29.28,-9.76,53.68,39.04,0,-39.04,-53.68,-48.8
-43.92,-34.16,9.76,39.04,-29.28,-14.64,48.8,39.04,0,-39.04,-58.56,-53.68
-39.04,-29.28,9.76,34.16,-24.4,-9.76,48.8,39.04,-4.88,-43.92,-63.44,-58.56
-43.92,-34.16,9.76,39.04,-29.28,-14.64,48.8,39.04,0,-39.04,-63.44,-53.68
-39.04,-29.28,9.76,34.16,-24.4,-9.76,53.68,34.16,0,-34.16,-63.44,-53.68
-34.16,-29.28,4.88,34.16,-19.52,-14.64,53.68,39.04,4.88,-34.16,-58.56,-53.68
-43.92,-29.28,14.64,39.04,-29.28,-9.76,53.68,39.04,0,-34.16,-58.56,-48.8
-43.92,-24.4,19.52,34.16,-34.16,-4.88,53.68,43.92,4.88,-29.28,-58.56,-48.8
-43.92,-24.4,19.52,34.16,-34.16,-4.88,58.56,48.8,4.88,-29.28,-53.68,-48.8
-39.04,-19.52,19.52,29.28,-29.28,0,63.44,48.8,4.88,-34.16,-53.68,-43.92
-29.28,-14.64,14.64,24.4,-24.4,0,53.68,43.92,0,-39.04,-58.56,-53.68
-39.04,-9.76,29.28,24.4,-34.16,9.76,63.44,48.8,4.88,-34.16,-58.56,-53.68
-34.16,-9.76,24.4,24.4,-29.28,4.88,58.56,43.92,0,-39.04,-63.44,-53.68
-34.16,-4.88,29.28,19.52,-34.16,9.76,58.56,48.8,9.76,-34.16,-58.56,-48.8
-39.04,-14.64,24.4,29.28,-34.16,4.88,58.56,48.8,9.76,-29.28,-58.56,-43.92
-34.16,-9.76,24.4,24.4,-29.28,4.88,63.44,48.8,4.88,-29.28,-58.56,-43.92
-39.04,-14.64,24.4,29.28,-34.16,4.88,63.44,48.8,9.76,-29.28,-48.8,-34.16
-39.04,-14.64,24.4,29.28,-34.16,4.88,63.44,43.92,14.64,-24.4,-48.8,-29.28
-39.04,-14.64,24.4,29.28,-34.16,4.88,68.32,48.8,14.64,-19.52,-43.92,-24.4
-34.16,-14.64,19.52,24.4,-29.28,0,68.32,53.68,14.64,-19.52,-39.04,-24.4
-29.28,-9.76,19.52,19.52,-24.4,4.88,63.44,48.8,14.64,-14.64,-34.16,-19.52
-29.28,-14.64,14.64,24.4,-24.4,0,63.44,48.8,14.64,-19.52,-43.92,-24.4
-34.16,-19.52,14.64,29.28,-24.4,-4.88,68.32,53.68,14.64,-19.52,-43.92,-24.4
-24.4,-9.76,14.64,19.52,-19.52,0,68.32,53.68,19.52,-19.52,-43.92,-24.4
-24.4,-14.64,9.76,19.52,-19.52,-4.88,63.44,48.8,19.52,-19.52,-48.8,-24.4
-24.4,-14.64,9.76,19.52,-19.52,-4.88,63.44,43.92,19.52,-19.52,-48.8,-24.4
-24.4,-9.76,14.64,19.52,-19.52,0,58.56,43.92,19.52,-24.4,-43.92,-24.4
-29.28,-9.76,19.52,19.52,-24.4,4.88,53.68,34.16,14.64,-29.28,-48.8,-24.4
-29.28,-9.76,19.52,19.52,-24.4,4.88,63.44,39.04,14.64,-19.52,-43.92,-19.52
-24.4,-4.88,19.52,14.64,-24.4,4.88,58.56,43.92,14.64,-24.4,-39.04,-19.52
-34.16,-14.64,19.52,24.4,-29.28,0,58.56,43.92,14.64,-24.4,-34.16,-14.64
-24.4,-14.64,9.76,19.52,-19.52,-4.88,53.68,43.92,9.76,-19.52,-39.04,-19.52
-29.28,-9.76,19.52,19.52,-24.4,4.88,58.56,39.04,9.76,-24.4,-43.92,-19.52
-19.52,-9.76,9.76,14.64,-14.64,0,53.68,34.16,4.88,-29.28,-48.8,-24.4
-19.52,-4.88,14.64,14.64,-19.52,4.88,58.56,43.92,9.76,-24.4,-43.92,-24.4
-19.52,-9.76,9.76,14.64,-14.64,0,48.8,39.04,9.76,-29.28,-48.8,-24.4
-19.52,-4.88,14.64,14.64,-19.52,4.88,53.68,39.04,4.88,-29.28,-43.92,-19.52
-19.52,-9.76,9.76,14.64,-14.64,0,48.8,34.16,4.88,-29.28,-43.92,-19.52
-19.52,-9.76,9.76,14.64,-14.64,0,43.92,29.28,-4.88,-34.16,-43.92,-24.4
-24.4,-4.88,19.52,14.64,-24.4,4.88,43.92,34.16,4.88,-29.28,-39.04,-19.52
-24.4,-4.88,19.52,14.64,-24.4,4.88,39.04,24.4,-4.88,-29.28,-43.92,-24.4
-24.4,0,24.4,14.64,-24.4,9.76,34.16,24.4,-4.88,-34.16,-43.92,-29.28
-14.64,0,14.64,9.76,-14.64,4.88,34.16,24.4,-9.76,-39.04,-48.8,-29.28
-14.64,-9.76,4.88,14.64,-9.76,-4.88,39.04,19.52,-14.64,-39.04,-53.68,-34.16
-4.88,-4.88,0,4.88,-4.88,-4.88,43.92,19.52,-9.76,-39.04,-53.68,-34.16
-14.64,-9.76,4.88,14.64,-9.76,-4.88,39.04,19.52,-14.64,-39.04,-53.68,-34.16
-19.52,-14.64,4.88,19.52,-14.64,-4.88,39.04,14.64,-14.64,-43.92,-53.68,-34.16
-9.76,-9.76,0,9.76,-4.88,-4.88,39.04,14.64,-9.76,-39.04,-53.68,-34.16
-9.76,-19.52,-9.76,14.64,0,-14.64,39.04,19.52,-4.88,-39.04,-53.68,-29.28
-19.52,-19.52,0,19.52,-9.76,-9.76,43.92,19.52,-4.88,-39.04,-53.68,-24.4
-14.64,-19.52,-4.88,19.52,-4.88,-14.64,43.92,9.76,-9.76,-34.16,-53.68,-29.28
-19.52,-29.28,-9.76,24.4,-4.88,-19.52,43.92,9.76,-14.64,-39.04,-53.68,-34.16
-19.52,-24.4,-4.88,24.4,-9.76,-14.64,43.92,14.64,-14.64,-39.04,-53.68,-29.28
-14.64,-24.4,-9.76,19.52,-4.88,-19.52,43.92,14.64,-14.64,-39.04,-53.68,-34.16
-14.64,-24.4,-9.76,19.52,-4.88,-19.52,43.92,9.76,-14.64,-34.16,-53.68,-39.04
-14.64,-19.52,-4.88,19.52,-4.88,-14.64,39.04,4.88,-19.52,-43.92,-58.56,-34.16
-14.64,-24.4,-9.76,19.52,-4.88,-19.52,48.8,9.76,-19.52,-39.04,-58.56,-34.16
-9.76,-19.52,-9.76,14.64,0,-14.64,43.92,9.76,-14.64,-34.16,-53.68,-29.28
-4.88,-9.76,-4.88,9.76,0,-9.76,43.92,9.76,-19.52,-34.16,-58.56,-34.16
-19.52,-19.52,0,19.52,-9.76,-9.76,43.92,9.76,-19.52,-43.92,-58.56,-34.16
-14.64,-19.52,-4.88,19.52,-4.88,-14.64,48.8,4.88,-24.4,-48.8,-63.44,-34.16
-24.4,-19.52,4.88,24.4,-14.64,-9.76,43.92,4.88,-24.4,-43.92,-68.32,-34.16
-24.4,-24.4,0,24.4,-14.64,-14.64,39.04,4.88,-29.28,-48.8,-68.32,-39.04
-19.52,-19.52,0,19.52,-9.76,-9.76,34.16,0,-24.4,-53.68,-73.2,-43.92
-24.4,-29.28,-4.88,29.28,-9.76,-19.52,39.04,0,-29.28,-48.8,-78.08,-43.92
-24.4,-29.28,-4.88,29.28,-9.76,-19.52,39.04,0,-29.28,-53.68,-78.08,-48.8
-24.4,-24.4,0,24.4,-14.64,-14.64,43.92,4.88,-29.28,-53.68,-73.2,-39.04
-24.4,-29.28,-4.88,29.28,-9.76,-19.52,39.04,0,-29.28,-48.8,-68.32,-34.16
-19.52,-19.52,0,19.52,-9.76,-9.76,39.04,4.88,-29.28,-48.8,-73.2,-29.28
-19.52,-19.52,0,19.52,-9.76,-9.76,34.16,4.88,-29.28,-53.68,-78.08,-34.16
-29.28,-24.4,4.88,29.28,-19.52,-9.76,34.16,0,-29.28,-53.68,-73.2,-29.28
-29.28,-29.28,0,29.28,-14.64,-14.64,43.92,9.76,-24.4,-43.92,-68.32,-24.4
-24.4,-29.28,-4.88,29.28,-9.76,-19.52,34.16,-4.88,-34.16,-58.56,-78.08,-39.04
-19.52,-29.28,-9.76,24.4,-4.88,-19.52,29.28,-4.88,-34.16,-63.44,-78.08,-39.04
-19.52,-34.16,-14.64,29.28,-4.88,-24.4,29.28,-4.88,-34.16,-58.56,-73.2,-39.04
-24.4,-34.16,-9.76,29.28,-9.76,-24.4,29.28,0,-29.28,-58.56,-73.2,-34.16
-19.52,-34.16,-14.64,29.28,-4.88,-24.4,29.28,-4.88,-34.16,-58.56,-73.2,-34.16
-24.4,-29.28,-4.88,29.28,-9.76,-19.52,29.28,-9.76,-34.16,-53.68,-73.2,-29.28
-19.52,-24.4,-4.88,24.4,-9.76,-14.64,39.04,0,-29.28,-48.8,-68.32,-24.4
-19.52,-19.52,0,19.52,-9.76,-9.76,34.16,0,-29.28,-58.56,-78.08,-29.28
-29.28,-29.28,0,29.28,-14.64,-14.64,34.16,-4.88,-29.28,-58.56,-73.2,-29.28
-24.4,-29.28,-4.88,29.28,-9.76,-19.52,29.28,-4.88,-39.04,-58.56,-78.08,-39.04
-19.52,-29.28,-9.76,24.4,-4.88,-19.52,29.28,-4.88,-39.04,-58.56,-82.96,-34.16
-29.28,-39.04,-9.76,34.16,-9.76,-24.4,34.16,-4.88,-34.16,-58.56,-82.96,-39.04
-24.4,-34.16,-9.76,29.28,-9.76,-24.4,34.16,0,-29.28,-48.8,-78.08,-34.16
-29.28,-34.16,-4.88,34.16,-14.64,-19.52,34.16,-4.88,-29.28,-53.68,-82.96,-34.16
-24.4,-34.16,-9.76,29.28,-9.76,-24.4,34.16,-9.76,-34.16,-58.56,-82.96,-34.16
-24.4,-34.16,-9.76,29.28,-9.76,-24.4,39.04,0,-29.28,-53.68,-78.08,-29.28
-29.28,-34.16,-4.88,34.16,-14.64,-19.52,39.04,0,-34.16,-48.8,-78.08,-29.28
-19.52,-24.4,-4.88,24.4,-9.76,-14.64,48.8,4.88,-29.28,-53.68,-78.08,-29.28
-29.28,-29.28,0,29.28,-14.64,-14.64,43.92,0,-34.16,-58.56,-78.08,-39.04
-34.16,-43.92,-9.76,39.04,-14.64,-29.28,39.04,0,-39.04,-58.56,-82.96,-43.92
-29.28,-29.28,0,29.28,-14.64,-14.64,43.92,0,-34.16,-58.56,-82.96,-43.92
-24.4,-34.16,-9.76,29.28,-9.76,-24.4,43.92,-4.88,-34.16,-63.44,-82.96,-43.92
-19.52,-39.04,-19.52,29.28,0,-29.28,39.04,-4.88,-34.16,-58.56,-78.08,-43.92
-19.52,-39.04,-19.52,29.28,0,-29.28,39.04,-4.88,-34.16,-58.56,-82.96,-43.92
-19.52,-43.92,-24.4,34.16,0,-34.16,34.16,-4.88,-43.92,-58.56,-78.08,-39.04
-24.4,-34.16,-9.76,29.28,-9.76,-24.4,29.28,-4.88,-43.92,-58.56,-82.96,-43.92
-24.4,-39.04,-14.64,34.16,-4.88,-29.28,34.16,-4.88,-43.92,-58.56,-82.96,-43.92
-29.28,-43.92,-14.64,39.04,-9.76,-29.28,29.28,-9.76,-48.8,-68.32,-97.6,-53.68
-24.4,-39.04,-14.64,34.16,-4.88,-29.28,29.28,-9.76,-48.8,-68.32,-97.6,-53.68
-29.28,-48.8,-19.52,39.04,-4.88,-34.16,39.04,-4.88,-43.92,-63.44,-97.6,-58.56
-24.4,-39.04,-14.64,34.16,-4.88,-29.28,34.16,-4.88,-48.8,-68.32,-102.48,-63.44
-19.52,-39.04,-19.52,29.28,0,-29.28,34.16,-9.76,-48.8,-68.32,-102.48,-63.44
-24.4,-43.92,-19.52,34.16,-4.88,-34.16,29.28,-9.76,-48.8,-68.32,-102.48,-63.44
-29.28,-43.92,-14.64,39.04,-9.76,-29.28,29.28,-4.88,-48.8,-68.32,-97.6,-58.56
-39.04,-53.68,-14.64,48.8,-14.64,-34.16,34.16,-4.88,-43.92,-63.44,-92.72,-53.68
-34.16,-53.68,-19.52,43.92,-9.76,-39.04,29.28,-9.76,-48.8,-63.44,-92.72,-53.68
-24.4,-43.92,-19.52,34.16,-4.88,-34.16,29.28,-9.76,-53.68,-63.44,-92.72,-53.68
-29.28,-48.8,-19.52,39.04,-4.88,-34.16,29.28,-9.76,-48.8,-73.2,-97.6,-53.68
-34.16,-43.92,-9.76,39.04,-14.64,-29.28,29.28,-14.64,-53.68,-68.32,-92.72,-53.68
-24.4,-39.04,-14.64,34.16,-4.88,-29.28,29.28,-9.76,-48.8,-68.32,-92.72,-53.68
-34.16,-48.8,-14.64,43.92,-9.76,-34.16,34.16,-9.76,-43.92,-63.44,-92.72,-48.8
-29.28,-43.92,-14.64,39.04,-9.76,-29.28,34.16,-9.76,-39.04,-68.32,-97.6,-53.68
-34.16,-48.8,-14.64,43.92,-9.76,-34.16,34.16,-4.88,-39.04,-58.56,-97.6,-58.56
-29.28,-48.8,-19.52,39.04,-4.88,-34.16,24.4,-14.64,-43.92,-78.08,-102.48,-63.44
-24.4,-39.04,-14.64,34.16,-4.88,-29.28,29.28,-4.88,-39.04,-73.2,-97.6,-58.56
-24.4,-34.16,-9.76,29.28,-9.76,-24.4,24.4,-4.88,-34.16,-68.32,-97.6,-53.68
-24.4,-39.04,-14.64,34.16,-4.88,-29.28,24.4,-9.76,-34.16,-68.32,-97.6,-58.56
-24.4,-34.16,-9.76,29.28,-9.76,-24.4,29.28,-9.76,-39.04,-73.2,-97.6,-58.56
-29.28,-43.92,-14.64,39.04,-9.76,-29.28,24.4,-9.76,-39.04,-78.08,-102.48,-58.56
-29.28,-43.92,-14.64,39.04,-9.76,-29.28,34.16,-9.76,-39.04,-73.2,-97.6,-58.56
-29.28,-43.92,-14.64,39.04,-9.76,-29.28,39.04,-4.88,-39.04,-73.2,-97.6,-58.56
-24.4,-43.92,-19.52,34.16,-4.88,-34.16,34.16,-9.76,-34.16,-73.2,-97.6,-58.56
-19.52,-43.92,-24.4,34.16,0,-34.16,39.04,-4.88,-34.16,-63.44,-92.72,-58.56
-29.28,-48.8,-19.52,39.04,-4.88,-34.16,34.16,-9.76,-43.92,-68.32,-97.6,-53.68
-24.4,-43.92,-19.52,34.16,-4.88,-34.16,29.28,-4.88,-39.04,-68.32,-97.6,-53.68
-24.4,-43.92,-19.52,34.16,-4.88,-34.16,39.04,-4.88,-34.16,-68.32,-92.72,-48.8
-24.4,-48.8,-24.4,39.04,0,-39.04,34.16,-4.88,-34.16,-68.32,-97.6,-48.8
-24.4,-43.92,-19.52,34.16,-4.88,-34.16,34.16,-4.88,-43.92,-73.2,-92.72,-53.68
-29.28,-43.92,-14.64,39.04,-9.76,-29.28,39.04,-9.76,-43.92,-68.32,-97.6,-53.68
-34.16,-48.8,-14.64,43.92,-9.76,-34.16,29.28,-9.76,-43.92,-73.2,-97.6,-58.56
-24.4,-39.04,-14.64,34.16,-4.88,-29.28,29.28,-9.76,-48.8,-73.2,-102.48,-63.44
-29.28,-48.8,-19.52,39.04,-4.88,-34.16,29.28,-9.76,-43.92,-73.2,-102.48,-68.32
-34.16,-48.8,-14.64,43.92,-9.76,-34.16,24.4,-14.64,-48.8,-73.2,-107.36,-73.2
-29.28,-48.8,-19.52,39.04,-4.88,-34.16,34.16,-14.64,-48.8,-78.08,-107.36,-78.08
-29.28,-43.92,-14.64,39.04,-9.76,-29.28,34.16,-9.76,-43.92,-78.08,-112.24,-73.2
-24.4,-39.04,-14.64,34.16,-4.88,-29.28,39.04,-4.88,-34.16,-68.32,-102.48,-73.2
-24.4,-43.92,-19.52,34.16,-4.88,-34.16,39.04,-4.88,-39.04,-68.32,-102.48,-73.2
-19.52,-39.04,-19.52,29.28,0,-29.28,34.16,0,-39.04,-63.44,-102.48,-73.2
-24.4,-39.04,-14.64,34.16,-4.88,-29.28,39.04,-4.88,-39.04,-63.44,-102.48,-68.32
-39.04,-48.8,-9.76,43.92,-14.64,-29.28,39.04,-4.88,-34.16,-58.56,-92.72,-63.44
-34.16,-48.8,-14.64,43.92,-9.76,-34.16,34.16,-4.88,-39.04,-68.32,-97.6,-68.32
-29.28,-53.68,-24.4,43.92,-4.88,-39.04,34.16,-9.76,-34.16,-68.32,-97.6,-68.32
-39.04,-63.44,-24.4,53.68,-9.76,-43.92,34.16,-9.76,-39.04,-63.44,-92.72,-58.56
-24.4,-58.56,-34.16,43.92,4.88,-48.8,39.04,-4.88,-39.04,-68.32,-92.72,-58.56
-24.4,-53.68,-29.28,39.04,0,-43.92,39.04,-4.88,-39.04,-68.32,-97.6,-58.56
-19.52,-53.68,-34.16,39.04,4.88,-43.92,39.04,0,-34.16,-68.32,-92.72,-58.56
-19.52,-53.68,-34.16,39.04,4.88,-43.92,39.04,0,-39.04,-73.2,-92.72,-63.44
-24.4,-58.56,-34.16,43.92,4.88,-48.8,43.92,0,-39.04,-73.2,-102.48,-68.32
-24.4,-53.68,-29.28,39.04,0,-43.92,43.92,0,-39.04,-78.08,-97.6,-63.44
-14.64,-53.68,-39.04,34.16,9.76,-48.8,39.04,0,-39.04,-73.2,-107.36,-68.32
-24.4,-53.68,-29.28,39.04,0,-43.92,39.04,0,-43.92,-78.08,-107.36,-68.32
-14.64,-48.8,-34.16,34.16,9.76,-43.92,39.04,0,-39.04,-82.96,-112.24,-73.2
-19.52,-53.68,-34.16,39.04,4.88,-43.92,34.16,-4.88,-43.92,-82.96,-112.24,-78.08
-14.64,-53.68,-39.04,34.16,9.76,-48.8,34.16,-4.88,-39.04,-82.96,-112.24,-78.08
-19.52,-48.8,-29.28,34.16,4.88,-39.04,34.16,-4.88,-43.92,-82.96,-112.24,-73.2
-24.4,-48.8,-24.4,39.04,0,-39.04,34.16,-9.76,-43.92,-82.96,-112.24,-73.2
-19.52,-43.92,-24.4,34.16,0,-34.16,34.16,0,-43.92,-73.2,-102.48,-68.32
-19.52,-39.04,-19.52,29.28,0,-29.28,34.16,0,-39.04,-73.2,-102.48,-73.2
-24.4,-48.8,-24.4,39.04,0,-39.04,34.16,-4.88,-43.92,-68.32,-102.48,-68.32
-24.4,-48.8,-24.4,39.04,0,-39.04,39.04,4.88,-34.16,-68.32,-92.72,-68.32
-19.52,-39.04,-19.52,29.28,0,-29.28,43.92,0,-43.92,-78.08,-107.36,-68.32
-19.52,-43.92,-24.4,34.16,0,-34.16,39.04,-4.88,-39.04,-82.96,-107.36,-68.32
-19.52,-53.68,-34.16,39.04,4.88,-43.92,39.04,-4.88,-39.04,-73.2,-97.6,-63.44
-24.4,-53.68,-29.28,39.04,0,-43.92,39.04,-4.88,-43.92,-73.2,-97.6,-63.44
-14.64,-48.8,-34.16,34.16,9.76,-43.92,39.04,0,-43.92,-78.08,-97.6,-58.56
-19.52,-48.8,-29.28,34.16,4.88,-39.04,39.04,0,-39.04,-73.2,-92.72,-53.68
-29.28,-53.68,-24.4,43.92,-4.88,-39.04,39.04,0,-39.04,-68.32,-97.6,-53.68
-19.52,-48.8,-29.28,34.16,4.88,-39.04,34.16,0,-39.04,-73.2,-97.6,-58.56
-14.64,-39.04,-24.4,29.28,4.88,-34.16,34.16,-4.88,-43.92,-78.08,-102.48,-53.68
-9.76,-39.04,-29.28,24.4,9.76,-34.16,39.04,-4.88,-39.04,-78.08,-97.6,-58.56
-9.76,-39.04,-29.28,24.4,9.76,-34.16,43.92,0,-43.92,-78.08,-102.48,-58.56
-14.64,-48.8,-34.16,34.16,9.76,-43.92,39.04,0,-39.04,-78.08,-102.48,-68.32
-14.64,-53.68,-39.04,34.16,9.76,-48.8,39.04,0,-39.04,-73.2,-92.72,-63.44
-19.52,-58.56,-39.04,39.04,9.76,-48.8,43.92,0,-34.16,-68.32,-97.6,-63.44
-24.4,-58.56,-34.16,43.92,4.88,-48.8,39.04,-4.88,-39.04,-68.32,-102.48,-63.44
-19.52,-53.68,-34.16,39.04,4.88,-43.92,43.92,0,-29.28,-63.44,-97.6,-58.56
-19.52,-58.56,-39.04,39.04,9.76,-48.8,39.04,-4.88,-39.04,-73.2,-107.36,-63.44
-29.28,-58.56,-29.28,43.92,0,-43.92,43.92,0,-34.16,-78.08,-107.36,-63.44
-29.28,-58.56,-29.28,43.92,0,-43.92,43.92,0,-39.04,-78.08,-107.36,-63.44
-29.28,-58.56,-29.28,43.92,0,-43.92,43.92,0,-39.04,-73.2,-102.48,-63.44
-19.52,-48.8,-29.28,34.16,4.88,-39.04,43.92,4.88,-34.16,-73.2,-107.36,-63.44
-19.52,-43.92,-24.4,34.16,0,-34.16,43.92,4.88,-34.16,-73.2,-107.36,-68.32
-29.28,-58.56,-29.28,43.92,0,-43.92,43.92,0,-34.16,-73.2,-107.36,-73.2
-34.16,-58.56,-24.4,48.8,-4.88,-43.92,43.92,0,-34.16,-73.2,-107.36,-73.2
-24.4,-53.68,-29.28,39.04,0,-43.92,39.04,-4.88,-34.16,-68.32,-102.48,-73.2
-24.4,-48.8,-24.4,39.04,0,-39.04,39.04,0,-29.28,-63.44,-102.48,-68.32
-24.4,-48.8,-24.4,39.04,0,-39.04,39.04,0,-24.4,-63.44,-97.6,-63.44
-34.16,-58.56,-24.4,48.8,-4.88,-43.92,39.04,0,-39.04,-73.2,-107.36,-68.32
-24.4,-53.68,-29.28,39.04,0,-43.92,34.16,0,-43.92,-78.08,-112.24,-68.32
-29.28,-58.56,-29.28,43.92,0,-43.92,43.92,0,-39.04,-73.2,-112.24,-68.32
-34.16,-58.56,-24.4,48.8,-4.88,-43.92,53.68,0,-39.04,-78.08,-112.24,-73.2
-29.28,-53.68,-24.4,43.92,-4.88,-39.04,48.8,0,-39.04,-82.96,-112.24,-73.2
-24.4,-58.56,-34.16,43.92,4.88,-48.8,48.8,0,-43.92,-78.08,-102.48,-68.32
-24.4,-48.8,-24.4,39.04,0,-39.04,53.68,4.88,-34.16,-82.96,-102.48,-68.32
-24.4,-48.8,-24.4,39.04,0,-39.04,48.8,4.88,-34.16,-78.08,-102.48,-68.32
-34.16,-53.68,-19.52,43.92,-9.76,-39.04,48.8,0,-34.16,-73.2,-97.6,-68.32
-19.52,-43.92,-24.4,34.16,0,-34.16,39.04,0,-39.04,-78.08,-102.48,-68.32
-24.4,-48.8,-24.4,39.04,0,-39.04,39.04,0,-39.04,-82.96,-107.36,-68.32
-19.52,-48.8,-29.28,34.16,4.88,-39.04,39.04,-9.76,-43.92,-82.96,-107.36,-63.44
-14.64,-43.92,-29.28,29.28,4.88,-39.04,39.04,-4.88,-39.04,-82.96,-107.36,-63.44
-14.64,-48.8,-34.16,34.16,9.76,-43.92,29.28,-4.88,-43.92,-82.96,-107.36,-63.44
-19.52,-43.92,-24.4,34.16,0,-34.16,34.16,-4.88,-43.92,-87.84,-112.24,-63.44
-14.64,-48.8,-34.16,34.16,9.76,-43.92,39.04,-9.76,-43.92,-82.96,-107.36,-58.56
-14.64,-53.68,-39.04,34.16,9.76,-48.8,39.04,4.88,-34.16,-78.08,-102.48,-63.44
-14.64,-43.92,-29.28,29.28,4.88,-39.04,43.92,0,-39.04,-78.08,-97.6,-58.56
-14.64,-48.8,-34.16,34.16,9.76,-43.92,39.04,-9.76,-34.16,-78.08,-102.48,-58.56
-14.64,-53.68,-39.04,34.16,9.76,-48.8,43.92,0,-34.16,-73.2,-97.6,-58.56
-24.4,-53.68,-29.28,39.04,0,-43.92,43.92,9.76,-34.16,-73.2,-97.6,-58.56
-24.4,-58.56,-34.16,43.92,4.88,-48.8,34.16,0,-39.04,-82.96,-102.48,-58.56
-19.52,-48.8,-29.28,34.16,4.88,-39.04,34.16,4.88,-39.04,-82.96,-107.36,-68.32
-29.28,-58.56,-29.28,43.92,0,-43.92,39.04,0,-39.04,-87.84,-112.24,-73.2
-29.28,-58.56,-29.28,43.92,0,-43.92,29.28,-4.88,-43.92,-92.72,-122,-82.96
-34.16,-58.56,-24.4,48.8,-4.88,-43.92,34.16,-4.88,-43.92,-82.96,-117.12,-78.08
-34.16,-48.8,-14.64,43.92,-9.76,-34.16,43.92,4.88,-39.04,-82.96,-117.12,-73.2
-29.28,-48.8,-19.52,39.04,-4.88,-34.16,43.92,-4.88,-43.92,-87.84,-122,-73.2
-29.28,-48.8,-19.52,39.04,-4.88,-34.16,48.8,-4.88,-34.16,-82.96,-112.24,-63.44
-34.16,-58.56,-24.4,48.8,-4.88,-43.92,43.92,0,-39.04,-78.08,-112.24,-63.44
-34.16,-58.56,-24.4,48.8,-4.88,-43.92,48.8,4.88,-34.16,-78.08,-112.24,-58.56
-29.28,-58.56,-29.28,43.92,0,-43.92,43.92,0,-34.16,-78.08,-112.24,-58.56
-39.04,-73.2,-34.16,58.56,-4.88,-53.68,43.92,0,-39.04,-78.08,-117.12,-58.56
-29.28,-68.32,-39.04,48.8,4.88,-53.68,48.8,0,-48.8,-87.84,-126.88,-68.32
-39.04,-73.2,-34.16,58.56,-4.88,-53.68,43.92,-4.88,-48.8,-87.84,-136.64,-78.08
-39.04,-68.32,-29.28,53.68,-4.88,-48.8,48.8,-4.88,-48.8,-87.84,-126.88,-78.08
-34.16,-58.56,-24.4,48.8,-4.88,-43.92,48.8,0,-48.8,-82.96,-126.88,-78.08
-29.28,-58.56,-29.28,43.92,0,-43.92,53.68,0,-48.8,-87.84,-122,-78.08
-19.52,-48.8,-29.28,34.16,4.88,-39.04,48.8,0,-39.04,-82.96,-117.12,-73.2
-29.28,-48.8,-19.52,39.04,-4.88,-34.16,48.8,4.88,-34.16,-73.2,-112.24,-63.44
-34.16,-58.56,-24.4,48.8,-4.88,-43.92,48.8,4.88,-43.92,-82.96,-117.12,-73.2
-24.4,-58.56,-34.16,43.92,4.88,-48.8,48.8,0,-43.92,-82.96,-112.24,-68.32
-29.28,-58.56,-29.28,43.92,0,-43.92,43.92,4.88,-48.8,-82.96,-112.24,-63.44
-34.16,-63.44,-29.28,48.8,-4.88,-48.8,39.04,0,-48.8,-87.84,-122,-63.44
-34.16,-63.44,-29.28,48.8,-4.88,-48.8,39.04,0,-43.92,-87.84,-117.12,-68.32
-39.04,-63.44,-24.4,53.68,-9.76,-43.92,39.04,0,-43.92,-82.96,-117.12,-68.32
-24.4,-53.68,-29.28,39.04,0,-43.92,39.04,0,-48.8,-87.84,-122,-78.08
-34.16,-58.56,-24.4,48.8,-4.88,-43.92,43.92,-4.88,-43.92,-87.84,-122,-73.2
-43.92,-63.44,-19.52,53.68,-14.64,-43.92,43.92,-4.88,-39.04,-82.96,-122,-73.2
-39.04,-53.68,-14.64,48.8,-14.64,-34.16,43.92,0,-43.92,-82.96,-117.12,-68.32
-39.04,-53.68,-14.64,48.8,-14.64,-34.16,43.92,0,-48.8,-87.84,-122,-73.2
-34.16,-58.56,-24.4,48.8,-4.88,-43.92,43.92,0,-43.92,-92.72,-122,-63.44
-24.4,-53.68,-29.28,39.04,0,-43.92,43.92,4.88,-48.8,-87.84,-117.12,-68.32
-29.28,-63.44,-34.16,48.8,0,-48.8,39.04,4.88,-48.8,-92.72,-122,-68.32
-34.16,-68.32,-34.16,53.68,0,-53.68,39.04,0,-43.92,-97.6,-126.88,-68.32
-39.04,-78.08,-39.04,58.56,0,-58.56,39.04,0,-48.8,-92.72,-122,-63.44
-39.04,-78.08,-39.04,58.56,0,-58.56,39.04,-4.88,-53.68,-92.72,-122,-73.2
-39.04,-73.2,-34.16,58.56,-4.88,-53.68,53.68,4.88,-39.04,-87.84,-117.12,-63.44
-34.16,-73.2,-39.04,53.68,0,-58.56,43.92,0,-48.8,-87.84,-117.12,-73.2
-34.16,-68.32,-34.16,53.68,0,-53.68,39.04,0,-63.44,-97.6,-126.88,-78.08
-29.28,-53.68,-24.4,43.92,-4.88,-39.04,43.92,0,-63.44,-97.6,-126.88,-78.08
-29.28,-53.68,-24.4,43.92,-4.88,-39.04,39.04,0,-53.68,-92.72,-126.88,-78.08
-24.4,-48.8,-24.4,39.04,0,-39.04,43.92,0,-53.68,-87.84,-126.88,-82.96
-39.04,-58.56,-19.52,48.8,-9.76,-39.04,53.68,9.76,-53.68,-87.84,-126.88,-82.96
-34.16,-63.44,-29.28,48.8,-4.88,-48.8,43.92,4.88,-53.68,-92.72,-131.76,-87.84
-24.4,-58.56,-34.16,43.92,4.88,-48.8,39.04,-4.88,-53.68,-97.6,-131.76,-87.84
-24.4,-63.44,-39.04,43.92,4.88,-53.68,43.92,0,-58.56,-92.72,-126.88,-87.84
-34.16,-63.44,-29.28,48.8,-4.88,-48.8,48.8,0,-53.68,-97.6,-131.76,-82.96
-34.16,-73.2,-39.04,53.68,0,-58.56,39.04,0,-58.56,-102.48,-136.64,-82.96
-43.92,-73.2,-29.28,58.56,-9.76,-53.68,39.04,0,-58.56,-97.6,-131.76,-82.96
-34.16,-63.44,-29.28,48.8,-4.88,-48.8,48.8,4.88,-58.56,-97.6,-131.76,-82.96
-34.16,-68.32,-34.16,53.68,0,-53.68,43.92,4.88,-58.56,-97.6,-131.76,-82.96
-34.16,-68.32,-34.16,53.68,0,-53.68,48.8,4.88,-58.56,-92.72,-122,-78.08
-34.16,-63.44,-29.28,48.8,-4.88,-48.8,53.68,4.88,-53.68,-92.72,-126.88,-82.96
-39.04,-68.32,-29.28,53.68,-4.88,-48.8,48.8,4.88,-53.68,-97.6,-126.88,-82.96
-34.16,-68.32,-34.16,53.68,0,-53.68,48.8,4.88,-53.68,-82.96,-112.24,-68.32
-29.28,-63.44,-34.16,48.8,0,-48.8,53.68,14.64,-43.92,-78.08,-107.36,-68.32
-34.16,-68.32,-34.16,53.68,0,-53.68,53.68,9.76,-43.92,-82.96,-112.24,-68.32
-29.28,-68.32,-39.04,48.8,4.88,-53.68,48.8,4.88,-53.68,-97.6,-117.12,-78.08
-34.16,-73.2,-39.04,53.68,0,-58.56,48.8,0,-58.56,-97.6,-122,-78.08
-34.16,-73.2,-39.04,53.68,0,-58.56,48.8,4.88,-53.68,-102.48,-126.88,-87.84
-34.16,-73.2,-39.04,53.68,0,-58.56,48.8,4.88,-53.68,-97.6,-126.88,-87.84
-39.04,-78.08,-39.04,58.56,0,-58.56,48.8,4.88,-58.56,-97.6,-126.88,-87.84
-39.04,-78.08,-39.04,58.56,0,-58.56,48.8,4.88,-63.44,-102.48,-136.64,-97.6
-34.16,-73.2,-39.04,53.68,0,-58.56,43.92,9.76,-63.44,-107.36,-141.52,-102.48
-34.16,-73.2,-39.04,53.68,0,-58.56,48.8,4.88,-63.44,-102.48,-141.52,-97.6
-29.28,-63.44,-34.16,48.8,0,-48.8,48.8,9.76,-58.56,-102.48,-136.64,-97.6
-29.28,-58.56,-29.28,43.92,0,-43.92,39.04,0,-63.44,-102.48,-136.64,-97.6
-39.04,-58.56,-19.52,48.8,-9.76,-39.04,48.8,4.88,-58.56,-102.48,-131.76,-97.6
-43.92,-68.32,-24.4,58.56,-9.76,-48.8,53.68,4.88,-63.44,-102.48,-126.88,-97.6
-48.8,-73.2,-24.4,63.44,-14.64,-48.8,48.8,4.88,-68.32,-102.48,-126.88,-97.6
-39.04,-68.32,-29.28,53.68,-4.88,-48.8,53.68,4.88,-63.44,-97.6,-122,-87.84
-39.04,-68.32,-29.28,53.68,-4.88,-48.8,48.8,9.76,-58.56,-97.6,-122,-87.84
-39.04,-73.2,-34.16,58.56,-4.88,-53.68,48.8,0,-68.32,-107.36,-131.76,-97.6
-39.04,-73.2,-34.16,58.56,-4.88,-53.68,53.68,9.76,-58.56,-102.48,-126.88,-92.72
-34.16,-68.32,-34.16,53.68,0,-53.68,43.92,0,-68.32,-102.48,-126.88,-97.6
-34.16,-63.44,-29.28,48.8,-4.88,-48.8,43.92,4.88,-63.44,-102.48,-131.76,-92.72
-29.28,-68.32,-39.04,48.8,4.88,-53.68,48.8,4.88,-63.44,-102.48,-126.88,-92.72
-34.16,-68.32,-34.16,53.68,0,-53.68,43.92,4.88,-58.56,-107.36,-131.76,-92.72
-29.28,-63.44,-34.16,48.8,0,-48.8,43.92,4.88,-63.44,-112.24,-131.76,-97.6
-24.4,-58.56,-34.16,43.92,4.88,-48.8,39.04,4.88,-68.32,-117.12,-136.64,-102.48
-29.28,-68.32,-39.04,48.8,4.88,-53.68,39.04,0,-73.2,-112.24,-131.76,-107.36
-29.28,-68.32,-39.04,48.8,4.88,-53.68,34.16,0,-78.08,-122,-141.52,-112.24
-34.16,-78.08,-43.92,58.56,4.88,-63.44,43.92,9.76,-73.2,-117.12,-141.52,-107.36
-34.16,-82.96,-48.8,58.56,4.88,-68.32,43.92,0,-68.32,-117.12,-136.64,-107.36
-29.28,-82.96,-53.68,58.56,9.76,-68.32,48.8,4.88,-73.2,-112.24,-126.88,-97.6
-34.16,-78.08,-43.92,58.56,4.88,-63.44,48.8,9.76,-68.32,-112.24,-122,-97.6
-29.28,-68.32,-39.04,48.8,4.88,-53.68,53.68,9.76,-68.32,-112.24,-122,-97.6
-34.16,-68.32,-34.16,53.68,0,-53.68,53.68,9.76,-68.32,-107.36,-122,-87.84
-39.04,-68.32,-29.28,53.68,-4.88,-48.8,63.44,14.64,-58.56,-102.48,-112.24,-82.96
-34.16,-58.56,-24.4,48.8,-4.88,-43.92,63.44,9.76,-63.44,-97.6,-117.12,-87.84
-34.16,-53.68,-19.52,43.92,-9.76,-39.04,63.44,9.76,-63.44,-97.6,-117.12,-87.84
-39.04,-58.56,-19.52,48.8,-9.76,-39.04,58.56,14.64,-58.56,-102.48,-117.12,-87.84
-29.28,-58.56,-29.28,43.92,0,-43.92,68.32,14.64,-53.68,-97.6,-122,-87.84
-34.16,-68.32,-34.16,53.68,0,-53.68,63.44,14.64,-58.56,-102.48,-126.88,-97.6
-34.16,-68.32,-34.16,53.68,0,-53.68,63.44,14.64,-58.56,-102.48,-122,-92.72
-34.16,-68.32,-34.16,53.68,0,-53.68,68.32,14.64,-58.56,-97.6,-122,-92.72
-34.16,-63.44,-29.28,48.8,-4.88,-48.8,63.44,14.64,-58.56,-102.48,-117.12,-87.84
-24.4,-58.56,-34.16,43.92,4.88,-48.8,68.32,24.4,-53.68,-97.6,-107.36,-82.96
-19.52,-53.68,-34.16,39.04,4.88,-43.92,63.44,14.64,-63.44,-107.36,-117.12,-92.72
-9.76,-43.92,-34.16,29.28,9.76,-39.04,63.44,14.64,-58.56,-102.48,-117.12,-92.72
-4.88,-48.8,-43.92,29.28,19.52,-48.8,63.44,19.52,-58.56,-102.48,-117.12,-92.72
-14.64,-68.32,-53.68,43.92,19.52,-63.44,63.44,14.64,-68.32,-107.36,-122,-97.6
-19.52,-63.44,-43.92,43.92,9.76,-53.68,63.44,4.88,-78.08,-112.24,-126.88,-97.6
-34.16,-73.2,-39.04,53.68,0,-58.56,63.44,4.88,-73.2,-102.48,-126.88,-97.6
-34.16,-68.32,-34.16,53.68,0,-53.68,63.44,4.88,-68.32,-107.36,-122,-92.72
-29.28,-68.32,-39.04,48.8,4.88,-53.68,68.32,9.76,-68.32,-107.36,-117.12,-87.84
-34.16,-73.2,-39.04,53.68,0,-58.56,68.32,4.88,-73.2,-117.12,-117.12,-87.84
-34.16,-73.2,-39.04,53.68,0,-58.56,63.44,0,-73.2,-107.36,-112.24,-82.96
-34.16,-63.44,-29.28,48.8,-4.88,-48.8,68.32,9.76,-63.44,-102.48,-107.36,-78.08
-34.16,-73.2,-39.04,53.68,0,-58.56,63.44,0,-68.32,-107.36,-112.24,-82.96
-29.28,-58.56,-29.28,43.92,0,-43.92,58.56,0,-73.2,-117.12,-122,-82.96
-29.28,-68.32,-39.04,48.8,4.88,-53.68,68.32,4.88,-68.32,-112.24,-122,-87.84
-34.16,-68.32,-34.16,53.68,0,-53.68,68.32,4.88,-68.32,-117.12,-131.76,-97.6
-19.52,-73.2,-53.68,48.8,14.64,-63.44,63.44,0,-78.08,-117.12,-136.64,-102.48
-29.28,-82.96,-53.68,58.56,9.76,-68.32,63.44,4.88,-78.08,-122,-136.64,-102.48
-29.28,-92.72,-63.44,63.44,14.64,-78.08,63.44,0,-82.96,-122,-136.64,-107.36
-24.4,-82.96,-58.56,53.68,14.64,-73.2,53.68,-4.88,-87.84,-131.76,-141.52,-107.36
-24.4,-92.72,-68.32,58.56,19.52,-82.96,48.8,-9.76,-92.72,-126.88,-136.64,-102.48
-19.52,-87.84,-68.32,53.68,24.4,-78.08,43.92,-14.64,-97.6,-136.64,-136.64,-97.6
-24.4,-87.84,-63.44,58.56,19.52,-78.08,48.8,-9.76,-92.72,-126.88,-136.64,-102.48
-24.4,-78.08,-53.68,53.68,14.64,-68.32,53.68,-4.88,-92.72,-131.76,-141.52,-102.48
-19.52,-73.2,-53.68,48.8,14.64,-63.44,53.68,-4.88,-97.6,-131.76,-146.4,-107.36
-29.28,-87.84,-58.56,58.56,14.64,-73.2,58.56,-4.88,-97.6,-131.76,-146.4,-112.24
-24.4,-82.96,-58.56,53.68,14.64,-73.2,58.56,-9.76,-92.72,-122,-146.4,-112.24
-29.28,-78.08,-48.8,53.68,9.76,-63.44,63.44,0,-87.84,-117.12,-131.76,-102.48
-39.04,-87.84,-48.8,63.44,4.88,-68.32,63.44,-4.88,-87.84,-117.12,-131.76,-107.36
-43.92,-82.96,-39.04,63.44,-4.88,-63.44,63.44,-4.88,-82.96,-126.88,-131.76,-102.48
-53.68,-87.84,-34.16,73.2,-9.76,-63.44,58.56,-4.88,-92.72,-126.88,-131.76,-102.48
-53.68,-87.84,-34.16,73.2,-9.76,-63.44,58.56,-4.88,-97.6,-136.64,-126.88,-102.48
-48.8,-87.84,-39.04,68.32,-4.88,-63.44,58.56,-4.88,-102.48,-136.64,-131.76,-107.36
-58.56,-87.84,-29.28,73.2,-14.64,-58.56,58.56,-4.88,-107.36,-136.64,-136.64,-107.36
-63.44,-97.6,-34.16,82.96,-14.64,-68.32,58.56,-9.76,-107.36,-131.76,-136.64,-117.12
-63.44,-92.72,-29.28,78.08,-19.52,-63.44,58.56,-9.76,-107.36,-136.64,-141.52,-122
-68.32,-92.72,-24.4,82.96,-24.4,-58.56,63.44,-4.88,-102.48,-131.76,-141.52,-122
-53.68,-92.72,-39.04,73.2,-9.76,-68.32,68.32,-4.88,-102.48,-141.52,-141.52,-117.12
-48.8,-97.6,-48.8,73.2,0,-73.2,73.2,0,-107.36,-146.4,-146.4,-117.12
-53.68,-97.6,-43.92,78.08,-4.88,-73.2,68.32,-14.64,-122,-156.16,-156.16,-122
-53.68,-102.48,-48.8,78.08,-4.88,-78.08,68.32,-14.64,-122,-156.16,-156.16,-117.12
-63.44,-112.24,-48.8,87.84,-9.76,-82.96,63.44,-14.64,-122,-161.04,-161.04,-122
-58.56,-97.6,-39.04,78.08,-9.76,-68.32,68.32,-9.76,-117.12,-156.16,-165.92,-126.88
-53.68,-92.72,-39.04,73.2,-9.76,-68.32,63.44,-9.76,-112.24,-161.04,-165.92,-126.88
-63.44,-97.6,-34.16,82.96,-14.64,-68.32,68.32,-4.88,-112.24,-151.28,-161.04,-131.76
-53.68,-97.6,-43.92,78.08,-4.88,-73.2,63.44,-4.88,-112.24,-151.28,-156.16,-126.88
-53.68,-97.6,-43.92,78.08,-4.88,-73.2,63.44,0,-112.24,-156.16,-156.16,-122
-53.68,-92.72,-39.04,73.2,-9.76,-68.32,58.56,-4.88,-112.24,-156.16,-151.28,-117.12
-43.92,-92.72,-48.8,68.32,0,-73.2,73.2,0,-107.36,-141.52,-136.64,-112.24
-53.68,-92.72,-39.04,73.2,-9.76,-68.32,68.32,0,-107.36,-146.4,-146.4,-107.36
-43.92,-87.84,-43.92,68.32,0,-68.32,63.44,0,-107.36,-141.52,-146.4,-102.48
-43.92,-87.84,-43.92,68.32,0,-68.32,73.2,0,-107.36,-141.52,-146.4,-97.6
-53.68,-92.72,-39.04,73.2,-9.76,-68.32,73.2,-4.88,-112.24,-146.4,-146.4,-102.48
-48.8,-92.72,-43.92,73.2,-4.88,-68.32,73.2,-4.88,-112.24,-146.4,-146.4,-102.48
-53.68,-97.6,-43.92,78.08,-4.88,-73.2,73.2,-4.88,-112.24,-146.4,-146.4,-102.48
-48.8,-87.84,-39.04,68.32,-4.88,-63.44,68.32,0,-112.24,-151.28,-151.28,-107.36
-39.04,-82.96,-43.92,63.44,0,-63.44,68.32,0,-107.36,-141.52,-146.4,-107.36
-43.92,-87.84,-43.92,68.32,0,-68.32,68.32,0,-107.36,-141.52,-141.52,-107.36
-39.04,-82.96,-43.92,63.44,0,-63.44,78.08,9.76,-102.48,-141.52,-131.76,-102.48
-39.04,-78.08,-39.04,58.56,0,-58.56,68.32,0,-107.36,-141.52,-146.4,-107.36
-43.92,-82.96,-39.04,63.44,-4.88,-63.44,68.32,4.88,-112.24,-136.64,-141.52,-102.48
-39.04,-87.84,-48.8,63.44,4.88,-68.32,87.84,19.52,-107.36,-146.4,-141.52,-112.24
-43.92,-97.6,-53.68,73.2,4.88,-78.08,107.36,53.68,-97.6,-156.16,-165.92,-126.88
-48.8,-122,-73.2,87.84,9.76,-97.6,136.64,92.72,-87.84,-170.8,-190.32,-151.28
-39.04,-146.4,-107.36,92.72,34.16,-126.88,165.92,151.28,-73.2,-190.32,-224.48,-190.32
-43.92,-161.04,-117.12,102.48,34.16,-141.52,200.08,204.96,-48.8,-195.2,-253.76,-234.24
-39.04,-161.04,-122,102.48,39.04,-141.52,234.24,248.88,-14.64,-175.68,-258.64,-239.12
-34.16,-146.4,-112.24,92.72,39.04,-131.76,244,278.16,29.28,-146.4,-234.24,-229.36
-29.28,-107.36,-78.08,68.32,24.4,-92.72,224.48,273.28,78.08,-92.72,-185.44,-200.08
0,-53.68,-53.68,29.28,24.4,-53.68,195.2,268.4,141.52,4.88,-92.72,-136.64
29.28,-4.88,-34.16,-9.76,29.28,-19.52,165.92,273.28,229.36,122,9.76,-48.8
58.56,63.44,4.88,-58.56,24.4,34.16,165.92,307.44,361.12,268.4,156.16,63.44
102.48,175.68,73.2,-136.64,14.64,122,141.52,292.8,483.12,453.84,346.48,229.36
151.28,268.4,117.12,-209.84,14.64,190.32,34.16,165.92,556.32,624.64,546.56,405.04
229.36,366,136.64,-297.68,43.92,248.88,-146.4,-68.32,590.48,785.68,736.88,585.6
307.44,448.96,141.52,-375.76,82.96,292.8,-297.68,-307.44,600.24,946.72,946.72,771.04
390.4,527.04,136.64,-458.72,126.88,331.84,-439.2,-527.04,605.12,1107.76,1146.8,946.72
478.24,624.64,146.4,-551.44,165.92,385.52,-639.28,-751.52,634.4,1288.32,1342,1122.4
570.96,736.88,165.92,-653.92,200.08,448.96,-858.88,-1005.28,678.32,1503.04,1571.36,1312.72
624.64,854,229.36,-736.88,195.2,541.68,-1054.08,-1195.6,756.4,1727.52,1800.72,1488.4
673.44,941.84,268.4,-805.2,200.08,605.12,-1220,-1337.12,839.36,1942.24,2000.8,1649.44
707.6,985.76,278.16,-844.24,214.72,629.52,-1356.64,-1449.36,907.68,2103.28,2166.72,1776.32
697.84,1010.16,312.32,-854,190.32,658.8,-1449.36,-1522.56,951.6,2186.24,2269.2,1869.04
619.76,980.88,361.12,-800.32,126.88,668.56,-1493.28,-1551.84,917.44,2137.44,2249.68,1883.68
570.96,819.84,248.88,-692.96,161.04,531.92,-1439.6,-1478.64,839.36,1971.52,2098.4,1776.32
507.52,561.2,53.68,-531.92,224.48,307.44,-1307.84,-1332.24,717.36,1703.12,1805.6,1556.72
380.64,361.12,-19.52,-370.88,200.08,170.8,-1176.08,-1234.64,463.6,1307.84,1410.32,1254.16
268.4,244,-24.4,-253.76,146.4,107.36,-1063.84,-1185.84,102.48,800.32,941.84,907.68
146.4,146.4,0,-146.4,73.2,73.2,-966.24,-1210.24,-336.72,214.72,448.96,556.32
0,34.16,34.16,-14.64,-19.52,34.16,-844.24,-1176.08,-658.8,-253.76,-4.88,180.56
-107.36,-53.68,53.68,82.96,-82.96,0,-678.32,-1000.4,-707.6,-468.48,-283.04,-107.36
-126.88,-97.6,29.28,112.24,-78.08,-34.16,-551.44,-819.84,-649.04,-512.4,-361.12,-204.96
-122,-117.12,4.88,122,-63.44,-58.56,-458.72,-678.32,-551.44,-453.84,-331.84,-209.84
-117.12,-122,-4.88,122,-58.56,-63.44,-370.88,-551.44,-463.6,-390.4,-283.04,-204.96
-117.12,-126.88,-9.76,122,-53.68,-68.32,-302.56,-473.36,-405.04,-351.36,-239.12,-195.2
-107.36,-112.24,-4.88,112.24,-53.68,-58.56,-239.12,-390.4,-346.48,-302.56,-195.2,-170.8
-87.84,-107.36,-19.52,97.6,-34.16,-63.44,-185.44,-317.2,-302.56,-273.28,-165.92,-151.28
-78.08,-97.6,-19.52,87.84,-29.28,-58.56,-131.76,-244,-248.88,-234.24,-146.4,-141.52
-68.32,-92.72,-24.4,82.96,-24.4,-58.56,-87.84,-170.8,-200.08,-200.08,-122,-131.76
-63.44,-92.72,-29.28,78.08,-19.52,-63.44,-43.92,-112.24,-165.92,-185.44,-102.48,-126.88
-58.56,-92.72,-34.16,78.08,-14.64,-63.44,-14.64,-73.2,-146.4,-180.56,-102.48,-131.76
-58.56,-97.6,-39.04,78.08,-9.76,-68.32,14.64,-48.8,-126.88,-175.68,-97.6,-131.76
-63.44,-102.48,-39.04,82.96,-14.64,-73.2,29.28,-39.04,-126.88,-175.68,-97.6,-131.76
-63.44,-107.36,-43.92,87.84,-9.76,-78.08,53.68,-24.4,-122,-170.8,-97.6,-131.76
-58.56,-97.6,-39.04,78.08,-9.76,-68.32,63.44,-9.76,-117.12,-180.56,-97.6,-131.76
-58.56,-92.72,-34.16,78.08,-14.64,-63.44,63.44,0,-117.12,-175.68,-87.84,-122
-53.68,-82.96,-29.28,68.32,-14.64,-58.56,73.2,19.52,-107.36,-175.68,-78.08,-112.24
-63.44,-87.84,-24.4,78.08,-19.52,-58.56,78.08,29.28,-107.36,-185.44,-92.72,-126.88
-68.32,-87.84,-19.52,78.08,-24.4,-53.68,78.08,24.4,-122,-190.32,-107.36,-141.52
-68.32,-87.84,-19.52,78.08,-24.4,-53.68,82.96,24.4,-122,-190.32,-107.36,-146.4
-73.2,-92.72,-19.52,82.96,-29.28,-58.56,78.08,29.28,-117.12,-195.2,-117.12,-156.16
-63.44,-87.84,-24.4,78.08,-19.52,-58.56,78.08,29.28,-102.48,-190.32,-107.36,-161.04
-63.44,-78.08,-14.64,73.2,-24.4,-48.8,78.08,24.4,-107.36,-185.44,-102.48,-151.28
-63.44,-92.72,-29.28,78.08,-19.52,-63.44,78.08,34.16,-102.48,-190.32,-97.6,-146.4
-58.56,-87.84,-29.28,73.2,-14.64,-58.56,87.84,43.92,-97.6,-185.44,-92.72,-136.64
-63.44,-92.72,-29.28,78.08,-19.52,-63.44,92.72,43.92,-102.48,-185.44,-87.84,-131.76
-68.32,-92.72,-24.4,82.96,-24.4,-58.56,97.6,53.68,-107.36,-175.68,-78.08,-122
-58.56,-82.96,-24.4,73.2,-19.52,-53.68,87.84,48.8,-107.36,-180.56,-78.08,-131.76
-68.32,-87.84,-19.52,78.08,-24.4,-53.68,92.72,43.92,-112.24,-170.8,-78.08,-126.88
-58.56,-87.84,-29.28,73.2,-14.64,-58.56,97.6,48.8,-97.6,-165.92,-73.2,-122
-48.8,-87.84,-39.04,68.32,-4.88,-63.44,97.6,48.8,-97.6,-175.68,-73.2,-136.64
-58.56,-92.72,-34.16,78.08,-14.64,-63.44,92.72,43.92,-102.48,-180.56,-87.84,-141.52
-53.68,-92.72,-39.04,73.2,-9.76,-68.32,87.84,43.92,-102.48,-180.56,-87.84,-146.4
-53.68,-92.72,-39.04,73.2,-9.76,-68.32,92.72,53.68,-102.48,-190.32,-87.84,-146.4
-53.68,-82.96,-29.28,68.32,-14.64,-58.56,87.84,43.92,-112.24,-195.2,-97.6,-141.52
-53.68,-73.2,-19.52,63.44,-19.52,-48.8,92.72,43.92,-107.36,-180.56,-87.84,-136.64
-58.56,-82.96,-24.4,73.2,-19.52,-53.68,102.48,53.68,-107.36,-175.68,-82.96,-131.76
-48.8,-78.08,-29.28,63.44,-9.76,-53.68,102.48,63.44,-102.48,-180.56,-82.96,-126.88
-53.68,-78.08,-24.4,68.32,-14.64,-53.68,102.48,48.8,-112.24,-185.44,-82.96,-126.88
-53.68,-82.96,-29.28,68.32,-14.64,-58.56,107.36,58.56,-102.48,-175.68,-73.2,-117.12
-48.8,-73.2,-24.4,63.44,-14.64,-48.8,107.36,63.44,-97.6,-170.8,-68.32,-117.12
-39.04,-82.96,-43.92,63.44,0,-63.44,102.48,53.68,-97.6,-170.8,-63.44,-112.24
-39.04,-87.84,-48.8,63.44,4.88,-68.32,102.48,53.68,-97.6,-165.92,-63.44,-112.24
-53.68,-92.72,-39.04,73.2,-9.76,-68.32,102.48,53.68,-97.6,-165.92,-63.44,-107.36
-58.56,-92.72,-34.16,78.08,-14.64,-63.44,97.6,48.8,-97.6,-175.68,-68.32,-112.24
-53.68,-82.96,-29.28,68.32,-14.64,-58.56,97.6,48.8,-92.72,-165.92,-58.56,-107.36
-58.56,-87.84,-29.28,73.2,-14.64,-58.56,102.48,53.68,-92.72,-161.04,-58.56,-107.36
-63.44,-92.72,-29.28,78.08,-19.52,-63.44,97.6,53.68,-97.6,-165.92,-63.44,-112.24
-58.56,-82.96,-24.4,73.2,-19.52,-53.68,97.6,53.68,-102.48,-170.8,-63.44,-117.12
-58.56,-78.08,-19.52,68.32,-19.52,-48.8,92.72,48.8,-107.36,-170.8,-68.32,-122
-53.68,-78.08,-24.4,68.32,-14.64,-53.68,97.6,58.56,-102.48,-175.68,-68.32,-126.88
-43.92,-78.08,-34.16,63.44,-4.88,-58.56,97.6,53.68,-102.48,-180.56,-73.2,-126.88
-53.68,-87.84,-34.16,73.2,-9.76,-63.44,102.48,48.8,-97.6,-175.68,-73.2,-122
-48.8,-82.96,-34.16,68.32,-9.76,-58.56,102.48,63.44,-92.72,-165.92,-68.32,-112.24
-48.8,-82.96,-34.16,68.32,-9.76,-58.56,102.48,58.56,-87.84,-170.8,-73.2,-112.24
-53.68,-82.96,-29.28,68.32,-14.64,-58.56,102.48,58.56,-92.72,-165.92,-73.2,-97.6
-48.8,-82.96,-34.16,68.32,-9.76,-58.56,107.36,68.32,-87.84,-161.04,-73.2,-97.6
-53.68,-82.96,-29.28,68.32,-14.64,-58.56,102.48,73.2,-92.72,-165.92,-78.08,-97.6
-53.68,-82.96,-29.28,68.32,-14.64,-58.56,102.48,63.44,-97.6,-165.92,-78.08,-102.48
-53.68,-87.84,-34.16,73.2,-9.76,-63.44,102.48,63.44,-97.6,-170.8,-78.08,-102.48
-53.68,-92.72,-39.04,73.2,-9.76,-68.32,107.36,68.32,-92.72,-170.8,-87.84,-107.36
-43.92,-78.08,-34.16,63.44,-4.88,-58.56,97.6,63.44,-92.72,-170.8,-87.84,-107.36
-43.92,-68.32,-24.4,58.56,-9.76,-48.8,92.72,58.56,-102.48,-165.92,-82.96,-112.24
-53.68,-78.08,-24.4,68.32,-14.64,-53.68,87.84,63.44,-92.72,-161.04,-78.08,-107.36
-39.04,-68.32,-29.28,53.68,-4.88,-48.8,82.96,58.56,-87.84,-161.04,-73.2,-107.36
-34.16,-53.68,-19.52,43.92,-9.76,-39.04,82.96,58.56,-82.96,-151.28,-68.32,-92.72
-29.28,-48.8,-19.52,39.04,-4.88,-34.16,97.6,68.32,-82.96,-151.28,-63.44,-87.84
-34.16,-58.56,-24.4,48.8,-4.88,-43.92,97.6,68.32,-82.96,-156.16,-58.56,-87.84
-58.56,-73.2,-14.64,68.32,-24.4,-43.92,92.72,63.44,-82.96,-151.28,-63.44,-82.96
-58.56,-73.2,-14.64,68.32,-24.4,-43.92,92.72,68.32,-78.08,-146.4,-58.56,-78.08
-48.8,-68.32,-19.52,58.56,-14.64,-43.92,92.72,68.32,-78.08,-151.28,-63.44,-82.96
-48.8,-68.32,-19.52,58.56,-14.64,-43.92,92.72,63.44,-73.2,-146.4,-63.44,-82.96
-39.04,-63.44,-24.4,53.68,-9.76,-43.92,87.84,63.44,-78.08,-141.52,-63.44,-82.96
-43.92,-73.2,-29.28,58.56,-9.76,-53.68,92.72,63.44,-73.2,-136.64,-58.56,-82.96
-34.16,-63.44,-29.28,48.8,-4.88,-48.8,87.84,63.44,-78.08,-141.52,-58.56,-87.84
-34.16,-63.44,-29.28,48.8,-4.88,-48.8,78.08,68.32,-63.44,-141.52,-53.68,-82.96
-39.04,-63.44,-24.4,53.68,-9.76,-43.92,82.96,68.32,-73.2,-141.52,-53.68,-92.72
-39.04,-63.44,-24.4,53.68,-9.76,-43.92,87.84,68.32,-68.32,-141.52,-48.8,-92.72
-43.92,-68.32,-24.4,58.56,-9.76,-48.8,82.96,63.44,-82.96,-146.4,-58.56,-107.36
-43.92,-68.32,-24.4,58.56,-9.76,-48.8,82.96,63.44,-82.96,-146.4,-63.44,-112.24
-39.04,-58.56,-19.52,48.8,-9.76,-39.04,78.08,63.44,-92.72,-151.28,-73.2,-122
-43.92,-68.32,-24.4,58.56,-9.76,-48.8,73.2,53.68,-87.84,-151.28,-78.08,-126.88
-39.04,-63.44,-24.4,53.68,-9.76,-43.92,78.08,58.56,-87.84,-141.52,-78.08,-126.88
-39.04,-58.56,-19.52,48.8,-9.76,-39.04,78.08,63.44,-78.08,-141.52,-73.2,-122
-39.04,-53.68,-14.64,48.8,-14.64,-34.16,78.08,68.32,-73.2,-141.52,-63.44,-122
-34.16,-43.92,-9.76,39.04,-14.64,-29.28,78.08,73.2,-68.32,-126.88,-48.8,-97.6
-34.16,-43.92,-9.76,39.04,-14.64,-29.28,82.96,73.2,-78.08,-126.88,-48.8,-92.72
-39.04,-53.68,-14.64,48.8,-14.64,-34.16,82.96,68.32,-73.2,-131.76,-43.92,-92.72
-34.16,-48.8,-14.64,43.92,-9.76,-34.16,78.08,63.44,-73.2,-126.88,-43.92,-87.84
-39.04,-63.44,-24.4,53.68,-9.76,-43.92,68.32,58.56,-78.08,-126.88,-53.68,-87.84
-34.16,-58.56,-24.4,48.8,-4.88,-43.92,73.2,68.32,-73.2,-131.76,-53.68,-87.84
-34.16,-53.68,-19.52,43.92,-9.76,-39.04,63.44,63.44,-68.32,-136.64,-58.56,-102.48
-48.8,-58.56,-9.76,53.68,-19.52,-34.16,68.32,68.32,-68.32,-122,-53.68,-97.6
-48.8,-53.68,-4.88,53.68,-24.4,-29.28,68.32,68.32,-63.44,-126.88,-53.68,-97.6
-43.92,-43.92,0,43.92,-24.4,-24.4,68.32,73.2,-58.56,-117.12,-48.8,-92.72
-34.16,-39.04,-4.88,39.04,-14.64,-24.4,73.2,73.2,-53.68,-107.36,-34.16,-78.08
-34.16,-39.04,-4.88,39.04,-14.64,-24.4,78.08,82.96,-53.68,-107.36,-29.28,-73.2
-43.92,-48.8,-4.88,48.8,-19.52,-29.28,78.08,82.96,-48.8,-102.48,-29.28,-68.32
-39.04,-43.92,-4.88,43.92,-19.52,-24.4,78.08,82.96,-43.92,-102.48,-29.28,-63.44
-29.28,-43.92,-14.64,39.04,-9.76,-29.28,78.08,82.96,-48.8,-107.36,-29.28,-68.32
-34.16,-48.8,-14.64,43.92,-9.76,-34.16,73.2,82.96,-53.68,-107.36,-34.16,-68.32
-34.16,-48.8,-14.64,43.92,-9.76,-34.16,68.32,87.84,-39.04,-102.48,-29.28,-73.2
-34.16,-43.92,-9.76,39.04,-14.64,-29.28,58.56,78.08,-48.8,-102.48,-29.28,-82.96
-29.28,-34.16,-4.88,34.16,-14.64,-19.52,63.44,78.08,-39.04,-97.6,-29.28,-82.96
-24.4,-19.52,4.88,24.4,-14.64,-9.76,63.44,78.08,-39.04,-92.72,-24.4,-82.96
-29.28,-24.4,4.88,29.28,-19.52,-9.76,63.44,82.96,-29.28,-78.08,-14.64,-78.08
-29.28,-14.64,14.64,24.4,-24.4,0,68.32,82.96,-29.28,-73.2,-9.76,-63.44
-29.28,-19.52,9.76,24.4,-19.52,-4.88,68.32,87.84,-29.28,-82.96,-14.64,-68.32
-29.28,-14.64,14.64,24.4,-24.4,0,73.2,87.84,-24.4,-73.2,-9.76,-68.32
-19.52,-14.64,4.88,19.52,-14.64,-4.88,68.32,97.6,-19.52,-68.32,-4.88,-58.56
-14.64,-9.76,4.88,14.64,-9.76,-4.88,68.32,97.6,-19.52,-63.44,0,-53.68
-14.64,-9.76,4.88,14.64,-9.76,-4.88,63.44,102.48,-4.88,-53.68,4.88,-53.68
-14.64,-9.76,4.88,14.64,-9.76,-4.88,58.56,107.36,-4.88,-43.92,14.64,-48.8
-19.52,-19.52,0,19.52,-9.76,-9.76,58.56,107.36,4.88,-48.8,14.64,-39.04
-14.64,0,14.64,9.76,-14.64,4.88,53.68,107.36,0,-48.8,24.4,-29.28
-9.76,0,9.76,4.88,-9.76,4.88,53.68,107.36,9.76,-29.28,39.04,-19.52
-14.64,9.76,24.4,4.88,-19.52,14.64,43.92,102.48,0,-29.28,34.16,-14.64
-4.88,9.76,14.64,0,-9.76,9.76,58.56,112.24,19.52,-24.4,43.92,-4.88
-14.64,9.76,24.4,4.88,-19.52,14.64,63.44,117.12,19.52,-19.52,48.8,-9.76
-9.76,9.76,19.52,0,-14.64,14.64,68.32,122,34.16,-4.88,58.56,0
0,19.52,19.52,-9.76,-9.76,19.52,63.44,122,24.4,-4.88,53.68,0
0,14.64,14.64,-4.88,-9.76,14.64,58.56,126.88,34.16,0,53.68,-4.88
9.76,19.52,9.76,-14.64,0,14.64,48.8,126.88,39.04,9.76,63.44,0
4.88,19.52,14.64,-9.76,-4.88,14.64,43.92,126.88,48.8,9.76,63.44,4.88
9.76,24.4,14.64,-14.64,-4.88,19.52,48.8,126.88,48.8,24.4,73.2,14.64
14.64,39.04,24.4,-24.4,-4.88,29.28,43.92,131.76,63.44,43.92,92.72,34.16
9.76,39.04,29.28,-24.4,-9.76,34.16,43.92,136.64,68.32,53.68,107.36,43.92
14.64,43.92,29.28,-29.28,-9.76,34.16,39.04,136.64,78.08,63.44,117.12,53.68
19.52,58.56,39.04,-39.04,-9.76,48.8,43.92,136.64,78.08,73.2,126.88,63.44
19.52,48.8,29.28,-34.16,-4.88,39.04,34.16,141.52,87.84,78.08,131.76,63.44
29.28,53.68,24.4,-39.04,0,39.04,43.92,151.28,102.48,82.96,141.52,68.32
24.4,48.8,24.4,-34.16,0,34.16,34.16,161.04,117.12,97.6,151.28,73.2
34.16,58.56,24.4,-43.92,4.88,39.04,29.28,161.04,122,126.88,175.68,87.84
48.8,78.08,29.28,-63.44,9.76,53.68,24.4,161.04,141.52,141.52,185.44,97.6
48.8,82.96,34.16,-63.44,4.88,58.56,24.4,161.04,146.4,151.28,200.08,112.24
43.92,82.96,39.04,-63.44,0,58.56,14.64,156.16,151.28,161.04,209.84,126.88
43.92,92.72,48.8,-68.32,-4.88,68.32,14.64,165.92,156.16,170.8,219.6,141.52
43.92,92.72,48.8,-68.32,-4.88,68.32,14.64,161.04,156.16,175.68,229.36,146.4
58.56,112.24,53.68,-82.96,0,82.96,14.64,165.92,165.92,185.44,239.12,151.28
68.32,117.12,48.8,-92.72,9.76,82.96,14.64,170.8,185.44,204.96,258.64,161.04
73.2,126.88,53.68,-97.6,9.76,87.84,14.64,175.68,195.2,224.48,263.52,170.8
78.08,131.76,53.68,-102.48,9.76,92.72,4.88,175.68,200.08,234.24,278.16,175.68
82.96,131.76,48.8,-107.36,14.64,87.84,4.88,180.56,204.96,248.88,292.8,180.56
92.72,141.52,48.8,-117.12,19.52,92.72,9.76,185.44,214.72,263.52,302.56,200.08
97.6,151.28,53.68,-122,19.52,102.48,9.76,185.44,224.48,263.52,312.32,209.84
87.84,151.28,63.44,-117.12,9.76,107.36,4.88,185.44,234.24,283.04,326.96,224.48
97.6,156.16,58.56,-126.88,19.52,107.36,-4.88,190.32,239.12,292.8,331.84,229.36
97.6,161.04,63.44,-126.88,14.64,112.24,-4.88,185.44,239.12,292.8,341.6,229.36
97.6,165.92,68.32,-131.76,14.64,117.12,-9.76,180.56,239.12,287.92,336.72,224.48
97.6,165.92,68.32,-131.76,14.64,117.12,-14.64,180.56,244,307.44,341.6,229.36
97.6,165.92,68.32,-131.76,14.64,117.12,-9.76,185.44,253.76,312.32,346.48,234.24
97.6,170.8,73.2,-131.76,9.76,122,-19.52,185.44,263.52,322.08,361.12,244
107.36,165.92,58.56,-136.64,24.4,112.24,-19.52,190.32,263.52,336.72,380.64,258.64
112.24,170.8,58.56,-141.52,24.4,112.24,-14.64,180.56,263.52,341.6,385.52,278.16
122,195.2,73.2,-156.16,24.4,131.76,-19.52,190.32,273.28,351.36,400.16,292.8
122,190.32,68.32,-156.16,24.4,126.88,-24.4,185.44,278.16,361.12,414.8,302.56
122,185.44,63.44,-151.28,29.28,122,-14.64,190.32,287.92,375.76,419.68,317.2
122,185.44,63.44,-151.28,29.28,122,-14.64,190.32,292.8,370.88,424.56,317.2
117.12,180.56,63.44,-146.4,24.4,122,-24.4,185.44,278.16,366,414.8,312.32
122,185.44,63.44,-151.28,29.28,122,-24.4,185.44,287.92,370.88,414.8,317.2
122,185.44,63.44,-151.28,29.28,122,-24.4,185.44,287.92,370.88,414.8,322.08
122,190.32,68.32,-156.16,24.4,126.88,-29.28,180.56,287.92,375.76,414.8,317.2
126.88,190.32,63.44,-156.16,29.28,126.88,-29.28,170.8,278.16,375.76,414.8,317.2
126.88,190.32,63.44,-156.16,29.28,126.88,-29.28,170.8,287.92,375.76,414.8,317.2
131.76,200.08,68.32,-165.92,29.28,131.76,-24.4,170.8,283.04,370.88,405.04,312.32
136.64,204.96,68.32,-170.8,34.16,136.64,-24.4,175.68,278.16,366,400.16,307.44
131.76,200.08,68.32,-165.92,29.28,131.76,-14.64,165.92,273.28,366,385.52,297.68
122,204.96,82.96,-161.04,19.52,141.52,-19.52,161.04,263.52,341.6,370.88,283.04
126.88,200.08,73.2,-161.04,24.4,136.64,-19.52,156.16,258.64,331.84,361.12,263.52
112.24,180.56,68.32,-146.4,19.52,122,-14.64,156.16,253.76,322.08,346.48,253.76
107.36,170.8,63.44,-136.64,19.52,117.12,-9.76,151.28,244,307.44,331.84,244
102.48,161.04,58.56,-131.76,19.52,107.36,-14.64,146.4,224.48,283.04,312.32,224.48
92.72,146.4,53.68,-117.12,19.52,97.6,-14.64,131.76,200.08,263.52,292.8,219.6
92.72,141.52,48.8,-117.12,19.52,92.72,-9.76,131.76,200.08,253.76,278.16,204.96
87.84,136.64,48.8,-112.24,19.52,92.72,-9.76,131.76,190.32,239.12,263.52,190.32
92.72,141.52,48.8,-117.12,19.52,92.72,-14.64,117.12,180.56,229.36,244,170.8
82.96,131.76,48.8,-107.36,14.64,87.84,-4.88,112.24,170.8,214.72,234.24,165.92
73.2,131.76,58.56,-102.48,4.88,92.72,-4.88,102.48,151.28,190.32,209.84,141.52
82.96,136.64,53.68,-107.36,14.64,92.72,0,97.6,141.52,175.68,200.08,136.64
78.08,126.88,48.8,-102.48,14.64,87.84,4.88,92.72,136.64,165.92,180.56,126.88
68.32,117.12,48.8,-92.72,9.76,82.96,9.76,92.72,126.88,156.16,170.8,117.12
68.32,107.36,39.04,-87.84,14.64,73.2,0,78.08,122,141.52,156.16,97.6
58.56,82.96,24.4,-68.32,14.64,53.68,4.88,73.2,107.36,131.76,146.4,92.72
53.68,78.08,24.4,-63.44,14.64,48.8,4.88,63.44,92.72,112.24,131.76,78.08
43.92,63.44,19.52,-53.68,9.76,39.04,9.76,58.56,78.08,107.36,122,73.2
39.04,48.8,9.76,-43.92,14.64,29.28,0,48.8,68.32,92.72,112.24,68.32
39.04,48.8,9.76,-43.92,14.64,29.28,0,39.04,58.56,92.72,107.36,63.44
39.04,48.8,9.76,-43.92,14.64,29.28,0,39.04,48.8,73.2,92.72,48.8
34.16,53.68,19.52,-43.92,4.88,34.16,4.88,39.04,48.8,63.44,87.84,53.68
29.28,53.68,24.4,-39.04,0,39.04,-4.88,29.28,39.04,58.56,78.08,39.04
29.28,48.8,19.52,-39.04,4.88,34.16,-9.76,14.64,19.52,29.28,43.92,24.4
24.4,39.04,14.64,-29.28,4.88,24.4,-4.88,9.76,14.64,19.52,39.04,14.64
14.64,34.16,19.52,-24.4,-4.88,24.4,-4.88,0,4.88,14.64,29.28,4.88
9.76,29.28,19.52,-19.52,-4.88,24.4,-4.88,4.88,4.88,14.64,29.28,4.88
14.64,29.28,14.64,-19.52,0,19.52,-4.88,4.88,4.88,14.64,34.16,9.76
24.4,29.28,4.88,-24.4,9.76,14.64,0,0,0,14.64,39.04,0
14.64,19.52,4.88,-14.64,4.88,9.76,-4.88,-9.76,0,9.76,29.28,0
9.76,14.64,4.88,-9.76,0,9.76,-4.88,-9.76,-9.76,0,19.52,-9.76
4.88,4.88,0,-4.88,0,0,-19.52,-24.4,-19.52,-9.76,14.64,-19.52
9.76,9.76,0,-9.76,4.88,4.88,-9.76,-24.4,-19.52,-14.64,4.88,-24.4
4.88,4.88,0,-4.88,0,0,-9.76,-19.52,-24.4,-19.52,-4.88,-24.4
4.88,4.88,0,-4.88,0,0,-14.64,-24.4,-24.4,-19.52,-4.88,-29.28
14.64,9.76,-4.88,-9.76,9.76,0,-14.64,-24.4,-29.28,-14.64,4.88,-24.4
4.88,14.64,9.76,-9.76,-4.88,9.76,-14.64,-29.28,-39.04,-24.4,-4.88,-29.28
9.76,14.64,4.88,-9.76,0,9.76,-9.76,-29.28,-34.16,-19.52,0,-24.4
9.76,14.64,4.88,-9.76,0,9.76,-14.64,-29.28,-34.16,-14.64,0,-24.4
0,0,0,0,0,0,-9.76,-34.16,-39.04,-19.52,0,-24.4
0,-4.88,-4.88,4.88,0,-4.88,-9.76,-34.16,-43.92,-24.4,-19.52,-39.04
-4.88,-9.76,-4.88,9.76,0,-9.76,-4.88,-34.16,-39.04,-24.4,-19.52,-39.04
4.88,-4.88,-9.76,0,4.88,-9.76,-9.76,-34.16,-43.92,-29.28,-24.4,-48.8
9.76,4.88,-4.88,-4.88,4.88,0,-9.76,-34.16,-43.92,-24.4,-24.4,-48.8
14.64,0,-14.64,-4.88,14.64,-9.76,-14.64,-34.16,-39.04,-24.4,-29.28,-53.68
9.76,-4.88,-14.64,0,9.76,-9.76,-19.52,-39.04,-48.8,-24.4,-29.28,-53.68
4.88,-9.76,-14.64,4.88,9.76,-14.64,-14.64,-39.04,-48.8,-29.28,-29.28,-48.8
0,-4.88,-4.88,4.88,0,-4.88,-14.64,-39.04,-48.8,-29.28,-34.16,-39.04
4.88,-9.76,-14.64,4.88,9.76,-14.64,-9.76,-39.04,-58.56,-29.28,-29.28,-39.04
0,-14.64,-14.64,9.76,4.88,-14.64,-9.76,-39.04,-58.56,-29.28,-29.28,-34.16
-4.88,-14.64,-9.76,9.76,0,-14.64,-14.64,-34.16,-58.56,-39.04,-39.04,-39.04
9.76,-9.76,-19.52,0,14.64,-14.64,-14.64,-39.04,-63.44,-39.04,-39.04,-34.16
0,-14.64,-14.64,9.76,4.88,-14.64,-24.4,-43.92,-63.44,-39.04,-43.92,-39.04
-9.76,-14.64,-4.88,14.64,-4.88,-9.76,-29.28,-43.92,-63.44,-43.92,-43.92,-48.8
9.76,-14.64,-24.4,4.88,14.64,-19.52,-24.4,-43.92,-58.56,-39.04,-48.8,-48.8
4.88,-9.76,-14.64,4.88,9.76,-14.64,-24.4,-43.92,-63.44,-34.16,-34.16,-43.92
9.76,-4.88,-14.64,0,9.76,-9.76,-29.28,-34.16,-53.68,-34.16,-34.16,-34.16
0,-4.88,-4.88,4.88,0,-4.88,-24.4,-39.04,-58.56,-43.92,-39.04,-34.16
0,-9.76,-9.76,4.88,4.88,-9.76,-19.52,-39.04,-63.44,-48.8,-43.92,-39.04
4.88,-14.64,-19.52,4.88,9.76,-19.52,-19.52,-34.16,-68.32,-43.92,-43.92,-39.04
4.88,-19.52,-24.4,9.76,14.64,-24.4,-34.16,-39.04,-68.32,-53.68,-58.56,-48.8
14.64,-19.52,-34.16,4.88,24.4,-29.28,-34.16,-39.04,-63.44,-48.8,-53.68,-48.8
9.76,-19.52,-29.28,4.88,19.52,-24.4,-34.16,-34.16,-63.44,-43.92,-53.68,-43.92
-4.88,-14.64,-9.76,9.76,0,-14.64,-39.04,-39.04,-68.32,-58.56,-63.44,-58.56
-4.88,-14.64,-9.76,9.76,0,-14.64,-34.16,-39.04,-63.44,-53.68,-68.32,-63.44
0,-14.64,-14.64,9.76,4.88,-14.64,-29.28,-34.16,-63.44,-53.68,-78.08,-53.68
4.88,-9.76,-14.64,4.88,9.76,-14.64,-29.28,-34.16,-63.44,-63.44,-78.08,-53.68
0,-9.76,-9.76,4.88,4.88,-9.76,-24.4,-29.28,-53.68,-53.68,-68.32,-48.8
0,-14.64,-14.64,9.76,4.88,-14.64,-19.52,-24.4,-53.68,-48.8,-63.44,-48.8
4.88,-4.88,-9.76,0,4.88,-9.76,-14.64,-29.28,-53.68,-39.04,-58.56,-48.8
9.76,0,-9.76,-4.88,9.76,-4.88,-14.64,-24.4,-48.8,-43.92,-68.32,-43.92
9.76,-4.88,-14.64,0,9.76,-9.76,-14.64,-19.52,-48.8,-39.04,-58.56,-39.04
9.76,-4.88,-14.64,0,9.76,-9.76,-14.64,-14.64,-48.8,-34.16,-58.56,-39.04
0,-19.52,-19.52,9.76,9.76,-19.52,-14.64,-19.52,-48.8,-39.04,-68.32,-48.8
0,-24.4,-24.4,14.64,9.76,-24.4,-4.88,-14.64,-53.68,-48.8,-78.08,-53.68
4.88,-14.64,-19.52,4.88,9.76,-19.52,-9.76,-19.52,-53.68,-53.68,-82.96,-53.68
4.88,-9.76,-14.64,4.88,9.76,-14.64,-19.52,-19.52,-58.56,-63.44,-92.72,-63.44
14.64,0,-14.64,-4.88,14.64,-9.76,-19.52,-19.52,-58.56,-63.44,-92.72,-58.56
4.88,-4.88,-9.76,0,4.88,-9.76,-19.52,-19.52,-63.44,-63.44,-87.84,-53.68
4.88,-4.88,-9.76,0,4.88,-9.76,-19.52,-19.52,-58.56,-53.68,-73.2,-48.8
4.88,4.88,0,-4.88,0,0,-9.76,-14.64,-53.68,-48.8,-78.08,-48.8
4.88,4.88,0,-4.88,0,0,-9.76,-9.76,-48.8,-43.92,-68.32,-43.92
4.88,-9.76,-14.64,4.88,9.76,-14.64,-9.76,-4.88,-48.8,-39.04,-63.44,-39.04
0,-14.64,-14.64,9.76,4.88,-14.64,0,0,-39.04,-39.04,-63.44,-39.04
-4.88,-24.4,-19.52,14.64,4.88,-24.4,-14.64,-4.88,-39.04,-39.04,-68.32,-39.04
-4.88,-19.52,-14.64,14.64,4.88,-19.52,-14.64,-4.88,-39.04,-34.16,-63.44,-39.04
0,-14.64,-14.64,9.76,4.88,-14.64,-9.76,-9.76,-48.8,-39.04,-73.2,-43.92
-4.88,-9.76,-4.88,9.76,0,-9.76,-14.64,-9.76,-48.8,-43.92,-78.08,-48.8
4.88,0,-4.88,0,4.88,-4.88,-19.52,-9.76,-43.92,-39.04,-78.08,-58.56
4.88,9.76,4.88,-4.88,0,4.88,-19.52,-4.88,-39.04,-34.16,-68.32,-53.68
9.76,24.4,14.64,-14.64,-4.88,19.52,-24.4,-9.76,-43.92,-39.04,-78.08,-58.56
9.76,29.28,19.52,-19.52,-4.88,24.4,-19.52,-4.88,-34.16,-39.04,-73.2,-48.8
0,24.4,24.4,-9.76,-14.64,24.4,-19.52,-4.88,-39.04,-34.16,-68.32,-48.8
0,19.52,19.52,-9.76,-9.76,19.52,-4.88,0,-34.16,-39.04,-63.44,-43.92
0,14.64,14.64,-4.88,-9.76,14.64,-4.88,0,-39.04,-34.16,-68.32,-43.92
0,4.88,4.88,0,-4.88,4.88,-9.76,0,-39.04,-24.4,-53.68,-29.28
4.88,9.76,4.88,-4.88,0,4.88,0,4.88,-39.04,-29.28,-53.68,-39.04
4.88,4.88,0,-4.88,0,0,0,4.88,-43.92,-34.16,-63.44,-43.92
-4.88,0,4.88,4.88,-4.88,0,-4.88,4.88,-43.92,-34.16,-68.32,-43.92
-4.88,4.88,9.76,0,-9.76,4.88,4.88,4.88,-43.92,-34.16,-63.44,-43.92
-9.76,4.88,14.64,4.88,-14.64,9.76,0,4.88,-43.92,-34.16,-78.08,-58.56
0,4.88,4.88,0,-4.88,4.88,4.88,19.52,-34.16,-24.4,-68.32,-48.8
0,9.76,9.76,-4.88,-4.88,9.76,4.88,19.52,-29.28,-29.28,-73.2,-48.8
4.88,19.52,14.64,-9.76,-4.88,14.64,0,14.64,-34.16,-48.8,-82.96,-48.8
14.64,29.28,14.64,-19.52,0,19.52,-4.88,14.64,-29.28,-43.92,-82.96,-48.8
9.76,24.4,14.64,-14.64,-4.88,19.52,-9.76,14.64,-29.28,-34.16,-73.2,-39.04
9.76,19.52,9.76,-14.64,0,14.64,4.88,14.64,-29.28,-34.16,-78.08,-39.04
9.76,24.4,14.64,-14.64,-4.88,19.52,9.76,14.64,-34.16,-34.16,-68.32,-34.16
4.88,19.52,14.64,-9.76,-4.88,14.64,0,9.76,-29.28,-34.16,-63.44,-29.28
4.88,24.4,19.52,-14.64,-9.76,19.52,0,19.52,-24.4,-14.64,-48.8,-14.64
4.88,29.28,24.4,-14.64,-9.76,24.4,4.88,19.52,-24.4,-19.52,-48.8,-9.76
4.88,39.04,34.16,-19.52,-14.64,34.16,-4.88,14.64,-19.52,-19.52,-43.92,-19.52
14.64,39.04,24.4,-24.4,-4.88,29.28,-9.76,14.64,-14.64,-9.76,-39.04,-19.52
4.88,34.16,29.28,-19.52,-14.64,29.28,-14.64,14.64,-19.52,-14.64,-39.04,-19.52
14.64,34.16,19.52,-24.4,-4.88,24.4,-9.76,19.52,-14.64,-9.76,-39.04,-9.76
19.52,34.16,14.64,-24.4,0,24.4,-9.76,14.64,-14.64,-9.76,-34.16,-9.76
14.64,24.4,9.76,-19.52,0,14.64,-9.76,9.76,-19.52,-14.64,-39.04,-14.64
19.52,24.4,4.88,-19.52,4.88,14.64,0,14.64,-19.52,-19.52,-43.92,-14.64
9.76,9.76,0,-9.76,4.88,4.88,4.88,14.64,-19.52,-9.76,-39.04,-14.64
4.88,0,-4.88,0,4.88,-4.88,9.76,19.52,-24.4,-14.64,-43.92,-9.76
9.76,4.88,-4.88,-4.88,4.88,0,9.76,19.52,-24.4,-24.4,-53.68,-14.64
4.88,0,-4.88,0,4.88,-4.88,0,19.52,-39.04,-29.28,-53.68,-14.64
4.88,4.88,0,-4.88,0,0,-9.76,9.76,-43.92,-24.4,-53.68,-24.4
9.76,14.64,4.88,-9.76,0,9.76,-14.64,19.52,-34.16,-19.52,-48.8,-24.4
9.76,14.64,4.88,-9.76,0,9.76,-19.52,9.76,-39.04,-24.4,-53.68,-34.16
19.52,29.28,9.76,-24.4,4.88,19.52,-14.64,9.76,-34.16,-19.52,-48.8,-29.28
14.64,29.28,14.64,-19.52,0,19.52,-14.64,9.76,-39.04,-29.28,-53.68,-39.04
9.76,19.52,9.76,-14.64,0,14.64,-9.76,9.76,-39.04,-24.4,-53.68,-39.04
4.88,14.64,9.76,-9.76,-4.88,9.76,-9.76,14.64,-39.04,-19.52,-48.8,-39.04
0,9.76,9.76,-4.88,-4.88,9.76,-9.76,9.76,-43.92,-34.16,-53.68,-43.92
0,9.76,9.76,-4.88,-4.88,9.76,0,9.76,-39.04,-34.16,-63.44,-34.16
4.88,4.88,0,-4.88,0,0,0,9.76,-43.92,-29.28,-58.56,-29.28
-4.88,-9.76,-4.88,9.76,0,-9.76,0,4.88,-43.92,-34.16,-63.44,-24.4
0,-9.76,-9.76,4.88,4.88,-9.76,-4.88,4.88,-58.56,-43.92,-68.32,-24.4
0,-4.88,-4.88,4.88,0,-4.88,-4.88,0,-58.56,-43.92,-68.32,-29.28
9.76,0,-9.76,-4.88,9.76,-4.88,-14.64,-4.88,-63.44,-53.68,-73.2,-29.28
9.76,14.64,4.88,-9.76,0,9.76,-9.76,-4.88,-63.44,-53.68,-73.2,-34.16
9.76,14.64,4.88,-9.76,0,9.76,-14.64,-4.88,-63.44,-53.68,-78.08,-43.92
14.64,14.64,0,-14.64,4.88,4.88,-14.64,-4.88,-63.44,-53.68,-82.96,-48.8
9.76,19.52,9.76,-14.64,0,14.64,-14.64,-4.88,-58.56,-53.68,-78.08,-48.8
14.64,9.76,-4.88,-9.76,9.76,0,-14.64,0,-68.32,-58.56,-87.84,-48.8
19.52,19.52,0,-19.52,9.76,9.76,-14.64,0,-68.32,-53.68,-78.08,-48.8
9.76,4.88,-4.88,-4.88,4.88,0,-4.88,-4.88,-68.32,-53.68,-78.08,-43.92
-4.88,-9.76,-4.88,9.76,0,-9.76,-4.88,-9.76,-73.2,-53.68,-78.08,-39.04
0,-14.64,-14.64,9.76,4.88,-14.64,-4.88,-4.88,-68.32,-48.8,-73.2,-39.04
0,-29.28,-29.28,14.64,14.64,-29.28,-9.76,-4.88,-68.32,-43.92,-73.2,-39.04
4.88,-14.64,-19.52,4.88,9.76,-19.52,4.88,4.88,-63.44,-48.8,-68.32,-34.16
4.88,-14.64,-19.52,4.88,9.76,-19.52,-4.88,0,-63.44,-53.68,-82.96,-39.04
0,-9.76,-9.76,4.88,4.88,-9.76,-9.76,0,-63.44,-53.68,-87.84,-43.92
4.88,-4.88,-9.76,0,4.88,-9.76,-9.76,0,-63.44,-53.68,-82.96,-39.04
4.88,4.88,0,-4.88,0,0,-19.52,0,-68.32,-63.44,-97.6,-53.68
0,0,0,0,0,0,-24.4,-4.88,-68.32,-63.44,-102.48,-53.68
4.88,0,-4.88,0,4.88,-4.88,-14.64,-9.76,-78.08,-68.32,-102.48,-53.68
0,-4.88,-4.88,4.88,0,-4.88,-14.64,-14.64,-87.84,-78.08,-107.36,-53.68
-4.88,-14.64,-9.76,9.76,0,-14.64,-9.76,-4.88,-78.08,-68.32,-107.36,-53.68
-4.88,-24.4,-19.52,14.64,4.88,-24.4,-9.76,0,-73.2,-63.44,-102.48,-43.92
-4.88,-29.28,-24.4,19.52,9.76,-29.28,-14.64,-4.88,-82.96,-68.32,-102.48,-48.8
0,-19.52,-19.52,9.76,9.76,-19.52,-9.76,-4.88,-78.08,-63.44,-97.6,-43.92
-4.88,-19.52,-14.64,14.64,4.88,-19.52,0,0,-68.32,-53.68,-82.96,-34.16
4.88,-19.52,-24.4,9.76,14.64,-24.4,0,-9.76,-73.2,-58.56,-78.08,-34.16
4.88,-19.52,-24.4,9.76,14.64,-24.4,0,-4.88,-73.2,-58.56,-92.72,-34.16
-4.88,-34.16,-29.28,19.52,9.76,-34.16,0,0,-73.2,-58.56,-92.72,-29.28
0,-39.04,-39.04,19.52,19.52,-39.04,4.88,0,-68.32,-58.56,-92.72,-34.16
0,-39.04,-39.04,19.52,19.52,-39.04,-4.88,-14.64,-82.96,-73.2,-107.36,-53.68
-9.76,-39.04,-29.28,24.4,9.76,-34.16,-9.76,-14.64,-87.84,-82.96,-117.12,-63.44
-9.76,-29.28,-19.52,19.52,4.88,-24.4,-4.88,-14.64,-78.08,-78.08,-112.24,-63.44
-9.76,-29.28,-19.52,19.52,4.88,-24.4,-14.64,-9.76,-82.96,-78.08,-112.24,-68.32
-9.76,-29.28,-19.52,19.52,4.88,-24.4,-14.64,-9.76,-78.08,-78.08,-117.12,-63.44
-9.76,-19.52,-9.76,14.64,0,-14.64,-14.64,-4.88,-82.96,-78.08,-117.12,-63.44
-9.76,-24.4,-14.64,19.52,0,-19.52,-14.64,-9.76,-87.84,-82.96,-117.12,-58.56
-4.88,-14.64,-9.76,9.76,0,-14.64,-14.64,-9.76,-87.84,-82.96,-117.12,-53.68
-4.88,-19.52,-14.64,14.64,4.88,-19.52,-9.76,-4.88,-87.84,-82.96,-117.12,-43.92
0,-29.28,-29.28,14.64,14.64,-29.28,-4.88,-4.88,-87.84,-82.96,-117.12,-48.8
0,-24.4,-24.4,14.64,9.76,-24.4,-4.88,-4.88,-78.08,-82.96,-112.24,-43.92
-4.88,-19.52,-14.64,14.64,4.88,-19.52,-4.88,-4.88,-73.2,-78.08,-107.36,-39.04
0,-24.4,-24.4,14.64,9.76,-24.4,0,-4.88,-73.2,-73.2,-107.36,-39.04
0,-29.28,-29.28,14.64,14.64,-29.28,0,-4.88,-73.2,-78.08,-112.24,-53.68
-19.52,-48.8,-29.28,34.16,4.88,-39.04,-9.76,-9.76,-82.96,-87.84,-122,-53.68
-14.64,-48.8,-34.16,34.16,9.76,-43.92,-4.88,-9.76,-82.96,-82.96,-122,-58.56
-14.64,-48.8,-34.16,34.16,9.76,-43.92,-4.88,-9.76,-78.08,-82.96,-122,-58.56
-9.76,-43.92,-34.16,29.28,9.76,-39.04,-14.64,-9.76,-82.96,-87.84,-131.76,-63.44
-19.52,-43.92,-24.4,34.16,0,-34.16,-9.76,0,-78.08,-82.96,-126.88,-63.44
-24.4,-48.8,-24.4,39.04,0,-39.04,-9.76,0,-73.2,-78.08,-126.88,-63.44
-14.64,-43.92,-29.28,29.28,4.88,-39.04,-4.88,-4.88,-73.2,-82.96,-131.76,-68.32
-9.76,-39.04,-29.28,24.4,9.76,-34.16,-9.76,-4.88,-78.08,-82.96,-126.88,-63.44
-14.64,-43.92,-29.28,29.28,4.88,-39.04,-14.64,-4.88,-78.08,-78.08,-122,-58.56
-14.64,-34.16,-19.52,24.4,0,-29.28,-14.64,-4.88,-78.08,-82.96,-126.88,-63.44
-14.64,-34.16,-19.52,24.4,0,-29.28,-9.76,-9.76,-82.96,-87.84,-126.88,-63.44
-9.76,-39.04,-29.28,24.4,9.76,-34.16,-14.64,-9.76,-82.96,-87.84,-122,-68.32
-14.64,-39.04,-24.4,29.28,4.88,-34.16,-14.64,-4.88,-82.96,-87.84,-126.88,-73.2
-19.52,-43.92,-24.4,34.16,0,-34.16,-19.52,-4.88,-87.84,-102.48,-126.88,-78.08
-19.52,-48.8,-29.28,34.16,4.88,-39.04,-9.76,-4.88,-87.84,-102.48,-131.76,-78.08
-14.64,-48.8,-34.16,34.16,9.76,-43.92,-4.88,-4.88,-82.96,-97.6,-131.76,-78.08
-14.64,-43.92,-29.28,29.28,4.88,-39.04,-4.88,-4.88,-82.96,-97.6,-131.76,-78.08
-9.76,-43.92,-34.16,29.28,9.76,-39.04,-4.88,0,-78.08,-92.72,-131.76,-73.2
-14.64,-43.92,-29.28,29.28,4.88,-39.04,-9.76,0,-78.08,-92.72,-131.76,-73.2
-14.64,-43.92,-29.28,29.28,4.88,-39.04,-9.76,-4.88,-78.08,-97.6,-131.76,-68.32
-14.64,-43.92,-29.28,29.28,4.88,-39.04,-9.76,-4.88,-78.08,-92.72,-126.88,-68.32
-19.52,-48.8,-29.28,34.16,4.88,-39.04,-14.64,-9.76,-82.96,-92.72,-131.76,-68.32
-19.52,-48.8,-29.28,34.16,4.88,-39.04,-9.76,-4.88,-87.84,-97.6,-126.88,-73.2
-19.52,-43.92,-24.4,34.16,0,-34.16,-4.88,-4.88,-82.96,-102.48,-126.88,-82.96
-24.4,-53.68,-29.28,39.04,0,-43.92,-9.76,-4.88,-78.08,-97.6,-136.64,-82.96
-19.52,-53.68,-34.16,39.04,4.88,-43.92,-4.88,0,-78.08,-97.6,-141.52,-87.84
-29.28,-53.68,-24.4,43.92,-4.88,-39.04,-4.88,0,-78.08,-102.48,-141.52,-92.72
-24.4,-43.92,-19.52,34.16,-4.88,-34.16,-9.76,-4.88,-78.08,-102.48,-141.52,-92.72
-14.64,-43.92,-29.28,29.28,4.88,-39.04,-9.76,-4.88,-82.96,-102.48,-141.52,-92.72
-19.52,-43.92,-24.4,34.16,0,-34.16,-14.64,-9.76,-87.84,-107.36,-146.4,-97.6
-14.64,-39.04,-24.4,29.28,4.88,-34.16,-4.88,-9.76,-82.96,-102.48,-141.52,-87.84
-14.64,-43.92,-29.28,29.28,4.88,-39.04,0,0,-73.2,-92.72,-131.76,-78.08
-19.52,-48.8,-29.28,34.16,4.88,-39.04,-4.88,-4.88,-73.2,-92.72,-126.88,-78.08
-14.64,-43.92,-29.28,29.28,4.88,-39.04,-4.88,-4.88,-73.2,-92.72,-136.64,-82.96
-19.52,-53.68,-34.16,39.04,4.88,-43.92,-9.76,-9.76,-78.08,-102.48,-131.76,-82.96
-24.4,-53.68,-29.28,39.04,0,-43.92,-9.76,-14.64,-87.84,-107.36,-136.64,-92.72
-19.52,-53.68,-34.16,39.04,4.88,-43.92,-4.88,-9.76,-82.96,-102.48,-136.64,-92.72
-19.52,-48.8,-29.28,34.16,4.88,-39.04,-4.88,-4.88,-87.84,-107.36,-141.52,-97.6
-14.64,-43.92,-29.28,29.28,4.88,-39.04,0,-4.88,-78.08,-107.36,-136.64,-92.72
-19.52,-43.92,-24.4,34.16,0,-34.16,-4.88,0,-82.96,-102.48,-136.64,-92.72
-24.4,-48.8,-24.4,39.04,0,-39.04,-4.88,0,-78.08,-97.6,-131.76,-92.72
-19.52,-43.92,-24.4,34.16,0,-34.16,-9.76,0,-82.96,-97.6,-131.76,-92.72
-19.52,-43.92,-24.4,34.16,0,-34.16,-9.76,-4.88,-87.84,-102.48,-136.64,-92.72
-24.4,-43.92,-19.52,34.16,-4.88,-34.16,0,0,-82.96,-97.6,-136.64,-92.72
-24.4,-48.8,-24.4,39.04,0,-39.04,-4.88,-4.88,-82.96,-102.48,-136.64,-87.84
-29.28,-48.8,-19.52,39.04,-4.88,-34.16,-9.76,-9.76,-87.84,-107.36,-146.4,-97.6
-19.52,-53.68,-34.16,39.04,4.88,-43.92,-4.88,-4.88,-87.84,-107.36,-146.4,-92.72
-29.28,-48.8,-19.52,39.04,-4.88,-34.16,-4.88,-9.76,-87.84,-112.24,-146.4,-102.48
-29.28,-58.56,-29.28,43.92,0,-43.92,-9.76,-14.64,-87.84,-117.12,-146.4,-97.6
-24.4,-43.92,-19.52,34.16,-4.88,-34.16,-4.88,-9.76,-82.96,-112.24,-146.4,-97.6
-24.4,-53.68,-29.28,39.04,0,-43.92,-4.88,-4.88,-78.08,-107.36,-141.52,-97.6
-14.64,-48.8,-34.16,34.16,9.76,-43.92,-4.88,-9.76,-82.96,-112.24,-146.4,-102.48
-14.64,-43.92,-29.28,29.28,4.88,-39.04,-4.88,-9.76,-82.96,-107.36,-146.4,-102.48
-19.52,-43.92,-24.4,34.16,0,-34.16,-14.64,-9.76,-87.84,-112.24,-151.28,-107.36
-14.64,-48.8,-34.16,34.16,9.76,-43.92,-4.88,-9.76,-87.84,-112.24,-151.28,-102.48
-29.28,-53.68,-24.4,43.92,-4.88,-39.04,-9.76,-14.64,-92.72,-112.24,-151.28,-102.48
-24.4,-58.56,-34.16,43.92,4.88,-48.8,-14.64,-14.64,-92.72,-112.24,-151.28,-102.48
-29.28,-48.8,-19.52,39.04,-4.88,-34.16,-9.76,-9.76,-87.84,-107.36,-141.52,-92.72
-29.28,-53.68,-24.4,43.92,-4.88,-39.04,-9.76,-14.64,-87.84,-112.24,-141.52,-87.84
-29.28,-48.8,-19.52,39.04,-4.88,-34.16,-9.76,-14.64,-82.96,-117.12,-141.52,-87.84
-19.52,-48.8,-29.28,34.16,4.88,-39.04,-9.76,-9.76,-82.96,-112.24,-141.52,-87.84
-24.4,-53.68,-29.28,39.04,0,-43.92,-4.88,-9.76,-78.08,-107.36,-136.64,-87.84
-14.64,-48.8,-34.16,34.16,9.76,-43.92,-4.88,-9.76,-78.08,-112.24,-141.52,-87.84
-19.52,-48.8,-29.28,34.16,4.88,-39.04,0,-9.76,-82.96,-112.24,-146.4,-97.6
-19.52,-53.68,-34.16,39.04,4.88,-43.92,4.88,-9.76,-78.08,-107.36,-141.52,-92.72
-14.64,-39.04,-24.4,29.28,4.88,-34.16,-4.88,-9.76,-82.96,-112.24,-146.4,-97.6
-14.64,-43.92,-29.28,29.28,4.88,-39.04,0,-4.88,-78.08,-107.36,-141.52,-97.6
-19.52,-43.92,-24.4,34.16,0,-34.16,0,-4.88,-78.08,-107.36,-136.64,-92.72
-19.52,-48.8,-29.28,34.16,4.88,-39.04,4.88,-9.76,-78.08,-107.36,-141.52,-92.72
-29.28,-48.8,-19.52,39.04,-4.88,-34.16,0,-4.88,-82.96,-112.24,-136.64,-97.6
-24.4,-43.92,-19.52,34.16,-4.88,-34.16,4.88,0,-78.08,-102.48,-131.76,-92.72
-29.28,-43.92,-14.64,39.04,-9.76,-29.28,14.64,4.88,-68.32,-97.6,-126.88,-82.96
-24.4,-43.92,-19.52,34.16,-4.88,-34.16,14.64,4.88,-68.32,-97.6,-136.64,-92.72
-24.4,-34.16,-9.76,29.28,-9.76,-24.4,14.64,14.64,-68.32,-97.6,-136.64,-92.72
-29.28,-34.16,-4.88,34.16,-14.64,-19.52,14.64,9.76,-63.44,-97.6,-136.64,-92.72
-24.4,-24.4,0,24.4,-14.64,-14.64,19.52,9.76,-58.56,-97.6,-136.64,-97.6
-24.4,-29.28,-4.88,29.28,-9.76,-19.52,19.52,9.76,-58.56,-97.6,-131.76,-97.6
-29.28,-29.28,0,29.28,-14.64,-14.64,19.52,9.76,-58.56,-97.6,-136.64,-92.72
-24.4,-34.16,-9.76,29.28,-9.76,-24.4,19.52,4.88,-58.56,-97.6,-131.76,-87.84
-24.4,-39.04,-14.64,34.16,-4.88,-29.28,14.64,-4.88,-68.32,-97.6,-141.52,-97.6
-34.16,-48.8,-14.64,43.92,-9.76,-34.16,4.88,-9.76,-73.2,-107.36,-141.52,-92.72
-29.28,-48.8,-19.52,39.04,-4.88,-34.16,4.88,-9.76,-73.2,-107.36,-136.64,-87.84
-34.16,-63.44,-29.28,48.8,-4.88,-48.8,-4.88,-19.52,-78.08,-112.24,-141.52,-92.72
-34.16,-58.56,-24.4,48.8,-4.88,-43.92,-14.64,-29.28,-87.84,-122,-151.28,-102.48
-34.16,-58.56,-24.4,48.8,-4.88,-43.92,-14.64,-29.28,-78.08,-122,-146.4,-97.6
-29.28,-58.56,-29.28,43.92,0,-43.92,-19.52,-34.16,-87.84,-122,-146.4,-102.48
-24.4,-43.92,-19.52,34.16,-4.88,-34.16,-9.76,-29.28,-82.96,-122,-141.52,-97.6
-29.28,-39.04,-9.76,34.16,-9.76,-24.4,-4.88,-29.28,-78.08,-117.12,-146.4,-97.6
-24.4,-39.04,-14.64,34.16,-4.88,-29.28,-14.64,-29.28,-87.84,-117.12,-151.28,-107.36
-24.4,-29.28,-4.88,29.28,-9.76,-19.52,-9.76,-24.4,-78.08,-112.24,-141.52,-107.36
-29.28,-34.16,-4.88,34.16,-14.64,-19.52,-14.64,-24.4,-78.08,-112.24,-146.4,-107.36
-24.4,-34.16,-9.76,29.28,-9.76,-24.4,-9.76,-19.52,-73.2,-107.36,-136.64,-102.48
-24.4,-34.16,-9.76,29.28,-9.76,-24.4,-9.76,-19.52,-73.2,-112.24,-136.64,-102.48
-29.28,-39.04,-9.76,34.16,-9.76,-24.4,-4.88,-14.64,-68.32,-112.24,-136.64,-102.48
-14.64,-39.04,-24.4,29.28,4.88,-34.16,-9.76,-19.52,-73.2,-112.24,-136.64,-107.36
-14.64,-48.8,-34.16,34.16,9.76,-43.92,-4.88,-19.52,-78.08,-112.24,-141.52,-107.36
-14.64,-53.68,-39.04,34.16,9.76,-48.8,-4.88,-19.52,-73.2,-112.24,-141.52,-102.48
-9.76,-43.92,-34.16,29.28,9.76,-39.04,-4.88,-19.52,-73.2,-112.24,-141.52,-112.24
-9.76,-53.68,-43.92,34.16,14.64,-48.8,-14.64,-29.28,-82.96,-117.12,-141.52,-112.24
4.88,-48.8,-53.68,24.4,29.28,-53.68,-14.64,-24.4,-78.08,-117.12,-136.64,-107.36
4.88,-48.8,-53.68,24.4,29.28,-53.68,-14.64,-24.4,-73.2,-117.12,-131.76,-107.36
-4.88,-43.92,-39.04,24.4,14.64,-43.92,-14.64,-29.28,-82.96,-122,-136.64,-112.24
-9.76,-53.68,-43.92,34.16,14.64,-48.8,-9.76,-29.28,-82.96,-117.12,-131.76,-112.24
-14.64,-63.44,-48.8,39.04,14.64,-58.56,-14.64,-29.28,-82.96,-126.88,-131.76,-107.36
-9.76,-58.56,-48.8,34.16,19.52,-53.68,-9.76,-34.16,-78.08,-126.88,-136.64,-112.24
-14.64,-53.68,-39.04,34.16,9.76,-48.8,0,-24.4,-73.2,-117.12,-131.76,-107.36
-29.28,-58.56,-29.28,43.92,0,-43.92,4.88,-19.52,-73.2,-117.12,-136.64,-107.36
-29.28,-53.68,-24.4,43.92,-4.88,-39.04,14.64,-14.64,-68.32,-117.12,-136.64,-107.36
-39.04,-63.44,-24.4,53.68,-9.76,-43.92,9.76,-9.76,-68.32,-122,-141.52,-112.24
-48.8,-68.32,-19.52,58.56,-14.64,-43.92,9.76,-9.76,-68.32,-122,-141.52,-112.24
-48.8,-63.44,-14.64,58.56,-19.52,-39.04,14.64,-4.88,-63.44,-117.12,-136.64,-112.24
-53.68,-63.44,-9.76,58.56,-24.4,-39.04,14.64,-9.76,-68.32,-112.24,-136.64,-112.24
-53.68,-63.44,-9.76,58.56,-24.4,-39.04,19.52,-14.64,-73.2,-117.12,-136.64,-117.12
-53.68,-68.32,-14.64,63.44,-19.52,-43.92,14.64,-19.52,-73.2,-131.76,-141.52,-117.12
-53.68,-78.08,-24.4,68.32,-14.64,-53.68,9.76,-29.28,-82.96,-136.64,-151.28,-122
-43.92,-73.2,-29.28,58.56,-9.76,-53.68,9.76,-34.16,-87.84,-141.52,-156.16,-126.88
-48.8,-73.2,-24.4,63.44,-14.64,-48.8,4.88,-34.16,-92.72,-141.52,-161.04,-131.76
-53.68,-78.08,-24.4,68.32,-14.64,-53.68,4.88,-34.16,-92.72,-141.52,-161.04,-126.88
-48.8,-78.08,-29.28,63.44,-9.76,-53.68,9.76,-29.28,-92.72,-136.64,-151.28,-122
-48.8,-78.08,-29.28,63.44,-9.76,-53.68,9.76,-24.4,-87.84,-136.64,-151.28,-117.12
-48.8,-73.2,-24.4,63.44,-14.64,-48.8,14.64,-19.52,-87.84,-141.52,-151.28,-117.12
-39.04,-68.32,-29.28,53.68,-4.88,-48.8,9.76,-19.52,-87.84,-136.64,-146.4,-117.12
-39.04,-68.32,-29.28,53.68,-4.88,-48.8,4.88,-19.52,-92.72,-141.52,-156.16,-122
-43.92,-63.44,-19.52,53.68,-14.64,-43.92,9.76,-14.64,-87.84,-141.52,-151.28,-122
-48.8,-68.32,-19.52,58.56,-14.64,-43.92,14.64,-19.52,-87.84,-136.64,-151.28,-122
-53.68,-73.2,-19.52,63.44,-19.52,-48.8,14.64,-19.52,-87.84,-141.52,-156.16,-122
-43.92,-78.08,-34.16,63.44,-4.88,-58.56,14.64,-14.64,-87.84,-141.52,-151.28,-122
-58.56,-78.08,-19.52,68.32,-19.52,-48.8,14.64,-14.64,-87.84,-141.52,-151.28,-122
-58.56,-82.96,-24.4,73.2,-19.52,-53.68,19.52,-14.64,-82.96,-136.64,-146.4,-117.12
-53.68,-73.2,-19.52,63.44,-19.52,-48.8,14.64,-9.76,-82.96,-136.64,-146.4,-117.12
-53.68,-73.2,-19.52,63.44,-19.52,-48.8,14.64,-9.76,-82.96,-131.76,-146.4,-112.24
-43.92,-58.56,-14.64,53.68,-14.64,-39.04,19.52,-4.88,-78.08,-126.88,-136.64,-107.36
-39.04,-58.56,-19.52,48.8,-9.76,-39.04,19.52,-4.88,-78.08,-131.76,-136.64,-107.36
-48.8,-63.44,-14.64,58.56,-19.52,-39.04,19.52,0,-82.96,-131.76,-136.64,-112.24
-48.8,-63.44,-14.64,58.56,-19.52,-39.04,24.4,-4.88,-82.96,-131.76,-136.64,-112.24
-48.8,-63.44,-14.64,58.56,-19.52,-39.04,19.52,-9.76,-78.08,-131.76,-131.76,-112.24
-43.92,-63.44,-19.52,53.68,-14.64,-43.92,9.76,-14.64,-82.96,-131.76,-131.76,-112.24
-43.92,-58.56,-14.64,53.68,-14.64,-39.04,14.64,-9.76,-78.08,-131.76,-126.88,-107.36
-43.92,-68.32,-24.4,58.56,-9.76,-48.8,19.52,-14.64,-73.2,-126.88,-122,-107.36
-39.04,-58.56,-19.52,48.8,-9.76,-39.04,14.64,-9.76,-73.2,-126.88,-126.88,-107.36
-39.04,-68.32,-29.28,53.68,-4.88,-48.8,14.64,-9.76,-73.2,-126.88,-126.88,-102.48
-43.92,-58.56,-14.64,53.68,-14.64,-39.04,19.52,-4.88,-68.32,-126.88,-122,-97.6
-39.04,-58.56,-19.52,48.8,-9.76,-39.04,29.28,4.88,-68.32,-126.88,-122,-97.6
-43.92,-68.32,-24.4,58.56,-9.76,-48.8,43.92,29.28,-68.32,-136.64,-136.64,-112.24
-43.92,-82.96,-39.04,63.44,-4.88,-63.44,87.84,78.08,-53.68,-141.52,-151.28,-136.64
-39.04,-107.36,-68.32,73.2,14.64,-87.84,117.12,131.76,-39.04,-161.04,-180.56,-170.8
-34.16,-131.76,-97.6,82.96,29.28,-117.12,146.4,185.44,-19.52,-175.68,-209.84,-209.84
-34.16,-131.76,-97.6,82.96,29.28,-117.12,180.56,234.24,4.88,-170.8,-224.48,-229.36
-34.16,-131.76,-97.6,82.96,29.28,-117.12,190.32,263.52,43.92,-146.4,-214.72,-229.36
-24.4,-102.48,-78.08,63.44,24.4,-92.72,190.32,268.4,87.84,-97.6,-175.68,-200.08
-4.88,-48.8,-43.92,29.28,19.52,-48.8,165.92,263.52,151.28,-14.64,-102.48,-151.28
19.52,-4.88,-24.4,-4.88,19.52,-14.64,131.76,268.4,234.24,102.48,9.76,-78.08
48.8,43.92,-4.88,-43.92,24.4,19.52,122,287.92,341.6,239.12,136.64,19.52
78.08,146.4,68.32,-112.24,4.88,107.36,117.12,292.8,478.24,414.8,312.32,165.92
117.12,258.64,141.52,-185.44,-14.64,200.08,53.68,224.48,580.72,619.76,531.92,346.48
180.56,361.12,180.56,-268.4,0,268.4,-92.72,29.28,649.04,800.32,746.64,531.92
258.64,448.96,190.32,-351.36,34.16,317.2,-278.16,-229.36,663.68,985.76,976,741.76
331.84,536.8,204.96,-434.32,63.44,370.88,-439.2,-458.72,668.56,1171.2,1200.48,941.84
419.68,624.64,204.96,-522.16,107.36,414.8,-605.12,-678.32,692.96,1361.52,1420.08,1122.4
497.76,727.12,229.36,-610,131.76,478.24,-834.48,-946.72,727.12,1581.12,1659.2,1312.72
566.08,849.12,283.04,-707.6,141.52,566.08,-1044.32,-1180.96,785.68,1815.36,1898.32,1498.16
595.36,951.6,356.24,-771.04,117.12,653.92,-1234.64,-1346.88,873.52,2054.48,2127.68,1668.96
639.28,1015.04,375.76,-824.72,131.76,692.96,-1390.8,-1464,961.36,2274.08,2327.76,1815.36
658.8,1049.2,390.4,-854,131.76,717.36,-1512.8,-1546.96,1034.56,2420.48,2464.4,1917.84
605.12,1054.08,448.96,-829.6,78.08,751.52,-1586,-1610.4,1034.56,2430.24,2498.56,1966.64
546.56,966.24,419.68,-756.4,63.44,692.96,-1571.36,-1590.88,985.76,2327.76,2405.84,1908.08
507.52,722.24,214.72,-614.88,146.4,468.48,-1464,-1464,897.92,2113.04,2156.96,1727.52
405.04,468.48,63.44,-434.32,170.8,263.52,-1317.6,-1337.12,688.08,1742.16,1776.32,1439.6
292.8,312.32,19.52,-302.56,136.64,165.92,-1190.72,-1273.68,331.84,1224.88,1293.2,1098
190.32,195.2,4.88,-190.32,92.72,97.6,-1083.36,-1249.28,-117.12,600.24,761.28,736.88
58.56,87.84,29.28,-73.2,14.64,58.56,-980.88,-1259.04,-566.08,-34.16,224.48,356.24
-73.2,-4.88,68.32,39.04,-73.2,29.28,-810.08,-1122.4,-732,-405.04,-180.56,0
-126.88,-68.32,58.56,97.6,-92.72,-4.88,-673.44,-932.08,-707.6,-527.04,-351.36,-185.44
-122,-87.84,34.16,107.36,-78.08,-29.28,-561.2,-766.16,-605.12,-483.12,-336.72,-200.08
-107.36,-92.72,14.64,102.48,-63.44,-39.04,-473.36,-629.52,-507.52,-414.8,-287.92,-200.08
-107.36,-102.48,4.88,107.36,-58.56,-48.8,-385.52,-517.28,-424.56,-351.36,-248.88,-190.32
-92.72,-87.84,4.88,92.72,-48.8,-43.92,-312.32,-434.32,-361.12,-312.32,-229.36,-180.56
-92.72,-78.08,14.64,87.84,-53.68,-34.16,-253.76,-366,-312.32,-278.16,-200.08,-161.04
-82.96,-73.2,9.76,78.08,-48.8,-34.16,-200.08,-292.8,-263.52,-244,-170.8,-146.4
-68.32,-68.32,0,68.32,-34.16,-34.16,-146.4,-204.96,-204.96,-204.96,-141.52,-131.76
-63.44,-63.44,0,63.44,-34.16,-34.16,-82.96,-131.76,-156.16,-170.8,-112.24,-117.12
-58.56,-68.32,-9.76,63.44,-24.4,-39.04,-43.92,-87.84,-126.88,-156.16,-107.36,-112.24
-58.56,-68.32,-9.76,63.44,-24.4,-39.04,-19.52,-63.44,-112.24,-156.16,-112.24,-122
-63.44,-78.08,-14.64,73.2,-24.4,-48.8,-4.88,-43.92,-107.36,-161.04,-112.24,-122
-58.56,-68.32,-9.76,63.44,-24.4,-39.04,9.76,-24.4,-97.6,-156.16,-117.12,-117.12
-58.56,-68.32,-9.76,63.44,-24.4,-39.04,29.28,-9.76,-92.72,-146.4,-107.36,-117.12
-63.44,-68.32,-4.88,68.32,-29.28,-39.04,34.16,0,-87.84,-151.28,-112.24,-112.24
-63.44,-68.32,-4.88,68.32,-29.28,-39.04,48.8,19.52,-82.96,-141.52,-102.48,-102.48
-58.56,-68.32,-9.76,63.44,-24.4,-39.04,53.68,24.4,-82.96,-146.4,-107.36,-102.48
-53.68,-63.44,-9.76,58.56,-24.4,-39.04,53.68,29.28,-87.84,-146.4,-112.24,-107.36
-48.8,-58.56,-9.76,53.68,-19.52,-34.16,58.56,39.04,-82.96,-146.4,-112.24,-107.36
-53.68,-78.08,-24.4,68.32,-14.64,-53.68,68.32,39.04,-78.08,-151.28,-107.36,-102.48
-53.68,-73.2,-19.52,63.44,-19.52,-48.8,58.56,43.92,-82.96,-161.04,-112.24,-112.24
-58.56,-78.08,-19.52,68.32,-19.52,-48.8,68.32,43.92,-73.2,-156.16,-102.48,-102.48
-53.68,-73.2,-19.52,63.44,-19.52,-48.8,68.32,43.92,-78.08,-156.16,-102.48,-102.48
-48.8,-73.2,-24.4,63.44,-14.64,-48.8,73.2,53.68,-73.2,-146.4,-97.6,-97.6
-53.68,-68.32,-14.64,63.44,-19.52,-43.92,73.2,48.8,-73.2,-151.28,-102.48,-97.6
-58.56,-68.32,-9.76,63.44,-24.4,-39.04,78.08,53.68,-68.32,-146.4,-97.6,-87.84
-58.56,-63.44,-4.88,63.44,-29.28,-34.16,82.96,58.56,-68.32,-141.52,-97.6,-87.84
-63.44,-68.32,-4.88,68.32,-29.28,-39.04,87.84,63.44,-68.32,-141.52,-97.6,-92.72
-43.92,-63.44,-19.52,53.68,-14.64,-43.92,87.84,58.56,-68.32,-156.16,-107.36,-97.6
-48.8,-68.32,-19.52,58.56,-14.64,-43.92,82.96,58.56,-68.32,-151.28,-107.36,-97.6
-53.68,-68.32,-14.64,63.44,-19.52,-43.92,82.96,63.44,-63.44,-151.28,-107.36,-107.36
-48.8,-68.32,-19.52,58.56,-14.64,-43.92,87.84,58.56,-63.44,-151.28,-107.36,-107.36
-53.68,-68.32,-14.64,63.44,-19.52,-43.92,87.84,58.56,-58.56,-141.52,-97.6,-102.48
-48.8,-68.32,-19.52,58.56,-14.64,-43.92,87.84,58.56,-68.32,-141.52,-102.48,-107.36
-48.8,-63.44,-14.64,58.56,-19.52,-39.04,87.84,58.56,-63.44,-141.52,-97.6,-107.36
-58.56,-73.2,-14.64,68.32,-24.4,-43.92,97.6,58.56,-58.56,-136.64,-92.72,-97.6
-53.68,-63.44,-9.76,58.56,-24.4,-39.04,92.72,58.56,-63.44,-141.52,-102.48,-102.48
-48.8,-68.32,-19.52,58.56,-14.64,-43.92,97.6,63.44,-63.44,-141.52,-97.6,-102.48
-48.8,-63.44,-14.64,58.56,-19.52,-39.04,97.6,63.44,-58.56,-146.4,-97.6,-102.48
-48.8,-68.32,-19.52,58.56,-14.64,-43.92,102.48,73.2,-63.44,-141.52,-97.6,-97.6
-48.8,-78.08,-29.28,63.44,-9.76,-53.68,92.72,68.32,-63.44,-146.4,-97.6,-102.48
-48.8,-73.2,-24.4,63.44,-14.64,-48.8,92.72,68.32,-63.44,-146.4,-87.84,-102.48
-48.8,-68.32,-19.52,58.56,-14.64,-43.92,87.84,68.32,-58.56,-141.52,-73.2,-92.72
-53.68,-73.2,-19.52,63.44,-19.52,-48.8,97.6,73.2,-58.56,-136.64,-68.32,-87.84
-48.8,-68.32,-19.52,58.56,-14.64,-43.92,92.72,68.32,-63.44,-136.64,-68.32,-87.84
-58.56,-73.2,-14.64,68.32,-24.4,-43.92,97.6,68.32,-58.56,-136.64,-58.56,-78.08
-58.56,-73.2,-14.64,68.32,-24.4,-43.92,92.72,68.32,-63.44,-141.52,-63.44,-82.96
-48.8,-68.32,-19.52,58.56,-14.64,-43.92,97.6,73.2,-63.44,-141.52,-63.44,-78.08
-48.8,-68.32,-19.52,58.56,-14.64,-43.92,102.48,68.32,-63.44,-146.4,-68.32,-78.08
-53.68,-73.2,-19.52,63.44,-19.52,-48.8,97.6,73.2,-63.44,-146.4,-68.32,-73.2
-48.8,-68.32,-19.52,58.56,-14.64,-43.92,92.72,73.2,-63.44,-151.28,-73.2,-78.08
-48.8,-73.2,-24.4,63.44,-14.64,-48.8,92.72,68.32,-63.44,-146.4,-73.2,-78.08
-48.8,-63.44,-14.64,58.56,-19.52,-39.04,97.6,73.2,-53.68,-136.64,-68.32,-68.32
-48.8,-63.44,-14.64,58.56,-19.52,-39.04,97.6,68.32,-63.44,-136.64,-73.2,-68.32
-48.8,-58.56,-9.76,53.68,-19.52,-34.16,92.72,63.44,-63.44,-141.52,-68.32,-68.32
-48.8,-63.44,-14.64,58.56,-19.52,-39.04,97.6,63.44,-58.56,-136.64,-63.44,-63.44
-58.56,-73.2,-14.64,68.32,-24.4,-43.92,92.72,73.2,-58.56,-136.64,-68.32,-63.44
-48.8,-63.44,-14.64,58.56,-19.52,-39.04,97.6,78.08,-58.56,-136.64,-73.2,-63.44
-58.56,-63.44,-4.88,63.44,-29.28,-34.16,102.48,73.2,-53.68,-136.64,-73.2,-63.44
-68.32,-78.08,-9.76,73.2,-29.28,-43.92,97.6,73.2,-63.44,-141.52,-78.08,-68.32
-63.44,-73.2,-9.76,68.32,-29.28,-43.92,92.72,78.08,-63.44,-141.52,-82.96,-73.2
-58.56,-78.08,-19.52,68.32,-19.52,-48.8,102.48,78.08,-58.56,-136.64,-78.08,-68.32
-53.68,-73.2,-19.52,63.44,-19.52,-48.8,97.6,73.2,-53.68,-136.64,-82.96,-63.44
-43.92,-68.32,-24.4,58.56,-9.76,-48.8,97.6,78.08,-53.68,-136.64,-78.08,-58.56
-48.8,-68.32,-19.52,58.56,-14.64,-43.92,92.72,73.2,-53.68,-131.76,-78.08,-53.68
-48.8,-68.32,-19.52,58.56,-14.64,-43.92,102.48,82.96,-43.92,-122,-68.32,-43.92
-43.92,-63.44,-19.52,53.68,-14.64,-43.92,102.48,87.84,-39.04,-117.12,-68.32,-39.04
-48.8,-68.32,-19.52,58.56,-14.64,-43.92,102.48,87.84,-43.92,-126.88,-78.08,-43.92
-48.8,-63.44,-14.64,58.56,-19.52,-39.04,97.6,87.84,-43.92,-126.88,-78.08,-39.04
-53.68,-73.2,-19.52,63.44,-19.52,-48.8,97.6,87.84,-43.92,-126.88,-87.84,-43.92
-48.8,-68.32,-19.52,58.56,-14.64,-43.92,92.72,82.96,-48.8,-136.64,-92.72,-48.8
-43.92,-68.32,-24.4,58.56,-9.76,-48.8,97.6,87.84,-43.92,-126.88,-87.84,-43.92
-43.92,-68.32,-24.4,58.56,-9.76,-48.8,97.6,87.84,-39.04,-122,-82.96,-43.92
-39.04,-68.32,-29.28,53.68,-4.88,-48.8,102.48,92.72,-39.04,-126.88,-87.84,-43.92
-39.04,-63.44,-24.4,53.68,-9.76,-43.92,102.48,87.84,-34.16,-122,-87.84,-39.04
-43.92,-63.44,-19.52,53.68,-14.64,-43.92,102.48,82.96,-34.16,-122,-82.96,-39.04
-39.04,-58.56,-19.52,48.8,-9.76,-39.04,107.36,92.72,-29.28,-112.24,-78.08,-34.16
-39.04,-58.56,-19.52,48.8,-9.76,-39.04,102.48,92.72,-39.04,-117.12,-82.96,-39.04
-43.92,-58.56,-14.64,53.68,-14.64,-39.04,102.48,87.84,-43.92,-122,-87.84,-48.8
-48.8,-68.32,-19.52,58.56,-14.64,-43.92,102.48,92.72,-43.92,-117.12,-87.84,-48.8
-53.68,-63.44,-9.76,58.56,-24.4,-39.04,92.72,87.84,-48.8,-126.88,-97.6,-58.56
-48.8,-58.56,-9.76,53.68,-19.52,-34.16,97.6,87.84,-43.92,-117.12,-92.72,-53.68
-43.92,-58.56,-14.64,53.68,-14.64,-39.04,92.72,87.84,-39.04,-117.12,-87.84,-53.68
-53.68,-63.44,-9.76,58.56,-24.4,-39.04,92.72,87.84,-39.04,-112.24,-92.72,-53.68
-48.8,-58.56,-9.76,53.68,-19.52,-34.16,92.72,87.84,-29.28,-107.36,-87.84,-48.8
-48.8,-53.68,-4.88,53.68,-24.4,-29.28,102.48,97.6,-24.4,-97.6,-78.08,-53.68
-43.92,-48.8,-4.88,48.8,-19.52,-29.28,107.36,102.48,-24.4,-102.48,-78.08,-53.68
-39.04,-43.92,-4.88,43.92,-19.52,-24.4,102.48,102.48,-29.28,-107.36,-82.96,-53.68
-48.8,-43.92,4.88,48.8,-29.28,-19.52,102.48,102.48,-24.4,-107.36,-87.84,-58.56
-43.92,-39.04,4.88,43.92,-24.4,-19.52,102.48,102.48,-29.28,-102.48,-87.84,-53.68
-39.04,-39.04,0,39.04,-19.52,-19.52,92.72,102.48,-29.28,-107.36,-92.72,-58.56
-43.92,-48.8,-4.88,48.8,-19.52,-29.28,102.48,107.36,-19.52,-102.48,-87.84,-53.68
-43.92,-48.8,-4.88,48.8,-19.52,-29.28,92.72,102.48,-19.52,-102.48,-92.72,-58.56
-53.68,-48.8,4.88,53.68,-29.28,-24.4,97.6,107.36,-14.64,-97.6,-82.96,-48.8
-48.8,-43.92,4.88,48.8,-29.28,-19.52,97.6,102.48,-14.64,-92.72,-82.96,-48.8
-43.92,-39.04,4.88,43.92,-24.4,-19.52,97.6,112.24,-14.64,-82.96,-73.2,-43.92
-43.92,-43.92,0,43.92,-24.4,-24.4,97.6,107.36,-14.64,-87.84,-78.08,-43.92
-43.92,-34.16,9.76,39.04,-29.28,-14.64,97.6,117.12,-14.64,-87.84,-73.2,-48.8
-39.04,-34.16,4.88,39.04,-24.4,-14.64,97.6,117.12,-9.76,-82.96,-82.96,-48.8
-43.92,-39.04,4.88,43.92,-24.4,-19.52,107.36,122,-4.88,-78.08,-78.08,-48.8
-34.16,-29.28,4.88,34.16,-19.52,-14.64,102.48,117.12,-4.88,-82.96,-78.08,-53.68
-34.16,-34.16,0,34.16,-19.52,-19.52,102.48,122,4.88,-73.2,-78.08,-48.8
-29.28,-29.28,0,29.28,-14.64,-14.64,92.72,117.12,4.88,-78.08,-78.08,-48.8
-34.16,-34.16,0,34.16,-19.52,-19.52,102.48,126.88,9.76,-68.32,-68.32,-43.92
-34.16,-34.16,0,34.16,-19.52,-19.52,92.72,122,9.76,-63.44,-73.2,-43.92
-29.28,-19.52,9.76,24.4,-19.52,-4.88,97.6,122,14.64,-58.56,-68.32,-43.92
-29.28,-19.52,9.76,24.4,-19.52,-4.88,97.6,126.88,14.64,-58.56,-63.44,-34.16
-24.4,-19.52,4.88,24.4,-14.64,-9.76,97.6,141.52,24.4,-53.68,-58.56,-34.16
-24.4,-14.64,9.76,19.52,-19.52,-4.88,102.48,146.4,34.16,-43.92,-53.68,-24.4
-34.16,-29.28,4.88,34.16,-19.52,-14.64,102.48,151.28,34.16,-43.92,-48.8,-24.4
-24.4,-19.52,4.88,24.4,-14.64,-9.76,92.72,151.28,39.04,-39.04,-48.8,-24.4
-24.4,-9.76,14.64,19.52,-19.52,0,107.36,151.28,39.04,-29.28,-43.92,-24.4
-24.4,-14.64,9.76,19.52,-19.52,-4.88,102.48,151.28,43.92,-29.28,-39.04,-19.52
-19.52,-4.88,14.64,14.64,-19.52,4.88,102.48,156.16,48.8,-24.4,-34.16,-19.52
-19.52,-4.88,14.64,14.64,-19.52,4.88,97.6,161.04,53.68,-19.52,-34.16,-14.64
-19.52,-4.88,14.64,14.64,-19.52,4.88,102.48,161.04,63.44,-4.88,-19.52,-14.64
-19.52,0,19.52,9.76,-19.52,9.76,102.48,170.8,73.2,4.88,-9.76,0
-19.52,0,19.52,9.76,-19.52,9.76,102.48,175.68,78.08,9.76,-9.76,0
-19.52,4.88,24.4,9.76,-24.4,14.64,97.6,175.68,87.84,14.64,-4.88,4.88
-19.52,4.88,24.4,9.76,-24.4,14.64,107.36,185.44,92.72,29.28,9.76,14.64
-14.64,9.76,24.4,4.88,-19.52,14.64,97.6,185.44,102.48,29.28,9.76,14.64
-4.88,24.4,29.28,-9.76,-19.52,24.4,92.72,185.44,107.36,39.04,14.64,24.4
-4.88,29.28,34.16,-9.76,-19.52,29.28,92.72,195.2,117.12,43.92,24.4,34.16
-4.88,34.16,39.04,-14.64,-24.4,34.16,92.72,195.2,122,53.68,34.16,39.04
4.88,43.92,39.04,-24.4,-19.52,39.04,87.84,200.08,126.88,63.44,39.04,43.92
-4.88,39.04,43.92,-14.64,-24.4,39.04,97.6,204.96,141.52,78.08,53.68,53.68
4.88,48.8,43.92,-24.4,-19.52,43.92,92.72,214.72,146.4,87.84,63.44,68.32
9.76,53.68,43.92,-29.28,-19.52,48.8,87.84,214.72,156.16,97.6,68.32,68.32
4.88,53.68,48.8,-29.28,-24.4,48.8,87.84,224.48,165.92,107.36,78.08,78.08
14.64,63.44,48.8,-39.04,-19.52,53.68,92.72,229.36,170.8,112.24,87.84,82.96
19.52,68.32,48.8,-43.92,-14.64,58.56,92.72,234.24,185.44,126.88,97.6,97.6
19.52,73.2,53.68,-43.92,-19.52,63.44,87.84,234.24,195.2,146.4,112.24,107.36
29.28,82.96,53.68,-53.68,-14.64,68.32,78.08,239.12,200.08,156.16,122,112.24
29.28,87.84,58.56,-58.56,-14.64,73.2,87.84,244,214.72,170.8,136.64,126.88
43.92,102.48,58.56,-73.2,-9.76,78.08,82.96,253.76,229.36,185.44,151.28,136.64
48.8,107.36,58.56,-78.08,-4.88,82.96,87.84,253.76,244,204.96,170.8,156.16
43.92,107.36,63.44,-73.2,-9.76,82.96,82.96,258.64,248.88,214.72,175.68,165.92
48.8,112.24,63.44,-78.08,-9.76,87.84,78.08,258.64,258.64,219.6,180.56,165.92
53.68,117.12,63.44,-82.96,-4.88,87.84,68.32,253.76,258.64,234.24,185.44,170.8
58.56,117.12,58.56,-87.84,0,87.84,68.32,258.64,268.4,239.12,190.32,175.68
63.44,126.88,63.44,-92.72,0,92.72,73.2,258.64,283.04,253.76,204.96,185.44
63.44,126.88,63.44,-92.72,0,92.72,68.32,263.52,292.8,268.4,219.6,200.08
73.2,146.4,73.2,-107.36,0,107.36,68.32,273.28,302.56,278.16,239.12,219.6
78.08,156.16,78.08,-117.12,0,117.12,63.44,278.16,312.32,292.8,253.76,229.36
73.2,151.28,78.08,-112.24,-4.88,112.24,68.32,273.28,317.2,302.56,263.52,234.24
87.84,161.04,73.2,-122,4.88,117.12,68.32,283.04,331.84,322.08,278.16,248.88
87.84,165.92,78.08,-126.88,4.88,122,63.44,278.16,331.84,326.96,287.92,253.76
92.72,165.92,73.2,-126.88,9.76,117.12,63.44,283.04,346.48,336.72,292.8,258.64
87.84,170.8,82.96,-126.88,0,126.88,68.32,287.92,346.48,341.6,302.56,268.4
87.84,165.92,78.08,-126.88,4.88,122,58.56,283.04,341.6,336.72,292.8,263.52
92.72,175.68,82.96,-131.76,4.88,126.88,63.44,287.92,351.36,351.36,307.44,273.28
92.72,175.68,82.96,-131.76,4.88,126.88,58.56,283.04,361.12,366,317.2,278.16
92.72,175.68,82.96,-131.76,4.88,126.88,53.68,287.92,366,361.12,322.08,287.92
97.6,180.56,82.96,-136.64,4.88,131.76,53.68,287.92,366,370.88,326.96,292.8
97.6,180.56,82.96,-136.64,4.88,131.76,53.68,283.04,375.76,380.64,336.72,302.56
102.48,185.44,82.96,-141.52,9.76,131.76,53.68,287.92,375.76,390.4,341.6,307.44
112.24,200.08,87.84,-156.16,9.76,141.52,53.68,283.04,375.76,385.52,346.48,312.32
112.24,195.2,82.96,-151.28,14.64,136.64,53.68,278.16,375.76,390.4,351.36,312.32
107.36,195.2,87.84,-151.28,9.76,141.52,53.68,278.16,380.64,385.52,346.48,312.32
107.36,190.32,82.96,-146.4,9.76,136.64,53.68,273.28,370.88,375.76,336.72,302.56
97.6,185.44,87.84,-141.52,4.88,136.64,53.68,263.52,361.12,375.76,331.84,302.56
97.6,185.44,87.84,-141.52,4.88,136.64,58.56,263.52,361.12,370.88,326.96,297.68
92.72,180.56,87.84,-136.64,0,131.76,48.8,253.76,356.24,356.24,317.2,292.8
92.72,180.56,87.84,-136.64,0,131.76,53.68,248.88,341.6,351.36,307.44,287.92
102.48,180.56,78.08,-141.52,9.76,126.88,58.56,244,341.6,346.48,297.68,283.04
97.6,175.68,78.08,-136.64,9.76,126.88,58.56,239.12,331.84,336.72,292.8,283.04
102.48,180.56,78.08,-141.52,9.76,126.88,63.44,239.12,322.08,317.2,278.16,273.28
97.6,165.92,68.32,-131.76,14.64,117.12,63.44,229.36,307.44,307.44,258.64,258.64
87.84,151.28,63.44,-117.12,9.76,107.36,63.44,224.48,302.56,292.8,239.12,244
82.96,151.28,68.32,-117.12,4.88,107.36,63.44,209.84,283.04,268.4,224.48,229.36
78.08,136.64,58.56,-107.36,9.76,97.6,68.32,204.96,268.4,253.76,214.72,219.6
73.2,126.88,53.68,-97.6,9.76,87.84,68.32,190.32,253.76,229.36,190.32,200.08
73.2,117.12,43.92,-92.72,14.64,78.08,63.44,185.44,239.12,219.6,175.68,185.44
58.56,97.6,39.04,-78.08,9.76,68.32,68.32,180.56,234.24,209.84,156.16,175.68
53.68,92.72,39.04,-73.2,4.88,63.44,68.32,170.8,224.48,195.2,151.28,170.8
53.68,92.72,39.04,-73.2,4.88,63.44,68.32,151.28,204.96,180.56,131.76,156.16
53.68,82.96,29.28,-68.32,9.76,53.68,63.44,141.52,185.44,156.16,107.36,136.64
48.8,73.2,24.4,-58.56,9.76,48.8,68.32,131.76,170.8,141.52,97.6,131.76
39.04,53.68,14.64,-43.92,9.76,34.16,63.44,122,161.04,126.88,78.08,112.24
34.16,53.68,19.52,-43.92,4.88,34.16,73.2,117.12,146.4,112.24,63.44,102.48
39.04,48.8,9.76,-43.92,14.64,29.28,68.32,107.36,136.64,102.48,53.68,87.84
24.4,34.16,9.76,-29.28,4.88,19.52,68.32,102.48,131.76,87.84,39.04,73.2
24.4,29.28,4.88,-24.4,9.76,14.64,63.44,92.72,112.24,78.08,34.16,63.44
9.76,14.64,4.88,-9.76,0,9.76,63.44,92.72,107.36,68.32,24.4,58.56
9.76,14.64,4.88,-9.76,0,9.76,63.44,78.08,102.48,53.68,14.64,48.8
14.64,14.64,0,-14.64,4.88,4.88,63.44,78.08,87.84,48.8,9.76,43.92
9.76,4.88,-4.88,-4.88,4.88,0,58.56,73.2,78.08,34.16,-9.76,34.16
4.88,-4.88,-9.76,0,4.88,-9.76,58.56,63.44,63.44,24.4,-14.64,24.4
4.88,-9.76,-14.64,4.88,9.76,-14.64,58.56,63.44,63.44,19.52,-19.52,19.52
-4.88,-14.64,-9.76,9.76,0,-14.64,58.56,53.68,53.68,9.76,-29.28,9.76
4.88,-14.64,-19.52,4.88,9.76,-19.52,58.56,48.8,43.92,0,-39.04,0
4.88,-19.52,-24.4,9.76,14.64,-24.4,53.68,43.92,43.92,0,-48.8,-4.88
0,-19.52,-19.52,9.76,9.76,-19.52,53.68,39.04,29.28,-4.88,-58.56,-9.76
-9.76,-34.16,-24.4,24.4,4.88,-29.28,63.44,39.04,24.4,-9.76,-53.68,-9.76
-14.64,-43.92,-29.28,29.28,4.88,-39.04,58.56,29.28,24.4,-14.64,-53.68,-14.64
-14.64,-39.04,-24.4,29.28,4.88,-34.16,53.68,19.52,14.64,-19.52,-58.56,-19.52
-14.64,-39.04,-24.4,29.28,4.88,-34.16,53.68,19.52,14.64,-29.28,-63.44,-24.4
-29.28,-48.8,-19.52,39.04,-4.88,-34.16,53.68,14.64,9.76,-29.28,-68.32,-24.4
-24.4,-48.8,-24.4,39.04,0,-39.04,53.68,14.64,9.76,-29.28,-73.2,-29.28
-24.4,-48.8,-24.4,39.04,0,-39.04,48.8,9.76,0,-39.04,-78.08,-34.16
-19.52,-43.92,-24.4,34.16,0,-34.16,43.92,9.76,0,-43.92,-82.96,-39.04
-19.52,-43.92,-24.4,34.16,0,-34.16,48.8,4.88,0,-43.92,-82.96,-39.04
-29.28,-53.68,-24.4,43.92,-4.88,-39.04,53.68,9.76,4.88,-39.04,-78.08,-34.16
-19.52,-48.8,-29.28,34.16,4.88,-39.04,53.68,4.88,-4.88,-48.8,-82.96,-39.04
-14.64,-43.92,-29.28,29.28,4.88,-39.04,43.92,0,0,-48.8,-82.96,-39.04
-19.52,-53.68,-34.16,39.04,4.88,-43.92,43.92,0,-9.76,-48.8,-78.08,-39.04
-19.52,-53.68,-34.16,39.04,4.88,-43.92,48.8,4.88,-4.88,-48.8,-73.2,-34.16
-29.28,-58.56,-29.28,43.92,0,-43.92,48.8,4.88,-14.64,-48.8,-78.08,-39.04
-24.4,-58.56,-34.16,43.92,4.88,-48.8,48.8,0,-14.64,-53.68,-87.84,-43.92
-24.4,-58.56,-34.16,43.92,4.88,-48.8,48.8,0,-19.52,-58.56,-92.72,-43.92
-29.28,-68.32,-39.04,48.8,4.88,-53.68,43.92,-4.88,-24.4,-63.44,-102.48,-53.68
-19.52,-63.44,-43.92,43.92,9.76,-53.68,43.92,0,-19.52,-58.56,-102.48,-58.56
-24.4,-63.44,-39.04,43.92,4.88,-53.68,43.92,9.76,-14.64,-58.56,-97.6,-53.68
-24.4,-68.32,-43.92,48.8,9.76,-58.56,43.92,-4.88,-19.52,-63.44,-97.6,-53.68
-24.4,-63.44,-39.04,43.92,4.88,-53.68,53.68,0,-14.64,-58.56,-92.72,-48.8
-24.4,-63.44,-39.04,43.92,4.88,-53.68,48.8,0,-19.52,-58.56,-97.6,-53.68
-24.4,-63.44,-39.04,43.92,4.88,-53.68,48.8,4.88,-19.52,-63.44,-102.48,-48.8
-29.28,-68.32,-39.04,48.8,4.88,-53.68,43.92,0,-24.4,-68.32,-102.48,-53.68
-29.28,-73.2,-43.92,53.68,4.88,-58.56,43.92,0,-24.4,-68.32,-97.6,-53.68
-14.64,-58.56,-43.92,39.04,14.64,-53.68,48.8,0,-24.4,-73.2,-107.36,-58.56
-19.52,-63.44,-43.92,43.92,9.76,-53.68,48.8,4.88,-19.52,-73.2,-107.36,-58.56
-34.16,-82.96,-48.8,58.56,4.88,-68.32,39.04,0,-24.4,-78.08,-122,-68.32
-34.16,-78.08,-43.92,58.56,4.88,-63.44,34.16,0,-34.16,-82.96,-122,-68.32
-29.28,-73.2,-43.92,53.68,4.88,-58.56,43.92,4.88,-29.28,-82.96,-117.12,-63.44
-24.4,-68.32,-43.92,48.8,9.76,-58.56,43.92,4.88,-24.4,-78.08,-117.12,-58.56
-24.4,-68.32,-43.92,48.8,9.76,-58.56,48.8,4.88,-24.4,-73.2,-112.24,-53.68
-29.28,-73.2,-43.92,53.68,4.88,-58.56,48.8,9.76,-19.52,-78.08,-112.24,-48.8
-29.28,-68.32,-39.04,48.8,4.88,-53.68,53.68,9.76,-24.4,-78.08,-112.24,-48.8
-34.16,-82.96,-48.8,58.56,4.88,-68.32,48.8,9.76,-24.4,-82.96,-112.24,-53.68
-39.04,-78.08,-39.04,58.56,0,-58.56,48.8,9.76,-24.4,-82.96,-122,-58.56
-29.28,-78.08,-48.8,53.68,9.76,-63.44,53.68,14.64,-14.64,-78.08,-112.24,-53.68
-34.16,-82.96,-48.8,58.56,4.88,-68.32,48.8,9.76,-24.4,-73.2,-112.24,-58.56
-34.16,-82.96,-48.8,58.56,4.88,-68.32,43.92,4.88,-24.4,-78.08,-117.12,-58.56
-29.28,-82.96,-53.68,58.56,9.76,-68.32,53.68,14.64,-14.64,-73.2,-112.24,-48.8
-29.28,-78.08,-48.8,53.68,9.76,-63.44,58.56,14.64,-9.76,-68.32,-112.24,-48.8
-24.4,-68.32,-43.92,48.8,9.76,-58.56,58.56,19.52,-9.76,-68.32,-112.24,-48.8
-24.4,-68.32,-43.92,48.8,9.76,-58.56,58.56,19.52,-14.64,-73.2,-117.12,-43.92
-34.16,-68.32,-34.16,53.68,0,-53.68,58.56,14.64,-19.52,-68.32,-117.12,-53.68
-29.28,-63.44,-34.16,48.8,0,-48.8,58.56,19.52,-14.64,-73.2,-117.12,-58.56
-29.28,-68.32,-39.04,48.8,4.88,-53.68,58.56,24.4,-19.52,-73.2,-122,-63.44
-34.16,-68.32,-34.16,53.68,0,-53.68,58.56,24.4,-14.64,-82.96,-122,-68.32
-29.28,-68.32,-39.04,48.8,4.88,-53.68,58.56,29.28,-14.64,-78.08,-122,-68.32
-39.04,-73.2,-34.16,58.56,-4.88,-53.68,53.68,29.28,-9.76,-78.08,-122,-68.32
-34.16,-63.44,-29.28,48.8,-4.88,-48.8,58.56,29.28,-14.64,-73.2,-122,-63.44
-29.28,-58.56,-29.28,43.92,0,-43.92,53.68,29.28,-9.76,-78.08,-122,-63.44
-34.16,-68.32,-34.16,53.68,0,-53.68,58.56,34.16,-4.88,-68.32,-112.24,-58.56
-34.16,-58.56,-24.4,48.8,-4.88,-43.92,68.32,39.04,-4.88,-68.32,-117.12,-63.44
-39.04,-63.44,-24.4,53.68,-9.76,-43.92,68.32,39.04,-4.88,-68.32,-112.24,-58.56
-34.16,-63.44,-29.28,48.8,-4.88,-48.8,63.44,43.92,0,-68.32,-117.12,-58.56
-29.28,-58.56,-29.28,43.92,0,-43.92,73.2,48.8,0,-68.32,-117.12,-58.56
-39.04,-63.44,-24.4,53.68,-9.76,-43.92,73.2,43.92,0,-68.32,-117.12,-63.44
-39.04,-63.44,-24.4,53.68,-9.76,-43.92,73.2,43.92,0,-63.44,-112.24,-58.56
-39.04,-63.44,-24.4,53.68,-9.76,-43.92,73.2,43.92,0,-68.32,-122,-63.44
-39.04,-58.56,-19.52,48.8,-9.76,-39.04,68.32,39.04,-4.88,-73.2,-122,-63.44
-34.16,-53.68,-19.52,43.92,-9.76,-39.04,73.2,48.8,4.88,-63.44,-112.24,-58.56
-43.92,-58.56,-14.64,53.68,-14.64,-39.04,73.2,43.92,0,-58.56,-112.24,-53.68
-48.8,-63.44,-14.64,58.56,-19.52,-39.04,68.32,43.92,4.88,-68.32,-117.12,-58.56
-43.92,-58.56,-14.64,53.68,-14.64,-39.04,73.2,48.8,4.88,-63.44,-107.36,-53.68
-43.92,-58.56,-14.64,53.68,-14.64,-39.04,73.2,53.68,4.88,-63.44,-112.24,-58.56
-39.04,-48.8,-9.76,43.92,-14.64,-29.28,78.08,53.68,4.88,-63.44,-112.24,-58.56
-39.04,-53.68,-14.64,48.8,-14.64,-34.16,73.2,53.68,9.76,-63.44,-112.24,-58.56
-34.16,-53.68,-19.52,43.92,-9.76,-39.04,73.2,53.68,9.76,-58.56,-107.36,-53.68
-29.28,-48.8,-19.52,39.04,-4.88,-34.16,73.2,53.68,9.76,-63.44,-112.24,-63.44
-39.04,-48.8,-9.76,43.92,-14.64,-29.28,68.32,53.68,9.76,-58.56,-112.24,-58.56
-34.16,-43.92,-9.76,39.04,-14.64,-29.28,73.2,58.56,14.64,-58.56,-112.24,-58.56
-39.04,-43.92,-4.88,43.92,-19.52,-24.4,73.2,53.68,9.76,-58.56,-112.24,-58.56
-43.92,-43.92,0,43.92,-24.4,-24.4,78.08,53.68,4.88,-63.44,-112.24,-58.56
-39.04,-43.92,-4.88,43.92,-19.52,-24.4,82.96,53.68,9.76,-53.68,-107.36,-58.56
-39.04,-39.04,0,39.04,-19.52,-19.52,73.2,48.8,4.88,-58.56,-112.24,-63.44
-34.16,-34.16,0,34.16,-19.52,-19.52,78.08,58.56,4.88,-58.56,-112.24,-63.44
-29.28,-29.28,0,29.28,-14.64,-14.64,78.08,58.56,9.76,-58.56,-112.24,-63.44
-34.16,-39.04,-4.88,39.04,-14.64,-24.4,73.2,58.56,9.76,-53.68,-107.36,-63.44
-29.28,-34.16,-4.88,34.16,-14.64,-19.52,78.08,58.56,14.64,-58.56,-107.36,-58.56
-29.28,-24.4,4.88,29.28,-19.52,-9.76,73.2,53.68,14.64,-53.68,-102.48,-58.56
-34.16,-29.28,4.88,34.16,-19.52,-14.64,73.2,58.56,19.52,-48.8,-102.48,-53.68
-34.16,-34.16,0,34.16,-19.52,-19.52,73.2,58.56,14.64,-43.92,-97.6,-48.8
-39.04,-34.16,4.88,39.04,-24.4,-14.64,78.08,63.44,19.52,-48.8,-97.6,-43.92
-34.16,-34.16,0,34.16,-19.52,-19.52,68.32,58.56,14.64,-48.8,-97.6,-48.8
-34.16,-24.4,9.76,29.28,-24.4,-9.76,68.32,63.44,19.52,-48.8,-97.6,-48.8
-29.28,-24.4,4.88,29.28,-19.52,-9.76,63.44,58.56,9.76,-53.68,-102.48,-58.56
-24.4,-24.4,0,24.4,-14.64,-14.64,73.2,58.56,14.64,-48.8,-92.72,-48.8
-29.28,-24.4,4.88,29.28,-19.52,-9.76,68.32,58.56,9.76,-48.8,-97.6,-48.8
-29.28,-24.4,4.88,29.28,-19.52,-9.76,63.44,58.56,14.64,-53.68,-102.48,-53.68
-19.52,-14.64,4.88,19.52,-14.64,-4.88,68.32,58.56,14.64,-48.8,-97.6,-48.8
-19.52,-14.64,4.88,19.52,-14.64,-4.88,68.32,53.68,14.64,-48.8,-97.6,-48.8
-24.4,-24.4,0,24.4,-14.64,-14.64,73.2,53.68,14.64,-43.92,-92.72,-43.92
-29.28,-24.4,4.88,29.28,-19.52,-9.76,63.44,48.8,14.64,-48.8,-92.72,-43.92
-29.28,-29.28,0,29.28,-14.64,-14.64,68.32,43.92,9.76,-48.8,-92.72,-48.8
-24.4,-19.52,4.88,24.4,-14.64,-9.76,63.44,48.8,9.76,-48.8,-92.72,-53.68
-24.4,-19.52,4.88,24.4,-14.64,-9.76,68.32,43.92,4.88,-48.8,-92.72,-53.68
-29.28,-34.16,-4.88,34.16,-14.64,-19.52,58.56,43.92,9.76,-53.68,-92.72,-53.68
-24.4,-29.28,-4.88,29.28,-9.76,-19.52,58.56,43.92,4.88,-48.8,-92.72,-53.68
-24.4,-29.28,-4.88,29.28,-9.76,-19.52,58.56,48.8,4.88,-53.68,-97.6,-58.56
-19.52,-29.28,-9.76,24.4,-4.88,-19.52,58.56,48.8,4.88,-48.8,-92.72,-53.68
-19.52,-24.4,-4.88,24.4,-9.76,-14.64,58.56,48.8,0,-43.92,-87.84,-48.8
-24.4,-29.28,-4.88,29.28,-9.76,-19.52,58.56,43.92,-4.88,-53.68,-92.72,-53.68
-19.52,-24.4,-4.88,24.4,-9.76,-14.64,63.44,48.8,0,-53.68,-87.84,-53.68
-19.52,-29.28,-9.76,24.4,-4.88,-19.52,58.56,39.04,-4.88,-58.56,-87.84,-53.68
-24.4,-29.28,-4.88,29.28,-9.76,-19.52,53.68,39.04,-4.88,-58.56,-92.72,-58.56
-19.52,-24.4,-4.88,24.4,-9.76,-14.64,58.56,43.92,0,-58.56,-87.84,-58.56
-24.4,-29.28,-4.88,29.28,-9.76,-19.52,48.8,34.16,-9.76,-63.44,-92.72,-63.44
-24.4,-34.16,-9.76,29.28,-9.76,-24.4,53.68,39.04,-9.76,-53.68,-87.84,-58.56
-29.28,-24.4,4.88,29.28,-19.52,-9.76,53.68,39.04,-9.76,-58.56,-97.6,-58.56
-24.4,-29.28,-4.88,29.28,-9.76,-19.52,53.68,34.16,-14.64,-58.56,-92.72,-63.44
-19.52,-24.4,-4.88,24.4,-9.76,-14.64,63.44,39.04,-4.88,-53.68,-82.96,-53.68
-29.28,-24.4,4.88,29.28,-19.52,-9.76,58.56,34.16,-9.76,-58.56,-92.72,-58.56
-34.16,-29.28,4.88,34.16,-19.52,-14.64,58.56,34.16,-9.76,-63.44,-92.72,-63.44
-19.52,-29.28,-9.76,24.4,-4.88,-19.52,58.56,29.28,-19.52,-63.44,-87.84,-63.44
-14.64,-34.16,-19.52,24.4,0,-29.28,53.68,29.28,-24.4,-68.32,-92.72,-68.32
-19.52,-29.28,-9.76,24.4,-4.88,-19.52,53.68,29.28,-24.4,-73.2,-97.6,-73.2
-19.52,-34.16,-14.64,29.28,-4.88,-24.4,48.8,24.4,-24.4,-73.2,-97.6,-73.2
-29.28,-39.04,-9.76,34.16,-9.76,-24.4,48.8,24.4,-24.4,-73.2,-92.72,-68.32
-14.64,-34.16,-19.52,24.4,0,-29.28,48.8,29.28,-24.4,-73.2,-97.6,-73.2
-14.64,-34.16,-19.52,24.4,0,-29.28,48.8,29.28,-24.4,-68.32,-92.72,-68.32
-14.64,-39.04,-24.4,29.28,4.88,-34.16,48.8,29.28,-24.4,-63.44,-97.6,-63.44
-9.76,-29.28,-19.52,19.52,4.88,-24.4,48.8,24.4,-24.4,-68.32,-97.6,-68.32
-14.64,-34.16,-19.52,24.4,0,-29.28,48.8,24.4,-19.52,-68.32,-102.48,-68.32
-14.64,-34.16,-19.52,24.4,0,-29.28,53.68,24.4,-24.4,-68.32,-92.72,-63.44
-9.76,-34.16,-24.4,24.4,4.88,-29.28,43.92,24.4,-24.4,-68.32,-97.6,-68.32
-14.64,-39.04,-24.4,29.28,4.88,-34.16,43.92,19.52,-24.4,-78.08,-102.48,-68.32
-14.64,-34.16,-19.52,24.4,0,-29.28,48.8,24.4,-19.52,-73.2,-97.6,-68.32
-14.64,-43.92,-29.28,29.28,4.88,-39.04,43.92,14.64,-29.28,-73.2,-97.6,-68.32
-14.64,-39.04,-24.4,29.28,4.88,-34.16,39.04,19.52,-24.4,-78.08,-97.6,-73.2
-14.64,-39.04,-24.4,29.28,4.88,-34.16,48.8,19.52,-29.28,-78.08,-97.6,-63.44
-19.52,-48.8,-29.28,34.16,4.88,-39.04,43.92,14.64,-34.16,-73.2,-102.48,-63.44
-24.4,-48.8,-24.4,39.04,0,-39.04,43.92,9.76,-34.16,-78.08,-97.6,-63.44
-19.52,-43.92,-24.4,34.16,0,-34.16,43.92,19.52,-29.28,-73.2,-97.6,-63.44
-29.28,-43.92,-14.64,39.04,-9.76,-29.28,39.04,14.64,-34.16,-78.08,-92.72,-63.44
-19.52,-43.92,-24.4,34.16,0,-34.16,43.92,19.52,-29.28,-78.08,-97.6,-63.44
-19.52,-39.04,-19.52,29.28,0,-29.28,43.92,14.64,-34.16,-82.96,-102.48,-73.2
-29.28,-39.04,-9.76,34.16,-9.76,-24.4,43.92,14.64,-29.28,-82.96,-102.48,-68.32
-24.4,-43.92,-19.52,34.16,-4.88,-34.16,43.92,9.76,-39.04,-82.96,-102.48,-68.32
-34.16,-43.92,-9.76,39.04,-14.64,-29.28,34.16,9.76,-39.04,-87.84,-107.36,-73.2
-24.4,-34.16,-9.76,29.28,-9.76,-24.4,39.04,9.76,-43.92,-87.84,-107.36,-68.32
-24.4,-39.04,-14.64,34.16,-4.88,-29.28,39.04,4.88,-48.8,-82.96,-102.48,-68.32
-34.16,-43.92,-9.76,39.04,-14.64,-29.28,39.04,4.88,-43.92,-82.96,-102.48,-68.32
-29.28,-39.04,-9.76,34.16,-9.76,-24.4,48.8,14.64,-39.04,-82.96,-102.48,-68.32
-29.28,-43.92,-14.64,39.04,-9.76,-29.28,39.04,9.76,-43.92,-92.72,-97.6,-68.32
-24.4,-39.04,-14.64,34.16,-4.88,-29.28,39.04,4.88,-43.92,-92.72,-102.48,-73.2
-19.52,-39.04,-19.52,29.28,0,-29.28,43.92,4.88,-48.8,-92.72,-102.48,-73.2
-29.28,-43.92,-14.64,39.04,-9.76,-29.28,43.92,4.88,-43.92,-92.72,-102.48,-78.08
-19.52,-43.92,-24.4,34.16,0,-34.16,39.04,0,-48.8,-82.96,-107.36,-78.08
-19.52,-43.92,-24.4,34.16,0,-34.16,43.92,4.88,-43.92,-82.96,-107.36,-78.08
-24.4,-53.68,-29.28,39.04,0,-43.92,39.04,0,-43.92,-87.84,-112.24,-78.08
-19.52,-48.8,-29.28,34.16,4.88,-39.04,29.28,0,-48.8,-87.84,-112.24,-78.08
-19.52,-58.56,-39.04,39.04,9.76,-48.8,29.28,-4.88,-53.68,-92.72,-112.24,-78.08
-24.4,-53.68,-29.28,39.04,0,-43.92,34.16,-4.88,-53.68,-97.6,-117.12,-87.84
-24.4,-53.68,-29.28,39.04,0,-43.92,34.16,-4.88,-48.8,-92.72,-107.36,-78.08
-29.28,-58.56,-29.28,43.92,0,-43.92,39.04,0,-53.68,-87.84,-102.48,-73.2
-19.52,-48.8,-29.28,34.16,4.88,-39.04,39.04,-4.88,-58.56,-87.84,-107.36,-82.96
-24.4,-48.8,-24.4,39.04,0,-39.04,43.92,4.88,-58.56,-87.84,-102.48,-82.96
-29.28,-48.8,-19.52,39.04,-4.88,-34.16,39.04,0,-53.68,-87.84,-102.48,-82.96
-29.28,-43.92,-14.64,39.04,-9.76,-29.28,43.92,4.88,-48.8,-82.96,-102.48,-78.08
-24.4,-43.92,-19.52,34.16,-4.88,-34.16,43.92,4.88,-53.68,-82.96,-102.48,-78.08
-29.28,-43.92,-14.64,39.04,-9.76,-29.28,43.92,9.76,-48.8,-78.08,-97.6,-68.32
-34.16,-48.8,-14.64,43.92,-9.76,-34.16,39.04,0,-48.8,-82.96,-97.6,-68.32
-39.04,-48.8,-9.76,43.92,-14.64,-29.28,39.04,14.64,-39.04,-78.08,-97.6,-73.2
-29.28,-39.04,-9.76,34.16,-9.76,-24.4,39.04,14.64,-43.92,-78.08,-92.72,-78.08
-29.28,-34.16,-4.88,34.16,-14.64,-19.52,43.92,14.64,-43.92,-78.08,-92.72,-78.08
-34.16,-43.92,-9.76,39.04,-14.64,-29.28,48.8,19.52,-39.04,-78.08,-92.72,-78.08
-24.4,-34.16,-9.76,29.28,-9.76,-24.4,53.68,24.4,-39.04,-78.08,-92.72,-78.08
-24.4,-43.92,-19.52,34.16,-4.88,-34.16,48.8,14.64,-53.68,-78.08,-102.48,-82.96
-34.16,-43.92,-9.76,39.04,-14.64,-29.28,48.8,14.64,-48.8,-82.96,-97.6,-82.96
-19.52,-39.04,-19.52,29.28,0,-29.28,63.44,29.28,-43.92,-68.32,-87.84,-73.2
-19.52,-39.04,-19.52,29.28,0,-29.28,53.68,29.28,-39.04,-68.32,-97.6,-73.2
-14.64,-39.04,-24.4,29.28,4.88,-34.16,53.68,24.4,-48.8,-73.2,-97.6,-82.96
-24.4,-48.8,-24.4,39.04,0,-39.04,53.68,24.4,-48.8,-78.08,-97.6,-82.96
-24.4,-48.8,-24.4,39.04,0,-39.04,58.56,19.52,-53.68,-82.96,-92.72,-78.08
-9.76,-48.8,-39.04,29.28,14.64,-43.92,53.68,24.4,-48.8,-78.08,-92.72,-82.96
-14.64,-53.68,-39.04,34.16,9.76,-48.8,48.8,24.4,-48.8,-82.96,-102.48,-82.96
-14.64,-58.56,-43.92,39.04,14.64,-53.68,48.8,24.4,-48.8,-82.96,-97.6,-87.84
-14.64,-58.56,-43.92,39.04,14.64,-53.68,58.56,24.4,-43.92,-78.08,-97.6,-87.84
-14.64,-63.44,-48.8,39.04,14.64,-58.56,53.68,24.4,-48.8,-78.08,-97.6,-87.84
-9.76,-53.68,-43.92,34.16,14.64,-48.8,58.56,24.4,-48.8,-82.96,-97.6,-87.84
-14.64,-58.56,-43.92,39.04,14.64,-53.68,48.8,19.52,-58.56,-82.96,-107.36,-97.6
-19.52,-63.44,-43.92,43.92,9.76,-53.68,53.68,24.4,-48.8,-78.08,-97.6,-92.72
-9.76,-48.8,-39.04,29.28,14.64,-43.92,53.68,19.52,-53.68,-82.96,-87.84,-92.72
-9.76,-53.68,-43.92,34.16,14.64,-48.8,43.92,19.52,-58.56,-82.96,-97.6,-92.72
-14.64,-63.44,-48.8,39.04,14.64,-58.56,39.04,9.76,-63.44,-92.72,-107.36,-102.48
-14.64,-73.2,-58.56,43.92,19.52,-68.32,34.16,0,-73.2,-107.36,-122,-112.24
-29.28,-87.84,-58.56,58.56,14.64,-73.2,24.4,-4.88,-78.08,-107.36,-122,-112.24
-19.52,-87.84,-68.32,53.68,24.4,-78.08,24.4,-14.64,-87.84,-112.24,-122,-107.36
-19.52,-82.96,-63.44,53.68,19.52,-73.2,14.64,-24.4,-92.72,-117.12,-126.88,-112.24
-9.76,-73.2,-63.44,43.92,24.4,-68.32,14.64,-14.64,-82.96,-112.24,-117.12,-107.36
-4.88,-58.56,-53.68,34.16,24.4,-58.56,24.4,-19.52,-87.84,-112.24,-117.12,-112.24
-4.88,-48.8,-43.92,29.28,19.52,-48.8,29.28,-9.76,-78.08,-102.48,-102.48,-102.48
0,-48.8,-48.8,24.4,24.4,-48.8,24.4,-9.76,-87.84,-102.48,-102.48,-102.48
-4.88,-43.92,-39.04,24.4,14.64,-43.92,24.4,-14.64,-82.96,-97.6,-92.72,-97.6
-9.76,-43.92,-34.16,29.28,9.76,-39.04,19.52,-14.64,-82.96,-97.6,-97.6,-102.48
-4.88,-48.8,-43.92,29.28,19.52,-48.8,19.52,-19.52,-87.84,-92.72,-102.48,-97.6
-9.76,-53.68,-43.92,34.16,14.64,-48.8,19.52,-24.4,-87.84,-102.48,-107.36,-107.36
-14.64,-53.68,-39.04,34.16,9.76,-48.8,14.64,-29.28,-87.84,-102.48,-107.36,-102.48
-14.64,-53.68,-39.04,34.16,9.76,-48.8,29.28,-14.64,-82.96,-92.72,-107.36,-97.6
-24.4,-53.68,-29.28,39.04,0,-43.92,29.28,-14.64,-82.96,-97.6,-107.36,-97.6
-29.28,-63.44,-34.16,48.8,0,-48.8,29.28,-14.64,-82.96,-102.48,-97.6,-97.6
-24.4,-58.56,-34.16,43.92,4.88,-48.8,34.16,-9.76,-78.08,-97.6,-92.72,-92.72
-24.4,-58.56,-34.16,43.92,4.88,-48.8,29.28,-14.64,-87.84,-102.48,-97.6,-102.48
-19.52,-48.8,-29.28,34.16,4.88,-39.04,24.4,-14.64,-87.84,-102.48,-92.72,-107.36
-19.52,-53.68,-34.16,39.04,4.88,-43.92,34.16,-9.76,-82.96,-97.6,-92.72,-102.48
-24.4,-53.68,-29.28,39.04,0,-43.92,29.28,-9.76,-97.6,-102.48,-92.72,-107.36
-19.52,-58.56,-39.04,39.04,9.76,-48.8,34.16,-9.76,-92.72,-107.36,-102.48,-107.36
-29.28,-63.44,-34.16,48.8,0,-48.8,29.28,-14.64,-92.72,-107.36,-107.36,-112.24
-19.52,-58.56,-39.04,39.04,9.76,-48.8,34.16,-14.64,-92.72,-107.36,-107.36,-107.36
-19.52,-48.8,-29.28,34.16,4.88,-39.04,34.16,-19.52,-97.6,-107.36,-102.48,-107.36
-24.4,-58.56,-34.16,43.92,4.88,-48.8,29.28,-24.4,-97.6,-102.48,-107.36,-112.24
-24.4,-53.68,-29.28,39.04,0,-43.92,34.16,-19.52,-92.72,-97.6,-97.6,-102.48
-19.52,-58.56,-39.04,39.04,9.76,-48.8,34.16,-14.64,-97.6,-107.36,-97.6,-102.48
-14.64,-48.8,-34.16,34.16,9.76,-43.92,24.4,-19.52,-97.6,-107.36,-97.6,-107.36
-4.88,-43.92,-39.04,24.4,14.64,-43.92,29.28,-14.64,-87.84,-102.48,-92.72,-107.36
-14.64,-43.92,-29.28,29.28,4.88,-39.04,24.4,-24.4,-97.6,-102.48,-97.6,-107.36
-9.76,-43.92,-34.16,29.28,9.76,-39.04,19.52,-29.28,-102.48,-107.36,-97.6,-107.36
-4.88,-34.16,-29.28,19.52,9.76,-34.16,14.64,-34.16,-102.48,-107.36,-97.6,-107.36
-9.76,-39.04,-29.28,24.4,9.76,-34.16,14.64,-34.16,-107.36,-107.36,-97.6,-107.36
-9.76,-39.04,-29.28,24.4,9.76,-34.16,9.76,-39.04,-107.36,-107.36,-97.6,-107.36
-9.76,-43.92,-34.16,29.28,9.76,-39.04,4.88,-43.92,-107.36,-107.36,-102.48,-107.36
-14.64,-48.8,-34.16,34.16,9.76,-43.92,9.76,-39.04,-107.36,-102.48,-97.6,-102.48
-9.76,-48.8,-39.04,29.28,14.64,-43.92,9.76,-34.16,-107.36,-107.36,-102.48,-107.36
-9.76,-43.92,-34.16,29.28,9.76,-39.04,0,-39.04,-112.24,-117.12,-102.48,-107.36
-4.88,-43.92,-39.04,24.4,14.64,-43.92,4.88,-34.16,-107.36,-107.36,-92.72,-97.6
-9.76,-48.8,-39.04,29.28,14.64,-43.92,4.88,-39.04,-112.24,-112.24,-97.6,-102.48
-9.76,-48.8,-39.04,29.28,14.64,-43.92,4.88,-43.92,-107.36,-117.12,-97.6,-112.24
0,-39.04,-39.04,19.52,19.52,-39.04,4.88,-39.04,-112.24,-107.36,-87.84,-107.36
4.88,-34.16,-39.04,14.64,19.52,-39.04,0,-43.92,-112.24,-112.24,-97.6,-107.36
0,-34.16,-34.16,19.52,14.64,-34.16,4.88,-39.04,-112.24,-112.24,-92.72,-107.36
-4.88,-43.92,-39.04,24.4,14.64,-43.92,4.88,-39.04,-117.12,-107.36,-87.84,-102.48
-9.76,-43.92,-34.16,29.28,9.76,-39.04,0,-48.8,-122,-112.24,-87.84,-107.36
0,-39.04,-39.04,19.52,19.52,-39.04,0,-43.92,-122,-112.24,-92.72,-112.24
0,-39.04,-39.04,19.52,19.52,-39.04,0,-43.92,-122,-112.24,-97.6,-117.12
-9.76,-43.92,-34.16,29.28,9.76,-39.04,0,-43.92,-122,-112.24,-97.6,-112.24
-4.88,-43.92,-39.04,24.4,14.64,-43.92,4.88,-43.92,-117.12,-117.12,-97.6,-107.36
-4.88,-43.92,-39.04,24.4,14.64,-43.92,4.88,-39.04,-112.24,-112.24,-87.84,-107.36
0,-43.92,-43.92,24.4,19.52,-43.92,4.88,-43.92,-117.12,-112.24,-87.84,-112.24
4.88,-34.16,-39.04,14.64,19.52,-39.04,9.76,-39.04,-117.12,-107.36,-87.84,-112.24
0,-43.92,-43.92,24.4,19.52,-43.92,4.88,-39.04,-117.12,-102.48,-87.84,-112.24
4.88,-39.04,-43.92,19.52,24.4,-43.92,4.88,-34.16,-112.24,-102.48,-82.96,-102.48
0,-43.92,-43.92,24.4,19.52,-43.92,0,-39.04,-117.12,-102.48,-82.96,-102.48
0,-39.04,-39.04,19.52,19.52,-39.04,0,-34.16,-112.24,-102.48,-82.96,-102.48
4.88,-39.04,-43.92,19.52,24.4,-43.92,4.88,-39.04,-112.24,-102.48,-78.08,-92.72
-4.88,-43.92,-39.04,24.4,14.64,-43.92,-4.88,-39.04,-107.36,-97.6,-82.96,-97.6
-4.88,-43.92,-39.04,24.4,14.64,-43.92,0,-39.04,-107.36,-97.6,-78.08,-92.72
-14.64,-43.92,-29.28,29.28,4.88,-39.04,4.88,-29.28,-102.48,-97.6,-78.08,-97.6
-9.76,-48.8,-39.04,29.28,14.64,-43.92,14.64,-19.52,-107.36,-107.36,-87.84,-107.36
-4.88,-53.68,-48.8,29.28,19.52,-53.68,39.04,24.4,-92.72,-117.12,-112.24,-122
-4.88,-82.96,-78.08,43.92,34.16,-82.96,68.32,73.2,-92.72,-131.76,-136.64,-156.16
-4.88,-102.48,-97.6,53.68,43.92,-102.48,112.24,131.76,-78.08,-146.4,-161.04,-190.32
9.76,-97.6,-107.36,43.92,58.56,-102.48,146.4,180.56,-58.56,-146.4,-175.68,-204.96
14.64,-102.48,-117.12,43.92,63.44,-112.24,165.92,214.72,-19.52,-136.64,-180.56,-214.72
19.52,-82.96,-102.48,34.16,58.56,-92.72,161.04,229.36,14.64,-102.48,-161.04,-209.84
34.16,-43.92,-78.08,4.88,53.68,-63.44,151.28,239.12,78.08,-34.16,-92.72,-156.16
63.44,0,-63.44,-29.28,63.44,-34.16,117.12,239.12,161.04,63.44,-4.88,-92.72
97.6,58.56,-39.04,-78.08,68.32,9.76,107.36,268.4,268.4,195.2,107.36,-4.88
122,131.76,9.76,-126.88,53.68,68.32,112.24,302.56,405.04,366,258.64,117.12
165.92,248.88,82.96,-204.96,39.04,165.92,53.68,229.36,512.4,556.32,458.72,287.92
234.24,351.36,117.12,-292.8,58.56,234.24,-87.84,34.16,580.72,727.12,663.68,463.6
317.2,448.96,131.76,-380.64,92.72,287.92,-273.28,-224.48,610,902.8,878.4,663.68
405.04,541.68,136.64,-473.36,131.76,336.72,-439.2,-458.72,634.4,1088.24,1098,854
497.76,619.76,122,-556.32,185.44,370.88,-595.36,-668.56,663.68,1268.8,1302.96,1029.68
580.72,712.48,131.76,-644.16,224.48,419.68,-829.6,-956.48,678.32,1434.72,1498.16,1190.72
663.68,819.84,156.16,-741.76,253.76,488,-1068.72,-1220,707.6,1625.04,1708,1376.16
697.84,927.2,229.36,-810.08,234.24,575.84,-1263.92,-1405.44,785.68,1849.52,1922.72,1546.96
736.88,1000.4,263.52,-868.64,234.24,629.52,-1420.08,-1527.44,878.4,2049.6,2108.16,1688.48
771.04,1049.2,278.16,-907.68,244,663.68,-1551.84,-1620.16,956.48,2200.88,2254.56,1795.84
736.88,1054.08,317.2,-893.04,209.84,683.2,-1605.52,-1659.2,976,2235.04,2308.24,1859.28
658.8,980.88,322.08,-819.84,165.92,649.04,-1590.88,-1625.04,941.84,2147.2,2239.92,1825.12
619.76,761.28,141.52,-688.08,239.12,448.96,-1483.52,-1503.04,839.36,1917.84,2005.68,1659.2
536.8,497.76,-39.04,-517.28,287.92,229.36,-1366.4,-1376.16,649.04,1586,1668.96,1400.56
419.68,317.2,-102.48,-366,258.64,107.36,-1239.52,-1283.44,346.48,1141.92,1249.28,1093.12
287.92,204.96,-82.96,-244,185.44,58.56,-1117.52,-1268.8,-73.2,595.36,775.92,761.28
156.16,107.36,-48.8,-131.76,102.48,29.28,-1024.8,-1288.32,-527.04,24.4,297.68,434.32
24.4,19.52,-4.88,-19.52,14.64,4.88,-873.52,-1171.2,-712.48,-312.32,-78.08,102.48
-58.56,-48.8,9.76,53.68,-34.16,-19.52,-702.72,-961.36,-697.84,-448.96,-292.8,-126.88
-63.44,-63.44,0,63.44,-34.16,-34.16,-570.96,-780.8,-595.36,-429.44,-312.32,-185.44
-58.56,-68.32,-9.76,63.44,-24.4,-39.04,-483.12,-644.16,-507.52,-361.12,-273.28,-180.56
-63.44,-68.32,-4.88,68.32,-29.28,-39.04,-390.4,-536.8,-419.68,-307.44,-229.36,-170.8
-53.68,-53.68,0,53.68,-29.28,-29.28,-312.32,-444.08,-356.24,-263.52,-204.96,-161.04
-48.8,-43.92,4.88,48.8,-29.28,-19.52,-248.88,-366,-307.44,-219.6,-170.8,-141.52
-29.28,-39.04,-9.76,34.16,-9.76,-24.4,-204.96,-292.8,-263.52,-195.2,-156.16,-131.76
-19.52,-29.28,-9.76,24.4,-4.88,-19.52,-151.28,-219.6,-209.84,-165.92,-131.76,-122
-19.52,-34.16,-14.64,29.28,-4.88,-24.4,-97.6,-156.16,-170.8,-136.64,-102.48,-102.48
-14.64,-39.04,-24.4,29.28,4.88,-34.16,-68.32,-112.24,-146.4,-122,-97.6,-102.48
-9.76,-39.04,-29.28,24.4,9.76,-34.16,-53.68,-87.84,-131.76,-122,-102.48,-112.24
-14.64,-39.04,-24.4,29.28,4.88,-34.16,-29.28,-63.44,-117.12,-117.12,-97.6,-112.24
-4.88,-39.04,-34.16,24.4,14.64,-39.04,-14.64,-48.8,-117.12,-112.24,-92.72,-117.12
-9.76,-39.04,-29.28,24.4,9.76,-34.16,-4.88,-39.04,-117.12,-117.12,-97.6,-122
-14.64,-34.16,-19.52,24.4,0,-29.28,0,-29.28,-117.12,-112.24,-102.48,-112.24
-9.76,-29.28,-19.52,19.52,4.88,-24.4,14.64,-19.52,-112.24,-107.36,-97.6,-102.48
-9.76,-39.04,-29.28,24.4,9.76,-34.16,14.64,-9.76,-117.12,-112.24,-102.48,-107.36
-4.88,-29.28,-24.4,19.52,9.76,-29.28,14.64,-4.88,-112.24,-122,-107.36,-112.24
-9.76,-34.16,-24.4,24.4,4.88,-29.28,24.4,0,-117.12,-122,-117.12,-112.24
-14.64,-43.92,-29.28,29.28,4.88,-39.04,19.52,-4.88,-117.12,-122,-117.12,-117.12
-9.76,-39.04,-29.28,24.4,9.76,-34.16,24.4,0,-117.12,-131.76,-122,-122
-9.76,-39.04,-29.28,24.4,9.76,-34.16,24.4,4.88,-107.36,-136.64,-122,-126.88
-9.76,-48.8,-39.04,29.28,14.64,-43.92,34.16,9.76,-112.24,-126.88,-112.24,-122
-4.88,-43.92,-39.04,24.4,14.64,-43.92,29.28,4.88,-107.36,-126.88,-122,-122
-9.76,-39.04,-29.28,24.4,9.76,-34.16,34.16,9.76,-107.36,-126.88,-117.12,-117.12
0,-34.16,-34.16,19.52,14.64,-34.16,39.04,14.64,-102.48,-117.12,-102.48,-102.48
0,-34.16,-34.16,19.52,14.64,-34.16,39.04,19.52,-112.24,-117.12,-112.24,-102.48
-9.76,-39.04,-29.28,24.4,9.76,-34.16,34.16,19.52,-107.36,-126.88,-117.12,-107.36
-9.76,-39.04,-29.28,24.4,9.76,-34.16,39.04,24.4,-112.24,-122,-117.12,-112.24
-14.64,-39.04,-24.4,29.28,4.88,-34.16,39.04,24.4,-107.36,-117.12,-112.24,-112.24
-9.76,-39.04,-29.28,24.4,9.76,-34.16,39.04,24.4,-107.36,-126.88,-122,-112.24
-4.88,-34.16,-29.28,19.52,9.76,-34.16,48.8,29.28,-92.72,-122,-112.24,-112.24
-9.76,-43.92,-34.16,29.28,9.76,-39.04,43.92,29.28,-97.6,-122,-112.24,-117.12
-4.88,-34.16,-29.28,19.52,9.76,-34.16,39.04,24.4,-92.72,-117.12,-107.36,-117.12
0,-34.16,-34.16,19.52,14.64,-34.16,39.04,24.4,-102.48,-122,-107.36,-112.24
0,-34.16,-34.16,19.52,14.64,-34.16,39.04,24.4,-102.48,-112.24,-97.6,-107.36
4.88,-29.28,-34.16,14.64,19.52,-34.16,43.92,34.16,-102.48,-107.36,-97.6,-102.48
-4.88,-29.28,-24.4,19.52,9.76,-29.28,43.92,29.28,-102.48,-117.12,-112.24,-107.36
-9.76,-34.16,-24.4,24.4,4.88,-29.28,53.68,34.16,-112.24,-117.12,-117.12,-107.36
-9.76,-39.04,-29.28,24.4,9.76,-34.16,43.92,24.4,-112.24,-117.12,-117.12,-107.36
-9.76,-39.04,-29.28,24.4,9.76,-34.16,43.92,24.4,-112.24,-131.76,-126.88,-117.12
-4.88,-39.04,-34.16,24.4,14.64,-39.04,43.92,29.28,-102.48,-126.88,-117.12,-112.24
-9.76,-48.8,-39.04,29.28,14.64,-43.92,53.68,34.16,-102.48,-117.12,-107.36,-107.36
-4.88,-48.8,-43.92,29.28,19.52,-48.8,48.8,24.4,-97.6,-122,-112.24,-117.12
0,-34.16,-34.16,19.52,14.64,-34.16,53.68,39.04,-92.72,-117.12,-107.36,-107.36
0,-34.16,-34.16,19.52,14.64,-34.16,48.8,34.16,-97.6,-112.24,-102.48,-102.48
-4.88,-43.92,-39.04,24.4,14.64,-43.92,53.68,39.04,-102.48,-112.24,-102.48,-97.6
-4.88,-39.04,-34.16,24.4,14.64,-39.04,53.68,43.92,-107.36,-117.12,-107.36,-102.48
-14.64,-48.8,-34.16,34.16,9.76,-43.92,48.8,39.04,-112.24,-117.12,-112.24,-102.48
-9.76,-43.92,-34.16,29.28,9.76,-39.04,43.92,34.16,-112.24,-122,-117.12,-112.24
-4.88,-43.92,-39.04,24.4,14.64,-43.92,43.92,39.04,-102.48,-122,-122,-112.24
-4.88,-34.16,-29.28,19.52,9.76,-34.16,39.04,34.16,-102.48,-122,-117.12,-117.12
-9.76,-43.92,-34.16,29.28,9.76,-39.04,43.92,34.16,-102.48,-122,-112.24,-112.24
-14.64,-43.92,-29.28,29.28,4.88,-39.04,39.04,34.16,-92.72,-117.12,-107.36,-107.36
-4.88,-34.16,-29.28,19.52,9.76,-34.16,48.8,39.04,-92.72,-117.12,-112.24,-107.36
4.88,-24.4,-29.28,9.76,14.64,-29.28,48.8,43.92,-97.6,-112.24,-97.6,-107.36
0,-29.28,-29.28,14.64,14.64,-29.28,53.68,48.8,-97.6,-112.24,-97.6,-102.48
0,-24.4,-24.4,14.64,9.76,-24.4,48.8,43.92,-97.6,-117.12,-107.36,-102.48
-14.64,-34.16,-19.52,24.4,0,-29.28,48.8,48.8,-97.6,-117.12,-107.36,-102.48
-14.64,-43.92,-29.28,29.28,4.88,-39.04,43.92,39.04,-102.48,-122,-112.24,-112.24
-14.64,-39.04,-24.4,29.28,4.88,-34.16,48.8,39.04,-97.6,-117.12,-117.12,-107.36
-24.4,-39.04,-14.64,34.16,-4.88,-29.28,48.8,39.04,-92.72,-112.24,-122,-107.36
-19.52,-43.92,-24.4,34.16,0,-34.16,53.68,43.92,-87.84,-107.36,-117.12,-102.48
-14.64,-34.16,-19.52,24.4,0,-29.28,58.56,43.92,-87.84,-112.24,-112.24,-102.48
-14.64,-29.28,-14.64,24.4,0,-24.4,53.68,43.92,-87.84,-117.12,-117.12,-97.6
-4.88,-24.4,-19.52,14.64,4.88,-24.4,58.56,53.68,-82.96,-107.36,-102.48,-92.72
-4.88,-34.16,-29.28,19.52,9.76,-34.16,63.44,58.56,-82.96,-107.36,-102.48,-87.84
-14.64,-29.28,-14.64,24.4,0,-24.4,58.56,53.68,-87.84,-107.36,-112.24,-97.6
-19.52,-29.28,-9.76,24.4,-4.88,-19.52,58.56,58.56,-78.08,-102.48,-107.36,-87.84
-19.52,-39.04,-19.52,29.28,0,-29.28,53.68,53.68,-82.96,-112.24,-107.36,-97.6
-14.64,-34.16,-19.52,24.4,0,-29.28,58.56,53.68,-73.2,-107.36,-112.24,-87.84
-14.64,-29.28,-14.64,24.4,0,-24.4,53.68,48.8,-78.08,-107.36,-112.24,-92.72
-19.52,-39.04,-19.52,29.28,0,-29.28,53.68,53.68,-78.08,-102.48,-107.36,-82.96
-9.76,-34.16,-24.4,24.4,4.88,-29.28,53.68,48.8,-73.2,-102.48,-107.36,-82.96
-14.64,-29.28,-14.64,24.4,0,-24.4,53.68,58.56,-78.08,-97.6,-102.48,-78.08
-9.76,-29.28,-19.52,19.52,4.88,-24.4,58.56,68.32,-78.08,-92.72,-87.84,-73.2
0,-29.28,-29.28,14.64,14.64,-29.28,58.56,68.32,-73.2,-97.6,-87.84,-73.2
-9.76,-29.28,-19.52,19.52,4.88,-24.4,58.56,68.32,-78.08,-97.6,-97.6,-78.08
-9.76,-29.28,-19.52,19.52,4.88,-24.4,53.68,73.2,-73.2,-97.6,-97.6,-78.08
-4.88,-34.16,-29.28,19.52,9.76,-34.16,53.68,78.08,-73.2,-97.6,-92.72,-78.08
-14.64,-34.16,-19.52,24.4,0,-29.28,53.68,68.32,-73.2,-97.6,-102.48,-87.84
-9.76,-24.4,-14.64,19.52,0,-19.52,58.56,63.44,-73.2,-97.6,-102.48,-92.72
-14.64,-39.04,-24.4,29.28,4.88,-34.16,58.56,73.2,-68.32,-92.72,-92.72,-87.84
-9.76,-34.16,-24.4,24.4,4.88,-29.28,58.56,63.44,-73.2,-87.84,-97.6,-92.72
-9.76,-19.52,-9.76,14.64,0,-14.64,58.56,73.2,-68.32,-87.84,-92.72,-87.84
-9.76,-19.52,-9.76,14.64,0,-14.64,63.44,78.08,-68.32,-82.96,-87.84,-82.96
0,-19.52,-19.52,9.76,9.76,-19.52,68.32,82.96,-63.44,-82.96,-82.96,-78.08
-4.88,-14.64,-9.76,9.76,0,-14.64,63.44,82.96,-68.32,-82.96,-87.84,-82.96
-4.88,-19.52,-14.64,14.64,4.88,-19.52,58.56,87.84,-58.56,-82.96,-82.96,-78.08
0,-19.52,-19.52,9.76,9.76,-19.52,58.56,78.08,-58.56,-82.96,-87.84,-82.96
0,-24.4,-24.4,14.64,9.76,-24.4,58.56,78.08,-58.56,-87.84,-87.84,-82.96
-14.64,-24.4,-9.76,19.52,-4.88,-19.52,63.44,87.84,-48.8,-78.08,-87.84,-82.96
-9.76,-19.52,-9.76,14.64,0,-14.64,63.44,82.96,-58.56,-78.08,-78.08,-73.2
-14.64,-29.28,-14.64,24.4,0,-24.4,58.56,82.96,-53.68,-78.08,-78.08,-78.08
-4.88,-19.52,-14.64,14.64,4.88,-19.52,63.44,92.72,-53.68,-68.32,-73.2,-68.32
-4.88,-14.64,-9.76,9.76,0,-14.64,63.44,92.72,-48.8,-63.44,-68.32,-63.44
-4.88,-19.52,-14.64,14.64,4.88,-19.52,63.44,92.72,-48.8,-63.44,-63.44,-58.56
-4.88,-14.64,-9.76,9.76,0,-14.64,58.56,92.72,-53.68,-63.44,-68.32,-63.44
-4.88,-9.76,-4.88,9.76,0,-9.76,63.44,102.48,-48.8,-58.56,-63.44,-58.56
0,-14.64,-14.64,9.76,4.88,-14.64,63.44,97.6,-39.04,-53.68,-63.44,-63.44
0,-9.76,-9.76,4.88,4.88,-9.76,63.44,102.48,-34.16,-53.68,-63.44,-63.44
-14.64,-9.76,4.88,14.64,-9.76,-4.88,68.32,107.36,-29.28,-48.8,-63.44,-68.32
-9.76,-4.88,4.88,9.76,-9.76,0,63.44,107.36,-24.4,-43.92,-58.56,-58.56
-4.88,-9.76,-4.88,9.76,0,-9.76,68.32,102.48,-19.52,-39.04,-58.56,-63.44
4.88,4.88,0,-4.88,0,0,63.44,112.24,-29.28,-43.92,-58.56,-63.44
4.88,14.64,9.76,-9.76,-4.88,9.76,68.32,122,-14.64,-24.4,-43.92,-48.8
0,9.76,9.76,-4.88,-4.88,9.76,58.56,126.88,-14.64,-24.4,-39.04,-48.8
0,14.64,14.64,-4.88,-9.76,14.64,58.56,126.88,-14.64,-24.4,-39.04,-53.68
0,19.52,19.52,-9.76,-9.76,19.52,58.56,131.76,-4.88,-19.52,-39.04,-43.92
0,9.76,9.76,-4.88,-4.88,9.76,53.68,131.76,-4.88,-14.64,-34.16,-48.8
9.76,19.52,9.76,-14.64,0,14.64,58.56,131.76,4.88,-9.76,-29.28,-43.92
9.76,24.4,14.64,-14.64,-4.88,19.52,53.68,136.64,9.76,-4.88,-29.28,-43.92
4.88,19.52,14.64,-9.76,-4.88,14.64,58.56,141.52,14.64,0,-14.64,-34.16
14.64,29.28,14.64,-19.52,0,19.52,68.32,156.16,29.28,14.64,0,-24.4
19.52,39.04,19.52,-29.28,0,29.28,68.32,161.04,29.28,19.52,4.88,-19.52
19.52,39.04,19.52,-29.28,0,29.28,68.32,165.92,39.04,29.28,14.64,-14.64
24.4,39.04,14.64,-29.28,4.88,24.4,68.32,165.92,39.04,34.16,19.52,-4.88
14.64,34.16,19.52,-24.4,-4.88,24.4,68.32,170.8,43.92,39.04,19.52,-4.88
19.52,43.92,24.4,-29.28,-4.88,34.16,63.44,175.68,48.8,43.92,29.28,4.88
24.4,39.04,14.64,-29.28,4.88,24.4,63.44,180.56,53.68,48.8,29.28,0
29.28,48.8,19.52,-39.04,4.88,34.16,63.44,175.68,68.32,48.8,34.16,0
34.16,58.56,24.4,-43.92,4.88,39.04,68.32,190.32,78.08,58.56,43.92,9.76
29.28,63.44,34.16,-43.92,-4.88,48.8,68.32,190.32,82.96,68.32,48.8,19.52
34.16,73.2,39.04,-53.68,-4.88,53.68,73.2,200.08,102.48,82.96,58.56,29.28
48.8,87.84,39.04,-68.32,4.88,63.44,73.2,204.96,107.36,92.72,68.32,39.04
43.92,87.84,43.92,-63.44,0,63.44,68.32,209.84,112.24,102.48,78.08,43.92
43.92,92.72,48.8,-68.32,-4.88,68.32,73.2,214.72,122,112.24,92.72,58.56
48.8,97.6,48.8,-73.2,0,73.2,73.2,224.48,126.88,117.12,102.48,58.56
48.8,102.48,53.68,-73.2,-4.88,78.08,68.32,224.48,131.76,126.88,107.36,63.44
58.56,112.24,53.68,-82.96,0,82.96,68.32,229.36,141.52,141.52,112.24,73.2
53.68,102.48,48.8,-78.08,0,73.2,68.32,229.36,146.4,146.4,117.12,73.2
58.56,112.24,53.68,-82.96,0,82.96,63.44,234.24,156.16,156.16,126.88,78.08
68.32,122,53.68,-92.72,4.88,87.84,68.32,244,175.68,175.68,146.4,87.84
63.44,126.88,63.44,-92.72,0,92.72,68.32,253.76,195.2,190.32,161.04,102.48
78.08,136.64,58.56,-107.36,9.76,97.6,68.32,253.76,200.08,200.08,170.8,117.12
78.08,141.52,63.44,-107.36,4.88,102.48,68.32,258.64,204.96,219.6,185.44,131.76
78.08,146.4,68.32,-112.24,4.88,107.36,73.2,263.52,214.72,234.24,209.84,146.4
82.96,151.28,68.32,-117.12,4.88,107.36,68.32,273.28,224.48,239.12,214.72,151.28
82.96,151.28,68.32,-117.12,4.88,107.36,68.32,278.16,234.24,248.88,229.36,161.04
92.72,161.04,68.32,-126.88,9.76,112.24,63.44,278.16,239.12,263.52,234.24,170.8
92.72,161.04,68.32,-126.88,9.76,112.24,63.44,278.16,253.76,273.28,244,170.8
92.72,161.04,68.32,-126.88,9.76,112.24,58.56,278.16,258.64,283.04,253.76,175.68
97.6,170.8,73.2,-131.76,9.76,122,63.44,283.04,268.4,297.68,268.4,200.08
107.36,180.56,73.2,-141.52,14.64,126.88,68.32,292.8,278.16,307.44,283.04,209.84
112.24,195.2,82.96,-151.28,14.64,136.64,73.2,292.8,287.92,322.08,292.8,219.6
126.88,200.08,73.2,-161.04,24.4,136.64,63.44,292.8,292.8,336.72,297.68,229.36
112.24,195.2,82.96,-151.28,14.64,136.64,68.32,302.56,302.56,346.48,317.2,239.12
122,200.08,78.08,-161.04,19.52,136.64,68.32,307.44,312.32,351.36,322.08,239.12
122,204.96,82.96,-161.04,19.52,141.52,68.32,307.44,312.32,351.36,331.84,253.76
117.12,209.84,92.72,-161.04,9.76,151.28,53.68,297.68,307.44,356.24,331.84,253.76
122,209.84,87.84,-165.92,14.64,146.4,48.8,292.8,307.44,351.36,331.84,248.88
122,214.72,92.72,-165.92,14.64,151.28,48.8,297.68,317.2,361.12,336.72,258.64
131.76,219.6,87.84,-175.68,19.52,151.28,43.92,287.92,322.08,370.88,341.6,268.4
131.76,224.48,92.72,-175.68,19.52,156.16,48.8,287.92,326.96,380.64,356.24,278.16
131.76,229.36,97.6,-180.56,14.64,161.04,53.68,292.8,331.84,385.52,361.12,283.04
141.52,248.88,107.36,-195.2,14.64,175.68,53.68,297.68,336.72,395.28,366,287.92
136.64,239.12,102.48,-185.44,14.64,170.8,48.8,287.92,331.84,390.4,366,283.04
136.64,229.36,92.72,-180.56,19.52,161.04,48.8,283.04,326.96,385.52,366,283.04
141.52,234.24,92.72,-185.44,24.4,161.04,48.8,278.16,326.96,380.64,361.12,287.92
136.64,229.36,92.72,-180.56,19.52,161.04,43.92,278.16,326.96,380.64,351.36,278.16
136.64,219.6,82.96,-175.68,24.4,151.28,39.04,263.52,317.2,366,346.48,268.4
131.76,219.6,87.84,-175.68,19.52,151.28,48.8,258.64,312.32,356.24,336.72,268.4
122,209.84,87.84,-165.92,14.64,146.4,48.8,244,297.68,356.24,326.96,263.52
136.64,209.84,73.2,-170.8,29.28,141.52,53.68,239.12,297.68,351.36,326.96,263.52
131.76,204.96,73.2,-165.92,29.28,136.64,53.68,234.24,287.92,336.72,317.2,248.88
122,200.08,78.08,-161.04,19.52,136.64,48.8,219.6,273.28,322.08,302.56,239.12
117.12,195.2,78.08,-156.16,19.52,136.64,43.92,209.84,263.52,312.32,287.92,234.24
112.24,185.44,73.2,-146.4,19.52,126.88,43.92,200.08,248.88,297.68,273.28,224.48
107.36,180.56,73.2,-141.52,14.64,126.88,39.04,185.44,234.24,278.16,263.52,209.84
107.36,175.68,68.32,-141.52,19.52,122,34.16,165.92,219.6,258.64,244,190.32
102.48,151.28,48.8,-126.88,24.4,97.6,39.04,161.04,209.84,244,224.48,175.68
97.6,151.28,53.68,-122,19.52,102.48,48.8,156.16,204.96,234.24,214.72,170.8
82.96,136.64,53.68,-107.36,14.64,92.72,43.92,141.52,185.44,219.6,204.96,161.04
78.08,126.88,48.8,-102.48,14.64,87.84,43.92,122,170.8,204.96,180.56,146.4
73.2,126.88,53.68,-97.6,9.76,87.84,39.04,117.12,165.92,195.2,175.68,136.64
78.08,112.24,34.16,-92.72,19.52,73.2,43.92,102.48,156.16,185.44,165.92,136.64
73.2,107.36,34.16,-87.84,19.52,68.32,39.04,92.72,136.64,165.92,141.52,117.12
63.44,97.6,34.16,-78.08,14.64,63.44,43.92,87.84,122,151.28,126.88,102.48
58.56,87.84,29.28,-73.2,14.64,58.56,39.04,68.32,97.6,131.76,112.24,78.08
58.56,82.96,24.4,-68.32,14.64,53.68,39.04,63.44,97.6,122,102.48,73.2
63.44,73.2,9.76,-68.32,24.4,39.04,34.16,48.8,82.96,102.48,82.96,58.56
43.92,68.32,24.4,-53.68,9.76,43.92,39.04,43.92,73.2,97.6,78.08,53.68
43.92,63.44,19.52,-53.68,9.76,39.04,29.28,29.28,58.56,82.96,63.44,39.04
39.04,53.68,14.64,-43.92,9.76,34.16,34.16,24.4,53.68,78.08,53.68,34.16
34.16,48.8,14.64,-39.04,9.76,29.28,34.16,24.4,48.8,78.08,58.56,34.16
34.16,43.92,9.76,-39.04,9.76,24.4,29.28,19.52,43.92,73.2,58.56,39.04
24.4,29.28,4.88,-24.4,9.76,14.64,24.4,14.64,29.28,58.56,43.92,24.4
19.52,24.4,4.88,-19.52,4.88,14.64,19.52,9.76,19.52,48.8,34.16,19.52
19.52,19.52,0,-19.52,9.76,9.76,14.64,4.88,14.64,43.92,34.16,14.64
19.52,19.52,0,-19.52,9.76,9.76,19.52,0,9.76,39.04,34.16,9.76
24.4,9.76,-14.64,-14.64,19.52,-4.88,14.64,-4.88,9.76,29.28,24.4,0
19.52,9.76,-9.76,-14.64,14.64,0,14.64,-9.76,0,24.4,14.64,-4.88
24.4,9.76,-14.64,-14.64,19.52,-4.88,9.76,-14.64,-4.88,24.4,14.64,-4.88
24.4,9.76,-14.64,-14.64,19.52,-4.88,4.88,-24.4,-9.76,24.4,9.76,0
14.64,4.88,-9.76,-9.76,9.76,-4.88,4.88,-24.4,-9.76,19.52,9.76,-9.76
19.52,9.76,-9.76,-14.64,14.64,0,9.76,-24.4,-14.64,19.52,14.64,0
14.64,0,-14.64,-4.88,14.64,-9.76,4.88,-29.28,-19.52,14.64,4.88,-4.88
9.76,0,-9.76,-4.88,9.76,-4.88,9.76,-29.28,-24.4,14.64,4.88,-9.76
14.64,4.88,-9.76,-9.76,9.76,-4.88,4.88,-39.04,-29.28,4.88,0,-19.52
4.88,0,-4.88,0,4.88,-4.88,0,-39.04,-34.16,0,-4.88,-19.52
4.88,-14.64,-19.52,4.88,9.76,-19.52,0,-43.92,-34.16,-4.88,-9.76,-29.28
14.64,-9.76,-24.4,0,19.52,-19.52,9.76,-43.92,-34.16,0,-4.88,-24.4
9.76,-9.76,-19.52,0,14.64,-14.64,9.76,-43.92,-34.16,0,-4.88,-24.4
19.52,-4.88,-24.4,-4.88,19.52,-14.64,9.76,-39.04,-29.28,0,-4.88,-19.52
4.88,-4.88,-9.76,0,4.88,-9.76,14.64,-34.16,-24.4,4.88,0,-14.64
-4.88,-9.76,-4.88,9.76,0,-9.76,24.4,-29.28,-19.52,9.76,9.76,-4.88
-4.88,-9.76,-4.88,9.76,0,-9.76,19.52,-29.28,-24.4,4.88,4.88,-9.76
4.88,-19.52,-24.4,9.76,14.64,-24.4,19.52,-34.16,-29.28,-4.88,-4.88,-14.64
9.76,-14.64,-24.4,4.88,14.64,-19.52,9.76,-39.04,-34.16,-9.76,-4.88,-19.52
9.76,-14.64,-24.4,4.88,14.64,-19.52,9.76,-39.04,-39.04,-14.64,-14.64,-19.52
0,-24.4,-24.4,14.64,9.76,-24.4,4.88,-48.8,-39.04,-24.4,-24.4,-29.28
0,-24.4,-24.4,14.64,9.76,-24.4,14.64,-43.92,-34.16,-14.64,-14.64,-19.52
0,-24.4,-24.4,14.64,9.76,-24.4,14.64,-43.92,-29.28,-9.76,-9.76,-14.64
9.76,-24.4,-34.16,9.76,19.52,-29.28,19.52,-34.16,-29.28,0,-4.88,-14.64
9.76,-19.52,-29.28,4.88,19.52,-24.4,19.52,-34.16,-24.4,-4.88,-4.88,-19.52
0,-19.52,-19.52,9.76,9.76,-19.52,29.28,-34.16,-29.28,-4.88,-14.64,-14.64
4.88,-14.64,-19.52,4.88,9.76,-19.52,19.52,-34.16,-39.04,-9.76,-19.52,-19.52
4.88,-19.52,-24.4,9.76,14.64,-24.4,24.4,-24.4,-29.28,-9.76,-14.64,-14.64
0,-24.4,-24.4,14.64,9.76,-24.4,24.4,-34.16,-29.28,-14.64,-19.52,-24.4
4.88,-24.4,-29.28,9.76,14.64,-29.28,19.52,-29.28,-34.16,-14.64,-24.4,-29.28
-4.88,-34.16,-29.28,19.52,9.76,-34.16,14.64,-34.16,-34.16,-29.28,-34.16,-39.04
-9.76,-39.04,-29.28,24.4,9.76,-34.16,19.52,-29.28,-34.16,-24.4,-29.28,-34.16
0,-34.16,-34.16,19.52,14.64,-34.16,14.64,-29.28,-34.16,-24.4,-24.4,-29.28
-9.76,-34.16,-24.4,24.4,4.88,-29.28,19.52,-24.4,-29.28,-19.52,-24.4,-24.4
-4.88,-24.4,-19.52,14.64,4.88,-24.4,24.4,-19.52,-19.52,-9.76,-19.52,-19.52
0,-24.4,-24.4,14.64,9.76,-24.4,29.28,-19.52,-19.52,-4.88,-14.64,-14.64
-4.88,-24.4,-19.52,14.64,4.88,-24.4,29.28,-14.64,-19.52,-14.64,-14.64,-14.64
0,-19.52,-19.52,9.76,9.76,-19.52,29.28,-9.76,-29.28,-19.52,-19.52,-19.52
-9.76,-29.28,-19.52,19.52,4.88,-24.4,24.4,-14.64,-29.28,-29.28,-24.4,-29.28
-9.76,-24.4,-14.64,19.52,0,-19.52,24.4,-14.64,-29.28,-29.28,-29.28,-24.4
-9.76,-24.4,-14.64,19.52,0,-19.52,19.52,-9.76,-29.28,-29.28,-34.16,-29.28
-14.64,-34.16,-19.52,24.4,0,-29.28,24.4,-14.64,-29.28,-29.28,-29.28,-29.28
-4.88,-29.28,-24.4,19.52,9.76,-29.28,24.4,-14.64,-24.4,-29.28,-29.28,-29.28
-9.76,-29.28,-19.52,19.52,4.88,-24.4,34.16,-9.76,-24.4,-24.4,-29.28,-34.16
-19.52,-34.16,-14.64,29.28,-4.88,-24.4,34.16,-9.76,-24.4,-24.4,-29.28,-34.16
-14.64,-29.28,-14.64,24.4,0,-24.4,43.92,0,-14.64,-24.4,-19.52,-29.28
-14.64,-29.28,-14.64,24.4,0,-24.4,34.16,4.88,-19.52,-19.52,-24.4,-29.28
-14.64,-24.4,-9.76,19.52,-4.88,-19.52,39.04,4.88,-24.4,-24.4,-29.28,-29.28
-9.76,-19.52,-9.76,14.64,0,-14.64,43.92,9.76,-14.64,-19.52,-24.4,-29.28
-14.64,-24.4,-9.76,19.52,-4.88,-19.52,39.04,4.88,-24.4,-29.28,-34.16,-34.16
-24.4,-24.4,0,24.4,-14.64,-14.64,39.04,9.76,-24.4,-29.28,-39.04,-29.28
-24.4,-29.28,-4.88,29.28,-9.76,-19.52,39.04,9.76,-19.52,-34.16,-39.04,-39.04
-29.28,-24.4,4.88,29.28,-19.52,-9.76,39.04,4.88,-14.64,-29.28,-39.04,-39.04
-19.52,-24.4,-4.88,24.4,-9.76,-14.64,43.92,14.64,-14.64,-24.4,-29.28,-29.28
-19.52,-24.4,-4.88,24.4,-9.76,-14.64,43.92,19.52,-9.76,-19.52,-24.4,-34.16
-24.4,-24.4,0,24.4,-14.64,-14.64,48.8,19.52,-9.76,-19.52,-24.4,-29.28
-19.52,-19.52,0,19.52,-9.76,-9.76,43.92,19.52,-14.64,-19.52,-29.28,-34.16
-29.28,-19.52,9.76,24.4,-19.52,-4.88,48.8,24.4,-14.64,-19.52,-24.4,-29.28
-14.64,-9.76,4.88,14.64,-9.76,-4.88,43.92,24.4,-14.64,-19.52,-24.4,-34.16
-14.64,-9.76,4.88,14.64,-9.76,-4.88,43.92,24.4,-9.76,-19.52,-24.4,-29.28
-24.4,-14.64,9.76,19.52,-19.52,-4.88,48.8,24.4,-9.76,-19.52,-29.28,-29.28
-14.64,-9.76,4.88,14.64,-9.76,-4.88,53.68,29.28,-4.88,-19.52,-24.4,-29.28
-19.52,-9.76,9.76,14.64,-14.64,0,53.68,29.28,0,-14.64,-19.52,-24.4
-24.4,-9.76,14.64,19.52,-19.52,0,58.56,34.16,4.88,-9.76,-14.64,-24.4
-24.4,-14.64,9.76,19.52,-19.52,-4.88,53.68,29.28,4.88,-9.76,-19.52,-24.4
-34.16,-24.4,9.76,29.28,-24.4,-9.76,63.44,34.16,9.76,-4.88,-14.64,-29.28
-24.4,-19.52,4.88,24.4,-14.64,-9.76,68.32,43.92,9.76,0,-9.76,-24.4
-19.52,-19.52,0,19.52,-9.76,-9.76,68.32,48.8,9.76,0,-14.64,-24.4
-29.28,-19.52,9.76,24.4,-19.52,-4.88,73.2,48.8,14.64,4.88,-9.76,-19.52
-24.4,-19.52,4.88,24.4,-14.64,-9.76,73.2,48.8,9.76,0,-14.64,-29.28
-24.4,-14.64,9.76,19.52,-19.52,-4.88,58.56,48.8,4.88,-4.88,-29.28,-39.04
-19.52,-9.76,9.76,14.64,-14.64,0,68.32,48.8,9.76,-9.76,-24.4,-39.04
-19.52,4.88,24.4,9.76,-24.4,14.64,68.32,48.8,19.52,-4.88,-19.52,-39.04
-19.52,4.88,24.4,9.76,-24.4,14.64,73.2,53.68,19.52,4.88,-14.64,-39.04
-9.76,14.64,24.4,0,-19.52,19.52,73.2,53.68,24.4,9.76,-9.76,-39.04
-24.4,4.88,29.28,9.76,-29.28,14.64,63.44,58.56,34.16,9.76,-4.88,-29.28
-29.28,4.88,34.16,14.64,-34.16,19.52,58.56,53.68,29.28,14.64,-4.88,-24.4
-19.52,9.76,29.28,4.88,-24.4,19.52,58.56,58.56,29.28,14.64,-4.88,-19.52
-19.52,4.88,24.4,9.76,-24.4,14.64,48.8,53.68,29.28,9.76,-4.88,-19.52
-19.52,0,19.52,9.76,-19.52,9.76,58.56,58.56,34.16,9.76,-4.88,-4.88
-9.76,9.76,19.52,0,-14.64,14.64,53.68,53.68,29.28,9.76,0,-9.76
-14.64,0,14.64,9.76,-14.64,4.88,63.44,53.68,34.16,14.64,4.88,-4.88
-9.76,9.76,19.52,0,-14.64,14.64,63.44,58.56,43.92,19.52,9.76,-4.88
-4.88,9.76,14.64,0,-9.76,9.76,58.56,63.44,43.92,24.4,14.64,4.88
-9.76,9.76,19.52,0,-14.64,14.64,58.56,63.44,43.92,24.4,19.52,4.88
-19.52,4.88,24.4,9.76,-24.4,14.64,68.32,63.44,43.92,29.28,24.4,9.76
-34.16,4.88,39.04,14.64,-39.04,19.52,63.44,63.44,43.92,29.28,19.52,9.76
-14.64,9.76,24.4,4.88,-19.52,14.64,63.44,63.44,43.92,24.4,19.52,4.88
-19.52,9.76,29.28,4.88,-24.4,19.52,58.56,58.56,39.04,24.4,19.52,0
-24.4,0,24.4,14.64,-24.4,9.76,58.56,58.56,34.16,19.52,19.52,4.88
-24.4,0,24.4,14.64,-24.4,9.76,53.68,58.56,39.04,24.4,24.4,9.76
-19.52,9.76,29.28,4.88,-24.4,19.52,48.8,53.68,39.04,19.52,19.52,4.88
-14.64,19.52,34.16,0,-24.4,24.4,43.92,48.8,29.28,19.52,19.52,9.76
-4.88,19.52,24.4,-4.88,-14.64,19.52,43.92,53.68,34.16,24.4,24.4,14.64
-14.64,14.64,29.28,0,-24.4,19.52,48.8,43.92,34.16,29.28,29.28,9.76
-14.64,14.64,29.28,0,-24.4,19.52,53.68,48.8,39.04,29.28,34.16,19.52
-9.76,19.52,29.28,-4.88,-19.52,24.4,48.8,48.8,39.04,34.16,34.16,19.52
-9.76,19.52,29.28,-4.88,-19.52,24.4,43.92,43.92,29.28,24.4,24.4,14.64
-4.88,19.52,24.4,-4.88,-14.64,19.52,39.04,43.92,29.28,24.4,24.4,14.64
-9.76,14.64,24.4,0,-19.52,19.52,34.16,39.04,24.4,14.64,19.52,14.64
-9.76,14.64,24.4,0,-19.52,19.52,24.4,34.16,19.52,14.64,24.4,4.88
-9.76,14.64,24.4,0,-19.52,19.52,34.16,34.16,24.4,14.64,24.4,4.88
-19.52,14.64,34.16,4.88,-29.28,24.4,29.28,34.16,29.28,14.64,24.4,4.88
-9.76,19.52,29.28,-4.88,-19.52,24.4,34.16,39.04,29.28,19.52,29.28,4.88
-14.64,19.52,34.16,0,-24.4,24.4,39.04,34.16,34.16,24.4,34.16,4.88
-14.64,19.52,34.16,0,-24.4,24.4,43.92,39.04,34.16,24.4,34.16,9.76
-4.88,24.4,29.28,-9.76,-19.52,24.4,39.04,34.16,29.28,24.4,34.16,14.64
-4.88,24.4,29.28,-9.76,-19.52,24.4,39.04,43.92,24.4,19.52,29.28,9.76
-9.76,19.52,29.28,-4.88,-19.52,24.4,39.04,29.28,19.52,9.76,19.52,4.88
-9.76,19.52,29.28,-4.88,-19.52,24.4,34.16,29.28,14.64,4.88,14.64,0
-14.64,14.64,29.28,0,-24.4,19.52,29.28,24.4,9.76,4.88,19.52,-4.88
-4.88,19.52,24.4,-4.88,-14.64,19.52,29.28,24.4,14.64,4.88,19.52,0
-9.76,14.64,24.4,0,-19.52,19.52,29.28,24.4,24.4,9.76,24.4,4.88
-19.52,9.76,29.28,4.88,-24.4,19.52,19.52,19.52,19.52,14.64,29.28,9.76
-14.64,14.64,29.28,0,-24.4,19.52,19.52,14.64,19.52,14.64,34.16,9.76
-19.52,4.88,24.4,9.76,-24.4,14.64,24.4,19.52,24.4,19.52,34.16,14.64
-14.64,14.64,29.28,0,-24.4,19.52,29.28,24.4,19.52,19.52,34.16,14.64
-14.64,19.52,34.16,0,-24.4,24.4,34.16,34.16,24.4,29.28,43.92,19.52
-24.4,19.52,43.92,4.88,-34.16,29.28,29.28,29.28,24.4,29.28,39.04,14.64
-14.64,14.64,29.28,0,-24.4,19.52,34.16,29.28,24.4,24.4,34.16,19.52
-14.64,4.88,19.52,4.88,-19.52,9.76,29.28,24.4,19.52,19.52,29.28,9.76
-14.64,4.88,19.52,4.88,-19.52,9.76,34.16,24.4,24.4,14.64,29.28,9.76
-9.76,4.88,14.64,4.88,-14.64,9.76,34.16,14.64,24.4,9.76,24.4,4.88
-14.64,0,14.64,9.76,-14.64,4.88,34.16,24.4,19.52,9.76,24.4,9.76
-14.64,0,14.64,9.76,-14.64,4.88,29.28,24.4,19.52,14.64,24.4,0
-9.76,4.88,14.64,4.88,-14.64,9.76,29.28,14.64,14.64,4.88,14.64,4.88
-9.76,9.76,19.52,0,-14.64,14.64,19.52,14.64,14.64,4.88,9.76,4.88
-4.88,14.64,19.52,-4.88,-14.64,14.64,19.52,19.52,14.64,4.88,9.76,4.88
-9.76,14.64,24.4,0,-19.52,19.52,24.4,19.52,24.4,9.76,19.52,9.76
-9.76,9.76,19.52,0,-14.64,14.64,14.64,19.52,19.52,4.88,19.52,9.76
-4.88,14.64,19.52,-4.88,-14.64,14.64,14.64,14.64,19.52,9.76,24.4,9.76
-9.76,14.64,24.4,0,-19.52,19.52,19.52,19.52,24.4,14.64,24.4,9.76
-9.76,9.76,19.52,0,-14.64,14.64,14.64,9.76,24.4,9.76,24.4,14.64
-14.64,4.88,19.52,4.88,-19.52,9.76,14.64,14.64,19.52,14.64,34.16,19.52
-24.4,0,24.4,14.64,-24.4,9.76,14.64,14.64,24.4,19.52,39.04,24.4
-14.64,9.76,24.4,4.88,-19.52,14.64,14.64,9.76,24.4,19.52,39.04,24.4
-14.64,9.76,24.4,4.88,-19.52,14.64,14.64,14.64,19.52,19.52,39.04,24.4
-14.64,14.64,29.28,0,-24.4,19.52,14.64,19.52,19.52,19.52,39.04,29.28
-9.76,14.64,24.4,0,-19.52,19.52,19.52,14.64,29.28,19.52,39.04,29.28
-19.52,14.64,34.16,4.88,-29.28,24.4,9.76,9.76,19.52,9.76,29.28,19.52
-9.76,14.64,24.4,0,-19.52,19.52,0,9.76,14.64,9.76,34.16,19.52
-9.76,14.64,24.4,0,-19.52,19.52,14.64,9.76,19.52,9.76,29.28,19.52
-14.64,14.64,29.28,0,-24.4,19.52,14.64,4.88,14.64,4.88,29.28,14.64
-14.64,19.52,34.16,0,-24.4,24.4,14.64,9.76,14.64,9.76,34.16,19.52
-19.52,9.76,29.28,4.88,-24.4,19.52,14.64,4.88,14.64,4.88,29.28,19.52
-14.64,4.88,19.52,4.88,-19.52,9.76,14.64,4.88,14.64,4.88,29.28,19.52
-19.52,9.76,29.28,4.88,-24.4,19.52,19.52,14.64,14.64,14.64,39.04,29.28
-24.4,4.88,29.28,9.76,-29.28,14.64,14.64,19.52,19.52,19.52,43.92,34.16
-24.4,-4.88,19.52,14.64,-24.4,4.88,14.64,14.64,19.52,14.64,39.04,29.28
-19.52,-4.88,14.64,14.64,-19.52,4.88,19.52,9.76,19.52,14.64,39.04,29.28
-24.4,4.88,29.28,9.76,-29.28,14.64,24.4,14.64,19.52,19.52,43.92,39.04
-14.64,9.76,24.4,4.88,-19.52,14.64,9.76,9.76,19.52,14.64,39.04,34.16
-19.52,4.88,24.4,9.76,-24.4,14.64,14.64,9.76,24.4,14.64,48.8,39.04
-19.52,-9.76,9.76,14.64,-14.64,0,14.64,9.76,24.4,19.52,53.68,34.16
-19.52,-14.64,4.88,19.52,-14.64,-4.88,9.76,14.64,29.28,24.4,53.68,39.04
-14.64,-4.88,9.76,9.76,-14.64,0,19.52,14.64,29.28,19.52,53.68,34.16
-9.76,9.76,19.52,0,-14.64,14.64,9.76,9.76,19.52,19.52,48.8,29.28
-24.4,4.88,29.28,9.76,-29.28,14.64,14.64,14.64,19.52,19.52,48.8,29.28
-29.28,0,29.28,14.64,-29.28,14.64,4.88,9.76,19.52,14.64,43.92,19.52
-24.4,4.88,29.28,9.76,-29.28,14.64,9.76,9.76,24.4,19.52,48.8,29.28
-19.52,4.88,24.4,9.76,-24.4,14.64,4.88,9.76,14.64,9.76,39.04,19.52
-24.4,4.88,29.28,9.76,-29.28,14.64,14.64,9.76,24.4,9.76,48.8,24.4
-19.52,9.76,29.28,4.88,-24.4,19.52,14.64,9.76,24.4,14.64,48.8,29.28
-19.52,4.88,24.4,9.76,-24.4,14.64,14.64,14.64,24.4,14.64,53.68,29.28
-9.76,14.64,24.4,0,-19.52,19.52,14.64,14.64,24.4,19.52,58.56,29.28
-9.76,14.64,24.4,0,-19.52,19.52,9.76,14.64,24.4,24.4,63.44,34.16
-24.4,9.76,34.16,9.76,-29.28,19.52,9.76,14.64,24.4,24.4,63.44,34.16
-19.52,14.64,34.16,4.88,-29.28,24.4,9.76,14.64,34.16,24.4,63.44,39.04
-24.4,14.64,39.04,4.88,-34.16,24.4,4.88,9.76,29.28,24.4,58.56,34.16
-24.4,9.76,34.16,9.76,-29.28,19.52,9.76,14.64,29.28,24.4,63.44,34.16
-19.52,14.64,34.16,4.88,-29.28,24.4,9.76,14.64,19.52,19.52,58.56,24.4
-24.4,4.88,29.28,9.76,-29.28,14.64,9.76,9.76,24.4,19.52,58.56,24.4
-24.4,14.64,39.04,4.88,-34.16,24.4,9.76,9.76,29.28,24.4,58.56,29.28
-24.4,9.76,34.16,9.76,-29.28,19.52,19.52,14.64,34.16,29.28,68.32,34.16
-24.4,4.88,29.28,9.76,-29.28,14.64,19.52,14.64,29.28,29.28,68.32,29.28
-14.64,9.76,24.4,4.88,-19.52,14.64,9.76,9.76,29.28,24.4,63.44,29.28
-19.52,9.76,29.28,4.88,-24.4,19.52,4.88,9.76,29.28,14.64,58.56,29.28
-19.52,4.88,24.4,9.76,-24.4,14.64,19.52,19.52,34.16,14.64,58.56,29.28
-19.52,4.88,24.4,9.76,-24.4,14.64,19.52,19.52,29.28,14.64,53.68,29.28
-14.64,0,14.64,9.76,-14.64,4.88,14.64,14.64,24.4,14.64,53.68,24.4
-14.64,14.64,29.28,0,-24.4,19.52,9.76,9.76,24.4,14.64,48.8,19.52
-19.52,9.76,29.28,4.88,-24.4,19.52,0,0,19.52,9.76,39.04,14.64
-39.04,9.76,48.8,14.64,-43.92,29.28,0,4.88,19.52,14.64,43.92,19.52
-29.28,14.64,43.92,9.76,-39.04,29.28,4.88,9.76,29.28,19.52,53.68,24.4
-9.76,14.64,24.4,0,-19.52,19.52,0,4.88,29.28,19.52,48.8,14.64
-14.64,14.64,29.28,0,-24.4,19.52,9.76,14.64,39.04,34.16,63.44,24.4
-14.64,19.52,34.16,0,-24.4,24.4,9.76,14.64,29.28,19.52,58.56,24.4
-19.52,14.64,34.16,4.88,-29.28,24.4,9.76,9.76,24.4,19.52,58.56,24.4
-14.64,14.64,29.28,0,-24.4,19.52,9.76,14.64,34.16,24.4,63.44,24.4
-19.52,4.88,24.4,9.76,-24.4,14.64,14.64,14.64,24.4,24.4,68.32,34.16
-19.52,-4.88,14.64,14.64,-19.52,4.88,14.64,19.52,24.4,29.28,63.44,34.16
-9.76,4.88,14.64,4.88,-14.64,9.76,9.76,19.52,24.4,29.28,53.68,29.28
-9.76,4.88,14.64,4.88,-14.64,9.76,4.88,14.64,19.52,19.52,43.92,29.28
-4.88,9.76,14.64,0,-9.76,9.76,0,9.76,19.52,19.52,48.8,24.4
-4.88,19.52,24.4,-4.88,-14.64,19.52,0,14.64,24.4,24.4,58.56,39.04
-14.64,19.52,34.16,0,-24.4,24.4,-4.88,9.76,19.52,19.52,48.8,34.16
-9.76,24.4,34.16,-4.88,-24.4,29.28,0,14.64,24.4,29.28,53.68,39.04
-14.64,24.4,39.04,-4.88,-29.28,29.28,0,9.76,24.4,29.28,58.56,34.16
-14.64,19.52,34.16,0,-24.4,24.4,4.88,14.64,29.28,24.4,53.68,29.28
-9.76,19.52,29.28,-4.88,-19.52,24.4,14.64,19.52,24.4,24.4,53.68,34.16
-4.88,14.64,19.52,-4.88,-14.64,14.64,0,14.64,24.4,19.52,48.8,29.28
-9.76,9.76,19.52,0,-14.64,14.64,4.88,4.88,19.52,19.52,48.8,29.28
-9.76,4.88,14.64,4.88,-14.64,9.76,0,4.88,19.52,19.52,48.8,29.28
-14.64,4.88,19.52,4.88,-19.52,9.76,0,0,14.64,19.52,43.92,29.28
-9.76,9.76,19.52,0,-14.64,14.64,9.76,9.76,24.4,34.16,53.68,39.04
-19.52,4.88,24.4,9.76,-24.4,14.64,14.64,14.64,24.4,34.16,58.56,43.92
-9.76,14.64,24.4,0,-19.52,19.52,4.88,9.76,24.4,29.28,63.44,39.04
-4.88,19.52,24.4,-4.88,-14.64,19.52,9.76,14.64,24.4,34.16,68.32,43.92
-9.76,4.88,14.64,4.88,-14.64,9.76,4.88,9.76,24.4,34.16,58.56,34.16
-4.88,9.76,14.64,0,-9.76,9.76,4.88,9.76,19.52,29.28,53.68,29.28
-9.76,9.76,19.52,0,-14.64,14.64,14.64,19.52,29.28,29.28,53.68,29.28
-9.76,0,9.76,4.88,-9.76,4.88,4.88,9.76,24.4,29.28,43.92,24.4
-9.76,4.88,14.64,4.88,-14.64,9.76,4.88,9.76,29.28,29.28,48.8,29.28
-14.64,4.88,19.52,4.88,-19.52,9.76,4.88,9.76,24.4,29.28,53.68,29.28
-14.64,4.88,19.52,4.88,-19.52,9.76,9.76,9.76,29.28,34.16,63.44,34.16
-4.88,19.52,24.4,-4.88,-14.64,19.52,9.76,9.76,29.28,34.16,53.68,39.04
-14.64,19.52,34.16,0,-24.4,24.4,4.88,14.64,24.4,24.4,58.56,39.04
-14.64,19.52,34.16,0,-24.4,24.4,0,9.76,19.52,24.4,53.68,29.28
-4.88,14.64,19.52,-4.88,-14.64,14.64,4.88,14.64,19.52,29.28,43.92,29.28
-4.88,24.4,29.28,-9.76,-19.52,24.4,4.88,9.76,14.64,24.4,48.8,29.28
4.88,29.28,24.4,-14.64,-9.76,24.4,4.88,14.64,19.52,19.52,43.92,29.28
-9.76,24.4,34.16,-4.88,-24.4,29.28,0,14.64,24.4,24.4,39.04,29.28
0,24.4,24.4,-9.76,-14.64,24.4,-4.88,9.76,19.52,24.4,34.16,29.28
-4.88,29.28,34.16,-9.76,-19.52,29.28,-4.88,9.76,19.52,19.52,39.04,34.16
-14.64,14.64,29.28,0,-24.4,19.52,0,4.88,19.52,24.4,39.04,34.16
-4.88,14.64,19.52,-4.88,-14.64,14.64,0,4.88,24.4,24.4,39.04,29.28
0,14.64,14.64,-4.88,-9.76,14.64,-4.88,9.76,24.4,24.4,39.04,29.28
-9.76,4.88,14.64,4.88,-14.64,9.76,-14.64,0,24.4,19.52,39.04,29.28
-9.76,4.88,14.64,4.88,-14.64,9.76,-4.88,9.76,29.28,24.4,39.04,34.16
-14.64,9.76,24.4,4.88,-19.52,14.64,-4.88,0,24.4,19.52,34.16,24.4
-14.64,14.64,29.28,0,-24.4,19.52,0,9.76,19.52,19.52,29.28,24.4
-4.88,19.52,24.4,-4.88,-14.64,19.52,4.88,9.76,24.4,24.4,29.28,24.4
-14.64,14.64,29.28,0,-24.4,19.52,9.76,14.64,29.28,24.4,34.16,29.28
-9.76,9.76,19.52,0,-14.64,14.64,9.76,14.64,24.4,19.52,29.28,34.16
-4.88,14.64,19.52,-4.88,-14.64,14.64,14.64,9.76,34.16,24.4,39.04,34.16
-4.88,9.76,14.64,0,-9.76,9.76,9.76,14.64,29.28,29.28,43.92,39.04
0,14.64,14.64,-4.88,-9.76,14.64,0,9.76,29.28,24.4,43.92,29.28
-9.76,4.88,14.64,4.88,-14.64,9.76,0,9.76,24.4,19.52,39.04,29.28
-9.76,14.64,24.4,0,-19.52,19.52,-4.88,14.64,34.16,24.4,39.04,34.16
4.88,24.4,19.52,-14.64,-9.76,19.52,0,9.76,29.28,24.4,43.92,34.16
-4.88,19.52,24.4,-4.88,-14.64,19.52,0,14.64,29.28,24.4,43.92,39.04
0,19.52,19.52,-9.76,-9.76,19.52,4.88,9.76,29.28,34.16,43.92,39.04
-9.76,19.52,29.28,-4.88,-19.52,24.4,-4.88,4.88,24.4,29.28,34.16,34.16
-14.64,14.64,29.28,0,-24.4,19.52,4.88,9.76,34.16,34.16,43.92,39.04
-9.76,24.4,34.16,-4.88,-24.4,29.28,0,14.64,29.28,34.16,39.04,39.04
-4.88,19.52,24.4,-4.88,-14.64,19.52,0,14.64,24.4,29.28,34.16,39.04
4.88,24.4,19.52,-14.64,-9.76,19.52,-4.88,19.52,24.4,19.52,34.16,29.28
4.88,19.52,14.64,-9.76,-4.88,14.64,-4.88,9.76,19.52,19.52,29.28,29.28
0,14.64,14.64,-4.88,-9.76,14.64,-14.64,4.88,14.64,19.52,14.64,29.28
0,19.52,19.52,-9.76,-9.76,19.52,-9.76,9.76,14.64,19.52,19.52,34.16
-4.88,14.64,19.52,-4.88,-14.64,14.64,-9.76,4.88,19.52,19.52,19.52,29.28
-9.76,9.76,19.52,0,-14.64,14.64,-4.88,0,19.52,24.4,14.64,24.4
4.88,19.52,14.64,-9.76,-4.88,14.64,-14.64,4.88,19.52,19.52,19.52,29.28
-4.88,14.64,19.52,-4.88,-14.64,14.64,4.88,9.76,19.52,24.4,24.4,39.04
0,14.64,14.64,-4.88,-9.76,14.64,0,9.76,24.4,29.28,29.28,39.04
4.88,24.4,19.52,-14.64,-9.76,19.52,-4.88,9.76,24.4,29.28,29.28,48.8
0,24.4,24.4,-9.76,-14.64,24.4,-4.88,9.76,29.28,24.4,24.4,39.04
0,19.52,19.52,-9.76,-9.76,19.52,4.88,9.76,29.28,34.16,34.16,39.04
-4.88,24.4,29.28,-9.76,-19.52,24.4,4.88,9.76,24.4,34.16,34.16,39.04
-4.88,19.52,24.4,-4.88,-14.64,19.52,-4.88,9.76,19.52,29.28,29.28,39.04
0,14.64,14.64,-4.88,-9.76,14.64,-4.88,9.76,24.4,29.28,24.4,34.16
-4.88,9.76,14.64,0,-9.76,9.76,-4.88,9.76,24.4,29.28,24.4,29.28
-9.76,14.64,24.4,0,-19.52,19.52,0,9.76,29.28,34.16,19.52,34.16
-4.88,14.64,19.52,-4.88,-14.64,14.64,-4.88,9.76,24.4,24.4,19.52,34.16
-4.88,4.88,9.76,0,-9.76,4.88,-4.88,4.88,19.52,19.52,9.76,24.4
-4.88,14.64,19.52,-4.88,-14.64,14.64,-4.88,4.88,14.64,19.52,9.76,24.4
-4.88,19.52,24.4,-4.88,-14.64,19.52,0,9.76,19.52,19.52,9.76,24.4
-9.76,19.52,29.28,-4.88,-19.52,24.4,-4.88,4.88,19.52,24.4,14.64,29.28
-4.88,24.4,29.28,-9.76,-19.52,24.4,4.88,14.64,34.16,34.16,24.4,34.16
-4.88,14.64,19.52,-4.88,-14.64,14.64,0,14.64,34.16,34.16,19.52,29.28
0,14.64,14.64,-4.88,-9.76,14.64,-4.88,19.52,19.52,24.4,14.64,34.16
4.88,19.52,14.64,-9.76,-4.88,14.64,0,9.76,19.52,24.4,14.64,29.28
-4.88,9.76,14.64,0,-9.76,9.76,0,9.76,24.4,29.28,14.64,34.16
0,14.64,14.64,-4.88,-9.76,14.64,-4.88,4.88,24.4,24.4,9.76,29.28
0,9.76,9.76,-4.88,-4.88,9.76,-9.76,14.64,24.4,19.52,9.76,29.28
-4.88,9.76,14.64,0,-9.76,9.76,-4.88,9.76,24.4,19.52,4.88,24.4
0,19.52,19.52,-9.76,-9.76,19.52,0,14.64,19.52,14.64,4.88,34.16
4.88,24.4,19.52,-14.64,-9.76,19.52,-14.64,4.88,14.64,9.76,0,24.4
0,24.4,24.4,-9.76,-14.64,24.4,-9.76,9.76,29.28,19.52,4.88,24.4
0,24.4,24.4,-9.76,-14.64,24.4,-9.76,9.76,29.28,19.52,4.88,19.52
-9.76,19.52,29.28,-4.88,-19.52,24.4,-9.76,9.76,24.4,14.64,-4.88,14.64
-4.88,24.4,29.28,-9.76,-19.52,24.4,-9.76,14.64,24.4,19.52,0,9.76
0,19.52,19.52,-9.76,-9.76,19.52,-4.88,9.76,24.4,19.52,-4.88,9.76
-4.88,19.52,24.4,-4.88,-14.64,19.52,-4.88,9.76,24.4,24.4,0,14.64
4.88,24.4,19.52,-14.64,-9.76,19.52,-9.76,9.76,29.28,24.4,4.88,24.4
0,14.64,14.64,-4.88,-9.76,14.64,-4.88,14.64,29.28,24.4,9.76,29.28
0,19.52,19.52,-9.76,-9.76,19.52,4.88,19.52,29.28,24.4,9.76,34.16
0,24.4,24.4,-9.76,-14.64,24.4,4.88,19.52,29.28,29.28,14.64,43.92
-4.88,4.88,9.76,0,-9.76,4.88,-4.88,9.76,24.4,24.4,4.88,39.04
-9.76,0,9.76,4.88,-9.76,4.88,0,4.88,24.4,24.4,9.76,43.92
4.88,14.64,9.76,-9.76,-4.88,9.76,0,4.88,24.4,24.4,9.76,39.04
0,9.76,9.76,-4.88,-4.88,9.76,-4.88,4.88,24.4,29.28,4.88,43.92
4.88,9.76,4.88,-4.88,0,4.88,-4.88,4.88,24.4,29.28,0,39.04
0,9.76,9.76,-4.88,-4.88,9.76,0,9.76,24.4,29.28,4.88,43.92
0,14.64,14.64,-4.88,-9.76,14.64,-9.76,0,24.4,19.52,-4.88,34.16
-4.88,14.64,19.52,-4.88,-14.64,14.64,-4.88,4.88,19.52,19.52,-4.88,34.16
-4.88,19.52,24.4,-4.88,-14.64,19.52,-9.76,0,9.76,9.76,-19.52,19.52
0,24.4,24.4,-9.76,-14.64,24.4,-9.76,4.88,14.64,19.52,-9.76,24.4
0,14.64,14.64,-4.88,-9.76,14.64,-9.76,4.88,19.52,19.52,-14.64,19.52
4.88,24.4,19.52,-14.64,-9.76,19.52,-14.64,4.88,14.64,14.64,-19.52,14.64
0,24.4,24.4,-9.76,-14.64,24.4,-14.64,4.88,19.52,19.52,-9.76,19.52
0,19.52,19.52,-9.76,-9.76,19.52,-14.64,4.88,19.52,19.52,-19.52,14.64
-4.88,24.4,29.28,-9.76,-19.52,24.4,-4.88,4.88,19.52,24.4,-19.52,14.64
4.88,34.16,29.28,-19.52,-14.64,29.28,-4.88,4.88,19.52,14.64,-14.64,19.52
4.88,29.28,24.4,-14.64,-9.76,24.4,-9.76,0,19.52,14.64,-9.76,19.52
9.76,34.16,24.4,-19.52,-9.76,29.28,-14.64,0,19.52,19.52,-9.76,19.52
0,24.4,24.4,-9.76,-14.64,24.4,-14.64,4.88,19.52,19.52,4.88,24.4
-14.64,19.52,34.16,0,-24.4,24.4,-14.64,4.88,19.52,19.52,4.88,24.4
0,29.28,29.28,-14.64,-14.64,29.28,-9.76,4.88,19.52,24.4,-4.88,19.52
0,24.4,24.4,-9.76,-14.64,24.4,-9.76,9.76,14.64,19.52,0,19.52
14.64,24.4,9.76,-19.52,0,14.64,-4.88,9.76,19.52,14.64,-4.88,14.64
9.76,19.52,9.76,-14.64,0,14.64,-9.76,4.88,19.52,19.52,-4.88,19.52
4.88,14.64,9.76,-9.76,-4.88,9.76,-9.76,9.76,19.52,19.52,-4.88,19.52
14.64,19.52,4.88,-14.64,4.88,9.76,-9.76,4.88,19.52,14.64,0,24.4
14.64,14.64,0,-14.64,4.88,4.88,-14.64,0,14.64,14.64,0,14.64
4.88,14.64,9.76,-9.76,-4.88,9.76,-4.88,9.76,19.52,19.52,4.88,24.4
4.88,19.52,14.64,-9.76,-4.88,14.64,-9.76,9.76,19.52,14.64,0,14.64
4.88,9.76,4.88,-4.88,0,4.88,-4.88,0,14.64,9.76,4.88,14.64
4.88,19.52,14.64,-9.76,-4.88,14.64,0,4.88,14.64,14.64,4.88,14.64
4.88,14.64,9.76,-9.76,-4.88,9.76,-4.88,0,14.64,9.76,9.76,14.64
-4.88,9.76,14.64,0,-9.76,9.76,-14.64,-4.88,14.64,9.76,4.88,9.76
4.88,14.64,9.76,-9.76,-4.88,9.76,-19.52,0,9.76,9.76,4.88,24.4
0,19.52,19.52,-9.76,-9.76,19.52,-14.64,4.88,9.76,9.76,4.88,24.4
4.88,19.52,14.64,-9.76,-4.88,14.64,-4.88,0,9.76,9.76,19.52,29.28
4.88,19.52,14.64,-9.76,-4.88,14.64,-4.88,4.88,24.4,19.52,34.16,34.16
4.88,14.64,9.76,-9.76,-4.88,9.76,-4.88,4.88,19.52,24.4,34.16,34.16
9.76,19.52,9.76,-14.64,0,14.64,-4.88,9.76,19.52,19.52,29.28,34.16
4.88,4.88,0,-4.88,0,0,-4.88,9.76,19.52,24.4,39.04,39.04
0,4.88,4.88,0,-4.88,4.88,0,4.88,19.52,19.52,34.16,34.16
9.76,14.64,4.88,-9.76,0,9.76,0,4.88,19.52,19.52,39.04,39.04
0,4.88,4.88,0,-4.88,4.88,-4.88,0,14.64,9.76,34.16,29.28
-9.76,0,9.76,4.88,-9.76,4.88,-9.76,-4.88,4.88,4.88,34.16,29.28
-4.88,9.76,14.64,0,-9.76,9.76,-4.88,0,9.76,9.76,43.92,29.28
0,14.64,14.64,-4.88,-9.76,14.64,-9.76,-4.88,4.88,4.88,34.16,24.4
9.76,29.28,19.52,-19.52,-4.88,24.4,-9.76,0,19.52,19.52,43.92,19.52
4.88,29.28,24.4,-14.64,-9.76,24.4,-9.76,0,14.64,19.52,53.68,19.52
9.76,29.28,19.52,-19.52,-4.88,24.4,-4.88,4.88,9.76,19.52,53.68,19.52
9.76,14.64,4.88,-9.76,0,9.76,-9.76,4.88,19.52,19.52,63.44,29.28
4.88,9.76,4.88,-4.88,0,4.88,-9.76,4.88,14.64,19.52,68.32,34.16
4.88,9.76,4.88,-4.88,0,4.88,-4.88,4.88,14.64,14.64,68.32,39.04
4.88,14.64,9.76,-9.76,-4.88,9.76,-9.76,4.88,9.76,9.76,58.56,29.28
0,4.88,4.88,0,-4.88,4.88,-14.64,0,9.76,9.76,58.56,29.28
14.64,19.52,4.88,-14.64,4.88,9.76,-14.64,4.88,4.88,4.88,63.44,24.4
9.76,19.52,9.76,-14.64,0,14.64,-19.52,0,14.64,4.88,53.68,29.28
9.76,24.4,14.64,-14.64,-4.88,19.52,-14.64,4.88,14.64,9.76,63.44,29.28
9.76,29.28,19.52,-19.52,-4.88,24.4,0,9.76,19.52,19.52,73.2,29.28
4.88,24.4,19.52,-14.64,-9.76,19.52,-4.88,4.88,9.76,9.76,63.44,19.52
9.76,19.52,9.76,-14.64,0,14.64,-4.88,4.88,9.76,9.76,63.44,24.4
19.52,24.4,4.88,-19.52,4.88,14.64,0,4.88,0,4.88,68.32,19.52
9.76,9.76,0,-9.76,4.88,4.88,0,4.88,9.76,4.88,68.32,24.4
9.76,4.88,-4.88,-4.88,4.88,0,-4.88,4.88,9.76,0,58.56,14.64
4.88,4.88,0,-4.88,0,0,-9.76,0,9.76,0,68.32,14.64
-4.88,9.76,14.64,0,-9.76,9.76,-4.88,4.88,9.76,0,68.32,9.76
9.76,14.64,4.88,-9.76,0,9.76,-4.88,4.88,19.52,0,73.2,19.52
9.76,14.64,4.88,-9.76,0,9.76,0,4.88,19.52,9.76,68.32,14.64
4.88,14.64,9.76,-9.76,-4.88,9.76,-4.88,9.76,24.4,14.64,82.96,24.4
9.76,19.52,9.76,-14.64,0,14.64,-9.76,4.88,14.64,9.76,82.96,14.64
0,14.64,14.64,-4.88,-9.76,14.64,-9.76,4.88,14.64,9.76,82.96,19.52
4.88,14.64,9.76,-9.76,-4.88,9.76,-4.88,9.76,19.52,14.64,82.96,19.52
4.88,9.76,4.88,-4.88,0,4.88,0,0,14.64,9.76,82.96,19.52
4.88,4.88,0,-4.88,0,0,4.88,14.64,19.52,9.76,82.96,19.52
4.88,0,-4.88,0,4.88,-4.88,4.88,14.64,19.52,14.64,82.96,24.4
0,-9.76,-9.76,4.88,4.88,-9.76,4.88,9.76,14.64,4.88,82.96,19.52
0,-4.88,-4.88,4.88,0,-4.88,4.88,4.88,19.52,9.76,82.96,24.4
0,-4.88,-4.88,4.88,0,-4.88,14.64,9.76,19.52,9.76,87.84,19.52
-4.88,-9.76,-4.88,9.76,0,-9.76,4.88,9.76,19.52,9.76,87.84,29.28
4.88,4.88,0,-4.88,0,0,4.88,9.76,9.76,4.88,78.08,24.4
0,0,0,0,0,0,-4.88,0,4.88,-4.88,73.2,19.52
9.76,4.88,-4.88,-4.88,4.88,0,-9.76,4.88,4.88,0,73.2,14.64
19.52,14.64,-4.88,-14.64,9.76,4.88,-14.64,0,9.76,0,73.2,9.76
9.76,14.64,4.88,-9.76,0,9.76,-14.64,-4.88,9.76,-4.88,68.32,14.64
9.76,14.64,4.88,-9.76,0,9.76,-9.76,0,14.64,-4.88,78.08,14.64
14.64,24.4,9.76,-19.52,0,14.64,-4.88,0,14.64,0,82.96,14.64
0,19.52,19.52,-9.76,-9.76,19.52,0,4.88,14.64,4.88,78.08,19.52
9.76,14.64,4.88,-9.76,0,9.76,4.88,14.64,24.4,14.64,87.84,29.28
9.76,4.88,-4.88,-4.88,4.88,0,4.88,9.76,9.76,4.88,78.08,24.4
4.88,4.88,0,-4.88,0,0,4.88,4.88,0,0,68.32,19.52
9.76,0,-9.76,-4.88,9.76,-4.88,4.88,4.88,9.76,4.88,73.2,24.4
4.88,0,-4.88,0,4.88,-4.88,-4.88,4.88,9.76,4.88,68.32,14.64
4.88,0,-4.88,0,4.88,-4.88,-4.88,4.88,9.76,4.88,73.2,19.52
-4.88,4.88,9.76,0,-9.76,4.88,0,4.88,14.64,4.88,73.2,19.52
4.88,9.76,4.88,-4.88,0,4.88,-4.88,0,19.52,4.88,78.08,24.4
14.64,19.52,4.88,-14.64,4.88,9.76,0,4.88,19.52,9.76,82.96,24.4
24.4,19.52,-4.88,-19.52,14.64,4.88,-4.88,4.88,14.64,14.64,87.84,34.16
9.76,14.64,4.88,-9.76,0,9.76,0,0,14.64,4.88,78.08,24.4
9.76,14.64,4.88,-9.76,0,9.76,9.76,0,9.76,4.88,78.08,24.4
4.88,9.76,4.88,-4.88,0,4.88,4.88,0,9.76,0,68.32,9.76
4.88,9.76,4.88,-4.88,0,4.88,9.76,0,14.64,0,68.32,9.76
0,9.76,9.76,-4.88,-4.88,9.76,4.88,0,9.76,-4.88,58.56,-4.88
4.88,9.76,4.88,-4.88,0,4.88,0,-4.88,0,-9.76,48.8,-4.88
0,9.76,9.76,-4.88,-4.88,9.76,0,-4.88,-4.88,-24.4,39.04,-4.88
-4.88,4.88,9.76,0,-9.76,4.88,0,0,0,-19.52,48.8,9.76
-4.88,14.64,19.52,-4.88,-14.64,14.64,0,0,0,-14.64,43.92,9.76
9.76,14.64,4.88,-9.76,0,9.76,4.88,0,4.88,-9.76,53.68,9.76
4.88,9.76,4.88,-4.88,0,4.88,4.88,4.88,14.64,4.88,63.44,19.52
4.88,9.76,4.88,-4.88,0,4.88,0,0,19.52,14.64,78.08,29.28
0,4.88,4.88,0,-4.88,4.88,0,0,4.88,4.88,68.32,19.52
0,-4.88,-4.88,4.88,0,-4.88,0,-4.88,9.76,4.88,68.32,24.4
9.76,9.76,0,-9.76,4.88,4.88,4.88,0,9.76,4.88,68.32,24.4
4.88,4.88,0,-4.88,0,0,9.76,4.88,9.76,4.88,68.32,24.4
9.76,4.88,-4.88,-4.88,4.88,0,14.64,4.88,9.76,0,58.56,19.52
14.64,9.76,-4.88,-9.76,9.76,0,9.76,0,9.76,-4.88,58.56,19.52
4.88,4.88,0,-4.88,0,0,9.76,-4.88,9.76,-4.88,53.68,4.88
4.88,4.88,0,-4.88,0,0,14.64,0,14.64,0,58.56,-4.88
-4.88,0,4.88,4.88,-4.88,0,14.64,0,14.64,0,48.8,4.88
-4.88,4.88,9.76,0,-9.76,4.88,14.64,4.88,14.64,9.76,58.56,19.52
4.88,4.88,0,-4.88,0,0,9.76,9.76,9.76,9.76,68.32,19.52
9.76,4.88,-4.88,-4.88,4.88,0,4.88,0,9.76,4.88,63.44,29.28
4.88,4.88,0,-4.88,0,0,4.88,0,9.76,4.88,63.44,19.52
9.76,4.88,-4.88,-4.88,4.88,0,0,0,9.76,4.88,63.44,24.4
4.88,4.88,0,-4.88,0,0,-4.88,-9.76,0,-9.76,53.68,19.52
9.76,9.76,0,-9.76,4.88,4.88,-4.88,-14.64,0,-19.52,48.8,14.64
4.88,4.88,0,-4.88,0,0,-4.88,-9.76,0,-9.76,48.8,9.76
9.76,9.76,0,-9.76,4.88,4.88,-9.76,-9.76,0,-9.76,48.8,19.52
19.52,9.76,-9.76,-14.64,14.64,0,0,0,9.76,0,58.56,24.4
4.88,4.88,0,-4.88,0,0,0,0,9.76,0,63.44,34.16
9.76,9.76,0,-9.76,4.88,4.88,4.88,-4.88,4.88,-4.88,48.8,24.4
9.76,4.88,-4.88,-4.88,4.88,0,9.76,0,9.76,0,53.68,24.4
0,4.88,4.88,0,-4.88,4.88,4.88,-4.88,4.88,-4.88,53.68,14.64
4.88,9.76,4.88,-4.88,0,4.88,9.76,0,9.76,4.88,58.56,19.52
4.88,4.88,0,-4.88,0,0,0,-4.88,9.76,0,53.68,14.64
14.64,0,-14.64,-4.88,14.64,-9.76,-4.88,-9.76,4.88,0,48.8,14.64
14.64,4.88,-9.76,-9.76,9.76,-4.88,0,-9.76,-4.88,-9.76,43.92,9.76
-4.88,-4.88,0,4.88,-4.88,-4.88,9.76,0,9.76,0,48.8,14.64
-4.88,-9.76,-4.88,9.76,0,-9.76,0,-4.88,4.88,-4.88,43.92,9.76
4.88,-4.88,-9.76,0,4.88,-9.76,4.88,-4.88,0,-9.76,39.04,19.52
4.88,0,-4.88,0,4.88,-4.88,4.88,-9.76,-9.76,-19.52,24.4,4.88
9.76,-4.88,-14.64,0,9.76,-9.76,4.88,-14.64,-4.88,-19.52,24.4,9.76
14.64,0,-14.64,-4.88,14.64,-9.76,14.64,-4.88,4.88,-4.88,39.04,4.88
14.64,4.88,-9.76,-9.76,9.76,-4.88,14.64,-4.88,4.88,-9.76,19.52,0
19.52,4.88,-14.64,-9.76,14.64,-4.88,4.88,-9.76,4.88,-9.76,19.52,-9.76
0,-9.76,-9.76,4.88,4.88,-9.76,0,-14.64,0,-14.64,19.52,-9.76
0,0,0,0,0,0,0,-9.76,-4.88,-19.52,24.4,-9.76
4.88,4.88,0,-4.88,0,0,0,-14.64,-4.88,-19.52,29.28,4.88
9.76,4.88,-4.88,-4.88,4.88,0,-4.88,-14.64,-4.88,-14.64,29.28,9.76
14.64,9.76,-4.88,-9.76,9.76,0,-9.76,-14.64,0,-4.88,43.92,19.52
4.88,4.88,0,-4.88,0,0,0,-9.76,0,-4.88,39.04,14.64
4.88,0,-4.88,0,4.88,-4.88,4.88,-4.88,4.88,-4.88,39.04,14.64
9.76,4.88,-4.88,-4.88,4.88,0,9.76,0,4.88,4.88,43.92,19.52
4.88,-4.88,-9.76,0,4.88,-9.76,9.76,-4.88,4.88,9.76,43.92,19.52
9.76,4.88,-4.88,-4.88,4.88,0,9.76,-4.88,9.76,9.76,39.04,9.76
14.64,4.88,-9.76,-9.76,9.76,-4.88,4.88,-14.64,9.76,0,39.04,9.76
14.64,0,-14.64,-4.88,14.64,-9.76,9.76,-9.76,4.88,0,39.04,14.64
4.88,-9.76,-14.64,4.88,9.76,-14.64,4.88,-14.64,0,-19.52,24.4,9.76
-4.88,-14.64,-9.76,9.76,0,-14.64,9.76,-19.52,-4.88,-24.4,14.64,0
0,-4.88,-4.88,4.88,0,-4.88,4.88,-24.4,-9.76,-19.52,14.64,0
0,-4.88,-4.88,4.88,0,-4.88,9.76,-19.52,0,-19.52,14.64,0
4.88,0,-4.88,0,4.88,-4.88,4.88,-19.52,4.88,-14.64,14.64,-9.76
9.76,9.76,0,-9.76,4.88,4.88,14.64,-14.64,4.88,-9.76,19.52,0
4.88,4.88,0,-4.88,0,0,14.64,-14.64,9.76,-4.88,19.52,4.88
0,-9.76,-9.76,4.88,4.88,-9.76,19.52,-9.76,14.64,0,24.4,14.64
4.88,-14.64,-19.52,4.88,9.76,-19.52,19.52,-9.76,9.76,0,24.4,19.52
4.88,-14.64,-19.52,4.88,9.76,-19.52,24.4,-9.76,9.76,-4.88,19.52,19.52
0,-19.52,-19.52,9.76,9.76,-19.52,4.88,-29.28,0,-19.52,4.88,9.76
4.88,-19.52,-24.4,9.76,14.64,-24.4,19.52,-19.52,4.88,-14.64,9.76,14.64
9.76,-19.52,-29.28,4.88,19.52,-24.4,14.64,-19.52,9.76,-14.64,9.76,9.76
14.64,-4.88,-19.52,-4.88,14.64,-14.64,9.76,-19.52,0,-19.52,4.88,4.88
14.64,-4.88,-19.52,-4.88,14.64,-14.64,9.76,-24.4,-4.88,-19.52,4.88,9.76
0,-14.64,-14.64,9.76,4.88,-14.64,14.64,-19.52,-4.88,-14.64,0,4.88
-4.88,-4.88,0,4.88,-4.88,-4.88,14.64,-24.4,0,-14.64,0,4.88
-4.88,-4.88,0,4.88,-4.88,-4.88,24.4,-14.64,9.76,-9.76,4.88,9.76
9.76,0,-9.76,-4.88,9.76,-4.88,14.64,-24.4,0,-14.64,0,4.88
9.76,0,-9.76,-4.88,9.76,-4.88,19.52,-19.52,4.88,-9.76,0,0
0,-4.88,-4.88,4.88,0,-4.88,9.76,-24.4,4.88,-9.76,0,0
4.88,0,-4.88,0,4.88,-4.88,9.76,-24.4,0,-9.76,-4.88,0
0,-9.76,-9.76,4.88,4.88,-9.76,9.76,-19.52,0,-14.64,0,4.88
4.88,-4.88,-9.76,0,4.88,-9.76,14.64,-29.28,0,-19.52,-4.88,0
4.88,0,-4.88,0,4.88,-4.88,14.64,-24.4,0,-19.52,-4.88,9.76
0,-4.88,-4.88,4.88,0,-4.88,14.64,-19.52,4.88,-14.64,0,4.88
0,-4.88,-4.88,4.88,0,-4.88,14.64,-24.4,4.88,-14.64,-4.88,0
4.88,4.88,0,-4.88,0,0,24.4,-19.52,4.88,-19.52,-9.76,0
0,-4.88,-4.88,4.88,0,-4.88,24.4,-24.4,4.88,-14.64,-4.88,0
4.88,-4.88,-9.76,0,4.88,-9.76,29.28,-19.52,9.76,-4.88,0,4.88
9.76,-9.76,-19.52,0,14.64,-14.64,24.4,-19.52,9.76,-9.76,4.88,4.88
0,-9.76,-9.76,4.88,4.88,-9.76,24.4,-14.64,9.76,0,9.76,9.76
9.76,-9.76,-19.52,0,14.64,-14.64,24.4,-19.52,14.64,0,4.88,9.76
4.88,-9.76,-14.64,4.88,9.76,-14.64,14.64,-19.52,9.76,-14.64,-4.88,4.88
4.88,-9.76,-14.64,4.88,9.76,-14.64,19.52,-19.52,4.88,-19.52,-9.76,4.88
0,-9.76,-9.76,4.88,4.88,-9.76,24.4,-14.64,0,-14.64,-9.76,9.76
-19.52,-24.4,-4.88,24.4,-9.76,-14.64,24.4,-29.28,-4.88,-24.4,-19.52,-4.88
-9.76,-19.52,-9.76,14.64,0,-14.64,19.52,-29.28,-4.88,-29.28,-29.28,-9.76
0,-14.64,-14.64,9.76,4.88,-14.64,19.52,-29.28,0,-19.52,-24.4,-9.76
9.76,-4.88,-14.64,0,9.76,-9.76,14.64,-29.28,0,-19.52,-24.4,-9.76
4.88,-4.88,-9.76,0,4.88,-9.76,24.4,-24.4,0,-14.64,-19.52,-4.88
0,-9.76,-9.76,4.88,4.88,-9.76,34.16,-19.52,4.88,-19.52,-24.4,-4.88
4.88,-4.88,-9.76,0,4.88,-9.76,24.4,-19.52,4.88,-14.64,-19.52,0
4.88,-4.88,-9.76,0,4.88,-9.76,24.4,-19.52,9.76,-19.52,-29.28,0
0,-9.76,-9.76,4.88,4.88,-9.76,24.4,-24.4,4.88,-24.4,-29.28,-4.88
4.88,0,-4.88,0,4.88,-4.88,24.4,-19.52,4.88,-24.4,-29.28,0
4.88,-4.88,-9.76,0,4.88,-9.76,19.52,-24.4,0,-19.52,-19.52,4.88
4.88,0,-4.88,0,4.88,-4.88,14.64,-24.4,0,-19.52,-24.4,0
9.76,9.76,0,-9.76,4.88,4.88,24.4,-24.4,9.76,-4.88,-14.64,9.76
0,9.76,9.76,-4.88,-4.88,9.76,24.4,-29.28,4.88,-4.88,-9.76,14.64
-4.88,9.76,14.64,0,-9.76,9.76,34.16,-29.28,9.76,-9.76,-14.64,4.88
-4.88,0,4.88,4.88,-4.88,0,39.04,-24.4,14.64,0,-19.52,0
0,-9.76,-9.76,4.88,4.88,-9.76,34.16,-19.52,14.64,-4.88,-14.64,4.88
4.88,0,-4.88,0,4.88,-4.88,34.16,-19.52,14.64,-14.64,-24.4,0
9.76,0,-9.76,-4.88,9.76,-4.88,34.16,-19.52,9.76,-14.64,-19.52,9.76
9.76,-4.88,-14.64,0,9.76,-9.76,24.4,-19.52,9.76,-19.52,-29.28,9.76
4.88,-4.88,-9.76,0,4.88,-9.76,24.4,-24.4,9.76,-14.64,-24.4,19.52
0,-9.76,-9.76,4.88,4.88,-9.76,24.4,-29.28,4.88,-19.52,-29.28,9.76
4.88,-4.88,-9.76,0,4.88,-9.76,24.4,-34.16,9.76,-14.64,-24.4,14.64
0,-4.88,-4.88,4.88,0,-4.88,29.28,-34.16,14.64,-4.88,-24.4,9.76
-4.88,-4.88,0,4.88,-4.88,-4.88,34.16,-24.4,19.52,0,-14.64,14.64
-4.88,0,4.88,4.88,-4.88,0,34.16,-14.64,24.4,-9.76,-24.4,9.76
0,-9.76,-9.76,4.88,4.88,-9.76,58.56,29.28,43.92,-9.76,-34.16,-9.76
9.76,-34.16,-43.92,14.64,24.4,-39.04,78.08,78.08,43.92,-34.16,-73.2,-58.56
