I,II,III,aVR,aVL,aVF,V1,V2,V3,V4,V5,V6
68.32,92.72,24.4,-78.08,19.52,58.56,43.92,-48.8,146.4,439.2,209.84,200.08
53.68,68.32,14.64,-58.56,19.52,39.04,43.92,-14.64,161.04,458.72,214.72,63.44
63.44,87.84,24.4,-73.2,19.52,53.68,39.04,-14.64,161.04,448.96,195.2,39.04
68.32,87.84,19.52,-78.08,24.4,53.68,58.56,0,175.68,468.48,229.36,53.68
53.68,78.08,24.4,-63.44,14.64,48.8,68.32,4.88,180.56,468.48,219.6,9.76
48.8,92.72,43.92,-68.32,0,68.32,73.2,9.76,190.32,468.48,204.96,-102.48
34.16,78.08,43.92,-53.68,-4.88,58.56,73.2,4.88,175.68,453.84,185.44,14.64
58.56,87.84,29.28,-73.2,14.64,58.56,78.08,9.76,190.32,463.6,195.2,34.16
43.92,117.12,73.2,-78.08,-14.64,92.72,78.08,9.76,190.32,453.84,180.56,19.52
19.52,126.88,107.36,-73.2,-43.92,117.12,87.84,9.76,190.32,448.96,175.68,43.92
9.76,102.48,92.72,-53.68,-43.92,97.6,87.84,4.88,165.92,434.32,161.04,131.76
24.4,102.48,78.08,-63.44,-29.28,87.84,97.6,4.88,175.68,444.08,170.8,19.52
19.52,92.72,73.2,-53.68,-29.28,82.96,92.72,-9.76,175.68,434.32,161.04,-9.76
29.28,82.96,53.68,-53.68,-14.64,68.32,102.48,4.88,190.32,444.08,161.04,-4.88
19.52,63.44,43.92,-39.04,-14.64,53.68,102.48,4.88,209.84,448.96,170.8,-48.8
14.64,58.56,43.92,-34.16,-14.64,48.8,102.48,-9.76,214.72,439.2,161.04,-161.04
43.92,82.96,39.04,-63.44,0,58.56,92.72,-19.52,214.72,434.32,161.04,-39.04
14.64,53.68,39.04,-34.16,-14.64,43.92,92.72,-19.52,219.6,429.44,151.28,-34.16
-4.88,73.2,78.08,-34.16,-43.92,73.2,87.84,-29.28,224.48,429.44,146.4,-34.16
4.88,92.72,87.84,-48.8,-43.92,87.84,82.96,-53.68,214.72,414.8,141.52,-4.88
14.64,87.84,73.2,-48.8,-29.28,78.08,92.72,-63.44,214.72,419.68,146.4,97.6
19.52,92.72,73.2,-53.68,-29.28,82.96,92.72,-58.56,224.48,429.44,146.4,-34.16
4.88,92.72,87.84,-48.8,-43.92,87.84,87.84,-63.44,229.36,424.56,141.52,-53.68
14.64,68.32,53.68,-39.04,-19.52,58.56,92.72,-39.04,244,439.2,156.16,-53.68
9.76,39.04,29.28,-24.4,-9.76,34.16,107.36,-29.28,248.88,434.32,151.28,-97.6
9.76,48.8,39.04,-29.28,-14.64,43.92,97.6,-34.16,248.88,434.32,146.4,-200.08
14.64,53.68,39.04,-34.16,-14.64,43.92,92.72,-34.16,244,429.44,146.4,-78.08
9.76,34.16,24.4,-19.52,-9.76,29.28,97.6,-24.4,258.64,444.08,156.16,-58.56
-4.88,58.56,63.44,-24.4,-34.16,58.56,87.84,-24.4,258.64,434.32,151.28,-43.92
-4.88,92.72,97.6,-43.92,-53.68,92.72,87.84,-19.52,253.76,434.32,146.4,0
0,87.84,87.84,-43.92,-43.92,87.84,78.08,-9.76,248.88,419.68,136.64,82.96
0,73.2,73.2,-34.16,-39.04,73.2,82.96,-14.64,244,409.92,131.76,-63.44
-9.76,87.84,97.6,-39.04,-53.68,92.72,82.96,4.88,253.76,409.92,131.76,-68.32
-9.76,53.68,63.44,-19.52,-39.04,58.56,92.72,19.52,258.64,414.8,141.52,-78.08
-9.76,29.28,39.04,-9.76,-24.4,34.16,87.84,34.16,253.76,419.68,151.28,-102.48
-19.52,24.4,43.92,0,-34.16,34.16,92.72,29.28,239.12,424.56,146.4,-195.2
-24.4,34.16,58.56,-4.88,-43.92,43.92,92.72,29.28,204.96,424.56,141.52,-92.72
-9.76,43.92,53.68,-14.64,-34.16,48.8,97.6,43.92,141.52,434.32,156.16,-97.6
0,68.32,68.32,-34.16,-34.16,68.32,82.96,39.04,97.6,414.8,136.64,-117.12
4.88,92.72,87.84,-48.8,-43.92,87.84,82.96,39.04,92.72,414.8,146.4,-68.32
-9.76,87.84,97.6,-39.04,-53.68,92.72,78.08,34.16,82.96,395.28,126.88,24.4
-19.52,53.68,73.2,-14.64,-48.8,63.44,78.08,43.92,87.84,409.92,131.76,-97.6
-29.28,53.68,82.96,-9.76,-58.56,68.32,82.96,43.92,87.84,405.04,131.76,-112.24
-19.52,48.8,68.32,-14.64,-43.92,58.56,87.84,58.56,97.6,409.92,136.64,-117.12
-19.52,24.4,43.92,0,-34.16,34.16,82.96,53.68,102.48,409.92,136.64,-146.4
-19.52,34.16,53.68,-4.88,-39.04,43.92,82.96,43.92,97.6,400.16,131.76,-244
-14.64,43.92,58.56,-14.64,-39.04,48.8,78.08,14.64,107.36,400.16,131.76,-131.76
-4.88,39.04,43.92,-14.64,-24.4,39.04,87.84,-9.76,126.88,414.8,136.64,-112.24
-14.64,53.68,68.32,-19.52,-43.92,58.56,87.84,-19.52,126.88,409.92,136.64,-117.12
-24.4,53.68,78.08,-14.64,-53.68,63.44,73.2,-34.16,112.24,395.28,126.88,-92.72
-9.76,58.56,68.32,-24.4,-39.04,63.44,78.08,-39.04,117.12,400.16,141.52,9.76
-4.88,58.56,63.44,-24.4,-34.16,58.56,73.2,-34.16,117.12,405.04,136.64,-107.36
-19.52,63.44,82.96,-19.52,-53.68,73.2,68.32,-39.04,117.12,400.16,126.88,-122
-14.64,39.04,53.68,-9.76,-34.16,43.92,82.96,-34.16,126.88,405.04,141.52,-122
-19.52,9.76,29.28,4.88,-24.4,19.52,82.96,-29.28,131.76,409.92,141.52,-151.28
-14.64,19.52,34.16,0,-24.4,24.4,78.08,-39.04,126.88,405.04,126.88,-253.76
-14.64,24.4,39.04,-4.88,-29.28,29.28,82.96,-24.4,136.64,409.92,122,-131.76
-19.52,9.76,29.28,4.88,-24.4,19.52,87.84,-24.4,151.28,414.8,122,-117.12
-14.64,43.92,58.56,-14.64,-39.04,48.8,73.2,-29.28,136.64,405.04,102.48,-126.88
-14.64,53.68,68.32,-19.52,-43.92,58.56,73.2,-34.16,126.88,400.16,107.36,-92.72
-14.64,43.92,58.56,-14.64,-39.04,48.8,68.32,-43.92,117.12,409.92,102.48,-14.64
-4.88,43.92,48.8,-19.52,-29.28,43.92,73.2,-29.28,126.88,458.72,112.24,-126.88
-4.88,48.8,53.68,-19.52,-29.28,48.8,63.44,-43.92,117.12,536.8,97.6,-156.16
-19.52,24.4,43.92,0,-34.16,34.16,73.2,-29.28,131.76,561.2,102.48,-170.8
-34.16,4.88,39.04,14.64,-39.04,19.52,78.08,-19.52,146.4,566.08,112.24,-200.08
-34.16,4.88,39.04,14.64,-39.04,19.52,73.2,-34.16,141.52,546.56,97.6,-297.68
-19.52,9.76,29.28,4.88,-24.4,19.52,73.2,-24.4,136.64,536.8,97.6,-190.32
-4.88,0,4.88,4.88,-4.88,0,73.2,-24.4,131.76,531.92,102.48,-170.8
-14.64,24.4,39.04,-4.88,-29.28,29.28,58.56,-34.16,122,512.4,82.96,-180.56
-14.64,43.92,58.56,-14.64,-39.04,48.8,53.68,-39.04,117.12,507.52,82.96,-151.28
-9.76,39.04,48.8,-14.64,-29.28,43.92,53.68,-39.04,122,492.88,87.84,-68.32
-14.64,34.16,48.8,-9.76,-34.16,39.04,58.56,-29.28,122,488,92.72,-170.8
-14.64,48.8,63.44,-14.64,-39.04,53.68,58.56,-34.16,117.12,468.48,87.84,-180.56
-19.52,19.52,39.04,0,-29.28,29.28,63.44,-34.16,122,473.36,97.6,-165.92
-19.52,0,19.52,9.76,-19.52,9.76,73.2,-34.16,131.76,478.24,102.48,-180.56
-19.52,0,19.52,9.76,-19.52,9.76,63.44,-53.68,122,473.36,97.6,-273.28
-19.52,0,19.52,9.76,-19.52,9.76,58.56,-58.56,117.12,458.72,92.72,-170.8
-14.64,0,14.64,9.76,-14.64,4.88,58.56,-58.56,107.36,458.72,92.72,-156.16
-29.28,19.52,48.8,4.88,-39.04,34.16,48.8,-68.32,97.6,444.08,73.2,-161.04
-29.28,34.16,63.44,0,-48.8,48.8,39.04,-82.96,87.84,424.56,68.32,-146.4
-19.52,39.04,58.56,-9.76,-39.04,48.8,43.92,-78.08,78.08,414.8,73.2,-53.68
-24.4,24.4,48.8,0,-39.04,34.16,43.92,-82.96,78.08,405.04,73.2,-161.04
-14.64,29.28,43.92,-4.88,-29.28,34.16,43.92,-87.84,73.2,395.28,68.32,-175.68
-9.76,9.76,19.52,0,-14.64,14.64,43.92,-78.08,78.08,390.4,68.32,-180.56
-14.64,-9.76,4.88,14.64,-9.76,-4.88,43.92,-73.2,78.08,385.52,78.08,-204.96
-9.76,-4.88,4.88,9.76,-9.76,0,43.92,-82.96,73.2,380.64,73.2,-302.56
-14.64,4.88,19.52,4.88,-19.52,9.76,39.04,-87.84,68.32,375.76,63.44,-200.08
-19.52,-4.88,14.64,14.64,-19.52,4.88,39.04,-87.84,63.44,366,68.32,-185.44
-24.4,19.52,43.92,4.88,-34.16,29.28,29.28,-97.6,48.8,346.48,58.56,-195.2
-34.16,29.28,63.44,4.88,-48.8,43.92,19.52,-107.36,39.04,336.72,53.68,-170.8
-24.4,29.28,53.68,0,-39.04,39.04,19.52,-102.48,34.16,326.96,53.68,-87.84
-29.28,24.4,53.68,4.88,-43.92,39.04,14.64,-97.6,24.4,317.2,53.68,-195.2
-34.16,29.28,63.44,4.88,-48.8,43.92,14.64,-97.6,19.52,307.44,53.68,-200.08
-14.64,14.64,29.28,0,-24.4,19.52,24.4,-87.84,24.4,297.68,48.8,-195.2
-19.52,-14.64,4.88,19.52,-14.64,-4.88,19.52,-82.96,19.52,287.92,48.8,-219.6
-14.64,0,14.64,9.76,-14.64,4.88,14.64,-87.84,0,273.28,43.92,-297.68
-19.52,0,19.52,9.76,-19.52,9.76,9.76,-87.84,9.76,268.4,48.8,-195.2
-19.52,-14.64,4.88,19.52,-14.64,-4.88,9.76,-87.84,4.88,258.64,43.92,-175.68
-19.52,9.76,29.28,4.88,-24.4,19.52,4.88,-92.72,-4.88,229.36,34.16,-180.56
-24.4,29.28,53.68,0,-39.04,39.04,-4.88,-107.36,-19.52,200.08,19.52,-161.04
-29.28,19.52,48.8,4.88,-39.04,34.16,-4.88,-117.12,-24.4,180.56,9.76,-92.72
-24.4,14.64,39.04,4.88,-34.16,24.4,-4.88,-122,-34.16,175.68,9.76,-175.68
-29.28,14.64,43.92,9.76,-39.04,29.28,-4.88,-126.88,-43.92,146.4,0,-185.44
-24.4,-9.76,14.64,19.52,-19.52,0,0,-126.88,-34.16,126.88,0,-175.68
-24.4,-24.4,0,24.4,-14.64,-14.64,0,-107.36,-34.16,112.24,9.76,-190.32
-24.4,-29.28,-4.88,29.28,-9.76,-19.52,-4.88,-117.12,-43.92,87.84,0,-263.52
-19.52,-14.64,4.88,19.52,-14.64,-4.88,-9.76,-122,-43.92,73.2,-4.88,-151.28
-14.64,-19.52,-4.88,19.52,-4.88,-14.64,-9.76,-102.48,-43.92,53.68,0,-122
-19.52,0,19.52,9.76,-19.52,9.76,-14.64,-102.48,-58.56,39.04,-14.64,-126.88
-24.4,14.64,39.04,4.88,-34.16,24.4,-24.4,-107.36,-68.32,19.52,-19.52,-102.48
-24.4,4.88,29.28,9.76,-29.28,14.64,-29.28,-131.76,-73.2,-4.88,-39.04,-39.04
-24.4,4.88,29.28,9.76,-29.28,14.64,-19.52,-126.88,-63.44,-34.16,-43.92,-131.76
-29.28,9.76,39.04,9.76,-34.16,24.4,-24.4,-131.76,-63.44,-39.04,-48.8,-126.88
-29.28,-14.64,14.64,24.4,-24.4,0,-19.52,-117.12,-39.04,-39.04,-43.92,-117.12
-19.52,-29.28,-9.76,24.4,-4.88,-19.52,-14.64,-102.48,-24.4,-39.04,-34.16,-117.12
-24.4,-34.16,-9.76,29.28,-9.76,-24.4,-9.76,-102.48,-29.28,-48.8,-39.04,-185.44
-24.4,-29.28,-4.88,29.28,-9.76,-19.52,-14.64,-92.72,-29.28,-53.68,-39.04,-97.6
-19.52,-29.28,-9.76,24.4,-4.88,-19.52,-9.76,-87.84,-24.4,-63.44,-34.16,-78.08
-24.4,-9.76,14.64,19.52,-19.52,0,-29.28,-112.24,-43.92,-87.84,-63.44,-92.72
-24.4,4.88,29.28,9.76,-29.28,14.64,-39.04,-112.24,-48.8,-102.48,-78.08,-68.32
-19.52,4.88,24.4,9.76,-24.4,14.64,-34.16,-107.36,-43.92,-102.48,-78.08,19.52
-24.4,-4.88,19.52,14.64,-24.4,4.88,-34.16,-102.48,-53.68,-112.24,-92.72,-68.32
-19.52,4.88,24.4,9.76,-24.4,14.64,-34.16,-97.6,-63.44,-122,-102.48,-73.2
-24.4,-24.4,0,24.4,-14.64,-14.64,-29.28,-87.84,-53.68,-122,-97.6,-68.32
-19.52,-43.92,-24.4,34.16,0,-34.16,-34.16,-73.2,-58.56,-122,-107.36,-78.08
-19.52,-53.68,-34.16,39.04,4.88,-43.92,-34.16,-68.32,-68.32,-136.64,-117.12,-141.52
-24.4,-48.8,-24.4,39.04,0,-39.04,-43.92,-63.44,-82.96,-151.28,-122,-43.92
-9.76,-39.04,-29.28,24.4,9.76,-34.16,-39.04,-48.8,-78.08,-151.28,-131.76,-24.4
-9.76,-24.4,-14.64,19.52,0,-19.52,-53.68,-58.56,-102.48,-180.56,-170.8,-19.52
-19.52,-19.52,0,19.52,-9.76,-9.76,-58.56,-63.44,-107.36,-190.32,-175.68,14.64
-9.76,-29.28,-19.52,19.52,4.88,-24.4,-53.68,-53.68,-107.36,-190.32,-165.92,107.36
0,-53.68,-53.68,29.28,24.4,-53.68,-63.44,-58.56,-112.24,-195.2,-165.92,43.92
4.88,-53.68,-58.56,24.4,29.28,-58.56,-68.32,-53.68,-122,-195.2,-161.04,48.8
9.76,-87.84,-97.6,39.04,53.68,-92.72,-43.92,14.64,-112.24,-175.68,-156.16,53.68
4.88,-117.12,-122,58.56,63.44,-122,-19.52,78.08,-82.96,-161.04,-146.4,39.04
0,-82.96,-82.96,43.92,39.04,-82.96,14.64,122,-43.92,-126.88,-141.52,-24.4
0,-39.04,-39.04,19.52,19.52,-39.04,43.92,175.68,9.76,-92.72,-126.88,87.84
19.52,-19.52,-39.04,0,29.28,-29.28,73.2,244,73.2,-24.4,-73.2,175.68
48.8,63.44,14.64,-53.68,14.64,39.04,112.24,322.08,170.8,73.2,14.64,297.68
73.2,146.4,73.2,-107.36,0,107.36,161.04,414.8,278.16,180.56,126.88,453.84
112.24,229.36,117.12,-170.8,-4.88,170.8,209.84,507.52,385.52,297.68,239.12,658.8
136.64,317.2,180.56,-224.48,-24.4,248.88,239.12,566.08,463.6,385.52,322.08,673.44
141.52,395.28,253.76,-268.4,-58.56,322.08,253.76,600.24,492.88,429.44,366,732
156.16,453.84,297.68,-302.56,-73.2,375.76,268.4,595.36,473.36,414.8,361.12,751.52
136.64,458.72,322.08,-297.68,-92.72,390.4,258.64,517.28,361.12,287.92,273.28,673.44
102.48,414.8,312.32,-258.64,-107.36,361.12,209.84,370.88,170.8,63.44,87.84,453.84
53.68,366,312.32,-209.84,-131.76,336.72,151.28,219.6,-39.04,-195.2,-156.16,322.08
4.88,248.88,244,-126.88,-122,244,97.6,102.48,-200.08,-405.04,-356.24,141.52
-39.04,180.56,219.6,-68.32,-131.76,200.08,68.32,14.64,-322.08,-561.2,-507.52,-14.64
-73.2,146.4,219.6,-34.16,-146.4,180.56,43.92,-48.8,-409.92,-673.44,-600.24,-97.6
-102.48,58.56,161.04,24.4,-131.76,107.36,9.76,-107.36,-458.72,-727.12,-629.52,-78.08
-107.36,-24.4,82.96,68.32,-97.6,29.28,-39.04,-161.04,-497.76,-751.52,-634.4,-185.44
-102.48,-43.92,58.56,73.2,-82.96,4.88,-107.36,-190.32,-512.4,-756.4,-614.88,-180.56
-92.72,-97.6,-4.88,97.6,-43.92,-53.68,-146.4,-200.08,-492.88,-722.24,-566.08,-136.64
-82.96,-117.12,-34.16,102.48,-24.4,-78.08,-151.28,-161.04,-448.96,-663.68,-512.4,-102.48
-68.32,-107.36,-39.04,87.84,-14.64,-73.2,-151.28,-107.36,-370.88,-585.6,-453.84,-126.88
-53.68,-73.2,-19.52,63.44,-19.52,-48.8,-141.52,-43.92,-302.56,-492.88,-395.28,-4.88
-39.04,-48.8,-9.76,43.92,-14.64,-29.28,-112.24,24.4,-234.24,-400.16,-336.72,63.44
-34.16,-19.52,14.64,29.28,-24.4,-4.88,-112.24,43.92,-219.6,-370.88,-322.08,87.84
-19.52,-4.88,14.64,14.64,-19.52,4.88,-112.24,39.04,-219.6,-370.88,-312.32,131.76
-24.4,-24.4,0,24.4,-14.64,-14.64,-107.36,48.8,-214.72,-366,-297.68,219.6
-24.4,-43.92,-19.52,34.16,-4.88,-34.16,-97.6,43.92,-204.96,-356.24,-292.8,141.52
-19.52,-48.8,-29.28,34.16,4.88,-39.04,-92.72,58.56,-200.08,-346.48,-273.28,146.4
-9.76,-97.6,-87.84,53.68,39.04,-92.72,-78.08,82.96,-190.32,-336.72,-263.52,156.16
-4.88,-131.76,-126.88,68.32,58.56,-131.76,-58.56,97.6,-190.32,-322.08,-244,156.16
0,-136.64,-136.64,68.32,68.32,-136.64,-58.56,112.24,-190.32,-317.2,-239.12,92.72
-4.88,-151.28,-146.4,78.08,68.32,-151.28,-53.68,122,-190.32,-317.2,-234.24,180.56
4.88,-161.04,-165.92,78.08,82.96,-165.92,-48.8,131.76,-190.32,-317.2,-229.36,204.96
0,-141.52,-141.52,73.2,68.32,-141.52,-58.56,136.64,-195.2,-341.6,-224.48,195.2
0,-131.76,-131.76,68.32,63.44,-131.76,-53.68,141.52,-195.2,-341.6,-229.36,219.6
0,-141.52,-141.52,73.2,68.32,-141.52,-53.68,136.64,-200.08,-336.72,-229.36,287.92
-9.76,-151.28,-141.52,82.96,63.44,-146.4,-48.8,136.64,-200.08,-341.6,-234.24,209.84
-4.88,-146.4,-141.52,78.08,68.32,-146.4,-48.8,146.4,-200.08,-331.84,-234.24,200.08
4.88,-165.92,-170.8,82.96,87.84,-170.8,-43.92,146.4,-190.32,-307.44,-219.6,209.84
0,-195.2,-195.2,97.6,97.6,-195.2,-29.28,165.92,-175.68,-287.92,-200.08,209.84
4.88,-190.32,-195.2,92.72,97.6,-195.2,-29.28,170.8,-170.8,-273.28,-195.2,146.4
4.88,-185.44,-190.32,92.72,97.6,-190.32,-29.28,175.68,-165.92,-283.04,-190.32,229.36
14.64,-195.2,-209.84,92.72,112.24,-204.96,-29.28,180.56,-161.04,-283.04,-195.2,244
9.76,-170.8,-180.56,82.96,92.72,-175.68,-34.16,175.68,-170.8,-283.04,-200.08,244
4.88,-161.04,-165.92,78.08,82.96,-165.92,-34.16,165.92,-175.68,-287.92,-214.72,258.64
9.76,-156.16,-165.92,73.2,87.84,-161.04,-34.16,141.52,-170.8,-278.16,-204.96,331.84
9.76,-161.04,-170.8,78.08,87.84,-165.92,-24.4,136.64,-156.16,-268.4,-195.2,263.52
0,-161.04,-161.04,82.96,78.08,-161.04,-29.28,136.64,-161.04,-253.76,-195.2,253.76
9.76,-175.68,-185.44,82.96,97.6,-180.56,-14.64,146.4,-146.4,-234.24,-175.68,273.28
9.76,-190.32,-200.08,92.72,102.48,-195.2,-9.76,156.16,-131.76,-219.6,-156.16,258.64
14.64,-185.44,-200.08,87.84,107.36,-195.2,0,170.8,-131.76,-209.84,-156.16,190.32
9.76,-180.56,-190.32,87.84,97.6,-185.44,9.76,175.68,-122,-195.2,-151.28,292.8
9.76,-185.44,-195.2,87.84,102.48,-190.32,14.64,175.68,-112.24,-165.92,-146.4,302.56
14.64,-156.16,-170.8,73.2,92.72,-165.92,14.64,180.56,-112.24,-107.36,-151.28,297.68
29.28,-126.88,-156.16,48.8,92.72,-141.52,9.76,165.92,-117.12,-48.8,-151.28,317.2
19.52,-136.64,-156.16,58.56,87.84,-146.4,9.76,161.04,-112.24,0,-151.28,380.64
14.64,-131.76,-146.4,58.56,78.08,-141.52,19.52,165.92,-102.48,24.4,-146.4,307.44
14.64,-126.88,-141.52,58.56,78.08,-136.64,19.52,170.8,-102.48,34.16,-141.52,292.8
14.64,-146.4,-161.04,68.32,87.84,-156.16,29.28,180.56,-92.72,39.04,-131.76,302.56
9.76,-156.16,-165.92,73.2,87.84,-161.04,43.92,185.44,-78.08,43.92,-122,297.68
9.76,-151.28,-161.04,73.2,82.96,-156.16,43.92,190.32,-73.2,39.04,-117.12,234.24
9.76,-141.52,-151.28,68.32,78.08,-146.4,43.92,195.2,-63.44,34.16,-112.24,312.32
14.64,-146.4,-161.04,68.32,87.84,-156.16,43.92,190.32,-63.44,24.4,-112.24,326.96
14.64,-117.12,-131.76,53.68,73.2,-126.88,29.28,185.44,-73.2,9.76,-122,317.2
24.4,-92.72,-117.12,34.16,68.32,-107.36,24.4,180.56,-73.2,0,-122,336.72
19.52,-92.72,-112.24,39.04,63.44,-102.48,24.4,180.56,-78.08,-14.64,-117.12,395.28
9.76,-102.48,-112.24,48.8,58.56,-107.36,29.28,190.32,-73.2,-19.52,-112.24,322.08
14.64,-87.84,-102.48,39.04,58.56,-97.6,24.4,185.44,-73.2,-24.4,-102.48,322.08
14.64,-107.36,-122,48.8,68.32,-117.12,24.4,190.32,-68.32,-19.52,-92.72,322.08
14.64,-126.88,-141.52,58.56,78.08,-136.64,29.28,200.08,-58.56,-14.64,-78.08,312.32
19.52,-126.88,-146.4,53.68,82.96,-136.64,29.28,200.08,-53.68,-9.76,-68.32,258.64
14.64,-122,-136.64,53.68,73.2,-131.76,19.52,195.2,-53.68,-19.52,-68.32,326.96
24.4,-117.12,-141.52,48.8,82.96,-131.76,19.52,190.32,-48.8,-19.52,-58.56,341.6
19.52,-87.84,-107.36,34.16,63.44,-97.6,14.64,190.32,-53.68,-29.28,-63.44,331.84
29.28,-58.56,-87.84,14.64,58.56,-73.2,0,185.44,-53.68,-34.16,-63.44,351.36
29.28,-53.68,-82.96,14.64,53.68,-68.32,9.76,185.44,-43.92,-34.16,-58.56,414.8
24.4,-63.44,-87.84,19.52,53.68,-78.08,4.88,185.44,-43.92,-34.16,-48.8,341.6
24.4,-43.92,-68.32,9.76,43.92,-58.56,4.88,195.2,-39.04,-29.28,-39.04,336.72
24.4,-68.32,-92.72,24.4,58.56,-82.96,4.88,190.32,-34.16,-24.4,-29.28,336.72
19.52,-82.96,-102.48,34.16,58.56,-92.72,19.52,209.84,-14.64,-4.88,-9.76,326.96
24.4,-78.08,-102.48,29.28,63.44,-92.72,14.64,209.84,0,4.88,-4.88,268.4
19.52,-73.2,-92.72,29.28,53.68,-82.96,9.76,204.96,-9.76,0,0,336.72
29.28,-73.2,-102.48,24.4,63.44,-87.84,9.76,200.08,-4.88,-4.88,-4.88,346.48
29.28,-39.04,-68.32,4.88,48.8,-53.68,9.76,200.08,-4.88,-9.76,-9.76,341.6
24.4,-19.52,-43.92,0,34.16,-34.16,0,190.32,-9.76,-14.64,-14.64,356.24
24.4,-9.76,-34.16,-4.88,29.28,-24.4,9.76,190.32,-4.88,-14.64,-14.64,419.68
24.4,-14.64,-39.04,-4.88,29.28,-29.28,9.76,195.2,0,-4.88,-14.64,346.48
19.52,-4.88,-24.4,-4.88,19.52,-14.64,4.88,195.2,-4.88,-9.76,-14.64,322.08
29.28,-19.52,-48.8,-4.88,39.04,-34.16,19.52,200.08,14.64,4.88,0,336.72
19.52,-43.92,-63.44,14.64,39.04,-53.68,24.4,190.32,19.52,14.64,4.88,331.84
19.52,-34.16,-53.68,9.76,34.16,-43.92,14.64,185.44,19.52,14.64,0,273.28
19.52,-34.16,-53.68,9.76,34.16,-43.92,14.64,175.68,19.52,14.64,-4.88,331.84
9.76,-48.8,-58.56,19.52,34.16,-53.68,14.64,170.8,24.4,14.64,-4.88,331.84
9.76,-19.52,-29.28,4.88,19.52,-24.4,14.64,170.8,9.76,4.88,-19.52,307.44
14.64,4.88,-9.76,-9.76,9.76,-4.88,4.88,156.16,-4.88,-4.88,-34.16,312.32
19.52,4.88,-14.64,-9.76,14.64,-4.88,9.76,156.16,-4.88,-9.76,-39.04,370.88
14.64,4.88,-9.76,-9.76,9.76,-4.88,14.64,161.04,0,-4.88,-43.92,297.68
9.76,4.88,-4.88,-4.88,4.88,0,4.88,151.28,-9.76,-9.76,-48.8,278.16
14.64,-9.76,-24.4,0,19.52,-19.52,9.76,156.16,0,-4.88,-43.92,278.16
9.76,-34.16,-43.92,14.64,24.4,-39.04,24.4,165.92,9.76,9.76,-34.16,268.4
9.76,-34.16,-43.92,14.64,24.4,-39.04,14.64,156.16,0,4.88,-39.04,200.08
9.76,-29.28,-39.04,9.76,24.4,-34.16,14.64,151.28,4.88,0,-39.04,263.52
4.88,-43.92,-48.8,19.52,24.4,-48.8,14.64,141.52,0,0,-48.8,273.28
0,-14.64,-14.64,9.76,4.88,-14.64,4.88,136.64,-4.88,-4.88,-58.56,253.76
4.88,9.76,4.88,-4.88,0,4.88,0,126.88,-19.52,-19.52,-68.32,263.52
-4.88,-4.88,0,4.88,-4.88,-4.88,0,126.88,-14.64,-19.52,-68.32,312.32
-4.88,-14.64,-9.76,9.76,0,-14.64,0,141.52,-14.64,-14.64,-68.32,239.12
0,-4.88,-4.88,4.88,0,-4.88,0,141.52,-14.64,-14.64,-68.32,229.36
-4.88,-19.52,-14.64,14.64,4.88,-19.52,4.88,141.52,-14.64,-14.64,-68.32,229.36
0,-43.92,-43.92,24.4,19.52,-43.92,14.64,156.16,-4.88,-4.88,-58.56,214.72
0,-43.92,-43.92,24.4,19.52,-43.92,14.64,156.16,-4.88,0,-58.56,146.4
-4.88,-39.04,-34.16,24.4,14.64,-39.04,9.76,146.4,-4.88,-4.88,-63.44,214.72
0,-43.92,-43.92,24.4,19.52,-43.92,9.76,141.52,-9.76,-4.88,-68.32,214.72
-9.76,-29.28,-19.52,19.52,4.88,-24.4,4.88,141.52,-14.64,-19.52,-78.08,200.08
-4.88,-9.76,-4.88,9.76,0,-9.76,0,131.76,-24.4,-24.4,-78.08,209.84
-4.88,-9.76,-4.88,9.76,0,-9.76,4.88,136.64,-19.52,-29.28,-78.08,258.64
-19.52,-19.52,0,19.52,-9.76,-9.76,4.88,141.52,-19.52,-29.28,-78.08,190.32
-14.64,-14.64,0,14.64,-9.76,-9.76,4.88,136.64,-19.52,-24.4,-78.08,180.56
-4.88,-24.4,-19.52,14.64,4.88,-24.4,9.76,141.52,-14.64,-19.52,-73.2,180.56
-9.76,-39.04,-29.28,24.4,9.76,-34.16,19.52,146.4,-4.88,-4.88,-63.44,175.68
-4.88,-39.04,-34.16,24.4,14.64,-39.04,19.52,151.28,-4.88,-4.88,-58.56,117.12
-14.64,-43.92,-29.28,29.28,4.88,-39.04,24.4,156.16,0,-4.88,-53.68,175.68
-4.88,-43.92,-39.04,24.4,14.64,-43.92,24.4,151.28,4.88,-4.88,-53.68,190.32
-4.88,-24.4,-19.52,14.64,4.88,-24.4,19.52,151.28,-4.88,-9.76,-63.44,180.56
-9.76,-14.64,-4.88,14.64,-4.88,-9.76,19.52,141.52,-9.76,-24.4,-73.2,185.44
-9.76,-9.76,0,9.76,-4.88,-4.88,24.4,141.52,-9.76,-19.52,-68.32,239.12
-9.76,-24.4,-14.64,19.52,0,-19.52,24.4,141.52,-4.88,-19.52,-68.32,165.92
-14.64,-14.64,0,14.64,-9.76,-9.76,19.52,141.52,-14.64,-19.52,-68.32,156.16
-9.76,-24.4,-14.64,19.52,0,-19.52,34.16,146.4,0,-4.88,-53.68,165.92
-9.76,-48.8,-39.04,29.28,14.64,-43.92,39.04,151.28,4.88,4.88,-53.68,151.28
-4.88,-48.8,-43.92,29.28,19.52,-48.8,39.04,151.28,9.76,9.76,-48.8,92.72
-9.76,-43.92,-34.16,29.28,9.76,-39.04,39.04,151.28,9.76,4.88,-48.8,146.4
-4.88,-48.8,-43.92,29.28,19.52,-48.8,39.04,141.52,9.76,0,-48.8,146.4
0,-24.4,-24.4,14.64,9.76,-24.4,34.16,141.52,9.76,0,-53.68,146.4
-4.88,-9.76,-4.88,9.76,0,-9.76,29.28,126.88,0,-9.76,-63.44,151.28
-9.76,-14.64,-4.88,14.64,-4.88,-9.76,29.28,122,0,-14.64,-63.44,200.08
-14.64,-24.4,-9.76,19.52,-4.88,-19.52,43.92,122,9.76,-4.88,-63.44,141.52
-24.4,-19.52,4.88,24.4,-14.64,-9.76,34.16,112.24,9.76,-9.76,-63.44,117.12
-9.76,-39.04,-29.28,24.4,9.76,-34.16,39.04,122,9.76,0,-48.8,131.76
-14.64,-53.68,-39.04,34.16,9.76,-48.8,53.68,136.64,24.4,14.64,-34.16,117.12
-14.64,-58.56,-43.92,39.04,14.64,-53.68,53.68,131.76,19.52,9.76,-29.28,63.44
-9.76,-48.8,-39.04,29.28,14.64,-43.92,48.8,126.88,24.4,19.52,-24.4,122
-14.64,-58.56,-43.92,39.04,14.64,-53.68,48.8,131.76,29.28,24.4,-24.4,126.88
-9.76,-34.16,-24.4,24.4,4.88,-29.28,48.8,131.76,19.52,19.52,-34.16,122
-9.76,-9.76,0,9.76,-4.88,-4.88,48.8,112.24,9.76,9.76,-43.92,122
-14.64,-24.4,-9.76,19.52,-4.88,-19.52,48.8,107.36,9.76,9.76,-39.04,170.8
-9.76,-29.28,-19.52,19.52,4.88,-24.4,53.68,112.24,14.64,14.64,-34.16,107.36
-14.64,-29.28,-14.64,24.4,0,-24.4,39.04,102.48,-4.88,9.76,-39.04,92.72
-14.64,-48.8,-34.16,34.16,9.76,-43.92,53.68,102.48,14.64,19.52,-24.4,92.72
-14.64,-63.44,-48.8,39.04,14.64,-58.56,63.44,107.36,29.28,34.16,-14.64,82.96
-24.4,-73.2,-48.8,48.8,9.76,-63.44,58.56,107.36,9.76,24.4,-19.52,29.28
-24.4,-73.2,-48.8,48.8,9.76,-63.44,58.56,102.48,9.76,29.28,-19.52,82.96
-19.52,-73.2,-53.68,48.8,14.64,-63.44,68.32,102.48,19.52,34.16,-9.76,92.72
-19.52,-53.68,-34.16,39.04,4.88,-43.92,53.68,92.72,4.88,14.64,-24.4,78.08
-14.64,-24.4,-9.76,19.52,-4.88,-19.52,34.16,87.84,9.76,14.64,-29.28,87.84
-14.64,-29.28,-14.64,24.4,0,-24.4,34.16,78.08,4.88,4.88,-34.16,122
-19.52,-39.04,-19.52,29.28,0,-29.28,34.16,78.08,0,9.76,-34.16,68.32
-4.88,-29.28,-24.4,19.52,9.76,-29.28,34.16,73.2,-4.88,4.88,-34.16,53.68
-14.64,-48.8,-34.16,34.16,9.76,-43.92,53.68,73.2,4.88,14.64,-24.4,53.68
-14.64,-73.2,-58.56,43.92,19.52,-68.32,53.68,78.08,9.76,19.52,-19.52,39.04
-14.64,-78.08,-63.44,48.8,24.4,-73.2,58.56,82.96,14.64,19.52,-19.52,-4.88
-29.28,-78.08,-48.8,53.68,9.76,-63.44,53.68,78.08,14.64,19.52,-19.52,48.8
-24.4,-82.96,-58.56,53.68,14.64,-73.2,58.56,73.2,14.64,24.4,-14.64,53.68
-19.52,-58.56,-39.04,39.04,9.76,-48.8,48.8,58.56,0,4.88,-29.28,48.8
-24.4,-29.28,-4.88,29.28,-9.76,-19.52,43.92,48.8,-4.88,0,-34.16,53.68
-19.52,-29.28,-9.76,24.4,-4.88,-19.52,43.92,39.04,-4.88,-4.88,-39.04,87.84
-34.16,-48.8,-14.64,43.92,-9.76,-34.16,43.92,43.92,4.88,4.88,-29.28,39.04
-24.4,-39.04,-14.64,34.16,-4.88,-29.28,43.92,43.92,-4.88,-4.88,-34.16,29.28
-14.64,-58.56,-43.92,39.04,14.64,-53.68,43.92,43.92,-4.88,0,-29.28,19.52
-19.52,-82.96,-63.44,53.68,19.52,-73.2,43.92,48.8,0,4.88,-29.28,4.88
-19.52,-82.96,-63.44,53.68,19.52,-73.2,48.8,43.92,0,14.64,-19.52,-34.16
-19.52,-78.08,-58.56,48.8,19.52,-68.32,43.92,39.04,-4.88,9.76,-24.4,14.64
-19.52,-87.84,-68.32,53.68,24.4,-78.08,48.8,34.16,4.88,9.76,-24.4,19.52
-24.4,-68.32,-43.92,48.8,9.76,-58.56,43.92,29.28,-4.88,4.88,-34.16,14.64
-34.16,-53.68,-19.52,43.92,-9.76,-39.04,29.28,0,-19.52,-9.76,-43.92,9.76
-24.4,-58.56,-34.16,43.92,4.88,-48.8,34.16,-4.88,-14.64,-14.64,-39.04,53.68
-29.28,-58.56,-29.28,43.92,0,-43.92,29.28,-4.88,-4.88,0,-39.04,-4.88
-34.16,-48.8,-14.64,43.92,-9.76,-34.16,29.28,0,-19.52,-9.76,-39.04,-14.64
-19.52,-53.68,-34.16,39.04,4.88,-43.92,29.28,-4.88,-24.4,-9.76,-39.04,-14.64
-24.4,-63.44,-39.04,43.92,4.88,-53.68,29.28,-4.88,-19.52,-4.88,-34.16,-29.28
-24.4,-53.68,-29.28,39.04,0,-43.92,29.28,-14.64,-19.52,-4.88,-34.16,-82.96
-24.4,-53.68,-29.28,39.04,0,-43.92,24.4,-14.64,-19.52,-4.88,-34.16,-34.16
-34.16,-63.44,-29.28,48.8,-4.88,-48.8,24.4,-19.52,-19.52,-4.88,-39.04,-39.04
-29.28,-34.16,-4.88,34.16,-14.64,-19.52,19.52,-29.28,-29.28,-14.64,-43.92,-39.04
-24.4,-9.76,14.64,19.52,-19.52,0,0,-48.8,-39.04,-34.16,-58.56,-39.04
-34.16,-19.52,14.64,29.28,-24.4,-4.88,0,-48.8,-39.04,-29.28,-53.68,0
-34.16,-19.52,14.64,29.28,-24.4,-4.88,0,-48.8,-39.04,-24.4,-53.68,-58.56
-34.16,-9.76,24.4,24.4,-29.28,4.88,0,-53.68,-48.8,-34.16,-58.56,-68.32
-29.28,-29.28,0,29.28,-14.64,-14.64,4.88,-53.68,-39.04,-24.4,-48.8,-68.32
-29.28,-48.8,-19.52,39.04,-4.88,-34.16,14.64,-48.8,-29.28,-14.64,-34.16,-78.08
-34.16,-48.8,-14.64,43.92,-9.76,-34.16,14.64,-53.68,-29.28,-14.64,-34.16,-117.12
-29.28,-43.92,-14.64,39.04,-9.76,-29.28,9.76,-53.68,-34.16,-19.52,-34.16,-73.2
-24.4,-43.92,-19.52,34.16,-4.88,-34.16,14.64,-53.68,-24.4,-14.64,-34.16,-68.32
-34.16,-34.16,0,34.16,-19.52,-19.52,0,-63.44,-43.92,-24.4,-43.92,-73.2
-29.28,-9.76,19.52,19.52,-24.4,4.88,-14.64,-78.08,-58.56,-43.92,-58.56,-82.96
-39.04,-19.52,19.52,29.28,-29.28,0,-9.76,-78.08,-58.56,-43.92,-58.56,-39.04
-34.16,-24.4,9.76,29.28,-24.4,-9.76,-9.76,-82.96,-53.68,-48.8,-58.56,-97.6
-39.04,-19.52,19.52,29.28,-29.28,0,-4.88,-73.2,-53.68,-43.92,-53.68,-97.6
-39.04,-34.16,4.88,39.04,-24.4,-14.64,-4.88,-78.08,-53.68,-39.04,-43.92,-97.6
-29.28,-48.8,-19.52,39.04,-4.88,-34.16,0,-68.32,-43.92,-29.28,-39.04,-102.48
-29.28,-48.8,-19.52,39.04,-4.88,-34.16,0,-73.2,-39.04,-29.28,-34.16,-151.28
-34.16,-48.8,-14.64,43.92,-9.76,-34.16,-4.88,-68.32,-34.16,-29.28,-39.04,-102.48
-24.4,-48.8,-24.4,39.04,0,-39.04,-4.88,-78.08,-43.92,-34.16,-39.04,-102.48
-34.16,-34.16,0,34.16,-19.52,-19.52,-14.64,-78.08,-53.68,-43.92,-43.92,-107.36
-29.28,-14.64,14.64,24.4,-24.4,0,-24.4,-92.72,-58.56,-53.68,-58.56,-107.36
-34.16,-19.52,14.64,29.28,-24.4,-4.88,-24.4,-97.6,-63.44,-53.68,-58.56,-68.32
-39.04,-29.28,9.76,34.16,-24.4,-9.76,-24.4,-102.48,-58.56,-58.56,-58.56,-126.88
-29.28,-14.64,14.64,24.4,-24.4,0,-29.28,-97.6,-63.44,-58.56,-58.56,-126.88
-29.28,-29.28,0,29.28,-14.64,-14.64,-24.4,-97.6,-68.32,-53.68,-53.68,-126.88
-39.04,-58.56,-19.52,48.8,-9.76,-39.04,-19.52,-92.72,-58.56,-48.8,-48.8,-131.76
-34.16,-58.56,-24.4,48.8,-4.88,-43.92,-24.4,-97.6,-53.68,-48.8,-43.92,-165.92
-34.16,-53.68,-19.52,43.92,-9.76,-39.04,-24.4,-92.72,-58.56,-53.68,-48.8,-107.36
-29.28,-58.56,-29.28,43.92,0,-43.92,-24.4,-87.84,-58.56,-48.8,-43.92,-107.36
-24.4,-39.04,-14.64,34.16,-4.88,-29.28,-39.04,-97.6,-73.2,-58.56,-53.68,-112.24
-34.16,-24.4,9.76,29.28,-24.4,-9.76,-43.92,-107.36,-73.2,-73.2,-63.44,-107.36
-29.28,-19.52,9.76,24.4,-19.52,-4.88,-43.92,-112.24,-78.08,-73.2,-73.2,-73.2
-34.16,-34.16,0,34.16,-19.52,-19.52,-43.92,-107.36,-87.84,-78.08,-68.32,-117.12
-24.4,-39.04,-14.64,34.16,-4.88,-29.28,-68.32,-112.24,-87.84,-73.2,-68.32,-107.36
-14.64,-68.32,-53.68,43.92,19.52,-63.44,-68.32,-112.24,-73.2,-58.56,-43.92,-73.2
-14.64,-117.12,-102.48,68.32,43.92,-112.24,-48.8,-102.48,-63.44,-39.04,-24.4,-63.44
-9.76,-131.76,-122,73.2,53.68,-126.88,-34.16,-92.72,-43.92,-29.28,-24.4,-107.36
-9.76,-126.88,-117.12,68.32,53.68,-122,-9.76,-48.8,-19.52,-4.88,-19.52,-78.08
-14.64,-117.12,-102.48,68.32,43.92,-112.24,34.16,9.76,24.4,24.4,-9.76,-78.08
-4.88,-68.32,-63.44,39.04,29.28,-68.32,73.2,78.08,78.08,63.44,4.88,-68.32
9.76,-4.88,-14.64,0,9.76,-9.76,97.6,151.28,146.4,126.88,48.8,-4.88
29.28,39.04,9.76,-34.16,9.76,24.4,175.68,263.52,263.52,248.88,161.04,141.52
58.56,117.12,58.56,-87.84,0,87.84,248.88,380.64,380.64,380.64,273.28,219.6
82.96,224.48,141.52,-151.28,-29.28,180.56,287.92,463.6,488,507.52,380.64,331.84
97.6,307.44,209.84,-200.08,-58.56,258.64,336.72,531.92,561.2,600.24,453.84,429.44
102.48,385.52,283.04,-244,-92.72,331.84,380.64,561.2,595.36,639.28,492.88,478.24
102.48,463.6,361.12,-283.04,-131.76,409.92,346.48,488,531.92,595.36,483.12,483.12
97.6,483.12,385.52,-287.92,-146.4,434.32,258.64,336.72,356.24,439.2,395.28,478.24
63.44,434.32,370.88,-248.88,-156.16,400.16,156.16,146.4,141.52,195.2,200.08,336.72
24.4,375.76,351.36,-200.08,-165.92,361.12,53.68,-43.92,-102.48,-102.48,-68.32,117.12
-4.88,287.92,292.8,-141.52,-151.28,287.92,-24.4,-180.56,-278.16,-322.08,-268.4,-68.32
-53.68,180.56,234.24,-63.44,-146.4,204.96,-82.96,-278.16,-405.04,-463.6,-400.16,-185.44
-87.84,107.36,195.2,-9.76,-141.52,151.28,-146.4,-366,-507.52,-580.72,-488,-341.6
-107.36,43.92,151.28,34.16,-131.76,97.6,-214.72,-434.32,-561.2,-619.76,-517.28,-395.28
-112.24,-9.76,102.48,63.44,-107.36,43.92,-229.36,-434.32,-546.56,-590.48,-507.52,-400.16
-107.36,-63.44,43.92,87.84,-78.08,-9.76,-253.76,-429.44,-502.64,-536.8,-463.6,-385.52
-97.6,-82.96,14.64,92.72,-58.56,-34.16,-278.16,-395.28,-463.6,-478.24,-409.92,-370.88
-82.96,-53.68,29.28,68.32,-58.56,-14.64,-263.52,-322.08,-385.52,-400.16,-351.36,-268.4
-68.32,-24.4,43.92,48.8,-58.56,9.76,-214.72,-229.36,-292.8,-302.56,-283.04,-209.84
-68.32,4.88,73.2,34.16,-73.2,39.04,-180.56,-170.8,-224.48,-239.12,-224.48,-165.92
-48.8,39.04,87.84,4.88,-68.32,63.44,-170.8,-146.4,-204.96,-204.96,-200.08,-136.64
-43.92,43.92,87.84,0,-68.32,63.44,-151.28,-131.76,-180.56,-170.8,-161.04,-68.32
-39.04,19.52,58.56,9.76,-48.8,39.04,-161.04,-131.76,-175.68,-161.04,-151.28,-97.6
-29.28,4.88,34.16,14.64,-34.16,19.52,-161.04,-126.88,-175.68,-161.04,-141.52,-92.72
-29.28,-29.28,0,29.28,-14.64,-14.64,-151.28,-122,-175.68,-151.28,-136.64,-82.96
-29.28,-82.96,-53.68,58.56,9.76,-68.32,-131.76,-92.72,-141.52,-122,-107.36,-73.2
-24.4,-97.6,-73.2,63.44,24.4,-87.84,-126.88,-82.96,-131.76,-122,-107.36,-97.6
-19.52,-107.36,-87.84,63.44,34.16,-97.6,-122,-73.2,-131.76,-117.12,-97.6,-53.68
-14.64,-117.12,-102.48,68.32,43.92,-112.24,-107.36,-63.44,-131.76,-117.12,-92.72,-39.04
-9.76,-112.24,-102.48,63.44,43.92,-107.36,-117.12,-68.32,-141.52,-126.88,-92.72,-34.16
-19.52,-92.72,-73.2,58.56,24.4,-82.96,-131.76,-78.08,-151.28,-141.52,-112.24,-39.04
-14.64,-102.48,-87.84,58.56,34.16,-97.6,-131.76,-82.96,-146.4,-136.64,-112.24,4.88
-9.76,-107.36,-97.6,58.56,43.92,-102.48,-131.76,-73.2,-146.4,-136.64,-102.48,-39.04
-9.76,-97.6,-87.84,53.68,39.04,-92.72,-136.64,-68.32,-146.4,-136.64,-112.24,-43.92
-14.64,-117.12,-102.48,68.32,43.92,-112.24,-126.88,-48.8,-126.88,-117.12,-102.48,-29.28
-14.64,-151.28,-136.64,82.96,58.56,-146.4,-112.24,-34.16,-107.36,-112.24,-87.84,-29.28
-9.76,-151.28,-141.52,82.96,63.44,-146.4,-107.36,-24.4,-102.48,-102.48,-78.08,-48.8
-4.88,-146.4,-141.52,78.08,68.32,-146.4,-107.36,-19.52,-102.48,-107.36,-73.2,0
-4.88,-156.16,-151.28,82.96,73.2,-156.16,-102.48,-14.64,-107.36,-97.6,-68.32,9.76
0,-136.64,-136.64,68.32,68.32,-136.64,-102.48,-24.4,-97.6,-97.6,-68.32,9.76
-4.88,-112.24,-107.36,58.56,48.8,-112.24,-122,-29.28,-122,-107.36,-82.96,14.64
-9.76,-117.12,-107.36,63.44,48.8,-112.24,-126.88,-24.4,-126.88,-117.12,-87.84,48.8
-4.88,-117.12,-112.24,63.44,53.68,-117.12,-112.24,0,-107.36,-97.6,-73.2,9.76
-4.88,-107.36,-102.48,58.56,48.8,-107.36,-126.88,-9.76,-102.48,-92.72,-78.08,0
0,-126.88,-126.88,63.44,63.44,-126.88,-112.24,4.88,-82.96,-78.08,-63.44,14.64
-4.88,-151.28,-146.4,78.08,68.32,-151.28,-102.48,14.64,-63.44,-53.68,-43.92,24.4
0,-146.4,-146.4,73.2,73.2,-146.4,-97.6,19.52,-73.2,-53.68,-39.04,-4.88
9.76,-126.88,-136.64,58.56,73.2,-131.76,-68.32,24.4,-68.32,-39.04,-29.28,48.8
4.88,-131.76,-136.64,63.44,68.32,-136.64,-63.44,29.28,-58.56,-29.28,-14.64,58.56
9.76,-102.48,-112.24,48.8,58.56,-107.36,-63.44,34.16,-53.68,-24.4,-24.4,63.44
4.88,-58.56,-63.44,29.28,34.16,-63.44,-73.2,29.28,-63.44,-34.16,-29.28,68.32
0,-48.8,-48.8,24.4,24.4,-48.8,-68.32,34.16,-58.56,-24.4,-24.4,102.48
9.76,-39.04,-48.8,14.64,29.28,-43.92,-63.44,29.28,-48.8,-9.76,-14.64,68.32
14.64,-19.52,-34.16,4.88,24.4,-29.28,-53.68,29.28,-34.16,4.88,-9.76,73.2
4.88,-34.16,-39.04,14.64,19.52,-39.04,-48.8,48.8,-14.64,24.4,4.88,82.96
19.52,-43.92,-63.44,14.64,39.04,-53.68,-43.92,63.44,-14.64,34.16,24.4,82.96
29.28,-48.8,-78.08,9.76,53.68,-63.44,-39.04,68.32,-9.76,43.92,29.28,53.68
29.28,-53.68,-82.96,14.64,53.68,-68.32,-39.04,63.44,4.88,48.8,29.28,102.48
29.28,-58.56,-87.84,14.64,58.56,-73.2,-14.64,68.32,19.52,63.44,39.04,117.12
29.28,-34.16,-63.44,4.88,43.92,-48.8,-4.88,68.32,9.76,53.68,34.16,117.12
29.28,0,-29.28,-14.64,29.28,-14.64,-24.4,63.44,-9.76,39.04,14.64,107.36
14.64,-4.88,-19.52,-4.88,14.64,-14.64,-19.52,68.32,0,39.04,24.4,146.4
9.76,-9.76,-19.52,0,14.64,-14.64,-14.64,87.84,24.4,58.56,34.16,107.36
19.52,9.76,-9.76,-14.64,14.64,0,-14.64,73.2,4.88,43.92,24.4,102.48
14.64,-14.64,-29.28,0,19.52,-24.4,-9.76,78.08,14.64,58.56,34.16,102.48
9.76,-34.16,-43.92,14.64,24.4,-39.04,0,97.6,29.28,78.08,48.8,112.24
19.52,-29.28,-48.8,4.88,34.16,-39.04,0,92.72,9.76,68.32,48.8,87.84
14.64,-29.28,-43.92,9.76,29.28,-39.04,-4.88,92.72,14.64,68.32,48.8,122
14.64,-24.4,-39.04,4.88,24.4,-34.16,-4.88,97.6,19.52,73.2,58.56,131.76
14.64,-4.88,-19.52,-4.88,14.64,-14.64,-9.76,87.84,14.64,68.32,53.68,131.76
19.52,24.4,4.88,-19.52,4.88,14.64,-24.4,73.2,0,53.68,43.92,131.76
19.52,24.4,4.88,-19.52,4.88,14.64,-34.16,78.08,9.76,58.56,48.8,170.8
14.64,19.52,4.88,-14.64,4.88,9.76,-39.04,73.2,4.88,58.56,53.68,131.76
19.52,29.28,9.76,-24.4,4.88,19.52,-43.92,68.32,0,58.56,43.92,126.88
19.52,24.4,4.88,-19.52,4.88,14.64,-43.92,78.08,14.64,68.32,53.68,126.88
9.76,-4.88,-14.64,0,9.76,-9.76,-29.28,92.72,29.28,87.84,73.2,131.76
19.52,4.88,-14.64,-9.76,14.64,-4.88,-19.52,102.48,39.04,97.6,78.08,112.24
19.52,19.52,0,-19.52,9.76,9.76,-24.4,107.36,34.16,97.6,78.08,156.16
19.52,24.4,4.88,-19.52,4.88,14.64,-24.4,112.24,43.92,107.36,87.84,170.8
19.52,43.92,24.4,-29.28,-4.88,34.16,-24.4,112.24,39.04,97.6,87.84,175.68
19.52,68.32,48.8,-43.92,-14.64,58.56,-39.04,102.48,34.16,87.84,73.2,170.8
24.4,78.08,53.68,-48.8,-14.64,63.44,-39.04,102.48,24.4,82.96,63.44,195.2
24.4,78.08,53.68,-48.8,-14.64,63.44,-39.04,107.36,39.04,92.72,68.32,151.28
14.64,78.08,63.44,-43.92,-24.4,68.32,-43.92,102.48,34.16,82.96,63.44,151.28
19.52,68.32,48.8,-43.92,-14.64,58.56,-39.04,117.12,43.92,92.72,68.32,161.04
9.76,43.92,34.16,-24.4,-14.64,39.04,-34.16,122,53.68,97.6,78.08,161.04
9.76,48.8,39.04,-29.28,-14.64,43.92,-34.16,126.88,48.8,102.48,73.2,131.76
14.64,58.56,43.92,-34.16,-14.64,48.8,-34.16,126.88,48.8,97.6,68.32,170.8
4.88,48.8,43.92,-24.4,-19.52,43.92,-39.04,126.88,43.92,87.84,68.32,161.04
4.88,63.44,58.56,-34.16,-29.28,58.56,-43.92,122,39.04,82.96,58.56,161.04
4.88,97.6,92.72,-48.8,-43.92,92.72,-48.8,112.24,19.52,68.32,43.92,165.92
9.76,92.72,82.96,-48.8,-39.04,87.84,-63.44,112.24,14.64,58.56,34.16,190.32
14.64,92.72,78.08,-53.68,-34.16,82.96,-68.32,107.36,9.76,53.68,29.28,151.28
9.76,87.84,78.08,-48.8,-34.16,82.96,-68.32,102.48,9.76,48.8,19.52,146.4
9.76,68.32,58.56,-39.04,-24.4,63.44,-63.44,107.36,4.88,43.92,19.52,136.64
0,39.04,39.04,-19.52,-19.52,39.04,-53.68,122,19.52,63.44,34.16,141.52
-4.88,39.04,43.92,-14.64,-24.4,39.04,-58.56,112.24,14.64,53.68,29.28,107.36
0,48.8,48.8,-24.4,-24.4,48.8,-53.68,107.36,14.64,53.68,19.52,141.52
4.88,43.92,39.04,-24.4,-19.52,39.04,-63.44,107.36,9.76,53.68,14.64,141.52
-4.88,53.68,58.56,-24.4,-34.16,53.68,-68.32,97.6,-9.76,39.04,0,141.52
0,82.96,82.96,-39.04,-43.92,82.96,-78.08,92.72,-19.52,29.28,-9.76,141.52
0,82.96,82.96,-39.04,-43.92,82.96,-87.84,82.96,-24.4,14.64,-14.64,161.04
0,78.08,78.08,-39.04,-39.04,78.08,-87.84,82.96,-24.4,19.52,-14.64,122
0,82.96,82.96,-39.04,-43.92,82.96,-82.96,82.96,-29.28,14.64,-19.52,126.88
-4.88,58.56,63.44,-24.4,-34.16,58.56,-82.96,87.84,-29.28,19.52,-19.52,117.12
0,34.16,34.16,-14.64,-19.52,34.16,-82.96,97.6,-19.52,24.4,-4.88,117.12
0,34.16,34.16,-14.64,-19.52,34.16,-78.08,92.72,-14.64,34.16,0,102.48
-4.88,34.16,39.04,-14.64,-24.4,34.16,-73.2,82.96,-29.28,19.52,-9.76,126.88
-14.64,34.16,48.8,-9.76,-34.16,39.04,-73.2,92.72,-24.4,29.28,-14.64,126.88
-24.4,43.92,68.32,-9.76,-48.8,53.68,-87.84,82.96,-29.28,19.52,-19.52,126.88
-14.64,63.44,78.08,-24.4,-48.8,68.32,-107.36,63.44,-53.68,0,-29.28,122
-4.88,63.44,68.32,-29.28,-39.04,63.44,-107.36,58.56,-48.8,-4.88,-34.16,146.4
-9.76,63.44,73.2,-24.4,-43.92,68.32,-102.48,63.44,-48.8,-4.88,-24.4,107.36
-4.88,73.2,78.08,-34.16,-43.92,73.2,-112.24,53.68,-53.68,-4.88,-34.16,102.48
-14.64,53.68,68.32,-19.52,-43.92,58.56,-107.36,63.44,-53.68,-4.88,-29.28,112.24
-14.64,29.28,43.92,-4.88,-29.28,34.16,-92.72,82.96,-39.04,4.88,-19.52,102.48
-4.88,34.16,39.04,-14.64,-24.4,34.16,-97.6,82.96,-24.4,9.76,-19.52,87.84
-9.76,29.28,39.04,-9.76,-24.4,34.16,-92.72,63.44,-34.16,9.76,-19.52,122
-19.52,24.4,43.92,0,-34.16,34.16,-87.84,73.2,-39.04,19.52,-19.52,122
-14.64,39.04,53.68,-9.76,-34.16,43.92,-102.48,68.32,-48.8,4.88,-24.4,112.24
-24.4,58.56,82.96,-14.64,-53.68,68.32,-102.48,63.44,-63.44,-14.64,-43.92,112.24
-14.64,63.44,78.08,-24.4,-48.8,68.32,-97.6,68.32,-63.44,-19.52,-43.92,146.4
-14.64,58.56,73.2,-19.52,-43.92,63.44,-107.36,58.56,-73.2,-19.52,-48.8,107.36
-19.52,58.56,78.08,-19.52,-48.8,68.32,-112.24,58.56,-68.32,-29.28,-58.56,97.6
-19.52,48.8,68.32,-14.64,-43.92,58.56,-82.96,73.2,-53.68,-9.76,-43.92,107.36
-19.52,19.52,39.04,0,-29.28,29.28,-78.08,73.2,-58.56,-9.76,-48.8,102.48
-14.64,24.4,39.04,-4.88,-29.28,29.28,-92.72,73.2,-53.68,-9.76,-43.92,78.08
-9.76,29.28,39.04,-9.76,-24.4,34.16,-87.84,73.2,-43.92,4.88,-43.92,117.12
-19.52,19.52,39.04,0,-29.28,29.28,-92.72,73.2,-34.16,0,-48.8,112.24
-14.64,39.04,53.68,-9.76,-34.16,43.92,-92.72,68.32,-53.68,-9.76,-63.44,117.12
-19.52,58.56,78.08,-19.52,-48.8,68.32,-107.36,53.68,-73.2,-24.4,-73.2,107.36
-29.28,53.68,82.96,-9.76,-58.56,68.32,-102.48,58.56,-78.08,-24.4,-82.96,136.64
-14.64,58.56,73.2,-19.52,-43.92,63.44,-107.36,58.56,-73.2,-29.28,-78.08,102.48
-14.64,53.68,68.32,-19.52,-43.92,58.56,-122,48.8,-78.08,-39.04,-87.84,92.72
-19.52,39.04,58.56,-9.76,-39.04,48.8,-122,53.68,-68.32,-29.28,-87.84,92.72
-24.4,19.52,43.92,4.88,-34.16,29.28,-107.36,78.08,-53.68,-4.88,-63.44,92.72
-29.28,9.76,39.04,9.76,-34.16,24.4,-97.6,78.08,-53.68,0,-58.56,82.96
-19.52,24.4,43.92,0,-34.16,34.16,-102.48,63.44,-68.32,-9.76,-73.2,107.36
-24.4,14.64,39.04,4.88,-34.16,24.4,-97.6,68.32,-53.68,-9.76,-68.32,107.36
-24.4,34.16,58.56,-4.88,-43.92,43.92,-102.48,63.44,-63.44,-19.52,-73.2,107.36
-14.64,63.44,78.08,-24.4,-48.8,68.32,-112.24,48.8,-78.08,-39.04,-87.84,97.6
-24.4,53.68,78.08,-14.64,-53.68,63.44,-102.48,48.8,-78.08,-39.04,-87.84,126.88
-24.4,43.92,68.32,-9.76,-48.8,53.68,-107.36,48.8,-78.08,-34.16,-82.96,87.84
-24.4,58.56,82.96,-14.64,-53.68,68.32,-112.24,34.16,-82.96,-43.92,-92.72,78.08
-29.28,39.04,68.32,-4.88,-48.8,53.68,-107.36,34.16,-87.84,-43.92,-92.72,78.08
-29.28,9.76,39.04,9.76,-34.16,24.4,-87.84,53.68,-73.2,-29.28,-78.08,87.84
-24.4,9.76,34.16,9.76,-29.28,19.52,-87.84,48.8,-73.2,-29.28,-78.08,58.56
-24.4,19.52,43.92,4.88,-34.16,29.28,-92.72,48.8,-78.08,-29.28,-87.84,97.6
-19.52,9.76,29.28,4.88,-24.4,19.52,-97.6,48.8,-78.08,-34.16,-82.96,107.36
-29.28,24.4,53.68,4.88,-43.92,39.04,-117.12,29.28,-87.84,-43.92,-92.72,97.6
-24.4,53.68,78.08,-14.64,-53.68,63.44,-97.6,34.16,-73.2,-43.92,-97.6,97.6
-24.4,53.68,78.08,-14.64,-53.68,63.44,-97.6,34.16,-78.08,-39.04,-92.72,117.12
-29.28,39.04,68.32,-4.88,-48.8,53.68,-97.6,24.4,-87.84,-43.92,-97.6,78.08
-29.28,48.8,78.08,-9.76,-53.68,63.44,-97.6,19.52,-97.6,-53.68,-102.48,73.2
-29.28,34.16,63.44,0,-48.8,48.8,-97.6,19.52,-102.48,-58.56,-102.48,68.32
-34.16,0,34.16,19.52,-34.16,14.64,-78.08,29.28,-78.08,-43.92,-87.84,73.2
-34.16,0,34.16,19.52,-34.16,14.64,-78.08,34.16,-78.08,-39.04,-82.96,53.68
-39.04,-4.88,34.16,24.4,-39.04,14.64,-82.96,39.04,-73.2,-39.04,-87.84,87.84
-34.16,-9.76,24.4,24.4,-29.28,4.88,-78.08,29.28,-73.2,-39.04,-87.84,82.96
-34.16,14.64,48.8,9.76,-43.92,29.28,-82.96,19.52,-82.96,-43.92,-97.6,78.08
-39.04,39.04,78.08,0,-58.56,58.56,-87.84,19.52,-92.72,-58.56,-107.36,78.08
-34.16,43.92,78.08,-4.88,-58.56,58.56,-82.96,19.52,-87.84,-58.56,-107.36,87.84
-43.92,29.28,73.2,9.76,-58.56,48.8,-68.32,19.52,-87.84,-58.56,-97.6,63.44
-34.16,34.16,68.32,0,-53.68,48.8,-73.2,9.76,-102.48,-63.44,-102.48,53.68
-29.28,24.4,53.68,4.88,-43.92,39.04,-68.32,9.76,-87.84,-63.44,-97.6,43.92
-34.16,-14.64,19.52,24.4,-29.28,0,-63.44,19.52,-68.32,-43.92,-92.72,43.92
-34.16,-14.64,19.52,24.4,-29.28,0,-43.92,24.4,-73.2,-39.04,-82.96,24.4
-39.04,-9.76,29.28,24.4,-34.16,9.76,-34.16,14.64,-73.2,-43.92,-87.84,43.92
-39.04,-14.64,24.4,29.28,-34.16,4.88,-43.92,4.88,-73.2,-48.8,-97.6,39.04
-39.04,0,39.04,19.52,-39.04,19.52,-48.8,0,-87.84,-53.68,-97.6,43.92
-39.04,29.28,68.32,4.88,-53.68,48.8,-58.56,-9.76,-78.08,-63.44,-107.36,34.16
-29.28,29.28,58.56,0,-43.92,43.92,-53.68,-4.88,-78.08,-53.68,-102.48,58.56
-29.28,24.4,53.68,4.88,-43.92,39.04,-48.8,-14.64,-87.84,-63.44,-102.48,24.4
-34.16,24.4,58.56,4.88,-48.8,39.04,-53.68,-24.4,-87.84,-63.44,-102.48,9.76
-29.28,19.52,48.8,4.88,-39.04,34.16,-58.56,-9.76,-73.2,-63.44,-97.6,9.76
-29.28,-9.76,19.52,19.52,-24.4,4.88,-34.16,0,-63.44,-43.92,-82.96,14.64
-34.16,-19.52,14.64,29.28,-24.4,-4.88,-39.04,-14.64,-73.2,-43.92,-73.2,-19.52
-29.28,-4.88,24.4,19.52,-29.28,9.76,-29.28,-14.64,-73.2,-48.8,-82.96,9.76
-34.16,-14.64,19.52,24.4,-29.28,0,-29.28,-9.76,-68.32,-53.68,-82.96,9.76
-29.28,0,29.28,14.64,-29.28,14.64,-24.4,-9.76,-73.2,-58.56,-87.84,-4.88
-34.16,29.28,63.44,4.88,-48.8,43.92,-34.16,-24.4,-82.96,-68.32,-92.72,-14.64
-34.16,24.4,58.56,4.88,-48.8,39.04,-48.8,-29.28,-82.96,-73.2,-102.48,4.88
-29.28,24.4,53.68,4.88,-43.92,39.04,-43.92,-24.4,-78.08,-58.56,-87.84,-29.28
-29.28,24.4,53.68,4.88,-43.92,39.04,-53.68,-43.92,-82.96,-68.32,-97.6,-29.28
-39.04,14.64,53.68,14.64,-48.8,34.16,-39.04,-39.04,-78.08,-73.2,-92.72,-34.16
-29.28,-9.76,19.52,19.52,-24.4,4.88,-19.52,-24.4,-58.56,-53.68,-82.96,-34.16
-29.28,-14.64,14.64,24.4,-24.4,0,-19.52,-24.4,-53.68,-53.68,-82.96,-68.32
-34.16,-14.64,19.52,24.4,-29.28,0,-24.4,-29.28,-63.44,-53.68,-87.84,-58.56
-39.04,-19.52,19.52,29.28,-29.28,0,-34.16,-29.28,-63.44,-48.8,-82.96,-58.56
-39.04,-14.64,24.4,29.28,-34.16,4.88,-39.04,-39.04,-73.2,-58.56,-92.72,-58.56
-34.16,19.52,53.68,9.76,-43.92,34.16,-39.04,-53.68,-73.2,-68.32,-97.6,-58.56
-39.04,9.76,48.8,14.64,-43.92,29.28,-43.92,-53.68,-73.2,-73.2,-102.48,-48.8
-48.8,-4.88,43.92,29.28,-48.8,19.52,-48.8,-53.68,-82.96,-73.2,-102.48,-82.96
-39.04,4.88,43.92,19.52,-43.92,24.4,-43.92,-63.44,-82.96,-63.44,-102.48,-87.84
-39.04,0,39.04,19.52,-39.04,19.52,-43.92,-58.56,-82.96,-68.32,-97.6,-87.84
-39.04,-29.28,9.76,34.16,-24.4,-9.76,-34.16,-39.04,-68.32,-43.92,-73.2,-82.96
-29.28,-29.28,0,29.28,-14.64,-14.64,-29.28,-39.04,-63.44,-48.8,-68.32,-97.6
-39.04,-29.28,9.76,34.16,-24.4,-9.76,-34.16,-43.92,-68.32,-53.68,-78.08,-82.96
-34.16,-34.16,0,34.16,-19.52,-19.52,-29.28,-43.92,-58.56,-48.8,-78.08,-82.96
-34.16,-29.28,4.88,34.16,-19.52,-14.64,-43.92,-63.44,-73.2,-58.56,-82.96,-92.72
-34.16,4.88,39.04,14.64,-39.04,19.52,-58.56,-78.08,-87.84,-73.2,-97.6,-102.48
-34.16,0,34.16,19.52,-34.16,14.64,-63.44,-78.08,-68.32,-63.44,-87.84,-87.84
-39.04,-4.88,34.16,24.4,-39.04,14.64,-63.44,-73.2,-73.2,-63.44,-92.72,-112.24
-39.04,0,39.04,19.52,-39.04,19.52,-63.44,-87.84,-97.6,-82.96,-97.6,-131.76
-43.92,-9.76,34.16,29.28,-39.04,9.76,-63.44,-78.08,-92.72,-87.84,-92.72,-122
-48.8,-43.92,4.88,48.8,-29.28,-19.52,-63.44,-68.32,-73.2,-68.32,-73.2,-117.12
-24.4,-39.04,-14.64,34.16,-4.88,-29.28,-58.56,-68.32,-73.2,-63.44,-68.32,-141.52
-24.4,-39.04,-14.64,34.16,-4.88,-29.28,-68.32,-78.08,-78.08,-73.2,-78.08,-122
-34.16,-43.92,-9.76,39.04,-14.64,-29.28,-58.56,-73.2,-78.08,-73.2,-73.2,-122
-24.4,-29.28,-4.88,29.28,-9.76,-19.52,-63.44,-78.08,-82.96,-82.96,-78.08,-122
-34.16,0,34.16,19.52,-34.16,14.64,-78.08,-97.6,-92.72,-87.84,-87.84,-126.88
-29.28,-4.88,24.4,19.52,-29.28,9.76,-73.2,-102.48,-97.6,-87.84,-87.84,-112.24
-29.28,-9.76,19.52,19.52,-24.4,4.88,-78.08,-107.36,-97.6,-87.84,-97.6,-141.52
-39.04,-14.64,24.4,29.28,-34.16,4.88,-82.96,-112.24,-102.48,-97.6,-92.72,-146.4
-34.16,-19.52,14.64,29.28,-24.4,-4.88,-82.96,-107.36,-92.72,-82.96,-82.96,-141.52
-29.28,-58.56,-29.28,43.92,0,-43.92,-68.32,-92.72,-73.2,-58.56,-58.56,-122
-14.64,-78.08,-63.44,48.8,24.4,-73.2,-73.2,-97.6,-73.2,-58.56,-43.92,-126.88
-4.88,-92.72,-87.84,48.8,39.04,-92.72,-73.2,-102.48,-63.44,-48.8,-19.52,-92.72
-9.76,-107.36,-97.6,58.56,43.92,-102.48,-58.56,-87.84,-53.68,-29.28,-9.76,-92.72
-9.76,-92.72,-82.96,53.68,34.16,-87.84,-34.16,-53.68,-29.28,-14.64,-4.88,-97.6
-4.88,-53.68,-48.8,29.28,19.52,-53.68,-9.76,-29.28,0,-4.88,0,-112.24
-14.64,-34.16,-19.52,24.4,0,-29.28,39.04,34.16,58.56,39.04,29.28,-87.84
0,-4.88,-4.88,4.88,0,-4.88,92.72,112.24,136.64,117.12,82.96,-68.32
19.52,43.92,24.4,-29.28,-4.88,34.16,165.92,214.72,253.76,234.24,180.56,29.28
48.8,92.72,43.92,-68.32,0,68.32,248.88,336.72,375.76,375.76,322.08,151.28
78.08,170.8,92.72,-122,-9.76,131.76,317.2,434.32,497.76,507.52,453.84,273.28
87.84,268.4,180.56,-175.68,-48.8,224.48,366,512.4,575.84,605.12,536.8,351.36
97.6,380.64,283.04,-239.12,-92.72,331.84,409.92,551.44,610,644.16,570.96,429.44
112.24,473.36,361.12,-292.8,-126.88,414.8,405.04,507.52,570.96,629.52,590.48,478.24
112.24,502.64,390.4,-307.44,-141.52,444.08,307.44,351.36,414.8,492.88,517.28,453.84
92.72,492.88,400.16,-292.8,-156.16,444.08,185.44,141.52,200.08,248.88,336.72,317.2
39.04,409.92,370.88,-224.48,-165.92,390.4,78.08,-48.8,-53.68,-63.44,92.72,112.24
0,278.16,278.16,-136.64,-141.52,278.16,14.64,-185.44,-234.24,-278.16,-102.48,-107.36
-43.92,190.32,234.24,-73.2,-141.52,209.84,-39.04,-283.04,-351.36,-424.56,-244,-268.4
-78.08,117.12,195.2,-19.52,-136.64,156.16,-107.36,-390.4,-458.72,-531.92,-351.36,-400.16
-102.48,14.64,117.12,43.92,-112.24,63.44,-161.04,-453.84,-502.64,-566.08,-370.88,-448.96
-117.12,-9.76,107.36,63.44,-112.24,48.8,-175.68,-444.08,-478.24,-541.68,-356.24,-473.36
-117.12,-24.4,92.72,73.2,-107.36,34.16,-200.08,-429.44,-448.96,-502.64,-322.08,-439.2
-97.6,-39.04,58.56,68.32,-78.08,9.76,-229.36,-414.8,-419.68,-453.84,-268.4,-400.16
-92.72,-9.76,82.96,53.68,-87.84,34.16,-204.96,-351.36,-346.48,-385.52,-200.08,-341.6
-73.2,48.8,122,14.64,-97.6,82.96,-190.32,-283.04,-273.28,-302.56,-151.28,-297.68
-53.68,58.56,112.24,0,-82.96,82.96,-151.28,-219.6,-200.08,-224.48,-92.72,-234.24
-48.8,48.8,97.6,0,-73.2,73.2,-117.12,-175.68,-146.4,-165.92,-43.92,-214.72
-34.16,68.32,102.48,-14.64,-68.32,82.96,-107.36,-165.92,-117.12,-136.64,-9.76,-185.44
-14.64,43.92,58.56,-14.64,-39.04,48.8,-112.24,-165.92,-112.24,-117.12,9.76,-161.04
-14.64,-9.76,4.88,14.64,-9.76,-4.88,-102.48,-161.04,-107.36,-107.36,29.28,-151.28
-14.64,-39.04,-24.4,29.28,4.88,-34.16,-87.84,-146.4,-97.6,-97.6,24.4,-156.16
-24.4,-68.32,-43.92,48.8,9.76,-58.56,-82.96,-141.52,-92.72,-92.72,24.4,-141.52
-14.64,-82.96,-68.32,48.8,24.4,-78.08,-68.32,-122,-73.2,-68.32,43.92,-117.12
-4.88,-82.96,-78.08,43.92,34.16,-82.96,-63.44,-122,-73.2,-73.2,43.92,-107.36
-14.64,-73.2,-58.56,43.92,19.52,-68.32,-68.32,-126.88,-78.08,-82.96,29.28,-112.24
-4.88,-82.96,-78.08,43.92,34.16,-82.96,-63.44,-117.12,-68.32,-73.2,34.16,-82.96
-9.76,-102.48,-92.72,58.56,39.04,-97.6,-58.56,-122,-82.96,-78.08,29.28,-92.72
-4.88,-97.6,-92.72,53.68,43.92,-97.6,-63.44,-117.12,-78.08,-78.08,19.52,-92.72
9.76,-97.6,-107.36,43.92,58.56,-102.48,-43.92,-102.48,-58.56,-58.56,29.28,-87.84
4.88,-141.52,-146.4,68.32,73.2,-146.4,-39.04,-92.72,-53.68,-48.8,39.04,-78.08
0,-151.28,-151.28,78.08,73.2,-151.28,-24.4,-87.84,-43.92,-43.92,39.04,-87.84
4.88,-146.4,-151.28,73.2,78.08,-151.28,-19.52,-73.2,-34.16,-34.16,39.04,-58.56
-4.88,-165.92,-161.04,87.84,78.08,-165.92,-19.52,-68.32,-39.04,-39.04,43.92,-48.8
0,-156.16,-156.16,78.08,78.08,-156.16,-14.64,-68.32,-43.92,-39.04,34.16,-43.92
-4.88,-131.76,-126.88,68.32,58.56,-131.76,-24.4,-73.2,-48.8,-48.8,24.4,-48.8
0,-136.64,-136.64,68.32,68.32,-136.64,-29.28,-63.44,-48.8,-43.92,29.28,-29.28
9.76,-141.52,-151.28,68.32,78.08,-146.4,-24.4,-63.44,-43.92,-34.16,34.16,-39.04
14.64,-131.76,-146.4,58.56,78.08,-141.52,-19.52,-73.2,-48.8,-29.28,34.16,-34.16
24.4,-131.76,-156.16,53.68,87.84,-146.4,-4.88,-63.44,-39.04,-19.52,39.04,-29.28
19.52,-161.04,-180.56,73.2,97.6,-170.8,14.64,-39.04,-9.76,14.64,68.32,-9.76
9.76,-165.92,-175.68,78.08,92.72,-170.8,9.76,-39.04,-14.64,14.64,53.68,-34.16
9.76,-165.92,-175.68,78.08,92.72,-170.8,19.52,-34.16,-4.88,14.64,58.56,-14.64
9.76,-170.8,-180.56,82.96,92.72,-175.68,24.4,-24.4,-4.88,19.52,68.32,0
4.88,-161.04,-165.92,78.08,82.96,-165.92,24.4,-29.28,-4.88,19.52,63.44,4.88
0,-126.88,-126.88,63.44,63.44,-126.88,14.64,-39.04,-9.76,14.64,58.56,4.88
14.64,-126.88,-141.52,58.56,78.08,-136.64,19.52,-34.16,-4.88,29.28,73.2,29.28
24.4,-136.64,-161.04,58.56,92.72,-151.28,29.28,-24.4,4.88,43.92,78.08,14.64
9.76,-136.64,-146.4,63.44,78.08,-141.52,29.28,-29.28,9.76,43.92,68.32,0
4.88,-141.52,-146.4,68.32,73.2,-146.4,39.04,-19.52,14.64,58.56,78.08,4.88
19.52,-146.4,-165.92,63.44,92.72,-156.16,63.44,4.88,39.04,87.84,107.36,24.4
14.64,-131.76,-146.4,58.56,78.08,-141.52,73.2,9.76,53.68,97.6,107.36,9.76
9.76,-131.76,-141.52,63.44,73.2,-136.64,63.44,-4.88,48.8,87.84,92.72,9.76
14.64,-122,-136.64,53.68,73.2,-131.76,73.2,9.76,58.56,82.96,102.48,4.88
0,-117.12,-117.12,58.56,58.56,-117.12,82.96,9.76,63.44,82.96,102.48,0
-9.76,-102.48,-92.72,58.56,39.04,-97.6,63.44,-19.52,48.8,58.56,73.2,-19.52
14.64,-87.84,-102.48,39.04,58.56,-97.6,78.08,0,58.56,63.44,87.84,9.76
4.88,-102.48,-107.36,48.8,53.68,-107.36,73.2,-9.76,58.56,68.32,82.96,-9.76
4.88,-92.72,-97.6,43.92,48.8,-97.6,73.2,-14.64,68.32,73.2,92.72,-9.76
29.28,-82.96,-112.24,29.28,68.32,-97.6,82.96,-4.88,78.08,92.72,107.36,4.88
24.4,-107.36,-131.76,43.92,78.08,-122,102.48,9.76,97.6,107.36,131.76,19.52
24.4,-97.6,-122,39.04,73.2,-112.24,112.24,9.76,102.48,117.12,131.76,-4.88
14.64,-78.08,-92.72,34.16,53.68,-87.84,107.36,19.52,107.36,107.36,122,4.88
19.52,-78.08,-97.6,29.28,58.56,-87.84,107.36,29.28,112.24,117.12,126.88,9.76
19.52,-63.44,-82.96,24.4,48.8,-73.2,107.36,19.52,102.48,97.6,122,19.52
19.52,-43.92,-63.44,14.64,39.04,-53.68,92.72,9.76,92.72,87.84,102.48,4.88
14.64,-48.8,-63.44,19.52,39.04,-58.56,97.6,19.52,97.6,82.96,112.24,24.4
19.52,-63.44,-82.96,24.4,48.8,-73.2,97.6,9.76,97.6,87.84,117.12,9.76
29.28,-53.68,-82.96,14.64,53.68,-68.32,92.72,14.64,102.48,87.84,122,9.76
29.28,-58.56,-87.84,14.64,58.56,-73.2,92.72,19.52,112.24,97.6,131.76,9.76
14.64,-97.6,-112.24,43.92,63.44,-107.36,97.6,29.28,117.12,112.24,156.16,29.28
24.4,-92.72,-117.12,34.16,68.32,-107.36,107.36,29.28,131.76,126.88,161.04,14.64
24.4,-68.32,-92.72,24.4,58.56,-82.96,112.24,43.92,141.52,136.64,170.8,39.04
34.16,-43.92,-78.08,4.88,53.68,-63.44,122,53.68,146.4,136.64,161.04,39.04
29.28,-19.52,-48.8,-4.88,39.04,-34.16,117.12,53.68,141.52,122,165.92,29.28
19.52,14.64,-4.88,-14.64,9.76,4.88,97.6,24.4,117.12,97.6,131.76,4.88
9.76,9.76,0,-9.76,4.88,4.88,92.72,29.28,122,97.6,131.76,9.76
29.28,14.64,-14.64,-19.52,19.52,0,97.6,34.16,131.76,107.36,141.52,0
29.28,4.88,-24.4,-14.64,24.4,-9.76,102.48,43.92,136.64,112.24,141.52,-9.76
19.52,4.88,-14.64,-9.76,14.64,-4.88,112.24,58.56,151.28,122,156.16,-9.76
19.52,-29.28,-48.8,4.88,34.16,-39.04,126.88,78.08,170.8,136.64,170.8,-4.88
9.76,-34.16,-43.92,14.64,24.4,-39.04,131.76,78.08,170.8,151.28,170.8,-19.52
19.52,-19.52,-39.04,0,29.28,-29.28,117.12,73.2,165.92,146.4,165.92,-4.88
19.52,-29.28,-48.8,4.88,34.16,-39.04,131.76,73.2,175.68,151.28,175.68,-4.88
24.4,-19.52,-43.92,0,34.16,-34.16,131.76,73.2,170.8,151.28,165.92,-14.64
43.92,39.04,-4.88,-39.04,24.4,14.64,126.88,78.08,170.8,156.16,156.16,-24.4
34.16,39.04,4.88,-34.16,14.64,19.52,112.24,68.32,156.16,146.4,146.4,-19.52
34.16,43.92,9.76,-39.04,9.76,24.4,112.24,58.56,161.04,151.28,141.52,-48.8
29.28,53.68,24.4,-39.04,0,39.04,112.24,53.68,161.04,151.28,136.64,-58.56
24.4,34.16,9.76,-29.28,4.88,19.52,112.24,58.56,161.04,141.52,131.76,-78.08
24.4,4.88,-19.52,-14.64,19.52,-9.76,117.12,68.32,165.92,151.28,146.4,-82.96
9.76,-19.52,-29.28,4.88,19.52,-24.4,112.24,58.56,156.16,141.52,131.76,-122
4.88,-24.4,-29.28,9.76,14.64,-29.28,122,63.44,151.28,141.52,141.52,-112.24
24.4,-14.64,-39.04,-4.88,29.28,-29.28,126.88,73.2,165.92,165.92,170.8,-107.36
14.64,4.88,-9.76,-9.76,9.76,-4.88,117.12,58.56,165.92,170.8,161.04,-112.24
19.52,43.92,24.4,-29.28,-4.88,34.16,112.24,53.68,156.16,156.16,146.4,-117.12
9.76,43.92,34.16,-24.4,-14.64,39.04,97.6,39.04,146.4,146.4,131.76,-136.64
14.64,43.92,29.28,-29.28,-9.76,34.16,107.36,39.04,141.52,151.28,126.88,-165.92
24.4,73.2,48.8,-48.8,-14.64,58.56,92.72,29.28,131.76,141.52,122,-175.68
9.76,48.8,39.04,-29.28,-14.64,43.92,92.72,29.28,126.88,131.76,102.48,-209.84
4.88,14.64,9.76,-9.76,-4.88,9.76,107.36,48.8,141.52,151.28,122,-209.84
4.88,4.88,0,-4.88,0,0,107.36,58.56,146.4,161.04,136.64,-214.72
0,-9.76,-9.76,4.88,4.88,-9.76,107.36,48.8,136.64,161.04,136.64,-195.2
0,-14.64,-14.64,9.76,4.88,-14.64,107.36,43.92,136.64,170.8,141.52,-190.32
-4.88,-14.64,-9.76,9.76,0,-14.64,102.48,34.16,131.76,165.92,141.52,-185.44
4.88,24.4,19.52,-14.64,-9.76,19.52,92.72,24.4,126.88,161.04,141.52,-200.08
-4.88,19.52,24.4,-4.88,-14.64,19.52,87.84,9.76,117.12,151.28,122,-224.48
-19.52,9.76,29.28,4.88,-24.4,19.52,82.96,9.76,102.48,141.52,107.36,-253.76
-9.76,24.4,34.16,-4.88,-24.4,29.28,82.96,9.76,102.48,131.76,97.6,-268.4
19.52,29.28,9.76,-24.4,4.88,19.52,92.72,19.52,122,165.92,141.52,-253.76
19.52,4.88,-14.64,-9.76,14.64,-4.88,92.72,34.16,136.64,180.56,136.64,-268.4
9.76,9.76,0,-9.76,4.88,4.88,92.72,24.4,126.88,165.92,126.88,-287.92
-9.76,9.76,19.52,0,-14.64,14.64,82.96,24.4,117.12,151.28,107.36,-302.56
-4.88,9.76,14.64,0,-9.76,9.76,87.84,19.52,126.88,156.16,122,-297.68
14.64,29.28,14.64,-19.52,0,19.52,82.96,14.64,112.24,151.28,117.12,-297.68
9.76,39.04,29.28,-24.4,-9.76,34.16,63.44,4.88,102.48,141.52,92.72,-322.08
-4.88,39.04,43.92,-14.64,-24.4,39.04,73.2,14.64,107.36,146.4,102.48,-307.44
-4.88,24.4,29.28,-9.76,-19.52,24.4,73.2,9.76,107.36,151.28,102.48,-326.96
-9.76,14.64,24.4,0,-19.52,19.52,73.2,0,102.48,146.4,92.72,-336.72
0,14.64,14.64,-4.88,-9.76,14.64,82.96,14.64,112.24,156.16,102.48,-326.96
-4.88,-9.76,-4.88,9.76,0,-9.76,78.08,14.64,117.12,165.92,112.24,-326.96
4.88,-4.88,-9.76,0,4.88,-9.76,82.96,14.64,112.24,161.04,107.36,-336.72
-4.88,-9.76,-4.88,9.76,0,-9.76,82.96,24.4,122,165.92,112.24,-322.08
-19.52,-34.16,-14.64,29.28,-4.88,-24.4,73.2,19.52,117.12,161.04,102.48,-326.96
-29.28,-43.92,-14.64,39.04,-9.76,-29.28,82.96,24.4,122,170.8,117.12,-322.08
-9.76,0,9.76,4.88,-9.76,4.88,78.08,9.76,97.6,146.4,87.84,-331.84
-19.52,0,19.52,9.76,-19.52,9.76,68.32,14.64,92.72,146.4,82.96,-326.96
9.76,14.64,4.88,-9.76,0,9.76,63.44,9.76,102.48,161.04,87.84,-336.72
9.76,14.64,4.88,-9.76,0,9.76,48.8,4.88,87.84,141.52,82.96,-346.48
-24.4,-4.88,19.52,14.64,-24.4,4.88,53.68,9.76,92.72,146.4,87.84,-346.48
-19.52,-24.4,-4.88,24.4,-9.76,-14.64,78.08,24.4,102.48,156.16,92.72,-336.72
-14.64,-34.16,-19.52,24.4,0,-29.28,68.32,4.88,92.72,151.28,78.08,-341.6
-14.64,-14.64,0,14.64,-9.76,-9.76,68.32,9.76,87.84,146.4,82.96,-336.72
-4.88,-14.64,-9.76,9.76,0,-14.64,78.08,29.28,107.36,165.92,87.84,-346.48
-14.64,-19.52,-4.88,19.52,-4.88,-14.64,53.68,14.64,92.72,151.28,78.08,-366
-19.52,9.76,29.28,4.88,-24.4,19.52,39.04,-9.76,68.32,131.76,48.8,-366
-14.64,0,14.64,9.76,-14.64,4.88,24.4,-14.64,58.56,117.12,48.8,-341.6
-9.76,-4.88,4.88,9.76,-9.76,0,24.4,-14.64,58.56,126.88,58.56,-351.36
4.88,14.64,9.76,-9.76,-4.88,9.76,29.28,-4.88,73.2,136.64,63.44,-356.24
-4.88,9.76,14.64,0,-9.76,9.76,39.04,4.88,73.2,131.76,53.68,-356.24
-14.64,-29.28,-14.64,24.4,0,-24.4,43.92,9.76,78.08,136.64,68.32,-346.48
-4.88,-24.4,-19.52,14.64,4.88,-24.4,43.92,9.76,82.96,151.28,73.2,-346.48
-14.64,-24.4,-9.76,19.52,-4.88,-19.52,39.04,4.88,78.08,131.76,53.68,-346.48
-19.52,-29.28,-9.76,24.4,-4.88,-19.52,48.8,9.76,68.32,117.12,43.92,-341.6
-9.76,-19.52,-9.76,14.64,0,-14.64,39.04,-4.88,53.68,102.48,39.04,-341.6
-14.64,9.76,24.4,4.88,-19.52,14.64,29.28,-14.64,48.8,102.48,24.4,-341.6
0,4.88,4.88,0,-4.88,4.88,19.52,-19.52,48.8,107.36,43.92,-312.32
4.88,-4.88,-9.76,0,4.88,-9.76,14.64,-24.4,43.92,112.24,39.04,-322.08
4.88,-4.88,-9.76,0,4.88,-9.76,14.64,-29.28,39.04,102.48,39.04,-312.32
-19.52,-19.52,0,19.52,-9.76,-9.76,19.52,-19.52,43.92,102.48,39.04,-322.08
-24.4,-43.92,-19.52,34.16,-4.88,-34.16,34.16,0,53.68,112.24,48.8,-312.32
-9.76,-39.04,-29.28,24.4,9.76,-34.16,29.28,-9.76,48.8,117.12,39.04,-317.2
-9.76,-34.16,-24.4,24.4,4.88,-29.28,29.28,-4.88,48.8,102.48,39.04,-312.32
4.88,-24.4,-29.28,9.76,14.64,-29.28,34.16,-4.88,53.68,117.12,58.56,-302.56
0,-19.52,-19.52,9.76,9.76,-19.52,34.16,-9.76,43.92,112.24,43.92,-292.8
-34.16,-4.88,29.28,19.52,-34.16,9.76,9.76,-39.04,19.52,82.96,9.76,-312.32
0,19.52,19.52,-9.76,-9.76,19.52,9.76,-39.04,14.64,78.08,9.76,-292.8
-4.88,14.64,19.52,-4.88,-14.64,14.64,14.64,-29.28,19.52,73.2,14.64,-302.56
-14.64,0,14.64,9.76,-14.64,4.88,0,-43.92,4.88,68.32,4.88,-302.56
-4.88,-14.64,-9.76,9.76,0,-14.64,14.64,-34.16,19.52,78.08,19.52,-287.92
-9.76,-53.68,-43.92,34.16,14.64,-48.8,19.52,-34.16,29.28,87.84,29.28,-273.28
-9.76,-53.68,-43.92,34.16,14.64,-48.8,24.4,-39.04,29.28,87.84,19.52,-297.68
-4.88,-29.28,-24.4,19.52,9.76,-29.28,24.4,-29.28,29.28,73.2,14.64,-273.28
-19.52,-53.68,-34.16,39.04,4.88,-43.92,24.4,-34.16,14.64,63.44,4.88,-268.4
-4.88,-53.68,-48.8,29.28,19.52,-53.68,4.88,-39.04,4.88,53.68,4.88,-258.64
9.76,-14.64,-24.4,4.88,14.64,-19.52,0,-43.92,0,58.56,4.88,-244
-9.76,-9.76,0,9.76,-4.88,-4.88,4.88,-39.04,4.88,58.56,14.64,-209.84
0,-9.76,-9.76,4.88,4.88,-9.76,4.88,-43.92,0,58.56,19.52,-214.72
0,-9.76,-9.76,4.88,4.88,-9.76,-4.88,-48.8,-9.76,39.04,-9.76,-239.12
-19.52,-19.52,0,19.52,-9.76,-9.76,-4.88,-53.68,-14.64,34.16,-9.76,-244
-4.88,-43.92,-39.04,24.4,14.64,-43.92,9.76,-34.16,4.88,53.68,14.64,-229.36
4.88,-48.8,-53.68,24.4,29.28,-53.68,4.88,-39.04,4.88,48.8,-4.88,-263.52
-9.76,-39.04,-29.28,24.4,9.76,-34.16,9.76,-39.04,-4.88,34.16,-14.64,-244
-24.4,-48.8,-24.4,39.04,0,-39.04,9.76,-43.92,0,29.28,-9.76,-234.24
-24.4,-48.8,-24.4,39.04,0,-39.04,4.88,-39.04,-4.88,29.28,0,-204.96
-9.76,-9.76,0,9.76,-4.88,-4.88,-9.76,-63.44,-19.52,24.4,-9.76,-195.2
-14.64,-4.88,9.76,9.76,-14.64,0,-4.88,-58.56,-24.4,14.64,-9.76,-195.2
-4.88,-4.88,0,4.88,-4.88,-4.88,-9.76,-58.56,-34.16,4.88,-4.88,-219.6
-14.64,-9.76,4.88,14.64,-9.76,-4.88,-14.64,-63.44,-34.16,4.88,-14.64,-239.12
-29.28,-29.28,0,29.28,-14.64,-14.64,-24.4,-68.32,-39.04,0,-39.04,-229.36
-14.64,-48.8,-34.16,34.16,9.76,-43.92,-14.64,-63.44,-34.16,0,-39.04,-200.08
-14.64,-53.68,-39.04,34.16,9.76,-48.8,-14.64,-58.56,-34.16,-4.88,-29.28,-200.08
-9.76,-43.92,-34.16,29.28,9.76,-39.04,-9.76,-48.8,-39.04,-9.76,-34.16,-195.2
9.76,-43.92,-53.68,19.52,29.28,-48.8,-14.64,-58.56,-39.04,-9.76,-34.16,-195.2
-9.76,-43.92,-34.16,29.28,9.76,-39.04,-14.64,-48.8,-34.16,-4.88,-34.16,-180.56
-29.28,-19.52,9.76,24.4,-19.52,-4.88,-29.28,-73.2,-58.56,-29.28,-58.56,-195.2
-9.76,-4.88,4.88,9.76,-9.76,0,-29.28,-68.32,-53.68,-24.4,-48.8,-175.68
-9.76,-19.52,-9.76,14.64,0,-14.64,-29.28,-68.32,-58.56,-34.16,-43.92,-180.56
4.88,-14.64,-19.52,4.88,9.76,-19.52,-29.28,-68.32,-58.56,-34.16,-48.8,-170.8
9.76,-19.52,-29.28,4.88,19.52,-24.4,-29.28,-68.32,-58.56,-34.16,-48.8,-175.68
-19.52,-68.32,-48.8,43.92,14.64,-58.56,-19.52,-48.8,-43.92,-24.4,-39.04,-161.04
-14.64,-63.44,-48.8,39.04,14.64,-58.56,-14.64,-48.8,-39.04,-19.52,-34.16,-156.16
-14.64,-58.56,-43.92,39.04,14.64,-53.68,-19.52,-58.56,-43.92,-24.4,-29.28,-136.64
-9.76,-58.56,-48.8,34.16,19.52,-53.68,-14.64,-58.56,-43.92,-19.52,-29.28,-131.76
-14.64,-53.68,-39.04,34.16,9.76,-48.8,-19.52,-58.56,-53.68,-34.16,-39.04,-126.88
-19.52,-14.64,4.88,19.52,-14.64,-4.88,-39.04,-82.96,-73.2,-48.8,-68.32,-136.64
-24.4,-9.76,14.64,19.52,-19.52,0,-39.04,-78.08,-78.08,-58.56,-73.2,-136.64
-14.64,-9.76,4.88,14.64,-9.76,-4.88,-39.04,-78.08,-73.2,-58.56,-73.2,-146.4
-19.52,-14.64,4.88,19.52,-14.64,-4.88,-39.04,-73.2,-78.08,-63.44,-78.08,-141.52
-19.52,-19.52,0,19.52,-9.76,-9.76,-39.04,-73.2,-73.2,-58.56,-63.44,-131.76
-19.52,-58.56,-39.04,39.04,9.76,-48.8,-29.28,-58.56,-68.32,-48.8,-53.68,-122
-14.64,-58.56,-43.92,39.04,14.64,-53.68,-24.4,-68.32,-68.32,-48.8,-63.44,-131.76
-4.88,-58.56,-53.68,34.16,24.4,-58.56,-29.28,-63.44,-68.32,-53.68,-63.44,-107.36
-4.88,-63.44,-58.56,34.16,24.4,-63.44,-29.28,-63.44,-68.32,-48.8,-68.32,-107.36
-9.76,-53.68,-43.92,34.16,14.64,-48.8,-34.16,-73.2,-73.2,-48.8,-68.32,-107.36
-14.64,-24.4,-9.76,19.52,-4.88,-19.52,-43.92,-82.96,-87.84,-63.44,-82.96,-107.36
-14.64,-24.4,-9.76,19.52,-4.88,-19.52,-43.92,-87.84,-92.72,-68.32,-82.96,-107.36
-9.76,-19.52,-9.76,14.64,0,-14.64,-48.8,-82.96,-92.72,-63.44,-82.96,-117.12
-19.52,-24.4,-4.88,24.4,-9.76,-14.64,-53.68,-82.96,-97.6,-68.32,-92.72,-122
-19.52,-34.16,-14.64,29.28,-4.88,-24.4,-48.8,-82.96,-92.72,-63.44,-87.84,-122
-9.76,-58.56,-48.8,34.16,19.52,-53.68,-39.04,-68.32,-82.96,-53.68,-78.08,-117.12
-4.88,-63.44,-58.56,34.16,24.4,-63.44,-39.04,-78.08,-82.96,-48.8,-78.08,-131.76
-4.88,-58.56,-53.68,34.16,24.4,-58.56,-39.04,-73.2,-73.2,-48.8,-63.44,-112.24
0,-68.32,-68.32,34.16,34.16,-68.32,-48.8,-87.84,-73.2,-43.92,-63.44,-102.48
0,-82.96,-82.96,43.92,39.04,-82.96,-53.68,-87.84,-73.2,-29.28,-43.92,-78.08
14.64,-68.32,-82.96,29.28,48.8,-78.08,-73.2,-107.36,-92.72,-39.04,-48.8,-82.96
9.76,-78.08,-87.84,34.16,48.8,-82.96,-68.32,-92.72,-82.96,-34.16,-43.92,-78.08
14.64,-78.08,-92.72,34.16,53.68,-87.84,-34.16,-63.44,-43.92,4.88,-29.28,-87.84
0,-53.68,-53.68,29.28,24.4,-53.68,-14.64,-19.52,-4.88,39.04,-9.76,-78.08
0,-29.28,-29.28,14.64,14.64,-29.28,24.4,34.16,53.68,87.84,4.88,-63.44
24.4,-9.76,-34.16,-4.88,29.28,-24.4,63.44,102.48,126.88,180.56,73.2,9.76
53.68,48.8,-4.88,-48.8,29.28,19.52,112.24,200.08,229.36,297.68,175.68,112.24
78.08,126.88,48.8,-102.48,14.64,87.84,165.92,292.8,336.72,424.56,287.92,253.76
107.36,234.24,126.88,-170.8,-9.76,180.56,204.96,375.76,434.32,541.68,405.04,380.64
126.88,341.6,214.72,-234.24,-43.92,278.16,234.24,434.32,502.64,614.88,478.24,478.24
141.52,468.48,326.96,-302.56,-92.72,395.28,248.88,453.84,527.04,649.04,497.76,522.16
146.4,551.44,405.04,-346.48,-131.76,478.24,263.52,434.32,488,614.88,483.12,546.56
122,570.96,448.96,-346.48,-165.92,507.52,248.88,356.24,366,478.24,370.88,444.08
78.08,551.44,473.36,-312.32,-200.08,512.4,200.08,229.36,195.2,263.52,175.68,248.88
24.4,502.64,478.24,-263.52,-229.36,488,126.88,73.2,-9.76,4.88,-78.08,19.52
-19.52,370.88,390.4,-175.68,-204.96,380.64,82.96,-34.16,-161.04,-180.56,-248.88,-175.68
-53.68,278.16,331.84,-112.24,-195.2,302.56,48.8,-112.24,-263.52,-297.68,-361.12,-331.84
-87.84,229.36,317.2,-68.32,-204.96,273.28,14.64,-185.44,-346.48,-385.52,-429.44,-400.16
-107.36,170.8,278.16,-29.28,-195.2,224.48,-58.56,-283.04,-429.44,-453.84,-453.84,-439.2
-117.12,112.24,229.36,4.88,-175.68,170.8,-112.24,-331.84,-463.6,-478.24,-458.72,-444.08
-112.24,102.48,214.72,4.88,-165.92,156.16,-161.04,-361.12,-468.48,-458.72,-439.2,-434.32
-92.72,58.56,151.28,19.52,-122,102.48,-190.32,-361.12,-448.96,-424.56,-385.52,-385.52
-82.96,24.4,107.36,29.28,-97.6,63.44,-214.72,-346.48,-409.92,-375.76,-331.84,-361.12
-68.32,19.52,87.84,24.4,-78.08,53.68,-204.96,-292.8,-336.72,-297.68,-263.52,-302.56
-48.8,34.16,82.96,9.76,-68.32,58.56,-180.56,-224.48,-258.64,-214.72,-204.96,-253.76
-43.92,9.76,53.68,19.52,-48.8,29.28,-146.4,-161.04,-195.2,-146.4,-141.52,-204.96
-29.28,14.64,43.92,9.76,-39.04,29.28,-131.76,-146.4,-175.68,-117.12,-112.24,-180.56
-19.52,14.64,34.16,4.88,-29.28,24.4,-126.88,-141.52,-175.68,-107.36,-82.96,-146.4
-19.52,-9.76,9.76,14.64,-14.64,0,-122,-141.52,-185.44,-117.12,-78.08,-136.64
-9.76,-14.64,-4.88,14.64,-4.88,-9.76,-117.12,-126.88,-175.68,-107.36,-78.08,-117.12
-9.76,0,9.76,4.88,-9.76,4.88,-117.12,-122,-175.68,-107.36,-73.2,-117.12
0,-9.76,-9.76,4.88,4.88,-9.76,-112.24,-112.24,-165.92,-102.48,-63.44,-97.6
4.88,-24.4,-29.28,9.76,14.64,-29.28,-102.48,-102.48,-156.16,-92.72,-53.68,-92.72
0,-39.04,-39.04,19.52,19.52,-39.04,-107.36,-97.6,-156.16,-97.6,-48.8,-92.72
14.64,-43.92,-58.56,14.64,34.16,-53.68,-102.48,-97.6,-156.16,-97.6,-48.8,-87.84
14.64,-82.96,-97.6,34.16,53.68,-92.72,-87.84,-78.08,-146.4,-97.6,-29.28,-73.2
14.64,-92.72,-107.36,39.04,58.56,-102.48,-82.96,-68.32,-136.64,-92.72,-24.4,-68.32
19.52,-87.84,-107.36,34.16,63.44,-97.6,-82.96,-53.68,-117.12,-97.6,-24.4,-48.8
14.64,-97.6,-112.24,43.92,63.44,-107.36,-82.96,-53.68,-117.12,-102.48,-19.52,-43.92
9.76,-87.84,-97.6,39.04,53.68,-92.72,-87.84,-43.92,-117.12,-112.24,-19.52,-29.28
19.52,-48.8,-68.32,14.64,43.92,-58.56,-107.36,-58.56,-126.88,-117.12,-29.28,-34.16
24.4,-43.92,-68.32,9.76,43.92,-58.56,-102.48,-53.68,-117.12,-122,-19.52,-24.4
19.52,-53.68,-73.2,19.52,43.92,-63.44,-87.84,-39.04,-107.36,-117.12,-9.76,-14.64
19.52,-53.68,-73.2,19.52,43.92,-63.44,-92.72,-29.28,-107.36,-126.88,-4.88,-9.76
34.16,-58.56,-92.72,14.64,63.44,-78.08,-92.72,-39.04,-112.24,-122,0,-9.76
34.16,-82.96,-117.12,24.4,73.2,-102.48,-73.2,-4.88,-87.84,-112.24,29.28,14.64
34.16,-87.84,-122,29.28,78.08,-107.36,-73.2,-4.88,-82.96,-112.24,29.28,9.76
34.16,-87.84,-122,29.28,78.08,-107.36,-78.08,0,-82.96,-112.24,29.28,29.28
24.4,-92.72,-117.12,34.16,68.32,-107.36,-73.2,9.76,-73.2,-102.48,34.16,34.16
24.4,-82.96,-107.36,29.28,63.44,-97.6,-78.08,19.52,-73.2,-107.36,34.16,43.92
29.28,-48.8,-78.08,9.76,53.68,-63.44,-87.84,9.76,-73.2,-112.24,24.4,43.92
29.28,-43.92,-73.2,9.76,48.8,-58.56,-92.72,19.52,-68.32,-102.48,43.92,63.44
29.28,-48.8,-78.08,9.76,53.68,-63.44,-82.96,29.28,-63.44,-97.6,43.92,63.44
34.16,-39.04,-73.2,4.88,53.68,-58.56,-82.96,34.16,-53.68,-97.6,48.8,73.2
34.16,-43.92,-78.08,4.88,53.68,-63.44,-82.96,39.04,-48.8,-87.84,43.92,68.32
43.92,-78.08,-122,19.52,82.96,-102.48,-63.44,63.44,-29.28,-73.2,68.32,82.96
43.92,-63.44,-107.36,9.76,73.2,-87.84,-63.44,58.56,-24.4,-63.44,68.32,78.08
43.92,-63.44,-107.36,9.76,73.2,-87.84,-63.44,68.32,-19.52,-63.44,68.32,97.6
53.68,-63.44,-117.12,4.88,82.96,-92.72,-58.56,68.32,-19.52,-53.68,73.2,97.6
39.04,-58.56,-97.6,9.76,68.32,-78.08,-53.68,78.08,-9.76,-43.92,73.2,107.36
34.16,-24.4,-58.56,-4.88,43.92,-43.92,-63.44,73.2,-14.64,-48.8,58.56,97.6
48.8,-29.28,-78.08,-9.76,63.44,-53.68,-58.56,78.08,-4.88,-43.92,68.32,122
43.92,-29.28,-73.2,-4.88,58.56,-53.68,-53.68,78.08,-4.88,-43.92,68.32,112.24
39.04,-9.76,-48.8,-14.64,43.92,-29.28,-58.56,82.96,4.88,-43.92,63.44,107.36
39.04,-14.64,-53.68,-9.76,43.92,-34.16,-48.8,87.84,19.52,-24.4,73.2,126.88
39.04,-43.92,-82.96,4.88,58.56,-63.44,-39.04,107.36,29.28,-14.64,92.72,136.64
39.04,-43.92,-82.96,4.88,58.56,-63.44,-24.4,112.24,43.92,-4.88,97.6,141.52
43.92,-48.8,-92.72,4.88,68.32,-73.2,-29.28,117.12,48.8,4.88,102.48,161.04
43.92,-48.8,-92.72,4.88,68.32,-73.2,-24.4,117.12,48.8,4.88,102.48,170.8
39.04,-34.16,-73.2,0,53.68,-53.68,-24.4,122,48.8,0,102.48,170.8
34.16,-4.88,-39.04,-14.64,34.16,-24.4,-39.04,102.48,34.16,-9.76,87.84,161.04
43.92,4.88,-39.04,-24.4,39.04,-19.52,-34.16,112.24,43.92,0,97.6,170.8
43.92,4.88,-39.04,-24.4,39.04,-19.52,-34.16,112.24,43.92,0,102.48,165.92
39.04,0,-39.04,-19.52,39.04,-19.52,-39.04,112.24,48.8,-4.88,107.36,161.04
39.04,0,-39.04,-19.52,39.04,-19.52,-29.28,117.12,58.56,9.76,112.24,165.92
39.04,-29.28,-68.32,-4.88,53.68,-48.8,-19.52,136.64,68.32,19.52,131.76,185.44
43.92,-29.28,-73.2,-4.88,58.56,-53.68,-19.52,131.76,68.32,14.64,136.64,175.68
48.8,-19.52,-68.32,-14.64,58.56,-43.92,-19.52,146.4,82.96,19.52,151.28,190.32
43.92,-19.52,-63.44,-9.76,53.68,-43.92,-14.64,151.28,82.96,29.28,156.16,190.32
53.68,-9.76,-63.44,-19.52,58.56,-39.04,-19.52,151.28,78.08,19.52,161.04,195.2
48.8,24.4,-24.4,-34.16,34.16,0,-29.28,141.52,78.08,24.4,151.28,195.2
48.8,24.4,-24.4,-34.16,34.16,0,-34.16,141.52,78.08,14.64,156.16,195.2
48.8,29.28,-19.52,-39.04,34.16,4.88,-29.28,141.52,78.08,24.4,156.16,200.08
43.92,19.52,-24.4,-29.28,34.16,-4.88,-34.16,146.4,87.84,29.28,156.16,195.2
39.04,19.52,-19.52,-29.28,29.28,0,-34.16,151.28,87.84,34.16,156.16,190.32
48.8,-9.76,-58.56,-19.52,53.68,-34.16,-14.64,165.92,107.36,43.92,180.56,204.96
43.92,-14.64,-58.56,-14.64,48.8,-39.04,-9.76,165.92,102.48,48.8,170.8,195.2
48.8,-4.88,-53.68,-19.52,48.8,-29.28,-9.76,175.68,112.24,53.68,180.56,209.84
48.8,0,-48.8,-24.4,48.8,-24.4,-4.88,175.68,112.24,58.56,175.68,209.84
43.92,4.88,-39.04,-24.4,39.04,-19.52,-4.88,185.44,112.24,53.68,175.68,214.72
43.92,39.04,-4.88,-39.04,24.4,14.64,-9.76,180.56,107.36,53.68,165.92,209.84
43.92,39.04,-4.88,-39.04,24.4,14.64,-14.64,175.68,107.36,48.8,165.92,209.84
43.92,39.04,-4.88,-39.04,24.4,14.64,-19.52,170.8,102.48,43.92,156.16,190.32
39.04,34.16,-4.88,-34.16,19.52,14.64,-19.52,180.56,102.48,39.04,146.4,190.32
34.16,29.28,-4.88,-29.28,19.52,9.76,-19.52,175.68,102.48,43.92,146.4,185.44
39.04,-4.88,-43.92,-14.64,39.04,-24.4,0,195.2,107.36,53.68,161.04,195.2
34.16,-4.88,-39.04,-14.64,34.16,-24.4,-4.88,190.32,107.36,53.68,151.28,185.44
24.4,-4.88,-29.28,-9.76,24.4,-19.52,-4.88,185.44,107.36,53.68,151.28,190.32
29.28,4.88,-24.4,-14.64,24.4,-9.76,-4.88,185.44,102.48,53.68,136.64,180.56
29.28,9.76,-19.52,-19.52,24.4,-4.88,-9.76,190.32,97.6,43.92,136.64,185.44
29.28,39.04,9.76,-34.16,9.76,24.4,-19.52,170.8,82.96,39.04,117.12,170.8
34.16,43.92,9.76,-39.04,9.76,24.4,-19.52,165.92,78.08,34.16,112.24,170.8
29.28,34.16,4.88,-29.28,9.76,19.52,-24.4,161.04,78.08,29.28,107.36,156.16
34.16,34.16,0,-34.16,14.64,14.64,-24.4,156.16,78.08,24.4,97.6,151.28
24.4,24.4,0,-24.4,9.76,9.76,-29.28,146.4,73.2,24.4,87.84,136.64
19.52,-4.88,-24.4,-4.88,19.52,-14.64,-14.64,156.16,78.08,24.4,102.48,141.52
19.52,-9.76,-29.28,-4.88,24.4,-19.52,-4.88,156.16,78.08,34.16,102.48,136.64
19.52,-9.76,-29.28,-4.88,24.4,-19.52,-19.52,151.28,68.32,19.52,92.72,136.64
19.52,-14.64,-34.16,0,24.4,-24.4,-19.52,151.28,63.44,19.52,82.96,131.76
19.52,-4.88,-24.4,-4.88,19.52,-14.64,-14.64,146.4,63.44,14.64,82.96,131.76
4.88,24.4,19.52,-14.64,-9.76,19.52,-29.28,136.64,48.8,4.88,63.44,122
9.76,29.28,19.52,-19.52,-4.88,24.4,-19.52,141.52,48.8,9.76,73.2,131.76
4.88,14.64,9.76,-9.76,-4.88,9.76,-19.52,136.64,43.92,4.88,68.32,117.12
14.64,14.64,0,-14.64,4.88,4.88,-29.28,126.88,34.16,-9.76,48.8,102.48
19.52,19.52,0,-19.52,9.76,9.76,-24.4,126.88,43.92,4.88,58.56,102.48
19.52,-14.64,-34.16,0,24.4,-24.4,-14.64,131.76,43.92,4.88,68.32,102.48
14.64,-19.52,-34.16,4.88,24.4,-29.28,-14.64,126.88,39.04,0,63.44,87.84
9.76,-14.64,-24.4,4.88,14.64,-19.52,-19.52,131.76,39.04,0,107.36,102.48
4.88,-24.4,-29.28,9.76,14.64,-29.28,-14.64,122,34.16,-9.76,117.12,92.72
9.76,-9.76,-19.52,0,14.64,-14.64,-19.52,117.12,29.28,-9.76,112.24,82.96
9.76,24.4,14.64,-14.64,-4.88,19.52,-29.28,107.36,19.52,-14.64,92.72,63.44
9.76,34.16,24.4,-19.52,-9.76,29.28,-29.28,102.48,14.64,-19.52,87.84,68.32
4.88,29.28,24.4,-14.64,-9.76,24.4,-24.4,107.36,19.52,-14.64,92.72,68.32
0,19.52,19.52,-9.76,-9.76,19.52,-29.28,102.48,19.52,-19.52,78.08,58.56
9.76,19.52,9.76,-14.64,0,14.64,-29.28,102.48,14.64,-14.64,82.96,48.8
14.64,-14.64,-29.28,0,19.52,-24.4,-14.64,112.24,29.28,-4.88,92.72,63.44
4.88,-14.64,-19.52,4.88,9.76,-19.52,-9.76,107.36,29.28,-4.88,92.72,48.8
4.88,-9.76,-14.64,4.88,9.76,-14.64,-9.76,112.24,29.28,-4.88,87.84,58.56
4.88,-14.64,-19.52,4.88,9.76,-19.52,-9.76,107.36,24.4,-4.88,82.96,48.8
0,-9.76,-9.76,4.88,4.88,-9.76,-14.64,102.48,24.4,-4.88,73.2,53.68
9.76,24.4,14.64,-14.64,-4.88,19.52,-24.4,97.6,14.64,-9.76,63.44,43.92
4.88,19.52,14.64,-9.76,-4.88,14.64,-24.4,92.72,9.76,-9.76,63.44,48.8
4.88,24.4,19.52,-14.64,-9.76,19.52,-24.4,92.72,14.64,-4.88,63.44,39.04
9.76,29.28,19.52,-19.52,-4.88,24.4,-24.4,92.72,14.64,-9.76,63.44,34.16
4.88,29.28,24.4,-14.64,-9.76,24.4,-19.52,87.84,19.52,0,58.56,34.16
4.88,0,-4.88,0,4.88,-4.88,-4.88,107.36,29.28,9.76,78.08,48.8
4.88,0,-4.88,0,4.88,-4.88,-4.88,102.48,24.4,4.88,73.2,39.04
0,4.88,4.88,0,-4.88,4.88,-9.76,102.48,19.52,9.76,63.44,39.04
4.88,4.88,0,-4.88,0,0,-9.76,87.84,14.64,4.88,58.56,34.16
-4.88,0,4.88,4.88,-4.88,0,-9.76,92.72,14.64,4.88,53.68,34.16
-4.88,43.92,48.8,-19.52,-29.28,43.92,-19.52,78.08,4.88,-4.88,39.04,29.28
0,39.04,39.04,-19.52,-19.52,39.04,-19.52,78.08,9.76,0,39.04,24.4
0,29.28,29.28,-14.64,-14.64,29.28,-19.52,73.2,9.76,4.88,39.04,9.76
0,34.16,34.16,-14.64,-19.52,34.16,-14.64,82.96,14.64,4.88,48.8,19.52
-4.88,34.16,39.04,-14.64,-24.4,34.16,-14.64,78.08,19.52,9.76,43.92,9.76
4.88,4.88,0,-4.88,0,0,0,87.84,24.4,14.64,58.56,19.52
9.76,4.88,-4.88,-4.88,4.88,0,0,87.84,19.52,14.64,58.56,14.64
0,0,0,0,0,0,0,87.84,19.52,14.64,58.56,14.64
-4.88,9.76,14.64,0,-9.76,9.76,4.88,82.96,24.4,24.4,58.56,14.64
-4.88,14.64,19.52,-4.88,-14.64,14.64,4.88,87.84,24.4,24.4,58.56,14.64
0,39.04,39.04,-19.52,-19.52,39.04,-9.76,68.32,9.76,9.76,34.16,0
0,43.92,43.92,-19.52,-24.4,43.92,-9.76,73.2,9.76,14.64,34.16,0
0,39.04,39.04,-19.52,-19.52,39.04,-14.64,53.68,4.88,4.88,29.28,-14.64
-4.88,34.16,39.04,-14.64,-24.4,34.16,-9.76,63.44,9.76,4.88,29.28,-19.52
0,43.92,43.92,-19.52,-24.4,43.92,-4.88,63.44,9.76,14.64,29.28,-24.4
0,9.76,9.76,-4.88,-4.88,9.76,4.88,68.32,14.64,19.52,39.04,-24.4
4.88,9.76,4.88,-4.88,0,4.88,9.76,68.32,19.52,24.4,43.92,-19.52
4.88,9.76,4.88,-4.88,0,4.88,4.88,68.32,19.52,24.4,39.04,-14.64
0,9.76,9.76,-4.88,-4.88,9.76,0,68.32,14.64,19.52,39.04,-24.4
0,19.52,19.52,-9.76,-9.76,19.52,4.88,68.32,19.52,24.4,39.04,-14.64
0,43.92,43.92,-19.52,-24.4,43.92,-9.76,48.8,9.76,19.52,24.4,-34.16
-4.88,43.92,48.8,-19.52,-29.28,43.92,-9.76,43.92,9.76,14.64,14.64,-39.04
-9.76,39.04,48.8,-14.64,-29.28,43.92,0,48.8,0,9.76,19.52,-43.92
-14.64,29.28,43.92,-4.88,-29.28,34.16,-4.88,43.92,0,9.76,14.64,-53.68
-9.76,34.16,43.92,-9.76,-29.28,39.04,-9.76,43.92,0,9.76,14.64,-58.56
-14.64,0,14.64,9.76,-14.64,4.88,4.88,58.56,14.64,19.52,29.28,-53.68
-19.52,-14.64,4.88,19.52,-14.64,-4.88,4.88,48.8,9.76,19.52,24.4,-58.56
-14.64,-4.88,9.76,9.76,-14.64,0,4.88,43.92,19.52,29.28,24.4,-58.56
-14.64,-4.88,9.76,9.76,-14.64,0,9.76,48.8,9.76,24.4,29.28,-58.56
-14.64,0,14.64,9.76,-14.64,4.88,9.76,48.8,9.76,24.4,24.4,-53.68
-14.64,39.04,53.68,-9.76,-34.16,43.92,0,34.16,0,9.76,14.64,-63.44
-14.64,34.16,48.8,-9.76,-34.16,39.04,-9.76,24.4,-9.76,4.88,4.88,-73.2
-14.64,29.28,43.92,-4.88,-29.28,34.16,-4.88,29.28,0,4.88,4.88,-82.96
-24.4,19.52,43.92,4.88,-34.16,29.28,-9.76,29.28,0,0,0,-82.96
-24.4,19.52,43.92,4.88,-34.16,29.28,-9.76,24.4,-4.88,4.88,4.88,-92.72
-14.64,-9.76,4.88,14.64,-9.76,-4.88,-4.88,24.4,0,14.64,14.64,-82.96
-24.4,-19.52,4.88,24.4,-14.64,-9.76,0,24.4,9.76,14.64,14.64,-82.96
-29.28,-19.52,9.76,24.4,-19.52,-4.88,4.88,24.4,4.88,14.64,4.88,-78.08
-24.4,-14.64,9.76,19.52,-19.52,-4.88,9.76,24.4,0,14.64,9.76,-82.96
-24.4,-9.76,14.64,19.52,-19.52,0,4.88,14.64,-4.88,9.76,4.88,-82.96
-14.64,24.4,39.04,-4.88,-29.28,29.28,-4.88,4.88,-9.76,0,-4.88,-87.84
-19.52,29.28,48.8,-4.88,-34.16,39.04,-9.76,0,-14.64,0,-9.76,-92.72
-29.28,19.52,48.8,4.88,-39.04,34.16,-14.64,0,-14.64,-4.88,-9.76,-107.36
-19.52,19.52,39.04,0,-29.28,29.28,-19.52,4.88,-14.64,-4.88,-14.64,-107.36
-14.64,19.52,34.16,0,-24.4,24.4,-24.4,-9.76,-19.52,-9.76,-14.64,-112.24
-19.52,-14.64,4.88,19.52,-14.64,-4.88,-9.76,4.88,-9.76,9.76,-4.88,-102.48
-29.28,-24.4,4.88,29.28,-19.52,-9.76,-9.76,4.88,-4.88,4.88,0,-117.12
-39.04,-24.4,14.64,34.16,-29.28,-4.88,-14.64,4.88,-14.64,4.88,-4.88,-112.24
-29.28,-19.52,9.76,24.4,-19.52,-4.88,-14.64,-9.76,-19.52,0,-4.88,-112.24
-24.4,-14.64,9.76,19.52,-19.52,-4.88,-19.52,-14.64,-19.52,-9.76,-14.64,-112.24
-24.4,14.64,39.04,4.88,-34.16,24.4,-29.28,-24.4,-29.28,-19.52,-24.4,-117.12
-19.52,24.4,43.92,0,-34.16,34.16,-29.28,-29.28,-34.16,-14.64,-29.28,-117.12
-29.28,14.64,43.92,9.76,-39.04,29.28,-24.4,-24.4,-29.28,-19.52,-24.4,-131.76
-24.4,9.76,34.16,9.76,-29.28,19.52,-29.28,-29.28,-29.28,-19.52,-34.16,-131.76
-14.64,14.64,29.28,0,-24.4,19.52,-29.28,-34.16,-34.16,-14.64,-29.28,-141.52
-19.52,-24.4,-4.88,24.4,-9.76,-14.64,-24.4,-24.4,-29.28,-14.64,-24.4,-141.52
-24.4,-34.16,-9.76,29.28,-9.76,-24.4,-19.52,-19.52,-19.52,-9.76,-24.4,-136.64
-24.4,-29.28,-4.88,29.28,-9.76,-19.52,-29.28,-29.28,-34.16,-19.52,-34.16,-136.64
-34.16,-34.16,0,34.16,-19.52,-19.52,-19.52,-29.28,-29.28,-9.76,-29.28,-131.76
-29.28,-24.4,4.88,29.28,-19.52,-9.76,-24.4,-39.04,-34.16,-24.4,-39.04,-131.76
-43.92,0,43.92,24.4,-43.92,19.52,-34.16,-43.92,-39.04,-29.28,-43.92,-136.64
-39.04,-4.88,34.16,24.4,-39.04,14.64,-34.16,-48.8,-48.8,-24.4,-43.92,-136.64
-39.04,-4.88,34.16,24.4,-39.04,14.64,-29.28,-48.8,-43.92,-24.4,-48.8,-141.52
-43.92,0,43.92,24.4,-43.92,19.52,-39.04,-48.8,-48.8,-29.28,-48.8,-151.28
-29.28,9.76,39.04,9.76,-34.16,24.4,-43.92,-63.44,-48.8,-34.16,-53.68,-161.04
-29.28,-24.4,4.88,29.28,-19.52,-9.76,-39.04,-53.68,-48.8,-34.16,-43.92,-156.16
-34.16,-34.16,0,34.16,-19.52,-19.52,-29.28,-53.68,-48.8,-29.28,-43.92,-156.16
-34.16,-34.16,0,34.16,-19.52,-19.52,-34.16,-53.68,-48.8,-29.28,-48.8,-146.4
-39.04,-43.92,-4.88,43.92,-19.52,-24.4,-34.16,-53.68,-48.8,-29.28,-53.68,-151.28
-29.28,-34.16,-4.88,34.16,-14.64,-19.52,-43.92,-68.32,-53.68,-39.04,-63.44,-156.16
-34.16,-4.88,29.28,19.52,-34.16,9.76,-63.44,-82.96,-63.44,-53.68,-73.2,-165.92
-34.16,-4.88,29.28,19.52,-34.16,9.76,-63.44,-87.84,-73.2,-58.56,-82.96,-161.04
-34.16,-4.88,29.28,19.52,-34.16,9.76,-58.56,-82.96,-73.2,-53.68,-78.08,-161.04
-29.28,-4.88,24.4,19.52,-29.28,9.76,-63.44,-82.96,-73.2,-58.56,-82.96,-156.16
-29.28,-4.88,24.4,19.52,-29.28,9.76,-63.44,-82.96,-68.32,-58.56,-82.96,-156.16
-24.4,-34.16,-9.76,29.28,-9.76,-24.4,-48.8,-68.32,-58.56,-48.8,-63.44,-141.52
-29.28,-43.92,-14.64,39.04,-9.76,-29.28,-48.8,-73.2,-63.44,-53.68,-68.32,-141.52
-24.4,-39.04,-14.64,34.16,-4.88,-29.28,-48.8,-73.2,-73.2,-58.56,-73.2,-136.64
-19.52,-39.04,-19.52,29.28,0,-29.28,-43.92,-73.2,-73.2,-58.56,-73.2,-126.88
-24.4,-39.04,-14.64,34.16,-4.88,-29.28,-58.56,-82.96,-82.96,-73.2,-87.84,-126.88
-24.4,-9.76,14.64,19.52,-19.52,0,-73.2,-92.72,-92.72,-78.08,-92.72,-131.76
-24.4,-24.4,0,24.4,-14.64,-14.64,-78.08,-87.84,-92.72,-73.2,-82.96,-117.12
-19.52,-43.92,-24.4,34.16,0,-34.16,-82.96,-97.6,-92.72,-73.2,-73.2,-112.24
-9.76,-58.56,-48.8,34.16,19.52,-53.68,-82.96,-92.72,-82.96,-63.44,-48.8,-97.6
-14.64,-73.2,-58.56,43.92,19.52,-68.32,-73.2,-78.08,-68.32,-48.8,-43.92,-92.72
-4.88,-102.48,-97.6,53.68,43.92,-102.48,-34.16,-39.04,-34.16,-24.4,-34.16,-87.84
-4.88,-102.48,-97.6,53.68,43.92,-102.48,0,9.76,4.88,0,-24.4,-87.84
-9.76,-78.08,-68.32,43.92,29.28,-73.2,34.16,68.32,63.44,43.92,-9.76,-73.2
4.88,-43.92,-48.8,19.52,24.4,-48.8,78.08,146.4,126.88,117.12,39.04,-19.52
29.28,4.88,-24.4,-14.64,24.4,-9.76,146.4,253.76,244,224.48,136.64,87.84
58.56,92.72,34.16,-73.2,9.76,63.44,200.08,351.36,346.48,351.36,234.24,200.08
82.96,200.08,117.12,-141.52,-19.52,156.16,248.88,444.08,448.96,473.36,341.6,336.72
92.72,283.04,190.32,-185.44,-48.8,234.24,292.8,512.4,527.04,566.08,424.56,429.44
102.48,385.52,283.04,-244,-92.72,331.84,336.72,551.44,566.08,610,468.48,488
122,483.12,361.12,-302.56,-122,419.68,336.72,522.16,536.8,590.48,478.24,531.92
112.24,468.48,356.24,-287.92,-122,409.92,292.8,414.8,429.44,492.88,419.68,512.4
82.96,434.32,351.36,-258.64,-136.64,390.4,195.2,244,224.48,268.4,244,380.64
39.04,380.64,341.6,-209.84,-151.28,361.12,97.6,53.68,-24.4,-29.28,-14.64,170.8
0,268.4,268.4,-131.76,-136.64,268.4,34.16,-73.2,-195.2,-244,-214.72,-14.64
-39.04,175.68,214.72,-68.32,-126.88,195.2,-9.76,-161.04,-312.32,-390.4,-356.24,-175.68
-82.96,141.52,224.48,-29.28,-156.16,180.56,-82.96,-273.28,-434.32,-527.04,-478.24,-307.44
-107.36,68.32,175.68,19.52,-141.52,122,-156.16,-366,-502.64,-590.48,-522.16,-356.24
-122,24.4,146.4,48.8,-136.64,82.96,-190.32,-380.64,-497.76,-575.84,-512.4,-375.76
-126.88,0,126.88,63.44,-126.88,63.44,-229.36,-370.88,-478.24,-536.8,-468.48,-366
-102.48,-14.64,87.84,58.56,-97.6,34.16,-258.64,-361.12,-448.96,-502.64,-424.56,-322.08
-92.72,-43.92,48.8,68.32,-73.2,0,-244,-297.68,-375.76,-414.8,-346.48,-248.88
-87.84,-34.16,53.68,63.44,-73.2,9.76,-209.84,-224.48,-287.92,-326.96,-292.8,-214.72
-63.44,4.88,68.32,29.28,-68.32,34.16,-185.44,-151.28,-204.96,-244,-219.6,-151.28
-34.16,34.16,68.32,0,-53.68,48.8,-151.28,-102.48,-151.28,-180.56,-170.8,-97.6
-9.76,58.56,68.32,-24.4,-39.04,63.44,-117.12,-73.2,-107.36,-141.52,-131.76,-58.56
-4.88,82.96,87.84,-39.04,-48.8,82.96,-151.28,-102.48,-131.76,-146.4,-117.12,-48.8
-24.4,43.92,68.32,-9.76,-48.8,53.68,-165.92,-102.48,-136.64,-151.28,-117.12,-34.16
-19.52,9.76,29.28,4.88,-24.4,19.52,-151.28,-92.72,-126.88,-136.64,-112.24,-39.04
-19.52,-14.64,4.88,19.52,-14.64,-4.88,-146.4,-92.72,-117.12,-141.52,-117.12,-29.28
-19.52,-34.16,-14.64,29.28,-4.88,-24.4,-131.76,-73.2,-112.24,-136.64,-92.72,-29.28
-14.64,-82.96,-68.32,48.8,24.4,-78.08,-107.36,-58.56,-107.36,-131.76,-87.84,-14.64
-19.52,-107.36,-87.84,63.44,34.16,-97.6,-112.24,-48.8,-97.6,-122,-82.96,-9.76
-14.64,-107.36,-92.72,63.44,39.04,-102.48,-102.48,-43.92,-87.84,-122,-73.2,0
4.88,-102.48,-107.36,48.8,53.68,-107.36,-87.84,-34.16,-78.08,-112.24,-68.32,14.64
14.64,-102.48,-117.12,43.92,63.44,-112.24,-92.72,-29.28,-73.2,-112.24,-58.56,48.8
0,-78.08,-78.08,39.04,39.04,-78.08,-102.48,-39.04,-63.44,-112.24,-68.32,24.4
-4.88,-87.84,-82.96,48.8,39.04,-87.84,-97.6,-43.92,-78.08,-126.88,-73.2,43.92
4.88,-87.84,-92.72,43.92,48.8,-92.72,-92.72,-29.28,-78.08,-131.76,-73.2,43.92
9.76,-87.84,-97.6,39.04,53.68,-92.72,-97.6,-24.4,-73.2,-131.76,-68.32,43.92
0,-92.72,-92.72,48.8,43.92,-92.72,-97.6,-19.52,-68.32,-122,-48.8,53.68
4.88,-126.88,-131.76,63.44,68.32,-131.76,-73.2,4.88,-43.92,-97.6,-29.28,78.08
0,-136.64,-136.64,68.32,68.32,-136.64,-82.96,0,-34.16,-97.6,-29.28,68.32
4.88,-136.64,-141.52,68.32,73.2,-141.52,-78.08,-14.64,-43.92,-97.6,-29.28,82.96
4.88,-131.76,-136.64,63.44,68.32,-136.64,-63.44,-14.64,-29.28,-92.72,-19.52,102.48
4.88,-136.64,-141.52,68.32,73.2,-141.52,-68.32,-9.76,-14.64,-87.84,-19.52,102.48
9.76,-107.36,-117.12,48.8,63.44,-112.24,-78.08,9.76,-24.4,-92.72,-24.4,87.84
9.76,-92.72,-102.48,43.92,53.68,-97.6,-63.44,24.4,-34.16,-92.72,-14.64,107.36
9.76,-97.6,-107.36,43.92,58.56,-102.48,-58.56,24.4,-24.4,-87.84,-19.52,107.36
14.64,-97.6,-112.24,43.92,63.44,-107.36,-58.56,34.16,-14.64,-78.08,-4.88,102.48
4.88,-97.6,-102.48,48.8,53.68,-102.48,-53.68,29.28,-4.88,-68.32,0,112.24
4.88,-126.88,-131.76,63.44,68.32,-131.76,-24.4,39.04,4.88,-53.68,14.64,131.76
4.88,-126.88,-131.76,63.44,68.32,-131.76,-24.4,43.92,19.52,-43.92,24.4,126.88
0,-126.88,-126.88,63.44,63.44,-126.88,-9.76,48.8,24.4,-34.16,34.16,136.64
9.76,-107.36,-117.12,48.8,63.44,-112.24,-4.88,43.92,24.4,-39.04,29.28,151.28
14.64,-107.36,-122,48.8,68.32,-117.12,4.88,48.8,29.28,-34.16,29.28,156.16
4.88,-73.2,-78.08,34.16,39.04,-78.08,-4.88,39.04,34.16,-39.04,29.28,146.4
9.76,-53.68,-63.44,24.4,34.16,-58.56,4.88,34.16,39.04,-39.04,29.28,151.28
4.88,-53.68,-58.56,24.4,29.28,-58.56,14.64,39.04,48.8,-34.16,34.16,151.28
9.76,-53.68,-63.44,24.4,34.16,-58.56,29.28,43.92,63.44,-14.64,43.92,146.4
14.64,-43.92,-58.56,14.64,34.16,-53.68,43.92,43.92,68.32,-14.64,48.8,156.16
9.76,-78.08,-87.84,34.16,48.8,-82.96,68.32,58.56,78.08,4.88,63.44,180.56
14.64,-82.96,-97.6,34.16,53.68,-92.72,73.2,63.44,87.84,9.76,73.2,170.8
24.4,-68.32,-92.72,24.4,58.56,-82.96,78.08,53.68,87.84,9.76,73.2,180.56
14.64,-58.56,-73.2,24.4,43.92,-68.32,73.2,58.56,87.84,0,68.32,185.44
24.4,-58.56,-82.96,19.52,53.68,-73.2,78.08,53.68,87.84,0,68.32,185.44
14.64,-29.28,-43.92,9.76,29.28,-39.04,68.32,39.04,78.08,-14.64,53.68,165.92
14.64,-19.52,-34.16,4.88,24.4,-29.28,73.2,39.04,78.08,-14.64,58.56,180.56
19.52,-9.76,-29.28,-4.88,24.4,-19.52,82.96,43.92,82.96,-9.76,68.32,175.68
14.64,-14.64,-29.28,0,19.52,-24.4,82.96,43.92,87.84,-4.88,63.44,170.8
24.4,-9.76,-34.16,-4.88,29.28,-24.4,82.96,43.92,92.72,-4.88,73.2,175.68
24.4,-29.28,-53.68,4.88,39.04,-43.92,102.48,53.68,97.6,9.76,82.96,190.32
19.52,-39.04,-58.56,9.76,39.04,-48.8,102.48,58.56,107.36,14.64,87.84,185.44
24.4,-29.28,-53.68,4.88,39.04,-43.92,107.36,58.56,112.24,24.4,97.6,200.08
29.28,-19.52,-48.8,-4.88,39.04,-34.16,112.24,58.56,112.24,14.64,92.72,200.08
29.28,-19.52,-48.8,-4.88,39.04,-34.16,112.24,63.44,112.24,14.64,92.72,209.84
24.4,14.64,-9.76,-19.52,14.64,0,102.48,53.68,102.48,4.88,82.96,190.32
9.76,19.52,9.76,-14.64,0,14.64,102.48,53.68,92.72,0,87.84,204.96
19.52,29.28,9.76,-24.4,4.88,19.52,107.36,58.56,92.72,4.88,92.72,200.08
24.4,24.4,0,-24.4,9.76,9.76,102.48,63.44,97.6,9.76,97.6,190.32
19.52,24.4,4.88,-19.52,4.88,14.64,97.6,63.44,97.6,14.64,102.48,190.32
19.52,0,-19.52,-9.76,19.52,-9.76,122,78.08,117.12,34.16,122,214.72
24.4,0,-24.4,-9.76,24.4,-14.64,126.88,87.84,122,43.92,126.88,204.96
24.4,9.76,-14.64,-14.64,19.52,-4.88,126.88,87.84,122,43.92,126.88,209.84
34.16,19.52,-14.64,-24.4,24.4,0,136.64,87.84,131.76,43.92,131.76,219.6
29.28,14.64,-14.64,-19.52,19.52,0,136.64,92.72,131.76,43.92,122,219.6
29.28,58.56,29.28,-43.92,0,43.92,126.88,82.96,122,29.28,112.24,200.08
19.52,68.32,48.8,-43.92,-14.64,58.56,122,82.96,131.76,29.28,112.24,209.84
19.52,78.08,58.56,-48.8,-19.52,68.32,122,78.08,126.88,24.4,102.48,200.08
19.52,73.2,53.68,-43.92,-19.52,63.44,126.88,97.6,122,34.16,107.36,200.08
14.64,68.32,53.68,-39.04,-19.52,58.56,122,102.48,126.88,34.16,112.24,204.96
19.52,43.92,24.4,-29.28,-4.88,34.16,136.64,102.48,136.64,43.92,112.24,209.84
19.52,43.92,24.4,-29.28,-4.88,34.16,146.4,117.12,141.52,48.8,102.48,209.84
14.64,53.68,39.04,-34.16,-14.64,43.92,141.52,122,126.88,43.92,102.48,204.96
24.4,58.56,34.16,-39.04,-4.88,43.92,136.64,117.12,136.64,39.04,107.36,200.08
24.4,58.56,34.16,-39.04,-4.88,43.92,141.52,112.24,126.88,29.28,107.36,204.96
19.52,87.84,68.32,-53.68,-24.4,78.08,122,92.72,112.24,19.52,92.72,185.44
19.52,102.48,82.96,-58.56,-34.16,92.72,131.76,92.72,107.36,19.52,87.84,185.44
19.52,92.72,73.2,-53.68,-29.28,82.96,131.76,92.72,102.48,9.76,73.2,180.56
19.52,87.84,68.32,-53.68,-24.4,78.08,122,87.84,102.48,14.64,73.2,161.04
19.52,87.84,68.32,-53.68,-24.4,78.08,117.12,73.2,107.36,14.64,78.08,161.04
9.76,48.8,39.04,-29.28,-14.64,43.92,131.76,82.96,97.6,14.64,78.08,170.8
9.76,43.92,34.16,-24.4,-14.64,39.04,112.24,78.08,97.6,4.88,68.32,151.28
9.76,48.8,39.04,-29.28,-14.64,43.92,122,82.96,97.6,9.76,63.44,165.92
14.64,48.8,34.16,-29.28,-9.76,39.04,126.88,82.96,78.08,-9.76,58.56,156.16
14.64,53.68,39.04,-34.16,-14.64,43.92,126.88,92.72,87.84,-4.88,58.56,156.16
9.76,87.84,78.08,-48.8,-34.16,82.96,102.48,68.32,73.2,-14.64,39.04,136.64
9.76,92.72,82.96,-48.8,-39.04,87.84,107.36,63.44,78.08,-19.52,43.92,136.64
9.76,87.84,78.08,-48.8,-34.16,82.96,107.36,73.2,87.84,-14.64,39.04,131.76
0,78.08,78.08,-39.04,-39.04,78.08,107.36,68.32,82.96,-14.64,29.28,107.36
4.88,82.96,78.08,-43.92,-39.04,78.08,107.36,63.44,68.32,-14.64,34.16,107.36
0,43.92,43.92,-19.52,-24.4,43.92,122,68.32,63.44,-9.76,39.04,117.12
-4.88,34.16,39.04,-14.64,-24.4,34.16,122,73.2,63.44,-9.76,43.92,117.12
0,48.8,48.8,-24.4,-24.4,48.8,107.36,68.32,58.56,-9.76,39.04,112.24
0,39.04,39.04,-19.52,-19.52,39.04,107.36,68.32,58.56,-14.64,43.92,107.36
-4.88,39.04,43.92,-14.64,-24.4,39.04,107.36,63.44,58.56,-14.64,43.92,97.6
4.88,73.2,68.32,-39.04,-34.16,68.32,92.72,53.68,48.8,-29.28,29.28,87.84
0,78.08,78.08,-39.04,-39.04,78.08,87.84,48.8,48.8,-24.4,29.28,82.96
0,78.08,78.08,-39.04,-39.04,78.08,87.84,48.8,43.92,-29.28,29.28,87.84
-4.88,73.2,78.08,-34.16,-43.92,73.2,87.84,48.8,48.8,-24.4,29.28,78.08
0,73.2,73.2,-34.16,-39.04,73.2,92.72,48.8,48.8,-14.64,39.04,78.08
-4.88,48.8,53.68,-19.52,-29.28,48.8,102.48,48.8,58.56,0,48.8,87.84
-4.88,34.16,39.04,-14.64,-24.4,34.16,102.48,48.8,82.96,0,43.92,87.84
0,43.92,43.92,-19.52,-24.4,43.92,97.6,58.56,78.08,4.88,43.92,87.84
0,43.92,43.92,-19.52,-24.4,43.92,102.48,48.8,48.8,-9.76,34.16,68.32
-14.64,39.04,53.68,-9.76,-34.16,43.92,97.6,53.68,43.92,-24.4,14.64,63.44
-4.88,68.32,73.2,-29.28,-39.04,68.32,87.84,43.92,53.68,-19.52,29.28,58.56
-9.76,82.96,92.72,-34.16,-53.68,87.84,97.6,43.92,53.68,-14.64,24.4,53.68
0,82.96,82.96,-39.04,-43.92,82.96,92.72,43.92,53.68,-9.76,24.4,48.8
-4.88,78.08,82.96,-34.16,-43.92,78.08,102.48,53.68,58.56,-4.88,29.28,53.68
-4.88,68.32,73.2,-29.28,-39.04,68.32,107.36,48.8,58.56,-4.88,29.28,48.8
-4.88,43.92,48.8,-19.52,-29.28,43.92,117.12,53.68,63.44,4.88,39.04,53.68
4.88,39.04,34.16,-19.52,-14.64,34.16,122,68.32,68.32,4.88,39.04,63.44
-4.88,39.04,43.92,-14.64,-24.4,39.04,112.24,63.44,68.32,4.88,39.04,53.68
0,43.92,43.92,-19.52,-24.4,43.92,102.48,53.68,58.56,0,29.28,43.92
-9.76,39.04,48.8,-14.64,-29.28,43.92,107.36,53.68,58.56,-4.88,19.52,53.68
-14.64,68.32,82.96,-24.4,-48.8,73.2,97.6,39.04,48.8,-19.52,14.64,48.8
-9.76,82.96,92.72,-34.16,-53.68,87.84,92.72,39.04,48.8,-9.76,14.64,48.8
-4.88,73.2,78.08,-34.16,-43.92,73.2,87.84,34.16,39.04,-14.64,4.88,48.8
-4.88,78.08,82.96,-34.16,-43.92,78.08,92.72,39.04,48.8,-9.76,19.52,48.8
-9.76,73.2,82.96,-29.28,-48.8,78.08,92.72,39.04,53.68,-4.88,24.4,39.04
-9.76,39.04,48.8,-14.64,-29.28,43.92,107.36,43.92,58.56,4.88,24.4,48.8
-4.88,34.16,39.04,-14.64,-24.4,34.16,107.36,53.68,63.44,9.76,24.4,58.56
-4.88,34.16,39.04,-14.64,-24.4,34.16,97.6,53.68,53.68,4.88,19.52,43.92
-4.88,34.16,39.04,-14.64,-24.4,34.16,97.6,48.8,53.68,0,14.64,39.04
-4.88,34.16,39.04,-14.64,-24.4,34.16,97.6,48.8,58.56,4.88,19.52,39.04
-9.76,58.56,68.32,-24.4,-39.04,63.44,87.84,34.16,53.68,-4.88,4.88,19.52
-4.88,68.32,73.2,-29.28,-39.04,68.32,87.84,29.28,48.8,-14.64,0,9.76
-9.76,63.44,73.2,-24.4,-43.92,68.32,87.84,34.16,63.44,-9.76,4.88,4.88
-19.52,48.8,68.32,-14.64,-43.92,58.56,92.72,34.16,63.44,-4.88,9.76,-4.88
-9.76,58.56,68.32,-24.4,-39.04,63.44,92.72,29.28,63.44,0,19.52,-9.76
-9.76,29.28,39.04,-9.76,-24.4,34.16,97.6,39.04,82.96,9.76,34.16,4.88
-4.88,24.4,29.28,-9.76,-19.52,24.4,97.6,43.92,78.08,19.52,34.16,4.88
-4.88,19.52,24.4,-4.88,-14.64,19.52,102.48,43.92,63.44,14.64,34.16,0
-14.64,19.52,34.16,0,-24.4,24.4,97.6,34.16,63.44,9.76,29.28,-14.64
-9.76,19.52,29.28,-4.88,-19.52,24.4,97.6,39.04,68.32,9.76,24.4,-19.52
-9.76,43.92,53.68,-14.64,-34.16,48.8,87.84,29.28,58.56,0,19.52,-29.28
-14.64,53.68,68.32,-19.52,-43.92,58.56,78.08,14.64,39.04,-14.64,9.76,-48.8
-9.76,53.68,63.44,-19.52,-39.04,58.56,87.84,19.52,43.92,-9.76,9.76,-53.68
-14.64,34.16,48.8,-9.76,-34.16,39.04,82.96,24.4,43.92,-14.64,4.88,-58.56
-14.64,34.16,48.8,-9.76,-34.16,39.04,73.2,24.4,48.8,-4.88,9.76,-68.32
-4.88,9.76,14.64,0,-9.76,9.76,82.96,34.16,58.56,4.88,19.52,-53.68
-4.88,0,4.88,4.88,-4.88,0,82.96,34.16,53.68,4.88,19.52,-63.44
-4.88,4.88,9.76,0,-9.76,4.88,87.84,34.16,53.68,4.88,24.4,-68.32
-4.88,9.76,14.64,0,-9.76,9.76,82.96,29.28,53.68,0,24.4,-73.2
-9.76,4.88,14.64,4.88,-14.64,9.76,78.08,29.28,48.8,-4.88,14.64,-73.2
-4.88,39.04,43.92,-14.64,-24.4,39.04,68.32,19.52,39.04,-9.76,4.88,-82.96
-9.76,39.04,48.8,-14.64,-29.28,43.92,63.44,9.76,34.16,-19.52,0,-92.72
-9.76,34.16,43.92,-9.76,-29.28,39.04,53.68,4.88,29.28,-24.4,0,-107.36
-9.76,24.4,34.16,-4.88,-24.4,29.28,53.68,9.76,29.28,-24.4,0,-107.36
-14.64,24.4,39.04,-4.88,-29.28,29.28,39.04,0,24.4,-29.28,-4.88,-122
-9.76,0,9.76,4.88,-9.76,4.88,68.32,14.64,34.16,-14.64,9.76,-102.48
-14.64,-14.64,0,14.64,-9.76,-9.76,68.32,19.52,39.04,-9.76,14.64,-102.48
-14.64,-4.88,9.76,9.76,-14.64,0,63.44,14.64,34.16,-19.52,4.88,-112.24
0,0,0,0,0,0,68.32,9.76,39.04,-9.76,4.88,-112.24
-9.76,-4.88,4.88,9.76,-9.76,0,58.56,4.88,34.16,-14.64,4.88,-117.12
-4.88,29.28,34.16,-9.76,-19.52,29.28,34.16,0,9.76,-34.16,-14.64,-131.76
-4.88,34.16,39.04,-14.64,-24.4,34.16,39.04,9.76,14.64,-34.16,-4.88,-126.88
-9.76,24.4,34.16,-4.88,-24.4,29.28,43.92,4.88,14.64,-29.28,-19.52,-131.76
-9.76,19.52,29.28,-4.88,-19.52,24.4,24.4,-9.76,14.64,-29.28,-14.64,-126.88
-14.64,19.52,34.16,0,-24.4,24.4,34.16,-14.64,4.88,-34.16,-19.52,-136.64
-19.52,-14.64,4.88,19.52,-14.64,-4.88,43.92,0,9.76,-34.16,-9.76,-131.76
-9.76,-19.52,-9.76,14.64,0,-14.64,48.8,9.76,14.64,-24.4,-9.76,-131.76
-14.64,-24.4,-9.76,19.52,-4.88,-19.52,43.92,0,9.76,-34.16,-14.64,-126.88
-14.64,-19.52,-4.88,19.52,-4.88,-14.64,39.04,-14.64,4.88,-34.16,-19.52,-131.76
-9.76,-14.64,-4.88,14.64,-4.88,-9.76,39.04,-9.76,4.88,-29.28,-9.76,-126.88
-14.64,14.64,29.28,0,-24.4,19.52,9.76,-29.28,0,-48.8,-29.28,-136.64
-4.88,34.16,39.04,-14.64,-24.4,34.16,9.76,-24.4,0,-39.04,-24.4,-131.76
-14.64,14.64,29.28,0,-24.4,19.52,19.52,-19.52,-19.52,-48.8,-29.28,-141.52
-19.52,4.88,24.4,9.76,-24.4,14.64,19.52,-24.4,-29.28,-58.56,-43.92,-141.52
-14.64,19.52,34.16,0,-24.4,24.4,14.64,-29.28,-39.04,-63.44,-43.92,-146.4
-24.4,-24.4,0,24.4,-14.64,-14.64,19.52,-14.64,-24.4,-58.56,-39.04,-151.28
-19.52,-39.04,-19.52,29.28,0,-29.28,14.64,-14.64,-9.76,-48.8,-34.16,-141.52
-14.64,-39.04,-24.4,29.28,4.88,-34.16,4.88,-14.64,-4.88,-39.04,-19.52,-126.88
-19.52,-39.04,-19.52,29.28,0,-29.28,0,-24.4,0,-48.8,-29.28,-146.4
-14.64,-34.16,-19.52,24.4,0,-29.28,9.76,-14.64,-14.64,-48.8,-29.28,-141.52
-14.64,-9.76,4.88,14.64,-9.76,-4.88,4.88,-29.28,-43.92,-68.32,-34.16,-136.64
-19.52,0,19.52,9.76,-19.52,9.76,-9.76,-39.04,-48.8,-78.08,-39.04,-146.4
-9.76,0,9.76,4.88,-9.76,4.88,-14.64,-29.28,-29.28,-68.32,-29.28,-141.52
-14.64,-4.88,9.76,9.76,-14.64,0,-14.64,-34.16,-29.28,-63.44,-34.16,-136.64
-9.76,4.88,14.64,4.88,-14.64,9.76,-29.28,-48.8,-48.8,-78.08,-48.8,-151.28
-4.88,-29.28,-24.4,19.52,9.76,-29.28,-14.64,-39.04,-34.16,-58.56,-19.52,-122
-14.64,-53.68,-39.04,34.16,9.76,-48.8,-14.64,-34.16,-34.16,-58.56,-19.52,-122
-14.64,-43.92,-29.28,29.28,4.88,-39.04,-19.52,-34.16,-34.16,-58.56,-19.52,-122
-19.52,-48.8,-29.28,34.16,4.88,-39.04,-29.28,-39.04,-39.04,-68.32,-19.52,-122
-24.4,-53.68,-29.28,39.04,0,-43.92,-34.16,-43.92,-39.04,-63.44,-24.4,-122
-14.64,-14.64,0,14.64,-9.76,-9.76,-39.04,-63.44,-48.8,-78.08,-34.16,-151.28
-19.52,-9.76,9.76,14.64,-14.64,0,-39.04,-73.2,-48.8,-87.84,-39.04,-151.28
-4.88,-14.64,-9.76,9.76,0,-14.64,-43.92,-68.32,-48.8,-82.96,-34.16,-141.52
-9.76,-14.64,-4.88,14.64,-4.88,-9.76,-43.92,-58.56,-53.68,-82.96,-29.28,-146.4
-9.76,-14.64,-4.88,14.64,-4.88,-9.76,-53.68,-63.44,-63.44,-82.96,-34.16,-131.76
-9.76,-48.8,-39.04,29.28,14.64,-43.92,-29.28,-58.56,-53.68,-73.2,-24.4,-131.76
-14.64,-58.56,-43.92,39.04,14.64,-53.68,-24.4,-58.56,-48.8,-68.32,-24.4,-131.76
-19.52,-58.56,-39.04,39.04,9.76,-48.8,-29.28,-58.56,-48.8,-68.32,-24.4,-122
-14.64,-53.68,-39.04,34.16,9.76,-48.8,-39.04,-58.56,-58.56,-73.2,-34.16,-126.88
-19.52,-63.44,-43.92,43.92,9.76,-53.68,-39.04,-68.32,-58.56,-73.2,-34.16,-131.76
-14.64,-24.4,-9.76,19.52,-4.88,-19.52,-58.56,-87.84,-68.32,-87.84,-48.8,-131.76
-14.64,-19.52,-4.88,19.52,-4.88,-14.64,-63.44,-87.84,-68.32,-92.72,-43.92,-141.52
-24.4,-34.16,-9.76,29.28,-9.76,-24.4,-68.32,-78.08,-78.08,-97.6,-39.04,-141.52
-19.52,-39.04,-19.52,29.28,0,-29.28,-63.44,-73.2,-68.32,-87.84,-43.92,-131.76
-4.88,-43.92,-39.04,24.4,14.64,-43.92,-73.2,-87.84,-68.32,-78.08,-34.16,-117.12
0,-92.72,-92.72,48.8,43.92,-92.72,-73.2,-82.96,-34.16,-48.8,-4.88,-87.84
14.64,-112.24,-126.88,48.8,68.32,-122,-78.08,-63.44,-43.92,-39.04,19.52,-73.2
9.76,-126.88,-136.64,58.56,73.2,-131.76,-53.68,-43.92,-29.28,-34.16,19.52,-82.96
9.76,-126.88,-136.64,58.56,73.2,-131.76,0,-4.88,-4.88,-4.88,24.4,-82.96
0,-112.24,-112.24,58.56,53.68,-112.24,34.16,43.92,34.16,24.4,24.4,-87.84
9.76,-48.8,-58.56,19.52,34.16,-53.68,63.44,92.72,87.84,63.44,39.04,-87.84
24.4,0,-24.4,-9.76,24.4,-14.64,117.12,175.68,175.68,151.28,102.48,-19.52
43.92,39.04,-4.88,-39.04,24.4,14.64,204.96,297.68,302.56,287.92,219.6,102.48
68.32,112.24,43.92,-87.84,9.76,78.08,273.28,405.04,424.56,419.68,336.72,234.24
107.36,219.6,112.24,-161.04,-4.88,165.92,317.2,483.12,522.16,536.8,444.08,346.48
117.12,292.8,175.68,-204.96,-29.28,234.24,375.76,551.44,590.48,629.52,522.16,439.2
131.76,395.28,263.52,-263.52,-68.32,326.96,414.8,575.84,614.88,658.8,551.44,497.76
126.88,468.48,341.6,-297.68,-107.36,405.04,361.12,478.24,527.04,595.36,536.8,522.16
112.24,458.72,346.48,-283.04,-117.12,400.16,258.64,307.44,351.36,434.32,419.68,458.72
92.72,414.8,322.08,-253.76,-117.12,366,151.28,107.36,117.12,165.92,204.96,287.92
43.92,351.36,307.44,-195.2,-131.76,326.96,48.8,-87.84,-122,-131.76,-68.32,53.68
-4.88,239.12,244,-117.12,-126.88,239.12,-19.52,-195.2,-273.28,-317.2,-244,-131.76
-53.68,151.28,204.96,-48.8,-131.76,175.68,-58.56,-278.16,-385.52,-458.72,-385.52,-292.8
-87.84,73.2,161.04,9.76,-126.88,117.12,-151.28,-395.28,-497.76,-566.08,-473.36,-395.28
-97.6,24.4,122,39.04,-112.24,73.2,-185.44,-429.44,-512.4,-575.84,-473.36,-424.56
-102.48,-24.4,78.08,63.44,-92.72,24.4,-195.2,-405.04,-473.36,-527.04,-444.08,-429.44
-92.72,-63.44,29.28,78.08,-63.44,-19.52,-214.72,-400.16,-439.2,-478.24,-395.28,-400.16
-73.2,-63.44,9.76,68.32,-43.92,-29.28,-224.48,-370.88,-390.4,-409.92,-326.96,-341.6
-63.44,-39.04,24.4,53.68,-43.92,-9.76,-204.96,-302.56,-307.44,-322.08,-263.52,-283.04
-48.8,-9.76,39.04,29.28,-43.92,14.64,-161.04,-229.36,-214.72,-229.36,-200.08,-244
-34.16,39.04,73.2,0,-53.68,53.68,-136.64,-180.56,-165.92,-175.68,-161.04,-200.08
-34.16,48.8,82.96,-4.88,-58.56,63.44,-117.12,-146.4,-131.76,-126.88,-126.88,-165.92
-24.4,39.04,63.44,-4.88,-43.92,48.8,-107.36,-146.4,-117.12,-97.6,-102.48,-141.52
-29.28,9.76,39.04,9.76,-34.16,24.4,-107.36,-151.28,-117.12,-87.84,-82.96,-131.76
-19.52,4.88,24.4,9.76,-24.4,14.64,-112.24,-156.16,-117.12,-87.84,-82.96,-136.64
-9.76,-43.92,-34.16,29.28,9.76,-39.04,-92.72,-141.52,-87.84,-53.68,-68.32,-117.12
-9.76,-78.08,-68.32,43.92,29.28,-73.2,-78.08,-117.12,-82.96,-48.8,-48.8,-102.48
-4.88,-97.6,-92.72,53.68,43.92,-97.6,-68.32,-107.36,-78.08,-39.04,-34.16,-82.96
0,-102.48,-102.48,53.68,48.8,-102.48,-63.44,-112.24,-78.08,-34.16,-34.16,-82.96
0,-117.12,-117.12,58.56,58.56,-117.12,-68.32,-107.36,-73.2,-34.16,-39.04,-78.08
9.76,-82.96,-92.72,39.04,48.8,-87.84,-73.2,-117.12,-78.08,-34.16,-39.04,-68.32
4.88,-82.96,-87.84,39.04,43.92,-87.84,-78.08,-131.76,-73.2,-34.16,-39.04,-73.2
4.88,-97.6,-102.48,48.8,53.68,-102.48,-78.08,-126.88,-73.2,-24.4,-43.92,-73.2
9.76,-97.6,-107.36,43.92,58.56,-102.48,-73.2,-131.76,-78.08,-24.4,-39.04,-58.56
4.88,-102.48,-107.36,48.8,53.68,-107.36,-78.08,-131.76,-78.08,-29.28,-43.92,-53.68
9.76,-131.76,-141.52,63.44,73.2,-136.64,-58.56,-107.36,-68.32,-14.64,-29.28,-34.16
14.64,-151.28,-165.92,68.32,87.84,-161.04,-43.92,-92.72,-68.32,-14.64,-24.4,-24.4
0,-161.04,-161.04,82.96,78.08,-161.04,-48.8,-97.6,-68.32,-19.52,-29.28,-19.52
9.76,-156.16,-165.92,73.2,87.84,-161.04,-53.68,-102.48,-58.56,-9.76,-19.52,-14.64
9.76,-156.16,-165.92,73.2,87.84,-161.04,-34.16,-92.72,-63.44,-4.88,-9.76,0
9.76,-126.88,-136.64,58.56,73.2,-131.76,-53.68,-102.48,-73.2,-14.64,-24.4,0
14.64,-107.36,-122,48.8,68.32,-117.12,-63.44,-102.48,-58.56,-4.88,-19.52,0
9.76,-122,-131.76,58.56,68.32,-126.88,-63.44,-102.48,-58.56,0,-24.4,9.76
14.64,-112.24,-126.88,48.8,68.32,-122,-63.44,-107.36,-58.56,4.88,-14.64,19.52
19.52,-97.6,-117.12,39.04,68.32,-107.36,-58.56,-92.72,-39.04,19.52,-14.64,19.52
19.52,-136.64,-156.16,58.56,87.84,-146.4,-53.68,-82.96,-34.16,34.16,-4.88,39.04
24.4,-146.4,-170.8,63.44,97.6,-161.04,-34.16,-68.32,-34.16,43.92,4.88,53.68
14.64,-146.4,-161.04,68.32,87.84,-156.16,-29.28,-73.2,-53.68,29.28,0,58.56
19.52,-141.52,-161.04,63.44,87.84,-151.28,-29.28,-68.32,-48.8,43.92,4.88,73.2
19.52,-131.76,-151.28,58.56,82.96,-141.52,-24.4,-63.44,-39.04,53.68,9.76,82.96
14.64,-102.48,-117.12,43.92,63.44,-112.24,-48.8,-78.08,-48.8,39.04,-4.88,68.32
19.52,-82.96,-102.48,34.16,58.56,-92.72,-48.8,-78.08,-48.8,39.04,-9.76,73.2
24.4,-82.96,-107.36,29.28,63.44,-97.6,-43.92,-68.32,-43.92,48.8,-4.88,78.08
14.64,-78.08,-92.72,34.16,53.68,-87.84,-39.04,-68.32,-29.28,58.56,0,87.84
24.4,-68.32,-92.72,24.4,58.56,-82.96,-39.04,-68.32,-24.4,73.2,9.76,87.84
24.4,-97.6,-122,39.04,73.2,-112.24,-19.52,-58.56,-19.52,78.08,19.52,102.48
19.52,-97.6,-117.12,39.04,68.32,-107.36,-9.76,-58.56,-19.52,82.96,14.64,112.24
19.52,-102.48,-122,43.92,68.32,-112.24,-14.64,-68.32,-14.64,92.72,24.4,131.76
14.64,-107.36,-122,48.8,68.32,-117.12,-19.52,-68.32,-29.28,87.84,19.52,126.88
19.52,-97.6,-117.12,39.04,68.32,-107.36,-14.64,-68.32,-4.88,112.24,24.4,146.4
19.52,-58.56,-78.08,19.52,48.8,-68.32,-29.28,-78.08,-14.64,97.6,9.76,131.76
14.64,-53.68,-68.32,19.52,39.04,-63.44,-43.92,-82.96,-39.04,82.96,0,122
19.52,-43.92,-63.44,14.64,39.04,-53.68,-34.16,-78.08,-43.92,82.96,4.88,131.76
14.64,-43.92,-58.56,14.64,34.16,-53.68,-24.4,-68.32,-34.16,92.72,4.88,141.52
24.4,-29.28,-53.68,4.88,39.04,-43.92,-29.28,-78.08,-24.4,102.48,9.76,146.4
29.28,-53.68,-82.96,14.64,53.68,-68.32,-34.16,-68.32,-9.76,112.24,24.4,151.28
24.4,-63.44,-87.84,19.52,53.68,-78.08,-39.04,-63.44,-14.64,112.24,24.4,165.92
24.4,-63.44,-87.84,19.52,53.68,-78.08,-24.4,-68.32,-9.76,122,39.04,185.44
24.4,-58.56,-82.96,19.52,53.68,-73.2,-34.16,-73.2,-9.76,117.12,29.28,195.2
19.52,-63.44,-82.96,24.4,48.8,-73.2,-29.28,-63.44,-9.76,122,48.8,200.08
29.28,-19.52,-48.8,-4.88,39.04,-34.16,-39.04,-68.32,-9.76,117.12,43.92,204.96
24.4,-14.64,-39.04,-4.88,29.28,-29.28,-34.16,-68.32,-9.76,112.24,39.04,209.84
24.4,-9.76,-34.16,-4.88,29.28,-24.4,-29.28,-73.2,-19.52,112.24,29.28,204.96
34.16,-4.88,-39.04,-14.64,34.16,-24.4,-29.28,-78.08,-14.64,122,48.8,229.36
34.16,0,-34.16,-14.64,34.16,-19.52,-39.04,-73.2,-9.76,117.12,39.04,219.6
39.04,-19.52,-58.56,-9.76,48.8,-39.04,-29.28,-58.56,0,136.64,48.8,239.12
39.04,-34.16,-73.2,0,53.68,-53.68,-34.16,-53.68,9.76,151.28,68.32,253.76
39.04,-24.4,-63.44,-4.88,48.8,-43.92,-24.4,-58.56,19.52,151.28,73.2,258.64
48.8,-9.76,-58.56,-19.52,53.68,-34.16,-19.52,-73.2,14.64,146.4,58.56,268.4
43.92,-14.64,-58.56,-14.64,48.8,-39.04,-19.52,-53.68,29.28,156.16,58.56,273.28
43.92,19.52,-24.4,-29.28,34.16,-4.88,-29.28,-58.56,-4.88,136.64,34.16,273.28
39.04,29.28,-9.76,-34.16,24.4,9.76,-29.28,-73.2,-14.64,126.88,34.16,268.4
34.16,24.4,-9.76,-29.28,19.52,4.88,-29.28,-68.32,-9.76,126.88,29.28,268.4
29.28,24.4,-4.88,-24.4,14.64,9.76,-29.28,-58.56,4.88,136.64,39.04,278.16
34.16,39.04,4.88,-34.16,14.64,19.52,-34.16,-68.32,0,141.52,34.16,273.28
29.28,9.76,-19.52,-19.52,24.4,-4.88,-14.64,-53.68,29.28,161.04,53.68,297.68
39.04,9.76,-29.28,-24.4,34.16,-9.76,-9.76,-48.8,29.28,161.04,53.68,297.68
29.28,4.88,-24.4,-14.64,24.4,-9.76,-9.76,-39.04,24.4,156.16,53.68,307.44
34.16,14.64,-19.52,-24.4,24.4,-4.88,-9.76,-43.92,19.52,156.16,43.92,302.56
34.16,9.76,-24.4,-19.52,29.28,-9.76,0,-24.4,24.4,156.16,48.8,317.2
29.28,43.92,14.64,-34.16,4.88,29.28,-19.52,-29.28,-4.88,131.76,29.28,307.44
24.4,53.68,29.28,-39.04,-4.88,39.04,-24.4,-29.28,-14.64,117.12,4.88,297.68
24.4,48.8,24.4,-34.16,0,34.16,-24.4,-29.28,-14.64,117.12,4.88,287.92
19.52,39.04,19.52,-29.28,0,29.28,-29.28,-34.16,-4.88,126.88,9.76,302.56
24.4,43.92,19.52,-34.16,0,29.28,-29.28,-48.8,-14.64,122,4.88,292.8
14.64,14.64,0,-14.64,4.88,4.88,-14.64,-43.92,4.88,131.76,14.64,292.8
19.52,4.88,-14.64,-9.76,14.64,-4.88,-19.52,-43.92,0,131.76,9.76,292.8
19.52,14.64,-4.88,-14.64,9.76,4.88,-14.64,-39.04,-14.64,117.12,4.88,297.68
19.52,14.64,-4.88,-14.64,9.76,4.88,-19.52,-29.28,-14.64,117.12,0,292.8
24.4,14.64,-9.76,-19.52,14.64,0,-9.76,-34.16,-14.64,117.12,4.88,302.56
19.52,43.92,24.4,-29.28,-4.88,34.16,-34.16,-53.68,-34.16,102.48,-19.52,292.8
14.64,53.68,39.04,-34.16,-14.64,43.92,-48.8,-58.56,-34.16,92.72,-29.28,287.92
14.64,48.8,34.16,-29.28,-9.76,39.04,-48.8,-58.56,-43.92,82.96,-43.92,273.28
0,34.16,34.16,-14.64,-19.52,34.16,-53.68,-68.32,-48.8,78.08,-53.68,268.4
9.76,43.92,34.16,-24.4,-14.64,39.04,-53.68,-73.2,-43.92,82.96,-53.68,268.4
9.76,9.76,0,-9.76,4.88,4.88,-39.04,-73.2,-29.28,97.6,-43.92,278.16
0,-9.76,-9.76,4.88,4.88,-9.76,-48.8,-78.08,-39.04,97.6,-39.04,283.04
9.76,0,-9.76,-4.88,9.76,-4.88,-48.8,-68.32,-48.8,92.72,-48.8,283.04
14.64,4.88,-9.76,-9.76,9.76,-4.88,-43.92,-68.32,-53.68,82.96,-48.8,292.8
4.88,0,-4.88,0,4.88,-4.88,-34.16,-73.2,-58.56,82.96,-43.92,297.68
19.52,34.16,14.64,-24.4,0,24.4,-53.68,-92.72,-78.08,58.56,-68.32,283.04
14.64,39.04,24.4,-24.4,-4.88,29.28,-68.32,-112.24,-82.96,43.92,-82.96,273.28
14.64,39.04,24.4,-24.4,-4.88,29.28,-63.44,-102.48,-73.2,48.8,-82.96,278.16
14.64,34.16,19.52,-24.4,-4.88,24.4,-43.92,-97.6,-63.44,63.44,-73.2,283.04
9.76,29.28,19.52,-19.52,-4.88,24.4,-43.92,-117.12,-78.08,53.68,-87.84,283.04
14.64,14.64,0,-14.64,4.88,4.88,-39.04,-92.72,-58.56,63.44,-78.08,283.04
4.88,-4.88,-9.76,0,4.88,-9.76,-34.16,-82.96,-58.56,63.44,-68.32,287.92
0,-4.88,-4.88,4.88,0,-4.88,-39.04,-92.72,-63.44,63.44,-68.32,287.92
4.88,4.88,0,-4.88,0,0,-34.16,-92.72,-63.44,63.44,-68.32,287.92
4.88,-4.88,-9.76,0,4.88,-9.76,-39.04,-87.84,-63.44,58.56,-73.2,292.8
9.76,34.16,24.4,-19.52,-9.76,29.28,-48.8,-87.84,-73.2,53.68,-82.96,287.92
4.88,43.92,39.04,-24.4,-19.52,39.04,-48.8,-102.48,-78.08,48.8,-82.96,283.04
-4.88,34.16,39.04,-14.64,-24.4,34.16,-48.8,-102.48,-78.08,48.8,-92.72,268.4
0,39.04,39.04,-19.52,-19.52,39.04,-34.16,-92.72,-63.44,58.56,-82.96,278.16
0,43.92,43.92,-19.52,-24.4,43.92,-48.8,-107.36,-78.08,48.8,-102.48,263.52
0,14.64,14.64,-4.88,-9.76,14.64,-39.04,-102.48,-68.32,53.68,-92.72,278.16
0,0,0,0,0,0,-24.4,-87.84,-58.56,63.44,-82.96,278.16
-9.76,-4.88,4.88,9.76,-9.76,0,-19.52,-87.84,-63.44,63.44,-87.84,273.28
-4.88,0,4.88,4.88,-4.88,0,-19.52,-78.08,-68.32,63.44,-87.84,278.16
-4.88,-4.88,0,4.88,-4.88,-4.88,-19.52,-92.72,-63.44,68.32,-82.96,278.16
-9.76,24.4,34.16,-4.88,-24.4,29.28,-34.16,-122,-73.2,58.56,-87.84,248.88
-4.88,39.04,43.92,-14.64,-24.4,39.04,-34.16,-122,-82.96,48.8,-102.48,258.64
-4.88,39.04,43.92,-14.64,-24.4,39.04,-34.16,-112.24,-82.96,48.8,-92.72,248.88
-4.88,34.16,39.04,-14.64,-24.4,34.16,-39.04,-112.24,-78.08,53.68,-82.96,253.76
-4.88,43.92,48.8,-19.52,-29.28,43.92,-24.4,-117.12,-73.2,58.56,-87.84,244
-4.88,9.76,14.64,0,-9.76,9.76,-14.64,-117.12,-73.2,58.56,-87.84,239.12
4.88,0,-4.88,0,4.88,-4.88,-9.76,-97.6,-63.44,63.44,-73.2,239.12
-9.76,-4.88,4.88,9.76,-9.76,0,-14.64,-97.6,-78.08,53.68,-78.08,224.48
-4.88,0,4.88,4.88,-4.88,0,-9.76,-112.24,-68.32,58.56,-78.08,224.48
0,4.88,4.88,0,-4.88,4.88,-14.64,-107.36,-68.32,58.56,-68.32,229.36
-4.88,29.28,34.16,-9.76,-19.52,29.28,-29.28,-87.84,-78.08,43.92,-82.96,214.72
-9.76,39.04,48.8,-14.64,-29.28,43.92,-29.28,-87.84,-92.72,29.28,-97.6,209.84
-4.88,39.04,43.92,-14.64,-24.4,39.04,-24.4,-87.84,-97.6,29.28,-97.6,209.84
-9.76,34.16,43.92,-9.76,-29.28,39.04,-14.64,-87.84,-87.84,39.04,-87.84,200.08
0,48.8,48.8,-24.4,-24.4,48.8,-14.64,-92.72,-82.96,48.8,-82.96,200.08
4.88,19.52,14.64,-9.76,-4.88,14.64,-9.76,-82.96,-73.2,53.68,-82.96,214.72
0,0,0,0,0,0,-29.28,-78.08,-68.32,43.92,-82.96,209.84
0,9.76,9.76,-4.88,-4.88,9.76,-9.76,-73.2,-63.44,53.68,-63.44,209.84
-4.88,4.88,9.76,0,-9.76,4.88,-4.88,-73.2,-78.08,39.04,-78.08,204.96
-4.88,0,4.88,4.88,-4.88,0,-4.88,-48.8,-68.32,39.04,-68.32,214.72
-4.88,29.28,34.16,-9.76,-19.52,29.28,-19.52,-68.32,-82.96,19.52,-87.84,195.2
-14.64,34.16,48.8,-9.76,-34.16,39.04,-43.92,-82.96,-87.84,14.64,-97.6,180.56
-19.52,34.16,53.68,-4.88,-39.04,43.92,-34.16,-78.08,-82.96,14.64,-97.6,175.68
-19.52,19.52,39.04,0,-29.28,29.28,-24.4,-73.2,-87.84,9.76,-102.48,165.92
-19.52,24.4,43.92,0,-34.16,34.16,-14.64,-78.08,-92.72,4.88,-102.48,165.92
-9.76,9.76,19.52,0,-14.64,14.64,0,-73.2,-78.08,19.52,-92.72,180.56
-9.76,-9.76,0,9.76,-4.88,-4.88,4.88,-78.08,-68.32,19.52,-87.84,175.68
-19.52,-14.64,4.88,19.52,-14.64,-4.88,0,-63.44,-73.2,14.64,-92.72,175.68
-9.76,-4.88,4.88,9.76,-9.76,0,-9.76,-58.56,-78.08,9.76,-97.6,161.04
-14.64,-14.64,0,14.64,-9.76,-9.76,-9.76,-78.08,-78.08,9.76,-92.72,161.04
-14.64,19.52,34.16,0,-24.4,24.4,-9.76,-92.72,-82.96,-4.88,-102.48,151.28
-19.52,19.52,39.04,0,-29.28,29.28,-19.52,-112.24,-92.72,-14.64,-122,141.52
-24.4,14.64,39.04,4.88,-34.16,24.4,-24.4,-112.24,-73.2,-9.76,-107.36,131.76
-24.4,14.64,39.04,4.88,-34.16,24.4,-19.52,-87.84,-48.8,-4.88,-107.36,136.64
-19.52,19.52,39.04,0,-29.28,29.28,-34.16,-107.36,-73.2,-24.4,-122,122
-14.64,-9.76,4.88,14.64,-9.76,-4.88,-19.52,-92.72,-43.92,-4.88,-112.24,122
-19.52,-29.28,-9.76,24.4,-4.88,-19.52,-9.76,-63.44,-29.28,4.88,-92.72,131.76
-24.4,-24.4,0,24.4,-14.64,-14.64,-19.52,-73.2,-58.56,-4.88,-97.6,117.12
-9.76,-14.64,-4.88,14.64,-4.88,-9.76,-14.64,-68.32,-58.56,-14.64,-102.48,122
-14.64,-24.4,-9.76,19.52,-4.88,-19.52,-4.88,-63.44,-48.8,-4.88,-92.72,122
-14.64,4.88,19.52,4.88,-19.52,9.76,-24.4,-68.32,-63.44,-24.4,-107.36,107.36
-14.64,14.64,29.28,0,-24.4,19.52,-34.16,-63.44,-73.2,-29.28,-122,97.6
-19.52,0,19.52,9.76,-19.52,9.76,-39.04,-63.44,-82.96,-43.92,-131.76,78.08
-19.52,0,19.52,9.76,-19.52,9.76,-29.28,-63.44,-78.08,-39.04,-126.88,87.84
-14.64,14.64,29.28,0,-24.4,19.52,-39.04,-73.2,-73.2,-39.04,-131.76,82.96
-24.4,-29.28,-4.88,29.28,-9.76,-19.52,-24.4,-58.56,-68.32,-34.16,-126.88,82.96
-19.52,-39.04,-19.52,29.28,0,-29.28,-14.64,-43.92,-63.44,-29.28,-122,82.96
-19.52,-34.16,-14.64,29.28,-4.88,-24.4,-19.52,-48.8,-58.56,-24.4,-117.12,82.96
-14.64,-34.16,-19.52,24.4,0,-29.28,-19.52,-48.8,-63.44,-39.04,-126.88,82.96
-14.64,-29.28,-14.64,24.4,0,-24.4,-19.52,-43.92,-58.56,-29.28,-117.12,78.08
-14.64,-9.76,4.88,14.64,-9.76,-4.88,-29.28,-58.56,-73.2,-39.04,-126.88,63.44
-19.52,0,19.52,9.76,-19.52,9.76,-34.16,-68.32,-87.84,-48.8,-136.64,58.56
-9.76,4.88,14.64,4.88,-14.64,9.76,-29.28,-68.32,-78.08,-48.8,-131.76,48.8
-19.52,-9.76,9.76,14.64,-14.64,0,-24.4,-63.44,-73.2,-43.92,-126.88,48.8
-14.64,0,14.64,9.76,-14.64,4.88,-34.16,-73.2,-82.96,-58.56,-141.52,34.16
-24.4,-34.16,-9.76,29.28,-9.76,-24.4,-19.52,-58.56,-68.32,-48.8,-136.64,19.52
-34.16,-53.68,-19.52,43.92,-9.76,-39.04,-14.64,-48.8,-58.56,-39.04,-126.88,14.64
-34.16,-48.8,-14.64,43.92,-9.76,-34.16,-14.64,-48.8,-53.68,-29.28,-126.88,9.76
-29.28,-48.8,-19.52,39.04,-4.88,-34.16,-14.64,-53.68,-63.44,-48.8,-131.76,4.88
-19.52,-48.8,-29.28,34.16,4.88,-39.04,-14.64,-48.8,-58.56,-43.92,-117.12,4.88
-29.28,-24.4,4.88,29.28,-19.52,-9.76,-39.04,-63.44,-73.2,-58.56,-112.24,-14.64
-29.28,-9.76,19.52,19.52,-24.4,4.88,-39.04,-73.2,-78.08,-58.56,-112.24,-24.4
-24.4,-4.88,19.52,14.64,-24.4,4.88,-34.16,-68.32,-73.2,-53.68,-97.6,-29.28
-29.28,-14.64,14.64,24.4,-24.4,0,-43.92,-68.32,-63.44,-48.8,-92.72,-29.28
-24.4,4.88,29.28,9.76,-29.28,14.64,-43.92,-68.32,-68.32,-53.68,-87.84,-48.8
-24.4,-14.64,9.76,19.52,-19.52,-4.88,-29.28,-68.32,-58.56,-43.92,-78.08,-48.8
-39.04,-39.04,0,39.04,-19.52,-19.52,-24.4,-68.32,-58.56,-43.92,-68.32,-53.68
-29.28,-34.16,-4.88,34.16,-14.64,-19.52,-24.4,-78.08,-63.44,-43.92,-73.2,-58.56
-24.4,-24.4,0,24.4,-14.64,-14.64,-29.28,-78.08,-73.2,-53.68,-78.08,-68.32
-39.04,-43.92,-4.88,43.92,-19.52,-24.4,-24.4,-68.32,-63.44,-48.8,-68.32,-68.32
-34.16,-24.4,9.76,29.28,-24.4,-9.76,-39.04,-82.96,-78.08,-58.56,-78.08,-78.08
-29.28,-19.52,9.76,24.4,-19.52,-4.88,-43.92,-87.84,-87.84,-63.44,-82.96,-82.96
-24.4,-14.64,9.76,19.52,-19.52,-4.88,-39.04,-82.96,-82.96,-58.56,-78.08,-87.84
-24.4,-19.52,4.88,24.4,-14.64,-9.76,-39.04,-73.2,-78.08,-53.68,-78.08,-82.96
-34.16,-24.4,9.76,29.28,-24.4,-9.76,-58.56,-97.6,-82.96,-63.44,-87.84,-87.84
-34.16,-58.56,-24.4,48.8,-4.88,-43.92,-43.92,-87.84,-82.96,-58.56,-78.08,-87.84
-39.04,-78.08,-39.04,58.56,0,-58.56,-34.16,-82.96,-78.08,-53.68,-63.44,-87.84
-29.28,-68.32,-39.04,48.8,4.88,-53.68,-34.16,-78.08,-73.2,-43.92,-58.56,-82.96
-24.4,-68.32,-43.92,48.8,9.76,-58.56,-34.16,-82.96,-78.08,-48.8,-58.56,-92.72
-39.04,-92.72,-53.68,68.32,4.88,-73.2,-39.04,-87.84,-73.2,-53.68,-58.56,-97.6
-14.64,-53.68,-39.04,34.16,9.76,-48.8,-39.04,-92.72,-82.96,-58.56,-58.56,-102.48
-14.64,-43.92,-29.28,29.28,4.88,-39.04,-43.92,-97.6,-87.84,-53.68,-58.56,-97.6
-19.52,-53.68,-34.16,39.04,4.88,-43.92,-53.68,-107.36,-87.84,-58.56,-68.32,-107.36
-24.4,-53.68,-29.28,39.04,0,-43.92,-43.92,-82.96,-68.32,-39.04,-48.8,-102.48
-29.28,-53.68,-24.4,43.92,-4.88,-39.04,-43.92,-87.84,-73.2,-39.04,-53.68,-107.36
-34.16,-82.96,-48.8,58.56,4.88,-68.32,-34.16,-82.96,-63.44,-34.16,-53.68,-112.24
-19.52,-82.96,-63.44,53.68,19.52,-73.2,-29.28,-73.2,-58.56,-29.28,-34.16,-102.48
-19.52,-107.36,-87.84,63.44,34.16,-97.6,-39.04,-78.08,-63.44,-24.4,-24.4,-87.84
-4.88,-131.76,-126.88,68.32,58.56,-131.76,-39.04,-82.96,-73.2,-24.4,-19.52,-82.96
0,-146.4,-146.4,73.2,73.2,-146.4,-19.52,-48.8,-39.04,0,0,-82.96
-14.64,-141.52,-126.88,78.08,53.68,-136.64,-4.88,-29.28,-19.52,14.64,-4.88,-102.48
-24.4,-126.88,-102.48,78.08,39.04,-117.12,34.16,24.4,19.52,48.8,0,-107.36
-14.64,-92.72,-78.08,53.68,29.28,-87.84,87.84,92.72,87.84,107.36,39.04,-82.96
19.52,-58.56,-78.08,19.52,48.8,-68.32,136.64,180.56,180.56,200.08,107.36,-9.76
39.04,-4.88,-43.92,-14.64,39.04,-24.4,214.72,302.56,297.68,331.84,214.72,102.48
58.56,29.28,-29.28,-43.92,43.92,0,297.68,414.8,434.32,473.36,346.48,234.24
97.6,136.64,39.04,-117.12,29.28,87.84,361.12,512.4,541.68,619.76,478.24,375.76
122,253.76,131.76,-185.44,-4.88,190.32,409.92,580.72,614.88,707.6,556.32,463.6
117.12,346.48,229.36,-229.36,-58.56,287.92,429.44,595.36,619.76,722.24,570.96,507.52
117.12,414.8,297.68,-263.52,-92.72,356.24,390.4,517.28,551.44,683.2,580.72,541.68
102.48,434.32,331.84,-268.4,-117.12,380.64,302.56,361.12,390.4,527.04,468.48,473.36
73.2,395.28,322.08,-234.24,-126.88,356.24,190.32,170.8,165.92,273.28,248.88,297.68
24.4,317.2,292.8,-170.8,-136.64,302.56,97.6,-4.88,-68.32,-14.64,-9.76,63.44
-24.4,185.44,209.84,-78.08,-117.12,195.2,24.4,-141.52,-244,-234.24,-214.72,-146.4
-78.08,97.6,175.68,-9.76,-126.88,136.64,-29.28,-239.12,-370.88,-385.52,-361.12,-322.08
-97.6,19.52,117.12,39.04,-107.36,68.32,-97.6,-326.96,-458.72,-483.12,-444.08,-419.68
-122,-48.8,73.2,87.84,-97.6,9.76,-141.52,-361.12,-483.12,-492.88,-448.96,-458.72
-131.76,-68.32,63.44,102.48,-97.6,-4.88,-136.64,-341.6,-448.96,-444.08,-419.68,-458.72
-117.12,-97.6,19.52,107.36,-68.32,-39.04,-170.8,-336.72,-424.56,-409.92,-385.52,-444.08
-107.36,-112.24,-4.88,112.24,-53.68,-58.56,-190.32,-322.08,-380.64,-346.48,-331.84,-405.04
-97.6,-63.44,34.16,82.96,-68.32,-14.64,-190.32,-263.52,-317.2,-268.4,-278.16,-361.12
-82.96,-34.16,48.8,58.56,-68.32,4.88,-156.16,-200.08,-248.88,-195.2,-224.48,-322.08
-63.44,-19.52,43.92,43.92,-53.68,9.76,-117.12,-131.76,-175.68,-122,-170.8,-278.16
-43.92,-19.52,24.4,34.16,-34.16,0,-92.72,-102.48,-131.76,-68.32,-112.24,-239.12
-48.8,-19.52,29.28,34.16,-39.04,4.88,-87.84,-102.48,-126.88,-48.8,-102.48,-209.84
-29.28,-63.44,-34.16,48.8,0,-48.8,-78.08,-102.48,-117.12,-24.4,-78.08,-180.56
-29.28,-92.72,-63.44,63.44,14.64,-78.08,-63.44,-87.84,-102.48,-9.76,-68.32,-161.04
-34.16,-122,-87.84,78.08,24.4,-107.36,-63.44,-73.2,-92.72,0,-58.56,-156.16
-34.16,-136.64,-102.48,87.84,34.16,-122,-63.44,-68.32,-82.96,9.76,-48.8,-141.52
-24.4,-146.4,-122,87.84,48.8,-136.64,-43.92,-58.56,-73.2,29.28,-34.16,-131.76
-29.28,-131.76,-102.48,82.96,34.16,-117.12,-39.04,-58.56,-73.2,34.16,-29.28,-122
-9.76,-117.12,-107.36,63.44,48.8,-112.24,-34.16,-58.56,-58.56,39.04,-29.28,-136.64
-9.76,-126.88,-117.12,68.32,53.68,-122,-29.28,-53.68,-63.44,43.92,-39.04,-136.64
-19.52,-131.76,-112.24,78.08,43.92,-122,-24.4,-48.8,-58.56,48.8,-29.28,-136.64
-24.4,-141.52,-117.12,82.96,43.92,-131.76,-39.04,-58.56,-73.2,24.4,-58.56,-161.04
-9.76,-170.8,-161.04,92.72,73.2,-165.92,-19.52,-48.8,-58.56,48.8,-39.04,-156.16
-9.76,-180.56,-170.8,97.6,78.08,-175.68,-9.76,-34.16,-48.8,73.2,-19.52,-126.88
-34.16,-204.96,-170.8,122,68.32,-190.32,-19.52,-43.92,-43.92,73.2,-19.52,-122
-14.64,-195.2,-180.56,107.36,82.96,-190.32,-14.64,-29.28,-29.28,82.96,-4.88,-107.36
-14.64,-195.2,-180.56,107.36,82.96,-190.32,9.76,-34.16,-24.4,97.6,0,-92.72
-14.64,-165.92,-151.28,92.72,68.32,-161.04,-9.76,-34.16,-29.28,97.6,0,-82.96
4.88,-131.76,-136.64,63.44,68.32,-136.64,-9.76,-29.28,-14.64,107.36,14.64,-68.32
0,-126.88,-126.88,63.44,63.44,-126.88,4.88,-14.64,-9.76,102.48,9.76,-78.08
-14.64,-136.64,-122,78.08,53.68,-131.76,-4.88,-24.4,-19.52,92.72,4.88,-92.72
-14.64,-131.76,-117.12,73.2,48.8,-126.88,-14.64,-19.52,-29.28,78.08,-14.64,-141.52
-14.64,-170.8,-156.16,92.72,68.32,-165.92,4.88,4.88,-4.88,102.48,14.64,-141.52
-4.88,-190.32,-185.44,97.6,87.84,-190.32,9.76,14.64,4.88,112.24,19.52,-122
9.76,-195.2,-204.96,92.72,107.36,-200.08,19.52,19.52,14.64,112.24,4.88,-97.6
-9.76,-200.08,-190.32,107.36,87.84,-195.2,24.4,29.28,24.4,126.88,29.28,-78.08
4.88,-180.56,-185.44,87.84,92.72,-185.44,34.16,48.8,39.04,146.4,43.92,-73.2
0,-151.28,-151.28,78.08,73.2,-151.28,24.4,29.28,34.16,136.64,24.4,-78.08
0,-136.64,-136.64,68.32,68.32,-136.64,14.64,24.4,34.16,136.64,24.4,-87.84
9.76,-122,-131.76,58.56,68.32,-126.88,29.28,43.92,34.16,141.52,24.4,-87.84
4.88,-117.12,-122,58.56,63.44,-122,24.4,43.92,48.8,146.4,24.4,-87.84
-4.88,-117.12,-112.24,63.44,53.68,-117.12,24.4,39.04,34.16,126.88,4.88,-102.48
-9.76,-146.4,-136.64,78.08,63.44,-141.52,34.16,48.8,39.04,131.76,14.64,-107.36
-4.88,-151.28,-146.4,78.08,68.32,-151.28,43.92,73.2,68.32,156.16,29.28,-87.84
0,-141.52,-141.52,73.2,68.32,-141.52,48.8,78.08,78.08,175.68,48.8,-87.84
-4.88,-131.76,-126.88,68.32,58.56,-131.76,53.68,82.96,82.96,175.68,43.92,-92.72
-9.76,-131.76,-122,73.2,53.68,-126.88,58.56,82.96,82.96,175.68,48.8,-87.84
0,-87.84,-87.84,43.92,43.92,-87.84,53.68,82.96,78.08,161.04,43.92,-87.84
0,-78.08,-78.08,39.04,39.04,-78.08,43.92,63.44,68.32,151.28,39.04,-107.36
0,-87.84,-87.84,43.92,43.92,-87.84,53.68,78.08,68.32,156.16,39.04,-102.48
-9.76,-87.84,-78.08,48.8,34.16,-82.96,48.8,82.96,82.96,165.92,53.68,-97.6
-4.88,-73.2,-68.32,39.04,29.28,-73.2,53.68,92.72,87.84,170.8,53.68,-87.84
9.76,-82.96,-92.72,39.04,48.8,-87.84,58.56,87.84,92.72,185.44,73.2,-82.96
0,-87.84,-87.84,43.92,43.92,-87.84,73.2,107.36,107.36,195.2,87.84,-73.2
-19.52,-102.48,-82.96,63.44,29.28,-92.72,68.32,102.48,117.12,204.96,92.72,-78.08
4.88,-78.08,-82.96,39.04,43.92,-82.96,68.32,112.24,126.88,209.84,102.48,-73.2
4.88,-92.72,-97.6,43.92,48.8,-97.6,63.44,107.36,126.88,204.96,97.6,-82.96
4.88,-68.32,-73.2,34.16,39.04,-73.2,58.56,102.48,117.12,190.32,82.96,-82.96
9.76,-39.04,-48.8,14.64,29.28,-43.92,58.56,107.36,122,209.84,97.6,-82.96
-4.88,-43.92,-39.04,24.4,14.64,-43.92,58.56,87.84,117.12,204.96,97.6,-82.96
0,-48.8,-48.8,24.4,24.4,-48.8,58.56,102.48,131.76,219.6,107.36,-73.2
9.76,-29.28,-39.04,9.76,24.4,-34.16,53.68,92.72,126.88,214.72,107.36,-78.08
24.4,-43.92,-68.32,9.76,43.92,-58.56,58.56,117.12,156.16,239.12,131.76,-73.2
24.4,-48.8,-73.2,14.64,48.8,-63.44,78.08,136.64,170.8,253.76,151.28,-53.68
4.88,-39.04,-43.92,19.52,24.4,-43.92,73.2,136.64,175.68,248.88,141.52,-73.2
19.52,-24.4,-43.92,4.88,29.28,-34.16,53.68,122,165.92,239.12,131.76,-82.96
14.64,-39.04,-53.68,14.64,34.16,-48.8,73.2,136.64,180.56,258.64,161.04,-63.44
14.64,0,-14.64,-4.88,14.64,-9.76,63.44,122,170.8,253.76,146.4,-68.32
24.4,9.76,-14.64,-14.64,19.52,-4.88,58.56,131.76,175.68,253.76,146.4,-68.32
14.64,14.64,0,-14.64,4.88,4.88,58.56,131.76,175.68,248.88,141.52,-73.2
0,19.52,19.52,-9.76,-9.76,19.52,58.56,136.64,165.92,244,136.64,-78.08
4.88,39.04,34.16,-19.52,-14.64,34.16,63.44,161.04,190.32,253.76,151.28,-78.08
4.88,-4.88,-9.76,0,4.88,-9.76,68.32,161.04,200.08,263.52,161.04,-73.2
14.64,-14.64,-29.28,0,19.52,-24.4,87.84,170.8,204.96,273.28,165.92,-68.32
4.88,-4.88,-9.76,0,4.88,-9.76,73.2,180.56,224.48,292.8,185.44,-43.92
-4.88,0,4.88,4.88,-4.88,0,78.08,190.32,229.36,283.04,165.92,-63.44
9.76,-4.88,-14.64,0,9.76,-9.76,82.96,185.44,214.72,273.28,165.92,-63.44
-14.64,9.76,24.4,4.88,-19.52,14.64,73.2,170.8,195.2,253.76,141.52,-73.2
9.76,34.16,24.4,-19.52,-9.76,29.28,68.32,170.8,200.08,263.52,151.28,-82.96
0,19.52,19.52,-9.76,-9.76,19.52,63.44,161.04,195.2,253.76,136.64,-87.84
14.64,34.16,19.52,-24.4,-4.88,24.4,68.32,161.04,195.2,253.76,141.52,-87.84
29.28,63.44,34.16,-43.92,-4.88,48.8,63.44,170.8,195.2,248.88,151.28,-87.84
19.52,34.16,14.64,-24.4,0,24.4,68.32,175.68,195.2,244,131.76,-102.48
9.76,4.88,-4.88,-4.88,4.88,0,78.08,185.44,200.08,248.88,136.64,-97.6
19.52,14.64,-4.88,-14.64,9.76,4.88,87.84,185.44,209.84,248.88,141.52,-92.72
4.88,19.52,14.64,-9.76,-4.88,14.64,78.08,185.44,209.84,244,136.64,-107.36
-4.88,4.88,9.76,0,-9.76,4.88,78.08,175.68,200.08,234.24,122,-107.36
-14.64,39.04,53.68,-9.76,-34.16,43.92,78.08,180.56,204.96,229.36,117.12,-107.36
0,43.92,43.92,-19.52,-24.4,43.92,58.56,165.92,195.2,229.36,112.24,-126.88
0,34.16,34.16,-14.64,-19.52,34.16,68.32,170.8,200.08,229.36,112.24,-136.64
-14.64,29.28,43.92,-4.88,-29.28,34.16,68.32,170.8,185.44,214.72,102.48,-131.76
-19.52,34.16,53.68,-4.88,-39.04,43.92,58.56,156.16,175.68,204.96,97.6,-136.64
-14.64,4.88,19.52,4.88,-19.52,9.76,73.2,165.92,185.44,214.72,97.6,-131.76
-19.52,-14.64,4.88,19.52,-14.64,-4.88,73.2,165.92,175.68,214.72,102.48,-136.64
-9.76,-4.88,4.88,9.76,-9.76,0,63.44,165.92,175.68,209.84,92.72,-136.64
-29.28,-14.64,14.64,24.4,-24.4,0,53.68,165.92,175.68,209.84,97.6,-141.52
-9.76,-14.64,-4.88,14.64,-4.88,-9.76,58.56,156.16,180.56,214.72,107.36,-136.64
4.88,29.28,24.4,-14.64,-9.76,24.4,48.8,146.4,165.92,195.2,78.08,-141.52
0,48.8,48.8,-24.4,-24.4,48.8,43.92,141.52,156.16,190.32,82.96,-151.28
-14.64,29.28,43.92,-4.88,-29.28,34.16,53.68,136.64,141.52,175.68,63.44,-165.92
-14.64,19.52,34.16,0,-24.4,24.4,43.92,122,151.28,175.68,63.44,-165.92
-19.52,24.4,43.92,0,-34.16,34.16,34.16,112.24,146.4,170.8,53.68,-170.8
-9.76,19.52,29.28,-4.88,-19.52,24.4,39.04,122,146.4,175.68,58.56,-170.8
-14.64,0,14.64,9.76,-14.64,4.88,63.44,131.76,156.16,175.68,63.44,-151.28
-19.52,-4.88,14.64,14.64,-19.52,4.88,53.68,126.88,151.28,170.8,63.44,-146.4
-4.88,0,4.88,4.88,-4.88,0,48.8,126.88,151.28,175.68,68.32,-141.52
-19.52,-14.64,4.88,19.52,-14.64,-4.88,48.8,126.88,146.4,175.68,58.56,-146.4
-14.64,14.64,29.28,0,-24.4,19.52,43.92,112.24,141.52,161.04,58.56,-161.04
0,39.04,39.04,-19.52,-19.52,39.04,39.04,97.6,126.88,151.28,39.04,-200.08
-9.76,24.4,34.16,-4.88,-24.4,29.28,29.28,92.72,126.88,136.64,29.28,-209.84
-19.52,19.52,39.04,0,-29.28,29.28,39.04,102.48,136.64,146.4,34.16,-180.56
-24.4,14.64,39.04,4.88,-34.16,24.4,34.16,92.72,122,131.76,24.4,-170.8
-19.52,-4.88,14.64,14.64,-19.52,4.88,48.8,102.48,131.76,141.52,43.92,-170.8
0,0,0,0,0,0,43.92,102.48,141.52,151.28,48.8,-161.04
-9.76,-14.64,-4.88,14.64,-4.88,-9.76,34.16,102.48,126.88,141.52,43.92,-165.92
-14.64,0,14.64,9.76,-14.64,4.88,48.8,97.6,126.88,136.64,29.28,-165.92
-14.64,4.88,19.52,4.88,-19.52,9.76,48.8,112.24,136.64,156.16,39.04,-165.92
-29.28,24.4,53.68,4.88,-43.92,39.04,34.16,92.72,112.24,131.76,19.52,-165.92
-14.64,53.68,68.32,-19.52,-43.92,58.56,29.28,87.84,102.48,122,4.88,-180.56
-24.4,43.92,68.32,-9.76,-48.8,53.68,39.04,92.72,102.48,131.76,24.4,-161.04
-24.4,24.4,48.8,0,-39.04,34.16,24.4,82.96,112.24,126.88,24.4,-165.92
-9.76,39.04,48.8,-14.64,-29.28,43.92,24.4,78.08,97.6,107.36,4.88,-170.8
-4.88,19.52,24.4,-4.88,-14.64,19.52,29.28,87.84,107.36,122,29.28,-170.8
-9.76,-4.88,4.88,9.76,-9.76,0,34.16,92.72,102.48,112.24,14.64,-200.08
-19.52,-34.16,-14.64,29.28,-4.88,-24.4,29.28,78.08,92.72,107.36,0,-185.44
-24.4,-39.04,-14.64,34.16,-4.88,-29.28,24.4,73.2,97.6,107.36,-19.52,-170.8
-24.4,-34.16,-9.76,29.28,-9.76,-24.4,29.28,63.44,97.6,112.24,0,-146.4
-19.52,-4.88,14.64,14.64,-19.52,4.88,14.64,43.92,82.96,107.36,-9.76,-151.28
-4.88,24.4,29.28,-9.76,-19.52,24.4,19.52,48.8,82.96,112.24,-9.76,-156.16
-9.76,29.28,39.04,-9.76,-24.4,34.16,19.52,48.8,78.08,102.48,-9.76,-161.04
-24.4,34.16,58.56,-4.88,-43.92,43.92,24.4,39.04,68.32,82.96,-34.16,-175.68
-19.52,53.68,73.2,-14.64,-48.8,63.44,9.76,34.16,63.44,73.2,-39.04,-185.44
-9.76,29.28,39.04,-9.76,-24.4,34.16,24.4,43.92,63.44,73.2,-43.92,-180.56
-24.4,4.88,29.28,9.76,-29.28,14.64,29.28,43.92,68.32,73.2,-34.16,-170.8
-24.4,0,24.4,14.64,-24.4,9.76,34.16,48.8,78.08,92.72,-19.52,-156.16
-29.28,-4.88,24.4,19.52,-29.28,9.76,29.28,48.8,68.32,92.72,-19.52,-151.28
-29.28,-24.4,4.88,29.28,-19.52,-9.76,24.4,39.04,63.44,92.72,-24.4,-141.52
-24.4,4.88,29.28,9.76,-29.28,14.64,34.16,29.28,53.68,78.08,-39.04,-151.28
-24.4,29.28,53.68,0,-39.04,39.04,19.52,29.28,48.8,73.2,-39.04,-156.16
-34.16,14.64,48.8,9.76,-43.92,29.28,9.76,19.52,34.16,58.56,-43.92,-165.92
-14.64,19.52,34.16,0,-24.4,24.4,19.52,14.64,34.16,68.32,-48.8,-161.04
-19.52,9.76,29.28,4.88,-24.4,19.52,9.76,9.76,29.28,73.2,-53.68,-165.92
-29.28,-9.76,19.52,19.52,-24.4,4.88,24.4,19.52,39.04,97.6,-39.04,-151.28
-9.76,-14.64,-4.88,14.64,-4.88,-9.76,29.28,34.16,53.68,122,-43.92,-151.28
-19.52,-14.64,4.88,19.52,-14.64,-4.88,9.76,24.4,39.04,126.88,-48.8,-161.04
-4.88,-4.88,0,4.88,-4.88,-4.88,19.52,29.28,39.04,131.76,-43.92,-151.28
-9.76,-19.52,-9.76,14.64,0,-14.64,24.4,39.04,39.04,146.4,-39.04,-146.4
-19.52,4.88,24.4,9.76,-24.4,14.64,14.64,24.4,34.16,136.64,-43.92,-136.64
-29.28,4.88,34.16,14.64,-34.16,19.52,4.88,0,14.64,126.88,-63.44,-151.28
-29.28,0,29.28,14.64,-29.28,14.64,-9.76,4.88,9.76,122,-63.44,-156.16
-24.4,4.88,29.28,9.76,-29.28,14.64,0,14.64,24.4,122,-58.56,-146.4
-34.16,0,34.16,19.52,-34.16,14.64,0,4.88,4.88,97.6,-73.2,-161.04
-14.64,0,14.64,9.76,-14.64,4.88,9.76,14.64,0,87.84,-82.96,-165.92
-9.76,-4.88,4.88,9.76,-9.76,0,24.4,29.28,19.52,107.36,-63.44,-141.52
-14.64,-14.64,0,14.64,-9.76,-9.76,19.52,29.28,24.4,112.24,-58.56,-136.64
-14.64,-24.4,-9.76,19.52,-4.88,-19.52,24.4,34.16,29.28,122,-48.8,-131.76
-19.52,-34.16,-14.64,29.28,-4.88,-24.4,19.52,29.28,24.4,122,-39.04,-117.12
-29.28,-14.64,14.64,24.4,-24.4,0,4.88,14.64,14.64,102.48,-58.56,-126.88
-19.52,9.76,29.28,4.88,-24.4,19.52,-4.88,0,4.88,92.72,-78.08,-141.52
-24.4,4.88,29.28,9.76,-29.28,14.64,-4.88,-4.88,-4.88,82.96,-73.2,-146.4
-29.28,-14.64,14.64,24.4,-24.4,0,0,-9.76,-4.88,78.08,-73.2,-141.52
-24.4,-4.88,19.52,14.64,-24.4,4.88,4.88,-14.64,-4.88,68.32,-82.96,-156.16
-24.4,-19.52,4.88,24.4,-14.64,-9.76,9.76,0,0,82.96,-53.68,-131.76
-19.52,-34.16,-14.64,29.28,-4.88,-24.4,9.76,4.88,4.88,82.96,-48.8,-126.88
-29.28,-43.92,-14.64,39.04,-9.76,-29.28,14.64,4.88,4.88,78.08,-68.32,-131.76
-19.52,-39.04,-19.52,29.28,0,-29.28,4.88,-4.88,4.88,73.2,-68.32,-126.88
-4.88,-39.04,-34.16,24.4,14.64,-39.04,9.76,4.88,4.88,82.96,-48.8,-117.12
-19.52,-24.4,-4.88,24.4,-9.76,-14.64,4.88,-4.88,0,63.44,-68.32,-126.88
-19.52,-9.76,9.76,14.64,-14.64,0,-4.88,-9.76,-9.76,53.68,-82.96,-136.64
-14.64,-9.76,4.88,14.64,-9.76,-4.88,-4.88,-19.52,-19.52,39.04,-82.96,-141.52
-24.4,-29.28,-4.88,29.28,-9.76,-19.52,-9.76,-24.4,-24.4,43.92,-87.84,-136.64
-29.28,-14.64,14.64,24.4,-24.4,0,-4.88,-29.28,-19.52,43.92,-78.08,-131.76
-24.4,-39.04,-14.64,34.16,-4.88,-29.28,0,-34.16,-19.52,43.92,-63.44,-122
-19.52,-53.68,-34.16,39.04,4.88,-43.92,4.88,-34.16,-24.4,39.04,-68.32,-122
-19.52,-53.68,-34.16,39.04,4.88,-43.92,4.88,-24.4,-9.76,43.92,-63.44,-112.24
-24.4,-43.92,-19.52,34.16,-4.88,-34.16,0,-29.28,-14.64,43.92,-68.32,-112.24
-14.64,-48.8,-34.16,34.16,9.76,-43.92,4.88,-24.4,-19.52,43.92,-58.56,-107.36
-14.64,-24.4,-9.76,19.52,-4.88,-19.52,-9.76,-39.04,-34.16,29.28,-68.32,-107.36
-14.64,-14.64,0,14.64,-9.76,-9.76,-14.64,-39.04,-39.04,19.52,-68.32,-117.12
-14.64,-19.52,-4.88,19.52,-4.88,-14.64,-4.88,-48.8,-39.04,14.64,-73.2,-117.12
-19.52,-29.28,-9.76,24.4,-4.88,-19.52,-9.76,-53.68,-43.92,14.64,-68.32,-126.88
-19.52,-9.76,9.76,14.64,-14.64,0,-19.52,-58.56,-48.8,9.76,-73.2,-126.88
-14.64,-39.04,-24.4,29.28,4.88,-34.16,-14.64,-53.68,-43.92,14.64,-68.32,-117.12
-14.64,-58.56,-43.92,39.04,14.64,-53.68,-9.76,-43.92,-39.04,14.64,-68.32,-107.36
-19.52,-58.56,-39.04,39.04,9.76,-48.8,-14.64,-43.92,-43.92,9.76,-63.44,-107.36
-19.52,-48.8,-29.28,34.16,4.88,-39.04,-19.52,-43.92,-43.92,9.76,-63.44,-107.36
-14.64,-58.56,-43.92,39.04,14.64,-53.68,-19.52,-39.04,-39.04,9.76,-58.56,-102.48
-9.76,-29.28,-19.52,19.52,4.88,-24.4,-24.4,-53.68,-48.8,-4.88,-68.32,-102.48
-9.76,-19.52,-9.76,14.64,0,-14.64,-29.28,-58.56,-58.56,-14.64,-68.32,-107.36
-9.76,-24.4,-14.64,19.52,0,-19.52,-29.28,-63.44,-63.44,-24.4,-73.2,-112.24
-4.88,-24.4,-19.52,14.64,4.88,-24.4,-24.4,-53.68,-63.44,-19.52,-68.32,-102.48
-9.76,-14.64,-4.88,14.64,-4.88,-9.76,-34.16,-63.44,-73.2,-29.28,-78.08,-112.24
-9.76,-39.04,-29.28,24.4,9.76,-34.16,-34.16,-58.56,-68.32,-24.4,-63.44,-97.6
-9.76,-53.68,-43.92,34.16,14.64,-48.8,-34.16,-53.68,-63.44,-19.52,-63.44,-97.6
-19.52,-58.56,-39.04,39.04,9.76,-48.8,-34.16,-53.68,-63.44,-24.4,-58.56,-97.6
-24.4,-48.8,-24.4,39.04,0,-39.04,-34.16,-53.68,-68.32,-19.52,-58.56,-87.84
-9.76,-53.68,-43.92,34.16,14.64,-48.8,-34.16,-53.68,-68.32,-29.28,-58.56,-92.72
0,-24.4,-24.4,14.64,9.76,-24.4,-48.8,-68.32,-78.08,-43.92,-63.44,-102.48
0,-4.88,-4.88,4.88,0,-4.88,-53.68,-78.08,-78.08,-48.8,-68.32,-97.6
-9.76,-9.76,0,9.76,-4.88,-4.88,-53.68,-97.6,-87.84,-58.56,-68.32,-102.48
-14.64,-19.52,-4.88,19.52,-4.88,-14.64,-58.56,-112.24,-82.96,-48.8,-58.56,-97.6
-4.88,-4.88,0,4.88,-4.88,-4.88,-58.56,-122,-87.84,-58.56,-68.32,-107.36
-9.76,-29.28,-19.52,19.52,4.88,-24.4,-58.56,-122,-87.84,-58.56,-63.44,-102.48
-9.76,-43.92,-34.16,29.28,9.76,-39.04,-53.68,-117.12,-78.08,-58.56,-53.68,-92.72
-14.64,-53.68,-39.04,34.16,9.76,-48.8,-58.56,-117.12,-82.96,-63.44,-48.8,-87.84
-19.52,-43.92,-24.4,34.16,0,-34.16,-63.44,-126.88,-87.84,-63.44,-48.8,-87.84
-9.76,-58.56,-48.8,34.16,19.52,-53.68,-63.44,-117.12,-92.72,-63.44,-34.16,-78.08
9.76,-48.8,-58.56,19.52,34.16,-53.68,-87.84,-141.52,-112.24,-78.08,-39.04,-82.96
14.64,-53.68,-68.32,19.52,39.04,-63.44,-102.48,-156.16,-122,-82.96,-34.16,-73.2
19.52,-58.56,-78.08,19.52,48.8,-68.32,-92.72,-131.76,-107.36,-68.32,-14.64,-63.44
14.64,-73.2,-87.84,29.28,48.8,-82.96,-63.44,-97.6,-78.08,-43.92,4.88,-53.68
19.52,-43.92,-63.44,14.64,39.04,-53.68,-48.8,-73.2,-48.8,-19.52,9.76,-58.56
19.52,-39.04,-58.56,9.76,39.04,-48.8,-14.64,-14.64,0,19.52,34.16,-39.04
24.4,-9.76,-34.16,-4.88,29.28,-24.4,14.64,34.16,58.56,82.96,92.72,14.64
48.8,48.8,0,-48.8,24.4,24.4,43.92,82.96,136.64,185.44,175.68,117.12
73.2,122,48.8,-97.6,9.76,82.96,92.72,165.92,244,292.8,278.16,239.12
102.48,209.84,107.36,-156.16,-4.88,156.16,141.52,258.64,346.48,414.8,395.28,385.52
122,331.84,209.84,-224.48,-43.92,268.4,161.04,302.56,414.8,497.76,478.24,502.64
131.76,429.44,297.68,-278.16,-82.96,361.12,170.8,336.72,453.84,541.68,522.16,566.08
141.52,507.52,366,-322.08,-112.24,434.32,185.44,346.48,448.96,531.92,531.92,600.24
131.76,561.2,429.44,-346.48,-151.28,492.88,185.44,292.8,361.12,439.2,458.72,536.8
102.48,556.32,453.84,-326.96,-175.68,502.64,156.16,185.44,195.2,234.24,283.04,390.4
58.56,502.64,444.08,-278.16,-195.2,473.36,112.24,58.56,4.88,-9.76,48.8,170.8
0,405.04,405.04,-200.08,-204.96,405.04,63.44,-48.8,-161.04,-229.36,-156.16,-34.16
-29.28,312.32,341.6,-141.52,-185.44,326.96,34.16,-107.36,-278.16,-380.64,-292.8,-204.96
-63.44,253.76,317.2,-92.72,-190.32,283.04,19.52,-141.52,-366,-483.12,-370.88,-302.56
-92.72,190.32,283.04,-48.8,-190.32,234.24,-29.28,-214.72,-439.2,-546.56,-414.8,-351.36
-107.36,122,229.36,-4.88,-170.8,175.68,-97.6,-312.32,-507.52,-610,-448.96,-390.4
-112.24,78.08,190.32,19.52,-151.28,131.76,-146.4,-356.24,-536.8,-619.76,-429.44,-385.52
-102.48,34.16,136.64,34.16,-122,82.96,-195.2,-375.76,-527.04,-595.36,-395.28,-351.36
-82.96,0,82.96,43.92,-82.96,39.04,-214.72,-370.88,-502.64,-561.2,-346.48,-297.68
-63.44,4.88,68.32,29.28,-68.32,34.16,-244,-351.36,-463.6,-507.52,-302.56,-248.88
-48.8,4.88,53.68,24.4,-53.68,29.28,-224.48,-278.16,-375.76,-424.56,-229.36,-175.68
-34.16,14.64,48.8,9.76,-43.92,29.28,-195.2,-209.84,-297.68,-341.6,-170.8,-112.24
-14.64,29.28,43.92,-4.88,-29.28,34.16,-180.56,-190.32,-273.28,-312.32,-136.64,-78.08
0,39.04,39.04,-19.52,-19.52,39.04,-165.92,-170.8,-253.76,-287.92,-107.36,-39.04
-4.88,19.52,24.4,-4.88,-14.64,19.52,-170.8,-180.56,-258.64,-297.68,-97.6,-19.52
-4.88,24.4,29.28,-9.76,-19.52,24.4,-165.92,-180.56,-263.52,-307.44,-102.48,-24.4
0,19.52,19.52,-9.76,-9.76,19.52,-170.8,-180.56,-258.64,-312.32,-102.48,-14.64
0,-4.88,-4.88,4.88,0,-4.88,-165.92,-180.56,-258.64,-312.32,-102.48,-4.88
4.88,-24.4,-29.28,9.76,14.64,-29.28,-151.28,-161.04,-244,-307.44,-87.84,14.64
9.76,-29.28,-39.04,9.76,24.4,-34.16,-141.52,-156.16,-239.12,-312.32,-87.84,29.28
9.76,-73.2,-82.96,34.16,43.92,-78.08,-126.88,-146.4,-224.48,-307.44,-73.2,48.8
14.64,-92.72,-107.36,39.04,58.56,-102.48,-112.24,-131.76,-200.08,-302.56,-58.56,68.32
24.4,-97.6,-122,39.04,73.2,-112.24,-112.24,-136.64,-200.08,-317.2,-58.56,78.08
34.16,-87.84,-122,29.28,78.08,-107.36,-117.12,-141.52,-200.08,-331.84,-68.32,78.08
29.28,-102.48,-131.76,39.04,78.08,-117.12,-112.24,-126.88,-185.44,-336.72,-53.68,97.6
29.28,-92.72,-122,34.16,73.2,-107.36,-117.12,-126.88,-200.08,-356.24,-68.32,87.84
29.28,-73.2,-102.48,24.4,63.44,-87.84,-122,-131.76,-200.08,-366,-73.2,92.72
24.4,-87.84,-112.24,34.16,68.32,-102.48,-131.76,-126.88,-185.44,-370.88,-73.2,102.48
19.52,-97.6,-117.12,39.04,68.32,-107.36,-122,-112.24,-180.56,-370.88,-58.56,112.24
24.4,-92.72,-117.12,34.16,68.32,-107.36,-117.12,-107.36,-175.68,-375.76,-63.44,122
29.28,-122,-151.28,48.8,87.84,-136.64,-107.36,-87.84,-161.04,-366,-48.8,136.64
29.28,-141.52,-170.8,58.56,97.6,-156.16,-97.6,-73.2,-151.28,-356.24,-39.04,151.28
39.04,-126.88,-165.92,43.92,102.48,-146.4,-97.6,-73.2,-151.28,-370.88,-39.04,156.16
34.16,-126.88,-161.04,48.8,97.6,-146.4,-97.6,-58.56,-146.4,-366,-34.16,161.04
39.04,-131.76,-170.8,48.8,102.48,-151.28,-87.84,-43.92,-131.76,-356.24,-19.52,185.44
34.16,-107.36,-141.52,39.04,87.84,-126.88,-97.6,-43.92,-141.52,-370.88,-29.28,175.68
34.16,-97.6,-131.76,34.16,82.96,-117.12,-102.48,-48.8,-136.64,-370.88,-34.16,170.8
39.04,-97.6,-136.64,29.28,87.84,-117.12,-92.72,-34.16,-122,-356.24,-24.4,185.44
34.16,-102.48,-136.64,34.16,82.96,-122,-78.08,-19.52,-122,-346.48,-19.52,190.32
39.04,-92.72,-131.76,29.28,82.96,-112.24,-82.96,-19.52,-117.12,-346.48,-24.4,195.2
39.04,-122,-161.04,43.92,97.6,-141.52,-68.32,-4.88,-97.6,-326.96,-9.76,209.84
24.4,-146.4,-170.8,63.44,97.6,-161.04,-53.68,24.4,-82.96,-317.2,9.76,224.48
39.04,-126.88,-165.92,43.92,102.48,-146.4,-48.8,19.52,-82.96,-312.32,0,224.48
34.16,-122,-156.16,43.92,92.72,-141.52,-43.92,29.28,-73.2,-307.44,9.76,229.36
34.16,-122,-156.16,43.92,92.72,-141.52,-39.04,43.92,-58.56,-292.8,19.52,239.12
39.04,-87.84,-126.88,24.4,82.96,-107.36,-39.04,39.04,-68.32,-297.68,14.64,239.12
43.92,-73.2,-117.12,14.64,78.08,-97.6,-43.92,29.28,-68.32,-297.68,4.88,224.48
43.92,-78.08,-122,19.52,82.96,-102.48,-39.04,39.04,-58.56,-283.04,9.76,229.36
39.04,-78.08,-117.12,19.52,78.08,-97.6,-24.4,53.68,-43.92,-268.4,19.52,234.24
39.04,-73.2,-112.24,19.52,73.2,-92.72,-24.4,48.8,-43.92,-268.4,14.64,234.24
39.04,-92.72,-131.76,29.28,82.96,-112.24,-19.52,63.44,-34.16,-253.76,34.16,253.76
34.16,-117.12,-151.28,43.92,92.72,-136.64,0,78.08,-19.52,-244,43.92,268.4
43.92,-112.24,-156.16,34.16,97.6,-136.64,0,73.2,-24.4,-244,39.04,263.52
48.8,-102.48,-151.28,29.28,97.6,-126.88,0,78.08,-14.64,-239.12,43.92,268.4
39.04,-112.24,-151.28,39.04,92.72,-131.76,4.88,82.96,-9.76,-229.36,53.68,273.28
24.4,-82.96,-107.36,29.28,63.44,-97.6,0,82.96,-14.64,-239.12,48.8,268.4
34.16,-63.44,-97.6,14.64,63.44,-82.96,-9.76,73.2,-24.4,-239.12,43.92,258.64
39.04,-68.32,-107.36,14.64,73.2,-87.84,-9.76,68.32,-14.64,-234.24,43.92,258.64
39.04,-68.32,-107.36,14.64,73.2,-87.84,4.88,78.08,-4.88,-219.6,63.44,268.4
34.16,-63.44,-97.6,14.64,63.44,-82.96,0,78.08,-9.76,-224.48,58.56,273.28
48.8,-82.96,-131.76,19.52,87.84,-107.36,-4.88,78.08,-4.88,-219.6,63.44,273.28
48.8,-92.72,-141.52,24.4,92.72,-117.12,4.88,92.72,9.76,-209.84,78.08,287.92
43.92,-92.72,-136.64,24.4,87.84,-117.12,0,87.84,0,-214.72,73.2,283.04
48.8,-82.96,-131.76,19.52,87.84,-107.36,0,87.84,4.88,-209.84,78.08,283.04
43.92,-82.96,-126.88,19.52,82.96,-107.36,4.88,97.6,14.64,-204.96,92.72,292.8
39.04,-68.32,-107.36,14.64,73.2,-87.84,-4.88,87.84,4.88,-209.84,82.96,283.04
43.92,-39.04,-82.96,0,63.44,-63.44,-9.76,78.08,4.88,-214.72,78.08,273.28
48.8,-34.16,-82.96,-4.88,63.44,-58.56,-9.76,87.84,14.64,-200.08,82.96,283.04
53.68,-29.28,-82.96,-9.76,68.32,-58.56,-9.76,92.72,19.52,-195.2,92.72,287.92
63.44,-9.76,-73.2,-24.4,68.32,-43.92,-9.76,87.84,29.28,-190.32,92.72,283.04
63.44,-34.16,-97.6,-14.64,78.08,-68.32,0,97.6,34.16,-180.56,107.36,263.52
68.32,-43.92,-112.24,-9.76,87.84,-78.08,9.76,112.24,39.04,-165.92,112.24,263.52
73.2,-39.04,-112.24,-14.64,92.72,-78.08,14.64,112.24,43.92,-165.92,117.12,278.16
58.56,-34.16,-92.72,-9.76,73.2,-63.44,9.76,112.24,43.92,-170.8,107.36,278.16
58.56,-29.28,-87.84,-14.64,73.2,-58.56,9.76,117.12,53.68,-161.04,112.24,283.04
53.68,-9.76,-63.44,-19.52,58.56,-39.04,4.88,107.36,39.04,-170.8,102.48,268.4
48.8,0,-48.8,-24.4,48.8,-24.4,0,102.48,39.04,-175.68,92.72,258.64
53.68,9.76,-43.92,-29.28,48.8,-19.52,0,102.48,39.04,-165.92,92.72,268.4
48.8,0,-48.8,-24.4,48.8,-24.4,4.88,112.24,43.92,-165.92,97.6,268.4
58.56,14.64,-43.92,-34.16,48.8,-14.64,4.88,107.36,34.16,-161.04,87.84,263.52
58.56,0,-58.56,-29.28,58.56,-29.28,9.76,107.36,43.92,-156.16,92.72,263.52
53.68,-19.52,-73.2,-14.64,63.44,-48.8,14.64,122,48.8,-151.28,102.48,268.4
53.68,-14.64,-68.32,-19.52,58.56,-43.92,14.64,117.12,43.92,-161.04,92.72,263.52
53.68,-9.76,-63.44,-19.52,58.56,-39.04,9.76,107.36,34.16,-161.04,78.08,253.76
48.8,-14.64,-63.44,-14.64,53.68,-39.04,4.88,107.36,34.16,-161.04,82.96,258.64
43.92,14.64,-29.28,-29.28,34.16,-9.76,-4.88,97.6,14.64,-175.68,63.44,244
39.04,19.52,-19.52,-29.28,29.28,0,-14.64,78.08,0,-185.44,48.8,224.48
43.92,24.4,-19.52,-34.16,29.28,0,-19.52,78.08,0,-180.56,48.8,224.48
29.28,14.64,-14.64,-19.52,19.52,0,-9.76,82.96,-4.88,-180.56,53.68,224.48
24.4,19.52,-4.88,-19.52,14.64,4.88,-14.64,68.32,-19.52,-190.32,39.04,209.84
34.16,0,-34.16,-14.64,34.16,-19.52,-9.76,78.08,-4.88,-180.56,48.8,214.72
34.16,-14.64,-48.8,-9.76,39.04,-34.16,0,87.84,0,-175.68,53.68,219.6
34.16,-9.76,-43.92,-9.76,39.04,-29.28,-9.76,78.08,-9.76,-190.32,43.92,209.84
34.16,0,-34.16,-14.64,34.16,-19.52,-4.88,78.08,-14.64,-185.44,39.04,209.84
29.28,-9.76,-39.04,-9.76,34.16,-24.4,-9.76,78.08,-19.52,-190.32,39.04,204.96
24.4,14.64,-9.76,-19.52,14.64,0,-14.64,63.44,-34.16,-200.08,24.4,190.32
19.52,24.4,4.88,-19.52,4.88,14.64,-29.28,48.8,-39.04,-209.84,14.64,175.68
19.52,19.52,0,-19.52,9.76,9.76,-29.28,43.92,-39.04,-209.84,9.76,165.92
24.4,19.52,-4.88,-19.52,14.64,4.88,-19.52,43.92,-39.04,-209.84,19.52,170.8
19.52,19.52,0,-19.52,9.76,9.76,-29.28,39.04,-48.8,-209.84,9.76,165.92
19.52,0,-19.52,-9.76,19.52,-9.76,-29.28,53.68,-34.16,-200.08,19.52,175.68
14.64,-14.64,-29.28,0,19.52,-24.4,-14.64,68.32,-24.4,-200.08,29.28,185.44
19.52,-14.64,-34.16,0,24.4,-24.4,-19.52,63.44,-34.16,-204.96,24.4,175.68
29.28,0,-29.28,-14.64,29.28,-14.64,-29.28,58.56,-43.92,-209.84,19.52,170.8
24.4,-4.88,-29.28,-9.76,24.4,-19.52,-19.52,58.56,-43.92,-204.96,24.4,175.68
14.64,19.52,4.88,-14.64,4.88,9.76,-29.28,48.8,-43.92,-214.72,14.64,161.04
19.52,39.04,19.52,-29.28,0,29.28,-34.16,39.04,-53.68,-214.72,4.88,141.52
19.52,29.28,9.76,-24.4,4.88,19.52,-29.28,43.92,-48.8,-214.72,4.88,141.52
14.64,29.28,14.64,-19.52,0,19.52,-34.16,39.04,-53.68,-214.72,9.76,141.52
14.64,34.16,19.52,-24.4,-4.88,24.4,-24.4,48.8,-48.8,-209.84,4.88,136.64
9.76,4.88,-4.88,-4.88,4.88,0,-19.52,43.92,-39.04,-200.08,9.76,136.64
14.64,-4.88,-19.52,-4.88,14.64,-14.64,-14.64,58.56,-34.16,-190.32,19.52,146.4
14.64,-4.88,-19.52,-4.88,14.64,-14.64,-14.64,58.56,-34.16,-190.32,14.64,136.64
14.64,0,-14.64,-4.88,14.64,-9.76,-14.64,58.56,-34.16,-195.2,14.64,141.52
19.52,0,-19.52,-9.76,19.52,-9.76,-4.88,63.44,-34.16,-185.44,14.64,141.52
14.64,24.4,9.76,-19.52,0,14.64,-19.52,48.8,-43.92,-200.08,0,122
14.64,43.92,29.28,-29.28,-9.76,34.16,-24.4,34.16,-48.8,-204.96,-9.76,117.12
19.52,39.04,19.52,-29.28,0,29.28,-14.64,43.92,-43.92,-190.32,-4.88,122
14.64,29.28,14.64,-19.52,0,19.52,-14.64,43.92,-39.04,-190.32,0,117.12
19.52,39.04,19.52,-29.28,0,29.28,-19.52,43.92,-39.04,-185.44,-4.88,112.24
14.64,14.64,0,-14.64,4.88,4.88,-14.64,48.8,-24.4,-170.8,4.88,117.12
14.64,-4.88,-19.52,-4.88,14.64,-14.64,0,58.56,-19.52,-161.04,9.76,126.88
19.52,9.76,-9.76,-14.64,14.64,0,4.88,53.68,-24.4,-165.92,9.76,126.88
4.88,9.76,4.88,-4.88,0,4.88,-4.88,53.68,-24.4,-165.92,4.88,126.88
4.88,0,-4.88,0,4.88,-4.88,0,63.44,-24.4,-156.16,14.64,126.88
4.88,29.28,24.4,-14.64,-9.76,24.4,4.88,58.56,-29.28,-161.04,4.88,117.12
4.88,43.92,39.04,-24.4,-19.52,39.04,-4.88,43.92,-29.28,-161.04,-4.88,102.48
9.76,43.92,34.16,-24.4,-14.64,39.04,0,48.8,-24.4,-161.04,0,112.24
9.76,29.28,19.52,-19.52,-4.88,24.4,0,53.68,-19.52,-151.28,4.88,107.36
9.76,34.16,24.4,-19.52,-9.76,29.28,4.88,43.92,-19.52,-146.4,0,97.6
14.64,14.64,0,-14.64,4.88,4.88,9.76,43.92,-4.88,-131.76,9.76,102.48
9.76,-4.88,-14.64,0,9.76,-9.76,19.52,63.44,-4.88,-126.88,19.52,112.24
9.76,0,-9.76,-4.88,9.76,-4.88,29.28,73.2,-4.88,-122,19.52,117.12
9.76,4.88,-4.88,-4.88,4.88,0,24.4,58.56,-9.76,-126.88,9.76,97.6
9.76,-9.76,-19.52,0,14.64,-14.64,24.4,53.68,-4.88,-122,14.64,97.6
9.76,19.52,9.76,-14.64,0,14.64,14.64,53.68,-14.64,-131.76,9.76,87.84
4.88,34.16,29.28,-19.52,-14.64,29.28,9.76,43.92,-14.64,-122,4.88,87.84
9.76,29.28,19.52,-19.52,-4.88,24.4,14.64,48.8,-4.88,-117.12,9.76,82.96
14.64,24.4,9.76,-19.52,0,14.64,19.52,48.8,-4.88,-112.24,14.64,73.2
9.76,24.4,14.64,-14.64,-4.88,19.52,19.52,39.04,-9.76,-117.12,4.88,53.68
14.64,9.76,-4.88,-9.76,9.76,0,29.28,53.68,4.88,-102.48,9.76,63.44
19.52,-4.88,-24.4,-4.88,19.52,-14.64,34.16,58.56,4.88,-102.48,19.52,82.96
-4.88,-4.88,0,4.88,-4.88,-4.88,34.16,58.56,4.88,-102.48,19.52,73.2
-4.88,0,4.88,4.88,-4.88,0,39.04,48.8,9.76,-102.48,19.52,73.2
4.88,-4.88,-9.76,0,4.88,-9.76,24.4,39.04,4.88,-102.48,9.76,63.44
-4.88,14.64,19.52,-4.88,-14.64,14.64,24.4,39.04,-14.64,-112.24,4.88,53.68
0,29.28,29.28,-14.64,-14.64,29.28,9.76,19.52,-24.4,-112.24,-9.76,39.04
4.88,14.64,9.76,-9.76,-4.88,9.76,19.52,19.52,-14.64,-112.24,-4.88,39.04
9.76,14.64,4.88,-9.76,0,9.76,34.16,24.4,-9.76,-107.36,4.88,43.92
4.88,19.52,14.64,-9.76,-4.88,14.64,29.28,19.52,-19.52,-107.36,0,34.16
4.88,-4.88,-9.76,0,4.88,-9.76,29.28,19.52,-9.76,-102.48,4.88,39.04
9.76,-19.52,-29.28,4.88,19.52,-24.4,43.92,29.28,0,-92.72,19.52,48.8
4.88,-24.4,-29.28,9.76,14.64,-29.28,39.04,34.16,4.88,-87.84,14.64,48.8
4.88,-24.4,-29.28,9.76,14.64,-29.28,34.16,29.28,0,-87.84,9.76,39.04
4.88,-24.4,-29.28,9.76,14.64,-29.28,39.04,29.28,-4.88,-92.72,14.64,39.04
-4.88,-4.88,0,4.88,-4.88,-4.88,24.4,14.64,-24.4,-107.36,0,24.4
0,9.76,9.76,-4.88,-4.88,9.76,24.4,14.64,-24.4,-107.36,-9.76,9.76
0,0,0,0,0,0,24.4,9.76,-24.4,-107.36,-9.76,9.76
-14.64,-14.64,0,14.64,-9.76,-9.76,19.52,4.88,-19.52,-97.6,-4.88,4.88
-4.88,0,4.88,4.88,-4.88,0,24.4,4.88,-24.4,-97.6,-9.76,0
4.88,-19.52,-24.4,9.76,14.64,-24.4,24.4,4.88,-19.52,-97.6,-4.88,4.88
4.88,-34.16,-39.04,14.64,19.52,-39.04,34.16,14.64,-14.64,-92.72,4.88,9.76
4.88,-29.28,-34.16,14.64,19.52,-34.16,34.16,9.76,-9.76,-87.84,4.88,9.76
-4.88,-29.28,-24.4,19.52,9.76,-29.28,29.28,9.76,-14.64,-92.72,0,4.88
4.88,-29.28,-34.16,14.64,19.52,-34.16,29.28,4.88,-24.4,-102.48,0,0
-9.76,-14.64,-4.88,14.64,-4.88,-9.76,24.4,0,-24.4,-102.48,-9.76,-9.76
-14.64,-4.88,9.76,9.76,-14.64,0,19.52,-14.64,-34.16,-107.36,-19.52,-19.52
-4.88,0,4.88,4.88,-4.88,0,14.64,-19.52,-29.28,-107.36,-19.52,-19.52
-9.76,-14.64,-4.88,14.64,-4.88,-9.76,14.64,-19.52,-34.16,-102.48,-19.52,-24.4
-14.64,-9.76,4.88,14.64,-9.76,-4.88,9.76,-19.52,-34.16,-102.48,-24.4,-29.28
-4.88,-24.4,-19.52,14.64,4.88,-24.4,14.64,-24.4,-34.16,-97.6,-19.52,-29.28
-9.76,-43.92,-34.16,29.28,9.76,-39.04,19.52,-19.52,-24.4,-92.72,-14.64,-24.4
-4.88,-39.04,-34.16,24.4,14.64,-39.04,19.52,-14.64,-24.4,-87.84,-9.76,-19.52
-4.88,-34.16,-29.28,19.52,9.76,-34.16,14.64,-19.52,-34.16,-97.6,-14.64,-24.4
-4.88,-43.92,-39.04,24.4,14.64,-43.92,14.64,-24.4,-39.04,-102.48,-14.64,-24.4
0,-14.64,-14.64,9.76,4.88,-14.64,4.88,-39.04,-48.8,-112.24,-29.28,-34.16
-4.88,-9.76,-4.88,9.76,0,-9.76,0,-39.04,-53.68,-107.36,-29.28,-43.92
-4.88,-9.76,-4.88,9.76,0,-9.76,0,-43.92,-58.56,-112.24,-34.16,-53.68
-9.76,-19.52,-9.76,14.64,0,-14.64,0,-39.04,-63.44,-107.36,-34.16,-53.68
-24.4,-19.52,4.88,24.4,-14.64,-9.76,0,-43.92,-68.32,-107.36,-39.04,-58.56
-14.64,-34.16,-19.52,24.4,0,-29.28,9.76,-43.92,-53.68,-92.72,-29.28,-48.8
-4.88,-53.68,-48.8,29.28,19.52,-53.68,4.88,-39.04,-53.68,-92.72,-29.28,-48.8
-9.76,-48.8,-39.04,29.28,14.64,-43.92,9.76,-39.04,-53.68,-87.84,-24.4,-48.8
-14.64,-39.04,-24.4,29.28,4.88,-34.16,9.76,-39.04,-48.8,-87.84,-29.28,-48.8
-9.76,-48.8,-39.04,29.28,14.64,-43.92,0,-43.92,-53.68,-87.84,-34.16,-48.8
-14.64,-19.52,-4.88,19.52,-4.88,-14.64,-9.76,-58.56,-63.44,-97.6,-39.04,-58.56
-9.76,4.88,14.64,4.88,-14.64,9.76,-19.52,-63.44,-73.2,-97.6,-53.68,-73.2
-14.64,-9.76,4.88,14.64,-9.76,-4.88,-14.64,-68.32,-78.08,-97.6,-48.8,-82.96
-14.64,-19.52,-4.88,19.52,-4.88,-14.64,-14.64,-68.32,-82.96,-87.84,-48.8,-87.84
-24.4,-14.64,9.76,19.52,-19.52,-4.88,-19.52,-68.32,-78.08,-78.08,-58.56,-87.84
-24.4,-34.16,-9.76,29.28,-9.76,-24.4,-19.52,-68.32,-78.08,-63.44,-53.68,-82.96
-14.64,-48.8,-34.16,34.16,9.76,-43.92,-14.64,-63.44,-78.08,-48.8,-48.8,-73.2
-19.52,-58.56,-39.04,39.04,9.76,-48.8,-14.64,-63.44,-73.2,-48.8,-48.8,-78.08
-19.52,-53.68,-34.16,39.04,4.88,-43.92,-24.4,-68.32,-78.08,-53.68,-63.44,-92.72
-19.52,-53.68,-34.16,39.04,4.88,-43.92,-9.76,-68.32,-78.08,-53.68,-58.56,-82.96
-24.4,-39.04,-14.64,34.16,-4.88,-29.28,-19.52,-87.84,-82.96,-63.44,-63.44,-87.84
-24.4,-14.64,9.76,19.52,-19.52,-4.88,-24.4,-87.84,-73.2,-53.68,-63.44,-102.48
-19.52,-19.52,0,19.52,-9.76,-9.76,-24.4,-78.08,-78.08,-58.56,-63.44,-97.6
-19.52,-24.4,-4.88,24.4,-9.76,-14.64,-39.04,-73.2,-102.48,-68.32,-68.32,-97.6
-19.52,-14.64,4.88,19.52,-14.64,-4.88,-53.68,-87.84,-107.36,-78.08,-78.08,-107.36
-24.4,-39.04,-14.64,34.16,-4.88,-29.28,-29.28,-87.84,-97.6,-68.32,-73.2,-107.36
-14.64,-63.44,-48.8,39.04,14.64,-58.56,-14.64,-78.08,-78.08,-58.56,-53.68,-82.96
-19.52,-58.56,-39.04,39.04,9.76,-48.8,-29.28,-73.2,-73.2,-58.56,-53.68,-78.08
-29.28,-58.56,-29.28,43.92,0,-43.92,-29.28,-73.2,-92.72,-73.2,-58.56,-82.96
-19.52,-58.56,-39.04,39.04,9.76,-48.8,-24.4,-73.2,-107.36,-82.96,-58.56,-73.2
-24.4,-48.8,-24.4,39.04,0,-39.04,-34.16,-82.96,-107.36,-87.84,-68.32,-82.96
-24.4,-24.4,0,24.4,-14.64,-14.64,-58.56,-97.6,-117.12,-87.84,-82.96,-87.84
-4.88,-34.16,-29.28,19.52,9.76,-34.16,-53.68,-97.6,-107.36,-82.96,-68.32,-73.2
0,-53.68,-53.68,29.28,24.4,-53.68,-53.68,-97.6,-102.48,-68.32,-48.8,-63.44
4.88,-68.32,-73.2,34.16,39.04,-73.2,-53.68,-97.6,-97.6,-48.8,-29.28,-43.92
9.76,-92.72,-102.48,43.92,53.68,-97.6,-39.04,-73.2,-58.56,-19.52,-9.76,-34.16
4.88,-131.76,-136.64,63.44,68.32,-136.64,-9.76,-34.16,-19.52,4.88,-4.88,-34.16
4.88,-107.36,-112.24,53.68,58.56,-112.24,24.4,9.76,9.76,24.4,4.88,-34.16
0,-82.96,-82.96,43.92,39.04,-82.96,78.08,78.08,58.56,63.44,14.64,-24.4
9.76,-53.68,-63.44,24.4,34.16,-58.56,117.12,156.16,126.88,146.4,73.2,34.16
34.16,19.52,-14.64,-24.4,24.4,0,180.56,263.52,244,258.64,170.8,126.88
48.8,102.48,53.68,-73.2,-4.88,78.08,248.88,380.64,366,390.4,283.04,239.12
87.84,200.08,112.24,-141.52,-14.64,156.16,297.68,463.6,468.48,512.4,390.4,370.88
112.24,297.68,185.44,-204.96,-39.04,239.12,336.72,512.4,527.04,595.36,463.6,458.72
107.36,405.04,297.68,-253.76,-97.6,351.36,375.76,561.2,575.84,639.28,502.64,512.4
131.76,478.24,346.48,-302.56,-107.36,409.92,375.76,541.68,551.44,634.4,512.4,561.2
126.88,478.24,351.36,-302.56,-112.24,414.8,322.08,409.92,405.04,507.52,439.2,517.28
97.6,434.32,336.72,-263.52,-122,385.52,209.84,219.6,180.56,258.64,244,380.64
43.92,375.76,331.84,-209.84,-146.4,351.36,102.48,19.52,-58.56,-39.04,-14.64,161.04
0,244,244,-122,-122,244,43.92,-97.6,-204.96,-229.36,-195.2,-19.52
-29.28,180.56,209.84,-73.2,-122,195.2,-4.88,-190.32,-322.08,-375.76,-336.72,-185.44
-68.32,136.64,204.96,-34.16,-136.64,170.8,-53.68,-287.92,-444.08,-497.76,-439.2,-302.56
-92.72,39.04,131.76,29.28,-112.24,82.96,-136.64,-380.64,-517.28,-561.2,-478.24,-366
-102.48,-9.76,92.72,58.56,-97.6,39.04,-156.16,-385.52,-507.52,-536.8,-463.6,-370.88
-102.48,-24.4,78.08,63.44,-92.72,24.4,-195.2,-380.64,-478.24,-502.64,-429.44,-361.12
-87.84,-58.56,29.28,73.2,-58.56,-14.64,-214.72,-356.24,-429.44,-434.32,-361.12,-307.44
-73.2,-63.44,9.76,68.32,-43.92,-29.28,-195.2,-292.8,-361.12,-351.36,-287.92,-248.88
-63.44,-39.04,24.4,53.68,-43.92,-9.76,-161.04,-214.72,-268.4,-263.52,-224.48,-200.08
-43.92,0,43.92,24.4,-43.92,19.52,-131.76,-151.28,-195.2,-190.32,-175.68,-156.16
-39.04,-9.76,29.28,24.4,-34.16,9.76,-97.6,-102.48,-141.52,-126.88,-122,-122
-39.04,14.64,53.68,14.64,-48.8,34.16,-82.96,-92.72,-117.12,-102.48,-97.6,-92.72
-24.4,29.28,53.68,0,-39.04,39.04,-87.84,-112.24,-117.12,-92.72,-87.84,-82.96
-29.28,4.88,34.16,14.64,-34.16,19.52,-92.72,-117.12,-122,-87.84,-73.2,-78.08
-24.4,-29.28,-4.88,29.28,-9.76,-19.52,-82.96,-102.48,-122,-82.96,-73.2,-78.08
-19.52,-43.92,-24.4,34.16,0,-34.16,-73.2,-87.84,-107.36,-73.2,-58.56,-73.2
-14.64,-73.2,-58.56,43.92,19.52,-68.32,-58.56,-68.32,-92.72,-53.68,-43.92,-53.68
0,-97.6,-97.6,48.8,48.8,-97.6,-39.04,-43.92,-68.32,-34.16,-24.4,-29.28
0,-82.96,-82.96,43.92,39.04,-82.96,-29.28,-43.92,-63.44,-34.16,-19.52,-24.4
4.88,-87.84,-92.72,43.92,48.8,-92.72,-24.4,-39.04,-63.44,-24.4,-14.64,-19.52
4.88,-97.6,-102.48,48.8,53.68,-102.48,-14.64,-39.04,-53.68,-19.52,-4.88,-9.76
0,-97.6,-97.6,48.8,48.8,-97.6,-34.16,-48.8,-58.56,-29.28,-14.64,-24.4
9.76,-87.84,-97.6,39.04,53.68,-92.72,-43.92,-58.56,-68.32,-29.28,-19.52,-29.28
9.76,-97.6,-107.36,43.92,58.56,-102.48,-48.8,-53.68,-68.32,-34.16,-19.52,-24.4
14.64,-117.12,-131.76,53.68,73.2,-126.88,-53.68,-58.56,-68.32,-34.16,-14.64,-24.4
24.4,-117.12,-141.52,48.8,82.96,-131.76,-43.92,-48.8,-53.68,-24.4,-4.88,-9.76
29.28,-126.88,-156.16,48.8,92.72,-141.52,-34.16,-39.04,-43.92,-9.76,14.64,4.88
24.4,-131.76,-156.16,53.68,87.84,-146.4,-4.88,-9.76,-19.52,9.76,29.28,29.28
29.28,-117.12,-146.4,43.92,87.84,-131.76,0,0,-14.64,14.64,34.16,34.16
24.4,-112.24,-136.64,43.92,78.08,-126.88,9.76,9.76,-4.88,19.52,39.04,39.04
29.28,-102.48,-131.76,39.04,78.08,-117.12,14.64,19.52,4.88,34.16,48.8,43.92
24.4,-63.44,-87.84,19.52,53.68,-78.08,24.4,24.4,9.76,39.04,43.92,43.92
24.4,-43.92,-68.32,9.76,43.92,-58.56,9.76,19.52,0,39.04,34.16,24.4
19.52,-43.92,-63.44,14.64,39.04,-53.68,24.4,34.16,14.64,48.8,43.92,39.04
9.76,-53.68,-63.44,24.4,34.16,-58.56,39.04,43.92,19.52,58.56,39.04,34.16
9.76,-43.92,-53.68,19.52,29.28,-48.8,34.16,43.92,24.4,63.44,39.04,29.28
19.52,-58.56,-78.08,19.52,48.8,-68.32,53.68,53.68,39.04,82.96,58.56,48.8
9.76,-87.84,-97.6,39.04,53.68,-92.72,63.44,68.32,48.8,97.6,63.44,58.56
9.76,-87.84,-97.6,39.04,53.68,-92.72,68.32,73.2,48.8,87.84,63.44,53.68
4.88,-82.96,-87.84,39.04,43.92,-87.84,68.32,78.08,48.8,102.48,73.2,63.44
9.76,-87.84,-97.6,39.04,53.68,-92.72,68.32,82.96,48.8,107.36,78.08,68.32
19.52,-58.56,-78.08,19.52,48.8,-68.32,68.32,68.32,43.92,102.48,58.56,58.56
14.64,-34.16,-48.8,9.76,29.28,-43.92,53.68,48.8,39.04,97.6,53.68,43.92
14.64,-39.04,-53.68,14.64,34.16,-48.8,58.56,58.56,43.92,102.48,58.56,48.8
14.64,-39.04,-53.68,14.64,34.16,-48.8,68.32,63.44,53.68,117.12,53.68,58.56
4.88,-39.04,-43.92,19.52,24.4,-43.92,73.2,53.68,53.68,117.12,58.56,48.8
14.64,-43.92,-58.56,14.64,34.16,-53.68,73.2,68.32,68.32,131.76,68.32,58.56
9.76,-63.44,-73.2,29.28,39.04,-68.32,87.84,92.72,68.32,131.76,68.32,73.2
4.88,-68.32,-73.2,34.16,39.04,-73.2,82.96,87.84,58.56,126.88,68.32,68.32
9.76,-53.68,-63.44,24.4,34.16,-58.56,87.84,92.72,68.32,141.52,82.96,82.96
19.52,-48.8,-68.32,14.64,43.92,-58.56,82.96,87.84,63.44,136.64,78.08,82.96
24.4,-24.4,-48.8,0,34.16,-39.04,73.2,68.32,53.68,131.76,68.32,73.2
34.16,4.88,-29.28,-19.52,29.28,-14.64,73.2,63.44,53.68,126.88,68.32,63.44
19.52,4.88,-14.64,-9.76,14.64,-4.88,68.32,78.08,48.8,122,68.32,68.32
24.4,0,-24.4,-9.76,24.4,-14.64,58.56,68.32,53.68,126.88,68.32,68.32
29.28,14.64,-14.64,-19.52,19.52,0,58.56,68.32,68.32,141.52,82.96,78.08
29.28,-4.88,-34.16,-9.76,29.28,-19.52,68.32,82.96,68.32,141.52,92.72,82.96
24.4,-19.52,-43.92,0,34.16,-34.16,82.96,92.72,68.32,146.4,97.6,102.48
24.4,-14.64,-39.04,-4.88,29.28,-29.28,78.08,82.96,68.32,141.52,97.6,97.6
24.4,-14.64,-39.04,-4.88,29.28,-29.28,73.2,82.96,68.32,136.64,102.48,87.84
29.28,-9.76,-39.04,-9.76,34.16,-24.4,73.2,97.6,78.08,146.4,107.36,117.12
19.52,9.76,-9.76,-14.64,14.64,0,63.44,97.6,68.32,141.52,97.6,112.24
24.4,43.92,19.52,-34.16,0,29.28,58.56,78.08,53.68,131.76,92.72,97.6
29.28,43.92,14.64,-34.16,4.88,29.28,58.56,82.96,58.56,136.64,92.72,107.36
29.28,34.16,4.88,-29.28,9.76,19.52,58.56,92.72,68.32,146.4,92.72,107.36
34.16,48.8,14.64,-39.04,9.76,29.28,63.44,102.48,68.32,146.4,102.48,112.24
34.16,39.04,4.88,-34.16,14.64,19.52,58.56,102.48,82.96,156.16,102.48,126.88
29.28,14.64,-14.64,-19.52,19.52,0,73.2,112.24,97.6,165.92,112.24,126.88
29.28,19.52,-9.76,-24.4,19.52,4.88,73.2,117.12,92.72,156.16,112.24,136.64
24.4,19.52,-4.88,-19.52,14.64,4.88,63.44,102.48,92.72,161.04,107.36,131.76
34.16,34.16,0,-34.16,14.64,14.64,58.56,107.36,107.36,165.92,112.24,151.28
29.28,53.68,24.4,-39.04,0,39.04,58.56,117.12,107.36,170.8,112.24,141.52
24.4,73.2,48.8,-48.8,-14.64,58.56,43.92,107.36,82.96,151.28,97.6,117.12
24.4,73.2,48.8,-48.8,-14.64,58.56,39.04,122,82.96,146.4,92.72,126.88
24.4,68.32,43.92,-43.92,-9.76,53.68,48.8,117.12,92.72,156.16,87.84,136.64
24.4,82.96,58.56,-53.68,-19.52,68.32,43.92,112.24,87.84,151.28,102.48,131.76
39.04,78.08,39.04,-58.56,0,58.56,53.68,126.88,92.72,161.04,107.36,146.4
24.4,48.8,24.4,-34.16,0,34.16,58.56,136.64,92.72,161.04,102.48,146.4
29.28,48.8,19.52,-39.04,4.88,34.16,58.56,141.52,92.72,165.92,112.24,151.28
24.4,58.56,34.16,-39.04,-4.88,43.92,48.8,136.64,92.72,165.92,102.48,141.52
24.4,53.68,29.28,-39.04,-4.88,39.04,39.04,131.76,87.84,156.16,97.6,146.4
24.4,68.32,43.92,-43.92,-9.76,53.68,39.04,122,82.96,151.28,82.96,141.52
0,87.84,87.84,-43.92,-43.92,87.84,34.16,112.24,68.32,141.52,73.2,122
4.88,82.96,78.08,-43.92,-39.04,78.08,39.04,102.48,63.44,136.64,68.32,117.12
24.4,78.08,53.68,-48.8,-14.64,63.44,34.16,102.48,68.32,136.64,63.44,117.12
14.64,82.96,68.32,-48.8,-29.28,73.2,39.04,107.36,73.2,136.64,58.56,117.12
29.28,78.08,48.8,-53.68,-9.76,63.44,34.16,107.36,68.32,136.64,63.44,122
14.64,53.68,39.04,-34.16,-14.64,43.92,43.92,112.24,73.2,146.4,68.32,136.64
14.64,48.8,34.16,-29.28,-9.76,39.04,39.04,107.36,68.32,141.52,63.44,122
19.52,68.32,48.8,-43.92,-14.64,58.56,43.92,87.84,58.56,126.88,58.56,117.12
19.52,53.68,34.16,-34.16,-9.76,43.92,39.04,87.84,58.56,126.88,53.68,107.36
9.76,58.56,48.8,-34.16,-19.52,53.68,43.92,87.84,53.68,122,43.92,102.48
9.76,82.96,73.2,-43.92,-34.16,78.08,39.04,82.96,39.04,112.24,29.28,82.96
0,73.2,73.2,-34.16,-39.04,73.2,34.16,82.96,34.16,107.36,24.4,78.08
4.88,73.2,68.32,-39.04,-34.16,68.32,29.28,78.08,39.04,107.36,19.52,73.2
0,73.2,73.2,-34.16,-39.04,73.2,29.28,78.08,39.04,107.36,14.64,68.32
4.88,58.56,53.68,-29.28,-24.4,53.68,39.04,87.84,48.8,112.24,29.28,82.96
4.88,43.92,39.04,-24.4,-19.52,39.04,43.92,87.84,53.68,117.12,34.16,92.72
4.88,34.16,29.28,-19.52,-14.64,29.28,43.92,82.96,48.8,122,29.28,92.72
4.88,43.92,39.04,-24.4,-19.52,39.04,48.8,82.96,48.8,112.24,34.16,87.84
14.64,39.04,24.4,-24.4,-4.88,29.28,48.8,82.96,48.8,117.12,29.28,87.84
4.88,48.8,43.92,-24.4,-19.52,43.92,39.04,68.32,34.16,102.48,14.64,78.08
4.88,73.2,68.32,-39.04,-34.16,68.32,29.28,58.56,24.4,97.6,4.88,48.8
0,63.44,63.44,-29.28,-34.16,63.44,29.28,63.44,24.4,97.6,0,34.16
0,53.68,53.68,-24.4,-29.28,53.68,29.28,63.44,29.28,102.48,-4.88,34.16
0,68.32,68.32,-34.16,-34.16,68.32,19.52,68.32,34.16,97.6,-4.88,43.92
0,43.92,43.92,-19.52,-24.4,43.92,34.16,68.32,39.04,102.48,4.88,48.8
-4.88,19.52,24.4,-4.88,-14.64,19.52,48.8,68.32,39.04,102.48,4.88,58.56
0,24.4,24.4,-9.76,-14.64,24.4,58.56,68.32,34.16,107.36,14.64,63.44
-4.88,29.28,34.16,-9.76,-19.52,29.28,48.8,58.56,43.92,112.24,9.76,53.68
4.88,24.4,19.52,-14.64,-9.76,19.52,48.8,63.44,63.44,117.12,14.64,58.56
0,43.92,43.92,-19.52,-24.4,43.92,53.68,63.44,34.16,97.6,4.88,43.92
0,73.2,73.2,-34.16,-39.04,73.2,48.8,48.8,24.4,92.72,-4.88,39.04
0,68.32,68.32,-34.16,-34.16,68.32,43.92,48.8,43.92,102.48,-4.88,34.16
-9.76,43.92,53.68,-14.64,-34.16,48.8,43.92,63.44,24.4,97.6,-9.76,29.28
-9.76,58.56,68.32,-24.4,-39.04,63.44,43.92,68.32,29.28,97.6,0,34.16
-4.88,48.8,53.68,-19.52,-29.28,48.8,39.04,87.84,29.28,97.6,0,29.28
-14.64,9.76,24.4,4.88,-19.52,14.64,53.68,87.84,34.16,102.48,0,29.28
-4.88,24.4,29.28,-9.76,-19.52,24.4,43.92,78.08,19.52,92.72,-4.88,29.28
-9.76,24.4,34.16,-4.88,-24.4,29.28,58.56,78.08,34.16,102.48,-9.76,39.04
4.88,24.4,19.52,-14.64,-9.76,19.52,63.44,68.32,48.8,117.12,0,43.92
0,43.92,43.92,-19.52,-24.4,43.92,63.44,68.32,24.4,97.6,-14.64,29.28
-9.76,63.44,73.2,-24.4,-43.92,68.32,48.8,63.44,9.76,78.08,-34.16,14.64
-4.88,63.44,68.32,-29.28,-39.04,63.44,58.56,53.68,9.76,87.84,-24.4,9.76
4.88,63.44,58.56,-34.16,-29.28,58.56,58.56,53.68,19.52,97.6,-24.4,9.76
-4.88,68.32,73.2,-29.28,-39.04,68.32,48.8,43.92,19.52,97.6,-24.4,4.88
-4.88,43.92,48.8,-19.52,-29.28,43.92,63.44,39.04,34.16,102.48,-9.76,14.64
-19.52,9.76,29.28,4.88,-24.4,19.52,68.32,58.56,53.68,117.12,-4.88,14.64
-19.52,14.64,34.16,4.88,-29.28,24.4,58.56,73.2,39.04,112.24,-4.88,4.88
-4.88,29.28,34.16,-9.76,-19.52,29.28,63.44,68.32,14.64,97.6,-9.76,4.88
0,24.4,24.4,-9.76,-14.64,24.4,73.2,78.08,19.52,102.48,-9.76,14.64
-4.88,48.8,53.68,-19.52,-29.28,48.8,78.08,68.32,19.52,102.48,-14.64,4.88
-14.64,63.44,78.08,-24.4,-48.8,68.32,48.8,53.68,9.76,82.96,-29.28,-9.76
-9.76,58.56,68.32,-24.4,-39.04,63.44,43.92,39.04,14.64,82.96,-43.92,-19.52
4.88,58.56,53.68,-29.28,-24.4,53.68,63.44,43.92,-4.88,78.08,-34.16,-19.52
-4.88,53.68,58.56,-24.4,-34.16,53.68,53.68,43.92,-19.52,73.2,-34.16,-14.64
-14.64,34.16,48.8,-9.76,-34.16,39.04,39.04,43.92,-14.64,82.96,-19.52,-14.64
-14.64,9.76,24.4,4.88,-19.52,14.64,63.44,53.68,0,87.84,-24.4,-4.88
-19.52,-4.88,14.64,14.64,-19.52,4.88,68.32,53.68,-9.76,87.84,-14.64,-4.88
-9.76,4.88,14.64,4.88,-14.64,9.76,58.56,53.68,-9.76,82.96,-19.52,-14.64
-9.76,4.88,14.64,4.88,-14.64,9.76,63.44,48.8,-9.76,78.08,-29.28,-19.52
-19.52,14.64,34.16,4.88,-29.28,24.4,53.68,34.16,-24.4,63.44,-39.04,-34.16
-19.52,39.04,58.56,-9.76,-39.04,48.8,39.04,29.28,-29.28,58.56,-34.16,-48.8
-19.52,34.16,53.68,-4.88,-39.04,43.92,43.92,29.28,-24.4,58.56,-34.16,-39.04
-24.4,29.28,53.68,0,-39.04,39.04,43.92,29.28,-24.4,58.56,-34.16,-43.92
-14.64,39.04,53.68,-9.76,-34.16,43.92,39.04,24.4,-29.28,53.68,-34.16,-43.92
-14.64,19.52,34.16,0,-24.4,24.4,39.04,34.16,-19.52,58.56,-24.4,-43.92
-19.52,-4.88,14.64,14.64,-19.52,4.88,58.56,39.04,-4.88,63.44,-19.52,-29.28
-19.52,-4.88,14.64,14.64,-19.52,4.88,48.8,39.04,-14.64,58.56,-19.52,-39.04
-19.52,0,19.52,9.76,-19.52,9.76,48.8,34.16,-24.4,48.8,-24.4,-48.8
-14.64,0,14.64,9.76,-14.64,4.88,53.68,34.16,-24.4,53.68,-24.4,-43.92
-19.52,4.88,24.4,9.76,-24.4,14.64,48.8,19.52,-34.16,39.04,-39.04,-58.56
-24.4,29.28,53.68,0,-39.04,39.04,29.28,4.88,-43.92,29.28,-53.68,-73.2
-19.52,29.28,48.8,-4.88,-34.16,39.04,29.28,4.88,-34.16,29.28,-43.92,-82.96
-24.4,9.76,34.16,9.76,-29.28,19.52,34.16,9.76,-34.16,24.4,-43.92,-68.32
-14.64,24.4,39.04,-4.88,-29.28,29.28,34.16,4.88,-34.16,29.28,-39.04,-78.08
-9.76,4.88,14.64,4.88,-14.64,9.76,34.16,0,-24.4,34.16,-39.04,-73.2
-19.52,-19.52,0,19.52,-9.76,-9.76,39.04,4.88,-29.28,34.16,-34.16,-63.44
-9.76,-19.52,-9.76,14.64,0,-14.64,53.68,14.64,-24.4,34.16,-19.52,-58.56
-14.64,-9.76,4.88,14.64,-9.76,-4.88,34.16,14.64,-39.04,14.64,-34.16,-68.32
-14.64,-19.52,-4.88,19.52,-4.88,-14.64,29.28,14.64,-34.16,24.4,-34.16,-68.32
-19.52,-9.76,9.76,14.64,-14.64,0,29.28,-4.88,-43.92,14.64,-34.16,-78.08
-19.52,4.88,24.4,9.76,-24.4,14.64,9.76,-24.4,-48.8,4.88,-53.68,-102.48
-19.52,9.76,29.28,4.88,-24.4,19.52,-4.88,-34.16,-43.92,9.76,-53.68,-97.6
-24.4,4.88,29.28,9.76,-29.28,14.64,4.88,-4.88,-39.04,14.64,-48.8,-73.2
-19.52,14.64,34.16,4.88,-29.28,24.4,4.88,0,-68.32,0,-58.56,-92.72
-4.88,4.88,9.76,0,-9.76,4.88,24.4,-4.88,-58.56,9.76,-39.04,-82.96
-19.52,-24.4,-4.88,24.4,-9.76,-14.64,29.28,4.88,-53.68,14.64,-39.04,-78.08
-19.52,-24.4,-4.88,24.4,-9.76,-14.64,29.28,0,-48.8,4.88,-43.92,-82.96
-14.64,-19.52,-4.88,19.52,-4.88,-14.64,24.4,-9.76,-53.68,-4.88,-43.92,-87.84
-14.64,-29.28,-14.64,24.4,0,-24.4,24.4,-14.64,-53.68,0,-53.68,-87.84
-19.52,-9.76,9.76,14.64,-14.64,0,29.28,-14.64,-63.44,-9.76,-53.68,-97.6
-19.52,9.76,29.28,4.88,-24.4,19.52,14.64,-39.04,-82.96,-19.52,-63.44,-112.24
-19.52,0,19.52,9.76,-19.52,9.76,9.76,-48.8,-82.96,-14.64,-68.32,-107.36
-19.52,0,19.52,9.76,-19.52,9.76,4.88,-34.16,-53.68,-4.88,-58.56,-107.36
-24.4,0,24.4,14.64,-24.4,9.76,4.88,-34.16,-68.32,-19.52,-68.32,-122
-19.52,-19.52,0,19.52,-9.76,-9.76,-4.88,-34.16,-78.08,-29.28,-78.08,-112.24
-19.52,-39.04,-19.52,29.28,0,-29.28,-4.88,-14.64,-78.08,-19.52,-58.56,-92.72
-24.4,-43.92,-19.52,34.16,-4.88,-34.16,14.64,-4.88,-73.2,-14.64,-53.68,-97.6
-19.52,-39.04,-19.52,29.28,0,-29.28,19.52,-9.76,-68.32,-14.64,-58.56,-97.6
-14.64,-43.92,-29.28,29.28,4.88,-39.04,14.64,-14.64,-68.32,-19.52,-58.56,-102.48
-19.52,-29.28,-9.76,24.4,-4.88,-19.52,0,-19.52,-73.2,-29.28,-63.44,-107.36
-19.52,-9.76,9.76,14.64,-14.64,0,-9.76,-29.28,-87.84,-39.04,-73.2,-92.72
-19.52,-19.52,0,19.52,-9.76,-9.76,-14.64,-34.16,-97.6,-43.92,-78.08,-102.48
-14.64,-19.52,-4.88,19.52,-4.88,-14.64,-14.64,-29.28,-78.08,-34.16,-68.32,-97.6
-29.28,-14.64,14.64,24.4,-24.4,0,-24.4,-34.16,-82.96,-34.16,-68.32,-102.48
-29.28,-39.04,-9.76,34.16,-9.76,-24.4,-19.52,-34.16,-82.96,-34.16,-73.2,-107.36
-24.4,-63.44,-39.04,43.92,4.88,-53.68,-4.88,-29.28,-78.08,-19.52,-48.8,-87.84
-24.4,-58.56,-34.16,43.92,4.88,-48.8,-9.76,-29.28,-78.08,-24.4,-43.92,-92.72
-24.4,-53.68,-29.28,39.04,0,-43.92,-4.88,-24.4,-78.08,-19.52,-48.8,-92.72
-14.64,-53.68,-39.04,34.16,9.76,-48.8,-24.4,-29.28,-78.08,-24.4,-53.68,-102.48
-24.4,-43.92,-19.52,34.16,-4.88,-34.16,-34.16,-53.68,-82.96,-39.04,-68.32,-122
-19.52,-19.52,0,19.52,-9.76,-9.76,-39.04,-63.44,-87.84,-34.16,-68.32,-122
-19.52,-19.52,0,19.52,-9.76,-9.76,-34.16,-48.8,-87.84,-34.16,-63.44,-122
-24.4,-34.16,-9.76,29.28,-9.76,-24.4,-43.92,-48.8,-102.48,-48.8,-63.44,-131.76
-24.4,-24.4,0,24.4,-14.64,-14.64,-43.92,-48.8,-102.48,-48.8,-68.32,-126.88
-24.4,-48.8,-24.4,39.04,0,-39.04,-39.04,-48.8,-102.48,-34.16,-58.56,-117.12
-24.4,-78.08,-53.68,53.68,14.64,-68.32,-24.4,-58.56,-92.72,-29.28,-48.8,-112.24
-24.4,-63.44,-39.04,43.92,4.88,-53.68,-14.64,-53.68,-92.72,-29.28,-43.92,-107.36
-19.52,-63.44,-43.92,43.92,9.76,-53.68,-24.4,-63.44,-102.48,-39.04,-58.56,-117.12
-4.88,-58.56,-53.68,34.16,24.4,-58.56,-24.4,-58.56,-97.6,-34.16,-58.56,-117.12
-14.64,-48.8,-34.16,34.16,9.76,-43.92,-34.16,-73.2,-102.48,-43.92,-63.44,-117.12
-24.4,-24.4,0,24.4,-14.64,-14.64,-48.8,-87.84,-107.36,-48.8,-68.32,-136.64
-19.52,-29.28,-9.76,24.4,-4.88,-19.52,-34.16,-92.72,-107.36,-48.8,-68.32,-131.76
-19.52,-34.16,-14.64,29.28,-4.88,-24.4,-43.92,-97.6,-112.24,-63.44,-78.08,-136.64
-14.64,-39.04,-24.4,29.28,4.88,-34.16,-53.68,-97.6,-102.48,-48.8,-68.32,-122
-9.76,-63.44,-53.68,39.04,19.52,-58.56,-58.56,-87.84,-97.6,-34.16,-43.92,-107.36
-4.88,-112.24,-107.36,58.56,48.8,-112.24,-53.68,-92.72,-78.08,-14.64,-19.52,-73.2
4.88,-122,-126.88,58.56,63.44,-126.88,-48.8,-82.96,-58.56,0,0,-73.2
4.88,-131.76,-136.64,63.44,68.32,-136.64,-39.04,-63.44,-53.68,9.76,4.88,-73.2
0,-151.28,-151.28,78.08,73.2,-151.28,-9.76,-29.28,-43.92,24.4,9.76,-78.08
-4.88,-117.12,-112.24,63.44,53.68,-117.12,19.52,19.52,4.88,48.8,9.76,-87.84
0,-63.44,-63.44,34.16,29.28,-63.44,43.92,63.44,48.8,78.08,4.88,-87.84
29.28,-19.52,-48.8,-4.88,39.04,-34.16,112.24,156.16,136.64,165.92,73.2,-34.16
48.8,24.4,-24.4,-34.16,34.16,0,200.08,273.28,268.4,297.68,170.8,73.2
58.56,78.08,19.52,-68.32,19.52,48.8,253.76,385.52,380.64,424.56,278.16,190.32
82.96,170.8,87.84,-126.88,-4.88,126.88,317.2,483.12,483.12,546.56,375.76,302.56
92.72,258.64,165.92,-175.68,-39.04,209.84,366,546.56,536.8,629.52,458.72,405.04
97.6,380.64,283.04,-239.12,-92.72,331.84,414.8,561.2,580.72,673.44,502.64,473.36
126.88,478.24,351.36,-302.56,-112.24,414.8,380.64,492.88,522.16,629.52,507.52,517.28
117.12,483.12,366,-297.68,-126.88,424.56,287.92,346.48,361.12,492.88,414.8,468.48
82.96,448.96,366,-263.52,-141.52,405.04,161.04,146.4,131.76,239.12,214.72,312.32
34.16,400.16,366,-214.72,-165.92,380.64,48.8,-58.56,-122,-73.2,-48.8,82.96
-4.88,268.4,273.28,-131.76,-141.52,268.4,-14.64,-185.44,-273.28,-263.52,-219.6,-78.08
-39.04,170.8,209.84,-63.44,-126.88,190.32,-53.68,-278.16,-395.28,-414.8,-366,-244
-68.32,102.48,170.8,-14.64,-122,136.64,-122,-380.64,-507.52,-551.44,-473.36,-361.12
-82.96,19.52,102.48,34.16,-92.72,58.56,-175.68,-429.44,-551.44,-590.48,-473.36,-395.28
-92.72,-39.04,53.68,68.32,-73.2,4.88,-200.08,-414.8,-512.4,-527.04,-434.32,-380.64
-92.72,-58.56,34.16,78.08,-63.44,-14.64,-234.24,-409.92,-473.36,-478.24,-400.16,-361.12
-82.96,-68.32,14.64,78.08,-48.8,-29.28,-239.12,-390.4,-439.2,-429.44,-356.24,-322.08
-68.32,-53.68,14.64,63.44,-43.92,-19.52,-219.6,-331.84,-366,-351.36,-287.92,-268.4
-63.44,-14.64,48.8,39.04,-58.56,14.64,-190.32,-253.76,-278.16,-258.64,-234.24,-219.6
-53.68,29.28,82.96,14.64,-68.32,53.68,-156.16,-204.96,-209.84,-195.2,-180.56,-180.56
-39.04,29.28,68.32,4.88,-53.68,48.8,-131.76,-156.16,-156.16,-136.64,-126.88,-136.64
-24.4,19.52,43.92,4.88,-34.16,29.28,-117.12,-131.76,-131.76,-102.48,-102.48,-112.24
-24.4,24.4,48.8,0,-39.04,34.16,-126.88,-146.4,-136.64,-102.48,-97.6,-97.6
-24.4,-14.64,9.76,19.52,-19.52,-4.88,-112.24,-136.64,-136.64,-92.72,-73.2,-82.96
-9.76,-53.68,-43.92,34.16,14.64,-48.8,-102.48,-122,-107.36,-63.44,-48.8,-53.68
-4.88,-73.2,-68.32,39.04,29.28,-73.2,-82.96,-102.48,-82.96,-53.68,-34.16,-48.8
-9.76,-87.84,-78.08,48.8,34.16,-82.96,-78.08,-97.6,-87.84,-53.68,-29.28,-43.92
-4.88,-102.48,-97.6,53.68,43.92,-102.48,-73.2,-92.72,-87.84,-48.8,-24.4,-29.28
-4.88,-102.48,-97.6,53.68,43.92,-102.48,-82.96,-97.6,-92.72,-53.68,-24.4,-29.28
4.88,-87.84,-92.72,43.92,48.8,-92.72,-87.84,-112.24,-107.36,-73.2,-39.04,-43.92
4.88,-92.72,-97.6,43.92,48.8,-97.6,-82.96,-107.36,-97.6,-53.68,-24.4,-29.28
0,-107.36,-107.36,53.68,53.68,-107.36,-87.84,-102.48,-92.72,-53.68,-24.4,-29.28
4.88,-112.24,-117.12,53.68,58.56,-117.12,-82.96,-87.84,-73.2,-48.8,-14.64,-19.52
14.64,-117.12,-131.76,53.68,73.2,-126.88,-73.2,-82.96,-78.08,-39.04,-14.64,-4.88
9.76,-146.4,-156.16,68.32,82.96,-151.28,-58.56,-63.44,-68.32,-34.16,-4.88,4.88
19.52,-141.52,-161.04,63.44,87.84,-151.28,-58.56,-68.32,-58.56,-34.16,0,9.76
9.76,-136.64,-146.4,63.44,78.08,-141.52,-58.56,-78.08,-53.68,-29.28,9.76,19.52
4.88,-151.28,-156.16,73.2,78.08,-156.16,-58.56,-68.32,-48.8,-24.4,14.64,34.16
14.64,-136.64,-151.28,63.44,82.96,-146.4,-63.44,-68.32,-58.56,-34.16,9.76,34.16
14.64,-126.88,-141.52,58.56,78.08,-136.64,-73.2,-92.72,-63.44,-43.92,0,19.52
14.64,-122,-136.64,53.68,73.2,-131.76,-68.32,-97.6,-58.56,-29.28,19.52,34.16
14.64,-117.12,-131.76,53.68,73.2,-126.88,-58.56,-73.2,-53.68,-29.28,19.52,24.4
9.76,-117.12,-126.88,53.68,68.32,-122,-63.44,-58.56,-53.68,-29.28,19.52,19.52
19.52,-122,-141.52,53.68,78.08,-131.76,-48.8,-48.8,-58.56,-19.52,29.28,43.92
14.64,-151.28,-165.92,68.32,87.84,-161.04,-39.04,-34.16,-43.92,-4.88,48.8,58.56
24.4,-141.52,-165.92,58.56,92.72,-156.16,-39.04,-39.04,-39.04,4.88,53.68,78.08
29.28,-136.64,-165.92,53.68,97.6,-151.28,-39.04,-39.04,-29.28,9.76,63.44,92.72
24.4,-131.76,-156.16,53.68,87.84,-146.4,-24.4,-34.16,-9.76,14.64,63.44,87.84
24.4,-112.24,-136.64,43.92,78.08,-126.88,-34.16,-19.52,9.76,24.4,63.44,78.08
29.28,-82.96,-112.24,29.28,68.32,-97.6,-29.28,-29.28,-9.76,9.76,53.68,78.08
24.4,-87.84,-112.24,34.16,68.32,-102.48,-29.28,-39.04,-29.28,0,48.8,78.08
24.4,-87.84,-112.24,34.16,68.32,-102.48,-24.4,-24.4,-29.28,4.88,43.92,78.08
24.4,-82.96,-107.36,29.28,63.44,-97.6,-24.4,-14.64,-14.64,14.64,53.68,87.84
24.4,-97.6,-122,39.04,73.2,-112.24,-19.52,0,-4.88,24.4,58.56,82.96
29.28,-117.12,-146.4,43.92,87.84,-131.76,-14.64,14.64,9.76,39.04,73.2,102.48
34.16,-126.88,-161.04,48.8,97.6,-146.4,-4.88,29.28,19.52,48.8,82.96,112.24
39.04,-136.64,-175.68,48.8,107.36,-156.16,14.64,43.92,34.16,63.44,107.36,131.76
34.16,-141.52,-175.68,53.68,102.48,-161.04,19.52,43.92,43.92,63.44,107.36,141.52
34.16,-122,-156.16,43.92,92.72,-141.52,14.64,39.04,34.16,63.44,97.6,141.52
34.16,-82.96,-117.12,24.4,73.2,-102.48,9.76,34.16,24.4,58.56,92.72,126.88
39.04,-78.08,-117.12,19.52,78.08,-97.6,9.76,29.28,34.16,63.44,102.48,136.64
34.16,-82.96,-117.12,24.4,73.2,-102.48,9.76,29.28,34.16,63.44,102.48,136.64
34.16,-82.96,-117.12,24.4,73.2,-102.48,0,34.16,39.04,68.32,107.36,146.4
29.28,-92.72,-122,34.16,73.2,-107.36,0,39.04,39.04,68.32,107.36,151.28
39.04,-107.36,-146.4,34.16,92.72,-126.88,4.88,58.56,43.92,73.2,112.24,165.92
43.92,-92.72,-136.64,24.4,87.84,-117.12,4.88,48.8,48.8,78.08,126.88,165.92
34.16,-97.6,-131.76,34.16,82.96,-117.12,24.4,43.92,53.68,78.08,131.76,175.68
39.04,-92.72,-131.76,29.28,82.96,-112.24,24.4,53.68,48.8,73.2,131.76,170.8
39.04,-78.08,-117.12,19.52,78.08,-97.6,14.64,53.68,53.68,73.2,131.76,170.8
43.92,-48.8,-92.72,4.88,68.32,-73.2,0,29.28,43.92,58.56,122,170.8
48.8,-43.92,-92.72,0,68.32,-68.32,9.76,29.28,34.16,58.56,122,190.32
43.92,-43.92,-87.84,0,63.44,-68.32,9.76,43.92,34.16,58.56,122,185.44
43.92,-29.28,-73.2,-4.88,58.56,-53.68,0,53.68,48.8,63.44,136.64,190.32
39.04,-48.8,-87.84,4.88,63.44,-68.32,0,53.68,48.8,68.32,136.64,200.08
39.04,-73.2,-112.24,19.52,73.2,-92.72,14.64,58.56,53.68,73.2,151.28,204.96
48.8,-58.56,-107.36,4.88,78.08,-82.96,29.28,63.44,73.2,82.96,156.16,219.6
43.92,-58.56,-102.48,9.76,73.2,-82.96,19.52,58.56,73.2,82.96,165.92,224.48
48.8,-53.68,-102.48,4.88,73.2,-78.08,14.64,63.44,73.2,82.96,161.04,219.6
53.68,-29.28,-82.96,-9.76,68.32,-58.56,4.88,73.2,53.68,63.44,161.04,219.6
48.8,0,-48.8,-24.4,48.8,-24.4,-4.88,58.56,53.68,63.44,146.4,219.6
53.68,4.88,-48.8,-29.28,48.8,-24.4,-4.88,48.8,53.68,68.32,156.16,229.36
53.68,4.88,-48.8,-29.28,48.8,-24.4,9.76,48.8,53.68,48.8,151.28,214.72
48.8,9.76,-39.04,-29.28,43.92,-14.64,19.52,58.56,63.44,58.56,151.28,224.48
58.56,9.76,-48.8,-34.16,53.68,-19.52,24.4,73.2,73.2,73.2,156.16,234.24
58.56,-9.76,-68.32,-24.4,63.44,-39.04,34.16,73.2,82.96,68.32,161.04,244
53.68,-9.76,-63.44,-19.52,58.56,-39.04,39.04,73.2,97.6,73.2,165.92,253.76
48.8,-4.88,-53.68,-19.52,48.8,-29.28,43.92,97.6,117.12,87.84,180.56,253.76
39.04,-14.64,-53.68,-9.76,43.92,-34.16,39.04,112.24,92.72,73.2,165.92,244
43.92,9.76,-34.16,-24.4,39.04,-14.64,34.16,112.24,78.08,58.56,161.04,244
53.68,39.04,-14.64,-43.92,34.16,9.76,24.4,102.48,78.08,58.56,146.4,234.24
53.68,43.92,-9.76,-48.8,29.28,14.64,14.64,102.48,73.2,53.68,141.52,229.36
48.8,39.04,-9.76,-43.92,29.28,14.64,24.4,112.24,92.72,58.56,136.64,224.48
48.8,39.04,-9.76,-43.92,29.28,14.64,19.52,112.24,73.2,48.8,126.88,224.48
43.92,24.4,-19.52,-34.16,29.28,0,34.16,117.12,63.44,48.8,131.76,224.48
43.92,9.76,-34.16,-24.4,39.04,-14.64,43.92,122,78.08,53.68,141.52,229.36
39.04,4.88,-34.16,-19.52,34.16,-14.64,48.8,112.24,97.6,53.68,136.64,224.48
34.16,9.76,-24.4,-19.52,29.28,-9.76,43.92,117.12,102.48,63.44,136.64,219.6
29.28,0,-29.28,-14.64,29.28,-14.64,39.04,117.12,92.72,48.8,126.88,219.6
24.4,14.64,-9.76,-19.52,14.64,0,39.04,97.6,63.44,24.4,117.12,200.08
29.28,39.04,9.76,-34.16,9.76,24.4,24.4,78.08,48.8,14.64,107.36,190.32
24.4,34.16,9.76,-29.28,4.88,19.52,19.52,73.2,43.92,14.64,102.48,190.32
24.4,19.52,-4.88,-19.52,14.64,4.88,34.16,82.96,68.32,24.4,112.24,190.32
34.16,39.04,4.88,-34.16,14.64,19.52,34.16,87.84,63.44,24.4,117.12,180.56
29.28,29.28,0,-29.28,14.64,14.64,34.16,82.96,58.56,4.88,97.6,165.92
29.28,9.76,-19.52,-19.52,24.4,-4.88,48.8,97.6,58.56,9.76,107.36,175.68
29.28,4.88,-24.4,-14.64,24.4,-9.76,48.8,97.6,68.32,14.64,107.36,175.68
24.4,14.64,-9.76,-19.52,14.64,0,39.04,82.96,58.56,4.88,97.6,170.8
24.4,4.88,-19.52,-14.64,19.52,-9.76,39.04,87.84,48.8,0,97.6,161.04
14.64,9.76,-4.88,-9.76,9.76,0,19.52,78.08,43.92,-4.88,92.72,146.4
24.4,39.04,14.64,-29.28,4.88,24.4,14.64,73.2,48.8,-9.76,92.72,151.28
24.4,48.8,24.4,-34.16,0,34.16,24.4,63.44,39.04,-14.64,92.72,141.52
14.64,24.4,9.76,-19.52,0,14.64,34.16,68.32,53.68,-9.76,87.84,141.52
19.52,39.04,19.52,-29.28,0,29.28,24.4,68.32,53.68,-9.76,82.96,131.76
24.4,29.28,4.88,-24.4,9.76,14.64,29.28,68.32,63.44,-4.88,92.72,136.64
19.52,4.88,-14.64,-9.76,14.64,-4.88,48.8,82.96,63.44,9.76,102.48,161.04
24.4,9.76,-14.64,-14.64,19.52,-4.88,53.68,82.96,68.32,4.88,102.48,151.28
14.64,14.64,0,-14.64,4.88,4.88,39.04,82.96,58.56,0,97.6,146.4
19.52,9.76,-9.76,-14.64,14.64,0,43.92,87.84,63.44,4.88,107.36,141.52
24.4,24.4,0,-24.4,9.76,9.76,39.04,87.84,68.32,4.88,112.24,141.52
14.64,48.8,34.16,-29.28,-9.76,39.04,39.04,82.96,58.56,-14.64,92.72,117.12
19.52,53.68,34.16,-34.16,-9.76,43.92,39.04,78.08,53.68,-14.64,82.96,107.36
24.4,39.04,14.64,-29.28,4.88,24.4,34.16,68.32,58.56,-19.52,78.08,97.6
24.4,43.92,19.52,-34.16,0,29.28,29.28,63.44,53.68,-19.52,73.2,92.72
14.64,39.04,24.4,-24.4,-4.88,29.28,39.04,68.32,68.32,-4.88,82.96,97.6
14.64,9.76,-4.88,-9.76,9.76,0,43.92,78.08,87.84,4.88,97.6,102.48
29.28,19.52,-9.76,-24.4,19.52,4.88,43.92,78.08,92.72,-4.88,87.84,102.48
19.52,19.52,0,-19.52,9.76,9.76,43.92,73.2,92.72,-4.88,87.84,87.84
29.28,14.64,-14.64,-19.52,19.52,0,43.92,68.32,97.6,-4.88,87.84,82.96
29.28,34.16,4.88,-29.28,9.76,19.52,43.92,73.2,92.72,-9.76,82.96,82.96
24.4,58.56,34.16,-39.04,-4.88,43.92,39.04,82.96,87.84,-24.4,73.2,73.2
24.4,63.44,39.04,-43.92,-9.76,48.8,39.04,82.96,92.72,-19.52,82.96,78.08
19.52,58.56,39.04,-39.04,-9.76,48.8,39.04,87.84,82.96,-29.28,73.2,63.44
14.64,58.56,43.92,-34.16,-14.64,48.8,34.16,82.96,82.96,-24.4,68.32,48.8
19.52,53.68,34.16,-34.16,-9.76,43.92,39.04,87.84,82.96,-24.4,68.32,43.92
29.28,29.28,0,-29.28,14.64,14.64,53.68,97.6,92.72,-9.76,82.96,53.68
14.64,24.4,9.76,-19.52,0,14.64,53.68,63.44,92.72,-14.64,73.2,43.92
14.64,29.28,14.64,-19.52,0,19.52,58.56,53.68,92.72,-9.76,73.2,48.8
24.4,34.16,9.76,-29.28,4.88,19.52,63.44,53.68,92.72,-19.52,73.2,53.68
9.76,43.92,34.16,-24.4,-14.64,39.04,58.56,43.92,82.96,-29.28,63.44,43.92
29.28,82.96,53.68,-53.68,-14.64,68.32,53.68,39.04,82.96,-34.16,58.56,29.28
24.4,73.2,48.8,-48.8,-14.64,58.56,43.92,39.04,68.32,-34.16,53.68,24.4
24.4,63.44,39.04,-43.92,-9.76,48.8,48.8,34.16,68.32,-34.16,58.56,24.4
19.52,58.56,39.04,-39.04,-9.76,48.8,43.92,34.16,68.32,-39.04,53.68,14.64
9.76,39.04,29.28,-24.4,-9.76,34.16,39.04,24.4,68.32,-24.4,63.44,9.76
14.64,14.64,0,-14.64,4.88,4.88,58.56,43.92,78.08,0,78.08,29.28
4.88,0,-4.88,0,4.88,-4.88,58.56,43.92,78.08,-14.64,68.32,14.64
14.64,4.88,-9.76,-9.76,9.76,-4.88,58.56,43.92,73.2,-9.76,73.2,19.52
19.52,0,-19.52,-9.76,19.52,-9.76,58.56,48.8,78.08,-9.76,73.2,19.52
9.76,4.88,-4.88,-4.88,4.88,0,53.68,34.16,68.32,-14.64,73.2,14.64
19.52,48.8,29.28,-34.16,-4.88,39.04,53.68,34.16,63.44,-14.64,68.32,9.76
24.4,43.92,19.52,-34.16,0,29.28,48.8,29.28,58.56,-19.52,58.56,0
14.64,29.28,14.64,-19.52,0,19.52,48.8,24.4,58.56,-24.4,58.56,-9.76
24.4,43.92,19.52,-34.16,0,29.28,53.68,34.16,58.56,-24.4,48.8,-14.64
14.64,29.28,14.64,-19.52,0,19.52,58.56,34.16,68.32,-14.64,53.68,-14.64
4.88,-9.76,-14.64,4.88,9.76,-14.64,58.56,34.16,68.32,-9.76,53.68,-14.64
4.88,-14.64,-19.52,4.88,9.76,-19.52,58.56,34.16,58.56,-19.52,53.68,-24.4
0,-14.64,-14.64,9.76,4.88,-14.64,58.56,39.04,58.56,-9.76,53.68,-9.76
4.88,-14.64,-19.52,4.88,9.76,-19.52,58.56,34.16,53.68,-14.64,53.68,-14.64
19.52,0,-19.52,-9.76,19.52,-9.76,58.56,34.16,53.68,-9.76,53.68,-9.76
19.52,14.64,-4.88,-14.64,9.76,4.88,48.8,29.28,48.8,-9.76,48.8,-19.52
14.64,19.52,4.88,-14.64,4.88,9.76,48.8,24.4,48.8,-14.64,48.8,-14.64
9.76,9.76,0,-9.76,4.88,4.88,48.8,19.52,34.16,-24.4,34.16,-39.04
14.64,19.52,4.88,-14.64,4.88,9.76,39.04,14.64,29.28,-24.4,29.28,-39.04
19.52,4.88,-14.64,-9.76,14.64,-4.88,43.92,19.52,39.04,-9.76,29.28,-39.04
19.52,-29.28,-48.8,4.88,34.16,-39.04,53.68,24.4,39.04,-4.88,39.04,-34.16
4.88,-39.04,-43.92,19.52,24.4,-43.92,53.68,29.28,39.04,-9.76,43.92,-34.16
0,-43.92,-43.92,24.4,19.52,-43.92,48.8,24.4,29.28,-4.88,34.16,-34.16
-4.88,-43.92,-39.04,24.4,14.64,-43.92,43.92,9.76,24.4,-14.64,29.28,-39.04
9.76,-14.64,-24.4,4.88,14.64,-19.52,48.8,9.76,24.4,-9.76,29.28,-39.04
0,4.88,4.88,0,-4.88,4.88,34.16,0,4.88,-24.4,9.76,-53.68
-4.88,4.88,9.76,0,-9.76,4.88,34.16,0,4.88,-19.52,9.76,-58.56
4.88,0,-4.88,0,4.88,-4.88,29.28,-4.88,0,-39.04,0,-63.44
0,-9.76,-9.76,4.88,4.88,-9.76,24.4,-4.88,-9.76,-43.92,-4.88,-73.2
-4.88,-34.16,-29.28,19.52,9.76,-34.16,34.16,-4.88,-9.76,-34.16,0,-68.32
4.88,-58.56,-63.44,29.28,34.16,-63.44,29.28,0,4.88,-29.28,9.76,-53.68
4.88,-58.56,-63.44,29.28,34.16,-63.44,29.28,0,0,-19.52,19.52,-53.68
0,-68.32,-68.32,34.16,34.16,-68.32,29.28,0,0,-9.76,19.52,-34.16
14.64,-63.44,-78.08,24.4,43.92,-73.2,24.4,-9.76,-9.76,-9.76,24.4,-43.92
0,-43.92,-43.92,24.4,19.52,-43.92,29.28,-9.76,-4.88,-14.64,19.52,-43.92
-9.76,-14.64,-4.88,14.64,-4.88,-9.76,19.52,-19.52,-24.4,-34.16,-9.76,-63.44
-14.64,-14.64,0,14.64,-9.76,-9.76,14.64,-19.52,-34.16,-39.04,-24.4,-73.2
-14.64,-14.64,0,14.64,-9.76,-9.76,4.88,-24.4,-39.04,-48.8,-19.52,-82.96
-19.52,-9.76,9.76,14.64,-14.64,0,4.88,-34.16,-39.04,-43.92,-24.4,-73.2
-9.76,-14.64,-4.88,14.64,-4.88,-9.76,4.88,-29.28,-39.04,-43.92,-29.28,-78.08
0,-39.04,-39.04,19.52,19.52,-39.04,4.88,-14.64,-24.4,-34.16,-14.64,-58.56
-4.88,-48.8,-43.92,29.28,19.52,-48.8,4.88,-19.52,-34.16,-39.04,-19.52,-53.68
-4.88,-53.68,-48.8,29.28,19.52,-53.68,4.88,-19.52,-39.04,-34.16,-14.64,-53.68
-4.88,-58.56,-53.68,34.16,24.4,-58.56,9.76,-14.64,-34.16,-34.16,-4.88,-48.8
-4.88,-48.8,-43.92,29.28,19.52,-48.8,0,-29.28,-48.8,-43.92,-24.4,-58.56
0,-19.52,-19.52,9.76,9.76,-19.52,-9.76,-34.16,-53.68,-43.92,-29.28,-58.56
-9.76,-24.4,-14.64,19.52,0,-19.52,-14.64,-39.04,-58.56,-48.8,-39.04,-58.56
-29.28,-34.16,-4.88,34.16,-14.64,-19.52,-24.4,-39.04,-58.56,-58.56,-43.92,-68.32
-9.76,-24.4,-14.64,19.52,0,-19.52,-24.4,-43.92,-58.56,-48.8,-39.04,-58.56
-4.88,-24.4,-19.52,14.64,4.88,-24.4,-24.4,-43.92,-53.68,-39.04,-29.28,-58.56
0,-43.92,-43.92,24.4,19.52,-43.92,-14.64,-34.16,-58.56,-39.04,-34.16,-48.8
-19.52,-48.8,-29.28,34.16,4.88,-39.04,-14.64,-39.04,-68.32,-43.92,-34.16,-58.56
-9.76,-43.92,-34.16,29.28,9.76,-39.04,-19.52,-43.92,-68.32,-48.8,-43.92,-68.32
-9.76,-29.28,-19.52,19.52,4.88,-24.4,-14.64,-48.8,-68.32,-43.92,-39.04,-58.56
0,-4.88,-4.88,4.88,0,-4.88,-19.52,-53.68,-73.2,-48.8,-43.92,-53.68
-14.64,14.64,29.28,0,-24.4,19.52,-29.28,-53.68,-92.72,-63.44,-53.68,-53.68
-24.4,-4.88,19.52,14.64,-24.4,4.88,-48.8,-58.56,-92.72,-68.32,-53.68,-43.92
-39.04,-19.52,19.52,29.28,-29.28,0,-48.8,-63.44,-92.72,-68.32,-58.56,-48.8
-24.4,-14.64,9.76,19.52,-19.52,-4.88,-48.8,-58.56,-92.72,-73.2,-68.32,-68.32
-19.52,-24.4,-4.88,24.4,-9.76,-14.64,-48.8,-58.56,-92.72,-68.32,-68.32,-87.84
-24.4,-48.8,-24.4,39.04,0,-39.04,-43.92,-58.56,-92.72,-53.68,-48.8,-73.2
-14.64,-39.04,-24.4,29.28,4.88,-34.16,-48.8,-58.56,-92.72,-58.56,-68.32,-78.08
-19.52,-39.04,-19.52,29.28,0,-29.28,-53.68,-58.56,-87.84,-53.68,-63.44,-53.68
-9.76,-34.16,-24.4,24.4,4.88,-29.28,-53.68,-63.44,-102.48,-68.32,-68.32,-53.68
-19.52,-29.28,-9.76,24.4,-4.88,-19.52,-58.56,-73.2,-112.24,-82.96,-82.96,-58.56
-39.04,-14.64,24.4,29.28,-34.16,4.88,-78.08,-97.6,-136.64,-97.6,-97.6,-78.08
-14.64,-4.88,9.76,9.76,-14.64,0,-78.08,-87.84,-122,-82.96,-97.6,-78.08
-24.4,-19.52,4.88,24.4,-14.64,-9.76,-78.08,-92.72,-126.88,-82.96,-92.72,-68.32
-29.28,-14.64,14.64,24.4,-24.4,0,-68.32,-87.84,-122,-82.96,-92.72,-63.44
-19.52,-9.76,9.76,14.64,-14.64,0,-68.32,-82.96,-112.24,-63.44,-63.44,-48.8
-9.76,-34.16,-24.4,24.4,4.88,-29.28,-78.08,-78.08,-112.24,-63.44,-78.08,-58.56
-19.52,-43.92,-24.4,34.16,0,-34.16,-82.96,-78.08,-117.12,-73.2,-82.96,-58.56
4.88,-58.56,-63.44,29.28,34.16,-63.44,-82.96,-78.08,-112.24,-58.56,-58.56,-58.56
14.64,-82.96,-97.6,34.16,53.68,-92.72,-82.96,-78.08,-107.36,-39.04,-43.92,-43.92
9.76,-82.96,-92.72,39.04,48.8,-87.84,-68.32,-63.44,-87.84,-19.52,-39.04,-39.04
9.76,-53.68,-63.44,24.4,34.16,-58.56,-53.68,-34.16,-58.56,0,-39.04,-48.8
4.88,-34.16,-39.04,14.64,19.52,-39.04,-14.64,14.64,-19.52,39.04,-24.4,-48.8
4.88,-4.88,-9.76,0,4.88,-9.76,34.16,87.84,53.68,92.72,4.88,-29.28
14.64,58.56,43.92,-34.16,-14.64,48.8,87.84,170.8,141.52,175.68,53.68,24.4
39.04,102.48,63.44,-68.32,-14.64,82.96,151.28,278.16,248.88,292.8,156.16,131.76
58.56,151.28,92.72,-102.48,-19.52,122,214.72,385.52,366,429.44,287.92,283.04
78.08,263.52,185.44,-170.8,-53.68,224.48,248.88,448.96,453.84,546.56,390.4,409.92
92.72,390.4,297.68,-239.12,-102.48,341.6,307.44,512.4,512.4,614.88,458.72,497.76
112.24,492.88,380.64,-302.56,-136.64,434.32,341.6,527.04,527.04,649.04,488,570.96
131.76,570.96,439.2,-351.36,-156.16,502.64,268.4,429.44,439.2,590.48,473.36,595.36
117.12,595.36,478.24,-356.24,-180.56,536.8,200.08,297.68,302.56,448.96,370.88,531.92
82.96,556.32,473.36,-317.2,-195.2,512.4,102.48,117.12,97.6,214.72,180.56,361.12
43.92,497.76,453.84,-268.4,-204.96,473.36,14.64,-48.8,-126.88,-63.44,-78.08,131.76
0,405.04,405.04,-200.08,-204.96,405.04,-63.44,-185.44,-297.68,-283.04,-292.8,-87.84
-53.68,297.68,351.36,-122,-204.96,322.08,-117.12,-283.04,-419.68,-424.56,-434.32,-268.4
-87.84,224.48,312.32,-68.32,-200.08,268.4,-185.44,-385.52,-512.4,-507.52,-507.52,-366
-112.24,175.68,287.92,-29.28,-200.08,229.36,-229.36,-429.44,-531.92,-527.04,-531.92,-400.16
-122,146.4,268.4,-9.76,-195.2,204.96,-239.12,-419.68,-512.4,-497.76,-507.52,-400.16
-107.36,102.48,209.84,4.88,-161.04,156.16,-244,-400.16,-478.24,-448.96,-458.72,-380.64
-107.36,53.68,161.04,29.28,-136.64,107.36,-273.28,-380.64,-429.44,-380.64,-400.16,-331.84
-82.96,68.32,151.28,9.76,-117.12,107.36,-273.28,-341.6,-375.76,-322.08,-351.36,-297.68
-78.08,63.44,141.52,9.76,-112.24,102.48,-219.6,-258.64,-273.28,-209.84,-273.28,-234.24
-63.44,43.92,107.36,9.76,-87.84,73.2,-180.56,-204.96,-214.72,-156.16,-229.36,-195.2
-29.28,68.32,97.6,-19.52,-63.44,82.96,-146.4,-161.04,-161.04,-92.72,-170.8,-156.16
-34.16,43.92,78.08,-4.88,-58.56,58.56,-136.64,-151.28,-136.64,-53.68,-136.64,-126.88
-14.64,14.64,29.28,0,-24.4,19.52,-126.88,-151.28,-117.12,-34.16,-117.12,-97.6
-9.76,-4.88,4.88,9.76,-9.76,0,-102.48,-126.88,-92.72,-4.88,-92.72,-82.96
-24.4,-19.52,4.88,24.4,-14.64,-9.76,-107.36,-126.88,-97.6,-4.88,-102.48,-87.84
-14.64,-29.28,-14.64,24.4,0,-24.4,-107.36,-122,-92.72,-9.76,-102.48,-102.48
-19.52,-39.04,-19.52,29.28,0,-29.28,-92.72,-107.36,-92.72,-14.64,-97.6,-107.36
-29.28,-39.04,-9.76,34.16,-9.76,-24.4,-92.72,-112.24,-92.72,-24.4,-107.36,-117.12
-14.64,-48.8,-34.16,34.16,9.76,-43.92,-87.84,-112.24,-87.84,-14.64,-102.48,-102.48
-24.4,-73.2,-48.8,48.8,9.76,-63.44,-68.32,-97.6,-63.44,9.76,-68.32,-63.44
-14.64,-68.32,-53.68,43.92,19.52,-63.44,-68.32,-92.72,-58.56,19.52,-63.44,-48.8
14.64,-78.08,-92.72,34.16,53.68,-87.84,-68.32,-87.84,-58.56,19.52,-73.2,-58.56
19.52,-107.36,-126.88,43.92,73.2,-117.12,-63.44,-78.08,-43.92,39.04,-39.04,-43.92
9.76,-112.24,-122,53.68,63.44,-117.12,-53.68,-63.44,-34.16,48.8,-48.8,-78.08
19.52,-97.6,-117.12,39.04,68.32,-107.36,-48.8,-68.32,-34.16,48.8,-43.92,-78.08
4.88,-102.48,-107.36,48.8,53.68,-107.36,-43.92,-68.32,-29.28,48.8,-43.92,-63.44
-4.88,-97.6,-92.72,53.68,43.92,-97.6,-48.8,-68.32,-29.28,48.8,-43.92,-48.8
-34.16,-87.84,-53.68,63.44,9.76,-73.2,-53.68,-87.84,-48.8,29.28,-63.44,-63.44
-19.52,-78.08,-58.56,48.8,19.52,-68.32,-53.68,-78.08,-39.04,39.04,-58.56,-68.32
-14.64,-73.2,-58.56,43.92,19.52,-68.32,-39.04,-73.2,-34.16,48.8,-48.8,-63.44
-4.88,-58.56,-53.68,34.16,24.4,-58.56,-43.92,-78.08,-39.04,53.68,-48.8,-58.56
9.76,-58.56,-68.32,24.4,39.04,-63.44,-34.16,-82.96,-24.4,58.56,-34.16,-48.8
0,-97.6,-97.6,48.8,48.8,-97.6,-24.4,-78.08,-14.64,78.08,-19.52,-29.28
-4.88,-112.24,-107.36,58.56,48.8,-112.24,-19.52,-68.32,-4.88,82.96,-24.4,-34.16
0,-97.6,-97.6,48.8,48.8,-97.6,-14.64,-68.32,0,92.72,-14.64,-24.4
4.88,-102.48,-107.36,48.8,53.68,-107.36,-9.76,-63.44,4.88,92.72,-4.88,-14.64
4.88,-87.84,-92.72,43.92,48.8,-92.72,-14.64,-53.68,14.64,107.36,0,-4.88
4.88,-53.68,-58.56,24.4,29.28,-58.56,-24.4,-73.2,0,92.72,-14.64,-24.4
4.88,-63.44,-68.32,29.28,34.16,-68.32,-9.76,-63.44,4.88,97.6,-9.76,-24.4
9.76,-58.56,-68.32,24.4,39.04,-63.44,-19.52,-73.2,4.88,97.6,-4.88,-29.28
0,-48.8,-48.8,24.4,24.4,-48.8,-14.64,-68.32,0,97.6,-14.64,-34.16
-4.88,-58.56,-53.68,34.16,24.4,-58.56,-9.76,-53.68,9.76,107.36,-9.76,-29.28
9.76,-73.2,-82.96,34.16,43.92,-78.08,4.88,-34.16,39.04,126.88,14.64,-9.76
4.88,-63.44,-68.32,29.28,34.16,-68.32,4.88,-34.16,48.8,131.76,19.52,-14.64
-4.88,-78.08,-73.2,43.92,34.16,-78.08,9.76,-29.28,48.8,136.64,29.28,-9.76
0,-68.32,-68.32,34.16,34.16,-68.32,24.4,-14.64,63.44,146.4,34.16,-4.88
0,-48.8,-48.8,24.4,24.4,-48.8,-4.88,-34.16,43.92,131.76,14.64,-14.64
19.52,9.76,-9.76,-14.64,14.64,0,-4.88,-39.04,39.04,122,9.76,-24.4
0,0,0,0,0,0,0,-29.28,53.68,141.52,24.4,-14.64
-4.88,-19.52,-14.64,14.64,4.88,-19.52,0,-43.92,43.92,136.64,0,-34.16
4.88,-4.88,-9.76,0,4.88,-9.76,4.88,-39.04,58.56,156.16,29.28,-4.88
0,-4.88,-4.88,4.88,0,-4.88,4.88,-39.04,63.44,156.16,34.16,-4.88
9.76,-24.4,-34.16,9.76,19.52,-29.28,9.76,-24.4,73.2,165.92,34.16,4.88
4.88,-19.52,-24.4,9.76,14.64,-24.4,14.64,-14.64,82.96,180.56,53.68,14.64
9.76,-14.64,-24.4,4.88,14.64,-19.52,4.88,-19.52,78.08,175.68,48.8,4.88
24.4,-4.88,-29.28,-9.76,24.4,-19.52,14.64,-9.76,87.84,185.44,53.68,-4.88
9.76,-14.64,-24.4,4.88,14.64,-19.52,9.76,-19.52,87.84,185.44,53.68,4.88
9.76,19.52,9.76,-14.64,0,14.64,-14.64,-43.92,73.2,165.92,43.92,-4.88
24.4,39.04,14.64,-29.28,4.88,24.4,-9.76,-34.16,82.96,175.68,58.56,9.76
39.04,48.8,9.76,-43.92,14.64,29.28,0,-24.4,87.84,180.56,58.56,9.76
34.16,58.56,24.4,-43.92,4.88,39.04,-9.76,-29.28,73.2,175.68,53.68,9.76
29.28,53.68,24.4,-39.04,0,39.04,0,-29.28,82.96,185.44,68.32,19.52
34.16,19.52,-14.64,-24.4,24.4,0,4.88,-14.64,97.6,204.96,82.96,29.28
29.28,29.28,0,-29.28,14.64,14.64,4.88,-14.64,102.48,219.6,87.84,39.04
24.4,43.92,19.52,-34.16,0,29.28,9.76,-4.88,112.24,219.6,92.72,39.04
24.4,58.56,34.16,-39.04,-4.88,43.92,14.64,4.88,117.12,214.72,87.84,34.16
9.76,58.56,48.8,-34.16,-19.52,53.68,9.76,0,112.24,209.84,78.08,24.4
19.52,87.84,68.32,-53.68,-24.4,78.08,-4.88,-9.76,102.48,204.96,68.32,14.64
24.4,92.72,68.32,-58.56,-24.4,78.08,4.88,0,117.12,219.6,82.96,34.16
19.52,87.84,68.32,-53.68,-24.4,78.08,14.64,9.76,131.76,234.24,97.6,43.92
0,82.96,82.96,-39.04,-43.92,82.96,9.76,0,117.12,219.6,82.96,34.16
14.64,107.36,92.72,-58.56,-39.04,97.6,14.64,4.88,117.12,224.48,87.84,34.16
9.76,68.32,58.56,-39.04,-24.4,63.44,14.64,14.64,136.64,224.48,92.72,39.04
19.52,63.44,43.92,-39.04,-14.64,53.68,9.76,14.64,136.64,229.36,87.84,29.28
29.28,78.08,48.8,-53.68,-9.76,63.44,24.4,14.64,141.52,234.24,92.72,39.04
19.52,63.44,43.92,-39.04,-14.64,53.68,29.28,9.76,146.4,239.12,92.72,39.04
9.76,63.44,53.68,-34.16,-24.4,58.56,24.4,4.88,146.4,248.88,97.6,48.8
9.76,92.72,82.96,-48.8,-39.04,87.84,9.76,-14.64,131.76,239.12,82.96,34.16
4.88,97.6,92.72,-48.8,-43.92,92.72,9.76,-19.52,126.88,224.48,78.08,34.16
24.4,117.12,92.72,-68.32,-34.16,102.48,9.76,-19.52,131.76,224.48,73.2,24.4
0,97.6,97.6,-48.8,-48.8,97.6,9.76,-24.4,126.88,214.72,63.44,19.52
14.64,97.6,82.96,-53.68,-34.16,87.84,24.4,-24.4,122,209.84,53.68,9.76
4.88,68.32,63.44,-34.16,-29.28,63.44,39.04,-4.88,131.76,214.72,68.32,19.52
-4.88,58.56,63.44,-24.4,-34.16,58.56,29.28,-14.64,122,209.84,58.56,9.76
-4.88,53.68,58.56,-24.4,-34.16,53.68,29.28,-14.64,122,209.84,58.56,14.64
0,58.56,58.56,-29.28,-29.28,58.56,34.16,-9.76,126.88,219.6,53.68,19.52
14.64,68.32,53.68,-39.04,-19.52,58.56,24.4,-14.64,136.64,229.36,78.08,24.4
4.88,97.6,92.72,-48.8,-43.92,92.72,9.76,-39.04,107.36,204.96,39.04,0
0,97.6,97.6,-48.8,-48.8,97.6,24.4,-34.16,112.24,204.96,43.92,-14.64
4.88,92.72,87.84,-48.8,-43.92,87.84,14.64,-34.16,107.36,195.2,29.28,-19.52
-4.88,102.48,107.36,-48.8,-58.56,102.48,14.64,-29.28,107.36,185.44,14.64,-29.28
-14.64,87.84,102.48,-34.16,-58.56,92.72,14.64,-34.16,97.6,180.56,19.52,-29.28
0,58.56,58.56,-29.28,-29.28,58.56,39.04,-19.52,122,200.08,39.04,-19.52
4.88,63.44,58.56,-34.16,-29.28,58.56,48.8,-14.64,136.64,209.84,39.04,-9.76
-24.4,48.8,73.2,-9.76,-48.8,58.56,39.04,-14.64,136.64,209.84,43.92,-14.64
-4.88,48.8,53.68,-19.52,-29.28,48.8,34.16,-24.4,126.88,200.08,29.28,-24.4
-9.76,48.8,58.56,-19.52,-34.16,53.68,34.16,-19.52,122,190.32,24.4,-39.04
-4.88,87.84,92.72,-39.04,-48.8,87.84,24.4,-29.28,102.48,165.92,4.88,-53.68
-14.64,87.84,102.48,-34.16,-58.56,92.72,19.52,-43.92,92.72,165.92,-4.88,-68.32
-9.76,78.08,87.84,-34.16,-48.8,82.96,19.52,-39.04,97.6,180.56,-4.88,-58.56
-4.88,87.84,92.72,-39.04,-48.8,87.84,24.4,-29.28,107.36,180.56,0,-53.68
-4.88,73.2,78.08,-34.16,-43.92,73.2,24.4,-39.04,102.48,180.56,4.88,-48.8
-9.76,39.04,48.8,-14.64,-29.28,43.92,34.16,-43.92,107.36,180.56,4.88,-53.68
-4.88,39.04,43.92,-14.64,-24.4,39.04,34.16,-34.16,117.12,200.08,14.64,-48.8
-9.76,48.8,58.56,-19.52,-34.16,53.68,34.16,-24.4,126.88,200.08,19.52,-48.8
-9.76,48.8,58.56,-19.52,-34.16,53.68,43.92,-24.4,117.12,190.32,0,-63.44
-14.64,58.56,73.2,-19.52,-43.92,63.44,39.04,-29.28,107.36,180.56,-4.88,-78.08
-19.52,73.2,92.72,-24.4,-58.56,82.96,29.28,-48.8,92.72,161.04,-24.4,-87.84
-14.64,78.08,92.72,-29.28,-53.68,82.96,24.4,-53.68,92.72,161.04,-24.4,-87.84
-14.64,63.44,78.08,-24.4,-48.8,68.32,29.28,-48.8,92.72,165.92,-19.52,-82.96
-19.52,58.56,78.08,-19.52,-48.8,68.32,29.28,-43.92,97.6,165.92,-19.52,-87.84
-9.76,58.56,68.32,-24.4,-39.04,63.44,34.16,-43.92,97.6,165.92,-14.64,-82.96
-19.52,39.04,58.56,-9.76,-39.04,48.8,48.8,-34.16,107.36,185.44,-9.76,-82.96
-14.64,34.16,48.8,-9.76,-34.16,39.04,53.68,-29.28,112.24,190.32,-4.88,-87.84
-29.28,39.04,68.32,-4.88,-48.8,53.68,58.56,-24.4,112.24,185.44,-14.64,-92.72
-34.16,29.28,63.44,4.88,-48.8,43.92,58.56,-34.16,117.12,185.44,-14.64,-92.72
-29.28,43.92,73.2,-4.88,-53.68,58.56,53.68,-34.16,117.12,180.56,-19.52,-97.6
-29.28,63.44,92.72,-14.64,-63.44,78.08,39.04,-48.8,102.48,170.8,-24.4,-107.36
-29.28,58.56,87.84,-14.64,-58.56,73.2,34.16,-48.8,97.6,165.92,-29.28,-112.24
-24.4,48.8,73.2,-9.76,-48.8,58.56,48.8,-43.92,107.36,175.68,-24.4,-102.48
-29.28,48.8,78.08,-9.76,-53.68,63.44,43.92,-39.04,107.36,170.8,-29.28,-112.24
-24.4,43.92,68.32,-9.76,-48.8,53.68,48.8,-43.92,102.48,170.8,-29.28,-107.36
-24.4,14.64,39.04,4.88,-34.16,24.4,63.44,-34.16,122,185.44,-14.64,-97.6
-24.4,9.76,34.16,9.76,-29.28,19.52,58.56,-39.04,117.12,180.56,-14.64,-102.48
-19.52,24.4,43.92,0,-34.16,34.16,58.56,-34.16,122,185.44,-19.52,-102.48
-24.4,24.4,48.8,0,-39.04,34.16,58.56,-34.16,117.12,180.56,-24.4,-102.48
-34.16,34.16,68.32,0,-53.68,48.8,58.56,-34.16,122,185.44,-24.4,-107.36
-19.52,68.32,87.84,-24.4,-53.68,78.08,48.8,-48.8,107.36,175.68,-29.28,-117.12
-24.4,53.68,78.08,-14.64,-53.68,63.44,48.8,-43.92,107.36,170.8,-34.16,-122
-29.28,43.92,73.2,-4.88,-53.68,58.56,43.92,-48.8,107.36,170.8,-39.04,-126.88
-43.92,43.92,87.84,0,-68.32,63.44,53.68,-48.8,112.24,175.68,-34.16,-126.88
-43.92,34.16,78.08,4.88,-63.44,53.68,48.8,-48.8,102.48,170.8,-39.04,-126.88
-34.16,9.76,43.92,14.64,-39.04,24.4,58.56,-34.16,112.24,175.68,-34.16,-112.24
-24.4,9.76,34.16,9.76,-29.28,19.52,53.68,-43.92,107.36,170.8,-29.28,-117.12
-24.4,14.64,39.04,4.88,-34.16,24.4,53.68,-34.16,112.24,170.8,-24.4,-112.24
-19.52,19.52,39.04,0,-29.28,29.28,48.8,-39.04,107.36,175.68,-29.28,-117.12
-29.28,24.4,53.68,4.88,-43.92,39.04,43.92,-43.92,102.48,170.8,-34.16,-122
-24.4,48.8,73.2,-9.76,-48.8,58.56,39.04,-53.68,97.6,156.16,-48.8,-136.64
-19.52,48.8,68.32,-14.64,-43.92,58.56,39.04,-48.8,102.48,156.16,-39.04,-126.88
-29.28,34.16,63.44,0,-48.8,48.8,39.04,-48.8,102.48,156.16,-43.92,-131.76
-29.28,39.04,68.32,-4.88,-48.8,53.68,34.16,-53.68,92.72,146.4,-48.8,-131.76
-29.28,34.16,63.44,0,-48.8,48.8,29.28,-58.56,92.72,161.04,-48.8,-136.64
-34.16,4.88,39.04,14.64,-39.04,19.52,43.92,-39.04,107.36,165.92,-34.16,-122
-29.28,4.88,34.16,14.64,-34.16,19.52,48.8,-39.04,107.36,170.8,-29.28,-122
-29.28,0,29.28,14.64,-29.28,14.64,39.04,-43.92,102.48,161.04,-29.28,-122
-24.4,4.88,29.28,9.76,-29.28,14.64,34.16,-43.92,102.48,165.92,-29.28,-126.88
-14.64,24.4,39.04,-4.88,-29.28,29.28,39.04,-34.16,97.6,170.8,-24.4,-122
-9.76,53.68,63.44,-19.52,-39.04,58.56,29.28,-43.92,82.96,151.28,-39.04,-136.64
-9.76,58.56,68.32,-24.4,-39.04,63.44,39.04,-39.04,87.84,161.04,-29.28,-126.88
-14.64,48.8,63.44,-14.64,-39.04,53.68,39.04,-39.04,82.96,161.04,-29.28,-126.88
-19.52,48.8,68.32,-14.64,-43.92,58.56,34.16,-39.04,78.08,151.28,-24.4,-131.76
-14.64,43.92,58.56,-14.64,-39.04,48.8,29.28,-43.92,73.2,146.4,-29.28,-141.52
-19.52,9.76,29.28,4.88,-24.4,19.52,39.04,-34.16,82.96,161.04,-19.52,-126.88
-19.52,9.76,29.28,4.88,-24.4,19.52,43.92,-29.28,82.96,161.04,-14.64,-112.24
-19.52,14.64,34.16,4.88,-29.28,24.4,39.04,-29.28,82.96,156.16,-9.76,-107.36
-24.4,4.88,29.28,9.76,-29.28,14.64,39.04,-39.04,78.08,151.28,-9.76,-112.24
-24.4,19.52,43.92,4.88,-34.16,29.28,34.16,-34.16,73.2,146.4,-9.76,-117.12
-24.4,39.04,63.44,-4.88,-43.92,48.8,19.52,-53.68,58.56,136.64,-24.4,-136.64
-19.52,39.04,58.56,-9.76,-39.04,48.8,19.52,-53.68,53.68,136.64,-24.4,-141.52
-14.64,39.04,53.68,-9.76,-34.16,43.92,24.4,-53.68,53.68,131.76,-29.28,-131.76
-19.52,29.28,48.8,-4.88,-34.16,39.04,19.52,-53.68,48.8,126.88,-29.28,-126.88
-24.4,34.16,58.56,-4.88,-43.92,43.92,19.52,-53.68,43.92,126.88,-24.4,-117.12
-19.52,4.88,24.4,9.76,-24.4,14.64,29.28,-43.92,53.68,141.52,-14.64,-112.24
-19.52,0,19.52,9.76,-19.52,9.76,29.28,-53.68,48.8,131.76,-14.64,-126.88
-19.52,4.88,24.4,9.76,-24.4,14.64,19.52,-58.56,39.04,117.12,-19.52,-131.76
-24.4,0,24.4,14.64,-24.4,9.76,24.4,-63.44,34.16,112.24,-19.52,-126.88
-24.4,4.88,29.28,9.76,-29.28,14.64,24.4,-43.92,39.04,112.24,-19.52,-122
-24.4,34.16,58.56,-4.88,-43.92,43.92,14.64,-43.92,29.28,102.48,-24.4,-122
-29.28,24.4,53.68,4.88,-43.92,39.04,14.64,-53.68,24.4,97.6,-29.28,-122
-14.64,29.28,43.92,-4.88,-29.28,34.16,9.76,-58.56,14.64,92.72,-24.4,-122
-19.52,24.4,43.92,0,-34.16,34.16,0,-58.56,14.64,82.96,-14.64,-117.12
-24.4,19.52,43.92,4.88,-34.16,29.28,4.88,-58.56,9.76,82.96,-14.64,-122
-19.52,-4.88,14.64,14.64,-19.52,4.88,19.52,-48.8,19.52,92.72,-4.88,-107.36
-19.52,-9.76,9.76,14.64,-14.64,0,14.64,-48.8,9.76,87.84,-9.76,-112.24
-19.52,-9.76,9.76,14.64,-14.64,0,9.76,-53.68,9.76,73.2,-14.64,-112.24
-24.4,-9.76,14.64,19.52,-19.52,0,4.88,-53.68,4.88,68.32,-14.64,-107.36
-34.16,-14.64,19.52,24.4,-29.28,0,4.88,-48.8,0,63.44,-14.64,-107.36
-19.52,14.64,34.16,4.88,-29.28,24.4,-4.88,-63.44,-14.64,43.92,-29.28,-112.24
-19.52,19.52,39.04,0,-29.28,29.28,-4.88,-68.32,-24.4,34.16,-29.28,-112.24
-24.4,4.88,29.28,9.76,-29.28,14.64,-4.88,-63.44,-24.4,34.16,-29.28,-112.24
-29.28,0,29.28,14.64,-29.28,14.64,-4.88,-58.56,-24.4,29.28,-29.28,-107.36
-24.4,-4.88,19.52,14.64,-24.4,4.88,-9.76,-63.44,-39.04,29.28,-34.16,-107.36
-24.4,-29.28,-4.88,29.28,-9.76,-19.52,4.88,-48.8,-24.4,29.28,-24.4,-92.72
-19.52,-29.28,-9.76,24.4,-4.88,-19.52,4.88,-39.04,-19.52,34.16,-19.52,-78.08
-29.28,-34.16,-4.88,34.16,-14.64,-19.52,4.88,-43.92,-29.28,19.52,-19.52,-87.84
-19.52,-29.28,-9.76,24.4,-4.88,-19.52,0,-43.92,-34.16,14.64,-24.4,-82.96
-29.28,-34.16,-4.88,34.16,-14.64,-19.52,9.76,-39.04,-34.16,14.64,-24.4,-78.08
-29.28,-9.76,19.52,19.52,-24.4,4.88,-9.76,-58.56,-53.68,-14.64,-43.92,-92.72
-29.28,0,29.28,14.64,-29.28,14.64,-9.76,-58.56,-58.56,-19.52,-43.92,-92.72
-34.16,-19.52,14.64,29.28,-24.4,-4.88,-9.76,-53.68,-53.68,-24.4,-43.92,-87.84
-34.16,-19.52,14.64,29.28,-24.4,-4.88,-9.76,-48.8,-48.8,-29.28,-48.8,-82.96
-29.28,-24.4,4.88,29.28,-19.52,-9.76,-4.88,-48.8,-48.8,-29.28,-43.92,-78.08
-39.04,-58.56,-19.52,48.8,-9.76,-39.04,9.76,-29.28,-39.04,-19.52,-39.04,-63.44
-24.4,-63.44,-39.04,43.92,4.88,-53.68,14.64,-24.4,-34.16,-19.52,-29.28,-63.44
-19.52,-58.56,-39.04,39.04,9.76,-48.8,9.76,-34.16,-43.92,-34.16,-34.16,-63.44
-24.4,-63.44,-39.04,43.92,4.88,-53.68,14.64,-29.28,-48.8,-29.28,-29.28,-58.56
-24.4,-53.68,-29.28,39.04,0,-43.92,19.52,-19.52,-43.92,-29.28,-29.28,-53.68
-24.4,-29.28,-4.88,29.28,-9.76,-19.52,4.88,-34.16,-58.56,-53.68,-48.8,-68.32
-24.4,-39.04,-14.64,34.16,-4.88,-29.28,4.88,-39.04,-63.44,-63.44,-48.8,-63.44
-29.28,-53.68,-24.4,43.92,-4.88,-39.04,9.76,-39.04,-58.56,-58.56,-48.8,-58.56
-29.28,-48.8,-19.52,39.04,-4.88,-34.16,4.88,-39.04,-63.44,-68.32,-53.68,-58.56
-24.4,-48.8,-24.4,39.04,0,-39.04,0,-34.16,-68.32,-68.32,-58.56,-58.56
-19.52,-78.08,-58.56,48.8,19.52,-68.32,14.64,-24.4,-58.56,-63.44,-43.92,-39.04
-19.52,-78.08,-58.56,48.8,19.52,-68.32,19.52,-19.52,-53.68,-58.56,-39.04,-34.16
-19.52,-78.08,-58.56,48.8,19.52,-68.32,14.64,-19.52,-58.56,-63.44,-39.04,-29.28
-24.4,-92.72,-68.32,58.56,19.52,-82.96,9.76,-24.4,-68.32,-73.2,-43.92,-29.28
-24.4,-87.84,-63.44,58.56,19.52,-78.08,14.64,-24.4,-63.44,-68.32,-39.04,-14.64
-19.52,-58.56,-39.04,39.04,9.76,-48.8,4.88,-34.16,-68.32,-82.96,-43.92,-19.52
-9.76,-82.96,-73.2,48.8,29.28,-78.08,-9.76,-43.92,-73.2,-82.96,-34.16,-4.88
0,-107.36,-107.36,53.68,53.68,-107.36,-9.76,-43.92,-68.32,-73.2,-14.64,14.64
0,-122,-122,63.44,58.56,-122,-4.88,-39.04,-58.56,-78.08,-14.64,14.64
-4.88,-131.76,-126.88,68.32,58.56,-131.76,14.64,-19.52,-43.92,-58.56,-9.76,14.64
0,-151.28,-151.28,78.08,73.2,-151.28,58.56,34.16,9.76,-24.4,14.64,29.28
-9.76,-122,-112.24,68.32,48.8,-117.12,82.96,68.32,43.92,4.88,19.52,43.92
0,-92.72,-92.72,48.8,43.92,-92.72,102.48,126.88,102.48,53.68,58.56,73.2
29.28,-43.92,-73.2,9.76,48.8,-58.56,131.76,195.2,175.68,141.52,136.64,165.92
53.68,24.4,-29.28,-39.04,39.04,-4.88,190.32,297.68,287.92,263.52,248.88,283.04
92.72,131.76,39.04,-112.24,24.4,82.96,234.24,390.4,385.52,370.88,346.48,395.28
107.36,214.72,107.36,-161.04,0,161.04,273.28,463.6,473.36,478.24,439.2,507.52
117.12,283.04,165.92,-200.08,-24.4,224.48,302.56,517.28,546.56,551.44,522.16,590.48
131.76,361.12,229.36,-244,-48.8,292.8,322.08,536.8,561.2,575.84,541.68,634.4
122,414.8,292.8,-268.4,-87.84,351.36,326.96,507.52,507.52,507.52,488,614.88
102.48,390.4,287.92,-244,-92.72,336.72,302.56,405.04,366,336.72,356.24,512.4
58.56,356.24,297.68,-204.96,-122,326.96,229.36,234.24,141.52,63.44,117.12,317.2
4.88,268.4,263.52,-136.64,-131.76,263.52,170.8,92.72,-48.8,-190.32,-107.36,107.36
-39.04,170.8,209.84,-63.44,-126.88,190.32,146.4,0,-175.68,-356.24,-263.52,-68.32
-78.08,107.36,185.44,-14.64,-131.76,146.4,122,-68.32,-268.4,-463.6,-366,-180.56
-102.48,82.96,185.44,9.76,-146.4,131.76,87.84,-126.88,-336.72,-536.8,-419.68,-258.64
-117.12,-4.88,112.24,63.44,-117.12,53.68,43.92,-190.32,-385.52,-585.6,-444.08,-302.56
-126.88,-68.32,58.56,97.6,-92.72,-4.88,-24.4,-244,-400.16,-590.48,-444.08,-312.32
-117.12,-97.6,19.52,107.36,-68.32,-39.04,-87.84,-278.16,-405.04,-570.96,-409.92,-283.04
-92.72,-122,-29.28,107.36,-34.16,-78.08,-122,-278.16,-385.52,-541.68,-366,-248.88
-87.84,-156.16,-68.32,122,-9.76,-112.24,-131.76,-234.24,-322.08,-473.36,-307.44,-190.32
-68.32,-126.88,-58.56,97.6,-4.88,-92.72,-122,-175.68,-244,-400.16,-244,-131.76
-63.44,-87.84,-24.4,78.08,-19.52,-58.56,-102.48,-122,-175.68,-326.96,-190.32,-87.84
-48.8,-63.44,-14.64,58.56,-19.52,-39.04,-82.96,-92.72,-122,-278.16,-146.4,-48.8
-39.04,-53.68,-14.64,48.8,-14.64,-34.16,-68.32,-73.2,-97.6,-244,-112.24,-14.64
-34.16,-39.04,-4.88,39.04,-14.64,-24.4,-87.84,-92.72,-112.24,-258.64,-107.36,-4.88
-24.4,-53.68,-29.28,39.04,0,-43.92,-87.84,-102.48,-117.12,-258.64,-102.48,0
-24.4,-78.08,-53.68,53.68,14.64,-68.32,-73.2,-102.48,-107.36,-248.88,-92.72,14.64
-24.4,-92.72,-68.32,58.56,19.52,-82.96,-73.2,-122,-102.48,-248.88,-87.84,24.4
-14.64,-107.36,-92.72,63.44,39.04,-102.48,-63.44,-161.04,-92.72,-244,-78.08,29.28
-14.64,-156.16,-141.52,87.84,63.44,-151.28,-43.92,-175.68,-68.32,-234.24,-63.44,53.68
-9.76,-175.68,-165.92,92.72,78.08,-170.8,-39.04,-175.68,-68.32,-229.36,-58.56,58.56
-9.76,-175.68,-165.92,92.72,78.08,-170.8,-43.92,-170.8,-68.32,-244,-63.44,68.32
-9.76,-190.32,-180.56,102.48,82.96,-185.44,-39.04,-170.8,-68.32,-244,-63.44,68.32
-9.76,-190.32,-180.56,102.48,82.96,-185.44,-34.16,-161.04,-68.32,-253.76,-58.56,82.96
-9.76,-161.04,-151.28,87.84,68.32,-156.16,-53.68,-165.92,-87.84,-263.52,-73.2,73.2
-14.64,-165.92,-151.28,92.72,68.32,-161.04,-53.68,-161.04,-92.72,-273.28,-73.2,58.56
-4.88,-165.92,-161.04,87.84,78.08,-165.92,-48.8,-151.28,-92.72,-273.28,-68.32,58.56
-4.88,-161.04,-156.16,82.96,73.2,-161.04,-53.68,-146.4,-87.84,-278.16,-68.32,78.08
0,-165.92,-165.92,82.96,82.96,-165.92,-53.68,-136.64,-82.96,-278.16,-58.56,82.96
4.88,-195.2,-200.08,97.6,102.48,-200.08,-43.92,-117.12,-73.2,-268.4,-43.92,92.72
4.88,-195.2,-200.08,97.6,102.48,-200.08,-43.92,-122,-68.32,-268.4,-43.92,97.6
4.88,-190.32,-195.2,92.72,97.6,-195.2,-43.92,-112.24,-58.56,-263.52,-39.04,97.6
0,-200.08,-200.08,102.48,97.6,-200.08,-39.04,-107.36,-53.68,-258.64,-34.16,97.6
-4.88,-204.96,-200.08,107.36,97.6,-204.96,-39.04,-102.48,-53.68,-253.76,-34.16,107.36
4.88,-165.92,-170.8,82.96,87.84,-170.8,-48.8,-107.36,-58.56,-263.52,-39.04,97.6
0,-165.92,-165.92,82.96,82.96,-165.92,-53.68,-102.48,-58.56,-263.52,-43.92,97.6
0,-165.92,-165.92,82.96,82.96,-165.92,-43.92,-97.6,-53.68,-258.64,-34.16,97.6
4.88,-161.04,-165.92,78.08,82.96,-165.92,-39.04,-82.96,-43.92,-248.88,-24.4,112.24
4.88,-161.04,-165.92,78.08,82.96,-165.92,-34.16,-78.08,-39.04,-244,-24.4,107.36
9.76,-185.44,-195.2,87.84,102.48,-190.32,-14.64,-58.56,-24.4,-219.6,-4.88,126.88
9.76,-180.56,-190.32,87.84,97.6,-185.44,-9.76,-48.8,-14.64,-214.72,0,136.64
4.88,-175.68,-180.56,87.84,92.72,-180.56,-14.64,-48.8,-19.52,-214.72,-4.88,136.64
9.76,-170.8,-180.56,82.96,92.72,-175.68,-4.88,-43.92,-14.64,-200.08,0,131.76
4.88,-161.04,-165.92,78.08,82.96,-165.92,0,-39.04,-4.88,-200.08,0,136.64
9.76,-122,-131.76,58.56,68.32,-126.88,-14.64,-43.92,-14.64,-204.96,-14.64,126.88
4.88,-117.12,-122,58.56,63.44,-122,-9.76,-39.04,-9.76,-195.2,-9.76,126.88
0,-117.12,-117.12,58.56,58.56,-117.12,-9.76,-39.04,-9.76,-190.32,-4.88,131.76
4.88,-107.36,-112.24,53.68,58.56,-112.24,-9.76,-34.16,0,-185.44,-4.88,131.76
9.76,-107.36,-117.12,48.8,63.44,-112.24,-4.88,-24.4,4.88,-170.8,4.88,136.64
9.76,-126.88,-136.64,58.56,73.2,-131.76,9.76,-9.76,14.64,-156.16,14.64,146.4
14.64,-131.76,-146.4,58.56,78.08,-141.52,24.4,0,24.4,-151.28,24.4,161.04
14.64,-126.88,-141.52,58.56,78.08,-136.64,14.64,-4.88,19.52,-161.04,14.64,146.4
9.76,-122,-131.76,58.56,68.32,-126.88,19.52,-9.76,19.52,-151.28,19.52,156.16
4.88,-107.36,-112.24,53.68,58.56,-112.24,24.4,-4.88,24.4,-146.4,24.4,165.92
14.64,-82.96,-97.6,34.16,53.68,-92.72,0,-19.52,4.88,-165.92,4.88,141.52
19.52,-73.2,-92.72,29.28,53.68,-82.96,0,-24.4,9.76,-165.92,4.88,141.52
9.76,-78.08,-87.84,34.16,48.8,-82.96,4.88,-19.52,14.64,-161.04,14.64,146.4
4.88,-73.2,-78.08,34.16,39.04,-78.08,-4.88,-19.52,14.64,-156.16,19.52,151.28
14.64,-68.32,-82.96,29.28,48.8,-78.08,0,-19.52,14.64,-156.16,24.4,146.4
4.88,-97.6,-102.48,48.8,53.68,-102.48,4.88,-4.88,29.28,-141.52,39.04,165.92
9.76,-97.6,-107.36,43.92,58.56,-102.48,0,0,29.28,-136.64,48.8,170.8
14.64,-87.84,-102.48,39.04,58.56,-97.6,0,4.88,29.28,-136.64,48.8,175.68
14.64,-82.96,-97.6,34.16,53.68,-92.72,-4.88,-4.88,29.28,-141.52,43.92,170.8
19.52,-68.32,-87.84,24.4,53.68,-78.08,0,0,34.16,-136.64,48.8,180.56
14.64,-43.92,-58.56,14.64,34.16,-53.68,-14.64,-9.76,19.52,-151.28,39.04,170.8
19.52,-43.92,-63.44,14.64,39.04,-53.68,-19.52,-4.88,24.4,-141.52,39.04,165.92
19.52,-39.04,-58.56,9.76,39.04,-48.8,-19.52,0,29.28,-131.76,48.8,175.68
14.64,-39.04,-53.68,14.64,34.16,-48.8,-29.28,-4.88,29.28,-131.76,48.8,170.8
19.52,-39.04,-58.56,9.76,39.04,-48.8,-24.4,4.88,39.04,-122,58.56,175.68
19.52,-63.44,-82.96,24.4,48.8,-73.2,-14.64,14.64,43.92,-117.12,63.44,185.44
14.64,-68.32,-82.96,29.28,48.8,-78.08,-14.64,19.52,48.8,-117.12,68.32,195.2
14.64,-53.68,-68.32,19.52,39.04,-63.44,-14.64,19.52,48.8,-117.12,68.32,185.44
19.52,-43.92,-63.44,14.64,39.04,-53.68,-9.76,19.52,43.92,-117.12,63.44,185.44
24.4,-29.28,-53.68,4.88,39.04,-43.92,-9.76,24.4,48.8,-117.12,68.32,190.32
29.28,9.76,-19.52,-19.52,24.4,-4.88,-24.4,19.52,43.92,-122,58.56,180.56
19.52,9.76,-9.76,-14.64,14.64,0,-24.4,19.52,34.16,-131.76,48.8,175.68
24.4,4.88,-19.52,-14.64,19.52,-9.76,-19.52,19.52,43.92,-122,53.68,185.44
24.4,4.88,-19.52,-14.64,19.52,-9.76,-29.28,29.28,43.92,-117.12,53.68,190.32
19.52,0,-19.52,-9.76,19.52,-9.76,-29.28,34.16,48.8,-112.24,58.56,185.44
19.52,-19.52,-39.04,0,29.28,-29.28,-19.52,39.04,53.68,-107.36,63.44,190.32
14.64,-29.28,-43.92,9.76,29.28,-39.04,-14.64,39.04,53.68,-107.36,63.44,195.2
14.64,-24.4,-39.04,4.88,24.4,-34.16,-14.64,43.92,53.68,-107.36,53.68,195.2
14.64,-14.64,-29.28,0,19.52,-24.4,-9.76,39.04,58.56,-102.48,48.8,180.56
14.64,-19.52,-34.16,4.88,24.4,-29.28,-9.76,39.04,48.8,-112.24,48.8,185.44
19.52,19.52,0,-19.52,9.76,9.76,-24.4,29.28,34.16,-131.76,34.16,175.68
14.64,19.52,4.88,-14.64,4.88,9.76,-29.28,24.4,29.28,-131.76,19.52,161.04
14.64,14.64,0,-14.64,4.88,4.88,-29.28,24.4,24.4,-141.52,14.64,161.04
14.64,9.76,-4.88,-9.76,9.76,0,-29.28,29.28,34.16,-131.76,19.52,161.04
14.64,4.88,-9.76,-9.76,9.76,-4.88,-34.16,29.28,29.28,-131.76,19.52,156.16
4.88,-24.4,-29.28,9.76,14.64,-29.28,-14.64,43.92,24.4,-126.88,24.4,170.8
4.88,-19.52,-24.4,9.76,14.64,-24.4,-24.4,39.04,24.4,-136.64,19.52,165.92
-4.88,-24.4,-19.52,14.64,4.88,-24.4,-24.4,39.04,24.4,-136.64,9.76,156.16
4.88,-19.52,-24.4,9.76,14.64,-24.4,-19.52,34.16,19.52,-141.52,4.88,141.52
0,-14.64,-14.64,9.76,4.88,-14.64,-24.4,29.28,9.76,-151.28,0,141.52
-4.88,4.88,9.76,0,-9.76,4.88,-43.92,19.52,-4.88,-161.04,-19.52,122
0,9.76,9.76,-4.88,-4.88,9.76,-43.92,19.52,-4.88,-161.04,-19.52,117.12
0,4.88,4.88,0,-4.88,4.88,-43.92,19.52,-4.88,-161.04,-19.52,112.24
0,4.88,4.88,0,-4.88,4.88,-43.92,24.4,-4.88,-161.04,-19.52,117.12
4.88,9.76,4.88,-4.88,0,4.88,-43.92,24.4,-4.88,-165.92,-19.52,112.24
0,-24.4,-24.4,14.64,9.76,-24.4,-29.28,34.16,0,-156.16,-14.64,117.12
0,-24.4,-24.4,14.64,9.76,-24.4,-24.4,34.16,0,-151.28,-9.76,126.88
-14.64,-24.4,-9.76,19.52,-4.88,-19.52,-29.28,29.28,-4.88,-156.16,-14.64,112.24
-9.76,-29.28,-19.52,19.52,4.88,-24.4,-24.4,34.16,0,-156.16,-19.52,112.24
-4.88,-24.4,-19.52,14.64,4.88,-24.4,-24.4,24.4,0,-156.16,-24.4,117.12
-4.88,4.88,9.76,0,-9.76,4.88,-39.04,9.76,-19.52,-175.68,-39.04,87.84
-9.76,0,9.76,4.88,-9.76,4.88,-43.92,14.64,-19.52,-170.8,-43.92,87.84
-4.88,0,4.88,4.88,-4.88,0,-34.16,24.4,-14.64,-165.92,-29.28,97.6
-4.88,4.88,9.76,0,-9.76,4.88,-39.04,24.4,-19.52,-165.92,-34.16,87.84
0,4.88,4.88,0,-4.88,4.88,-34.16,29.28,-9.76,-156.16,-29.28,82.96
-9.76,-29.28,-19.52,19.52,4.88,-24.4,-19.52,43.92,0,-146.4,-24.4,97.6
-9.76,-34.16,-24.4,24.4,4.88,-29.28,-29.28,43.92,0,-146.4,-24.4,97.6
0,-19.52,-19.52,9.76,9.76,-19.52,-29.28,48.8,-4.88,-151.28,-29.28,92.72
-4.88,-24.4,-19.52,14.64,4.88,-24.4,-24.4,43.92,-9.76,-146.4,-34.16,87.84
-14.64,-24.4,-9.76,19.52,-4.88,-19.52,-19.52,48.8,-4.88,-146.4,-34.16,92.72
-4.88,4.88,9.76,0,-9.76,4.88,-39.04,29.28,-19.52,-161.04,-53.68,73.2
-9.76,0,9.76,4.88,-9.76,4.88,-39.04,24.4,-19.52,-156.16,-58.56,68.32
-4.88,0,4.88,4.88,-4.88,0,-29.28,43.92,-14.64,-146.4,-48.8,73.2
-9.76,0,9.76,4.88,-9.76,4.88,-34.16,43.92,-14.64,-146.4,-48.8,73.2
-4.88,4.88,9.76,0,-9.76,4.88,-34.16,39.04,-14.64,-146.4,-48.8,68.32
-4.88,-24.4,-19.52,14.64,4.88,-24.4,-19.52,39.04,0,-126.88,-34.16,82.96
-4.88,-29.28,-24.4,19.52,9.76,-29.28,-14.64,39.04,4.88,-122,-34.16,92.72
-4.88,-19.52,-14.64,14.64,4.88,-19.52,-19.52,39.04,-4.88,-126.88,-39.04,78.08
0,-9.76,-9.76,4.88,4.88,-9.76,-19.52,34.16,-4.88,-126.88,-43.92,73.2
-4.88,-14.64,-9.76,9.76,0,-14.64,-19.52,34.16,-9.76,-131.76,-43.92,82.96
-4.88,19.52,24.4,-4.88,-14.64,19.52,-34.16,19.52,-19.52,-141.52,-58.56,58.56
-9.76,14.64,24.4,0,-19.52,19.52,-34.16,19.52,-19.52,-141.52,-63.44,58.56
-9.76,9.76,19.52,0,-14.64,14.64,-34.16,19.52,-19.52,-136.64,-58.56,58.56
-9.76,9.76,19.52,0,-14.64,14.64,-29.28,19.52,-9.76,-131.76,-53.68,58.56
-14.64,4.88,19.52,4.88,-19.52,9.76,-34.16,19.52,-14.64,-131.76,-53.68,48.8
-14.64,-29.28,-14.64,24.4,0,-24.4,-19.52,29.28,-4.88,-112.24,-48.8,63.44
-9.76,-29.28,-19.52,19.52,4.88,-24.4,-9.76,39.04,0,-107.36,-43.92,68.32
-9.76,-24.4,-14.64,19.52,0,-19.52,-14.64,29.28,4.88,-112.24,-39.04,63.44
-4.88,-19.52,-14.64,14.64,4.88,-19.52,-14.64,29.28,0,-102.48,-29.28,58.56
-9.76,-14.64,-4.88,14.64,-4.88,-9.76,-19.52,24.4,-14.64,-112.24,-39.04,63.44
-9.76,9.76,19.52,0,-14.64,14.64,-19.52,14.64,-24.4,-126.88,-48.8,48.8
-14.64,19.52,34.16,0,-24.4,24.4,-14.64,19.52,-24.4,-122,-48.8,39.04
-19.52,0,19.52,9.76,-19.52,9.76,-14.64,19.52,-19.52,-112.24,-48.8,39.04
-9.76,4.88,14.64,4.88,-14.64,9.76,-9.76,19.52,-14.64,-102.48,-39.04,39.04
-4.88,14.64,19.52,-4.88,-14.64,14.64,-14.64,14.64,-19.52,-107.36,-39.04,29.28
-19.52,-19.52,0,19.52,-9.76,-9.76,-9.76,24.4,-24.4,-102.48,-39.04,39.04
-19.52,-24.4,-4.88,24.4,-9.76,-14.64,-4.88,29.28,-14.64,-97.6,-34.16,48.8
-19.52,-14.64,4.88,19.52,-14.64,-4.88,-14.64,19.52,-19.52,-102.48,-34.16,39.04
-14.64,-19.52,-4.88,19.52,-4.88,-14.64,-14.64,24.4,-19.52,-97.6,-29.28,43.92
-9.76,-14.64,-4.88,14.64,-4.88,-9.76,-14.64,19.52,-19.52,-102.48,-34.16,39.04
-9.76,14.64,24.4,0,-19.52,19.52,-29.28,9.76,-29.28,-122,-48.8,14.64
-9.76,24.4,34.16,-4.88,-24.4,29.28,-29.28,-4.88,-39.04,-126.88,-53.68,14.64
-9.76,14.64,24.4,0,-19.52,19.52,-19.52,-4.88,-24.4,-112.24,-43.92,29.28
-19.52,14.64,34.16,4.88,-29.28,24.4,-24.4,9.76,-19.52,-107.36,-39.04,29.28
-4.88,19.52,24.4,-4.88,-14.64,19.52,-24.4,4.88,-43.92,-112.24,-43.92,14.64
-14.64,-19.52,-4.88,19.52,-4.88,-14.64,-4.88,14.64,-34.16,-102.48,-39.04,24.4
-14.64,-29.28,-14.64,24.4,0,-24.4,-9.76,9.76,-29.28,-102.48,-43.92,19.52
-9.76,-24.4,-14.64,19.52,0,-19.52,-9.76,9.76,-24.4,-92.72,-39.04,19.52
-14.64,-24.4,-9.76,19.52,-4.88,-19.52,-19.52,14.64,-29.28,-97.6,-39.04,9.76
-9.76,-19.52,-9.76,14.64,0,-14.64,-14.64,14.64,-24.4,-92.72,-43.92,24.4
-14.64,4.88,19.52,4.88,-19.52,9.76,-19.52,-4.88,-39.04,-107.36,-53.68,4.88
-19.52,14.64,34.16,4.88,-29.28,24.4,-29.28,-9.76,-53.68,-107.36,-53.68,-4.88
-14.64,14.64,29.28,0,-24.4,19.52,-34.16,-4.88,-43.92,-102.48,-53.68,0
-14.64,9.76,24.4,4.88,-19.52,14.64,-29.28,0,-39.04,-97.6,-48.8,4.88
-19.52,4.88,24.4,9.76,-24.4,14.64,-29.28,0,-43.92,-97.6,-48.8,0
-19.52,-24.4,-4.88,24.4,-9.76,-14.64,-9.76,0,-34.16,-87.84,-39.04,4.88
-24.4,-29.28,-4.88,29.28,-9.76,-19.52,-9.76,-14.64,-39.04,-97.6,-53.68,0
-19.52,-34.16,-14.64,29.28,-4.88,-24.4,-9.76,-4.88,-43.92,-92.72,-48.8,0
-19.52,-34.16,-14.64,29.28,-4.88,-24.4,-9.76,4.88,-43.92,-92.72,-43.92,4.88
-24.4,-34.16,-9.76,29.28,-9.76,-24.4,-9.76,-9.76,-43.92,-87.84,-43.92,4.88
-14.64,-4.88,9.76,9.76,-14.64,0,-19.52,-19.52,-48.8,-92.72,-48.8,-9.76
-19.52,-4.88,14.64,14.64,-19.52,4.88,-19.52,-29.28,-53.68,-97.6,-58.56,-19.52
-19.52,0,19.52,9.76,-19.52,9.76,-14.64,-24.4,-53.68,-92.72,-53.68,-29.28
-14.64,4.88,19.52,4.88,-19.52,9.76,-29.28,-29.28,-48.8,-87.84,-53.68,-19.52
-14.64,0,14.64,9.76,-14.64,4.88,-34.16,-34.16,-58.56,-87.84,-53.68,-29.28
-19.52,-34.16,-14.64,29.28,-4.88,-24.4,-19.52,-19.52,-43.92,-78.08,-39.04,-9.76
-24.4,-43.92,-19.52,34.16,-4.88,-34.16,-14.64,-14.64,-34.16,-73.2,-34.16,-14.64
-29.28,-43.92,-14.64,39.04,-9.76,-29.28,-19.52,-19.52,-34.16,-73.2,-39.04,-19.52
-29.28,-39.04,-9.76,34.16,-9.76,-24.4,-4.88,-19.52,-34.16,-68.32,-34.16,-14.64
-24.4,-43.92,-19.52,34.16,-4.88,-34.16,-19.52,-29.28,-43.92,-78.08,-43.92,-24.4
-19.52,-14.64,4.88,19.52,-14.64,-4.88,-29.28,-43.92,-53.68,-87.84,-58.56,-43.92
-24.4,-9.76,14.64,19.52,-19.52,0,-24.4,-43.92,-53.68,-78.08,-53.68,-43.92
-24.4,-9.76,14.64,19.52,-19.52,0,-29.28,-43.92,-48.8,-78.08,-58.56,-48.8
-24.4,-4.88,19.52,14.64,-24.4,4.88,-19.52,-34.16,-43.92,-73.2,-48.8,-39.04
-24.4,-4.88,19.52,14.64,-24.4,4.88,-19.52,-39.04,-48.8,-73.2,-53.68,-43.92
-24.4,-43.92,-19.52,34.16,-4.88,-34.16,-9.76,-34.16,-43.92,-63.44,-48.8,-43.92
-14.64,-39.04,-24.4,29.28,4.88,-34.16,-14.64,-39.04,-43.92,-63.44,-43.92,-43.92
-19.52,-43.92,-24.4,34.16,0,-34.16,-9.76,-39.04,-43.92,-68.32,-43.92,-43.92
-24.4,-43.92,-19.52,34.16,-4.88,-34.16,-9.76,-43.92,-43.92,-63.44,-48.8,-48.8
-24.4,-43.92,-19.52,34.16,-4.88,-34.16,-9.76,-43.92,-43.92,-63.44,-48.8,-43.92
-24.4,-29.28,-4.88,29.28,-9.76,-19.52,-24.4,-58.56,-58.56,-78.08,-63.44,-68.32
-24.4,-24.4,0,24.4,-14.64,-14.64,-19.52,-58.56,-58.56,-73.2,-58.56,-68.32
-24.4,-19.52,4.88,24.4,-14.64,-9.76,-19.52,-63.44,-58.56,-73.2,-58.56,-63.44
-29.28,-19.52,9.76,24.4,-19.52,-4.88,-19.52,-63.44,-58.56,-68.32,-63.44,-68.32
-19.52,-19.52,0,19.52,-9.76,-9.76,-19.52,-68.32,-53.68,-68.32,-58.56,-73.2
-29.28,-53.68,-24.4,43.92,-4.88,-39.04,-4.88,-48.8,-39.04,-48.8,-43.92,-53.68
-24.4,-53.68,-29.28,39.04,0,-43.92,-4.88,-53.68,-39.04,-58.56,-48.8,-58.56
-19.52,-53.68,-34.16,39.04,4.88,-43.92,-9.76,-53.68,-39.04,-48.8,-43.92,-63.44
-24.4,-48.8,-24.4,39.04,0,-39.04,-19.52,-63.44,-48.8,-58.56,-48.8,-73.2
-24.4,-48.8,-24.4,39.04,0,-39.04,-14.64,-63.44,-53.68,-58.56,-48.8,-73.2
-29.28,-24.4,4.88,29.28,-19.52,-9.76,-29.28,-82.96,-68.32,-78.08,-68.32,-87.84
-34.16,-24.4,9.76,29.28,-24.4,-9.76,-29.28,-87.84,-68.32,-73.2,-63.44,-87.84
-24.4,-19.52,4.88,24.4,-14.64,-9.76,-29.28,-82.96,-73.2,-73.2,-68.32,-82.96
-24.4,-24.4,0,24.4,-14.64,-14.64,-39.04,-87.84,-78.08,-82.96,-73.2,-92.72
-29.28,-24.4,4.88,29.28,-19.52,-9.76,-39.04,-87.84,-82.96,-82.96,-68.32,-97.6
-24.4,-48.8,-24.4,39.04,0,-39.04,-24.4,-73.2,-68.32,-63.44,-58.56,-78.08
-19.52,-58.56,-39.04,39.04,9.76,-48.8,-24.4,-73.2,-68.32,-68.32,-58.56,-78.08
-14.64,-48.8,-34.16,34.16,9.76,-43.92,-24.4,-73.2,-63.44,-68.32,-58.56,-73.2
-14.64,-48.8,-34.16,34.16,9.76,-43.92,-34.16,-78.08,-73.2,-73.2,-63.44,-78.08
-19.52,-53.68,-34.16,39.04,4.88,-43.92,-43.92,-78.08,-73.2,-78.08,-63.44,-78.08
-19.52,-34.16,-14.64,29.28,-4.88,-24.4,-48.8,-92.72,-82.96,-92.72,-68.32,-87.84
-19.52,-43.92,-24.4,34.16,0,-34.16,-58.56,-97.6,-87.84,-92.72,-58.56,-82.96
-9.76,-63.44,-53.68,39.04,19.52,-58.56,-58.56,-92.72,-73.2,-73.2,-39.04,-58.56
-9.76,-82.96,-73.2,48.8,29.28,-78.08,-58.56,-87.84,-58.56,-58.56,-24.4,-39.04
-4.88,-97.6,-92.72,53.68,43.92,-97.6,-53.68,-73.2,-63.44,-53.68,-19.52,-43.92
0,-131.76,-131.76,68.32,63.44,-131.76,-14.64,-29.28,-24.4,-24.4,-4.88,-43.92
-4.88,-122,-117.12,63.44,53.68,-122,19.52,24.4,19.52,9.76,0,-48.8
-4.88,-97.6,-92.72,53.68,43.92,-97.6,58.56,87.84,73.2,48.8,14.64,-48.8
9.76,-48.8,-58.56,19.52,34.16,-53.68,107.36,156.16,146.4,122,63.44,0
19.52,-4.88,-24.4,-4.88,19.52,-14.64,185.44,263.52,268.4,253.76,161.04,107.36
63.44,97.6,34.16,-78.08,14.64,63.44,244,356.24,366,361.12,253.76,204.96
82.96,204.96,122,-141.52,-19.52,161.04,292.8,448.96,458.72,473.36,361.12,322.08
97.6,302.56,204.96,-200.08,-53.68,253.76,331.84,517.28,531.92,561.2,429.44,405.04
107.36,405.04,297.68,-253.76,-97.6,351.36,380.64,566.08,570.96,595.36,468.48,458.72
107.36,492.88,385.52,-297.68,-141.52,439.2,356.24,527.04,531.92,570.96,463.6,488
107.36,492.88,385.52,-297.68,-141.52,439.2,283.04,400.16,405.04,458.72,405.04,468.48
78.08,448.96,370.88,-263.52,-146.4,409.92,190.32,209.84,200.08,234.24,239.12,346.48
29.28,390.4,361.12,-209.84,-165.92,375.76,92.72,14.64,-63.44,-78.08,-34.16,126.88
-4.88,278.16,283.04,-136.64,-146.4,278.16,14.64,-122,-219.6,-273.28,-214.72,-58.56
-43.92,170.8,214.72,-63.44,-131.76,190.32,-43.92,-219.6,-336.72,-419.68,-346.48,-214.72
-82.96,126.88,209.84,-19.52,-146.4,165.92,-117.12,-331.84,-478.24,-561.2,-463.6,-331.84
-92.72,58.56,151.28,19.52,-122,102.48,-209.84,-424.56,-551.44,-619.76,-502.64,-395.28
-102.48,9.76,112.24,48.8,-107.36,58.56,-224.48,-424.56,-517.28,-590.48,-478.24,-400.16
-97.6,-24.4,73.2,63.44,-87.84,24.4,-248.88,-424.56,-483.12,-546.56,-434.32,-380.64
-87.84,-39.04,48.8,63.44,-68.32,4.88,-278.16,-409.92,-468.48,-507.52,-390.4,-346.48
-82.96,-68.32,14.64,78.08,-48.8,-29.28,-258.64,-331.84,-385.52,-419.68,-312.32,-283.04
-63.44,-29.28,34.16,48.8,-48.8,0,-214.72,-239.12,-297.68,-326.96,-239.12,-229.36
-53.68,0,53.68,29.28,-53.68,24.4,-185.44,-165.92,-219.6,-248.88,-185.44,-180.56
-43.92,4.88,48.8,19.52,-48.8,24.4,-146.4,-136.64,-165.92,-195.2,-151.28,-151.28
-29.28,9.76,39.04,9.76,-34.16,24.4,-131.76,-112.24,-136.64,-161.04,-112.24,-131.76
-24.4,29.28,53.68,0,-39.04,39.04,-141.52,-117.12,-146.4,-161.04,-107.36,-112.24
-19.52,19.52,39.04,0,-29.28,29.28,-151.28,-131.76,-161.04,-170.8,-107.36,-102.48
-14.64,0,14.64,9.76,-14.64,4.88,-151.28,-126.88,-156.16,-161.04,-97.6,-102.48
-14.64,-34.16,-19.52,24.4,0,-29.28,-151.28,-117.12,-141.52,-151.28,-87.84,-87.84
-9.76,-48.8,-39.04,29.28,14.64,-43.92,-131.76,-92.72,-117.12,-136.64,-78.08,-78.08
-14.64,-102.48,-87.84,58.56,34.16,-97.6,-112.24,-68.32,-117.12,-126.88,-58.56,-73.2
-9.76,-122,-112.24,68.32,48.8,-117.12,-107.36,-58.56,-117.12,-131.76,-53.68,-63.44
0,-122,-122,63.44,58.56,-122,-107.36,-48.8,-117.12,-131.76,-43.92,-53.68
0,-126.88,-126.88,63.44,63.44,-126.88,-107.36,-53.68,-112.24,-141.52,-48.8,-58.56
0,-131.76,-131.76,68.32,63.44,-131.76,-112.24,-63.44,-112.24,-146.4,-53.68,-63.44
4.88,-107.36,-112.24,53.68,58.56,-112.24,-122,-68.32,-117.12,-156.16,-58.56,-68.32
4.88,-102.48,-107.36,48.8,53.68,-107.36,-122,-58.56,-117.12,-170.8,-63.44,-73.2
14.64,-97.6,-112.24,43.92,63.44,-107.36,-112.24,-48.8,-126.88,-170.8,-53.68,-73.2
4.88,-107.36,-112.24,53.68,58.56,-112.24,-112.24,-43.92,-117.12,-156.16,-48.8,-68.32
0,-112.24,-112.24,58.56,53.68,-112.24,-107.36,-39.04,-107.36,-151.28,-39.04,-58.56
14.64,-146.4,-161.04,68.32,87.84,-156.16,-102.48,-43.92,-82.96,-131.76,-24.4,-48.8
9.76,-151.28,-161.04,73.2,82.96,-156.16,-97.6,-48.8,-82.96,-131.76,-14.64,-43.92
-4.88,-151.28,-146.4,78.08,68.32,-151.28,-92.72,-39.04,-78.08,-122,-14.64,-34.16
4.88,-161.04,-165.92,78.08,82.96,-165.92,-97.6,-43.92,-68.32,-122,-9.76,-39.04
4.88,-161.04,-165.92,78.08,82.96,-165.92,-97.6,-39.04,-73.2,-122,-9.76,-39.04
14.64,-126.88,-141.52,58.56,78.08,-136.64,-107.36,-39.04,-82.96,-131.76,-19.52,-43.92
9.76,-117.12,-126.88,53.68,68.32,-122,-112.24,-43.92,-82.96,-126.88,-19.52,-53.68
9.76,-117.12,-126.88,53.68,68.32,-122,-102.48,-43.92,-68.32,-122,-9.76,-48.8
19.52,-107.36,-126.88,43.92,73.2,-117.12,-102.48,-34.16,-63.44,-102.48,-4.88,-43.92
14.64,-107.36,-122,48.8,68.32,-117.12,-102.48,-29.28,-63.44,-107.36,-4.88,-39.04
14.64,-131.76,-146.4,58.56,78.08,-141.52,-87.84,-9.76,-29.28,-78.08,19.52,-24.4
19.52,-136.64,-156.16,58.56,87.84,-146.4,-78.08,0,-24.4,-58.56,24.4,-19.52
9.76,-136.64,-146.4,63.44,78.08,-141.52,-58.56,4.88,-29.28,-63.44,29.28,-14.64
19.52,-126.88,-146.4,53.68,82.96,-136.64,-73.2,-4.88,-34.16,-68.32,24.4,-14.64
14.64,-131.76,-146.4,58.56,78.08,-141.52,-68.32,0,-24.4,-53.68,24.4,-14.64
9.76,-97.6,-107.36,43.92,58.56,-102.48,-68.32,-4.88,-29.28,-58.56,9.76,-24.4
9.76,-73.2,-82.96,34.16,43.92,-78.08,-68.32,-4.88,-29.28,-58.56,9.76,-29.28
9.76,-78.08,-87.84,34.16,48.8,-82.96,-78.08,-9.76,-24.4,-58.56,14.64,-29.28
9.76,-78.08,-87.84,34.16,48.8,-82.96,-78.08,-4.88,-9.76,-29.28,24.4,-19.52
14.64,-63.44,-78.08,24.4,43.92,-73.2,-68.32,0,-4.88,-24.4,34.16,-9.76
14.64,-92.72,-107.36,39.04,58.56,-102.48,-63.44,14.64,4.88,-14.64,43.92,0
24.4,-92.72,-117.12,34.16,68.32,-107.36,-58.56,14.64,4.88,-14.64,43.92,4.88
14.64,-87.84,-102.48,39.04,58.56,-97.6,-48.8,19.52,9.76,-4.88,48.8,14.64
19.52,-82.96,-102.48,34.16,58.56,-92.72,-58.56,14.64,9.76,-9.76,48.8,9.76
24.4,-78.08,-102.48,29.28,63.44,-92.72,-68.32,19.52,4.88,-4.88,53.68,14.64
14.64,-43.92,-58.56,14.64,34.16,-53.68,-73.2,9.76,-4.88,-14.64,43.92,0
19.52,-34.16,-53.68,9.76,34.16,-43.92,-73.2,4.88,-4.88,-14.64,34.16,0
14.64,-39.04,-53.68,14.64,34.16,-48.8,-73.2,4.88,9.76,-4.88,43.92,0
4.88,-39.04,-43.92,19.52,24.4,-43.92,-78.08,9.76,9.76,0,43.92,0
14.64,-24.4,-39.04,4.88,24.4,-34.16,-73.2,14.64,4.88,-4.88,53.68,4.88
19.52,-53.68,-73.2,19.52,43.92,-63.44,-68.32,24.4,34.16,19.52,68.32,24.4
19.52,-58.56,-78.08,19.52,48.8,-68.32,-68.32,29.28,39.04,24.4,78.08,29.28
29.28,-48.8,-78.08,9.76,53.68,-63.44,-63.44,43.92,34.16,29.28,78.08,43.92
24.4,-48.8,-73.2,14.64,48.8,-63.44,-63.44,39.04,34.16,19.52,78.08,39.04
24.4,-39.04,-63.44,9.76,43.92,-53.68,-63.44,43.92,34.16,24.4,78.08,34.16
29.28,-4.88,-34.16,-9.76,29.28,-19.52,-78.08,34.16,19.52,14.64,68.32,34.16
24.4,-4.88,-29.28,-9.76,24.4,-19.52,-82.96,29.28,24.4,19.52,73.2,29.28
34.16,4.88,-29.28,-19.52,29.28,-14.64,-78.08,34.16,29.28,24.4,73.2,29.28
19.52,4.88,-14.64,-9.76,14.64,-4.88,-78.08,29.28,19.52,29.28,63.44,34.16
14.64,9.76,-4.88,-9.76,9.76,0,-68.32,39.04,39.04,43.92,82.96,43.92
24.4,-14.64,-39.04,-4.88,29.28,-29.28,-58.56,53.68,63.44,58.56,107.36,58.56
29.28,-19.52,-48.8,-4.88,39.04,-34.16,-53.68,63.44,58.56,58.56,102.48,63.44
34.16,-9.76,-43.92,-9.76,39.04,-29.28,-48.8,68.32,63.44,63.44,102.48,63.44
29.28,-9.76,-39.04,-9.76,34.16,-24.4,-48.8,53.68,68.32,63.44,102.48,68.32
29.28,0,-29.28,-14.64,29.28,-14.64,-53.68,53.68,48.8,48.8,87.84,53.68
34.16,39.04,4.88,-34.16,14.64,19.52,-63.44,58.56,43.92,39.04,82.96,48.8
29.28,43.92,14.64,-34.16,4.88,29.28,-63.44,58.56,39.04,39.04,68.32,39.04
24.4,39.04,14.64,-29.28,4.88,24.4,-73.2,58.56,39.04,39.04,73.2,43.92
24.4,39.04,14.64,-29.28,4.88,24.4,-78.08,63.44,43.92,53.68,73.2,53.68
14.64,34.16,19.52,-24.4,-4.88,24.4,-58.56,63.44,48.8,53.68,68.32,48.8
24.4,14.64,-9.76,-19.52,14.64,0,-48.8,73.2,58.56,68.32,82.96,58.56
24.4,9.76,-14.64,-14.64,19.52,-4.88,-48.8,82.96,58.56,68.32,87.84,53.68
19.52,9.76,-9.76,-14.64,14.64,0,-48.8,73.2,48.8,63.44,78.08,43.92
24.4,24.4,0,-24.4,9.76,9.76,-48.8,73.2,48.8,58.56,78.08,39.04
19.52,24.4,4.88,-19.52,4.88,14.64,-58.56,73.2,48.8,58.56,68.32,43.92
24.4,53.68,29.28,-39.04,-4.88,39.04,-63.44,63.44,34.16,43.92,58.56,34.16
29.28,63.44,34.16,-43.92,-4.88,48.8,-63.44,63.44,29.28,39.04,53.68,24.4
24.4,58.56,34.16,-39.04,-4.88,43.92,-68.32,58.56,29.28,39.04,43.92,14.64
14.64,53.68,39.04,-34.16,-14.64,43.92,-53.68,63.44,34.16,48.8,48.8,19.52
4.88,58.56,53.68,-29.28,-24.4,53.68,-53.68,58.56,34.16,48.8,48.8,24.4
9.76,24.4,14.64,-14.64,-4.88,19.52,-43.92,68.32,39.04,58.56,58.56,34.16
14.64,24.4,9.76,-19.52,0,14.64,-43.92,63.44,39.04,53.68,53.68,39.04
4.88,19.52,14.64,-9.76,-4.88,14.64,-39.04,63.44,34.16,43.92,43.92,29.28
4.88,29.28,24.4,-14.64,-9.76,24.4,-43.92,58.56,29.28,43.92,43.92,9.76
4.88,29.28,24.4,-14.64,-9.76,24.4,-34.16,53.68,29.28,43.92,39.04,0
4.88,58.56,53.68,-29.28,-24.4,53.68,-43.92,39.04,4.88,24.4,24.4,-14.64
9.76,68.32,58.56,-39.04,-24.4,63.44,-48.8,39.04,9.76,24.4,19.52,-14.64
4.88,58.56,53.68,-29.28,-24.4,53.68,-48.8,34.16,9.76,19.52,19.52,-9.76
0,48.8,48.8,-24.4,-24.4,48.8,-39.04,39.04,9.76,24.4,14.64,-9.76
4.88,58.56,53.68,-29.28,-24.4,53.68,-39.04,39.04,9.76,19.52,19.52,-9.76
4.88,24.4,19.52,-14.64,-9.76,19.52,-34.16,43.92,14.64,29.28,29.28,-4.88
4.88,14.64,9.76,-9.76,-4.88,9.76,-29.28,43.92,19.52,29.28,29.28,-4.88
0,9.76,9.76,-4.88,-4.88,9.76,-34.16,39.04,14.64,19.52,19.52,-4.88
-4.88,9.76,14.64,0,-9.76,9.76,-29.28,34.16,9.76,14.64,19.52,-14.64
0,19.52,19.52,-9.76,-9.76,19.52,-34.16,34.16,9.76,19.52,19.52,-9.76
-4.88,43.92,48.8,-19.52,-29.28,43.92,-43.92,19.52,0,4.88,4.88,-19.52
-4.88,53.68,58.56,-24.4,-34.16,53.68,-43.92,19.52,-4.88,9.76,9.76,-19.52
4.88,48.8,43.92,-24.4,-19.52,43.92,-43.92,19.52,0,9.76,0,-29.28
0,43.92,43.92,-19.52,-24.4,43.92,-39.04,29.28,0,14.64,0,-34.16
0,48.8,48.8,-24.4,-24.4,48.8,-39.04,24.4,-4.88,14.64,4.88,-34.16
4.88,14.64,9.76,-9.76,-4.88,9.76,-24.4,39.04,4.88,24.4,9.76,-14.64
0,4.88,4.88,0,-4.88,4.88,-24.4,39.04,4.88,24.4,14.64,-14.64
-4.88,9.76,14.64,0,-9.76,9.76,-19.52,39.04,4.88,29.28,14.64,-14.64
-9.76,9.76,19.52,0,-14.64,14.64,-34.16,29.28,0,14.64,4.88,-24.4
-9.76,9.76,19.52,0,-14.64,14.64,-43.92,29.28,4.88,19.52,4.88,-29.28
0,43.92,43.92,-19.52,-24.4,43.92,-53.68,14.64,4.88,19.52,4.88,-34.16
-4.88,53.68,58.56,-24.4,-34.16,53.68,-43.92,14.64,-9.76,4.88,-9.76,-39.04
0,48.8,48.8,-24.4,-24.4,48.8,-39.04,29.28,-14.64,0,-9.76,-48.8
0,48.8,48.8,-24.4,-24.4,48.8,-24.4,24.4,-9.76,14.64,-9.76,-43.92
0,53.68,53.68,-24.4,-29.28,53.68,-29.28,9.76,-9.76,14.64,-9.76,-43.92
9.76,29.28,19.52,-19.52,-4.88,24.4,-14.64,19.52,4.88,24.4,4.88,-29.28
-4.88,9.76,14.64,0,-9.76,9.76,-4.88,19.52,14.64,29.28,0,-29.28
-9.76,14.64,24.4,0,-19.52,19.52,-24.4,19.52,-4.88,14.64,-9.76,-29.28
-9.76,14.64,24.4,0,-19.52,19.52,-29.28,19.52,-9.76,19.52,-4.88,-39.04
-9.76,9.76,19.52,0,-14.64,14.64,-29.28,9.76,4.88,19.52,-9.76,-39.04
-4.88,48.8,53.68,-19.52,-29.28,48.8,-48.8,4.88,9.76,19.52,-14.64,-43.92
-9.76,48.8,58.56,-19.52,-34.16,53.68,-34.16,19.52,0,14.64,-9.76,-58.56
-19.52,39.04,58.56,-9.76,-39.04,48.8,-34.16,24.4,-19.52,0,-19.52,-58.56
-9.76,43.92,53.68,-14.64,-34.16,48.8,-14.64,14.64,-24.4,0,-19.52,-48.8
-9.76,53.68,63.44,-19.52,-39.04,58.56,-19.52,4.88,-19.52,4.88,-19.52,-53.68
-4.88,19.52,24.4,-4.88,-14.64,19.52,-4.88,24.4,9.76,24.4,-14.64,-43.92
0,19.52,19.52,-9.76,-9.76,19.52,-4.88,39.04,9.76,39.04,-9.76,-34.16
-4.88,14.64,19.52,-4.88,-14.64,14.64,0,24.4,-4.88,14.64,-19.52,-39.04
-14.64,19.52,34.16,0,-24.4,24.4,-9.76,24.4,-4.88,9.76,-14.64,-34.16
-9.76,19.52,29.28,-4.88,-19.52,24.4,-9.76,29.28,0,19.52,-14.64,-34.16
-14.64,48.8,63.44,-14.64,-39.04,53.68,-14.64,9.76,-9.76,9.76,-29.28,-58.56
-9.76,53.68,63.44,-19.52,-39.04,58.56,-9.76,4.88,-9.76,4.88,-24.4,-58.56
-14.64,43.92,58.56,-14.64,-39.04,48.8,-19.52,9.76,-9.76,9.76,-24.4,-68.32
-19.52,39.04,58.56,-9.76,-39.04,48.8,-19.52,19.52,-9.76,4.88,-29.28,-63.44
-14.64,48.8,63.44,-14.64,-39.04,53.68,-19.52,14.64,-14.64,9.76,-24.4,-63.44
-14.64,9.76,24.4,4.88,-19.52,14.64,-4.88,9.76,0,14.64,-19.52,-53.68
-14.64,14.64,29.28,0,-24.4,19.52,0,14.64,0,19.52,-14.64,-48.8
-19.52,14.64,34.16,4.88,-29.28,24.4,0,19.52,-14.64,9.76,-19.52,-58.56
-14.64,9.76,24.4,4.88,-19.52,14.64,0,9.76,-14.64,9.76,-24.4,-58.56
-9.76,14.64,24.4,0,-19.52,19.52,-4.88,9.76,-9.76,9.76,-24.4,-58.56
-19.52,39.04,58.56,-9.76,-39.04,48.8,-24.4,-4.88,-19.52,0,-34.16,-68.32
-24.4,43.92,68.32,-9.76,-48.8,53.68,-19.52,-9.76,-24.4,-9.76,-39.04,-78.08
-14.64,34.16,48.8,-9.76,-34.16,39.04,-9.76,-14.64,-24.4,-9.76,-39.04,-82.96
-24.4,19.52,43.92,4.88,-34.16,29.28,-14.64,-14.64,-24.4,-9.76,-43.92,-82.96
-19.52,34.16,53.68,-4.88,-39.04,43.92,-14.64,-14.64,-24.4,-4.88,-39.04,-87.84
-19.52,0,19.52,9.76,-19.52,9.76,-4.88,0,-19.52,0,-29.28,-73.2
-24.4,-14.64,9.76,19.52,-19.52,-4.88,0,4.88,-9.76,0,-29.28,-73.2
-19.52,-24.4,-4.88,24.4,-9.76,-14.64,19.52,14.64,-4.88,4.88,-14.64,-53.68
-19.52,-19.52,0,19.52,-9.76,-9.76,9.76,-9.76,-24.4,-9.76,-24.4,-63.44
-14.64,-14.64,0,14.64,-9.76,-9.76,9.76,-9.76,-19.52,-4.88,-24.4,-68.32
-14.64,14.64,29.28,0,-24.4,19.52,-9.76,-14.64,-29.28,-4.88,-29.28,-73.2
-19.52,14.64,34.16,4.88,-29.28,24.4,-19.52,-19.52,-29.28,-14.64,-39.04,-78.08
-14.64,19.52,34.16,0,-24.4,24.4,-19.52,-29.28,-34.16,-19.52,-43.92,-82.96
-29.28,9.76,39.04,9.76,-34.16,24.4,-9.76,-29.28,-39.04,-19.52,-48.8,-82.96
-29.28,9.76,39.04,9.76,-34.16,24.4,-14.64,-29.28,-43.92,-24.4,-48.8,-87.84
-24.4,-24.4,0,24.4,-14.64,-14.64,0,-19.52,-29.28,-14.64,-43.92,-68.32
-29.28,-34.16,-4.88,34.16,-14.64,-19.52,0,-24.4,-19.52,-9.76,-34.16,-78.08
-24.4,-34.16,-9.76,29.28,-9.76,-24.4,-9.76,-14.64,-14.64,-4.88,-29.28,-68.32
-19.52,-24.4,-4.88,24.4,-9.76,-14.64,0,-14.64,-39.04,-14.64,-29.28,-63.44
-24.4,-24.4,0,24.4,-14.64,-14.64,0,-24.4,-43.92,-19.52,-39.04,-68.32
-19.52,4.88,24.4,9.76,-24.4,14.64,-14.64,-34.16,-53.68,-34.16,-53.68,-78.08
-24.4,9.76,34.16,9.76,-29.28,19.52,-14.64,-29.28,-43.92,-39.04,-58.56,-87.84
-24.4,4.88,29.28,9.76,-29.28,14.64,-14.64,-39.04,-53.68,-43.92,-63.44,-92.72
-24.4,9.76,34.16,9.76,-29.28,19.52,-19.52,-34.16,-48.8,-39.04,-48.8,-87.84
-24.4,4.88,29.28,9.76,-29.28,14.64,-39.04,-43.92,-53.68,-43.92,-58.56,-92.72
-29.28,-24.4,4.88,29.28,-19.52,-9.76,-19.52,-34.16,-43.92,-34.16,-53.68,-87.84
-29.28,-39.04,-9.76,34.16,-9.76,-24.4,-9.76,-34.16,-34.16,-29.28,-43.92,-78.08
-29.28,-43.92,-14.64,39.04,-9.76,-29.28,-14.64,-34.16,-39.04,-34.16,-48.8,-82.96
-24.4,-34.16,-9.76,29.28,-9.76,-24.4,-9.76,-48.8,-43.92,-34.16,-53.68,-82.96
-19.52,-29.28,-9.76,24.4,-4.88,-19.52,-19.52,-58.56,-34.16,-29.28,-48.8,-68.32
-14.64,0,14.64,9.76,-14.64,4.88,-24.4,-43.92,-53.68,-43.92,-53.68,-82.96
-14.64,9.76,24.4,4.88,-19.52,14.64,-24.4,-58.56,-63.44,-53.68,-68.32,-92.72
-29.28,0,29.28,14.64,-29.28,14.64,-24.4,-53.68,-68.32,-53.68,-68.32,-97.6
-24.4,0,24.4,14.64,-24.4,9.76,-29.28,-48.8,-58.56,-58.56,-82.96,-102.48
-19.52,0,19.52,9.76,-19.52,9.76,-24.4,-53.68,-58.56,-58.56,-82.96,-97.6
-29.28,-34.16,-4.88,34.16,-14.64,-19.52,-14.64,-48.8,-63.44,-43.92,-63.44,-92.72
-24.4,-39.04,-14.64,34.16,-4.88,-29.28,-14.64,-43.92,-53.68,-48.8,-63.44,-82.96
-29.28,-43.92,-14.64,39.04,-9.76,-29.28,-19.52,-43.92,-48.8,-48.8,-63.44,-97.6
-29.28,-43.92,-14.64,39.04,-9.76,-29.28,-24.4,-43.92,-48.8,-48.8,-73.2,-92.72
-24.4,-34.16,-9.76,29.28,-9.76,-24.4,-29.28,-43.92,-53.68,-48.8,-63.44,-87.84
-29.28,-14.64,14.64,24.4,-24.4,0,-43.92,-58.56,-68.32,-58.56,-73.2,-97.6
-29.28,-9.76,19.52,19.52,-24.4,4.88,-43.92,-73.2,-73.2,-73.2,-82.96,-97.6
-29.28,-19.52,9.76,24.4,-19.52,-4.88,-34.16,-68.32,-68.32,-63.44,-78.08,-97.6
-29.28,-19.52,9.76,24.4,-19.52,-4.88,-29.28,-73.2,-73.2,-63.44,-78.08,-97.6
-24.4,-14.64,9.76,19.52,-19.52,-4.88,-34.16,-68.32,-78.08,-68.32,-73.2,-97.6
-29.28,-43.92,-14.64,39.04,-9.76,-29.28,-24.4,-58.56,-53.68,-43.92,-63.44,-82.96
-29.28,-53.68,-24.4,43.92,-4.88,-39.04,-19.52,-53.68,-48.8,-39.04,-58.56,-82.96
-29.28,-48.8,-19.52,39.04,-4.88,-34.16,-24.4,-63.44,-63.44,-58.56,-63.44,-82.96
-29.28,-53.68,-24.4,43.92,-4.88,-39.04,-29.28,-68.32,-68.32,-58.56,-63.44,-87.84
-29.28,-48.8,-19.52,39.04,-4.88,-34.16,-24.4,-73.2,-63.44,-58.56,-63.44,-82.96
-24.4,-24.4,0,24.4,-14.64,-14.64,-43.92,-82.96,-78.08,-68.32,-68.32,-92.72
-34.16,-19.52,14.64,29.28,-24.4,-4.88,-48.8,-87.84,-87.84,-87.84,-82.96,-107.36
-34.16,-24.4,9.76,29.28,-24.4,-9.76,-39.04,-78.08,-78.08,-73.2,-68.32,-107.36
-29.28,-29.28,0,29.28,-14.64,-14.64,-43.92,-78.08,-73.2,-73.2,-73.2,-97.6
-24.4,-24.4,0,24.4,-14.64,-14.64,-53.68,-82.96,-73.2,-78.08,-73.2,-97.6
-14.64,-43.92,-29.28,29.28,4.88,-39.04,-39.04,-73.2,-68.32,-68.32,-53.68,-82.96
-24.4,-58.56,-34.16,43.92,4.88,-48.8,-39.04,-63.44,-63.44,-58.56,-48.8,-82.96
-19.52,-53.68,-34.16,39.04,4.88,-43.92,-39.04,-78.08,-58.56,-63.44,-48.8,-78.08
-19.52,-48.8,-29.28,34.16,4.88,-39.04,-43.92,-82.96,-73.2,-73.2,-53.68,-78.08
-24.4,-58.56,-34.16,43.92,4.88,-48.8,-39.04,-78.08,-73.2,-73.2,-48.8,-73.2
-24.4,-24.4,0,24.4,-14.64,-14.64,-63.44,-97.6,-92.72,-97.6,-73.2,-87.84
-29.28,-19.52,9.76,24.4,-19.52,-4.88,-73.2,-97.6,-92.72,-102.48,-78.08,-97.6
-24.4,-29.28,-4.88,29.28,-9.76,-19.52,-68.32,-97.6,-87.84,-92.72,-73.2,-92.72
-24.4,-29.28,-4.88,29.28,-9.76,-19.52,-58.56,-102.48,-92.72,-87.84,-63.44,-87.84
-19.52,-39.04,-19.52,29.28,0,-29.28,-58.56,-97.6,-78.08,-82.96,-48.8,-73.2
-4.88,-73.2,-68.32,39.04,29.28,-73.2,-53.68,-92.72,-68.32,-68.32,-34.16,-48.8
-4.88,-102.48,-97.6,53.68,43.92,-102.48,-58.56,-87.84,-68.32,-68.32,-24.4,-39.04
-4.88,-122,-117.12,63.44,53.68,-122,-58.56,-78.08,-58.56,-53.68,-4.88,-34.16
4.88,-117.12,-122,58.56,63.44,-122,-34.16,-48.8,-34.16,-39.04,4.88,-29.28
0,-117.12,-117.12,58.56,58.56,-117.12,-9.76,-9.76,4.88,-4.88,19.52,-34.16
-9.76,-63.44,-53.68,39.04,19.52,-58.56,19.52,29.28,34.16,4.88,14.64,-48.8
0,-29.28,-29.28,14.64,14.64,-29.28,68.32,97.6,97.6,63.44,43.92,-14.64
14.64,4.88,-9.76,-9.76,9.76,-4.88,131.76,185.44,195.2,170.8,117.12,63.44
43.92,63.44,19.52,-53.68,9.76,39.04,209.84,307.44,312.32,297.68,234.24,170.8
68.32,156.16,87.84,-112.24,-9.76,122,263.52,414.8,444.08,429.44,336.72,297.68
78.08,234.24,156.16,-156.16,-39.04,195.2,322.08,512.4,541.68,546.56,439.2,405.04
92.72,341.6,248.88,-214.72,-78.08,292.8,400.16,580.72,585.6,600.24,488,473.36
102.48,444.08,341.6,-273.28,-122,390.4,414.8,570.96,580.72,600.24,502.64,522.16
102.48,507.52,405.04,-302.56,-151.28,453.84,346.48,448.96,478.24,517.28,473.36,522.16
87.84,488,400.16,-287.92,-156.16,444.08,229.36,268.4,273.28,312.32,346.48,434.32
39.04,463.6,424.56,-248.88,-195.2,444.08,107.36,39.04,4.88,4.88,78.08,234.24
-4.88,370.88,375.76,-180.56,-190.32,370.88,4.88,-112.24,-190.32,-253.76,-151.28,24.4
-43.92,239.12,283.04,-97.6,-165.92,258.64,-39.04,-214.72,-317.2,-400.16,-278.16,-122
-82.96,141.52,224.48,-29.28,-156.16,180.56,-82.96,-307.44,-434.32,-527.04,-395.28,-258.64
-97.6,73.2,170.8,14.64,-136.64,122,-170.8,-419.68,-522.16,-619.76,-463.6,-336.72
-112.24,-19.52,92.72,68.32,-102.48,34.16,-204.96,-429.44,-536.8,-619.76,-463.6,-366
-117.12,-48.8,68.32,82.96,-92.72,9.76,-214.72,-400.16,-488,-566.08,-414.8,-336.72
-92.72,-68.32,24.4,82.96,-58.56,-24.4,-248.88,-400.16,-458.72,-522.16,-361.12,-297.68
-82.96,-68.32,14.64,78.08,-48.8,-29.28,-253.76,-366,-405.04,-458.72,-292.8,-244
-68.32,-34.16,34.16,53.68,-53.68,0,-209.84,-273.28,-317.2,-370.88,-229.36,-195.2
-58.56,24.4,82.96,19.52,-73.2,53.68,-180.56,-204.96,-239.12,-292.8,-180.56,-165.92
-43.92,43.92,87.84,0,-68.32,63.44,-156.16,-161.04,-180.56,-239.12,-141.52,-126.88
-34.16,48.8,82.96,-4.88,-58.56,63.44,-126.88,-117.12,-126.88,-185.44,-87.84,-82.96
-24.4,34.16,58.56,-4.88,-43.92,43.92,-122,-117.12,-131.76,-175.68,-78.08,-63.44
-19.52,29.28,48.8,-4.88,-34.16,39.04,-126.88,-122,-131.76,-180.56,-73.2,-43.92
-24.4,-24.4,0,24.4,-14.64,-14.64,-117.12,-107.36,-122,-165.92,-53.68,-29.28
-24.4,-63.44,-39.04,43.92,4.88,-53.68,-112.24,-97.6,-117.12,-156.16,-39.04,-34.16
-14.64,-78.08,-63.44,48.8,24.4,-73.2,-87.84,-73.2,-92.72,-141.52,-19.52,0
-9.76,-92.72,-82.96,53.68,34.16,-87.84,-78.08,-68.32,-82.96,-136.64,-9.76,9.76
-9.76,-97.6,-87.84,53.68,39.04,-92.72,-68.32,-58.56,-78.08,-136.64,0,9.76
-4.88,-73.2,-68.32,39.04,29.28,-73.2,-78.08,-58.56,-73.2,-136.64,0,19.52
0,-78.08,-78.08,39.04,39.04,-78.08,-73.2,-58.56,-73.2,-141.52,4.88,9.76
4.88,-78.08,-82.96,39.04,43.92,-82.96,-73.2,-58.56,-92.72,-156.16,0,4.88
4.88,-82.96,-87.84,39.04,43.92,-87.84,-68.32,-48.8,-82.96,-156.16,4.88,29.28
4.88,-87.84,-92.72,43.92,48.8,-92.72,-73.2,-48.8,-82.96,-151.28,9.76,9.76
9.76,-112.24,-122,53.68,63.44,-117.12,-53.68,-43.92,-78.08,-151.28,9.76,29.28
4.88,-131.76,-136.64,63.44,68.32,-136.64,-53.68,-39.04,-48.8,-131.76,29.28,53.68
4.88,-136.64,-141.52,68.32,73.2,-141.52,-58.56,-29.28,-43.92,-126.88,34.16,53.68
9.76,-136.64,-146.4,63.44,78.08,-141.52,-63.44,-19.52,-39.04,-117.12,48.8,73.2
-4.88,-141.52,-136.64,73.2,63.44,-141.52,-53.68,-24.4,-39.04,-122,48.8,78.08
0,-112.24,-112.24,58.56,53.68,-112.24,-53.68,-34.16,-58.56,-141.52,29.28,63.44
4.88,-102.48,-107.36,48.8,53.68,-107.36,-58.56,-29.28,-58.56,-146.4,34.16,73.2
9.76,-107.36,-117.12,48.8,63.44,-112.24,-68.32,-24.4,-63.44,-141.52,43.92,73.2
14.64,-107.36,-122,48.8,68.32,-117.12,-58.56,-29.28,-39.04,-122,53.68,78.08
19.52,-102.48,-122,43.92,68.32,-112.24,-53.68,-14.64,-34.16,-112.24,63.44,87.84
4.88,-131.76,-136.64,63.44,68.32,-136.64,-34.16,14.64,-29.28,-107.36,68.32,97.6
9.76,-136.64,-146.4,63.44,78.08,-141.52,-29.28,34.16,-14.64,-92.72,78.08,107.36
9.76,-136.64,-146.4,63.44,78.08,-141.52,-24.4,34.16,-4.88,-82.96,82.96,107.36
19.52,-131.76,-151.28,58.56,82.96,-141.52,-14.64,29.28,-4.88,-78.08,87.84,117.12
14.64,-126.88,-141.52,58.56,78.08,-136.64,-4.88,24.4,19.52,-63.44,97.6,126.88
14.64,-92.72,-107.36,39.04,58.56,-102.48,-24.4,24.4,-9.76,-73.2,87.84,117.12
19.52,-73.2,-92.72,29.28,53.68,-82.96,-19.52,24.4,-14.64,-73.2,82.96,117.12
19.52,-78.08,-97.6,29.28,58.56,-87.84,-4.88,24.4,-4.88,-73.2,92.72,122
19.52,-73.2,-92.72,29.28,53.68,-82.96,-9.76,19.52,-9.76,-87.84,92.72,122
24.4,-58.56,-82.96,19.52,53.68,-73.2,-4.88,24.4,-4.88,-78.08,102.48,131.76
19.52,-87.84,-107.36,34.16,63.44,-97.6,9.76,39.04,4.88,-53.68,102.48,131.76
19.52,-82.96,-102.48,34.16,58.56,-92.72,19.52,43.92,24.4,-34.16,102.48,136.64
24.4,-78.08,-102.48,29.28,63.44,-92.72,29.28,43.92,48.8,-4.88,117.12,146.4
19.52,-73.2,-92.72,29.28,53.68,-82.96,24.4,48.8,43.92,0,117.12,161.04
19.52,-68.32,-87.84,24.4,53.68,-78.08,39.04,58.56,34.16,-9.76,112.24,170.8
14.64,-39.04,-53.68,14.64,34.16,-48.8,24.4,43.92,24.4,-19.52,102.48,165.92
14.64,-29.28,-43.92,9.76,29.28,-39.04,39.04,39.04,24.4,-14.64,102.48,175.68
24.4,-14.64,-39.04,-4.88,29.28,-29.28,43.92,34.16,24.4,-14.64,102.48,175.68
19.52,-19.52,-39.04,0,29.28,-29.28,43.92,58.56,39.04,0,107.36,165.92
19.52,-4.88,-24.4,-4.88,19.52,-14.64,39.04,78.08,29.28,-9.76,112.24,161.04
19.52,-34.16,-53.68,9.76,34.16,-43.92,53.68,87.84,39.04,4.88,117.12,165.92
24.4,-34.16,-58.56,4.88,39.04,-48.8,53.68,92.72,43.92,9.76,122,170.8
29.28,-24.4,-53.68,0,39.04,-39.04,58.56,97.6,53.68,14.64,126.88,180.56
29.28,-24.4,-53.68,0,39.04,-39.04,53.68,92.72,53.68,19.52,141.52,195.2
24.4,-19.52,-43.92,0,34.16,-34.16,53.68,82.96,58.56,19.52,146.4,180.56
29.28,9.76,-19.52,-19.52,24.4,-4.88,39.04,73.2,53.68,19.52,151.28,180.56
19.52,14.64,-4.88,-14.64,9.76,4.88,29.28,82.96,48.8,14.64,136.64,180.56
34.16,19.52,-14.64,-24.4,24.4,0,43.92,87.84,58.56,24.4,146.4,175.68
34.16,14.64,-19.52,-24.4,24.4,-4.88,43.92,78.08,58.56,24.4,151.28,185.44
34.16,29.28,-4.88,-29.28,19.52,9.76,29.28,73.2,39.04,24.4,156.16,195.2
39.04,9.76,-29.28,-24.4,34.16,-9.76,48.8,92.72,53.68,34.16,170.8,200.08
29.28,4.88,-24.4,-14.64,24.4,-9.76,48.8,97.6,63.44,39.04,175.68,204.96
34.16,9.76,-24.4,-19.52,29.28,-9.76,63.44,107.36,73.2,43.92,185.44,214.72
43.92,24.4,-19.52,-34.16,29.28,0,73.2,122,82.96,58.56,190.32,224.48
39.04,19.52,-19.52,-29.28,29.28,0,78.08,112.24,92.72,63.44,190.32,224.48
29.28,53.68,24.4,-39.04,0,39.04,73.2,107.36,78.08,53.68,175.68,209.84
34.16,58.56,24.4,-43.92,4.88,39.04,68.32,92.72,78.08,43.92,156.16,200.08
43.92,58.56,14.64,-48.8,14.64,34.16,73.2,107.36,78.08,58.56,180.56,204.96
39.04,58.56,19.52,-48.8,9.76,39.04,73.2,107.36,87.84,68.32,185.44,209.84
34.16,68.32,34.16,-48.8,0,48.8,73.2,107.36,78.08,58.56,180.56,209.84
34.16,43.92,9.76,-39.04,9.76,24.4,82.96,122,97.6,68.32,185.44,219.6
43.92,39.04,-4.88,-39.04,24.4,14.64,97.6,122,107.36,78.08,200.08,224.48
34.16,48.8,14.64,-39.04,9.76,29.28,97.6,126.88,112.24,82.96,190.32,214.72
43.92,58.56,14.64,-48.8,14.64,34.16,97.6,136.64,112.24,78.08,190.32,224.48
39.04,58.56,19.52,-48.8,9.76,39.04,97.6,126.88,112.24,78.08,180.56,209.84
34.16,82.96,48.8,-58.56,-9.76,63.44,82.96,107.36,102.48,68.32,175.68,204.96
39.04,97.6,58.56,-68.32,-9.76,78.08,78.08,92.72,82.96,58.56,161.04,190.32
34.16,87.84,53.68,-58.56,-9.76,68.32,87.84,97.6,92.72,58.56,161.04,190.32
29.28,78.08,48.8,-53.68,-9.76,63.44,87.84,112.24,102.48,68.32,161.04,190.32
29.28,82.96,53.68,-53.68,-14.64,68.32,82.96,102.48,87.84,58.56,161.04,185.44
24.4,53.68,29.28,-39.04,-4.88,39.04,87.84,102.48,92.72,63.44,156.16,180.56
24.4,48.8,24.4,-34.16,0,34.16,97.6,112.24,112.24,73.2,170.8,195.2
29.28,53.68,24.4,-39.04,0,39.04,97.6,112.24,92.72,63.44,161.04,175.68
34.16,58.56,24.4,-43.92,4.88,39.04,97.6,102.48,87.84,58.56,156.16,180.56
34.16,58.56,24.4,-43.92,4.88,39.04,97.6,102.48,92.72,58.56,156.16,180.56
24.4,82.96,58.56,-53.68,-19.52,68.32,82.96,87.84,82.96,43.92,141.52,165.92
24.4,92.72,68.32,-58.56,-24.4,78.08,82.96,87.84,78.08,43.92,131.76,156.16
29.28,87.84,58.56,-58.56,-14.64,73.2,82.96,92.72,78.08,43.92,126.88,156.16
19.52,78.08,58.56,-48.8,-19.52,68.32,78.08,82.96,73.2,39.04,122,136.64
24.4,82.96,58.56,-53.68,-19.52,68.32,73.2,78.08,68.32,34.16,122,131.76
19.52,53.68,34.16,-34.16,-9.76,43.92,82.96,87.84,73.2,39.04,126.88,126.88
14.64,34.16,19.52,-24.4,-4.88,24.4,82.96,107.36,78.08,48.8,126.88,126.88
19.52,39.04,19.52,-29.28,0,29.28,78.08,112.24,82.96,53.68,131.76,122
19.52,39.04,19.52,-29.28,0,29.28,78.08,97.6,73.2,48.8,126.88,112.24
14.64,39.04,24.4,-24.4,-4.88,29.28,78.08,97.6,73.2,43.92,126.88,112.24
9.76,68.32,58.56,-39.04,-24.4,63.44,63.44,82.96,58.56,34.16,112.24,92.72
9.76,73.2,63.44,-39.04,-29.28,68.32,58.56,82.96,58.56,29.28,102.48,87.84
14.64,78.08,63.44,-43.92,-24.4,68.32,58.56,78.08,53.68,29.28,97.6,82.96
9.76,73.2,63.44,-39.04,-29.28,68.32,63.44,87.84,63.44,39.04,92.72,73.2
9.76,82.96,73.2,-43.92,-34.16,78.08,58.56,82.96,68.32,34.16,92.72,78.08
9.76,53.68,43.92,-29.28,-19.52,48.8,68.32,92.72,82.96,43.92,102.48,82.96
0,34.16,34.16,-14.64,-19.52,34.16,68.32,97.6,78.08,39.04,97.6,78.08
4.88,43.92,39.04,-24.4,-19.52,39.04,78.08,102.48,87.84,48.8,102.48,78.08
9.76,43.92,34.16,-24.4,-14.64,39.04,73.2,87.84,78.08,34.16,102.48,73.2
0,29.28,29.28,-14.64,-14.64,29.28,78.08,92.72,82.96,39.04,112.24,73.2
4.88,63.44,58.56,-34.16,-29.28,58.56,63.44,82.96,73.2,24.4,102.48,58.56
9.76,73.2,63.44,-39.04,-29.28,68.32,53.68,73.2,63.44,19.52,97.6,53.68
14.64,68.32,53.68,-39.04,-19.52,58.56,53.68,68.32,63.44,19.52,92.72,53.68
14.64,58.56,43.92,-34.16,-14.64,48.8,63.44,73.2,73.2,29.28,97.6,53.68
9.76,58.56,48.8,-34.16,-19.52,53.68,53.68,68.32,63.44,29.28,87.84,48.8
4.88,29.28,24.4,-14.64,-9.76,24.4,68.32,78.08,78.08,39.04,102.48,63.44
14.64,19.52,4.88,-14.64,4.88,9.76,78.08,87.84,82.96,48.8,107.36,68.32
14.64,19.52,4.88,-14.64,4.88,9.76,78.08,87.84,82.96,43.92,112.24,63.44
19.52,34.16,14.64,-24.4,0,24.4,73.2,78.08,82.96,43.92,107.36,68.32
9.76,19.52,9.76,-14.64,0,14.64,73.2,78.08,73.2,39.04,92.72,58.56
9.76,53.68,43.92,-29.28,-19.52,48.8,58.56,63.44,68.32,29.28,87.84,48.8
14.64,73.2,58.56,-43.92,-24.4,63.44,58.56,58.56,63.44,19.52,78.08,39.04
4.88,63.44,58.56,-34.16,-29.28,58.56,48.8,48.8,53.68,9.76,58.56,24.4
9.76,53.68,43.92,-29.28,-19.52,48.8,63.44,63.44,63.44,19.52,68.32,29.28
9.76,63.44,53.68,-34.16,-24.4,58.56,63.44,58.56,58.56,19.52,63.44,24.4
4.88,24.4,19.52,-14.64,-9.76,19.52,78.08,68.32,68.32,24.4,68.32,34.16
9.76,9.76,0,-9.76,4.88,4.88,73.2,63.44,73.2,24.4,73.2,48.8
9.76,9.76,0,-9.76,4.88,4.88,78.08,73.2,78.08,34.16,78.08,63.44
14.64,19.52,4.88,-14.64,4.88,9.76,87.84,78.08,82.96,48.8,82.96,68.32
14.64,4.88,-9.76,-9.76,9.76,-4.88,82.96,68.32,78.08,43.92,82.96,68.32
9.76,29.28,19.52,-19.52,-4.88,24.4,73.2,48.8,58.56,29.28,68.32,43.92
0,34.16,34.16,-14.64,-19.52,34.16,73.2,39.04,58.56,14.64,53.68,34.16
0,34.16,34.16,-14.64,-19.52,34.16,68.32,39.04,53.68,9.76,48.8,24.4
4.88,24.4,19.52,-14.64,-9.76,19.52,58.56,39.04,43.92,4.88,43.92,14.64
0,39.04,39.04,-19.52,-19.52,39.04,63.44,34.16,39.04,0,39.04,14.64
-4.88,0,4.88,4.88,-4.88,0,78.08,48.8,48.8,9.76,43.92,19.52
9.76,-9.76,-19.52,0,14.64,-14.64,82.96,48.8,53.68,24.4,53.68,29.28
9.76,-19.52,-29.28,4.88,19.52,-24.4,78.08,43.92,53.68,34.16,58.56,39.04
9.76,-19.52,-29.28,4.88,19.52,-24.4,73.2,34.16,48.8,19.52,53.68,39.04
14.64,-19.52,-34.16,4.88,24.4,-29.28,82.96,48.8,53.68,29.28,58.56,39.04
19.52,4.88,-14.64,-9.76,14.64,-4.88,58.56,29.28,39.04,14.64,48.8,19.52
9.76,14.64,4.88,-9.76,0,9.76,53.68,19.52,29.28,4.88,39.04,4.88
14.64,19.52,4.88,-14.64,4.88,9.76,63.44,14.64,24.4,-4.88,29.28,-4.88
9.76,4.88,-4.88,-4.88,4.88,0,48.8,9.76,14.64,-9.76,24.4,-9.76
-4.88,4.88,9.76,0,-9.76,4.88,48.8,4.88,4.88,-19.52,19.52,-14.64
-4.88,-24.4,-19.52,14.64,4.88,-24.4,53.68,9.76,9.76,-19.52,24.4,-4.88
4.88,-39.04,-43.92,19.52,24.4,-43.92,68.32,29.28,24.4,0,43.92,9.76
9.76,-43.92,-53.68,19.52,29.28,-48.8,63.44,19.52,19.52,4.88,48.8,19.52
9.76,-39.04,-48.8,14.64,29.28,-43.92,68.32,14.64,19.52,0,48.8,24.4
4.88,-43.92,-48.8,19.52,24.4,-48.8,63.44,24.4,29.28,9.76,58.56,34.16
14.64,-9.76,-24.4,0,19.52,-19.52,58.56,9.76,19.52,-4.88,39.04,9.76
4.88,-4.88,-9.76,0,4.88,-9.76,48.8,-4.88,4.88,-24.4,24.4,-4.88
0,-19.52,-19.52,9.76,9.76,-19.52,43.92,-9.76,-4.88,-34.16,19.52,-14.64
-9.76,-19.52,-9.76,14.64,0,-14.64,43.92,0,-14.64,-34.16,14.64,-24.4
-4.88,-14.64,-9.76,9.76,0,-14.64,48.8,4.88,-9.76,-24.4,14.64,-19.52
0,-39.04,-39.04,19.52,19.52,-39.04,53.68,4.88,-4.88,-24.4,19.52,-9.76
-4.88,-48.8,-43.92,29.28,19.52,-48.8,58.56,9.76,0,-14.64,29.28,0
0,-48.8,-48.8,24.4,24.4,-48.8,58.56,9.76,-9.76,-24.4,19.52,-4.88
0,-48.8,-48.8,24.4,24.4,-48.8,58.56,4.88,-14.64,-29.28,14.64,-4.88
4.88,-53.68,-58.56,24.4,29.28,-58.56,48.8,0,-24.4,-29.28,9.76,-9.76
4.88,-24.4,-29.28,9.76,14.64,-29.28,43.92,-4.88,-29.28,-43.92,0,-14.64
14.64,-9.76,-24.4,0,19.52,-19.52,39.04,-14.64,-29.28,-43.92,-4.88,-14.64
0,-19.52,-19.52,9.76,9.76,-19.52,39.04,-19.52,-34.16,-34.16,0,-9.76
0,-14.64,-14.64,9.76,4.88,-14.64,34.16,-14.64,-34.16,-34.16,-4.88,-19.52
-9.76,0,9.76,4.88,-9.76,4.88,34.16,-14.64,-39.04,-43.92,-14.64,-24.4
-9.76,-29.28,-19.52,19.52,4.88,-24.4,34.16,-19.52,-43.92,-53.68,-29.28,-34.16
-9.76,-48.8,-39.04,29.28,14.64,-43.92,29.28,-14.64,-43.92,-53.68,-24.4,-24.4
4.88,-48.8,-53.68,24.4,29.28,-53.68,29.28,-19.52,-43.92,-48.8,-19.52,-24.4
-4.88,-43.92,-39.04,24.4,14.64,-43.92,34.16,-19.52,-39.04,-58.56,-19.52,-24.4
0,-48.8,-48.8,24.4,24.4,-48.8,34.16,-19.52,-43.92,-53.68,-19.52,-24.4
9.76,-14.64,-24.4,4.88,14.64,-19.52,19.52,-29.28,-48.8,-48.8,-24.4,-24.4
-4.88,0,4.88,4.88,-4.88,0,14.64,-39.04,-58.56,-58.56,-24.4,-29.28
0,4.88,4.88,0,-4.88,4.88,19.52,-34.16,-53.68,-58.56,-24.4,-29.28
-9.76,-4.88,4.88,9.76,-9.76,0,14.64,-39.04,-63.44,-63.44,-29.28,-39.04
-14.64,-4.88,9.76,9.76,-14.64,0,9.76,-39.04,-68.32,-68.32,-29.28,-39.04
-19.52,-29.28,-9.76,24.4,-4.88,-19.52,14.64,-29.28,-63.44,-68.32,-34.16,-43.92
-9.76,-34.16,-24.4,24.4,4.88,-29.28,19.52,-14.64,-58.56,-63.44,-19.52,-29.28
-9.76,-39.04,-29.28,24.4,9.76,-34.16,9.76,-29.28,-68.32,-73.2,-29.28,-34.16
-24.4,-63.44,-39.04,43.92,4.88,-53.68,9.76,-34.16,-73.2,-87.84,-39.04,-34.16
-14.64,-53.68,-39.04,34.16,9.76,-48.8,9.76,-29.28,-63.44,-78.08,-24.4,-29.28
-4.88,-39.04,-34.16,24.4,14.64,-39.04,-14.64,-48.8,-82.96,-82.96,-29.28,-24.4
9.76,-29.28,-39.04,9.76,24.4,-34.16,-24.4,-63.44,-92.72,-92.72,-43.92,-39.04
0,-24.4,-24.4,14.64,9.76,-24.4,-19.52,-48.8,-78.08,-73.2,-24.4,-14.64
0,-24.4,-24.4,14.64,9.76,-24.4,-19.52,-48.8,-78.08,-73.2,-39.04,-24.4
-4.88,-14.64,-9.76,9.76,0,-14.64,-19.52,-43.92,-73.2,-68.32,-39.04,-39.04
0,-19.52,-19.52,9.76,9.76,-19.52,-19.52,-43.92,-73.2,-68.32,-34.16,-29.28
-9.76,-24.4,-14.64,19.52,0,-19.52,-9.76,-34.16,-73.2,-73.2,-48.8,-43.92
-4.88,-24.4,-19.52,14.64,4.88,-24.4,-24.4,-53.68,-82.96,-87.84,-58.56,-53.68
-9.76,-34.16,-24.4,24.4,4.88,-29.28,-24.4,-53.68,-92.72,-92.72,-53.68,-48.8
-14.64,-43.92,-29.28,29.28,4.88,-39.04,-19.52,-43.92,-78.08,-78.08,-39.04,-34.16
-24.4,-29.28,-4.88,29.28,-9.76,-19.52,-29.28,-53.68,-92.72,-92.72,-68.32,-58.56
-24.4,-24.4,0,24.4,-14.64,-14.64,-39.04,-68.32,-107.36,-107.36,-73.2,-68.32
-19.52,-29.28,-9.76,24.4,-4.88,-19.52,-43.92,-63.44,-102.48,-97.6,-68.32,-63.44
-9.76,-24.4,-14.64,19.52,0,-19.52,-48.8,-53.68,-92.72,-87.84,-58.56,-53.68
-14.64,-24.4,-9.76,19.52,-4.88,-19.52,-53.68,-63.44,-97.6,-87.84,-53.68,-53.68
0,-43.92,-43.92,24.4,19.52,-43.92,-48.8,-63.44,-87.84,-68.32,-58.56,-48.8
-9.76,-58.56,-48.8,34.16,19.52,-53.68,-39.04,-58.56,-92.72,-63.44,-53.68,-48.8
-9.76,-53.68,-43.92,34.16,14.64,-48.8,-39.04,-63.44,-92.72,-63.44,-58.56,-53.68
-4.88,-48.8,-43.92,29.28,19.52,-48.8,-43.92,-68.32,-97.6,-63.44,-63.44,-58.56
-14.64,-58.56,-43.92,39.04,14.64,-53.68,-43.92,-63.44,-92.72,-58.56,-58.56,-53.68
0,-19.52,-19.52,9.76,9.76,-19.52,-48.8,-68.32,-102.48,-63.44,-73.2,-58.56
0,-9.76,-9.76,4.88,4.88,-9.76,-63.44,-92.72,-117.12,-82.96,-87.84,-87.84
-24.4,-34.16,-9.76,29.28,-9.76,-24.4,-63.44,-82.96,-112.24,-82.96,-92.72,-87.84
-24.4,-34.16,-9.76,29.28,-9.76,-24.4,-68.32,-73.2,-107.36,-73.2,-82.96,-73.2
-4.88,-34.16,-29.28,19.52,9.76,-34.16,-78.08,-87.84,-117.12,-78.08,-87.84,-73.2
-9.76,-73.2,-63.44,43.92,24.4,-68.32,-68.32,-82.96,-107.36,-63.44,-78.08,-63.44
14.64,-68.32,-82.96,29.28,48.8,-78.08,-68.32,-73.2,-97.6,-43.92,-58.56,-39.04
9.76,-78.08,-87.84,34.16,48.8,-82.96,-73.2,-73.2,-92.72,-29.28,-43.92,-29.28
-9.76,-107.36,-97.6,58.56,43.92,-102.48,-78.08,-97.6,-97.6,-29.28,-39.04,-43.92
4.88,-107.36,-112.24,53.68,58.56,-112.24,-82.96,-87.84,-87.84,-14.64,-24.4,-63.44
0,-73.2,-73.2,39.04,34.16,-73.2,-68.32,-68.32,-63.44,0,-29.28,-78.08
4.88,-68.32,-73.2,34.16,39.04,-73.2,-53.68,-34.16,-43.92,9.76,-34.16,-82.96
14.64,-53.68,-68.32,19.52,39.04,-63.44,-14.64,24.4,4.88,43.92,-34.16,-73.2
9.76,-24.4,-34.16,9.76,19.52,-29.28,34.16,87.84,73.2,97.6,0,-43.92
14.64,29.28,14.64,-19.52,0,19.52,78.08,165.92,156.16,185.44,63.44,24.4
39.04,53.68,14.64,-43.92,9.76,34.16,151.28,273.28,273.28,322.08,175.68,146.4
78.08,136.64,58.56,-107.36,9.76,97.6,209.84,370.88,385.52,453.84,292.8,278.16
97.6,253.76,156.16,-175.68,-29.28,204.96,258.64,453.84,483.12,570.96,395.28,390.4
112.24,375.76,263.52,-244,-78.08,317.2,287.92,492.88,531.92,634.4,448.96,448.96
136.64,478.24,341.6,-307.44,-102.48,409.92,307.44,492.88,522.16,634.4,478.24,512.4
126.88,570.96,444.08,-346.48,-161.04,507.52,244,380.64,414.8,556.32,439.2,517.28
107.36,590.48,483.12,-346.48,-190.32,536.8,180.56,253.76,297.68,429.44,336.72,444.08
73.2,556.32,483.12,-312.32,-204.96,517.28,92.72,78.08,73.2,170.8,112.24,248.88
19.52,488,468.48,-253.76,-224.48,478.24,-4.88,-97.6,-156.16,-112.24,-146.4,14.64
-34.16,375.76,409.92,-170.8,-224.48,390.4,-68.32,-209.84,-302.56,-297.68,-322.08,-185.44
-68.32,258.64,326.96,-92.72,-200.08,292.8,-107.36,-278.16,-395.28,-409.92,-429.44,-326.96
-107.36,175.68,283.04,-34.16,-195.2,229.36,-185.44,-390.4,-488,-512.4,-512.4,-405.04
-102.48,131.76,234.24,-14.64,-170.8,180.56,-214.72,-419.68,-512.4,-522.16,-512.4,-424.56
-107.36,87.84,195.2,9.76,-151.28,141.52,-229.36,-409.92,-483.12,-488,-492.88,-429.44
-97.6,29.28,126.88,34.16,-112.24,78.08,-258.64,-395.28,-444.08,-429.44,-434.32,-395.28
-63.44,24.4,87.84,19.52,-78.08,53.68,-287.92,-375.76,-395.28,-366,-370.88,-346.48
-63.44,24.4,87.84,19.52,-78.08,53.68,-278.16,-326.96,-331.84,-297.68,-317.2,-302.56
-68.32,14.64,82.96,29.28,-78.08,48.8,-234.24,-248.88,-248.88,-204.96,-253.76,-253.76
-48.8,14.64,63.44,19.52,-58.56,39.04,-190.32,-195.2,-185.44,-141.52,-209.84,-224.48
-39.04,29.28,68.32,4.88,-53.68,48.8,-165.92,-190.32,-156.16,-107.36,-175.68,-195.2
-34.16,0,34.16,19.52,-34.16,14.64,-146.4,-180.56,-122,-58.56,-122,-146.4
-34.16,-24.4,9.76,29.28,-24.4,-9.76,-136.64,-175.68,-112.24,-39.04,-112.24,-136.64
-24.4,-29.28,-4.88,29.28,-9.76,-19.52,-141.52,-170.8,-107.36,-29.28,-117.12,-131.76
-9.76,-34.16,-24.4,24.4,4.88,-29.28,-146.4,-156.16,-107.36,-34.16,-112.24,-126.88
0,-48.8,-48.8,24.4,24.4,-48.8,-131.76,-136.64,-92.72,-24.4,-97.6,-126.88
0,-24.4,-24.4,14.64,9.76,-24.4,-122,-126.88,-78.08,-14.64,-92.72,-122
4.88,-39.04,-43.92,19.52,24.4,-43.92,-122,-136.64,-87.84,-34.16,-107.36,-141.52
9.76,-58.56,-68.32,24.4,39.04,-63.44,-107.36,-131.76,-82.96,-19.52,-92.72,-122
9.76,-68.32,-78.08,29.28,43.92,-73.2,-112.24,-136.64,-82.96,-19.52,-92.72,-122
4.88,-78.08,-82.96,39.04,43.92,-82.96,-117.12,-131.76,-82.96,-14.64,-92.72,-122
14.64,-117.12,-131.76,53.68,73.2,-126.88,-117.12,-122,-73.2,-9.76,-82.96,-117.12
9.76,-126.88,-136.64,58.56,73.2,-131.76,-112.24,-112.24,-58.56,4.88,-53.68,-92.72
-4.88,-141.52,-136.64,73.2,63.44,-141.52,-102.48,-112.24,-63.44,-4.88,-68.32,-97.6
0,-141.52,-141.52,73.2,68.32,-141.52,-107.36,-107.36,-53.68,14.64,-43.92,-78.08
14.64,-146.4,-161.04,68.32,87.84,-156.16,-92.72,-97.6,-39.04,29.28,-39.04,-78.08
24.4,-112.24,-136.64,43.92,78.08,-126.88,-97.6,-112.24,-43.92,29.28,-48.8,-78.08
19.52,-102.48,-122,43.92,68.32,-112.24,-102.48,-112.24,-48.8,14.64,-63.44,-97.6
19.52,-87.84,-107.36,34.16,63.44,-97.6,-82.96,-102.48,-48.8,14.64,-58.56,-87.84
14.64,-87.84,-102.48,39.04,58.56,-97.6,-73.2,-87.84,-39.04,29.28,-43.92,-73.2
9.76,-92.72,-102.48,43.92,53.68,-97.6,-78.08,-87.84,-34.16,34.16,-39.04,-73.2
24.4,-107.36,-131.76,43.92,78.08,-122,-78.08,-82.96,-24.4,48.8,-29.28,-68.32
14.64,-102.48,-117.12,43.92,63.44,-112.24,-78.08,-73.2,-19.52,53.68,-19.52,-68.32
0,-117.12,-117.12,58.56,58.56,-117.12,-82.96,-73.2,-19.52,43.92,-34.16,-97.6
4.88,-107.36,-112.24,53.68,58.56,-112.24,-82.96,-63.44,-19.52,43.92,-43.92,-112.24
24.4,-97.6,-122,39.04,73.2,-112.24,-78.08,-68.32,-19.52,43.92,-58.56,-92.72
14.64,-92.72,-107.36,39.04,58.56,-102.48,-73.2,-63.44,-9.76,48.8,-39.04,-73.2
48.8,-68.32,-117.12,9.76,82.96,-92.72,-63.44,-53.68,-4.88,58.56,-34.16,-82.96
34.16,-78.08,-112.24,24.4,73.2,-97.6,-68.32,-58.56,4.88,73.2,-24.4,-82.96
24.4,-78.08,-102.48,29.28,63.44,-92.72,-68.32,-58.56,9.76,87.84,-14.64,-68.32
29.28,-58.56,-87.84,14.64,58.56,-73.2,-68.32,-58.56,9.76,82.96,-24.4,-78.08
29.28,-68.32,-97.6,19.52,63.44,-82.96,-58.56,-48.8,19.52,87.84,-24.4,-92.72
24.4,-73.2,-97.6,24.4,58.56,-87.84,-39.04,-29.28,29.28,97.6,-19.52,-87.84
24.4,-78.08,-102.48,29.28,63.44,-92.72,-53.68,-43.92,14.64,78.08,-29.28,-107.36
24.4,-73.2,-97.6,24.4,58.56,-87.84,-58.56,-53.68,9.76,73.2,-34.16,-112.24
24.4,-73.2,-97.6,24.4,58.56,-87.84,-48.8,-43.92,29.28,97.6,-9.76,-92.72
14.64,-48.8,-63.44,19.52,39.04,-58.56,-53.68,-43.92,29.28,97.6,-9.76,-97.6
14.64,-34.16,-48.8,9.76,29.28,-43.92,-58.56,-48.8,29.28,97.6,-19.52,-107.36
24.4,-24.4,-48.8,0,34.16,-39.04,-53.68,-39.04,39.04,112.24,-4.88,-97.6
24.4,-29.28,-53.68,4.88,39.04,-43.92,-48.8,-43.92,39.04,107.36,-4.88,-97.6
24.4,-14.64,-39.04,-4.88,29.28,-29.28,-48.8,-48.8,34.16,107.36,-9.76,-107.36
34.16,-34.16,-68.32,0,48.8,-53.68,-48.8,-34.16,43.92,112.24,-14.64,-107.36
24.4,-29.28,-53.68,4.88,39.04,-43.92,-53.68,-24.4,58.56,131.76,9.76,-92.72
29.28,-24.4,-53.68,0,39.04,-39.04,-58.56,-43.92,48.8,122,4.88,-102.48
24.4,-29.28,-53.68,4.88,39.04,-43.92,-58.56,-29.28,48.8,122,-4.88,-107.36
19.52,-34.16,-53.68,9.76,34.16,-43.92,-58.56,-29.28,53.68,122,0,-102.48
34.16,4.88,-29.28,-19.52,29.28,-14.64,-53.68,-24.4,58.56,136.64,14.64,-92.72
19.52,4.88,-14.64,-9.76,14.64,-4.88,-63.44,-34.16,43.92,126.88,0,-97.6
29.28,29.28,0,-29.28,14.64,14.64,-63.44,-29.28,58.56,146.4,19.52,-73.2
34.16,24.4,-9.76,-29.28,19.52,4.88,-68.32,-24.4,73.2,156.16,34.16,-63.44
29.28,29.28,0,-29.28,14.64,14.64,-63.44,-34.16,73.2,161.04,29.28,-73.2
34.16,19.52,-14.64,-24.4,24.4,0,-53.68,-14.64,82.96,175.68,29.28,-92.72
39.04,24.4,-14.64,-29.28,24.4,4.88,-58.56,-9.76,92.72,180.56,29.28,-117.12
43.92,34.16,-9.76,-39.04,24.4,9.76,-58.56,-14.64,78.08,161.04,24.4,-112.24
39.04,34.16,-4.88,-34.16,19.52,14.64,-53.68,-9.76,73.2,156.16,34.16,-97.6
43.92,34.16,-9.76,-39.04,24.4,9.76,-53.68,0,82.96,161.04,34.16,-82.96
34.16,63.44,29.28,-48.8,0,43.92,-53.68,0,87.84,170.8,48.8,-78.08
34.16,68.32,34.16,-48.8,0,48.8,-58.56,-9.76,87.84,161.04,34.16,-92.72
14.64,48.8,34.16,-29.28,-9.76,39.04,-63.44,-9.76,97.6,170.8,34.16,-92.72
29.28,53.68,24.4,-39.04,0,39.04,-58.56,0,102.48,175.68,43.92,-92.72
43.92,73.2,29.28,-58.56,4.88,48.8,-58.56,-4.88,102.48,170.8,34.16,-97.6
34.16,53.68,19.52,-43.92,4.88,34.16,-48.8,9.76,102.48,175.68,39.04,-92.72
24.4,34.16,9.76,-29.28,4.88,19.52,-39.04,14.64,122,195.2,53.68,-78.08
39.04,58.56,19.52,-48.8,9.76,39.04,-39.04,34.16,136.64,209.84,68.32,-58.56
39.04,63.44,24.4,-48.8,4.88,43.92,-53.68,24.4,126.88,200.08,43.92,-87.84
39.04,63.44,24.4,-48.8,4.88,43.92,-43.92,29.28,126.88,204.96,43.92,-87.84
19.52,87.84,68.32,-53.68,-24.4,78.08,-39.04,24.4,126.88,195.2,43.92,-87.84
34.16,102.48,68.32,-68.32,-19.52,82.96,-48.8,14.64,117.12,180.56,29.28,-107.36
24.4,97.6,73.2,-58.56,-24.4,82.96,-53.68,14.64,112.24,180.56,19.52,-112.24
9.76,82.96,73.2,-43.92,-34.16,78.08,-39.04,24.4,117.12,180.56,24.4,-107.36
29.28,97.6,68.32,-63.44,-19.52,82.96,-34.16,24.4,117.12,180.56,19.52,-107.36
14.64,53.68,39.04,-34.16,-14.64,43.92,-39.04,19.52,107.36,175.68,4.88,-112.24
4.88,48.8,43.92,-24.4,-19.52,43.92,-43.92,19.52,117.12,180.56,14.64,-117.12
19.52,58.56,39.04,-39.04,-9.76,48.8,-29.28,24.4,117.12,175.68,9.76,-126.88
4.88,53.68,48.8,-29.28,-24.4,48.8,-24.4,19.52,107.36,175.68,-4.88,-141.52
9.76,53.68,43.92,-29.28,-19.52,48.8,-24.4,24.4,112.24,180.56,4.88,-136.64
9.76,78.08,68.32,-43.92,-29.28,73.2,-34.16,4.88,102.48,170.8,-4.88,-136.64
24.4,87.84,63.44,-53.68,-19.52,73.2,-29.28,4.88,102.48,165.92,-4.88,-141.52
14.64,87.84,73.2,-48.8,-29.28,78.08,-34.16,4.88,97.6,165.92,-14.64,-141.52
9.76,78.08,68.32,-43.92,-29.28,73.2,-48.8,-4.88,87.84,156.16,-14.64,-151.28
19.52,87.84,68.32,-53.68,-24.4,78.08,-43.92,-9.76,87.84,146.4,-29.28,-165.92
14.64,58.56,43.92,-34.16,-14.64,48.8,-43.92,-9.76,82.96,141.52,-29.28,-170.8
4.88,48.8,43.92,-24.4,-19.52,43.92,-34.16,9.76,97.6,156.16,-19.52,-151.28
0,53.68,53.68,-24.4,-29.28,53.68,-29.28,9.76,97.6,156.16,-14.64,-156.16
4.88,63.44,58.56,-34.16,-29.28,58.56,-34.16,4.88,92.72,151.28,-24.4,-161.04
9.76,48.8,39.04,-29.28,-14.64,43.92,-34.16,0,92.72,146.4,-24.4,-156.16
4.88,68.32,63.44,-34.16,-29.28,63.44,-39.04,-9.76,82.96,141.52,-34.16,-165.92
-4.88,78.08,82.96,-34.16,-43.92,78.08,-43.92,-14.64,78.08,131.76,-43.92,-180.56
0,78.08,78.08,-39.04,-39.04,78.08,-48.8,-19.52,68.32,117.12,-48.8,-190.32
-4.88,73.2,78.08,-34.16,-43.92,73.2,-34.16,-14.64,73.2,122,-39.04,-185.44
-4.88,82.96,87.84,-39.04,-48.8,82.96,-43.92,-29.28,63.44,117.12,-58.56,-200.08
0,63.44,63.44,-29.28,-34.16,63.44,-39.04,-19.52,68.32,122,-48.8,-195.2
-4.88,43.92,48.8,-19.52,-29.28,43.92,-29.28,-19.52,78.08,136.64,-48.8,-190.32
-4.88,48.8,53.68,-19.52,-29.28,48.8,-34.16,-19.52,73.2,136.64,-48.8,-190.32
-4.88,63.44,68.32,-29.28,-39.04,63.44,-34.16,-24.4,68.32,131.76,-53.68,-195.2
-9.76,43.92,53.68,-14.64,-34.16,48.8,-29.28,-14.64,73.2,136.64,-53.68,-195.2
0,73.2,73.2,-34.16,-39.04,73.2,-34.16,-24.4,68.32,126.88,-63.44,-200.08
-9.76,78.08,87.84,-34.16,-48.8,82.96,-43.92,-34.16,58.56,117.12,-73.2,-209.84
-4.88,78.08,82.96,-34.16,-43.92,78.08,-48.8,-34.16,58.56,122,-73.2,-214.72
-4.88,68.32,73.2,-29.28,-39.04,68.32,-39.04,-34.16,63.44,117.12,-68.32,-204.96
-4.88,78.08,82.96,-34.16,-43.92,78.08,-43.92,-39.04,53.68,117.12,-73.2,-209.84
-4.88,53.68,58.56,-24.4,-34.16,53.68,-43.92,-39.04,58.56,117.12,-73.2,-209.84
-4.88,39.04,43.92,-14.64,-24.4,39.04,-39.04,-29.28,63.44,126.88,-68.32,-204.96
-19.52,34.16,53.68,-4.88,-39.04,43.92,-34.16,-29.28,63.44,126.88,-63.44,-204.96
-14.64,53.68,68.32,-19.52,-43.92,58.56,-34.16,-39.04,58.56,126.88,-73.2,-204.96
-9.76,43.92,53.68,-14.64,-34.16,48.8,-34.16,-29.28,58.56,117.12,-68.32,-209.84
-24.4,58.56,82.96,-14.64,-53.68,68.32,-39.04,-39.04,53.68,112.24,-82.96,-214.72
-14.64,73.2,87.84,-29.28,-53.68,78.08,-43.92,-43.92,43.92,107.36,-87.84,-224.48
-19.52,68.32,87.84,-24.4,-53.68,78.08,-39.04,-43.92,43.92,112.24,-82.96,-219.6
-14.64,58.56,73.2,-19.52,-43.92,63.44,-39.04,-43.92,53.68,117.12,-73.2,-219.6
-9.76,68.32,78.08,-29.28,-43.92,73.2,-29.28,-48.8,43.92,107.36,-78.08,-219.6
-9.76,48.8,58.56,-19.52,-34.16,53.68,-34.16,-48.8,39.04,107.36,-73.2,-224.48
-9.76,34.16,43.92,-9.76,-29.28,39.04,-24.4,-39.04,48.8,122,-63.44,-209.84
-19.52,34.16,53.68,-4.88,-39.04,43.92,-29.28,-43.92,48.8,117.12,-68.32,-219.6
-19.52,39.04,58.56,-9.76,-39.04,48.8,-39.04,-48.8,43.92,117.12,-78.08,-224.48
-19.52,39.04,58.56,-9.76,-39.04,48.8,-29.28,-43.92,43.92,117.12,-73.2,-214.72
-29.28,53.68,82.96,-9.76,-58.56,68.32,-34.16,-53.68,39.04,102.48,-82.96,-219.6
-24.4,63.44,87.84,-19.52,-58.56,73.2,-43.92,-68.32,24.4,87.84,-87.84,-234.24
-19.52,63.44,82.96,-19.52,-53.68,73.2,-39.04,-63.44,29.28,97.6,-78.08,-234.24
-24.4,53.68,78.08,-14.64,-53.68,63.44,-39.04,-58.56,29.28,97.6,-73.2,-229.36
-14.64,68.32,82.96,-24.4,-48.8,73.2,-29.28,-63.44,19.52,92.72,-82.96,-234.24
-9.76,43.92,53.68,-14.64,-34.16,48.8,-29.28,-63.44,14.64,87.84,-82.96,-229.36
-14.64,29.28,43.92,-4.88,-29.28,34.16,-24.4,-53.68,34.16,97.6,-68.32,-209.84
-14.64,43.92,58.56,-14.64,-39.04,48.8,-24.4,-53.68,29.28,92.72,-68.32,-224.48
-9.76,43.92,53.68,-14.64,-34.16,48.8,-29.28,-63.44,14.64,87.84,-78.08,-234.24
-19.52,34.16,53.68,-4.88,-39.04,43.92,-29.28,-58.56,19.52,82.96,-73.2,-229.36
-24.4,58.56,82.96,-14.64,-53.68,68.32,-39.04,-73.2,0,68.32,-82.96,-239.12
-29.28,63.44,92.72,-14.64,-63.44,78.08,-43.92,-78.08,-14.64,53.68,-92.72,-248.88
-24.4,53.68,78.08,-14.64,-53.68,63.44,-39.04,-82.96,-4.88,58.56,-82.96,-239.12
-24.4,48.8,73.2,-9.76,-48.8,58.56,-43.92,-82.96,-14.64,48.8,-92.72,-244
-24.4,58.56,82.96,-14.64,-53.68,68.32,-48.8,-87.84,-24.4,39.04,-97.6,-244
-14.64,48.8,63.44,-14.64,-39.04,53.68,-53.68,-82.96,-14.64,48.8,-92.72,-244
-24.4,29.28,53.68,0,-39.04,39.04,-53.68,-82.96,-9.76,53.68,-82.96,-229.36
-19.52,39.04,58.56,-9.76,-39.04,48.8,-53.68,-82.96,-19.52,48.8,-82.96,-224.48
-19.52,48.8,68.32,-14.64,-43.92,58.56,-63.44,-87.84,-24.4,43.92,-87.84,-224.48
-24.4,39.04,63.44,-4.88,-43.92,48.8,-63.44,-87.84,-29.28,34.16,-82.96,-224.48
-24.4,53.68,78.08,-14.64,-53.68,63.44,-63.44,-92.72,-34.16,29.28,-92.72,-224.48
-24.4,63.44,87.84,-19.52,-58.56,73.2,-82.96,-102.48,-53.68,9.76,-107.36,-244
-24.4,53.68,78.08,-14.64,-53.68,63.44,-78.08,-107.36,-48.8,14.64,-97.6,-234.24
-24.4,48.8,73.2,-9.76,-48.8,58.56,-78.08,-102.48,-48.8,4.88,-92.72,-234.24
-19.52,53.68,73.2,-14.64,-48.8,63.44,-87.84,-107.36,-58.56,0,-92.72,-234.24
-14.64,34.16,48.8,-9.76,-34.16,39.04,-82.96,-102.48,-53.68,-4.88,-87.84,-234.24
-24.4,19.52,43.92,4.88,-34.16,29.28,-73.2,-97.6,-43.92,4.88,-78.08,-214.72
-24.4,24.4,48.8,0,-39.04,34.16,-73.2,-92.72,-48.8,0,-78.08,-209.84
-19.52,39.04,58.56,-9.76,-39.04,48.8,-73.2,-92.72,-48.8,0,-78.08,-204.96
-19.52,29.28,48.8,-4.88,-34.16,39.04,-73.2,-92.72,-48.8,-4.88,-73.2,-204.96
-39.04,43.92,82.96,0,-63.44,63.44,-73.2,-97.6,-53.68,-14.64,-73.2,-200.08
-29.28,53.68,82.96,-9.76,-58.56,68.32,-82.96,-97.6,-68.32,-39.04,-87.84,-219.6
-24.4,43.92,68.32,-9.76,-48.8,53.68,-82.96,-87.84,-68.32,-39.04,-87.84,-214.72
-24.4,34.16,58.56,-4.88,-43.92,43.92,-82.96,-78.08,-73.2,-34.16,-78.08,-204.96
-24.4,43.92,68.32,-9.76,-48.8,53.68,-82.96,-78.08,-78.08,-34.16,-78.08,-200.08
-24.4,14.64,39.04,4.88,-34.16,24.4,-82.96,-73.2,-73.2,-34.16,-73.2,-195.2
-24.4,0,24.4,14.64,-24.4,9.76,-73.2,-63.44,-58.56,-34.16,-58.56,-180.56
-24.4,4.88,29.28,9.76,-29.28,14.64,-78.08,-68.32,-63.44,-39.04,-68.32,-185.44
-19.52,19.52,39.04,0,-29.28,29.28,-73.2,-68.32,-68.32,-43.92,-73.2,-195.2
-14.64,14.64,29.28,0,-24.4,19.52,-68.32,-63.44,-63.44,-39.04,-68.32,-185.44
-19.52,29.28,48.8,-4.88,-34.16,39.04,-78.08,-73.2,-73.2,-53.68,-82.96,-185.44
-14.64,39.04,53.68,-9.76,-34.16,43.92,-78.08,-78.08,-78.08,-68.32,-87.84,-190.32
-14.64,39.04,53.68,-9.76,-34.16,43.92,-73.2,-73.2,-78.08,-63.44,-87.84,-180.56
-14.64,19.52,34.16,0,-24.4,24.4,-68.32,-73.2,-68.32,-58.56,-82.96,-180.56
-24.4,29.28,53.68,0,-39.04,39.04,-68.32,-73.2,-73.2,-63.44,-82.96,-180.56
-29.28,4.88,34.16,14.64,-34.16,19.52,-63.44,-68.32,-68.32,-58.56,-78.08,-175.68
-29.28,-14.64,14.64,24.4,-24.4,0,-58.56,-73.2,-58.56,-53.68,-73.2,-161.04
-29.28,-9.76,19.52,19.52,-24.4,4.88,-58.56,-68.32,-58.56,-48.8,-68.32,-151.28
-29.28,-4.88,24.4,19.52,-29.28,9.76,-68.32,-73.2,-68.32,-63.44,-78.08,-151.28
-19.52,-9.76,9.76,14.64,-14.64,0,-58.56,-63.44,-63.44,-53.68,-73.2,-146.4
-24.4,9.76,34.16,9.76,-29.28,19.52,-63.44,-73.2,-63.44,-63.44,-87.84,-146.4
-19.52,14.64,34.16,4.88,-29.28,24.4,-68.32,-87.84,-73.2,-73.2,-92.72,-161.04
-19.52,9.76,29.28,4.88,-24.4,19.52,-58.56,-78.08,-73.2,-63.44,-82.96,-151.28
-24.4,-4.88,19.52,14.64,-24.4,4.88,-48.8,-68.32,-63.44,-53.68,-78.08,-146.4
-29.28,0,29.28,14.64,-29.28,14.64,-53.68,-73.2,-68.32,-63.44,-82.96,-151.28
-24.4,-14.64,9.76,19.52,-19.52,-4.88,-53.68,-68.32,-68.32,-63.44,-78.08,-151.28
-29.28,-39.04,-9.76,34.16,-9.76,-24.4,-39.04,-63.44,-53.68,-53.68,-63.44,-131.76
-29.28,-39.04,-9.76,34.16,-9.76,-24.4,-39.04,-58.56,-48.8,-53.68,-63.44,-126.88
-34.16,-34.16,0,34.16,-19.52,-19.52,-34.16,-58.56,-48.8,-53.68,-68.32,-126.88
-29.28,-43.92,-14.64,39.04,-9.76,-29.28,-34.16,-58.56,-53.68,-53.68,-68.32,-131.76
-24.4,-19.52,4.88,24.4,-14.64,-9.76,-34.16,-63.44,-63.44,-53.68,-78.08,-126.88
-24.4,-14.64,9.76,19.52,-19.52,-4.88,-39.04,-82.96,-73.2,-73.2,-82.96,-146.4
-34.16,-19.52,14.64,29.28,-24.4,-4.88,-34.16,-68.32,-63.44,-58.56,-78.08,-131.76
-24.4,-19.52,4.88,24.4,-14.64,-9.76,-24.4,-48.8,-58.56,-53.68,-68.32,-126.88
-29.28,-14.64,14.64,24.4,-24.4,0,-34.16,-53.68,-63.44,-63.44,-73.2,-131.76
-19.52,-39.04,-19.52,29.28,0,-29.28,-19.52,-39.04,-53.68,-58.56,-63.44,-126.88
-29.28,-53.68,-24.4,43.92,-4.88,-39.04,-14.64,-34.16,-48.8,-53.68,-53.68,-107.36
-34.16,-58.56,-24.4,48.8,-4.88,-43.92,-19.52,-14.64,-53.68,-53.68,-58.56,-122
-29.28,-53.68,-24.4,43.92,-4.88,-39.04,-9.76,-4.88,-48.8,-53.68,-58.56,-117.12
-34.16,-68.32,-34.16,53.68,0,-53.68,-19.52,0,-43.92,-53.68,-58.56,-117.12
-34.16,-39.04,-4.88,39.04,-14.64,-24.4,-24.4,-9.76,-53.68,-63.44,-63.44,-117.12
-29.28,-29.28,0,29.28,-14.64,-14.64,-19.52,-9.76,-58.56,-63.44,-68.32,-126.88
-34.16,-34.16,0,34.16,-19.52,-19.52,-19.52,-9.76,-53.68,-63.44,-68.32,-117.12
-29.28,-39.04,-9.76,34.16,-9.76,-24.4,-14.64,-4.88,-48.8,-58.56,-53.68,-102.48
-24.4,-29.28,-4.88,29.28,-9.76,-19.52,-19.52,-24.4,-63.44,-68.32,-68.32,-112.24
-29.28,-58.56,-29.28,43.92,0,-43.92,-9.76,-14.64,-53.68,-53.68,-53.68,-102.48
-19.52,-63.44,-43.92,43.92,9.76,-53.68,0,-9.76,-39.04,-48.8,-43.92,-82.96
-24.4,-73.2,-48.8,48.8,9.76,-63.44,0,-9.76,-39.04,-43.92,-39.04,-73.2
-24.4,-73.2,-48.8,48.8,9.76,-63.44,0,-14.64,-43.92,-43.92,-43.92,-73.2
-19.52,-92.72,-73.2,58.56,24.4,-82.96,-4.88,-14.64,-39.04,-39.04,-34.16,-58.56
-19.52,-97.6,-78.08,58.56,29.28,-87.84,-19.52,-34.16,-43.92,-34.16,-29.28,-43.92
-9.76,-102.48,-92.72,58.56,39.04,-97.6,-19.52,-34.16,-48.8,-34.16,-24.4,-39.04
-9.76,-112.24,-102.48,63.44,43.92,-107.36,0,-14.64,-29.28,-19.52,-19.52,-43.92
-14.64,-117.12,-102.48,68.32,43.92,-112.24,24.4,24.4,9.76,14.64,-4.88,-39.04
-14.64,-78.08,-63.44,48.8,24.4,-73.2,48.8,58.56,43.92,34.16,-4.88,-39.04
-9.76,-78.08,-68.32,43.92,29.28,-73.2,92.72,117.12,87.84,82.96,24.4,-4.88
19.52,-53.68,-73.2,19.52,43.92,-63.44,122,180.56,165.92,165.92,102.48,78.08
53.68,0,-53.68,-24.4,53.68,-29.28,185.44,278.16,273.28,283.04,209.84,195.2
78.08,63.44,-14.64,-68.32,43.92,24.4,253.76,385.52,395.28,419.68,326.96,322.08
102.48,136.64,34.16,-117.12,34.16,82.96,302.56,478.24,502.64,541.68,439.2,439.2
117.12,234.24,117.12,-175.68,0,175.68,312.32,522.16,551.44,614.88,512.4,527.04
126.88,331.84,204.96,-229.36,-39.04,268.4,341.6,541.68,590.48,653.92,551.44,585.6
131.76,414.8,283.04,-273.28,-78.08,346.48,356.24,531.92,566.08,629.52,541.68,595.36
107.36,419.68,312.32,-263.52,-102.48,366,346.48,434.32,439.2,502.64,434.32,531.92
68.32,400.16,331.84,-234.24,-131.76,366,268.4,258.64,229.36,244,224.48,356.24
34.16,322.08,287.92,-175.68,-126.88,302.56,209.84,112.24,24.4,-9.76,-14.64,141.52
-14.64,200.08,214.72,-92.72,-117.12,204.96,170.8,0,-131.76,-204.96,-195.2,-43.92
-53.68,131.76,185.44,-39.04,-122,156.16,136.64,-87.84,-244,-341.6,-322.08,-200.08
-92.72,73.2,165.92,9.76,-131.76,117.12,97.6,-151.28,-322.08,-424.56,-395.28,-283.04
-112.24,-9.76,102.48,63.44,-107.36,43.92,43.92,-229.36,-380.64,-478.24,-434.32,-336.72
-126.88,-43.92,82.96,87.84,-107.36,19.52,-24.4,-292.8,-414.8,-497.76,-434.32,-356.24
-126.88,-63.44,63.44,97.6,-97.6,0,-82.96,-322.08,-414.8,-483.12,-414.8,-341.6
-107.36,-87.84,19.52,97.6,-63.44,-34.16,-122,-331.84,-395.28,-448.96,-370.88,-297.68
-92.72,-102.48,-9.76,97.6,-43.92,-58.56,-122,-297.68,-341.6,-385.52,-302.56,-248.88
-82.96,-82.96,0,82.96,-43.92,-43.92,-126.88,-244,-278.16,-312.32,-244,-200.08
-63.44,-58.56,4.88,63.44,-34.16,-29.28,-87.84,-165.92,-190.32,-219.6,-175.68,-131.76
-43.92,-43.92,0,43.92,-24.4,-24.4,-78.08,-117.12,-136.64,-151.28,-117.12,-78.08
-29.28,-29.28,0,29.28,-14.64,-14.64,-63.44,-107.36,-112.24,-117.12,-87.84,-39.04
-24.4,-19.52,4.88,24.4,-14.64,-9.76,-63.44,-122,-107.36,-107.36,-73.2,-19.52
-24.4,-53.68,-29.28,39.04,0,-43.92,-68.32,-126.88,-112.24,-112.24,-68.32,-4.88
-14.64,-48.8,-34.16,34.16,9.76,-43.92,-63.44,-131.76,-117.12,-112.24,-68.32,0
-9.76,-43.92,-34.16,29.28,9.76,-39.04,-63.44,-126.88,-107.36,-107.36,-63.44,9.76
-24.4,-73.2,-48.8,48.8,9.76,-63.44,-43.92,-112.24,-78.08,-82.96,-43.92,24.4
-14.64,-87.84,-73.2,53.68,29.28,-82.96,-39.04,-112.24,-87.84,-82.96,-43.92,29.28
-9.76,-92.72,-82.96,53.68,34.16,-87.84,-43.92,-112.24,-92.72,-87.84,-39.04,34.16
0,-122,-122,63.44,58.56,-122,-39.04,-107.36,-87.84,-82.96,-34.16,39.04
4.88,-136.64,-141.52,68.32,73.2,-141.52,-24.4,-87.84,-78.08,-78.08,-14.64,58.56
4.88,-146.4,-151.28,73.2,78.08,-151.28,-19.52,-92.72,-68.32,-73.2,-9.76,68.32
19.52,-131.76,-151.28,58.56,82.96,-141.52,-29.28,-97.6,-63.44,-73.2,-9.76,78.08
9.76,-141.52,-151.28,68.32,78.08,-146.4,-29.28,-92.72,-78.08,-68.32,-4.88,82.96
4.88,-126.88,-131.76,63.44,68.32,-131.76,-34.16,-92.72,-87.84,-78.08,-9.76,82.96
14.64,-107.36,-122,48.8,68.32,-117.12,-34.16,-102.48,-78.08,-73.2,-9.76,82.96
4.88,-122,-126.88,58.56,63.44,-126.88,-24.4,-92.72,-63.44,-58.56,0,97.6
9.76,-126.88,-136.64,58.56,73.2,-131.76,-29.28,-87.84,-73.2,-68.32,4.88,92.72
14.64,-122,-136.64,53.68,73.2,-131.76,-29.28,-92.72,-68.32,-63.44,9.76,102.48
14.64,-146.4,-161.04,68.32,87.84,-156.16,-24.4,-82.96,-63.44,-53.68,14.64,107.36
19.52,-156.16,-175.68,68.32,97.6,-165.92,-14.64,-73.2,-48.8,-43.92,24.4,126.88
19.52,-151.28,-170.8,68.32,92.72,-161.04,-9.76,-73.2,-53.68,-39.04,24.4,126.88
14.64,-156.16,-170.8,73.2,92.72,-165.92,-14.64,-78.08,-53.68,-43.92,14.64,126.88
19.52,-146.4,-165.92,63.44,92.72,-156.16,-9.76,-68.32,-43.92,-34.16,19.52,126.88
19.52,-126.88,-146.4,53.68,82.96,-136.64,-9.76,-73.2,-43.92,-39.04,29.28,141.52
19.52,-107.36,-126.88,43.92,73.2,-117.12,-9.76,-63.44,-39.04,-29.28,29.28,141.52
19.52,-112.24,-131.76,48.8,73.2,-122,0,-48.8,-34.16,-24.4,34.16,151.28
19.52,-112.24,-131.76,48.8,73.2,-122,9.76,-29.28,-29.28,-14.64,39.04,151.28
24.4,-97.6,-122,39.04,73.2,-112.24,9.76,-29.28,-19.52,-14.64,39.04,156.16
24.4,-122,-146.4,48.8,82.96,-136.64,14.64,-24.4,-9.76,-9.76,39.04,156.16
24.4,-136.64,-161.04,58.56,92.72,-151.28,29.28,-4.88,-4.88,0,48.8,170.8
29.28,-122,-151.28,48.8,87.84,-136.64,39.04,4.88,4.88,4.88,53.68,175.68
24.4,-112.24,-136.64,43.92,78.08,-126.88,43.92,9.76,14.64,9.76,58.56,185.44
19.52,-112.24,-131.76,48.8,73.2,-122,48.8,14.64,14.64,19.52,58.56,180.56
24.4,-87.84,-112.24,34.16,68.32,-102.48,43.92,9.76,9.76,19.52,58.56,185.44
19.52,-63.44,-82.96,24.4,48.8,-73.2,43.92,9.76,14.64,19.52,53.68,180.56
34.16,-58.56,-92.72,14.64,63.44,-78.08,53.68,19.52,29.28,29.28,63.44,195.2
29.28,-63.44,-92.72,19.52,58.56,-78.08,58.56,19.52,39.04,34.16,73.2,195.2
29.28,-53.68,-82.96,14.64,53.68,-68.32,58.56,19.52,39.04,34.16,68.32,200.08
39.04,-63.44,-102.48,14.64,68.32,-82.96,68.32,39.04,53.68,48.8,78.08,204.96
29.28,-73.2,-102.48,24.4,63.44,-87.84,78.08,43.92,58.56,48.8,78.08,209.84
29.28,-73.2,-102.48,24.4,63.44,-87.84,73.2,34.16,58.56,48.8,73.2,200.08
34.16,-63.44,-97.6,14.64,63.44,-82.96,73.2,34.16,63.44,53.68,73.2,204.96
24.4,-68.32,-92.72,24.4,58.56,-82.96,73.2,39.04,63.44,53.68,73.2,200.08
24.4,-39.04,-63.44,9.76,43.92,-53.68,68.32,29.28,58.56,43.92,73.2,200.08
19.52,-29.28,-48.8,4.88,34.16,-39.04,63.44,34.16,63.44,58.56,73.2,200.08
29.28,-24.4,-53.68,0,39.04,-39.04,68.32,34.16,73.2,68.32,78.08,209.84
39.04,-29.28,-68.32,-4.88,53.68,-48.8,73.2,34.16,73.2,73.2,87.84,219.6
29.28,-24.4,-53.68,0,39.04,-39.04,73.2,29.28,82.96,78.08,92.72,234.24
24.4,-39.04,-63.44,9.76,43.92,-53.68,82.96,39.04,92.72,87.84,107.36,244
29.28,-43.92,-73.2,9.76,48.8,-58.56,87.84,43.92,97.6,92.72,117.12,258.64
39.04,-39.04,-78.08,0,58.56,-58.56,82.96,34.16,87.84,82.96,107.36,244
48.8,-29.28,-78.08,-9.76,63.44,-53.68,78.08,34.16,92.72,82.96,102.48,234.24
43.92,-34.16,-78.08,-4.88,58.56,-58.56,68.32,34.16,82.96,78.08,97.6,229.36
39.04,-14.64,-53.68,-9.76,43.92,-34.16,68.32,29.28,82.96,73.2,97.6,234.24
43.92,4.88,-39.04,-24.4,39.04,-19.52,68.32,24.4,78.08,78.08,97.6,239.12
43.92,0,-43.92,-19.52,43.92,-24.4,68.32,19.52,82.96,78.08,97.6,244
43.92,-4.88,-48.8,-19.52,43.92,-29.28,73.2,29.28,92.72,92.72,107.36,248.88
43.92,9.76,-34.16,-24.4,39.04,-14.64,73.2,34.16,102.48,92.72,117.12,248.88
43.92,-4.88,-48.8,-19.52,43.92,-29.28,82.96,39.04,112.24,102.48,122,258.64
53.68,-9.76,-63.44,-19.52,58.56,-39.04,92.72,48.8,117.12,102.48,131.76,268.4
53.68,-4.88,-58.56,-24.4,53.68,-34.16,87.84,48.8,112.24,107.36,136.64,268.4
43.92,0,-43.92,-19.52,43.92,-24.4,92.72,43.92,112.24,102.48,136.64,268.4
43.92,-4.88,-48.8,-19.52,43.92,-29.28,97.6,48.8,117.12,107.36,146.4,273.28
39.04,14.64,-24.4,-24.4,29.28,-4.88,87.84,39.04,107.36,92.72,141.52,268.4
43.92,34.16,-9.76,-39.04,24.4,9.76,82.96,39.04,107.36,87.84,131.76,258.64
43.92,29.28,-14.64,-34.16,29.28,4.88,82.96,29.28,112.24,87.84,131.76,253.76
34.16,19.52,-14.64,-24.4,24.4,0,82.96,29.28,117.12,97.6,136.64,258.64
39.04,29.28,-9.76,-34.16,24.4,9.76,87.84,24.4,122,97.6,136.64,258.64
39.04,14.64,-24.4,-24.4,29.28,-4.88,92.72,29.28,131.76,107.36,131.76,268.4
39.04,4.88,-34.16,-19.52,34.16,-14.64,107.36,24.4,131.76,102.48,136.64,273.28
39.04,9.76,-29.28,-24.4,34.16,-9.76,102.48,29.28,131.76,97.6,131.76,273.28
29.28,9.76,-19.52,-19.52,24.4,-4.88,97.6,29.28,122,92.72,122,268.4
34.16,9.76,-24.4,-19.52,29.28,-9.76,92.72,24.4,107.36,82.96,112.24,263.52
34.16,34.16,0,-34.16,14.64,14.64,92.72,4.88,102.48,82.96,102.48,263.52
24.4,39.04,14.64,-29.28,4.88,24.4,78.08,-4.88,92.72,73.2,87.84,248.88
29.28,39.04,9.76,-34.16,9.76,24.4,82.96,-14.64,92.72,73.2,82.96,253.76
24.4,29.28,4.88,-24.4,9.76,14.64,78.08,-19.52,92.72,78.08,78.08,248.88
14.64,24.4,9.76,-19.52,0,14.64,78.08,-19.52,92.72,73.2,68.32,253.76
24.4,14.64,-9.76,-19.52,14.64,0,82.96,-14.64,87.84,68.32,68.32,268.4
24.4,0,-24.4,-9.76,24.4,-14.64,87.84,-39.04,82.96,68.32,68.32,278.16
29.28,9.76,-19.52,-19.52,24.4,-4.88,87.84,-63.44,82.96,68.32,63.44,273.28
24.4,14.64,-9.76,-19.52,14.64,0,82.96,-68.32,78.08,63.44,63.44,273.28
24.4,14.64,-9.76,-19.52,14.64,0,78.08,-73.2,68.32,58.56,58.56,258.64
24.4,43.92,19.52,-34.16,0,29.28,68.32,-87.84,58.56,48.8,43.92,253.76
14.64,48.8,34.16,-29.28,-9.76,39.04,58.56,-102.48,48.8,39.04,24.4,253.76
9.76,34.16,24.4,-19.52,-9.76,29.28,68.32,-117.12,58.56,39.04,29.28,253.76
19.52,24.4,4.88,-19.52,4.88,14.64,68.32,-122,58.56,39.04,24.4,258.64
9.76,19.52,9.76,-14.64,0,14.64,53.68,-126.88,68.32,48.8,29.28,258.64
14.64,9.76,-4.88,-9.76,9.76,0,63.44,-107.36,53.68,48.8,34.16,268.4
14.64,-4.88,-19.52,-4.88,14.64,-14.64,78.08,-97.6,48.8,48.8,48.8,283.04
0,-14.64,-14.64,9.76,4.88,-14.64,78.08,-107.36,43.92,39.04,34.16,278.16
4.88,-9.76,-14.64,4.88,9.76,-14.64,82.96,-112.24,43.92,29.28,48.8,268.4
9.76,-9.76,-19.52,0,14.64,-14.64,82.96,-117.12,39.04,29.28,39.04,263.52
9.76,14.64,4.88,-9.76,0,9.76,78.08,-126.88,29.28,19.52,34.16,258.64
9.76,39.04,29.28,-24.4,-9.76,34.16,68.32,-141.52,29.28,14.64,24.4,258.64
9.76,29.28,19.52,-19.52,-4.88,24.4,68.32,-151.28,24.4,19.52,29.28,263.52
14.64,24.4,9.76,-19.52,0,14.64,73.2,-146.4,34.16,24.4,39.04,263.52
4.88,19.52,14.64,-9.76,-4.88,14.64,68.32,-151.28,39.04,24.4,34.16,253.76
0,-4.88,-4.88,4.88,0,-4.88,63.44,-146.4,53.68,34.16,34.16,258.64
4.88,-9.76,-14.64,4.88,9.76,-14.64,82.96,-136.64,53.68,34.16,39.04,253.76
0,-9.76,-9.76,4.88,4.88,-9.76,73.2,-136.64,43.92,24.4,19.52,258.64
0,4.88,4.88,0,-4.88,4.88,68.32,-122,58.56,19.52,19.52,253.76
9.76,4.88,-4.88,-4.88,4.88,0,73.2,-48.8,63.44,24.4,24.4,248.88
0,24.4,24.4,-9.76,-14.64,24.4,73.2,0,53.68,19.52,39.04,253.76
9.76,43.92,34.16,-24.4,-14.64,39.04,78.08,9.76,48.8,14.64,39.04,244
4.88,34.16,29.28,-19.52,-14.64,29.28,78.08,9.76,58.56,19.52,58.56,248.88
0,24.4,24.4,-9.76,-14.64,24.4,87.84,4.88,73.2,24.4,68.32,244
9.76,29.28,19.52,-19.52,-4.88,24.4,82.96,4.88,78.08,29.28,63.44,248.88
9.76,4.88,-4.88,-4.88,4.88,0,87.84,14.64,78.08,29.28,68.32,248.88
9.76,-9.76,-19.52,0,14.64,-14.64,102.48,14.64,87.84,29.28,78.08,253.76
9.76,-4.88,-14.64,0,9.76,-9.76,97.6,4.88,82.96,24.4,73.2,244
0,0,0,0,0,0,102.48,9.76,87.84,19.52,63.44,234.24
4.88,0,-4.88,0,4.88,-4.88,97.6,9.76,82.96,24.4,63.44,224.48
0,19.52,19.52,-9.76,-9.76,19.52,92.72,-9.76,68.32,14.64,58.56,219.6
0,29.28,29.28,-14.64,-14.64,29.28,97.6,-19.52,78.08,19.52,58.56,209.84
9.76,34.16,24.4,-19.52,-9.76,29.28,97.6,-14.64,73.2,19.52,58.56,204.96
0,19.52,19.52,-9.76,-9.76,19.52,97.6,-24.4,68.32,19.52,58.56,195.2
4.88,24.4,19.52,-14.64,-9.76,19.52,97.6,-24.4,78.08,24.4,53.68,190.32
9.76,9.76,0,-9.76,4.88,4.88,102.48,-9.76,87.84,29.28,58.56,180.56
4.88,-4.88,-9.76,0,4.88,-9.76,107.36,0,82.96,29.28,68.32,180.56
4.88,0,-4.88,0,4.88,-4.88,107.36,-9.76,73.2,24.4,63.44,175.68
4.88,0,-4.88,0,4.88,-4.88,92.72,-14.64,63.44,14.64,53.68,161.04
0,-9.76,-9.76,4.88,4.88,-9.76,97.6,-9.76,63.44,14.64,48.8,156.16
4.88,19.52,14.64,-9.76,-4.88,14.64,97.6,-14.64,63.44,9.76,43.92,151.28
-4.88,24.4,29.28,-9.76,-19.52,24.4,92.72,-29.28,58.56,9.76,34.16,131.76
-4.88,14.64,19.52,-4.88,-14.64,14.64,92.72,-29.28,58.56,14.64,39.04,126.88
-4.88,9.76,14.64,0,-9.76,9.76,107.36,-19.52,58.56,19.52,43.92,126.88
0,19.52,19.52,-9.76,-9.76,19.52,97.6,-29.28,48.8,9.76,39.04,117.12
4.88,9.76,4.88,-4.88,0,4.88,112.24,-9.76,63.44,24.4,53.68,117.12
4.88,-4.88,-9.76,0,4.88,-9.76,117.12,0,63.44,24.4,58.56,112.24
0,-4.88,-4.88,4.88,0,-4.88,112.24,-9.76,58.56,19.52,48.8,102.48
-4.88,0,4.88,4.88,-4.88,0,107.36,-14.64,48.8,9.76,39.04,87.84
-9.76,-19.52,-9.76,14.64,0,-14.64,102.48,-9.76,53.68,14.64,48.8,87.84
-4.88,4.88,9.76,0,-9.76,4.88,97.6,-14.64,43.92,9.76,39.04,78.08
-4.88,14.64,19.52,-4.88,-14.64,14.64,68.32,-24.4,39.04,4.88,34.16,58.56
-14.64,9.76,24.4,4.88,-19.52,14.64,53.68,-29.28,24.4,0,39.04,53.68
-14.64,4.88,19.52,4.88,-19.52,9.76,43.92,-29.28,34.16,9.76,39.04,48.8
-9.76,9.76,19.52,0,-14.64,14.64,43.92,-29.28,39.04,9.76,34.16,48.8
-9.76,-4.88,4.88,9.76,-9.76,0,43.92,0,39.04,9.76,39.04,48.8
4.88,-9.76,-14.64,4.88,9.76,-14.64,39.04,14.64,39.04,14.64,34.16,34.16
-4.88,-14.64,-9.76,9.76,0,-14.64,34.16,9.76,53.68,9.76,34.16,29.28
-4.88,-9.76,-4.88,9.76,0,-9.76,39.04,14.64,43.92,0,24.4,19.52
4.88,-14.64,-19.52,4.88,9.76,-19.52,39.04,0,34.16,0,19.52,9.76
0,0,0,0,0,0,24.4,-9.76,24.4,-14.64,14.64,4.88
-9.76,14.64,24.4,0,-19.52,19.52,14.64,-14.64,19.52,-19.52,4.88,-9.76
-24.4,4.88,29.28,9.76,-29.28,14.64,24.4,-14.64,34.16,-9.76,14.64,0
-14.64,-4.88,9.76,9.76,-14.64,0,24.4,-29.28,24.4,-19.52,9.76,-9.76
0,9.76,9.76,-4.88,-4.88,9.76,19.52,-29.28,19.52,-24.4,0,-24.4
0,-14.64,-14.64,9.76,4.88,-14.64,24.4,-19.52,34.16,-14.64,9.76,-19.52
9.76,-19.52,-29.28,4.88,19.52,-24.4,24.4,-24.4,19.52,-14.64,4.88,-34.16
0,-19.52,-19.52,9.76,9.76,-19.52,14.64,-9.76,9.76,-19.52,9.76,-29.28
-9.76,-19.52,-9.76,14.64,0,-14.64,14.64,0,14.64,-29.28,0,-48.8
4.88,-14.64,-19.52,4.88,9.76,-19.52,14.64,-19.52,9.76,-34.16,4.88,-48.8
0,4.88,4.88,0,-4.88,4.88,9.76,-24.4,-9.76,-43.92,-9.76,-58.56
-4.88,9.76,14.64,0,-9.76,9.76,0,-34.16,-24.4,-58.56,-24.4,-63.44
-4.88,4.88,9.76,0,-9.76,4.88,9.76,-34.16,-24.4,-58.56,-14.64,-58.56
-9.76,-9.76,0,9.76,-4.88,-4.88,0,-39.04,-14.64,-48.8,-14.64,-68.32
-4.88,0,4.88,4.88,-4.88,0,-9.76,-34.16,-4.88,-48.8,-19.52,-73.2
-4.88,-14.64,-9.76,9.76,0,-14.64,0,-29.28,0,-43.92,0,-68.32
-4.88,-34.16,-29.28,19.52,9.76,-34.16,9.76,-34.16,-14.64,-48.8,-9.76,-68.32
-9.76,-29.28,-19.52,19.52,4.88,-24.4,4.88,-43.92,-24.4,-53.68,-14.64,-68.32
-14.64,-24.4,-9.76,19.52,-4.88,-19.52,0,-48.8,-14.64,-58.56,-14.64,-73.2
-4.88,-29.28,-24.4,19.52,9.76,-29.28,-4.88,-48.8,4.88,-43.92,-14.64,-78.08
0,-4.88,-4.88,4.88,0,-4.88,-9.76,-48.8,-4.88,-63.44,-24.4,-78.08
-4.88,0,4.88,4.88,-4.88,0,-14.64,-58.56,-14.64,-78.08,-29.28,-102.48
-4.88,0,4.88,4.88,-4.88,0,0,-63.44,-19.52,-82.96,-39.04,-112.24
-14.64,-19.52,-4.88,19.52,-4.88,-14.64,-4.88,-68.32,-24.4,-82.96,-39.04,-117.12
-14.64,-14.64,0,14.64,-9.76,-9.76,-14.64,-73.2,-39.04,-82.96,-39.04,-112.24
-4.88,-29.28,-24.4,19.52,9.76,-29.28,-14.64,-82.96,-39.04,-82.96,-29.28,-102.48
-14.64,-43.92,-29.28,29.28,4.88,-39.04,-4.88,-73.2,-29.28,-73.2,-24.4,-102.48
-14.64,-48.8,-34.16,34.16,9.76,-43.92,-9.76,-68.32,-14.64,-68.32,-24.4,-102.48
-4.88,-39.04,-34.16,24.4,14.64,-39.04,-14.64,-73.2,-29.28,-73.2,-34.16,-102.48
-4.88,-48.8,-43.92,29.28,19.52,-48.8,-19.52,-82.96,-53.68,-73.2,-39.04,-107.36
-4.88,-29.28,-24.4,19.52,9.76,-29.28,-24.4,-82.96,-53.68,-68.32,-39.04,-102.48
-9.76,-14.64,-4.88,14.64,-4.88,-9.76,-34.16,-82.96,-53.68,-78.08,-39.04,-112.24
-14.64,-24.4,-9.76,19.52,-4.88,-19.52,-39.04,-78.08,-58.56,-78.08,-39.04,-107.36
-9.76,-29.28,-19.52,19.52,4.88,-24.4,-39.04,-73.2,-63.44,-73.2,-29.28,-102.48
-9.76,-24.4,-14.64,19.52,0,-19.52,-39.04,-73.2,-68.32,-82.96,-34.16,-107.36
-14.64,-39.04,-24.4,29.28,4.88,-34.16,-39.04,-73.2,-68.32,-78.08,-43.92,-102.48
-9.76,-58.56,-48.8,34.16,19.52,-53.68,-24.4,-53.68,-63.44,-78.08,-34.16,-102.48
-19.52,-63.44,-43.92,43.92,9.76,-53.68,-34.16,-58.56,-63.44,-82.96,-39.04,-102.48
-14.64,-48.8,-34.16,34.16,9.76,-43.92,-43.92,-53.68,-63.44,-82.96,-39.04,-102.48
-9.76,-53.68,-43.92,34.16,14.64,-48.8,-29.28,-53.68,-68.32,-78.08,-39.04,-112.24
-9.76,-24.4,-14.64,19.52,0,-19.52,-29.28,-58.56,-92.72,-92.72,-43.92,-107.36
-9.76,-9.76,0,9.76,-4.88,-4.88,-39.04,-63.44,-92.72,-97.6,-39.04,-117.12
-9.76,-19.52,-9.76,14.64,0,-14.64,-43.92,-73.2,-102.48,-102.48,-43.92,-122
-9.76,-24.4,-14.64,19.52,0,-19.52,-43.92,-78.08,-102.48,-102.48,-39.04,-117.12
-14.64,-14.64,0,14.64,-9.76,-9.76,-43.92,-82.96,-107.36,-112.24,-43.92,-131.76
-14.64,-39.04,-24.4,29.28,4.88,-34.16,-39.04,-78.08,-107.36,-97.6,-43.92,-126.88
-9.76,-53.68,-43.92,34.16,14.64,-48.8,-29.28,-73.2,-97.6,-92.72,-39.04,-107.36
-14.64,-58.56,-43.92,39.04,14.64,-53.68,-29.28,-68.32,-97.6,-87.84,-39.04,-97.6
-14.64,-53.68,-39.04,34.16,9.76,-48.8,-43.92,-68.32,-107.36,-97.6,-53.68,-112.24
-9.76,-58.56,-48.8,34.16,19.52,-53.68,-34.16,-43.92,-112.24,-102.48,-53.68,-117.12
-14.64,-43.92,-29.28,29.28,4.88,-39.04,-53.68,-53.68,-126.88,-112.24,-68.32,-136.64
-14.64,-39.04,-24.4,29.28,4.88,-34.16,-58.56,-63.44,-122,-107.36,-68.32,-146.4
0,-53.68,-53.68,29.28,24.4,-53.68,-63.44,-48.8,-126.88,-102.48,-53.68,-126.88
4.88,-82.96,-87.84,39.04,43.92,-87.84,-68.32,-14.64,-126.88,-87.84,-39.04,-112.24
14.64,-78.08,-92.72,34.16,53.68,-87.84,-53.68,4.88,-112.24,-82.96,-34.16,-112.24
14.64,-102.48,-117.12,43.92,63.44,-112.24,-19.52,48.8,-78.08,-53.68,-29.28,-107.36
4.88,-107.36,-112.24,53.68,58.56,-112.24,24.4,107.36,-24.4,-9.76,-14.64,-107.36
-4.88,-73.2,-68.32,39.04,29.28,-73.2,73.2,170.8,34.16,29.28,-4.88,-97.6
9.76,-43.92,-53.68,19.52,29.28,-48.8,107.36,244,97.6,92.72,43.92,-53.68
53.68,0,-53.68,-24.4,53.68,-29.28,175.68,351.36,214.72,214.72,136.64,48.8
78.08,78.08,0,-78.08,39.04,39.04,244,458.72,322.08,341.6,248.88,180.56
92.72,180.56,87.84,-136.64,0,131.76,297.68,536.8,414.8,463.6,366,312.32
122,292.8,170.8,-204.96,-24.4,229.36,336.72,600.24,497.76,566.08,453.84,400.16
131.76,385.52,253.76,-258.64,-63.44,317.2,375.76,639.28,522.16,600.24,497.76,468.48
141.52,478.24,336.72,-307.44,-97.6,405.04,361.12,595.36,483.12,575.84,507.52,502.64
146.4,483.12,336.72,-312.32,-97.6,409.92,297.68,463.6,341.6,458.72,434.32,483.12
112.24,424.56,312.32,-268.4,-102.48,366,214.72,302.56,146.4,244,268.4,351.36
68.32,366,297.68,-214.72,-117.12,331.84,126.88,97.6,-122,-63.44,-4.88,131.76
29.28,258.64,229.36,-141.52,-102.48,244,63.44,-39.04,-292.8,-278.16,-209.84,-78.08
-29.28,146.4,175.68,-58.56,-102.48,161.04,0,-131.76,-409.92,-429.44,-356.24,-244
-63.44,102.48,165.92,-19.52,-117.12,131.76,-73.2,-248.88,-517.28,-556.32,-473.36,-380.64
-92.72,29.28,122,34.16,-107.36,73.2,-141.52,-346.48,-595.36,-619.76,-527.04,-458.72
-112.24,-4.88,107.36,58.56,-112.24,48.8,-165.92,-341.6,-566.08,-585.6,-512.4,-478.24
-102.48,-24.4,78.08,63.44,-92.72,24.4,-175.68,-307.44,-546.56,-546.56,-463.6,-448.96
-87.84,-29.28,58.56,58.56,-73.2,14.64,-204.96,-297.68,-541.68,-507.52,-424.56,-409.92
-63.44,-29.28,34.16,48.8,-48.8,0,-204.96,-239.12,-458.72,-414.8,-331.84,-336.72
-58.56,-14.64,43.92,39.04,-53.68,14.64,-170.8,-156.16,-356.24,-307.44,-253.76,-273.28
-48.8,4.88,53.68,24.4,-53.68,29.28,-131.76,-97.6,-283.04,-229.36,-190.32,-219.6
-24.4,29.28,53.68,0,-39.04,39.04,-117.12,-63.44,-239.12,-170.8,-156.16,-195.2
-19.52,29.28,48.8,-4.88,-34.16,39.04,-107.36,-48.8,-224.48,-141.52,-112.24,-161.04
-19.52,34.16,53.68,-4.88,-39.04,43.92,-107.36,-53.68,-224.48,-136.64,-97.6,-156.16
-24.4,29.28,53.68,0,-39.04,39.04,-112.24,-68.32,-229.36,-141.52,-102.48,-156.16
-19.52,0,19.52,9.76,-19.52,9.76,-102.48,-63.44,-224.48,-131.76,-92.72,-151.28
-9.76,-19.52,-9.76,14.64,0,-14.64,-87.84,-53.68,-214.72,-117.12,-78.08,-141.52
-4.88,-29.28,-24.4,19.52,9.76,-29.28,-82.96,-39.04,-204.96,-102.48,-63.44,-126.88
-4.88,-63.44,-58.56,34.16,24.4,-63.44,-63.44,-24.4,-195.2,-92.72,-58.56,-117.12
9.76,-87.84,-97.6,39.04,53.68,-92.72,-58.56,-14.64,-195.2,-82.96,-43.92,-107.36
9.76,-92.72,-102.48,43.92,53.68,-97.6,-53.68,-9.76,-180.56,-68.32,-29.28,-92.72
9.76,-87.84,-97.6,39.04,53.68,-92.72,-63.44,-4.88,-195.2,-73.2,-34.16,-92.72
14.64,-97.6,-112.24,43.92,63.44,-107.36,-63.44,4.88,-185.44,-68.32,-34.16,-87.84
14.64,-78.08,-92.72,34.16,53.68,-87.84,-63.44,-9.76,-200.08,-78.08,-43.92,-92.72
14.64,-68.32,-82.96,29.28,48.8,-78.08,-58.56,-9.76,-209.84,-78.08,-43.92,-97.6
9.76,-82.96,-92.72,39.04,48.8,-87.84,-53.68,-9.76,-209.84,-78.08,-39.04,-82.96
9.76,-87.84,-97.6,39.04,53.68,-92.72,-48.8,-4.88,-204.96,-78.08,-43.92,-73.2
19.52,-82.96,-102.48,34.16,58.56,-92.72,-39.04,0,-190.32,-63.44,-29.28,-68.32
14.64,-112.24,-126.88,48.8,68.32,-122,-29.28,9.76,-175.68,-53.68,-19.52,-43.92
19.52,-122,-141.52,53.68,78.08,-131.76,-34.16,14.64,-175.68,-39.04,-9.76,-29.28
19.52,-112.24,-131.76,48.8,73.2,-122,-29.28,14.64,-175.68,-29.28,0,-14.64
19.52,-112.24,-131.76,48.8,73.2,-122,-29.28,9.76,-175.68,-29.28,4.88,-14.64
34.16,-107.36,-141.52,39.04,87.84,-126.88,-34.16,4.88,-175.68,-29.28,4.88,-9.76
34.16,-87.84,-122,29.28,78.08,-107.36,-58.56,0,-185.44,-43.92,-14.64,-24.4
24.4,-73.2,-97.6,24.4,58.56,-87.84,-53.68,-9.76,-185.44,-39.04,-9.76,-9.76
29.28,-73.2,-102.48,24.4,63.44,-87.84,-39.04,0,-161.04,-24.4,0,9.76
29.28,-82.96,-112.24,29.28,68.32,-97.6,-34.16,4.88,-161.04,-14.64,0,4.88
29.28,-78.08,-107.36,24.4,68.32,-92.72,-34.16,14.64,-170.8,-4.88,-4.88,14.64
34.16,-87.84,-122,29.28,78.08,-107.36,-24.4,19.52,-156.16,24.4,4.88,34.16
24.4,-112.24,-136.64,43.92,78.08,-126.88,-24.4,24.4,-146.4,48.8,19.52,43.92
29.28,-107.36,-136.64,39.04,82.96,-122,-4.88,24.4,-146.4,53.68,14.64,48.8
29.28,-92.72,-122,34.16,73.2,-107.36,4.88,34.16,-146.4,53.68,29.28,48.8
34.16,-87.84,-122,29.28,78.08,-107.36,14.64,24.4,-122,63.44,34.16,43.92
34.16,-53.68,-87.84,9.76,58.56,-73.2,4.88,34.16,-82.96,73.2,39.04,48.8
29.28,-43.92,-73.2,9.76,48.8,-58.56,-14.64,-4.88,-48.8,73.2,29.28,43.92
34.16,-39.04,-73.2,4.88,53.68,-58.56,4.88,-9.76,-9.76,82.96,29.28,48.8
43.92,-34.16,-78.08,-4.88,58.56,-58.56,4.88,29.28,14.64,107.36,43.92,58.56
34.16,-29.28,-63.44,0,48.8,-48.8,9.76,43.92,-9.76,97.6,53.68,58.56
29.28,-34.16,-63.44,4.88,43.92,-48.8,24.4,43.92,-4.88,107.36,73.2,63.44
24.4,-53.68,-78.08,14.64,48.8,-68.32,29.28,43.92,0,117.12,87.84,63.44
24.4,-48.8,-73.2,14.64,48.8,-63.44,39.04,48.8,9.76,165.92,87.84,48.8
34.16,-34.16,-68.32,0,48.8,-53.68,29.28,48.8,9.76,234.24,92.72,78.08
34.16,-34.16,-68.32,0,48.8,-53.68,14.64,29.28,-19.52,229.36,63.44,68.32
34.16,-9.76,-43.92,-9.76,39.04,-29.28,14.64,34.16,-14.64,244,73.2,53.68
34.16,9.76,-24.4,-19.52,29.28,-9.76,9.76,24.4,-24.4,244,68.32,63.44
39.04,4.88,-34.16,-19.52,34.16,-14.64,14.64,29.28,-19.52,239.12,68.32,78.08
43.92,14.64,-29.28,-29.28,34.16,-9.76,19.52,34.16,-9.76,248.88,73.2,87.84
39.04,19.52,-19.52,-29.28,29.28,0,19.52,34.16,-19.52,244,78.08,97.6
39.04,9.76,-29.28,-24.4,34.16,-9.76,24.4,34.16,-19.52,239.12,73.2,102.48
34.16,-14.64,-48.8,-9.76,39.04,-34.16,34.16,53.68,-4.88,253.76,87.84,102.48
29.28,-14.64,-43.92,-4.88,34.16,-29.28,34.16,43.92,-9.76,248.88,78.08,97.6
39.04,-4.88,-43.92,-14.64,39.04,-24.4,34.16,58.56,-4.88,253.76,73.2,117.12
39.04,0,-39.04,-19.52,39.04,-19.52,29.28,58.56,4.88,258.64,78.08,122
29.28,19.52,-9.76,-24.4,19.52,4.88,19.52,43.92,0,253.76,73.2,107.36
39.04,43.92,4.88,-39.04,14.64,24.4,9.76,34.16,0,248.88,63.44,107.36
39.04,43.92,4.88,-39.04,14.64,24.4,19.52,43.92,-4.88,253.76,68.32,117.12
53.68,43.92,-9.76,-48.8,29.28,14.64,14.64,43.92,-14.64,248.88,68.32,112.24
53.68,53.68,0,-53.68,24.4,24.4,14.64,39.04,-14.64,244,68.32,122
48.8,39.04,-9.76,-43.92,29.28,14.64,29.28,53.68,4.88,253.76,68.32,131.76
53.68,19.52,-34.16,-34.16,43.92,-9.76,53.68,53.68,24.4,263.52,92.72,141.52
53.68,29.28,-24.4,-39.04,39.04,0,53.68,58.56,29.28,263.52,117.12,146.4
53.68,34.16,-19.52,-43.92,34.16,4.88,39.04,53.68,43.92,263.52,126.88,146.4
58.56,34.16,-24.4,-43.92,39.04,4.88,29.28,43.92,43.92,273.28,112.24,136.64
48.8,58.56,9.76,-53.68,19.52,34.16,34.16,43.92,34.16,273.28,107.36,131.76
43.92,73.2,29.28,-58.56,4.88,48.8,39.04,43.92,29.28,278.16,102.48,126.88
48.8,73.2,24.4,-58.56,9.76,48.8,34.16,43.92,29.28,278.16,87.84,131.76
39.04,68.32,29.28,-53.68,4.88,48.8,34.16,48.8,19.52,273.28,82.96,136.64
48.8,78.08,29.28,-63.44,9.76,53.68,48.8,43.92,29.28,278.16,87.84,136.64
48.8,63.44,14.64,-53.68,14.64,39.04,43.92,48.8,39.04,273.28,82.96,141.52
43.92,39.04,-4.88,-39.04,24.4,14.64,53.68,63.44,43.92,283.04,82.96,151.28
48.8,58.56,9.76,-53.68,19.52,34.16,48.8,63.44,39.04,273.28,78.08,141.52
34.16,53.68,19.52,-43.92,4.88,34.16,48.8,58.56,29.28,263.52,68.32,146.4
39.04,53.68,14.64,-43.92,9.76,34.16,58.56,48.8,24.4,258.64,63.44,136.64
39.04,78.08,39.04,-58.56,0,58.56,58.56,43.92,4.88,234.24,48.8,131.76
34.16,87.84,53.68,-58.56,-9.76,68.32,48.8,39.04,0,224.48,34.16,131.76
39.04,87.84,48.8,-63.44,-4.88,68.32,43.92,39.04,4.88,229.36,24.4,126.88
34.16,78.08,43.92,-53.68,-4.88,58.56,34.16,39.04,-9.76,219.6,24.4,126.88
29.28,78.08,48.8,-53.68,-9.76,63.44,24.4,48.8,4.88,219.6,19.52,131.76
39.04,73.2,34.16,-53.68,0,53.68,29.28,48.8,-4.88,219.6,14.64,131.76
34.16,53.68,19.52,-43.92,4.88,34.16,43.92,53.68,-9.76,224.48,14.64,141.52
34.16,58.56,24.4,-43.92,4.88,39.04,48.8,48.8,-14.64,209.84,14.64,156.16
29.28,68.32,39.04,-48.8,-4.88,53.68,58.56,24.4,-34.16,195.2,-9.76,146.4
19.52,48.8,29.28,-34.16,-4.88,39.04,43.92,0,-29.28,195.2,-19.52,122
19.52,68.32,48.8,-43.92,-14.64,58.56,29.28,14.64,-9.76,204.96,-19.52,126.88
24.4,87.84,63.44,-53.68,-19.52,73.2,14.64,4.88,-63.44,170.8,-48.8,102.48
29.28,82.96,53.68,-53.68,-14.64,68.32,24.4,9.76,-73.2,161.04,-53.68,97.6
19.52,73.2,53.68,-43.92,-19.52,63.44,29.28,24.4,-68.32,170.8,-48.8,107.36
4.88,73.2,68.32,-39.04,-34.16,68.32,14.64,14.64,-73.2,165.92,-53.68,117.12
14.64,58.56,43.92,-34.16,-14.64,48.8,24.4,4.88,-78.08,161.04,-58.56,107.36
24.4,43.92,19.52,-34.16,0,29.28,34.16,-4.88,-82.96,156.16,-58.56,112.24
24.4,48.8,24.4,-34.16,0,34.16,29.28,0,-82.96,161.04,-53.68,117.12
24.4,63.44,39.04,-43.92,-9.76,48.8,19.52,0,-73.2,161.04,-58.56,131.76
19.52,53.68,34.16,-34.16,-9.76,43.92,19.52,0,-63.44,156.16,-58.56,117.12
19.52,63.44,43.92,-39.04,-14.64,53.68,9.76,-4.88,-73.2,136.64,-73.2,107.36
24.4,82.96,58.56,-53.68,-19.52,68.32,19.52,-34.16,-92.72,126.88,-78.08,112.24
24.4,78.08,53.68,-48.8,-14.64,63.44,19.52,-43.92,-92.72,126.88,-82.96,102.48
9.76,58.56,48.8,-34.16,-19.52,53.68,24.4,-24.4,-92.72,122,-87.84,87.84
0,58.56,58.56,-29.28,-29.28,58.56,19.52,-24.4,-87.84,122,-97.6,78.08
-4.88,43.92,48.8,-19.52,-29.28,43.92,19.52,-34.16,-97.6,117.12,-107.36,82.96
4.88,24.4,19.52,-14.64,-9.76,19.52,34.16,-24.4,-73.2,131.76,-87.84,102.48
9.76,34.16,24.4,-19.52,-9.76,29.28,19.52,-34.16,-73.2,126.88,-82.96,97.6
4.88,39.04,34.16,-19.52,-14.64,34.16,24.4,-29.28,-63.44,122,-87.84,92.72
9.76,34.16,24.4,-19.52,-9.76,29.28,34.16,-29.28,-63.44,117.12,-92.72,92.72
0,48.8,48.8,-24.4,-24.4,48.8,24.4,-34.16,-68.32,112.24,-92.72,92.72
0,68.32,68.32,-34.16,-34.16,68.32,14.64,-48.8,-73.2,87.84,-117.12,73.2
4.88,73.2,68.32,-39.04,-34.16,68.32,19.52,-39.04,-53.68,102.48,-112.24,78.08
4.88,53.68,48.8,-29.28,-24.4,48.8,19.52,-34.16,-58.56,97.6,-117.12,73.2
9.76,63.44,53.68,-34.16,-24.4,58.56,19.52,-39.04,-63.44,87.84,-112.24,82.96
9.76,53.68,43.92,-29.28,-19.52,48.8,24.4,-39.04,-68.32,82.96,-107.36,82.96
4.88,34.16,29.28,-19.52,-14.64,29.28,34.16,-43.92,-63.44,78.08,-107.36,87.84
4.88,34.16,29.28,-19.52,-14.64,29.28,39.04,-29.28,-48.8,92.72,-102.48,92.72
4.88,39.04,34.16,-19.52,-14.64,34.16,29.28,-34.16,-48.8,82.96,-107.36,87.84
0,39.04,39.04,-19.52,-19.52,39.04,29.28,-43.92,-63.44,53.68,-122,78.08
4.88,53.68,48.8,-29.28,-24.4,48.8,19.52,-58.56,-73.2,39.04,-126.88,78.08
4.88,73.2,68.32,-39.04,-34.16,68.32,14.64,-68.32,-73.2,43.92,-126.88,78.08
14.64,78.08,63.44,-43.92,-24.4,68.32,9.76,-73.2,-73.2,58.56,-131.76,73.2
9.76,58.56,48.8,-34.16,-19.52,53.68,9.76,-78.08,-63.44,63.44,-102.48,73.2
0,63.44,63.44,-29.28,-34.16,63.44,9.76,-78.08,-68.32,48.8,-82.96,73.2
0,53.68,53.68,-24.4,-29.28,53.68,19.52,-73.2,-78.08,43.92,-87.84,73.2
0,19.52,19.52,-9.76,-9.76,19.52,19.52,-78.08,-58.56,48.8,-87.84,78.08
9.76,29.28,19.52,-19.52,-4.88,24.4,24.4,-68.32,-48.8,58.56,-87.84,92.72
0,43.92,43.92,-19.52,-24.4,43.92,19.52,-68.32,-53.68,48.8,-82.96,92.72
-9.76,29.28,39.04,-9.76,-24.4,34.16,19.52,-48.8,-43.92,53.68,-92.72,78.08
0,43.92,43.92,-19.52,-24.4,43.92,14.64,-68.32,-68.32,29.28,-107.36,73.2
4.88,63.44,58.56,-34.16,-29.28,58.56,4.88,-63.44,-92.72,14.64,-107.36,63.44
4.88,63.44,58.56,-34.16,-29.28,58.56,14.64,-63.44,-82.96,24.4,-112.24,63.44
9.76,53.68,43.92,-29.28,-19.52,48.8,19.52,-63.44,-58.56,34.16,-112.24,63.44
0,53.68,53.68,-24.4,-29.28,53.68,14.64,-58.56,-63.44,24.4,-117.12,53.68
4.88,43.92,39.04,-24.4,-19.52,39.04,24.4,-48.8,-73.2,9.76,-122,48.8
4.88,29.28,24.4,-14.64,-9.76,24.4,39.04,-58.56,-78.08,4.88,-117.12,53.68
4.88,24.4,19.52,-14.64,-9.76,19.52,39.04,-53.68,-82.96,0,-117.12,63.44
9.76,34.16,24.4,-19.52,-9.76,29.28,34.16,-53.68,-78.08,-4.88,-117.12,58.56
0,24.4,24.4,-9.76,-14.64,24.4,39.04,-63.44,-78.08,-4.88,-126.88,48.8
-4.88,34.16,39.04,-14.64,-24.4,34.16,19.52,-73.2,-87.84,-14.64,-146.4,34.16
-9.76,43.92,53.68,-14.64,-34.16,48.8,19.52,-82.96,-87.84,-14.64,-146.4,24.4
-14.64,34.16,48.8,-9.76,-34.16,39.04,4.88,-97.6,-92.72,-19.52,-151.28,19.52
-4.88,43.92,48.8,-19.52,-29.28,43.92,19.52,-87.84,-92.72,-9.76,-146.4,14.64
-9.76,48.8,58.56,-19.52,-34.16,53.68,9.76,-102.48,-78.08,-9.76,-146.4,4.88
-4.88,39.04,43.92,-14.64,-24.4,39.04,9.76,-107.36,-78.08,-9.76,-151.28,9.76
4.88,24.4,19.52,-14.64,-9.76,19.52,24.4,-97.6,-68.32,-14.64,-156.16,19.52
-4.88,19.52,24.4,-4.88,-14.64,19.52,19.52,-97.6,-63.44,-4.88,-146.4,14.64
-9.76,19.52,29.28,-4.88,-19.52,24.4,24.4,-82.96,-78.08,-24.4,-170.8,0
-9.76,14.64,24.4,0,-19.52,19.52,19.52,-82.96,-73.2,-19.52,-180.56,-9.76
-14.64,19.52,34.16,0,-24.4,24.4,4.88,-97.6,-63.44,-9.76,-180.56,-14.64
-9.76,39.04,48.8,-14.64,-29.28,43.92,9.76,-102.48,-73.2,-14.64,-190.32,-14.64
-9.76,34.16,43.92,-9.76,-29.28,39.04,9.76,-92.72,-63.44,-9.76,-190.32,-19.52
-19.52,19.52,39.04,0,-29.28,29.28,9.76,-97.6,-68.32,-9.76,-190.32,-29.28
-14.64,34.16,48.8,-9.76,-34.16,39.04,14.64,-97.6,-68.32,-4.88,-185.44,-29.28
-9.76,24.4,34.16,-4.88,-24.4,29.28,9.76,-97.6,-68.32,-9.76,-126.88,-39.04
-9.76,4.88,14.64,4.88,-14.64,9.76,14.64,-97.6,-53.68,4.88,19.52,-24.4
-4.88,4.88,9.76,0,-9.76,4.88,19.52,-102.48,-58.56,0,39.04,-34.16
-9.76,9.76,19.52,0,-14.64,14.64,4.88,-107.36,-58.56,-9.76,29.28,-48.8
-4.88,9.76,14.64,0,-9.76,9.76,4.88,-102.48,-63.44,-14.64,24.4,-53.68
-9.76,19.52,29.28,-4.88,-19.52,24.4,4.88,-102.48,-68.32,-14.64,24.4,-58.56
-14.64,34.16,48.8,-9.76,-34.16,39.04,4.88,-102.48,-73.2,-19.52,19.52,-68.32
-14.64,29.28,43.92,-4.88,-29.28,34.16,4.88,-87.84,-82.96,-24.4,14.64,-82.96
-14.64,14.64,29.28,0,-24.4,19.52,0,-87.84,-92.72,-34.16,9.76,-82.96
-14.64,19.52,34.16,0,-24.4,24.4,0,-87.84,-87.84,-34.16,9.76,-82.96
-14.64,19.52,34.16,0,-24.4,24.4,4.88,-78.08,-73.2,-24.4,9.76,-73.2
-19.52,-4.88,14.64,14.64,-19.52,4.88,9.76,-68.32,-68.32,-24.4,14.64,-68.32
-14.64,-4.88,9.76,9.76,-14.64,0,19.52,-63.44,-78.08,-24.4,14.64,-68.32
-19.52,0,19.52,9.76,-19.52,9.76,9.76,-68.32,-78.08,-29.28,14.64,-78.08
-14.64,-4.88,9.76,9.76,-14.64,0,4.88,-73.2,-78.08,-24.4,9.76,-92.72
-14.64,14.64,29.28,0,-24.4,19.52,-4.88,-78.08,-87.84,-39.04,4.88,-97.6
-19.52,19.52,39.04,0,-29.28,29.28,-14.64,-97.6,-87.84,-43.92,-4.88,-97.6
-19.52,14.64,34.16,4.88,-29.28,24.4,4.88,-97.6,-78.08,-24.4,0,-97.6
-14.64,9.76,24.4,4.88,-19.52,14.64,4.88,-87.84,-92.72,-24.4,-9.76,-107.36
-24.4,9.76,34.16,9.76,-29.28,19.52,-4.88,-92.72,-92.72,-19.52,-19.52,-112.24
-14.64,0,14.64,9.76,-14.64,4.88,-4.88,-87.84,-82.96,-9.76,-14.64,-107.36
-14.64,-19.52,-4.88,19.52,-4.88,-14.64,0,-82.96,-82.96,-9.76,-9.76,-92.72
-19.52,-19.52,0,19.52,-9.76,-9.76,0,-82.96,-92.72,-14.64,-19.52,-87.84
-14.64,-9.76,4.88,14.64,-9.76,-4.88,-4.88,-92.72,-87.84,-19.52,-19.52,-92.72
-19.52,-19.52,0,19.52,-9.76,-9.76,-4.88,-92.72,-92.72,-24.4,-24.4,-87.84
-19.52,-4.88,14.64,14.64,-19.52,4.88,-9.76,-92.72,-92.72,-34.16,-34.16,-87.84
-19.52,19.52,39.04,0,-29.28,29.28,-14.64,-102.48,-102.48,-39.04,-53.68,-87.84
-19.52,9.76,29.28,4.88,-24.4,19.52,-14.64,-97.6,-97.6,-39.04,-53.68,-82.96
-19.52,4.88,24.4,9.76,-24.4,14.64,-19.52,-102.48,-102.48,-39.04,-63.44,-63.44
-24.4,4.88,29.28,9.76,-29.28,14.64,-24.4,-102.48,-107.36,-43.92,-63.44,-63.44
-24.4,-14.64,9.76,19.52,-19.52,-4.88,-24.4,-102.48,-97.6,-43.92,-68.32,-53.68
-19.52,-29.28,-9.76,24.4,-4.88,-19.52,-14.64,-92.72,-87.84,-39.04,-63.44,-43.92
-24.4,-34.16,-9.76,29.28,-9.76,-24.4,-19.52,-87.84,-92.72,-39.04,-68.32,-34.16
-24.4,-29.28,-4.88,29.28,-9.76,-19.52,-29.28,-102.48,-97.6,-48.8,-73.2,-39.04
-19.52,-29.28,-9.76,24.4,-4.88,-19.52,-24.4,-102.48,-97.6,-43.92,-73.2,-34.16
-29.28,-14.64,14.64,24.4,-24.4,0,-29.28,-107.36,-112.24,-53.68,-82.96,-39.04
-34.16,4.88,39.04,14.64,-39.04,19.52,-34.16,-117.12,-122,-63.44,-87.84,-43.92
-19.52,9.76,29.28,4.88,-24.4,19.52,-29.28,-112.24,-117.12,-63.44,-82.96,-39.04
-29.28,0,29.28,14.64,-29.28,14.64,-29.28,-117.12,-122,-63.44,-87.84,-34.16
-39.04,9.76,48.8,14.64,-43.92,29.28,-34.16,-117.12,-112.24,-68.32,-82.96,-29.28
-29.28,-4.88,24.4,19.52,-29.28,9.76,-24.4,-112.24,-107.36,-58.56,-78.08,-29.28
-24.4,-24.4,0,24.4,-14.64,-14.64,-19.52,-102.48,-92.72,-58.56,-73.2,-24.4
-34.16,-19.52,14.64,29.28,-24.4,-4.88,-19.52,-97.6,-87.84,-58.56,-73.2,-19.52
-39.04,-24.4,14.64,34.16,-29.28,-4.88,-24.4,-97.6,-92.72,-63.44,-73.2,-34.16
-19.52,-29.28,-9.76,24.4,-4.88,-19.52,-19.52,-97.6,-87.84,-63.44,-68.32,-24.4
-24.4,-14.64,9.76,19.52,-19.52,-4.88,-39.04,-102.48,-97.6,-78.08,-78.08,-34.16
-24.4,-9.76,14.64,19.52,-19.52,0,-43.92,-107.36,-107.36,-87.84,-82.96,-34.16
-19.52,-9.76,9.76,14.64,-14.64,0,-43.92,-107.36,-107.36,-92.72,-87.84,-39.04
-34.16,-39.04,-4.88,39.04,-14.64,-24.4,-39.04,-97.6,-92.72,-78.08,-73.2,-24.4
-14.64,-34.16,-19.52,24.4,0,-29.28,-43.92,-97.6,-92.72,-73.2,-53.68,-9.76
4.88,-78.08,-82.96,39.04,43.92,-82.96,-43.92,-102.48,-78.08,-48.8,-24.4,19.52
0,-112.24,-112.24,58.56,53.68,-112.24,-48.8,-92.72,-68.32,-39.04,-14.64,14.64
-4.88,-112.24,-107.36,58.56,48.8,-112.24,-24.4,-58.56,-48.8,-19.52,-4.88,14.64
-14.64,-122,-107.36,68.32,43.92,-117.12,9.76,-19.52,-9.76,0,53.68,4.88
-14.64,-102.48,-87.84,58.56,34.16,-97.6,58.56,48.8,43.92,39.04,73.2,4.88
-9.76,-53.68,-43.92,34.16,14.64,-48.8,92.72,107.36,92.72,82.96,92.72,24.4
4.88,4.88,0,-4.88,0,0,156.16,204.96,180.56,165.92,165.92,97.6
39.04,53.68,14.64,-43.92,9.76,34.16,219.6,317.2,297.68,297.68,273.28,214.72
68.32,112.24,43.92,-87.84,9.76,78.08,283.04,429.44,419.68,434.32,385.52,351.36
97.6,204.96,107.36,-151.28,-4.88,156.16,336.72,517.28,522.16,561.2,507.52,473.36
126.88,292.8,165.92,-209.84,-19.52,229.36,395.28,580.72,600.24,658.8,605.12,570.96
141.52,366,224.48,-253.76,-43.92,292.8,424.56,600.24,610,688.08,644.16,653.92
131.76,424.56,292.8,-278.16,-82.96,356.24,380.64,507.52,536.8,634.4,624.64,688.08
131.76,409.92,278.16,-268.4,-73.2,341.6,307.44,370.88,380.64,488,522.16,619.76
87.84,351.36,263.52,-219.6,-87.84,307.44,209.84,190.32,151.28,234.24,302.56,444.08
29.28,292.8,263.52,-161.04,-117.12,278.16,122,9.76,-78.08,-63.44,39.04,214.72
-9.76,190.32,200.08,-87.84,-107.36,195.2,43.92,-126.88,-263.52,-292.8,-175.68,-9.76
-58.56,97.6,156.16,-19.52,-107.36,126.88,-14.64,-234.24,-395.28,-448.96,-322.08,-185.44
-87.84,29.28,117.12,29.28,-102.48,73.2,-92.72,-331.84,-488,-556.32,-405.04,-287.92
-112.24,-24.4,87.84,68.32,-102.48,29.28,-141.52,-370.88,-512.4,-575.84,-419.68,-336.72
-117.12,-53.68,63.44,87.84,-92.72,4.88,-131.76,-331.84,-468.48,-517.28,-375.76,-326.96
-117.12,-92.72,24.4,107.36,-73.2,-34.16,-161.04,-307.44,-424.56,-458.72,-326.96,-292.8
-102.48,-102.48,0,102.48,-53.68,-53.68,-170.8,-278.16,-370.88,-395.28,-273.28,-253.76
-87.84,-87.84,0,87.84,-43.92,-43.92,-165.92,-209.84,-287.92,-307.44,-204.96,-209.84
-78.08,-63.44,14.64,73.2,-48.8,-24.4,-136.64,-126.88,-200.08,-214.72,-141.52,-156.16
-58.56,-29.28,29.28,43.92,-43.92,0,-112.24,-73.2,-136.64,-151.28,-92.72,-117.12
-48.8,0,48.8,24.4,-48.8,24.4,-87.84,-48.8,-107.36,-112.24,-58.56,-92.72
-39.04,-9.76,29.28,24.4,-34.16,9.76,-78.08,-48.8,-97.6,-92.72,-39.04,-78.08
-34.16,-34.16,0,34.16,-19.52,-19.52,-78.08,-43.92,-92.72,-82.96,-24.4,-63.44
-24.4,-34.16,-9.76,29.28,-9.76,-24.4,-68.32,-29.28,-73.2,-63.44,-9.76,-48.8
-24.4,-78.08,-53.68,53.68,14.64,-68.32,-53.68,-14.64,-63.44,-48.8,9.76,-39.04
-14.64,-117.12,-102.48,68.32,43.92,-112.24,-39.04,0,-53.68,-34.16,14.64,-24.4
-14.64,-131.76,-117.12,73.2,48.8,-126.88,-29.28,14.64,-39.04,-24.4,24.4,-19.52
-19.52,-141.52,-122,82.96,48.8,-131.76,-19.52,24.4,-34.16,-19.52,34.16,-9.76
0,-141.52,-141.52,73.2,68.32,-141.52,-19.52,43.92,-19.52,-9.76,39.04,-4.88
-9.76,-146.4,-136.64,78.08,63.44,-141.52,-19.52,43.92,-19.52,-9.76,39.04,-9.76
-29.28,-146.4,-117.12,87.84,43.92,-131.76,-24.4,34.16,-24.4,-19.52,39.04,-14.64
-24.4,-146.4,-122,87.84,48.8,-136.64,-19.52,39.04,-24.4,-19.52,29.28,-24.4
-4.88,-141.52,-136.64,73.2,63.44,-141.52,-14.64,58.56,-14.64,-4.88,48.8,0
-4.88,-146.4,-141.52,78.08,68.32,-146.4,-24.4,48.8,-14.64,-4.88,53.68,-4.88
-19.52,-175.68,-156.16,97.6,68.32,-165.92,-14.64,58.56,-4.88,-4.88,63.44,-4.88
-9.76,-190.32,-180.56,102.48,82.96,-185.44,-4.88,82.96,9.76,24.4,82.96,14.64
14.64,-165.92,-180.56,78.08,97.6,-175.68,14.64,102.48,24.4,34.16,97.6,29.28
4.88,-170.8,-175.68,82.96,87.84,-175.68,24.4,112.24,39.04,43.92,107.36,43.92
9.76,-175.68,-185.44,82.96,97.6,-180.56,19.52,122,39.04,43.92,107.36,39.04
4.88,-146.4,-151.28,73.2,78.08,-151.28,9.76,117.12,34.16,39.04,92.72,24.4
0,-117.12,-117.12,58.56,58.56,-117.12,19.52,122,34.16,29.28,82.96,19.52
-9.76,-102.48,-92.72,58.56,39.04,-97.6,19.52,136.64,48.8,34.16,92.72,29.28
-14.64,-122,-107.36,68.32,43.92,-117.12,9.76,131.76,48.8,29.28,92.72,34.16
-4.88,-131.76,-126.88,68.32,58.56,-131.76,9.76,136.64,39.04,14.64,82.96,24.4
0,-170.8,-170.8,87.84,82.96,-170.8,19.52,151.28,58.56,29.28,97.6,9.76
-4.88,-190.32,-185.44,97.6,87.84,-190.32,29.28,170.8,78.08,48.8,112.24,4.88
-4.88,-195.2,-190.32,102.48,92.72,-195.2,34.16,175.68,82.96,53.68,126.88,34.16
0,-180.56,-180.56,92.72,87.84,-180.56,39.04,185.44,97.6,63.44,126.88,73.2
14.64,-175.68,-190.32,82.96,102.48,-185.44,48.8,195.2,112.24,78.08,161.04,92.72
24.4,-136.64,-161.04,58.56,92.72,-151.28,58.56,200.08,112.24,73.2,146.4,73.2
4.88,-107.36,-112.24,53.68,58.56,-112.24,43.92,195.2,107.36,58.56,122,29.28
-4.88,-97.6,-92.72,53.68,43.92,-97.6,39.04,200.08,112.24,48.8,112.24,4.88
14.64,-87.84,-102.48,39.04,58.56,-97.6,43.92,204.96,107.36,53.68,112.24,0
9.76,-97.6,-107.36,43.92,58.56,-102.48,39.04,209.84,112.24,63.44,112.24,-4.88
14.64,-112.24,-126.88,48.8,68.32,-122,39.04,229.36,131.76,78.08,131.76,14.64
14.64,-141.52,-156.16,63.44,82.96,-151.28,63.44,244,146.4,92.72,151.28,29.28
4.88,-151.28,-156.16,73.2,78.08,-156.16,68.32,248.88,156.16,87.84,161.04,29.28
24.4,-141.52,-165.92,58.56,92.72,-156.16,68.32,258.64,165.92,102.48,170.8,34.16
19.52,-151.28,-170.8,68.32,92.72,-161.04,63.44,253.76,165.92,102.48,180.56,34.16
19.52,-117.12,-136.64,48.8,78.08,-126.88,68.32,273.28,180.56,107.36,195.2,43.92
24.4,-78.08,-102.48,29.28,63.44,-92.72,63.44,263.52,185.44,107.36,185.44,24.4
9.76,-78.08,-87.84,34.16,48.8,-82.96,63.44,263.52,185.44,112.24,190.32,9.76
19.52,-48.8,-68.32,14.64,43.92,-58.56,68.32,273.28,185.44,102.48,170.8,0
24.4,-14.64,-39.04,-4.88,29.28,-29.28,73.2,283.04,200.08,107.36,170.8,-4.88
9.76,-39.04,-48.8,14.64,29.28,-43.92,68.32,292.8,204.96,102.48,161.04,-14.64
19.52,-48.8,-68.32,14.64,43.92,-58.56,78.08,312.32,214.72,107.36,170.8,-9.76
14.64,-68.32,-82.96,29.28,48.8,-78.08,78.08,312.32,219.6,107.36,170.8,-9.76
19.52,-73.2,-92.72,29.28,53.68,-82.96,78.08,312.32,229.36,107.36,170.8,-9.76
19.52,-87.84,-107.36,34.16,63.44,-97.6,87.84,326.96,229.36,117.12,190.32,-4.88
9.76,-82.96,-92.72,39.04,48.8,-87.84,82.96,322.08,234.24,117.12,195.2,0
19.52,-43.92,-63.44,14.64,39.04,-53.68,82.96,326.96,239.12,122,214.72,9.76
43.92,-34.16,-78.08,-4.88,58.56,-58.56,82.96,326.96,253.76,131.76,219.6,24.4
34.16,-24.4,-58.56,-4.88,43.92,-43.92,82.96,336.72,258.64,146.4,234.24,24.4
29.28,-4.88,-34.16,-9.76,29.28,-19.52,87.84,341.6,273.28,156.16,229.36,14.64
43.92,0,-43.92,-19.52,43.92,-24.4,87.84,351.36,273.28,161.04,234.24,9.76
14.64,-19.52,-34.16,4.88,24.4,-29.28,92.72,370.88,278.16,151.28,234.24,0
9.76,-14.64,-24.4,4.88,14.64,-19.52,97.6,375.76,278.16,136.64,209.84,-14.64
19.52,-14.64,-34.16,0,24.4,-24.4,92.72,375.76,273.28,126.88,209.84,-24.4
39.04,-9.76,-48.8,-14.64,43.92,-29.28,102.48,400.16,292.8,146.4,229.36,-19.52
24.4,-4.88,-29.28,-9.76,24.4,-19.52,87.84,400.16,287.92,136.64,229.36,-14.64
4.88,-4.88,-9.76,0,4.88,-9.76,92.72,390.4,292.8,136.64,229.36,-14.64
29.28,9.76,-19.52,-19.52,24.4,-4.88,97.6,400.16,302.56,146.4,239.12,-9.76
43.92,19.52,-24.4,-29.28,34.16,-4.88,97.6,419.68,317.2,161.04,248.88,-9.76
34.16,19.52,-14.64,-24.4,24.4,0,97.6,414.8,322.08,161.04,248.88,-4.88
39.04,14.64,-24.4,-24.4,29.28,-4.88,102.48,429.44,322.08,161.04,253.76,-4.88
19.52,-9.76,-29.28,-4.88,24.4,-19.52,112.24,444.08,336.72,170.8,253.76,0
24.4,9.76,-14.64,-14.64,19.52,-4.88,112.24,444.08,341.6,161.04,253.76,-14.64
24.4,19.52,-4.88,-19.52,14.64,4.88,117.12,453.84,326.96,136.64,229.36,-34.16
14.64,9.76,-4.88,-9.76,9.76,0,112.24,458.72,336.72,141.52,224.48,-43.92
19.52,29.28,9.76,-24.4,4.88,19.52,102.48,453.84,331.84,131.76,214.72,-58.56
29.28,48.8,19.52,-39.04,4.88,34.16,107.36,444.08,317.2,112.24,200.08,-73.2
29.28,34.16,4.88,-29.28,9.76,19.52,102.48,444.08,307.44,102.48,195.2,-82.96
4.88,19.52,14.64,-9.76,-4.88,14.64,102.48,444.08,317.2,112.24,209.84,-78.08
19.52,29.28,9.76,-24.4,4.88,19.52,107.36,453.84,322.08,126.88,219.6,-68.32
19.52,19.52,0,-19.52,9.76,9.76,112.24,448.96,326.96,126.88,209.84,-82.96
9.76,-4.88,-14.64,0,9.76,-9.76,112.24,453.84,336.72,136.64,214.72,-73.2
-14.64,-14.64,0,14.64,-9.76,-9.76,112.24,444.08,331.84,122,209.84,-82.96
-4.88,4.88,9.76,0,-9.76,4.88,122,453.84,336.72,117.12,200.08,-92.72
0,0,0,0,0,0,117.12,458.72,341.6,117.12,204.96,-92.72
19.52,19.52,0,-19.52,9.76,9.76,107.36,448.96,322.08,102.48,190.32,-112.24
9.76,39.04,29.28,-24.4,-9.76,34.16,97.6,434.32,312.32,78.08,175.68,-126.88
-9.76,24.4,34.16,-4.88,-24.4,29.28,87.84,439.2,307.44,73.2,161.04,-131.76
-9.76,9.76,19.52,0,-14.64,14.64,92.72,444.08,312.32,78.08,170.8,-131.76
4.88,29.28,24.4,-14.64,-9.76,24.4,102.48,434.32,312.32,68.32,175.68,-117.12
4.88,14.64,9.76,-9.76,-4.88,9.76,97.6,439.2,322.08,68.32,170.8,-122
0,-4.88,-4.88,4.88,0,-4.88,97.6,453.84,326.96,78.08,175.68,-112.24
-9.76,-9.76,0,9.76,-4.88,-4.88,102.48,444.08,322.08,78.08,175.68,-126.88
-14.64,0,14.64,9.76,-14.64,4.88,102.48,453.84,326.96,73.2,170.8,-156.16
-4.88,-4.88,0,4.88,-4.88,-4.88,87.84,439.2,312.32,58.56,151.28,-185.44
-4.88,4.88,9.76,0,-9.76,4.88,82.96,434.32,297.68,48.8,141.52,-170.8
9.76,29.28,19.52,-19.52,-4.88,24.4,73.2,419.68,292.8,34.16,136.64,-161.04
-4.88,24.4,29.28,-9.76,-19.52,24.4,68.32,439.2,302.56,48.8,136.64,-161.04
9.76,24.4,14.64,-14.64,-4.88,19.52,68.32,424.56,297.68,43.92,131.76,-161.04
-4.88,34.16,39.04,-14.64,-24.4,34.16,78.08,439.2,297.68,39.04,131.76,-170.8
-9.76,24.4,34.16,-4.88,-24.4,29.28,73.2,444.08,297.68,34.16,131.76,-175.68
0,14.64,14.64,-4.88,-9.76,14.64,82.96,468.48,302.56,39.04,122,-170.8
0,14.64,14.64,-4.88,-9.76,14.64,82.96,478.24,302.56,39.04,136.64,-161.04
-19.52,-4.88,14.64,14.64,-19.52,4.88,73.2,473.36,302.56,39.04,131.76,-161.04
-4.88,4.88,9.76,0,-9.76,4.88,82.96,488,317.2,43.92,131.76,-146.4
-14.64,9.76,24.4,4.88,-19.52,14.64,73.2,468.48,292.8,29.28,112.24,-175.68
-24.4,19.52,43.92,4.88,-34.16,29.28,63.44,458.72,287.92,9.76,107.36,-170.8
4.88,34.16,29.28,-19.52,-14.64,29.28,68.32,463.6,292.8,9.76,107.36,-165.92
-14.64,9.76,24.4,4.88,-19.52,14.64,63.44,453.84,278.16,9.76,102.48,-175.68
-19.52,9.76,29.28,4.88,-24.4,19.52,63.44,458.72,278.16,19.52,112.24,-170.8
-9.76,-4.88,4.88,9.76,-9.76,0,68.32,458.72,283.04,24.4,112.24,-180.56
-4.88,-14.64,-9.76,9.76,0,-14.64,68.32,468.48,273.28,29.28,122,-170.8
-14.64,-19.52,-4.88,19.52,-4.88,-14.64,73.2,473.36,258.64,19.52,117.12,-165.92
-14.64,-4.88,9.76,9.76,-14.64,0,73.2,468.48,258.64,14.64,112.24,-165.92
-9.76,-4.88,4.88,9.76,-9.76,0,68.32,458.72,248.88,9.76,112.24,-165.92
-9.76,19.52,29.28,-4.88,-19.52,24.4,68.32,458.72,258.64,4.88,92.72,-175.68
-4.88,39.04,43.92,-14.64,-24.4,39.04,63.44,453.84,248.88,0,87.84,-190.32
-24.4,29.28,53.68,0,-39.04,39.04,63.44,448.96,234.24,-14.64,78.08,-190.32
-4.88,34.16,39.04,-14.64,-24.4,34.16,63.44,448.96,253.76,4.88,92.72,-165.92
-4.88,29.28,34.16,-9.76,-19.52,29.28,53.68,434.32,248.88,4.88,112.24,-156.16
-24.4,4.88,29.28,9.76,-29.28,14.64,53.68,419.68,244,-9.76,92.72,-165.92
-39.04,-19.52,19.52,29.28,-29.28,0,63.44,434.32,253.76,9.76,102.48,-161.04
-9.76,0,9.76,4.88,-9.76,4.88,63.44,434.32,253.76,14.64,102.48,-161.04
-4.88,9.76,14.64,0,-9.76,9.76,63.44,424.56,234.24,-14.64,53.68,-156.16
-4.88,0,4.88,4.88,-4.88,0,48.8,409.92,224.48,-19.52,53.68,-136.64
-9.76,9.76,19.52,0,-14.64,14.64,58.56,409.92,239.12,-9.76,73.2,-131.76
-9.76,24.4,34.16,-4.88,-24.4,29.28,48.8,380.64,229.36,-24.4,53.68,-151.28
9.76,24.4,14.64,-14.64,-4.88,19.52,39.04,366,219.6,-24.4,48.8,-146.4
0,9.76,9.76,-4.88,-4.88,9.76,39.04,351.36,224.48,-19.52,53.68,-141.52
-19.52,0,19.52,9.76,-19.52,9.76,39.04,341.6,219.6,-29.28,53.68,-146.4
-19.52,-19.52,0,19.52,-9.76,-9.76,48.8,361.12,224.48,-19.52,48.8,-146.4
-14.64,-34.16,-19.52,24.4,0,-29.28,43.92,341.6,224.48,-29.28,39.04,-141.52
-9.76,-14.64,-4.88,14.64,-4.88,-9.76,53.68,312.32,234.24,-24.4,53.68,-126.88
4.88,-9.76,-14.64,4.88,9.76,-14.64,58.56,317.2,234.24,-24.4,39.04,-131.76
-9.76,-24.4,-14.64,19.52,0,-19.52,48.8,302.56,219.6,-34.16,34.16,-131.76
-29.28,-29.28,0,29.28,-14.64,-14.64,34.16,283.04,200.08,-43.92,29.28,-146.4
-14.64,4.88,19.52,4.88,-19.52,9.76,34.16,287.92,214.72,-39.04,29.28,-136.64
-14.64,0,14.64,9.76,-14.64,4.88,39.04,292.8,209.84,-34.16,24.4,-126.88
-24.4,-9.76,14.64,19.52,-19.52,0,39.04,287.92,204.96,-39.04,29.28,-131.76
-19.52,4.88,24.4,9.76,-24.4,14.64,43.92,297.68,204.96,-39.04,29.28,-126.88
-9.76,4.88,14.64,4.88,-14.64,9.76,34.16,297.68,204.96,-39.04,29.28,-126.88
-9.76,-19.52,-9.76,14.64,0,-14.64,39.04,302.56,204.96,-34.16,34.16,-112.24
-9.76,-24.4,-14.64,19.52,0,-19.52,39.04,292.8,195.2,-34.16,24.4,-112.24
-4.88,-19.52,-14.64,14.64,4.88,-19.52,39.04,287.92,200.08,-24.4,29.28,-107.36
-4.88,-14.64,-9.76,9.76,0,-14.64,48.8,287.92,195.2,-9.76,24.4,-107.36
-19.52,-24.4,-4.88,24.4,-9.76,-14.64,34.16,278.16,170.8,-9.76,19.52,-112.24
-14.64,-4.88,9.76,9.76,-14.64,0,19.52,263.52,165.92,-4.88,9.76,-117.12
-9.76,0,9.76,4.88,-9.76,4.88,29.28,278.16,170.8,19.52,29.28,-102.48
-9.76,-9.76,0,9.76,-4.88,-4.88,24.4,263.52,170.8,9.76,24.4,-112.24
-19.52,-14.64,4.88,19.52,-14.64,-4.88,19.52,248.88,156.16,4.88,24.4,-112.24
-14.64,-24.4,-9.76,19.52,-4.88,-19.52,29.28,234.24,161.04,9.76,34.16,-102.48
-9.76,-39.04,-29.28,24.4,9.76,-34.16,29.28,248.88,175.68,29.28,43.92,-102.48
-9.76,-34.16,-24.4,24.4,4.88,-29.28,34.16,248.88,170.8,9.76,34.16,-107.36
-24.4,-34.16,-9.76,29.28,-9.76,-24.4,34.16,244,151.28,-4.88,24.4,-112.24
0,-24.4,-24.4,14.64,9.76,-24.4,29.28,229.36,136.64,-19.52,19.52,-107.36
-4.88,-24.4,-19.52,14.64,4.88,-24.4,19.52,219.6,131.76,-14.64,14.64,-107.36
-39.04,-39.04,0,39.04,-19.52,-19.52,9.76,200.08,112.24,-24.4,0,-122
-4.88,-14.64,-9.76,9.76,0,-14.64,14.64,209.84,122,-14.64,19.52,-102.48
0,-9.76,-9.76,4.88,4.88,-9.76,19.52,195.2,107.36,-19.52,14.64,-102.48
-9.76,-14.64,-4.88,14.64,-4.88,-9.76,4.88,185.44,87.84,-19.52,14.64,-97.6
4.88,-14.64,-19.52,4.88,9.76,-19.52,19.52,190.32,87.84,-24.4,19.52,-97.6
-9.76,-39.04,-29.28,24.4,9.76,-34.16,24.4,185.44,87.84,-29.28,19.52,-92.72
-9.76,-34.16,-24.4,24.4,4.88,-29.28,19.52,151.28,82.96,-29.28,24.4,-73.2
-4.88,-29.28,-24.4,19.52,9.76,-29.28,9.76,112.24,68.32,-39.04,14.64,-92.72
-9.76,-34.16,-24.4,24.4,4.88,-29.28,19.52,122,78.08,-29.28,14.64,-82.96
-14.64,-29.28,-14.64,24.4,0,-24.4,14.64,122,78.08,-34.16,14.64,-78.08
-9.76,-19.52,-9.76,14.64,0,-14.64,0,97.6,58.56,-53.68,9.76,-92.72
-19.52,-34.16,-14.64,29.28,-4.88,-24.4,-14.64,82.96,53.68,-58.56,0,-97.6
-19.52,-29.28,-9.76,24.4,-4.88,-19.52,0,82.96,68.32,-58.56,0,-87.84
-24.4,-34.16,-9.76,29.28,-9.76,-24.4,4.88,78.08,68.32,-48.8,9.76,-82.96
-4.88,-39.04,-34.16,24.4,14.64,-39.04,0,68.32,73.2,-39.04,19.52,-68.32
0,-43.92,-43.92,24.4,19.52,-43.92,0,78.08,82.96,-39.04,4.88,-73.2
-9.76,-29.28,-19.52,19.52,4.88,-24.4,-4.88,63.44,78.08,-48.8,0,-78.08
0,-19.52,-19.52,9.76,9.76,-19.52,0,58.56,82.96,-34.16,9.76,-63.44
-14.64,-43.92,-29.28,29.28,4.88,-39.04,0,39.04,82.96,-48.8,-4.88,-63.44
-9.76,-29.28,-19.52,19.52,4.88,-24.4,0,19.52,73.2,-58.56,-9.76,-58.56
-4.88,-14.64,-9.76,9.76,0,-14.64,-24.4,0,58.56,-68.32,-24.4,-78.08
-19.52,-34.16,-14.64,29.28,-4.88,-24.4,-24.4,-4.88,58.56,-73.2,-39.04,-92.72
-19.52,-39.04,-19.52,29.28,0,-29.28,-19.52,0,63.44,-73.2,-29.28,-87.84
-19.52,-34.16,-14.64,29.28,-4.88,-24.4,-24.4,-14.64,53.68,-82.96,-29.28,-73.2
-14.64,-43.92,-29.28,29.28,4.88,-39.04,-19.52,-19.52,58.56,-68.32,-19.52,-63.44
-9.76,-48.8,-39.04,29.28,14.64,-43.92,-9.76,4.88,58.56,-43.92,4.88,-34.16
-9.76,-53.68,-43.92,34.16,14.64,-48.8,-4.88,9.76,0,-39.04,4.88,-19.52
-9.76,-48.8,-39.04,29.28,14.64,-43.92,-24.4,-4.88,-63.44,-53.68,-4.88,-24.4
-4.88,-43.92,-39.04,24.4,14.64,-43.92,-19.52,-14.64,-68.32,-63.44,-9.76,-34.16
-19.52,-24.4,-4.88,24.4,-9.76,-14.64,-24.4,-19.52,-68.32,-68.32,-19.52,-78.08
-4.88,-4.88,0,4.88,-4.88,-4.88,-24.4,-19.52,-68.32,-82.96,-24.4,-97.6
-9.76,-4.88,4.88,9.76,-9.76,0,-29.28,-14.64,-63.44,-92.72,-29.28,-78.08
-14.64,-29.28,-14.64,24.4,0,-24.4,-39.04,-24.4,-63.44,-102.48,-63.44,-68.32
-4.88,-24.4,-19.52,14.64,4.88,-24.4,-34.16,-14.64,-63.44,-102.48,-92.72,-58.56
-14.64,-39.04,-24.4,29.28,4.88,-34.16,-29.28,-4.88,-53.68,-87.84,-97.6,-63.44
-24.4,-63.44,-39.04,43.92,4.88,-53.68,-19.52,4.88,-29.28,-73.2,-87.84,-43.92
-9.76,-63.44,-53.68,39.04,19.52,-58.56,-19.52,4.88,-29.28,-78.08,-92.72,-34.16
-9.76,-63.44,-53.68,39.04,19.52,-58.56,-34.16,4.88,-34.16,-87.84,-102.48,-48.8
-9.76,-53.68,-43.92,34.16,14.64,-48.8,-24.4,4.88,-24.4,-78.08,-92.72,-34.16
-9.76,-48.8,-39.04,29.28,14.64,-43.92,-29.28,0,-24.4,-73.2,-92.72,-34.16
-14.64,-34.16,-19.52,24.4,0,-29.28,-24.4,-9.76,-29.28,-68.32,-82.96,-29.28
-4.88,-14.64,-9.76,9.76,0,-14.64,-24.4,-14.64,-24.4,-63.44,-87.84,-29.28
0,-19.52,-19.52,9.76,9.76,-19.52,-29.28,-24.4,-24.4,-58.56,-102.48,-29.28
9.76,-14.64,-24.4,4.88,14.64,-19.52,-39.04,-24.4,-24.4,-48.8,-87.84,-29.28
-9.76,-19.52,-9.76,14.64,0,-14.64,-39.04,-29.28,-29.28,-53.68,-87.84,-29.28
-4.88,-53.68,-48.8,29.28,19.52,-53.68,-48.8,-39.04,-24.4,-58.56,-102.48,-39.04
-9.76,-63.44,-53.68,39.04,19.52,-58.56,-34.16,-29.28,-19.52,-48.8,-82.96,-19.52
0,-78.08,-78.08,39.04,39.04,-78.08,-48.8,-48.8,-19.52,-39.04,-68.32,0
14.64,-107.36,-122,48.8,68.32,-117.12,-43.92,-43.92,-9.76,-24.4,-53.68,19.52
24.4,-92.72,-117.12,34.16,68.32,-107.36,-34.16,-34.16,4.88,0,-39.04,29.28
14.64,-78.08,-92.72,34.16,53.68,-87.84,-14.64,0,34.16,24.4,-29.28,24.4
-4.88,-58.56,-53.68,34.16,24.4,-58.56,9.76,43.92,87.84,73.2,-19.52,29.28
19.52,-9.76,-29.28,-4.88,24.4,-19.52,34.16,87.84,136.64,122,4.88,53.68
39.04,39.04,0,-39.04,19.52,19.52,58.56,136.64,200.08,185.44,58.56,126.88
53.68,78.08,24.4,-63.44,14.64,48.8,112.24,239.12,322.08,312.32,170.8,239.12
87.84,156.16,68.32,-122,9.76,112.24,165.92,331.84,434.32,444.08,278.16,375.76
117.12,273.28,156.16,-195.2,-19.52,214.72,209.84,419.68,536.8,570.96,380.64,502.64
141.52,366,224.48,-253.76,-43.92,292.8,229.36,473.36,605.12,649.04,453.84,595.36
146.4,439.2,292.8,-292.8,-73.2,366,239.12,483.12,624.64,668.56,483.12,639.28
122,502.64,380.64,-312.32,-131.76,439.2,239.12,448.96,585.6,624.64,458.72,644.16
122,556.32,434.32,-336.72,-156.16,492.88,234.24,356.24,463.6,483.12,331.84,541.68
78.08,522.16,444.08,-297.68,-185.44,483.12,204.96,248.88,297.68,273.28,131.76,361.12
43.92,478.24,434.32,-258.64,-195.2,453.84,141.52,107.36,107.36,34.16,-97.6,151.28
-14.64,361.12,375.76,-170.8,-195.2,366,82.96,-19.52,-48.8,-156.16,-273.28,-39.04
-58.56,253.76,312.32,-97.6,-185.44,283.04,78.08,-68.32,-131.76,-263.52,-380.64,-170.8
-92.72,190.32,283.04,-48.8,-190.32,234.24,53.68,-126.88,-190.32,-317.2,-439.2,-239.12
-107.36,141.52,248.88,-14.64,-180.56,195.2,-4.88,-214.72,-268.4,-390.4,-478.24,-283.04
-102.48,87.84,190.32,9.76,-146.4,136.64,-58.56,-263.52,-292.8,-400.16,-478.24,-302.56
-122,24.4,146.4,48.8,-136.64,82.96,-122,-292.8,-292.8,-380.64,-458.72,-287.92
-112.24,-24.4,87.84,68.32,-102.48,29.28,-175.68,-317.2,-292.8,-361.12,-414.8,-258.64
-78.08,-9.76,68.32,43.92,-73.2,29.28,-195.2,-302.56,-273.28,-312.32,-375.76,-214.72
-68.32,-4.88,63.44,39.04,-68.32,29.28,-190.32,-248.88,-214.72,-229.36,-297.68,-146.4
-43.92,14.64,58.56,14.64,-53.68,34.16,-170.8,-175.68,-122,-141.52,-224.48,-78.08
-43.92,19.52,63.44,14.64,-53.68,39.04,-151.28,-136.64,-73.2,-87.84,-185.44,-43.92
-34.16,14.64,48.8,9.76,-43.92,29.28,-131.76,-97.6,-34.16,-43.92,-141.52,-4.88
-19.52,-9.76,9.76,14.64,-14.64,0,-112.24,-78.08,-19.52,-24.4,-117.12,9.76
-24.4,-48.8,-24.4,39.04,0,-39.04,-117.12,-87.84,-48.8,-19.52,-117.12,19.52
-4.88,-48.8,-43.92,29.28,19.52,-48.8,-122,-73.2,-43.92,-14.64,-117.12,48.8
-9.76,-78.08,-68.32,43.92,29.28,-73.2,-87.84,-39.04,-14.64,19.52,-68.32,117.12
-19.52,-87.84,-68.32,53.68,24.4,-78.08,-92.72,-39.04,-19.52,14.64,-82.96,107.36
-14.64,-87.84,-73.2,53.68,29.28,-82.96,-97.6,-43.92,-29.28,4.88,-107.36,78.08
14.64,-78.08,-92.72,34.16,53.68,-87.84,-82.96,-29.28,-19.52,24.4,-87.84,82.96
14.64,-82.96,-97.6,34.16,53.68,-92.72,-78.08,-14.64,4.88,48.8,-58.56,102.48
0,-92.72,-92.72,48.8,43.92,-92.72,-78.08,-29.28,-4.88,39.04,-68.32,102.48
4.88,-102.48,-107.36,48.8,53.68,-107.36,-48.8,-4.88,4.88,43.92,-58.56,102.48
19.52,-131.76,-151.28,58.56,82.96,-141.52,-53.68,0,9.76,48.8,-48.8,97.6
24.4,-141.52,-165.92,58.56,92.72,-156.16,-53.68,-4.88,19.52,48.8,-73.2,92.72
29.28,-146.4,-175.68,58.56,102.48,-161.04,-53.68,-14.64,9.76,29.28,-87.84,131.76
29.28,-146.4,-175.68,58.56,102.48,-161.04,-48.8,-9.76,14.64,34.16,-63.44,175.68
14.64,-136.64,-151.28,63.44,82.96,-146.4,-58.56,-29.28,0,24.4,-68.32,165.92
29.28,-112.24,-141.52,43.92,82.96,-126.88,-63.44,-29.28,0,29.28,-63.44,156.16
29.28,-122,-151.28,48.8,87.84,-136.64,-48.8,-63.44,4.88,48.8,-48.8,175.68
19.52,-126.88,-146.4,53.68,82.96,-136.64,-48.8,-122,9.76,63.44,-39.04,185.44
9.76,-131.76,-141.52,63.44,73.2,-136.64,-43.92,-131.76,9.76,63.44,-53.68,175.68
9.76,-146.4,-156.16,68.32,82.96,-151.28,-29.28,-131.76,9.76,68.32,-39.04,175.68
29.28,-161.04,-190.32,68.32,107.36,-175.68,-39.04,-122,14.64,68.32,-39.04,170.8
43.92,-161.04,-204.96,58.56,122,-185.44,-39.04,-112.24,19.52,82.96,-29.28,175.68
39.04,-165.92,-204.96,63.44,122,-185.44,-24.4,-82.96,39.04,102.48,-14.64,180.56
34.16,-161.04,-195.2,63.44,112.24,-180.56,-14.64,-73.2,34.16,102.48,-14.64,185.44
14.64,-156.16,-170.8,73.2,92.72,-165.92,-9.76,-73.2,34.16,102.48,-9.76,195.2
34.16,-122,-156.16,43.92,92.72,-141.52,-24.4,-82.96,19.52,97.6,-14.64,185.44
29.28,-117.12,-146.4,43.92,87.84,-131.76,-19.52,-78.08,34.16,122,9.76,195.2
19.52,-122,-141.52,53.68,78.08,-131.76,-4.88,-63.44,43.92,131.76,9.76,200.08
24.4,-117.12,-141.52,48.8,82.96,-131.76,0,-68.32,29.28,117.12,4.88,204.96
48.8,-122,-170.8,39.04,107.36,-146.4,9.76,-53.68,39.04,117.12,4.88,200.08
48.8,-141.52,-190.32,48.8,117.12,-165.92,19.52,-63.44,58.56,126.88,9.76,214.72
39.04,-141.52,-180.56,53.68,107.36,-161.04,9.76,-58.56,68.32,131.76,19.52,229.36
43.92,-126.88,-170.8,43.92,107.36,-151.28,14.64,-53.68,78.08,141.52,19.52,224.48
43.92,-122,-165.92,39.04,102.48,-146.4,24.4,-24.4,87.84,146.4,29.28,234.24
48.8,-92.72,-141.52,24.4,92.72,-117.12,14.64,9.76,92.72,141.52,24.4,234.24
34.16,-73.2,-107.36,19.52,68.32,-92.72,9.76,19.52,92.72,122,14.64,229.36
39.04,-78.08,-117.12,19.52,78.08,-97.6,14.64,4.88,102.48,126.88,19.52,229.36
29.28,-82.96,-112.24,29.28,68.32,-97.6,19.52,-29.28,112.24,136.64,29.28,239.12
29.28,-73.2,-102.48,24.4,63.44,-87.84,4.88,-48.8,102.48,126.88,29.28,244
29.28,-73.2,-102.48,24.4,63.44,-87.84,19.52,-34.16,102.48,117.12,24.4,239.12
34.16,-87.84,-122,29.28,78.08,-107.36,9.76,-29.28,97.6,112.24,19.52,239.12
48.8,-82.96,-131.76,19.52,87.84,-107.36,9.76,-29.28,102.48,112.24,24.4,258.64
43.92,-87.84,-131.76,24.4,87.84,-112.24,9.76,-39.04,92.72,102.48,34.16,258.64
14.64,-126.88,-141.52,58.56,78.08,-136.64,4.88,-34.16,92.72,102.48,34.16,263.52
14.64,-112.24,-126.88,48.8,68.32,-122,0,-43.92,97.6,117.12,43.92,292.8
24.4,-68.32,-92.72,24.4,58.56,-82.96,0,-34.16,112.24,131.76,58.56,302.56
63.44,-48.8,-112.24,-4.88,87.84,-82.96,4.88,-29.28,112.24,141.52,63.44,297.68
58.56,-48.8,-107.36,-4.88,82.96,-78.08,0,-29.28,107.36,131.76,63.44,268.4
29.28,-48.8,-78.08,9.76,53.68,-63.44,-4.88,-39.04,107.36,122,53.68,253.76
29.28,-43.92,-73.2,9.76,48.8,-58.56,-4.88,-29.28,92.72,122,58.56,253.76
4.88,-78.08,-82.96,39.04,43.92,-82.96,9.76,-14.64,112.24,136.64,68.32,292.8
4.88,-73.2,-78.08,34.16,39.04,-78.08,9.76,-4.88,117.12,141.52,78.08,292.8
39.04,-43.92,-82.96,4.88,58.56,-63.44,4.88,-24.4,136.64,161.04,87.84,283.04
43.92,-43.92,-87.84,0,63.44,-68.32,24.4,-29.28,141.52,146.4,63.44,287.92
43.92,-34.16,-78.08,-4.88,58.56,-58.56,24.4,-34.16,126.88,131.76,48.8,307.44
48.8,-4.88,-53.68,-19.52,48.8,-29.28,-4.88,-63.44,107.36,117.12,53.68,292.8
63.44,14.64,-48.8,-39.04,53.68,-19.52,14.64,-29.28,141.52,151.28,82.96,307.44
34.16,-4.88,-39.04,-14.64,34.16,-24.4,14.64,-4.88,146.4,165.92,97.6,326.96
29.28,-14.64,-43.92,-4.88,34.16,-29.28,0,-19.52,122,136.64,68.32,307.44
34.16,-9.76,-43.92,-9.76,39.04,-29.28,29.28,4.88,126.88,151.28,78.08,302.56
34.16,-19.52,-53.68,-4.88,43.92,-39.04,39.04,14.64,136.64,175.68,97.6,322.08
43.92,-14.64,-58.56,-14.64,48.8,-39.04,53.68,43.92,165.92,185.44,97.6,326.96
53.68,-9.76,-63.44,-19.52,58.56,-39.04,29.28,43.92,165.92,200.08,107.36,331.84
24.4,-39.04,-63.44,9.76,43.92,-53.68,39.04,63.44,175.68,204.96,117.12,331.84
19.52,-19.52,-39.04,0,29.28,-29.28,39.04,68.32,185.44,224.48,126.88,346.48
29.28,14.64,-14.64,-19.52,19.52,0,39.04,58.56,161.04,195.2,97.6,317.2
34.16,19.52,-14.64,-24.4,24.4,0,43.92,68.32,175.68,200.08,107.36,312.32
29.28,4.88,-24.4,-14.64,24.4,-9.76,43.92,29.28,170.8,209.84,117.12,326.96
48.8,14.64,-34.16,-29.28,39.04,-9.76,43.92,19.52,165.92,214.72,107.36,317.2
53.68,4.88,-48.8,-29.28,48.8,-24.4,53.68,34.16,161.04,219.6,112.24,307.44
43.92,-9.76,-53.68,-14.64,48.8,-34.16,68.32,29.28,180.56,244,141.52,336.72
9.76,-24.4,-34.16,9.76,19.52,-29.28,58.56,24.4,165.92,234.24,117.12,317.2
4.88,-29.28,-34.16,14.64,19.52,-34.16,58.56,24.4,170.8,234.24,107.36,292.8
19.52,-24.4,-43.92,4.88,29.28,-34.16,58.56,14.64,170.8,234.24,112.24,302.56
9.76,-9.76,-19.52,0,14.64,-14.64,73.2,29.28,185.44,229.36,122,307.44
39.04,34.16,-4.88,-34.16,19.52,14.64,68.32,29.28,175.68,224.48,126.88,307.44
43.92,19.52,-24.4,-29.28,34.16,-4.88,53.68,14.64,161.04,219.6,122,268.4
43.92,4.88,-39.04,-24.4,39.04,-19.52,58.56,14.64,151.28,219.6,97.6,268.4
39.04,9.76,-29.28,-24.4,34.16,-9.76,48.8,24.4,151.28,224.48,112.24,278.16
29.28,4.88,-24.4,-14.64,24.4,-9.76,63.44,29.28,156.16,248.88,131.76,287.92
14.64,-24.4,-39.04,4.88,24.4,-34.16,73.2,-14.64,161.04,258.64,141.52,302.56
19.52,-34.16,-53.68,9.76,34.16,-43.92,73.2,-73.2,161.04,244,131.76,292.8
4.88,-34.16,-39.04,14.64,19.52,-39.04,92.72,-87.84,170.8,253.76,136.64,263.52
4.88,-24.4,-29.28,9.76,14.64,-29.28,73.2,-102.48,151.28,239.12,112.24,229.36
-4.88,-9.76,-4.88,9.76,0,-9.76,63.44,-126.88,151.28,229.36,92.72,239.12
4.88,9.76,4.88,-4.88,0,4.88,53.68,-146.4,141.52,214.72,73.2,239.12
9.76,9.76,0,-9.76,4.88,4.88,58.56,-156.16,136.64,229.36,82.96,244
14.64,-14.64,-29.28,0,19.52,-24.4,58.56,-161.04,136.64,239.12,97.6,263.52
19.52,-4.88,-24.4,-4.88,19.52,-14.64,43.92,-175.68,126.88,234.24,102.48,258.64
29.28,0,-29.28,-14.64,29.28,-14.64,48.8,-170.8,131.76,244,102.48,239.12
34.16,-9.76,-43.92,-9.76,39.04,-29.28,73.2,-141.52,156.16,263.52,126.88,224.48
14.64,-19.52,-34.16,4.88,24.4,-29.28,73.2,-141.52,156.16,258.64,97.6,204.96
4.88,-34.16,-39.04,14.64,19.52,-39.04,73.2,-151.28,161.04,253.76,102.48,219.6
4.88,-29.28,-34.16,14.64,19.52,-34.16,73.2,-165.92,156.16,258.64,107.36,234.24
0,-19.52,-19.52,9.76,9.76,-19.52,68.32,-170.8,156.16,253.76,107.36,234.24
0,0,0,0,0,0,58.56,-185.44,141.52,234.24,87.84,185.44
0,-4.88,-4.88,4.88,0,-4.88,73.2,-195.2,136.64,239.12,97.6,170.8
9.76,4.88,-4.88,-4.88,4.88,0,63.44,-190.32,131.76,248.88,92.72,180.56
14.64,0,-14.64,-4.88,14.64,-9.76,63.44,-190.32,126.88,253.76,102.48,190.32
34.16,-19.52,-53.68,-4.88,43.92,-39.04,48.8,-200.08,141.52,253.76,97.6,175.68
24.4,-43.92,-68.32,9.76,43.92,-58.56,68.32,-165.92,190.32,283.04,136.64,204.96
0,-29.28,-29.28,14.64,14.64,-29.28,78.08,-165.92,209.84,292.8,136.64,204.96
0,-29.28,-29.28,14.64,14.64,-29.28,63.44,-170.8,195.2,268.4,107.36,180.56
4.88,-34.16,-39.04,14.64,19.52,-39.04,68.32,-165.92,204.96,273.28,122,195.2
9.76,-24.4,-34.16,9.76,19.52,-29.28,68.32,-146.4,224.48,278.16,122,200.08
9.76,14.64,4.88,-9.76,0,9.76,68.32,-165.92,214.72,263.52,107.36,190.32
-4.88,14.64,19.52,-4.88,-14.64,14.64,58.56,-156.16,200.08,248.88,92.72,161.04
9.76,9.76,0,-9.76,4.88,4.88,68.32,-151.28,195.2,248.88,97.6,151.28
0,-14.64,-14.64,9.76,4.88,-14.64,39.04,-175.68,190.32,244,97.6,146.4
4.88,-19.52,-24.4,9.76,14.64,-24.4,58.56,-156.16,219.6,283.04,126.88,170.8
4.88,-34.16,-39.04,14.64,19.52,-39.04,68.32,-131.76,234.24,302.56,136.64,190.32
-4.88,-43.92,-39.04,24.4,14.64,-43.92,53.68,-156.16,214.72,273.28,102.48,165.92
-9.76,-43.92,-34.16,29.28,9.76,-39.04,58.56,-161.04,209.84,219.6,92.72,151.28
-4.88,-34.16,-29.28,19.52,9.76,-34.16,68.32,-165.92,209.84,161.04,102.48,161.04
-14.64,-29.28,-14.64,24.4,0,-24.4,68.32,-170.8,209.84,141.52,117.12,170.8
4.88,4.88,0,-4.88,0,0,68.32,-161.04,219.6,146.4,107.36,170.8
0,0,0,0,0,0,63.44,-161.04,209.84,131.76,92.72,156.16
14.64,-9.76,-24.4,0,19.52,-19.52,58.56,-180.56,204.96,136.64,107.36,156.16
4.88,-4.88,-9.76,0,4.88,-9.76,48.8,-190.32,190.32,122,82.96,141.52
-4.88,0,4.88,4.88,-4.88,0,63.44,-175.68,180.56,117.12,78.08,136.64
9.76,-14.64,-24.4,4.88,14.64,-19.52,73.2,-151.28,200.08,131.76,87.84,156.16
0,-29.28,-29.28,14.64,14.64,-29.28,58.56,-151.28,190.32,131.76,97.6,170.8
9.76,-29.28,-39.04,9.76,24.4,-34.16,73.2,-156.16,195.2,156.16,126.88,190.32
4.88,-34.16,-39.04,14.64,19.52,-39.04,73.2,-141.52,209.84,170.8,126.88,185.44
-24.4,-43.92,-19.52,34.16,-4.88,-34.16,73.2,-146.4,200.08,156.16,102.48,136.64
-14.64,-9.76,4.88,14.64,-9.76,-4.88,68.32,-156.16,190.32,151.28,87.84,117.12
-4.88,-9.76,-4.88,9.76,0,-9.76,48.8,-170.8,180.56,141.52,63.44,117.12
0,-9.76,-9.76,4.88,4.88,-9.76,63.44,-161.04,170.8,146.4,58.56,126.88
19.52,34.16,14.64,-24.4,0,24.4,63.44,-156.16,185.44,141.52,53.68,146.4
14.64,4.88,-9.76,-9.76,9.76,-4.88,48.8,-190.32,146.4,117.12,48.8,136.64
14.64,-24.4,-39.04,4.88,24.4,-34.16,58.56,-170.8,165.92,136.64,78.08,161.04
9.76,-34.16,-43.92,14.64,24.4,-39.04,48.8,-204.96,175.68,146.4,78.08,180.56
-9.76,-48.8,-39.04,29.28,14.64,-43.92,53.68,-248.88,165.92,141.52,68.32,151.28
9.76,-43.92,-53.68,19.52,29.28,-48.8,73.2,-248.88,165.92,151.28,82.96,131.76
14.64,-48.8,-63.44,19.52,39.04,-58.56,58.56,-244,170.8,161.04,78.08,131.76
-4.88,-29.28,-24.4,19.52,9.76,-29.28,58.56,-253.76,161.04,165.92,78.08,136.64
-19.52,-29.28,-9.76,24.4,-4.88,-19.52,63.44,-248.88,165.92,161.04,78.08,126.88
-19.52,-34.16,-14.64,29.28,-4.88,-24.4,48.8,-253.76,146.4,151.28,68.32,131.76
4.88,-4.88,-9.76,0,4.88,-9.76,48.8,-258.64,131.76,141.52,63.44,151.28
9.76,4.88,-4.88,-4.88,4.88,0,48.8,-244,136.64,151.28,68.32,136.64
9.76,-14.64,-24.4,4.88,14.64,-19.52,68.32,-209.84,156.16,175.68,82.96,141.52
9.76,-29.28,-39.04,9.76,24.4,-34.16,58.56,-195.2,156.16,170.8,78.08,141.52
4.88,-14.64,-19.52,4.88,9.76,-19.52,58.56,-190.32,146.4,161.04,78.08,131.76
0,-39.04,-39.04,19.52,19.52,-39.04,53.68,-195.2,136.64,151.28,68.32,126.88
-9.76,-58.56,-48.8,34.16,19.52,-53.68,48.8,-209.84,131.76,151.28,43.92,136.64
-29.28,-48.8,-19.52,39.04,-4.88,-34.16,58.56,-209.84,126.88,161.04,53.68,146.4
-24.4,-34.16,-9.76,29.28,-9.76,-24.4,53.68,-200.08,136.64,161.04,68.32,151.28
-14.64,-29.28,-14.64,24.4,0,-24.4,53.68,-195.2,122,141.52,68.32,151.28
-19.52,-29.28,-9.76,24.4,-4.88,-19.52,43.92,-200.08,107.36,107.36,53.68,126.88
0,0,0,0,0,0,63.44,-180.56,112.24,122,58.56,117.12
-24.4,-43.92,-19.52,34.16,-4.88,-34.16,73.2,-141.52,112.24,122,48.8,102.48
-24.4,-53.68,-29.28,39.04,0,-43.92,63.44,-112.24,92.72,107.36,29.28,87.84
-14.64,-58.56,-43.92,39.04,14.64,-53.68,63.44,-92.72,92.72,112.24,34.16,82.96
-34.16,-73.2,-39.04,53.68,0,-58.56,43.92,-68.32,107.36,126.88,48.8,102.48
4.88,-39.04,-43.92,19.52,24.4,-43.92,39.04,-48.8,102.48,112.24,43.92,107.36
9.76,-19.52,-29.28,4.88,19.52,-24.4,63.44,-24.4,107.36,117.12,39.04,92.72
0,-29.28,-29.28,14.64,14.64,-29.28,29.28,-39.04,82.96,117.12,43.92,82.96
-4.88,-39.04,-34.16,24.4,14.64,-39.04,34.16,-24.4,92.72,117.12,48.8,92.72
-9.76,-19.52,-9.76,14.64,0,-14.64,39.04,-19.52,78.08,78.08,19.52,78.08
-19.52,-34.16,-14.64,29.28,-4.88,-24.4,24.4,-48.8,48.8,58.56,-4.88,53.68
14.64,-43.92,-58.56,14.64,34.16,-53.68,53.68,4.88,82.96,97.6,43.92,87.84
4.88,-53.68,-58.56,24.4,29.28,-58.56,53.68,9.76,78.08,97.6,39.04,97.6
-9.76,-63.44,-53.68,39.04,19.52,-58.56,34.16,-19.52,58.56,82.96,34.16,97.6
-9.76,-73.2,-63.44,43.92,24.4,-68.32,29.28,-14.64,73.2,92.72,53.68,102.48
-29.28,-73.2,-43.92,53.68,4.88,-58.56,29.28,-9.76,63.44,87.84,63.44,112.24
-29.28,-34.16,-4.88,34.16,-14.64,-19.52,19.52,-19.52,43.92,68.32,34.16,87.84
-4.88,-24.4,-19.52,14.64,4.88,-24.4,9.76,-53.68,19.52,39.04,4.88,48.8
0,-39.04,-39.04,19.52,19.52,-39.04,19.52,-58.56,19.52,48.8,4.88,43.92
-34.16,-63.44,-29.28,48.8,-4.88,-48.8,39.04,-48.8,34.16,63.44,4.88,39.04
-24.4,-68.32,-43.92,48.8,9.76,-58.56,24.4,-48.8,24.4,53.68,4.88,9.76
9.76,-53.68,-63.44,24.4,34.16,-58.56,24.4,-24.4,29.28,48.8,9.76,24.4
-4.88,-58.56,-53.68,34.16,24.4,-58.56,24.4,-24.4,4.88,29.28,4.88,48.8
-4.88,-68.32,-63.44,39.04,29.28,-68.32,24.4,-29.28,-4.88,19.52,4.88,39.04
-4.88,-63.44,-58.56,34.16,24.4,-63.44,19.52,-19.52,0,24.4,14.64,43.92
-24.4,-63.44,-39.04,43.92,4.88,-53.68,14.64,-29.28,-19.52,0,-9.76,9.76
-24.4,-53.68,-29.28,39.04,0,-43.92,29.28,4.88,-4.88,14.64,0,14.64
-14.64,-58.56,-43.92,39.04,14.64,-53.68,4.88,-9.76,-24.4,-9.76,-4.88,0
-14.64,-53.68,-39.04,34.16,9.76,-48.8,9.76,-4.88,-24.4,-24.4,-4.88,-14.64
-14.64,-39.04,-24.4,29.28,4.88,-34.16,4.88,0,-29.28,-29.28,0,-14.64
-14.64,-48.8,-34.16,34.16,9.76,-43.92,-9.76,-4.88,-43.92,-63.44,-14.64,-19.52
-4.88,-78.08,-73.2,43.92,34.16,-78.08,0,-4.88,-29.28,-48.8,-9.76,-9.76
-9.76,-82.96,-73.2,48.8,29.28,-78.08,0,-14.64,-34.16,-48.8,4.88,0
-24.4,-78.08,-53.68,53.68,14.64,-68.32,9.76,-9.76,-24.4,-48.8,4.88,0
-29.28,-97.6,-68.32,63.44,19.52,-82.96,0,-9.76,-34.16,-58.56,0,-4.88
-4.88,-63.44,-58.56,34.16,24.4,-63.44,0,4.88,-39.04,-63.44,0,-4.88
-14.64,-34.16,-19.52,24.4,0,-29.28,0,0,-39.04,-78.08,-14.64,-14.64
-9.76,-39.04,-29.28,24.4,9.76,-34.16,-4.88,-14.64,-58.56,-102.48,-19.52,-24.4
-4.88,-53.68,-48.8,29.28,19.52,-53.68,-14.64,-39.04,-63.44,-117.12,-39.04,-24.4
-4.88,-48.8,-43.92,29.28,19.52,-48.8,-14.64,-63.44,-68.32,-126.88,-29.28,-29.28
-4.88,-43.92,-39.04,24.4,14.64,-43.92,-9.76,-58.56,-73.2,-141.52,-48.8,-63.44
-34.16,-92.72,-58.56,63.44,9.76,-78.08,-14.64,-68.32,-78.08,-156.16,-48.8,-58.56
-39.04,-87.84,-48.8,63.44,4.88,-68.32,-19.52,-73.2,-58.56,-131.76,-39.04,-48.8
-29.28,-73.2,-43.92,53.68,4.88,-58.56,-24.4,-48.8,-58.56,-136.64,-39.04,-43.92
-19.52,-82.96,-63.44,53.68,19.52,-73.2,-9.76,-4.88,-48.8,-141.52,-29.28,-34.16
9.76,-68.32,-78.08,29.28,43.92,-73.2,-24.4,0,-58.56,-141.52,-9.76,-14.64
9.76,-73.2,-82.96,34.16,43.92,-78.08,-39.04,0,-63.44,-146.4,-4.88,-4.88
29.28,-73.2,-102.48,24.4,63.44,-87.84,-48.8,-9.76,-73.2,-165.92,-19.52,-19.52
9.76,-82.96,-92.72,39.04,48.8,-87.84,-14.64,29.28,-48.8,-161.04,-19.52,-14.64
-24.4,-87.84,-63.44,58.56,19.52,-78.08,4.88,58.56,-14.64,-141.52,0,-9.76
-14.64,-53.68,-39.04,34.16,9.76,-48.8,34.16,107.36,34.16,-97.6,0,-4.88
9.76,-14.64,-24.4,4.88,14.64,-19.52,78.08,195.2,126.88,-4.88,82.96,73.2
24.4,43.92,19.52,-34.16,0,29.28,92.72,268.4,204.96,78.08,151.28,151.28
48.8,122,73.2,-82.96,-14.64,97.6,146.4,336.72,292.8,151.28,200.08,209.84
82.96,229.36,146.4,-156.16,-34.16,185.44,200.08,414.8,390.4,268.4,312.32,331.84
102.48,366,263.52,-234.24,-82.96,312.32,244,400.16,483.12,366,405.04,453.84
112.24,492.88,380.64,-302.56,-136.64,434.32,253.76,278.16,507.52,400.16,429.44,492.88
112.24,570.96,458.72,-341.6,-175.68,512.4,273.28,248.88,517.28,409.92,458.72,531.92
92.72,595.36,502.64,-341.6,-204.96,546.56,258.64,200.08,444.08,331.84,409.92,478.24
92.72,590.48,497.76,-341.6,-204.96,541.68,214.72,136.64,297.68,156.16,253.76,322.08
43.92,541.68,497.76,-292.8,-229.36,517.28,146.4,-19.52,78.08,-126.88,-19.52,102.48
0,434.32,434.32,-214.72,-219.6,434.32,87.84,-151.28,-97.6,-346.48,-195.2,-53.68
-48.8,312.32,361.12,-131.76,-204.96,336.72,34.16,-239.12,-204.96,-488,-322.08,-175.68
-73.2,224.48,297.68,-73.2,-185.44,258.64,24.4,-292.8,-283.04,-575.84,-400.16,-268.4
-112.24,141.52,253.76,-14.64,-185.44,195.2,-34.16,-380.64,-361.12,-653.92,-458.72,-336.72
-131.76,39.04,170.8,48.8,-151.28,102.48,-126.88,-488,-434.32,-707.6,-488,-390.4
-136.64,19.52,156.16,58.56,-146.4,87.84,-165.92,-527.04,-448.96,-717.36,-478.24,-424.56
-112.24,-29.28,82.96,73.2,-97.6,24.4,-219.6,-556.32,-453.84,-717.36,-453.84,-405.04
-87.84,-53.68,34.16,73.2,-63.44,-9.76,-253.76,-551.44,-434.32,-683.2,-405.04,-346.48
-63.44,-34.16,29.28,48.8,-48.8,-4.88,-258.64,-512.4,-366,-605.12,-346.48,-287.92
-53.68,-14.64,39.04,34.16,-48.8,9.76,-224.48,-448.96,-283.04,-522.16,-292.8,-234.24
-43.92,-9.76,34.16,29.28,-39.04,9.76,-200.08,-390.4,-214.72,-453.84,-244,-180.56
-24.4,0,24.4,14.64,-24.4,9.76,-190.32,-380.64,-185.44,-424.56,-209.84,-146.4
-19.52,9.76,29.28,4.88,-24.4,19.52,-185.44,-375.76,-165.92,-400.16,-190.32,-126.88
-4.88,14.64,19.52,-4.88,-14.64,14.64,-185.44,-380.64,-161.04,-395.28,-170.8,-97.6
-4.88,-4.88,0,4.88,-4.88,-4.88,-200.08,-405.04,-175.68,-409.92,-180.56,-102.48
-9.76,-14.64,-4.88,14.64,-4.88,-9.76,-204.96,-419.68,-170.8,-429.44,-195.2,-112.24
-14.64,-34.16,-19.52,24.4,0,-29.28,-200.08,-400.16,-151.28,-424.56,-180.56,-102.48
-29.28,-58.56,-29.28,43.92,0,-43.92,-190.32,-395.28,-141.52,-434.32,-180.56,-107.36
-9.76,-53.68,-43.92,34.16,14.64,-48.8,-200.08,-400.16,-141.52,-434.32,-185.44,-102.48
0,-58.56,-58.56,29.28,29.28,-58.56,-190.32,-409.92,-146.4,-444.08,-190.32,-97.6
9.76,-82.96,-92.72,39.04,48.8,-87.84,-180.56,-395.28,-136.64,-453.84,-175.68,-78.08
-4.88,-102.48,-97.6,53.68,43.92,-102.48,-185.44,-400.16,-141.52,-473.36,-195.2,-82.96
4.88,-102.48,-107.36,48.8,53.68,-107.36,-190.32,-409.92,-141.52,-468.48,-204.96,-82.96
0,-131.76,-131.76,68.32,63.44,-131.76,-195.2,-419.68,-131.76,-458.72,-195.2,-78.08
4.88,-107.36,-112.24,53.68,58.56,-112.24,-195.2,-429.44,-126.88,-448.96,-185.44,-68.32
14.64,-63.44,-78.08,24.4,43.92,-73.2,-204.96,-444.08,-131.76,-453.84,-190.32,-73.2
14.64,-68.32,-82.96,29.28,48.8,-78.08,-200.08,-424.56,-131.76,-478.24,-200.08,-87.84
4.88,-68.32,-73.2,34.16,39.04,-73.2,-204.96,-424.56,-141.52,-492.88,-209.84,-92.72
9.76,-73.2,-82.96,34.16,43.92,-78.08,-200.08,-400.16,-141.52,-497.76,-209.84,-87.84
14.64,-82.96,-97.6,34.16,53.68,-92.72,-190.32,-385.52,-131.76,-483.12,-190.32,-68.32
9.76,-102.48,-112.24,48.8,58.56,-107.36,-175.68,-366,-112.24,-468.48,-180.56,-53.68
19.52,-92.72,-112.24,39.04,63.44,-102.48,-165.92,-361.12,-107.36,-468.48,-180.56,-48.8
34.16,-68.32,-102.48,19.52,68.32,-87.84,-165.92,-366,-102.48,-448.96,-170.8,-39.04
34.16,-63.44,-97.6,14.64,63.44,-82.96,-175.68,-370.88,-97.6,-453.84,-165.92,-43.92
24.4,-63.44,-87.84,19.52,53.68,-78.08,-175.68,-370.88,-107.36,-444.08,-161.04,-43.92
14.64,-53.68,-68.32,19.52,39.04,-63.44,-180.56,-370.88,-117.12,-453.84,-185.44,-58.56
24.4,-58.56,-82.96,19.52,53.68,-73.2,-190.32,-370.88,-112.24,-444.08,-170.8,-58.56
43.92,-48.8,-92.72,4.88,68.32,-73.2,-190.32,-361.12,-107.36,-424.56,-151.28,-29.28
39.04,-48.8,-87.84,4.88,63.44,-68.32,-175.68,-366,-107.36,-414.8,-151.28,-29.28
34.16,-53.68,-87.84,9.76,58.56,-73.2,-185.44,-351.36,-92.72,-405.04,-146.4,-29.28
19.52,-63.44,-82.96,24.4,48.8,-73.2,-161.04,-326.96,-68.32,-385.52,-136.64,-14.64
34.16,-43.92,-78.08,4.88,53.68,-63.44,-131.76,-307.44,-63.44,-375.76,-131.76,-9.76
29.28,-34.16,-63.44,4.88,43.92,-48.8,-131.76,-302.56,-58.56,-361.12,-122,0
19.52,-29.28,-48.8,4.88,34.16,-39.04,-126.88,-292.8,-39.04,-351.36,-107.36,4.88
9.76,-14.64,-24.4,4.88,14.64,-19.52,-122,-287.92,-39.04,-341.6,-122,-4.88
24.4,34.16,9.76,-29.28,4.88,19.52,-122,-278.16,-78.08,-322.08,-107.36,-4.88
19.52,34.16,14.64,-24.4,0,24.4,-112.24,-263.52,-92.72,-307.44,-97.6,4.88
14.64,34.16,19.52,-24.4,-4.88,24.4,-112.24,-258.64,-92.72,-292.8,-92.72,0
14.64,34.16,19.52,-24.4,-4.88,24.4,-107.36,-253.76,-92.72,-273.28,-92.72,4.88
9.76,34.16,24.4,-19.52,-9.76,29.28,-102.48,-248.88,-87.84,-268.4,-87.84,9.76
19.52,19.52,0,-19.52,9.76,9.76,-92.72,-244,-82.96,-253.76,-78.08,14.64
24.4,24.4,0,-24.4,9.76,9.76,-102.48,-253.76,-87.84,-253.76,-92.72,4.88
9.76,19.52,9.76,-14.64,0,14.64,-117.12,-253.76,-87.84,-253.76,-92.72,4.88
24.4,24.4,0,-24.4,9.76,9.76,-112.24,-253.76,-82.96,-239.12,-78.08,9.76
19.52,39.04,19.52,-29.28,0,29.28,-112.24,-258.64,-92.72,-239.12,-87.84,0
4.88,58.56,53.68,-29.28,-24.4,53.68,-126.88,-273.28,-92.72,-234.24,-102.48,-4.88
0,58.56,58.56,-29.28,-29.28,58.56,-131.76,-263.52,-82.96,-219.6,-87.84,-4.88
9.76,63.44,53.68,-34.16,-24.4,58.56,-126.88,-258.64,-73.2,-204.96,-82.96,4.88
19.52,68.32,48.8,-43.92,-14.64,58.56,-122,-253.76,-73.2,-190.32,-87.84,4.88
9.76,63.44,53.68,-34.16,-24.4,58.56,-122,-253.76,-68.32,-175.68,-78.08,9.76
4.88,34.16,29.28,-19.52,-14.64,29.28,-117.12,-239.12,-53.68,-151.28,-73.2,19.52
19.52,48.8,29.28,-34.16,-4.88,39.04,-117.12,-234.24,-48.8,-141.52,-68.32,29.28
14.64,58.56,43.92,-34.16,-14.64,48.8,-131.76,-234.24,-53.68,-136.64,-73.2,24.4
14.64,68.32,53.68,-39.04,-19.52,58.56,-126.88,-234.24,-43.92,-122,-63.44,29.28
14.64,87.84,73.2,-48.8,-29.28,78.08,-122,-224.48,-39.04,-112.24,-63.44,34.16
14.64,107.36,92.72,-58.56,-39.04,97.6,-141.52,-234.24,-43.92,-107.36,-63.44,29.28
9.76,107.36,97.6,-58.56,-43.92,102.48,-141.52,-234.24,-34.16,-82.96,-53.68,43.92
9.76,122,112.24,-63.44,-53.68,117.12,-126.88,-214.72,-24.4,-68.32,-43.92,48.8
0,122,122,-58.56,-63.44,122,-136.64,-219.6,-24.4,-58.56,-53.68,34.16
9.76,112.24,102.48,-58.56,-48.8,107.36,-136.64,-219.6,-14.64,-39.04,-48.8,29.28
4.88,87.84,82.96,-43.92,-39.04,82.96,-122,-204.96,4.88,-14.64,-34.16,43.92
9.76,97.6,87.84,-53.68,-39.04,92.72,-112.24,-200.08,4.88,-4.88,-34.16,43.92
9.76,112.24,102.48,-58.56,-48.8,107.36,-117.12,-195.2,9.76,9.76,-34.16,43.92
14.64,102.48,87.84,-58.56,-39.04,92.72,-122,-195.2,19.52,19.52,-29.28,48.8
4.88,112.24,107.36,-58.56,-53.68,107.36,-112.24,-190.32,19.52,39.04,-24.4,48.8
9.76,146.4,136.64,-78.08,-63.44,141.52,-112.24,-200.08,24.4,43.92,-24.4,43.92
4.88,146.4,141.52,-73.2,-68.32,141.52,-117.12,-185.44,29.28,58.56,-19.52,39.04
14.64,151.28,136.64,-82.96,-63.44,141.52,-102.48,-131.76,39.04,78.08,-14.64,39.04
0,156.16,156.16,-78.08,-78.08,156.16,-92.72,-92.72,43.92,92.72,-19.52,43.92
9.76,141.52,131.76,-73.2,-63.44,136.64,-92.72,-92.72,53.68,107.36,-14.64,43.92
9.76,122,112.24,-63.44,-53.68,117.12,-78.08,-73.2,68.32,131.76,0,68.32
0,126.88,126.88,-63.44,-63.44,126.88,-82.96,-73.2,68.32,141.52,0,58.56
9.76,136.64,126.88,-73.2,-58.56,131.76,-82.96,-73.2,68.32,151.28,0,53.68
14.64,131.76,117.12,-73.2,-53.68,122,-82.96,-78.08,68.32,156.16,4.88,53.68
0,126.88,126.88,-63.44,-63.44,126.88,-68.32,-87.84,68.32,161.04,-4.88,34.16
0,156.16,156.16,-78.08,-78.08,156.16,-63.44,-102.48,53.68,151.28,-19.52,14.64
-9.76,156.16,165.92,-73.2,-87.84,161.04,-58.56,-102.48,58.56,165.92,-14.64,24.4
4.88,156.16,151.28,-78.08,-73.2,151.28,-48.8,-97.6,63.44,175.68,-4.88,24.4
4.88,161.04,156.16,-82.96,-78.08,156.16,-39.04,-102.48,63.44,180.56,-14.64,24.4
-4.88,141.52,146.4,-68.32,-78.08,141.52,-39.04,-107.36,63.44,180.56,-14.64,24.4
0,126.88,126.88,-63.44,-63.44,126.88,-24.4,-92.72,73.2,200.08,-4.88,29.28
9.76,141.52,131.76,-73.2,-63.44,136.64,-29.28,-97.6,68.32,195.2,-9.76,19.52
4.88,141.52,136.64,-73.2,-68.32,136.64,-29.28,-97.6,68.32,195.2,-9.76,19.52
4.88,131.76,126.88,-68.32,-63.44,126.88,-39.04,-102.48,58.56,190.32,-9.76,9.76
0,146.4,146.4,-73.2,-73.2,146.4,-43.92,-107.36,53.68,185.44,-19.52,0
9.76,165.92,156.16,-87.84,-73.2,161.04,-53.68,-122,39.04,170.8,-34.16,-19.52
4.88,161.04,156.16,-82.96,-78.08,156.16,-58.56,-122,39.04,165.92,-29.28,-19.52
4.88,156.16,151.28,-78.08,-73.2,151.28,-58.56,-122,39.04,165.92,-29.28,-19.52
9.76,170.8,161.04,-87.84,-78.08,165.92,-58.56,-117.12,43.92,165.92,-29.28,-14.64
0,151.28,151.28,-73.2,-78.08,151.28,-58.56,-131.76,43.92,165.92,-34.16,-19.52
0,126.88,126.88,-63.44,-63.44,126.88,-53.68,-122,48.8,161.04,-24.4,-9.76
9.76,141.52,131.76,-73.2,-63.44,136.64,-48.8,-131.76,48.8,151.28,-29.28,-14.64
0,141.52,141.52,-68.32,-73.2,141.52,-63.44,-131.76,43.92,146.4,-39.04,-19.52
9.76,136.64,126.88,-73.2,-58.56,131.76,-68.32,-131.76,43.92,131.76,-43.92,-29.28
4.88,146.4,141.52,-73.2,-68.32,141.52,-73.2,-126.88,39.04,131.76,-53.68,-34.16
0,161.04,161.04,-78.08,-82.96,161.04,-97.6,-146.4,24.4,112.24,-68.32,-58.56
4.88,161.04,156.16,-82.96,-78.08,156.16,-92.72,-136.64,34.16,107.36,-73.2,-58.56
4.88,151.28,146.4,-78.08,-73.2,146.4,-97.6,-136.64,43.92,102.48,-78.08,-53.68
0,151.28,151.28,-73.2,-78.08,151.28,-102.48,-146.4,24.4,92.72,-92.72,-63.44
-4.88,146.4,151.28,-68.32,-78.08,146.4,-92.72,-136.64,39.04,92.72,-82.96,-63.44
-9.76,122,131.76,-53.68,-73.2,126.88,-82.96,-131.76,43.92,92.72,-87.84,-53.68
0,131.76,131.76,-63.44,-68.32,131.76,-82.96,-131.76,43.92,73.2,-92.72,-43.92
0,136.64,136.64,-68.32,-68.32,136.64,-87.84,-131.76,39.04,73.2,-107.36,-48.8
-4.88,131.76,136.64,-63.44,-73.2,131.76,-97.6,-141.52,34.16,58.56,-107.36,-53.68
0,141.52,141.52,-68.32,-73.2,141.52,-92.72,-146.4,29.28,43.92,-122,-58.56
0,151.28,151.28,-73.2,-78.08,151.28,-107.36,-156.16,14.64,24.4,-141.52,-73.2
-9.76,151.28,161.04,-68.32,-87.84,156.16,-107.36,-161.04,19.52,24.4,-141.52,-68.32
0,151.28,151.28,-73.2,-78.08,151.28,-112.24,-170.8,19.52,19.52,-136.64,-63.44
-4.88,151.28,156.16,-73.2,-82.96,151.28,-117.12,-165.92,19.52,14.64,-151.28,-68.32
-9.76,141.52,151.28,-63.44,-82.96,146.4,-107.36,-165.92,19.52,14.64,-141.52,-58.56
-9.76,122,131.76,-53.68,-73.2,126.88,-97.6,-151.28,24.4,14.64,-141.52,-43.92
-9.76,117.12,126.88,-53.68,-68.32,122,-102.48,-156.16,24.4,0,-141.52,-48.8
-4.88,126.88,131.76,-58.56,-68.32,126.88,-107.36,-156.16,19.52,-9.76,-151.28,-58.56
-4.88,126.88,131.76,-58.56,-68.32,126.88,-112.24,-156.16,14.64,-19.52,-156.16,-63.44
-4.88,131.76,136.64,-63.44,-73.2,131.76,-112.24,-161.04,14.64,-29.28,-161.04,-78.08
0,156.16,156.16,-78.08,-78.08,156.16,-122,-165.92,0,-48.8,-165.92,-82.96
-4.88,151.28,156.16,-73.2,-82.96,151.28,-126.88,-170.8,-9.76,-58.56,-170.8,-82.96
-4.88,141.52,146.4,-68.32,-78.08,141.52,-126.88,-175.68,-9.76,-63.44,-170.8,-82.96
-9.76,146.4,156.16,-68.32,-82.96,151.28,-126.88,-175.68,-9.76,-73.2,-175.68,-82.96
0,141.52,141.52,-68.32,-73.2,141.52,-126.88,-185.44,-19.52,-82.96,-175.68,-78.08
-4.88,117.12,122,-53.68,-63.44,117.12,-112.24,-165.92,0,-73.2,-170.8,-63.44
-9.76,122,131.76,-53.68,-73.2,126.88,-112.24,-170.8,-4.88,-87.84,-170.8,-68.32
4.88,122,117.12,-63.44,-58.56,117.12,-107.36,-165.92,-9.76,-87.84,-175.68,-73.2
4.88,122,117.12,-63.44,-58.56,117.12,-112.24,-156.16,-9.76,-102.48,-175.68,-68.32
-4.88,122,126.88,-58.56,-68.32,122,-117.12,-161.04,-14.64,-112.24,-180.56,-78.08
0,146.4,146.4,-73.2,-73.2,146.4,-122,-165.92,-24.4,-126.88,-185.44,-97.6
-4.88,141.52,146.4,-68.32,-78.08,141.52,-122,-165.92,-24.4,-141.52,-180.56,-87.84
-19.52,136.64,156.16,-58.56,-87.84,146.4,-122,-151.28,-19.52,-151.28,-180.56,-87.84
0,136.64,136.64,-68.32,-68.32,136.64,-122,-151.28,-24.4,-161.04,-180.56,-97.6
0,131.76,131.76,-63.44,-68.32,131.76,-126.88,-151.28,-24.4,-165.92,-185.44,-97.6
-9.76,112.24,122,-48.8,-68.32,117.12,-117.12,-141.52,-19.52,-161.04,-175.68,-87.84
-9.76,112.24,122,-48.8,-68.32,117.12,-107.36,-131.76,-19.52,-165.92,-175.68,-82.96
-19.52,102.48,122,-39.04,-73.2,112.24,-112.24,-131.76,-19.52,-175.68,-180.56,-82.96
-4.88,97.6,102.48,-43.92,-53.68,97.6,-122,-136.64,-29.28,-185.44,-190.32,-92.72
0,112.24,112.24,-53.68,-58.56,112.24,-117.12,-131.76,-29.28,-180.56,-190.32,-92.72
0,136.64,136.64,-68.32,-68.32,136.64,-126.88,-141.52,-39.04,-200.08,-200.08,-107.36
4.88,112.24,107.36,-58.56,-53.68,107.36,-117.12,-122,-24.4,-190.32,-180.56,-92.72
0,82.96,82.96,-39.04,-43.92,82.96,-102.48,-102.48,-14.64,-190.32,-170.8,-82.96
-4.88,73.2,78.08,-34.16,-43.92,73.2,-92.72,-102.48,-14.64,-190.32,-165.92,-78.08
0,58.56,58.56,-29.28,-29.28,58.56,-87.84,-97.6,-9.76,-185.44,-161.04,-68.32
-4.88,34.16,39.04,-14.64,-24.4,34.16,-82.96,-92.72,-4.88,-185.44,-156.16,-68.32
-4.88,29.28,34.16,-9.76,-19.52,29.28,-73.2,-87.84,0,-180.56,-151.28,-58.56
-4.88,29.28,34.16,-9.76,-19.52,29.28,-73.2,-87.84,0,-180.56,-156.16,-58.56
-4.88,19.52,24.4,-4.88,-14.64,19.52,-68.32,-87.84,-4.88,-185.44,-146.4,-58.56
-4.88,24.4,29.28,-9.76,-19.52,24.4,-63.44,-82.96,0,-175.68,-146.4,-58.56
-4.88,53.68,58.56,-24.4,-34.16,53.68,-63.44,-78.08,-4.88,-180.56,-141.52,-68.32
-4.88,53.68,58.56,-24.4,-34.16,53.68,-63.44,-78.08,-4.88,-175.68,-136.64,-58.56
-4.88,48.8,53.68,-19.52,-29.28,48.8,-58.56,-78.08,4.88,-165.92,-131.76,-53.68
-9.76,43.92,53.68,-14.64,-34.16,48.8,-53.68,-78.08,-4.88,-165.92,-136.64,-53.68
-9.76,34.16,43.92,-9.76,-29.28,39.04,-53.68,-82.96,0,-165.92,-131.76,-53.68
-4.88,14.64,19.52,-4.88,-14.64,14.64,-39.04,-68.32,9.76,-151.28,-122,-43.92
-9.76,9.76,19.52,0,-14.64,14.64,-39.04,-73.2,9.76,-146.4,-117.12,-43.92
-4.88,9.76,14.64,0,-9.76,9.76,-39.04,-68.32,9.76,-141.52,-112.24,-48.8
-9.76,4.88,14.64,4.88,-14.64,9.76,-39.04,-82.96,0,-141.52,-107.36,-48.8
-9.76,9.76,19.52,0,-14.64,14.64,-34.16,-78.08,0,-141.52,-112.24,-48.8
-9.76,29.28,39.04,-9.76,-24.4,34.16,-39.04,-82.96,-4.88,-146.4,-112.24,-53.68
-4.88,24.4,29.28,-9.76,-19.52,24.4,-34.16,-82.96,-4.88,-136.64,-112.24,-58.56
0,29.28,29.28,-14.64,-14.64,29.28,-24.4,-78.08,4.88,-126.88,-102.48,-48.8
-4.88,24.4,29.28,-9.76,-19.52,24.4,-24.4,-73.2,0,-122,-92.72,-43.92
-9.76,14.64,24.4,0,-19.52,19.52,-19.52,-78.08,4.88,-112.24,-92.72,-43.92
-14.64,0,14.64,9.76,-14.64,4.88,-19.52,-63.44,14.64,-97.6,-82.96,-34.16
-14.64,0,14.64,9.76,-14.64,4.88,-14.64,-68.32,9.76,-97.6,-82.96,-29.28
-14.64,-9.76,4.88,14.64,-9.76,-4.88,-14.64,-68.32,9.76,-87.84,-82.96,-29.28
-9.76,-14.64,-4.88,14.64,-4.88,-9.76,-14.64,-68.32,9.76,-82.96,-73.2,-34.16
-19.52,-9.76,9.76,14.64,-14.64,0,-14.64,-68.32,4.88,-82.96,-82.96,-39.04
-14.64,14.64,29.28,0,-24.4,19.52,-24.4,-87.84,0,-82.96,-82.96,-43.92
-14.64,4.88,19.52,4.88,-19.52,9.76,-14.64,-82.96,0,-68.32,-73.2,-39.04
-24.4,0,24.4,14.64,-24.4,9.76,-14.64,-87.84,-4.88,-73.2,-78.08,-43.92
-14.64,4.88,19.52,4.88,-19.52,9.76,-14.64,-92.72,-4.88,-63.44,-78.08,-39.04
-14.64,0,14.64,9.76,-14.64,4.88,-9.76,-92.72,4.88,-58.56,-68.32,-39.04
-14.64,-24.4,-9.76,19.52,-4.88,-19.52,4.88,-82.96,14.64,-39.04,-58.56,-19.52
-9.76,-19.52,-9.76,14.64,0,-14.64,4.88,-87.84,9.76,-39.04,-58.56,-14.64
-14.64,-24.4,-9.76,19.52,-4.88,-19.52,4.88,-87.84,9.76,-29.28,-58.56,-14.64
-9.76,-19.52,-9.76,14.64,0,-14.64,9.76,-87.84,9.76,-24.4,-53.68,-9.76
-14.64,-19.52,-4.88,19.52,-4.88,-14.64,0,-92.72,0,-29.28,-48.8,-9.76
-14.64,4.88,19.52,4.88,-19.52,9.76,-9.76,-102.48,0,-29.28,-58.56,-24.4
-9.76,9.76,19.52,0,-14.64,14.64,-14.64,-102.48,-4.88,-24.4,-58.56,-29.28
-14.64,0,14.64,9.76,-14.64,4.88,-14.64,-107.36,0,-34.16,-58.56,-39.04
-14.64,4.88,19.52,4.88,-19.52,9.76,-19.52,-107.36,0,-29.28,-63.44,-43.92
-4.88,0,4.88,4.88,-4.88,0,-19.52,-117.12,0,-29.28,-63.44,-43.92
-14.64,-24.4,-9.76,19.52,-4.88,-19.52,-14.64,-97.6,4.88,-14.64,-53.68,-19.52
-4.88,-14.64,-9.76,9.76,0,-14.64,-14.64,-102.48,0,-14.64,-58.56,-19.52
-14.64,-19.52,-4.88,19.52,-4.88,-14.64,-19.52,-107.36,-4.88,-14.64,-63.44,-24.4
-9.76,-19.52,-9.76,14.64,0,-14.64,-24.4,-112.24,-9.76,-19.52,-63.44,-24.4
0,0,0,0,0,0,-34.16,-117.12,-19.52,-24.4,-68.32,-29.28
-9.76,19.52,29.28,-4.88,-19.52,24.4,-43.92,-136.64,-34.16,-34.16,-78.08,-39.04
-9.76,9.76,19.52,0,-14.64,14.64,-43.92,-122,-34.16,-39.04,-73.2,-29.28
-9.76,4.88,14.64,4.88,-14.64,9.76,-53.68,-126.88,-43.92,-53.68,-68.32,-29.28
-14.64,-4.88,9.76,9.76,-14.64,0,-63.44,-126.88,-58.56,-58.56,-73.2,-34.16
-4.88,0,4.88,4.88,-4.88,0,-68.32,-136.64,-63.44,-73.2,-68.32,-29.28
-14.64,-14.64,0,14.64,-9.76,-9.76,-58.56,-136.64,-53.68,-73.2,-63.44,-14.64
-19.52,-14.64,4.88,19.52,-14.64,-4.88,-58.56,-136.64,-58.56,-78.08,-58.56,-4.88
-9.76,-14.64,-4.88,14.64,-4.88,-9.76,-63.44,-136.64,-68.32,-92.72,-53.68,-4.88
0,-19.52,-19.52,9.76,9.76,-19.52,-87.84,-146.4,-82.96,-117.12,-63.44,-14.64
-4.88,-9.76,-4.88,9.76,0,-9.76,-87.84,-141.52,-82.96,-117.12,-63.44,-14.64
-14.64,14.64,29.28,0,-24.4,19.52,-92.72,-141.52,-87.84,-126.88,-53.68,-9.76
-4.88,-4.88,0,4.88,-4.88,-4.88,-107.36,-146.4,-92.72,-136.64,-39.04,-4.88
14.64,-24.4,-39.04,4.88,24.4,-34.16,-117.12,-151.28,-97.6,-141.52,-24.4,14.64
9.76,-43.92,-53.68,19.52,29.28,-48.8,-126.88,-146.4,-92.72,-131.76,-14.64,14.64
14.64,-53.68,-68.32,19.52,39.04,-63.44,-107.36,-117.12,-73.2,-117.12,0,24.4
14.64,-78.08,-92.72,34.16,53.68,-87.84,-73.2,-53.68,-34.16,-92.72,19.52,29.28
14.64,-63.44,-78.08,24.4,43.92,-73.2,-34.16,-4.88,9.76,-63.44,29.28,29.28
14.64,-29.28,-43.92,9.76,29.28,-39.04,9.76,63.44,68.32,-19.52,53.68,48.8
29.28,24.4,-4.88,-24.4,14.64,9.76,63.44,170.8,156.16,68.32,122,112.24
58.56,97.6,39.04,-78.08,9.76,68.32,126.88,278.16,268.4,170.8,209.84,200.08
82.96,204.96,122,-141.52,-19.52,161.04,185.44,380.64,375.76,283.04,307.44,292.8
92.72,307.44,214.72,-200.08,-63.44,258.64,234.24,473.36,473.36,390.4,409.92,395.28
87.84,409.92,322.08,-248.88,-117.12,366,287.92,536.8,527.04,448.96,463.6,458.72
97.6,497.76,400.16,-297.68,-151.28,448.96,312.32,556.32,531.92,458.72,483.12,502.64
102.48,561.2,458.72,-331.84,-180.56,507.52,263.52,453.84,429.44,385.52,453.84,502.64
97.6,541.68,444.08,-317.2,-175.68,492.88,165.92,283.04,253.76,214.72,361.12,453.84
63.44,492.88,429.44,-278.16,-185.44,458.72,39.04,82.96,4.88,-68.32,146.4,292.8
14.64,400.16,385.52,-204.96,-185.44,390.4,-63.44,-92.72,-224.48,-351.36,-87.84,82.96
-4.88,273.28,278.16,-131.76,-141.52,273.28,-131.76,-204.96,-361.12,-517.28,-219.6,-58.56
-43.92,190.32,234.24,-73.2,-141.52,209.84,-190.32,-283.04,-463.6,-644.16,-312.32,-185.44
-78.08,136.64,214.72,-29.28,-146.4,175.68,-273.28,-395.28,-580.72,-756.4,-390.4,-287.92
-87.84,63.44,151.28,14.64,-122,107.36,-322.08,-429.44,-610,-775.92,-395.28,-317.2
-97.6,19.52,117.12,39.04,-107.36,68.32,-331.84,-405.04,-580.72,-741.76,-370.88,-317.2
-87.84,-4.88,82.96,48.8,-87.84,39.04,-361.12,-385.52,-546.56,-697.84,-326.96,-278.16
-63.44,-14.64,48.8,39.04,-58.56,14.64,-366,-336.72,-492.88,-629.52,-253.76,-224.48
-53.68,-14.64,39.04,34.16,-48.8,9.76,-331.84,-253.76,-405.04,-546.56,-180.56,-165.92
-43.92,29.28,73.2,9.76,-58.56,48.8,-287.92,-175.68,-317.2,-458.72,-112.24,-122
-39.04,34.16,73.2,4.88,-58.56,53.68,-248.88,-112.24,-253.76,-385.52,-63.44,-87.84
-29.28,34.16,63.44,0,-48.8,48.8,-219.6,-73.2,-209.84,-336.72,-19.52,-48.8
-19.52,43.92,63.44,-9.76,-43.92,53.68,-214.72,-48.8,-185.44,-312.32,14.64,-24.4
-14.64,53.68,68.32,-19.52,-43.92,58.56,-219.6,-68.32,-200.08,-317.2,14.64,-24.4
-9.76,34.16,43.92,-9.76,-29.28,39.04,-209.84,-53.68,-195.2,-312.32,29.28,-19.52
-4.88,14.64,19.52,-4.88,-14.64,14.64,-200.08,-39.04,-185.44,-297.68,43.92,-9.76
-4.88,-4.88,0,4.88,-4.88,-4.88,-190.32,-24.4,-180.56,-307.44,48.8,-4.88
4.88,-24.4,-29.28,9.76,14.64,-29.28,-175.68,-9.76,-170.8,-302.56,58.56,4.88
4.88,-63.44,-68.32,29.28,34.16,-68.32,-165.92,9.76,-161.04,-287.92,78.08,19.52
9.76,-73.2,-82.96,34.16,43.92,-78.08,-165.92,19.52,-151.28,-283.04,87.84,24.4
19.52,-78.08,-97.6,29.28,58.56,-87.84,-165.92,29.28,-156.16,-283.04,82.96,24.4
4.88,-92.72,-97.6,43.92,48.8,-97.6,-161.04,34.16,-156.16,-287.92,87.84,29.28
14.64,-82.96,-97.6,34.16,53.68,-92.72,-165.92,34.16,-156.16,-287.92,92.72,29.28
14.64,-68.32,-82.96,29.28,48.8,-78.08,-170.8,39.04,-161.04,-292.8,97.6,24.4
4.88,-73.2,-78.08,34.16,39.04,-78.08,-180.56,34.16,-161.04,-307.44,97.6,19.52
14.64,-73.2,-87.84,29.28,48.8,-82.96,-180.56,43.92,-151.28,-302.56,107.36,29.28
14.64,-73.2,-87.84,29.28,48.8,-82.96,-170.8,53.68,-151.28,-297.68,117.12,34.16
19.52,-78.08,-97.6,29.28,58.56,-87.84,-165.92,58.56,-146.4,-297.68,117.12,39.04
19.52,-97.6,-117.12,39.04,68.32,-107.36,-156.16,78.08,-136.64,-287.92,131.76,48.8
19.52,-112.24,-131.76,48.8,73.2,-122,-156.16,82.96,-131.76,-287.92,136.64,53.68
24.4,-112.24,-136.64,43.92,78.08,-126.88,-161.04,92.72,-131.76,-287.92,136.64,53.68
19.52,-122,-141.52,53.68,78.08,-131.76,-161.04,97.6,-131.76,-287.92,146.4,58.56
24.4,-112.24,-136.64,43.92,78.08,-126.88,-170.8,97.6,-131.76,-278.16,146.4,53.68
29.28,-78.08,-107.36,24.4,68.32,-92.72,-180.56,102.48,-136.64,-287.92,141.52,43.92
19.52,-78.08,-97.6,29.28,58.56,-87.84,-180.56,97.6,-136.64,-292.8,136.64,43.92
19.52,-87.84,-107.36,34.16,63.44,-97.6,-175.68,112.24,-131.76,-283.04,141.52,48.8
24.4,-78.08,-102.48,29.28,63.44,-92.72,-161.04,112.24,-126.88,-273.28,151.28,53.68
24.4,-82.96,-107.36,29.28,63.44,-97.6,-156.16,122,-122,-263.52,165.92,63.44
29.28,-97.6,-126.88,34.16,78.08,-112.24,-136.64,141.52,-112.24,-248.88,175.68,78.08
29.28,-102.48,-131.76,39.04,78.08,-117.12,-136.64,141.52,-112.24,-239.12,185.44,82.96
19.52,-92.72,-112.24,39.04,63.44,-102.48,-136.64,146.4,-112.24,-234.24,185.44,78.08
24.4,-92.72,-117.12,34.16,68.32,-107.36,-122,165.92,-97.6,-214.72,200.08,87.84
34.16,-78.08,-112.24,24.4,73.2,-97.6,-122,161.04,-97.6,-214.72,185.44,78.08
34.16,-53.68,-87.84,9.76,58.56,-73.2,-112.24,161.04,-107.36,-219.6,175.68,63.44
29.28,-48.8,-78.08,9.76,53.68,-63.44,-87.84,161.04,-102.48,-214.72,180.56,68.32
24.4,-53.68,-78.08,14.64,48.8,-68.32,-78.08,180.56,-97.6,-200.08,180.56,68.32
24.4,-34.16,-58.56,4.88,39.04,-48.8,-73.2,195.2,-87.84,-190.32,190.32,73.2
24.4,-34.16,-58.56,4.88,39.04,-48.8,-63.44,190.32,-82.96,-185.44,195.2,78.08
43.92,-53.68,-97.6,4.88,68.32,-78.08,-63.44,204.96,-82.96,-175.68,195.2,82.96
43.92,-53.68,-97.6,4.88,68.32,-78.08,-58.56,204.96,-78.08,-170.8,195.2,87.84
29.28,-48.8,-78.08,9.76,53.68,-63.44,-58.56,214.72,-78.08,-170.8,200.08,87.84
29.28,-39.04,-68.32,4.88,48.8,-53.68,-58.56,209.84,-82.96,-170.8,195.2,92.72
39.04,-24.4,-63.44,-4.88,48.8,-43.92,-63.44,209.84,-82.96,-165.92,195.2,92.72
34.16,-4.88,-39.04,-14.64,34.16,-24.4,-63.44,209.84,-92.72,-170.8,190.32,82.96
39.04,4.88,-34.16,-19.52,34.16,-14.64,-58.56,200.08,-92.72,-175.68,200.08,82.96
39.04,-4.88,-43.92,-14.64,39.04,-24.4,-63.44,209.84,-92.72,-175.68,200.08,87.84
39.04,0,-39.04,-19.52,39.04,-19.52,-53.68,209.84,-92.72,-175.68,200.08,87.84
39.04,4.88,-34.16,-19.52,34.16,-14.64,-48.8,204.96,-92.72,-175.68,195.2,97.6
34.16,-19.52,-53.68,-4.88,43.92,-39.04,-43.92,214.72,-92.72,-165.92,200.08,112.24
34.16,-24.4,-58.56,-4.88,43.92,-43.92,-34.16,219.6,-82.96,-156.16,209.84,126.88
39.04,-9.76,-48.8,-14.64,43.92,-29.28,-43.92,214.72,-97.6,-161.04,195.2,122
43.92,-4.88,-48.8,-19.52,43.92,-29.28,-43.92,219.6,-92.72,-165.92,195.2,122
53.68,9.76,-43.92,-29.28,48.8,-19.52,-53.68,224.48,-92.72,-161.04,195.2,126.88
43.92,34.16,-9.76,-39.04,24.4,9.76,-58.56,219.6,-97.6,-165.92,180.56,126.88
39.04,34.16,-4.88,-34.16,19.52,14.64,-58.56,219.6,-97.6,-165.92,175.68,146.4
43.92,34.16,-9.76,-39.04,24.4,9.76,-53.68,224.48,-87.84,-161.04,180.56,156.16
39.04,34.16,-4.88,-34.16,19.52,14.64,-43.92,224.48,-87.84,-161.04,175.68,146.4
43.92,43.92,0,-43.92,19.52,19.52,-34.16,224.48,-82.96,-156.16,190.32,156.16
43.92,24.4,-19.52,-34.16,29.28,0,-24.4,244,-73.2,-141.52,200.08,170.8
39.04,19.52,-19.52,-29.28,29.28,0,-19.52,244,-73.2,-146.4,200.08,170.8
39.04,29.28,-9.76,-34.16,24.4,9.76,-14.64,248.88,-68.32,-131.76,204.96,175.68
43.92,34.16,-9.76,-39.04,24.4,9.76,-9.76,253.76,-63.44,-131.76,195.2,175.68
48.8,48.8,0,-48.8,24.4,24.4,-9.76,263.52,-63.44,-131.76,200.08,185.44
48.8,82.96,34.16,-63.44,4.88,58.56,-4.88,258.64,-68.32,-141.52,190.32,170.8
43.92,73.2,29.28,-58.56,4.88,48.8,14.64,263.52,-68.32,-141.52,190.32,165.92
43.92,78.08,34.16,-58.56,4.88,53.68,29.28,268.4,-63.44,-136.64,185.44,170.8
48.8,82.96,34.16,-63.44,4.88,58.56,39.04,273.28,-63.44,-131.76,185.44,165.92
39.04,82.96,43.92,-58.56,-4.88,63.44,53.68,273.28,-63.44,-131.76,180.56,170.8
39.04,58.56,19.52,-48.8,9.76,39.04,78.08,292.8,-53.68,-122,190.32,180.56
34.16,53.68,19.52,-43.92,4.88,34.16,82.96,287.92,-58.56,-126.88,180.56,170.8
34.16,58.56,24.4,-43.92,4.88,39.04,87.84,287.92,-58.56,-131.76,185.44,161.04
39.04,63.44,24.4,-48.8,4.88,43.92,92.72,302.56,-53.68,-131.76,180.56,165.92
34.16,68.32,34.16,-48.8,0,48.8,92.72,302.56,-53.68,-126.88,180.56,161.04
39.04,102.48,63.44,-68.32,-14.64,82.96,82.96,287.92,-63.44,-141.52,175.68,146.4
34.16,97.6,63.44,-63.44,-14.64,78.08,87.84,292.8,-63.44,-146.4,165.92,146.4
24.4,92.72,68.32,-58.56,-24.4,78.08,92.72,297.68,-63.44,-141.52,170.8,151.28
29.28,92.72,63.44,-58.56,-19.52,78.08,102.48,297.68,-63.44,-141.52,165.92,151.28
24.4,92.72,68.32,-58.56,-24.4,78.08,112.24,302.56,-63.44,-136.64,170.8,156.16
24.4,63.44,39.04,-43.92,-9.76,48.8,122,312.32,-58.56,-131.76,175.68,156.16
29.28,58.56,29.28,-43.92,0,43.92,126.88,312.32,-63.44,-141.52,165.92,156.16
19.52,48.8,29.28,-34.16,-4.88,39.04,126.88,312.32,-73.2,-146.4,165.92,146.4
24.4,53.68,29.28,-39.04,-4.88,39.04,126.88,312.32,-73.2,-151.28,161.04,146.4
29.28,58.56,29.28,-43.92,0,43.92,131.76,307.44,-73.2,-146.4,156.16,141.52
24.4,78.08,53.68,-48.8,-14.64,63.44,122,287.92,-82.96,-146.4,141.52,122
24.4,82.96,58.56,-53.68,-19.52,68.32,122,292.8,-87.84,-136.64,131.76,122
14.64,73.2,58.56,-43.92,-24.4,63.44,136.64,297.68,-78.08,-126.88,151.28,131.76
14.64,73.2,58.56,-43.92,-24.4,63.44,146.4,297.68,-78.08,-122,151.28,126.88
24.4,82.96,58.56,-53.68,-19.52,68.32,146.4,292.8,-87.84,-131.76,146.4,117.12
19.52,53.68,34.16,-34.16,-9.76,43.92,156.16,302.56,-78.08,-126.88,156.16,126.88
24.4,48.8,24.4,-34.16,0,34.16,165.92,312.32,-78.08,-126.88,151.28,131.76
19.52,43.92,24.4,-29.28,-4.88,34.16,161.04,307.44,-82.96,-126.88,146.4,117.12
14.64,43.92,29.28,-29.28,-9.76,34.16,165.92,307.44,-87.84,-131.76,151.28,117.12
19.52,53.68,34.16,-34.16,-9.76,43.92,165.92,317.2,-87.84,-131.76,141.52,117.12
9.76,78.08,68.32,-43.92,-29.28,73.2,151.28,307.44,-97.6,-146.4,136.64,97.6
4.88,73.2,68.32,-39.04,-34.16,68.32,151.28,307.44,-102.48,-141.52,131.76,97.6
14.64,73.2,58.56,-43.92,-24.4,63.44,156.16,317.2,-97.6,-141.52,131.76,97.6
4.88,68.32,63.44,-34.16,-29.28,63.44,156.16,322.08,-97.6,-136.64,126.88,97.6
9.76,78.08,68.32,-43.92,-29.28,73.2,170.8,326.96,-92.72,-131.76,136.64,97.6
9.76,58.56,48.8,-34.16,-19.52,53.68,170.8,346.48,-92.72,-131.76,136.64,112.24
9.76,43.92,34.16,-24.4,-14.64,39.04,165.92,361.12,-92.72,-131.76,136.64,117.12
14.64,53.68,39.04,-34.16,-14.64,43.92,170.8,366,-87.84,-136.64,136.64,112.24
9.76,53.68,43.92,-29.28,-19.52,48.8,170.8,356.24,-92.72,-136.64,126.88,102.48
9.76,53.68,43.92,-29.28,-19.52,48.8,165.92,351.36,-92.72,-141.52,122,92.72
0,78.08,78.08,-39.04,-39.04,78.08,156.16,361.12,-92.72,-141.52,126.88,82.96
-9.76,73.2,82.96,-29.28,-48.8,78.08,156.16,361.12,-92.72,-146.4,117.12,78.08
0,73.2,73.2,-34.16,-39.04,73.2,161.04,370.88,-82.96,-141.52,117.12,82.96
-9.76,73.2,82.96,-29.28,-48.8,78.08,161.04,370.88,-82.96,-141.52,117.12,82.96
4.88,82.96,78.08,-43.92,-39.04,78.08,165.92,370.88,-82.96,-136.64,122,78.08
19.52,68.32,48.8,-43.92,-14.64,58.56,175.68,375.76,-73.2,-131.76,126.88,68.32
9.76,53.68,43.92,-29.28,-19.52,48.8,170.8,380.64,-73.2,-136.64,122,68.32
4.88,53.68,48.8,-29.28,-24.4,48.8,170.8,380.64,-73.2,-131.76,122,63.44
14.64,58.56,43.92,-34.16,-14.64,48.8,170.8,380.64,-73.2,-136.64,117.12,68.32
9.76,63.44,53.68,-34.16,-24.4,58.56,165.92,375.76,-73.2,-136.64,112.24,58.56
9.76,87.84,78.08,-48.8,-34.16,82.96,151.28,370.88,-82.96,-136.64,102.48,39.04
0,82.96,82.96,-39.04,-43.92,82.96,151.28,370.88,-87.84,-141.52,97.6,34.16
0,78.08,78.08,-39.04,-39.04,78.08,151.28,385.52,-82.96,-141.52,97.6,43.92
4.88,82.96,78.08,-43.92,-39.04,78.08,151.28,380.64,-82.96,-131.76,102.48,39.04
0,82.96,82.96,-39.04,-43.92,82.96,151.28,370.88,-82.96,-141.52,102.48,39.04
4.88,58.56,53.68,-29.28,-24.4,53.68,161.04,366,-73.2,-126.88,112.24,43.92
9.76,53.68,43.92,-29.28,-19.52,48.8,161.04,370.88,-68.32,-126.88,117.12,53.68
9.76,53.68,43.92,-29.28,-19.52,48.8,156.16,361.12,-73.2,-131.76,107.36,48.8
14.64,58.56,43.92,-34.16,-14.64,48.8,156.16,370.88,-73.2,-131.76,102.48,48.8
9.76,58.56,48.8,-34.16,-19.52,53.68,151.28,370.88,-73.2,-136.64,102.48,39.04
9.76,73.2,63.44,-39.04,-29.28,68.32,136.64,361.12,-78.08,-141.52,92.72,24.4
4.88,73.2,68.32,-39.04,-34.16,68.32,141.52,370.88,-73.2,-146.4,97.6,24.4
0,68.32,68.32,-34.16,-34.16,68.32,136.64,356.24,-78.08,-136.64,87.84,73.2
4.88,73.2,68.32,-39.04,-34.16,68.32,141.52,356.24,-78.08,-117.12,97.6,141.52
4.88,63.44,58.56,-34.16,-29.28,58.56,131.76,356.24,-78.08,-117.12,97.6,131.76
-4.88,39.04,43.92,-14.64,-24.4,39.04,136.64,361.12,-68.32,-102.48,97.6,117.12
4.88,39.04,34.16,-19.52,-14.64,34.16,136.64,361.12,-68.32,-102.48,97.6,117.12
4.88,34.16,29.28,-19.52,-14.64,29.28,131.76,361.12,-73.2,-102.48,92.72,102.48
9.76,39.04,29.28,-24.4,-9.76,34.16,131.76,361.12,-78.08,-97.6,92.72,102.48
9.76,43.92,34.16,-24.4,-14.64,39.04,122,351.36,-78.08,-102.48,92.72,92.72
4.88,68.32,63.44,-34.16,-29.28,63.44,112.24,331.84,-87.84,-117.12,73.2,73.2
4.88,73.2,68.32,-39.04,-34.16,68.32,117.12,317.2,-82.96,-117.12,73.2,63.44
9.76,68.32,58.56,-39.04,-24.4,63.44,117.12,312.32,-78.08,-117.12,73.2,58.56
4.88,53.68,48.8,-29.28,-24.4,48.8,117.12,307.44,-78.08,-117.12,78.08,48.8
9.76,53.68,43.92,-29.28,-19.52,48.8,112.24,297.68,-82.96,-122,68.32,48.8
0,29.28,29.28,-14.64,-14.64,29.28,112.24,278.16,-82.96,-122,73.2,53.68
4.88,24.4,19.52,-14.64,-9.76,19.52,107.36,273.28,-82.96,-126.88,73.2,48.8
4.88,29.28,24.4,-14.64,-9.76,24.4,112.24,268.4,-82.96,-126.88,78.08,53.68
4.88,14.64,9.76,-9.76,-4.88,9.76,117.12,253.76,-78.08,-131.76,73.2,53.68
4.88,34.16,29.28,-19.52,-14.64,29.28,102.48,244,-82.96,-136.64,68.32,48.8
4.88,43.92,39.04,-24.4,-19.52,39.04,92.72,234.24,-87.84,-141.52,63.44,43.92
4.88,48.8,43.92,-24.4,-19.52,43.92,82.96,229.36,-97.6,-156.16,53.68,29.28
9.76,53.68,43.92,-29.28,-19.52,48.8,92.72,229.36,-92.72,-151.28,58.56,29.28
4.88,43.92,39.04,-24.4,-19.52,39.04,92.72,229.36,-92.72,-151.28,53.68,24.4
4.88,39.04,34.16,-19.52,-14.64,34.16,87.84,234.24,-97.6,-156.16,48.8,29.28
0,19.52,19.52,-9.76,-9.76,19.52,87.84,248.88,-87.84,-151.28,48.8,34.16
-4.88,4.88,9.76,0,-9.76,4.88,73.2,244,-92.72,-146.4,39.04,34.16
0,4.88,4.88,0,-4.88,4.88,82.96,244,-87.84,-146.4,43.92,39.04
0,4.88,4.88,0,-4.88,4.88,78.08,248.88,-87.84,-156.16,34.16,39.04
-4.88,9.76,14.64,0,-9.76,9.76,68.32,239.12,-97.6,-165.92,24.4,24.4
-4.88,29.28,34.16,-9.76,-19.52,29.28,53.68,224.48,-102.48,-165.92,19.52,9.76
-9.76,34.16,43.92,-9.76,-29.28,39.04,53.68,219.6,-97.6,-170.8,29.28,-9.76
-4.88,24.4,29.28,-9.76,-19.52,24.4,53.68,224.48,-82.96,-165.92,34.16,0
0,34.16,34.16,-14.64,-19.52,34.16,53.68,219.6,-68.32,-161.04,34.16,24.4
0,24.4,24.4,-9.76,-14.64,24.4,39.04,204.96,-68.32,-165.92,34.16,14.64
0,4.88,4.88,0,-4.88,4.88,53.68,204.96,-68.32,-156.16,43.92,24.4
-9.76,0,9.76,4.88,-9.76,4.88,48.8,214.72,-73.2,-161.04,34.16,14.64
-9.76,-4.88,4.88,9.76,-9.76,0,39.04,204.96,-68.32,-175.68,29.28,4.88
-4.88,-4.88,0,4.88,-4.88,-4.88,48.8,200.08,-68.32,-175.68,14.64,4.88
-4.88,-4.88,0,4.88,-4.88,-4.88,34.16,190.32,-78.08,-180.56,0,0
-4.88,14.64,19.52,-4.88,-14.64,14.64,19.52,185.44,-82.96,-175.68,-9.76,-4.88
-4.88,19.52,24.4,-4.88,-14.64,19.52,24.4,180.56,-73.2,-170.8,-4.88,0
-9.76,14.64,24.4,0,-19.52,19.52,29.28,185.44,-68.32,-165.92,-4.88,4.88
-4.88,19.52,24.4,-4.88,-14.64,19.52,24.4,185.44,-63.44,-156.16,-9.76,0
4.88,14.64,9.76,-9.76,-4.88,9.76,14.64,185.44,-63.44,-161.04,-9.76,0
0,-9.76,-9.76,4.88,4.88,-9.76,24.4,190.32,-53.68,-146.4,-4.88,4.88
0,-4.88,-4.88,4.88,0,-4.88,24.4,185.44,-48.8,-136.64,-4.88,9.76
0,-9.76,-9.76,4.88,4.88,-9.76,24.4,175.68,-53.68,-141.52,-4.88,4.88
4.88,-14.64,-19.52,4.88,9.76,-19.52,14.64,175.68,-48.8,-131.76,-9.76,0
0,-14.64,-14.64,9.76,4.88,-14.64,4.88,165.92,-48.8,-122,-9.76,-4.88
-4.88,0,4.88,4.88,-4.88,0,-4.88,102.48,-58.56,-112.24,-29.28,-24.4
0,9.76,9.76,-4.88,-4.88,9.76,-4.88,73.2,-53.68,-97.6,-19.52,-19.52
0,4.88,4.88,0,-4.88,4.88,-14.64,43.92,-48.8,-87.84,-19.52,-24.4
0,9.76,9.76,-4.88,-4.88,9.76,-14.64,24.4,-34.16,-73.2,-19.52,-29.28
0,4.88,4.88,0,-4.88,4.88,-14.64,0,-34.16,-63.44,-24.4,-29.28
0,-19.52,-19.52,9.76,9.76,-19.52,-4.88,-14.64,-29.28,-53.68,-19.52,-24.4
0,-24.4,-24.4,14.64,9.76,-24.4,-4.88,-24.4,-24.4,-43.92,-19.52,-19.52
0,-24.4,-24.4,14.64,9.76,-24.4,-4.88,-34.16,-19.52,-39.04,-19.52,-14.64
-4.88,-29.28,-24.4,19.52,9.76,-29.28,-4.88,-34.16,-19.52,-29.28,-24.4,-14.64
4.88,-24.4,-29.28,9.76,14.64,-29.28,-19.52,-43.92,-24.4,-34.16,-34.16,-4.88
0,-9.76,-9.76,4.88,4.88,-9.76,-24.4,-58.56,-19.52,-34.16,-48.8,-4.88
-4.88,-14.64,-9.76,9.76,0,-14.64,-34.16,-73.2,-14.64,-29.28,-48.8,-19.52
0,-9.76,-9.76,4.88,4.88,-9.76,-29.28,-68.32,-19.52,-29.28,-53.68,-19.52
-4.88,-19.52,-14.64,14.64,4.88,-19.52,-39.04,-63.44,-19.52,-24.4,-58.56,-29.28
-4.88,-24.4,-19.52,14.64,4.88,-24.4,-39.04,-58.56,-19.52,-9.76,-58.56,-29.28
-4.88,-43.92,-39.04,24.4,14.64,-43.92,-19.52,-48.8,0,24.4,-39.04,-14.64
-4.88,-43.92,-39.04,24.4,14.64,-43.92,-19.52,-48.8,4.88,48.8,-39.04,-19.52
4.88,-34.16,-39.04,14.64,19.52,-39.04,-24.4,-58.56,-4.88,68.32,-43.92,-19.52
0,-34.16,-34.16,19.52,14.64,-34.16,-24.4,-63.44,0,73.2,-48.8,-14.64
-4.88,-34.16,-29.28,19.52,9.76,-34.16,-24.4,-68.32,9.76,78.08,-48.8,-14.64
0,-14.64,-14.64,9.76,4.88,-14.64,-34.16,-87.84,9.76,68.32,-63.44,-14.64
-4.88,-24.4,-19.52,14.64,4.88,-24.4,-34.16,-87.84,9.76,82.96,-63.44,-19.52
0,-34.16,-34.16,19.52,14.64,-34.16,-24.4,-78.08,24.4,112.24,-48.8,-9.76
9.76,-43.92,-53.68,19.52,29.28,-48.8,-29.28,-82.96,29.28,122,-39.04,-4.88
14.64,-68.32,-82.96,29.28,48.8,-78.08,-39.04,-87.84,29.28,131.76,-29.28,0
19.52,-97.6,-117.12,39.04,68.32,-107.36,-14.64,-68.32,53.68,161.04,-14.64,4.88
14.64,-107.36,-122,48.8,68.32,-117.12,14.64,-29.28,82.96,195.2,-9.76,0
14.64,-102.48,-117.12,43.92,63.44,-112.24,43.92,0,112.24,219.6,-4.88,-4.88
19.52,-68.32,-87.84,24.4,53.68,-78.08,87.84,68.32,161.04,263.52,4.88,0
29.28,-39.04,-68.32,4.88,48.8,-53.68,122,136.64,229.36,317.2,34.16,19.52
48.8,24.4,-24.4,-34.16,34.16,0,195.2,239.12,341.6,434.32,107.36,97.6
78.08,82.96,4.88,-78.08,34.16,43.92,273.28,361.12,463.6,566.08,214.72,200.08
102.48,161.04,58.56,-131.76,19.52,107.36,331.84,458.72,570.96,697.84,317.2,307.44
117.12,263.52,146.4,-190.32,-14.64,204.96,390.4,531.92,663.68,795.44,405.04,400.16
122,361.12,239.12,-239.12,-58.56,297.68,444.08,575.84,702.72,839.36,444.08,448.96
126.88,439.2,312.32,-283.04,-92.72,375.76,463.6,556.32,692.96,858.88,468.48,507.52
122,488,366,-302.56,-122,424.56,385.52,424.56,575.84,761.28,414.8,492.88
107.36,468.48,361.12,-287.92,-126.88,414.8,263.52,229.36,370.88,541.68,253.76,380.64
68.32,414.8,346.48,-239.12,-141.52,380.64,165.92,29.28,136.64,253.76,14.64,190.32
24.4,297.68,273.28,-161.04,-126.88,283.04,82.96,-122,-48.8,19.52,-190.32,0
-14.64,200.08,214.72,-92.72,-117.12,204.96,9.76,-239.12,-170.8,-126.88,-326.96,-161.04
-48.8,131.76,180.56,-39.04,-117.12,156.16,-53.68,-341.6,-302.56,-248.88,-439.2,-283.04
-78.08,58.56,136.64,9.76,-107.36,97.6,-131.76,-419.68,-370.88,-317.2,-488,-361.12
-87.84,14.64,102.48,39.04,-97.6,58.56,-151.28,-419.68,-346.48,-287.92,-473.36,-370.88
-82.96,0,82.96,43.92,-82.96,39.04,-170.8,-405.04,-317.2,-239.12,-439.2,-366
-78.08,-48.8,29.28,63.44,-53.68,-9.76,-200.08,-390.4,-273.28,-180.56,-375.76,-322.08
-53.68,-39.04,14.64,48.8,-34.16,-14.64,-190.32,-346.48,-204.96,-102.48,-307.44,-258.64
-43.92,-9.76,34.16,29.28,-39.04,9.76,-151.28,-263.52,-112.24,0,-234.24,-200.08
-29.28,14.64,43.92,9.76,-39.04,29.28,-122,-195.2,-34.16,82.96,-161.04,-161.04
-9.76,43.92,53.68,-14.64,-34.16,48.8,-92.72,-151.28,14.64,131.76,-126.88,-126.88
-4.88,68.32,73.2,-29.28,-39.04,68.32,-78.08,-141.52,34.16,165.92,-102.48,-107.36
0,63.44,63.44,-29.28,-34.16,63.44,-82.96,-136.64,48.8,185.44,-73.2,-82.96
9.76,48.8,39.04,-29.28,-14.64,43.92,-82.96,-136.64,53.68,195.2,-63.44,-73.2
9.76,24.4,14.64,-14.64,-4.88,19.52,-78.08,-131.76,53.68,195.2,-58.56,-68.32
14.64,-4.88,-19.52,-4.88,14.64,-14.64,-68.32,-117.12,58.56,204.96,-39.04,-63.44
9.76,-43.92,-53.68,19.52,29.28,-48.8,-39.04,-97.6,82.96,224.48,-19.52,-48.8
19.52,-63.44,-82.96,24.4,48.8,-73.2,-39.04,-92.72,87.84,229.36,-9.76,-34.16
29.28,-78.08,-107.36,24.4,68.32,-92.72,-29.28,-92.72,87.84,239.12,4.88,-34.16
29.28,-92.72,-122,34.16,73.2,-107.36,-29.28,-92.72,92.72,239.12,9.76,-24.4
34.16,-97.6,-131.76,34.16,82.96,-117.12,-34.16,-92.72,97.6,239.12,19.52,-14.64
39.04,-73.2,-112.24,19.52,73.2,-92.72,-39.04,-102.48,92.72,239.12,9.76,-24.4
34.16,-73.2,-107.36,19.52,68.32,-92.72,-39.04,-97.6,92.72,244,14.64,-24.4
43.92,-73.2,-117.12,14.64,78.08,-97.6,-43.92,-87.84,102.48,253.76,19.52,-19.52
39.04,-78.08,-117.12,19.52,78.08,-97.6,-39.04,-92.72,102.48,244,29.28,-14.64
43.92,-87.84,-131.76,24.4,87.84,-112.24,-34.16,-92.72,97.6,244,24.4,-14.64
43.92,-102.48,-146.4,29.28,92.72,-126.88,-19.52,-78.08,107.36,263.52,48.8,0
39.04,-112.24,-151.28,39.04,92.72,-131.76,-14.64,-73.2,122,263.52,58.56,14.64
34.16,-112.24,-146.4,39.04,87.84,-131.76,-9.76,-87.84,117.12,263.52,63.44,9.76
39.04,-112.24,-151.28,39.04,92.72,-131.76,-14.64,-78.08,122,273.28,73.2,14.64
39.04,-117.12,-156.16,39.04,97.6,-136.64,-19.52,-73.2,112.24,268.4,73.2,19.52
43.92,-92.72,-136.64,24.4,87.84,-117.12,-19.52,-68.32,107.36,268.4,63.44,14.64
43.92,-87.84,-131.76,24.4,87.84,-112.24,-19.52,-68.32,112.24,273.28,68.32,9.76
43.92,-87.84,-131.76,24.4,87.84,-112.24,-19.52,-63.44,117.12,278.16,68.32,19.52
48.8,-87.84,-136.64,19.52,92.72,-112.24,-9.76,-53.68,131.76,287.92,82.96,24.4
39.04,-92.72,-131.76,29.28,82.96,-112.24,-14.64,-48.8,146.4,297.68,82.96,19.52
48.8,-107.36,-156.16,29.28,102.48,-131.76,0,-34.16,151.28,307.44,97.6,24.4
48.8,-97.6,-146.4,24.4,97.6,-122,9.76,-19.52,161.04,317.2,107.36,43.92
48.8,-102.48,-151.28,29.28,97.6,-126.88,14.64,-19.52,161.04,326.96,112.24,48.8
53.68,-97.6,-151.28,24.4,102.48,-126.88,14.64,-24.4,175.68,341.6,122,48.8
43.92,-97.6,-141.52,29.28,92.72,-122,19.52,-14.64,180.56,356.24,126.88,53.68
39.04,-68.32,-107.36,14.64,73.2,-87.84,24.4,-14.64,190.32,356.24,122,48.8
48.8,-53.68,-102.48,4.88,73.2,-78.08,34.16,-29.28,204.96,380.64,126.88,39.04
53.68,-53.68,-107.36,0,78.08,-82.96,43.92,-39.04,195.2,375.76,126.88,39.04
48.8,-53.68,-102.48,4.88,73.2,-78.08,68.32,-34.16,200.08,375.76,131.76,39.04
43.92,-43.92,-87.84,0,63.44,-68.32,141.52,-29.28,224.48,414.8,146.4,48.8
43.92,-68.32,-112.24,14.64,78.08,-92.72,156.16,-24.4,234.24,434.32,156.16,53.68
58.56,-63.44,-122,4.88,87.84,-92.72,156.16,-24.4,234.24,444.08,156.16,58.56
58.56,-58.56,-117.12,0,87.84,-87.84,146.4,-39.04,234.24,448.96,156.16,53.68
53.68,-48.8,-102.48,0,78.08,-78.08,146.4,-39.04,244,463.6,161.04,53.68
53.68,-43.92,-97.6,-4.88,73.2,-73.2,136.64,-29.28,248.88,473.36,170.8,63.44
43.92,-24.4,-68.32,-9.76,53.68,-48.8,122,-43.92,234.24,468.48,156.16,58.56
43.92,-14.64,-58.56,-14.64,48.8,-39.04,131.76,-43.92,234.24,473.36,156.16,78.08
48.8,-19.52,-68.32,-14.64,58.56,-43.92,136.64,-43.92,239.12,483.12,156.16,97.6
43.92,-14.64,-58.56,-14.64,48.8,-39.04,126.88,-48.8,229.36,488,151.28,87.84
48.8,-4.88,-53.68,-19.52,48.8,-29.28,126.88,-53.68,229.36,492.88,161.04,82.96
53.68,-24.4,-78.08,-14.64,63.44,-53.68,136.64,-43.92,248.88,517.28,175.68,97.6
53.68,-19.52,-73.2,-14.64,63.44,-48.8,146.4,-34.16,253.76,517.28,180.56,107.36
58.56,-9.76,-68.32,-24.4,63.44,-39.04,146.4,-29.28,248.88,517.28,190.32,107.36
53.68,-9.76,-63.44,-19.52,58.56,-39.04,146.4,-43.92,239.12,522.16,190.32,102.48
58.56,0,-58.56,-29.28,58.56,-29.28,141.52,-43.92,244,517.28,190.32,102.48
58.56,29.28,-29.28,-43.92,43.92,0,141.52,-48.8,239.12,512.4,185.44,97.6
53.68,29.28,-24.4,-39.04,39.04,0,141.52,-39.04,244,527.04,190.32,97.6
58.56,29.28,-29.28,-43.92,43.92,0,141.52,-34.16,248.88,527.04,190.32,102.48
53.68,29.28,-24.4,-39.04,39.04,0,141.52,-29.28,253.76,527.04,195.2,102.48
58.56,29.28,-29.28,-43.92,43.92,0,151.28,-29.28,258.64,536.8,200.08,97.6
68.32,14.64,-53.68,-39.04,58.56,-19.52,156.16,-14.64,258.64,546.56,214.72,112.24
63.44,9.76,-53.68,-34.16,58.56,-24.4,156.16,0,258.64,536.8,214.72,122
63.44,24.4,-39.04,-43.92,48.8,-9.76,156.16,19.52,263.52,546.56,229.36,122
63.44,29.28,-34.16,-43.92,48.8,-4.88,151.28,19.52,263.52,541.68,224.48,122
63.44,34.16,-29.28,-48.8,43.92,0,151.28,24.4,263.52,541.68,224.48,126.88
63.44,63.44,0,-63.44,29.28,29.28,146.4,24.4,263.52,531.92,214.72,112.24
58.56,78.08,19.52,-68.32,19.52,48.8,146.4,29.28,263.52,536.8,214.72,102.48
58.56,68.32,9.76,-63.44,24.4,39.04,146.4,29.28,258.64,536.8,214.72,102.48
53.68,68.32,14.64,-58.56,19.52,39.04,156.16,43.92,268.4,531.92,219.6,107.36
48.8,68.32,19.52,-58.56,14.64,43.92,156.16,53.68,263.52,522.16,219.6,97.6
53.68,48.8,-4.88,-48.8,29.28,19.52,165.92,73.2,278.16,536.8,234.24,107.36
58.56,48.8,-9.76,-53.68,34.16,19.52,165.92,78.08,273.28,527.04,229.36,112.24
48.8,48.8,0,-48.8,24.4,24.4,156.16,68.32,263.52,517.28,219.6,102.48
48.8,58.56,9.76,-53.68,19.52,34.16,165.92,78.08,268.4,522.16,224.48,102.48
48.8,63.44,14.64,-53.68,14.64,39.04,161.04,78.08,253.76,517.28,224.48,102.48
48.8,87.84,39.04,-68.32,4.88,63.44,156.16,73.2,253.76,512.4,209.84,87.84
53.68,87.84,34.16,-68.32,9.76,58.56,146.4,73.2,248.88,507.52,200.08,78.08
53.68,87.84,34.16,-68.32,9.76,58.56,136.64,82.96,239.12,497.76,185.44,73.2
48.8,87.84,39.04,-68.32,4.88,63.44,141.52,92.72,239.12,497.76,185.44,73.2
39.04,87.84,48.8,-63.44,-4.88,68.32,136.64,82.96,224.48,488,180.56,63.44
34.16,63.44,29.28,-48.8,0,43.92,146.4,92.72,224.48,492.88,190.32,68.32
48.8,68.32,19.52,-58.56,14.64,43.92,141.52,97.6,214.72,478.24,185.44,63.44
43.92,68.32,24.4,-53.68,9.76,43.92,131.76,97.6,200.08,463.6,170.8,48.8
39.04,68.32,29.28,-53.68,4.88,48.8,136.64,107.36,185.44,458.72,165.92,48.8
39.04,73.2,34.16,-53.68,0,53.68,131.76,112.24,180.56,458.72,161.04,53.68
34.16,87.84,53.68,-58.56,-9.76,68.32,131.76,122,170.8,439.2,151.28,39.04
39.04,92.72,53.68,-63.44,-9.76,73.2,131.76,122,165.92,434.32,146.4,34.16
34.16,87.84,53.68,-58.56,-9.76,68.32,131.76,126.88,165.92,429.44,141.52,39.04
34.16,78.08,43.92,-53.68,-4.88,58.56,126.88,122,151.28,414.8,131.76,34.16
43.92,82.96,39.04,-63.44,0,58.56,126.88,122,156.16,414.8,131.76,34.16
34.16,53.68,19.52,-43.92,4.88,34.16,136.64,131.76,156.16,424.56,146.4,43.92
34.16,48.8,14.64,-39.04,9.76,29.28,131.76,122,146.4,414.8,141.52,34.16
34.16,48.8,14.64,-39.04,9.76,29.28,126.88,117.12,136.64,405.04,141.52,34.16
24.4,43.92,19.52,-34.16,0,29.28,126.88,117.12,141.52,409.92,136.64,29.28
24.4,48.8,24.4,-34.16,0,34.16,126.88,122,136.64,400.16,136.64,29.28
29.28,73.2,43.92,-48.8,-9.76,58.56,117.12,112.24,131.76,380.64,122,14.64
24.4,78.08,53.68,-48.8,-14.64,63.44,112.24,112.24,131.76,385.52,122,9.76
34.16,73.2,39.04,-53.68,-4.88,53.68,122,126.88,136.64,385.52,122,14.64
29.28,63.44,34.16,-43.92,-4.88,48.8,117.12,136.64,126.88,375.76,117.12,9.76
29.28,73.2,43.92,-48.8,-9.76,58.56,112.24,141.52,122,366,112.24,0
29.28,48.8,19.52,-39.04,4.88,34.16,126.88,156.16,141.52,380.64,126.88,14.64
19.52,39.04,19.52,-29.28,0,29.28,122,151.28,131.76,366,122,14.64
24.4,39.04,14.64,-29.28,4.88,24.4,122,156.16,136.64,366,131.76,14.64
19.52,34.16,14.64,-24.4,0,24.4,122,156.16,136.64,366,122,9.76
24.4,43.92,19.52,-34.16,0,29.28,117.12,161.04,126.88,356.24,117.12,9.76
19.52,68.32,48.8,-43.92,-14.64,58.56,112.24,151.28,117.12,341.6,112.24,-4.88
14.64,58.56,43.92,-34.16,-14.64,48.8,107.36,151.28,122,346.48,107.36,-9.76
14.64,63.44,48.8,-39.04,-19.52,53.68,112.24,151.28,122,336.72,102.48,-9.76
14.64,68.32,53.68,-39.04,-19.52,58.56,117.12,161.04,126.88,336.72,107.36,0
4.88,68.32,63.44,-34.16,-29.28,63.44,117.12,165.92,131.76,331.84,102.48,0
4.88,48.8,43.92,-24.4,-19.52,43.92,131.76,185.44,151.28,356.24,122,9.76
0,43.92,43.92,-19.52,-24.4,43.92,131.76,180.56,146.4,341.6,117.12,9.76
4.88,39.04,34.16,-19.52,-14.64,34.16,122,170.8,141.52,336.72,117.12,9.76
24.4,39.04,14.64,-29.28,4.88,24.4,117.12,156.16,141.52,331.84,112.24,4.88
19.52,39.04,19.52,-29.28,0,29.28,112.24,156.16,136.64,317.2,102.48,0
24.4,68.32,43.92,-43.92,-9.76,53.68,97.6,161.04,126.88,307.44,97.6,-4.88
19.52,68.32,48.8,-43.92,-14.64,58.56,97.6,170.8,131.76,307.44,97.6,-4.88
14.64,63.44,48.8,-39.04,-19.52,53.68,97.6,180.56,131.76,307.44,97.6,-4.88
4.88,63.44,58.56,-34.16,-29.28,58.56,102.48,190.32,136.64,317.2,107.36,0
9.76,68.32,58.56,-39.04,-24.4,63.44,102.48,195.2,136.64,307.44,97.6,-9.76
14.64,39.04,24.4,-24.4,-4.88,29.28,112.24,209.84,141.52,307.44,102.48,-19.52
19.52,39.04,19.52,-29.28,0,29.28,107.36,229.36,136.64,292.8,102.48,-24.4
14.64,29.28,14.64,-19.52,0,19.52,102.48,229.36,131.76,292.8,92.72,-14.64
19.52,34.16,14.64,-24.4,0,24.4,107.36,229.36,136.64,287.92,82.96,-9.76
14.64,43.92,29.28,-29.28,-9.76,34.16,107.36,219.6,122,263.52,73.2,-9.76
19.52,63.44,43.92,-39.04,-14.64,53.68,87.84,190.32,102.48,244,68.32,-19.52
19.52,63.44,43.92,-39.04,-14.64,53.68,87.84,195.2,107.36,248.88,73.2,-19.52
9.76,53.68,43.92,-29.28,-19.52,48.8,87.84,195.2,107.36,239.12,68.32,-19.52
4.88,53.68,48.8,-29.28,-24.4,48.8,82.96,209.84,97.6,234.24,63.44,-19.52
14.64,58.56,43.92,-34.16,-14.64,48.8,87.84,224.48,112.24,229.36,68.32,-14.64
19.52,34.16,14.64,-24.4,0,24.4,92.72,239.12,117.12,234.24,78.08,0
24.4,34.16,9.76,-29.28,4.88,19.52,87.84,244,117.12,229.36,78.08,-4.88
14.64,34.16,19.52,-24.4,-4.88,24.4,87.84,244,117.12,219.6,78.08,-9.76
14.64,29.28,14.64,-19.52,0,19.52,87.84,239.12,112.24,219.6,78.08,-4.88
9.76,39.04,29.28,-24.4,-9.76,34.16,92.72,244,112.24,219.6,87.84,-4.88
14.64,58.56,43.92,-34.16,-14.64,48.8,78.08,229.36,102.48,204.96,68.32,-14.64
9.76,58.56,48.8,-34.16,-19.52,53.68,73.2,229.36,102.48,204.96,68.32,-19.52
9.76,48.8,39.04,-29.28,-14.64,43.92,78.08,229.36,107.36,200.08,63.44,-19.52
4.88,39.04,34.16,-19.52,-14.64,34.16,73.2,224.48,97.6,195.2,58.56,-19.52
9.76,43.92,34.16,-24.4,-14.64,39.04,73.2,229.36,92.72,190.32,63.44,-14.64
4.88,24.4,19.52,-14.64,-9.76,19.52,78.08,239.12,97.6,190.32,68.32,-14.64
0,9.76,9.76,-4.88,-4.88,9.76,87.84,239.12,97.6,190.32,68.32,-9.76
4.88,14.64,9.76,-9.76,-4.88,9.76,82.96,234.24,87.84,190.32,63.44,-4.88
9.76,14.64,4.88,-9.76,0,9.76,78.08,234.24,97.6,185.44,58.56,0
9.76,24.4,14.64,-14.64,-4.88,19.52,78.08,239.12,97.6,185.44,53.68,0
14.64,43.92,29.28,-29.28,-9.76,34.16,63.44,229.36,82.96,170.8,39.04,-9.76
4.88,43.92,39.04,-24.4,-19.52,39.04,58.56,229.36,87.84,165.92,34.16,-14.64
4.88,34.16,29.28,-19.52,-14.64,29.28,58.56,229.36,97.6,175.68,34.16,-9.76
0,24.4,24.4,-9.76,-14.64,24.4,53.68,224.48,78.08,161.04,29.28,-9.76
4.88,24.4,19.52,-14.64,-9.76,19.52,48.8,219.6,58.56,141.52,19.52,-24.4
0,9.76,9.76,-4.88,-4.88,9.76,53.68,229.36,68.32,146.4,34.16,-4.88
0,-4.88,-4.88,4.88,0,-4.88,48.8,219.6,68.32,151.28,34.16,-4.88
0,0,0,0,0,0,48.8,209.84,68.32,151.28,29.28,-4.88
4.88,9.76,4.88,-4.88,0,4.88,48.8,209.84,58.56,146.4,34.16,0
0,14.64,14.64,-4.88,-9.76,14.64,48.8,204.96,58.56,146.4,29.28,-4.88
9.76,39.04,29.28,-24.4,-9.76,34.16,39.04,190.32,48.8,131.76,29.28,-19.52
4.88,43.92,39.04,-24.4,-19.52,39.04,39.04,180.56,43.92,126.88,24.4,-24.4
0,34.16,34.16,-14.64,-19.52,34.16,39.04,151.28,48.8,131.76,24.4,-14.64
4.88,34.16,29.28,-19.52,-14.64,29.28,48.8,131.76,58.56,136.64,34.16,-9.76
4.88,34.16,29.28,-19.52,-14.64,29.28,43.92,122,58.56,131.76,39.04,-4.88
0,14.64,14.64,-4.88,-9.76,14.64,43.92,117.12,53.68,131.76,34.16,-4.88
4.88,0,-4.88,0,4.88,-4.88,43.92,117.12,53.68,131.76,39.04,0
-4.88,0,4.88,4.88,-4.88,0,43.92,112.24,53.68,126.88,39.04,4.88
0,4.88,4.88,0,-4.88,4.88,43.92,102.48,48.8,122,39.04,0
0,14.64,14.64,-4.88,-9.76,14.64,39.04,97.6,39.04,112.24,34.16,0
0,34.16,34.16,-14.64,-19.52,34.16,29.28,87.84,34.16,107.36,29.28,-4.88
4.88,39.04,34.16,-19.52,-14.64,34.16,24.4,82.96,29.28,102.48,24.4,-9.76
0,34.16,34.16,-14.64,-19.52,34.16,24.4,78.08,29.28,97.6,19.52,-9.76
0,29.28,29.28,-14.64,-14.64,29.28,19.52,78.08,29.28,97.6,24.4,-9.76
9.76,34.16,24.4,-19.52,-9.76,29.28,24.4,68.32,29.28,87.84,29.28,-4.88
0,9.76,9.76,-4.88,-4.88,9.76,34.16,68.32,39.04,92.72,39.04,4.88
4.88,4.88,0,-4.88,0,0,24.4,68.32,34.16,92.72,39.04,9.76
0,0,0,0,0,0,24.4,63.44,43.92,87.84,34.16,9.76
-4.88,4.88,9.76,0,-9.76,4.88,14.64,58.56,34.16,82.96,29.28,4.88
