I,II,III,aVR,aVL,aVF,V1,V2,V3,V4,V5,V6
-9.76,-122,-112.24,68.32,48.8,-117.12,-131.76,-102.48,-117.12,-122,-107.36,-97.6
-4.88,-107.36,-102.48,58.56,48.8,-107.36,-141.52,-112.24,-107.36,-126.88,-107.36,-97.6
-4.88,-107.36,-102.48,58.56,48.8,-107.36,-136.64,-107.36,-102.48,-126.88,-112.24,-107.36
29.28,-87.84,-117.12,29.28,73.2,-102.48,-122,-107.36,-97.6,-122,-102.48,-97.6
24.4,-97.6,-122,39.04,73.2,-112.24,-122,-112.24,-97.6,-122,-97.6,-97.6
0,-131.76,-131.76,68.32,63.44,-131.76,-131.76,-117.12,-107.36,-126.88,-102.48,-97.6
0,-126.88,-126.88,63.44,63.44,-126.88,-131.76,-117.12,-107.36,-122,-102.48,-97.6
0,-122,-122,63.44,58.56,-122,-141.52,-122,-117.12,-122,-107.36,-97.6
0,-136.64,-136.64,68.32,68.32,-136.64,-136.64,-117.12,-112.24,-122,-107.36,-92.72
4.88,-122,-126.88,58.56,63.44,-126.88,-141.52,-107.36,-112.24,-122,-97.6,-92.72
4.88,-112.24,-117.12,53.68,58.56,-117.12,-141.52,-112.24,-107.36,-126.88,-102.48,-97.6
9.76,-102.48,-112.24,48.8,58.56,-107.36,-151.28,-117.12,-107.36,-131.76,-107.36,-102.48
9.76,-92.72,-102.48,43.92,53.68,-97.6,-151.28,-117.12,-102.48,-126.88,-112.24,-102.48
-9.76,-112.24,-102.48,63.44,43.92,-107.36,-151.28,-131.76,-107.36,-131.76,-117.12,-112.24
-19.52,-122,-102.48,73.2,39.04,-112.24,-146.4,-136.64,-107.36,-131.76,-117.12,-112.24
-19.52,-122,-102.48,73.2,39.04,-112.24,-136.64,-131.76,-107.36,-117.12,-107.36,-107.36
-14.64,-107.36,-92.72,63.44,39.04,-102.48,-131.76,-126.88,-107.36,-122,-102.48,-107.36
-9.76,-107.36,-97.6,58.56,43.92,-102.48,-141.52,-131.76,-107.36,-122,-97.6,-107.36
-4.88,-97.6,-92.72,53.68,43.92,-97.6,-141.52,-117.12,-107.36,-122,-97.6,-102.48
4.88,-102.48,-107.36,48.8,53.68,-107.36,-141.52,-107.36,-102.48,-117.12,-97.6,-97.6
-4.88,-92.72,-87.84,48.8,39.04,-92.72,-156.16,-126.88,-122,-141.52,-117.12,-117.12
-9.76,-112.24,-102.48,63.44,43.92,-107.36,-151.28,-126.88,-112.24,-146.4,-112.24,-112.24
-4.88,-112.24,-107.36,58.56,48.8,-112.24,-151.28,-131.76,-126.88,-156.16,-122,-122
-9.76,-122,-112.24,68.32,48.8,-117.12,-161.04,-151.28,-131.76,-161.04,-136.64,-131.76
4.88,-117.12,-122,58.56,63.44,-122,-146.4,-146.4,-122,-151.28,-122,-122
14.64,-117.12,-131.76,53.68,73.2,-126.88,-136.64,-136.64,-122,-141.52,-117.12,-112.24
14.64,-107.36,-122,48.8,68.32,-117.12,-141.52,-136.64,-131.76,-146.4,-117.12,-117.12
14.64,-97.6,-112.24,43.92,63.44,-107.36,-131.76,-126.88,-122,-131.76,-102.48,-107.36
9.76,-97.6,-107.36,43.92,58.56,-102.48,-136.64,-117.12,-117.12,-131.76,-107.36,-107.36
0,-102.48,-102.48,53.68,48.8,-102.48,-136.64,-112.24,-117.12,-136.64,-107.36,-107.36
-4.88,-82.96,-78.08,43.92,34.16,-82.96,-146.4,-126.88,-122,-151.28,-117.12,-122
0,-87.84,-87.84,43.92,43.92,-87.84,-141.52,-131.76,-126.88,-156.16,-126.88,-126.88
14.64,-92.72,-107.36,39.04,58.56,-102.48,-131.76,-122,-117.12,-156.16,-122,-122
24.4,-92.72,-117.12,34.16,68.32,-107.36,-122,-122,-122,-151.28,-112.24,-117.12
4.88,-122,-126.88,58.56,63.44,-126.88,-126.88,-126.88,-126.88,-151.28,-112.24,-122
14.64,-92.72,-107.36,39.04,58.56,-102.48,-126.88,-141.52,-131.76,-156.16,-117.12,-122
14.64,-102.48,-117.12,43.92,63.44,-112.24,-122,-131.76,-131.76,-151.28,-107.36,-112.24
-4.88,-131.76,-126.88,68.32,58.56,-131.76,-141.52,-146.4,-141.52,-161.04,-117.12,-122
-9.76,-92.72,-82.96,53.68,34.16,-87.84,-151.28,-146.4,-151.28,-170.8,-117.12,-131.76
9.76,-87.84,-97.6,39.04,53.68,-92.72,-141.52,-141.52,-146.4,-165.92,-112.24,-131.76
9.76,-107.36,-117.12,48.8,63.44,-112.24,-131.76,-122,-131.76,-151.28,-102.48,-126.88
-4.88,-102.48,-97.6,53.68,43.92,-102.48,-141.52,-136.64,-141.52,-170.8,-112.24,-141.52
-9.76,-117.12,-107.36,63.44,48.8,-112.24,-141.52,-141.52,-156.16,-180.56,-117.12,-161.04
-29.28,-146.4,-117.12,87.84,43.92,-131.76,-131.76,-146.4,-146.4,-175.68,-107.36,-151.28
-34.16,-136.64,-102.48,87.84,34.16,-122,-136.64,-151.28,-151.28,-175.68,-117.12,-156.16
4.88,-117.12,-122,58.56,63.44,-122,-117.12,-141.52,-141.52,-165.92,-107.36,-136.64
4.88,-102.48,-107.36,48.8,53.68,-107.36,-131.76,-146.4,-151.28,-180.56,-126.88,-141.52
-14.64,-117.12,-102.48,68.32,43.92,-112.24,-141.52,-156.16,-151.28,-180.56,-136.64,-136.64
-14.64,-117.12,-102.48,68.32,43.92,-112.24,-131.76,-151.28,-146.4,-175.68,-122,-126.88
4.88,-102.48,-107.36,48.8,53.68,-107.36,-136.64,-151.28,-156.16,-190.32,-126.88,-141.52
0,-107.36,-107.36,53.68,53.68,-107.36,-131.76,-141.52,-151.28,-180.56,-126.88,-146.4
-4.88,-122,-117.12,63.44,53.68,-122,-136.64,-151.28,-161.04,-195.2,-141.52,-151.28
9.76,-102.48,-112.24,48.8,58.56,-107.36,-131.76,-141.52,-156.16,-200.08,-136.64,-156.16
29.28,-92.72,-122,34.16,73.2,-107.36,-122,-151.28,-151.28,-195.2,-126.88,-146.4
-14.64,-122,-107.36,68.32,43.92,-117.12,-131.76,-165.92,-161.04,-200.08,-131.76,-156.16
-19.52,-141.52,-122,82.96,48.8,-131.76,-136.64,-175.68,-175.68,-204.96,-141.52,-165.92
9.76,-126.88,-136.64,58.56,73.2,-131.76,-131.76,-170.8,-165.92,-190.32,-131.76,-161.04
4.88,-131.76,-136.64,63.44,68.32,-136.64,-126.88,-161.04,-165.92,-190.32,-131.76,-151.28
9.76,-131.76,-141.52,63.44,73.2,-136.64,-117.12,-151.28,-161.04,-190.32,-122,-146.4
19.52,-122,-141.52,53.68,78.08,-131.76,-122,-151.28,-156.16,-190.32,-117.12,-151.28
4.88,-126.88,-131.76,63.44,68.32,-131.76,-126.88,-161.04,-161.04,-204.96,-122,-151.28
-4.88,-117.12,-112.24,63.44,53.68,-117.12,-136.64,-175.68,-170.8,-214.72,-131.76,-165.92
-24.4,-151.28,-126.88,87.84,48.8,-141.52,-126.88,-161.04,-165.92,-209.84,-131.76,-175.68
-19.52,-170.8,-151.28,97.6,63.44,-161.04,-131.76,-161.04,-156.16,-204.96,-126.88,-165.92
-4.88,-151.28,-146.4,78.08,68.32,-151.28,-122,-161.04,-161.04,-209.84,-131.76,-165.92
9.76,-136.64,-146.4,63.44,78.08,-141.52,-112.24,-161.04,-156.16,-195.2,-126.88,-161.04
9.76,-122,-131.76,58.56,68.32,-126.88,-117.12,-161.04,-161.04,-195.2,-122,-165.92
14.64,-112.24,-126.88,48.8,68.32,-122,-122,-170.8,-165.92,-200.08,-126.88,-156.16
-4.88,-112.24,-107.36,58.56,48.8,-112.24,-131.76,-170.8,-175.68,-204.96,-136.64,-165.92
4.88,-112.24,-117.12,53.68,58.56,-117.12,-126.88,-161.04,-170.8,-204.96,-131.76,-165.92
-9.76,-126.88,-117.12,68.32,53.68,-122,-131.76,-161.04,-165.92,-214.72,-136.64,-180.56
0,-131.76,-131.76,68.32,63.44,-131.76,-126.88,-161.04,-161.04,-209.84,-141.52,-180.56
34.16,-117.12,-151.28,43.92,92.72,-136.64,-117.12,-146.4,-151.28,-200.08,-122,-165.92
4.88,-131.76,-136.64,63.44,68.32,-136.64,-122,-161.04,-161.04,-204.96,-126.88,-165.92
-14.64,-146.4,-131.76,82.96,58.56,-141.52,-126.88,-170.8,-170.8,-214.72,-141.52,-175.68
-29.28,-151.28,-122,92.72,43.92,-136.64,-131.76,-185.44,-180.56,-219.6,-146.4,-190.32
-39.04,-146.4,-107.36,92.72,34.16,-126.88,-131.76,-190.32,-180.56,-224.48,-146.4,-190.32
-14.64,-117.12,-102.48,68.32,43.92,-112.24,-122,-180.56,-175.68,-214.72,-136.64,-180.56
14.64,-112.24,-126.88,48.8,68.32,-122,-131.76,-170.8,-170.8,-214.72,-131.76,-175.68
9.76,-117.12,-126.88,53.68,68.32,-122,-126.88,-165.92,-165.92,-209.84,-131.76,-175.68
0,-131.76,-131.76,68.32,63.44,-131.76,-122,-156.16,-156.16,-209.84,-126.88,-175.68
-14.64,-151.28,-136.64,82.96,58.56,-146.4,-112.24,-156.16,-151.28,-204.96,-126.88,-180.56
-34.16,-161.04,-126.88,97.6,43.92,-146.4,-117.12,-170.8,-156.16,-209.84,-131.76,-185.44
-24.4,-146.4,-122,87.84,48.8,-136.64,-126.88,-180.56,-165.92,-219.6,-146.4,-200.08
-14.64,-136.64,-122,78.08,53.68,-131.76,-122,-175.68,-161.04,-219.6,-146.4,-185.44
-14.64,-151.28,-136.64,82.96,58.56,-146.4,-112.24,-165.92,-161.04,-204.96,-126.88,-170.8
-19.52,-146.4,-126.88,82.96,53.68,-136.64,-122,-180.56,-170.8,-214.72,-136.64,-185.44
-14.64,-131.76,-117.12,73.2,48.8,-126.88,-141.52,-195.2,-180.56,-229.36,-146.4,-190.32
-19.52,-131.76,-112.24,78.08,43.92,-122,-141.52,-190.32,-185.44,-229.36,-141.52,-185.44
-34.16,-141.52,-107.36,87.84,34.16,-126.88,-122,-165.92,-161.04,-209.84,-126.88,-175.68
-48.8,-165.92,-117.12,107.36,34.16,-141.52,-112.24,-161.04,-151.28,-209.84,-131.76,-190.32
0,-151.28,-151.28,78.08,73.2,-151.28,-117.12,-161.04,-146.4,-209.84,-122,-175.68
9.76,-117.12,-126.88,53.68,68.32,-122,-131.76,-175.68,-161.04,-224.48,-126.88,-200.08
19.52,-102.48,-122,43.92,68.32,-112.24,-126.88,-175.68,-161.04,-219.6,-136.64,-195.2
9.76,-122,-131.76,58.56,68.32,-126.88,-117.12,-180.56,-151.28,-209.84,-126.88,-180.56
-14.64,-141.52,-126.88,78.08,53.68,-136.64,-107.36,-175.68,-156.16,-209.84,-131.76,-190.32
-9.76,-146.4,-136.64,78.08,63.44,-141.52,-112.24,-175.68,-161.04,-204.96,-117.12,-180.56
0,-146.4,-146.4,73.2,73.2,-146.4,-107.36,-175.68,-156.16,-204.96,-122,-190.32
4.88,-156.16,-161.04,78.08,82.96,-161.04,-122,-170.8,-161.04,-204.96,-117.12,-190.32
-4.88,-136.64,-131.76,73.2,63.44,-136.64,-131.76,-175.68,-165.92,-219.6,-126.88,-195.2
-4.88,-117.12,-112.24,63.44,53.68,-117.12,-131.76,-180.56,-165.92,-234.24,-141.52,-204.96
-14.64,-136.64,-122,78.08,53.68,-131.76,-126.88,-180.56,-165.92,-234.24,-141.52,-200.08
14.64,-112.24,-126.88,48.8,68.32,-122,-126.88,-180.56,-165.92,-244,-136.64,-195.2
0,-136.64,-136.64,68.32,68.32,-136.64,-117.12,-185.44,-165.92,-239.12,-131.76,-195.2
-43.92,-161.04,-117.12,102.48,34.16,-141.52,-126.88,-185.44,-170.8,-234.24,-136.64,-209.84
-48.8,-146.4,-97.6,97.6,24.4,-122,-126.88,-180.56,-175.68,-234.24,-146.4,-214.72
-39.04,-122,-82.96,82.96,19.52,-102.48,-122,-170.8,-165.92,-224.48,-141.52,-204.96
0,-92.72,-92.72,48.8,43.92,-92.72,-112.24,-170.8,-156.16,-219.6,-136.64,-175.68
-4.88,-97.6,-92.72,53.68,43.92,-97.6,-117.12,-175.68,-165.92,-224.48,-122,-180.56
-14.64,-112.24,-97.6,63.44,39.04,-107.36,-117.12,-161.04,-156.16,-214.72,-112.24,-175.68
-14.64,-92.72,-78.08,53.68,29.28,-87.84,-102.48,-141.52,-131.76,-204.96,-107.36,-165.92
9.76,-73.2,-82.96,34.16,43.92,-78.08,-107.36,-126.88,-122,-200.08,-107.36,-141.52
0,-78.08,-78.08,39.04,39.04,-78.08,-97.6,-126.88,-122,-200.08,-112.24,-156.16
-39.04,-107.36,-68.32,73.2,14.64,-87.84,-117.12,-156.16,-146.4,-219.6,-136.64,-165.92
-14.64,-102.48,-87.84,58.56,34.16,-97.6,-112.24,-161.04,-141.52,-214.72,-136.64,-156.16
-39.04,-117.12,-78.08,78.08,19.52,-97.6,-102.48,-151.28,-141.52,-209.84,-126.88,-151.28
-63.44,-136.64,-73.2,102.48,4.88,-107.36,-97.6,-161.04,-156.16,-224.48,-112.24,-131.76
-39.04,-82.96,-43.92,63.44,0,-63.44,-78.08,-141.52,-136.64,-214.72,-102.48,-131.76
-39.04,-43.92,-4.88,43.92,-19.52,-24.4,-87.84,-151.28,-141.52,-219.6,-122,-141.52
-24.4,-14.64,9.76,19.52,-19.52,-4.88,-97.6,-151.28,-151.28,-224.48,-126.88,-146.4
9.76,-14.64,-24.4,4.88,14.64,-19.52,-78.08,-131.76,-126.88,-195.2,-102.48,-126.88
14.64,-39.04,-53.68,14.64,34.16,-48.8,-53.68,-107.36,-107.36,-180.56,-92.72,-112.24
19.52,-48.8,-68.32,14.64,43.92,-58.56,-48.8,-102.48,-102.48,-165.92,-92.72,-107.36
14.64,-19.52,-34.16,4.88,24.4,-29.28,-63.44,-107.36,-102.48,-165.92,-92.72,-92.72
0,-39.04,-39.04,19.52,19.52,-39.04,-73.2,-117.12,-102.48,-170.8,-92.72,-102.48
39.04,-19.52,-58.56,-9.76,48.8,-39.04,-82.96,-122,-107.36,-165.92,-87.84,-102.48
29.28,-4.88,-34.16,-9.76,29.28,-19.52,-122,-170.8,-151.28,-195.2,-107.36,-122
0,-58.56,-58.56,29.28,29.28,-58.56,-131.76,-170.8,-151.28,-195.2,-107.36,-117.12
9.76,-43.92,-53.68,19.52,29.28,-48.8,-136.64,-165.92,-151.28,-200.08,-117.12,-117.12
19.52,-39.04,-58.56,9.76,39.04,-48.8,-136.64,-161.04,-146.4,-195.2,-102.48,-112.24
24.4,-39.04,-63.44,9.76,43.92,-53.68,-136.64,-156.16,-141.52,-190.32,-97.6,-112.24
24.4,-39.04,-63.44,9.76,43.92,-53.68,-122,-131.76,-126.88,-180.56,-97.6,-112.24
29.28,-58.56,-87.84,14.64,58.56,-73.2,-112.24,-126.88,-122,-175.68,-87.84,-87.84
24.4,-68.32,-92.72,24.4,58.56,-82.96,-107.36,-126.88,-117.12,-170.8,-82.96,-107.36
48.8,-58.56,-107.36,4.88,78.08,-82.96,-107.36,-131.76,-117.12,-175.68,-82.96,-97.6
9.76,-63.44,-73.2,29.28,39.04,-68.32,-117.12,-141.52,-131.76,-180.56,-92.72,-112.24
0,-87.84,-87.84,43.92,43.92,-87.84,-117.12,-165.92,-151.28,-204.96,-117.12,-122
4.88,-78.08,-82.96,39.04,43.92,-82.96,-107.36,-156.16,-141.52,-195.2,-102.48,-117.12
-14.64,-112.24,-97.6,63.44,39.04,-107.36,-122,-161.04,-151.28,-204.96,-107.36,-126.88
-19.52,-131.76,-112.24,78.08,43.92,-122,-141.52,-170.8,-165.92,-209.84,-126.88,-117.12
-29.28,-126.88,-97.6,78.08,34.16,-112.24,-141.52,-170.8,-161.04,-219.6,-112.24,-126.88
-24.4,-122,-97.6,73.2,34.16,-112.24,-141.52,-170.8,-161.04,-219.6,-117.12,-131.76
-4.88,-131.76,-126.88,68.32,58.56,-131.76,-141.52,-175.68,-161.04,-224.48,-126.88,-126.88
-14.64,-161.04,-146.4,87.84,63.44,-156.16,-131.76,-185.44,-161.04,-224.48,-122,-131.76
-29.28,-175.68,-146.4,102.48,58.56,-161.04,-126.88,-190.32,-165.92,-229.36,-126.88,-131.76
-39.04,-195.2,-156.16,117.12,58.56,-175.68,-126.88,-190.32,-175.68,-234.24,-136.64,-126.88
-24.4,-170.8,-146.4,97.6,58.56,-161.04,-136.64,-200.08,-180.56,-244,-136.64,-131.76
-39.04,-190.32,-151.28,117.12,53.68,-170.8,-136.64,-185.44,-180.56,-239.12,-122,-122
-48.8,-200.08,-151.28,126.88,48.8,-175.68,-136.64,-195.2,-185.44,-248.88,-136.64,-136.64
-39.04,-190.32,-151.28,117.12,53.68,-170.8,-131.76,-185.44,-180.56,-239.12,-146.4,-146.4
-34.16,-175.68,-141.52,107.36,53.68,-161.04,-141.52,-190.32,-175.68,-244,-146.4,-136.64
-43.92,-185.44,-141.52,117.12,48.8,-165.92,-146.4,-190.32,-175.68,-248.88,-146.4,-146.4
-39.04,-195.2,-156.16,117.12,58.56,-175.68,-156.16,-190.32,-180.56,-258.64,-151.28,-156.16
-39.04,-190.32,-151.28,117.12,53.68,-170.8,-156.16,-204.96,-180.56,-263.52,-151.28,-170.8
-29.28,-180.56,-151.28,107.36,58.56,-165.92,-151.28,-209.84,-185.44,-253.76,-156.16,-151.28
-39.04,-180.56,-141.52,112.24,48.8,-161.04,-141.52,-209.84,-185.44,-244,-141.52,-141.52
-68.32,-190.32,-122,131.76,24.4,-156.16,-141.52,-209.84,-185.44,-248.88,-141.52,-156.16
-39.04,-175.68,-136.64,107.36,48.8,-156.16,-151.28,-209.84,-190.32,-244,-151.28,-156.16
-9.76,-170.8,-161.04,92.72,73.2,-165.92,-136.64,-190.32,-175.68,-248.88,-136.64,-136.64
-19.52,-156.16,-136.64,87.84,58.56,-146.4,-146.4,-200.08,-185.44,-253.76,-136.64,-141.52
-48.8,-165.92,-117.12,107.36,34.16,-141.52,-170.8,-219.6,-195.2,-278.16,-161.04,-161.04
-73.2,-200.08,-126.88,136.64,24.4,-165.92,-170.8,-234.24,-204.96,-278.16,-161.04,-165.92
-63.44,-209.84,-146.4,136.64,39.04,-180.56,-165.92,-229.36,-190.32,-273.28,-170.8,-170.8
-43.92,-195.2,-151.28,122,53.68,-175.68,-151.28,-214.72,-180.56,-263.52,-161.04,-156.16
-34.16,-165.92,-131.76,102.48,48.8,-151.28,-146.4,-204.96,-175.68,-263.52,-161.04,-165.92
-24.4,-156.16,-131.76,92.72,53.68,-146.4,-141.52,-200.08,-180.56,-258.64,-161.04,-161.04
-24.4,-161.04,-136.64,92.72,53.68,-151.28,-136.64,-204.96,-185.44,-258.64,-165.92,-161.04
-43.92,-161.04,-117.12,102.48,34.16,-141.52,-131.76,-209.84,-190.32,-283.04,-165.92,-161.04
-43.92,-146.4,-102.48,97.6,29.28,-126.88,-131.76,-200.08,-190.32,-287.92,-185.44,-180.56
-78.08,-161.04,-82.96,122,0,-122,-126.88,-195.2,-180.56,-283.04,-180.56,-190.32
-68.32,-180.56,-112.24,126.88,19.52,-146.4,-102.48,-180.56,-175.68,-287.92,-190.32,-204.96
-73.2,-200.08,-126.88,136.64,24.4,-165.92,-63.44,-146.4,-151.28,-292.8,-200.08,-195.2
-53.68,-214.72,-161.04,136.64,53.68,-190.32,-24.4,-107.36,-136.64,-292.8,-185.44,-190.32
-58.56,-239.12,-180.56,151.28,58.56,-209.84,39.04,-58.56,-107.36,-283.04,-190.32,-204.96
-68.32,-258.64,-190.32,165.92,58.56,-224.48,87.84,9.76,-78.08,-287.92,-219.6,-229.36
-63.44,-263.52,-200.08,165.92,68.32,-234.24,156.16,122,-14.64,-278.16,-224.48,-258.64
-48.8,-283.04,-234.24,165.92,92.72,-258.64,248.88,278.16,97.6,-234.24,-244,-278.16
-24.4,-283.04,-258.64,156.16,117.12,-273.28,312.32,453.84,219.6,-190.32,-263.52,-307.44
-19.52,-283.04,-263.52,151.28,122,-273.28,395.28,673.44,380.64,-117.12,-263.52,-326.96
4.88,-263.52,-268.4,131.76,136.64,-268.4,502.64,907.68,570.96,-29.28,-258.64,-341.6
39.04,-214.72,-253.76,87.84,146.4,-234.24,663.68,1166.32,785.68,68.32,-248.88,-341.6
87.84,-156.16,-244,34.16,165.92,-200.08,829.6,1395.68,1005.28,200.08,-190.32,-307.44
117.12,-63.44,-180.56,-24.4,146.4,-122,927.2,1498.16,1137.04,322.08,-122,-263.52
185.44,53.68,-131.76,-117.12,156.16,-39.04,980.88,1468.88,1190.72,468.48,14.64,-146.4
268.4,229.36,-39.04,-248.88,151.28,92.72,980.88,1332.24,1224.88,697.84,268.4,48.8
283.04,409.92,126.88,-346.48,78.08,268.4,941.84,1058.96,1146.8,902.8,502.64,219.6
385.52,639.28,253.76,-512.4,63.44,444.08,824.72,712.48,990.64,1078.48,785.68,473.36
448.96,873.52,424.56,-658.8,9.76,649.04,732,390.4,819.84,1283.44,1151.68,785.68
458.72,1137.04,678.32,-795.44,-112.24,907.68,629.52,-19.52,624.64,1488.4,1483.52,1054.08
414.8,1464,1049.2,-936.96,-317.2,1254.16,502.64,-517.28,390.4,1668.96,1776.32,1302.96
278.16,1747.04,1468.88,-1010.16,-595.36,1605.52,400.16,-1088.24,78.08,1766.56,2010.56,1512.8
141.52,1932.48,1790.96,-1034.56,-824.72,1859.28,356.24,-1542.08,-185.44,1849.52,2200.88,1688.48
34.16,2030.08,1995.92,-1029.68,-980.88,2010.56,258.64,-1883.68,-390.4,1898.32,2293.6,1766.56
-34.16,1922.72,1956.88,-941.84,-995.52,1937.36,224.48,-2025.2,-478.24,1903.2,2274.08,1727.52
-63.44,1708,1771.44,-819.84,-917.44,1737.28,107.36,-2049.6,-610,1649.44,2030.08,1546.96
-136.64,1420.08,1556.72,-639.28,-849.12,1488.4,-161.04,-2093.52,-854,1161.44,1610.4,1302.96
-244,1122.4,1366.4,-439.2,-805.2,1244.4,-409.92,-2152.08,-1215.12,409.92,956.48,927.2
-336.72,829.6,1166.32,-244,-751.52,995.52,-688.08,-2196,-1561.6,-448.96,268.4,522.16
-395.28,556.32,951.6,-78.08,-673.44,751.52,-834.48,-2093.52,-1634.8,-888.16,-170.8,204.96
-385.52,361.12,746.64,14.64,-566.08,551.44,-863.76,-1864.16,-1454.24,-868.64,-317.2,9.76
-370.88,234.24,605.12,68.32,-488,419.68,-985.76,-1727.52,-1263.92,-727.12,-297.68,-58.56
-361.12,107.36,468.48,126.88,-414.8,287.92,-1010.16,-1571.36,-1122.4,-707.6,-302.56,-122
-287.92,43.92,331.84,122,-312.32,185.44,-893.04,-1327.36,-980.88,-707.6,-317.2,-146.4
-195.2,39.04,234.24,78.08,-214.72,136.64,-805.2,-1088.24,-824.72,-653.92,-287.92,-151.28
-161.04,14.64,175.68,73.2,-170.8,92.72,-727.12,-897.92,-663.68,-546.56,-244,-151.28
-175.68,-14.64,161.04,97.6,-170.8,73.2,-614.88,-722.24,-512.4,-429.44,-209.84,-136.64
-175.68,-43.92,131.76,112.24,-156.16,43.92,-502.64,-575.84,-405.04,-351.36,-175.68,-131.76
-122,-9.76,112.24,68.32,-117.12,48.8,-405.04,-463.6,-312.32,-287.92,-146.4,-117.12
-78.08,14.64,92.72,34.16,-87.84,53.68,-312.32,-341.6,-204.96,-224.48,-102.48,-82.96
-53.68,4.88,58.56,24.4,-58.56,29.28,-204.96,-224.48,-107.36,-170.8,-73.2,-82.96
-34.16,-4.88,29.28,19.52,-34.16,9.76,-107.36,-126.88,-29.28,-126.88,-63.44,-73.2
-34.16,-29.28,4.88,34.16,-19.52,-14.64,-97.6,-107.36,-9.76,-122,-73.2,-87.84
-39.04,-63.44,-24.4,53.68,-9.76,-43.92,-87.84,-97.6,0,-126.88,-78.08,-97.6
-53.68,-73.2,-19.52,63.44,-19.52,-48.8,-78.08,-92.72,-4.88,-122,-78.08,-102.48
-34.16,-78.08,-43.92,58.56,4.88,-63.44,-97.6,-92.72,-14.64,-126.88,-78.08,-92.72
-24.4,-68.32,-43.92,48.8,9.76,-58.56,-92.72,-92.72,-14.64,-131.76,-82.96,-107.36
-19.52,-43.92,-24.4,34.16,0,-34.16,-92.72,-63.44,-19.52,-131.76,-87.84,-112.24
-34.16,-58.56,-24.4,48.8,-4.88,-43.92,-97.6,-58.56,-9.76,-131.76,-73.2,-97.6
-48.8,-78.08,-29.28,63.44,-9.76,-53.68,-92.72,-48.8,0,-136.64,-82.96,-102.48
-29.28,-63.44,-34.16,48.8,0,-48.8,-73.2,-34.16,9.76,-141.52,-92.72,-107.36
-24.4,-48.8,-24.4,39.04,0,-39.04,-63.44,-24.4,24.4,-141.52,-102.48,-117.12
-19.52,-58.56,-39.04,39.04,9.76,-48.8,-68.32,-29.28,24.4,-141.52,-102.48,-122
-19.52,-73.2,-53.68,48.8,14.64,-63.44,-63.44,-39.04,24.4,-146.4,-78.08,-122
-14.64,-63.44,-48.8,39.04,14.64,-58.56,-58.56,-29.28,19.52,-126.88,-87.84,-122
-4.88,-43.92,-39.04,24.4,14.64,-43.92,-73.2,-39.04,24.4,-117.12,-87.84,-112.24
0,-48.8,-48.8,24.4,24.4,-48.8,-78.08,-39.04,9.76,-117.12,-92.72,-112.24
-4.88,-53.68,-48.8,29.28,19.52,-53.68,-73.2,-14.64,14.64,-112.24,-97.6,-107.36
-34.16,-87.84,-53.68,63.44,9.76,-73.2,-73.2,0,24.4,-102.48,-97.6,-107.36
-29.28,-102.48,-73.2,68.32,19.52,-87.84,-63.44,14.64,43.92,-87.84,-87.84,-107.36
-14.64,-92.72,-78.08,53.68,29.28,-87.84,-58.56,19.52,43.92,-97.6,-92.72,-102.48
-29.28,-82.96,-53.68,58.56,9.76,-68.32,-58.56,14.64,48.8,-122,-112.24,-126.88
-19.52,-82.96,-63.44,53.68,19.52,-73.2,-53.68,14.64,48.8,-112.24,-112.24,-131.76
-29.28,-73.2,-43.92,53.68,4.88,-58.56,-43.92,9.76,48.8,-112.24,-122,-131.76
-24.4,-48.8,-24.4,39.04,0,-39.04,-48.8,9.76,39.04,-107.36,-117.12,-146.4
-14.64,-48.8,-34.16,34.16,9.76,-43.92,-58.56,0,29.28,-102.48,-107.36,-126.88
-9.76,-39.04,-29.28,24.4,9.76,-34.16,-53.68,4.88,29.28,-92.72,-92.72,-112.24
9.76,0,-9.76,-4.88,9.76,-4.88,-48.8,24.4,39.04,-78.08,-87.84,-112.24
29.28,-24.4,-53.68,0,39.04,-39.04,-34.16,53.68,63.44,-58.56,-53.68,-78.08
-9.76,-58.56,-48.8,34.16,19.52,-53.68,-19.52,63.44,82.96,-58.56,-63.44,-82.96
-9.76,-87.84,-78.08,48.8,34.16,-82.96,-9.76,73.2,87.84,-53.68,-63.44,-92.72
-34.16,-73.2,-39.04,53.68,0,-58.56,-19.52,68.32,78.08,-73.2,-73.2,-92.72
-48.8,-48.8,0,48.8,-24.4,-24.4,-43.92,34.16,58.56,-92.72,-107.36,-126.88
-34.16,-63.44,-29.28,48.8,-4.88,-48.8,-29.28,48.8,78.08,-73.2,-53.68,-92.72
-4.88,-53.68,-48.8,29.28,19.52,-53.68,-14.64,63.44,92.72,-43.92,-29.28,-82.96
0,-29.28,-29.28,14.64,14.64,-29.28,-19.52,63.44,97.6,-39.04,-39.04,-92.72
-24.4,-48.8,-24.4,39.04,0,-39.04,-9.76,63.44,92.72,-34.16,-39.04,-87.84
-34.16,-58.56,-24.4,48.8,-4.88,-43.92,-9.76,78.08,92.72,-39.04,-53.68,-87.84
-34.16,-14.64,19.52,24.4,-29.28,0,-4.88,97.6,112.24,-19.52,-43.92,-82.96
-4.88,-14.64,-9.76,9.76,0,-14.64,9.76,117.12,141.52,-4.88,-24.4,-58.56
14.64,0,-14.64,-4.88,14.64,-9.76,14.64,122,146.4,-4.88,-39.04,-53.68
29.28,29.28,0,-29.28,14.64,14.64,24.4,122,151.28,-9.76,-48.8,-68.32
0,0,0,0,0,0,19.52,107.36,151.28,-4.88,-48.8,-78.08
-4.88,-14.64,-9.76,9.76,0,-14.64,19.52,102.48,151.28,-9.76,-58.56,-87.84
4.88,-9.76,-14.64,4.88,9.76,-14.64,34.16,112.24,165.92,0,-43.92,-78.08
-9.76,4.88,14.64,4.88,-14.64,9.76,29.28,112.24,165.92,14.64,-24.4,-68.32
0,29.28,29.28,-14.64,-14.64,29.28,19.52,112.24,161.04,24.4,-24.4,-58.56
-9.76,48.8,58.56,-19.52,-34.16,53.68,19.52,122,165.92,19.52,-24.4,-63.44
4.88,29.28,24.4,-14.64,-9.76,24.4,29.28,141.52,185.44,39.04,4.88,-58.56
0,9.76,9.76,-4.88,-4.88,9.76,48.8,165.92,214.72,58.56,4.88,-53.68
-4.88,4.88,9.76,0,-9.76,4.88,53.68,175.68,219.6,53.68,4.88,-48.8
-14.64,29.28,43.92,-4.88,-29.28,34.16,63.44,170.8,229.36,53.68,-4.88,-68.32
9.76,43.92,34.16,-24.4,-14.64,39.04,63.44,170.8,234.24,63.44,9.76,-68.32
-4.88,9.76,14.64,0,-9.76,9.76,68.32,175.68,253.76,78.08,24.4,-53.68
-19.52,0,19.52,9.76,-19.52,9.76,82.96,180.56,253.76,82.96,24.4,-39.04
-24.4,9.76,34.16,9.76,-29.28,19.52,82.96,180.56,244,78.08,19.52,-39.04
-14.64,34.16,48.8,-9.76,-34.16,39.04,73.2,185.44,248.88,92.72,53.68,-9.76
29.28,68.32,39.04,-48.8,-4.88,53.68,82.96,204.96,263.52,97.6,58.56,0
29.28,73.2,43.92,-48.8,-9.76,58.56,92.72,234.24,287.92,117.12,68.32,4.88
24.4,87.84,63.44,-53.68,-19.52,73.2,107.36,244,302.56,117.12,73.2,4.88
24.4,102.48,78.08,-63.44,-29.28,87.84,122,258.64,317.2,131.76,68.32,4.88
39.04,117.12,78.08,-78.08,-19.52,97.6,136.64,278.16,336.72,131.76,82.96,0
43.92,122,78.08,-82.96,-19.52,97.6,151.28,283.04,356.24,151.28,97.6,19.52
34.16,112.24,78.08,-73.2,-24.4,92.72,165.92,283.04,356.24,165.92,92.72,24.4
9.76,92.72,82.96,-48.8,-39.04,87.84,165.92,283.04,351.36,170.8,97.6,9.76
9.76,92.72,82.96,-48.8,-39.04,87.84,180.56,302.56,366,195.2,107.36,14.64
9.76,97.6,87.84,-53.68,-39.04,92.72,190.32,322.08,375.76,200.08,131.76,39.04
14.64,117.12,102.48,-63.44,-43.92,107.36,195.2,331.84,380.64,204.96,131.76,29.28
4.88,126.88,122,-63.44,-58.56,122,200.08,346.48,390.4,214.72,141.52,43.92
0,112.24,112.24,-53.68,-58.56,112.24,224.48,370.88,409.92,234.24,151.28,63.44
34.16,131.76,97.6,-82.96,-34.16,112.24,244,400.16,434.32,244,170.8,82.96
34.16,161.04,126.88,-97.6,-48.8,141.52,248.88,414.8,453.84,248.88,165.92,63.44
19.52,185.44,165.92,-102.48,-73.2,175.68,263.52,414.8,458.72,248.88,161.04,58.56
29.28,190.32,161.04,-107.36,-68.32,175.68,283.04,429.44,468.48,263.52,175.68,78.08
34.16,185.44,151.28,-107.36,-58.56,165.92,312.32,458.72,492.88,297.68,200.08,92.72
24.4,200.08,175.68,-112.24,-78.08,185.44,322.08,468.48,502.64,307.44,209.84,92.72
19.52,204.96,185.44,-112.24,-82.96,195.2,326.96,468.48,497.76,312.32,219.6,112.24
19.52,214.72,195.2,-117.12,-87.84,204.96,331.84,488,502.64,326.96,224.48,107.36
24.4,234.24,209.84,-126.88,-92.72,219.6,361.12,517.28,527.04,341.6,248.88,126.88
39.04,263.52,224.48,-151.28,-92.72,244,375.76,546.56,556.32,366,263.52,146.4
63.44,287.92,224.48,-175.68,-82.96,253.76,400.16,566.08,575.84,375.76,283.04,156.16
48.8,292.8,244,-170.8,-97.6,268.4,424.56,590.48,590.48,380.64,273.28,146.4
43.92,307.44,263.52,-175.68,-112.24,283.04,434.32,590.48,600.24,385.52,287.92,151.28
48.8,278.16,229.36,-161.04,-92.72,253.76,453.84,605.12,605.12,390.4,292.8,161.04
34.16,297.68,263.52,-165.92,-117.12,278.16,492.88,629.52,624.64,424.56,331.84,185.44
24.4,307.44,283.04,-165.92,-131.76,292.8,502.64,639.28,629.52,434.32,326.96,190.32
19.52,331.84,312.32,-175.68,-146.4,322.08,507.52,644.16,629.52,434.32,346.48,190.32
9.76,351.36,341.6,-180.56,-165.92,346.48,517.28,668.56,634.4,453.84,341.6,185.44
48.8,385.52,336.72,-214.72,-146.4,361.12,546.56,697.84,653.92,473.36,366,200.08
53.68,375.76,322.08,-214.72,-136.64,346.48,561.2,717.36,673.44,483.12,400.16,248.88
48.8,361.12,312.32,-204.96,-131.76,336.72,575.84,727.12,678.32,483.12,405.04,248.88
53.68,385.52,331.84,-219.6,-141.52,356.24,595.36,746.64,697.84,488,400.16,244
58.56,395.28,336.72,-224.48,-141.52,366,634.4,766.16,722.24,522.16,424.56,263.52
78.08,405.04,326.96,-239.12,-126.88,366,644.16,780.8,727.12,522.16,414.8,263.52
78.08,414.8,336.72,-244,-131.76,375.76,668.56,790.56,736.88,541.68,414.8,263.52
73.2,424.56,351.36,-248.88,-141.52,385.52,683.2,814.96,751.52,561.2,439.2,278.16
112.24,463.6,351.36,-287.92,-122,405.04,707.6,844.24,771.04,585.6,483.12,331.84
87.84,448.96,361.12,-268.4,-136.64,405.04,707.6,854,761.28,585.6,473.36,326.96
34.16,424.56,390.4,-229.36,-180.56,405.04,702.72,849.12,751.52,570.96,478.24,326.96
34.16,453.84,419.68,-244,-195.2,434.32,712.48,858.88,766.16,580.72,478.24,317.2
53.68,473.36,419.68,-263.52,-185.44,444.08,717.36,858.88,766.16,575.84,483.12,312.32
53.68,439.2,385.52,-244,-165.92,409.92,717.36,849.12,756.4,575.84,478.24,331.84
53.68,434.32,380.64,-244,-165.92,405.04,712.48,839.36,761.28,570.96,483.12,326.96
34.16,409.92,375.76,-219.6,-170.8,390.4,717.36,834.48,756.4,570.96,478.24,322.08
39.04,424.56,385.52,-229.36,-175.68,405.04,717.36,824.72,756.4,570.96,488,322.08
43.92,478.24,434.32,-258.64,-195.2,453.84,722.24,810.08,736.88,585.6,483.12,322.08
78.08,492.88,414.8,-283.04,-170.8,453.84,673.44,775.92,702.72,566.08,463.6,326.96
68.32,483.12,414.8,-273.28,-175.68,448.96,644.16,761.28,688.08,566.08,492.88,336.72
48.8,473.36,424.56,-258.64,-190.32,448.96,619.76,732,668.56,541.68,473.36,312.32
39.04,453.84,414.8,-244,-190.32,434.32,595.36,712.48,644.16,512.4,448.96,302.56
43.92,448.96,405.04,-244,-180.56,424.56,570.96,692.96,639.28,502.64,434.32,297.68
34.16,419.68,385.52,-224.48,-175.68,400.16,561.2,663.68,610,483.12,429.44,292.8
29.28,390.4,361.12,-209.84,-165.92,375.76,527.04,619.76,590.48,453.84,400.16,263.52
29.28,356.24,326.96,-190.32,-151.28,341.6,502.64,590.48,556.32,419.68,361.12,239.12
14.64,326.96,312.32,-170.8,-151.28,317.2,473.36,541.68,517.28,390.4,351.36,219.6
14.64,317.2,302.56,-165.92,-146.4,307.44,448.96,507.52,488,375.76,322.08,204.96
24.4,307.44,283.04,-165.92,-131.76,292.8,400.16,468.48,453.84,351.36,302.56,190.32
-9.76,283.04,292.8,-136.64,-151.28,287.92,361.12,434.32,414.8,317.2,278.16,180.56
-19.52,273.28,292.8,-126.88,-156.16,283.04,336.72,405.04,380.64,287.92,253.76,161.04
4.88,283.04,278.16,-141.52,-136.64,278.16,307.44,370.88,351.36,248.88,229.36,136.64
19.52,253.76,234.24,-136.64,-107.36,244,283.04,346.48,326.96,219.6,204.96,122
9.76,219.6,209.84,-112.24,-102.48,214.72,248.88,297.68,292.8,180.56,156.16,92.72
-19.52,165.92,185.44,-73.2,-102.48,175.68,224.48,263.52,268.4,156.16,151.28,68.32
-34.16,151.28,185.44,-58.56,-112.24,165.92,214.72,244,248.88,146.4,131.76,63.44
-24.4,146.4,170.8,-58.56,-97.6,156.16,200.08,214.72,219.6,122,107.36,39.04
-29.28,112.24,141.52,-39.04,-87.84,126.88,175.68,185.44,190.32,92.72,78.08,19.52
-34.16,102.48,136.64,-34.16,-87.84,117.12,151.28,156.16,151.28,63.44,53.68,14.64
-24.4,87.84,112.24,-29.28,-68.32,97.6,117.12,122,117.12,24.4,43.92,9.76
-19.52,92.72,112.24,-34.16,-68.32,102.48,97.6,102.48,102.48,19.52,19.52,-4.88
-19.52,78.08,97.6,-29.28,-58.56,87.84,82.96,82.96,82.96,-4.88,9.76,-24.4
-43.92,48.8,92.72,0,-68.32,68.32,58.56,58.56,53.68,-34.16,-9.76,-34.16
-53.68,19.52,73.2,19.52,-63.44,43.92,48.8,29.28,34.16,-63.44,-39.04,-63.44
-34.16,-29.28,4.88,34.16,-19.52,-14.64,48.8,14.64,29.28,-63.44,-43.92,-63.44
-14.64,-24.4,-9.76,19.52,-4.88,-19.52,43.92,4.88,24.4,-78.08,-48.8,-68.32
-19.52,-9.76,9.76,14.64,-14.64,0,29.28,-19.52,0,-82.96,-43.92,-82.96
-53.68,-24.4,29.28,39.04,-43.92,0,9.76,-48.8,-29.28,-102.48,-78.08,-102.48
-24.4,-19.52,4.88,24.4,-14.64,-9.76,4.88,-48.8,-34.16,-112.24,-73.2,-92.72
-9.76,-24.4,-14.64,19.52,0,-19.52,4.88,-39.04,-34.16,-97.6,-53.68,-63.44
-14.64,-14.64,0,14.64,-9.76,-9.76,-14.64,-58.56,-53.68,-117.12,-73.2,-78.08
-19.52,-9.76,9.76,14.64,-14.64,0,-24.4,-73.2,-68.32,-151.28,-92.72,-112.24
-29.28,-34.16,-4.88,34.16,-14.64,-19.52,-53.68,-97.6,-92.72,-175.68,-102.48,-102.48
-48.8,-63.44,-14.64,58.56,-19.52,-39.04,-58.56,-107.36,-97.6,-175.68,-107.36,-112.24
-68.32,-87.84,-19.52,78.08,-24.4,-53.68,-73.2,-131.76,-107.36,-180.56,-122,-126.88
-48.8,-82.96,-34.16,68.32,-9.76,-58.56,-63.44,-131.76,-102.48,-170.8,-112.24,-112.24
-34.16,-87.84,-53.68,63.44,9.76,-73.2,-68.32,-136.64,-107.36,-170.8,-112.24,-117.12
-73.2,-131.76,-58.56,102.48,-9.76,-97.6,-78.08,-151.28,-131.76,-180.56,-122,-122
-78.08,-131.76,-53.68,107.36,-14.64,-92.72,-97.6,-161.04,-146.4,-190.32,-131.76,-131.76
-48.8,-102.48,-53.68,78.08,0,-78.08,-92.72,-156.16,-141.52,-190.32,-122,-122
-29.28,-73.2,-43.92,53.68,4.88,-58.56,-92.72,-146.4,-131.76,-180.56,-92.72,-107.36
-24.4,-82.96,-58.56,53.68,14.64,-73.2,-107.36,-161.04,-146.4,-209.84,-112.24,-122
-9.76,-78.08,-68.32,43.92,29.28,-73.2,-117.12,-165.92,-156.16,-209.84,-141.52,-112.24
0,-78.08,-78.08,39.04,39.04,-78.08,-107.36,-165.92,-151.28,-200.08,-126.88,-122
4.88,-82.96,-87.84,39.04,43.92,-87.84,-107.36,-170.8,-141.52,-200.08,-126.88,-131.76
9.76,-78.08,-87.84,34.16,48.8,-82.96,-107.36,-180.56,-141.52,-204.96,-126.88,-117.12
-9.76,-82.96,-73.2,48.8,29.28,-78.08,-117.12,-190.32,-151.28,-204.96,-131.76,-117.12
-34.16,-97.6,-63.44,68.32,14.64,-82.96,-112.24,-190.32,-151.28,-195.2,-136.64,-117.12
-14.64,-87.84,-73.2,53.68,29.28,-82.96,-112.24,-180.56,-151.28,-200.08,-131.76,-122
-19.52,-73.2,-53.68,48.8,14.64,-63.44,-117.12,-180.56,-156.16,-195.2,-126.88,-131.76
-29.28,-102.48,-73.2,68.32,19.52,-87.84,-122,-170.8,-151.28,-185.44,-126.88,-107.36
-39.04,-107.36,-68.32,73.2,14.64,-87.84,-131.76,-185.44,-161.04,-204.96,-136.64,-126.88
-58.56,-112.24,-53.68,87.84,-4.88,-82.96,-141.52,-185.44,-165.92,-224.48,-151.28,-141.52
-39.04,-102.48,-63.44,73.2,9.76,-82.96,-141.52,-190.32,-161.04,-219.6,-146.4,-131.76
-34.16,-97.6,-63.44,68.32,14.64,-82.96,-131.76,-185.44,-146.4,-204.96,-126.88,-117.12
-19.52,-92.72,-73.2,58.56,24.4,-82.96,-126.88,-185.44,-141.52,-200.08,-126.88,-112.24
-14.64,-97.6,-82.96,58.56,34.16,-92.72,-122,-180.56,-136.64,-195.2,-126.88,-112.24
-39.04,-97.6,-58.56,68.32,9.76,-78.08,-122,-180.56,-136.64,-195.2,-136.64,-131.76
-43.92,-107.36,-63.44,78.08,9.76,-87.84,-122,-170.8,-131.76,-190.32,-131.76,-122
-43.92,-131.76,-87.84,87.84,19.52,-112.24,-131.76,-165.92,-136.64,-185.44,-146.4,-122
-19.52,-102.48,-82.96,63.44,29.28,-92.72,-151.28,-185.44,-156.16,-200.08,-141.52,-126.88
-14.64,-92.72,-78.08,53.68,29.28,-87.84,-161.04,-185.44,-151.28,-214.72,-141.52,-122
-24.4,-73.2,-48.8,48.8,9.76,-63.44,-161.04,-185.44,-156.16,-214.72,-146.4,-126.88
-34.16,-97.6,-63.44,68.32,14.64,-82.96,-146.4,-175.68,-146.4,-204.96,-146.4,-131.76
-24.4,-107.36,-82.96,68.32,29.28,-97.6,-141.52,-175.68,-131.76,-204.96,-136.64,-122
-29.28,-117.12,-87.84,73.2,29.28,-102.48,-146.4,-175.68,-131.76,-204.96,-136.64,-126.88
-43.92,-131.76,-87.84,87.84,19.52,-112.24,-146.4,-180.56,-136.64,-195.2,-136.64,-122
-39.04,-117.12,-78.08,78.08,19.52,-97.6,-146.4,-180.56,-126.88,-175.68,-136.64,-122
-48.8,-131.76,-82.96,92.72,14.64,-107.36,-156.16,-180.56,-126.88,-175.68,-126.88,-107.36
-48.8,-131.76,-82.96,92.72,14.64,-107.36,-156.16,-175.68,-146.4,-190.32,-136.64,-117.12
-43.92,-102.48,-58.56,73.2,4.88,-82.96,-165.92,-175.68,-146.4,-200.08,-131.76,-122
-19.52,-87.84,-68.32,53.68,24.4,-78.08,-161.04,-165.92,-136.64,-190.32,-126.88,-107.36
-9.76,-78.08,-68.32,43.92,29.28,-73.2,-156.16,-156.16,-131.76,-185.44,-117.12,-92.72
-14.64,-78.08,-63.44,48.8,24.4,-73.2,-161.04,-165.92,-131.76,-190.32,-126.88,-107.36
-4.88,-82.96,-78.08,43.92,34.16,-82.96,-146.4,-161.04,-112.24,-170.8,-117.12,-92.72
-24.4,-107.36,-82.96,68.32,29.28,-97.6,-151.28,-175.68,-122,-180.56,-131.76,-107.36
-29.28,-126.88,-97.6,78.08,34.16,-112.24,-161.04,-180.56,-131.76,-185.44,-122,-112.24
-19.52,-107.36,-87.84,63.44,34.16,-97.6,-165.92,-185.44,-136.64,-195.2,-112.24,-102.48
-14.64,-97.6,-82.96,58.56,34.16,-92.72,-156.16,-175.68,-126.88,-175.68,-107.36,-97.6
-19.52,-102.48,-82.96,63.44,29.28,-92.72,-161.04,-175.68,-136.64,-175.68,-112.24,-102.48
-29.28,-107.36,-78.08,68.32,24.4,-92.72,-170.8,-175.68,-141.52,-180.56,-117.12,-107.36
-39.04,-107.36,-68.32,73.2,14.64,-87.84,-175.68,-185.44,-146.4,-190.32,-136.64,-126.88
-48.8,-112.24,-63.44,82.96,4.88,-87.84,-165.92,-175.68,-146.4,-195.2,-136.64,-131.76
-48.8,-126.88,-78.08,87.84,14.64,-102.48,-170.8,-170.8,-141.52,-195.2,-131.76,-117.12
-24.4,-122,-97.6,73.2,34.16,-112.24,-165.92,-170.8,-126.88,-185.44,-117.12,-92.72
-4.88,-107.36,-102.48,58.56,48.8,-107.36,-146.4,-165.92,-122,-180.56,-117.12,-92.72
4.88,-87.84,-92.72,43.92,48.8,-92.72,-146.4,-156.16,-117.12,-175.68,-126.88,-97.6
29.28,-53.68,-82.96,14.64,53.68,-68.32,-141.52,-156.16,-117.12,-165.92,-117.12,-92.72
4.88,-58.56,-63.44,29.28,34.16,-63.44,-156.16,-170.8,-131.76,-180.56,-126.88,-97.6
-34.16,-63.44,-29.28,48.8,-4.88,-48.8,-156.16,-175.68,-136.64,-185.44,-126.88,-107.36
0,-29.28,-29.28,14.64,14.64,-29.28,-165.92,-170.8,-146.4,-195.2,-117.12,-102.48
-14.64,-53.68,-39.04,34.16,9.76,-48.8,-161.04,-161.04,-141.52,-190.32,-122,-97.6
-14.64,-58.56,-43.92,39.04,14.64,-53.68,-161.04,-161.04,-141.52,-190.32,-117.12,-92.72
-4.88,-63.44,-58.56,34.16,24.4,-63.44,-161.04,-165.92,-136.64,-200.08,-126.88,-102.48
-19.52,-73.2,-53.68,48.8,14.64,-63.44,-170.8,-180.56,-141.52,-204.96,-136.64,-112.24
-19.52,-58.56,-39.04,39.04,9.76,-48.8,-170.8,-180.56,-146.4,-204.96,-146.4,-126.88
-24.4,-58.56,-34.16,43.92,4.88,-48.8,-170.8,-185.44,-161.04,-204.96,-146.4,-122
-29.28,-68.32,-39.04,48.8,4.88,-53.68,-165.92,-195.2,-161.04,-204.96,-141.52,-107.36
-9.76,-58.56,-48.8,34.16,19.52,-53.68,-165.92,-190.32,-165.92,-200.08,-131.76,-107.36
-4.88,-43.92,-39.04,24.4,14.64,-43.92,-165.92,-190.32,-170.8,-204.96,-141.52,-117.12
0,-29.28,-29.28,14.64,14.64,-29.28,-170.8,-180.56,-175.68,-204.96,-141.52,-102.48
-14.64,-58.56,-43.92,39.04,14.64,-53.68,-165.92,-180.56,-170.8,-204.96,-141.52,-117.12
-34.16,-82.96,-48.8,58.56,4.88,-68.32,-161.04,-170.8,-161.04,-204.96,-131.76,-107.36
-24.4,-107.36,-82.96,68.32,29.28,-97.6,-141.52,-165.92,-151.28,-204.96,-122,-97.6
-4.88,-68.32,-63.44,39.04,29.28,-68.32,-151.28,-175.68,-161.04,-209.84,-131.76,-107.36
4.88,-43.92,-48.8,19.52,24.4,-48.8,-165.92,-195.2,-170.8,-224.48,-146.4,-126.88
4.88,-48.8,-53.68,24.4,29.28,-53.68,-151.28,-180.56,-175.68,-209.84,-122,-102.48
-19.52,-78.08,-58.56,48.8,19.52,-68.32,-151.28,-195.2,-185.44,-214.72,-141.52,-112.24
-29.28,-82.96,-53.68,58.56,9.76,-68.32,-170.8,-200.08,-195.2,-234.24,-141.52,-126.88
-29.28,-53.68,-24.4,43.92,-4.88,-39.04,-195.2,-209.84,-209.84,-239.12,-161.04,-126.88
-29.28,-29.28,0,29.28,-14.64,-14.64,-195.2,-209.84,-214.72,-239.12,-151.28,-126.88
-29.28,-34.16,-4.88,34.16,-14.64,-19.52,-180.56,-204.96,-200.08,-229.36,-151.28,-131.76
-24.4,-24.4,0,24.4,-14.64,-14.64,-180.56,-204.96,-195.2,-234.24,-146.4,-126.88
-14.64,-19.52,-4.88,19.52,-4.88,-14.64,-170.8,-200.08,-204.96,-239.12,-156.16,-131.76
-24.4,-34.16,-9.76,29.28,-9.76,-24.4,-170.8,-200.08,-200.08,-239.12,-161.04,-146.4
-14.64,-19.52,-4.88,19.52,-4.88,-14.64,-180.56,-224.48,-209.84,-253.76,-165.92,-136.64
-4.88,-19.52,-14.64,14.64,4.88,-19.52,-180.56,-224.48,-214.72,-244,-170.8,-126.88
-14.64,-24.4,-9.76,19.52,-4.88,-19.52,-180.56,-219.6,-209.84,-239.12,-180.56,-151.28
-29.28,-34.16,-4.88,34.16,-14.64,-19.52,-185.44,-224.48,-209.84,-239.12,-170.8,-151.28
-24.4,-29.28,-4.88,29.28,-9.76,-19.52,-175.68,-214.72,-214.72,-248.88,-170.8,-146.4
-24.4,-43.92,-19.52,34.16,-4.88,-34.16,-180.56,-209.84,-219.6,-248.88,-170.8,-136.64
-24.4,-53.68,-29.28,39.04,0,-43.92,-175.68,-204.96,-204.96,-234.24,-165.92,-146.4
-19.52,-58.56,-39.04,39.04,9.76,-48.8,-175.68,-214.72,-214.72,-253.76,-165.92,-146.4
-29.28,-68.32,-39.04,48.8,4.88,-53.68,-175.68,-209.84,-214.72,-244,-170.8,-146.4
-14.64,-68.32,-53.68,43.92,19.52,-63.44,-180.56,-214.72,-214.72,-248.88,-170.8,-146.4
-24.4,-58.56,-34.16,43.92,4.88,-48.8,-180.56,-224.48,-219.6,-258.64,-180.56,-146.4
-9.76,-58.56,-48.8,34.16,19.52,-53.68,-175.68,-219.6,-219.6,-244,-161.04,-122
-29.28,-82.96,-53.68,58.56,9.76,-68.32,-170.8,-224.48,-214.72,-239.12,-161.04,-131.76
-43.92,-73.2,-29.28,58.56,-9.76,-53.68,-175.68,-229.36,-224.48,-248.88,-175.68,-136.64
-24.4,-48.8,-24.4,39.04,0,-39.04,-175.68,-219.6,-224.48,-258.64,-175.68,-136.64
-24.4,-48.8,-24.4,39.04,0,-39.04,-180.56,-214.72,-224.48,-244,-156.16,-131.76
-39.04,-58.56,-19.52,48.8,-9.76,-39.04,-180.56,-214.72,-214.72,-239.12,-161.04,-131.76
-14.64,-63.44,-48.8,39.04,14.64,-58.56,-170.8,-204.96,-214.72,-244,-156.16,-122
0,-58.56,-58.56,29.28,29.28,-58.56,-165.92,-200.08,-209.84,-239.12,-156.16,-117.12
9.76,-48.8,-58.56,19.52,34.16,-53.68,-165.92,-204.96,-209.84,-239.12,-156.16,-112.24
-9.76,-58.56,-48.8,34.16,19.52,-53.68,-165.92,-209.84,-209.84,-244,-161.04,-122
-19.52,-78.08,-58.56,48.8,19.52,-68.32,-161.04,-209.84,-224.48,-239.12,-165.92,-126.88
-34.16,-107.36,-73.2,73.2,19.52,-92.72,-165.92,-214.72,-229.36,-239.12,-180.56,-136.64
-24.4,-82.96,-58.56,53.68,14.64,-73.2,-175.68,-219.6,-229.36,-234.24,-170.8,-141.52
-9.76,-73.2,-63.44,43.92,24.4,-68.32,-165.92,-209.84,-224.48,-234.24,-161.04,-117.12
-4.88,-73.2,-68.32,39.04,29.28,-73.2,-170.8,-209.84,-224.48,-229.36,-161.04,-112.24
-29.28,-112.24,-82.96,73.2,24.4,-97.6,-161.04,-200.08,-204.96,-224.48,-156.16,-112.24
-43.92,-156.16,-112.24,102.48,34.16,-136.64,-141.52,-185.44,-200.08,-214.72,-136.64,-102.48
-29.28,-107.36,-78.08,68.32,24.4,-92.72,-151.28,-195.2,-209.84,-219.6,-156.16,-107.36
-29.28,-112.24,-82.96,73.2,24.4,-97.6,-165.92,-214.72,-219.6,-229.36,-161.04,-112.24
-29.28,-126.88,-97.6,78.08,34.16,-112.24,-161.04,-209.84,-214.72,-234.24,-161.04,-112.24
-19.52,-117.12,-97.6,68.32,39.04,-107.36,-151.28,-200.08,-214.72,-229.36,-156.16,-107.36
-48.8,-131.76,-82.96,92.72,14.64,-107.36,-146.4,-195.2,-200.08,-214.72,-141.52,-107.36
-14.64,-102.48,-87.84,58.56,34.16,-97.6,-156.16,-200.08,-209.84,-224.48,-141.52,-97.6
-14.64,-112.24,-97.6,63.44,39.04,-107.36,-146.4,-190.32,-209.84,-224.48,-136.64,-87.84
-24.4,-112.24,-87.84,68.32,29.28,-102.48,-161.04,-195.2,-224.48,-234.24,-146.4,-97.6
-9.76,-107.36,-97.6,58.56,43.92,-102.48,-161.04,-200.08,-209.84,-219.6,-156.16,-112.24
-34.16,-131.76,-97.6,82.96,29.28,-117.12,-151.28,-190.32,-204.96,-214.72,-161.04,-112.24
-29.28,-141.52,-112.24,87.84,39.04,-126.88,-146.4,-190.32,-204.96,-219.6,-156.16,-112.24
-9.76,-126.88,-117.12,68.32,53.68,-122,-156.16,-200.08,-204.96,-224.48,-156.16,-107.36
-39.04,-151.28,-112.24,97.6,34.16,-131.76,-146.4,-200.08,-200.08,-224.48,-161.04,-117.12
-29.28,-146.4,-117.12,87.84,43.92,-131.76,-146.4,-200.08,-209.84,-229.36,-151.28,-112.24
-34.16,-141.52,-107.36,87.84,34.16,-126.88,-141.52,-195.2,-195.2,-204.96,-131.76,-82.96
-48.8,-141.52,-92.72,97.6,19.52,-117.12,-151.28,-200.08,-204.96,-209.84,-146.4,-97.6
-53.68,-141.52,-87.84,97.6,14.64,-117.12,-141.52,-195.2,-200.08,-214.72,-146.4,-97.6
-14.64,-117.12,-102.48,68.32,43.92,-112.24,-146.4,-195.2,-214.72,-214.72,-151.28,-92.72
-34.16,-117.12,-82.96,78.08,24.4,-102.48,-151.28,-190.32,-214.72,-214.72,-146.4,-92.72
-14.64,-122,-107.36,68.32,43.92,-117.12,-151.28,-185.44,-209.84,-224.48,-131.76,-87.84
0,-117.12,-117.12,58.56,58.56,-117.12,-146.4,-185.44,-214.72,-229.36,-156.16,-97.6
14.64,-92.72,-107.36,39.04,58.56,-102.48,-151.28,-195.2,-204.96,-214.72,-156.16,-92.72
-9.76,-112.24,-102.48,63.44,43.92,-107.36,-151.28,-204.96,-214.72,-219.6,-180.56,-126.88
-29.28,-146.4,-117.12,87.84,43.92,-131.76,-136.64,-195.2,-209.84,-214.72,-165.92,-112.24
-9.76,-126.88,-117.12,68.32,53.68,-122,-146.4,-200.08,-209.84,-204.96,-136.64,-87.84
4.88,-136.64,-141.52,68.32,73.2,-141.52,-141.52,-200.08,-214.72,-214.72,-146.4,-78.08
-14.64,-136.64,-122,78.08,53.68,-131.76,-141.52,-190.32,-209.84,-214.72,-146.4,-82.96
-34.16,-151.28,-117.12,92.72,39.04,-136.64,-146.4,-190.32,-219.6,-219.6,-151.28,-87.84
-58.56,-180.56,-122,122,29.28,-151.28,-151.28,-185.44,-219.6,-209.84,-146.4,-97.6
-53.68,-175.68,-122,117.12,34.16,-151.28,-141.52,-185.44,-219.6,-209.84,-156.16,-87.84
-48.8,-175.68,-126.88,112.24,39.04,-151.28,-146.4,-190.32,-214.72,-214.72,-156.16,-92.72
-53.68,-180.56,-126.88,117.12,34.16,-156.16,-146.4,-190.32,-209.84,-219.6,-151.28,-102.48
-58.56,-170.8,-112.24,117.12,24.4,-141.52,-131.76,-185.44,-204.96,-204.96,-156.16,-102.48
-58.56,-175.68,-117.12,117.12,29.28,-146.4,-136.64,-185.44,-209.84,-219.6,-165.92,-97.6
-63.44,-185.44,-122,126.88,29.28,-156.16,-146.4,-200.08,-224.48,-224.48,-161.04,-87.84
-34.16,-151.28,-117.12,92.72,39.04,-136.64,-136.64,-185.44,-204.96,-190.32,-151.28,-97.6
-14.64,-131.76,-117.12,73.2,48.8,-126.88,-122,-170.8,-200.08,-195.2,-141.52,-82.96
-14.64,-136.64,-122,78.08,53.68,-131.76,-136.64,-180.56,-209.84,-204.96,-151.28,-97.6
-14.64,-146.4,-131.76,82.96,58.56,-141.52,-141.52,-190.32,-209.84,-204.96,-151.28,-97.6
-4.88,-136.64,-131.76,73.2,63.44,-136.64,-136.64,-175.68,-200.08,-200.08,-136.64,-82.96
-9.76,-122,-112.24,68.32,48.8,-117.12,-136.64,-185.44,-214.72,-209.84,-156.16,-92.72
-9.76,-78.08,-68.32,43.92,29.28,-73.2,-146.4,-204.96,-224.48,-224.48,-161.04,-102.48
-19.52,-78.08,-58.56,48.8,19.52,-68.32,-156.16,-214.72,-229.36,-229.36,-170.8,-107.36
-29.28,-78.08,-48.8,53.68,9.76,-63.44,-161.04,-214.72,-234.24,-229.36,-180.56,-112.24
4.88,-58.56,-63.44,29.28,34.16,-63.44,-161.04,-214.72,-234.24,-229.36,-180.56,-122
-4.88,-63.44,-58.56,34.16,24.4,-63.44,-165.92,-200.08,-229.36,-219.6,-161.04,-97.6
-24.4,-68.32,-43.92,48.8,9.76,-58.56,-161.04,-195.2,-234.24,-219.6,-161.04,-97.6
-19.52,-73.2,-53.68,48.8,14.64,-63.44,-156.16,-204.96,-244,-229.36,-161.04,-112.24
-24.4,-92.72,-68.32,58.56,19.52,-82.96,-170.8,-224.48,-248.88,-239.12,-175.68,-126.88
-58.56,-122,-63.44,92.72,0,-92.72,-170.8,-229.36,-248.88,-234.24,-195.2,-126.88
-29.28,-102.48,-73.2,68.32,19.52,-87.84,-161.04,-214.72,-239.12,-234.24,-204.96,-126.88
-14.64,-92.72,-78.08,53.68,29.28,-87.84,-161.04,-200.08,-239.12,-229.36,-190.32,-112.24
-29.28,-126.88,-97.6,78.08,34.16,-112.24,-161.04,-200.08,-234.24,-229.36,-190.32,-117.12
-4.88,-97.6,-92.72,53.68,43.92,-97.6,-156.16,-200.08,-234.24,-219.6,-175.68,-107.36
-24.4,-112.24,-87.84,68.32,29.28,-102.48,-156.16,-209.84,-234.24,-219.6,-185.44,-112.24
-43.92,-117.12,-73.2,82.96,14.64,-97.6,-165.92,-214.72,-239.12,-219.6,-190.32,-112.24
-48.8,-141.52,-92.72,97.6,19.52,-117.12,-165.92,-209.84,-248.88,-229.36,-185.44,-102.48
-68.32,-156.16,-87.84,112.24,9.76,-122,-170.8,-209.84,-253.76,-234.24,-190.32,-112.24
-63.44,-126.88,-63.44,97.6,0,-97.6,-170.8,-219.6,-248.88,-234.24,-200.08,-122
-43.92,-107.36,-63.44,78.08,9.76,-87.84,-156.16,-204.96,-234.24,-229.36,-190.32,-112.24
-19.52,-97.6,-78.08,58.56,29.28,-87.84,-146.4,-200.08,-229.36,-219.6,-175.68,-107.36
-9.76,-102.48,-92.72,58.56,39.04,-97.6,-156.16,-204.96,-234.24,-219.6,-180.56,-102.48
-14.64,-122,-107.36,68.32,43.92,-117.12,-146.4,-195.2,-224.48,-214.72,-180.56,-92.72
-9.76,-122,-112.24,68.32,48.8,-117.12,-151.28,-200.08,-234.24,-219.6,-180.56,-97.6
-48.8,-146.4,-97.6,97.6,24.4,-122,-146.4,-190.32,-229.36,-204.96,-185.44,-107.36
-53.68,-151.28,-97.6,102.48,19.52,-126.88,-146.4,-200.08,-229.36,-209.84,-170.8,-107.36
-39.04,-131.76,-92.72,87.84,24.4,-112.24,-146.4,-195.2,-234.24,-204.96,-170.8,-107.36
-29.28,-131.76,-102.48,82.96,34.16,-117.12,-156.16,-195.2,-239.12,-214.72,-170.8,-82.96
-29.28,-131.76,-102.48,82.96,34.16,-117.12,-151.28,-190.32,-229.36,-204.96,-170.8,-87.84
4.88,-82.96,-87.84,39.04,43.92,-87.84,-131.76,-170.8,-204.96,-190.32,-156.16,-78.08
-4.88,-102.48,-97.6,53.68,43.92,-102.48,-136.64,-170.8,-204.96,-185.44,-161.04,-78.08
-19.52,-126.88,-107.36,73.2,43.92,-117.12,-146.4,-190.32,-219.6,-200.08,-165.92,-92.72
-29.28,-146.4,-117.12,87.84,43.92,-131.76,-146.4,-195.2,-229.36,-200.08,-170.8,-92.72
-39.04,-161.04,-122,102.48,39.04,-141.52,-141.52,-195.2,-229.36,-200.08,-161.04,-97.6
-43.92,-175.68,-131.76,112.24,43.92,-156.16,-141.52,-190.32,-224.48,-200.08,-156.16,-92.72
-58.56,-161.04,-102.48,112.24,19.52,-131.76,-146.4,-195.2,-234.24,-200.08,-165.92,-97.6
-63.44,-165.92,-102.48,117.12,19.52,-136.64,-141.52,-185.44,-229.36,-195.2,-156.16,-97.6
-34.16,-141.52,-107.36,87.84,34.16,-126.88,-136.64,-175.68,-219.6,-200.08,-151.28,-87.84
-19.52,-126.88,-107.36,73.2,43.92,-117.12,-141.52,-175.68,-219.6,-190.32,-151.28,-92.72
-4.88,-112.24,-107.36,58.56,48.8,-112.24,-126.88,-165.92,-209.84,-180.56,-151.28,-78.08
-4.88,-112.24,-107.36,58.56,48.8,-112.24,-131.76,-165.92,-209.84,-185.44,-151.28,-73.2
-24.4,-136.64,-112.24,82.96,43.92,-126.88,-122,-156.16,-200.08,-175.68,-146.4,-63.44
-19.52,-131.76,-112.24,78.08,43.92,-122,-122,-165.92,-200.08,-165.92,-170.8,-63.44
-19.52,-141.52,-122,82.96,48.8,-131.76,-122,-161.04,-200.08,-165.92,-165.92,-63.44
-4.88,-117.12,-112.24,63.44,53.68,-117.12,-122,-165.92,-200.08,-170.8,-156.16,-63.44
0,-102.48,-102.48,53.68,48.8,-102.48,-102.48,-151.28,-195.2,-156.16,-136.64,-39.04
-4.88,-107.36,-102.48,58.56,48.8,-107.36,-107.36,-156.16,-200.08,-156.16,-146.4,-48.8
0,-92.72,-92.72,48.8,43.92,-92.72,-97.6,-151.28,-190.32,-156.16,-141.52,-53.68
24.4,-78.08,-102.48,29.28,63.44,-92.72,-92.72,-141.52,-175.68,-146.4,-136.64,-39.04
-4.88,-78.08,-73.2,43.92,34.16,-78.08,-87.84,-141.52,-185.44,-151.28,-146.4,-43.92
-19.52,-82.96,-63.44,53.68,19.52,-73.2,-87.84,-141.52,-185.44,-156.16,-146.4,-53.68
-19.52,-92.72,-73.2,58.56,24.4,-82.96,-87.84,-151.28,-185.44,-161.04,-146.4,-58.56
0,-82.96,-82.96,43.92,39.04,-82.96,-87.84,-146.4,-185.44,-151.28,-136.64,-53.68
0,-82.96,-82.96,43.92,39.04,-82.96,-82.96,-136.64,-170.8,-136.64,-126.88,-39.04
-9.76,-87.84,-78.08,48.8,34.16,-82.96,-78.08,-136.64,-161.04,-126.88,-126.88,-39.04
4.88,-82.96,-87.84,39.04,43.92,-87.84,-78.08,-126.88,-151.28,-112.24,-107.36,-14.64
34.16,-39.04,-73.2,4.88,53.68,-58.56,-102.48,-131.76,-161.04,-107.36,-102.48,-9.76
58.56,-19.52,-78.08,-19.52,68.32,-48.8,-131.76,-141.52,-165.92,-112.24,-107.36,-9.76
43.92,-43.92,-87.84,0,63.44,-68.32,-136.64,-141.52,-175.68,-122,-112.24,-14.64
0,-73.2,-73.2,39.04,34.16,-73.2,-141.52,-146.4,-185.44,-136.64,-117.12,-24.4
-14.64,-97.6,-82.96,58.56,34.16,-92.72,-141.52,-151.28,-185.44,-146.4,-126.88,-43.92
0,-97.6,-97.6,48.8,48.8,-97.6,-136.64,-151.28,-185.44,-141.52,-126.88,-48.8
4.88,-102.48,-107.36,48.8,53.68,-107.36,-136.64,-161.04,-190.32,-141.52,-122,-43.92
24.4,-92.72,-117.12,34.16,68.32,-107.36,-126.88,-151.28,-180.56,-126.88,-107.36,-29.28
34.16,-87.84,-122,29.28,78.08,-107.36,-126.88,-151.28,-180.56,-131.76,-102.48,-24.4
29.28,-82.96,-112.24,29.28,68.32,-97.6,-131.76,-161.04,-195.2,-136.64,-126.88,-19.52
4.88,-97.6,-102.48,48.8,53.68,-102.48,-136.64,-161.04,-200.08,-146.4,-151.28,-19.52
14.64,-92.72,-107.36,39.04,58.56,-102.48,-131.76,-161.04,-200.08,-141.52,-146.4,-19.52
14.64,-97.6,-112.24,43.92,63.44,-107.36,-141.52,-165.92,-209.84,-156.16,-136.64,-14.64
9.76,-107.36,-117.12,48.8,63.44,-112.24,-151.28,-170.8,-214.72,-165.92,-151.28,-29.28
4.88,-122,-126.88,58.56,63.44,-126.88,-165.92,-180.56,-224.48,-175.68,-156.16,-48.8
0,-131.76,-131.76,68.32,63.44,-131.76,-161.04,-185.44,-229.36,-170.8,-156.16,-48.8
-19.52,-156.16,-136.64,87.84,58.56,-146.4,-151.28,-180.56,-224.48,-170.8,-156.16,-48.8
-34.16,-165.92,-131.76,102.48,48.8,-151.28,-156.16,-190.32,-239.12,-170.8,-165.92,-58.56
-24.4,-165.92,-141.52,97.6,58.56,-156.16,-165.92,-204.96,-244,-180.56,-175.68,-73.2
-34.16,-165.92,-131.76,102.48,48.8,-151.28,-170.8,-209.84,-253.76,-190.32,-180.56,-78.08
-34.16,-175.68,-141.52,107.36,53.68,-161.04,-161.04,-209.84,-263.52,-185.44,-180.56,-73.2
-34.16,-180.56,-146.4,107.36,53.68,-165.92,-170.8,-214.72,-268.4,-200.08,-190.32,-82.96
-43.92,-190.32,-146.4,117.12,48.8,-170.8,-165.92,-204.96,-258.64,-200.08,-185.44,-82.96
-29.28,-175.68,-146.4,102.48,58.56,-161.04,-156.16,-190.32,-248.88,-185.44,-180.56,-78.08
-29.28,-180.56,-151.28,107.36,58.56,-165.92,-161.04,-195.2,-253.76,-190.32,-185.44,-78.08
-29.28,-185.44,-156.16,107.36,63.44,-170.8,-170.8,-200.08,-263.52,-195.2,-190.32,-87.84
-24.4,-161.04,-136.64,92.72,53.68,-151.28,-170.8,-200.08,-268.4,-195.2,-195.2,-92.72
-14.64,-146.4,-131.76,82.96,58.56,-141.52,-161.04,-204.96,-258.64,-185.44,-190.32,-87.84
-14.64,-165.92,-151.28,92.72,68.32,-161.04,-161.04,-209.84,-263.52,-195.2,-190.32,-92.72
-29.28,-190.32,-161.04,112.24,63.44,-175.68,-170.8,-209.84,-278.16,-195.2,-185.44,-97.6
-29.28,-200.08,-170.8,117.12,68.32,-185.44,-170.8,-204.96,-283.04,-195.2,-190.32,-102.48
-29.28,-180.56,-151.28,107.36,58.56,-165.92,-175.68,-209.84,-278.16,-200.08,-195.2,-102.48
-34.16,-190.32,-156.16,112.24,58.56,-175.68,-170.8,-200.08,-273.28,-185.44,-185.44,-82.96
0,-165.92,-165.92,82.96,82.96,-165.92,-156.16,-195.2,-263.52,-180.56,-175.68,-73.2
4.88,-161.04,-165.92,78.08,82.96,-165.92,-170.8,-204.96,-268.4,-195.2,-185.44,-82.96
-14.64,-195.2,-180.56,107.36,82.96,-190.32,-175.68,-214.72,-273.28,-190.32,-185.44,-92.72
-34.16,-209.84,-175.68,122,68.32,-195.2,-175.68,-209.84,-273.28,-185.44,-180.56,-97.6
-24.4,-175.68,-151.28,102.48,63.44,-165.92,-170.8,-200.08,-268.4,-185.44,-175.68,-97.6
-39.04,-190.32,-151.28,117.12,53.68,-170.8,-175.68,-209.84,-273.28,-185.44,-175.68,-107.36
-39.04,-190.32,-151.28,117.12,53.68,-170.8,-170.8,-209.84,-278.16,-185.44,-180.56,-102.48
-43.92,-200.08,-156.16,122,53.68,-180.56,-170.8,-209.84,-278.16,-185.44,-200.08,-102.48
-48.8,-209.84,-161.04,131.76,53.68,-185.44,-161.04,-204.96,-268.4,-180.56,-204.96,-92.72
-19.52,-195.2,-175.68,107.36,78.08,-185.44,-151.28,-185.44,-258.64,-170.8,-204.96,-78.08
-29.28,-209.84,-180.56,122,73.2,-195.2,-141.52,-175.68,-263.52,-180.56,-219.6,-82.96
-48.8,-214.72,-165.92,131.76,58.56,-190.32,-141.52,-175.68,-253.76,-185.44,-224.48,-92.72
-39.04,-175.68,-136.64,107.36,48.8,-156.16,-126.88,-165.92,-244,-185.44,-214.72,-87.84
-39.04,-204.96,-165.92,122,63.44,-185.44,-102.48,-151.28,-239.12,-175.68,-214.72,-87.84
-58.56,-234.24,-175.68,146.4,58.56,-204.96,-73.2,-131.76,-224.48,-170.8,-219.6,-92.72
-73.2,-239.12,-165.92,156.16,43.92,-204.96,-34.16,-102.48,-219.6,-175.68,-224.48,-97.6
-78.08,-248.88,-170.8,165.92,43.92,-209.84,19.52,-53.68,-200.08,-175.68,-234.24,-112.24
-73.2,-268.4,-195.2,170.8,58.56,-234.24,68.32,19.52,-170.8,-180.56,-258.64,-136.64
-82.96,-278.16,-195.2,180.56,53.68,-239.12,122,117.12,-117.12,-180.56,-283.04,-170.8
-48.8,-278.16,-229.36,165.92,87.84,-253.76,185.44,263.52,-29.28,-156.16,-297.68,-195.2
-19.52,-292.8,-273.28,156.16,126.88,-283.04,263.52,434.32,82.96,-122,-317.2,-219.6
-9.76,-307.44,-297.68,161.04,141.52,-302.56,346.48,644.16,224.48,-78.08,-341.6,-248.88
4.88,-292.8,-297.68,146.4,151.28,-297.68,439.2,883.28,400.16,-4.88,-346.48,-268.4
48.8,-248.88,-297.68,102.48,170.8,-273.28,619.76,1180.96,624.64,112.24,-322.08,-263.52
82.96,-214.72,-297.68,68.32,190.32,-258.64,780.8,1434.72,839.36,244,-273.28,-239.12
126.88,-146.4,-273.28,9.76,200.08,-209.84,912.56,1586,1005.28,380.64,-185.44,-175.68
185.44,-68.32,-253.76,-58.56,219.6,-161.04,971.12,1551.84,1083.36,527.04,-34.16,-48.8
268.4,87.84,-180.56,-175.68,224.48,-48.8,956.48,1385.92,1127.28,746.64,195.2,131.76
341.6,297.68,-43.92,-317.2,190.32,126.88,922.32,1107.76,1098,976,448.96,331.84
400.16,483.12,82.96,-439.2,156.16,283.04,839.36,761.28,1005.28,1200.48,766.16,595.36
473.36,717.36,244,-595.36,112.24,478.24,741.76,370.88,839.36,1410.32,1117.52,893.04
507.52,990.64,483.12,-746.64,9.76,736.88,673.44,-107.36,644.16,1625.04,1488.4,1195.6
468.48,1302.96,834.48,-883.28,-185.44,1068.72,585.6,-649.04,414.8,1825.12,1810.48,1459.12
370.88,1644.56,1273.68,-1005.28,-453.84,1459.12,531.92,-1215.12,161.04,1995.92,2083.76,1688.48
248.88,1873.92,1625.04,-1058.96,-688.08,1747.04,531.92,-1659.2,-43.92,2152.08,2313.12,1878.8
146.4,1971.52,1825.12,-1058.96,-839.36,1898.32,483.12,-1995.92,-204.96,2254.56,2474.16,2015.44
87.84,1888.56,1800.72,-985.76,-858.88,1844.64,463.6,-2132.56,-297.68,2239.92,2454.64,1986.16
39.04,1639.68,1600.64,-839.36,-780.8,1620.16,336.72,-2152.08,-444.08,1966.64,2186.24,1795.84
-73.2,1322.48,1395.68,-624.64,-736.88,1356.64,43.92,-2181.36,-673.44,1512.8,1756.8,1512.8
-234.24,1000.4,1234.64,-380.64,-736.88,1117.52,-278.16,-2210.64,-995.52,839.36,1141.92,1146.8
-351.36,697.84,1049.2,-170.8,-702.72,873.52,-610,-2239.92,-1376.16,-4.88,419.68,727.12
-390.4,405.04,795.44,-4.88,-595.36,600.24,-785.68,-2122.8,-1493.28,-483.12,-48.8,395.28
-400.16,209.84,610,97.6,-507.52,409.92,-829.6,-1878.8,-1356.64,-517.28,-214.72,190.32
-380.64,107.36,488,136.64,-434.32,297.68,-966.24,-1717.76,-1185.84,-439.2,-229.36,97.6
-361.12,0,361.12,180.56,-361.12,180.56,-1015.04,-1556.72,-1093.12,-463.6,-268.4,34.16
-312.32,-117.12,195.2,214.72,-253.76,39.04,-897.92,-1312.72,-990.64,-527.04,-297.68,-9.76
-239.12,-122,117.12,180.56,-180.56,-4.88,-839.36,-1088.24,-868.64,-507.52,-287.92,-24.4
-204.96,-122,82.96,165.92,-146.4,-19.52,-766.16,-897.92,-712.48,-414.8,-244,-29.28
-190.32,-122,68.32,156.16,-131.76,-29.28,-639.28,-707.6,-556.32,-297.68,-200.08,-14.64
-141.52,-87.84,53.68,117.12,-97.6,-19.52,-522.16,-551.44,-434.32,-209.84,-165.92,9.76
-97.6,-73.2,24.4,87.84,-63.44,-24.4,-414.8,-424.56,-336.72,-151.28,-126.88,24.4
-78.08,-87.84,-9.76,82.96,-34.16,-48.8,-302.56,-307.44,-239.12,-92.72,-82.96,39.04
-73.2,-122,-48.8,97.6,-14.64,-87.84,-209.84,-195.2,-136.64,-43.92,-63.44,43.92
-48.8,-141.52,-92.72,97.6,19.52,-117.12,-107.36,-97.6,-53.68,0,-53.68,48.8
-29.28,-151.28,-122,92.72,43.92,-136.64,-78.08,-68.32,-34.16,9.76,-78.08,43.92
-34.16,-170.8,-136.64,102.48,48.8,-156.16,-78.08,-68.32,-43.92,-4.88,-97.6,39.04
-34.16,-175.68,-141.52,107.36,53.68,-161.04,-82.96,-58.56,-53.68,-24.4,-87.84,34.16
-4.88,-156.16,-151.28,82.96,73.2,-156.16,-68.32,-43.92,-53.68,-14.64,-78.08,34.16
-9.76,-151.28,-141.52,82.96,63.44,-146.4,-78.08,-29.28,-43.92,-9.76,-68.32,29.28
-24.4,-165.92,-141.52,97.6,58.56,-156.16,-73.2,-9.76,-43.92,-14.64,-68.32,24.4
-34.16,-170.8,-136.64,102.48,48.8,-156.16,-68.32,4.88,-29.28,-14.64,-68.32,29.28
-29.28,-175.68,-146.4,102.48,58.56,-161.04,-58.56,14.64,-24.4,-19.52,-78.08,29.28
-24.4,-180.56,-156.16,102.48,63.44,-170.8,-58.56,14.64,-9.76,-29.28,-87.84,19.52
-24.4,-200.08,-175.68,112.24,73.2,-190.32,-53.68,14.64,-9.76,-39.04,-107.36,14.64
-19.52,-195.2,-175.68,107.36,78.08,-185.44,-43.92,19.52,-4.88,-29.28,-97.6,14.64
-29.28,-214.72,-185.44,122,78.08,-200.08,-48.8,14.64,-9.76,-29.28,-97.6,9.76
-43.92,-219.6,-175.68,131.76,63.44,-200.08,-53.68,9.76,-19.52,-34.16,-92.72,-4.88
-19.52,-209.84,-190.32,117.12,82.96,-200.08,-39.04,29.28,-9.76,-14.64,-82.96,9.76
-9.76,-209.84,-200.08,112.24,92.72,-204.96,-39.04,39.04,-9.76,-9.76,-68.32,19.52
-4.88,-204.96,-200.08,107.36,97.6,-204.96,-29.28,63.44,4.88,-9.76,-58.56,29.28
4.88,-165.92,-170.8,82.96,87.84,-170.8,-29.28,68.32,4.88,-14.64,-63.44,24.4
-19.52,-180.56,-161.04,102.48,68.32,-170.8,-43.92,63.44,0,-24.4,-73.2,9.76
-9.76,-185.44,-175.68,97.6,82.96,-180.56,-34.16,78.08,19.52,-14.64,-58.56,14.64
19.52,-175.68,-195.2,78.08,107.36,-185.44,-14.64,87.84,43.92,-4.88,-58.56,24.4
19.52,-165.92,-185.44,73.2,102.48,-175.68,-19.52,82.96,39.04,4.88,-53.68,19.52
14.64,-161.04,-175.68,73.2,92.72,-170.8,-19.52,73.2,39.04,4.88,-48.8,19.52
0,-175.68,-175.68,87.84,87.84,-175.68,-24.4,63.44,24.4,0,-48.8,9.76
-9.76,-190.32,-180.56,102.48,82.96,-185.44,-19.52,82.96,29.28,14.64,-39.04,19.52
4.88,-161.04,-165.92,78.08,82.96,-165.92,-19.52,92.72,24.4,24.4,-29.28,29.28
0,-165.92,-165.92,82.96,82.96,-165.92,-24.4,102.48,24.4,14.64,-29.28,29.28
9.76,-165.92,-175.68,78.08,92.72,-170.8,-19.52,112.24,39.04,19.52,-24.4,29.28
24.4,-165.92,-190.32,73.2,107.36,-180.56,0,131.76,58.56,34.16,-14.64,43.92
4.88,-170.8,-175.68,82.96,87.84,-175.68,-9.76,126.88,58.56,29.28,-19.52,34.16
-14.64,-204.96,-190.32,112.24,87.84,-200.08,-9.76,117.12,68.32,19.52,-39.04,24.4
-14.64,-200.08,-185.44,107.36,82.96,-195.2,-9.76,107.36,68.32,19.52,-34.16,19.52
19.52,-165.92,-185.44,73.2,102.48,-175.68,4.88,117.12,78.08,34.16,-24.4,29.28
9.76,-175.68,-185.44,82.96,97.6,-180.56,4.88,122,78.08,43.92,-9.76,29.28
-14.64,-190.32,-175.68,102.48,78.08,-185.44,0,117.12,68.32,48.8,-14.64,19.52
-4.88,-165.92,-161.04,87.84,78.08,-165.92,0,136.64,78.08,58.56,4.88,24.4
19.52,-146.4,-165.92,63.44,92.72,-156.16,9.76,151.28,92.72,63.44,24.4,39.04
9.76,-136.64,-146.4,63.44,78.08,-141.52,4.88,156.16,92.72,58.56,14.64,29.28
0,-126.88,-126.88,63.44,63.44,-126.88,4.88,156.16,102.48,58.56,-4.88,29.28
-4.88,-136.64,-131.76,73.2,63.44,-136.64,-4.88,151.28,102.48,48.8,-29.28,29.28
4.88,-141.52,-146.4,68.32,73.2,-146.4,9.76,161.04,122,58.56,-24.4,43.92
0,-136.64,-136.64,68.32,68.32,-136.64,24.4,165.92,136.64,73.2,0,43.92
14.64,-126.88,-141.52,58.56,78.08,-136.64,29.28,161.04,141.52,82.96,14.64,39.04
24.4,-82.96,-107.36,29.28,63.44,-97.6,24.4,170.8,141.52,92.72,24.4,29.28
14.64,-107.36,-122,48.8,68.32,-117.12,34.16,180.56,146.4,107.36,39.04,39.04
9.76,-117.12,-126.88,53.68,68.32,-122,39.04,200.08,156.16,126.88,58.56,43.92
19.52,-102.48,-122,43.92,68.32,-112.24,39.04,214.72,165.92,126.88,63.44,58.56
4.88,-102.48,-107.36,48.8,53.68,-107.36,39.04,229.36,180.56,126.88,53.68,63.44
4.88,-107.36,-112.24,53.68,58.56,-112.24,48.8,224.48,180.56,122,29.28,63.44
24.4,-107.36,-131.76,43.92,78.08,-122,53.68,244,195.2,122,34.16,73.2
39.04,-102.48,-141.52,34.16,87.84,-122,68.32,248.88,214.72,122,48.8,82.96
39.04,-97.6,-136.64,29.28,87.84,-117.12,73.2,244,219.6,136.64,58.56,78.08
34.16,-102.48,-136.64,34.16,82.96,-122,78.08,244,219.6,146.4,58.56,82.96
34.16,-112.24,-146.4,39.04,87.84,-131.76,87.84,258.64,234.24,165.92,73.2,92.72
43.92,-117.12,-161.04,39.04,102.48,-141.52,107.36,283.04,248.88,190.32,87.84,107.36
39.04,-73.2,-112.24,19.52,73.2,-92.72,107.36,292.8,253.76,204.96,97.6,112.24
63.44,-43.92,-107.36,-9.76,82.96,-78.08,117.12,322.08,273.28,214.72,112.24,122
43.92,-53.68,-97.6,4.88,68.32,-78.08,122,341.6,283.04,214.72,112.24,112.24
14.64,-107.36,-122,48.8,68.32,-117.12,126.88,351.36,292.8,209.84,107.36,107.36
19.52,-87.84,-107.36,34.16,63.44,-97.6,126.88,356.24,307.44,219.6,112.24,112.24
29.28,-68.32,-97.6,19.52,63.44,-82.96,141.52,356.24,322.08,219.6,117.12,117.12
29.28,-78.08,-107.36,24.4,68.32,-92.72,151.28,370.88,326.96,234.24,126.88,117.12
34.16,-73.2,-107.36,19.52,68.32,-92.72,161.04,375.76,341.6,248.88,136.64,126.88
39.04,-53.68,-92.72,9.76,63.44,-73.2,170.8,395.28,351.36,263.52,156.16,136.64
43.92,-63.44,-107.36,9.76,73.2,-87.84,185.44,409.92,366,283.04,165.92,151.28
39.04,-48.8,-87.84,4.88,63.44,-68.32,180.56,429.44,366,287.92,161.04,151.28
19.52,-53.68,-73.2,19.52,43.92,-63.44,180.56,444.08,370.88,283.04,161.04,151.28
39.04,-48.8,-87.84,4.88,63.44,-68.32,200.08,483.12,400.16,307.44,190.32,170.8
68.32,-4.88,-73.2,-29.28,68.32,-39.04,229.36,512.4,424.56,326.96,214.72,185.44
82.96,34.16,-48.8,-58.56,63.44,-9.76,244,531.92,453.84,341.6,219.6,190.32
87.84,34.16,-53.68,-58.56,68.32,-9.76,258.64,546.56,468.48,341.6,229.36,185.44
78.08,24.4,-53.68,-48.8,63.44,-14.64,273.28,551.44,478.24,356.24,239.12,185.44
78.08,24.4,-53.68,-48.8,63.44,-14.64,287.92,570.96,488,375.76,248.88,195.2
73.2,24.4,-48.8,-48.8,58.56,-14.64,307.44,585.6,502.64,390.4,253.76,209.84
68.32,24.4,-43.92,-43.92,53.68,-9.76,317.2,610,507.52,400.16,244,219.6
73.2,48.8,-24.4,-58.56,48.8,9.76,326.96,629.52,522.16,424.56,268.4,239.12
73.2,68.32,-4.88,-68.32,39.04,29.28,346.48,668.56,541.68,429.44,287.92,258.64
63.44,82.96,19.52,-73.2,19.52,48.8,361.12,692.96,556.32,439.2,297.68,258.64
63.44,73.2,9.76,-68.32,24.4,39.04,375.76,712.48,575.84,448.96,297.68,258.64
78.08,78.08,0,-78.08,39.04,39.04,390.4,741.76,600.24,468.48,312.32,273.28
82.96,82.96,0,-82.96,39.04,39.04,414.8,756.4,614.88,468.48,322.08,278.16
82.96,82.96,0,-82.96,39.04,39.04,439.2,780.8,639.28,492.88,341.6,287.92
78.08,97.6,19.52,-87.84,29.28,58.56,448.96,790.56,644.16,497.76,351.36,287.92
63.44,97.6,34.16,-78.08,14.64,63.44,463.6,800.32,644.16,512.4,361.12,292.8
68.32,92.72,24.4,-78.08,19.52,58.56,478.24,829.6,658.8,531.92,375.76,312.32
82.96,126.88,43.92,-102.48,19.52,82.96,502.64,863.76,678.32,556.32,405.04,336.72
92.72,165.92,73.2,-126.88,9.76,117.12,517.28,893.04,692.96,566.08,409.92,351.36
87.84,175.68,87.84,-131.76,0,131.76,522.16,917.44,707.6,570.96,419.68,351.36
112.24,195.2,82.96,-151.28,14.64,136.64,551.44,941.84,732,585.6,439.2,366
112.24,209.84,97.6,-161.04,4.88,151.28,566.08,966.24,751.52,605.12,448.96,375.76
92.72,204.96,112.24,-146.4,-9.76,156.16,580.72,980.88,756.4,605.12,448.96,375.76
97.6,204.96,107.36,-151.28,-4.88,156.16,610,1005.28,785.68,629.52,483.12,385.52
112.24,219.6,107.36,-165.92,0,161.04,624.64,1019.92,785.68,639.28,488,395.28
87.84,214.72,126.88,-151.28,-19.52,170.8,629.52,1029.68,790.56,639.28,502.64,395.28
92.72,234.24,141.52,-161.04,-24.4,185.44,639.28,1039.44,795.44,653.92,507.52,400.16
92.72,239.12,146.4,-165.92,-29.28,190.32,649.04,1058.96,805.2,668.56,527.04,409.92
92.72,244,151.28,-165.92,-29.28,195.2,663.68,1078.48,819.84,678.32,541.68,419.68
102.48,273.28,170.8,-185.44,-34.16,219.6,663.68,1098,829.6,678.32,541.68,429.44
97.6,268.4,170.8,-180.56,-39.04,219.6,678.32,1107.76,834.48,688.08,512.4,429.44
87.84,258.64,170.8,-170.8,-43.92,214.72,692.96,1122.4,854,692.96,517.28,444.08
102.48,268.4,165.92,-185.44,-34.16,214.72,692.96,1117.52,854,683.2,522.16,448.96
107.36,292.8,185.44,-200.08,-39.04,239.12,688.08,1102.88,844.24,692.96,527.04,444.08
102.48,317.2,214.72,-209.84,-58.56,263.52,678.32,1073.6,829.6,683.2,522.16,439.2
97.6,346.48,248.88,-219.6,-78.08,297.68,673.44,1054.08,814.96,678.32,527.04,439.2
112.24,366,253.76,-239.12,-73.2,307.44,663.68,1049.2,805.2,678.32,527.04,448.96
92.72,356.24,263.52,-224.48,-87.84,307.44,644.16,1019.92,785.68,673.44,527.04,448.96
58.56,341.6,283.04,-200.08,-112.24,312.32,600.24,980.88,746.64,639.28,497.76,429.44
68.32,361.12,292.8,-214.72,-112.24,326.96,590.48,956.48,736.88,634.4,497.76,419.68
78.08,380.64,302.56,-229.36,-112.24,341.6,561.2,922.32,722.24,614.88,483.12,409.92
78.08,380.64,302.56,-229.36,-112.24,341.6,531.92,878.4,688.08,590.48,458.72,390.4
92.72,385.52,292.8,-239.12,-102.48,336.72,507.52,834.48,668.56,566.08,434.32,366
78.08,361.12,283.04,-219.6,-102.48,322.08,483.12,785.68,639.28,561.2,429.44,356.24
73.2,336.72,263.52,-204.96,-97.6,297.68,463.6,746.64,610,536.8,405.04,351.36
68.32,326.96,258.64,-195.2,-97.6,292.8,429.44,697.84,570.96,517.28,390.4,336.72
58.56,312.32,253.76,-185.44,-97.6,283.04,390.4,649.04,531.92,483.12,366,317.2
68.32,312.32,244,-190.32,-87.84,278.16,356.24,610,488,448.96,341.6,292.8
63.44,292.8,229.36,-175.68,-82.96,258.64,322.08,570.96,444.08,409.92,317.2,278.16
53.68,273.28,219.6,-161.04,-82.96,244,287.92,517.28,405.04,375.76,287.92,244
43.92,258.64,214.72,-151.28,-87.84,234.24,258.64,483.12,380.64,346.48,268.4,224.48
34.16,229.36,195.2,-131.76,-82.96,209.84,234.24,439.2,346.48,307.44,234.24,200.08
48.8,229.36,180.56,-136.64,-68.32,204.96,209.84,385.52,312.32,273.28,185.44,180.56
34.16,219.6,185.44,-126.88,-78.08,200.08,175.68,336.72,263.52,239.12,146.4,156.16
24.4,195.2,170.8,-107.36,-73.2,180.56,141.52,283.04,224.48,200.08,126.88,131.76
24.4,180.56,156.16,-102.48,-68.32,165.92,126.88,258.64,190.32,180.56,117.12,122
19.52,180.56,161.04,-97.6,-73.2,170.8,102.48,224.48,161.04,156.16,97.6,107.36
9.76,151.28,141.52,-78.08,-68.32,146.4,82.96,195.2,131.76,136.64,87.84,97.6
4.88,136.64,131.76,-68.32,-63.44,131.76,58.56,170.8,102.48,107.36,68.32,82.96
4.88,126.88,122,-63.44,-58.56,122,39.04,141.52,73.2,78.08,39.04,53.68
-4.88,107.36,112.24,-48.8,-58.56,107.36,19.52,112.24,53.68,48.8,19.52,39.04
-9.76,87.84,97.6,-39.04,-53.68,92.72,0,87.84,34.16,24.4,0,19.52
-14.64,68.32,82.96,-24.4,-48.8,73.2,-4.88,58.56,14.64,0,-24.4,0
-14.64,53.68,68.32,-19.52,-43.92,58.56,-14.64,24.4,-4.88,-4.88,-34.16,-14.64
-19.52,39.04,58.56,-9.76,-39.04,48.8,-19.52,0,-29.28,-24.4,-43.92,-19.52
-24.4,19.52,43.92,4.88,-34.16,29.28,-34.16,-14.64,-48.8,-34.16,-63.44,-24.4
-19.52,24.4,43.92,0,-34.16,34.16,-48.8,-29.28,-73.2,-53.68,-78.08,-29.28
-43.92,-4.88,39.04,24.4,-43.92,14.64,-58.56,-48.8,-92.72,-68.32,-87.84,-29.28
-43.92,-14.64,29.28,29.28,-39.04,4.88,-68.32,-53.68,-102.48,-78.08,-92.72,-29.28
-48.8,-24.4,24.4,39.04,-39.04,0,-82.96,-68.32,-112.24,-97.6,-102.48,-43.92
-68.32,-48.8,19.52,58.56,-43.92,-14.64,-87.84,-82.96,-126.88,-112.24,-117.12,-53.68
-48.8,-48.8,0,48.8,-24.4,-24.4,-97.6,-102.48,-131.76,-122,-117.12,-58.56
-34.16,-48.8,-14.64,43.92,-9.76,-34.16,-92.72,-112.24,-141.52,-131.76,-117.12,-68.32
-14.64,-29.28,-14.64,24.4,0,-24.4,-87.84,-117.12,-141.52,-122,-107.36,-68.32
-9.76,-24.4,-14.64,19.52,0,-19.52,-87.84,-131.76,-141.52,-117.12,-102.48,-73.2
-19.52,-48.8,-29.28,34.16,4.88,-39.04,-102.48,-141.52,-161.04,-126.88,-117.12,-82.96
-34.16,-63.44,-29.28,48.8,-4.88,-48.8,-102.48,-146.4,-175.68,-141.52,-122,-82.96
-39.04,-68.32,-29.28,53.68,-4.88,-48.8,-112.24,-146.4,-175.68,-131.76,-112.24,-73.2
-24.4,-29.28,-4.88,29.28,-9.76,-19.52,-122,-151.28,-180.56,-146.4,-126.88,-78.08
-24.4,-34.16,-9.76,29.28,-9.76,-24.4,-126.88,-156.16,-190.32,-151.28,-156.16,-78.08
-39.04,-34.16,4.88,39.04,-24.4,-14.64,-131.76,-170.8,-200.08,-175.68,-175.68,-78.08
-39.04,-34.16,4.88,39.04,-24.4,-14.64,-136.64,-175.68,-200.08,-185.44,-161.04,-82.96
-24.4,-34.16,-9.76,29.28,-9.76,-24.4,-131.76,-180.56,-200.08,-180.56,-156.16,-92.72
-29.28,-48.8,-19.52,39.04,-4.88,-34.16,-131.76,-195.2,-209.84,-175.68,-156.16,-97.6
-29.28,-63.44,-34.16,48.8,0,-48.8,-131.76,-195.2,-204.96,-175.68,-161.04,-97.6
-24.4,-53.68,-29.28,39.04,0,-43.92,-141.52,-204.96,-214.72,-180.56,-165.92,-102.48
-24.4,-43.92,-19.52,34.16,-4.88,-34.16,-131.76,-204.96,-219.6,-180.56,-161.04,-97.6
-19.52,-39.04,-19.52,29.28,0,-29.28,-141.52,-195.2,-214.72,-175.68,-151.28,-87.84
-43.92,-48.8,-4.88,48.8,-19.52,-29.28,-151.28,-204.96,-224.48,-180.56,-161.04,-92.72
-48.8,-58.56,-9.76,53.68,-19.52,-34.16,-156.16,-204.96,-229.36,-185.44,-170.8,-102.48
-39.04,-58.56,-19.52,48.8,-9.76,-39.04,-141.52,-185.44,-209.84,-180.56,-161.04,-87.84
-29.28,-68.32,-39.04,48.8,4.88,-53.68,-146.4,-185.44,-200.08,-175.68,-165.92,-92.72
-34.16,-82.96,-48.8,58.56,4.88,-68.32,-141.52,-195.2,-200.08,-190.32,-165.92,-107.36
-43.92,-82.96,-39.04,63.44,-4.88,-63.44,-141.52,-200.08,-200.08,-185.44,-165.92,-112.24
-4.88,-53.68,-48.8,29.28,19.52,-53.68,-131.76,-190.32,-190.32,-165.92,-156.16,-102.48
-14.64,-53.68,-39.04,34.16,9.76,-48.8,-141.52,-195.2,-200.08,-165.92,-151.28,-102.48
-14.64,-58.56,-43.92,39.04,14.64,-53.68,-141.52,-190.32,-200.08,-165.92,-146.4,-102.48
9.76,-14.64,-24.4,4.88,14.64,-19.52,-136.64,-180.56,-190.32,-156.16,-131.76,-87.84
9.76,-9.76,-19.52,0,14.64,-14.64,-131.76,-161.04,-180.56,-146.4,-131.76,-73.2
-4.88,-24.4,-19.52,14.64,4.88,-24.4,-141.52,-165.92,-190.32,-151.28,-156.16,-78.08
-4.88,-29.28,-24.4,19.52,9.76,-29.28,-136.64,-165.92,-185.44,-161.04,-151.28,-68.32
-19.52,-39.04,-19.52,29.28,0,-29.28,-131.76,-161.04,-170.8,-151.28,-141.52,-68.32
-24.4,-53.68,-29.28,39.04,0,-43.92,-141.52,-165.92,-180.56,-170.8,-151.28,-82.96
-34.16,-63.44,-29.28,48.8,-4.88,-48.8,-141.52,-175.68,-180.56,-161.04,-146.4,-87.84
-48.8,-87.84,-39.04,68.32,-4.88,-63.44,-146.4,-185.44,-185.44,-161.04,-156.16,-97.6
-48.8,-82.96,-34.16,68.32,-9.76,-58.56,-151.28,-190.32,-185.44,-161.04,-161.04,-97.6
-34.16,-87.84,-53.68,63.44,9.76,-73.2,-146.4,-175.68,-185.44,-156.16,-146.4,-82.96
-43.92,-107.36,-63.44,78.08,9.76,-87.84,-151.28,-175.68,-190.32,-151.28,-141.52,-78.08
-39.04,-82.96,-43.92,63.44,0,-63.44,-165.92,-190.32,-204.96,-170.8,-161.04,-97.6
-39.04,-53.68,-14.64,48.8,-14.64,-34.16,-170.8,-185.44,-200.08,-170.8,-165.92,-97.6
-24.4,-43.92,-19.52,34.16,-4.88,-34.16,-151.28,-165.92,-180.56,-161.04,-151.28,-87.84
-9.76,-34.16,-24.4,24.4,4.88,-29.28,-151.28,-161.04,-170.8,-151.28,-141.52,-82.96
-4.88,-39.04,-34.16,24.4,14.64,-39.04,-146.4,-156.16,-165.92,-146.4,-141.52,-87.84
-4.88,-39.04,-34.16,24.4,14.64,-39.04,-151.28,-165.92,-161.04,-141.52,-136.64,-82.96
9.76,-24.4,-34.16,9.76,19.52,-29.28,-146.4,-170.8,-161.04,-136.64,-126.88,-73.2
19.52,-29.28,-48.8,4.88,34.16,-39.04,-156.16,-170.8,-165.92,-136.64,-122,-68.32
-9.76,-58.56,-48.8,34.16,19.52,-53.68,-161.04,-180.56,-185.44,-151.28,-126.88,-68.32
-29.28,-63.44,-34.16,48.8,0,-48.8,-170.8,-185.44,-190.32,-151.28,-126.88,-73.2
-14.64,-39.04,-24.4,29.28,4.88,-34.16,-170.8,-180.56,-185.44,-151.28,-126.88,-82.96
-9.76,-53.68,-43.92,34.16,14.64,-48.8,-170.8,-170.8,-180.56,-151.28,-117.12,-78.08
-34.16,-73.2,-39.04,53.68,0,-58.56,-175.68,-170.8,-175.68,-156.16,-122,-82.96
-24.4,-53.68,-29.28,39.04,0,-43.92,-180.56,-175.68,-175.68,-161.04,-141.52,-97.6
-19.52,-53.68,-34.16,39.04,4.88,-43.92,-165.92,-175.68,-170.8,-151.28,-156.16,-92.72
-24.4,-73.2,-48.8,48.8,9.76,-63.44,-170.8,-180.56,-175.68,-156.16,-151.28,-92.72
-29.28,-82.96,-53.68,58.56,9.76,-68.32,-180.56,-190.32,-180.56,-165.92,-151.28,-97.6
-14.64,-68.32,-53.68,43.92,19.52,-63.44,-180.56,-195.2,-185.44,-161.04,-146.4,-92.72
-4.88,-53.68,-48.8,29.28,19.52,-53.68,-175.68,-190.32,-190.32,-165.92,-141.52,-78.08
-4.88,-53.68,-48.8,29.28,19.52,-53.68,-185.44,-185.44,-190.32,-161.04,-136.64,-63.44
-4.88,-58.56,-53.68,34.16,24.4,-58.56,-185.44,-190.32,-195.2,-165.92,-146.4,-58.56
14.64,-34.16,-48.8,9.76,29.28,-43.92,-185.44,-185.44,-200.08,-170.8,-156.16,-53.68
19.52,-24.4,-43.92,4.88,29.28,-34.16,-180.56,-180.56,-195.2,-170.8,-146.4,-53.68
9.76,-48.8,-58.56,19.52,34.16,-53.68,-185.44,-180.56,-185.44,-175.68,-146.4,-58.56
0,-63.44,-63.44,34.16,29.28,-63.44,-175.68,-180.56,-180.56,-175.68,-151.28,-63.44
-9.76,-68.32,-58.56,39.04,24.4,-63.44,-185.44,-190.32,-200.08,-180.56,-161.04,-78.08
-4.88,-58.56,-53.68,34.16,24.4,-58.56,-185.44,-190.32,-200.08,-175.68,-156.16,-78.08
9.76,-58.56,-68.32,24.4,39.04,-63.44,-180.56,-190.32,-195.2,-170.8,-146.4,-78.08
-4.88,-63.44,-58.56,34.16,24.4,-63.44,-180.56,-195.2,-204.96,-165.92,-146.4,-73.2
-24.4,-78.08,-53.68,53.68,14.64,-68.32,-190.32,-195.2,-214.72,-175.68,-151.28,-73.2
-19.52,-78.08,-58.56,48.8,19.52,-68.32,-195.2,-195.2,-214.72,-190.32,-146.4,-78.08
-4.88,-68.32,-63.44,39.04,29.28,-68.32,-195.2,-195.2,-219.6,-190.32,-146.4,-82.96
-9.76,-63.44,-53.68,39.04,19.52,-58.56,-190.32,-190.32,-219.6,-190.32,-136.64,-87.84
-9.76,-73.2,-63.44,43.92,24.4,-68.32,-200.08,-195.2,-209.84,-185.44,-131.76,-102.48
-14.64,-87.84,-73.2,53.68,29.28,-82.96,-190.32,-200.08,-214.72,-195.2,-141.52,-117.12
-24.4,-92.72,-68.32,58.56,19.52,-82.96,-180.56,-200.08,-214.72,-190.32,-146.4,-112.24
-14.64,-73.2,-58.56,43.92,19.52,-68.32,-180.56,-209.84,-219.6,-195.2,-170.8,-112.24
-19.52,-87.84,-68.32,53.68,24.4,-78.08,-175.68,-200.08,-214.72,-185.44,-161.04,-92.72
-43.92,-97.6,-53.68,73.2,4.88,-78.08,-180.56,-209.84,-234.24,-204.96,-165.92,-92.72
-53.68,-92.72,-39.04,73.2,-9.76,-68.32,-200.08,-224.48,-248.88,-219.6,-180.56,-97.6
-34.16,-78.08,-43.92,58.56,4.88,-63.44,-195.2,-209.84,-234.24,-214.72,-175.68,-107.36
-4.88,-58.56,-53.68,34.16,24.4,-58.56,-175.68,-185.44,-219.6,-200.08,-161.04,-92.72
-14.64,-82.96,-68.32,48.8,24.4,-78.08,-170.8,-185.44,-219.6,-195.2,-156.16,-87.84
-29.28,-87.84,-58.56,58.56,14.64,-73.2,-180.56,-190.32,-224.48,-214.72,-161.04,-102.48
-9.76,-68.32,-58.56,39.04,24.4,-63.44,-185.44,-209.84,-234.24,-224.48,-180.56,-122
9.76,-73.2,-82.96,34.16,43.92,-78.08,-175.68,-209.84,-234.24,-219.6,-170.8,-117.12
-4.88,-97.6,-92.72,53.68,43.92,-97.6,-175.68,-209.84,-224.48,-209.84,-161.04,-112.24
-14.64,-97.6,-82.96,58.56,34.16,-92.72,-180.56,-209.84,-229.36,-209.84,-161.04,-107.36
-19.52,-68.32,-48.8,43.92,14.64,-58.56,-170.8,-209.84,-239.12,-209.84,-165.92,-107.36
-19.52,-63.44,-43.92,43.92,9.76,-53.68,-175.68,-204.96,-244,-214.72,-161.04,-102.48
-4.88,-53.68,-48.8,29.28,19.52,-53.68,-170.8,-200.08,-234.24,-214.72,-161.04,-102.48
4.88,-58.56,-63.44,29.28,34.16,-63.44,-170.8,-190.32,-234.24,-209.84,-161.04,-102.48
-24.4,-82.96,-58.56,53.68,14.64,-73.2,-175.68,-209.84,-244,-224.48,-175.68,-122
-34.16,-87.84,-53.68,63.44,9.76,-73.2,-175.68,-209.84,-244,-229.36,-180.56,-131.76
-34.16,-68.32,-34.16,53.68,0,-53.68,-180.56,-214.72,-248.88,-239.12,-190.32,-136.64
-24.4,-78.08,-53.68,53.68,14.64,-68.32,-175.68,-214.72,-248.88,-234.24,-185.44,-131.76
-39.04,-97.6,-58.56,68.32,9.76,-78.08,-180.56,-224.48,-253.76,-239.12,-195.2,-136.64
-39.04,-102.48,-63.44,73.2,9.76,-82.96,-185.44,-234.24,-268.4,-248.88,-200.08,-141.52
-24.4,-78.08,-53.68,53.68,14.64,-68.32,-175.68,-224.48,-258.64,-239.12,-190.32,-126.88
-24.4,-78.08,-53.68,53.68,14.64,-68.32,-180.56,-219.6,-263.52,-234.24,-185.44,-126.88
-29.28,-87.84,-58.56,58.56,14.64,-73.2,-180.56,-214.72,-263.52,-239.12,-185.44,-131.76
-29.28,-73.2,-43.92,53.68,4.88,-58.56,-185.44,-209.84,-263.52,-239.12,-180.56,-136.64
-43.92,-82.96,-39.04,63.44,-4.88,-63.44,-185.44,-214.72,-263.52,-248.88,-180.56,-141.52
-39.04,-92.72,-53.68,68.32,4.88,-73.2,-180.56,-219.6,-253.76,-239.12,-175.68,-141.52
-34.16,-78.08,-43.92,58.56,4.88,-63.44,-170.8,-214.72,-248.88,-234.24,-190.32,-131.76
-14.64,-68.32,-53.68,43.92,19.52,-63.44,-165.92,-209.84,-244,-234.24,-204.96,-136.64
0,-48.8,-48.8,24.4,24.4,-48.8,-165.92,-214.72,-244,-239.12,-195.2,-126.88
0,-53.68,-53.68,29.28,24.4,-53.68,-165.92,-214.72,-248.88,-234.24,-185.44,-126.88
-24.4,-78.08,-53.68,53.68,14.64,-68.32,-185.44,-229.36,-263.52,-248.88,-195.2,-136.64
-29.28,-87.84,-58.56,58.56,14.64,-73.2,-190.32,-234.24,-268.4,-244,-195.2,-136.64
-29.28,-78.08,-48.8,53.68,9.76,-63.44,-185.44,-224.48,-258.64,-244,-200.08,-141.52
-24.4,-82.96,-58.56,53.68,14.64,-73.2,-180.56,-219.6,-258.64,-244,-195.2,-136.64
-19.52,-82.96,-63.44,53.68,19.52,-73.2,-180.56,-224.48,-258.64,-248.88,-195.2,-141.52
-19.52,-102.48,-82.96,63.44,29.28,-92.72,-170.8,-214.72,-253.76,-244,-190.32,-136.64
-24.4,-102.48,-78.08,63.44,24.4,-92.72,-165.92,-224.48,-244,-244,-195.2,-141.52
-39.04,-102.48,-63.44,73.2,9.76,-82.96,-165.92,-219.6,-244,-248.88,-185.44,-136.64
-48.8,-92.72,-43.92,73.2,-4.88,-68.32,-170.8,-234.24,-248.88,-248.88,-190.32,-141.52
-34.16,-82.96,-48.8,58.56,4.88,-68.32,-170.8,-229.36,-248.88,-244,-185.44,-136.64
-34.16,-82.96,-48.8,58.56,4.88,-68.32,-175.68,-229.36,-258.64,-253.76,-204.96,-136.64
-19.52,-78.08,-58.56,48.8,19.52,-68.32,-170.8,-224.48,-258.64,-239.12,-209.84,-131.76
-14.64,-68.32,-53.68,43.92,19.52,-63.44,-165.92,-219.6,-248.88,-239.12,-200.08,-122
-24.4,-73.2,-48.8,48.8,9.76,-63.44,-175.68,-219.6,-258.64,-248.88,-200.08,-126.88
-43.92,-73.2,-29.28,58.56,-9.76,-53.68,-185.44,-229.36,-263.52,-263.52,-209.84,-141.52
-58.56,-92.72,-34.16,78.08,-14.64,-63.44,-190.32,-239.12,-268.4,-273.28,-214.72,-151.28
-53.68,-97.6,-43.92,78.08,-4.88,-73.2,-185.44,-234.24,-258.64,-268.4,-219.6,-151.28
-43.92,-97.6,-53.68,73.2,4.88,-78.08,-170.8,-229.36,-248.88,-258.64,-204.96,-141.52
-34.16,-102.48,-68.32,68.32,14.64,-87.84,-170.8,-239.12,-253.76,-258.64,-214.72,-141.52
-29.28,-92.72,-63.44,63.44,14.64,-78.08,-175.68,-234.24,-258.64,-253.76,-209.84,-146.4
-19.52,-87.84,-68.32,53.68,24.4,-78.08,-170.8,-234.24,-258.64,-253.76,-204.96,-146.4
-24.4,-87.84,-63.44,58.56,19.52,-78.08,-175.68,-224.48,-258.64,-248.88,-200.08,-151.28
-43.92,-107.36,-63.44,78.08,9.76,-87.84,-165.92,-204.96,-244,-239.12,-190.32,-131.76
-43.92,-107.36,-63.44,78.08,9.76,-87.84,-170.8,-214.72,-253.76,-244,-195.2,-141.52
-43.92,-102.48,-58.56,73.2,4.88,-82.96,-161.04,-214.72,-244,-248.88,-195.2,-136.64
-24.4,-92.72,-68.32,58.56,19.52,-82.96,-151.28,-204.96,-234.24,-239.12,-185.44,-136.64
-14.64,-82.96,-68.32,48.8,24.4,-78.08,-156.16,-214.72,-239.12,-248.88,-195.2,-141.52
-24.4,-73.2,-48.8,48.8,9.76,-63.44,-161.04,-224.48,-244,-258.64,-204.96,-151.28
-19.52,-73.2,-53.68,48.8,14.64,-63.44,-151.28,-214.72,-229.36,-248.88,-200.08,-141.52
-14.64,-73.2,-58.56,43.92,19.52,-68.32,-156.16,-214.72,-229.36,-239.12,-195.2,-146.4
-14.64,-73.2,-58.56,43.92,19.52,-68.32,-156.16,-209.84,-229.36,-234.24,-190.32,-141.52
-4.88,-73.2,-68.32,39.04,29.28,-73.2,-146.4,-195.2,-229.36,-219.6,-180.56,-131.76
0,-53.68,-53.68,29.28,24.4,-53.68,-141.52,-190.32,-219.6,-229.36,-175.68,-126.88
-4.88,-58.56,-53.68,34.16,24.4,-58.56,-141.52,-180.56,-214.72,-224.48,-175.68,-126.88
-19.52,-68.32,-48.8,43.92,14.64,-58.56,-141.52,-180.56,-209.84,-229.36,-175.68,-126.88
-29.28,-53.68,-24.4,43.92,-4.88,-39.04,-146.4,-195.2,-209.84,-229.36,-190.32,-136.64
-29.28,-43.92,-14.64,39.04,-9.76,-29.28,-141.52,-195.2,-214.72,-234.24,-190.32,-141.52
-24.4,-43.92,-19.52,34.16,-4.88,-34.16,-131.76,-190.32,-209.84,-219.6,-180.56,-136.64
-34.16,-58.56,-24.4,48.8,-4.88,-43.92,-122,-190.32,-204.96,-219.6,-180.56,-141.52
-29.28,-48.8,-19.52,39.04,-4.88,-34.16,-112.24,-180.56,-200.08,-214.72,-175.68,-136.64
-4.88,-24.4,-19.52,14.64,4.88,-24.4,-102.48,-175.68,-200.08,-214.72,-170.8,-131.76
-9.76,-24.4,-14.64,19.52,0,-19.52,-107.36,-175.68,-204.96,-209.84,-165.92,-131.76
-14.64,-24.4,-9.76,19.52,-4.88,-19.52,-102.48,-175.68,-195.2,-209.84,-165.92,-126.88
-24.4,-43.92,-19.52,34.16,-4.88,-34.16,-112.24,-175.68,-204.96,-214.72,-170.8,-136.64
-14.64,-43.92,-29.28,29.28,4.88,-39.04,-107.36,-165.92,-195.2,-214.72,-161.04,-146.4
-9.76,-34.16,-24.4,24.4,4.88,-29.28,-102.48,-161.04,-185.44,-204.96,-156.16,-141.52
9.76,-14.64,-24.4,4.88,14.64,-19.52,-97.6,-156.16,-165.92,-190.32,-141.52,-126.88
9.76,-24.4,-34.16,9.76,19.52,-29.28,-92.72,-146.4,-156.16,-175.68,-131.76,-122
29.28,-4.88,-34.16,-9.76,29.28,-19.52,-107.36,-151.28,-156.16,-175.68,-151.28,-107.36
29.28,19.52,-9.76,-24.4,19.52,4.88,-131.76,-161.04,-161.04,-170.8,-146.4,-92.72
0,-29.28,-29.28,14.64,14.64,-29.28,-151.28,-185.44,-185.44,-195.2,-156.16,-102.48
-4.88,-39.04,-34.16,24.4,14.64,-39.04,-141.52,-175.68,-180.56,-190.32,-146.4,-102.48
24.4,-14.64,-39.04,-4.88,29.28,-29.28,-136.64,-165.92,-180.56,-190.32,-151.28,-97.6
29.28,-14.64,-43.92,-4.88,34.16,-29.28,-136.64,-170.8,-180.56,-195.2,-156.16,-97.6
29.28,-19.52,-48.8,-4.88,39.04,-34.16,-146.4,-180.56,-180.56,-209.84,-165.92,-107.36
14.64,-34.16,-48.8,9.76,29.28,-43.92,-151.28,-180.56,-185.44,-214.72,-175.68,-112.24
4.88,-48.8,-53.68,24.4,29.28,-53.68,-146.4,-185.44,-190.32,-224.48,-170.8,-107.36
0,-58.56,-58.56,29.28,29.28,-58.56,-151.28,-204.96,-200.08,-229.36,-170.8,-117.12
-9.76,-58.56,-48.8,34.16,19.52,-53.68,-156.16,-214.72,-204.96,-229.36,-175.68,-117.12
-14.64,-63.44,-48.8,39.04,14.64,-58.56,-161.04,-219.6,-219.6,-234.24,-200.08,-126.88
-34.16,-82.96,-48.8,58.56,4.88,-68.32,-161.04,-214.72,-219.6,-234.24,-204.96,-117.12
-48.8,-92.72,-43.92,73.2,-4.88,-68.32,-170.8,-219.6,-224.48,-244,-204.96,-126.88
-53.68,-126.88,-73.2,92.72,9.76,-102.48,-175.68,-229.36,-244,-263.52,-209.84,-136.64
-73.2,-151.28,-78.08,112.24,0,-117.12,-165.92,-214.72,-234.24,-253.76,-204.96,-131.76
-78.08,-151.28,-73.2,117.12,-4.88,-112.24,-161.04,-214.72,-229.36,-258.64,-209.84,-126.88
-68.32,-136.64,-68.32,102.48,0,-102.48,-170.8,-224.48,-239.12,-268.4,-219.6,-151.28
-48.8,-131.76,-82.96,92.72,14.64,-107.36,-161.04,-224.48,-234.24,-273.28,-219.6,-151.28
-19.52,-107.36,-87.84,63.44,34.16,-97.6,-161.04,-224.48,-234.24,-273.28,-214.72,-156.16
-29.28,-117.12,-87.84,73.2,29.28,-102.48,-165.92,-234.24,-244,-278.16,-219.6,-161.04
-29.28,-141.52,-112.24,87.84,39.04,-126.88,-165.92,-239.12,-253.76,-283.04,-224.48,-170.8
-39.04,-151.28,-112.24,97.6,34.16,-131.76,-165.92,-234.24,-248.88,-273.28,-229.36,-165.92
-43.92,-136.64,-92.72,92.72,24.4,-117.12,-165.92,-229.36,-248.88,-278.16,-229.36,-165.92
-39.04,-117.12,-78.08,78.08,19.52,-97.6,-165.92,-224.48,-253.76,-283.04,-229.36,-165.92
-39.04,-126.88,-87.84,82.96,24.4,-107.36,-161.04,-214.72,-248.88,-278.16,-219.6,-156.16
-43.92,-136.64,-92.72,92.72,24.4,-117.12,-165.92,-219.6,-239.12,-273.28,-219.6,-156.16
-53.68,-146.4,-92.72,102.48,19.52,-122,-165.92,-219.6,-239.12,-283.04,-229.36,-165.92
-78.08,-175.68,-97.6,126.88,9.76,-136.64,-165.92,-224.48,-244,-287.92,-234.24,-170.8
-68.32,-185.44,-117.12,126.88,24.4,-151.28,-165.92,-234.24,-248.88,-292.8,-244,-180.56
-78.08,-185.44,-107.36,131.76,14.64,-146.4,-165.92,-239.12,-253.76,-292.8,-244,-180.56
-97.6,-195.2,-97.6,146.4,0,-146.4,-165.92,-248.88,-258.64,-292.8,-248.88,-190.32
-92.72,-190.32,-97.6,141.52,0,-146.4,-165.92,-239.12,-253.76,-297.68,-234.24,-185.44
-92.72,-204.96,-112.24,151.28,9.76,-161.04,-165.92,-239.12,-248.88,-292.8,-239.12,-180.56
-87.84,-209.84,-122,151.28,14.64,-165.92,-165.92,-229.36,-253.76,-297.68,-239.12,-180.56
-68.32,-180.56,-112.24,126.88,19.52,-146.4,-161.04,-214.72,-248.88,-287.92,-229.36,-175.68
-48.8,-161.04,-112.24,107.36,29.28,-136.64,-151.28,-219.6,-239.12,-292.8,-229.36,-170.8
-48.8,-141.52,-92.72,97.6,19.52,-117.12,-151.28,-224.48,-244,-292.8,-234.24,-185.44
-39.04,-131.76,-92.72,87.84,24.4,-112.24,-156.16,-234.24,-248.88,-302.56,-244,-190.32
-29.28,-141.52,-112.24,87.84,39.04,-126.88,-156.16,-229.36,-244,-297.68,-234.24,-185.44
-34.16,-165.92,-131.76,102.48,48.8,-151.28,-151.28,-224.48,-239.12,-292.8,-224.48,-180.56
-48.8,-161.04,-112.24,107.36,29.28,-136.64,-156.16,-224.48,-244,-297.68,-224.48,-185.44
-82.96,-185.44,-102.48,136.64,9.76,-146.4,-156.16,-229.36,-248.88,-302.56,-234.24,-200.08
-68.32,-170.8,-102.48,122,14.64,-136.64,-141.52,-214.72,-234.24,-287.92,-229.36,-195.2
-87.84,-175.68,-87.84,131.76,0,-131.76,-131.76,-195.2,-229.36,-287.92,-248.88,-190.32
-97.6,-185.44,-87.84,141.52,-4.88,-136.64,-122,-190.32,-239.12,-297.68,-268.4,-200.08
-87.84,-170.8,-82.96,131.76,-4.88,-126.88,-107.36,-175.68,-224.48,-297.68,-258.64,-200.08
-87.84,-161.04,-73.2,126.88,-9.76,-117.12,-73.2,-146.4,-200.08,-283.04,-244,-200.08
-73.2,-146.4,-73.2,112.24,0,-112.24,-29.28,-107.36,-170.8,-273.28,-248.88,-214.72
-78.08,-161.04,-82.96,122,0,-122,19.52,-68.32,-141.52,-273.28,-263.52,-239.12
-107.36,-190.32,-82.96,151.28,-14.64,-136.64,73.2,0,-102.48,-258.64,-292.8,-258.64
-87.84,-200.08,-112.24,146.4,9.76,-156.16,141.52,102.48,-43.92,-234.24,-312.32,-278.16
-68.32,-224.48,-156.16,146.4,43.92,-190.32,209.84,234.24,34.16,-214.72,-326.96,-307.44
-58.56,-239.12,-180.56,151.28,58.56,-209.84,263.52,370.88,126.88,-180.56,-331.84,-331.84
-39.04,-229.36,-190.32,136.64,73.2,-209.84,326.96,556.32,248.88,-126.88,-351.36,-346.48
-39.04,-239.12,-200.08,141.52,78.08,-219.6,390.4,761.28,405.04,-63.44,-366,-375.76
-24.4,-224.48,-200.08,126.88,87.84,-214.72,478.24,1044.32,619.76,43.92,-370.88,-405.04
24.4,-175.68,-200.08,78.08,112.24,-190.32,610,1381.04,873.52,190.32,-312.32,-375.76
92.72,-131.76,-224.48,19.52,156.16,-180.56,692.96,1634.8,1083.36,346.48,-209.84,-312.32
195.2,-24.4,-219.6,-82.96,204.96,-122,756.4,1795.84,1278.56,531.92,-48.8,-185.44
287.92,117.12,-170.8,-200.08,229.36,-29.28,756.4,1795.84,1420.08,751.52,175.68,-4.88
380.64,283.04,-97.6,-331.84,239.12,92.72,741.76,1615.28,1459.12,976,448.96,214.72
473.36,502.64,29.28,-488,219.6,263.52,697.84,1268.8,1351.76,1166.32,775.92,502.64
551.44,678.32,126.88,-614.88,209.84,400.16,600.24,854,1146.8,1302.96,1137.04,800.32
590.48,912.56,322.08,-751.52,131.76,614.88,570.96,434.32,946.72,1473.76,1503.04,1107.76
546.56,1244.4,697.84,-893.04,-78.08,971.12,585.6,-14.64,805.2,1708,1864.16,1395.68
424.56,1576.24,1151.68,-1000.4,-366,1361.52,619.76,-507.52,614.88,1912.96,2181.36,1659.2
317.2,1830,1512.8,-1073.6,-600.24,1668.96,702.72,-985.76,429.44,2103.28,2440,1883.68
219.6,1922.72,1703.12,-1068.72,-741.76,1810.48,844.24,-1239.52,302.56,2196,2557.12,1971.52
165.92,1790.96,1625.04,-976,-732,1708,990.64,-1371.28,200.08,2122.8,2425.36,1864.16
58.56,1556.72,1498.16,-805.2,-722.24,1527.44,1137.04,-1512.8,-19.52,1800.72,2049.6,1605.52
-117.12,1298.08,1415.2,-590.48,-766.16,1356.64,1083.36,-1664.08,-341.6,1337.12,1542.08,1263.92
-287.92,1024.8,1312.72,-366,-800.32,1166.32,917.44,-1771.44,-678.32,761.28,907.68,858.88
-434.32,727.12,1161.44,-146.4,-800.32,941.84,546.56,-1830,-995.52,97.6,253.76,448.96
-497.76,463.6,961.36,19.52,-732,712.48,-73.2,-1834.88,-1102.88,-253.76,-131.76,151.28
-473.36,268.4,741.76,102.48,-610,502.64,-429.44,-1727.52,-1054.08,-312.32,-244,-14.64
-444.08,136.64,580.72,156.16,-512.4,356.24,-619.76,-1586,-990.64,-307.44,-244,-82.96
-424.56,73.2,497.76,175.68,-463.6,283.04,-829.6,-1527.44,-966.24,-375.76,-263.52,-126.88
-390.4,14.64,405.04,190.32,-400.16,209.84,-897.92,-1439.6,-990.64,-566.08,-346.48,-190.32
-361.12,-43.92,317.2,204.96,-341.6,136.64,-819.84,-1254.16,-941.84,-683.2,-395.28,-239.12
-322.08,-68.32,253.76,195.2,-287.92,92.72,-766.16,-1039.44,-780.8,-610,-366,-239.12
-287.92,-58.56,229.36,175.68,-258.64,82.96,-707.6,-863.76,-634.4,-497.76,-326.96,-214.72
-239.12,-34.16,204.96,136.64,-224.48,82.96,-595.36,-707.6,-522.16,-409.92,-297.68,-175.68
-180.56,0,180.56,92.72,-180.56,87.84,-483.12,-566.08,-419.68,-336.72,-258.64,-136.64
-151.28,-14.64,136.64,82.96,-146.4,58.56,-385.52,-434.32,-322.08,-278.16,-219.6,-122
-126.88,-29.28,97.6,78.08,-112.24,34.16,-292.8,-322.08,-234.24,-234.24,-200.08,-117.12
-97.6,-58.56,39.04,78.08,-68.32,-9.76,-185.44,-204.96,-136.64,-185.44,-175.68,-117.12
-68.32,-92.72,-24.4,82.96,-24.4,-58.56,-102.48,-102.48,-58.56,-131.76,-156.16,-107.36
-53.68,-97.6,-43.92,78.08,-4.88,-73.2,-63.44,-73.2,-24.4,-117.12,-146.4,-102.48
-43.92,-102.48,-58.56,73.2,4.88,-82.96,-63.44,-68.32,-24.4,-122,-156.16,-117.12
-63.44,-136.64,-73.2,102.48,4.88,-107.36,-63.44,-68.32,-29.28,-122,-161.04,-126.88
-63.44,-126.88,-63.44,97.6,0,-97.6,-63.44,-63.44,-43.92,-122,-151.28,-126.88
-63.44,-102.48,-39.04,82.96,-14.64,-73.2,-58.56,-53.68,-48.8,-126.88,-156.16,-126.88
-63.44,-102.48,-39.04,82.96,-14.64,-73.2,-63.44,-34.16,-43.92,-131.76,-156.16,-126.88
-58.56,-112.24,-53.68,87.84,-4.88,-82.96,-58.56,-4.88,-29.28,-131.76,-161.04,-117.12
-48.8,-112.24,-63.44,82.96,4.88,-87.84,-53.68,9.76,-19.52,-136.64,-165.92,-117.12
-29.28,-112.24,-82.96,73.2,24.4,-97.6,-53.68,14.64,-9.76,-146.4,-175.68,-126.88
-39.04,-112.24,-73.2,78.08,14.64,-92.72,-58.56,9.76,-4.88,-146.4,-170.8,-126.88
-48.8,-122,-73.2,87.84,9.76,-97.6,-53.68,9.76,0,-146.4,-170.8,-122
-53.68,-136.64,-82.96,97.6,14.64,-112.24,-48.8,0,0,-136.64,-165.92,-126.88
-58.56,-141.52,-82.96,102.48,9.76,-112.24,-48.8,4.88,-4.88,-131.76,-170.8,-141.52
-63.44,-141.52,-78.08,102.48,4.88,-112.24,-48.8,4.88,-4.88,-122,-156.16,-122
-43.92,-136.64,-92.72,92.72,24.4,-117.12,-34.16,24.4,0,-112.24,-146.4,-112.24
-48.8,-126.88,-78.08,87.84,14.64,-102.48,-39.04,29.28,-4.88,-117.12,-141.52,-112.24
-29.28,-102.48,-73.2,68.32,19.52,-87.84,-39.04,48.8,9.76,-112.24,-136.64,-107.36
-29.28,-97.6,-68.32,63.44,19.52,-82.96,-29.28,63.44,19.52,-107.36,-126.88,-107.36
-24.4,-102.48,-78.08,63.44,24.4,-92.72,-29.28,63.44,29.28,-117.12,-136.64,-122
-14.64,-112.24,-97.6,63.44,39.04,-107.36,-34.16,63.44,39.04,-112.24,-136.64,-122
-19.52,-126.88,-107.36,73.2,43.92,-117.12,-34.16,53.68,43.92,-112.24,-151.28,-117.12
-24.4,-136.64,-112.24,82.96,43.92,-126.88,-34.16,48.8,39.04,-107.36,-161.04,-122
-34.16,-151.28,-117.12,92.72,39.04,-136.64,-19.52,58.56,48.8,-87.84,-131.76,-102.48
-53.68,-146.4,-92.72,102.48,19.52,-122,-24.4,48.8,39.04,-78.08,-126.88,-107.36
-29.28,-97.6,-68.32,63.44,19.52,-82.96,-19.52,58.56,39.04,-73.2,-131.76,-107.36
-4.88,-87.84,-82.96,48.8,39.04,-87.84,-4.88,87.84,58.56,-53.68,-117.12,-82.96
-19.52,-112.24,-92.72,68.32,34.16,-102.48,-14.64,87.84,63.44,-68.32,-117.12,-92.72
-19.52,-107.36,-87.84,63.44,34.16,-97.6,-4.88,102.48,73.2,-68.32,-102.48,-92.72
-14.64,-92.72,-78.08,53.68,29.28,-87.84,-19.52,102.48,78.08,-82.96,-126.88,-117.12
-9.76,-92.72,-82.96,53.68,34.16,-87.84,-24.4,102.48,82.96,-82.96,-131.76,-122
-14.64,-102.48,-87.84,58.56,34.16,-97.6,-14.64,107.36,97.6,-68.32,-122,-107.36
0,-92.72,-92.72,48.8,43.92,-92.72,-9.76,102.48,97.6,-58.56,-117.12,-107.36
19.52,-87.84,-107.36,34.16,63.44,-97.6,-4.88,107.36,102.48,-43.92,-107.36,-102.48
-4.88,-102.48,-97.6,53.68,43.92,-102.48,-4.88,102.48,97.6,-34.16,-92.72,-92.72
-39.04,-112.24,-73.2,78.08,14.64,-92.72,0,107.36,92.72,-29.28,-92.72,-102.48
4.88,-63.44,-68.32,29.28,34.16,-68.32,14.64,131.76,107.36,-14.64,-73.2,-102.48
24.4,-48.8,-73.2,14.64,48.8,-63.44,19.52,151.28,126.88,-9.76,-68.32,-87.84
-4.88,-68.32,-63.44,39.04,29.28,-68.32,9.76,151.28,126.88,-19.52,-82.96,-92.72
-4.88,-78.08,-73.2,43.92,34.16,-78.08,9.76,161.04,141.52,-24.4,-92.72,-102.48
-9.76,-78.08,-68.32,43.92,29.28,-73.2,4.88,170.8,161.04,-9.76,-78.08,-92.72
-24.4,-87.84,-63.44,58.56,19.52,-78.08,14.64,175.68,175.68,4.88,-68.32,-82.96
-9.76,-92.72,-82.96,53.68,34.16,-87.84,24.4,175.68,185.44,14.64,-63.44,-87.84
-4.88,-87.84,-82.96,48.8,39.04,-87.84,24.4,175.68,180.56,29.28,-53.68,-82.96
9.76,-63.44,-73.2,29.28,39.04,-68.32,39.04,185.44,190.32,48.8,-19.52,-63.44
24.4,-53.68,-78.08,14.64,48.8,-68.32,43.92,195.2,190.32,48.8,-19.52,-63.44
14.64,-53.68,-68.32,19.52,39.04,-63.44,43.92,204.96,195.2,53.68,-14.64,-68.32
-9.76,-63.44,-53.68,39.04,19.52,-58.56,48.8,224.48,209.84,53.68,-9.76,-68.32
-9.76,-68.32,-58.56,39.04,24.4,-63.44,43.92,229.36,214.72,48.8,-9.76,-68.32
-14.64,-68.32,-53.68,43.92,19.52,-63.44,48.8,244,234.24,63.44,-9.76,-63.44
14.64,-48.8,-63.44,19.52,39.04,-58.56,43.92,244,248.88,68.32,0,-63.44
43.92,-39.04,-82.96,0,63.44,-63.44,63.44,253.76,268.4,92.72,14.64,-43.92
39.04,-24.4,-63.44,-4.88,48.8,-43.92,63.44,253.76,273.28,97.6,19.52,-53.68
24.4,-34.16,-58.56,4.88,39.04,-48.8,58.56,253.76,268.4,107.36,24.4,-63.44
14.64,-34.16,-48.8,9.76,29.28,-43.92,73.2,268.4,278.16,122,48.8,-39.04
19.52,-43.92,-63.44,14.64,39.04,-53.68,92.72,287.92,292.8,136.64,53.68,-34.16
24.4,-34.16,-58.56,4.88,39.04,-48.8,92.72,307.44,292.8,141.52,39.04,-34.16
24.4,-4.88,-29.28,-9.76,24.4,-19.52,97.6,317.2,302.56,131.76,43.92,-19.52
19.52,14.64,-4.88,-14.64,9.76,4.88,102.48,331.84,317.2,136.64,48.8,-14.64
68.32,43.92,-24.4,-53.68,43.92,9.76,112.24,356.24,341.6,151.28,48.8,-14.64
53.68,24.4,-29.28,-39.04,39.04,-4.88,107.36,361.12,356.24,146.4,53.68,-19.52
19.52,-14.64,-34.16,0,24.4,-24.4,112.24,361.12,361.12,161.04,68.32,-19.52
24.4,-4.88,-29.28,-9.76,24.4,-19.52,136.64,375.76,380.64,185.44,82.96,-14.64
43.92,9.76,-34.16,-24.4,39.04,-14.64,141.52,395.28,400.16,209.84,97.6,-4.88
34.16,19.52,-14.64,-24.4,24.4,0,161.04,414.8,405.04,234.24,122,19.52
39.04,19.52,-19.52,-29.28,29.28,0,170.8,429.44,419.68,244,131.76,39.04
63.44,48.8,-14.64,-53.68,39.04,14.64,195.2,463.6,434.32,258.64,151.28,43.92
63.44,68.32,4.88,-63.44,29.28,34.16,204.96,488,453.84,268.4,165.92,53.68
53.68,63.44,9.76,-58.56,19.52,34.16,204.96,502.64,463.6,268.4,175.68,53.68
48.8,48.8,0,-48.8,24.4,24.4,204.96,517.28,483.12,268.4,170.8,39.04
63.44,87.84,24.4,-73.2,19.52,53.68,209.84,531.92,502.64,283.04,175.68,53.68
73.2,82.96,9.76,-78.08,29.28,43.92,234.24,551.44,522.16,307.44,190.32,63.44
53.68,58.56,4.88,-53.68,24.4,29.28,248.88,556.32,531.92,312.32,195.2,73.2
43.92,53.68,9.76,-48.8,14.64,29.28,263.52,580.72,541.68,336.72,224.48,87.84
43.92,68.32,24.4,-53.68,9.76,43.92,287.92,610,561.2,356.24,248.88,112.24
63.44,92.72,29.28,-78.08,14.64,58.56,302.56,634.4,575.84,380.64,253.76,126.88
87.84,131.76,43.92,-107.36,19.52,87.84,317.2,658.8,590.48,380.64,253.76,141.52
97.6,146.4,48.8,-122,24.4,97.6,346.48,707.6,619.76,409.92,287.92,170.8
126.88,185.44,58.56,-156.16,34.16,122,370.88,741.76,649.04,429.44,317.2,180.56
122,180.56,58.56,-151.28,29.28,117.12,375.76,761.28,658.8,424.56,312.32,175.68
92.72,146.4,53.68,-117.12,19.52,97.6,380.64,766.16,673.44,429.44,317.2,175.68
87.84,161.04,73.2,-122,4.88,117.12,400.16,785.68,688.08,444.08,331.84,180.56
92.72,190.32,97.6,-141.52,-4.88,141.52,405.04,790.56,697.84,448.96,346.48,180.56
97.6,185.44,87.84,-141.52,4.88,136.64,434.32,810.08,712.48,478.24,361.12,195.2
107.36,209.84,102.48,-156.16,0,156.16,453.84,839.36,722.24,502.64,380.64,214.72
102.48,219.6,117.12,-161.04,-9.76,165.92,463.6,863.76,736.88,517.28,385.52,229.36
112.24,239.12,126.88,-175.68,-9.76,180.56,483.12,888.16,746.64,522.16,366,253.76
107.36,239.12,131.76,-170.8,-14.64,185.44,497.76,927.2,766.16,536.8,380.64,273.28
107.36,239.12,131.76,-170.8,-14.64,185.44,512.4,946.72,780.8,536.8,414.8,273.28
97.6,253.76,156.16,-175.68,-29.28,204.96,527.04,966.24,800.32,546.56,429.44,273.28
112.24,253.76,141.52,-180.56,-14.64,195.2,527.04,985.76,810.08,556.32,429.44,278.16
102.48,258.64,156.16,-180.56,-29.28,204.96,541.68,990.64,819.84,561.2,439.2,278.16
107.36,268.4,161.04,-185.44,-29.28,214.72,556.32,1005.28,834.48,570.96,444.08,283.04
122,278.16,156.16,-200.08,-19.52,214.72,575.84,1024.8,844.24,595.36,458.72,297.68
112.24,283.04,170.8,-195.2,-29.28,224.48,590.48,1039.44,849.12,605.12,478.24,317.2
102.48,336.72,234.24,-219.6,-68.32,283.04,590.48,1044.32,839.36,600.24,468.48,312.32
97.6,385.52,287.92,-239.12,-97.6,336.72,570.96,1034.56,819.84,580.72,448.96,302.56
82.96,390.4,307.44,-234.24,-112.24,346.48,570.96,1044.32,819.84,575.84,448.96,302.56
87.84,390.4,302.56,-239.12,-107.36,346.48,580.72,1054.08,829.6,575.84,458.72,307.44
92.72,395.28,302.56,-244,-107.36,346.48,585.6,1054.08,839.36,580.72,468.48,312.32
102.48,395.28,292.8,-248.88,-97.6,341.6,580.72,1058.96,834.48,580.72,463.6,317.2
107.36,409.92,302.56,-258.64,-97.6,356.24,585.6,1044.32,839.36,585.6,468.48,312.32
102.48,419.68,317.2,-258.64,-107.36,366,580.72,1010.16,829.6,590.48,483.12,312.32
97.6,424.56,326.96,-258.64,-117.12,375.76,561.2,980.88,810.08,610,492.88,312.32
97.6,419.68,322.08,-258.64,-112.24,370.88,561.2,961.36,790.56,590.48,497.76,317.2
87.84,424.56,336.72,-253.76,-126.88,380.64,551.44,946.72,775.92,575.84,473.36,307.44
78.08,409.92,331.84,-244,-126.88,370.88,531.92,927.2,746.64,566.08,458.72,297.68
68.32,409.92,341.6,-239.12,-136.64,375.76,492.88,888.16,712.48,531.92,439.2,283.04
73.2,395.28,322.08,-234.24,-126.88,356.24,478.24,854,688.08,502.64,405.04,268.4
73.2,370.88,297.68,-219.6,-112.24,331.84,458.72,829.6,673.44,478.24,370.88,244
78.08,366,287.92,-219.6,-107.36,326.96,439.2,780.8,644.16,453.84,331.84,204.96
63.44,361.12,297.68,-209.84,-117.12,326.96,409.92,712.48,600.24,409.92,302.56,170.8
58.56,341.6,283.04,-200.08,-112.24,312.32,380.64,649.04,556.32,380.64,283.04,170.8
73.2,346.48,273.28,-209.84,-102.48,307.44,356.24,605.12,517.28,351.36,258.64,175.68
43.92,307.44,263.52,-175.68,-112.24,283.04,326.96,561.2,463.6,326.96,219.6,165.92
29.28,307.44,278.16,-165.92,-126.88,292.8,297.68,512.4,409.92,278.16,175.68,136.64
24.4,302.56,278.16,-161.04,-126.88,287.92,263.52,473.36,375.76,248.88,165.92,107.36
19.52,312.32,292.8,-165.92,-136.64,302.56,239.12,444.08,351.36,224.48,156.16,92.72
29.28,297.68,268.4,-161.04,-122,283.04,209.84,409.92,322.08,185.44,126.88,63.44
14.64,263.52,248.88,-136.64,-117.12,253.76,180.56,370.88,292.8,156.16,92.72,34.16
9.76,219.6,209.84,-112.24,-102.48,214.72,161.04,322.08,258.64,126.88,63.44,14.64
14.64,224.48,209.84,-117.12,-97.6,214.72,141.52,287.92,234.24,112.24,48.8,0
0,209.84,209.84,-102.48,-107.36,209.84,126.88,248.88,204.96,92.72,29.28,-9.76
4.88,180.56,175.68,-92.72,-87.84,175.68,107.36,209.84,170.8,63.44,4.88,-24.4
0,170.8,170.8,-82.96,-87.84,170.8,87.84,180.56,131.76,39.04,-9.76,-39.04
-9.76,165.92,175.68,-78.08,-92.72,170.8,78.08,151.28,97.6,19.52,-24.4,-53.68
-4.88,126.88,131.76,-58.56,-68.32,126.88,58.56,126.88,78.08,0,-29.28,-63.44
-9.76,126.88,136.64,-58.56,-73.2,131.76,39.04,97.6,43.92,-29.28,-58.56,-87.84
-9.76,141.52,151.28,-63.44,-82.96,146.4,19.52,73.2,24.4,-63.44,-82.96,-102.48
-24.4,97.6,122,-34.16,-73.2,107.36,4.88,53.68,14.64,-82.96,-102.48,-117.12
-29.28,68.32,97.6,-19.52,-63.44,82.96,-9.76,24.4,-9.76,-102.48,-117.12,-131.76
-19.52,73.2,92.72,-24.4,-58.56,82.96,-14.64,4.88,-24.4,-107.36,-122,-141.52
-14.64,63.44,78.08,-24.4,-48.8,68.32,-19.52,-19.52,-34.16,-112.24,-136.64,-136.64
-9.76,53.68,63.44,-19.52,-39.04,58.56,-39.04,-48.8,-63.44,-136.64,-146.4,-146.4
-9.76,34.16,43.92,-9.76,-29.28,39.04,-39.04,-53.68,-78.08,-131.76,-141.52,-141.52
-48.8,9.76,58.56,19.52,-53.68,34.16,-48.8,-73.2,-97.6,-146.4,-151.28,-156.16
-53.68,0,53.68,29.28,-53.68,24.4,-68.32,-87.84,-122,-165.92,-161.04,-170.8
-39.04,-9.76,29.28,24.4,-34.16,9.76,-78.08,-97.6,-131.76,-175.68,-165.92,-170.8
-58.56,-14.64,43.92,39.04,-53.68,14.64,-82.96,-102.48,-131.76,-185.44,-165.92,-170.8
-48.8,-4.88,43.92,29.28,-48.8,19.52,-68.32,-97.6,-117.12,-175.68,-156.16,-170.8
-48.8,-19.52,29.28,34.16,-39.04,4.88,-82.96,-112.24,-126.88,-190.32,-165.92,-175.68
-63.44,-39.04,24.4,53.68,-43.92,-9.76,-87.84,-131.76,-141.52,-204.96,-180.56,-185.44
-48.8,-39.04,9.76,43.92,-29.28,-14.64,-87.84,-146.4,-146.4,-204.96,-200.08,-180.56
-58.56,-39.04,19.52,48.8,-39.04,-9.76,-97.6,-156.16,-161.04,-209.84,-214.72,-170.8
-58.56,-29.28,29.28,43.92,-43.92,0,-107.36,-175.68,-180.56,-214.72,-204.96,-180.56
-48.8,-24.4,24.4,39.04,-39.04,0,-97.6,-175.68,-175.68,-214.72,-190.32,-185.44
-48.8,-29.28,19.52,39.04,-34.16,-4.88,-102.48,-170.8,-180.56,-219.6,-190.32,-190.32
-39.04,-4.88,34.16,24.4,-39.04,14.64,-102.48,-161.04,-180.56,-219.6,-195.2,-190.32
-29.28,9.76,39.04,9.76,-34.16,24.4,-102.48,-170.8,-180.56,-229.36,-190.32,-185.44
-29.28,-19.52,9.76,24.4,-19.52,-4.88,-102.48,-165.92,-170.8,-229.36,-200.08,-185.44
-19.52,-29.28,-9.76,24.4,-4.88,-19.52,-107.36,-170.8,-180.56,-224.48,-224.48,-175.68
-34.16,-48.8,-14.64,43.92,-9.76,-34.16,-97.6,-175.68,-175.68,-224.48,-229.36,-170.8
-48.8,-58.56,-9.76,53.68,-19.52,-34.16,-112.24,-204.96,-190.32,-248.88,-234.24,-190.32
-48.8,-53.68,-4.88,53.68,-24.4,-29.28,-117.12,-195.2,-185.44,-234.24,-234.24,-200.08
-53.68,-48.8,4.88,53.68,-29.28,-24.4,-112.24,-195.2,-190.32,-224.48,-219.6,-195.2
-48.8,-53.68,-4.88,53.68,-24.4,-29.28,-102.48,-180.56,-185.44,-219.6,-214.72,-190.32
-48.8,-48.8,0,48.8,-24.4,-24.4,-112.24,-175.68,-180.56,-214.72,-209.84,-180.56
-58.56,-53.68,4.88,58.56,-34.16,-24.4,-107.36,-165.92,-180.56,-214.72,-209.84,-175.68
-43.92,-39.04,4.88,43.92,-24.4,-19.52,-102.48,-165.92,-175.68,-219.6,-214.72,-165.92
-29.28,-39.04,-9.76,34.16,-9.76,-24.4,-112.24,-165.92,-175.68,-229.36,-219.6,-161.04
-19.52,-34.16,-14.64,29.28,-4.88,-24.4,-112.24,-175.68,-175.68,-234.24,-214.72,-165.92
-19.52,-34.16,-14.64,29.28,-4.88,-24.4,-112.24,-180.56,-175.68,-234.24,-214.72,-180.56
-34.16,-53.68,-19.52,43.92,-9.76,-39.04,-102.48,-175.68,-170.8,-224.48,-204.96,-170.8
-34.16,-53.68,-19.52,43.92,-9.76,-39.04,-107.36,-180.56,-170.8,-224.48,-200.08,-165.92
-53.68,-53.68,0,53.68,-29.28,-29.28,-117.12,-195.2,-195.2,-224.48,-214.72,-170.8
-78.08,-73.2,4.88,78.08,-43.92,-34.16,-122,-195.2,-195.2,-229.36,-219.6,-175.68
-63.44,-68.32,-4.88,68.32,-29.28,-39.04,-126.88,-185.44,-190.32,-224.48,-209.84,-165.92
-53.68,-82.96,-29.28,68.32,-14.64,-58.56,-122,-180.56,-185.44,-224.48,-204.96,-165.92
-63.44,-82.96,-19.52,73.2,-24.4,-53.68,-136.64,-185.44,-190.32,-244,-209.84,-175.68
-34.16,-43.92,-9.76,39.04,-14.64,-29.28,-136.64,-175.68,-175.68,-234.24,-204.96,-175.68
-4.88,-19.52,-14.64,14.64,4.88,-19.52,-131.76,-165.92,-165.92,-224.48,-204.96,-170.8
-4.88,-24.4,-19.52,14.64,4.88,-24.4,-131.76,-175.68,-175.68,-224.48,-200.08,-180.56
-24.4,-34.16,-9.76,29.28,-9.76,-24.4,-141.52,-195.2,-185.44,-234.24,-209.84,-185.44
-39.04,-58.56,-19.52,48.8,-9.76,-39.04,-146.4,-195.2,-190.32,-229.36,-224.48,-161.04
-39.04,-53.68,-14.64,48.8,-14.64,-34.16,-136.64,-195.2,-190.32,-229.36,-229.36,-151.28
-34.16,-63.44,-29.28,48.8,-4.88,-48.8,-141.52,-190.32,-190.32,-224.48,-214.72,-146.4
-24.4,-53.68,-29.28,39.04,0,-43.92,-141.52,-180.56,-185.44,-219.6,-200.08,-141.52
-39.04,-53.68,-14.64,48.8,-14.64,-34.16,-151.28,-175.68,-190.32,-224.48,-204.96,-151.28
-39.04,-53.68,-14.64,48.8,-14.64,-34.16,-151.28,-185.44,-195.2,-229.36,-204.96,-151.28
4.88,-34.16,-39.04,14.64,19.52,-39.04,-156.16,-180.56,-180.56,-224.48,-195.2,-141.52
-4.88,-43.92,-39.04,24.4,14.64,-43.92,-156.16,-180.56,-185.44,-229.36,-185.44,-141.52
-24.4,-68.32,-43.92,48.8,9.76,-58.56,-156.16,-190.32,-185.44,-224.48,-180.56,-146.4
-24.4,-68.32,-43.92,48.8,9.76,-58.56,-165.92,-209.84,-190.32,-229.36,-185.44,-151.28
-24.4,-58.56,-34.16,43.92,4.88,-48.8,-175.68,-209.84,-195.2,-224.48,-185.44,-161.04
-34.16,-68.32,-34.16,53.68,0,-53.68,-180.56,-214.72,-204.96,-224.48,-175.68,-151.28
-34.16,-73.2,-39.04,53.68,0,-58.56,-175.68,-214.72,-204.96,-224.48,-175.68,-141.52
-14.64,-48.8,-34.16,34.16,9.76,-43.92,-175.68,-204.96,-204.96,-224.48,-190.32,-131.76
0,-29.28,-29.28,14.64,14.64,-29.28,-170.8,-204.96,-204.96,-224.48,-195.2,-122
4.88,-48.8,-53.68,24.4,29.28,-53.68,-180.56,-204.96,-204.96,-239.12,-180.56,-126.88
-4.88,-73.2,-68.32,39.04,29.28,-73.2,-175.68,-204.96,-200.08,-239.12,-185.44,-131.76
-9.76,-68.32,-58.56,39.04,24.4,-63.44,-185.44,-209.84,-204.96,-244,-185.44,-126.88
0,-58.56,-58.56,29.28,29.28,-58.56,-195.2,-224.48,-214.72,-244,-190.32,-126.88
0,-82.96,-82.96,43.92,39.04,-82.96,-180.56,-214.72,-200.08,-219.6,-165.92,-112.24
4.88,-63.44,-68.32,29.28,34.16,-68.32,-180.56,-219.6,-200.08,-209.84,-165.92,-107.36
-9.76,-73.2,-63.44,43.92,24.4,-68.32,-185.44,-224.48,-209.84,-214.72,-165.92,-107.36
4.88,-63.44,-68.32,29.28,34.16,-68.32,-180.56,-224.48,-214.72,-214.72,-165.92,-112.24
9.76,-39.04,-48.8,14.64,29.28,-43.92,-190.32,-224.48,-224.48,-219.6,-156.16,-117.12
9.76,-39.04,-48.8,14.64,29.28,-43.92,-195.2,-219.6,-224.48,-219.6,-161.04,-122
-4.88,-43.92,-39.04,24.4,14.64,-43.92,-195.2,-219.6,-219.6,-219.6,-165.92,-122
-24.4,-68.32,-43.92,48.8,9.76,-58.56,-200.08,-219.6,-214.72,-234.24,-175.68,-117.12
-9.76,-68.32,-58.56,39.04,24.4,-63.44,-200.08,-224.48,-209.84,-229.36,-170.8,-117.12
4.88,-87.84,-92.72,43.92,48.8,-92.72,-185.44,-214.72,-204.96,-224.48,-161.04,-112.24
4.88,-87.84,-92.72,43.92,48.8,-92.72,-190.32,-229.36,-209.84,-229.36,-165.92,-122
19.52,-48.8,-68.32,14.64,43.92,-58.56,-200.08,-229.36,-214.72,-224.48,-161.04,-122
19.52,-48.8,-68.32,14.64,43.92,-58.56,-190.32,-229.36,-219.6,-219.6,-151.28,-117.12
14.64,-68.32,-82.96,29.28,48.8,-78.08,-190.32,-229.36,-224.48,-219.6,-151.28,-122
4.88,-53.68,-58.56,24.4,29.28,-58.56,-190.32,-219.6,-219.6,-209.84,-151.28,-112.24
14.64,-48.8,-63.44,19.52,39.04,-58.56,-190.32,-224.48,-224.48,-219.6,-175.68,-107.36
19.52,-53.68,-73.2,19.52,43.92,-63.44,-190.32,-219.6,-224.48,-229.36,-180.56,-107.36
-4.88,-82.96,-78.08,43.92,34.16,-82.96,-195.2,-214.72,-219.6,-234.24,-170.8,-112.24
-9.76,-92.72,-82.96,53.68,34.16,-87.84,-204.96,-224.48,-224.48,-244,-180.56,-117.12
-9.76,-97.6,-87.84,53.68,39.04,-92.72,-200.08,-234.24,-229.36,-244,-190.32,-117.12
-4.88,-82.96,-78.08,43.92,34.16,-82.96,-185.44,-219.6,-214.72,-229.36,-170.8,-112.24
14.64,-73.2,-87.84,29.28,48.8,-82.96,-175.68,-219.6,-209.84,-219.6,-151.28,-107.36
14.64,-63.44,-78.08,24.4,43.92,-73.2,-180.56,-229.36,-224.48,-219.6,-156.16,-117.12
4.88,-68.32,-73.2,34.16,39.04,-73.2,-180.56,-224.48,-234.24,-224.48,-151.28,-126.88
-24.4,-92.72,-68.32,58.56,19.52,-82.96,-190.32,-219.6,-234.24,-224.48,-151.28,-131.76
-29.28,-107.36,-78.08,68.32,24.4,-92.72,-195.2,-224.48,-239.12,-234.24,-156.16,-126.88
-24.4,-102.48,-78.08,63.44,24.4,-92.72,-190.32,-224.48,-239.12,-239.12,-175.68,-126.88
-9.76,-87.84,-78.08,48.8,34.16,-82.96,-185.44,-224.48,-234.24,-239.12,-195.2,-117.12
-4.88,-78.08,-73.2,43.92,34.16,-78.08,-190.32,-224.48,-234.24,-248.88,-195.2,-126.88
-4.88,-112.24,-107.36,58.56,48.8,-112.24,-185.44,-229.36,-234.24,-248.88,-180.56,-122
-9.76,-141.52,-131.76,78.08,58.56,-136.64,-170.8,-219.6,-224.48,-229.36,-170.8,-117.12
-14.64,-136.64,-122,78.08,53.68,-131.76,-185.44,-229.36,-229.36,-239.12,-175.68,-122
14.64,-82.96,-97.6,34.16,53.68,-92.72,-185.44,-234.24,-244,-239.12,-175.68,-126.88
34.16,-73.2,-107.36,19.52,68.32,-92.72,-161.04,-214.72,-229.36,-219.6,-161.04,-102.48
24.4,-82.96,-107.36,29.28,63.44,-97.6,-161.04,-209.84,-219.6,-214.72,-165.92,-92.72
19.52,-82.96,-102.48,34.16,58.56,-92.72,-165.92,-204.96,-229.36,-214.72,-161.04,-97.6
0,-73.2,-73.2,39.04,34.16,-73.2,-170.8,-214.72,-234.24,-224.48,-170.8,-112.24
14.64,-68.32,-82.96,29.28,48.8,-78.08,-170.8,-214.72,-224.48,-234.24,-165.92,-117.12
9.76,-87.84,-97.6,39.04,53.68,-92.72,-175.68,-209.84,-219.6,-224.48,-161.04,-112.24
4.88,-97.6,-102.48,48.8,53.68,-102.48,-170.8,-219.6,-224.48,-234.24,-175.68,-117.12
9.76,-87.84,-97.6,39.04,53.68,-92.72,-165.92,-219.6,-224.48,-224.48,-170.8,-117.12
0,-92.72,-92.72,48.8,43.92,-92.72,-165.92,-224.48,-229.36,-224.48,-165.92,-112.24
-4.88,-112.24,-107.36,58.56,48.8,-112.24,-170.8,-234.24,-239.12,-234.24,-170.8,-122
14.64,-82.96,-97.6,34.16,53.68,-92.72,-161.04,-219.6,-244,-229.36,-161.04,-122
19.52,-92.72,-112.24,39.04,63.44,-102.48,-165.92,-219.6,-239.12,-229.36,-151.28,-122
0,-117.12,-117.12,58.56,58.56,-117.12,-165.92,-209.84,-244,-234.24,-161.04,-112.24
-9.76,-117.12,-107.36,63.44,48.8,-112.24,-165.92,-204.96,-239.12,-234.24,-180.56,-107.36
-4.88,-112.24,-107.36,58.56,48.8,-112.24,-170.8,-204.96,-234.24,-244,-190.32,-117.12
-4.88,-112.24,-107.36,58.56,48.8,-112.24,-170.8,-204.96,-239.12,-248.88,-180.56,-117.12
-14.64,-117.12,-102.48,68.32,43.92,-112.24,-165.92,-219.6,-239.12,-248.88,-185.44,-112.24
0,-102.48,-102.48,53.68,48.8,-102.48,-161.04,-219.6,-234.24,-234.24,-175.68,-117.12
-9.76,-112.24,-102.48,63.44,43.92,-107.36,-156.16,-219.6,-229.36,-234.24,-170.8,-112.24
-9.76,-112.24,-102.48,63.44,43.92,-107.36,-161.04,-224.48,-239.12,-229.36,-170.8,-112.24
4.88,-102.48,-107.36,48.8,53.68,-107.36,-156.16,-214.72,-244,-224.48,-165.92,-112.24
14.64,-102.48,-117.12,43.92,63.44,-112.24,-156.16,-200.08,-234.24,-214.72,-156.16,-107.36
-19.52,-126.88,-107.36,73.2,43.92,-117.12,-151.28,-200.08,-229.36,-219.6,-161.04,-102.48
-9.76,-126.88,-117.12,68.32,53.68,-122,-146.4,-195.2,-229.36,-214.72,-165.92,-97.6
0,-107.36,-107.36,53.68,53.68,-107.36,-156.16,-200.08,-229.36,-229.36,-170.8,-102.48
19.52,-92.72,-112.24,39.04,63.44,-102.48,-156.16,-200.08,-224.48,-239.12,-170.8,-97.6
43.92,-73.2,-117.12,14.64,78.08,-97.6,-146.4,-200.08,-224.48,-229.36,-170.8,-102.48
9.76,-112.24,-122,53.68,63.44,-117.12,-146.4,-200.08,-219.6,-219.6,-161.04,-131.76
-34.16,-146.4,-112.24,92.72,39.04,-131.76,-156.16,-214.72,-239.12,-229.36,-170.8,-156.16
-29.28,-146.4,-117.12,87.84,43.92,-131.76,-161.04,-219.6,-239.12,-224.48,-165.92,-146.4
-29.28,-156.16,-126.88,92.72,48.8,-141.52,-156.16,-214.72,-239.12,-219.6,-156.16,-146.4
-4.88,-131.76,-126.88,68.32,58.56,-131.76,-156.16,-209.84,-244,-224.48,-151.28,-151.28
19.52,-107.36,-126.88,43.92,73.2,-117.12,-156.16,-200.08,-239.12,-219.6,-146.4,-141.52
9.76,-131.76,-141.52,63.44,73.2,-136.64,-151.28,-195.2,-234.24,-219.6,-156.16,-146.4
24.4,-107.36,-131.76,43.92,78.08,-122,-151.28,-195.2,-224.48,-219.6,-156.16,-151.28
24.4,-107.36,-131.76,43.92,78.08,-122,-151.28,-200.08,-224.48,-224.48,-151.28,-156.16
19.52,-117.12,-136.64,48.8,78.08,-126.88,-146.4,-204.96,-224.48,-224.48,-156.16,-156.16
0,-126.88,-126.88,63.44,63.44,-126.88,-141.52,-200.08,-214.72,-204.96,-161.04,-151.28
-29.28,-136.64,-107.36,82.96,39.04,-122,-136.64,-200.08,-219.6,-209.84,-175.68,-151.28
-14.64,-146.4,-131.76,82.96,58.56,-141.52,-141.52,-204.96,-229.36,-214.72,-170.8,-141.52
-34.16,-165.92,-131.76,102.48,48.8,-151.28,-151.28,-214.72,-234.24,-224.48,-165.92,-146.4
-24.4,-141.52,-117.12,82.96,43.92,-131.76,-151.28,-209.84,-239.12,-219.6,-151.28,-146.4
24.4,-107.36,-131.76,43.92,78.08,-122,-131.76,-185.44,-224.48,-204.96,-131.76,-131.76
39.04,-87.84,-126.88,24.4,82.96,-107.36,-122,-170.8,-209.84,-195.2,-122,-126.88
63.44,-78.08,-141.52,9.76,102.48,-112.24,-122,-165.92,-200.08,-195.2,-131.76,-131.76
39.04,-102.48,-141.52,34.16,87.84,-122,-141.52,-180.56,-214.72,-204.96,-161.04,-146.4
24.4,-122,-146.4,48.8,82.96,-136.64,-136.64,-180.56,-209.84,-204.96,-156.16,-126.88
29.28,-112.24,-141.52,43.92,82.96,-126.88,-126.88,-180.56,-200.08,-190.32,-151.28,-107.36
29.28,-78.08,-107.36,24.4,68.32,-92.72,-126.88,-195.2,-209.84,-190.32,-151.28,-112.24
29.28,-58.56,-87.84,14.64,58.56,-73.2,-122,-190.32,-214.72,-190.32,-131.76,-107.36
14.64,-68.32,-82.96,29.28,48.8,-78.08,-117.12,-190.32,-214.72,-185.44,-126.88,-117.12
-9.76,-92.72,-82.96,53.68,34.16,-87.84,-112.24,-180.56,-214.72,-180.56,-126.88,-131.76
4.88,-87.84,-92.72,43.92,48.8,-92.72,-102.48,-165.92,-204.96,-180.56,-122,-126.88
14.64,-78.08,-92.72,34.16,53.68,-87.84,-97.6,-165.92,-200.08,-180.56,-122,-122
34.16,-53.68,-87.84,9.76,58.56,-73.2,-102.48,-170.8,-209.84,-190.32,-141.52,-122
24.4,-68.32,-92.72,24.4,58.56,-82.96,-112.24,-180.56,-214.72,-204.96,-151.28,-117.12
0,-102.48,-102.48,53.68,48.8,-102.48,-112.24,-185.44,-214.72,-209.84,-146.4,-117.12
19.52,-92.72,-112.24,39.04,63.44,-102.48,-112.24,-175.68,-200.08,-185.44,-136.64,-117.12
39.04,-82.96,-122,24.4,78.08,-102.48,-107.36,-170.8,-185.44,-170.8,-117.12,-107.36
34.16,-68.32,-102.48,19.52,68.32,-87.84,-102.48,-161.04,-180.56,-156.16,-102.48,-92.72
39.04,-39.04,-78.08,0,58.56,-58.56,-97.6,-151.28,-170.8,-141.52,-87.84,-82.96
43.92,-34.16,-78.08,-4.88,58.56,-58.56,-117.12,-151.28,-175.68,-136.64,-78.08,-82.96
53.68,-34.16,-87.84,-9.76,68.32,-63.44,-146.4,-175.68,-200.08,-156.16,-92.72,-92.72
48.8,-34.16,-82.96,-4.88,63.44,-58.56,-151.28,-175.68,-200.08,-170.8,-102.48,-102.48
53.68,-48.8,-102.48,0,78.08,-78.08,-151.28,-180.56,-200.08,-180.56,-131.76,-117.12
68.32,-43.92,-112.24,-9.76,87.84,-78.08,-146.4,-175.68,-195.2,-175.68,-136.64,-107.36
87.84,-24.4,-112.24,-29.28,97.6,-68.32,-136.64,-180.56,-190.32,-165.92,-122,-92.72
63.44,-43.92,-107.36,-9.76,82.96,-78.08,-146.4,-185.44,-195.2,-165.92,-117.12,-102.48
58.56,-63.44,-122,4.88,87.84,-92.72,-151.28,-200.08,-209.84,-170.8,-126.88,-107.36
53.68,-58.56,-112.24,4.88,82.96,-87.84,-165.92,-219.6,-229.36,-175.68,-126.88,-102.48
63.44,-63.44,-126.88,0,92.72,-97.6,-161.04,-219.6,-224.48,-175.68,-107.36,-97.6
43.92,-68.32,-112.24,14.64,78.08,-92.72,-161.04,-209.84,-224.48,-170.8,-102.48,-102.48
39.04,-78.08,-117.12,19.52,78.08,-97.6,-156.16,-200.08,-219.6,-170.8,-97.6,-102.48
48.8,-82.96,-131.76,19.52,87.84,-107.36,-165.92,-200.08,-224.48,-180.56,-117.12,-102.48
24.4,-107.36,-131.76,43.92,78.08,-122,-175.68,-204.96,-234.24,-200.08,-161.04,-117.12
4.88,-136.64,-141.52,68.32,73.2,-141.52,-180.56,-219.6,-244,-214.72,-165.92,-126.88
-4.88,-136.64,-131.76,73.2,63.44,-136.64,-175.68,-229.36,-248.88,-224.48,-161.04,-136.64
-9.76,-136.64,-126.88,73.2,58.56,-131.76,-170.8,-234.24,-248.88,-219.6,-170.8,-141.52
-19.52,-136.64,-117.12,78.08,48.8,-126.88,-180.56,-244,-273.28,-239.12,-185.44,-146.4
-19.52,-146.4,-126.88,82.96,53.68,-136.64,-180.56,-248.88,-283.04,-239.12,-185.44,-136.64
-14.64,-165.92,-151.28,92.72,68.32,-161.04,-170.8,-244,-278.16,-234.24,-175.68,-136.64
-14.64,-151.28,-136.64,82.96,58.56,-146.4,-180.56,-248.88,-283.04,-239.12,-175.68,-146.4
-19.52,-146.4,-126.88,82.96,53.68,-136.64,-185.44,-239.12,-287.92,-239.12,-180.56,-156.16
4.88,-122,-126.88,58.56,63.44,-126.88,-170.8,-224.48,-263.52,-229.36,-165.92,-141.52
24.4,-117.12,-141.52,48.8,82.96,-131.76,-165.92,-214.72,-253.76,-219.6,-161.04,-136.64
19.52,-117.12,-136.64,48.8,78.08,-126.88,-175.68,-224.48,-258.64,-229.36,-165.92,-141.52
29.28,-126.88,-156.16,48.8,92.72,-141.52,-175.68,-234.24,-258.64,-224.48,-165.92,-141.52
4.88,-141.52,-146.4,68.32,73.2,-146.4,-175.68,-239.12,-263.52,-229.36,-165.92,-141.52
9.76,-170.8,-180.56,82.96,92.72,-175.68,-180.56,-244,-278.16,-234.24,-165.92,-156.16
0,-209.84,-209.84,107.36,102.48,-209.84,-165.92,-229.36,-263.52,-219.6,-141.52,-141.52
-4.88,-180.56,-175.68,92.72,82.96,-180.56,-170.8,-234.24,-268.4,-224.48,-151.28,-146.4
-9.76,-161.04,-151.28,87.84,68.32,-156.16,-180.56,-239.12,-273.28,-229.36,-156.16,-151.28
-4.88,-146.4,-141.52,78.08,68.32,-146.4,-190.32,-244,-287.92,-244,-180.56,-141.52
-9.76,-141.52,-131.76,78.08,58.56,-136.64,-190.32,-248.88,-287.92,-248.88,-170.8,-141.52
-9.76,-156.16,-146.4,82.96,68.32,-151.28,-190.32,-244,-283.04,-248.88,-165.92,-146.4
0,-165.92,-165.92,82.96,82.96,-165.92,-185.44,-244,-278.16,-244,-165.92,-146.4
9.76,-161.04,-170.8,78.08,87.84,-165.92,-180.56,-248.88,-278.16,-244,-185.44,-136.64
0,-165.92,-165.92,82.96,82.96,-165.92,-175.68,-244,-278.16,-239.12,-185.44,-126.88
-4.88,-175.68,-170.8,92.72,82.96,-175.68,-190.32,-253.76,-287.92,-253.76,-180.56,-141.52
14.64,-161.04,-175.68,73.2,92.72,-170.8,-185.44,-244,-283.04,-244,-170.8,-136.64
43.92,-141.52,-185.44,48.8,112.24,-165.92,-170.8,-229.36,-268.4,-229.36,-161.04,-126.88
24.4,-151.28,-175.68,63.44,97.6,-165.92,-170.8,-229.36,-273.28,-224.48,-156.16,-126.88
9.76,-165.92,-175.68,78.08,92.72,-170.8,-170.8,-229.36,-278.16,-229.36,-161.04,-136.64
-14.64,-180.56,-165.92,97.6,73.2,-175.68,-165.92,-214.72,-268.4,-229.36,-151.28,-141.52
-39.04,-209.84,-170.8,126.88,63.44,-190.32,-156.16,-209.84,-258.64,-234.24,-165.92,-156.16
-48.8,-204.96,-156.16,126.88,53.68,-180.56,-146.4,-195.2,-258.64,-239.12,-165.92,-161.04
-43.92,-190.32,-146.4,117.12,48.8,-170.8,-126.88,-185.44,-239.12,-224.48,-175.68,-146.4
-48.8,-209.84,-161.04,131.76,53.68,-185.44,-112.24,-180.56,-234.24,-229.36,-200.08,-165.92
-29.28,-195.2,-165.92,112.24,68.32,-180.56,-68.32,-141.52,-209.84,-209.84,-195.2,-165.92
-34.16,-185.44,-151.28,112.24,58.56,-170.8,-19.52,-92.72,-180.56,-200.08,-190.32,-165.92
-43.92,-190.32,-146.4,117.12,48.8,-170.8,34.16,-34.16,-141.52,-185.44,-200.08,-185.44
-29.28,-190.32,-161.04,112.24,63.44,-175.68,92.72,63.44,-92.72,-170.8,-209.84,-204.96
-29.28,-219.6,-190.32,126.88,78.08,-204.96,156.16,175.68,-19.52,-146.4,-224.48,-229.36
-9.76,-244,-234.24,126.88,112.24,-239.12,209.84,297.68,68.32,-112.24,-244,-253.76
19.52,-244,-263.52,112.24,141.52,-253.76,268.4,444.08,190.32,-58.56,-248.88,-287.92
19.52,-253.76,-273.28,117.12,146.4,-263.52,336.72,634.4,346.48,14.64,-248.88,-312.32
48.8,-214.72,-263.52,82.96,156.16,-239.12,405.04,878.4,551.44,126.88,-244,-326.96
87.84,-180.56,-268.4,48.8,175.68,-224.48,531.92,1205.36,800.32,268.4,-204.96,-312.32
161.04,-112.24,-273.28,-24.4,214.72,-195.2,644.16,1507.92,1058.96,453.84,-107.36,-253.76
244,-24.4,-268.4,-107.36,253.76,-146.4,678.32,1659.2,1244.4,634.4,43.92,-131.76
331.84,92.72,-239.12,-209.84,283.04,-73.2,688.08,1708,1385.92,834.48,244,19.52
414.8,248.88,-165.92,-331.84,287.92,39.04,683.2,1649.44,1459.12,1044.32,492.88,224.48
468.48,419.68,-48.8,-444.08,258.64,185.44,644.16,1405.44,1356.64,1195.6,771.04,478.24
546.56,585.6,39.04,-566.08,253.76,312.32,566.08,1068.72,1156.56,1312.72,1083.36,746.64
610,785.68,175.68,-697.84,214.72,478.24,512.4,722.24,951.6,1444.48,1429.84,1024.8
575.84,1078.48,502.64,-824.72,34.16,790.56,536.8,361.12,814.96,1649.44,1795.84,1307.84
492.88,1410.32,917.44,-951.6,-214.72,1161.44,570.96,-43.92,639.28,1849.52,2122.8,1571.36
429.44,1747.04,1317.6,-1088.24,-444.08,1532.32,649.04,-483.12,434.32,1995.92,2366.8,1790.96
322.08,1888.56,1566.48,-1102.88,-624.64,1727.52,785.68,-800.32,273.28,2103.28,2518.08,1908.08
253.76,1830,1576.24,-1039.44,-663.68,1703.12,936.96,-946.72,165.92,2083.76,2459.52,1859.28
209.84,1639.68,1429.84,-922.32,-610,1532.32,1102.88,-1122.4,-34.16,1834.88,2142.32,1634.8
53.68,1361.52,1307.84,-707.6,-629.52,1332.24,1137.04,-1312.72,-356.24,1390.8,1664.08,1317.6
-126.88,1054.08,1180.96,-463.6,-653.92,1117.52,1005.28,-1473.76,-722.24,814.96,1068.72,936.96
-268.4,761.28,1029.68,-244,-649.04,893.04,732,-1595.76,-1068.72,117.12,385.52,512.4
-361.12,507.52,868.64,-73.2,-614.88,688.08,175.68,-1678.72,-1273.68,-370.88,-92.72,175.68
-361.12,302.56,663.68,29.28,-512.4,483.12,-370.88,-1703.12,-1254.16,-473.36,-244,-9.76
-326.96,161.04,488,82.96,-409.92,322.08,-585.6,-1581.12,-1161.44,-434.32,-253.76,-78.08
-297.68,102.48,400.16,97.6,-351.36,248.88,-756.4,-1498.16,-1088.24,-414.8,-234.24,-82.96
-273.28,34.16,307.44,122,-292.8,170.8,-907.68,-1459.12,-1078.48,-512.4,-292.8,-102.48
-248.88,-14.64,234.24,131.76,-244,107.36,-863.76,-1322.48,-1044.32,-639.28,-346.48,-146.4
-224.48,-19.52,204.96,122,-214.72,92.72,-771.04,-1117.52,-912.56,-614.88,-331.84,-175.68
-180.56,-43.92,136.64,112.24,-161.04,43.92,-727.12,-917.44,-741.76,-483.12,-268.4,-151.28
-165.92,-39.04,126.88,102.48,-146.4,43.92,-649.04,-766.16,-619.76,-400.16,-224.48,-141.52
-146.4,-39.04,107.36,92.72,-126.88,34.16,-551.44,-624.64,-507.52,-322.08,-190.32,-126.88
-122,-43.92,78.08,82.96,-102.48,14.64,-444.08,-497.76,-409.92,-263.52,-151.28,-107.36
-68.32,-34.16,34.16,53.68,-53.68,0,-336.72,-370.88,-297.68,-195.2,-112.24,-68.32
-24.4,-58.56,-34.16,43.92,4.88,-48.8,-234.24,-248.88,-195.2,-136.64,-82.96,-48.8
-29.28,-126.88,-97.6,78.08,34.16,-112.24,-151.28,-151.28,-112.24,-97.6,-63.44,-53.68
-29.28,-156.16,-126.88,92.72,48.8,-141.52,-92.72,-92.72,-68.32,-58.56,-48.8,-53.68
4.88,-131.76,-136.64,63.44,68.32,-136.64,-78.08,-78.08,-63.44,-63.44,-53.68,-58.56
14.64,-112.24,-126.88,48.8,68.32,-122,-73.2,-78.08,-63.44,-63.44,-53.68,-53.68
14.64,-122,-136.64,53.68,73.2,-131.76,-68.32,-63.44,-63.44,-48.8,-39.04,-43.92
0,-136.64,-136.64,68.32,68.32,-136.64,-68.32,-53.68,-63.44,-58.56,-48.8,-48.8
9.76,-131.76,-141.52,63.44,73.2,-136.64,-78.08,-53.68,-68.32,-73.2,-58.56,-68.32
4.88,-146.4,-151.28,73.2,78.08,-151.28,-78.08,-34.16,-68.32,-78.08,-68.32,-78.08
0,-156.16,-156.16,78.08,78.08,-156.16,-73.2,-24.4,-48.8,-73.2,-63.44,-73.2
9.76,-156.16,-165.92,73.2,87.84,-161.04,-68.32,-14.64,-29.28,-78.08,-68.32,-82.96
-4.88,-165.92,-161.04,87.84,78.08,-165.92,-82.96,-24.4,-34.16,-82.96,-82.96,-92.72
-9.76,-180.56,-170.8,97.6,78.08,-175.68,-78.08,-29.28,-39.04,-87.84,-87.84,-92.72
14.64,-161.04,-175.68,73.2,92.72,-170.8,-63.44,-24.4,-34.16,-68.32,-78.08,-78.08
29.28,-146.4,-175.68,58.56,102.48,-161.04,-63.44,-14.64,-29.28,-58.56,-68.32,-78.08
43.92,-126.88,-170.8,43.92,107.36,-151.28,-63.44,-9.76,-34.16,-48.8,-58.56,-68.32
34.16,-131.76,-165.92,48.8,97.6,-151.28,-53.68,-4.88,-34.16,-48.8,-53.68,-63.44
34.16,-131.76,-165.92,48.8,97.6,-151.28,-63.44,0,-34.16,-58.56,-58.56,-78.08
14.64,-151.28,-165.92,68.32,87.84,-161.04,-63.44,19.52,-19.52,-53.68,-48.8,-68.32
24.4,-156.16,-180.56,68.32,102.48,-170.8,-58.56,19.52,-14.64,-53.68,-48.8,-68.32
19.52,-161.04,-180.56,73.2,97.6,-170.8,-58.56,24.4,0,-58.56,-53.68,-78.08
14.64,-161.04,-175.68,73.2,92.72,-170.8,-53.68,29.28,19.52,-43.92,-43.92,-68.32
19.52,-156.16,-175.68,68.32,97.6,-165.92,-48.8,29.28,24.4,-34.16,-34.16,-58.56
43.92,-126.88,-170.8,43.92,107.36,-151.28,-39.04,34.16,24.4,-14.64,-24.4,-53.68
68.32,-122,-190.32,29.28,126.88,-156.16,-34.16,39.04,29.28,-4.88,-4.88,-43.92
53.68,-117.12,-170.8,34.16,112.24,-146.4,-39.04,34.16,14.64,0,4.88,-48.8
34.16,-122,-156.16,43.92,92.72,-141.52,-29.28,43.92,24.4,0,9.76,-53.68
24.4,-136.64,-161.04,58.56,92.72,-151.28,-39.04,48.8,19.52,0,0,-63.44
24.4,-151.28,-175.68,63.44,97.6,-165.92,-48.8,53.68,29.28,-4.88,-19.52,-58.56
24.4,-141.52,-165.92,58.56,92.72,-156.16,-39.04,63.44,39.04,0,-24.4,-39.04
14.64,-141.52,-156.16,63.44,82.96,-151.28,-43.92,58.56,39.04,-24.4,-48.8,-48.8
14.64,-146.4,-161.04,68.32,87.84,-156.16,-43.92,63.44,58.56,-9.76,-34.16,-39.04
9.76,-146.4,-156.16,68.32,82.96,-151.28,-43.92,58.56,58.56,0,-14.64,-39.04
9.76,-141.52,-151.28,68.32,78.08,-146.4,-39.04,53.68,58.56,9.76,-4.88,-39.04
34.16,-122,-156.16,43.92,92.72,-141.52,-29.28,58.56,63.44,24.4,0,-39.04
24.4,-141.52,-165.92,58.56,92.72,-156.16,-29.28,63.44,58.56,34.16,9.76,-29.28
14.64,-136.64,-151.28,63.44,82.96,-146.4,-29.28,68.32,58.56,29.28,4.88,-29.28
29.28,-126.88,-156.16,48.8,92.72,-141.52,-29.28,73.2,63.44,34.16,0,-24.4
29.28,-122,-151.28,48.8,87.84,-136.64,-24.4,92.72,87.84,39.04,9.76,-19.52
19.52,-122,-141.52,53.68,78.08,-131.76,-24.4,97.6,92.72,43.92,19.52,-14.64
14.64,-126.88,-141.52,58.56,78.08,-136.64,-29.28,92.72,102.48,29.28,9.76,-34.16
68.32,-87.84,-156.16,9.76,112.24,-122,-9.76,117.12,136.64,63.44,34.16,-14.64
97.6,-48.8,-146.4,-24.4,122,-97.6,0,136.64,146.4,82.96,43.92,0
87.84,-68.32,-156.16,-9.76,122,-112.24,4.88,122,141.52,87.84,43.92,0
68.32,-92.72,-161.04,14.64,112.24,-126.88,9.76,122,141.52,92.72,43.92,0
53.68,-97.6,-151.28,24.4,102.48,-126.88,9.76,126.88,136.64,102.48,58.56,14.64
68.32,-68.32,-136.64,0,102.48,-102.48,4.88,131.76,141.52,102.48,58.56,14.64
53.68,-73.2,-126.88,9.76,87.84,-102.48,4.88,136.64,151.28,107.36,58.56,9.76
24.4,-102.48,-126.88,39.04,73.2,-117.12,4.88,146.4,156.16,107.36,63.44,9.76
39.04,-102.48,-141.52,34.16,87.84,-122,9.76,161.04,175.68,117.12,73.2,19.52
58.56,-82.96,-141.52,14.64,97.6,-112.24,19.52,170.8,195.2,117.12,78.08,24.4
63.44,-58.56,-122,0,92.72,-92.72,19.52,180.56,209.84,131.76,87.84,24.4
68.32,-48.8,-117.12,-9.76,92.72,-82.96,29.28,185.44,219.6,151.28,97.6,34.16
68.32,-53.68,-122,-4.88,92.72,-87.84,34.16,185.44,219.6,161.04,112.24,39.04
68.32,-58.56,-126.88,-4.88,97.6,-92.72,43.92,195.2,239.12,175.68,122,43.92
58.56,-58.56,-117.12,0,87.84,-87.84,39.04,195.2,229.36,180.56,136.64,48.8
43.92,-78.08,-122,19.52,82.96,-102.48,43.92,204.96,229.36,180.56,131.76,43.92
63.44,-53.68,-117.12,-4.88,87.84,-87.84,53.68,224.48,248.88,195.2,122,48.8
63.44,-48.8,-112.24,-4.88,87.84,-82.96,58.56,244,268.4,204.96,131.76,58.56
63.44,-43.92,-107.36,-9.76,82.96,-78.08,63.44,263.52,287.92,219.6,141.52,58.56
87.84,-9.76,-97.6,-39.04,92.72,-53.68,68.32,268.4,302.56,219.6,131.76,58.56
102.48,14.64,-87.84,-58.56,92.72,-39.04,68.32,278.16,317.2,229.36,141.52,78.08
92.72,-9.76,-102.48,-39.04,97.6,-58.56,82.96,297.68,326.96,244,161.04,97.6
78.08,-14.64,-92.72,-29.28,82.96,-53.68,92.72,302.56,336.72,253.76,165.92,92.72
92.72,0,-92.72,-43.92,92.72,-48.8,107.36,312.32,346.48,268.4,185.44,102.48
87.84,9.76,-78.08,-48.8,82.96,-34.16,112.24,317.2,346.48,292.8,209.84,117.12
73.2,9.76,-63.44,-39.04,68.32,-29.28,122,341.6,361.12,297.68,209.84,117.12
73.2,19.52,-53.68,-43.92,63.44,-19.52,131.76,356.24,375.76,302.56,195.2,122
82.96,24.4,-58.56,-53.68,68.32,-19.52,141.52,380.64,390.4,307.44,195.2,136.64
97.6,29.28,-68.32,-63.44,82.96,-19.52,136.64,395.28,395.28,297.68,204.96,131.76
82.96,14.64,-68.32,-48.8,73.2,-29.28,151.28,409.92,429.44,307.44,209.84,131.76
92.72,29.28,-63.44,-58.56,78.08,-19.52,165.92,424.56,444.08,326.96,224.48,136.64
87.84,29.28,-58.56,-58.56,73.2,-14.64,190.32,448.96,463.6,346.48,244,161.04
82.96,39.04,-43.92,-58.56,63.44,-4.88,200.08,458.72,468.48,361.12,248.88,161.04
92.72,78.08,-14.64,-82.96,53.68,29.28,209.84,468.48,478.24,366,253.76,165.92
97.6,97.6,0,-97.6,48.8,48.8,219.6,488,483.12,390.4,278.16,175.68
107.36,92.72,-14.64,-97.6,58.56,39.04,253.76,527.04,507.52,409.92,297.68,200.08
97.6,97.6,0,-97.6,48.8,48.8,263.52,551.44,527.04,414.8,312.32,204.96
102.48,122,19.52,-112.24,39.04,68.32,283.04,580.72,556.32,444.08,331.84,219.6
122,146.4,24.4,-131.76,48.8,82.96,302.56,614.88,580.72,453.84,351.36,234.24
112.24,146.4,34.16,-126.88,39.04,87.84,317.2,629.52,600.24,458.72,361.12,229.36
117.12,141.52,24.4,-126.88,43.92,82.96,326.96,649.04,614.88,473.36,366,229.36
126.88,156.16,29.28,-141.52,48.8,92.72,346.48,668.56,629.52,488,375.76,244
141.52,190.32,48.8,-165.92,43.92,117.12,370.88,683.2,634.4,507.52,395.28,263.52
151.28,209.84,58.56,-180.56,43.92,131.76,380.64,702.72,649.04,512.4,395.28,278.16
131.76,190.32,58.56,-161.04,34.16,122,395.28,722.24,653.92,531.92,405.04,292.8
107.36,170.8,63.44,-136.64,19.52,117.12,409.92,741.76,663.68,536.8,419.68,297.68
117.12,200.08,82.96,-156.16,14.64,141.52,414.8,766.16,683.2,541.68,424.56,302.56
131.76,234.24,102.48,-180.56,14.64,165.92,448.96,814.96,712.48,570.96,453.84,331.84
122,239.12,117.12,-180.56,0,175.68,468.48,839.36,736.88,580.72,468.48,331.84
122,263.52,141.52,-190.32,-9.76,200.08,478.24,854,741.76,575.84,463.6,322.08
126.88,253.76,126.88,-190.32,0,190.32,483.12,868.64,751.52,585.6,473.36,326.96
126.88,239.12,112.24,-180.56,4.88,175.68,502.64,888.16,761.28,595.36,488,336.72
117.12,239.12,122,-175.68,-4.88,180.56,507.52,888.16,761.28,605.12,483.12,336.72
126.88,268.4,141.52,-195.2,-9.76,204.96,522.16,907.68,775.92,610,502.64,341.6
170.8,317.2,146.4,-244,9.76,229.36,546.56,941.84,785.68,639.28,536.8,380.64
180.56,346.48,165.92,-263.52,4.88,253.76,561.2,951.6,785.68,634.4,531.92,385.52
161.04,326.96,165.92,-244,-4.88,244,566.08,966.24,795.44,634.4,517.28,390.4
151.28,312.32,161.04,-229.36,-4.88,234.24,585.6,995.52,814.96,639.28,531.92,400.16
151.28,331.84,180.56,-239.12,-14.64,253.76,575.84,1000.4,805.2,634.4,536.8,395.28
141.52,326.96,185.44,-234.24,-24.4,253.76,575.84,995.52,810.08,624.64,527.04,385.52
112.24,297.68,185.44,-204.96,-39.04,239.12,570.96,980.88,805.2,624.64,527.04,380.64
122,317.2,195.2,-219.6,-39.04,253.76,561.2,966.24,790.56,610,522.16,385.52
161.04,346.48,185.44,-253.76,-14.64,263.52,566.08,946.72,775.92,619.76,531.92,395.28
161.04,346.48,185.44,-253.76,-14.64,263.52,561.2,936.96,761.28,614.88,531.92,400.16
141.52,351.36,209.84,-244,-34.16,278.16,561.2,912.56,741.76,619.76,527.04,405.04
122,341.6,219.6,-229.36,-48.8,278.16,546.56,888.16,722.24,600.24,527.04,395.28
102.48,326.96,224.48,-214.72,-63.44,273.28,527.04,863.76,702.72,585.6,512.4,375.76
117.12,326.96,209.84,-219.6,-48.8,268.4,507.52,834.48,688.08,566.08,507.52,370.88
117.12,297.68,180.56,-204.96,-34.16,239.12,492.88,824.72,673.44,561.2,502.64,366
102.48,302.56,200.08,-200.08,-48.8,248.88,473.36,790.56,649.04,531.92,468.48,346.48
122,331.84,209.84,-224.48,-43.92,268.4,439.2,736.88,614.88,502.64,409.92,326.96
112.24,297.68,185.44,-204.96,-39.04,239.12,419.68,702.72,580.72,473.36,390.4,326.96
97.6,268.4,170.8,-180.56,-39.04,219.6,405.04,658.8,551.44,453.84,380.64,312.32
63.44,224.48,161.04,-141.52,-48.8,190.32,370.88,614.88,507.52,429.44,361.12,283.04
53.68,200.08,146.4,-126.88,-48.8,170.8,326.96,556.32,458.72,395.28,326.96,253.76
58.56,214.72,156.16,-136.64,-48.8,185.44,307.44,522.16,414.8,361.12,297.68,234.24
53.68,185.44,131.76,-117.12,-39.04,156.16,297.68,492.88,395.28,336.72,283.04,214.72
53.68,161.04,107.36,-107.36,-29.28,131.76,268.4,458.72,366,312.32,268.4,185.44
43.92,146.4,102.48,-92.72,-29.28,122,244,429.44,341.6,283.04,244,156.16
43.92,131.76,87.84,-87.84,-24.4,107.36,214.72,380.64,302.56,239.12,204.96,131.76
48.8,126.88,78.08,-87.84,-14.64,102.48,195.2,336.72,273.28,219.6,185.44,131.76
34.16,117.12,82.96,-73.2,-24.4,97.6,180.56,312.32,244,200.08,165.92,136.64
29.28,78.08,48.8,-53.68,-9.76,63.44,161.04,273.28,219.6,180.56,141.52,112.24
24.4,48.8,24.4,-34.16,0,34.16,136.64,234.24,170.8,146.4,117.12,87.84
4.88,43.92,39.04,-24.4,-19.52,39.04,102.48,190.32,131.76,117.12,102.48,73.2
-4.88,19.52,24.4,-4.88,-14.64,19.52,82.96,161.04,102.48,92.72,92.72,58.56
0,0,0,0,0,0,73.2,141.52,78.08,63.44,78.08,39.04
-4.88,-29.28,-24.4,19.52,9.76,-29.28,48.8,117.12,48.8,39.04,53.68,19.52
-4.88,-24.4,-19.52,14.64,4.88,-24.4,39.04,97.6,39.04,24.4,34.16,14.64
-4.88,-53.68,-48.8,29.28,19.52,-53.68,24.4,82.96,24.4,9.76,14.64,4.88
-4.88,-58.56,-53.68,34.16,24.4,-58.56,4.88,48.8,0,-9.76,-14.64,-24.4
-4.88,-58.56,-53.68,34.16,24.4,-58.56,-4.88,29.28,-14.64,-24.4,-39.04,-24.4
-4.88,-73.2,-68.32,39.04,29.28,-73.2,-14.64,4.88,-34.16,-39.04,-39.04,-24.4
-4.88,-78.08,-73.2,43.92,34.16,-78.08,-14.64,-9.76,-48.8,-43.92,-34.16,-19.52
-9.76,-82.96,-73.2,48.8,29.28,-78.08,-29.28,-34.16,-73.2,-53.68,-43.92,-29.28
-4.88,-63.44,-58.56,34.16,24.4,-63.44,-34.16,-48.8,-92.72,-68.32,-48.8,-39.04
14.64,-58.56,-73.2,24.4,43.92,-68.32,-43.92,-58.56,-97.6,-78.08,-58.56,-48.8
14.64,-82.96,-97.6,34.16,53.68,-92.72,-58.56,-68.32,-107.36,-92.72,-63.44,-58.56
-29.28,-107.36,-78.08,68.32,24.4,-92.72,-68.32,-73.2,-117.12,-102.48,-78.08,-63.44
-43.92,-117.12,-73.2,82.96,14.64,-97.6,-73.2,-87.84,-117.12,-112.24,-92.72,-82.96
-34.16,-136.64,-102.48,87.84,34.16,-122,-82.96,-102.48,-131.76,-122,-97.6,-87.84
-29.28,-141.52,-112.24,87.84,39.04,-126.88,-87.84,-112.24,-136.64,-126.88,-92.72,-87.84
-24.4,-136.64,-112.24,82.96,43.92,-126.88,-87.84,-126.88,-141.52,-131.76,-87.84,-87.84
-29.28,-136.64,-107.36,82.96,39.04,-122,-87.84,-136.64,-156.16,-136.64,-87.84,-87.84
-29.28,-136.64,-107.36,82.96,39.04,-122,-92.72,-141.52,-165.92,-136.64,-78.08,-78.08
-43.92,-161.04,-117.12,102.48,34.16,-141.52,-92.72,-151.28,-175.68,-146.4,-92.72,-78.08
-39.04,-165.92,-126.88,102.48,43.92,-146.4,-102.48,-161.04,-180.56,-161.04,-122,-87.84
-39.04,-170.8,-131.76,107.36,43.92,-151.28,-102.48,-151.28,-180.56,-165.92,-126.88,-87.84
-34.16,-165.92,-131.76,102.48,48.8,-151.28,-112.24,-156.16,-185.44,-165.92,-117.12,-92.72
-14.64,-146.4,-131.76,82.96,58.56,-141.52,-107.36,-156.16,-180.56,-175.68,-117.12,-102.48
0,-141.52,-141.52,73.2,68.32,-141.52,-107.36,-156.16,-170.8,-170.8,-122,-102.48
-19.52,-141.52,-122,82.96,48.8,-131.76,-102.48,-161.04,-175.68,-165.92,-122,-97.6
-14.64,-146.4,-131.76,82.96,58.56,-141.52,-97.6,-165.92,-175.68,-165.92,-126.88,-82.96
-19.52,-151.28,-131.76,87.84,53.68,-141.52,-102.48,-175.68,-185.44,-175.68,-136.64,-87.84
-29.28,-141.52,-112.24,87.84,39.04,-126.88,-107.36,-175.68,-195.2,-170.8,-131.76,-92.72
-24.4,-136.64,-112.24,82.96,43.92,-126.88,-102.48,-175.68,-195.2,-170.8,-126.88,-87.84
-24.4,-136.64,-112.24,82.96,43.92,-126.88,-102.48,-180.56,-200.08,-175.68,-126.88,-97.6
-34.16,-161.04,-126.88,97.6,43.92,-146.4,-102.48,-170.8,-195.2,-175.68,-126.88,-92.72
-34.16,-156.16,-122,97.6,43.92,-141.52,-122,-175.68,-200.08,-185.44,-136.64,-97.6
-48.8,-165.92,-117.12,107.36,34.16,-141.52,-117.12,-170.8,-190.32,-185.44,-136.64,-102.48
-29.28,-156.16,-126.88,92.72,48.8,-141.52,-117.12,-165.92,-185.44,-175.68,-131.76,-92.72
-24.4,-141.52,-117.12,82.96,43.92,-131.76,-122,-175.68,-195.2,-180.56,-136.64,-102.48
14.64,-112.24,-126.88,48.8,68.32,-122,-122,-185.44,-195.2,-175.68,-126.88,-102.48
9.76,-126.88,-136.64,58.56,73.2,-131.76,-112.24,-180.56,-185.44,-175.68,-122,-87.84
-4.88,-136.64,-131.76,73.2,63.44,-136.64,-112.24,-175.68,-190.32,-165.92,-102.48,-82.96
-9.76,-141.52,-131.76,78.08,58.56,-136.64,-117.12,-180.56,-190.32,-170.8,-107.36,-92.72
-14.64,-136.64,-122,78.08,53.68,-131.76,-126.88,-180.56,-195.2,-180.56,-117.12,-92.72
-9.76,-112.24,-102.48,63.44,43.92,-107.36,-131.76,-175.68,-204.96,-190.32,-136.64,-92.72
-9.76,-117.12,-107.36,63.44,48.8,-112.24,-131.76,-165.92,-195.2,-185.44,-136.64,-87.84
-24.4,-141.52,-117.12,82.96,43.92,-131.76,-136.64,-170.8,-190.32,-200.08,-151.28,-102.48
-19.52,-151.28,-131.76,87.84,53.68,-141.52,-141.52,-175.68,-185.44,-200.08,-151.28,-107.36
-29.28,-136.64,-107.36,82.96,39.04,-122,-141.52,-175.68,-180.56,-190.32,-141.52,-97.6
-19.52,-136.64,-117.12,78.08,48.8,-126.88,-131.76,-180.56,-175.68,-180.56,-131.76,-82.96
-29.28,-161.04,-131.76,97.6,48.8,-146.4,-136.64,-185.44,-185.44,-175.68,-136.64,-87.84
-43.92,-156.16,-112.24,102.48,34.16,-136.64,-141.52,-185.44,-190.32,-161.04,-126.88,-82.96
-48.8,-156.16,-107.36,102.48,29.28,-131.76,-141.52,-180.56,-190.32,-165.92,-122,-78.08
-9.76,-126.88,-117.12,68.32,53.68,-122,-136.64,-170.8,-185.44,-161.04,-107.36,-73.2
14.64,-97.6,-112.24,43.92,63.44,-107.36,-136.64,-161.04,-175.68,-161.04,-102.48,-68.32
19.52,-97.6,-117.12,39.04,68.32,-107.36,-146.4,-165.92,-175.68,-165.92,-92.72,-78.08
-14.64,-141.52,-126.88,78.08,53.68,-136.64,-151.28,-175.68,-175.68,-175.68,-102.48,-92.72
-19.52,-161.04,-141.52,92.72,58.56,-151.28,-165.92,-185.44,-185.44,-180.56,-122,-97.6
-14.64,-161.04,-146.4,87.84,63.44,-156.16,-161.04,-185.44,-180.56,-165.92,-136.64,-82.96
-9.76,-146.4,-136.64,78.08,63.44,-141.52,-156.16,-180.56,-180.56,-165.92,-131.76,-73.2
-14.64,-141.52,-126.88,78.08,53.68,-136.64,-156.16,-195.2,-185.44,-165.92,-117.12,-82.96
-24.4,-146.4,-122,87.84,48.8,-136.64,-165.92,-204.96,-190.32,-156.16,-112.24,-78.08
-19.52,-136.64,-117.12,78.08,48.8,-126.88,-161.04,-195.2,-185.44,-161.04,-107.36,-78.08
9.76,-122,-131.76,58.56,68.32,-126.88,-161.04,-195.2,-185.44,-165.92,-97.6,-73.2
4.88,-117.12,-122,58.56,63.44,-122,-170.8,-195.2,-185.44,-165.92,-97.6,-73.2
-4.88,-131.76,-126.88,68.32,58.56,-131.76,-175.68,-190.32,-190.32,-165.92,-102.48,-78.08
9.76,-122,-131.76,58.56,68.32,-126.88,-175.68,-185.44,-180.56,-161.04,-102.48,-78.08
24.4,-102.48,-126.88,39.04,73.2,-117.12,-180.56,-200.08,-180.56,-165.92,-102.48,-78.08
0,-126.88,-126.88,63.44,63.44,-126.88,-185.44,-204.96,-180.56,-156.16,-112.24,-82.96
-4.88,-146.4,-141.52,78.08,68.32,-146.4,-180.56,-200.08,-175.68,-146.4,-97.6,-68.32
-14.64,-141.52,-126.88,78.08,53.68,-136.64,-195.2,-224.48,-190.32,-165.92,-107.36,-78.08
-24.4,-146.4,-122,87.84,48.8,-136.64,-195.2,-224.48,-200.08,-165.92,-112.24,-73.2
-24.4,-146.4,-122,87.84,48.8,-136.64,-190.32,-219.6,-204.96,-165.92,-102.48,-63.44
-14.64,-151.28,-136.64,82.96,58.56,-146.4,-190.32,-224.48,-204.96,-170.8,-92.72,-68.32
-9.76,-141.52,-131.76,78.08,58.56,-136.64,-195.2,-219.6,-204.96,-165.92,-92.72,-73.2
0,-131.76,-131.76,68.32,63.44,-131.76,-204.96,-219.6,-214.72,-175.68,-117.12,-78.08
19.52,-117.12,-136.64,48.8,78.08,-126.88,-204.96,-214.72,-200.08,-175.68,-122,-68.32
29.28,-107.36,-136.64,39.04,82.96,-122,-200.08,-204.96,-185.44,-170.8,-112.24,-68.32
4.88,-131.76,-136.64,63.44,68.32,-136.64,-200.08,-209.84,-190.32,-165.92,-107.36,-68.32
-14.64,-161.04,-146.4,87.84,63.44,-156.16,-200.08,-219.6,-195.2,-170.8,-107.36,-68.32
-29.28,-165.92,-136.64,97.6,53.68,-151.28,-200.08,-224.48,-200.08,-170.8,-107.36,-78.08
-48.8,-175.68,-126.88,112.24,39.04,-151.28,-214.72,-239.12,-219.6,-180.56,-126.88,-87.84
-48.8,-180.56,-131.76,117.12,39.04,-156.16,-209.84,-229.36,-224.48,-185.44,-126.88,-78.08
-34.16,-161.04,-126.88,97.6,43.92,-146.4,-204.96,-229.36,-219.6,-185.44,-122,-73.2
-19.52,-136.64,-117.12,78.08,48.8,-126.88,-204.96,-229.36,-224.48,-190.32,-122,-73.2
14.64,-107.36,-122,48.8,68.32,-117.12,-195.2,-209.84,-209.84,-180.56,-112.24,-68.32
19.52,-107.36,-126.88,43.92,73.2,-117.12,-195.2,-209.84,-204.96,-185.44,-112.24,-82.96
4.88,-126.88,-131.76,63.44,68.32,-131.76,-195.2,-214.72,-200.08,-180.56,-117.12,-87.84
0,-122,-122,63.44,58.56,-122,-195.2,-209.84,-200.08,-180.56,-122,-92.72
-14.64,-131.76,-117.12,73.2,48.8,-126.88,-204.96,-219.6,-209.84,-190.32,-141.52,-92.72
-9.76,-141.52,-131.76,78.08,58.56,-136.64,-200.08,-229.36,-219.6,-185.44,-136.64,-87.84
-14.64,-131.76,-117.12,73.2,48.8,-126.88,-200.08,-229.36,-224.48,-185.44,-126.88,-92.72
-19.52,-131.76,-112.24,78.08,43.92,-122,-195.2,-229.36,-229.36,-190.32,-131.76,-97.6
-14.64,-122,-107.36,68.32,43.92,-117.12,-190.32,-219.6,-224.48,-185.44,-122,-92.72
-14.64,-126.88,-112.24,73.2,48.8,-122,-195.2,-214.72,-224.48,-190.32,-122,-92.72
-19.52,-131.76,-112.24,78.08,43.92,-122,-190.32,-209.84,-224.48,-190.32,-131.76,-92.72
-24.4,-146.4,-122,87.84,48.8,-136.64,-190.32,-219.6,-219.6,-195.2,-151.28,-87.84
-29.28,-151.28,-122,92.72,43.92,-136.64,-195.2,-224.48,-219.6,-209.84,-165.92,-92.72
-24.4,-146.4,-122,87.84,48.8,-136.64,-195.2,-219.6,-224.48,-214.72,-161.04,-102.48
-39.04,-161.04,-122,102.48,39.04,-141.52,-200.08,-229.36,-234.24,-219.6,-170.8,-117.12
-29.28,-151.28,-122,92.72,43.92,-136.64,-195.2,-229.36,-224.48,-209.84,-156.16,-122
-19.52,-136.64,-117.12,78.08,48.8,-126.88,-180.56,-219.6,-219.6,-190.32,-136.64,-107.36
-4.88,-122,-117.12,63.44,53.68,-122,-180.56,-219.6,-224.48,-190.32,-131.76,-97.6
-14.64,-117.12,-102.48,68.32,43.92,-112.24,-180.56,-219.6,-229.36,-200.08,-136.64,-102.48
-19.52,-141.52,-122,82.96,48.8,-131.76,-180.56,-214.72,-224.48,-204.96,-136.64,-112.24
-24.4,-136.64,-112.24,82.96,43.92,-126.88,-180.56,-214.72,-224.48,-204.96,-141.52,-107.36
-9.76,-117.12,-107.36,63.44,48.8,-112.24,-180.56,-209.84,-219.6,-209.84,-156.16,-97.6
-4.88,-117.12,-112.24,63.44,53.68,-117.12,-175.68,-214.72,-214.72,-209.84,-180.56,-92.72
-19.52,-156.16,-136.64,87.84,58.56,-146.4,-180.56,-214.72,-214.72,-204.96,-170.8,-97.6
-34.16,-161.04,-126.88,97.6,43.92,-146.4,-180.56,-219.6,-224.48,-209.84,-170.8,-102.48
-43.92,-175.68,-131.76,112.24,43.92,-156.16,-190.32,-234.24,-234.24,-229.36,-175.68,-117.12
-39.04,-146.4,-107.36,92.72,34.16,-126.88,-190.32,-234.24,-239.12,-219.6,-170.8,-117.12
-29.28,-136.64,-107.36,82.96,39.04,-122,-175.68,-224.48,-239.12,-214.72,-156.16,-112.24
-34.16,-146.4,-112.24,92.72,39.04,-131.76,-180.56,-229.36,-244,-219.6,-161.04,-117.12
-34.16,-151.28,-117.12,92.72,39.04,-136.64,-190.32,-224.48,-239.12,-224.48,-161.04,-117.12
-39.04,-151.28,-112.24,97.6,34.16,-131.76,-190.32,-224.48,-239.12,-239.12,-175.68,-122
-19.52,-136.64,-117.12,78.08,48.8,-126.88,-185.44,-219.6,-234.24,-239.12,-175.68,-122
-34.16,-141.52,-107.36,87.84,34.16,-126.88,-180.56,-219.6,-234.24,-234.24,-165.92,-122
-43.92,-161.04,-117.12,102.48,34.16,-141.52,-180.56,-219.6,-229.36,-224.48,-170.8,-117.12
-43.92,-156.16,-112.24,102.48,34.16,-136.64,-175.68,-224.48,-234.24,-224.48,-170.8,-117.12
-53.68,-151.28,-97.6,102.48,19.52,-126.88,-175.68,-229.36,-239.12,-234.24,-170.8,-122
-63.44,-161.04,-97.6,112.24,14.64,-131.76,-175.68,-224.48,-239.12,-224.48,-170.8,-122
-39.04,-146.4,-107.36,92.72,34.16,-126.88,-175.68,-219.6,-248.88,-229.36,-175.68,-117.12
-39.04,-151.28,-112.24,97.6,34.16,-131.76,-175.68,-219.6,-244,-234.24,-175.68,-126.88
-58.56,-165.92,-107.36,112.24,24.4,-136.64,-175.68,-219.6,-244,-229.36,-175.68,-126.88
-58.56,-161.04,-102.48,112.24,19.52,-131.76,-170.8,-214.72,-234.24,-224.48,-170.8,-126.88
-48.8,-146.4,-97.6,97.6,24.4,-122,-170.8,-214.72,-229.36,-234.24,-170.8,-131.76
-53.68,-126.88,-73.2,92.72,9.76,-102.48,-175.68,-219.6,-229.36,-234.24,-170.8,-136.64
-34.16,-122,-87.84,78.08,24.4,-107.36,-175.68,-214.72,-234.24,-229.36,-180.56,-131.76
-48.8,-141.52,-92.72,97.6,19.52,-117.12,-175.68,-219.6,-239.12,-224.48,-180.56,-126.88
-63.44,-175.68,-112.24,122,24.4,-146.4,-175.68,-229.36,-244,-234.24,-180.56,-126.88
-73.2,-170.8,-97.6,122,9.76,-136.64,-180.56,-234.24,-248.88,-234.24,-175.68,-126.88
-48.8,-141.52,-92.72,97.6,19.52,-117.12,-165.92,-219.6,-239.12,-224.48,-156.16,-122
-34.16,-136.64,-102.48,87.84,34.16,-122,-161.04,-209.84,-239.12,-224.48,-156.16,-131.76
-39.04,-131.76,-92.72,87.84,24.4,-112.24,-165.92,-209.84,-239.12,-224.48,-161.04,-141.52
-24.4,-92.72,-68.32,58.56,19.52,-82.96,-161.04,-214.72,-239.12,-229.36,-156.16,-141.52
-19.52,-92.72,-73.2,58.56,24.4,-82.96,-175.68,-219.6,-239.12,-244,-180.56,-141.52
-43.92,-126.88,-82.96,87.84,19.52,-107.36,-180.56,-224.48,-239.12,-253.76,-204.96,-141.52
-29.28,-126.88,-97.6,78.08,34.16,-112.24,-175.68,-219.6,-239.12,-244,-214.72,-136.64
-34.16,-136.64,-102.48,87.84,34.16,-122,-170.8,-219.6,-239.12,-239.12,-200.08,-126.88
-43.92,-131.76,-87.84,87.84,19.52,-112.24,-161.04,-224.48,-239.12,-239.12,-195.2,-126.88
-34.16,-112.24,-78.08,73.2,19.52,-97.6,-156.16,-214.72,-234.24,-224.48,-175.68,-117.12
-24.4,-117.12,-92.72,73.2,34.16,-107.36,-146.4,-204.96,-229.36,-224.48,-170.8,-122
-39.04,-117.12,-78.08,78.08,19.52,-97.6,-151.28,-209.84,-234.24,-224.48,-165.92,-131.76
-34.16,-97.6,-63.44,68.32,14.64,-82.96,-161.04,-200.08,-224.48,-224.48,-161.04,-136.64
-24.4,-97.6,-73.2,63.44,24.4,-87.84,-146.4,-180.56,-209.84,-214.72,-151.28,-131.76
-29.28,-102.48,-73.2,68.32,19.52,-87.84,-151.28,-190.32,-209.84,-224.48,-175.68,-136.64
-29.28,-92.72,-63.44,63.44,14.64,-78.08,-151.28,-190.32,-200.08,-209.84,-180.56,-122
-19.52,-82.96,-63.44,53.68,19.52,-73.2,-141.52,-185.44,-195.2,-209.84,-175.68,-117.12
-19.52,-82.96,-63.44,53.68,19.52,-73.2,-146.4,-195.2,-204.96,-214.72,-185.44,-112.24
-24.4,-68.32,-43.92,48.8,9.76,-58.56,-136.64,-195.2,-209.84,-209.84,-185.44,-107.36
-29.28,-58.56,-29.28,43.92,0,-43.92,-136.64,-200.08,-214.72,-209.84,-170.8,-107.36
-34.16,-43.92,-9.76,39.04,-14.64,-29.28,-131.76,-195.2,-219.6,-209.84,-175.68,-112.24
-39.04,-58.56,-19.52,48.8,-9.76,-39.04,-122,-185.44,-204.96,-209.84,-170.8,-122
-34.16,-58.56,-24.4,48.8,-4.88,-43.92,-126.88,-185.44,-204.96,-219.6,-165.92,-136.64
-34.16,-68.32,-34.16,53.68,0,-53.68,-122,-185.44,-209.84,-219.6,-165.92,-141.52
-29.28,-78.08,-48.8,53.68,9.76,-63.44,-117.12,-175.68,-200.08,-209.84,-175.68,-131.76
-29.28,-58.56,-29.28,43.92,0,-43.92,-122,-180.56,-200.08,-209.84,-175.68,-122
-24.4,-58.56,-34.16,43.92,4.88,-48.8,-117.12,-175.68,-195.2,-204.96,-170.8,-112.24
-14.64,-43.92,-29.28,29.28,4.88,-39.04,-112.24,-175.68,-185.44,-195.2,-165.92,-107.36
-19.52,-43.92,-24.4,34.16,0,-34.16,-112.24,-170.8,-180.56,-185.44,-151.28,-97.6
-43.92,-39.04,4.88,43.92,-24.4,-19.52,-126.88,-175.68,-180.56,-180.56,-136.64,-92.72
-4.88,-14.64,-9.76,9.76,0,-14.64,-136.64,-165.92,-180.56,-175.68,-126.88,-82.96
0,-24.4,-24.4,14.64,9.76,-24.4,-151.28,-180.56,-185.44,-175.68,-122,-92.72
-4.88,-14.64,-9.76,9.76,0,-14.64,-165.92,-185.44,-190.32,-185.44,-122,-102.48
0,-9.76,-9.76,4.88,4.88,-9.76,-156.16,-175.68,-185.44,-190.32,-131.76,-107.36
9.76,-24.4,-34.16,9.76,19.52,-29.28,-146.4,-175.68,-175.68,-195.2,-156.16,-107.36
-4.88,-53.68,-48.8,29.28,19.52,-53.68,-146.4,-180.56,-180.56,-200.08,-165.92,-102.48
-4.88,-53.68,-48.8,29.28,19.52,-53.68,-161.04,-190.32,-185.44,-200.08,-161.04,-112.24
-9.76,-58.56,-48.8,34.16,19.52,-53.68,-161.04,-200.08,-200.08,-209.84,-170.8,-107.36
4.88,-58.56,-63.44,29.28,34.16,-63.44,-175.68,-209.84,-209.84,-209.84,-180.56,-97.6
9.76,-58.56,-68.32,24.4,39.04,-63.44,-170.8,-209.84,-214.72,-214.72,-175.68,-92.72
9.76,-29.28,-39.04,9.76,24.4,-34.16,-175.68,-214.72,-224.48,-224.48,-175.68,-107.36
24.4,-14.64,-39.04,-4.88,29.28,-29.28,-161.04,-200.08,-209.84,-214.72,-161.04,-92.72
-19.52,-58.56,-39.04,39.04,9.76,-48.8,-175.68,-214.72,-214.72,-229.36,-185.44,-107.36
-73.2,-112.24,-39.04,92.72,-19.52,-78.08,-200.08,-229.36,-239.12,-248.88,-204.96,-136.64
-78.08,-126.88,-48.8,102.48,-14.64,-87.84,-190.32,-229.36,-239.12,-258.64,-204.96,-146.4
-82.96,-136.64,-53.68,112.24,-14.64,-97.6,-180.56,-224.48,-229.36,-248.88,-190.32,-141.52
-68.32,-117.12,-48.8,92.72,-9.76,-82.96,-180.56,-224.48,-229.36,-248.88,-185.44,-151.28
-58.56,-102.48,-43.92,82.96,-9.76,-73.2,-190.32,-239.12,-234.24,-248.88,-195.2,-156.16
-48.8,-107.36,-58.56,78.08,4.88,-82.96,-185.44,-244,-244,-258.64,-204.96,-156.16
-68.32,-126.88,-58.56,97.6,-4.88,-92.72,-175.68,-239.12,-248.88,-253.76,-214.72,-141.52
-92.72,-141.52,-48.8,117.12,-24.4,-97.6,-180.56,-234.24,-253.76,-263.52,-229.36,-146.4
-87.84,-146.4,-58.56,117.12,-14.64,-102.48,-175.68,-234.24,-253.76,-273.28,-224.48,-146.4
-97.6,-151.28,-53.68,126.88,-24.4,-102.48,-185.44,-229.36,-248.88,-273.28,-224.48,-156.16
-78.08,-141.52,-63.44,112.24,-9.76,-102.48,-180.56,-229.36,-248.88,-263.52,-219.6,-156.16
-53.68,-131.76,-78.08,92.72,9.76,-107.36,-175.68,-229.36,-239.12,-268.4,-224.48,-151.28
-78.08,-165.92,-87.84,122,4.88,-126.88,-180.56,-239.12,-244,-278.16,-229.36,-156.16
-82.96,-165.92,-82.96,126.88,0,-126.88,-185.44,-244,-253.76,-278.16,-239.12,-175.68
-82.96,-151.28,-68.32,117.12,-9.76,-112.24,-190.32,-253.76,-258.64,-287.92,-244,-175.68
-87.84,-146.4,-58.56,117.12,-14.64,-102.48,-200.08,-268.4,-278.16,-297.68,-244,-185.44
-97.6,-151.28,-53.68,126.88,-24.4,-102.48,-195.2,-253.76,-263.52,-283.04,-234.24,-175.68
-102.48,-161.04,-58.56,131.76,-24.4,-112.24,-195.2,-244,-263.52,-283.04,-239.12,-175.68
-87.84,-141.52,-53.68,117.12,-19.52,-97.6,-185.44,-239.12,-258.64,-278.16,-229.36,-165.92
-48.8,-117.12,-68.32,82.96,9.76,-92.72,-175.68,-224.48,-244,-273.28,-224.48,-161.04
-53.68,-122,-68.32,87.84,4.88,-97.6,-170.8,-229.36,-248.88,-273.28,-224.48,-161.04
-63.44,-122,-58.56,92.72,-4.88,-92.72,-175.68,-229.36,-244,-283.04,-239.12,-165.92
-78.08,-151.28,-73.2,117.12,-4.88,-112.24,-180.56,-239.12,-244,-287.92,-244,-165.92
-78.08,-146.4,-68.32,112.24,-4.88,-107.36,-190.32,-244,-248.88,-287.92,-248.88,-180.56
-68.32,-131.76,-63.44,102.48,-4.88,-97.6,-185.44,-244,-253.76,-283.04,-239.12,-180.56
-82.96,-131.76,-48.8,107.36,-19.52,-92.72,-185.44,-253.76,-263.52,-287.92,-248.88,-180.56
-102.48,-161.04,-58.56,131.76,-24.4,-112.24,-185.44,-248.88,-258.64,-287.92,-248.88,-180.56
-117.12,-185.44,-68.32,151.28,-24.4,-126.88,-185.44,-239.12,-258.64,-283.04,-248.88,-180.56
-122,-175.68,-53.68,151.28,-34.16,-117.12,-170.8,-229.36,-248.88,-278.16,-239.12,-170.8
-102.48,-156.16,-53.68,131.76,-24.4,-107.36,-161.04,-209.84,-234.24,-273.28,-229.36,-165.92
-97.6,-131.76,-34.16,117.12,-34.16,-82.96,-146.4,-185.44,-219.6,-263.52,-214.72,-161.04
-82.96,-122,-39.04,102.48,-24.4,-82.96,-131.76,-180.56,-209.84,-263.52,-214.72,-170.8
-68.32,-112.24,-43.92,92.72,-14.64,-78.08,-122,-175.68,-200.08,-258.64,-214.72,-170.8
-87.84,-126.88,-39.04,107.36,-24.4,-82.96,-107.36,-170.8,-204.96,-263.52,-224.48,-195.2
-107.36,-126.88,-19.52,117.12,-43.92,-73.2,-78.08,-146.4,-195.2,-258.64,-224.48,-214.72
-136.64,-156.16,-19.52,146.4,-58.56,-87.84,-29.28,-102.48,-175.68,-253.76,-248.88,-229.36
-117.12,-161.04,-43.92,141.52,-39.04,-102.48,29.28,-39.04,-141.52,-239.12,-273.28,-239.12
-73.2,-117.12,-43.92,97.6,-14.64,-82.96,97.6,48.8,-92.72,-229.36,-307.44,-239.12
-82.96,-170.8,-87.84,126.88,0,-131.76,156.16,156.16,-19.52,-214.72,-322.08,-263.52
-78.08,-219.6,-141.52,151.28,29.28,-180.56,219.6,287.92,68.32,-180.56,-322.08,-283.04
-53.68,-209.84,-156.16,131.76,48.8,-185.44,287.92,448.96,195.2,-126.88,-317.2,-292.8
-58.56,-195.2,-136.64,126.88,39.04,-165.92,331.84,619.76,322.08,-78.08,-346.48,-336.72
-68.32,-195.2,-126.88,131.76,29.28,-161.04,400.16,854,507.52,4.88,-341.6,-370.88
-14.64,-141.52,-126.88,78.08,53.68,-136.64,541.68,1176.08,756.4,146.4,-317.2,-366
53.68,-73.2,-126.88,9.76,87.84,-102.48,668.56,1473.76,1010.16,307.44,-244,-317.2
126.88,-19.52,-146.4,-53.68,136.64,-82.96,722.24,1610.4,1180.96,473.36,-126.88,-224.48
200.08,82.96,-117.12,-141.52,156.16,-19.52,736.88,1644.56,1312.72,678.32,73.2,-78.08
287.92,244,-43.92,-263.52,165.92,97.6,751.52,1576.24,1385.92,878.4,307.44,107.36
380.64,444.08,63.44,-409.92,156.16,253.76,756.4,1351.76,1337.12,1078.48,595.36,356.24
483.12,668.56,185.44,-575.84,146.4,424.56,678.32,1019.92,1156.56,1229.76,917.44,634.4
536.8,873.52,336.72,-702.72,97.6,605.12,600.24,653.92,956.48,1381.04,1249.28,922.32
531.92,1146.8,614.88,-839.36,-43.92,878.4,575.84,258.64,785.68,1586,1610.4,1215.12
444.08,1454.24,1010.16,-946.72,-283.04,1229.76,566.08,-175.68,619.76,1795.84,1947.12,1473.76
331.84,1761.68,1429.84,-1044.32,-551.44,1595.76,600.24,-653.92,395.28,1956.88,2205.76,1688.48
214.72,1937.36,1722.64,-1073.6,-756.4,1830,673.44,-1034.56,200.08,2059.36,2381.44,1825.12
141.52,1932.48,1790.96,-1034.56,-824.72,1859.28,771.04,-1220,82.96,2093.52,2415.6,1844.64
82.96,1747.04,1664.08,-912.56,-790.56,1703.12,897.92,-1376.16,-73.2,1922.72,2205.76,1693.36
-24.4,1498.16,1522.56,-736.88,-775.92,1507.92,897.92,-1512.8,-351.36,1493.28,1786.08,1424.96
-185.44,1210.24,1395.68,-512.4,-790.56,1302.96,736.88,-1639.68,-697.84,932.08,1224.88,1078.48
-317.2,917.44,1234.64,-297.68,-775.92,1073.6,463.6,-1732.4,-1044.32,209.84,527.04,658.8
-409.92,653.92,1063.84,-122,-736.88,858.88,-34.16,-1800.72,-1307.84,-409.92,-53.68,297.68
-444.08,405.04,849.12,19.52,-649.04,624.64,-492.88,-1790.96,-1317.6,-605.12,-312.32,48.8
-434.32,219.6,653.92,107.36,-546.56,434.32,-634.4,-1639.68,-1190.72,-561.2,-341.6,-73.2
-414.8,141.52,556.32,136.64,-488,346.48,-795.44,-1527.44,-1078.48,-502.64,-326.96,-122
-400.16,78.08,478.24,161.04,-439.2,278.16,-941.84,-1493.28,-1054.08,-566.08,-351.36,-161.04
-370.88,-9.76,361.12,190.32,-366,175.68,-893.04,-1351.76,-1029.68,-683.2,-395.28,-209.84
-326.96,-48.8,278.16,190.32,-302.56,112.24,-805.2,-1127.28,-897.92,-658.8,-390.4,-214.72
-297.68,-53.68,244,175.68,-273.28,92.72,-751.52,-927.2,-732,-546.56,-336.72,-200.08
-268.4,-34.16,234.24,151.28,-253.76,97.6,-668.56,-761.28,-600.24,-448.96,-283.04,-165.92
-224.48,-24.4,200.08,126.88,-214.72,87.84,-561.2,-614.88,-483.12,-375.76,-253.76,-151.28
-190.32,-9.76,180.56,102.48,-185.44,82.96,-458.72,-502.64,-400.16,-317.2,-248.88,-146.4
-156.16,0,156.16,78.08,-156.16,78.08,-366,-385.52,-297.68,-268.4,-214.72,-136.64
-107.36,-24.4,82.96,68.32,-97.6,29.28,-263.52,-263.52,-195.2,-209.84,-170.8,-117.12
-63.44,-39.04,24.4,53.68,-43.92,-9.76,-151.28,-141.52,-97.6,-141.52,-136.64,-87.84
-53.68,-48.8,4.88,53.68,-29.28,-24.4,-92.72,-92.72,-48.8,-112.24,-126.88,-82.96
-53.68,-63.44,-9.76,58.56,-24.4,-39.04,-82.96,-82.96,-39.04,-112.24,-126.88,-87.84
-73.2,-87.84,-14.64,82.96,-29.28,-53.68,-87.84,-87.84,-48.8,-117.12,-136.64,-97.6
-78.08,-92.72,-14.64,87.84,-34.16,-53.68,-92.72,-82.96,-63.44,-122,-141.52,-107.36
-92.72,-92.72,0,92.72,-48.8,-48.8,-92.72,-78.08,-73.2,-131.76,-156.16,-102.48
-87.84,-82.96,4.88,87.84,-48.8,-39.04,-92.72,-63.44,-63.44,-136.64,-156.16,-102.48
-87.84,-102.48,-14.64,97.6,-39.04,-58.56,-82.96,-39.04,-53.68,-131.76,-151.28,-102.48
-78.08,-78.08,0,78.08,-39.04,-39.04,-87.84,-34.16,-48.8,-141.52,-161.04,-117.12
-58.56,-87.84,-29.28,73.2,-14.64,-58.56,-78.08,-9.76,-24.4,-131.76,-151.28,-112.24
-24.4,-68.32,-43.92,48.8,9.76,-58.56,-73.2,0,-9.76,-126.88,-146.4,-112.24
-39.04,-73.2,-34.16,58.56,-4.88,-53.68,-78.08,-14.64,-9.76,-126.88,-146.4,-126.88
-58.56,-107.36,-48.8,82.96,-4.88,-78.08,-78.08,-19.52,-24.4,-126.88,-151.28,-131.76
-68.32,-122,-53.68,97.6,-9.76,-87.84,-78.08,-19.52,-29.28,-122,-141.52,-126.88
-73.2,-112.24,-39.04,92.72,-19.52,-78.08,-68.32,-14.64,-29.28,-112.24,-141.52,-117.12
-87.84,-92.72,-4.88,92.72,-43.92,-48.8,-78.08,-24.4,-43.92,-126.88,-161.04,-112.24
-92.72,-92.72,0,92.72,-48.8,-48.8,-87.84,-19.52,-39.04,-136.64,-170.8,-112.24
-63.44,-97.6,-34.16,82.96,-14.64,-68.32,-73.2,9.76,-24.4,-122,-151.28,-102.48
-58.56,-82.96,-24.4,73.2,-19.52,-53.68,-78.08,9.76,-24.4,-136.64,-156.16,-107.36
-48.8,-78.08,-29.28,63.44,-9.76,-53.68,-78.08,14.64,-9.76,-131.76,-151.28,-117.12
-19.52,-53.68,-34.16,39.04,4.88,-43.92,-63.44,39.04,14.64,-107.36,-136.64,-112.24
-34.16,-73.2,-39.04,53.68,0,-58.56,-63.44,24.4,14.64,-102.48,-141.52,-112.24
-29.28,-63.44,-34.16,48.8,0,-48.8,-48.8,24.4,19.52,-102.48,-136.64,-107.36
-24.4,-48.8,-24.4,39.04,0,-39.04,-43.92,34.16,24.4,-82.96,-117.12,-87.84
-68.32,-87.84,-19.52,78.08,-24.4,-53.68,-48.8,24.4,9.76,-87.84,-122,-102.48
-82.96,-92.72,-9.76,87.84,-39.04,-53.68,-39.04,29.28,9.76,-78.08,-102.48,-87.84
-68.32,-73.2,-4.88,73.2,-34.16,-39.04,-48.8,34.16,14.64,-82.96,-102.48,-97.6
-43.92,-53.68,-9.76,48.8,-19.52,-34.16,-48.8,48.8,19.52,-78.08,-92.72,-97.6
-48.8,-63.44,-14.64,58.56,-19.52,-39.04,-43.92,58.56,39.04,-73.2,-92.72,-97.6
-68.32,-97.6,-29.28,82.96,-19.52,-63.44,-53.68,63.44,48.8,-82.96,-97.6,-102.48
-43.92,-68.32,-24.4,58.56,-9.76,-48.8,-53.68,63.44,58.56,-78.08,-122,-102.48
-19.52,-39.04,-19.52,29.28,0,-29.28,-34.16,68.32,58.56,-68.32,-126.88,-78.08
-39.04,-53.68,-14.64,48.8,-14.64,-34.16,-34.16,58.56,63.44,-63.44,-112.24,-82.96
-34.16,-53.68,-19.52,43.92,-9.76,-39.04,-34.16,68.32,63.44,-43.92,-107.36,-73.2
-48.8,-53.68,-4.88,53.68,-24.4,-29.28,-29.28,68.32,63.44,-39.04,-102.48,-73.2
-53.68,-39.04,14.64,48.8,-34.16,-14.64,-24.4,78.08,68.32,-29.28,-82.96,-63.44
-34.16,-24.4,9.76,29.28,-24.4,-9.76,-24.4,87.84,78.08,-14.64,-73.2,-63.44
-48.8,-43.92,4.88,48.8,-29.28,-19.52,-29.28,92.72,78.08,-24.4,-73.2,-63.44
-48.8,-39.04,9.76,43.92,-29.28,-14.64,-24.4,102.48,92.72,-24.4,-73.2,-63.44
-39.04,-34.16,4.88,39.04,-24.4,-14.64,-29.28,112.24,102.48,-24.4,-73.2,-63.44
-48.8,-58.56,-9.76,53.68,-19.52,-34.16,-29.28,107.36,112.24,-19.52,-78.08,-68.32
-43.92,-48.8,-4.88,48.8,-19.52,-29.28,-19.52,112.24,117.12,-4.88,-68.32,-63.44
-39.04,-39.04,0,39.04,-19.52,-19.52,-14.64,107.36,126.88,0,-63.44,-58.56
-39.04,-34.16,4.88,39.04,-24.4,-14.64,-19.52,97.6,112.24,0,-63.44,-58.56
-39.04,-24.4,14.64,34.16,-29.28,-4.88,-14.64,97.6,117.12,9.76,-53.68,-53.68
-29.28,-19.52,9.76,24.4,-19.52,-4.88,4.88,122,131.76,29.28,-34.16,-34.16
-4.88,0,4.88,4.88,-4.88,0,9.76,146.4,151.28,39.04,-24.4,-19.52
-9.76,4.88,14.64,4.88,-14.64,9.76,9.76,161.04,161.04,48.8,-14.64,-24.4
-24.4,4.88,29.28,9.76,-29.28,14.64,9.76,170.8,170.8,43.92,-14.64,-39.04
-24.4,9.76,34.16,9.76,-29.28,19.52,19.52,185.44,195.2,53.68,-4.88,-39.04
-19.52,0,19.52,9.76,-19.52,9.76,24.4,185.44,204.96,58.56,0,-43.92
-14.64,0,14.64,9.76,-14.64,4.88,24.4,180.56,204.96,73.2,4.88,-29.28
-19.52,4.88,24.4,9.76,-24.4,14.64,29.28,180.56,214.72,82.96,9.76,-19.52
-34.16,-14.64,19.52,24.4,-29.28,0,29.28,185.44,214.72,87.84,0,-14.64
-24.4,4.88,29.28,9.76,-29.28,14.64,34.16,190.32,214.72,92.72,0,-4.88
-9.76,24.4,34.16,-4.88,-24.4,29.28,58.56,209.84,229.36,102.48,24.4,14.64
-19.52,14.64,34.16,4.88,-29.28,24.4,53.68,214.72,229.36,97.6,29.28,4.88
-14.64,24.4,39.04,-4.88,-29.28,29.28,63.44,234.24,248.88,112.24,39.04,9.76
-4.88,34.16,39.04,-14.64,-24.4,34.16,78.08,258.64,268.4,126.88,48.8,29.28
-4.88,39.04,43.92,-14.64,-24.4,39.04,87.84,278.16,292.8,136.64,58.56,34.16
9.76,53.68,43.92,-29.28,-19.52,48.8,97.6,287.92,307.44,151.28,63.44,34.16
24.4,48.8,24.4,-34.16,0,34.16,107.36,297.68,322.08,165.92,68.32,43.92
0,34.16,34.16,-14.64,-19.52,34.16,117.12,302.56,331.84,175.68,82.96,48.8
4.88,53.68,48.8,-29.28,-24.4,48.8,117.12,307.44,331.84,185.44,87.84,53.68
9.76,78.08,68.32,-43.92,-29.28,73.2,126.88,317.2,331.84,195.2,97.6,53.68
14.64,107.36,92.72,-58.56,-39.04,97.6,146.4,341.6,351.36,214.72,117.12,78.08
-9.76,87.84,97.6,-39.04,-53.68,92.72,151.28,366,370.88,229.36,126.88,82.96
-14.64,82.96,97.6,-34.16,-58.56,87.84,156.16,385.52,375.76,229.36,131.76,78.08
29.28,141.52,112.24,-82.96,-43.92,126.88,185.44,424.56,414.8,248.88,156.16,102.48
34.16,141.52,107.36,-87.84,-39.04,122,200.08,444.08,434.32,263.52,165.92,107.36
19.52,117.12,97.6,-68.32,-39.04,107.36,204.96,448.96,439.2,263.52,165.92,92.72
19.52,102.48,82.96,-58.56,-34.16,92.72,224.48,468.48,463.6,292.8,185.44,102.48
24.4,117.12,92.72,-68.32,-34.16,102.48,234.24,483.12,478.24,302.56,200.08,107.36
24.4,161.04,136.64,-92.72,-58.56,146.4,244,488,473.36,307.44,200.08,122
29.28,156.16,126.88,-92.72,-48.8,141.52,268.4,512.4,488,326.96,224.48,151.28
24.4,156.16,131.76,-87.84,-53.68,141.52,287.92,536.8,497.76,341.6,248.88,161.04
24.4,175.68,151.28,-97.6,-63.44,161.04,302.56,561.2,522.16,351.36,248.88,175.68
29.28,204.96,175.68,-117.12,-73.2,190.32,312.32,585.6,527.04,351.36,234.24,175.68
4.88,185.44,180.56,-92.72,-87.84,180.56,317.2,605.12,541.68,356.24,248.88,175.68
14.64,195.2,180.56,-102.48,-82.96,185.44,331.84,629.52,566.08,366,268.4,180.56
19.52,200.08,180.56,-107.36,-82.96,190.32,356.24,653.92,585.6,390.4,283.04,185.44
14.64,214.72,200.08,-112.24,-92.72,204.96,380.64,673.44,605.12,409.92,287.92,195.2
34.16,248.88,214.72,-141.52,-92.72,229.36,405.04,688.08,619.76,429.44,307.44,214.72
53.68,273.28,219.6,-161.04,-82.96,244,419.68,712.48,644.16,448.96,326.96,234.24
68.32,278.16,209.84,-170.8,-73.2,244,444.08,732,644.16,468.48,351.36,244
58.56,268.4,209.84,-161.04,-78.08,239.12,463.6,756.4,658.8,478.24,361.12,263.52
68.32,292.8,224.48,-180.56,-78.08,258.64,468.48,775.92,663.68,473.36,356.24,283.04
58.56,307.44,248.88,-180.56,-97.6,278.16,497.76,805.2,683.2,483.12,361.12,292.8
63.44,326.96,263.52,-195.2,-102.48,292.8,517.28,839.36,707.6,497.76,375.76,307.44
78.08,346.48,268.4,-209.84,-97.6,307.44,536.8,863.76,722.24,507.52,390.4,297.68
68.32,331.84,263.52,-200.08,-97.6,297.68,541.68,873.52,732,507.52,395.28,287.92
58.56,341.6,283.04,-200.08,-112.24,312.32,566.08,897.92,751.52,531.92,414.8,287.92
82.96,370.88,287.92,-224.48,-102.48,326.96,585.6,907.68,761.28,541.68,424.56,302.56
73.2,375.76,302.56,-224.48,-117.12,336.72,585.6,922.32,761.28,546.56,429.44,326.96
63.44,375.76,312.32,-219.6,-126.88,341.6,600.24,927.2,756.4,561.2,439.2,331.84
53.68,385.52,331.84,-219.6,-141.52,356.24,614.88,941.84,766.16,566.08,444.08,341.6
48.8,380.64,331.84,-214.72,-141.52,356.24,624.64,961.36,766.16,566.08,458.72,346.48
63.44,395.28,331.84,-229.36,-136.64,361.12,629.52,980.88,775.92,566.08,458.72,346.48
68.32,405.04,336.72,-234.24,-136.64,370.88,634.4,985.76,780.8,561.2,458.72,351.36
78.08,419.68,341.6,-248.88,-131.76,380.64,634.4,990.64,790.56,566.08,463.6,351.36
68.32,409.92,341.6,-239.12,-136.64,375.76,644.16,995.52,795.44,570.96,468.48,351.36
58.56,414.8,356.24,-234.24,-151.28,385.52,644.16,980.88,790.56,575.84,473.36,356.24
68.32,419.68,351.36,-244,-141.52,385.52,629.52,961.36,771.04,570.96,458.72,351.36
58.56,405.04,346.48,-229.36,-146.4,375.76,634.4,946.72,766.16,580.72,468.48,361.12
29.28,400.16,370.88,-214.72,-170.8,385.52,624.64,927.2,741.76,570.96,473.36,356.24
29.28,390.4,361.12,-209.84,-165.92,375.76,610,907.68,727.12,566.08,473.36,361.12
39.04,405.04,366,-219.6,-165.92,385.52,580.72,878.4,702.72,541.68,458.72,351.36
34.16,400.16,366,-214.72,-165.92,380.64,556.32,849.12,678.32,527.04,444.08,336.72
24.4,375.76,351.36,-200.08,-165.92,361.12,531.92,819.84,653.92,502.64,424.56,322.08
24.4,366,341.6,-195.2,-161.04,351.36,507.52,785.68,634.4,478.24,405.04,312.32
48.8,375.76,326.96,-209.84,-141.52,351.36,492.88,766.16,624.64,468.48,390.4,302.56
34.16,341.6,307.44,-185.44,-136.64,322.08,468.48,722.24,590.48,444.08,366,287.92
0,312.32,312.32,-156.16,-156.16,312.32,429.44,658.8,541.68,409.92,341.6,253.76
4.88,283.04,278.16,-141.52,-136.64,278.16,405.04,619.76,517.28,390.4,326.96,244
0,287.92,287.92,-141.52,-146.4,287.92,375.76,575.84,478.24,370.88,287.92,234.24
0,292.8,292.8,-146.4,-146.4,292.8,336.72,531.92,434.32,322.08,244,209.84
4.88,268.4,263.52,-136.64,-131.76,263.52,312.32,497.76,400.16,292.8,229.36,195.2
19.52,263.52,244,-141.52,-112.24,253.76,283.04,458.72,366,268.4,204.96,170.8
19.52,248.88,229.36,-131.76,-107.36,239.12,268.4,439.2,346.48,239.12,195.2,151.28
9.76,234.24,224.48,-122,-107.36,229.36,244,395.28,317.2,204.96,170.8,126.88
9.76,204.96,195.2,-107.36,-92.72,200.08,214.72,351.36,287.92,180.56,141.52,102.48
-24.4,170.8,195.2,-73.2,-112.24,180.56,190.32,322.08,253.76,151.28,112.24,82.96
-34.16,141.52,175.68,-53.68,-107.36,156.16,170.8,273.28,214.72,126.88,87.84,73.2
-39.04,107.36,146.4,-34.16,-92.72,126.88,146.4,229.36,185.44,102.48,63.44,63.44
-43.92,102.48,146.4,-29.28,-97.6,122,122,200.08,146.4,78.08,43.92,53.68
-43.92,92.72,136.64,-24.4,-92.72,112.24,97.6,165.92,112.24,43.92,24.4,34.16
-43.92,73.2,117.12,-14.64,-82.96,92.72,78.08,136.64,87.84,24.4,9.76,14.64
-53.68,58.56,112.24,0,-82.96,82.96,53.68,112.24,58.56,-9.76,-4.88,-4.88
-53.68,39.04,92.72,9.76,-73.2,63.44,43.92,102.48,43.92,-24.4,-19.52,-24.4
-43.92,29.28,73.2,9.76,-58.56,48.8,24.4,78.08,29.28,-43.92,-34.16,-39.04
-53.68,4.88,58.56,24.4,-58.56,29.28,9.76,53.68,14.64,-63.44,-53.68,-53.68
-48.8,9.76,58.56,19.52,-53.68,34.16,4.88,39.04,4.88,-73.2,-78.08,-48.8
-39.04,4.88,43.92,19.52,-43.92,24.4,-4.88,14.64,-14.64,-82.96,-92.72,-48.8
-63.44,-24.4,39.04,43.92,-53.68,4.88,-19.52,-19.52,-43.92,-102.48,-97.6,-58.56
-63.44,-14.64,48.8,39.04,-58.56,14.64,-29.28,-29.28,-63.44,-107.36,-92.72,-53.68
-58.56,-34.16,24.4,48.8,-43.92,-4.88,-34.16,-39.04,-73.2,-112.24,-97.6,-53.68
-48.8,-24.4,24.4,39.04,-39.04,0,-48.8,-58.56,-97.6,-136.64,-112.24,-63.44
-58.56,-43.92,14.64,53.68,-39.04,-14.64,-58.56,-58.56,-102.48,-146.4,-122,-78.08
-68.32,-63.44,4.88,68.32,-39.04,-29.28,-68.32,-78.08,-117.12,-161.04,-131.76,-97.6
-58.56,-73.2,-14.64,68.32,-24.4,-43.92,-78.08,-82.96,-126.88,-170.8,-141.52,-102.48
-58.56,-92.72,-34.16,78.08,-14.64,-63.44,-87.84,-92.72,-126.88,-180.56,-146.4,-97.6
-58.56,-68.32,-9.76,63.44,-24.4,-39.04,-82.96,-102.48,-131.76,-175.68,-146.4,-97.6
-68.32,-78.08,-9.76,73.2,-29.28,-43.92,-87.84,-122,-141.52,-175.68,-151.28,-102.48
-87.84,-97.6,-9.76,92.72,-39.04,-53.68,-97.6,-136.64,-156.16,-185.44,-156.16,-112.24
-73.2,-87.84,-14.64,82.96,-29.28,-53.68,-102.48,-141.52,-165.92,-185.44,-146.4,-117.12
-73.2,-73.2,0,73.2,-39.04,-39.04,-102.48,-141.52,-165.92,-190.32,-136.64,-107.36
-87.84,-97.6,-9.76,92.72,-39.04,-53.68,-112.24,-151.28,-175.68,-200.08,-151.28,-117.12
-82.96,-107.36,-24.4,97.6,-29.28,-68.32,-112.24,-141.52,-175.68,-204.96,-146.4,-117.12
-58.56,-97.6,-39.04,78.08,-9.76,-68.32,-107.36,-141.52,-165.92,-200.08,-141.52,-126.88
-53.68,-87.84,-34.16,73.2,-9.76,-63.44,-117.12,-151.28,-170.8,-204.96,-151.28,-131.76
-53.68,-78.08,-24.4,68.32,-14.64,-53.68,-107.36,-151.28,-170.8,-209.84,-161.04,-126.88
-63.44,-92.72,-29.28,78.08,-19.52,-63.44,-107.36,-156.16,-170.8,-209.84,-161.04,-122
-48.8,-87.84,-39.04,68.32,-4.88,-63.44,-107.36,-165.92,-175.68,-204.96,-161.04,-117.12
-53.68,-87.84,-34.16,73.2,-9.76,-63.44,-112.24,-170.8,-185.44,-209.84,-185.44,-117.12
-68.32,-107.36,-39.04,87.84,-14.64,-73.2,-112.24,-180.56,-195.2,-214.72,-190.32,-117.12
-58.56,-82.96,-24.4,73.2,-19.52,-53.68,-112.24,-175.68,-195.2,-214.72,-165.92,-107.36
-63.44,-78.08,-14.64,73.2,-24.4,-48.8,-112.24,-170.8,-190.32,-209.84,-165.92,-107.36
-73.2,-87.84,-14.64,82.96,-29.28,-53.68,-122,-170.8,-195.2,-214.72,-170.8,-117.12
-58.56,-92.72,-34.16,78.08,-14.64,-63.44,-112.24,-165.92,-180.56,-209.84,-165.92,-117.12
-58.56,-102.48,-43.92,82.96,-9.76,-73.2,-117.12,-161.04,-180.56,-219.6,-170.8,-117.12
-53.68,-82.96,-29.28,68.32,-14.64,-58.56,-112.24,-156.16,-175.68,-219.6,-175.68,-117.12
-48.8,-82.96,-34.16,68.32,-9.76,-58.56,-117.12,-161.04,-180.56,-219.6,-170.8,-126.88
-68.32,-107.36,-39.04,87.84,-14.64,-73.2,-122,-170.8,-180.56,-209.84,-161.04,-126.88
-68.32,-112.24,-43.92,92.72,-14.64,-78.08,-117.12,-175.68,-180.56,-204.96,-161.04,-122
-68.32,-112.24,-43.92,92.72,-14.64,-78.08,-122,-185.44,-195.2,-209.84,-170.8,-131.76
-63.44,-102.48,-39.04,82.96,-14.64,-73.2,-122,-190.32,-200.08,-214.72,-161.04,-126.88
-48.8,-82.96,-34.16,68.32,-9.76,-58.56,-126.88,-180.56,-190.32,-209.84,-156.16,-112.24
-53.68,-87.84,-34.16,73.2,-9.76,-63.44,-131.76,-175.68,-195.2,-219.6,-165.92,-117.12
-68.32,-112.24,-43.92,92.72,-14.64,-78.08,-126.88,-165.92,-185.44,-219.6,-185.44,-107.36
-53.68,-87.84,-34.16,73.2,-9.76,-63.44,-126.88,-161.04,-180.56,-219.6,-195.2,-97.6
-48.8,-97.6,-48.8,73.2,0,-73.2,-126.88,-161.04,-165.92,-209.84,-175.68,-102.48
-43.92,-92.72,-48.8,68.32,0,-73.2,-126.88,-165.92,-165.92,-214.72,-170.8,-112.24
-53.68,-107.36,-53.68,82.96,0,-82.96,-131.76,-175.68,-170.8,-219.6,-170.8,-112.24
-73.2,-122,-48.8,97.6,-14.64,-87.84,-136.64,-180.56,-180.56,-214.72,-175.68,-117.12
-73.2,-107.36,-34.16,92.72,-19.52,-73.2,-136.64,-175.68,-185.44,-209.84,-170.8,-112.24
-73.2,-107.36,-34.16,92.72,-19.52,-73.2,-136.64,-170.8,-190.32,-204.96,-165.92,-112.24
-82.96,-122,-39.04,102.48,-24.4,-82.96,-146.4,-175.68,-185.44,-209.84,-175.68,-112.24
-58.56,-107.36,-48.8,82.96,-4.88,-78.08,-141.52,-161.04,-185.44,-209.84,-170.8,-102.48
-43.92,-92.72,-48.8,68.32,0,-73.2,-146.4,-165.92,-180.56,-214.72,-170.8,-107.36
-53.68,-102.48,-48.8,78.08,-4.88,-78.08,-151.28,-161.04,-170.8,-209.84,-165.92,-112.24
-53.68,-112.24,-58.56,82.96,0,-87.84,-161.04,-170.8,-170.8,-209.84,-165.92,-107.36
-34.16,-107.36,-73.2,73.2,19.52,-92.72,-146.4,-165.92,-175.68,-200.08,-156.16,-112.24
-34.16,-112.24,-78.08,73.2,19.52,-97.6,-136.64,-165.92,-161.04,-190.32,-146.4,-102.48
-48.8,-122,-73.2,87.84,9.76,-97.6,-141.52,-170.8,-165.92,-190.32,-141.52,-97.6
-43.92,-102.48,-58.56,73.2,4.88,-82.96,-151.28,-180.56,-180.56,-190.32,-151.28,-97.6
-43.92,-87.84,-43.92,68.32,0,-68.32,-161.04,-185.44,-180.56,-190.32,-141.52,-97.6
-39.04,-92.72,-53.68,68.32,4.88,-73.2,-161.04,-190.32,-185.44,-200.08,-151.28,-92.72
-19.52,-97.6,-78.08,58.56,29.28,-87.84,-156.16,-170.8,-175.68,-195.2,-136.64,-82.96
-29.28,-82.96,-53.68,58.56,9.76,-68.32,-165.92,-180.56,-180.56,-200.08,-146.4,-102.48
-68.32,-112.24,-43.92,92.72,-14.64,-78.08,-175.68,-180.56,-185.44,-209.84,-151.28,-107.36
-39.04,-97.6,-58.56,68.32,9.76,-78.08,-175.68,-185.44,-175.68,-200.08,-146.4,-107.36
-34.16,-102.48,-68.32,68.32,14.64,-87.84,-185.44,-190.32,-185.44,-200.08,-156.16,-112.24
-34.16,-112.24,-78.08,73.2,19.52,-97.6,-180.56,-204.96,-180.56,-190.32,-146.4,-117.12
-24.4,-87.84,-63.44,58.56,19.52,-78.08,-185.44,-204.96,-185.44,-185.44,-141.52,-117.12
-29.28,-97.6,-68.32,63.44,19.52,-82.96,-185.44,-214.72,-195.2,-195.2,-141.52,-102.48
-34.16,-73.2,-39.04,53.68,0,-58.56,-180.56,-204.96,-200.08,-195.2,-146.4,-87.84
-43.92,-97.6,-53.68,73.2,4.88,-78.08,-185.44,-204.96,-204.96,-204.96,-165.92,-87.84
-34.16,-92.72,-58.56,63.44,9.76,-78.08,-190.32,-200.08,-209.84,-209.84,-165.92,-87.84
-4.88,-73.2,-68.32,39.04,29.28,-73.2,-185.44,-200.08,-190.32,-204.96,-141.52,-78.08
-9.76,-87.84,-78.08,48.8,34.16,-82.96,-190.32,-200.08,-185.44,-204.96,-146.4,-82.96
-9.76,-87.84,-78.08,48.8,34.16,-82.96,-200.08,-209.84,-195.2,-204.96,-156.16,-87.84
-14.64,-87.84,-73.2,53.68,29.28,-82.96,-200.08,-214.72,-200.08,-209.84,-161.04,-97.6
-29.28,-97.6,-68.32,63.44,19.52,-82.96,-204.96,-224.48,-204.96,-209.84,-165.92,-97.6
-19.52,-87.84,-68.32,53.68,24.4,-78.08,-204.96,-224.48,-204.96,-204.96,-156.16,-87.84
-4.88,-82.96,-78.08,43.92,34.16,-82.96,-204.96,-224.48,-204.96,-195.2,-146.4,-87.84
-19.52,-97.6,-78.08,58.56,29.28,-87.84,-204.96,-219.6,-209.84,-204.96,-146.4,-82.96
-29.28,-107.36,-78.08,68.32,24.4,-92.72,-204.96,-219.6,-214.72,-204.96,-141.52,-82.96
-34.16,-102.48,-68.32,68.32,14.64,-87.84,-209.84,-214.72,-224.48,-219.6,-151.28,-97.6
-24.4,-82.96,-58.56,53.68,14.64,-73.2,-200.08,-209.84,-219.6,-214.72,-151.28,-102.48
-19.52,-97.6,-78.08,58.56,29.28,-87.84,-200.08,-195.2,-209.84,-214.72,-146.4,-97.6
-34.16,-126.88,-92.72,82.96,29.28,-112.24,-209.84,-204.96,-209.84,-209.84,-161.04,-102.48
-34.16,-107.36,-73.2,73.2,19.52,-92.72,-200.08,-209.84,-209.84,-209.84,-175.68,-102.48
-14.64,-92.72,-78.08,53.68,29.28,-87.84,-200.08,-219.6,-209.84,-209.84,-161.04,-102.48
-19.52,-92.72,-73.2,58.56,24.4,-82.96,-195.2,-219.6,-214.72,-209.84,-146.4,-97.6
-29.28,-112.24,-82.96,73.2,24.4,-97.6,-195.2,-219.6,-229.36,-209.84,-151.28,-107.36
-58.56,-131.76,-73.2,97.6,4.88,-102.48,-195.2,-224.48,-229.36,-219.6,-156.16,-102.48
-53.68,-126.88,-73.2,92.72,9.76,-102.48,-195.2,-219.6,-229.36,-219.6,-165.92,-102.48
-34.16,-107.36,-73.2,73.2,19.52,-92.72,-190.32,-200.08,-219.6,-214.72,-161.04,-92.72
-34.16,-122,-87.84,78.08,24.4,-107.36,-190.32,-204.96,-214.72,-219.6,-165.92,-102.48
-19.52,-107.36,-87.84,63.44,34.16,-97.6,-185.44,-195.2,-214.72,-219.6,-161.04,-102.48
-14.64,-102.48,-87.84,58.56,34.16,-97.6,-185.44,-200.08,-219.6,-224.48,-165.92,-112.24
-39.04,-136.64,-97.6,87.84,29.28,-117.12,-190.32,-214.72,-224.48,-224.48,-165.92,-131.76
-39.04,-141.52,-102.48,92.72,29.28,-122,-190.32,-224.48,-224.48,-229.36,-165.92,-122
-34.16,-122,-87.84,78.08,24.4,-107.36,-200.08,-234.24,-234.24,-234.24,-190.32,-117.12
-34.16,-126.88,-92.72,82.96,29.28,-112.24,-195.2,-224.48,-244,-229.36,-190.32,-112.24
-24.4,-122,-97.6,73.2,34.16,-112.24,-185.44,-214.72,-239.12,-224.48,-180.56,-107.36
-29.28,-136.64,-107.36,82.96,39.04,-122,-180.56,-209.84,-234.24,-219.6,-170.8,-102.48
-24.4,-112.24,-87.84,68.32,29.28,-102.48,-180.56,-209.84,-234.24,-224.48,-170.8,-102.48
-34.16,-102.48,-68.32,68.32,14.64,-87.84,-185.44,-204.96,-229.36,-229.36,-170.8,-112.24
-39.04,-122,-82.96,82.96,19.52,-102.48,-185.44,-204.96,-224.48,-234.24,-161.04,-122
-34.16,-117.12,-82.96,78.08,24.4,-102.48,-180.56,-200.08,-219.6,-224.48,-156.16,-117.12
-34.16,-126.88,-92.72,82.96,29.28,-112.24,-185.44,-204.96,-224.48,-229.36,-165.92,-126.88
-43.92,-136.64,-92.72,92.72,24.4,-117.12,-180.56,-209.84,-224.48,-224.48,-161.04,-122
-34.16,-122,-87.84,78.08,24.4,-107.36,-185.44,-224.48,-229.36,-229.36,-165.92,-122
-34.16,-131.76,-97.6,82.96,29.28,-117.12,-185.44,-224.48,-239.12,-229.36,-195.2,-126.88
-34.16,-131.76,-97.6,82.96,29.28,-117.12,-180.56,-224.48,-248.88,-239.12,-195.2,-122
-43.92,-136.64,-92.72,92.72,24.4,-117.12,-185.44,-214.72,-244,-244,-180.56,-122
-48.8,-131.76,-82.96,92.72,14.64,-107.36,-180.56,-204.96,-229.36,-219.6,-170.8,-117.12
-39.04,-122,-82.96,82.96,19.52,-102.48,-170.8,-195.2,-224.48,-219.6,-170.8,-112.24
-29.28,-122,-92.72,78.08,29.28,-107.36,-180.56,-209.84,-224.48,-229.36,-175.68,-117.12
-24.4,-102.48,-78.08,63.44,24.4,-92.72,-175.68,-209.84,-224.48,-229.36,-180.56,-122
-24.4,-117.12,-92.72,73.2,34.16,-107.36,-170.8,-209.84,-229.36,-229.36,-170.8,-131.76
-29.28,-117.12,-87.84,73.2,29.28,-102.48,-165.92,-204.96,-224.48,-229.36,-170.8,-136.64
-19.52,-102.48,-82.96,63.44,29.28,-92.72,-161.04,-209.84,-224.48,-219.6,-165.92,-131.76
-14.64,-107.36,-92.72,63.44,39.04,-102.48,-170.8,-204.96,-234.24,-224.48,-180.56,-117.12
-24.4,-112.24,-87.84,68.32,29.28,-102.48,-165.92,-214.72,-239.12,-229.36,-180.56,-117.12
-43.92,-136.64,-92.72,92.72,24.4,-117.12,-170.8,-214.72,-248.88,-229.36,-175.68,-122
-53.68,-151.28,-97.6,102.48,19.52,-126.88,-170.8,-209.84,-248.88,-239.12,-180.56,-126.88
-34.16,-141.52,-107.36,87.84,34.16,-126.88,-170.8,-204.96,-244,-244,-180.56,-131.76
-34.16,-136.64,-102.48,87.84,34.16,-122,-170.8,-200.08,-234.24,-229.36,-170.8,-126.88
-53.68,-165.92,-112.24,112.24,29.28,-141.52,-170.8,-200.08,-229.36,-229.36,-170.8,-136.64
-39.04,-151.28,-112.24,97.6,34.16,-131.76,-165.92,-209.84,-234.24,-229.36,-170.8,-136.64
-19.52,-126.88,-107.36,73.2,43.92,-117.12,-170.8,-219.6,-234.24,-234.24,-175.68,-136.64
-19.52,-122,-102.48,73.2,39.04,-112.24,-165.92,-214.72,-239.12,-224.48,-185.44,-126.88
-14.64,-131.76,-117.12,73.2,48.8,-126.88,-156.16,-200.08,-224.48,-214.72,-185.44,-117.12
-43.92,-126.88,-82.96,87.84,19.52,-107.36,-165.92,-204.96,-234.24,-224.48,-180.56,-122
-48.8,-136.64,-87.84,92.72,19.52,-112.24,-170.8,-209.84,-244,-234.24,-180.56,-131.76
-39.04,-146.4,-107.36,92.72,34.16,-126.88,-165.92,-204.96,-239.12,-234.24,-175.68,-122
-34.16,-141.52,-107.36,87.84,34.16,-126.88,-161.04,-200.08,-234.24,-234.24,-175.68,-131.76
-39.04,-141.52,-102.48,92.72,29.28,-122,-170.8,-204.96,-229.36,-244,-185.44,-131.76
-43.92,-151.28,-107.36,97.6,29.28,-131.76,-161.04,-195.2,-219.6,-224.48,-180.56,-136.64
-39.04,-161.04,-122,102.48,39.04,-141.52,-165.92,-204.96,-224.48,-229.36,-180.56,-141.52
-39.04,-156.16,-117.12,97.6,39.04,-136.64,-165.92,-209.84,-229.36,-219.6,-180.56,-131.76
-43.92,-146.4,-102.48,97.6,29.28,-126.88,-165.92,-219.6,-239.12,-224.48,-180.56,-136.64
-43.92,-141.52,-97.6,92.72,24.4,-122,-156.16,-209.84,-234.24,-219.6,-175.68,-131.76
-34.16,-136.64,-102.48,87.84,34.16,-122,-151.28,-204.96,-234.24,-224.48,-170.8,-126.88
-34.16,-136.64,-102.48,87.84,34.16,-122,-146.4,-195.2,-229.36,-209.84,-161.04,-122
-29.28,-122,-92.72,78.08,29.28,-107.36,-146.4,-185.44,-224.48,-204.96,-151.28,-117.12
-19.52,-122,-102.48,73.2,39.04,-112.24,-141.52,-175.68,-214.72,-204.96,-165.92,-122
-19.52,-126.88,-107.36,73.2,43.92,-117.12,-156.16,-190.32,-219.6,-224.48,-170.8,-131.76
-4.88,-122,-117.12,63.44,53.68,-122,-151.28,-180.56,-209.84,-214.72,-170.8,-126.88
-4.88,-112.24,-107.36,58.56,48.8,-112.24,-141.52,-185.44,-214.72,-214.72,-180.56,-117.12
-4.88,-107.36,-102.48,58.56,48.8,-107.36,-141.52,-185.44,-214.72,-214.72,-175.68,-112.24
-9.76,-102.48,-92.72,58.56,39.04,-97.6,-136.64,-185.44,-209.84,-195.2,-156.16,-112.24
-14.64,-87.84,-73.2,53.68,29.28,-82.96,-117.12,-175.68,-204.96,-180.56,-156.16,-112.24
-19.52,-73.2,-53.68,48.8,14.64,-63.44,-117.12,-180.56,-204.96,-190.32,-156.16,-112.24
-29.28,-97.6,-68.32,63.44,19.52,-82.96,-107.36,-170.8,-200.08,-175.68,-146.4,-102.48
-24.4,-92.72,-68.32,58.56,19.52,-82.96,-97.6,-161.04,-195.2,-180.56,-136.64,-102.48
-9.76,-73.2,-63.44,43.92,24.4,-68.32,-92.72,-161.04,-190.32,-185.44,-136.64,-107.36
-24.4,-87.84,-63.44,58.56,19.52,-78.08,-107.36,-165.92,-200.08,-195.2,-141.52,-112.24
-9.76,-82.96,-73.2,48.8,29.28,-78.08,-112.24,-165.92,-195.2,-190.32,-141.52,-122
0,-92.72,-92.72,48.8,43.92,-92.72,-102.48,-156.16,-185.44,-185.44,-141.52,-117.12
4.88,-112.24,-117.12,53.68,58.56,-117.12,-102.48,-151.28,-175.68,-180.56,-156.16,-107.36
0,-97.6,-97.6,48.8,48.8,-97.6,-102.48,-146.4,-170.8,-165.92,-136.64,-92.72
9.76,-68.32,-78.08,29.28,43.92,-73.2,-107.36,-156.16,-175.68,-161.04,-126.88,-97.6
4.88,-68.32,-73.2,34.16,39.04,-73.2,-122,-156.16,-175.68,-161.04,-126.88,-92.72
9.76,-58.56,-68.32,24.4,39.04,-63.44,-131.76,-151.28,-165.92,-156.16,-117.12,-82.96
14.64,-53.68,-68.32,19.52,39.04,-63.44,-161.04,-170.8,-185.44,-161.04,-131.76,-87.84
9.76,-63.44,-73.2,29.28,39.04,-68.32,-156.16,-165.92,-180.56,-165.92,-136.64,-78.08
9.76,-73.2,-82.96,34.16,43.92,-78.08,-151.28,-161.04,-175.68,-175.68,-131.76,-78.08
19.52,-68.32,-87.84,24.4,53.68,-78.08,-141.52,-156.16,-170.8,-161.04,-122,-78.08
43.92,-53.68,-97.6,4.88,68.32,-78.08,-141.52,-161.04,-175.68,-161.04,-117.12,-82.96
24.4,-92.72,-117.12,34.16,68.32,-107.36,-146.4,-175.68,-180.56,-165.92,-126.88,-92.72
19.52,-87.84,-107.36,34.16,63.44,-97.6,-151.28,-180.56,-190.32,-165.92,-122,-97.6
29.28,-63.44,-92.72,19.52,58.56,-78.08,-161.04,-190.32,-204.96,-175.68,-131.76,-112.24
29.28,-63.44,-92.72,19.52,58.56,-78.08,-165.92,-204.96,-219.6,-195.2,-136.64,-112.24
19.52,-92.72,-112.24,39.04,63.44,-102.48,-170.8,-200.08,-219.6,-195.2,-131.76,-107.36
0,-117.12,-117.12,58.56,58.56,-117.12,-180.56,-204.96,-224.48,-204.96,-146.4,-107.36
4.88,-117.12,-122,58.56,63.44,-122,-175.68,-209.84,-224.48,-209.84,-170.8,-112.24
0,-136.64,-136.64,68.32,68.32,-136.64,-175.68,-209.84,-224.48,-214.72,-180.56,-107.36
0,-122,-122,63.44,58.56,-122,-170.8,-204.96,-224.48,-214.72,-180.56,-117.12
-4.88,-126.88,-122,68.32,58.56,-126.88,-156.16,-204.96,-219.6,-214.72,-165.92,-112.24
-9.76,-126.88,-117.12,68.32,53.68,-122,-156.16,-209.84,-224.48,-214.72,-165.92,-117.12
-14.64,-136.64,-122,78.08,53.68,-131.76,-161.04,-209.84,-229.36,-214.72,-165.92,-117.12
-34.16,-151.28,-117.12,92.72,39.04,-136.64,-170.8,-229.36,-239.12,-219.6,-175.68,-126.88
-48.8,-151.28,-102.48,102.48,24.4,-126.88,-175.68,-239.12,-258.64,-239.12,-190.32,-141.52
-48.8,-175.68,-126.88,112.24,39.04,-151.28,-175.68,-229.36,-253.76,-239.12,-185.44,-146.4
-48.8,-185.44,-136.64,117.12,43.92,-161.04,-175.68,-229.36,-253.76,-234.24,-195.2,-151.28
-39.04,-175.68,-136.64,107.36,48.8,-156.16,-175.68,-224.48,-248.88,-244,-190.32,-161.04
-19.52,-161.04,-141.52,92.72,58.56,-151.28,-170.8,-224.48,-244,-244,-185.44,-156.16
-39.04,-175.68,-136.64,107.36,48.8,-156.16,-175.68,-224.48,-244,-234.24,-185.44,-146.4
-34.16,-190.32,-156.16,112.24,58.56,-175.68,-180.56,-224.48,-239.12,-234.24,-195.2,-136.64
-19.52,-175.68,-156.16,97.6,68.32,-165.92,-175.68,-234.24,-244,-234.24,-195.2,-151.28
-43.92,-214.72,-170.8,131.76,63.44,-195.2,-170.8,-229.36,-239.12,-234.24,-190.32,-141.52
-34.16,-185.44,-151.28,112.24,58.56,-170.8,-170.8,-224.48,-244,-234.24,-195.2,-156.16
-24.4,-165.92,-141.52,97.6,58.56,-156.16,-180.56,-234.24,-253.76,-244,-200.08,-151.28
-29.28,-185.44,-156.16,107.36,63.44,-170.8,-180.56,-234.24,-258.64,-239.12,-200.08,-151.28
-34.16,-195.2,-161.04,117.12,63.44,-180.56,-170.8,-219.6,-239.12,-229.36,-190.32,-131.76
-39.04,-190.32,-151.28,117.12,53.68,-170.8,-180.56,-224.48,-248.88,-244,-195.2,-141.52
-43.92,-200.08,-156.16,122,53.68,-180.56,-180.56,-234.24,-248.88,-248.88,-200.08,-146.4
-43.92,-195.2,-151.28,122,53.68,-175.68,-190.32,-239.12,-263.52,-253.76,-204.96,-161.04
-24.4,-185.44,-161.04,107.36,68.32,-175.68,-185.44,-244,-258.64,-253.76,-200.08,-161.04
-14.64,-185.44,-170.8,102.48,78.08,-180.56,-175.68,-239.12,-253.76,-239.12,-185.44,-165.92
-24.4,-185.44,-161.04,107.36,68.32,-175.68,-175.68,-239.12,-253.76,-239.12,-185.44,-156.16
-39.04,-190.32,-151.28,117.12,53.68,-170.8,-185.44,-234.24,-258.64,-239.12,-209.84,-165.92
-48.8,-204.96,-156.16,126.88,53.68,-180.56,-175.68,-229.36,-258.64,-239.12,-204.96,-151.28
-39.04,-195.2,-156.16,117.12,58.56,-175.68,-170.8,-224.48,-253.76,-234.24,-190.32,-151.28
-39.04,-190.32,-151.28,117.12,53.68,-170.8,-170.8,-214.72,-244,-234.24,-195.2,-161.04
-48.8,-200.08,-151.28,126.88,48.8,-175.68,-151.28,-200.08,-229.36,-229.36,-190.32,-156.16
-58.56,-209.84,-151.28,136.64,43.92,-180.56,-146.4,-204.96,-234.24,-239.12,-204.96,-156.16
-48.8,-204.96,-156.16,126.88,53.68,-180.56,-136.64,-195.2,-234.24,-234.24,-209.84,-165.92
-48.8,-195.2,-146.4,122,48.8,-170.8,-126.88,-185.44,-224.48,-234.24,-214.72,-165.92
-63.44,-209.84,-146.4,136.64,39.04,-180.56,-112.24,-175.68,-224.48,-239.12,-219.6,-175.68
-53.68,-190.32,-136.64,122,39.04,-165.92,-78.08,-146.4,-209.84,-234.24,-229.36,-180.56
-53.68,-190.32,-136.64,122,39.04,-165.92,-19.52,-102.48,-185.44,-229.36,-229.36,-190.32
-78.08,-214.72,-136.64,146.4,29.28,-175.68,24.4,-48.8,-156.16,-229.36,-248.88,-209.84
-63.44,-229.36,-165.92,146.4,48.8,-200.08,97.6,48.8,-112.24,-214.72,-258.64,-234.24
-58.56,-258.64,-200.08,161.04,68.32,-229.36,151.28,165.92,-34.16,-195.2,-273.28,-268.4
-48.8,-268.4,-219.6,161.04,82.96,-244,209.84,297.68,48.8,-170.8,-297.68,-302.56
-24.4,-263.52,-239.12,146.4,107.36,-253.76,268.4,463.6,165.92,-126.88,-317.2,-326.96
-19.52,-278.16,-258.64,151.28,117.12,-268.4,341.6,678.32,322.08,-58.56,-322.08,-356.24
4.88,-239.12,-244,117.12,122,-244,439.2,932.08,512.4,34.16,-322.08,-375.76
34.16,-200.08,-234.24,82.96,131.76,-219.6,605.12,1273.68,766.16,170.8,-292.8,-356.24
102.48,-136.64,-239.12,19.52,170.8,-190.32,736.88,1551.84,995.52,326.96,-229.36,-307.44
195.2,-53.68,-248.88,-68.32,219.6,-151.28,790.56,1654.32,1146.8,488,-102.48,-209.84
263.52,39.04,-224.48,-151.28,244,-92.72,800.32,1625.04,1259.04,673.44,97.6,-68.32
336.72,185.44,-151.28,-258.64,244,14.64,795.44,1483.52,1307.84,883.28,331.84,117.12
414.8,400.16,-14.64,-405.04,214.72,190.32,771.04,1195.6,1249.28,1078.48,614.88,356.24
517.28,619.76,102.48,-566.08,204.96,361.12,692.96,829.6,1078.48,1234.64,951.6,658.8
610,863.76,253.76,-736.88,175.68,556.32,619.76,414.8,883.28,1415.2,1317.6,966.24
605.12,1141.92,536.8,-873.52,34.16,839.36,580.72,-43.92,722.24,1644.56,1698.24,1259.04
527.04,1468.88,941.84,-995.52,-209.84,1205.36,580.72,-507.52,561.2,1878.8,2054.48,1537.2
400.16,1761.68,1361.52,-1078.48,-483.12,1561.6,614.88,-1019.92,366,2074,2347.28,1771.44
297.68,1912.96,1615.28,-1102.88,-658.8,1761.68,678.32,-1366.4,195.2,2205.76,2552.24,1932.48
209.84,1893.44,1683.6,-1049.2,-736.88,1786.08,722.24,-1586,73.2,2249.68,2596.16,1956.88
117.12,1678.72,1561.6,-897.92,-722.24,1620.16,814.96,-1703.12,-58.56,2059.36,2381.44,1800.72
4.88,1410.32,1405.44,-707.6,-702.72,1405.44,727.12,-1800.72,-317.2,1659.2,1966.64,1542.08
-126.88,1137.04,1263.92,-502.64,-697.84,1200.48,492.88,-1893.44,-629.52,1117.52,1410.32,1205.36
-287.92,834.48,1122.4,-273.28,-707.6,976,161.04,-1956.88,-990.64,375.76,688.08,771.04
-385.52,575.84,961.36,-92.72,-673.44,766.16,-361.12,-1995.92,-1244.4,-253.76,82.96,380.64
-419.68,312.32,732,53.68,-575.84,522.16,-624.64,-1869.04,-1234.64,-439.2,-195.2,126.88
-400.16,151.28,551.44,126.88,-478.24,351.36,-732,-1683.6,-1112.64,-405.04,-234.24,0
-366,92.72,458.72,136.64,-414.8,273.28,-893.04,-1576.24,-1019.92,-380.64,-234.24,-53.68
-336.72,0,336.72,170.8,-336.72,165.92,-966.24,-1473.76,-1005.28,-492.88,-287.92,-117.12
-292.8,-92.72,200.08,195.2,-248.88,53.68,-873.52,-1283.44,-961.36,-605.12,-331.84,-161.04
-234.24,-82.96,151.28,161.04,-195.2,34.16,-814.96,-1073.6,-834.48,-575.84,-317.2,-175.68
-209.84,-82.96,126.88,146.4,-170.8,19.52,-741.76,-878.4,-673.44,-448.96,-263.52,-161.04
-200.08,-73.2,126.88,136.64,-165.92,24.4,-639.28,-702.72,-541.68,-351.36,-209.84,-136.64
-180.56,-82.96,97.6,131.76,-141.52,4.88,-541.68,-580.72,-448.96,-302.56,-190.32,-131.76
-146.4,-82.96,63.44,117.12,-107.36,-9.76,-429.44,-453.84,-351.36,-239.12,-151.28,-112.24
-97.6,-78.08,19.52,87.84,-58.56,-29.28,-326.96,-322.08,-253.76,-175.68,-117.12,-92.72
-48.8,-78.08,-29.28,63.44,-9.76,-53.68,-209.84,-200.08,-141.52,-117.12,-78.08,-73.2
-14.64,-97.6,-82.96,58.56,34.16,-92.72,-112.24,-102.48,-63.44,-63.44,-78.08,-53.68
-19.52,-122,-102.48,73.2,39.04,-112.24,-87.84,-87.84,-48.8,-63.44,-102.48,-68.32
-9.76,-131.76,-122,73.2,53.68,-126.88,-82.96,-78.08,-48.8,-73.2,-102.48,-73.2
0,-112.24,-112.24,58.56,53.68,-112.24,-78.08,-73.2,-53.68,-73.2,-97.6,-78.08
-14.64,-126.88,-112.24,73.2,48.8,-122,-68.32,-63.44,-53.68,-63.44,-107.36,-78.08
-29.28,-136.64,-107.36,82.96,39.04,-122,-73.2,-48.8,-58.56,-78.08,-112.24,-73.2
-19.52,-117.12,-97.6,68.32,39.04,-107.36,-78.08,-29.28,-53.68,-82.96,-117.12,-73.2
-58.56,-161.04,-102.48,112.24,19.52,-131.76,-82.96,-24.4,-58.56,-102.48,-131.76,-87.84
-53.68,-165.92,-112.24,112.24,29.28,-141.52,-87.84,-14.64,-43.92,-102.48,-126.88,-92.72
-9.76,-131.76,-122,73.2,53.68,-126.88,-78.08,0,-29.28,-102.48,-122,-92.72
-9.76,-151.28,-141.52,82.96,63.44,-146.4,-73.2,4.88,-14.64,-97.6,-117.12,-102.48
-34.16,-175.68,-141.52,107.36,53.68,-161.04,-68.32,0,-19.52,-97.6,-117.12,-107.36
-34.16,-175.68,-141.52,107.36,53.68,-161.04,-68.32,-9.76,-24.4,-92.72,-117.12,-107.36
-24.4,-180.56,-156.16,102.48,63.44,-170.8,-63.44,-4.88,-29.28,-92.72,-112.24,-102.48
-19.52,-151.28,-131.76,87.84,53.68,-141.52,-58.56,0,-29.28,-82.96,-117.12,-102.48
-19.52,-141.52,-122,82.96,48.8,-131.76,-68.32,0,-39.04,-82.96,-122,-102.48
-24.4,-156.16,-131.76,92.72,53.68,-146.4,-68.32,14.64,-29.28,-92.72,-117.12,-107.36
-4.88,-151.28,-146.4,78.08,68.32,-151.28,-68.32,29.28,-24.4,-92.72,-117.12,-102.48
-9.76,-156.16,-146.4,82.96,68.32,-151.28,-63.44,43.92,-4.88,-82.96,-102.48,-97.6
-9.76,-136.64,-126.88,73.2,58.56,-131.76,-68.32,39.04,0,-92.72,-102.48,-112.24
9.76,-126.88,-136.64,58.56,73.2,-131.76,-53.68,48.8,19.52,-68.32,-92.72,-107.36
4.88,-136.64,-141.52,68.32,73.2,-141.52,-43.92,48.8,24.4,-58.56,-97.6,-92.72
0,-122,-122,63.44,58.56,-122,-48.8,39.04,19.52,-58.56,-117.12,-87.84
0,-122,-122,63.44,58.56,-122,-48.8,34.16,14.64,-63.44,-112.24,-87.84
-9.76,-126.88,-117.12,68.32,53.68,-122,-39.04,43.92,19.52,-53.68,-92.72,-87.84
-14.64,-122,-107.36,68.32,43.92,-117.12,-39.04,48.8,14.64,-48.8,-87.84,-82.96
-19.52,-131.76,-112.24,78.08,43.92,-122,-43.92,53.68,14.64,-53.68,-97.6,-87.84
-19.52,-136.64,-117.12,78.08,48.8,-126.88,-39.04,73.2,29.28,-58.56,-92.72,-78.08
-9.76,-136.64,-126.88,73.2,58.56,-131.76,-39.04,82.96,43.92,-43.92,-82.96,-82.96
-4.88,-170.8,-165.92,87.84,78.08,-170.8,-34.16,87.84,48.8,-43.92,-82.96,-78.08
9.76,-126.88,-136.64,58.56,73.2,-131.76,-39.04,92.72,63.44,-39.04,-82.96,-87.84
34.16,-97.6,-131.76,34.16,82.96,-117.12,-24.4,97.6,78.08,-19.52,-68.32,-68.32
4.88,-136.64,-141.52,68.32,73.2,-141.52,-29.28,82.96,68.32,-14.64,-78.08,-63.44
-4.88,-146.4,-141.52,78.08,68.32,-146.4,-14.64,87.84,73.2,-4.88,-68.32,-48.8
9.76,-97.6,-107.36,43.92,58.56,-102.48,-14.64,97.6,73.2,0,-58.56,-48.8
19.52,-68.32,-87.84,24.4,53.68,-78.08,-9.76,107.36,73.2,9.76,-48.8,-43.92
4.88,-87.84,-92.72,43.92,48.8,-92.72,-14.64,112.24,73.2,4.88,-53.68,-58.56
-14.64,-122,-107.36,68.32,43.92,-117.12,-24.4,122,78.08,-9.76,-63.44,-73.2
-9.76,-102.48,-92.72,58.56,39.04,-97.6,-9.76,136.64,102.48,9.76,-48.8,-68.32
0,-92.72,-92.72,48.8,43.92,-92.72,-9.76,146.4,117.12,9.76,-43.92,-63.44
4.88,-97.6,-102.48,48.8,53.68,-102.48,-4.88,146.4,122,19.52,-43.92,-53.68
24.4,-92.72,-117.12,34.16,68.32,-107.36,14.64,161.04,146.4,39.04,-19.52,-24.4
34.16,-68.32,-102.48,19.52,68.32,-87.84,9.76,146.4,141.52,43.92,-19.52,-34.16
19.52,-73.2,-92.72,29.28,53.68,-82.96,9.76,146.4,136.64,43.92,-19.52,-39.04
14.64,-58.56,-73.2,24.4,43.92,-68.32,24.4,161.04,146.4,63.44,-4.88,-24.4
4.88,-63.44,-68.32,29.28,34.16,-68.32,29.28,170.8,146.4,63.44,9.76,-14.64
-9.76,-73.2,-63.44,43.92,24.4,-68.32,24.4,185.44,151.28,68.32,9.76,-24.4
-9.76,-78.08,-68.32,43.92,29.28,-73.2,24.4,195.2,161.04,73.2,14.64,-29.28
14.64,-58.56,-73.2,24.4,43.92,-68.32,34.16,204.96,185.44,82.96,14.64,-24.4
19.52,-53.68,-73.2,19.52,43.92,-63.44,34.16,209.84,195.2,78.08,-9.76,-24.4
29.28,-48.8,-78.08,9.76,53.68,-63.44,39.04,219.6,209.84,92.72,-9.76,-14.64
29.28,-53.68,-82.96,14.64,53.68,-68.32,58.56,229.36,224.48,102.48,19.52,4.88
29.28,-39.04,-68.32,4.88,48.8,-53.68,58.56,219.6,224.48,112.24,29.28,4.88
19.52,-43.92,-63.44,14.64,39.04,-53.68,58.56,224.48,219.6,117.12,34.16,9.76
29.28,-34.16,-63.44,4.88,43.92,-48.8,78.08,244,239.12,141.52,48.8,24.4
24.4,-39.04,-63.44,9.76,43.92,-53.68,82.96,258.64,248.88,141.52,63.44,34.16
14.64,-24.4,-39.04,4.88,24.4,-34.16,73.2,268.4,244,136.64,53.68,24.4
19.52,-14.64,-34.16,0,24.4,-24.4,82.96,287.92,263.52,146.4,58.56,29.28
19.52,-19.52,-39.04,0,29.28,-29.28,92.72,312.32,287.92,165.92,73.2,39.04
39.04,-14.64,-53.68,-9.76,43.92,-34.16,97.6,317.2,302.56,165.92,73.2,39.04
34.16,-19.52,-53.68,-4.88,43.92,-39.04,107.36,326.96,317.2,185.44,87.84,43.92
24.4,-24.4,-48.8,0,34.16,-39.04,117.12,341.6,322.08,195.2,92.72,43.92
39.04,4.88,-34.16,-19.52,34.16,-14.64,126.88,341.6,336.72,204.96,102.48,48.8
43.92,19.52,-24.4,-29.28,34.16,-4.88,141.52,356.24,351.36,214.72,112.24,58.56
48.8,39.04,-9.76,-43.92,29.28,14.64,165.92,380.64,361.12,248.88,136.64,78.08
34.16,48.8,14.64,-39.04,9.76,29.28,170.8,395.28,366,244,141.52,73.2
43.92,53.68,9.76,-48.8,14.64,29.28,175.68,424.56,385.52,258.64,151.28,82.96
58.56,58.56,0,-58.56,29.28,29.28,195.2,453.84,405.04,268.4,161.04,97.6
48.8,58.56,9.76,-53.68,19.52,34.16,204.96,473.36,424.56,273.28,175.68,97.6
48.8,63.44,14.64,-53.68,14.64,39.04,204.96,483.12,439.2,278.16,175.68,97.6
68.32,82.96,14.64,-73.2,24.4,48.8,234.24,507.52,463.6,302.56,195.2,122
68.32,92.72,24.4,-78.08,19.52,58.56,253.76,522.16,478.24,317.2,209.84,126.88
63.44,97.6,34.16,-78.08,14.64,63.44,258.64,522.16,478.24,331.84,219.6,126.88
73.2,87.84,14.64,-78.08,29.28,48.8,283.04,556.32,497.76,351.36,239.12,146.4
63.44,73.2,9.76,-68.32,24.4,39.04,302.56,570.96,512.4,375.76,253.76,156.16
58.56,112.24,53.68,-82.96,0,82.96,312.32,590.48,512.4,366,253.76,165.92
78.08,165.92,87.84,-122,-4.88,126.88,322.08,619.76,531.92,380.64,253.76,180.56
78.08,165.92,87.84,-122,-4.88,126.88,336.72,649.04,546.56,390.4,273.28,185.44
82.96,165.92,82.96,-122,0,122,356.24,673.44,575.84,405.04,287.92,204.96
92.72,175.68,82.96,-131.76,4.88,126.88,366,697.84,590.48,409.92,302.56,204.96
92.72,170.8,78.08,-131.76,4.88,122,390.4,712.48,610,434.32,317.2,204.96
87.84,170.8,82.96,-126.88,0,126.88,409.92,732,624.64,453.84,336.72,219.6
78.08,204.96,126.88,-141.52,-24.4,165.92,419.68,741.76,629.52,463.6,351.36,219.6
97.6,234.24,136.64,-165.92,-19.52,185.44,439.2,761.28,644.16,478.24,366,229.36
82.96,224.48,141.52,-151.28,-29.28,180.56,463.6,780.8,649.04,497.76,370.88,248.88
58.56,219.6,161.04,-136.64,-53.68,190.32,473.36,805.2,658.8,507.52,366,263.52
87.84,253.76,165.92,-170.8,-39.04,209.84,488,839.36,673.44,517.28,375.76,283.04
97.6,268.4,170.8,-180.56,-39.04,219.6,507.52,868.64,692.96,527.04,395.28,287.92
107.36,283.04,175.68,-195.2,-34.16,229.36,517.28,893.04,712.48,531.92,414.8,292.8
102.48,297.68,195.2,-200.08,-48.8,244,536.8,912.56,727.12,536.8,434.32,302.56
97.6,287.92,190.32,-190.32,-48.8,239.12,546.56,922.32,741.76,556.32,439.2,307.44
107.36,292.8,185.44,-200.08,-39.04,239.12,566.08,936.96,751.52,570.96,458.72,317.2
107.36,278.16,170.8,-190.32,-34.16,224.48,580.72,951.6,761.28,585.6,458.72,331.84
122,302.56,180.56,-209.84,-29.28,239.12,600.24,966.24,775.92,590.48,448.96,341.6
122,356.24,234.24,-239.12,-58.56,292.8,614.88,976,766.16,595.36,448.96,341.6
112.24,351.36,239.12,-229.36,-63.44,292.8,629.52,1000.4,780.8,605.12,488,356.24
122,366,244,-244,-63.44,302.56,639.28,1024.8,785.68,614.88,497.76,356.24
131.76,395.28,263.52,-263.52,-68.32,326.96,639.28,1039.44,790.56,614.88,488,361.12
126.88,385.52,258.64,-253.76,-68.32,322.08,649.04,1039.44,805.2,619.76,492.88,375.76
112.24,375.76,263.52,-244,-78.08,317.2,644.16,1039.44,800.32,610,492.88,385.52
107.36,380.64,273.28,-244,-82.96,326.96,649.04,1024.8,800.32,614.88,497.76,380.64
112.24,385.52,273.28,-248.88,-82.96,326.96,644.16,1015.04,795.44,610,502.64,380.64
117.12,385.52,268.4,-248.88,-78.08,326.96,634.4,990.64,785.68,614.88,497.76,375.76
87.84,356.24,268.4,-219.6,-92.72,312.32,619.76,956.48,766.16,605.12,492.88,375.76
78.08,361.12,283.04,-219.6,-102.48,322.08,614.88,932.08,756.4,610,497.76,370.88
82.96,346.48,263.52,-214.72,-92.72,302.56,600.24,922.32,741.76,600.24,497.76,375.76
97.6,366,268.4,-229.36,-87.84,317.2,575.84,897.92,722.24,585.6,488,366
87.84,361.12,273.28,-224.48,-92.72,317.2,546.56,858.88,692.96,551.44,463.6,346.48
73.2,336.72,263.52,-204.96,-97.6,297.68,522.16,824.72,673.44,536.8,448.96,331.84
73.2,326.96,253.76,-200.08,-92.72,287.92,488,785.68,639.28,502.64,419.68,312.32
78.08,317.2,239.12,-195.2,-82.96,278.16,478.24,751.52,624.64,492.88,405.04,307.44
68.32,317.2,248.88,-190.32,-92.72,283.04,453.84,702.72,595.36,473.36,385.52,287.92
73.2,307.44,234.24,-190.32,-82.96,268.4,429.44,658.8,566.08,448.96,366,273.28
68.32,283.04,214.72,-175.68,-73.2,248.88,400.16,619.76,517.28,409.92,336.72,253.76
63.44,253.76,190.32,-156.16,-63.44,219.6,370.88,570.96,483.12,385.52,312.32,253.76
48.8,234.24,185.44,-141.52,-68.32,209.84,336.72,531.92,444.08,356.24,287.92,229.36
48.8,209.84,161.04,-126.88,-58.56,185.44,312.32,497.76,409.92,322.08,268.4,209.84
29.28,175.68,146.4,-102.48,-58.56,161.04,283.04,453.84,370.88,278.16,234.24,180.56
0,117.12,117.12,-58.56,-58.56,117.12,244,409.92,331.84,248.88,200.08,146.4
29.28,131.76,102.48,-78.08,-39.04,117.12,214.72,366,302.56,209.84,161.04,131.76
34.16,117.12,82.96,-73.2,-24.4,97.6,195.2,326.96,268.4,185.44,131.76,107.36
14.64,92.72,78.08,-53.68,-34.16,82.96,180.56,287.92,239.12,161.04,117.12,92.72
19.52,87.84,68.32,-53.68,-24.4,78.08,156.16,248.88,209.84,136.64,97.6,73.2
14.64,58.56,43.92,-34.16,-14.64,48.8,146.4,219.6,175.68,122,78.08,68.32
-4.88,34.16,39.04,-14.64,-24.4,34.16,122,190.32,136.64,92.72,58.56,53.68
-14.64,24.4,39.04,-4.88,-29.28,29.28,102.48,165.92,117.12,68.32,48.8,43.92
-14.64,-4.88,9.76,9.76,-14.64,0,82.96,141.52,82.96,39.04,29.28,29.28
-24.4,-24.4,0,24.4,-14.64,-14.64,58.56,117.12,53.68,4.88,4.88,9.76
-24.4,-48.8,-24.4,39.04,0,-39.04,39.04,97.6,34.16,-9.76,-9.76,-14.64
-39.04,-82.96,-43.92,63.44,0,-63.44,29.28,78.08,29.28,-24.4,-14.64,-24.4
-34.16,-82.96,-48.8,58.56,4.88,-68.32,19.52,58.56,14.64,-34.16,-24.4,-43.92
-19.52,-63.44,-43.92,43.92,9.76,-53.68,9.76,29.28,-4.88,-43.92,-34.16,-58.56
-29.28,-68.32,-39.04,48.8,4.88,-53.68,-4.88,-4.88,-34.16,-58.56,-39.04,-73.2
-39.04,-82.96,-43.92,63.44,0,-63.44,-9.76,-14.64,-43.92,-63.44,-34.16,-82.96
-19.52,-78.08,-58.56,48.8,19.52,-68.32,-9.76,-19.52,-53.68,-63.44,-29.28,-68.32
-29.28,-82.96,-53.68,58.56,9.76,-68.32,-29.28,-39.04,-78.08,-87.84,-63.44,-68.32
-43.92,-117.12,-73.2,82.96,14.64,-97.6,-34.16,-43.92,-87.84,-107.36,-107.36,-63.44
-39.04,-107.36,-68.32,73.2,14.64,-87.84,-48.8,-63.44,-102.48,-126.88,-136.64,-73.2
-34.16,-112.24,-78.08,73.2,19.52,-97.6,-58.56,-73.2,-107.36,-141.52,-136.64,-73.2
-4.88,-97.6,-92.72,53.68,43.92,-97.6,-63.44,-78.08,-107.36,-141.52,-117.12,-73.2
-9.76,-107.36,-97.6,58.56,43.92,-102.48,-73.2,-87.84,-112.24,-146.4,-122,-82.96
-29.28,-126.88,-97.6,78.08,34.16,-112.24,-73.2,-107.36,-126.88,-156.16,-126.88,-92.72
-34.16,-141.52,-107.36,87.84,34.16,-126.88,-78.08,-122,-136.64,-151.28,-122,-97.6
-58.56,-146.4,-87.84,102.48,14.64,-117.12,-82.96,-131.76,-146.4,-156.16,-126.88,-97.6
-48.8,-122,-73.2,87.84,9.76,-97.6,-87.84,-136.64,-146.4,-156.16,-131.76,-97.6
-34.16,-126.88,-92.72,82.96,29.28,-112.24,-82.96,-131.76,-151.28,-156.16,-131.76,-92.72
-24.4,-122,-97.6,73.2,34.16,-112.24,-92.72,-136.64,-161.04,-170.8,-136.64,-97.6
-14.64,-112.24,-97.6,63.44,39.04,-107.36,-87.84,-136.64,-161.04,-170.8,-141.52,-102.48
-4.88,-126.88,-122,68.32,58.56,-126.88,-92.72,-136.64,-156.16,-175.68,-136.64,-92.72
-19.52,-141.52,-122,82.96,48.8,-131.76,-102.48,-146.4,-165.92,-185.44,-141.52,-97.6
-19.52,-146.4,-126.88,82.96,53.68,-136.64,-97.6,-146.4,-161.04,-185.44,-141.52,-102.48
-24.4,-141.52,-117.12,82.96,43.92,-131.76,-97.6,-151.28,-165.92,-185.44,-146.4,-107.36
-24.4,-141.52,-117.12,82.96,43.92,-131.76,-92.72,-151.28,-161.04,-175.68,-131.76,-107.36
-9.76,-136.64,-126.88,73.2,58.56,-131.76,-87.84,-156.16,-165.92,-170.8,-136.64,-107.36
-29.28,-146.4,-117.12,87.84,43.92,-131.76,-92.72,-161.04,-170.8,-170.8,-131.76,-117.12
-29.28,-151.28,-122,92.72,43.92,-136.64,-92.72,-156.16,-175.68,-170.8,-126.88,-117.12
-19.52,-141.52,-122,82.96,48.8,-131.76,-102.48,-156.16,-170.8,-175.68,-126.88,-112.24
-29.28,-136.64,-107.36,82.96,39.04,-122,-107.36,-156.16,-185.44,-185.44,-146.4,-107.36
-29.28,-156.16,-126.88,92.72,48.8,-141.52,-107.36,-151.28,-175.68,-190.32,-151.28,-97.6
-34.16,-165.92,-131.76,102.48,48.8,-151.28,-107.36,-156.16,-175.68,-195.2,-161.04,-107.36
-19.52,-170.8,-151.28,97.6,63.44,-161.04,-107.36,-151.28,-165.92,-185.44,-151.28,-107.36
-29.28,-161.04,-131.76,97.6,48.8,-146.4,-107.36,-165.92,-170.8,-185.44,-156.16,-117.12
-24.4,-136.64,-112.24,82.96,43.92,-126.88,-107.36,-170.8,-175.68,-190.32,-161.04,-117.12
-19.52,-141.52,-122,82.96,48.8,-131.76,-102.48,-161.04,-170.8,-180.56,-151.28,-107.36
-34.16,-151.28,-117.12,92.72,39.04,-136.64,-102.48,-170.8,-175.68,-180.56,-151.28,-107.36
-43.92,-146.4,-102.48,97.6,29.28,-126.88,-92.72,-161.04,-170.8,-175.68,-141.52,-102.48
-34.16,-141.52,-107.36,87.84,34.16,-126.88,-97.6,-146.4,-165.92,-175.68,-131.76,-97.6
-43.92,-146.4,-102.48,97.6,29.28,-126.88,-107.36,-151.28,-170.8,-180.56,-146.4,-112.24
-34.16,-156.16,-122,97.6,43.92,-141.52,-112.24,-146.4,-151.28,-175.68,-131.76,-112.24
-24.4,-151.28,-126.88,87.84,48.8,-141.52,-102.48,-141.52,-146.4,-170.8,-126.88,-112.24
-24.4,-156.16,-131.76,92.72,53.68,-146.4,-112.24,-141.52,-146.4,-165.92,-126.88,-126.88
-24.4,-161.04,-136.64,92.72,53.68,-151.28,-112.24,-151.28,-156.16,-165.92,-126.88,-126.88
-34.16,-165.92,-131.76,102.48,48.8,-151.28,-117.12,-170.8,-161.04,-175.68,-136.64,-126.88
-43.92,-161.04,-117.12,102.48,34.16,-141.52,-117.12,-170.8,-175.68,-180.56,-156.16,-117.12
-43.92,-180.56,-136.64,112.24,43.92,-161.04,-117.12,-161.04,-170.8,-175.68,-165.92,-97.6
-39.04,-175.68,-136.64,107.36,48.8,-156.16,-112.24,-161.04,-165.92,-170.8,-146.4,-87.84
-43.92,-175.68,-131.76,112.24,43.92,-156.16,-112.24,-151.28,-161.04,-170.8,-131.76,-92.72
-34.16,-165.92,-131.76,102.48,48.8,-151.28,-112.24,-141.52,-161.04,-170.8,-126.88,-97.6
-9.76,-151.28,-141.52,82.96,63.44,-146.4,-112.24,-131.76,-146.4,-161.04,-126.88,-92.72
-9.76,-146.4,-136.64,78.08,63.44,-141.52,-122,-136.64,-146.4,-165.92,-146.4,-97.6
-29.28,-161.04,-131.76,97.6,48.8,-146.4,-131.76,-146.4,-156.16,-180.56,-165.92,-97.6
-29.28,-146.4,-117.12,87.84,43.92,-131.76,-126.88,-156.16,-156.16,-170.8,-146.4,-87.84
-24.4,-151.28,-126.88,87.84,48.8,-141.52,-126.88,-156.16,-151.28,-161.04,-136.64,-92.72
-19.52,-151.28,-131.76,87.84,53.68,-141.52,-126.88,-156.16,-151.28,-156.16,-136.64,-87.84
-4.88,-136.64,-131.76,73.2,63.44,-136.64,-126.88,-156.16,-156.16,-156.16,-136.64,-82.96
-24.4,-151.28,-126.88,87.84,48.8,-141.52,-141.52,-165.92,-170.8,-170.8,-146.4,-87.84
-19.52,-146.4,-126.88,82.96,53.68,-136.64,-141.52,-161.04,-170.8,-175.68,-141.52,-92.72
-24.4,-131.76,-107.36,78.08,39.04,-122,-141.52,-156.16,-165.92,-170.8,-141.52,-87.84
-24.4,-156.16,-131.76,92.72,53.68,-146.4,-146.4,-151.28,-161.04,-165.92,-141.52,-82.96
-4.88,-146.4,-141.52,78.08,68.32,-146.4,-151.28,-165.92,-161.04,-170.8,-141.52,-87.84
4.88,-136.64,-141.52,68.32,73.2,-141.52,-141.52,-156.16,-151.28,-156.16,-126.88,-82.96
4.88,-136.64,-141.52,68.32,73.2,-141.52,-141.52,-161.04,-146.4,-146.4,-126.88,-82.96
9.76,-131.76,-141.52,63.44,73.2,-136.64,-136.64,-165.92,-151.28,-156.16,-122,-82.96
14.64,-126.88,-141.52,58.56,78.08,-136.64,-141.52,-170.8,-161.04,-156.16,-126.88,-82.96
24.4,-112.24,-136.64,43.92,78.08,-126.88,-141.52,-170.8,-161.04,-151.28,-126.88,-73.2
4.88,-122,-126.88,58.56,63.44,-126.88,-146.4,-170.8,-170.8,-156.16,-131.76,-68.32
-9.76,-122,-112.24,68.32,48.8,-117.12,-156.16,-175.68,-175.68,-165.92,-131.76,-68.32
0,-117.12,-117.12,58.56,58.56,-117.12,-156.16,-170.8,-165.92,-165.92,-126.88,-63.44
0,-131.76,-131.76,68.32,63.44,-131.76,-165.92,-170.8,-170.8,-175.68,-131.76,-82.96
-9.76,-146.4,-136.64,78.08,63.44,-141.52,-165.92,-180.56,-170.8,-180.56,-141.52,-87.84
-14.64,-151.28,-136.64,82.96,58.56,-146.4,-156.16,-175.68,-161.04,-175.68,-131.76,-82.96
-14.64,-156.16,-141.52,87.84,63.44,-151.28,-165.92,-185.44,-170.8,-185.44,-141.52,-97.6
0,-156.16,-156.16,78.08,78.08,-156.16,-165.92,-185.44,-180.56,-175.68,-131.76,-92.72
0,-141.52,-141.52,73.2,68.32,-141.52,-161.04,-195.2,-180.56,-170.8,-131.76,-87.84
-14.64,-151.28,-136.64,82.96,58.56,-146.4,-165.92,-190.32,-185.44,-165.92,-126.88,-87.84
0,-126.88,-126.88,63.44,63.44,-126.88,-170.8,-195.2,-185.44,-170.8,-126.88,-87.84
9.76,-122,-131.76,58.56,68.32,-126.88,-161.04,-175.68,-180.56,-165.92,-112.24,-78.08
4.88,-131.76,-136.64,63.44,68.32,-136.64,-165.92,-175.68,-180.56,-170.8,-122,-87.84
0,-141.52,-141.52,73.2,68.32,-141.52,-170.8,-175.68,-175.68,-180.56,-131.76,-92.72
-14.64,-156.16,-141.52,87.84,63.44,-151.28,-170.8,-185.44,-185.44,-185.44,-151.28,-92.72
0,-146.4,-146.4,73.2,73.2,-146.4,-161.04,-180.56,-175.68,-175.68,-146.4,-87.84
9.76,-131.76,-141.52,63.44,73.2,-136.64,-161.04,-180.56,-175.68,-170.8,-136.64,-82.96
4.88,-146.4,-151.28,73.2,78.08,-151.28,-165.92,-190.32,-185.44,-170.8,-141.52,-82.96
14.64,-131.76,-146.4,58.56,78.08,-141.52,-165.92,-195.2,-195.2,-180.56,-146.4,-78.08
4.88,-141.52,-146.4,68.32,73.2,-146.4,-170.8,-200.08,-204.96,-190.32,-141.52,-82.96
0,-146.4,-146.4,73.2,73.2,-146.4,-161.04,-200.08,-204.96,-190.32,-146.4,-87.84
-4.88,-156.16,-151.28,82.96,73.2,-156.16,-161.04,-185.44,-200.08,-185.44,-146.4,-87.84
-14.64,-156.16,-141.52,87.84,63.44,-151.28,-161.04,-190.32,-200.08,-185.44,-141.52,-102.48
-14.64,-170.8,-156.16,92.72,68.32,-165.92,-161.04,-180.56,-195.2,-185.44,-131.76,-117.12
-4.88,-165.92,-161.04,87.84,78.08,-165.92,-156.16,-180.56,-190.32,-185.44,-126.88,-117.12
-39.04,-195.2,-156.16,117.12,58.56,-175.68,-170.8,-190.32,-200.08,-200.08,-131.76,-122
-19.52,-161.04,-141.52,92.72,58.56,-151.28,-170.8,-200.08,-209.84,-204.96,-131.76,-122
4.88,-141.52,-146.4,68.32,73.2,-146.4,-156.16,-190.32,-200.08,-190.32,-136.64,-102.48
-9.76,-180.56,-170.8,97.6,78.08,-175.68,-146.4,-190.32,-200.08,-185.44,-175.68,-87.84
-14.64,-180.56,-165.92,97.6,73.2,-175.68,-156.16,-195.2,-214.72,-200.08,-195.2,-82.96
-14.64,-151.28,-136.64,82.96,58.56,-146.4,-161.04,-200.08,-219.6,-209.84,-180.56,-92.72
24.4,-126.88,-151.28,53.68,87.84,-141.52,-146.4,-180.56,-204.96,-195.2,-156.16,-82.96
34.16,-126.88,-161.04,48.8,97.6,-146.4,-136.64,-170.8,-185.44,-190.32,-151.28,-73.2
0,-156.16,-156.16,78.08,78.08,-156.16,-151.28,-175.68,-200.08,-200.08,-165.92,-92.72
-24.4,-165.92,-141.52,97.6,58.56,-156.16,-156.16,-185.44,-209.84,-214.72,-170.8,-102.48
-14.64,-165.92,-151.28,92.72,68.32,-161.04,-146.4,-180.56,-200.08,-204.96,-165.92,-102.48
-9.76,-165.92,-156.16,87.84,73.2,-161.04,-151.28,-195.2,-204.96,-204.96,-165.92,-112.24
4.88,-151.28,-156.16,73.2,78.08,-156.16,-141.52,-185.44,-195.2,-195.2,-161.04,-102.48
4.88,-146.4,-151.28,73.2,78.08,-151.28,-131.76,-185.44,-195.2,-195.2,-156.16,-97.6
-19.52,-165.92,-146.4,92.72,63.44,-156.16,-141.52,-190.32,-214.72,-204.96,-165.92,-107.36
-19.52,-161.04,-141.52,92.72,58.56,-151.28,-141.52,-195.2,-219.6,-204.96,-161.04,-107.36
-24.4,-175.68,-151.28,102.48,63.44,-165.92,-136.64,-190.32,-214.72,-204.96,-165.92,-107.36
-19.52,-170.8,-151.28,97.6,63.44,-161.04,-146.4,-190.32,-214.72,-209.84,-170.8,-122
-9.76,-161.04,-151.28,87.84,68.32,-156.16,-151.28,-185.44,-209.84,-214.72,-170.8,-126.88
-14.64,-180.56,-165.92,97.6,73.2,-175.68,-141.52,-180.56,-204.96,-214.72,-165.92,-122
-9.76,-165.92,-156.16,87.84,73.2,-161.04,-131.76,-175.68,-200.08,-204.96,-170.8,-117.12
-14.64,-161.04,-146.4,87.84,63.44,-156.16,-136.64,-180.56,-204.96,-200.08,-165.92,-112.24
-29.28,-190.32,-161.04,112.24,63.44,-175.68,-136.64,-190.32,-214.72,-204.96,-170.8,-112.24
-34.16,-180.56,-146.4,107.36,53.68,-165.92,-136.64,-195.2,-214.72,-204.96,-170.8,-112.24
-24.4,-180.56,-156.16,102.48,63.44,-170.8,-131.76,-185.44,-209.84,-190.32,-161.04,-102.48
-14.64,-170.8,-156.16,92.72,68.32,-165.92,-136.64,-185.44,-209.84,-200.08,-161.04,-102.48
-9.76,-161.04,-151.28,87.84,68.32,-156.16,-146.4,-185.44,-219.6,-209.84,-170.8,-107.36
0,-141.52,-141.52,73.2,68.32,-141.52,-141.52,-175.68,-204.96,-204.96,-170.8,-102.48
19.52,-141.52,-161.04,63.44,87.84,-151.28,-136.64,-170.8,-200.08,-200.08,-165.92,-102.48
4.88,-151.28,-156.16,73.2,78.08,-156.16,-141.52,-180.56,-204.96,-209.84,-170.8,-117.12
9.76,-161.04,-170.8,78.08,87.84,-165.92,-136.64,-175.68,-195.2,-200.08,-170.8,-117.12
0,-170.8,-170.8,87.84,82.96,-170.8,-131.76,-180.56,-190.32,-195.2,-161.04,-117.12
-29.28,-200.08,-170.8,117.12,68.32,-185.44,-131.76,-185.44,-200.08,-200.08,-165.92,-122
-29.28,-185.44,-156.16,107.36,63.44,-170.8,-126.88,-190.32,-200.08,-195.2,-165.92,-122
-14.64,-161.04,-146.4,87.84,63.44,-156.16,-122,-180.56,-200.08,-185.44,-161.04,-117.12
-4.88,-156.16,-151.28,82.96,73.2,-156.16,-126.88,-180.56,-204.96,-190.32,-165.92,-117.12
0,-161.04,-161.04,82.96,78.08,-161.04,-122,-170.8,-195.2,-190.32,-161.04,-107.36
-9.76,-165.92,-156.16,87.84,73.2,-161.04,-126.88,-170.8,-200.08,-190.32,-161.04,-107.36
-24.4,-185.44,-161.04,107.36,68.32,-175.68,-131.76,-185.44,-204.96,-204.96,-170.8,-122
-19.52,-185.44,-165.92,102.48,73.2,-175.68,-131.76,-175.68,-200.08,-209.84,-161.04,-126.88
-19.52,-180.56,-161.04,102.48,68.32,-170.8,-122,-175.68,-195.2,-204.96,-151.28,-131.76
-9.76,-161.04,-151.28,87.84,68.32,-156.16,-126.88,-180.56,-204.96,-204.96,-151.28,-141.52
0,-156.16,-156.16,78.08,78.08,-156.16,-122,-175.68,-195.2,-195.2,-156.16,-136.64
4.88,-185.44,-190.32,92.72,97.6,-190.32,-107.36,-165.92,-190.32,-185.44,-146.4,-126.88
4.88,-190.32,-195.2,92.72,97.6,-195.2,-107.36,-170.8,-190.32,-180.56,-141.52,-122
9.76,-146.4,-156.16,68.32,82.96,-151.28,-122,-170.8,-200.08,-185.44,-165.92,-117.12
29.28,-126.88,-156.16,48.8,92.72,-141.52,-112.24,-161.04,-190.32,-185.44,-190.32,-102.48
9.76,-141.52,-151.28,68.32,78.08,-146.4,-107.36,-151.28,-185.44,-185.44,-180.56,-97.6
4.88,-141.52,-146.4,68.32,73.2,-146.4,-117.12,-151.28,-185.44,-190.32,-165.92,-102.48
24.4,-126.88,-151.28,53.68,87.84,-141.52,-102.48,-141.52,-170.8,-180.56,-151.28,-92.72
14.64,-136.64,-151.28,63.44,82.96,-146.4,-97.6,-146.4,-165.92,-175.68,-165.92,-97.6
-4.88,-122,-117.12,63.44,53.68,-122,-87.84,-146.4,-161.04,-170.8,-161.04,-97.6
9.76,-102.48,-112.24,48.8,58.56,-107.36,-68.32,-146.4,-151.28,-161.04,-151.28,-87.84
34.16,-97.6,-131.76,34.16,82.96,-117.12,-58.56,-131.76,-151.28,-151.28,-146.4,-87.84
39.04,-82.96,-122,24.4,78.08,-102.48,-58.56,-136.64,-156.16,-151.28,-141.52,-82.96
34.16,-92.72,-126.88,29.28,78.08,-112.24,-53.68,-126.88,-146.4,-141.52,-126.88,-73.2
9.76,-112.24,-122,53.68,63.44,-117.12,-63.44,-136.64,-151.28,-156.16,-136.64,-87.84
9.76,-107.36,-117.12,48.8,63.44,-112.24,-58.56,-122,-141.52,-151.28,-136.64,-82.96
14.64,-107.36,-122,48.8,68.32,-117.12,-53.68,-112.24,-131.76,-146.4,-126.88,-73.2
19.52,-97.6,-117.12,39.04,68.32,-107.36,-63.44,-112.24,-126.88,-151.28,-131.76,-73.2
43.92,-63.44,-107.36,9.76,73.2,-87.84,-53.68,-92.72,-107.36,-126.88,-117.12,-53.68
48.8,-58.56,-107.36,4.88,78.08,-82.96,-73.2,-102.48,-107.36,-117.12,-107.36,-53.68
43.92,-68.32,-112.24,14.64,78.08,-92.72,-92.72,-112.24,-112.24,-117.12,-102.48,-58.56
29.28,-78.08,-107.36,24.4,68.32,-92.72,-112.24,-131.76,-131.76,-122,-107.36,-78.08
24.4,-87.84,-112.24,34.16,68.32,-102.48,-107.36,-141.52,-141.52,-136.64,-122,-92.72
34.16,-82.96,-117.12,24.4,73.2,-102.48,-107.36,-136.64,-146.4,-136.64,-126.88,-78.08
48.8,-92.72,-141.52,24.4,92.72,-117.12,-112.24,-141.52,-151.28,-146.4,-131.76,-73.2
48.8,-107.36,-156.16,29.28,102.48,-131.76,-107.36,-126.88,-141.52,-141.52,-126.88,-63.44
43.92,-126.88,-170.8,43.92,107.36,-151.28,-112.24,-136.64,-146.4,-151.28,-126.88,-78.08
39.04,-122,-161.04,43.92,97.6,-141.52,-122,-156.16,-161.04,-170.8,-146.4,-97.6
68.32,-92.72,-161.04,14.64,112.24,-126.88,-117.12,-156.16,-161.04,-165.92,-146.4,-92.72
48.8,-112.24,-161.04,34.16,102.48,-136.64,-107.36,-151.28,-161.04,-156.16,-141.52,-82.96
34.16,-126.88,-161.04,48.8,97.6,-146.4,-117.12,-161.04,-165.92,-156.16,-136.64,-92.72
34.16,-136.64,-170.8,53.68,102.48,-156.16,-102.48,-156.16,-156.16,-156.16,-136.64,-82.96
19.52,-141.52,-161.04,63.44,87.84,-151.28,-107.36,-156.16,-161.04,-156.16,-141.52,-82.96
19.52,-141.52,-161.04,63.44,87.84,-151.28,-122,-165.92,-175.68,-175.68,-156.16,-97.6
4.88,-156.16,-161.04,78.08,82.96,-161.04,-126.88,-170.8,-185.44,-190.32,-165.92,-107.36
-19.52,-175.68,-156.16,97.6,68.32,-165.92,-131.76,-170.8,-195.2,-195.2,-175.68,-117.12
-14.64,-180.56,-165.92,97.6,73.2,-175.68,-131.76,-175.68,-195.2,-195.2,-180.56,-112.24
-4.88,-175.68,-170.8,92.72,82.96,-175.68,-131.76,-185.44,-195.2,-204.96,-185.44,-122
-14.64,-175.68,-161.04,97.6,73.2,-170.8,-131.76,-185.44,-204.96,-204.96,-180.56,-126.88
-9.76,-175.68,-165.92,92.72,78.08,-170.8,-131.76,-190.32,-204.96,-209.84,-185.44,-136.64
-14.64,-190.32,-175.68,102.48,78.08,-185.44,-141.52,-200.08,-214.72,-209.84,-180.56,-146.4
-19.52,-195.2,-175.68,107.36,78.08,-185.44,-151.28,-209.84,-229.36,-219.6,-180.56,-156.16
-9.76,-175.68,-165.92,92.72,78.08,-170.8,-146.4,-209.84,-234.24,-219.6,-175.68,-161.04
-19.52,-175.68,-156.16,97.6,68.32,-165.92,-146.4,-209.84,-234.24,-219.6,-175.68,-151.28
4.88,-151.28,-156.16,73.2,78.08,-156.16,-136.64,-200.08,-219.6,-209.84,-195.2,-136.64
4.88,-165.92,-170.8,82.96,87.84,-170.8,-131.76,-190.32,-209.84,-209.84,-224.48,-126.88
-14.64,-209.84,-195.2,112.24,87.84,-204.96,-131.76,-195.2,-214.72,-224.48,-219.6,-131.76
0,-165.92,-165.92,82.96,82.96,-165.92,-131.76,-190.32,-214.72,-229.36,-209.84,-136.64
4.88,-156.16,-161.04,78.08,82.96,-161.04,-126.88,-195.2,-209.84,-224.48,-204.96,-141.52
-14.64,-170.8,-156.16,92.72,68.32,-165.92,-136.64,-200.08,-219.6,-229.36,-224.48,-141.52
-19.52,-185.44,-165.92,102.48,73.2,-175.68,-141.52,-219.6,-229.36,-234.24,-234.24,-146.4
-29.28,-204.96,-175.68,117.12,73.2,-190.32,-146.4,-214.72,-229.36,-239.12,-229.36,-156.16
-43.92,-200.08,-156.16,122,53.68,-180.56,-136.64,-209.84,-229.36,-229.36,-224.48,-151.28
-48.8,-190.32,-141.52,122,43.92,-165.92,-141.52,-209.84,-234.24,-234.24,-224.48,-151.28
-53.68,-204.96,-151.28,131.76,48.8,-180.56,-136.64,-195.2,-224.48,-229.36,-214.72,-151.28
-29.28,-190.32,-161.04,112.24,63.44,-175.68,-131.76,-185.44,-214.72,-219.6,-209.84,-146.4
-9.76,-180.56,-170.8,97.6,78.08,-175.68,-136.64,-195.2,-214.72,-219.6,-214.72,-151.28
-19.52,-175.68,-156.16,97.6,68.32,-165.92,-136.64,-195.2,-214.72,-234.24,-214.72,-151.28
-19.52,-175.68,-156.16,97.6,68.32,-165.92,-141.52,-195.2,-224.48,-234.24,-214.72,-156.16
-24.4,-185.44,-161.04,107.36,68.32,-175.68,-146.4,-204.96,-224.48,-239.12,-229.36,-161.04
-29.28,-219.6,-190.32,126.88,78.08,-204.96,-136.64,-200.08,-219.6,-229.36,-224.48,-151.28
-29.28,-229.36,-200.08,131.76,82.96,-214.72,-122,-190.32,-219.6,-224.48,-224.48,-151.28
-9.76,-180.56,-170.8,97.6,78.08,-175.68,-126.88,-195.2,-224.48,-229.36,-224.48,-161.04
-24.4,-175.68,-151.28,102.48,63.44,-165.92,-112.24,-185.44,-219.6,-234.24,-219.6,-170.8
-39.04,-185.44,-146.4,112.24,53.68,-165.92,-102.48,-170.8,-214.72,-229.36,-219.6,-175.68
-19.52,-165.92,-146.4,92.72,63.44,-156.16,-87.84,-151.28,-204.96,-219.6,-219.6,-170.8
-9.76,-161.04,-151.28,87.84,68.32,-156.16,-68.32,-131.76,-180.56,-214.72,-219.6,-161.04
-48.8,-190.32,-141.52,122,43.92,-165.92,-39.04,-112.24,-170.8,-219.6,-229.36,-175.68
-43.92,-195.2,-151.28,122,53.68,-175.68,4.88,-78.08,-151.28,-219.6,-239.12,-185.44
-53.68,-209.84,-156.16,131.76,48.8,-185.44,48.8,-24.4,-126.88,-209.84,-258.64,-214.72
-53.68,-219.6,-165.92,136.64,53.68,-195.2,107.36,48.8,-82.96,-204.96,-268.4,-239.12
-53.68,-234.24,-180.56,146.4,63.44,-209.84,175.68,156.16,-24.4,-185.44,-297.68,-273.28
-43.92,-268.4,-224.48,156.16,87.84,-248.88,229.36,278.16,48.8,-156.16,-312.32,-302.56
-9.76,-263.52,-253.76,136.64,122,-258.64,292.8,429.44,156.16,-126.88,-322.08,-312.32
4.88,-253.76,-258.64,126.88,131.76,-258.64,366,634.4,292.8,-68.32,-336.72,-331.84
24.4,-234.24,-258.64,107.36,141.52,-248.88,444.08,888.16,473.36,14.64,-346.48,-346.48
68.32,-175.68,-244,53.68,156.16,-209.84,590.48,1224.88,722.24,136.64,-326.96,-351.36
92.72,-156.16,-248.88,34.16,170.8,-204.96,732,1546.96,966.24,278.16,-273.28,-331.84
175.68,-82.96,-258.64,-43.92,214.72,-170.8,810.08,1712.88,1156.56,439.2,-165.92,-258.64
278.16,24.4,-253.76,-151.28,263.52,-117.12,834.48,1737.28,1293.2,639.28,14.64,-117.12
375.76,180.56,-195.2,-278.16,283.04,-9.76,824.72,1639.68,1381.04,858.88,253.76,73.2
468.48,370.88,-97.6,-419.68,283.04,136.64,819.84,1381.04,1366.4,1063.84,531.92,287.92
541.68,561.2,19.52,-551.44,258.64,287.92,741.76,1010.16,1215.12,1234.64,868.64,561.2
595.36,736.88,141.52,-663.68,224.48,439.2,658.8,595.36,1015.04,1405.44,1234.64,863.76
644.16,1039.44,395.28,-839.36,122,717.36,619.76,151.28,824.72,1605.52,1620.16,1161.44
566.08,1356.64,790.56,-961.36,-112.24,1073.6,590.48,-331.84,653.92,1825.12,1986.16,1449.36
439.2,1664.08,1224.88,-1049.2,-395.28,1444.48,629.52,-834.48,463.6,2044.72,2293.6,1732.4
341.6,1883.68,1542.08,-1112.64,-600.24,1712.88,692.96,-1244.4,297.68,2220.4,2508.32,1947.12
273.28,1947.12,1673.84,-1107.76,-702.72,1810.48,766.16,-1498.16,170.8,2288.72,2610.8,2015.44
224.48,1805.6,1581.12,-1015.04,-678.32,1693.36,878.4,-1625.04,68.32,2196,2493.68,1917.84
126.88,1556.72,1429.84,-839.36,-653.92,1493.28,873.52,-1742.16,-161.04,1849.52,2113.04,1668.96
-48.8,1254.16,1302.96,-600.24,-678.32,1278.56,712.48,-1854.4,-463.6,1366.4,1610.4,1337.12
-209.84,971.12,1180.96,-380.64,-697.84,1073.6,448.96,-1922.72,-810.08,702.72,936.96,917.44
-322.08,712.48,1034.56,-195.2,-678.32,873.52,-29.28,-1961.76,-1112.64,4.88,263.52,507.52
-375.76,453.84,829.6,-39.04,-605.12,639.28,-468.48,-1893.44,-1176.08,-312.32,-107.36,209.84
-370.88,253.76,624.64,58.56,-497.76,439.2,-610,-1708,-1093.12,-346.48,-224.48,34.16
-346.48,151.28,497.76,97.6,-424.56,322.08,-766.16,-1566.48,-995.52,-307.44,-229.36,-29.28
-326.96,58.56,385.52,136.64,-356.24,219.6,-893.04,-1478.64,-966.24,-405.04,-268.4,-87.84
-317.2,-53.68,263.52,185.44,-292.8,102.48,-863.76,-1332.24,-961.36,-575.84,-346.48,-161.04
-278.16,-131.76,146.4,204.96,-214.72,4.88,-775.92,-1112.64,-849.12,-600.24,-346.48,-180.56
-229.36,-122,107.36,175.68,-170.8,-9.76,-727.12,-917.44,-697.84,-488,-312.32,-180.56
-195.2,-97.6,97.6,146.4,-146.4,0,-629.52,-746.64,-546.56,-375.76,-253.76,-161.04
-156.16,-43.92,112.24,102.48,-136.64,34.16,-517.28,-605.12,-448.96,-307.44,-219.6,-136.64
-126.88,-29.28,97.6,78.08,-112.24,34.16,-424.56,-473.36,-366,-248.88,-195.2,-107.36
-102.48,-48.8,53.68,78.08,-78.08,0,-326.96,-356.24,-268.4,-195.2,-170.8,-102.48
-68.32,-63.44,4.88,68.32,-39.04,-29.28,-209.84,-224.48,-161.04,-141.52,-141.52,-87.84
-34.16,-87.84,-53.68,63.44,9.76,-73.2,-102.48,-102.48,-63.44,-78.08,-126.88,-78.08
-14.64,-102.48,-87.84,58.56,34.16,-97.6,-48.8,-48.8,-14.64,-58.56,-112.24,-78.08
-14.64,-107.36,-92.72,63.44,39.04,-102.48,-34.16,-34.16,0,-53.68,-117.12,-73.2
-34.16,-117.12,-82.96,78.08,24.4,-102.48,-39.04,-39.04,-9.76,-68.32,-122,-78.08
-29.28,-136.64,-107.36,82.96,39.04,-122,-29.28,-29.28,-9.76,-53.68,-122,-82.96
-9.76,-136.64,-126.88,73.2,58.56,-131.76,-29.28,-19.52,-14.64,-53.68,-112.24,-82.96
-14.64,-136.64,-122,78.08,53.68,-131.76,-34.16,-14.64,-24.4,-63.44,-122,-92.72
-14.64,-107.36,-92.72,63.44,39.04,-102.48,-43.92,0,-29.28,-73.2,-131.76,-102.48
-14.64,-117.12,-102.48,68.32,43.92,-112.24,-43.92,14.64,-19.52,-78.08,-136.64,-107.36
0,-126.88,-126.88,63.44,63.44,-126.88,-34.16,29.28,-4.88,-87.84,-141.52,-97.6
0,-146.4,-146.4,73.2,73.2,-146.4,-39.04,29.28,4.88,-97.6,-156.16,-107.36
0,-165.92,-165.92,82.96,82.96,-165.92,-29.28,34.16,9.76,-92.72,-146.4,-102.48
4.88,-131.76,-136.64,63.44,68.32,-136.64,-34.16,24.4,9.76,-92.72,-151.28,-107.36
9.76,-117.12,-126.88,53.68,68.32,-122,-34.16,14.64,9.76,-92.72,-151.28,-117.12
9.76,-131.76,-141.52,63.44,73.2,-136.64,-24.4,29.28,14.64,-78.08,-141.52,-107.36
9.76,-126.88,-136.64,58.56,73.2,-131.76,-14.64,34.16,9.76,-68.32,-131.76,-97.6
-4.88,-141.52,-136.64,73.2,63.44,-141.52,-14.64,34.16,4.88,-68.32,-141.52,-102.48
-4.88,-141.52,-136.64,73.2,63.44,-141.52,-14.64,53.68,9.76,-68.32,-126.88,-92.72
14.64,-122,-136.64,53.68,73.2,-131.76,-19.52,63.44,14.64,-68.32,-131.76,-87.84
19.52,-122,-141.52,53.68,78.08,-131.76,-14.64,73.2,24.4,-68.32,-122,-92.72
9.76,-131.76,-141.52,63.44,73.2,-136.64,-14.64,78.08,39.04,-63.44,-126.88,-97.6
-14.64,-141.52,-126.88,78.08,53.68,-136.64,-14.64,78.08,39.04,-68.32,-126.88,-102.48
-4.88,-146.4,-141.52,78.08,68.32,-146.4,-19.52,73.2,43.92,-58.56,-117.12,-107.36
24.4,-131.76,-156.16,53.68,87.84,-146.4,0,87.84,63.44,-34.16,-87.84,-92.72
43.92,-102.48,-146.4,29.28,92.72,-126.88,4.88,87.84,58.56,-19.52,-82.96,-92.72
19.52,-112.24,-131.76,48.8,73.2,-122,14.64,87.84,53.68,-9.76,-82.96,-82.96
-4.88,-131.76,-126.88,68.32,58.56,-131.76,4.88,92.72,53.68,-19.52,-97.6,-82.96
14.64,-117.12,-131.76,53.68,73.2,-126.88,0,97.6,48.8,-29.28,-92.72,-78.08
4.88,-122,-126.88,58.56,63.44,-126.88,-4.88,102.48,48.8,-34.16,-107.36,-73.2
-4.88,-141.52,-136.64,73.2,63.44,-141.52,0,107.36,63.44,-43.92,-117.12,-73.2
0,-126.88,-126.88,63.44,63.44,-126.88,0,126.88,82.96,-34.16,-112.24,-73.2
24.4,-112.24,-136.64,43.92,78.08,-126.88,14.64,136.64,97.6,-24.4,-97.6,-73.2
19.52,-126.88,-146.4,53.68,82.96,-136.64,14.64,117.12,102.48,-19.52,-107.36,-87.84
29.28,-131.76,-161.04,53.68,92.72,-146.4,19.52,122,112.24,-9.76,-97.6,-78.08
39.04,-102.48,-141.52,34.16,87.84,-122,19.52,131.76,112.24,9.76,-92.72,-63.44
19.52,-92.72,-112.24,39.04,63.44,-102.48,29.28,126.88,107.36,9.76,-78.08,-48.8
19.52,-82.96,-102.48,34.16,58.56,-92.72,29.28,136.64,112.24,19.52,-73.2,-48.8
14.64,-82.96,-97.6,34.16,53.68,-92.72,29.28,156.16,112.24,24.4,-58.56,-43.92
-9.76,-92.72,-82.96,53.68,34.16,-87.84,19.52,156.16,112.24,19.52,-68.32,-58.56
14.64,-82.96,-97.6,34.16,53.68,-92.72,24.4,170.8,131.76,14.64,-58.56,-53.68
48.8,-58.56,-107.36,4.88,78.08,-82.96,29.28,175.68,146.4,19.52,-68.32,-53.68
48.8,-63.44,-112.24,9.76,78.08,-87.84,24.4,175.68,151.28,24.4,-68.32,-58.56
53.68,-68.32,-122,9.76,87.84,-97.6,39.04,175.68,165.92,39.04,-68.32,-48.8
43.92,-78.08,-122,19.52,82.96,-102.48,48.8,185.44,180.56,48.8,-53.68,-39.04
34.16,-63.44,-97.6,14.64,63.44,-82.96,53.68,190.32,175.68,63.44,-43.92,-34.16
43.92,-48.8,-92.72,4.88,68.32,-73.2,73.2,204.96,185.44,82.96,-14.64,-9.76
34.16,-63.44,-97.6,14.64,63.44,-82.96,63.44,209.84,185.44,87.84,-19.52,-9.76
24.4,-53.68,-78.08,14.64,48.8,-68.32,58.56,219.6,190.32,87.84,-14.64,-14.64
29.28,-43.92,-73.2,9.76,48.8,-58.56,58.56,244,195.2,92.72,-9.76,-14.64
43.92,-9.76,-53.68,-14.64,48.8,-34.16,63.44,253.76,214.72,87.84,0,-14.64
48.8,-14.64,-63.44,-14.64,53.68,-39.04,63.44,258.64,234.24,87.84,-9.76,-19.52
48.8,-14.64,-63.44,-14.64,53.68,-39.04,68.32,263.52,244,97.6,-4.88,-14.64
73.2,-14.64,-87.84,-29.28,78.08,-53.68,78.08,263.52,258.64,112.24,4.88,-9.76
43.92,-39.04,-82.96,0,63.44,-63.44,87.84,268.4,268.4,126.88,19.52,4.88
34.16,-29.28,-63.44,0,48.8,-48.8,82.96,268.4,258.64,136.64,19.52,0
48.8,-24.4,-73.2,-9.76,58.56,-48.8,92.72,278.16,263.52,151.28,39.04,14.64
58.56,-14.64,-73.2,-19.52,63.44,-43.92,117.12,302.56,283.04,170.8,53.68,34.16
73.2,14.64,-58.56,-43.92,63.44,-24.4,126.88,336.72,297.68,180.56,63.44,48.8
73.2,29.28,-43.92,-48.8,58.56,-9.76,131.76,351.36,307.44,180.56,63.44,43.92
48.8,24.4,-24.4,-34.16,34.16,0,126.88,356.24,322.08,175.68,63.44,34.16
53.68,24.4,-29.28,-39.04,39.04,-4.88,136.64,370.88,341.6,180.56,63.44,39.04
48.8,19.52,-29.28,-34.16,39.04,-4.88,146.4,390.4,361.12,195.2,78.08,43.92
58.56,29.28,-29.28,-43.92,43.92,0,151.28,380.64,370.88,200.08,73.2,39.04
58.56,24.4,-34.16,-39.04,43.92,-4.88,161.04,390.4,385.52,219.6,92.72,48.8
63.44,29.28,-34.16,-43.92,48.8,-4.88,161.04,409.92,385.52,229.36,97.6,53.68
92.72,58.56,-34.16,-73.2,63.44,9.76,195.2,429.44,400.16,253.76,126.88,82.96
107.36,97.6,-9.76,-102.48,58.56,43.92,204.96,458.72,414.8,268.4,136.64,92.72
92.72,97.6,4.88,-92.72,43.92,48.8,209.84,478.24,414.8,268.4,141.52,97.6
87.84,97.6,9.76,-92.72,39.04,53.68,219.6,502.64,434.32,283.04,156.16,102.48
73.2,63.44,-9.76,-68.32,39.04,24.4,234.24,527.04,458.72,283.04,165.92,112.24
73.2,68.32,-4.88,-68.32,39.04,29.28,234.24,541.68,473.36,287.92,161.04,102.48
63.44,87.84,24.4,-73.2,19.52,53.68,244,546.56,483.12,292.8,161.04,97.6
68.32,107.36,39.04,-87.84,14.64,73.2,258.64,561.2,502.64,312.32,170.8,117.12
87.84,122,34.16,-102.48,24.4,78.08,278.16,575.84,517.28,336.72,190.32,131.76
92.72,136.64,43.92,-112.24,24.4,87.84,302.56,605.12,531.92,366,209.84,141.52
82.96,141.52,58.56,-112.24,9.76,97.6,317.2,614.88,536.8,380.64,239.12,151.28
92.72,170.8,78.08,-131.76,4.88,122,341.6,649.04,556.32,390.4,253.76,165.92
87.84,165.92,78.08,-126.88,4.88,122,356.24,683.2,575.84,409.92,273.28,180.56
78.08,141.52,63.44,-107.36,4.88,102.48,361.12,707.6,595.36,424.56,283.04,185.44
92.72,175.68,82.96,-131.76,4.88,126.88,380.64,732,610,424.56,302.56,195.2
87.84,180.56,92.72,-131.76,-4.88,136.64,390.4,751.52,629.52,429.44,302.56,195.2
112.24,200.08,87.84,-156.16,9.76,141.52,414.8,785.68,658.8,458.72,326.96,214.72
117.12,214.72,97.6,-165.92,9.76,156.16,434.32,795.44,678.32,468.48,326.96,224.48
107.36,214.72,107.36,-161.04,0,161.04,448.96,814.96,688.08,483.12,336.72,239.12
122,258.64,136.64,-190.32,-9.76,195.2,463.6,834.48,692.96,502.64,341.6,253.76
112.24,268.4,156.16,-190.32,-24.4,209.84,488,854,697.84,512.4,356.24,273.28
107.36,263.52,156.16,-185.44,-24.4,209.84,497.76,883.28,707.6,522.16,370.88,283.04
92.72,273.28,180.56,-180.56,-43.92,224.48,512.4,912.56,727.12,531.92,395.28,292.8
87.84,278.16,190.32,-180.56,-53.68,234.24,517.28,936.96,732,536.8,400.16,283.04
87.84,283.04,195.2,-185.44,-53.68,239.12,536.8,951.6,756.4,546.56,414.8,297.68
107.36,297.68,190.32,-200.08,-43.92,244,551.44,971.12,771.04,551.44,419.68,302.56
112.24,307.44,195.2,-209.84,-43.92,248.88,561.2,985.76,780.8,561.2,414.8,317.2
126.88,322.08,195.2,-224.48,-34.16,258.64,590.48,1010.16,810.08,580.72,429.44,336.72
126.88,326.96,200.08,-224.48,-39.04,263.52,595.36,1019.92,810.08,595.36,444.08,341.6
156.16,351.36,195.2,-253.76,-19.52,273.28,619.76,1034.56,824.72,614.88,463.6,356.24
165.92,380.64,214.72,-273.28,-24.4,297.68,634.4,1049.2,829.6,634.4,483.12,370.88
117.12,361.12,244,-239.12,-63.44,302.56,634.4,1058.96,819.84,629.52,488,366
102.48,346.48,244,-224.48,-73.2,292.8,634.4,1073.6,829.6,629.52,492.88,375.76
141.52,380.64,239.12,-258.64,-48.8,307.44,644.16,1088.24,834.48,639.28,502.64,380.64
146.4,409.92,263.52,-278.16,-58.56,336.72,634.4,1083.36,829.6,634.4,502.64,370.88
141.52,405.04,263.52,-273.28,-63.44,331.84,644.16,1088.24,844.24,634.4,502.64,375.76
136.64,395.28,258.64,-263.52,-63.44,326.96,639.28,1068.72,839.36,634.4,497.76,390.4
117.12,380.64,263.52,-248.88,-73.2,322.08,629.52,1039.44,824.72,624.64,488,380.64
122,390.4,268.4,-253.76,-73.2,326.96,624.64,1019.92,814.96,624.64,492.88,380.64
122,414.8,292.8,-268.4,-87.84,351.36,605.12,985.76,790.56,614.88,483.12,361.12
102.48,380.64,278.16,-239.12,-87.84,326.96,595.36,966.24,766.16,614.88,488,366
92.72,351.36,258.64,-219.6,-82.96,302.56,575.84,932.08,746.64,600.24,488,366
87.84,351.36,263.52,-219.6,-87.84,307.44,541.68,893.04,717.36,580.72,473.36,356.24
92.72,385.52,292.8,-239.12,-102.48,336.72,522.16,863.76,697.84,556.32,458.72,331.84
78.08,366,287.92,-219.6,-107.36,326.96,502.64,829.6,678.32,536.8,444.08,312.32
48.8,302.56,253.76,-175.68,-102.48,278.16,473.36,795.44,653.92,507.52,414.8,283.04
58.56,283.04,224.48,-170.8,-82.96,253.76,444.08,746.64,619.76,483.12,385.52,273.28
68.32,292.8,224.48,-180.56,-78.08,258.64,419.68,697.84,585.6,463.6,351.36,268.4
73.2,287.92,214.72,-180.56,-73.2,248.88,395.28,653.92,546.56,424.56,317.2,258.64
73.2,273.28,200.08,-170.8,-63.44,234.24,375.76,605.12,512.4,395.28,287.92,244
78.08,268.4,190.32,-170.8,-58.56,229.36,356.24,570.96,473.36,375.76,268.4,234.24
58.56,229.36,170.8,-141.52,-58.56,200.08,322.08,527.04,429.44,346.48,244,214.72
34.16,204.96,170.8,-117.12,-68.32,185.44,292.8,483.12,390.4,307.44,219.6,185.44
39.04,180.56,141.52,-107.36,-53.68,161.04,273.28,458.72,361.12,283.04,200.08,165.92
39.04,165.92,126.88,-102.48,-43.92,146.4,239.12,419.68,331.84,248.88,165.92,146.4
29.28,151.28,122,-87.84,-48.8,136.64,200.08,366,297.68,204.96,126.88,102.48
19.52,117.12,97.6,-68.32,-39.04,107.36,180.56,336.72,273.28,180.56,112.24,87.84
19.52,78.08,58.56,-48.8,-19.52,68.32,165.92,292.8,244,151.28,87.84,68.32
19.52,58.56,39.04,-39.04,-9.76,48.8,141.52,244,204.96,122,68.32,48.8
34.16,63.44,29.28,-48.8,0,43.92,126.88,214.72,170.8,107.36,53.68,39.04
19.52,43.92,24.4,-29.28,-4.88,34.16,112.24,180.56,131.76,82.96,43.92,29.28
0,29.28,29.28,-14.64,-14.64,29.28,92.72,156.16,107.36,63.44,34.16,19.52
9.76,19.52,9.76,-14.64,0,14.64,73.2,141.52,87.84,43.92,19.52,9.76
0,0,0,0,0,0,58.56,122,63.44,19.52,0,-9.76
-14.64,-19.52,-4.88,19.52,-4.88,-14.64,43.92,102.48,48.8,-4.88,-14.64,-19.52
-19.52,-34.16,-14.64,29.28,-4.88,-24.4,24.4,73.2,29.28,-29.28,-39.04,-39.04
-24.4,-58.56,-34.16,43.92,4.88,-48.8,9.76,48.8,14.64,-43.92,-58.56,-53.68
4.88,-48.8,-53.68,24.4,29.28,-53.68,9.76,24.4,4.88,-48.8,-63.44,-39.04
4.88,-43.92,-48.8,19.52,24.4,-48.8,0,0,-19.52,-73.2,-78.08,-53.68
-4.88,-53.68,-48.8,29.28,19.52,-53.68,-9.76,-14.64,-39.04,-78.08,-87.84,-63.44
-4.88,-58.56,-53.68,34.16,24.4,-58.56,-19.52,-34.16,-58.56,-87.84,-92.72,-68.32
4.88,-68.32,-73.2,34.16,39.04,-73.2,-29.28,-43.92,-73.2,-92.72,-92.72,-68.32
-19.52,-102.48,-82.96,63.44,29.28,-92.72,-29.28,-43.92,-82.96,-97.6,-92.72,-73.2
-43.92,-107.36,-63.44,78.08,9.76,-87.84,-39.04,-53.68,-97.6,-112.24,-102.48,-82.96
-39.04,-92.72,-53.68,68.32,4.88,-73.2,-43.92,-68.32,-107.36,-131.76,-107.36,-87.84
-19.52,-73.2,-53.68,48.8,14.64,-63.44,-53.68,-78.08,-107.36,-141.52,-122,-92.72
-19.52,-68.32,-48.8,43.92,14.64,-58.56,-63.44,-87.84,-112.24,-141.52,-126.88,-92.72
-29.28,-112.24,-82.96,73.2,24.4,-97.6,-73.2,-112.24,-126.88,-151.28,-136.64,-107.36
-39.04,-136.64,-97.6,87.84,29.28,-117.12,-68.32,-117.12,-126.88,-146.4,-126.88,-107.36
-58.56,-151.28,-92.72,107.36,14.64,-122,-78.08,-136.64,-141.52,-161.04,-141.52,-117.12
-29.28,-117.12,-87.84,73.2,29.28,-102.48,-73.2,-136.64,-146.4,-151.28,-141.52,-102.48
-9.76,-92.72,-82.96,53.68,34.16,-87.84,-87.84,-141.52,-156.16,-156.16,-156.16,-97.6
0,-112.24,-112.24,58.56,53.68,-112.24,-82.96,-136.64,-161.04,-156.16,-141.52,-97.6
14.64,-92.72,-107.36,39.04,58.56,-102.48,-78.08,-131.76,-156.16,-161.04,-136.64,-92.72
-4.88,-78.08,-73.2,43.92,34.16,-78.08,-82.96,-126.88,-151.28,-165.92,-136.64,-102.48
-4.88,-107.36,-102.48,58.56,48.8,-107.36,-87.84,-126.88,-151.28,-165.92,-146.4,-107.36
4.88,-107.36,-112.24,53.68,58.56,-112.24,-82.96,-136.64,-151.28,-170.8,-151.28,-107.36
-4.88,-102.48,-97.6,53.68,43.92,-102.48,-82.96,-146.4,-161.04,-170.8,-156.16,-117.12
-19.52,-117.12,-97.6,68.32,39.04,-107.36,-87.84,-156.16,-161.04,-170.8,-156.16,-122
-24.4,-126.88,-102.48,78.08,39.04,-117.12,-102.48,-175.68,-175.68,-180.56,-156.16,-131.76
-29.28,-112.24,-82.96,73.2,24.4,-97.6,-102.48,-180.56,-190.32,-180.56,-146.4,-131.76
-14.64,-107.36,-92.72,63.44,39.04,-102.48,-92.72,-161.04,-180.56,-170.8,-131.76,-107.36
-43.92,-131.76,-87.84,87.84,19.52,-112.24,-97.6,-156.16,-175.68,-175.68,-136.64,-107.36
-43.92,-126.88,-82.96,87.84,19.52,-107.36,-97.6,-156.16,-175.68,-180.56,-141.52,-117.12
-48.8,-131.76,-82.96,92.72,14.64,-107.36,-102.48,-156.16,-170.8,-195.2,-161.04,-117.12
-68.32,-156.16,-87.84,112.24,9.76,-122,-117.12,-161.04,-175.68,-200.08,-185.44,-122
-48.8,-141.52,-92.72,97.6,19.52,-117.12,-107.36,-161.04,-165.92,-195.2,-180.56,-112.24
-14.64,-117.12,-102.48,68.32,43.92,-112.24,-102.48,-165.92,-175.68,-190.32,-175.68,-117.12
9.76,-102.48,-112.24,48.8,58.56,-107.36,-97.6,-161.04,-165.92,-175.68,-161.04,-117.12
14.64,-97.6,-112.24,43.92,63.44,-107.36,-97.6,-161.04,-165.92,-170.8,-156.16,-112.24
-14.64,-117.12,-102.48,68.32,43.92,-112.24,-97.6,-170.8,-175.68,-180.56,-156.16,-117.12
-24.4,-126.88,-102.48,78.08,39.04,-117.12,-107.36,-170.8,-185.44,-185.44,-161.04,-126.88
-39.04,-131.76,-92.72,87.84,24.4,-112.24,-112.24,-161.04,-180.56,-185.44,-156.16,-126.88
-63.44,-141.52,-78.08,102.48,4.88,-112.24,-112.24,-165.92,-175.68,-185.44,-156.16,-126.88
-39.04,-151.28,-112.24,97.6,34.16,-131.76,-102.48,-151.28,-170.8,-175.68,-151.28,-117.12
-34.16,-146.4,-112.24,92.72,39.04,-131.76,-112.24,-146.4,-161.04,-180.56,-161.04,-117.12
-48.8,-146.4,-97.6,97.6,24.4,-122,-126.88,-161.04,-170.8,-195.2,-170.8,-131.76
-39.04,-151.28,-112.24,97.6,34.16,-131.76,-126.88,-175.68,-170.8,-195.2,-165.92,-131.76
-34.16,-146.4,-112.24,92.72,39.04,-131.76,-112.24,-161.04,-161.04,-180.56,-151.28,-122
-29.28,-122,-92.72,78.08,29.28,-107.36,-117.12,-165.92,-165.92,-180.56,-151.28,-122
-19.52,-102.48,-82.96,63.44,29.28,-92.72,-112.24,-165.92,-165.92,-175.68,-146.4,-117.12
-34.16,-126.88,-92.72,82.96,29.28,-112.24,-112.24,-161.04,-170.8,-170.8,-146.4,-117.12
-34.16,-122,-87.84,78.08,24.4,-107.36,-117.12,-156.16,-175.68,-175.68,-151.28,-112.24
-19.52,-87.84,-68.32,53.68,24.4,-78.08,-126.88,-161.04,-180.56,-185.44,-146.4,-122
-24.4,-97.6,-73.2,63.44,24.4,-87.84,-126.88,-156.16,-170.8,-180.56,-146.4,-126.88
-34.16,-117.12,-82.96,78.08,24.4,-102.48,-136.64,-151.28,-165.92,-185.44,-146.4,-122
-34.16,-146.4,-112.24,92.72,39.04,-131.76,-131.76,-151.28,-156.16,-180.56,-136.64,-122
-19.52,-131.76,-112.24,78.08,43.92,-122,-136.64,-161.04,-161.04,-180.56,-141.52,-117.12
4.88,-107.36,-112.24,53.68,58.56,-112.24,-136.64,-165.92,-156.16,-175.68,-141.52,-102.48
14.64,-92.72,-107.36,39.04,58.56,-102.48,-136.64,-180.56,-165.92,-175.68,-146.4,-102.48
24.4,-78.08,-102.48,29.28,63.44,-92.72,-141.52,-185.44,-180.56,-175.68,-156.16,-92.72
-4.88,-92.72,-87.84,48.8,39.04,-92.72,-151.28,-185.44,-190.32,-175.68,-156.16,-97.6
-14.64,-107.36,-92.72,63.44,39.04,-102.48,-146.4,-175.68,-180.56,-175.68,-136.64,-97.6
-19.52,-97.6,-78.08,58.56,29.28,-87.84,-146.4,-170.8,-175.68,-175.68,-131.76,-97.6
-19.52,-102.48,-82.96,63.44,29.28,-92.72,-151.28,-170.8,-175.68,-175.68,-131.76,-107.36
-9.76,-102.48,-92.72,58.56,39.04,-97.6,-161.04,-170.8,-165.92,-180.56,-136.64,-117.12
-9.76,-107.36,-97.6,58.56,43.92,-102.48,-156.16,-175.68,-165.92,-180.56,-131.76,-117.12
0,-97.6,-97.6,48.8,48.8,-97.6,-170.8,-195.2,-180.56,-190.32,-141.52,-117.12
0,-112.24,-112.24,58.56,53.68,-112.24,-170.8,-195.2,-180.56,-185.44,-131.76,-112.24
-9.76,-112.24,-102.48,63.44,43.92,-107.36,-170.8,-204.96,-190.32,-185.44,-146.4,-102.48
-29.28,-122,-92.72,78.08,29.28,-107.36,-180.56,-219.6,-204.96,-195.2,-161.04,-102.48
-39.04,-131.76,-92.72,87.84,24.4,-112.24,-170.8,-209.84,-204.96,-185.44,-151.28,-97.6
-34.16,-136.64,-102.48,87.84,34.16,-122,-175.68,-204.96,-200.08,-185.44,-136.64,-92.72
-19.52,-112.24,-92.72,68.32,34.16,-102.48,-180.56,-204.96,-209.84,-195.2,-136.64,-97.6
0,-107.36,-107.36,53.68,53.68,-107.36,-185.44,-200.08,-209.84,-200.08,-136.64,-107.36
-4.88,-107.36,-102.48,58.56,48.8,-107.36,-190.32,-200.08,-200.08,-200.08,-141.52,-112.24
-9.76,-117.12,-107.36,63.44,48.8,-112.24,-185.44,-204.96,-195.2,-200.08,-141.52,-112.24
-4.88,-117.12,-112.24,63.44,53.68,-117.12,-180.56,-209.84,-200.08,-195.2,-131.76,-107.36
-4.88,-102.48,-97.6,53.68,43.92,-102.48,-180.56,-214.72,-200.08,-195.2,-141.52,-107.36
14.64,-87.84,-102.48,39.04,58.56,-97.6,-195.2,-219.6,-209.84,-195.2,-141.52,-107.36
0,-117.12,-117.12,58.56,58.56,-117.12,-195.2,-224.48,-224.48,-200.08,-136.64,-112.24
-19.52,-112.24,-92.72,68.32,34.16,-102.48,-200.08,-214.72,-229.36,-195.2,-136.64,-117.12
-29.28,-126.88,-97.6,78.08,34.16,-112.24,-195.2,-204.96,-224.48,-200.08,-146.4,-122
-34.16,-136.64,-102.48,87.84,34.16,-122,-190.32,-209.84,-224.48,-204.96,-141.52,-122
-4.88,-136.64,-131.76,73.2,63.44,-136.64,-190.32,-204.96,-214.72,-204.96,-136.64,-112.24
24.4,-92.72,-117.12,34.16,68.32,-107.36,-195.2,-209.84,-224.48,-214.72,-151.28,-112.24
14.64,-73.2,-87.84,29.28,48.8,-82.96,-195.2,-214.72,-219.6,-219.6,-156.16,-112.24
0,-87.84,-87.84,43.92,43.92,-87.84,-195.2,-224.48,-219.6,-214.72,-161.04,-117.12
-14.64,-126.88,-112.24,73.2,48.8,-122,-190.32,-219.6,-224.48,-219.6,-156.16,-122
-24.4,-126.88,-102.48,78.08,39.04,-117.12,-190.32,-229.36,-229.36,-214.72,-156.16,-122
-14.64,-131.76,-117.12,73.2,48.8,-126.88,-200.08,-234.24,-244,-214.72,-151.28,-122
-34.16,-146.4,-112.24,92.72,39.04,-131.76,-190.32,-224.48,-239.12,-204.96,-141.52,-117.12
-29.28,-131.76,-102.48,82.96,34.16,-117.12,-190.32,-214.72,-244,-219.6,-136.64,-117.12
-9.76,-107.36,-97.6,58.56,43.92,-102.48,-195.2,-214.72,-244,-219.6,-136.64,-112.24
4.88,-97.6,-102.48,48.8,53.68,-102.48,-190.32,-204.96,-234.24,-219.6,-131.76,-122
-9.76,-112.24,-102.48,63.44,43.92,-107.36,-190.32,-209.84,-229.36,-219.6,-146.4,-126.88
-43.92,-141.52,-97.6,92.72,24.4,-122,-185.44,-219.6,-234.24,-224.48,-146.4,-136.64
-24.4,-136.64,-112.24,82.96,43.92,-126.88,-190.32,-224.48,-229.36,-224.48,-141.52,-136.64
0,-136.64,-136.64,68.32,68.32,-136.64,-180.56,-219.6,-224.48,-214.72,-136.64,-126.88
-4.88,-141.52,-136.64,73.2,63.44,-141.52,-190.32,-229.36,-239.12,-224.48,-156.16,-126.88
-43.92,-156.16,-112.24,102.48,34.16,-136.64,-185.44,-229.36,-253.76,-229.36,-156.16,-131.76
-78.08,-190.32,-112.24,136.64,14.64,-151.28,-195.2,-239.12,-258.64,-229.36,-141.52,-136.64
-53.68,-161.04,-107.36,107.36,24.4,-136.64,-190.32,-229.36,-258.64,-229.36,-126.88,-131.76
-19.52,-131.76,-112.24,78.08,43.92,-122,-185.44,-214.72,-248.88,-219.6,-122,-126.88
0,-122,-122,63.44,58.56,-122,-180.56,-204.96,-234.24,-214.72,-126.88,-117.12
-9.76,-126.88,-117.12,68.32,53.68,-122,-180.56,-200.08,-229.36,-214.72,-146.4,-102.48
-14.64,-136.64,-122,78.08,53.68,-131.76,-175.68,-195.2,-229.36,-224.48,-156.16,-117.12
-4.88,-141.52,-136.64,73.2,63.44,-141.52,-161.04,-200.08,-224.48,-214.72,-141.52,-112.24
-4.88,-107.36,-102.48,58.56,48.8,-107.36,-161.04,-214.72,-229.36,-219.6,-146.4,-112.24
-29.28,-102.48,-73.2,68.32,19.52,-87.84,-170.8,-219.6,-239.12,-229.36,-146.4,-122
-48.8,-122,-73.2,87.84,9.76,-97.6,-165.92,-224.48,-244,-229.36,-141.52,-126.88
-58.56,-141.52,-82.96,102.48,9.76,-112.24,-175.68,-224.48,-258.64,-229.36,-141.52,-136.64
-39.04,-117.12,-78.08,78.08,19.52,-97.6,-170.8,-214.72,-258.64,-229.36,-126.88,-136.64
-24.4,-107.36,-82.96,68.32,29.28,-97.6,-165.92,-209.84,-244,-219.6,-126.88,-136.64
-53.68,-151.28,-97.6,102.48,19.52,-126.88,-180.56,-214.72,-253.76,-239.12,-151.28,-146.4
-58.56,-156.16,-97.6,107.36,19.52,-126.88,-175.68,-209.84,-248.88,-244,-170.8,-151.28
-53.68,-146.4,-92.72,102.48,19.52,-122,-175.68,-219.6,-253.76,-253.76,-190.32,-151.28
-43.92,-141.52,-97.6,92.72,24.4,-122,-175.68,-229.36,-258.64,-248.88,-175.68,-151.28
-24.4,-122,-97.6,73.2,34.16,-112.24,-156.16,-214.72,-234.24,-224.48,-151.28,-141.52
-34.16,-136.64,-102.48,87.84,34.16,-122,-161.04,-219.6,-239.12,-234.24,-156.16,-146.4
-39.04,-141.52,-102.48,92.72,29.28,-122,-170.8,-229.36,-253.76,-244,-156.16,-156.16
-19.52,-102.48,-82.96,63.44,29.28,-92.72,-165.92,-224.48,-263.52,-239.12,-156.16,-151.28
-9.76,-97.6,-87.84,53.68,39.04,-92.72,-156.16,-209.84,-258.64,-244,-156.16,-141.52
-39.04,-117.12,-78.08,78.08,19.52,-97.6,-170.8,-214.72,-268.4,-248.88,-161.04,-146.4
-48.8,-141.52,-92.72,97.6,19.52,-117.12,-180.56,-219.6,-263.52,-258.64,-165.92,-156.16
-48.8,-146.4,-97.6,97.6,24.4,-122,-175.68,-214.72,-253.76,-248.88,-165.92,-151.28
-34.16,-131.76,-97.6,82.96,29.28,-117.12,-161.04,-209.84,-248.88,-244,-151.28,-146.4
-43.92,-122,-78.08,82.96,14.64,-102.48,-170.8,-219.6,-253.76,-248.88,-161.04,-156.16
-53.68,-156.16,-102.48,107.36,24.4,-131.76,-175.68,-219.6,-248.88,-248.88,-161.04,-156.16
-43.92,-141.52,-97.6,92.72,24.4,-122,-170.8,-224.48,-253.76,-244,-156.16,-151.28
-63.44,-151.28,-87.84,107.36,9.76,-122,-170.8,-229.36,-258.64,-244,-156.16,-156.16
-58.56,-156.16,-97.6,107.36,19.52,-126.88,-165.92,-224.48,-268.4,-239.12,-151.28,-151.28
-43.92,-136.64,-92.72,92.72,24.4,-117.12,-165.92,-219.6,-273.28,-244,-156.16,-156.16
-53.68,-141.52,-87.84,97.6,14.64,-117.12,-180.56,-224.48,-273.28,-248.88,-151.28,-156.16
-43.92,-126.88,-82.96,87.84,19.52,-107.36,-175.68,-214.72,-258.64,-253.76,-146.4,-156.16
-58.56,-131.76,-73.2,97.6,4.88,-102.48,-180.56,-224.48,-263.52,-258.64,-156.16,-165.92
-58.56,-141.52,-82.96,102.48,9.76,-112.24,-175.68,-219.6,-263.52,-258.64,-165.92,-170.8
-34.16,-126.88,-92.72,82.96,29.28,-112.24,-161.04,-209.84,-244,-244,-170.8,-161.04
14.64,-63.44,-78.08,24.4,43.92,-73.2,-146.4,-204.96,-239.12,-234.24,-161.04,-156.16
-4.88,-82.96,-78.08,43.92,34.16,-82.96,-141.52,-200.08,-234.24,-229.36,-141.52,-146.4
-58.56,-131.76,-73.2,97.6,4.88,-102.48,-165.92,-224.48,-273.28,-253.76,-161.04,-165.92
-58.56,-131.76,-73.2,97.6,4.88,-102.48,-170.8,-229.36,-278.16,-253.76,-161.04,-170.8
-48.8,-136.64,-87.84,92.72,19.52,-112.24,-151.28,-204.96,-258.64,-234.24,-131.76,-161.04
-48.8,-112.24,-63.44,82.96,4.88,-87.84,-161.04,-209.84,-258.64,-239.12,-131.76,-170.8
-24.4,-73.2,-48.8,48.8,9.76,-63.44,-151.28,-195.2,-239.12,-224.48,-126.88,-161.04
-9.76,-48.8,-39.04,29.28,14.64,-43.92,-146.4,-185.44,-234.24,-224.48,-161.04,-141.52
-14.64,-53.68,-39.04,34.16,9.76,-48.8,-136.64,-185.44,-234.24,-239.12,-175.68,-131.76
-19.52,-48.8,-29.28,34.16,4.88,-39.04,-131.76,-195.2,-234.24,-234.24,-165.92,-136.64
-24.4,-58.56,-34.16,43.92,4.88,-48.8,-126.88,-195.2,-229.36,-234.24,-161.04,-141.52
-48.8,-82.96,-34.16,68.32,-9.76,-58.56,-126.88,-204.96,-239.12,-239.12,-170.8,-146.4
-43.92,-63.44,-19.52,53.68,-14.64,-43.92,-126.88,-204.96,-253.76,-239.12,-151.28,-136.64
-39.04,-58.56,-19.52,48.8,-9.76,-39.04,-131.76,-209.84,-263.52,-244,-151.28,-146.4
-34.16,-73.2,-39.04,53.68,0,-58.56,-131.76,-195.2,-248.88,-239.12,-151.28,-146.4
-14.64,-58.56,-43.92,39.04,14.64,-53.68,-122,-180.56,-234.24,-224.48,-151.28,-141.52
0,-53.68,-53.68,29.28,24.4,-53.68,-126.88,-180.56,-224.48,-224.48,-146.4,-136.64
0,-39.04,-39.04,19.52,19.52,-39.04,-122,-165.92,-209.84,-209.84,-131.76,-126.88
19.52,-9.76,-29.28,-4.88,24.4,-19.52,-122,-156.16,-195.2,-190.32,-122,-122
9.76,-29.28,-39.04,9.76,24.4,-34.16,-131.76,-165.92,-195.2,-190.32,-126.88,-122
29.28,-24.4,-53.68,0,39.04,-39.04,-146.4,-165.92,-195.2,-185.44,-117.12,-102.48
14.64,-19.52,-34.16,4.88,24.4,-29.28,-151.28,-180.56,-209.84,-190.32,-112.24,-107.36
-24.4,-48.8,-24.4,39.04,0,-39.04,-170.8,-214.72,-239.12,-214.72,-131.76,-131.76
-19.52,-68.32,-48.8,43.92,14.64,-58.56,-170.8,-209.84,-244,-214.72,-126.88,-126.88
-4.88,-48.8,-43.92,29.28,19.52,-48.8,-170.8,-204.96,-244,-219.6,-122,-126.88
0,-53.68,-53.68,29.28,24.4,-53.68,-180.56,-204.96,-244,-219.6,-126.88,-122
4.88,-63.44,-68.32,29.28,34.16,-68.32,-175.68,-195.2,-234.24,-214.72,-126.88,-107.36
-9.76,-78.08,-68.32,43.92,29.28,-73.2,-190.32,-214.72,-244,-229.36,-146.4,-122
4.88,-87.84,-92.72,43.92,48.8,-92.72,-195.2,-229.36,-244,-234.24,-136.64,-131.76
-19.52,-102.48,-82.96,63.44,29.28,-92.72,-209.84,-248.88,-273.28,-244,-141.52,-161.04
-39.04,-112.24,-73.2,78.08,14.64,-92.72,-204.96,-244,-263.52,-239.12,-141.52,-161.04
-34.16,-92.72,-58.56,63.44,9.76,-78.08,-195.2,-234.24,-258.64,-234.24,-146.4,-156.16
-14.64,-73.2,-58.56,43.92,19.52,-68.32,-180.56,-229.36,-258.64,-234.24,-141.52,-146.4
4.88,-63.44,-68.32,29.28,34.16,-68.32,-180.56,-239.12,-278.16,-244,-170.8,-131.76
-19.52,-97.6,-78.08,58.56,29.28,-87.84,-195.2,-244,-287.92,-273.28,-190.32,-131.76
-63.44,-126.88,-63.44,97.6,0,-97.6,-190.32,-239.12,-283.04,-268.4,-170.8,-131.76
-68.32,-131.76,-63.44,102.48,-4.88,-97.6,-200.08,-239.12,-278.16,-263.52,-165.92,-136.64
-82.96,-146.4,-63.44,117.12,-9.76,-107.36,-209.84,-248.88,-287.92,-278.16,-185.44,-151.28
-92.72,-175.68,-82.96,136.64,-4.88,-131.76,-214.72,-258.64,-302.56,-292.8,-195.2,-165.92
-78.08,-185.44,-107.36,131.76,14.64,-146.4,-200.08,-258.64,-292.8,-278.16,-180.56,-165.92
-82.96,-165.92,-82.96,126.88,0,-126.88,-209.84,-273.28,-302.56,-283.04,-185.44,-175.68
-82.96,-136.64,-53.68,112.24,-14.64,-97.6,-214.72,-278.16,-307.44,-287.92,-195.2,-185.44
-58.56,-131.76,-73.2,97.6,4.88,-102.48,-200.08,-258.64,-297.68,-273.28,-185.44,-165.92
-63.44,-146.4,-82.96,107.36,9.76,-117.12,-200.08,-258.64,-297.68,-273.28,-190.32,-156.16
-68.32,-141.52,-73.2,107.36,0,-107.36,-214.72,-263.52,-302.56,-283.04,-195.2,-161.04
-68.32,-151.28,-82.96,112.24,4.88,-117.12,-214.72,-263.52,-302.56,-287.92,-190.32,-165.92
-58.56,-151.28,-92.72,107.36,14.64,-122,-219.6,-268.4,-307.44,-292.8,-190.32,-170.8
-53.68,-161.04,-107.36,107.36,24.4,-136.64,-224.48,-263.52,-312.32,-297.68,-200.08,-175.68
-58.56,-161.04,-102.48,112.24,19.52,-131.76,-219.6,-273.28,-307.44,-302.56,-200.08,-175.68
-53.68,-156.16,-102.48,107.36,24.4,-131.76,-219.6,-273.28,-302.56,-292.8,-195.2,-175.68
-82.96,-175.68,-92.72,131.76,4.88,-136.64,-219.6,-278.16,-307.44,-287.92,-190.32,-180.56
-92.72,-170.8,-78.08,131.76,-9.76,-126.88,-209.84,-273.28,-302.56,-283.04,-180.56,-175.68
-78.08,-151.28,-73.2,117.12,-4.88,-112.24,-209.84,-273.28,-307.44,-287.92,-180.56,-180.56
-73.2,-151.28,-78.08,112.24,0,-117.12,-214.72,-278.16,-312.32,-283.04,-190.32,-180.56
-63.44,-161.04,-97.6,112.24,14.64,-131.76,-224.48,-273.28,-317.2,-292.8,-180.56,-180.56
-68.32,-161.04,-92.72,117.12,9.76,-126.88,-224.48,-273.28,-322.08,-292.8,-185.44,-180.56
-58.56,-136.64,-78.08,97.6,9.76,-107.36,-224.48,-268.4,-312.32,-297.68,-190.32,-180.56
-48.8,-146.4,-97.6,97.6,24.4,-122,-209.84,-253.76,-302.56,-292.8,-200.08,-165.92
-63.44,-151.28,-87.84,107.36,9.76,-122,-209.84,-263.52,-307.44,-297.68,-200.08,-165.92
-73.2,-151.28,-78.08,112.24,0,-117.12,-224.48,-283.04,-322.08,-302.56,-200.08,-180.56
-73.2,-146.4,-73.2,112.24,0,-112.24,-219.6,-273.28,-312.32,-302.56,-195.2,-175.68
-92.72,-141.52,-48.8,117.12,-24.4,-97.6,-209.84,-268.4,-302.56,-287.92,-185.44,-175.68
-92.72,-146.4,-53.68,122,-19.52,-102.48,-195.2,-268.4,-302.56,-278.16,-180.56,-175.68
-87.84,-151.28,-63.44,122,-14.64,-107.36,-195.2,-258.64,-302.56,-278.16,-190.32,-175.68
-78.08,-151.28,-73.2,117.12,-4.88,-112.24,-180.56,-239.12,-292.8,-278.16,-190.32,-170.8
-68.32,-141.52,-73.2,107.36,0,-107.36,-165.92,-224.48,-283.04,-278.16,-185.44,-170.8
-78.08,-146.4,-68.32,112.24,-4.88,-107.36,-151.28,-200.08,-268.4,-278.16,-190.32,-180.56
-87.84,-151.28,-63.44,122,-14.64,-107.36,-126.88,-175.68,-258.64,-278.16,-209.84,-195.2
-112.24,-165.92,-53.68,141.52,-29.28,-112.24,-78.08,-146.4,-234.24,-273.28,-209.84,-209.84
-112.24,-180.56,-68.32,146.4,-24.4,-126.88,-19.52,-82.96,-195.2,-263.52,-219.6,-224.48
-117.12,-204.96,-87.84,161.04,-14.64,-146.4,39.04,-4.88,-151.28,-253.76,-234.24,-248.88
-122,-209.84,-87.84,165.92,-19.52,-151.28,102.48,102.48,-87.84,-224.48,-253.76,-273.28
-97.6,-214.72,-117.12,156.16,9.76,-165.92,165.92,229.36,0,-190.32,-263.52,-302.56
-78.08,-229.36,-151.28,156.16,34.16,-190.32,229.36,370.88,97.6,-141.52,-278.16,-317.2
-68.32,-229.36,-161.04,151.28,43.92,-195.2,278.16,546.56,234.24,-87.84,-292.8,-341.6
-68.32,-224.48,-156.16,146.4,43.92,-190.32,356.24,785.68,424.56,4.88,-297.68,-356.24
-14.64,-175.68,-161.04,97.6,73.2,-170.8,497.76,1127.28,692.96,141.52,-258.64,-341.6
48.8,-126.88,-175.68,39.04,112.24,-151.28,629.52,1449.36,956.48,307.44,-195.2,-307.44
136.64,-24.4,-161.04,-53.68,146.4,-92.72,673.44,1610.4,1141.92,483.12,-68.32,-224.48
263.52,117.12,-146.4,-190.32,204.96,-14.64,707.6,1673.84,1307.84,692.96,146.4,-68.32
341.6,234.24,-107.36,-287.92,224.48,63.44,707.6,1615.28,1390.8,912.56,390.4,107.36
405.04,429.44,24.4,-414.8,190.32,224.48,678.32,1381.04,1332.24,1102.88,663.68,331.84
468.48,624.64,156.16,-546.56,156.16,390.4,605.12,1044.32,1151.68,1254.16,1000.4,634.4
531.92,810.08,278.16,-668.56,126.88,541.68,531.92,678.32,946.72,1405.44,1356.64,927.2
546.56,1068.72,522.16,-805.2,9.76,795.44,527.04,307.44,790.56,1615.28,1712.88,1224.88
468.48,1395.68,927.2,-932.08,-229.36,1161.44,512.4,-122,614.88,1810.48,2015.44,1503.04
356.24,1717.76,1361.52,-1034.56,-502.64,1537.2,546.56,-605.12,385.52,1947.12,2283.84,1732.4
248.88,1903.2,1654.32,-1073.6,-702.72,1776.32,644.16,-990.64,204.96,2074,2483.92,1878.8
185.44,1908.08,1722.64,-1044.32,-771.04,1815.36,756.4,-1180.96,82.96,2103.28,2508.32,1878.8
146.4,1732.4,1586,-936.96,-722.24,1659.2,893.04,-1337.12,-48.8,1942.24,2288.72,1708
24.4,1483.52,1459.12,-751.52,-717.36,1468.88,936.96,-1493.28,-326.96,1556.72,1873.92,1434.72
-146.4,1195.6,1342,-522.16,-746.64,1268.8,810.08,-1634.8,-668.56,1019.92,1322.48,1093.12
-302.56,902.8,1205.36,-297.68,-756.4,1054.08,551.44,-1751.92,-1039.44,297.68,624.64,673.44
-390.4,678.32,1068.72,-141.52,-732,873.52,63.44,-1830,-1322.48,-336.72,34.16,297.68
-400.16,463.6,863.76,-29.28,-634.4,663.68,-473.36,-1830,-1346.88,-527.04,-229.36,53.68
-390.4,297.68,688.08,48.8,-541.68,492.88,-668.56,-1693.36,-1254.16,-517.28,-273.28,-68.32
-361.12,200.08,561.2,82.96,-463.6,380.64,-819.84,-1576.24,-1151.68,-483.12,-253.76,-97.6
-341.6,131.76,473.36,107.36,-409.92,302.56,-980.88,-1517.68,-1112.64,-556.32,-283.04,-126.88
-336.72,29.28,366,156.16,-351.36,195.2,-966.24,-1405.44,-1102.88,-692.96,-370.88,-190.32
-297.68,-14.64,283.04,156.16,-292.8,131.76,-868.64,-1205.36,-980.88,-702.72,-380.64,-209.84
-268.4,-34.16,234.24,151.28,-253.76,97.6,-805.2,-1005.28,-814.96,-580.72,-312.32,-204.96
-258.64,-34.16,224.48,146.4,-244,92.72,-727.12,-844.24,-678.32,-478.24,-268.4,-185.44
-209.84,-4.88,204.96,107.36,-209.84,97.6,-614.88,-697.84,-570.96,-395.28,-229.36,-161.04
-175.68,9.76,185.44,82.96,-180.56,97.6,-512.4,-570.96,-478.24,-331.84,-185.44,-136.64
-141.52,4.88,146.4,68.32,-146.4,73.2,-419.68,-439.2,-380.64,-268.4,-156.16,-122
-107.36,-4.88,102.48,58.56,-107.36,48.8,-317.2,-326.96,-283.04,-229.36,-126.88,-112.24
-92.72,-58.56,34.16,78.08,-63.44,-14.64,-209.84,-204.96,-175.68,-161.04,-97.6,-102.48
-68.32,-73.2,-4.88,73.2,-34.16,-39.04,-156.16,-136.64,-126.88,-141.52,-82.96,-112.24
-73.2,-92.72,-19.52,82.96,-29.28,-58.56,-146.4,-131.76,-117.12,-136.64,-97.6,-122
-82.96,-102.48,-19.52,92.72,-34.16,-63.44,-141.52,-136.64,-112.24,-141.52,-122,-122
-78.08,-97.6,-19.52,87.84,-29.28,-58.56,-146.4,-136.64,-122,-146.4,-141.52,-126.88
-82.96,-92.72,-9.76,87.84,-39.04,-53.68,-136.64,-126.88,-126.88,-146.4,-126.88,-117.12
-58.56,-78.08,-19.52,68.32,-19.52,-48.8,-117.12,-107.36,-117.12,-136.64,-112.24,-102.48
-58.56,-82.96,-24.4,73.2,-19.52,-53.68,-117.12,-87.84,-112.24,-136.64,-112.24,-107.36
-82.96,-112.24,-29.28,97.6,-29.28,-73.2,-122,-78.08,-107.36,-146.4,-107.36,-107.36
-82.96,-122,-39.04,102.48,-24.4,-82.96,-122,-73.2,-107.36,-151.28,-126.88,-122
-53.68,-97.6,-43.92,78.08,-4.88,-73.2,-131.76,-63.44,-87.84,-151.28,-126.88,-126.88
-29.28,-73.2,-43.92,53.68,4.88,-58.56,-131.76,-58.56,-87.84,-151.28,-131.76,-131.76
-29.28,-68.32,-39.04,48.8,4.88,-53.68,-117.12,-58.56,-78.08,-141.52,-122,-131.76
-48.8,-92.72,-43.92,73.2,-4.88,-68.32,-117.12,-63.44,-73.2,-136.64,-126.88,-131.76
-58.56,-97.6,-39.04,78.08,-9.76,-68.32,-126.88,-73.2,-87.84,-136.64,-126.88,-136.64
-63.44,-112.24,-48.8,87.84,-9.76,-82.96,-117.12,-68.32,-92.72,-131.76,-122,-122
-68.32,-102.48,-34.16,87.84,-19.52,-68.32,-112.24,-58.56,-87.84,-131.76,-107.36,-117.12
-53.68,-87.84,-34.16,73.2,-9.76,-63.44,-107.36,-43.92,-78.08,-131.76,-107.36,-112.24
-48.8,-78.08,-29.28,63.44,-9.76,-53.68,-102.48,-29.28,-68.32,-126.88,-97.6,-107.36
-43.92,-87.84,-43.92,68.32,0,-68.32,-92.72,-14.64,-53.68,-126.88,-97.6,-107.36
-43.92,-87.84,-43.92,68.32,0,-68.32,-97.6,-9.76,-39.04,-122,-102.48,-112.24
-39.04,-82.96,-43.92,63.44,0,-63.44,-102.48,-9.76,-34.16,-117.12,-102.48,-117.12
-48.8,-97.6,-48.8,73.2,0,-73.2,-102.48,-24.4,-34.16,-112.24,-97.6,-122
-48.8,-92.72,-43.92,73.2,-4.88,-68.32,-107.36,-29.28,-34.16,-107.36,-92.72,-122
-58.56,-107.36,-48.8,82.96,-4.88,-78.08,-107.36,-29.28,-39.04,-97.6,-87.84,-112.24
-63.44,-117.12,-53.68,92.72,-4.88,-87.84,-92.72,-24.4,-43.92,-87.84,-97.6,-97.6
-43.92,-87.84,-43.92,68.32,0,-68.32,-87.84,-14.64,-39.04,-82.96,-97.6,-87.84
-53.68,-68.32,-14.64,63.44,-19.52,-43.92,-82.96,0,-34.16,-82.96,-82.96,-82.96
-63.44,-92.72,-29.28,78.08,-19.52,-63.44,-82.96,14.64,-24.4,-82.96,-73.2,-78.08
-48.8,-78.08,-29.28,63.44,-9.76,-53.68,-78.08,24.4,-14.64,-87.84,-78.08,-82.96
-19.52,-48.8,-29.28,34.16,4.88,-39.04,-82.96,29.28,0,-82.96,-73.2,-78.08
-4.88,-43.92,-39.04,24.4,14.64,-43.92,-78.08,34.16,14.64,-73.2,-68.32,-73.2
-14.64,-63.44,-48.8,39.04,14.64,-58.56,-73.2,24.4,14.64,-68.32,-63.44,-78.08
-9.76,-58.56,-48.8,34.16,19.52,-53.68,-68.32,19.52,19.52,-63.44,-63.44,-73.2
-4.88,-58.56,-53.68,34.16,24.4,-58.56,-68.32,14.64,19.52,-53.68,-48.8,-68.32
-34.16,-82.96,-48.8,58.56,4.88,-68.32,-68.32,9.76,14.64,-43.92,-48.8,-73.2
-39.04,-68.32,-29.28,53.68,-4.88,-48.8,-73.2,14.64,14.64,-43.92,-48.8,-73.2
-43.92,-53.68,-9.76,48.8,-19.52,-34.16,-82.96,24.4,4.88,-53.68,-58.56,-87.84
-43.92,-73.2,-29.28,58.56,-9.76,-53.68,-78.08,43.92,29.28,-39.04,-43.92,-68.32
-19.52,-43.92,-24.4,34.16,0,-34.16,-63.44,63.44,48.8,-34.16,-43.92,-48.8
-4.88,-29.28,-24.4,19.52,9.76,-29.28,-53.68,78.08,68.32,-24.4,-34.16,-39.04
-24.4,-53.68,-29.28,39.04,0,-43.92,-43.92,82.96,82.96,-14.64,-19.52,-34.16
-4.88,-43.92,-39.04,24.4,14.64,-43.92,-43.92,78.08,92.72,0,-9.76,-34.16
4.88,-34.16,-39.04,14.64,19.52,-39.04,-48.8,68.32,87.84,4.88,-34.16,-53.68
0,-43.92,-43.92,24.4,19.52,-43.92,-48.8,68.32,87.84,14.64,-19.52,-53.68
0,-29.28,-29.28,14.64,14.64,-29.28,-39.04,82.96,92.72,29.28,4.88,-53.68
-4.88,-29.28,-24.4,19.52,9.76,-29.28,-34.16,87.84,102.48,39.04,24.4,-39.04
-9.76,-19.52,-9.76,14.64,0,-14.64,-29.28,102.48,102.48,34.16,29.28,-29.28
-19.52,-4.88,14.64,14.64,-19.52,4.88,-34.16,112.24,102.48,34.16,19.52,-24.4
-4.88,-4.88,0,4.88,-4.88,-4.88,-19.52,136.64,131.76,39.04,24.4,-4.88
-9.76,-14.64,-4.88,14.64,-4.88,-9.76,-19.52,151.28,156.16,48.8,4.88,4.88
-29.28,-39.04,-9.76,34.16,-9.76,-24.4,-24.4,141.52,151.28,34.16,-14.64,-14.64
-9.76,-24.4,-14.64,19.52,0,-19.52,-14.64,141.52,165.92,53.68,14.64,-4.88
9.76,-4.88,-14.64,0,9.76,-9.76,0,151.28,180.56,73.2,39.04,-4.88
-9.76,0,9.76,4.88,-9.76,4.88,0,156.16,185.44,92.72,48.8,0
-14.64,9.76,24.4,4.88,-19.52,14.64,14.64,175.68,190.32,107.36,58.56,29.28
9.76,24.4,14.64,-14.64,-4.88,19.52,14.64,175.68,195.2,107.36,68.32,34.16
4.88,19.52,14.64,-9.76,-4.88,14.64,24.4,195.2,195.2,112.24,73.2,29.28
-14.64,14.64,29.28,0,-24.4,19.52,24.4,209.84,209.84,122,78.08,34.16
0,19.52,19.52,-9.76,-9.76,19.52,34.16,224.48,234.24,126.88,87.84,39.04
29.28,34.16,4.88,-29.28,9.76,19.52,39.04,244,253.76,136.64,97.6,43.92
24.4,34.16,9.76,-29.28,4.88,19.52,34.16,253.76,263.52,141.52,102.48,43.92
19.52,19.52,0,-19.52,9.76,9.76,53.68,253.76,278.16,156.16,112.24,48.8
29.28,58.56,29.28,-43.92,0,43.92,58.56,263.52,292.8,175.68,126.88,58.56
34.16,53.68,19.52,-43.92,4.88,34.16,78.08,278.16,312.32,209.84,161.04,82.96
43.92,58.56,14.64,-48.8,14.64,34.16,97.6,302.56,312.32,229.36,165.92,97.6
43.92,107.36,63.44,-73.2,-9.76,82.96,102.48,307.44,317.2,224.48,151.28,97.6
34.16,92.72,58.56,-63.44,-14.64,73.2,112.24,331.84,326.96,224.48,161.04,107.36
34.16,97.6,63.44,-63.44,-14.64,78.08,112.24,351.36,341.6,229.36,180.56,112.24
34.16,107.36,73.2,-68.32,-19.52,87.84,126.88,375.76,366,229.36,180.56,117.12
19.52,97.6,78.08,-58.56,-29.28,87.84,136.64,395.28,385.52,244,165.92,126.88
34.16,97.6,63.44,-63.44,-14.64,78.08,151.28,409.92,405.04,258.64,175.68,141.52
24.4,97.6,73.2,-58.56,-24.4,82.96,165.92,419.68,419.68,273.28,195.2,141.52
14.64,117.12,102.48,-63.44,-43.92,107.36,180.56,444.08,444.08,292.8,209.84,151.28
24.4,126.88,102.48,-73.2,-39.04,112.24,190.32,448.96,444.08,312.32,234.24,156.16
0,126.88,126.88,-63.44,-63.44,126.88,219.6,478.24,453.84,336.72,248.88,165.92
9.76,131.76,122,-68.32,-58.56,126.88,239.12,502.64,473.36,346.48,263.52,175.68
14.64,156.16,141.52,-82.96,-63.44,146.4,248.88,536.8,483.12,356.24,278.16,190.32
29.28,175.68,146.4,-102.48,-58.56,161.04,263.52,561.2,512.4,380.64,302.56,219.6
78.08,209.84,131.76,-141.52,-29.28,170.8,287.92,605.12,541.68,390.4,312.32,239.12
87.84,224.48,136.64,-156.16,-24.4,180.56,307.44,624.64,566.08,405.04,331.84,258.64
73.2,224.48,151.28,-146.4,-39.04,185.44,326.96,649.04,580.72,424.56,341.6,258.64
58.56,200.08,141.52,-126.88,-43.92,170.8,351.36,658.8,600.24,434.32,356.24,268.4
53.68,224.48,170.8,-136.64,-58.56,195.2,346.48,658.8,595.36,429.44,346.48,258.64
68.32,248.88,180.56,-156.16,-58.56,214.72,366,678.32,600.24,453.84,366,278.16
68.32,253.76,185.44,-161.04,-58.56,219.6,380.64,697.84,605.12,463.6,375.76,297.68
53.68,268.4,214.72,-161.04,-82.96,239.12,395.28,717.36,619.76,473.36,395.28,312.32
63.44,297.68,234.24,-180.56,-87.84,263.52,419.68,756.4,639.28,492.88,414.8,326.96
87.84,322.08,234.24,-204.96,-73.2,278.16,434.32,785.68,658.8,507.52,434.32,331.84
82.96,326.96,244,-204.96,-82.96,283.04,444.08,814.96,678.32,507.52,444.08,341.6
78.08,302.56,224.48,-190.32,-73.2,263.52,458.72,834.48,692.96,517.28,453.84,336.72
78.08,302.56,224.48,-190.32,-73.2,263.52,473.36,854,707.6,527.04,458.72,341.6
68.32,317.2,248.88,-190.32,-92.72,283.04,488,858.88,722.24,536.8,463.6,356.24
68.32,307.44,239.12,-185.44,-87.84,273.28,507.52,873.52,732,551.44,468.48,380.64
97.6,326.96,229.36,-209.84,-68.32,278.16,522.16,888.16,732,566.08,468.48,390.4
102.48,375.76,273.28,-239.12,-87.84,322.08,531.92,893.04,722.24,561.2,473.36,405.04
102.48,385.52,283.04,-244,-92.72,331.84,536.8,907.68,722.24,566.08,478.24,414.8
117.12,409.92,292.8,-263.52,-87.84,351.36,541.68,927.2,722.24,566.08,492.88,419.68
87.84,380.64,292.8,-234.24,-102.48,336.72,556.32,946.72,736.88,580.72,507.52,429.44
73.2,395.28,322.08,-234.24,-126.88,356.24,561.2,946.72,751.52,575.84,502.64,429.44
82.96,424.56,341.6,-253.76,-131.76,380.64,556.32,941.84,746.64,566.08,497.76,429.44
78.08,395.28,317.2,-234.24,-122,356.24,541.68,932.08,736.88,561.2,492.88,419.68
48.8,361.12,312.32,-204.96,-131.76,336.72,546.56,907.68,727.12,556.32,502.64,414.8
58.56,370.88,312.32,-214.72,-126.88,341.6,531.92,878.4,717.36,561.2,512.4,409.92
68.32,380.64,312.32,-224.48,-122,346.48,531.92,863.76,707.6,570.96,522.16,424.56
73.2,390.4,317.2,-229.36,-122,351.36,522.16,839.36,678.32,566.08,497.76,424.56
82.96,405.04,322.08,-244,-122,361.12,502.64,814.96,653.92,551.44,478.24,419.68
92.72,405.04,312.32,-248.88,-112.24,356.24,488,805.2,634.4,541.68,488,429.44
73.2,380.64,307.44,-224.48,-117.12,341.6,458.72,766.16,605.12,507.52,458.72,405.04
48.8,361.12,312.32,-204.96,-131.76,336.72,429.44,732,580.72,468.48,429.44,385.52
48.8,341.6,292.8,-195.2,-122,317.2,409.92,712.48,570.96,458.72,405.04,380.64
39.04,331.84,292.8,-185.44,-126.88,312.32,385.52,668.56,546.56,434.32,385.52,370.88
29.28,317.2,287.92,-170.8,-131.76,302.56,361.12,619.76,512.4,405.04,366,341.6
29.28,302.56,273.28,-165.92,-122,287.92,336.72,570.96,478.24,385.52,346.48,317.2
14.64,258.64,244,-136.64,-117.12,248.88,312.32,527.04,434.32,366,336.72,302.56
14.64,258.64,244,-136.64,-117.12,248.88,273.28,478.24,385.52,326.96,302.56,263.52
9.76,258.64,248.88,-131.76,-122,253.76,244,429.44,351.36,292.8,258.64,229.36
-4.88,224.48,229.36,-107.36,-117.12,224.48,234.24,419.68,326.96,273.28,244,224.48
-4.88,209.84,214.72,-102.48,-112.24,209.84,195.2,380.64,287.92,239.12,204.96,209.84
-9.76,185.44,195.2,-87.84,-102.48,190.32,170.8,346.48,263.52,200.08,180.56,190.32
-14.64,141.52,156.16,-63.44,-87.84,146.4,146.4,312.32,248.88,175.68,156.16,180.56
9.76,131.76,122,-68.32,-58.56,126.88,131.76,292.8,229.36,161.04,136.64,165.92
4.88,131.76,126.88,-68.32,-63.44,126.88,112.24,239.12,180.56,126.88,117.12,131.76
-29.28,102.48,131.76,-34.16,-82.96,117.12,78.08,195.2,146.4,102.48,92.72,107.36
-19.52,102.48,122,-39.04,-73.2,112.24,53.68,151.28,112.24,82.96,78.08,92.72
-29.28,78.08,107.36,-24.4,-68.32,92.72,34.16,122,78.08,63.44,63.44,82.96
-39.04,58.56,97.6,-9.76,-68.32,78.08,24.4,92.72,48.8,39.04,43.92,78.08
-48.8,53.68,102.48,0,-78.08,78.08,4.88,78.08,24.4,9.76,29.28,63.44
-63.44,24.4,87.84,19.52,-78.08,53.68,-19.52,58.56,4.88,-9.76,9.76,43.92
-63.44,4.88,68.32,29.28,-68.32,34.16,-34.16,39.04,-14.64,-43.92,-4.88,29.28
-48.8,4.88,53.68,24.4,-53.68,29.28,-48.8,9.76,-24.4,-58.56,-24.4,14.64
-39.04,0,39.04,19.52,-39.04,19.52,-48.8,0,-34.16,-63.44,-48.8,19.52
-39.04,-19.52,19.52,29.28,-29.28,0,-68.32,-34.16,-63.44,-97.6,-87.84,9.76
-58.56,-43.92,14.64,53.68,-39.04,-14.64,-82.96,-63.44,-87.84,-117.12,-92.72,-4.88
-58.56,-39.04,19.52,48.8,-39.04,-9.76,-78.08,-68.32,-97.6,-107.36,-68.32,-4.88
-39.04,-29.28,9.76,34.16,-24.4,-9.76,-78.08,-78.08,-102.48,-107.36,-63.44,-9.76
-53.68,-39.04,14.64,48.8,-34.16,-14.64,-82.96,-82.96,-112.24,-102.48,-68.32,-14.64
-43.92,-19.52,24.4,34.16,-34.16,0,-97.6,-92.72,-122,-122,-82.96,-19.52
-48.8,-34.16,14.64,43.92,-34.16,-9.76,-107.36,-102.48,-141.52,-136.64,-112.24,-24.4
-53.68,-58.56,-4.88,58.56,-24.4,-34.16,-117.12,-107.36,-146.4,-151.28,-112.24,-24.4
-43.92,-58.56,-14.64,53.68,-14.64,-39.04,-112.24,-102.48,-141.52,-151.28,-97.6,-24.4
-43.92,-58.56,-14.64,53.68,-14.64,-39.04,-126.88,-126.88,-156.16,-161.04,-107.36,-39.04
-53.68,-82.96,-29.28,68.32,-14.64,-58.56,-136.64,-151.28,-165.92,-175.68,-117.12,-58.56
-68.32,-97.6,-29.28,82.96,-19.52,-63.44,-141.52,-165.92,-185.44,-185.44,-131.76,-48.8
-48.8,-82.96,-34.16,68.32,-9.76,-58.56,-141.52,-170.8,-185.44,-175.68,-131.76,-39.04
-48.8,-78.08,-29.28,63.44,-9.76,-53.68,-141.52,-185.44,-200.08,-185.44,-131.76,-43.92
-63.44,-82.96,-19.52,73.2,-24.4,-53.68,-151.28,-195.2,-209.84,-190.32,-136.64,-58.56
-53.68,-73.2,-19.52,63.44,-19.52,-48.8,-151.28,-195.2,-219.6,-195.2,-131.76,-53.68
-53.68,-78.08,-24.4,68.32,-14.64,-53.68,-151.28,-180.56,-214.72,-195.2,-136.64,-58.56
-78.08,-102.48,-24.4,92.72,-29.28,-63.44,-165.92,-195.2,-224.48,-224.48,-151.28,-68.32
-92.72,-141.52,-48.8,117.12,-24.4,-97.6,-170.8,-200.08,-219.6,-224.48,-151.28,-73.2
-78.08,-126.88,-48.8,102.48,-14.64,-87.84,-161.04,-195.2,-214.72,-214.72,-151.28,-73.2
-34.16,-73.2,-39.04,53.68,0,-58.56,-161.04,-200.08,-209.84,-204.96,-141.52,-78.08
-19.52,-73.2,-53.68,48.8,14.64,-63.44,-151.28,-200.08,-200.08,-195.2,-136.64,-73.2
-53.68,-92.72,-39.04,73.2,-9.76,-68.32,-161.04,-214.72,-219.6,-209.84,-146.4,-97.6
-63.44,-87.84,-24.4,78.08,-19.52,-58.56,-146.4,-209.84,-219.6,-204.96,-141.52,-102.48
-43.92,-82.96,-39.04,63.44,-4.88,-63.44,-141.52,-209.84,-214.72,-195.2,-141.52,-87.84
-48.8,-78.08,-29.28,63.44,-9.76,-53.68,-156.16,-204.96,-224.48,-204.96,-146.4,-73.2
-63.44,-87.84,-24.4,78.08,-19.52,-58.56,-156.16,-195.2,-219.6,-209.84,-146.4,-73.2
-43.92,-68.32,-24.4,58.56,-9.76,-48.8,-156.16,-195.2,-219.6,-214.72,-151.28,-78.08
-48.8,-82.96,-34.16,68.32,-9.76,-58.56,-156.16,-190.32,-209.84,-219.6,-156.16,-87.84
-68.32,-107.36,-39.04,87.84,-14.64,-73.2,-165.92,-204.96,-219.6,-239.12,-165.92,-87.84
-78.08,-117.12,-39.04,97.6,-19.52,-78.08,-165.92,-209.84,-219.6,-239.12,-170.8,-92.72
-68.32,-117.12,-48.8,92.72,-9.76,-82.96,-170.8,-224.48,-224.48,-239.12,-165.92,-87.84
-63.44,-112.24,-48.8,87.84,-9.76,-82.96,-170.8,-219.6,-224.48,-224.48,-161.04,-82.96
-78.08,-112.24,-34.16,97.6,-24.4,-73.2,-170.8,-224.48,-229.36,-214.72,-156.16,-78.08
-68.32,-97.6,-29.28,82.96,-19.52,-63.44,-170.8,-219.6,-234.24,-224.48,-151.28,-87.84
-68.32,-97.6,-29.28,82.96,-19.52,-63.44,-175.68,-214.72,-234.24,-224.48,-146.4,-87.84
-53.68,-97.6,-43.92,78.08,-4.88,-73.2,-170.8,-204.96,-224.48,-219.6,-146.4,-82.96
-43.92,-92.72,-48.8,68.32,0,-73.2,-165.92,-200.08,-219.6,-229.36,-151.28,-78.08
-58.56,-107.36,-48.8,82.96,-4.88,-78.08,-165.92,-185.44,-204.96,-214.72,-146.4,-82.96
-63.44,-102.48,-39.04,82.96,-14.64,-73.2,-175.68,-195.2,-209.84,-219.6,-156.16,-87.84
-63.44,-122,-58.56,92.72,-4.88,-92.72,-175.68,-204.96,-209.84,-224.48,-180.56,-92.72
-58.56,-107.36,-48.8,82.96,-4.88,-78.08,-180.56,-209.84,-204.96,-224.48,-165.92,-82.96
-48.8,-87.84,-39.04,68.32,-4.88,-63.44,-165.92,-200.08,-200.08,-200.08,-141.52,-78.08
-53.68,-92.72,-39.04,73.2,-9.76,-68.32,-165.92,-209.84,-204.96,-200.08,-131.76,-73.2
-63.44,-117.12,-53.68,92.72,-4.88,-87.84,-170.8,-200.08,-204.96,-195.2,-122,-73.2
-58.56,-97.6,-39.04,78.08,-9.76,-68.32,-165.92,-195.2,-200.08,-190.32,-117.12,-78.08
-39.04,-73.2,-34.16,58.56,-4.88,-53.68,-165.92,-185.44,-195.2,-195.2,-122,-78.08
-34.16,-73.2,-39.04,53.68,0,-58.56,-170.8,-185.44,-200.08,-195.2,-131.76,-68.32
-39.04,-97.6,-58.56,68.32,9.76,-78.08,-185.44,-180.56,-190.32,-200.08,-156.16,-58.56
-39.04,-97.6,-58.56,68.32,9.76,-78.08,-195.2,-204.96,-200.08,-214.72,-161.04,-63.44
-29.28,-92.72,-63.44,63.44,14.64,-78.08,-195.2,-209.84,-200.08,-209.84,-146.4,-68.32
-34.16,-112.24,-78.08,73.2,19.52,-97.6,-195.2,-209.84,-195.2,-204.96,-136.64,-68.32
-34.16,-107.36,-73.2,73.2,19.52,-92.72,-195.2,-224.48,-204.96,-200.08,-131.76,-73.2
-39.04,-73.2,-34.16,58.56,-4.88,-53.68,-185.44,-219.6,-209.84,-195.2,-131.76,-63.44
-43.92,-73.2,-29.28,58.56,-9.76,-53.68,-190.32,-219.6,-204.96,-195.2,-122,-58.56
-34.16,-82.96,-48.8,58.56,4.88,-68.32,-200.08,-224.48,-209.84,-190.32,-117.12,-58.56
-24.4,-68.32,-43.92,48.8,9.76,-58.56,-204.96,-214.72,-214.72,-185.44,-117.12,-53.68
-19.52,-53.68,-34.16,39.04,4.88,-43.92,-204.96,-204.96,-204.96,-190.32,-112.24,-53.68
-19.52,-63.44,-43.92,43.92,9.76,-53.68,-209.84,-209.84,-190.32,-195.2,-112.24,-63.44
-43.92,-92.72,-48.8,68.32,0,-73.2,-214.72,-214.72,-195.2,-195.2,-112.24,-73.2
-53.68,-107.36,-53.68,82.96,0,-82.96,-219.6,-219.6,-195.2,-195.2,-117.12,-87.84
-34.16,-92.72,-58.56,63.44,9.76,-78.08,-214.72,-224.48,-190.32,-190.32,-122,-82.96
-29.28,-82.96,-53.68,58.56,9.76,-68.32,-214.72,-234.24,-204.96,-180.56,-122,-58.56
-19.52,-73.2,-53.68,48.8,14.64,-63.44,-214.72,-234.24,-214.72,-185.44,-117.12,-48.8
-24.4,-73.2,-48.8,48.8,9.76,-63.44,-214.72,-234.24,-214.72,-185.44,-112.24,-48.8
-39.04,-82.96,-43.92,63.44,0,-63.44,-224.48,-234.24,-224.48,-195.2,-117.12,-58.56
-19.52,-82.96,-63.44,53.68,19.52,-73.2,-229.36,-224.48,-219.6,-195.2,-117.12,-53.68
-14.64,-82.96,-68.32,48.8,24.4,-78.08,-234.24,-224.48,-209.84,-204.96,-122,-63.44
-29.28,-92.72,-63.44,63.44,14.64,-78.08,-234.24,-229.36,-209.84,-204.96,-122,-68.32
-9.76,-78.08,-68.32,43.92,29.28,-73.2,-234.24,-224.48,-209.84,-195.2,-112.24,-58.56
-9.76,-82.96,-73.2,48.8,29.28,-78.08,-229.36,-229.36,-214.72,-200.08,-117.12,-63.44
9.76,-63.44,-73.2,29.28,39.04,-68.32,-214.72,-229.36,-209.84,-200.08,-117.12,-58.56
24.4,-63.44,-87.84,19.52,53.68,-78.08,-219.6,-234.24,-214.72,-195.2,-112.24,-53.68
4.88,-73.2,-78.08,34.16,39.04,-78.08,-224.48,-234.24,-219.6,-195.2,-102.48,-48.8
-4.88,-87.84,-82.96,48.8,39.04,-87.84,-214.72,-224.48,-219.6,-185.44,-92.72,-48.8
-24.4,-102.48,-78.08,63.44,24.4,-92.72,-229.36,-234.24,-224.48,-195.2,-102.48,-73.2
-19.52,-82.96,-63.44,53.68,19.52,-73.2,-224.48,-224.48,-224.48,-190.32,-102.48,-78.08
-9.76,-63.44,-53.68,39.04,19.52,-58.56,-224.48,-219.6,-214.72,-190.32,-97.6,-78.08
-48.8,-107.36,-58.56,78.08,4.88,-82.96,-234.24,-229.36,-219.6,-209.84,-107.36,-97.6
-68.32,-117.12,-48.8,92.72,-9.76,-82.96,-229.36,-229.36,-224.48,-209.84,-107.36,-97.6
-48.8,-102.48,-53.68,78.08,0,-78.08,-219.6,-229.36,-224.48,-204.96,-126.88,-78.08
-39.04,-117.12,-78.08,78.08,19.52,-97.6,-224.48,-234.24,-229.36,-214.72,-151.28,-68.32
-29.28,-107.36,-78.08,68.32,24.4,-92.72,-219.6,-244,-229.36,-214.72,-151.28,-68.32
-19.52,-107.36,-87.84,63.44,34.16,-97.6,-219.6,-234.24,-229.36,-214.72,-141.52,-58.56
-4.88,-92.72,-87.84,48.8,39.04,-92.72,-214.72,-229.36,-229.36,-214.72,-126.88,-53.68
0,-63.44,-63.44,34.16,29.28,-63.44,-209.84,-214.72,-224.48,-209.84,-112.24,-58.56
-9.76,-87.84,-78.08,48.8,34.16,-82.96,-209.84,-214.72,-224.48,-204.96,-117.12,-68.32
-9.76,-97.6,-87.84,53.68,39.04,-92.72,-209.84,-219.6,-229.36,-219.6,-136.64,-78.08
4.88,-87.84,-92.72,43.92,48.8,-92.72,-209.84,-224.48,-229.36,-224.48,-151.28,-87.84
0,-92.72,-92.72,48.8,43.92,-92.72,-214.72,-224.48,-229.36,-224.48,-146.4,-92.72
-9.76,-102.48,-92.72,58.56,39.04,-97.6,-209.84,-224.48,-229.36,-219.6,-141.52,-87.84
-19.52,-112.24,-92.72,68.32,34.16,-102.48,-209.84,-229.36,-239.12,-224.48,-156.16,-92.72
-19.52,-112.24,-92.72,68.32,34.16,-102.48,-200.08,-224.48,-229.36,-209.84,-146.4,-82.96
-9.76,-82.96,-73.2,48.8,29.28,-78.08,-200.08,-219.6,-234.24,-209.84,-136.64,-78.08
-9.76,-78.08,-68.32,43.92,29.28,-73.2,-204.96,-234.24,-248.88,-224.48,-146.4,-97.6
-19.52,-82.96,-63.44,53.68,19.52,-73.2,-200.08,-224.48,-244,-234.24,-146.4,-92.72
-9.76,-87.84,-78.08,48.8,34.16,-82.96,-190.32,-204.96,-234.24,-219.6,-136.64,-68.32
-19.52,-87.84,-68.32,53.68,24.4,-78.08,-195.2,-209.84,-234.24,-229.36,-146.4,-68.32
-9.76,-87.84,-78.08,48.8,34.16,-82.96,-195.2,-214.72,-229.36,-229.36,-146.4,-82.96
-19.52,-107.36,-87.84,63.44,34.16,-97.6,-204.96,-219.6,-234.24,-234.24,-141.52,-102.48
-19.52,-117.12,-97.6,68.32,39.04,-107.36,-204.96,-224.48,-229.36,-234.24,-136.64,-117.12
-24.4,-97.6,-73.2,63.44,24.4,-87.84,-200.08,-224.48,-229.36,-229.36,-131.76,-117.12
-14.64,-97.6,-82.96,58.56,34.16,-92.72,-200.08,-224.48,-234.24,-214.72,-126.88,-112.24
-4.88,-78.08,-73.2,43.92,34.16,-78.08,-185.44,-219.6,-229.36,-204.96,-122,-102.48
-9.76,-87.84,-78.08,48.8,34.16,-82.96,-180.56,-214.72,-229.36,-204.96,-141.52,-87.84
-24.4,-97.6,-73.2,63.44,24.4,-87.84,-185.44,-219.6,-234.24,-214.72,-165.92,-92.72
0,-92.72,-92.72,48.8,43.92,-92.72,-185.44,-209.84,-244,-224.48,-156.16,-78.08
4.88,-87.84,-92.72,43.92,48.8,-92.72,-185.44,-214.72,-248.88,-248.88,-170.8,-87.84
-14.64,-107.36,-92.72,63.44,39.04,-102.48,-190.32,-219.6,-244,-253.76,-175.68,-92.72
-34.16,-122,-87.84,78.08,24.4,-107.36,-195.2,-214.72,-234.24,-248.88,-161.04,-102.48
-39.04,-122,-82.96,82.96,19.52,-102.48,-195.2,-219.6,-239.12,-244,-156.16,-107.36
-29.28,-102.48,-73.2,68.32,19.52,-87.84,-190.32,-229.36,-244,-253.76,-165.92,-112.24
-19.52,-102.48,-82.96,63.44,29.28,-92.72,-190.32,-224.48,-248.88,-244,-175.68,-107.36
-29.28,-122,-92.72,78.08,29.28,-107.36,-185.44,-224.48,-253.76,-239.12,-175.68,-107.36
-29.28,-122,-92.72,78.08,29.28,-107.36,-190.32,-229.36,-258.64,-244,-175.68,-102.48
-34.16,-122,-87.84,78.08,24.4,-107.36,-175.68,-214.72,-248.88,-229.36,-165.92,-92.72
-29.28,-122,-92.72,78.08,29.28,-107.36,-180.56,-209.84,-239.12,-224.48,-161.04,-92.72
-24.4,-107.36,-82.96,68.32,29.28,-97.6,-180.56,-209.84,-234.24,-234.24,-165.92,-102.48
-19.52,-112.24,-92.72,68.32,34.16,-102.48,-180.56,-214.72,-234.24,-239.12,-170.8,-107.36
-24.4,-122,-97.6,73.2,34.16,-112.24,-180.56,-204.96,-234.24,-239.12,-165.92,-112.24
-19.52,-107.36,-87.84,63.44,34.16,-97.6,-180.56,-209.84,-234.24,-239.12,-165.92,-117.12
-24.4,-112.24,-87.84,68.32,29.28,-102.48,-185.44,-219.6,-239.12,-239.12,-175.68,-126.88
-14.64,-107.36,-92.72,63.44,39.04,-102.48,-180.56,-219.6,-244,-234.24,-170.8,-117.12
-4.88,-97.6,-92.72,53.68,43.92,-97.6,-170.8,-209.84,-234.24,-229.36,-161.04,-107.36
-4.88,-97.6,-92.72,53.68,43.92,-97.6,-170.8,-214.72,-239.12,-234.24,-165.92,-107.36
-14.64,-112.24,-97.6,63.44,39.04,-107.36,-161.04,-204.96,-234.24,-224.48,-156.16,-102.48
-9.76,-112.24,-102.48,63.44,43.92,-107.36,-156.16,-190.32,-224.48,-219.6,-141.52,-92.72
-4.88,-97.6,-92.72,53.68,43.92,-97.6,-156.16,-195.2,-224.48,-229.36,-156.16,-102.48
-9.76,-97.6,-87.84,53.68,39.04,-92.72,-161.04,-195.2,-224.48,-229.36,-165.92,-107.36
-4.88,-87.84,-82.96,48.8,39.04,-87.84,-161.04,-190.32,-214.72,-219.6,-156.16,-117.12
-4.88,-82.96,-78.08,43.92,34.16,-82.96,-161.04,-185.44,-209.84,-214.72,-156.16,-122
-4.88,-87.84,-82.96,48.8,39.04,-87.84,-151.28,-190.32,-204.96,-209.84,-156.16,-117.12
0,-68.32,-68.32,34.16,34.16,-68.32,-151.28,-185.44,-204.96,-204.96,-151.28,-97.6
-4.88,-58.56,-53.68,34.16,24.4,-58.56,-141.52,-180.56,-209.84,-200.08,-141.52,-82.96
-4.88,-73.2,-68.32,39.04,29.28,-73.2,-136.64,-185.44,-209.84,-200.08,-136.64,-82.96
-14.64,-63.44,-48.8,39.04,14.64,-58.56,-126.88,-185.44,-204.96,-200.08,-136.64,-92.72
-24.4,-63.44,-39.04,43.92,4.88,-53.68,-126.88,-180.56,-209.84,-204.96,-141.52,-107.36
-24.4,-58.56,-34.16,43.92,4.88,-48.8,-131.76,-175.68,-204.96,-214.72,-151.28,-122
4.88,-58.56,-63.44,29.28,34.16,-63.44,-122,-170.8,-200.08,-209.84,-146.4,-117.12
0,-87.84,-87.84,43.92,43.92,-87.84,-117.12,-165.92,-190.32,-209.84,-146.4,-102.48
9.76,-63.44,-73.2,29.28,39.04,-68.32,-112.24,-156.16,-185.44,-195.2,-136.64,-92.72
14.64,-39.04,-53.68,14.64,34.16,-48.8,-112.24,-156.16,-175.68,-180.56,-122,-102.48
-4.88,-48.8,-43.92,29.28,19.52,-48.8,-112.24,-156.16,-180.56,-175.68,-107.36,-102.48
24.4,-43.92,-68.32,9.76,43.92,-58.56,-97.6,-141.52,-165.92,-146.4,-82.96,-82.96
39.04,-9.76,-48.8,-14.64,43.92,-29.28,-107.36,-146.4,-165.92,-146.4,-97.6,-73.2
34.16,0,-34.16,-14.64,34.16,-19.52,-112.24,-136.64,-161.04,-151.28,-117.12,-63.44
19.52,-9.76,-29.28,-4.88,24.4,-19.52,-136.64,-141.52,-170.8,-161.04,-131.76,-53.68
9.76,-34.16,-43.92,14.64,24.4,-39.04,-161.04,-165.92,-185.44,-190.32,-141.52,-68.32
9.76,-39.04,-48.8,14.64,29.28,-43.92,-161.04,-165.92,-185.44,-200.08,-136.64,-82.96
34.16,-43.92,-78.08,4.88,53.68,-63.44,-146.4,-161.04,-175.68,-185.44,-126.88,-78.08
24.4,-63.44,-87.84,19.52,53.68,-78.08,-151.28,-165.92,-175.68,-185.44,-126.88,-82.96
29.28,-73.2,-102.48,24.4,63.44,-87.84,-146.4,-175.68,-185.44,-185.44,-126.88,-82.96
39.04,-53.68,-92.72,9.76,63.44,-73.2,-156.16,-185.44,-190.32,-195.2,-131.76,-82.96
39.04,-39.04,-78.08,0,58.56,-58.56,-161.04,-200.08,-209.84,-195.2,-136.64,-82.96
43.92,-39.04,-82.96,0,63.44,-63.44,-161.04,-190.32,-209.84,-195.2,-131.76,-78.08
24.4,-48.8,-73.2,14.64,48.8,-63.44,-175.68,-200.08,-219.6,-209.84,-141.52,-87.84
14.64,-53.68,-68.32,19.52,39.04,-63.44,-185.44,-200.08,-224.48,-214.72,-146.4,-107.36
9.76,-68.32,-78.08,29.28,43.92,-73.2,-170.8,-190.32,-204.96,-204.96,-146.4,-107.36
19.52,-68.32,-87.84,24.4,53.68,-78.08,-161.04,-185.44,-200.08,-209.84,-151.28,-117.12
4.88,-102.48,-107.36,48.8,53.68,-107.36,-161.04,-190.32,-209.84,-219.6,-156.16,-122
-19.52,-126.88,-107.36,73.2,43.92,-117.12,-170.8,-209.84,-224.48,-234.24,-170.8,-131.76
-34.16,-126.88,-92.72,82.96,29.28,-112.24,-170.8,-219.6,-229.36,-234.24,-170.8,-126.88
-19.52,-112.24,-92.72,68.32,34.16,-102.48,-170.8,-204.96,-219.6,-229.36,-156.16,-117.12
-24.4,-131.76,-107.36,78.08,39.04,-122,-165.92,-214.72,-224.48,-219.6,-161.04,-117.12
-53.68,-136.64,-82.96,97.6,14.64,-112.24,-175.68,-229.36,-244,-239.12,-170.8,-136.64
-24.4,-122,-97.6,73.2,34.16,-112.24,-170.8,-219.6,-248.88,-248.88,-165.92,-136.64
-29.28,-136.64,-107.36,82.96,39.04,-122,-170.8,-214.72,-248.88,-253.76,-175.68,-156.16
-4.88,-126.88,-122,68.32,58.56,-126.88,-170.8,-214.72,-244,-248.88,-180.56,-151.28
-19.52,-131.76,-112.24,78.08,43.92,-122,-165.92,-214.72,-239.12,-253.76,-190.32,-146.4
-29.28,-136.64,-107.36,82.96,39.04,-122,-165.92,-214.72,-229.36,-248.88,-185.44,-146.4
-9.76,-126.88,-117.12,68.32,53.68,-122,-156.16,-204.96,-224.48,-244,-170.8,-136.64
-19.52,-141.52,-122,82.96,48.8,-131.76,-156.16,-204.96,-224.48,-234.24,-180.56,-136.64
-19.52,-136.64,-117.12,78.08,48.8,-126.88,-161.04,-209.84,-229.36,-244,-185.44,-141.52
-19.52,-126.88,-107.36,73.2,43.92,-117.12,-161.04,-209.84,-239.12,-244,-190.32,-146.4
-14.64,-112.24,-97.6,63.44,39.04,-107.36,-165.92,-219.6,-244,-248.88,-185.44,-146.4
-24.4,-146.4,-122,87.84,48.8,-136.64,-161.04,-214.72,-234.24,-248.88,-180.56,-156.16
-34.16,-161.04,-126.88,97.6,43.92,-146.4,-161.04,-214.72,-239.12,-258.64,-185.44,-175.68
-9.76,-131.76,-122,73.2,53.68,-126.88,-165.92,-214.72,-244,-263.52,-195.2,-175.68
19.52,-112.24,-131.76,48.8,73.2,-122,-156.16,-195.2,-229.36,-253.76,-185.44,-151.28
9.76,-126.88,-136.64,58.56,73.2,-131.76,-161.04,-200.08,-229.36,-248.88,-185.44,-151.28
-19.52,-146.4,-126.88,82.96,53.68,-136.64,-165.92,-209.84,-244,-258.64,-204.96,-161.04
-29.28,-151.28,-122,92.72,43.92,-136.64,-156.16,-214.72,-239.12,-253.76,-204.96,-156.16
-34.16,-165.92,-131.76,102.48,48.8,-151.28,-161.04,-219.6,-244,-253.76,-190.32,-170.8
-43.92,-161.04,-117.12,102.48,34.16,-141.52,-161.04,-224.48,-248.88,-253.76,-185.44,-175.68
-48.8,-170.8,-122,112.24,34.16,-146.4,-165.92,-229.36,-248.88,-258.64,-185.44,-175.68
-63.44,-175.68,-112.24,122,24.4,-146.4,-161.04,-219.6,-244,-258.64,-180.56,-170.8
-63.44,-195.2,-131.76,131.76,34.16,-165.92,-165.92,-200.08,-244,-258.64,-190.32,-161.04
-48.8,-190.32,-141.52,122,43.92,-165.92,-146.4,-200.08,-234.24,-248.88,-209.84,-151.28
-34.16,-165.92,-131.76,102.48,48.8,-151.28,-141.52,-195.2,-224.48,-263.52,-219.6,-151.28
-34.16,-170.8,-136.64,102.48,48.8,-156.16,-136.64,-185.44,-224.48,-268.4,-209.84,-165.92
-9.76,-151.28,-141.52,82.96,63.44,-146.4,-122,-170.8,-214.72,-248.88,-204.96,-165.92
4.88,-112.24,-117.12,53.68,58.56,-117.12,-97.6,-161.04,-209.84,-239.12,-195.2,-165.92
-14.64,-122,-107.36,68.32,43.92,-117.12,-82.96,-151.28,-204.96,-239.12,-200.08,-175.68
-39.04,-146.4,-107.36,92.72,34.16,-126.88,-53.68,-126.88,-195.2,-229.36,-204.96,-190.32
-53.68,-146.4,-92.72,102.48,19.52,-122,-9.76,-87.84,-170.8,-224.48,-214.72,-195.2
-58.56,-161.04,-102.48,112.24,19.52,-131.76,34.16,-34.16,-146.4,-234.24,-239.12,-214.72
-48.8,-170.8,-122,112.24,34.16,-146.4,92.72,43.92,-102.48,-224.48,-248.88,-239.12
-43.92,-190.32,-146.4,117.12,48.8,-170.8,156.16,156.16,-29.28,-204.96,-263.52,-268.4
-24.4,-209.84,-185.44,117.12,78.08,-200.08,224.48,287.92,73.2,-165.92,-278.16,-287.92
9.76,-209.84,-219.6,102.48,112.24,-214.72,273.28,424.56,170.8,-126.88,-297.68,-322.08
14.64,-204.96,-219.6,97.6,117.12,-214.72,346.48,605.12,312.32,-58.56,-307.44,-336.72
24.4,-200.08,-224.48,87.84,122,-214.72,419.68,819.84,492.88,24.4,-307.44,-351.36
43.92,-170.8,-214.72,63.44,126.88,-195.2,551.44,1137.04,736.88,161.04,-278.16,-346.48
92.72,-131.76,-224.48,19.52,156.16,-180.56,702.72,1454.24,990.64,317.2,-219.6,-312.32
175.68,-43.92,-219.6,-63.44,195.2,-131.76,761.28,1620.16,1171.2,468.48,-102.48,-224.48
268.4,78.08,-190.32,-170.8,229.36,-58.56,785.68,1664.08,1307.84,658.8,82.96,-78.08
356.24,234.24,-122,-292.8,239.12,53.68,805.2,1629.92,1400.56,888.16,317.2,112.24
434.32,414.8,-19.52,-424.56,224.48,195.2,814.96,1439.6,1381.04,1093.12,590.48,326.96
502.64,619.76,117.12,-561.2,190.32,366,727.12,1102.88,1210.24,1239.52,902.8,585.6
595.36,810.08,214.72,-702.72,190.32,512.4,649.04,746.64,1010.16,1400.56,1254.16,878.4
614.88,1073.6,458.72,-844.24,78.08,766.16,624.64,366,844.24,1605.52,1629.92,1171.2
522.16,1385.92,863.76,-951.6,-170.8,1122.4,575.84,-92.72,653.92,1805.6,1947.12,1424.96
405.04,1678.72,1273.68,-1039.44,-434.32,1473.76,595.36,-570.96,424.56,1976.4,2230.16,1654.32
317.2,1917.84,1600.64,-1117.52,-644.16,1756.8,653.92,-985.76,214.72,2093.52,2435.12,1820.24
253.76,1961.76,1708,-1107.76,-727.12,1834.88,756.4,-1180.96,102.48,2156.96,2522.96,1883.68
185.44,1786.08,1600.64,-985.76,-707.6,1693.36,858.88,-1337.12,-14.64,2044.72,2347.28,1756.8
73.2,1542.08,1468.88,-805.2,-697.84,1503.04,868.64,-1473.76,-283.04,1659.2,1932.48,1498.16
-82.96,1244.4,1327.36,-580.72,-707.6,1283.44,717.36,-1600.64,-610,1102.88,1395.68,1166.32
-214.72,936.96,1151.68,-361.12,-683.2,1044.32,463.6,-1703.12,-976,380.64,722.24,741.76
-326.96,683.2,1010.16,-175.68,-668.56,844.24,14.64,-1790.96,-1288.32,-331.84,87.84,346.48
-356.24,463.6,819.84,-53.68,-590.48,639.28,-468.48,-1800.72,-1342,-595.36,-224.48,73.2
-341.6,263.52,605.12,39.04,-473.36,434.32,-629.52,-1659.2,-1220,-575.84,-283.04,-58.56
-317.2,175.68,492.88,73.2,-405.04,331.84,-761.28,-1527.44,-1098,-492.88,-263.52,-97.6
-317.2,92.72,409.92,112.24,-366,248.88,-917.44,-1473.76,-1058.96,-536.8,-297.68,-141.52
-317.2,-39.04,278.16,180.56,-297.68,117.12,-902.8,-1356.64,-1034.56,-663.68,-361.12,-204.96
-263.52,-68.32,195.2,165.92,-229.36,63.44,-795.44,-1127.28,-907.68,-653.92,-346.48,-209.84
-219.6,-53.68,165.92,136.64,-195.2,53.68,-732,-912.56,-736.88,-536.8,-302.56,-185.44
-170.8,-14.64,156.16,92.72,-165.92,68.32,-644.16,-746.64,-595.36,-439.2,-278.16,-151.28
-146.4,-9.76,136.64,78.08,-141.52,63.44,-551.44,-605.12,-488,-370.88,-234.24,-136.64
-131.76,-34.16,97.6,82.96,-117.12,29.28,-453.84,-492.88,-395.28,-312.32,-200.08,-126.88
-102.48,-39.04,63.44,73.2,-82.96,9.76,-351.36,-375.76,-302.56,-253.76,-161.04,-112.24
-53.68,-34.16,19.52,43.92,-39.04,-9.76,-244,-253.76,-190.32,-190.32,-122,-92.72
-4.88,-48.8,-43.92,29.28,19.52,-48.8,-131.76,-131.76,-87.84,-117.12,-87.84,-82.96
4.88,-58.56,-63.44,29.28,34.16,-63.44,-78.08,-73.2,-39.04,-87.84,-87.84,-82.96
19.52,-63.44,-82.96,24.4,48.8,-73.2,-63.44,-53.68,-29.28,-87.84,-97.6,-87.84
19.52,-82.96,-102.48,34.16,58.56,-92.72,-63.44,-58.56,-34.16,-102.48,-92.72,-92.72
24.4,-73.2,-97.6,24.4,58.56,-87.84,-63.44,-39.04,-34.16,-92.72,-87.84,-97.6
19.52,-63.44,-82.96,24.4,48.8,-73.2,-53.68,-29.28,-39.04,-97.6,-92.72,-97.6
14.64,-73.2,-87.84,29.28,48.8,-82.96,-58.56,-19.52,-34.16,-107.36,-97.6,-112.24
19.52,-82.96,-102.48,34.16,58.56,-92.72,-53.68,-4.88,-24.4,-102.48,-102.48,-107.36
-9.76,-107.36,-97.6,58.56,43.92,-102.48,-58.56,-4.88,-29.28,-117.12,-117.12,-112.24
9.76,-102.48,-112.24,48.8,58.56,-107.36,-63.44,-4.88,-24.4,-126.88,-126.88,-107.36
14.64,-112.24,-126.88,48.8,68.32,-122,-63.44,4.88,-14.64,-117.12,-117.12,-112.24
-4.88,-122,-117.12,63.44,53.68,-122,-58.56,4.88,-14.64,-117.12,-122,-112.24
0,-117.12,-117.12,58.56,58.56,-117.12,-53.68,4.88,-4.88,-107.36,-107.36,-107.36
9.76,-117.12,-126.88,53.68,68.32,-122,-48.8,9.76,0,-102.48,-107.36,-112.24
9.76,-102.48,-112.24,48.8,58.56,-107.36,-48.8,9.76,-14.64,-97.6,-107.36,-122
0,-102.48,-102.48,53.68,48.8,-102.48,-48.8,14.64,-9.76,-102.48,-102.48,-112.24
-4.88,-102.48,-97.6,53.68,43.92,-102.48,-48.8,14.64,-9.76,-107.36,-97.6,-126.88
9.76,-97.6,-107.36,43.92,58.56,-102.48,-34.16,43.92,9.76,-87.84,-87.84,-117.12
19.52,-87.84,-107.36,34.16,63.44,-97.6,-34.16,48.8,14.64,-87.84,-82.96,-112.24
-4.88,-117.12,-112.24,63.44,53.68,-117.12,-48.8,39.04,14.64,-102.48,-107.36,-112.24
0,-141.52,-141.52,73.2,68.32,-141.52,-34.16,48.8,24.4,-82.96,-97.6,-102.48
0,-136.64,-136.64,68.32,68.32,-136.64,-29.28,48.8,29.28,-78.08,-97.6,-102.48
19.52,-102.48,-122,43.92,68.32,-112.24,-29.28,43.92,34.16,-73.2,-87.84,-97.6
48.8,-78.08,-126.88,14.64,87.84,-102.48,-14.64,63.44,48.8,-53.68,-58.56,-92.72
39.04,-78.08,-117.12,19.52,78.08,-97.6,-14.64,63.44,43.92,-53.68,-63.44,-97.6
24.4,-78.08,-102.48,29.28,63.44,-92.72,-14.64,63.44,48.8,-58.56,-63.44,-97.6
14.64,-82.96,-97.6,34.16,53.68,-92.72,-24.4,63.44,48.8,-58.56,-68.32,-97.6
9.76,-92.72,-102.48,43.92,53.68,-97.6,-19.52,73.2,48.8,-58.56,-97.6,-87.84
4.88,-82.96,-87.84,39.04,43.92,-87.84,-19.52,73.2,48.8,-68.32,-97.6,-87.84
9.76,-87.84,-97.6,39.04,53.68,-92.72,-14.64,82.96,63.44,-63.44,-78.08,-82.96
39.04,-78.08,-117.12,19.52,78.08,-97.6,-9.76,92.72,73.2,-43.92,-63.44,-73.2
58.56,-58.56,-117.12,0,87.84,-87.84,4.88,97.6,82.96,-34.16,-63.44,-68.32
39.04,-73.2,-112.24,19.52,73.2,-92.72,0,87.84,82.96,-34.16,-63.44,-63.44
29.28,-78.08,-107.36,24.4,68.32,-92.72,-4.88,87.84,82.96,-29.28,-58.56,-68.32
19.52,-73.2,-92.72,29.28,53.68,-82.96,-4.88,97.6,78.08,-24.4,-53.68,-68.32
29.28,-63.44,-92.72,19.52,58.56,-78.08,-4.88,97.6,82.96,-19.52,-48.8,-58.56
39.04,-58.56,-97.6,9.76,68.32,-78.08,4.88,112.24,97.6,-9.76,-34.16,-53.68
29.28,-73.2,-102.48,24.4,63.44,-87.84,4.88,122,102.48,-4.88,-34.16,-48.8
19.52,-68.32,-87.84,24.4,53.68,-78.08,14.64,131.76,117.12,4.88,-29.28,-53.68
4.88,-73.2,-78.08,34.16,39.04,-78.08,19.52,131.76,126.88,-4.88,-29.28,-53.68
4.88,-92.72,-97.6,43.92,48.8,-97.6,9.76,136.64,131.76,4.88,-34.16,-58.56
14.64,-82.96,-97.6,34.16,53.68,-92.72,19.52,136.64,136.64,14.64,-19.52,-53.68
34.16,-63.44,-97.6,14.64,63.44,-82.96,19.52,131.76,146.4,24.4,-14.64,-43.92
53.68,-48.8,-102.48,0,78.08,-78.08,29.28,146.4,165.92,48.8,0,-34.16
53.68,-24.4,-78.08,-14.64,63.44,-53.68,29.28,151.28,156.16,53.68,-4.88,-43.92
43.92,-34.16,-78.08,-4.88,58.56,-58.56,34.16,151.28,156.16,48.8,4.88,-39.04
58.56,-19.52,-78.08,-19.52,68.32,-48.8,43.92,165.92,175.68,63.44,24.4,-24.4
63.44,-9.76,-73.2,-24.4,68.32,-43.92,53.68,190.32,190.32,78.08,29.28,-14.64
29.28,-29.28,-58.56,0,43.92,-43.92,48.8,185.44,195.2,73.2,24.4,-24.4
43.92,-29.28,-73.2,-4.88,58.56,-53.68,48.8,190.32,204.96,73.2,24.4,-19.52
48.8,-34.16,-82.96,-4.88,63.44,-58.56,53.68,209.84,219.6,87.84,34.16,-14.64
53.68,0,-53.68,-24.4,53.68,-29.28,53.68,209.84,219.6,92.72,34.16,-14.64
58.56,0,-58.56,-29.28,58.56,-29.28,63.44,209.84,234.24,97.6,43.92,-9.76
73.2,-14.64,-87.84,-29.28,78.08,-53.68,68.32,219.6,244,112.24,58.56,0
73.2,0,-73.2,-34.16,73.2,-39.04,73.2,229.36,248.88,126.88,73.2,0
53.68,0,-53.68,-24.4,53.68,-29.28,82.96,229.36,248.88,126.88,78.08,0
58.56,-9.76,-68.32,-24.4,63.44,-39.04,82.96,244,263.52,131.76,73.2,4.88
73.2,19.52,-53.68,-43.92,63.44,-19.52,97.6,273.28,278.16,151.28,68.32,19.52
53.68,9.76,-43.92,-29.28,48.8,-19.52,97.6,278.16,297.68,156.16,73.2,29.28
43.92,-9.76,-53.68,-14.64,48.8,-34.16,92.72,278.16,297.68,146.4,82.96,14.64
53.68,9.76,-43.92,-29.28,48.8,-19.52,92.72,287.92,307.44,156.16,97.6,9.76
63.44,29.28,-34.16,-43.92,48.8,-4.88,117.12,307.44,322.08,180.56,117.12,24.4
68.32,53.68,-14.64,-58.56,39.04,19.52,136.64,307.44,336.72,185.44,126.88,34.16
63.44,58.56,-4.88,-58.56,34.16,24.4,131.76,317.2,341.6,190.32,122,34.16
48.8,53.68,4.88,-48.8,19.52,29.28,146.4,331.84,346.48,209.84,122,48.8
48.8,53.68,4.88,-48.8,19.52,29.28,165.92,351.36,361.12,219.6,117.12,78.08
68.32,73.2,4.88,-68.32,29.28,39.04,170.8,375.76,380.64,224.48,122,92.72
73.2,78.08,4.88,-73.2,34.16,39.04,190.32,405.04,400.16,244,151.28,102.48
68.32,68.32,0,-68.32,34.16,34.16,195.2,419.68,409.92,248.88,161.04,97.6
68.32,78.08,9.76,-73.2,29.28,43.92,200.08,419.68,419.68,253.76,165.92,87.84
68.32,78.08,9.76,-73.2,29.28,43.92,214.72,444.08,439.2,268.4,175.68,97.6
78.08,92.72,14.64,-82.96,29.28,53.68,229.36,463.6,453.84,287.92,190.32,107.36
73.2,117.12,43.92,-92.72,14.64,78.08,248.88,478.24,473.36,302.56,204.96,112.24
87.84,136.64,48.8,-112.24,19.52,92.72,268.4,507.52,492.88,322.08,224.48,126.88
82.96,146.4,63.44,-112.24,9.76,102.48,297.68,531.92,512.4,351.36,239.12,146.4
112.24,175.68,63.44,-141.52,24.4,117.12,317.2,551.44,527.04,361.12,258.64,161.04
126.88,209.84,82.96,-165.92,19.52,146.4,317.2,570.96,541.68,366,263.52,175.68
102.48,190.32,87.84,-146.4,4.88,136.64,326.96,585.6,541.68,370.88,268.4,170.8
78.08,170.8,92.72,-122,-9.76,131.76,351.36,610,561.2,380.64,278.16,175.68
97.6,190.32,92.72,-141.52,0,141.52,361.12,624.64,580.72,385.52,287.92,180.56
122,214.72,92.72,-165.92,14.64,151.28,370.88,653.92,600.24,405.04,302.56,190.32
131.76,209.84,78.08,-170.8,24.4,141.52,405.04,683.2,619.76,434.32,331.84,214.72
117.12,214.72,97.6,-165.92,9.76,156.16,419.68,692.96,624.64,439.2,331.84,219.6
107.36,219.6,112.24,-161.04,-4.88,165.92,439.2,712.48,639.28,458.72,351.36,229.36
112.24,239.12,126.88,-175.68,-9.76,180.56,468.48,741.76,653.92,483.12,375.76,248.88
102.48,244,141.52,-170.8,-19.52,190.32,483.12,761.28,668.56,492.88,390.4,258.64
97.6,253.76,156.16,-175.68,-29.28,204.96,488,775.92,668.56,492.88,385.52,248.88
107.36,263.52,156.16,-185.44,-24.4,209.84,507.52,805.2,683.2,502.64,405.04,258.64
107.36,253.76,146.4,-180.56,-19.52,200.08,522.16,829.6,702.72,517.28,414.8,268.4
136.64,292.8,156.16,-214.72,-9.76,224.48,536.8,839.36,712.48,507.52,414.8,268.4
141.52,326.96,185.44,-234.24,-24.4,253.76,561.2,873.52,741.76,531.92,429.44,302.56
131.76,317.2,185.44,-224.48,-29.28,248.88,580.72,893.04,746.64,546.56,434.32,317.2
126.88,302.56,175.68,-214.72,-24.4,239.12,605.12,907.68,761.28,556.32,444.08,331.84
117.12,297.68,180.56,-204.96,-34.16,239.12,605.12,912.56,761.28,556.32,448.96,326.96
112.24,331.84,219.6,-219.6,-53.68,273.28,610,932.08,756.4,566.08,458.72,331.84
122,356.24,234.24,-239.12,-58.56,292.8,644.16,956.48,771.04,580.72,483.12,351.36
146.4,385.52,239.12,-263.52,-48.8,312.32,649.04,971.12,780.8,585.6,488,356.24
136.64,380.64,244,-258.64,-53.68,312.32,658.8,980.88,785.68,590.48,492.88,346.48
122,385.52,263.52,-253.76,-73.2,322.08,663.68,990.64,795.44,595.36,502.64,346.48
131.76,395.28,263.52,-263.52,-68.32,326.96,663.68,985.76,795.44,595.36,502.64,346.48
136.64,395.28,258.64,-263.52,-63.44,326.96,658.8,985.76,790.56,595.36,502.64,346.48
136.64,390.4,253.76,-263.52,-58.56,322.08,668.56,980.88,790.56,605.12,507.52,356.24
141.52,405.04,263.52,-273.28,-63.44,331.84,668.56,966.24,775.92,600.24,492.88,366
117.12,370.88,253.76,-244,-68.32,312.32,649.04,941.84,756.4,585.6,488,366
102.48,366,263.52,-234.24,-82.96,312.32,634.4,917.44,732,575.84,492.88,356.24
122,400.16,278.16,-258.64,-78.08,336.72,634.4,893.04,727.12,570.96,507.52,361.12
117.12,390.4,273.28,-253.76,-78.08,331.84,610,868.64,712.48,561.2,497.76,351.36
107.36,370.88,263.52,-239.12,-78.08,317.2,575.84,844.24,683.2,536.8,468.48,336.72
82.96,351.36,268.4,-214.72,-92.72,307.44,556.32,810.08,658.8,517.28,419.68,317.2
63.44,317.2,253.76,-190.32,-97.6,283.04,536.8,775.92,639.28,483.12,390.4,307.44
73.2,317.2,244,-195.2,-87.84,278.16,507.52,741.76,619.76,463.6,385.52,287.92
78.08,312.32,234.24,-195.2,-78.08,273.28,492.88,712.48,595.36,458.72,385.52,278.16
78.08,297.68,219.6,-185.44,-73.2,258.64,468.48,673.44,570.96,434.32,366,263.52
78.08,287.92,209.84,-180.56,-68.32,248.88,429.44,624.64,527.04,405.04,331.84,244
87.84,273.28,185.44,-180.56,-48.8,229.36,409.92,590.48,488,380.64,307.44,229.36
68.32,239.12,170.8,-151.28,-53.68,204.96,375.76,541.68,448.96,336.72,283.04,209.84
43.92,200.08,156.16,-122,-58.56,175.68,331.84,497.76,409.92,297.68,248.88,175.68
48.8,195.2,146.4,-122,-48.8,170.8,302.56,458.72,375.76,268.4,219.6,156.16
58.56,185.44,126.88,-122,-34.16,156.16,287.92,429.44,351.36,244,185.44,141.52
48.8,146.4,97.6,-97.6,-24.4,122,263.52,400.16,326.96,219.6,165.92,126.88
48.8,141.52,92.72,-92.72,-24.4,117.12,244,370.88,307.44,200.08,151.28,112.24
48.8,141.52,92.72,-92.72,-24.4,117.12,224.48,336.72,273.28,180.56,131.76,97.6
34.16,112.24,78.08,-73.2,-24.4,92.72,190.32,283.04,234.24,141.52,102.48,68.32
-4.88,63.44,68.32,-29.28,-39.04,63.44,161.04,248.88,195.2,102.48,73.2,39.04
4.88,43.92,39.04,-24.4,-19.52,39.04,156.16,224.48,165.92,97.6,68.32,39.04
19.52,53.68,34.16,-34.16,-9.76,43.92,136.64,195.2,141.52,73.2,58.56,29.28
9.76,43.92,34.16,-24.4,-14.64,39.04,117.12,165.92,112.24,53.68,34.16,4.88
4.88,14.64,9.76,-9.76,-4.88,9.76,97.6,151.28,87.84,29.28,19.52,-9.76
9.76,-4.88,-14.64,0,9.76,-9.76,78.08,126.88,63.44,4.88,4.88,-24.4
-4.88,-29.28,-24.4,19.52,9.76,-29.28,58.56,97.6,48.8,-19.52,-19.52,-34.16
0,-53.68,-53.68,29.28,24.4,-53.68,43.92,73.2,29.28,-34.16,-39.04,-48.8
4.88,-53.68,-58.56,24.4,29.28,-58.56,39.04,58.56,9.76,-34.16,-39.04,-48.8
0,-53.68,-53.68,29.28,24.4,-53.68,14.64,14.64,-19.52,-63.44,-68.32,-68.32
-4.88,-73.2,-68.32,39.04,29.28,-73.2,-4.88,-9.76,-43.92,-92.72,-87.84,-78.08
-4.88,-68.32,-63.44,39.04,29.28,-68.32,-4.88,-14.64,-48.8,-87.84,-82.96,-68.32
-4.88,-53.68,-48.8,29.28,19.52,-53.68,-14.64,-29.28,-63.44,-97.6,-87.84,-68.32
-14.64,-73.2,-58.56,43.92,19.52,-68.32,-34.16,-43.92,-78.08,-117.12,-112.24,-78.08
-19.52,-87.84,-68.32,53.68,24.4,-78.08,-43.92,-48.8,-87.84,-126.88,-117.12,-82.96
-14.64,-102.48,-87.84,58.56,34.16,-97.6,-43.92,-53.68,-97.6,-136.64,-122,-87.84
-9.76,-117.12,-107.36,63.44,48.8,-112.24,-39.04,-58.56,-87.84,-131.76,-117.12,-78.08
4.88,-107.36,-112.24,53.68,58.56,-112.24,-48.8,-73.2,-92.72,-136.64,-122,-82.96
-9.76,-122,-112.24,68.32,48.8,-117.12,-53.68,-87.84,-112.24,-151.28,-126.88,-87.84
-9.76,-131.76,-122,73.2,53.68,-126.88,-58.56,-102.48,-117.12,-156.16,-126.88,-87.84
-9.76,-131.76,-122,73.2,53.68,-126.88,-68.32,-107.36,-131.76,-161.04,-131.76,-92.72
-14.64,-131.76,-117.12,73.2,48.8,-126.88,-63.44,-107.36,-136.64,-156.16,-126.88,-92.72
-24.4,-146.4,-122,87.84,48.8,-136.64,-68.32,-117.12,-146.4,-161.04,-131.76,-97.6
-14.64,-146.4,-131.76,82.96,58.56,-141.52,-78.08,-122,-146.4,-165.92,-136.64,-102.48
-4.88,-126.88,-122,68.32,58.56,-126.88,-82.96,-126.88,-151.28,-170.8,-141.52,-102.48
-19.52,-126.88,-107.36,73.2,43.92,-117.12,-87.84,-131.76,-151.28,-175.68,-146.4,-107.36
-14.64,-131.76,-117.12,73.2,48.8,-126.88,-87.84,-131.76,-146.4,-180.56,-141.52,-107.36
0,-126.88,-126.88,63.44,63.44,-126.88,-87.84,-131.76,-141.52,-180.56,-141.52,-107.36
-9.76,-136.64,-126.88,73.2,58.56,-131.76,-87.84,-141.52,-156.16,-185.44,-146.4,-112.24
-14.64,-146.4,-131.76,82.96,58.56,-141.52,-92.72,-156.16,-165.92,-195.2,-156.16,-117.12
-14.64,-146.4,-131.76,82.96,58.56,-141.52,-97.6,-156.16,-170.8,-195.2,-156.16,-122
-14.64,-161.04,-146.4,87.84,63.44,-156.16,-92.72,-151.28,-170.8,-185.44,-156.16,-117.12
-9.76,-156.16,-146.4,82.96,68.32,-151.28,-87.84,-151.28,-175.68,-190.32,-156.16,-117.12
0,-141.52,-141.52,73.2,68.32,-141.52,-97.6,-156.16,-180.56,-200.08,-165.92,-126.88
-9.76,-156.16,-146.4,82.96,68.32,-151.28,-102.48,-165.92,-175.68,-200.08,-161.04,-126.88
-24.4,-170.8,-146.4,97.6,58.56,-161.04,-97.6,-161.04,-165.92,-200.08,-161.04,-126.88
-29.28,-165.92,-136.64,97.6,53.68,-151.28,-97.6,-161.04,-170.8,-209.84,-161.04,-126.88
-19.52,-146.4,-126.88,82.96,53.68,-136.64,-97.6,-156.16,-165.92,-200.08,-151.28,-131.76
-43.92,-180.56,-136.64,112.24,43.92,-161.04,-102.48,-161.04,-170.8,-195.2,-151.28,-131.76
-34.16,-175.68,-141.52,107.36,53.68,-161.04,-102.48,-156.16,-170.8,-195.2,-161.04,-131.76
-9.76,-146.4,-136.64,78.08,63.44,-141.52,-97.6,-151.28,-165.92,-190.32,-165.92,-122
-19.52,-156.16,-136.64,87.84,58.56,-146.4,-92.72,-156.16,-165.92,-185.44,-161.04,-117.12
-68.32,-180.56,-112.24,126.88,19.52,-146.4,-102.48,-165.92,-175.68,-200.08,-165.92,-126.88
-63.44,-170.8,-107.36,117.12,19.52,-141.52,-102.48,-161.04,-175.68,-200.08,-180.56,-122
-29.28,-131.76,-102.48,82.96,34.16,-117.12,-97.6,-151.28,-165.92,-190.32,-175.68,-107.36
-19.52,-136.64,-117.12,78.08,48.8,-126.88,-87.84,-136.64,-156.16,-180.56,-156.16,-97.6
-24.4,-161.04,-136.64,92.72,53.68,-151.28,-97.6,-141.52,-161.04,-200.08,-165.92,-102.48
-14.64,-141.52,-126.88,78.08,53.68,-136.64,-112.24,-151.28,-165.92,-204.96,-175.68,-112.24
14.64,-126.88,-141.52,58.56,78.08,-136.64,-97.6,-136.64,-151.28,-185.44,-156.16,-87.84
4.88,-126.88,-131.76,63.44,68.32,-131.76,-102.48,-141.52,-151.28,-185.44,-161.04,-92.72
-9.76,-141.52,-131.76,78.08,58.56,-136.64,-112.24,-156.16,-161.04,-190.32,-165.92,-107.36
4.88,-131.76,-136.64,63.44,68.32,-136.64,-107.36,-151.28,-165.92,-180.56,-156.16,-107.36
9.76,-117.12,-126.88,53.68,68.32,-122,-102.48,-141.52,-161.04,-175.68,-146.4,-107.36
-4.88,-122,-117.12,63.44,53.68,-122,-117.12,-146.4,-165.92,-190.32,-151.28,-122
-9.76,-136.64,-126.88,73.2,58.56,-131.76,-117.12,-146.4,-165.92,-190.32,-156.16,-131.76
-9.76,-156.16,-146.4,82.96,68.32,-151.28,-122,-146.4,-165.92,-190.32,-156.16,-126.88
-14.64,-175.68,-161.04,97.6,73.2,-170.8,-126.88,-146.4,-156.16,-195.2,-161.04,-117.12
-9.76,-170.8,-161.04,92.72,73.2,-165.92,-126.88,-151.28,-156.16,-195.2,-170.8,-122
-39.04,-195.2,-156.16,117.12,58.56,-175.68,-126.88,-165.92,-165.92,-195.2,-165.92,-126.88
-24.4,-170.8,-146.4,97.6,58.56,-161.04,-117.12,-156.16,-151.28,-180.56,-156.16,-107.36
-4.88,-131.76,-126.88,68.32,58.56,-131.76,-117.12,-156.16,-151.28,-180.56,-151.28,-97.6
-9.76,-136.64,-126.88,73.2,58.56,-131.76,-112.24,-151.28,-156.16,-170.8,-146.4,-92.72
0,-131.76,-131.76,68.32,63.44,-131.76,-117.12,-151.28,-161.04,-175.68,-151.28,-82.96
-29.28,-151.28,-122,92.72,43.92,-136.64,-131.76,-156.16,-161.04,-185.44,-156.16,-87.84
-29.28,-165.92,-136.64,97.6,53.68,-151.28,-141.52,-161.04,-165.92,-185.44,-156.16,-87.84
-24.4,-170.8,-146.4,97.6,58.56,-161.04,-141.52,-156.16,-161.04,-185.44,-151.28,-87.84
-19.52,-161.04,-141.52,92.72,58.56,-151.28,-146.4,-161.04,-161.04,-190.32,-146.4,-92.72
-14.64,-151.28,-136.64,82.96,58.56,-146.4,-156.16,-175.68,-165.92,-195.2,-151.28,-102.48
4.88,-146.4,-151.28,73.2,78.08,-151.28,-141.52,-161.04,-151.28,-175.68,-131.76,-82.96
24.4,-141.52,-165.92,58.56,92.72,-156.16,-126.88,-151.28,-141.52,-165.92,-117.12,-73.2
9.76,-156.16,-165.92,73.2,87.84,-161.04,-141.52,-165.92,-151.28,-170.8,-131.76,-73.2
4.88,-151.28,-156.16,73.2,78.08,-156.16,-151.28,-170.8,-161.04,-170.8,-141.52,-82.96
4.88,-136.64,-141.52,68.32,73.2,-141.52,-156.16,-180.56,-175.68,-180.56,-146.4,-87.84
-14.64,-161.04,-146.4,87.84,63.44,-156.16,-156.16,-170.8,-170.8,-180.56,-136.64,-82.96
-19.52,-175.68,-156.16,97.6,68.32,-165.92,-156.16,-170.8,-175.68,-180.56,-136.64,-87.84
0,-146.4,-146.4,73.2,73.2,-146.4,-165.92,-175.68,-175.68,-185.44,-136.64,-82.96
0,-161.04,-161.04,82.96,78.08,-161.04,-165.92,-175.68,-170.8,-190.32,-131.76,-87.84
9.76,-170.8,-180.56,82.96,92.72,-175.68,-165.92,-175.68,-165.92,-170.8,-131.76,-82.96
4.88,-156.16,-161.04,78.08,82.96,-161.04,-175.68,-185.44,-175.68,-185.44,-136.64,-92.72
0,-141.52,-141.52,73.2,68.32,-141.52,-185.44,-200.08,-185.44,-190.32,-146.4,-97.6
9.76,-141.52,-151.28,68.32,78.08,-146.4,-170.8,-185.44,-175.68,-180.56,-131.76,-87.84
-4.88,-165.92,-161.04,87.84,78.08,-165.92,-165.92,-190.32,-185.44,-185.44,-146.4,-87.84
0,-161.04,-161.04,82.96,78.08,-161.04,-165.92,-195.2,-195.2,-195.2,-165.92,-87.84
9.76,-131.76,-141.52,63.44,73.2,-136.64,-170.8,-190.32,-190.32,-195.2,-161.04,-82.96
4.88,-131.76,-136.64,63.44,68.32,-136.64,-161.04,-180.56,-180.56,-185.44,-141.52,-78.08
0,-146.4,-146.4,73.2,73.2,-146.4,-161.04,-175.68,-180.56,-180.56,-136.64,-73.2
14.64,-146.4,-161.04,68.32,87.84,-156.16,-175.68,-175.68,-180.56,-185.44,-141.52,-82.96
0,-161.04,-161.04,82.96,78.08,-161.04,-190.32,-195.2,-190.32,-200.08,-156.16,-102.48
4.88,-185.44,-190.32,92.72,97.6,-190.32,-175.68,-185.44,-185.44,-190.32,-146.4,-87.84
19.52,-185.44,-204.96,82.96,112.24,-195.2,-165.92,-180.56,-180.56,-190.32,-141.52,-92.72
19.52,-165.92,-185.44,73.2,102.48,-175.68,-170.8,-190.32,-190.32,-190.32,-141.52,-92.72
9.76,-175.68,-185.44,82.96,97.6,-180.56,-170.8,-190.32,-195.2,-195.2,-151.28,-87.84
-19.52,-190.32,-170.8,107.36,73.2,-180.56,-175.68,-190.32,-200.08,-200.08,-151.28,-97.6
-14.64,-170.8,-156.16,92.72,68.32,-165.92,-170.8,-185.44,-195.2,-200.08,-146.4,-107.36
0,-151.28,-151.28,78.08,73.2,-151.28,-165.92,-190.32,-200.08,-195.2,-136.64,-112.24
4.88,-151.28,-156.16,73.2,78.08,-156.16,-165.92,-180.56,-190.32,-195.2,-141.52,-112.24
4.88,-175.68,-180.56,87.84,92.72,-180.56,-165.92,-180.56,-190.32,-204.96,-165.92,-107.36
4.88,-180.56,-185.44,87.84,92.72,-185.44,-156.16,-175.68,-180.56,-195.2,-170.8,-97.6
4.88,-180.56,-185.44,87.84,92.72,-185.44,-156.16,-180.56,-190.32,-200.08,-161.04,-97.6
0,-170.8,-170.8,87.84,82.96,-170.8,-156.16,-185.44,-195.2,-204.96,-165.92,-102.48
0,-175.68,-175.68,87.84,87.84,-175.68,-151.28,-175.68,-185.44,-200.08,-151.28,-92.72
19.52,-161.04,-180.56,73.2,97.6,-170.8,-146.4,-175.68,-195.2,-195.2,-141.52,-87.84
19.52,-161.04,-180.56,73.2,97.6,-170.8,-136.64,-170.8,-185.44,-185.44,-126.88,-73.2
24.4,-170.8,-195.2,73.2,107.36,-185.44,-141.52,-175.68,-190.32,-190.32,-131.76,-82.96
9.76,-161.04,-170.8,78.08,87.84,-165.92,-151.28,-185.44,-204.96,-204.96,-146.4,-92.72
-9.76,-190.32,-180.56,102.48,82.96,-185.44,-146.4,-175.68,-195.2,-200.08,-146.4,-82.96
-14.64,-170.8,-156.16,92.72,68.32,-165.92,-161.04,-190.32,-204.96,-219.6,-165.92,-107.36
-9.76,-180.56,-170.8,97.6,78.08,-175.68,-165.92,-200.08,-214.72,-229.36,-175.68,-126.88
-24.4,-214.72,-190.32,122,82.96,-204.96,-161.04,-190.32,-204.96,-209.84,-161.04,-117.12
-19.52,-229.36,-209.84,126.88,92.72,-219.6,-151.28,-180.56,-195.2,-204.96,-161.04,-107.36
-34.16,-214.72,-180.56,126.88,73.2,-200.08,-156.16,-190.32,-204.96,-209.84,-165.92,-107.36
-58.56,-219.6,-161.04,141.52,48.8,-190.32,-156.16,-195.2,-214.72,-214.72,-165.92,-107.36
-53.68,-204.96,-151.28,131.76,48.8,-180.56,-151.28,-195.2,-214.72,-219.6,-165.92,-107.36
-19.52,-175.68,-156.16,97.6,68.32,-165.92,-156.16,-185.44,-214.72,-214.72,-170.8,-117.12
0,-170.8,-170.8,87.84,82.96,-170.8,-141.52,-175.68,-200.08,-204.96,-156.16,-102.48
0,-175.68,-175.68,87.84,87.84,-175.68,-141.52,-175.68,-200.08,-209.84,-161.04,-107.36
-4.88,-180.56,-175.68,92.72,82.96,-180.56,-156.16,-185.44,-204.96,-219.6,-165.92,-112.24
4.88,-175.68,-180.56,87.84,92.72,-180.56,-151.28,-180.56,-195.2,-204.96,-151.28,-107.36
14.64,-170.8,-185.44,78.08,97.6,-180.56,-146.4,-175.68,-195.2,-214.72,-146.4,-107.36
0,-175.68,-175.68,87.84,87.84,-175.68,-151.28,-185.44,-204.96,-214.72,-156.16,-117.12
-14.64,-200.08,-185.44,107.36,82.96,-195.2,-151.28,-195.2,-214.72,-214.72,-170.8,-122
-14.64,-195.2,-180.56,107.36,82.96,-190.32,-151.28,-195.2,-214.72,-209.84,-185.44,-117.12
-19.52,-190.32,-170.8,107.36,73.2,-180.56,-146.4,-190.32,-219.6,-209.84,-180.56,-107.36
-9.76,-200.08,-190.32,107.36,87.84,-195.2,-141.52,-185.44,-209.84,-209.84,-161.04,-102.48
-4.88,-195.2,-190.32,102.48,92.72,-195.2,-141.52,-185.44,-209.84,-209.84,-156.16,-107.36
0,-190.32,-190.32,97.6,92.72,-190.32,-146.4,-185.44,-209.84,-209.84,-161.04,-117.12
4.88,-185.44,-190.32,92.72,97.6,-190.32,-141.52,-175.68,-200.08,-209.84,-156.16,-112.24
0,-195.2,-195.2,97.6,97.6,-195.2,-146.4,-180.56,-204.96,-209.84,-165.92,-112.24
-24.4,-209.84,-185.44,117.12,78.08,-200.08,-156.16,-195.2,-214.72,-219.6,-185.44,-112.24
-34.16,-219.6,-185.44,126.88,73.2,-204.96,-156.16,-195.2,-214.72,-224.48,-180.56,-112.24
-19.52,-214.72,-195.2,117.12,87.84,-204.96,-146.4,-190.32,-204.96,-214.72,-170.8,-112.24
-9.76,-204.96,-195.2,107.36,92.72,-200.08,-146.4,-190.32,-214.72,-204.96,-170.8,-112.24
-34.16,-229.36,-195.2,131.76,78.08,-214.72,-151.28,-195.2,-234.24,-219.6,-175.68,-122
-29.28,-224.48,-195.2,126.88,82.96,-209.84,-151.28,-190.32,-224.48,-219.6,-175.68,-126.88
-29.28,-229.36,-200.08,131.76,82.96,-214.72,-146.4,-185.44,-214.72,-209.84,-170.8,-122
-24.4,-204.96,-180.56,117.12,78.08,-195.2,-141.52,-185.44,-219.6,-219.6,-185.44,-126.88
-4.88,-165.92,-161.04,87.84,78.08,-165.92,-141.52,-180.56,-209.84,-219.6,-175.68,-122
0,-161.04,-161.04,82.96,78.08,-161.04,-136.64,-175.68,-200.08,-204.96,-165.92,-112.24
43.92,-122,-165.92,39.04,102.48,-146.4,-126.88,-165.92,-195.2,-200.08,-156.16,-107.36
34.16,-141.52,-175.68,53.68,102.48,-161.04,-126.88,-161.04,-190.32,-195.2,-151.28,-102.48
24.4,-151.28,-175.68,63.44,97.6,-165.92,-131.76,-161.04,-195.2,-195.2,-151.28,-107.36
24.4,-170.8,-195.2,73.2,107.36,-185.44,-117.12,-156.16,-185.44,-180.56,-141.52,-92.72
9.76,-165.92,-175.68,78.08,92.72,-170.8,-107.36,-161.04,-180.56,-180.56,-131.76,-92.72
-4.88,-136.64,-131.76,73.2,63.44,-136.64,-122,-170.8,-190.32,-190.32,-146.4,-97.6
-9.76,-131.76,-122,73.2,53.68,-126.88,-112.24,-165.92,-190.32,-185.44,-146.4,-102.48
-4.88,-136.64,-131.76,73.2,63.44,-136.64,-102.48,-161.04,-185.44,-180.56,-146.4,-107.36
4.88,-117.12,-122,58.56,63.44,-122,-102.48,-161.04,-180.56,-190.32,-146.4,-112.24
0,-107.36,-107.36,53.68,53.68,-107.36,-102.48,-161.04,-180.56,-190.32,-146.4,-117.12
-14.64,-126.88,-112.24,73.2,48.8,-122,-92.72,-156.16,-180.56,-185.44,-131.76,-102.48
-9.76,-122,-112.24,68.32,48.8,-117.12,-97.6,-161.04,-175.68,-180.56,-126.88,-107.36
4.88,-126.88,-131.76,63.44,68.32,-131.76,-92.72,-156.16,-165.92,-170.8,-107.36,-102.48
14.64,-92.72,-107.36,39.04,58.56,-102.48,-97.6,-156.16,-185.44,-175.68,-112.24,-107.36
14.64,-78.08,-92.72,34.16,53.68,-87.84,-107.36,-161.04,-180.56,-175.68,-117.12,-112.24
9.76,-53.68,-63.44,24.4,34.16,-58.56,-112.24,-151.28,-170.8,-170.8,-112.24,-107.36
19.52,-29.28,-48.8,4.88,34.16,-39.04,-122,-146.4,-165.92,-165.92,-122,-97.6
29.28,-14.64,-43.92,-4.88,34.16,-29.28,-136.64,-146.4,-170.8,-170.8,-136.64,-87.84
48.8,14.64,-34.16,-29.28,39.04,-9.76,-156.16,-161.04,-170.8,-175.68,-126.88,-92.72
48.8,14.64,-34.16,-29.28,39.04,-9.76,-165.92,-180.56,-175.68,-185.44,-131.76,-102.48
14.64,-24.4,-39.04,4.88,24.4,-34.16,-175.68,-200.08,-200.08,-200.08,-151.28,-117.12
4.88,-53.68,-58.56,24.4,29.28,-58.56,-175.68,-200.08,-204.96,-204.96,-151.28,-117.12
19.52,-34.16,-53.68,9.76,34.16,-43.92,-170.8,-200.08,-214.72,-204.96,-151.28,-117.12
19.52,-39.04,-58.56,9.76,39.04,-48.8,-175.68,-209.84,-219.6,-200.08,-156.16,-117.12
48.8,-29.28,-78.08,-9.76,63.44,-53.68,-175.68,-204.96,-214.72,-204.96,-141.52,-112.24
29.28,-48.8,-78.08,9.76,53.68,-63.44,-190.32,-209.84,-229.36,-214.72,-151.28,-122
0,-82.96,-82.96,43.92,39.04,-82.96,-200.08,-224.48,-239.12,-224.48,-156.16,-136.64
0,-68.32,-68.32,34.16,34.16,-68.32,-195.2,-224.48,-234.24,-219.6,-156.16,-136.64
-4.88,-63.44,-58.56,34.16,24.4,-63.44,-195.2,-219.6,-229.36,-224.48,-161.04,-136.64
4.88,-63.44,-68.32,29.28,34.16,-68.32,-185.44,-214.72,-224.48,-229.36,-170.8,-126.88
4.88,-92.72,-97.6,43.92,48.8,-97.6,-185.44,-224.48,-234.24,-234.24,-190.32,-126.88
0,-102.48,-102.48,53.68,48.8,-102.48,-204.96,-239.12,-248.88,-244,-214.72,-136.64
9.76,-92.72,-102.48,43.92,53.68,-97.6,-200.08,-239.12,-253.76,-253.76,-214.72,-146.4
-29.28,-112.24,-82.96,73.2,24.4,-97.6,-200.08,-244,-263.52,-258.64,-209.84,-156.16
-48.8,-122,-73.2,87.84,9.76,-97.6,-200.08,-248.88,-268.4,-263.52,-209.84,-161.04
-34.16,-102.48,-68.32,68.32,14.64,-87.84,-200.08,-244,-273.28,-258.64,-209.84,-165.92
-29.28,-112.24,-82.96,73.2,24.4,-97.6,-195.2,-244,-268.4,-248.88,-204.96,-156.16
0,-102.48,-102.48,53.68,48.8,-102.48,-190.32,-239.12,-258.64,-248.88,-204.96,-146.4
-4.88,-112.24,-107.36,58.56,48.8,-112.24,-195.2,-244,-263.52,-258.64,-204.96,-146.4
-29.28,-141.52,-112.24,87.84,39.04,-126.88,-200.08,-244,-263.52,-263.52,-219.6,-156.16
-48.8,-146.4,-97.6,97.6,24.4,-122,-190.32,-239.12,-268.4,-253.76,-209.84,-151.28
-39.04,-141.52,-102.48,92.72,29.28,-122,-200.08,-258.64,-268.4,-263.52,-214.72,-165.92
-39.04,-136.64,-97.6,87.84,29.28,-117.12,-204.96,-268.4,-278.16,-268.4,-224.48,-185.44
-39.04,-131.76,-92.72,87.84,24.4,-112.24,-204.96,-263.52,-273.28,-263.52,-229.36,-195.2
-58.56,-161.04,-102.48,112.24,19.52,-131.76,-209.84,-268.4,-278.16,-273.28,-234.24,-200.08
-58.56,-165.92,-107.36,112.24,24.4,-136.64,-200.08,-258.64,-278.16,-263.52,-229.36,-185.44
-19.52,-126.88,-107.36,73.2,43.92,-117.12,-195.2,-253.76,-278.16,-263.52,-219.6,-165.92
-39.04,-141.52,-102.48,92.72,29.28,-122,-204.96,-268.4,-287.92,-278.16,-229.36,-180.56
-53.68,-175.68,-122,117.12,34.16,-151.28,-204.96,-263.52,-283.04,-273.28,-229.36,-180.56
-53.68,-180.56,-126.88,117.12,34.16,-156.16,-214.72,-258.64,-283.04,-268.4,-224.48,-190.32
-53.68,-165.92,-112.24,112.24,29.28,-141.52,-209.84,-253.76,-278.16,-263.52,-219.6,-190.32
-43.92,-146.4,-102.48,97.6,29.28,-126.88,-204.96,-258.64,-273.28,-258.64,-219.6,-185.44
-34.16,-136.64,-102.48,87.84,34.16,-122,-209.84,-263.52,-278.16,-258.64,-219.6,-185.44
-29.28,-136.64,-107.36,82.96,39.04,-122,-209.84,-268.4,-283.04,-268.4,-224.48,-185.44
-34.16,-151.28,-117.12,92.72,39.04,-136.64,-200.08,-258.64,-287.92,-268.4,-239.12,-170.8
-43.92,-170.8,-126.88,107.36,39.04,-151.28,-209.84,-258.64,-292.8,-278.16,-258.64,-170.8
-63.44,-195.2,-131.76,131.76,34.16,-165.92,-219.6,-263.52,-297.68,-287.92,-248.88,-185.44
-58.56,-190.32,-131.76,126.88,34.16,-161.04,-209.84,-258.64,-283.04,-273.28,-239.12,-180.56
-68.32,-170.8,-102.48,122,14.64,-136.64,-200.08,-244,-278.16,-273.28,-234.24,-180.56
-53.68,-151.28,-97.6,102.48,19.52,-126.88,-190.32,-239.12,-273.28,-263.52,-239.12,-180.56
-68.32,-175.68,-107.36,122,19.52,-141.52,-175.68,-234.24,-268.4,-258.64,-239.12,-180.56
-73.2,-170.8,-97.6,122,9.76,-136.64,-170.8,-229.36,-258.64,-263.52,-244,-185.44
-53.68,-161.04,-107.36,107.36,24.4,-136.64,-156.16,-209.84,-253.76,-253.76,-239.12,-185.44
-58.56,-175.68,-117.12,117.12,29.28,-146.4,-131.76,-200.08,-248.88,-248.88,-239.12,-195.2
-58.56,-170.8,-112.24,117.12,24.4,-141.52,-102.48,-175.68,-234.24,-248.88,-244,-200.08
-73.2,-175.68,-102.48,126.88,14.64,-141.52,-68.32,-141.52,-219.6,-248.88,-253.76,-214.72
-102.48,-200.08,-97.6,151.28,-4.88,-151.28,-24.4,-97.6,-200.08,-253.76,-278.16,-239.12
-122,-239.12,-117.12,180.56,-4.88,-180.56,24.4,-24.4,-165.92,-253.76,-297.68,-263.52
-107.36,-258.64,-151.28,185.44,19.52,-204.96,92.72,73.2,-107.36,-244,-312.32,-297.68
-82.96,-248.88,-165.92,165.92,39.04,-209.84,156.16,195.2,-24.4,-214.72,-331.84,-322.08
-43.92,-234.24,-190.32,141.52,73.2,-214.72,224.48,341.6,82.96,-175.68,-346.48,-336.72
-29.28,-248.88,-219.6,141.52,92.72,-234.24,292.8,531.92,219.6,-117.12,-356.24,-346.48
-4.88,-224.48,-219.6,117.12,107.36,-224.48,380.64,771.04,395.28,-29.28,-351.36,-361.12
29.28,-180.56,-209.84,78.08,117.12,-195.2,507.52,1083.36,629.52,87.84,-322.08,-356.24
73.2,-131.76,-204.96,29.28,136.64,-170.8,673.44,1410.32,873.52,234.24,-278.16,-341.6
146.4,-48.8,-195.2,-48.8,170.8,-122,766.16,1590.88,1078.48,400.16,-190.32,-258.64
229.36,39.04,-190.32,-131.76,209.84,-78.08,790.56,1634.8,1210.24,570.96,-29.28,-131.76
326.96,190.32,-136.64,-258.64,229.36,24.4,795.44,1571.36,1302.96,785.68,200.08,43.92
395.28,356.24,-39.04,-375.76,214.72,156.16,790.56,1356.64,1293.2,990.64,448.96,229.36
448.96,527.04,78.08,-488,185.44,302.56,717.36,1010.16,1166.32,1166.32,761.28,483.12
522.16,722.24,200.08,-619.76,161.04,458.72,629.52,624.64,966.24,1332.24,1107.76,780.8
570.96,985.76,414.8,-775.92,78.08,697.84,575.84,195.2,775.92,1532.32,1473.76,1083.36
541.68,1312.72,771.04,-927.2,-117.12,1039.44,536.8,-263.52,614.88,1761.68,1834.88,1376.16
434.32,1634.8,1200.48,-1034.56,-385.52,1415.2,546.56,-746.64,414.8,1966.64,2156.96,1639.68
307.44,1873.92,1566.48,-1088.24,-629.52,1717.76,575.84,-1200.48,209.84,2113.04,2391.2,1825.12
209.84,1952,1742.16,-1078.48,-766.16,1844.64,639.28,-1459.12,63.44,2200.88,2522.96,1927.6
151.28,1830,1678.72,-990.64,-766.16,1751.92,722.24,-1605.52,-14.64,2166.72,2454.64,1859.28
87.84,1595.76,1507.92,-839.36,-712.48,1551.84,751.52,-1698.24,-209.84,1854.4,2137.44,1644.56
-19.52,1342,1361.52,-658.8,-692.96,1351.76,590.48,-1795.84,-492.88,1381.04,1649.44,1337.12
-204.96,1005.28,1210.24,-400.16,-707.6,1107.76,312.32,-1888.56,-849.12,717.36,1005.28,936.96
-336.72,717.36,1054.08,-190.32,-697.84,883.28,-107.36,-1952,-1195.6,-43.92,312.32,522.16
-375.76,497.76,873.52,-58.56,-624.64,683.2,-561.2,-1942.24,-1327.36,-448.96,-117.12,214.72
-414.8,253.76,668.56,82.96,-541.68,458.72,-697.84,-1771.44,-1239.52,-502.64,-273.28,9.76
-385.52,141.52,527.04,122,-458.72,331.84,-819.84,-1620.16,-1117.52,-439.2,-278.16,-58.56
-336.72,107.36,444.08,117.12,-390.4,273.28,-961.36,-1532.32,-1049.2,-478.24,-302.56,-92.72
-307.44,4.88,312.32,151.28,-312.32,156.16,-946.72,-1400.56,-1039.44,-614.88,-361.12,-170.8
-283.04,-73.2,209.84,180.56,-248.88,68.32,-844.24,-1185.84,-936.96,-644.16,-375.76,-195.2
-224.48,-58.56,165.92,141.52,-195.2,53.68,-800.32,-980.88,-775.92,-541.68,-331.84,-180.56
-209.84,-63.44,146.4,136.64,-180.56,39.04,-712.48,-805.2,-634.4,-434.32,-283.04,-165.92
-200.08,-92.72,107.36,146.4,-156.16,4.88,-610,-663.68,-517.28,-361.12,-244,-156.16
-185.44,-73.2,112.24,131.76,-151.28,19.52,-512.4,-551.44,-439.2,-312.32,-234.24,-146.4
-131.76,-43.92,87.84,87.84,-112.24,19.52,-405.04,-424.56,-346.48,-244,-204.96,-117.12
-87.84,-43.92,43.92,68.32,-68.32,0,-292.8,-302.56,-229.36,-175.68,-165.92,-87.84
-48.8,-73.2,-24.4,63.44,-14.64,-48.8,-180.56,-170.8,-131.76,-122,-136.64,-82.96
-34.16,-78.08,-43.92,58.56,4.88,-63.44,-117.12,-107.36,-78.08,-87.84,-122,-78.08
-34.16,-87.84,-53.68,63.44,9.76,-73.2,-97.6,-92.72,-63.44,-87.84,-122,-82.96
-39.04,-107.36,-68.32,73.2,14.64,-87.84,-97.6,-78.08,-63.44,-92.72,-122,-82.96
-29.28,-102.48,-73.2,68.32,19.52,-87.84,-92.72,-73.2,-73.2,-97.6,-131.76,-87.84
-39.04,-117.12,-78.08,78.08,19.52,-97.6,-97.6,-82.96,-78.08,-102.48,-136.64,-102.48
-43.92,-126.88,-82.96,87.84,19.52,-107.36,-92.72,-68.32,-78.08,-107.36,-136.64,-102.48
-53.68,-122,-68.32,87.84,4.88,-97.6,-107.36,-58.56,-82.96,-122,-151.28,-117.12
-58.56,-146.4,-87.84,102.48,14.64,-117.12,-102.48,-48.8,-82.96,-122,-156.16,-122
-43.92,-136.64,-92.72,92.72,24.4,-117.12,-102.48,-43.92,-68.32,-126.88,-165.92,-122
-34.16,-131.76,-97.6,82.96,29.28,-117.12,-107.36,-39.04,-58.56,-136.64,-170.8,-126.88
-24.4,-136.64,-112.24,82.96,43.92,-126.88,-92.72,-29.28,-53.68,-122,-161.04,-117.12
-14.64,-131.76,-117.12,73.2,48.8,-126.88,-87.84,-34.16,-48.8,-117.12,-151.28,-117.12
-29.28,-146.4,-117.12,87.84,43.92,-131.76,-78.08,-14.64,-34.16,-107.36,-141.52,-107.36
-34.16,-146.4,-112.24,92.72,39.04,-131.76,-68.32,-4.88,-34.16,-97.6,-131.76,-102.48
-43.92,-122,-78.08,82.96,14.64,-102.48,-78.08,-19.52,-48.8,-107.36,-141.52,-112.24
-48.8,-141.52,-92.72,97.6,19.52,-117.12,-82.96,-9.76,-43.92,-107.36,-146.4,-112.24
-29.28,-136.64,-107.36,82.96,39.04,-122,-78.08,4.88,-34.16,-97.6,-136.64,-107.36
-24.4,-122,-97.6,73.2,34.16,-112.24,-73.2,4.88,-34.16,-102.48,-146.4,-102.48
-24.4,-126.88,-102.48,78.08,39.04,-117.12,-73.2,4.88,-24.4,-102.48,-146.4,-112.24
-14.64,-122,-107.36,68.32,43.92,-117.12,-73.2,19.52,-14.64,-97.6,-146.4,-107.36
-4.88,-112.24,-107.36,58.56,48.8,-112.24,-73.2,14.64,-14.64,-97.6,-131.76,-102.48
0,-122,-122,63.44,58.56,-122,-73.2,9.76,-9.76,-92.72,-131.76,-107.36
-19.52,-122,-102.48,73.2,39.04,-112.24,-73.2,14.64,-4.88,-82.96,-117.12,-107.36
0,-97.6,-97.6,48.8,48.8,-97.6,-63.44,29.28,0,-68.32,-97.6,-92.72
29.28,-63.44,-92.72,19.52,58.56,-78.08,-58.56,29.28,4.88,-58.56,-82.96,-82.96
-4.88,-92.72,-87.84,48.8,39.04,-92.72,-53.68,39.04,14.64,-43.92,-87.84,-82.96
-9.76,-107.36,-97.6,58.56,43.92,-102.48,-48.8,58.56,19.52,-39.04,-102.48,-78.08
-4.88,-87.84,-82.96,48.8,39.04,-87.84,-43.92,58.56,19.52,-39.04,-107.36,-68.32
-24.4,-112.24,-87.84,68.32,29.28,-102.48,-53.68,58.56,29.28,-53.68,-107.36,-78.08
-19.52,-131.76,-112.24,78.08,43.92,-122,-58.56,63.44,34.16,-58.56,-112.24,-78.08
-19.52,-117.12,-97.6,68.32,39.04,-107.36,-58.56,58.56,24.4,-63.44,-131.76,-78.08
-9.76,-92.72,-82.96,53.68,34.16,-87.84,-53.68,53.68,29.28,-63.44,-131.76,-78.08
9.76,-92.72,-102.48,43.92,53.68,-97.6,-48.8,63.44,43.92,-48.8,-117.12,-78.08
4.88,-112.24,-117.12,53.68,58.56,-117.12,-39.04,73.2,43.92,-29.28,-97.6,-63.44
0,-82.96,-82.96,43.92,39.04,-82.96,-39.04,78.08,53.68,-24.4,-87.84,-63.44
9.76,-63.44,-73.2,29.28,39.04,-68.32,-29.28,87.84,63.44,-14.64,-73.2,-63.44
4.88,-87.84,-92.72,43.92,48.8,-92.72,-24.4,102.48,73.2,-4.88,-63.44,-53.68
9.76,-82.96,-92.72,39.04,48.8,-87.84,-19.52,107.36,82.96,4.88,-58.56,-48.8
0,-68.32,-68.32,34.16,34.16,-68.32,-29.28,102.48,82.96,-9.76,-73.2,-63.44
4.88,-68.32,-73.2,34.16,39.04,-73.2,-34.16,112.24,92.72,-4.88,-68.32,-68.32
0,-82.96,-82.96,43.92,39.04,-82.96,-19.52,112.24,97.6,0,-63.44,-58.56
-4.88,-82.96,-78.08,43.92,34.16,-82.96,-4.88,117.12,117.12,19.52,-53.68,-43.92
-9.76,-73.2,-63.44,43.92,24.4,-68.32,0,131.76,131.76,29.28,-68.32,-34.16
-4.88,-63.44,-58.56,34.16,24.4,-63.44,-9.76,126.88,117.12,19.52,-78.08,-34.16
-19.52,-73.2,-53.68,48.8,14.64,-63.44,-4.88,126.88,117.12,24.4,-63.44,-24.4
-9.76,-58.56,-48.8,34.16,19.52,-53.68,-4.88,136.64,131.76,29.28,-58.56,-29.28
4.88,-48.8,-53.68,24.4,29.28,-53.68,9.76,161.04,146.4,48.8,-29.28,-19.52
-4.88,-63.44,-58.56,34.16,24.4,-63.44,14.64,170.8,156.16,58.56,-29.28,-19.52
-4.88,-68.32,-63.44,39.04,29.28,-68.32,19.52,180.56,170.8,63.44,-24.4,-14.64
0,-53.68,-53.68,29.28,24.4,-53.68,9.76,175.68,170.8,58.56,-34.16,-29.28
-14.64,-68.32,-53.68,43.92,19.52,-63.44,24.4,185.44,185.44,73.2,-24.4,-24.4
-4.88,-63.44,-58.56,34.16,24.4,-63.44,29.28,190.32,190.32,78.08,-24.4,-24.4
-24.4,-73.2,-48.8,48.8,9.76,-63.44,29.28,200.08,200.08,87.84,-19.52,-24.4
0,-48.8,-48.8,24.4,24.4,-48.8,39.04,214.72,204.96,97.6,0,-9.76
14.64,-24.4,-39.04,4.88,24.4,-34.16,48.8,219.6,209.84,112.24,4.88,-4.88
34.16,-4.88,-39.04,-14.64,34.16,-24.4,53.68,229.36,224.48,126.88,9.76,4.88
43.92,19.52,-24.4,-29.28,34.16,-4.88,63.44,258.64,239.12,131.76,24.4,24.4
34.16,14.64,-19.52,-24.4,24.4,-4.88,63.44,263.52,248.88,141.52,24.4,24.4
29.28,0,-29.28,-14.64,29.28,-14.64,73.2,283.04,273.28,146.4,39.04,34.16
24.4,-4.88,-29.28,-9.76,24.4,-19.52,82.96,292.8,287.92,156.16,39.04,29.28
24.4,4.88,-19.52,-14.64,19.52,-9.76,92.72,302.56,292.8,170.8,48.8,29.28
39.04,14.64,-24.4,-24.4,29.28,-4.88,112.24,322.08,322.08,190.32,68.32,43.92
48.8,19.52,-29.28,-34.16,39.04,-4.88,136.64,341.6,336.72,209.84,82.96,63.44
43.92,39.04,-4.88,-39.04,24.4,14.64,141.52,356.24,346.48,219.6,97.6,73.2
34.16,39.04,4.88,-34.16,14.64,19.52,146.4,361.12,341.6,224.48,112.24,73.2
9.76,14.64,4.88,-9.76,0,9.76,146.4,370.88,351.36,224.48,112.24,58.56
29.28,34.16,4.88,-29.28,9.76,19.52,165.92,400.16,370.88,244,136.64,63.44
58.56,68.32,9.76,-63.44,24.4,39.04,180.56,419.68,385.52,268.4,156.16,73.2
53.68,63.44,9.76,-58.56,19.52,34.16,190.32,439.2,409.92,268.4,151.28,78.08
63.44,82.96,19.52,-73.2,19.52,48.8,195.2,453.84,419.68,273.28,131.76,82.96
58.56,92.72,34.16,-73.2,9.76,63.44,214.72,468.48,429.44,278.16,122,107.36
73.2,112.24,39.04,-92.72,14.64,73.2,229.36,478.24,448.96,297.68,146.4,126.88
82.96,107.36,24.4,-92.72,29.28,63.44,253.76,507.52,473.36,317.2,185.44,141.52
63.44,122,58.56,-92.72,0,87.84,263.52,527.04,478.24,326.96,195.2,136.64
53.68,126.88,73.2,-87.84,-9.76,97.6,278.16,546.56,488,346.48,209.84,141.52
48.8,117.12,68.32,-82.96,-9.76,92.72,297.68,575.84,502.64,361.12,219.6,151.28
43.92,131.76,87.84,-87.84,-24.4,107.36,317.2,605.12,522.16,375.76,234.24,165.92
48.8,146.4,97.6,-97.6,-24.4,122,331.84,624.64,536.8,385.52,244,175.68
48.8,161.04,112.24,-102.48,-34.16,136.64,331.84,634.4,551.44,385.52,248.88,180.56
63.44,175.68,112.24,-117.12,-24.4,141.52,351.36,658.8,566.08,395.28,258.64,195.2
63.44,170.8,107.36,-117.12,-24.4,136.64,375.76,683.2,590.48,419.68,287.92,214.72
78.08,200.08,122,-136.64,-24.4,161.04,395.28,697.84,600.24,434.32,292.8,219.6
107.36,239.12,131.76,-170.8,-14.64,185.44,429.44,722.24,624.64,458.72,307.44,234.24
87.84,224.48,136.64,-156.16,-24.4,180.56,439.2,741.76,629.52,463.6,322.08,244
48.8,209.84,161.04,-126.88,-58.56,185.44,453.84,756.4,634.4,478.24,331.84,258.64
82.96,239.12,156.16,-161.04,-39.04,195.2,473.36,780.8,649.04,488,346.48,268.4
97.6,263.52,165.92,-180.56,-34.16,214.72,488,810.08,668.56,507.52,370.88,283.04
82.96,273.28,190.32,-175.68,-53.68,229.36,507.52,829.6,678.32,517.28,380.64,283.04
73.2,287.92,214.72,-180.56,-73.2,248.88,507.52,844.24,697.84,517.28,385.52,283.04
53.68,273.28,219.6,-161.04,-82.96,244,517.28,858.88,697.84,517.28,385.52,273.28
58.56,258.64,200.08,-156.16,-73.2,229.36,541.68,883.28,712.48,536.8,405.04,292.8
63.44,287.92,224.48,-175.68,-82.96,253.76,551.44,888.16,722.24,551.44,409.92,307.44
87.84,307.44,219.6,-195.2,-68.32,263.52,580.72,912.56,746.64,566.08,419.68,331.84
87.84,317.2,229.36,-200.08,-73.2,273.28,590.48,927.2,741.76,575.84,429.44,346.48
68.32,326.96,258.64,-195.2,-97.6,292.8,600.24,936.96,736.88,575.84,444.08,351.36
73.2,322.08,248.88,-195.2,-87.84,283.04,610,951.6,751.52,590.48,453.84,351.36
73.2,326.96,253.76,-200.08,-92.72,287.92,614.88,966.24,746.64,590.48,458.72,356.24
73.2,346.48,273.28,-209.84,-102.48,307.44,619.76,971.12,751.52,595.36,458.72,356.24
73.2,341.6,268.4,-204.96,-97.6,302.56,639.28,985.76,771.04,600.24,463.6,375.76
78.08,351.36,273.28,-214.72,-97.6,312.32,629.52,976,766.16,590.48,453.84,366
82.96,356.24,273.28,-219.6,-97.6,312.32,629.52,961.36,761.28,595.36,463.6,370.88
87.84,361.12,273.28,-224.48,-92.72,317.2,614.88,941.84,751.52,595.36,478.24,366
78.08,366,287.92,-219.6,-107.36,326.96,605.12,922.32,736.88,590.48,463.6,361.12
87.84,380.64,292.8,-234.24,-102.48,336.72,590.48,902.8,722.24,580.72,468.48,361.12
78.08,380.64,302.56,-229.36,-112.24,341.6,590.48,878.4,702.72,585.6,468.48,366
73.2,366,292.8,-219.6,-112.24,326.96,566.08,854,688.08,561.2,448.96,351.36
87.84,380.64,292.8,-234.24,-102.48,336.72,556.32,839.36,668.56,556.32,448.96,356.24
78.08,361.12,283.04,-219.6,-102.48,322.08,531.92,805.2,649.04,536.8,434.32,351.36
68.32,346.48,278.16,-204.96,-107.36,312.32,507.52,775.92,634.4,527.04,414.8,336.72
63.44,341.6,278.16,-200.08,-107.36,307.44,473.36,732,595.36,492.88,390.4,302.56
14.64,273.28,258.64,-141.52,-122,263.52,434.32,673.44,551.44,448.96,346.48,273.28
-4.88,219.6,224.48,-107.36,-117.12,219.6,409.92,624.64,522.16,424.56,302.56,253.76
-4.88,219.6,224.48,-107.36,-117.12,219.6,380.64,590.48,483.12,390.4,278.16,244
0,224.48,224.48,-112.24,-112.24,224.48,351.36,536.8,439.2,361.12,263.52,219.6
14.64,219.6,204.96,-117.12,-97.6,209.84,326.96,512.4,414.8,341.6,248.88,214.72
34.16,219.6,185.44,-126.88,-78.08,200.08,307.44,478.24,385.52,317.2,229.36,200.08
48.8,219.6,170.8,-131.76,-63.44,195.2,283.04,444.08,351.36,292.8,204.96,185.44
29.28,190.32,161.04,-107.36,-68.32,175.68,258.64,409.92,317.2,258.64,175.68,161.04
9.76,161.04,151.28,-82.96,-73.2,156.16,224.48,370.88,297.68,229.36,146.4,136.64
19.52,131.76,112.24,-73.2,-48.8,122,200.08,341.6,273.28,209.84,126.88,117.12
24.4,131.76,107.36,-78.08,-43.92,117.12,175.68,307.44,244,180.56,107.36,97.6
19.52,107.36,87.84,-63.44,-34.16,97.6,156.16,258.64,209.84,146.4,87.84,73.2
9.76,87.84,78.08,-48.8,-34.16,82.96,126.88,224.48,175.68,117.12,58.56,58.56
-19.52,48.8,68.32,-14.64,-43.92,58.56,97.6,175.68,131.76,82.96,29.28,34.16
-53.68,0,53.68,29.28,-53.68,24.4,68.32,141.52,92.72,53.68,4.88,14.64
-43.92,-14.64,29.28,29.28,-39.04,4.88,58.56,117.12,68.32,34.16,-4.88,19.52
-34.16,-9.76,24.4,24.4,-29.28,4.88,43.92,102.48,53.68,14.64,-9.76,4.88
-29.28,-9.76,19.52,19.52,-24.4,4.88,39.04,82.96,39.04,4.88,-14.64,-14.64
-39.04,-24.4,14.64,34.16,-29.28,-4.88,24.4,63.44,24.4,-14.64,-29.28,-34.16
-48.8,-48.8,0,48.8,-24.4,-24.4,0,39.04,-4.88,-43.92,-63.44,-58.56
-53.68,-73.2,-19.52,63.44,-19.52,-48.8,-14.64,14.64,-29.28,-68.32,-87.84,-53.68
-39.04,-78.08,-39.04,58.56,0,-58.56,-29.28,-14.64,-43.92,-87.84,-117.12,-48.8
-34.16,-87.84,-53.68,63.44,9.76,-73.2,-34.16,-29.28,-58.56,-87.84,-126.88,-43.92
-48.8,-117.12,-68.32,82.96,9.76,-92.72,-39.04,-29.28,-68.32,-87.84,-117.12,-48.8
-68.32,-126.88,-58.56,97.6,-4.88,-92.72,-53.68,-58.56,-92.72,-107.36,-126.88,-68.32
-58.56,-117.12,-58.56,87.84,0,-87.84,-53.68,-63.44,-102.48,-107.36,-122,-63.44
-58.56,-122,-63.44,92.72,0,-92.72,-58.56,-68.32,-107.36,-112.24,-126.88,-68.32
-63.44,-107.36,-43.92,87.84,-9.76,-78.08,-78.08,-87.84,-126.88,-141.52,-146.4,-78.08
-48.8,-112.24,-63.44,82.96,4.88,-87.84,-78.08,-92.72,-122,-136.64,-146.4,-73.2
-53.68,-131.76,-78.08,92.72,9.76,-107.36,-92.72,-97.6,-122,-146.4,-156.16,-78.08
-48.8,-122,-73.2,87.84,9.76,-97.6,-97.6,-112.24,-131.76,-156.16,-165.92,-82.96
-48.8,-126.88,-78.08,87.84,14.64,-102.48,-97.6,-122,-136.64,-161.04,-156.16,-78.08
-53.68,-146.4,-92.72,102.48,19.52,-122,-97.6,-126.88,-136.64,-161.04,-156.16,-82.96
-48.8,-136.64,-87.84,92.72,19.52,-112.24,-102.48,-136.64,-146.4,-161.04,-156.16,-87.84
-39.04,-131.76,-92.72,87.84,24.4,-112.24,-102.48,-146.4,-161.04,-161.04,-156.16,-87.84
-48.8,-156.16,-107.36,102.48,29.28,-131.76,-112.24,-161.04,-170.8,-180.56,-175.68,-97.6
-53.68,-156.16,-102.48,107.36,24.4,-131.76,-112.24,-156.16,-175.68,-180.56,-175.68,-97.6
-53.68,-175.68,-122,117.12,34.16,-151.28,-122,-165.92,-185.44,-190.32,-180.56,-102.48
-73.2,-185.44,-112.24,131.76,19.52,-151.28,-126.88,-165.92,-185.44,-190.32,-180.56,-112.24
-63.44,-156.16,-92.72,112.24,14.64,-126.88,-122,-165.92,-180.56,-190.32,-180.56,-107.36
-82.96,-165.92,-82.96,126.88,0,-126.88,-122,-165.92,-175.68,-180.56,-170.8,-107.36
-73.2,-161.04,-87.84,117.12,4.88,-126.88,-131.76,-175.68,-185.44,-185.44,-170.8,-107.36
-68.32,-170.8,-102.48,122,14.64,-136.64,-131.76,-175.68,-185.44,-190.32,-170.8,-107.36
-58.56,-165.92,-107.36,112.24,24.4,-136.64,-122,-175.68,-180.56,-190.32,-175.68,-102.48
-24.4,-141.52,-117.12,82.96,43.92,-131.76,-107.36,-165.92,-180.56,-180.56,-185.44,-82.96
-29.28,-136.64,-107.36,82.96,39.04,-122,-117.12,-175.68,-180.56,-190.32,-200.08,-87.84
-53.68,-146.4,-92.72,102.48,19.52,-122,-126.88,-180.56,-195.2,-204.96,-200.08,-97.6
-63.44,-161.04,-97.6,112.24,14.64,-131.76,-126.88,-175.68,-190.32,-195.2,-200.08,-97.6
-63.44,-156.16,-92.72,112.24,14.64,-126.88,-131.76,-175.68,-190.32,-200.08,-200.08,-97.6
-53.68,-170.8,-117.12,112.24,29.28,-146.4,-136.64,-175.68,-185.44,-200.08,-204.96,-102.48
-73.2,-190.32,-117.12,131.76,19.52,-156.16,-141.52,-180.56,-185.44,-200.08,-200.08,-112.24
-68.32,-161.04,-92.72,117.12,9.76,-126.88,-146.4,-185.44,-190.32,-204.96,-209.84,-107.36
-63.44,-156.16,-92.72,112.24,14.64,-126.88,-136.64,-185.44,-185.44,-200.08,-200.08,-102.48
-48.8,-151.28,-102.48,102.48,24.4,-126.88,-131.76,-180.56,-180.56,-195.2,-195.2,-102.48
-68.32,-165.92,-97.6,117.12,14.64,-131.76,-126.88,-185.44,-185.44,-200.08,-200.08,-102.48
-53.68,-170.8,-117.12,112.24,29.28,-146.4,-126.88,-175.68,-190.32,-200.08,-195.2,-97.6
-48.8,-161.04,-112.24,107.36,29.28,-136.64,-126.88,-170.8,-185.44,-200.08,-195.2,-102.48
-39.04,-156.16,-117.12,97.6,39.04,-136.64,-131.76,-170.8,-185.44,-200.08,-200.08,-97.6
-48.8,-161.04,-112.24,107.36,29.28,-136.64,-131.76,-170.8,-175.68,-195.2,-195.2,-97.6
-39.04,-161.04,-122,102.48,39.04,-141.52,-131.76,-161.04,-170.8,-195.2,-190.32,-97.6
-34.16,-136.64,-102.48,87.84,34.16,-122,-126.88,-156.16,-165.92,-185.44,-180.56,-107.36
-39.04,-151.28,-112.24,97.6,34.16,-131.76,-131.76,-161.04,-165.92,-190.32,-180.56,-117.12
-58.56,-180.56,-122,122,29.28,-151.28,-126.88,-161.04,-161.04,-185.44,-180.56,-122
-58.56,-146.4,-87.84,102.48,14.64,-117.12,-131.76,-165.92,-170.8,-190.32,-190.32,-126.88
-68.32,-165.92,-97.6,117.12,14.64,-131.76,-141.52,-185.44,-175.68,-200.08,-209.84,-117.12
-68.32,-185.44,-117.12,126.88,24.4,-151.28,-136.64,-175.68,-175.68,-195.2,-204.96,-112.24
-78.08,-180.56,-102.48,131.76,9.76,-141.52,-151.28,-175.68,-180.56,-200.08,-209.84,-131.76
-78.08,-170.8,-92.72,126.88,4.88,-131.76,-151.28,-170.8,-175.68,-195.2,-209.84,-126.88
-63.44,-165.92,-102.48,117.12,19.52,-136.64,-146.4,-165.92,-170.8,-185.44,-195.2,-117.12
-43.92,-151.28,-107.36,97.6,29.28,-131.76,-146.4,-156.16,-165.92,-180.56,-190.32,-107.36
-24.4,-136.64,-112.24,82.96,43.92,-126.88,-146.4,-156.16,-156.16,-175.68,-185.44,-97.6
-29.28,-136.64,-107.36,82.96,39.04,-122,-146.4,-161.04,-161.04,-175.68,-180.56,-102.48
-63.44,-165.92,-102.48,117.12,19.52,-136.64,-151.28,-170.8,-165.92,-175.68,-180.56,-102.48
-48.8,-156.16,-107.36,102.48,29.28,-131.76,-146.4,-175.68,-165.92,-170.8,-175.68,-107.36
-34.16,-136.64,-102.48,87.84,34.16,-122,-141.52,-175.68,-165.92,-170.8,-170.8,-102.48
-39.04,-151.28,-112.24,97.6,34.16,-131.76,-141.52,-170.8,-170.8,-175.68,-170.8,-112.24
-24.4,-141.52,-117.12,82.96,43.92,-131.76,-146.4,-156.16,-170.8,-175.68,-165.92,-117.12
-29.28,-131.76,-102.48,82.96,34.16,-117.12,-165.92,-165.92,-175.68,-180.56,-175.68,-126.88
-48.8,-156.16,-107.36,102.48,29.28,-131.76,-161.04,-165.92,-165.92,-180.56,-165.92,-117.12
-53.68,-175.68,-122,117.12,34.16,-151.28,-161.04,-161.04,-161.04,-170.8,-151.28,-117.12
-43.92,-146.4,-102.48,97.6,29.28,-126.88,-170.8,-170.8,-161.04,-175.68,-151.28,-131.76
-43.92,-126.88,-82.96,87.84,19.52,-107.36,-165.92,-175.68,-161.04,-175.68,-141.52,-131.76
-53.68,-151.28,-97.6,102.48,19.52,-126.88,-170.8,-185.44,-165.92,-175.68,-136.64,-151.28
-48.8,-156.16,-107.36,102.48,29.28,-131.76,-165.92,-180.56,-165.92,-170.8,-136.64,-156.16
-34.16,-156.16,-122,97.6,43.92,-141.52,-161.04,-180.56,-165.92,-165.92,-146.4,-141.52
-24.4,-141.52,-117.12,82.96,43.92,-131.76,-175.68,-185.44,-175.68,-175.68,-165.92,-136.64
-24.4,-151.28,-126.88,87.84,48.8,-141.52,-165.92,-175.68,-165.92,-170.8,-146.4,-112.24
-19.52,-136.64,-117.12,78.08,48.8,-126.88,-175.68,-175.68,-170.8,-170.8,-146.4,-122
-34.16,-146.4,-112.24,92.72,39.04,-131.76,-185.44,-185.44,-175.68,-180.56,-156.16,-136.64
-34.16,-156.16,-122,97.6,43.92,-141.52,-185.44,-180.56,-175.68,-180.56,-151.28,-136.64
-14.64,-151.28,-136.64,82.96,58.56,-146.4,-190.32,-190.32,-175.68,-185.44,-151.28,-136.64
-19.52,-141.52,-122,82.96,48.8,-131.76,-180.56,-190.32,-170.8,-180.56,-136.64,-131.76
-24.4,-146.4,-122,87.84,48.8,-136.64,-185.44,-185.44,-180.56,-175.68,-126.88,-131.76
-29.28,-156.16,-126.88,92.72,48.8,-141.52,-175.68,-185.44,-175.68,-165.92,-117.12,-126.88
-29.28,-156.16,-126.88,92.72,48.8,-141.52,-180.56,-195.2,-185.44,-170.8,-112.24,-126.88
-34.16,-156.16,-122,97.6,43.92,-141.52,-185.44,-195.2,-195.2,-180.56,-126.88,-136.64
-34.16,-170.8,-136.64,102.48,48.8,-156.16,-185.44,-190.32,-190.32,-190.32,-146.4,-141.52
-19.52,-136.64,-117.12,78.08,48.8,-126.88,-185.44,-185.44,-185.44,-195.2,-170.8,-126.88
-19.52,-141.52,-122,82.96,48.8,-131.76,-185.44,-190.32,-190.32,-195.2,-170.8,-126.88
-9.76,-131.76,-122,73.2,53.68,-126.88,-185.44,-185.44,-190.32,-195.2,-161.04,-136.64
-14.64,-161.04,-146.4,87.84,63.44,-156.16,-175.68,-175.68,-180.56,-185.44,-151.28,-131.76
-24.4,-156.16,-131.76,92.72,53.68,-146.4,-190.32,-195.2,-195.2,-200.08,-165.92,-141.52
-29.28,-170.8,-141.52,102.48,53.68,-156.16,-195.2,-204.96,-200.08,-204.96,-161.04,-146.4
-53.68,-175.68,-122,117.12,34.16,-151.28,-185.44,-204.96,-200.08,-200.08,-170.8,-141.52
-39.04,-161.04,-122,102.48,39.04,-141.52,-175.68,-200.08,-195.2,-190.32,-156.16,-136.64
-39.04,-180.56,-141.52,112.24,48.8,-161.04,-175.68,-185.44,-190.32,-185.44,-146.4,-131.76
-34.16,-175.68,-141.52,107.36,53.68,-161.04,-175.68,-185.44,-195.2,-185.44,-151.28,-136.64
-43.92,-151.28,-107.36,97.6,29.28,-131.76,-180.56,-185.44,-204.96,-195.2,-170.8,-141.52
-53.68,-156.16,-102.48,107.36,24.4,-131.76,-185.44,-195.2,-204.96,-209.84,-180.56,-141.52
-53.68,-161.04,-107.36,107.36,24.4,-136.64,-185.44,-190.32,-204.96,-214.72,-190.32,-146.4
-43.92,-165.92,-122,107.36,39.04,-146.4,-175.68,-180.56,-195.2,-204.96,-180.56,-131.76
-43.92,-180.56,-136.64,112.24,43.92,-161.04,-170.8,-185.44,-200.08,-204.96,-170.8,-131.76
-34.16,-165.92,-131.76,102.48,48.8,-151.28,-180.56,-195.2,-200.08,-204.96,-170.8,-136.64
-24.4,-151.28,-126.88,87.84,48.8,-141.52,-175.68,-195.2,-200.08,-200.08,-170.8,-131.76
-29.28,-156.16,-126.88,92.72,48.8,-141.52,-175.68,-200.08,-209.84,-209.84,-170.8,-131.76
-24.4,-156.16,-131.76,92.72,53.68,-146.4,-170.8,-195.2,-204.96,-204.96,-165.92,-136.64
-34.16,-165.92,-131.76,102.48,48.8,-151.28,-161.04,-180.56,-200.08,-200.08,-161.04,-131.76
-34.16,-156.16,-122,97.6,43.92,-141.52,-165.92,-185.44,-209.84,-209.84,-170.8,-141.52
-19.52,-146.4,-126.88,82.96,53.68,-136.64,-170.8,-190.32,-204.96,-209.84,-170.8,-136.64
-9.76,-146.4,-136.64,78.08,63.44,-141.52,-170.8,-190.32,-209.84,-209.84,-165.92,-136.64
-4.88,-141.52,-136.64,73.2,63.44,-141.52,-170.8,-185.44,-200.08,-200.08,-156.16,-126.88
0,-131.76,-131.76,68.32,63.44,-131.76,-170.8,-185.44,-195.2,-204.96,-156.16,-131.76
-29.28,-170.8,-141.52,102.48,53.68,-156.16,-170.8,-200.08,-209.84,-209.84,-161.04,-141.52
-43.92,-170.8,-126.88,107.36,39.04,-151.28,-165.92,-195.2,-209.84,-204.96,-151.28,-136.64
-58.56,-170.8,-112.24,117.12,24.4,-141.52,-170.8,-204.96,-214.72,-209.84,-165.92,-146.4
-48.8,-165.92,-117.12,107.36,34.16,-141.52,-170.8,-190.32,-219.6,-209.84,-190.32,-136.64
-29.28,-165.92,-136.64,97.6,53.68,-151.28,-151.28,-180.56,-204.96,-200.08,-180.56,-117.12
-48.8,-190.32,-141.52,122,43.92,-165.92,-161.04,-180.56,-209.84,-214.72,-170.8,-126.88
-34.16,-151.28,-117.12,92.72,39.04,-136.64,-175.68,-195.2,-219.6,-224.48,-180.56,-141.52
-9.76,-131.76,-122,73.2,53.68,-126.88,-170.8,-195.2,-214.72,-219.6,-175.68,-141.52
-9.76,-156.16,-146.4,82.96,68.32,-151.28,-161.04,-185.44,-204.96,-209.84,-161.04,-131.76
-19.52,-185.44,-165.92,102.48,73.2,-175.68,-161.04,-185.44,-204.96,-209.84,-161.04,-131.76
-24.4,-180.56,-156.16,102.48,63.44,-170.8,-165.92,-204.96,-219.6,-219.6,-165.92,-141.52
-24.4,-175.68,-151.28,102.48,63.44,-165.92,-170.8,-204.96,-219.6,-219.6,-161.04,-151.28
-19.52,-165.92,-146.4,92.72,63.44,-156.16,-161.04,-195.2,-209.84,-204.96,-146.4,-141.52
-19.52,-165.92,-146.4,92.72,63.44,-156.16,-156.16,-190.32,-214.72,-204.96,-146.4,-136.64
-29.28,-170.8,-141.52,102.48,53.68,-156.16,-151.28,-180.56,-209.84,-200.08,-141.52,-131.76
-14.64,-146.4,-131.76,82.96,58.56,-141.52,-151.28,-170.8,-200.08,-195.2,-136.64,-126.88
-14.64,-136.64,-122,78.08,53.68,-131.76,-156.16,-175.68,-209.84,-204.96,-156.16,-126.88
-19.52,-156.16,-136.64,87.84,58.56,-146.4,-161.04,-190.32,-214.72,-219.6,-190.32,-131.76
-29.28,-180.56,-151.28,107.36,58.56,-165.92,-161.04,-185.44,-214.72,-224.48,-185.44,-122
-34.16,-195.2,-161.04,117.12,63.44,-180.56,-165.92,-195.2,-219.6,-229.36,-185.44,-136.64
-43.92,-180.56,-136.64,112.24,43.92,-161.04,-156.16,-190.32,-209.84,-219.6,-170.8,-136.64
-48.8,-180.56,-131.76,117.12,39.04,-156.16,-141.52,-185.44,-200.08,-209.84,-165.92,-131.76
-34.16,-175.68,-141.52,107.36,53.68,-161.04,-136.64,-175.68,-195.2,-204.96,-151.28,-126.88
-24.4,-151.28,-126.88,87.84,48.8,-141.52,-136.64,-170.8,-190.32,-200.08,-146.4,-122
-34.16,-161.04,-126.88,97.6,43.92,-146.4,-146.4,-175.68,-200.08,-204.96,-146.4,-126.88
-24.4,-151.28,-126.88,87.84,48.8,-141.52,-141.52,-170.8,-195.2,-195.2,-141.52,-117.12
-4.88,-146.4,-141.52,78.08,68.32,-146.4,-131.76,-156.16,-180.56,-185.44,-136.64,-112.24
-24.4,-156.16,-131.76,92.72,53.68,-146.4,-131.76,-161.04,-180.56,-185.44,-136.64,-107.36
0,-126.88,-126.88,63.44,63.44,-126.88,-117.12,-141.52,-161.04,-165.92,-112.24,-102.48
14.64,-92.72,-107.36,39.04,58.56,-102.48,-107.36,-146.4,-161.04,-170.8,-112.24,-107.36
14.64,-87.84,-102.48,39.04,58.56,-97.6,-102.48,-141.52,-156.16,-161.04,-102.48,-112.24
9.76,-102.48,-112.24,48.8,58.56,-107.36,-92.72,-141.52,-156.16,-161.04,-107.36,-112.24
-9.76,-107.36,-97.6,58.56,43.92,-102.48,-87.84,-141.52,-156.16,-165.92,-112.24,-97.6
-19.52,-117.12,-97.6,68.32,39.04,-107.36,-97.6,-146.4,-170.8,-170.8,-122,-97.6
-14.64,-122,-107.36,68.32,43.92,-117.12,-112.24,-151.28,-180.56,-180.56,-126.88,-107.36
-4.88,-92.72,-87.84,48.8,39.04,-92.72,-112.24,-156.16,-175.68,-185.44,-131.76,-112.24
0,-82.96,-82.96,43.92,39.04,-82.96,-107.36,-141.52,-170.8,-185.44,-117.12,-112.24
4.88,-82.96,-87.84,39.04,43.92,-87.84,-102.48,-131.76,-156.16,-175.68,-112.24,-107.36
14.64,-78.08,-92.72,34.16,53.68,-87.84,-97.6,-126.88,-141.52,-156.16,-92.72,-97.6
24.4,-63.44,-87.84,19.52,53.68,-78.08,-92.72,-122,-131.76,-141.52,-82.96,-92.72
24.4,-58.56,-82.96,19.52,53.68,-73.2,-107.36,-122,-136.64,-136.64,-82.96,-97.6
9.76,-58.56,-68.32,24.4,39.04,-63.44,-122,-131.76,-131.76,-126.88,-73.2,-92.72
4.88,-63.44,-68.32,29.28,34.16,-68.32,-146.4,-151.28,-156.16,-141.52,-82.96,-102.48
4.88,-63.44,-68.32,29.28,34.16,-68.32,-151.28,-161.04,-165.92,-156.16,-92.72,-112.24
19.52,-58.56,-78.08,19.52,48.8,-68.32,-151.28,-161.04,-180.56,-175.68,-117.12,-107.36
39.04,-58.56,-97.6,9.76,68.32,-78.08,-151.28,-165.92,-180.56,-185.44,-136.64,-92.72
53.68,-73.2,-126.88,9.76,87.84,-102.48,-136.64,-151.28,-161.04,-170.8,-107.36,-78.08
53.68,-63.44,-117.12,4.88,82.96,-92.72,-141.52,-151.28,-165.92,-170.8,-102.48,-82.96
58.56,-48.8,-107.36,-4.88,82.96,-78.08,-146.4,-161.04,-180.56,-170.8,-102.48,-92.72
48.8,-53.68,-102.48,4.88,73.2,-78.08,-151.28,-175.68,-175.68,-175.68,-112.24,-97.6
39.04,-63.44,-102.48,14.64,68.32,-82.96,-170.8,-195.2,-195.2,-195.2,-126.88,-107.36
14.64,-97.6,-112.24,43.92,63.44,-107.36,-180.56,-195.2,-204.96,-200.08,-117.12,-117.12
4.88,-102.48,-107.36,48.8,53.68,-107.36,-170.8,-185.44,-195.2,-195.2,-107.36,-112.24
-14.64,-117.12,-102.48,68.32,43.92,-112.24,-165.92,-185.44,-195.2,-200.08,-122,-117.12
-34.16,-146.4,-112.24,92.72,39.04,-131.76,-170.8,-190.32,-219.6,-214.72,-146.4,-126.88
-39.04,-151.28,-112.24,97.6,34.16,-131.76,-170.8,-204.96,-224.48,-224.48,-151.28,-136.64
-9.76,-112.24,-102.48,63.44,43.92,-107.36,-156.16,-185.44,-209.84,-209.84,-131.76,-122
0,-92.72,-92.72,48.8,43.92,-92.72,-146.4,-180.56,-195.2,-204.96,-122,-122
-14.64,-117.12,-102.48,68.32,43.92,-112.24,-156.16,-190.32,-209.84,-219.6,-126.88,-136.64
-19.52,-122,-102.48,73.2,39.04,-112.24,-151.28,-195.2,-209.84,-214.72,-136.64,-136.64
-43.92,-151.28,-107.36,97.6,29.28,-131.76,-165.92,-204.96,-224.48,-224.48,-151.28,-146.4
-58.56,-180.56,-122,122,29.28,-151.28,-165.92,-209.84,-229.36,-224.48,-156.16,-146.4
-43.92,-165.92,-122,107.36,39.04,-146.4,-175.68,-214.72,-244,-234.24,-165.92,-151.28
-39.04,-175.68,-136.64,107.36,48.8,-156.16,-161.04,-200.08,-219.6,-224.48,-156.16,-141.52
-48.8,-175.68,-126.88,112.24,39.04,-151.28,-165.92,-204.96,-224.48,-229.36,-151.28,-151.28
-39.04,-161.04,-122,102.48,39.04,-141.52,-165.92,-195.2,-219.6,-224.48,-146.4,-151.28
-34.16,-156.16,-122,97.6,43.92,-141.52,-170.8,-204.96,-229.36,-224.48,-146.4,-146.4
-29.28,-165.92,-136.64,97.6,53.68,-151.28,-175.68,-200.08,-224.48,-229.36,-151.28,-146.4
-48.8,-200.08,-151.28,126.88,48.8,-175.68,-165.92,-204.96,-229.36,-239.12,-146.4,-146.4
-73.2,-219.6,-146.4,146.4,34.16,-185.44,-170.8,-219.6,-229.36,-244,-161.04,-156.16
-63.44,-185.44,-122,126.88,29.28,-156.16,-175.68,-224.48,-239.12,-248.88,-161.04,-151.28
-39.04,-170.8,-131.76,107.36,43.92,-151.28,-165.92,-214.72,-234.24,-234.24,-146.4,-141.52
-63.44,-195.2,-131.76,131.76,34.16,-165.92,-156.16,-209.84,-229.36,-224.48,-136.64,-141.52
-48.8,-190.32,-141.52,122,43.92,-165.92,-165.92,-204.96,-229.36,-224.48,-126.88,-156.16
-29.28,-161.04,-131.76,97.6,48.8,-146.4,-175.68,-214.72,-239.12,-239.12,-136.64,-170.8
-34.16,-170.8,-136.64,102.48,48.8,-156.16,-170.8,-214.72,-239.12,-234.24,-136.64,-180.56
-29.28,-190.32,-161.04,112.24,63.44,-175.68,-165.92,-209.84,-229.36,-234.24,-141.52,-170.8
-39.04,-170.8,-131.76,107.36,43.92,-151.28,-165.92,-204.96,-229.36,-234.24,-136.64,-161.04
-43.92,-185.44,-141.52,117.12,48.8,-165.92,-156.16,-200.08,-229.36,-224.48,-136.64,-146.4
-53.68,-214.72,-161.04,136.64,53.68,-190.32,-156.16,-200.08,-224.48,-229.36,-151.28,-141.52
-43.92,-190.32,-146.4,117.12,48.8,-170.8,-165.92,-209.84,-234.24,-244,-161.04,-151.28
-34.16,-165.92,-131.76,102.48,48.8,-151.28,-165.92,-209.84,-229.36,-244,-146.4,-156.16
-43.92,-185.44,-141.52,117.12,48.8,-165.92,-156.16,-200.08,-229.36,-234.24,-141.52,-151.28
-58.56,-190.32,-131.76,126.88,34.16,-161.04,-151.28,-195.2,-224.48,-234.24,-151.28,-161.04
-43.92,-175.68,-131.76,112.24,43.92,-156.16,-146.4,-185.44,-224.48,-244,-156.16,-170.8
-53.68,-195.2,-141.52,126.88,43.92,-170.8,-126.88,-175.68,-214.72,-234.24,-146.4,-170.8
-63.44,-200.08,-136.64,131.76,34.16,-170.8,-107.36,-156.16,-200.08,-229.36,-146.4,-165.92
-68.32,-204.96,-136.64,136.64,34.16,-170.8,-87.84,-146.4,-195.2,-229.36,-156.16,-180.56
-82.96,-219.6,-136.64,151.28,24.4,-180.56,-58.56,-131.76,-195.2,-229.36,-156.16,-204.96
-92.72,-224.48,-131.76,161.04,19.52,-180.56,-24.4,-107.36,-185.44,-239.12,-175.68,-229.36
-107.36,-229.36,-122,170.8,4.88,-175.68,29.28,-43.92,-156.16,-239.12,-190.32,-244
-87.84,-248.88,-161.04,170.8,34.16,-204.96,107.36,53.68,-97.6,-214.72,-180.56,-248.88
-58.56,-248.88,-190.32,156.16,63.44,-219.6,175.68,165.92,-29.28,-195.2,-214.72,-263.52
-68.32,-278.16,-209.84,175.68,68.32,-244,234.24,307.44,53.68,-180.56,-268.4,-292.8
-29.28,-283.04,-253.76,156.16,112.24,-268.4,312.32,492.88,175.68,-136.64,-283.04,-307.44
9.76,-253.76,-263.52,122,136.64,-258.64,385.52,707.6,317.2,-78.08,-278.16,-326.96
24.4,-219.6,-244,97.6,131.76,-234.24,473.36,946.72,507.52,4.88,-278.16,-351.36
48.8,-190.32,-239.12,73.2,141.52,-214.72,634.4,1293.2,751.52,131.76,-258.64,-356.24
78.08,-170.8,-248.88,48.8,161.04,-209.84,785.68,1590.88,1005.28,292.8,-190.32,-322.08
165.92,-73.2,-239.12,-43.92,200.08,-156.16,858.88,1712.88,1185.84,468.48,-58.56,-219.6
258.64,68.32,-190.32,-161.04,224.48,-63.44,863.76,1688.48,1298.08,658.8,122,-73.2
356.24,234.24,-122,-292.8,239.12,53.68,868.64,1586,1381.04,902.8,385.52,126.88
424.56,414.8,-9.76,-419.68,214.72,200.08,858.88,1307.84,1356.64,1127.28,653.92,351.36
492.88,629.52,136.64,-561.2,175.68,380.64,751.52,917.44,1185.84,1293.2,985.76,629.52
566.08,834.48,268.4,-697.84,146.4,551.44,668.56,522.16,995.52,1468.88,1361.52,927.2
610,1127.28,517.28,-868.64,43.92,819.84,619.76,63.44,810.08,1678.72,1737.28,1224.88
541.68,1405.44,863.76,-971.12,-161.04,1132.16,590.48,-414.8,629.52,1898.32,2093.52,1512.8
409.92,1722.64,1312.72,-1063.84,-453.84,1517.68,605.12,-936.96,419.68,2088.64,2396.08,1756.8
302.56,1937.36,1634.8,-1117.52,-668.56,1786.08,668.56,-1327.36,248.88,2259.44,2644.96,1952
214.72,1942.24,1727.52,-1078.48,-756.4,1834.88,707.6,-1586,122,2327.76,2732.8,2000.8
136.64,1742.16,1605.52,-936.96,-736.88,1673.84,785.68,-1717.76,4.88,2205.76,2566.88,1878.8
48.8,1468.88,1420.08,-756.4,-688.08,1444.48,736.88,-1800.72,-229.36,1834.88,2186.24,1634.8
-82.96,1190.72,1273.68,-551.44,-678.32,1229.76,546.56,-1893.44,-536.8,1317.6,1654.32,1307.84
-234.24,917.44,1151.68,-341.6,-692.96,1034.56,253.76,-1961.76,-902.8,595.36,956.48,888.16
-341.6,649.04,990.64,-151.28,-668.56,819.84,-244,-2000.8,-1210.24,-122,287.92,483.12
-414.8,390.4,805.2,14.64,-610,595.36,-585.6,-1932.48,-1278.56,-429.44,-87.84,185.44
-390.4,224.48,614.88,82.96,-502.64,419.68,-678.32,-1722.64,-1151.68,-419.68,-165.92,29.28
-341.6,141.52,483.12,102.48,-414.8,312.32,-829.6,-1576.24,-1029.68,-370.88,-165.92,-43.92
-336.72,43.92,380.64,146.4,-361.12,209.84,-936.96,-1483.52,-1000.4,-473.36,-219.6,-112.24
-326.96,-78.08,248.88,204.96,-287.92,82.96,-858.88,-1307.84,-966.24,-600.24,-278.16,-165.92
-287.92,-112.24,175.68,200.08,-234.24,29.28,-785.68,-1083.36,-834.48,-590.48,-278.16,-185.44
-239.12,-102.48,136.64,170.8,-190.32,14.64,-717.36,-883.28,-673.44,-468.48,-229.36,-165.92
-180.56,-78.08,102.48,131.76,-141.52,9.76,-600.24,-702.72,-522.16,-346.48,-161.04,-131.76
-161.04,-58.56,102.48,112.24,-131.76,19.52,-512.4,-575.84,-444.08,-297.68,-136.64,-126.88
-146.4,-48.8,97.6,97.6,-122,24.4,-405.04,-444.08,-346.48,-239.12,-97.6,-112.24
-126.88,-68.32,58.56,97.6,-92.72,-4.88,-287.92,-322.08,-239.12,-170.8,-63.44,-102.48
-73.2,-82.96,-9.76,78.08,-34.16,-48.8,-180.56,-190.32,-131.76,-117.12,-39.04,-92.72
-4.88,-87.84,-82.96,48.8,39.04,-87.84,-78.08,-82.96,-39.04,-63.44,-14.64,-82.96
9.76,-92.72,-102.48,43.92,53.68,-97.6,-48.8,-53.68,-14.64,-63.44,-24.4,-87.84
0,-117.12,-117.12,58.56,58.56,-117.12,-34.16,-43.92,-4.88,-53.68,-24.4,-78.08
-9.76,-136.64,-126.88,73.2,58.56,-131.76,-39.04,-43.92,-9.76,-58.56,-34.16,-82.96
-19.52,-126.88,-107.36,73.2,43.92,-117.12,-48.8,-43.92,-24.4,-63.44,-39.04,-97.6
-24.4,-112.24,-87.84,68.32,29.28,-102.48,-39.04,-24.4,-29.28,-58.56,-29.28,-92.72
-29.28,-126.88,-97.6,78.08,34.16,-112.24,-39.04,-4.88,-24.4,-63.44,-48.8,-82.96
-29.28,-141.52,-112.24,87.84,39.04,-126.88,-39.04,9.76,-24.4,-68.32,-53.68,-82.96
-29.28,-136.64,-107.36,82.96,39.04,-122,-34.16,19.52,-9.76,-68.32,-43.92,-87.84
-29.28,-136.64,-107.36,82.96,39.04,-122,-34.16,34.16,4.88,-78.08,-39.04,-102.48
-29.28,-156.16,-126.88,92.72,48.8,-141.52,-34.16,43.92,14.64,-78.08,-53.68,-107.36
-39.04,-165.92,-126.88,102.48,43.92,-146.4,-24.4,34.16,19.52,-82.96,-68.32,-117.12
-24.4,-146.4,-122,87.84,48.8,-136.64,-24.4,19.52,14.64,-82.96,-92.72,-117.12
-19.52,-136.64,-117.12,78.08,48.8,-126.88,-29.28,19.52,4.88,-82.96,-92.72,-112.24
-34.16,-146.4,-112.24,92.72,39.04,-131.76,-24.4,29.28,0,-78.08,-73.2,-102.48
-39.04,-156.16,-117.12,97.6,39.04,-136.64,-14.64,34.16,4.88,-63.44,-48.8,-92.72
-29.28,-126.88,-97.6,78.08,34.16,-112.24,-24.4,39.04,0,-78.08,-58.56,-107.36
-9.76,-112.24,-102.48,63.44,43.92,-107.36,-14.64,63.44,9.76,-63.44,-48.8,-92.72
9.76,-92.72,-102.48,43.92,53.68,-97.6,-9.76,73.2,24.4,-58.56,-43.92,-87.84
-19.52,-131.76,-112.24,78.08,43.92,-122,-14.64,78.08,34.16,-63.44,-43.92,-87.84
-29.28,-156.16,-126.88,92.72,48.8,-141.52,-14.64,82.96,43.92,-68.32,-58.56,-107.36
-14.64,-146.4,-131.76,82.96,58.56,-141.52,-4.88,78.08,48.8,-58.56,-48.8,-102.48
-14.64,-146.4,-131.76,82.96,58.56,-141.52,-4.88,68.32,48.8,-53.68,-43.92,-107.36
-14.64,-141.52,-126.88,78.08,53.68,-136.64,0,82.96,53.68,-43.92,-34.16,-97.6
-4.88,-117.12,-112.24,63.44,53.68,-117.12,4.88,82.96,48.8,-34.16,-24.4,-102.48
0,-117.12,-117.12,58.56,58.56,-117.12,9.76,87.84,48.8,-24.4,-9.76,-92.72
4.88,-107.36,-112.24,53.68,58.56,-112.24,9.76,102.48,58.56,-19.52,0,-87.84
-14.64,-107.36,-92.72,63.44,39.04,-102.48,4.88,112.24,53.68,-24.4,-19.52,-78.08
-24.4,-131.76,-107.36,78.08,39.04,-122,14.64,122,73.2,-19.52,-19.52,-73.2
-34.16,-141.52,-107.36,87.84,34.16,-126.88,9.76,122,78.08,-24.4,-19.52,-87.84
-19.52,-136.64,-117.12,78.08,48.8,-126.88,4.88,126.88,87.84,-29.28,-24.4,-92.72
4.88,-107.36,-112.24,53.68,58.56,-112.24,14.64,126.88,97.6,-14.64,-24.4,-87.84
-14.64,-126.88,-112.24,73.2,48.8,-122,14.64,112.24,97.6,-14.64,-19.52,-87.84
4.88,-117.12,-122,58.56,63.44,-122,24.4,126.88,117.12,4.88,0,-73.2
14.64,-97.6,-112.24,43.92,63.44,-107.36,34.16,141.52,117.12,24.4,14.64,-53.68
-19.52,-92.72,-73.2,58.56,24.4,-82.96,29.28,126.88,102.48,19.52,9.76,-68.32
-39.04,-107.36,-68.32,73.2,14.64,-87.84,14.64,126.88,97.6,4.88,9.76,-78.08
-19.52,-112.24,-92.72,68.32,34.16,-102.48,29.28,161.04,117.12,29.28,19.52,-58.56
-24.4,-107.36,-82.96,68.32,29.28,-97.6,39.04,170.8,131.76,34.16,24.4,-48.8
-14.64,-102.48,-87.84,58.56,34.16,-97.6,34.16,170.8,141.52,29.28,19.52,-48.8
4.88,-102.48,-107.36,48.8,53.68,-107.36,34.16,180.56,156.16,24.4,14.64,-63.44
19.52,-87.84,-107.36,34.16,63.44,-97.6,34.16,175.68,161.04,34.16,19.52,-63.44
34.16,-78.08,-112.24,24.4,73.2,-97.6,43.92,180.56,175.68,43.92,39.04,-48.8
29.28,-78.08,-107.36,24.4,68.32,-92.72,48.8,185.44,180.56,58.56,43.92,-43.92
24.4,-63.44,-87.84,19.52,53.68,-78.08,48.8,190.32,175.68,73.2,48.8,-43.92
24.4,-68.32,-92.72,24.4,58.56,-82.96,58.56,190.32,180.56,82.96,68.32,-39.04
24.4,-63.44,-87.84,19.52,53.68,-78.08,53.68,209.84,185.44,92.72,82.96,-34.16
19.52,-63.44,-82.96,24.4,48.8,-73.2,68.32,234.24,204.96,102.48,92.72,-14.64
0,-78.08,-78.08,39.04,39.04,-78.08,63.44,239.12,209.84,92.72,87.84,-24.4
0,-97.6,-97.6,48.8,48.8,-97.6,68.32,244,229.36,92.72,78.08,-19.52
14.64,-73.2,-87.84,29.28,48.8,-82.96,78.08,263.52,248.88,107.36,63.44,-9.76
0,-78.08,-78.08,39.04,39.04,-78.08,78.08,258.64,248.88,102.48,73.2,-9.76
19.52,-53.68,-73.2,19.52,43.92,-63.44,87.84,248.88,258.64,107.36,87.84,-9.76
53.68,-14.64,-68.32,-19.52,58.56,-43.92,112.24,283.04,278.16,146.4,122,0
39.04,-14.64,-53.68,-9.76,43.92,-34.16,112.24,287.92,278.16,156.16,122,-9.76
34.16,-14.64,-48.8,-9.76,39.04,-34.16,107.36,283.04,273.28,156.16,112.24,-4.88
39.04,-14.64,-53.68,-9.76,43.92,-34.16,117.12,302.56,283.04,161.04,97.6,0
34.16,-9.76,-43.92,-9.76,39.04,-29.28,126.88,336.72,297.68,170.8,122,29.28
48.8,9.76,-39.04,-29.28,43.92,-14.64,126.88,341.6,312.32,175.68,126.88,39.04
24.4,-19.52,-43.92,0,34.16,-34.16,136.64,361.12,336.72,175.68,141.52,39.04
24.4,-24.4,-48.8,0,34.16,-39.04,146.4,370.88,346.48,190.32,136.64,29.28
24.4,-19.52,-43.92,0,34.16,-34.16,161.04,385.52,366,209.84,151.28,39.04
39.04,14.64,-24.4,-24.4,29.28,-4.88,170.8,385.52,380.64,219.6,161.04,43.92
43.92,29.28,-14.64,-34.16,29.28,4.88,175.68,390.4,385.52,234.24,170.8,48.8
48.8,29.28,-19.52,-39.04,34.16,4.88,195.2,419.68,395.28,258.64,190.32,63.44
53.68,43.92,-9.76,-48.8,29.28,14.64,204.96,434.32,409.92,268.4,214.72,87.84
58.56,58.56,0,-58.56,29.28,29.28,209.84,448.96,414.8,273.28,214.72,87.84
58.56,58.56,0,-58.56,29.28,29.28,224.48,483.12,424.56,283.04,224.48,92.72
53.68,58.56,4.88,-53.68,24.4,29.28,234.24,492.88,444.08,292.8,229.36,97.6
48.8,43.92,-4.88,-43.92,24.4,19.52,244,512.4,463.6,287.92,244,102.48
43.92,48.8,4.88,-43.92,19.52,24.4,253.76,527.04,478.24,297.68,239.12,92.72
39.04,63.44,24.4,-48.8,4.88,43.92,268.4,541.68,507.52,317.2,253.76,107.36
43.92,73.2,29.28,-58.56,4.88,48.8,283.04,551.44,517.28,336.72,263.52,112.24
58.56,92.72,34.16,-73.2,9.76,63.44,297.68,570.96,531.92,351.36,283.04,122
63.44,102.48,39.04,-82.96,9.76,68.32,312.32,600.24,531.92,370.88,283.04,131.76
48.8,92.72,43.92,-68.32,0,68.32,326.96,619.76,546.56,380.64,302.56,156.16
48.8,107.36,58.56,-78.08,-4.88,82.96,336.72,634.4,551.44,385.52,307.44,161.04
48.8,122,73.2,-82.96,-14.64,97.6,356.24,673.44,570.96,405.04,326.96,175.68
73.2,175.68,102.48,-122,-14.64,136.64,385.52,712.48,605.12,434.32,356.24,200.08
78.08,190.32,112.24,-131.76,-19.52,151.28,409.92,741.76,629.52,439.2,375.76,209.84
82.96,170.8,87.84,-126.88,-4.88,126.88,419.68,756.4,644.16,448.96,370.88,204.96
112.24,195.2,82.96,-151.28,14.64,136.64,444.08,780.8,663.68,473.36,405.04,224.48
131.76,234.24,102.48,-180.56,14.64,165.92,458.72,780.8,673.44,492.88,414.8,229.36
107.36,244,136.64,-175.68,-14.64,190.32,458.72,790.56,678.32,492.88,414.8,224.48
78.08,224.48,146.4,-151.28,-34.16,185.44,478.24,814.96,683.2,507.52,429.44,244
92.72,244,151.28,-165.92,-29.28,195.2,497.76,834.48,692.96,527.04,434.32,263.52
92.72,253.76,161.04,-170.8,-34.16,204.96,507.52,863.76,707.6,536.8,444.08,273.28
102.48,253.76,151.28,-175.68,-24.4,200.08,536.8,907.68,732,561.2,478.24,302.56
92.72,283.04,190.32,-185.44,-48.8,234.24,536.8,912.56,727.12,546.56,478.24,292.8
82.96,287.92,204.96,-185.44,-63.44,244,541.68,922.32,746.64,551.44,488,292.8
92.72,283.04,190.32,-185.44,-48.8,234.24,566.08,956.48,771.04,566.08,492.88,297.68
97.6,292.8,195.2,-195.2,-48.8,244,585.6,966.24,780.8,580.72,507.52,317.2
107.36,317.2,209.84,-209.84,-53.68,263.52,595.36,971.12,790.56,590.48,517.28,322.08
112.24,326.96,214.72,-219.6,-53.68,268.4,610,980.88,800.32,605.12,531.92,331.84
117.12,336.72,219.6,-224.48,-53.68,278.16,629.52,1005.28,805.2,629.52,556.32,346.48
107.36,341.6,234.24,-224.48,-63.44,287.92,634.4,1019.92,810.08,629.52,580.72,366
97.6,336.72,239.12,-214.72,-73.2,287.92,644.16,1039.44,814.96,639.28,590.48,366
102.48,346.48,244,-224.48,-73.2,292.8,649.04,1054.08,824.72,649.04,575.84,370.88
92.72,361.12,268.4,-224.48,-87.84,312.32,649.04,1049.2,819.84,644.16,546.56,390.4
82.96,370.88,287.92,-224.48,-102.48,326.96,634.4,1024.8,805.2,614.88,536.8,400.16
92.72,370.88,278.16,-229.36,-92.72,322.08,634.4,1029.68,810.08,614.88,541.68,409.92
97.6,370.88,273.28,-234.24,-87.84,322.08,629.52,1015.04,810.08,619.76,556.32,419.68
112.24,370.88,258.64,-239.12,-73.2,312.32,624.64,995.52,800.32,624.64,556.32,429.44
92.72,361.12,268.4,-224.48,-87.84,312.32,619.76,976,785.68,629.52,561.2,429.44
78.08,351.36,273.28,-214.72,-97.6,312.32,610,946.72,761.28,624.64,551.44,429.44
73.2,346.48,273.28,-209.84,-102.48,307.44,590.48,917.44,741.76,614.88,556.32,429.44
87.84,351.36,263.52,-219.6,-87.84,307.44,575.84,893.04,722.24,600.24,536.8,409.92
78.08,351.36,273.28,-214.72,-97.6,312.32,546.56,863.76,688.08,575.84,517.28,390.4
73.2,336.72,263.52,-204.96,-97.6,297.68,536.8,844.24,683.2,566.08,512.4,380.64
58.56,312.32,253.76,-185.44,-97.6,283.04,512.4,810.08,658.8,536.8,483.12,370.88
53.68,297.68,244,-175.68,-97.6,268.4,488,761.28,634.4,502.64,453.84,356.24
48.8,283.04,234.24,-165.92,-92.72,258.64,448.96,702.72,580.72,458.72,414.8,326.96
58.56,263.52,204.96,-161.04,-73.2,234.24,429.44,658.8,561.2,439.2,395.28,307.44
68.32,239.12,170.8,-151.28,-53.68,204.96,414.8,634.4,536.8,424.56,380.64,307.44
43.92,209.84,165.92,-126.88,-63.44,185.44,380.64,580.72,492.88,395.28,346.48,287.92
29.28,195.2,165.92,-112.24,-68.32,180.56,351.36,546.56,453.84,375.76,326.96,268.4
39.04,180.56,141.52,-107.36,-53.68,161.04,322.08,512.4,414.8,346.48,302.56,248.88
24.4,151.28,126.88,-87.84,-53.68,136.64,297.68,483.12,385.52,312.32,283.04,234.24
9.76,141.52,131.76,-73.2,-63.44,136.64,268.4,434.32,351.36,273.28,253.76,204.96
0,126.88,126.88,-63.44,-63.44,126.88,234.24,390.4,317.2,229.36,214.72,165.92
-9.76,68.32,78.08,-29.28,-43.92,73.2,204.96,356.24,278.16,200.08,180.56,141.52
0,68.32,68.32,-34.16,-34.16,68.32,185.44,312.32,253.76,180.56,165.92,126.88
29.28,92.72,63.44,-58.56,-19.52,78.08,175.68,278.16,234.24,165.92,151.28,117.12
4.88,63.44,58.56,-34.16,-29.28,58.56,156.16,248.88,200.08,136.64,112.24,107.36
9.76,34.16,24.4,-19.52,-9.76,29.28,136.64,204.96,165.92,112.24,73.2,102.48
0,9.76,9.76,-4.88,-4.88,9.76,122,185.44,136.64,92.72,82.96,97.6
-14.64,-4.88,9.76,9.76,-14.64,0,92.72,156.16,102.48,68.32,63.44,78.08
-9.76,9.76,19.52,0,-14.64,14.64,73.2,136.64,73.2,39.04,43.92,53.68
-4.88,-14.64,-9.76,9.76,0,-14.64,68.32,122,68.32,29.28,39.04,53.68
-14.64,-34.16,-19.52,24.4,0,-29.28,48.8,97.6,48.8,0,19.52,34.16
-9.76,-34.16,-24.4,24.4,4.88,-29.28,24.4,68.32,24.4,-29.28,-14.64,0
-19.52,-58.56,-39.04,39.04,9.76,-48.8,19.52,48.8,9.76,-43.92,-19.52,4.88
-29.28,-73.2,-43.92,53.68,4.88,-58.56,4.88,24.4,-9.76,-63.44,-29.28,0
-34.16,-78.08,-43.92,58.56,4.88,-63.44,0,4.88,-19.52,-63.44,-34.16,-4.88
-29.28,-92.72,-63.44,63.44,14.64,-78.08,-4.88,-4.88,-39.04,-63.44,-34.16,-4.88
-29.28,-92.72,-63.44,63.44,14.64,-78.08,-19.52,-34.16,-58.56,-73.2,-43.92,-19.52
-34.16,-97.6,-63.44,68.32,14.64,-82.96,-34.16,-43.92,-82.96,-92.72,-53.68,-29.28
-9.76,-78.08,-68.32,43.92,29.28,-73.2,-34.16,-39.04,-78.08,-97.6,-43.92,-29.28
4.88,-87.84,-92.72,43.92,48.8,-92.72,-39.04,-48.8,-92.72,-102.48,-48.8,-34.16
-9.76,-112.24,-102.48,63.44,43.92,-107.36,-53.68,-58.56,-92.72,-122,-58.56,-39.04
-14.64,-117.12,-102.48,68.32,43.92,-112.24,-53.68,-63.44,-87.84,-117.12,-78.08,-34.16
-39.04,-131.76,-92.72,87.84,24.4,-112.24,-53.68,-78.08,-97.6,-122,-92.72,-34.16
-43.92,-141.52,-97.6,92.72,24.4,-122,-63.44,-102.48,-112.24,-146.4,-102.48,-39.04
-39.04,-146.4,-107.36,92.72,34.16,-126.88,-73.2,-117.12,-122,-151.28,-102.48,-48.8
-39.04,-151.28,-112.24,97.6,34.16,-131.76,-73.2,-117.12,-131.76,-146.4,-97.6,-53.68
-39.04,-141.52,-102.48,92.72,29.28,-122,-68.32,-122,-131.76,-131.76,-97.6,-39.04
-29.28,-151.28,-122,92.72,43.92,-136.64,-82.96,-131.76,-146.4,-146.4,-117.12,-34.16
-48.8,-161.04,-112.24,107.36,29.28,-136.64,-87.84,-122,-146.4,-156.16,-112.24,-39.04
-58.56,-161.04,-102.48,112.24,19.52,-131.76,-82.96,-126.88,-146.4,-156.16,-107.36,-39.04
-63.44,-170.8,-107.36,117.12,19.52,-141.52,-87.84,-122,-141.52,-161.04,-107.36,-43.92
-53.68,-146.4,-92.72,102.48,19.52,-122,-97.6,-136.64,-146.4,-180.56,-131.76,-68.32
-53.68,-151.28,-97.6,102.48,19.52,-126.88,-102.48,-141.52,-151.28,-180.56,-131.76,-82.96
-73.2,-175.68,-102.48,126.88,14.64,-141.52,-107.36,-156.16,-156.16,-175.68,-131.76,-87.84
-48.8,-161.04,-112.24,107.36,29.28,-136.64,-97.6,-146.4,-146.4,-165.92,-126.88,-73.2
-19.52,-136.64,-117.12,78.08,48.8,-126.88,-92.72,-156.16,-156.16,-165.92,-122,-58.56
-39.04,-141.52,-102.48,92.72,29.28,-122,-97.6,-161.04,-170.8,-165.92,-117.12,-53.68
-14.64,-131.76,-117.12,73.2,48.8,-126.88,-92.72,-151.28,-165.92,-161.04,-107.36,-48.8
-9.76,-117.12,-107.36,63.44,48.8,-112.24,-87.84,-136.64,-161.04,-161.04,-107.36,-43.92
-34.16,-126.88,-92.72,82.96,29.28,-112.24,-97.6,-146.4,-161.04,-165.92,-117.12,-58.56
-43.92,-141.52,-97.6,92.72,24.4,-122,-97.6,-141.52,-156.16,-170.8,-117.12,-58.56
-19.52,-151.28,-131.76,87.84,53.68,-141.52,-92.72,-136.64,-146.4,-175.68,-126.88,-63.44
-19.52,-141.52,-122,82.96,48.8,-131.76,-97.6,-136.64,-146.4,-170.8,-126.88,-63.44
-34.16,-151.28,-117.12,92.72,39.04,-136.64,-102.48,-156.16,-156.16,-175.68,-126.88,-73.2
-39.04,-165.92,-126.88,102.48,43.92,-146.4,-102.48,-156.16,-156.16,-180.56,-126.88,-78.08
-24.4,-156.16,-131.76,92.72,53.68,-146.4,-87.84,-151.28,-156.16,-165.92,-112.24,-68.32
-53.68,-141.52,-87.84,97.6,14.64,-117.12,-97.6,-161.04,-165.92,-165.92,-117.12,-73.2
-43.92,-141.52,-97.6,92.72,24.4,-122,-97.6,-156.16,-161.04,-165.92,-122,-68.32
-34.16,-136.64,-102.48,87.84,34.16,-122,-102.48,-146.4,-161.04,-170.8,-136.64,-58.56
-43.92,-156.16,-112.24,102.48,34.16,-136.64,-107.36,-141.52,-156.16,-165.92,-151.28,-48.8
-48.8,-151.28,-102.48,102.48,24.4,-126.88,-122,-146.4,-151.28,-180.56,-156.16,-63.44
-53.68,-146.4,-92.72,102.48,19.52,-122,-117.12,-141.52,-151.28,-190.32,-161.04,-73.2
-29.28,-136.64,-107.36,82.96,39.04,-122,-102.48,-146.4,-146.4,-175.68,-146.4,-63.44
-24.4,-141.52,-117.12,82.96,43.92,-131.76,-97.6,-146.4,-141.52,-165.92,-141.52,-53.68
-39.04,-161.04,-122,102.48,39.04,-141.52,-107.36,-156.16,-141.52,-170.8,-151.28,-68.32
-48.8,-170.8,-122,112.24,34.16,-146.4,-97.6,-146.4,-141.52,-156.16,-136.64,-53.68
-39.04,-131.76,-92.72,87.84,24.4,-112.24,-112.24,-156.16,-156.16,-156.16,-141.52,-53.68
-19.52,-112.24,-92.72,68.32,34.16,-102.48,-117.12,-146.4,-156.16,-161.04,-136.64,-53.68
-4.88,-102.48,-97.6,53.68,43.92,-102.48,-112.24,-131.76,-141.52,-151.28,-122,-48.8
-29.28,-136.64,-107.36,82.96,39.04,-122,-122,-141.52,-151.28,-161.04,-126.88,-53.68
-19.52,-122,-102.48,73.2,39.04,-112.24,-131.76,-146.4,-156.16,-170.8,-136.64,-68.32
-14.64,-126.88,-112.24,73.2,48.8,-122,-126.88,-146.4,-146.4,-165.92,-136.64,-73.2
-29.28,-136.64,-107.36,82.96,39.04,-122,-126.88,-151.28,-146.4,-170.8,-136.64,-73.2
-48.8,-156.16,-107.36,102.48,29.28,-131.76,-131.76,-161.04,-141.52,-165.92,-136.64,-73.2
-53.68,-156.16,-102.48,107.36,24.4,-131.76,-141.52,-165.92,-146.4,-165.92,-141.52,-68.32
-29.28,-126.88,-97.6,78.08,34.16,-112.24,-136.64,-161.04,-151.28,-156.16,-151.28,-63.44
-19.52,-112.24,-92.72,68.32,34.16,-102.48,-126.88,-156.16,-146.4,-146.4,-141.52,-48.8
-9.76,-122,-112.24,68.32,48.8,-117.12,-126.88,-151.28,-141.52,-151.28,-126.88,-43.92
-19.52,-122,-102.48,73.2,39.04,-112.24,-136.64,-151.28,-161.04,-165.92,-136.64,-58.56
-24.4,-122,-97.6,73.2,34.16,-112.24,-141.52,-161.04,-165.92,-175.68,-146.4,-58.56
-19.52,-126.88,-107.36,73.2,43.92,-117.12,-151.28,-161.04,-161.04,-180.56,-156.16,-58.56
-29.28,-136.64,-107.36,82.96,39.04,-122,-151.28,-165.92,-156.16,-180.56,-156.16,-73.2
-48.8,-161.04,-112.24,107.36,29.28,-136.64,-156.16,-170.8,-161.04,-185.44,-165.92,-82.96
-48.8,-170.8,-122,112.24,34.16,-146.4,-165.92,-180.56,-161.04,-180.56,-161.04,-82.96
-19.52,-151.28,-131.76,87.84,53.68,-141.52,-161.04,-180.56,-161.04,-180.56,-156.16,-73.2
-14.64,-131.76,-117.12,73.2,48.8,-126.88,-156.16,-180.56,-161.04,-170.8,-151.28,-73.2
-19.52,-136.64,-117.12,78.08,48.8,-126.88,-161.04,-190.32,-180.56,-175.68,-156.16,-73.2
-24.4,-122,-97.6,73.2,34.16,-112.24,-170.8,-190.32,-185.44,-185.44,-161.04,-73.2
-24.4,-126.88,-102.48,78.08,39.04,-117.12,-175.68,-180.56,-185.44,-180.56,-156.16,-63.44
-14.64,-126.88,-112.24,73.2,48.8,-122,-165.92,-175.68,-180.56,-180.56,-146.4,-58.56
-14.64,-146.4,-131.76,82.96,58.56,-141.52,-161.04,-170.8,-165.92,-180.56,-146.4,-58.56
-14.64,-131.76,-117.12,73.2,48.8,-126.88,-170.8,-175.68,-165.92,-190.32,-156.16,-73.2
-4.88,-112.24,-107.36,58.56,48.8,-112.24,-175.68,-185.44,-175.68,-190.32,-161.04,-82.96
-19.52,-131.76,-112.24,78.08,43.92,-122,-170.8,-200.08,-175.68,-195.2,-165.92,-97.6
4.88,-112.24,-117.12,53.68,58.56,-117.12,-170.8,-195.2,-185.44,-195.2,-165.92,-87.84
14.64,-122,-136.64,53.68,73.2,-131.76,-165.92,-190.32,-185.44,-185.44,-161.04,-78.08
0,-136.64,-136.64,68.32,68.32,-136.64,-165.92,-195.2,-195.2,-190.32,-161.04,-68.32
4.88,-112.24,-117.12,53.68,58.56,-117.12,-161.04,-185.44,-190.32,-200.08,-151.28,-63.44
-19.52,-136.64,-117.12,78.08,48.8,-126.88,-165.92,-175.68,-190.32,-195.2,-146.4,-68.32
-14.64,-131.76,-117.12,73.2,48.8,-126.88,-175.68,-180.56,-195.2,-195.2,-151.28,-78.08
-29.28,-117.12,-87.84,73.2,29.28,-102.48,-175.68,-175.68,-185.44,-200.08,-156.16,-78.08
-53.68,-136.64,-82.96,97.6,14.64,-112.24,-180.56,-180.56,-185.44,-204.96,-165.92,-92.72
-29.28,-136.64,-107.36,82.96,39.04,-122,-175.68,-180.56,-190.32,-195.2,-161.04,-92.72
-9.76,-126.88,-117.12,68.32,53.68,-122,-170.8,-180.56,-185.44,-200.08,-170.8,-82.96
0,-122,-122,63.44,58.56,-122,-170.8,-190.32,-185.44,-200.08,-175.68,-82.96
4.88,-122,-126.88,58.56,63.44,-126.88,-151.28,-175.68,-175.68,-180.56,-151.28,-63.44
14.64,-92.72,-107.36,39.04,58.56,-102.48,-146.4,-175.68,-185.44,-175.68,-136.64,-58.56
24.4,-97.6,-122,39.04,73.2,-112.24,-151.28,-175.68,-185.44,-185.44,-136.64,-63.44
4.88,-82.96,-87.84,39.04,43.92,-87.84,-161.04,-175.68,-195.2,-195.2,-146.4,-82.96
-4.88,-97.6,-92.72,53.68,43.92,-97.6,-165.92,-185.44,-209.84,-200.08,-146.4,-87.84
14.64,-87.84,-102.48,39.04,58.56,-97.6,-161.04,-180.56,-200.08,-209.84,-161.04,-87.84
4.88,-107.36,-112.24,53.68,58.56,-112.24,-165.92,-180.56,-195.2,-204.96,-185.44,-82.96
-34.16,-151.28,-117.12,92.72,39.04,-136.64,-175.68,-195.2,-214.72,-224.48,-209.84,-97.6
-29.28,-151.28,-122,92.72,43.92,-136.64,-165.92,-200.08,-209.84,-214.72,-190.32,-87.84
-24.4,-151.28,-126.88,87.84,48.8,-141.52,-170.8,-200.08,-209.84,-224.48,-190.32,-97.6
-29.28,-141.52,-112.24,87.84,39.04,-126.88,-165.92,-209.84,-219.6,-224.48,-185.44,-102.48
-48.8,-136.64,-87.84,92.72,19.52,-112.24,-165.92,-204.96,-219.6,-224.48,-180.56,-97.6
-34.16,-141.52,-107.36,87.84,34.16,-126.88,-170.8,-204.96,-224.48,-224.48,-185.44,-102.48
-19.52,-141.52,-122,82.96,48.8,-131.76,-180.56,-200.08,-229.36,-229.36,-180.56,-102.48
-14.64,-126.88,-112.24,73.2,48.8,-122,-170.8,-195.2,-219.6,-219.6,-175.68,-97.6
-9.76,-131.76,-122,73.2,53.68,-126.88,-165.92,-180.56,-200.08,-209.84,-161.04,-87.84
4.88,-107.36,-112.24,53.68,58.56,-112.24,-165.92,-185.44,-200.08,-219.6,-165.92,-97.6
-4.88,-122,-117.12,63.44,53.68,-122,-170.8,-190.32,-209.84,-219.6,-175.68,-87.84
-48.8,-146.4,-97.6,97.6,24.4,-122,-180.56,-209.84,-219.6,-239.12,-214.72,-102.48
-29.28,-131.76,-102.48,82.96,34.16,-117.12,-175.68,-214.72,-229.36,-234.24,-219.6,-102.48
4.88,-122,-126.88,58.56,63.44,-126.88,-161.04,-209.84,-224.48,-224.48,-204.96,-97.6
-9.76,-126.88,-117.12,68.32,53.68,-122,-165.92,-214.72,-234.24,-224.48,-195.2,-102.48
-39.04,-141.52,-102.48,92.72,29.28,-122,-170.8,-214.72,-234.24,-234.24,-200.08,-117.12
-53.68,-156.16,-102.48,107.36,24.4,-131.76,-180.56,-214.72,-234.24,-234.24,-200.08,-122
-48.8,-156.16,-107.36,102.48,29.28,-131.76,-175.68,-209.84,-239.12,-234.24,-204.96,-117.12
-48.8,-151.28,-102.48,102.48,24.4,-126.88,-180.56,-204.96,-234.24,-239.12,-209.84,-117.12
-19.52,-131.76,-112.24,78.08,43.92,-122,-175.68,-204.96,-224.48,-234.24,-209.84,-112.24
4.88,-117.12,-122,58.56,63.44,-122,-161.04,-195.2,-214.72,-229.36,-190.32,-97.6
0,-126.88,-126.88,63.44,63.44,-126.88,-156.16,-200.08,-214.72,-229.36,-190.32,-92.72
-14.64,-136.64,-122,78.08,53.68,-131.76,-170.8,-209.84,-224.48,-239.12,-200.08,-102.48
-9.76,-136.64,-126.88,73.2,58.56,-131.76,-175.68,-214.72,-234.24,-229.36,-200.08,-102.48
-9.76,-112.24,-102.48,63.44,43.92,-107.36,-170.8,-209.84,-244,-229.36,-195.2,-102.48
-24.4,-122,-97.6,73.2,34.16,-112.24,-175.68,-209.84,-239.12,-239.12,-200.08,-107.36
-29.28,-126.88,-97.6,78.08,34.16,-112.24,-170.8,-209.84,-244,-234.24,-209.84,-131.76
0,-107.36,-107.36,53.68,53.68,-107.36,-151.28,-190.32,-224.48,-219.6,-195.2,-126.88
4.88,-107.36,-112.24,53.68,58.56,-112.24,-146.4,-180.56,-219.6,-219.6,-190.32,-122
0,-107.36,-107.36,53.68,53.68,-107.36,-156.16,-185.44,-219.6,-224.48,-200.08,-117.12
4.88,-107.36,-112.24,53.68,58.56,-112.24,-151.28,-190.32,-219.6,-219.6,-200.08,-102.48
-24.4,-141.52,-117.12,82.96,43.92,-131.76,-156.16,-190.32,-214.72,-224.48,-200.08,-107.36
-24.4,-131.76,-107.36,78.08,39.04,-122,-156.16,-200.08,-214.72,-224.48,-190.32,-102.48
-4.88,-87.84,-82.96,48.8,39.04,-87.84,-156.16,-200.08,-219.6,-219.6,-190.32,-107.36
-9.76,-92.72,-82.96,53.68,34.16,-87.84,-161.04,-204.96,-234.24,-224.48,-190.32,-107.36
-9.76,-92.72,-82.96,53.68,34.16,-87.84,-146.4,-185.44,-219.6,-209.84,-175.68,-97.6
-9.76,-87.84,-78.08,48.8,34.16,-82.96,-136.64,-180.56,-209.84,-204.96,-170.8,-87.84
0,-73.2,-73.2,39.04,34.16,-73.2,-141.52,-180.56,-214.72,-214.72,-185.44,-102.48
19.52,-58.56,-78.08,19.52,48.8,-68.32,-126.88,-170.8,-200.08,-209.84,-200.08,-92.72
24.4,-58.56,-82.96,19.52,53.68,-73.2,-117.12,-161.04,-185.44,-195.2,-185.44,-92.72
4.88,-68.32,-73.2,34.16,39.04,-73.2,-126.88,-170.8,-200.08,-204.96,-175.68,-112.24
-4.88,-78.08,-73.2,43.92,34.16,-78.08,-122,-180.56,-204.96,-204.96,-180.56,-117.12
0,-68.32,-68.32,34.16,34.16,-68.32,-117.12,-170.8,-195.2,-195.2,-175.68,-102.48
4.88,-68.32,-73.2,34.16,39.04,-73.2,-112.24,-165.92,-195.2,-190.32,-170.8,-102.48
4.88,-63.44,-68.32,29.28,34.16,-68.32,-117.12,-161.04,-185.44,-180.56,-170.8,-92.72
19.52,-53.68,-73.2,19.52,43.92,-63.44,-117.12,-151.28,-180.56,-170.8,-170.8,-78.08
29.28,-34.16,-63.44,4.88,43.92,-48.8,-117.12,-146.4,-170.8,-165.92,-180.56,-78.08
39.04,-24.4,-63.44,-4.88,48.8,-43.92,-122,-141.52,-170.8,-161.04,-170.8,-68.32
34.16,-39.04,-73.2,4.88,53.68,-58.56,-151.28,-156.16,-165.92,-165.92,-161.04,-73.2
29.28,-53.68,-82.96,14.64,53.68,-68.32,-165.92,-165.92,-170.8,-170.8,-156.16,-73.2
24.4,-73.2,-97.6,24.4,58.56,-87.84,-165.92,-175.68,-180.56,-180.56,-151.28,-78.08
34.16,-68.32,-102.48,19.52,68.32,-87.84,-165.92,-190.32,-190.32,-195.2,-156.16,-92.72
43.92,-58.56,-102.48,9.76,73.2,-82.96,-165.92,-190.32,-190.32,-200.08,-156.16,-87.84
14.64,-82.96,-97.6,34.16,53.68,-92.72,-175.68,-200.08,-214.72,-200.08,-156.16,-92.72
24.4,-68.32,-92.72,24.4,58.56,-82.96,-175.68,-204.96,-219.6,-195.2,-146.4,-82.96
43.92,-58.56,-102.48,9.76,73.2,-82.96,-180.56,-204.96,-219.6,-200.08,-141.52,-82.96
43.92,-58.56,-102.48,9.76,73.2,-82.96,-200.08,-209.84,-234.24,-219.6,-146.4,-97.6
29.28,-58.56,-87.84,14.64,58.56,-73.2,-200.08,-214.72,-234.24,-229.36,-151.28,-102.48
39.04,-58.56,-97.6,9.76,68.32,-78.08,-200.08,-209.84,-224.48,-224.48,-151.28,-102.48
39.04,-63.44,-102.48,14.64,68.32,-82.96,-195.2,-200.08,-224.48,-219.6,-161.04,-107.36
-4.88,-87.84,-82.96,48.8,39.04,-87.84,-195.2,-219.6,-239.12,-234.24,-175.68,-117.12
-4.88,-97.6,-92.72,53.68,43.92,-97.6,-195.2,-229.36,-244,-239.12,-185.44,-122
-9.76,-117.12,-107.36,63.44,48.8,-112.24,-185.44,-219.6,-234.24,-234.24,-175.68,-117.12
-14.64,-97.6,-82.96,58.56,34.16,-92.72,-195.2,-229.36,-248.88,-239.12,-185.44,-136.64
-19.52,-97.6,-78.08,58.56,29.28,-87.84,-190.32,-229.36,-253.76,-229.36,-170.8,-126.88
-24.4,-112.24,-87.84,68.32,29.28,-102.48,-185.44,-234.24,-248.88,-229.36,-170.8,-126.88
-39.04,-136.64,-97.6,87.84,29.28,-117.12,-190.32,-229.36,-263.52,-234.24,-170.8,-131.76
-48.8,-141.52,-92.72,97.6,19.52,-117.12,-195.2,-234.24,-268.4,-253.76,-185.44,-136.64
-39.04,-117.12,-78.08,78.08,19.52,-97.6,-209.84,-239.12,-263.52,-263.52,-195.2,-146.4
-9.76,-117.12,-107.36,63.44,48.8,-112.24,-204.96,-234.24,-263.52,-258.64,-190.32,-141.52
-14.64,-126.88,-112.24,73.2,48.8,-122,-204.96,-234.24,-258.64,-258.64,-190.32,-146.4
-24.4,-136.64,-112.24,82.96,43.92,-126.88,-209.84,-248.88,-268.4,-263.52,-219.6,-161.04
-24.4,-131.76,-107.36,78.08,39.04,-122,-214.72,-258.64,-273.28,-273.28,-224.48,-170.8
-29.28,-146.4,-117.12,87.84,43.92,-131.76,-209.84,-253.76,-278.16,-273.28,-224.48,-170.8
-53.68,-175.68,-122,117.12,34.16,-151.28,-209.84,-253.76,-283.04,-268.4,-219.6,-151.28
-29.28,-136.64,-107.36,82.96,39.04,-122,-219.6,-253.76,-283.04,-268.4,-229.36,-136.64
4.88,-107.36,-112.24,53.68,58.56,-112.24,-214.72,-244,-273.28,-263.52,-219.6,-136.64
-14.64,-117.12,-102.48,68.32,43.92,-112.24,-214.72,-248.88,-283.04,-273.28,-219.6,-146.4
-14.64,-122,-107.36,68.32,43.92,-117.12,-214.72,-244,-278.16,-273.28,-224.48,-151.28
-29.28,-141.52,-112.24,87.84,39.04,-126.88,-214.72,-248.88,-278.16,-278.16,-234.24,-156.16
-53.68,-170.8,-117.12,112.24,29.28,-146.4,-209.84,-248.88,-278.16,-268.4,-229.36,-151.28
-68.32,-175.68,-107.36,122,19.52,-141.52,-214.72,-263.52,-283.04,-278.16,-234.24,-165.92
-39.04,-131.76,-92.72,87.84,24.4,-112.24,-234.24,-273.28,-297.68,-287.92,-229.36,-170.8
-9.76,-117.12,-107.36,63.44,48.8,-112.24,-219.6,-258.64,-287.92,-273.28,-214.72,-161.04
-48.8,-156.16,-107.36,102.48,29.28,-131.76,-219.6,-258.64,-287.92,-273.28,-214.72,-165.92
-78.08,-165.92,-87.84,122,4.88,-126.88,-224.48,-273.28,-297.68,-278.16,-224.48,-175.68
-43.92,-141.52,-97.6,92.72,24.4,-122,-219.6,-253.76,-292.8,-278.16,-219.6,-161.04
-24.4,-131.76,-107.36,78.08,39.04,-122,-219.6,-248.88,-287.92,-273.28,-234.24,-151.28
-19.52,-141.52,-122,82.96,48.8,-131.76,-214.72,-248.88,-278.16,-273.28,-248.88,-151.28
-9.76,-126.88,-117.12,68.32,53.68,-122,-214.72,-239.12,-273.28,-278.16,-253.76,-156.16
-24.4,-131.76,-107.36,78.08,39.04,-122,-204.96,-244,-268.4,-283.04,-258.64,-170.8
-29.28,-131.76,-102.48,82.96,34.16,-117.12,-180.56,-224.48,-253.76,-263.52,-253.76,-170.8
-39.04,-151.28,-112.24,97.6,34.16,-131.76,-185.44,-224.48,-258.64,-268.4,-253.76,-180.56
-53.68,-161.04,-107.36,107.36,24.4,-136.64,-170.8,-209.84,-258.64,-263.52,-253.76,-180.56
-53.68,-151.28,-97.6,102.48,19.52,-126.88,-146.4,-190.32,-244,-253.76,-248.88,-175.68
-73.2,-165.92,-92.72,122,9.76,-131.76,-117.12,-165.92,-234.24,-263.52,-268.4,-190.32
-97.6,-180.56,-82.96,141.52,-9.76,-131.76,-78.08,-126.88,-219.6,-268.4,-283.04,-204.96
-78.08,-161.04,-82.96,122,0,-122,-29.28,-73.2,-195.2,-268.4,-302.56,-234.24
-73.2,-185.44,-112.24,131.76,19.52,-151.28,29.28,9.76,-141.52,-253.76,-312.32,-253.76
-29.28,-170.8,-141.52,102.48,53.68,-156.16,102.48,136.64,-58.56,-229.36,-322.08,-263.52
-9.76,-180.56,-170.8,97.6,78.08,-175.68,170.8,268.4,34.16,-190.32,-331.84,-297.68
-4.88,-185.44,-180.56,97.6,87.84,-185.44,229.36,405.04,141.52,-146.4,-346.48,-317.2
14.64,-175.68,-190.32,82.96,102.48,-185.44,297.68,610,292.8,-82.96,-361.12,-336.72
29.28,-180.56,-209.84,78.08,117.12,-195.2,375.76,849.12,483.12,9.76,-375.76,-346.48
48.8,-141.52,-190.32,48.8,117.12,-165.92,531.92,1185.84,732,151.28,-336.72,-341.6
92.72,-68.32,-161.04,-9.76,126.88,-117.12,658.8,1478.64,976,312.32,-263.52,-312.32
180.56,34.16,-146.4,-107.36,161.04,-58.56,712.48,1625.04,1156.56,478.24,-122,-214.72
268.4,151.28,-117.12,-209.84,190.32,14.64,732,1649.44,1302.96,688.08,78.08,-63.44
356.24,273.28,-82.96,-312.32,219.6,92.72,741.76,1586,1395.68,917.44,331.84,131.76
424.56,448.96,24.4,-434.32,200.08,234.24,712.48,1327.36,1342,1117.52,595.36,361.12
502.64,639.28,136.64,-570.96,180.56,385.52,634.4,976,1161.44,1268.8,917.44,649.04
566.08,824.72,258.64,-692.96,151.28,541.68,556.32,595.36,956.48,1439.6,1293.2,951.6
575.84,1102.88,527.04,-839.36,24.4,814.96,541.68,209.84,795.44,1668.96,1688.48,1254.16
531.92,1478.64,946.72,-1005.28,-209.84,1210.24,527.04,-234.24,624.64,1893.44,2039.84,1527.44
424.56,1795.84,1371.28,-1107.76,-473.36,1581.12,561.2,-736.88,385.52,2059.36,2322.88,1756.8
302.56,1956.88,1654.32,-1127.28,-678.32,1805.6,624.64,-1112.64,180.56,2176.48,2513.2,1912.96
200.08,1917.84,1717.76,-1058.96,-761.28,1815.36,707.6,-1312.72,58.56,2200.88,2542.48,1912.96
136.64,1732.4,1595.76,-932.08,-732,1664.08,824.72,-1459.12,-78.08,2039.84,2308.24,1761.68
39.04,1503.04,1464,-771.04,-712.48,1483.52,829.6,-1576.24,-341.6,1634.8,1893.44,1488.4
-112.24,1215.12,1327.36,-551.44,-722.24,1268.8,673.44,-1698.24,-663.68,1093.12,1337.12,1141.92
-234.24,927.2,1161.44,-346.48,-697.84,1044.32,424.56,-1786.08,-1019.92,356.24,624.64,717.36
-326.96,688.08,1015.04,-180.56,-673.44,849.12,-68.32,-1859.28,-1293.2,-297.68,9.76,351.36
-380.64,444.08,824.72,-29.28,-605.12,634.4,-531.92,-1844.64,-1327.36,-522.16,-283.04,87.84
-380.64,268.4,649.04,58.56,-517.28,458.72,-678.32,-1688.48,-1224.88,-502.64,-331.84,-34.16
-356.24,175.68,531.92,92.72,-444.08,351.36,-844.24,-1586,-1132.16,-458.72,-317.2,-82.96
-341.6,78.08,419.68,131.76,-380.64,248.88,-990.64,-1517.68,-1098,-541.68,-341.6,-131.76
-317.2,-14.64,302.56,165.92,-312.32,141.52,-951.6,-1376.16,-1083.36,-688.08,-419.68,-214.72
-263.52,-24.4,239.12,146.4,-253.76,107.36,-858.88,-1161.44,-946.72,-673.44,-419.68,-239.12
-200.08,14.64,214.72,92.72,-209.84,112.24,-790.56,-946.72,-761.28,-546.56,-361.12,-200.08
-170.8,4.88,175.68,82.96,-175.68,87.84,-702.72,-780.8,-619.76,-444.08,-322.08,-165.92
-165.92,-9.76,156.16,87.84,-161.04,73.2,-605.12,-653.92,-522.16,-380.64,-287.92,-156.16
-141.52,0,141.52,73.2,-141.52,68.32,-497.76,-527.04,-419.68,-312.32,-253.76,-141.52
-126.88,-14.64,112.24,73.2,-122,48.8,-390.4,-405.04,-322.08,-248.88,-219.6,-122
-92.72,-34.16,58.56,63.44,-78.08,9.76,-287.92,-287.92,-229.36,-190.32,-190.32,-117.12
-43.92,-43.92,0,43.92,-24.4,-24.4,-185.44,-156.16,-122,-117.12,-136.64,-102.48
-34.16,-63.44,-29.28,48.8,-4.88,-48.8,-126.88,-97.6,-73.2,-87.84,-122,-92.72
-4.88,-39.04,-34.16,24.4,14.64,-39.04,-112.24,-82.96,-53.68,-82.96,-122,-97.6
29.28,-14.64,-43.92,-4.88,34.16,-29.28,-122,-87.84,-63.44,-97.6,-126.88,-112.24
19.52,-34.16,-53.68,9.76,34.16,-43.92,-122,-78.08,-73.2,-102.48,-151.28,-112.24
0,-29.28,-29.28,14.64,14.64,-29.28,-112.24,-68.32,-68.32,-107.36,-175.68,-102.48
-4.88,-34.16,-29.28,19.52,9.76,-34.16,-117.12,-68.32,-78.08,-122,-180.56,-107.36
-14.64,-53.68,-39.04,34.16,9.76,-48.8,-126.88,-58.56,-73.2,-122,-180.56,-122
-9.76,-78.08,-68.32,43.92,29.28,-73.2,-112.24,-43.92,-58.56,-112.24,-175.68,-112.24
9.76,-78.08,-87.84,34.16,48.8,-82.96,-112.24,-34.16,-53.68,-117.12,-185.44,-112.24
4.88,-63.44,-68.32,29.28,34.16,-68.32,-122,-39.04,-48.8,-122,-185.44,-126.88
-19.52,-78.08,-58.56,48.8,19.52,-68.32,-117.12,-34.16,-43.92,-122,-180.56,-117.12
-34.16,-112.24,-78.08,73.2,19.52,-97.6,-117.12,-39.04,-43.92,-117.12,-185.44,-126.88
-24.4,-107.36,-82.96,68.32,29.28,-97.6,-117.12,-34.16,-43.92,-107.36,-190.32,-131.76
-19.52,-78.08,-58.56,48.8,19.52,-68.32,-107.36,-34.16,-39.04,-107.36,-175.68,-126.88
-24.4,-63.44,-39.04,43.92,4.88,-53.68,-102.48,-29.28,-43.92,-107.36,-170.8,-126.88
-29.28,-68.32,-39.04,48.8,4.88,-53.68,-97.6,-19.52,-34.16,-102.48,-161.04,-122
-34.16,-78.08,-43.92,58.56,4.88,-63.44,-97.6,-9.76,-34.16,-92.72,-161.04,-122
-14.64,-73.2,-58.56,43.92,19.52,-68.32,-97.6,0,-24.4,-92.72,-156.16,-117.12
19.52,-39.04,-58.56,9.76,39.04,-48.8,-87.84,19.52,-4.88,-78.08,-146.4,-102.48
-4.88,-53.68,-48.8,29.28,19.52,-53.68,-97.6,19.52,-4.88,-82.96,-146.4,-117.12
-34.16,-78.08,-43.92,58.56,4.88,-63.44,-92.72,14.64,-9.76,-82.96,-146.4,-126.88
-24.4,-73.2,-48.8,48.8,9.76,-63.44,-92.72,9.76,-9.76,-82.96,-146.4,-117.12
-4.88,-63.44,-58.56,34.16,24.4,-63.44,-82.96,14.64,-4.88,-73.2,-165.92,-112.24
4.88,-48.8,-53.68,24.4,29.28,-53.68,-78.08,24.4,9.76,-63.44,-151.28,-102.48
4.88,-53.68,-58.56,24.4,29.28,-58.56,-78.08,19.52,4.88,-63.44,-146.4,-97.6
4.88,-58.56,-63.44,29.28,34.16,-63.44,-73.2,24.4,9.76,-63.44,-141.52,-102.48
14.64,-53.68,-68.32,19.52,39.04,-63.44,-78.08,34.16,19.52,-58.56,-146.4,-102.48
0,-58.56,-58.56,29.28,29.28,-58.56,-78.08,39.04,19.52,-63.44,-146.4,-102.48
4.88,-48.8,-53.68,24.4,29.28,-53.68,-78.08,48.8,29.28,-58.56,-151.28,-97.6
19.52,-43.92,-63.44,14.64,39.04,-53.68,-82.96,48.8,39.04,-63.44,-146.4,-97.6
-9.76,-73.2,-63.44,43.92,24.4,-68.32,-78.08,48.8,39.04,-58.56,-141.52,-97.6
-19.52,-68.32,-48.8,43.92,14.64,-58.56,-73.2,48.8,39.04,-53.68,-141.52,-97.6
0,-53.68,-53.68,29.28,24.4,-53.68,-63.44,53.68,53.68,-39.04,-126.88,-102.48
9.76,-34.16,-43.92,14.64,24.4,-39.04,-53.68,63.44,63.44,-24.4,-112.24,-102.48
9.76,-43.92,-53.68,19.52,29.28,-48.8,-53.68,68.32,63.44,-14.64,-107.36,-97.6
14.64,-39.04,-53.68,14.64,34.16,-48.8,-48.8,82.96,78.08,-9.76,-102.48,-92.72
29.28,0,-29.28,-14.64,29.28,-14.64,-43.92,92.72,92.72,4.88,-92.72,-73.2
19.52,-19.52,-39.04,0,29.28,-29.28,-48.8,97.6,92.72,0,-92.72,-68.32
34.16,-19.52,-53.68,-4.88,43.92,-39.04,-48.8,107.36,102.48,0,-97.6,-73.2
14.64,-19.52,-34.16,4.88,24.4,-29.28,-58.56,102.48,107.36,0,-92.72,-82.96
9.76,-24.4,-34.16,9.76,19.52,-29.28,-53.68,97.6,97.6,4.88,-92.72,-87.84
24.4,-24.4,-48.8,0,34.16,-39.04,-29.28,117.12,122,19.52,-73.2,-68.32
14.64,-48.8,-63.44,19.52,39.04,-58.56,-19.52,122,136.64,39.04,-73.2,-53.68
-4.88,-43.92,-39.04,24.4,14.64,-43.92,-24.4,122,131.76,29.28,-97.6,-63.44
9.76,0,-9.76,-4.88,9.76,-4.88,-24.4,122,131.76,34.16,-82.96,-58.56
14.64,4.88,-9.76,-9.76,9.76,-4.88,-24.4,131.76,146.4,39.04,-78.08,-58.56
0,-19.52,-19.52,9.76,9.76,-19.52,-19.52,146.4,165.92,53.68,-63.44,-48.8
4.88,-19.52,-24.4,9.76,14.64,-24.4,-4.88,170.8,180.56,68.32,-48.8,-34.16
24.4,14.64,-9.76,-19.52,14.64,0,0,175.68,190.32,78.08,-43.92,-34.16
39.04,39.04,0,-39.04,19.52,19.52,-4.88,175.68,200.08,78.08,-43.92,-43.92
39.04,43.92,4.88,-39.04,14.64,24.4,0,185.44,209.84,92.72,-29.28,-34.16
39.04,34.16,-4.88,-34.16,19.52,14.64,4.88,190.32,214.72,97.6,-29.28,-39.04
43.92,34.16,-9.76,-39.04,24.4,9.76,14.64,190.32,219.6,107.36,-19.52,-34.16
34.16,39.04,4.88,-34.16,14.64,19.52,24.4,204.96,224.48,126.88,-9.76,-24.4
29.28,19.52,-9.76,-24.4,19.52,4.88,34.16,209.84,239.12,131.76,4.88,-14.64
34.16,34.16,0,-34.16,14.64,14.64,29.28,219.6,244,131.76,4.88,-14.64
34.16,48.8,14.64,-39.04,9.76,29.28,48.8,244,263.52,146.4,9.76,4.88
34.16,53.68,19.52,-43.92,4.88,34.16,43.92,258.64,273.28,156.16,14.64,9.76
43.92,48.8,4.88,-43.92,19.52,24.4,53.68,273.28,287.92,165.92,19.52,9.76
48.8,43.92,-4.88,-43.92,24.4,19.52,63.44,287.92,302.56,175.68,24.4,9.76
73.2,87.84,14.64,-78.08,29.28,48.8,73.2,302.56,317.2,190.32,43.92,24.4
73.2,87.84,14.64,-78.08,29.28,48.8,102.48,326.96,341.6,209.84,63.44,34.16
68.32,92.72,24.4,-78.08,19.52,58.56,102.48,326.96,341.6,214.72,68.32,29.28
58.56,112.24,53.68,-82.96,0,82.96,107.36,336.72,341.6,219.6,68.32,34.16
43.92,87.84,43.92,-63.44,0,63.44,112.24,336.72,346.48,224.48,73.2,24.4
29.28,82.96,53.68,-53.68,-14.64,68.32,117.12,351.36,361.12,244,87.84,29.28
24.4,92.72,68.32,-58.56,-24.4,78.08,131.76,380.64,380.64,248.88,87.84,43.92
58.56,117.12,58.56,-87.84,0,87.84,151.28,400.16,405.04,268.4,92.72,68.32
87.84,156.16,68.32,-122,9.76,112.24,161.04,424.56,424.56,278.16,102.48,82.96
63.44,151.28,87.84,-107.36,-14.64,117.12,161.04,439.2,434.32,283.04,117.12,78.08
68.32,136.64,68.32,-102.48,0,102.48,185.44,458.72,458.72,307.44,136.64,92.72
107.36,175.68,68.32,-141.52,19.52,122,200.08,478.24,473.36,317.2,161.04,102.48
92.72,180.56,87.84,-136.64,0,131.76,219.6,488,478.24,336.72,175.68,107.36
78.08,175.68,97.6,-126.88,-9.76,136.64,229.36,517.28,497.76,356.24,190.32,122
82.96,170.8,87.84,-126.88,-4.88,126.88,244,536.8,507.52,366,200.08,136.64
87.84,200.08,112.24,-141.52,-14.64,156.16,268.4,561.2,536.8,390.4,224.48,156.16
82.96,209.84,126.88,-146.4,-24.4,165.92,283.04,580.72,536.8,390.4,219.6,146.4
58.56,190.32,131.76,-122,-39.04,161.04,292.8,595.36,551.44,400.16,229.36,156.16
39.04,185.44,146.4,-112.24,-53.68,165.92,307.44,619.76,570.96,405.04,239.12,156.16
63.44,234.24,170.8,-146.4,-53.68,200.08,312.32,639.28,580.72,424.56,244,161.04
92.72,263.52,170.8,-175.68,-39.04,214.72,336.72,663.68,610,444.08,273.28,190.32
112.24,278.16,165.92,-195.2,-29.28,219.6,351.36,683.2,624.64,458.72,292.8,209.84
112.24,287.92,175.68,-200.08,-34.16,229.36,370.88,702.72,639.28,478.24,312.32,214.72
117.12,297.68,180.56,-204.96,-34.16,239.12,395.28,732,649.04,497.76,336.72,229.36
102.48,287.92,185.44,-195.2,-43.92,234.24,409.92,746.64,658.8,507.52,346.48,239.12
87.84,297.68,209.84,-190.32,-63.44,253.76,414.8,756.4,668.56,507.52,356.24,239.12
117.12,341.6,224.48,-229.36,-53.68,283.04,424.56,775.92,668.56,512.4,366,239.12
117.12,341.6,224.48,-229.36,-53.68,283.04,444.08,805.2,692.96,531.92,361.12,268.4
97.6,336.72,239.12,-214.72,-73.2,287.92,453.84,819.84,702.72,522.16,346.48,283.04
112.24,356.24,244,-234.24,-68.32,297.68,473.36,849.12,722.24,541.68,375.76,287.92
122,375.76,253.76,-248.88,-68.32,312.32,492.88,868.64,736.88,556.32,400.16,297.68
126.88,380.64,253.76,-253.76,-63.44,317.2,497.76,878.4,741.76,561.2,400.16,297.68
136.64,390.4,253.76,-263.52,-58.56,322.08,522.16,897.92,761.28,570.96,419.68,312.32
117.12,380.64,263.52,-248.88,-73.2,322.08,527.04,902.8,756.4,580.72,429.44,312.32
117.12,390.4,273.28,-253.76,-78.08,331.84,541.68,917.44,766.16,595.36,439.2,322.08
112.24,395.28,283.04,-253.76,-87.84,336.72,546.56,927.2,766.16,605.12,448.96,326.96
102.48,380.64,278.16,-239.12,-87.84,326.96,551.44,927.2,761.28,600.24,453.84,331.84
107.36,405.04,297.68,-253.76,-97.6,351.36,561.2,941.84,775.92,610,468.48,341.6
112.24,419.68,307.44,-263.52,-97.6,361.12,561.2,936.96,771.04,610,468.48,341.6
107.36,405.04,297.68,-253.76,-97.6,351.36,556.32,932.08,761.28,600.24,458.72,336.72
122,400.16,278.16,-258.64,-78.08,336.72,566.08,927.2,766.16,610,468.48,351.36
107.36,414.8,307.44,-258.64,-102.48,361.12,556.32,907.68,751.52,590.48,458.72,351.36
97.6,409.92,312.32,-253.76,-107.36,361.12,536.8,883.28,732,580.72,444.08,336.72
87.84,400.16,312.32,-244,-112.24,356.24,531.92,863.76,712.48,580.72,448.96,331.84
73.2,385.52,312.32,-229.36,-122,346.48,522.16,834.48,697.84,570.96,439.2,331.84
102.48,375.76,273.28,-239.12,-87.84,322.08,512.4,824.72,683.2,561.2,444.08,326.96
82.96,385.52,302.56,-234.24,-112.24,341.6,478.24,795.44,653.92,541.68,419.68,297.68
92.72,400.16,307.44,-244,-107.36,351.36,453.84,756.4,629.52,517.28,400.16,278.16
102.48,390.4,287.92,-244,-92.72,336.72,439.2,732,619.76,502.64,380.64,278.16
97.6,380.64,283.04,-239.12,-92.72,331.84,414.8,697.84,585.6,478.24,341.6,253.76
117.12,385.52,268.4,-248.88,-78.08,326.96,405.04,668.56,566.08,458.72,312.32,244
112.24,361.12,248.88,-234.24,-68.32,302.56,380.64,629.52,536.8,429.44,302.56,234.24
73.2,317.2,244,-195.2,-87.84,278.16,341.6,580.72,502.64,395.28,268.4,200.08
48.8,283.04,234.24,-165.92,-92.72,258.64,312.32,531.92,458.72,366,234.24,175.68
39.04,253.76,214.72,-146.4,-87.84,234.24,287.92,507.52,424.56,341.6,224.48,170.8
48.8,244,195.2,-146.4,-73.2,219.6,268.4,468.48,395.28,312.32,195.2,146.4
48.8,219.6,170.8,-131.76,-63.44,195.2,244,434.32,366,292.8,175.68,136.64
34.16,190.32,156.16,-112.24,-63.44,170.8,214.72,400.16,331.84,258.64,156.16,112.24
24.4,180.56,156.16,-102.48,-68.32,165.92,190.32,366,307.44,224.48,131.76,78.08
19.52,161.04,141.52,-87.84,-63.44,151.28,170.8,336.72,287.92,204.96,112.24,63.44
0,136.64,136.64,-68.32,-68.32,136.64,151.28,297.68,248.88,180.56,82.96,34.16
-14.64,102.48,117.12,-43.92,-68.32,107.36,126.88,263.52,209.84,146.4,43.92,9.76
-9.76,92.72,102.48,-39.04,-58.56,97.6,112.24,229.36,175.68,117.12,14.64,4.88
-4.88,73.2,78.08,-34.16,-43.92,73.2,97.6,200.08,151.28,102.48,9.76,0
-19.52,48.8,68.32,-14.64,-43.92,58.56,68.32,161.04,117.12,73.2,-4.88,-19.52
-19.52,34.16,53.68,-4.88,-39.04,43.92,43.92,131.76,87.84,43.92,-34.16,-43.92
-4.88,39.04,43.92,-14.64,-24.4,39.04,39.04,122,73.2,29.28,-39.04,-43.92
4.88,39.04,34.16,-19.52,-14.64,34.16,24.4,102.48,63.44,9.76,-48.8,-58.56
14.64,39.04,24.4,-24.4,-4.88,29.28,9.76,82.96,48.8,-4.88,-48.8,-82.96
14.64,39.04,24.4,-24.4,-4.88,29.28,0,68.32,39.04,-4.88,-63.44,-87.84
9.76,19.52,9.76,-14.64,0,14.64,-9.76,48.8,19.52,-29.28,-107.36,-97.6
-14.64,-9.76,4.88,14.64,-9.76,-4.88,-19.52,24.4,-4.88,-53.68,-122,-87.84
4.88,-9.76,-14.64,4.88,9.76,-14.64,-34.16,4.88,-19.52,-73.2,-126.88,-82.96
19.52,-4.88,-24.4,-4.88,19.52,-14.64,-39.04,-9.76,-39.04,-78.08,-126.88,-92.72
9.76,-9.76,-19.52,0,14.64,-14.64,-43.92,-24.4,-48.8,-87.84,-136.64,-92.72
4.88,-19.52,-24.4,9.76,14.64,-24.4,-48.8,-39.04,-68.32,-87.84,-136.64,-102.48
4.88,-19.52,-24.4,9.76,14.64,-24.4,-63.44,-43.92,-82.96,-97.6,-141.52,-117.12
4.88,-24.4,-29.28,9.76,14.64,-29.28,-68.32,-48.8,-78.08,-102.48,-141.52,-107.36
4.88,-58.56,-63.44,29.28,34.16,-63.44,-73.2,-58.56,-82.96,-107.36,-141.52,-112.24
24.4,-39.04,-63.44,9.76,43.92,-53.68,-82.96,-73.2,-87.84,-112.24,-141.52,-112.24
34.16,-9.76,-43.92,-9.76,39.04,-29.28,-78.08,-73.2,-92.72,-117.12,-146.4,-107.36
-4.88,-58.56,-53.68,34.16,24.4,-58.56,-82.96,-87.84,-102.48,-126.88,-151.28,-112.24
-9.76,-78.08,-68.32,43.92,29.28,-73.2,-97.6,-107.36,-117.12,-141.52,-165.92,-122
-4.88,-63.44,-58.56,34.16,24.4,-63.44,-97.6,-112.24,-126.88,-141.52,-156.16,-122
-24.4,-73.2,-48.8,48.8,9.76,-63.44,-97.6,-117.12,-131.76,-141.52,-161.04,-117.12
-43.92,-87.84,-43.92,68.32,0,-68.32,-102.48,-122,-131.76,-146.4,-170.8,-126.88
-39.04,-97.6,-58.56,68.32,9.76,-78.08,-102.48,-122,-136.64,-151.28,-175.68,-136.64
-34.16,-102.48,-68.32,68.32,14.64,-87.84,-107.36,-122,-136.64,-161.04,-170.8,-131.76
-24.4,-112.24,-87.84,68.32,29.28,-102.48,-97.6,-117.12,-122,-151.28,-161.04,-122
0,-78.08,-78.08,39.04,39.04,-78.08,-97.6,-122,-131.76,-156.16,-165.92,-136.64
-9.76,-58.56,-48.8,34.16,19.52,-53.68,-117.12,-141.52,-146.4,-165.92,-175.68,-151.28
-39.04,-107.36,-68.32,73.2,14.64,-87.84,-112.24,-141.52,-141.52,-170.8,-175.68,-156.16
0,-68.32,-68.32,34.16,34.16,-68.32,-107.36,-136.64,-136.64,-156.16,-165.92,-146.4
9.76,-58.56,-68.32,24.4,39.04,-63.44,-97.6,-131.76,-136.64,-151.28,-161.04,-141.52
-9.76,-87.84,-78.08,48.8,34.16,-82.96,-97.6,-136.64,-141.52,-161.04,-185.44,-141.52
-9.76,-82.96,-73.2,48.8,29.28,-78.08,-102.48,-141.52,-146.4,-170.8,-195.2,-151.28
-29.28,-82.96,-53.68,58.56,9.76,-68.32,-107.36,-141.52,-156.16,-180.56,-190.32,-156.16
-29.28,-97.6,-68.32,63.44,19.52,-82.96,-107.36,-141.52,-156.16,-180.56,-185.44,-161.04
-24.4,-102.48,-78.08,63.44,24.4,-92.72,-102.48,-136.64,-146.4,-180.56,-195.2,-161.04
-19.52,-92.72,-73.2,58.56,24.4,-82.96,-107.36,-141.52,-141.52,-180.56,-195.2,-165.92
-24.4,-107.36,-82.96,68.32,29.28,-97.6,-97.6,-136.64,-136.64,-170.8,-190.32,-161.04
-14.64,-92.72,-78.08,53.68,29.28,-87.84,-87.84,-131.76,-136.64,-175.68,-190.32,-146.4
0,-73.2,-73.2,39.04,34.16,-73.2,-92.72,-136.64,-136.64,-175.68,-190.32,-146.4
-19.52,-102.48,-82.96,63.44,29.28,-92.72,-107.36,-141.52,-141.52,-175.68,-190.32,-161.04
-24.4,-92.72,-68.32,58.56,19.52,-82.96,-102.48,-136.64,-141.52,-175.68,-185.44,-151.28
-24.4,-92.72,-68.32,58.56,19.52,-82.96,-102.48,-136.64,-146.4,-175.68,-190.32,-146.4
-29.28,-102.48,-73.2,68.32,19.52,-87.84,-102.48,-126.88,-141.52,-175.68,-195.2,-146.4
-34.16,-102.48,-68.32,68.32,14.64,-87.84,-102.48,-126.88,-136.64,-175.68,-185.44,-146.4
-19.52,-82.96,-63.44,53.68,19.52,-73.2,-102.48,-131.76,-136.64,-180.56,-190.32,-146.4
-29.28,-112.24,-82.96,73.2,24.4,-97.6,-102.48,-126.88,-122,-170.8,-180.56,-146.4
-24.4,-102.48,-78.08,63.44,24.4,-92.72,-107.36,-131.76,-131.76,-180.56,-185.44,-161.04
0,-92.72,-92.72,48.8,43.92,-92.72,-107.36,-131.76,-131.76,-175.68,-185.44,-170.8
-29.28,-117.12,-87.84,73.2,29.28,-102.48,-112.24,-131.76,-126.88,-175.68,-185.44,-185.44
-34.16,-107.36,-73.2,73.2,19.52,-92.72,-107.36,-131.76,-131.76,-165.92,-175.68,-195.2
-9.76,-87.84,-78.08,48.8,34.16,-82.96,-112.24,-131.76,-131.76,-165.92,-180.56,-185.44
-29.28,-107.36,-78.08,68.32,24.4,-92.72,-107.36,-126.88,-131.76,-161.04,-185.44,-165.92
-9.76,-82.96,-73.2,48.8,29.28,-78.08,-102.48,-117.12,-122,-161.04,-195.2,-151.28
14.64,-58.56,-73.2,24.4,43.92,-68.32,-102.48,-112.24,-122,-161.04,-185.44,-151.28
-4.88,-92.72,-87.84,48.8,39.04,-92.72,-107.36,-117.12,-122,-165.92,-190.32,-156.16
-29.28,-117.12,-87.84,73.2,29.28,-102.48,-107.36,-117.12,-112.24,-161.04,-175.68,-156.16
-19.52,-92.72,-73.2,58.56,24.4,-82.96,-117.12,-131.76,-126.88,-170.8,-185.44,-170.8
-29.28,-107.36,-78.08,68.32,24.4,-92.72,-117.12,-131.76,-122,-165.92,-180.56,-165.92
-19.52,-97.6,-78.08,58.56,29.28,-87.84,-117.12,-126.88,-117.12,-161.04,-175.68,-156.16
0,-92.72,-92.72,48.8,43.92,-92.72,-117.12,-131.76,-122,-165.92,-175.68,-156.16
14.64,-68.32,-82.96,29.28,48.8,-78.08,-126.88,-141.52,-136.64,-170.8,-180.56,-151.28
29.28,-58.56,-87.84,14.64,58.56,-73.2,-122,-131.76,-122,-156.16,-175.68,-131.76
24.4,-63.44,-87.84,19.52,53.68,-78.08,-122,-122,-117.12,-151.28,-170.8,-136.64
9.76,-73.2,-82.96,34.16,43.92,-78.08,-131.76,-126.88,-122,-156.16,-175.68,-141.52
-9.76,-107.36,-97.6,58.56,43.92,-102.48,-131.76,-131.76,-117.12,-161.04,-175.68,-141.52
-29.28,-107.36,-78.08,68.32,24.4,-92.72,-126.88,-131.76,-112.24,-156.16,-170.8,-146.4
-19.52,-97.6,-78.08,58.56,29.28,-87.84,-136.64,-136.64,-122,-156.16,-170.8,-146.4
-4.88,-87.84,-82.96,48.8,39.04,-87.84,-126.88,-131.76,-112.24,-151.28,-161.04,-141.52
4.88,-78.08,-82.96,39.04,43.92,-82.96,-126.88,-141.52,-117.12,-151.28,-165.92,-136.64
0,-82.96,-82.96,43.92,39.04,-82.96,-141.52,-146.4,-126.88,-156.16,-175.68,-136.64
0,-102.48,-102.48,53.68,48.8,-102.48,-146.4,-151.28,-141.52,-161.04,-180.56,-136.64
9.76,-82.96,-92.72,39.04,48.8,-87.84,-146.4,-146.4,-131.76,-156.16,-165.92,-136.64
4.88,-82.96,-87.84,39.04,43.92,-87.84,-156.16,-146.4,-141.52,-165.92,-170.8,-146.4
-9.76,-97.6,-87.84,53.68,39.04,-92.72,-165.92,-151.28,-146.4,-165.92,-170.8,-151.28
-9.76,-97.6,-87.84,53.68,39.04,-92.72,-151.28,-146.4,-131.76,-161.04,-165.92,-141.52
-14.64,-107.36,-92.72,63.44,39.04,-102.48,-146.4,-141.52,-126.88,-156.16,-156.16,-141.52
-14.64,-102.48,-87.84,58.56,34.16,-97.6,-146.4,-141.52,-136.64,-165.92,-165.92,-146.4
9.76,-68.32,-78.08,29.28,43.92,-73.2,-136.64,-136.64,-126.88,-156.16,-156.16,-141.52
24.4,-78.08,-102.48,29.28,63.44,-92.72,-131.76,-136.64,-122,-151.28,-151.28,-136.64
14.64,-78.08,-92.72,34.16,53.68,-87.84,-126.88,-126.88,-117.12,-141.52,-141.52,-131.76
0,-87.84,-87.84,43.92,43.92,-87.84,-131.76,-126.88,-126.88,-146.4,-146.4,-141.52
9.76,-102.48,-112.24,48.8,58.56,-107.36,-136.64,-131.76,-131.76,-151.28,-151.28,-146.4
-4.88,-117.12,-112.24,63.44,53.68,-117.12,-141.52,-141.52,-136.64,-156.16,-156.16,-146.4
-4.88,-107.36,-102.48,58.56,48.8,-107.36,-141.52,-146.4,-146.4,-165.92,-161.04,-156.16
19.52,-82.96,-102.48,34.16,58.56,-92.72,-126.88,-131.76,-126.88,-165.92,-146.4,-146.4
48.8,-82.96,-131.76,19.52,87.84,-107.36,-117.12,-112.24,-117.12,-146.4,-131.76,-141.52
14.64,-63.44,-78.08,24.4,43.92,-73.2,-131.76,-122,-126.88,-161.04,-141.52,-151.28
14.64,-68.32,-82.96,29.28,48.8,-78.08,-131.76,-136.64,-131.76,-161.04,-146.4,-156.16
29.28,-68.32,-97.6,19.52,63.44,-82.96,-126.88,-131.76,-131.76,-161.04,-146.4,-156.16
19.52,-82.96,-102.48,34.16,58.56,-92.72,-126.88,-131.76,-141.52,-161.04,-156.16,-151.28
9.76,-92.72,-102.48,43.92,53.68,-97.6,-126.88,-136.64,-146.4,-165.92,-165.92,-136.64
4.88,-87.84,-92.72,43.92,48.8,-92.72,-126.88,-146.4,-151.28,-175.68,-165.92,-141.52
0,-92.72,-92.72,48.8,43.92,-92.72,-126.88,-141.52,-151.28,-180.56,-161.04,-146.4
0,-102.48,-102.48,53.68,48.8,-102.48,-122,-131.76,-146.4,-175.68,-156.16,-151.28
-19.52,-102.48,-82.96,63.44,29.28,-92.72,-117.12,-131.76,-141.52,-175.68,-156.16,-161.04
-4.88,-87.84,-82.96,48.8,39.04,-87.84,-112.24,-122,-136.64,-165.92,-146.4,-165.92
0,-97.6,-97.6,48.8,48.8,-97.6,-117.12,-126.88,-141.52,-175.68,-151.28,-175.68
-9.76,-117.12,-107.36,63.44,48.8,-112.24,-117.12,-131.76,-146.4,-180.56,-156.16,-170.8
-14.64,-107.36,-92.72,63.44,39.04,-102.48,-122,-136.64,-156.16,-190.32,-165.92,-161.04
-39.04,-122,-82.96,82.96,19.52,-102.48,-126.88,-136.64,-156.16,-190.32,-185.44,-170.8
-9.76,-112.24,-102.48,63.44,43.92,-107.36,-117.12,-141.52,-156.16,-190.32,-185.44,-161.04
-4.88,-126.88,-122,68.32,58.56,-126.88,-107.36,-136.64,-151.28,-185.44,-170.8,-165.92
-9.76,-97.6,-87.84,53.68,39.04,-92.72,-117.12,-141.52,-161.04,-190.32,-170.8,-175.68
24.4,-73.2,-97.6,24.4,58.56,-87.84,-102.48,-126.88,-151.28,-170.8,-156.16,-165.92
24.4,-73.2,-97.6,24.4,58.56,-87.84,-102.48,-122,-141.52,-175.68,-156.16,-170.8
14.64,-82.96,-97.6,34.16,53.68,-92.72,-107.36,-122,-141.52,-180.56,-151.28,-180.56
0,-97.6,-97.6,48.8,48.8,-97.6,-107.36,-117.12,-146.4,-185.44,-156.16,-180.56
-14.64,-112.24,-97.6,63.44,39.04,-107.36,-102.48,-122,-146.4,-180.56,-156.16,-180.56
-4.88,-92.72,-87.84,48.8,39.04,-92.72,-107.36,-131.76,-151.28,-190.32,-175.68,-170.8
9.76,-87.84,-97.6,39.04,53.68,-92.72,-97.6,-131.76,-161.04,-185.44,-175.68,-170.8
14.64,-87.84,-102.48,39.04,58.56,-97.6,-97.6,-136.64,-161.04,-185.44,-170.8,-165.92
4.88,-102.48,-107.36,48.8,53.68,-107.36,-92.72,-122,-151.28,-180.56,-170.8,-170.8
0,-112.24,-112.24,58.56,53.68,-112.24,-92.72,-122,-156.16,-195.2,-175.68,-165.92
-4.88,-117.12,-112.24,63.44,53.68,-117.12,-107.36,-131.76,-161.04,-204.96,-180.56,-180.56
0,-112.24,-112.24,58.56,53.68,-112.24,-112.24,-136.64,-170.8,-209.84,-190.32,-185.44
-14.64,-117.12,-102.48,68.32,43.92,-112.24,-112.24,-131.76,-165.92,-204.96,-185.44,-190.32
-4.88,-112.24,-107.36,58.56,48.8,-112.24,-112.24,-131.76,-161.04,-204.96,-185.44,-185.44
-9.76,-126.88,-117.12,68.32,53.68,-122,-107.36,-131.76,-161.04,-200.08,-180.56,-190.32
-4.88,-107.36,-102.48,58.56,48.8,-107.36,-102.48,-131.76,-161.04,-204.96,-185.44,-195.2
4.88,-102.48,-107.36,48.8,53.68,-107.36,-97.6,-126.88,-161.04,-195.2,-175.68,-190.32
0,-112.24,-112.24,58.56,53.68,-112.24,-82.96,-126.88,-156.16,-195.2,-170.8,-180.56
-4.88,-107.36,-102.48,58.56,48.8,-107.36,-82.96,-122,-151.28,-190.32,-170.8,-190.32
0,-102.48,-102.48,53.68,48.8,-102.48,-78.08,-112.24,-151.28,-185.44,-170.8,-180.56
4.88,-102.48,-107.36,48.8,53.68,-107.36,-73.2,-112.24,-151.28,-185.44,-170.8,-180.56
4.88,-122,-126.88,58.56,63.44,-126.88,-73.2,-107.36,-141.52,-190.32,-170.8,-180.56
0,-122,-122,63.44,58.56,-122,-82.96,-102.48,-136.64,-185.44,-161.04,-180.56
-19.52,-131.76,-112.24,78.08,43.92,-122,-78.08,-107.36,-136.64,-190.32,-165.92,-185.44
-9.76,-126.88,-117.12,68.32,53.68,-122,-78.08,-102.48,-131.76,-180.56,-161.04,-185.44
9.76,-97.6,-107.36,43.92,58.56,-102.48,-68.32,-92.72,-122,-165.92,-151.28,-175.68
39.04,-48.8,-87.84,4.88,63.44,-68.32,-53.68,-78.08,-117.12,-151.28,-131.76,-165.92
43.92,-39.04,-82.96,0,63.44,-63.44,-53.68,-78.08,-117.12,-146.4,-141.52,-161.04
24.4,-53.68,-78.08,14.64,48.8,-68.32,-58.56,-78.08,-117.12,-146.4,-141.52,-165.92
24.4,-58.56,-82.96,19.52,53.68,-73.2,-48.8,-73.2,-112.24,-141.52,-131.76,-161.04
4.88,-63.44,-68.32,29.28,34.16,-68.32,-58.56,-82.96,-122,-151.28,-146.4,-170.8
0,-78.08,-78.08,39.04,39.04,-78.08,-58.56,-87.84,-117.12,-161.04,-151.28,-175.68
4.88,-92.72,-97.6,43.92,48.8,-97.6,-63.44,-82.96,-117.12,-165.92,-156.16,-170.8
-9.76,-102.48,-92.72,58.56,39.04,-97.6,-63.44,-87.84,-126.88,-165.92,-151.28,-170.8
-4.88,-82.96,-78.08,43.92,34.16,-82.96,-63.44,-87.84,-117.12,-165.92,-146.4,-170.8
34.16,-58.56,-92.72,14.64,63.44,-78.08,-53.68,-78.08,-112.24,-156.16,-146.4,-161.04
53.68,-48.8,-102.48,0,78.08,-78.08,-43.92,-58.56,-97.6,-131.76,-126.88,-146.4
43.92,-58.56,-102.48,9.76,73.2,-82.96,-48.8,-53.68,-92.72,-136.64,-122,-151.28
34.16,-39.04,-73.2,4.88,53.68,-58.56,-53.68,-43.92,-82.96,-126.88,-112.24,-146.4
48.8,-14.64,-63.44,-14.64,53.68,-39.04,-48.8,-39.04,-78.08,-112.24,-102.48,-136.64
68.32,-4.88,-73.2,-29.28,68.32,-39.04,-58.56,-39.04,-78.08,-107.36,-92.72,-131.76
63.44,0,-63.44,-29.28,63.44,-34.16,-73.2,-58.56,-87.84,-126.88,-92.72,-141.52
53.68,-39.04,-92.72,-4.88,73.2,-68.32,-82.96,-73.2,-102.48,-131.76,-97.6,-146.4
39.04,-63.44,-102.48,14.64,68.32,-82.96,-87.84,-78.08,-107.36,-131.76,-92.72,-141.52
24.4,-78.08,-102.48,29.28,63.44,-92.72,-92.72,-82.96,-107.36,-141.52,-107.36,-146.4
29.28,-78.08,-107.36,24.4,68.32,-92.72,-92.72,-82.96,-107.36,-136.64,-97.6,-146.4
24.4,-87.84,-112.24,34.16,68.32,-102.48,-92.72,-78.08,-112.24,-136.64,-112.24,-136.64
34.16,-78.08,-112.24,24.4,73.2,-97.6,-92.72,-82.96,-112.24,-141.52,-122,-117.12
48.8,-58.56,-107.36,4.88,78.08,-82.96,-82.96,-87.84,-107.36,-146.4,-107.36,-117.12
29.28,-58.56,-87.84,14.64,58.56,-73.2,-112.24,-107.36,-131.76,-170.8,-117.12,-146.4
24.4,-68.32,-92.72,24.4,58.56,-82.96,-117.12,-107.36,-141.52,-180.56,-136.64,-161.04
34.16,-82.96,-117.12,24.4,73.2,-102.48,-97.6,-92.72,-126.88,-170.8,-126.88,-151.28
14.64,-112.24,-126.88,48.8,68.32,-122,-92.72,-87.84,-131.76,-170.8,-122,-146.4
0,-146.4,-146.4,73.2,73.2,-146.4,-102.48,-102.48,-141.52,-175.68,-122,-151.28
-19.52,-161.04,-141.52,92.72,58.56,-151.28,-107.36,-107.36,-146.4,-190.32,-126.88,-165.92
-24.4,-151.28,-126.88,87.84,48.8,-141.52,-122,-122,-156.16,-190.32,-131.76,-185.44
4.88,-122,-126.88,58.56,63.44,-126.88,-92.72,-102.48,-141.52,-175.68,-112.24,-170.8
-9.76,-117.12,-107.36,63.44,48.8,-112.24,-87.84,-102.48,-141.52,-175.68,-112.24,-170.8
-14.64,-131.76,-117.12,73.2,48.8,-126.88,-92.72,-117.12,-156.16,-195.2,-136.64,-180.56
-24.4,-151.28,-126.88,87.84,48.8,-141.52,-97.6,-122,-156.16,-200.08,-131.76,-185.44
-24.4,-146.4,-122,87.84,48.8,-136.64,-92.72,-107.36,-156.16,-195.2,-131.76,-185.44
-9.76,-131.76,-122,73.2,53.68,-126.88,-87.84,-112.24,-156.16,-200.08,-136.64,-195.2
0,-131.76,-131.76,68.32,63.44,-131.76,-78.08,-97.6,-146.4,-190.32,-117.12,-180.56
0,-131.76,-131.76,68.32,63.44,-131.76,-73.2,-97.6,-146.4,-185.44,-112.24,-180.56
-4.88,-146.4,-141.52,78.08,68.32,-146.4,-82.96,-107.36,-151.28,-190.32,-131.76,-195.2
-29.28,-170.8,-141.52,102.48,53.68,-156.16,-92.72,-122,-156.16,-200.08,-141.52,-204.96
-29.28,-165.92,-136.64,97.6,53.68,-151.28,-92.72,-117.12,-156.16,-200.08,-136.64,-204.96
-24.4,-161.04,-136.64,92.72,53.68,-151.28,-82.96,-112.24,-151.28,-200.08,-126.88,-204.96
-19.52,-151.28,-131.76,87.84,53.68,-141.52,-87.84,-107.36,-156.16,-200.08,-126.88,-204.96
-14.64,-146.4,-131.76,82.96,58.56,-141.52,-87.84,-107.36,-156.16,-200.08,-126.88,-204.96
-19.52,-161.04,-141.52,92.72,58.56,-151.28,-82.96,-107.36,-156.16,-195.2,-126.88,-200.08
-24.4,-170.8,-146.4,97.6,58.56,-161.04,-78.08,-112.24,-156.16,-200.08,-131.76,-204.96
-19.52,-175.68,-156.16,97.6,68.32,-165.92,-87.84,-112.24,-156.16,-204.96,-136.64,-204.96
-29.28,-185.44,-156.16,107.36,63.44,-170.8,-92.72,-122,-170.8,-214.72,-136.64,-214.72
-29.28,-190.32,-161.04,112.24,63.44,-175.68,-87.84,-117.12,-161.04,-209.84,-131.76,-214.72
-34.16,-195.2,-161.04,117.12,63.44,-180.56,-73.2,-107.36,-151.28,-200.08,-112.24,-204.96
-39.04,-190.32,-151.28,117.12,53.68,-170.8,-82.96,-112.24,-161.04,-200.08,-117.12,-204.96
-14.64,-161.04,-146.4,87.84,63.44,-156.16,-73.2,-102.48,-156.16,-190.32,-117.12,-195.2
-9.76,-146.4,-136.64,78.08,63.44,-141.52,-68.32,-107.36,-156.16,-200.08,-122,-195.2
-29.28,-170.8,-141.52,102.48,53.68,-156.16,-68.32,-102.48,-156.16,-204.96,-122,-204.96
-19.52,-161.04,-141.52,92.72,58.56,-151.28,-73.2,-102.48,-156.16,-209.84,-126.88,-204.96
9.76,-151.28,-161.04,73.2,82.96,-156.16,-48.8,-82.96,-136.64,-195.2,-117.12,-200.08
-9.76,-165.92,-156.16,87.84,73.2,-161.04,-39.04,-68.32,-122,-190.32,-112.24,-200.08
-29.28,-170.8,-141.52,102.48,53.68,-156.16,-34.16,-68.32,-117.12,-185.44,-112.24,-204.96
-29.28,-156.16,-126.88,92.72,48.8,-141.52,-19.52,-58.56,-112.24,-175.68,-112.24,-200.08
-29.28,-161.04,-131.76,97.6,48.8,-146.4,0,-48.8,-107.36,-170.8,-102.48,-200.08
-43.92,-165.92,-122,107.36,39.04,-146.4,4.88,-43.92,-122,-190.32,-122,-229.36
-58.56,-180.56,-122,122,29.28,-151.28,34.16,-19.52,-102.48,-190.32,-131.76,-244
-39.04,-156.16,-117.12,97.6,39.04,-136.64,82.96,34.16,-73.2,-180.56,-141.52,-248.88
-58.56,-175.68,-117.12,117.12,29.28,-146.4,131.76,87.84,-43.92,-175.68,-161.04,-263.52
-68.32,-224.48,-156.16,146.4,43.92,-190.32,200.08,190.32,14.64,-161.04,-170.8,-263.52
-58.56,-229.36,-170.8,146.4,53.68,-200.08,263.52,297.68,92.72,-141.52,-180.56,-307.44
-24.4,-204.96,-180.56,117.12,78.08,-195.2,322.08,424.56,185.44,-102.48,-190.32,-336.72
14.64,-204.96,-219.6,97.6,117.12,-214.72,390.4,590.48,317.2,-39.04,-190.32,-351.36
24.4,-214.72,-239.12,97.6,131.76,-229.36,448.96,775.92,463.6,19.52,-224.48,-380.64
34.16,-190.32,-224.48,78.08,126.88,-209.84,546.56,1015.04,673.44,131.76,-219.6,-380.64
58.56,-156.16,-214.72,48.8,136.64,-185.44,697.84,1332.24,932.08,268.4,-175.68,-370.88
92.72,-97.6,-190.32,4.88,141.52,-146.4,839.36,1600.64,1185.84,429.44,-107.36,-326.96
190.32,14.64,-175.68,-102.48,180.56,-82.96,883.28,1708,1342,605.12,9.76,-209.84
287.92,136.64,-151.28,-209.84,219.6,-9.76,897.92,1703.12,1449.36,790.56,219.6,-53.68
361.12,302.56,-58.56,-331.84,209.84,122,907.68,1605.52,1478.64,1005.28,463.6,131.76
414.8,488,73.2,-448.96,170.8,278.16,883.28,1351.76,1366.4,1195.6,732,346.48
478.24,668.56,190.32,-570.96,141.52,429.44,780.8,1039.44,1166.32,1342,1058.96,610
546.56,868.64,322.08,-707.6,112.24,595.36,717.36,736.88,976,1522.56,1434.72,907.68
551.44,1156.56,605.12,-854,-29.28,878.4,668.56,375.76,795.44,1732.4,1795.84,1200.48
473.36,1488.4,1015.04,-980.88,-273.28,1249.28,644.16,-39.04,590.48,1908.08,2098.4,1454.24
385.52,1800.72,1415.2,-1093.12,-517.28,1605.52,649.04,-531.92,302.56,2010.56,2337.52,1664.08
263.52,1947.12,1683.6,-1102.88,-712.48,1815.36,678.32,-936.96,34.16,2059.36,2483.92,1800.72
161.04,1908.08,1747.04,-1034.56,-795.44,1825.12,732,-1151.68,-97.6,2083.76,2518.08,1805.6
87.84,1727.52,1639.68,-907.68,-775.92,1683.6,834.48,-1268.8,-204.96,1961.76,2327.76,1649.44
24.4,1488.4,1464,-756.4,-722.24,1473.76,824.72,-1361.52,-439.2,1576.24,1947.12,1410.32
-117.12,1190.72,1307.84,-536.8,-712.48,1249.28,653.92,-1478.64,-775.92,951.6,1361.52,1049.2
-253.76,888.16,1141.92,-317.2,-697.84,1015.04,395.28,-1571.36,-1151.68,126.88,624.64,634.4
-331.84,639.28,971.12,-151.28,-653.92,805.2,-68.32,-1664.08,-1415.2,-566.08,24.4,278.16
-361.12,390.4,751.52,-14.64,-556.32,570.96,-434.32,-1654.32,-1400.56,-741.76,-239.12,29.28
-356.24,209.84,566.08,73.2,-463.6,385.52,-536.8,-1493.28,-1224.88,-649.04,-258.64,-78.08
-307.44,151.28,458.72,78.08,-385.52,302.56,-702.72,-1405.44,-1093.12,-561.2,-224.48,-112.24
-307.44,78.08,385.52,117.12,-346.48,229.36,-814.96,-1366.4,-1044.32,-600.24,-258.64,-161.04
-273.28,-4.88,268.4,141.52,-273.28,131.76,-756.4,-1205.36,-971.12,-658.8,-297.68,-219.6
-214.72,-14.64,200.08,117.12,-209.84,92.72,-658.8,-966.24,-810.08,-585.6,-268.4,-209.84
-175.68,0,175.68,87.84,-175.68,87.84,-600.24,-761.28,-629.52,-453.84,-195.2,-180.56
-185.44,-19.52,165.92,102.48,-175.68,73.2,-512.4,-590.48,-492.88,-351.36,-151.28,-165.92
-165.92,-68.32,97.6,117.12,-131.76,14.64,-419.68,-473.36,-385.52,-283.04,-126.88,-161.04
-126.88,-34.16,92.72,82.96,-112.24,29.28,-322.08,-341.6,-278.16,-214.72,-82.96,-122
-102.48,-24.4,78.08,63.44,-92.72,24.4,-224.48,-224.48,-175.68,-151.28,-53.68,-122
-73.2,-63.44,9.76,68.32,-43.92,-29.28,-136.64,-117.12,-82.96,-112.24,-39.04,-97.6
-43.92,-63.44,-19.52,53.68,-14.64,-43.92,-43.92,-19.52,4.88,-48.8,0,-82.96
-29.28,-82.96,-53.68,58.56,9.76,-68.32,4.88,29.28,43.92,-19.52,14.64,-73.2
-19.52,-102.48,-82.96,63.44,29.28,-92.72,34.16,53.68,73.2,-4.88,24.4,-58.56
0,-82.96,-82.96,43.92,39.04,-82.96,29.28,58.56,68.32,-4.88,14.64,-63.44
19.52,-68.32,-87.84,24.4,53.68,-78.08,34.16,68.32,63.44,0,24.4,-53.68
4.88,-63.44,-68.32,29.28,34.16,-68.32,29.28,73.2,63.44,-14.64,14.64,-78.08
-24.4,-92.72,-68.32,58.56,19.52,-82.96,24.4,68.32,58.56,-24.4,-4.88,-102.48
-58.56,-126.88,-68.32,92.72,4.88,-97.6,19.52,78.08,58.56,-34.16,0,-102.48
-48.8,-122,-73.2,87.84,9.76,-97.6,14.64,82.96,68.32,-29.28,-14.64,-102.48
-19.52,-107.36,-87.84,63.44,34.16,-97.6,24.4,97.6,82.96,-29.28,-24.4,-73.2
-4.88,-97.6,-92.72,53.68,43.92,-97.6,19.52,92.72,82.96,-29.28,-39.04,-73.2
-4.88,-97.6,-92.72,53.68,43.92,-97.6,24.4,97.6,87.84,-24.4,-34.16,-58.56
-9.76,-97.6,-87.84,53.68,39.04,-92.72,48.8,102.48,102.48,-14.64,-19.52,-43.92
-34.16,-112.24,-78.08,73.2,19.52,-97.6,43.92,107.36,92.72,-24.4,-29.28,-53.68
-29.28,-136.64,-107.36,82.96,39.04,-122,43.92,117.12,97.6,-9.76,-19.52,-39.04
-29.28,-131.76,-102.48,82.96,34.16,-117.12,43.92,122,102.48,-4.88,-9.76,-14.64
-34.16,-126.88,-92.72,82.96,29.28,-112.24,43.92,122,102.48,-4.88,-14.64,-29.28
9.76,-78.08,-87.84,34.16,48.8,-82.96,63.44,151.28,122,9.76,4.88,-9.76
24.4,-68.32,-92.72,24.4,58.56,-82.96,58.56,151.28,126.88,14.64,0,-4.88
14.64,-87.84,-102.48,39.04,58.56,-97.6,34.16,141.52,122,-4.88,-14.64,-19.52
14.64,-107.36,-122,48.8,68.32,-117.12,34.16,141.52,126.88,4.88,-14.64,-24.4
0,-107.36,-107.36,53.68,53.68,-107.36,53.68,146.4,136.64,14.64,-4.88,-14.64
-14.64,-87.84,-73.2,53.68,29.28,-82.96,58.56,136.64,126.88,14.64,4.88,-9.76
-14.64,-73.2,-58.56,43.92,19.52,-68.32,48.8,136.64,122,14.64,0,-9.76
-9.76,-53.68,-43.92,34.16,14.64,-48.8,53.68,136.64,122,29.28,4.88,-4.88
0,-48.8,-48.8,24.4,24.4,-48.8,58.56,151.28,131.76,39.04,9.76,-4.88
9.76,-63.44,-73.2,29.28,39.04,-68.32,68.32,161.04,136.64,39.04,14.64,4.88
24.4,-53.68,-78.08,14.64,48.8,-68.32,58.56,165.92,136.64,43.92,9.76,19.52
29.28,-39.04,-68.32,4.88,48.8,-53.68,78.08,175.68,161.04,58.56,39.04,34.16
43.92,-48.8,-92.72,4.88,68.32,-73.2,73.2,175.68,165.92,53.68,29.28,34.16
14.64,-63.44,-78.08,24.4,43.92,-73.2,73.2,180.56,161.04,53.68,24.4,24.4
-4.88,-82.96,-78.08,43.92,34.16,-82.96,73.2,175.68,165.92,63.44,43.92,39.04
0,-78.08,-78.08,39.04,39.04,-78.08,68.32,170.8,170.8,63.44,58.56,43.92
0,-58.56,-58.56,29.28,29.28,-58.56,73.2,175.68,170.8,78.08,48.8,39.04
-19.52,-68.32,-48.8,43.92,14.64,-58.56,73.2,170.8,165.92,87.84,43.92,43.92
-29.28,-78.08,-48.8,53.68,9.76,-63.44,78.08,170.8,161.04,78.08,43.92,39.04
0,-34.16,-34.16,19.52,14.64,-34.16,78.08,185.44,175.68,92.72,53.68,63.44
4.88,-14.64,-19.52,4.88,9.76,-19.52,87.84,209.84,190.32,97.6,58.56,63.44
19.52,-29.28,-48.8,4.88,34.16,-39.04,87.84,214.72,195.2,102.48,68.32,53.68
19.52,-19.52,-39.04,0,29.28,-29.28,87.84,214.72,209.84,107.36,63.44,73.2
48.8,0,-48.8,-24.4,48.8,-24.4,87.84,214.72,214.72,112.24,68.32,92.72
48.8,-9.76,-58.56,-19.52,53.68,-34.16,87.84,214.72,224.48,117.12,68.32,82.96
34.16,-4.88,-39.04,-14.64,34.16,-24.4,92.72,204.96,219.6,126.88,68.32,78.08
24.4,19.52,-4.88,-19.52,14.64,4.88,97.6,209.84,219.6,126.88,63.44,82.96
43.92,34.16,-9.76,-39.04,24.4,9.76,97.6,214.72,219.6,146.4,82.96,92.72
19.52,14.64,-4.88,-14.64,9.76,4.88,107.36,224.48,229.36,151.28,87.84,102.48
0,9.76,9.76,-4.88,-4.88,9.76,107.36,239.12,244,165.92,92.72,117.12
34.16,34.16,0,-34.16,14.64,14.64,112.24,253.76,253.76,175.68,92.72,122
29.28,43.92,14.64,-34.16,4.88,29.28,117.12,258.64,268.4,180.56,102.48,107.36
34.16,48.8,14.64,-39.04,9.76,29.28,122,268.4,283.04,180.56,122,117.12
39.04,43.92,4.88,-39.04,14.64,24.4,126.88,268.4,287.92,185.44,122,126.88
34.16,53.68,19.52,-43.92,4.88,34.16,117.12,263.52,292.8,185.44,126.88,126.88
48.8,68.32,19.52,-58.56,14.64,43.92,131.76,268.4,302.56,204.96,126.88,126.88
43.92,68.32,24.4,-53.68,9.76,43.92,141.52,278.16,302.56,219.6,141.52,126.88
43.92,63.44,19.52,-53.68,9.76,39.04,136.64,278.16,302.56,229.36,141.52,131.76
34.16,63.44,29.28,-48.8,0,43.92,156.16,287.92,317.2,239.12,151.28,151.28
34.16,73.2,39.04,-53.68,-4.88,53.68,156.16,297.68,322.08,244,151.28,161.04
48.8,97.6,48.8,-73.2,0,73.2,161.04,322.08,336.72,258.64,161.04,165.92
39.04,107.36,68.32,-73.2,-14.64,87.84,156.16,322.08,346.48,258.64,170.8,161.04
43.92,102.48,58.56,-73.2,-9.76,78.08,170.8,336.72,366,268.4,175.68,180.56
82.96,126.88,43.92,-102.48,19.52,82.96,195.2,366,395.28,302.56,204.96,190.32
63.44,122,58.56,-92.72,0,87.84,200.08,366,405.04,302.56,209.84,190.32
48.8,117.12,68.32,-82.96,-9.76,92.72,195.2,351.36,395.28,307.44,209.84,195.2
53.68,122,68.32,-87.84,-9.76,92.72,204.96,366,405.04,322.08,219.6,209.84
43.92,126.88,82.96,-82.96,-19.52,102.48,224.48,385.52,419.68,341.6,224.48,229.36
58.56,136.64,78.08,-97.6,-9.76,107.36,234.24,405.04,434.32,351.36,244,239.12
39.04,136.64,97.6,-87.84,-29.28,117.12,244,414.8,444.08,356.24,248.88,253.76
34.16,131.76,97.6,-82.96,-34.16,112.24,253.76,434.32,458.72,366,248.88,263.52
34.16,156.16,122,-92.72,-43.92,136.64,268.4,448.96,483.12,380.64,268.4,268.4
24.4,136.64,112.24,-78.08,-43.92,122,283.04,463.6,497.76,390.4,278.16,287.92
43.92,165.92,122,-102.48,-39.04,141.52,283.04,473.36,507.52,395.28,278.16,292.8
68.32,180.56,112.24,-122,-24.4,146.4,302.56,488,522.16,414.8,302.56,302.56
78.08,229.36,151.28,-151.28,-39.04,190.32,326.96,497.76,536.8,429.44,307.44,312.32
78.08,258.64,180.56,-165.92,-53.68,219.6,336.72,507.52,531.92,434.32,322.08,322.08
63.44,248.88,185.44,-156.16,-63.44,214.72,351.36,522.16,546.56,453.84,336.72,351.36
58.56,248.88,190.32,-151.28,-68.32,219.6,385.52,556.32,570.96,473.36,356.24,370.88
63.44,253.76,190.32,-156.16,-63.44,219.6,390.4,570.96,585.6,488,361.12,375.76
58.56,258.64,200.08,-156.16,-73.2,229.36,405.04,595.36,590.48,502.64,385.52,395.28
48.8,263.52,214.72,-156.16,-82.96,239.12,424.56,605.12,605.12,512.4,390.4,400.16
24.4,239.12,214.72,-131.76,-97.6,224.48,424.56,614.88,614.88,502.64,380.64,385.52
19.52,234.24,214.72,-126.88,-97.6,224.48,444.08,634.4,629.52,522.16,390.4,375.76
43.92,273.28,229.36,-156.16,-92.72,248.88,463.6,649.04,649.04,536.8,419.68,409.92
58.56,326.96,268.4,-190.32,-107.36,297.68,483.12,658.8,663.68,561.2,429.44,414.8
126.88,390.4,263.52,-258.64,-68.32,326.96,531.92,702.72,688.08,595.36,468.48,444.08
117.12,405.04,287.92,-258.64,-87.84,346.48,546.56,712.48,692.96,605.12,488,468.48
78.08,405.04,326.96,-239.12,-126.88,366,551.44,712.48,688.08,590.48,473.36,458.72
102.48,414.8,312.32,-258.64,-107.36,361.12,570.96,736.88,707.6,619.76,502.64,473.36
112.24,434.32,322.08,-273.28,-107.36,375.76,580.72,756.4,712.48,619.76,512.4,483.12
97.6,434.32,336.72,-263.52,-122,385.52,595.36,766.16,727.12,634.4,517.28,492.88
82.96,424.56,341.6,-253.76,-131.76,380.64,614.88,780.8,736.88,634.4,522.16,497.76
87.84,434.32,346.48,-258.64,-131.76,390.4,624.64,800.32,746.64,649.04,531.92,492.88
78.08,424.56,346.48,-248.88,-136.64,385.52,639.28,814.96,766.16,663.68,561.2,502.64
63.44,409.92,346.48,-234.24,-141.52,375.76,658.8,819.84,766.16,673.44,566.08,497.76
97.6,424.56,326.96,-258.64,-117.12,375.76,673.44,839.36,771.04,688.08,575.84,517.28
112.24,444.08,331.84,-278.16,-112.24,385.52,697.84,854,775.92,697.84,590.48,527.04
92.72,458.72,366,-273.28,-136.64,409.92,702.72,844.24,766.16,683.2,600.24,531.92
73.2,468.48,395.28,-268.4,-161.04,429.44,717.36,863.76,775.92,697.84,605.12,541.68
92.72,512.4,419.68,-302.56,-165.92,463.6,727.12,878.4,775.92,697.84,566.08,541.68
87.84,517.28,429.44,-302.56,-170.8,473.36,732,878.4,780.8,697.84,556.32,570.96
87.84,512.4,424.56,-297.68,-170.8,468.48,736.88,883.28,785.68,697.84,585.6,566.08
78.08,512.4,434.32,-292.8,-180.56,473.36,746.64,893.04,790.56,702.72,590.48,541.68
87.84,502.64,414.8,-292.8,-165.92,458.72,722.24,858.88,771.04,692.96,580.72,546.56
78.08,497.76,419.68,-287.92,-170.8,458.72,722.24,839.36,761.28,692.96,585.6,546.56
87.84,497.76,409.92,-292.8,-161.04,453.84,707.6,829.6,741.76,688.08,595.36,541.68
82.96,483.12,400.16,-283.04,-161.04,439.2,688.08,805.2,722.24,678.32,570.96,522.16
63.44,502.64,439.2,-283.04,-190.32,468.48,663.68,780.8,697.84,663.68,570.96,512.4
43.92,497.76,453.84,-268.4,-204.96,473.36,663.68,780.8,688.08,658.8,561.2,507.52
43.92,483.12,439.2,-263.52,-200.08,458.72,629.52,761.28,673.44,639.28,541.68,497.76
53.68,463.6,409.92,-258.64,-180.56,434.32,605.12,741.76,658.8,614.88,531.92,488
58.56,448.96,390.4,-253.76,-165.92,419.68,580.72,707.6,634.4,590.48,497.76,458.72
48.8,439.2,390.4,-244,-170.8,414.8,561.2,683.2,614.88,570.96,483.12,444.08
39.04,429.44,390.4,-234.24,-175.68,409.92,522.16,649.04,575.84,541.68,453.84,419.68
24.4,385.52,361.12,-204.96,-170.8,370.88,512.4,614.88,561.2,522.16,424.56,400.16
29.28,370.88,341.6,-200.08,-156.16,356.24,488,595.36,531.92,507.52,419.68,395.28
43.92,366,322.08,-204.96,-141.52,341.6,448.96,556.32,497.76,473.36,385.52,370.88
29.28,341.6,312.32,-185.44,-141.52,326.96,429.44,522.16,458.72,439.2,361.12,366
29.28,331.84,302.56,-180.56,-136.64,317.2,400.16,507.52,434.32,414.8,346.48,346.48
24.4,307.44,283.04,-165.92,-131.76,292.8,370.88,478.24,409.92,380.64,317.2,331.84
29.28,307.44,278.16,-165.92,-126.88,292.8,346.48,453.84,390.4,351.36,292.8,317.2
43.92,297.68,253.76,-170.8,-107.36,273.28,317.2,419.68,361.12,331.84,253.76,292.8
24.4,253.76,229.36,-136.64,-102.48,239.12,283.04,380.64,331.84,302.56,234.24,278.16
14.64,224.48,209.84,-117.12,-97.6,214.72,263.52,351.36,302.56,278.16,219.6,263.52
4.88,190.32,185.44,-97.6,-92.72,185.44,244,322.08,278.16,253.76,200.08,244
-4.88,156.16,161.04,-73.2,-82.96,156.16,229.36,297.68,244,224.48,170.8,229.36
-29.28,126.88,156.16,-48.8,-92.72,141.52,200.08,268.4,209.84,209.84,141.52,209.84
-43.92,122,165.92,-39.04,-107.36,141.52,170.8,224.48,170.8,170.8,117.12,180.56
-24.4,131.76,156.16,-53.68,-92.72,141.52,161.04,224.48,165.92,161.04,117.12,185.44
-9.76,141.52,151.28,-63.44,-82.96,146.4,136.64,200.08,141.52,136.64,87.84,170.8
14.64,141.52,126.88,-78.08,-58.56,131.76,126.88,190.32,136.64,122,87.84,170.8
14.64,112.24,97.6,-63.44,-43.92,102.48,112.24,170.8,122,102.48,68.32,156.16
-4.88,87.84,92.72,-39.04,-48.8,87.84,82.96,141.52,87.84,82.96,48.8,136.64
-9.76,68.32,78.08,-29.28,-43.92,73.2,73.2,122,73.2,63.44,34.16,122
9.76,78.08,68.32,-43.92,-29.28,73.2,78.08,107.36,68.32,58.56,34.16,122
19.52,78.08,58.56,-48.8,-19.52,68.32,73.2,97.6,63.44,63.44,39.04,136.64
19.52,87.84,68.32,-53.68,-24.4,78.08,63.44,78.08,39.04,48.8,29.28,126.88
-4.88,53.68,58.56,-24.4,-34.16,53.68,48.8,63.44,29.28,34.16,24.4,126.88
-19.52,39.04,58.56,-9.76,-39.04,48.8,48.8,63.44,19.52,24.4,24.4,112.24
-24.4,24.4,48.8,0,-39.04,34.16,29.28,48.8,9.76,14.64,14.64,126.88
-14.64,9.76,24.4,4.88,-19.52,14.64,24.4,48.8,9.76,9.76,14.64,117.12
0,19.52,19.52,-9.76,-9.76,19.52,9.76,34.16,0,-9.76,0,107.36
-4.88,24.4,29.28,-9.76,-19.52,24.4,4.88,19.52,-9.76,-9.76,-9.76,87.84
-4.88,9.76,14.64,0,-9.76,9.76,0,9.76,-24.4,-19.52,-24.4,73.2
-9.76,14.64,24.4,0,-19.52,19.52,-9.76,-9.76,-29.28,-34.16,-29.28,68.32
-34.16,-4.88,29.28,19.52,-34.16,9.76,-14.64,-19.52,-48.8,-39.04,-24.4,63.44
-24.4,14.64,39.04,4.88,-34.16,24.4,-14.64,-19.52,-48.8,-29.28,-9.76,63.44
-9.76,24.4,34.16,-4.88,-24.4,29.28,-19.52,-19.52,-48.8,-34.16,-9.76,87.84
-29.28,-4.88,24.4,19.52,-29.28,9.76,-14.64,-19.52,-58.56,-39.04,9.76,87.84
-9.76,9.76,19.52,0,-14.64,14.64,-29.28,-19.52,-58.56,-39.04,0,82.96
-9.76,19.52,29.28,-4.88,-19.52,24.4,-29.28,-24.4,-58.56,-48.8,-9.76,68.32
-19.52,-4.88,14.64,14.64,-19.52,4.88,-29.28,-29.28,-58.56,-53.68,-14.64,53.68
-19.52,0,19.52,9.76,-19.52,9.76,-19.52,-29.28,-53.68,-39.04,-34.16,53.68
4.88,14.64,9.76,-9.76,-4.88,9.76,-29.28,-39.04,-58.56,-48.8,-82.96,68.32
24.4,19.52,-4.88,-19.52,14.64,4.88,-19.52,-43.92,-53.68,-48.8,-73.2,92.72
4.88,4.88,0,-4.88,0,0,-19.52,-48.8,-63.44,-48.8,-48.8,97.6
-29.28,-4.88,24.4,19.52,-29.28,9.76,-19.52,-48.8,-68.32,-48.8,-48.8,87.84
-4.88,0,4.88,4.88,-4.88,0,-19.52,-48.8,-63.44,-48.8,-43.92,73.2
0,-4.88,-4.88,4.88,0,-4.88,-19.52,-43.92,-58.56,-43.92,-43.92,92.72
-9.76,0,9.76,4.88,-9.76,4.88,-34.16,-39.04,-73.2,-58.56,-48.8,78.08
-14.64,19.52,34.16,0,-24.4,24.4,-43.92,-39.04,-68.32,-58.56,-43.92,73.2
-39.04,-19.52,19.52,29.28,-29.28,0,-39.04,-34.16,-58.56,-53.68,-43.92,58.56
-39.04,-24.4,14.64,34.16,-29.28,-4.88,-39.04,-39.04,-63.44,-53.68,-43.92,53.68
-14.64,4.88,19.52,4.88,-19.52,9.76,-39.04,-43.92,-63.44,-53.68,-48.8,58.56
-39.04,-29.28,9.76,34.16,-24.4,-9.76,-34.16,-53.68,-58.56,-48.8,-39.04,63.44
-29.28,-29.28,0,29.28,-14.64,-14.64,-43.92,-53.68,-68.32,-48.8,-43.92,58.56
-14.64,-19.52,-4.88,19.52,-4.88,-14.64,-34.16,-43.92,-63.44,-39.04,-39.04,68.32
-9.76,-4.88,4.88,9.76,-9.76,0,-34.16,-43.92,-58.56,-43.92,-34.16,68.32
-19.52,4.88,24.4,9.76,-24.4,14.64,-34.16,-43.92,-58.56,-53.68,-34.16,53.68
-4.88,29.28,34.16,-9.76,-19.52,29.28,-39.04,-43.92,-63.44,-53.68,-39.04,48.8
9.76,29.28,19.52,-19.52,-4.88,24.4,-39.04,-29.28,-48.8,-48.8,-29.28,63.44
-4.88,4.88,9.76,0,-9.76,4.88,-39.04,-29.28,-43.92,-48.8,-29.28,58.56
-14.64,-4.88,9.76,9.76,-14.64,0,-43.92,-39.04,-53.68,-53.68,-43.92,39.04
-4.88,9.76,14.64,0,-9.76,9.76,-48.8,-39.04,-58.56,-58.56,-39.04,48.8
-19.52,-19.52,0,19.52,-9.76,-9.76,-39.04,-39.04,-43.92,-53.68,-29.28,68.32
-19.52,-4.88,14.64,14.64,-19.52,4.88,-39.04,-39.04,-53.68,-48.8,-39.04,53.68
-19.52,19.52,39.04,0,-29.28,29.28,-43.92,-43.92,-53.68,-43.92,-39.04,48.8
-4.88,19.52,24.4,-4.88,-14.64,19.52,-39.04,-34.16,-43.92,-39.04,-29.28,63.44
-9.76,4.88,14.64,4.88,-14.64,9.76,-24.4,-24.4,-24.4,-24.4,-19.52,73.2
-9.76,9.76,19.52,0,-14.64,14.64,-39.04,-24.4,-24.4,-29.28,-19.52,68.32
-4.88,14.64,19.52,-4.88,-14.64,14.64,-43.92,-29.28,-29.28,-39.04,-29.28,58.56
-9.76,-9.76,0,9.76,-4.88,-4.88,-43.92,-29.28,-24.4,-39.04,-24.4,58.56
-24.4,-29.28,-4.88,29.28,-9.76,-19.52,-39.04,-24.4,-19.52,-29.28,-24.4,58.56
-24.4,-29.28,-4.88,29.28,-9.76,-19.52,-43.92,-24.4,-24.4,-24.4,-24.4,53.68
-9.76,-9.76,0,9.76,-4.88,-4.88,-29.28,-34.16,-14.64,-24.4,-19.52,53.68
-9.76,4.88,14.64,4.88,-14.64,9.76,-43.92,-34.16,-14.64,-24.4,-24.4,53.68
-14.64,-4.88,9.76,9.76,-14.64,0,-53.68,-43.92,-29.28,-24.4,-39.04,48.8
-4.88,24.4,29.28,-9.76,-19.52,24.4,-53.68,-48.8,-39.04,-34.16,-24.4,58.56
-19.52,0,19.52,9.76,-19.52,9.76,-58.56,-39.04,-39.04,-34.16,-24.4,63.44
4.88,4.88,0,-4.88,0,0,-58.56,-39.04,-34.16,-29.28,-29.28,63.44
9.76,19.52,9.76,-14.64,0,14.64,-68.32,-39.04,-29.28,-34.16,-24.4,78.08
4.88,4.88,0,-4.88,0,0,-68.32,-34.16,-24.4,-29.28,-14.64,63.44
29.28,4.88,-24.4,-14.64,24.4,-9.76,-63.44,-29.28,-14.64,-14.64,-9.76,78.08
24.4,9.76,-14.64,-14.64,19.52,-4.88,-58.56,-29.28,-9.76,0,0,82.96
4.88,19.52,14.64,-9.76,-4.88,14.64,-68.32,-53.68,-24.4,-19.52,-14.64,73.2
4.88,24.4,19.52,-14.64,-9.76,19.52,-73.2,-53.68,-29.28,-24.4,-14.64,63.44
14.64,14.64,0,-14.64,4.88,4.88,-63.44,-48.8,-24.4,-4.88,0,73.2
14.64,14.64,0,-14.64,4.88,4.88,-63.44,-48.8,-24.4,-9.76,-4.88,73.2
4.88,-4.88,-9.76,0,4.88,-9.76,-78.08,-48.8,-24.4,-9.76,-9.76,82.96
19.52,19.52,0,-19.52,9.76,9.76,-82.96,-48.8,-29.28,-14.64,-4.88,82.96
29.28,34.16,4.88,-29.28,9.76,19.52,-82.96,-43.92,-24.4,-9.76,-4.88,82.96
19.52,19.52,0,-19.52,9.76,9.76,-87.84,-48.8,-24.4,-19.52,-14.64,73.2
29.28,19.52,-9.76,-24.4,19.52,4.88,-73.2,-39.04,-9.76,0,4.88,73.2
19.52,9.76,-9.76,-14.64,14.64,0,-73.2,-39.04,-19.52,-4.88,0,73.2
19.52,4.88,-14.64,-9.76,14.64,-4.88,-73.2,-34.16,-14.64,0,14.64,82.96
39.04,34.16,-4.88,-34.16,19.52,14.64,-68.32,-34.16,-9.76,9.76,19.52,92.72
29.28,29.28,0,-29.28,14.64,14.64,-68.32,-39.04,-19.52,4.88,9.76,92.72
24.4,9.76,-14.64,-14.64,19.52,-4.88,-73.2,-48.8,-24.4,-4.88,9.76,78.08
24.4,19.52,-4.88,-19.52,14.64,4.88,-73.2,-43.92,-24.4,-4.88,9.76,73.2
19.52,19.52,0,-19.52,9.76,9.76,-82.96,-43.92,-34.16,-14.64,4.88,82.96
4.88,4.88,0,-4.88,0,0,-87.84,-43.92,-29.28,-14.64,0,92.72
9.76,14.64,4.88,-9.76,0,9.76,-82.96,-43.92,-29.28,-24.4,-14.64,82.96
14.64,14.64,0,-14.64,4.88,4.88,-73.2,-34.16,-19.52,-14.64,-9.76,87.84
4.88,0,-4.88,0,4.88,-4.88,-73.2,-34.16,-24.4,-14.64,0,78.08
-9.76,-9.76,0,9.76,-4.88,-4.88,-78.08,-48.8,-34.16,-14.64,-4.88,68.32
0,-9.76,-9.76,4.88,4.88,-9.76,-78.08,-53.68,-43.92,-9.76,-9.76,63.44
-4.88,-4.88,0,4.88,-4.88,-4.88,-73.2,-53.68,-39.04,-9.76,0,68.32
0,0,0,0,0,0,-63.44,-43.92,-34.16,-9.76,0,63.44
14.64,4.88,-9.76,-9.76,9.76,-4.88,-63.44,-43.92,-29.28,0,19.52,68.32
19.52,9.76,-9.76,-14.64,14.64,0,-68.32,-43.92,-29.28,-4.88,24.4,68.32
9.76,14.64,4.88,-9.76,0,9.76,-68.32,-48.8,-34.16,-19.52,-4.88,73.2
29.28,9.76,-19.52,-19.52,24.4,-4.88,-58.56,-34.16,-24.4,-9.76,-14.64,82.96
43.92,19.52,-24.4,-29.28,34.16,-4.88,-63.44,-34.16,-24.4,-4.88,-14.64,82.96
29.28,43.92,14.64,-34.16,4.88,29.28,-53.68,-29.28,-14.64,-4.88,9.76,82.96
24.4,14.64,-9.76,-19.52,14.64,0,-39.04,-19.52,-4.88,0,19.52,92.72
19.52,19.52,0,-19.52,9.76,9.76,-48.8,-29.28,-14.64,0,14.64,92.72
4.88,53.68,48.8,-29.28,-24.4,48.8,-63.44,-43.92,-34.16,-9.76,-9.76,63.44
0,19.52,19.52,-9.76,-9.76,19.52,-73.2,-48.8,-39.04,-14.64,-14.64,63.44
4.88,0,-4.88,0,4.88,-4.88,-63.44,-43.92,-29.28,-4.88,0,73.2
19.52,14.64,-4.88,-14.64,9.76,4.88,-63.44,-39.04,-29.28,-14.64,-4.88,73.2
24.4,9.76,-14.64,-14.64,19.52,-4.88,-63.44,-48.8,-29.28,-19.52,9.76,78.08
24.4,19.52,-4.88,-19.52,14.64,4.88,-53.68,-39.04,-29.28,-24.4,4.88,78.08
14.64,-4.88,-19.52,-4.88,14.64,-14.64,-53.68,-39.04,-24.4,-19.52,4.88,68.32
9.76,-4.88,-14.64,0,9.76,-9.76,-63.44,-43.92,-34.16,-19.52,4.88,58.56
29.28,29.28,0,-29.28,14.64,14.64,-58.56,-39.04,-19.52,-9.76,9.76,68.32
34.16,34.16,0,-34.16,14.64,14.64,-53.68,-34.16,-24.4,-4.88,14.64,63.44
39.04,34.16,-4.88,-34.16,19.52,14.64,-48.8,-39.04,-29.28,-4.88,19.52,58.56
43.92,34.16,-9.76,-39.04,24.4,9.76,-48.8,-39.04,-29.28,-9.76,24.4,58.56
24.4,14.64,-9.76,-19.52,14.64,0,-48.8,-39.04,-34.16,-9.76,14.64,53.68
4.88,0,-4.88,0,4.88,-4.88,-48.8,-39.04,-34.16,0,14.64,53.68
0,0,0,0,0,0,-48.8,-39.04,-34.16,-4.88,-4.88,58.56
-9.76,-9.76,0,9.76,-4.88,-4.88,-58.56,-39.04,-34.16,-19.52,-24.4,48.8
14.64,-4.88,-19.52,-4.88,14.64,-14.64,-53.68,-43.92,-34.16,-19.52,-14.64,48.8
4.88,-9.76,-14.64,4.88,9.76,-14.64,-58.56,-48.8,-39.04,-19.52,-4.88,39.04
-9.76,-9.76,0,9.76,-4.88,-4.88,-58.56,-58.56,-34.16,-19.52,-14.64,34.16
-4.88,0,4.88,4.88,-4.88,0,-53.68,-53.68,-34.16,-14.64,-4.88,58.56
9.76,14.64,4.88,-9.76,0,9.76,-48.8,-48.8,-34.16,0,9.76,63.44
24.4,34.16,9.76,-29.28,4.88,19.52,-48.8,-48.8,-34.16,0,14.64,58.56
19.52,29.28,9.76,-24.4,4.88,19.52,-58.56,-43.92,-29.28,-4.88,4.88,58.56
19.52,14.64,-4.88,-14.64,9.76,4.88,-53.68,-43.92,-29.28,-4.88,4.88,53.68
14.64,4.88,-9.76,-9.76,9.76,-4.88,-53.68,-43.92,-29.28,-4.88,0,48.8
19.52,14.64,-4.88,-14.64,9.76,4.88,-53.68,-39.04,-24.4,-4.88,-4.88,34.16
48.8,43.92,-4.88,-43.92,24.4,19.52,-48.8,-39.04,-24.4,0,4.88,48.8
48.8,34.16,-14.64,-39.04,29.28,9.76,-43.92,-34.16,-19.52,9.76,9.76,48.8
19.52,4.88,-14.64,-9.76,14.64,-4.88,-43.92,-43.92,-19.52,0,0,43.92
24.4,19.52,-4.88,-19.52,14.64,4.88,-39.04,-39.04,-24.4,4.88,4.88,48.8
19.52,24.4,4.88,-19.52,4.88,14.64,-39.04,-39.04,-19.52,9.76,9.76,63.44
19.52,14.64,-4.88,-14.64,9.76,4.88,-34.16,-34.16,-14.64,9.76,14.64,68.32
29.28,29.28,0,-29.28,14.64,14.64,-19.52,-19.52,0,24.4,24.4,73.2
34.16,43.92,9.76,-39.04,9.76,24.4,-29.28,-19.52,-4.88,19.52,24.4,68.32
39.04,53.68,14.64,-43.92,9.76,34.16,-24.4,-14.64,0,24.4,29.28,68.32
29.28,39.04,9.76,-34.16,9.76,24.4,-24.4,-9.76,9.76,14.64,29.28,63.44
24.4,39.04,14.64,-29.28,4.88,24.4,-24.4,-9.76,9.76,24.4,29.28,58.56
48.8,73.2,24.4,-58.56,9.76,48.8,-9.76,-4.88,24.4,43.92,43.92,63.44
34.16,82.96,48.8,-58.56,-9.76,63.44,4.88,0,34.16,58.56,58.56,73.2
14.64,78.08,63.44,-43.92,-24.4,68.32,4.88,0,29.28,63.44,63.44,63.44
39.04,92.72,53.68,-63.44,-9.76,73.2,19.52,0,39.04,73.2,68.32,78.08
29.28,82.96,53.68,-53.68,-14.64,68.32,9.76,-4.88,29.28,58.56,63.44,73.2
4.88,53.68,48.8,-29.28,-24.4,48.8,0,-9.76,24.4,53.68,58.56,63.44
9.76,53.68,43.92,-29.28,-19.52,48.8,4.88,0,29.28,63.44,68.32,68.32
34.16,87.84,53.68,-58.56,-9.76,68.32,14.64,4.88,39.04,63.44,39.04,73.2
73.2,97.6,24.4,-82.96,24.4,58.56,19.52,19.52,48.8,53.68,9.76,87.84
78.08,97.6,19.52,-87.84,29.28,58.56,14.64,24.4,48.8,53.68,24.4,97.6
78.08,112.24,34.16,-92.72,19.52,73.2,14.64,29.28,58.56,68.32,58.56,107.36
73.2,112.24,39.04,-92.72,14.64,73.2,14.64,39.04,78.08,97.6,68.32,112.24
53.68,112.24,58.56,-82.96,-4.88,82.96,-14.64,14.64,58.56,87.84,58.56,97.6
34.16,82.96,48.8,-58.56,-9.76,63.44,-39.04,-9.76,34.16,73.2,53.68,82.96
58.56,112.24,53.68,-82.96,0,82.96,-24.4,-9.76,39.04,78.08,58.56,92.72
87.84,146.4,58.56,-117.12,14.64,102.48,-29.28,-9.76,43.92,78.08,63.44,97.6
63.44,117.12,53.68,-87.84,4.88,82.96,-29.28,-9.76,39.04,73.2,58.56,87.84
63.44,107.36,43.92,-82.96,9.76,73.2,-29.28,-9.76,43.92,73.2,58.56,87.84
68.32,97.6,29.28,-82.96,19.52,63.44,-19.52,0,43.92,73.2,63.44,92.72
87.84,92.72,4.88,-87.84,39.04,48.8,-19.52,0,48.8,78.08,63.44,92.72
68.32,58.56,-9.76,-63.44,39.04,24.4,-19.52,-4.88,43.92,73.2,68.32,87.84
43.92,48.8,4.88,-43.92,19.52,24.4,-43.92,-34.16,19.52,48.8,34.16,73.2
34.16,58.56,24.4,-43.92,4.88,39.04,-58.56,-43.92,9.76,39.04,34.16,63.44
53.68,58.56,4.88,-53.68,24.4,29.28,-48.8,-34.16,14.64,58.56,43.92,68.32
73.2,73.2,0,-73.2,34.16,34.16,-29.28,-24.4,19.52,63.44,48.8,78.08
68.32,63.44,-4.88,-63.44,34.16,29.28,-34.16,-34.16,14.64,48.8,29.28,63.44
39.04,34.16,-4.88,-34.16,19.52,14.64,-39.04,-39.04,9.76,48.8,29.28,58.56
24.4,19.52,-4.88,-19.52,14.64,4.88,-43.92,-43.92,4.88,39.04,24.4,58.56
24.4,43.92,19.52,-34.16,0,29.28,-39.04,-39.04,9.76,39.04,34.16,58.56
29.28,34.16,4.88,-29.28,9.76,19.52,-34.16,-39.04,14.64,43.92,34.16,58.56
0,19.52,19.52,-9.76,-9.76,19.52,-34.16,-43.92,4.88,34.16,29.28,43.92
-19.52,4.88,24.4,9.76,-24.4,14.64,-34.16,-48.8,0,29.28,14.64,43.92
-4.88,-9.76,-4.88,9.76,0,-9.76,-29.28,-53.68,-4.88,29.28,14.64,43.92
9.76,-4.88,-14.64,0,9.76,-9.76,-39.04,-58.56,-9.76,24.4,14.64,39.04
9.76,0,-9.76,-4.88,9.76,-4.88,-29.28,-53.68,-4.88,34.16,19.52,43.92
14.64,14.64,0,-14.64,4.88,4.88,-29.28,-48.8,0,39.04,24.4,48.8
14.64,9.76,-4.88,-9.76,9.76,0,-43.92,-63.44,-9.76,29.28,19.52,39.04
-4.88,-4.88,0,4.88,-4.88,-4.88,-39.04,-53.68,0,34.16,29.28,43.92
-9.76,4.88,14.64,4.88,-14.64,9.76,-34.16,-53.68,14.64,34.16,34.16,43.92
19.52,9.76,-9.76,-14.64,14.64,0,-39.04,-53.68,9.76,34.16,39.04,43.92
9.76,4.88,-4.88,-4.88,4.88,0,-58.56,-63.44,-4.88,29.28,19.52,29.28
-14.64,-48.8,-34.16,34.16,9.76,-43.92,-58.56,-68.32,0,24.4,0,24.4
-19.52,-58.56,-39.04,39.04,9.76,-48.8,-58.56,-68.32,-9.76,24.4,0,19.52
4.88,-9.76,-14.64,4.88,9.76,-14.64,-53.68,-68.32,-9.76,19.52,14.64,24.4
19.52,9.76,-9.76,-14.64,14.64,0,-53.68,-63.44,-4.88,24.4,19.52,39.04
24.4,14.64,-9.76,-19.52,14.64,0,-53.68,-63.44,0,29.28,9.76,48.8
9.76,0,-9.76,-4.88,9.76,-4.88,-53.68,-68.32,-4.88,29.28,14.64,48.8
-9.76,-19.52,-9.76,14.64,0,-14.64,-63.44,-68.32,-9.76,24.4,9.76,43.92
-4.88,-4.88,0,4.88,-4.88,-4.88,-53.68,-63.44,4.88,34.16,9.76,43.92
19.52,4.88,-14.64,-9.76,14.64,-4.88,-43.92,-48.8,14.64,39.04,4.88,48.8
14.64,4.88,-9.76,-9.76,9.76,-4.88,-39.04,-53.68,14.64,39.04,19.52,39.04
-9.76,-9.76,0,9.76,-4.88,-4.88,-39.04,-53.68,19.52,39.04,29.28,43.92
-9.76,-9.76,0,9.76,-4.88,-4.88,-43.92,-58.56,14.64,48.8,24.4,39.04
4.88,4.88,0,-4.88,0,0,-34.16,-48.8,19.52,53.68,19.52,43.92
19.52,29.28,9.76,-24.4,4.88,19.52,-24.4,-39.04,24.4,53.68,19.52,48.8
0,4.88,4.88,0,-4.88,4.88,-9.76,-34.16,24.4,43.92,14.64,53.68
0,-14.64,-14.64,9.76,4.88,-14.64,-4.88,-19.52,19.52,43.92,9.76,48.8
-4.88,-19.52,-14.64,14.64,4.88,-19.52,9.76,-9.76,24.4,39.04,4.88,48.8
-14.64,-24.4,-9.76,19.52,-4.88,-19.52,19.52,-9.76,19.52,29.28,-4.88,29.28
-34.16,-53.68,-19.52,43.92,-9.76,-39.04,43.92,9.76,34.16,29.28,-14.64,19.52
-68.32,-53.68,14.64,63.44,-43.92,-19.52,73.2,29.28,34.16,14.64,-34.16,-14.64
-43.92,-19.52,24.4,34.16,-34.16,0,141.52,92.72,68.32,19.52,-39.04,-19.52
-39.04,-39.04,0,39.04,-19.52,-19.52,204.96,175.68,107.36,29.28,-48.8,-34.16
-39.04,-82.96,-43.92,63.44,0,-63.44,273.28,287.92,170.8,39.04,-73.2,-58.56
-4.88,-87.84,-82.96,48.8,39.04,-87.84,346.48,439.2,263.52,68.32,-78.08,-82.96
9.76,-87.84,-97.6,39.04,53.68,-92.72,414.8,619.76,380.64,92.72,-102.48,-117.12
34.16,-92.72,-126.88,29.28,78.08,-112.24,497.76,839.36,527.04,141.52,-117.12,-136.64
58.56,-73.2,-131.76,9.76,92.72,-102.48,605.12,1068.72,707.6,209.84,-122,-151.28
73.2,-29.28,-102.48,-19.52,87.84,-68.32,775.92,1337.12,917.44,307.44,-117.12,-165.92
