I,II,III,aVR,aVL,aVF,V1,V2,V3,V4,V5,V6
0,78.08,78.08,-39.04,-39.04,78.08,87.84,214.72,136.64,156.16,107.36,185.44
0,78.08,78.08,-39.04,-39.04,78.08,87.84,214.72,136.64,156.16,107.36,185.44
0,78.08,78.08,-39.04,-39.04,78.08,87.84,214.72,136.64,156.16,107.36,185.44
0,78.08,78.08,-39.04,-39.04,78.08,87.84,214.72,136.64,156.16,107.36,185.44
-9.76,78.08,87.84,-34.16,-48.8,82.96,92.72,200.08,117.12,146.4,92.72,170.8
-9.76,78.08,87.84,-34.16,-48.8,82.96,97.6,185.44,107.36,136.64,87.84,165.92
-9.76,78.08,87.84,-34.16,-48.8,82.96,102.48,170.8,97.6,126.88,82.96,161.04
-9.76,78.08,87.84,-34.16,-48.8,82.96,107.36,156.16,87.84,117.12,78.08,156.16
-14.64,58.56,73.2,-19.52,-43.92,63.44,107.36,136.64,78.08,107.36,68.32,141.52
-19.52,48.8,68.32,-14.64,-43.92,58.56,107.36,126.88,68.32,97.6,58.56,136.64
-24.4,39.04,63.44,-4.88,-43.92,48.8,107.36,117.12,58.56,87.84,48.8,131.76
-29.28,29.28,58.56,0,-43.92,43.92,107.36,107.36,48.8,78.08,39.04,126.88
-39.04,24.4,63.44,9.76,-53.68,43.92,107.36,87.84,39.04,58.56,24.4,122
-39.04,19.52,58.56,9.76,-48.8,39.04,107.36,78.08,29.28,48.8,19.52,117.12
-39.04,14.64,53.68,14.64,-48.8,34.16,107.36,68.32,19.52,39.04,14.64,112.24
-39.04,9.76,48.8,14.64,-43.92,29.28,107.36,58.56,9.76,29.28,9.76,107.36
-48.8,0,48.8,24.4,-48.8,24.4,97.6,48.8,-4.88,14.64,0,92.72
-48.8,0,48.8,24.4,-48.8,24.4,97.6,39.04,-9.76,9.76,-9.76,87.84
-48.8,0,48.8,24.4,-48.8,24.4,97.6,29.28,-14.64,4.88,-19.52,82.96
-48.8,0,48.8,24.4,-48.8,24.4,97.6,19.52,-19.52,0,-29.28,78.08
-53.68,-14.64,39.04,34.16,-48.8,9.76,97.6,19.52,-29.28,0,-19.52,68.32
-58.56,-19.52,39.04,39.04,-48.8,9.76,97.6,19.52,-29.28,0,-19.52,68.32
-63.44,-24.4,39.04,43.92,-53.68,4.88,97.6,19.52,-29.28,0,-19.52,68.32
-68.32,-29.28,39.04,48.8,-53.68,4.88,97.6,19.52,-29.28,0,-19.52,68.32
-63.44,-19.52,43.92,43.92,-53.68,9.76,97.6,14.64,-39.04,-9.76,-29.28,63.44
-58.56,-19.52,39.04,39.04,-48.8,9.76,97.6,9.76,-39.04,-9.76,-29.28,58.56
-53.68,-19.52,34.16,39.04,-43.92,4.88,97.6,4.88,-39.04,-9.76,-29.28,53.68
-48.8,-19.52,29.28,34.16,-39.04,4.88,97.6,0,-39.04,-9.76,-29.28,48.8
-53.68,-29.28,24.4,43.92,-39.04,-4.88,87.84,-9.76,-48.8,-19.52,-39.04,48.8
-58.56,-29.28,29.28,43.92,-43.92,0,87.84,-9.76,-48.8,-19.52,-39.04,48.8
-63.44,-29.28,34.16,48.8,-48.8,0,87.84,-9.76,-48.8,-19.52,-39.04,48.8
-68.32,-29.28,39.04,48.8,-53.68,4.88,87.84,-9.76,-48.8,-19.52,-39.04,48.8
-68.32,-34.16,34.16,53.68,-53.68,0,87.84,-9.76,-48.8,-19.52,-29.28,53.68
-68.32,-39.04,29.28,53.68,-48.8,-4.88,87.84,-9.76,-48.8,-19.52,-29.28,58.56
-68.32,-43.92,24.4,58.56,-48.8,-9.76,87.84,-9.76,-48.8,-19.52,-29.28,63.44
-68.32,-48.8,19.52,58.56,-43.92,-14.64,87.84,-9.76,-48.8,-19.52,-29.28,68.32
-78.08,-48.8,29.28,63.44,-53.68,-9.76,78.08,-19.52,-58.56,-29.28,-29.28,58.56
-78.08,-48.8,29.28,63.44,-53.68,-9.76,78.08,-19.52,-58.56,-29.28,-29.28,58.56
-78.08,-48.8,29.28,63.44,-53.68,-9.76,78.08,-19.52,-58.56,-29.28,-29.28,58.56
-78.08,-48.8,29.28,63.44,-53.68,-9.76,78.08,-19.52,-58.56,-29.28,-29.28,58.56
-78.08,-48.8,29.28,63.44,-53.68,-9.76,78.08,-19.52,-48.8,-19.52,-29.28,53.68
-78.08,-48.8,29.28,63.44,-53.68,-9.76,78.08,-19.52,-48.8,-19.52,-29.28,48.8
-78.08,-48.8,29.28,63.44,-53.68,-9.76,78.08,-19.52,-48.8,-19.52,-29.28,43.92
-78.08,-48.8,29.28,63.44,-53.68,-9.76,78.08,-19.52,-48.8,-19.52,-29.28,39.04
-87.84,-53.68,34.16,73.2,-63.44,-9.76,78.08,-19.52,-48.8,-19.52,-19.52,29.28
-87.84,-58.56,29.28,73.2,-58.56,-14.64,78.08,-19.52,-48.8,-19.52,-19.52,29.28
-87.84,-63.44,24.4,78.08,-58.56,-19.52,78.08,-19.52,-48.8,-19.52,-19.52,29.28
-87.84,-68.32,19.52,78.08,-53.68,-24.4,78.08,-19.52,-48.8,-19.52,-19.52,29.28
-82.96,-63.44,19.52,73.2,-53.68,-24.4,87.84,-29.28,-58.56,-24.4,-24.4,19.52
-78.08,-58.56,19.52,68.32,-48.8,-19.52,87.84,-29.28,-58.56,-29.28,-29.28,19.52
-73.2,-53.68,19.52,63.44,-48.8,-19.52,87.84,-29.28,-58.56,-34.16,-34.16,19.52
-68.32,-48.8,19.52,58.56,-43.92,-14.64,87.84,-29.28,-58.56,-39.04,-39.04,19.52
-78.08,-39.04,39.04,58.56,-58.56,0,78.08,-29.28,-68.32,-39.04,-39.04,4.88
-78.08,-39.04,39.04,58.56,-58.56,0,78.08,-29.28,-68.32,-39.04,-39.04,0
-78.08,-39.04,39.04,58.56,-58.56,0,78.08,-29.28,-68.32,-39.04,-39.04,-4.88
-78.08,-39.04,39.04,58.56,-58.56,0,78.08,-29.28,-68.32,-39.04,-39.04,-9.76
-87.84,-43.92,43.92,68.32,-68.32,0,78.08,-29.28,-58.56,-29.28,-29.28,-4.88
-87.84,-48.8,39.04,68.32,-63.44,-4.88,78.08,-29.28,-58.56,-29.28,-29.28,0
-87.84,-53.68,34.16,73.2,-63.44,-9.76,78.08,-29.28,-58.56,-29.28,-29.28,4.88
-87.84,-58.56,29.28,73.2,-58.56,-14.64,78.08,-29.28,-58.56,-29.28,-29.28,9.76
-82.96,-53.68,29.28,68.32,-58.56,-14.64,87.84,-29.28,-58.56,-39.04,-39.04,9.76
-78.08,-48.8,29.28,63.44,-53.68,-9.76,87.84,-29.28,-58.56,-39.04,-39.04,9.76
-73.2,-43.92,29.28,58.56,-53.68,-9.76,87.84,-29.28,-58.56,-39.04,-39.04,9.76
-68.32,-39.04,29.28,53.68,-48.8,-4.88,87.84,-29.28,-58.56,-39.04,-39.04,9.76
-58.56,-34.16,24.4,48.8,-43.92,-4.88,87.84,-19.52,-53.68,-34.16,-34.16,14.64
-58.56,-29.28,29.28,43.92,-43.92,0,87.84,-19.52,-48.8,-29.28,-29.28,19.52
-58.56,-24.4,34.16,43.92,-48.8,4.88,87.84,-19.52,-43.92,-24.4,-24.4,24.4
-58.56,-19.52,39.04,39.04,-48.8,9.76,87.84,-19.52,-39.04,-19.52,-19.52,29.28
-58.56,-24.4,34.16,43.92,-48.8,4.88,87.84,-29.28,-48.8,-29.28,-19.52,24.4
-58.56,-29.28,29.28,43.92,-43.92,0,87.84,-29.28,-48.8,-29.28,-19.52,19.52
-58.56,-34.16,24.4,48.8,-43.92,-4.88,87.84,-29.28,-48.8,-29.28,-19.52,14.64
-58.56,-39.04,19.52,48.8,-39.04,-9.76,87.84,-29.28,-48.8,-29.28,-19.52,9.76
-73.2,-39.04,34.16,58.56,-53.68,-4.88,87.84,-19.52,-48.8,-19.52,-9.76,4.88
-78.08,-39.04,39.04,58.56,-58.56,0,87.84,-19.52,-48.8,-19.52,-9.76,0
-82.96,-39.04,43.92,63.44,-63.44,0,87.84,-19.52,-48.8,-19.52,-9.76,-4.88
-87.84,-39.04,48.8,63.44,-68.32,4.88,87.84,-19.52,-48.8,-19.52,-9.76,-9.76
-78.08,-39.04,39.04,58.56,-58.56,0,78.08,-19.52,-39.04,-19.52,-19.52,-14.64
-78.08,-39.04,39.04,58.56,-58.56,0,78.08,-19.52,-39.04,-19.52,-19.52,-19.52
-78.08,-39.04,39.04,58.56,-58.56,0,78.08,-19.52,-39.04,-19.52,-19.52,-24.4
-78.08,-39.04,39.04,58.56,-58.56,0,78.08,-19.52,-39.04,-19.52,-19.52,-29.28
-78.08,-29.28,48.8,53.68,-63.44,9.76,87.84,-9.76,-39.04,-19.52,-19.52,-34.16
-78.08,-29.28,48.8,53.68,-63.44,9.76,87.84,-9.76,-39.04,-19.52,-19.52,-39.04
-78.08,-29.28,48.8,53.68,-63.44,9.76,87.84,-9.76,-39.04,-19.52,-19.52,-43.92
-78.08,-29.28,48.8,53.68,-63.44,9.76,87.84,-9.76,-39.04,-19.52,-19.52,-48.8
-68.32,-19.52,48.8,43.92,-58.56,14.64,78.08,-19.52,-39.04,-19.52,-19.52,-58.56
-68.32,-19.52,48.8,43.92,-58.56,14.64,78.08,-19.52,-39.04,-19.52,-19.52,-58.56
-68.32,-19.52,48.8,43.92,-58.56,14.64,78.08,-19.52,-39.04,-19.52,-19.52,-58.56
-68.32,-19.52,48.8,43.92,-58.56,14.64,78.08,-19.52,-39.04,-19.52,-19.52,-58.56
-68.32,-19.52,48.8,43.92,-58.56,14.64,87.84,-14.64,-29.28,-9.76,-9.76,-53.68
-68.32,-19.52,48.8,43.92,-58.56,14.64,87.84,-9.76,-29.28,-9.76,-9.76,-48.8
-68.32,-19.52,48.8,43.92,-58.56,14.64,87.84,-4.88,-29.28,-9.76,-9.76,-43.92
-68.32,-19.52,48.8,43.92,-58.56,14.64,87.84,0,-29.28,-9.76,-9.76,-39.04
-58.56,-9.76,48.8,34.16,-53.68,19.52,78.08,0,-29.28,-19.52,-19.52,-48.8
-58.56,-9.76,48.8,34.16,-53.68,19.52,78.08,0,-29.28,-19.52,-19.52,-48.8
-58.56,-9.76,48.8,34.16,-53.68,19.52,78.08,0,-29.28,-19.52,-19.52,-48.8
-58.56,-9.76,48.8,34.16,-53.68,19.52,78.08,0,-29.28,-19.52,-19.52,-48.8
-63.44,-14.64,48.8,39.04,-58.56,14.64,87.84,9.76,-19.52,-14.64,-14.64,-39.04
-68.32,-19.52,48.8,43.92,-58.56,14.64,87.84,9.76,-19.52,-9.76,-9.76,-39.04
-73.2,-24.4,48.8,48.8,-63.44,9.76,87.84,9.76,-19.52,-4.88,-4.88,-39.04
-78.08,-29.28,48.8,53.68,-63.44,9.76,87.84,9.76,-19.52,0,0,-39.04
-68.32,-19.52,48.8,43.92,-58.56,14.64,78.08,0,-29.28,-4.88,-9.76,-43.92
-68.32,-19.52,48.8,43.92,-58.56,14.64,78.08,0,-29.28,-9.76,-9.76,-48.8
-68.32,-19.52,48.8,43.92,-58.56,14.64,78.08,0,-29.28,-14.64,-9.76,-53.68
-68.32,-19.52,48.8,43.92,-58.56,14.64,78.08,0,-29.28,-19.52,-9.76,-58.56
-68.32,-29.28,39.04,48.8,-53.68,4.88,68.32,9.76,-19.52,-14.64,-9.76,-58.56
-68.32,-29.28,39.04,48.8,-53.68,4.88,68.32,9.76,-19.52,-9.76,-9.76,-58.56
-68.32,-29.28,39.04,48.8,-53.68,4.88,68.32,9.76,-19.52,-4.88,-9.76,-58.56
-68.32,-29.28,39.04,48.8,-53.68,4.88,68.32,9.76,-19.52,0,-9.76,-58.56
-58.56,-24.4,34.16,43.92,-48.8,4.88,73.2,19.52,-9.76,0,0,-68.32
-58.56,-19.52,39.04,39.04,-48.8,9.76,78.08,19.52,-9.76,0,0,-68.32
-58.56,-14.64,43.92,39.04,-53.68,14.64,82.96,19.52,-9.76,0,0,-68.32
-58.56,-9.76,48.8,34.16,-53.68,19.52,87.84,19.52,-9.76,0,0,-68.32
-68.32,-19.52,48.8,43.92,-58.56,14.64,87.84,9.76,-9.76,0,0,-58.56
-68.32,-19.52,48.8,43.92,-58.56,14.64,87.84,9.76,-9.76,0,0,-58.56
-68.32,-19.52,48.8,43.92,-58.56,14.64,87.84,9.76,-9.76,0,0,-58.56
-68.32,-19.52,48.8,43.92,-58.56,14.64,87.84,9.76,-9.76,0,0,-58.56
-78.08,-19.52,58.56,48.8,-68.32,19.52,87.84,9.76,-19.52,0,0,-68.32
-78.08,-19.52,58.56,48.8,-68.32,19.52,87.84,9.76,-19.52,0,0,-68.32
-78.08,-19.52,58.56,48.8,-68.32,19.52,87.84,9.76,-19.52,0,0,-68.32
-78.08,-19.52,58.56,48.8,-68.32,19.52,87.84,9.76,-19.52,0,0,-68.32
-73.2,-14.64,58.56,43.92,-68.32,19.52,97.6,9.76,-9.76,9.76,0,-58.56
-68.32,-9.76,58.56,39.04,-63.44,24.4,97.6,9.76,-9.76,9.76,0,-58.56
-63.44,-4.88,58.56,34.16,-63.44,24.4,97.6,9.76,-9.76,9.76,0,-58.56
-58.56,0,58.56,29.28,-58.56,29.28,97.6,9.76,-9.76,9.76,0,-58.56
-58.56,9.76,68.32,24.4,-63.44,39.04,92.72,0,-9.76,9.76,0,-58.56
-58.56,9.76,68.32,24.4,-63.44,39.04,87.84,0,-9.76,9.76,0,-58.56
-58.56,9.76,68.32,24.4,-63.44,39.04,82.96,0,-9.76,9.76,0,-58.56
-58.56,9.76,68.32,24.4,-63.44,39.04,78.08,0,-9.76,9.76,0,-58.56
-58.56,4.88,63.44,29.28,-63.44,34.16,78.08,-9.76,-9.76,9.76,-9.76,-58.56
-58.56,0,58.56,29.28,-58.56,29.28,78.08,-9.76,-9.76,9.76,-9.76,-58.56
-58.56,-4.88,53.68,34.16,-58.56,24.4,78.08,-9.76,-9.76,9.76,-9.76,-58.56
-58.56,-9.76,48.8,34.16,-53.68,19.52,78.08,-9.76,-9.76,9.76,-9.76,-58.56
-48.8,0,48.8,24.4,-48.8,24.4,78.08,-19.52,-19.52,0,-9.76,-68.32
-48.8,0,48.8,24.4,-48.8,24.4,78.08,-19.52,-19.52,0,-9.76,-68.32
-48.8,0,48.8,24.4,-48.8,24.4,78.08,-19.52,-19.52,0,-9.76,-68.32
-48.8,0,48.8,24.4,-48.8,24.4,78.08,-19.52,-19.52,0,-9.76,-68.32
-48.8,-9.76,39.04,29.28,-43.92,14.64,78.08,-9.76,-19.52,0,0,-68.32
-48.8,-9.76,39.04,29.28,-43.92,14.64,78.08,-9.76,-19.52,0,0,-68.32
-48.8,-9.76,39.04,29.28,-43.92,14.64,78.08,-9.76,-19.52,0,0,-68.32
-48.8,-9.76,39.04,29.28,-43.92,14.64,78.08,-9.76,-19.52,0,0,-68.32
-39.04,0,39.04,19.52,-39.04,19.52,78.08,-9.76,-19.52,0,0,-78.08
-39.04,0,39.04,19.52,-39.04,19.52,78.08,-9.76,-19.52,0,0,-78.08
-39.04,0,39.04,19.52,-39.04,19.52,78.08,-9.76,-19.52,0,0,-78.08
-39.04,0,39.04,19.52,-39.04,19.52,78.08,-9.76,-19.52,0,0,-78.08
-43.92,-4.88,39.04,24.4,-43.92,14.64,68.32,-14.64,-24.4,-9.76,-9.76,-87.84
-48.8,-9.76,39.04,29.28,-43.92,14.64,68.32,-19.52,-29.28,-9.76,-9.76,-87.84
-53.68,-14.64,39.04,34.16,-48.8,9.76,68.32,-24.4,-34.16,-9.76,-9.76,-87.84
-58.56,-19.52,39.04,39.04,-48.8,9.76,68.32,-29.28,-39.04,-9.76,-9.76,-87.84
-58.56,-9.76,48.8,34.16,-53.68,19.52,78.08,-19.52,-29.28,0,-4.88,-97.6
-58.56,-9.76,48.8,34.16,-53.68,19.52,78.08,-19.52,-29.28,0,0,-97.6
-58.56,-9.76,48.8,34.16,-53.68,19.52,78.08,-19.52,-29.28,0,4.88,-97.6
-58.56,-9.76,48.8,34.16,-53.68,19.52,78.08,-19.52,-29.28,0,9.76,-97.6
-48.8,0,48.8,24.4,-48.8,24.4,68.32,-19.52,-39.04,-9.76,0,-97.6
-48.8,0,48.8,24.4,-48.8,24.4,68.32,-19.52,-39.04,-9.76,0,-97.6
-48.8,0,48.8,24.4,-48.8,24.4,68.32,-19.52,-39.04,-9.76,0,-97.6
-48.8,0,48.8,24.4,-48.8,24.4,68.32,-19.52,-39.04,-9.76,0,-97.6
-39.04,-4.88,34.16,24.4,-39.04,14.64,58.56,-19.52,-48.8,-9.76,0,-97.6
-39.04,-9.76,29.28,24.4,-34.16,9.76,58.56,-19.52,-48.8,-9.76,0,-97.6
-39.04,-14.64,24.4,29.28,-34.16,4.88,58.56,-19.52,-48.8,-9.76,0,-97.6
-39.04,-19.52,19.52,29.28,-29.28,0,58.56,-19.52,-48.8,-9.76,0,-97.6
-43.92,-29.28,14.64,39.04,-29.28,-9.76,68.32,-29.28,-48.8,-9.76,9.76,-97.6
-48.8,-29.28,19.52,39.04,-34.16,-4.88,68.32,-29.28,-48.8,-9.76,9.76,-97.6
-53.68,-29.28,24.4,43.92,-39.04,-4.88,68.32,-29.28,-48.8,-9.76,9.76,-97.6
-58.56,-29.28,29.28,43.92,-43.92,0,68.32,-29.28,-48.8,-9.76,9.76,-97.6
-68.32,-29.28,39.04,48.8,-53.68,4.88,68.32,-29.28,-58.56,-19.52,4.88,-107.36
-68.32,-29.28,39.04,48.8,-53.68,4.88,68.32,-29.28,-58.56,-19.52,0,-107.36
-68.32,-29.28,39.04,48.8,-53.68,4.88,68.32,-29.28,-58.56,-19.52,-4.88,-107.36
-68.32,-29.28,39.04,48.8,-53.68,4.88,68.32,-29.28,-58.56,-19.52,-9.76,-107.36
-78.08,-34.16,43.92,58.56,-63.44,4.88,58.56,-39.04,-58.56,-9.76,-9.76,-117.12
-78.08,-39.04,39.04,58.56,-58.56,0,58.56,-39.04,-58.56,-9.76,-9.76,-117.12
-78.08,-43.92,34.16,63.44,-58.56,-4.88,58.56,-39.04,-58.56,-9.76,-9.76,-117.12
-78.08,-48.8,29.28,63.44,-53.68,-9.76,58.56,-39.04,-58.56,-9.76,-9.76,-117.12
-78.08,-48.8,29.28,63.44,-53.68,-9.76,68.32,-39.04,-68.32,-19.52,-9.76,-126.88
-78.08,-48.8,29.28,63.44,-53.68,-9.76,68.32,-39.04,-68.32,-19.52,-9.76,-126.88
-78.08,-48.8,29.28,63.44,-53.68,-9.76,68.32,-39.04,-68.32,-19.52,-9.76,-126.88
-78.08,-48.8,29.28,63.44,-53.68,-9.76,68.32,-39.04,-68.32,-19.52,-9.76,-126.88
-73.2,-39.04,34.16,58.56,-53.68,-4.88,68.32,-39.04,-58.56,-19.52,-9.76,-136.64
-68.32,-39.04,29.28,53.68,-48.8,-4.88,68.32,-39.04,-58.56,-19.52,-9.76,-136.64
-63.44,-39.04,24.4,53.68,-43.92,-9.76,68.32,-39.04,-58.56,-19.52,-9.76,-136.64
-58.56,-39.04,19.52,48.8,-39.04,-9.76,68.32,-39.04,-58.56,-19.52,-9.76,-136.64
-43.92,-24.4,19.52,34.16,-34.16,-4.88,68.32,-29.28,-48.8,-9.76,0,-126.88
-39.04,-19.52,19.52,29.28,-29.28,0,68.32,-29.28,-48.8,-9.76,0,-126.88
-34.16,-14.64,19.52,24.4,-29.28,0,68.32,-29.28,-48.8,-9.76,0,-126.88
-29.28,-9.76,19.52,19.52,-24.4,4.88,68.32,-29.28,-48.8,-9.76,0,-126.88
-34.16,-9.76,24.4,24.4,-29.28,4.88,58.56,-29.28,-58.56,-19.52,0,-126.88
-39.04,-9.76,29.28,24.4,-34.16,9.76,58.56,-29.28,-58.56,-19.52,0,-126.88
-43.92,-9.76,34.16,29.28,-39.04,9.76,58.56,-29.28,-58.56,-19.52,0,-126.88
-48.8,-9.76,39.04,29.28,-43.92,14.64,58.56,-29.28,-58.56,-19.52,0,-126.88
-39.04,-9.76,29.28,24.4,-34.16,9.76,68.32,-29.28,-48.8,-14.64,0,-126.88
-29.28,-9.76,19.52,19.52,-24.4,4.88,68.32,-29.28,-48.8,-9.76,0,-126.88
-19.52,-9.76,9.76,14.64,-14.64,0,68.32,-29.28,-48.8,-4.88,0,-126.88
-9.76,-9.76,0,9.76,-4.88,-4.88,68.32,-29.28,-48.8,0,0,-126.88
-29.28,-19.52,9.76,24.4,-19.52,-4.88,63.44,-39.04,-53.68,-4.88,-9.76,-126.88
-39.04,-19.52,19.52,29.28,-29.28,0,58.56,-39.04,-58.56,-9.76,-9.76,-126.88
-48.8,-19.52,29.28,34.16,-39.04,4.88,53.68,-39.04,-63.44,-14.64,-9.76,-126.88
-58.56,-19.52,39.04,39.04,-48.8,9.76,48.8,-39.04,-68.32,-19.52,-9.76,-126.88
-53.68,-9.76,43.92,34.16,-48.8,14.64,58.56,-39.04,-63.44,-19.52,-9.76,-136.64
-48.8,-9.76,39.04,29.28,-43.92,14.64,58.56,-39.04,-58.56,-19.52,-9.76,-136.64
-43.92,-9.76,34.16,29.28,-39.04,9.76,58.56,-39.04,-53.68,-19.52,-9.76,-136.64
-39.04,-9.76,29.28,24.4,-34.16,9.76,58.56,-39.04,-48.8,-19.52,-9.76,-136.64
-43.92,-14.64,29.28,29.28,-39.04,4.88,58.56,-29.28,-53.68,-9.76,-4.88,-126.88
-48.8,-19.52,29.28,34.16,-39.04,4.88,58.56,-29.28,-58.56,-9.76,0,-126.88
-53.68,-24.4,29.28,39.04,-43.92,0,58.56,-29.28,-63.44,-9.76,4.88,-126.88
-58.56,-29.28,29.28,43.92,-43.92,0,58.56,-29.28,-68.32,-9.76,9.76,-126.88
-48.8,-24.4,24.4,39.04,-39.04,0,53.68,-39.04,-68.32,-19.52,0,-136.64
-48.8,-24.4,24.4,39.04,-39.04,0,48.8,-39.04,-68.32,-19.52,0,-136.64
-48.8,-19.52,29.28,34.16,-39.04,4.88,39.04,-39.04,-68.32,-19.52,-4.88,-136.64
-48.8,-9.76,39.04,29.28,-43.92,14.64,34.16,-39.04,-68.32,-19.52,-4.88,-146.4
-34.16,-4.88,29.28,19.52,-34.16,9.76,53.68,-29.28,-58.56,-9.76,0,-126.88
-29.28,-4.88,24.4,19.52,-29.28,9.76,58.56,-29.28,-53.68,-9.76,4.88,-126.88
-24.4,-14.64,9.76,19.52,-19.52,-4.88,63.44,-29.28,-53.68,-9.76,9.76,-126.88
-29.28,-14.64,14.64,24.4,-24.4,0,68.32,-29.28,-58.56,-9.76,14.64,-126.88
-34.16,-14.64,19.52,24.4,-29.28,0,58.56,-29.28,-58.56,-9.76,14.64,-131.76
-39.04,-14.64,24.4,29.28,-34.16,4.88,58.56,-29.28,-58.56,-9.76,14.64,-131.76
-48.8,-14.64,34.16,34.16,-43.92,9.76,58.56,-34.16,-63.44,-9.76,14.64,-136.64
-53.68,-19.52,34.16,39.04,-43.92,4.88,58.56,-34.16,-63.44,-14.64,14.64,-136.64
-53.68,-29.28,24.4,43.92,-39.04,-4.88,53.68,-48.8,-73.2,-19.52,4.88,-141.52
-53.68,-29.28,24.4,43.92,-39.04,-4.88,48.8,-48.8,-73.2,-19.52,4.88,-141.52
-53.68,-29.28,24.4,43.92,-39.04,-4.88,48.8,-48.8,-73.2,-19.52,0,-141.52
-53.68,-29.28,24.4,43.92,-39.04,-4.88,48.8,-43.92,-73.2,-19.52,0,-141.52
-53.68,-39.04,14.64,48.8,-34.16,-14.64,63.44,-34.16,-73.2,-14.64,9.76,-141.52
-53.68,-34.16,19.52,43.92,-39.04,-9.76,63.44,-34.16,-68.32,-14.64,9.76,-141.52
-58.56,-34.16,24.4,48.8,-43.92,-4.88,63.44,-29.28,-68.32,-9.76,9.76,-141.52
-63.44,-34.16,29.28,48.8,-48.8,-4.88,63.44,-29.28,-68.32,-9.76,14.64,-141.52
-63.44,-34.16,29.28,48.8,-48.8,-4.88,63.44,-39.04,-68.32,-14.64,4.88,-156.16
-58.56,-34.16,24.4,48.8,-43.92,-4.88,58.56,-39.04,-68.32,-19.52,4.88,-161.04
-58.56,-29.28,29.28,43.92,-43.92,0,48.8,-39.04,-68.32,-24.4,4.88,-165.92
-58.56,-24.4,34.16,43.92,-48.8,4.88,43.92,-39.04,-68.32,-29.28,4.88,-170.8
-58.56,-24.4,34.16,43.92,-48.8,4.88,58.56,-24.4,-63.44,-24.4,0,-170.8
-58.56,-19.52,39.04,39.04,-48.8,9.76,58.56,-24.4,-63.44,-14.64,4.88,-170.8
-48.8,-19.52,29.28,34.16,-39.04,4.88,58.56,-24.4,-63.44,-9.76,4.88,-165.92
-48.8,-19.52,29.28,34.16,-39.04,4.88,58.56,-24.4,-58.56,-4.88,0,-165.92
-39.04,-29.28,9.76,34.16,-24.4,-9.76,58.56,-24.4,-58.56,0,9.76,-175.68
-39.04,-24.4,14.64,34.16,-29.28,-4.88,58.56,-19.52,-58.56,0,9.76,-175.68
-39.04,-14.64,24.4,29.28,-34.16,4.88,63.44,-19.52,-58.56,0,9.76,-175.68
-34.16,-9.76,24.4,24.4,-29.28,4.88,73.2,-9.76,-48.8,9.76,24.4,-165.92
-14.64,24.4,39.04,-4.88,-29.28,29.28,97.6,4.88,-34.16,24.4,29.28,-165.92
-9.76,53.68,63.44,-19.52,-39.04,58.56,97.6,4.88,-19.52,29.28,34.16,-165.92
-9.76,68.32,78.08,-29.28,-43.92,73.2,112.24,19.52,-9.76,39.04,43.92,-156.16
-14.64,82.96,97.6,-34.16,-58.56,87.84,117.12,19.52,-4.88,43.92,53.68,-146.4
-9.76,78.08,87.84,-34.16,-48.8,82.96,107.36,29.28,4.88,53.68,53.68,-136.64
-9.76,78.08,87.84,-34.16,-48.8,82.96,107.36,29.28,4.88,53.68,53.68,-136.64
0,82.96,82.96,-39.04,-43.92,82.96,112.24,34.16,4.88,53.68,53.68,-131.76
0,78.08,78.08,-39.04,-39.04,78.08,112.24,34.16,9.76,53.68,53.68,-131.76
0,78.08,78.08,-39.04,-39.04,78.08,107.36,29.28,4.88,48.8,43.92,-141.52
4.88,78.08,73.2,-39.04,-34.16,73.2,102.48,14.64,-9.76,43.92,43.92,-141.52
4.88,78.08,73.2,-39.04,-34.16,73.2,97.6,4.88,-19.52,29.28,34.16,-146.4
4.88,73.2,68.32,-39.04,-34.16,68.32,82.96,-4.88,-24.4,24.4,34.16,-146.4
14.64,82.96,68.32,-48.8,-29.28,73.2,87.84,4.88,-19.52,34.16,48.8,-136.64
19.52,78.08,58.56,-48.8,-19.52,68.32,87.84,4.88,-14.64,39.04,48.8,-136.64
24.4,63.44,39.04,-43.92,-9.76,48.8,78.08,4.88,-9.76,43.92,43.92,-141.52
29.28,63.44,34.16,-43.92,-4.88,48.8,68.32,4.88,-4.88,48.8,43.92,-141.52
19.52,58.56,39.04,-39.04,-9.76,48.8,63.44,9.76,-4.88,39.04,34.16,-131.76
34.16,53.68,19.52,-43.92,4.88,34.16,58.56,9.76,-4.88,39.04,34.16,-131.76
34.16,39.04,4.88,-34.16,14.64,19.52,48.8,0,-14.64,29.28,34.16,-136.64
29.28,19.52,-9.76,-24.4,19.52,4.88,39.04,-4.88,-24.4,24.4,29.28,-141.52
14.64,14.64,0,-14.64,4.88,4.88,39.04,-19.52,-29.28,14.64,24.4,-151.28
0,14.64,14.64,-4.88,-9.76,14.64,43.92,-19.52,-29.28,14.64,24.4,-156.16
-19.52,14.64,34.16,4.88,-29.28,24.4,58.56,-19.52,-24.4,14.64,29.28,-165.92
-29.28,9.76,39.04,9.76,-34.16,24.4,58.56,-19.52,-24.4,14.64,29.28,-170.8
-48.8,0,48.8,24.4,-48.8,24.4,48.8,-19.52,-29.28,9.76,19.52,-185.44
-48.8,0,48.8,24.4,-48.8,24.4,58.56,-19.52,-29.28,9.76,19.52,-185.44
-53.68,-9.76,43.92,34.16,-48.8,14.64,58.56,-19.52,-29.28,4.88,14.64,-185.44
-58.56,-19.52,39.04,39.04,-48.8,9.76,58.56,-34.16,-34.16,-4.88,4.88,-195.2
-53.68,-29.28,24.4,43.92,-39.04,-4.88,58.56,-34.16,-53.68,-9.76,4.88,-195.2
-43.92,-34.16,9.76,39.04,-29.28,-14.64,53.68,-39.04,-53.68,-9.76,-4.88,-200.08
-39.04,-34.16,4.88,39.04,-24.4,-14.64,48.8,-43.92,-68.32,-19.52,-4.88,-200.08
-34.16,-39.04,-4.88,39.04,-14.64,-24.4,43.92,-48.8,-73.2,-29.28,-14.64,-214.72
-43.92,-43.92,0,43.92,-24.4,-24.4,43.92,-53.68,-78.08,-29.28,-24.4,-219.6
-53.68,-58.56,-4.88,58.56,-24.4,-34.16,34.16,-58.56,-82.96,-34.16,-29.28,-224.48
-53.68,-58.56,-4.88,58.56,-24.4,-34.16,34.16,-58.56,-82.96,-34.16,-34.16,-234.24
-53.68,-58.56,-4.88,58.56,-24.4,-34.16,39.04,-58.56,-82.96,-34.16,-34.16,-239.12
-43.92,-48.8,-4.88,48.8,-19.52,-29.28,48.8,-53.68,-68.32,-29.28,-29.28,-248.88
-43.92,-48.8,-4.88,48.8,-19.52,-29.28,48.8,-48.8,-63.44,-24.4,-24.4,-248.88
-48.8,-53.68,-4.88,53.68,-24.4,-29.28,43.92,-43.92,-58.56,-19.52,-24.4,-253.76
-58.56,-53.68,4.88,58.56,-34.16,-24.4,43.92,-43.92,-53.68,-14.64,-19.52,-253.76
-58.56,-48.8,9.76,53.68,-34.16,-19.52,39.04,-58.56,-73.2,-24.4,-24.4,-268.4
-53.68,-48.8,4.88,53.68,-29.28,-24.4,34.16,-63.44,-78.08,-29.28,-24.4,-268.4
-48.8,-48.8,0,48.8,-24.4,-24.4,29.28,-68.32,-82.96,-34.16,-29.28,-273.28
-48.8,-48.8,0,48.8,-24.4,-24.4,24.4,-73.2,-87.84,-39.04,-34.16,-278.16
-58.56,-63.44,-4.88,63.44,-29.28,-34.16,24.4,-73.2,-78.08,-39.04,-34.16,-278.16
-58.56,-68.32,-9.76,63.44,-24.4,-39.04,19.52,-73.2,-78.08,-43.92,-39.04,-283.04
-78.08,-68.32,9.76,73.2,-43.92,-29.28,19.52,-73.2,-82.96,-43.92,-39.04,-283.04
-78.08,-68.32,9.76,73.2,-43.92,-29.28,24.4,-73.2,-82.96,-43.92,-39.04,-283.04
-82.96,-68.32,14.64,78.08,-48.8,-29.28,34.16,-63.44,-87.84,-48.8,-29.28,-287.92
-82.96,-68.32,14.64,78.08,-48.8,-29.28,29.28,-68.32,-87.84,-48.8,-34.16,-292.8
-82.96,-73.2,9.76,78.08,-48.8,-34.16,29.28,-68.32,-87.84,-43.92,-34.16,-297.68
-78.08,-73.2,4.88,78.08,-43.92,-34.16,34.16,-68.32,-82.96,-43.92,-34.16,-302.56
-48.8,-82.96,-34.16,68.32,-9.76,-58.56,34.16,-73.2,-92.72,-43.92,-43.92,-302.56
-63.44,-107.36,-43.92,87.84,-9.76,-78.08,39.04,-78.08,-92.72,-53.68,-43.92,-302.56
-97.6,-117.12,-19.52,107.36,-39.04,-68.32,43.92,-78.08,-107.36,-68.32,-53.68,-317.2
-97.6,-117.12,-19.52,107.36,-39.04,-68.32,48.8,-68.32,-107.36,-73.2,-68.32,-322.08
-107.36,-126.88,-19.52,117.12,-43.92,-73.2,58.56,-53.68,-107.36,-78.08,-78.08,-331.84
-102.48,-141.52,-39.04,122,-34.16,-92.72,78.08,-24.4,-92.72,-87.84,-87.84,-351.36
-97.6,-141.52,-43.92,122,-29.28,-92.72,131.76,34.16,-82.96,-92.72,-102.48,-370.88
-112.24,-151.28,-39.04,131.76,-39.04,-97.6,209.84,141.52,-34.16,-92.72,-112.24,-385.52
-122,-161.04,-39.04,141.52,-43.92,-102.48,273.28,239.12,19.52,-58.56,-97.6,-385.52
-87.84,-112.24,-24.4,102.48,-34.16,-68.32,263.52,302.56,97.6,4.88,-58.56,-361.12
-4.88,9.76,14.64,0,-9.76,9.76,219.6,361.12,219.6,126.88,48.8,-307.44
58.56,107.36,48.8,-82.96,4.88,78.08,146.4,439.2,361.12,283.04,165.92,-224.48
87.84,170.8,82.96,-126.88,0,126.88,68.32,478.24,497.76,419.68,273.28,-146.4
117.12,263.52,146.4,-190.32,-14.64,204.96,24.4,517.28,614.88,551.44,375.76,-82.96
175.68,390.4,214.72,-283.04,-19.52,302.56,-4.88,546.56,761.28,702.72,507.52,9.76
209.84,512.4,302.56,-361.12,-48.8,405.04,-68.32,575.84,902.8,883.28,668.56,117.12
273.28,644.16,370.88,-458.72,-48.8,507.52,-102.48,644.16,1068.72,1073.6,829.6,239.12
361.12,819.84,458.72,-590.48,-48.8,639.28,-126.88,741.76,1263.92,1268.8,1000.4,361.12
453.84,995.52,541.68,-722.24,-43.92,766.16,-195.2,785.68,1420.08,1464,1185.84,492.88
492.88,1068.72,575.84,-780.8,-43.92,819.84,-297.68,771.04,1503.04,1590.88,1312.72,600.24
492.88,1054.08,561.2,-771.04,-34.16,805.2,-341.6,702.72,1468.88,1600.64,1351.76,658.8
483.12,1044.32,561.2,-761.28,-39.04,800.32,-346.48,556.32,1302.96,1503.04,1317.6,683.2
473.36,990.64,517.28,-732,-24.4,751.52,-356.24,331.84,1015.04,1298.08,1205.36,649.04
414.8,839.36,424.56,-624.64,-4.88,629.52,-361.12,58.56,639.28,985.76,1000.4,546.56
336.72,678.32,341.6,-507.52,-4.88,507.52,-385.52,-244,268.4,673.44,790.56,444.08
287.92,488,200.08,-385.52,43.92,341.6,-448.96,-507.52,-58.56,395.28,600.24,346.48
248.88,287.92,39.04,-268.4,102.48,161.04,-522.16,-683.2,-336.72,146.4,409.92,253.76
195.2,165.92,-29.28,-180.56,112.24,68.32,-536.8,-810.08,-531.92,-53.68,253.76,170.8
122,97.6,-24.4,-107.36,73.2,34.16,-566.08,-839.36,-619.76,-165.92,151.28,87.84
87.84,4.88,-82.96,-43.92,82.96,-39.04,-605.12,-814.96,-639.28,-229.36,68.32,19.52
97.6,-53.68,-151.28,-19.52,122,-102.48,-600.24,-785.68,-649.04,-278.16,0,-63.44
63.44,-68.32,-131.76,4.88,97.6,-102.48,-551.44,-756.4,-624.64,-297.68,-48.8,-122
0,-78.08,-78.08,39.04,39.04,-78.08,-497.76,-678.32,-570.96,-287.92,-68.32,-180.56
-19.52,-87.84,-68.32,53.68,24.4,-78.08,-409.92,-561.2,-492.88,-253.76,-78.08,-209.84
-14.64,-122,-107.36,68.32,43.92,-117.12,-326.96,-458.72,-414.8,-214.72,-78.08,-234.24
-24.4,-151.28,-126.88,87.84,48.8,-141.52,-248.88,-366,-356.24,-195.2,-78.08,-248.88
-19.52,-156.16,-136.64,87.84,58.56,-146.4,-180.56,-287.92,-317.2,-180.56,-87.84,-263.52
-24.4,-175.68,-151.28,102.48,63.44,-165.92,-136.64,-229.36,-283.04,-170.8,-87.84,-278.16
-58.56,-185.44,-126.88,122,34.16,-156.16,-87.84,-175.68,-253.76,-151.28,-82.96,-283.04
-48.8,-170.8,-122,112.24,34.16,-146.4,-43.92,-117.12,-195.2,-117.12,-53.68,-283.04
-19.52,-131.76,-112.24,78.08,43.92,-122,-19.52,-87.84,-156.16,-82.96,-48.8,-292.8
-39.04,-126.88,-87.84,82.96,24.4,-107.36,-4.88,-82.96,-131.76,-68.32,-39.04,-302.56
-58.56,-122,-63.44,92.72,0,-92.72,14.64,-63.44,-107.36,-48.8,-24.4,-302.56
-58.56,-97.6,-39.04,78.08,-9.76,-68.32,24.4,-39.04,-78.08,-29.28,-4.88,-302.56
-48.8,-58.56,-9.76,53.68,-19.52,-34.16,34.16,-19.52,-73.2,-24.4,4.88,-292.8
-29.28,-24.4,4.88,29.28,-19.52,-9.76,24.4,-19.52,-73.2,-24.4,-4.88,-292.8
-34.16,-19.52,14.64,29.28,-24.4,-4.88,14.64,-29.28,-78.08,-34.16,-14.64,-283.04
-48.8,-9.76,39.04,29.28,-43.92,14.64,24.4,-29.28,-78.08,-43.92,-4.88,-273.28
-48.8,-19.52,29.28,34.16,-39.04,4.88,39.04,-19.52,-68.32,-34.16,-4.88,-283.04
-48.8,-34.16,14.64,43.92,-34.16,-9.76,43.92,-14.64,-58.56,-29.28,-14.64,-292.8
-48.8,-48.8,0,48.8,-24.4,-24.4,58.56,0,-53.68,-29.28,-14.64,-312.32
-58.56,-73.2,-14.64,68.32,-24.4,-43.92,68.32,9.76,-48.8,-24.4,-19.52,-326.96
-73.2,-78.08,-4.88,78.08,-34.16,-43.92,68.32,9.76,-48.8,-19.52,-19.52,-331.84
-82.96,-82.96,0,82.96,-43.92,-43.92,63.44,9.76,-48.8,-14.64,-19.52,-331.84
-92.72,-82.96,9.76,87.84,-53.68,-39.04,58.56,9.76,-48.8,-9.76,-19.52,-331.84
-82.96,-58.56,24.4,73.2,-53.68,-19.52,43.92,9.76,-48.8,-9.76,-9.76,-326.96
-78.08,-43.92,34.16,63.44,-58.56,-4.88,39.04,9.76,-43.92,-14.64,0,-312.32
-82.96,-48.8,34.16,68.32,-58.56,-9.76,34.16,4.88,-43.92,-19.52,-9.76,-312.32
-97.6,-43.92,53.68,73.2,-78.08,4.88,34.16,4.88,-53.68,-24.4,-9.76,-312.32
-73.2,-34.16,39.04,53.68,-58.56,0,48.8,0,-43.92,-14.64,-19.52,-312.32
-68.32,-43.92,24.4,58.56,-48.8,-9.76,53.68,9.76,-34.16,-9.76,-19.52,-317.2
-68.32,-53.68,14.64,63.44,-43.92,-19.52,58.56,19.52,-34.16,-9.76,-19.52,-331.84
-63.44,-53.68,9.76,58.56,-39.04,-24.4,58.56,24.4,-34.16,-9.76,-19.52,-336.72
-63.44,-48.8,14.64,58.56,-39.04,-19.52,68.32,34.16,-14.64,0,-9.76,-346.48
-58.56,-34.16,24.4,48.8,-43.92,-4.88,68.32,34.16,-14.64,0,-4.88,-346.48
-48.8,-19.52,29.28,34.16,-39.04,4.88,68.32,29.28,-14.64,0,-4.88,-346.48
-39.04,-19.52,19.52,29.28,-29.28,0,63.44,29.28,-14.64,0,0,-346.48
-68.32,-24.4,43.92,48.8,-58.56,9.76,53.68,29.28,-24.4,0,0,-356.24
-63.44,-24.4,39.04,43.92,-53.68,4.88,58.56,34.16,-24.4,4.88,4.88,-351.36
-63.44,-29.28,34.16,48.8,-48.8,0,58.56,39.04,-24.4,4.88,4.88,-346.48
-68.32,-39.04,29.28,53.68,-48.8,-4.88,63.44,43.92,-19.52,4.88,0,-341.6
-68.32,-58.56,9.76,63.44,-39.04,-24.4,82.96,48.8,-9.76,14.64,4.88,-336.72
-68.32,-68.32,0,68.32,-34.16,-34.16,82.96,53.68,-4.88,24.4,14.64,-322.08
-53.68,-48.8,4.88,53.68,-29.28,-24.4,82.96,53.68,0,24.4,24.4,-317.2
-53.68,-48.8,4.88,53.68,-29.28,-24.4,82.96,63.44,0,24.4,29.28,-307.44
-58.56,-48.8,9.76,53.68,-34.16,-19.52,73.2,39.04,-9.76,19.52,24.4,-302.56
-63.44,-43.92,19.52,53.68,-43.92,-14.64,73.2,39.04,-19.52,9.76,19.52,-302.56
-63.44,-34.16,29.28,48.8,-48.8,-4.88,73.2,39.04,-19.52,4.88,19.52,-302.56
-68.32,-29.28,39.04,48.8,-53.68,4.88,73.2,43.92,-14.64,0,14.64,-307.44
-58.56,-19.52,39.04,39.04,-48.8,9.76,73.2,63.44,-4.88,9.76,24.4,-302.56
-43.92,-14.64,29.28,29.28,-39.04,4.88,82.96,68.32,0,14.64,29.28,-297.68
-34.16,-9.76,24.4,24.4,-29.28,4.88,82.96,73.2,0,14.64,34.16,-292.8
-24.4,-9.76,14.64,19.52,-19.52,0,82.96,73.2,9.76,19.52,43.92,-283.04
-34.16,-19.52,14.64,29.28,-24.4,-4.88,97.6,92.72,14.64,19.52,39.04,-283.04
-34.16,-19.52,14.64,29.28,-24.4,-4.88,97.6,92.72,14.64,29.28,43.92,-287.92
-24.4,-19.52,4.88,24.4,-14.64,-9.76,87.84,92.72,14.64,29.28,48.8,-287.92
-24.4,-9.76,14.64,19.52,-19.52,0,87.84,92.72,14.64,29.28,48.8,-292.8
-34.16,4.88,39.04,14.64,-39.04,19.52,78.08,92.72,19.52,29.28,48.8,-302.56
-34.16,4.88,39.04,14.64,-39.04,19.52,78.08,92.72,19.52,29.28,39.04,-302.56
-34.16,4.88,39.04,14.64,-39.04,19.52,78.08,92.72,24.4,29.28,39.04,-307.44
-34.16,4.88,39.04,14.64,-39.04,19.52,78.08,102.48,34.16,39.04,39.04,-317.2
-29.28,-4.88,24.4,19.52,-29.28,9.76,73.2,107.36,34.16,39.04,39.04,-322.08
-43.92,-19.52,24.4,34.16,-34.16,0,73.2,107.36,34.16,39.04,34.16,-326.96
-48.8,-24.4,24.4,39.04,-39.04,0,73.2,117.12,39.04,39.04,34.16,-326.96
-53.68,-9.76,43.92,34.16,-48.8,14.64,78.08,117.12,43.92,39.04,39.04,-326.96
-29.28,4.88,34.16,14.64,-34.16,19.52,87.84,126.88,53.68,53.68,34.16,-331.84
-24.4,4.88,29.28,9.76,-29.28,14.64,87.84,131.76,53.68,53.68,34.16,-341.6
-19.52,4.88,24.4,9.76,-24.4,14.64,78.08,136.64,58.56,53.68,34.16,-341.6
-9.76,9.76,19.52,0,-14.64,14.64,87.84,146.4,63.44,58.56,34.16,-331.84
-19.52,9.76,29.28,4.88,-24.4,19.52,87.84,141.52,63.44,63.44,34.16,-336.72
-14.64,9.76,24.4,4.88,-19.52,14.64,87.84,146.4,68.32,68.32,34.16,-341.6
4.88,14.64,9.76,-9.76,-4.88,9.76,87.84,151.28,68.32,68.32,39.04,-346.48
4.88,14.64,9.76,-9.76,-4.88,9.76,87.84,151.28,68.32,73.2,39.04,-346.48
-24.4,9.76,34.16,9.76,-29.28,19.52,78.08,151.28,82.96,68.32,39.04,-346.48
-29.28,4.88,34.16,14.64,-34.16,19.52,82.96,161.04,82.96,73.2,48.8,-341.6
-14.64,0,14.64,9.76,-14.64,4.88,82.96,170.8,87.84,73.2,48.8,-341.6
-9.76,4.88,14.64,4.88,-14.64,9.76,82.96,175.68,87.84,73.2,43.92,-336.72
0,4.88,4.88,0,-4.88,4.88,87.84,180.56,82.96,73.2,43.92,-331.84
-4.88,-4.88,0,4.88,-4.88,-4.88,87.84,185.44,92.72,82.96,48.8,-326.96
-14.64,-4.88,9.76,9.76,-14.64,0,92.72,190.32,97.6,87.84,53.68,-326.96
-14.64,-4.88,9.76,9.76,-14.64,0,92.72,195.2,102.48,87.84,58.56,-322.08
-14.64,0,14.64,9.76,-14.64,4.88,78.08,200.08,102.48,97.6,63.44,-317.2
-14.64,9.76,24.4,4.88,-19.52,14.64,78.08,204.96,112.24,102.48,68.32,-312.32
-14.64,24.4,39.04,-4.88,-29.28,29.28,82.96,214.72,117.12,107.36,82.96,-302.56
-4.88,39.04,43.92,-14.64,-24.4,39.04,82.96,219.6,122,112.24,87.84,-292.8
9.76,58.56,48.8,-34.16,-19.52,53.68,87.84,229.36,136.64,126.88,97.6,-292.8
9.76,58.56,48.8,-34.16,-19.52,53.68,87.84,239.12,146.4,126.88,102.48,-292.8
14.64,63.44,48.8,-39.04,-19.52,53.68,87.84,253.76,161.04,136.64,112.24,-292.8
29.28,68.32,39.04,-48.8,-4.88,53.68,87.84,263.52,170.8,141.52,117.12,-283.04
29.28,63.44,34.16,-43.92,-4.88,48.8,87.84,263.52,165.92,136.64,122,-287.92
29.28,63.44,34.16,-43.92,-4.88,48.8,87.84,278.16,170.8,141.52,122,-292.8
29.28,63.44,34.16,-43.92,-4.88,48.8,87.84,283.04,185.44,156.16,141.52,-292.8
29.28,68.32,39.04,-48.8,-4.88,53.68,87.84,287.92,190.32,156.16,141.52,-287.92
29.28,82.96,53.68,-53.68,-14.64,68.32,82.96,307.44,209.84,170.8,161.04,-287.92
43.92,97.6,53.68,-68.32,-4.88,73.2,82.96,312.32,214.72,185.44,175.68,-283.04
43.92,107.36,63.44,-73.2,-9.76,82.96,82.96,326.96,224.48,195.2,175.68,-278.16
39.04,107.36,68.32,-73.2,-14.64,87.84,82.96,336.72,229.36,209.84,180.56,-273.28
29.28,102.48,73.2,-63.44,-24.4,87.84,68.32,331.84,239.12,204.96,180.56,-268.4
24.4,97.6,73.2,-58.56,-24.4,82.96,68.32,341.6,244,214.72,185.44,-263.52
24.4,97.6,73.2,-58.56,-24.4,82.96,63.44,341.6,248.88,219.6,195.2,-253.76
29.28,107.36,78.08,-68.32,-24.4,92.72,63.44,351.36,258.64,229.36,200.08,-248.88
24.4,112.24,87.84,-68.32,-34.16,97.6,73.2,361.12,273.28,234.24,209.84,-239.12
24.4,107.36,82.96,-63.44,-29.28,92.72,63.44,366,283.04,239.12,219.6,-234.24
24.4,102.48,78.08,-63.44,-29.28,87.84,58.56,370.88,283.04,253.76,229.36,-224.48
24.4,117.12,92.72,-68.32,-34.16,102.48,58.56,375.76,292.8,258.64,244,-219.6
58.56,131.76,73.2,-92.72,-9.76,102.48,63.44,380.64,312.32,268.4,263.52,-204.96
78.08,151.28,73.2,-112.24,0,112.24,68.32,395.28,322.08,278.16,263.52,-195.2
87.84,165.92,78.08,-126.88,4.88,122,73.2,414.8,336.72,292.8,268.4,-185.44
97.6,180.56,82.96,-136.64,4.88,131.76,78.08,419.68,341.6,302.56,278.16,-170.8
107.36,195.2,87.84,-151.28,9.76,141.52,73.2,409.92,331.84,312.32,268.4,-175.68
117.12,204.96,87.84,-161.04,14.64,146.4,68.32,414.8,336.72,317.2,273.28,-170.8
117.12,214.72,97.6,-165.92,9.76,156.16,68.32,414.8,336.72,317.2,283.04,-165.92
117.12,224.48,107.36,-170.8,4.88,165.92,68.32,414.8,336.72,317.2,292.8,-161.04
102.48,209.84,107.36,-156.16,-4.88,156.16,73.2,424.56,351.36,317.2,297.68,-165.92
97.6,204.96,107.36,-151.28,-4.88,156.16,68.32,424.56,351.36,322.08,297.68,-156.16
92.72,209.84,117.12,-151.28,-14.64,161.04,53.68,409.92,351.36,326.96,297.68,-151.28
87.84,204.96,117.12,-146.4,-14.64,161.04,48.8,409.92,351.36,326.96,302.56,-146.4
92.72,195.2,102.48,-141.52,-4.88,146.4,48.8,419.68,361.12,331.84,302.56,-141.52
97.6,200.08,102.48,-146.4,-4.88,151.28,48.8,419.68,361.12,331.84,307.44,-141.52
107.36,204.96,97.6,-156.16,4.88,151.28,43.92,419.68,361.12,331.84,307.44,-141.52
112.24,209.84,97.6,-161.04,4.88,151.28,39.04,409.92,351.36,331.84,307.44,-136.64
97.6,209.84,112.24,-151.28,-9.76,161.04,29.28,395.28,341.6,322.08,292.8,-141.52
97.6,214.72,117.12,-156.16,-9.76,165.92,29.28,390.4,336.72,307.44,283.04,-141.52
92.72,214.72,122,-151.28,-14.64,165.92,24.4,385.52,331.84,302.56,292.8,-146.4
82.96,200.08,117.12,-141.52,-19.52,156.16,24.4,380.64,331.84,302.56,292.8,-151.28
92.72,190.32,97.6,-141.52,-4.88,141.52,29.28,385.52,336.72,307.44,297.68,-151.28
92.72,175.68,82.96,-131.76,4.88,126.88,39.04,385.52,331.84,307.44,297.68,-146.4
92.72,175.68,82.96,-131.76,4.88,126.88,43.92,385.52,336.72,307.44,302.56,-141.52
92.72,175.68,82.96,-131.76,4.88,126.88,48.8,375.76,336.72,312.32,302.56,-146.4
82.96,170.8,87.84,-126.88,-4.88,126.88,43.92,346.48,317.2,292.8,292.8,-151.28
63.44,151.28,87.84,-107.36,-14.64,117.12,39.04,336.72,307.44,278.16,278.16,-161.04
58.56,141.52,82.96,-97.6,-14.64,112.24,34.16,326.96,297.68,263.52,268.4,-175.68
53.68,131.76,78.08,-92.72,-14.64,102.48,34.16,317.2,287.92,248.88,258.64,-180.56
48.8,131.76,82.96,-87.84,-19.52,107.36,34.16,297.68,278.16,239.12,248.88,-190.32
39.04,131.76,92.72,-82.96,-29.28,112.24,39.04,283.04,273.28,234.24,234.24,-200.08
9.76,102.48,92.72,-53.68,-43.92,97.6,39.04,268.4,263.52,219.6,224.48,-214.72
4.88,102.48,97.6,-53.68,-48.8,97.6,43.92,253.76,253.76,209.84,204.96,-219.6
9.76,112.24,102.48,-58.56,-48.8,107.36,48.8,234.24,234.24,200.08,200.08,-219.6
14.64,102.48,87.84,-58.56,-39.04,92.72,48.8,219.6,214.72,185.44,195.2,-229.36
4.88,82.96,78.08,-43.92,-39.04,78.08,48.8,204.96,200.08,165.92,185.44,-239.12
9.76,68.32,58.56,-39.04,-24.4,63.44,48.8,195.2,190.32,151.28,175.68,-253.76
14.64,73.2,58.56,-43.92,-24.4,63.44,48.8,180.56,185.44,131.76,165.92,-263.52
4.88,68.32,63.44,-34.16,-29.28,63.44,48.8,165.92,170.8,122,151.28,-273.28
-9.76,68.32,78.08,-29.28,-43.92,73.2,39.04,141.52,156.16,112.24,131.76,-278.16
-19.52,43.92,63.44,-9.76,-43.92,53.68,39.04,122,146.4,97.6,117.12,-278.16
-39.04,24.4,63.44,9.76,-53.68,43.92,39.04,102.48,136.64,78.08,107.36,-283.04
-48.8,29.28,78.08,9.76,-63.44,53.68,43.92,92.72,122,68.32,97.6,-292.8
-58.56,0,58.56,29.28,-58.56,29.28,43.92,73.2,107.36,58.56,87.84,-307.44
-73.2,-24.4,48.8,48.8,-63.44,9.76,43.92,53.68,92.72,43.92,82.96,-326.96
-68.32,-19.52,48.8,43.92,-58.56,14.64,48.8,53.68,97.6,34.16,82.96,-317.2
-58.56,-14.64,43.92,39.04,-53.68,14.64,48.8,53.68,92.72,34.16,82.96,-317.2
-48.8,-9.76,39.04,29.28,-43.92,14.64,48.8,53.68,87.84,29.28,78.08,-317.2
-39.04,-9.76,29.28,24.4,-34.16,9.76,48.8,43.92,87.84,29.28,63.44,-322.08
-58.56,-34.16,24.4,48.8,-43.92,-4.88,43.92,24.4,73.2,14.64,43.92,-331.84
-68.32,-43.92,24.4,58.56,-48.8,-9.76,34.16,14.64,63.44,4.88,34.16,-341.6
-82.96,-43.92,39.04,63.44,-63.44,-4.88,29.28,4.88,48.8,0,34.16,-346.48
-87.84,-43.92,43.92,68.32,-68.32,0,29.28,4.88,43.92,-4.88,29.28,-356.24
-87.84,-39.04,48.8,63.44,-68.32,4.88,34.16,4.88,48.8,-4.88,34.16,-351.36
-82.96,-43.92,39.04,63.44,-63.44,-4.88,34.16,9.76,53.68,-9.76,43.92,-356.24
-82.96,-39.04,43.92,63.44,-63.44,0,39.04,4.88,53.68,-4.88,48.8,-356.24
-92.72,-43.92,48.8,68.32,-73.2,0,43.92,9.76,53.68,-4.88,48.8,-361.12
-82.96,-53.68,29.28,68.32,-58.56,-14.64,43.92,4.88,39.04,-9.76,34.16,-366
-82.96,-53.68,29.28,68.32,-58.56,-14.64,39.04,-9.76,34.16,-14.64,29.28,-375.76
-82.96,-58.56,24.4,73.2,-53.68,-19.52,39.04,-19.52,34.16,-19.52,24.4,-375.76
-82.96,-58.56,24.4,73.2,-53.68,-19.52,34.16,-29.28,29.28,-34.16,24.4,-380.64
-78.08,-53.68,24.4,68.32,-53.68,-14.64,43.92,-24.4,34.16,-43.92,29.28,-385.52
-73.2,-53.68,19.52,63.44,-48.8,-19.52,43.92,-19.52,34.16,-29.28,34.16,-385.52
-73.2,-48.8,24.4,63.44,-48.8,-14.64,43.92,-19.52,34.16,-24.4,39.04,-385.52
-68.32,-53.68,14.64,63.44,-43.92,-19.52,43.92,-24.4,34.16,-19.52,43.92,-385.52
-63.44,-63.44,0,63.44,-34.16,-34.16,34.16,-34.16,43.92,-19.52,43.92,-385.52
-63.44,-53.68,9.76,58.56,-39.04,-24.4,34.16,-24.4,43.92,-19.52,48.8,-385.52
-53.68,-39.04,14.64,48.8,-34.16,-14.64,34.16,-24.4,43.92,-19.52,34.16,-385.52
-53.68,-48.8,4.88,53.68,-29.28,-24.4,34.16,-29.28,43.92,-9.76,29.28,-385.52
-58.56,-73.2,-14.64,68.32,-24.4,-43.92,34.16,-29.28,43.92,-19.52,34.16,-395.28
-63.44,-58.56,4.88,63.44,-34.16,-29.28,34.16,-34.16,43.92,-19.52,34.16,-395.28
-73.2,-58.56,14.64,68.32,-43.92,-24.4,34.16,-34.16,39.04,-29.28,34.16,-395.28
-82.96,-68.32,14.64,78.08,-48.8,-29.28,29.28,-34.16,39.04,-29.28,39.04,-390.4
-82.96,-63.44,19.52,73.2,-53.68,-24.4,29.28,-24.4,53.68,-19.52,48.8,-385.52
-82.96,-48.8,34.16,68.32,-58.56,-9.76,29.28,-34.16,53.68,-19.52,43.92,-385.52
-82.96,-58.56,24.4,73.2,-53.68,-19.52,19.52,-39.04,39.04,-24.4,39.04,-395.28
-87.84,-53.68,34.16,73.2,-63.44,-9.76,19.52,-39.04,39.04,-34.16,39.04,-395.28
-82.96,-53.68,29.28,68.32,-58.56,-14.64,14.64,-43.92,48.8,-24.4,39.04,-385.52
-73.2,-53.68,19.52,63.44,-48.8,-19.52,19.52,-39.04,48.8,-19.52,39.04,-390.4
-68.32,-58.56,9.76,63.44,-39.04,-24.4,19.52,-39.04,48.8,-19.52,39.04,-395.28
-63.44,-58.56,4.88,63.44,-34.16,-29.28,19.52,-39.04,48.8,-19.52,39.04,-395.28
-68.32,-53.68,14.64,63.44,-43.92,-19.52,19.52,-39.04,43.92,-14.64,39.04,-390.4
-73.2,-53.68,19.52,63.44,-48.8,-19.52,19.52,-39.04,48.8,-14.64,39.04,-385.52
-78.08,-53.68,24.4,68.32,-53.68,-14.64,19.52,-48.8,48.8,-24.4,34.16,-385.52
-82.96,-53.68,29.28,68.32,-58.56,-14.64,19.52,-48.8,43.92,-24.4,34.16,-385.52
-73.2,-39.04,34.16,58.56,-53.68,-4.88,19.52,-48.8,53.68,-24.4,43.92,-395.28
-87.84,-53.68,34.16,73.2,-63.44,-9.76,19.52,-48.8,43.92,-24.4,43.92,-395.28
-87.84,-53.68,34.16,73.2,-63.44,-9.76,19.52,-48.8,43.92,-19.52,48.8,-390.4
-82.96,-53.68,29.28,68.32,-58.56,-14.64,19.52,-48.8,48.8,-19.52,48.8,-390.4
-97.6,-53.68,43.92,78.08,-73.2,-4.88,24.4,-39.04,53.68,-29.28,48.8,-385.52
-97.6,-48.8,48.8,73.2,-73.2,0,24.4,-34.16,53.68,-29.28,48.8,-385.52
-97.6,-48.8,48.8,73.2,-73.2,0,24.4,-34.16,58.56,-34.16,43.92,-395.28
-97.6,-53.68,43.92,78.08,-73.2,-4.88,24.4,-34.16,68.32,-34.16,43.92,-395.28
-92.72,-58.56,34.16,78.08,-63.44,-14.64,24.4,-34.16,68.32,-24.4,53.68,-380.64
-87.84,-63.44,24.4,78.08,-58.56,-19.52,24.4,-34.16,68.32,-24.4,48.8,-380.64
-92.72,-63.44,29.28,78.08,-63.44,-19.52,24.4,-34.16,68.32,-24.4,48.8,-380.64
-87.84,-68.32,19.52,78.08,-53.68,-24.4,24.4,-34.16,68.32,-24.4,48.8,-375.76
-92.72,-78.08,14.64,87.84,-53.68,-34.16,24.4,-39.04,63.44,-24.4,53.68,-370.88
-92.72,-73.2,19.52,82.96,-58.56,-29.28,24.4,-39.04,63.44,-24.4,53.68,-370.88
-97.6,-73.2,24.4,87.84,-63.44,-24.4,24.4,-34.16,63.44,-24.4,53.68,-375.76
-97.6,-78.08,19.52,87.84,-58.56,-29.28,24.4,-34.16,68.32,-24.4,58.56,-375.76
-107.36,-78.08,29.28,92.72,-68.32,-24.4,19.52,-39.04,68.32,-34.16,63.44,-375.76
-107.36,-73.2,34.16,92.72,-73.2,-19.52,19.52,-39.04,68.32,-34.16,58.56,-390.4
-102.48,-63.44,39.04,82.96,-73.2,-14.64,19.52,-43.92,68.32,-39.04,53.68,-400.16
-92.72,-58.56,34.16,78.08,-63.44,-14.64,19.52,-43.92,68.32,-39.04,48.8,-405.04
-97.6,-73.2,24.4,87.84,-63.44,-24.4,9.76,-43.92,68.32,-48.8,39.04,-409.92
-97.6,-73.2,24.4,87.84,-63.44,-24.4,9.76,-43.92,73.2,-43.92,34.16,-414.8
-107.36,-58.56,48.8,82.96,-78.08,-4.88,19.52,-34.16,78.08,-34.16,29.28,-419.68
-107.36,-58.56,48.8,82.96,-78.08,-4.88,19.52,-29.28,78.08,-29.28,29.28,-419.68
-117.12,-63.44,53.68,92.72,-87.84,-4.88,24.4,-14.64,73.2,-29.28,43.92,-419.68
-117.12,-68.32,48.8,92.72,-82.96,-9.76,24.4,-9.76,73.2,-29.28,43.92,-429.44
-107.36,-68.32,39.04,87.84,-73.2,-14.64,24.4,-9.76,73.2,-29.28,43.92,-429.44
-107.36,-68.32,39.04,87.84,-73.2,-14.64,29.28,-9.76,78.08,-29.28,48.8,-434.32
-97.6,-63.44,34.16,82.96,-68.32,-14.64,29.28,-9.76,92.72,-19.52,58.56,-444.08
-87.84,-58.56,29.28,73.2,-58.56,-14.64,24.4,-4.88,92.72,-9.76,58.56,-444.08
-102.48,-58.56,43.92,82.96,-73.2,-9.76,24.4,0,92.72,-9.76,53.68,-444.08
-102.48,-53.68,48.8,78.08,-78.08,-4.88,24.4,9.76,97.6,-14.64,48.8,-444.08
-97.6,-58.56,39.04,78.08,-68.32,-9.76,24.4,-4.88,92.72,-24.4,48.8,-448.96
-97.6,-58.56,39.04,78.08,-68.32,-9.76,24.4,-4.88,92.72,-19.52,48.8,-453.84
-97.6,-68.32,29.28,82.96,-63.44,-19.52,24.4,-9.76,92.72,-19.52,48.8,-463.6
-97.6,-58.56,39.04,78.08,-68.32,-9.76,24.4,-14.64,92.72,-19.52,48.8,-473.36
-102.48,-58.56,43.92,82.96,-73.2,-9.76,34.16,-4.88,107.36,-19.52,48.8,-473.36
-102.48,-58.56,43.92,82.96,-73.2,-9.76,34.16,-4.88,112.24,-14.64,48.8,-478.24
-102.48,-53.68,48.8,78.08,-78.08,-4.88,34.16,-4.88,112.24,-14.64,43.92,-478.24
-102.48,-53.68,48.8,78.08,-78.08,-4.88,34.16,-4.88,112.24,-19.52,43.92,-478.24
-97.6,-53.68,43.92,78.08,-73.2,-4.88,34.16,-9.76,107.36,-14.64,43.92,-478.24
-107.36,-53.68,53.68,82.96,-82.96,0,34.16,-9.76,107.36,-14.64,53.68,-478.24
-102.48,-53.68,48.8,78.08,-78.08,-4.88,34.16,-4.88,107.36,-4.88,53.68,-473.36
-78.08,-39.04,39.04,58.56,-58.56,0,34.16,-4.88,117.12,4.88,53.68,-473.36
-82.96,-39.04,43.92,63.44,-63.44,0,24.4,-4.88,112.24,0,53.68,-483.12
-87.84,-29.28,58.56,58.56,-73.2,14.64,29.28,0,112.24,0,58.56,-488
-87.84,-29.28,58.56,58.56,-73.2,14.64,29.28,0,117.12,4.88,58.56,-492.88
-92.72,-34.16,58.56,63.44,-78.08,9.76,29.28,4.88,117.12,-9.76,58.56,-492.88
-87.84,-34.16,53.68,63.44,-73.2,9.76,39.04,4.88,117.12,-9.76,53.68,-492.88
-87.84,-34.16,53.68,63.44,-73.2,9.76,39.04,4.88,117.12,-9.76,53.68,-492.88
-87.84,-29.28,58.56,58.56,-73.2,14.64,39.04,4.88,117.12,-4.88,58.56,-492.88
-87.84,-29.28,58.56,58.56,-73.2,14.64,39.04,0,112.24,-4.88,58.56,-488
-82.96,-29.28,53.68,58.56,-68.32,9.76,29.28,9.76,107.36,-4.88,53.68,-492.88
-78.08,-29.28,48.8,53.68,-63.44,9.76,29.28,9.76,112.24,-4.88,58.56,-492.88
-73.2,-29.28,43.92,53.68,-58.56,4.88,29.28,9.76,122,-4.88,58.56,-492.88
-78.08,-29.28,48.8,53.68,-63.44,9.76,29.28,4.88,126.88,-4.88,53.68,-492.88
-82.96,-19.52,63.44,53.68,-73.2,19.52,39.04,14.64,136.64,4.88,58.56,-488
-87.84,-29.28,58.56,58.56,-73.2,14.64,39.04,14.64,136.64,4.88,68.32,-492.88
-92.72,-29.28,63.44,63.44,-78.08,14.64,39.04,14.64,136.64,9.76,73.2,-492.88
-92.72,-34.16,58.56,63.44,-78.08,9.76,43.92,19.52,141.52,9.76,78.08,-488
-82.96,-34.16,48.8,58.56,-68.32,4.88,34.16,14.64,141.52,-4.88,73.2,-497.76
-82.96,-34.16,48.8,58.56,-68.32,4.88,34.16,9.76,141.52,-9.76,63.44,-502.64
-78.08,-24.4,53.68,53.68,-68.32,14.64,34.16,4.88,141.52,-9.76,58.56,-502.64
-78.08,-14.64,63.44,48.8,-73.2,24.4,34.16,0,141.52,0,58.56,-502.64
-68.32,-24.4,43.92,48.8,-58.56,9.76,34.16,4.88,141.52,9.76,63.44,-502.64
-68.32,-24.4,43.92,48.8,-58.56,9.76,34.16,4.88,141.52,4.88,63.44,-497.76
-58.56,-14.64,43.92,39.04,-53.68,14.64,29.28,9.76,136.64,4.88,63.44,-497.76
-58.56,-9.76,48.8,34.16,-53.68,19.52,29.28,14.64,131.76,4.88,63.44,-497.76
-78.08,-14.64,63.44,48.8,-73.2,24.4,29.28,4.88,122,-4.88,58.56,-512.4
-92.72,-19.52,73.2,58.56,-82.96,24.4,29.28,-4.88,122,-4.88,58.56,-517.28
-82.96,-34.16,48.8,58.56,-68.32,4.88,29.28,-9.76,122,-4.88,53.68,-522.16
-68.32,-29.28,39.04,48.8,-53.68,4.88,29.28,-9.76,122,-4.88,53.68,-527.04
-68.32,-29.28,39.04,48.8,-53.68,4.88,29.28,-9.76,131.76,-4.88,43.92,-527.04
-78.08,-43.92,34.16,63.44,-58.56,-4.88,29.28,-19.52,126.88,-9.76,53.68,-522.16
-78.08,-43.92,34.16,63.44,-58.56,-4.88,29.28,-19.52,126.88,-4.88,58.56,-522.16
-53.68,-29.28,24.4,43.92,-39.04,-4.88,29.28,-19.52,126.88,-4.88,58.56,-527.04
-68.32,-39.04,29.28,53.68,-48.8,-4.88,34.16,-19.52,117.12,0,63.44,-527.04
-73.2,-39.04,34.16,58.56,-53.68,-4.88,34.16,-19.52,117.12,4.88,63.44,-527.04
-97.6,-43.92,53.68,73.2,-78.08,4.88,24.4,-24.4,117.12,-4.88,48.8,-527.04
-92.72,-43.92,48.8,68.32,-73.2,0,24.4,-24.4,126.88,-4.88,48.8,-541.68
-82.96,-34.16,48.8,58.56,-68.32,4.88,24.4,-24.4,126.88,-4.88,58.56,-531.92
-87.84,-43.92,43.92,68.32,-68.32,0,24.4,-29.28,126.88,-9.76,53.68,-536.8
-97.6,-53.68,43.92,78.08,-73.2,-4.88,24.4,-29.28,122,-19.52,53.68,-536.8
-97.6,-58.56,39.04,78.08,-68.32,-9.76,24.4,-29.28,122,-9.76,58.56,-531.92
-87.84,-58.56,29.28,73.2,-58.56,-14.64,14.64,-29.28,117.12,-9.76,53.68,-536.8
-82.96,-53.68,29.28,68.32,-58.56,-14.64,19.52,-29.28,112.24,-9.76,48.8,-536.8
-82.96,-53.68,29.28,68.32,-58.56,-14.64,19.52,-29.28,102.48,-14.64,43.92,-536.8
-82.96,-53.68,29.28,68.32,-58.56,-14.64,19.52,-29.28,97.6,-19.52,39.04,-546.56
-92.72,-58.56,34.16,78.08,-63.44,-14.64,9.76,-34.16,97.6,-24.4,39.04,-551.44
-92.72,-63.44,29.28,78.08,-63.44,-19.52,9.76,-39.04,92.72,-34.16,29.28,-551.44
-102.48,-63.44,39.04,82.96,-73.2,-14.64,9.76,-53.68,92.72,-34.16,29.28,-551.44
-112.24,-68.32,43.92,92.72,-78.08,-14.64,9.76,-58.56,92.72,-34.16,34.16,-551.44
-117.12,-58.56,58.56,87.84,-87.84,0,14.64,-53.68,92.72,-24.4,48.8,-551.44
-112.24,-58.56,53.68,87.84,-82.96,-4.88,14.64,-48.8,92.72,-19.52,48.8,-546.56
-107.36,-53.68,53.68,82.96,-82.96,0,19.52,-43.92,92.72,-19.52,53.68,-546.56
-102.48,-43.92,58.56,73.2,-82.96,4.88,24.4,-39.04,92.72,-19.52,53.68,-546.56
-92.72,-43.92,48.8,68.32,-73.2,0,24.4,-39.04,97.6,-9.76,43.92,-541.68
-92.72,-48.8,43.92,73.2,-68.32,-4.88,24.4,-39.04,97.6,-19.52,39.04,-546.56
-92.72,-48.8,43.92,73.2,-68.32,-4.88,24.4,-34.16,97.6,-19.52,39.04,-546.56
-92.72,-39.04,53.68,68.32,-73.2,4.88,24.4,-34.16,92.72,-19.52,39.04,-546.56
-78.08,-48.8,29.28,63.44,-53.68,-9.76,19.52,-43.92,82.96,-24.4,24.4,-546.56
-78.08,-48.8,29.28,63.44,-53.68,-9.76,14.64,-53.68,82.96,-29.28,9.76,-556.32
-73.2,-43.92,29.28,58.56,-53.68,-9.76,9.76,-58.56,87.84,-39.04,9.76,-561.2
-63.44,-34.16,29.28,48.8,-48.8,-4.88,4.88,-63.44,87.84,-43.92,19.52,-561.2
-78.08,-53.68,24.4,68.32,-53.68,-14.64,9.76,-58.56,92.72,-24.4,39.04,-546.56
-87.84,-58.56,29.28,73.2,-58.56,-14.64,14.64,-48.8,87.84,-19.52,39.04,-541.68
-78.08,-53.68,24.4,68.32,-53.68,-14.64,19.52,-43.92,87.84,-14.64,48.8,-531.92
-78.08,-68.32,9.76,73.2,-43.92,-29.28,24.4,-39.04,87.84,-9.76,48.8,-522.16
-102.48,-73.2,29.28,87.84,-68.32,-24.4,14.64,-48.8,73.2,-14.64,43.92,-531.92
-102.48,-58.56,43.92,82.96,-73.2,-9.76,14.64,-48.8,73.2,-9.76,43.92,-536.8
-87.84,-53.68,34.16,73.2,-63.44,-9.76,14.64,-43.92,87.84,-24.4,34.16,-536.8
-87.84,-43.92,43.92,68.32,-68.32,0,14.64,-39.04,87.84,-29.28,34.16,-536.8
-82.96,-29.28,53.68,58.56,-68.32,9.76,24.4,-39.04,73.2,-29.28,34.16,-541.68
-78.08,-29.28,48.8,53.68,-63.44,9.76,24.4,-43.92,68.32,-34.16,34.16,-546.56
-73.2,-43.92,29.28,58.56,-53.68,-9.76,24.4,-43.92,68.32,-34.16,34.16,-546.56
-78.08,-53.68,24.4,68.32,-53.68,-14.64,19.52,-39.04,68.32,-29.28,34.16,-541.68
-73.2,-34.16,39.04,53.68,-58.56,0,19.52,-39.04,58.56,-29.28,43.92,-546.56
-68.32,-39.04,29.28,53.68,-48.8,-4.88,19.52,-39.04,58.56,-29.28,43.92,-551.44
-73.2,-43.92,29.28,58.56,-53.68,-9.76,24.4,-39.04,63.44,-29.28,43.92,-556.32
-82.96,-48.8,34.16,68.32,-58.56,-9.76,24.4,-39.04,63.44,-29.28,43.92,-561.2
-92.72,-48.8,43.92,73.2,-68.32,-4.88,14.64,-43.92,63.44,-19.52,43.92,-556.32
-97.6,-48.8,48.8,73.2,-73.2,0,14.64,-43.92,63.44,-24.4,48.8,-556.32
-97.6,-43.92,53.68,73.2,-78.08,4.88,14.64,-43.92,63.44,-29.28,48.8,-556.32
-97.6,-43.92,53.68,73.2,-78.08,4.88,14.64,-48.8,58.56,-29.28,48.8,-561.2
-107.36,-53.68,53.68,82.96,-82.96,0,24.4,-48.8,63.44,-29.28,39.04,-556.32
-107.36,-48.8,58.56,78.08,-82.96,4.88,24.4,-48.8,63.44,-29.28,39.04,-551.44
-97.6,-48.8,48.8,73.2,-73.2,0,24.4,-43.92,68.32,-24.4,39.04,-546.56
-92.72,-48.8,43.92,73.2,-68.32,-4.88,24.4,-43.92,82.96,-19.52,39.04,-546.56
-82.96,-43.92,39.04,63.44,-63.44,-4.88,19.52,-43.92,73.2,-29.28,39.04,-546.56
-92.72,-43.92,48.8,68.32,-73.2,0,19.52,-43.92,73.2,-29.28,34.16,-546.56
-82.96,-58.56,24.4,73.2,-53.68,-19.52,19.52,-48.8,63.44,-34.16,29.28,-556.32
-68.32,-43.92,24.4,58.56,-48.8,-9.76,19.52,-48.8,58.56,-34.16,29.28,-556.32
-73.2,-43.92,29.28,58.56,-53.68,-9.76,19.52,-53.68,63.44,-34.16,29.28,-561.2
-78.08,-39.04,39.04,58.56,-58.56,0,19.52,-53.68,63.44,-34.16,29.28,-561.2
-87.84,-58.56,29.28,73.2,-58.56,-14.64,14.64,-48.8,63.44,-29.28,29.28,-556.32
-97.6,-48.8,48.8,73.2,-73.2,0,14.64,-48.8,63.44,-29.28,29.28,-551.44
-107.36,-53.68,53.68,82.96,-82.96,0,4.88,-53.68,53.68,-39.04,24.4,-561.2
-112.24,-63.44,48.8,87.84,-82.96,-9.76,-4.88,-53.68,53.68,-48.8,19.52,-561.2
-102.48,-68.32,34.16,87.84,-68.32,-19.52,-4.88,-53.68,58.56,-39.04,19.52,-566.08
-117.12,-63.44,53.68,92.72,-87.84,-4.88,9.76,-53.68,58.56,-39.04,19.52,-566.08
-112.24,-73.2,39.04,92.72,-78.08,-19.52,0,-58.56,63.44,-43.92,19.52,-570.96
-112.24,-87.84,24.4,102.48,-68.32,-34.16,4.88,-58.56,68.32,-43.92,9.76,-580.72
-117.12,-87.84,29.28,102.48,-73.2,-29.28,4.88,-63.44,68.32,-48.8,9.76,-585.6
-117.12,-78.08,39.04,97.6,-78.08,-19.52,4.88,-63.44,68.32,-48.8,9.76,-590.48
-102.48,-58.56,43.92,82.96,-73.2,-9.76,14.64,-53.68,68.32,-43.92,19.52,-580.72
-102.48,-53.68,48.8,78.08,-78.08,-4.88,14.64,-53.68,68.32,-39.04,24.4,-580.72
-112.24,-63.44,48.8,87.84,-82.96,-9.76,14.64,-48.8,68.32,-43.92,29.28,-580.72
-112.24,-68.32,43.92,92.72,-78.08,-14.64,4.88,-48.8,68.32,-24.4,29.28,-580.72
-112.24,-68.32,43.92,92.72,-78.08,-14.64,14.64,-48.8,58.56,-34.16,29.28,-570.96
-112.24,-73.2,39.04,92.72,-78.08,-19.52,14.64,-53.68,53.68,-39.04,29.28,-570.96
-117.12,-78.08,39.04,97.6,-78.08,-19.52,9.76,-53.68,53.68,-39.04,29.28,-575.84
-122,-92.72,29.28,107.36,-78.08,-34.16,9.76,-53.68,53.68,-34.16,29.28,-575.84
-112.24,-87.84,24.4,102.48,-68.32,-34.16,0,-63.44,63.44,-34.16,19.52,-580.72
-107.36,-82.96,24.4,97.6,-68.32,-29.28,4.88,-63.44,53.68,-43.92,14.64,-585.6
-112.24,-58.56,53.68,87.84,-82.96,-4.88,4.88,-63.44,63.44,-43.92,14.64,-590.48
-107.36,-53.68,53.68,82.96,-82.96,0,4.88,-58.56,63.44,-39.04,14.64,-595.36
-97.6,-43.92,53.68,73.2,-78.08,4.88,9.76,-48.8,58.56,-39.04,9.76,-605.12
-73.2,-43.92,29.28,58.56,-53.68,-9.76,14.64,-48.8,48.8,-34.16,4.88,-605.12
-78.08,-48.8,29.28,63.44,-53.68,-9.76,24.4,-39.04,63.44,-24.4,19.52,-595.36
-87.84,-48.8,39.04,68.32,-63.44,-4.88,9.76,-48.8,48.8,-39.04,19.52,-595.36
-97.6,-58.56,39.04,78.08,-68.32,-9.76,19.52,-48.8,48.8,-39.04,19.52,-595.36
-97.6,-58.56,39.04,78.08,-68.32,-9.76,19.52,-48.8,48.8,-39.04,19.52,-595.36
-97.6,-58.56,39.04,78.08,-68.32,-9.76,19.52,-48.8,48.8,-39.04,19.52,-595.36
-97.6,-58.56,39.04,78.08,-68.32,-9.76,19.52,-48.8,48.8,-39.04,19.52,-595.36
-97.6,-48.8,48.8,73.2,-73.2,0,9.76,-58.56,58.56,-29.28,19.52,-605.12
-97.6,-53.68,43.92,78.08,-73.2,-4.88,9.76,-58.56,58.56,-29.28,19.52,-605.12
-97.6,-53.68,43.92,78.08,-73.2,-4.88,4.88,-58.56,58.56,-29.28,14.64,-605.12
-97.6,-48.8,48.8,73.2,-73.2,0,4.88,-58.56,58.56,-29.28,14.64,-614.88
-87.84,-43.92,43.92,68.32,-68.32,0,9.76,-58.56,48.8,-39.04,14.64,-614.88
-87.84,-43.92,43.92,68.32,-68.32,0,9.76,-58.56,53.68,-39.04,14.64,-614.88
-87.84,-53.68,34.16,73.2,-63.44,-9.76,9.76,-58.56,53.68,-39.04,14.64,-614.88
-97.6,-53.68,43.92,78.08,-73.2,-4.88,9.76,-58.56,48.8,-39.04,14.64,-614.88
-97.6,-43.92,53.68,73.2,-78.08,4.88,0,-68.32,39.04,-48.8,4.88,-610
-97.6,-43.92,53.68,73.2,-78.08,4.88,0,-68.32,39.04,-48.8,4.88,-610
-102.48,-43.92,58.56,73.2,-82.96,4.88,0,-73.2,34.16,-48.8,4.88,-614.88
-102.48,-48.8,53.68,78.08,-78.08,0,0,-73.2,34.16,-53.68,4.88,-614.88
-97.6,-48.8,48.8,73.2,-73.2,0,9.76,-63.44,48.8,-43.92,14.64,-610
-92.72,-48.8,43.92,73.2,-68.32,-4.88,9.76,-58.56,53.68,-39.04,14.64,-610
-87.84,-48.8,39.04,68.32,-63.44,-4.88,14.64,-53.68,58.56,-34.16,9.76,-610
-82.96,-48.8,34.16,68.32,-58.56,-9.76,19.52,-43.92,63.44,-29.28,9.76,-610
-92.72,-53.68,39.04,73.2,-68.32,-9.76,19.52,-53.68,48.8,-29.28,9.76,-619.76
-92.72,-53.68,39.04,73.2,-68.32,-9.76,14.64,-53.68,48.8,-34.16,9.76,-619.76
-97.6,-58.56,39.04,78.08,-68.32,-9.76,9.76,-48.8,43.92,-34.16,9.76,-619.76
-102.48,-63.44,39.04,82.96,-73.2,-14.64,4.88,-48.8,39.04,-39.04,14.64,-619.76
-92.72,-53.68,39.04,73.2,-68.32,-9.76,9.76,-58.56,48.8,-39.04,14.64,-619.76
-87.84,-53.68,34.16,73.2,-63.44,-9.76,9.76,-58.56,48.8,-39.04,14.64,-619.76
-87.84,-48.8,39.04,68.32,-63.44,-4.88,4.88,-58.56,48.8,-39.04,14.64,-619.76
-87.84,-43.92,43.92,68.32,-68.32,0,4.88,-58.56,48.8,-39.04,14.64,-619.76
-82.96,-39.04,43.92,63.44,-63.44,0,9.76,-43.92,53.68,-39.04,19.52,-619.76
-78.08,-29.28,48.8,53.68,-63.44,9.76,9.76,-43.92,53.68,-34.16,24.4,-619.76
-63.44,-24.4,39.04,43.92,-53.68,4.88,9.76,-43.92,53.68,-34.16,24.4,-614.88
-58.56,-19.52,39.04,39.04,-48.8,9.76,9.76,-43.92,58.56,-34.16,19.52,-614.88
-58.56,-19.52,39.04,39.04,-48.8,9.76,9.76,-43.92,48.8,-29.28,29.28,-614.88
-58.56,-14.64,43.92,39.04,-53.68,14.64,9.76,-39.04,48.8,-29.28,29.28,-614.88
-58.56,-4.88,53.68,34.16,-58.56,24.4,14.64,-39.04,48.8,-29.28,29.28,-614.88
-53.68,0,53.68,29.28,-53.68,24.4,24.4,-29.28,58.56,-19.52,43.92,-605.12
-58.56,9.76,68.32,24.4,-63.44,39.04,48.8,-4.88,73.2,-4.88,48.8,-605.12
-58.56,34.16,92.72,14.64,-78.08,63.44,48.8,-4.88,87.84,0,53.68,-605.12
-63.44,43.92,107.36,9.76,-87.84,73.2,63.44,9.76,97.6,9.76,63.44,-595.36
-73.2,53.68,126.88,9.76,-102.48,87.84,68.32,9.76,102.48,14.64,73.2,-585.6
-78.08,48.8,126.88,14.64,-102.48,87.84,68.32,0,102.48,14.64,63.44,-575.84
-78.08,48.8,126.88,14.64,-102.48,87.84,68.32,0,102.48,14.64,63.44,-575.84
-68.32,53.68,122,9.76,-97.6,87.84,73.2,4.88,102.48,14.64,63.44,-570.96
-68.32,48.8,117.12,9.76,-92.72,82.96,73.2,4.88,107.36,14.64,63.44,-570.96
-78.08,39.04,117.12,19.52,-97.6,78.08,68.32,-4.88,102.48,14.64,63.44,-575.84
-73.2,39.04,112.24,19.52,-92.72,73.2,63.44,-14.64,87.84,14.64,63.44,-580.72
-73.2,39.04,112.24,19.52,-92.72,73.2,58.56,-19.52,78.08,4.88,53.68,-590.48
-73.2,34.16,107.36,19.52,-92.72,68.32,43.92,-24.4,73.2,4.88,53.68,-595.36
-68.32,29.28,97.6,19.52,-82.96,63.44,29.28,-24.4,73.2,4.88,58.56,-585.6
-68.32,19.52,87.84,24.4,-78.08,53.68,29.28,-24.4,73.2,0,58.56,-585.6
-68.32,0,68.32,34.16,-68.32,34.16,19.52,-24.4,73.2,-4.88,53.68,-590.48
-68.32,-4.88,63.44,39.04,-68.32,29.28,9.76,-24.4,73.2,-9.76,53.68,-590.48
-58.56,4.88,63.44,29.28,-63.44,34.16,-4.88,-29.28,73.2,0,43.92,-580.72
-43.92,4.88,48.8,19.52,-48.8,24.4,-9.76,-29.28,73.2,0,43.92,-580.72
-43.92,-4.88,39.04,24.4,-43.92,14.64,-19.52,-39.04,63.44,-9.76,43.92,-585.6
-48.8,-19.52,29.28,34.16,-39.04,4.88,-29.28,-43.92,53.68,-14.64,39.04,-590.48
-63.44,-24.4,39.04,43.92,-53.68,4.88,-19.52,-34.16,63.44,-4.88,43.92,-595.36
-78.08,-24.4,53.68,53.68,-68.32,14.64,-4.88,-29.28,68.32,-4.88,43.92,-595.36
-97.6,-24.4,73.2,63.44,-87.84,24.4,19.52,-24.4,78.08,-4.88,48.8,-600.24
-107.36,-29.28,78.08,68.32,-92.72,24.4,29.28,-19.52,82.96,-4.88,48.8,-600.24
-112.24,-29.28,82.96,73.2,-97.6,24.4,24.4,-24.4,63.44,-14.64,34.16,-610
-107.36,-29.28,78.08,68.32,-92.72,24.4,29.28,-29.28,58.56,-19.52,29.28,-614.88
-107.36,-39.04,68.32,73.2,-87.84,14.64,24.4,-34.16,53.68,-29.28,19.52,-619.76
-107.36,-48.8,58.56,78.08,-82.96,4.88,19.52,-53.68,43.92,-43.92,4.88,-634.4
-97.6,-68.32,29.28,82.96,-63.44,-19.52,9.76,-43.92,43.92,-39.04,14.64,-624.64
-92.72,-73.2,19.52,82.96,-58.56,-29.28,4.88,-48.8,43.92,-39.04,4.88,-629.52
-92.72,-73.2,19.52,82.96,-58.56,-29.28,0,-53.68,29.28,-48.8,4.88,-629.52
-92.72,-78.08,14.64,87.84,-53.68,-34.16,-4.88,-58.56,24.4,-58.56,-4.88,-644.16
-82.96,-78.08,4.88,82.96,-43.92,-39.04,4.88,-63.44,19.52,-58.56,4.88,-644.16
-92.72,-87.84,4.88,92.72,-48.8,-43.92,-4.88,-68.32,14.64,-63.44,0,-644.16
-92.72,-82.96,9.76,87.84,-53.68,-39.04,-4.88,-68.32,14.64,-63.44,-4.88,-649.04
-92.72,-78.08,14.64,87.84,-53.68,-34.16,0,-68.32,14.64,-63.44,-4.88,-649.04
-82.96,-68.32,14.64,78.08,-48.8,-29.28,-9.76,-78.08,14.64,-73.2,-9.76,-649.04
-82.96,-68.32,14.64,78.08,-48.8,-29.28,-9.76,-78.08,14.64,-73.2,-14.64,-649.04
-87.84,-73.2,14.64,82.96,-53.68,-29.28,-14.64,-78.08,14.64,-73.2,-24.4,-653.92
-97.6,-73.2,24.4,87.84,-63.44,-24.4,-14.64,-82.96,14.64,-73.2,-29.28,-653.92
-97.6,-73.2,24.4,87.84,-63.44,-24.4,-9.76,-82.96,0,-68.32,-19.52,-644.16
-102.48,-78.08,24.4,92.72,-63.44,-29.28,-4.88,-82.96,0,-68.32,-14.64,-639.28
-107.36,-82.96,24.4,97.6,-68.32,-29.28,0,-82.96,0,-68.32,-14.64,-639.28
-117.12,-87.84,29.28,102.48,-73.2,-29.28,4.88,-82.96,0,-68.32,-14.64,-639.28
-112.24,-82.96,29.28,97.6,-73.2,-29.28,9.76,-73.2,9.76,-68.32,-4.88,-629.52
-107.36,-87.84,19.52,97.6,-63.44,-34.16,9.76,-73.2,9.76,-73.2,-9.76,-634.4
-122,-87.84,34.16,107.36,-78.08,-29.28,14.64,-73.2,4.88,-73.2,-9.76,-634.4
-117.12,-87.84,29.28,102.48,-73.2,-29.28,24.4,-73.2,4.88,-73.2,-9.76,-634.4
-97.6,-82.96,14.64,92.72,-58.56,-34.16,29.28,-73.2,9.76,-68.32,-9.76,-634.4
-92.72,-78.08,14.64,87.84,-53.68,-34.16,29.28,-78.08,9.76,-68.32,-14.64,-634.4
-87.84,-78.08,9.76,82.96,-48.8,-34.16,34.16,-78.08,9.76,-63.44,-14.64,-634.4
-78.08,-73.2,4.88,78.08,-43.92,-34.16,43.92,-78.08,14.64,-63.44,-14.64,-634.4
-78.08,-73.2,4.88,78.08,-43.92,-34.16,43.92,-73.2,14.64,-63.44,-14.64,-644.16
-112.24,-107.36,4.88,112.24,-58.56,-53.68,48.8,-78.08,-4.88,-73.2,-24.4,-644.16
-117.12,-126.88,-9.76,122,-53.68,-68.32,53.68,-78.08,-19.52,-97.6,-34.16,-658.8
-97.6,-117.12,-19.52,107.36,-39.04,-68.32,58.56,-68.32,-29.28,-112.24,-48.8,-673.44
-107.36,-126.88,-19.52,117.12,-43.92,-73.2,58.56,-63.44,-29.28,-117.12,-68.32,-683.2
-141.52,-170.8,-29.28,156.16,-58.56,-102.48,78.08,-43.92,-24.4,-136.64,-87.84,-692.96
-146.4,-190.32,-43.92,170.8,-53.68,-117.12,122,34.16,4.88,-131.76,-102.48,-722.24
-122,-180.56,-58.56,151.28,-34.16,-122,219.6,161.04,73.2,-102.48,-92.72,-727.12
-122,-161.04,-39.04,141.52,-43.92,-102.48,273.28,258.64,136.64,-68.32,-78.08,-727.12
-107.36,-112.24,-4.88,112.24,-53.68,-58.56,253.76,302.56,195.2,-14.64,-39.04,-712.48
-53.68,-19.52,34.16,39.04,-43.92,4.88,209.84,361.12,307.44,107.36,58.56,-658.8
29.28,78.08,48.8,-53.68,-9.76,63.44,146.4,439.2,448.96,253.76,185.44,-566.08
87.84,161.04,73.2,-122,4.88,117.12,68.32,478.24,575.84,390.4,302.56,-478.24
97.6,244,146.4,-170.8,-24.4,195.2,24.4,507.52,712.48,531.92,414.8,-395.28
117.12,351.36,234.24,-234.24,-58.56,292.8,-14.64,536.8,858.88,692.96,536.8,-312.32
170.8,492.88,322.08,-331.84,-78.08,405.04,-87.84,566.08,1000.4,863.76,678.32,-224.48
244,644.16,400.16,-444.08,-78.08,522.16,-122,644.16,1166.32,1044.32,829.6,-122
322.08,800.32,478.24,-561.2,-78.08,639.28,-146.4,741.76,1371.28,1259.04,1010.16,0
405.04,956.48,551.44,-678.32,-73.2,751.52,-214.72,775.92,1527.44,1444.48,1176.08,131.76
434.32,1019.92,585.6,-727.12,-78.08,800.32,-307.44,761.28,1600.64,1571.36,1302.96,258.64
424.56,1034.56,610,-727.12,-92.72,819.84,-341.6,702.72,1576.24,1590.88,1371.28,326.96
395.28,1024.8,629.52,-707.6,-117.12,824.72,-346.48,546.56,1381.04,1483.52,1337.12,351.36
375.76,941.84,566.08,-658.8,-97.6,751.52,-366,302.56,1073.6,1239.52,1195.6,297.68
307.44,751.52,444.08,-527.04,-68.32,595.36,-390.4,0,678.32,917.44,980.88,195.2
239.12,590.48,351.36,-414.8,-58.56,468.48,-434.32,-302.56,287.92,585.6,751.52,82.96
219.6,439.2,219.6,-326.96,0,326.96,-497.76,-556.32,-39.04,307.44,561.2,-4.88
190.32,258.64,68.32,-224.48,58.56,161.04,-561.2,-722.24,-297.68,78.08,370.88,-97.6
136.64,117.12,-19.52,-126.88,78.08,48.8,-566.08,-829.6,-463.6,-102.48,224.48,-190.32
82.96,48.8,-34.16,-63.44,58.56,4.88,-566.08,-839.36,-531.92,-195.2,122,-263.52
48.8,-43.92,-92.72,0,68.32,-68.32,-614.88,-814.96,-561.2,-278.16,39.04,-341.6
19.52,-131.76,-151.28,58.56,82.96,-141.52,-629.52,-805.2,-580.72,-326.96,-39.04,-414.8
-4.88,-156.16,-151.28,82.96,73.2,-156.16,-580.72,-766.16,-566.08,-356.24,-78.08,-483.12
-9.76,-126.88,-117.12,68.32,53.68,-122,-507.52,-678.32,-502.64,-346.48,-97.6,-522.16
-29.28,-136.64,-107.36,82.96,39.04,-122,-439.2,-570.96,-414.8,-312.32,-97.6,-531.92
-53.68,-180.56,-126.88,117.12,34.16,-156.16,-356.24,-478.24,-336.72,-283.04,-97.6,-536.8
-53.68,-180.56,-126.88,117.12,34.16,-156.16,-278.16,-385.52,-287.92,-253.76,-97.6,-570.96
-68.32,-175.68,-107.36,122,19.52,-141.52,-219.6,-297.68,-229.36,-229.36,-97.6,-585.6
-102.48,-234.24,-131.76,170.8,14.64,-185.44,-175.68,-239.12,-195.2,-209.84,-97.6,-590.48
-107.36,-234.24,-126.88,170.8,9.76,-180.56,-107.36,-175.68,-156.16,-180.56,-82.96,-595.36
-58.56,-161.04,-102.48,112.24,19.52,-131.76,-34.16,-97.6,-97.6,-136.64,-63.44,-585.6
-68.32,-141.52,-73.2,107.36,0,-107.36,-9.76,-68.32,-58.56,-112.24,-58.56,-595.36
-97.6,-136.64,-39.04,117.12,-29.28,-87.84,-14.64,-82.96,-53.68,-107.36,-58.56,-605.12
-58.56,-102.48,-43.92,82.96,-9.76,-73.2,4.88,-63.44,-29.28,-87.84,-34.16,-585.6
-29.28,-87.84,-58.56,58.56,14.64,-73.2,24.4,-39.04,-9.76,-68.32,-14.64,-566.08
-58.56,-97.6,-39.04,78.08,-9.76,-68.32,-4.88,-48.8,-24.4,-92.72,-24.4,-566.08
-58.56,-92.72,-34.16,78.08,-14.64,-63.44,-14.64,-58.56,-24.4,-102.48,-34.16,-566.08
-43.92,-58.56,-14.64,53.68,-14.64,-39.04,-4.88,-39.04,0,-82.96,-14.64,-556.32
-58.56,-43.92,14.64,53.68,-39.04,-14.64,4.88,-29.28,9.76,-73.2,-14.64,-561.2
-58.56,-48.8,9.76,53.68,-34.16,-19.52,19.52,-19.52,19.52,-63.44,-14.64,-575.84
-58.56,-58.56,0,58.56,-29.28,-29.28,24.4,-14.64,29.28,-58.56,-24.4,-590.48
-58.56,-68.32,-9.76,63.44,-24.4,-39.04,39.04,0,34.16,-58.56,-24.4,-614.88
-58.56,-87.84,-29.28,73.2,-14.64,-58.56,39.04,0,34.16,-68.32,-39.04,-629.52
-63.44,-87.84,-24.4,78.08,-19.52,-58.56,39.04,0,29.28,-68.32,-39.04,-634.4
-63.44,-87.84,-24.4,78.08,-19.52,-58.56,34.16,0,24.4,-68.32,-39.04,-634.4
-63.44,-82.96,-19.52,73.2,-24.4,-53.68,29.28,0,19.52,-68.32,-39.04,-634.4
-78.08,-73.2,4.88,78.08,-43.92,-34.16,24.4,0,29.28,-63.44,-39.04,-624.64
-78.08,-63.44,14.64,73.2,-48.8,-24.4,19.52,0,34.16,-63.44,-29.28,-605.12
-87.84,-73.2,14.64,82.96,-53.68,-29.28,14.64,-4.88,34.16,-63.44,-39.04,-600.24
-107.36,-73.2,34.16,92.72,-73.2,-19.52,14.64,-4.88,24.4,-63.44,-39.04,-595.36
-78.08,-63.44,14.64,73.2,-48.8,-24.4,39.04,0,34.16,-63.44,-29.28,-600.24
-78.08,-73.2,4.88,78.08,-43.92,-34.16,43.92,9.76,43.92,-58.56,-29.28,-600.24
-82.96,-82.96,0,82.96,-43.92,-43.92,48.8,19.52,43.92,-58.56,-29.28,-610
-82.96,-82.96,0,82.96,-43.92,-43.92,48.8,24.4,43.92,-58.56,-29.28,-610
-82.96,-87.84,-4.88,87.84,-39.04,-48.8,43.92,19.52,48.8,-48.8,-29.28,-605.12
-78.08,-73.2,4.88,78.08,-43.92,-34.16,39.04,14.64,43.92,-48.8,-24.4,-600.24
-68.32,-58.56,9.76,63.44,-39.04,-24.4,34.16,4.88,39.04,-48.8,-24.4,-595.36
-58.56,-58.56,0,58.56,-29.28,-29.28,24.4,0,34.16,-48.8,-19.52,-590.48
-73.2,-58.56,14.64,68.32,-43.92,-24.4,34.16,9.76,39.04,-48.8,-19.52,-600.24
-63.44,-53.68,9.76,58.56,-39.04,-24.4,39.04,14.64,43.92,-43.92,-14.64,-595.36
-58.56,-53.68,4.88,58.56,-34.16,-24.4,39.04,19.52,48.8,-43.92,-14.64,-590.48
-58.56,-58.56,0,58.56,-29.28,-29.28,43.92,24.4,58.56,-43.92,-19.52,-585.6
-63.44,-63.44,0,63.44,-34.16,-34.16,53.68,29.28,58.56,-43.92,-9.76,-580.72
-58.56,-68.32,-9.76,63.44,-24.4,-39.04,53.68,34.16,63.44,-34.16,-4.88,-566.08
-39.04,-43.92,-4.88,43.92,-19.52,-24.4,53.68,34.16,68.32,-34.16,0,-561.2
-34.16,-39.04,-4.88,39.04,-14.64,-24.4,53.68,43.92,68.32,-34.16,0,-551.44
-43.92,-48.8,-4.88,48.8,-19.52,-29.28,34.16,39.04,58.56,-43.92,-4.88,-541.68
-53.68,-53.68,0,53.68,-29.28,-29.28,34.16,39.04,48.8,-48.8,-9.76,-536.8
-58.56,-53.68,4.88,58.56,-34.16,-24.4,34.16,39.04,48.8,-48.8,-9.76,-531.92
-68.32,-58.56,9.76,63.44,-39.04,-24.4,34.16,43.92,53.68,-48.8,-14.64,-531.92
-68.32,-53.68,14.64,63.44,-43.92,-19.52,43.92,43.92,53.68,-48.8,0,-522.16
-63.44,-53.68,9.76,58.56,-39.04,-24.4,53.68,48.8,58.56,-43.92,0,-522.16
-63.44,-53.68,9.76,58.56,-39.04,-24.4,53.68,53.68,58.56,-43.92,0,-522.16
-63.44,-58.56,4.88,63.44,-34.16,-29.28,53.68,53.68,68.32,-39.04,4.88,-517.28
-63.44,-68.32,-4.88,68.32,-29.28,-39.04,48.8,53.68,63.44,-48.8,0,-507.52
-63.44,-68.32,-4.88,68.32,-29.28,-39.04,48.8,53.68,63.44,-39.04,4.88,-512.4
-53.68,-68.32,-14.64,63.44,-19.52,-43.92,39.04,53.68,63.44,-39.04,9.76,-512.4
-53.68,-58.56,-4.88,58.56,-24.4,-34.16,39.04,53.68,63.44,-39.04,9.76,-517.28
-58.56,-53.68,4.88,58.56,-34.16,-24.4,39.04,73.2,68.32,-29.28,0,-522.16
-63.44,-53.68,9.76,58.56,-39.04,-24.4,39.04,73.2,68.32,-29.28,-9.76,-527.04
-68.32,-53.68,14.64,63.44,-43.92,-19.52,39.04,73.2,73.2,-29.28,-9.76,-536.8
-73.2,-53.68,19.52,63.44,-48.8,-19.52,39.04,82.96,82.96,-19.52,-9.76,-551.44
-58.56,-58.56,0,58.56,-29.28,-29.28,43.92,78.08,82.96,-19.52,0,-566.08
-63.44,-68.32,-4.88,68.32,-29.28,-39.04,43.92,78.08,82.96,-19.52,-4.88,-570.96
-58.56,-68.32,-9.76,63.44,-24.4,-39.04,43.92,87.84,87.84,-19.52,-4.88,-570.96
-53.68,-48.8,4.88,53.68,-29.28,-24.4,48.8,87.84,92.72,-19.52,0,-570.96
-29.28,-39.04,-9.76,34.16,-9.76,-24.4,48.8,97.6,92.72,-4.88,-4.88,-575.84
-24.4,-34.16,-9.76,29.28,-9.76,-24.4,48.8,102.48,92.72,-4.88,-4.88,-585.6
-19.52,-29.28,-9.76,24.4,-4.88,-19.52,39.04,107.36,97.6,-4.88,-4.88,-585.6
-9.76,-19.52,-9.76,14.64,0,-14.64,48.8,117.12,102.48,0,-4.88,-575.84
-19.52,-29.28,-9.76,24.4,-4.88,-19.52,58.56,112.24,107.36,-4.88,-4.88,-580.72
-24.4,-29.28,-4.88,29.28,-9.76,-19.52,58.56,117.12,107.36,0,-4.88,-585.6
-14.64,-24.4,-9.76,19.52,-4.88,-19.52,58.56,122,102.48,0,0,-590.48
-24.4,-24.4,0,24.4,-14.64,-14.64,58.56,122,97.6,4.88,0,-590.48
-39.04,-29.28,9.76,34.16,-24.4,-9.76,53.68,112.24,92.72,4.88,-9.76,-585.6
-39.04,-34.16,4.88,39.04,-24.4,-14.64,53.68,122,92.72,4.88,0,-585.6
-19.52,-39.04,-19.52,29.28,0,-29.28,48.8,131.76,97.6,0,0,-590.48
-9.76,-34.16,-24.4,24.4,4.88,-29.28,43.92,136.64,97.6,-4.88,-4.88,-590.48
-4.88,-14.64,-9.76,9.76,0,-14.64,48.8,151.28,107.36,4.88,4.88,-580.72
-4.88,-14.64,-9.76,9.76,0,-14.64,48.8,156.16,122,14.64,9.76,-570.96
-9.76,-4.88,4.88,9.76,-9.76,0,53.68,161.04,131.76,19.52,14.64,-566.08
-4.88,4.88,9.76,0,-9.76,4.88,53.68,165.92,141.52,19.52,19.52,-556.32
4.88,0,-4.88,0,4.88,-4.88,58.56,180.56,141.52,39.04,24.4,-551.44
4.88,0,-4.88,0,4.88,-4.88,58.56,185.44,151.28,43.92,29.28,-546.56
4.88,4.88,0,-4.88,0,0,63.44,195.2,156.16,48.8,43.92,-536.8
14.64,9.76,-4.88,-9.76,9.76,0,63.44,200.08,161.04,53.68,48.8,-527.04
14.64,19.52,4.88,-14.64,4.88,9.76,48.8,204.96,156.16,48.8,53.68,-517.28
9.76,19.52,9.76,-14.64,0,14.64,48.8,209.84,156.16,48.8,53.68,-517.28
9.76,24.4,14.64,-14.64,-4.88,19.52,48.8,219.6,161.04,58.56,58.56,-517.28
19.52,29.28,9.76,-24.4,4.88,19.52,48.8,224.48,161.04,63.44,58.56,-507.52
29.28,39.04,9.76,-34.16,9.76,24.4,48.8,234.24,175.68,73.2,73.2,-497.76
29.28,43.92,14.64,-34.16,4.88,29.28,48.8,248.88,180.56,82.96,73.2,-497.76
29.28,48.8,19.52,-39.04,4.88,34.16,48.8,253.76,195.2,102.48,92.72,-492.88
29.28,58.56,29.28,-43.92,0,43.92,48.8,258.64,200.08,107.36,92.72,-483.12
39.04,48.8,9.76,-43.92,14.64,29.28,43.92,263.52,204.96,112.24,92.72,-483.12
53.68,58.56,4.88,-53.68,24.4,29.28,43.92,263.52,204.96,117.12,107.36,-478.24
53.68,63.44,9.76,-58.56,19.52,34.16,43.92,273.28,209.84,117.12,107.36,-473.36
48.8,58.56,9.76,-53.68,19.52,34.16,43.92,278.16,209.84,122,112.24,-468.48
43.92,68.32,24.4,-53.68,9.76,43.92,29.28,292.8,229.36,136.64,122,-458.72
43.92,68.32,24.4,-53.68,9.76,43.92,29.28,302.56,234.24,146.4,126.88,-448.96
48.8,73.2,24.4,-58.56,9.76,48.8,24.4,302.56,239.12,151.28,136.64,-434.32
58.56,87.84,29.28,-73.2,14.64,58.56,24.4,312.32,248.88,161.04,141.52,-424.56
78.08,112.24,34.16,-92.72,19.52,73.2,43.92,331.84,253.76,175.68,151.28,-414.8
82.96,117.12,34.16,-97.6,24.4,73.2,34.16,336.72,263.52,180.56,161.04,-409.92
87.84,122,34.16,-102.48,24.4,78.08,29.28,341.6,263.52,195.2,170.8,-400.16
92.72,146.4,53.68,-117.12,19.52,97.6,29.28,346.48,273.28,200.08,185.44,-395.28
92.72,136.64,43.92,-112.24,24.4,87.84,19.52,336.72,278.16,195.2,190.32,-385.52
97.6,141.52,43.92,-117.12,24.4,92.72,19.52,346.48,283.04,200.08,185.44,-380.64
92.72,141.52,48.8,-117.12,19.52,92.72,19.52,361.12,292.8,209.84,185.44,-375.76
87.84,141.52,53.68,-112.24,14.64,97.6,19.52,361.12,292.8,214.72,190.32,-366
82.96,141.52,58.56,-112.24,9.76,97.6,4.88,351.36,292.8,214.72,190.32,-375.76
87.84,146.4,58.56,-117.12,14.64,102.48,0,356.24,297.68,219.6,195.2,-366
82.96,151.28,68.32,-117.12,4.88,107.36,0,356.24,297.68,219.6,204.96,-356.24
78.08,156.16,78.08,-117.12,0,117.12,0,356.24,297.68,219.6,214.72,-346.48
92.72,170.8,78.08,-131.76,4.88,122,9.76,366,302.56,229.36,219.6,-331.84
107.36,175.68,68.32,-141.52,19.52,122,9.76,366,302.56,234.24,219.6,-322.08
122,190.32,68.32,-156.16,24.4,126.88,0,351.36,302.56,239.12,219.6,-317.2
136.64,195.2,58.56,-165.92,39.04,126.88,0,351.36,302.56,239.12,224.48,-312.32
126.88,180.56,53.68,-151.28,34.16,117.12,0,361.12,302.56,244,224.48,-292.8
126.88,180.56,53.68,-151.28,34.16,117.12,0,361.12,302.56,244,229.36,-287.92
131.76,180.56,48.8,-156.16,39.04,112.24,-4.88,361.12,302.56,244,229.36,-283.04
131.76,180.56,48.8,-156.16,39.04,112.24,-9.76,351.36,292.8,244,229.36,-273.28
131.76,170.8,39.04,-151.28,43.92,102.48,-19.52,346.48,292.8,248.88,234.24,-273.28
136.64,175.68,39.04,-156.16,48.8,107.36,-19.52,341.6,287.92,239.12,224.48,-268.4
136.64,175.68,39.04,-156.16,48.8,107.36,-24.4,336.72,283.04,239.12,234.24,-268.4
131.76,161.04,29.28,-146.4,48.8,92.72,-24.4,331.84,283.04,244,234.24,-268.4
151.28,180.56,29.28,-165.92,58.56,102.48,-9.76,326.96,283.04,234.24,224.48,-268.4
161.04,175.68,14.64,-165.92,73.2,92.72,0,326.96,273.28,229.36,219.6,-263.52
170.8,185.44,14.64,-175.68,78.08,97.6,4.88,326.96,273.28,224.48,219.6,-258.64
180.56,195.2,14.64,-185.44,82.96,102.48,9.76,317.2,268.4,224.48,214.72,-263.52
175.68,204.96,29.28,-190.32,73.2,117.12,9.76,297.68,258.64,209.84,200.08,-258.64
161.04,190.32,29.28,-175.68,63.44,107.36,9.76,287.92,248.88,200.08,190.32,-258.64
161.04,185.44,24.4,-170.8,68.32,102.48,9.76,278.16,239.12,190.32,185.44,-263.52
161.04,180.56,19.52,-170.8,68.32,97.6,14.64,268.4,229.36,180.56,180.56,-258.64
156.16,170.8,14.64,-161.04,68.32,92.72,4.88,248.88,209.84,170.8,170.8,-253.76
146.4,161.04,14.64,-151.28,63.44,87.84,9.76,234.24,204.96,165.92,156.16,-258.64
117.12,122,4.88,-117.12,53.68,63.44,9.76,219.6,195.2,151.28,146.4,-268.4
112.24,112.24,0,-112.24,53.68,53.68,14.64,204.96,185.44,141.52,126.88,-268.4
117.12,122,4.88,-117.12,53.68,63.44,19.52,195.2,175.68,122,112.24,-253.76
122,122,0,-122,58.56,58.56,19.52,180.56,156.16,107.36,107.36,-258.64
112.24,112.24,0,-112.24,53.68,53.68,19.52,165.92,141.52,87.84,97.6,-263.52
117.12,107.36,-9.76,-112.24,63.44,48.8,19.52,156.16,131.76,73.2,87.84,-273.28
112.24,92.72,-19.52,-102.48,63.44,34.16,19.52,131.76,107.36,53.68,68.32,-273.28
102.48,87.84,-14.64,-92.72,58.56,34.16,19.52,117.12,92.72,43.92,53.68,-283.04
87.84,87.84,0,-87.84,43.92,43.92,9.76,92.72,78.08,34.16,34.16,-287.92
78.08,63.44,-14.64,-68.32,43.92,24.4,9.76,73.2,68.32,19.52,19.52,-287.92
68.32,48.8,-19.52,-58.56,43.92,14.64,9.76,58.56,53.68,9.76,14.64,-283.04
68.32,58.56,-9.76,-63.44,39.04,24.4,14.64,53.68,43.92,0,9.76,-283.04
68.32,34.16,-34.16,-48.8,48.8,0,14.64,39.04,34.16,-9.76,4.88,-287.92
63.44,14.64,-48.8,-39.04,53.68,-19.52,14.64,24.4,24.4,-24.4,4.88,-297.68
58.56,14.64,-43.92,-34.16,48.8,-14.64,9.76,9.76,14.64,-29.28,-4.88,-287.92
58.56,14.64,-43.92,-34.16,48.8,-14.64,9.76,4.88,4.88,-34.16,-4.88,-287.92
58.56,14.64,-43.92,-34.16,48.8,-14.64,9.76,0,-4.88,-43.92,-9.76,-287.92
58.56,9.76,-48.8,-34.16,53.68,-19.52,9.76,-14.64,-9.76,-48.8,-24.4,-292.8
48.8,9.76,-39.04,-29.28,43.92,-14.64,9.76,-24.4,-29.28,-63.44,-34.16,-292.8
48.8,4.88,-43.92,-24.4,43.92,-19.52,4.88,-34.16,-34.16,-73.2,-43.92,-292.8
43.92,9.76,-34.16,-24.4,39.04,-14.64,4.88,-43.92,-43.92,-78.08,-43.92,-287.92
48.8,14.64,-34.16,-29.28,39.04,-9.76,9.76,-43.92,-43.92,-82.96,-48.8,-287.92
43.92,0,-43.92,-19.52,43.92,-24.4,9.76,-43.92,-34.16,-82.96,-48.8,-283.04
43.92,-24.4,-68.32,-9.76,53.68,-48.8,4.88,-39.04,-34.16,-87.84,-43.92,-287.92
39.04,-39.04,-78.08,0,58.56,-58.56,4.88,-43.92,-39.04,-82.96,-43.92,-287.92
24.4,-63.44,-87.84,19.52,53.68,-78.08,4.88,-39.04,-43.92,-82.96,-48.8,-292.8
14.64,-53.68,-68.32,19.52,39.04,-63.44,4.88,-43.92,-58.56,-92.72,-53.68,-292.8
14.64,-53.68,-68.32,19.52,39.04,-63.44,0,-58.56,-63.44,-92.72,-58.56,-297.68
14.64,-58.56,-73.2,24.4,43.92,-68.32,0,-68.32,-63.44,-92.72,-63.44,-292.8
14.64,-58.56,-73.2,24.4,43.92,-68.32,-4.88,-78.08,-68.32,-102.48,-63.44,-292.8
24.4,-58.56,-82.96,19.52,53.68,-73.2,-4.88,-78.08,-78.08,-126.88,-73.2,-292.8
24.4,-63.44,-87.84,19.52,53.68,-78.08,-4.88,-78.08,-82.96,-117.12,-73.2,-287.92
19.52,-63.44,-82.96,24.4,48.8,-73.2,-4.88,-82.96,-87.84,-117.12,-73.2,-283.04
19.52,-73.2,-92.72,29.28,53.68,-82.96,-4.88,-92.72,-92.72,-117.12,-73.2,-278.16
24.4,-73.2,-97.6,24.4,58.56,-87.84,-14.64,-92.72,-92.72,-117.12,-78.08,-283.04
24.4,-63.44,-87.84,19.52,53.68,-78.08,-14.64,-82.96,-92.72,-117.12,-68.32,-287.92
34.16,-48.8,-82.96,9.76,58.56,-68.32,-14.64,-82.96,-92.72,-117.12,-78.08,-292.8
34.16,-58.56,-92.72,14.64,63.44,-78.08,-14.64,-87.84,-92.72,-107.36,-78.08,-297.68
24.4,-63.44,-87.84,19.52,53.68,-78.08,-4.88,-87.84,-92.72,-107.36,-82.96,-292.8
24.4,-48.8,-73.2,14.64,48.8,-63.44,-4.88,-92.72,-92.72,-107.36,-82.96,-287.92
19.52,-48.8,-68.32,14.64,43.92,-58.56,-4.88,-92.72,-97.6,-117.12,-82.96,-283.04
14.64,-58.56,-73.2,24.4,43.92,-68.32,-9.76,-92.72,-97.6,-117.12,-78.08,-273.28
24.4,-48.8,-73.2,14.64,48.8,-63.44,-9.76,-92.72,-102.48,-117.12,-78.08,-263.52
24.4,-39.04,-63.44,9.76,43.92,-53.68,-9.76,-102.48,-102.48,-117.12,-82.96,-258.64
24.4,-53.68,-78.08,14.64,48.8,-68.32,-19.52,-107.36,-117.12,-122,-87.84,-263.52
19.52,-53.68,-73.2,19.52,43.92,-63.44,-19.52,-107.36,-117.12,-131.76,-87.84,-258.64
24.4,-43.92,-68.32,9.76,43.92,-58.56,-14.64,-102.48,-112.24,-126.88,-78.08,-244
34.16,-43.92,-78.08,4.88,53.68,-63.44,-9.76,-97.6,-107.36,-117.12,-78.08,-244
39.04,-48.8,-87.84,4.88,63.44,-68.32,-9.76,-97.6,-102.48,-112.24,-78.08,-244
43.92,-48.8,-92.72,4.88,68.32,-73.2,-9.76,-97.6,-97.6,-107.36,-78.08,-239.12
29.28,-48.8,-78.08,9.76,53.68,-63.44,0,-97.6,-102.48,-112.24,-87.84,-244
24.4,-53.68,-78.08,14.64,48.8,-68.32,0,-97.6,-97.6,-112.24,-87.84,-239.12
19.52,-58.56,-78.08,19.52,48.8,-68.32,0,-107.36,-97.6,-122,-92.72,-239.12
14.64,-63.44,-78.08,24.4,43.92,-73.2,0,-107.36,-102.48,-122,-92.72,-239.12
29.28,-39.04,-68.32,4.88,48.8,-53.68,-9.76,-97.6,-97.6,-122,-82.96,-239.12
19.52,-53.68,-73.2,19.52,43.92,-63.44,-9.76,-97.6,-102.48,-122,-82.96,-239.12
24.4,-53.68,-78.08,14.64,48.8,-68.32,-9.76,-97.6,-97.6,-117.12,-78.08,-234.24
34.16,-53.68,-87.84,9.76,58.56,-73.2,-9.76,-97.6,-87.84,-117.12,-78.08,-234.24
34.16,-53.68,-87.84,9.76,58.56,-73.2,-14.64,-102.48,-102.48,-126.88,-82.96,-224.48
39.04,-48.8,-87.84,4.88,63.44,-68.32,-14.64,-102.48,-112.24,-126.88,-87.84,-219.6
43.92,-48.8,-92.72,4.88,68.32,-73.2,-14.64,-107.36,-117.12,-131.76,-97.6,-224.48
48.8,-53.68,-102.48,4.88,73.2,-78.08,-14.64,-112.24,-117.12,-131.76,-102.48,-219.6
39.04,-63.44,-102.48,14.64,68.32,-82.96,-14.64,-112.24,-117.12,-141.52,-92.72,-204.96
39.04,-63.44,-102.48,14.64,68.32,-82.96,-14.64,-112.24,-117.12,-141.52,-97.6,-204.96
29.28,-58.56,-87.84,14.64,58.56,-73.2,-14.64,-112.24,-117.12,-141.52,-97.6,-204.96
29.28,-58.56,-87.84,14.64,58.56,-73.2,-14.64,-112.24,-117.12,-141.52,-97.6,-200.08
34.16,-68.32,-102.48,19.52,68.32,-87.84,-24.4,-107.36,-122,-136.64,-82.96,-185.44
34.16,-63.44,-97.6,14.64,63.44,-82.96,-24.4,-107.36,-122,-131.76,-82.96,-175.68
29.28,-63.44,-92.72,19.52,58.56,-78.08,-24.4,-102.48,-122,-126.88,-82.96,-170.8
29.28,-68.32,-97.6,19.52,63.44,-82.96,-24.4,-102.48,-117.12,-122,-78.08,-161.04
14.64,-73.2,-87.84,29.28,48.8,-82.96,-29.28,-107.36,-117.12,-126.88,-82.96,-146.4
9.76,-73.2,-82.96,34.16,43.92,-78.08,-29.28,-107.36,-117.12,-131.76,-87.84,-146.4
9.76,-68.32,-78.08,29.28,43.92,-73.2,-29.28,-112.24,-117.12,-141.52,-92.72,-141.52
14.64,-68.32,-82.96,29.28,48.8,-78.08,-29.28,-112.24,-117.12,-146.4,-97.6,-131.76
9.76,-78.08,-87.84,34.16,48.8,-82.96,-19.52,-112.24,-107.36,-136.64,-92.72,-126.88
19.52,-73.2,-92.72,29.28,53.68,-82.96,-19.52,-112.24,-102.48,-131.76,-92.72,-122
19.52,-53.68,-73.2,19.52,43.92,-63.44,-9.76,-102.48,-97.6,-122,-92.72,-117.12
29.28,-48.8,-78.08,9.76,53.68,-63.44,-9.76,-97.6,-97.6,-117.12,-87.84,-107.36
19.52,-63.44,-82.96,24.4,48.8,-73.2,-24.4,-102.48,-102.48,-117.12,-92.72,-97.6
19.52,-68.32,-87.84,24.4,53.68,-78.08,-24.4,-97.6,-102.48,-117.12,-92.72,-97.6
29.28,-68.32,-97.6,19.52,63.44,-82.96,-24.4,-97.6,-102.48,-117.12,-92.72,-87.84
29.28,-68.32,-97.6,19.52,63.44,-82.96,-19.52,-97.6,-97.6,-117.12,-87.84,-82.96
24.4,-63.44,-87.84,19.52,53.68,-78.08,-19.52,-102.48,-102.48,-122,-102.48,-82.96
29.28,-58.56,-87.84,14.64,58.56,-73.2,-24.4,-102.48,-102.48,-117.12,-107.36,-73.2
9.76,-58.56,-68.32,24.4,39.04,-63.44,-24.4,-102.48,-102.48,-122,-117.12,-63.44
4.88,-53.68,-58.56,24.4,29.28,-58.56,-24.4,-97.6,-97.6,-131.76,-126.88,-53.68
0,-53.68,-53.68,29.28,24.4,-53.68,-14.64,-97.6,-102.48,-122,-122,-39.04
0,-58.56,-58.56,29.28,29.28,-58.56,-14.64,-92.72,-102.48,-117.12,-117.12,-34.16
0,-73.2,-73.2,39.04,34.16,-73.2,-14.64,-92.72,-102.48,-117.12,-112.24,-34.16
0,-68.32,-68.32,34.16,34.16,-68.32,-14.64,-92.72,-102.48,-117.12,-107.36,-34.16
4.88,-68.32,-73.2,34.16,39.04,-73.2,-24.4,-82.96,-97.6,-117.12,-107.36,-34.16
4.88,-68.32,-73.2,34.16,39.04,-73.2,-24.4,-82.96,-92.72,-112.24,-107.36,-39.04
4.88,-63.44,-68.32,29.28,34.16,-68.32,-24.4,-82.96,-92.72,-112.24,-112.24,-39.04
4.88,-63.44,-68.32,29.28,34.16,-68.32,-24.4,-82.96,-92.72,-117.12,-112.24,-39.04
4.88,-68.32,-73.2,34.16,39.04,-73.2,-14.64,-78.08,-87.84,-122,-102.48,-29.28
-9.76,-63.44,-53.68,39.04,19.52,-58.56,-14.64,-78.08,-87.84,-122,-92.72,-29.28
-9.76,-58.56,-48.8,34.16,19.52,-53.68,-14.64,-73.2,-87.84,-112.24,-92.72,-24.4
9.76,-39.04,-48.8,14.64,29.28,-43.92,-14.64,-73.2,-78.08,-102.48,-92.72,-24.4
9.76,-43.92,-53.68,19.52,29.28,-48.8,-24.4,-82.96,-82.96,-112.24,-92.72,-19.52
9.76,-39.04,-48.8,14.64,29.28,-43.92,-19.52,-78.08,-82.96,-107.36,-87.84,-19.52
14.64,-43.92,-58.56,14.64,34.16,-53.68,-19.52,-78.08,-78.08,-97.6,-87.84,-19.52
14.64,-53.68,-68.32,19.52,39.04,-63.44,-19.52,-73.2,-78.08,-107.36,-87.84,-14.64
9.76,-53.68,-63.44,24.4,34.16,-58.56,-19.52,-73.2,-78.08,-117.12,-92.72,-9.76
9.76,-53.68,-63.44,24.4,34.16,-58.56,-19.52,-73.2,-78.08,-117.12,-92.72,-4.88
9.76,-48.8,-58.56,19.52,34.16,-53.68,-19.52,-73.2,-78.08,-112.24,-87.84,0
9.76,-48.8,-58.56,19.52,34.16,-53.68,-19.52,-78.08,-82.96,-112.24,-87.84,9.76
14.64,-43.92,-58.56,14.64,34.16,-53.68,-14.64,-68.32,-87.84,-102.48,-92.72,14.64
19.52,-39.04,-58.56,9.76,39.04,-48.8,-9.76,-68.32,-82.96,-102.48,-87.84,14.64
24.4,-34.16,-58.56,4.88,39.04,-48.8,-4.88,-68.32,-73.2,-102.48,-87.84,14.64
19.52,-29.28,-48.8,4.88,34.16,-39.04,0,-73.2,-68.32,-102.48,-92.72,14.64
19.52,-19.52,-39.04,0,29.28,-29.28,0,-73.2,-58.56,-92.72,-82.96,24.4
19.52,-29.28,-48.8,4.88,34.16,-39.04,0,-73.2,-58.56,-92.72,-78.08,24.4
19.52,-29.28,-48.8,4.88,34.16,-39.04,0,-73.2,-58.56,-87.84,-78.08,29.28
24.4,-34.16,-58.56,4.88,39.04,-48.8,4.88,-68.32,-53.68,-87.84,-78.08,39.04
34.16,-34.16,-68.32,0,48.8,-53.68,-4.88,-68.32,-48.8,-92.72,-78.08,43.92
34.16,-34.16,-68.32,0,48.8,-53.68,-4.88,-68.32,-53.68,-97.6,-82.96,43.92
39.04,-24.4,-63.44,-4.88,48.8,-43.92,-4.88,-68.32,-58.56,-97.6,-82.96,48.8
39.04,-14.64,-53.68,-9.76,43.92,-34.16,-4.88,-68.32,-63.44,-87.84,-78.08,53.68
24.4,-39.04,-63.44,9.76,43.92,-53.68,-9.76,-73.2,-73.2,-97.6,-78.08,63.44
19.52,-43.92,-63.44,14.64,39.04,-53.68,-14.64,-82.96,-73.2,-102.48,-82.96,68.32
24.4,-39.04,-63.44,9.76,43.92,-53.68,-24.4,-87.84,-78.08,-102.48,-87.84,68.32
19.52,-39.04,-58.56,9.76,39.04,-48.8,-29.28,-92.72,-82.96,-102.48,-92.72,68.32
14.64,-29.28,-43.92,9.76,29.28,-39.04,-24.4,-92.72,-87.84,-107.36,-92.72,78.08
4.88,-29.28,-34.16,14.64,19.52,-34.16,-19.52,-92.72,-82.96,-102.48,-87.84,78.08
19.52,-39.04,-58.56,9.76,39.04,-48.8,-14.64,-87.84,-78.08,-97.6,-87.84,78.08
39.04,-29.28,-68.32,-4.88,53.68,-48.8,-9.76,-78.08,-73.2,-92.72,-82.96,78.08
29.28,-39.04,-68.32,4.88,48.8,-53.68,-19.52,-78.08,-73.2,-92.72,-97.6,78.08
19.52,-53.68,-73.2,19.52,43.92,-63.44,-19.52,-87.84,-78.08,-97.6,-92.72,82.96
19.52,-53.68,-73.2,19.52,43.92,-63.44,-19.52,-87.84,-78.08,-92.72,-92.72,82.96
43.92,-39.04,-82.96,0,63.44,-63.44,-19.52,-87.84,-78.08,-92.72,-97.6,78.08
39.04,-39.04,-78.08,0,58.56,-58.56,-24.4,-97.6,-82.96,-102.48,-102.48,78.08
34.16,-39.04,-73.2,4.88,53.68,-58.56,-24.4,-97.6,-87.84,-102.48,-102.48,78.08
9.76,-43.92,-53.68,19.52,29.28,-48.8,-34.16,-102.48,-92.72,-117.12,-117.12,78.08
14.64,-43.92,-58.56,14.64,34.16,-53.68,-34.16,-102.48,-87.84,-122,-117.12,63.44
29.28,-24.4,-53.68,0,39.04,-39.04,-29.28,-92.72,-87.84,-117.12,-112.24,82.96
29.28,-34.16,-63.44,4.88,43.92,-48.8,-24.4,-97.6,-87.84,-117.12,-112.24,87.84
24.4,-43.92,-68.32,9.76,43.92,-58.56,-19.52,-97.6,-92.72,-122,-107.36,97.6
29.28,-48.8,-78.08,9.76,53.68,-63.44,-14.64,-97.6,-92.72,-107.36,-97.6,112.24
29.28,-48.8,-78.08,9.76,53.68,-63.44,-24.4,-107.36,-82.96,-112.24,-102.48,117.12
34.16,-43.92,-78.08,4.88,53.68,-63.44,-19.52,-107.36,-82.96,-107.36,-107.36,117.12
34.16,-43.92,-78.08,4.88,53.68,-63.44,-19.52,-107.36,-87.84,-107.36,-112.24,117.12
34.16,-43.92,-78.08,4.88,53.68,-63.44,-19.52,-107.36,-87.84,-107.36,-117.12,107.36
24.4,-53.68,-78.08,14.64,48.8,-68.32,-19.52,-97.6,-87.84,-102.48,-112.24,112.24
34.16,-53.68,-87.84,9.76,58.56,-73.2,-19.52,-97.6,-92.72,-112.24,-117.12,122
34.16,-48.8,-82.96,9.76,58.56,-68.32,-19.52,-107.36,-92.72,-112.24,-112.24,131.76
34.16,-48.8,-82.96,9.76,58.56,-68.32,-19.52,-107.36,-92.72,-112.24,-102.48,141.52
9.76,-63.44,-73.2,29.28,39.04,-68.32,-24.4,-107.36,-92.72,-126.88,-112.24,141.52
4.88,-68.32,-73.2,34.16,39.04,-73.2,-34.16,-107.36,-102.48,-126.88,-117.12,146.4
0,-68.32,-68.32,34.16,34.16,-68.32,-39.04,-107.36,-112.24,-131.76,-117.12,146.4
-4.88,-63.44,-58.56,34.16,24.4,-63.44,-43.92,-107.36,-122,-136.64,-122,146.4
4.88,-58.56,-63.44,29.28,34.16,-63.44,-39.04,-117.12,-122,-131.76,-122,151.28
14.64,-58.56,-73.2,24.4,43.92,-68.32,-34.16,-117.12,-117.12,-136.64,-126.88,146.4
24.4,-53.68,-78.08,14.64,48.8,-68.32,-29.28,-112.24,-112.24,-131.76,-126.88,146.4
34.16,-39.04,-73.2,4.88,53.68,-58.56,-24.4,-112.24,-112.24,-126.88,-126.88,146.4
34.16,-58.56,-92.72,14.64,63.44,-78.08,-24.4,-107.36,-122,-136.64,-136.64,156.16
29.28,-58.56,-87.84,14.64,58.56,-73.2,-24.4,-112.24,-122,-136.64,-146.4,156.16
29.28,-53.68,-82.96,14.64,53.68,-68.32,-24.4,-112.24,-117.12,-141.52,-141.52,161.04
34.16,-43.92,-78.08,4.88,53.68,-63.44,-24.4,-112.24,-117.12,-141.52,-126.88,170.8
19.52,-48.8,-68.32,14.64,43.92,-58.56,-34.16,-112.24,-117.12,-126.88,-126.88,185.44
9.76,-48.8,-58.56,19.52,34.16,-53.68,-34.16,-107.36,-117.12,-126.88,-126.88,190.32
19.52,-39.04,-58.56,9.76,39.04,-48.8,-34.16,-107.36,-112.24,-126.88,-117.12,200.08
19.52,-48.8,-68.32,14.64,43.92,-58.56,-34.16,-107.36,-107.36,-126.88,-117.12,209.84
4.88,-73.2,-78.08,34.16,39.04,-78.08,-24.4,-117.12,-122,-126.88,-122,209.84
4.88,-68.32,-73.2,34.16,39.04,-73.2,-24.4,-117.12,-122,-117.12,-122,204.96
19.52,-73.2,-92.72,29.28,53.68,-82.96,-24.4,-112.24,-107.36,-126.88,-131.76,204.96
19.52,-73.2,-92.72,29.28,53.68,-82.96,-24.4,-107.36,-107.36,-126.88,-131.76,204.96
29.28,-58.56,-87.84,14.64,58.56,-73.2,-24.4,-107.36,-112.24,-117.12,-131.76,214.72
29.28,-58.56,-87.84,14.64,58.56,-73.2,-24.4,-112.24,-117.12,-122,-131.76,214.72
29.28,-73.2,-102.48,24.4,63.44,-87.84,-24.4,-112.24,-117.12,-122,-131.76,219.6
19.52,-82.96,-102.48,34.16,58.56,-92.72,-29.28,-107.36,-117.12,-117.12,-131.76,229.36
39.04,-48.8,-87.84,4.88,63.44,-68.32,-29.28,-117.12,-117.12,-126.88,-131.76,244
48.8,-48.8,-97.6,0,73.2,-73.2,-29.28,-117.12,-117.12,-126.88,-131.76,248.88
48.8,-48.8,-97.6,0,73.2,-73.2,-24.4,-117.12,-112.24,-126.88,-131.76,253.76
43.92,-48.8,-92.72,4.88,68.32,-73.2,-24.4,-117.12,-112.24,-126.88,-131.76,258.64
43.92,-43.92,-87.84,0,63.44,-68.32,-14.64,-117.12,-102.48,-122,-122,263.52
39.04,-39.04,-78.08,0,58.56,-58.56,-14.64,-112.24,-102.48,-122,-117.12,273.28
39.04,-29.28,-68.32,-4.88,53.68,-48.8,-14.64,-107.36,-102.48,-122,-117.12,283.04
39.04,-24.4,-63.44,-4.88,48.8,-43.92,-14.64,-107.36,-107.36,-117.12,-117.12,287.92
34.16,-39.04,-73.2,4.88,53.68,-58.56,-24.4,-117.12,-122,-117.12,-126.88,297.68
29.28,-39.04,-68.32,4.88,48.8,-53.68,-24.4,-117.12,-122,-117.12,-126.88,297.68
34.16,-43.92,-78.08,4.88,53.68,-63.44,-24.4,-112.24,-117.12,-112.24,-126.88,297.68
34.16,-48.8,-82.96,9.76,58.56,-68.32,-24.4,-112.24,-102.48,-107.36,-126.88,292.8
34.16,-39.04,-73.2,4.88,53.68,-58.56,-19.52,-112.24,-112.24,-117.12,-117.12,302.56
14.64,-43.92,-58.56,14.64,34.16,-53.68,-19.52,-112.24,-112.24,-117.12,-122,302.56
14.64,-63.44,-78.08,24.4,43.92,-73.2,-19.52,-117.12,-122,-122,-126.88,292.8
19.52,-53.68,-73.2,19.52,43.92,-63.44,-19.52,-117.12,-126.88,-122,-126.88,292.8
14.64,-53.68,-68.32,19.52,39.04,-63.44,-19.52,-122,-122,-131.76,-126.88,287.92
19.52,-48.8,-68.32,14.64,43.92,-58.56,-19.52,-122,-122,-131.76,-126.88,287.92
19.52,-68.32,-87.84,24.4,53.68,-78.08,-24.4,-117.12,-122,-126.88,-126.88,292.8
19.52,-58.56,-78.08,19.52,48.8,-68.32,-24.4,-117.12,-122,-126.88,-126.88,297.68
29.28,-48.8,-78.08,9.76,53.68,-63.44,-34.16,-122,-122,-126.88,-122,297.68
34.16,-43.92,-78.08,4.88,53.68,-63.44,-43.92,-122,-122,-136.64,-126.88,297.68
53.68,-34.16,-87.84,-9.76,68.32,-63.44,-43.92,-122,-117.12,-126.88,-126.88,292.8
48.8,-14.64,-63.44,-14.64,53.68,-39.04,-29.28,-122,-117.12,-126.88,-126.88,292.8
39.04,-39.04,-78.08,0,58.56,-58.56,-29.28,-117.12,-117.12,-131.76,-136.64,292.8
34.16,-58.56,-92.72,14.64,63.44,-78.08,-24.4,-117.12,-117.12,-131.76,-146.4,287.92
24.4,-63.44,-87.84,19.52,53.68,-78.08,-24.4,-122,-122,-136.64,-146.4,287.92
19.52,-58.56,-78.08,19.52,48.8,-68.32,-24.4,-122,-126.88,-136.64,-146.4,287.92
34.16,-43.92,-78.08,4.88,53.68,-63.44,-34.16,-122,-126.88,-126.88,-136.64,292.8
34.16,-43.92,-78.08,4.88,53.68,-63.44,-34.16,-122,-126.88,-126.88,-131.76,297.68
24.4,-58.56,-82.96,19.52,53.68,-73.2,-34.16,-117.12,-126.88,-136.64,-126.88,302.56
24.4,-68.32,-92.72,24.4,58.56,-82.96,-43.92,-117.12,-126.88,-122,-126.88,307.44
24.4,-53.68,-78.08,14.64,48.8,-68.32,-29.28,-117.12,-122,-112.24,-126.88,317.2
24.4,-53.68,-78.08,14.64,48.8,-68.32,-24.4,-122,-122,-117.12,-126.88,317.2
19.52,-53.68,-73.2,19.52,43.92,-63.44,-24.4,-122,-117.12,-117.12,-126.88,312.32
14.64,-63.44,-78.08,24.4,43.92,-73.2,-19.52,-122,-112.24,-112.24,-126.88,312.32
-29.28,-102.48,-73.2,68.32,19.52,-87.84,-39.04,-141.52,-131.76,-131.76,-146.4,302.56
0,-63.44,-63.44,34.16,29.28,-63.44,-34.16,-131.76,-131.76,-131.76,-141.52,312.32
19.52,-34.16,-53.68,9.76,34.16,-43.92,-34.16,-122,-122,-122,-131.76,312.32
0,-53.68,-53.68,29.28,24.4,-53.68,-43.92,-136.64,-131.76,-126.88,-141.52,302.56
0,-58.56,-58.56,29.28,29.28,-58.56,-58.56,-146.4,-136.64,-136.64,-136.64,302.56
14.64,-53.68,-68.32,19.52,39.04,-63.44,-53.68,-136.64,-131.76,-126.88,-136.64,292.8
19.52,-48.8,-68.32,14.64,43.92,-58.56,-48.8,-126.88,-126.88,-126.88,-136.64,292.8
24.4,-43.92,-68.32,9.76,43.92,-58.56,-43.92,-117.12,-122,-126.88,-136.64,292.8
29.28,-39.04,-68.32,4.88,48.8,-53.68,-39.04,-107.36,-117.12,-126.88,-136.64,292.8
19.52,-58.56,-78.08,19.52,48.8,-68.32,-39.04,-92.72,-122,-136.64,-141.52,302.56
19.52,-63.44,-82.96,24.4,48.8,-73.2,-43.92,-87.84,-126.88,-136.64,-151.28,302.56
19.52,-63.44,-82.96,24.4,48.8,-73.2,-43.92,-82.96,-131.76,-136.64,-156.16,292.8
19.52,-63.44,-82.96,24.4,48.8,-73.2,-39.04,-78.08,-136.64,-136.64,-161.04,302.56
9.76,-68.32,-78.08,29.28,43.92,-73.2,-48.8,-78.08,-141.52,-136.64,-161.04,302.56
9.76,-82.96,-92.72,39.04,48.8,-87.84,-48.8,-78.08,-141.52,-136.64,-161.04,302.56
0,-87.84,-87.84,43.92,43.92,-87.84,-48.8,-78.08,-146.4,-136.64,-161.04,302.56
0,-92.72,-92.72,48.8,43.92,-92.72,-48.8,-78.08,-146.4,-136.64,-161.04,307.44
9.76,-78.08,-87.84,34.16,48.8,-82.96,-43.92,-68.32,-136.64,-126.88,-151.28,307.44
4.88,-73.2,-78.08,34.16,39.04,-78.08,-39.04,-73.2,-141.52,-126.88,-151.28,302.56
4.88,-73.2,-78.08,34.16,39.04,-78.08,-34.16,-73.2,-141.52,-131.76,-151.28,302.56
4.88,-68.32,-73.2,34.16,39.04,-73.2,-34.16,-78.08,-141.52,-136.64,-151.28,297.68
14.64,-58.56,-73.2,24.4,43.92,-68.32,-39.04,-87.84,-141.52,-136.64,-151.28,307.44
14.64,-58.56,-73.2,24.4,43.92,-68.32,-39.04,-87.84,-141.52,-136.64,-156.16,307.44
14.64,-58.56,-73.2,24.4,43.92,-68.32,-39.04,-82.96,-141.52,-136.64,-156.16,307.44
19.52,-58.56,-78.08,19.52,48.8,-68.32,-34.16,-82.96,-141.52,-131.76,-156.16,307.44
14.64,-63.44,-78.08,24.4,43.92,-73.2,-34.16,-92.72,-146.4,-131.76,-156.16,307.44
14.64,-63.44,-78.08,24.4,43.92,-73.2,-34.16,-87.84,-146.4,-126.88,-156.16,307.44
14.64,-63.44,-78.08,24.4,43.92,-73.2,-34.16,-87.84,-146.4,-126.88,-151.28,307.44
14.64,-63.44,-78.08,24.4,43.92,-73.2,-29.28,-87.84,-146.4,-126.88,-151.28,307.44
29.28,-53.68,-82.96,14.64,53.68,-68.32,-19.52,-78.08,-141.52,-117.12,-151.28,307.44
39.04,-39.04,-78.08,0,58.56,-58.56,-24.4,-78.08,-136.64,-117.12,-151.28,307.44
48.8,-24.4,-73.2,-9.76,58.56,-48.8,-24.4,-78.08,-131.76,-117.12,-151.28,307.44
58.56,-14.64,-73.2,-19.52,63.44,-43.92,-19.52,-73.2,-122,-117.12,-146.4,307.44
48.8,-24.4,-73.2,-9.76,58.56,-48.8,-29.28,-73.2,-122,-112.24,-141.52,317.2
58.56,-29.28,-87.84,-14.64,73.2,-58.56,-29.28,-73.2,-122,-112.24,-141.52,322.08
58.56,-34.16,-92.72,-9.76,73.2,-63.44,-29.28,-73.2,-117.12,-112.24,-146.4,322.08
58.56,-39.04,-97.6,-9.76,78.08,-68.32,-29.28,-73.2,-117.12,-107.36,-146.4,322.08
43.92,-29.28,-73.2,-4.88,58.56,-53.68,-19.52,-58.56,-107.36,-107.36,-136.64,312.32
39.04,-14.64,-53.68,-9.76,43.92,-34.16,-14.64,-58.56,-107.36,-107.36,-136.64,312.32
39.04,-4.88,-43.92,-14.64,39.04,-24.4,-4.88,-48.8,-97.6,-97.6,-122,322.08
43.92,19.52,-24.4,-29.28,34.16,-4.88,9.76,-34.16,-82.96,-82.96,-117.12,322.08
53.68,39.04,-14.64,-43.92,34.16,9.76,9.76,-43.92,-78.08,-87.84,-112.24,331.84
58.56,43.92,-14.64,-48.8,34.16,14.64,24.4,-29.28,-68.32,-78.08,-102.48,341.6
58.56,48.8,-9.76,-53.68,34.16,19.52,29.28,-29.28,-63.44,-73.2,-92.72,351.36
58.56,43.92,-14.64,-48.8,34.16,14.64,29.28,-29.28,-63.44,-73.2,-92.72,351.36
53.68,39.04,-14.64,-43.92,34.16,9.76,19.52,-34.16,-68.32,-73.2,-102.48,341.6
58.56,48.8,-9.76,-53.68,34.16,19.52,24.4,-34.16,-73.2,-73.2,-102.48,346.48
53.68,48.8,-4.88,-48.8,29.28,19.52,24.4,-39.04,-73.2,-73.2,-102.48,346.48
48.8,39.04,-9.76,-43.92,29.28,14.64,24.4,-43.92,-78.08,-73.2,-102.48,346.48
43.92,48.8,4.88,-43.92,19.52,24.4,24.4,-53.68,-87.84,-73.2,-102.48,346.48
43.92,48.8,4.88,-43.92,19.52,24.4,24.4,-58.56,-92.72,-82.96,-112.24,341.6
43.92,43.92,0,-43.92,19.52,19.52,14.64,-63.44,-92.72,-82.96,-112.24,341.6
48.8,43.92,-4.88,-43.92,24.4,19.52,9.76,-63.44,-92.72,-78.08,-107.36,341.6
53.68,39.04,-14.64,-43.92,34.16,9.76,0,-63.44,-92.72,-87.84,-107.36,341.6
58.56,24.4,-34.16,-39.04,43.92,-4.88,-9.76,-63.44,-92.72,-87.84,-112.24,336.72
63.44,24.4,-39.04,-43.92,48.8,-9.76,-19.52,-63.44,-92.72,-87.84,-112.24,336.72
68.32,24.4,-43.92,-43.92,53.68,-9.76,-34.16,-58.56,-92.72,-87.84,-112.24,346.48
78.08,19.52,-58.56,-48.8,68.32,-19.52,-29.28,-58.56,-92.72,-78.08,-112.24,346.48
73.2,4.88,-68.32,-39.04,68.32,-34.16,-39.04,-68.32,-102.48,-87.84,-112.24,341.6
63.44,-14.64,-78.08,-24.4,68.32,-48.8,-48.8,-73.2,-112.24,-92.72,-117.12,336.72
48.8,-24.4,-73.2,-9.76,58.56,-48.8,-48.8,-78.08,-117.12,-92.72,-122,331.84
29.28,-19.52,-48.8,-4.88,39.04,-34.16,-34.16,-78.08,-117.12,-102.48,-122,341.6
14.64,-14.64,-29.28,0,19.52,-24.4,-19.52,-78.08,-112.24,-102.48,-117.12,336.72
9.76,-14.64,-24.4,4.88,14.64,-19.52,-19.52,-78.08,-112.24,-102.48,-117.12,336.72
0,-19.52,-19.52,9.76,9.76,-19.52,-19.52,-78.08,-117.12,-107.36,-126.88,331.84
9.76,-24.4,-34.16,9.76,19.52,-29.28,-9.76,-68.32,-126.88,-97.6,-117.12,331.84
4.88,-39.04,-43.92,19.52,24.4,-43.92,-9.76,-68.32,-126.88,-102.48,-122,331.84
0,-53.68,-53.68,29.28,24.4,-53.68,-9.76,-82.96,-131.76,-112.24,-131.76,322.08
0,-68.32,-68.32,34.16,34.16,-68.32,-9.76,-82.96,-141.52,-117.12,-131.76,322.08
-9.76,-78.08,-68.32,43.92,29.28,-73.2,-19.52,-92.72,-141.52,-126.88,-146.4,317.2
-14.64,-82.96,-68.32,48.8,24.4,-78.08,-29.28,-102.48,-156.16,-136.64,-151.28,317.2
-19.52,-92.72,-73.2,58.56,24.4,-82.96,-39.04,-112.24,-161.04,-146.4,-165.92,302.56
-24.4,-102.48,-78.08,63.44,24.4,-92.72,-43.92,-122,-165.92,-146.4,-170.8,302.56
-19.52,-102.48,-82.96,63.44,29.28,-92.72,-43.92,-126.88,-170.8,-151.28,-165.92,292.8
-14.64,-97.6,-82.96,58.56,34.16,-92.72,-43.92,-126.88,-170.8,-151.28,-170.8,287.92
-9.76,-92.72,-82.96,53.68,34.16,-87.84,-39.04,-126.88,-170.8,-151.28,-170.8,287.92
-4.88,-87.84,-82.96,48.8,39.04,-87.84,-39.04,-126.88,-170.8,-151.28,-170.8,287.92
-4.88,-78.08,-73.2,43.92,34.16,-78.08,-39.04,-117.12,-170.8,-141.52,-170.8,287.92
-9.76,-82.96,-73.2,48.8,29.28,-78.08,-43.92,-117.12,-170.8,-141.52,-175.68,283.04
-19.52,-82.96,-63.44,53.68,19.52,-73.2,-43.92,-122,-170.8,-141.52,-175.68,283.04
-9.76,-78.08,-68.32,43.92,29.28,-73.2,-43.92,-122,-175.68,-146.4,-175.68,283.04
-4.88,-78.08,-73.2,43.92,34.16,-78.08,-34.16,-122,-165.92,-146.4,-170.8,287.92
0,-78.08,-78.08,39.04,39.04,-78.08,-34.16,-122,-165.92,-146.4,-170.8,287.92
0,-78.08,-78.08,39.04,39.04,-78.08,-34.16,-122,-165.92,-146.4,-170.8,287.92
0,-82.96,-82.96,43.92,39.04,-82.96,-34.16,-122,-165.92,-146.4,-170.8,287.92
0,-87.84,-87.84,43.92,43.92,-87.84,-39.04,-122,-175.68,-151.28,-185.44,273.28
-19.52,-87.84,-68.32,53.68,24.4,-78.08,-39.04,-122,-180.56,-151.28,-185.44,273.28
-19.52,-87.84,-68.32,53.68,24.4,-78.08,-34.16,-122,-180.56,-151.28,-185.44,273.28
-14.64,-87.84,-73.2,53.68,29.28,-82.96,-34.16,-122,-185.44,-156.16,-185.44,273.28
-4.88,-87.84,-82.96,48.8,39.04,-87.84,-29.28,-117.12,-185.44,-156.16,-180.56,273.28
4.88,-92.72,-97.6,43.92,48.8,-97.6,-19.52,-107.36,-165.92,-141.52,-170.8,283.04
9.76,-82.96,-92.72,39.04,48.8,-87.84,-14.64,-107.36,-161.04,-141.52,-161.04,292.8
19.52,-82.96,-102.48,34.16,58.56,-92.72,-14.64,-112.24,-161.04,-141.52,-170.8,283.04
4.88,-97.6,-102.48,48.8,53.68,-102.48,-19.52,-117.12,-170.8,-151.28,-180.56,283.04
0,-97.6,-97.6,48.8,48.8,-97.6,-14.64,-117.12,-175.68,-165.92,-190.32,278.16
0,-97.6,-97.6,48.8,48.8,-97.6,-9.76,-117.12,-185.44,-170.8,-195.2,263.52
-9.76,-117.12,-107.36,63.44,48.8,-112.24,0,-112.24,-195.2,-185.44,-214.72,253.76
-14.64,-141.52,-126.88,78.08,53.68,-136.64,19.52,-92.72,-190.32,-185.44,-224.48,234.24
-29.28,-161.04,-131.76,97.6,48.8,-146.4,73.2,-24.4,-170.8,-180.56,-229.36,214.72
-53.68,-170.8,-117.12,112.24,29.28,-146.4,141.52,82.96,-122,-170.8,-248.88,190.32
-53.68,-151.28,-97.6,102.48,19.52,-126.88,204.96,180.56,-68.32,-146.4,-244,190.32
-19.52,-102.48,-82.96,63.44,29.28,-92.72,204.96,253.76,9.76,-82.96,-195.2,214.72
14.64,-48.8,-63.44,19.52,39.04,-58.56,161.04,312.32,131.76,29.28,-97.6,268.4
58.56,29.28,-29.28,-43.92,43.92,0,97.6,370.88,273.28,156.16,9.76,341.6
117.12,122,4.88,-117.12,53.68,63.44,19.52,409.92,400.16,292.8,107.36,409.92
156.16,234.24,78.08,-195.2,39.04,156.16,-24.4,439.2,517.28,424.56,219.6,483.12
204.96,351.36,146.4,-278.16,29.28,248.88,-43.92,478.24,663.68,585.6,361.12,566.08
258.64,483.12,224.48,-370.88,14.64,351.36,-107.36,507.52,805.2,766.16,512.4,673.44
331.84,634.4,302.56,-483.12,14.64,468.48,-141.52,575.84,961.36,956.48,673.44,785.68
400.16,800.32,400.16,-600.24,0,600.24,-165.92,673.44,1146.8,1161.44,854,897.92
414.8,927.2,512.4,-668.56,-48.8,717.36,-224.48,717.36,1322.48,1356.64,1029.68,1039.44
434.32,990.64,556.32,-712.48,-63.44,771.04,-326.96,702.72,1415.2,1483.52,1156.56,1156.56
473.36,1005.28,531.92,-736.88,-29.28,766.16,-370.88,644.16,1390.8,1512.8,1205.36,1224.88
473.36,1015.04,541.68,-741.76,-34.16,775.92,-356.24,517.28,1254.16,1434.72,1200.48,1249.28
414.8,941.84,527.04,-678.32,-58.56,732,-346.48,312.32,985.76,1220,1078.48,1224.88
346.48,790.56,444.08,-566.08,-48.8,614.88,-351.36,39.04,600.24,907.68,863.76,1122.4
307.44,629.52,322.08,-468.48,-9.76,473.36,-375.76,-263.52,200.08,575.84,634.4,990.64
287.92,468.48,180.56,-375.76,53.68,322.08,-439.2,-536.8,-146.4,297.68,453.84,893.04
239.12,258.64,19.52,-248.88,107.36,136.64,-531.92,-741.76,-444.08,39.04,263.52,780.8
165.92,126.88,-39.04,-146.4,102.48,43.92,-575.84,-868.64,-649.04,-161.04,107.36,668.56
131.76,78.08,-53.68,-102.48,92.72,9.76,-585.6,-897.92,-727.12,-263.52,4.88,595.36
107.36,4.88,-102.48,-53.68,102.48,-48.8,-614.88,-863.76,-756.4,-326.96,-68.32,536.8
39.04,-131.76,-170.8,48.8,102.48,-151.28,-658.8,-854,-775.92,-395.28,-156.16,473.36
-14.64,-185.44,-170.8,102.48,78.08,-180.56,-629.52,-824.72,-751.52,-434.32,-224.48,405.04
-9.76,-146.4,-136.64,78.08,63.44,-141.52,-546.56,-727.12,-678.32,-414.8,-253.76,356.24
-9.76,-117.12,-107.36,63.44,48.8,-112.24,-448.96,-610,-570.96,-361.12,-244,336.72
-14.64,-141.52,-126.88,78.08,53.68,-136.64,-375.76,-497.76,-492.88,-312.32,-234.24,331.84
4.88,-161.04,-165.92,78.08,82.96,-165.92,-297.68,-414.8,-434.32,-292.8,-234.24,307.44
9.76,-185.44,-195.2,87.84,102.48,-190.32,-239.12,-346.48,-405.04,-278.16,-244,273.28
-4.88,-204.96,-200.08,107.36,97.6,-204.96,-204.96,-297.68,-380.64,-258.64,-234.24,258.64
-29.28,-204.96,-175.68,117.12,73.2,-190.32,-175.68,-253.76,-351.36,-239.12,-219.6,253.76
-48.8,-200.08,-151.28,126.88,48.8,-175.68,-131.76,-195.2,-312.32,-214.72,-209.84,244
-58.56,-209.84,-151.28,136.64,43.92,-180.56,-87.84,-156.16,-263.52,-190.32,-204.96,244
-78.08,-195.2,-117.12,136.64,19.52,-156.16,-63.44,-122,-219.6,-165.92,-185.44,253.76
-78.08,-170.8,-92.72,126.88,4.88,-131.76,-43.92,-102.48,-185.44,-146.4,-170.8,253.76
-87.84,-165.92,-78.08,126.88,-4.88,-122,-24.4,-78.08,-156.16,-126.88,-161.04,263.52
-107.36,-146.4,-39.04,126.88,-34.16,-92.72,-14.64,-68.32,-151.28,-122,-151.28,263.52
-78.08,-82.96,-4.88,82.96,-39.04,-43.92,-24.4,-68.32,-151.28,-122,-151.28,263.52
-34.16,-48.8,-14.64,43.92,-9.76,-34.16,-34.16,-78.08,-156.16,-112.24,-141.52,263.52
-39.04,-43.92,-4.88,43.92,-19.52,-24.4,-43.92,-87.84,-161.04,-112.24,-131.76,253.76
-39.04,-48.8,-9.76,43.92,-14.64,-29.28,-29.28,-78.08,-156.16,-102.48,-131.76,244
-39.04,-58.56,-19.52,48.8,-9.76,-39.04,-24.4,-73.2,-151.28,-97.6,-141.52,234.24
-39.04,-68.32,-29.28,53.68,-4.88,-48.8,-9.76,-58.56,-151.28,-97.6,-141.52,214.72
-48.8,-87.84,-39.04,68.32,-4.88,-63.44,4.88,-43.92,-131.76,-97.6,-156.16,209.84
-53.68,-87.84,-34.16,73.2,-9.76,-63.44,9.76,-39.04,-126.88,-97.6,-156.16,204.96
-53.68,-87.84,-34.16,73.2,-9.76,-63.44,9.76,-34.16,-122,-97.6,-156.16,204.96
-53.68,-82.96,-29.28,68.32,-14.64,-58.56,9.76,-29.28,-117.12,-97.6,-156.16,204.96
-53.68,-68.32,-14.64,63.44,-19.52,-43.92,4.88,-39.04,-117.12,-82.96,-146.4,200.08
-48.8,-53.68,-4.88,53.68,-24.4,-29.28,0,-39.04,-112.24,-82.96,-136.64,214.72
-53.68,-58.56,-4.88,58.56,-24.4,-34.16,-4.88,-43.92,-112.24,-82.96,-146.4,214.72
-68.32,-53.68,14.64,63.44,-43.92,-19.52,-4.88,-43.92,-122,-82.96,-146.4,214.72
-58.56,-68.32,-9.76,63.44,-24.4,-39.04,0,-48.8,-117.12,-82.96,-136.64,209.84
-58.56,-82.96,-24.4,73.2,-19.52,-53.68,4.88,-39.04,-112.24,-78.08,-136.64,209.84
-63.44,-97.6,-34.16,82.96,-14.64,-68.32,9.76,-29.28,-117.12,-78.08,-136.64,200.08
-63.44,-102.48,-39.04,82.96,-14.64,-73.2,9.76,-24.4,-122,-78.08,-136.64,200.08
-58.56,-78.08,-19.52,68.32,-19.52,-48.8,14.64,-19.52,-97.6,-68.32,-126.88,209.84
-48.8,-53.68,-4.88,53.68,-24.4,-29.28,19.52,-14.64,-92.72,-68.32,-122,209.84
-34.16,-29.28,4.88,34.16,-19.52,-14.64,24.4,-14.64,-87.84,-68.32,-122,209.84
-19.52,-19.52,0,19.52,-9.76,-9.76,24.4,-9.76,-82.96,-68.32,-117.12,209.84
-34.16,-24.4,9.76,29.28,-24.4,-9.76,14.64,-14.64,-92.72,-68.32,-117.12,200.08
-24.4,-24.4,0,24.4,-14.64,-14.64,19.52,-14.64,-92.72,-63.44,-112.24,204.96
-19.52,-29.28,-9.76,24.4,-4.88,-19.52,19.52,-14.64,-92.72,-63.44,-112.24,209.84
-19.52,-39.04,-19.52,29.28,0,-29.28,24.4,-14.64,-87.84,-63.44,-117.12,214.72
-39.04,-48.8,-9.76,43.92,-14.64,-29.28,34.16,0,-87.84,-73.2,-126.88,214.72
-39.04,-58.56,-19.52,48.8,-9.76,-39.04,34.16,4.88,-82.96,-63.44,-122,224.48
-24.4,-39.04,-14.64,34.16,-4.88,-29.28,34.16,4.88,-78.08,-63.44,-117.12,224.48
-24.4,-39.04,-14.64,34.16,-4.88,-29.28,34.16,14.64,-78.08,-63.44,-117.12,229.36
-39.04,-34.16,4.88,39.04,-24.4,-14.64,24.4,9.76,-78.08,-53.68,-107.36,244
-43.92,-34.16,9.76,39.04,-29.28,-14.64,24.4,9.76,-87.84,-58.56,-107.36,244
-43.92,-29.28,14.64,39.04,-29.28,-9.76,24.4,9.76,-87.84,-58.56,-102.48,244
-48.8,-29.28,19.52,39.04,-34.16,-4.88,24.4,14.64,-82.96,-58.56,-102.48,239.12
-43.92,-29.28,14.64,39.04,-29.28,-9.76,34.16,14.64,-92.72,-58.56,-87.84,244
-34.16,-34.16,0,34.16,-19.52,-19.52,43.92,19.52,-87.84,-53.68,-87.84,239.12
-29.28,-39.04,-9.76,34.16,-9.76,-24.4,43.92,24.4,-87.84,-53.68,-87.84,234.24
-24.4,-48.8,-24.4,39.04,0,-39.04,43.92,24.4,-78.08,-48.8,-82.96,234.24
-39.04,-58.56,-19.52,48.8,-9.76,-39.04,39.04,34.16,-68.32,-58.56,-92.72,219.6
-43.92,-58.56,-14.64,53.68,-14.64,-39.04,39.04,34.16,-63.44,-48.8,-92.72,209.84
-39.04,-58.56,-19.52,48.8,-9.76,-39.04,29.28,34.16,-58.56,-48.8,-92.72,204.96
-43.92,-48.8,-4.88,48.8,-19.52,-29.28,29.28,34.16,-53.68,-48.8,-97.6,195.2
-34.16,-34.16,0,34.16,-19.52,-19.52,19.52,34.16,-58.56,-39.04,-87.84,185.44
-34.16,-34.16,0,34.16,-19.52,-19.52,19.52,34.16,-58.56,-39.04,-97.6,185.44
-34.16,-34.16,0,34.16,-19.52,-19.52,19.52,34.16,-53.68,-39.04,-97.6,180.56
-34.16,-34.16,0,34.16,-19.52,-19.52,19.52,43.92,-43.92,-29.28,-97.6,170.8
-24.4,-39.04,-14.64,34.16,-4.88,-29.28,29.28,53.68,-43.92,-19.52,-97.6,165.92
-34.16,-48.8,-14.64,43.92,-9.76,-34.16,34.16,58.56,-43.92,-19.52,-102.48,161.04
-34.16,-48.8,-14.64,43.92,-9.76,-34.16,39.04,73.2,-39.04,-19.52,-102.48,161.04
-34.16,-29.28,4.88,34.16,-19.52,-14.64,48.8,78.08,-34.16,-19.52,-97.6,161.04
-39.04,-29.28,9.76,34.16,-24.4,-9.76,39.04,73.2,-43.92,-19.52,-102.48,146.4
-43.92,-34.16,9.76,39.04,-29.28,-14.64,39.04,73.2,-43.92,-24.4,-102.48,136.64
-48.8,-39.04,9.76,43.92,-29.28,-14.64,29.28,73.2,-39.04,-29.28,-102.48,136.64
-48.8,-39.04,9.76,43.92,-29.28,-14.64,39.04,78.08,-34.16,-29.28,-102.48,146.4
-43.92,-29.28,14.64,39.04,-29.28,-9.76,39.04,92.72,-24.4,-14.64,-102.48,141.52
-34.16,-29.28,4.88,34.16,-19.52,-14.64,39.04,97.6,-19.52,-9.76,-102.48,136.64
-9.76,-24.4,-14.64,19.52,0,-19.52,39.04,102.48,-19.52,-9.76,-97.6,131.76
-4.88,-24.4,-19.52,14.64,4.88,-24.4,39.04,102.48,-19.52,-4.88,-97.6,131.76
-39.04,-14.64,24.4,29.28,-34.16,4.88,48.8,112.24,-9.76,9.76,-97.6,141.52
-39.04,-14.64,24.4,29.28,-34.16,4.88,53.68,122,-4.88,14.64,-87.84,146.4
-19.52,-14.64,4.88,19.52,-14.64,-4.88,53.68,131.76,4.88,14.64,-87.84,146.4
-9.76,-4.88,4.88,9.76,-9.76,0,53.68,136.64,9.76,14.64,-92.72,151.28
-19.52,-4.88,14.64,14.64,-19.52,4.88,39.04,136.64,9.76,4.88,-82.96,156.16
-24.4,-14.64,9.76,19.52,-19.52,-4.88,39.04,136.64,14.64,14.64,-78.08,161.04
-34.16,-14.64,19.52,24.4,-29.28,0,43.92,136.64,14.64,19.52,-73.2,161.04
-34.16,-14.64,19.52,24.4,-29.28,0,43.92,136.64,14.64,19.52,-68.32,165.92
-19.52,0,19.52,9.76,-19.52,9.76,39.04,146.4,24.4,39.04,-63.44,161.04
-14.64,9.76,24.4,4.88,-19.52,14.64,39.04,156.16,34.16,43.92,-58.56,165.92
-9.76,24.4,34.16,-4.88,-24.4,29.28,43.92,170.8,39.04,48.8,-43.92,175.68
4.88,39.04,34.16,-19.52,-14.64,34.16,43.92,180.56,43.92,53.68,-39.04,185.44
14.64,39.04,24.4,-24.4,-4.88,29.28,48.8,175.68,43.92,58.56,-29.28,180.56
9.76,39.04,29.28,-24.4,-9.76,34.16,48.8,180.56,48.8,58.56,-24.4,175.68
9.76,43.92,34.16,-24.4,-14.64,39.04,48.8,190.32,58.56,68.32,-14.64,170.8
19.52,48.8,29.28,-34.16,-4.88,39.04,48.8,195.2,63.44,73.2,-9.76,175.68
29.28,53.68,24.4,-39.04,0,39.04,48.8,204.96,58.56,68.32,-9.76,165.92
29.28,53.68,24.4,-39.04,0,39.04,48.8,219.6,63.44,73.2,-14.64,165.92
29.28,53.68,24.4,-39.04,0,39.04,48.8,224.48,78.08,87.84,0,170.8
29.28,58.56,29.28,-43.92,0,43.92,48.8,229.36,82.96,87.84,-4.88,180.56
29.28,58.56,29.28,-43.92,0,43.92,43.92,239.12,92.72,97.6,4.88,180.56
43.92,68.32,24.4,-53.68,9.76,43.92,43.92,244,97.6,107.36,19.52,185.44
43.92,73.2,29.28,-58.56,4.88,48.8,43.92,258.64,107.36,112.24,19.52,190.32
39.04,68.32,29.28,-53.68,4.88,48.8,43.92,268.4,112.24,122,24.4,195.2
48.8,87.84,39.04,-68.32,4.88,63.44,48.8,273.28,131.76,131.76,34.16,204.96
53.68,97.6,43.92,-73.2,4.88,68.32,48.8,283.04,136.64,146.4,48.8,214.72
63.44,112.24,48.8,-87.84,4.88,78.08,43.92,283.04,141.52,156.16,68.32,229.36
78.08,136.64,58.56,-107.36,9.76,97.6,43.92,292.8,151.28,170.8,82.96,239.12
82.96,131.76,48.8,-107.36,14.64,87.84,43.92,312.32,165.92,175.68,87.84,239.12
82.96,126.88,43.92,-102.48,19.52,82.96,34.16,317.2,175.68,180.56,92.72,244
82.96,122,39.04,-102.48,19.52,78.08,29.28,322.08,175.68,195.2,97.6,253.76
82.96,136.64,53.68,-107.36,14.64,92.72,29.28,326.96,185.44,200.08,107.36,258.64
97.6,146.4,48.8,-122,24.4,97.6,29.28,317.2,200.08,214.72,117.12,258.64
107.36,161.04,53.68,-131.76,24.4,107.36,29.28,326.96,204.96,219.6,117.12,263.52
107.36,170.8,63.44,-136.64,19.52,117.12,29.28,341.6,214.72,229.36,122,268.4
107.36,180.56,73.2,-141.52,14.64,126.88,29.28,341.6,214.72,234.24,131.76,278.16
92.72,170.8,78.08,-131.76,4.88,122,29.28,351.36,214.72,244,141.52,283.04
97.6,175.68,78.08,-136.64,9.76,126.88,29.28,356.24,219.6,248.88,146.4,297.68
92.72,180.56,87.84,-136.64,0,131.76,34.16,356.24,219.6,248.88,156.16,312.32
87.84,185.44,97.6,-136.64,-4.88,141.52,39.04,356.24,219.6,248.88,165.92,326.96
68.32,180.56,112.24,-122,-24.4,146.4,39.04,361.12,214.72,239.12,156.16,312.32
68.32,175.68,107.36,-122,-19.52,141.52,29.28,356.24,214.72,244,151.28,312.32
68.32,180.56,112.24,-122,-24.4,146.4,9.76,336.72,214.72,248.88,146.4,307.44
68.32,175.68,107.36,-122,-19.52,141.52,0,331.84,214.72,248.88,146.4,302.56
87.84,190.32,102.48,-136.64,-9.76,146.4,9.76,341.6,224.48,263.52,165.92,317.2
97.6,200.08,102.48,-146.4,-4.88,151.28,9.76,341.6,224.48,263.52,170.8,317.2
112.24,209.84,97.6,-161.04,4.88,151.28,4.88,341.6,224.48,263.52,170.8,317.2
122,219.6,97.6,-170.8,9.76,156.16,0,331.84,214.72,263.52,170.8,322.08
117.12,214.72,97.6,-165.92,9.76,156.16,0,326.96,214.72,268.4,165.92,317.2
117.12,214.72,97.6,-165.92,9.76,156.16,0,322.08,209.84,258.64,156.16,317.2
112.24,209.84,97.6,-161.04,4.88,151.28,-4.88,317.2,204.96,258.64,165.92,312.32
102.48,190.32,87.84,-146.4,4.88,136.64,-4.88,312.32,204.96,263.52,165.92,307.44
92.72,190.32,97.6,-141.52,-4.88,141.52,-4.88,307.44,204.96,258.64,165.92,292.8
92.72,175.68,82.96,-131.76,4.88,126.88,0,307.44,195.2,248.88,161.04,292.8
92.72,175.68,82.96,-131.76,4.88,126.88,0,307.44,195.2,239.12,161.04,292.8
92.72,175.68,82.96,-131.76,4.88,126.88,0,297.68,190.32,234.24,156.16,283.04
78.08,170.8,92.72,-122,-9.76,131.76,0,268.4,170.8,219.6,141.52,278.16
63.44,151.28,87.84,-107.36,-14.64,117.12,0,258.64,161.04,209.84,131.76,268.4
63.44,141.52,78.08,-102.48,-9.76,107.36,0,248.88,151.28,200.08,126.88,253.76
63.44,131.76,68.32,-97.6,-4.88,97.6,4.88,239.12,141.52,190.32,122,248.88
53.68,131.76,78.08,-92.72,-14.64,102.48,-4.88,229.36,131.76,180.56,102.48,229.36
48.8,131.76,82.96,-87.84,-19.52,107.36,0,214.72,126.88,175.68,87.84,219.6
24.4,102.48,78.08,-63.44,-29.28,87.84,0,200.08,117.12,161.04,78.08,204.96
24.4,102.48,78.08,-63.44,-29.28,87.84,4.88,185.44,107.36,151.28,58.56,200.08
34.16,102.48,68.32,-68.32,-19.52,82.96,19.52,175.68,107.36,141.52,63.44,209.84
34.16,92.72,58.56,-63.44,-14.64,73.2,19.52,161.04,87.84,126.88,58.56,200.08
19.52,73.2,53.68,-43.92,-19.52,63.44,19.52,146.4,73.2,107.36,48.8,190.32
19.52,58.56,39.04,-39.04,-9.76,48.8,19.52,136.64,63.44,92.72,39.04,175.68
19.52,43.92,24.4,-29.28,-4.88,34.16,19.52,122,39.04,82.96,29.28,170.8
14.64,39.04,24.4,-24.4,-4.88,29.28,19.52,107.36,24.4,73.2,14.64,156.16
4.88,39.04,34.16,-19.52,-14.64,34.16,9.76,82.96,9.76,63.44,-4.88,146.4
0,14.64,14.64,-4.88,-9.76,14.64,9.76,63.44,0,48.8,-19.52,141.52
-14.64,19.52,34.16,0,-24.4,24.4,9.76,58.56,-4.88,39.04,-24.4,141.52
-19.52,39.04,58.56,-9.76,-39.04,48.8,14.64,53.68,-14.64,29.28,-29.28,136.64
-24.4,24.4,48.8,0,-39.04,34.16,14.64,39.04,-24.4,19.52,-34.16,126.88
-34.16,14.64,48.8,9.76,-43.92,29.28,14.64,24.4,-34.16,4.88,-34.16,112.24
-24.4,14.64,39.04,4.88,-34.16,24.4,19.52,19.52,-34.16,-4.88,-43.92,122
-19.52,14.64,34.16,4.88,-29.28,24.4,19.52,14.64,-43.92,-4.88,-43.92,122
-14.64,14.64,29.28,0,-24.4,19.52,19.52,9.76,-53.68,-9.76,-48.8,122
-9.76,9.76,19.52,0,-14.64,14.64,19.52,-4.88,-58.56,-9.76,-63.44,117.12
-29.28,-14.64,14.64,24.4,-24.4,0,9.76,-19.52,-73.2,-34.16,-82.96,107.36
-39.04,-24.4,14.64,34.16,-29.28,-4.88,4.88,-34.16,-82.96,-43.92,-92.72,97.6
-53.68,-24.4,29.28,39.04,-43.92,0,4.88,-48.8,-97.6,-48.8,-92.72,92.72
-58.56,-24.4,34.16,43.92,-48.8,4.88,9.76,-53.68,-102.48,-53.68,-97.6,82.96
-43.92,-19.52,24.4,34.16,-34.16,0,19.52,-58.56,-92.72,-53.68,-87.84,87.84
-34.16,-24.4,9.76,29.28,-24.4,-9.76,14.64,-58.56,-92.72,-58.56,-82.96,82.96
-29.28,-19.52,9.76,24.4,-19.52,-4.88,14.64,-68.32,-97.6,-53.68,-82.96,82.96
-34.16,-24.4,9.76,29.28,-24.4,-9.76,14.64,-68.32,-102.48,-53.68,-87.84,78.08
-34.16,-24.4,9.76,29.28,-24.4,-9.76,14.64,-63.44,-97.6,-43.92,-82.96,82.96
-34.16,-24.4,9.76,29.28,-24.4,-9.76,9.76,-68.32,-102.48,-43.92,-87.84,73.2
-34.16,-29.28,4.88,34.16,-19.52,-14.64,9.76,-68.32,-102.48,-43.92,-92.72,73.2
-34.16,-29.28,4.88,34.16,-19.52,-14.64,4.88,-68.32,-107.36,-53.68,-92.72,68.32
-39.04,-39.04,0,39.04,-19.52,-19.52,-4.88,-73.2,-117.12,-73.2,-102.48,63.44
-43.92,-43.92,0,43.92,-24.4,-24.4,-4.88,-78.08,-122,-68.32,-102.48,63.44
-53.68,-43.92,9.76,48.8,-34.16,-19.52,-4.88,-87.84,-126.88,-73.2,-102.48,63.44
-58.56,-53.68,4.88,58.56,-34.16,-24.4,-4.88,-102.48,-131.76,-78.08,-102.48,63.44
-48.8,-43.92,4.88,48.8,-29.28,-19.52,4.88,-92.72,-131.76,-68.32,-107.36,58.56
-43.92,-34.16,9.76,39.04,-29.28,-14.64,4.88,-82.96,-131.76,-68.32,-97.6,53.68
-29.28,-19.52,9.76,24.4,-19.52,-4.88,4.88,-82.96,-131.76,-68.32,-107.36,48.8
-24.4,-29.28,-4.88,29.28,-9.76,-19.52,4.88,-87.84,-131.76,-58.56,-107.36,43.92
-34.16,-48.8,-14.64,43.92,-9.76,-34.16,-4.88,-87.84,-122,-68.32,-102.48,43.92
-34.16,-39.04,-4.88,39.04,-14.64,-24.4,-4.88,-92.72,-122,-68.32,-102.48,43.92
-39.04,-43.92,-4.88,43.92,-19.52,-24.4,-4.88,-92.72,-126.88,-78.08,-102.48,43.92
-43.92,-58.56,-14.64,53.68,-14.64,-39.04,-9.76,-92.72,-126.88,-78.08,-97.6,48.8
-34.16,-48.8,-14.64,43.92,-9.76,-34.16,-9.76,-92.72,-131.76,-68.32,-97.6,43.92
-34.16,-39.04,-4.88,39.04,-14.64,-24.4,-9.76,-102.48,-131.76,-68.32,-102.48,43.92
-34.16,-53.68,-19.52,43.92,-9.76,-39.04,-19.52,-107.36,-146.4,-73.2,-107.36,34.16
-39.04,-53.68,-14.64,48.8,-14.64,-34.16,-19.52,-107.36,-146.4,-82.96,-107.36,34.16
-53.68,-53.68,0,53.68,-29.28,-29.28,-14.64,-102.48,-146.4,-82.96,-97.6,34.16
-53.68,-53.68,0,53.68,-29.28,-29.28,-9.76,-97.6,-146.4,-78.08,-97.6,29.28
-58.56,-58.56,0,58.56,-29.28,-29.28,-9.76,-97.6,-146.4,-78.08,-97.6,24.4
-63.44,-58.56,4.88,63.44,-34.16,-29.28,-9.76,-97.6,-146.4,-78.08,-97.6,24.4
-53.68,-63.44,-9.76,58.56,-24.4,-39.04,-19.52,-107.36,-141.52,-82.96,-107.36,19.52
-53.68,-63.44,-9.76,58.56,-24.4,-39.04,-19.52,-107.36,-136.64,-82.96,-107.36,24.4
-53.68,-63.44,-9.76,58.56,-24.4,-39.04,-19.52,-117.12,-136.64,-92.72,-112.24,24.4
-53.68,-63.44,-9.76,58.56,-24.4,-39.04,-19.52,-117.12,-141.52,-92.72,-112.24,24.4
-43.92,-53.68,-9.76,48.8,-19.52,-34.16,-29.28,-117.12,-141.52,-92.72,-122,24.4
-58.56,-73.2,-14.64,68.32,-24.4,-43.92,-29.28,-117.12,-151.28,-92.72,-122,24.4
-58.56,-78.08,-19.52,68.32,-19.52,-48.8,-29.28,-117.12,-151.28,-87.84,-117.12,29.28
-53.68,-82.96,-29.28,68.32,-14.64,-58.56,-29.28,-117.12,-146.4,-87.84,-117.12,29.28
-53.68,-73.2,-19.52,63.44,-19.52,-48.8,-24.4,-107.36,-146.4,-87.84,-117.12,24.4
-48.8,-68.32,-19.52,58.56,-14.64,-43.92,-24.4,-102.48,-151.28,-87.84,-117.12,24.4
-43.92,-68.32,-24.4,58.56,-9.76,-48.8,-24.4,-102.48,-151.28,-92.72,-122,14.64
-39.04,-73.2,-34.16,58.56,-4.88,-53.68,-24.4,-102.48,-146.4,-92.72,-122,14.64
-43.92,-82.96,-39.04,63.44,-4.88,-63.44,-24.4,-112.24,-146.4,-92.72,-112.24,29.28
-48.8,-82.96,-34.16,68.32,-9.76,-58.56,-24.4,-112.24,-146.4,-92.72,-117.12,29.28
-63.44,-78.08,-14.64,73.2,-24.4,-48.8,-24.4,-112.24,-146.4,-92.72,-117.12,29.28
-68.32,-78.08,-9.76,73.2,-29.28,-43.92,-24.4,-112.24,-146.4,-92.72,-117.12,34.16
-68.32,-78.08,-9.76,73.2,-29.28,-43.92,-14.64,-107.36,-146.4,-82.96,-102.48,29.28
-73.2,-73.2,0,73.2,-39.04,-39.04,-14.64,-107.36,-141.52,-82.96,-102.48,29.28
-82.96,-73.2,9.76,78.08,-48.8,-34.16,-14.64,-102.48,-136.64,-82.96,-102.48,24.4
-87.84,-78.08,9.76,82.96,-48.8,-34.16,-14.64,-102.48,-126.88,-82.96,-97.6,24.4
-82.96,-73.2,9.76,78.08,-48.8,-34.16,-29.28,-107.36,-131.76,-82.96,-92.72,14.64
-78.08,-73.2,4.88,78.08,-43.92,-34.16,-29.28,-107.36,-136.64,-82.96,-97.6,0
-68.32,-68.32,0,68.32,-34.16,-34.16,-29.28,-112.24,-141.52,-87.84,-102.48,-9.76
-53.68,-68.32,-14.64,63.44,-19.52,-43.92,-29.28,-112.24,-146.4,-87.84,-107.36,-14.64
-53.68,-73.2,-19.52,63.44,-19.52,-48.8,-19.52,-112.24,-136.64,-87.84,-102.48,-19.52
-48.8,-73.2,-24.4,63.44,-14.64,-48.8,-19.52,-112.24,-131.76,-82.96,-102.48,-24.4
-53.68,-58.56,-4.88,58.56,-24.4,-34.16,-9.76,-102.48,-126.88,-73.2,-102.48,-29.28
-48.8,-58.56,-9.76,53.68,-19.52,-34.16,-9.76,-97.6,-126.88,-68.32,-97.6,-29.28
-58.56,-58.56,0,58.56,-29.28,-29.28,-14.64,-92.72,-112.24,-68.32,-92.72,-29.28
-58.56,-58.56,0,58.56,-29.28,-29.28,-14.64,-87.84,-112.24,-68.32,-92.72,-39.04
-48.8,-53.68,-4.88,53.68,-24.4,-29.28,-14.64,-87.84,-112.24,-68.32,-92.72,-39.04
-48.8,-48.8,0,48.8,-24.4,-24.4,-9.76,-87.84,-107.36,-68.32,-87.84,-43.92
-39.04,-58.56,-19.52,48.8,-9.76,-39.04,-19.52,-102.48,-117.12,-78.08,-97.6,-53.68
-29.28,-58.56,-29.28,43.92,0,-43.92,-24.4,-102.48,-122,-68.32,-97.6,-53.68
-43.92,-63.44,-19.52,53.68,-14.64,-43.92,-24.4,-102.48,-126.88,-68.32,-102.48,-53.68
-43.92,-63.44,-19.52,53.68,-14.64,-43.92,-24.4,-97.6,-126.88,-73.2,-107.36,-53.68
-39.04,-43.92,-4.88,43.92,-19.52,-24.4,-14.64,-87.84,-117.12,-63.44,-102.48,-58.56
-39.04,-39.04,0,39.04,-19.52,-19.52,-14.64,-82.96,-112.24,-58.56,-97.6,-53.68
-39.04,-43.92,-4.88,43.92,-19.52,-24.4,-14.64,-82.96,-107.36,-58.56,-92.72,-53.68
-39.04,-29.28,9.76,34.16,-24.4,-9.76,-14.64,-82.96,-102.48,-58.56,-87.84,-53.68
-29.28,-19.52,9.76,24.4,-19.52,-4.88,-14.64,-82.96,-102.48,-58.56,-87.84,-63.44
-24.4,-19.52,4.88,24.4,-14.64,-9.76,-14.64,-82.96,-102.48,-53.68,-87.84,-68.32
-19.52,-14.64,4.88,19.52,-14.64,-4.88,-14.64,-82.96,-107.36,-53.68,-92.72,-68.32
-14.64,-14.64,0,14.64,-9.76,-9.76,-14.64,-82.96,-112.24,-58.56,-92.72,-68.32
-24.4,-34.16,-9.76,29.28,-9.76,-24.4,-14.64,-78.08,-107.36,-53.68,-82.96,-78.08
-39.04,-34.16,4.88,39.04,-24.4,-14.64,-14.64,-78.08,-107.36,-53.68,-73.2,-78.08
-39.04,-34.16,4.88,39.04,-24.4,-14.64,-14.64,-73.2,-107.36,-43.92,-73.2,-73.2
-19.52,-19.52,0,19.52,-9.76,-9.76,-14.64,-73.2,-97.6,-34.16,-73.2,-73.2
-24.4,-29.28,-4.88,29.28,-9.76,-19.52,-24.4,-73.2,-102.48,-43.92,-73.2,-63.44
-29.28,-19.52,9.76,24.4,-19.52,-4.88,-19.52,-68.32,-102.48,-39.04,-68.32,-68.32
-29.28,-19.52,9.76,24.4,-19.52,-4.88,-19.52,-68.32,-97.6,-29.28,-68.32,-73.2
-34.16,-24.4,9.76,29.28,-24.4,-9.76,-19.52,-63.44,-97.6,-39.04,-68.32,-73.2
-34.16,-24.4,9.76,29.28,-24.4,-9.76,-9.76,-63.44,-97.6,-48.8,-63.44,-82.96
-29.28,-24.4,4.88,29.28,-19.52,-9.76,-9.76,-63.44,-97.6,-48.8,-63.44,-82.96
-24.4,-19.52,4.88,24.4,-14.64,-9.76,-9.76,-63.44,-97.6,-43.92,-58.56,-82.96
-19.52,-19.52,0,19.52,-9.76,-9.76,-9.76,-68.32,-102.48,-43.92,-58.56,-78.08
-29.28,-29.28,0,29.28,-14.64,-14.64,-14.64,-68.32,-112.24,-43.92,-58.56,-78.08
-29.28,-29.28,0,29.28,-14.64,-14.64,-19.52,-68.32,-112.24,-43.92,-58.56,-82.96
-29.28,-29.28,0,29.28,-14.64,-14.64,-24.4,-68.32,-107.36,-43.92,-63.44,-87.84
-39.04,-29.28,9.76,34.16,-24.4,-9.76,-29.28,-73.2,-107.36,-43.92,-73.2,-92.72
-39.04,-19.52,19.52,29.28,-29.28,0,-19.52,-63.44,-107.36,-43.92,-63.44,-97.6
-39.04,-29.28,9.76,34.16,-24.4,-9.76,-19.52,-63.44,-107.36,-43.92,-58.56,-102.48
-39.04,-29.28,9.76,34.16,-24.4,-9.76,-19.52,-63.44,-107.36,-39.04,-58.56,-102.48
-34.16,-34.16,0,34.16,-19.52,-19.52,-14.64,-58.56,-102.48,-39.04,-58.56,-97.6
-39.04,-43.92,-4.88,43.92,-19.52,-24.4,-24.4,-58.56,-92.72,-34.16,-58.56,-87.84
-43.92,-43.92,0,43.92,-24.4,-24.4,-24.4,-58.56,-92.72,-39.04,-63.44,-92.72
-43.92,-34.16,9.76,39.04,-29.28,-14.64,-24.4,-58.56,-92.72,-39.04,-63.44,-92.72
-48.8,-24.4,24.4,39.04,-39.04,0,-24.4,-58.56,-92.72,-29.28,-58.56,-92.72
-48.8,-43.92,4.88,48.8,-29.28,-19.52,-24.4,-68.32,-102.48,-19.52,-53.68,-102.48
-48.8,-43.92,4.88,48.8,-29.28,-19.52,-24.4,-73.2,-102.48,-24.4,-53.68,-97.6
-39.04,-34.16,4.88,39.04,-24.4,-14.64,-29.28,-73.2,-107.36,-24.4,-53.68,-97.6
-39.04,-29.28,9.76,34.16,-24.4,-9.76,-29.28,-73.2,-112.24,-24.4,-53.68,-97.6
-58.56,-29.28,29.28,43.92,-43.92,0,-29.28,-78.08,-112.24,-43.92,-68.32,-107.36
-73.2,-29.28,43.92,53.68,-58.56,4.88,-29.28,-82.96,-112.24,-43.92,-68.32,-107.36
-63.44,-39.04,24.4,53.68,-43.92,-9.76,-29.28,-82.96,-112.24,-43.92,-73.2,-107.36
-48.8,-29.28,19.52,39.04,-34.16,-4.88,-29.28,-78.08,-112.24,-43.92,-73.2,-107.36
-48.8,-39.04,9.76,43.92,-29.28,-14.64,-29.28,-78.08,-112.24,-48.8,-92.72,-117.12
-58.56,-53.68,4.88,58.56,-34.16,-24.4,-29.28,-87.84,-117.12,-48.8,-82.96,-112.24
-58.56,-53.68,4.88,58.56,-34.16,-24.4,-29.28,-87.84,-117.12,-39.04,-78.08,-112.24
-34.16,-39.04,-4.88,39.04,-14.64,-24.4,-29.28,-87.84,-117.12,-34.16,-78.08,-117.12
-29.28,-24.4,4.88,29.28,-19.52,-9.76,-24.4,-87.84,-117.12,-24.4,-63.44,-112.24
-24.4,-19.52,4.88,24.4,-14.64,-9.76,-24.4,-87.84,-117.12,-24.4,-63.44,-107.36
-39.04,-19.52,19.52,29.28,-29.28,0,-34.16,-92.72,-117.12,-39.04,-78.08,-102.48
-24.4,-14.64,9.76,19.52,-19.52,-4.88,-34.16,-92.72,-107.36,-43.92,-78.08,-112.24
-14.64,-4.88,9.76,9.76,-14.64,0,-34.16,-87.84,-107.36,-39.04,-68.32,-102.48
-19.52,-14.64,4.88,19.52,-14.64,-4.88,-34.16,-87.84,-107.36,-39.04,-73.2,-107.36
-29.28,-24.4,4.88,29.28,-19.52,-9.76,-34.16,-82.96,-112.24,-43.92,-73.2,-107.36
-29.28,-29.28,0,29.28,-14.64,-14.64,-34.16,-78.08,-112.24,-29.28,-68.32,-102.48
-34.16,-29.28,4.88,34.16,-19.52,-14.64,-34.16,-82.96,-122,-39.04,-78.08,-97.6
-34.16,-24.4,9.76,29.28,-24.4,-9.76,-29.28,-87.84,-122,-39.04,-78.08,-97.6
-39.04,-24.4,14.64,34.16,-29.28,-4.88,-29.28,-92.72,-126.88,-43.92,-78.08,-97.6
-43.92,-24.4,19.52,34.16,-34.16,-4.88,-29.28,-97.6,-126.88,-48.8,-78.08,-107.36
-34.16,-24.4,9.76,29.28,-24.4,-9.76,-29.28,-87.84,-117.12,-43.92,-78.08,-107.36
-24.4,-24.4,0,24.4,-14.64,-14.64,-29.28,-87.84,-122,-53.68,-87.84,-102.48
-24.4,-19.52,4.88,24.4,-14.64,-9.76,-29.28,-97.6,-122,-53.68,-87.84,-97.6
-24.4,-19.52,4.88,24.4,-14.64,-9.76,-29.28,-97.6,-122,-53.68,-82.96,-92.72
-34.16,-24.4,9.76,29.28,-24.4,-9.76,-19.52,-87.84,-112.24,-43.92,-68.32,-82.96
-34.16,-29.28,4.88,34.16,-19.52,-14.64,-24.4,-87.84,-112.24,-39.04,-68.32,-78.08
-34.16,-29.28,4.88,34.16,-19.52,-14.64,-24.4,-87.84,-112.24,-39.04,-63.44,-78.08
-34.16,-24.4,9.76,29.28,-24.4,-9.76,-24.4,-87.84,-112.24,-39.04,-63.44,-78.08
-34.16,-24.4,9.76,29.28,-24.4,-9.76,-34.16,-97.6,-126.88,-39.04,-63.44,-73.2
-34.16,-29.28,4.88,34.16,-19.52,-14.64,-34.16,-97.6,-126.88,-48.8,-68.32,-78.08
-34.16,-29.28,4.88,34.16,-19.52,-14.64,-34.16,-92.72,-126.88,-48.8,-68.32,-78.08
-34.16,-19.52,14.64,29.28,-24.4,-4.88,-34.16,-92.72,-131.76,-48.8,-68.32,-78.08
-39.04,-29.28,9.76,34.16,-24.4,-9.76,-34.16,-97.6,-122,-39.04,-78.08,-87.84
-39.04,-29.28,9.76,34.16,-24.4,-9.76,-34.16,-102.48,-122,-39.04,-87.84,-97.6
-34.16,-24.4,9.76,29.28,-24.4,-9.76,-34.16,-102.48,-117.12,-43.92,-82.96,-102.48
-24.4,-14.64,9.76,19.52,-19.52,-4.88,-34.16,-102.48,-117.12,-43.92,-68.32,-102.48
-34.16,-29.28,4.88,34.16,-19.52,-14.64,-43.92,-112.24,-131.76,-43.92,-73.2,-107.36
-39.04,-29.28,9.76,34.16,-24.4,-9.76,-43.92,-107.36,-136.64,-48.8,-78.08,-112.24
-24.4,-19.52,4.88,24.4,-14.64,-9.76,-43.92,-107.36,-136.64,-53.68,-73.2,-112.24
-19.52,-29.28,-9.76,24.4,-4.88,-19.52,-43.92,-107.36,-136.64,-58.56,-78.08,-112.24
-34.16,-48.8,-14.64,43.92,-9.76,-34.16,-34.16,-107.36,-136.64,-48.8,-73.2,-112.24
-34.16,-39.04,-4.88,39.04,-14.64,-24.4,-34.16,-107.36,-131.76,-39.04,-73.2,-117.12
-19.52,-39.04,-19.52,29.28,0,-29.28,-34.16,-102.48,-112.24,-48.8,-82.96,-117.12
-19.52,-34.16,-14.64,29.28,-4.88,-24.4,-34.16,-97.6,-107.36,-48.8,-82.96,-117.12
-14.64,-14.64,0,14.64,-9.76,-9.76,-34.16,-97.6,-122,-48.8,-73.2,-112.24
-9.76,-9.76,0,9.76,-4.88,-4.88,-34.16,-102.48,-126.88,-53.68,-73.2,-117.12
-4.88,-19.52,-14.64,14.64,4.88,-19.52,-34.16,-102.48,-126.88,-53.68,-73.2,-117.12
-9.76,-24.4,-14.64,19.52,0,-19.52,-39.04,-97.6,-126.88,-48.8,-73.2,-112.24
-14.64,-4.88,9.76,9.76,-14.64,0,-39.04,-107.36,-136.64,-48.8,-73.2,-126.88
-9.76,-9.76,0,9.76,-4.88,-4.88,-39.04,-107.36,-136.64,-48.8,-73.2,-131.76
-14.64,-14.64,0,14.64,-9.76,-9.76,-34.16,-107.36,-131.76,-48.8,-73.2,-136.64
-24.4,-19.52,4.88,24.4,-14.64,-9.76,-34.16,-107.36,-131.76,-48.8,-73.2,-141.52
-29.28,-34.16,-4.88,34.16,-14.64,-19.52,-43.92,-112.24,-131.76,-39.04,-73.2,-141.52
-39.04,-39.04,0,39.04,-19.52,-19.52,-43.92,-112.24,-131.76,-43.92,-68.32,-136.64
-43.92,-39.04,4.88,43.92,-24.4,-19.52,-43.92,-112.24,-131.76,-48.8,-68.32,-131.76
-48.8,-43.92,4.88,48.8,-29.28,-19.52,-43.92,-117.12,-136.64,-48.8,-68.32,-131.76
-39.04,-34.16,4.88,39.04,-24.4,-14.64,-43.92,-107.36,-141.52,-58.56,-78.08,-131.76
-39.04,-29.28,9.76,34.16,-24.4,-9.76,-43.92,-107.36,-141.52,-58.56,-78.08,-131.76
-29.28,-29.28,0,29.28,-14.64,-14.64,-43.92,-102.48,-136.64,-53.68,-78.08,-131.76
-24.4,-29.28,-4.88,29.28,-9.76,-19.52,-43.92,-102.48,-122,-48.8,-78.08,-136.64
-34.16,-19.52,14.64,29.28,-24.4,-4.88,-39.04,-112.24,-122,-48.8,-68.32,-136.64
-53.68,-24.4,29.28,39.04,-43.92,0,-39.04,-112.24,-122,-48.8,-73.2,-136.64
-53.68,-43.92,9.76,48.8,-34.16,-19.52,-39.04,-117.12,-131.76,-53.68,-78.08,-146.4
-48.8,-34.16,14.64,43.92,-34.16,-9.76,-39.04,-117.12,-136.64,-53.68,-78.08,-146.4
-43.92,-43.92,0,43.92,-24.4,-24.4,-39.04,-122,-141.52,-63.44,-87.84,-141.52
-39.04,-39.04,0,39.04,-19.52,-19.52,-39.04,-122,-141.52,-63.44,-87.84,-141.52
-39.04,-58.56,-19.52,48.8,-9.76,-39.04,-43.92,-117.12,-141.52,-58.56,-87.84,-136.64
-39.04,-48.8,-9.76,43.92,-14.64,-29.28,-43.92,-117.12,-141.52,-58.56,-87.84,-131.76
-53.68,-58.56,-4.88,58.56,-24.4,-34.16,-53.68,-131.76,-161.04,-68.32,-102.48,-136.64
-53.68,-63.44,-9.76,58.56,-24.4,-39.04,-63.44,-131.76,-161.04,-78.08,-107.36,-141.52
-39.04,-63.44,-24.4,53.68,-9.76,-43.92,-63.44,-131.76,-156.16,-68.32,-107.36,-151.28
-48.8,-53.68,-4.88,53.68,-24.4,-29.28,-48.8,-131.76,-156.16,-68.32,-107.36,-156.16
-43.92,-48.8,-4.88,48.8,-19.52,-29.28,-48.8,-122,-146.4,-58.56,-97.6,-151.28
-34.16,-48.8,-14.64,43.92,-9.76,-34.16,-43.92,-117.12,-136.64,-53.68,-97.6,-151.28
-29.28,-34.16,-4.88,34.16,-14.64,-19.52,-43.92,-117.12,-131.76,-53.68,-87.84,-146.4
-19.52,-9.76,9.76,14.64,-14.64,0,-43.92,-112.24,-126.88,-48.8,-78.08,-141.52
-14.64,-14.64,0,14.64,-9.76,-9.76,-34.16,-112.24,-126.88,-48.8,-78.08,-141.52
-14.64,-14.64,0,14.64,-9.76,-9.76,-34.16,-112.24,-126.88,-48.8,-73.2,-141.52
-24.4,-29.28,-4.88,29.28,-9.76,-19.52,-34.16,-107.36,-126.88,-58.56,-68.32,-141.52
-24.4,-39.04,-14.64,34.16,-4.88,-29.28,-43.92,-107.36,-126.88,-43.92,-68.32,-141.52
-14.64,-9.76,4.88,14.64,-9.76,-4.88,-43.92,-107.36,-126.88,-43.92,-78.08,-141.52
-4.88,-4.88,0,4.88,-4.88,-4.88,-43.92,-112.24,-131.76,-48.8,-78.08,-141.52
0,0,0,0,0,0,-48.8,-112.24,-131.76,-48.8,-78.08,-146.4
4.88,-4.88,-9.76,0,4.88,-9.76,-48.8,-112.24,-131.76,-43.92,-78.08,-146.4
0,-9.76,-9.76,4.88,4.88,-9.76,-48.8,-112.24,-131.76,-34.16,-68.32,-156.16
0,-14.64,-14.64,9.76,4.88,-14.64,-43.92,-112.24,-141.52,-43.92,-73.2,-156.16
-9.76,0,9.76,4.88,-9.76,4.88,-43.92,-112.24,-131.76,-43.92,-73.2,-156.16
-9.76,-4.88,4.88,9.76,-9.76,0,-43.92,-107.36,-131.76,-39.04,-73.2,-156.16
-39.04,-24.4,14.64,34.16,-29.28,-4.88,-58.56,-117.12,-136.64,-48.8,-87.84,-156.16
-73.2,-34.16,39.04,53.68,-58.56,0,-53.68,-117.12,-136.64,-53.68,-82.96,-156.16
-68.32,-29.28,39.04,48.8,-53.68,4.88,-48.8,-117.12,-126.88,-39.04,-68.32,-146.4
-53.68,-29.28,24.4,43.92,-39.04,-4.88,-39.04,-117.12,-136.64,-39.04,-68.32,-156.16
-39.04,-29.28,9.76,34.16,-24.4,-9.76,-39.04,-117.12,-136.64,-39.04,-68.32,-156.16
-24.4,-29.28,-4.88,29.28,-9.76,-19.52,-39.04,-117.12,-136.64,-39.04,-68.32,-156.16
-9.76,-29.28,-19.52,19.52,4.88,-24.4,-39.04,-117.12,-136.64,-39.04,-68.32,-156.16
-9.76,-24.4,-14.64,19.52,0,-19.52,-39.04,-117.12,-136.64,-48.8,-78.08,-165.92
-9.76,-24.4,-14.64,19.52,0,-19.52,-43.92,-117.12,-136.64,-48.8,-82.96,-165.92
-9.76,-19.52,-9.76,14.64,0,-14.64,-43.92,-117.12,-136.64,-48.8,-82.96,-175.68
-9.76,-14.64,-4.88,14.64,-4.88,-9.76,-39.04,-117.12,-136.64,-48.8,-82.96,-165.92
-19.52,-14.64,4.88,19.52,-14.64,-4.88,-48.8,-126.88,-131.76,-48.8,-73.2,-165.92
-19.52,-24.4,-4.88,24.4,-9.76,-14.64,-48.8,-126.88,-131.76,-48.8,-73.2,-165.92
-29.28,-24.4,4.88,29.28,-19.52,-9.76,-48.8,-126.88,-136.64,-48.8,-73.2,-165.92
-29.28,-24.4,4.88,29.28,-19.52,-9.76,-48.8,-126.88,-136.64,-48.8,-73.2,-161.04
-19.52,-34.16,-14.64,29.28,-4.88,-24.4,-48.8,-126.88,-146.4,-48.8,-73.2,-161.04
-24.4,-34.16,-9.76,29.28,-9.76,-24.4,-48.8,-131.76,-151.28,-48.8,-73.2,-165.92
-24.4,-39.04,-14.64,34.16,-4.88,-29.28,-48.8,-131.76,-151.28,-53.68,-73.2,-165.92
-24.4,-39.04,-14.64,34.16,-4.88,-29.28,-53.68,-136.64,-151.28,-58.56,-73.2,-170.8
-19.52,-24.4,-4.88,24.4,-9.76,-14.64,-48.8,-126.88,-141.52,-48.8,-73.2,-165.92
-14.64,-19.52,-4.88,19.52,-4.88,-14.64,-48.8,-126.88,-141.52,-48.8,-78.08,-161.04
-9.76,-14.64,-4.88,14.64,-4.88,-9.76,-48.8,-122,-141.52,-48.8,-78.08,-156.16
0,-9.76,-9.76,4.88,4.88,-9.76,-43.92,-122,-141.52,-43.92,-78.08,-151.28
0,-14.64,-14.64,9.76,4.88,-14.64,-53.68,-122,-136.64,-43.92,-68.32,-161.04
-4.88,-14.64,-9.76,9.76,0,-14.64,-53.68,-117.12,-136.64,-39.04,-68.32,-161.04
-9.76,-14.64,-4.88,14.64,-4.88,-9.76,-53.68,-117.12,-136.64,-39.04,-63.44,-161.04
-14.64,-14.64,0,14.64,-9.76,-9.76,-48.8,-117.12,-136.64,-39.04,-63.44,-161.04
-14.64,-24.4,-9.76,19.52,-4.88,-19.52,-39.04,-107.36,-136.64,-39.04,-63.44,-161.04
-19.52,-19.52,0,19.52,-9.76,-9.76,-43.92,-107.36,-136.64,-39.04,-63.44,-161.04
-24.4,-14.64,9.76,19.52,-19.52,-4.88,-43.92,-107.36,-136.64,-39.04,-63.44,-161.04
-29.28,-14.64,14.64,24.4,-24.4,0,-39.04,-102.48,-131.76,-39.04,-58.56,-161.04
-24.4,-9.76,14.64,19.52,-19.52,0,-43.92,-107.36,-131.76,-43.92,-63.44,-170.8
-9.76,-9.76,0,9.76,-4.88,-4.88,-48.8,-112.24,-131.76,-43.92,-63.44,-165.92
-4.88,-9.76,-4.88,9.76,0,-9.76,-53.68,-117.12,-126.88,-43.92,-68.32,-165.92
0,-9.76,-9.76,4.88,4.88,-9.76,-58.56,-122,-126.88,-39.04,-68.32,-165.92
-14.64,-14.64,0,14.64,-9.76,-9.76,-58.56,-107.36,-136.64,-29.28,-58.56,-156.16
-19.52,-4.88,14.64,14.64,-19.52,4.88,-53.68,-107.36,-136.64,-29.28,-58.56,-156.16
-19.52,0,19.52,9.76,-19.52,9.76,-43.92,-97.6,-126.88,-19.52,-43.92,-146.4
-14.64,19.52,34.16,0,-24.4,24.4,-29.28,-82.96,-112.24,-4.88,-39.04,-146.4
-9.76,39.04,48.8,-14.64,-29.28,43.92,-29.28,-82.96,-107.36,-9.76,-43.92,-156.16
-9.76,43.92,53.68,-14.64,-34.16,48.8,-14.64,-68.32,-97.6,0,-34.16,-146.4
-14.64,48.8,63.44,-14.64,-39.04,53.68,-9.76,-68.32,-92.72,4.88,-24.4,-136.64
-19.52,43.92,63.44,-9.76,-43.92,53.68,-9.76,-68.32,-92.72,4.88,-24.4,-136.64
-19.52,53.68,73.2,-14.64,-48.8,63.44,-9.76,-68.32,-82.96,14.64,-14.64,-146.4
-9.76,68.32,78.08,-29.28,-43.92,73.2,-4.88,-63.44,-82.96,14.64,-14.64,-141.52
-9.76,73.2,82.96,-29.28,-48.8,78.08,-4.88,-63.44,-78.08,14.64,-14.64,-141.52
-9.76,68.32,78.08,-29.28,-43.92,73.2,-4.88,-63.44,-78.08,14.64,-14.64,-141.52
0,73.2,73.2,-34.16,-39.04,73.2,-4.88,-63.44,-97.6,14.64,-14.64,-141.52
4.88,78.08,73.2,-39.04,-34.16,73.2,-4.88,-68.32,-102.48,4.88,-24.4,-146.4
9.76,78.08,68.32,-43.92,-29.28,73.2,-14.64,-73.2,-102.48,4.88,-24.4,-146.4
19.52,82.96,63.44,-48.8,-24.4,73.2,-19.52,-73.2,-102.48,9.76,-19.52,-146.4
9.76,73.2,63.44,-39.04,-29.28,68.32,-29.28,-82.96,-102.48,9.76,-19.52,-146.4
9.76,53.68,43.92,-29.28,-19.52,48.8,-39.04,-82.96,-102.48,9.76,-24.4,-151.28
9.76,48.8,39.04,-29.28,-14.64,43.92,-48.8,-82.96,-102.48,9.76,-24.4,-151.28
9.76,43.92,34.16,-24.4,-14.64,39.04,-63.44,-78.08,-102.48,9.76,-24.4,-141.52
29.28,53.68,24.4,-39.04,0,39.04,-58.56,-78.08,-92.72,19.52,-24.4,-141.52
34.16,43.92,9.76,-39.04,9.76,24.4,-68.32,-87.84,-102.48,9.76,-24.4,-146.4
34.16,29.28,-4.88,-29.28,19.52,9.76,-78.08,-92.72,-112.24,4.88,-29.28,-151.28
29.28,24.4,-4.88,-24.4,14.64,9.76,-78.08,-97.6,-117.12,4.88,-34.16,-156.16
14.64,14.64,0,-14.64,4.88,4.88,-73.2,-97.6,-117.12,-4.88,-34.16,-156.16
-4.88,14.64,19.52,-4.88,-14.64,14.64,-58.56,-97.6,-112.24,-4.88,-29.28,-161.04
-14.64,9.76,24.4,4.88,-19.52,14.64,-58.56,-97.6,-112.24,-4.88,-29.28,-161.04
-29.28,0,29.28,14.64,-29.28,14.64,-58.56,-97.6,-117.12,-9.76,-39.04,-165.92
-24.4,4.88,29.28,9.76,-29.28,14.64,-58.56,-97.6,-126.88,-9.76,-48.8,-156.16
-24.4,0,24.4,14.64,-24.4,9.76,-58.56,-97.6,-126.88,-14.64,-53.68,-156.16
-24.4,-4.88,19.52,14.64,-24.4,4.88,-58.56,-112.24,-131.76,-24.4,-63.44,-165.92
-19.52,-9.76,9.76,14.64,-14.64,0,-58.56,-112.24,-141.52,-29.28,-63.44,-165.92
-29.28,-24.4,4.88,29.28,-19.52,-9.76,-73.2,-117.12,-151.28,-39.04,-73.2,-170.8
-34.16,-34.16,0,34.16,-19.52,-19.52,-78.08,-122,-165.92,-48.8,-73.2,-170.8
-39.04,-48.8,-9.76,43.92,-14.64,-29.28,-82.96,-126.88,-170.8,-58.56,-82.96,-185.44
-43.92,-63.44,-19.52,53.68,-14.64,-43.92,-82.96,-131.76,-175.68,-58.56,-82.96,-185.44
-43.92,-68.32,-24.4,58.56,-9.76,-48.8,-82.96,-136.64,-170.8,-53.68,-87.84,-185.44
-43.92,-68.32,-24.4,58.56,-9.76,-48.8,-82.96,-136.64,-170.8,-53.68,-92.72,-190.32
-43.92,-68.32,-24.4,58.56,-9.76,-48.8,-78.08,-136.64,-170.8,-53.68,-92.72,-190.32
-43.92,-68.32,-24.4,58.56,-9.76,-48.8,-78.08,-136.64,-170.8,-53.68,-92.72,-190.32
-34.16,-58.56,-24.4,48.8,-4.88,-43.92,-78.08,-136.64,-180.56,-63.44,-92.72,-185.44
-39.04,-63.44,-24.4,53.68,-9.76,-43.92,-82.96,-136.64,-180.56,-63.44,-97.6,-185.44
-48.8,-63.44,-14.64,58.56,-19.52,-39.04,-82.96,-141.52,-180.56,-63.44,-97.6,-180.56
-39.04,-58.56,-19.52,48.8,-9.76,-39.04,-82.96,-141.52,-185.44,-68.32,-97.6,-175.68
-34.16,-58.56,-24.4,48.8,-4.88,-43.92,-82.96,-141.52,-185.44,-68.32,-92.72,-170.8
-29.28,-58.56,-29.28,43.92,0,-43.92,-82.96,-141.52,-185.44,-68.32,-92.72,-170.8
-29.28,-58.56,-29.28,43.92,0,-43.92,-82.96,-141.52,-185.44,-68.32,-92.72,-170.8
-29.28,-63.44,-34.16,48.8,0,-48.8,-82.96,-141.52,-185.44,-68.32,-92.72,-170.8
-29.28,-78.08,-48.8,53.68,9.76,-63.44,-97.6,-151.28,-185.44,-63.44,-107.36,-185.44
-48.8,-78.08,-29.28,63.44,-9.76,-53.68,-97.6,-151.28,-190.32,-63.44,-107.36,-185.44
-48.8,-78.08,-29.28,63.44,-9.76,-53.68,-92.72,-151.28,-190.32,-63.44,-107.36,-185.44
-43.92,-78.08,-34.16,63.44,-4.88,-58.56,-92.72,-151.28,-195.2,-68.32,-107.36,-185.44
-24.4,-58.56,-34.16,43.92,4.88,-48.8,-97.6,-136.64,-185.44,-68.32,-92.72,-185.44
-34.16,-73.2,-39.04,53.68,0,-58.56,-97.6,-136.64,-175.68,-63.44,-82.96,-175.68
-29.28,-53.68,-24.4,43.92,-4.88,-39.04,-92.72,-136.64,-180.56,-63.44,-92.72,-185.44
-39.04,-43.92,-4.88,43.92,-19.52,-24.4,-82.96,-131.76,-190.32,-73.2,-102.48,-195.2
-73.2,-87.84,-14.64,82.96,-29.28,-53.68,-78.08,-126.88,-190.32,-73.2,-102.48,-195.2
-78.08,-107.36,-29.28,92.72,-24.4,-68.32,-63.44,-126.88,-195.2,-78.08,-102.48,-200.08
-68.32,-117.12,-48.8,92.72,-9.76,-82.96,-58.56,-126.88,-204.96,-92.72,-117.12,-214.72
-68.32,-126.88,-58.56,97.6,-4.88,-92.72,-48.8,-112.24,-204.96,-97.6,-117.12,-224.48
-63.44,-141.52,-78.08,102.48,4.88,-112.24,-39.04,-82.96,-200.08,-97.6,-126.88,-234.24
-68.32,-170.8,-102.48,122,14.64,-136.64,-4.88,-34.16,-200.08,-112.24,-151.28,-253.76
-102.48,-190.32,-87.84,146.4,-9.76,-141.52,43.92,43.92,-170.8,-122,-180.56,-287.92
-112.24,-180.56,-68.32,146.4,-24.4,-126.88,107.36,151.28,-117.12,-97.6,-185.44,-297.68
-68.32,-122,-53.68,97.6,-9.76,-87.84,136.64,224.48,-29.28,-24.4,-126.88,-273.28
4.88,-19.52,-24.4,9.76,14.64,-24.4,112.24,302.56,102.48,97.6,-29.28,-209.84
78.08,68.32,-9.76,-73.2,43.92,29.28,48.8,380.64,244,244,87.84,-136.64
97.6,141.52,43.92,-117.12,24.4,92.72,-39.04,400.16,361.12,370.88,195.2,-58.56
117.12,234.24,117.12,-175.68,0,175.68,-92.72,429.44,468.48,492.88,307.44,14.64
195.2,370.88,175.68,-283.04,9.76,273.28,-122,478.24,614.88,653.92,439.2,97.6
248.88,473.36,224.48,-361.12,9.76,346.48,-175.68,497.76,756.4,824.72,590.48,204.96
263.52,575.84,312.32,-419.68,-24.4,444.08,-239.12,546.56,912.56,995.52,732,317.2
312.32,741.76,429.44,-527.04,-58.56,585.6,-263.52,634.4,1107.76,1210.24,912.56,439.2
424.56,946.72,522.16,-683.2,-48.8,732,-302.56,717.36,1302.96,1424.96,1107.76,580.72
502.64,1068.72,566.08,-785.68,-34.16,814.96,-395.28,702.72,1395.68,1571.36,1244.4,678.32
512.4,1083.36,570.96,-795.44,-29.28,824.72,-458.72,624.64,1361.52,1590.88,1283.44,736.88
502.64,1073.6,570.96,-785.68,-34.16,819.84,-453.84,497.76,1215.12,1493.28,1259.04,761.28
453.84,1000.4,546.56,-727.12,-48.8,771.04,-444.08,292.8,936.96,1298.08,1156.56,736.88
395.28,849.12,453.84,-619.76,-29.28,649.04,-468.48,19.52,561.2,995.52,971.12,663.68
346.48,668.56,322.08,-507.52,9.76,492.88,-502.64,-292.8,180.56,673.44,761.28,561.2
317.2,497.76,180.56,-405.04,68.32,336.72,-556.32,-556.32,-156.16,395.28,570.96,463.6
287.92,326.96,39.04,-307.44,122,180.56,-629.52,-751.52,-453.84,136.64,370.88,351.36
204.96,175.68,-29.28,-190.32,117.12,73.2,-663.68,-888.16,-658.8,-63.44,195.2,239.12
131.76,68.32,-63.44,-97.6,97.6,0,-673.44,-917.44,-727.12,-175.68,82.96,156.16
126.88,14.64,-112.24,-68.32,117.12,-48.8,-702.72,-883.28,-746.64,-239.12,0,68.32
117.12,-24.4,-141.52,-43.92,126.88,-82.96,-727.12,-863.76,-775.92,-307.44,-78.08,-14.64
53.68,-78.08,-131.76,14.64,92.72,-107.36,-697.84,-844.24,-780.8,-356.24,-146.4,-82.96
0,-107.36,-107.36,53.68,53.68,-107.36,-624.64,-756.4,-717.36,-346.48,-175.68,-122
0,-107.36,-107.36,53.68,53.68,-107.36,-546.56,-639.28,-629.52,-302.56,-165.92,-151.28
-4.88,-131.76,-126.88,68.32,58.56,-131.76,-463.6,-536.8,-541.68,-244,-146.4,-156.16
-14.64,-170.8,-156.16,92.72,68.32,-165.92,-395.28,-434.32,-473.36,-214.72,-136.64,-161.04
-19.52,-214.72,-195.2,117.12,87.84,-204.96,-346.48,-366,-434.32,-200.08,-156.16,-195.2
4.88,-204.96,-209.84,102.48,107.36,-209.84,-292.8,-307.44,-400.16,-190.32,-156.16,-209.84
0,-185.44,-185.44,92.72,92.72,-185.44,-234.24,-253.76,-361.12,-161.04,-141.52,-214.72
-39.04,-180.56,-141.52,112.24,48.8,-161.04,-190.32,-195.2,-331.84,-136.64,-122,-234.24
-48.8,-161.04,-112.24,107.36,29.28,-136.64,-165.92,-165.92,-302.56,-122,-117.12,-244
-29.28,-126.88,-97.6,78.08,34.16,-112.24,-141.52,-141.52,-268.4,-97.6,-97.6,-224.48
-29.28,-112.24,-82.96,73.2,24.4,-97.6,-112.24,-112.24,-224.48,-68.32,-73.2,-214.72
-29.28,-117.12,-87.84,73.2,29.28,-102.48,-102.48,-97.6,-195.2,-58.56,-63.44,-204.96
-19.52,-97.6,-78.08,58.56,29.28,-87.84,-102.48,-87.84,-190.32,-53.68,-63.44,-195.2
-19.52,-92.72,-73.2,58.56,24.4,-82.96,-102.48,-87.84,-190.32,-53.68,-53.68,-185.44
-34.16,-87.84,-53.68,63.44,9.76,-73.2,-131.76,-97.6,-204.96,-63.44,-63.44,-195.2
-24.4,-63.44,-39.04,43.92,4.88,-53.68,-122,-97.6,-204.96,-53.68,-63.44,-195.2
-19.52,-58.56,-39.04,39.04,9.76,-48.8,-107.36,-87.84,-195.2,-43.92,-63.44,-204.96
-14.64,-58.56,-43.92,39.04,14.64,-53.68,-102.48,-82.96,-185.44,-39.04,-73.2,-214.72
-9.76,-58.56,-48.8,34.16,19.52,-53.68,-87.84,-68.32,-180.56,-39.04,-73.2,-234.24
-9.76,-63.44,-53.68,39.04,19.52,-58.56,-78.08,-58.56,-175.68,-39.04,-78.08,-239.12
-14.64,-58.56,-43.92,39.04,14.64,-53.68,-78.08,-58.56,-175.68,-39.04,-78.08,-244
-14.64,-53.68,-39.04,34.16,9.76,-48.8,-82.96,-58.56,-175.68,-39.04,-78.08,-244
-14.64,-43.92,-29.28,29.28,4.88,-39.04,-87.84,-58.56,-175.68,-39.04,-78.08,-244
-9.76,-39.04,-29.28,24.4,9.76,-34.16,-92.72,-58.56,-165.92,-34.16,-58.56,-239.12
-9.76,-34.16,-24.4,24.4,4.88,-29.28,-97.6,-58.56,-161.04,-34.16,-48.8,-224.48
-19.52,-48.8,-29.28,34.16,4.88,-39.04,-102.48,-63.44,-161.04,-34.16,-58.56,-224.48
-39.04,-53.68,-14.64,48.8,-14.64,-34.16,-102.48,-63.44,-170.8,-34.16,-58.56,-224.48
-29.28,-53.68,-24.4,43.92,-4.88,-39.04,-97.6,-58.56,-170.8,-34.16,-68.32,-219.6
-29.28,-63.44,-34.16,48.8,0,-48.8,-92.72,-48.8,-161.04,-29.28,-68.32,-219.6
-34.16,-73.2,-39.04,53.68,0,-58.56,-87.84,-39.04,-161.04,-29.28,-68.32,-229.36
-34.16,-73.2,-39.04,53.68,0,-58.56,-87.84,-34.16,-161.04,-29.28,-68.32,-229.36
-43.92,-78.08,-34.16,63.44,-4.88,-58.56,-82.96,-34.16,-161.04,-29.28,-68.32,-229.36
-39.04,-63.44,-24.4,53.68,-9.76,-43.92,-78.08,-34.16,-161.04,-29.28,-63.44,-229.36
-29.28,-48.8,-19.52,39.04,-4.88,-34.16,-73.2,-39.04,-161.04,-29.28,-63.44,-229.36
-19.52,-48.8,-29.28,34.16,4.88,-39.04,-73.2,-39.04,-161.04,-29.28,-58.56,-229.36
-24.4,-43.92,-19.52,34.16,-4.88,-34.16,-78.08,-39.04,-161.04,-29.28,-58.56,-253.76
-14.64,-34.16,-19.52,24.4,0,-29.28,-78.08,-34.16,-161.04,-24.4,-53.68,-253.76
-9.76,-29.28,-19.52,19.52,4.88,-24.4,-82.96,-29.28,-161.04,-24.4,-53.68,-253.76
-9.76,-29.28,-19.52,19.52,4.88,-24.4,-82.96,-24.4,-156.16,-24.4,-58.56,-253.76
-14.64,-34.16,-19.52,24.4,0,-29.28,-68.32,-9.76,-151.28,-19.52,-58.56,-248.88
-9.76,-39.04,-29.28,24.4,9.76,-34.16,-63.44,-4.88,-141.52,-4.88,-53.68,-234.24
9.76,-14.64,-24.4,4.88,14.64,-19.52,-58.56,-4.88,-131.76,0,-48.8,-229.36
14.64,-9.76,-24.4,0,19.52,-19.52,-53.68,4.88,-126.88,4.88,-48.8,-219.6
-4.88,-19.52,-14.64,14.64,4.88,-19.52,-68.32,-14.64,-131.76,-9.76,-58.56,-224.48
-14.64,-24.4,-9.76,19.52,-4.88,-19.52,-73.2,-19.52,-146.4,-19.52,-58.56,-224.48
-19.52,-24.4,-4.88,24.4,-9.76,-14.64,-78.08,-24.4,-151.28,-24.4,-53.68,-224.48
-29.28,-29.28,0,29.28,-14.64,-14.64,-82.96,-24.4,-151.28,-29.28,-53.68,-229.36
-24.4,-14.64,9.76,19.52,-19.52,-4.88,-82.96,-4.88,-141.52,-19.52,-48.8,-224.48
-14.64,-14.64,0,14.64,-9.76,-9.76,-73.2,0,-136.64,-14.64,-48.8,-229.36
-9.76,-14.64,-4.88,14.64,-4.88,-9.76,-73.2,4.88,-136.64,-14.64,-48.8,-234.24
-4.88,-19.52,-14.64,14.64,4.88,-19.52,-73.2,4.88,-126.88,-9.76,-43.92,-234.24
9.76,-9.76,-19.52,0,14.64,-14.64,-58.56,24.4,-112.24,0,-29.28,-229.36
14.64,-9.76,-24.4,0,19.52,-19.52,-58.56,24.4,-112.24,9.76,-24.4,-229.36
29.28,-9.76,-39.04,-9.76,34.16,-24.4,-68.32,24.4,-112.24,9.76,-19.52,-224.48
34.16,0,-34.16,-14.64,34.16,-19.52,-68.32,24.4,-112.24,9.76,-19.52,-224.48
29.28,0,-29.28,-14.64,29.28,-14.64,-68.32,24.4,-117.12,9.76,-19.52,-234.24
24.4,-4.88,-29.28,-9.76,24.4,-19.52,-68.32,24.4,-117.12,9.76,-29.28,-234.24
19.52,-9.76,-29.28,-4.88,24.4,-19.52,-68.32,24.4,-112.24,9.76,-29.28,-239.12
14.64,-14.64,-29.28,0,19.52,-24.4,-68.32,34.16,-102.48,19.52,-29.28,-248.88
14.64,-9.76,-24.4,0,19.52,-19.52,-73.2,29.28,-112.24,9.76,-29.28,-263.52
4.88,-19.52,-24.4,9.76,14.64,-24.4,-73.2,29.28,-112.24,9.76,-34.16,-268.4
4.88,-19.52,-24.4,9.76,14.64,-24.4,-73.2,39.04,-107.36,9.76,-34.16,-268.4
4.88,0,-4.88,0,4.88,-4.88,-68.32,39.04,-102.48,9.76,-29.28,-268.4
14.64,0,-14.64,-4.88,14.64,-9.76,-68.32,39.04,-92.72,14.64,-34.16,-273.28
14.64,-4.88,-19.52,-4.88,14.64,-14.64,-68.32,43.92,-92.72,14.64,-34.16,-283.04
14.64,-9.76,-24.4,0,19.52,-19.52,-78.08,48.8,-87.84,14.64,-34.16,-283.04
19.52,-9.76,-29.28,-4.88,24.4,-19.52,-68.32,58.56,-82.96,19.52,-34.16,-273.28
9.76,-9.76,-19.52,0,14.64,-14.64,-78.08,63.44,-82.96,34.16,-43.92,-283.04
14.64,-9.76,-24.4,0,19.52,-19.52,-78.08,68.32,-78.08,39.04,-43.92,-283.04
34.16,-4.88,-39.04,-14.64,34.16,-24.4,-78.08,73.2,-78.08,39.04,-39.04,-283.04
34.16,-4.88,-39.04,-14.64,34.16,-24.4,-78.08,73.2,-78.08,43.92,-39.04,-278.16
24.4,0,-24.4,-9.76,24.4,-14.64,-73.2,82.96,-63.44,48.8,-29.28,-268.4
29.28,4.88,-24.4,-14.64,24.4,-9.76,-63.44,92.72,-63.44,53.68,-19.52,-263.52
53.68,9.76,-43.92,-29.28,48.8,-19.52,-58.56,102.48,-58.56,53.68,-19.52,-263.52
68.32,24.4,-43.92,-43.92,53.68,-9.76,-53.68,107.36,-58.56,53.68,-24.4,-258.64
63.44,34.16,-29.28,-48.8,43.92,0,-63.44,102.48,-63.44,43.92,-14.64,-263.52
53.68,24.4,-29.28,-39.04,39.04,-4.88,-68.32,107.36,-53.68,53.68,-9.76,-258.64
39.04,24.4,-14.64,-29.28,24.4,4.88,-68.32,112.24,-48.8,58.56,-4.88,-258.64
34.16,24.4,-9.76,-29.28,19.52,4.88,-73.2,117.12,-43.92,58.56,0,-253.76
39.04,9.76,-29.28,-24.4,34.16,-9.76,-78.08,122,-53.68,58.56,0,-239.12
34.16,9.76,-24.4,-19.52,29.28,-9.76,-78.08,126.88,-43.92,63.44,0,-234.24
29.28,14.64,-14.64,-19.52,19.52,0,-73.2,136.64,-39.04,68.32,9.76,-224.48
34.16,19.52,-14.64,-24.4,24.4,0,-73.2,141.52,-34.16,73.2,9.76,-214.72
43.92,29.28,-14.64,-34.16,29.28,4.88,-87.84,136.64,-34.16,87.84,9.76,-224.48
39.04,29.28,-9.76,-34.16,24.4,9.76,-87.84,141.52,-29.28,87.84,14.64,-224.48
39.04,34.16,-4.88,-34.16,19.52,14.64,-87.84,151.28,-19.52,97.6,24.4,-224.48
48.8,39.04,-9.76,-43.92,29.28,14.64,-87.84,156.16,-14.64,102.48,29.28,-214.72
58.56,53.68,-4.88,-53.68,29.28,24.4,-78.08,175.68,0,107.36,43.92,-214.72
58.56,53.68,-4.88,-53.68,29.28,24.4,-78.08,190.32,4.88,112.24,43.92,-214.72
58.56,53.68,-4.88,-53.68,29.28,24.4,-78.08,195.2,19.52,126.88,63.44,-209.84
58.56,58.56,0,-58.56,29.28,29.28,-78.08,200.08,24.4,126.88,63.44,-200.08
73.2,68.32,-4.88,-68.32,39.04,29.28,-78.08,219.6,43.92,146.4,82.96,-200.08
92.72,87.84,-4.88,-87.84,48.8,39.04,-73.2,224.48,48.8,156.16,97.6,-195.2
97.6,102.48,4.88,-97.6,43.92,53.68,-68.32,239.12,58.56,161.04,97.6,-190.32
97.6,107.36,9.76,-102.48,43.92,58.56,-63.44,248.88,63.44,170.8,102.48,-185.44
92.72,117.12,24.4,-102.48,34.16,68.32,-73.2,248.88,63.44,165.92,92.72,-180.56
92.72,117.12,24.4,-102.48,34.16,68.32,-78.08,253.76,68.32,175.68,97.6,-175.68
97.6,122,24.4,-107.36,34.16,73.2,-87.84,248.88,73.2,180.56,107.36,-165.92
107.36,136.64,29.28,-122,39.04,82.96,-92.72,253.76,82.96,190.32,112.24,-161.04
102.48,141.52,39.04,-122,29.28,87.84,-82.96,273.28,87.84,195.2,122,-161.04
102.48,136.64,34.16,-117.12,34.16,82.96,-92.72,278.16,97.6,200.08,131.76,-156.16
102.48,131.76,29.28,-117.12,34.16,78.08,-97.6,283.04,97.6,214.72,141.52,-146.4
102.48,146.4,43.92,-122,29.28,92.72,-97.6,287.92,107.36,219.6,156.16,-141.52
126.88,156.16,29.28,-141.52,48.8,92.72,-87.84,297.68,117.12,229.36,165.92,-122
136.64,170.8,34.16,-151.28,48.8,102.48,-87.84,307.44,126.88,239.12,165.92,-117.12
136.64,180.56,43.92,-156.16,43.92,112.24,-87.84,322.08,141.52,253.76,170.8,-112.24
136.64,190.32,53.68,-161.04,39.04,122,-87.84,322.08,146.4,263.52,180.56,-102.48
146.4,180.56,34.16,-161.04,53.68,107.36,-82.96,331.84,156.16,273.28,185.44,-97.6
156.16,185.44,29.28,-170.8,63.44,107.36,-87.84,336.72,161.04,278.16,195.2,-82.96
156.16,190.32,34.16,-170.8,58.56,112.24,-87.84,336.72,161.04,278.16,209.84,-68.32
156.16,195.2,39.04,-175.68,58.56,117.12,-87.84,336.72,161.04,278.16,224.48,-53.68
156.16,204.96,48.8,-180.56,53.68,126.88,-87.84,346.48,175.68,287.92,219.6,-53.68
156.16,204.96,48.8,-180.56,53.68,126.88,-87.84,346.48,175.68,292.8,219.6,-48.8
156.16,214.72,58.56,-185.44,48.8,136.64,-97.6,331.84,175.68,297.68,219.6,-48.8
156.16,214.72,58.56,-185.44,48.8,136.64,-97.6,331.84,175.68,297.68,224.48,-48.8
156.16,214.72,58.56,-185.44,48.8,136.64,-102.48,331.84,165.92,292.8,224.48,-34.16
156.16,219.6,63.44,-185.44,43.92,141.52,-107.36,331.84,165.92,292.8,229.36,-34.16
161.04,224.48,63.44,-190.32,48.8,141.52,-117.12,331.84,165.92,292.8,229.36,-34.16
161.04,229.36,68.32,-195.2,43.92,146.4,-126.88,322.08,156.16,292.8,229.36,-29.28
161.04,219.6,58.56,-190.32,48.8,136.64,-126.88,317.2,156.16,297.68,234.24,-39.04
165.92,224.48,58.56,-195.2,53.68,141.52,-126.88,312.32,151.28,287.92,224.48,-34.16
165.92,224.48,58.56,-195.2,53.68,141.52,-131.76,307.44,146.4,287.92,234.24,-34.16
161.04,209.84,48.8,-185.44,53.68,126.88,-131.76,302.56,146.4,292.8,234.24,-34.16
156.16,200.08,43.92,-175.68,53.68,122,-131.76,287.92,146.4,283.04,234.24,-39.04
151.28,185.44,34.16,-165.92,58.56,107.36,-126.88,287.92,136.64,278.16,229.36,-39.04
146.4,185.44,39.04,-165.92,53.68,112.24,-126.88,287.92,136.64,273.28,229.36,-39.04
141.52,185.44,43.92,-161.04,48.8,112.24,-126.88,278.16,131.76,273.28,224.48,-48.8
136.64,195.2,58.56,-165.92,39.04,126.88,-117.12,263.52,122,268.4,209.84,-53.68
122,180.56,58.56,-151.28,29.28,117.12,-117.12,258.64,112.24,258.64,200.08,-63.44
122,175.68,53.68,-146.4,34.16,112.24,-117.12,253.76,102.48,248.88,195.2,-78.08
122,170.8,48.8,-146.4,34.16,107.36,-112.24,248.88,92.72,239.12,190.32,-82.96
126.88,180.56,53.68,-151.28,34.16,117.12,-112.24,239.12,92.72,229.36,190.32,-82.96
126.88,180.56,53.68,-151.28,34.16,117.12,-107.36,224.48,87.84,224.48,175.68,-92.72
107.36,151.28,43.92,-126.88,29.28,97.6,-107.36,209.84,78.08,209.84,165.92,-107.36
112.24,151.28,39.04,-131.76,34.16,92.72,-102.48,195.2,68.32,200.08,146.4,-112.24
97.6,141.52,43.92,-117.12,24.4,92.72,-107.36,165.92,48.8,180.56,131.76,-122
92.72,122,29.28,-107.36,29.28,73.2,-107.36,151.28,29.28,165.92,126.88,-131.76
73.2,92.72,19.52,-82.96,24.4,53.68,-107.36,136.64,14.64,146.4,117.12,-141.52
68.32,68.32,0,-68.32,34.16,34.16,-107.36,126.88,4.88,131.76,107.36,-156.16
53.68,68.32,14.64,-58.56,19.52,39.04,-97.6,122,0,131.76,107.36,-165.92
43.92,68.32,24.4,-53.68,9.76,43.92,-97.6,107.36,-14.64,122,92.72,-175.68
29.28,73.2,43.92,-48.8,-9.76,58.56,-107.36,82.96,-29.28,112.24,73.2,-180.56
19.52,53.68,34.16,-34.16,-9.76,43.92,-107.36,63.44,-39.04,97.6,58.56,-180.56
24.4,43.92,19.52,-34.16,0,29.28,-107.36,48.8,-43.92,78.08,48.8,-180.56
29.28,58.56,29.28,-43.92,0,43.92,-102.48,43.92,-53.68,68.32,39.04,-185.44
34.16,39.04,4.88,-34.16,14.64,19.52,-102.48,29.28,-63.44,58.56,29.28,-195.2
34.16,24.4,-9.76,-29.28,19.52,4.88,-102.48,14.64,-73.2,43.92,24.4,-209.84
24.4,24.4,0,-24.4,9.76,9.76,-107.36,0,-92.72,29.28,14.64,-204.96
19.52,24.4,4.88,-19.52,4.88,14.64,-107.36,-4.88,-102.48,24.4,14.64,-209.84
14.64,24.4,9.76,-19.52,0,14.64,-107.36,-9.76,-112.24,14.64,9.76,-214.72
9.76,19.52,9.76,-14.64,0,14.64,-107.36,-24.4,-117.12,9.76,-4.88,-224.48
0,4.88,4.88,0,-4.88,4.88,-107.36,-29.28,-117.12,9.76,-9.76,-214.72
0,-4.88,-4.88,4.88,0,-4.88,-112.24,-34.16,-122,4.88,-14.64,-214.72
-4.88,-4.88,0,4.88,-4.88,-4.88,-112.24,-39.04,-131.76,4.88,-9.76,-209.84
0,-4.88,-4.88,4.88,0,-4.88,-107.36,-34.16,-131.76,4.88,-9.76,-209.84
4.88,0,-4.88,0,4.88,-4.88,-97.6,-43.92,-141.52,-9.76,-14.64,-224.48
14.64,-4.88,-19.52,-4.88,14.64,-14.64,-102.48,-48.8,-141.52,-19.52,-14.64,-229.36
19.52,0,-19.52,-9.76,19.52,-9.76,-102.48,-63.44,-146.4,-19.52,-19.52,-229.36
14.64,-4.88,-19.52,-4.88,14.64,-14.64,-102.48,-68.32,-151.28,-24.4,-29.28,-234.24
4.88,-9.76,-14.64,4.88,9.76,-14.64,-112.24,-58.56,-151.28,-14.64,-24.4,-248.88
4.88,-14.64,-19.52,4.88,9.76,-19.52,-117.12,-68.32,-151.28,-14.64,-29.28,-258.64
4.88,-24.4,-29.28,9.76,14.64,-29.28,-117.12,-73.2,-146.4,-14.64,-34.16,-258.64
4.88,-29.28,-34.16,14.64,19.52,-34.16,-122,-78.08,-146.4,-24.4,-34.16,-263.52
4.88,-19.52,-24.4,9.76,14.64,-24.4,-117.12,-68.32,-141.52,-39.04,-43.92,-258.64
4.88,-24.4,-29.28,9.76,14.64,-29.28,-112.24,-68.32,-141.52,-29.28,-43.92,-258.64
0,-24.4,-24.4,14.64,9.76,-24.4,-107.36,-73.2,-141.52,-29.28,-43.92,-258.64
0,-34.16,-34.16,19.52,14.64,-34.16,-102.48,-82.96,-141.52,-29.28,-43.92,-258.64
-4.88,-34.16,-29.28,19.52,9.76,-34.16,-112.24,-92.72,-141.52,-29.28,-39.04,-258.64
-4.88,-24.4,-19.52,14.64,4.88,-24.4,-112.24,-82.96,-141.52,-29.28,-29.28,-258.64
4.88,-9.76,-14.64,4.88,9.76,-14.64,-112.24,-82.96,-141.52,-29.28,-39.04,-258.64
4.88,-19.52,-24.4,9.76,14.64,-24.4,-112.24,-87.84,-141.52,-19.52,-39.04,-258.64
4.88,-43.92,-48.8,19.52,24.4,-48.8,-112.24,-78.08,-151.28,-29.28,-34.16,-258.64
4.88,-29.28,-34.16,14.64,19.52,-34.16,-112.24,-82.96,-151.28,-29.28,-34.16,-258.64
0,-29.28,-29.28,14.64,14.64,-29.28,-112.24,-82.96,-156.16,-39.04,-34.16,-258.64
-4.88,-39.04,-34.16,24.4,14.64,-39.04,-117.12,-82.96,-156.16,-39.04,-29.28,-253.76
-4.88,-39.04,-34.16,24.4,14.64,-39.04,-117.12,-92.72,-151.28,-39.04,-29.28,-248.88
-4.88,-29.28,-24.4,19.52,9.76,-29.28,-117.12,-102.48,-151.28,-39.04,-34.16,-248.88
-4.88,-43.92,-39.04,24.4,14.64,-43.92,-126.88,-107.36,-165.92,-43.92,-39.04,-258.64
-9.76,-43.92,-34.16,29.28,9.76,-39.04,-126.88,-107.36,-165.92,-53.68,-39.04,-258.64
-9.76,-43.92,-34.16,29.28,9.76,-39.04,-126.88,-112.24,-156.16,-53.68,-39.04,-258.64
-4.88,-43.92,-39.04,24.4,14.64,-43.92,-126.88,-107.36,-156.16,-48.8,-39.04,-263.52
-4.88,-48.8,-43.92,29.28,19.52,-48.8,-131.76,-107.36,-156.16,-48.8,-39.04,-268.4
-4.88,-48.8,-43.92,29.28,19.52,-48.8,-136.64,-107.36,-156.16,-48.8,-39.04,-268.4
4.88,-43.92,-48.8,19.52,24.4,-48.8,-126.88,-102.48,-151.28,-43.92,-39.04,-263.52
4.88,-43.92,-48.8,19.52,24.4,-48.8,-126.88,-97.6,-146.4,-43.92,-39.04,-258.64
4.88,-43.92,-48.8,19.52,24.4,-48.8,-126.88,-102.48,-146.4,-53.68,-43.92,-258.64
4.88,-43.92,-48.8,19.52,24.4,-48.8,-126.88,-97.6,-151.28,-53.68,-43.92,-258.64
24.4,-19.52,-43.92,0,34.16,-34.16,-117.12,-107.36,-151.28,-43.92,-34.16,-258.64
9.76,-34.16,-43.92,14.64,24.4,-39.04,-117.12,-107.36,-161.04,-43.92,-34.16,-258.64
9.76,-34.16,-43.92,14.64,24.4,-39.04,-117.12,-107.36,-161.04,-39.04,-29.28,-253.76
14.64,-34.16,-48.8,9.76,29.28,-43.92,-117.12,-107.36,-156.16,-39.04,-29.28,-253.76
4.88,-43.92,-48.8,19.52,24.4,-48.8,-131.76,-107.36,-165.92,-48.8,-39.04,-258.64
0,-39.04,-39.04,19.52,19.52,-39.04,-131.76,-102.48,-170.8,-48.8,-39.04,-258.64
-4.88,-39.04,-34.16,24.4,14.64,-39.04,-131.76,-102.48,-170.8,-53.68,-43.92,-268.4
-9.76,-43.92,-34.16,29.28,9.76,-39.04,-131.76,-102.48,-165.92,-53.68,-43.92,-268.4
-9.76,-53.68,-43.92,34.16,14.64,-48.8,-131.76,-112.24,-165.92,-63.44,-43.92,-263.52
-9.76,-53.68,-43.92,34.16,14.64,-48.8,-131.76,-112.24,-165.92,-63.44,-48.8,-263.52
-19.52,-48.8,-29.28,34.16,4.88,-39.04,-131.76,-112.24,-165.92,-63.44,-48.8,-263.52
-19.52,-48.8,-29.28,34.16,4.88,-39.04,-131.76,-112.24,-165.92,-63.44,-48.8,-258.64
-4.88,-43.92,-39.04,24.4,14.64,-43.92,-122,-117.12,-170.8,-53.68,-34.16,-253.76
4.88,-34.16,-39.04,14.64,19.52,-39.04,-122,-117.12,-170.8,-53.68,-34.16,-253.76
9.76,-29.28,-39.04,9.76,24.4,-34.16,-122,-112.24,-170.8,-53.68,-34.16,-258.64
19.52,-29.28,-48.8,4.88,34.16,-39.04,-122,-112.24,-165.92,-53.68,-29.28,-258.64
0,-39.04,-39.04,19.52,19.52,-39.04,-136.64,-107.36,-175.68,-63.44,-34.16,-258.64
-9.76,-43.92,-34.16,29.28,9.76,-39.04,-136.64,-107.36,-175.68,-63.44,-39.04,-273.28
-14.64,-43.92,-29.28,29.28,4.88,-39.04,-136.64,-112.24,-175.68,-68.32,-43.92,-283.04
-14.64,-48.8,-34.16,34.16,9.76,-43.92,-136.64,-112.24,-175.68,-68.32,-48.8,-287.92
-19.52,-48.8,-29.28,34.16,4.88,-39.04,-126.88,-102.48,-170.8,-63.44,-39.04,-287.92
-9.76,-43.92,-34.16,29.28,9.76,-39.04,-126.88,-102.48,-161.04,-53.68,-34.16,-287.92
-9.76,-24.4,-14.64,19.52,0,-19.52,-117.12,-92.72,-151.28,-39.04,-29.28,-287.92
0,-19.52,-19.52,9.76,9.76,-19.52,-117.12,-87.84,-146.4,-29.28,-19.52,-283.04
-9.76,-24.4,-14.64,19.52,0,-19.52,-112.24,-92.72,-141.52,-39.04,-14.64,-283.04
-9.76,-29.28,-19.52,19.52,4.88,-24.4,-112.24,-87.84,-141.52,-39.04,-14.64,-292.8
0,-29.28,-29.28,14.64,14.64,-29.28,-112.24,-87.84,-141.52,-39.04,-14.64,-292.8
0,-29.28,-29.28,14.64,14.64,-29.28,-107.36,-87.84,-136.64,-39.04,-9.76,-297.68
4.88,-24.4,-29.28,9.76,14.64,-29.28,-97.6,-78.08,-122,-39.04,-19.52,-307.44
19.52,-19.52,-39.04,0,29.28,-29.28,-102.48,-73.2,-122,-29.28,-19.52,-307.44
9.76,-19.52,-29.28,4.88,19.52,-24.4,-102.48,-68.32,-122,-29.28,-24.4,-307.44
14.64,-14.64,-29.28,0,19.52,-24.4,-102.48,-58.56,-117.12,-34.16,-29.28,-307.44
9.76,-19.52,-29.28,4.88,19.52,-24.4,-102.48,-63.44,-122,-24.4,-29.28,-307.44
9.76,-19.52,-29.28,4.88,19.52,-24.4,-102.48,-63.44,-122,-19.52,-29.28,-307.44
9.76,-29.28,-39.04,9.76,24.4,-34.16,-102.48,-68.32,-122,-19.52,-29.28,-312.32
9.76,-19.52,-29.28,4.88,19.52,-24.4,-102.48,-73.2,-122,-19.52,-29.28,-317.2
14.64,-19.52,-34.16,4.88,24.4,-29.28,-92.72,-68.32,-117.12,-29.28,-29.28,-317.2
14.64,-19.52,-34.16,4.88,24.4,-29.28,-92.72,-63.44,-112.24,-24.4,-29.28,-322.08
14.64,-14.64,-29.28,0,19.52,-24.4,-92.72,-58.56,-112.24,-24.4,-34.16,-322.08
14.64,-14.64,-29.28,0,19.52,-24.4,-92.72,-53.68,-112.24,-29.28,-34.16,-322.08
0,-34.16,-34.16,19.52,14.64,-34.16,-102.48,-53.68,-117.12,-24.4,-34.16,-331.84
-19.52,-34.16,-14.64,29.28,-4.88,-24.4,-102.48,-58.56,-117.12,-24.4,-24.4,-331.84
-24.4,-34.16,-9.76,29.28,-9.76,-24.4,-102.48,-58.56,-117.12,-14.64,-24.4,-326.96
-9.76,-19.52,-9.76,14.64,0,-14.64,-102.48,-63.44,-107.36,-4.88,-24.4,-326.96
4.88,-4.88,-9.76,0,4.88,-9.76,-97.6,-53.68,-92.72,-14.64,-14.64,-317.2
9.76,9.76,0,-9.76,4.88,4.88,-87.84,-48.8,-92.72,-9.76,-9.76,-322.08
19.52,14.64,-4.88,-14.64,9.76,4.88,-82.96,-48.8,-87.84,0,-9.76,-326.96
24.4,14.64,-9.76,-19.52,14.64,0,-78.08,-43.92,-87.84,-9.76,-9.76,-326.96
19.52,9.76,-9.76,-14.64,14.64,0,-82.96,-53.68,-97.6,-19.52,-24.4,-317.2
19.52,4.88,-14.64,-9.76,14.64,-4.88,-87.84,-53.68,-97.6,-19.52,-24.4,-317.2
19.52,4.88,-14.64,-9.76,14.64,-4.88,-92.72,-53.68,-97.6,-14.64,-19.52,-317.2
19.52,0,-19.52,-9.76,19.52,-9.76,-97.6,-58.56,-102.48,-14.64,-19.52,-312.32
14.64,0,-14.64,-4.88,14.64,-9.76,-87.84,-58.56,-102.48,-4.88,-14.64,-317.2
9.76,0,-9.76,-4.88,9.76,-4.88,-87.84,-58.56,-102.48,-4.88,-9.76,-317.2
4.88,0,-4.88,0,4.88,-4.88,-87.84,-58.56,-97.6,-4.88,-9.76,-317.2
-9.76,0,9.76,4.88,-9.76,4.88,-87.84,-63.44,-97.6,-4.88,-14.64,-317.2
-4.88,9.76,14.64,0,-9.76,9.76,-87.84,-53.68,-97.6,-4.88,-14.64,-312.32
0,0,0,0,0,0,-87.84,-53.68,-97.6,-4.88,-9.76,-317.2
4.88,0,-4.88,0,4.88,-4.88,-87.84,-53.68,-97.6,0,-9.76,-317.2
14.64,-4.88,-19.52,-4.88,14.64,-14.64,-82.96,-48.8,-92.72,0,-9.76,-312.32
4.88,-9.76,-14.64,4.88,9.76,-14.64,-82.96,-58.56,-92.72,-14.64,-9.76,-312.32
4.88,-14.64,-19.52,4.88,9.76,-19.52,-82.96,-58.56,-92.72,-19.52,-14.64,-317.2
9.76,-9.76,-19.52,0,14.64,-14.64,-82.96,-58.56,-92.72,-19.52,-14.64,-317.2
9.76,-4.88,-14.64,0,9.76,-9.76,-82.96,-58.56,-92.72,-9.76,-9.76,-317.2
9.76,-4.88,-14.64,0,9.76,-9.76,-78.08,-48.8,-87.84,0,4.88,-317.2
9.76,-4.88,-14.64,0,9.76,-9.76,-73.2,-53.68,-82.96,-4.88,4.88,-312.32
19.52,4.88,-14.64,-9.76,14.64,-4.88,-73.2,-53.68,-82.96,-4.88,4.88,-312.32
19.52,9.76,-9.76,-14.64,14.64,0,-68.32,-53.68,-82.96,-4.88,4.88,-312.32
19.52,0,-19.52,-9.76,19.52,-9.76,-78.08,-58.56,-92.72,-14.64,-9.76,-312.32
4.88,0,-4.88,0,4.88,-4.88,-78.08,-63.44,-92.72,-14.64,-9.76,-312.32
14.64,-9.76,-24.4,0,19.52,-19.52,-78.08,-63.44,-92.72,-14.64,-14.64,-312.32
29.28,0,-29.28,-14.64,29.28,-14.64,-78.08,-58.56,-92.72,-14.64,-14.64,-312.32
9.76,9.76,0,-9.76,4.88,4.88,-68.32,-48.8,-82.96,-9.76,-14.64,-302.56
0,-4.88,-4.88,4.88,0,-4.88,-68.32,-58.56,-87.84,-9.76,-4.88,-297.68
0,-4.88,-4.88,4.88,0,-4.88,-68.32,-58.56,-87.84,0,0,-297.68
24.4,9.76,-14.64,-14.64,19.52,-4.88,-68.32,-58.56,-87.84,4.88,0,-302.56
24.4,9.76,-14.64,-14.64,19.52,-4.88,-63.44,-58.56,-87.84,-4.88,-4.88,-312.32
24.4,9.76,-14.64,-14.64,19.52,-4.88,-63.44,-58.56,-87.84,-4.88,-4.88,-312.32
4.88,4.88,0,-4.88,0,0,-73.2,-63.44,-87.84,-19.52,-19.52,-312.32
14.64,4.88,-9.76,-9.76,9.76,-4.88,-73.2,-63.44,-78.08,-24.4,-19.52,-326.96
14.64,9.76,-4.88,-9.76,9.76,0,-73.2,-73.2,-87.84,-24.4,-19.52,-326.96
9.76,-4.88,-14.64,0,9.76,-9.76,-73.2,-78.08,-87.84,-29.28,-24.4,-331.84
0,-19.52,-19.52,9.76,9.76,-19.52,-73.2,-78.08,-92.72,-39.04,-24.4,-331.84
0,-29.28,-29.28,14.64,14.64,-29.28,-73.2,-78.08,-92.72,-29.28,-19.52,-326.96
-14.64,-29.28,-14.64,24.4,0,-24.4,-63.44,-73.2,-87.84,-14.64,-9.76,-322.08
-14.64,-24.4,-9.76,19.52,-4.88,-19.52,-58.56,-68.32,-82.96,-9.76,-9.76,-322.08
-19.52,-24.4,-4.88,24.4,-9.76,-14.64,-58.56,-63.44,-82.96,-9.76,-9.76,-322.08
-24.4,-24.4,0,24.4,-14.64,-14.64,-58.56,-58.56,-78.08,-9.76,-9.76,-331.84
-14.64,-19.52,-4.88,19.52,-4.88,-14.64,-48.8,-63.44,-68.32,-24.4,-9.76,-336.72
-4.88,-14.64,-9.76,9.76,0,-14.64,-48.8,-68.32,-73.2,-34.16,-19.52,-336.72
-4.88,-4.88,0,4.88,-4.88,-4.88,-48.8,-82.96,-73.2,-34.16,-19.52,-336.72
-4.88,0,4.88,4.88,-4.88,0,-48.8,-87.84,-73.2,-34.16,-14.64,-336.72
0,-4.88,-4.88,4.88,0,-4.88,-39.04,-82.96,-63.44,-24.4,-9.76,-336.72
4.88,-9.76,-14.64,4.88,9.76,-14.64,-43.92,-78.08,-63.44,-19.52,-9.76,-331.84
9.76,-9.76,-19.52,0,14.64,-14.64,-43.92,-73.2,-63.44,-19.52,-4.88,-331.84
14.64,-4.88,-19.52,-4.88,14.64,-14.64,-43.92,-68.32,-63.44,-19.52,-4.88,-331.84
14.64,-4.88,-19.52,-4.88,14.64,-14.64,-43.92,-78.08,-58.56,-19.52,-14.64,-336.72
14.64,-9.76,-24.4,0,19.52,-19.52,-43.92,-78.08,-58.56,-29.28,-19.52,-341.6
14.64,-9.76,-24.4,0,19.52,-19.52,-43.92,-73.2,-58.56,-29.28,-19.52,-341.6
14.64,0,-14.64,-4.88,14.64,-9.76,-43.92,-73.2,-63.44,-29.28,-19.52,-341.6
14.64,-9.76,-24.4,0,19.52,-19.52,-34.16,-78.08,-63.44,-39.04,-19.52,-341.6
9.76,-9.76,-19.52,0,14.64,-14.64,-34.16,-82.96,-63.44,-39.04,-29.28,-351.36
9.76,-4.88,-14.64,0,9.76,-9.76,-34.16,-82.96,-58.56,-43.92,-24.4,-356.24
14.64,4.88,-9.76,-9.76,9.76,-4.88,-34.16,-82.96,-58.56,-43.92,-9.76,-356.24
4.88,4.88,0,-4.88,0,0,-24.4,-73.2,-48.8,-34.16,-9.76,-346.48
0,9.76,9.76,-4.88,-4.88,9.76,-24.4,-68.32,-48.8,-29.28,-9.76,-346.48
14.64,24.4,9.76,-19.52,0,14.64,-24.4,-68.32,-43.92,-24.4,0,-341.6
19.52,19.52,0,-19.52,9.76,9.76,-24.4,-68.32,-39.04,-19.52,0,-336.72
0,-14.64,-14.64,9.76,4.88,-14.64,-24.4,-68.32,-43.92,-29.28,-4.88,-346.48
-4.88,-9.76,-4.88,9.76,0,-9.76,-24.4,-68.32,-43.92,-19.52,-4.88,-351.36
4.88,-14.64,-19.52,4.88,9.76,-19.52,-24.4,-63.44,-29.28,-29.28,-14.64,-351.36
0,-14.64,-14.64,9.76,4.88,-14.64,-24.4,-58.56,-29.28,-29.28,-14.64,-351.36
0,-9.76,-9.76,4.88,4.88,-9.76,-24.4,-63.44,-43.92,-39.04,-14.64,-356.24
0,-9.76,-9.76,4.88,4.88,-9.76,-24.4,-73.2,-48.8,-43.92,-14.64,-361.12
0,-24.4,-24.4,14.64,9.76,-24.4,-24.4,-78.08,-48.8,-43.92,-14.64,-361.12
-9.76,-34.16,-24.4,24.4,4.88,-29.28,-29.28,-78.08,-48.8,-39.04,-14.64,-356.24
4.88,0,-4.88,0,4.88,-4.88,-19.52,-68.32,-48.8,-39.04,-24.4,-366
19.52,0,-19.52,-9.76,19.52,-9.76,-19.52,-68.32,-48.8,-39.04,-24.4,-366
24.4,0,-24.4,-9.76,24.4,-14.64,-14.64,-68.32,-43.92,-39.04,-24.4,-366
24.4,0,-24.4,-9.76,24.4,-14.64,-14.64,-68.32,-43.92,-39.04,-24.4,-366
34.16,-9.76,-43.92,-9.76,39.04,-29.28,-4.88,-73.2,-34.16,-29.28,-14.64,-361.12
29.28,-9.76,-39.04,-9.76,34.16,-24.4,-4.88,-73.2,-34.16,-34.16,-9.76,-361.12
29.28,-4.88,-34.16,-9.76,29.28,-19.52,-4.88,-73.2,-34.16,-39.04,-9.76,-361.12
29.28,-4.88,-34.16,-9.76,29.28,-19.52,-4.88,-78.08,-39.04,-39.04,-9.76,-366
9.76,-9.76,-19.52,0,14.64,-14.64,-4.88,-78.08,-43.92,-39.04,-9.76,-366
0,-9.76,-9.76,4.88,4.88,-9.76,-4.88,-78.08,-43.92,-39.04,-9.76,-366
0,-14.64,-14.64,9.76,4.88,-14.64,-4.88,-73.2,-39.04,-34.16,-9.76,-366
-4.88,-19.52,-14.64,14.64,4.88,-19.52,-4.88,-73.2,-24.4,-29.28,-9.76,-370.88
4.88,-9.76,-14.64,4.88,9.76,-14.64,0,-73.2,-24.4,-39.04,-9.76,-370.88
-14.64,-14.64,0,14.64,-9.76,-9.76,0,-73.2,-24.4,-39.04,-14.64,-370.88
-14.64,-34.16,-19.52,24.4,0,-29.28,0,-78.08,-34.16,-43.92,-19.52,-380.64
-9.76,-24.4,-14.64,19.52,0,-19.52,0,-78.08,-39.04,-43.92,-19.52,-380.64
9.76,-14.64,-24.4,4.88,14.64,-19.52,9.76,-73.2,-39.04,-34.16,-9.76,-385.52
19.52,0,-19.52,-9.76,19.52,-9.76,9.76,-73.2,-34.16,-34.16,-9.76,-385.52
24.4,-9.76,-34.16,-4.88,29.28,-24.4,4.88,-68.32,-29.28,-29.28,-9.76,-380.64
29.28,9.76,-19.52,-19.52,24.4,-4.88,4.88,-68.32,-24.4,-29.28,-9.76,-375.76
9.76,0,-9.76,-4.88,9.76,-4.88,0,-73.2,-34.16,-29.28,-14.64,-385.52
4.88,-4.88,-9.76,0,4.88,-9.76,-4.88,-73.2,-34.16,-39.04,-19.52,-385.52
14.64,-4.88,-19.52,-4.88,14.64,-14.64,0,-73.2,-29.28,-29.28,-19.52,-390.4
0,4.88,4.88,0,-4.88,4.88,19.52,-73.2,-29.28,-29.28,-19.52,-390.4
-9.76,-19.52,-9.76,14.64,0,-14.64,9.76,-68.32,-34.16,-43.92,-19.52,-400.16
-14.64,-39.04,-24.4,29.28,4.88,-34.16,14.64,-68.32,-29.28,-43.92,-29.28,-405.04
-24.4,-43.92,-19.52,34.16,-4.88,-34.16,14.64,-73.2,-29.28,-48.8,-29.28,-405.04
-29.28,-39.04,-9.76,34.16,-9.76,-24.4,14.64,-73.2,-29.28,-48.8,-29.28,-405.04
-19.52,-29.28,-9.76,24.4,-4.88,-19.52,14.64,-63.44,-29.28,-39.04,-29.28,-405.04
-14.64,-24.4,-9.76,19.52,-4.88,-19.52,14.64,-63.44,-29.28,-39.04,-24.4,-405.04
-19.52,-34.16,-14.64,29.28,-4.88,-24.4,14.64,-58.56,-29.28,-48.8,-19.52,-405.04
-14.64,-39.04,-24.4,29.28,4.88,-34.16,4.88,-58.56,-29.28,-34.16,-19.52,-405.04
-19.52,-34.16,-14.64,29.28,-4.88,-24.4,29.28,-58.56,-24.4,-24.4,-9.76,-395.28
-14.64,-34.16,-19.52,24.4,0,-29.28,34.16,-63.44,-24.4,-29.28,-9.76,-395.28
-14.64,-34.16,-19.52,24.4,0,-29.28,34.16,-63.44,-19.52,-29.28,-9.76,-400.16
-14.64,-43.92,-29.28,29.28,4.88,-39.04,39.04,-63.44,-14.64,-24.4,-9.76,-400.16
0,-34.16,-34.16,19.52,14.64,-34.16,39.04,-53.68,-14.64,-14.64,-9.76,-400.16
9.76,-24.4,-34.16,9.76,19.52,-29.28,43.92,-53.68,-24.4,-24.4,-14.64,-400.16
9.76,4.88,-4.88,-4.88,4.88,0,43.92,-53.68,-14.64,-24.4,-14.64,-400.16
19.52,14.64,-4.88,-14.64,9.76,4.88,43.92,-48.8,-14.64,-19.52,-14.64,-400.16
29.28,4.88,-24.4,-14.64,24.4,-9.76,48.8,-29.28,-9.76,-19.52,-9.76,-400.16
34.16,24.4,-9.76,-29.28,19.52,4.88,53.68,-19.52,-9.76,-24.4,-4.88,-390.4
29.28,19.52,-9.76,-24.4,19.52,4.88,53.68,-29.28,-14.64,-24.4,-9.76,-390.4
-19.52,-29.28,-9.76,24.4,-4.88,-19.52,39.04,-39.04,-29.28,-48.8,-19.52,-400.16
-14.64,-24.4,-9.76,19.52,-4.88,-19.52,48.8,-29.28,-19.52,-39.04,-19.52,-409.92
-9.76,-19.52,-9.76,14.64,0,-14.64,48.8,-29.28,-19.52,-39.04,-19.52,-409.92
-4.88,-14.64,-9.76,9.76,0,-14.64,48.8,-29.28,-19.52,-39.04,-19.52,-409.92
0,-9.76,-9.76,4.88,4.88,-9.76,48.8,-29.28,-19.52,-39.04,-19.52,-409.92
14.64,0,-14.64,-4.88,14.64,-9.76,58.56,-29.28,-9.76,-29.28,-19.52,-409.92
19.52,0,-19.52,-9.76,19.52,-9.76,58.56,-29.28,-9.76,-29.28,-19.52,-409.92
24.4,-4.88,-29.28,-9.76,24.4,-19.52,58.56,-29.28,-9.76,-29.28,-19.52,-409.92
29.28,-4.88,-34.16,-9.76,29.28,-19.52,53.68,-29.28,-9.76,-29.28,-24.4,-409.92
19.52,-9.76,-29.28,-4.88,24.4,-19.52,53.68,-39.04,-9.76,-29.28,-19.52,-409.92
19.52,-4.88,-24.4,-4.88,19.52,-14.64,58.56,-39.04,-9.76,-29.28,-14.64,-400.16
19.52,-4.88,-24.4,-4.88,19.52,-14.64,58.56,-39.04,-4.88,-29.28,-9.76,-400.16
19.52,-14.64,-34.16,0,24.4,-24.4,58.56,-39.04,-4.88,-29.28,-4.88,-400.16
9.76,-4.88,-14.64,0,9.76,-9.76,58.56,-39.04,-9.76,-29.28,-14.64,-405.04
9.76,-4.88,-14.64,0,9.76,-9.76,58.56,-39.04,-9.76,-29.28,-14.64,-405.04
9.76,-4.88,-14.64,0,9.76,-9.76,58.56,-39.04,-9.76,-29.28,-14.64,-409.92
4.88,-4.88,-9.76,0,4.88,-9.76,58.56,-43.92,-14.64,-29.28,-14.64,-419.68
4.88,-9.76,-14.64,4.88,9.76,-14.64,68.32,-43.92,-14.64,-43.92,-24.4,-419.68
4.88,-9.76,-14.64,4.88,9.76,-14.64,63.44,-48.8,-14.64,-48.8,-24.4,-424.56
4.88,-9.76,-14.64,4.88,9.76,-14.64,58.56,-48.8,-14.64,-48.8,-24.4,-424.56
4.88,-9.76,-14.64,4.88,9.76,-14.64,58.56,-48.8,-14.64,-48.8,-29.28,-424.56
14.64,0,-14.64,-4.88,14.64,-9.76,63.44,-34.16,-9.76,-43.92,-14.64,-414.8
19.52,0,-19.52,-9.76,19.52,-9.76,73.2,-34.16,-4.88,-34.16,-9.76,-414.8
24.4,4.88,-19.52,-14.64,19.52,-9.76,78.08,-34.16,4.88,-29.28,-4.88,-414.8
24.4,4.88,-19.52,-14.64,19.52,-9.76,82.96,-29.28,9.76,-19.52,0,-414.8
19.52,-4.88,-24.4,-4.88,19.52,-14.64,73.2,-39.04,4.88,-24.4,0,-414.8
14.64,-14.64,-29.28,0,19.52,-24.4,78.08,-39.04,0,-29.28,-4.88,-414.8
14.64,-24.4,-39.04,4.88,24.4,-34.16,78.08,-39.04,-4.88,-34.16,-9.76,-414.8
9.76,-29.28,-39.04,9.76,24.4,-34.16,73.2,-39.04,-9.76,-39.04,-14.64,-414.8
19.52,-19.52,-39.04,0,29.28,-29.28,82.96,-39.04,-4.88,-29.28,-14.64,-405.04
19.52,-14.64,-34.16,0,24.4,-24.4,87.84,-34.16,4.88,-29.28,-9.76,-405.04
19.52,-4.88,-24.4,-4.88,19.52,-14.64,87.84,-34.16,9.76,-24.4,-4.88,-405.04
29.28,0,-29.28,-14.64,29.28,-14.64,87.84,-34.16,14.64,-24.4,-4.88,-400.16
34.16,4.88,-29.28,-19.52,29.28,-14.64,87.84,-34.16,9.76,-24.4,0,-409.92
39.04,9.76,-29.28,-24.4,34.16,-9.76,87.84,-34.16,9.76,-19.52,0,-409.92
43.92,19.52,-24.4,-29.28,34.16,-4.88,87.84,-29.28,9.76,-19.52,0,-409.92
48.8,34.16,-14.64,-39.04,29.28,9.76,92.72,-29.28,9.76,-19.52,0,-409.92
43.92,29.28,-14.64,-34.16,29.28,4.88,112.24,-9.76,24.4,0,24.4,-390.4
43.92,48.8,4.88,-43.92,19.52,24.4,126.88,4.88,43.92,14.64,29.28,-390.4
39.04,73.2,34.16,-53.68,0,53.68,126.88,4.88,63.44,19.52,34.16,-390.4
29.28,82.96,53.68,-53.68,-14.64,68.32,141.52,19.52,78.08,29.28,43.92,-380.64
24.4,82.96,58.56,-53.68,-19.52,68.32,146.4,9.76,73.2,29.28,43.92,-375.76
19.52,82.96,63.44,-48.8,-24.4,73.2,146.4,9.76,73.2,24.4,43.92,-380.64
19.52,87.84,68.32,-53.68,-24.4,78.08,146.4,9.76,73.2,19.52,43.92,-385.52
29.28,97.6,68.32,-63.44,-19.52,82.96,151.28,14.64,73.2,14.64,43.92,-385.52
39.04,87.84,48.8,-63.44,-4.88,68.32,151.28,14.64,78.08,24.4,53.68,-385.52
39.04,78.08,39.04,-58.56,0,58.56,151.28,14.64,78.08,24.4,53.68,-385.52
43.92,78.08,34.16,-58.56,4.88,53.68,151.28,4.88,68.32,24.4,53.68,-385.52
43.92,78.08,34.16,-58.56,4.88,53.68,151.28,0,63.44,14.64,43.92,-390.4
53.68,82.96,29.28,-68.32,9.76,53.68,151.28,-4.88,63.44,4.88,34.16,-390.4
58.56,82.96,24.4,-68.32,14.64,53.68,146.4,-4.88,63.44,9.76,39.04,-390.4
58.56,78.08,19.52,-68.32,19.52,48.8,146.4,-4.88,63.44,9.76,39.04,-390.4
58.56,63.44,4.88,-58.56,24.4,34.16,136.64,-4.88,63.44,9.76,34.16,-395.28
58.56,63.44,4.88,-58.56,24.4,34.16,126.88,-4.88,63.44,9.76,34.16,-405.04
58.56,63.44,4.88,-58.56,24.4,34.16,112.24,0,63.44,9.76,34.16,-395.28
73.2,63.44,-9.76,-68.32,39.04,24.4,107.36,0,63.44,9.76,34.16,-395.28
73.2,53.68,-19.52,-63.44,43.92,14.64,97.6,-9.76,53.68,0,34.16,-400.16
58.56,48.8,-9.76,-53.68,34.16,19.52,92.72,-14.64,48.8,4.88,39.04,-395.28
48.8,43.92,-4.88,-43.92,24.4,19.52,97.6,-19.52,48.8,4.88,34.16,-400.16
39.04,43.92,4.88,-39.04,14.64,24.4,107.36,-19.52,53.68,4.88,34.16,-400.16
24.4,43.92,19.52,-34.16,0,29.28,126.88,-19.52,63.44,4.88,39.04,-405.04
29.28,53.68,24.4,-39.04,0,39.04,131.76,-19.52,63.44,4.88,29.28,-405.04
29.28,48.8,19.52,-39.04,4.88,34.16,136.64,-19.52,58.56,0,19.52,-409.92
39.04,53.68,14.64,-43.92,9.76,34.16,151.28,-19.52,58.56,0,19.52,-409.92
43.92,48.8,4.88,-43.92,19.52,24.4,156.16,-19.52,58.56,-4.88,14.64,-409.92
29.28,29.28,0,-29.28,14.64,14.64,151.28,-34.16,48.8,-24.4,-4.88,-419.68
19.52,9.76,-9.76,-14.64,14.64,0,146.4,-34.16,34.16,-29.28,-4.88,-419.68
14.64,-4.88,-19.52,-4.88,14.64,-14.64,136.64,-39.04,29.28,-29.28,-14.64,-424.56
4.88,-14.64,-19.52,4.88,9.76,-19.52,126.88,-43.92,9.76,-39.04,-14.64,-424.56
4.88,-14.64,-19.52,4.88,9.76,-19.52,131.76,-48.8,14.64,-48.8,-14.64,-444.08
4.88,-14.64,-19.52,4.88,9.76,-19.52,131.76,-53.68,9.76,-48.8,-14.64,-448.96
-4.88,-24.4,-19.52,14.64,4.88,-24.4,122,-58.56,4.88,-53.68,-19.52,-453.84
-4.88,-19.52,-14.64,14.64,4.88,-19.52,122,-58.56,4.88,-53.68,-24.4,-463.6
0,-29.28,-29.28,14.64,14.64,-29.28,136.64,-58.56,14.64,-43.92,-14.64,-473.36
4.88,-29.28,-34.16,14.64,19.52,-34.16,136.64,-58.56,14.64,-43.92,-14.64,-473.36
9.76,-29.28,-39.04,9.76,24.4,-34.16,136.64,-58.56,14.64,-43.92,-14.64,-473.36
9.76,-34.16,-43.92,14.64,24.4,-39.04,131.76,-58.56,14.64,-43.92,-19.52,-478.24
-4.88,-43.92,-39.04,24.4,14.64,-43.92,122,-73.2,9.76,-53.68,-29.28,-478.24
0,-39.04,-39.04,19.52,19.52,-39.04,122,-73.2,0,-58.56,-29.28,-478.24
0,-39.04,-39.04,19.52,19.52,-39.04,122,-73.2,-4.88,-58.56,-24.4,-473.36
0,-39.04,-39.04,19.52,19.52,-39.04,122,-73.2,-9.76,-58.56,-24.4,-473.36
9.76,-29.28,-39.04,9.76,24.4,-34.16,126.88,-63.44,-4.88,-48.8,-14.64,-473.36
9.76,-34.16,-43.92,14.64,24.4,-39.04,131.76,-63.44,0,-48.8,-14.64,-473.36
9.76,-39.04,-48.8,14.64,29.28,-43.92,131.76,-63.44,4.88,-53.68,-19.52,-478.24
-9.76,-39.04,-29.28,24.4,9.76,-34.16,136.64,-63.44,4.88,-53.68,-19.52,-478.24
-9.76,-48.8,-39.04,29.28,14.64,-43.92,141.52,-53.68,14.64,-43.92,-9.76,-488
-4.88,-48.8,-43.92,29.28,19.52,-48.8,141.52,-53.68,9.76,-48.8,-9.76,-488
-4.88,-48.8,-43.92,29.28,19.52,-48.8,136.64,-58.56,9.76,-48.8,-14.64,-488
-4.88,-53.68,-48.8,29.28,19.52,-53.68,136.64,-58.56,9.76,-43.92,-14.64,-488
-9.76,-14.64,-4.88,14.64,-4.88,-9.76,141.52,-68.32,4.88,-53.68,-24.4,-488
0,-24.4,-24.4,14.64,9.76,-24.4,151.28,-53.68,14.64,-43.92,-14.64,-488
-14.64,-58.56,-43.92,39.04,14.64,-53.68,156.16,-58.56,-4.88,-63.44,-24.4,-497.76
-9.76,-68.32,-58.56,39.04,24.4,-63.44,161.04,-58.56,-9.76,-78.08,-53.68,-512.4
0,-68.32,-68.32,34.16,34.16,-68.32,175.68,-48.8,-19.52,-82.96,-58.56,-517.28
-9.76,-78.08,-68.32,43.92,29.28,-73.2,195.2,-34.16,-9.76,-87.84,-58.56,-527.04
-24.4,-102.48,-78.08,63.44,24.4,-92.72,214.72,4.88,-14.64,-87.84,-78.08,-536.8
-29.28,-141.52,-112.24,87.84,39.04,-126.88,258.64,73.2,14.64,-102.48,-92.72,-556.32
-43.92,-131.76,-87.84,87.84,19.52,-112.24,346.48,180.56,73.2,-82.96,-92.72,-570.96
-53.68,-92.72,-39.04,73.2,-9.76,-68.32,380.64,268.4,136.64,-48.8,-78.08,-570.96
-19.52,-43.92,-24.4,34.16,0,-34.16,361.12,322.08,214.72,14.64,-29.28,-556.32
63.44,29.28,-34.16,-43.92,48.8,-4.88,336.72,409.92,356.24,156.16,78.08,-483.12
117.12,107.36,-9.76,-112.24,63.44,48.8,263.52,488,497.76,312.32,204.96,-400.16
126.88,180.56,53.68,-151.28,34.16,117.12,185.44,507.52,595.36,419.68,302.56,-341.6
165.92,283.04,117.12,-224.48,24.4,200.08,151.28,527.04,712.48,551.44,414.8,-268.4
253.76,429.44,175.68,-341.6,39.04,302.56,112.24,575.84,868.64,732,556.32,-165.92
326.96,580.72,253.76,-453.84,34.16,414.8,68.32,624.64,1029.68,922.32,707.6,-48.8
370.88,722.24,351.36,-546.56,9.76,536.8,14.64,683.2,1195.6,1102.88,868.64,73.2
419.68,878.4,458.72,-649.04,-19.52,668.56,-29.28,751.52,1381.04,1298.08,1049.2,195.2
483.12,1015.04,531.92,-746.64,-24.4,771.04,-107.36,785.68,1537.2,1493.28,1224.88,326.96
522.16,1088.24,566.08,-805.2,-24.4,824.72,-190.32,761.28,1600.64,1590.88,1351.76,434.32
541.68,1112.64,570.96,-824.72,-14.64,839.36,-204.96,683.2,1527.44,1581.12,1371.28,492.88
522.16,1102.88,580.72,-810.08,-29.28,839.36,-200.08,507.52,1322.48,1444.48,1317.6,497.76
473.36,1000.4,527.04,-736.88,-29.28,761.28,-209.84,253.76,985.76,1190.72,1166.32,434.32
395.28,819.84,424.56,-605.12,-14.64,619.76,-234.24,-39.04,600.24,868.64,951.6,341.6
356.24,678.32,322.08,-517.28,14.64,497.76,-268.4,-341.6,248.88,585.6,761.28,248.88
356.24,536.8,180.56,-444.08,87.84,356.24,-341.6,-575.84,-48.8,317.2,570.96,151.28
307.44,356.24,48.8,-331.84,126.88,200.08,-405.04,-751.52,-307.44,78.08,380.64,39.04
204.96,204.96,0,-204.96,102.48,102.48,-419.68,-849.12,-463.6,-82.96,244,-43.92
141.52,107.36,-34.16,-122,87.84,34.16,-439.2,-839.36,-502.64,-165.92,161.04,-117.12
126.88,4.88,-122,-63.44,122,-58.56,-468.48,-805.2,-512.4,-219.6,78.08,-195.2
107.36,-63.44,-170.8,-19.52,136.64,-117.12,-463.6,-775.92,-541.68,-297.68,-9.76,-268.4
43.92,-87.84,-131.76,24.4,87.84,-112.24,-405.04,-727.12,-517.28,-326.96,-68.32,-336.72
29.28,-87.84,-117.12,29.28,73.2,-102.48,-322.08,-629.52,-444.08,-297.68,-78.08,-375.76
39.04,-87.84,-126.88,24.4,82.96,-107.36,-234.24,-502.64,-356.24,-244,-58.56,-385.52
63.44,-82.96,-146.4,9.76,102.48,-117.12,-161.04,-400.16,-287.92,-214.72,-58.56,-400.16
63.44,-92.72,-156.16,14.64,107.36,-126.88,-102.48,-326.96,-239.12,-195.2,-68.32,-434.32
39.04,-117.12,-156.16,39.04,97.6,-136.64,-43.92,-268.4,-209.84,-190.32,-78.08,-448.96
4.88,-146.4,-151.28,73.2,78.08,-151.28,0,-219.6,-165.92,-161.04,-68.32,-453.84
0,-146.4,-146.4,73.2,73.2,-146.4,58.56,-165.92,-117.12,-131.76,-53.68,-458.72
9.76,-122,-131.76,58.56,68.32,-126.88,102.48,-107.36,-78.08,-117.12,-43.92,-458.72
19.52,-92.72,-112.24,39.04,63.44,-102.48,126.88,-78.08,-39.04,-92.72,-29.28,-458.72
9.76,-68.32,-78.08,29.28,43.92,-73.2,151.28,-43.92,4.88,-68.32,-9.76,-458.72
0,-82.96,-82.96,43.92,39.04,-82.96,170.8,-14.64,29.28,-48.8,-4.88,-458.72
-19.52,-87.84,-68.32,53.68,24.4,-78.08,180.56,9.76,39.04,-39.04,4.88,-448.96
0,-48.8,-48.8,24.4,24.4,-48.8,180.56,9.76,43.92,-34.16,14.64,-448.96
39.04,4.88,-34.16,-19.52,34.16,-14.64,170.8,0,43.92,-24.4,14.64,-448.96
43.92,19.52,-24.4,-29.28,34.16,-4.88,161.04,-9.76,39.04,-24.4,24.4,-448.96
34.16,19.52,-14.64,-24.4,24.4,0,161.04,-9.76,39.04,-34.16,14.64,-458.72
29.28,9.76,-19.52,-19.52,24.4,-4.88,175.68,0,48.8,-24.4,14.64,-468.48
24.4,-4.88,-29.28,-9.76,24.4,-19.52,180.56,4.88,58.56,-19.52,4.88,-478.24
19.52,-19.52,-39.04,0,29.28,-29.28,195.2,19.52,63.44,-19.52,4.88,-497.76
29.28,-29.28,-58.56,0,43.92,-43.92,214.72,39.04,78.08,-19.52,-9.76,-492.88
24.4,-29.28,-53.68,4.88,39.04,-43.92,214.72,39.04,78.08,-19.52,-9.76,-497.76
24.4,-29.28,-53.68,4.88,39.04,-43.92,209.84,39.04,78.08,-19.52,-9.76,-497.76
24.4,-24.4,-48.8,0,34.16,-39.04,204.96,39.04,78.08,-19.52,-9.76,-497.76
29.28,-4.88,-34.16,-9.76,29.28,-19.52,200.08,29.28,68.32,-24.4,0,-502.64
29.28,4.88,-24.4,-14.64,24.4,-9.76,195.2,29.28,73.2,-24.4,9.76,-488
19.52,-4.88,-24.4,-4.88,19.52,-14.64,190.32,24.4,73.2,-24.4,0,-488
0,-4.88,-4.88,4.88,0,-4.88,190.32,24.4,63.44,-24.4,0,-488
14.64,-4.88,-19.52,-4.88,14.64,-14.64,195.2,29.28,82.96,-14.64,0,-483.12
9.76,-14.64,-24.4,4.88,14.64,-19.52,200.08,39.04,92.72,-9.76,0,-483.12
0,-24.4,-24.4,14.64,9.76,-24.4,204.96,48.8,92.72,-9.76,0,-492.88
-4.88,-24.4,-19.52,14.64,4.88,-24.4,204.96,53.68,92.72,-9.76,0,-492.88
4.88,-9.76,-14.64,4.88,9.76,-14.64,209.84,53.68,102.48,0,4.88,-483.12
9.76,4.88,-4.88,-4.88,4.88,0,214.72,53.68,102.48,0,14.64,-483.12
19.52,19.52,0,-19.52,9.76,9.76,219.6,48.8,102.48,0,19.52,-483.12
29.28,19.52,-9.76,-24.4,19.52,4.88,219.6,48.8,102.48,0,29.28,-483.12
14.64,14.64,0,-14.64,4.88,4.88,214.72,39.04,97.6,-9.76,24.4,-488
24.4,14.64,-9.76,-19.52,14.64,0,214.72,43.92,92.72,-4.88,24.4,-488
29.28,9.76,-19.52,-19.52,24.4,-4.88,209.84,48.8,87.84,-4.88,19.52,-488
29.28,0,-29.28,-14.64,29.28,-14.64,209.84,53.68,87.84,-4.88,9.76,-488
29.28,-9.76,-39.04,-9.76,34.16,-24.4,229.36,68.32,97.6,4.88,19.52,-473.36
29.28,-19.52,-48.8,-4.88,39.04,-34.16,229.36,73.2,102.48,14.64,24.4,-458.72
43.92,0,-43.92,-19.52,43.92,-24.4,229.36,73.2,107.36,14.64,29.28,-453.84
43.92,0,-43.92,-19.52,43.92,-24.4,229.36,82.96,107.36,14.64,29.28,-444.08
34.16,-4.88,-39.04,-14.64,34.16,-24.4,209.84,58.56,97.6,14.64,29.28,-448.96
24.4,-4.88,-29.28,-9.76,24.4,-19.52,209.84,58.56,87.84,9.76,29.28,-448.96
19.52,0,-19.52,-9.76,19.52,-9.76,209.84,58.56,87.84,9.76,34.16,-448.96
9.76,0,-9.76,-4.88,9.76,-4.88,209.84,63.44,92.72,9.76,34.16,-453.84
19.52,14.64,-4.88,-14.64,9.76,4.88,209.84,73.2,92.72,9.76,29.28,-448.96
24.4,14.64,-9.76,-19.52,14.64,0,219.6,78.08,97.6,14.64,29.28,-453.84
24.4,14.64,-9.76,-19.52,14.64,0,219.6,82.96,97.6,14.64,29.28,-458.72
24.4,9.76,-14.64,-14.64,19.52,-4.88,219.6,82.96,107.36,19.52,34.16,-458.72
14.64,0,-14.64,-4.88,14.64,-9.76,214.72,82.96,112.24,9.76,39.04,-458.72
14.64,0,-14.64,-4.88,14.64,-9.76,214.72,82.96,112.24,19.52,43.92,-463.6
24.4,0,-24.4,-9.76,24.4,-14.64,204.96,82.96,112.24,19.52,48.8,-463.6
24.4,9.76,-14.64,-14.64,19.52,-4.88,204.96,82.96,112.24,19.52,48.8,-468.48
24.4,14.64,-9.76,-19.52,14.64,0,214.72,102.48,126.88,29.28,48.8,-468.48
24.4,14.64,-9.76,-19.52,14.64,0,214.72,102.48,126.88,29.28,39.04,-468.48
24.4,14.64,-9.76,-19.52,14.64,0,214.72,102.48,131.76,29.28,39.04,-473.36
24.4,14.64,-9.76,-19.52,14.64,0,214.72,112.24,141.52,39.04,39.04,-483.12
43.92,9.76,-34.16,-24.4,39.04,-14.64,219.6,117.12,131.76,39.04,39.04,-488
34.16,0,-34.16,-14.64,34.16,-19.52,219.6,117.12,131.76,39.04,34.16,-492.88
34.16,0,-34.16,-14.64,34.16,-19.52,219.6,126.88,136.64,39.04,34.16,-492.88
34.16,19.52,-14.64,-24.4,24.4,0,224.48,126.88,141.52,39.04,39.04,-492.88
43.92,34.16,-9.76,-39.04,24.4,9.76,224.48,117.12,151.28,34.16,43.92,-497.76
43.92,34.16,-9.76,-39.04,24.4,9.76,224.48,122,151.28,34.16,43.92,-507.52
43.92,34.16,-9.76,-39.04,24.4,9.76,214.72,126.88,156.16,34.16,43.92,-507.52
48.8,39.04,-9.76,-43.92,29.28,14.64,224.48,136.64,161.04,39.04,43.92,-497.76
48.8,43.92,-4.88,-43.92,24.4,19.52,224.48,151.28,180.56,48.8,43.92,-497.76
53.68,48.8,-4.88,-48.8,29.28,19.52,224.48,156.16,185.44,58.56,43.92,-497.76
73.2,58.56,-14.64,-63.44,43.92,19.52,224.48,161.04,185.44,63.44,48.8,-497.76
73.2,63.44,-9.76,-68.32,39.04,24.4,224.48,161.04,185.44,73.2,48.8,-492.88
58.56,53.68,-4.88,-53.68,29.28,24.4,224.48,170.8,190.32,78.08,53.68,-483.12
58.56,53.68,-4.88,-53.68,29.28,24.4,229.36,180.56,190.32,82.96,68.32,-478.24
78.08,53.68,-24.4,-63.44,48.8,14.64,229.36,190.32,195.2,82.96,73.2,-478.24
87.84,63.44,-24.4,-73.2,53.68,19.52,229.36,195.2,195.2,82.96,73.2,-473.36
87.84,73.2,-14.64,-78.08,48.8,29.28,214.72,200.08,209.84,82.96,63.44,-468.48
82.96,63.44,-19.52,-73.2,48.8,19.52,214.72,204.96,219.6,92.72,68.32,-463.6
73.2,63.44,-9.76,-68.32,39.04,24.4,219.6,209.84,224.48,97.6,73.2,-463.6
73.2,63.44,-9.76,-68.32,39.04,24.4,219.6,214.72,229.36,97.6,78.08,-458.72
78.08,58.56,-19.52,-68.32,48.8,19.52,224.48,219.6,229.36,107.36,73.2,-453.84
73.2,58.56,-14.64,-63.44,43.92,19.52,224.48,224.48,239.12,112.24,78.08,-448.96
68.32,63.44,-4.88,-63.44,34.16,29.28,229.36,234.24,244,117.12,92.72,-439.2
73.2,68.32,-4.88,-68.32,39.04,29.28,229.36,239.12,248.88,122,97.6,-429.44
82.96,87.84,4.88,-82.96,39.04,43.92,224.48,244,248.88,117.12,107.36,-429.44
78.08,87.84,9.76,-82.96,34.16,48.8,224.48,248.88,253.76,117.12,112.24,-429.44
78.08,92.72,14.64,-82.96,29.28,53.68,224.48,258.64,263.52,126.88,122,-429.44
87.84,97.6,9.76,-92.72,39.04,53.68,224.48,263.52,268.4,131.76,126.88,-419.68
97.6,112.24,14.64,-102.48,39.04,63.44,214.72,263.52,273.28,146.4,131.76,-419.68
97.6,112.24,14.64,-102.48,39.04,63.44,214.72,278.16,278.16,151.28,131.76,-419.68
97.6,112.24,14.64,-102.48,39.04,63.44,214.72,283.04,292.8,165.92,151.28,-414.8
97.6,117.12,19.52,-107.36,39.04,68.32,214.72,287.92,297.68,165.92,151.28,-405.04
107.36,117.12,9.76,-112.24,48.8,63.44,219.6,297.68,317.2,175.68,151.28,-395.28
122,126.88,4.88,-122,58.56,63.44,219.6,302.56,322.08,185.44,165.92,-390.4
122,131.76,9.76,-126.88,53.68,68.32,219.6,317.2,331.84,190.32,165.92,-385.52
117.12,126.88,9.76,-122,53.68,68.32,219.6,326.96,336.72,200.08,170.8,-380.64
112.24,136.64,24.4,-122,43.92,78.08,204.96,322.08,341.6,195.2,170.8,-385.52
112.24,136.64,24.4,-122,43.92,78.08,204.96,331.84,341.6,204.96,175.68,-380.64
117.12,141.52,24.4,-126.88,43.92,82.96,200.08,331.84,341.6,209.84,185.44,-370.88
126.88,156.16,29.28,-141.52,48.8,92.72,200.08,341.6,346.48,219.6,190.32,-366
141.52,175.68,34.16,-156.16,53.68,102.48,200.08,361.12,361.12,234.24,200.08,-351.36
141.52,175.68,34.16,-156.16,53.68,102.48,190.32,366,370.88,239.12,209.84,-341.6
141.52,175.68,34.16,-156.16,53.68,102.48,185.44,370.88,370.88,253.76,219.6,-326.96
141.52,195.2,53.68,-165.92,43.92,122,185.44,375.76,380.64,258.64,234.24,-317.2
146.4,200.08,53.68,-170.8,43.92,126.88,195.2,375.76,385.52,273.28,244,-307.44
156.16,209.84,53.68,-180.56,48.8,131.76,195.2,385.52,390.4,278.16,244,-302.56
156.16,214.72,58.56,-185.44,48.8,136.64,195.2,400.16,400.16,287.92,248.88,-297.68
156.16,219.6,63.44,-185.44,43.92,141.52,195.2,400.16,400.16,292.8,258.64,-287.92
146.4,204.96,58.56,-175.68,43.92,131.76,180.56,390.4,390.4,292.8,258.64,-287.92
156.16,204.96,48.8,-180.56,53.68,126.88,175.68,395.28,395.28,297.68,263.52,-278.16
156.16,204.96,48.8,-180.56,53.68,126.88,175.68,395.28,395.28,297.68,273.28,-268.4
156.16,204.96,48.8,-180.56,53.68,126.88,175.68,395.28,395.28,297.68,283.04,-258.64
156.16,214.72,58.56,-185.44,48.8,136.64,180.56,414.8,409.92,297.68,297.68,-263.52
156.16,214.72,58.56,-185.44,48.8,136.64,175.68,414.8,409.92,302.56,297.68,-253.76
156.16,224.48,68.32,-190.32,43.92,146.4,161.04,400.16,409.92,307.44,297.68,-248.88
156.16,224.48,68.32,-190.32,43.92,146.4,156.16,400.16,409.92,307.44,302.56,-244
165.92,234.24,68.32,-200.08,48.8,151.28,165.92,390.4,400.16,312.32,307.44,-239.12
165.92,239.12,73.2,-200.08,43.92,156.16,165.92,390.4,400.16,312.32,307.44,-239.12
170.8,244,73.2,-204.96,48.8,156.16,161.04,390.4,400.16,312.32,302.56,-239.12
170.8,248.88,78.08,-209.84,43.92,161.04,156.16,380.64,390.4,312.32,297.68,-234.24
170.8,258.64,87.84,-214.72,39.04,170.8,156.16,375.76,390.4,307.44,302.56,-234.24
175.68,263.52,87.84,-219.6,43.92,175.68,156.16,370.88,385.52,297.68,292.8,-229.36
175.68,263.52,87.84,-219.6,43.92,175.68,151.28,366,380.64,297.68,302.56,-229.36
170.8,248.88,78.08,-209.84,43.92,161.04,151.28,361.12,380.64,302.56,302.56,-229.36
170.8,248.88,78.08,-209.84,43.92,161.04,151.28,366,390.4,312.32,302.56,-234.24
170.8,234.24,63.44,-200.08,53.68,146.4,156.16,366,380.64,307.44,297.68,-234.24
170.8,234.24,63.44,-200.08,53.68,146.4,156.16,366,380.64,302.56,297.68,-234.24
170.8,234.24,63.44,-200.08,53.68,146.4,156.16,356.24,375.76,302.56,292.8,-244
156.16,229.36,73.2,-190.32,39.04,151.28,146.4,326.96,366,287.92,278.16,-258.64
141.52,209.84,68.32,-175.68,34.16,136.64,146.4,317.2,356.24,278.16,268.4,-268.4
141.52,200.08,58.56,-170.8,39.04,126.88,146.4,307.44,346.48,268.4,263.52,-283.04
141.52,190.32,48.8,-165.92,43.92,117.12,151.28,297.68,336.72,258.64,258.64,-287.92
146.4,204.96,58.56,-175.68,43.92,131.76,156.16,292.8,336.72,258.64,253.76,-292.8
146.4,209.84,63.44,-175.68,39.04,136.64,165.92,283.04,331.84,253.76,244,-297.68
126.88,185.44,58.56,-156.16,34.16,122,170.8,273.28,322.08,239.12,239.12,-307.44
131.76,190.32,58.56,-161.04,34.16,122,180.56,263.52,312.32,229.36,224.48,-307.44
122,190.32,68.32,-156.16,24.4,126.88,180.56,244,292.8,209.84,209.84,-317.2
122,180.56,58.56,-151.28,29.28,117.12,175.68,229.36,273.28,195.2,204.96,-326.96
107.36,161.04,53.68,-131.76,24.4,107.36,170.8,214.72,258.64,175.68,195.2,-336.72
107.36,146.4,39.04,-126.88,34.16,92.72,165.92,204.96,248.88,161.04,185.44,-351.36
112.24,136.64,24.4,-122,43.92,78.08,165.92,180.56,234.24,151.28,175.68,-351.36
102.48,126.88,24.4,-112.24,39.04,73.2,165.92,165.92,219.6,141.52,161.04,-361.12
87.84,122,34.16,-102.48,24.4,78.08,156.16,141.52,204.96,131.76,141.52,-366
78.08,92.72,14.64,-82.96,29.28,53.68,156.16,122,195.2,117.12,126.88,-366
78.08,97.6,19.52,-87.84,29.28,58.56,165.92,122,200.08,117.12,122,-366
78.08,117.12,39.04,-97.6,19.52,78.08,170.8,122,190.32,107.36,117.12,-370.88
78.08,102.48,24.4,-87.84,24.4,63.44,170.8,112.24,180.56,97.6,112.24,-380.64
73.2,92.72,19.52,-82.96,24.4,53.68,170.8,102.48,170.8,82.96,112.24,-395.28
58.56,87.84,29.28,-73.2,14.64,58.56,165.92,82.96,151.28,58.56,97.6,-409.92
58.56,82.96,24.4,-68.32,14.64,53.68,165.92,73.2,141.52,53.68,92.72,-414.8
58.56,78.08,19.52,-68.32,19.52,48.8,165.92,63.44,131.76,43.92,82.96,-419.68
58.56,68.32,9.76,-63.44,24.4,39.04,165.92,43.92,126.88,39.04,63.44,-429.44
34.16,39.04,4.88,-34.16,14.64,19.52,161.04,34.16,107.36,19.52,63.44,-439.2
29.28,24.4,-4.88,-24.4,14.64,9.76,151.28,24.4,102.48,14.64,53.68,-439.2
19.52,19.52,0,-19.52,9.76,9.76,146.4,14.64,92.72,14.64,53.68,-434.32
19.52,14.64,-4.88,-14.64,9.76,4.88,146.4,14.64,92.72,14.64,48.8,-434.32
19.52,29.28,9.76,-24.4,4.88,19.52,156.16,9.76,102.48,19.52,48.8,-448.96
24.4,24.4,0,-24.4,9.76,9.76,151.28,9.76,102.48,9.76,53.68,-453.84
24.4,29.28,4.88,-24.4,9.76,14.64,151.28,0,97.6,9.76,53.68,-453.84
14.64,24.4,9.76,-19.52,0,14.64,151.28,0,92.72,4.88,48.8,-458.72
29.28,24.4,-4.88,-24.4,14.64,9.76,161.04,0,97.6,4.88,43.92,-458.72
34.16,24.4,-9.76,-29.28,19.52,4.88,156.16,-9.76,92.72,4.88,39.04,-463.6
39.04,19.52,-19.52,-29.28,29.28,0,156.16,-14.64,92.72,4.88,34.16,-458.72
43.92,19.52,-24.4,-29.28,34.16,-4.88,151.28,-19.52,87.84,-4.88,34.16,-458.72
39.04,9.76,-29.28,-24.4,34.16,-9.76,141.52,-19.52,92.72,-29.28,24.4,-453.84
34.16,4.88,-29.28,-19.52,29.28,-14.64,141.52,-19.52,92.72,-19.52,24.4,-453.84
24.4,4.88,-19.52,-14.64,19.52,-9.76,141.52,-24.4,92.72,-19.52,24.4,-453.84
19.52,-4.88,-24.4,-4.88,19.52,-14.64,141.52,-34.16,92.72,-19.52,24.4,-453.84
24.4,4.88,-19.52,-14.64,19.52,-9.76,151.28,-24.4,92.72,-19.52,39.04,-444.08
24.4,14.64,-9.76,-19.52,14.64,0,151.28,-14.64,92.72,-19.52,48.8,-444.08
34.16,29.28,-4.88,-29.28,19.52,9.76,151.28,-14.64,92.72,-19.52,39.04,-444.08
34.16,19.52,-14.64,-24.4,24.4,0,151.28,-19.52,92.72,-9.76,39.04,-444.08
19.52,0,-19.52,-9.76,19.52,-9.76,141.52,-24.4,92.72,-19.52,24.4,-448.96
14.64,9.76,-4.88,-9.76,9.76,0,141.52,-34.16,92.72,-19.52,24.4,-453.84
4.88,4.88,0,-4.88,0,0,141.52,-39.04,87.84,-29.28,24.4,-458.72
-4.88,-9.76,-4.88,9.76,0,-9.76,136.64,-43.92,87.84,-29.28,29.28,-458.72
-14.64,-9.76,4.88,14.64,-9.76,-4.88,131.76,-43.92,82.96,-29.28,29.28,-463.6
-14.64,0,14.64,9.76,-14.64,4.88,126.88,-53.68,82.96,-29.28,24.4,-463.6
-14.64,-14.64,0,14.64,-9.76,-9.76,112.24,-58.56,68.32,-34.16,19.52,-473.36
-19.52,-14.64,4.88,19.52,-14.64,-4.88,107.36,-58.56,68.32,-43.92,19.52,-473.36
-14.64,-14.64,0,14.64,-9.76,-9.76,117.12,-43.92,78.08,-34.16,19.52,-468.48
-4.88,-14.64,-9.76,9.76,0,-14.64,126.88,-39.04,78.08,-29.28,19.52,-468.48
0,-19.52,-19.52,9.76,9.76,-19.52,131.76,-39.04,78.08,-29.28,19.52,-468.48
4.88,-19.52,-24.4,9.76,14.64,-24.4,136.64,-39.04,78.08,-29.28,19.52,-463.6
9.76,-4.88,-14.64,0,9.76,-9.76,126.88,-39.04,73.2,-24.4,19.52,-468.48
14.64,-4.88,-19.52,-4.88,14.64,-14.64,126.88,-39.04,78.08,-24.4,19.52,-463.6
19.52,-4.88,-24.4,-4.88,19.52,-14.64,126.88,-48.8,78.08,-34.16,14.64,-463.6
24.4,-4.88,-29.28,-9.76,24.4,-19.52,126.88,-48.8,73.2,-34.16,14.64,-463.6
29.28,0,-29.28,-14.64,29.28,-14.64,117.12,-48.8,73.2,-24.4,14.64,-468.48
9.76,-14.64,-24.4,4.88,14.64,-19.52,117.12,-48.8,63.44,-24.4,14.64,-473.36
4.88,-14.64,-19.52,4.88,9.76,-19.52,117.12,-48.8,63.44,-19.52,19.52,-473.36
4.88,-14.64,-19.52,4.88,9.76,-19.52,117.12,-48.8,68.32,-19.52,19.52,-478.24
4.88,-9.76,-14.64,4.88,9.76,-14.64,122,-58.56,78.08,-29.28,9.76,-478.24
9.76,0,-9.76,-4.88,9.76,-4.88,122,-53.68,73.2,-29.28,9.76,-473.36
14.64,4.88,-9.76,-9.76,9.76,-4.88,122,-53.68,73.2,-34.16,4.88,-478.24
19.52,4.88,-14.64,-9.76,14.64,-4.88,122,-53.68,78.08,-34.16,4.88,-473.36
29.28,9.76,-19.52,-19.52,24.4,-4.88,122,-43.92,68.32,-34.16,14.64,-463.6
29.28,14.64,-14.64,-19.52,19.52,0,122,-43.92,68.32,-34.16,9.76,-458.72
19.52,24.4,4.88,-19.52,4.88,14.64,122,-43.92,68.32,-34.16,9.76,-453.84
19.52,29.28,9.76,-24.4,4.88,19.52,122,-43.92,68.32,-34.16,9.76,-444.08
34.16,14.64,-19.52,-24.4,24.4,-4.88,122,-39.04,73.2,-34.16,14.64,-439.2
34.16,14.64,-19.52,-24.4,24.4,-4.88,122,-39.04,73.2,-34.16,14.64,-439.2
29.28,9.76,-19.52,-19.52,24.4,-4.88,122,-34.16,73.2,-34.16,14.64,-444.08
29.28,0,-29.28,-14.64,29.28,-14.64,122,-34.16,78.08,-34.16,19.52,-444.08
19.52,0,-19.52,-9.76,19.52,-9.76,117.12,-34.16,87.84,-29.28,29.28,-434.32
19.52,4.88,-14.64,-9.76,14.64,-4.88,117.12,-29.28,87.84,-24.4,29.28,-448.96
24.4,14.64,-9.76,-19.52,14.64,0,117.12,-29.28,87.84,-24.4,29.28,-458.72
34.16,19.52,-14.64,-24.4,24.4,0,117.12,-24.4,87.84,-19.52,29.28,-463.6
24.4,-4.88,-29.28,-9.76,24.4,-19.52,117.12,-24.4,78.08,-29.28,24.4,-453.84
29.28,-4.88,-34.16,-9.76,29.28,-19.52,117.12,-24.4,82.96,-24.4,24.4,-453.84
24.4,9.76,-14.64,-14.64,19.52,-4.88,126.88,-14.64,87.84,-14.64,24.4,-453.84
29.28,9.76,-19.52,-19.52,24.4,-4.88,126.88,-9.76,87.84,-9.76,29.28,-448.96
24.4,0,-24.4,-9.76,24.4,-14.64,112.24,-4.88,82.96,-9.76,34.16,-444.08
19.52,0,-19.52,-9.76,19.52,-9.76,112.24,0,82.96,-9.76,34.16,-448.96
24.4,4.88,-19.52,-14.64,19.52,-9.76,112.24,0,82.96,-9.76,34.16,-444.08
19.52,9.76,-9.76,-14.64,14.64,0,117.12,0,87.84,-9.76,39.04,-444.08
29.28,9.76,-19.52,-19.52,24.4,-4.88,117.12,-4.88,82.96,-19.52,39.04,-448.96
39.04,9.76,-29.28,-24.4,34.16,-9.76,112.24,-4.88,82.96,-9.76,39.04,-444.08
24.4,4.88,-19.52,-14.64,19.52,-9.76,112.24,-4.88,82.96,-9.76,34.16,-439.2
24.4,4.88,-19.52,-14.64,19.52,-9.76,112.24,0,87.84,-14.64,29.28,-434.32
19.52,9.76,-9.76,-14.64,14.64,0,112.24,-9.76,82.96,-14.64,39.04,-439.2
19.52,9.76,-9.76,-14.64,14.64,0,112.24,-4.88,82.96,-9.76,39.04,-434.32
19.52,0,-19.52,-9.76,19.52,-9.76,112.24,-4.88,82.96,-9.76,39.04,-434.32
19.52,9.76,-9.76,-14.64,14.64,0,112.24,-4.88,82.96,-9.76,39.04,-434.32
24.4,14.64,-9.76,-19.52,14.64,0,112.24,0,87.84,-9.76,29.28,-439.2
24.4,19.52,-4.88,-19.52,14.64,4.88,112.24,4.88,92.72,-4.88,29.28,-439.2
24.4,29.28,4.88,-24.4,9.76,14.64,112.24,9.76,92.72,-4.88,24.4,-434.32
24.4,34.16,9.76,-29.28,4.88,19.52,112.24,14.64,92.72,-9.76,24.4,-429.44
34.16,14.64,-19.52,-24.4,24.4,-4.88,122,19.52,92.72,-4.88,24.4,-419.68
19.52,14.64,-4.88,-14.64,9.76,4.88,122,19.52,97.6,-4.88,34.16,-419.68
19.52,14.64,-4.88,-14.64,9.76,4.88,122,24.4,102.48,4.88,34.16,-414.8
39.04,29.28,-9.76,-34.16,24.4,9.76,122,24.4,117.12,14.64,34.16,-414.8
29.28,19.52,-9.76,-24.4,19.52,4.88,117.12,19.52,117.12,9.76,34.16,-414.8
29.28,29.28,0,-29.28,14.64,14.64,117.12,19.52,112.24,9.76,39.04,-419.68
34.16,29.28,-4.88,-29.28,19.52,9.76,112.24,14.64,112.24,14.64,39.04,-424.56
34.16,24.4,-9.76,-29.28,19.52,4.88,107.36,14.64,107.36,0,39.04,-424.56
14.64,9.76,-4.88,-9.76,9.76,0,107.36,24.4,97.6,0,24.4,-424.56
9.76,4.88,-4.88,-4.88,4.88,0,107.36,24.4,97.6,0,24.4,-424.56
4.88,4.88,0,-4.88,0,0,107.36,24.4,97.6,4.88,29.28,-424.56
0,0,0,0,0,0,107.36,19.52,92.72,4.88,29.28,-419.68
9.76,4.88,-4.88,-4.88,4.88,0,97.6,9.76,92.72,-4.88,24.4,-419.68
9.76,9.76,0,-9.76,4.88,4.88,97.6,9.76,92.72,-4.88,29.28,-424.56
9.76,14.64,4.88,-9.76,0,9.76,97.6,9.76,97.6,-4.88,29.28,-429.44
0,19.52,19.52,-9.76,-9.76,19.52,97.6,4.88,97.6,-4.88,24.4,-434.32
9.76,19.52,9.76,-14.64,0,14.64,102.48,14.64,107.36,-4.88,24.4,-429.44
9.76,9.76,0,-9.76,4.88,4.88,107.36,14.64,107.36,-4.88,29.28,-434.32
9.76,9.76,0,-9.76,4.88,4.88,112.24,14.64,107.36,0,29.28,-434.32
14.64,4.88,-9.76,-9.76,9.76,-4.88,122,19.52,112.24,0,29.28,-429.44
19.52,14.64,-4.88,-14.64,9.76,4.88,112.24,19.52,112.24,0,39.04,-424.56
24.4,24.4,0,-24.4,9.76,9.76,112.24,19.52,112.24,0,34.16,-424.56
34.16,43.92,9.76,-39.04,9.76,24.4,112.24,19.52,112.24,4.88,34.16,-419.68
39.04,63.44,24.4,-48.8,4.88,43.92,112.24,19.52,112.24,19.52,39.04,-414.8
34.16,48.8,14.64,-39.04,9.76,29.28,102.48,19.52,102.48,14.64,39.04,-424.56
29.28,43.92,14.64,-34.16,4.88,29.28,102.48,14.64,102.48,4.88,34.16,-419.68
34.16,48.8,14.64,-39.04,9.76,29.28,97.6,14.64,97.6,0,29.28,-419.68
29.28,48.8,19.52,-39.04,4.88,34.16,97.6,14.64,92.72,-4.88,24.4,-419.68
29.28,48.8,19.52,-39.04,4.88,34.16,107.36,19.52,92.72,-4.88,29.28,-409.92
24.4,48.8,24.4,-34.16,0,34.16,107.36,14.64,92.72,-4.88,29.28,-409.92
43.92,39.04,-4.88,-39.04,24.4,14.64,107.36,14.64,92.72,-4.88,24.4,-409.92
68.32,48.8,-19.52,-58.56,43.92,14.64,107.36,19.52,92.72,-4.88,24.4,-409.92
43.92,39.04,-4.88,-39.04,24.4,14.64,117.12,19.52,102.48,-9.76,24.4,-400.16
29.28,24.4,-4.88,-24.4,14.64,9.76,117.12,9.76,97.6,-9.76,34.16,-395.28
24.4,24.4,0,-24.4,9.76,9.76,117.12,9.76,97.6,0,39.04,-395.28
43.92,39.04,-4.88,-39.04,24.4,14.64,117.12,9.76,97.6,4.88,39.04,-400.16
53.68,53.68,0,-53.68,24.4,24.4,112.24,19.52,97.6,4.88,34.16,-400.16
53.68,58.56,4.88,-53.68,24.4,29.28,112.24,19.52,97.6,4.88,34.16,-400.16
34.16,58.56,24.4,-43.92,4.88,39.04,102.48,14.64,97.6,-9.76,19.52,-400.16
43.92,63.44,19.52,-53.68,9.76,39.04,102.48,14.64,107.36,-14.64,19.52,-414.8
43.92,58.56,14.64,-48.8,14.64,34.16,102.48,4.88,92.72,-4.88,19.52,-405.04
39.04,43.92,4.88,-39.04,14.64,24.4,102.48,0,87.84,-9.76,14.64,-409.92
29.28,29.28,0,-29.28,14.64,14.64,102.48,0,78.08,-19.52,14.64,-409.92
29.28,19.52,-9.76,-24.4,19.52,4.88,102.48,0,73.2,-9.76,19.52,-405.04
19.52,29.28,9.76,-24.4,4.88,19.52,102.48,0,78.08,-14.64,24.4,-400.16
24.4,34.16,9.76,-29.28,4.88,19.52,107.36,0,82.96,-9.76,29.28,-400.16
24.4,34.16,9.76,-29.28,4.88,19.52,107.36,0,82.96,-9.76,34.16,-400.16
24.4,34.16,9.76,-29.28,4.88,19.52,107.36,0,87.84,-9.76,39.04,-409.92
24.4,43.92,19.52,-34.16,0,29.28,97.6,0,82.96,-14.64,34.16,-405.04
34.16,43.92,9.76,-39.04,9.76,24.4,97.6,0,73.2,-24.4,19.52,-405.04
34.16,48.8,14.64,-39.04,9.76,29.28,97.6,-9.76,68.32,-24.4,14.64,-405.04
34.16,48.8,14.64,-39.04,9.76,29.28,97.6,-9.76,63.44,-24.4,14.64,-405.04
24.4,39.04,14.64,-29.28,4.88,24.4,97.6,0,73.2,-24.4,19.52,-390.4
24.4,29.28,4.88,-24.4,9.76,14.64,92.72,0,73.2,-19.52,19.52,-380.64
24.4,24.4,0,-24.4,9.76,9.76,92.72,0,73.2,-19.52,24.4,-375.76
24.4,24.4,0,-24.4,9.76,9.76,92.72,0,73.2,-19.52,24.4,-370.88
14.64,24.4,9.76,-19.52,0,14.64,92.72,-9.76,68.32,-19.52,24.4,-366
14.64,19.52,4.88,-14.64,4.88,9.76,92.72,-9.76,68.32,-29.28,19.52,-370.88
14.64,19.52,4.88,-14.64,4.88,9.76,92.72,-4.88,68.32,-29.28,19.52,-370.88
14.64,29.28,14.64,-19.52,0,19.52,92.72,-4.88,63.44,-29.28,19.52,-370.88
19.52,19.52,0,-19.52,9.76,9.76,82.96,-9.76,53.68,-29.28,14.64,-361.12
19.52,19.52,0,-19.52,9.76,9.76,82.96,-14.64,53.68,-29.28,0,-370.88
24.4,24.4,0,-24.4,9.76,9.76,82.96,-14.64,58.56,-34.16,0,-375.76
34.16,34.16,0,-34.16,14.64,14.64,82.96,-14.64,58.56,-34.16,9.76,-375.76
19.52,9.76,-9.76,-14.64,14.64,0,92.72,-4.88,53.68,-29.28,14.64,-366
9.76,9.76,0,-9.76,4.88,4.88,92.72,0,48.8,-29.28,9.76,-366
19.52,19.52,0,-19.52,9.76,9.76,92.72,0,48.8,-29.28,14.64,-361.12
19.52,9.76,-9.76,-14.64,14.64,0,92.72,0,48.8,-29.28,9.76,-356.24
4.88,-4.88,-9.76,0,4.88,-9.76,102.48,0,43.92,-29.28,14.64,-356.24
4.88,9.76,4.88,-4.88,0,4.88,102.48,0,43.92,-19.52,14.64,-361.12
19.52,14.64,-4.88,-14.64,9.76,4.88,102.48,4.88,58.56,-29.28,4.88,-361.12
19.52,24.4,4.88,-19.52,4.88,14.64,102.48,9.76,58.56,-29.28,4.88,-361.12
14.64,24.4,9.76,-19.52,0,14.64,92.72,-4.88,43.92,-29.28,4.88,-361.12
9.76,19.52,9.76,-14.64,0,14.64,92.72,-14.64,39.04,-34.16,4.88,-361.12
4.88,0,-4.88,0,4.88,-4.88,92.72,-19.52,39.04,-34.16,4.88,-356.24
-9.76,-14.64,-4.88,14.64,-4.88,-9.76,87.84,-19.52,39.04,-29.28,4.88,-346.48
9.76,19.52,9.76,-14.64,0,14.64,78.08,-9.76,43.92,-29.28,4.88,-346.48
29.28,19.52,-9.76,-24.4,19.52,4.88,78.08,-9.76,48.8,-29.28,4.88,-346.48
39.04,19.52,-19.52,-29.28,29.28,0,82.96,-9.76,58.56,-29.28,4.88,-346.48
43.92,19.52,-24.4,-29.28,34.16,-4.88,82.96,-9.76,63.44,-29.28,4.88,-346.48
39.04,19.52,-19.52,-29.28,29.28,0,82.96,-14.64,48.8,-29.28,-4.88,-351.36
29.28,19.52,-9.76,-24.4,19.52,4.88,82.96,-14.64,43.92,-34.16,0,-351.36
24.4,24.4,0,-24.4,9.76,9.76,82.96,-14.64,39.04,-39.04,0,-351.36
19.52,24.4,4.88,-19.52,4.88,14.64,82.96,-19.52,29.28,-39.04,0,-356.24
29.28,24.4,-4.88,-24.4,14.64,9.76,92.72,-19.52,29.28,-39.04,0,-356.24
29.28,29.28,0,-29.28,14.64,14.64,92.72,-19.52,34.16,-39.04,0,-356.24
39.04,29.28,-9.76,-34.16,24.4,9.76,92.72,-14.64,43.92,-34.16,0,-356.24
43.92,29.28,-14.64,-34.16,29.28,4.88,92.72,-14.64,63.44,-29.28,0,-361.12
53.68,39.04,-14.64,-43.92,34.16,9.76,97.6,-4.88,53.68,-19.52,9.76,-356.24
34.16,34.16,0,-34.16,14.64,14.64,97.6,-4.88,53.68,-19.52,4.88,-351.36
34.16,14.64,-19.52,-24.4,24.4,-4.88,97.6,-9.76,43.92,-24.4,0,-356.24
39.04,24.4,-14.64,-29.28,24.4,4.88,97.6,-9.76,39.04,-24.4,0,-351.36
34.16,29.28,-4.88,-29.28,19.52,9.76,97.6,-14.64,34.16,-24.4,9.76,-346.48
39.04,39.04,0,-39.04,19.52,19.52,97.6,-14.64,34.16,-24.4,9.76,-346.48
39.04,24.4,-14.64,-29.28,24.4,4.88,92.72,-9.76,34.16,-19.52,9.76,-341.6
39.04,39.04,0,-39.04,19.52,19.52,92.72,-9.76,34.16,-19.52,9.76,-336.72
24.4,29.28,4.88,-24.4,9.76,14.64,82.96,-14.64,24.4,-29.28,4.88,-346.48
24.4,24.4,0,-24.4,9.76,9.76,73.2,-14.64,24.4,-39.04,0,-346.48
39.04,24.4,-14.64,-29.28,24.4,4.88,73.2,-14.64,29.28,-29.28,0,-351.36
29.28,34.16,4.88,-29.28,9.76,19.52,87.84,-14.64,29.28,-29.28,0,-351.36
34.16,34.16,0,-34.16,14.64,14.64,87.84,-14.64,24.4,-34.16,0,-346.48
34.16,19.52,-14.64,-24.4,24.4,0,92.72,-19.52,29.28,-34.16,-9.76,-346.48
29.28,19.52,-9.76,-24.4,19.52,4.88,92.72,-29.28,29.28,-39.04,-9.76,-341.6
29.28,29.28,0,-29.28,14.64,14.64,92.72,-34.16,29.28,-39.04,-9.76,-336.72
43.92,43.92,0,-43.92,19.52,19.52,82.96,-24.4,19.52,-39.04,-9.76,-336.72
43.92,43.92,0,-43.92,19.52,19.52,82.96,-24.4,19.52,-39.04,-4.88,-336.72
34.16,29.28,-4.88,-29.28,19.52,9.76,82.96,-19.52,19.52,-48.8,0,-336.72
34.16,19.52,-14.64,-24.4,24.4,0,73.2,-19.52,19.52,-34.16,0,-336.72
43.92,39.04,-4.88,-39.04,24.4,14.64,87.84,-19.52,24.4,-34.16,0,-322.08
53.68,43.92,-9.76,-48.8,29.28,14.64,92.72,-24.4,24.4,-39.04,0,-317.2
58.56,48.8,-9.76,-53.68,34.16,19.52,92.72,-24.4,29.28,-39.04,0,-317.2
63.44,43.92,-19.52,-53.68,39.04,9.76,97.6,-24.4,34.16,-34.16,0,-312.32
48.8,24.4,-24.4,-34.16,34.16,0,87.84,-34.16,29.28,-34.16,0,-307.44
39.04,14.64,-24.4,-24.4,29.28,-4.88,92.72,-34.16,14.64,-43.92,-4.88,-302.56
19.52,24.4,4.88,-19.52,4.88,14.64,92.72,-34.16,19.52,-43.92,-4.88,-297.68
9.76,14.64,4.88,-9.76,0,9.76,92.72,-29.28,14.64,-39.04,-4.88,-292.8
19.52,24.4,4.88,-19.52,4.88,14.64,78.08,-29.28,19.52,-39.04,0,-283.04
9.76,29.28,19.52,-19.52,-4.88,24.4,78.08,-29.28,9.76,-48.8,-9.76,-292.8
19.52,24.4,4.88,-19.52,4.88,14.64,78.08,-29.28,9.76,-48.8,-9.76,-287.92
19.52,19.52,0,-19.52,9.76,9.76,78.08,-29.28,9.76,-48.8,-9.76,-283.04
19.52,14.64,-4.88,-14.64,9.76,4.88,78.08,-29.28,9.76,-48.8,-9.76,-278.16
19.52,9.76,-9.76,-14.64,14.64,0,78.08,-29.28,9.76,-48.8,-9.76,-273.28
34.16,9.76,-24.4,-19.52,29.28,-9.76,82.96,-19.52,9.76,-39.04,0,-268.4
39.04,14.64,-24.4,-24.4,29.28,-4.88,82.96,-19.52,9.76,-39.04,-4.88,-263.52
43.92,24.4,-19.52,-34.16,29.28,0,87.84,-19.52,9.76,-39.04,-4.88,-268.4
48.8,34.16,-14.64,-39.04,29.28,9.76,97.6,-19.52,9.76,-39.04,-4.88,-253.76
39.04,43.92,4.88,-39.04,14.64,24.4,92.72,-29.28,4.88,-48.8,-4.88,-263.52
39.04,34.16,-4.88,-34.16,19.52,14.64,87.84,-29.28,4.88,-48.8,-4.88,-263.52
29.28,34.16,4.88,-29.28,9.76,19.52,82.96,-29.28,0,-48.8,-4.88,-263.52
29.28,34.16,4.88,-29.28,9.76,19.52,78.08,-29.28,0,-48.8,-4.88,-258.64
39.04,29.28,-9.76,-34.16,24.4,9.76,78.08,-29.28,0,-39.04,-14.64,-268.4
34.16,24.4,-9.76,-29.28,19.52,4.88,78.08,-34.16,-4.88,-39.04,-14.64,-273.28
34.16,14.64,-19.52,-24.4,24.4,-4.88,78.08,-34.16,-4.88,-43.92,-14.64,-273.28
34.16,9.76,-24.4,-19.52,29.28,-9.76,73.2,-39.04,-4.88,-48.8,-14.64,-278.16
24.4,9.76,-14.64,-14.64,19.52,-4.88,58.56,-39.04,-14.64,-58.56,-14.64,-273.28
24.4,9.76,-14.64,-14.64,19.52,-4.88,58.56,-39.04,-14.64,-58.56,-19.52,-268.4
24.4,9.76,-14.64,-14.64,19.52,-4.88,58.56,-34.16,-14.64,-58.56,-19.52,-263.52
29.28,9.76,-19.52,-19.52,24.4,-4.88,63.44,-34.16,-14.64,-53.68,-19.52,-258.64
39.04,19.52,-19.52,-29.28,29.28,0,73.2,-24.4,0,-53.68,-19.52,-258.64
43.92,24.4,-19.52,-34.16,29.28,0,73.2,-19.52,0,-48.8,-19.52,-258.64
48.8,29.28,-19.52,-39.04,34.16,4.88,73.2,-19.52,0,-48.8,-14.64,-258.64
53.68,34.16,-19.52,-43.92,34.16,4.88,78.08,-19.52,0,-48.8,-14.64,-258.64
53.68,29.28,-24.4,-39.04,39.04,0,87.84,-19.52,0,-39.04,-24.4,-258.64
48.8,29.28,-19.52,-39.04,34.16,4.88,82.96,-19.52,0,-39.04,-24.4,-258.64
43.92,29.28,-14.64,-34.16,29.28,4.88,82.96,-19.52,0,-39.04,-24.4,-258.64
39.04,24.4,-14.64,-29.28,24.4,4.88,87.84,-14.64,4.88,-39.04,-19.52,-258.64
48.8,34.16,-14.64,-39.04,29.28,9.76,78.08,-14.64,4.88,-34.16,-4.88,-258.64
58.56,39.04,-19.52,-48.8,39.04,9.76,78.08,-14.64,4.88,-34.16,-4.88,-253.76
58.56,43.92,-14.64,-48.8,34.16,14.64,78.08,-14.64,9.76,-34.16,-9.76,-253.76
58.56,48.8,-9.76,-53.68,34.16,19.52,78.08,-14.64,9.76,-29.28,-9.76,-253.76
58.56,48.8,-9.76,-53.68,34.16,19.52,78.08,-19.52,9.76,-39.04,-19.52,-244
58.56,53.68,-4.88,-53.68,29.28,24.4,82.96,-19.52,9.76,-39.04,-19.52,-244
63.44,53.68,-9.76,-58.56,34.16,19.52,92.72,-9.76,19.52,-29.28,-4.88,-234.24
73.2,68.32,-4.88,-68.32,39.04,29.28,107.36,4.88,34.16,-14.64,0,-234.24
87.84,97.6,9.76,-92.72,39.04,53.68,107.36,14.64,39.04,0,14.64,-224.48
87.84,112.24,24.4,-97.6,29.28,68.32,122,29.28,48.8,9.76,24.4,-204.96
82.96,126.88,43.92,-102.48,19.52,82.96,126.88,29.28,53.68,14.64,34.16,-185.44
78.08,131.76,53.68,-102.48,9.76,92.72,126.88,29.28,53.68,14.64,34.16,-175.68
78.08,126.88,48.8,-102.48,14.64,87.84,126.88,29.28,53.68,14.64,34.16,-185.44
87.84,136.64,48.8,-112.24,19.52,92.72,131.76,34.16,53.68,14.64,34.16,-180.56
87.84,136.64,48.8,-112.24,19.52,92.72,131.76,34.16,58.56,14.64,34.16,-180.56
87.84,126.88,39.04,-107.36,24.4,82.96,131.76,34.16,58.56,14.64,34.16,-180.56
92.72,136.64,43.92,-112.24,24.4,87.84,141.52,24.4,58.56,14.64,34.16,-170.8
92.72,136.64,43.92,-112.24,24.4,87.84,141.52,19.52,53.68,4.88,24.4,-175.68
92.72,131.76,39.04,-112.24,24.4,82.96,131.76,14.64,53.68,4.88,24.4,-175.68
97.6,131.76,34.16,-112.24,29.28,82.96,126.88,14.64,53.68,9.76,29.28,-175.68
97.6,136.64,39.04,-117.12,29.28,87.84,126.88,14.64,43.92,9.76,29.28,-175.68
97.6,122,24.4,-107.36,34.16,73.2,117.12,14.64,43.92,9.76,24.4,-180.56
97.6,122,24.4,-107.36,34.16,73.2,107.36,14.64,43.92,9.76,24.4,-180.56
97.6,122,24.4,-107.36,34.16,73.2,92.72,19.52,43.92,9.76,24.4,-170.8
117.12,131.76,14.64,-122,48.8,73.2,78.08,19.52,43.92,9.76,24.4,-165.92
122,122,0,-122,58.56,58.56,68.32,9.76,34.16,0,24.4,-165.92
122,107.36,-14.64,-112.24,68.32,43.92,58.56,4.88,24.4,-4.88,19.52,-165.92
117.12,102.48,-14.64,-107.36,63.44,43.92,58.56,0,19.52,-4.88,14.64,-165.92
92.72,92.72,0,-92.72,43.92,43.92,53.68,0,9.76,-14.64,14.64,-151.28
73.2,82.96,9.76,-78.08,29.28,43.92,68.32,0,14.64,-14.64,19.52,-151.28
63.44,68.32,4.88,-63.44,29.28,34.16,68.32,0,14.64,-14.64,19.52,-146.4
48.8,48.8,0,-48.8,24.4,24.4,68.32,0,9.76,-19.52,9.76,-146.4
48.8,53.68,4.88,-48.8,19.52,29.28,87.84,0,9.76,-14.64,9.76,-136.64
43.92,48.8,4.88,-43.92,19.52,24.4,87.84,0,9.76,-14.64,4.88,-136.64
39.04,43.92,4.88,-39.04,14.64,24.4,87.84,-14.64,4.88,-19.52,-4.88,-146.4
39.04,39.04,0,-39.04,19.52,19.52,87.84,-14.64,-4.88,-19.52,-4.88,-146.4
48.8,43.92,-4.88,-43.92,24.4,19.52,82.96,-19.52,4.88,-29.28,-14.64,-146.4
53.68,43.92,-9.76,-48.8,29.28,14.64,78.08,-24.4,-9.76,-39.04,-14.64,-141.52
58.56,39.04,-19.52,-48.8,39.04,9.76,73.2,-29.28,-14.64,-48.8,-24.4,-151.28
63.44,34.16,-29.28,-48.8,43.92,0,73.2,-34.16,-19.52,-48.8,-24.4,-146.4
48.8,4.88,-43.92,-24.4,43.92,-19.52,63.44,-29.28,-29.28,-63.44,-29.28,-131.76
43.92,0,-43.92,-19.52,43.92,-24.4,63.44,-29.28,-34.16,-63.44,-34.16,-131.76
39.04,-4.88,-43.92,-14.64,39.04,-24.4,68.32,-29.28,-39.04,-63.44,-34.16,-126.88
34.16,-9.76,-43.92,-9.76,39.04,-29.28,68.32,-29.28,-43.92,-63.44,-34.16,-122
24.4,-9.76,-34.16,-4.88,29.28,-24.4,58.56,-34.16,-43.92,-63.44,-43.92,-112.24
19.52,-14.64,-34.16,0,24.4,-24.4,53.68,-39.04,-43.92,-63.44,-48.8,-117.12
9.76,-14.64,-24.4,4.88,14.64,-19.52,53.68,-48.8,-43.92,-63.44,-48.8,-117.12
19.52,-9.76,-29.28,-4.88,24.4,-19.52,53.68,-53.68,-48.8,-68.32,-48.8,-117.12
19.52,-14.64,-34.16,0,24.4,-24.4,43.92,-43.92,-58.56,-68.32,-43.92,-112.24
19.52,-19.52,-39.04,0,29.28,-29.28,43.92,-43.92,-58.56,-68.32,-43.92,-112.24
14.64,-24.4,-39.04,4.88,24.4,-34.16,43.92,-43.92,-58.56,-68.32,-43.92,-112.24
9.76,-34.16,-43.92,14.64,24.4,-39.04,43.92,-43.92,-58.56,-68.32,-43.92,-112.24
4.88,-39.04,-43.92,19.52,24.4,-43.92,39.04,-48.8,-58.56,-73.2,-58.56,-126.88
-19.52,-39.04,-19.52,29.28,0,-29.28,39.04,-53.68,-63.44,-73.2,-58.56,-126.88
-24.4,-39.04,-14.64,34.16,-4.88,-29.28,43.92,-58.56,-63.44,-73.2,-58.56,-126.88
-24.4,-39.04,-14.64,34.16,-4.88,-29.28,43.92,-63.44,-68.32,-78.08,-58.56,-126.88
-4.88,-39.04,-34.16,24.4,14.64,-39.04,58.56,-58.56,-78.08,-78.08,-63.44,-117.12
-24.4,-53.68,-29.28,39.04,0,-43.92,39.04,-58.56,-87.84,-92.72,-63.44,-117.12
-39.04,-73.2,-34.16,58.56,-4.88,-53.68,34.16,-68.32,-92.72,-102.48,-73.2,-117.12
-48.8,-82.96,-34.16,68.32,-9.76,-58.56,34.16,-63.44,-82.96,-92.72,-73.2,-117.12
-24.4,-87.84,-63.44,58.56,19.52,-78.08,58.56,-48.8,-73.2,-92.72,-73.2,-107.36
-9.76,-87.84,-78.08,48.8,34.16,-82.96,63.44,-48.8,-78.08,-97.6,-73.2,-112.24
-29.28,-97.6,-68.32,63.44,19.52,-82.96,58.56,-68.32,-97.6,-122,-107.36,-126.88
-68.32,-126.88,-58.56,97.6,-4.88,-92.72,68.32,-73.2,-126.88,-136.64,-126.88,-146.4
-73.2,-161.04,-87.84,117.12,4.88,-126.88,87.84,-53.68,-122,-146.4,-146.4,-156.16
-68.32,-161.04,-92.72,117.12,9.76,-126.88,131.76,24.4,-92.72,-141.52,-151.28,-175.68
-73.2,-161.04,-87.84,117.12,4.88,-126.88,200.08,151.28,-43.92,-122,-151.28,-180.56
-53.68,-161.04,-107.36,107.36,24.4,-136.64,253.76,258.64,29.28,-87.84,-146.4,-180.56
-19.52,-102.48,-82.96,63.44,29.28,-92.72,253.76,331.84,117.12,-34.16,-97.6,-156.16
4.88,-19.52,-24.4,9.76,14.64,-24.4,229.36,390.4,229.36,78.08,-9.76,-102.48
29.28,39.04,9.76,-34.16,9.76,24.4,165.92,448.96,351.36,204.96,107.36,-29.28
68.32,102.48,34.16,-82.96,14.64,68.32,87.84,468.48,458.72,331.84,214.72,39.04
117.12,214.72,97.6,-165.92,9.76,156.16,63.44,497.76,585.6,473.36,317.2,112.24
175.68,351.36,175.68,-263.52,0,263.52,43.92,546.56,741.76,644.16,458.72,195.2
219.6,463.6,244,-341.6,-14.64,351.36,-9.76,585.6,883.28,824.72,610,302.56
273.28,575.84,302.56,-424.56,-14.64,439.2,-53.68,644.16,1039.44,995.52,751.52,414.8
341.6,741.76,400.16,-541.68,-29.28,570.96,-78.08,732,1205.36,1190.72,922.32,546.56
395.28,897.92,502.64,-644.16,-53.68,697.84,-136.64,785.68,1390.8,1385.92,1098,688.08
434.32,980.88,546.56,-707.6,-58.56,761.28,-248.88,771.04,1493.28,1532.32,1244.4,824.72
483.12,1034.56,551.44,-756.4,-34.16,790.56,-312.32,692.96,1468.88,1571.36,1312.72,902.8
473.36,1054.08,580.72,-761.28,-53.68,814.96,-307.44,546.56,1312.72,1473.76,1298.08,927.2
424.56,980.88,556.32,-702.72,-68.32,766.16,-268.4,331.84,1024.8,1259.04,1166.32,883.28
366,829.6,463.6,-595.36,-48.8,644.16,-263.52,68.32,649.04,936.96,951.6,780.8
317.2,668.56,351.36,-492.88,-19.52,507.52,-287.92,-234.24,268.4,614.88,741.76,668.56
278.16,488,209.84,-380.64,34.16,346.48,-341.6,-517.28,-87.84,317.2,531.92,570.96
209.84,287.92,78.08,-248.88,63.44,180.56,-414.8,-722.24,-375.76,48.8,322.08,458.72
126.88,136.64,9.76,-131.76,58.56,73.2,-448.96,-829.6,-551.44,-141.52,165.92,366
73.2,48.8,-24.4,-58.56,48.8,9.76,-448.96,-839.36,-629.52,-244,63.44,292.8
58.56,-24.4,-82.96,-14.64,68.32,-53.68,-488,-824.72,-668.56,-317.2,-29.28,224.48
48.8,-92.72,-141.52,24.4,92.72,-117.12,-541.68,-824.72,-707.6,-385.52,-117.12,141.52
4.88,-146.4,-151.28,73.2,78.08,-151.28,-541.68,-795.44,-683.2,-424.56,-165.92,82.96
-29.28,-175.68,-146.4,102.48,58.56,-161.04,-488,-717.36,-629.52,-405.04,-204.96,34.16
-48.8,-165.92,-117.12,107.36,34.16,-141.52,-429.44,-610,-551.44,-361.12,-195.2,4.88
-34.16,-170.8,-136.64,102.48,48.8,-156.16,-356.24,-507.52,-473.36,-322.08,-175.68,-9.76
-34.16,-190.32,-156.16,112.24,58.56,-175.68,-278.16,-405.04,-405.04,-283.04,-175.68,-14.64
-48.8,-234.24,-185.44,141.52,68.32,-209.84,-219.6,-326.96,-346.48,-268.4,-185.44,-29.28
-73.2,-263.52,-190.32,170.8,58.56,-229.36,-185.44,-287.92,-322.08,-258.64,-185.44,-24.4
-68.32,-253.76,-185.44,161.04,58.56,-219.6,-146.4,-244,-302.56,-239.12,-180.56,-19.52
-58.56,-239.12,-180.56,151.28,58.56,-209.84,-92.72,-175.68,-263.52,-204.96,-161.04,-19.52
-48.8,-219.6,-170.8,136.64,58.56,-195.2,-29.28,-107.36,-195.2,-170.8,-126.88,0
-68.32,-185.44,-117.12,126.88,24.4,-151.28,-14.64,-82.96,-151.28,-136.64,-107.36,0
-68.32,-151.28,-82.96,112.24,4.88,-117.12,-4.88,-82.96,-126.88,-126.88,-112.24,0
-48.8,-126.88,-78.08,87.84,14.64,-102.48,4.88,-68.32,-117.12,-117.12,-112.24,0
-48.8,-107.36,-58.56,78.08,4.88,-82.96,24.4,-48.8,-102.48,-102.48,-92.72,19.52
-58.56,-102.48,-43.92,82.96,-9.76,-73.2,14.64,-48.8,-102.48,-102.48,-82.96,39.04
-63.44,-117.12,-53.68,92.72,-4.88,-87.84,-4.88,-58.56,-107.36,-112.24,-92.72,39.04
-68.32,-102.48,-34.16,87.84,-19.52,-68.32,-4.88,-58.56,-117.12,-122,-92.72,39.04
-68.32,-107.36,-39.04,87.84,-14.64,-73.2,9.76,-48.8,-107.36,-112.24,-92.72,29.28
-68.32,-117.12,-48.8,92.72,-9.76,-82.96,14.64,-43.92,-97.6,-107.36,-102.48,19.52
-68.32,-126.88,-58.56,97.6,-4.88,-92.72,29.28,-29.28,-92.72,-107.36,-102.48,0
-68.32,-126.88,-58.56,97.6,-4.88,-92.72,48.8,-14.64,-82.96,-102.48,-97.6,4.88
-73.2,-126.88,-53.68,102.48,-9.76,-92.72,48.8,-9.76,-78.08,-97.6,-97.6,0
-73.2,-126.88,-53.68,102.48,-9.76,-92.72,43.92,-4.88,-73.2,-92.72,-97.6,0
-73.2,-122,-48.8,97.6,-14.64,-87.84,39.04,0,-68.32,-87.84,-97.6,0
-68.32,-112.24,-43.92,92.72,-14.64,-78.08,34.16,-4.88,-68.32,-92.72,-92.72,14.64
-68.32,-102.48,-34.16,87.84,-19.52,-68.32,29.28,-9.76,-63.44,-92.72,-87.84,29.28
-78.08,-112.24,-34.16,97.6,-24.4,-73.2,24.4,-19.52,-63.44,-92.72,-102.48,29.28
-97.6,-112.24,-14.64,107.36,-43.92,-63.44,24.4,-24.4,-73.2,-92.72,-107.36,29.28
-68.32,-97.6,-29.28,82.96,-19.52,-63.44,48.8,-14.64,-53.68,-87.84,-92.72,39.04
-68.32,-102.48,-34.16,87.84,-19.52,-68.32,53.68,0,-43.92,-78.08,-87.84,43.92
-73.2,-107.36,-34.16,92.72,-19.52,-73.2,58.56,14.64,-43.92,-73.2,-82.96,39.04
-73.2,-102.48,-29.28,87.84,-24.4,-68.32,58.56,24.4,-43.92,-68.32,-78.08,43.92
-82.96,-107.36,-24.4,97.6,-29.28,-68.32,48.8,14.64,-39.04,-58.56,-87.84,53.68
-78.08,-92.72,-14.64,87.84,-34.16,-53.68,48.8,14.64,-43.92,-58.56,-82.96,53.68
-68.32,-78.08,-9.76,73.2,-29.28,-43.92,48.8,9.76,-48.8,-58.56,-82.96,53.68
-58.56,-78.08,-19.52,68.32,-19.52,-48.8,43.92,9.76,-53.68,-58.56,-78.08,53.68
-63.44,-87.84,-24.4,78.08,-19.52,-58.56,53.68,9.76,-53.68,-68.32,-87.84,53.68
-53.68,-82.96,-29.28,68.32,-14.64,-58.56,58.56,14.64,-53.68,-63.44,-82.96,58.56
-48.8,-82.96,-34.16,68.32,-9.76,-58.56,58.56,19.52,-53.68,-63.44,-82.96,63.44
-48.8,-87.84,-39.04,68.32,-4.88,-63.44,63.44,24.4,-48.8,-63.44,-87.84,68.32
-68.32,-107.36,-39.04,87.84,-14.64,-73.2,63.44,29.28,-48.8,-73.2,-87.84,68.32
-68.32,-117.12,-48.8,92.72,-9.76,-82.96,63.44,34.16,-43.92,-63.44,-82.96,78.08
-53.68,-97.6,-43.92,78.08,-4.88,-73.2,63.44,34.16,-39.04,-63.44,-78.08,78.08
-53.68,-97.6,-43.92,78.08,-4.88,-73.2,63.44,43.92,-39.04,-63.44,-78.08,82.96
-48.8,-92.72,-43.92,73.2,-4.88,-68.32,53.68,29.28,-39.04,-53.68,-78.08,97.6
-53.68,-92.72,-39.04,73.2,-9.76,-68.32,53.68,29.28,-48.8,-58.56,-78.08,97.6
-53.68,-87.84,-34.16,73.2,-9.76,-63.44,53.68,29.28,-48.8,-58.56,-73.2,97.6
-58.56,-87.84,-29.28,73.2,-14.64,-58.56,53.68,34.16,-43.92,-58.56,-73.2,92.72
-58.56,-73.2,-14.64,68.32,-24.4,-43.92,63.44,43.92,-34.16,-48.8,-58.56,97.6
-53.68,-73.2,-19.52,63.44,-19.52,-48.8,73.2,48.8,-29.28,-43.92,-58.56,92.72
-53.68,-73.2,-19.52,63.44,-19.52,-48.8,73.2,53.68,-29.28,-43.92,-58.56,87.84
-53.68,-78.08,-24.4,68.32,-14.64,-53.68,73.2,53.68,-19.52,-39.04,-53.68,87.84
-63.44,-87.84,-24.4,78.08,-19.52,-58.56,68.32,63.44,-14.64,-48.8,-53.68,97.6
-63.44,-87.84,-24.4,78.08,-19.52,-58.56,68.32,63.44,-14.64,-39.04,-53.68,92.72
-53.68,-87.84,-34.16,73.2,-9.76,-63.44,58.56,63.44,-14.64,-39.04,-53.68,92.72
-53.68,-78.08,-24.4,68.32,-14.64,-53.68,58.56,63.44,-14.64,-39.04,-58.56,87.84
-53.68,-78.08,-24.4,68.32,-14.64,-53.68,58.56,63.44,-19.52,-43.92,-63.44,87.84
-53.68,-82.96,-29.28,68.32,-14.64,-58.56,58.56,63.44,-19.52,-48.8,-78.08,87.84
-53.68,-87.84,-34.16,73.2,-9.76,-63.44,58.56,63.44,-14.64,-53.68,-82.96,82.96
-53.68,-92.72,-39.04,73.2,-9.76,-68.32,58.56,73.2,-4.88,-48.8,-87.84,73.2
-53.68,-82.96,-29.28,68.32,-14.64,-58.56,73.2,87.84,4.88,-39.04,-82.96,78.08
-63.44,-87.84,-24.4,78.08,-19.52,-58.56,73.2,87.84,4.88,-39.04,-82.96,82.96
-63.44,-82.96,-19.52,73.2,-24.4,-53.68,73.2,97.6,9.76,-39.04,-78.08,92.72
-63.44,-58.56,4.88,63.44,-34.16,-29.28,78.08,97.6,14.64,-39.04,-68.32,102.48
-48.8,-43.92,4.88,48.8,-29.28,-19.52,78.08,97.6,4.88,-34.16,-63.44,102.48
-43.92,-43.92,0,43.92,-24.4,-24.4,78.08,102.48,4.88,-34.16,-63.44,97.6
-39.04,-43.92,-4.88,43.92,-19.52,-24.4,68.32,107.36,9.76,-34.16,-63.44,102.48
-29.28,-39.04,-9.76,34.16,-9.76,-24.4,78.08,117.12,14.64,-29.28,-63.44,117.12
-29.28,-43.92,-14.64,39.04,-9.76,-29.28,78.08,112.24,19.52,-34.16,-68.32,126.88
-24.4,-48.8,-24.4,39.04,0,-39.04,78.08,117.12,19.52,-29.28,-73.2,126.88
-4.88,-48.8,-43.92,29.28,19.52,-48.8,78.08,122,14.64,-29.28,-73.2,126.88
-4.88,-53.68,-48.8,29.28,19.52,-53.68,78.08,122,9.76,-24.4,-78.08,131.76
-34.16,-58.56,-24.4,48.8,-4.88,-43.92,73.2,122,14.64,-19.52,-73.2,131.76
-39.04,-63.44,-24.4,53.68,-9.76,-43.92,73.2,131.76,14.64,-14.64,-58.56,136.64
-24.4,-68.32,-43.92,48.8,9.76,-58.56,68.32,141.52,19.52,-14.64,-53.68,136.64
-19.52,-63.44,-43.92,43.92,9.76,-53.68,63.44,146.4,19.52,-14.64,-53.68,141.52
-29.28,-43.92,-14.64,39.04,-9.76,-29.28,58.56,141.52,14.64,-14.64,-53.68,136.64
-34.16,-53.68,-19.52,43.92,-9.76,-39.04,58.56,146.4,24.4,-4.88,-48.8,141.52
-43.92,-53.68,-9.76,48.8,-19.52,-34.16,63.44,151.28,29.28,0,-43.92,141.52
-43.92,-53.68,-9.76,48.8,-19.52,-34.16,63.44,156.16,34.16,0,-39.04,146.4
-34.16,-53.68,-19.52,43.92,-9.76,-39.04,68.32,170.8,43.92,19.52,-43.92,151.28
-34.16,-48.8,-14.64,43.92,-9.76,-34.16,68.32,175.68,53.68,24.4,-39.04,156.16
-34.16,-39.04,-4.88,39.04,-14.64,-24.4,73.2,185.44,58.56,29.28,-24.4,165.92
-24.4,-29.28,-4.88,29.28,-9.76,-19.52,73.2,190.32,63.44,34.16,-19.52,175.68
-9.76,-24.4,-14.64,19.52,0,-19.52,58.56,185.44,53.68,29.28,-19.52,170.8
-9.76,-29.28,-19.52,19.52,4.88,-24.4,58.56,190.32,58.56,29.28,-14.64,165.92
-4.88,-29.28,-24.4,19.52,9.76,-29.28,58.56,200.08,68.32,39.04,-4.88,161.04
9.76,-29.28,-39.04,9.76,24.4,-34.16,58.56,204.96,73.2,43.92,0,165.92
14.64,-24.4,-39.04,4.88,24.4,-34.16,58.56,204.96,68.32,48.8,-4.88,161.04
9.76,-24.4,-34.16,9.76,19.52,-29.28,58.56,219.6,73.2,53.68,-4.88,156.16
4.88,-24.4,-29.28,9.76,14.64,-29.28,58.56,224.48,87.84,68.32,14.64,156.16
0,-19.52,-19.52,9.76,9.76,-19.52,58.56,229.36,92.72,68.32,14.64,161.04
9.76,0,-9.76,-4.88,9.76,-4.88,63.44,239.12,112.24,87.84,24.4,151.28
24.4,19.52,-4.88,-19.52,14.64,4.88,63.44,244,117.12,97.6,39.04,156.16
24.4,34.16,9.76,-29.28,4.88,19.52,63.44,258.64,126.88,102.48,39.04,161.04
19.52,39.04,19.52,-29.28,0,29.28,63.44,268.4,131.76,112.24,43.92,165.92
29.28,48.8,19.52,-39.04,4.88,34.16,68.32,273.28,131.76,107.36,53.68,180.56
34.16,48.8,14.64,-39.04,9.76,29.28,68.32,283.04,136.64,117.12,58.56,185.44
43.92,53.68,9.76,-48.8,14.64,29.28,63.44,283.04,141.52,122,68.32,195.2
58.56,68.32,9.76,-63.44,24.4,39.04,63.44,292.8,151.28,131.76,73.2,200.08
48.8,63.44,14.64,-53.68,14.64,39.04,63.44,312.32,165.92,156.16,73.2,209.84
43.92,58.56,14.64,-48.8,14.64,34.16,53.68,317.2,175.68,161.04,82.96,214.72
39.04,53.68,14.64,-43.92,9.76,34.16,48.8,322.08,175.68,175.68,92.72,224.48
34.16,68.32,34.16,-48.8,0,48.8,48.8,326.96,185.44,180.56,107.36,229.36
58.56,78.08,19.52,-68.32,19.52,48.8,48.8,322.08,180.56,180.56,107.36,239.12
68.32,92.72,24.4,-78.08,19.52,58.56,48.8,326.96,185.44,180.56,107.36,244
68.32,102.48,34.16,-82.96,14.64,68.32,48.8,336.72,195.2,185.44,112.24,248.88
68.32,112.24,43.92,-87.84,9.76,78.08,48.8,331.84,195.2,185.44,122,258.64
58.56,102.48,43.92,-78.08,4.88,73.2,43.92,331.84,195.2,204.96,122,258.64
68.32,107.36,39.04,-87.84,14.64,73.2,39.04,336.72,200.08,209.84,126.88,268.4
68.32,112.24,43.92,-87.84,9.76,78.08,39.04,336.72,200.08,209.84,136.64,278.16
68.32,117.12,48.8,-92.72,9.76,82.96,39.04,336.72,200.08,209.84,146.4,287.92
63.44,107.36,43.92,-82.96,9.76,73.2,43.92,336.72,204.96,209.84,141.52,287.92
68.32,107.36,39.04,-87.84,14.64,73.2,39.04,336.72,204.96,214.72,141.52,292.8
73.2,117.12,43.92,-92.72,14.64,78.08,24.4,322.08,204.96,219.6,141.52,292.8
78.08,117.12,39.04,-97.6,19.52,78.08,19.52,322.08,204.96,219.6,146.4,292.8
68.32,117.12,48.8,-92.72,9.76,82.96,24.4,326.96,204.96,224.48,165.92,297.68
68.32,122,53.68,-92.72,4.88,87.84,29.28,331.84,204.96,224.48,170.8,297.68
73.2,126.88,53.68,-97.6,9.76,87.84,29.28,336.72,204.96,224.48,170.8,297.68
73.2,131.76,58.56,-102.48,4.88,92.72,29.28,331.84,195.2,224.48,170.8,302.56
63.44,122,58.56,-92.72,0,87.84,19.52,317.2,185.44,219.6,165.92,292.8
68.32,126.88,58.56,-97.6,4.88,92.72,19.52,312.32,180.56,209.84,156.16,297.68
68.32,126.88,58.56,-97.6,4.88,92.72,14.64,307.44,175.68,209.84,165.92,297.68
63.44,112.24,48.8,-87.84,4.88,78.08,14.64,302.56,175.68,214.72,165.92,297.68
68.32,126.88,58.56,-97.6,4.88,92.72,14.64,287.92,175.68,204.96,161.04,283.04
73.2,117.12,43.92,-92.72,14.64,78.08,19.52,287.92,165.92,200.08,151.28,283.04
78.08,122,43.92,-97.6,14.64,82.96,19.52,287.92,165.92,195.2,146.4,283.04
82.96,126.88,43.92,-102.48,19.52,82.96,19.52,278.16,161.04,195.2,136.64,273.28
68.32,122,53.68,-92.72,4.88,87.84,19.52,263.52,151.28,190.32,131.76,278.16
53.68,102.48,48.8,-78.08,0,73.2,19.52,258.64,141.52,180.56,122,268.4
53.68,92.72,39.04,-73.2,4.88,63.44,19.52,253.76,131.76,170.8,117.12,253.76
53.68,82.96,29.28,-68.32,9.76,53.68,24.4,248.88,122,161.04,112.24,248.88
48.8,78.08,29.28,-63.44,9.76,53.68,14.64,229.36,112.24,151.28,112.24,244
39.04,73.2,34.16,-53.68,0,53.68,19.52,214.72,107.36,146.4,97.6,239.12
9.76,39.04,29.28,-24.4,-9.76,34.16,19.52,200.08,97.6,131.76,87.84,229.36
4.88,34.16,29.28,-19.52,-14.64,29.28,24.4,185.44,87.84,122,68.32,229.36
4.88,43.92,39.04,-24.4,-19.52,39.04,39.04,175.68,78.08,112.24,53.68,224.48
4.88,34.16,29.28,-19.52,-14.64,29.28,39.04,161.04,58.56,97.6,48.8,209.84
-9.76,14.64,24.4,0,-19.52,19.52,39.04,146.4,43.92,78.08,39.04,195.2
-9.76,0,9.76,4.88,-9.76,4.88,39.04,136.64,34.16,63.44,29.28,175.68
-24.4,-4.88,19.52,14.64,-24.4,4.88,39.04,122,29.28,53.68,19.52,170.8
-34.16,-9.76,24.4,24.4,-29.28,4.88,39.04,107.36,14.64,43.92,4.88,156.16
-48.8,-9.76,39.04,29.28,-43.92,14.64,29.28,82.96,0,34.16,-14.64,146.4
-58.56,-34.16,24.4,48.8,-43.92,-4.88,29.28,63.44,-9.76,19.52,-29.28,141.52
-53.68,-39.04,14.64,48.8,-34.16,-14.64,39.04,53.68,-14.64,9.76,-34.16,141.52
-48.8,-19.52,29.28,34.16,-39.04,4.88,43.92,53.68,-24.4,0,-39.04,136.64
-43.92,-34.16,9.76,39.04,-29.28,-14.64,43.92,43.92,-34.16,-9.76,-43.92,126.88
-43.92,-43.92,0,43.92,-24.4,-24.4,43.92,34.16,-43.92,-24.4,-43.92,112.24
-39.04,-43.92,-4.88,43.92,-19.52,-24.4,48.8,19.52,-53.68,-29.28,-53.68,117.12
-39.04,-43.92,-4.88,43.92,-19.52,-24.4,48.8,14.64,-63.44,-34.16,-53.68,112.24
-39.04,-43.92,-4.88,43.92,-19.52,-24.4,48.8,9.76,-73.2,-43.92,-58.56,107.36
-39.04,-48.8,-9.76,43.92,-14.64,-29.28,48.8,-4.88,-78.08,-48.8,-73.2,97.6
-63.44,-73.2,-9.76,68.32,-29.28,-43.92,48.8,-4.88,-78.08,-58.56,-78.08,97.6
-68.32,-82.96,-14.64,78.08,-29.28,-48.8,43.92,-14.64,-82.96,-63.44,-82.96,97.6
-78.08,-82.96,-4.88,82.96,-39.04,-43.92,43.92,-24.4,-92.72,-63.44,-78.08,102.48
-78.08,-82.96,-4.88,82.96,-39.04,-43.92,48.8,-24.4,-92.72,-63.44,-78.08,102.48
-63.44,-68.32,-4.88,68.32,-29.28,-39.04,53.68,-19.52,-102.48,-58.56,-82.96,87.84
-53.68,-73.2,-19.52,63.44,-19.52,-48.8,53.68,-19.52,-102.48,-68.32,-82.96,82.96
-48.8,-68.32,-19.52,58.56,-14.64,-43.92,58.56,-29.28,-107.36,-68.32,-87.84,82.96
-53.68,-73.2,-19.52,63.44,-19.52,-48.8,63.44,-29.28,-112.24,-73.2,-97.6,78.08
-68.32,-87.84,-19.52,78.08,-24.4,-53.68,53.68,-39.04,-117.12,-82.96,-112.24,82.96
-73.2,-92.72,-19.52,82.96,-29.28,-58.56,48.8,-48.8,-122,-82.96,-117.12,73.2
-78.08,-102.48,-24.4,92.72,-29.28,-63.44,48.8,-53.68,-122,-82.96,-122,73.2
-82.96,-107.36,-24.4,97.6,-29.28,-68.32,43.92,-58.56,-126.88,-92.72,-122,68.32
-78.08,-92.72,-14.64,87.84,-34.16,-53.68,53.68,-58.56,-131.76,-97.6,-107.36,68.32
-73.2,-92.72,-19.52,82.96,-29.28,-58.56,53.68,-58.56,-131.76,-87.84,-102.48,73.2
-73.2,-87.84,-14.64,82.96,-29.28,-53.68,53.68,-63.44,-131.76,-87.84,-97.6,78.08
-68.32,-92.72,-24.4,82.96,-24.4,-58.56,53.68,-73.2,-131.76,-87.84,-92.72,82.96
-82.96,-92.72,-9.76,87.84,-39.04,-53.68,53.68,-73.2,-141.52,-92.72,-97.6,68.32
-82.96,-82.96,0,82.96,-43.92,-43.92,53.68,-63.44,-141.52,-97.6,-97.6,63.44
-73.2,-68.32,4.88,73.2,-39.04,-34.16,53.68,-63.44,-141.52,-102.48,-117.12,58.56
-73.2,-78.08,-4.88,78.08,-34.16,-43.92,53.68,-68.32,-141.52,-97.6,-126.88,53.68
-68.32,-92.72,-24.4,82.96,-24.4,-58.56,53.68,-58.56,-131.76,-97.6,-126.88,58.56
-63.44,-78.08,-14.64,73.2,-24.4,-48.8,53.68,-63.44,-131.76,-97.6,-122,63.44
-63.44,-78.08,-14.64,73.2,-24.4,-48.8,53.68,-63.44,-136.64,-107.36,-117.12,68.32
-63.44,-87.84,-24.4,78.08,-19.52,-58.56,48.8,-63.44,-136.64,-107.36,-107.36,78.08
-78.08,-102.48,-24.4,92.72,-29.28,-63.44,39.04,-73.2,-136.64,-107.36,-112.24,68.32
-82.96,-97.6,-14.64,92.72,-34.16,-58.56,39.04,-82.96,-141.52,-107.36,-122,63.44
-87.84,-117.12,-29.28,102.48,-29.28,-73.2,29.28,-87.84,-161.04,-112.24,-131.76,48.8
-97.6,-122,-24.4,112.24,-39.04,-73.2,29.28,-87.84,-165.92,-122,-136.64,43.92
-87.84,-117.12,-29.28,102.48,-29.28,-73.2,43.92,-92.72,-156.16,-112.24,-126.88,43.92
-82.96,-112.24,-29.28,97.6,-29.28,-73.2,48.8,-87.84,-156.16,-107.36,-126.88,39.04
-82.96,-112.24,-29.28,97.6,-29.28,-73.2,48.8,-87.84,-156.16,-107.36,-126.88,34.16
-82.96,-107.36,-24.4,97.6,-29.28,-68.32,48.8,-87.84,-156.16,-107.36,-126.88,34.16
-92.72,-112.24,-19.52,102.48,-39.04,-68.32,48.8,-78.08,-156.16,-112.24,-126.88,39.04
-92.72,-112.24,-19.52,102.48,-39.04,-68.32,48.8,-78.08,-156.16,-112.24,-126.88,43.92
-92.72,-112.24,-19.52,102.48,-39.04,-68.32,48.8,-87.84,-161.04,-122,-131.76,43.92
-92.72,-112.24,-19.52,102.48,-39.04,-68.32,48.8,-87.84,-170.8,-122,-131.76,43.92
-82.96,-107.36,-24.4,97.6,-29.28,-68.32,48.8,-97.6,-170.8,-122,-141.52,34.16
-97.6,-122,-24.4,112.24,-39.04,-73.2,48.8,-97.6,-180.56,-122,-141.52,34.16
-97.6,-122,-24.4,112.24,-39.04,-73.2,48.8,-97.6,-180.56,-117.12,-136.64,39.04
-92.72,-122,-29.28,107.36,-34.16,-78.08,48.8,-97.6,-175.68,-117.12,-136.64,39.04
-92.72,-122,-29.28,107.36,-34.16,-78.08,43.92,-97.6,-175.68,-117.12,-126.88,39.04
-87.84,-117.12,-29.28,102.48,-29.28,-73.2,43.92,-92.72,-180.56,-117.12,-126.88,43.92
-82.96,-117.12,-34.16,102.48,-24.4,-78.08,43.92,-92.72,-180.56,-122,-131.76,39.04
-78.08,-122,-43.92,102.48,-19.52,-82.96,43.92,-92.72,-175.68,-122,-131.76,43.92
-78.08,-112.24,-34.16,97.6,-24.4,-73.2,34.16,-82.96,-175.68,-122,-131.76,58.56
-78.08,-112.24,-34.16,97.6,-24.4,-73.2,34.16,-82.96,-175.68,-122,-136.64,58.56
-87.84,-107.36,-19.52,97.6,-34.16,-63.44,34.16,-82.96,-175.68,-122,-136.64,58.56
-87.84,-107.36,-19.52,97.6,-34.16,-63.44,34.16,-82.96,-175.68,-122,-136.64,63.44
-87.84,-122,-34.16,107.36,-29.28,-78.08,34.16,-82.96,-190.32,-131.76,-141.52,63.44
-92.72,-122,-29.28,107.36,-34.16,-78.08,34.16,-87.84,-190.32,-131.76,-141.52,58.56
-102.48,-126.88,-24.4,117.12,-39.04,-78.08,34.16,-87.84,-190.32,-131.76,-141.52,48.8
-107.36,-136.64,-29.28,122,-39.04,-82.96,34.16,-92.72,-185.44,-131.76,-136.64,43.92
-97.6,-126.88,-29.28,112.24,-34.16,-78.08,34.16,-87.84,-180.56,-126.88,-126.88,53.68
-87.84,-122,-34.16,107.36,-29.28,-78.08,39.04,-78.08,-175.68,-122,-126.88,39.04
-73.2,-112.24,-39.04,92.72,-19.52,-78.08,43.92,-73.2,-170.8,-122,-126.88,29.28
-53.68,-107.36,-53.68,82.96,0,-82.96,48.8,-63.44,-165.92,-117.12,-126.88,24.4
-78.08,-122,-43.92,102.48,-19.52,-82.96,39.04,-73.2,-175.68,-117.12,-131.76,24.4
-78.08,-122,-43.92,102.48,-19.52,-82.96,39.04,-73.2,-170.8,-112.24,-131.76,24.4
-87.84,-107.36,-19.52,97.6,-34.16,-63.44,48.8,-63.44,-165.92,-102.48,-131.76,24.4
-87.84,-107.36,-19.52,97.6,-34.16,-63.44,48.8,-58.56,-165.92,-97.6,-126.88,29.28
-78.08,-107.36,-29.28,92.72,-24.4,-68.32,43.92,-63.44,-170.8,-107.36,-131.76,29.28
-78.08,-107.36,-29.28,92.72,-24.4,-68.32,43.92,-58.56,-170.8,-107.36,-131.76,19.52
-68.32,-102.48,-34.16,87.84,-19.52,-68.32,43.92,-58.56,-170.8,-107.36,-131.76,19.52
-68.32,-97.6,-29.28,82.96,-19.52,-63.44,48.8,-58.56,-165.92,-107.36,-126.88,14.64
-58.56,-92.72,-34.16,78.08,-14.64,-63.44,58.56,-58.56,-151.28,-107.36,-126.88,9.76
-48.8,-87.84,-39.04,68.32,-4.88,-63.44,53.68,-53.68,-151.28,-97.6,-126.88,14.64
-63.44,-87.84,-24.4,78.08,-19.52,-58.56,53.68,-48.8,-151.28,-97.6,-131.76,19.52
-63.44,-82.96,-19.52,73.2,-24.4,-53.68,53.68,-39.04,-146.4,-102.48,-136.64,24.4
-63.44,-82.96,-19.52,73.2,-24.4,-53.68,53.68,-48.8,-151.28,-92.72,-131.76,29.28
-68.32,-87.84,-19.52,78.08,-24.4,-53.68,53.68,-43.92,-151.28,-87.84,-126.88,34.16
-73.2,-102.48,-29.28,87.84,-24.4,-68.32,53.68,-43.92,-151.28,-87.84,-122,34.16
-78.08,-97.6,-19.52,87.84,-29.28,-58.56,53.68,-43.92,-151.28,-87.84,-117.12,34.16
-82.96,-87.84,-4.88,87.84,-39.04,-48.8,43.92,-43.92,-146.4,-87.84,-117.12,24.4
-82.96,-87.84,-4.88,87.84,-39.04,-48.8,43.92,-43.92,-141.52,-82.96,-117.12,19.52
-82.96,-82.96,0,82.96,-43.92,-43.92,43.92,-43.92,-141.52,-82.96,-122,19.52
-82.96,-82.96,0,82.96,-43.92,-43.92,43.92,-43.92,-141.52,-87.84,-122,19.52
-78.08,-78.08,0,78.08,-39.04,-39.04,43.92,-48.8,-146.4,-92.72,-122,14.64
-87.84,-73.2,14.64,82.96,-53.68,-29.28,43.92,-48.8,-146.4,-92.72,-112.24,9.76
-82.96,-68.32,14.64,78.08,-48.8,-29.28,43.92,-43.92,-146.4,-82.96,-112.24,9.76
-58.56,-48.8,9.76,53.68,-34.16,-19.52,43.92,-43.92,-136.64,-73.2,-112.24,4.88
-68.32,-68.32,0,68.32,-34.16,-34.16,43.92,-34.16,-141.52,-82.96,-102.48,9.76
-68.32,-68.32,0,68.32,-34.16,-34.16,48.8,-29.28,-141.52,-78.08,-97.6,9.76
-63.44,-78.08,-14.64,73.2,-24.4,-48.8,48.8,-29.28,-136.64,-68.32,-97.6,9.76
-63.44,-92.72,-29.28,78.08,-19.52,-63.44,48.8,-24.4,-136.64,-78.08,-97.6,14.64
-58.56,-82.96,-24.4,73.2,-19.52,-53.68,48.8,-29.28,-126.88,-78.08,-102.48,4.88
-58.56,-73.2,-14.64,68.32,-24.4,-43.92,48.8,-34.16,-126.88,-78.08,-102.48,4.88
-58.56,-58.56,0,58.56,-29.28,-29.28,48.8,-39.04,-126.88,-73.2,-97.6,4.88
-58.56,-48.8,9.76,53.68,-34.16,-19.52,48.8,-48.8,-131.76,-73.2,-97.6,9.76
-63.44,-53.68,9.76,58.56,-39.04,-24.4,58.56,-43.92,-141.52,-73.2,-92.72,4.88
-68.32,-58.56,9.76,63.44,-39.04,-24.4,58.56,-39.04,-141.52,-73.2,-87.84,4.88
-73.2,-63.44,9.76,68.32,-43.92,-29.28,58.56,-34.16,-136.64,-73.2,-87.84,4.88
-87.84,-68.32,19.52,78.08,-53.68,-24.4,58.56,-34.16,-136.64,-73.2,-92.72,4.88
-87.84,-73.2,14.64,82.96,-53.68,-29.28,48.8,-43.92,-146.4,-82.96,-97.6,-9.76
-87.84,-87.84,0,87.84,-43.92,-43.92,48.8,-43.92,-146.4,-82.96,-97.6,-14.64
-87.84,-92.72,-4.88,92.72,-43.92,-48.8,48.8,-43.92,-146.4,-78.08,-102.48,-14.64
-82.96,-102.48,-19.52,92.72,-34.16,-63.44,53.68,-39.04,-141.52,-78.08,-107.36,-9.76
-82.96,-97.6,-14.64,92.72,-34.16,-58.56,43.92,-48.8,-141.52,-73.2,-97.6,-19.52
-82.96,-92.72,-9.76,87.84,-39.04,-53.68,43.92,-48.8,-141.52,-78.08,-102.48,-24.4
-78.08,-78.08,0,78.08,-39.04,-39.04,43.92,-48.8,-141.52,-78.08,-102.48,-24.4
-78.08,-63.44,14.64,73.2,-48.8,-24.4,43.92,-48.8,-141.52,-68.32,-97.6,-24.4
-87.84,-78.08,9.76,82.96,-48.8,-34.16,48.8,-39.04,-141.52,-68.32,-102.48,-14.64
-87.84,-82.96,4.88,87.84,-48.8,-39.04,53.68,-43.92,-141.52,-73.2,-102.48,-9.76
-78.08,-78.08,0,78.08,-39.04,-39.04,53.68,-43.92,-146.4,-73.2,-102.48,-9.76
-78.08,-78.08,0,78.08,-39.04,-39.04,58.56,-43.92,-151.28,-73.2,-102.48,-9.76
-82.96,-87.84,-4.88,87.84,-39.04,-48.8,48.8,-39.04,-151.28,-82.96,-107.36,-14.64
-92.72,-87.84,4.88,92.72,-48.8,-43.92,48.8,-43.92,-151.28,-82.96,-107.36,-19.52
-78.08,-97.6,-19.52,87.84,-29.28,-58.56,48.8,-43.92,-151.28,-82.96,-112.24,-24.4
-58.56,-87.84,-29.28,73.2,-14.64,-58.56,48.8,-39.04,-151.28,-82.96,-112.24,-29.28
-73.2,-87.84,-14.64,82.96,-29.28,-53.68,39.04,-48.8,-161.04,-82.96,-122,-34.16
-87.84,-102.48,-14.64,97.6,-39.04,-58.56,39.04,-58.56,-165.92,-87.84,-112.24,-34.16
-92.72,-102.48,-9.76,97.6,-43.92,-58.56,39.04,-58.56,-165.92,-82.96,-107.36,-39.04
-73.2,-87.84,-14.64,82.96,-29.28,-53.68,39.04,-58.56,-165.92,-82.96,-107.36,-48.8
-82.96,-97.6,-14.64,92.72,-34.16,-58.56,53.68,-63.44,-165.92,-82.96,-112.24,-39.04
-82.96,-97.6,-14.64,92.72,-34.16,-58.56,53.68,-68.32,-165.92,-82.96,-112.24,-39.04
-102.48,-102.48,0,102.48,-53.68,-53.68,43.92,-78.08,-165.92,-97.6,-126.88,-39.04
-92.72,-102.48,-9.76,97.6,-43.92,-58.56,43.92,-82.96,-156.16,-102.48,-126.88,-53.68
-78.08,-87.84,-9.76,82.96,-34.16,-48.8,43.92,-82.96,-156.16,-87.84,-122,-43.92
-78.08,-92.72,-14.64,87.84,-34.16,-53.68,43.92,-87.84,-156.16,-87.84,-122,-48.8
-82.96,-97.6,-14.64,92.72,-34.16,-58.56,43.92,-87.84,-161.04,-92.72,-117.12,-48.8
-78.08,-97.6,-19.52,87.84,-29.28,-58.56,43.92,-87.84,-161.04,-78.08,-107.36,-43.92
-73.2,-92.72,-19.52,82.96,-29.28,-58.56,53.68,-87.84,-161.04,-78.08,-117.12,-48.8
-63.44,-82.96,-19.52,73.2,-24.4,-53.68,58.56,-87.84,-161.04,-78.08,-117.12,-48.8
-58.56,-78.08,-19.52,68.32,-19.52,-48.8,58.56,-87.84,-165.92,-82.96,-117.12,-48.8
-53.68,-73.2,-19.52,63.44,-19.52,-48.8,58.56,-87.84,-165.92,-87.84,-117.12,-58.56
-58.56,-82.96,-24.4,73.2,-19.52,-53.68,58.56,-87.84,-156.16,-82.96,-112.24,-53.68
-53.68,-82.96,-29.28,68.32,-14.64,-58.56,58.56,-87.84,-161.04,-92.72,-117.12,-53.68
-58.56,-78.08,-19.52,68.32,-19.52,-48.8,58.56,-97.6,-161.04,-92.72,-112.24,-53.68
-63.44,-78.08,-14.64,73.2,-24.4,-48.8,58.56,-97.6,-161.04,-92.72,-102.48,-53.68
-82.96,-73.2,9.76,78.08,-48.8,-34.16,58.56,-87.84,-156.16,-102.48,-102.48,-63.44
-82.96,-78.08,4.88,82.96,-43.92,-39.04,53.68,-87.84,-161.04,-97.6,-107.36,-58.56
-82.96,-78.08,4.88,82.96,-43.92,-39.04,53.68,-87.84,-165.92,-97.6,-107.36,-58.56
-82.96,-73.2,9.76,78.08,-48.8,-34.16,53.68,-87.84,-170.8,-97.6,-112.24,-58.56
-92.72,-78.08,14.64,87.84,-53.68,-34.16,43.92,-97.6,-165.92,-87.84,-112.24,-63.44
-92.72,-87.84,4.88,92.72,-48.8,-43.92,43.92,-97.6,-165.92,-97.6,-117.12,-68.32
-92.72,-92.72,0,92.72,-48.8,-48.8,43.92,-92.72,-165.92,-97.6,-117.12,-68.32
-92.72,-87.84,4.88,92.72,-48.8,-43.92,43.92,-92.72,-170.8,-97.6,-117.12,-68.32
-87.84,-97.6,-9.76,92.72,-39.04,-53.68,43.92,-97.6,-170.8,-97.6,-126.88,-68.32
-87.84,-97.6,-9.76,92.72,-39.04,-53.68,43.92,-102.48,-170.8,-97.6,-136.64,-78.08
-82.96,-92.72,-9.76,87.84,-39.04,-53.68,43.92,-102.48,-165.92,-102.48,-131.76,-82.96
-73.2,-82.96,-9.76,78.08,-34.16,-48.8,43.92,-102.48,-165.92,-102.48,-117.12,-82.96
-97.6,-107.36,-9.76,102.48,-43.92,-58.56,53.68,-92.72,-170.8,-87.84,-112.24,-73.2
-107.36,-107.36,0,107.36,-53.68,-53.68,53.68,-87.84,-175.68,-87.84,-117.12,-73.2
-97.6,-97.6,0,97.6,-48.8,-48.8,53.68,-87.84,-175.68,-87.84,-112.24,-68.32
-97.6,-107.36,-9.76,102.48,-43.92,-58.56,53.68,-87.84,-175.68,-87.84,-117.12,-63.44
-112.24,-122,-9.76,117.12,-53.68,-68.32,43.92,-107.36,-185.44,-92.72,-117.12,-73.2
-112.24,-107.36,4.88,112.24,-58.56,-53.68,43.92,-107.36,-190.32,-87.84,-122,-78.08
-97.6,-102.48,-4.88,102.48,-48.8,-53.68,43.92,-102.48,-180.56,-102.48,-136.64,-78.08
-97.6,-92.72,4.88,97.6,-53.68,-43.92,43.92,-97.6,-185.44,-107.36,-141.52,-78.08
-87.84,-87.84,0,87.84,-43.92,-43.92,53.68,-97.6,-180.56,-107.36,-136.64,-82.96
-87.84,-87.84,0,87.84,-43.92,-43.92,53.68,-102.48,-185.44,-112.24,-131.76,-87.84
-87.84,-102.48,-14.64,97.6,-39.04,-58.56,53.68,-102.48,-185.44,-112.24,-126.88,-87.84
-97.6,-112.24,-14.64,107.36,-43.92,-63.44,48.8,-97.6,-185.44,-107.36,-122,-82.96
-87.84,-97.6,-9.76,92.72,-39.04,-53.68,48.8,-97.6,-195.2,-107.36,-131.76,-97.6
-78.08,-97.6,-19.52,87.84,-29.28,-58.56,48.8,-97.6,-195.2,-107.36,-131.76,-102.48
-78.08,-97.6,-19.52,87.84,-29.28,-58.56,53.68,-97.6,-190.32,-107.36,-131.76,-107.36
-82.96,-97.6,-14.64,92.72,-34.16,-58.56,53.68,-97.6,-190.32,-107.36,-131.76,-112.24
-92.72,-107.36,-14.64,102.48,-39.04,-63.44,43.92,-102.48,-200.08,-107.36,-136.64,-117.12
-97.6,-107.36,-9.76,102.48,-43.92,-58.56,43.92,-102.48,-200.08,-112.24,-136.64,-117.12
-97.6,-102.48,-4.88,102.48,-48.8,-53.68,43.92,-102.48,-200.08,-117.12,-141.52,-117.12
-97.6,-102.48,-4.88,102.48,-48.8,-53.68,43.92,-107.36,-204.96,-117.12,-146.4,-122
-107.36,-107.36,0,107.36,-53.68,-53.68,43.92,-107.36,-200.08,-107.36,-136.64,-117.12
-107.36,-107.36,0,107.36,-53.68,-53.68,43.92,-107.36,-200.08,-107.36,-136.64,-112.24
-97.6,-112.24,-14.64,107.36,-43.92,-63.44,43.92,-102.48,-195.2,-102.48,-136.64,-107.36
-92.72,-117.12,-24.4,107.36,-34.16,-73.2,43.92,-102.48,-180.56,-97.6,-136.64,-107.36
-87.84,-112.24,-24.4,102.48,-34.16,-68.32,48.8,-92.72,-180.56,-87.84,-126.88,-107.36
-102.48,-112.24,-9.76,107.36,-48.8,-63.44,48.8,-92.72,-180.56,-87.84,-131.76,-107.36
-97.6,-126.88,-29.28,112.24,-34.16,-78.08,48.8,-97.6,-190.32,-92.72,-136.64,-117.12
-87.84,-112.24,-24.4,102.48,-34.16,-68.32,48.8,-97.6,-195.2,-92.72,-136.64,-117.12
-92.72,-107.36,-14.64,102.48,-39.04,-63.44,39.04,-112.24,-200.08,-97.6,-136.64,-126.88
-87.84,-97.6,-9.76,92.72,-39.04,-53.68,39.04,-112.24,-200.08,-102.48,-136.64,-131.76
-87.84,-112.24,-24.4,102.48,-34.16,-68.32,34.16,-107.36,-200.08,-102.48,-136.64,-131.76
-87.84,-97.6,-9.76,92.72,-39.04,-53.68,34.16,-107.36,-200.08,-107.36,-136.64,-131.76
-82.96,-97.6,-14.64,92.72,-34.16,-58.56,29.28,-102.48,-200.08,-97.6,-136.64,-141.52
-82.96,-102.48,-19.52,92.72,-34.16,-63.44,24.4,-102.48,-200.08,-107.36,-136.64,-141.52
-68.32,-102.48,-34.16,87.84,-19.52,-68.32,29.28,-102.48,-195.2,-97.6,-131.76,-146.4
-78.08,-92.72,-14.64,87.84,-34.16,-53.68,48.8,-102.48,-195.2,-97.6,-126.88,-146.4
-82.96,-97.6,-14.64,92.72,-34.16,-58.56,48.8,-107.36,-200.08,-102.48,-126.88,-146.4
-82.96,-107.36,-24.4,97.6,-29.28,-68.32,53.68,-107.36,-195.2,-102.48,-136.64,-151.28
-87.84,-102.48,-14.64,97.6,-39.04,-58.56,53.68,-112.24,-195.2,-107.36,-136.64,-151.28
-87.84,-87.84,0,87.84,-43.92,-43.92,53.68,-112.24,-195.2,-107.36,-136.64,-151.28
-92.72,-97.6,-4.88,97.6,-43.92,-53.68,48.8,-122,-204.96,-107.36,-136.64,-161.04
-92.72,-102.48,-9.76,97.6,-43.92,-58.56,43.92,-122,-204.96,-107.36,-131.76,-161.04
-102.48,-122,-19.52,112.24,-43.92,-73.2,39.04,-117.12,-204.96,-117.12,-126.88,-161.04
-102.48,-136.64,-34.16,122,-34.16,-87.84,24.4,-117.12,-204.96,-102.48,-126.88,-161.04
-68.32,-82.96,-14.64,78.08,-29.28,-48.8,63.44,-97.6,-185.44,-92.72,-117.12,-161.04
-97.6,-97.6,0,97.6,-48.8,-48.8,68.32,-97.6,-185.44,-97.6,-126.88,-175.68
-97.6,-107.36,-9.76,102.48,-43.92,-58.56,63.44,-107.36,-195.2,-107.36,-136.64,-175.68
-97.6,-107.36,-9.76,102.48,-43.92,-58.56,58.56,-107.36,-195.2,-107.36,-136.64,-175.68
-97.6,-107.36,-9.76,102.48,-43.92,-58.56,53.68,-107.36,-195.2,-107.36,-136.64,-175.68
-97.6,-107.36,-9.76,102.48,-43.92,-58.56,48.8,-107.36,-195.2,-107.36,-136.64,-175.68
-97.6,-102.48,-4.88,102.48,-48.8,-53.68,48.8,-107.36,-204.96,-97.6,-126.88,-175.68
-97.6,-102.48,-4.88,102.48,-48.8,-53.68,43.92,-107.36,-204.96,-97.6,-131.76,-175.68
-97.6,-97.6,0,97.6,-48.8,-48.8,43.92,-107.36,-204.96,-97.6,-131.76,-185.44
-97.6,-92.72,4.88,97.6,-53.68,-43.92,48.8,-107.36,-204.96,-97.6,-131.76,-175.68
-82.96,-82.96,0,82.96,-43.92,-43.92,48.8,-107.36,-200.08,-97.6,-141.52,-180.56
-78.08,-92.72,-14.64,87.84,-34.16,-53.68,48.8,-107.36,-200.08,-97.6,-141.52,-185.44
-82.96,-92.72,-9.76,87.84,-39.04,-53.68,48.8,-107.36,-204.96,-97.6,-141.52,-190.32
-78.08,-92.72,-14.64,87.84,-34.16,-53.68,48.8,-107.36,-204.96,-97.6,-141.52,-190.32
-92.72,-102.48,-9.76,97.6,-43.92,-58.56,48.8,-117.12,-204.96,-107.36,-141.52,-200.08
-102.48,-102.48,0,102.48,-53.68,-53.68,48.8,-122,-209.84,-107.36,-141.52,-204.96
-107.36,-107.36,0,107.36,-53.68,-53.68,48.8,-122,-209.84,-112.24,-141.52,-204.96
-112.24,-107.36,4.88,112.24,-58.56,-53.68,43.92,-126.88,-209.84,-117.12,-141.52,-209.84
-107.36,-107.36,0,107.36,-53.68,-53.68,39.04,-126.88,-219.6,-117.12,-151.28,-209.84
-102.48,-107.36,-4.88,107.36,-48.8,-58.56,39.04,-126.88,-219.6,-117.12,-156.16,-209.84
-97.6,-107.36,-9.76,102.48,-43.92,-58.56,39.04,-122,-219.6,-117.12,-156.16,-209.84
-87.84,-107.36,-19.52,97.6,-34.16,-63.44,43.92,-122,-219.6,-112.24,-156.16,-209.84
-82.96,-92.72,-9.76,87.84,-39.04,-53.68,53.68,-112.24,-204.96,-112.24,-146.4,-200.08
-82.96,-92.72,-9.76,87.84,-39.04,-53.68,53.68,-107.36,-204.96,-107.36,-146.4,-200.08
-82.96,-92.72,-9.76,87.84,-39.04,-53.68,53.68,-107.36,-204.96,-107.36,-141.52,-200.08
-82.96,-92.72,-9.76,87.84,-39.04,-53.68,58.56,-107.36,-204.96,-107.36,-141.52,-200.08
-87.84,-102.48,-14.64,97.6,-39.04,-58.56,48.8,-117.12,-214.72,-107.36,-131.76,-209.84
-87.84,-97.6,-9.76,92.72,-39.04,-53.68,43.92,-117.12,-214.72,-107.36,-131.76,-209.84
-87.84,-92.72,-4.88,92.72,-43.92,-48.8,43.92,-117.12,-214.72,-107.36,-131.76,-209.84
-87.84,-92.72,-4.88,92.72,-43.92,-48.8,48.8,-112.24,-209.84,-107.36,-126.88,-209.84
-87.84,-92.72,-4.88,92.72,-43.92,-48.8,48.8,-102.48,-200.08,-102.48,-131.76,-209.84
-78.08,-97.6,-19.52,87.84,-29.28,-58.56,48.8,-102.48,-200.08,-102.48,-131.76,-204.96
-78.08,-102.48,-24.4,92.72,-29.28,-63.44,48.8,-102.48,-195.2,-102.48,-136.64,-204.96
-78.08,-107.36,-29.28,92.72,-24.4,-68.32,48.8,-102.48,-195.2,-97.6,-136.64,-204.96
-78.08,-92.72,-14.64,87.84,-34.16,-53.68,39.04,-107.36,-204.96,-97.6,-136.64,-214.72
-78.08,-82.96,-4.88,82.96,-39.04,-43.92,43.92,-107.36,-204.96,-97.6,-136.64,-214.72
-73.2,-78.08,-4.88,78.08,-34.16,-43.92,53.68,-97.6,-195.2,-87.84,-122,-204.96
-63.44,-58.56,4.88,63.44,-34.16,-29.28,68.32,-82.96,-180.56,-73.2,-117.12,-204.96
-58.56,-29.28,29.28,43.92,-43.92,0,68.32,-73.2,-156.16,-63.44,-102.48,-195.2
-58.56,-14.64,43.92,39.04,-53.68,14.64,82.96,-58.56,-146.4,-48.8,-92.72,-185.44
-63.44,0,63.44,34.16,-63.44,29.28,87.84,-58.56,-141.52,-39.04,-82.96,-175.68
-68.32,4.88,73.2,34.16,-73.2,39.04,87.84,-58.56,-141.52,-34.16,-82.96,-175.68
-58.56,0,58.56,29.28,-58.56,29.28,97.6,-58.56,-141.52,-43.92,-92.72,-185.44
-48.8,9.76,58.56,19.52,-53.68,34.16,102.48,-53.68,-141.52,-43.92,-92.72,-180.56
-48.8,9.76,58.56,19.52,-53.68,34.16,102.48,-53.68,-136.64,-43.92,-92.72,-180.56
-48.8,0,48.8,24.4,-48.8,24.4,102.48,-53.68,-136.64,-43.92,-92.72,-180.56
-43.92,-9.76,34.16,29.28,-39.04,9.76,102.48,-73.2,-151.28,-53.68,-92.72,-190.32
-43.92,-9.76,34.16,29.28,-39.04,9.76,102.48,-78.08,-161.04,-63.44,-102.48,-195.2
-43.92,-14.64,29.28,29.28,-39.04,4.88,92.72,-82.96,-165.92,-63.44,-102.48,-195.2
-39.04,-14.64,24.4,29.28,-34.16,4.88,87.84,-82.96,-170.8,-58.56,-97.6,-195.2
-39.04,-19.52,19.52,29.28,-29.28,0,97.6,-73.2,-165.92,-58.56,-87.84,-195.2
-39.04,-34.16,4.88,39.04,-24.4,-14.64,87.84,-73.2,-161.04,-58.56,-92.72,-200.08
-39.04,-34.16,4.88,39.04,-24.4,-14.64,78.08,-73.2,-156.16,-58.56,-92.72,-200.08
-39.04,-34.16,4.88,39.04,-24.4,-14.64,63.44,-68.32,-151.28,-58.56,-92.72,-190.32
-34.16,-34.16,0,34.16,-19.52,-19.52,48.8,-68.32,-161.04,-58.56,-102.48,-200.08
-34.16,-43.92,-9.76,39.04,-14.64,-29.28,39.04,-78.08,-170.8,-68.32,-102.48,-204.96
-39.04,-58.56,-19.52,48.8,-9.76,-39.04,29.28,-82.96,-180.56,-73.2,-107.36,-209.84
-48.8,-63.44,-14.64,58.56,-19.52,-39.04,29.28,-87.84,-185.44,-73.2,-112.24,-214.72
-63.44,-73.2,-9.76,68.32,-29.28,-43.92,24.4,-87.84,-195.2,-73.2,-122,-224.48
-82.96,-73.2,9.76,78.08,-48.8,-34.16,39.04,-87.84,-190.32,-73.2,-117.12,-229.36
-92.72,-78.08,14.64,87.84,-53.68,-34.16,39.04,-87.84,-190.32,-73.2,-117.12,-229.36
-107.36,-87.84,19.52,97.6,-63.44,-34.16,39.04,-87.84,-195.2,-78.08,-126.88,-234.24
-97.6,-78.08,19.52,87.84,-58.56,-29.28,58.56,-87.84,-195.2,-78.08,-117.12,-244
-102.48,-87.84,14.64,97.6,-58.56,-39.04,58.56,-87.84,-195.2,-82.96,-122,-244
-107.36,-97.6,9.76,102.48,-58.56,-43.92,58.56,-102.48,-200.08,-92.72,-131.76,-253.76
-107.36,-107.36,0,107.36,-53.68,-53.68,58.56,-102.48,-209.84,-97.6,-131.76,-253.76
-92.72,-107.36,-14.64,102.48,-39.04,-63.44,53.68,-107.36,-209.84,-97.6,-141.52,-263.52
-82.96,-102.48,-19.52,92.72,-34.16,-63.44,48.8,-112.24,-224.48,-107.36,-141.52,-268.4
-73.2,-102.48,-29.28,87.84,-24.4,-68.32,43.92,-117.12,-229.36,-117.12,-151.28,-287.92
-63.44,-102.48,-39.04,82.96,-14.64,-73.2,43.92,-122,-234.24,-117.12,-151.28,-292.8
-87.84,-122,-34.16,107.36,-29.28,-78.08,34.16,-117.12,-229.36,-112.24,-146.4,-292.8
-92.72,-126.88,-34.16,112.24,-29.28,-82.96,34.16,-117.12,-229.36,-112.24,-151.28,-297.68
-97.6,-131.76,-34.16,117.12,-34.16,-82.96,39.04,-117.12,-229.36,-112.24,-151.28,-297.68
-102.48,-136.64,-34.16,122,-34.16,-87.84,39.04,-117.12,-229.36,-112.24,-151.28,-297.68
-107.36,-146.4,-39.04,126.88,-34.16,-92.72,39.04,-126.88,-239.12,-122,-151.28,-307.44
-117.12,-151.28,-34.16,136.64,-43.92,-92.72,34.16,-126.88,-239.12,-122,-156.16,-312.32
-131.76,-151.28,-19.52,141.52,-58.56,-87.84,34.16,-131.76,-239.12,-122,-156.16,-312.32
-126.88,-146.4,-19.52,136.64,-53.68,-82.96,34.16,-131.76,-244,-126.88,-156.16,-312.32
-112.24,-141.52,-29.28,126.88,-43.92,-87.84,24.4,-131.76,-244,-117.12,-161.04,-317.2
-107.36,-136.64,-29.28,122,-39.04,-82.96,24.4,-131.76,-244,-117.12,-161.04,-317.2
-107.36,-131.76,-24.4,122,-43.92,-78.08,24.4,-131.76,-244,-117.12,-161.04,-317.2
-107.36,-131.76,-24.4,122,-43.92,-78.08,24.4,-131.76,-244,-117.12,-161.04,-317.2
-97.6,-126.88,-29.28,112.24,-34.16,-78.08,29.28,-131.76,-244,-122,-161.04,-312.32
-107.36,-126.88,-19.52,117.12,-43.92,-73.2,29.28,-131.76,-248.88,-122,-156.16,-312.32
-97.6,-126.88,-29.28,112.24,-34.16,-78.08,34.16,-131.76,-248.88,-122,-151.28,-312.32
-82.96,-126.88,-43.92,107.36,-19.52,-87.84,34.16,-131.76,-253.76,-126.88,-146.4,-312.32
-92.72,-126.88,-34.16,112.24,-29.28,-82.96,19.52,-126.88,-253.76,-126.88,-161.04,-322.08
-92.72,-141.52,-48.8,117.12,-24.4,-97.6,29.28,-126.88,-253.76,-122,-161.04,-322.08
-107.36,-141.52,-34.16,126.88,-39.04,-87.84,43.92,-117.12,-239.12,-122,-161.04,-312.32
-117.12,-141.52,-24.4,131.76,-48.8,-82.96,53.68,-112.24,-248.88,-131.76,-170.8,-302.56
-122,-146.4,-24.4,136.64,-48.8,-87.84,48.8,-117.12,-258.64,-141.52,-180.56,-322.08
-117.12,-146.4,-29.28,131.76,-43.92,-87.84,43.92,-126.88,-273.28,-146.4,-190.32,-326.96
-126.88,-175.68,-48.8,151.28,-39.04,-112.24,58.56,-117.12,-263.52,-151.28,-195.2,-341.6
-136.64,-204.96,-68.32,170.8,-34.16,-136.64,78.08,-82.96,-263.52,-156.16,-204.96,-341.6
-141.52,-219.6,-78.08,180.56,-34.16,-151.28,107.36,-43.92,-258.64,-156.16,-214.72,-361.12
-146.4,-239.12,-92.72,195.2,-29.28,-165.92,170.8,34.16,-239.12,-161.04,-229.36,-390.4
-151.28,-239.12,-87.84,195.2,-34.16,-165.92,239.12,151.28,-180.56,-151.28,-239.12,-405.04
-122,-180.56,-58.56,151.28,-34.16,-122,273.28,239.12,-107.36,-107.36,-214.72,-405.04
-78.08,-102.48,-24.4,92.72,-29.28,-63.44,253.76,292.8,-9.76,-14.64,-136.64,-370.88
-24.4,-19.52,4.88,24.4,-14.64,-9.76,200.08,370.88,131.76,126.88,-29.28,-287.92
19.52,48.8,29.28,-34.16,-4.88,39.04,126.88,429.44,263.52,273.28,87.84,-195.2
48.8,131.76,82.96,-87.84,-19.52,107.36,68.32,448.96,380.64,400.16,195.2,-117.12
78.08,224.48,146.4,-151.28,-34.16,185.44,34.16,478.24,507.52,551.44,326.96,-34.16
117.12,341.6,224.48,-229.36,-53.68,283.04,-14.64,527.04,663.68,722.24,488,78.08
170.8,473.36,302.56,-322.08,-68.32,385.52,-68.32,566.08,805.2,902.8,629.52,175.68
244,624.64,380.64,-434.32,-68.32,502.64,-102.48,634.4,971.12,1083.36,780.8,278.16
312.32,790.56,478.24,-551.44,-82.96,634.4,-146.4,702.72,1146.8,1278.56,951.6,409.92
385.52,936.96,551.44,-658.8,-82.96,741.76,-224.48,717.36,1293.2,1454.24,1117.52,531.92
414.8,990.64,575.84,-702.72,-82.96,780.8,-287.92,653.92,1307.84,1522.56,1205.36,629.52
385.52,966.24,580.72,-673.44,-97.6,771.04,-302.56,527.04,1185.84,1454.24,1195.6,678.32
346.48,927.2,580.72,-634.4,-117.12,751.52,-287.92,341.6,941.84,1278.56,1112.64,663.68
307.44,834.48,527.04,-570.96,-112.24,678.32,-268.4,107.36,614.88,1005.28,932.08,590.48
258.64,653.92,395.28,-453.84,-68.32,522.16,-283.04,-185.44,229.36,683.2,727.12,478.24
209.84,463.6,253.76,-336.72,-24.4,356.24,-336.72,-478.24,-131.76,400.16,527.04,375.76
180.56,302.56,122,-239.12,29.28,209.84,-419.68,-692.96,-429.44,141.52,336.72,268.4
141.52,161.04,19.52,-151.28,58.56,87.84,-463.6,-839.36,-658.8,-68.32,165.92,156.16
78.08,58.56,-19.52,-68.32,48.8,19.52,-458.72,-888.16,-766.16,-209.84,48.8,73.2
14.64,-39.04,-53.68,14.64,34.16,-48.8,-488,-878.4,-824.72,-302.56,-53.68,-19.52
0,-122,-122,63.44,58.56,-122,-556.32,-873.52,-854,-375.76,-156.16,-97.6
-19.52,-170.8,-151.28,97.6,63.44,-161.04,-541.68,-834.48,-844.24,-414.8,-204.96,-151.28
-53.68,-195.2,-141.52,126.88,43.92,-170.8,-473.36,-766.16,-800.32,-414.8,-234.24,-190.32
-78.08,-185.44,-107.36,131.76,14.64,-146.4,-429.44,-678.32,-727.12,-385.52,-253.76,-229.36
-58.56,-165.92,-107.36,112.24,24.4,-136.64,-370.88,-580.72,-649.04,-341.6,-234.24,-248.88
-63.44,-200.08,-136.64,131.76,34.16,-170.8,-287.92,-478.24,-580.72,-292.8,-224.48,-263.52
-73.2,-258.64,-185.44,165.92,53.68,-224.48,-229.36,-385.52,-522.16,-273.28,-234.24,-287.92
-107.36,-292.8,-185.44,200.08,39.04,-239.12,-180.56,-336.72,-492.88,-258.64,-234.24,-312.32
-112.24,-283.04,-170.8,200.08,29.28,-229.36,-146.4,-287.92,-468.48,-239.12,-224.48,-307.44
-78.08,-263.52,-185.44,170.8,53.68,-224.48,-87.84,-224.48,-419.68,-219.6,-219.6,-322.08
-68.32,-219.6,-151.28,146.4,39.04,-185.44,-34.16,-165.92,-380.64,-204.96,-209.84,-331.84
-87.84,-190.32,-102.48,141.52,4.88,-146.4,0,-136.64,-341.6,-180.56,-195.2,-331.84
-97.6,-185.44,-87.84,141.52,-4.88,-136.64,14.64,-122,-307.44,-156.16,-175.68,-331.84
-107.36,-180.56,-73.2,146.4,-19.52,-126.88,24.4,-102.48,-283.04,-146.4,-170.8,-331.84
-107.36,-165.92,-58.56,136.64,-24.4,-112.24,24.4,-87.84,-263.52,-126.88,-151.28,-312.32
-97.6,-146.4,-48.8,122,-24.4,-97.6,24.4,-78.08,-248.88,-102.48,-122,-292.8
-87.84,-131.76,-43.92,112.24,-24.4,-87.84,14.64,-78.08,-248.88,-92.72,-102.48,-292.8
-92.72,-126.88,-34.16,112.24,-29.28,-82.96,4.88,-87.84,-253.76,-92.72,-112.24,-312.32
-92.72,-117.12,-24.4,107.36,-34.16,-73.2,14.64,-87.84,-263.52,-97.6,-122,-317.2
-87.84,-117.12,-29.28,102.48,-29.28,-73.2,29.28,-78.08,-253.76,-92.72,-122,-331.84
-82.96,-122,-39.04,102.48,-24.4,-82.96,34.16,-73.2,-244,-92.72,-131.76,-346.48
-78.08,-126.88,-48.8,102.48,-14.64,-87.84,48.8,-58.56,-239.12,-97.6,-131.76,-370.88
-87.84,-131.76,-43.92,112.24,-24.4,-87.84,68.32,-39.04,-224.48,-97.6,-146.4,-366
-92.72,-126.88,-34.16,112.24,-29.28,-82.96,68.32,-39.04,-224.48,-97.6,-146.4,-370.88
-92.72,-122,-29.28,107.36,-34.16,-78.08,63.44,-39.04,-224.48,-97.6,-146.4,-370.88
-92.72,-112.24,-19.52,102.48,-39.04,-68.32,58.56,-39.04,-224.48,-97.6,-146.4,-370.88
-92.72,-112.24,-19.52,102.48,-39.04,-68.32,43.92,-48.8,-224.48,-82.96,-136.64,-366
-87.84,-102.48,-14.64,97.6,-39.04,-58.56,39.04,-48.8,-219.6,-82.96,-126.88,-351.36
-92.72,-112.24,-19.52,102.48,-39.04,-68.32,34.16,-53.68,-219.6,-82.96,-136.64,-351.36
-107.36,-112.24,-4.88,112.24,-53.68,-58.56,34.16,-53.68,-229.36,-82.96,-136.64,-351.36
-78.08,-97.6,-19.52,87.84,-29.28,-58.56,58.56,-39.04,-219.6,-82.96,-126.88,-351.36
-78.08,-102.48,-24.4,92.72,-29.28,-63.44,63.44,-29.28,-209.84,-78.08,-126.88,-356.24
-82.96,-107.36,-24.4,97.6,-29.28,-68.32,68.32,-19.52,-209.84,-78.08,-126.88,-370.88
-82.96,-102.48,-19.52,92.72,-34.16,-63.44,68.32,-14.64,-209.84,-78.08,-126.88,-375.76
-87.84,-102.48,-14.64,97.6,-39.04,-58.56,58.56,-24.4,-209.84,-68.32,-126.88,-370.88
-87.84,-92.72,-4.88,92.72,-43.92,-48.8,58.56,-24.4,-209.84,-68.32,-122,-366
-82.96,-82.96,0,82.96,-43.92,-43.92,58.56,-29.28,-209.84,-68.32,-122,-361.12
-78.08,-87.84,-9.76,82.96,-34.16,-48.8,53.68,-29.28,-209.84,-68.32,-117.12,-356.24
-102.48,-97.6,4.88,102.48,-53.68,-48.8,58.56,-14.64,-204.96,-58.56,-107.36,-361.12
-92.72,-92.72,0,92.72,-48.8,-48.8,68.32,-4.88,-200.08,-53.68,-102.48,-361.12
-87.84,-92.72,-4.88,92.72,-43.92,-48.8,73.2,4.88,-195.2,-53.68,-102.48,-361.12
-87.84,-97.6,-9.76,92.72,-39.04,-53.68,82.96,14.64,-185.44,-53.68,-107.36,-361.12
-107.36,-107.36,0,107.36,-53.68,-53.68,82.96,9.76,-190.32,-58.56,-112.24,-351.36
-107.36,-117.12,-9.76,112.24,-48.8,-63.44,82.96,14.64,-190.32,-53.68,-112.24,-341.6
-92.72,-97.6,-4.88,97.6,-43.92,-53.68,82.96,14.64,-190.32,-58.56,-112.24,-341.6
-92.72,-97.6,-4.88,97.6,-43.92,-53.68,82.96,24.4,-195.2,-63.44,-117.12,-336.72
-92.72,-102.48,-9.76,97.6,-43.92,-58.56,63.44,9.76,-195.2,-53.68,-112.24,-331.84
-92.72,-102.48,-9.76,97.6,-43.92,-58.56,63.44,9.76,-204.96,-58.56,-107.36,-331.84
-87.84,-97.6,-9.76,92.72,-39.04,-53.68,63.44,9.76,-204.96,-58.56,-97.6,-331.84
-87.84,-97.6,-9.76,92.72,-39.04,-53.68,63.44,14.64,-200.08,-58.56,-92.72,-336.72
-102.48,-102.48,0,102.48,-53.68,-53.68,53.68,24.4,-200.08,-68.32,-92.72,-331.84
-102.48,-102.48,0,102.48,-53.68,-53.68,63.44,29.28,-195.2,-63.44,-97.6,-336.72
-107.36,-102.48,4.88,107.36,-58.56,-48.8,63.44,34.16,-195.2,-63.44,-102.48,-341.6
-112.24,-107.36,4.88,112.24,-58.56,-53.68,63.44,34.16,-185.44,-58.56,-102.48,-341.6
-107.36,-107.36,0,107.36,-53.68,-53.68,73.2,58.56,-170.8,-48.8,-107.36,-351.36
-102.48,-107.36,-4.88,107.36,-48.8,-58.56,78.08,73.2,-170.8,-39.04,-102.48,-356.24
-87.84,-107.36,-19.52,97.6,-34.16,-63.44,73.2,87.84,-170.8,-39.04,-97.6,-356.24
-82.96,-97.6,-14.64,92.72,-34.16,-58.56,78.08,102.48,-170.8,-39.04,-97.6,-361.12
-92.72,-82.96,9.76,87.84,-53.68,-39.04,68.32,112.24,-175.68,-39.04,-87.84,-370.88
-92.72,-82.96,9.76,87.84,-53.68,-39.04,68.32,112.24,-175.68,-39.04,-97.6,-370.88
-92.72,-82.96,9.76,87.84,-53.68,-39.04,68.32,112.24,-170.8,-39.04,-97.6,-375.76
-92.72,-82.96,9.76,87.84,-53.68,-39.04,68.32,122,-161.04,-29.28,-97.6,-385.52
-68.32,-82.96,-14.64,78.08,-29.28,-48.8,78.08,126.88,-156.16,-19.52,-92.72,-380.64
-73.2,-87.84,-14.64,82.96,-29.28,-53.68,82.96,126.88,-151.28,-19.52,-92.72,-385.52
-68.32,-82.96,-14.64,78.08,-29.28,-48.8,87.84,136.64,-141.52,-19.52,-87.84,-385.52
-63.44,-58.56,4.88,63.44,-34.16,-29.28,97.6,136.64,-131.76,-19.52,-78.08,-385.52
-63.44,-63.44,0,63.44,-34.16,-34.16,97.6,126.88,-141.52,-14.64,-78.08,-390.4
-63.44,-63.44,0,63.44,-34.16,-34.16,97.6,131.76,-141.52,-14.64,-82.96,-400.16
-63.44,-63.44,0,63.44,-34.16,-34.16,87.84,136.64,-136.64,-14.64,-87.84,-400.16
-58.56,-58.56,0,58.56,-29.28,-29.28,97.6,146.4,-131.76,-9.76,-92.72,-390.4
-68.32,-48.8,19.52,58.56,-43.92,-14.64,92.72,151.28,-122,-14.64,-92.72,-400.16
-63.44,-48.8,14.64,58.56,-39.04,-19.52,87.84,156.16,-117.12,-9.76,-92.72,-400.16
-43.92,-43.92,0,43.92,-24.4,-24.4,82.96,161.04,-117.12,-9.76,-87.84,-400.16
-43.92,-43.92,0,43.92,-24.4,-24.4,78.08,161.04,-117.12,-4.88,-87.84,-395.28
-58.56,-43.92,14.64,53.68,-39.04,-14.64,78.08,156.16,-122,9.76,-87.84,-385.52
-58.56,-43.92,14.64,53.68,-39.04,-14.64,82.96,161.04,-122,14.64,-78.08,-380.64
-39.04,-43.92,-4.88,43.92,-19.52,-24.4,82.96,165.92,-117.12,14.64,-78.08,-380.64
-29.28,-34.16,-4.88,34.16,-14.64,-19.52,82.96,165.92,-117.12,14.64,-82.96,-375.76
-34.16,-39.04,-4.88,39.04,-14.64,-24.4,78.08,180.56,-112.24,14.64,-73.2,-380.64
-43.92,-53.68,-9.76,48.8,-19.52,-34.16,78.08,185.44,-102.48,24.4,-68.32,-375.76
-58.56,-58.56,0,58.56,-29.28,-29.28,82.96,190.32,-97.6,29.28,-63.44,-375.76
-63.44,-63.44,0,63.44,-34.16,-34.16,82.96,195.2,-92.72,29.28,-58.56,-370.88
-43.92,-58.56,-14.64,53.68,-14.64,-39.04,87.84,200.08,-82.96,39.04,-43.92,-366
-43.92,-48.8,-4.88,48.8,-19.52,-29.28,87.84,204.96,-73.2,43.92,-39.04,-361.12
-43.92,-34.16,9.76,39.04,-29.28,-14.64,92.72,214.72,-68.32,48.8,-24.4,-351.36
-34.16,-19.52,14.64,29.28,-24.4,-4.88,92.72,219.6,-63.44,53.68,-19.52,-341.6
-34.16,-14.64,19.52,24.4,-29.28,0,82.96,214.72,-63.44,48.8,-14.64,-346.48
-39.04,-19.52,19.52,29.28,-29.28,0,78.08,219.6,-58.56,48.8,-14.64,-351.36
-39.04,-19.52,19.52,29.28,-29.28,0,73.2,229.36,-48.8,58.56,-9.76,-356.24
-29.28,-19.52,9.76,24.4,-19.52,-4.88,68.32,234.24,-43.92,63.44,-9.76,-351.36
-19.52,-4.88,14.64,14.64,-19.52,4.88,68.32,244,-39.04,78.08,4.88,-341.6
-19.52,-4.88,14.64,14.64,-19.52,4.88,68.32,258.64,-34.16,82.96,4.88,-341.6
-19.52,-4.88,14.64,14.64,-19.52,4.88,68.32,263.52,-19.52,97.6,24.4,-336.72
-19.52,0,19.52,9.76,-19.52,9.76,68.32,268.4,-14.64,97.6,24.4,-326.96
0,4.88,4.88,0,-4.88,4.88,63.44,268.4,-14.64,102.48,29.28,-331.84
14.64,19.52,4.88,-14.64,4.88,9.76,63.44,273.28,-9.76,107.36,39.04,-331.84
14.64,29.28,14.64,-19.52,0,19.52,63.44,287.92,0,107.36,34.16,-331.84
9.76,29.28,19.52,-19.52,-4.88,24.4,63.44,297.68,4.88,112.24,34.16,-331.84
0,39.04,39.04,-19.52,-19.52,39.04,68.32,302.56,24.4,126.88,39.04,-317.2
-4.88,39.04,43.92,-14.64,-24.4,39.04,68.32,312.32,29.28,136.64,48.8,-312.32
-4.88,43.92,48.8,-19.52,-29.28,43.92,63.44,312.32,34.16,141.52,63.44,-302.56
0,58.56,58.56,-29.28,-29.28,58.56,63.44,322.08,43.92,151.28,73.2,-297.68
-4.88,63.44,68.32,-29.28,-39.04,63.44,63.44,331.84,53.68,156.16,73.2,-287.92
-4.88,58.56,63.44,-24.4,-34.16,58.56,53.68,336.72,58.56,161.04,82.96,-283.04
-4.88,53.68,58.56,-24.4,-34.16,53.68,48.8,341.6,53.68,175.68,92.72,-273.28
-4.88,68.32,73.2,-29.28,-39.04,68.32,48.8,346.48,58.56,180.56,107.36,-268.4
19.52,78.08,58.56,-48.8,-19.52,68.32,58.56,346.48,73.2,195.2,126.88,-248.88
39.04,92.72,53.68,-63.44,-9.76,73.2,58.56,356.24,78.08,200.08,126.88,-244
48.8,102.48,53.68,-73.2,-4.88,78.08,58.56,370.88,87.84,209.84,131.76,-239.12
58.56,112.24,53.68,-82.96,0,82.96,58.56,370.88,87.84,214.72,141.52,-229.36
53.68,107.36,53.68,-78.08,0,78.08,53.68,361.12,78.08,219.6,131.76,-234.24
58.56,107.36,48.8,-82.96,4.88,78.08,48.8,366,82.96,219.6,136.64,-229.36
53.68,107.36,53.68,-78.08,0,78.08,48.8,366,82.96,214.72,146.4,-224.48
48.8,107.36,58.56,-78.08,-4.88,82.96,48.8,366,82.96,209.84,156.16,-219.6
39.04,107.36,68.32,-73.2,-14.64,87.84,48.8,370.88,87.84,219.6,156.16,-224.48
39.04,107.36,68.32,-73.2,-14.64,87.84,48.8,366,87.84,224.48,151.28,-214.72
39.04,117.12,78.08,-78.08,-19.52,97.6,39.04,346.48,87.84,229.36,146.4,-209.84
39.04,117.12,78.08,-78.08,-19.52,97.6,39.04,341.6,87.84,229.36,146.4,-204.96
43.92,131.76,87.84,-87.84,-24.4,107.36,48.8,346.48,92.72,239.12,170.8,-200.08
48.8,141.52,92.72,-92.72,-24.4,117.12,48.8,351.36,97.6,244,180.56,-200.08
58.56,151.28,92.72,-102.48,-19.52,122,43.92,356.24,102.48,248.88,185.44,-200.08
63.44,161.04,97.6,-112.24,-19.52,126.88,39.04,351.36,97.6,253.76,190.32,-195.2
53.68,156.16,102.48,-102.48,-24.4,126.88,39.04,346.48,87.84,248.88,175.68,-195.2
58.56,156.16,97.6,-107.36,-19.52,126.88,39.04,341.6,82.96,239.12,165.92,-190.32
58.56,151.28,92.72,-102.48,-19.52,122,34.16,336.72,78.08,239.12,175.68,-190.32
53.68,131.76,78.08,-92.72,-14.64,102.48,34.16,331.84,78.08,244,175.68,-190.32
53.68,136.64,82.96,-92.72,-14.64,107.36,24.4,322.08,73.2,239.12,165.92,-204.96
53.68,126.88,73.2,-87.84,-9.76,97.6,29.28,317.2,58.56,229.36,161.04,-204.96
53.68,131.76,78.08,-92.72,-14.64,102.48,29.28,312.32,53.68,219.6,161.04,-204.96
53.68,136.64,82.96,-92.72,-14.64,107.36,29.28,297.68,43.92,214.72,156.16,-214.72
53.68,126.88,73.2,-87.84,-9.76,97.6,39.04,283.04,34.16,209.84,151.28,-219.6
43.92,112.24,68.32,-78.08,-14.64,87.84,39.04,278.16,24.4,200.08,141.52,-229.36
48.8,107.36,58.56,-78.08,-4.88,82.96,39.04,273.28,14.64,190.32,136.64,-244
53.68,102.48,48.8,-78.08,0,73.2,43.92,268.4,4.88,180.56,131.76,-248.88
43.92,97.6,53.68,-68.32,-4.88,73.2,43.92,248.88,-4.88,170.8,122,-248.88
29.28,92.72,63.44,-58.56,-19.52,78.08,48.8,234.24,-9.76,165.92,107.36,-258.64
-4.88,58.56,63.44,-24.4,-34.16,58.56,48.8,219.6,-19.52,151.28,97.6,-273.28
-14.64,53.68,68.32,-19.52,-43.92,58.56,53.68,204.96,-29.28,141.52,78.08,-278.16
-4.88,63.44,68.32,-29.28,-39.04,63.44,48.8,195.2,-39.04,131.76,73.2,-287.92
-4.88,53.68,58.56,-24.4,-34.16,53.68,48.8,180.56,-58.56,117.12,68.32,-297.68
-19.52,34.16,53.68,-4.88,-39.04,43.92,48.8,165.92,-73.2,97.6,58.56,-307.44
-19.52,19.52,39.04,0,-29.28,29.28,48.8,156.16,-82.96,82.96,48.8,-322.08
-14.64,24.4,39.04,-4.88,-29.28,29.28,48.8,141.52,-97.6,73.2,39.04,-326.96
-24.4,19.52,43.92,4.88,-34.16,29.28,48.8,126.88,-112.24,63.44,24.4,-341.6
-39.04,19.52,58.56,9.76,-48.8,39.04,39.04,102.48,-126.88,53.68,4.88,-351.36
-48.8,-4.88,43.92,29.28,-48.8,19.52,39.04,82.96,-136.64,39.04,-9.76,-356.24
-48.8,-24.4,24.4,39.04,-39.04,0,48.8,78.08,-141.52,29.28,-9.76,-356.24
-48.8,-9.76,39.04,29.28,-43.92,14.64,53.68,73.2,-151.28,19.52,-19.52,-361.12
-48.8,-29.28,19.52,39.04,-34.16,-4.88,53.68,58.56,-161.04,9.76,-29.28,-370.88
-53.68,-43.92,9.76,48.8,-34.16,-19.52,53.68,43.92,-170.8,-4.88,-34.16,-385.52
-68.32,-43.92,24.4,58.56,-48.8,-9.76,58.56,39.04,-180.56,-14.64,-43.92,-385.52
-68.32,-43.92,24.4,58.56,-48.8,-9.76,58.56,34.16,-190.32,-14.64,-43.92,-385.52
-68.32,-43.92,24.4,58.56,-48.8,-9.76,58.56,29.28,-200.08,-19.52,-48.8,-385.52
-68.32,-48.8,19.52,58.56,-43.92,-14.64,58.56,14.64,-204.96,-19.52,-63.44,-390.4
-78.08,-58.56,19.52,68.32,-48.8,-19.52,58.56,9.76,-204.96,-39.04,-68.32,-395.28
-78.08,-63.44,14.64,73.2,-48.8,-24.4,53.68,4.88,-209.84,-43.92,-73.2,-400.16
-82.96,-58.56,24.4,73.2,-53.68,-19.52,53.68,0,-219.6,-43.92,-68.32,-400.16
-78.08,-53.68,24.4,68.32,-53.68,-14.64,58.56,4.88,-219.6,-43.92,-68.32,-405.04
-87.84,-68.32,19.52,78.08,-53.68,-24.4,48.8,-4.88,-224.48,-58.56,-68.32,-414.8
-92.72,-82.96,9.76,87.84,-53.68,-39.04,43.92,-9.76,-229.36,-68.32,-63.44,-424.56
-102.48,-87.84,14.64,97.6,-58.56,-39.04,43.92,-24.4,-239.12,-68.32,-63.44,-429.44
-122,-102.48,19.52,112.24,-73.2,-43.92,43.92,-29.28,-248.88,-73.2,-68.32,-439.2
-112.24,-97.6,14.64,107.36,-63.44,-43.92,53.68,-19.52,-244,-68.32,-73.2,-439.2
-102.48,-92.72,9.76,97.6,-58.56,-43.92,48.8,-29.28,-248.88,-63.44,-78.08,-444.08
-92.72,-92.72,0,92.72,-48.8,-48.8,48.8,-34.16,-248.88,-58.56,-82.96,-439.2
-82.96,-87.84,-4.88,87.84,-39.04,-48.8,43.92,-39.04,-253.76,-63.44,-82.96,-439.2
-107.36,-97.6,9.76,102.48,-58.56,-43.92,39.04,-43.92,-263.52,-92.72,-87.84,-458.72
-122,-112.24,9.76,117.12,-68.32,-53.68,34.16,-48.8,-268.4,-87.84,-92.72,-463.6
-141.52,-122,19.52,131.76,-82.96,-53.68,29.28,-58.56,-273.28,-92.72,-97.6,-468.48
-156.16,-141.52,14.64,151.28,-87.84,-63.44,24.4,-73.2,-278.16,-97.6,-102.48,-473.36
-146.4,-131.76,14.64,141.52,-82.96,-58.56,29.28,-68.32,-273.28,-87.84,-87.84,-463.6
-131.76,-112.24,19.52,122,-78.08,-48.8,34.16,-53.68,-268.4,-87.84,-78.08,-463.6
-107.36,-87.84,19.52,97.6,-63.44,-34.16,39.04,-48.8,-263.52,-87.84,-87.84,-463.6
-92.72,-87.84,4.88,92.72,-48.8,-43.92,43.92,-48.8,-258.64,-78.08,-87.84,-463.6
-102.48,-102.48,0,102.48,-53.68,-53.68,43.92,-48.8,-258.64,-68.32,-82.96,-463.6
-102.48,-87.84,14.64,97.6,-58.56,-39.04,43.92,-53.68,-258.64,-68.32,-82.96,-463.6
-107.36,-87.84,19.52,97.6,-63.44,-34.16,43.92,-53.68,-263.52,-78.08,-82.96,-463.6
-112.24,-97.6,14.64,107.36,-63.44,-43.92,39.04,-53.68,-263.52,-78.08,-78.08,-458.72
-112.24,-107.36,4.88,112.24,-58.56,-53.68,29.28,-53.68,-268.4,-87.84,-87.84,-458.72
-112.24,-97.6,14.64,107.36,-63.44,-43.92,29.28,-63.44,-268.4,-87.84,-92.72,-463.6
-112.24,-112.24,0,112.24,-58.56,-58.56,19.52,-68.32,-283.04,-92.72,-97.6,-478.24
-117.12,-112.24,4.88,117.12,-63.44,-53.68,19.52,-68.32,-283.04,-102.48,-97.6,-483.12
-112.24,-102.48,9.76,107.36,-63.44,-48.8,29.28,-63.44,-273.28,-92.72,-87.84,-478.24
-102.48,-102.48,0,102.48,-53.68,-53.68,39.04,-58.56,-273.28,-87.84,-87.84,-478.24
-97.6,-107.36,-9.76,102.48,-43.92,-58.56,43.92,-58.56,-273.28,-87.84,-87.84,-478.24
-92.72,-107.36,-14.64,102.48,-39.04,-63.44,48.8,-58.56,-273.28,-87.84,-87.84,-473.36
-107.36,-112.24,-4.88,112.24,-53.68,-58.56,39.04,-68.32,-278.16,-82.96,-87.84,-468.48
-112.24,-112.24,0,112.24,-58.56,-58.56,39.04,-68.32,-273.28,-82.96,-87.84,-463.6
-117.12,-112.24,4.88,117.12,-63.44,-53.68,39.04,-78.08,-273.28,-92.72,-92.72,-463.6
-122,-112.24,9.76,117.12,-68.32,-53.68,39.04,-78.08,-278.16,-92.72,-92.72,-463.6
-102.48,-97.6,4.88,102.48,-53.68,-48.8,39.04,-68.32,-268.4,-92.72,-92.72,-463.6
-117.12,-112.24,4.88,117.12,-63.44,-53.68,39.04,-68.32,-278.16,-92.72,-92.72,-463.6
-117.12,-112.24,4.88,117.12,-63.44,-53.68,39.04,-68.32,-278.16,-87.84,-87.84,-458.72
-112.24,-112.24,0,112.24,-58.56,-58.56,39.04,-68.32,-273.28,-87.84,-87.84,-458.72
-102.48,-107.36,-4.88,107.36,-48.8,-58.56,43.92,-73.2,-273.28,-87.84,-87.84,-458.72
-97.6,-97.6,0,97.6,-48.8,-48.8,43.92,-73.2,-278.16,-87.84,-87.84,-453.84
-92.72,-92.72,0,92.72,-48.8,-48.8,43.92,-78.08,-278.16,-92.72,-92.72,-458.72
-87.84,-92.72,-4.88,92.72,-43.92,-48.8,43.92,-82.96,-273.28,-92.72,-92.72,-453.84
-97.6,-102.48,-4.88,102.48,-48.8,-53.68,34.16,-73.2,-263.52,-92.72,-87.84,-439.2
-97.6,-102.48,-4.88,102.48,-48.8,-53.68,34.16,-73.2,-263.52,-92.72,-87.84,-439.2
-107.36,-97.6,9.76,102.48,-58.56,-43.92,34.16,-73.2,-263.52,-92.72,-82.96,-439.2
-107.36,-97.6,9.76,102.48,-58.56,-43.92,34.16,-73.2,-263.52,-92.72,-78.08,-434.32
-102.48,-102.48,0,102.48,-53.68,-53.68,24.4,-73.2,-278.16,-102.48,-78.08,-434.32
-102.48,-102.48,0,102.48,-53.68,-53.68,24.4,-78.08,-278.16,-102.48,-82.96,-439.2
-107.36,-107.36,0,107.36,-53.68,-53.68,24.4,-78.08,-278.16,-102.48,-87.84,-448.96
-107.36,-117.12,-9.76,112.24,-48.8,-63.44,24.4,-82.96,-273.28,-102.48,-87.84,-453.84
-102.48,-112.24,-9.76,107.36,-48.8,-63.44,24.4,-78.08,-263.52,-87.84,-78.08,-448.96
-97.6,-102.48,-4.88,102.48,-48.8,-53.68,29.28,-78.08,-263.52,-82.96,-78.08,-458.72
-87.84,-87.84,0,87.84,-43.92,-43.92,34.16,-82.96,-263.52,-82.96,-78.08,-463.6
-73.2,-78.08,-4.88,78.08,-34.16,-43.92,39.04,-82.96,-263.52,-78.08,-78.08,-463.6
-102.48,-107.36,-4.88,107.36,-48.8,-58.56,29.28,-73.2,-273.28,-87.84,-82.96,-453.84
-107.36,-112.24,-4.88,112.24,-53.68,-58.56,29.28,-73.2,-268.4,-82.96,-82.96,-453.84
-122,-102.48,19.52,112.24,-73.2,-43.92,39.04,-63.44,-263.52,-73.2,-82.96,-453.84
-126.88,-107.36,19.52,117.12,-73.2,-43.92,39.04,-58.56,-263.52,-68.32,-78.08,-448.96
-122,-97.6,24.4,112.24,-73.2,-39.04,34.16,-58.56,-268.4,-78.08,-82.96,-458.72
-117.12,-97.6,19.52,107.36,-68.32,-39.04,34.16,-58.56,-268.4,-78.08,-82.96,-468.48
-102.48,-92.72,9.76,97.6,-58.56,-43.92,34.16,-63.44,-268.4,-78.08,-82.96,-468.48
-97.6,-87.84,9.76,92.72,-53.68,-39.04,39.04,-68.32,-263.52,-78.08,-78.08,-473.36
-87.84,-97.6,-9.76,92.72,-39.04,-53.68,39.04,-73.2,-248.88,-78.08,-68.32,-478.24
-78.08,-97.6,-19.52,87.84,-29.28,-58.56,34.16,-73.2,-248.88,-68.32,-68.32,-473.36
-92.72,-102.48,-9.76,97.6,-43.92,-58.56,34.16,-73.2,-248.88,-68.32,-73.2,-468.48
-92.72,-102.48,-9.76,97.6,-43.92,-58.56,34.16,-68.32,-244,-73.2,-78.08,-463.6
-92.72,-87.84,4.88,92.72,-48.8,-43.92,34.16,-68.32,-244,-63.44,-78.08,-468.48
-97.6,-87.84,9.76,92.72,-53.68,-39.04,34.16,-63.44,-248.88,-58.56,-78.08,-463.6
-102.48,-97.6,4.88,102.48,-53.68,-48.8,34.16,-63.44,-253.76,-58.56,-78.08,-463.6
-107.36,-87.84,19.52,97.6,-63.44,-34.16,34.16,-63.44,-258.64,-58.56,-78.08,-463.6
-102.48,-87.84,14.64,97.6,-58.56,-39.04,34.16,-73.2,-263.52,-68.32,-68.32,-468.48
-102.48,-87.84,14.64,97.6,-58.56,-39.04,34.16,-73.2,-258.64,-63.44,-68.32,-468.48
-102.48,-82.96,19.52,92.72,-63.44,-34.16,34.16,-73.2,-258.64,-63.44,-73.2,-463.6
-102.48,-82.96,19.52,92.72,-63.44,-34.16,34.16,-73.2,-258.64,-68.32,-73.2,-458.72
-102.48,-82.96,19.52,92.72,-63.44,-34.16,34.16,-58.56,-253.76,-73.2,-73.2,-448.96
-117.12,-82.96,34.16,102.48,-78.08,-24.4,34.16,-58.56,-253.76,-73.2,-63.44,-448.96
-117.12,-82.96,34.16,102.48,-78.08,-24.4,34.16,-53.68,-253.76,-63.44,-63.44,-444.08
-97.6,-68.32,29.28,82.96,-63.44,-19.52,34.16,-53.68,-244,-53.68,-63.44,-444.08
-87.84,-78.08,9.76,82.96,-48.8,-34.16,43.92,-53.68,-239.12,-53.68,-58.56,-434.32
-87.84,-68.32,19.52,78.08,-53.68,-24.4,48.8,-48.8,-239.12,-48.8,-48.8,-439.2
-82.96,-68.32,14.64,78.08,-48.8,-29.28,48.8,-48.8,-234.24,-39.04,-43.92,-444.08
-82.96,-73.2,9.76,78.08,-48.8,-34.16,48.8,-43.92,-234.24,-48.8,-39.04,-444.08
-97.6,-82.96,14.64,92.72,-58.56,-34.16,43.92,-48.8,-244,-58.56,-53.68,-453.84
-97.6,-82.96,14.64,92.72,-58.56,-34.16,39.04,-53.68,-244,-58.56,-53.68,-453.84
-97.6,-78.08,19.52,87.84,-58.56,-29.28,34.16,-58.56,-244,-53.68,-48.8,-453.84
-97.6,-78.08,19.52,87.84,-58.56,-29.28,29.28,-68.32,-248.88,-53.68,-48.8,-448.96
-97.6,-78.08,19.52,87.84,-58.56,-29.28,39.04,-58.56,-248.88,-53.68,-53.68,-448.96
-97.6,-78.08,19.52,87.84,-58.56,-29.28,39.04,-58.56,-248.88,-53.68,-48.8,-453.84
-97.6,-78.08,19.52,87.84,-58.56,-29.28,39.04,-58.56,-244,-53.68,-48.8,-458.72
-107.36,-78.08,29.28,92.72,-68.32,-24.4,39.04,-63.44,-244,-53.68,-53.68,-463.6
-97.6,-73.2,24.4,87.84,-63.44,-24.4,39.04,-53.68,-234.24,-53.68,-43.92,-458.72
-97.6,-78.08,19.52,87.84,-58.56,-29.28,39.04,-53.68,-234.24,-53.68,-39.04,-463.6
-97.6,-73.2,24.4,87.84,-63.44,-24.4,39.04,-53.68,-234.24,-48.8,-39.04,-463.6
-92.72,-73.2,19.52,82.96,-58.56,-29.28,43.92,-48.8,-229.36,-48.8,-39.04,-458.72
-102.48,-82.96,19.52,92.72,-63.44,-34.16,34.16,-58.56,-224.48,-43.92,-48.8,-448.96
-102.48,-82.96,19.52,92.72,-63.44,-34.16,34.16,-58.56,-229.36,-48.8,-53.68,-453.84
-97.6,-73.2,24.4,87.84,-63.44,-24.4,34.16,-58.56,-234.24,-48.8,-53.68,-453.84
-97.6,-63.44,34.16,82.96,-68.32,-14.64,34.16,-58.56,-239.12,-39.04,-48.8,-453.84
-87.84,-73.2,14.64,82.96,-53.68,-29.28,43.92,-58.56,-239.12,-48.8,-53.68,-463.6
-87.84,-73.2,14.64,82.96,-53.68,-29.28,43.92,-63.44,-239.12,-53.68,-53.68,-458.72
-78.08,-63.44,14.64,73.2,-48.8,-24.4,39.04,-63.44,-244,-53.68,-53.68,-458.72
-78.08,-58.56,19.52,68.32,-48.8,-19.52,39.04,-63.44,-248.88,-53.68,-53.68,-458.72
-82.96,-48.8,34.16,68.32,-58.56,-9.76,43.92,-58.56,-244,-58.56,-53.68,-453.84
-92.72,-48.8,43.92,73.2,-68.32,-4.88,48.8,-63.44,-239.12,-53.68,-48.8,-448.96
-78.08,-58.56,19.52,68.32,-48.8,-19.52,53.68,-63.44,-234.24,-48.8,-48.8,-444.08
-58.56,-48.8,9.76,53.68,-34.16,-19.52,58.56,-58.56,-229.36,-43.92,-43.92,-439.2
-73.2,-53.68,19.52,63.44,-48.8,-19.52,48.8,-58.56,-239.12,-43.92,-63.44,-448.96
-87.84,-73.2,14.64,82.96,-53.68,-29.28,48.8,-68.32,-244,-48.8,-53.68,-444.08
-92.72,-78.08,14.64,87.84,-53.68,-34.16,48.8,-68.32,-244,-43.92,-48.8,-444.08
-73.2,-68.32,4.88,73.2,-39.04,-34.16,48.8,-68.32,-244,-43.92,-48.8,-448.96
-82.96,-58.56,24.4,73.2,-53.68,-19.52,53.68,-68.32,-239.12,-43.92,-43.92,-458.72
-82.96,-58.56,24.4,73.2,-53.68,-19.52,53.68,-68.32,-234.24,-43.92,-43.92,-458.72
-102.48,-63.44,39.04,82.96,-73.2,-14.64,43.92,-73.2,-229.36,-58.56,-58.56,-458.72
-92.72,-63.44,29.28,78.08,-63.44,-19.52,43.92,-73.2,-214.72,-63.44,-58.56,-473.36
-87.84,-43.92,43.92,68.32,-68.32,0,39.04,-63.44,-219.6,-58.56,-48.8,-468.48
-87.84,-53.68,34.16,73.2,-63.44,-9.76,34.16,-68.32,-224.48,-58.56,-53.68,-468.48
-92.72,-63.44,29.28,78.08,-63.44,-19.52,29.28,-68.32,-234.24,-63.44,-53.68,-463.6
-87.84,-68.32,19.52,78.08,-53.68,-24.4,24.4,-68.32,-239.12,-48.8,-48.8,-453.84
-97.6,-73.2,24.4,87.84,-63.44,-24.4,34.16,-78.08,-229.36,-48.8,-48.8,-458.72
-92.72,-73.2,19.52,82.96,-58.56,-29.28,39.04,-78.08,-229.36,-48.8,-48.8,-458.72
-92.72,-78.08,14.64,87.84,-53.68,-34.16,39.04,-78.08,-234.24,-53.68,-48.8,-458.72
-92.72,-82.96,9.76,87.84,-53.68,-39.04,39.04,-78.08,-234.24,-58.56,-48.8,-468.48
-102.48,-82.96,19.52,92.72,-63.44,-34.16,39.04,-78.08,-224.48,-63.44,-48.8,-463.6
-92.72,-82.96,9.76,87.84,-53.68,-39.04,39.04,-78.08,-229.36,-73.2,-58.56,-463.6
-92.72,-78.08,14.64,87.84,-53.68,-34.16,39.04,-87.84,-229.36,-73.2,-58.56,-463.6
-92.72,-78.08,14.64,87.84,-53.68,-34.16,39.04,-87.84,-229.36,-73.2,-53.68,-463.6
-112.24,-82.96,29.28,97.6,-73.2,-29.28,39.04,-97.6,-229.36,-73.2,-58.56,-453.84
-112.24,-87.84,24.4,102.48,-68.32,-34.16,34.16,-97.6,-229.36,-68.32,-58.56,-448.96
-112.24,-87.84,24.4,102.48,-68.32,-34.16,34.16,-97.6,-229.36,-68.32,-53.68,-448.96
-112.24,-82.96,29.28,97.6,-73.2,-29.28,34.16,-97.6,-229.36,-68.32,-53.68,-448.96
-107.36,-82.96,24.4,97.6,-68.32,-29.28,34.16,-97.6,-229.36,-58.56,-43.92,-453.84
-102.48,-87.84,14.64,97.6,-58.56,-39.04,34.16,-97.6,-224.48,-68.32,-48.8,-458.72
-97.6,-87.84,9.76,92.72,-53.68,-39.04,34.16,-92.72,-219.6,-68.32,-48.8,-458.72
-92.72,-78.08,14.64,87.84,-53.68,-34.16,34.16,-92.72,-219.6,-68.32,-48.8,-458.72
-97.6,-97.6,0,97.6,-48.8,-48.8,34.16,-87.84,-209.84,-58.56,-48.8,-453.84
-97.6,-97.6,0,97.6,-48.8,-48.8,34.16,-92.72,-209.84,-58.56,-58.56,-458.72
-92.72,-92.72,0,92.72,-48.8,-48.8,34.16,-92.72,-204.96,-63.44,-53.68,-458.72
-82.96,-82.96,0,82.96,-43.92,-43.92,34.16,-92.72,-204.96,-63.44,-39.04,-453.84
-107.36,-92.72,14.64,102.48,-63.44,-39.04,34.16,-92.72,-200.08,-68.32,-43.92,-448.96
-117.12,-87.84,29.28,102.48,-73.2,-29.28,34.16,-87.84,-204.96,-68.32,-48.8,-444.08
-107.36,-73.2,34.16,92.72,-73.2,-19.52,34.16,-87.84,-204.96,-68.32,-43.92,-434.32
-107.36,-78.08,29.28,92.72,-68.32,-24.4,34.16,-87.84,-204.96,-68.32,-48.8,-424.56
-117.12,-97.6,19.52,107.36,-68.32,-39.04,34.16,-97.6,-200.08,-68.32,-43.92,-434.32
-112.24,-87.84,24.4,102.48,-68.32,-34.16,34.16,-97.6,-200.08,-58.56,-43.92,-439.2
-92.72,-87.84,4.88,92.72,-48.8,-43.92,34.16,-92.72,-185.44,-68.32,-53.68,-439.2
-87.84,-82.96,4.88,87.84,-48.8,-39.04,34.16,-87.84,-185.44,-68.32,-53.68,-439.2
-87.84,-68.32,19.52,78.08,-53.68,-24.4,34.16,-97.6,-190.32,-58.56,-43.92,-439.2
-87.84,-68.32,19.52,78.08,-53.68,-24.4,34.16,-102.48,-195.2,-63.44,-43.92,-439.2
-87.84,-82.96,4.88,87.84,-48.8,-39.04,34.16,-102.48,-195.2,-63.44,-43.92,-434.32
-97.6,-92.72,4.88,97.6,-53.68,-43.92,29.28,-97.6,-195.2,-58.56,-43.92,-424.56
-92.72,-82.96,9.76,87.84,-53.68,-39.04,29.28,-97.6,-195.2,-63.44,-48.8,-424.56
-87.84,-87.84,0,87.84,-43.92,-43.92,29.28,-97.6,-195.2,-68.32,-53.68,-424.56
-92.72,-92.72,0,92.72,-48.8,-48.8,34.16,-97.6,-190.32,-73.2,-58.56,-424.56
-102.48,-97.6,4.88,102.48,-53.68,-48.8,34.16,-97.6,-190.32,-78.08,-63.44,-424.56
-92.72,-87.84,4.88,92.72,-48.8,-43.92,34.16,-97.6,-185.44,-73.2,-53.68,-429.44
-87.84,-78.08,9.76,82.96,-48.8,-34.16,34.16,-92.72,-180.56,-73.2,-48.8,-429.44
-78.08,-63.44,14.64,73.2,-48.8,-24.4,34.16,-87.84,-175.68,-73.2,-48.8,-429.44
-68.32,-53.68,14.64,63.44,-43.92,-19.52,34.16,-87.84,-175.68,-68.32,-48.8,-434.32
-78.08,-58.56,19.52,68.32,-48.8,-19.52,43.92,-92.72,-180.56,-78.08,-53.68,-434.32
-78.08,-58.56,19.52,68.32,-48.8,-19.52,43.92,-97.6,-180.56,-78.08,-58.56,-434.32
-68.32,-63.44,4.88,68.32,-39.04,-29.28,43.92,-97.6,-175.68,-73.2,-63.44,-434.32
-63.44,-68.32,-4.88,68.32,-29.28,-39.04,43.92,-102.48,-161.04,-68.32,-68.32,-439.2
-68.32,-78.08,-9.76,73.2,-29.28,-43.92,39.04,-102.48,-170.8,-78.08,-58.56,-439.2
-92.72,-82.96,9.76,87.84,-53.68,-39.04,39.04,-102.48,-170.8,-78.08,-63.44,-439.2
-97.6,-102.48,-4.88,102.48,-48.8,-53.68,39.04,-107.36,-180.56,-82.96,-68.32,-448.96
-97.6,-92.72,4.88,97.6,-53.68,-43.92,39.04,-107.36,-185.44,-82.96,-68.32,-448.96
-87.84,-82.96,4.88,87.84,-48.8,-39.04,48.8,-102.48,-185.44,-82.96,-58.56,-434.32
-78.08,-68.32,9.76,73.2,-43.92,-29.28,48.8,-102.48,-180.56,-82.96,-58.56,-434.32
-73.2,-78.08,-4.88,78.08,-34.16,-43.92,43.92,-97.6,-175.68,-78.08,-58.56,-429.44
-68.32,-58.56,9.76,63.44,-39.04,-24.4,43.92,-97.6,-170.8,-78.08,-58.56,-424.56
-73.2,-63.44,9.76,68.32,-43.92,-29.28,34.16,-102.48,-170.8,-68.32,-53.68,-434.32
-73.2,-73.2,0,73.2,-39.04,-39.04,24.4,-102.48,-170.8,-78.08,-58.56,-434.32
-58.56,-78.08,-19.52,68.32,-19.52,-48.8,24.4,-102.48,-165.92,-68.32,-58.56,-439.2
-68.32,-73.2,-4.88,73.2,-34.16,-39.04,39.04,-102.48,-165.92,-68.32,-58.56,-439.2
-78.08,-73.2,4.88,78.08,-43.92,-34.16,29.28,-102.48,-161.04,-73.2,-58.56,-439.2
-82.96,-87.84,-4.88,87.84,-39.04,-48.8,34.16,-107.36,-156.16,-73.2,-68.32,-444.08
-92.72,-87.84,4.88,92.72,-48.8,-43.92,34.16,-117.12,-156.16,-78.08,-68.32,-444.08
-97.6,-78.08,19.52,87.84,-58.56,-29.28,34.16,-122,-156.16,-78.08,-68.32,-444.08
-82.96,-63.44,19.52,73.2,-53.68,-24.4,43.92,-112.24,-156.16,-78.08,-68.32,-444.08
-82.96,-63.44,19.52,73.2,-53.68,-24.4,43.92,-112.24,-156.16,-78.08,-63.44,-444.08
-92.72,-78.08,14.64,87.84,-53.68,-34.16,43.92,-107.36,-156.16,-87.84,-58.56,-444.08
-92.72,-87.84,4.88,92.72,-48.8,-43.92,34.16,-107.36,-156.16,-73.2,-58.56,-444.08
-78.08,-82.96,-4.88,82.96,-39.04,-43.92,34.16,-97.6,-156.16,-73.2,-58.56,-434.32
-63.44,-82.96,-19.52,73.2,-24.4,-53.68,34.16,-102.48,-161.04,-78.08,-48.8,-444.08
-78.08,-78.08,0,78.08,-39.04,-39.04,19.52,-117.12,-165.92,-87.84,-68.32,-448.96
-87.84,-82.96,4.88,87.84,-48.8,-39.04,29.28,-107.36,-161.04,-78.08,-58.56,-448.96
-87.84,-87.84,0,87.84,-43.92,-43.92,29.28,-107.36,-156.16,-78.08,-58.56,-448.96
-87.84,-92.72,-4.88,92.72,-43.92,-48.8,29.28,-107.36,-151.28,-78.08,-58.56,-448.96
-87.84,-97.6,-9.76,92.72,-39.04,-53.68,29.28,-107.36,-146.4,-78.08,-58.56,-448.96
-82.96,-87.84,-4.88,87.84,-39.04,-48.8,39.04,-107.36,-136.64,-78.08,-48.8,-439.2
-78.08,-82.96,-4.88,82.96,-39.04,-43.92,34.16,-107.36,-136.64,-78.08,-53.68,-439.2
-73.2,-73.2,0,73.2,-39.04,-39.04,34.16,-107.36,-136.64,-78.08,-53.68,-448.96
-68.32,-63.44,4.88,68.32,-39.04,-29.28,39.04,-107.36,-136.64,-78.08,-53.68,-439.2
-73.2,-73.2,0,73.2,-39.04,-39.04,29.28,-107.36,-131.76,-78.08,-53.68,-439.2
-78.08,-82.96,-4.88,82.96,-39.04,-43.92,29.28,-107.36,-131.76,-78.08,-53.68,-439.2
-92.72,-82.96,9.76,87.84,-53.68,-39.04,29.28,-107.36,-136.64,-78.08,-53.68,-439.2
-97.6,-82.96,14.64,92.72,-58.56,-34.16,29.28,-107.36,-136.64,-78.08,-53.68,-434.32
-97.6,-92.72,4.88,97.6,-53.68,-43.92,29.28,-117.12,-136.64,-87.84,-63.44,-444.08
-102.48,-92.72,9.76,97.6,-58.56,-43.92,29.28,-122,-141.52,-87.84,-63.44,-448.96
-102.48,-97.6,4.88,102.48,-53.68,-48.8,29.28,-122,-141.52,-92.72,-63.44,-448.96
-102.48,-97.6,4.88,102.48,-53.68,-48.8,24.4,-126.88,-141.52,-97.6,-63.44,-453.84
-112.24,-97.6,14.64,107.36,-63.44,-43.92,19.52,-126.88,-136.64,-92.72,-53.68,-453.84
-112.24,-97.6,14.64,107.36,-63.44,-43.92,19.52,-126.88,-131.76,-87.84,-58.56,-453.84
-112.24,-97.6,14.64,107.36,-63.44,-43.92,19.52,-122,-126.88,-82.96,-58.56,-453.84
-107.36,-97.6,9.76,102.48,-58.56,-43.92,24.4,-122,-122,-73.2,-58.56,-453.84
-87.84,-87.84,0,87.84,-43.92,-43.92,24.4,-122,-117.12,-73.2,-58.56,-453.84
-82.96,-82.96,0,82.96,-43.92,-43.92,24.4,-117.12,-117.12,-68.32,-58.56,-453.84
-78.08,-78.08,0,78.08,-39.04,-39.04,24.4,-117.12,-117.12,-68.32,-53.68,-453.84
-73.2,-73.2,0,73.2,-39.04,-39.04,29.28,-117.12,-117.12,-68.32,-53.68,-453.84
-68.32,-73.2,-4.88,73.2,-34.16,-39.04,39.04,-117.12,-117.12,-68.32,-43.92,-453.84
-68.32,-68.32,0,68.32,-34.16,-34.16,34.16,-117.12,-117.12,-68.32,-43.92,-453.84
-68.32,-63.44,4.88,68.32,-39.04,-29.28,34.16,-117.12,-117.12,-68.32,-43.92,-453.84
-68.32,-63.44,4.88,68.32,-39.04,-29.28,39.04,-112.24,-112.24,-68.32,-39.04,-453.84
-78.08,-73.2,4.88,78.08,-43.92,-34.16,39.04,-112.24,-112.24,-63.44,-43.92,-463.6
-68.32,-78.08,-9.76,73.2,-29.28,-43.92,39.04,-112.24,-112.24,-63.44,-43.92,-458.72
-68.32,-82.96,-14.64,78.08,-29.28,-48.8,39.04,-112.24,-107.36,-63.44,-48.8,-458.72
-68.32,-87.84,-19.52,78.08,-24.4,-53.68,39.04,-112.24,-107.36,-58.56,-48.8,-458.72
-63.44,-68.32,-4.88,68.32,-29.28,-39.04,29.28,-117.12,-107.36,-68.32,-48.8,-458.72
-58.56,-53.68,4.88,58.56,-34.16,-24.4,34.16,-117.12,-107.36,-68.32,-48.8,-458.72
-48.8,-43.92,4.88,48.8,-29.28,-19.52,43.92,-107.36,-97.6,-58.56,-34.16,-448.96
-34.16,-19.52,14.64,29.28,-24.4,-4.88,58.56,-92.72,-82.96,-43.92,-29.28,-448.96
-39.04,4.88,43.92,19.52,-43.92,24.4,58.56,-92.72,-68.32,-39.04,-24.4,-439.2
-39.04,14.64,53.68,14.64,-48.8,34.16,73.2,-78.08,-58.56,-29.28,-14.64,-429.44
-43.92,24.4,68.32,9.76,-58.56,43.92,78.08,-78.08,-53.68,-24.4,-4.88,-419.68
-48.8,24.4,73.2,14.64,-63.44,48.8,78.08,-78.08,-53.68,-24.4,-4.88,-419.68
-39.04,39.04,78.08,0,-58.56,58.56,87.84,-68.32,-43.92,-14.64,-4.88,-409.92
-29.28,48.8,78.08,-9.76,-53.68,63.44,92.72,-63.44,-43.92,-14.64,-4.88,-405.04
-29.28,48.8,78.08,-9.76,-53.68,63.44,92.72,-63.44,-39.04,-14.64,-4.88,-405.04
-29.28,39.04,68.32,-4.88,-48.8,53.68,92.72,-63.44,-39.04,-14.64,-4.88,-405.04
-24.4,29.28,53.68,0,-39.04,39.04,92.72,-73.2,-39.04,-14.64,-4.88,-405.04
-24.4,29.28,53.68,0,-39.04,39.04,92.72,-78.08,-43.92,-24.4,-14.64,-409.92
-24.4,24.4,48.8,0,-39.04,34.16,82.96,-82.96,-43.92,-24.4,-14.64,-409.92
-19.52,24.4,43.92,0,-34.16,34.16,78.08,-82.96,-43.92,-19.52,-9.76,-409.92
-29.28,9.76,39.04,9.76,-34.16,24.4,78.08,-82.96,-43.92,-29.28,-9.76,-419.68
-29.28,-4.88,24.4,19.52,-29.28,9.76,68.32,-82.96,-43.92,-29.28,-14.64,-424.56
-29.28,-4.88,24.4,19.52,-29.28,9.76,58.56,-82.96,-43.92,-29.28,-14.64,-424.56
-29.28,-4.88,24.4,19.52,-29.28,9.76,43.92,-78.08,-43.92,-29.28,-14.64,-414.8
-14.64,-4.88,9.76,9.76,-14.64,0,39.04,-78.08,-34.16,-19.52,-4.88,-414.8
-14.64,-14.64,0,14.64,-9.76,-9.76,29.28,-87.84,-43.92,-29.28,-4.88,-419.68
-19.52,-29.28,-9.76,24.4,-4.88,-19.52,19.52,-92.72,-53.68,-34.16,-9.76,-424.56
-29.28,-34.16,-4.88,34.16,-14.64,-19.52,19.52,-97.6,-58.56,-34.16,-14.64,-429.44
-24.4,-19.52,4.88,24.4,-14.64,-9.76,14.64,-97.6,-58.56,-43.92,-14.64,-419.68
-34.16,-14.64,19.52,24.4,-29.28,0,29.28,-97.6,-53.68,-43.92,-9.76,-424.56
-34.16,-14.64,19.52,24.4,-29.28,0,29.28,-97.6,-53.68,-43.92,-9.76,-424.56
-39.04,-19.52,19.52,29.28,-29.28,0,29.28,-97.6,-58.56,-48.8,-19.52,-429.44
-48.8,-34.16,14.64,43.92,-34.16,-9.76,39.04,-87.84,-48.8,-39.04,-19.52,-429.44
-63.44,-48.8,14.64,58.56,-39.04,-19.52,39.04,-87.84,-48.8,-43.92,-24.4,-429.44
-78.08,-63.44,14.64,73.2,-48.8,-24.4,39.04,-102.48,-53.68,-53.68,-34.16,-439.2
-87.84,-78.08,9.76,82.96,-48.8,-34.16,39.04,-102.48,-63.44,-58.56,-34.16,-439.2
-73.2,-73.2,0,73.2,-39.04,-39.04,34.16,-107.36,-53.68,-58.56,-34.16,-434.32
-73.2,-73.2,0,73.2,-39.04,-39.04,29.28,-112.24,-68.32,-68.32,-34.16,-434.32
-73.2,-78.08,-4.88,78.08,-34.16,-43.92,24.4,-117.12,-73.2,-78.08,-43.92,-448.96
-73.2,-82.96,-9.76,78.08,-34.16,-48.8,24.4,-122,-78.08,-78.08,-43.92,-448.96
-92.72,-107.36,-14.64,102.48,-39.04,-63.44,4.88,-131.76,-87.84,-87.84,-53.68,-444.08
-92.72,-107.36,-14.64,102.48,-39.04,-63.44,4.88,-136.64,-92.72,-92.72,-63.44,-444.08
-92.72,-107.36,-14.64,102.48,-39.04,-63.44,9.76,-141.52,-97.6,-97.6,-68.32,-439.2
-92.72,-107.36,-14.64,102.48,-39.04,-63.44,9.76,-146.4,-102.48,-102.48,-73.2,-434.32
-82.96,-117.12,-34.16,102.48,-24.4,-78.08,19.52,-141.52,-92.72,-97.6,-63.44,-419.68
-87.84,-122,-34.16,107.36,-29.28,-78.08,14.64,-136.64,-92.72,-92.72,-68.32,-419.68
-97.6,-122,-24.4,112.24,-39.04,-73.2,14.64,-136.64,-92.72,-87.84,-68.32,-414.8
-87.84,-117.12,-29.28,102.48,-29.28,-73.2,14.64,-131.76,-97.6,-87.84,-68.32,-409.92
-73.2,-102.48,-29.28,87.84,-24.4,-68.32,4.88,-141.52,-97.6,-97.6,-63.44,-400.16
-68.32,-97.6,-29.28,82.96,-19.52,-63.44,4.88,-141.52,-97.6,-97.6,-63.44,-395.28
-68.32,-92.72,-24.4,82.96,-24.4,-58.56,4.88,-141.52,-97.6,-97.6,-63.44,-390.4
-68.32,-92.72,-24.4,82.96,-24.4,-58.56,4.88,-141.52,-97.6,-97.6,-63.44,-385.52
-73.2,-107.36,-34.16,92.72,-19.52,-73.2,0,-151.28,-97.6,-102.48,-78.08,-380.64
-97.6,-117.12,-19.52,107.36,-39.04,-68.32,0,-151.28,-102.48,-102.48,-78.08,-380.64
-102.48,-126.88,-24.4,117.12,-39.04,-78.08,4.88,-151.28,-102.48,-102.48,-78.08,-380.64
-102.48,-136.64,-34.16,122,-34.16,-87.84,4.88,-151.28,-107.36,-107.36,-78.08,-380.64
-82.96,-117.12,-34.16,102.48,-24.4,-78.08,0,-146.4,-87.84,-97.6,-73.2,-380.64
-82.96,-102.48,-19.52,92.72,-34.16,-63.44,9.76,-136.64,-87.84,-92.72,-73.2,-390.4
-78.08,-122,-43.92,102.48,-19.52,-82.96,4.88,-146.4,-92.72,-102.48,-73.2,-380.64
-78.08,-141.52,-63.44,112.24,-9.76,-102.48,4.88,-151.28,-102.48,-112.24,-82.96,-390.4
-112.24,-146.4,-34.16,131.76,-39.04,-92.72,9.76,-146.4,-102.48,-112.24,-102.48,-390.4
-117.12,-136.64,-19.52,126.88,-48.8,-78.08,14.64,-146.4,-107.36,-117.12,-102.48,-385.52
-87.84,-136.64,-48.8,112.24,-19.52,-92.72,39.04,-136.64,-107.36,-131.76,-107.36,-400.16
-97.6,-156.16,-58.56,126.88,-19.52,-107.36,58.56,-122,-117.12,-136.64,-126.88,-409.92
-112.24,-180.56,-68.32,146.4,-24.4,-126.88,78.08,-92.72,-102.48,-136.64,-136.64,-429.44
-117.12,-190.32,-73.2,156.16,-24.4,-131.76,122,-24.4,-82.96,-141.52,-151.28,-448.96
-151.28,-219.6,-68.32,185.44,-43.92,-146.4,180.56,63.44,-53.68,-151.28,-161.04,-473.36
-131.76,-200.08,-68.32,165.92,-34.16,-136.64,234.24,161.04,0,-126.88,-156.16,-483.12
-87.84,-122,-34.16,107.36,-29.28,-78.08,244,224.48,97.6,-34.16,-78.08,-448.96
-34.16,-39.04,-4.88,39.04,-14.64,-24.4,209.84,302.56,229.36,97.6,19.52,-375.76
29.28,48.8,19.52,-39.04,4.88,34.16,126.88,361.12,361.12,224.48,126.88,-312.32
78.08,131.76,53.68,-102.48,9.76,92.72,48.8,400.16,468.48,341.6,224.48,-244
107.36,214.72,107.36,-161.04,0,161.04,14.64,429.44,585.6,473.36,336.72,-161.04
156.16,322.08,165.92,-239.12,-4.88,244,-14.64,468.48,732,634.4,468.48,-68.32
239.12,483.12,244,-361.12,-4.88,361.12,-68.32,507.52,883.28,805.2,619.76,39.04
292.8,624.64,331.84,-458.72,-19.52,478.24,-112.24,566.08,1049.2,995.52,771.04,151.28
331.84,771.04,439.2,-551.44,-53.68,605.12,-156.16,653.92,1234.64,1200.48,951.6,283.04
405.04,936.96,531.92,-668.56,-63.44,732,-244,678.32,1400.56,1395.68,1137.04,424.56
483.12,1049.2,566.08,-766.16,-43.92,805.2,-326.96,673.44,1483.52,1522.56,1273.68,541.68
492.88,1073.6,580.72,-780.8,-43.92,824.72,-361.12,614.88,1459.12,1551.84,1332.24,619.76
444.08,1054.08,610,-746.64,-82.96,829.6,-356.24,458.72,1293.2,1454.24,1307.84,653.92
405.04,961.36,556.32,-683.2,-78.08,756.4,-366,224.48,995.52,1229.76,1185.84,619.76
336.72,790.56,453.84,-561.2,-58.56,619.76,-390.4,-68.32,610,907.68,961.36,517.28
287.92,639.28,351.36,-463.6,-34.16,492.88,-424.56,-370.88,229.36,595.36,751.52,414.8
278.16,488,209.84,-380.64,34.16,346.48,-497.76,-624.64,-78.08,326.96,561.2,307.44
219.6,278.16,58.56,-248.88,78.08,165.92,-590.48,-810.08,-346.48,78.08,361.12,175.68
126.88,117.12,-9.76,-122,68.32,53.68,-614.88,-927.2,-531.92,-102.48,214.72,63.44
92.72,68.32,-24.4,-78.08,58.56,19.52,-624.64,-936.96,-590.48,-185.44,141.52,0
78.08,-14.64,-92.72,-29.28,82.96,-53.68,-663.68,-902.8,-600.24,-248.88,58.56,-68.32
48.8,-112.24,-161.04,34.16,102.48,-136.64,-668.56,-893.04,-639.28,-326.96,-29.28,-151.28
14.64,-136.64,-151.28,63.44,82.96,-146.4,-600.24,-854,-614.88,-356.24,-87.84,-219.6
-19.52,-136.64,-117.12,78.08,48.8,-126.88,-507.52,-746.64,-551.44,-346.48,-107.36,-258.64
-29.28,-146.4,-117.12,87.84,43.92,-131.76,-409.92,-629.52,-463.6,-312.32,-117.12,-297.68
-24.4,-151.28,-126.88,87.84,48.8,-141.52,-336.72,-536.8,-385.52,-273.28,-107.36,-322.08
-24.4,-151.28,-126.88,87.84,48.8,-141.52,-258.64,-434.32,-336.72,-253.76,-117.12,-346.48
-58.56,-195.2,-136.64,126.88,39.04,-165.92,-219.6,-366,-297.68,-248.88,-136.64,-370.88
-92.72,-253.76,-161.04,175.68,34.16,-209.84,-185.44,-317.2,-263.52,-219.6,-126.88,-375.76
-87.84,-263.52,-175.68,175.68,43.92,-219.6,-126.88,-253.76,-204.96,-180.56,-102.48,-370.88
-87.84,-219.6,-131.76,156.16,19.52,-175.68,-73.2,-185.44,-146.4,-136.64,-73.2,-380.64
-78.08,-180.56,-102.48,131.76,9.76,-141.52,-48.8,-156.16,-107.36,-122,-68.32,-390.4
-78.08,-165.92,-87.84,122,4.88,-126.88,-34.16,-141.52,-82.96,-117.12,-58.56,-390.4
-78.08,-161.04,-82.96,122,0,-122,-4.88,-112.24,-58.56,-107.36,-53.68,-390.4
-58.56,-136.64,-78.08,97.6,9.76,-107.36,4.88,-97.6,-39.04,-97.6,-43.92,-380.64
-58.56,-107.36,-48.8,82.96,-4.88,-78.08,4.88,-87.84,-34.16,-102.48,-34.16,-370.88
-87.84,-112.24,-24.4,102.48,-34.16,-68.32,-4.88,-97.6,-43.92,-102.48,-43.92,-361.12
-82.96,-87.84,-4.88,87.84,-39.04,-48.8,-4.88,-97.6,-39.04,-92.72,-34.16,-370.88
-92.72,-73.2,19.52,82.96,-58.56,-29.28,-14.64,-107.36,-39.04,-82.96,-24.4,-370.88
-87.84,-78.08,9.76,82.96,-48.8,-34.16,0,-97.6,-29.28,-73.2,-24.4,-380.64
-82.96,-87.84,-4.88,87.84,-39.04,-48.8,4.88,-92.72,-19.52,-68.32,-34.16,-390.4
-78.08,-97.6,-19.52,87.84,-29.28,-58.56,19.52,-78.08,-14.64,-68.32,-34.16,-409.92
-78.08,-122,-43.92,102.48,-19.52,-82.96,39.04,-68.32,-9.76,-73.2,-43.92,-424.56
-82.96,-126.88,-43.92,107.36,-19.52,-87.84,39.04,-68.32,-9.76,-78.08,-48.8,-429.44
-82.96,-131.76,-48.8,107.36,-19.52,-92.72,34.16,-68.32,-9.76,-82.96,-53.68,-429.44
-82.96,-131.76,-48.8,107.36,-19.52,-92.72,29.28,-68.32,-9.76,-87.84,-58.56,-429.44
-87.84,-107.36,-19.52,97.6,-34.16,-63.44,14.64,-68.32,0,-73.2,-48.8,-424.56
-87.84,-92.72,-4.88,92.72,-43.92,-48.8,9.76,-68.32,4.88,-73.2,-39.04,-409.92
-97.6,-97.6,0,97.6,-48.8,-48.8,4.88,-73.2,4.88,-73.2,-48.8,-409.92
-117.12,-92.72,24.4,107.36,-73.2,-34.16,4.88,-73.2,-4.88,-73.2,-48.8,-409.92
-87.84,-82.96,4.88,87.84,-48.8,-39.04,29.28,-68.32,4.88,-63.44,-48.8,-405.04
-87.84,-92.72,-4.88,92.72,-43.92,-48.8,34.16,-58.56,14.64,-58.56,-48.8,-405.04
-92.72,-102.48,-9.76,97.6,-43.92,-58.56,39.04,-48.8,14.64,-58.56,-48.8,-414.8
-92.72,-102.48,-9.76,97.6,-43.92,-58.56,39.04,-43.92,14.64,-58.56,-48.8,-414.8
-92.72,-102.48,-9.76,97.6,-43.92,-58.56,39.04,-34.16,34.16,-58.56,-39.04,-405.04
-87.84,-92.72,-4.88,92.72,-43.92,-48.8,39.04,-34.16,34.16,-58.56,-34.16,-405.04
-78.08,-82.96,-4.88,82.96,-39.04,-43.92,39.04,-39.04,34.16,-58.56,-34.16,-405.04
-68.32,-87.84,-19.52,78.08,-24.4,-53.68,34.16,-39.04,34.16,-58.56,-29.28,-405.04
-73.2,-73.2,0,73.2,-39.04,-39.04,24.4,-39.04,34.16,-53.68,-39.04,-414.8
-63.44,-63.44,0,63.44,-34.16,-34.16,29.28,-34.16,34.16,-43.92,-34.16,-409.92
-58.56,-58.56,0,58.56,-29.28,-29.28,29.28,-29.28,34.16,-39.04,-34.16,-405.04
-58.56,-58.56,0,58.56,-29.28,-29.28,34.16,-24.4,39.04,-34.16,-39.04,-400.16
-73.2,-73.2,0,73.2,-39.04,-39.04,43.92,-29.28,34.16,-39.04,-39.04,-395.28
-78.08,-87.84,-9.76,82.96,-34.16,-48.8,43.92,-24.4,34.16,-34.16,-34.16,-390.4
-68.32,-73.2,-4.88,73.2,-34.16,-39.04,43.92,-24.4,34.16,-39.04,-29.28,-395.28
-73.2,-78.08,-4.88,78.08,-34.16,-43.92,43.92,-14.64,29.28,-43.92,-29.28,-395.28
-73.2,-73.2,0,73.2,-39.04,-39.04,43.92,-19.52,39.04,-34.16,-19.52,-390.4
-73.2,-73.2,0,73.2,-39.04,-39.04,43.92,-19.52,29.28,-39.04,-19.52,-390.4
-68.32,-68.32,0,68.32,-34.16,-34.16,43.92,-19.52,29.28,-39.04,-14.64,-390.4
-68.32,-68.32,0,68.32,-34.16,-34.16,43.92,-14.64,34.16,-39.04,-14.64,-395.28
-78.08,-73.2,4.88,78.08,-43.92,-34.16,53.68,-4.88,39.04,-29.28,-9.76,-390.4
-73.2,-73.2,0,73.2,-39.04,-39.04,63.44,0,48.8,-24.4,-9.76,-395.28
-73.2,-73.2,0,73.2,-39.04,-39.04,63.44,4.88,53.68,-24.4,-9.76,-400.16
-73.2,-78.08,-4.88,78.08,-34.16,-43.92,63.44,4.88,68.32,-19.52,-4.88,-400.16
-73.2,-68.32,4.88,73.2,-39.04,-34.16,68.32,24.4,73.2,-24.4,-9.76,-409.92
-73.2,-68.32,4.88,73.2,-39.04,-34.16,68.32,24.4,73.2,-19.52,-4.88,-414.8
-63.44,-68.32,-4.88,68.32,-29.28,-39.04,58.56,24.4,73.2,-24.4,0,-414.8
-63.44,-58.56,4.88,63.44,-34.16,-29.28,58.56,24.4,73.2,-29.28,0,-419.68
-63.44,-63.44,0,63.44,-34.16,-34.16,48.8,24.4,87.84,-29.28,0,-419.68
-63.44,-63.44,0,63.44,-34.16,-34.16,48.8,24.4,87.84,-29.28,-9.76,-419.68
-63.44,-63.44,0,63.44,-34.16,-34.16,48.8,24.4,92.72,-29.28,-9.76,-424.56
-63.44,-63.44,0,63.44,-34.16,-34.16,48.8,34.16,102.48,-19.52,-9.76,-434.32
-53.68,-63.44,-9.76,58.56,-24.4,-39.04,63.44,48.8,112.24,-9.76,-4.88,-439.2
-63.44,-68.32,-4.88,68.32,-29.28,-39.04,63.44,48.8,112.24,-9.76,-4.88,-444.08
-63.44,-63.44,0,63.44,-34.16,-34.16,63.44,58.56,117.12,-9.76,0,-444.08
-63.44,-39.04,24.4,53.68,-43.92,-9.76,68.32,58.56,122,-9.76,9.76,-444.08
-53.68,-43.92,9.76,48.8,-34.16,-19.52,63.44,58.56,122,-4.88,14.64,-448.96
-53.68,-43.92,9.76,48.8,-34.16,-19.52,58.56,63.44,122,-4.88,14.64,-458.72
-53.68,-43.92,9.76,48.8,-34.16,-19.52,43.92,68.32,126.88,-4.88,14.64,-458.72
-48.8,-39.04,9.76,43.92,-29.28,-14.64,48.8,78.08,131.76,0,14.64,-448.96
-63.44,-43.92,19.52,53.68,-43.92,-14.64,58.56,82.96,151.28,-4.88,4.88,-458.72
-63.44,-48.8,14.64,58.56,-39.04,-19.52,58.56,87.84,156.16,0,4.88,-458.72
-48.8,-48.8,0,48.8,-24.4,-24.4,58.56,92.72,156.16,0,9.76,-458.72
-53.68,-53.68,0,53.68,-29.28,-29.28,58.56,92.72,156.16,4.88,9.76,-453.84
-68.32,-43.92,24.4,58.56,-48.8,-9.76,58.56,92.72,161.04,0,19.52,-448.96
-68.32,-43.92,24.4,58.56,-48.8,-9.76,63.44,102.48,161.04,4.88,29.28,-448.96
-48.8,-43.92,4.88,48.8,-29.28,-19.52,63.44,112.24,165.92,4.88,29.28,-453.84
-39.04,-34.16,4.88,39.04,-24.4,-14.64,63.44,117.12,165.92,4.88,24.4,-453.84
-29.28,-24.4,4.88,29.28,-19.52,-9.76,58.56,122,180.56,9.76,24.4,-439.2
-34.16,-34.16,0,34.16,-19.52,-19.52,58.56,126.88,190.32,24.4,29.28,-434.32
-43.92,-34.16,9.76,39.04,-29.28,-14.64,63.44,131.76,195.2,34.16,34.16,-434.32
-43.92,-34.16,9.76,39.04,-29.28,-14.64,63.44,136.64,200.08,39.04,39.04,-429.44
-39.04,-43.92,-4.88,43.92,-19.52,-24.4,58.56,151.28,209.84,48.8,43.92,-424.56
-43.92,-39.04,4.88,43.92,-24.4,-19.52,58.56,156.16,219.6,53.68,48.8,-419.68
-48.8,-29.28,19.52,39.04,-34.16,-4.88,63.44,165.92,224.48,58.56,63.44,-409.92
-43.92,-19.52,24.4,34.16,-34.16,0,63.44,170.8,229.36,63.44,68.32,-400.16
-39.04,-19.52,19.52,29.28,-29.28,0,48.8,175.68,229.36,58.56,68.32,-405.04
-39.04,-19.52,19.52,29.28,-29.28,0,48.8,180.56,234.24,58.56,73.2,-409.92
-34.16,-14.64,19.52,24.4,-29.28,0,48.8,190.32,244,68.32,82.96,-414.8
-19.52,-9.76,9.76,14.64,-14.64,0,48.8,195.2,248.88,73.2,87.84,-409.92
-19.52,-4.88,14.64,14.64,-19.52,4.88,58.56,204.96,263.52,87.84,92.72,-419.68
-19.52,-4.88,14.64,14.64,-19.52,4.88,58.56,219.6,268.4,92.72,92.72,-419.68
-19.52,-4.88,14.64,14.64,-19.52,4.88,58.56,224.48,283.04,107.36,112.24,-414.8
-19.52,0,19.52,9.76,-19.52,9.76,58.56,229.36,287.92,107.36,112.24,-405.04
-19.52,4.88,24.4,9.76,-24.4,14.64,53.68,229.36,287.92,107.36,122,-405.04
-4.88,19.52,24.4,-4.88,-14.64,19.52,53.68,234.24,292.8,117.12,136.64,-400.16
-4.88,29.28,34.16,-9.76,-19.52,29.28,53.68,248.88,302.56,122,136.64,-395.28
-9.76,29.28,39.04,-9.76,-24.4,34.16,53.68,258.64,307.44,131.76,141.52,-390.4
-4.88,34.16,39.04,-14.64,-24.4,34.16,58.56,273.28,326.96,146.4,151.28,-395.28
4.88,39.04,34.16,-19.52,-14.64,34.16,58.56,283.04,331.84,156.16,156.16,-390.4
19.52,48.8,29.28,-34.16,-4.88,39.04,53.68,283.04,336.72,161.04,165.92,-380.64
39.04,68.32,29.28,-53.68,4.88,48.8,53.68,292.8,346.48,170.8,170.8,-375.76
39.04,78.08,39.04,-58.56,0,58.56,63.44,312.32,370.88,175.68,180.56,-375.76
34.16,78.08,43.92,-53.68,-4.88,58.56,53.68,317.2,380.64,180.56,190.32,-370.88
29.28,78.08,48.8,-53.68,-9.76,63.44,48.8,322.08,380.64,195.2,200.08,-361.12
24.4,97.6,73.2,-58.56,-24.4,82.96,48.8,326.96,390.4,200.08,214.72,-356.24
39.04,112.24,73.2,-73.2,-19.52,92.72,48.8,317.2,395.28,204.96,214.72,-356.24
48.8,122,73.2,-82.96,-14.64,97.6,48.8,326.96,400.16,209.84,214.72,-351.36
48.8,126.88,78.08,-87.84,-14.64,102.48,48.8,341.6,409.92,219.6,219.6,-346.48
48.8,131.76,82.96,-87.84,-19.52,107.36,48.8,341.6,409.92,224.48,229.36,-336.72
58.56,141.52,82.96,-97.6,-14.64,112.24,53.68,341.6,419.68,234.24,229.36,-336.72
68.32,146.4,78.08,-107.36,-4.88,112.24,48.8,346.48,424.56,239.12,234.24,-326.96
68.32,151.28,82.96,-107.36,-9.76,117.12,48.8,346.48,424.56,239.12,244,-317.2
68.32,156.16,87.84,-112.24,-9.76,122,48.8,346.48,424.56,239.12,253.76,-307.44
68.32,156.16,87.84,-112.24,-9.76,122,48.8,356.24,439.2,248.88,268.4,-302.56
68.32,156.16,87.84,-112.24,-9.76,122,48.8,356.24,439.2,253.76,268.4,-292.8
68.32,165.92,97.6,-117.12,-14.64,131.76,39.04,341.6,439.2,258.64,268.4,-287.92
68.32,165.92,97.6,-117.12,-14.64,131.76,39.04,341.6,439.2,258.64,273.28,-283.04
58.56,151.28,92.72,-102.48,-19.52,122,34.16,341.6,439.2,253.76,278.16,-278.16
58.56,151.28,92.72,-102.48,-19.52,122,29.28,341.6,439.2,253.76,278.16,-278.16
63.44,151.28,87.84,-107.36,-14.64,117.12,19.52,341.6,439.2,253.76,273.28,-278.16
63.44,151.28,87.84,-107.36,-14.64,117.12,9.76,331.84,429.44,253.76,268.4,-273.28
73.2,161.04,87.84,-117.12,-9.76,122,14.64,331.84,439.2,253.76,278.16,-273.28
78.08,165.92,87.84,-122,-4.88,126.88,19.52,331.84,434.32,248.88,273.28,-268.4
78.08,165.92,87.84,-122,-4.88,126.88,19.52,331.84,429.44,253.76,287.92,-268.4
73.2,151.28,78.08,-112.24,-4.88,112.24,24.4,331.84,429.44,263.52,292.8,-268.4
73.2,161.04,87.84,-117.12,-9.76,122,19.52,322.08,419.68,253.76,283.04,-273.28
73.2,146.4,73.2,-107.36,0,107.36,19.52,317.2,409.92,248.88,278.16,-273.28
73.2,146.4,73.2,-107.36,0,107.36,14.64,312.32,409.92,244,278.16,-273.28
73.2,146.4,73.2,-107.36,0,107.36,9.76,297.68,405.04,244,273.28,-283.04
68.32,146.4,78.08,-107.36,-4.88,112.24,19.52,278.16,405.04,229.36,258.64,-297.68
53.68,131.76,78.08,-92.72,-14.64,102.48,19.52,268.4,395.28,219.6,248.88,-307.44
53.68,126.88,73.2,-87.84,-9.76,97.6,19.52,258.64,385.52,209.84,244,-322.08
53.68,122,68.32,-87.84,-9.76,92.72,24.4,248.88,375.76,200.08,239.12,-326.96
48.8,112.24,63.44,-78.08,-9.76,87.84,14.64,248.88,356.24,200.08,234.24,-326.96
39.04,112.24,73.2,-73.2,-19.52,92.72,19.52,234.24,351.36,195.2,224.48,-336.72
9.76,82.96,73.2,-43.92,-34.16,78.08,19.52,219.6,341.6,180.56,219.6,-351.36
4.88,82.96,78.08,-43.92,-39.04,78.08,24.4,204.96,331.84,170.8,204.96,-356.24
9.76,82.96,73.2,-43.92,-34.16,78.08,29.28,190.32,336.72,170.8,200.08,-356.24
14.64,73.2,58.56,-43.92,-24.4,63.44,29.28,180.56,322.08,156.16,195.2,-366
4.88,53.68,48.8,-29.28,-24.4,48.8,29.28,170.8,312.32,136.64,185.44,-375.76
9.76,39.04,29.28,-24.4,-9.76,34.16,29.28,165.92,307.44,122,175.68,-390.4
-4.88,24.4,29.28,-9.76,-19.52,24.4,19.52,146.4,287.92,107.36,156.16,-405.04
-14.64,19.52,34.16,0,-24.4,24.4,19.52,126.88,268.4,92.72,141.52,-419.68
-29.28,19.52,48.8,4.88,-39.04,34.16,9.76,97.6,248.88,78.08,122,-429.44
-39.04,-4.88,34.16,24.4,-39.04,14.64,9.76,73.2,234.24,58.56,107.36,-434.32
-29.28,-4.88,24.4,19.52,-29.28,9.76,0,68.32,239.12,58.56,102.48,-434.32
-29.28,9.76,39.04,9.76,-34.16,24.4,4.88,63.44,229.36,48.8,97.6,-439.2
-29.28,-9.76,19.52,19.52,-24.4,4.88,4.88,48.8,219.6,39.04,92.72,-448.96
-34.16,-24.4,9.76,29.28,-24.4,-9.76,4.88,34.16,209.84,24.4,92.72,-463.6
-48.8,-34.16,14.64,43.92,-34.16,-9.76,19.52,29.28,209.84,19.52,92.72,-478.24
-58.56,-34.16,24.4,48.8,-43.92,-4.88,19.52,24.4,200.08,14.64,92.72,-483.12
-68.32,-34.16,34.16,53.68,-53.68,0,19.52,19.52,190.32,4.88,87.84,-488
-78.08,-39.04,39.04,58.56,-58.56,0,19.52,4.88,185.44,0,73.2,-497.76
-78.08,-43.92,34.16,63.44,-58.56,-4.88,29.28,-4.88,175.68,-9.76,63.44,-497.76
-78.08,-53.68,24.4,68.32,-53.68,-14.64,24.4,-14.64,170.8,-14.64,53.68,-497.76
-82.96,-53.68,29.28,68.32,-58.56,-14.64,24.4,-24.4,161.04,-14.64,53.68,-492.88
-78.08,-53.68,24.4,68.32,-53.68,-14.64,29.28,-24.4,161.04,-14.64,48.8,-492.88
-68.32,-43.92,24.4,58.56,-48.8,-9.76,24.4,-39.04,151.28,-29.28,48.8,-507.52
-63.44,-53.68,9.76,58.56,-39.04,-24.4,14.64,-39.04,151.28,-39.04,53.68,-512.4
-63.44,-53.68,9.76,58.56,-39.04,-24.4,9.76,-48.8,146.4,-39.04,53.68,-512.4
-73.2,-63.44,9.76,68.32,-43.92,-29.28,4.88,-48.8,141.52,-43.92,48.8,-517.28
-82.96,-73.2,9.76,78.08,-48.8,-34.16,9.76,-48.8,136.64,-43.92,34.16,-512.4
-82.96,-73.2,9.76,78.08,-48.8,-34.16,9.76,-58.56,131.76,-43.92,29.28,-522.16
-82.96,-78.08,4.88,82.96,-43.92,-39.04,14.64,-63.44,131.76,-43.92,24.4,-522.16
-82.96,-78.08,4.88,82.96,-43.92,-39.04,14.64,-68.32,126.88,-53.68,24.4,-527.04
-82.96,-78.08,4.88,82.96,-43.92,-39.04,4.88,-68.32,122,-58.56,34.16,-522.16
-82.96,-82.96,0,82.96,-43.92,-43.92,4.88,-68.32,122,-48.8,34.16,-522.16
-87.84,-82.96,4.88,87.84,-48.8,-39.04,4.88,-73.2,122,-48.8,34.16,-522.16
-87.84,-92.72,-4.88,92.72,-43.92,-48.8,4.88,-82.96,122,-48.8,34.16,-522.16
-92.72,-102.48,-9.76,97.6,-43.92,-58.56,4.88,-82.96,112.24,-58.56,29.28,-531.92
-92.72,-92.72,0,92.72,-48.8,-48.8,4.88,-73.2,112.24,-58.56,39.04,-531.92
-82.96,-78.08,4.88,82.96,-43.92,-39.04,4.88,-73.2,112.24,-58.56,29.28,-531.92
-82.96,-87.84,-4.88,87.84,-39.04,-48.8,4.88,-78.08,112.24,-48.8,29.28,-531.92
-73.2,-97.6,-24.4,87.84,-24.4,-63.44,14.64,-78.08,112.24,-58.56,24.4,-536.8
-73.2,-78.08,-4.88,78.08,-34.16,-43.92,14.64,-82.96,112.24,-58.56,24.4,-541.68
-78.08,-73.2,4.88,78.08,-43.92,-34.16,14.64,-82.96,107.36,-68.32,24.4,-546.56
-82.96,-78.08,4.88,82.96,-43.92,-39.04,9.76,-82.96,107.36,-68.32,29.28,-546.56
-73.2,-87.84,-14.64,82.96,-29.28,-53.68,9.76,-73.2,112.24,-63.44,29.28,-541.68
-73.2,-78.08,-4.88,78.08,-34.16,-43.92,9.76,-82.96,112.24,-58.56,24.4,-541.68
-73.2,-92.72,-19.52,82.96,-29.28,-58.56,0,-87.84,97.6,-58.56,19.52,-551.44
-78.08,-92.72,-14.64,87.84,-34.16,-53.68,0,-87.84,97.6,-63.44,19.52,-551.44
-82.96,-82.96,0,82.96,-43.92,-43.92,0,-92.72,97.6,-73.2,19.52,-551.44
-82.96,-82.96,0,82.96,-43.92,-43.92,0,-87.84,97.6,-68.32,19.52,-556.32
-87.84,-87.84,0,87.84,-43.92,-43.92,-4.88,-87.84,97.6,-68.32,19.52,-561.2
-92.72,-87.84,4.88,92.72,-48.8,-43.92,-9.76,-87.84,97.6,-68.32,19.52,-561.2
-92.72,-82.96,9.76,87.84,-53.68,-39.04,0,-78.08,92.72,-53.68,19.52,-566.08
-92.72,-82.96,9.76,87.84,-53.68,-39.04,0,-78.08,97.6,-53.68,19.52,-561.2
-92.72,-82.96,9.76,87.84,-53.68,-39.04,0,-87.84,97.6,-63.44,14.64,-561.2
-92.72,-82.96,9.76,87.84,-53.68,-39.04,0,-87.84,92.72,-63.44,14.64,-561.2
-73.2,-78.08,-4.88,78.08,-34.16,-43.92,0,-78.08,102.48,-73.2,14.64,-561.2
-87.84,-92.72,-4.88,92.72,-43.92,-48.8,0,-78.08,92.72,-73.2,14.64,-561.2
-87.84,-92.72,-4.88,92.72,-43.92,-48.8,0,-78.08,92.72,-68.32,19.52,-556.32
-82.96,-92.72,-9.76,87.84,-39.04,-53.68,0,-78.08,97.6,-68.32,19.52,-556.32
-92.72,-82.96,9.76,87.84,-53.68,-39.04,-14.64,-87.84,97.6,-78.08,9.76,-551.44
-87.84,-78.08,9.76,82.96,-48.8,-34.16,-14.64,-82.96,92.72,-78.08,9.76,-551.44
-82.96,-78.08,4.88,82.96,-43.92,-39.04,-14.64,-82.96,92.72,-82.96,4.88,-561.2
-78.08,-82.96,-4.88,82.96,-39.04,-43.92,-14.64,-82.96,97.6,-82.96,4.88,-561.2
-78.08,-82.96,-4.88,82.96,-39.04,-43.92,-14.64,-82.96,87.84,-78.08,9.76,-556.32
-78.08,-82.96,-4.88,82.96,-39.04,-43.92,-14.64,-82.96,87.84,-73.2,9.76,-556.32
-87.84,-78.08,9.76,82.96,-48.8,-34.16,-14.64,-82.96,87.84,-68.32,14.64,-556.32
-87.84,-78.08,9.76,82.96,-48.8,-34.16,-14.64,-82.96,87.84,-63.44,19.52,-551.44
-87.84,-92.72,-4.88,92.72,-43.92,-48.8,-14.64,-87.84,92.72,-73.2,14.64,-546.56
-92.72,-92.72,0,92.72,-48.8,-48.8,-14.64,-87.84,92.72,-73.2,14.64,-546.56
-102.48,-97.6,4.88,102.48,-53.68,-48.8,-14.64,-82.96,92.72,-73.2,14.64,-551.44
-107.36,-107.36,0,107.36,-53.68,-53.68,-14.64,-82.96,97.6,-73.2,19.52,-551.44
-107.36,-102.48,4.88,107.36,-58.56,-48.8,-19.52,-78.08,97.6,-63.44,29.28,-561.2
-107.36,-102.48,4.88,107.36,-58.56,-48.8,-19.52,-78.08,97.6,-63.44,29.28,-575.84
-102.48,-97.6,4.88,102.48,-53.68,-48.8,-19.52,-82.96,97.6,-68.32,29.28,-585.6
-92.72,-97.6,-4.88,97.6,-43.92,-53.68,-19.52,-82.96,97.6,-68.32,29.28,-590.48
-117.12,-122,-4.88,122,-58.56,-63.44,-29.28,-82.96,97.6,-78.08,14.64,-590.48
-117.12,-122,-4.88,122,-58.56,-63.44,-29.28,-82.96,102.48,-73.2,14.64,-590.48
-126.88,-107.36,19.52,117.12,-73.2,-43.92,-19.52,-73.2,107.36,-63.44,14.64,-590.48
-126.88,-107.36,19.52,117.12,-73.2,-43.92,-19.52,-68.32,107.36,-58.56,19.52,-585.6
-112.24,-92.72,19.52,102.48,-68.32,-39.04,-14.64,-73.2,122,-48.8,14.64,-575.84
-107.36,-87.84,19.52,97.6,-63.44,-34.16,-14.64,-68.32,122,-48.8,14.64,-585.6
-92.72,-78.08,14.64,87.84,-53.68,-34.16,-14.64,-68.32,122,-48.8,14.64,-585.6
-87.84,-68.32,19.52,78.08,-53.68,-24.4,-9.76,-68.32,126.88,-48.8,19.52,-590.48
-87.84,-78.08,9.76,82.96,-48.8,-34.16,0,-68.32,122,-48.8,24.4,-585.6
-78.08,-78.08,0,78.08,-39.04,-39.04,-4.88,-63.44,122,-39.04,29.28,-580.72
-92.72,-82.96,9.76,87.84,-53.68,-39.04,-4.88,-58.56,122,-39.04,29.28,-575.84
-92.72,-82.96,9.76,87.84,-53.68,-39.04,-4.88,-48.8,126.88,-43.92,29.28,-570.96
-87.84,-78.08,9.76,82.96,-48.8,-34.16,-4.88,-48.8,122,-43.92,39.04,-566.08
-87.84,-78.08,9.76,82.96,-48.8,-34.16,-4.88,-43.92,122,-39.04,39.04,-561.2
-87.84,-87.84,0,87.84,-43.92,-43.92,-4.88,-43.92,122,-39.04,39.04,-561.2
-87.84,-78.08,9.76,82.96,-48.8,-34.16,-4.88,-43.92,122,-39.04,39.04,-561.2
-92.72,-87.84,4.88,92.72,-48.8,-43.92,-14.64,-53.68,117.12,-48.8,29.28,-570.96
-92.72,-87.84,4.88,92.72,-48.8,-43.92,-14.64,-53.68,122,-43.92,29.28,-575.84
-92.72,-82.96,9.76,87.84,-53.68,-39.04,-14.64,-53.68,122,-43.92,24.4,-575.84
-92.72,-82.96,9.76,87.84,-53.68,-39.04,-14.64,-53.68,122,-48.8,24.4,-575.84
-82.96,-82.96,0,82.96,-43.92,-43.92,-4.88,-39.04,122,-43.92,34.16,-575.84
-97.6,-82.96,14.64,92.72,-58.56,-34.16,-4.88,-39.04,126.88,-43.92,43.92,-575.84
-97.6,-82.96,14.64,92.72,-58.56,-34.16,-4.88,-34.16,131.76,-34.16,43.92,-570.96
-78.08,-68.32,9.76,73.2,-43.92,-29.28,-4.88,-34.16,146.4,-24.4,43.92,-570.96
-68.32,-63.44,4.88,68.32,-39.04,-29.28,-14.64,-43.92,146.4,-29.28,34.16,-570.96
-68.32,-48.8,19.52,58.56,-43.92,-14.64,-9.76,-39.04,141.52,-29.28,39.04,-575.84
-63.44,-43.92,19.52,53.68,-43.92,-14.64,-9.76,-39.04,141.52,-24.4,39.04,-580.72
-63.44,-43.92,19.52,53.68,-43.92,-14.64,-9.76,-34.16,136.64,-39.04,39.04,-580.72
-68.32,-53.68,14.64,63.44,-43.92,-19.52,0,-24.4,141.52,-43.92,39.04,-580.72
-68.32,-53.68,14.64,63.44,-43.92,-19.52,0,-24.4,146.4,-39.04,43.92,-580.72
-68.32,-48.8,19.52,58.56,-43.92,-14.64,0,-24.4,151.28,-29.28,53.68,-580.72
-68.32,-48.8,19.52,58.56,-43.92,-14.64,0,-29.28,151.28,-24.4,58.56,-575.84
-78.08,-58.56,19.52,68.32,-48.8,-19.52,-9.76,-29.28,146.4,-34.16,53.68,-570.96
-78.08,-58.56,19.52,68.32,-48.8,-19.52,-9.76,-29.28,151.28,-34.16,58.56,-570.96
-78.08,-58.56,19.52,68.32,-48.8,-19.52,-9.76,-29.28,161.04,-34.16,58.56,-570.96
-87.84,-58.56,29.28,73.2,-58.56,-14.64,-9.76,-34.16,165.92,-34.16,53.68,-570.96
-87.84,-58.56,29.28,73.2,-58.56,-14.64,-19.52,-34.16,156.16,-43.92,43.92,-585.6
-87.84,-68.32,19.52,78.08,-53.68,-24.4,-19.52,-34.16,156.16,-43.92,48.8,-590.48
-87.84,-68.32,19.52,78.08,-53.68,-24.4,-19.52,-34.16,156.16,-39.04,48.8,-590.48
-82.96,-73.2,9.76,78.08,-48.8,-34.16,-14.64,-29.28,161.04,-39.04,48.8,-585.6
-82.96,-63.44,19.52,73.2,-53.68,-24.4,-4.88,-29.28,161.04,-34.16,58.56,-585.6
-82.96,-63.44,19.52,73.2,-53.68,-24.4,-4.88,-29.28,161.04,-39.04,53.68,-590.48
-78.08,-53.68,24.4,68.32,-53.68,-14.64,-4.88,-29.28,161.04,-39.04,53.68,-590.48
-78.08,-43.92,34.16,63.44,-58.56,-4.88,-4.88,-29.28,161.04,-29.28,58.56,-590.48
-87.84,-58.56,29.28,73.2,-58.56,-14.64,-14.64,-39.04,151.28,-29.28,58.56,-600.24
-87.84,-63.44,24.4,78.08,-58.56,-19.52,-14.64,-43.92,151.28,-34.16,53.68,-595.36
-78.08,-58.56,19.52,68.32,-48.8,-19.52,-19.52,-43.92,146.4,-34.16,48.8,-595.36
-78.08,-58.56,19.52,68.32,-48.8,-19.52,-19.52,-43.92,141.52,-34.16,43.92,-595.36
-87.84,-73.2,14.64,82.96,-53.68,-29.28,-19.52,-48.8,136.64,-53.68,39.04,-605.12
-102.48,-78.08,24.4,92.72,-63.44,-29.28,-19.52,-53.68,141.52,-53.68,39.04,-605.12
-92.72,-92.72,0,92.72,-48.8,-48.8,-19.52,-53.68,146.4,-53.68,34.16,-605.12
-78.08,-87.84,-9.76,82.96,-34.16,-48.8,-19.52,-48.8,151.28,-53.68,34.16,-605.12
-92.72,-82.96,9.76,87.84,-53.68,-39.04,-9.76,-43.92,161.04,-39.04,34.16,-605.12
-107.36,-92.72,14.64,102.48,-63.44,-39.04,-9.76,-48.8,156.16,-39.04,43.92,-600.24
-112.24,-87.84,24.4,102.48,-68.32,-34.16,-9.76,-43.92,156.16,-29.28,48.8,-600.24
-92.72,-68.32,24.4,82.96,-58.56,-24.4,-9.76,-39.04,156.16,-24.4,48.8,-605.12
-78.08,-58.56,19.52,68.32,-48.8,-19.52,-14.64,-48.8,151.28,-34.16,43.92,-605.12
-73.2,-58.56,14.64,68.32,-43.92,-24.4,-14.64,-48.8,146.4,-34.16,43.92,-605.12
-87.84,-63.44,24.4,78.08,-58.56,-19.52,-24.4,-53.68,141.52,-48.8,29.28,-605.12
-73.2,-63.44,9.76,68.32,-43.92,-29.28,-24.4,-53.68,146.4,-53.68,29.28,-619.76
-73.2,-53.68,19.52,63.44,-48.8,-19.52,-24.4,-53.68,136.64,-43.92,39.04,-619.76
-78.08,-63.44,14.64,73.2,-48.8,-24.4,-24.4,-58.56,136.64,-48.8,34.16,-624.64
-87.84,-73.2,14.64,82.96,-53.68,-29.28,-24.4,-58.56,131.76,-58.56,34.16,-624.64
-87.84,-78.08,9.76,82.96,-48.8,-34.16,-24.4,-58.56,131.76,-48.8,39.04,-619.76
-87.84,-68.32,19.52,78.08,-53.68,-24.4,-14.64,-53.68,141.52,-34.16,48.8,-614.88
-82.96,-63.44,19.52,73.2,-53.68,-24.4,-9.76,-48.8,141.52,-29.28,48.8,-614.88
-82.96,-63.44,19.52,73.2,-53.68,-24.4,-9.76,-43.92,136.64,-29.28,48.8,-614.88
-82.96,-63.44,19.52,73.2,-53.68,-24.4,-9.76,-39.04,136.64,-29.28,48.8,-624.64
-78.08,-53.68,24.4,68.32,-53.68,-14.64,-19.52,-48.8,146.4,-34.16,48.8,-619.76
-63.44,-53.68,9.76,58.56,-39.04,-24.4,-19.52,-48.8,141.52,-43.92,39.04,-619.76
-58.56,-48.8,9.76,53.68,-34.16,-19.52,-19.52,-58.56,141.52,-43.92,39.04,-619.76
-53.68,-48.8,4.88,53.68,-29.28,-24.4,-19.52,-58.56,141.52,-43.92,43.92,-619.76
-63.44,-63.44,0,63.44,-34.16,-34.16,-9.76,-48.8,146.4,-43.92,39.04,-619.76
-63.44,-68.32,-4.88,68.32,-29.28,-39.04,-14.64,-48.8,141.52,-39.04,39.04,-614.88
-63.44,-68.32,-4.88,68.32,-29.28,-39.04,-14.64,-48.8,136.64,-39.04,43.92,-614.88
-63.44,-63.44,0,63.44,-34.16,-34.16,-14.64,-48.8,131.76,-39.04,43.92,-614.88
-68.32,-73.2,-4.88,73.2,-34.16,-39.04,-24.4,-58.56,126.88,-48.8,43.92,-629.52
-73.2,-78.08,-4.88,78.08,-34.16,-43.92,-24.4,-58.56,126.88,-58.56,39.04,-634.4
-78.08,-78.08,0,78.08,-39.04,-39.04,-24.4,-53.68,126.88,-58.56,39.04,-634.4
-82.96,-68.32,14.64,78.08,-48.8,-29.28,-24.4,-53.68,122,-58.56,39.04,-634.4
-68.32,-63.44,4.88,68.32,-39.04,-29.28,-14.64,-48.8,131.76,-48.8,39.04,-629.52
-68.32,-58.56,9.76,63.44,-39.04,-24.4,-14.64,-53.68,131.76,-48.8,29.28,-634.4
-63.44,-48.8,14.64,58.56,-39.04,-19.52,-14.64,-53.68,136.64,-53.68,34.16,-634.4
-53.68,-34.16,19.52,43.92,-39.04,-9.76,-14.64,-53.68,136.64,-53.68,48.8,-629.52
-58.56,-53.68,4.88,58.56,-34.16,-24.4,-24.4,-53.68,131.76,-48.8,48.8,-629.52
-68.32,-58.56,9.76,63.44,-39.04,-24.4,-24.4,-48.8,126.88,-48.8,48.8,-629.52
-58.56,-53.68,4.88,58.56,-34.16,-24.4,-24.4,-48.8,126.88,-48.8,58.56,-624.64
-58.56,-68.32,-9.76,63.44,-24.4,-39.04,-24.4,-48.8,126.88,-48.8,58.56,-619.76
-87.84,-87.84,0,87.84,-43.92,-43.92,-24.4,-68.32,112.24,-58.56,48.8,-629.52
-92.72,-78.08,14.64,87.84,-53.68,-34.16,-24.4,-68.32,112.24,-48.8,43.92,-634.4
-82.96,-78.08,4.88,82.96,-43.92,-39.04,-24.4,-63.44,126.88,-58.56,29.28,-634.4
-87.84,-73.2,14.64,82.96,-53.68,-29.28,-24.4,-58.56,126.88,-58.56,24.4,-634.4
-82.96,-58.56,24.4,73.2,-53.68,-19.52,-19.52,-53.68,131.76,-48.8,34.16,-629.52
-78.08,-58.56,19.52,68.32,-48.8,-19.52,-14.64,-53.68,126.88,-53.68,34.16,-634.4
-73.2,-73.2,0,73.2,-39.04,-39.04,-9.76,-48.8,126.88,-53.68,34.16,-634.4
-78.08,-82.96,-4.88,82.96,-39.04,-43.92,-9.76,-39.04,126.88,-48.8,34.16,-629.52
-68.32,-58.56,9.76,63.44,-39.04,-24.4,-14.64,-48.8,126.88,-48.8,43.92,-629.52
-58.56,-58.56,0,58.56,-29.28,-29.28,-19.52,-48.8,126.88,-48.8,43.92,-629.52
-58.56,-58.56,0,58.56,-29.28,-29.28,-19.52,-48.8,131.76,-48.8,43.92,-629.52
-63.44,-58.56,4.88,63.44,-34.16,-29.28,-24.4,-48.8,131.76,-48.8,43.92,-629.52
-68.32,-63.44,4.88,68.32,-39.04,-29.28,-24.4,-63.44,126.88,-53.68,29.28,-634.4
-78.08,-68.32,9.76,73.2,-43.92,-29.28,-24.4,-63.44,122,-63.44,29.28,-634.4
-82.96,-68.32,14.64,78.08,-48.8,-29.28,-24.4,-63.44,117.12,-73.2,24.4,-634.4
-87.84,-73.2,14.64,82.96,-53.68,-29.28,-24.4,-68.32,107.36,-78.08,19.52,-639.28
-97.6,-68.32,29.28,82.96,-63.44,-19.52,-24.4,-68.32,112.24,-73.2,29.28,-639.28
-97.6,-58.56,39.04,78.08,-68.32,-9.76,-24.4,-68.32,112.24,-68.32,29.28,-639.28
-87.84,-53.68,34.16,73.2,-63.44,-9.76,-24.4,-63.44,117.12,-58.56,29.28,-639.28
-82.96,-48.8,34.16,68.32,-58.56,-9.76,-24.4,-63.44,131.76,-48.8,29.28,-644.16
-92.72,-68.32,24.4,82.96,-58.56,-24.4,-29.28,-63.44,122,-53.68,29.28,-644.16
-112.24,-82.96,29.28,97.6,-73.2,-29.28,-29.28,-63.44,122,-58.56,24.4,-644.16
-112.24,-112.24,0,112.24,-58.56,-58.56,-29.28,-68.32,112.24,-68.32,19.52,-653.92
-107.36,-112.24,-4.88,112.24,-53.68,-58.56,-29.28,-68.32,107.36,-73.2,19.52,-653.92
-92.72,-92.72,0,92.72,-48.8,-48.8,-19.52,-63.44,112.24,-63.44,29.28,-649.04
-87.84,-78.08,9.76,82.96,-48.8,-34.16,-19.52,-63.44,112.24,-63.44,29.28,-649.04
-87.84,-87.84,0,87.84,-43.92,-43.92,-24.4,-58.56,112.24,-58.56,29.28,-644.16
-87.84,-68.32,19.52,78.08,-53.68,-24.4,-24.4,-58.56,112.24,-58.56,29.28,-639.28
-102.48,-73.2,29.28,87.84,-68.32,-24.4,-24.4,-63.44,112.24,-68.32,24.4,-649.04
-102.48,-82.96,19.52,92.72,-63.44,-34.16,-34.16,-63.44,112.24,-78.08,19.52,-649.04
-87.84,-87.84,0,87.84,-43.92,-43.92,-34.16,-63.44,117.12,-68.32,19.52,-653.92
-97.6,-82.96,14.64,92.72,-58.56,-34.16,-19.52,-63.44,117.12,-68.32,19.52,-653.92
-102.48,-82.96,19.52,92.72,-63.44,-34.16,-19.52,-58.56,112.24,-68.32,29.28,-653.92
-102.48,-97.6,4.88,102.48,-53.68,-48.8,-14.64,-58.56,117.12,-63.44,19.52,-658.8
-107.36,-97.6,9.76,102.48,-58.56,-43.92,-14.64,-63.44,117.12,-63.44,19.52,-658.8
-107.36,-87.84,19.52,97.6,-63.44,-34.16,-14.64,-63.44,117.12,-58.56,19.52,-658.8
-73.2,-73.2,0,73.2,-39.04,-39.04,-24.4,-53.68,117.12,-48.8,29.28,-658.8
-63.44,-63.44,0,63.44,-34.16,-34.16,-24.4,-63.44,117.12,-58.56,24.4,-658.8
-112.24,-87.84,24.4,102.48,-68.32,-34.16,-24.4,-68.32,107.36,-68.32,19.52,-658.8
-117.12,-97.6,19.52,107.36,-68.32,-39.04,-29.28,-68.32,117.12,-68.32,9.76,-653.92
-97.6,-87.84,9.76,92.72,-53.68,-39.04,-19.52,-58.56,126.88,-58.56,19.52,-653.92
-87.84,-78.08,9.76,82.96,-48.8,-34.16,-19.52,-58.56,126.88,-58.56,19.52,-653.92
-78.08,-68.32,9.76,73.2,-43.92,-29.28,-19.52,-58.56,126.88,-58.56,19.52,-653.92
-68.32,-58.56,9.76,63.44,-39.04,-24.4,-19.52,-58.56,126.88,-58.56,19.52,-653.92
-78.08,-68.32,9.76,73.2,-43.92,-29.28,-19.52,-58.56,117.12,-58.56,19.52,-663.68
-78.08,-73.2,4.88,78.08,-43.92,-34.16,-24.4,-58.56,117.12,-58.56,14.64,-663.68
-78.08,-73.2,4.88,78.08,-43.92,-34.16,-24.4,-58.56,117.12,-58.56,14.64,-673.44
-78.08,-73.2,4.88,78.08,-43.92,-34.16,-19.52,-58.56,117.12,-58.56,14.64,-663.68
-87.84,-73.2,14.64,82.96,-53.68,-29.28,-19.52,-58.56,131.76,-58.56,14.64,-663.68
-87.84,-82.96,4.88,87.84,-48.8,-39.04,-19.52,-58.56,131.76,-58.56,14.64,-663.68
-97.6,-82.96,14.64,92.72,-58.56,-34.16,-19.52,-58.56,126.88,-58.56,14.64,-663.68
-97.6,-82.96,14.64,92.72,-58.56,-34.16,-19.52,-58.56,126.88,-58.56,14.64,-658.8
-82.96,-78.08,4.88,82.96,-43.92,-39.04,-19.52,-58.56,126.88,-48.8,24.4,-658.8
-82.96,-73.2,9.76,78.08,-48.8,-34.16,-19.52,-63.44,122,-48.8,24.4,-663.68
-78.08,-73.2,4.88,78.08,-43.92,-34.16,-19.52,-63.44,122,-53.68,24.4,-663.68
-73.2,-68.32,4.88,73.2,-39.04,-34.16,-24.4,-68.32,122,-58.56,24.4,-668.56
-78.08,-73.2,4.88,78.08,-43.92,-34.16,-29.28,-78.08,122,-68.32,34.16,-658.8
-82.96,-78.08,4.88,82.96,-43.92,-39.04,-29.28,-78.08,122,-68.32,29.28,-658.8
-87.84,-82.96,4.88,87.84,-48.8,-39.04,-29.28,-73.2,122,-68.32,29.28,-658.8
-87.84,-87.84,0,87.84,-43.92,-43.92,-24.4,-73.2,122,-63.44,29.28,-658.8
-73.2,-68.32,4.88,73.2,-39.04,-34.16,-24.4,-63.44,126.88,-63.44,29.28,-649.04
-73.2,-63.44,9.76,68.32,-43.92,-29.28,-24.4,-58.56,126.88,-58.56,29.28,-649.04
-73.2,-58.56,14.64,68.32,-43.92,-24.4,-24.4,-58.56,126.88,-58.56,34.16,-649.04
-73.2,-53.68,19.52,63.44,-48.8,-19.52,-19.52,-58.56,126.88,-58.56,34.16,-649.04
-78.08,-63.44,14.64,73.2,-48.8,-24.4,-19.52,-68.32,126.88,-58.56,34.16,-649.04
-78.08,-58.56,19.52,68.32,-48.8,-19.52,-24.4,-68.32,126.88,-58.56,34.16,-649.04
-78.08,-53.68,24.4,68.32,-53.68,-14.64,-24.4,-68.32,126.88,-58.56,34.16,-649.04
-78.08,-53.68,24.4,68.32,-53.68,-14.64,-19.52,-63.44,131.76,-58.56,39.04,-649.04
-92.72,-53.68,39.04,73.2,-68.32,-9.76,-19.52,-58.56,141.52,-53.68,43.92,-644.16
-87.84,-58.56,29.28,73.2,-58.56,-14.64,-19.52,-53.68,141.52,-53.68,43.92,-634.4
-92.72,-63.44,29.28,78.08,-63.44,-19.52,-19.52,-48.8,146.4,-53.68,39.04,-629.52
-97.6,-68.32,29.28,82.96,-63.44,-19.52,-19.52,-43.92,146.4,-48.8,39.04,-624.64
-78.08,-58.56,19.52,68.32,-48.8,-19.52,-19.52,-43.92,136.64,-58.56,29.28,-629.52
-68.32,-43.92,24.4,58.56,-48.8,-9.76,-14.64,-48.8,136.64,-58.56,29.28,-634.4
-53.68,-34.16,19.52,43.92,-39.04,-9.76,-4.88,-43.92,146.4,-48.8,43.92,-629.52
-34.16,-9.76,24.4,24.4,-29.28,4.88,9.76,-34.16,161.04,-34.16,48.8,-634.4
-43.92,0,43.92,24.4,-43.92,19.52,9.76,-34.16,165.92,-29.28,53.68,-624.64
-48.8,4.88,53.68,24.4,-53.68,29.28,24.4,-19.52,175.68,-19.52,63.44,-614.88
-58.56,9.76,68.32,24.4,-63.44,39.04,29.28,-19.52,180.56,-14.64,73.2,-605.12
-68.32,4.88,73.2,34.16,-73.2,39.04,29.28,-19.52,180.56,-14.64,73.2,-605.12
-58.56,24.4,82.96,19.52,-73.2,53.68,29.28,-14.64,185.44,-4.88,82.96,-605.12
-48.8,39.04,87.84,4.88,-68.32,63.44,34.16,-4.88,190.32,-4.88,82.96,-600.24
-48.8,43.92,92.72,4.88,-73.2,68.32,34.16,0,200.08,-4.88,82.96,-600.24
-48.8,39.04,87.84,4.88,-68.32,63.44,34.16,4.88,204.96,-4.88,82.96,-600.24
-53.68,29.28,82.96,14.64,-68.32,53.68,34.16,-14.64,190.32,-14.64,78.08,-610
-53.68,29.28,82.96,14.64,-68.32,53.68,34.16,-19.52,180.56,-24.4,63.44,-614.88
-53.68,24.4,78.08,14.64,-68.32,48.8,24.4,-24.4,175.68,-24.4,58.56,-614.88
-48.8,24.4,73.2,14.64,-63.44,48.8,19.52,-24.4,170.8,-19.52,58.56,-614.88
-63.44,4.88,68.32,29.28,-68.32,34.16,19.52,-14.64,180.56,-19.52,58.56,-605.12
-68.32,-14.64,53.68,43.92,-63.44,19.52,9.76,-14.64,180.56,-19.52,53.68,-610
-73.2,-19.52,53.68,48.8,-63.44,14.64,0,-14.64,180.56,-19.52,53.68,-610
-78.08,-24.4,53.68,53.68,-68.32,14.64,-14.64,-9.76,180.56,-19.52,53.68,-600.24
-53.68,-24.4,29.28,39.04,-43.92,0,-29.28,-19.52,180.56,-19.52,53.68,-590.48
-53.68,-34.16,19.52,43.92,-39.04,-9.76,-39.04,-29.28,170.8,-29.28,53.68,-595.36
-58.56,-48.8,9.76,53.68,-34.16,-19.52,-48.8,-34.16,161.04,-34.16,48.8,-600.24
-68.32,-53.68,14.64,63.44,-43.92,-19.52,-48.8,-39.04,156.16,-34.16,43.92,-605.12
-63.44,-39.04,24.4,53.68,-43.92,-9.76,-34.16,-39.04,146.4,-24.4,43.92,-614.88
-73.2,-34.16,39.04,53.68,-58.56,0,-19.52,-39.04,151.28,-24.4,48.8,-619.76
-73.2,-34.16,39.04,53.68,-58.56,0,-19.52,-39.04,151.28,-24.4,48.8,-619.76
-78.08,-39.04,39.04,58.56,-58.56,0,-19.52,-39.04,146.4,-29.28,39.04,-624.64
-87.84,-39.04,48.8,63.44,-68.32,4.88,0,-34.16,151.28,-29.28,48.8,-624.64
-92.72,-48.8,43.92,73.2,-68.32,-4.88,0,-29.28,156.16,-34.16,43.92,-624.64
-97.6,-58.56,39.04,78.08,-68.32,-9.76,0,-39.04,156.16,-43.92,34.16,-634.4
-97.6,-68.32,29.28,82.96,-63.44,-19.52,0,-34.16,151.28,-48.8,34.16,-634.4
-82.96,-68.32,14.64,78.08,-48.8,-29.28,-4.88,-48.8,141.52,-39.04,14.64,-639.28
-82.96,-63.44,19.52,73.2,-53.68,-24.4,-9.76,-53.68,126.88,-48.8,14.64,-639.28
-82.96,-63.44,19.52,73.2,-53.68,-24.4,-14.64,-58.56,122,-58.56,4.88,-653.92
-82.96,-63.44,19.52,73.2,-53.68,-24.4,-14.64,-63.44,117.12,-58.56,4.88,-653.92
-92.72,-87.84,4.88,92.72,-48.8,-43.92,-24.4,-58.56,112.24,-63.44,9.76,-644.16
-92.72,-87.84,4.88,92.72,-48.8,-43.92,-24.4,-58.56,112.24,-63.44,4.88,-649.04
-92.72,-87.84,4.88,92.72,-48.8,-43.92,-19.52,-58.56,112.24,-63.44,4.88,-649.04
-92.72,-87.84,4.88,92.72,-48.8,-43.92,-19.52,-58.56,112.24,-63.44,4.88,-649.04
-97.6,-92.72,4.88,97.6,-53.68,-43.92,-19.52,-68.32,112.24,-73.2,4.88,-649.04
-107.36,-102.48,4.88,107.36,-58.56,-48.8,-24.4,-68.32,112.24,-73.2,0,-653.92
-122,-107.36,14.64,117.12,-68.32,-48.8,-24.4,-73.2,112.24,-73.2,0,-653.92
-117.12,-107.36,9.76,112.24,-63.44,-48.8,-24.4,-73.2,107.36,-78.08,0,-653.92
-102.48,-102.48,0,102.48,-53.68,-53.68,-34.16,-82.96,97.6,-78.08,-4.88,-649.04
-97.6,-97.6,0,97.6,-48.8,-48.8,-34.16,-82.96,97.6,-78.08,-4.88,-649.04
-97.6,-92.72,4.88,97.6,-53.68,-43.92,-34.16,-82.96,97.6,-78.08,-4.88,-649.04
-97.6,-92.72,4.88,97.6,-53.68,-43.92,-34.16,-82.96,97.6,-78.08,-4.88,-649.04
-97.6,-97.6,0,97.6,-48.8,-48.8,-29.28,-73.2,97.6,-73.2,0,-653.92
-117.12,-97.6,19.52,107.36,-68.32,-39.04,-29.28,-73.2,92.72,-73.2,0,-653.92
-117.12,-97.6,19.52,107.36,-68.32,-39.04,-24.4,-73.2,92.72,-73.2,0,-653.92
-112.24,-97.6,14.64,107.36,-63.44,-43.92,-24.4,-73.2,87.84,-78.08,0,-653.92
-122,-117.12,4.88,122,-63.44,-58.56,-29.28,-87.84,87.84,-87.84,-4.88,-653.92
-112.24,-112.24,0,112.24,-58.56,-58.56,-39.04,-87.84,87.84,-92.72,-14.64,-653.92
-107.36,-102.48,4.88,107.36,-58.56,-48.8,-34.16,-78.08,92.72,-92.72,-14.64,-653.92
-87.84,-92.72,-4.88,92.72,-43.92,-48.8,-14.64,-73.2,102.48,-82.96,-4.88,-653.92
-112.24,-117.12,-4.88,117.12,-53.68,-63.44,0,-68.32,92.72,-82.96,-4.88,-644.16
-156.16,-165.92,-9.76,161.04,-73.2,-87.84,-14.64,-68.32,68.32,-97.6,-14.64,-668.56
-126.88,-146.4,-19.52,136.64,-53.68,-82.96,-9.76,-68.32,58.56,-112.24,-39.04,-683.2
-97.6,-126.88,-29.28,112.24,-34.16,-78.08,19.52,-53.68,78.08,-107.36,-39.04,-692.96
-131.76,-170.8,-39.04,151.28,-48.8,-107.36,39.04,-24.4,73.2,-117.12,-48.8,-692.96
-175.68,-229.36,-53.68,204.96,-63.44,-141.52,63.44,24.4,73.2,-131.76,-82.96,-722.24
-151.28,-200.08,-48.8,175.68,-53.68,-126.88,141.52,141.52,122,-122,-92.72,-736.88
-122,-170.8,-48.8,146.4,-39.04,-112.24,204.96,248.88,185.44,-87.84,-68.32,-736.88
-107.36,-141.52,-34.16,126.88,-39.04,-87.84,204.96,302.56,263.52,-34.16,-29.28,-722.24
-73.2,-58.56,14.64,68.32,-43.92,-24.4,170.8,370.88,375.76,78.08,58.56,-658.8
0,58.56,58.56,-29.28,-29.28,58.56,107.36,439.2,517.28,234.24,185.44,-575.84
39.04,122,82.96,-78.08,-24.4,102.48,39.04,478.24,644.16,361.12,292.8,-497.76
68.32,185.44,117.12,-126.88,-24.4,151.28,-4.88,507.52,761.28,483.12,395.28,-424.56
117.12,312.32,195.2,-214.72,-39.04,253.76,-53.68,536.8,897.92,653.92,546.56,-331.84
180.56,453.84,273.28,-317.2,-48.8,361.12,-107.36,575.84,1049.2,824.72,688.08,-234.24
224.48,585.6,361.12,-405.04,-68.32,473.36,-131.76,634.4,1195.6,995.52,829.6,-122
292.8,732,439.2,-512.4,-73.2,585.6,-156.16,732,1381.04,1190.72,990.64,9.76
346.48,897.92,551.44,-619.76,-102.48,722.24,-224.48,766.16,1546.96,1385.92,1176.08,151.28
366,980.88,614.88,-673.44,-126.88,795.44,-317.2,751.52,1639.68,1522.56,1302.96,268.4
385.52,1015.04,629.52,-697.84,-122,819.84,-380.64,692.96,1615.28,1551.84,1371.28,356.24
405.04,1034.56,629.52,-717.36,-112.24,829.6,-375.76,536.8,1449.36,1464,1346.88,380.64
385.52,990.64,605.12,-688.08,-112.24,795.44,-375.76,312.32,1171.2,1249.28,1234.64,346.48
326.96,849.12,522.16,-585.6,-97.6,683.2,-370.88,29.28,795.44,956.48,1039.44,253.76
258.64,678.32,419.68,-468.48,-82.96,546.56,-405.04,-283.04,405.04,634.4,829.6,151.28
209.84,497.76,287.92,-351.36,-39.04,390.4,-478.24,-546.56,78.08,346.48,619.76,43.92
170.8,287.92,117.12,-229.36,24.4,200.08,-551.44,-732,-200.08,87.84,409.92,-58.56
97.6,136.64,39.04,-117.12,29.28,87.84,-585.6,-858.88,-395.28,-112.24,244,-170.8
43.92,58.56,14.64,-48.8,14.64,34.16,-595.36,-888.16,-473.36,-224.48,131.76,-263.52
19.52,-53.68,-73.2,19.52,43.92,-63.44,-624.64,-854,-502.64,-307.44,39.04,-341.6
-19.52,-141.52,-122,82.96,48.8,-131.76,-639.28,-844.24,-531.92,-366,-39.04,-405.04
-43.92,-156.16,-112.24,102.48,34.16,-136.64,-610,-805.2,-517.28,-385.52,-78.08,-463.6
-48.8,-136.64,-87.84,92.72,19.52,-112.24,-536.8,-707.6,-434.32,-356.24,-78.08,-502.64
-68.32,-156.16,-87.84,112.24,9.76,-122,-478.24,-580.72,-346.48,-312.32,-68.32,-512.4
-102.48,-200.08,-97.6,151.28,-4.88,-151.28,-414.8,-497.76,-287.92,-283.04,-78.08,-527.04
-112.24,-219.6,-107.36,165.92,-4.88,-165.92,-346.48,-405.04,-229.36,-263.52,-87.84,-551.44
-97.6,-224.48,-126.88,161.04,14.64,-175.68,-268.4,-317.2,-180.56,-239.12,-78.08,-566.08
-73.2,-224.48,-151.28,151.28,39.04,-190.32,-224.48,-258.64,-146.4,-219.6,-78.08,-580.72
-68.32,-204.96,-136.64,136.64,34.16,-170.8,-175.68,-214.72,-107.36,-200.08,-82.96,-585.6
-87.84,-190.32,-102.48,141.52,4.88,-146.4,-112.24,-156.16,-58.56,-175.68,-73.2,-585.6
-97.6,-180.56,-82.96,141.52,-9.76,-131.76,-58.56,-117.12,0,-141.52,-48.8,-585.6
-97.6,-165.92,-68.32,131.76,-14.64,-117.12,-53.68,-102.48,24.4,-126.88,-39.04,-595.36
-107.36,-151.28,-43.92,131.76,-34.16,-97.6,-53.68,-92.72,29.28,-107.36,-24.4,-595.36
-107.36,-146.4,-39.04,126.88,-34.16,-92.72,-43.92,-68.32,48.8,-87.84,-4.88,-585.6
-97.6,-107.36,-9.76,102.48,-43.92,-58.56,-34.16,-48.8,63.44,-73.2,14.64,-566.08
-87.84,-73.2,14.64,82.96,-53.68,-29.28,-24.4,-39.04,73.2,-63.44,34.16,-556.32
-82.96,-87.84,-4.88,87.84,-39.04,-48.8,-34.16,-39.04,68.32,-63.44,34.16,-556.32
-92.72,-58.56,34.16,78.08,-63.44,-14.64,-24.4,-39.04,68.32,-68.32,29.28,-556.32
-87.84,-58.56,29.28,73.2,-58.56,-14.64,-9.76,-29.28,78.08,-63.44,24.4,-566.08
-82.96,-63.44,19.52,73.2,-53.68,-24.4,-4.88,-24.4,87.84,-63.44,9.76,-575.84
-78.08,-68.32,9.76,73.2,-43.92,-29.28,9.76,-9.76,92.72,-68.32,4.88,-595.36
-87.84,-82.96,4.88,87.84,-48.8,-39.04,9.76,-4.88,97.6,-68.32,0,-600.24
-92.72,-87.84,4.88,92.72,-48.8,-43.92,9.76,-9.76,97.6,-68.32,0,-605.12
-92.72,-92.72,0,92.72,-48.8,-48.8,4.88,-14.64,97.6,-68.32,0,-605.12
-92.72,-92.72,0,92.72,-48.8,-48.8,0,-19.52,97.6,-68.32,0,-605.12
-107.36,-92.72,14.64,102.48,-63.44,-39.04,-4.88,-9.76,97.6,-53.68,9.76,-595.36
-107.36,-82.96,24.4,97.6,-68.32,-29.28,-9.76,-9.76,102.48,-53.68,19.52,-575.84
-117.12,-92.72,24.4,107.36,-73.2,-34.16,-14.64,-14.64,102.48,-53.68,9.76,-570.96
-136.64,-92.72,43.92,117.12,-92.72,-24.4,-14.64,-14.64,92.72,-53.68,9.76,-566.08
-112.24,-78.08,34.16,97.6,-73.2,-24.4,9.76,-19.52,102.48,-63.44,0,-561.2
-107.36,-82.96,24.4,97.6,-68.32,-29.28,14.64,-9.76,112.24,-58.56,0,-561.2
-107.36,-87.84,19.52,97.6,-63.44,-34.16,19.52,0,112.24,-58.56,0,-570.96
-102.48,-82.96,19.52,92.72,-63.44,-34.16,19.52,4.88,112.24,-58.56,0,-570.96
-92.72,-92.72,0,92.72,-48.8,-48.8,14.64,4.88,112.24,-48.8,9.76,-561.2
-87.84,-82.96,4.88,87.84,-48.8,-39.04,9.76,4.88,112.24,-48.8,14.64,-561.2
-78.08,-73.2,4.88,78.08,-43.92,-34.16,4.88,0,112.24,-48.8,14.64,-561.2
-68.32,-78.08,-9.76,73.2,-29.28,-43.92,-4.88,0,112.24,-48.8,19.52,-561.2
-92.72,-78.08,14.64,87.84,-53.68,-34.16,4.88,-9.76,112.24,-58.56,9.76,-566.08
-92.72,-73.2,19.52,82.96,-58.56,-29.28,9.76,-4.88,112.24,-53.68,14.64,-566.08
-97.6,-73.2,24.4,87.84,-63.44,-24.4,9.76,0,112.24,-53.68,14.64,-566.08
-107.36,-78.08,29.28,92.72,-68.32,-24.4,14.64,4.88,117.12,-53.68,9.76,-566.08
-107.36,-78.08,29.28,92.72,-68.32,-24.4,24.4,19.52,107.36,-53.68,9.76,-551.44
-107.36,-87.84,19.52,97.6,-63.44,-34.16,24.4,24.4,112.24,-43.92,14.64,-536.8
-92.72,-68.32,24.4,82.96,-58.56,-24.4,24.4,24.4,117.12,-43.92,19.52,-531.92
-92.72,-68.32,24.4,82.96,-58.56,-24.4,24.4,34.16,117.12,-43.92,19.52,-522.16
-97.6,-82.96,14.64,92.72,-58.56,-34.16,14.64,29.28,126.88,-43.92,19.52,-512.4
-102.48,-82.96,19.52,92.72,-63.44,-34.16,14.64,29.28,117.12,-48.8,19.52,-507.52
-102.48,-78.08,24.4,92.72,-63.44,-29.28,14.64,29.28,117.12,-48.8,24.4,-502.64
-107.36,-78.08,29.28,92.72,-68.32,-24.4,14.64,34.16,122,-48.8,24.4,-502.64
-107.36,-82.96,24.4,97.6,-68.32,-29.28,14.64,34.16,112.24,-48.8,39.04,-492.88
-102.48,-82.96,19.52,92.72,-63.44,-34.16,24.4,39.04,117.12,-43.92,39.04,-492.88
-102.48,-82.96,19.52,92.72,-63.44,-34.16,24.4,43.92,117.12,-43.92,39.04,-492.88
-102.48,-87.84,14.64,97.6,-58.56,-39.04,24.4,43.92,126.88,-39.04,43.92,-488
-107.36,-97.6,9.76,102.48,-58.56,-43.92,24.4,43.92,122,-48.8,34.16,-497.76
-112.24,-97.6,14.64,107.36,-63.44,-43.92,19.52,43.92,122,-39.04,34.16,-502.64
-107.36,-97.6,9.76,102.48,-58.56,-43.92,4.88,43.92,122,-39.04,34.16,-502.64
-112.24,-87.84,24.4,102.48,-68.32,-34.16,0,43.92,122,-39.04,29.28,-507.52
-102.48,-73.2,29.28,87.84,-68.32,-24.4,9.76,63.44,126.88,-29.28,39.04,-517.28
-102.48,-73.2,29.28,87.84,-68.32,-24.4,9.76,63.44,126.88,-29.28,29.28,-517.28
-102.48,-73.2,29.28,87.84,-68.32,-24.4,9.76,63.44,131.76,-29.28,29.28,-522.16
-102.48,-73.2,29.28,87.84,-68.32,-24.4,9.76,73.2,141.52,-19.52,29.28,-531.92
-102.48,-78.08,24.4,92.72,-63.44,-29.28,24.4,68.32,151.28,-19.52,19.52,-527.04
-112.24,-87.84,24.4,102.48,-68.32,-34.16,24.4,68.32,151.28,-19.52,14.64,-531.92
-112.24,-87.84,24.4,102.48,-68.32,-34.16,24.4,78.08,156.16,-19.52,14.64,-531.92
-112.24,-68.32,43.92,92.72,-78.08,-14.64,29.28,78.08,161.04,-19.52,19.52,-531.92
-97.6,-73.2,24.4,87.84,-63.44,-24.4,29.28,78.08,151.28,-14.64,14.64,-527.04
-92.72,-73.2,19.52,82.96,-58.56,-29.28,29.28,82.96,151.28,-14.64,14.64,-536.8
-87.84,-73.2,14.64,82.96,-53.68,-29.28,19.52,87.84,156.16,-14.64,14.64,-536.8
-78.08,-68.32,9.76,73.2,-43.92,-29.28,29.28,97.6,161.04,-9.76,14.64,-527.04
-78.08,-63.44,14.64,73.2,-48.8,-24.4,39.04,112.24,170.8,-4.88,24.4,-527.04
-73.2,-58.56,14.64,68.32,-43.92,-24.4,39.04,117.12,175.68,0,24.4,-527.04
-53.68,-48.8,4.88,53.68,-29.28,-24.4,39.04,122,175.68,0,29.28,-527.04
-53.68,-43.92,9.76,48.8,-34.16,-19.52,39.04,122,175.68,4.88,29.28,-522.16
-73.2,-39.04,34.16,58.56,-53.68,-4.88,39.04,122,190.32,19.52,39.04,-502.64
-68.32,-34.16,34.16,53.68,-53.68,0,43.92,131.76,190.32,24.4,48.8,-497.76
-43.92,-29.28,14.64,39.04,-29.28,-9.76,43.92,141.52,195.2,24.4,48.8,-497.76
-29.28,-14.64,14.64,24.4,-24.4,0,43.92,146.4,195.2,24.4,43.92,-492.88
-29.28,-14.64,14.64,24.4,-24.4,0,39.04,151.28,195.2,14.64,43.92,-483.12
-34.16,-24.4,9.76,29.28,-24.4,-9.76,39.04,156.16,200.08,24.4,48.8,-473.36
-43.92,-24.4,19.52,34.16,-34.16,-4.88,43.92,161.04,200.08,29.28,53.68,-468.48
-43.92,-24.4,19.52,34.16,-34.16,-4.88,43.92,165.92,200.08,29.28,58.56,-458.72
-43.92,-24.4,19.52,34.16,-34.16,-4.88,39.04,161.04,190.32,29.28,63.44,-453.84
-43.92,-19.52,24.4,34.16,-34.16,0,39.04,165.92,200.08,34.16,68.32,-448.96
-43.92,-9.76,34.16,29.28,-39.04,9.76,43.92,175.68,204.96,39.04,82.96,-439.2
-34.16,0,34.16,19.52,-34.16,14.64,43.92,180.56,209.84,43.92,87.84,-429.44
-43.92,9.76,53.68,19.52,-48.8,29.28,39.04,195.2,214.72,58.56,87.84,-419.68
-48.8,9.76,58.56,19.52,-53.68,34.16,39.04,200.08,224.48,58.56,92.72,-419.68
-48.8,14.64,63.44,19.52,-58.56,39.04,39.04,209.84,239.12,68.32,102.48,-419.68
-39.04,19.52,58.56,9.76,-48.8,39.04,39.04,214.72,248.88,73.2,107.36,-409.92
-29.28,9.76,39.04,9.76,-34.16,24.4,34.16,219.6,244,73.2,107.36,-419.68
-29.28,4.88,34.16,14.64,-34.16,19.52,29.28,229.36,239.12,73.2,102.48,-419.68
-29.28,0,29.28,14.64,-29.28,14.64,24.4,229.36,244,82.96,117.12,-414.8
-29.28,0,29.28,14.64,-29.28,14.64,19.52,229.36,239.12,78.08,112.24,-405.04
-19.52,9.76,29.28,4.88,-24.4,19.52,14.64,239.12,258.64,87.84,122,-405.04
-4.88,29.28,34.16,-9.76,-19.52,29.28,14.64,244,263.52,97.6,136.64,-400.16
-4.88,43.92,48.8,-19.52,-29.28,43.92,14.64,258.64,273.28,102.48,136.64,-395.28
-9.76,48.8,58.56,-19.52,-34.16,53.68,14.64,268.4,278.16,112.24,141.52,-390.4
-29.28,43.92,73.2,-4.88,-53.68,58.56,19.52,283.04,287.92,126.88,151.28,-375.76
-34.16,39.04,73.2,0,-53.68,53.68,19.52,292.8,292.8,136.64,156.16,-370.88
-34.16,39.04,73.2,0,-53.68,53.68,14.64,292.8,297.68,141.52,165.92,-361.12
-29.28,48.8,78.08,-9.76,-53.68,63.44,14.64,302.56,307.44,151.28,170.8,-356.24
0,73.2,73.2,-34.16,-39.04,73.2,34.16,322.08,331.84,175.68,190.32,-346.48
14.64,78.08,63.44,-43.92,-24.4,68.32,24.4,326.96,341.6,180.56,200.08,-341.6
29.28,82.96,53.68,-53.68,-14.64,68.32,19.52,331.84,341.6,195.2,209.84,-331.84
43.92,107.36,63.44,-73.2,-9.76,82.96,19.52,336.72,351.36,200.08,224.48,-326.96
39.04,107.36,68.32,-73.2,-14.64,87.84,9.76,322.08,341.6,190.32,219.6,-326.96
39.04,112.24,73.2,-73.2,-19.52,92.72,9.76,326.96,341.6,190.32,214.72,-322.08
29.28,112.24,82.96,-68.32,-29.28,97.6,9.76,336.72,346.48,195.2,214.72,-317.2
19.52,112.24,92.72,-63.44,-39.04,102.48,9.76,331.84,341.6,195.2,219.6,-307.44
19.52,112.24,92.72,-63.44,-39.04,102.48,-4.88,331.84,341.6,195.2,209.84,-297.68
29.28,117.12,87.84,-73.2,-29.28,102.48,-9.76,336.72,346.48,200.08,214.72,-287.92
29.28,122,92.72,-73.2,-34.16,107.36,-9.76,336.72,346.48,200.08,224.48,-278.16
29.28,126.88,97.6,-78.08,-34.16,112.24,-9.76,336.72,346.48,200.08,234.24,-268.4
19.52,117.12,97.6,-68.32,-39.04,107.36,-9.76,346.48,361.12,204.96,248.88,-273.28
19.52,107.36,87.84,-63.44,-34.16,97.6,-9.76,346.48,361.12,214.72,248.88,-263.52
19.52,107.36,87.84,-63.44,-34.16,97.6,-19.52,331.84,361.12,224.48,248.88,-258.64
19.52,97.6,78.08,-58.56,-29.28,87.84,-19.52,331.84,361.12,229.36,253.76,-253.76
9.76,102.48,92.72,-53.68,-43.92,97.6,-19.52,322.08,351.36,224.48,258.64,-239.12
9.76,112.24,102.48,-58.56,-48.8,107.36,-19.52,322.08,351.36,224.48,258.64,-239.12
14.64,122,107.36,-68.32,-48.8,112.24,-24.4,322.08,351.36,224.48,253.76,-239.12
14.64,131.76,117.12,-73.2,-53.68,122,-29.28,312.32,341.6,224.48,248.88,-234.24
29.28,141.52,112.24,-82.96,-43.92,126.88,-24.4,312.32,351.36,229.36,258.64,-214.72
39.04,146.4,107.36,-92.72,-34.16,126.88,-19.52,312.32,346.48,219.6,253.76,-200.08
43.92,146.4,102.48,-92.72,-29.28,122,-19.52,312.32,341.6,219.6,268.4,-190.32
43.92,131.76,87.84,-87.84,-24.4,107.36,-14.64,312.32,341.6,224.48,273.28,-180.56
43.92,141.52,97.6,-92.72,-29.28,117.12,-24.4,292.8,331.84,219.6,268.4,-175.68
43.92,126.88,82.96,-82.96,-19.52,102.48,-19.52,287.92,322.08,209.84,258.64,-165.92
43.92,126.88,82.96,-82.96,-19.52,102.48,-19.52,283.04,322.08,200.08,253.76,-156.16
43.92,126.88,82.96,-82.96,-19.52,102.48,-19.52,268.4,317.2,195.2,244,-156.16
34.16,122,87.84,-78.08,-29.28,102.48,-9.76,253.76,297.68,190.32,248.88,-151.28
14.64,102.48,87.84,-58.56,-39.04,92.72,-9.76,248.88,287.92,180.56,239.12,-151.28
9.76,92.72,82.96,-48.8,-39.04,87.84,-9.76,244,278.16,170.8,234.24,-156.16
4.88,82.96,78.08,-43.92,-39.04,78.08,-4.88,239.12,268.4,161.04,229.36,-151.28
14.64,92.72,78.08,-53.68,-34.16,82.96,4.88,239.12,263.52,151.28,219.6,-131.76
19.52,102.48,82.96,-58.56,-34.16,92.72,9.76,224.48,263.52,146.4,204.96,-122
4.88,82.96,78.08,-43.92,-39.04,78.08,9.76,209.84,258.64,131.76,195.2,-117.12
14.64,92.72,78.08,-53.68,-34.16,82.96,14.64,195.2,253.76,122,175.68,-102.48
9.76,82.96,73.2,-43.92,-34.16,78.08,19.52,175.68,244,122,170.8,-97.6
4.88,73.2,68.32,-39.04,-34.16,68.32,19.52,161.04,224.48,107.36,165.92,-102.48
-14.64,53.68,68.32,-19.52,-43.92,58.56,19.52,146.4,209.84,87.84,156.16,-107.36
-19.52,39.04,58.56,-9.76,-39.04,48.8,19.52,136.64,200.08,73.2,146.4,-117.12
-19.52,39.04,58.56,-9.76,-39.04,48.8,19.52,131.76,190.32,73.2,141.52,-117.12
-24.4,39.04,63.44,-4.88,-43.92,48.8,19.52,117.12,180.56,63.44,131.76,-126.88
-34.16,43.92,78.08,-4.88,-58.56,58.56,9.76,92.72,170.8,53.68,117.12,-131.76
-39.04,24.4,63.44,9.76,-53.68,43.92,9.76,73.2,165.92,39.04,107.36,-131.76
-48.8,4.88,53.68,24.4,-53.68,29.28,19.52,58.56,156.16,24.4,87.84,-131.76
-48.8,19.52,68.32,14.64,-58.56,43.92,24.4,53.68,141.52,9.76,78.08,-136.64
-48.8,0,48.8,24.4,-48.8,24.4,24.4,39.04,126.88,-4.88,68.32,-146.4
-53.68,-14.64,39.04,34.16,-48.8,9.76,24.4,24.4,112.24,-24.4,63.44,-161.04
-68.32,-24.4,43.92,48.8,-58.56,9.76,19.52,9.76,102.48,-29.28,63.44,-151.28
-68.32,-24.4,43.92,48.8,-58.56,9.76,19.52,4.88,92.72,-34.16,63.44,-151.28
-68.32,-24.4,43.92,48.8,-58.56,9.76,19.52,0,82.96,-43.92,58.56,-151.28
-68.32,-29.28,39.04,48.8,-53.68,4.88,19.52,-14.64,78.08,-48.8,43.92,-156.16
-82.96,-43.92,39.04,63.44,-63.44,-4.88,9.76,-14.64,78.08,-58.56,43.92,-156.16
-87.84,-53.68,34.16,73.2,-63.44,-9.76,4.88,-24.4,73.2,-63.44,34.16,-156.16
-97.6,-53.68,43.92,78.08,-73.2,-4.88,4.88,-34.16,63.44,-63.44,34.16,-151.28
-97.6,-53.68,43.92,78.08,-73.2,-4.88,9.76,-34.16,63.44,-63.44,29.28,-151.28
-97.6,-63.44,34.16,82.96,-68.32,-14.64,19.52,-48.8,53.68,-68.32,19.52,-165.92
-92.72,-73.2,19.52,82.96,-58.56,-29.28,14.64,-48.8,53.68,-78.08,24.4,-170.8
-92.72,-73.2,19.52,82.96,-58.56,-29.28,14.64,-58.56,48.8,-78.08,24.4,-170.8
-102.48,-82.96,19.52,92.72,-63.44,-34.16,14.64,-58.56,43.92,-82.96,19.52,-175.68
-102.48,-82.96,19.52,92.72,-63.44,-34.16,14.64,-63.44,29.28,-87.84,4.88,-170.8
-102.48,-82.96,19.52,92.72,-63.44,-34.16,9.76,-78.08,24.4,-92.72,0,-180.56
-102.48,-87.84,14.64,97.6,-58.56,-39.04,9.76,-87.84,24.4,-97.6,-4.88,-180.56
-102.48,-87.84,14.64,97.6,-58.56,-39.04,4.88,-97.6,19.52,-112.24,-4.88,-185.44
-102.48,-78.08,24.4,92.72,-63.44,-29.28,4.88,-87.84,24.4,-117.12,4.88,-175.68
-102.48,-82.96,19.52,92.72,-63.44,-34.16,4.88,-87.84,24.4,-107.36,4.88,-170.8
-107.36,-82.96,24.4,97.6,-68.32,-29.28,4.88,-92.72,24.4,-107.36,4.88,-165.92
-107.36,-92.72,14.64,102.48,-63.44,-39.04,4.88,-102.48,24.4,-107.36,4.88,-161.04
-112.24,-102.48,9.76,107.36,-63.44,-48.8,-4.88,-102.48,19.52,-117.12,4.88,-156.16
-112.24,-92.72,19.52,102.48,-68.32,-39.04,-4.88,-92.72,14.64,-117.12,9.76,-151.28
-102.48,-78.08,24.4,92.72,-63.44,-29.28,-4.88,-92.72,9.76,-117.12,-4.88,-146.4
-102.48,-87.84,14.64,97.6,-58.56,-39.04,-4.88,-97.6,4.88,-107.36,-9.76,-141.52
-92.72,-102.48,-9.76,97.6,-43.92,-58.56,4.88,-107.36,4.88,-117.12,-4.88,-151.28
-92.72,-87.84,4.88,92.72,-48.8,-43.92,4.88,-112.24,4.88,-117.12,-4.88,-151.28
-97.6,-87.84,9.76,92.72,-53.68,-39.04,4.88,-112.24,0,-126.88,-4.88,-151.28
-102.48,-97.6,4.88,102.48,-53.68,-48.8,0,-112.24,0,-126.88,0,-146.4
-112.24,-112.24,0,112.24,-58.56,-58.56,0,-102.48,4.88,-117.12,-9.76,-141.52
-122,-107.36,14.64,117.12,-68.32,-48.8,0,-112.24,4.88,-117.12,-14.64,-141.52
-131.76,-126.88,4.88,131.76,-68.32,-63.44,-9.76,-117.12,-9.76,-122,-19.52,-151.28
-146.4,-131.76,14.64,141.52,-82.96,-58.56,-9.76,-117.12,-9.76,-131.76,-19.52,-151.28
-141.52,-126.88,14.64,136.64,-78.08,-58.56,-9.76,-126.88,-19.52,-141.52,-29.28,-151.28
-131.76,-122,9.76,126.88,-73.2,-58.56,-9.76,-126.88,-19.52,-136.64,-29.28,-156.16
-126.88,-122,4.88,126.88,-68.32,-58.56,-14.64,-131.76,-19.52,-136.64,-29.28,-161.04
-122,-117.12,4.88,122,-63.44,-58.56,-19.52,-136.64,-19.52,-136.64,-29.28,-161.04
-122,-112.24,9.76,117.12,-68.32,-53.68,-4.88,-126.88,-14.64,-131.76,-19.52,-151.28
-122,-112.24,9.76,117.12,-68.32,-53.68,0,-126.88,-9.76,-131.76,-19.52,-141.52
-122,-112.24,9.76,117.12,-68.32,-53.68,4.88,-136.64,-9.76,-141.52,-24.4,-136.64
-122,-112.24,9.76,117.12,-68.32,-53.68,9.76,-136.64,-14.64,-141.52,-24.4,-131.76
-112.24,-102.48,9.76,107.36,-63.44,-48.8,4.88,-136.64,-14.64,-151.28,-29.28,-126.88
-126.88,-122,4.88,126.88,-68.32,-58.56,0,-136.64,-24.4,-151.28,-34.16,-122
-126.88,-126.88,0,126.88,-63.44,-63.44,-4.88,-136.64,-24.4,-146.4,-34.16,-112.24
-122,-131.76,-9.76,126.88,-58.56,-73.2,-9.76,-136.64,-19.52,-146.4,-39.04,-107.36
-117.12,-117.12,0,117.12,-58.56,-58.56,-4.88,-136.64,-9.76,-136.64,-34.16,-97.6
-107.36,-97.6,9.76,102.48,-58.56,-43.92,-4.88,-131.76,-14.64,-136.64,-29.28,-82.96
-97.6,-82.96,14.64,92.72,-58.56,-34.16,-4.88,-131.76,-14.64,-141.52,-29.28,-78.08
-87.84,-73.2,14.64,82.96,-53.68,-29.28,-4.88,-131.76,-9.76,-141.52,-24.4,-63.44
-82.96,-63.44,19.52,73.2,-53.68,-24.4,0,-122,-19.52,-141.52,-14.64,-43.92
-78.08,-63.44,14.64,73.2,-48.8,-24.4,4.88,-122,-19.52,-141.52,-19.52,-39.04
-82.96,-58.56,24.4,73.2,-53.68,-19.52,9.76,-122,-19.52,-141.52,-19.52,-34.16
-78.08,-58.56,19.52,68.32,-48.8,-19.52,14.64,-122,-19.52,-141.52,-19.52,-24.4
-82.96,-73.2,9.76,78.08,-48.8,-34.16,9.76,-126.88,-24.4,-141.52,-19.52,-9.76
-82.96,-73.2,9.76,78.08,-48.8,-34.16,4.88,-126.88,-24.4,-141.52,-24.4,-9.76
-87.84,-78.08,9.76,82.96,-48.8,-34.16,0,-122,-24.4,-141.52,-29.28,-14.64
-87.84,-87.84,0,87.84,-43.92,-43.92,-4.88,-122,-19.52,-141.52,-29.28,-14.64
-92.72,-102.48,-9.76,97.6,-43.92,-58.56,0,-117.12,-9.76,-131.76,-19.52,-4.88
-97.6,-102.48,-4.88,102.48,-48.8,-53.68,0,-117.12,-9.76,-131.76,-19.52,-9.76
-97.6,-97.6,0,97.6,-48.8,-48.8,0,-122,-9.76,-136.64,-19.52,-9.76
-92.72,-97.6,-4.88,97.6,-43.92,-53.68,0,-122,-9.76,-136.64,-19.52,-4.88
-102.48,-97.6,4.88,102.48,-53.68,-48.8,0,-117.12,-9.76,-136.64,-14.64,4.88
-97.6,-92.72,4.88,97.6,-53.68,-43.92,0,-112.24,-4.88,-131.76,-14.64,14.64
-102.48,-73.2,29.28,87.84,-68.32,-24.4,9.76,-97.6,0,-122,-14.64,24.4
-97.6,-68.32,29.28,82.96,-63.44,-19.52,9.76,-87.84,0,-117.12,-9.76,39.04
-97.6,-73.2,24.4,87.84,-63.44,-24.4,-4.88,-92.72,-9.76,-122,-9.76,48.8
-97.6,-78.08,19.52,87.84,-58.56,-29.28,-4.88,-97.6,-14.64,-126.88,-14.64,39.04
-87.84,-78.08,9.76,82.96,-48.8,-34.16,-4.88,-107.36,-19.52,-131.76,-19.52,39.04
-87.84,-78.08,9.76,82.96,-48.8,-34.16,0,-117.12,-19.52,-136.64,-19.52,34.16
-97.6,-82.96,14.64,92.72,-58.56,-34.16,9.76,-107.36,-9.76,-126.88,-14.64,34.16
-87.84,-87.84,0,87.84,-43.92,-43.92,4.88,-102.48,-4.88,-117.12,-9.76,43.92
-102.48,-97.6,4.88,102.48,-53.68,-48.8,4.88,-97.6,0,-117.12,-9.76,53.68
-102.48,-102.48,0,102.48,-53.68,-53.68,4.88,-87.84,9.76,-122,-9.76,63.44
-97.6,-92.72,4.88,97.6,-53.68,-43.92,-4.88,-87.84,9.76,-122,-19.52,73.2
-97.6,-87.84,9.76,92.72,-53.68,-39.04,-4.88,-82.96,4.88,-117.12,-19.52,82.96
-97.6,-92.72,4.88,97.6,-53.68,-43.92,-4.88,-82.96,0,-117.12,-19.52,87.84
-97.6,-78.08,19.52,87.84,-58.56,-29.28,-4.88,-82.96,-4.88,-117.12,-19.52,92.72
-87.84,-78.08,9.76,82.96,-48.8,-34.16,-4.88,-82.96,0,-126.88,-19.52,97.6
-82.96,-78.08,4.88,82.96,-43.92,-39.04,-4.88,-82.96,4.88,-122,-19.52,97.6
-78.08,-73.2,4.88,78.08,-43.92,-34.16,-4.88,-82.96,4.88,-122,-24.4,102.48
-73.2,-73.2,0,73.2,-39.04,-39.04,-4.88,-82.96,4.88,-126.88,-24.4,107.36
-87.84,-87.84,0,87.84,-43.92,-43.92,-4.88,-68.32,0,-122,-24.4,126.88
-107.36,-92.72,14.64,102.48,-63.44,-39.04,-4.88,-68.32,0,-122,-14.64,136.64
-112.24,-97.6,14.64,107.36,-63.44,-43.92,-4.88,-63.44,0,-112.24,-14.64,151.28
-97.6,-87.84,9.76,92.72,-53.68,-39.04,-4.88,-63.44,9.76,-102.48,-14.64,161.04
-97.6,-97.6,0,97.6,-48.8,-48.8,-4.88,-73.2,4.88,-117.12,-24.4,175.68
-97.6,-87.84,9.76,92.72,-53.68,-39.04,0,-68.32,4.88,-117.12,-19.52,185.44
-92.72,-87.84,4.88,92.72,-48.8,-43.92,0,-68.32,9.76,-112.24,-19.52,195.2
-92.72,-92.72,0,92.72,-48.8,-48.8,0,-63.44,9.76,-126.88,-19.52,209.84
-92.72,-82.96,9.76,87.84,-53.68,-39.04,-9.76,-63.44,9.76,-131.76,-19.52,229.36
-87.84,-73.2,14.64,82.96,-53.68,-29.28,-9.76,-63.44,9.76,-126.88,-14.64,248.88
-82.96,-58.56,24.4,73.2,-53.68,-19.52,-9.76,-63.44,9.76,-117.12,-4.88,268.4
-78.08,-48.8,29.28,63.44,-53.68,-9.76,-9.76,-68.32,4.88,-112.24,0,292.8
-87.84,-58.56,29.28,73.2,-58.56,-14.64,0,-58.56,0,-102.48,-4.88,307.44
-87.84,-58.56,29.28,73.2,-58.56,-14.64,0,-58.56,4.88,-102.48,0,317.2
-87.84,-58.56,29.28,73.2,-58.56,-14.64,0,-58.56,14.64,-102.48,0,326.96
-97.6,-58.56,39.04,78.08,-68.32,-9.76,0,-63.44,19.52,-102.48,-4.88,336.72
-107.36,-73.2,34.16,92.72,-73.2,-19.52,-9.76,-68.32,14.64,-117.12,-9.76,341.6
-107.36,-87.84,19.52,97.6,-63.44,-34.16,-9.76,-73.2,9.76,-122,-9.76,336.72
-107.36,-92.72,14.64,102.48,-63.44,-39.04,-9.76,-78.08,4.88,-122,-14.64,336.72
-102.48,-102.48,0,102.48,-53.68,-53.68,-4.88,-78.08,4.88,-126.88,-19.52,341.6
-92.72,-87.84,4.88,92.72,-48.8,-43.92,4.88,-78.08,9.76,-122,-9.76,356.24
-92.72,-82.96,9.76,87.84,-53.68,-39.04,4.88,-78.08,4.88,-126.88,-14.64,356.24
-87.84,-68.32,19.52,78.08,-53.68,-24.4,4.88,-78.08,0,-126.88,-14.64,361.12
-87.84,-53.68,34.16,73.2,-63.44,-9.76,4.88,-78.08,-4.88,-117.12,-9.76,366
-73.2,-58.56,14.64,68.32,-43.92,-24.4,9.76,-73.2,9.76,-112.24,4.88,375.76
-68.32,-53.68,14.64,63.44,-43.92,-19.52,14.64,-73.2,14.64,-112.24,4.88,380.64
-53.68,-39.04,14.64,48.8,-34.16,-14.64,14.64,-68.32,14.64,-107.36,4.88,380.64
-48.8,-29.28,19.52,39.04,-34.16,-4.88,19.52,-63.44,14.64,-102.48,4.88,380.64
-68.32,-39.04,29.28,53.68,-48.8,-4.88,4.88,-68.32,4.88,-122,-9.76,380.64
-82.96,-39.04,43.92,63.44,-63.44,0,0,-73.2,4.88,-122,-9.76,380.64
-73.2,-48.8,24.4,63.44,-48.8,-14.64,-4.88,-73.2,4.88,-122,-14.64,380.64
-58.56,-39.04,19.52,48.8,-39.04,-9.76,-9.76,-68.32,4.88,-122,-14.64,380.64
-73.2,-43.92,29.28,58.56,-53.68,-9.76,-4.88,-78.08,-4.88,-126.88,-24.4,380.64
-87.84,-63.44,24.4,78.08,-58.56,-19.52,0,-87.84,-9.76,-126.88,-14.64,385.52
-92.72,-68.32,24.4,82.96,-58.56,-24.4,4.88,-87.84,-9.76,-117.12,-9.76,385.52
-73.2,-58.56,14.64,68.32,-43.92,-24.4,9.76,-87.84,-9.76,-112.24,-9.76,380.64
-73.2,-53.68,19.52,63.44,-48.8,-19.52,14.64,-82.96,0,-102.48,4.88,390.4
-73.2,-48.8,24.4,63.44,-48.8,-14.64,14.64,-78.08,0,-102.48,4.88,390.4
-92.72,-48.8,43.92,73.2,-68.32,-4.88,4.88,-78.08,0,-117.12,-9.76,390.4
-82.96,-43.92,39.04,63.44,-63.44,-4.88,4.88,-73.2,9.76,-122,-9.76,375.76
-73.2,-34.16,39.04,53.68,-58.56,0,-4.88,-78.08,-4.88,-131.76,-19.52,380.64
-78.08,-43.92,34.16,63.44,-58.56,-4.88,-4.88,-87.84,-9.76,-136.64,-24.4,380.64
-87.84,-53.68,34.16,73.2,-63.44,-9.76,-4.88,-92.72,-19.52,-146.4,-24.4,385.52
-87.84,-58.56,29.28,73.2,-58.56,-14.64,-4.88,-97.6,-24.4,-136.64,-19.52,395.28
-78.08,-58.56,19.52,68.32,-48.8,-19.52,4.88,-92.72,-19.52,-122,-19.52,409.92
-73.2,-53.68,19.52,63.44,-48.8,-19.52,9.76,-87.84,-14.64,-117.12,-19.52,409.92
-73.2,-53.68,19.52,63.44,-48.8,-19.52,9.76,-82.96,-14.64,-117.12,-19.52,409.92
-73.2,-53.68,19.52,63.44,-48.8,-19.52,9.76,-78.08,-9.76,-117.12,-19.52,400.16
-73.2,-53.68,19.52,63.44,-48.8,-19.52,0,-82.96,-19.52,-131.76,-19.52,395.28
-63.44,-53.68,9.76,58.56,-39.04,-24.4,0,-87.84,-24.4,-141.52,-29.28,395.28
-63.44,-48.8,14.64,58.56,-39.04,-19.52,0,-102.48,-24.4,-141.52,-29.28,395.28
-63.44,-48.8,14.64,58.56,-39.04,-19.52,0,-107.36,-24.4,-141.52,-24.4,395.28
-73.2,-63.44,9.76,68.32,-43.92,-29.28,-9.76,-107.36,-24.4,-141.52,-29.28,405.04
-73.2,-68.32,4.88,73.2,-39.04,-34.16,-14.64,-107.36,-24.4,-136.64,-29.28,409.92
-73.2,-68.32,4.88,73.2,-39.04,-34.16,-14.64,-107.36,-24.4,-136.64,-24.4,409.92
-73.2,-63.44,9.76,68.32,-43.92,-29.28,-14.64,-107.36,-24.4,-136.64,-24.4,409.92
-63.44,-63.44,0,63.44,-34.16,-34.16,-14.64,-117.12,-39.04,-146.4,-34.16,414.8
-63.44,-68.32,-4.88,68.32,-29.28,-39.04,-14.64,-117.12,-39.04,-156.16,-39.04,409.92
-63.44,-68.32,-4.88,68.32,-29.28,-39.04,-14.64,-112.24,-39.04,-156.16,-39.04,409.92
-63.44,-58.56,4.88,63.44,-34.16,-29.28,-14.64,-112.24,-43.92,-156.16,-39.04,409.92
-43.92,-68.32,-24.4,58.56,-9.76,-48.8,-14.64,-117.12,-53.68,-156.16,-39.04,419.68
-39.04,-68.32,-29.28,53.68,-4.88,-48.8,-14.64,-122,-53.68,-156.16,-48.8,409.92
-29.28,-63.44,-34.16,48.8,0,-48.8,-14.64,-122,-48.8,-161.04,-43.92,405.04
-14.64,-53.68,-39.04,34.16,9.76,-48.8,-14.64,-122,-48.8,-161.04,-29.28,405.04
-19.52,-78.08,-58.56,48.8,19.52,-68.32,-24.4,-131.76,-43.92,-165.92,-29.28,414.8
-29.28,-78.08,-48.8,53.68,9.76,-63.44,-24.4,-126.88,-48.8,-165.92,-39.04,414.8
-19.52,-68.32,-48.8,43.92,14.64,-58.56,-24.4,-126.88,-48.8,-165.92,-39.04,419.68
-19.52,-78.08,-58.56,48.8,19.52,-68.32,-24.4,-126.88,-48.8,-165.92,-48.8,424.56
-39.04,-97.6,-58.56,68.32,9.76,-78.08,-34.16,-136.64,-68.32,-170.8,-58.56,414.8
-43.92,-87.84,-43.92,68.32,0,-68.32,-34.16,-136.64,-73.2,-165.92,-63.44,409.92
-34.16,-87.84,-53.68,63.44,9.76,-73.2,-34.16,-131.76,-63.44,-180.56,-78.08,409.92
-39.04,-82.96,-43.92,63.44,0,-63.44,-34.16,-126.88,-68.32,-185.44,-82.96,409.92
-29.28,-87.84,-58.56,58.56,14.64,-73.2,-34.16,-136.64,-63.44,-195.2,-82.96,414.8
-29.28,-87.84,-58.56,58.56,14.64,-73.2,-34.16,-141.52,-68.32,-200.08,-82.96,409.92
-29.28,-102.48,-73.2,68.32,19.52,-87.84,-34.16,-141.52,-68.32,-200.08,-82.96,409.92
-39.04,-112.24,-73.2,78.08,14.64,-92.72,-39.04,-136.64,-68.32,-195.2,-82.96,414.8
-24.4,-73.2,-48.8,48.8,9.76,-63.44,-29.28,-126.88,-68.32,-185.44,-82.96,414.8
-9.76,-68.32,-58.56,39.04,24.4,-63.44,-29.28,-126.88,-68.32,-185.44,-82.96,414.8
-4.88,-63.44,-58.56,34.16,24.4,-63.44,-24.4,-126.88,-63.44,-185.44,-82.96,414.8
-4.88,-58.56,-53.68,34.16,24.4,-58.56,-24.4,-126.88,-63.44,-185.44,-82.96,414.8
-4.88,-68.32,-63.44,39.04,29.28,-68.32,-14.64,-126.88,-63.44,-175.68,-82.96,419.68
-9.76,-68.32,-58.56,39.04,24.4,-63.44,-14.64,-122,-63.44,-180.56,-78.08,429.44
-9.76,-63.44,-53.68,39.04,19.52,-58.56,-14.64,-117.12,-63.44,-185.44,-78.08,439.2
-9.76,-63.44,-53.68,39.04,19.52,-58.56,-14.64,-117.12,-68.32,-185.44,-78.08,444.08
0,-63.44,-63.44,34.16,29.28,-63.44,-24.4,-122,-82.96,-185.44,-87.84,453.84
0,-58.56,-58.56,29.28,29.28,-58.56,-24.4,-126.88,-82.96,-185.44,-87.84,453.84
9.76,-58.56,-68.32,24.4,39.04,-63.44,-24.4,-126.88,-78.08,-180.56,-87.84,453.84
14.64,-58.56,-73.2,24.4,43.92,-68.32,-24.4,-131.76,-63.44,-175.68,-87.84,448.96
24.4,-48.8,-73.2,14.64,48.8,-63.44,-19.52,-131.76,-73.2,-175.68,-87.84,448.96
4.88,-63.44,-68.32,29.28,34.16,-68.32,-29.28,-141.52,-92.72,-185.44,-92.72,448.96
-4.88,-73.2,-68.32,39.04,29.28,-73.2,-29.28,-136.64,-82.96,-190.32,-97.6,439.2
0,-58.56,-58.56,29.28,29.28,-58.56,-19.52,-126.88,-78.08,-195.2,-97.6,458.72
9.76,-58.56,-68.32,24.4,39.04,-63.44,-19.52,-126.88,-78.08,-185.44,-87.84,458.72
9.76,-58.56,-68.32,24.4,39.04,-63.44,-19.52,-126.88,-78.08,-185.44,-87.84,458.72
9.76,-58.56,-68.32,24.4,39.04,-63.44,-19.52,-126.88,-78.08,-185.44,-87.84,458.72
9.76,-58.56,-68.32,24.4,39.04,-63.44,-19.52,-126.88,-78.08,-185.44,-87.84,458.72
19.52,-53.68,-73.2,19.52,43.92,-63.44,-19.52,-136.64,-87.84,-185.44,-87.84,468.48
19.52,-53.68,-73.2,19.52,43.92,-63.44,-24.4,-136.64,-87.84,-185.44,-92.72,468.48
19.52,-48.8,-68.32,14.64,43.92,-58.56,-24.4,-136.64,-87.84,-185.44,-92.72,458.72
19.52,-43.92,-63.44,14.64,39.04,-53.68,-19.52,-136.64,-87.84,-185.44,-92.72,468.48
19.52,-48.8,-68.32,14.64,43.92,-58.56,-29.28,-136.64,-92.72,-195.2,-102.48,458.72
19.52,-63.44,-82.96,24.4,48.8,-73.2,-29.28,-136.64,-92.72,-195.2,-102.48,458.72
9.76,-68.32,-78.08,29.28,43.92,-73.2,-29.28,-136.64,-97.6,-195.2,-102.48,458.72
9.76,-73.2,-82.96,34.16,43.92,-78.08,-29.28,-136.64,-97.6,-195.2,-102.48,463.6
19.52,-68.32,-87.84,24.4,53.68,-78.08,-39.04,-136.64,-87.84,-195.2,-102.48,463.6
14.64,-63.44,-78.08,24.4,43.92,-73.2,-39.04,-141.52,-92.72,-195.2,-102.48,458.72
14.64,-63.44,-78.08,24.4,43.92,-73.2,-39.04,-141.52,-92.72,-200.08,-102.48,458.72
14.64,-58.56,-73.2,24.4,43.92,-68.32,-43.92,-146.4,-92.72,-204.96,-102.48,453.84
14.64,-63.44,-78.08,24.4,43.92,-73.2,-43.92,-136.64,-92.72,-195.2,-102.48,463.6
14.64,-68.32,-82.96,29.28,48.8,-78.08,-39.04,-136.64,-92.72,-195.2,-107.36,463.6
14.64,-73.2,-87.84,29.28,48.8,-82.96,-34.16,-131.76,-92.72,-195.2,-107.36,463.6
19.52,-78.08,-97.6,29.28,58.56,-87.84,-24.4,-131.76,-92.72,-190.32,-107.36,463.6
24.4,-63.44,-87.84,19.52,53.68,-78.08,-24.4,-131.76,-87.84,-195.2,-107.36,473.36
24.4,-63.44,-87.84,19.52,53.68,-78.08,-24.4,-126.88,-87.84,-195.2,-107.36,473.36
24.4,-63.44,-87.84,19.52,53.68,-78.08,-24.4,-126.88,-87.84,-200.08,-102.48,473.36
24.4,-63.44,-87.84,19.52,53.68,-78.08,-19.52,-126.88,-87.84,-204.96,-102.48,473.36
39.04,-63.44,-102.48,14.64,68.32,-82.96,-29.28,-136.64,-97.6,-204.96,-112.24,463.6
39.04,-58.56,-97.6,9.76,68.32,-78.08,-34.16,-136.64,-97.6,-204.96,-112.24,463.6
39.04,-53.68,-92.72,9.76,63.44,-73.2,-34.16,-136.64,-97.6,-204.96,-112.24,463.6
39.04,-53.68,-92.72,9.76,63.44,-73.2,-29.28,-131.76,-92.72,-204.96,-107.36,463.6
39.04,-39.04,-78.08,0,58.56,-58.56,-19.52,-122,-82.96,-190.32,-97.6,468.48
48.8,-39.04,-87.84,-4.88,68.32,-63.44,-19.52,-122,-82.96,-190.32,-92.72,478.24
48.8,-39.04,-87.84,-4.88,68.32,-63.44,-19.52,-122,-78.08,-190.32,-92.72,483.12
48.8,-39.04,-87.84,-4.88,68.32,-63.44,-19.52,-122,-78.08,-185.44,-87.84,488
43.92,-48.8,-92.72,4.88,68.32,-73.2,-29.28,-122,-78.08,-195.2,-97.6,497.76
39.04,-43.92,-82.96,4.88,58.56,-63.44,-24.4,-126.88,-78.08,-195.2,-97.6,497.76
39.04,-43.92,-82.96,4.88,58.56,-63.44,-14.64,-122,-68.32,-185.44,-82.96,507.52
43.92,-29.28,-73.2,-4.88,58.56,-53.68,0,-112.24,-53.68,-170.8,-78.08,507.52
58.56,-4.88,-63.44,-24.4,58.56,-34.16,0,-112.24,-39.04,-156.16,-73.2,502.64
58.56,4.88,-53.68,-29.28,53.68,-24.4,14.64,-97.6,-29.28,-146.4,-63.44,507.52
53.68,14.64,-39.04,-34.16,43.92,-14.64,19.52,-97.6,-24.4,-141.52,-53.68,512.4
48.8,14.64,-34.16,-29.28,39.04,-9.76,19.52,-97.6,-24.4,-141.52,-53.68,507.52
43.92,29.28,-14.64,-34.16,29.28,4.88,19.52,-87.84,-34.16,-151.28,-63.44,497.76
48.8,39.04,-9.76,-43.92,29.28,14.64,24.4,-82.96,-34.16,-151.28,-63.44,502.64
43.92,39.04,-4.88,-39.04,24.4,14.64,24.4,-82.96,-29.28,-151.28,-63.44,502.64
39.04,29.28,-9.76,-34.16,24.4,9.76,24.4,-82.96,-29.28,-151.28,-63.44,502.64
53.68,29.28,-24.4,-39.04,39.04,0,24.4,-92.72,-34.16,-141.52,-63.44,512.4
53.68,29.28,-24.4,-39.04,39.04,0,24.4,-97.6,-34.16,-151.28,-73.2,507.52
53.68,24.4,-29.28,-39.04,39.04,-4.88,14.64,-102.48,-29.28,-151.28,-73.2,507.52
58.56,24.4,-34.16,-39.04,43.92,-4.88,9.76,-102.48,-24.4,-146.4,-68.32,507.52
58.56,24.4,-34.16,-39.04,43.92,-4.88,19.52,-102.48,-24.4,-146.4,-63.44,517.28
58.56,14.64,-43.92,-34.16,48.8,-14.64,9.76,-102.48,-24.4,-146.4,-63.44,512.4
58.56,19.52,-39.04,-39.04,48.8,-9.76,0,-102.48,-24.4,-146.4,-58.56,512.4
58.56,24.4,-34.16,-39.04,43.92,-4.88,-14.64,-97.6,-24.4,-146.4,-53.68,522.16
82.96,34.16,-48.8,-58.56,63.44,-9.76,-29.28,-97.6,-34.16,-156.16,-58.56,522.16
92.72,24.4,-68.32,-58.56,78.08,-24.4,-39.04,-107.36,-43.92,-165.92,-63.44,517.28
97.6,9.76,-87.84,-53.68,92.72,-39.04,-48.8,-112.24,-53.68,-170.8,-73.2,512.4
97.6,4.88,-92.72,-48.8,92.72,-43.92,-48.8,-117.12,-58.56,-170.8,-82.96,507.52
87.84,4.88,-82.96,-43.92,82.96,-39.04,-34.16,-117.12,-48.8,-161.04,-73.2,517.28
73.2,4.88,-68.32,-39.04,68.32,-34.16,-19.52,-117.12,-43.92,-161.04,-68.32,512.4
68.32,0,-68.32,-34.16,68.32,-34.16,-19.52,-117.12,-43.92,-161.04,-68.32,512.4
58.56,-9.76,-68.32,-24.4,63.44,-39.04,-19.52,-117.12,-48.8,-165.92,-78.08,507.52
53.68,-9.76,-63.44,-19.52,58.56,-39.04,-19.52,-126.88,-58.56,-175.68,-87.84,507.52
43.92,-19.52,-63.44,-9.76,53.68,-43.92,-19.52,-126.88,-58.56,-180.56,-92.72,507.52
34.16,-29.28,-63.44,0,48.8,-48.8,-19.52,-141.52,-63.44,-190.32,-102.48,497.76
29.28,-39.04,-68.32,4.88,48.8,-53.68,-19.52,-141.52,-73.2,-195.2,-102.48,497.76
29.28,-48.8,-78.08,9.76,53.68,-63.44,-14.64,-136.64,-68.32,-190.32,-107.36,492.88
24.4,-53.68,-78.08,14.64,48.8,-68.32,-19.52,-141.52,-78.08,-195.2,-102.48,492.88
19.52,-63.44,-82.96,24.4,48.8,-73.2,-24.4,-146.4,-78.08,-200.08,-107.36,478.24
14.64,-73.2,-87.84,29.28,48.8,-82.96,-24.4,-151.28,-78.08,-195.2,-102.48,478.24
14.64,-87.84,-102.48,39.04,58.56,-97.6,-43.92,-165.92,-87.84,-209.84,-117.12,488
24.4,-87.84,-112.24,34.16,68.32,-102.48,-43.92,-165.92,-92.72,-209.84,-122,483.12
34.16,-87.84,-122,29.28,78.08,-107.36,-39.04,-165.92,-97.6,-209.84,-122,483.12
43.92,-87.84,-131.76,24.4,87.84,-112.24,-39.04,-165.92,-102.48,-209.84,-122,483.12
39.04,-82.96,-122,24.4,78.08,-102.48,-39.04,-165.92,-102.48,-219.6,-131.76,478.24
29.28,-82.96,-112.24,29.28,68.32,-97.6,-43.92,-165.92,-102.48,-219.6,-136.64,468.48
14.64,-78.08,-92.72,34.16,53.68,-87.84,-43.92,-170.8,-102.48,-219.6,-136.64,463.6
19.52,-68.32,-87.84,24.4,53.68,-78.08,-43.92,-170.8,-107.36,-224.48,-136.64,458.72
24.4,-73.2,-97.6,24.4,58.56,-87.84,-34.16,-170.8,-92.72,-219.6,-122,463.6
29.28,-78.08,-107.36,24.4,68.32,-92.72,-34.16,-170.8,-87.84,-214.72,-122,463.6
29.28,-82.96,-112.24,29.28,68.32,-97.6,-34.16,-170.8,-82.96,-209.84,-122,463.6
29.28,-92.72,-122,34.16,73.2,-107.36,-34.16,-170.8,-78.08,-204.96,-122,463.6
39.04,-87.84,-126.88,24.4,82.96,-107.36,-39.04,-170.8,-82.96,-219.6,-136.64,458.72
19.52,-87.84,-107.36,34.16,63.44,-97.6,-39.04,-170.8,-92.72,-219.6,-136.64,458.72
19.52,-87.84,-107.36,34.16,63.44,-97.6,-34.16,-170.8,-97.6,-219.6,-136.64,458.72
24.4,-87.84,-112.24,34.16,68.32,-102.48,-34.16,-170.8,-107.36,-224.48,-136.64,458.72
34.16,-58.56,-92.72,14.64,63.44,-78.08,-39.04,-165.92,-97.6,-224.48,-141.52,458.72
43.92,-53.68,-97.6,4.88,68.32,-78.08,-48.8,-175.68,-107.36,-219.6,-141.52,448.96
29.28,-73.2,-102.48,24.4,63.44,-87.84,-34.16,-165.92,-102.48,-219.6,-141.52,439.2
29.28,-92.72,-122,34.16,73.2,-107.36,-34.16,-161.04,-102.48,-219.6,-141.52,439.2
24.4,-117.12,-141.52,48.8,82.96,-131.76,-29.28,-165.92,-92.72,-219.6,-141.52,439.2
-9.76,-156.16,-146.4,82.96,68.32,-151.28,-24.4,-165.92,-97.6,-224.48,-141.52,434.32
-39.04,-156.16,-117.12,97.6,39.04,-136.64,-9.76,-165.92,-117.12,-248.88,-156.16,409.92
-19.52,-156.16,-136.64,87.84,58.56,-146.4,9.76,-151.28,-117.12,-253.76,-165.92,400.16
4.88,-161.04,-165.92,78.08,82.96,-165.92,39.04,-112.24,-102.48,-253.76,-175.68,390.4
9.76,-161.04,-170.8,78.08,87.84,-165.92,82.96,-43.92,-73.2,-248.88,-190.32,361.12
14.64,-151.28,-165.92,68.32,87.84,-161.04,151.28,73.2,-24.4,-229.36,-200.08,346.48
14.64,-131.76,-146.4,58.56,78.08,-141.52,185.44,170.8,39.04,-185.44,-175.68,346.48
29.28,-92.72,-122,34.16,73.2,-107.36,175.68,234.24,126.88,-112.24,-126.88,370.88
92.72,-9.76,-102.48,-39.04,97.6,-58.56,131.76,283.04,248.88,0,-29.28,434.32
146.4,58.56,-87.84,-102.48,117.12,-14.64,58.56,331.84,370.88,126.88,78.08,507.52
165.92,131.76,-34.16,-146.4,97.6,48.8,9.76,351.36,497.76,263.52,185.44,595.36
175.68,244,68.32,-209.84,53.68,156.16,-14.64,370.88,614.88,405.04,307.44,678.32
214.72,370.88,156.16,-292.8,29.28,263.52,-73.2,400.16,761.28,556.32,448.96,761.28
287.92,512.4,224.48,-400.16,29.28,366,-126.88,448.96,912.56,746.64,600.24,868.64
370.88,663.68,292.8,-517.28,39.04,478.24,-131.76,536.8,1078.48,936.96,761.28,980.88
409.92,771.04,361.12,-590.48,24.4,566.08,-165.92,605.12,1244.4,1132.16,941.84,1102.88
463.6,897.92,434.32,-678.32,14.64,663.68,-263.52,619.76,1381.04,1307.84,1088.24,1224.88
522.16,1000.4,478.24,-761.28,19.52,736.88,-346.48,575.84,1444.48,1415.2,1205.36,1312.72
522.16,1015.04,492.88,-766.16,14.64,751.52,-370.88,478.24,1361.52,1395.68,1224.88,1371.28
483.12,966.24,483.12,-722.24,0,722.24,-346.48,312.32,1146.8,1239.52,1151.68,1376.16
453.84,883.28,429.44,-668.56,9.76,653.92,-317.2,97.6,839.36,985.76,980.88,1302.96
434.32,741.76,307.44,-585.6,63.44,522.16,-312.32,-165.92,473.36,663.68,775.92,1190.72
405.04,590.48,185.44,-497.76,107.36,385.52,-356.24,-458.72,102.48,351.36,566.08,1088.24
356.24,419.68,63.44,-385.52,146.4,239.12,-429.44,-692.96,-214.72,82.96,375.76,990.64
278.16,239.12,-39.04,-258.64,156.16,97.6,-502.64,-858.88,-463.6,-146.4,204.96,878.4
165.92,87.84,-78.08,-126.88,122,4.88,-527.04,-946.72,-619.76,-307.44,68.32,775.92
102.48,9.76,-92.72,-53.68,97.6,-43.92,-527.04,-946.72,-678.32,-400.16,-34.16,692.96
117.12,-43.92,-161.04,-34.16,136.64,-102.48,-575.84,-922.32,-697.84,-453.84,-107.36,624.64
107.36,-92.72,-200.08,-4.88,151.28,-146.4,-600.24,-912.56,-717.36,-492.88,-175.68,551.44
63.44,-126.88,-190.32,34.16,126.88,-161.04,-570.96,-863.76,-683.2,-512.4,-224.48,502.64
58.56,-136.64,-195.2,39.04,126.88,-165.92,-507.52,-766.16,-600.24,-492.88,-244,463.6
58.56,-156.16,-214.72,48.8,136.64,-185.44,-458.72,-678.32,-522.16,-458.72,-244,434.32
24.4,-200.08,-224.48,87.84,122,-214.72,-405.04,-575.84,-453.84,-429.44,-234.24,419.68
53.68,-190.32,-244,68.32,146.4,-219.6,-326.96,-463.6,-366,-370.88,-204.96,405.04
87.84,-165.92,-253.76,39.04,170.8,-209.84,-268.4,-375.76,-317.2,-346.48,-204.96,380.64
92.72,-175.68,-268.4,43.92,180.56,-224.48,-224.48,-346.48,-302.56,-336.72,-204.96,356.24
58.56,-195.2,-253.76,68.32,156.16,-224.48,-175.68,-292.8,-263.52,-307.44,-200.08,351.36
39.04,-180.56,-219.6,73.2,126.88,-200.08,-122,-234.24,-214.72,-273.28,-180.56,361.12
39.04,-161.04,-200.08,63.44,117.12,-180.56,-78.08,-195.2,-175.68,-248.88,-165.92,370.88
39.04,-136.64,-175.68,48.8,107.36,-156.16,-63.44,-180.56,-141.52,-224.48,-146.4,390.4
48.8,-112.24,-161.04,34.16,102.48,-136.64,-34.16,-151.28,-97.6,-195.2,-122,409.92
58.56,-87.84,-146.4,14.64,102.48,-117.12,-14.64,-136.64,-68.32,-185.44,-112.24,409.92
29.28,-87.84,-117.12,29.28,73.2,-102.48,-34.16,-126.88,-63.44,-180.56,-102.48,419.68
9.76,-92.72,-102.48,43.92,53.68,-97.6,-43.92,-117.12,-53.68,-170.8,-92.72,419.68
14.64,-78.08,-92.72,34.16,53.68,-87.84,-53.68,-126.88,-68.32,-180.56,-112.24,390.4
19.52,-48.8,-68.32,14.64,43.92,-58.56,-53.68,-126.88,-78.08,-190.32,-112.24,380.64
29.28,-48.8,-78.08,9.76,53.68,-63.44,-39.04,-117.12,-68.32,-180.56,-112.24,370.88
39.04,-53.68,-92.72,9.76,63.44,-73.2,-34.16,-112.24,-58.56,-175.68,-122,361.12
48.8,-58.56,-107.36,4.88,78.08,-82.96,-19.52,-97.6,-53.68,-175.68,-122,341.6
58.56,-58.56,-117.12,0,87.84,-87.84,-9.76,-92.72,-53.68,-175.68,-126.88,336.72
53.68,-58.56,-112.24,4.88,82.96,-87.84,-9.76,-97.6,-58.56,-175.68,-126.88,331.84
53.68,-58.56,-112.24,4.88,82.96,-87.84,-14.64,-102.48,-63.44,-175.68,-126.88,331.84
53.68,-53.68,-107.36,0,78.08,-82.96,-19.52,-107.36,-68.32,-175.68,-126.88,331.84
58.56,-43.92,-102.48,-4.88,78.08,-73.2,-14.64,-97.6,-63.44,-170.8,-126.88,326.96
58.56,-34.16,-92.72,-9.76,73.2,-63.44,-19.52,-97.6,-53.68,-170.8,-117.12,341.6
48.8,-43.92,-92.72,0,68.32,-68.32,-24.4,-102.48,-48.8,-170.8,-126.88,341.6
29.28,-43.92,-73.2,9.76,48.8,-58.56,-24.4,-102.48,-53.68,-170.8,-126.88,341.6
48.8,-43.92,-92.72,0,68.32,-68.32,-9.76,-87.84,-34.16,-161.04,-122,336.72
48.8,-53.68,-102.48,4.88,73.2,-78.08,-4.88,-78.08,-24.4,-156.16,-117.12,336.72
43.92,-63.44,-107.36,9.76,73.2,-87.84,0,-68.32,-24.4,-156.16,-112.24,326.96
43.92,-63.44,-107.36,9.76,73.2,-87.84,0,-63.44,-24.4,-156.16,-107.36,326.96
39.04,-58.56,-97.6,9.76,68.32,-78.08,-9.76,-73.2,-24.4,-146.4,-107.36,336.72
39.04,-43.92,-82.96,4.88,58.56,-63.44,-9.76,-73.2,-24.4,-146.4,-102.48,336.72
43.92,-29.28,-73.2,-4.88,58.56,-53.68,-9.76,-78.08,-24.4,-146.4,-102.48,336.72
48.8,-29.28,-78.08,-9.76,63.44,-53.68,-14.64,-78.08,-24.4,-146.4,-97.6,336.72
43.92,-34.16,-78.08,-4.88,58.56,-58.56,-14.64,-78.08,-14.64,-146.4,-107.36,331.84
53.68,-34.16,-87.84,-9.76,68.32,-63.44,-9.76,-73.2,-14.64,-141.52,-102.48,331.84
58.56,-39.04,-97.6,-9.76,78.08,-68.32,-9.76,-68.32,-14.64,-141.52,-102.48,331.84
58.56,-48.8,-107.36,-4.88,82.96,-78.08,-4.88,-63.44,-9.76,-141.52,-107.36,331.84
39.04,-48.8,-87.84,4.88,63.44,-68.32,4.88,-58.56,-19.52,-151.28,-107.36,341.6
39.04,-58.56,-97.6,9.76,68.32,-78.08,4.88,-53.68,-14.64,-141.52,-102.48,351.36
53.68,-39.04,-92.72,-4.88,73.2,-68.32,4.88,-53.68,-9.76,-141.52,-97.6,351.36
53.68,-39.04,-92.72,-4.88,73.2,-68.32,4.88,-43.92,-9.76,-141.52,-97.6,356.24
39.04,-48.8,-87.84,4.88,63.44,-68.32,-4.88,-58.56,-9.76,-141.52,-97.6,351.36
34.16,-53.68,-87.84,9.76,58.56,-73.2,-4.88,-58.56,-19.52,-146.4,-97.6,351.36
34.16,-53.68,-87.84,9.76,58.56,-73.2,-4.88,-58.56,-19.52,-146.4,-92.72,351.36
29.28,-58.56,-87.84,14.64,58.56,-73.2,-4.88,-53.68,-14.64,-146.4,-92.72,346.48
19.52,-63.44,-82.96,24.4,48.8,-73.2,-4.88,-43.92,-4.88,-146.4,-87.84,341.6
24.4,-63.44,-87.84,19.52,53.68,-78.08,4.88,-39.04,0,-141.52,-87.84,336.72
24.4,-63.44,-87.84,19.52,53.68,-78.08,4.88,-34.16,0,-141.52,-87.84,331.84
24.4,-68.32,-92.72,24.4,58.56,-82.96,4.88,-34.16,9.76,-136.64,-82.96,331.84
34.16,-48.8,-82.96,9.76,58.56,-68.32,19.52,-24.4,24.4,-131.76,-78.08,322.08
43.92,-39.04,-82.96,0,63.44,-63.44,19.52,-24.4,24.4,-117.12,-73.2,317.2
63.44,-29.28,-92.72,-14.64,78.08,-63.44,9.76,-24.4,24.4,-112.24,-68.32,317.2
73.2,-9.76,-82.96,-29.28,78.08,-48.8,9.76,-24.4,24.4,-107.36,-68.32,312.32
73.2,-14.64,-87.84,-29.28,78.08,-53.68,9.76,-14.64,29.28,-107.36,-68.32,307.44
73.2,-14.64,-87.84,-29.28,78.08,-53.68,9.76,-14.64,29.28,-107.36,-78.08,302.56
73.2,-14.64,-87.84,-29.28,78.08,-53.68,9.76,-14.64,34.16,-107.36,-78.08,292.8
73.2,-14.64,-87.84,-29.28,78.08,-53.68,9.76,-4.88,43.92,-97.6,-78.08,278.16
78.08,-29.28,-107.36,-24.4,92.72,-68.32,4.88,-9.76,43.92,-107.36,-78.08,263.52
63.44,-39.04,-102.48,-9.76,82.96,-73.2,4.88,-9.76,43.92,-107.36,-82.96,258.64
58.56,-39.04,-97.6,-9.76,78.08,-68.32,4.88,0,48.8,-107.36,-82.96,258.64
53.68,-19.52,-73.2,-14.64,63.44,-48.8,9.76,0,53.68,-107.36,-78.08,258.64
68.32,-4.88,-73.2,-29.28,68.32,-39.04,19.52,4.88,63.44,-97.6,-63.44,263.52
73.2,-4.88,-78.08,-34.16,73.2,-43.92,19.52,14.64,63.44,-92.72,-63.44,253.76
78.08,-4.88,-82.96,-34.16,78.08,-43.92,9.76,24.4,68.32,-87.84,-63.44,253.76
87.84,0,-87.84,-43.92,87.84,-43.92,19.52,39.04,73.2,-78.08,-63.44,263.52
87.84,9.76,-78.08,-48.8,82.96,-34.16,19.52,39.04,82.96,-82.96,-63.44,253.76
92.72,9.76,-82.96,-48.8,87.84,-39.04,19.52,39.04,87.84,-78.08,-63.44,253.76
112.24,14.64,-97.6,-63.44,102.48,-43.92,19.52,39.04,87.84,-78.08,-58.56,253.76
112.24,14.64,-97.6,-63.44,102.48,-43.92,19.52,34.16,87.84,-73.2,-58.56,258.64
78.08,4.88,-73.2,-39.04,73.2,-34.16,19.52,43.92,82.96,-68.32,-68.32,253.76
78.08,4.88,-73.2,-39.04,73.2,-34.16,24.4,53.68,82.96,-63.44,-58.56,253.76
97.6,4.88,-92.72,-48.8,92.72,-43.92,24.4,63.44,87.84,-63.44,-58.56,248.88
107.36,14.64,-92.72,-58.56,97.6,-39.04,24.4,68.32,87.84,-63.44,-63.44,248.88
92.72,19.52,-73.2,-53.68,82.96,-29.28,19.52,73.2,92.72,-63.44,-53.68,253.76
82.96,4.88,-78.08,-43.92,78.08,-39.04,19.52,78.08,102.48,-53.68,-48.8,258.64
68.32,0,-68.32,-34.16,68.32,-34.16,24.4,82.96,107.36,-48.8,-43.92,258.64
63.44,-4.88,-68.32,-29.28,63.44,-39.04,24.4,87.84,112.24,-48.8,-39.04,263.52
78.08,0,-78.08,-39.04,78.08,-39.04,9.76,82.96,122,-39.04,-34.16,263.52
82.96,9.76,-73.2,-43.92,78.08,-34.16,9.76,87.84,131.76,-34.16,-29.28,263.52
87.84,24.4,-63.44,-53.68,73.2,-19.52,14.64,97.6,136.64,-29.28,-14.64,268.4
102.48,39.04,-63.44,-68.32,82.96,-14.64,14.64,102.48,141.52,-24.4,-9.76,273.28
102.48,48.8,-53.68,-73.2,78.08,-4.88,9.76,117.12,131.76,-19.52,-9.76,273.28
97.6,48.8,-48.8,-73.2,73.2,0,9.76,122,136.64,-19.52,-4.88,273.28
97.6,53.68,-43.92,-73.2,68.32,4.88,9.76,131.76,146.4,-9.76,4.88,273.28
107.36,58.56,-48.8,-82.96,78.08,4.88,9.76,136.64,151.28,-4.88,9.76,283.04
131.76,63.44,-68.32,-97.6,97.6,-4.88,19.52,146.4,165.92,9.76,24.4,292.8
136.64,63.44,-73.2,-97.6,102.48,-4.88,19.52,161.04,170.8,14.64,24.4,292.8
141.52,63.44,-78.08,-102.48,107.36,-9.76,19.52,165.92,185.44,29.28,43.92,297.68
146.4,68.32,-78.08,-107.36,112.24,-4.88,19.52,170.8,190.32,29.28,43.92,307.44
141.52,68.32,-73.2,-102.48,107.36,-4.88,14.64,170.8,200.08,39.04,53.68,307.44
151.28,78.08,-73.2,-112.24,112.24,0,14.64,175.68,204.96,48.8,68.32,312.32
146.4,82.96,-63.44,-112.24,102.48,9.76,14.64,190.32,214.72,53.68,68.32,317.2
136.64,78.08,-58.56,-107.36,97.6,9.76,14.64,200.08,219.6,63.44,73.2,322.08
141.52,87.84,-53.68,-112.24,97.6,14.64,9.76,204.96,229.36,68.32,82.96,322.08
141.52,87.84,-53.68,-112.24,97.6,14.64,9.76,214.72,234.24,78.08,87.84,322.08
146.4,92.72,-53.68,-117.12,97.6,19.52,4.88,214.72,239.12,82.96,97.6,326.96
156.16,107.36,-48.8,-131.76,102.48,29.28,4.88,224.48,248.88,92.72,102.48,326.96
170.8,126.88,-43.92,-146.4,107.36,39.04,14.64,244,273.28,107.36,122,341.6
170.8,126.88,-43.92,-146.4,107.36,39.04,4.88,248.88,283.04,112.24,131.76,351.36
170.8,126.88,-43.92,-146.4,107.36,39.04,0,253.76,283.04,126.88,141.52,366
170.8,146.4,-24.4,-156.16,97.6,58.56,0,258.64,292.8,131.76,156.16,375.76
170.8,141.52,-29.28,-156.16,97.6,53.68,-9.76,248.88,292.8,126.88,151.28,380.64
175.68,141.52,-34.16,-156.16,102.48,53.68,-9.76,258.64,292.8,131.76,146.4,380.64
170.8,136.64,-34.16,-151.28,102.48,48.8,-9.76,273.28,297.68,141.52,146.4,380.64
165.92,131.76,-34.16,-146.4,97.6,48.8,-9.76,273.28,292.8,146.4,151.28,385.52
175.68,141.52,-34.16,-156.16,102.48,53.68,-24.4,263.52,302.56,156.16,151.28,375.76
185.44,156.16,-29.28,-170.8,107.36,63.44,-29.28,268.4,307.44,161.04,156.16,385.52
185.44,170.8,-14.64,-175.68,97.6,78.08,-29.28,268.4,307.44,161.04,165.92,395.28
185.44,185.44,0,-185.44,92.72,92.72,-29.28,268.4,307.44,161.04,175.68,405.04
185.44,175.68,-9.76,-180.56,97.6,82.96,-14.64,287.92,322.08,165.92,185.44,400.16
185.44,175.68,-9.76,-180.56,97.6,82.96,-9.76,287.92,322.08,175.68,190.32,409.92
185.44,185.44,0,-185.44,92.72,92.72,-14.64,273.28,322.08,185.44,195.2,414.8
185.44,185.44,0,-185.44,92.72,92.72,-9.76,273.28,322.08,190.32,204.96,419.68
185.44,185.44,0,-185.44,92.72,92.72,-19.52,263.52,322.08,190.32,209.84,419.68
185.44,190.32,4.88,-185.44,87.84,97.6,-19.52,263.52,322.08,185.44,209.84,414.8
190.32,195.2,4.88,-190.32,92.72,97.6,-24.4,263.52,322.08,180.56,204.96,409.92
190.32,200.08,9.76,-195.2,87.84,102.48,-29.28,253.76,312.32,175.68,200.08,409.92
175.68,195.2,19.52,-185.44,78.08,107.36,-29.28,248.88,312.32,180.56,204.96,400.16
175.68,195.2,19.52,-185.44,78.08,107.36,-29.28,244,307.44,170.8,195.2,405.04
170.8,190.32,19.52,-180.56,73.2,102.48,-34.16,239.12,302.56,170.8,204.96,405.04
161.04,170.8,9.76,-165.92,73.2,87.84,-34.16,234.24,302.56,175.68,204.96,405.04
165.92,170.8,4.88,-165.92,78.08,87.84,-24.4,239.12,312.32,175.68,195.2,400.16
170.8,156.16,-14.64,-161.04,92.72,68.32,-19.52,239.12,302.56,170.8,190.32,400.16
175.68,156.16,-19.52,-165.92,97.6,68.32,-19.52,239.12,302.56,165.92,190.32,400.16
180.56,156.16,-24.4,-165.92,102.48,63.44,-19.52,229.36,297.68,165.92,185.44,390.4
180.56,170.8,-9.76,-175.68,92.72,78.08,-9.76,219.6,287.92,151.28,190.32,385.52
170.8,170.8,0,-170.8,82.96,82.96,-9.76,209.84,278.16,141.52,180.56,375.76
175.68,180.56,4.88,-175.68,82.96,92.72,-9.76,200.08,268.4,131.76,175.68,361.12
180.56,190.32,9.76,-185.44,82.96,97.6,-4.88,190.32,258.64,122,170.8,356.24
175.68,180.56,4.88,-175.68,82.96,92.72,-14.64,170.8,248.88,112.24,161.04,356.24
165.92,170.8,4.88,-165.92,78.08,87.84,-9.76,156.16,244,107.36,146.4,346.48
136.64,131.76,-4.88,-131.76,68.32,63.44,-9.76,141.52,234.24,92.72,136.64,331.84
131.76,122,-9.76,-126.88,68.32,53.68,-4.88,126.88,224.48,82.96,117.12,326.96
131.76,131.76,0,-131.76,63.44,63.44,4.88,112.24,214.72,82.96,122,326.96
131.76,122,-9.76,-126.88,68.32,53.68,9.76,102.48,195.2,68.32,117.12,317.2
117.12,102.48,-14.64,-107.36,63.44,43.92,14.64,92.72,180.56,48.8,107.36,307.44
117.12,87.84,-29.28,-102.48,73.2,29.28,19.52,87.84,170.8,34.16,97.6,292.8
102.48,78.08,-24.4,-87.84,63.44,24.4,14.64,58.56,146.4,19.52,78.08,287.92
92.72,68.32,-24.4,-78.08,58.56,19.52,9.76,39.04,131.76,4.88,63.44,273.28
78.08,63.44,-14.64,-68.32,43.92,24.4,-4.88,9.76,117.12,-9.76,43.92,263.52
68.32,34.16,-34.16,-48.8,48.8,0,-9.76,-14.64,107.36,-29.28,29.28,258.64
68.32,34.16,-34.16,-48.8,48.8,0,0,-24.4,102.48,-29.28,29.28,248.88
68.32,48.8,-19.52,-58.56,43.92,14.64,4.88,-24.4,92.72,-39.04,19.52,244
68.32,29.28,-39.04,-48.8,53.68,-4.88,4.88,-34.16,82.96,-48.8,9.76,234.24
63.44,14.64,-48.8,-39.04,53.68,-19.52,4.88,-43.92,73.2,-63.44,4.88,219.6
58.56,14.64,-43.92,-34.16,48.8,-14.64,9.76,-48.8,73.2,-68.32,4.88,224.48
58.56,14.64,-43.92,-34.16,48.8,-14.64,9.76,-53.68,63.44,-73.2,4.88,219.6
58.56,14.64,-43.92,-34.16,48.8,-14.64,9.76,-58.56,53.68,-82.96,0,214.72
58.56,9.76,-48.8,-34.16,53.68,-19.52,9.76,-73.2,48.8,-87.84,-14.64,204.96
53.68,4.88,-48.8,-29.28,48.8,-24.4,0,-82.96,48.8,-97.6,-14.64,195.2
48.8,-4.88,-53.68,-19.52,48.8,-29.28,-4.88,-92.72,43.92,-102.48,-24.4,195.2
39.04,-4.88,-43.92,-14.64,39.04,-24.4,-4.88,-102.48,34.16,-102.48,-24.4,200.08
39.04,-4.88,-43.92,-14.64,39.04,-24.4,0,-102.48,34.16,-102.48,-29.28,200.08
39.04,-9.76,-48.8,-14.64,43.92,-29.28,0,-117.12,19.52,-117.12,-34.16,185.44
43.92,-24.4,-68.32,-9.76,53.68,-48.8,-4.88,-117.12,14.64,-126.88,-34.16,180.56
43.92,-29.28,-73.2,-4.88,58.56,-53.68,-4.88,-126.88,4.88,-126.88,-39.04,180.56
34.16,-43.92,-78.08,4.88,53.68,-63.44,-4.88,-126.88,-4.88,-131.76,-48.8,175.68
24.4,-43.92,-68.32,9.76,43.92,-58.56,4.88,-122,4.88,-122,-43.92,180.56
24.4,-43.92,-68.32,9.76,43.92,-58.56,0,-126.88,4.88,-122,-48.8,170.8
24.4,-48.8,-73.2,14.64,48.8,-63.44,0,-126.88,9.76,-122,-53.68,170.8
24.4,-48.8,-73.2,14.64,48.8,-63.44,-4.88,-126.88,9.76,-131.76,-53.68,165.92
34.16,-39.04,-73.2,4.88,53.68,-58.56,4.88,-126.88,-4.88,-136.64,-53.68,161.04
34.16,-43.92,-78.08,4.88,53.68,-63.44,4.88,-126.88,-4.88,-126.88,-53.68,161.04
29.28,-43.92,-73.2,9.76,48.8,-58.56,4.88,-131.76,-4.88,-126.88,-53.68,161.04
29.28,-53.68,-82.96,14.64,53.68,-68.32,4.88,-141.52,-4.88,-126.88,-53.68,161.04
19.52,-63.44,-82.96,24.4,48.8,-73.2,-4.88,-146.4,-14.64,-131.76,-58.56,156.16
14.64,-53.68,-68.32,19.52,39.04,-63.44,-4.88,-141.52,-14.64,-136.64,-48.8,151.28
19.52,-39.04,-58.56,9.76,39.04,-48.8,-4.88,-146.4,-14.64,-141.52,-58.56,146.4
14.64,-48.8,-63.44,19.52,39.04,-58.56,-4.88,-156.16,-14.64,-136.64,-58.56,141.52
29.28,-53.68,-82.96,14.64,53.68,-68.32,4.88,-146.4,-4.88,-126.88,-53.68,141.52
34.16,-29.28,-63.44,0,48.8,-48.8,4.88,-151.28,-4.88,-126.88,-53.68,141.52
34.16,-19.52,-53.68,-4.88,43.92,-39.04,4.88,-151.28,-9.76,-136.64,-53.68,141.52
34.16,-19.52,-53.68,-4.88,43.92,-39.04,0,-151.28,-9.76,-136.64,-48.8,146.4
34.16,-24.4,-58.56,-4.88,43.92,-43.92,0,-151.28,-4.88,-136.64,-48.8,141.52
34.16,-19.52,-53.68,-4.88,43.92,-39.04,0,-161.04,-4.88,-136.64,-53.68,141.52
34.16,-39.04,-73.2,4.88,53.68,-58.56,-9.76,-165.92,-19.52,-141.52,-58.56,131.76
29.28,-43.92,-73.2,9.76,48.8,-58.56,-9.76,-165.92,-19.52,-151.28,-58.56,131.76
29.28,-43.92,-73.2,9.76,48.8,-58.56,-4.88,-161.04,-9.76,-141.52,-48.8,131.76
34.16,-43.92,-78.08,4.88,53.68,-63.44,0,-156.16,-9.76,-136.64,-48.8,126.88
34.16,-48.8,-82.96,9.76,58.56,-68.32,0,-156.16,-9.76,-136.64,-48.8,122
34.16,-48.8,-82.96,9.76,58.56,-68.32,0,-156.16,-9.76,-136.64,-48.8,122
43.92,-34.16,-78.08,-4.88,58.56,-58.56,0,-156.16,-14.64,-141.52,-58.56,117.12
43.92,-34.16,-78.08,-4.88,58.56,-58.56,0,-156.16,-9.76,-141.52,-58.56,122
43.92,-34.16,-78.08,-4.88,58.56,-58.56,0,-165.92,-9.76,-151.28,-63.44,122
43.92,-34.16,-78.08,-4.88,58.56,-58.56,0,-165.92,-14.64,-151.28,-63.44,122
39.04,-29.28,-68.32,-4.88,53.68,-48.8,-9.76,-165.92,-14.64,-161.04,-73.2,112.24
19.52,-43.92,-63.44,14.64,39.04,-53.68,-9.76,-165.92,-24.4,-161.04,-73.2,112.24
14.64,-43.92,-58.56,14.64,34.16,-53.68,-9.76,-165.92,-24.4,-156.16,-68.32,117.12
14.64,-43.92,-58.56,14.64,34.16,-53.68,-9.76,-165.92,-19.52,-156.16,-68.32,117.12
24.4,-53.68,-78.08,14.64,48.8,-68.32,-14.64,-175.68,-9.76,-156.16,-63.44,117.12
29.28,-48.8,-78.08,9.76,53.68,-63.44,-14.64,-170.8,-14.64,-156.16,-58.56,122
34.16,-48.8,-82.96,9.76,58.56,-68.32,-14.64,-170.8,-14.64,-161.04,-58.56,117.12
39.04,-53.68,-92.72,9.76,63.44,-73.2,-14.64,-170.8,-9.76,-161.04,-53.68,122
39.04,-48.8,-87.84,4.88,63.44,-68.32,-4.88,-165.92,-9.76,-156.16,-43.92,136.64
39.04,-43.92,-82.96,4.88,58.56,-63.44,-4.88,-161.04,-9.76,-151.28,-48.8,136.64
29.28,-34.16,-63.44,4.88,43.92,-48.8,-4.88,-156.16,-9.76,-146.4,-48.8,136.64
29.28,-29.28,-58.56,0,43.92,-43.92,-4.88,-151.28,-9.76,-141.52,-48.8,141.52
34.16,-39.04,-73.2,4.88,53.68,-58.56,4.88,-156.16,-14.64,-131.76,-34.16,146.4
34.16,-34.16,-68.32,0,48.8,-53.68,4.88,-156.16,-14.64,-131.76,-34.16,146.4
29.28,-34.16,-63.44,4.88,43.92,-48.8,4.88,-151.28,-14.64,-131.76,-34.16,141.52
29.28,-39.04,-68.32,4.88,48.8,-53.68,4.88,-151.28,-9.76,-131.76,-29.28,141.52
29.28,-43.92,-73.2,9.76,48.8,-58.56,-9.76,-156.16,-9.76,-136.64,-34.16,141.52
29.28,-43.92,-73.2,9.76,48.8,-58.56,-9.76,-156.16,-9.76,-141.52,-39.04,126.88
34.16,-39.04,-73.2,4.88,53.68,-58.56,-9.76,-161.04,-9.76,-151.28,-43.92,117.12
43.92,-39.04,-82.96,0,63.44,-63.44,-9.76,-161.04,-9.76,-156.16,-48.8,112.24
19.52,-63.44,-82.96,24.4,48.8,-73.2,-9.76,-151.28,-19.52,-146.4,-43.92,112.24
19.52,-63.44,-82.96,24.4,48.8,-73.2,-9.76,-151.28,-14.64,-141.52,-43.92,112.24
9.76,-48.8,-58.56,19.52,34.16,-53.68,0,-141.52,-9.76,-131.76,-43.92,112.24
9.76,-48.8,-58.56,19.52,34.16,-53.68,0,-136.64,-9.76,-126.88,-39.04,117.12
19.52,-48.8,-68.32,14.64,43.92,-58.56,-4.88,-131.76,0,-126.88,-34.16,107.36
19.52,-48.8,-68.32,14.64,43.92,-58.56,-4.88,-126.88,4.88,-126.88,-34.16,97.6
29.28,-43.92,-73.2,9.76,48.8,-58.56,-4.88,-126.88,9.76,-126.88,-34.16,97.6
29.28,-39.04,-68.32,4.88,48.8,-53.68,0,-126.88,19.52,-126.88,-29.28,92.72
24.4,-48.8,-73.2,14.64,48.8,-63.44,9.76,-131.76,14.64,-136.64,-39.04,87.84
29.28,-48.8,-78.08,9.76,53.68,-63.44,4.88,-131.76,14.64,-126.88,-39.04,92.72
9.76,-53.68,-63.44,24.4,34.16,-58.56,4.88,-131.76,14.64,-126.88,-43.92,97.6
4.88,-53.68,-58.56,24.4,29.28,-58.56,4.88,-126.88,19.52,-131.76,-48.8,102.48
14.64,-39.04,-53.68,14.64,34.16,-48.8,-4.88,-126.88,14.64,-122,-39.04,102.48
19.52,-39.04,-58.56,9.76,39.04,-48.8,-4.88,-122,14.64,-117.12,-39.04,102.48
24.4,-48.8,-73.2,14.64,48.8,-63.44,-4.88,-122,14.64,-117.12,-39.04,97.6
29.28,-39.04,-68.32,4.88,48.8,-53.68,-4.88,-122,14.64,-117.12,-39.04,92.72
34.16,-29.28,-63.44,0,48.8,-48.8,-4.88,-122,9.76,-126.88,-39.04,87.84
34.16,-29.28,-63.44,0,48.8,-48.8,-4.88,-122,14.64,-122,-39.04,87.84
34.16,-24.4,-58.56,-4.88,43.92,-43.92,-4.88,-122,14.64,-122,-43.92,92.72
34.16,-24.4,-58.56,-4.88,43.92,-43.92,-4.88,-122,14.64,-126.88,-43.92,97.6
43.92,-24.4,-68.32,-9.76,53.68,-48.8,4.88,-107.36,24.4,-126.88,-34.16,107.36
29.28,-24.4,-53.68,0,39.04,-39.04,4.88,-107.36,29.28,-122,-24.4,107.36
29.28,-24.4,-53.68,0,39.04,-39.04,4.88,-102.48,34.16,-107.36,-24.4,112.24
48.8,-9.76,-58.56,-19.52,53.68,-34.16,4.88,-102.48,48.8,-92.72,-24.4,112.24
34.16,-24.4,-58.56,-4.88,43.92,-43.92,4.88,-112.24,48.8,-102.48,-24.4,102.48
29.28,-19.52,-48.8,-4.88,39.04,-34.16,9.76,-107.36,43.92,-97.6,-19.52,97.6
29.28,-24.4,-53.68,0,39.04,-39.04,9.76,-107.36,43.92,-87.84,-19.52,92.72
24.4,-34.16,-58.56,4.88,39.04,-48.8,9.76,-102.48,39.04,-97.6,-19.52,92.72
29.28,-29.28,-58.56,0,43.92,-43.92,9.76,-102.48,39.04,-97.6,-19.52,97.6
29.28,-24.4,-53.68,0,39.04,-39.04,9.76,-102.48,39.04,-97.6,-14.64,102.48
29.28,-14.64,-43.92,-4.88,34.16,-29.28,9.76,-102.48,39.04,-92.72,-4.88,107.36
29.28,-9.76,-39.04,-9.76,34.16,-24.4,9.76,-107.36,34.16,-92.72,0,117.12
34.16,-19.52,-53.68,-4.88,43.92,-39.04,0,-107.36,34.16,-102.48,0,112.24
39.04,-19.52,-58.56,-9.76,48.8,-39.04,0,-107.36,34.16,-102.48,0,112.24
43.92,-19.52,-63.44,-9.76,53.68,-43.92,0,-107.36,39.04,-102.48,-4.88,112.24
39.04,-19.52,-58.56,-9.76,48.8,-39.04,0,-112.24,39.04,-102.48,-14.64,112.24
34.16,-29.28,-63.44,0,48.8,-48.8,0,-122,48.8,-102.48,-14.64,107.36
29.28,-39.04,-68.32,4.88,48.8,-53.68,0,-122,48.8,-102.48,-9.76,102.48
24.4,-39.04,-63.44,9.76,43.92,-53.68,0,-122,48.8,-97.6,-9.76,102.48
24.4,-43.92,-68.32,9.76,43.92,-58.56,4.88,-117.12,53.68,-97.6,-9.76,107.36
34.16,-29.28,-63.44,0,48.8,-48.8,14.64,-117.12,53.68,-97.6,-4.88,117.12
34.16,-24.4,-58.56,-4.88,43.92,-43.92,14.64,-117.12,53.68,-97.6,-4.88,112.24
39.04,-9.76,-48.8,-14.64,43.92,-29.28,14.64,-117.12,53.68,-92.72,0,112.24
39.04,4.88,-34.16,-19.52,34.16,-14.64,14.64,-117.12,53.68,-78.08,9.76,112.24
39.04,-4.88,-43.92,-14.64,39.04,-24.4,4.88,-117.12,43.92,-82.96,4.88,102.48
39.04,-4.88,-43.92,-14.64,39.04,-24.4,4.88,-122,43.92,-92.72,4.88,107.36
48.8,4.88,-43.92,-24.4,43.92,-19.52,0,-122,39.04,-97.6,4.88,107.36
48.8,9.76,-39.04,-29.28,43.92,-14.64,0,-122,34.16,-102.48,4.88,107.36
29.28,-4.88,-34.16,-9.76,29.28,-19.52,0,-126.88,29.28,-102.48,-9.76,107.36
14.64,-9.76,-24.4,0,19.52,-19.52,0,-131.76,34.16,-102.48,-9.76,107.36
24.4,-24.4,-48.8,0,34.16,-39.04,0,-131.76,39.04,-102.48,-14.64,107.36
39.04,-19.52,-58.56,-9.76,48.8,-39.04,0,-126.88,43.92,-102.48,-14.64,107.36
39.04,-14.64,-53.68,-9.76,43.92,-34.16,0,-126.88,34.16,-107.36,-14.64,97.6
29.28,-24.4,-53.68,0,39.04,-39.04,0,-136.64,29.28,-107.36,-4.88,102.48
29.28,-19.52,-48.8,-4.88,39.04,-34.16,0,-136.64,29.28,-97.6,0,102.48
53.68,0,-53.68,-24.4,53.68,-29.28,0,-136.64,29.28,-92.72,0,97.6
63.44,0,-63.44,-29.28,63.44,-34.16,4.88,-136.64,39.04,-92.72,14.64,107.36
63.44,0,-63.44,-29.28,63.44,-34.16,4.88,-136.64,39.04,-92.72,14.64,107.36
43.92,-4.88,-48.8,-19.52,43.92,-29.28,-4.88,-141.52,39.04,-107.36,0,107.36
53.68,-4.88,-58.56,-24.4,53.68,-34.16,-4.88,-141.52,48.8,-112.24,0,92.72
43.92,0,-43.92,-19.52,43.92,-24.4,4.88,-141.52,43.92,-102.48,-9.76,92.72
29.28,-14.64,-43.92,-4.88,34.16,-29.28,4.88,-146.4,39.04,-107.36,-14.64,87.84
9.76,-29.28,-39.04,9.76,24.4,-34.16,4.88,-146.4,29.28,-117.12,-14.64,87.84
0,-39.04,-39.04,19.52,19.52,-39.04,4.88,-146.4,24.4,-107.36,-9.76,92.72
9.76,-29.28,-39.04,9.76,24.4,-34.16,-4.88,-136.64,34.16,-102.48,0,97.6
14.64,-24.4,-39.04,4.88,24.4,-34.16,0,-136.64,34.16,-97.6,0,97.6
14.64,-24.4,-39.04,4.88,24.4,-34.16,0,-136.64,29.28,-97.6,0,97.6
14.64,-24.4,-39.04,4.88,24.4,-34.16,0,-136.64,29.28,-97.6,0,87.84
14.64,-34.16,-48.8,9.76,29.28,-43.92,9.76,-136.64,39.04,-92.72,0,82.96
24.4,-34.16,-58.56,4.88,39.04,-48.8,9.76,-136.64,34.16,-102.48,-9.76,82.96
24.4,-29.28,-53.68,4.88,39.04,-43.92,9.76,-146.4,34.16,-102.48,-9.76,82.96
24.4,-29.28,-53.68,4.88,39.04,-43.92,9.76,-146.4,34.16,-102.48,-4.88,82.96
14.64,-34.16,-48.8,9.76,29.28,-43.92,9.76,-156.16,39.04,-107.36,-9.76,73.2
14.64,-39.04,-53.68,14.64,34.16,-48.8,4.88,-156.16,34.16,-107.36,-9.76,78.08
14.64,-39.04,-53.68,14.64,34.16,-48.8,4.88,-156.16,29.28,-112.24,-4.88,78.08
14.64,-34.16,-48.8,9.76,29.28,-43.92,4.88,-156.16,24.4,-117.12,-4.88,78.08
24.4,-29.28,-53.68,4.88,39.04,-43.92,-4.88,-156.16,29.28,-107.36,-4.88,73.2
24.4,-29.28,-53.68,4.88,39.04,-43.92,-4.88,-156.16,29.28,-117.12,-9.76,68.32
24.4,-24.4,-48.8,0,34.16,-39.04,-4.88,-151.28,29.28,-117.12,-9.76,68.32
24.4,-9.76,-34.16,-4.88,29.28,-24.4,-4.88,-151.28,24.4,-117.12,-9.76,68.32
24.4,-24.4,-48.8,0,34.16,-39.04,4.88,-146.4,34.16,-107.36,-9.76,68.32
19.52,-29.28,-48.8,4.88,34.16,-39.04,4.88,-151.28,34.16,-107.36,-19.52,58.56
19.52,-29.28,-48.8,4.88,34.16,-39.04,4.88,-151.28,39.04,-112.24,-14.64,53.68
24.4,-24.4,-48.8,0,34.16,-39.04,4.88,-151.28,39.04,-112.24,0,53.68
19.52,-39.04,-58.56,9.76,39.04,-48.8,4.88,-156.16,24.4,-117.12,4.88,53.68
9.76,-39.04,-48.8,14.64,29.28,-43.92,4.88,-156.16,19.52,-117.12,0,53.68
19.52,-29.28,-48.8,4.88,34.16,-39.04,4.88,-161.04,19.52,-117.12,4.88,58.56
19.52,-39.04,-58.56,9.76,39.04,-48.8,4.88,-165.92,19.52,-117.12,0,63.44
19.52,-43.92,-63.44,14.64,39.04,-53.68,4.88,-170.8,24.4,-117.12,4.88,53.68
24.4,-19.52,-43.92,0,34.16,-34.16,4.88,-165.92,24.4,-107.36,4.88,48.8
43.92,-4.88,-48.8,-19.52,43.92,-29.28,4.88,-156.16,39.04,-117.12,-4.88,48.8
48.8,14.64,-34.16,-29.28,39.04,-9.76,4.88,-146.4,39.04,-117.12,-4.88,48.8
34.16,4.88,-29.28,-19.52,29.28,-14.64,4.88,-156.16,34.16,-107.36,4.88,43.92
29.28,0,-29.28,-14.64,29.28,-14.64,4.88,-161.04,29.28,-112.24,4.88,39.04
24.4,-19.52,-43.92,0,34.16,-34.16,4.88,-161.04,29.28,-112.24,4.88,39.04
9.76,-34.16,-43.92,14.64,24.4,-39.04,0,-156.16,29.28,-107.36,4.88,43.92
9.76,-24.4,-34.16,9.76,19.52,-29.28,-9.76,-165.92,24.4,-112.24,-4.88,39.04
19.52,-29.28,-48.8,4.88,34.16,-39.04,-9.76,-165.92,19.52,-117.12,-4.88,34.16
19.52,-34.16,-53.68,9.76,34.16,-43.92,-4.88,-165.92,19.52,-122,-4.88,29.28
14.64,-39.04,-53.68,14.64,34.16,-48.8,-4.88,-165.92,14.64,-126.88,-4.88,24.4
24.4,-39.04,-63.44,9.76,43.92,-53.68,-4.88,-161.04,24.4,-122,-14.64,29.28
19.52,-39.04,-58.56,9.76,39.04,-48.8,-4.88,-161.04,24.4,-122,-9.76,29.28
19.52,-34.16,-53.68,9.76,34.16,-43.92,-4.88,-161.04,24.4,-122,-9.76,29.28
19.52,-34.16,-53.68,9.76,34.16,-43.92,-4.88,-165.92,19.52,-117.12,-9.76,24.4
24.4,-19.52,-43.92,0,34.16,-34.16,4.88,-165.92,24.4,-117.12,0,24.4
29.28,-9.76,-39.04,-9.76,34.16,-24.4,4.88,-165.92,24.4,-117.12,0,24.4
43.92,-4.88,-48.8,-19.52,43.92,-29.28,4.88,-161.04,29.28,-112.24,0,24.4
53.68,0,-53.68,-24.4,53.68,-29.28,4.88,-161.04,43.92,-107.36,0,19.52
14.64,-48.8,-63.44,19.52,39.04,-58.56,19.52,-151.28,43.92,-107.36,19.52,29.28
4.88,-63.44,-68.32,29.28,34.16,-68.32,19.52,-151.28,34.16,-117.12,24.4,29.28
34.16,-34.16,-68.32,0,48.8,-53.68,9.76,-156.16,24.4,-122,9.76,19.52
29.28,-29.28,-58.56,0,43.92,-43.92,-9.76,-156.16,29.28,-117.12,9.76,9.76
29.28,-24.4,-53.68,0,39.04,-39.04,0,-165.92,29.28,-117.12,9.76,19.52
29.28,-19.52,-48.8,-4.88,39.04,-34.16,0,-165.92,29.28,-117.12,9.76,19.52
29.28,-14.64,-43.92,-4.88,34.16,-29.28,0,-165.92,29.28,-117.12,9.76,19.52
29.28,-9.76,-39.04,-9.76,34.16,-24.4,0,-165.92,29.28,-117.12,9.76,19.52
39.04,-14.64,-53.68,-9.76,43.92,-34.16,0,-165.92,19.52,-126.88,19.52,9.76
39.04,-14.64,-53.68,-9.76,43.92,-34.16,-4.88,-165.92,19.52,-126.88,14.64,9.76
39.04,-9.76,-48.8,-14.64,43.92,-29.28,-4.88,-165.92,19.52,-126.88,14.64,0
39.04,-4.88,-43.92,-14.64,39.04,-24.4,0,-165.92,19.52,-126.88,14.64,9.76
48.8,4.88,-43.92,-24.4,43.92,-19.52,9.76,-156.16,34.16,-117.12,24.4,19.52
48.8,-4.88,-53.68,-19.52,48.8,-29.28,9.76,-156.16,34.16,-117.12,24.4,19.52
39.04,-4.88,-43.92,-14.64,39.04,-24.4,9.76,-156.16,29.28,-117.12,24.4,19.52
39.04,-4.88,-43.92,-14.64,39.04,-24.4,9.76,-156.16,29.28,-117.12,24.4,24.4
24.4,-19.52,-43.92,0,34.16,-34.16,0,-156.16,29.28,-117.12,24.4,34.16
14.64,-24.4,-39.04,4.88,24.4,-34.16,0,-161.04,24.4,-117.12,24.4,29.28
9.76,-34.16,-43.92,14.64,24.4,-39.04,0,-161.04,24.4,-122,24.4,29.28
4.88,-39.04,-43.92,19.52,24.4,-43.92,-4.88,-165.92,24.4,-126.88,24.4,24.4
4.88,-48.8,-53.68,24.4,29.28,-53.68,-9.76,-175.68,14.64,-126.88,14.64,19.52
4.88,-48.8,-53.68,24.4,29.28,-53.68,-9.76,-175.68,14.64,-126.88,9.76,14.64
4.88,-48.8,-53.68,24.4,29.28,-53.68,-9.76,-170.8,14.64,-126.88,9.76,9.76
9.76,-48.8,-58.56,19.52,34.16,-53.68,-4.88,-170.8,14.64,-122,9.76,4.88
14.64,-34.16,-48.8,9.76,29.28,-43.92,-9.76,-170.8,19.52,-131.76,9.76,4.88
14.64,-34.16,-48.8,9.76,29.28,-43.92,-14.64,-165.92,19.52,-126.88,9.76,4.88
14.64,-34.16,-48.8,9.76,29.28,-43.92,-19.52,-165.92,19.52,-126.88,14.64,4.88
14.64,-34.16,-48.8,9.76,29.28,-43.92,-19.52,-165.92,19.52,-126.88,14.64,4.88
19.52,-34.16,-53.68,9.76,34.16,-43.92,-14.64,-156.16,24.4,-117.12,24.4,14.64
19.52,-29.28,-48.8,4.88,34.16,-39.04,-14.64,-156.16,29.28,-117.12,24.4,14.64
19.52,-24.4,-43.92,4.88,29.28,-34.16,-9.76,-156.16,34.16,-117.12,24.4,14.64
19.52,-24.4,-43.92,4.88,29.28,-34.16,0,-151.28,43.92,-117.12,29.28,14.64
29.28,-9.76,-39.04,-9.76,34.16,-24.4,0,-151.28,34.16,-122,34.16,24.4
39.04,-9.76,-48.8,-14.64,43.92,-29.28,0,-151.28,34.16,-122,34.16,29.28
39.04,-9.76,-48.8,-14.64,43.92,-29.28,0,-151.28,39.04,-122,29.28,29.28
39.04,-9.76,-48.8,-14.64,43.92,-29.28,0,-151.28,39.04,-117.12,29.28,29.28
29.28,-4.88,-34.16,-9.76,29.28,-19.52,0,-146.4,39.04,-107.36,39.04,19.52
29.28,4.88,-24.4,-14.64,24.4,-9.76,4.88,-146.4,39.04,-107.36,39.04,19.52
34.16,9.76,-24.4,-19.52,29.28,-9.76,14.64,-136.64,48.8,-97.6,53.68,29.28
43.92,29.28,-14.64,-34.16,29.28,4.88,29.28,-122,63.44,-82.96,58.56,29.28
53.68,63.44,9.76,-58.56,19.52,34.16,39.04,-112.24,87.84,-78.08,63.44,19.52
58.56,73.2,14.64,-63.44,19.52,43.92,53.68,-97.6,97.6,-68.32,73.2,29.28
58.56,82.96,24.4,-68.32,14.64,53.68,58.56,-97.6,102.48,-63.44,82.96,39.04
58.56,82.96,24.4,-68.32,14.64,53.68,58.56,-97.6,102.48,-63.44,82.96,39.04
48.8,78.08,29.28,-63.44,9.76,53.68,58.56,-107.36,102.48,-63.44,92.72,39.04
58.56,87.84,29.28,-73.2,14.64,58.56,63.44,-102.48,102.48,-63.44,92.72,43.92
58.56,87.84,29.28,-73.2,14.64,58.56,63.44,-102.48,107.36,-63.44,92.72,43.92
58.56,78.08,19.52,-68.32,19.52,48.8,63.44,-102.48,107.36,-63.44,92.72,43.92
73.2,82.96,9.76,-78.08,29.28,43.92,63.44,-112.24,97.6,-63.44,92.72,53.68
73.2,87.84,14.64,-78.08,29.28,48.8,63.44,-117.12,92.72,-73.2,82.96,48.8
73.2,87.84,14.64,-78.08,29.28,48.8,53.68,-122,92.72,-73.2,82.96,48.8
78.08,92.72,14.64,-82.96,29.28,53.68,48.8,-122,92.72,-68.32,87.84,48.8
87.84,87.84,0,-87.84,43.92,43.92,58.56,-122,102.48,-58.56,97.6,48.8
87.84,73.2,-14.64,-78.08,48.8,29.28,48.8,-122,102.48,-58.56,92.72,43.92
87.84,73.2,-14.64,-78.08,48.8,29.28,39.04,-122,102.48,-58.56,92.72,43.92
87.84,73.2,-14.64,-78.08,48.8,29.28,24.4,-117.12,102.48,-58.56,92.72,53.68
92.72,73.2,-19.52,-82.96,53.68,24.4,9.76,-117.12,97.6,-68.32,92.72,43.92
92.72,63.44,-29.28,-78.08,58.56,14.64,0,-126.88,82.96,-78.08,92.72,39.04
87.84,48.8,-39.04,-68.32,63.44,4.88,-9.76,-131.76,68.32,-82.96,87.84,34.16
78.08,43.92,-34.16,-58.56,53.68,4.88,-9.76,-136.64,58.56,-82.96,82.96,29.28
58.56,39.04,-19.52,-48.8,39.04,9.76,-14.64,-136.64,63.44,-73.2,82.96,34.16
43.92,34.16,-9.76,-39.04,24.4,9.76,0,-136.64,73.2,-73.2,87.84,34.16
39.04,24.4,-14.64,-29.28,24.4,4.88,0,-136.64,78.08,-73.2,87.84,39.04
29.28,9.76,-19.52,-19.52,24.4,-4.88,0,-136.64,78.08,-78.08,78.08,39.04
39.04,9.76,-29.28,-24.4,34.16,-9.76,9.76,-146.4,73.2,-82.96,78.08,34.16
34.16,0,-34.16,-14.64,34.16,-19.52,9.76,-146.4,68.32,-92.72,73.2,29.28
29.28,-9.76,-39.04,-9.76,34.16,-24.4,9.76,-161.04,58.56,-107.36,63.44,14.64
29.28,-19.52,-48.8,-4.88,39.04,-34.16,9.76,-161.04,43.92,-117.12,63.44,9.76
24.4,-14.64,-39.04,-4.88,29.28,-29.28,14.64,-161.04,48.8,-102.48,58.56,14.64
24.4,-14.64,-39.04,-4.88,29.28,-29.28,9.76,-161.04,39.04,-107.36,63.44,14.64
24.4,-19.52,-43.92,0,34.16,-34.16,4.88,-161.04,39.04,-112.24,58.56,0
24.4,-24.4,-48.8,0,34.16,-39.04,4.88,-161.04,39.04,-107.36,63.44,0
14.64,-29.28,-43.92,9.76,29.28,-39.04,-14.64,-170.8,24.4,-117.12,53.68,-4.88
14.64,-29.28,-43.92,9.76,29.28,-39.04,-14.64,-175.68,24.4,-122,43.92,-14.64
14.64,-29.28,-43.92,9.76,29.28,-39.04,-9.76,-180.56,24.4,-126.88,39.04,-19.52
14.64,-29.28,-43.92,9.76,29.28,-39.04,-9.76,-185.44,24.4,-131.76,34.16,-24.4
19.52,-29.28,-48.8,4.88,34.16,-39.04,0,-175.68,14.64,-131.76,43.92,-24.4
19.52,-34.16,-53.68,9.76,34.16,-43.92,-4.88,-175.68,14.64,-131.76,39.04,-29.28
14.64,-34.16,-48.8,9.76,29.28,-43.92,-4.88,-180.56,14.64,-131.76,39.04,-29.28
29.28,-29.28,-58.56,0,43.92,-43.92,-4.88,-180.56,9.76,-136.64,39.04,-29.28
29.28,-34.16,-63.44,4.88,43.92,-48.8,-4.88,-170.8,14.64,-126.88,53.68,-14.64
29.28,-39.04,-68.32,4.88,48.8,-53.68,-4.88,-170.8,19.52,-126.88,53.68,-14.64
24.4,-43.92,-68.32,9.76,43.92,-58.56,-4.88,-170.8,24.4,-126.88,53.68,-14.64
19.52,-53.68,-73.2,19.52,43.92,-63.44,-4.88,-170.8,29.28,-126.88,53.68,-14.64
9.76,-58.56,-68.32,24.4,39.04,-63.44,-19.52,-180.56,24.4,-141.52,39.04,-19.52
-9.76,-58.56,-48.8,34.16,19.52,-53.68,-19.52,-180.56,14.64,-141.52,39.04,-19.52
-9.76,-58.56,-48.8,34.16,19.52,-53.68,-14.64,-180.56,9.76,-141.52,39.04,-19.52
-4.88,-58.56,-53.68,34.16,24.4,-58.56,-14.64,-180.56,0,-146.4,39.04,-19.52
4.88,-58.56,-63.44,29.28,34.16,-63.44,-19.52,-195.2,0,-146.4,34.16,-29.28
-43.92,-82.96,-39.04,63.44,-4.88,-63.44,-29.28,-195.2,0,-141.52,43.92,-19.52
-48.8,-82.96,-34.16,68.32,-9.76,-58.56,-14.64,-185.44,14.64,-131.76,53.68,-19.52
-9.76,-73.2,-63.44,43.92,24.4,-68.32,-4.88,-170.8,14.64,-131.76,43.92,-29.28
4.88,-58.56,-63.44,29.28,34.16,-63.44,0,-175.68,4.88,-141.52,34.16,-29.28
9.76,-58.56,-68.32,24.4,39.04,-63.44,4.88,-165.92,0,-146.4,24.4,-43.92
19.52,-68.32,-87.84,24.4,53.68,-78.08,19.52,-165.92,0,-151.28,19.52,-58.56
29.28,-68.32,-97.6,19.52,63.44,-82.96,39.04,-151.28,0,-156.16,9.76,-68.32
14.64,-82.96,-97.6,34.16,53.68,-92.72,58.56,-131.76,-4.88,-165.92,0,-68.32
-9.76,-122,-112.24,68.32,48.8,-117.12,92.72,-73.2,4.88,-180.56,-24.4,-97.6
-14.64,-141.52,-126.88,78.08,53.68,-136.64,161.04,24.4,53.68,-180.56,-34.16,-112.24
-14.64,-122,-107.36,68.32,43.92,-117.12,234.24,122,117.12,-136.64,-19.52,-112.24
-9.76,-73.2,-63.44,43.92,24.4,-68.32,224.48,195.2,195.2,-73.2,29.28,-87.84
24.4,-9.76,-34.16,-4.88,29.28,-24.4,180.56,263.52,307.44,29.28,117.12,-34.16
87.84,78.08,-9.76,-82.96,48.8,34.16,126.88,341.6,458.72,175.68,234.24,39.04
156.16,161.04,4.88,-156.16,73.2,82.96,48.8,380.64,575.84,312.32,341.6,117.12
195.2,263.52,68.32,-229.36,63.44,165.92,4.88,409.92,692.96,444.08,463.6,200.08
253.76,400.16,146.4,-326.96,53.68,273.28,-14.64,448.96,839.36,605.12,605.12,302.56
336.72,551.44,214.72,-444.08,58.56,380.64,-78.08,478.24,980.88,775.92,736.88,390.4
390.4,673.44,283.04,-531.92,53.68,478.24,-131.76,527.04,1127.28,956.48,878.4,483.12
439.2,829.6,390.4,-634.4,24.4,610,-165.92,614.88,1322.48,1161.44,1058.96,624.64
483.12,995.52,512.4,-736.88,-14.64,751.52,-234.24,668.56,1507.92,1356.64,1244.4,756.4
522.16,1088.24,566.08,-805.2,-24.4,824.72,-326.96,644.16,1590.88,1483.52,1381.04,863.76
561.2,1112.64,551.44,-834.48,4.88,829.6,-370.88,595.36,1556.72,1512.8,1429.84,941.84
570.96,1122.4,551.44,-844.24,9.76,834.48,-346.48,468.48,1410.32,1424.96,1415.2,976
522.16,1039.44,517.28,-780.8,0,775.92,-336.72,244,1122.4,1210.24,1293.2,932.08
434.32,858.88,424.56,-644.16,4.88,639.28,-370.88,-48.8,736.88,888.16,1068.72,829.6
375.76,688.08,312.32,-531.92,29.28,497.76,-405.04,-361.12,346.48,556.32,839.36,707.6
366,517.28,151.28,-439.2,107.36,331.84,-468.48,-624.64,9.76,287.92,668.56,610
346.48,356.24,9.76,-351.36,165.92,180.56,-541.68,-819.84,-268.4,58.56,488,497.76
273.28,224.48,-48.8,-248.88,161.04,87.84,-566.08,-946.72,-453.84,-141.52,331.84,414.8
180.56,126.88,-53.68,-151.28,117.12,34.16,-585.6,-976,-512.4,-244,239.12,331.84
146.4,14.64,-131.76,-78.08,136.64,-58.56,-624.64,-941.84,-541.68,-317.2,156.16,263.52
126.88,-82.96,-209.84,-19.52,165.92,-146.4,-619.76,-912.56,-551.44,-375.76,78.08,190.32
102.48,-107.36,-209.84,4.88,156.16,-161.04,-580.72,-883.28,-536.8,-405.04,9.76,112.24
87.84,-97.6,-185.44,4.88,136.64,-141.52,-527.04,-805.2,-483.12,-405.04,-19.52,53.68
58.56,-117.12,-175.68,29.28,117.12,-146.4,-458.72,-697.84,-395.28,-361.12,-9.76,24.4
24.4,-141.52,-165.92,58.56,92.72,-156.16,-385.52,-585.6,-317.2,-312.32,0,19.52
53.68,-112.24,-165.92,29.28,107.36,-141.52,-307.44,-502.64,-268.4,-302.56,0,-4.88
58.56,-107.36,-165.92,24.4,112.24,-136.64,-248.88,-424.56,-229.36,-287.92,-9.76,-29.28
34.16,-146.4,-180.56,58.56,107.36,-165.92,-195.2,-375.76,-195.2,-268.4,-9.76,-43.92
0,-195.2,-195.2,97.6,97.6,-195.2,-146.4,-322.08,-156.16,-239.12,-4.88,-39.04
-19.52,-200.08,-180.56,112.24,78.08,-190.32,-92.72,-253.76,-107.36,-214.72,4.88,-48.8
9.76,-141.52,-151.28,68.32,78.08,-146.4,-58.56,-214.72,-58.56,-180.56,29.28,-58.56
48.8,-87.84,-136.64,19.52,92.72,-112.24,-34.16,-200.08,-14.64,-156.16,58.56,-48.8
48.8,-92.72,-141.52,24.4,92.72,-117.12,-14.64,-180.56,9.76,-136.64,63.44,-39.04
29.28,-87.84,-117.12,29.28,73.2,-102.48,-4.88,-146.4,29.28,-126.88,82.96,-29.28
39.04,-48.8,-87.84,4.88,63.44,-68.32,4.88,-136.64,43.92,-112.24,92.72,-29.28
19.52,-34.16,-53.68,9.76,34.16,-43.92,-24.4,-156.16,34.16,-112.24,92.72,-29.28
-14.64,-39.04,-24.4,29.28,4.88,-34.16,-24.4,-165.92,19.52,-131.76,82.96,-29.28
0,0,0,0,0,0,-14.64,-161.04,19.52,-122,92.72,-29.28
19.52,9.76,-9.76,-14.64,14.64,0,0,-146.4,29.28,-112.24,92.72,-39.04
39.04,14.64,-24.4,-24.4,29.28,-4.88,4.88,-136.64,39.04,-107.36,82.96,-48.8
58.56,19.52,-39.04,-39.04,48.8,-9.76,19.52,-117.12,43.92,-107.36,82.96,-68.32
48.8,0,-48.8,-24.4,48.8,-24.4,29.28,-107.36,58.56,-107.36,87.84,-82.96
43.92,-9.76,-53.68,-14.64,48.8,-34.16,29.28,-107.36,58.56,-107.36,87.84,-87.84
43.92,-19.52,-63.44,-9.76,53.68,-43.92,24.4,-107.36,58.56,-107.36,87.84,-87.84
43.92,-24.4,-68.32,-9.76,53.68,-48.8,19.52,-107.36,58.56,-107.36,87.84,-87.84
34.16,-19.52,-53.68,-4.88,43.92,-39.04,14.64,-107.36,48.8,-112.24,87.84,-73.2
29.28,-14.64,-43.92,-4.88,34.16,-29.28,9.76,-107.36,53.68,-112.24,97.6,-58.56
14.64,-29.28,-43.92,9.76,29.28,-39.04,4.88,-112.24,53.68,-112.24,87.84,-58.56
-9.76,-34.16,-24.4,24.4,4.88,-29.28,4.88,-112.24,43.92,-112.24,87.84,-58.56
0,-43.92,-43.92,24.4,19.52,-43.92,14.64,-112.24,43.92,-112.24,78.08,-63.44
0,-53.68,-53.68,29.28,24.4,-53.68,14.64,-107.36,53.68,-107.36,78.08,-63.44
-4.88,-63.44,-58.56,34.16,24.4,-63.44,14.64,-102.48,53.68,-107.36,78.08,-73.2
-4.88,-63.44,-58.56,34.16,24.4,-63.44,9.76,-102.48,53.68,-107.36,78.08,-73.2
0,-53.68,-53.68,29.28,24.4,-53.68,14.64,-92.72,63.44,-97.6,87.84,-73.2
9.76,-34.16,-43.92,14.64,24.4,-39.04,19.52,-92.72,63.44,-97.6,92.72,-73.2
24.4,-14.64,-39.04,-4.88,29.28,-29.28,24.4,-97.6,63.44,-97.6,92.72,-73.2
39.04,-9.76,-48.8,-14.64,43.92,-29.28,24.4,-97.6,63.44,-97.6,97.6,-73.2
29.28,0,-29.28,-14.64,29.28,-14.64,34.16,-87.84,68.32,-87.84,107.36,-82.96
43.92,14.64,-29.28,-29.28,34.16,-9.76,39.04,-82.96,73.2,-82.96,112.24,-78.08
53.68,24.4,-29.28,-39.04,39.04,-4.88,39.04,-78.08,78.08,-82.96,112.24,-73.2
58.56,29.28,-29.28,-43.92,43.92,0,43.92,-73.2,87.84,-82.96,107.36,-68.32
58.56,9.76,-48.8,-34.16,53.68,-19.52,53.68,-58.56,92.72,-78.08,117.12,-58.56
58.56,0,-58.56,-29.28,58.56,-29.28,53.68,-53.68,102.48,-63.44,122,-48.8
73.2,19.52,-53.68,-43.92,63.44,-19.52,53.68,-53.68,112.24,-58.56,126.88,-48.8
73.2,19.52,-53.68,-43.92,63.44,-19.52,53.68,-43.92,117.12,-53.68,126.88,-43.92
68.32,14.64,-53.68,-39.04,58.56,-19.52,43.92,-68.32,112.24,-58.56,126.88,-39.04
63.44,14.64,-48.8,-39.04,53.68,-19.52,43.92,-68.32,97.6,-68.32,126.88,-39.04
63.44,19.52,-43.92,-39.04,53.68,-14.64,43.92,-68.32,92.72,-73.2,131.76,-39.04
58.56,19.52,-39.04,-39.04,48.8,-9.76,43.92,-63.44,92.72,-78.08,131.76,-43.92
68.32,24.4,-43.92,-43.92,53.68,-9.76,48.8,-63.44,102.48,-73.2,136.64,-43.92
73.2,24.4,-48.8,-48.8,58.56,-14.64,63.44,-58.56,107.36,-63.44,136.64,-43.92
73.2,24.4,-48.8,-48.8,58.56,-14.64,68.32,-53.68,107.36,-58.56,136.64,-43.92
73.2,19.52,-53.68,-43.92,63.44,-19.52,73.2,-53.68,117.12,-48.8,141.52,-39.04
58.56,9.76,-48.8,-34.16,53.68,-19.52,73.2,-43.92,112.24,-53.68,146.4,-39.04
53.68,9.76,-43.92,-29.28,48.8,-19.52,68.32,-43.92,112.24,-48.8,151.28,-43.92
58.56,9.76,-48.8,-34.16,53.68,-19.52,53.68,-43.92,112.24,-53.68,156.16,-43.92
53.68,19.52,-34.16,-34.16,43.92,-9.76,48.8,-43.92,112.24,-58.56,156.16,-48.8
63.44,24.4,-39.04,-43.92,48.8,-9.76,39.04,-43.92,117.12,-58.56,146.4,-58.56
63.44,24.4,-39.04,-43.92,48.8,-9.76,39.04,-43.92,117.12,-58.56,136.64,-58.56
63.44,24.4,-39.04,-43.92,48.8,-9.76,39.04,-43.92,122,-58.56,136.64,-63.44
63.44,24.4,-39.04,-43.92,48.8,-9.76,39.04,-34.16,131.76,-48.8,136.64,-73.2
73.2,29.28,-43.92,-48.8,58.56,-9.76,53.68,-29.28,131.76,-48.8,141.52,-78.08
63.44,19.52,-43.92,-39.04,53.68,-14.64,53.68,-29.28,131.76,-48.8,141.52,-82.96
63.44,19.52,-43.92,-39.04,53.68,-14.64,53.68,-19.52,136.64,-48.8,146.4,-82.96
63.44,39.04,-24.4,-48.8,43.92,4.88,58.56,-19.52,141.52,-48.8,156.16,-82.96
68.32,29.28,-39.04,-48.8,53.68,-4.88,53.68,-29.28,131.76,-53.68,156.16,-97.6
63.44,24.4,-39.04,-43.92,48.8,-9.76,48.8,-24.4,131.76,-53.68,151.28,-107.36
58.56,19.52,-39.04,-39.04,48.8,-9.76,34.16,-19.52,136.64,-53.68,146.4,-107.36
58.56,19.52,-39.04,-39.04,48.8,-9.76,39.04,-9.76,141.52,-48.8,141.52,-97.6
73.2,34.16,-39.04,-53.68,53.68,-4.88,43.92,9.76,156.16,-39.04,146.4,-92.72
82.96,39.04,-43.92,-58.56,63.44,-4.88,48.8,19.52,165.92,-29.28,151.28,-87.84
107.36,48.8,-58.56,-78.08,82.96,-4.88,53.68,29.28,170.8,-24.4,161.04,-82.96
112.24,53.68,-58.56,-82.96,82.96,-4.88,58.56,34.16,175.68,-14.64,165.92,-73.2
78.08,43.92,-34.16,-58.56,53.68,4.88,48.8,29.28,170.8,-19.52,156.16,-73.2
68.32,34.16,-34.16,-48.8,48.8,0,53.68,34.16,170.8,-14.64,165.92,-68.32
78.08,24.4,-53.68,-48.8,63.44,-14.64,53.68,39.04,175.68,-14.64,165.92,-68.32
78.08,24.4,-53.68,-48.8,63.44,-14.64,53.68,39.04,175.68,-14.64,161.04,-63.44
97.6,48.8,-48.8,-73.2,73.2,0,58.56,43.92,180.56,-14.64,170.8,-68.32
102.48,53.68,-48.8,-78.08,73.2,0,58.56,48.8,190.32,-4.88,175.68,-63.44
102.48,68.32,-34.16,-82.96,68.32,14.64,63.44,53.68,195.2,0,180.56,-63.44
112.24,82.96,-29.28,-97.6,68.32,24.4,63.44,58.56,200.08,0,185.44,-58.56
112.24,78.08,-34.16,-92.72,73.2,19.52,68.32,73.2,209.84,9.76,190.32,-53.68
112.24,78.08,-34.16,-92.72,73.2,19.52,68.32,78.08,219.6,14.64,195.2,-48.8
112.24,82.96,-29.28,-97.6,68.32,24.4,73.2,87.84,224.48,19.52,209.84,-39.04
122,87.84,-34.16,-102.48,78.08,24.4,73.2,92.72,229.36,24.4,214.72,-29.28
107.36,92.72,-14.64,-97.6,58.56,39.04,58.56,107.36,219.6,39.04,214.72,-29.28
97.6,87.84,-9.76,-92.72,53.68,39.04,58.56,112.24,224.48,39.04,219.6,-29.28
92.72,87.84,-4.88,-87.84,48.8,39.04,58.56,122,234.24,48.8,229.36,-29.28
97.6,87.84,-9.76,-92.72,53.68,39.04,58.56,126.88,239.12,53.68,234.24,-19.52
107.36,87.84,-19.52,-97.6,63.44,34.16,48.8,126.88,244,48.8,239.12,-19.52
107.36,82.96,-24.4,-92.72,63.44,29.28,48.8,141.52,248.88,53.68,239.12,-19.52
107.36,78.08,-29.28,-92.72,68.32,24.4,48.8,146.4,263.52,68.32,258.64,-14.64
107.36,78.08,-29.28,-92.72,68.32,24.4,48.8,151.28,268.4,68.32,258.64,-4.88
126.88,97.6,-29.28,-112.24,78.08,34.16,48.8,170.8,287.92,82.96,278.16,4.88
141.52,117.12,-24.4,-126.88,82.96,43.92,53.68,175.68,292.8,97.6,292.8,9.76
141.52,131.76,-9.76,-136.64,73.2,58.56,58.56,190.32,302.56,107.36,292.8,14.64
136.64,136.64,0,-136.64,68.32,68.32,63.44,200.08,307.44,122,297.68,19.52
146.4,141.52,-4.88,-141.52,73.2,68.32,68.32,204.96,317.2,126.88,307.44,24.4
151.28,146.4,-4.88,-146.4,78.08,68.32,68.32,214.72,322.08,136.64,312.32,29.28
161.04,156.16,-4.88,-156.16,82.96,73.2,63.44,214.72,326.96,141.52,322.08,39.04
175.68,175.68,0,-175.68,87.84,87.84,63.44,224.48,336.72,151.28,326.96,43.92
190.32,190.32,0,-190.32,92.72,92.72,63.44,234.24,351.36,156.16,326.96,48.8
190.32,195.2,4.88,-190.32,92.72,97.6,53.68,239.12,361.12,161.04,336.72,48.8
190.32,200.08,9.76,-195.2,87.84,102.48,48.8,244,361.12,175.68,346.48,53.68
190.32,224.48,34.16,-204.96,78.08,126.88,48.8,248.88,370.88,180.56,361.12,53.68
190.32,214.72,24.4,-200.08,82.96,117.12,39.04,248.88,375.76,185.44,370.88,53.68
195.2,219.6,24.4,-204.96,82.96,122,39.04,258.64,380.64,190.32,370.88,58.56
190.32,219.6,29.28,-204.96,78.08,122,39.04,273.28,390.4,200.08,375.76,63.44
185.44,219.6,34.16,-200.08,73.2,126.88,39.04,273.28,390.4,204.96,385.52,73.2
185.44,209.84,24.4,-195.2,78.08,117.12,43.92,273.28,400.16,214.72,395.28,82.96
185.44,204.96,19.52,-195.2,82.96,112.24,48.8,278.16,405.04,219.6,409.92,92.72
214.72,229.36,14.64,-219.6,97.6,122,48.8,278.16,405.04,219.6,400.16,92.72
