I,II,III,aVR,aVL,aVF,V1,V2,V3,V4,V5,V6
-58.56,-87.84,-29.28,73.2,-14.64,-58.56,-24.4,-146.4,-122,-190.32,-175.68,-161.04
-39.04,-82.96,-43.92,63.44,0,-63.44,-29.28,-156.16,-131.76,-195.2,-185.44,-175.68
-82.96,-102.48,-19.52,92.72,-34.16,-63.44,-24.4,-151.28,-122,-185.44,-185.44,-165.92
-73.2,-107.36,-34.16,92.72,-19.52,-73.2,-24.4,-151.28,-126.88,-190.32,-190.32,-165.92
-24.4,-92.72,-68.32,58.56,19.52,-82.96,-39.04,-165.92,-131.76,-204.96,-200.08,-180.56
-53.68,-92.72,-39.04,73.2,-9.76,-68.32,-19.52,-141.52,-117.12,-190.32,-180.56,-170.8
-78.08,-102.48,-24.4,92.72,-29.28,-63.44,-14.64,-141.52,-117.12,-180.56,-175.68,-165.92
-63.44,-102.48,-39.04,82.96,-14.64,-73.2,-24.4,-146.4,-126.88,-200.08,-190.32,-180.56
-68.32,-92.72,-24.4,82.96,-24.4,-58.56,-9.76,-136.64,-117.12,-190.32,-180.56,-175.68
-63.44,-92.72,-29.28,78.08,-19.52,-63.44,-9.76,-131.76,-112.24,-185.44,-170.8,-175.68
-58.56,-97.6,-39.04,78.08,-9.76,-68.32,-14.64,-136.64,-117.12,-190.32,-180.56,-180.56
-53.68,-82.96,-29.28,68.32,-14.64,-58.56,-19.52,-141.52,-117.12,-190.32,-180.56,-185.44
-53.68,-87.84,-34.16,73.2,-9.76,-63.44,-19.52,-141.52,-126.88,-190.32,-190.32,-180.56
-48.8,-82.96,-34.16,68.32,-9.76,-58.56,-24.4,-151.28,-131.76,-195.2,-200.08,-180.56
-78.08,-82.96,-4.88,82.96,-39.04,-43.92,-14.64,-141.52,-117.12,-180.56,-185.44,-170.8
-82.96,-92.72,-9.76,87.84,-39.04,-53.68,-14.64,-146.4,-122,-190.32,-190.32,-170.8
-82.96,-87.84,-4.88,87.84,-39.04,-48.8,-9.76,-146.4,-122,-185.44,-185.44,-165.92
-73.2,-87.84,-14.64,82.96,-29.28,-53.68,-14.64,-141.52,-126.88,-190.32,-195.2,-175.68
-73.2,-97.6,-24.4,87.84,-24.4,-63.44,-24.4,-141.52,-126.88,-195.2,-195.2,-165.92
-73.2,-97.6,-24.4,87.84,-24.4,-63.44,-19.52,-131.76,-122,-190.32,-195.2,-161.04
-82.96,-97.6,-14.64,92.72,-34.16,-58.56,-19.52,-146.4,-131.76,-190.32,-195.2,-165.92
-63.44,-87.84,-24.4,78.08,-19.52,-58.56,-24.4,-151.28,-131.76,-200.08,-200.08,-170.8
-53.68,-82.96,-29.28,68.32,-14.64,-58.56,-24.4,-141.52,-131.76,-200.08,-200.08,-165.92
-68.32,-82.96,-14.64,78.08,-29.28,-48.8,-19.52,-146.4,-131.76,-200.08,-204.96,-170.8
-48.8,-78.08,-29.28,63.44,-9.76,-53.68,-29.28,-151.28,-131.76,-200.08,-219.6,-175.68
-39.04,-82.96,-43.92,63.44,0,-63.44,-24.4,-151.28,-126.88,-195.2,-219.6,-185.44
-73.2,-97.6,-24.4,87.84,-24.4,-63.44,-19.52,-136.64,-112.24,-180.56,-214.72,-180.56
-73.2,-92.72,-19.52,82.96,-29.28,-58.56,-14.64,-131.76,-97.6,-170.8,-219.6,-180.56
-68.32,-102.48,-34.16,87.84,-19.52,-68.32,-14.64,-131.76,-102.48,-175.68,-224.48,-190.32
-78.08,-107.36,-29.28,92.72,-24.4,-68.32,-14.64,-131.76,-112.24,-180.56,-224.48,-195.2
-73.2,-92.72,-19.52,82.96,-29.28,-58.56,-9.76,-131.76,-107.36,-175.68,-219.6,-185.44
-48.8,-87.84,-39.04,68.32,-4.88,-63.44,-19.52,-141.52,-112.24,-180.56,-224.48,-190.32
-34.16,-97.6,-63.44,68.32,14.64,-82.96,-24.4,-141.52,-122,-185.44,-229.36,-190.32
-48.8,-107.36,-58.56,78.08,4.88,-82.96,-14.64,-136.64,-117.12,-175.68,-219.6,-180.56
-73.2,-102.48,-29.28,87.84,-24.4,-68.32,-4.88,-131.76,-117.12,-170.8,-214.72,-175.68
-73.2,-102.48,-29.28,87.84,-24.4,-68.32,-4.88,-122,-107.36,-170.8,-214.72,-161.04
-73.2,-107.36,-34.16,92.72,-19.52,-73.2,-9.76,-122,-112.24,-175.68,-224.48,-170.8
-68.32,-107.36,-39.04,87.84,-14.64,-73.2,-14.64,-126.88,-112.24,-180.56,-234.24,-180.56
-73.2,-107.36,-34.16,92.72,-19.52,-73.2,-14.64,-131.76,-112.24,-180.56,-239.12,-185.44
-82.96,-117.12,-34.16,102.48,-24.4,-78.08,-14.64,-126.88,-117.12,-185.44,-239.12,-175.68
-68.32,-102.48,-34.16,87.84,-19.52,-68.32,-14.64,-131.76,-117.12,-185.44,-229.36,-175.68
-48.8,-92.72,-43.92,73.2,-4.88,-68.32,-19.52,-131.76,-112.24,-185.44,-234.24,-175.68
-58.56,-107.36,-48.8,82.96,-4.88,-78.08,-19.52,-141.52,-126.88,-190.32,-239.12,-175.68
-39.04,-92.72,-53.68,68.32,4.88,-73.2,-24.4,-141.52,-126.88,-195.2,-244,-170.8
-48.8,-78.08,-29.28,63.44,-9.76,-53.68,-14.64,-141.52,-126.88,-190.32,-244,-165.92
-87.84,-87.84,0,87.84,-43.92,-43.92,4.88,-122,-112.24,-170.8,-224.48,-151.28
-78.08,-92.72,-14.64,87.84,-34.16,-53.68,0,-117.12,-107.36,-165.92,-229.36,-156.16
-53.68,-87.84,-34.16,73.2,-9.76,-63.44,-19.52,-136.64,-122,-180.56,-239.12,-165.92
-43.92,-82.96,-39.04,63.44,-4.88,-63.44,-19.52,-136.64,-117.12,-185.44,-244,-161.04
-58.56,-92.72,-34.16,78.08,-14.64,-63.44,-14.64,-126.88,-107.36,-185.44,-234.24,-161.04
-73.2,-87.84,-14.64,82.96,-29.28,-53.68,-19.52,-131.76,-112.24,-180.56,-234.24,-161.04
-63.44,-82.96,-19.52,73.2,-24.4,-53.68,-19.52,-136.64,-112.24,-185.44,-244,-161.04
-48.8,-87.84,-39.04,68.32,-4.88,-63.44,-24.4,-141.52,-126.88,-190.32,-244,-165.92
-39.04,-97.6,-58.56,68.32,9.76,-78.08,-34.16,-151.28,-136.64,-204.96,-253.76,-175.68
-58.56,-87.84,-29.28,73.2,-14.64,-58.56,-29.28,-136.64,-131.76,-190.32,-253.76,-170.8
-63.44,-82.96,-19.52,73.2,-24.4,-53.68,-4.88,-122,-117.12,-175.68,-239.12,-161.04
-34.16,-78.08,-43.92,58.56,4.88,-63.44,-19.52,-131.76,-131.76,-180.56,-239.12,-170.8
-29.28,-78.08,-48.8,53.68,9.76,-63.44,-19.52,-136.64,-131.76,-180.56,-248.88,-165.92
-48.8,-87.84,-39.04,68.32,-4.88,-63.44,-9.76,-122,-117.12,-175.68,-239.12,-151.28
-48.8,-87.84,-39.04,68.32,-4.88,-63.44,-9.76,-126.88,-122,-175.68,-234.24,-151.28
-68.32,-92.72,-24.4,82.96,-24.4,-58.56,-4.88,-117.12,-107.36,-165.92,-224.48,-141.52
-43.92,-87.84,-43.92,68.32,0,-68.32,-19.52,-131.76,-117.12,-185.44,-244,-156.16
-43.92,-87.84,-43.92,68.32,0,-68.32,-9.76,-131.76,-112.24,-180.56,-244,-156.16
-97.6,-78.08,19.52,87.84,-58.56,-29.28,0,-122,-102.48,-170.8,-224.48,-136.64
-107.36,-68.32,39.04,87.84,-73.2,-14.64,4.88,-117.12,-97.6,-165.92,-214.72,-136.64
-73.2,-73.2,0,73.2,-39.04,-39.04,-14.64,-131.76,-122,-180.56,-229.36,-141.52
-43.92,-78.08,-34.16,63.44,-4.88,-58.56,-19.52,-136.64,-126.88,-190.32,-234.24,-146.4
-14.64,-48.8,-34.16,34.16,9.76,-43.92,-9.76,-126.88,-112.24,-180.56,-224.48,-136.64
-63.44,-43.92,19.52,53.68,-43.92,-14.64,19.52,-102.48,-87.84,-156.16,-209.84,-112.24
-68.32,-43.92,24.4,58.56,-48.8,-9.76,24.4,-97.6,-87.84,-151.28,-200.08,-107.36
-34.16,-19.52,14.64,29.28,-24.4,-4.88,19.52,-107.36,-87.84,-151.28,-204.96,-112.24
0,-19.52,-19.52,9.76,9.76,-19.52,14.64,-107.36,-92.72,-161.04,-209.84,-122
-24.4,-14.64,9.76,19.52,-19.52,-4.88,24.4,-97.6,-82.96,-146.4,-200.08,-117.12
-53.68,-9.76,43.92,34.16,-48.8,14.64,34.16,-92.72,-78.08,-141.52,-190.32,-102.48
-29.28,-9.76,19.52,19.52,-24.4,4.88,39.04,-102.48,-87.84,-151.28,-190.32,-107.36
-14.64,-4.88,9.76,9.76,-14.64,0,43.92,-92.72,-82.96,-146.4,-195.2,-102.48
-34.16,-14.64,19.52,24.4,-29.28,0,48.8,-87.84,-73.2,-141.52,-185.44,-97.6
-48.8,-14.64,34.16,34.16,-43.92,9.76,53.68,-78.08,-73.2,-141.52,-175.68,-92.72
-24.4,-9.76,14.64,19.52,-19.52,0,48.8,-82.96,-78.08,-146.4,-180.56,-97.6
-19.52,-29.28,-9.76,24.4,-4.88,-19.52,43.92,-82.96,-82.96,-151.28,-185.44,-97.6
-19.52,-19.52,0,19.52,-9.76,-9.76,39.04,-92.72,-82.96,-146.4,-190.32,-107.36
-29.28,-19.52,9.76,24.4,-19.52,-4.88,39.04,-92.72,-82.96,-146.4,-190.32,-102.48
-34.16,-24.4,9.76,29.28,-24.4,-9.76,43.92,-82.96,-78.08,-146.4,-180.56,-97.6
-19.52,-14.64,4.88,19.52,-14.64,-4.88,39.04,-87.84,-78.08,-141.52,-175.68,-92.72
-24.4,-14.64,9.76,19.52,-19.52,-4.88,34.16,-92.72,-82.96,-146.4,-175.68,-97.6
-14.64,0,14.64,9.76,-14.64,4.88,43.92,-78.08,-78.08,-141.52,-175.68,-87.84
-4.88,-9.76,-4.88,9.76,0,-9.76,34.16,-82.96,-78.08,-146.4,-175.68,-92.72
-14.64,-24.4,-9.76,19.52,-4.88,-19.52,14.64,-102.48,-97.6,-161.04,-185.44,-102.48
-29.28,-29.28,0,29.28,-14.64,-14.64,19.52,-97.6,-92.72,-151.28,-175.68,-97.6
-29.28,-24.4,4.88,29.28,-19.52,-9.76,9.76,-97.6,-92.72,-146.4,-165.92,-92.72
-14.64,-9.76,4.88,14.64,-9.76,-4.88,-14.64,-102.48,-87.84,-141.52,-170.8,-87.84
-4.88,-4.88,0,4.88,-4.88,-4.88,-19.52,-97.6,-87.84,-136.64,-161.04,-78.08
0,-19.52,-19.52,9.76,9.76,-19.52,-19.52,-97.6,-87.84,-136.64,-156.16,-73.2
29.28,-9.76,-39.04,-9.76,34.16,-24.4,-19.52,-87.84,-78.08,-131.76,-161.04,-73.2
58.56,14.64,-43.92,-34.16,48.8,-14.64,-19.52,-87.84,-73.2,-126.88,-151.28,-73.2
43.92,14.64,-29.28,-29.28,34.16,-9.76,-19.52,-87.84,-73.2,-131.76,-156.16,-68.32
19.52,4.88,-14.64,-9.76,14.64,-4.88,-19.52,-82.96,-68.32,-126.88,-151.28,-68.32
-4.88,4.88,9.76,0,-9.76,4.88,-19.52,-78.08,-68.32,-117.12,-141.52,-53.68
-53.68,0,53.68,29.28,-53.68,24.4,-9.76,-68.32,-63.44,-112.24,-131.76,-39.04
-39.04,-4.88,34.16,24.4,-39.04,14.64,-19.52,-73.2,-63.44,-107.36,-126.88,-43.92
-14.64,-9.76,4.88,14.64,-9.76,-4.88,-39.04,-87.84,-82.96,-126.88,-141.52,-58.56
-4.88,-9.76,-4.88,9.76,0,-9.76,-43.92,-92.72,-82.96,-126.88,-146.4,-63.44
-9.76,-34.16,-24.4,24.4,4.88,-29.28,-43.92,-107.36,-92.72,-141.52,-156.16,-78.08
-9.76,-48.8,-39.04,29.28,14.64,-43.92,-43.92,-112.24,-107.36,-151.28,-165.92,-87.84
-29.28,-34.16,-4.88,34.16,-14.64,-19.52,-39.04,-112.24,-102.48,-151.28,-165.92,-78.08
-29.28,-29.28,0,29.28,-14.64,-14.64,-34.16,-112.24,-107.36,-146.4,-165.92,-73.2
-34.16,-43.92,-9.76,39.04,-14.64,-29.28,-43.92,-126.88,-122,-165.92,-175.68,-78.08
-48.8,-48.8,0,48.8,-24.4,-24.4,-43.92,-126.88,-126.88,-170.8,-185.44,-78.08
-39.04,-53.68,-14.64,48.8,-14.64,-34.16,-39.04,-126.88,-131.76,-170.8,-185.44,-87.84
-29.28,-48.8,-19.52,39.04,-4.88,-34.16,-34.16,-122,-126.88,-170.8,-180.56,-87.84
-58.56,-53.68,4.88,58.56,-34.16,-24.4,-29.28,-117.12,-122,-165.92,-180.56,-87.84
-63.44,-63.44,0,63.44,-34.16,-34.16,-48.8,-141.52,-146.4,-185.44,-195.2,-102.48
-87.84,-78.08,9.76,82.96,-48.8,-34.16,-43.92,-151.28,-151.28,-190.32,-195.2,-92.72
-68.32,-68.32,0,68.32,-34.16,-34.16,-48.8,-156.16,-156.16,-195.2,-200.08,-97.6
-39.04,-43.92,-4.88,43.92,-19.52,-24.4,-48.8,-161.04,-161.04,-200.08,-204.96,-102.48
-24.4,-39.04,-14.64,34.16,-4.88,-29.28,-53.68,-170.8,-165.92,-204.96,-204.96,-97.6
-58.56,-63.44,-4.88,63.44,-29.28,-34.16,-48.8,-165.92,-161.04,-204.96,-204.96,-102.48
-58.56,-63.44,-4.88,63.44,-29.28,-34.16,-58.56,-170.8,-165.92,-214.72,-219.6,-112.24
-68.32,-78.08,-9.76,73.2,-29.28,-43.92,-53.68,-165.92,-165.92,-209.84,-214.72,-112.24
-73.2,-82.96,-9.76,78.08,-34.16,-48.8,-53.68,-165.92,-165.92,-219.6,-214.72,-107.36
-78.08,-92.72,-14.64,87.84,-34.16,-53.68,-43.92,-161.04,-165.92,-209.84,-214.72,-102.48
-73.2,-87.84,-14.64,82.96,-29.28,-53.68,-53.68,-175.68,-175.68,-219.6,-219.6,-112.24
-73.2,-87.84,-14.64,82.96,-29.28,-53.68,-43.92,-161.04,-165.92,-209.84,-209.84,-97.6
-58.56,-78.08,-19.52,68.32,-19.52,-48.8,-53.68,-170.8,-180.56,-214.72,-209.84,-97.6
-68.32,-82.96,-14.64,78.08,-29.28,-48.8,-48.8,-170.8,-180.56,-219.6,-204.96,-97.6
-97.6,-78.08,19.52,87.84,-58.56,-29.28,-39.04,-156.16,-161.04,-195.2,-185.44,-73.2
-87.84,-82.96,4.88,87.84,-48.8,-39.04,-43.92,-156.16,-165.92,-195.2,-185.44,-73.2
-82.96,-73.2,9.76,78.08,-48.8,-34.16,-43.92,-165.92,-165.92,-209.84,-190.32,-78.08
-43.92,-68.32,-24.4,58.56,-9.76,-48.8,-53.68,-170.8,-165.92,-204.96,-195.2,-82.96
-63.44,-73.2,-9.76,68.32,-29.28,-43.92,-48.8,-161.04,-161.04,-200.08,-195.2,-87.84
-73.2,-78.08,-4.88,78.08,-34.16,-43.92,-34.16,-156.16,-156.16,-200.08,-190.32,-92.72
-43.92,-68.32,-24.4,58.56,-9.76,-48.8,-43.92,-161.04,-161.04,-204.96,-200.08,-92.72
-58.56,-73.2,-14.64,68.32,-24.4,-43.92,-43.92,-165.92,-165.92,-204.96,-195.2,-97.6
-58.56,-63.44,-4.88,63.44,-29.28,-34.16,-43.92,-165.92,-170.8,-209.84,-195.2,-92.72
-78.08,-73.2,4.88,78.08,-43.92,-34.16,-39.04,-165.92,-170.8,-200.08,-190.32,-87.84
-73.2,-78.08,-4.88,78.08,-34.16,-43.92,-34.16,-161.04,-165.92,-200.08,-190.32,-78.08
-73.2,-82.96,-9.76,78.08,-34.16,-48.8,-29.28,-156.16,-156.16,-195.2,-180.56,-78.08
-73.2,-82.96,-9.76,78.08,-34.16,-48.8,-29.28,-156.16,-156.16,-200.08,-180.56,-73.2
-48.8,-78.08,-29.28,63.44,-9.76,-53.68,-29.28,-156.16,-165.92,-200.08,-175.68,-73.2
-53.68,-73.2,-19.52,63.44,-19.52,-48.8,-19.52,-146.4,-151.28,-190.32,-165.92,-63.44
-92.72,-73.2,19.52,82.96,-58.56,-29.28,-14.64,-136.64,-141.52,-185.44,-156.16,-58.56
-73.2,-73.2,0,73.2,-39.04,-39.04,-19.52,-141.52,-151.28,-190.32,-161.04,-63.44
-107.36,-78.08,29.28,92.72,-68.32,-24.4,-14.64,-136.64,-146.4,-180.56,-151.28,-53.68
-78.08,-78.08,0,78.08,-39.04,-39.04,-29.28,-156.16,-165.92,-195.2,-156.16,-58.56
-39.04,-68.32,-29.28,53.68,-4.88,-48.8,-39.04,-165.92,-170.8,-200.08,-161.04,-68.32
-53.68,-78.08,-24.4,68.32,-14.64,-53.68,-34.16,-170.8,-175.68,-204.96,-156.16,-58.56
-39.04,-78.08,-39.04,58.56,0,-58.56,-48.8,-170.8,-185.44,-214.72,-151.28,-63.44
-68.32,-58.56,9.76,63.44,-39.04,-24.4,-29.28,-151.28,-161.04,-195.2,-131.76,-39.04
-102.48,-63.44,39.04,82.96,-73.2,-14.64,-14.64,-141.52,-151.28,-180.56,-117.12,-34.16
-117.12,-63.44,53.68,92.72,-87.84,-4.88,0,-136.64,-146.4,-180.56,-102.48,-14.64
-117.12,-53.68,63.44,87.84,-92.72,4.88,4.88,-146.4,-141.52,-185.44,-97.6,-9.76
-107.36,-24.4,82.96,68.32,-97.6,29.28,4.88,-165.92,-156.16,-195.2,-97.6,4.88
-112.24,-14.64,97.6,63.44,-107.36,39.04,19.52,-161.04,-146.4,-180.56,-63.44,34.16
-126.88,-4.88,122,68.32,-126.88,58.56,34.16,-165.92,-151.28,-200.08,-68.32,39.04
-112.24,0,112.24,58.56,-112.24,53.68,78.08,-131.76,-136.64,-200.08,-73.2,34.16
-122,-9.76,112.24,68.32,-117.12,48.8,131.76,-58.56,-87.84,-180.56,-53.68,43.92
-161.04,-43.92,117.12,102.48,-141.52,34.16,175.68,19.52,-24.4,-126.88,-24.4,48.8
-136.64,-48.8,87.84,92.72,-112.24,19.52,175.68,73.2,29.28,-58.56,14.64,68.32
-97.6,-34.16,63.44,68.32,-82.96,14.64,165.92,126.88,92.72,29.28,82.96,107.36
-24.4,-24.4,0,24.4,-14.64,-14.64,165.92,239.12,200.08,165.92,185.44,161.04
39.04,-9.76,-48.8,-14.64,43.92,-29.28,180.56,390.4,361.12,356.24,302.56,209.84
112.24,24.4,-87.84,-68.32,97.6,-34.16,190.32,541.68,522.16,556.32,419.68,263.52
224.48,58.56,-165.92,-141.52,195.2,-53.68,170.8,688.08,697.84,795.44,551.44,326.96
341.6,97.6,-244,-219.6,292.8,-73.2,102.48,785.68,863.76,1034.56,688.08,409.92
444.08,126.88,-317.2,-283.04,380.64,-97.6,4.88,839.36,951.6,1234.64,810.08,473.36
551.44,161.04,-390.4,-356.24,468.48,-117.12,-112.24,844.24,1015.04,1420.08,912.56,527.04
614.88,190.32,-424.56,-400.16,517.28,-117.12,-180.56,868.64,1117.52,1615.28,1015.04,585.6
678.32,253.76,-424.56,-463.6,551.44,-87.84,-283.04,790.56,1112.64,1766.56,1102.88,634.4
697.84,297.68,-400.16,-497.76,546.56,-53.68,-356.24,707.6,1112.64,1898.32,1171.2,673.44
668.56,273.28,-395.28,-468.48,531.92,-63.44,-375.76,634.4,1112.64,1981.28,1176.08,639.28
629.52,204.96,-424.56,-414.8,527.04,-112.24,-385.52,541.68,1073.6,1966.64,1093.12,546.56
551.44,117.12,-434.32,-331.84,492.88,-161.04,-361.12,434.32,961.36,1830,927.2,414.8
419.68,24.4,-395.28,-219.6,405.04,-185.44,-336.72,278.16,761.28,1522.56,688.08,278.16
302.56,-19.52,-322.08,-141.52,312.32,-170.8,-322.08,78.08,507.52,1112.64,434.32,156.16
175.68,-29.28,-204.96,-73.2,190.32,-117.12,-273.28,-78.08,302.56,756.4,263.52,92.72
63.44,-68.32,-131.76,4.88,97.6,-102.48,-273.28,-185.44,136.64,497.76,136.64,24.4
-29.28,-92.72,-63.44,63.44,14.64,-78.08,-263.52,-307.44,-39.04,234.24,39.04,-9.76
-107.36,-82.96,24.4,97.6,-68.32,-29.28,-253.76,-424.56,-219.6,4.88,-9.76,-14.64
-131.76,-58.56,73.2,97.6,-102.48,4.88,-229.36,-488,-336.72,-141.52,-34.16,0
-136.64,-48.8,87.84,92.72,-112.24,19.52,-195.2,-483.12,-375.76,-200.08,-39.04,4.88
-141.52,-48.8,92.72,97.6,-117.12,19.52,-165.92,-453.84,-370.88,-219.6,-39.04,-4.88
-112.24,-43.92,68.32,78.08,-92.72,9.76,-151.28,-390.4,-331.84,-200.08,-34.16,-4.88
-92.72,-58.56,34.16,78.08,-63.44,-14.64,-136.64,-326.96,-278.16,-165.92,-19.52,0
-87.84,-78.08,9.76,82.96,-48.8,-34.16,-126.88,-278.16,-234.24,-136.64,-9.76,9.76
-82.96,-63.44,19.52,73.2,-53.68,-24.4,-97.6,-219.6,-180.56,-102.48,19.52,24.4
-68.32,-63.44,4.88,68.32,-39.04,-29.28,-92.72,-180.56,-151.28,-82.96,29.28,29.28
-48.8,-58.56,-9.76,53.68,-19.52,-34.16,-73.2,-146.4,-117.12,-63.44,43.92,43.92
-34.16,-43.92,-9.76,39.04,-14.64,-29.28,-48.8,-107.36,-102.48,-53.68,58.56,48.8
-39.04,-34.16,4.88,39.04,-24.4,-14.64,-34.16,-82.96,-82.96,-53.68,63.44,48.8
-58.56,-39.04,19.52,48.8,-39.04,-9.76,-14.64,-58.56,-63.44,-39.04,82.96,63.44
-53.68,-34.16,19.52,43.92,-39.04,-9.76,-9.76,-48.8,-68.32,-48.8,78.08,53.68
-58.56,-24.4,34.16,43.92,-48.8,4.88,0,-39.04,-63.44,-43.92,87.84,68.32
-58.56,-24.4,34.16,43.92,-48.8,4.88,4.88,-39.04,-58.56,-39.04,87.84,63.44
-39.04,-29.28,9.76,34.16,-24.4,-9.76,4.88,-48.8,-63.44,-43.92,78.08,53.68
-29.28,-24.4,4.88,29.28,-19.52,-9.76,4.88,-58.56,-68.32,-48.8,82.96,48.8
-43.92,-34.16,9.76,39.04,-29.28,-14.64,9.76,-53.68,-63.44,-48.8,87.84,53.68
-53.68,-48.8,4.88,53.68,-29.28,-24.4,9.76,-73.2,-73.2,-58.56,87.84,58.56
-73.2,-48.8,24.4,63.44,-48.8,-14.64,24.4,-58.56,-63.44,-63.44,102.48,68.32
-68.32,-48.8,19.52,58.56,-43.92,-14.64,19.52,-58.56,-73.2,-68.32,97.6,78.08
-48.8,-53.68,-4.88,53.68,-24.4,-29.28,9.76,-58.56,-78.08,-73.2,92.72,73.2
-34.16,-43.92,-9.76,39.04,-14.64,-29.28,4.88,-63.44,-82.96,-78.08,92.72,68.32
-48.8,-43.92,4.88,48.8,-29.28,-19.52,0,-58.56,-82.96,-78.08,102.48,68.32
-68.32,-43.92,24.4,58.56,-48.8,-9.76,4.88,-53.68,-73.2,-68.32,107.36,78.08
-92.72,-48.8,43.92,73.2,-68.32,-4.88,9.76,-53.68,-73.2,-63.44,112.24,78.08
-68.32,-34.16,34.16,53.68,-53.68,0,4.88,-63.44,-78.08,-68.32,107.36,78.08
9.76,-24.4,-34.16,9.76,19.52,-29.28,0,-68.32,-82.96,-78.08,97.6,68.32
-14.64,-39.04,-24.4,29.28,4.88,-34.16,4.88,-78.08,-87.84,-78.08,102.48,68.32
-73.2,-53.68,19.52,63.44,-48.8,-19.52,14.64,-63.44,-87.84,-73.2,117.12,78.08
-73.2,-43.92,29.28,58.56,-53.68,-9.76,14.64,-58.56,-87.84,-73.2,122,82.96
-29.28,-39.04,-9.76,34.16,-9.76,-24.4,9.76,-58.56,-82.96,-78.08,122,78.08
-14.64,-34.16,-19.52,24.4,0,-29.28,4.88,-58.56,-82.96,-78.08,122,78.08
-43.92,-34.16,9.76,39.04,-29.28,-14.64,0,-43.92,-68.32,-68.32,136.64,87.84
-87.84,-39.04,48.8,63.44,-68.32,4.88,14.64,-34.16,-53.68,-48.8,146.4,97.6
-87.84,-39.04,48.8,63.44,-68.32,4.88,24.4,-34.16,-53.68,-43.92,146.4,92.72
-48.8,-48.8,0,48.8,-24.4,-24.4,4.88,-58.56,-73.2,-63.44,126.88,78.08
-24.4,-53.68,-29.28,39.04,0,-43.92,-4.88,-68.32,-87.84,-73.2,117.12,63.44
-34.16,-48.8,-14.64,43.92,-9.76,-34.16,9.76,-63.44,-78.08,-68.32,122,82.96
-58.56,-48.8,9.76,53.68,-34.16,-19.52,14.64,-58.56,-78.08,-68.32,131.76,78.08
-68.32,-48.8,19.52,58.56,-43.92,-14.64,24.4,-43.92,-63.44,-58.56,146.4,97.6
-73.2,-58.56,14.64,68.32,-43.92,-24.4,19.52,-34.16,-63.44,-53.68,146.4,92.72
-63.44,-53.68,9.76,58.56,-39.04,-24.4,19.52,-39.04,-68.32,-53.68,146.4,87.84
-43.92,-39.04,4.88,43.92,-24.4,-19.52,9.76,-39.04,-68.32,-53.68,146.4,82.96
-53.68,-48.8,4.88,53.68,-29.28,-24.4,4.88,-39.04,-68.32,-48.8,151.28,97.6
-53.68,-43.92,9.76,48.8,-34.16,-19.52,9.76,-34.16,-68.32,-43.92,156.16,92.72
-43.92,-39.04,4.88,43.92,-24.4,-19.52,4.88,-48.8,-68.32,-48.8,151.28,92.72
-53.68,-48.8,4.88,53.68,-29.28,-24.4,-4.88,-53.68,-78.08,-53.68,146.4,82.96
-58.56,-53.68,4.88,58.56,-34.16,-24.4,4.88,-53.68,-78.08,-53.68,151.28,87.84
-58.56,-39.04,19.52,48.8,-39.04,-9.76,9.76,-48.8,-78.08,-53.68,156.16,87.84
-63.44,-34.16,29.28,48.8,-48.8,-4.88,19.52,-29.28,-63.44,-43.92,165.92,102.48
-53.68,-34.16,19.52,43.92,-39.04,-9.76,14.64,-29.28,-58.56,-39.04,165.92,102.48
-34.16,-39.04,-4.88,39.04,-14.64,-24.4,4.88,-39.04,-73.2,-53.68,156.16,87.84
-24.4,-34.16,-9.76,29.28,-9.76,-24.4,-4.88,-34.16,-68.32,-53.68,161.04,92.72
-39.04,-39.04,0,39.04,-19.52,-19.52,4.88,-34.16,-58.56,-43.92,165.92,107.36
-43.92,-39.04,4.88,43.92,-24.4,-19.52,9.76,-29.28,-58.56,-29.28,180.56,107.36
-19.52,-24.4,-4.88,24.4,-9.76,-14.64,0,-39.04,-63.44,-34.16,180.56,112.24
-24.4,-34.16,-9.76,29.28,-9.76,-24.4,0,-43.92,-68.32,-39.04,175.68,107.36
-53.68,-48.8,4.88,53.68,-29.28,-24.4,9.76,-39.04,-63.44,-43.92,180.56,117.12
-48.8,-53.68,-4.88,53.68,-24.4,-29.28,14.64,-34.16,-63.44,-43.92,180.56,117.12
-73.2,-53.68,19.52,63.44,-48.8,-19.52,9.76,-29.28,-63.44,-48.8,175.68,117.12
-68.32,-53.68,14.64,63.44,-43.92,-19.52,19.52,-19.52,-53.68,-39.04,185.44,126.88
-34.16,-39.04,-4.88,39.04,-14.64,-24.4,14.64,-19.52,-53.68,-39.04,190.32,122
4.88,-24.4,-29.28,9.76,14.64,-29.28,-4.88,-24.4,-68.32,-48.8,170.8,112.24
-24.4,-29.28,-4.88,29.28,-9.76,-19.52,4.88,-19.52,-48.8,-34.16,180.56,112.24
-53.68,-29.28,24.4,43.92,-39.04,-4.88,19.52,-9.76,-39.04,-14.64,195.2,122
-39.04,-19.52,19.52,29.28,-29.28,0,19.52,-9.76,-43.92,-14.64,195.2,122
-48.8,-29.28,19.52,39.04,-34.16,-4.88,14.64,-9.76,-39.04,-14.64,195.2,126.88
-97.6,-53.68,43.92,78.08,-73.2,-4.88,24.4,-4.88,-43.92,-19.52,195.2,136.64
-97.6,-58.56,39.04,78.08,-68.32,-9.76,19.52,-9.76,-43.92,-19.52,204.96,126.88
-58.56,-53.68,4.88,58.56,-34.16,-24.4,9.76,-14.64,-48.8,-24.4,195.2,122
-29.28,-34.16,-4.88,34.16,-14.64,-19.52,9.76,0,-43.92,-24.4,200.08,122
-14.64,-19.52,-4.88,19.52,-4.88,-14.64,9.76,4.88,-39.04,-19.52,204.96,126.88
-24.4,-14.64,9.76,19.52,-19.52,-4.88,0,0,-34.16,-14.64,200.08,117.12
-43.92,-19.52,24.4,34.16,-34.16,0,9.76,14.64,-19.52,0,214.72,131.76
-48.8,-9.76,39.04,29.28,-43.92,14.64,14.64,29.28,-9.76,14.64,219.6,136.64
-43.92,-14.64,29.28,29.28,-39.04,4.88,14.64,19.52,-9.76,19.52,219.6,131.76
-29.28,-14.64,14.64,24.4,-24.4,0,14.64,9.76,-14.64,14.64,219.6,126.88
-43.92,-29.28,14.64,39.04,-29.28,-9.76,14.64,14.64,-19.52,9.76,219.6,122
-43.92,-29.28,14.64,39.04,-29.28,-9.76,9.76,9.76,-24.4,0,209.84,117.12
-34.16,-29.28,4.88,34.16,-19.52,-14.64,9.76,19.52,-19.52,4.88,214.72,112.24
-29.28,-34.16,-4.88,34.16,-14.64,-19.52,0,19.52,-19.52,4.88,214.72,107.36
-24.4,-29.28,-4.88,29.28,-9.76,-19.52,0,19.52,-19.52,4.88,209.84,107.36
-43.92,-14.64,29.28,29.28,-39.04,4.88,14.64,39.04,4.88,29.28,224.48,112.24
-43.92,-14.64,29.28,29.28,-39.04,4.88,19.52,43.92,14.64,39.04,229.36,122
-4.88,0,4.88,4.88,-4.88,0,9.76,39.04,9.76,39.04,224.48,117.12
0,-9.76,-9.76,4.88,4.88,-9.76,9.76,34.16,4.88,48.8,229.36,122
-4.88,-14.64,-9.76,9.76,0,-14.64,4.88,34.16,0,39.04,229.36,112.24
-4.88,-14.64,-9.76,9.76,0,-14.64,9.76,39.04,4.88,39.04,224.48,117.12
-14.64,-4.88,9.76,9.76,-14.64,0,9.76,48.8,9.76,43.92,224.48,117.12
-34.16,-4.88,29.28,19.52,-34.16,9.76,14.64,58.56,19.52,43.92,229.36,112.24
-29.28,-9.76,19.52,19.52,-24.4,4.88,14.64,68.32,29.28,53.68,229.36,112.24
-24.4,-9.76,14.64,19.52,-19.52,0,19.52,73.2,39.04,58.56,234.24,107.36
-19.52,9.76,29.28,4.88,-24.4,19.52,19.52,82.96,48.8,73.2,239.12,107.36
-14.64,0,14.64,9.76,-14.64,4.88,19.52,92.72,63.44,87.84,248.88,112.24
14.64,0,-14.64,-4.88,14.64,-9.76,4.88,82.96,58.56,82.96,234.24,97.6
19.52,0,-19.52,-9.76,19.52,-9.76,4.88,78.08,53.68,82.96,229.36,97.6
-24.4,-4.88,19.52,14.64,-24.4,4.88,19.52,102.48,73.2,107.36,248.88,112.24
-19.52,-14.64,4.88,19.52,-14.64,-4.88,14.64,92.72,63.44,102.48,244,102.48
0,-4.88,-4.88,4.88,0,-4.88,14.64,97.6,68.32,102.48,239.12,97.6
29.28,19.52,-9.76,-24.4,19.52,4.88,19.52,112.24,78.08,112.24,248.88,102.48
48.8,29.28,-19.52,-39.04,34.16,4.88,14.64,126.88,87.84,122,244,102.48
34.16,24.4,-9.76,-29.28,19.52,4.88,14.64,131.76,87.84,126.88,248.88,97.6
24.4,19.52,-4.88,-19.52,14.64,4.88,9.76,136.64,97.6,136.64,253.76,97.6
24.4,29.28,4.88,-24.4,9.76,14.64,14.64,146.4,117.12,151.28,263.52,102.48
53.68,34.16,-19.52,-43.92,34.16,4.88,0,141.52,112.24,151.28,258.64,92.72
58.56,34.16,-24.4,-43.92,39.04,4.88,0,146.4,107.36,156.16,258.64,97.6
34.16,29.28,-4.88,-29.28,19.52,9.76,14.64,165.92,126.88,175.68,268.4,107.36
-9.76,24.4,34.16,-4.88,-24.4,29.28,19.52,185.44,141.52,195.2,287.92,126.88
-4.88,29.28,34.16,-9.76,-19.52,29.28,19.52,190.32,151.28,190.32,278.16,117.12
14.64,39.04,24.4,-24.4,-4.88,29.28,24.4,204.96,161.04,209.84,287.92,117.12
24.4,58.56,34.16,-39.04,-4.88,43.92,24.4,219.6,180.56,224.48,292.8,122
39.04,53.68,14.64,-43.92,9.76,34.16,14.64,224.48,185.44,224.48,297.68,117.12
53.68,48.8,-4.88,-48.8,29.28,19.52,9.76,229.36,190.32,234.24,297.68,122
58.56,63.44,4.88,-58.56,24.4,34.16,4.88,239.12,200.08,253.76,307.44,122
73.2,68.32,-4.88,-68.32,39.04,29.28,4.88,244,204.96,263.52,307.44,126.88
97.6,78.08,-19.52,-87.84,58.56,29.28,-4.88,248.88,204.96,268.4,302.56,122
107.36,87.84,-19.52,-97.6,63.44,34.16,0,258.64,214.72,278.16,302.56,122
102.48,82.96,-19.52,-92.72,58.56,29.28,4.88,278.16,224.48,292.8,317.2,131.76
92.72,87.84,-4.88,-87.84,48.8,39.04,14.64,302.56,244,317.2,331.84,141.52
82.96,92.72,9.76,-87.84,34.16,48.8,24.4,326.96,268.4,336.72,351.36,151.28
92.72,92.72,0,-92.72,43.92,43.92,14.64,331.84,278.16,346.48,351.36,146.4
107.36,107.36,0,-107.36,53.68,53.68,9.76,346.48,292.8,356.24,356.24,151.28
131.76,122,-9.76,-126.88,68.32,53.68,4.88,361.12,317.2,380.64,361.12,161.04
122,112.24,-9.76,-117.12,63.44,48.8,4.88,375.76,326.96,400.16,375.76,156.16
112.24,112.24,0,-112.24,53.68,53.68,9.76,400.16,346.48,419.68,380.64,165.92
117.12,107.36,-9.76,-112.24,63.44,48.8,0,395.28,346.48,429.44,375.76,161.04
136.64,107.36,-29.28,-122,82.96,39.04,-14.64,400.16,346.48,429.44,380.64,151.28
141.52,117.12,-24.4,-126.88,82.96,43.92,0,419.68,366,453.84,390.4,161.04
136.64,131.76,-4.88,-131.76,68.32,63.44,4.88,444.08,390.4,468.48,400.16,170.8
156.16,141.52,-14.64,-146.4,82.96,63.44,4.88,458.72,405.04,488,414.8,180.56
200.08,141.52,-58.56,-170.8,126.88,39.04,-9.76,463.6,409.92,497.76,405.04,165.92
195.2,141.52,-53.68,-165.92,122,43.92,-19.52,478.24,419.68,502.64,405.04,170.8
165.92,156.16,-9.76,-161.04,87.84,73.2,-4.88,502.64,448.96,541.68,429.44,190.32
200.08,156.16,-43.92,-175.68,122,53.68,-14.64,502.64,453.84,551.44,434.32,180.56
244,165.92,-78.08,-204.96,161.04,43.92,-29.28,497.76,453.84,551.44,419.68,170.8
224.48,175.68,-48.8,-200.08,136.64,63.44,-19.52,522.16,478.24,585.6,444.08,180.56
161.04,165.92,4.88,-161.04,78.08,82.96,4.88,551.44,502.64,605.12,463.6,200.08
185.44,165.92,-19.52,-175.68,102.48,73.2,4.88,556.32,507.52,614.88,463.6,200.08
195.2,170.8,-24.4,-180.56,107.36,73.2,0,561.2,507.52,610,458.72,195.2
185.44,165.92,-19.52,-175.68,102.48,73.2,0,570.96,517.28,624.64,463.6,204.96
185.44,175.68,-9.76,-180.56,97.6,82.96,9.76,590.48,531.92,639.28,468.48,209.84
200.08,180.56,-19.52,-190.32,107.36,78.08,0,595.36,546.56,649.04,478.24,214.72
214.72,185.44,-29.28,-200.08,122,78.08,-4.88,605.12,556.32,658.8,478.24,214.72
224.48,195.2,-29.28,-209.84,126.88,82.96,-4.88,605.12,561.2,683.2,483.12,209.84
214.72,195.2,-19.52,-204.96,117.12,87.84,-4.88,614.88,575.84,692.96,483.12,209.84
209.84,200.08,-9.76,-204.96,107.36,92.72,4.88,619.76,585.6,697.84,492.88,214.72
224.48,200.08,-24.4,-209.84,122,87.84,4.88,614.88,575.84,697.84,483.12,204.96
224.48,195.2,-29.28,-209.84,126.88,82.96,0,610,570.96,692.96,473.36,200.08
239.12,195.2,-43.92,-214.72,141.52,73.2,4.88,614.88,575.84,688.08,468.48,195.2
224.48,185.44,-39.04,-204.96,131.76,73.2,9.76,619.76,575.84,683.2,468.48,195.2
190.32,180.56,-9.76,-185.44,97.6,82.96,24.4,624.64,580.72,692.96,473.36,200.08
195.2,190.32,-4.88,-190.32,97.6,92.72,34.16,614.88,575.84,688.08,473.36,204.96
204.96,195.2,-9.76,-200.08,107.36,92.72,29.28,605.12,570.96,673.44,468.48,195.2
190.32,195.2,4.88,-190.32,92.72,97.6,39.04,600.24,570.96,678.32,473.36,195.2
190.32,190.32,0,-190.32,92.72,92.72,39.04,575.84,561.2,668.56,458.72,185.44
200.08,185.44,-14.64,-190.32,107.36,82.96,39.04,561.2,541.68,644.16,448.96,180.56
195.2,195.2,0,-195.2,97.6,97.6,48.8,546.56,527.04,629.52,434.32,175.68
175.68,175.68,0,-175.68,87.84,87.84,53.68,522.16,512.4,605.12,419.68,165.92
180.56,180.56,0,-180.56,87.84,87.84,53.68,502.64,492.88,580.72,400.16,156.16
170.8,180.56,9.76,-175.68,78.08,92.72,58.56,492.88,478.24,566.08,395.28,151.28
136.64,161.04,24.4,-146.4,53.68,92.72,58.56,468.48,453.84,541.68,370.88,131.76
136.64,156.16,19.52,-146.4,58.56,87.84,68.32,453.84,434.32,512.4,361.12,117.12
146.4,161.04,14.64,-151.28,63.44,87.84,63.44,429.44,419.68,488,336.72,102.48
122,151.28,29.28,-136.64,43.92,87.84,68.32,409.92,405.04,488,326.96,92.72
117.12,141.52,24.4,-126.88,43.92,82.96,73.2,385.52,385.52,463.6,307.44,82.96
97.6,126.88,29.28,-112.24,34.16,78.08,73.2,361.12,361.12,434.32,292.8,68.32
97.6,117.12,19.52,-107.36,39.04,68.32,73.2,331.84,336.72,405.04,273.28,53.68
92.72,112.24,19.52,-102.48,34.16,63.44,82.96,312.32,312.32,390.4,258.64,48.8
92.72,112.24,19.52,-102.48,34.16,63.44,82.96,297.68,292.8,370.88,234.24,34.16
87.84,102.48,14.64,-92.72,34.16,58.56,78.08,273.28,268.4,341.6,224.48,19.52
82.96,82.96,0,-82.96,39.04,39.04,73.2,253.76,248.88,317.2,200.08,0
58.56,73.2,14.64,-63.44,19.52,43.92,68.32,234.24,224.48,287.92,185.44,-14.64
73.2,82.96,9.76,-78.08,29.28,43.92,63.44,209.84,204.96,268.4,165.92,-24.4
63.44,78.08,14.64,-68.32,24.4,43.92,63.44,190.32,195.2,258.64,151.28,-29.28
43.92,78.08,34.16,-58.56,4.88,53.68,73.2,180.56,185.44,248.88,151.28,-29.28
43.92,92.72,48.8,-68.32,-4.88,68.32,73.2,165.92,170.8,234.24,141.52,-39.04
58.56,78.08,19.52,-68.32,19.52,48.8,63.44,141.52,146.4,209.84,126.88,-53.68
39.04,63.44,24.4,-48.8,4.88,43.92,68.32,131.76,131.76,195.2,117.12,-53.68
14.64,58.56,43.92,-34.16,-14.64,48.8,68.32,117.12,122,185.44,102.48,-53.68
53.68,48.8,-4.88,-48.8,29.28,19.52,53.68,92.72,92.72,156.16,82.96,-82.96
34.16,39.04,4.88,-34.16,14.64,19.52,53.68,92.72,87.84,151.28,68.32,-87.84
4.88,39.04,34.16,-19.52,-14.64,34.16,58.56,87.84,78.08,141.52,68.32,-97.6
14.64,43.92,29.28,-29.28,-9.76,34.16,58.56,87.84,73.2,136.64,58.56,-97.6
29.28,34.16,4.88,-29.28,9.76,19.52,53.68,73.2,68.32,131.76,43.92,-107.36
24.4,34.16,9.76,-29.28,4.88,19.52,53.68,63.44,58.56,122,39.04,-117.12
14.64,39.04,24.4,-24.4,-4.88,29.28,58.56,63.44,53.68,117.12,39.04,-112.24
9.76,39.04,29.28,-24.4,-9.76,34.16,53.68,53.68,48.8,107.36,34.16,-112.24
9.76,34.16,24.4,-19.52,-9.76,29.28,58.56,48.8,39.04,102.48,34.16,-117.12
19.52,29.28,9.76,-24.4,4.88,19.52,48.8,39.04,29.28,92.72,19.52,-122
34.16,24.4,-9.76,-29.28,19.52,4.88,34.16,24.4,9.76,78.08,4.88,-141.52
29.28,24.4,-4.88,-24.4,14.64,9.76,39.04,29.28,14.64,82.96,4.88,-141.52
29.28,24.4,-4.88,-24.4,14.64,9.76,48.8,34.16,19.52,82.96,4.88,-136.64
0,19.52,19.52,-9.76,-9.76,19.52,48.8,34.16,19.52,82.96,4.88,-146.4
-24.4,14.64,39.04,4.88,-34.16,24.4,53.68,39.04,29.28,97.6,4.88,-141.52
-4.88,9.76,14.64,0,-9.76,9.76,43.92,19.52,14.64,87.84,-9.76,-161.04
24.4,19.52,-4.88,-19.52,14.64,4.88,34.16,4.88,0,73.2,-19.52,-175.68
14.64,29.28,14.64,-19.52,0,19.52,48.8,19.52,9.76,87.84,-9.76,-161.04
-9.76,14.64,24.4,0,-19.52,19.52,58.56,24.4,14.64,87.84,-14.64,-161.04
-9.76,14.64,24.4,0,-19.52,19.52,53.68,14.64,4.88,78.08,-24.4,-165.92
0,9.76,9.76,-4.88,-4.88,9.76,48.8,14.64,0,73.2,-19.52,-165.92
14.64,9.76,-4.88,-9.76,9.76,0,43.92,14.64,0,73.2,-24.4,-175.68
19.52,19.52,0,-19.52,9.76,9.76,53.68,19.52,9.76,73.2,-19.52,-161.04
24.4,24.4,0,-24.4,9.76,9.76,43.92,14.64,4.88,68.32,-29.28,-170.8
24.4,14.64,-9.76,-19.52,14.64,0,39.04,9.76,4.88,78.08,-29.28,-175.68
14.64,14.64,0,-14.64,4.88,4.88,39.04,4.88,0,73.2,-43.92,-180.56
0,19.52,19.52,-9.76,-9.76,19.52,43.92,9.76,4.88,73.2,-39.04,-185.44
4.88,19.52,14.64,-9.76,-4.88,14.64,43.92,4.88,4.88,68.32,-43.92,-185.44
0,9.76,9.76,-4.88,-4.88,9.76,48.8,9.76,9.76,78.08,-39.04,-180.56
-34.16,0,34.16,19.52,-34.16,14.64,53.68,14.64,9.76,78.08,-43.92,-180.56
-14.64,4.88,19.52,4.88,-19.52,9.76,43.92,14.64,0,68.32,-48.8,-195.2
14.64,9.76,-4.88,-9.76,9.76,0,48.8,14.64,4.88,73.2,-48.8,-204.96
14.64,19.52,4.88,-14.64,4.88,9.76,53.68,14.64,9.76,73.2,-43.92,-200.08
14.64,29.28,14.64,-19.52,0,19.52,48.8,19.52,9.76,73.2,-43.92,-195.2
19.52,19.52,0,-19.52,9.76,9.76,43.92,14.64,14.64,82.96,-53.68,-195.2
14.64,24.4,9.76,-19.52,0,14.64,48.8,4.88,9.76,82.96,-48.8,-190.32
9.76,24.4,14.64,-14.64,-4.88,19.52,43.92,0,4.88,73.2,-53.68,-195.2
14.64,19.52,4.88,-14.64,4.88,9.76,43.92,0,0,73.2,-58.56,-185.44
-9.76,9.76,19.52,0,-14.64,14.64,48.8,4.88,4.88,78.08,-58.56,-185.44
-19.52,14.64,34.16,4.88,-29.28,24.4,58.56,9.76,9.76,73.2,-58.56,-185.44
14.64,24.4,9.76,-19.52,0,14.64,48.8,9.76,0,73.2,-58.56,-185.44
19.52,29.28,9.76,-24.4,4.88,19.52,43.92,9.76,4.88,73.2,-68.32,-185.44
4.88,19.52,14.64,-9.76,-4.88,14.64,39.04,9.76,4.88,73.2,-63.44,-190.32
24.4,19.52,-4.88,-19.52,14.64,4.88,34.16,0,-4.88,68.32,-73.2,-204.96
29.28,9.76,-19.52,-19.52,24.4,-4.88,34.16,0,0,78.08,-73.2,-209.84
9.76,29.28,19.52,-19.52,-4.88,24.4,53.68,9.76,9.76,87.84,-63.44,-195.2
24.4,48.8,24.4,-34.16,0,34.16,53.68,14.64,14.64,87.84,-63.44,-195.2
14.64,39.04,24.4,-24.4,-4.88,29.28,48.8,9.76,19.52,92.72,-63.44,-195.2
24.4,29.28,4.88,-24.4,9.76,14.64,48.8,0,4.88,78.08,-78.08,-200.08
19.52,29.28,9.76,-24.4,4.88,19.52,43.92,0,-9.76,63.44,-82.96,-200.08
14.64,24.4,9.76,-19.52,0,14.64,43.92,4.88,-9.76,63.44,-73.2,-200.08
14.64,24.4,9.76,-19.52,0,14.64,43.92,4.88,-4.88,68.32,-78.08,-190.32
0,24.4,24.4,-9.76,-14.64,24.4,43.92,4.88,-4.88,68.32,-82.96,-204.96
19.52,34.16,14.64,-24.4,0,24.4,34.16,0,-4.88,58.56,-87.84,-204.96
53.68,39.04,-14.64,-43.92,34.16,9.76,34.16,0,-4.88,63.44,-92.72,-204.96
29.28,34.16,4.88,-29.28,9.76,19.52,34.16,0,0,73.2,-92.72,-200.08
0,39.04,39.04,-19.52,-19.52,39.04,53.68,14.64,14.64,82.96,-78.08,-195.2
9.76,39.04,29.28,-24.4,-9.76,34.16,48.8,9.76,19.52,82.96,-78.08,-190.32
9.76,19.52,9.76,-14.64,0,14.64,43.92,0,4.88,82.96,-92.72,-204.96
19.52,34.16,14.64,-24.4,0,24.4,43.92,0,0,78.08,-92.72,-195.2
19.52,29.28,9.76,-24.4,4.88,19.52,43.92,4.88,-4.88,68.32,-97.6,-200.08
29.28,19.52,-9.76,-24.4,19.52,4.88,39.04,-4.88,-14.64,63.44,-107.36,-200.08
43.92,24.4,-19.52,-34.16,29.28,0,29.28,0,-14.64,68.32,-107.36,-204.96
-14.64,24.4,39.04,-4.88,-29.28,29.28,43.92,14.64,4.88,82.96,-92.72,-190.32
-34.16,34.16,68.32,0,-53.68,48.8,53.68,19.52,9.76,87.84,-82.96,-180.56
0,48.8,48.8,-24.4,-24.4,48.8,53.68,9.76,14.64,92.72,-87.84,-185.44
34.16,48.8,14.64,-39.04,9.76,29.28,39.04,0,-9.76,78.08,-102.48,-204.96
24.4,43.92,19.52,-34.16,0,29.28,43.92,0,-4.88,78.08,-102.48,-195.2
4.88,24.4,19.52,-14.64,-9.76,19.52,39.04,-9.76,-14.64,78.08,-107.36,-204.96
24.4,24.4,0,-24.4,9.76,9.76,34.16,-19.52,-29.28,58.56,-117.12,-219.6
19.52,34.16,14.64,-24.4,0,24.4,39.04,-19.52,-29.28,58.56,-122,-214.72
-19.52,9.76,29.28,4.88,-24.4,19.52,39.04,-9.76,-19.52,68.32,-117.12,-204.96
-19.52,19.52,39.04,0,-29.28,29.28,48.8,0,-14.64,68.32,-107.36,-200.08
14.64,43.92,29.28,-29.28,-9.76,34.16,39.04,0,-14.64,58.56,-112.24,-209.84
29.28,43.92,14.64,-34.16,4.88,29.28,29.28,-9.76,-19.52,58.56,-117.12,-239.12
24.4,39.04,14.64,-29.28,4.88,24.4,34.16,-9.76,-19.52,63.44,-112.24,-239.12
14.64,43.92,29.28,-29.28,-9.76,34.16,34.16,-14.64,-24.4,58.56,-126.88,-239.12
0,43.92,43.92,-19.52,-24.4,43.92,39.04,-14.64,-24.4,63.44,-117.12,-234.24
29.28,39.04,9.76,-34.16,9.76,24.4,39.04,-24.4,-29.28,63.44,-126.88,-239.12
39.04,34.16,-4.88,-34.16,19.52,14.64,24.4,-39.04,-48.8,48.8,-131.76,-258.64
-9.76,39.04,48.8,-14.64,-29.28,43.92,43.92,-19.52,-29.28,63.44,-122,-239.12
-4.88,29.28,34.16,-9.76,-19.52,29.28,43.92,-14.64,-24.4,63.44,-122,-229.36
14.64,19.52,4.88,-14.64,4.88,9.76,29.28,-29.28,-39.04,48.8,-141.52,-248.88
29.28,43.92,14.64,-34.16,4.88,29.28,29.28,-29.28,-39.04,43.92,-146.4,-244
29.28,48.8,19.52,-39.04,4.88,34.16,34.16,-24.4,-34.16,48.8,-146.4,-239.12
19.52,39.04,19.52,-29.28,0,29.28,34.16,-24.4,-34.16,48.8,-141.52,-234.24
29.28,48.8,19.52,-39.04,4.88,34.16,29.28,-39.04,-39.04,39.04,-151.28,-244
4.88,39.04,34.16,-19.52,-14.64,34.16,34.16,-34.16,-39.04,43.92,-146.4,-239.12
19.52,29.28,9.76,-24.4,4.88,19.52,34.16,-43.92,-43.92,34.16,-156.16,-248.88
0,29.28,29.28,-14.64,-14.64,29.28,39.04,-39.04,-43.92,43.92,-151.28,-239.12
-34.16,34.16,68.32,0,-53.68,48.8,53.68,-24.4,-29.28,53.68,-141.52,-244
4.88,34.16,29.28,-19.52,-14.64,29.28,43.92,-29.28,-39.04,43.92,-156.16,-248.88
0,29.28,29.28,-14.64,-14.64,29.28,43.92,-24.4,-34.16,43.92,-156.16,-248.88
9.76,34.16,24.4,-19.52,-9.76,29.28,34.16,-34.16,-43.92,34.16,-161.04,-263.52
19.52,29.28,9.76,-24.4,4.88,19.52,24.4,-39.04,-48.8,29.28,-165.92,-268.4
24.4,14.64,-9.76,-19.52,14.64,0,19.52,-48.8,-63.44,14.64,-165.92,-263.52
39.04,29.28,-9.76,-34.16,24.4,9.76,19.52,-58.56,-68.32,9.76,-175.68,-268.4
29.28,29.28,0,-29.28,14.64,14.64,24.4,-58.56,-63.44,14.64,-165.92,-258.64
9.76,9.76,0,-9.76,4.88,4.88,19.52,-68.32,-68.32,4.88,-175.68,-263.52
24.4,19.52,-4.88,-19.52,14.64,4.88,19.52,-78.08,-78.08,-4.88,-180.56,-263.52
-14.64,19.52,34.16,0,-24.4,24.4,34.16,-53.68,-63.44,9.76,-165.92,-244
-19.52,29.28,48.8,-4.88,-34.16,39.04,48.8,-43.92,-53.68,24.4,-156.16,-239.12
4.88,34.16,29.28,-19.52,-14.64,29.28,43.92,-48.8,-53.68,24.4,-161.04,-244
9.76,39.04,29.28,-24.4,-9.76,34.16,29.28,-53.68,-63.44,9.76,-170.8,-253.76
19.52,34.16,14.64,-24.4,0,24.4,24.4,-53.68,-58.56,9.76,-170.8,-258.64
9.76,19.52,9.76,-14.64,0,14.64,19.52,-63.44,-68.32,9.76,-175.68,-263.52
14.64,24.4,9.76,-19.52,0,14.64,19.52,-73.2,-73.2,0,-190.32,-268.4
14.64,34.16,19.52,-24.4,-4.88,24.4,24.4,-68.32,-68.32,4.88,-180.56,-263.52
-14.64,19.52,34.16,0,-24.4,24.4,34.16,-58.56,-68.32,9.76,-175.68,-258.64
-9.76,14.64,24.4,0,-19.52,19.52,24.4,-78.08,-87.84,-4.88,-185.44,-273.28
0,9.76,9.76,-4.88,-4.88,9.76,24.4,-68.32,-78.08,-4.88,-185.44,-273.28
4.88,9.76,4.88,-4.88,0,4.88,24.4,-68.32,-82.96,-4.88,-190.32,-273.28
4.88,9.76,4.88,-4.88,0,4.88,24.4,-68.32,-82.96,-4.88,-195.2,-278.16
-9.76,14.64,24.4,0,-19.52,19.52,19.52,-78.08,-82.96,-14.64,-200.08,-278.16
0,24.4,24.4,-9.76,-14.64,24.4,24.4,-73.2,-73.2,-4.88,-200.08,-268.4
19.52,39.04,19.52,-29.28,0,29.28,29.28,-63.44,-73.2,0,-185.44,-263.52
24.4,43.92,19.52,-34.16,0,29.28,24.4,-73.2,-78.08,-4.88,-190.32,-263.52
34.16,43.92,9.76,-39.04,9.76,24.4,19.52,-82.96,-87.84,-14.64,-190.32,-263.52
14.64,29.28,14.64,-19.52,0,19.52,34.16,-73.2,-82.96,-9.76,-190.32,-263.52
4.88,19.52,14.64,-9.76,-4.88,14.64,24.4,-82.96,-102.48,-24.4,-200.08,-268.4
29.28,24.4,-4.88,-24.4,14.64,9.76,19.52,-97.6,-102.48,-29.28,-209.84,-283.04
0,14.64,14.64,-4.88,-9.76,14.64,24.4,-82.96,-97.6,-24.4,-204.96,-268.4
4.88,29.28,24.4,-14.64,-9.76,24.4,29.28,-78.08,-87.84,-19.52,-204.96,-268.4
34.16,39.04,4.88,-34.16,14.64,19.52,19.52,-92.72,-97.6,-29.28,-209.84,-278.16
24.4,34.16,9.76,-29.28,4.88,19.52,19.52,-92.72,-87.84,-24.4,-209.84,-268.4
4.88,29.28,24.4,-14.64,-9.76,24.4,24.4,-78.08,-87.84,-19.52,-200.08,-253.76
4.88,39.04,34.16,-19.52,-14.64,34.16,29.28,-82.96,-82.96,-14.64,-204.96,-263.52
14.64,29.28,14.64,-19.52,0,19.52,24.4,-92.72,-97.6,-24.4,-209.84,-258.64
19.52,24.4,4.88,-19.52,4.88,14.64,24.4,-87.84,-97.6,-24.4,-209.84,-268.4
0,19.52,19.52,-9.76,-9.76,19.52,29.28,-82.96,-97.6,-24.4,-209.84,-258.64
-9.76,19.52,29.28,-4.88,-19.52,24.4,29.28,-92.72,-102.48,-34.16,-209.84,-263.52
0,14.64,14.64,-4.88,-9.76,14.64,29.28,-87.84,-92.72,-34.16,-204.96,-258.64
-4.88,9.76,14.64,0,-9.76,9.76,24.4,-97.6,-97.6,-39.04,-214.72,-263.52
4.88,19.52,14.64,-9.76,-4.88,14.64,9.76,-102.48,-112.24,-48.8,-224.48,-268.4
4.88,19.52,14.64,-9.76,-4.88,14.64,14.64,-102.48,-107.36,-39.04,-224.48,-268.4
-4.88,9.76,14.64,0,-9.76,9.76,19.52,-92.72,-102.48,-34.16,-219.6,-263.52
24.4,29.28,4.88,-24.4,9.76,14.64,19.52,-97.6,-102.48,-34.16,-224.48,-263.52
39.04,34.16,-4.88,-34.16,19.52,14.64,19.52,-102.48,-107.36,-34.16,-224.48,-263.52
34.16,14.64,-19.52,-24.4,24.4,-4.88,14.64,-112.24,-112.24,-48.8,-229.36,-268.4
4.88,9.76,4.88,-4.88,0,4.88,19.52,-102.48,-112.24,-48.8,-229.36,-268.4
-29.28,9.76,39.04,9.76,-34.16,24.4,19.52,-102.48,-107.36,-48.8,-229.36,-263.52
-39.04,9.76,48.8,14.64,-43.92,29.28,29.28,-92.72,-97.6,-43.92,-214.72,-244
-29.28,9.76,39.04,9.76,-34.16,24.4,24.4,-92.72,-97.6,-43.92,-219.6,-253.76
4.88,19.52,14.64,-9.76,-4.88,14.64,9.76,-102.48,-117.12,-53.68,-229.36,-258.64
4.88,24.4,19.52,-14.64,-9.76,19.52,19.52,-102.48,-112.24,-48.8,-224.48,-248.88
9.76,14.64,4.88,-9.76,0,9.76,4.88,-107.36,-117.12,-58.56,-234.24,-258.64
4.88,19.52,14.64,-9.76,-4.88,14.64,14.64,-107.36,-117.12,-53.68,-224.48,-253.76
0,24.4,24.4,-9.76,-14.64,24.4,14.64,-102.48,-117.12,-48.8,-219.6,-263.52
-14.64,9.76,24.4,4.88,-19.52,14.64,19.52,-102.48,-117.12,-53.68,-229.36,-253.76
-4.88,19.52,24.4,-4.88,-14.64,19.52,24.4,-102.48,-112.24,-53.68,-229.36,-248.88
9.76,34.16,24.4,-19.52,-9.76,29.28,19.52,-107.36,-112.24,-48.8,-229.36,-253.76
24.4,14.64,-9.76,-19.52,14.64,0,4.88,-117.12,-122,-63.44,-239.12,-263.52
34.16,9.76,-24.4,-19.52,29.28,-9.76,9.76,-117.12,-122,-63.44,-244,-263.52
-9.76,19.52,29.28,-4.88,-19.52,24.4,19.52,-102.48,-112.24,-48.8,-229.36,-248.88
-19.52,19.52,39.04,0,-29.28,29.28,24.4,-97.6,-107.36,-48.8,-224.48,-248.88
0,14.64,14.64,-4.88,-9.76,14.64,14.64,-107.36,-112.24,-53.68,-229.36,-263.52
-9.76,19.52,29.28,-4.88,-19.52,24.4,14.64,-112.24,-117.12,-48.8,-234.24,-263.52
4.88,19.52,14.64,-9.76,-4.88,14.64,14.64,-112.24,-117.12,-53.68,-234.24,-258.64
-24.4,9.76,34.16,9.76,-29.28,19.52,24.4,-102.48,-102.48,-53.68,-224.48,-244
-14.64,14.64,29.28,0,-24.4,19.52,19.52,-107.36,-112.24,-58.56,-234.24,-244
0,29.28,29.28,-14.64,-14.64,29.28,24.4,-107.36,-112.24,-53.68,-229.36,-234.24
-19.52,24.4,43.92,0,-34.16,34.16,34.16,-102.48,-102.48,-48.8,-219.6,-224.48
-14.64,19.52,34.16,0,-24.4,24.4,29.28,-102.48,-107.36,-53.68,-224.48,-229.36
9.76,24.4,14.64,-14.64,-4.88,19.52,19.52,-112.24,-122,-68.32,-229.36,-239.12
9.76,14.64,4.88,-9.76,0,9.76,14.64,-122,-136.64,-78.08,-239.12,-248.88
0,0,0,0,0,0,14.64,-122,-131.76,-78.08,-239.12,-244
29.28,14.64,-14.64,-19.52,19.52,0,9.76,-126.88,-141.52,-78.08,-248.88,-248.88
14.64,14.64,0,-14.64,4.88,4.88,19.52,-122,-136.64,-73.2,-244,-253.76
-4.88,4.88,9.76,0,-9.76,4.88,24.4,-112.24,-126.88,-78.08,-234.24,-244
39.04,14.64,-24.4,-24.4,29.28,-4.88,9.76,-122,-136.64,-82.96,-248.88,-258.64
-14.64,19.52,34.16,0,-24.4,24.4,34.16,-97.6,-112.24,-58.56,-219.6,-229.36
-34.16,14.64,48.8,9.76,-43.92,29.28,34.16,-97.6,-107.36,-58.56,-219.6,-224.48
14.64,9.76,-4.88,-9.76,9.76,0,14.64,-112.24,-126.88,-78.08,-239.12,-248.88
19.52,19.52,0,-19.52,9.76,9.76,14.64,-117.12,-126.88,-78.08,-239.12,-244
19.52,14.64,-4.88,-14.64,9.76,4.88,14.64,-117.12,-131.76,-73.2,-234.24,-239.12
14.64,14.64,0,-14.64,4.88,4.88,14.64,-117.12,-131.76,-78.08,-234.24,-239.12
39.04,24.4,-14.64,-29.28,24.4,4.88,9.76,-117.12,-126.88,-78.08,-239.12,-239.12
24.4,24.4,0,-24.4,9.76,9.76,9.76,-117.12,-136.64,-87.84,-239.12,-239.12
4.88,14.64,9.76,-9.76,-4.88,9.76,19.52,-117.12,-131.76,-78.08,-229.36,-234.24
14.64,14.64,0,-14.64,4.88,4.88,14.64,-122,-136.64,-87.84,-224.48,-234.24
-9.76,4.88,14.64,4.88,-14.64,9.76,19.52,-117.12,-126.88,-82.96,-224.48,-229.36
-29.28,14.64,43.92,9.76,-39.04,29.28,34.16,-102.48,-112.24,-73.2,-214.72,-209.84
-24.4,14.64,39.04,4.88,-34.16,24.4,29.28,-102.48,-107.36,-73.2,-219.6,-214.72
-4.88,19.52,24.4,-4.88,-14.64,19.52,14.64,-117.12,-122,-87.84,-229.36,-229.36
19.52,24.4,4.88,-19.52,4.88,14.64,9.76,-117.12,-126.88,-82.96,-229.36,-229.36
14.64,19.52,4.88,-14.64,4.88,9.76,14.64,-117.12,-126.88,-82.96,-229.36,-224.48
9.76,14.64,4.88,-9.76,0,9.76,14.64,-126.88,-136.64,-87.84,-234.24,-234.24
14.64,14.64,0,-14.64,4.88,4.88,14.64,-126.88,-136.64,-82.96,-234.24,-229.36
-19.52,0,19.52,9.76,-19.52,9.76,19.52,-117.12,-131.76,-82.96,-224.48,-229.36
-14.64,4.88,19.52,4.88,-19.52,9.76,19.52,-117.12,-131.76,-87.84,-224.48,-224.48
0,4.88,4.88,0,-4.88,4.88,14.64,-122,-131.76,-87.84,-219.6,-224.48
9.76,9.76,0,-9.76,4.88,4.88,14.64,-122,-136.64,-92.72,-229.36,-224.48
4.88,4.88,0,-4.88,0,0,9.76,-122,-136.64,-92.72,-229.36,-229.36
0,0,0,0,0,0,4.88,-126.88,-136.64,-97.6,-229.36,-219.6
9.76,9.76,0,-9.76,4.88,4.88,14.64,-112.24,-126.88,-82.96,-219.6,-214.72
19.52,14.64,-4.88,-14.64,9.76,4.88,19.52,-112.24,-122,-82.96,-219.6,-209.84
9.76,19.52,9.76,-14.64,0,14.64,19.52,-117.12,-126.88,-87.84,-219.6,-209.84
0,24.4,24.4,-9.76,-14.64,24.4,19.52,-112.24,-126.88,-87.84,-209.84,-209.84
-14.64,4.88,19.52,4.88,-19.52,9.76,24.4,-107.36,-122,-82.96,-200.08,-195.2
0,4.88,4.88,0,-4.88,4.88,14.64,-117.12,-131.76,-102.48,-209.84,-204.96
9.76,9.76,0,-9.76,4.88,4.88,9.76,-126.88,-136.64,-112.24,-214.72,-214.72
4.88,-4.88,-9.76,0,4.88,-9.76,9.76,-131.76,-136.64,-112.24,-224.48,-214.72
4.88,-9.76,-14.64,4.88,9.76,-14.64,4.88,-131.76,-141.52,-117.12,-229.36,-219.6
-9.76,4.88,14.64,4.88,-14.64,9.76,4.88,-131.76,-141.52,-112.24,-219.6,-209.84
-58.56,0,58.56,29.28,-58.56,29.28,29.28,-112.24,-126.88,-87.84,-200.08,-190.32
-9.76,9.76,19.52,0,-14.64,14.64,19.52,-112.24,-126.88,-87.84,-204.96,-195.2
4.88,19.52,14.64,-9.76,-4.88,14.64,14.64,-122,-136.64,-97.6,-209.84,-195.2
4.88,14.64,9.76,-9.76,-4.88,9.76,9.76,-122,-136.64,-97.6,-204.96,-195.2
-4.88,0,4.88,4.88,-4.88,0,9.76,-126.88,-136.64,-107.36,-209.84,-195.2
-4.88,-9.76,-4.88,9.76,0,-9.76,4.88,-131.76,-146.4,-117.12,-214.72,-204.96
4.88,4.88,0,-4.88,0,0,0,-141.52,-151.28,-122,-219.6,-204.96
-39.04,-4.88,34.16,24.4,-39.04,14.64,14.64,-126.88,-136.64,-107.36,-204.96,-185.44
-39.04,-14.64,24.4,29.28,-34.16,4.88,4.88,-126.88,-141.52,-117.12,-209.84,-195.2
-24.4,0,24.4,14.64,-24.4,9.76,9.76,-126.88,-136.64,-107.36,-204.96,-190.32
-14.64,14.64,29.28,0,-24.4,19.52,14.64,-122,-131.76,-102.48,-204.96,-185.44
-24.4,4.88,29.28,9.76,-29.28,14.64,19.52,-117.12,-126.88,-102.48,-195.2,-175.68
4.88,9.76,4.88,-4.88,0,4.88,14.64,-122,-131.76,-107.36,-204.96,-185.44
29.28,14.64,-14.64,-19.52,19.52,0,4.88,-131.76,-141.52,-112.24,-209.84,-190.32
0,4.88,4.88,0,-4.88,4.88,19.52,-117.12,-126.88,-107.36,-195.2,-180.56
-19.52,4.88,24.4,9.76,-24.4,14.64,24.4,-112.24,-122,-102.48,-190.32,-175.68
4.88,4.88,0,-4.88,0,0,4.88,-131.76,-136.64,-117.12,-204.96,-185.44
9.76,0,-9.76,-4.88,9.76,-4.88,4.88,-131.76,-136.64,-117.12,-204.96,-185.44
-34.16,-4.88,29.28,19.52,-34.16,9.76,19.52,-117.12,-131.76,-117.12,-190.32,-165.92
-4.88,4.88,9.76,0,-9.76,4.88,4.88,-126.88,-146.4,-126.88,-200.08,-175.68
-4.88,9.76,14.64,0,-9.76,9.76,9.76,-122,-141.52,-117.12,-190.32,-170.8
-14.64,0,14.64,9.76,-14.64,4.88,14.64,-122,-136.64,-117.12,-185.44,-161.04
-9.76,14.64,24.4,0,-19.52,19.52,14.64,-122,-136.64,-117.12,-185.44,-165.92
14.64,14.64,0,-14.64,4.88,4.88,0,-146.4,-151.28,-126.88,-200.08,-180.56
-19.52,4.88,24.4,9.76,-24.4,14.64,14.64,-131.76,-141.52,-122,-185.44,-165.92
-34.16,4.88,39.04,14.64,-39.04,19.52,19.52,-122,-136.64,-117.12,-180.56,-165.92
-34.16,0,34.16,19.52,-34.16,14.64,14.64,-131.76,-136.64,-122,-190.32,-165.92
-53.68,-4.88,48.8,29.28,-53.68,19.52,19.52,-126.88,-131.76,-117.12,-180.56,-156.16
-53.68,-4.88,48.8,29.28,-53.68,19.52,19.52,-122,-131.76,-122,-175.68,-156.16
-34.16,-4.88,29.28,19.52,-34.16,9.76,4.88,-131.76,-141.52,-126.88,-185.44,-161.04
14.64,19.52,4.88,-14.64,4.88,9.76,0,-136.64,-146.4,-131.76,-185.44,-165.92
19.52,24.4,4.88,-19.52,4.88,14.64,9.76,-131.76,-141.52,-131.76,-180.56,-156.16
-9.76,14.64,24.4,0,-19.52,19.52,9.76,-131.76,-146.4,-131.76,-180.56,-151.28
-4.88,19.52,24.4,-4.88,-14.64,19.52,9.76,-131.76,-141.52,-126.88,-175.68,-151.28
-29.28,9.76,39.04,9.76,-34.16,24.4,14.64,-126.88,-136.64,-126.88,-165.92,-141.52
-24.4,9.76,34.16,9.76,-29.28,19.52,14.64,-131.76,-146.4,-126.88,-161.04,-146.4
4.88,14.64,9.76,-9.76,-4.88,9.76,0,-141.52,-151.28,-136.64,-170.8,-156.16
-4.88,-4.88,0,4.88,-4.88,-4.88,-9.76,-141.52,-151.28,-136.64,-175.68,-156.16
-24.4,-4.88,19.52,14.64,-24.4,4.88,-4.88,-141.52,-151.28,-146.4,-170.8,-156.16
-43.92,4.88,48.8,19.52,-48.8,24.4,4.88,-136.64,-146.4,-131.76,-161.04,-141.52
4.88,9.76,4.88,-4.88,0,4.88,-4.88,-151.28,-161.04,-156.16,-170.8,-151.28
0,14.64,14.64,-4.88,-9.76,14.64,0,-136.64,-146.4,-141.52,-161.04,-136.64
-4.88,9.76,14.64,0,-9.76,9.76,0,-141.52,-156.16,-146.4,-165.92,-141.52
-9.76,4.88,14.64,4.88,-14.64,9.76,-4.88,-151.28,-165.92,-151.28,-165.92,-141.52
-39.04,14.64,53.68,14.64,-48.8,34.16,19.52,-131.76,-136.64,-131.76,-141.52,-117.12
-48.8,9.76,58.56,19.52,-53.68,34.16,19.52,-122,-131.76,-131.76,-136.64,-112.24
-19.52,19.52,39.04,0,-29.28,29.28,14.64,-131.76,-141.52,-141.52,-146.4,-126.88
-24.4,14.64,39.04,4.88,-34.16,24.4,14.64,-122,-131.76,-136.64,-131.76,-117.12
-24.4,14.64,39.04,4.88,-34.16,24.4,9.76,-131.76,-136.64,-141.52,-131.76,-117.12
-14.64,24.4,39.04,-4.88,-29.28,29.28,4.88,-126.88,-136.64,-141.52,-136.64,-122
-9.76,24.4,34.16,-4.88,-24.4,29.28,4.88,-136.64,-141.52,-141.52,-136.64,-122
-19.52,4.88,24.4,9.76,-24.4,14.64,0,-141.52,-146.4,-146.4,-141.52,-122
-19.52,14.64,34.16,4.88,-29.28,24.4,-4.88,-146.4,-156.16,-156.16,-146.4,-126.88
-29.28,9.76,39.04,9.76,-34.16,24.4,4.88,-141.52,-151.28,-151.28,-141.52,-117.12
-39.04,4.88,43.92,19.52,-43.92,24.4,9.76,-141.52,-146.4,-146.4,-131.76,-107.36
-24.4,4.88,29.28,9.76,-29.28,14.64,4.88,-136.64,-151.28,-156.16,-136.64,-112.24
-34.16,9.76,43.92,14.64,-39.04,24.4,9.76,-131.76,-141.52,-146.4,-131.76,-102.48
-34.16,4.88,39.04,14.64,-39.04,19.52,9.76,-131.76,-136.64,-141.52,-126.88,-102.48
0,4.88,4.88,0,-4.88,4.88,0,-141.52,-146.4,-156.16,-136.64,-117.12
14.64,14.64,0,-14.64,4.88,4.88,-9.76,-146.4,-151.28,-161.04,-141.52,-117.12
0,14.64,14.64,-4.88,-9.76,14.64,0,-141.52,-141.52,-151.28,-126.88,-112.24
-24.4,4.88,29.28,9.76,-29.28,14.64,4.88,-136.64,-141.52,-151.28,-126.88,-102.48
-9.76,9.76,19.52,0,-14.64,14.64,0,-141.52,-151.28,-156.16,-122,-112.24
-9.76,4.88,14.64,4.88,-14.64,9.76,-4.88,-146.4,-151.28,-161.04,-122,-112.24
-14.64,-4.88,9.76,9.76,-14.64,0,-4.88,-146.4,-151.28,-170.8,-122,-102.48
-34.16,-4.88,29.28,19.52,-34.16,9.76,4.88,-136.64,-146.4,-161.04,-112.24,-97.6
-58.56,-9.76,48.8,34.16,-53.68,19.52,4.88,-136.64,-146.4,-161.04,-107.36,-87.84
-58.56,-9.76,48.8,34.16,-53.68,19.52,9.76,-131.76,-141.52,-156.16,-97.6,-82.96
-34.16,9.76,43.92,14.64,-39.04,24.4,9.76,-131.76,-136.64,-156.16,-97.6,-78.08
-24.4,19.52,43.92,4.88,-34.16,29.28,4.88,-131.76,-141.52,-156.16,-102.48,-82.96
-9.76,29.28,39.04,-9.76,-24.4,34.16,9.76,-122,-136.64,-146.4,-92.72,-82.96
-14.64,14.64,29.28,0,-24.4,19.52,4.88,-126.88,-136.64,-156.16,-92.72,-78.08
-14.64,14.64,29.28,0,-24.4,19.52,4.88,-136.64,-146.4,-165.92,-97.6,-73.2
-29.28,9.76,39.04,9.76,-34.16,24.4,0,-136.64,-141.52,-161.04,-92.72,-73.2
-39.04,-9.76,29.28,24.4,-34.16,9.76,0,-141.52,-151.28,-170.8,-92.72,-68.32
-34.16,0,34.16,19.52,-34.16,14.64,-9.76,-146.4,-156.16,-175.68,-97.6,-73.2
-39.04,14.64,53.68,14.64,-48.8,34.16,4.88,-136.64,-146.4,-161.04,-87.84,-58.56
-39.04,4.88,43.92,19.52,-43.92,24.4,0,-136.64,-146.4,-165.92,-82.96,-53.68
-34.16,4.88,39.04,14.64,-39.04,19.52,0,-136.64,-146.4,-170.8,-82.96,-53.68
-39.04,14.64,53.68,14.64,-48.8,34.16,0,-136.64,-141.52,-175.68,-73.2,-53.68
-34.16,14.64,48.8,9.76,-43.92,29.28,4.88,-131.76,-136.64,-165.92,-68.32,-43.92
-24.4,29.28,53.68,0,-39.04,39.04,9.76,-122,-126.88,-156.16,-63.44,-43.92
-14.64,39.04,53.68,-9.76,-34.16,43.92,4.88,-131.76,-136.64,-165.92,-68.32,-43.92
9.76,34.16,24.4,-19.52,-9.76,29.28,4.88,-136.64,-146.4,-165.92,-68.32,-53.68
-4.88,24.4,29.28,-9.76,-19.52,24.4,19.52,-122,-126.88,-156.16,-53.68,-39.04
-29.28,29.28,58.56,0,-43.92,43.92,24.4,-117.12,-122,-156.16,-53.68,-34.16
-39.04,39.04,78.08,0,-58.56,58.56,43.92,-107.36,-112.24,-146.4,-34.16,-14.64
-29.28,34.16,63.44,0,-48.8,48.8,43.92,-102.48,-112.24,-146.4,-34.16,-9.76
-34.16,39.04,73.2,0,-53.68,53.68,43.92,-102.48,-122,-146.4,-29.28,-9.76
-24.4,63.44,87.84,-19.52,-58.56,73.2,48.8,-107.36,-122,-146.4,-24.4,-4.88
19.52,73.2,53.68,-43.92,-19.52,63.44,48.8,-102.48,-117.12,-141.52,-19.52,0
-14.64,78.08,92.72,-29.28,-53.68,82.96,63.44,-87.84,-97.6,-122,0,14.64
-24.4,78.08,102.48,-24.4,-63.44,87.84,73.2,-92.72,-97.6,-126.88,-4.88,14.64
-9.76,73.2,82.96,-29.28,-48.8,78.08,68.32,-92.72,-102.48,-126.88,-4.88,4.88
-4.88,73.2,78.08,-34.16,-43.92,73.2,68.32,-92.72,-97.6,-126.88,-4.88,4.88
-4.88,58.56,63.44,-24.4,-34.16,58.56,68.32,-92.72,-97.6,-131.76,-4.88,9.76
-24.4,48.8,73.2,-9.76,-48.8,58.56,73.2,-87.84,-97.6,-136.64,0,19.52
-4.88,34.16,39.04,-14.64,-24.4,34.16,68.32,-97.6,-102.48,-141.52,-4.88,9.76
24.4,34.16,9.76,-29.28,4.88,19.52,43.92,-107.36,-117.12,-156.16,-9.76,0
-4.88,53.68,58.56,-24.4,-34.16,53.68,63.44,-87.84,-97.6,-136.64,9.76,24.4
0,58.56,58.56,-29.28,-29.28,58.56,63.44,-87.84,-97.6,-136.64,9.76,29.28
-4.88,48.8,53.68,-19.52,-29.28,48.8,53.68,-97.6,-102.48,-141.52,9.76,19.52
9.76,63.44,53.68,-34.16,-24.4,58.56,39.04,-97.6,-107.36,-146.4,9.76,29.28
0,58.56,58.56,-29.28,-29.28,58.56,43.92,-97.6,-102.48,-141.52,19.52,39.04
19.52,43.92,24.4,-29.28,-4.88,34.16,34.16,-97.6,-102.48,-146.4,29.28,39.04
29.28,48.8,19.52,-39.04,4.88,34.16,19.52,-97.6,-102.48,-141.52,29.28,39.04
34.16,48.8,14.64,-39.04,9.76,29.28,0,-107.36,-112.24,-151.28,24.4,39.04
39.04,29.28,-9.76,-34.16,24.4,9.76,-4.88,-112.24,-117.12,-151.28,24.4,34.16
24.4,24.4,0,-24.4,9.76,9.76,-9.76,-107.36,-117.12,-151.28,24.4,34.16
24.4,43.92,19.52,-34.16,0,29.28,-9.76,-102.48,-112.24,-146.4,34.16,39.04
39.04,58.56,19.52,-48.8,9.76,39.04,4.88,-87.84,-92.72,-131.76,53.68,58.56
24.4,58.56,34.16,-39.04,-4.88,43.92,-9.76,-87.84,-92.72,-131.76,58.56,58.56
4.88,63.44,58.56,-34.16,-29.28,58.56,-9.76,-82.96,-97.6,-131.76,68.32,73.2
19.52,58.56,39.04,-39.04,-9.76,48.8,-4.88,-82.96,-97.6,-131.76,68.32,78.08
9.76,48.8,39.04,-29.28,-14.64,43.92,-14.64,-87.84,-97.6,-136.64,68.32,73.2
19.52,53.68,34.16,-34.16,-9.76,43.92,-19.52,-92.72,-102.48,-136.64,68.32,78.08
19.52,48.8,29.28,-34.16,-4.88,39.04,-24.4,-102.48,-112.24,-141.52,68.32,73.2
14.64,29.28,14.64,-19.52,0,19.52,-29.28,-102.48,-117.12,-146.4,68.32,68.32
24.4,19.52,-4.88,-19.52,14.64,4.88,-39.04,-122,-126.88,-156.16,58.56,63.44
14.64,24.4,9.76,-19.52,0,14.64,-34.16,-122,-122,-156.16,63.44,58.56
14.64,24.4,9.76,-19.52,0,14.64,-24.4,-117.12,-122,-156.16,68.32,63.44
-9.76,19.52,29.28,-4.88,-19.52,24.4,-24.4,-117.12,-126.88,-161.04,68.32,63.44
-19.52,9.76,29.28,4.88,-24.4,19.52,-29.28,-136.64,-136.64,-180.56,58.56,53.68
-14.64,4.88,19.52,4.88,-19.52,9.76,-24.4,-136.64,-141.52,-185.44,58.56,58.56
-9.76,0,9.76,4.88,-9.76,4.88,-19.52,-131.76,-136.64,-180.56,63.44,63.44
9.76,9.76,0,-9.76,4.88,4.88,-24.4,-131.76,-141.52,-185.44,58.56,53.68
9.76,0,-9.76,-4.88,9.76,-4.88,-29.28,-141.52,-146.4,-190.32,48.8,48.8
-39.04,-24.4,14.64,34.16,-29.28,-4.88,-19.52,-136.64,-141.52,-190.32,58.56,58.56
-53.68,-14.64,39.04,34.16,-48.8,9.76,-14.64,-126.88,-131.76,-180.56,73.2,68.32
-19.52,0,19.52,9.76,-19.52,9.76,-19.52,-141.52,-146.4,-195.2,63.44,58.56
-14.64,-9.76,4.88,14.64,-9.76,-4.88,-29.28,-151.28,-156.16,-204.96,58.56,53.68
-39.04,-24.4,14.64,34.16,-29.28,-4.88,-34.16,-156.16,-165.92,-214.72,53.68,53.68
-48.8,-29.28,19.52,39.04,-34.16,-4.88,-39.04,-170.8,-175.68,-224.48,48.8,48.8
-53.68,-29.28,24.4,43.92,-39.04,-4.88,-34.16,-170.8,-180.56,-234.24,48.8,53.68
-63.44,-48.8,14.64,58.56,-39.04,-19.52,-29.28,-161.04,-175.68,-234.24,58.56,53.68
-63.44,-43.92,19.52,53.68,-43.92,-14.64,-39.04,-175.68,-185.44,-244,53.68,53.68
-43.92,-29.28,14.64,39.04,-29.28,-9.76,-29.28,-170.8,-180.56,-239.12,58.56,68.32
-29.28,-34.16,-4.88,34.16,-14.64,-19.52,-34.16,-175.68,-185.44,-239.12,58.56,63.44
-34.16,-43.92,-9.76,39.04,-14.64,-29.28,-39.04,-175.68,-185.44,-239.12,53.68,63.44
-48.8,-24.4,24.4,39.04,-39.04,0,-24.4,-161.04,-170.8,-229.36,68.32,73.2
-29.28,-19.52,9.76,24.4,-19.52,-4.88,-19.52,-156.16,-161.04,-219.6,73.2,78.08
-63.44,-24.4,39.04,43.92,-53.68,4.88,-14.64,-146.4,-151.28,-209.84,87.84,87.84
-48.8,-19.52,29.28,34.16,-39.04,4.88,-19.52,-151.28,-156.16,-219.6,87.84,82.96
-53.68,-24.4,29.28,39.04,-43.92,0,-19.52,-161.04,-165.92,-234.24,78.08,78.08
-14.64,-29.28,-14.64,24.4,0,-24.4,-29.28,-165.92,-175.68,-239.12,73.2,68.32
-24.4,-29.28,-4.88,29.28,-9.76,-19.52,-24.4,-165.92,-175.68,-239.12,78.08,78.08
-63.44,-34.16,29.28,48.8,-48.8,-4.88,-14.64,-156.16,-170.8,-234.24,92.72,87.84
-73.2,-39.04,34.16,58.56,-53.68,-4.88,0,-141.52,-161.04,-224.48,112.24,102.48
-19.52,-34.16,-14.64,29.28,-4.88,-24.4,-24.4,-161.04,-175.68,-239.12,97.6,82.96
-4.88,-34.16,-29.28,19.52,9.76,-34.16,-29.28,-161.04,-175.68,-239.12,97.6,82.96
-58.56,-29.28,29.28,43.92,-43.92,0,-14.64,-141.52,-151.28,-219.6,122,117.12
-43.92,-39.04,4.88,43.92,-24.4,-19.52,-24.4,-161.04,-170.8,-229.36,117.12,107.36
-43.92,-19.52,24.4,34.16,-34.16,0,-34.16,-165.92,-175.68,-239.12,107.36,112.24
-43.92,-9.76,34.16,29.28,-39.04,9.76,-19.52,-156.16,-170.8,-229.36,126.88,122
-58.56,-29.28,29.28,43.92,-43.92,0,-14.64,-151.28,-170.8,-224.48,131.76,126.88
-73.2,-24.4,48.8,48.8,-63.44,9.76,-4.88,-146.4,-161.04,-219.6,141.52,136.64
-82.96,-24.4,58.56,53.68,-73.2,14.64,0,-146.4,-161.04,-229.36,151.28,141.52
-78.08,-34.16,43.92,58.56,-63.44,4.88,0,-141.52,-161.04,-229.36,156.16,146.4
-53.68,-34.16,19.52,43.92,-39.04,-9.76,-9.76,-146.4,-161.04,-224.48,151.28,141.52
-48.8,-29.28,19.52,39.04,-34.16,-4.88,-14.64,-151.28,-165.92,-234.24,141.52,131.76
-43.92,-24.4,19.52,34.16,-34.16,-4.88,-9.76,-146.4,-156.16,-234.24,141.52,131.76
-43.92,-24.4,19.52,34.16,-34.16,-4.88,-14.64,-146.4,-165.92,-234.24,136.64,131.76
-43.92,-24.4,19.52,34.16,-34.16,-4.88,-14.64,-146.4,-170.8,-239.12,131.76,126.88
-68.32,-9.76,58.56,39.04,-63.44,24.4,0,-141.52,-165.92,-234.24,136.64,131.76
-82.96,-19.52,63.44,53.68,-73.2,19.52,0,-151.28,-165.92,-229.36,136.64,131.76
-78.08,-24.4,53.68,53.68,-68.32,14.64,4.88,-161.04,-175.68,-239.12,131.76,136.64
-68.32,0,68.32,34.16,-68.32,34.16,14.64,-170.8,-180.56,-253.76,136.64,146.4
-102.48,19.52,122,43.92,-112.24,68.32,29.28,-170.8,-175.68,-248.88,156.16,170.8
-102.48,43.92,146.4,29.28,-126.88,92.72,48.8,-180.56,-170.8,-244,175.68,190.32
-112.24,53.68,165.92,29.28,-141.52,107.36,73.2,-170.8,-165.92,-263.52,170.8,190.32
-146.4,24.4,170.8,63.44,-161.04,97.6,122,-131.76,-151.28,-268.4,165.92,175.68
-136.64,-4.88,131.76,73.2,-136.64,63.44,151.28,-68.32,-107.36,-239.12,170.8,170.8
-126.88,-9.76,117.12,68.32,-122,53.68,175.68,-4.88,-48.8,-185.44,185.44,165.92
-107.36,4.88,112.24,53.68,-112.24,58.56,190.32,68.32,29.28,-87.84,258.64,214.72
-48.8,19.52,68.32,14.64,-58.56,43.92,190.32,165.92,126.88,39.04,341.6,268.4
14.64,34.16,19.52,-24.4,-4.88,24.4,200.08,297.68,258.64,195.2,434.32,312.32
112.24,68.32,-43.92,-87.84,78.08,9.76,219.6,478.24,444.08,405.04,551.44,370.88
200.08,92.72,-107.36,-146.4,151.28,-9.76,204.96,644.16,634.4,634.4,678.32,429.44
297.68,126.88,-170.8,-209.84,234.24,-24.4,141.52,814.96,839.36,893.04,814.96,502.64
405.04,170.8,-234.24,-287.92,317.2,-34.16,43.92,951.6,1005.28,1137.04,951.6,570.96
522.16,195.2,-326.96,-356.24,424.56,-68.32,-78.08,1005.28,1112.64,1346.88,1063.84,639.28
634.4,239.12,-395.28,-434.32,512.4,-78.08,-180.56,1049.2,1205.36,1537.2,1146.8,683.2
707.6,297.68,-409.92,-502.64,556.32,-58.56,-302.56,1024.8,1259.04,1708,1234.64,732
741.76,341.6,-400.16,-541.68,570.96,-29.28,-414.8,951.6,1244.4,1844.64,1293.2,766.16
717.36,356.24,-361.12,-536.8,536.8,-4.88,-458.72,932.08,1307.84,1991.04,1342,790.56
678.32,307.44,-370.88,-492.88,522.16,-34.16,-468.48,863.76,1302.96,2010.56,1293.2,722.24
653.92,204.96,-448.96,-429.44,551.44,-122,-463.6,751.52,1210.24,1908.08,1132.16,566.08
556.32,92.72,-463.6,-322.08,507.52,-185.44,-453.84,600.24,1039.44,1659.2,907.68,409.92
429.44,0,-429.44,-214.72,429.44,-214.72,-439.2,380.64,775.92,1259.04,649.04,278.16
278.16,-24.4,-302.56,-126.88,287.92,-165.92,-400.16,131.76,483.12,824.72,429.44,190.32
122,-48.8,-170.8,-34.16,146.4,-112.24,-370.88,-29.28,278.16,522.16,292.8,141.52
14.64,-82.96,-97.6,34.16,53.68,-92.72,-336.72,-165.92,92.72,268.4,185.44,87.84
-58.56,-63.44,-4.88,63.44,-29.28,-34.16,-307.44,-307.44,-102.48,19.52,117.12,78.08
-78.08,-43.92,34.16,63.44,-58.56,-4.88,-283.04,-448.96,-287.92,-190.32,63.44,68.32
-87.84,-29.28,58.56,58.56,-73.2,14.64,-253.76,-488,-375.76,-287.92,39.04,68.32
-102.48,-24.4,78.08,63.44,-92.72,24.4,-204.96,-444.08,-366,-297.68,48.8,78.08
-102.48,-34.16,68.32,68.32,-87.84,14.64,-180.56,-375.76,-331.84,-278.16,53.68,82.96
-78.08,-43.92,34.16,63.44,-58.56,-4.88,-165.92,-302.56,-273.28,-248.88,68.32,82.96
-82.96,-53.68,29.28,68.32,-58.56,-14.64,-131.76,-234.24,-214.72,-200.08,87.84,92.72
-78.08,-39.04,39.04,58.56,-58.56,0,-107.36,-185.44,-161.04,-175.68,112.24,112.24
-53.68,-19.52,34.16,39.04,-43.92,4.88,-82.96,-146.4,-117.12,-146.4,117.12,122
-73.2,-19.52,53.68,48.8,-63.44,14.64,-48.8,-107.36,-87.84,-117.12,136.64,141.52
-73.2,-19.52,53.68,48.8,-63.44,14.64,-19.52,-73.2,-68.32,-107.36,146.4,151.28
-48.8,-14.64,34.16,34.16,-43.92,9.76,-9.76,-58.56,-58.56,-112.24,146.4,151.28
-58.56,-24.4,34.16,43.92,-48.8,4.88,0,-53.68,-63.44,-122,136.64,141.52
-53.68,-24.4,29.28,39.04,-43.92,0,9.76,-43.92,-58.56,-122,136.64,141.52
-43.92,-14.64,29.28,29.28,-39.04,4.88,14.64,-34.16,-63.44,-126.88,136.64,141.52
-43.92,-19.52,24.4,34.16,-34.16,0,9.76,-48.8,-63.44,-136.64,136.64,136.64
-29.28,-9.76,19.52,19.52,-24.4,4.88,9.76,-48.8,-68.32,-136.64,131.76,131.76
-14.64,-9.76,4.88,14.64,-9.76,-4.88,4.88,-63.44,-78.08,-146.4,122,131.76
-19.52,-9.76,9.76,14.64,-14.64,0,9.76,-63.44,-82.96,-151.28,117.12,131.76
-43.92,-19.52,24.4,34.16,-34.16,0,9.76,-68.32,-87.84,-146.4,126.88,131.76
-92.72,-29.28,63.44,63.44,-78.08,14.64,24.4,-58.56,-82.96,-146.4,126.88,141.52
-78.08,-19.52,58.56,48.8,-68.32,19.52,24.4,-58.56,-87.84,-156.16,117.12,136.64
-58.56,-19.52,39.04,39.04,-48.8,9.76,24.4,-58.56,-92.72,-165.92,112.24,136.64
-58.56,-39.04,19.52,48.8,-39.04,-9.76,19.52,-58.56,-97.6,-175.68,112.24,131.76
-63.44,-29.28,34.16,48.8,-48.8,0,19.52,-53.68,-92.72,-175.68,112.24,131.76
-73.2,-29.28,43.92,53.68,-58.56,4.88,24.4,-43.92,-82.96,-161.04,122,136.64
-63.44,-24.4,39.04,43.92,-53.68,4.88,24.4,-43.92,-82.96,-156.16,117.12,131.76
-34.16,-14.64,19.52,24.4,-29.28,0,19.52,-53.68,-87.84,-161.04,112.24,126.88
-53.68,-24.4,29.28,39.04,-43.92,0,14.64,-53.68,-87.84,-165.92,112.24,126.88
-68.32,-29.28,39.04,48.8,-53.68,4.88,19.52,-58.56,-87.84,-165.92,112.24,126.88
-58.56,-24.4,34.16,43.92,-48.8,4.88,19.52,-63.44,-87.84,-156.16,107.36,122
-63.44,-24.4,39.04,43.92,-53.68,4.88,24.4,-58.56,-87.84,-161.04,112.24,126.88
-58.56,-24.4,34.16,43.92,-48.8,4.88,29.28,-58.56,-87.84,-165.92,102.48,122
-58.56,-29.28,29.28,43.92,-43.92,0,29.28,-48.8,-82.96,-161.04,112.24,131.76
-58.56,-24.4,34.16,43.92,-48.8,4.88,19.52,-48.8,-87.84,-170.8,102.48,117.12
-48.8,-19.52,29.28,34.16,-39.04,4.88,19.52,-43.92,-82.96,-165.92,107.36,117.12
-48.8,-24.4,24.4,39.04,-39.04,0,24.4,-39.04,-82.96,-156.16,102.48,126.88
-43.92,-19.52,24.4,34.16,-34.16,0,19.52,-48.8,-82.96,-161.04,102.48,122
-39.04,-19.52,19.52,29.28,-29.28,0,19.52,-53.68,-87.84,-170.8,92.72,112.24
-68.32,-29.28,39.04,48.8,-53.68,4.88,24.4,-53.68,-87.84,-165.92,97.6,112.24
-82.96,-34.16,48.8,58.56,-68.32,4.88,34.16,-43.92,-78.08,-151.28,102.48,122
-58.56,-34.16,24.4,48.8,-43.92,-4.88,14.64,-58.56,-92.72,-170.8,87.84,112.24
-63.44,-39.04,24.4,53.68,-43.92,-9.76,24.4,-43.92,-82.96,-161.04,92.72,122
-73.2,-34.16,39.04,53.68,-58.56,0,29.28,-34.16,-78.08,-151.28,102.48,126.88
-43.92,-34.16,9.76,39.04,-29.28,-14.64,19.52,-48.8,-92.72,-175.68,92.72,117.12
-53.68,-29.28,24.4,43.92,-39.04,-4.88,19.52,-43.92,-87.84,-170.8,97.6,117.12
-19.52,-34.16,-14.64,29.28,-4.88,-24.4,4.88,-58.56,-102.48,-175.68,78.08,102.48
14.64,-24.4,-39.04,4.88,24.4,-34.16,-4.88,-68.32,-107.36,-185.44,68.32,87.84
-9.76,-19.52,-9.76,14.64,0,-14.64,19.52,-48.8,-87.84,-161.04,87.84,112.24
-63.44,-19.52,43.92,43.92,-53.68,9.76,34.16,-39.04,-73.2,-151.28,97.6,122
-112.24,-19.52,92.72,68.32,-102.48,34.16,48.8,-24.4,-63.44,-131.76,112.24,141.52
-102.48,-19.52,82.96,63.44,-92.72,29.28,43.92,-24.4,-58.56,-131.76,117.12,136.64
-73.2,-29.28,43.92,53.68,-58.56,4.88,34.16,-29.28,-73.2,-146.4,97.6,126.88
-43.92,-34.16,9.76,39.04,-29.28,-14.64,24.4,-34.16,-78.08,-161.04,92.72,117.12
-53.68,-34.16,19.52,43.92,-39.04,-9.76,24.4,-24.4,-78.08,-156.16,92.72,122
-87.84,-29.28,58.56,58.56,-73.2,14.64,29.28,-9.76,-63.44,-146.4,107.36,126.88
-73.2,-24.4,48.8,48.8,-63.44,9.76,29.28,-9.76,-58.56,-136.64,102.48,126.88
-43.92,-24.4,19.52,34.16,-34.16,-4.88,19.52,-29.28,-73.2,-146.4,92.72,117.12
-58.56,-29.28,29.28,43.92,-43.92,0,24.4,-34.16,-78.08,-151.28,92.72,122
-92.72,-29.28,63.44,63.44,-78.08,14.64,39.04,-29.28,-63.44,-141.52,102.48,126.88
-63.44,-24.4,39.04,43.92,-53.68,4.88,34.16,-34.16,-68.32,-141.52,87.84,122
-24.4,-19.52,4.88,24.4,-14.64,-9.76,29.28,-29.28,-73.2,-146.4,87.84,117.12
-43.92,-29.28,14.64,39.04,-29.28,-9.76,34.16,-29.28,-63.44,-136.64,87.84,122
-58.56,-39.04,19.52,48.8,-39.04,-9.76,29.28,-24.4,-63.44,-136.64,92.72,117.12
-48.8,-29.28,19.52,39.04,-34.16,-4.88,19.52,-19.52,-63.44,-136.64,87.84,107.36
-58.56,-29.28,29.28,43.92,-43.92,0,24.4,-9.76,-53.68,-131.76,97.6,117.12
-82.96,-34.16,48.8,58.56,-68.32,4.88,29.28,0,-43.92,-122,97.6,126.88
-73.2,-34.16,39.04,53.68,-58.56,0,24.4,-9.76,-48.8,-126.88,92.72,122
-63.44,-39.04,24.4,53.68,-43.92,-9.76,19.52,-19.52,-58.56,-136.64,87.84,117.12
-34.16,-19.52,14.64,29.28,-24.4,-4.88,24.4,-19.52,-58.56,-131.76,92.72,117.12
-34.16,-14.64,19.52,24.4,-29.28,0,29.28,-14.64,-53.68,-131.76,92.72,117.12
-53.68,-14.64,39.04,34.16,-48.8,9.76,39.04,0,-43.92,-131.76,97.6,126.88
-43.92,-19.52,24.4,34.16,-34.16,0,29.28,-4.88,-43.92,-126.88,97.6,122
-58.56,-29.28,29.28,43.92,-43.92,0,34.16,4.88,-34.16,-117.12,97.6,122
-43.92,-24.4,19.52,34.16,-34.16,-4.88,29.28,9.76,-34.16,-117.12,92.72,117.12
-34.16,-14.64,19.52,24.4,-29.28,0,24.4,9.76,-29.28,-117.12,97.6,112.24
-43.92,-14.64,29.28,29.28,-39.04,4.88,24.4,9.76,-24.4,-112.24,97.6,107.36
-43.92,-4.88,39.04,24.4,-43.92,14.64,19.52,9.76,-24.4,-107.36,97.6,107.36
-39.04,-4.88,34.16,24.4,-39.04,14.64,19.52,4.88,-34.16,-117.12,87.84,112.24
-58.56,-14.64,43.92,39.04,-53.68,14.64,29.28,9.76,-29.28,-112.24,97.6,122
-48.8,-14.64,34.16,34.16,-43.92,9.76,29.28,4.88,-29.28,-112.24,97.6,117.12
-43.92,-19.52,24.4,34.16,-34.16,0,24.4,9.76,-34.16,-117.12,87.84,107.36
-39.04,-24.4,14.64,34.16,-29.28,-4.88,14.64,9.76,-34.16,-117.12,87.84,107.36
-39.04,-19.52,19.52,29.28,-29.28,0,19.52,19.52,-24.4,-102.48,92.72,112.24
-39.04,-24.4,14.64,34.16,-29.28,-4.88,24.4,34.16,-14.64,-97.6,102.48,117.12
-48.8,-9.76,39.04,29.28,-43.92,14.64,34.16,53.68,9.76,-78.08,112.24,126.88
-34.16,-4.88,29.28,19.52,-34.16,9.76,29.28,39.04,9.76,-73.2,107.36,126.88
-34.16,-4.88,29.28,19.52,-34.16,9.76,29.28,48.8,14.64,-73.2,112.24,126.88
-29.28,-4.88,24.4,19.52,-29.28,9.76,24.4,43.92,9.76,-73.2,107.36,117.12
-43.92,-9.76,34.16,29.28,-39.04,9.76,29.28,48.8,14.64,-73.2,107.36,122
-24.4,0,24.4,14.64,-24.4,9.76,29.28,43.92,14.64,-68.32,112.24,122
-29.28,0,29.28,14.64,-29.28,14.64,34.16,58.56,14.64,-68.32,112.24,122
-43.92,-14.64,29.28,29.28,-39.04,4.88,24.4,58.56,14.64,-68.32,112.24,117.12
-29.28,-9.76,19.52,19.52,-24.4,4.88,19.52,63.44,19.52,-63.44,112.24,117.12
-29.28,-4.88,24.4,19.52,-29.28,9.76,24.4,78.08,34.16,-48.8,117.12,122
-29.28,4.88,34.16,14.64,-34.16,19.52,29.28,97.6,53.68,-39.04,131.76,131.76
-14.64,14.64,29.28,0,-24.4,19.52,29.28,92.72,53.68,-29.28,126.88,126.88
0,19.52,19.52,-9.76,-9.76,19.52,19.52,97.6,53.68,-29.28,126.88,122
14.64,19.52,4.88,-14.64,4.88,9.76,24.4,97.6,53.68,-29.28,126.88,126.88
9.76,24.4,14.64,-14.64,-4.88,19.52,29.28,97.6,63.44,-14.64,136.64,136.64
14.64,19.52,4.88,-14.64,4.88,9.76,29.28,102.48,58.56,-14.64,131.76,131.76
29.28,24.4,-4.88,-24.4,14.64,9.76,19.52,102.48,58.56,-24.4,131.76,126.88
0,9.76,9.76,-4.88,-4.88,9.76,29.28,117.12,73.2,-9.76,136.64,136.64
-19.52,19.52,39.04,0,-29.28,29.28,29.28,131.76,82.96,0,146.4,141.52
-9.76,29.28,39.04,-9.76,-24.4,34.16,29.28,146.4,97.6,14.64,151.28,141.52
-14.64,24.4,39.04,-4.88,-29.28,29.28,24.4,156.16,107.36,19.52,161.04,146.4
-9.76,34.16,43.92,-9.76,-29.28,39.04,24.4,161.04,122,34.16,165.92,151.28
9.76,34.16,24.4,-19.52,-9.76,29.28,19.52,170.8,122,39.04,165.92,151.28
19.52,29.28,9.76,-24.4,4.88,19.52,19.52,170.8,122,43.92,165.92,146.4
34.16,34.16,0,-34.16,14.64,14.64,14.64,165.92,126.88,43.92,165.92,146.4
53.68,43.92,-9.76,-48.8,29.28,14.64,9.76,175.68,126.88,48.8,161.04,141.52
53.68,48.8,-4.88,-48.8,29.28,19.52,19.52,195.2,141.52,53.68,175.68,156.16
48.8,48.8,0,-48.8,24.4,24.4,24.4,204.96,156.16,68.32,185.44,161.04
29.28,48.8,19.52,-39.04,4.88,34.16,19.52,219.6,165.92,82.96,190.32,161.04
9.76,58.56,48.8,-34.16,-19.52,53.68,24.4,244,190.32,107.36,209.84,170.8
39.04,73.2,34.16,-53.68,0,53.68,24.4,258.64,204.96,117.12,219.6,175.68
19.52,63.44,43.92,-39.04,-14.64,53.68,24.4,273.28,219.6,136.64,224.48,185.44
9.76,73.2,63.44,-39.04,-29.28,68.32,29.28,283.04,234.24,151.28,229.36,195.2
48.8,78.08,29.28,-63.44,9.76,53.68,34.16,292.8,244,161.04,239.12,204.96
82.96,92.72,9.76,-87.84,34.16,48.8,19.52,287.92,239.12,156.16,234.24,195.2
82.96,92.72,9.76,-87.84,34.16,48.8,24.4,307.44,253.76,175.68,244,195.2
58.56,92.72,34.16,-73.2,9.76,63.44,29.28,326.96,273.28,190.32,253.76,204.96
73.2,97.6,24.4,-82.96,24.4,58.56,24.4,346.48,283.04,209.84,273.28,204.96
73.2,87.84,14.64,-78.08,29.28,48.8,19.52,356.24,292.8,219.6,268.4,200.08
78.08,97.6,19.52,-87.84,29.28,58.56,14.64,370.88,307.44,229.36,268.4,204.96
102.48,117.12,14.64,-107.36,43.92,63.44,14.64,395.28,331.84,253.76,287.92,214.72
102.48,117.12,14.64,-107.36,43.92,63.44,14.64,400.16,346.48,273.28,297.68,219.6
107.36,126.88,19.52,-117.12,43.92,73.2,9.76,419.68,361.12,287.92,302.56,229.36
122,131.76,9.76,-126.88,53.68,68.32,19.52,439.2,375.76,307.44,312.32,244
97.6,122,24.4,-107.36,34.16,73.2,24.4,458.72,400.16,331.84,326.96,258.64
122,131.76,9.76,-126.88,53.68,68.32,29.28,468.48,409.92,346.48,341.6,263.52
156.16,136.64,-19.52,-146.4,87.84,58.56,14.64,468.48,414.8,341.6,331.84,248.88
141.52,131.76,-9.76,-136.64,73.2,58.56,14.64,492.88,429.44,366,346.48,258.64
136.64,141.52,4.88,-136.64,63.44,73.2,19.52,522.16,453.84,395.28,356.24,258.64
151.28,151.28,0,-151.28,73.2,73.2,19.52,536.8,473.36,414.8,366,273.28
156.16,146.4,-9.76,-151.28,82.96,68.32,19.52,546.56,488,429.44,375.76,273.28
151.28,146.4,-4.88,-146.4,78.08,68.32,19.52,556.32,502.64,439.2,385.52,268.4
151.28,151.28,0,-151.28,73.2,73.2,19.52,575.84,512.4,453.84,385.52,278.16
170.8,165.92,-4.88,-165.92,87.84,78.08,19.52,585.6,522.16,463.6,395.28,287.92
165.92,175.68,9.76,-170.8,78.08,92.72,24.4,590.48,531.92,478.24,400.16,292.8
180.56,170.8,-9.76,-175.68,92.72,78.08,29.28,600.24,536.8,492.88,405.04,292.8
190.32,175.68,-14.64,-180.56,102.48,78.08,29.28,614.88,556.32,497.76,409.92,292.8
175.68,165.92,-9.76,-170.8,92.72,78.08,29.28,629.52,566.08,517.28,419.68,302.56
190.32,170.8,-19.52,-180.56,102.48,73.2,24.4,639.28,575.84,522.16,419.68,297.68
190.32,180.56,-9.76,-185.44,97.6,82.96,29.28,658.8,590.48,546.56,429.44,307.44
180.56,175.68,-4.88,-175.68,92.72,82.96,29.28,668.56,610,551.44,429.44,307.44
180.56,175.68,-4.88,-175.68,92.72,82.96,34.16,673.44,614.88,566.08,439.2,312.32
195.2,180.56,-14.64,-185.44,102.48,82.96,24.4,668.56,610,561.2,429.44,302.56
195.2,185.44,-9.76,-190.32,102.48,87.84,34.16,668.56,610,566.08,434.32,297.68
204.96,185.44,-19.52,-195.2,112.24,82.96,48.8,678.32,624.64,580.72,448.96,307.44
190.32,180.56,-9.76,-185.44,97.6,82.96,48.8,678.32,619.76,575.84,444.08,307.44
180.56,170.8,-9.76,-175.68,92.72,78.08,43.92,673.44,610,561.2,439.2,307.44
170.8,170.8,0,-170.8,82.96,82.96,43.92,663.68,610,570.96,439.2,307.44
175.68,175.68,0,-175.68,87.84,87.84,48.8,663.68,614.88,566.08,439.2,307.44
190.32,204.96,14.64,-195.2,87.84,107.36,63.44,668.56,619.76,570.96,444.08,322.08
180.56,190.32,9.76,-185.44,82.96,97.6,58.56,649.04,610,561.2,434.32,312.32
161.04,175.68,14.64,-165.92,73.2,92.72,63.44,634.4,595.36,551.44,429.44,302.56
165.92,175.68,9.76,-170.8,78.08,92.72,58.56,610,566.08,522.16,409.92,283.04
175.68,165.92,-9.76,-170.8,92.72,78.08,58.56,575.84,546.56,492.88,395.28,278.16
180.56,170.8,-9.76,-175.68,92.72,78.08,63.44,556.32,527.04,478.24,390.4,273.28
170.8,170.8,0,-170.8,82.96,82.96,68.32,531.92,502.64,453.84,370.88,258.64
117.12,156.16,39.04,-136.64,39.04,97.6,78.08,522.16,492.88,434.32,375.76,258.64
82.96,131.76,48.8,-107.36,14.64,87.84,82.96,507.52,488,424.56,366,263.52
107.36,122,14.64,-112.24,43.92,68.32,68.32,473.36,448.96,395.28,346.48,244
165.92,131.76,-34.16,-146.4,97.6,48.8,63.44,448.96,414.8,361.12,317.2,219.6
165.92,136.64,-29.28,-151.28,97.6,53.68,63.44,419.68,400.16,346.48,302.56,209.84
78.08,122,43.92,-97.6,14.64,82.96,82.96,414.8,395.28,336.72,307.44,219.6
73.2,112.24,39.04,-92.72,14.64,73.2,78.08,385.52,370.88,312.32,292.8,209.84
78.08,112.24,34.16,-92.72,19.52,73.2,78.08,356.24,346.48,292.8,283.04,190.32
58.56,97.6,39.04,-78.08,9.76,68.32,78.08,331.84,326.96,268.4,273.28,180.56
73.2,92.72,19.52,-82.96,24.4,53.68,68.32,292.8,287.92,229.36,239.12,165.92
48.8,78.08,29.28,-63.44,9.76,53.68,68.32,268.4,268.4,214.72,229.36,165.92
48.8,78.08,29.28,-63.44,9.76,53.68,63.44,253.76,248.88,190.32,219.6,156.16
43.92,78.08,34.16,-58.56,4.88,53.68,58.56,234.24,229.36,175.68,209.84,141.52
39.04,58.56,19.52,-48.8,9.76,39.04,63.44,219.6,214.72,151.28,200.08,136.64
29.28,63.44,34.16,-43.92,-4.88,48.8,63.44,209.84,204.96,146.4,195.2,131.76
24.4,58.56,34.16,-39.04,-4.88,43.92,58.56,190.32,190.32,131.76,185.44,122
39.04,58.56,19.52,-48.8,9.76,39.04,48.8,165.92,156.16,102.48,161.04,107.36
39.04,53.68,14.64,-43.92,9.76,34.16,43.92,141.52,141.52,87.84,146.4,92.72
34.16,34.16,0,-34.16,14.64,14.64,43.92,122,126.88,73.2,136.64,82.96
19.52,34.16,14.64,-24.4,0,24.4,43.92,117.12,112.24,58.56,126.88,82.96
29.28,39.04,9.76,-34.16,9.76,24.4,39.04,92.72,97.6,34.16,117.12,73.2
19.52,19.52,0,-19.52,9.76,9.76,29.28,73.2,78.08,24.4,107.36,68.32
19.52,14.64,-4.88,-14.64,9.76,4.88,19.52,58.56,63.44,9.76,97.6,58.56
24.4,9.76,-14.64,-14.64,19.52,-4.88,19.52,53.68,53.68,4.88,87.84,58.56
-19.52,-4.88,14.64,14.64,-19.52,4.88,24.4,53.68,58.56,0,92.72,53.68
-39.04,-9.76,29.28,24.4,-34.16,9.76,29.28,53.68,53.68,0,92.72,58.56
-9.76,-4.88,4.88,9.76,-9.76,0,19.52,39.04,34.16,-14.64,78.08,43.92
14.64,4.88,-9.76,-9.76,9.76,-4.88,14.64,24.4,24.4,-24.4,78.08,39.04
19.52,0,-19.52,-9.76,19.52,-9.76,19.52,19.52,24.4,-24.4,73.2,34.16
24.4,0,-24.4,-9.76,24.4,-14.64,19.52,14.64,9.76,-39.04,68.32,29.28
14.64,-4.88,-19.52,-4.88,14.64,-14.64,24.4,9.76,4.88,-43.92,68.32,29.28
-29.28,-19.52,9.76,24.4,-19.52,-4.88,24.4,14.64,4.88,-34.16,68.32,34.16
-48.8,-29.28,19.52,39.04,-34.16,-4.88,29.28,14.64,4.88,-43.92,58.56,24.4
-19.52,-19.52,0,19.52,-9.76,-9.76,14.64,9.76,-4.88,-48.8,48.8,19.52
-14.64,-19.52,-4.88,19.52,-4.88,-14.64,14.64,0,-4.88,-53.68,48.8,14.64
-4.88,-19.52,-14.64,14.64,4.88,-19.52,9.76,-4.88,-9.76,-58.56,39.04,14.64
-9.76,-14.64,-4.88,14.64,-4.88,-9.76,9.76,0,-4.88,-58.56,48.8,14.64
-39.04,-14.64,24.4,29.28,-34.16,4.88,19.52,-4.88,0,-48.8,53.68,14.64
-14.64,-19.52,-4.88,19.52,-4.88,-14.64,19.52,-9.76,0,-53.68,48.8,14.64
4.88,-19.52,-24.4,9.76,14.64,-24.4,9.76,-19.52,-19.52,-68.32,34.16,0
-9.76,-24.4,-14.64,19.52,0,-19.52,9.76,-19.52,-19.52,-73.2,39.04,4.88
-14.64,-19.52,-4.88,19.52,-4.88,-14.64,14.64,-14.64,-9.76,-58.56,39.04,4.88
-19.52,-24.4,-4.88,24.4,-9.76,-14.64,19.52,-14.64,-9.76,-63.44,34.16,4.88
-19.52,-19.52,0,19.52,-9.76,-9.76,9.76,-9.76,-9.76,-63.44,34.16,4.88
-34.16,-29.28,4.88,34.16,-19.52,-14.64,14.64,-4.88,-4.88,-58.56,43.92,4.88
-34.16,-34.16,0,34.16,-19.52,-19.52,9.76,-9.76,-9.76,-58.56,39.04,0
-19.52,-29.28,-9.76,24.4,-4.88,-19.52,9.76,-9.76,-14.64,-63.44,34.16,0
-14.64,-24.4,-9.76,19.52,-4.88,-19.52,4.88,-24.4,-19.52,-68.32,29.28,-9.76
4.88,-29.28,-34.16,14.64,19.52,-34.16,4.88,-29.28,-24.4,-73.2,24.4,-14.64
14.64,-19.52,-34.16,4.88,24.4,-29.28,4.88,-29.28,-29.28,-78.08,19.52,-14.64
-9.76,-29.28,-19.52,19.52,4.88,-24.4,4.88,-34.16,-29.28,-82.96,19.52,-14.64
-48.8,-29.28,19.52,39.04,-34.16,-4.88,14.64,-19.52,-14.64,-58.56,39.04,4.88
-53.68,-29.28,24.4,43.92,-39.04,-4.88,24.4,-14.64,-4.88,-53.68,39.04,4.88
-34.16,-24.4,9.76,29.28,-24.4,-9.76,9.76,-14.64,-14.64,-63.44,29.28,-9.76
-19.52,-29.28,-9.76,24.4,-4.88,-19.52,9.76,-14.64,-4.88,-68.32,29.28,-9.76
-9.76,-43.92,-34.16,29.28,9.76,-39.04,-9.76,-29.28,-19.52,-78.08,14.64,-24.4
-14.64,-34.16,-19.52,24.4,0,-29.28,0,-24.4,-19.52,-78.08,19.52,-14.64
0,-14.64,-14.64,9.76,4.88,-14.64,0,-24.4,-19.52,-73.2,29.28,-14.64
-14.64,-24.4,-9.76,19.52,-4.88,-19.52,9.76,-24.4,-14.64,-68.32,34.16,-4.88
-24.4,-24.4,0,24.4,-14.64,-14.64,9.76,-24.4,-24.4,-73.2,34.16,-4.88
-24.4,-24.4,0,24.4,-14.64,-14.64,14.64,-19.52,-19.52,-68.32,39.04,0
-58.56,-29.28,29.28,43.92,-43.92,0,19.52,-9.76,-14.64,-53.68,43.92,4.88
-24.4,-24.4,0,24.4,-14.64,-14.64,14.64,-9.76,-14.64,-58.56,39.04,4.88
-24.4,-19.52,4.88,24.4,-14.64,-9.76,4.88,-14.64,-14.64,-63.44,29.28,-4.88
-29.28,-39.04,-9.76,34.16,-9.76,-24.4,4.88,-14.64,-19.52,-63.44,24.4,-4.88
-19.52,-39.04,-19.52,29.28,0,-29.28,-4.88,-29.28,-24.4,-63.44,19.52,-19.52
4.88,-34.16,-39.04,14.64,19.52,-39.04,-14.64,-34.16,-34.16,-78.08,14.64,-24.4
-24.4,-29.28,-4.88,29.28,-9.76,-19.52,-4.88,-34.16,-24.4,-63.44,29.28,-9.76
-29.28,-43.92,-14.64,39.04,-9.76,-29.28,-4.88,-39.04,-29.28,-73.2,19.52,-14.64
-9.76,-48.8,-39.04,29.28,14.64,-43.92,-19.52,-53.68,-53.68,-87.84,0,-29.28
-29.28,-43.92,-14.64,39.04,-9.76,-29.28,-9.76,-43.92,-39.04,-78.08,9.76,-19.52
-39.04,-39.04,0,39.04,-19.52,-19.52,4.88,-29.28,-29.28,-58.56,29.28,-9.76
-14.64,-29.28,-14.64,24.4,0,-24.4,0,-24.4,-24.4,-63.44,29.28,-9.76
-9.76,-29.28,-19.52,19.52,4.88,-24.4,0,-19.52,-14.64,-58.56,29.28,-9.76
-14.64,-34.16,-19.52,24.4,0,-29.28,-9.76,-29.28,-19.52,-68.32,19.52,-19.52
-14.64,-29.28,-14.64,24.4,0,-24.4,-9.76,-24.4,-19.52,-53.68,24.4,-14.64
-4.88,-14.64,-9.76,9.76,0,-14.64,-14.64,-24.4,-19.52,-58.56,24.4,-19.52
4.88,-19.52,-24.4,9.76,14.64,-24.4,-14.64,-34.16,-29.28,-63.44,19.52,-19.52
0,-19.52,-19.52,9.76,9.76,-19.52,-9.76,-39.04,-29.28,-68.32,19.52,-19.52
-29.28,-34.16,-4.88,34.16,-14.64,-19.52,-4.88,-39.04,-34.16,-58.56,24.4,-19.52
-29.28,-39.04,-9.76,34.16,-9.76,-24.4,-4.88,-39.04,-39.04,-68.32,24.4,-14.64
-19.52,-43.92,-24.4,34.16,0,-34.16,-14.64,-48.8,-39.04,-73.2,9.76,-24.4
-39.04,-43.92,-4.88,43.92,-19.52,-24.4,-9.76,-39.04,-34.16,-63.44,19.52,-14.64
-19.52,-34.16,-14.64,29.28,-4.88,-24.4,-4.88,-29.28,-24.4,-58.56,29.28,-9.76
-19.52,-34.16,-14.64,29.28,-4.88,-24.4,-14.64,-39.04,-24.4,-63.44,19.52,-19.52
-14.64,-43.92,-29.28,29.28,4.88,-39.04,-19.52,-39.04,-29.28,-63.44,19.52,-19.52
-19.52,-39.04,-19.52,29.28,0,-29.28,-14.64,-39.04,-29.28,-58.56,19.52,-19.52
-53.68,-39.04,14.64,48.8,-34.16,-14.64,-19.52,-39.04,-24.4,-53.68,24.4,-24.4
-43.92,-43.92,0,43.92,-24.4,-24.4,-19.52,-43.92,-34.16,-58.56,19.52,-29.28
-9.76,-39.04,-29.28,24.4,9.76,-34.16,-24.4,-53.68,-43.92,-68.32,9.76,-34.16
-29.28,-39.04,-9.76,34.16,-9.76,-24.4,-19.52,-48.8,-43.92,-63.44,14.64,-24.4
-29.28,-43.92,-14.64,39.04,-9.76,-29.28,-19.52,-48.8,-39.04,-63.44,19.52,-19.52
-39.04,-48.8,-9.76,43.92,-14.64,-29.28,-19.52,-48.8,-39.04,-68.32,19.52,-24.4
-34.16,-48.8,-14.64,43.92,-9.76,-34.16,-29.28,-53.68,-48.8,-78.08,14.64,-29.28
-39.04,-39.04,0,39.04,-19.52,-19.52,-24.4,-48.8,-39.04,-73.2,19.52,-29.28
-53.68,-43.92,9.76,48.8,-34.16,-19.52,-24.4,-48.8,-39.04,-68.32,24.4,-24.4
-34.16,-48.8,-14.64,43.92,-9.76,-34.16,-34.16,-58.56,-53.68,-73.2,14.64,-34.16
-4.88,-43.92,-39.04,24.4,14.64,-43.92,-43.92,-68.32,-58.56,-78.08,9.76,-43.92
0,-48.8,-48.8,24.4,24.4,-48.8,-39.04,-68.32,-58.56,-78.08,9.76,-43.92
-9.76,-39.04,-29.28,24.4,9.76,-34.16,-29.28,-68.32,-58.56,-73.2,14.64,-39.04
-58.56,-53.68,4.88,58.56,-34.16,-24.4,-24.4,-63.44,-48.8,-68.32,24.4,-24.4
-68.32,-53.68,14.64,63.44,-43.92,-19.52,-19.52,-58.56,-48.8,-73.2,19.52,-29.28
-48.8,-53.68,-4.88,53.68,-24.4,-29.28,-24.4,-63.44,-53.68,-73.2,19.52,-29.28
-48.8,-48.8,0,48.8,-24.4,-24.4,-29.28,-63.44,-58.56,-78.08,9.76,-39.04
-63.44,-63.44,0,63.44,-34.16,-34.16,-29.28,-58.56,-48.8,-73.2,14.64,-34.16
-63.44,-68.32,-4.88,68.32,-29.28,-39.04,-39.04,-68.32,-53.68,-78.08,9.76,-43.92
-39.04,-58.56,-19.52,48.8,-9.76,-39.04,-48.8,-78.08,-63.44,-87.84,0,-53.68
-19.52,-34.16,-14.64,29.28,-4.88,-24.4,-34.16,-73.2,-53.68,-73.2,9.76,-48.8
-24.4,-43.92,-19.52,34.16,-4.88,-34.16,-34.16,-73.2,-53.68,-68.32,9.76,-48.8
-24.4,-48.8,-24.4,39.04,0,-39.04,-34.16,-78.08,-63.44,-73.2,4.88,-48.8
-4.88,-43.92,-39.04,24.4,14.64,-43.92,-43.92,-82.96,-68.32,-82.96,0,-63.44
-9.76,-53.68,-43.92,34.16,14.64,-48.8,-43.92,-82.96,-73.2,-87.84,-4.88,-73.2
-34.16,-63.44,-29.28,48.8,-4.88,-48.8,-43.92,-82.96,-78.08,-92.72,-4.88,-68.32
-63.44,-68.32,-4.88,68.32,-29.28,-39.04,-34.16,-78.08,-63.44,-82.96,4.88,-58.56
-68.32,-82.96,-14.64,78.08,-29.28,-48.8,-39.04,-78.08,-63.44,-82.96,4.88,-58.56
-48.8,-73.2,-24.4,63.44,-14.64,-48.8,-34.16,-78.08,-68.32,-78.08,4.88,-63.44
-19.52,-63.44,-43.92,43.92,9.76,-53.68,-53.68,-87.84,-78.08,-92.72,-4.88,-73.2
-29.28,-58.56,-29.28,43.92,0,-43.92,-53.68,-87.84,-73.2,-87.84,0,-73.2
-14.64,-73.2,-58.56,43.92,19.52,-68.32,-53.68,-97.6,-78.08,-87.84,-4.88,-73.2
-14.64,-68.32,-53.68,43.92,19.52,-63.44,-58.56,-107.36,-92.72,-92.72,-14.64,-78.08
-29.28,-63.44,-34.16,48.8,0,-48.8,-48.8,-97.6,-87.84,-92.72,0,-73.2
-39.04,-68.32,-29.28,53.68,-4.88,-48.8,-43.92,-97.6,-82.96,-87.84,0,-73.2
-9.76,-73.2,-63.44,43.92,24.4,-68.32,-53.68,-107.36,-102.48,-102.48,-19.52,-82.96
-34.16,-68.32,-34.16,53.68,0,-53.68,-48.8,-102.48,-92.72,-97.6,-9.76,-78.08
-68.32,-82.96,-14.64,78.08,-29.28,-48.8,-43.92,-97.6,-82.96,-92.72,0,-68.32
-78.08,-87.84,-9.76,82.96,-34.16,-48.8,-34.16,-97.6,-82.96,-87.84,-4.88,-73.2
-53.68,-78.08,-24.4,68.32,-14.64,-53.68,-43.92,-102.48,-87.84,-87.84,-4.88,-73.2
-43.92,-82.96,-39.04,63.44,-4.88,-63.44,-48.8,-112.24,-92.72,-92.72,-4.88,-78.08
-19.52,-78.08,-58.56,48.8,19.52,-68.32,-53.68,-117.12,-97.6,-102.48,-14.64,-78.08
-39.04,-73.2,-34.16,58.56,-4.88,-53.68,-53.68,-112.24,-97.6,-97.6,-9.76,-73.2
-73.2,-82.96,-9.76,78.08,-34.16,-48.8,-43.92,-112.24,-92.72,-97.6,-9.76,-78.08
-39.04,-82.96,-43.92,63.44,0,-63.44,-43.92,-112.24,-92.72,-97.6,-9.76,-82.96
-53.68,-97.6,-43.92,78.08,-4.88,-73.2,-53.68,-107.36,-92.72,-92.72,-14.64,-82.96
-43.92,-82.96,-39.04,63.44,-4.88,-63.44,-58.56,-117.12,-102.48,-107.36,-19.52,-92.72
-34.16,-82.96,-48.8,58.56,4.88,-68.32,-53.68,-112.24,-92.72,-102.48,-9.76,-87.84
-48.8,-92.72,-43.92,73.2,-4.88,-68.32,-58.56,-122,-102.48,-102.48,-19.52,-92.72
-58.56,-97.6,-39.04,78.08,-9.76,-68.32,-63.44,-126.88,-102.48,-107.36,-19.52,-87.84
-58.56,-97.6,-39.04,78.08,-9.76,-68.32,-63.44,-126.88,-97.6,-107.36,-14.64,-92.72
-48.8,-92.72,-43.92,73.2,-4.88,-68.32,-53.68,-122,-97.6,-102.48,-14.64,-87.84
-29.28,-68.32,-39.04,48.8,4.88,-53.68,-53.68,-122,-102.48,-102.48,-9.76,-82.96
-24.4,-68.32,-43.92,48.8,9.76,-58.56,-58.56,-122,-102.48,-107.36,-14.64,-87.84
-43.92,-78.08,-34.16,63.44,-4.88,-58.56,-48.8,-122,-102.48,-102.48,-14.64,-87.84
-34.16,-82.96,-48.8,58.56,4.88,-68.32,-58.56,-117.12,-102.48,-107.36,-24.4,-87.84
-24.4,-87.84,-63.44,58.56,19.52,-78.08,-68.32,-126.88,-112.24,-117.12,-34.16,-107.36
-39.04,-87.84,-48.8,63.44,4.88,-68.32,-63.44,-122,-102.48,-107.36,-24.4,-97.6
-48.8,-73.2,-24.4,63.44,-14.64,-48.8,-43.92,-112.24,-92.72,-92.72,-9.76,-78.08
-53.68,-68.32,-14.64,63.44,-19.52,-43.92,-53.68,-112.24,-97.6,-97.6,-14.64,-82.96
-39.04,-63.44,-24.4,53.68,-9.76,-43.92,-53.68,-126.88,-107.36,-107.36,-19.52,-87.84
-34.16,-82.96,-48.8,58.56,4.88,-68.32,-63.44,-136.64,-117.12,-117.12,-34.16,-97.6
-63.44,-87.84,-24.4,78.08,-19.52,-58.56,-63.44,-136.64,-122,-126.88,-29.28,-92.72
-53.68,-92.72,-39.04,73.2,-9.76,-68.32,-63.44,-131.76,-122,-126.88,-34.16,-92.72
-39.04,-97.6,-58.56,68.32,9.76,-78.08,-63.44,-131.76,-126.88,-122,-34.16,-97.6
-24.4,-87.84,-63.44,58.56,19.52,-78.08,-63.44,-126.88,-122,-122,-34.16,-92.72
-29.28,-82.96,-53.68,58.56,9.76,-68.32,-63.44,-126.88,-117.12,-117.12,-29.28,-92.72
-39.04,-82.96,-43.92,63.44,0,-63.44,-53.68,-122,-107.36,-112.24,-24.4,-87.84
-34.16,-82.96,-48.8,58.56,4.88,-68.32,-53.68,-122,-97.6,-107.36,-24.4,-87.84
-34.16,-82.96,-48.8,58.56,4.88,-68.32,-58.56,-131.76,-107.36,-112.24,-29.28,-92.72
-48.8,-78.08,-29.28,63.44,-9.76,-53.68,-58.56,-122,-97.6,-112.24,-24.4,-92.72
-63.44,-82.96,-19.52,73.2,-24.4,-53.68,-48.8,-126.88,-102.48,-107.36,-24.4,-82.96
-39.04,-87.84,-48.8,63.44,4.88,-68.32,-63.44,-136.64,-122,-122,-43.92,-92.72
-43.92,-87.84,-43.92,68.32,0,-68.32,-63.44,-141.52,-122,-122,-34.16,-92.72
-48.8,-97.6,-48.8,73.2,0,-73.2,-58.56,-136.64,-117.12,-122,-34.16,-87.84
-48.8,-102.48,-53.68,78.08,0,-78.08,-68.32,-146.4,-131.76,-126.88,-43.92,-97.6
-39.04,-92.72,-53.68,68.32,4.88,-73.2,-63.44,-131.76,-122,-126.88,-34.16,-92.72
-68.32,-87.84,-19.52,78.08,-24.4,-53.68,-53.68,-122,-112.24,-117.12,-24.4,-82.96
-82.96,-87.84,-4.88,87.84,-39.04,-48.8,-43.92,-122,-102.48,-102.48,-19.52,-78.08
-53.68,-82.96,-29.28,68.32,-14.64,-58.56,-58.56,-141.52,-117.12,-117.12,-34.16,-97.6
-58.56,-78.08,-19.52,68.32,-19.52,-48.8,-58.56,-141.52,-117.12,-117.12,-39.04,-97.6
-73.2,-73.2,0,73.2,-39.04,-39.04,-43.92,-131.76,-112.24,-107.36,-24.4,-82.96
-53.68,-82.96,-29.28,68.32,-14.64,-58.56,-58.56,-141.52,-126.88,-117.12,-39.04,-87.84
-34.16,-87.84,-53.68,63.44,9.76,-73.2,-63.44,-151.28,-136.64,-131.76,-43.92,-97.6
-39.04,-92.72,-53.68,68.32,4.88,-73.2,-58.56,-146.4,-131.76,-131.76,-39.04,-97.6
-58.56,-102.48,-43.92,82.96,-9.76,-73.2,-58.56,-141.52,-136.64,-126.88,-39.04,-92.72
-58.56,-78.08,-19.52,68.32,-19.52,-48.8,-63.44,-136.64,-136.64,-131.76,-34.16,-92.72
-48.8,-78.08,-29.28,63.44,-9.76,-53.68,-58.56,-136.64,-126.88,-126.88,-29.28,-92.72
-58.56,-87.84,-29.28,73.2,-14.64,-58.56,-53.68,-136.64,-122,-131.76,-34.16,-97.6
-39.04,-78.08,-39.04,58.56,0,-58.56,-58.56,-141.52,-122,-122,-34.16,-97.6
-29.28,-68.32,-39.04,48.8,4.88,-53.68,-68.32,-146.4,-131.76,-131.76,-39.04,-102.48
-39.04,-78.08,-39.04,58.56,0,-58.56,-53.68,-146.4,-117.12,-126.88,-29.28,-87.84
-24.4,-78.08,-53.68,53.68,14.64,-68.32,-68.32,-146.4,-131.76,-126.88,-39.04,-97.6
-34.16,-82.96,-48.8,58.56,4.88,-68.32,-63.44,-151.28,-131.76,-126.88,-43.92,-92.72
-78.08,-92.72,-14.64,87.84,-34.16,-53.68,-43.92,-131.76,-117.12,-117.12,-29.28,-82.96
-82.96,-102.48,-19.52,92.72,-34.16,-63.44,-43.92,-126.88,-117.12,-112.24,-24.4,-78.08
-58.56,-92.72,-34.16,78.08,-14.64,-63.44,-58.56,-141.52,-126.88,-126.88,-34.16,-92.72
-43.92,-92.72,-48.8,68.32,0,-73.2,-58.56,-141.52,-122,-126.88,-34.16,-87.84
-73.2,-92.72,-19.52,82.96,-29.28,-58.56,-43.92,-136.64,-117.12,-122,-29.28,-92.72
-48.8,-82.96,-34.16,68.32,-9.76,-58.56,-58.56,-151.28,-126.88,-131.76,-39.04,-102.48
-29.28,-73.2,-43.92,53.68,4.88,-58.56,-63.44,-156.16,-136.64,-131.76,-43.92,-107.36
-43.92,-82.96,-39.04,63.44,-4.88,-63.44,-53.68,-151.28,-126.88,-126.88,-43.92,-102.48
-58.56,-73.2,-14.64,68.32,-24.4,-43.92,-58.56,-141.52,-126.88,-126.88,-34.16,-87.84
-53.68,-73.2,-19.52,63.44,-19.52,-48.8,-58.56,-146.4,-131.76,-126.88,-34.16,-92.72
-48.8,-92.72,-43.92,73.2,-4.88,-68.32,-63.44,-151.28,-131.76,-131.76,-39.04,-92.72
-43.92,-102.48,-58.56,73.2,4.88,-82.96,-63.44,-146.4,-131.76,-131.76,-39.04,-92.72
-43.92,-97.6,-53.68,73.2,4.88,-78.08,-78.08,-151.28,-141.52,-141.52,-48.8,-107.36
-63.44,-92.72,-29.28,78.08,-19.52,-63.44,-58.56,-141.52,-126.88,-131.76,-39.04,-92.72
-48.8,-82.96,-34.16,68.32,-9.76,-58.56,-63.44,-141.52,-126.88,-126.88,-39.04,-92.72
-24.4,-82.96,-58.56,53.68,14.64,-73.2,-73.2,-161.04,-146.4,-146.4,-43.92,-102.48
-34.16,-73.2,-39.04,53.68,0,-58.56,-63.44,-146.4,-131.76,-131.76,-29.28,-92.72
-63.44,-78.08,-14.64,73.2,-24.4,-48.8,-53.68,-141.52,-122,-117.12,-19.52,-82.96
-48.8,-78.08,-29.28,63.44,-9.76,-53.68,-63.44,-151.28,-136.64,-136.64,-34.16,-87.84
-73.2,-73.2,0,73.2,-39.04,-39.04,-53.68,-141.52,-126.88,-126.88,-29.28,-82.96
-82.96,-87.84,-4.88,87.84,-39.04,-48.8,-43.92,-136.64,-117.12,-122,-19.52,-78.08
-53.68,-92.72,-39.04,73.2,-9.76,-68.32,-58.56,-151.28,-126.88,-131.76,-29.28,-87.84
-39.04,-78.08,-39.04,58.56,0,-58.56,-63.44,-156.16,-131.76,-141.52,-34.16,-97.6
-48.8,-92.72,-43.92,73.2,-4.88,-68.32,-58.56,-151.28,-131.76,-126.88,-29.28,-92.72
-73.2,-87.84,-14.64,82.96,-29.28,-53.68,-53.68,-136.64,-126.88,-122,-29.28,-87.84
-87.84,-82.96,4.88,87.84,-48.8,-39.04,-53.68,-136.64,-126.88,-117.12,-19.52,-82.96
-78.08,-87.84,-9.76,82.96,-34.16,-48.8,-58.56,-141.52,-136.64,-126.88,-24.4,-82.96
-73.2,-87.84,-14.64,82.96,-29.28,-53.68,-58.56,-141.52,-136.64,-126.88,-24.4,-82.96
-73.2,-82.96,-9.76,78.08,-34.16,-48.8,-58.56,-146.4,-136.64,-131.76,-24.4,-82.96
-39.04,-87.84,-48.8,63.44,4.88,-68.32,-68.32,-161.04,-151.28,-146.4,-39.04,-97.6
-34.16,-87.84,-53.68,63.44,9.76,-73.2,-63.44,-151.28,-146.4,-141.52,-34.16,-97.6
-63.44,-92.72,-29.28,78.08,-19.52,-63.44,-53.68,-146.4,-131.76,-131.76,-24.4,-87.84
-73.2,-82.96,-9.76,78.08,-34.16,-48.8,-48.8,-141.52,-126.88,-131.76,-24.4,-78.08
-73.2,-82.96,-9.76,78.08,-34.16,-48.8,-43.92,-136.64,-117.12,-122,-19.52,-78.08
-53.68,-73.2,-19.52,63.44,-19.52,-48.8,-53.68,-151.28,-131.76,-131.76,-24.4,-82.96
-43.92,-73.2,-29.28,58.56,-9.76,-53.68,-63.44,-151.28,-136.64,-131.76,-24.4,-87.84
-53.68,-78.08,-24.4,68.32,-14.64,-53.68,-63.44,-156.16,-141.52,-131.76,-24.4,-87.84
-53.68,-87.84,-34.16,73.2,-9.76,-63.44,-63.44,-156.16,-141.52,-131.76,-29.28,-97.6
-63.44,-82.96,-19.52,73.2,-24.4,-53.68,-58.56,-151.28,-141.52,-136.64,-19.52,-92.72
-68.32,-87.84,-19.52,78.08,-24.4,-53.68,-58.56,-151.28,-141.52,-131.76,-24.4,-92.72
-48.8,-78.08,-29.28,63.44,-9.76,-53.68,-58.56,-156.16,-141.52,-136.64,-24.4,-92.72
-63.44,-73.2,-9.76,68.32,-29.28,-43.92,-53.68,-151.28,-136.64,-131.76,-29.28,-82.96
-48.8,-73.2,-24.4,63.44,-14.64,-48.8,-53.68,-151.28,-141.52,-141.52,-24.4,-87.84
-4.88,-78.08,-73.2,43.92,34.16,-78.08,-73.2,-161.04,-156.16,-146.4,-39.04,-97.6
-43.92,-78.08,-34.16,63.44,-4.88,-58.56,-53.68,-151.28,-136.64,-136.64,-24.4,-87.84
-87.84,-78.08,9.76,82.96,-48.8,-34.16,-43.92,-136.64,-126.88,-117.12,-9.76,-73.2
-58.56,-78.08,-19.52,68.32,-19.52,-48.8,-53.68,-151.28,-141.52,-136.64,-24.4,-87.84
-92.72,-92.72,0,92.72,-48.8,-48.8,-53.68,-146.4,-131.76,-126.88,-14.64,-78.08
-68.32,-78.08,-9.76,73.2,-29.28,-43.92,-63.44,-156.16,-141.52,-136.64,-24.4,-87.84
-48.8,-68.32,-19.52,58.56,-14.64,-43.92,-63.44,-161.04,-146.4,-141.52,-29.28,-87.84
-53.68,-78.08,-24.4,68.32,-14.64,-53.68,-58.56,-151.28,-146.4,-151.28,-29.28,-87.84
-68.32,-82.96,-14.64,78.08,-29.28,-48.8,-58.56,-151.28,-141.52,-146.4,-24.4,-82.96
-63.44,-87.84,-24.4,78.08,-19.52,-58.56,-63.44,-151.28,-146.4,-141.52,-29.28,-87.84
-63.44,-87.84,-24.4,78.08,-19.52,-58.56,-63.44,-151.28,-146.4,-141.52,-24.4,-87.84
-58.56,-82.96,-24.4,73.2,-19.52,-53.68,-53.68,-146.4,-131.76,-131.76,-14.64,-82.96
-43.92,-78.08,-34.16,63.44,-4.88,-58.56,-63.44,-151.28,-141.52,-136.64,-19.52,-87.84
-34.16,-63.44,-29.28,48.8,-4.88,-48.8,-68.32,-156.16,-146.4,-141.52,-24.4,-92.72
-58.56,-78.08,-19.52,68.32,-19.52,-48.8,-58.56,-161.04,-136.64,-136.64,-14.64,-78.08
-43.92,-82.96,-39.04,63.44,-4.88,-63.44,-68.32,-165.92,-151.28,-151.28,-24.4,-82.96
-29.28,-82.96,-53.68,58.56,9.76,-68.32,-73.2,-170.8,-161.04,-151.28,-34.16,-87.84
-78.08,-92.72,-14.64,87.84,-34.16,-53.68,-58.56,-156.16,-146.4,-141.52,-19.52,-78.08
-97.6,-87.84,9.76,92.72,-53.68,-39.04,-43.92,-141.52,-136.64,-131.76,-4.88,-63.44
-68.32,-73.2,-4.88,73.2,-34.16,-39.04,-48.8,-136.64,-141.52,-131.76,-14.64,-68.32
-78.08,-87.84,-9.76,82.96,-34.16,-48.8,-53.68,-141.52,-141.52,-131.76,-9.76,-73.2
-78.08,-87.84,-9.76,82.96,-34.16,-48.8,-53.68,-141.52,-141.52,-131.76,-9.76,-73.2
-53.68,-78.08,-24.4,68.32,-14.64,-53.68,-63.44,-151.28,-146.4,-136.64,-14.64,-82.96
-29.28,-63.44,-34.16,48.8,0,-48.8,-73.2,-156.16,-156.16,-146.4,-24.4,-82.96
-39.04,-58.56,-19.52,48.8,-9.76,-39.04,-58.56,-151.28,-141.52,-141.52,-14.64,-78.08
-63.44,-58.56,4.88,63.44,-34.16,-29.28,-58.56,-151.28,-136.64,-136.64,-14.64,-73.2
-58.56,-63.44,-4.88,63.44,-29.28,-34.16,-58.56,-161.04,-141.52,-141.52,-14.64,-78.08
-48.8,-73.2,-24.4,63.44,-14.64,-48.8,-58.56,-161.04,-146.4,-146.4,-19.52,-82.96
-73.2,-92.72,-19.52,82.96,-29.28,-58.56,-48.8,-151.28,-136.64,-136.64,-9.76,-73.2
-82.96,-78.08,4.88,82.96,-43.92,-39.04,-53.68,-146.4,-136.64,-136.64,-4.88,-78.08
-82.96,-87.84,-4.88,87.84,-39.04,-48.8,-48.8,-151.28,-136.64,-136.64,-4.88,-78.08
-92.72,-92.72,0,92.72,-48.8,-48.8,-53.68,-156.16,-141.52,-141.52,-14.64,-78.08
-73.2,-78.08,-4.88,78.08,-34.16,-43.92,-58.56,-151.28,-136.64,-131.76,-9.76,-73.2
-53.68,-68.32,-14.64,63.44,-19.52,-43.92,-53.68,-151.28,-141.52,-136.64,-14.64,-82.96
-48.8,-63.44,-14.64,58.56,-19.52,-39.04,-53.68,-151.28,-136.64,-131.76,-4.88,-73.2
-63.44,-53.68,9.76,58.56,-39.04,-24.4,-43.92,-146.4,-131.76,-131.76,-4.88,-68.32
-68.32,-63.44,4.88,68.32,-39.04,-29.28,-43.92,-141.52,-136.64,-131.76,4.88,-63.44
-43.92,-68.32,-24.4,58.56,-9.76,-48.8,-43.92,-146.4,-141.52,-136.64,-9.76,-68.32
-43.92,-73.2,-29.28,58.56,-9.76,-53.68,-53.68,-156.16,-151.28,-141.52,-14.64,-73.2
-53.68,-68.32,-14.64,63.44,-19.52,-43.92,-53.68,-151.28,-151.28,-151.28,-9.76,-73.2
-58.56,-73.2,-14.64,68.32,-24.4,-43.92,-48.8,-146.4,-146.4,-136.64,0,-63.44
-97.6,-78.08,19.52,87.84,-58.56,-29.28,-43.92,-141.52,-136.64,-131.76,4.88,-58.56
-78.08,-73.2,4.88,78.08,-43.92,-34.16,-48.8,-151.28,-146.4,-141.52,-4.88,-63.44
-48.8,-68.32,-19.52,58.56,-14.64,-43.92,-58.56,-165.92,-146.4,-146.4,-9.76,-73.2
-58.56,-78.08,-19.52,68.32,-19.52,-48.8,-63.44,-161.04,-151.28,-146.4,-14.64,-78.08
-68.32,-68.32,0,68.32,-34.16,-34.16,-53.68,-156.16,-146.4,-141.52,-9.76,-73.2
-63.44,-78.08,-14.64,73.2,-24.4,-48.8,-53.68,-161.04,-146.4,-146.4,-9.76,-73.2
-58.56,-73.2,-14.64,68.32,-24.4,-43.92,-53.68,-156.16,-146.4,-146.4,-4.88,-68.32
-34.16,-68.32,-34.16,53.68,0,-53.68,-53.68,-151.28,-141.52,-146.4,-4.88,-68.32
-43.92,-63.44,-19.52,53.68,-14.64,-43.92,-53.68,-151.28,-146.4,-146.4,-4.88,-73.2
-48.8,-68.32,-19.52,58.56,-14.64,-43.92,-43.92,-151.28,-141.52,-136.64,0,-58.56
-58.56,-68.32,-9.76,63.44,-24.4,-39.04,-48.8,-151.28,-141.52,-141.52,-4.88,-63.44
-73.2,-78.08,-4.88,78.08,-34.16,-43.92,-48.8,-151.28,-141.52,-136.64,-4.88,-63.44
-73.2,-68.32,4.88,73.2,-39.04,-34.16,-53.68,-151.28,-151.28,-136.64,-4.88,-58.56
-68.32,-78.08,-9.76,73.2,-29.28,-43.92,-48.8,-151.28,-151.28,-126.88,0,-53.68
-68.32,-68.32,0,68.32,-34.16,-34.16,-58.56,-156.16,-151.28,-141.52,0,-63.44
-53.68,-68.32,-14.64,63.44,-19.52,-43.92,-58.56,-151.28,-156.16,-141.52,-4.88,-68.32
-58.56,-58.56,0,58.56,-29.28,-29.28,-53.68,-146.4,-146.4,-136.64,4.88,-58.56
-43.92,-53.68,-9.76,48.8,-19.52,-34.16,-48.8,-151.28,-146.4,-136.64,4.88,-58.56
-58.56,-58.56,0,58.56,-29.28,-29.28,-48.8,-151.28,-146.4,-136.64,0,-58.56
-68.32,-68.32,0,68.32,-34.16,-34.16,-43.92,-146.4,-136.64,-131.76,4.88,-48.8
-63.44,-58.56,4.88,63.44,-34.16,-29.28,-43.92,-146.4,-136.64,-131.76,0,-48.8
-53.68,-63.44,-9.76,58.56,-24.4,-39.04,-58.56,-161.04,-151.28,-151.28,-9.76,-63.44
-87.84,-63.44,24.4,78.08,-58.56,-19.52,-43.92,-146.4,-136.64,-136.64,4.88,-48.8
-63.44,-63.44,0,63.44,-34.16,-34.16,-48.8,-151.28,-141.52,-136.64,0,-58.56
-73.2,-63.44,9.76,68.32,-43.92,-29.28,-43.92,-156.16,-141.52,-141.52,0,-58.56
-58.56,-58.56,0,58.56,-29.28,-29.28,-48.8,-156.16,-146.4,-136.64,-4.88,-68.32
-73.2,-58.56,14.64,68.32,-43.92,-24.4,-53.68,-156.16,-141.52,-136.64,0,-68.32
-73.2,-63.44,9.76,68.32,-43.92,-29.28,-48.8,-151.28,-136.64,-131.76,4.88,-63.44
-34.16,-53.68,-19.52,43.92,-9.76,-39.04,-53.68,-156.16,-146.4,-141.52,-9.76,-73.2
-43.92,-58.56,-14.64,53.68,-14.64,-39.04,-58.56,-156.16,-151.28,-141.52,-9.76,-68.32
-43.92,-58.56,-14.64,53.68,-14.64,-39.04,-58.56,-161.04,-156.16,-146.4,-14.64,-68.32
-48.8,-68.32,-19.52,58.56,-14.64,-43.92,-53.68,-161.04,-151.28,-141.52,-4.88,-63.44
-48.8,-68.32,-19.52,58.56,-14.64,-43.92,-63.44,-161.04,-161.04,-146.4,-9.76,-68.32
-29.28,-58.56,-29.28,43.92,0,-43.92,-53.68,-156.16,-156.16,-141.52,-4.88,-63.44
-19.52,-48.8,-29.28,34.16,4.88,-39.04,-63.44,-170.8,-165.92,-151.28,-9.76,-68.32
-107.36,-63.44,43.92,87.84,-78.08,-9.76,-39.04,-146.4,-141.52,-131.76,9.76,-43.92
-107.36,-63.44,43.92,87.84,-78.08,-9.76,-39.04,-146.4,-146.4,-136.64,14.64,-48.8
-73.2,-68.32,4.88,73.2,-39.04,-34.16,-53.68,-156.16,-151.28,-141.52,4.88,-58.56
-53.68,-58.56,-4.88,58.56,-24.4,-34.16,-43.92,-156.16,-151.28,-141.52,4.88,-58.56
-58.56,-58.56,0,58.56,-29.28,-29.28,-39.04,-146.4,-136.64,-136.64,14.64,-53.68
-68.32,-58.56,9.76,63.44,-39.04,-24.4,-34.16,-136.64,-136.64,-131.76,9.76,-48.8
-48.8,-53.68,-4.88,53.68,-24.4,-29.28,-43.92,-151.28,-146.4,-136.64,0,-58.56
-48.8,-63.44,-14.64,58.56,-19.52,-39.04,-53.68,-161.04,-151.28,-146.4,-4.88,-63.44
-73.2,-63.44,9.76,68.32,-43.92,-29.28,-48.8,-151.28,-146.4,-141.52,4.88,-53.68
-53.68,-53.68,0,53.68,-29.28,-29.28,-48.8,-161.04,-151.28,-146.4,0,-63.44
-53.68,-58.56,-4.88,58.56,-24.4,-34.16,-58.56,-165.92,-156.16,-151.28,-9.76,-73.2
-78.08,-53.68,24.4,68.32,-53.68,-14.64,-48.8,-151.28,-156.16,-141.52,4.88,-58.56
-43.92,-34.16,9.76,39.04,-29.28,-14.64,-34.16,-141.52,-141.52,-126.88,14.64,-48.8
-24.4,-19.52,4.88,24.4,-14.64,-9.76,-29.28,-141.52,-141.52,-126.88,14.64,-48.8
-39.04,-24.4,14.64,34.16,-29.28,-4.88,-14.64,-126.88,-126.88,-112.24,29.28,-39.04
-48.8,-24.4,24.4,39.04,-39.04,0,-19.52,-131.76,-126.88,-112.24,24.4,-39.04
-39.04,-9.76,29.28,24.4,-34.16,9.76,-19.52,-136.64,-131.76,-112.24,24.4,-34.16
-24.4,19.52,43.92,4.88,-34.16,29.28,-9.76,-131.76,-122,-112.24,29.28,-29.28
-39.04,9.76,48.8,14.64,-43.92,29.28,-4.88,-122,-122,-107.36,29.28,-24.4
-43.92,0,43.92,24.4,-43.92,19.52,0,-126.88,-117.12,-107.36,34.16,-19.52
-39.04,4.88,43.92,19.52,-43.92,24.4,9.76,-117.12,-112.24,-102.48,43.92,-14.64
-34.16,0,34.16,19.52,-34.16,14.64,9.76,-117.12,-117.12,-112.24,39.04,-19.52
-29.28,0,29.28,14.64,-29.28,14.64,14.64,-117.12,-122,-112.24,34.16,-24.4
-14.64,9.76,24.4,4.88,-19.52,14.64,19.52,-117.12,-117.12,-112.24,34.16,-24.4
-14.64,4.88,19.52,4.88,-19.52,9.76,29.28,-102.48,-107.36,-97.6,43.92,-14.64
-14.64,9.76,24.4,4.88,-19.52,14.64,34.16,-92.72,-97.6,-82.96,43.92,-9.76
-19.52,-4.88,14.64,14.64,-19.52,4.88,29.28,-97.6,-92.72,-87.84,43.92,-9.76
-24.4,0,24.4,14.64,-24.4,9.76,29.28,-97.6,-97.6,-92.72,34.16,-14.64
-19.52,-9.76,9.76,14.64,-14.64,0,24.4,-102.48,-92.72,-87.84,34.16,-14.64
-34.16,-9.76,24.4,24.4,-29.28,4.88,29.28,-102.48,-92.72,-87.84,39.04,-9.76
-58.56,-14.64,43.92,39.04,-53.68,14.64,34.16,-97.6,-87.84,-82.96,48.8,-4.88
-43.92,-24.4,19.52,34.16,-34.16,-4.88,29.28,-92.72,-92.72,-87.84,48.8,-9.76
-34.16,-19.52,14.64,29.28,-24.4,-4.88,29.28,-87.84,-92.72,-87.84,48.8,-4.88
4.88,4.88,0,-4.88,0,0,14.64,-102.48,-107.36,-97.6,43.92,-14.64
-19.52,-14.64,4.88,19.52,-14.64,-4.88,9.76,-97.6,-102.48,-92.72,48.8,-9.76
-19.52,-29.28,-9.76,24.4,-4.88,-19.52,0,-97.6,-107.36,-92.72,53.68,-9.76
4.88,-9.76,-14.64,4.88,9.76,-14.64,-19.52,-102.48,-107.36,-97.6,48.8,-14.64
24.4,-4.88,-29.28,-9.76,24.4,-19.52,-39.04,-112.24,-117.12,-102.48,43.92,-24.4
34.16,-9.76,-43.92,-9.76,39.04,-29.28,-48.8,-122,-122,-102.48,39.04,-24.4
29.28,-14.64,-43.92,-4.88,34.16,-29.28,-48.8,-122,-117.12,-97.6,39.04,-24.4
14.64,-9.76,-24.4,0,19.52,-19.52,-39.04,-107.36,-102.48,-82.96,53.68,-9.76
14.64,-4.88,-19.52,-4.88,14.64,-14.64,-34.16,-107.36,-102.48,-87.84,58.56,-9.76
-4.88,-9.76,-4.88,9.76,0,-9.76,-39.04,-102.48,-102.48,-78.08,68.32,0
19.52,0,-19.52,-9.76,19.52,-9.76,-34.16,-97.6,-102.48,-82.96,63.44,0
19.52,-9.76,-29.28,-4.88,24.4,-19.52,-48.8,-102.48,-112.24,-92.72,58.56,-14.64
-19.52,-24.4,-4.88,24.4,-9.76,-14.64,-53.68,-107.36,-117.12,-92.72,58.56,-9.76
-9.76,-14.64,-4.88,14.64,-4.88,-9.76,-58.56,-117.12,-122,-92.72,53.68,-9.76
4.88,-4.88,-9.76,0,4.88,-9.76,-58.56,-122,-122,-92.72,58.56,-14.64
4.88,-9.76,-14.64,4.88,9.76,-14.64,-58.56,-117.12,-122,-92.72,58.56,-14.64
4.88,-14.64,-19.52,4.88,9.76,-19.52,-53.68,-122,-122,-92.72,53.68,-19.52
-4.88,-29.28,-24.4,19.52,9.76,-29.28,-53.68,-126.88,-131.76,-102.48,43.92,-24.4
-19.52,-29.28,-9.76,24.4,-4.88,-19.52,-53.68,-122,-126.88,-107.36,43.92,-24.4
9.76,-43.92,-53.68,19.52,29.28,-48.8,-68.32,-136.64,-136.64,-122,29.28,-39.04
14.64,-53.68,-68.32,19.52,39.04,-63.44,-68.32,-156.16,-151.28,-136.64,14.64,-58.56
0,-58.56,-58.56,29.28,29.28,-58.56,-73.2,-156.16,-161.04,-136.64,4.88,-58.56
-19.52,-53.68,-34.16,39.04,4.88,-43.92,-63.44,-141.52,-151.28,-126.88,14.64,-48.8
-43.92,-43.92,0,43.92,-24.4,-24.4,-48.8,-131.76,-141.52,-117.12,29.28,-39.04
-24.4,-34.16,-9.76,29.28,-9.76,-24.4,-53.68,-136.64,-146.4,-122,19.52,-48.8
-53.68,-48.8,4.88,53.68,-29.28,-24.4,-43.92,-126.88,-141.52,-122,24.4,-43.92
-43.92,-48.8,-4.88,48.8,-19.52,-29.28,-48.8,-146.4,-146.4,-131.76,19.52,-58.56
-53.68,-58.56,-4.88,58.56,-24.4,-34.16,-53.68,-151.28,-156.16,-131.76,14.64,-73.2
-53.68,-68.32,-14.64,63.44,-19.52,-43.92,-63.44,-161.04,-165.92,-151.28,-4.88,-73.2
-43.92,-68.32,-24.4,58.56,-9.76,-48.8,-58.56,-170.8,-170.8,-156.16,-14.64,-82.96
-48.8,-73.2,-24.4,63.44,-14.64,-48.8,-63.44,-175.68,-175.68,-161.04,-14.64,-82.96
-73.2,-78.08,-4.88,78.08,-34.16,-43.92,-58.56,-161.04,-170.8,-156.16,-4.88,-73.2
-68.32,-82.96,-14.64,78.08,-29.28,-48.8,-58.56,-170.8,-180.56,-165.92,-14.64,-82.96
-53.68,-87.84,-34.16,73.2,-9.76,-63.44,-68.32,-185.44,-190.32,-175.68,-19.52,-92.72
-39.04,-73.2,-34.16,58.56,-4.88,-53.68,-73.2,-190.32,-190.32,-180.56,-24.4,-92.72
-73.2,-82.96,-9.76,78.08,-34.16,-48.8,-63.44,-180.56,-180.56,-170.8,-24.4,-87.84
-82.96,-87.84,-4.88,87.84,-39.04,-48.8,-58.56,-180.56,-190.32,-170.8,-14.64,-87.84
-68.32,-82.96,-14.64,78.08,-29.28,-48.8,-63.44,-175.68,-195.2,-175.68,-24.4,-87.84
-63.44,-92.72,-29.28,78.08,-19.52,-63.44,-68.32,-175.68,-195.2,-175.68,-24.4,-92.72
-78.08,-82.96,-4.88,82.96,-39.04,-43.92,-43.92,-161.04,-180.56,-161.04,-9.76,-78.08
-34.16,-58.56,-24.4,48.8,-4.88,-43.92,-53.68,-175.68,-185.44,-165.92,-14.64,-87.84
-34.16,-73.2,-39.04,53.68,0,-58.56,-58.56,-175.68,-190.32,-170.8,-24.4,-92.72
-53.68,-73.2,-19.52,63.44,-19.52,-48.8,-53.68,-170.8,-185.44,-170.8,-24.4,-92.72
-63.44,-78.08,-14.64,73.2,-24.4,-48.8,-53.68,-170.8,-185.44,-165.92,-19.52,-87.84
-68.32,-68.32,0,68.32,-34.16,-34.16,-43.92,-175.68,-185.44,-170.8,-19.52,-82.96
-87.84,-73.2,14.64,82.96,-53.68,-29.28,-43.92,-165.92,-175.68,-161.04,-9.76,-73.2
-73.2,-68.32,4.88,73.2,-39.04,-34.16,-48.8,-175.68,-185.44,-175.68,-24.4,-87.84
-53.68,-63.44,-9.76,58.56,-24.4,-39.04,-53.68,-175.68,-180.56,-175.68,-24.4,-92.72
-19.52,-58.56,-39.04,39.04,9.76,-48.8,-53.68,-180.56,-190.32,-185.44,-34.16,-97.6
-34.16,-78.08,-43.92,58.56,4.88,-63.44,-48.8,-175.68,-190.32,-180.56,-29.28,-92.72
-34.16,-63.44,-29.28,48.8,-4.88,-48.8,-48.8,-170.8,-190.32,-175.68,-24.4,-87.84
-39.04,-73.2,-34.16,58.56,-4.88,-53.68,-43.92,-161.04,-185.44,-175.68,-29.28,-82.96
-73.2,-78.08,-4.88,78.08,-34.16,-43.92,-29.28,-156.16,-175.68,-165.92,-24.4,-68.32
-73.2,-73.2,0,73.2,-39.04,-39.04,-29.28,-156.16,-170.8,-161.04,-19.52,-68.32
-68.32,-63.44,4.88,68.32,-39.04,-29.28,-39.04,-161.04,-175.68,-165.92,-19.52,-73.2
-68.32,-63.44,4.88,68.32,-39.04,-29.28,-34.16,-161.04,-175.68,-161.04,-19.52,-68.32
-53.68,-63.44,-9.76,58.56,-24.4,-39.04,-34.16,-165.92,-175.68,-161.04,-19.52,-73.2
-53.68,-73.2,-19.52,63.44,-19.52,-48.8,-39.04,-175.68,-190.32,-175.68,-39.04,-87.84
-78.08,-82.96,-4.88,82.96,-39.04,-43.92,-39.04,-165.92,-180.56,-175.68,-24.4,-82.96
-92.72,-87.84,4.88,92.72,-48.8,-43.92,-29.28,-156.16,-170.8,-161.04,-19.52,-73.2
-97.6,-68.32,29.28,82.96,-63.44,-19.52,-19.52,-146.4,-165.92,-151.28,-14.64,-68.32
-53.68,-48.8,4.88,53.68,-29.28,-24.4,-19.52,-146.4,-170.8,-161.04,-24.4,-68.32
-53.68,-53.68,0,53.68,-29.28,-29.28,-19.52,-151.28,-170.8,-165.92,-29.28,-68.32
-58.56,-48.8,9.76,53.68,-34.16,-19.52,-19.52,-165.92,-175.68,-170.8,-29.28,-68.32
-48.8,-29.28,19.52,39.04,-34.16,-4.88,-19.52,-175.68,-185.44,-175.68,-29.28,-63.44
-63.44,-19.52,43.92,43.92,-53.68,9.76,-9.76,-190.32,-190.32,-180.56,-14.64,-48.8
-82.96,19.52,102.48,34.16,-92.72,58.56,19.52,-190.32,-180.56,-170.8,14.64,-9.76
-126.88,19.52,146.4,53.68,-136.64,82.96,48.8,-180.56,-170.8,-175.68,14.64,0
-136.64,-9.76,126.88,73.2,-131.76,58.56,87.84,-151.28,-165.92,-190.32,0,-19.52
-180.56,-34.16,146.4,107.36,-165.92,53.68,136.64,-87.84,-117.12,-165.92,9.76,-14.64
-195.2,-48.8,146.4,122,-170.8,48.8,170.8,-14.64,-63.44,-117.12,24.4,-4.88
-126.88,-43.92,82.96,87.84,-107.36,19.52,165.92,39.04,-19.52,-58.56,68.32,4.88
-73.2,-24.4,48.8,48.8,-63.44,9.76,161.04,112.24,58.56,48.8,136.64,48.8
-9.76,-4.88,4.88,9.76,-9.76,0,165.92,244,190.32,195.2,224.48,87.84
68.32,29.28,-39.04,-48.8,53.68,-4.88,185.44,424.56,370.88,400.16,336.72,141.52
151.28,53.68,-97.6,-102.48,122,-24.4,190.32,605.12,570.96,624.64,448.96,204.96
268.4,92.72,-175.68,-180.56,219.6,-43.92,136.64,766.16,756.4,858.88,575.84,273.28
409.92,131.76,-278.16,-268.4,341.6,-73.2,48.8,917.44,922.32,1093.12,702.72,336.72
517.28,151.28,-366,-331.84,439.2,-107.36,-73.2,976,1029.68,1288.32,795.44,385.52
605.12,190.32,-414.8,-395.28,507.52,-112.24,-161.04,1063.84,1156.56,1493.28,902.8,444.08
673.44,248.88,-424.56,-458.72,546.56,-87.84,-258.64,1078.48,1239.52,1678.72,995.52,507.52
732,302.56,-429.44,-517.28,580.72,-63.44,-370.88,1005.28,1239.52,1810.48,1049.2,541.68
766.16,317.2,-448.96,-541.68,605.12,-68.32,-448.96,956.48,1268.8,1922.72,1083.36,546.56
727.12,287.92,-439.2,-507.52,580.72,-78.08,-483.12,878.4,1263.92,1961.76,1039.44,488
658.8,204.96,-453.84,-429.44,556.32,-126.88,-458.72,790.56,1205.36,1903.2,917.44,370.88
546.56,87.84,-458.72,-317.2,502.64,-185.44,-429.44,663.68,1068.72,1703.12,727.12,229.36
419.68,-4.88,-424.56,-204.96,419.68,-214.72,-409.92,448.96,814.96,1327.36,478.24,82.96
278.16,-39.04,-317.2,-117.12,297.68,-180.56,-380.64,185.44,517.28,902.8,253.76,-4.88
146.4,-63.44,-209.84,-39.04,175.68,-136.64,-370.88,-9.76,292.8,585.6,117.12,-58.56
39.04,-97.6,-136.64,29.28,87.84,-117.12,-341.6,-151.28,107.36,336.72,-4.88,-112.24
-29.28,-92.72,-63.44,63.44,14.64,-78.08,-317.2,-292.8,-78.08,97.6,-68.32,-122
-87.84,-82.96,4.88,87.84,-48.8,-39.04,-297.68,-434.32,-263.52,-107.36,-117.12,-122
-131.76,-73.2,58.56,102.48,-97.6,-9.76,-244,-483.12,-361.12,-209.84,-131.76,-107.36
-107.36,-53.68,53.68,82.96,-82.96,0,-219.6,-468.48,-385.52,-253.76,-136.64,-117.12
-78.08,-58.56,19.52,68.32,-48.8,-19.52,-209.84,-414.8,-366,-248.88,-146.4,-122
-97.6,-68.32,29.28,82.96,-63.44,-19.52,-175.68,-331.84,-302.56,-200.08,-122,-107.36
-102.48,-73.2,29.28,87.84,-68.32,-24.4,-141.52,-263.52,-239.12,-161.04,-97.6,-97.6
-58.56,-48.8,9.76,53.68,-34.16,-19.52,-117.12,-214.72,-200.08,-136.64,-87.84,-87.84
-43.92,-39.04,4.88,43.92,-24.4,-19.52,-87.84,-161.04,-141.52,-97.6,-58.56,-68.32
-29.28,-39.04,-9.76,34.16,-9.76,-24.4,-68.32,-131.76,-117.12,-82.96,-53.68,-58.56
-58.56,-34.16,24.4,48.8,-43.92,-4.88,-24.4,-82.96,-78.08,-58.56,-29.28,-29.28
-53.68,-29.28,24.4,43.92,-39.04,-4.88,-9.76,-58.56,-68.32,-58.56,-19.52,-29.28
-63.44,-43.92,19.52,53.68,-43.92,-14.64,0,-53.68,-63.44,-63.44,-24.4,-29.28
-53.68,-39.04,14.64,48.8,-34.16,-14.64,4.88,-53.68,-68.32,-73.2,-29.28,-34.16
-39.04,-39.04,0,39.04,-19.52,-19.52,0,-53.68,-73.2,-78.08,-39.04,-43.92
-63.44,-48.8,14.64,58.56,-39.04,-19.52,4.88,-53.68,-73.2,-87.84,-48.8,-48.8
-48.8,-43.92,4.88,48.8,-29.28,-19.52,0,-58.56,-82.96,-92.72,-58.56,-48.8
-48.8,-29.28,19.52,39.04,-34.16,-4.88,4.88,-63.44,-82.96,-97.6,-53.68,-48.8
-48.8,-43.92,4.88,48.8,-29.28,-19.52,14.64,-68.32,-87.84,-102.48,-58.56,-53.68
-63.44,-43.92,19.52,53.68,-43.92,-14.64,19.52,-73.2,-92.72,-102.48,-58.56,-53.68
-48.8,-48.8,0,48.8,-24.4,-24.4,9.76,-82.96,-107.36,-117.12,-73.2,-63.44
-58.56,-48.8,9.76,53.68,-34.16,-19.52,24.4,-73.2,-97.6,-112.24,-58.56,-48.8
-58.56,-53.68,4.88,58.56,-34.16,-24.4,14.64,-73.2,-107.36,-122,-68.32,-58.56
-63.44,-48.8,14.64,58.56,-39.04,-19.52,14.64,-78.08,-117.12,-136.64,-82.96,-73.2
-73.2,-48.8,24.4,63.44,-48.8,-14.64,14.64,-63.44,-102.48,-122,-68.32,-63.44
-68.32,-48.8,19.52,58.56,-43.92,-14.64,19.52,-63.44,-92.72,-117.12,-63.44,-58.56
-43.92,-43.92,0,43.92,-24.4,-24.4,9.76,-68.32,-102.48,-122,-73.2,-63.44
-48.8,-39.04,9.76,43.92,-29.28,-14.64,14.64,-68.32,-97.6,-122,-73.2,-58.56
-58.56,-48.8,9.76,53.68,-34.16,-19.52,19.52,-68.32,-92.72,-117.12,-63.44,-48.8
-58.56,-39.04,19.52,48.8,-39.04,-9.76,24.4,-73.2,-97.6,-112.24,-68.32,-48.8
-48.8,-43.92,4.88,48.8,-29.28,-19.52,24.4,-73.2,-102.48,-126.88,-73.2,-53.68
-48.8,-48.8,0,48.8,-24.4,-24.4,19.52,-78.08,-112.24,-136.64,-78.08,-58.56
-48.8,-53.68,-4.88,53.68,-24.4,-29.28,29.28,-63.44,-97.6,-126.88,-73.2,-43.92
-39.04,-39.04,0,39.04,-19.52,-19.52,24.4,-68.32,-102.48,-136.64,-78.08,-48.8
-34.16,-39.04,-4.88,39.04,-14.64,-24.4,19.52,-63.44,-97.6,-136.64,-78.08,-53.68
-63.44,-43.92,19.52,53.68,-43.92,-14.64,29.28,-53.68,-82.96,-122,-68.32,-48.8
-53.68,-43.92,9.76,48.8,-34.16,-19.52,9.76,-68.32,-97.6,-136.64,-82.96,-63.44
-53.68,-39.04,14.64,48.8,-34.16,-14.64,19.52,-63.44,-92.72,-131.76,-82.96,-58.56
-48.8,-43.92,4.88,48.8,-29.28,-19.52,19.52,-63.44,-87.84,-126.88,-78.08,-58.56
-48.8,-43.92,4.88,48.8,-29.28,-19.52,24.4,-68.32,-97.6,-126.88,-82.96,-58.56
-53.68,-43.92,9.76,48.8,-34.16,-19.52,24.4,-63.44,-92.72,-126.88,-78.08,-48.8
-73.2,-43.92,29.28,58.56,-53.68,-9.76,39.04,-53.68,-82.96,-122,-68.32,-34.16
-53.68,-48.8,4.88,53.68,-29.28,-24.4,34.16,-53.68,-87.84,-122,-73.2,-39.04
-43.92,-39.04,4.88,43.92,-24.4,-19.52,29.28,-58.56,-97.6,-126.88,-92.72,-48.8
-43.92,-39.04,4.88,43.92,-24.4,-19.52,19.52,-48.8,-92.72,-126.88,-87.84,-48.8
-34.16,-34.16,0,34.16,-19.52,-19.52,19.52,-53.68,-92.72,-126.88,-92.72,-48.8
-34.16,-39.04,-4.88,39.04,-14.64,-24.4,14.64,-53.68,-92.72,-126.88,-97.6,-53.68
-58.56,-39.04,19.52,48.8,-39.04,-9.76,19.52,-53.68,-92.72,-126.88,-87.84,-53.68
-58.56,-48.8,9.76,53.68,-34.16,-19.52,19.52,-53.68,-87.84,-126.88,-87.84,-48.8
-58.56,-53.68,4.88,58.56,-34.16,-24.4,19.52,-63.44,-97.6,-136.64,-102.48,-53.68
-39.04,-48.8,-9.76,43.92,-14.64,-29.28,19.52,-58.56,-97.6,-136.64,-97.6,-48.8
-19.52,-39.04,-19.52,29.28,0,-29.28,29.28,-53.68,-97.6,-136.64,-97.6,-43.92
-58.56,-48.8,9.76,53.68,-34.16,-19.52,34.16,-39.04,-87.84,-126.88,-92.72,-39.04
-53.68,-34.16,19.52,43.92,-39.04,-9.76,34.16,-34.16,-82.96,-117.12,-92.72,-34.16
-34.16,-34.16,0,34.16,-19.52,-19.52,24.4,-39.04,-87.84,-126.88,-102.48,-43.92
-43.92,-39.04,4.88,43.92,-24.4,-19.52,24.4,-39.04,-87.84,-126.88,-97.6,-43.92
-39.04,-39.04,0,39.04,-19.52,-19.52,24.4,-34.16,-78.08,-122,-97.6,-39.04
-39.04,-29.28,9.76,34.16,-24.4,-9.76,14.64,-43.92,-87.84,-126.88,-112.24,-48.8
-48.8,-43.92,4.88,48.8,-29.28,-19.52,29.28,-34.16,-78.08,-112.24,-97.6,-48.8
-63.44,-53.68,9.76,58.56,-39.04,-24.4,34.16,-43.92,-82.96,-117.12,-102.48,-48.8
-48.8,-53.68,-4.88,53.68,-24.4,-29.28,19.52,-53.68,-92.72,-131.76,-112.24,-48.8
-39.04,-43.92,-4.88,43.92,-19.52,-24.4,24.4,-48.8,-87.84,-136.64,-107.36,-39.04
-48.8,-43.92,4.88,48.8,-29.28,-19.52,34.16,-34.16,-78.08,-122,-102.48,-29.28
-82.96,-39.04,43.92,63.44,-63.44,0,43.92,-14.64,-58.56,-102.48,-87.84,-9.76
-39.04,-24.4,14.64,34.16,-29.28,-4.88,29.28,-19.52,-58.56,-112.24,-92.72,-19.52
-39.04,-34.16,4.88,39.04,-24.4,-14.64,29.28,-19.52,-63.44,-112.24,-97.6,-24.4
-39.04,-34.16,4.88,39.04,-24.4,-14.64,24.4,-19.52,-58.56,-112.24,-97.6,-24.4
-34.16,-24.4,9.76,29.28,-24.4,-9.76,24.4,-24.4,-53.68,-107.36,-97.6,-29.28
-39.04,-34.16,4.88,39.04,-24.4,-14.64,34.16,-19.52,-58.56,-102.48,-97.6,-29.28
-48.8,-34.16,14.64,43.92,-34.16,-9.76,34.16,-24.4,-58.56,-107.36,-102.48,-24.4
-58.56,-39.04,19.52,48.8,-39.04,-9.76,29.28,-24.4,-58.56,-122,-102.48,-29.28
-97.6,-48.8,48.8,73.2,-73.2,0,39.04,-14.64,-58.56,-117.12,-97.6,-19.52
-82.96,-39.04,43.92,63.44,-63.44,0,43.92,-4.88,-39.04,-112.24,-92.72,-14.64
-82.96,-29.28,53.68,58.56,-68.32,9.76,43.92,0,-43.92,-107.36,-92.72,-14.64
-43.92,-29.28,14.64,39.04,-29.28,-9.76,29.28,-4.88,-48.8,-117.12,-107.36,-29.28
-19.52,-34.16,-14.64,29.28,-4.88,-24.4,24.4,-9.76,-53.68,-117.12,-117.12,-34.16
-14.64,-19.52,-4.88,19.52,-4.88,-14.64,24.4,-4.88,-48.8,-112.24,-112.24,-29.28
-19.52,-4.88,14.64,14.64,-19.52,4.88,34.16,4.88,-39.04,-97.6,-102.48,-19.52
-24.4,-14.64,9.76,19.52,-19.52,-4.88,39.04,4.88,-34.16,-97.6,-97.6,-24.4
-4.88,-24.4,-19.52,14.64,4.88,-24.4,29.28,-4.88,-43.92,-102.48,-117.12,-29.28
-19.52,-19.52,0,19.52,-9.76,-9.76,34.16,4.88,-39.04,-102.48,-107.36,-29.28
-48.8,-29.28,19.52,39.04,-34.16,-4.88,48.8,19.52,-39.04,-102.48,-102.48,-29.28
-43.92,-29.28,14.64,39.04,-29.28,-9.76,43.92,19.52,-34.16,-102.48,-107.36,-29.28
-73.2,-29.28,43.92,53.68,-58.56,4.88,48.8,29.28,-19.52,-87.84,-97.6,-24.4
-53.68,-24.4,29.28,39.04,-43.92,0,39.04,34.16,-24.4,-97.6,-107.36,-24.4
0,-14.64,-14.64,9.76,4.88,-14.64,34.16,29.28,-29.28,-97.6,-117.12,-29.28
-4.88,-4.88,0,4.88,-4.88,-4.88,39.04,34.16,-14.64,-78.08,-102.48,-19.52
-19.52,0,19.52,9.76,-19.52,9.76,43.92,43.92,-4.88,-73.2,-92.72,-14.64
-24.4,-14.64,9.76,19.52,-19.52,-4.88,43.92,48.8,0,-63.44,-92.72,-9.76
-34.16,-24.4,9.76,29.28,-24.4,-9.76,43.92,43.92,0,-63.44,-97.6,-9.76
-29.28,-14.64,14.64,24.4,-24.4,0,48.8,48.8,9.76,-63.44,-87.84,-4.88
4.88,-9.76,-14.64,4.88,9.76,-14.64,43.92,53.68,-4.88,-73.2,-102.48,-14.64
-9.76,-4.88,4.88,9.76,-9.76,0,43.92,58.56,4.88,-63.44,-92.72,-9.76
-24.4,4.88,29.28,9.76,-29.28,14.64,43.92,68.32,14.64,-53.68,-87.84,-9.76
0,4.88,4.88,0,-4.88,4.88,39.04,78.08,19.52,-58.56,-92.72,-9.76
-24.4,0,24.4,14.64,-24.4,9.76,48.8,87.84,29.28,-43.92,-78.08,-4.88
-14.64,9.76,24.4,4.88,-19.52,14.64,39.04,82.96,29.28,-39.04,-82.96,-4.88
29.28,14.64,-14.64,-19.52,19.52,0,29.28,82.96,24.4,-39.04,-92.72,-9.76
73.2,14.64,-58.56,-43.92,63.44,-24.4,24.4,78.08,24.4,-39.04,-97.6,-14.64
29.28,9.76,-19.52,-19.52,24.4,-4.88,39.04,92.72,34.16,-29.28,-97.6,-4.88
0,4.88,4.88,0,-4.88,4.88,43.92,97.6,48.8,-19.52,-82.96,0
-24.4,9.76,34.16,9.76,-29.28,19.52,58.56,122,68.32,-4.88,-68.32,19.52
-24.4,9.76,34.16,9.76,-29.28,19.52,58.56,131.76,87.84,9.76,-63.44,19.52
14.64,19.52,4.88,-14.64,4.88,9.76,53.68,131.76,78.08,4.88,-63.44,14.64
0,29.28,29.28,-14.64,-14.64,29.28,53.68,151.28,97.6,24.4,-53.68,24.4
4.88,24.4,19.52,-14.64,-9.76,19.52,48.8,151.28,92.72,24.4,-58.56,19.52
43.92,34.16,-9.76,-39.04,24.4,9.76,29.28,146.4,92.72,19.52,-68.32,9.76
43.92,34.16,-9.76,-39.04,24.4,9.76,39.04,156.16,102.48,34.16,-58.56,14.64
24.4,39.04,14.64,-29.28,4.88,24.4,53.68,170.8,117.12,48.8,-48.8,29.28
29.28,39.04,9.76,-34.16,9.76,24.4,53.68,185.44,126.88,63.44,-39.04,39.04
34.16,43.92,9.76,-39.04,9.76,24.4,48.8,180.56,126.88,58.56,-39.04,34.16
34.16,48.8,14.64,-39.04,9.76,29.28,53.68,200.08,136.64,68.32,-34.16,43.92
24.4,53.68,29.28,-39.04,-4.88,39.04,58.56,214.72,151.28,87.84,-29.28,53.68
39.04,53.68,14.64,-43.92,9.76,34.16,48.8,219.6,156.16,82.96,-29.28,48.8
53.68,53.68,0,-53.68,24.4,24.4,39.04,229.36,161.04,92.72,-29.28,48.8
58.56,53.68,-4.88,-53.68,29.28,24.4,39.04,244,175.68,107.36,-19.52,58.56
63.44,68.32,4.88,-63.44,29.28,34.16,43.92,248.88,185.44,122,-9.76,68.32
73.2,78.08,4.88,-73.2,34.16,39.04,48.8,268.4,200.08,136.64,0,82.96
73.2,78.08,4.88,-73.2,34.16,39.04,48.8,283.04,209.84,146.4,9.76,87.84
63.44,68.32,4.88,-63.44,29.28,34.16,48.8,292.8,214.72,156.16,14.64,87.84
48.8,68.32,19.52,-58.56,14.64,43.92,48.8,302.56,239.12,165.92,19.52,92.72
73.2,82.96,9.76,-78.08,29.28,43.92,58.56,331.84,248.88,175.68,34.16,97.6
112.24,102.48,-9.76,-107.36,58.56,43.92,53.68,336.72,268.4,195.2,39.04,102.48
117.12,102.48,-14.64,-107.36,63.44,43.92,43.92,346.48,278.16,204.96,34.16,97.6
117.12,107.36,-9.76,-112.24,63.44,48.8,39.04,370.88,292.8,219.6,48.8,102.48
112.24,122,9.76,-117.12,48.8,63.44,53.68,395.28,317.2,253.76,68.32,122
112.24,122,9.76,-117.12,48.8,63.44,53.68,409.92,331.84,268.4,73.2,126.88
141.52,131.76,-9.76,-136.64,73.2,58.56,43.92,414.8,331.84,278.16,78.08,131.76
131.76,126.88,-4.88,-126.88,68.32,58.56,43.92,434.32,356.24,292.8,87.84,136.64
136.64,117.12,-19.52,-126.88,78.08,48.8,39.04,444.08,361.12,302.56,82.96,136.64
146.4,131.76,-14.64,-136.64,78.08,58.56,43.92,458.72,375.76,322.08,92.72,146.4
136.64,126.88,-9.76,-131.76,73.2,58.56,53.68,478.24,390.4,331.84,107.36,156.16
146.4,136.64,-9.76,-141.52,78.08,63.44,48.8,488,405.04,346.48,112.24,156.16
180.56,151.28,-29.28,-165.92,102.48,58.56,48.8,507.52,414.8,366,117.12,156.16
170.8,156.16,-14.64,-161.04,92.72,68.32,43.92,522.16,434.32,380.64,126.88,165.92
151.28,165.92,14.64,-156.16,68.32,87.84,58.56,546.56,458.72,405.04,141.52,180.56
175.68,175.68,0,-175.68,87.84,87.84,48.8,551.44,473.36,419.68,141.52,180.56
204.96,180.56,-24.4,-190.32,112.24,78.08,48.8,556.32,473.36,429.44,146.4,180.56
195.2,175.68,-19.52,-185.44,107.36,78.08,58.56,575.84,488,444.08,151.28,190.32
180.56,165.92,-14.64,-170.8,97.6,73.2,58.56,590.48,507.52,458.72,161.04,195.2
180.56,161.04,-19.52,-170.8,97.6,68.32,58.56,595.36,512.4,463.6,161.04,195.2
195.2,170.8,-24.4,-180.56,107.36,73.2,58.56,605.12,522.16,468.48,161.04,195.2
195.2,170.8,-24.4,-180.56,107.36,73.2,58.56,619.76,531.92,478.24,165.92,200.08
219.6,190.32,-29.28,-204.96,122,78.08,63.44,634.4,546.56,492.88,175.68,200.08
214.72,204.96,-9.76,-209.84,112.24,97.6,68.32,653.92,570.96,517.28,185.44,209.84
224.48,204.96,-19.52,-214.72,122,92.72,63.44,658.8,570.96,522.16,180.56,204.96
244,204.96,-39.04,-224.48,141.52,82.96,63.44,673.44,585.6,541.68,190.32,209.84
239.12,209.84,-29.28,-224.48,131.76,87.84,68.32,678.32,590.48,541.68,190.32,209.84
219.6,209.84,-9.76,-214.72,112.24,97.6,73.2,678.32,590.48,546.56,195.2,219.6
200.08,200.08,0,-200.08,97.6,97.6,78.08,688.08,610,561.2,200.08,224.48
200.08,200.08,0,-200.08,97.6,97.6,82.96,683.2,595.36,551.44,195.2,224.48
190.32,200.08,9.76,-195.2,87.84,102.48,92.72,688.08,605.12,561.2,209.84,234.24
200.08,200.08,0,-200.08,97.6,97.6,92.72,678.32,600.24,556.32,200.08,239.12
214.72,200.08,-14.64,-204.96,112.24,92.72,82.96,663.68,585.6,531.92,180.56,214.72
214.72,200.08,-14.64,-204.96,112.24,92.72,78.08,653.92,580.72,527.04,180.56,209.84
190.32,185.44,-4.88,-185.44,97.6,87.84,82.96,649.04,570.96,522.16,180.56,209.84
209.84,204.96,-4.88,-204.96,107.36,97.6,87.84,629.52,561.2,512.4,165.92,209.84
224.48,219.6,-4.88,-219.6,112.24,107.36,97.6,624.64,561.2,507.52,165.92,209.84
219.6,204.96,-14.64,-209.84,117.12,92.72,92.72,600.24,536.8,483.12,151.28,200.08
195.2,190.32,-4.88,-190.32,97.6,92.72,107.36,580.72,522.16,473.36,141.52,195.2
151.28,180.56,29.28,-165.92,58.56,102.48,112.24,556.32,507.52,453.84,131.76,195.2
141.52,175.68,34.16,-156.16,53.68,102.48,122,551.44,488,434.32,126.88,195.2
151.28,175.68,24.4,-161.04,63.44,97.6,112.24,522.16,468.48,409.92,107.36,180.56
156.16,165.92,9.76,-161.04,73.2,87.84,102.48,483.12,439.2,370.88,87.84,161.04
161.04,170.8,9.76,-165.92,73.2,87.84,102.48,463.6,414.8,351.36,78.08,156.16
151.28,180.56,29.28,-165.92,58.56,102.48,112.24,448.96,405.04,341.6,68.32,156.16
151.28,161.04,9.76,-156.16,68.32,82.96,107.36,414.8,370.88,312.32,48.8,136.64
107.36,151.28,43.92,-126.88,29.28,97.6,117.12,409.92,361.12,302.56,39.04,136.64
87.84,136.64,48.8,-112.24,19.52,92.72,117.12,375.76,346.48,283.04,29.28,131.76
78.08,126.88,48.8,-102.48,14.64,87.84,126.88,356.24,322.08,258.64,14.64,122
117.12,141.52,24.4,-126.88,43.92,82.96,112.24,317.2,287.92,224.48,-9.76,102.48
107.36,122,14.64,-112.24,43.92,68.32,117.12,302.56,263.52,200.08,-24.4,92.72
92.72,107.36,14.64,-97.6,39.04,58.56,107.36,273.28,244,180.56,-39.04,82.96
78.08,107.36,29.28,-92.72,24.4,68.32,102.48,248.88,224.48,151.28,-48.8,68.32
58.56,97.6,39.04,-78.08,9.76,68.32,102.48,229.36,200.08,131.76,-68.32,68.32
78.08,97.6,19.52,-87.84,29.28,58.56,102.48,219.6,185.44,122,-73.2,58.56
78.08,97.6,19.52,-87.84,29.28,58.56,92.72,200.08,165.92,107.36,-82.96,48.8
53.68,92.72,39.04,-73.2,4.88,63.44,92.72,185.44,146.4,92.72,-107.36,39.04
58.56,82.96,24.4,-68.32,14.64,53.68,87.84,161.04,131.76,73.2,-117.12,34.16
82.96,73.2,-9.76,-78.08,43.92,29.28,82.96,131.76,102.48,48.8,-136.64,14.64
73.2,73.2,0,-73.2,34.16,34.16,82.96,126.88,97.6,39.04,-141.52,14.64
58.56,78.08,19.52,-68.32,19.52,48.8,87.84,122,97.6,34.16,-141.52,14.64
19.52,58.56,39.04,-39.04,-9.76,48.8,92.72,112.24,92.72,29.28,-146.4,24.4
4.88,63.44,58.56,-34.16,-29.28,58.56,92.72,107.36,87.84,14.64,-151.28,14.64
34.16,63.44,29.28,-48.8,0,43.92,73.2,82.96,58.56,-4.88,-170.8,0
39.04,53.68,14.64,-43.92,9.76,34.16,78.08,73.2,53.68,-19.52,-175.68,-4.88
29.28,53.68,24.4,-39.04,0,39.04,68.32,68.32,43.92,-24.4,-185.44,-9.76
29.28,43.92,14.64,-34.16,4.88,29.28,58.56,53.68,29.28,-34.16,-195.2,-24.4
19.52,34.16,14.64,-24.4,0,24.4,58.56,43.92,14.64,-43.92,-204.96,-29.28
4.88,34.16,29.28,-19.52,-14.64,29.28,68.32,43.92,14.64,-39.04,-204.96,-24.4
29.28,39.04,9.76,-34.16,9.76,24.4,63.44,34.16,9.76,-53.68,-209.84,-29.28
43.92,48.8,4.88,-43.92,19.52,24.4,68.32,39.04,14.64,-48.8,-209.84,-24.4
19.52,39.04,19.52,-29.28,0,29.28,73.2,34.16,14.64,-48.8,-219.6,-29.28
14.64,39.04,24.4,-24.4,-4.88,29.28,63.44,29.28,4.88,-58.56,-219.6,-34.16
29.28,39.04,9.76,-34.16,9.76,24.4,63.44,24.4,-4.88,-63.44,-224.48,-39.04
14.64,24.4,9.76,-19.52,0,14.64,68.32,19.52,-4.88,-68.32,-229.36,-39.04
4.88,29.28,24.4,-14.64,-9.76,24.4,68.32,19.52,-9.76,-73.2,-234.24,-39.04
9.76,34.16,24.4,-19.52,-9.76,29.28,68.32,14.64,-14.64,-73.2,-234.24,-48.8
9.76,19.52,9.76,-14.64,0,14.64,58.56,9.76,-19.52,-78.08,-239.12,-48.8
19.52,29.28,9.76,-24.4,4.88,19.52,68.32,14.64,-14.64,-78.08,-239.12,-43.92
39.04,39.04,0,-39.04,19.52,19.52,63.44,4.88,-14.64,-82.96,-239.12,-43.92
34.16,39.04,4.88,-34.16,14.64,19.52,63.44,4.88,-19.52,-82.96,-239.12,-43.92
29.28,34.16,4.88,-29.28,9.76,19.52,68.32,9.76,-14.64,-78.08,-244,-39.04
24.4,29.28,4.88,-24.4,9.76,14.64,53.68,4.88,-24.4,-87.84,-248.88,-48.8
39.04,34.16,-4.88,-34.16,19.52,14.64,58.56,4.88,-29.28,-87.84,-248.88,-48.8
29.28,34.16,4.88,-29.28,9.76,19.52,68.32,14.64,-14.64,-78.08,-248.88,-43.92
4.88,24.4,19.52,-14.64,-9.76,19.52,73.2,9.76,-14.64,-78.08,-248.88,-48.8
14.64,24.4,9.76,-19.52,0,14.64,63.44,9.76,-19.52,-82.96,-253.76,-53.68
0,24.4,24.4,-9.76,-14.64,24.4,73.2,14.64,-14.64,-73.2,-253.76,-48.8
14.64,19.52,4.88,-14.64,4.88,9.76,73.2,9.76,-14.64,-82.96,-253.76,-48.8
29.28,24.4,-4.88,-24.4,14.64,9.76,63.44,-4.88,-29.28,-92.72,-258.64,-58.56
29.28,24.4,-4.88,-24.4,14.64,9.76,58.56,0,-24.4,-87.84,-263.52,-53.68
29.28,29.28,0,-29.28,14.64,14.64,68.32,9.76,-14.64,-78.08,-258.64,-48.8
24.4,34.16,9.76,-29.28,4.88,19.52,63.44,4.88,-14.64,-82.96,-263.52,-48.8
29.28,39.04,9.76,-34.16,9.76,24.4,58.56,4.88,-24.4,-87.84,-268.4,-53.68
43.92,39.04,-4.88,-39.04,24.4,14.64,53.68,0,-19.52,-82.96,-268.4,-53.68
48.8,34.16,-14.64,-39.04,29.28,9.76,53.68,-4.88,-24.4,-87.84,-273.28,-58.56
48.8,34.16,-14.64,-39.04,29.28,9.76,53.68,0,-29.28,-87.84,-278.16,-63.44
9.76,24.4,14.64,-14.64,-4.88,19.52,68.32,4.88,-19.52,-78.08,-268.4,-53.68
-14.64,14.64,29.28,0,-24.4,19.52,63.44,4.88,-19.52,-78.08,-268.4,-53.68
-9.76,19.52,29.28,-4.88,-19.52,24.4,68.32,9.76,-24.4,-78.08,-258.64,-48.8
0,9.76,9.76,-4.88,-4.88,9.76,68.32,9.76,-14.64,-73.2,-258.64,-48.8
14.64,9.76,-4.88,-9.76,9.76,0,63.44,4.88,-24.4,-82.96,-273.28,-58.56
34.16,24.4,-9.76,-29.28,19.52,4.88,53.68,-4.88,-29.28,-92.72,-283.04,-63.44
58.56,39.04,-19.52,-48.8,39.04,9.76,53.68,0,-29.28,-82.96,-287.92,-58.56
19.52,34.16,14.64,-24.4,0,24.4,68.32,14.64,-9.76,-73.2,-263.52,-39.04
-14.64,29.28,43.92,-4.88,-29.28,34.16,78.08,19.52,0,-63.44,-258.64,-29.28
39.04,39.04,0,-39.04,19.52,19.52,58.56,9.76,-14.64,-78.08,-273.28,-48.8
24.4,34.16,9.76,-29.28,4.88,19.52,68.32,14.64,-9.76,-68.32,-268.4,-34.16
-19.52,19.52,39.04,0,-29.28,29.28,73.2,14.64,-4.88,-63.44,-263.52,-29.28
4.88,19.52,14.64,-9.76,-4.88,14.64,63.44,4.88,-19.52,-78.08,-283.04,-39.04
19.52,29.28,9.76,-24.4,4.88,19.52,63.44,0,-19.52,-82.96,-283.04,-43.92
9.76,19.52,9.76,-14.64,0,14.64,63.44,0,-19.52,-78.08,-283.04,-39.04
-9.76,24.4,34.16,-4.88,-24.4,29.28,68.32,4.88,-19.52,-78.08,-283.04,-39.04
14.64,34.16,19.52,-24.4,-4.88,24.4,63.44,4.88,-19.52,-78.08,-287.92,-39.04
39.04,19.52,-19.52,-29.28,29.28,0,48.8,-4.88,-29.28,-92.72,-292.8,-63.44
43.92,24.4,-19.52,-34.16,29.28,0,63.44,0,-24.4,-78.08,-283.04,-53.68
14.64,43.92,29.28,-29.28,-9.76,34.16,68.32,14.64,-9.76,-68.32,-283.04,-43.92
4.88,39.04,34.16,-19.52,-14.64,34.16,68.32,14.64,-9.76,-68.32,-283.04,-39.04
68.32,34.16,-34.16,-48.8,48.8,0,48.8,-9.76,-29.28,-87.84,-297.68,-58.56
34.16,39.04,4.88,-34.16,14.64,19.52,58.56,0,-24.4,-78.08,-302.56,-53.68
19.52,34.16,14.64,-24.4,0,24.4,63.44,4.88,-19.52,-73.2,-292.8,-43.92
4.88,19.52,14.64,-9.76,-4.88,14.64,63.44,4.88,-19.52,-73.2,-297.68,-43.92
-9.76,14.64,24.4,0,-19.52,19.52,63.44,0,-24.4,-82.96,-302.56,-48.8
34.16,43.92,9.76,-39.04,9.76,24.4,53.68,0,-34.16,-87.84,-307.44,-48.8
39.04,48.8,9.76,-43.92,14.64,29.28,58.56,4.88,-19.52,-78.08,-292.8,-43.92
34.16,43.92,9.76,-39.04,9.76,24.4,58.56,4.88,-24.4,-73.2,-297.68,-43.92
39.04,53.68,14.64,-43.92,9.76,34.16,58.56,9.76,-19.52,-68.32,-297.68,-43.92
19.52,43.92,24.4,-29.28,-4.88,34.16,63.44,9.76,-19.52,-63.44,-302.56,-48.8
43.92,34.16,-9.76,-39.04,24.4,9.76,53.68,-4.88,-29.28,-78.08,-307.44,-53.68
58.56,39.04,-19.52,-48.8,39.04,9.76,48.8,-9.76,-34.16,-78.08,-317.2,-53.68
14.64,34.16,19.52,-24.4,-4.88,24.4,63.44,0,-29.28,-73.2,-312.32,-53.68
4.88,24.4,19.52,-14.64,-9.76,19.52,58.56,-4.88,-29.28,-73.2,-307.44,-48.8
9.76,24.4,14.64,-14.64,-4.88,19.52,53.68,-9.76,-34.16,-87.84,-322.08,-58.56
19.52,39.04,19.52,-29.28,0,29.28,48.8,-9.76,-39.04,-82.96,-326.96,-58.56
29.28,43.92,14.64,-34.16,4.88,29.28,58.56,0,-24.4,-73.2,-307.44,-48.8
34.16,34.16,0,-34.16,14.64,14.64,53.68,-9.76,-39.04,-82.96,-326.96,-58.56
24.4,34.16,9.76,-29.28,4.88,19.52,53.68,-14.64,-39.04,-82.96,-326.96,-63.44
0,34.16,34.16,-14.64,-19.52,34.16,63.44,-4.88,-34.16,-78.08,-317.2,-48.8
9.76,34.16,24.4,-19.52,-9.76,29.28,73.2,0,-34.16,-73.2,-317.2,-48.8
43.92,48.8,4.88,-43.92,19.52,24.4,53.68,-14.64,-43.92,-87.84,-326.96,-58.56
43.92,48.8,4.88,-43.92,19.52,24.4,53.68,-14.64,-39.04,-92.72,-331.84,-63.44
9.76,34.16,24.4,-19.52,-9.76,29.28,68.32,-4.88,-29.28,-82.96,-317.2,-48.8
24.4,39.04,14.64,-29.28,4.88,24.4,63.44,-19.52,-39.04,-92.72,-331.84,-63.44
48.8,48.8,0,-48.8,24.4,24.4,48.8,-24.4,-53.68,-107.36,-346.48,-68.32
43.92,39.04,-4.88,-39.04,24.4,14.64,53.68,-19.52,-43.92,-97.6,-336.72,-58.56
24.4,34.16,9.76,-29.28,4.88,19.52,58.56,-14.64,-43.92,-92.72,-336.72,-58.56
24.4,39.04,14.64,-29.28,4.88,24.4,43.92,-29.28,-58.56,-107.36,-351.36,-73.2
34.16,43.92,9.76,-39.04,9.76,24.4,48.8,-24.4,-53.68,-97.6,-346.48,-68.32
29.28,34.16,4.88,-29.28,9.76,19.52,48.8,-29.28,-58.56,-97.6,-351.36,-68.32
43.92,39.04,-4.88,-39.04,24.4,14.64,43.92,-34.16,-63.44,-102.48,-351.36,-73.2
39.04,34.16,-4.88,-34.16,19.52,14.64,53.68,-24.4,-48.8,-92.72,-346.48,-68.32
4.88,19.52,14.64,-9.76,-4.88,14.64,63.44,-24.4,-48.8,-92.72,-351.36,-58.56
-9.76,24.4,34.16,-4.88,-24.4,29.28,63.44,-24.4,-43.92,-92.72,-346.48,-58.56
9.76,29.28,19.52,-19.52,-4.88,24.4,53.68,-24.4,-48.8,-92.72,-351.36,-68.32
0,19.52,19.52,-9.76,-9.76,19.52,48.8,-29.28,-53.68,-102.48,-351.36,-78.08
14.64,34.16,19.52,-24.4,-4.88,24.4,63.44,-34.16,-58.56,-102.48,-361.12,-73.2
24.4,48.8,24.4,-34.16,0,34.16,63.44,-24.4,-53.68,-97.6,-356.24,-68.32
29.28,43.92,14.64,-34.16,4.88,29.28,58.56,-29.28,-58.56,-102.48,-361.12,-68.32
39.04,29.28,-9.76,-34.16,24.4,9.76,58.56,-39.04,-58.56,-107.36,-370.88,-78.08
43.92,29.28,-14.64,-34.16,29.28,4.88,48.8,-43.92,-73.2,-117.12,-375.76,-82.96
63.44,39.04,-24.4,-48.8,43.92,4.88,43.92,-48.8,-73.2,-117.12,-380.64,-92.72
19.52,29.28,9.76,-24.4,4.88,19.52,53.68,-39.04,-68.32,-107.36,-370.88,-82.96
9.76,24.4,14.64,-14.64,-4.88,19.52,53.68,-39.04,-63.44,-117.12,-375.76,-82.96
14.64,29.28,14.64,-19.52,0,19.52,58.56,-39.04,-63.44,-112.24,-370.88,-82.96
4.88,14.64,9.76,-9.76,-4.88,9.76,53.68,-43.92,-63.44,-117.12,-380.64,-87.84
9.76,19.52,9.76,-14.64,0,14.64,58.56,-39.04,-58.56,-112.24,-380.64,-82.96
24.4,29.28,4.88,-24.4,9.76,14.64,53.68,-43.92,-63.44,-112.24,-385.52,-82.96
24.4,19.52,-4.88,-19.52,14.64,4.88,48.8,-53.68,-78.08,-117.12,-385.52,-87.84
24.4,19.52,-4.88,-19.52,14.64,4.88,48.8,-48.8,-78.08,-122,-395.28,-87.84
24.4,29.28,4.88,-24.4,9.76,14.64,43.92,-53.68,-82.96,-126.88,-395.28,-92.72
4.88,14.64,9.76,-9.76,-4.88,9.76,48.8,-53.68,-82.96,-126.88,-395.28,-87.84
19.52,14.64,-4.88,-14.64,9.76,4.88,43.92,-63.44,-87.84,-131.76,-400.16,-87.84
19.52,19.52,0,-19.52,9.76,9.76,48.8,-58.56,-82.96,-131.76,-400.16,-87.84
4.88,24.4,19.52,-14.64,-9.76,19.52,53.68,-48.8,-78.08,-122,-390.4,-78.08
-4.88,14.64,19.52,-4.88,-14.64,14.64,48.8,-53.68,-78.08,-122,-395.28,-87.84
4.88,9.76,4.88,-4.88,0,4.88,48.8,-48.8,-78.08,-122,-400.16,-82.96
34.16,24.4,-9.76,-29.28,19.52,4.88,48.8,-53.68,-78.08,-122,-405.04,-87.84
24.4,19.52,-4.88,-19.52,14.64,4.88,43.92,-63.44,-82.96,-126.88,-409.92,-87.84
14.64,19.52,4.88,-14.64,4.88,9.76,48.8,-58.56,-87.84,-126.88,-414.8,-92.72
19.52,24.4,4.88,-19.52,4.88,14.64,53.68,-53.68,-82.96,-126.88,-409.92,-87.84
34.16,19.52,-14.64,-24.4,24.4,0,43.92,-58.56,-87.84,-131.76,-414.8,-102.48
4.88,19.52,14.64,-9.76,-4.88,14.64,53.68,-48.8,-82.96,-131.76,-409.92,-87.84
14.64,24.4,9.76,-19.52,0,14.64,53.68,-53.68,-82.96,-136.64,-414.8,-92.72
29.28,19.52,-9.76,-24.4,19.52,4.88,43.92,-58.56,-92.72,-141.52,-424.56,-97.6
19.52,29.28,9.76,-24.4,4.88,19.52,48.8,-53.68,-82.96,-131.76,-414.8,-92.72
4.88,29.28,24.4,-14.64,-9.76,24.4,48.8,-53.68,-82.96,-131.76,-419.68,-92.72
19.52,24.4,4.88,-19.52,4.88,14.64,43.92,-58.56,-82.96,-131.76,-424.56,-102.48
43.92,34.16,-9.76,-39.04,24.4,9.76,39.04,-58.56,-87.84,-131.76,-424.56,-102.48
29.28,29.28,0,-29.28,14.64,14.64,43.92,-58.56,-82.96,-131.76,-429.44,-102.48
24.4,19.52,-4.88,-19.52,14.64,4.88,43.92,-58.56,-92.72,-136.64,-434.32,-107.36
9.76,19.52,9.76,-14.64,0,14.64,48.8,-58.56,-82.96,-126.88,-424.56,-97.6
-9.76,9.76,19.52,0,-14.64,14.64,48.8,-58.56,-87.84,-131.76,-424.56,-97.6
4.88,4.88,0,-4.88,0,0,39.04,-73.2,-92.72,-146.4,-439.2,-107.36
29.28,19.52,-9.76,-24.4,19.52,4.88,29.28,-78.08,-102.48,-151.28,-448.96,-112.24
24.4,34.16,9.76,-29.28,4.88,19.52,43.92,-63.44,-87.84,-136.64,-434.32,-97.6
43.92,34.16,-9.76,-39.04,24.4,9.76,43.92,-68.32,-87.84,-131.76,-439.2,-102.48
19.52,29.28,9.76,-24.4,4.88,19.52,39.04,-73.2,-87.84,-136.64,-448.96,-107.36
24.4,24.4,0,-24.4,9.76,9.76,34.16,-73.2,-92.72,-136.64,-444.08,-107.36
53.68,24.4,-29.28,-39.04,39.04,-4.88,29.28,-78.08,-107.36,-141.52,-458.72,-112.24
48.8,24.4,-24.4,-34.16,34.16,0,24.4,-82.96,-112.24,-141.52,-458.72,-112.24
39.04,24.4,-14.64,-29.28,24.4,4.88,34.16,-82.96,-107.36,-146.4,-458.72,-112.24
9.76,19.52,9.76,-14.64,0,14.64,39.04,-63.44,-102.48,-146.4,-444.08,-97.6
-14.64,19.52,34.16,0,-24.4,24.4,43.92,-58.56,-97.6,-141.52,-448.96,-97.6
-4.88,24.4,29.28,-9.76,-19.52,24.4,39.04,-63.44,-92.72,-146.4,-448.96,-97.6
-14.64,9.76,24.4,4.88,-19.52,14.64,43.92,-63.44,-92.72,-141.52,-444.08,-97.6
-24.4,4.88,29.28,9.76,-29.28,14.64,39.04,-63.44,-97.6,-141.52,-453.84,-97.6
29.28,19.52,-9.76,-24.4,19.52,4.88,29.28,-78.08,-107.36,-151.28,-468.48,-112.24
68.32,24.4,-43.92,-43.92,53.68,-9.76,19.52,-92.72,-117.12,-165.92,-473.36,-122
48.8,24.4,-24.4,-34.16,34.16,0,29.28,-78.08,-112.24,-151.28,-463.6,-117.12
9.76,14.64,4.88,-9.76,0,9.76,39.04,-68.32,-102.48,-141.52,-458.72,-112.24
24.4,14.64,-9.76,-19.52,14.64,0,34.16,-78.08,-102.48,-151.28,-473.36,-117.12
4.88,9.76,4.88,-4.88,0,4.88,48.8,-68.32,-97.6,-146.4,-463.6,-107.36
-9.76,0,9.76,4.88,-9.76,4.88,43.92,-73.2,-107.36,-156.16,-478.24,-117.12
0,14.64,14.64,-4.88,-9.76,14.64,39.04,-73.2,-102.48,-151.28,-473.36,-117.12
14.64,14.64,0,-14.64,4.88,4.88,39.04,-73.2,-102.48,-146.4,-468.48,-117.12
4.88,4.88,0,-4.88,0,0,43.92,-73.2,-107.36,-151.28,-468.48,-112.24
-14.64,19.52,34.16,0,-24.4,24.4,48.8,-73.2,-97.6,-141.52,-468.48,-107.36
0,19.52,19.52,-9.76,-9.76,19.52,48.8,-73.2,-97.6,-146.4,-463.6,-102.48
9.76,9.76,0,-9.76,4.88,4.88,48.8,-73.2,-102.48,-151.28,-468.48,-107.36
19.52,9.76,-9.76,-14.64,14.64,0,48.8,-73.2,-102.48,-151.28,-473.36,-112.24
14.64,4.88,-9.76,-9.76,9.76,-4.88,43.92,-82.96,-107.36,-151.28,-478.24,-112.24
19.52,4.88,-14.64,-9.76,14.64,-4.88,43.92,-82.96,-112.24,-161.04,-483.12,-112.24
19.52,19.52,0,-19.52,9.76,9.76,48.8,-73.2,-102.48,-151.28,-478.24,-112.24
34.16,19.52,-14.64,-24.4,24.4,0,43.92,-78.08,-107.36,-156.16,-488,-112.24
24.4,19.52,-4.88,-19.52,14.64,4.88,48.8,-73.2,-102.48,-146.4,-483.12,-107.36
14.64,4.88,-9.76,-9.76,9.76,-4.88,48.8,-78.08,-102.48,-146.4,-478.24,-112.24
24.4,4.88,-19.52,-14.64,19.52,-9.76,34.16,-87.84,-112.24,-156.16,-497.76,-122
9.76,9.76,0,-9.76,4.88,4.88,43.92,-82.96,-107.36,-156.16,-488,-117.12
4.88,9.76,4.88,-4.88,0,4.88,48.8,-78.08,-107.36,-151.28,-488,-117.12
39.04,14.64,-24.4,-24.4,29.28,-4.88,43.92,-82.96,-107.36,-156.16,-492.88,-117.12
29.28,-4.88,-34.16,-9.76,29.28,-19.52,39.04,-82.96,-107.36,-156.16,-492.88,-122
0,-9.76,-9.76,4.88,4.88,-9.76,48.8,-78.08,-107.36,-151.28,-492.88,-117.12
19.52,9.76,-9.76,-14.64,14.64,0,48.8,-73.2,-102.48,-141.52,-492.88,-122
34.16,14.64,-19.52,-24.4,24.4,-4.88,43.92,-78.08,-102.48,-151.28,-497.76,-122
14.64,9.76,-4.88,-9.76,9.76,0,43.92,-78.08,-107.36,-156.16,-497.76,-122
4.88,4.88,0,-4.88,0,0,48.8,-68.32,-102.48,-146.4,-488,-117.12
24.4,4.88,-19.52,-14.64,19.52,-9.76,39.04,-78.08,-107.36,-156.16,-502.64,-126.88
34.16,9.76,-24.4,-19.52,29.28,-9.76,34.16,-82.96,-112.24,-161.04,-502.64,-122
0,0,0,0,0,0,48.8,-73.2,-107.36,-151.28,-497.76,-122
9.76,-9.76,-19.52,0,14.64,-14.64,39.04,-82.96,-122,-165.92,-507.52,-126.88
24.4,4.88,-19.52,-14.64,19.52,-9.76,39.04,-78.08,-117.12,-161.04,-502.64,-122
-4.88,0,4.88,4.88,-4.88,0,43.92,-68.32,-107.36,-156.16,-497.76,-112.24
4.88,0,-4.88,0,4.88,-4.88,43.92,-73.2,-107.36,-151.28,-497.76,-117.12
24.4,14.64,-9.76,-19.52,14.64,0,34.16,-82.96,-112.24,-161.04,-502.64,-122
14.64,4.88,-9.76,-9.76,9.76,-4.88,39.04,-78.08,-112.24,-156.16,-502.64,-112.24
14.64,4.88,-9.76,-9.76,9.76,-4.88,39.04,-78.08,-112.24,-151.28,-497.76,-112.24
9.76,4.88,-4.88,-4.88,4.88,0,34.16,-82.96,-117.12,-161.04,-507.52,-122
4.88,0,-4.88,0,4.88,-4.88,34.16,-82.96,-117.12,-161.04,-502.64,-112.24
9.76,0,-9.76,-4.88,9.76,-4.88,29.28,-87.84,-117.12,-161.04,-512.4,-117.12
4.88,4.88,0,-4.88,0,0,24.4,-87.84,-122,-165.92,-512.4,-112.24
9.76,9.76,0,-9.76,4.88,4.88,29.28,-82.96,-117.12,-165.92,-502.64,-107.36
4.88,4.88,0,-4.88,0,0,29.28,-78.08,-117.12,-165.92,-507.52,-102.48
19.52,4.88,-14.64,-9.76,14.64,-4.88,24.4,-87.84,-122,-170.8,-517.28,-112.24
34.16,19.52,-14.64,-24.4,24.4,0,24.4,-82.96,-117.12,-161.04,-507.52,-112.24
-4.88,9.76,14.64,0,-9.76,9.76,43.92,-68.32,-97.6,-146.4,-492.88,-97.6
-9.76,9.76,19.52,0,-14.64,14.64,39.04,-78.08,-107.36,-151.28,-507.52,-107.36
19.52,9.76,-9.76,-14.64,14.64,0,34.16,-87.84,-107.36,-156.16,-512.4,-112.24
0,9.76,9.76,-4.88,-4.88,9.76,34.16,-82.96,-107.36,-156.16,-507.52,-107.36
-19.52,0,19.52,9.76,-19.52,9.76,34.16,-87.84,-107.36,-156.16,-507.52,-107.36
-9.76,-4.88,4.88,9.76,-9.76,0,29.28,-87.84,-117.12,-156.16,-517.28,-107.36
-4.88,-14.64,-9.76,9.76,0,-14.64,19.52,-92.72,-122,-165.92,-522.16,-122
-19.52,-9.76,9.76,14.64,-14.64,0,34.16,-78.08,-112.24,-156.16,-502.64,-102.48
-14.64,-4.88,9.76,9.76,-14.64,0,39.04,-78.08,-107.36,-151.28,-507.52,-107.36
0,4.88,4.88,0,-4.88,4.88,39.04,-78.08,-112.24,-151.28,-507.52,-97.6
48.8,19.52,-29.28,-34.16,39.04,-4.88,29.28,-87.84,-112.24,-156.16,-507.52,-107.36
48.8,9.76,-39.04,-29.28,43.92,-14.64,24.4,-82.96,-112.24,-156.16,-507.52,-102.48
24.4,9.76,-14.64,-14.64,19.52,-4.88,29.28,-87.84,-117.12,-161.04,-517.28,-102.48
19.52,9.76,-9.76,-14.64,14.64,0,29.28,-87.84,-112.24,-156.16,-507.52,-92.72
0,0,0,0,0,0,34.16,-82.96,-112.24,-151.28,-497.76,-92.72
4.88,0,-4.88,0,4.88,-4.88,34.16,-92.72,-126.88,-156.16,-507.52,-92.72
-19.52,-4.88,14.64,14.64,-19.52,4.88,34.16,-87.84,-122,-161.04,-502.64,-87.84
-39.04,-9.76,29.28,24.4,-34.16,9.76,39.04,-73.2,-112.24,-156.16,-497.76,-78.08
-29.28,-9.76,19.52,19.52,-24.4,4.88,34.16,-78.08,-112.24,-151.28,-497.76,-82.96
-4.88,0,4.88,4.88,-4.88,0,24.4,-82.96,-126.88,-161.04,-512.4,-87.84
-4.88,9.76,14.64,0,-9.76,9.76,34.16,-68.32,-97.6,-151.28,-488,-78.08
0,9.76,9.76,-4.88,-4.88,9.76,34.16,-73.2,-102.48,-151.28,-492.88,-82.96
9.76,9.76,0,-9.76,4.88,4.88,43.92,-78.08,-107.36,-146.4,-497.76,-82.96
24.4,14.64,-9.76,-19.52,14.64,0,29.28,-87.84,-112.24,-156.16,-502.64,-87.84
24.4,0,-24.4,-9.76,24.4,-14.64,29.28,-92.72,-112.24,-156.16,-502.64,-97.6
34.16,0,-34.16,-14.64,34.16,-19.52,29.28,-92.72,-117.12,-161.04,-507.52,-92.72
53.68,0,-53.68,-24.4,53.68,-29.28,19.52,-102.48,-126.88,-170.8,-517.28,-97.6
34.16,-9.76,-43.92,-9.76,39.04,-29.28,14.64,-97.6,-122,-180.56,-512.4,-97.6
24.4,-4.88,-29.28,-9.76,24.4,-19.52,19.52,-92.72,-122,-170.8,-507.52,-92.72
34.16,0,-34.16,-14.64,34.16,-19.52,19.52,-92.72,-126.88,-170.8,-502.64,-92.72
-4.88,-14.64,-9.76,9.76,0,-14.64,19.52,-92.72,-122,-170.8,-502.64,-92.72
-4.88,-14.64,-9.76,9.76,0,-14.64,24.4,-87.84,-117.12,-161.04,-492.88,-87.84
19.52,-4.88,-24.4,-4.88,19.52,-14.64,24.4,-92.72,-122,-161.04,-502.64,-87.84
-4.88,-4.88,0,4.88,-4.88,-4.88,34.16,-82.96,-112.24,-156.16,-488,-73.2
-14.64,-4.88,9.76,9.76,-14.64,0,34.16,-82.96,-117.12,-151.28,-488,-68.32
0,0,0,0,0,0,29.28,-92.72,-122,-161.04,-492.88,-73.2
14.64,4.88,-9.76,-9.76,9.76,-4.88,34.16,-87.84,-122,-156.16,-483.12,-68.32
4.88,0,-4.88,0,4.88,-4.88,34.16,-78.08,-107.36,-151.28,-483.12,-63.44
-24.4,-9.76,14.64,19.52,-19.52,0,39.04,-73.2,-112.24,-146.4,-478.24,-58.56
14.64,0,-14.64,-4.88,14.64,-9.76,29.28,-82.96,-122,-161.04,-488,-63.44
0,-4.88,-4.88,4.88,0,-4.88,19.52,-87.84,-122,-165.92,-488,-73.2
14.64,-4.88,-19.52,-4.88,14.64,-14.64,14.64,-97.6,-126.88,-165.92,-492.88,-73.2
24.4,4.88,-19.52,-14.64,19.52,-9.76,24.4,-92.72,-122,-161.04,-492.88,-73.2
48.8,4.88,-43.92,-24.4,43.92,-19.52,14.64,-102.48,-131.76,-175.68,-497.76,-78.08
24.4,4.88,-19.52,-14.64,19.52,-9.76,24.4,-92.72,-117.12,-161.04,-483.12,-68.32
-48.8,-9.76,39.04,29.28,-43.92,14.64,34.16,-78.08,-112.24,-146.4,-473.36,-53.68
-29.28,-9.76,19.52,19.52,-24.4,4.88,24.4,-87.84,-122,-156.16,-473.36,-63.44
14.64,4.88,-9.76,-9.76,9.76,-4.88,34.16,-82.96,-117.12,-151.28,-463.6,-53.68
24.4,9.76,-14.64,-14.64,19.52,-4.88,43.92,-78.08,-107.36,-141.52,-458.72,-43.92
19.52,4.88,-14.64,-9.76,14.64,-4.88,29.28,-82.96,-112.24,-156.16,-463.6,-43.92
4.88,-4.88,-9.76,0,4.88,-9.76,24.4,-82.96,-112.24,-161.04,-463.6,-48.8
0,-14.64,-14.64,9.76,4.88,-14.64,19.52,-87.84,-117.12,-161.04,-463.6,-53.68
14.64,4.88,-9.76,-9.76,9.76,-4.88,29.28,-87.84,-112.24,-156.16,-458.72,-43.92
9.76,9.76,0,-9.76,4.88,4.88,24.4,-92.72,-112.24,-156.16,-458.72,-34.16
-4.88,-9.76,-4.88,9.76,0,-9.76,19.52,-92.72,-117.12,-161.04,-458.72,-34.16
0,-4.88,-4.88,4.88,0,-4.88,19.52,-97.6,-131.76,-161.04,-458.72,-39.04
9.76,4.88,-4.88,-4.88,4.88,0,19.52,-87.84,-126.88,-161.04,-458.72,-39.04
14.64,-4.88,-19.52,-4.88,14.64,-14.64,19.52,-92.72,-126.88,-161.04,-453.84,-34.16
14.64,-4.88,-19.52,-4.88,14.64,-14.64,29.28,-92.72,-117.12,-151.28,-453.84,-39.04
9.76,0,-9.76,-4.88,9.76,-4.88,19.52,-97.6,-126.88,-165.92,-458.72,-43.92
19.52,0,-19.52,-9.76,19.52,-9.76,19.52,-92.72,-117.12,-161.04,-448.96,-39.04
19.52,-4.88,-24.4,-4.88,19.52,-14.64,9.76,-102.48,-126.88,-165.92,-453.84,-43.92
19.52,-4.88,-24.4,-4.88,19.52,-14.64,9.76,-102.48,-131.76,-165.92,-453.84,-48.8
9.76,4.88,-4.88,-4.88,4.88,0,24.4,-87.84,-117.12,-156.16,-429.44,-34.16
0,-4.88,-4.88,4.88,0,-4.88,24.4,-97.6,-117.12,-156.16,-434.32,-29.28
9.76,-4.88,-14.64,0,9.76,-9.76,24.4,-102.48,-131.76,-161.04,-424.56,-24.4
14.64,4.88,-9.76,-9.76,9.76,-4.88,24.4,-97.6,-126.88,-156.16,-424.56,-29.28
24.4,0,-24.4,-9.76,24.4,-14.64,19.52,-102.48,-131.76,-161.04,-419.68,-29.28
29.28,4.88,-24.4,-14.64,24.4,-9.76,19.52,-92.72,-126.88,-151.28,-419.68,-29.28
34.16,4.88,-29.28,-19.52,29.28,-14.64,9.76,-102.48,-131.76,-161.04,-424.56,-39.04
14.64,-9.76,-24.4,0,19.52,-19.52,9.76,-102.48,-131.76,-161.04,-424.56,-39.04
0,-9.76,-9.76,4.88,4.88,-9.76,19.52,-97.6,-117.12,-146.4,-419.68,-24.4
19.52,0,-19.52,-9.76,19.52,-9.76,19.52,-97.6,-112.24,-141.52,-419.68,-24.4
29.28,9.76,-19.52,-19.52,24.4,-4.88,19.52,-92.72,-117.12,-141.52,-414.8,-24.4
19.52,-4.88,-24.4,-4.88,19.52,-14.64,19.52,-97.6,-117.12,-141.52,-409.92,-24.4
24.4,-9.76,-34.16,-4.88,29.28,-24.4,14.64,-107.36,-141.52,-161.04,-424.56,-34.16
4.88,0,-4.88,0,4.88,-4.88,29.28,-87.84,-122,-141.52,-405.04,-19.52
24.4,-4.88,-29.28,-9.76,24.4,-19.52,19.52,-92.72,-122,-151.28,-405.04,-24.4
24.4,-9.76,-34.16,-4.88,29.28,-24.4,19.52,-87.84,-131.76,-151.28,-405.04,-29.28
14.64,4.88,-9.76,-9.76,9.76,-4.88,29.28,-78.08,-112.24,-136.64,-390.4,-14.64
9.76,-4.88,-14.64,0,9.76,-9.76,19.52,-82.96,-117.12,-141.52,-390.4,-14.64
19.52,0,-19.52,-9.76,19.52,-9.76,19.52,-87.84,-117.12,-141.52,-390.4,-9.76
29.28,0,-29.28,-14.64,29.28,-14.64,19.52,-87.84,-117.12,-136.64,-390.4,-9.76
14.64,-9.76,-24.4,0,19.52,-19.52,14.64,-92.72,-117.12,-141.52,-385.52,0
9.76,-19.52,-29.28,4.88,19.52,-24.4,14.64,-92.72,-117.12,-141.52,-375.76,4.88
9.76,-14.64,-24.4,4.88,14.64,-19.52,14.64,-97.6,-126.88,-151.28,-375.76,0
9.76,-14.64,-24.4,4.88,14.64,-19.52,9.76,-102.48,-131.76,-156.16,-375.76,0
19.52,-4.88,-24.4,-4.88,19.52,-14.64,4.88,-107.36,-131.76,-156.16,-375.76,0
-4.88,-14.64,-9.76,9.76,0,-14.64,9.76,-107.36,-131.76,-156.16,-380.64,0
14.64,4.88,-9.76,-9.76,9.76,-4.88,14.64,-97.6,-126.88,-156.16,-370.88,4.88
19.52,19.52,0,-19.52,9.76,9.76,14.64,-92.72,-122,-146.4,-351.36,9.76
-9.76,14.64,24.4,0,-19.52,19.52,34.16,-78.08,-107.36,-126.88,-341.6,24.4
-9.76,24.4,34.16,-4.88,-24.4,29.28,34.16,-78.08,-102.48,-126.88,-336.72,24.4
-4.88,34.16,39.04,-14.64,-24.4,34.16,39.04,-78.08,-92.72,-122,-326.96,29.28
58.56,29.28,-29.28,-43.92,43.92,0,29.28,-87.84,-102.48,-136.64,-331.84,19.52
63.44,39.04,-24.4,-48.8,43.92,4.88,39.04,-82.96,-102.48,-131.76,-326.96,19.52
43.92,39.04,-4.88,-39.04,24.4,14.64,43.92,-78.08,-107.36,-131.76,-326.96,24.4
29.28,34.16,4.88,-29.28,9.76,19.52,58.56,-63.44,-92.72,-117.12,-307.44,43.92
24.4,39.04,14.64,-29.28,4.88,24.4,58.56,-58.56,-97.6,-117.12,-302.56,48.8
29.28,48.8,19.52,-39.04,4.88,34.16,58.56,-63.44,-97.6,-122,-302.56,48.8
0,48.8,48.8,-24.4,-24.4,48.8,78.08,-43.92,-78.08,-107.36,-278.16,63.44
14.64,53.68,39.04,-34.16,-14.64,43.92,78.08,-53.68,-82.96,-107.36,-278.16,68.32
73.2,48.8,-24.4,-58.56,48.8,9.76,58.56,-68.32,-102.48,-126.88,-292.8,48.8
43.92,53.68,9.76,-48.8,14.64,29.28,73.2,-48.8,-73.2,-102.48,-263.52,68.32
14.64,39.04,24.4,-24.4,-4.88,29.28,82.96,-39.04,-68.32,-87.84,-248.88,92.72
19.52,43.92,24.4,-29.28,-4.88,34.16,78.08,-43.92,-73.2,-97.6,-253.76,87.84
29.28,53.68,24.4,-39.04,0,39.04,78.08,-43.92,-73.2,-92.72,-244,92.72
39.04,53.68,14.64,-43.92,9.76,34.16,82.96,-43.92,-68.32,-92.72,-244,92.72
87.84,53.68,-34.16,-68.32,58.56,9.76,73.2,-53.68,-82.96,-107.36,-253.76,82.96
97.6,53.68,-43.92,-73.2,68.32,4.88,63.44,-58.56,-82.96,-112.24,-248.88,78.08
58.56,48.8,-9.76,-53.68,34.16,19.52,68.32,-43.92,-68.32,-97.6,-229.36,92.72
78.08,53.68,-24.4,-63.44,48.8,14.64,58.56,-53.68,-73.2,-102.48,-239.12,92.72
87.84,48.8,-39.04,-68.32,63.44,4.88,48.8,-63.44,-82.96,-107.36,-244,82.96
112.24,48.8,-63.44,-78.08,87.84,-9.76,39.04,-68.32,-82.96,-107.36,-239.12,78.08
63.44,39.04,-24.4,-48.8,43.92,4.88,34.16,-53.68,-68.32,-87.84,-214.72,92.72
39.04,29.28,-9.76,-34.16,24.4,9.76,19.52,-53.68,-68.32,-92.72,-214.72,102.48
58.56,34.16,-24.4,-43.92,39.04,4.88,14.64,-58.56,-78.08,-97.6,-214.72,97.6
73.2,34.16,-39.04,-53.68,53.68,-4.88,9.76,-58.56,-78.08,-97.6,-209.84,97.6
63.44,34.16,-29.28,-48.8,43.92,0,19.52,-48.8,-73.2,-92.72,-195.2,107.36
68.32,48.8,-19.52,-58.56,43.92,14.64,14.64,-48.8,-73.2,-82.96,-185.44,112.24
53.68,39.04,-14.64,-43.92,34.16,9.76,0,-53.68,-78.08,-92.72,-185.44,107.36
73.2,43.92,-29.28,-58.56,48.8,4.88,0,-48.8,-73.2,-82.96,-170.8,122
102.48,48.8,-53.68,-73.2,78.08,-4.88,-9.76,-63.44,-87.84,-97.6,-175.68,112.24
78.08,43.92,-34.16,-58.56,53.68,4.88,-14.64,-68.32,-87.84,-97.6,-175.68,112.24
73.2,34.16,-39.04,-53.68,53.68,-4.88,-24.4,-78.08,-92.72,-102.48,-170.8,122
73.2,29.28,-43.92,-48.8,58.56,-9.76,-29.28,-82.96,-92.72,-102.48,-165.92,122
78.08,19.52,-58.56,-48.8,68.32,-19.52,-34.16,-92.72,-107.36,-112.24,-180.56,112.24
73.2,4.88,-68.32,-39.04,68.32,-34.16,-39.04,-92.72,-112.24,-117.12,-185.44,102.48
48.8,4.88,-43.92,-24.4,43.92,-19.52,-24.4,-87.84,-112.24,-117.12,-180.56,112.24
58.56,19.52,-39.04,-39.04,48.8,-9.76,-24.4,-92.72,-122,-122,-180.56,102.48
48.8,9.76,-39.04,-29.28,43.92,-14.64,-24.4,-92.72,-117.12,-122,-175.68,102.48
53.68,14.64,-39.04,-34.16,43.92,-14.64,-29.28,-97.6,-126.88,-126.88,-175.68,92.72
58.56,19.52,-39.04,-39.04,48.8,-9.76,-24.4,-102.48,-131.76,-131.76,-180.56,92.72
43.92,4.88,-39.04,-24.4,39.04,-19.52,-24.4,-107.36,-136.64,-131.76,-175.68,87.84
14.64,-14.64,-29.28,0,19.52,-24.4,-14.64,-102.48,-122,-126.88,-165.92,97.6
0,-14.64,-14.64,9.76,4.88,-14.64,-9.76,-97.6,-117.12,-122,-156.16,102.48
9.76,-24.4,-34.16,9.76,19.52,-29.28,-14.64,-102.48,-122,-131.76,-156.16,97.6
24.4,-29.28,-53.68,4.88,39.04,-43.92,-19.52,-107.36,-126.88,-136.64,-151.28,97.6
58.56,-24.4,-82.96,-14.64,68.32,-53.68,-39.04,-131.76,-156.16,-165.92,-175.68,78.08
24.4,-19.52,-43.92,0,34.16,-34.16,-29.28,-131.76,-151.28,-161.04,-170.8,82.96
14.64,-29.28,-43.92,9.76,29.28,-39.04,-29.28,-131.76,-156.16,-161.04,-161.04,87.84
9.76,-39.04,-48.8,14.64,29.28,-43.92,-39.04,-141.52,-156.16,-165.92,-161.04,82.96
9.76,-29.28,-39.04,9.76,24.4,-34.16,-39.04,-141.52,-161.04,-175.68,-156.16,87.84
4.88,-29.28,-34.16,14.64,19.52,-34.16,-39.04,-146.4,-165.92,-170.8,-156.16,102.48
-9.76,-39.04,-29.28,24.4,9.76,-34.16,-39.04,-146.4,-170.8,-175.68,-151.28,107.36
0,-24.4,-24.4,14.64,9.76,-24.4,-39.04,-151.28,-180.56,-180.56,-146.4,112.24
14.64,-19.52,-34.16,4.88,24.4,-29.28,-43.92,-156.16,-175.68,-180.56,-146.4,112.24
0,-29.28,-29.28,14.64,14.64,-29.28,-39.04,-151.28,-165.92,-175.68,-136.64,122
-4.88,-24.4,-19.52,14.64,4.88,-24.4,-39.04,-141.52,-161.04,-170.8,-131.76,122
9.76,-19.52,-29.28,4.88,19.52,-24.4,-43.92,-151.28,-170.8,-175.68,-136.64,117.12
4.88,-24.4,-29.28,9.76,14.64,-29.28,-43.92,-146.4,-165.92,-170.8,-131.76,112.24
9.76,-19.52,-29.28,4.88,19.52,-24.4,-39.04,-146.4,-161.04,-165.92,-131.76,107.36
24.4,-9.76,-34.16,-4.88,29.28,-24.4,-34.16,-141.52,-161.04,-170.8,-126.88,107.36
19.52,-24.4,-43.92,4.88,29.28,-34.16,-39.04,-146.4,-156.16,-170.8,-117.12,107.36
-19.52,-53.68,-34.16,39.04,4.88,-43.92,-29.28,-141.52,-156.16,-161.04,-102.48,112.24
-14.64,-43.92,-29.28,29.28,4.88,-39.04,-29.28,-146.4,-165.92,-165.92,-102.48,112.24
4.88,-34.16,-39.04,14.64,19.52,-39.04,-29.28,-141.52,-165.92,-165.92,-97.6,122
-4.88,-39.04,-34.16,24.4,14.64,-39.04,-34.16,-141.52,-161.04,-161.04,-87.84,126.88
-4.88,-34.16,-29.28,19.52,9.76,-34.16,-29.28,-136.64,-165.92,-165.92,-82.96,131.76
29.28,-19.52,-48.8,-4.88,39.04,-34.16,-39.04,-146.4,-170.8,-170.8,-78.08,131.76
4.88,-24.4,-29.28,9.76,14.64,-29.28,-39.04,-141.52,-165.92,-165.92,-73.2,146.4
-4.88,-14.64,-9.76,9.76,0,-14.64,-29.28,-136.64,-151.28,-156.16,-58.56,161.04
0,-4.88,-4.88,4.88,0,-4.88,-29.28,-136.64,-156.16,-156.16,-53.68,156.16
0,-19.52,-19.52,9.76,9.76,-19.52,-29.28,-131.76,-151.28,-151.28,-48.8,161.04
4.88,-29.28,-34.16,14.64,19.52,-34.16,-34.16,-146.4,-156.16,-161.04,-58.56,151.28
0,-34.16,-34.16,19.52,14.64,-34.16,-34.16,-146.4,-161.04,-161.04,-58.56,146.4
-14.64,-29.28,-14.64,24.4,0,-24.4,-24.4,-131.76,-156.16,-151.28,-43.92,156.16
-24.4,-39.04,-14.64,34.16,-4.88,-29.28,-19.52,-131.76,-151.28,-146.4,-34.16,156.16
24.4,-34.16,-58.56,4.88,39.04,-48.8,-48.8,-151.28,-175.68,-180.56,-53.68,136.64
24.4,-29.28,-53.68,4.88,39.04,-43.92,-43.92,-146.4,-175.68,-175.68,-53.68,131.76
-4.88,-24.4,-19.52,14.64,4.88,-24.4,-29.28,-126.88,-151.28,-151.28,-19.52,161.04
-19.52,-14.64,4.88,19.52,-14.64,-4.88,-19.52,-117.12,-136.64,-136.64,-4.88,170.8
-24.4,-19.52,4.88,24.4,-14.64,-9.76,-14.64,-117.12,-136.64,-136.64,-9.76,175.68
-34.16,-29.28,4.88,34.16,-19.52,-14.64,-14.64,-126.88,-146.4,-141.52,-9.76,161.04
-24.4,-14.64,9.76,19.52,-19.52,-4.88,-9.76,-136.64,-146.4,-151.28,-4.88,175.68
0,19.52,19.52,-9.76,-9.76,19.52,-4.88,-146.4,-146.4,-156.16,4.88,180.56
9.76,39.04,29.28,-24.4,-9.76,34.16,0,-161.04,-161.04,-165.92,19.52,195.2
-34.16,48.8,82.96,-4.88,-58.56,63.44,29.28,-146.4,-141.52,-151.28,48.8,224.48
-58.56,43.92,102.48,9.76,-82.96,73.2,53.68,-131.76,-131.76,-156.16,53.68,229.36
-48.8,39.04,87.84,4.88,-68.32,63.44,87.84,-102.48,-126.88,-170.8,43.92,204.96
-78.08,24.4,102.48,29.28,-92.72,63.44,131.76,-29.28,-73.2,-136.64,68.32,214.72
-97.6,4.88,102.48,48.8,-102.48,53.68,161.04,43.92,-9.76,-73.2,102.48,224.48
-68.32,14.64,82.96,29.28,-78.08,48.8,161.04,97.6,43.92,0,151.28,258.64
-4.88,24.4,29.28,-9.76,-19.52,24.4,146.4,170.8,122,112.24,234.24,297.68
78.08,34.16,-43.92,-53.68,58.56,-4.88,156.16,317.2,253.76,263.52,322.08,341.6
146.4,63.44,-82.96,-102.48,112.24,-9.76,185.44,492.88,434.32,458.72,434.32,395.28
244,92.72,-151.28,-165.92,195.2,-29.28,195.2,673.44,614.88,668.56,546.56,448.96
380.64,126.88,-253.76,-253.76,317.2,-63.44,126.88,810.08,780.8,897.92,663.68,507.52
458.72,156.16,-302.56,-307.44,380.64,-73.2,39.04,912.56,917.44,1102.88,780.8,570.96
585.6,180.56,-405.04,-380.64,492.88,-112.24,-87.84,927.2,976,1263.92,863.76,610
707.6,224.48,-483.12,-463.6,595.36,-131.76,-170.8,990.64,1078.48,1454.24,966.24,653.92
795.44,297.68,-497.76,-546.56,644.16,-102.48,-258.64,980.88,1146.8,1629.92,1054.08,702.72
829.6,346.48,-483.12,-585.6,653.92,-68.32,-351.36,912.56,1151.68,1761.68,1117.52,741.76
824.72,356.24,-468.48,-590.48,644.16,-58.56,-400.16,849.12,1176.08,1859.28,1151.68,741.76
775.92,292.8,-483.12,-531.92,629.52,-97.6,-424.56,766.16,1146.8,1878.8,1088.24,668.56
722.24,195.2,-527.04,-458.72,624.64,-165.92,-409.92,649.04,1068.72,1781.2,956.48,546.56
614.88,97.6,-517.28,-356.24,566.08,-209.84,-385.52,507.52,902.8,1537.2,751.52,409.92
463.6,14.64,-448.96,-239.12,453.84,-219.6,-375.76,292.8,658.8,1171.2,527.04,287.92
302.56,-9.76,-312.32,-146.4,307.44,-161.04,-341.6,68.32,405.04,795.44,346.48,209.84
175.68,-39.04,-214.72,-68.32,195.2,-126.88,-326.96,-63.44,229.36,536.8,239.12,165.92
68.32,-63.44,-131.76,0,97.6,-97.6,-302.56,-180.56,68.32,312.32,151.28,122
4.88,-53.68,-58.56,24.4,29.28,-58.56,-292.8,-326.96,-122,82.96,87.84,112.24
-29.28,-39.04,-9.76,34.16,-9.76,-24.4,-283.04,-453.84,-292.8,-117.12,53.68,117.12
-58.56,-24.4,34.16,43.92,-48.8,4.88,-248.88,-497.76,-375.76,-219.6,39.04,122
-92.72,-14.64,78.08,53.68,-87.84,29.28,-200.08,-448.96,-366,-229.36,53.68,146.4
-87.84,-24.4,63.44,58.56,-78.08,19.52,-175.68,-390.4,-336.72,-214.72,73.2,146.4
-48.8,-19.52,29.28,34.16,-39.04,4.88,-156.16,-312.32,-283.04,-175.68,87.84,151.28
-29.28,-39.04,-9.76,34.16,-9.76,-24.4,-136.64,-258.64,-229.36,-141.52,97.6,146.4
-19.52,-39.04,-19.52,29.28,0,-29.28,-117.12,-204.96,-185.44,-112.24,112.24,151.28
9.76,-14.64,-24.4,4.88,14.64,-19.52,-102.48,-156.16,-141.52,-87.84,136.64,165.92
19.52,-14.64,-34.16,0,24.4,-24.4,-78.08,-122,-107.36,-63.44,156.16,185.44
29.28,-4.88,-34.16,-9.76,29.28,-19.52,-68.32,-97.6,-92.72,-63.44,161.04,180.56
34.16,4.88,-29.28,-19.52,29.28,-14.64,-48.8,-68.32,-73.2,-53.68,175.68,200.08
-4.88,-4.88,0,4.88,-4.88,-4.88,-14.64,-43.92,-63.44,-43.92,190.32,209.84
9.76,-4.88,-14.64,0,9.76,-9.76,-14.64,-39.04,-68.32,-53.68,185.44,200.08
39.04,-4.88,-43.92,-14.64,39.04,-24.4,-14.64,-39.04,-68.32,-68.32,180.56,195.2
34.16,0,-34.16,-14.64,34.16,-19.52,-14.64,-34.16,-68.32,-68.32,185.44,190.32
53.68,-4.88,-58.56,-24.4,53.68,-34.16,-14.64,-48.8,-73.2,-68.32,180.56,185.44
53.68,-9.76,-63.44,-19.52,58.56,-39.04,-19.52,-53.68,-78.08,-78.08,185.44,180.56
24.4,-4.88,-29.28,-9.76,24.4,-19.52,-9.76,-48.8,-68.32,-68.32,200.08,195.2
-9.76,-4.88,4.88,9.76,-9.76,0,0,-43.92,-68.32,-63.44,204.96,195.2
-29.28,-14.64,14.64,24.4,-24.4,0,4.88,-43.92,-73.2,-68.32,200.08,195.2
0,0,0,0,0,0,0,-43.92,-82.96,-87.84,209.84,195.2
-9.76,-9.76,0,9.76,-4.88,-4.88,4.88,-39.04,-78.08,-82.96,209.84,200.08
-14.64,-14.64,0,14.64,-9.76,-9.76,0,-39.04,-78.08,-87.84,209.84,200.08
14.64,-9.76,-24.4,0,19.52,-19.52,-4.88,-48.8,-82.96,-92.72,209.84,190.32
19.52,-9.76,-29.28,-4.88,24.4,-19.52,-4.88,-43.92,-82.96,-97.6,209.84,195.2
4.88,-14.64,-19.52,4.88,9.76,-19.52,-4.88,-43.92,-78.08,-87.84,214.72,195.2
0,-14.64,-14.64,9.76,4.88,-14.64,0,-34.16,-68.32,-87.84,219.6,200.08
14.64,-9.76,-24.4,0,19.52,-19.52,-4.88,-53.68,-82.96,-102.48,214.72,190.32
0,-14.64,-14.64,9.76,4.88,-14.64,4.88,-43.92,-78.08,-87.84,229.36,204.96
4.88,-14.64,-19.52,4.88,9.76,-19.52,-4.88,-53.68,-87.84,-97.6,224.48,190.32
0,-19.52,-19.52,9.76,9.76,-19.52,0,-48.8,-87.84,-102.48,239.12,200.08
4.88,-14.64,-19.52,4.88,9.76,-19.52,-4.88,-53.68,-92.72,-97.6,234.24,200.08
9.76,-14.64,-24.4,4.88,14.64,-19.52,0,-39.04,-82.96,-102.48,234.24,195.2
0,-14.64,-14.64,9.76,4.88,-14.64,0,-34.16,-78.08,-97.6,244,204.96
0,-14.64,-14.64,9.76,4.88,-14.64,0,-34.16,-78.08,-97.6,244,200.08
-9.76,-29.28,-19.52,19.52,4.88,-24.4,-9.76,-39.04,-82.96,-102.48,234.24,195.2
-14.64,-24.4,-9.76,19.52,-4.88,-19.52,-9.76,-43.92,-82.96,-102.48,239.12,195.2
9.76,-14.64,-24.4,4.88,14.64,-19.52,0,-43.92,-82.96,-97.6,244,195.2
19.52,-9.76,-29.28,-4.88,24.4,-19.52,0,-39.04,-82.96,-87.84,248.88,204.96
14.64,-9.76,-24.4,0,19.52,-19.52,0,-39.04,-82.96,-87.84,248.88,190.32
9.76,-14.64,-24.4,4.88,14.64,-19.52,0,-39.04,-82.96,-102.48,258.64,190.32
4.88,-14.64,-19.52,4.88,9.76,-19.52,0,-39.04,-82.96,-97.6,258.64,195.2
-4.88,-14.64,-9.76,9.76,0,-14.64,0,-24.4,-73.2,-92.72,258.64,204.96
0,-19.52,-19.52,9.76,9.76,-19.52,-4.88,-29.28,-78.08,-92.72,258.64,204.96
-9.76,-24.4,-14.64,19.52,0,-19.52,0,-24.4,-68.32,-82.96,263.52,214.72
-9.76,-39.04,-29.28,24.4,9.76,-34.16,-4.88,-24.4,-73.2,-82.96,263.52,209.84
14.64,-24.4,-39.04,4.88,24.4,-34.16,-4.88,-24.4,-73.2,-87.84,263.52,209.84
9.76,-4.88,-14.64,0,9.76,-9.76,4.88,-24.4,-68.32,-82.96,278.16,224.48
-19.52,-9.76,9.76,14.64,-14.64,0,9.76,-19.52,-63.44,-73.2,292.8,234.24
-4.88,-4.88,0,4.88,-4.88,-4.88,4.88,-29.28,-68.32,-78.08,283.04,229.36
9.76,-4.88,-14.64,0,9.76,-9.76,-4.88,-29.28,-73.2,-87.84,287.92,229.36
14.64,-9.76,-24.4,0,19.52,-19.52,-9.76,-34.16,-78.08,-87.84,287.92,219.6
9.76,-14.64,-24.4,4.88,14.64,-19.52,-4.88,-24.4,-68.32,-87.84,292.8,224.48
-9.76,-14.64,-4.88,14.64,-4.88,-9.76,-4.88,-24.4,-68.32,-82.96,297.68,224.48
34.16,-14.64,-48.8,-9.76,39.04,-34.16,-19.52,-34.16,-78.08,-102.48,283.04,214.72
43.92,-14.64,-58.56,-14.64,48.8,-39.04,-9.76,-19.52,-73.2,-82.96,297.68,214.72
0,-14.64,-14.64,9.76,4.88,-14.64,0,-9.76,-58.56,-73.2,312.32,224.48
24.4,-9.76,-34.16,-4.88,29.28,-24.4,-4.88,-14.64,-63.44,-78.08,312.32,224.48
-24.4,-14.64,9.76,19.52,-19.52,-4.88,9.76,-4.88,-53.68,-63.44,322.08,234.24
-14.64,-29.28,-14.64,24.4,0,-24.4,4.88,-9.76,-58.56,-68.32,322.08,234.24
14.64,-29.28,-43.92,9.76,29.28,-39.04,-9.76,-24.4,-73.2,-92.72,317.2,224.48
-29.28,-24.4,4.88,29.28,-19.52,-9.76,0,-4.88,-58.56,-78.08,326.96,239.12
4.88,-19.52,-24.4,9.76,14.64,-24.4,-4.88,-4.88,-58.56,-78.08,336.72,239.12
9.76,-4.88,-14.64,0,9.76,-9.76,-4.88,-4.88,-53.68,-78.08,341.6,239.12
-14.64,-4.88,9.76,9.76,-14.64,0,0,9.76,-43.92,-63.44,361.12,258.64
24.4,-14.64,-39.04,-4.88,29.28,-29.28,-9.76,-4.88,-58.56,-68.32,346.48,239.12
9.76,-24.4,-34.16,9.76,19.52,-29.28,-9.76,-4.88,-58.56,-73.2,346.48,244
14.64,-14.64,-29.28,0,19.52,-24.4,-4.88,-4.88,-58.56,-73.2,346.48,244
0,-9.76,-9.76,4.88,4.88,-9.76,0,4.88,-48.8,-63.44,366,253.76
-24.4,-19.52,4.88,24.4,-14.64,-9.76,0,9.76,-43.92,-58.56,356.24,253.76
-34.16,-14.64,19.52,24.4,-29.28,0,9.76,14.64,-39.04,-58.56,366,258.64
-14.64,-9.76,4.88,14.64,-9.76,-4.88,4.88,24.4,-29.28,-53.68,370.88,263.52
-9.76,-19.52,-9.76,14.64,0,-14.64,0,14.64,-34.16,-63.44,366,253.76
9.76,-19.52,-29.28,4.88,19.52,-24.4,-9.76,9.76,-43.92,-73.2,361.12,239.12
9.76,-9.76,-19.52,0,14.64,-14.64,0,24.4,-29.28,-53.68,380.64,258.64
24.4,-4.88,-29.28,-9.76,24.4,-19.52,-4.88,24.4,-29.28,-48.8,375.76,248.88
29.28,4.88,-24.4,-14.64,24.4,-9.76,0,34.16,-19.52,-43.92,380.64,253.76
43.92,4.88,-39.04,-24.4,39.04,-19.52,-9.76,14.64,-34.16,-48.8,375.76,244
48.8,-4.88,-53.68,-19.52,48.8,-29.28,-14.64,19.52,-34.16,-43.92,390.4,253.76
39.04,-4.88,-43.92,-14.64,39.04,-24.4,-9.76,24.4,-29.28,-43.92,385.52,248.88
9.76,-4.88,-14.64,0,9.76,-9.76,-4.88,29.28,-24.4,-48.8,405.04,253.76
0,-4.88,-4.88,4.88,0,-4.88,0,43.92,-14.64,-34.16,414.8,263.52
0,-14.64,-14.64,9.76,4.88,-14.64,-4.88,43.92,-14.64,-34.16,409.92,258.64
19.52,-9.76,-29.28,-4.88,24.4,-19.52,-14.64,34.16,-19.52,-43.92,405.04,258.64
29.28,9.76,-19.52,-19.52,24.4,-4.88,-9.76,48.8,-4.88,-29.28,414.8,268.4
39.04,14.64,-24.4,-24.4,29.28,-4.88,-9.76,53.68,0,-14.64,414.8,268.4
34.16,14.64,-19.52,-24.4,24.4,-4.88,-4.88,53.68,0,-19.52,424.56,268.4
39.04,19.52,-19.52,-29.28,29.28,0,0,63.44,14.64,-9.76,434.32,268.4
39.04,9.76,-29.28,-24.4,34.16,-9.76,-9.76,58.56,4.88,-4.88,424.56,268.4
19.52,9.76,-9.76,-14.64,14.64,0,4.88,73.2,19.52,4.88,434.32,278.16
39.04,9.76,-29.28,-24.4,34.16,-9.76,-9.76,63.44,9.76,-9.76,429.44,253.76
34.16,9.76,-24.4,-19.52,29.28,-9.76,-4.88,78.08,19.52,0,434.32,258.64
39.04,14.64,-24.4,-24.4,29.28,-4.88,-4.88,92.72,19.52,9.76,444.08,268.4
39.04,14.64,-24.4,-24.4,29.28,-4.88,0,97.6,34.16,14.64,453.84,273.28
43.92,14.64,-29.28,-29.28,34.16,-9.76,-9.76,102.48,39.04,14.64,453.84,273.28
58.56,9.76,-48.8,-34.16,53.68,-19.52,-14.64,92.72,39.04,24.4,448.96,263.52
58.56,14.64,-43.92,-34.16,48.8,-14.64,-14.64,97.6,39.04,29.28,458.72,268.4
53.68,29.28,-24.4,-39.04,39.04,0,-4.88,107.36,53.68,43.92,473.36,287.92
58.56,19.52,-39.04,-39.04,48.8,-9.76,-9.76,117.12,58.56,53.68,478.24,287.92
73.2,19.52,-53.68,-43.92,63.44,-19.52,-9.76,112.24,58.56,43.92,473.36,287.92
63.44,24.4,-39.04,-43.92,48.8,-9.76,-4.88,122,63.44,48.8,483.12,292.8
68.32,14.64,-53.68,-39.04,58.56,-19.52,-19.52,122,58.56,43.92,483.12,287.92
58.56,14.64,-43.92,-34.16,48.8,-14.64,-14.64,131.76,63.44,48.8,492.88,297.68
78.08,29.28,-48.8,-53.68,63.44,-9.76,-14.64,141.52,73.2,53.68,497.76,302.56
122,39.04,-82.96,-78.08,102.48,-24.4,-34.16,136.64,68.32,43.92,492.88,287.92
68.32,43.92,-24.4,-53.68,43.92,9.76,-9.76,165.92,97.6,82.96,517.28,312.32
43.92,43.92,0,-43.92,19.52,19.52,0,180.56,112.24,97.6,536.8,326.96
73.2,58.56,-14.64,-63.44,43.92,19.52,-9.76,180.56,117.12,97.6,531.92,317.2
92.72,58.56,-34.16,-73.2,63.44,9.76,-9.76,195.2,131.76,117.12,536.8,326.96
68.32,43.92,-24.4,-53.68,43.92,9.76,-4.88,200.08,136.64,122,531.92,326.96
87.84,48.8,-39.04,-68.32,63.44,4.88,-4.88,209.84,136.64,122,541.68,326.96
102.48,58.56,-43.92,-78.08,73.2,4.88,-4.88,224.48,151.28,141.52,551.44,326.96
97.6,34.16,-63.44,-63.44,78.08,-14.64,-9.76,229.36,156.16,136.64,546.56,326.96
107.36,43.92,-63.44,-73.2,82.96,-9.76,-9.76,244,165.92,151.28,556.32,336.72
107.36,43.92,-63.44,-73.2,82.96,-9.76,-14.64,253.76,180.56,170.8,566.08,341.6
102.48,58.56,-43.92,-78.08,73.2,4.88,-9.76,273.28,195.2,185.44,580.72,351.36
112.24,73.2,-39.04,-92.72,73.2,14.64,-4.88,292.8,214.72,200.08,600.24,361.12
102.48,73.2,-29.28,-87.84,63.44,19.52,-4.88,292.8,219.6,219.6,610,361.12
102.48,78.08,-24.4,-87.84,63.44,24.4,-4.88,307.44,234.24,234.24,619.76,370.88
122,82.96,-39.04,-102.48,78.08,19.52,-4.88,317.2,239.12,239.12,624.64,375.76
136.64,87.84,-48.8,-112.24,92.72,19.52,-9.76,326.96,244,244,634.4,385.52
136.64,97.6,-39.04,-117.12,87.84,29.28,-9.76,346.48,263.52,263.52,634.4,390.4
141.52,102.48,-39.04,-122,87.84,29.28,-4.88,370.88,283.04,287.92,658.8,409.92
141.52,107.36,-34.16,-122,87.84,34.16,-9.76,385.52,292.8,297.68,668.56,409.92
141.52,107.36,-34.16,-122,87.84,34.16,-19.52,390.4,312.32,312.32,678.32,419.68
165.92,87.84,-78.08,-126.88,122,4.88,-24.4,400.16,317.2,322.08,673.44,419.68
131.76,97.6,-34.16,-112.24,82.96,29.28,-9.76,434.32,346.48,351.36,702.72,444.08
161.04,112.24,-48.8,-136.64,102.48,29.28,-19.52,434.32,346.48,361.12,712.48,448.96
190.32,117.12,-73.2,-151.28,131.76,19.52,-29.28,444.08,351.36,370.88,712.48,444.08
229.36,122,-107.36,-175.68,165.92,4.88,-34.16,453.84,356.24,375.76,712.48,444.08
185.44,126.88,-58.56,-156.16,122,34.16,-24.4,468.48,370.88,390.4,736.88,458.72
200.08,136.64,-63.44,-165.92,131.76,34.16,-24.4,483.12,385.52,409.92,741.76,463.6
214.72,141.52,-73.2,-175.68,141.52,34.16,-29.28,502.64,409.92,434.32,751.52,483.12
209.84,146.4,-63.44,-175.68,136.64,39.04,-24.4,522.16,424.56,448.96,771.04,483.12
200.08,151.28,-48.8,-175.68,122,48.8,-19.52,536.8,444.08,468.48,785.68,492.88
195.2,146.4,-48.8,-170.8,122,48.8,-24.4,551.44,453.84,478.24,785.68,492.88
200.08,156.16,-43.92,-175.68,122,53.68,-24.4,566.08,463.6,488,790.56,497.76
219.6,170.8,-48.8,-195.2,131.76,58.56,-19.52,570.96,483.12,507.52,805.2,512.4
234.24,161.04,-73.2,-195.2,151.28,43.92,-34.16,575.84,478.24,517.28,795.44,497.76
224.48,156.16,-68.32,-190.32,146.4,43.92,-24.4,585.6,488,522.16,805.2,512.4
268.4,165.92,-102.48,-214.72,185.44,29.28,-29.28,590.48,497.76,522.16,814.96,507.52
253.76,161.04,-92.72,-204.96,170.8,34.16,-24.4,610,512.4,541.68,819.84,512.4
263.52,161.04,-102.48,-209.84,180.56,29.28,-29.28,624.64,527.04,556.32,824.72,527.04
239.12,165.92,-73.2,-200.08,156.16,43.92,-14.64,644.16,551.44,580.72,849.12,536.8
229.36,170.8,-58.56,-200.08,141.52,53.68,-14.64,653.92,561.2,595.36,858.88,546.56
253.76,180.56,-73.2,-214.72,161.04,53.68,-19.52,658.8,561.2,600.24,858.88,541.68
239.12,180.56,-58.56,-209.84,146.4,58.56,-9.76,668.56,570.96,614.88,863.76,551.44
263.52,180.56,-82.96,-219.6,170.8,48.8,-14.64,658.8,566.08,605.12,849.12,536.8
258.64,175.68,-82.96,-214.72,170.8,43.92,-9.76,663.68,570.96,614.88,854,531.92
253.76,170.8,-82.96,-209.84,165.92,43.92,-9.76,663.68,570.96,610,868.64,536.8
258.64,175.68,-82.96,-214.72,170.8,43.92,-14.64,658.8,561.2,600.24,858.88,531.92
283.04,170.8,-112.24,-224.48,195.2,29.28,-9.76,658.8,566.08,600.24,854,536.8
283.04,175.68,-107.36,-229.36,195.2,34.16,-4.88,653.92,561.2,595.36,854,536.8
239.12,170.8,-68.32,-204.96,151.28,48.8,4.88,649.04,566.08,595.36,858.88,541.68
195.2,161.04,-34.16,-175.68,112.24,63.44,19.52,653.92,570.96,595.36,873.52,541.68
248.88,165.92,-82.96,-204.96,165.92,39.04,4.88,624.64,546.56,575.84,844.24,517.28
239.12,170.8,-68.32,-204.96,151.28,48.8,14.64,605.12,536.8,566.08,839.36,517.28
229.36,175.68,-53.68,-200.08,141.52,58.56,14.64,580.72,512.4,541.68,829.6,507.52
214.72,175.68,-39.04,-195.2,126.88,68.32,29.28,580.72,507.52,531.92,834.48,522.16
185.44,156.16,-29.28,-170.8,107.36,63.44,34.16,556.32,488,507.52,824.72,517.28
190.32,141.52,-48.8,-165.92,117.12,43.92,34.16,522.16,463.6,473.36,810.08,512.4
204.96,141.52,-63.44,-170.8,131.76,39.04,24.4,488,434.32,444.08,785.68,492.88
151.28,131.76,-19.52,-141.52,82.96,53.68,43.92,483.12,424.56,434.32,780.8,497.76
165.92,131.76,-34.16,-146.4,97.6,48.8,39.04,468.48,405.04,409.92,771.04,488
180.56,136.64,-43.92,-156.16,112.24,43.92,39.04,444.08,385.52,380.64,751.52,468.48
146.4,126.88,-19.52,-136.64,82.96,53.68,48.8,419.68,366,370.88,736.88,463.6
136.64,122,-14.64,-126.88,73.2,53.68,58.56,409.92,361.12,361.12,732,463.6
156.16,117.12,-39.04,-136.64,97.6,39.04,48.8,375.76,331.84,326.96,707.6,444.08
146.4,102.48,-43.92,-122,92.72,29.28,39.04,341.6,302.56,292.8,688.08,429.44
136.64,87.84,-48.8,-112.24,92.72,19.52,43.92,322.08,278.16,268.4,668.56,414.8
131.76,78.08,-53.68,-102.48,92.72,9.76,39.04,287.92,248.88,234.24,644.16,400.16
131.76,78.08,-53.68,-102.48,92.72,9.76,34.16,273.28,229.36,214.72,634.4,390.4
112.24,63.44,-48.8,-87.84,78.08,4.88,39.04,258.64,209.84,190.32,624.64,390.4
68.32,58.56,-9.76,-63.44,39.04,24.4,43.92,244,200.08,175.68,624.64,385.52
78.08,58.56,-19.52,-68.32,48.8,19.52,39.04,234.24,185.44,165.92,610,380.64
82.96,39.04,-43.92,-58.56,63.44,-4.88,43.92,209.84,165.92,151.28,605.12,375.76
78.08,39.04,-39.04,-58.56,58.56,0,34.16,190.32,146.4,136.64,590.48,366
82.96,43.92,-39.04,-63.44,58.56,0,24.4,165.92,126.88,117.12,575.84,346.48
73.2,34.16,-39.04,-53.68,53.68,-4.88,24.4,151.28,117.12,102.48,566.08,351.36
58.56,24.4,-34.16,-39.04,43.92,-4.88,29.28,136.64,107.36,82.96,561.2,346.48
73.2,29.28,-43.92,-48.8,58.56,-9.76,24.4,122,87.84,73.2,551.44,336.72
73.2,24.4,-48.8,-48.8,58.56,-14.64,19.52,112.24,78.08,63.44,536.8,326.96
73.2,14.64,-58.56,-43.92,63.44,-24.4,19.52,107.36,63.44,48.8,527.04,322.08
73.2,14.64,-58.56,-43.92,63.44,-24.4,14.64,87.84,53.68,29.28,512.4,317.2
63.44,14.64,-48.8,-39.04,53.68,-19.52,9.76,82.96,43.92,24.4,512.4,307.44
63.44,14.64,-48.8,-39.04,53.68,-19.52,14.64,78.08,39.04,29.28,507.52,312.32
63.44,4.88,-58.56,-34.16,58.56,-29.28,9.76,63.44,24.4,9.76,492.88,307.44
53.68,9.76,-43.92,-29.28,48.8,-19.52,14.64,63.44,29.28,9.76,492.88,312.32
24.4,0,-24.4,-9.76,24.4,-14.64,19.52,63.44,34.16,14.64,492.88,312.32
19.52,-9.76,-29.28,-4.88,24.4,-19.52,19.52,58.56,19.52,0,483.12,302.56
39.04,-4.88,-43.92,-14.64,39.04,-24.4,19.52,48.8,14.64,-4.88,478.24,297.68
58.56,-4.88,-63.44,-24.4,58.56,-34.16,9.76,43.92,4.88,-14.64,463.6,287.92
39.04,-19.52,-58.56,-9.76,48.8,-39.04,14.64,48.8,4.88,-9.76,463.6,287.92
19.52,-29.28,-48.8,4.88,34.16,-39.04,19.52,48.8,4.88,-9.76,463.6,292.8
14.64,-29.28,-43.92,9.76,29.28,-39.04,9.76,43.92,0,-19.52,453.84,278.16
4.88,-29.28,-34.16,14.64,19.52,-34.16,19.52,53.68,9.76,-4.88,458.72,292.8
24.4,-29.28,-53.68,4.88,39.04,-43.92,9.76,39.04,-4.88,-19.52,448.96,278.16
29.28,-19.52,-48.8,-4.88,39.04,-34.16,0,24.4,-19.52,-34.16,439.2,268.4
19.52,-14.64,-34.16,0,24.4,-24.4,14.64,34.16,-4.88,-19.52,453.84,287.92
19.52,-24.4,-43.92,4.88,29.28,-34.16,19.52,29.28,-9.76,-24.4,448.96,278.16
53.68,-19.52,-73.2,-14.64,63.44,-48.8,4.88,19.52,-24.4,-43.92,439.2,273.28
29.28,-19.52,-48.8,-4.88,39.04,-34.16,9.76,24.4,-14.64,-29.28,439.2,273.28
14.64,-24.4,-39.04,4.88,24.4,-34.16,14.64,29.28,-9.76,-24.4,439.2,287.92
39.04,-19.52,-58.56,-9.76,48.8,-39.04,9.76,19.52,-9.76,-34.16,434.32,273.28
29.28,-24.4,-53.68,0,39.04,-39.04,4.88,24.4,-14.64,-39.04,429.44,283.04
-14.64,-39.04,-24.4,29.28,4.88,-34.16,9.76,29.28,-4.88,-24.4,429.44,283.04
24.4,-34.16,-58.56,4.88,39.04,-48.8,-4.88,14.64,-19.52,-39.04,419.68,268.4
-9.76,-29.28,-19.52,19.52,4.88,-24.4,9.76,19.52,-9.76,-39.04,424.56,273.28
-24.4,-24.4,0,24.4,-14.64,-14.64,19.52,34.16,-14.64,-24.4,429.44,287.92
39.04,-24.4,-63.44,-4.88,48.8,-43.92,0,9.76,-34.16,-48.8,405.04,258.64
53.68,-19.52,-73.2,-14.64,63.44,-48.8,0,4.88,-39.04,-48.8,405.04,263.52
58.56,-4.88,-63.44,-24.4,58.56,-34.16,4.88,24.4,-19.52,-34.16,409.92,263.52
9.76,-19.52,-29.28,4.88,19.52,-24.4,24.4,43.92,-4.88,-14.64,424.56,273.28
-24.4,-24.4,0,24.4,-14.64,-14.64,34.16,48.8,4.88,-9.76,424.56,283.04
19.52,-19.52,-39.04,0,29.28,-29.28,19.52,34.16,-4.88,-19.52,409.92,268.4
39.04,-34.16,-73.2,0,53.68,-53.68,9.76,29.28,-4.88,-24.4,400.16,253.76
39.04,-34.16,-73.2,0,53.68,-53.68,4.88,19.52,-14.64,-29.28,395.28,253.76
43.92,-24.4,-68.32,-9.76,53.68,-48.8,9.76,19.52,-9.76,-24.4,395.28,258.64
73.2,-29.28,-102.48,-19.52,87.84,-68.32,-9.76,4.88,-29.28,-48.8,385.52,244
39.04,-29.28,-68.32,-4.88,53.68,-48.8,9.76,9.76,-19.52,-34.16,390.4,253.76
14.64,-29.28,-43.92,9.76,29.28,-39.04,14.64,19.52,-9.76,-29.28,400.16,263.52
19.52,-29.28,-48.8,4.88,34.16,-39.04,9.76,19.52,-14.64,-29.28,390.4,253.76
19.52,-39.04,-58.56,9.76,39.04,-48.8,14.64,24.4,-14.64,-29.28,390.4,263.52
14.64,-48.8,-63.44,19.52,39.04,-58.56,9.76,19.52,-19.52,-34.16,380.64,258.64
0,-39.04,-39.04,19.52,19.52,-39.04,14.64,29.28,-4.88,-29.28,395.28,268.4
0,-43.92,-43.92,24.4,19.52,-43.92,24.4,39.04,0,-14.64,395.28,263.52
0,-39.04,-39.04,19.52,19.52,-39.04,19.52,34.16,-4.88,-19.52,390.4,263.52
19.52,-24.4,-43.92,4.88,29.28,-34.16,19.52,24.4,-4.88,-24.4,385.52,263.52
14.64,-34.16,-48.8,9.76,29.28,-43.92,9.76,19.52,-19.52,-29.28,375.76,253.76
14.64,-39.04,-53.68,14.64,34.16,-48.8,9.76,14.64,-29.28,-39.04,361.12,258.64
24.4,-34.16,-58.56,4.88,39.04,-48.8,4.88,14.64,-24.4,-43.92,366,248.88
0,-34.16,-34.16,19.52,14.64,-34.16,14.64,24.4,-19.52,-34.16,375.76,263.52
14.64,-39.04,-53.68,14.64,34.16,-48.8,4.88,19.52,-29.28,-39.04,366,263.52
29.28,-34.16,-63.44,4.88,43.92,-48.8,9.76,19.52,-29.28,-39.04,366,263.52
19.52,-34.16,-53.68,9.76,34.16,-43.92,4.88,14.64,-29.28,-43.92,361.12,253.76
24.4,-24.4,-48.8,0,34.16,-39.04,4.88,14.64,-29.28,-29.28,361.12,258.64
24.4,-19.52,-43.92,0,34.16,-34.16,0,9.76,-29.28,-39.04,356.24,253.76
9.76,-9.76,-19.52,0,14.64,-14.64,14.64,14.64,-29.28,-29.28,366,268.4
24.4,-19.52,-43.92,0,34.16,-34.16,4.88,9.76,-34.16,-34.16,356.24,253.76
48.8,-43.92,-92.72,0,68.32,-68.32,-4.88,-4.88,-53.68,-53.68,331.84,244
58.56,-34.16,-92.72,-9.76,73.2,-63.44,-4.88,0,-48.8,-53.68,341.6,239.12
29.28,-34.16,-63.44,4.88,43.92,-48.8,4.88,9.76,-39.04,-39.04,346.48,234.24
29.28,-53.68,-82.96,14.64,53.68,-68.32,-4.88,4.88,-43.92,-43.92,326.96,234.24
34.16,-48.8,-82.96,9.76,58.56,-68.32,0,4.88,-48.8,-48.8,326.96,239.12
19.52,-43.92,-63.44,14.64,39.04,-53.68,-4.88,4.88,-43.92,-48.8,326.96,244
34.16,-43.92,-78.08,4.88,53.68,-63.44,-4.88,9.76,-48.8,-43.92,331.84,244
4.88,-34.16,-39.04,14.64,19.52,-39.04,9.76,19.52,-24.4,-24.4,341.6,263.52
-19.52,-43.92,-24.4,34.16,0,-34.16,4.88,14.64,-29.28,-29.28,331.84,258.64
4.88,-43.92,-48.8,19.52,24.4,-48.8,-4.88,4.88,-39.04,-43.92,322.08,248.88
34.16,-29.28,-63.44,0,48.8,-48.8,0,0,-43.92,-43.92,317.2,248.88
39.04,-24.4,-63.44,-4.88,48.8,-43.92,0,0,-43.92,-43.92,322.08,253.76
29.28,-24.4,-53.68,0,39.04,-39.04,-4.88,0,-48.8,-43.92,312.32,248.88
-4.88,-34.16,-29.28,19.52,9.76,-34.16,4.88,4.88,-39.04,-39.04,317.2,258.64
-19.52,-43.92,-24.4,34.16,0,-34.16,9.76,9.76,-39.04,-39.04,326.96,263.52
-4.88,-34.16,-29.28,19.52,9.76,-34.16,4.88,9.76,-39.04,-39.04,322.08,258.64
9.76,-34.16,-43.92,14.64,24.4,-39.04,0,0,-43.92,-43.92,317.2,248.88
4.88,-29.28,-34.16,14.64,19.52,-34.16,0,-4.88,-43.92,-43.92,307.44,253.76
4.88,-34.16,-39.04,14.64,19.52,-39.04,0,-9.76,-53.68,-48.8,297.68,239.12
29.28,-48.8,-78.08,9.76,53.68,-63.44,-14.64,-19.52,-58.56,-58.56,283.04,229.36
29.28,-34.16,-63.44,4.88,43.92,-48.8,0,-9.76,-53.68,-48.8,292.8,234.24
14.64,-24.4,-39.04,4.88,24.4,-34.16,0,-9.76,-48.8,-48.8,292.8,244
9.76,-34.16,-43.92,14.64,24.4,-39.04,0,-9.76,-48.8,-53.68,297.68,244
0,-43.92,-43.92,24.4,19.52,-43.92,4.88,0,-48.8,-48.8,292.8,253.76
4.88,-48.8,-53.68,24.4,29.28,-53.68,-4.88,-9.76,-53.68,-58.56,283.04,244
14.64,-34.16,-48.8,9.76,29.28,-43.92,-4.88,-14.64,-58.56,-63.44,268.4,234.24
4.88,-48.8,-53.68,24.4,29.28,-53.68,4.88,-4.88,-48.8,-48.8,278.16,234.24
-4.88,-58.56,-53.68,34.16,24.4,-58.56,0,-14.64,-58.56,-58.56,268.4,234.24
-9.76,-48.8,-39.04,29.28,14.64,-43.92,9.76,-14.64,-63.44,-58.56,268.4,224.48
-9.76,-48.8,-39.04,29.28,14.64,-43.92,4.88,-14.64,-58.56,-58.56,258.64,229.36
4.88,-53.68,-58.56,24.4,29.28,-58.56,4.88,-24.4,-68.32,-68.32,244,214.72
19.52,-48.8,-68.32,14.64,43.92,-58.56,0,-34.16,-73.2,-73.2,239.12,214.72
4.88,-58.56,-63.44,29.28,34.16,-63.44,0,-24.4,-68.32,-68.32,239.12,214.72
-29.28,-68.32,-39.04,48.8,4.88,-53.68,14.64,-14.64,-63.44,-58.56,244,219.6
-53.68,-73.2,-19.52,63.44,-19.52,-48.8,19.52,-14.64,-58.56,-58.56,253.76,234.24
-19.52,-58.56,-39.04,39.04,9.76,-48.8,4.88,-19.52,-68.32,-68.32,239.12,224.48
0,-53.68,-53.68,29.28,24.4,-53.68,9.76,-19.52,-63.44,-63.44,244,224.48
-9.76,-58.56,-48.8,34.16,19.52,-53.68,4.88,-29.28,-73.2,-78.08,234.24,224.48
-9.76,-53.68,-43.92,34.16,14.64,-48.8,-4.88,-39.04,-82.96,-87.84,224.48,209.84
4.88,-48.8,-53.68,24.4,29.28,-53.68,0,-34.16,-82.96,-87.84,219.6,214.72
19.52,-53.68,-73.2,19.52,43.92,-63.44,-9.76,-48.8,-92.72,-102.48,204.96,204.96
19.52,-43.92,-63.44,14.64,39.04,-53.68,-9.76,-43.92,-92.72,-102.48,200.08,195.2
-29.28,-58.56,-29.28,43.92,0,-43.92,9.76,-24.4,-82.96,-73.2,219.6,214.72
-14.64,-63.44,-48.8,39.04,14.64,-58.56,0,-34.16,-97.6,-82.96,200.08,204.96
0,-68.32,-68.32,34.16,34.16,-68.32,4.88,-39.04,-92.72,-82.96,204.96,195.2
-58.56,-68.32,-9.76,63.44,-24.4,-39.04,14.64,-24.4,-73.2,-68.32,214.72,209.84
-39.04,-73.2,-34.16,58.56,-4.88,-53.68,4.88,-43.92,-92.72,-87.84,200.08,204.96
-39.04,-73.2,-34.16,58.56,-4.88,-53.68,4.88,-43.92,-92.72,-82.96,195.2,200.08
-29.28,-68.32,-39.04,48.8,4.88,-53.68,-4.88,-48.8,-102.48,-92.72,185.44,195.2
0,-48.8,-48.8,24.4,24.4,-48.8,0,-53.68,-102.48,-92.72,185.44,195.2
-14.64,-53.68,-39.04,34.16,9.76,-48.8,4.88,-48.8,-92.72,-87.84,180.56,190.32
-24.4,-58.56,-34.16,43.92,4.88,-48.8,9.76,-43.92,-92.72,-87.84,175.68,190.32
-24.4,-63.44,-39.04,43.92,4.88,-53.68,9.76,-39.04,-87.84,-82.96,170.8,185.44
-9.76,-78.08,-68.32,43.92,29.28,-73.2,-9.76,-53.68,-112.24,-97.6,146.4,165.92
-29.28,-78.08,-48.8,53.68,9.76,-63.44,9.76,-43.92,-97.6,-87.84,165.92,175.68
-43.92,-68.32,-24.4,58.56,-9.76,-48.8,4.88,-39.04,-92.72,-78.08,170.8,180.56
-29.28,-73.2,-43.92,53.68,4.88,-58.56,4.88,-39.04,-92.72,-82.96,161.04,165.92
-19.52,-58.56,-39.04,39.04,9.76,-48.8,4.88,-43.92,-92.72,-82.96,161.04,175.68
14.64,-58.56,-73.2,24.4,43.92,-68.32,-14.64,-63.44,-117.12,-107.36,136.64,161.04
-4.88,-63.44,-58.56,34.16,24.4,-63.44,-4.88,-63.44,-117.12,-102.48,141.52,161.04
-24.4,-68.32,-43.92,48.8,9.76,-58.56,0,-53.68,-107.36,-97.6,141.52,175.68
-34.16,-73.2,-39.04,53.68,0,-58.56,0,-58.56,-112.24,-97.6,141.52,180.56
-29.28,-68.32,-39.04,48.8,4.88,-53.68,0,-58.56,-107.36,-97.6,136.64,170.8
-34.16,-78.08,-43.92,58.56,4.88,-63.44,-4.88,-53.68,-107.36,-97.6,136.64,175.68
-19.52,-82.96,-63.44,53.68,19.52,-73.2,-4.88,-58.56,-112.24,-107.36,126.88,165.92
-4.88,-68.32,-63.44,39.04,29.28,-68.32,-4.88,-53.68,-107.36,-102.48,126.88,170.8
-34.16,-78.08,-43.92,58.56,4.88,-63.44,0,-53.68,-102.48,-97.6,126.88,170.8
-43.92,-82.96,-39.04,63.44,-4.88,-63.44,-4.88,-58.56,-117.12,-102.48,117.12,161.04
-43.92,-82.96,-39.04,63.44,-4.88,-63.44,-9.76,-63.44,-126.88,-107.36,112.24,151.28
-19.52,-78.08,-58.56,48.8,19.52,-68.32,-19.52,-73.2,-131.76,-117.12,102.48,146.4
-9.76,-68.32,-58.56,39.04,24.4,-63.44,-4.88,-63.44,-126.88,-112.24,102.48,151.28
0,-58.56,-58.56,29.28,29.28,-58.56,-4.88,-73.2,-131.76,-112.24,92.72,151.28
-39.04,-68.32,-29.28,53.68,-4.88,-48.8,-4.88,-68.32,-126.88,-117.12,92.72,151.28
-53.68,-78.08,-24.4,68.32,-14.64,-53.68,4.88,-53.68,-112.24,-107.36,102.48,156.16
-29.28,-78.08,-48.8,53.68,9.76,-63.44,0,-63.44,-117.12,-107.36,87.84,151.28
-29.28,-68.32,-39.04,48.8,4.88,-53.68,0,-63.44,-117.12,-117.12,78.08,151.28
-48.8,-87.84,-39.04,68.32,-4.88,-63.44,4.88,-63.44,-117.12,-112.24,87.84,141.52
-53.68,-97.6,-43.92,78.08,-4.88,-73.2,-4.88,-68.32,-122,-112.24,78.08,136.64
-29.28,-82.96,-53.68,58.56,9.76,-68.32,0,-73.2,-122,-107.36,73.2,131.76
14.64,-68.32,-82.96,29.28,48.8,-78.08,-9.76,-73.2,-122,-107.36,63.44,131.76
-43.92,-87.84,-43.92,68.32,0,-68.32,0,-63.44,-122,-97.6,68.32,136.64
-43.92,-92.72,-48.8,68.32,0,-73.2,0,-68.32,-126.88,-117.12,58.56,141.52
-29.28,-102.48,-73.2,68.32,19.52,-87.84,-4.88,-82.96,-131.76,-126.88,48.8,126.88
-29.28,-97.6,-68.32,63.44,19.52,-82.96,-9.76,-68.32,-131.76,-122,58.56,141.52
-34.16,-97.6,-63.44,68.32,14.64,-82.96,0,-58.56,-126.88,-117.12,53.68,136.64
-63.44,-97.6,-34.16,82.96,-14.64,-68.32,0,-58.56,-117.12,-107.36,58.56,146.4
-53.68,-97.6,-43.92,78.08,-4.88,-73.2,4.88,-58.56,-117.12,-112.24,58.56,146.4
-29.28,-102.48,-73.2,68.32,19.52,-87.84,-14.64,-78.08,-131.76,-122,43.92,131.76
-24.4,-97.6,-73.2,63.44,24.4,-87.84,-9.76,-73.2,-131.76,-122,34.16,131.76
-9.76,-87.84,-78.08,48.8,34.16,-82.96,-4.88,-73.2,-126.88,-117.12,34.16,131.76
-58.56,-107.36,-48.8,82.96,-4.88,-78.08,0,-63.44,-122,-112.24,34.16,131.76
-63.44,-112.24,-48.8,87.84,-9.76,-82.96,-4.88,-68.32,-126.88,-122,24.4,131.76
-43.92,-107.36,-63.44,78.08,9.76,-87.84,0,-63.44,-126.88,-122,19.52,126.88
-48.8,-107.36,-58.56,78.08,4.88,-82.96,-4.88,-73.2,-131.76,-126.88,19.52,122
-58.56,-112.24,-53.68,87.84,-4.88,-82.96,4.88,-63.44,-131.76,-117.12,24.4,126.88
-29.28,-112.24,-82.96,73.2,24.4,-97.6,-9.76,-73.2,-136.64,-126.88,9.76,107.36
-48.8,-117.12,-68.32,82.96,9.76,-92.72,-4.88,-73.2,-136.64,-126.88,14.64,117.12
-68.32,-112.24,-43.92,92.72,-14.64,-78.08,4.88,-63.44,-126.88,-117.12,29.28,131.76
-63.44,-107.36,-43.92,87.84,-9.76,-78.08,0,-63.44,-126.88,-122,24.4,141.52
-53.68,-102.48,-48.8,78.08,-4.88,-78.08,0,-68.32,-126.88,-122,24.4,136.64
-58.56,-107.36,-48.8,82.96,-4.88,-78.08,4.88,-63.44,-126.88,-117.12,29.28,146.4
-53.68,-107.36,-53.68,82.96,0,-82.96,-9.76,-78.08,-141.52,-126.88,14.64,136.64
-58.56,-117.12,-58.56,87.84,0,-87.84,0,-73.2,-131.76,-122,24.4,141.52
-63.44,-112.24,-48.8,87.84,-9.76,-82.96,0,-63.44,-126.88,-117.12,29.28,141.52
-24.4,-107.36,-82.96,68.32,29.28,-97.6,-4.88,-68.32,-136.64,-126.88,14.64,136.64
-43.92,-107.36,-63.44,78.08,9.76,-87.84,-4.88,-68.32,-126.88,-117.12,19.52,146.4
-92.72,-117.12,-24.4,107.36,-34.16,-73.2,0,-58.56,-136.64,-117.12,34.16,156.16
-63.44,-112.24,-48.8,87.84,-9.76,-82.96,-4.88,-68.32,-141.52,-131.76,34.16,146.4
-14.64,-92.72,-78.08,53.68,29.28,-87.84,-14.64,-82.96,-146.4,-136.64,24.4,146.4
-24.4,-102.48,-78.08,63.44,24.4,-92.72,-9.76,-82.96,-146.4,-131.76,24.4,146.4
-53.68,-107.36,-53.68,82.96,0,-82.96,0,-78.08,-136.64,-122,34.16,156.16
-58.56,-107.36,-48.8,82.96,-4.88,-78.08,-4.88,-78.08,-141.52,-126.88,29.28,165.92
-73.2,-92.72,-19.52,82.96,-29.28,-58.56,4.88,-73.2,-136.64,-122,39.04,170.8
-63.44,-97.6,-34.16,82.96,-14.64,-68.32,9.76,-68.32,-126.88,-117.12,48.8,175.68
-39.04,-102.48,-63.44,73.2,9.76,-82.96,-4.88,-73.2,-131.76,-126.88,39.04,165.92
-9.76,-97.6,-87.84,53.68,39.04,-92.72,-14.64,-78.08,-146.4,-141.52,19.52,156.16
-73.2,-107.36,-34.16,92.72,-19.52,-73.2,0,-68.32,-136.64,-126.88,29.28,165.92
-117.12,-122,-4.88,122,-58.56,-63.44,0,-63.44,-126.88,-122,39.04,175.68
-68.32,-107.36,-39.04,87.84,-14.64,-73.2,-9.76,-73.2,-136.64,-131.76,29.28,161.04
-43.92,-102.48,-58.56,73.2,4.88,-82.96,-9.76,-73.2,-136.64,-126.88,29.28,156.16
-24.4,-107.36,-82.96,68.32,29.28,-97.6,-9.76,-73.2,-136.64,-126.88,29.28,156.16
-29.28,-107.36,-78.08,68.32,24.4,-92.72,0,-68.32,-131.76,-122,34.16,165.92
-39.04,-107.36,-68.32,73.2,14.64,-87.84,9.76,-68.32,-122,-117.12,43.92,165.92
-48.8,-107.36,-58.56,78.08,4.88,-82.96,0,-63.44,-126.88,-122,43.92,170.8
-48.8,-107.36,-58.56,78.08,4.88,-82.96,0,-63.44,-122,-117.12,39.04,170.8
-43.92,-107.36,-63.44,78.08,9.76,-87.84,0,-63.44,-131.76,-117.12,34.16,170.8
-53.68,-107.36,-53.68,82.96,0,-82.96,9.76,-63.44,-126.88,-112.24,48.8,180.56
-19.52,-117.12,-97.6,68.32,39.04,-107.36,-9.76,-73.2,-141.52,-136.64,34.16,170.8
-9.76,-117.12,-107.36,63.44,48.8,-112.24,-14.64,-78.08,-151.28,-141.52,24.4,165.92
-24.4,-112.24,-87.84,68.32,29.28,-102.48,-9.76,-68.32,-141.52,-131.76,34.16,175.68
-48.8,-117.12,-68.32,82.96,9.76,-92.72,-4.88,-63.44,-141.52,-126.88,43.92,180.56
-53.68,-112.24,-58.56,82.96,0,-87.84,-9.76,-63.44,-136.64,-136.64,43.92,180.56
-48.8,-112.24,-63.44,82.96,4.88,-87.84,0,-68.32,-141.52,-131.76,43.92,180.56
-43.92,-107.36,-63.44,78.08,9.76,-87.84,-4.88,-63.44,-141.52,-131.76,43.92,175.68
-53.68,-102.48,-48.8,78.08,-4.88,-78.08,0,-63.44,-131.76,-131.76,53.68,185.44
-39.04,-107.36,-68.32,73.2,14.64,-87.84,-14.64,-68.32,-136.64,-136.64,39.04,175.68
-19.52,-112.24,-92.72,68.32,34.16,-102.48,-24.4,-78.08,-146.4,-146.4,34.16,175.68
-24.4,-107.36,-82.96,68.32,29.28,-97.6,-9.76,-68.32,-136.64,-131.76,43.92,190.32
-53.68,-102.48,-48.8,78.08,-4.88,-78.08,0,-63.44,-136.64,-126.88,53.68,195.2
-39.04,-107.36,-68.32,73.2,14.64,-87.84,-19.52,-78.08,-151.28,-141.52,39.04,185.44
-29.28,-117.12,-87.84,73.2,29.28,-102.48,-19.52,-87.84,-156.16,-146.4,34.16,185.44
-58.56,-107.36,-48.8,82.96,-4.88,-78.08,0,-63.44,-136.64,-136.64,63.44,209.84
-24.4,-92.72,-68.32,58.56,19.52,-82.96,-9.76,-73.2,-151.28,-136.64,63.44,200.08
-19.52,-102.48,-82.96,63.44,29.28,-92.72,-14.64,-73.2,-156.16,-136.64,53.68,200.08
-39.04,-107.36,-68.32,73.2,14.64,-87.84,-14.64,-73.2,-146.4,-131.76,58.56,200.08
-24.4,-102.48,-78.08,63.44,24.4,-92.72,-14.64,-68.32,-141.52,-136.64,58.56,204.96
-4.88,-102.48,-97.6,53.68,43.92,-102.48,-19.52,-78.08,-151.28,-146.4,53.68,195.2
-34.16,-102.48,-68.32,68.32,14.64,-87.84,-9.76,-68.32,-141.52,-136.64,63.44,209.84
-53.68,-97.6,-43.92,78.08,-4.88,-73.2,4.88,-63.44,-131.76,-126.88,78.08,219.6
-43.92,-102.48,-58.56,73.2,4.88,-82.96,-9.76,-73.2,-141.52,-136.64,73.2,214.72
-19.52,-102.48,-82.96,63.44,29.28,-92.72,-19.52,-82.96,-156.16,-146.4,68.32,209.84
-24.4,-102.48,-78.08,63.44,24.4,-92.72,-19.52,-87.84,-151.28,-146.4,63.44,209.84
-14.64,-102.48,-87.84,58.56,34.16,-97.6,-19.52,-87.84,-151.28,-151.28,68.32,214.72
-24.4,-102.48,-78.08,63.44,24.4,-92.72,-19.52,-78.08,-146.4,-141.52,68.32,219.6
-43.92,-107.36,-63.44,78.08,9.76,-87.84,-24.4,-73.2,-151.28,-146.4,63.44,214.72
-43.92,-112.24,-68.32,78.08,9.76,-92.72,-9.76,-63.44,-136.64,-136.64,68.32,219.6
-48.8,-112.24,-63.44,82.96,4.88,-87.84,-14.64,-73.2,-141.52,-141.52,68.32,219.6
-24.4,-102.48,-78.08,63.44,24.4,-92.72,-9.76,-63.44,-141.52,-141.52,73.2,219.6
14.64,-78.08,-92.72,34.16,53.68,-87.84,-9.76,-73.2,-146.4,-141.52,73.2,219.6
19.52,-78.08,-97.6,29.28,58.56,-87.84,-19.52,-78.08,-146.4,-146.4,68.32,214.72
-9.76,-92.72,-82.96,53.68,34.16,-87.84,-9.76,-73.2,-151.28,-141.52,73.2,214.72
0,-92.72,-92.72,48.8,43.92,-92.72,-24.4,-78.08,-151.28,-151.28,63.44,214.72
-29.28,-97.6,-68.32,63.44,19.52,-82.96,-9.76,-68.32,-146.4,-146.4,78.08,224.48
-29.28,-97.6,-68.32,63.44,19.52,-82.96,-4.88,-73.2,-146.4,-151.28,82.96,224.48
-19.52,-102.48,-82.96,63.44,29.28,-92.72,-14.64,-78.08,-151.28,-156.16,73.2,224.48
-29.28,-102.48,-73.2,68.32,19.52,-87.84,-24.4,-68.32,-151.28,-165.92,68.32,224.48
-39.04,-102.48,-63.44,73.2,9.76,-82.96,-9.76,-68.32,-146.4,-156.16,82.96,234.24
-34.16,-97.6,-63.44,68.32,14.64,-82.96,-9.76,-68.32,-141.52,-151.28,87.84,234.24
-24.4,-82.96,-58.56,53.68,14.64,-73.2,-9.76,-68.32,-141.52,-151.28,82.96,229.36
-4.88,-82.96,-78.08,43.92,34.16,-82.96,-9.76,-73.2,-141.52,-151.28,87.84,234.24
-4.88,-92.72,-87.84,48.8,39.04,-92.72,-19.52,-78.08,-151.28,-161.04,78.08,224.48
-4.88,-92.72,-87.84,48.8,39.04,-92.72,-19.52,-78.08,-151.28,-161.04,82.96,234.24
-34.16,-97.6,-63.44,68.32,14.64,-82.96,-9.76,-73.2,-146.4,-156.16,92.72,239.12
-29.28,-107.36,-78.08,68.32,24.4,-92.72,-19.52,-73.2,-151.28,-165.92,92.72,234.24
-29.28,-107.36,-78.08,68.32,24.4,-92.72,-14.64,-68.32,-151.28,-161.04,97.6,248.88
-19.52,-97.6,-78.08,58.56,29.28,-87.84,-14.64,-73.2,-146.4,-161.04,92.72,244
-29.28,-97.6,-68.32,63.44,19.52,-82.96,-14.64,-68.32,-151.28,-161.04,97.6,248.88
-34.16,-92.72,-58.56,63.44,9.76,-78.08,-14.64,-68.32,-151.28,-161.04,97.6,248.88
-24.4,-87.84,-63.44,58.56,19.52,-78.08,-19.52,-78.08,-156.16,-161.04,97.6,248.88
-4.88,-87.84,-82.96,48.8,39.04,-87.84,-19.52,-78.08,-146.4,-161.04,102.48,253.76
-19.52,-92.72,-73.2,58.56,24.4,-82.96,-19.52,-73.2,-151.28,-161.04,102.48,253.76
-14.64,-92.72,-78.08,53.68,29.28,-87.84,-14.64,-73.2,-151.28,-165.92,102.48,253.76
0,-87.84,-87.84,43.92,43.92,-87.84,-14.64,-78.08,-151.28,-165.92,107.36,244
-4.88,-92.72,-87.84,48.8,39.04,-92.72,-19.52,-82.96,-156.16,-165.92,102.48,239.12
0,-92.72,-92.72,48.8,43.92,-92.72,-19.52,-73.2,-156.16,-165.92,102.48,253.76
-9.76,-78.08,-68.32,43.92,29.28,-73.2,0,-58.56,-136.64,-151.28,112.24,283.04
4.88,-87.84,-92.72,43.92,48.8,-92.72,-9.76,-73.2,-151.28,-165.92,102.48,263.52
-4.88,-92.72,-87.84,48.8,39.04,-92.72,-19.52,-78.08,-156.16,-170.8,102.48,268.4
-39.04,-87.84,-48.8,63.44,4.88,-68.32,-9.76,-63.44,-141.52,-156.16,117.12,273.28
-9.76,-78.08,-68.32,43.92,29.28,-73.2,-4.88,-63.44,-136.64,-151.28,117.12,278.16
-29.28,-82.96,-53.68,58.56,9.76,-68.32,0,-58.56,-136.64,-151.28,122,292.8
-29.28,-82.96,-53.68,58.56,9.76,-68.32,-14.64,-68.32,-146.4,-161.04,117.12,278.16
0,-82.96,-82.96,43.92,39.04,-82.96,-19.52,-78.08,-151.28,-165.92,117.12,273.28
-4.88,-87.84,-82.96,48.8,39.04,-87.84,-14.64,-68.32,-151.28,-161.04,117.12,283.04
-29.28,-92.72,-63.44,63.44,14.64,-78.08,-19.52,-63.44,-151.28,-165.92,117.12,278.16
24.4,-78.08,-102.48,29.28,63.44,-92.72,-34.16,-78.08,-161.04,-180.56,102.48,268.4
29.28,-78.08,-107.36,24.4,68.32,-92.72,-24.4,-78.08,-156.16,-180.56,102.48,268.4
-4.88,-82.96,-78.08,43.92,34.16,-82.96,-14.64,-63.44,-151.28,-165.92,117.12,283.04
-43.92,-73.2,-29.28,58.56,-9.76,-53.68,4.88,-48.8,-131.76,-146.4,136.64,292.8
-58.56,-82.96,-24.4,73.2,-19.52,-53.68,-4.88,-58.56,-136.64,-156.16,131.76,287.92
-29.28,-87.84,-58.56,58.56,14.64,-73.2,-9.76,-68.32,-156.16,-170.8,112.24,268.4
24.4,-78.08,-102.48,29.28,63.44,-92.72,-19.52,-68.32,-161.04,-175.68,107.36,268.4
53.68,-78.08,-131.76,14.64,92.72,-107.36,-29.28,-78.08,-165.92,-180.56,107.36,263.52
24.4,-68.32,-92.72,24.4,58.56,-82.96,-19.52,-68.32,-156.16,-170.8,117.12,273.28
24.4,-78.08,-102.48,29.28,63.44,-92.72,-24.4,-63.44,-156.16,-170.8,117.12,273.28
29.28,-78.08,-107.36,24.4,68.32,-92.72,-29.28,-73.2,-161.04,-180.56,107.36,263.52
14.64,-82.96,-97.6,34.16,53.68,-92.72,-24.4,-68.32,-146.4,-165.92,122,278.16
9.76,-92.72,-102.48,43.92,53.68,-97.6,-19.52,-73.2,-151.28,-175.68,117.12,278.16
19.52,-82.96,-102.48,34.16,58.56,-92.72,-24.4,-73.2,-161.04,-180.56,112.24,273.28
-14.64,-82.96,-68.32,48.8,24.4,-78.08,-4.88,-63.44,-141.52,-165.92,131.76,287.92
-39.04,-97.6,-58.56,68.32,9.76,-78.08,4.88,-58.56,-146.4,-170.8,141.52,292.8
-34.16,-87.84,-53.68,63.44,9.76,-73.2,0,-58.56,-146.4,-165.92,136.64,307.44
9.76,-78.08,-87.84,34.16,48.8,-82.96,-9.76,-73.2,-161.04,-180.56,126.88,287.92
19.52,-73.2,-92.72,29.28,53.68,-82.96,-19.52,-68.32,-161.04,-185.44,122,287.92
4.88,-82.96,-87.84,39.04,43.92,-87.84,-14.64,-73.2,-156.16,-180.56,122,287.92
14.64,-87.84,-102.48,39.04,58.56,-97.6,-19.52,-68.32,-161.04,-185.44,117.12,283.04
-19.52,-82.96,-63.44,53.68,19.52,-73.2,-9.76,-68.32,-151.28,-175.68,126.88,287.92
-53.68,-73.2,-19.52,63.44,-19.52,-48.8,9.76,-43.92,-122,-146.4,151.28,312.32
-9.76,-63.44,-53.68,39.04,19.52,-58.56,-4.88,-58.56,-141.52,-165.92,131.76,292.8
4.88,-68.32,-73.2,34.16,39.04,-73.2,-14.64,-73.2,-141.52,-170.8,126.88,283.04
14.64,-73.2,-87.84,29.28,48.8,-82.96,-14.64,-73.2,-151.28,-175.68,126.88,283.04
43.92,-53.68,-97.6,4.88,68.32,-78.08,-9.76,-63.44,-141.52,-175.68,131.76,292.8
58.56,-39.04,-97.6,-9.76,78.08,-68.32,0,-58.56,-141.52,-170.8,136.64,287.92
39.04,-43.92,-82.96,4.88,58.56,-63.44,0,-58.56,-136.64,-175.68,136.64,292.8
43.92,-24.4,-68.32,-9.76,53.68,-48.8,9.76,-48.8,-126.88,-161.04,146.4,297.68
24.4,-24.4,-48.8,0,34.16,-39.04,24.4,-34.16,-112.24,-151.28,151.28,312.32
19.52,-24.4,-43.92,4.88,29.28,-34.16,29.28,-39.04,-117.12,-151.28,156.16,302.56
48.8,-19.52,-68.32,-14.64,58.56,-43.92,24.4,-39.04,-122,-156.16,151.28,307.44
34.16,-14.64,-48.8,-9.76,39.04,-34.16,34.16,-39.04,-122,-151.28,156.16,317.2
48.8,-9.76,-58.56,-19.52,53.68,-34.16,24.4,-43.92,-126.88,-156.16,151.28,312.32
39.04,-14.64,-53.68,-9.76,43.92,-34.16,39.04,-43.92,-122,-151.28,156.16,317.2
19.52,-14.64,-34.16,0,24.4,-24.4,58.56,-14.64,-112.24,-141.52,161.04,322.08
39.04,0,-39.04,-19.52,39.04,-19.52,58.56,-14.64,-112.24,-141.52,165.92,322.08
43.92,0,-43.92,-19.52,43.92,-24.4,58.56,-14.64,-107.36,-141.52,161.04,322.08
39.04,-14.64,-53.68,-9.76,43.92,-34.16,48.8,-24.4,-117.12,-151.28,151.28,307.44
43.92,-24.4,-68.32,-9.76,53.68,-48.8,43.92,-19.52,-117.12,-151.28,161.04,307.44
48.8,-19.52,-68.32,-14.64,58.56,-43.92,43.92,-24.4,-117.12,-151.28,151.28,307.44
58.56,-19.52,-78.08,-19.52,68.32,-48.8,39.04,-19.52,-117.12,-146.4,156.16,312.32
73.2,-9.76,-82.96,-29.28,78.08,-48.8,48.8,-14.64,-102.48,-136.64,161.04,312.32
87.84,-9.76,-97.6,-39.04,92.72,-53.68,48.8,-24.4,-107.36,-141.52,156.16,307.44
78.08,-9.76,-87.84,-34.16,82.96,-48.8,39.04,-29.28,-107.36,-146.4,156.16,302.56
48.8,-19.52,-68.32,-14.64,58.56,-43.92,39.04,-19.52,-102.48,-136.64,161.04,307.44
73.2,-24.4,-97.6,-24.4,82.96,-63.44,29.28,-34.16,-112.24,-151.28,161.04,307.44
68.32,-24.4,-92.72,-19.52,78.08,-58.56,19.52,-29.28,-112.24,-151.28,151.28,307.44
73.2,-34.16,-107.36,-19.52,87.84,-73.2,0,-39.04,-122,-161.04,146.4,302.56
48.8,-34.16,-82.96,-4.88,63.44,-58.56,-9.76,-29.28,-122,-156.16,156.16,312.32
53.68,-24.4,-78.08,-14.64,63.44,-53.68,-9.76,-29.28,-117.12,-146.4,156.16,317.2
39.04,-24.4,-63.44,-4.88,48.8,-43.92,-9.76,-14.64,-107.36,-136.64,161.04,326.96
68.32,-14.64,-82.96,-24.4,73.2,-48.8,-14.64,-19.52,-107.36,-136.64,156.16,317.2
82.96,-9.76,-92.72,-34.16,87.84,-53.68,-9.76,-24.4,-107.36,-136.64,161.04,322.08
78.08,-9.76,-87.84,-34.16,82.96,-48.8,-14.64,-24.4,-112.24,-136.64,161.04,322.08
92.72,4.88,-87.84,-48.8,87.84,-43.92,-9.76,-19.52,-107.36,-131.76,170.8,326.96
112.24,0,-112.24,-53.68,112.24,-58.56,-19.52,-29.28,-112.24,-136.64,165.92,322.08
97.6,-19.52,-117.12,-39.04,107.36,-68.32,-29.28,-29.28,-112.24,-141.52,165.92,317.2
78.08,-24.4,-102.48,-24.4,87.84,-63.44,-39.04,-29.28,-122,-146.4,165.92,317.2
58.56,-24.4,-82.96,-14.64,68.32,-53.68,-39.04,-29.28,-117.12,-141.52,161.04,312.32
68.32,-29.28,-97.6,-19.52,82.96,-63.44,-48.8,-39.04,-126.88,-151.28,151.28,302.56
68.32,-34.16,-102.48,-14.64,82.96,-68.32,-48.8,-39.04,-126.88,-161.04,136.64,297.68
68.32,-29.28,-97.6,-19.52,82.96,-63.44,-48.8,-48.8,-136.64,-170.8,131.76,287.92
68.32,-34.16,-102.48,-14.64,82.96,-68.32,-34.16,-43.92,-126.88,-161.04,141.52,292.8
43.92,-48.8,-92.72,4.88,68.32,-73.2,-39.04,-48.8,-136.64,-175.68,122,283.04
43.92,-53.68,-97.6,4.88,68.32,-78.08,-39.04,-58.56,-146.4,-185.44,117.12,283.04
48.8,-43.92,-92.72,0,68.32,-68.32,-29.28,-53.68,-141.52,-175.68,117.12,287.92
29.28,-48.8,-78.08,9.76,53.68,-63.44,-24.4,-43.92,-136.64,-170.8,117.12,287.92
43.92,-53.68,-97.6,4.88,68.32,-78.08,-29.28,-53.68,-146.4,-185.44,107.36,268.4
24.4,-73.2,-97.6,24.4,58.56,-87.84,-34.16,-58.56,-156.16,-195.2,92.72,258.64
4.88,-87.84,-92.72,43.92,48.8,-92.72,-29.28,-58.56,-156.16,-190.32,97.6,263.52
34.16,-82.96,-117.12,24.4,73.2,-102.48,-34.16,-68.32,-156.16,-200.08,92.72,258.64
24.4,-68.32,-92.72,24.4,58.56,-82.96,-29.28,-73.2,-170.8,-200.08,92.72,258.64
-4.88,-73.2,-68.32,39.04,29.28,-73.2,-34.16,-82.96,-170.8,-209.84,82.96,258.64
4.88,-82.96,-87.84,39.04,43.92,-87.84,-43.92,-92.72,-185.44,-229.36,73.2,244
29.28,-92.72,-122,34.16,73.2,-107.36,-58.56,-107.36,-200.08,-244,48.8,224.48
29.28,-87.84,-117.12,29.28,73.2,-102.48,-48.8,-102.48,-195.2,-229.36,58.56,239.12
39.04,-87.84,-126.88,24.4,82.96,-107.36,-48.8,-102.48,-190.32,-234.24,53.68,229.36
-24.4,-87.84,-63.44,58.56,19.52,-78.08,-24.4,-82.96,-170.8,-214.72,78.08,248.88
-9.76,-87.84,-78.08,48.8,34.16,-82.96,-24.4,-82.96,-170.8,-219.6,73.2,239.12
39.04,-87.84,-126.88,24.4,82.96,-107.36,-43.92,-97.6,-185.44,-234.24,53.68,224.48
4.88,-82.96,-87.84,39.04,43.92,-87.84,-34.16,-82.96,-170.8,-224.48,68.32,234.24
-19.52,-82.96,-63.44,53.68,19.52,-73.2,-19.52,-78.08,-165.92,-209.84,78.08,244
-4.88,-87.84,-82.96,48.8,39.04,-87.84,-24.4,-82.96,-175.68,-214.72,68.32,234.24
53.68,-92.72,-146.4,19.52,97.6,-122,-48.8,-107.36,-195.2,-239.12,43.92,209.84
29.28,-82.96,-112.24,29.28,68.32,-97.6,-43.92,-97.6,-185.44,-239.12,48.8,219.6
-9.76,-82.96,-73.2,48.8,29.28,-78.08,-29.28,-82.96,-175.68,-224.48,68.32,229.36
-29.28,-92.72,-63.44,63.44,14.64,-78.08,-14.64,-73.2,-165.92,-214.72,68.32,229.36
-14.64,-87.84,-73.2,53.68,29.28,-82.96,-29.28,-87.84,-180.56,-229.36,53.68,219.6
29.28,-73.2,-102.48,24.4,63.44,-87.84,-29.28,-87.84,-180.56,-234.24,48.8,214.72
43.92,-68.32,-112.24,14.64,78.08,-92.72,-24.4,-82.96,-175.68,-224.48,48.8,219.6
29.28,-82.96,-112.24,29.28,68.32,-97.6,-29.28,-87.84,-180.56,-229.36,43.92,214.72
43.92,-78.08,-122,19.52,82.96,-102.48,-39.04,-97.6,-190.32,-239.12,34.16,204.96
-4.88,-82.96,-78.08,43.92,34.16,-82.96,-19.52,-82.96,-170.8,-219.6,48.8,219.6
-24.4,-92.72,-68.32,58.56,19.52,-82.96,-24.4,-82.96,-180.56,-224.48,43.92,214.72
19.52,-82.96,-102.48,34.16,58.56,-92.72,-34.16,-92.72,-190.32,-239.12,29.28,195.2
43.92,-78.08,-122,19.52,82.96,-102.48,-39.04,-102.48,-200.08,-248.88,24.4,195.2
9.76,-68.32,-78.08,29.28,43.92,-73.2,-9.76,-73.2,-170.8,-224.48,43.92,214.72
0,-68.32,-68.32,34.16,34.16,-68.32,-9.76,-78.08,-170.8,-219.6,48.8,214.72
4.88,-73.2,-78.08,34.16,39.04,-78.08,-4.88,-78.08,-170.8,-224.48,43.92,214.72
-24.4,-68.32,-43.92,48.8,9.76,-58.56,0,-68.32,-161.04,-204.96,58.56,219.6
4.88,-73.2,-78.08,34.16,39.04,-78.08,-9.76,-78.08,-170.8,-214.72,39.04,200.08
29.28,-73.2,-102.48,24.4,63.44,-87.84,-14.64,-87.84,-180.56,-219.6,29.28,195.2
39.04,-68.32,-107.36,14.64,73.2,-87.84,-19.52,-87.84,-180.56,-219.6,24.4,185.44
24.4,-68.32,-92.72,24.4,58.56,-82.96,-19.52,-92.72,-180.56,-224.48,24.4,185.44
14.64,-73.2,-87.84,29.28,48.8,-82.96,-14.64,-87.84,-175.68,-219.6,24.4,190.32
19.52,-78.08,-97.6,29.28,58.56,-87.84,-9.76,-87.84,-180.56,-229.36,19.52,175.68
-9.76,-92.72,-82.96,53.68,34.16,-87.84,-14.64,-87.84,-180.56,-229.36,19.52,175.68
-24.4,-73.2,-48.8,48.8,9.76,-63.44,0,-87.84,-180.56,-229.36,24.4,180.56
0,-53.68,-53.68,29.28,24.4,-53.68,0,-102.48,-185.44,-234.24,19.52,180.56
-19.52,-19.52,0,19.52,-9.76,-9.76,29.28,-102.48,-175.68,-224.48,39.04,214.72
-19.52,4.88,24.4,9.76,-24.4,14.64,34.16,-107.36,-165.92,-214.72,58.56,239.12
-39.04,9.76,48.8,14.64,-43.92,29.28,63.44,-102.48,-165.92,-224.48,63.44,239.12
-53.68,-9.76,43.92,34.16,-48.8,14.64,97.6,-73.2,-146.4,-229.36,53.68,229.36
-87.84,-39.04,48.8,63.44,-68.32,4.88,146.4,-14.64,-107.36,-214.72,53.68,224.48
-92.72,-53.68,39.04,73.2,-68.32,-9.76,175.68,63.44,-58.56,-170.8,68.32,209.84
-82.96,-53.68,29.28,68.32,-58.56,-14.64,185.44,126.88,0,-92.72,112.24,234.24
-24.4,-39.04,-14.64,34.16,-4.88,-29.28,175.68,195.2,78.08,9.76,180.56,273.28
68.32,-4.88,-73.2,-29.28,68.32,-39.04,180.56,326.96,209.84,156.16,273.28,317.2
122,19.52,-102.48,-68.32,112.24,-43.92,219.6,512.4,395.28,366,395.28,380.64
219.6,43.92,-175.68,-131.76,195.2,-68.32,224.48,678.32,570.96,570.96,492.88,429.44
331.84,92.72,-239.12,-209.84,283.04,-73.2,175.68,824.72,751.52,810.08,614.88,488
453.84,131.76,-322.08,-292.8,385.52,-97.6,87.84,956.48,912.56,1044.32,732,546.56
575.84,141.52,-434.32,-356.24,502.64,-146.4,-34.16,1000.4,1000.4,1224.88,834.48,595.36
688.08,185.44,-502.64,-434.32,595.36,-161.04,-131.76,1049.2,1102.88,1420.08,932.08,653.92
756.4,239.12,-517.28,-497.76,634.4,-141.52,-214.72,1073.6,1190.72,1610.4,1019.92,702.72
800.32,292.8,-507.52,-546.56,653.92,-107.36,-336.72,985.76,1180.96,1732.4,1078.48,736.88
795.44,307.44,-488,-551.44,639.28,-92.72,-395.28,936.96,1210.24,1864.16,1122.4,751.52
746.64,258.64,-488,-502.64,614.88,-117.12,-419.68,873.52,1215.12,1917.84,1098,702.72
697.84,175.68,-522.16,-434.32,610,-175.68,-414.8,775.92,1156.56,1864.16,976,590.48
600.24,63.44,-536.8,-331.84,566.08,-239.12,-400.16,644.16,1015.04,1664.08,780.8,429.44
488,-24.4,-512.4,-229.36,497.76,-268.4,-395.28,448.96,790.56,1317.6,531.92,283.04
341.6,-39.04,-380.64,-151.28,361.12,-209.84,-356.24,224.48,527.04,917.44,322.08,195.2
204.96,-53.68,-258.64,-73.2,229.36,-156.16,-317.2,63.44,317.2,600.24,180.56,151.28
102.48,-87.84,-190.32,-4.88,146.4,-141.52,-302.56,-63.44,141.52,356.24,63.44,97.6
39.04,-87.84,-126.88,24.4,82.96,-107.36,-287.92,-219.6,-53.68,107.36,-29.28,63.44
-29.28,-82.96,-53.68,58.56,9.76,-68.32,-263.52,-356.24,-234.24,-97.6,-68.32,63.44
-68.32,-73.2,-4.88,73.2,-34.16,-39.04,-229.36,-419.68,-341.6,-229.36,-92.72,68.32
-97.6,-58.56,39.04,78.08,-68.32,-9.76,-200.08,-405.04,-366,-273.28,-102.48,68.32
-97.6,-58.56,39.04,78.08,-68.32,-9.76,-170.8,-346.48,-351.36,-268.4,-97.6,73.2
-68.32,-73.2,-4.88,73.2,-34.16,-39.04,-161.04,-283.04,-302.56,-244,-97.6,63.44
-68.32,-97.6,-29.28,82.96,-19.52,-63.44,-141.52,-219.6,-248.88,-204.96,-87.84,63.44
-43.92,-87.84,-43.92,68.32,0,-68.32,-122,-170.8,-209.84,-180.56,-78.08,58.56
0,-63.44,-63.44,34.16,29.28,-63.44,-102.48,-131.76,-170.8,-161.04,-68.32,68.32
-14.64,-58.56,-43.92,39.04,14.64,-53.68,-73.2,-82.96,-122,-126.88,-43.92,92.72
-4.88,-43.92,-39.04,24.4,14.64,-43.92,-39.04,-39.04,-87.84,-97.6,-34.16,97.6
0,-43.92,-43.92,24.4,19.52,-43.92,-14.64,-9.76,-63.44,-87.84,-24.4,107.36
0,-48.8,-48.8,24.4,24.4,-48.8,0,4.88,-58.56,-87.84,-19.52,107.36
0,-58.56,-58.56,29.28,29.28,-58.56,4.88,19.52,-53.68,-92.72,-24.4,97.6
-9.76,-68.32,-58.56,39.04,24.4,-63.44,14.64,19.52,-63.44,-107.36,-34.16,82.96
9.76,-58.56,-68.32,24.4,39.04,-63.44,14.64,14.64,-63.44,-117.12,-39.04,82.96
4.88,-58.56,-63.44,29.28,34.16,-63.44,9.76,9.76,-63.44,-107.36,-43.92,73.2
-19.52,-63.44,-43.92,43.92,9.76,-53.68,14.64,14.64,-63.44,-107.36,-39.04,87.84
-34.16,-53.68,-19.52,43.92,-9.76,-39.04,24.4,9.76,-63.44,-112.24,-34.16,82.96
-19.52,-53.68,-34.16,39.04,4.88,-43.92,19.52,-4.88,-73.2,-126.88,-48.8,78.08
-29.28,-53.68,-24.4,43.92,-4.88,-39.04,34.16,4.88,-68.32,-122,-48.8,82.96
-24.4,-48.8,-24.4,39.04,0,-39.04,34.16,4.88,-73.2,-131.76,-48.8,82.96
-19.52,-63.44,-43.92,43.92,9.76,-53.68,24.4,0,-87.84,-146.4,-63.44,63.44
-4.88,-63.44,-58.56,34.16,24.4,-63.44,14.64,-4.88,-92.72,-151.28,-78.08,58.56
-9.76,-48.8,-39.04,29.28,14.64,-43.92,29.28,14.64,-73.2,-131.76,-58.56,68.32
-19.52,-43.92,-24.4,34.16,0,-34.16,39.04,24.4,-63.44,-122,-48.8,78.08
0,-48.8,-48.8,24.4,24.4,-48.8,24.4,14.64,-73.2,-126.88,-63.44,58.56
-9.76,-53.68,-43.92,34.16,14.64,-48.8,24.4,4.88,-78.08,-131.76,-73.2,53.68
-24.4,-53.68,-29.28,39.04,0,-43.92,34.16,4.88,-87.84,-131.76,-68.32,58.56
-34.16,-48.8,-14.64,43.92,-9.76,-34.16,34.16,4.88,-82.96,-131.76,-68.32,53.68
-14.64,-53.68,-39.04,34.16,9.76,-48.8,24.4,-9.76,-97.6,-141.52,-87.84,39.04
-39.04,-48.8,-9.76,43.92,-14.64,-29.28,39.04,9.76,-87.84,-126.88,-73.2,58.56
-48.8,-58.56,-9.76,53.68,-19.52,-34.16,39.04,4.88,-82.96,-136.64,-73.2,43.92
-39.04,-68.32,-29.28,53.68,-4.88,-48.8,34.16,4.88,-87.84,-141.52,-87.84,39.04
-19.52,-63.44,-43.92,43.92,9.76,-53.68,29.28,4.88,-87.84,-141.52,-92.72,29.28
-14.64,-58.56,-43.92,39.04,14.64,-53.68,24.4,4.88,-82.96,-141.52,-92.72,34.16
-29.28,-58.56,-29.28,43.92,0,-43.92,29.28,19.52,-68.32,-126.88,-82.96,34.16
4.88,-43.92,-48.8,19.52,24.4,-48.8,19.52,4.88,-82.96,-136.64,-97.6,19.52
4.88,-48.8,-53.68,24.4,29.28,-53.68,14.64,0,-92.72,-141.52,-107.36,9.76
-48.8,-48.8,0,48.8,-24.4,-24.4,39.04,14.64,-73.2,-126.88,-87.84,34.16
-43.92,-58.56,-14.64,53.68,-14.64,-39.04,43.92,4.88,-73.2,-126.88,-92.72,29.28
-29.28,-58.56,-29.28,43.92,0,-43.92,39.04,0,-82.96,-141.52,-97.6,34.16
-24.4,-53.68,-29.28,39.04,0,-43.92,34.16,4.88,-78.08,-141.52,-102.48,29.28
-29.28,-58.56,-29.28,43.92,0,-43.92,34.16,14.64,-73.2,-141.52,-102.48,29.28
-14.64,-53.68,-39.04,34.16,9.76,-48.8,29.28,14.64,-78.08,-131.76,-107.36,24.4
-43.92,-48.8,-4.88,48.8,-19.52,-29.28,43.92,34.16,-58.56,-117.12,-87.84,39.04
-53.68,-53.68,0,53.68,-29.28,-29.28,39.04,29.28,-58.56,-112.24,-87.84,24.4
-39.04,-43.92,-4.88,43.92,-19.52,-24.4,39.04,14.64,-68.32,-117.12,-97.6,19.52
-39.04,-48.8,-9.76,43.92,-14.64,-29.28,43.92,14.64,-63.44,-112.24,-97.6,14.64
-48.8,-53.68,-4.88,53.68,-24.4,-29.28,39.04,9.76,-68.32,-122,-107.36,19.52
-24.4,-53.68,-29.28,39.04,0,-43.92,39.04,4.88,-73.2,-122,-117.12,9.76
-19.52,-53.68,-34.16,39.04,4.88,-43.92,34.16,0,-87.84,-136.64,-126.88,4.88
-63.44,-58.56,4.88,63.44,-34.16,-29.28,48.8,19.52,-63.44,-122,-107.36,9.76
-58.56,-58.56,0,58.56,-29.28,-29.28,48.8,24.4,-58.56,-122,-112.24,14.64
-53.68,-63.44,-9.76,58.56,-24.4,-39.04,39.04,24.4,-63.44,-122,-117.12,4.88
-34.16,-58.56,-24.4,48.8,-4.88,-43.92,29.28,19.52,-63.44,-122,-122,0
-24.4,-63.44,-39.04,43.92,4.88,-53.68,24.4,24.4,-53.68,-117.12,-126.88,-9.76
-29.28,-53.68,-24.4,43.92,-4.88,-39.04,29.28,24.4,-53.68,-117.12,-122,-9.76
-9.76,-39.04,-29.28,24.4,9.76,-34.16,34.16,19.52,-58.56,-112.24,-126.88,-9.76
-39.04,-48.8,-9.76,43.92,-14.64,-29.28,39.04,19.52,-53.68,-112.24,-122,-9.76
-43.92,-53.68,-9.76,48.8,-19.52,-34.16,39.04,19.52,-58.56,-112.24,-126.88,-4.88
-34.16,-39.04,-4.88,39.04,-14.64,-24.4,43.92,24.4,-58.56,-112.24,-126.88,-4.88
-53.68,-53.68,0,53.68,-29.28,-29.28,48.8,29.28,-48.8,-112.24,-126.88,0
-43.92,-53.68,-9.76,48.8,-19.52,-34.16,43.92,29.28,-48.8,-117.12,-126.88,-9.76
-24.4,-48.8,-24.4,39.04,0,-39.04,43.92,34.16,-53.68,-112.24,-131.76,-9.76
-43.92,-48.8,-4.88,48.8,-19.52,-29.28,43.92,43.92,-39.04,-102.48,-126.88,-4.88
-53.68,-58.56,-4.88,58.56,-24.4,-34.16,39.04,48.8,-34.16,-92.72,-126.88,-9.76
-19.52,-39.04,-19.52,29.28,0,-29.28,29.28,39.04,-43.92,-102.48,-136.64,-29.28
-4.88,-24.4,-19.52,14.64,4.88,-24.4,39.04,43.92,-39.04,-97.6,-131.76,-19.52
-9.76,-29.28,-19.52,19.52,4.88,-24.4,43.92,43.92,-29.28,-87.84,-136.64,-19.52
-34.16,-34.16,0,34.16,-19.52,-19.52,43.92,39.04,-34.16,-87.84,-136.64,-24.4
-24.4,-39.04,-14.64,34.16,-4.88,-29.28,39.04,34.16,-43.92,-97.6,-146.4,-34.16
-24.4,-48.8,-24.4,39.04,0,-39.04,39.04,39.04,-39.04,-97.6,-151.28,-34.16
-39.04,-48.8,-9.76,43.92,-14.64,-29.28,39.04,48.8,-29.28,-92.72,-141.52,-29.28
-19.52,-39.04,-19.52,29.28,0,-29.28,39.04,48.8,-34.16,-92.72,-146.4,-43.92
-9.76,-39.04,-29.28,24.4,9.76,-34.16,29.28,48.8,-34.16,-97.6,-151.28,-43.92
-39.04,-43.92,-4.88,43.92,-19.52,-24.4,39.04,63.44,-14.64,-78.08,-141.52,-34.16
-39.04,-34.16,4.88,39.04,-24.4,-14.64,39.04,58.56,-14.64,-73.2,-136.64,-48.8
-9.76,-24.4,-14.64,19.52,0,-19.52,29.28,48.8,-29.28,-82.96,-151.28,-58.56
4.88,-29.28,-34.16,14.64,19.52,-34.16,34.16,43.92,-24.4,-78.08,-151.28,-63.44
0,-34.16,-34.16,19.52,14.64,-34.16,29.28,39.04,-29.28,-78.08,-161.04,-73.2
-19.52,-34.16,-14.64,29.28,-4.88,-24.4,43.92,58.56,-19.52,-73.2,-146.4,-58.56
-73.2,-29.28,43.92,53.68,-58.56,4.88,53.68,78.08,4.88,-53.68,-131.76,-48.8
-68.32,-34.16,34.16,53.68,-53.68,0,48.8,82.96,0,-53.68,-136.64,-53.68
-29.28,-29.28,0,29.28,-14.64,-14.64,39.04,78.08,-4.88,-58.56,-136.64,-63.44
-34.16,-19.52,14.64,29.28,-24.4,-4.88,39.04,87.84,9.76,-53.68,-126.88,-58.56
-19.52,-19.52,0,19.52,-9.76,-9.76,34.16,92.72,9.76,-58.56,-136.64,-58.56
-29.28,-4.88,24.4,19.52,-29.28,9.76,43.92,92.72,9.76,-48.8,-141.52,-68.32
-43.92,-14.64,29.28,29.28,-39.04,4.88,48.8,92.72,19.52,-43.92,-141.52,-58.56
-14.64,-4.88,9.76,9.76,-14.64,0,34.16,87.84,14.64,-48.8,-146.4,-78.08
-14.64,-4.88,9.76,9.76,-14.64,0,39.04,92.72,19.52,-34.16,-141.52,-68.32
-53.68,-9.76,43.92,34.16,-48.8,14.64,43.92,102.48,24.4,-29.28,-136.64,-68.32
-29.28,-14.64,14.64,24.4,-24.4,0,39.04,102.48,24.4,-34.16,-141.52,-73.2
-24.4,-9.76,14.64,19.52,-19.52,0,34.16,112.24,34.16,-24.4,-136.64,-73.2
-19.52,-9.76,9.76,14.64,-14.64,0,39.04,122,43.92,-9.76,-126.88,-73.2
0,0,0,0,0,0,34.16,131.76,58.56,-4.88,-112.24,-63.44
-24.4,0,24.4,14.64,-24.4,9.76,48.8,146.4,78.08,19.52,-102.48,-58.56
-14.64,9.76,24.4,4.88,-19.52,14.64,39.04,141.52,68.32,14.64,-107.36,-73.2
-9.76,14.64,24.4,0,-19.52,19.52,48.8,146.4,78.08,29.28,-102.48,-63.44
-34.16,14.64,48.8,9.76,-43.92,29.28,53.68,151.28,92.72,39.04,-97.6,-58.56
4.88,24.4,19.52,-14.64,-9.76,19.52,48.8,151.28,87.84,34.16,-107.36,-63.44
-29.28,19.52,48.8,4.88,-39.04,34.16,53.68,165.92,97.6,39.04,-107.36,-63.44
-68.32,0,68.32,34.16,-68.32,34.16,63.44,175.68,112.24,48.8,-112.24,-58.56
-9.76,9.76,19.52,0,-14.64,14.64,43.92,170.8,97.6,34.16,-131.76,-82.96
4.88,19.52,14.64,-9.76,-4.88,14.64,43.92,170.8,102.48,39.04,-126.88,-82.96
29.28,24.4,-4.88,-24.4,14.64,9.76,34.16,175.68,102.48,39.04,-122,-78.08
14.64,24.4,9.76,-19.52,0,14.64,39.04,185.44,122,48.8,-117.12,-78.08
-9.76,29.28,39.04,-9.76,-24.4,34.16,48.8,200.08,131.76,73.2,-112.24,-68.32
4.88,29.28,24.4,-14.64,-9.76,24.4,48.8,195.2,131.76,68.32,-122,-73.2
19.52,34.16,14.64,-24.4,0,24.4,43.92,195.2,131.76,73.2,-131.76,-82.96
29.28,39.04,9.76,-34.16,9.76,24.4,43.92,204.96,131.76,78.08,-126.88,-82.96
58.56,48.8,-9.76,-53.68,34.16,19.52,43.92,209.84,141.52,87.84,-117.12,-78.08
82.96,48.8,-34.16,-63.44,58.56,4.88,29.28,209.84,146.4,87.84,-122,-82.96
107.36,58.56,-48.8,-82.96,78.08,4.88,24.4,224.48,156.16,97.6,-122,-87.84
48.8,58.56,9.76,-53.68,19.52,34.16,48.8,263.52,195.2,141.52,-87.84,-63.44
4.88,53.68,48.8,-29.28,-24.4,48.8,58.56,292.8,224.48,165.92,-63.44,-43.92
29.28,68.32,39.04,-48.8,-4.88,53.68,43.92,292.8,229.36,170.8,-68.32,-53.68
58.56,73.2,14.64,-63.44,19.52,43.92,39.04,297.68,234.24,180.56,-68.32,-58.56
29.28,73.2,43.92,-48.8,-9.76,58.56,53.68,322.08,253.76,195.2,-58.56,-43.92
24.4,73.2,48.8,-48.8,-14.64,58.56,53.68,326.96,263.52,204.96,-53.68,-43.92
39.04,63.44,24.4,-48.8,4.88,43.92,48.8,331.84,258.64,209.84,-58.56,-48.8
34.16,73.2,39.04,-53.68,-4.88,53.68,48.8,351.36,273.28,224.48,-43.92,-39.04
92.72,82.96,-9.76,-87.84,48.8,34.16,39.04,351.36,278.16,224.48,-48.8,-43.92
82.96,92.72,9.76,-87.84,34.16,48.8,29.28,375.76,297.68,248.88,-39.04,-43.92
87.84,102.48,14.64,-92.72,34.16,58.56,34.16,395.28,317.2,273.28,-29.28,-34.16
82.96,107.36,24.4,-92.72,29.28,63.44,34.16,414.8,336.72,287.92,-9.76,-29.28
68.32,107.36,39.04,-87.84,14.64,73.2,34.16,424.56,361.12,312.32,0,-19.52
68.32,122,53.68,-92.72,4.88,87.84,39.04,448.96,380.64,336.72,9.76,-9.76
78.08,122,43.92,-97.6,14.64,82.96,48.8,463.6,395.28,346.48,19.52,-9.76
141.52,122,-19.52,-131.76,78.08,48.8,24.4,453.84,380.64,336.72,0,-34.16
156.16,126.88,-29.28,-141.52,92.72,48.8,24.4,463.6,390.4,356.24,9.76,-29.28
122,126.88,4.88,-122,58.56,63.44,29.28,483.12,409.92,370.88,19.52,-19.52
112.24,131.76,19.52,-122,43.92,73.2,43.92,507.52,439.2,400.16,34.16,4.88
200.08,131.76,-68.32,-165.92,131.76,29.28,9.76,502.64,419.68,390.4,19.52,-24.4
185.44,136.64,-48.8,-161.04,117.12,43.92,4.88,522.16,439.2,409.92,24.4,-14.64
102.48,146.4,43.92,-122,29.28,92.72,34.16,561.2,488,458.72,68.32,9.76
68.32,141.52,73.2,-102.48,-4.88,107.36,48.8,580.72,507.52,483.12,82.96,24.4
117.12,156.16,39.04,-136.64,39.04,97.6,39.04,580.72,512.4,488,82.96,14.64
131.76,165.92,34.16,-146.4,48.8,97.6,43.92,590.48,527.04,502.64,82.96,19.52
136.64,165.92,29.28,-151.28,53.68,97.6,39.04,600.24,531.92,507.52,82.96,24.4
175.68,170.8,-4.88,-170.8,87.84,82.96,34.16,600.24,527.04,512.4,78.08,9.76
165.92,151.28,-14.64,-156.16,87.84,68.32,34.16,610,531.92,507.52,82.96,9.76
151.28,156.16,4.88,-151.28,73.2,78.08,39.04,624.64,551.44,527.04,97.6,14.64
136.64,175.68,39.04,-156.16,48.8,107.36,53.68,663.68,585.6,561.2,117.12,29.28
141.52,175.68,34.16,-156.16,53.68,102.48,48.8,663.68,585.6,566.08,112.24,24.4
156.16,175.68,19.52,-165.92,68.32,97.6,43.92,663.68,590.48,570.96,117.12,14.64
156.16,175.68,19.52,-165.92,68.32,97.6,39.04,673.44,610,580.72,122,14.64
204.96,195.2,-9.76,-200.08,107.36,92.72,34.16,678.32,610,585.6,117.12,9.76
229.36,200.08,-29.28,-214.72,126.88,82.96,39.04,678.32,610,585.6,117.12,9.76
209.84,190.32,-19.52,-200.08,112.24,82.96,39.04,663.68,610,585.6,117.12,0
219.6,185.44,-34.16,-200.08,126.88,73.2,34.16,658.8,595.36,575.84,107.36,-4.88
185.44,200.08,14.64,-190.32,82.96,107.36,58.56,678.32,619.76,595.36,126.88,14.64
126.88,185.44,58.56,-156.16,34.16,122,78.08,692.96,634.4,605.12,146.4,34.16
156.16,190.32,34.16,-170.8,58.56,112.24,73.2,678.32,619.76,595.36,136.64,19.52
170.8,195.2,24.4,-180.56,73.2,107.36,63.44,663.68,605.12,575.84,122,0
170.8,190.32,19.52,-180.56,73.2,102.48,53.68,639.28,590.48,561.2,117.12,-9.76
165.92,195.2,29.28,-180.56,68.32,112.24,58.56,624.64,580.72,556.32,107.36,-19.52
175.68,200.08,24.4,-185.44,73.2,112.24,63.44,610,570.96,546.56,97.6,-24.4
170.8,200.08,29.28,-185.44,68.32,112.24,68.32,590.48,556.32,527.04,92.72,-24.4
170.8,190.32,19.52,-180.56,73.2,102.48,73.2,570.96,551.44,522.16,87.84,-39.04
117.12,185.44,68.32,-151.28,24.4,126.88,87.84,566.08,541.68,512.4,87.84,-29.28
102.48,185.44,82.96,-141.52,9.76,131.76,97.6,546.56,522.16,492.88,78.08,-43.92
126.88,165.92,39.04,-146.4,43.92,102.48,92.72,512.4,492.88,463.6,53.68,-58.56
48.8,146.4,97.6,-97.6,-24.4,122,107.36,502.64,488,453.84,58.56,-63.44
14.64,151.28,136.64,-82.96,-63.44,141.52,126.88,502.64,488,444.08,63.44,-58.56
24.4,146.4,122,-82.96,-48.8,131.76,131.76,473.36,463.6,419.68,43.92,-73.2
48.8,141.52,92.72,-92.72,-24.4,117.12,117.12,429.44,419.68,375.76,0,-107.36
34.16,141.52,107.36,-87.84,-39.04,122,107.36,400.16,400.16,346.48,-29.28,-122
0,126.88,126.88,-63.44,-63.44,126.88,112.24,380.64,380.64,322.08,-39.04,-136.64
0,117.12,117.12,-58.56,-58.56,117.12,117.12,356.24,356.24,302.56,-53.68,-146.4
14.64,117.12,102.48,-63.44,-43.92,107.36,107.36,322.08,331.84,268.4,-78.08,-165.92
63.44,117.12,53.68,-87.84,4.88,82.96,87.84,278.16,283.04,219.6,-112.24,-195.2
19.52,117.12,97.6,-68.32,-39.04,107.36,112.24,278.16,287.92,219.6,-107.36,-190.32
-14.64,102.48,117.12,-43.92,-68.32,107.36,117.12,263.52,283.04,219.6,-107.36,-190.32
-9.76,92.72,102.48,-39.04,-58.56,97.6,102.48,244,253.76,185.44,-122,-204.96
19.52,92.72,73.2,-53.68,-29.28,82.96,87.84,209.84,224.48,156.16,-146.4,-234.24
34.16,82.96,48.8,-58.56,-9.76,63.44,73.2,185.44,195.2,131.76,-165.92,-253.76
-9.76,87.84,97.6,-39.04,-53.68,92.72,82.96,180.56,195.2,131.76,-165.92,-253.76
4.88,78.08,73.2,-39.04,-34.16,73.2,78.08,151.28,165.92,102.48,-170.8,-263.52
-14.64,58.56,73.2,-19.52,-43.92,63.44,73.2,136.64,151.28,92.72,-175.68,-273.28
-29.28,58.56,87.84,-14.64,-58.56,73.2,78.08,126.88,136.64,78.08,-185.44,-273.28
4.88,43.92,39.04,-24.4,-19.52,39.04,63.44,97.6,112.24,53.68,-209.84,-292.8
-34.16,34.16,68.32,0,-53.68,48.8,73.2,97.6,117.12,48.8,-214.72,-302.56
-102.48,34.16,136.64,34.16,-122,82.96,92.72,112.24,131.76,68.32,-195.2,-278.16
-73.2,29.28,102.48,24.4,-87.84,63.44,78.08,97.6,112.24,43.92,-214.72,-307.44
-53.68,43.92,97.6,4.88,-78.08,68.32,78.08,87.84,112.24,43.92,-204.96,-307.44
0,48.8,48.8,-24.4,-24.4,48.8,68.32,73.2,87.84,34.16,-219.6,-326.96
-39.04,48.8,87.84,-4.88,-63.44,68.32,63.44,63.44,82.96,24.4,-224.48,-326.96
-78.08,43.92,122,19.52,-102.48,82.96,78.08,63.44,82.96,29.28,-214.72,-317.2
-63.44,19.52,82.96,24.4,-73.2,48.8,68.32,39.04,58.56,0,-239.12,-341.6
-73.2,19.52,92.72,29.28,-82.96,53.68,68.32,24.4,43.92,-14.64,-253.76,-346.48
-53.68,34.16,87.84,9.76,-73.2,58.56,68.32,19.52,39.04,-29.28,-263.52,-361.12
-63.44,29.28,92.72,19.52,-78.08,58.56,78.08,24.4,43.92,-29.28,-258.64,-361.12
-53.68,29.28,82.96,14.64,-68.32,53.68,78.08,34.16,48.8,-24.4,-263.52,-366
-34.16,14.64,48.8,9.76,-43.92,29.28,68.32,19.52,39.04,-29.28,-278.16,-375.76
-24.4,14.64,39.04,4.88,-34.16,24.4,58.56,9.76,34.16,-39.04,-283.04,-390.4
-53.68,24.4,78.08,14.64,-68.32,48.8,68.32,19.52,43.92,-24.4,-268.4,-375.76
-82.96,29.28,112.24,29.28,-97.6,68.32,73.2,19.52,48.8,-14.64,-263.52,-375.76
-24.4,29.28,53.68,0,-39.04,39.04,53.68,-4.88,29.28,-39.04,-278.16,-400.16
0,19.52,19.52,-9.76,-9.76,19.52,43.92,-14.64,19.52,-48.8,-283.04,-409.92
-34.16,14.64,48.8,9.76,-43.92,29.28,48.8,-14.64,9.76,-53.68,-287.92,-409.92
-63.44,19.52,82.96,24.4,-73.2,48.8,63.44,0,24.4,-43.92,-278.16,-395.28
-78.08,14.64,92.72,34.16,-87.84,53.68,73.2,0,34.16,-34.16,-268.4,-395.28
-87.84,9.76,97.6,39.04,-92.72,53.68,73.2,9.76,39.04,-34.16,-263.52,-395.28
-53.68,19.52,73.2,19.52,-63.44,43.92,63.44,0,34.16,-34.16,-273.28,-405.04
-58.56,14.64,73.2,24.4,-68.32,43.92,58.56,0,34.16,-39.04,-278.16,-414.8
-78.08,9.76,87.84,34.16,-82.96,48.8,63.44,4.88,39.04,-34.16,-268.4,-409.92
-82.96,29.28,112.24,29.28,-97.6,68.32,68.32,4.88,43.92,-29.28,-268.4,-409.92
-82.96,24.4,107.36,29.28,-97.6,63.44,68.32,-4.88,39.04,-29.28,-263.52,-409.92
-87.84,14.64,102.48,39.04,-97.6,58.56,68.32,-4.88,39.04,-34.16,-268.4,-414.8
-82.96,14.64,97.6,34.16,-92.72,53.68,63.44,-4.88,29.28,-39.04,-287.92,-424.56
-63.44,14.64,78.08,24.4,-73.2,43.92,48.8,-24.4,9.76,-63.44,-302.56,-448.96
-87.84,4.88,92.72,43.92,-92.72,48.8,68.32,-9.76,24.4,-43.92,-287.92,-439.2
-102.48,4.88,107.36,48.8,-107.36,53.68,63.44,-4.88,29.28,-39.04,-287.92,-439.2
-78.08,9.76,87.84,34.16,-82.96,48.8,53.68,-14.64,19.52,-48.8,-297.68,-448.96
-34.16,14.64,48.8,9.76,-43.92,29.28,43.92,-24.4,14.64,-58.56,-302.56,-458.72
-92.72,4.88,97.6,43.92,-97.6,48.8,58.56,-9.76,29.28,-39.04,-283.04,-448.96
-141.52,14.64,156.16,63.44,-151.28,82.96,73.2,0,43.92,-34.16,-278.16,-439.2
-126.88,29.28,156.16,48.8,-141.52,92.72,78.08,0,48.8,-24.4,-273.28,-439.2
-92.72,43.92,136.64,24.4,-117.12,87.84,68.32,-4.88,43.92,-39.04,-287.92,-444.08
-29.28,29.28,58.56,0,-43.92,43.92,43.92,-34.16,9.76,-63.44,-317.2,-473.36
-82.96,14.64,97.6,34.16,-92.72,53.68,53.68,-19.52,19.52,-58.56,-312.32,-463.6
-73.2,14.64,87.84,29.28,-82.96,48.8,53.68,-24.4,19.52,-63.44,-307.44,-468.48
-43.92,14.64,58.56,14.64,-53.68,34.16,43.92,-29.28,9.76,-73.2,-317.2,-478.24
-29.28,29.28,58.56,0,-43.92,43.92,39.04,-29.28,9.76,-63.44,-307.44,-483.12
-87.84,43.92,131.76,24.4,-112.24,87.84,63.44,0,48.8,-34.16,-273.28,-448.96
-107.36,34.16,141.52,39.04,-126.88,87.84,68.32,0,53.68,-19.52,-263.52,-448.96
-117.12,39.04,156.16,39.04,-136.64,97.6,63.44,0,53.68,-24.4,-273.28,-463.6
-112.24,43.92,156.16,34.16,-136.64,97.6,68.32,0,58.56,-14.64,-268.4,-463.6
-92.72,34.16,126.88,29.28,-112.24,78.08,68.32,-14.64,48.8,-29.28,-278.16,-468.48
-68.32,39.04,107.36,14.64,-87.84,73.2,63.44,-19.52,34.16,-39.04,-287.92,-478.24
-78.08,43.92,122,19.52,-102.48,82.96,63.44,-19.52,34.16,-43.92,-292.8,-478.24
-117.12,34.16,151.28,43.92,-136.64,92.72,82.96,0,48.8,-24.4,-278.16,-478.24
-112.24,34.16,146.4,39.04,-131.76,87.84,78.08,0,43.92,-34.16,-283.04,-483.12
-73.2,24.4,97.6,24.4,-87.84,58.56,58.56,-24.4,24.4,-48.8,-302.56,-507.52
-82.96,9.76,92.72,39.04,-87.84,48.8,48.8,-29.28,29.28,-48.8,-302.56,-502.64
-97.6,4.88,102.48,48.8,-102.48,53.68,53.68,-29.28,29.28,-43.92,-302.56,-492.88
-73.2,4.88,78.08,34.16,-78.08,39.04,39.04,-43.92,19.52,-58.56,-307.44,-507.52
-82.96,4.88,87.84,39.04,-87.84,43.92,29.28,-48.8,14.64,-58.56,-297.68,-512.4
-136.64,4.88,141.52,68.32,-141.52,73.2,58.56,-19.52,43.92,-24.4,-268.4,-478.24
-68.32,48.8,117.12,9.76,-92.72,82.96,58.56,-19.52,39.04,-24.4,-273.28,-473.36
-82.96,68.32,151.28,9.76,-117.12,107.36,78.08,0,63.44,-9.76,-248.88,-458.72
-112.24,43.92,156.16,34.16,-136.64,97.6,78.08,-9.76,58.56,-9.76,-239.12,-458.72
-107.36,24.4,131.76,43.92,-122,78.08,63.44,-19.52,43.92,-24.4,-258.64,-478.24
-117.12,24.4,141.52,48.8,-131.76,82.96,63.44,-14.64,43.92,-24.4,-258.64,-483.12
-126.88,24.4,151.28,53.68,-141.52,87.84,73.2,-14.64,48.8,-29.28,-268.4,-483.12
-73.2,34.16,107.36,19.52,-92.72,68.32,53.68,-34.16,29.28,-48.8,-297.68,-517.28
-43.92,34.16,78.08,4.88,-63.44,53.68,34.16,-43.92,19.52,-58.56,-326.96,-546.56
14.64,39.04,24.4,-24.4,-4.88,29.28,9.76,-73.2,-9.76,-87.84,-356.24,-585.6
19.52,29.28,9.76,-24.4,4.88,19.52,9.76,-78.08,-14.64,-92.72,-361.12,-585.6
-53.68,34.16,87.84,9.76,-73.2,58.56,24.4,-58.56,0,-68.32,-341.6,-566.08
-112.24,24.4,136.64,43.92,-126.88,78.08,53.68,-34.16,29.28,-43.92,-302.56,-536.8
-131.76,29.28,161.04,53.68,-146.4,92.72,68.32,-14.64,48.8,-19.52,-273.28,-522.16
-87.84,39.04,126.88,24.4,-107.36,82.96,53.68,-19.52,39.04,-24.4,-283.04,-531.92
-53.68,53.68,107.36,0,-82.96,78.08,43.92,-29.28,34.16,-24.4,-278.16,-531.92
-156.16,29.28,185.44,63.44,-170.8,107.36,73.2,-19.52,58.56,-9.76,-253.76,-512.4
-190.32,19.52,209.84,87.84,-200.08,112.24,73.2,-19.52,53.68,-9.76,-253.76,-507.52
-126.88,24.4,151.28,53.68,-141.52,87.84,43.92,-43.92,34.16,-29.28,-278.16,-541.68
-151.28,24.4,175.68,63.44,-165.92,97.6,58.56,-29.28,43.92,-19.52,-273.28,-517.28
-102.48,39.04,141.52,34.16,-122,87.84,43.92,-48.8,19.52,-43.92,-283.04,-531.92
-92.72,48.8,141.52,24.4,-117.12,92.72,43.92,-48.8,19.52,-39.04,-273.28,-531.92
-161.04,43.92,204.96,58.56,-185.44,122,63.44,-34.16,43.92,-19.52,-263.52,-522.16
-234.24,34.16,268.4,102.48,-253.76,151.28,92.72,-14.64,58.56,0,-248.88,-517.28
-214.72,29.28,244,92.72,-229.36,136.64,78.08,-24.4,53.68,-9.76,-258.64,-522.16
-126.88,29.28,156.16,48.8,-141.52,92.72,39.04,-53.68,14.64,-53.68,-302.56,-570.96
-117.12,29.28,146.4,43.92,-131.76,87.84,48.8,-63.44,19.52,-53.68,-322.08,-575.84
-112.24,39.04,151.28,39.04,-131.76,92.72,43.92,-73.2,9.76,-63.44,-326.96,-590.48
-92.72,39.04,131.76,29.28,-112.24,82.96,24.4,-82.96,0,-73.2,-331.84,-595.36
-112.24,43.92,156.16,34.16,-136.64,97.6,39.04,-82.96,9.76,-63.44,-312.32,-580.72
-112.24,39.04,151.28,39.04,-131.76,92.72,43.92,-78.08,9.76,-63.44,-307.44,-585.6
-126.88,43.92,170.8,43.92,-151.28,107.36,39.04,-78.08,0,-63.44,-322.08,-600.24
-122,39.04,161.04,43.92,-141.52,97.6,39.04,-78.08,4.88,-63.44,-326.96,-605.12
-112.24,34.16,146.4,39.04,-131.76,87.84,43.92,-82.96,4.88,-63.44,-317.2,-605.12
-131.76,34.16,165.92,48.8,-151.28,97.6,48.8,-73.2,19.52,-48.8,-302.56,-595.36
-151.28,34.16,185.44,58.56,-170.8,107.36,48.8,-63.44,19.52,-48.8,-302.56,-590.48
-126.88,24.4,151.28,53.68,-141.52,87.84,39.04,-78.08,9.76,-63.44,-312.32,-600.24
-97.6,14.64,112.24,43.92,-107.36,63.44,19.52,-102.48,-9.76,-78.08,-336.72,-619.76
-107.36,9.76,117.12,48.8,-112.24,63.44,9.76,-102.48,-9.76,-78.08,-331.84,-619.76
-136.64,29.28,165.92,53.68,-151.28,97.6,34.16,-82.96,9.76,-53.68,-307.44,-595.36
-156.16,24.4,180.56,68.32,-170.8,102.48,48.8,-82.96,19.52,-43.92,-302.56,-590.48
-146.4,29.28,175.68,58.56,-161.04,102.48,39.04,-92.72,4.88,-58.56,-312.32,-600.24
-122,19.52,141.52,53.68,-131.76,78.08,34.16,-102.48,0,-68.32,-317.2,-610
-146.4,9.76,156.16,68.32,-151.28,82.96,39.04,-97.6,-4.88,-73.2,-317.2,-610
-170.8,4.88,175.68,82.96,-175.68,87.84,48.8,-87.84,4.88,-63.44,-307.44,-605.12
-165.92,24.4,190.32,73.2,-180.56,107.36,48.8,-78.08,9.76,-58.56,-302.56,-600.24
-170.8,14.64,185.44,78.08,-180.56,97.6,48.8,-82.96,9.76,-63.44,-297.68,-605.12
-146.4,19.52,165.92,63.44,-156.16,92.72,39.04,-97.6,4.88,-63.44,-307.44,-605.12
-122,24.4,146.4,48.8,-136.64,82.96,34.16,-102.48,0,-68.32,-317.2,-624.64
-151.28,19.52,170.8,68.32,-161.04,92.72,34.16,-102.48,0,-68.32,-317.2,-624.64
-156.16,0,156.16,78.08,-156.16,78.08,34.16,-107.36,-4.88,-73.2,-317.2,-629.52
-165.92,0,165.92,82.96,-165.92,82.96,24.4,-112.24,-19.52,-82.96,-326.96,-639.28
-126.88,14.64,141.52,58.56,-136.64,78.08,24.4,-117.12,-24.4,-92.72,-326.96,-639.28
-92.72,19.52,112.24,39.04,-102.48,63.44,14.64,-131.76,-34.16,-102.48,-341.6,-644.16
-58.56,14.64,73.2,24.4,-68.32,43.92,4.88,-136.64,-48.8,-112.24,-341.6,-653.92
-126.88,0,126.88,63.44,-126.88,63.44,29.28,-117.12,-24.4,-82.96,-326.96,-639.28
-239.12,-9.76,229.36,126.88,-234.24,107.36,58.56,-92.72,9.76,-53.68,-297.68,-610
-244,4.88,248.88,122,-248.88,126.88,68.32,-73.2,24.4,-34.16,-273.28,-585.6
-170.8,29.28,200.08,73.2,-185.44,112.24,48.8,-87.84,14.64,-39.04,-278.16,-600.24
-151.28,29.28,180.56,63.44,-165.92,102.48,43.92,-92.72,9.76,-43.92,-283.04,-595.36
-165.92,29.28,195.2,68.32,-180.56,112.24,43.92,-92.72,4.88,-53.68,-283.04,-610
-131.76,29.28,161.04,53.68,-146.4,92.72,29.28,-117.12,-9.76,-68.32,-307.44,-624.64
-68.32,14.64,82.96,29.28,-78.08,48.8,4.88,-136.64,-34.16,-97.6,-326.96,-653.92
-102.48,9.76,112.24,48.8,-107.36,58.56,14.64,-131.76,-29.28,-92.72,-312.32,-639.28
-180.56,-9.76,170.8,97.6,-175.68,78.08,19.52,-122,-24.4,-87.84,-322.08,-634.4
-229.36,-4.88,224.48,117.12,-229.36,107.36,34.16,-112.24,-9.76,-73.2,-322.08,-634.4
-224.48,0,224.48,112.24,-224.48,112.24,48.8,-107.36,4.88,-68.32,-317.2,-629.52
-200.08,14.64,214.72,92.72,-209.84,112.24,43.92,-102.48,4.88,-53.68,-307.44,-629.52
-175.68,29.28,204.96,73.2,-190.32,117.12,39.04,-97.6,9.76,-53.68,-302.56,-629.52
-185.44,19.52,204.96,82.96,-195.2,112.24,34.16,-112.24,0,-63.44,-307.44,-634.4
-156.16,14.64,170.8,73.2,-165.92,92.72,29.28,-117.12,-9.76,-73.2,-317.2,-629.52
-126.88,34.16,161.04,48.8,-146.4,97.6,24.4,-131.76,-19.52,-78.08,-326.96,-649.04
-156.16,19.52,175.68,68.32,-165.92,97.6,29.28,-122,-9.76,-63.44,-322.08,-649.04
-151.28,4.88,156.16,73.2,-156.16,78.08,24.4,-126.88,-19.52,-73.2,-322.08,-644.16
-190.32,-9.76,180.56,102.48,-185.44,82.96,24.4,-126.88,-24.4,-87.84,-331.84,-644.16
-219.6,-19.52,200.08,122,-209.84,87.84,19.52,-136.64,-29.28,-97.6,-336.72,-644.16
-248.88,-14.64,234.24,131.76,-244,107.36,29.28,-126.88,-9.76,-78.08,-307.44,-629.52
-239.12,-9.76,229.36,126.88,-234.24,107.36,29.28,-131.76,-14.64,-82.96,-302.56,-619.76
-195.2,4.88,200.08,97.6,-200.08,102.48,19.52,-146.4,-24.4,-102.48,-322.08,-634.4
-141.52,43.92,185.44,48.8,-165.92,112.24,24.4,-136.64,-24.4,-92.72,-326.96,-644.16
-175.68,48.8,224.48,63.44,-200.08,136.64,43.92,-122,-9.76,-78.08,-302.56,-624.64
-214.72,29.28,244,92.72,-229.36,136.64,39.04,-131.76,-14.64,-92.72,-317.2,-634.4
-248.88,19.52,268.4,117.12,-258.64,141.52,48.8,-122,-4.88,-82.96,-317.2,-629.52
-239.12,19.52,258.64,112.24,-248.88,136.64,53.68,-117.12,-4.88,-82.96,-326.96,-634.4
-239.12,14.64,253.76,112.24,-248.88,131.76,48.8,-112.24,-9.76,-87.84,-336.72,-653.92
-253.76,4.88,258.64,126.88,-258.64,131.76,39.04,-117.12,-9.76,-92.72,-346.48,-663.68
-170.8,0,170.8,87.84,-170.8,82.96,9.76,-146.4,-39.04,-117.12,-370.88,-692.96
-146.4,9.76,156.16,68.32,-151.28,82.96,9.76,-141.52,-39.04,-112.24,-375.76,-688.08
-195.2,4.88,200.08,97.6,-200.08,102.48,9.76,-136.64,-29.28,-107.36,-366,-688.08
-170.8,14.64,185.44,78.08,-180.56,97.6,9.76,-141.52,-39.04,-107.36,-361.12,-678.32
-131.76,14.64,146.4,58.56,-141.52,78.08,4.88,-151.28,-48.8,-117.12,-370.88,-683.2
-165.92,9.76,175.68,78.08,-170.8,92.72,19.52,-136.64,-34.16,-107.36,-346.48,-668.56
-190.32,19.52,209.84,87.84,-200.08,112.24,34.16,-117.12,-19.52,-92.72,-331.84,-649.04
-239.12,9.76,248.88,117.12,-244,126.88,43.92,-107.36,-4.88,-78.08,-317.2,-634.4
-190.32,4.88,195.2,92.72,-195.2,97.6,29.28,-122,-24.4,-97.6,-341.6,-644.16
-151.28,19.52,170.8,68.32,-161.04,92.72,19.52,-131.76,-29.28,-107.36,-336.72,-649.04
-195.2,14.64,209.84,92.72,-204.96,112.24,39.04,-112.24,-9.76,-78.08,-317.2,-634.4
-190.32,19.52,209.84,87.84,-200.08,112.24,29.28,-112.24,-14.64,-82.96,-317.2,-634.4
-112.24,29.28,141.52,43.92,-126.88,82.96,14.64,-126.88,-34.16,-97.6,-336.72,-653.92
-19.52,14.64,34.16,4.88,-29.28,24.4,-29.28,-180.56,-73.2,-136.64,-366,-697.84
-78.08,-9.76,68.32,43.92,-73.2,29.28,-19.52,-170.8,-73.2,-136.64,-361.12,-688.08
-214.72,-4.88,209.84,112.24,-214.72,102.48,14.64,-136.64,-48.8,-102.48,-326.96,-649.04
-239.12,4.88,244,117.12,-244,122,19.52,-117.12,-34.16,-87.84,-307.44,-629.52
-214.72,14.64,229.36,102.48,-224.48,122,24.4,-107.36,-24.4,-73.2,-283.04,-610
-122,9.76,131.76,58.56,-126.88,68.32,-4.88,-141.52,-58.56,-117.12,-317.2,-634.4
-102.48,19.52,122,43.92,-112.24,68.32,-19.52,-156.16,-73.2,-131.76,-331.84,-649.04
-73.2,19.52,92.72,29.28,-82.96,53.68,-29.28,-156.16,-68.32,-126.88,-336.72,-658.8
-117.12,24.4,141.52,48.8,-131.76,82.96,-9.76,-131.76,-53.68,-112.24,-317.2,-649.04
-175.68,24.4,200.08,78.08,-190.32,112.24,4.88,-112.24,-34.16,-87.84,-302.56,-639.28
-244,4.88,248.88,122,-248.88,126.88,29.28,-92.72,-14.64,-68.32,-283.04,-619.76
-283.04,4.88,287.92,141.52,-287.92,146.4,43.92,-78.08,-9.76,-63.44,-278.16,-610
-258.64,14.64,273.28,122,-268.4,141.52,34.16,-82.96,-14.64,-82.96,-297.68,-614.88
-229.36,34.16,263.52,97.6,-248.88,146.4,39.04,-82.96,-14.64,-82.96,-297.68,-610
-185.44,24.4,209.84,82.96,-200.08,117.12,19.52,-92.72,-24.4,-92.72,-307.44,-624.64
-200.08,0,200.08,102.48,-200.08,97.6,14.64,-97.6,-29.28,-97.6,-312.32,-634.4
-214.72,-4.88,209.84,112.24,-214.72,102.48,9.76,-97.6,-29.28,-97.6,-302.56,-634.4
-204.96,4.88,209.84,102.48,-209.84,107.36,19.52,-87.84,-14.64,-73.2,-278.16,-619.76
-229.36,29.28,258.64,102.48,-244,141.52,39.04,-78.08,0,-53.68,-248.88,-590.48
-209.84,39.04,248.88,87.84,-229.36,141.52,29.28,-82.96,-4.88,-63.44,-248.88,-595.36
-170.8,19.52,190.32,78.08,-180.56,102.48,4.88,-112.24,-34.16,-87.84,-263.52,-614.88
-195.2,14.64,209.84,92.72,-204.96,112.24,4.88,-107.36,-39.04,-97.6,-278.16,-610
-180.56,24.4,204.96,78.08,-195.2,112.24,4.88,-112.24,-43.92,-117.12,-297.68,-624.64
-151.28,14.64,165.92,68.32,-161.04,87.84,0,-122,-53.68,-126.88,-317.2,-653.92
-170.8,0,170.8,87.84,-170.8,82.96,-4.88,-126.88,-58.56,-131.76,-322.08,-653.92
-175.68,-4.88,170.8,92.72,-175.68,82.96,-9.76,-126.88,-63.44,-131.76,-322.08,-649.04
-107.36,-4.88,102.48,58.56,-107.36,48.8,-34.16,-141.52,-78.08,-156.16,-336.72,-668.56
-122,-4.88,117.12,63.44,-122,53.68,-19.52,-136.64,-68.32,-136.64,-326.96,-653.92
-131.76,9.76,141.52,63.44,-136.64,73.2,-4.88,-122,-53.68,-117.12,-302.56,-634.4
-78.08,9.76,87.84,34.16,-82.96,48.8,-24.4,-136.64,-73.2,-131.76,-317.2,-649.04
-43.92,19.52,63.44,14.64,-53.68,39.04,-34.16,-141.52,-78.08,-141.52,-317.2,-649.04
-14.64,34.16,48.8,-9.76,-34.16,39.04,-39.04,-141.52,-78.08,-136.64,-312.32,-653.92
-102.48,9.76,112.24,48.8,-107.36,58.56,-14.64,-122,-58.56,-126.88,-283.04,-624.64
-170.8,9.76,180.56,82.96,-175.68,92.72,4.88,-102.48,-39.04,-107.36,-258.64,-595.36
-229.36,4.88,234.24,112.24,-234.24,117.12,29.28,-82.96,-24.4,-92.72,-234.24,-570.96
-239.12,4.88,244,117.12,-244,122,29.28,-78.08,-24.4,-87.84,-229.36,-566.08
-214.72,14.64,229.36,102.48,-224.48,122,29.28,-78.08,-19.52,-92.72,-229.36,-566.08
-180.56,4.88,185.44,87.84,-185.44,92.72,9.76,-97.6,-39.04,-107.36,-248.88,-580.72
-117.12,4.88,122,58.56,-122,63.44,-14.64,-117.12,-53.68,-126.88,-268.4,-595.36
-14.64,9.76,24.4,4.88,-19.52,14.64,-53.68,-151.28,-97.6,-161.04,-297.68,-639.28
63.44,9.76,-53.68,-34.16,58.56,-24.4,-82.96,-180.56,-117.12,-185.44,-317.2,-653.92
68.32,14.64,-53.68,-39.04,58.56,-19.52,-78.08,-175.68,-112.24,-165.92,-297.68,-649.04
-141.52,0,141.52,73.2,-141.52,68.32,-9.76,-112.24,-48.8,-97.6,-209.84,-566.08
-219.6,-14.64,204.96,117.12,-214.72,92.72,4.88,-97.6,-34.16,-73.2,-170.8,-527.04
-214.72,-19.52,195.2,117.12,-204.96,87.84,4.88,-87.84,-24.4,-58.56,-146.4,-512.4
-248.88,-19.52,229.36,136.64,-239.12,102.48,14.64,-68.32,-9.76,-39.04,-126.88,-488
-180.56,4.88,185.44,87.84,-185.44,92.72,4.88,-82.96,-29.28,-73.2,-151.28,-507.52
-180.56,9.76,190.32,87.84,-185.44,97.6,4.88,-87.84,-39.04,-87.84,-180.56,-522.16
-204.96,4.88,209.84,102.48,-209.84,107.36,9.76,-97.6,-43.92,-107.36,-224.48,-556.32
-175.68,9.76,185.44,82.96,-180.56,97.6,4.88,-97.6,-48.8,-112.24,-248.88,-585.6
-156.16,24.4,180.56,68.32,-170.8,102.48,0,-102.48,-53.68,-122,-258.64,-585.6
-126.88,14.64,141.52,58.56,-136.64,78.08,-9.76,-117.12,-78.08,-156.16,-297.68,-605.12
-97.6,14.64,112.24,43.92,-107.36,63.44,-29.28,-136.64,-102.48,-185.44,-331.84,-624.64
-131.76,9.76,141.52,63.44,-136.64,73.2,-14.64,-126.88,-82.96,-161.04,-297.68,-605.12
-131.76,0,131.76,68.32,-131.76,63.44,-14.64,-126.88,-87.84,-161.04,-292.8,-619.76
-58.56,-24.4,34.16,43.92,-48.8,4.88,-58.56,-165.92,-126.88,-200.08,-312.32,-639.28
-78.08,-4.88,73.2,43.92,-78.08,34.16,-43.92,-141.52,-112.24,-175.68,-287.92,-600.24
-82.96,9.76,92.72,39.04,-87.84,48.8,-34.16,-131.76,-92.72,-156.16,-258.64,-580.72
-87.84,-14.64,73.2,53.68,-82.96,29.28,-43.92,-146.4,-107.36,-161.04,-258.64,-590.48
19.52,-9.76,-29.28,-4.88,24.4,-19.52,-82.96,-185.44,-146.4,-204.96,-297.68,-624.64
39.04,9.76,-29.28,-24.4,34.16,-9.76,-78.08,-175.68,-136.64,-195.2,-302.56,-624.64
-200.08,19.52,219.6,92.72,-209.84,117.12,9.76,-87.84,-48.8,-102.48,-214.72,-536.8
-165.92,24.4,190.32,73.2,-180.56,107.36,0,-92.72,-48.8,-107.36,-219.6,-536.8
-156.16,9.76,165.92,73.2,-161.04,87.84,-9.76,-102.48,-63.44,-122,-234.24,-551.44
-170.8,9.76,180.56,82.96,-175.68,92.72,-4.88,-97.6,-58.56,-112.24,-224.48,-541.68
-87.84,19.52,107.36,34.16,-97.6,63.44,-24.4,-122,-78.08,-126.88,-234.24,-556.32
-141.52,14.64,156.16,63.44,-151.28,82.96,-4.88,-87.84,-53.68,-107.36,-204.96,-522.16
-122,4.88,126.88,58.56,-126.88,63.44,-19.52,-102.48,-68.32,-122,-229.36,-531.92
-78.08,-4.88,73.2,43.92,-78.08,34.16,-48.8,-122,-82.96,-136.64,-248.88,-546.56
-63.44,0,63.44,34.16,-63.44,29.28,-53.68,-117.12,-87.84,-136.64,-248.88,-551.44
-87.84,9.76,97.6,39.04,-92.72,53.68,-34.16,-112.24,-78.08,-126.88,-229.36,-541.68
-131.76,0,131.76,68.32,-131.76,63.44,-24.4,-112.24,-68.32,-117.12,-214.72,-527.04
-146.4,-14.64,131.76,82.96,-141.52,58.56,-29.28,-112.24,-73.2,-131.76,-209.84,-512.4
-63.44,9.76,73.2,29.28,-68.32,39.04,-48.8,-131.76,-97.6,-156.16,-229.36,-531.92
-29.28,14.64,43.92,9.76,-39.04,29.28,-53.68,-136.64,-102.48,-161.04,-229.36,-536.8
-34.16,9.76,43.92,14.64,-39.04,24.4,-53.68,-136.64,-107.36,-161.04,-229.36,-541.68
0,24.4,24.4,-9.76,-14.64,24.4,-53.68,-131.76,-102.48,-156.16,-229.36,-531.92
-43.92,19.52,63.44,14.64,-53.68,39.04,-43.92,-126.88,-92.72,-146.4,-219.6,-522.16
-24.4,4.88,29.28,9.76,-29.28,14.64,-53.68,-141.52,-102.48,-151.28,-224.48,-527.04
-39.04,-4.88,34.16,24.4,-39.04,14.64,-53.68,-141.52,-107.36,-151.28,-229.36,-527.04
-48.8,-4.88,43.92,29.28,-48.8,19.52,-63.44,-146.4,-112.24,-156.16,-224.48,-527.04
-24.4,9.76,34.16,9.76,-29.28,19.52,-58.56,-136.64,-102.48,-136.64,-204.96,-517.28
-9.76,24.4,34.16,-4.88,-24.4,29.28,-63.44,-141.52,-107.36,-136.64,-204.96,-512.4
-14.64,9.76,24.4,4.88,-19.52,14.64,-68.32,-141.52,-117.12,-156.16,-224.48,-536.8
-14.64,9.76,24.4,4.88,-19.52,14.64,-63.44,-126.88,-102.48,-156.16,-214.72,-531.92
-29.28,19.52,48.8,4.88,-39.04,34.16,-53.68,-122,-92.72,-141.52,-200.08,-517.28
-43.92,24.4,68.32,9.76,-58.56,43.92,-34.16,-117.12,-73.2,-117.12,-170.8,-492.88
0,14.64,14.64,-4.88,-9.76,14.64,-53.68,-146.4,-92.72,-126.88,-180.56,-502.64
14.64,0,-14.64,-4.88,14.64,-9.76,-68.32,-161.04,-107.36,-126.88,-180.56,-502.64
-9.76,0,9.76,4.88,-9.76,4.88,-73.2,-161.04,-112.24,-141.52,-180.56,-502.64
-87.84,-14.64,73.2,53.68,-82.96,29.28,-58.56,-146.4,-107.36,-136.64,-156.16,-473.36
-146.4,0,146.4,73.2,-146.4,73.2,-24.4,-102.48,-73.2,-92.72,-112.24,-434.32
-102.48,9.76,112.24,48.8,-107.36,58.56,-34.16,-112.24,-73.2,-97.6,-122,-453.84
-4.88,0,4.88,4.88,-4.88,0,-73.2,-156.16,-122,-161.04,-209.84,-522.16
53.68,-14.64,-68.32,-19.52,58.56,-43.92,-102.48,-195.2,-151.28,-180.56,-253.76,-570.96
29.28,-14.64,-43.92,-4.88,34.16,-29.28,-87.84,-185.44,-136.64,-165.92,-244,-561.2
9.76,-9.76,-19.52,0,14.64,-14.64,-78.08,-170.8,-131.76,-151.28,-209.84,-531.92
-107.36,-14.64,92.72,63.44,-102.48,39.04,-48.8,-141.52,-92.72,-112.24,-146.4,-483.12
-14.64,-29.28,-14.64,24.4,0,-24.4,-92.72,-185.44,-136.64,-141.52,-165.92,-507.52
87.84,-24.4,-112.24,-29.28,97.6,-68.32,-122,-209.84,-156.16,-165.92,-175.68,-522.16
73.2,-4.88,-78.08,-34.16,73.2,-43.92,-107.36,-190.32,-141.52,-146.4,-146.4,-497.76
-82.96,4.88,87.84,39.04,-87.84,43.92,-48.8,-136.64,-92.72,-92.72,-92.72,-434.32
-112.24,14.64,126.88,48.8,-122,68.32,-29.28,-131.76,-82.96,-97.6,-87.84,-424.56
-87.84,14.64,102.48,39.04,-97.6,58.56,-43.92,-151.28,-97.6,-131.76,-92.72,-434.32
-78.08,-9.76,68.32,43.92,-73.2,29.28,-58.56,-161.04,-112.24,-141.52,-107.36,-444.08
-43.92,-19.52,24.4,34.16,-34.16,0,-68.32,-190.32,-141.52,-161.04,-131.76,-468.48
-34.16,-4.88,29.28,19.52,-34.16,9.76,-73.2,-195.2,-141.52,-180.56,-156.16,-478.24
-9.76,0,9.76,4.88,-9.76,4.88,-78.08,-200.08,-151.28,-190.32,-180.56,-502.64
-4.88,-4.88,0,4.88,-4.88,-4.88,-82.96,-204.96,-156.16,-190.32,-209.84,-527.04
-29.28,-9.76,19.52,19.52,-24.4,4.88,-78.08,-200.08,-146.4,-180.56,-214.72,-541.68
-107.36,-4.88,102.48,58.56,-107.36,48.8,-53.68,-175.68,-122,-161.04,-190.32,-522.16
-73.2,-4.88,68.32,39.04,-73.2,29.28,-63.44,-185.44,-126.88,-161.04,-185.44,-507.52
-19.52,9.76,29.28,4.88,-24.4,19.52,-73.2,-195.2,-136.64,-175.68,-180.56,-497.76
97.6,19.52,-78.08,-58.56,87.84,-29.28,-102.48,-219.6,-165.92,-200.08,-200.08,-522.16
117.12,0,-117.12,-58.56,117.12,-58.56,-122,-239.12,-175.68,-204.96,-204.96,-522.16
19.52,-4.88,-24.4,-4.88,19.52,-14.64,-92.72,-224.48,-156.16,-185.44,-170.8,-492.88
-73.2,0,73.2,39.04,-73.2,34.16,-53.68,-190.32,-117.12,-146.4,-122,-448.96
-34.16,4.88,39.04,14.64,-39.04,19.52,-68.32,-195.2,-122,-141.52,-117.12,-444.08
-48.8,-4.88,43.92,29.28,-48.8,19.52,-68.32,-185.44,-117.12,-146.4,-112.24,-439.2
-87.84,-4.88,82.96,48.8,-87.84,39.04,-58.56,-180.56,-107.36,-141.52,-107.36,-429.44
19.52,-9.76,-29.28,-4.88,24.4,-19.52,-97.6,-219.6,-146.4,-175.68,-136.64,-468.48
102.48,-14.64,-117.12,-43.92,107.36,-68.32,-131.76,-253.76,-180.56,-200.08,-165.92,-502.64
53.68,-14.64,-68.32,-19.52,58.56,-43.92,-117.12,-244,-165.92,-190.32,-161.04,-483.12
9.76,19.52,9.76,-14.64,0,14.64,-87.84,-214.72,-136.64,-156.16,-117.12,-444.08
29.28,14.64,-14.64,-19.52,19.52,0,-92.72,-214.72,-141.52,-156.16,-112.24,-444.08
-4.88,9.76,14.64,0,-9.76,9.76,-82.96,-204.96,-126.88,-146.4,-97.6,-434.32
24.4,9.76,-14.64,-14.64,19.52,-4.88,-92.72,-214.72,-136.64,-156.16,-112.24,-439.2
87.84,9.76,-78.08,-48.8,82.96,-34.16,-117.12,-239.12,-156.16,-165.92,-122,-458.72
48.8,0,-48.8,-24.4,48.8,-24.4,-112.24,-229.36,-146.4,-156.16,-107.36,-439.2
14.64,0,-14.64,-4.88,14.64,-9.76,-102.48,-229.36,-141.52,-156.16,-102.48,-429.44
63.44,4.88,-58.56,-34.16,58.56,-29.28,-112.24,-244,-151.28,-156.16,-107.36,-434.32
-48.8,19.52,68.32,14.64,-58.56,43.92,-68.32,-204.96,-107.36,-112.24,-53.68,-390.4
-9.76,19.52,29.28,-4.88,-19.52,24.4,-82.96,-219.6,-122,-122,-63.44,-390.4
24.4,24.4,0,-24.4,9.76,9.76,-92.72,-229.36,-131.76,-136.64,-73.2,-405.04
48.8,14.64,-34.16,-29.28,39.04,-9.76,-97.6,-239.12,-131.76,-136.64,-78.08,-409.92
68.32,14.64,-53.68,-39.04,58.56,-19.52,-102.48,-239.12,-136.64,-146.4,-73.2,-409.92
24.4,48.8,24.4,-34.16,0,34.16,-63.44,-185.44,-92.72,-112.24,-39.04,-375.76
-19.52,73.2,92.72,-24.4,-58.56,82.96,-39.04,-165.92,-68.32,-82.96,-34.16,-370.88
-4.88,63.44,68.32,-29.28,-39.04,63.44,-48.8,-185.44,-78.08,-87.84,-53.68,-385.52
24.4,63.44,39.04,-43.92,-9.76,48.8,-53.68,-200.08,-82.96,-97.6,-43.92,-385.52
43.92,73.2,29.28,-58.56,4.88,48.8,-53.68,-204.96,-92.72,-92.72,-39.04,-385.52
73.2,73.2,0,-73.2,34.16,34.16,-58.56,-200.08,-97.6,-97.6,-39.04,-380.64
39.04,73.2,34.16,-53.68,0,53.68,-48.8,-200.08,-87.84,-87.84,-24.4,-375.76
-19.52,58.56,78.08,-19.52,-48.8,68.32,-24.4,-180.56,-78.08,-68.32,-9.76,-366
-4.88,53.68,58.56,-24.4,-34.16,53.68,-24.4,-175.68,-68.32,-53.68,-9.76,-370.88
48.8,53.68,4.88,-48.8,19.52,29.28,-24.4,-175.68,-58.56,-39.04,-9.76,-370.88
92.72,53.68,-39.04,-73.2,63.44,4.88,-43.92,-190.32,-68.32,-39.04,-14.64,-385.52
102.48,58.56,-43.92,-78.08,73.2,4.88,-53.68,-200.08,-78.08,-48.8,-14.64,-380.64
146.4,58.56,-87.84,-102.48,117.12,-14.64,-73.2,-224.48,-107.36,-78.08,-29.28,-390.4
263.52,58.56,-204.96,-161.04,234.24,-73.2,-107.36,-273.28,-156.16,-126.88,-48.8,-429.44
273.28,48.8,-224.48,-161.04,248.88,-87.84,-117.12,-283.04,-175.68,-146.4,-39.04,-434.32
161.04,39.04,-122,-97.6,141.52,-43.92,-82.96,-248.88,-141.52,-122,14.64,-380.64
-73.2,34.16,107.36,19.52,-92.72,68.32,0,-170.8,-58.56,-39.04,107.36,-287.92
-195.2,39.04,234.24,78.08,-214.72,136.64,39.04,-126.88,-9.76,24.4,165.92,-239.12
-68.32,48.8,117.12,9.76,-92.72,82.96,-9.76,-161.04,-43.92,-4.88,136.64,-258.64
24.4,48.8,24.4,-34.16,0,34.16,-39.04,-190.32,-73.2,-39.04,97.6,-283.04
34.16,34.16,0,-34.16,14.64,14.64,-63.44,-209.84,-102.48,-78.08,53.68,-312.32
107.36,29.28,-78.08,-68.32,92.72,-24.4,-97.6,-244,-131.76,-122,-4.88,-351.36
244,43.92,-200.08,-141.52,219.6,-78.08,-146.4,-273.28,-156.16,-141.52,-43.92,-414.8
209.84,48.8,-161.04,-126.88,185.44,-58.56,-131.76,-258.64,-141.52,-117.12,-14.64,-414.8
48.8,39.04,-9.76,-43.92,29.28,14.64,-82.96,-214.72,-87.84,-43.92,68.32,-341.6
-68.32,39.04,107.36,14.64,-87.84,73.2,-48.8,-180.56,-39.04,9.76,131.76,-278.16
-34.16,48.8,82.96,-4.88,-58.56,63.44,-63.44,-175.68,-43.92,14.64,146.4,-273.28
43.92,68.32,24.4,-53.68,9.76,43.92,-92.72,-200.08,-73.2,-24.4,126.88,-292.8
87.84,63.44,-24.4,-73.2,53.68,19.52,-117.12,-234.24,-102.48,-58.56,73.2,-322.08
63.44,53.68,-9.76,-58.56,34.16,19.52,-122,-244,-117.12,-92.72,34.16,-336.72
82.96,48.8,-34.16,-63.44,58.56,4.88,-126.88,-258.64,-131.76,-102.48,9.76,-366
29.28,29.28,0,-29.28,14.64,14.64,-122,-253.76,-122,-82.96,24.4,-361.12
-53.68,14.64,68.32,19.52,-63.44,39.04,-107.36,-239.12,-97.6,-53.68,58.56,-326.96
34.16,29.28,-4.88,-29.28,19.52,9.76,-131.76,-263.52,-122,-78.08,53.68,-336.72
68.32,14.64,-53.68,-39.04,58.56,-19.52,-146.4,-283.04,-146.4,-92.72,43.92,-351.36
58.56,4.88,-53.68,-29.28,53.68,-24.4,-146.4,-287.92,-151.28,-92.72,39.04,-346.48
190.32,-4.88,-195.2,-92.72,190.32,-102.48,-195.2,-341.6,-200.08,-151.28,-14.64,-390.4
141.52,-9.76,-151.28,-63.44,146.4,-82.96,-175.68,-336.72,-195.2,-146.4,0,-375.76
39.04,4.88,-34.16,-19.52,34.16,-14.64,-131.76,-287.92,-151.28,-102.48,48.8,-326.96
-29.28,4.88,34.16,14.64,-34.16,19.52,-102.48,-253.76,-117.12,-73.2,78.08,-297.68
29.28,4.88,-24.4,-14.64,24.4,-9.76,-117.12,-273.28,-136.64,-92.72,53.68,-322.08
29.28,-9.76,-39.04,-9.76,34.16,-24.4,-126.88,-278.16,-131.76,-97.6,48.8,-326.96
43.92,-19.52,-63.44,-9.76,53.68,-43.92,-141.52,-302.56,-156.16,-112.24,24.4,-346.48
92.72,0,-92.72,-43.92,92.72,-48.8,-146.4,-312.32,-161.04,-122,24.4,-351.36
63.44,-4.88,-68.32,-29.28,63.44,-39.04,-141.52,-312.32,-161.04,-107.36,34.16,-351.36
19.52,-29.28,-48.8,4.88,34.16,-39.04,-141.52,-317.2,-161.04,-102.48,39.04,-341.6
-68.32,-24.4,43.92,48.8,-58.56,9.76,-112.24,-297.68,-146.4,-82.96,73.2,-312.32
24.4,-14.64,-39.04,-4.88,29.28,-29.28,-141.52,-331.84,-175.68,-107.36,53.68,-326.96
43.92,-29.28,-73.2,-4.88,58.56,-53.68,-146.4,-346.48,-185.44,-107.36,63.44,-331.84
4.88,-39.04,-43.92,19.52,24.4,-43.92,-141.52,-336.72,-185.44,-107.36,73.2,-317.2
-68.32,-39.04,29.28,53.68,-48.8,-4.88,-122,-326.96,-170.8,-97.6,87.84,-292.8
-112.24,-39.04,73.2,78.08,-92.72,14.64,-97.6,-302.56,-151.28,-82.96,112.24,-273.28
-82.96,-43.92,39.04,63.44,-63.44,-4.88,-112.24,-322.08,-165.92,-102.48,87.84,-302.56
-58.56,-34.16,24.4,48.8,-43.92,-4.88,-122,-331.84,-180.56,-126.88,53.68,-317.2
39.04,-19.52,-58.56,-9.76,48.8,-39.04,-151.28,-361.12,-204.96,-156.16,14.64,-356.24
107.36,-19.52,-126.88,-43.92,117.12,-73.2,-175.68,-380.64,-219.6,-170.8,-4.88,-385.52
19.52,-14.64,-34.16,0,24.4,-24.4,-146.4,-351.36,-190.32,-131.76,43.92,-341.6
-87.84,-24.4,63.44,58.56,-78.08,19.52,-107.36,-317.2,-151.28,-92.72,92.72,-292.8
-82.96,-19.52,63.44,53.68,-73.2,19.52,-107.36,-322.08,-151.28,-92.72,107.36,-292.8
-92.72,-34.16,58.56,63.44,-78.08,9.76,-102.48,-317.2,-151.28,-87.84,107.36,-297.68
-73.2,-43.92,29.28,58.56,-53.68,-9.76,-117.12,-322.08,-165.92,-107.36,97.6,-312.32
-24.4,-43.92,-19.52,34.16,-4.88,-34.16,-136.64,-356.24,-180.56,-126.88,68.32,-331.84
-24.4,-29.28,-4.88,29.28,-9.76,-19.52,-126.88,-341.6,-175.68,-117.12,58.56,-346.48
-58.56,-4.88,53.68,34.16,-58.56,24.4,-102.48,-326.96,-161.04,-97.6,73.2,-341.6
-34.16,14.64,48.8,9.76,-43.92,29.28,-102.48,-322.08,-156.16,-92.72,87.84,-326.96
4.88,0,-4.88,0,4.88,-4.88,-126.88,-351.36,-175.68,-102.48,73.2,-336.72
-29.28,-4.88,24.4,19.52,-29.28,9.76,-126.88,-346.48,-180.56,-107.36,82.96,-331.84
-34.16,-4.88,29.28,19.52,-34.16,9.76,-117.12,-341.6,-175.68,-97.6,87.84,-326.96
-43.92,-29.28,14.64,39.04,-29.28,-9.76,-126.88,-361.12,-185.44,-102.48,87.84,-341.6
-24.4,-29.28,-4.88,29.28,-9.76,-19.52,-131.76,-366,-190.32,-117.12,78.08,-346.48
-9.76,-19.52,-9.76,14.64,0,-14.64,-131.76,-346.48,-175.68,-107.36,87.84,-346.48
-112.24,-29.28,82.96,73.2,-97.6,24.4,-92.72,-292.8,-126.88,-48.8,131.76,-312.32
-122,-34.16,87.84,78.08,-107.36,24.4,-97.6,-302.56,-131.76,-48.8,141.52,-302.56
-24.4,-4.88,19.52,14.64,-24.4,4.88,-107.36,-336.72,-151.28,-63.44,122,-307.44
-34.16,14.64,48.8,9.76,-43.92,29.28,-97.6,-346.48,-136.64,-43.92,136.64,-283.04
-24.4,-9.76,14.64,19.52,-19.52,0,-117.12,-375.76,-165.92,-78.08,117.12,-297.68
-39.04,-29.28,9.76,34.16,-24.4,-9.76,-126.88,-361.12,-190.32,-102.48,112.24,-297.68
-48.8,-19.52,29.28,34.16,-39.04,4.88,-117.12,-346.48,-185.44,-97.6,126.88,-283.04
-9.76,-4.88,4.88,9.76,-9.76,0,-117.12,-351.36,-190.32,-102.48,122,-283.04
9.76,-14.64,-24.4,4.88,14.64,-19.52,-126.88,-380.64,-209.84,-122,102.48,-292.8
4.88,-14.64,-19.52,4.88,9.76,-19.52,-126.88,-380.64,-204.96,-126.88,102.48,-283.04
-29.28,-9.76,19.52,19.52,-24.4,4.88,-112.24,-375.76,-204.96,-126.88,107.36,-268.4
-87.84,19.52,107.36,34.16,-97.6,63.44,-78.08,-361.12,-180.56,-102.48,151.28,-214.72
-146.4,53.68,200.08,48.8,-175.68,126.88,-53.68,-356.24,-165.92,-82.96,185.44,-165.92
-58.56,63.44,122,0,-92.72,92.72,-78.08,-390.4,-195.2,-131.76,161.04,-185.44
-58.56,43.92,102.48,9.76,-82.96,73.2,-48.8,-385.52,-200.08,-151.28,146.4,-190.32
-87.84,24.4,112.24,34.16,-102.48,68.32,0,-336.72,-170.8,-131.76,146.4,-200.08
-131.76,14.64,146.4,58.56,-141.52,78.08,63.44,-244,-97.6,-73.2,180.56,-170.8
-112.24,14.64,126.88,48.8,-122,68.32,92.72,-165.92,-19.52,4.88,229.36,-141.52
-78.08,24.4,102.48,29.28,-92.72,63.44,92.72,-107.36,39.04,87.84,302.56,-87.84
19.52,39.04,19.52,-29.28,0,29.28,73.2,-14.64,112.24,190.32,361.12,-58.56
165.92,58.56,-107.36,-112.24,136.64,-24.4,63.44,112.24,234.24,331.84,439.2,-39.04
234.24,82.96,-151.28,-156.16,190.32,-34.16,82.96,297.68,419.68,546.56,570.96,39.04
375.76,126.88,-248.88,-248.88,312.32,-63.44,48.8,448.96,590.48,780.8,707.6,117.12
444.08,156.16,-287.92,-297.68,366,-68.32,-14.64,610,775.92,1039.44,849.12,204.96
370.88,151.28,-219.6,-258.64,292.8,-34.16,-63.44,751.52,946.72,1288.32,990.64,317.2
488,190.32,-297.68,-336.72,390.4,-53.68,-170.8,800.32,1039.44,1468.88,1073.6,366
712.48,283.04,-429.44,-497.76,570.96,-73.2,-273.28,824.72,1122.4,1634.8,1146.8,409.92
849.12,356.24,-492.88,-600.24,668.56,-68.32,-405.04,741.76,1107.76,1727.52,1161.44,424.56
839.36,361.12,-478.24,-600.24,658.8,-58.56,-507.52,639.28,1093.12,1815.36,1161.44,400.16
819.84,346.48,-473.36,-580.72,644.16,-63.44,-551.44,595.36,1117.52,1917.84,1180.96,400.16
746.64,283.04,-463.6,-512.4,605.12,-92.72,-541.68,531.92,1107.76,1932.48,1127.28,336.72
644.16,175.68,-468.48,-409.92,556.32,-146.4,-497.76,434.32,1024.8,1834.88,985.76,209.84
512.4,63.44,-448.96,-287.92,478.24,-195.2,-488,273.28,839.36,1566.48,751.52,63.44
400.16,-4.88,-405.04,-195.2,400.16,-204.96,-483.12,43.92,566.08,1161.44,502.64,-78.08
229.36,-48.8,-278.16,-87.84,253.76,-165.92,-458.72,-180.56,307.44,780.8,336.72,-136.64
126.88,-68.32,-195.2,-29.28,161.04,-131.76,-448.96,-331.84,122,507.52,229.36,-180.56
-24.4,-63.44,-39.04,43.92,4.88,-53.68,-375.76,-419.68,-4.88,317.2,175.68,-165.92
-68.32,-63.44,4.88,68.32,-39.04,-29.28,-351.36,-570.96,-204.96,63.44,112.24,-185.44
-92.72,-53.68,39.04,73.2,-68.32,-9.76,-336.72,-673.44,-346.48,-107.36,82.96,-185.44
-122,-14.64,107.36,68.32,-117.12,43.92,-283.04,-668.56,-390.4,-170.8,97.6,-146.4
-107.36,4.88,112.24,53.68,-112.24,58.56,-244,-614.88,-370.88,-170.8,117.12,-126.88
-112.24,-9.76,102.48,63.44,-107.36,43.92,-219.6,-541.68,-317.2,-136.64,126.88,-122
-131.76,-24.4,107.36,78.08,-122,39.04,-204.96,-473.36,-263.52,-102.48,131.76,-122
-141.52,-39.04,102.48,92.72,-122,29.28,-170.8,-409.92,-214.72,-68.32,136.64,-112.24
-156.16,-39.04,117.12,97.6,-136.64,39.04,-136.64,-351.36,-161.04,-34.16,151.28,-82.96
-117.12,-14.64,102.48,68.32,-112.24,43.92,-112.24,-302.56,-122,-9.76,170.8,-68.32
-82.96,19.52,102.48,34.16,-92.72,58.56,-97.6,-273.28,-92.72,9.76,180.56,-48.8
-48.8,14.64,63.44,19.52,-58.56,39.04,-82.96,-248.88,-78.08,9.76,190.32,-48.8
-4.88,14.64,19.52,-4.88,-14.64,14.64,-82.96,-239.12,-82.96,0,175.68,-53.68
-34.16,14.64,48.8,9.76,-43.92,29.28,-58.56,-234.24,-68.32,14.64,195.2,-39.04
-97.6,-4.88,92.72,53.68,-97.6,43.92,-34.16,-219.6,-63.44,29.28,204.96,-19.52
-117.12,-4.88,112.24,63.44,-117.12,53.68,-29.28,-209.84,-63.44,19.52,214.72,-19.52
-136.64,9.76,146.4,63.44,-141.52,78.08,-9.76,-190.32,-53.68,24.4,224.48,-4.88
-53.68,9.76,63.44,24.4,-58.56,34.16,-43.92,-224.48,-87.84,-14.64,190.32,-24.4
4.88,0,-4.88,0,4.88,-4.88,-73.2,-258.64,-117.12,-43.92,151.28,-43.92
-82.96,-14.64,68.32,48.8,-78.08,24.4,-53.68,-248.88,-102.48,-34.16,161.04,-14.64
-126.88,-19.52,107.36,73.2,-117.12,43.92,-43.92,-239.12,-102.48,-29.28,161.04,0
-68.32,-9.76,58.56,39.04,-63.44,24.4,-34.16,-209.84,-97.6,-34.16,161.04,4.88
-63.44,-14.64,48.8,39.04,-58.56,14.64,-39.04,-185.44,-73.2,-34.16,161.04,9.76
-112.24,-14.64,97.6,63.44,-107.36,39.04,-19.52,-180.56,-58.56,-9.76,180.56,34.16
-122,0,122,63.44,-122,58.56,-9.76,-200.08,-43.92,9.76,195.2,58.56
-122,9.76,131.76,58.56,-126.88,68.32,-14.64,-229.36,-58.56,19.52,200.08,73.2
-126.88,19.52,146.4,53.68,-136.64,82.96,-14.64,-204.96,-58.56,34.16,204.96,87.84
-92.72,9.76,102.48,43.92,-97.6,53.68,-29.28,-209.84,-78.08,14.64,185.44,78.08
-78.08,4.88,82.96,39.04,-82.96,43.92,-34.16,-229.36,-97.6,-34.16,165.92,73.2
-82.96,0,82.96,43.92,-82.96,39.04,-29.28,-248.88,-107.36,-43.92,161.04,82.96
-29.28,0,29.28,14.64,-29.28,14.64,-53.68,-273.28,-136.64,-63.44,122,53.68
-151.28,-14.64,136.64,82.96,-146.4,58.56,-4.88,-190.32,-73.2,-14.64,165.92,102.48
-239.12,-19.52,219.6,131.76,-229.36,97.6,24.4,-136.64,-19.52,14.64,180.56,126.88
-204.96,-19.52,185.44,112.24,-195.2,82.96,4.88,-151.28,-24.4,4.88,165.92,126.88
-136.64,-19.52,117.12,78.08,-126.88,48.8,-9.76,-170.8,-29.28,-14.64,151.28,122
-126.88,-24.4,102.48,78.08,-117.12,39.04,-19.52,-200.08,-53.68,-48.8,146.4,126.88
-190.32,-14.64,175.68,102.48,-185.44,78.08,-4.88,-224.48,-68.32,-34.16,170.8,161.04
-214.72,-19.52,195.2,117.12,-204.96,87.84,0,-224.48,-87.84,-19.52,175.68,165.92
-170.8,-9.76,161.04,92.72,-165.92,73.2,-9.76,-224.48,-87.84,-34.16,161.04,165.92
-161.04,14.64,175.68,73.2,-170.8,92.72,9.76,-190.32,-73.2,-14.64,165.92,180.56
-97.6,14.64,112.24,43.92,-107.36,63.44,-9.76,-200.08,-78.08,-4.88,141.52,170.8
-97.6,-4.88,92.72,53.68,-97.6,43.92,-14.64,-185.44,-48.8,58.56,151.28,165.92
-151.28,-4.88,146.4,78.08,-151.28,68.32,0,-180.56,-14.64,131.76,175.68,190.32
-195.2,-4.88,190.32,102.48,-195.2,92.72,19.52,-190.32,-9.76,161.04,185.44,209.84
-219.6,4.88,224.48,107.36,-224.48,112.24,29.28,-180.56,-4.88,112.24,190.32,234.24
-263.52,-4.88,258.64,136.64,-263.52,126.88,39.04,-146.4,-14.64,19.52,195.2,253.76
-234.24,-4.88,229.36,122,-234.24,112.24,24.4,-161.04,-63.44,-78.08,170.8,248.88
-180.56,-4.88,175.68,92.72,-180.56,82.96,9.76,-185.44,-92.72,-107.36,156.16,248.88
-175.68,0,175.68,87.84,-175.68,87.84,14.64,-175.68,-78.08,-82.96,161.04,263.52
-200.08,-9.76,190.32,107.36,-195.2,87.84,14.64,-190.32,-78.08,-63.44,165.92,273.28
-209.84,-19.52,190.32,117.12,-200.08,82.96,14.64,-190.32,-87.84,-48.8,156.16,287.92
-214.72,-34.16,180.56,126.88,-200.08,73.2,19.52,-185.44,-87.84,-39.04,156.16,297.68
-229.36,-9.76,219.6,122,-224.48,102.48,39.04,-165.92,-63.44,-19.52,175.68,336.72
-204.96,9.76,214.72,97.6,-209.84,112.24,39.04,-156.16,-53.68,-4.88,185.44,346.48
-214.72,-4.88,209.84,112.24,-214.72,102.48,14.64,-151.28,-58.56,-4.88,170.8,346.48
-234.24,-19.52,214.72,126.88,-224.48,97.6,9.76,-146.4,-53.68,0,170.8,356.24
-234.24,-14.64,219.6,126.88,-229.36,102.48,19.52,-141.52,-34.16,24.4,175.68,370.88
-209.84,-4.88,204.96,107.36,-209.84,97.6,14.64,-165.92,-53.68,9.76,170.8,380.64
-195.2,0,195.2,97.6,-195.2,97.6,24.4,-156.16,-48.8,19.52,180.56,405.04
-161.04,9.76,170.8,78.08,-165.92,87.84,24.4,-165.92,-48.8,14.64,180.56,409.92
-190.32,9.76,200.08,92.72,-195.2,102.48,29.28,-161.04,-48.8,24.4,175.68,419.68
-244,-14.64,229.36,131.76,-239.12,107.36,43.92,-136.64,-34.16,34.16,200.08,444.08
-292.8,-34.16,258.64,165.92,-278.16,112.24,43.92,-126.88,-29.28,34.16,200.08,468.48
-244,-19.52,224.48,131.76,-234.24,102.48,29.28,-136.64,-34.16,24.4,190.32,473.36
-204.96,0,204.96,102.48,-204.96,102.48,34.16,-126.88,-34.16,29.28,190.32,502.64
-190.32,9.76,200.08,92.72,-195.2,102.48,34.16,-117.12,-19.52,24.4,190.32,507.52
-219.6,19.52,239.12,102.48,-229.36,126.88,39.04,-112.24,-9.76,48.8,195.2,527.04
-248.88,24.4,273.28,112.24,-263.52,146.4,53.68,-102.48,4.88,68.32,204.96,546.56
-165.92,29.28,195.2,68.32,-180.56,112.24,24.4,-131.76,-24.4,43.92,170.8,527.04
-78.08,19.52,97.6,29.28,-87.84,58.56,-4.88,-161.04,-48.8,9.76,141.52,507.52
-87.84,4.88,92.72,43.92,-92.72,48.8,-9.76,-165.92,-58.56,4.88,146.4,507.52
-214.72,0,214.72,107.36,-214.72,107.36,34.16,-117.12,-19.52,34.16,195.2,556.32
-253.76,0,253.76,126.88,-253.76,126.88,48.8,-97.6,0,48.8,209.84,575.84
-273.28,0,273.28,136.64,-273.28,136.64,63.44,-78.08,19.52,63.44,224.48,595.36
-283.04,0,283.04,141.52,-283.04,141.52,53.68,-68.32,19.52,73.2,224.48,605.12
-239.12,4.88,244,117.12,-244,122,43.92,-73.2,19.52,63.44,219.6,595.36
-185.44,19.52,204.96,82.96,-195.2,112.24,24.4,-87.84,9.76,53.68,200.08,585.6
-170.8,24.4,195.2,73.2,-185.44,107.36,14.64,-97.6,4.88,43.92,195.2,580.72
-156.16,19.52,175.68,68.32,-165.92,97.6,14.64,-102.48,-4.88,39.04,185.44,580.72
-209.84,19.52,229.36,97.6,-219.6,122,34.16,-87.84,14.64,58.56,204.96,605.12
-244,4.88,248.88,122,-248.88,126.88,39.04,-78.08,14.64,68.32,204.96,605.12
-204.96,-9.76,195.2,107.36,-200.08,92.72,19.52,-92.72,-9.76,43.92,195.2,590.48
-180.56,-14.64,165.92,97.6,-175.68,73.2,9.76,-92.72,-14.64,34.16,185.44,580.72
-214.72,-4.88,209.84,112.24,-214.72,102.48,34.16,-63.44,9.76,53.68,214.72,595.36
-204.96,14.64,219.6,97.6,-214.72,117.12,34.16,-48.8,24.4,63.44,224.48,600.24
-151.28,19.52,170.8,68.32,-161.04,92.72,24.4,-53.68,19.52,53.68,219.6,590.48
-136.64,19.52,156.16,58.56,-146.4,87.84,9.76,-63.44,24.4,63.44,209.84,585.6
-229.36,24.4,253.76,102.48,-244,136.64,39.04,-29.28,58.56,92.72,234.24,600.24
-244,19.52,263.52,112.24,-253.76,141.52,34.16,-34.16,58.56,87.84,234.24,600.24
-234.24,14.64,248.88,112.24,-244,131.76,39.04,-39.04,53.68,78.08,239.12,595.36
-204.96,14.64,219.6,97.6,-214.72,117.12,24.4,-53.68,29.28,68.32,234.24,585.6
-195.2,-4.88,190.32,102.48,-195.2,92.72,14.64,-58.56,14.64,53.68,224.48,570.96
-170.8,-4.88,165.92,87.84,-170.8,78.08,9.76,-53.68,24.4,48.8,224.48,575.84
-175.68,4.88,180.56,87.84,-180.56,92.72,19.52,-34.16,34.16,68.32,234.24,575.84
-141.52,14.64,156.16,63.44,-151.28,82.96,9.76,-39.04,29.28,58.56,224.48,556.32
-170.8,24.4,195.2,73.2,-185.44,107.36,24.4,-14.64,58.56,73.2,244,566.08
-209.84,24.4,234.24,92.72,-224.48,126.88,29.28,0,78.08,92.72,248.88,566.08
-195.2,29.28,224.48,82.96,-209.84,126.88,29.28,0,73.2,102.48,258.64,566.08
-161.04,39.04,200.08,63.44,-180.56,117.12,24.4,0,78.08,102.48,258.64,570.96
-180.56,43.92,224.48,68.32,-204.96,131.76,34.16,4.88,92.72,122,273.28,575.84
-156.16,48.8,204.96,53.68,-180.56,126.88,19.52,0,78.08,112.24,258.64,561.2
-151.28,39.04,190.32,58.56,-170.8,112.24,29.28,9.76,82.96,107.36,258.64,556.32
-156.16,29.28,185.44,63.44,-170.8,107.36,19.52,14.64,87.84,97.6,258.64,556.32
-141.52,39.04,180.56,53.68,-161.04,107.36,24.4,19.52,92.72,107.36,268.4,551.44
-151.28,34.16,185.44,58.56,-170.8,107.36,19.52,39.04,107.36,107.36,283.04,551.44
-156.16,29.28,185.44,63.44,-170.8,107.36,19.52,48.8,102.48,117.12,292.8,556.32
-151.28,24.4,175.68,63.44,-165.92,97.6,4.88,43.92,112.24,126.88,287.92,546.56
-146.4,24.4,170.8,63.44,-161.04,97.6,4.88,39.04,112.24,126.88,283.04,541.68
-112.24,53.68,165.92,29.28,-141.52,107.36,4.88,43.92,126.88,146.4,292.8,546.56
-73.2,73.2,146.4,0,-112.24,107.36,14.64,48.8,131.76,146.4,292.8,536.8
-87.84,53.68,141.52,19.52,-117.12,97.6,9.76,53.68,126.88,151.28,297.68,541.68
-68.32,73.2,141.52,0,-107.36,107.36,19.52,78.08,136.64,161.04,307.44,541.68
-53.68,68.32,122,-4.88,-87.84,92.72,14.64,82.96,141.52,165.92,317.2,551.44
-63.44,73.2,136.64,-4.88,-102.48,102.48,14.64,92.72,151.28,175.68,317.2,541.68
-78.08,73.2,151.28,4.88,-117.12,112.24,19.52,117.12,180.56,204.96,331.84,561.2
-151.28,73.2,224.48,39.04,-190.32,146.4,34.16,156.16,219.6,248.88,361.12,570.96
-141.52,73.2,214.72,34.16,-180.56,141.52,29.28,161.04,224.48,253.76,356.24,561.2
-68.32,92.72,161.04,-9.76,-117.12,126.88,19.52,156.16,219.6,244,356.24,561.2
-97.6,97.6,195.2,0,-146.4,146.4,29.28,165.92,234.24,253.76,366,570.96
-97.6,102.48,200.08,0,-151.28,151.28,29.28,180.56,253.76,273.28,380.64,566.08
-68.32,102.48,170.8,-14.64,-122,136.64,19.52,185.44,248.88,283.04,375.76,566.08
-53.68,112.24,165.92,-29.28,-112.24,136.64,29.28,209.84,263.52,297.68,385.52,570.96
-53.68,107.36,161.04,-24.4,-107.36,131.76,34.16,234.24,287.92,317.2,395.28,585.6
-34.16,112.24,146.4,-39.04,-92.72,126.88,24.4,258.64,302.56,331.84,400.16,575.84
-24.4,122,146.4,-48.8,-87.84,131.76,29.28,278.16,331.84,351.36,409.92,585.6
-19.52,126.88,146.4,-53.68,-82.96,136.64,24.4,268.4,336.72,366,429.44,580.72
-9.76,126.88,136.64,-58.56,-73.2,131.76,14.64,263.52,336.72,380.64,424.56,585.6
68.32,151.28,82.96,-107.36,-9.76,117.12,-9.76,258.64,331.84,385.52,409.92,561.2
39.04,146.4,107.36,-92.72,-34.16,126.88,0,292.8,346.48,400.16,414.8,570.96
-14.64,141.52,156.16,-63.44,-87.84,146.4,19.52,312.32,370.88,419.68,444.08,580.72
-73.2,141.52,214.72,-34.16,-146.4,175.68,34.16,336.72,390.4,458.72,463.6,600.24
-68.32,131.76,200.08,-29.28,-136.64,165.92,43.92,370.88,414.8,468.48,483.12,610
-9.76,151.28,161.04,-68.32,-87.84,156.16,29.28,380.64,419.68,458.72,478.24,610
58.56,165.92,107.36,-112.24,-24.4,136.64,9.76,385.52,414.8,453.84,463.6,595.36
102.48,156.16,53.68,-126.88,24.4,102.48,-14.64,375.76,409.92,448.96,439.2,570.96
107.36,161.04,53.68,-131.76,24.4,107.36,-9.76,390.4,424.56,473.36,453.84,575.84
87.84,170.8,82.96,-126.88,0,126.88,0,414.8,453.84,492.88,468.48,590.48
58.56,190.32,131.76,-122,-39.04,161.04,14.64,434.32,483.12,531.92,497.76,595.36
39.04,200.08,161.04,-117.12,-63.44,180.56,24.4,463.6,507.52,566.08,512.4,610
39.04,190.32,151.28,-112.24,-58.56,170.8,24.4,468.48,517.28,580.72,512.4,610
78.08,200.08,122,-136.64,-24.4,161.04,14.64,468.48,517.28,590.48,512.4,590.48
117.12,185.44,68.32,-151.28,24.4,126.88,4.88,473.36,517.28,575.84,502.64,580.72
141.52,170.8,29.28,-156.16,53.68,97.6,-4.88,468.48,512.4,556.32,492.88,570.96
214.72,185.44,-29.28,-200.08,122,78.08,-34.16,453.84,497.76,541.68,478.24,541.68
87.84,180.56,92.72,-131.76,-4.88,136.64,9.76,507.52,551.44,585.6,522.16,575.84
-9.76,195.2,204.96,-92.72,-107.36,200.08,48.8,566.08,605.12,653.92,566.08,610
-24.4,200.08,224.48,-87.84,-126.88,209.84,58.56,595.36,634.4,683.2,580.72,629.52
-4.88,200.08,204.96,-97.6,-107.36,200.08,39.04,570.96,610,678.32,561.2,590.48
73.2,200.08,126.88,-136.64,-29.28,161.04,24.4,556.32,595.36,649.04,536.8,566.08
87.84,224.48,136.64,-156.16,-24.4,180.56,29.28,556.32,605.12,649.04,541.68,561.2
107.36,214.72,107.36,-161.04,0,161.04,29.28,566.08,600.24,644.16,541.68,566.08
87.84,214.72,126.88,-151.28,-19.52,170.8,39.04,561.2,600.24,634.4,536.8,566.08
39.04,195.2,156.16,-117.12,-58.56,175.68,53.68,570.96,610,644.16,541.68,570.96
73.2,200.08,126.88,-136.64,-29.28,161.04,39.04,561.2,590.48,624.64,536.8,556.32
112.24,209.84,97.6,-161.04,4.88,151.28,48.8,556.32,595.36,629.52,536.8,541.68
68.32,214.72,146.4,-141.52,-39.04,180.56,68.32,561.2,610,649.04,561.2,561.2
73.2,219.6,146.4,-146.4,-39.04,180.56,82.96,551.44,605.12,639.28,551.44,551.44
78.08,204.96,126.88,-141.52,-24.4,165.92,78.08,527.04,580.72,605.12,531.92,527.04
58.56,185.44,126.88,-122,-34.16,156.16,82.96,502.64,556.32,590.48,517.28,512.4
63.44,195.2,131.76,-126.88,-34.16,161.04,87.84,473.36,541.68,575.84,502.64,492.88
48.8,185.44,136.64,-117.12,-43.92,161.04,92.72,463.6,527.04,556.32,502.64,502.64
19.52,180.56,161.04,-97.6,-73.2,170.8,102.48,444.08,507.52,536.8,502.64,492.88
73.2,165.92,92.72,-117.12,-9.76,126.88,87.84,405.04,468.48,488,468.48,463.6
24.4,170.8,146.4,-97.6,-63.44,156.16,92.72,390.4,448.96,473.36,468.48,458.72
4.88,156.16,151.28,-78.08,-73.2,151.28,97.6,385.52,444.08,463.6,458.72,453.84
53.68,146.4,92.72,-97.6,-19.52,117.12,78.08,341.6,409.92,414.8,424.56,424.56
14.64,141.52,126.88,-78.08,-58.56,131.76,87.84,322.08,400.16,409.92,429.44,429.44
-39.04,156.16,195.2,-58.56,-117.12,175.68,107.36,322.08,400.16,409.92,434.32,434.32
-24.4,146.4,170.8,-58.56,-97.6,156.16,102.48,292.8,370.88,385.52,424.56,414.8
-4.88,131.76,136.64,-63.44,-73.2,131.76,87.84,253.76,336.72,346.48,395.28,395.28
-19.52,112.24,131.76,-43.92,-78.08,122,92.72,224.48,307.44,312.32,366,380.64
-48.8,97.6,146.4,-24.4,-97.6,122,87.84,200.08,283.04,287.92,361.12,366
-68.32,92.72,161.04,-9.76,-117.12,126.88,97.6,190.32,273.28,268.4,356.24,370.88
-63.44,102.48,165.92,-19.52,-117.12,131.76,97.6,170.8,248.88,239.12,346.48,351.36
-53.68,97.6,151.28,-19.52,-102.48,122,87.84,151.28,229.36,214.72,331.84,336.72
-68.32,92.72,161.04,-9.76,-117.12,126.88,87.84,136.64,224.48,209.84,322.08,331.84
-87.84,78.08,165.92,4.88,-126.88,122,78.08,112.24,204.96,195.2,312.32,326.96
-92.72,73.2,165.92,9.76,-131.76,117.12,87.84,102.48,195.2,185.44,307.44,322.08
-87.84,68.32,156.16,9.76,-122,112.24,78.08,82.96,175.68,165.92,297.68,302.56
-82.96,58.56,141.52,14.64,-112.24,97.6,68.32,58.56,146.4,131.76,273.28,292.8
-68.32,53.68,122,9.76,-97.6,87.84,63.44,34.16,126.88,107.36,263.52,278.16
-78.08,43.92,122,19.52,-102.48,82.96,58.56,19.52,112.24,102.48,263.52,268.4
-117.12,34.16,151.28,43.92,-136.64,92.72,78.08,19.52,102.48,92.72,258.64,268.4
-107.36,39.04,146.4,34.16,-126.88,92.72,68.32,9.76,92.72,78.08,248.88,253.76
-117.12,24.4,141.52,48.8,-131.76,82.96,68.32,0,78.08,63.44,244,248.88
-126.88,29.28,156.16,48.8,-141.52,92.72,68.32,-9.76,73.2,53.68,244,239.12
-107.36,19.52,126.88,43.92,-117.12,73.2,58.56,-19.52,63.44,43.92,239.12,234.24
-78.08,19.52,97.6,29.28,-87.84,58.56,43.92,-34.16,53.68,29.28,219.6,209.84
-122,19.52,141.52,53.68,-131.76,78.08,58.56,-29.28,63.44,43.92,229.36,219.6
-82.96,9.76,92.72,39.04,-87.84,48.8,43.92,-63.44,34.16,14.64,204.96,190.32
-107.36,4.88,112.24,53.68,-112.24,58.56,48.8,-63.44,24.4,9.76,209.84,200.08
-146.4,4.88,151.28,73.2,-151.28,78.08,68.32,-39.04,34.16,19.52,224.48,214.72
-136.64,0,136.64,68.32,-136.64,68.32,68.32,-48.8,24.4,4.88,224.48,204.96
-136.64,14.64,151.28,63.44,-146.4,82.96,68.32,-53.68,24.4,4.88,219.6,190.32
-97.6,4.88,102.48,48.8,-102.48,53.68,43.92,-73.2,4.88,-9.76,200.08,165.92
-102.48,-9.76,92.72,58.56,-97.6,39.04,43.92,-68.32,4.88,-9.76,200.08,170.8
-131.76,-9.76,122,73.2,-126.88,53.68,48.8,-58.56,19.52,9.76,214.72,180.56
-82.96,0,82.96,43.92,-82.96,39.04,39.04,-73.2,9.76,-4.88,200.08,165.92
-48.8,-4.88,43.92,29.28,-48.8,19.52,24.4,-87.84,-14.64,-19.52,195.2,151.28
-82.96,-4.88,78.08,43.92,-82.96,34.16,34.16,-87.84,-4.88,-14.64,200.08,146.4
-141.52,-4.88,136.64,73.2,-141.52,63.44,53.68,-68.32,9.76,4.88,209.84,170.8
-112.24,9.76,122,53.68,-117.12,63.44,58.56,-68.32,9.76,-4.88,204.96,161.04
-87.84,4.88,92.72,43.92,-92.72,48.8,48.8,-73.2,0,-9.76,204.96,151.28
-126.88,-14.64,112.24,73.2,-122,48.8,48.8,-68.32,4.88,-9.76,209.84,146.4
-43.92,-4.88,39.04,24.4,-43.92,14.64,19.52,-87.84,-19.52,-39.04,185.44,122
-34.16,0,34.16,19.52,-34.16,14.64,24.4,-87.84,-14.64,-24.4,190.32,131.76
-24.4,-4.88,19.52,14.64,-24.4,4.88,24.4,-92.72,-19.52,-29.28,180.56,122
-68.32,0,68.32,34.16,-68.32,34.16,39.04,-73.2,0,-9.76,195.2,136.64
-185.44,-9.76,175.68,97.6,-180.56,82.96,73.2,-39.04,29.28,29.28,234.24,165.92
-102.48,0,102.48,53.68,-102.48,48.8,39.04,-73.2,0,-14.64,200.08,131.76
-82.96,-9.76,73.2,48.8,-78.08,29.28,34.16,-82.96,-9.76,-19.52,190.32,126.88
-141.52,-14.64,126.88,78.08,-136.64,53.68,53.68,-63.44,4.88,-4.88,209.84,141.52
-117.12,-14.64,102.48,68.32,-112.24,43.92,48.8,-78.08,0,-14.64,200.08,136.64
-63.44,-4.88,58.56,34.16,-63.44,24.4,39.04,-82.96,-14.64,-29.28,185.44,122
-92.72,-4.88,87.84,48.8,-92.72,39.04,39.04,-73.2,-4.88,-14.64,195.2,131.76
-165.92,-9.76,156.16,87.84,-161.04,73.2,63.44,-43.92,19.52,4.88,229.36,151.28
-92.72,-9.76,82.96,53.68,-87.84,34.16,29.28,-78.08,-9.76,-19.52,200.08,126.88
-141.52,0,141.52,73.2,-141.52,68.32,53.68,-43.92,19.52,14.64,224.48,141.52
-131.76,-4.88,126.88,68.32,-131.76,58.56,53.68,-53.68,9.76,9.76,214.72,136.64
-126.88,-14.64,112.24,73.2,-122,48.8,48.8,-63.44,0,0,209.84,122
-112.24,-14.64,97.6,63.44,-107.36,39.04,48.8,-68.32,0,0,209.84,131.76
-107.36,-19.52,87.84,63.44,-97.6,34.16,39.04,-68.32,-9.76,-14.64,200.08,126.88
-102.48,-24.4,78.08,63.44,-92.72,24.4,39.04,-73.2,-9.76,-19.52,204.96,122
-97.6,-9.76,87.84,53.68,-92.72,39.04,34.16,-68.32,-4.88,-14.64,200.08,126.88
-107.36,-14.64,92.72,63.44,-102.48,39.04,39.04,-63.44,0,-9.76,200.08,126.88
-102.48,-4.88,97.6,53.68,-102.48,43.92,34.16,-58.56,0,-4.88,204.96,131.76
-112.24,-19.52,92.72,68.32,-102.48,34.16,39.04,-58.56,0,-9.76,209.84,131.76
-102.48,-14.64,87.84,58.56,-97.6,34.16,39.04,-53.68,0,-9.76,214.72,131.76
-97.6,-14.64,82.96,58.56,-92.72,34.16,39.04,-53.68,4.88,0,214.72,131.76
-97.6,-14.64,82.96,58.56,-92.72,34.16,34.16,-68.32,-4.88,-9.76,204.96,126.88
-82.96,-24.4,58.56,53.68,-73.2,14.64,24.4,-78.08,-19.52,-24.4,190.32,112.24
-68.32,-24.4,43.92,48.8,-58.56,9.76,19.52,-78.08,-24.4,-29.28,185.44,107.36
-82.96,-24.4,58.56,53.68,-73.2,14.64,24.4,-73.2,-19.52,-29.28,195.2,112.24
-78.08,-9.76,68.32,43.92,-73.2,29.28,29.28,-63.44,-9.76,-19.52,200.08,117.12
-68.32,-14.64,53.68,43.92,-63.44,19.52,14.64,-68.32,-14.64,-24.4,190.32,107.36
-126.88,-34.16,92.72,82.96,-112.24,29.28,29.28,-53.68,0,-9.76,200.08,122
-107.36,-19.52,87.84,63.44,-97.6,34.16,24.4,-53.68,-4.88,-4.88,200.08,122
-78.08,-14.64,63.44,48.8,-73.2,24.4,19.52,-58.56,-4.88,-9.76,190.32,107.36
-107.36,-14.64,92.72,63.44,-102.48,39.04,34.16,-48.8,4.88,4.88,209.84,117.12
-78.08,0,78.08,39.04,-78.08,39.04,29.28,-58.56,-4.88,-4.88,204.96,117.12
-73.2,-14.64,58.56,43.92,-68.32,19.52,14.64,-68.32,-19.52,-19.52,195.2,102.48
-78.08,-14.64,63.44,48.8,-73.2,24.4,24.4,-63.44,-19.52,-24.4,190.32,107.36
-78.08,-19.52,58.56,48.8,-68.32,19.52,19.52,-68.32,-24.4,-34.16,190.32,102.48
-78.08,-24.4,53.68,53.68,-68.32,14.64,19.52,-68.32,-24.4,-39.04,185.44,102.48
-73.2,-19.52,53.68,48.8,-63.44,14.64,24.4,-58.56,-14.64,-29.28,195.2,97.6
-82.96,-29.28,53.68,58.56,-68.32,9.76,14.64,-58.56,-14.64,-29.28,190.32,107.36
-82.96,-29.28,53.68,58.56,-68.32,9.76,19.52,-63.44,-19.52,-24.4,190.32,102.48
-82.96,-24.4,58.56,53.68,-73.2,14.64,19.52,-58.56,-14.64,-19.52,185.44,102.48
-68.32,-19.52,48.8,43.92,-58.56,14.64,14.64,-58.56,-24.4,-19.52,180.56,92.72
-53.68,-14.64,39.04,34.16,-48.8,9.76,19.52,-58.56,-19.52,-24.4,175.68,97.6
-63.44,-29.28,34.16,48.8,-48.8,0,19.52,-73.2,-29.28,-34.16,170.8,92.72
-68.32,-34.16,34.16,53.68,-53.68,0,9.76,-78.08,-34.16,-43.92,165.92,82.96
-78.08,-39.04,39.04,58.56,-58.56,0,19.52,-73.2,-34.16,-43.92,170.8,97.6
-78.08,-43.92,34.16,63.44,-58.56,-4.88,14.64,-78.08,-43.92,-53.68,161.04,87.84
-87.84,-48.8,39.04,68.32,-63.44,-4.88,14.64,-73.2,-48.8,-53.68,161.04,82.96
-63.44,-43.92,19.52,53.68,-43.92,-14.64,4.88,-78.08,-43.92,-53.68,161.04,78.08
-58.56,-39.04,19.52,48.8,-39.04,-9.76,4.88,-73.2,-43.92,-48.8,161.04,82.96
-53.68,-29.28,24.4,43.92,-39.04,-4.88,4.88,-68.32,-34.16,-39.04,156.16,78.08
-48.8,-29.28,19.52,39.04,-34.16,-4.88,9.76,-68.32,-29.28,-34.16,161.04,82.96
-29.28,-24.4,4.88,29.28,-19.52,-9.76,0,-82.96,-39.04,-53.68,146.4,73.2
-48.8,-29.28,19.52,39.04,-34.16,-4.88,4.88,-78.08,-39.04,-48.8,151.28,78.08
-29.28,-43.92,-14.64,39.04,-9.76,-29.28,-9.76,-92.72,-63.44,-63.44,131.76,53.68
-24.4,-39.04,-14.64,34.16,-4.88,-29.28,0,-87.84,-58.56,-53.68,141.52,68.32
-53.68,-34.16,19.52,43.92,-39.04,-9.76,9.76,-73.2,-43.92,-39.04,146.4,82.96
-63.44,-43.92,19.52,53.68,-43.92,-14.64,4.88,-73.2,-53.68,-43.92,141.52,78.08
-58.56,-39.04,19.52,48.8,-39.04,-9.76,-4.88,-73.2,-53.68,-53.68,131.76,82.96
-29.28,-43.92,-14.64,39.04,-9.76,-29.28,-9.76,-87.84,-63.44,-68.32,122,73.2
34.16,-34.16,-68.32,0,48.8,-53.68,-29.28,-107.36,-78.08,-78.08,97.6,53.68
14.64,-39.04,-53.68,14.64,34.16,-48.8,-24.4,-92.72,-73.2,-68.32,112.24,53.68
-63.44,-39.04,24.4,53.68,-43.92,-9.76,-4.88,-82.96,-58.56,-48.8,117.12,68.32
19.52,-34.16,-53.68,9.76,34.16,-43.92,-34.16,-112.24,-87.84,-78.08,92.72,43.92
-58.56,-34.16,24.4,48.8,-43.92,-4.88,0,-73.2,-53.68,-43.92,122,73.2
-82.96,-48.8,34.16,68.32,-58.56,-9.76,0,-82.96,-58.56,-43.92,126.88,73.2
-63.44,-53.68,9.76,58.56,-39.04,-24.4,0,-82.96,-58.56,-43.92,117.12,68.32
-73.2,-63.44,9.76,68.32,-43.92,-29.28,0,-73.2,-63.44,-43.92,122,68.32
-53.68,-63.44,-9.76,58.56,-24.4,-39.04,-9.76,-78.08,-73.2,-58.56,102.48,63.44
-24.4,-63.44,-39.04,43.92,4.88,-53.68,-24.4,-97.6,-87.84,-68.32,87.84,43.92
-29.28,-53.68,-24.4,43.92,-4.88,-39.04,-24.4,-102.48,-82.96,-63.44,87.84,48.8
-14.64,-39.04,-24.4,29.28,4.88,-34.16,-24.4,-92.72,-78.08,-58.56,97.6,58.56
4.88,-43.92,-48.8,19.52,24.4,-48.8,-24.4,-102.48,-82.96,-68.32,82.96,43.92
-14.64,-43.92,-29.28,29.28,4.88,-39.04,-24.4,-107.36,-87.84,-68.32,73.2,53.68
-53.68,-53.68,0,53.68,-29.28,-29.28,-14.64,-92.72,-73.2,-63.44,87.84,58.56
-43.92,-68.32,-24.4,58.56,-9.76,-48.8,-19.52,-102.48,-92.72,-73.2,82.96,53.68
4.88,-63.44,-68.32,29.28,34.16,-68.32,-34.16,-122,-107.36,-82.96,63.44,39.04
-39.04,-63.44,-24.4,53.68,-9.76,-43.92,-24.4,-92.72,-92.72,-63.44,82.96,58.56
-43.92,-73.2,-29.28,58.56,-9.76,-53.68,-29.28,-97.6,-92.72,-68.32,78.08,48.8
-29.28,-68.32,-39.04,48.8,4.88,-53.68,-34.16,-107.36,-102.48,-73.2,68.32,48.8
-43.92,-58.56,-14.64,53.68,-14.64,-39.04,-29.28,-102.48,-92.72,-58.56,73.2,48.8
-63.44,-78.08,-14.64,73.2,-24.4,-48.8,-29.28,-87.84,-92.72,-53.68,82.96,58.56
-48.8,-73.2,-24.4,63.44,-14.64,-48.8,-39.04,-102.48,-102.48,-68.32,68.32,43.92
-39.04,-82.96,-43.92,63.44,0,-63.44,-39.04,-117.12,-112.24,-82.96,58.56,43.92
-63.44,-73.2,-9.76,68.32,-29.28,-43.92,-29.28,-102.48,-102.48,-78.08,68.32,53.68
-19.52,-78.08,-58.56,48.8,19.52,-68.32,-43.92,-107.36,-112.24,-92.72,58.56,39.04
-4.88,-87.84,-82.96,48.8,39.04,-87.84,-63.44,-131.76,-126.88,-102.48,39.04,19.52
-24.4,-82.96,-58.56,53.68,14.64,-73.2,-48.8,-112.24,-117.12,-92.72,53.68,39.04
-68.32,-78.08,-9.76,73.2,-29.28,-43.92,-29.28,-87.84,-92.72,-63.44,73.2,53.68
-48.8,-73.2,-24.4,63.44,-14.64,-48.8,-34.16,-92.72,-102.48,-73.2,68.32,53.68
-19.52,-78.08,-58.56,48.8,19.52,-68.32,-48.8,-107.36,-107.36,-87.84,48.8,29.28
-73.2,-87.84,-14.64,82.96,-29.28,-53.68,-34.16,-87.84,-97.6,-73.2,68.32,48.8
-73.2,-82.96,-9.76,78.08,-34.16,-48.8,-34.16,-92.72,-97.6,-73.2,68.32,43.92
-43.92,-78.08,-34.16,63.44,-4.88,-58.56,-43.92,-107.36,-112.24,-82.96,58.56,39.04
-29.28,-82.96,-53.68,58.56,9.76,-68.32,-53.68,-117.12,-126.88,-102.48,43.92,19.52
-29.28,-87.84,-58.56,58.56,14.64,-73.2,-43.92,-107.36,-122,-92.72,48.8,34.16
-34.16,-82.96,-48.8,58.56,4.88,-68.32,-39.04,-102.48,-117.12,-82.96,53.68,43.92
-29.28,-87.84,-58.56,58.56,14.64,-73.2,-43.92,-97.6,-117.12,-82.96,63.44,48.8
-29.28,-87.84,-58.56,58.56,14.64,-73.2,-48.8,-97.6,-112.24,-78.08,58.56,43.92
-34.16,-92.72,-58.56,63.44,9.76,-78.08,-43.92,-97.6,-107.36,-73.2,68.32,48.8
-34.16,-87.84,-53.68,63.44,9.76,-73.2,-48.8,-107.36,-117.12,-78.08,63.44,34.16
-14.64,-92.72,-78.08,53.68,29.28,-87.84,-58.56,-102.48,-117.12,-82.96,58.56,34.16
-4.88,-102.48,-97.6,53.68,43.92,-102.48,-63.44,-112.24,-126.88,-92.72,43.92,24.4
-48.8,-102.48,-53.68,78.08,0,-78.08,-48.8,-107.36,-126.88,-87.84,58.56,39.04
-39.04,-107.36,-68.32,73.2,14.64,-87.84,-58.56,-112.24,-136.64,-102.48,48.8,29.28
-34.16,-102.48,-68.32,68.32,14.64,-87.84,-53.68,-102.48,-131.76,-97.6,58.56,39.04
-14.64,-87.84,-73.2,53.68,29.28,-82.96,-58.56,-102.48,-122,-87.84,53.68,43.92
-29.28,-107.36,-78.08,68.32,24.4,-92.72,-53.68,-97.6,-126.88,-87.84,58.56,43.92
-29.28,-122,-92.72,78.08,29.28,-107.36,-68.32,-102.48,-136.64,-97.6,43.92,24.4
-24.4,-126.88,-102.48,78.08,39.04,-117.12,-63.44,-107.36,-126.88,-92.72,48.8,24.4
-4.88,-112.24,-107.36,58.56,48.8,-112.24,-73.2,-107.36,-131.76,-97.6,43.92,24.4
0,-97.6,-97.6,48.8,48.8,-97.6,-53.68,-92.72,-117.12,-92.72,53.68,39.04
-24.4,-102.48,-78.08,63.44,24.4,-92.72,-58.56,-97.6,-122,-92.72,48.8,39.04
-19.52,-107.36,-87.84,63.44,34.16,-97.6,-63.44,-102.48,-131.76,-102.48,43.92,39.04
-14.64,-107.36,-92.72,63.44,39.04,-102.48,-68.32,-97.6,-131.76,-107.36,48.8,34.16
0,-117.12,-117.12,58.56,58.56,-117.12,-73.2,-107.36,-146.4,-112.24,39.04,19.52
0,-122,-122,63.44,58.56,-122,-78.08,-112.24,-151.28,-122,34.16,19.52
-9.76,-131.76,-122,73.2,53.68,-126.88,-78.08,-107.36,-151.28,-112.24,34.16,24.4
-19.52,-131.76,-112.24,78.08,43.92,-122,-73.2,-92.72,-136.64,-97.6,48.8,34.16
-14.64,-102.48,-87.84,58.56,34.16,-97.6,-63.44,-82.96,-122,-87.84,58.56,48.8
-4.88,-97.6,-92.72,53.68,43.92,-97.6,-68.32,-87.84,-126.88,-92.72,53.68,48.8
-14.64,-107.36,-92.72,63.44,39.04,-102.48,-68.32,-87.84,-131.76,-97.6,58.56,48.8
0,-117.12,-117.12,58.56,58.56,-117.12,-78.08,-107.36,-151.28,-107.36,34.16,34.16
4.88,-122,-126.88,58.56,63.44,-126.88,-87.84,-112.24,-156.16,-126.88,24.4,39.04
39.04,-112.24,-151.28,39.04,92.72,-131.76,-97.6,-122,-170.8,-136.64,14.64,24.4
9.76,-122,-131.76,58.56,68.32,-126.88,-82.96,-102.48,-156.16,-117.12,29.28,39.04
-4.88,-122,-117.12,63.44,53.68,-122,-82.96,-107.36,-156.16,-117.12,34.16,39.04
-4.88,-107.36,-102.48,58.56,48.8,-107.36,-78.08,-87.84,-146.4,-107.36,48.8,48.8
0,-117.12,-117.12,58.56,58.56,-117.12,-82.96,-87.84,-141.52,-97.6,43.92,43.92
-58.56,-122,-63.44,92.72,0,-92.72,-58.56,-78.08,-122,-82.96,63.44,58.56
-4.88,-112.24,-107.36,58.56,48.8,-112.24,-78.08,-97.6,-141.52,-112.24,39.04,43.92
34.16,-117.12,-151.28,43.92,92.72,-136.64,-97.6,-102.48,-151.28,-122,19.52,29.28
14.64,-112.24,-126.88,48.8,68.32,-122,-87.84,-107.36,-146.4,-122,24.4,39.04
29.28,-112.24,-141.52,43.92,82.96,-126.88,-82.96,-112.24,-151.28,-126.88,24.4,34.16
14.64,-117.12,-131.76,53.68,73.2,-126.88,-87.84,-117.12,-165.92,-136.64,19.52,29.28
-39.04,-122,-82.96,82.96,19.52,-102.48,-68.32,-102.48,-146.4,-122,34.16,48.8
-24.4,-122,-97.6,73.2,34.16,-112.24,-73.2,-107.36,-156.16,-131.76,29.28,43.92
24.4,-126.88,-151.28,53.68,87.84,-141.52,-92.72,-117.12,-165.92,-141.52,19.52,34.16
43.92,-122,-165.92,39.04,102.48,-146.4,-102.48,-112.24,-175.68,-146.4,9.76,19.52
9.76,-117.12,-126.88,53.68,68.32,-122,-87.84,-97.6,-151.28,-126.88,24.4,29.28
4.88,-102.48,-107.36,48.8,53.68,-107.36,-78.08,-92.72,-141.52,-112.24,39.04,43.92
4.88,-107.36,-112.24,53.68,58.56,-112.24,-82.96,-97.6,-141.52,-117.12,29.28,39.04
14.64,-107.36,-122,48.8,68.32,-117.12,-92.72,-107.36,-151.28,-131.76,19.52,29.28
0,-107.36,-107.36,53.68,53.68,-107.36,-82.96,-107.36,-151.28,-141.52,19.52,24.4
-48.8,-117.12,-68.32,82.96,9.76,-92.72,-73.2,-97.6,-141.52,-131.76,29.28,43.92
19.52,-126.88,-146.4,53.68,82.96,-136.64,-97.6,-122,-170.8,-151.28,4.88,9.76
34.16,-117.12,-151.28,43.92,92.72,-136.64,-87.84,-126.88,-165.92,-151.28,14.64,19.52
-19.52,-112.24,-92.72,68.32,34.16,-102.48,-68.32,-97.6,-146.4,-131.76,39.04,48.8
-14.64,-107.36,-92.72,63.44,39.04,-102.48,-73.2,-97.6,-146.4,-131.76,39.04,43.92
-14.64,-112.24,-97.6,63.44,39.04,-107.36,-82.96,-102.48,-146.4,-136.64,34.16,39.04
-4.88,-112.24,-107.36,58.56,48.8,-112.24,-82.96,-107.36,-151.28,-141.52,29.28,39.04
29.28,-117.12,-146.4,43.92,87.84,-131.76,-92.72,-117.12,-161.04,-156.16,19.52,24.4
4.88,-126.88,-131.76,63.44,68.32,-131.76,-87.84,-122,-161.04,-156.16,14.64,19.52
-39.04,-122,-82.96,82.96,19.52,-102.48,-73.2,-107.36,-141.52,-146.4,39.04,43.92
39.04,-107.36,-146.4,34.16,92.72,-126.88,-97.6,-122,-165.92,-165.92,14.64,24.4
0,-122,-122,63.44,58.56,-122,-87.84,-112.24,-156.16,-156.16,24.4,24.4
-19.52,-117.12,-97.6,68.32,39.04,-107.36,-82.96,-112.24,-151.28,-156.16,34.16,34.16
0,-122,-122,63.44,58.56,-122,-87.84,-112.24,-156.16,-161.04,24.4,24.4
19.52,-117.12,-136.64,48.8,78.08,-126.88,-97.6,-117.12,-165.92,-165.92,24.4,9.76
34.16,-107.36,-141.52,39.04,87.84,-126.88,-92.72,-117.12,-156.16,-161.04,34.16,19.52
-14.64,-112.24,-97.6,63.44,39.04,-107.36,-82.96,-112.24,-156.16,-161.04,34.16,24.4
-19.52,-131.76,-112.24,78.08,43.92,-122,-92.72,-117.12,-156.16,-170.8,29.28,19.52
-4.88,-122,-117.12,63.44,53.68,-122,-97.6,-122,-161.04,-170.8,29.28,14.64
14.64,-112.24,-126.88,48.8,68.32,-122,-97.6,-126.88,-170.8,-175.68,24.4,9.76
0,-97.6,-97.6,48.8,48.8,-97.6,-82.96,-112.24,-156.16,-170.8,43.92,24.4
-4.88,-102.48,-97.6,53.68,43.92,-102.48,-78.08,-107.36,-146.4,-161.04,48.8,19.52
-4.88,-107.36,-102.48,58.56,48.8,-107.36,-78.08,-112.24,-156.16,-170.8,53.68,14.64
-4.88,-102.48,-97.6,53.68,43.92,-102.48,-73.2,-102.48,-146.4,-156.16,58.56,24.4
-14.64,-107.36,-92.72,63.44,39.04,-102.48,-78.08,-107.36,-146.4,-156.16,58.56,24.4
-19.52,-102.48,-82.96,63.44,29.28,-92.72,-78.08,-112.24,-146.4,-161.04,63.44,29.28
0,-92.72,-92.72,48.8,43.92,-92.72,-78.08,-112.24,-146.4,-161.04,63.44,34.16
4.88,-107.36,-112.24,53.68,58.56,-112.24,-87.84,-117.12,-156.16,-165.92,53.68,24.4
9.76,-112.24,-122,53.68,63.44,-117.12,-92.72,-122,-165.92,-175.68,53.68,19.52
4.88,-112.24,-117.12,53.68,58.56,-117.12,-87.84,-126.88,-161.04,-175.68,58.56,19.52
24.4,-107.36,-131.76,43.92,78.08,-122,-97.6,-131.76,-170.8,-180.56,48.8,9.76
19.52,-112.24,-131.76,48.8,73.2,-122,-92.72,-126.88,-161.04,-175.68,53.68,9.76
9.76,-117.12,-126.88,53.68,68.32,-122,-97.6,-131.76,-170.8,-185.44,48.8,9.76
-34.16,-107.36,-73.2,73.2,19.52,-92.72,-73.2,-112.24,-151.28,-165.92,68.32,29.28
-9.76,-102.48,-92.72,58.56,39.04,-97.6,-82.96,-112.24,-146.4,-165.92,73.2,24.4
-34.16,-112.24,-78.08,73.2,19.52,-97.6,-78.08,-107.36,-141.52,-156.16,82.96,29.28
-14.64,-107.36,-92.72,63.44,39.04,-102.48,-82.96,-117.12,-151.28,-161.04,78.08,24.4
0,-122,-122,63.44,58.56,-122,-97.6,-131.76,-151.28,-165.92,68.32,9.76
-14.64,-122,-107.36,68.32,43.92,-117.12,-92.72,-126.88,-151.28,-165.92,78.08,9.76
-4.88,-107.36,-102.48,58.56,48.8,-107.36,-92.72,-126.88,-161.04,-175.68,68.32,14.64
-4.88,-112.24,-107.36,58.56,48.8,-112.24,-97.6,-131.76,-165.92,-190.32,68.32,14.64
-9.76,-112.24,-102.48,63.44,43.92,-107.36,-92.72,-122,-165.92,-190.32,73.2,19.52
4.88,-102.48,-107.36,48.8,53.68,-107.36,-92.72,-122,-165.92,-180.56,82.96,19.52
-4.88,-107.36,-102.48,58.56,48.8,-107.36,-87.84,-117.12,-165.92,-175.68,82.96,14.64
0,-102.48,-102.48,53.68,48.8,-102.48,-82.96,-117.12,-161.04,-165.92,87.84,19.52
4.88,-97.6,-102.48,48.8,53.68,-102.48,-82.96,-122,-151.28,-161.04,87.84,14.64
-19.52,-97.6,-78.08,58.56,29.28,-87.84,-82.96,-117.12,-146.4,-161.04,92.72,19.52
-39.04,-102.48,-63.44,73.2,9.76,-82.96,-73.2,-107.36,-136.64,-156.16,102.48,24.4
-24.4,-107.36,-82.96,68.32,29.28,-97.6,-92.72,-131.76,-156.16,-185.44,92.72,14.64
9.76,-97.6,-107.36,43.92,58.56,-102.48,-97.6,-146.4,-175.68,-195.2,78.08,0
29.28,-97.6,-126.88,34.16,78.08,-112.24,-102.48,-151.28,-185.44,-195.2,73.2,-4.88
9.76,-122,-131.76,58.56,68.32,-126.88,-97.6,-141.52,-180.56,-190.32,82.96,0
-19.52,-112.24,-92.72,68.32,34.16,-102.48,-97.6,-136.64,-175.68,-180.56,92.72,9.76
-14.64,-112.24,-97.6,63.44,39.04,-107.36,-97.6,-131.76,-170.8,-190.32,92.72,9.76
-14.64,-107.36,-92.72,63.44,39.04,-102.48,-87.84,-122,-156.16,-180.56,107.36,24.4
-39.04,-102.48,-63.44,73.2,9.76,-82.96,-73.2,-112.24,-131.76,-156.16,126.88,34.16
-53.68,-102.48,-48.8,78.08,-4.88,-78.08,-63.44,-112.24,-131.76,-151.28,131.76,39.04
-43.92,-112.24,-68.32,78.08,9.76,-92.72,-78.08,-117.12,-136.64,-146.4,122,29.28
-4.88,-107.36,-102.48,58.56,48.8,-107.36,-87.84,-131.76,-156.16,-161.04,117.12,19.52
14.64,-97.6,-112.24,43.92,63.44,-107.36,-92.72,-141.52,-165.92,-165.92,107.36,14.64
-4.88,-97.6,-92.72,53.68,43.92,-97.6,-87.84,-131.76,-165.92,-170.8,117.12,19.52
-43.92,-107.36,-63.44,78.08,9.76,-87.84,-73.2,-122,-151.28,-165.92,126.88,34.16
14.64,-107.36,-122,48.8,68.32,-117.12,-97.6,-141.52,-175.68,-195.2,107.36,9.76
34.16,-102.48,-136.64,34.16,82.96,-122,-97.6,-141.52,-175.68,-190.32,102.48,0
-29.28,-112.24,-82.96,73.2,24.4,-97.6,-82.96,-126.88,-156.16,-165.92,131.76,24.4
-9.76,-97.6,-87.84,53.68,39.04,-92.72,-92.72,-136.64,-156.16,-161.04,126.88,14.64
-43.92,-97.6,-53.68,73.2,4.88,-78.08,-82.96,-131.76,-151.28,-156.16,136.64,24.4
-73.2,-112.24,-39.04,92.72,-19.52,-78.08,-82.96,-131.76,-146.4,-156.16,136.64,24.4
-14.64,-87.84,-73.2,53.68,29.28,-82.96,-87.84,-136.64,-151.28,-161.04,141.52,19.52
-9.76,-78.08,-68.32,43.92,29.28,-73.2,-78.08,-131.76,-146.4,-156.16,146.4,34.16
-9.76,-78.08,-68.32,43.92,29.28,-73.2,-82.96,-126.88,-151.28,-161.04,146.4,34.16
-9.76,-82.96,-73.2,48.8,29.28,-78.08,-82.96,-126.88,-146.4,-161.04,146.4,29.28
-19.52,-92.72,-73.2,58.56,24.4,-82.96,-82.96,-126.88,-151.28,-165.92,151.28,39.04
-4.88,-87.84,-82.96,48.8,39.04,-87.84,-87.84,-131.76,-161.04,-170.8,146.4,24.4
-4.88,-97.6,-92.72,53.68,43.92,-97.6,-87.84,-131.76,-161.04,-165.92,151.28,19.52
-19.52,-97.6,-78.08,58.56,29.28,-87.84,-87.84,-136.64,-161.04,-165.92,151.28,14.64
-4.88,-92.72,-87.84,48.8,39.04,-92.72,-92.72,-141.52,-165.92,-170.8,151.28,19.52
4.88,-102.48,-107.36,48.8,53.68,-107.36,-92.72,-141.52,-165.92,-165.92,151.28,24.4
-24.4,-92.72,-68.32,58.56,19.52,-82.96,-82.96,-136.64,-151.28,-151.28,156.16,39.04
-39.04,-87.84,-48.8,63.44,4.88,-68.32,-82.96,-136.64,-146.4,-151.28,165.92,48.8
-24.4,-102.48,-78.08,63.44,24.4,-92.72,-92.72,-141.52,-156.16,-161.04,161.04,34.16
9.76,-92.72,-102.48,43.92,53.68,-97.6,-92.72,-141.52,-161.04,-170.8,156.16,29.28
-4.88,-87.84,-82.96,48.8,39.04,-87.84,-87.84,-131.76,-156.16,-156.16,165.92,39.04
-4.88,-87.84,-82.96,48.8,39.04,-87.84,-82.96,-131.76,-156.16,-156.16,165.92,39.04
-34.16,-82.96,-48.8,58.56,4.88,-68.32,-68.32,-117.12,-136.64,-141.52,185.44,48.8
-48.8,-82.96,-34.16,68.32,-9.76,-58.56,-68.32,-122,-136.64,-141.52,185.44,53.68
-24.4,-78.08,-53.68,53.68,14.64,-68.32,-78.08,-131.76,-146.4,-156.16,175.68,43.92
-14.64,-78.08,-63.44,48.8,24.4,-73.2,-78.08,-131.76,-141.52,-146.4,185.44,43.92
-29.28,-87.84,-58.56,58.56,14.64,-73.2,-73.2,-136.64,-141.52,-141.52,185.44,53.68
-4.88,-78.08,-73.2,43.92,34.16,-78.08,-82.96,-151.28,-151.28,-156.16,175.68,43.92
-14.64,-87.84,-73.2,53.68,29.28,-82.96,-78.08,-141.52,-146.4,-146.4,180.56,48.8
-14.64,-92.72,-78.08,53.68,29.28,-87.84,-82.96,-141.52,-156.16,-161.04,180.56,48.8
4.88,-73.2,-78.08,34.16,39.04,-78.08,-87.84,-141.52,-156.16,-156.16,175.68,48.8
-4.88,-68.32,-63.44,39.04,29.28,-68.32,-78.08,-126.88,-141.52,-141.52,185.44,53.68
-4.88,-82.96,-78.08,43.92,34.16,-82.96,-82.96,-131.76,-151.28,-146.4,180.56,43.92
-39.04,-82.96,-43.92,63.44,0,-63.44,-78.08,-131.76,-141.52,-136.64,195.2,43.92
-29.28,-82.96,-53.68,58.56,9.76,-68.32,-78.08,-136.64,-146.4,-146.4,190.32,48.8
-9.76,-78.08,-68.32,43.92,29.28,-73.2,-78.08,-126.88,-141.52,-136.64,195.2,53.68
-14.64,-82.96,-68.32,48.8,24.4,-78.08,-87.84,-136.64,-146.4,-141.52,190.32,48.8
-9.76,-73.2,-63.44,43.92,24.4,-68.32,-92.72,-146.4,-151.28,-151.28,180.56,43.92
-4.88,-73.2,-68.32,39.04,29.28,-73.2,-82.96,-136.64,-146.4,-146.4,185.44,48.8
-4.88,-78.08,-73.2,43.92,34.16,-78.08,-82.96,-151.28,-156.16,-165.92,180.56,43.92
19.52,-78.08,-97.6,29.28,58.56,-87.84,-87.84,-146.4,-156.16,-161.04,180.56,48.8
-34.16,-73.2,-39.04,53.68,0,-58.56,-68.32,-122,-131.76,-126.88,204.96,63.44
-39.04,-82.96,-43.92,63.44,0,-63.44,-73.2,-126.88,-126.88,-126.88,204.96,58.56
-24.4,-73.2,-48.8,48.8,9.76,-63.44,-78.08,-131.76,-131.76,-131.76,200.08,63.44
-24.4,-78.08,-53.68,53.68,14.64,-68.32,-82.96,-141.52,-141.52,-141.52,200.08,53.68
-34.16,-87.84,-53.68,63.44,9.76,-73.2,-68.32,-131.76,-136.64,-141.52,204.96,53.68
-14.64,-82.96,-68.32,48.8,24.4,-78.08,-73.2,-141.52,-141.52,-146.4,200.08,58.56
-29.28,-87.84,-58.56,58.56,14.64,-73.2,-82.96,-146.4,-151.28,-156.16,190.32,48.8
-34.16,-87.84,-53.68,63.44,9.76,-73.2,-73.2,-131.76,-146.4,-141.52,200.08,53.68
-14.64,-73.2,-58.56,43.92,19.52,-68.32,-73.2,-136.64,-146.4,-141.52,200.08,58.56
-19.52,-73.2,-53.68,48.8,14.64,-63.44,-68.32,-131.76,-136.64,-141.52,204.96,68.32
-24.4,-63.44,-39.04,43.92,4.88,-53.68,-63.44,-117.12,-126.88,-126.88,204.96,63.44
-34.16,-63.44,-29.28,48.8,-4.88,-48.8,-63.44,-126.88,-122,-126.88,209.84,63.44
-19.52,-58.56,-39.04,39.04,9.76,-48.8,-63.44,-131.76,-126.88,-131.76,214.72,63.44
-14.64,-43.92,-29.28,29.28,4.88,-39.04,-53.68,-122,-122,-131.76,209.84,73.2
-29.28,-58.56,-29.28,43.92,0,-43.92,-48.8,-122,-122,-136.64,214.72,68.32
-29.28,-53.68,-24.4,43.92,-4.88,-39.04,-48.8,-122,-122,-136.64,219.6,78.08
-14.64,-39.04,-24.4,29.28,4.88,-34.16,-39.04,-112.24,-117.12,-126.88,219.6,78.08
-43.92,-39.04,4.88,43.92,-24.4,-19.52,-24.4,-102.48,-107.36,-117.12,224.48,92.72
-58.56,-39.04,19.52,48.8,-39.04,-9.76,-14.64,-97.6,-97.6,-112.24,234.24,92.72
-48.8,-14.64,34.16,34.16,-43.92,9.76,-14.64,-97.6,-92.72,-107.36,239.12,102.48
-29.28,0,29.28,14.64,-29.28,14.64,-4.88,-82.96,-82.96,-97.6,244,112.24
-34.16,0,34.16,19.52,-34.16,14.64,4.88,-68.32,-68.32,-82.96,248.88,117.12
-34.16,0,34.16,19.52,-34.16,14.64,14.64,-73.2,-68.32,-87.84,248.88,117.12
-9.76,4.88,14.64,4.88,-14.64,9.76,14.64,-68.32,-68.32,-82.96,253.76,126.88
-4.88,-9.76,-4.88,9.76,0,-9.76,14.64,-63.44,-63.44,-78.08,253.76,122
-4.88,-29.28,-24.4,19.52,9.76,-29.28,4.88,-73.2,-73.2,-87.84,244,107.36
9.76,-19.52,-29.28,4.88,19.52,-24.4,-4.88,-82.96,-78.08,-97.6,234.24,107.36
0,-19.52,-19.52,9.76,9.76,-19.52,-4.88,-87.84,-82.96,-97.6,239.12,107.36
-14.64,-24.4,-9.76,19.52,-4.88,-19.52,9.76,-78.08,-78.08,-97.6,244,107.36
0,-14.64,-14.64,9.76,4.88,-14.64,4.88,-73.2,-78.08,-102.48,239.12,102.48
-4.88,-19.52,-14.64,14.64,4.88,-19.52,0,-73.2,-73.2,-92.72,244,102.48
-19.52,-14.64,4.88,19.52,-14.64,-4.88,0,-73.2,-68.32,-87.84,248.88,122
14.64,-14.64,-29.28,0,19.52,-24.4,-19.52,-73.2,-78.08,-87.84,239.12,117.12
34.16,-9.76,-43.92,-9.76,39.04,-29.28,-34.16,-82.96,-82.96,-97.6,244,112.24
63.44,-9.76,-73.2,-24.4,68.32,-43.92,-48.8,-97.6,-87.84,-97.6,234.24,102.48
48.8,-19.52,-68.32,-14.64,58.56,-43.92,-58.56,-97.6,-92.72,-97.6,239.12,107.36
-39.04,-29.28,9.76,34.16,-24.4,-9.76,-48.8,-78.08,-78.08,-78.08,258.64,136.64
0,-34.16,-34.16,19.52,14.64,-34.16,-63.44,-97.6,-92.72,-97.6,239.12,117.12
43.92,-34.16,-78.08,-4.88,58.56,-58.56,-73.2,-97.6,-102.48,-107.36,229.36,112.24
73.2,0,-73.2,-34.16,73.2,-39.04,-68.32,-92.72,-87.84,-97.6,244,122
9.76,4.88,-4.88,-4.88,4.88,0,-48.8,-63.44,-63.44,-73.2,268.4,141.52
29.28,-9.76,-39.04,-9.76,34.16,-24.4,-53.68,-78.08,-73.2,-92.72,263.52,141.52
19.52,-9.76,-29.28,-4.88,24.4,-19.52,-63.44,-73.2,-73.2,-82.96,263.52,141.52
9.76,-9.76,-19.52,0,14.64,-14.64,-68.32,-78.08,-68.32,-78.08,273.28,141.52
68.32,-4.88,-73.2,-29.28,68.32,-39.04,-87.84,-97.6,-92.72,-97.6,253.76,126.88
39.04,-9.76,-48.8,-14.64,43.92,-29.28,-82.96,-92.72,-87.84,-92.72,263.52,131.76
-48.8,-24.4,24.4,39.04,-39.04,0,-73.2,-78.08,-78.08,-73.2,268.4,141.52
-53.68,-34.16,19.52,43.92,-39.04,-9.76,-73.2,-87.84,-82.96,-92.72,263.52,136.64
-19.52,-53.68,-34.16,39.04,4.88,-43.92,-82.96,-122,-112.24,-122,234.24,117.12
-4.88,-43.92,-39.04,24.4,14.64,-43.92,-97.6,-131.76,-126.88,-136.64,224.48,112.24
-4.88,-39.04,-34.16,24.4,14.64,-39.04,-92.72,-126.88,-117.12,-131.76,224.48,112.24
-29.28,-48.8,-19.52,39.04,-4.88,-34.16,-87.84,-126.88,-117.12,-141.52,229.36,117.12
-24.4,-48.8,-24.4,39.04,0,-39.04,-92.72,-131.76,-126.88,-141.52,214.72,107.36
-9.76,-48.8,-39.04,29.28,14.64,-43.92,-92.72,-131.76,-122,-141.52,219.6,102.48
-29.28,-58.56,-29.28,43.92,0,-43.92,-82.96,-126.88,-117.12,-131.76,219.6,107.36
-14.64,-58.56,-43.92,39.04,14.64,-53.68,-73.2,-122,-112.24,-131.76,219.6,107.36
-24.4,-58.56,-34.16,43.92,4.88,-48.8,-78.08,-126.88,-126.88,-136.64,214.72,97.6
-34.16,-63.44,-29.28,48.8,-4.88,-48.8,-78.08,-136.64,-131.76,-156.16,204.96,97.6
-43.92,-68.32,-24.4,58.56,-9.76,-48.8,-78.08,-141.52,-141.52,-161.04,200.08,97.6
-53.68,-73.2,-19.52,63.44,-19.52,-48.8,-78.08,-141.52,-146.4,-161.04,200.08,92.72
-63.44,-82.96,-19.52,73.2,-24.4,-53.68,-87.84,-151.28,-151.28,-165.92,195.2,82.96
-68.32,-82.96,-14.64,78.08,-29.28,-48.8,-82.96,-156.16,-151.28,-175.68,185.44,82.96
-53.68,-82.96,-29.28,68.32,-14.64,-58.56,-87.84,-161.04,-156.16,-185.44,175.68,73.2
-48.8,-82.96,-34.16,68.32,-9.76,-58.56,-87.84,-161.04,-151.28,-190.32,175.68,73.2
-68.32,-92.72,-24.4,82.96,-24.4,-58.56,-82.96,-161.04,-156.16,-185.44,180.56,73.2
-63.44,-97.6,-34.16,82.96,-14.64,-68.32,-82.96,-170.8,-156.16,-190.32,175.68,73.2
-48.8,-78.08,-29.28,63.44,-9.76,-53.68,-87.84,-175.68,-161.04,-200.08,170.8,63.44
-78.08,-82.96,-4.88,82.96,-39.04,-43.92,-73.2,-165.92,-151.28,-190.32,185.44,73.2
-102.48,-92.72,9.76,97.6,-58.56,-43.92,-68.32,-165.92,-151.28,-190.32,185.44,78.08
-78.08,-82.96,-4.88,82.96,-39.04,-43.92,-68.32,-156.16,-151.28,-185.44,185.44,78.08
-63.44,-78.08,-14.64,73.2,-24.4,-48.8,-73.2,-161.04,-151.28,-185.44,180.56,73.2
-63.44,-73.2,-9.76,68.32,-29.28,-43.92,-68.32,-156.16,-146.4,-185.44,185.44,78.08
-73.2,-82.96,-9.76,78.08,-34.16,-48.8,-73.2,-151.28,-151.28,-190.32,180.56,73.2
-58.56,-78.08,-19.52,68.32,-19.52,-48.8,-73.2,-156.16,-156.16,-195.2,175.68,68.32
-68.32,-82.96,-14.64,78.08,-29.28,-48.8,-68.32,-156.16,-156.16,-190.32,175.68,73.2
-78.08,-87.84,-9.76,82.96,-34.16,-48.8,-68.32,-156.16,-151.28,-200.08,170.8,73.2
-73.2,-82.96,-9.76,78.08,-34.16,-48.8,-73.2,-161.04,-156.16,-200.08,165.92,63.44
-68.32,-82.96,-14.64,78.08,-29.28,-48.8,-63.44,-161.04,-151.28,-195.2,170.8,73.2
-73.2,-87.84,-14.64,82.96,-29.28,-53.68,-63.44,-161.04,-156.16,-190.32,170.8,73.2
-82.96,-73.2,9.76,78.08,-48.8,-34.16,-58.56,-151.28,-146.4,-190.32,170.8,78.08
-82.96,-78.08,4.88,82.96,-43.92,-39.04,-58.56,-151.28,-136.64,-185.44,170.8,73.2
-97.6,-78.08,19.52,87.84,-58.56,-29.28,-58.56,-151.28,-136.64,-185.44,175.68,73.2
-78.08,-78.08,0,78.08,-39.04,-39.04,-68.32,-156.16,-146.4,-185.44,165.92,68.32
-68.32,-82.96,-14.64,78.08,-29.28,-48.8,-73.2,-156.16,-151.28,-190.32,156.16,63.44
-68.32,-82.96,-14.64,78.08,-29.28,-48.8,-63.44,-161.04,-156.16,-185.44,161.04,63.44
-78.08,-82.96,-4.88,82.96,-39.04,-43.92,-53.68,-151.28,-146.4,-180.56,165.92,73.2
-82.96,-78.08,4.88,82.96,-43.92,-39.04,-58.56,-151.28,-151.28,-180.56,161.04,73.2
-39.04,-68.32,-29.28,53.68,-4.88,-48.8,-63.44,-161.04,-156.16,-190.32,151.28,63.44
-39.04,-68.32,-29.28,53.68,-4.88,-48.8,-58.56,-161.04,-156.16,-185.44,151.28,68.32
-68.32,-68.32,0,68.32,-34.16,-34.16,-53.68,-151.28,-156.16,-185.44,151.28,78.08
-73.2,-73.2,0,73.2,-39.04,-39.04,-53.68,-156.16,-146.4,-180.56,146.4,68.32
-78.08,-73.2,4.88,78.08,-43.92,-34.16,-43.92,-141.52,-136.64,-170.8,156.16,68.32
-102.48,-63.44,39.04,82.96,-73.2,-14.64,-29.28,-122,-126.88,-156.16,161.04,78.08
-97.6,-58.56,39.04,78.08,-68.32,-9.76,-34.16,-131.76,-126.88,-156.16,156.16,78.08
-122,-58.56,63.44,92.72,-92.72,0,-19.52,-141.52,-131.76,-156.16,151.28,87.84
-122,-43.92,78.08,82.96,-102.48,14.64,-14.64,-146.4,-136.64,-170.8,156.16,102.48
-122,-24.4,97.6,73.2,-112.24,34.16,-14.64,-161.04,-146.4,-180.56,165.92,107.36
-117.12,9.76,126.88,53.68,-122,68.32,4.88,-165.92,-141.52,-175.68,185.44,131.76
-131.76,19.52,151.28,58.56,-141.52,82.96,24.4,-170.8,-136.64,-175.68,190.32,141.52
-126.88,0,126.88,63.44,-126.88,63.44,48.8,-156.16,-136.64,-200.08,165.92,122
-131.76,-14.64,117.12,73.2,-126.88,48.8,87.84,-102.48,-102.48,-185.44,156.16,107.36
-170.8,-34.16,136.64,102.48,-156.16,48.8,141.52,-4.88,-24.4,-122,190.32,131.76
-146.4,-34.16,112.24,92.72,-131.76,39.04,151.28,53.68,29.28,-48.8,229.36,141.52
-53.68,-9.76,43.92,34.16,-48.8,14.64,131.76,107.36,87.84,34.16,278.16,165.92
-48.8,-14.64,34.16,34.16,-43.92,9.76,146.4,219.6,204.96,185.44,366,214.72
0,0,0,0,0,0,165.92,395.28,361.12,370.88,468.48,273.28
131.76,48.8,-82.96,-87.84,107.36,-19.52,170.8,556.32,531.92,570.96,566.08,317.2
273.28,82.96,-190.32,-175.68,229.36,-53.68,131.76,717.36,707.6,775.92,673.44,375.76
395.28,117.12,-278.16,-253.76,336.72,-82.96,58.56,868.64,873.52,1010.16,790.56,434.32
478.24,146.4,-331.84,-312.32,405.04,-92.72,-48.8,936.96,980.88,1210.24,893.04,492.88
590.48,165.92,-424.56,-375.76,507.52,-131.76,-156.16,985.76,1078.48,1405.44,976,536.8
722.24,224.48,-497.76,-473.36,610,-136.64,-253.76,1010.16,1161.44,1571.36,1054.08,580.72
766.16,292.8,-473.36,-527.04,619.76,-92.72,-356.24,932.08,1176.08,1712.88,1117.52,614.88
780.8,322.08,-458.72,-551.44,619.76,-68.32,-424.56,873.52,1195.6,1839.76,1151.68,629.52
775.92,302.56,-473.36,-536.8,624.64,-87.84,-458.72,814.96,1220,1912.96,1137.04,600.24
678.32,209.84,-468.48,-444.08,570.96,-131.76,-444.08,732,1166.32,1873.92,1034.56,492.88
575.84,92.72,-483.12,-331.84,527.04,-195.2,-414.8,610,1044.32,1703.12,849.12,351.36
444.08,-4.88,-448.96,-219.6,444.08,-229.36,-405.04,424.56,819.84,1366.4,614.88,209.84
287.92,-58.56,-346.48,-112.24,317.2,-204.96,-375.76,175.68,536.8,951.6,395.28,107.36
165.92,-78.08,-244,-43.92,204.96,-161.04,-370.88,-39.04,297.68,614.88,234.24,43.92
29.28,-122,-151.28,48.8,87.84,-136.64,-341.6,-156.16,141.52,385.52,141.52,4.88
-53.68,-136.64,-82.96,97.6,14.64,-112.24,-307.44,-297.68,-39.04,151.28,63.44,-14.64
-122,-102.48,19.52,112.24,-73.2,-43.92,-287.92,-429.44,-214.72,-53.68,19.52,-14.64
-156.16,-78.08,78.08,117.12,-117.12,0,-253.76,-492.88,-322.08,-175.68,-4.88,-4.88
-151.28,-58.56,92.72,107.36,-122,14.64,-214.72,-483.12,-351.36,-219.6,-4.88,-4.88
-151.28,-58.56,92.72,107.36,-122,14.64,-185.44,-424.56,-326.96,-204.96,-4.88,-4.88
-126.88,-73.2,53.68,102.48,-92.72,-9.76,-180.56,-366,-283.04,-185.44,0,-14.64
-107.36,-82.96,24.4,97.6,-68.32,-29.28,-161.04,-302.56,-234.24,-146.4,9.76,-4.88
-92.72,-87.84,4.88,92.72,-48.8,-43.92,-131.76,-239.12,-185.44,-112.24,29.28,9.76
-68.32,-78.08,-9.76,73.2,-29.28,-43.92,-112.24,-195.2,-146.4,-82.96,39.04,14.64
-97.6,-73.2,24.4,87.84,-63.44,-24.4,-78.08,-136.64,-92.72,-43.92,73.2,43.92
-107.36,-68.32,39.04,87.84,-73.2,-14.64,-53.68,-102.48,-68.32,-29.28,82.96,48.8
-68.32,-58.56,9.76,63.44,-39.04,-24.4,-43.92,-82.96,-63.44,-34.16,78.08,43.92
-53.68,-48.8,4.88,53.68,-29.28,-24.4,-34.16,-73.2,-53.68,-34.16,73.2,39.04
-73.2,-39.04,34.16,58.56,-53.68,-4.88,-4.88,-48.8,-34.16,-14.64,87.84,58.56
-58.56,-39.04,19.52,48.8,-39.04,-9.76,0,-39.04,-34.16,-19.52,78.08,53.68
-58.56,-39.04,19.52,48.8,-39.04,-9.76,-9.76,-48.8,-43.92,-34.16,68.32,39.04
-48.8,-43.92,4.88,48.8,-29.28,-19.52,-9.76,-58.56,-53.68,-43.92,53.68,29.28
-53.68,-53.68,0,53.68,-29.28,-29.28,-4.88,-58.56,-53.68,-43.92,53.68,29.28
-97.6,-63.44,34.16,82.96,-68.32,-14.64,4.88,-58.56,-48.8,-43.92,53.68,24.4
-82.96,-63.44,19.52,73.2,-53.68,-24.4,0,-68.32,-58.56,-58.56,43.92,19.52
-39.04,-68.32,-29.28,53.68,-4.88,-48.8,-9.76,-87.84,-87.84,-78.08,29.28,4.88
-68.32,-58.56,9.76,63.44,-39.04,-24.4,4.88,-73.2,-73.2,-68.32,39.04,24.4
-68.32,-39.04,29.28,53.68,-48.8,-4.88,14.64,-53.68,-68.32,-58.56,39.04,29.28
-78.08,-48.8,29.28,63.44,-53.68,-9.76,9.76,-58.56,-63.44,-58.56,39.04,29.28
-87.84,-53.68,34.16,73.2,-63.44,-9.76,4.88,-58.56,-68.32,-68.32,34.16,24.4
-53.68,-48.8,4.88,53.68,-29.28,-24.4,-9.76,-68.32,-73.2,-78.08,24.4,9.76
-68.32,-53.68,14.64,63.44,-43.92,-19.52,0,-58.56,-68.32,-63.44,24.4,14.64
-78.08,-53.68,24.4,68.32,-53.68,-14.64,9.76,-48.8,-53.68,-48.8,39.04,24.4
-92.72,-58.56,34.16,78.08,-63.44,-14.64,9.76,-53.68,-53.68,-53.68,34.16,24.4
-78.08,-58.56,19.52,68.32,-48.8,-19.52,9.76,-68.32,-68.32,-68.32,19.52,14.64
-68.32,-63.44,4.88,68.32,-39.04,-29.28,0,-73.2,-78.08,-78.08,9.76,4.88
-78.08,-73.2,4.88,78.08,-43.92,-34.16,0,-78.08,-82.96,-92.72,4.88,0
-48.8,-48.8,0,48.8,-24.4,-24.4,9.76,-73.2,-82.96,-87.84,0,-4.88
-19.52,-43.92,-24.4,34.16,0,-34.16,0,-73.2,-82.96,-82.96,0,0
-87.84,-53.68,34.16,73.2,-63.44,-9.76,14.64,-58.56,-68.32,-68.32,9.76,14.64
-97.6,-53.68,43.92,78.08,-73.2,-4.88,19.52,-48.8,-58.56,-63.44,14.64,24.4
-87.84,-53.68,34.16,73.2,-63.44,-9.76,14.64,-58.56,-63.44,-63.44,4.88,14.64
-87.84,-53.68,34.16,73.2,-63.44,-9.76,14.64,-58.56,-58.56,-58.56,4.88,19.52
-58.56,-48.8,9.76,53.68,-34.16,-19.52,14.64,-63.44,-63.44,-63.44,-4.88,9.76
-34.16,-53.68,-19.52,43.92,-9.76,-39.04,-4.88,-82.96,-82.96,-82.96,-24.4,-9.76
-63.44,-58.56,4.88,63.44,-34.16,-29.28,4.88,-73.2,-78.08,-73.2,-14.64,0
-107.36,-48.8,58.56,78.08,-82.96,4.88,29.28,-53.68,-63.44,-53.68,0,14.64
-102.48,-48.8,53.68,78.08,-78.08,0,29.28,-48.8,-58.56,-48.8,-4.88,14.64
-78.08,-48.8,29.28,63.44,-53.68,-9.76,9.76,-63.44,-73.2,-63.44,-24.4,-4.88
-73.2,-58.56,14.64,68.32,-43.92,-24.4,-4.88,-68.32,-78.08,-78.08,-43.92,-14.64
-73.2,-48.8,24.4,63.44,-48.8,-14.64,0,-63.44,-73.2,-73.2,-34.16,-9.76
-87.84,-48.8,39.04,68.32,-63.44,-4.88,9.76,-48.8,-63.44,-53.68,-24.4,-4.88
-78.08,-48.8,29.28,63.44,-53.68,-9.76,14.64,-48.8,-63.44,-53.68,-34.16,-4.88
-82.96,-34.16,48.8,58.56,-68.32,4.88,29.28,-43.92,-63.44,-39.04,-29.28,9.76
-34.16,-29.28,4.88,34.16,-19.52,-14.64,19.52,-53.68,-68.32,-48.8,-39.04,-4.88
-73.2,-39.04,34.16,58.56,-53.68,-4.88,24.4,-43.92,-63.44,-43.92,-39.04,0
-48.8,-39.04,9.76,43.92,-29.28,-14.64,14.64,-58.56,-82.96,-58.56,-58.56,-14.64
-97.6,-39.04,58.56,68.32,-78.08,9.76,29.28,-43.92,-68.32,-43.92,-43.92,0
-58.56,-39.04,19.52,48.8,-39.04,-9.76,14.64,-53.68,-73.2,-53.68,-58.56,-14.64
-4.88,-34.16,-29.28,19.52,9.76,-34.16,-4.88,-63.44,-87.84,-58.56,-78.08,-29.28
-24.4,-39.04,-14.64,34.16,-4.88,-29.28,0,-58.56,-78.08,-63.44,-73.2,-29.28
-53.68,-39.04,14.64,48.8,-34.16,-14.64,9.76,-43.92,-63.44,-43.92,-63.44,-14.64
-87.84,-43.92,43.92,68.32,-68.32,0,14.64,-43.92,-53.68,-39.04,-58.56,0
-78.08,-48.8,29.28,63.44,-53.68,-9.76,14.64,-48.8,-63.44,-48.8,-68.32,-4.88
-82.96,-43.92,39.04,63.44,-63.44,-4.88,19.52,-48.8,-63.44,-43.92,-63.44,4.88
-82.96,-48.8,34.16,68.32,-58.56,-9.76,14.64,-48.8,-68.32,-39.04,-68.32,0
-48.8,-39.04,9.76,43.92,-29.28,-14.64,14.64,-48.8,-73.2,-48.8,-78.08,-9.76
-29.28,-29.28,0,29.28,-14.64,-14.64,4.88,-48.8,-73.2,-53.68,-87.84,-14.64
-87.84,-39.04,48.8,63.44,-68.32,4.88,24.4,-34.16,-53.68,-39.04,-73.2,-9.76
-82.96,-34.16,48.8,58.56,-68.32,4.88,29.28,-24.4,-48.8,-29.28,-73.2,-4.88
-73.2,-29.28,43.92,53.68,-58.56,4.88,19.52,-29.28,-48.8,-39.04,-82.96,-14.64
-63.44,-34.16,29.28,48.8,-48.8,-4.88,14.64,-29.28,-53.68,-34.16,-82.96,-19.52
-92.72,-39.04,53.68,68.32,-73.2,4.88,24.4,-19.52,-39.04,-24.4,-78.08,-9.76
-87.84,-43.92,43.92,68.32,-68.32,0,19.52,-29.28,-48.8,-29.28,-87.84,-9.76
-78.08,-53.68,24.4,68.32,-53.68,-14.64,9.76,-43.92,-58.56,-39.04,-97.6,-19.52
-87.84,-53.68,34.16,73.2,-63.44,-9.76,19.52,-29.28,-48.8,-24.4,-82.96,-4.88
-43.92,-29.28,14.64,39.04,-29.28,-9.76,14.64,-39.04,-53.68,-39.04,-97.6,-14.64
-58.56,-9.76,48.8,34.16,-53.68,19.52,24.4,-9.76,-34.16,-24.4,-82.96,4.88
-39.04,-19.52,19.52,29.28,-29.28,0,24.4,-9.76,-29.28,-24.4,-92.72,-4.88
-48.8,-24.4,24.4,39.04,-39.04,0,19.52,-4.88,-34.16,-14.64,-92.72,-9.76
-29.28,-14.64,14.64,24.4,-24.4,0,9.76,-9.76,-24.4,-19.52,-97.6,-9.76
-43.92,-19.52,24.4,34.16,-34.16,0,19.52,-4.88,-14.64,-4.88,-97.6,-9.76
-68.32,-29.28,39.04,48.8,-53.68,4.88,34.16,4.88,-9.76,4.88,-97.6,-9.76
-53.68,-34.16,19.52,43.92,-39.04,-9.76,24.4,-9.76,-19.52,-4.88,-102.48,-24.4
-53.68,-39.04,14.64,48.8,-34.16,-14.64,9.76,-19.52,-34.16,-14.64,-112.24,-34.16
-78.08,-39.04,39.04,58.56,-58.56,0,34.16,0,-14.64,0,-107.36,-19.52
-48.8,-19.52,29.28,34.16,-39.04,4.88,39.04,9.76,-14.64,0,-107.36,-19.52
-29.28,-4.88,24.4,19.52,-29.28,9.76,24.4,4.88,-14.64,0,-112.24,-24.4
-29.28,-14.64,14.64,24.4,-24.4,0,29.28,9.76,-4.88,4.88,-112.24,-29.28
-34.16,-24.4,9.76,29.28,-24.4,-9.76,24.4,14.64,-4.88,0,-122,-34.16
-9.76,-14.64,-4.88,14.64,-4.88,-9.76,14.64,14.64,-4.88,0,-126.88,-34.16
9.76,-9.76,-19.52,0,14.64,-14.64,9.76,9.76,0,4.88,-131.76,-43.92
-24.4,-9.76,14.64,19.52,-19.52,0,29.28,24.4,9.76,14.64,-122,-34.16
-53.68,-4.88,48.8,29.28,-53.68,19.52,43.92,43.92,29.28,39.04,-112.24,-19.52
-24.4,-4.88,19.52,14.64,-24.4,4.88,34.16,34.16,24.4,29.28,-112.24,-24.4
-14.64,-9.76,4.88,14.64,-9.76,-4.88,39.04,34.16,19.52,24.4,-122,-29.28
-4.88,0,4.88,4.88,-4.88,0,24.4,29.28,9.76,19.52,-131.76,-39.04
-34.16,-4.88,29.28,19.52,-34.16,9.76,34.16,43.92,24.4,34.16,-122,-29.28
-34.16,-9.76,24.4,24.4,-29.28,4.88,29.28,48.8,24.4,34.16,-126.88,-34.16
-4.88,-9.76,-4.88,9.76,0,-9.76,24.4,48.8,24.4,29.28,-136.64,-43.92
0,4.88,4.88,0,-4.88,4.88,24.4,63.44,34.16,48.8,-131.76,-34.16
34.16,19.52,-14.64,-24.4,24.4,0,24.4,73.2,43.92,58.56,-131.76,-39.04
43.92,9.76,-34.16,-24.4,39.04,-14.64,24.4,68.32,43.92,53.68,-141.52,-53.68
-14.64,9.76,24.4,4.88,-19.52,14.64,39.04,82.96,68.32,78.08,-122,-29.28
-43.92,14.64,58.56,14.64,-53.68,34.16,53.68,97.6,78.08,87.84,-112.24,-9.76
-34.16,4.88,39.04,14.64,-39.04,19.52,43.92,92.72,73.2,82.96,-122,-19.52
14.64,14.64,0,-14.64,4.88,4.88,24.4,87.84,58.56,68.32,-141.52,-29.28
0,19.52,19.52,-9.76,-9.76,19.52,34.16,102.48,78.08,87.84,-131.76,-14.64
-24.4,19.52,43.92,4.88,-34.16,29.28,34.16,112.24,82.96,97.6,-131.76,-19.52
24.4,24.4,0,-24.4,9.76,9.76,29.28,107.36,78.08,92.72,-141.52,-29.28
14.64,24.4,9.76,-19.52,0,14.64,24.4,112.24,87.84,97.6,-141.52,-29.28
4.88,24.4,19.52,-14.64,-9.76,19.52,34.16,131.76,107.36,122,-131.76,-14.64
39.04,39.04,0,-39.04,19.52,19.52,34.16,136.64,112.24,126.88,-136.64,-19.52
63.44,43.92,-19.52,-53.68,39.04,9.76,29.28,136.64,117.12,131.76,-136.64,-19.52
63.44,58.56,-4.88,-58.56,34.16,24.4,39.04,151.28,131.76,141.52,-126.88,-9.76
48.8,53.68,4.88,-48.8,19.52,29.28,43.92,165.92,141.52,156.16,-122,-4.88
29.28,48.8,19.52,-39.04,4.88,34.16,48.8,185.44,151.28,161.04,-122,0
58.56,63.44,4.88,-58.56,24.4,34.16,39.04,185.44,156.16,165.92,-122,-4.88
43.92,58.56,14.64,-48.8,14.64,34.16,34.16,195.2,165.92,180.56,-122,0
39.04,53.68,14.64,-43.92,9.76,34.16,43.92,209.84,180.56,200.08,-122,9.76
87.84,68.32,-19.52,-78.08,53.68,24.4,24.4,209.84,175.68,195.2,-131.76,-4.88
92.72,68.32,-24.4,-78.08,58.56,19.52,24.4,219.6,190.32,209.84,-122,-4.88
34.16,73.2,39.04,-53.68,-4.88,53.68,48.8,258.64,224.48,244,-97.6,19.52
78.08,73.2,-4.88,-73.2,39.04,34.16,39.04,253.76,219.6,239.12,-117.12,9.76
107.36,73.2,-34.16,-87.84,68.32,19.52,29.28,253.76,219.6,239.12,-122,4.88
68.32,82.96,14.64,-73.2,24.4,48.8,43.92,283.04,248.88,273.28,-97.6,19.52
73.2,78.08,4.88,-73.2,34.16,39.04,39.04,297.68,248.88,268.4,-102.48,19.52
107.36,82.96,-24.4,-92.72,63.44,29.28,24.4,297.68,253.76,268.4,-112.24,14.64
126.88,97.6,-29.28,-112.24,78.08,34.16,24.4,312.32,268.4,287.92,-107.36,24.4
73.2,97.6,24.4,-82.96,24.4,58.56,43.92,351.36,307.44,331.84,-78.08,53.68
82.96,107.36,24.4,-92.72,29.28,63.44,43.92,370.88,322.08,346.48,-73.2,53.68
126.88,112.24,-14.64,-117.12,68.32,48.8,34.16,370.88,331.84,356.24,-73.2,48.8
107.36,112.24,4.88,-107.36,48.8,58.56,39.04,390.4,336.72,370.88,-73.2,58.56
146.4,112.24,-34.16,-126.88,87.84,39.04,24.4,395.28,346.48,380.64,-73.2,53.68
161.04,122,-39.04,-141.52,97.6,39.04,24.4,405.04,356.24,395.28,-68.32,53.68
151.28,131.76,-19.52,-141.52,82.96,53.68,29.28,429.44,380.64,419.68,-58.56,63.44
156.16,141.52,-14.64,-146.4,82.96,63.44,43.92,453.84,405.04,439.2,-48.8,68.32
136.64,141.52,4.88,-136.64,63.44,73.2,43.92,463.6,414.8,453.84,-39.04,73.2
165.92,141.52,-24.4,-151.28,92.72,58.56,29.28,468.48,419.68,463.6,-43.92,68.32
170.8,146.4,-24.4,-156.16,97.6,58.56,34.16,488,429.44,473.36,-43.92,73.2
180.56,161.04,-19.52,-170.8,97.6,68.32,34.16,502.64,444.08,483.12,-39.04,78.08
195.2,165.92,-29.28,-180.56,112.24,68.32,34.16,522.16,463.6,507.52,-24.4,82.96
200.08,165.92,-34.16,-180.56,117.12,63.44,29.28,527.04,473.36,517.28,-29.28,82.96
165.92,165.92,0,-165.92,82.96,82.96,39.04,541.68,488,536.8,-19.52,92.72
214.72,175.68,-39.04,-195.2,126.88,68.32,29.28,551.44,488,531.92,-29.28,82.96
224.48,170.8,-53.68,-195.2,136.64,58.56,24.4,556.32,497.76,541.68,-24.4,82.96
214.72,185.44,-29.28,-200.08,122,78.08,39.04,580.72,517.28,561.2,-14.64,102.48
204.96,195.2,-9.76,-200.08,107.36,92.72,43.92,595.36,536.8,580.72,-4.88,107.36
200.08,185.44,-14.64,-190.32,107.36,82.96,39.04,610,541.68,595.36,-4.88,102.48
219.6,190.32,-29.28,-204.96,122,78.08,43.92,619.76,556.32,605.12,-4.88,102.48
219.6,200.08,-19.52,-209.84,117.12,87.84,43.92,629.52,561.2,614.88,-9.76,102.48
214.72,195.2,-19.52,-204.96,117.12,87.84,48.8,639.28,580.72,634.4,-4.88,102.48
209.84,200.08,-9.76,-204.96,107.36,92.72,53.68,653.92,590.48,639.28,4.88,102.48
200.08,200.08,0,-200.08,97.6,97.6,58.56,658.8,590.48,644.16,4.88,107.36
224.48,209.84,-14.64,-214.72,117.12,97.6,58.56,649.04,590.48,649.04,0,102.48
229.36,204.96,-24.4,-214.72,126.88,87.84,53.68,639.28,585.6,644.16,-4.88,97.6
219.6,204.96,-14.64,-209.84,117.12,92.72,63.44,653.92,595.36,644.16,-4.88,97.6
219.6,214.72,-4.88,-214.72,112.24,102.48,73.2,653.92,600.24,644.16,-4.88,97.6
234.24,204.96,-29.28,-219.6,131.76,87.84,63.44,634.4,585.6,644.16,-24.4,87.84
204.96,200.08,-4.88,-200.08,102.48,97.6,73.2,634.4,590.48,634.4,-29.28,82.96
200.08,214.72,14.64,-204.96,92.72,112.24,82.96,639.28,595.36,634.4,-24.4,87.84
219.6,214.72,-4.88,-214.72,112.24,102.48,82.96,614.88,580.72,624.64,-39.04,78.08
214.72,200.08,-14.64,-204.96,112.24,92.72,78.08,585.6,556.32,605.12,-58.56,68.32
204.96,180.56,-24.4,-190.32,112.24,78.08,78.08,561.2,531.92,575.84,-82.96,53.68
185.44,190.32,4.88,-185.44,87.84,97.6,82.96,556.32,522.16,551.44,-82.96,43.92
156.16,190.32,34.16,-170.8,58.56,112.24,107.36,546.56,527.04,551.44,-82.96,53.68
151.28,185.44,34.16,-165.92,58.56,107.36,107.36,531.92,502.64,531.92,-97.6,43.92
151.28,195.2,43.92,-170.8,53.68,117.12,117.12,517.28,492.88,522.16,-107.36,43.92
161.04,200.08,39.04,-180.56,58.56,117.12,117.12,492.88,473.36,502.64,-117.12,39.04
141.52,180.56,39.04,-161.04,48.8,107.36,107.36,468.48,448.96,468.48,-146.4,19.52
175.68,175.68,0,-175.68,87.84,87.84,92.72,424.56,414.8,429.44,-175.68,-14.64
170.8,175.68,4.88,-170.8,82.96,87.84,97.6,405.04,395.28,409.92,-190.32,-24.4
131.76,161.04,29.28,-146.4,48.8,92.72,102.48,380.64,375.76,395.28,-209.84,-24.4
117.12,146.4,29.28,-131.76,43.92,87.84,102.48,361.12,356.24,370.88,-224.48,-34.16
122,131.76,9.76,-126.88,53.68,68.32,92.72,317.2,312.32,331.84,-253.76,-53.68
87.84,126.88,39.04,-107.36,24.4,82.96,107.36,307.44,307.44,326.96,-258.64,-39.04
58.56,131.76,73.2,-92.72,-9.76,102.48,112.24,292.8,287.92,302.56,-263.52,-48.8
97.6,122,24.4,-107.36,34.16,73.2,82.96,244,248.88,258.64,-302.56,-82.96
73.2,112.24,39.04,-92.72,14.64,73.2,97.6,239.12,244,248.88,-312.32,-78.08
73.2,112.24,39.04,-92.72,14.64,73.2,92.72,219.6,224.48,229.36,-326.96,-92.72
87.84,117.12,29.28,-102.48,29.28,73.2,87.84,200.08,209.84,219.6,-336.72,-107.36
63.44,112.24,48.8,-87.84,4.88,78.08,92.72,190.32,204.96,209.84,-351.36,-107.36
63.44,92.72,29.28,-78.08,14.64,58.56,78.08,156.16,170.8,175.68,-380.64,-126.88
39.04,87.84,48.8,-63.44,-4.88,68.32,97.6,146.4,161.04,175.68,-380.64,-126.88
43.92,92.72,48.8,-68.32,-4.88,68.32,97.6,136.64,146.4,161.04,-385.52,-131.76
117.12,82.96,-34.16,-97.6,73.2,24.4,58.56,87.84,107.36,122,-434.32,-165.92
34.16,78.08,43.92,-53.68,-4.88,58.56,97.6,107.36,117.12,131.76,-414.8,-141.52
4.88,73.2,68.32,-39.04,-34.16,68.32,92.72,97.6,107.36,122,-429.44,-146.4
14.64,63.44,48.8,-39.04,-19.52,53.68,82.96,82.96,87.84,97.6,-444.08,-161.04
4.88,58.56,53.68,-29.28,-24.4,53.68,78.08,68.32,78.08,87.84,-463.6,-170.8
-19.52,68.32,87.84,-24.4,-53.68,78.08,87.84,73.2,82.96,97.6,-453.84,-165.92
73.2,78.08,4.88,-73.2,34.16,39.04,68.32,43.92,58.56,73.2,-483.12,-190.32
78.08,63.44,-14.64,-68.32,43.92,24.4,63.44,39.04,43.92,63.44,-497.76,-204.96
48.8,53.68,4.88,-48.8,19.52,29.28,68.32,39.04,43.92,58.56,-497.76,-200.08
19.52,58.56,39.04,-39.04,-9.76,48.8,73.2,39.04,48.8,63.44,-488,-195.2
29.28,53.68,24.4,-39.04,0,39.04,73.2,19.52,39.04,53.68,-507.52,-200.08
-29.28,43.92,73.2,-4.88,-53.68,58.56,82.96,39.04,48.8,58.56,-492.88,-190.32
-4.88,53.68,58.56,-24.4,-34.16,53.68,68.32,24.4,39.04,39.04,-517.28,-195.2
39.04,43.92,4.88,-39.04,14.64,24.4,58.56,9.76,19.52,19.52,-536.8,-209.84
34.16,43.92,9.76,-39.04,9.76,24.4,63.44,4.88,19.52,19.52,-551.44,-224.48
0,39.04,39.04,-19.52,-19.52,39.04,68.32,9.76,24.4,29.28,-541.68,-219.6
-43.92,29.28,73.2,9.76,-58.56,48.8,78.08,19.52,34.16,39.04,-531.92,-204.96
-29.28,29.28,58.56,0,-43.92,43.92,78.08,19.52,29.28,34.16,-546.56,-219.6
0,34.16,34.16,-14.64,-19.52,34.16,73.2,9.76,24.4,24.4,-561.2,-229.36
19.52,39.04,19.52,-29.28,0,29.28,68.32,4.88,24.4,19.52,-561.2,-234.24
4.88,34.16,29.28,-19.52,-14.64,29.28,68.32,0,19.52,19.52,-566.08,-239.12
-9.76,29.28,39.04,-9.76,-24.4,34.16,73.2,0,19.52,19.52,-575.84,-239.12
4.88,43.92,39.04,-24.4,-19.52,39.04,68.32,4.88,19.52,14.64,-580.72,-234.24
14.64,34.16,19.52,-24.4,-4.88,24.4,58.56,-9.76,4.88,9.76,-590.48,-248.88
4.88,29.28,24.4,-14.64,-9.76,24.4,68.32,-9.76,-4.88,4.88,-595.36,-253.76
9.76,39.04,29.28,-24.4,-9.76,34.16,68.32,-4.88,9.76,9.76,-585.6,-239.12
0,39.04,39.04,-19.52,-19.52,39.04,78.08,4.88,14.64,14.64,-585.6,-234.24
0,34.16,34.16,-14.64,-19.52,34.16,73.2,0,4.88,14.64,-585.6,-234.24
19.52,34.16,14.64,-24.4,0,24.4,68.32,-9.76,4.88,4.88,-595.36,-244
14.64,34.16,19.52,-24.4,-4.88,24.4,58.56,-14.64,-4.88,-4.88,-600.24,-253.76
9.76,39.04,29.28,-24.4,-9.76,34.16,68.32,-4.88,9.76,9.76,-605.12,-248.88
14.64,34.16,19.52,-24.4,-4.88,24.4,68.32,-4.88,14.64,9.76,-605.12,-248.88
9.76,34.16,24.4,-19.52,-9.76,29.28,73.2,0,14.64,14.64,-605.12,-244
24.4,34.16,9.76,-29.28,4.88,19.52,68.32,0,9.76,14.64,-614.88,-253.76
34.16,29.28,-4.88,-29.28,19.52,9.76,63.44,-9.76,0,4.88,-639.28,-258.64
39.04,39.04,0,-39.04,19.52,19.52,63.44,-4.88,9.76,9.76,-629.52,-253.76
9.76,43.92,34.16,-24.4,-14.64,39.04,82.96,9.76,19.52,24.4,-614.88,-244
0,29.28,29.28,-14.64,-14.64,29.28,82.96,4.88,14.64,19.52,-619.76,-244
14.64,29.28,14.64,-19.52,0,19.52,78.08,4.88,9.76,9.76,-629.52,-253.76
9.76,29.28,19.52,-19.52,-4.88,24.4,73.2,0,9.76,9.76,-634.4,-258.64
-4.88,34.16,39.04,-14.64,-24.4,34.16,78.08,9.76,19.52,19.52,-624.64,-244
0,29.28,29.28,-14.64,-14.64,29.28,82.96,4.88,24.4,19.52,-629.52,-248.88
0,29.28,29.28,-14.64,-14.64,29.28,73.2,4.88,14.64,9.76,-639.28,-253.76
14.64,39.04,24.4,-24.4,-4.88,29.28,73.2,0,14.64,14.64,-639.28,-253.76
19.52,43.92,24.4,-29.28,-4.88,34.16,73.2,4.88,14.64,9.76,-644.16,-248.88
24.4,39.04,14.64,-29.28,4.88,24.4,53.68,-4.88,9.76,4.88,-653.92,-258.64
14.64,29.28,14.64,-19.52,0,19.52,63.44,-4.88,9.76,9.76,-658.8,-253.76
-9.76,24.4,34.16,-4.88,-24.4,29.28,73.2,0,14.64,9.76,-653.92,-244
4.88,34.16,29.28,-19.52,-14.64,29.28,73.2,0,4.88,4.88,-658.8,-253.76
0,43.92,43.92,-19.52,-24.4,43.92,73.2,4.88,19.52,9.76,-653.92,-244
9.76,58.56,48.8,-34.16,-19.52,53.68,73.2,4.88,14.64,9.76,-663.68,-244
34.16,58.56,24.4,-43.92,4.88,39.04,68.32,-4.88,9.76,4.88,-668.56,-253.76
43.92,53.68,9.76,-48.8,14.64,29.28,53.68,-14.64,-4.88,-14.64,-683.2,-263.52
48.8,53.68,4.88,-48.8,19.52,29.28,53.68,-14.64,0,-14.64,-692.96,-263.52
29.28,58.56,29.28,-43.92,0,43.92,63.44,4.88,9.76,0,-678.32,-253.76
-9.76,53.68,63.44,-19.52,-39.04,58.56,78.08,14.64,19.52,14.64,-668.56,-248.88
68.32,53.68,-14.64,-58.56,39.04,19.52,43.92,-14.64,-9.76,-19.52,-702.72,-273.28
24.4,48.8,24.4,-34.16,0,34.16,58.56,-9.76,4.88,-4.88,-702.72,-268.4
-48.8,43.92,92.72,4.88,-73.2,68.32,78.08,14.64,19.52,14.64,-678.32,-244
-19.52,48.8,68.32,-14.64,-43.92,58.56,73.2,4.88,14.64,4.88,-683.2,-239.12
-9.76,48.8,58.56,-19.52,-34.16,53.68,73.2,4.88,14.64,9.76,-683.2,-234.24
14.64,48.8,34.16,-29.28,-9.76,39.04,63.44,-9.76,-4.88,-4.88,-702.72,-248.88
34.16,48.8,14.64,-39.04,9.76,29.28,48.8,-14.64,-19.52,-14.64,-707.6,-258.64
24.4,39.04,14.64,-29.28,4.88,24.4,48.8,-19.52,-19.52,-19.52,-712.48,-253.76
14.64,53.68,39.04,-34.16,-14.64,43.92,58.56,-4.88,-4.88,-9.76,-707.6,-239.12
14.64,63.44,48.8,-39.04,-19.52,53.68,73.2,4.88,9.76,0,-702.72,-234.24
-19.52,58.56,78.08,-19.52,-48.8,68.32,78.08,9.76,14.64,4.88,-697.84,-229.36
9.76,58.56,48.8,-34.16,-19.52,53.68,73.2,0,14.64,4.88,-707.6,-239.12
48.8,63.44,14.64,-53.68,14.64,39.04,63.44,-9.76,0,-4.88,-732,-258.64
9.76,43.92,34.16,-24.4,-14.64,39.04,73.2,-9.76,9.76,0,-727.12,-248.88
14.64,43.92,29.28,-29.28,-9.76,34.16,73.2,-9.76,0,-4.88,-732,-258.64
48.8,43.92,-4.88,-43.92,24.4,19.52,63.44,-24.4,-14.64,-14.64,-746.64,-263.52
14.64,48.8,34.16,-29.28,-9.76,39.04,68.32,-9.76,0,-14.64,-736.88,-248.88
0,48.8,48.8,-24.4,-24.4,48.8,73.2,0,0,-9.76,-732,-248.88
29.28,43.92,14.64,-34.16,4.88,29.28,58.56,-14.64,-19.52,-24.4,-751.52,-263.52
43.92,48.8,4.88,-43.92,19.52,24.4,58.56,-14.64,-14.64,-19.52,-746.64,-253.76
24.4,53.68,29.28,-39.04,-4.88,39.04,58.56,-9.76,-4.88,-14.64,-746.64,-248.88
4.88,43.92,39.04,-24.4,-19.52,39.04,58.56,-9.76,-4.88,-4.88,-736.88,-248.88
0,58.56,58.56,-29.28,-29.28,58.56,73.2,-4.88,0,-4.88,-736.88,-239.12
39.04,58.56,19.52,-48.8,9.76,39.04,63.44,-19.52,-14.64,-14.64,-756.4,-253.76
48.8,43.92,-4.88,-43.92,24.4,19.52,53.68,-29.28,-24.4,-29.28,-771.04,-268.4
0,43.92,43.92,-19.52,-24.4,43.92,63.44,-29.28,-14.64,-19.52,-766.16,-253.76
-4.88,43.92,48.8,-19.52,-29.28,43.92,68.32,-24.4,-14.64,-19.52,-761.28,-253.76
24.4,48.8,24.4,-34.16,0,34.16,58.56,-29.28,-19.52,-29.28,-775.92,-263.52
14.64,34.16,19.52,-24.4,-4.88,24.4,53.68,-34.16,-19.52,-34.16,-785.68,-268.4
-34.16,24.4,58.56,4.88,-48.8,39.04,63.44,-24.4,-9.76,-24.4,-771.04,-258.64
-14.64,43.92,58.56,-14.64,-39.04,48.8,58.56,-24.4,-14.64,-29.28,-771.04,-258.64
-19.52,34.16,53.68,-4.88,-39.04,43.92,63.44,-29.28,-19.52,-24.4,-771.04,-263.52
-9.76,39.04,48.8,-14.64,-29.28,43.92,53.68,-29.28,-24.4,-34.16,-775.92,-268.4
39.04,58.56,19.52,-48.8,9.76,39.04,48.8,-39.04,-29.28,-34.16,-775.92,-273.28
48.8,53.68,4.88,-48.8,19.52,29.28,39.04,-53.68,-39.04,-48.8,-790.56,-283.04
34.16,43.92,9.76,-39.04,9.76,24.4,53.68,-43.92,-34.16,-43.92,-795.44,-283.04
0,43.92,43.92,-19.52,-24.4,43.92,53.68,-39.04,-29.28,-43.92,-785.68,-268.4
-14.64,43.92,58.56,-14.64,-39.04,48.8,53.68,-39.04,-29.28,-39.04,-785.68,-263.52
34.16,43.92,9.76,-39.04,9.76,24.4,48.8,-48.8,-39.04,-48.8,-795.44,-273.28
24.4,34.16,9.76,-29.28,4.88,19.52,43.92,-53.68,-39.04,-58.56,-805.2,-278.16
4.88,39.04,34.16,-19.52,-14.64,34.16,43.92,-53.68,-39.04,-58.56,-795.44,-278.16
19.52,34.16,14.64,-24.4,0,24.4,48.8,-48.8,-39.04,-53.68,-800.32,-283.04
-24.4,34.16,58.56,-4.88,-43.92,43.92,53.68,-39.04,-29.28,-43.92,-785.68,-273.28
0,39.04,39.04,-19.52,-19.52,39.04,53.68,-43.92,-29.28,-43.92,-790.56,-273.28
4.88,24.4,19.52,-14.64,-9.76,19.52,43.92,-58.56,-48.8,-53.68,-800.32,-287.92
4.88,19.52,14.64,-9.76,-4.88,14.64,53.68,-58.56,-48.8,-53.68,-800.32,-283.04
24.4,39.04,14.64,-29.28,4.88,24.4,53.68,-53.68,-53.68,-53.68,-795.44,-278.16
29.28,43.92,14.64,-34.16,4.88,29.28,48.8,-53.68,-43.92,-53.68,-800.32,-278.16
9.76,39.04,29.28,-24.4,-9.76,34.16,53.68,-53.68,-43.92,-58.56,-795.44,-273.28
0,39.04,39.04,-19.52,-19.52,39.04,53.68,-53.68,-43.92,-53.68,-790.56,-273.28
0,34.16,34.16,-14.64,-19.52,34.16,39.04,-68.32,-58.56,-68.32,-805.2,-287.92
14.64,29.28,14.64,-19.52,0,19.52,43.92,-68.32,-63.44,-63.44,-800.32,-287.92
34.16,39.04,4.88,-34.16,14.64,19.52,43.92,-63.44,-63.44,-68.32,-800.32,-287.92
14.64,43.92,29.28,-29.28,-9.76,34.16,48.8,-58.56,-58.56,-58.56,-790.56,-287.92
14.64,39.04,24.4,-24.4,-4.88,29.28,48.8,-58.56,-53.68,-58.56,-790.56,-283.04
-9.76,29.28,39.04,-9.76,-24.4,34.16,48.8,-63.44,-58.56,-58.56,-795.44,-278.16
0,39.04,39.04,-19.52,-19.52,39.04,48.8,-68.32,-63.44,-63.44,-795.44,-283.04
9.76,39.04,29.28,-24.4,-9.76,34.16,43.92,-68.32,-63.44,-58.56,-800.32,-283.04
4.88,24.4,19.52,-14.64,-9.76,19.52,53.68,-68.32,-63.44,-63.44,-790.56,-287.92
4.88,29.28,24.4,-14.64,-9.76,24.4,48.8,-73.2,-68.32,-73.2,-800.32,-297.68
4.88,19.52,14.64,-9.76,-4.88,14.64,39.04,-78.08,-78.08,-78.08,-814.96,-307.44
-14.64,19.52,34.16,0,-24.4,24.4,43.92,-78.08,-73.2,-73.2,-810.08,-302.56
-4.88,24.4,29.28,-9.76,-19.52,24.4,48.8,-73.2,-73.2,-68.32,-795.44,-302.56
14.64,39.04,24.4,-24.4,-4.88,29.28,43.92,-73.2,-73.2,-73.2,-805.2,-302.56
43.92,34.16,-9.76,-39.04,24.4,9.76,34.16,-82.96,-82.96,-87.84,-814.96,-317.2
19.52,34.16,14.64,-24.4,0,24.4,39.04,-82.96,-82.96,-73.2,-805.2,-312.32
14.64,34.16,19.52,-24.4,-4.88,24.4,43.92,-92.72,-87.84,-73.2,-805.2,-307.44
19.52,34.16,14.64,-24.4,0,24.4,48.8,-78.08,-73.2,-68.32,-800.32,-292.8
-24.4,34.16,58.56,-4.88,-43.92,43.92,63.44,-58.56,-53.68,-58.56,-785.68,-283.04
-4.88,29.28,34.16,-9.76,-19.52,29.28,53.68,-68.32,-68.32,-68.32,-795.44,-287.92
-4.88,34.16,39.04,-14.64,-24.4,34.16,48.8,-73.2,-68.32,-73.2,-795.44,-287.92
-19.52,19.52,39.04,0,-29.28,29.28,48.8,-82.96,-78.08,-78.08,-805.2,-297.68
4.88,19.52,14.64,-9.76,-4.88,14.64,34.16,-92.72,-87.84,-87.84,-814.96,-307.44
34.16,19.52,-14.64,-24.4,24.4,0,24.4,-102.48,-97.6,-97.6,-824.72,-312.32
9.76,9.76,0,-9.76,4.88,4.88,29.28,-97.6,-92.72,-92.72,-814.96,-317.2
4.88,24.4,19.52,-14.64,-9.76,19.52,43.92,-82.96,-78.08,-78.08,-805.2,-302.56
58.56,34.16,-24.4,-43.92,39.04,4.88,34.16,-97.6,-97.6,-92.72,-810.08,-317.2
14.64,19.52,4.88,-14.64,4.88,9.76,43.92,-87.84,-87.84,-87.84,-800.32,-307.44
-39.04,24.4,63.44,9.76,-53.68,43.92,58.56,-63.44,-68.32,-58.56,-785.68,-283.04
-9.76,39.04,48.8,-14.64,-29.28,43.92,53.68,-73.2,-73.2,-68.32,-785.68,-287.92
24.4,43.92,19.52,-34.16,0,29.28,39.04,-87.84,-87.84,-78.08,-795.44,-302.56
4.88,39.04,34.16,-19.52,-14.64,34.16,48.8,-78.08,-78.08,-73.2,-795.44,-297.68
-24.4,29.28,53.68,0,-39.04,39.04,48.8,-82.96,-78.08,-73.2,-795.44,-297.68
-9.76,24.4,34.16,-4.88,-24.4,29.28,43.92,-82.96,-82.96,-78.08,-785.68,-297.68
-19.52,14.64,34.16,4.88,-29.28,24.4,43.92,-82.96,-87.84,-73.2,-790.56,-297.68
-14.64,14.64,29.28,0,-24.4,19.52,43.92,-82.96,-87.84,-82.96,-800.32,-297.68
-4.88,29.28,34.16,-9.76,-19.52,29.28,48.8,-82.96,-87.84,-82.96,-795.44,-297.68
9.76,24.4,14.64,-14.64,-4.88,19.52,43.92,-87.84,-97.6,-87.84,-800.32,-302.56
19.52,34.16,14.64,-24.4,0,24.4,39.04,-87.84,-92.72,-82.96,-800.32,-302.56
24.4,29.28,4.88,-24.4,9.76,14.64,34.16,-87.84,-92.72,-87.84,-795.44,-302.56
48.8,29.28,-19.52,-39.04,34.16,4.88,24.4,-102.48,-102.48,-97.6,-805.2,-312.32
24.4,29.28,4.88,-24.4,9.76,14.64,39.04,-87.84,-87.84,-82.96,-800.32,-302.56
-24.4,19.52,43.92,4.88,-34.16,29.28,48.8,-82.96,-78.08,-73.2,-790.56,-297.68
-9.76,19.52,29.28,-4.88,-19.52,24.4,39.04,-97.6,-92.72,-92.72,-790.56,-302.56
-48.8,9.76,58.56,19.52,-53.68,34.16,43.92,-92.72,-87.84,-78.08,-795.44,-297.68
-9.76,4.88,14.64,4.88,-14.64,9.76,29.28,-107.36,-107.36,-97.6,-810.08,-312.32
78.08,29.28,-48.8,-53.68,63.44,-9.76,14.64,-122,-122,-117.12,-814.96,-331.84
43.92,29.28,-14.64,-34.16,29.28,4.88,29.28,-102.48,-107.36,-97.6,-800.32,-312.32
0,19.52,19.52,-9.76,-9.76,19.52,24.4,-102.48,-107.36,-102.48,-795.44,-317.2
-24.4,24.4,48.8,0,-39.04,34.16,39.04,-92.72,-92.72,-87.84,-780.8,-307.44
-48.8,19.52,68.32,14.64,-58.56,43.92,48.8,-78.08,-82.96,-78.08,-771.04,-297.68
14.64,29.28,14.64,-19.52,0,19.52,29.28,-92.72,-92.72,-92.72,-785.68,-312.32
24.4,39.04,14.64,-29.28,4.88,24.4,29.28,-92.72,-87.84,-87.84,-775.92,-307.44
14.64,24.4,9.76,-19.52,0,14.64,29.28,-97.6,-92.72,-92.72,-771.04,-302.56
14.64,24.4,9.76,-19.52,0,14.64,34.16,-102.48,-97.6,-97.6,-785.68,-307.44
9.76,14.64,4.88,-9.76,0,9.76,29.28,-107.36,-107.36,-107.36,-795.44,-312.32
19.52,9.76,-9.76,-14.64,14.64,0,24.4,-107.36,-112.24,-112.24,-790.56,-312.32
0,14.64,14.64,-4.88,-9.76,14.64,39.04,-92.72,-92.72,-92.72,-780.8,-307.44
-34.16,14.64,48.8,9.76,-43.92,29.28,39.04,-82.96,-87.84,-82.96,-771.04,-297.68
-19.52,14.64,34.16,4.88,-29.28,24.4,34.16,-92.72,-97.6,-92.72,-766.16,-302.56
-24.4,19.52,43.92,4.88,-34.16,29.28,43.92,-87.84,-87.84,-82.96,-761.28,-302.56
4.88,14.64,9.76,-9.76,-4.88,9.76,29.28,-102.48,-107.36,-92.72,-775.92,-312.32
0,19.52,19.52,-9.76,-9.76,19.52,34.16,-97.6,-102.48,-87.84,-766.16,-312.32
-29.28,9.76,39.04,9.76,-34.16,24.4,34.16,-92.72,-97.6,-82.96,-761.28,-302.56
-24.4,9.76,34.16,9.76,-29.28,19.52,34.16,-97.6,-97.6,-82.96,-761.28,-307.44
-14.64,19.52,34.16,0,-24.4,24.4,39.04,-97.6,-97.6,-87.84,-756.4,-307.44
0,24.4,24.4,-9.76,-14.64,24.4,34.16,-87.84,-87.84,-82.96,-746.64,-307.44
9.76,34.16,24.4,-19.52,-9.76,29.28,39.04,-87.84,-87.84,-82.96,-751.52,-302.56
39.04,24.4,-14.64,-29.28,24.4,4.88,19.52,-97.6,-107.36,-97.6,-761.28,-326.96
14.64,14.64,0,-14.64,4.88,4.88,24.4,-92.72,-102.48,-97.6,-751.52,-317.2
-9.76,14.64,24.4,0,-19.52,19.52,34.16,-87.84,-97.6,-87.84,-746.64,-307.44
-9.76,9.76,19.52,0,-14.64,14.64,34.16,-87.84,-92.72,-87.84,-746.64,-307.44
34.16,19.52,-14.64,-24.4,24.4,0,19.52,-102.48,-107.36,-97.6,-751.52,-322.08
0,19.52,19.52,-9.76,-9.76,19.52,34.16,-97.6,-92.72,-87.84,-736.88,-302.56
-9.76,19.52,29.28,-4.88,-19.52,24.4,39.04,-97.6,-97.6,-82.96,-736.88,-312.32
-19.52,24.4,43.92,0,-34.16,34.16,43.92,-92.72,-97.6,-87.84,-717.36,-307.44
4.88,34.16,29.28,-19.52,-14.64,29.28,39.04,-102.48,-97.6,-87.84,-717.36,-307.44
-4.88,24.4,29.28,-9.76,-19.52,24.4,34.16,-97.6,-97.6,-92.72,-722.24,-307.44
9.76,24.4,14.64,-14.64,-4.88,19.52,29.28,-102.48,-107.36,-102.48,-722.24,-312.32
0,24.4,24.4,-9.76,-14.64,24.4,29.28,-102.48,-102.48,-97.6,-722.24,-302.56
4.88,19.52,14.64,-9.76,-4.88,14.64,34.16,-97.6,-102.48,-97.6,-717.36,-307.44
14.64,24.4,9.76,-19.52,0,14.64,29.28,-97.6,-97.6,-92.72,-717.36,-307.44
4.88,24.4,19.52,-14.64,-9.76,19.52,24.4,-97.6,-112.24,-102.48,-722.24,-317.2
0,14.64,14.64,-4.88,-9.76,14.64,29.28,-97.6,-112.24,-107.36,-712.48,-312.32
24.4,14.64,-9.76,-19.52,14.64,0,29.28,-107.36,-117.12,-112.24,-727.12,-322.08
14.64,9.76,-4.88,-9.76,9.76,0,29.28,-107.36,-117.12,-107.36,-717.36,-322.08
-9.76,19.52,29.28,-4.88,-19.52,24.4,43.92,-92.72,-97.6,-97.6,-702.72,-307.44
9.76,19.52,9.76,-14.64,0,14.64,39.04,-92.72,-107.36,-102.48,-707.6,-307.44
0,14.64,14.64,-4.88,-9.76,14.64,34.16,-92.72,-107.36,-102.48,-702.72,-312.32
-4.88,14.64,19.52,-4.88,-14.64,14.64,34.16,-97.6,-102.48,-102.48,-702.72,-307.44
-24.4,4.88,29.28,9.76,-29.28,14.64,39.04,-92.72,-97.6,-102.48,-688.08,-307.44
-19.52,9.76,29.28,4.88,-24.4,19.52,34.16,-97.6,-102.48,-107.36,-697.84,-312.32
-39.04,4.88,43.92,19.52,-43.92,24.4,34.16,-97.6,-97.6,-107.36,-688.08,-307.44
-24.4,-14.64,9.76,19.52,-19.52,-4.88,14.64,-117.12,-122,-126.88,-702.72,-322.08
19.52,4.88,-14.64,-9.76,14.64,-4.88,24.4,-117.12,-122,-131.76,-707.6,-322.08
43.92,24.4,-19.52,-34.16,29.28,0,24.4,-107.36,-117.12,-122,-692.96,-312.32
48.8,29.28,-19.52,-39.04,34.16,4.88,19.52,-102.48,-117.12,-122,-688.08,-312.32
-24.4,19.52,43.92,4.88,-34.16,29.28,43.92,-78.08,-92.72,-102.48,-668.56,-297.68
-34.16,9.76,43.92,14.64,-39.04,24.4,34.16,-87.84,-102.48,-112.24,-683.2,-312.32
4.88,14.64,9.76,-9.76,-4.88,9.76,24.4,-97.6,-107.36,-122,-678.32,-312.32
9.76,34.16,24.4,-19.52,-9.76,29.28,34.16,-82.96,-92.72,-102.48,-663.68,-307.44
-14.64,29.28,43.92,-4.88,-29.28,34.16,43.92,-73.2,-82.96,-87.84,-649.04,-292.8
-9.76,39.04,48.8,-14.64,-29.28,43.92,43.92,-92.72,-92.72,-97.6,-653.92,-297.68
9.76,24.4,14.64,-14.64,-4.88,19.52,34.16,-107.36,-107.36,-112.24,-668.56,-312.32
-9.76,14.64,24.4,0,-19.52,19.52,39.04,-97.6,-107.36,-112.24,-663.68,-302.56
-4.88,24.4,29.28,-9.76,-19.52,24.4,29.28,-102.48,-107.36,-117.12,-653.92,-297.68
19.52,29.28,9.76,-24.4,4.88,19.52,24.4,-107.36,-122,-122,-663.68,-312.32
0,29.28,29.28,-14.64,-14.64,29.28,39.04,-87.84,-102.48,-112.24,-649.04,-297.68
-4.88,34.16,39.04,-14.64,-24.4,34.16,34.16,-92.72,-102.48,-112.24,-653.92,-302.56
29.28,29.28,0,-29.28,14.64,14.64,19.52,-102.48,-112.24,-122,-668.56,-312.32
-4.88,24.4,29.28,-9.76,-19.52,24.4,34.16,-87.84,-97.6,-107.36,-649.04,-297.68
-19.52,19.52,39.04,0,-29.28,29.28,39.04,-87.84,-97.6,-102.48,-639.28,-292.8
29.28,19.52,-9.76,-24.4,19.52,4.88,24.4,-102.48,-112.24,-126.88,-653.92,-317.2
9.76,9.76,0,-9.76,4.88,4.88,29.28,-102.48,-117.12,-126.88,-653.92,-312.32
-14.64,4.88,19.52,4.88,-19.52,9.76,34.16,-97.6,-117.12,-117.12,-644.16,-312.32
-14.64,24.4,39.04,-4.88,-29.28,29.28,34.16,-92.72,-112.24,-112.24,-629.52,-302.56
0,24.4,24.4,-9.76,-14.64,24.4,29.28,-102.48,-112.24,-122,-629.52,-297.68
14.64,19.52,4.88,-14.64,4.88,9.76,24.4,-107.36,-126.88,-131.76,-644.16,-307.44
-24.4,24.4,48.8,0,-39.04,34.16,34.16,-87.84,-112.24,-117.12,-629.52,-287.92
-9.76,29.28,39.04,-9.76,-24.4,34.16,24.4,-92.72,-107.36,-117.12,-619.76,-283.04
14.64,29.28,14.64,-19.52,0,19.52,19.52,-97.6,-112.24,-122,-624.64,-292.8
-14.64,24.4,39.04,-4.88,-29.28,29.28,34.16,-87.84,-102.48,-112.24,-614.88,-283.04
14.64,29.28,14.64,-19.52,0,19.52,19.52,-102.48,-112.24,-126.88,-624.64,-307.44
48.8,29.28,-19.52,-39.04,34.16,4.88,19.52,-107.36,-112.24,-131.76,-629.52,-312.32
-4.88,19.52,24.4,-4.88,-14.64,19.52,29.28,-97.6,-107.36,-126.88,-619.76,-302.56
-34.16,14.64,48.8,9.76,-43.92,29.28,34.16,-87.84,-107.36,-126.88,-610,-292.8
9.76,19.52,9.76,-14.64,0,14.64,24.4,-97.6,-112.24,-131.76,-614.88,-302.56
14.64,14.64,0,-14.64,4.88,4.88,14.64,-107.36,-122,-141.52,-614.88,-302.56
29.28,14.64,-14.64,-19.52,19.52,0,4.88,-112.24,-136.64,-146.4,-624.64,-307.44
0,9.76,9.76,-4.88,-4.88,9.76,19.52,-97.6,-117.12,-126.88,-610,-297.68
-24.4,-4.88,19.52,14.64,-24.4,4.88,24.4,-92.72,-107.36,-126.88,-595.36,-287.92
-14.64,9.76,24.4,4.88,-19.52,14.64,29.28,-97.6,-112.24,-122,-585.6,-292.8
9.76,24.4,14.64,-14.64,-4.88,19.52,34.16,-92.72,-102.48,-122,-585.6,-283.04
-14.64,24.4,39.04,-4.88,-29.28,29.28,34.16,-92.72,-97.6,-117.12,-580.72,-278.16
-29.28,24.4,53.68,4.88,-43.92,39.04,43.92,-82.96,-92.72,-112.24,-575.84,-273.28
-19.52,19.52,39.04,0,-29.28,29.28,34.16,-92.72,-97.6,-117.12,-575.84,-283.04
0,14.64,14.64,-4.88,-9.76,14.64,19.52,-97.6,-112.24,-131.76,-580.72,-292.8
0,14.64,14.64,-4.88,-9.76,14.64,14.64,-107.36,-117.12,-126.88,-580.72,-297.68
-4.88,9.76,14.64,0,-9.76,9.76,19.52,-102.48,-122,-136.64,-575.84,-302.56
14.64,29.28,14.64,-19.52,0,19.52,19.52,-97.6,-117.12,-141.52,-575.84,-307.44
14.64,24.4,9.76,-19.52,0,14.64,29.28,-87.84,-112.24,-141.52,-570.96,-302.56
4.88,19.52,14.64,-9.76,-4.88,14.64,29.28,-92.72,-112.24,-126.88,-566.08,-292.8
-4.88,14.64,19.52,-4.88,-14.64,14.64,29.28,-92.72,-107.36,-126.88,-566.08,-283.04
9.76,19.52,9.76,-14.64,0,14.64,14.64,-102.48,-117.12,-136.64,-566.08,-287.92
-29.28,24.4,53.68,4.88,-43.92,39.04,39.04,-82.96,-102.48,-117.12,-546.56,-268.4
-19.52,29.28,48.8,-4.88,-34.16,39.04,39.04,-82.96,-97.6,-117.12,-541.68,-278.16
-4.88,24.4,29.28,-9.76,-19.52,24.4,29.28,-87.84,-102.48,-122,-546.56,-287.92
-4.88,29.28,34.16,-9.76,-19.52,29.28,29.28,-87.84,-107.36,-122,-546.56,-283.04
9.76,29.28,19.52,-19.52,-4.88,24.4,19.52,-92.72,-112.24,-131.76,-551.44,-297.68
4.88,29.28,24.4,-14.64,-9.76,24.4,24.4,-87.84,-112.24,-131.76,-541.68,-292.8
24.4,24.4,0,-24.4,9.76,9.76,24.4,-87.84,-112.24,-131.76,-531.92,-292.8
-19.52,9.76,29.28,4.88,-24.4,19.52,34.16,-82.96,-107.36,-122,-527.04,-283.04
-14.64,19.52,34.16,0,-24.4,24.4,29.28,-97.6,-117.12,-131.76,-527.04,-287.92
4.88,29.28,24.4,-14.64,-9.76,24.4,29.28,-87.84,-112.24,-126.88,-517.28,-273.28
-4.88,24.4,29.28,-9.76,-19.52,24.4,29.28,-87.84,-112.24,-122,-512.4,-273.28
4.88,29.28,24.4,-14.64,-9.76,24.4,24.4,-92.72,-112.24,-122,-512.4,-273.28
14.64,29.28,14.64,-19.52,0,19.52,24.4,-102.48,-122,-136.64,-522.16,-283.04
39.04,29.28,-9.76,-34.16,24.4,9.76,14.64,-107.36,-131.76,-146.4,-527.04,-297.68
9.76,29.28,19.52,-19.52,-4.88,24.4,24.4,-97.6,-122,-136.64,-522.16,-287.92
-14.64,24.4,39.04,-4.88,-29.28,29.28,19.52,-97.6,-122,-136.64,-512.4,-287.92
-29.28,29.28,58.56,0,-43.92,43.92,34.16,-82.96,-107.36,-126.88,-497.76,-278.16
14.64,29.28,14.64,-19.52,0,19.52,24.4,-97.6,-117.12,-136.64,-517.28,-287.92
39.04,29.28,-9.76,-34.16,24.4,9.76,9.76,-112.24,-136.64,-151.28,-522.16,-307.44
-39.04,34.16,73.2,4.88,-58.56,53.68,39.04,-82.96,-107.36,-126.88,-492.88,-273.28
-39.04,19.52,58.56,9.76,-48.8,39.04,43.92,-82.96,-107.36,-126.88,-488,-268.4
29.28,19.52,-9.76,-24.4,19.52,4.88,19.52,-107.36,-131.76,-146.4,-507.52,-292.8
63.44,19.52,-43.92,-39.04,53.68,-14.64,4.88,-117.12,-141.52,-156.16,-522.16,-312.32
14.64,14.64,0,-14.64,4.88,4.88,29.28,-87.84,-112.24,-136.64,-497.76,-292.8
4.88,29.28,24.4,-14.64,-9.76,24.4,39.04,-78.08,-102.48,-122,-488,-287.92
4.88,39.04,34.16,-19.52,-14.64,34.16,39.04,-73.2,-97.6,-117.12,-483.12,-283.04
-24.4,19.52,43.92,4.88,-34.16,29.28,39.04,-73.2,-92.72,-112.24,-478.24,-283.04
-9.76,9.76,19.52,0,-14.64,14.64,34.16,-82.96,-102.48,-117.12,-488,-292.8
14.64,14.64,0,-14.64,4.88,4.88,19.52,-97.6,-117.12,-131.76,-497.76,-297.68
29.28,29.28,0,-29.28,14.64,14.64,39.04,-82.96,-107.36,-126.88,-483.12,-283.04
4.88,34.16,29.28,-19.52,-14.64,29.28,43.92,-73.2,-97.6,-117.12,-468.48,-273.28
-24.4,24.4,48.8,0,-39.04,34.16,53.68,-68.32,-97.6,-112.24,-453.84,-268.4
-9.76,39.04,48.8,-14.64,-29.28,43.92,48.8,-73.2,-97.6,-112.24,-453.84,-273.28
-4.88,43.92,48.8,-19.52,-29.28,43.92,48.8,-68.32,-87.84,-107.36,-453.84,-268.4
9.76,53.68,43.92,-29.28,-19.52,48.8,53.68,-63.44,-87.84,-102.48,-453.84,-268.4
4.88,68.32,63.44,-34.16,-29.28,63.44,68.32,-53.68,-78.08,-92.72,-439.2,-258.64
29.28,78.08,48.8,-53.68,-9.76,63.44,68.32,-43.92,-68.32,-92.72,-429.44,-248.88
14.64,73.2,58.56,-43.92,-24.4,63.44,78.08,-39.04,-68.32,-92.72,-424.56,-248.88
4.88,78.08,73.2,-39.04,-34.16,73.2,78.08,-43.92,-68.32,-92.72,-429.44,-248.88
-4.88,73.2,78.08,-34.16,-43.92,73.2,87.84,-48.8,-68.32,-87.84,-414.8,-244
4.88,73.2,68.32,-39.04,-34.16,68.32,87.84,-53.68,-73.2,-92.72,-419.68,-248.88
48.8,68.32,19.52,-58.56,14.64,43.92,73.2,-63.44,-92.72,-112.24,-434.32,-268.4
34.16,82.96,48.8,-58.56,-9.76,63.44,82.96,-48.8,-78.08,-97.6,-424.56,-258.64
19.52,97.6,78.08,-58.56,-29.28,87.84,102.48,-29.28,-63.44,-87.84,-409.92,-244
24.4,82.96,58.56,-53.68,-19.52,68.32,107.36,-29.28,-58.56,-82.96,-405.04,-244
34.16,78.08,43.92,-53.68,-4.88,58.56,102.48,-39.04,-68.32,-87.84,-405.04,-248.88
24.4,68.32,43.92,-43.92,-9.76,53.68,97.6,-34.16,-63.44,-82.96,-400.16,-248.88
4.88,63.44,58.56,-34.16,-29.28,58.56,107.36,-24.4,-58.56,-78.08,-385.52,-234.24
14.64,78.08,63.44,-43.92,-24.4,68.32,107.36,-19.52,-48.8,-68.32,-380.64,-219.6
24.4,78.08,53.68,-48.8,-14.64,63.44,107.36,-29.28,-53.68,-78.08,-390.4,-239.12
43.92,73.2,29.28,-58.56,4.88,48.8,97.6,-29.28,-63.44,-82.96,-400.16,-244
68.32,73.2,4.88,-68.32,29.28,39.04,87.84,-29.28,-73.2,-82.96,-395.28,-253.76
24.4,68.32,43.92,-43.92,-9.76,53.68,87.84,-24.4,-58.56,-78.08,-390.4,-253.76
0,58.56,58.56,-29.28,-29.28,58.56,87.84,-19.52,-53.68,-73.2,-375.76,-239.12
43.92,63.44,19.52,-53.68,9.76,39.04,73.2,-29.28,-68.32,-82.96,-385.52,-239.12
58.56,63.44,4.88,-58.56,24.4,34.16,53.68,-39.04,-73.2,-87.84,-385.52,-239.12
78.08,68.32,-9.76,-73.2,43.92,29.28,39.04,-43.92,-73.2,-87.84,-380.64,-244
63.44,58.56,-4.88,-58.56,34.16,24.4,29.28,-43.92,-78.08,-87.84,-385.52,-239.12
73.2,63.44,-9.76,-68.32,39.04,24.4,19.52,-48.8,-82.96,-92.72,-385.52,-239.12
58.56,78.08,19.52,-68.32,19.52,48.8,39.04,-29.28,-63.44,-73.2,-366,-224.48
48.8,78.08,29.28,-63.44,9.76,53.68,43.92,-19.52,-48.8,-58.56,-351.36,-214.72
53.68,82.96,29.28,-68.32,9.76,53.68,34.16,-34.16,-63.44,-68.32,-351.36,-219.6
29.28,82.96,53.68,-53.68,-14.64,68.32,43.92,-19.52,-58.56,-63.44,-336.72,-214.72
19.52,68.32,48.8,-43.92,-14.64,58.56,39.04,-19.52,-48.8,-58.56,-331.84,-209.84
53.68,78.08,24.4,-63.44,14.64,48.8,29.28,-24.4,-63.44,-53.68,-341.6,-209.84
48.8,73.2,24.4,-58.56,9.76,48.8,24.4,-34.16,-68.32,-63.44,-346.48,-214.72
63.44,68.32,4.88,-63.44,29.28,34.16,9.76,-43.92,-73.2,-73.2,-356.24,-224.48
107.36,58.56,-48.8,-82.96,78.08,4.88,4.88,-53.68,-82.96,-87.84,-366,-239.12
68.32,48.8,-19.52,-58.56,43.92,14.64,4.88,-58.56,-92.72,-87.84,-370.88,-248.88
29.28,39.04,9.76,-34.16,9.76,24.4,19.52,-48.8,-82.96,-82.96,-361.12,-239.12
39.04,29.28,-9.76,-34.16,24.4,9.76,24.4,-48.8,-87.84,-87.84,-361.12,-239.12
24.4,34.16,9.76,-29.28,4.88,19.52,24.4,-58.56,-92.72,-97.6,-361.12,-239.12
24.4,39.04,14.64,-29.28,4.88,24.4,19.52,-63.44,-102.48,-102.48,-366,-244
0,24.4,24.4,-9.76,-14.64,24.4,24.4,-63.44,-107.36,-107.36,-366,-244
-4.88,24.4,29.28,-9.76,-19.52,24.4,24.4,-63.44,-102.48,-112.24,-366,-244
29.28,39.04,9.76,-34.16,9.76,24.4,29.28,-58.56,-97.6,-112.24,-356.24,-248.88
68.32,19.52,-48.8,-43.92,58.56,-14.64,9.76,-78.08,-117.12,-126.88,-380.64,-273.28
53.68,9.76,-43.92,-29.28,48.8,-19.52,4.88,-87.84,-131.76,-141.52,-395.28,-278.16
39.04,14.64,-24.4,-24.4,29.28,-4.88,14.64,-82.96,-126.88,-136.64,-385.52,-273.28
-14.64,4.88,19.52,4.88,-19.52,9.76,19.52,-78.08,-126.88,-131.76,-380.64,-268.4
-24.4,-4.88,19.52,14.64,-24.4,4.88,24.4,-82.96,-126.88,-131.76,-375.76,-268.4
-29.28,-9.76,19.52,19.52,-24.4,4.88,24.4,-92.72,-131.76,-136.64,-375.76,-278.16
9.76,-4.88,-14.64,0,9.76,-9.76,9.76,-107.36,-146.4,-151.28,-385.52,-287.92
19.52,-4.88,-24.4,-4.88,19.52,-14.64,9.76,-102.48,-151.28,-151.28,-380.64,-283.04
19.52,-9.76,-29.28,-4.88,24.4,-19.52,0,-112.24,-161.04,-165.92,-390.4,-292.8
4.88,0,-4.88,0,4.88,-4.88,4.88,-102.48,-151.28,-161.04,-380.64,-287.92
-24.4,-9.76,14.64,19.52,-19.52,0,19.52,-97.6,-146.4,-151.28,-366,-273.28
-48.8,-24.4,24.4,39.04,-39.04,0,19.52,-102.48,-151.28,-156.16,-361.12,-268.4
-19.52,-19.52,0,19.52,-9.76,-9.76,9.76,-117.12,-161.04,-165.92,-366,-283.04
4.88,-4.88,-9.76,0,4.88,-9.76,19.52,-107.36,-156.16,-161.04,-351.36,-273.28
-48.8,0,48.8,24.4,-48.8,24.4,39.04,-82.96,-131.76,-131.76,-326.96,-253.76
0,9.76,9.76,-4.88,-4.88,9.76,24.4,-92.72,-146.4,-151.28,-351.36,-273.28
24.4,4.88,-19.52,-14.64,19.52,-9.76,9.76,-112.24,-156.16,-165.92,-361.12,-287.92
-14.64,0,14.64,9.76,-14.64,4.88,24.4,-92.72,-141.52,-151.28,-341.6,-263.52
-9.76,0,9.76,4.88,-9.76,4.88,29.28,-87.84,-136.64,-146.4,-336.72,-268.4
-34.16,-9.76,24.4,24.4,-29.28,4.88,24.4,-102.48,-141.52,-146.4,-336.72,-273.28
-34.16,-9.76,24.4,24.4,-29.28,4.88,24.4,-107.36,-141.52,-146.4,-326.96,-268.4
-4.88,-4.88,0,4.88,-4.88,-4.88,29.28,-102.48,-136.64,-141.52,-326.96,-263.52
4.88,0,-4.88,0,4.88,-4.88,24.4,-117.12,-146.4,-146.4,-331.84,-273.28
0,-4.88,-4.88,4.88,0,-4.88,24.4,-112.24,-136.64,-141.52,-331.84,-268.4
-19.52,-9.76,9.76,14.64,-14.64,0,29.28,-112.24,-131.76,-136.64,-312.32,-258.64
-4.88,9.76,14.64,0,-9.76,9.76,29.28,-112.24,-136.64,-136.64,-312.32,-253.76
-4.88,4.88,9.76,0,-9.76,4.88,24.4,-122,-146.4,-151.28,-312.32,-258.64
-14.64,0,14.64,9.76,-14.64,4.88,29.28,-117.12,-136.64,-146.4,-307.44,-248.88
-34.16,14.64,48.8,9.76,-43.92,29.28,43.92,-102.48,-126.88,-131.76,-287.92,-229.36
-9.76,24.4,34.16,-4.88,-24.4,29.28,39.04,-112.24,-131.76,-136.64,-292.8,-234.24
19.52,19.52,0,-19.52,9.76,9.76,29.28,-112.24,-136.64,-146.4,-302.56,-239.12
4.88,9.76,4.88,-4.88,0,4.88,34.16,-117.12,-141.52,-146.4,-297.68,-244
-14.64,0,14.64,9.76,-14.64,4.88,34.16,-122,-146.4,-151.28,-297.68,-248.88
-14.64,0,14.64,9.76,-14.64,4.88,34.16,-117.12,-141.52,-146.4,-292.8,-253.76
-34.16,-4.88,29.28,19.52,-34.16,9.76,43.92,-112.24,-131.76,-141.52,-278.16,-244
-43.92,-14.64,29.28,29.28,-39.04,4.88,39.04,-122,-141.52,-146.4,-278.16,-248.88
-29.28,0,29.28,14.64,-29.28,14.64,39.04,-112.24,-131.76,-146.4,-268.4,-244
9.76,0,-9.76,-4.88,9.76,-4.88,34.16,-117.12,-141.52,-151.28,-268.4,-248.88
24.4,4.88,-19.52,-14.64,19.52,-9.76,24.4,-136.64,-156.16,-165.92,-268.4,-253.76
0,9.76,9.76,-4.88,-4.88,9.76,39.04,-126.88,-141.52,-151.28,-253.76,-234.24
-24.4,24.4,48.8,0,-39.04,34.16,48.8,-131.76,-141.52,-151.28,-239.12,-209.84
-53.68,53.68,107.36,0,-82.96,78.08,68.32,-131.76,-136.64,-146.4,-200.08,-170.8
-53.68,78.08,131.76,-9.76,-92.72,102.48,73.2,-141.52,-131.76,-141.52,-180.56,-141.52
-68.32,73.2,141.52,0,-107.36,107.36,97.6,-136.64,-136.64,-156.16,-175.68,-136.64
-97.6,63.44,161.04,19.52,-131.76,112.24,151.28,-92.72,-102.48,-146.4,-161.04,-131.76
-112.24,43.92,156.16,34.16,-136.64,97.6,195.2,-29.28,-53.68,-126.88,-146.4,-136.64
-63.44,39.04,102.48,14.64,-82.96,68.32,214.72,34.16,-4.88,-82.96,-131.76,-146.4
-78.08,39.04,117.12,19.52,-97.6,78.08,239.12,107.36,63.44,0,-68.32,-112.24
-63.44,43.92,107.36,9.76,-87.84,73.2,239.12,185.44,136.64,102.48,14.64,-58.56
39.04,73.2,34.16,-53.68,0,53.68,229.36,297.68,248.88,244,97.6,-29.28
165.92,87.84,-78.08,-126.88,122,4.88,229.36,444.08,390.4,409.92,180.56,0
248.88,102.48,-146.4,-175.68,195.2,-24.4,234.24,614.88,561.2,605.12,297.68,58.56
322.08,146.4,-175.68,-234.24,248.88,-14.64,214.72,766.16,741.76,844.24,434.32,136.64
439.2,190.32,-248.88,-312.32,341.6,-29.28,141.52,868.64,888.16,1068.72,566.08,214.72
580.72,214.72,-366,-395.28,473.36,-78.08,9.76,878.4,936.96,1220,649.04,248.88
673.44,248.88,-424.56,-458.72,546.56,-87.84,-92.72,897.92,1019.92,1395.68,732,302.56
761.28,307.44,-453.84,-531.92,605.12,-73.2,-170.8,917.44,1102.88,1571.36,819.84,356.24
854,361.12,-492.88,-605.12,673.44,-68.32,-273.28,839.36,1102.88,1703.12,893.04,380.64
814.96,375.76,-439.2,-595.36,624.64,-34.16,-317.2,766.16,1122.4,1825.12,951.6,400.16
732,341.6,-390.4,-536.8,561.2,-24.4,-317.2,717.36,1141.92,1898.32,966.24,375.76
688.08,263.52,-424.56,-473.36,556.32,-82.96,-312.32,629.52,1093.12,1864.16,863.76,283.04
595.36,151.28,-444.08,-370.88,517.28,-146.4,-297.68,497.76,951.6,1673.84,678.32,141.52
468.48,73.2,-395.28,-268.4,429.44,-161.04,-283.04,317.2,732,1342,448.96,9.76
341.6,39.04,-302.56,-190.32,322.08,-131.76,-258.64,102.48,483.12,951.6,248.88,-78.08
195.2,0,-195.2,-97.6,195.2,-97.6,-229.36,-63.44,283.04,644.16,117.12,-126.88
92.72,-29.28,-122,-29.28,107.36,-78.08,-229.36,-165.92,122,409.92,19.52,-180.56
34.16,-24.4,-58.56,-4.88,43.92,-43.92,-219.6,-312.32,-68.32,165.92,-58.56,-209.84
-29.28,4.88,34.16,14.64,-34.16,19.52,-200.08,-429.44,-229.36,-34.16,-92.72,-195.2
-53.68,24.4,78.08,14.64,-68.32,48.8,-180.56,-488,-326.96,-151.28,-107.36,-185.44
-24.4,34.16,58.56,-4.88,-43.92,43.92,-165.92,-492.88,-380.64,-224.48,-122,-195.2
-58.56,39.04,97.6,9.76,-78.08,68.32,-117.12,-419.68,-341.6,-209.84,-97.6,-165.92
-58.56,29.28,87.84,14.64,-73.2,58.56,-97.6,-341.6,-292.8,-185.44,-78.08,-156.16
-102.48,9.76,112.24,48.8,-107.36,58.56,-73.2,-268.4,-229.36,-131.76,-43.92,-146.4
-34.16,4.88,39.04,14.64,-39.04,19.52,-68.32,-229.36,-200.08,-122,-48.8,-156.16
-29.28,4.88,34.16,14.64,-34.16,19.52,-48.8,-190.32,-156.16,-87.84,-19.52,-136.64
-73.2,9.76,82.96,34.16,-78.08,43.92,-24.4,-141.52,-107.36,-53.68,19.52,-107.36
14.64,29.28,14.64,-19.52,0,19.52,-24.4,-131.76,-107.36,-53.68,9.76,-122
19.52,39.04,19.52,-29.28,0,29.28,4.88,-82.96,-78.08,-43.92,29.28,-112.24
24.4,43.92,19.52,-34.16,0,29.28,24.4,-53.68,-53.68,-34.16,43.92,-102.48
63.44,43.92,-19.52,-53.68,39.04,9.76,19.52,-58.56,-63.44,-48.8,34.16,-112.24
53.68,34.16,-19.52,-43.92,34.16,4.88,24.4,-53.68,-68.32,-58.56,39.04,-107.36
-9.76,29.28,39.04,-9.76,-24.4,34.16,48.8,-29.28,-39.04,-34.16,73.2,-78.08
14.64,29.28,14.64,-19.52,0,19.52,39.04,-39.04,-48.8,-43.92,68.32,-78.08
19.52,34.16,14.64,-24.4,0,24.4,39.04,-39.04,-53.68,-48.8,68.32,-78.08
19.52,24.4,4.88,-19.52,4.88,14.64,43.92,-58.56,-58.56,-58.56,63.44,-82.96
-4.88,19.52,24.4,-4.88,-14.64,19.52,53.68,-48.8,-53.68,-53.68,82.96,-73.2
0,39.04,39.04,-19.52,-19.52,39.04,68.32,-39.04,-48.8,-43.92,92.72,-68.32
9.76,39.04,29.28,-24.4,-9.76,34.16,68.32,-39.04,-53.68,-48.8,107.36,-58.56
9.76,24.4,14.64,-14.64,-4.88,19.52,58.56,-53.68,-68.32,-68.32,102.48,-68.32
19.52,34.16,14.64,-24.4,0,24.4,48.8,-53.68,-73.2,-78.08,102.48,-63.44
9.76,29.28,19.52,-19.52,-4.88,24.4,48.8,-48.8,-73.2,-78.08,117.12,-48.8
-14.64,19.52,34.16,0,-24.4,24.4,53.68,-34.16,-58.56,-68.32,136.64,-39.04
4.88,24.4,19.52,-14.64,-9.76,19.52,43.92,-43.92,-68.32,-73.2,131.76,-48.8
4.88,29.28,24.4,-14.64,-9.76,24.4,43.92,-34.16,-58.56,-68.32,131.76,-43.92
9.76,39.04,29.28,-24.4,-9.76,34.16,58.56,-34.16,-48.8,-58.56,151.28,-29.28
9.76,29.28,19.52,-19.52,-4.88,24.4,48.8,-48.8,-68.32,-78.08,141.52,-43.92
9.76,29.28,19.52,-19.52,-4.88,24.4,39.04,-58.56,-78.08,-87.84,136.64,-39.04
-9.76,34.16,43.92,-9.76,-29.28,39.04,53.68,-48.8,-73.2,-82.96,156.16,-29.28
-14.64,19.52,34.16,0,-24.4,24.4,53.68,-43.92,-73.2,-82.96,161.04,-29.28
24.4,14.64,-9.76,-19.52,14.64,0,39.04,-48.8,-87.84,-92.72,156.16,-39.04
19.52,19.52,0,-19.52,9.76,9.76,43.92,-39.04,-78.08,-87.84,175.68,-24.4
9.76,4.88,-4.88,-4.88,4.88,0,39.04,-39.04,-73.2,-92.72,185.44,-14.64
0,19.52,19.52,-9.76,-9.76,19.52,43.92,-39.04,-63.44,-78.08,195.2,0
0,29.28,29.28,-14.64,-14.64,29.28,43.92,-39.04,-58.56,-73.2,204.96,9.76
-9.76,19.52,29.28,-4.88,-19.52,24.4,43.92,-39.04,-58.56,-78.08,214.72,9.76
24.4,24.4,0,-24.4,9.76,9.76,43.92,-43.92,-63.44,-82.96,209.84,-4.88
43.92,19.52,-24.4,-29.28,34.16,-4.88,34.16,-53.68,-73.2,-92.72,204.96,-9.76
14.64,24.4,9.76,-19.52,0,14.64,39.04,-48.8,-73.2,-87.84,209.84,-9.76
-14.64,19.52,34.16,0,-24.4,24.4,63.44,-24.4,-48.8,-68.32,229.36,14.64
-14.64,19.52,34.16,0,-24.4,24.4,58.56,-19.52,-53.68,-68.32,234.24,14.64
24.4,29.28,4.88,-24.4,9.76,14.64,34.16,-34.16,-68.32,-87.84,234.24,0
19.52,14.64,-4.88,-14.64,9.76,4.88,39.04,-29.28,-63.44,-82.96,244,0
-9.76,19.52,29.28,-4.88,-19.52,24.4,39.04,-29.28,-58.56,-73.2,253.76,9.76
-19.52,24.4,43.92,0,-34.16,34.16,43.92,-24.4,-43.92,-63.44,268.4,24.4
-9.76,14.64,24.4,0,-19.52,19.52,43.92,-29.28,-48.8,-68.32,273.28,29.28
19.52,9.76,-9.76,-14.64,14.64,0,34.16,-43.92,-63.44,-78.08,273.28,19.52
9.76,14.64,4.88,-9.76,0,9.76,39.04,-39.04,-58.56,-73.2,278.16,29.28
-9.76,14.64,24.4,0,-19.52,19.52,43.92,-39.04,-63.44,-73.2,287.92,34.16
-34.16,9.76,43.92,14.64,-39.04,24.4,53.68,-24.4,-53.68,-63.44,302.56,53.68
-19.52,19.52,39.04,0,-29.28,29.28,39.04,-24.4,-53.68,-63.44,307.44,48.8
39.04,34.16,-4.88,-34.16,19.52,14.64,24.4,-34.16,-63.44,-73.2,302.56,43.92
58.56,43.92,-14.64,-48.8,34.16,14.64,29.28,-24.4,-53.68,-68.32,312.32,53.68
24.4,34.16,9.76,-29.28,4.88,19.52,34.16,-19.52,-39.04,-58.56,331.84,63.44
-9.76,29.28,39.04,-9.76,-24.4,34.16,43.92,-9.76,-29.28,-48.8,346.48,78.08
-4.88,14.64,19.52,-4.88,-14.64,14.64,43.92,-19.52,-39.04,-53.68,346.48,78.08
-29.28,4.88,34.16,14.64,-34.16,19.52,48.8,-14.64,-39.04,-53.68,356.24,87.84
0,14.64,14.64,-4.88,-9.76,14.64,43.92,-24.4,-48.8,-58.56,351.36,82.96
4.88,9.76,4.88,-4.88,0,4.88,43.92,-24.4,-48.8,-63.44,361.12,82.96
-4.88,9.76,14.64,0,-9.76,9.76,53.68,-4.88,-39.04,-53.68,366,87.84
19.52,19.52,0,-19.52,9.76,9.76,39.04,-9.76,-43.92,-63.44,370.88,82.96
24.4,14.64,-9.76,-19.52,14.64,0,29.28,-9.76,-39.04,-63.44,370.88,92.72
4.88,14.64,9.76,-9.76,-4.88,9.76,43.92,4.88,-19.52,-48.8,395.28,112.24
24.4,24.4,0,-24.4,9.76,9.76,39.04,0,-24.4,-48.8,395.28,117.12
4.88,14.64,9.76,-9.76,-4.88,9.76,29.28,-4.88,-24.4,-53.68,400.16,112.24
-34.16,9.76,43.92,14.64,-39.04,24.4,39.04,0,-19.52,-43.92,414.8,126.88
-24.4,4.88,29.28,9.76,-29.28,14.64,34.16,-4.88,-29.28,-53.68,409.92,122
34.16,19.52,-14.64,-24.4,24.4,0,24.4,-19.52,-48.8,-58.56,405.04,117.12
-14.64,34.16,48.8,-9.76,-34.16,39.04,63.44,14.64,-24.4,-39.04,439.2,151.28
-24.4,19.52,43.92,4.88,-34.16,29.28,58.56,14.64,-29.28,-43.92,439.2,146.4
9.76,24.4,14.64,-14.64,-4.88,19.52,39.04,9.76,-34.16,-48.8,434.32,131.76
29.28,34.16,4.88,-29.28,9.76,19.52,39.04,14.64,-34.16,-48.8,434.32,136.64
-14.64,19.52,34.16,0,-24.4,24.4,43.92,29.28,-9.76,-34.16,458.72,146.4
-9.76,29.28,39.04,-9.76,-24.4,34.16,53.68,34.16,0,-19.52,463.6,156.16
19.52,34.16,14.64,-24.4,0,24.4,39.04,19.52,-9.76,-24.4,463.6,151.28
34.16,24.4,-9.76,-29.28,19.52,4.88,39.04,9.76,-19.52,-34.16,458.72,141.52
34.16,14.64,-19.52,-24.4,24.4,-4.88,34.16,14.64,-14.64,-29.28,463.6,146.4
43.92,14.64,-29.28,-29.28,34.16,-9.76,19.52,0,-29.28,-39.04,453.84,136.64
58.56,4.88,-53.68,-29.28,53.68,-24.4,24.4,4.88,-34.16,-48.8,463.6,136.64
0,9.76,9.76,-4.88,-4.88,9.76,34.16,24.4,-9.76,-29.28,483.12,161.04
-24.4,14.64,39.04,4.88,-34.16,24.4,43.92,48.8,4.88,-14.64,497.76,170.8
14.64,39.04,24.4,-24.4,-4.88,29.28,43.92,53.68,4.88,-14.64,492.88,165.92
39.04,34.16,-4.88,-34.16,19.52,14.64,34.16,53.68,9.76,-14.64,492.88,165.92
14.64,39.04,24.4,-24.4,-4.88,29.28,39.04,53.68,19.52,0,502.64,170.8
9.76,39.04,29.28,-24.4,-9.76,34.16,43.92,68.32,29.28,9.76,522.16,180.56
24.4,34.16,9.76,-29.28,4.88,19.52,39.04,53.68,24.4,4.88,527.04,180.56
29.28,34.16,4.88,-29.28,9.76,19.52,39.04,53.68,19.52,9.76,536.8,180.56
39.04,43.92,4.88,-39.04,14.64,24.4,39.04,58.56,24.4,14.64,527.04,180.56
39.04,39.04,0,-39.04,19.52,19.52,34.16,58.56,24.4,4.88,536.8,185.44
14.64,39.04,24.4,-24.4,-4.88,29.28,39.04,73.2,39.04,19.52,551.44,195.2
53.68,34.16,-19.52,-43.92,34.16,4.88,24.4,68.32,24.4,9.76,546.56,175.68
68.32,43.92,-24.4,-53.68,43.92,9.76,19.52,73.2,34.16,9.76,546.56,170.8
34.16,43.92,9.76,-39.04,9.76,24.4,29.28,97.6,58.56,34.16,580.72,180.56
63.44,48.8,-14.64,-53.68,39.04,14.64,24.4,87.84,58.56,34.16,575.84,180.56
78.08,53.68,-24.4,-63.44,48.8,14.64,24.4,92.72,63.44,43.92,580.72,190.32
39.04,48.8,9.76,-43.92,14.64,29.28,29.28,107.36,78.08,58.56,595.36,214.72
19.52,43.92,24.4,-29.28,-4.88,34.16,34.16,112.24,78.08,48.8,605.12,224.48
43.92,53.68,9.76,-48.8,14.64,29.28,34.16,107.36,78.08,53.68,600.24,219.6
78.08,53.68,-24.4,-63.44,48.8,14.64,19.52,107.36,78.08,48.8,600.24,214.72
87.84,53.68,-34.16,-68.32,58.56,9.76,14.64,107.36,78.08,43.92,600.24,209.84
63.44,43.92,-19.52,-53.68,39.04,9.76,19.52,122,87.84,58.56,610,214.72
9.76,43.92,34.16,-24.4,-14.64,39.04,29.28,141.52,102.48,78.08,634.4,234.24
-9.76,58.56,68.32,-24.4,-39.04,63.44,43.92,175.68,131.76,107.36,663.68,258.64
19.52,68.32,48.8,-43.92,-14.64,58.56,43.92,175.68,141.52,112.24,673.44,258.64
43.92,58.56,14.64,-48.8,14.64,34.16,24.4,165.92,117.12,97.6,668.56,244
102.48,68.32,-34.16,-82.96,68.32,14.64,9.76,156.16,112.24,97.6,658.8,239.12
112.24,73.2,-39.04,-92.72,73.2,14.64,14.64,161.04,117.12,112.24,668.56,244
82.96,92.72,9.76,-87.84,34.16,48.8,34.16,180.56,131.76,131.76,688.08,268.4
68.32,92.72,24.4,-78.08,19.52,58.56,29.28,195.2,146.4,141.52,707.6,283.04
78.08,87.84,9.76,-82.96,34.16,48.8,24.4,195.2,156.16,141.52,707.6,273.28
68.32,87.84,19.52,-78.08,24.4,53.68,29.28,219.6,170.8,161.04,717.36,287.92
78.08,87.84,9.76,-82.96,34.16,48.8,24.4,229.36,180.56,165.92,717.36,287.92
97.6,87.84,-9.76,-92.72,53.68,39.04,14.64,234.24,190.32,175.68,722.24,283.04
102.48,87.84,-14.64,-92.72,58.56,34.16,14.64,239.12,204.96,190.32,732,292.8
97.6,87.84,-9.76,-92.72,53.68,39.04,9.76,248.88,209.84,204.96,736.88,297.68
117.12,102.48,-14.64,-107.36,63.44,43.92,14.64,263.52,224.48,214.72,761.28,307.44
117.12,117.12,0,-117.12,58.56,58.56,19.52,283.04,239.12,234.24,780.8,317.2
122,117.12,-4.88,-117.12,63.44,53.68,4.88,287.92,239.12,244,780.8,322.08
146.4,117.12,-29.28,-131.76,87.84,43.92,4.88,302.56,253.76,248.88,790.56,326.96
136.64,112.24,-24.4,-122,78.08,43.92,4.88,317.2,268.4,263.52,795.44,322.08
117.12,107.36,-9.76,-112.24,63.44,48.8,14.64,336.72,283.04,287.92,810.08,331.84
141.52,131.76,-9.76,-136.64,73.2,58.56,14.64,351.36,297.68,307.44,829.6,341.6
136.64,136.64,0,-136.64,68.32,68.32,19.52,375.76,322.08,336.72,844.24,346.48
151.28,126.88,-24.4,-136.64,87.84,48.8,4.88,380.64,331.84,336.72,844.24,346.48
170.8,126.88,-43.92,-146.4,107.36,39.04,0,390.4,341.6,351.36,854,356.24
185.44,141.52,-43.92,-161.04,112.24,48.8,0,405.04,346.48,361.12,863.76,366
175.68,156.16,-19.52,-165.92,97.6,68.32,9.76,429.44,375.76,395.28,888.16,390.4
170.8,161.04,-9.76,-165.92,87.84,73.2,4.88,439.2,380.64,409.92,893.04,395.28
175.68,156.16,-19.52,-165.92,97.6,68.32,4.88,448.96,395.28,419.68,907.68,405.04
195.2,165.92,-29.28,-180.56,112.24,68.32,4.88,468.48,409.92,434.32,917.44,414.8
190.32,165.92,-24.4,-175.68,107.36,68.32,4.88,483.12,419.68,444.08,922.32,419.68
195.2,170.8,-24.4,-180.56,107.36,73.2,0,497.76,434.32,463.6,936.96,424.56
204.96,180.56,-24.4,-190.32,112.24,78.08,9.76,522.16,458.72,488,961.36,439.2
200.08,175.68,-24.4,-185.44,112.24,73.2,9.76,522.16,473.36,502.64,966.24,448.96
190.32,180.56,-9.76,-185.44,97.6,82.96,9.76,536.8,478.24,517.28,966.24,458.72
214.72,185.44,-29.28,-200.08,122,78.08,0,527.04,478.24,512.4,966.24,453.84
219.6,175.68,-43.92,-195.2,131.76,63.44,-4.88,536.8,488,517.28,971.12,453.84
224.48,185.44,-39.04,-204.96,131.76,73.2,-4.88,541.68,488,531.92,976,448.96
214.72,175.68,-39.04,-195.2,126.88,68.32,-14.64,556.32,492.88,531.92,976,448.96
209.84,190.32,-19.52,-200.08,112.24,82.96,0,580.72,517.28,556.32,995.52,468.48
268.4,204.96,-63.44,-234.24,165.92,68.32,0,590.48,527.04,566.08,1000.4,468.48
253.76,209.84,-43.92,-229.36,146.4,82.96,4.88,605.12,541.68,585.6,1005.28,473.36
239.12,204.96,-34.16,-219.6,136.64,82.96,4.88,624.64,556.32,605.12,1010.16,478.24
239.12,204.96,-34.16,-219.6,136.64,82.96,14.64,634.4,575.84,624.64,1019.92,483.12
248.88,209.84,-39.04,-229.36,141.52,82.96,14.64,639.28,575.84,629.52,1024.8,488
253.76,209.84,-43.92,-229.36,146.4,82.96,9.76,624.64,575.84,629.52,1024.8,488
209.84,200.08,-9.76,-204.96,107.36,92.72,9.76,634.4,585.6,639.28,1034.56,502.64
229.36,209.84,-19.52,-219.6,122,92.72,9.76,624.64,575.84,629.52,1029.68,497.76
287.92,204.96,-82.96,-244,185.44,58.56,-4.88,614.88,561.2,610,1015.04,478.24
273.28,204.96,-68.32,-239.12,170.8,68.32,-4.88,605.12,556.32,600.24,1010.16,473.36
263.52,214.72,-48.8,-239.12,156.16,82.96,9.76,619.76,566.08,605.12,1024.8,492.88
268.4,224.48,-43.92,-244,156.16,87.84,14.64,614.88,566.08,605.12,1019.92,497.76
258.64,209.84,-48.8,-234.24,151.28,78.08,14.64,600.24,561.2,590.48,1024.8,497.76
195.2,204.96,9.76,-200.08,92.72,107.36,39.04,605.12,570.96,600.24,1029.68,512.4
195.2,195.2,0,-195.2,97.6,97.6,39.04,585.6,546.56,590.48,1015.04,502.64
185.44,190.32,4.88,-185.44,87.84,97.6,43.92,570.96,536.8,580.72,1015.04,497.76
185.44,195.2,9.76,-190.32,87.84,102.48,53.68,556.32,531.92,570.96,1005.28,492.88
195.2,200.08,4.88,-195.2,92.72,102.48,48.8,531.92,502.64,531.92,980.88,478.24
185.44,185.44,0,-185.44,92.72,92.72,53.68,512.4,488,517.28,971.12,473.36
190.32,170.8,-19.52,-180.56,102.48,73.2,48.8,483.12,458.72,483.12,946.72,458.72
185.44,161.04,-24.4,-170.8,102.48,68.32,43.92,458.72,434.32,458.72,922.32,453.84
165.92,161.04,-4.88,-161.04,82.96,78.08,63.44,458.72,434.32,453.84,917.44,453.84
136.64,156.16,19.52,-146.4,58.56,87.84,68.32,444.08,429.44,434.32,917.44,448.96
156.16,170.8,14.64,-161.04,68.32,92.72,63.44,414.8,400.16,409.92,907.68,429.44
136.64,165.92,29.28,-151.28,53.68,97.6,68.32,395.28,390.4,400.16,902.8,419.68
112.24,156.16,43.92,-131.76,34.16,97.6,68.32,375.76,370.88,380.64,883.28,424.56
112.24,146.4,34.16,-126.88,39.04,87.84,73.2,351.36,351.36,361.12,863.76,414.8
122,126.88,4.88,-122,58.56,63.44,63.44,312.32,317.2,322.08,829.6,395.28
117.12,112.24,-4.88,-112.24,58.56,53.68,63.44,292.8,287.92,292.8,819.84,375.76
92.72,107.36,14.64,-97.6,39.04,58.56,78.08,278.16,278.16,278.16,814.96,375.76
53.68,97.6,43.92,-73.2,4.88,68.32,82.96,268.4,263.52,268.4,805.2,375.76
92.72,97.6,4.88,-92.72,43.92,48.8,73.2,248.88,239.12,239.12,785.68,361.12
97.6,92.72,-4.88,-92.72,48.8,43.92,63.44,224.48,224.48,209.84,766.16,346.48
58.56,68.32,9.76,-63.44,24.4,39.04,58.56,204.96,200.08,195.2,751.52,336.72
43.92,63.44,19.52,-53.68,9.76,39.04,68.32,200.08,190.32,185.44,746.64,331.84
48.8,73.2,24.4,-58.56,9.76,48.8,63.44,180.56,180.56,175.68,741.76,336.72
58.56,73.2,14.64,-63.44,19.52,43.92,63.44,161.04,165.92,161.04,727.12,326.96
53.68,73.2,19.52,-63.44,14.64,43.92,63.44,151.28,151.28,146.4,712.48,322.08
39.04,53.68,14.64,-43.92,9.76,34.16,58.56,131.76,126.88,122,702.72,307.44
58.56,53.68,-4.88,-53.68,29.28,24.4,53.68,117.12,117.12,102.48,683.2,292.8
43.92,43.92,0,-43.92,19.52,19.52,53.68,107.36,107.36,97.6,673.44,297.68
9.76,43.92,34.16,-24.4,-14.64,39.04,58.56,112.24,107.36,97.6,673.44,302.56
34.16,39.04,4.88,-34.16,14.64,19.52,53.68,102.48,102.48,92.72,673.44,297.68
43.92,29.28,-14.64,-34.16,29.28,4.88,48.8,78.08,82.96,78.08,653.92,273.28
43.92,34.16,-9.76,-39.04,24.4,9.76,43.92,68.32,63.44,63.44,644.16,263.52
29.28,34.16,4.88,-29.28,9.76,19.52,53.68,63.44,73.2,68.32,639.28,273.28
14.64,24.4,9.76,-19.52,0,14.64,48.8,58.56,63.44,58.56,639.28,268.4
48.8,24.4,-24.4,-34.16,34.16,0,39.04,53.68,53.68,48.8,624.64,263.52
39.04,19.52,-19.52,-29.28,29.28,0,43.92,48.8,48.8,39.04,619.76,263.52
-4.88,14.64,19.52,-4.88,-14.64,14.64,48.8,48.8,48.8,43.92,614.88,268.4
43.92,19.52,-24.4,-29.28,34.16,-4.88,34.16,34.16,34.16,24.4,595.36,248.88
14.64,24.4,9.76,-19.52,0,14.64,43.92,43.92,43.92,34.16,600.24,258.64
24.4,24.4,0,-24.4,9.76,9.76,34.16,34.16,39.04,24.4,590.48,248.88
53.68,19.52,-34.16,-34.16,43.92,-9.76,29.28,24.4,34.16,19.52,585.6,244
4.88,14.64,9.76,-9.76,-4.88,9.76,34.16,34.16,34.16,24.4,595.36,248.88
-9.76,19.52,29.28,-4.88,-19.52,24.4,43.92,34.16,43.92,29.28,600.24,248.88
-14.64,4.88,19.52,4.88,-19.52,9.76,39.04,29.28,39.04,29.28,590.48,244
-4.88,9.76,14.64,0,-9.76,9.76,39.04,24.4,29.28,19.52,575.84,244
34.16,19.52,-14.64,-24.4,24.4,0,39.04,24.4,29.28,24.4,580.72,234.24
29.28,4.88,-24.4,-14.64,24.4,-9.76,34.16,9.76,14.64,14.64,566.08,234.24
9.76,4.88,-4.88,-4.88,4.88,0,43.92,24.4,19.52,14.64,570.96,239.12
14.64,14.64,0,-14.64,4.88,4.88,34.16,24.4,19.52,14.64,566.08,239.12
9.76,4.88,-4.88,-4.88,4.88,0,34.16,24.4,24.4,14.64,566.08,239.12
9.76,9.76,0,-9.76,4.88,4.88,34.16,19.52,24.4,19.52,566.08,239.12
4.88,0,-4.88,0,4.88,-4.88,29.28,19.52,24.4,19.52,551.44,234.24
0,4.88,4.88,0,-4.88,4.88,29.28,14.64,24.4,19.52,546.56,229.36
14.64,4.88,-9.76,-9.76,9.76,-4.88,29.28,9.76,19.52,14.64,536.8,214.72
43.92,0,-43.92,-19.52,43.92,-24.4,19.52,4.88,14.64,4.88,527.04,200.08
24.4,4.88,-19.52,-14.64,19.52,-9.76,29.28,14.64,19.52,14.64,531.92,200.08
-9.76,9.76,19.52,0,-14.64,14.64,43.92,29.28,34.16,29.28,541.68,214.72
-53.68,0,53.68,29.28,-53.68,24.4,48.8,39.04,43.92,34.16,546.56,229.36
-24.4,9.76,34.16,9.76,-29.28,19.52,43.92,34.16,34.16,24.4,541.68,219.6
0,9.76,9.76,-4.88,-4.88,9.76,34.16,24.4,34.16,29.28,531.92,214.72
0,4.88,4.88,0,-4.88,4.88,39.04,24.4,29.28,24.4,531.92,219.6
-9.76,9.76,19.52,0,-14.64,14.64,39.04,29.28,34.16,34.16,531.92,224.48
-9.76,0,9.76,4.88,-9.76,4.88,34.16,19.52,29.28,24.4,517.28,214.72
-4.88,-9.76,-4.88,9.76,0,-9.76,29.28,14.64,24.4,19.52,507.52,209.84
-14.64,-9.76,4.88,14.64,-9.76,-4.88,29.28,9.76,19.52,19.52,502.64,200.08
9.76,-9.76,-19.52,0,14.64,-14.64,24.4,14.64,14.64,14.64,497.76,195.2
24.4,0,-24.4,-9.76,24.4,-14.64,24.4,14.64,19.52,14.64,492.88,190.32
9.76,4.88,-4.88,-4.88,4.88,0,29.28,24.4,24.4,19.52,492.88,190.32
0,0,0,0,0,0,43.92,34.16,39.04,34.16,502.64,204.96
0,0,0,0,0,0,39.04,34.16,39.04,34.16,502.64,204.96
-19.52,-9.76,9.76,14.64,-14.64,0,39.04,19.52,29.28,29.28,497.76,200.08
-9.76,-4.88,4.88,9.76,-9.76,0,39.04,19.52,29.28,29.28,492.88,200.08
-4.88,0,4.88,4.88,-4.88,0,39.04,19.52,39.04,39.04,492.88,204.96
-4.88,4.88,9.76,0,-9.76,4.88,39.04,24.4,34.16,34.16,483.12,204.96
43.92,4.88,-39.04,-24.4,39.04,-19.52,29.28,4.88,4.88,14.64,468.48,180.56
34.16,-4.88,-39.04,-14.64,34.16,-24.4,29.28,4.88,4.88,9.76,463.6,180.56
-9.76,9.76,19.52,0,-14.64,14.64,43.92,19.52,24.4,19.52,478.24,200.08
-4.88,9.76,14.64,0,-9.76,9.76,43.92,24.4,24.4,19.52,473.36,200.08
-24.4,4.88,29.28,9.76,-29.28,14.64,48.8,29.28,34.16,29.28,478.24,209.84
-9.76,9.76,19.52,0,-14.64,14.64,39.04,34.16,39.04,29.28,473.36,209.84
14.64,4.88,-9.76,-9.76,9.76,-4.88,24.4,14.64,24.4,14.64,458.72,190.32
-9.76,0,9.76,4.88,-9.76,4.88,39.04,19.52,24.4,19.52,458.72,190.32
-9.76,4.88,14.64,4.88,-14.64,9.76,43.92,29.28,39.04,34.16,463.6,200.08
-9.76,0,9.76,4.88,-9.76,4.88,34.16,19.52,29.28,29.28,444.08,190.32
-19.52,0,19.52,9.76,-19.52,9.76,39.04,14.64,24.4,29.28,444.08,190.32
9.76,-9.76,-19.52,0,14.64,-14.64,29.28,9.76,14.64,14.64,434.32,175.68
24.4,-9.76,-34.16,-4.88,29.28,-24.4,14.64,-4.88,0,-4.88,414.8,165.92
14.64,4.88,-9.76,-9.76,9.76,-4.88,19.52,-4.88,0,-9.76,414.8,175.68
-53.68,0,53.68,29.28,-53.68,24.4,53.68,29.28,29.28,24.4,444.08,214.72
-48.8,-4.88,43.92,29.28,-48.8,19.52,34.16,24.4,29.28,19.52,429.44,204.96
-9.76,0,9.76,4.88,-9.76,4.88,24.4,9.76,9.76,9.76,414.8,185.44
-19.52,4.88,24.4,9.76,-24.4,14.64,34.16,19.52,19.52,24.4,424.56,200.08
4.88,9.76,4.88,-4.88,0,4.88,24.4,4.88,9.76,19.52,409.92,190.32
-29.28,4.88,34.16,14.64,-34.16,19.52,29.28,19.52,24.4,19.52,409.92,185.44
-24.4,0,24.4,14.64,-24.4,9.76,29.28,9.76,14.64,14.64,400.16,175.68
-4.88,-4.88,0,4.88,-4.88,-4.88,19.52,0,4.88,0,385.52,165.92
29.28,-14.64,-43.92,-4.88,34.16,-29.28,9.76,-14.64,-9.76,-14.64,366,151.28
29.28,-9.76,-39.04,-9.76,34.16,-24.4,4.88,-14.64,-9.76,-9.76,370.88,156.16
-19.52,-4.88,14.64,14.64,-19.52,4.88,34.16,4.88,9.76,9.76,390.4,180.56
-9.76,-14.64,-4.88,14.64,-4.88,-9.76,19.52,0,9.76,-4.88,375.76,165.92
-9.76,-19.52,-9.76,14.64,0,-14.64,19.52,0,4.88,0,366,161.04
-19.52,-24.4,-4.88,24.4,-9.76,-14.64,19.52,0,4.88,4.88,361.12,161.04
-82.96,-34.16,48.8,58.56,-68.32,4.88,39.04,4.88,14.64,9.76,366,180.56
-63.44,-29.28,34.16,48.8,-48.8,0,39.04,4.88,9.76,9.76,356.24,170.8
-34.16,-14.64,19.52,24.4,-29.28,0,34.16,0,0,4.88,351.36,165.92
-43.92,-9.76,34.16,29.28,-39.04,9.76,48.8,14.64,14.64,19.52,361.12,175.68
-53.68,-4.88,48.8,29.28,-53.68,19.52,48.8,19.52,19.52,19.52,366,180.56
-9.76,-4.88,4.88,9.76,-9.76,0,24.4,-4.88,0,0,346.48,156.16
-24.4,-9.76,14.64,19.52,-19.52,0,29.28,-9.76,0,-4.88,341.6,156.16
-19.52,-24.4,-4.88,24.4,-9.76,-14.64,24.4,-9.76,0,-4.88,331.84,156.16
-43.92,-29.28,14.64,39.04,-29.28,-9.76,19.52,-14.64,-4.88,-9.76,331.84,151.28
-73.2,-29.28,43.92,53.68,-58.56,4.88,34.16,-4.88,4.88,-4.88,341.6,165.92
-92.72,-39.04,53.68,68.32,-73.2,4.88,29.28,-4.88,4.88,-4.88,331.84,161.04
-43.92,-39.04,4.88,43.92,-24.4,-19.52,14.64,-19.52,-9.76,-19.52,307.44,136.64
-14.64,-9.76,4.88,14.64,-9.76,-4.88,19.52,-19.52,-14.64,-14.64,307.44,136.64
-29.28,-14.64,14.64,24.4,-24.4,0,39.04,0,-4.88,-4.88,307.44,146.4
-43.92,-19.52,24.4,34.16,-34.16,0,34.16,-9.76,-4.88,-9.76,297.68,136.64
-24.4,-34.16,-9.76,29.28,-9.76,-24.4,24.4,-29.28,-14.64,-19.52,283.04,126.88
-19.52,-39.04,-19.52,29.28,0,-29.28,19.52,-29.28,-24.4,-24.4,273.28,117.12
-14.64,-19.52,-4.88,19.52,-4.88,-14.64,29.28,-19.52,-14.64,-14.64,278.16,117.12
-53.68,-29.28,24.4,43.92,-39.04,-4.88,39.04,-9.76,-4.88,-4.88,287.92,126.88
-34.16,-39.04,-4.88,39.04,-14.64,-24.4,34.16,-19.52,-14.64,-19.52,278.16,117.12
-39.04,-39.04,0,39.04,-19.52,-19.52,34.16,-19.52,-14.64,-14.64,273.28,122
-68.32,-43.92,24.4,58.56,-48.8,-9.76,29.28,-29.28,-19.52,-19.52,263.52,122
-63.44,-48.8,14.64,58.56,-39.04,-19.52,29.28,-34.16,-29.28,-29.28,258.64,126.88
-43.92,-43.92,0,43.92,-24.4,-24.4,29.28,-34.16,-29.28,-34.16,253.76,122
-34.16,-43.92,-9.76,39.04,-14.64,-29.28,14.64,-48.8,-39.04,-43.92,239.12,112.24
-29.28,-34.16,-4.88,34.16,-14.64,-19.52,19.52,-43.92,-39.04,-39.04,229.36,112.24
-39.04,-39.04,0,39.04,-19.52,-19.52,24.4,-39.04,-34.16,-34.16,229.36,107.36
-48.8,-43.92,4.88,48.8,-29.28,-19.52,24.4,-39.04,-34.16,-39.04,229.36,97.6
-48.8,-48.8,0,48.8,-24.4,-24.4,19.52,-43.92,-39.04,-43.92,224.48,92.72
-63.44,-53.68,9.76,58.56,-39.04,-24.4,24.4,-39.04,-34.16,-39.04,219.6,97.6
-68.32,-53.68,14.64,63.44,-43.92,-19.52,29.28,-34.16,-29.28,-34.16,219.6,102.48
-48.8,-53.68,-4.88,53.68,-24.4,-29.28,19.52,-39.04,-34.16,-39.04,204.96,92.72
-29.28,-53.68,-24.4,43.92,-4.88,-39.04,9.76,-58.56,-58.56,-53.68,185.44,78.08
-34.16,-58.56,-24.4,48.8,-4.88,-43.92,14.64,-53.68,-48.8,-53.68,185.44,78.08
-53.68,-53.68,0,53.68,-29.28,-29.28,14.64,-53.68,-43.92,-53.68,190.32,87.84
-73.2,-48.8,24.4,63.44,-48.8,-14.64,29.28,-39.04,-34.16,-39.04,195.2,92.72
-73.2,-43.92,29.28,58.56,-53.68,-9.76,29.28,-43.92,-34.16,-39.04,195.2,92.72
-43.92,-58.56,-14.64,53.68,-14.64,-39.04,19.52,-53.68,-43.92,-58.56,180.56,78.08
-58.56,-48.8,9.76,53.68,-34.16,-19.52,29.28,-43.92,-43.92,-48.8,185.44,82.96
-48.8,-53.68,-4.88,53.68,-24.4,-29.28,24.4,-39.04,-34.16,-48.8,185.44,87.84
-63.44,-63.44,0,63.44,-34.16,-34.16,19.52,-48.8,-43.92,-58.56,170.8,82.96
-68.32,-63.44,4.88,68.32,-39.04,-29.28,19.52,-43.92,-43.92,-58.56,165.92,82.96
-53.68,-63.44,-9.76,58.56,-24.4,-39.04,14.64,-58.56,-53.68,-63.44,151.28,73.2
-43.92,-63.44,-19.52,53.68,-14.64,-43.92,9.76,-63.44,-58.56,-78.08,136.64,63.44
-68.32,-68.32,0,68.32,-34.16,-34.16,19.52,-58.56,-48.8,-68.32,141.52,68.32
-92.72,-78.08,14.64,87.84,-53.68,-34.16,19.52,-53.68,-53.68,-68.32,146.4,68.32
-73.2,-73.2,0,73.2,-39.04,-39.04,24.4,-48.8,-53.68,-58.56,141.52,68.32
-73.2,-73.2,0,73.2,-39.04,-39.04,19.52,-48.8,-43.92,-58.56,136.64,68.32
-63.44,-68.32,-4.88,68.32,-29.28,-39.04,19.52,-53.68,-53.68,-63.44,131.76,63.44
-58.56,-63.44,-4.88,63.44,-29.28,-34.16,24.4,-53.68,-53.68,-63.44,126.88,63.44
-63.44,-68.32,-4.88,68.32,-29.28,-39.04,24.4,-53.68,-58.56,-63.44,117.12,63.44
-68.32,-73.2,-4.88,73.2,-34.16,-39.04,19.52,-53.68,-58.56,-68.32,112.24,53.68
-78.08,-63.44,14.64,73.2,-48.8,-24.4,34.16,-48.8,-53.68,-53.68,117.12,63.44
-63.44,-58.56,4.88,63.44,-34.16,-29.28,34.16,-53.68,-58.56,-68.32,102.48,58.56
-34.16,-63.44,-29.28,48.8,-4.88,-48.8,14.64,-68.32,-68.32,-82.96,87.84,43.92
-34.16,-68.32,-34.16,53.68,0,-53.68,4.88,-73.2,-68.32,-82.96,78.08,34.16
-48.8,-73.2,-24.4,63.44,-14.64,-48.8,9.76,-68.32,-73.2,-82.96,73.2,34.16
-117.12,-78.08,39.04,97.6,-78.08,-19.52,34.16,-43.92,-43.92,-58.56,92.72,48.8
-87.84,-68.32,19.52,78.08,-53.68,-24.4,24.4,-48.8,-48.8,-63.44,78.08,39.04
-53.68,-73.2,-19.52,63.44,-19.52,-48.8,24.4,-53.68,-58.56,-73.2,63.44,24.4
-92.72,-78.08,14.64,87.84,-53.68,-34.16,43.92,-39.04,-39.04,-53.68,78.08,43.92
-97.6,-87.84,9.76,92.72,-53.68,-39.04,34.16,-53.68,-48.8,-63.44,68.32,34.16
-112.24,-92.72,19.52,102.48,-68.32,-39.04,39.04,-53.68,-58.56,-63.44,68.32,34.16
-78.08,-92.72,-14.64,87.84,-34.16,-53.68,29.28,-63.44,-68.32,-78.08,48.8,19.52
-92.72,-92.72,0,92.72,-48.8,-48.8,29.28,-58.56,-63.44,-78.08,48.8,29.28
-92.72,-82.96,9.76,87.84,-53.68,-39.04,29.28,-63.44,-68.32,-78.08,39.04,29.28
-82.96,-87.84,-4.88,87.84,-39.04,-48.8,34.16,-63.44,-68.32,-78.08,48.8,29.28
-87.84,-82.96,4.88,87.84,-48.8,-39.04,39.04,-53.68,-58.56,-82.96,43.92,34.16
-82.96,-82.96,0,82.96,-43.92,-43.92,34.16,-58.56,-63.44,-82.96,34.16,29.28
-82.96,-87.84,-4.88,87.84,-39.04,-48.8,34.16,-53.68,-58.56,-82.96,24.4,29.28
-112.24,-82.96,29.28,97.6,-73.2,-29.28,39.04,-53.68,-53.68,-73.2,34.16,29.28
-126.88,-97.6,29.28,112.24,-78.08,-34.16,39.04,-63.44,-58.56,-73.2,19.52,24.4
-107.36,-87.84,19.52,97.6,-63.44,-34.16,34.16,-68.32,-68.32,-78.08,9.76,14.64
-78.08,-87.84,-9.76,82.96,-34.16,-48.8,29.28,-68.32,-63.44,-82.96,4.88,14.64
-73.2,-92.72,-19.52,82.96,-29.28,-58.56,19.52,-82.96,-78.08,-92.72,-4.88,0
-82.96,-92.72,-9.76,87.84,-39.04,-53.68,19.52,-78.08,-73.2,-92.72,-9.76,0
-63.44,-87.84,-24.4,78.08,-19.52,-58.56,14.64,-78.08,-73.2,-92.72,-19.52,0
-87.84,-97.6,-9.76,92.72,-39.04,-53.68,29.28,-63.44,-63.44,-82.96,-14.64,0
-87.84,-97.6,-9.76,92.72,-39.04,-53.68,24.4,-63.44,-63.44,-82.96,-9.76,-4.88
-82.96,-87.84,-4.88,87.84,-39.04,-48.8,24.4,-58.56,-63.44,-78.08,-14.64,-4.88
-78.08,-102.48,-24.4,92.72,-29.28,-63.44,24.4,-68.32,-68.32,-82.96,-24.4,0
-102.48,-107.36,-4.88,107.36,-48.8,-58.56,34.16,-58.56,-58.56,-73.2,-14.64,0
-102.48,-97.6,4.88,102.48,-53.68,-48.8,29.28,-63.44,-63.44,-78.08,-14.64,-4.88
-102.48,-92.72,9.76,97.6,-58.56,-43.92,39.04,-53.68,-53.68,-73.2,-9.76,4.88
-117.12,-107.36,9.76,112.24,-63.44,-48.8,39.04,-53.68,-53.68,-73.2,-4.88,14.64
-112.24,-122,-9.76,117.12,-53.68,-68.32,24.4,-68.32,-73.2,-92.72,-29.28,-4.88
-92.72,-107.36,-14.64,102.48,-39.04,-63.44,19.52,-68.32,-73.2,-87.84,-34.16,4.88
-43.92,-92.72,-48.8,68.32,0,-73.2,19.52,-68.32,-78.08,-92.72,-39.04,-4.88
-39.04,-73.2,-34.16,58.56,-4.88,-53.68,19.52,-73.2,-82.96,-97.6,-29.28,0
-102.48,-78.08,24.4,92.72,-63.44,-29.28,39.04,-48.8,-58.56,-68.32,0,29.28
-131.76,-92.72,39.04,112.24,-87.84,-29.28,34.16,-53.68,-68.32,-73.2,0,24.4
-107.36,-102.48,4.88,107.36,-58.56,-48.8,29.28,-63.44,-78.08,-82.96,0,24.4
-68.32,-92.72,-24.4,82.96,-24.4,-58.56,19.52,-78.08,-87.84,-87.84,-14.64,14.64
-102.48,-87.84,14.64,97.6,-58.56,-39.04,34.16,-63.44,-63.44,-73.2,-14.64,29.28
-107.36,-82.96,24.4,97.6,-68.32,-29.28,39.04,-58.56,-58.56,-73.2,-9.76,29.28
-102.48,-87.84,14.64,97.6,-58.56,-39.04,34.16,-53.68,-58.56,-73.2,-19.52,19.52
-78.08,-92.72,-14.64,87.84,-34.16,-53.68,24.4,-63.44,-68.32,-78.08,-24.4,14.64
-102.48,-107.36,-4.88,107.36,-48.8,-58.56,29.28,-58.56,-68.32,-73.2,-19.52,19.52
-97.6,-112.24,-14.64,107.36,-43.92,-63.44,14.64,-63.44,-78.08,-87.84,-19.52,9.76
-73.2,-92.72,-19.52,82.96,-29.28,-58.56,14.64,-63.44,-73.2,-82.96,-24.4,14.64
-87.84,-87.84,0,87.84,-43.92,-43.92,29.28,-63.44,-73.2,-78.08,-19.52,19.52
-87.84,-92.72,-4.88,92.72,-43.92,-48.8,29.28,-58.56,-73.2,-78.08,-14.64,19.52
-82.96,-92.72,-9.76,87.84,-39.04,-53.68,19.52,-73.2,-82.96,-87.84,-19.52,14.64
-87.84,-92.72,-4.88,92.72,-43.92,-48.8,24.4,-68.32,-82.96,-82.96,-19.52,9.76
-82.96,-97.6,-14.64,92.72,-34.16,-58.56,29.28,-63.44,-78.08,-82.96,-19.52,9.76
-73.2,-82.96,-9.76,78.08,-34.16,-48.8,29.28,-58.56,-68.32,-78.08,-14.64,9.76
-53.68,-78.08,-24.4,68.32,-14.64,-53.68,19.52,-68.32,-73.2,-82.96,-24.4,14.64
-48.8,-87.84,-39.04,68.32,-4.88,-63.44,19.52,-63.44,-73.2,-78.08,-14.64,19.52
-63.44,-82.96,-19.52,73.2,-24.4,-53.68,19.52,-68.32,-68.32,-78.08,-14.64,24.4
-97.6,-92.72,4.88,97.6,-53.68,-43.92,24.4,-63.44,-63.44,-73.2,-14.64,34.16
-102.48,-97.6,4.88,102.48,-53.68,-48.8,24.4,-63.44,-63.44,-73.2,-9.76,34.16
-112.24,-107.36,4.88,112.24,-58.56,-53.68,29.28,-73.2,-73.2,-82.96,-9.76,39.04
-102.48,-97.6,4.88,102.48,-53.68,-48.8,19.52,-73.2,-73.2,-82.96,-9.76,39.04
-82.96,-82.96,0,82.96,-43.92,-43.92,24.4,-68.32,-73.2,-78.08,-9.76,39.04
-73.2,-82.96,-9.76,78.08,-34.16,-48.8,14.64,-73.2,-78.08,-82.96,-19.52,39.04
-58.56,-73.2,-14.64,68.32,-24.4,-43.92,14.64,-78.08,-82.96,-87.84,-24.4,34.16
-68.32,-82.96,-14.64,78.08,-29.28,-48.8,9.76,-73.2,-78.08,-82.96,-19.52,29.28
-68.32,-92.72,-24.4,82.96,-24.4,-58.56,4.88,-68.32,-82.96,-92.72,-14.64,39.04
-68.32,-82.96,-14.64,78.08,-29.28,-48.8,4.88,-73.2,-73.2,-92.72,-9.76,34.16
-78.08,-87.84,-9.76,82.96,-34.16,-48.8,14.64,-73.2,-68.32,-78.08,-4.88,34.16
-63.44,-87.84,-24.4,78.08,-19.52,-58.56,14.64,-73.2,-78.08,-78.08,-9.76,29.28
-63.44,-82.96,-19.52,73.2,-24.4,-53.68,19.52,-73.2,-78.08,-78.08,-9.76,34.16
-73.2,-87.84,-14.64,82.96,-29.28,-53.68,14.64,-78.08,-82.96,-82.96,-9.76,29.28
-92.72,-92.72,0,92.72,-48.8,-48.8,19.52,-78.08,-82.96,-82.96,-4.88,39.04
-82.96,-92.72,-9.76,87.84,-39.04,-53.68,14.64,-73.2,-78.08,-82.96,0,43.92
-87.84,-92.72,-4.88,92.72,-43.92,-48.8,14.64,-78.08,-82.96,-87.84,-4.88,43.92
-68.32,-78.08,-9.76,73.2,-29.28,-43.92,19.52,-63.44,-73.2,-73.2,9.76,58.56
-9.76,-78.08,-68.32,43.92,29.28,-73.2,4.88,-78.08,-92.72,-92.72,-4.88,48.8
-48.8,-68.32,-19.52,58.56,-14.64,-43.92,14.64,-68.32,-78.08,-78.08,14.64,53.68
-78.08,-68.32,9.76,73.2,-43.92,-29.28,24.4,-58.56,-63.44,-63.44,19.52,68.32
-58.56,-78.08,-19.52,68.32,-19.52,-48.8,14.64,-73.2,-78.08,-87.84,9.76,58.56
-68.32,-78.08,-9.76,73.2,-29.28,-43.92,19.52,-78.08,-78.08,-82.96,9.76,68.32
-92.72,-82.96,9.76,87.84,-53.68,-39.04,19.52,-63.44,-73.2,-73.2,19.52,73.2
-78.08,-78.08,0,78.08,-39.04,-39.04,9.76,-73.2,-87.84,-82.96,9.76,68.32
-58.56,-73.2,-14.64,68.32,-24.4,-43.92,9.76,-78.08,-82.96,-87.84,14.64,68.32
-68.32,-78.08,-9.76,73.2,-29.28,-43.92,4.88,-78.08,-87.84,-82.96,9.76,53.68
-58.56,-78.08,-19.52,68.32,-19.52,-48.8,4.88,-78.08,-82.96,-92.72,4.88,43.92
-58.56,-78.08,-19.52,68.32,-19.52,-48.8,9.76,-73.2,-78.08,-87.84,14.64,43.92
-29.28,-82.96,-53.68,58.56,9.76,-68.32,-4.88,-82.96,-92.72,-102.48,-9.76,34.16
-63.44,-78.08,-14.64,73.2,-24.4,-48.8,9.76,-68.32,-78.08,-78.08,9.76,53.68
-87.84,-82.96,4.88,87.84,-48.8,-39.04,19.52,-68.32,-73.2,-73.2,19.52,73.2
-63.44,-78.08,-14.64,73.2,-24.4,-48.8,9.76,-73.2,-73.2,-82.96,14.64,78.08
-39.04,-68.32,-29.28,53.68,-4.88,-48.8,14.64,-73.2,-73.2,-78.08,19.52,78.08
-58.56,-68.32,-9.76,63.44,-24.4,-39.04,14.64,-78.08,-73.2,-82.96,24.4,82.96
-78.08,-73.2,4.88,78.08,-43.92,-34.16,24.4,-73.2,-68.32,-78.08,24.4,97.6
-87.84,-73.2,14.64,82.96,-53.68,-29.28,19.52,-68.32,-68.32,-73.2,29.28,92.72
-73.2,-82.96,-9.76,78.08,-34.16,-48.8,4.88,-78.08,-78.08,-82.96,29.28,87.84
-29.28,-73.2,-43.92,53.68,4.88,-58.56,0,-87.84,-87.84,-92.72,19.52,78.08
-34.16,-63.44,-29.28,48.8,-4.88,-48.8,4.88,-78.08,-82.96,-87.84,29.28,87.84
-53.68,-63.44,-9.76,58.56,-24.4,-39.04,0,-73.2,-78.08,-82.96,29.28,87.84
-78.08,-68.32,9.76,73.2,-43.92,-29.28,9.76,-73.2,-73.2,-78.08,39.04,87.84
-82.96,-78.08,4.88,82.96,-43.92,-39.04,4.88,-73.2,-73.2,-73.2,34.16,87.84
-34.16,-68.32,-34.16,53.68,0,-53.68,-4.88,-87.84,-87.84,-87.84,24.4,82.96
-29.28,-53.68,-24.4,43.92,-4.88,-39.04,4.88,-87.84,-87.84,-87.84,19.52,82.96
-68.32,-73.2,-4.88,73.2,-34.16,-39.04,14.64,-78.08,-78.08,-78.08,29.28,87.84
-82.96,-68.32,14.64,78.08,-48.8,-29.28,14.64,-73.2,-73.2,-73.2,29.28,82.96
-53.68,-73.2,-19.52,63.44,-19.52,-48.8,0,-82.96,-82.96,-82.96,29.28,78.08
-53.68,-73.2,-19.52,63.44,-19.52,-48.8,4.88,-78.08,-82.96,-78.08,39.04,87.84
-53.68,-63.44,-9.76,58.56,-24.4,-39.04,9.76,-73.2,-73.2,-73.2,43.92,87.84
-63.44,-68.32,-4.88,68.32,-29.28,-39.04,9.76,-68.32,-73.2,-68.32,48.8,87.84
-43.92,-63.44,-19.52,53.68,-14.64,-43.92,4.88,-82.96,-87.84,-82.96,39.04,78.08
-34.16,-58.56,-24.4,48.8,-4.88,-43.92,4.88,-82.96,-87.84,-78.08,43.92,78.08
-48.8,-53.68,-4.88,53.68,-24.4,-29.28,9.76,-78.08,-78.08,-73.2,48.8,82.96
-53.68,-48.8,4.88,53.68,-29.28,-24.4,14.64,-73.2,-68.32,-73.2,53.68,92.72
-4.88,-53.68,-48.8,29.28,19.52,-53.68,0,-82.96,-82.96,-87.84,43.92,82.96
-14.64,-53.68,-39.04,34.16,9.76,-48.8,0,-78.08,-82.96,-92.72,43.92,87.84
-19.52,-53.68,-34.16,39.04,4.88,-43.92,0,-82.96,-82.96,-92.72,43.92,92.72
-34.16,-58.56,-24.4,48.8,-4.88,-43.92,0,-82.96,-87.84,-102.48,43.92,87.84
-68.32,-58.56,9.76,63.44,-39.04,-24.4,9.76,-63.44,-68.32,-78.08,58.56,97.6
-97.6,-68.32,29.28,82.96,-63.44,-19.52,14.64,-68.32,-63.44,-73.2,63.44,97.6
-68.32,-68.32,0,68.32,-34.16,-34.16,4.88,-82.96,-82.96,-82.96,53.68,87.84
-43.92,-58.56,-14.64,53.68,-14.64,-39.04,4.88,-78.08,-78.08,-78.08,58.56,92.72
-24.4,-63.44,-39.04,43.92,4.88,-53.68,-4.88,-82.96,-82.96,-92.72,53.68,87.84
-63.44,-63.44,0,63.44,-34.16,-34.16,9.76,-78.08,-78.08,-78.08,58.56,97.6
-48.8,-53.68,-4.88,53.68,-24.4,-29.28,9.76,-73.2,-73.2,-73.2,63.44,97.6
-19.52,-43.92,-24.4,34.16,0,-34.16,4.88,-78.08,-78.08,-82.96,63.44,97.6
-19.52,-48.8,-29.28,34.16,4.88,-39.04,9.76,-78.08,-73.2,-73.2,68.32,97.6
-29.28,-53.68,-24.4,43.92,-4.88,-39.04,9.76,-78.08,-73.2,-73.2,63.44,102.48
-39.04,-63.44,-24.4,53.68,-9.76,-43.92,9.76,-78.08,-63.44,-73.2,63.44,107.36
-29.28,-53.68,-24.4,43.92,-4.88,-39.04,4.88,-82.96,-73.2,-78.08,53.68,97.6
-43.92,-58.56,-14.64,53.68,-14.64,-39.04,9.76,-73.2,-73.2,-78.08,63.44,97.6
-19.52,-63.44,-43.92,43.92,9.76,-53.68,-4.88,-87.84,-87.84,-92.72,48.8,82.96
-19.52,-58.56,-39.04,39.04,9.76,-48.8,4.88,-78.08,-73.2,-78.08,63.44,87.84
14.64,-53.68,-68.32,19.52,39.04,-63.44,-14.64,-92.72,-92.72,-92.72,43.92,73.2
-58.56,-48.8,9.76,53.68,-34.16,-19.52,14.64,-63.44,-68.32,-63.44,78.08,107.36
-73.2,-43.92,29.28,58.56,-53.68,-9.76,14.64,-68.32,-68.32,-63.44,78.08,102.48
-43.92,-43.92,0,43.92,-24.4,-24.4,4.88,-73.2,-68.32,-68.32,63.44,92.72
-48.8,-43.92,4.88,48.8,-29.28,-19.52,9.76,-68.32,-63.44,-63.44,78.08,102.48
-34.16,-48.8,-14.64,43.92,-9.76,-34.16,9.76,-78.08,-73.2,-78.08,58.56,87.84
-9.76,-39.04,-29.28,24.4,9.76,-34.16,4.88,-82.96,-78.08,-78.08,58.56,87.84
-34.16,-43.92,-9.76,39.04,-14.64,-29.28,14.64,-73.2,-68.32,-68.32,68.32,92.72
-58.56,-53.68,4.88,58.56,-34.16,-24.4,9.76,-78.08,-78.08,-78.08,68.32,92.72
-14.64,-48.8,-34.16,34.16,9.76,-43.92,0,-92.72,-87.84,-87.84,53.68,78.08
-19.52,-48.8,-29.28,34.16,4.88,-39.04,-4.88,-92.72,-87.84,-92.72,58.56,78.08
-58.56,-58.56,0,58.56,-29.28,-29.28,0,-78.08,-82.96,-82.96,68.32,92.72
-82.96,-43.92,39.04,63.44,-63.44,-4.88,14.64,-63.44,-63.44,-58.56,92.72,102.48
-24.4,-29.28,-4.88,29.28,-9.76,-19.52,0,-78.08,-73.2,-68.32,78.08,92.72
0,-34.16,-34.16,19.52,14.64,-34.16,0,-82.96,-78.08,-78.08,73.2,92.72
-24.4,-19.52,4.88,24.4,-14.64,-9.76,14.64,-68.32,-63.44,-68.32,82.96,97.6
-29.28,-19.52,9.76,24.4,-19.52,-4.88,19.52,-63.44,-58.56,-63.44,87.84,97.6
-34.16,-19.52,14.64,29.28,-24.4,-4.88,19.52,-63.44,-58.56,-58.56,92.72,102.48
0,-14.64,-14.64,9.76,4.88,-14.64,14.64,-78.08,-68.32,-73.2,78.08,97.6
-9.76,-4.88,4.88,9.76,-9.76,0,19.52,-68.32,-63.44,-63.44,87.84,102.48
9.76,9.76,0,-9.76,4.88,4.88,29.28,-58.56,-53.68,-58.56,92.72,112.24
-24.4,-9.76,14.64,19.52,-19.52,0,39.04,-53.68,-48.8,-53.68,102.48,112.24
-53.68,-9.76,43.92,34.16,-48.8,14.64,43.92,-53.68,-48.8,-53.68,97.6,112.24
-24.4,9.76,34.16,9.76,-29.28,19.52,39.04,-48.8,-43.92,-53.68,97.6,102.48
0,19.52,19.52,-9.76,-9.76,19.52,58.56,-43.92,-39.04,-48.8,107.36,107.36
-9.76,34.16,43.92,-9.76,-29.28,39.04,73.2,-29.28,-24.4,-24.4,122,126.88
-14.64,39.04,53.68,-9.76,-34.16,43.92,87.84,-24.4,-14.64,-19.52,122,131.76
-4.88,24.4,29.28,-9.76,-19.52,24.4,78.08,-34.16,-29.28,-39.04,107.36,131.76
4.88,14.64,9.76,-9.76,-4.88,9.76,73.2,-39.04,-29.28,-39.04,107.36,122
14.64,14.64,0,-14.64,4.88,4.88,73.2,-34.16,-29.28,-34.16,102.48,112.24
9.76,-4.88,-14.64,0,9.76,-9.76,68.32,-48.8,-34.16,-43.92,92.72,107.36
0,-9.76,-9.76,4.88,4.88,-9.76,68.32,-48.8,-34.16,-43.92,107.36,112.24
9.76,9.76,0,-9.76,4.88,4.88,73.2,-34.16,-29.28,-34.16,107.36,112.24
0,24.4,24.4,-9.76,-14.64,24.4,78.08,-24.4,-14.64,-24.4,117.12,117.12
0,14.64,14.64,-4.88,-9.76,14.64,73.2,-29.28,-19.52,-29.28,122,122
14.64,9.76,-4.88,-9.76,9.76,0,68.32,-34.16,-19.52,-29.28,112.24,117.12
39.04,14.64,-24.4,-24.4,29.28,-4.88,53.68,-39.04,-24.4,-34.16,112.24,107.36
29.28,4.88,-24.4,-14.64,24.4,-9.76,39.04,-43.92,-34.16,-39.04,112.24,102.48
14.64,9.76,-4.88,-9.76,9.76,0,48.8,-34.16,-24.4,-24.4,122,107.36
39.04,24.4,-14.64,-29.28,24.4,4.88,24.4,-39.04,-29.28,-24.4,117.12,107.36
48.8,9.76,-39.04,-29.28,43.92,-14.64,0,-53.68,-43.92,-34.16,112.24,102.48
19.52,4.88,-14.64,-9.76,14.64,-4.88,14.64,-34.16,-24.4,-24.4,126.88,117.12
29.28,4.88,-24.4,-14.64,24.4,-9.76,0,-48.8,-29.28,-34.16,112.24,102.48
19.52,19.52,0,-19.52,9.76,9.76,14.64,-29.28,-14.64,-19.52,117.12,122
24.4,24.4,0,-24.4,9.76,9.76,19.52,-24.4,-9.76,-14.64,126.88,131.76
34.16,24.4,-9.76,-29.28,19.52,4.88,9.76,-29.28,-14.64,-9.76,126.88,122
29.28,29.28,0,-29.28,14.64,14.64,4.88,-29.28,-14.64,-9.76,126.88,122
34.16,29.28,-4.88,-29.28,19.52,9.76,0,-34.16,-14.64,-9.76,131.76,126.88
19.52,19.52,0,-19.52,9.76,9.76,0,-29.28,-14.64,0,136.64,136.64
53.68,29.28,-24.4,-39.04,39.04,0,-14.64,-43.92,-29.28,-19.52,122,122
58.56,9.76,-48.8,-34.16,53.68,-19.52,-29.28,-63.44,-43.92,-34.16,117.12,107.36
-9.76,0,9.76,4.88,-9.76,4.88,-14.64,-43.92,-34.16,-24.4,126.88,122
9.76,-4.88,-14.64,0,9.76,-9.76,-19.52,-63.44,-48.8,-34.16,107.36,97.6
19.52,-9.76,-29.28,-4.88,24.4,-19.52,-29.28,-68.32,-58.56,-48.8,92.72,82.96
14.64,0,-14.64,-4.88,14.64,-9.76,-14.64,-58.56,-48.8,-43.92,102.48,97.6
24.4,4.88,-19.52,-14.64,19.52,-9.76,-14.64,-63.44,-48.8,-43.92,87.84,78.08
14.64,-4.88,-19.52,-4.88,14.64,-14.64,-24.4,-78.08,-73.2,-58.56,78.08,68.32
19.52,-9.76,-29.28,-4.88,24.4,-19.52,-24.4,-82.96,-68.32,-63.44,78.08,73.2
9.76,-14.64,-24.4,4.88,14.64,-19.52,-19.52,-73.2,-63.44,-63.44,73.2,63.44
-4.88,-19.52,-14.64,14.64,4.88,-19.52,-4.88,-73.2,-58.56,-58.56,78.08,63.44
-14.64,-14.64,0,14.64,-9.76,-9.76,-4.88,-78.08,-63.44,-53.68,73.2,63.44
-29.28,-24.4,4.88,29.28,-19.52,-9.76,-4.88,-73.2,-63.44,-58.56,78.08,68.32
0,-14.64,-14.64,9.76,4.88,-14.64,-14.64,-82.96,-73.2,-68.32,63.44,58.56
-4.88,-9.76,-4.88,9.76,0,-9.76,-14.64,-87.84,-73.2,-73.2,53.68,43.92
-34.16,-29.28,4.88,34.16,-19.52,-14.64,-14.64,-87.84,-78.08,-78.08,58.56,53.68
-29.28,-34.16,-4.88,34.16,-14.64,-19.52,-24.4,-102.48,-87.84,-87.84,39.04,34.16
-19.52,-43.92,-24.4,34.16,0,-34.16,-34.16,-117.12,-102.48,-97.6,29.28,24.4
-58.56,-48.8,9.76,53.68,-34.16,-19.52,-19.52,-102.48,-97.6,-92.72,39.04,34.16
0,-43.92,-43.92,24.4,19.52,-43.92,-39.04,-122,-117.12,-117.12,19.52,14.64
24.4,-48.8,-73.2,14.64,48.8,-63.44,-43.92,-131.76,-126.88,-126.88,9.76,0
-48.8,-39.04,9.76,43.92,-29.28,-14.64,-9.76,-97.6,-92.72,-87.84,39.04,29.28
-24.4,-43.92,-19.52,34.16,-4.88,-34.16,-19.52,-112.24,-97.6,-97.6,29.28,14.64
-53.68,-29.28,24.4,43.92,-39.04,-4.88,-4.88,-97.6,-82.96,-82.96,43.92,34.16
-29.28,-24.4,4.88,29.28,-19.52,-9.76,-9.76,-92.72,-78.08,-82.96,39.04,24.4
0,-34.16,-34.16,19.52,14.64,-34.16,-19.52,-102.48,-87.84,-92.72,29.28,19.52
-24.4,-39.04,-14.64,34.16,-4.88,-29.28,-14.64,-97.6,-82.96,-82.96,34.16,24.4
-29.28,-34.16,-4.88,34.16,-14.64,-19.52,-14.64,-102.48,-82.96,-87.84,29.28,24.4
-34.16,-34.16,0,34.16,-19.52,-19.52,-19.52,-102.48,-97.6,-97.6,24.4,14.64
-39.04,-34.16,4.88,39.04,-24.4,-14.64,-14.64,-102.48,-97.6,-97.6,29.28,14.64
-43.92,-34.16,9.76,39.04,-29.28,-14.64,-9.76,-102.48,-87.84,-92.72,29.28,14.64
-43.92,-39.04,4.88,43.92,-24.4,-19.52,-14.64,-107.36,-97.6,-97.6,29.28,14.64
-39.04,-39.04,0,39.04,-19.52,-19.52,-9.76,-102.48,-102.48,-102.48,29.28,14.64
-14.64,-29.28,-14.64,24.4,0,-24.4,-19.52,-122,-112.24,-117.12,19.52,4.88
9.76,-24.4,-34.16,9.76,19.52,-29.28,-29.28,-112.24,-107.36,-112.24,4.88,0
-24.4,-29.28,-4.88,29.28,-9.76,-19.52,-9.76,-97.6,-87.84,-87.84,24.4,14.64
-39.04,-34.16,4.88,39.04,-24.4,-14.64,-4.88,-92.72,-87.84,-82.96,24.4,14.64
-14.64,-29.28,-14.64,24.4,0,-24.4,-14.64,-102.48,-97.6,-87.84,14.64,0
-43.92,-43.92,0,43.92,-24.4,-24.4,-9.76,-87.84,-87.84,-82.96,24.4,9.76
-39.04,-43.92,-4.88,43.92,-19.52,-24.4,-4.88,-97.6,-92.72,-87.84,14.64,9.76
-19.52,-24.4,-4.88,24.4,-9.76,-14.64,-4.88,-97.6,-92.72,-87.84,4.88,-4.88
-14.64,-29.28,-14.64,24.4,0,-24.4,-9.76,-102.48,-97.6,-92.72,4.88,-9.76
-9.76,-29.28,-19.52,19.52,4.88,-24.4,-9.76,-97.6,-102.48,-92.72,4.88,-4.88
-19.52,-19.52,0,19.52,-9.76,-9.76,-4.88,-92.72,-87.84,-78.08,4.88,-4.88
-43.92,-24.4,19.52,34.16,-34.16,-4.88,0,-82.96,-78.08,-73.2,4.88,4.88
-39.04,-34.16,4.88,39.04,-24.4,-14.64,0,-87.84,-82.96,-73.2,9.76,4.88
-58.56,-48.8,9.76,53.68,-34.16,-19.52,-4.88,-92.72,-82.96,-78.08,0,4.88
-63.44,-48.8,14.64,58.56,-39.04,-19.52,-4.88,-97.6,-92.72,-82.96,-4.88,0
-24.4,-19.52,4.88,24.4,-14.64,-9.76,4.88,-87.84,-82.96,-82.96,-9.76,0
-4.88,-4.88,0,4.88,-4.88,-4.88,14.64,-92.72,-82.96,-82.96,-14.64,9.76
-19.52,0,19.52,9.76,-19.52,9.76,14.64,-102.48,-92.72,-92.72,-24.4,4.88
-29.28,9.76,39.04,9.76,-34.16,24.4,19.52,-112.24,-92.72,-97.6,-14.64,14.64
-48.8,14.64,63.44,19.52,-58.56,39.04,24.4,-126.88,-107.36,-112.24,0,24.4
-92.72,39.04,131.76,29.28,-112.24,82.96,48.8,-117.12,-87.84,-97.6,19.52,48.8
-97.6,43.92,141.52,29.28,-122,92.72,78.08,-112.24,-82.96,-102.48,19.52,53.68
-97.6,39.04,136.64,29.28,-117.12,87.84,117.12,-73.2,-63.44,-107.36,9.76,43.92
-102.48,29.28,131.76,39.04,-117.12,78.08,175.68,4.88,0,-63.44,19.52,39.04
-97.6,9.76,107.36,43.92,-102.48,58.56,195.2,68.32,48.8,-14.64,34.16,34.16
-73.2,14.64,87.84,29.28,-82.96,48.8,204.96,131.76,107.36,63.44,97.6,63.44
-34.16,24.4,58.56,4.88,-48.8,39.04,200.08,209.84,195.2,175.68,165.92,112.24
19.52,29.28,9.76,-24.4,4.88,19.52,190.32,336.72,317.2,322.08,248.88,146.4
112.24,48.8,-63.44,-78.08,87.84,-9.76,209.84,507.52,478.24,522.16,356.24,200.08
214.72,87.84,-126.88,-151.28,170.8,-19.52,209.84,673.44,673.44,736.88,468.48,253.76
336.72,136.64,-200.08,-234.24,268.4,-34.16,165.92,824.72,854,971.12,600.24,336.72
458.72,170.8,-287.92,-312.32,370.88,-58.56,78.08,951.6,1000.4,1205.36,717.36,395.28
556.32,190.32,-366,-370.88,458.72,-87.84,-43.92,985.76,1098,1385.92,819.84,444.08
663.68,229.36,-434.32,-444.08,546.56,-102.48,-136.64,1029.68,1190.72,1581.12,907.68,492.88
746.64,292.8,-453.84,-517.28,600.24,-82.96,-234.24,1034.56,1263.92,1756.8,995.52,546.56
771.04,336.72,-434.32,-551.44,600.24,-48.8,-331.84,951.6,1259.04,1883.68,1054.08,585.6
746.64,356.24,-390.4,-551.44,566.08,-19.52,-380.64,902.8,1288.32,2000.8,1093.12,590.48
707.6,307.44,-400.16,-507.52,551.44,-48.8,-409.92,829.6,1283.44,2044.72,1039.44,522.16
658.8,209.84,-448.96,-434.32,551.44,-122,-395.28,732,1210.24,1971.52,912.56,405.04
561.2,97.6,-463.6,-326.96,512.4,-185.44,-385.52,595.36,1063.84,1747.04,702.72,253.76
434.32,19.52,-414.8,-224.48,424.56,-200.08,-380.64,395.28,810.08,1371.28,444.08,112.24
292.8,-4.88,-297.68,-141.52,292.8,-151.28,-336.72,170.8,541.68,966.24,234.24,19.52
161.04,-34.16,-195.2,-63.44,175.68,-117.12,-312.32,14.64,351.36,673.44,102.48,-24.4
53.68,-73.2,-126.88,9.76,87.84,-102.48,-297.68,-112.24,170.8,424.56,-9.76,-78.08
-48.8,-68.32,-19.52,58.56,-14.64,-43.92,-273.28,-248.88,-9.76,190.32,-73.2,-87.84
-97.6,-53.68,43.92,78.08,-73.2,-4.88,-258.64,-380.64,-180.56,-9.76,-122,-92.72
-107.36,-34.16,73.2,73.2,-92.72,19.52,-219.6,-434.32,-278.16,-117.12,-146.4,-92.72
-73.2,-4.88,68.32,39.04,-73.2,29.28,-185.44,-409.92,-297.68,-156.16,-165.92,-97.6
-78.08,-4.88,73.2,43.92,-78.08,34.16,-161.04,-346.48,-268.4,-146.4,-151.28,-92.72
-92.72,-19.52,73.2,58.56,-82.96,24.4,-131.76,-263.52,-204.96,-97.6,-126.88,-82.96
-82.96,-34.16,48.8,58.56,-68.32,4.88,-112.24,-200.08,-151.28,-63.44,-117.12,-73.2
-48.8,-29.28,19.52,39.04,-34.16,-4.88,-92.72,-146.4,-112.24,-29.28,-107.36,-73.2
-14.64,-9.76,4.88,14.64,-9.76,-4.88,-73.2,-112.24,-68.32,-9.76,-92.72,-63.44
-29.28,-14.64,14.64,24.4,-24.4,0,-53.68,-73.2,-39.04,9.76,-78.08,-58.56
-34.16,-4.88,29.28,19.52,-34.16,9.76,-29.28,-43.92,-19.52,19.52,-73.2,-39.04
-29.28,4.88,34.16,14.64,-34.16,19.52,0,-14.64,4.88,24.4,-58.56,-29.28
14.64,9.76,-4.88,-9.76,9.76,0,9.76,-4.88,9.76,24.4,-68.32,-39.04
53.68,9.76,-43.92,-29.28,48.8,-19.52,9.76,-9.76,0,9.76,-82.96,-48.8
24.4,4.88,-19.52,-14.64,19.52,-9.76,14.64,0,0,0,-87.84,-53.68
-48.8,-4.88,43.92,29.28,-48.8,19.52,43.92,24.4,34.16,24.4,-68.32,-34.16
-43.92,4.88,48.8,19.52,-48.8,24.4,39.04,24.4,29.28,24.4,-73.2,-39.04
-29.28,0,29.28,14.64,-29.28,14.64,34.16,9.76,19.52,4.88,-87.84,-53.68
-19.52,-4.88,14.64,14.64,-19.52,4.88,29.28,0,9.76,0,-92.72,-53.68
-24.4,-4.88,19.52,14.64,-24.4,4.88,34.16,0,4.88,-4.88,-102.48,-58.56
-48.8,-4.88,43.92,29.28,-48.8,19.52,48.8,4.88,0,-4.88,-102.48,-53.68
-43.92,4.88,48.8,19.52,-48.8,24.4,53.68,4.88,0,-9.76,-97.6,-53.68
-4.88,-4.88,0,4.88,-4.88,-4.88,34.16,-9.76,-9.76,-19.52,-117.12,-68.32
4.88,-9.76,-14.64,4.88,9.76,-14.64,29.28,-9.76,-19.52,-34.16,-131.76,-73.2
-19.52,0,19.52,9.76,-19.52,9.76,34.16,0,-9.76,-29.28,-122,-63.44
-48.8,-9.76,39.04,29.28,-43.92,14.64,39.04,4.88,-4.88,-19.52,-117.12,-58.56
-29.28,-4.88,24.4,19.52,-29.28,9.76,39.04,4.88,0,-19.52,-117.12,-53.68
-9.76,0,9.76,4.88,-9.76,4.88,39.04,0,0,-24.4,-126.88,-58.56
-14.64,-4.88,9.76,9.76,-14.64,0,39.04,0,-4.88,-24.4,-122,-68.32
-53.68,-9.76,43.92,34.16,-48.8,14.64,53.68,9.76,4.88,-9.76,-122,-63.44
-34.16,-14.64,19.52,24.4,-29.28,0,43.92,-9.76,-19.52,-39.04,-136.64,-73.2
-39.04,-9.76,29.28,24.4,-34.16,9.76,48.8,0,-14.64,-34.16,-126.88,-58.56
-39.04,4.88,43.92,19.52,-43.92,24.4,58.56,14.64,0,-19.52,-117.12,-43.92
-34.16,0,34.16,19.52,-34.16,14.64,58.56,14.64,0,-24.4,-122,-48.8
-19.52,4.88,24.4,9.76,-24.4,14.64,43.92,4.88,-14.64,-39.04,-141.52,-63.44
-14.64,0,14.64,9.76,-14.64,4.88,39.04,9.76,-9.76,-29.28,-136.64,-63.44
-24.4,0,24.4,14.64,-24.4,9.76,43.92,9.76,0,-24.4,-146.4,-68.32
4.88,4.88,0,-4.88,0,0,34.16,9.76,-4.88,-29.28,-146.4,-78.08
-4.88,4.88,9.76,0,-9.76,4.88,34.16,4.88,0,-29.28,-141.52,-78.08
-14.64,0,14.64,9.76,-14.64,4.88,39.04,9.76,0,-24.4,-151.28,-78.08
-9.76,4.88,14.64,4.88,-14.64,9.76,43.92,9.76,4.88,-24.4,-151.28,-73.2
-19.52,0,19.52,9.76,-19.52,9.76,48.8,9.76,0,-24.4,-156.16,-73.2
-43.92,-9.76,34.16,29.28,-39.04,9.76,53.68,14.64,0,-24.4,-151.28,-63.44
-39.04,0,39.04,19.52,-39.04,19.52,58.56,24.4,4.88,-19.52,-151.28,-63.44
-43.92,-4.88,39.04,24.4,-43.92,14.64,48.8,19.52,4.88,-34.16,-156.16,-73.2
-39.04,-19.52,19.52,29.28,-29.28,0,39.04,19.52,4.88,-34.16,-161.04,-78.08
0,0,0,0,0,0,34.16,14.64,-4.88,-34.16,-170.8,-87.84
-24.4,9.76,34.16,9.76,-29.28,19.52,53.68,34.16,9.76,-14.64,-156.16,-78.08
-24.4,14.64,39.04,4.88,-34.16,24.4,53.68,29.28,14.64,-9.76,-146.4,-82.96
0,4.88,4.88,0,-4.88,4.88,39.04,19.52,0,-14.64,-165.92,-92.72
19.52,4.88,-14.64,-9.76,14.64,-4.88,39.04,14.64,-9.76,-29.28,-170.8,-92.72
-29.28,4.88,34.16,14.64,-34.16,19.52,63.44,34.16,14.64,-9.76,-156.16,-78.08
-29.28,-4.88,24.4,19.52,-29.28,9.76,58.56,34.16,9.76,-9.76,-156.16,-82.96
-4.88,-4.88,0,4.88,-4.88,-4.88,48.8,29.28,0,-24.4,-170.8,-82.96
-9.76,0,9.76,4.88,-9.76,4.88,43.92,29.28,4.88,-29.28,-175.68,-82.96
-24.4,0,24.4,14.64,-24.4,9.76,53.68,43.92,19.52,-14.64,-170.8,-73.2
-9.76,9.76,19.52,0,-14.64,14.64,43.92,43.92,14.64,-14.64,-175.68,-78.08
4.88,4.88,0,-4.88,0,0,39.04,34.16,14.64,-19.52,-180.56,-78.08
-34.16,0,34.16,19.52,-34.16,14.64,48.8,43.92,24.4,-9.76,-161.04,-68.32
-53.68,-4.88,48.8,29.28,-53.68,19.52,53.68,43.92,24.4,-4.88,-165.92,-68.32
-43.92,0,43.92,24.4,-43.92,19.52,48.8,34.16,9.76,-14.64,-170.8,-73.2
-43.92,4.88,48.8,19.52,-48.8,24.4,58.56,39.04,19.52,-9.76,-170.8,-63.44
-43.92,0,43.92,24.4,-43.92,19.52,53.68,39.04,19.52,-4.88,-170.8,-63.44
-39.04,4.88,43.92,19.52,-43.92,24.4,58.56,43.92,19.52,-9.76,-175.68,-68.32
-24.4,19.52,43.92,4.88,-34.16,29.28,58.56,53.68,24.4,-9.76,-175.68,-63.44
-14.64,9.76,24.4,4.88,-19.52,14.64,43.92,48.8,19.52,-9.76,-175.68,-73.2
4.88,4.88,0,-4.88,0,0,34.16,39.04,9.76,-14.64,-190.32,-82.96
-9.76,4.88,14.64,4.88,-14.64,9.76,34.16,43.92,19.52,-14.64,-190.32,-82.96
-34.16,0,34.16,19.52,-34.16,14.64,43.92,43.92,29.28,-9.76,-175.68,-78.08
-9.76,4.88,14.64,4.88,-14.64,9.76,43.92,43.92,19.52,-9.76,-190.32,-82.96
19.52,9.76,-9.76,-14.64,14.64,0,34.16,29.28,9.76,-24.4,-200.08,-92.72
9.76,14.64,4.88,-9.76,0,9.76,48.8,43.92,19.52,-19.52,-195.2,-82.96
-29.28,19.52,48.8,4.88,-39.04,34.16,68.32,63.44,48.8,14.64,-170.8,-63.44
-29.28,14.64,43.92,9.76,-39.04,29.28,53.68,68.32,43.92,14.64,-175.68,-68.32
0,19.52,19.52,-9.76,-9.76,19.52,48.8,63.44,39.04,0,-185.44,-82.96
-9.76,24.4,34.16,-4.88,-24.4,29.28,53.68,78.08,53.68,19.52,-175.68,-73.2
-24.4,19.52,43.92,4.88,-34.16,29.28,53.68,82.96,63.44,24.4,-175.68,-73.2
4.88,24.4,19.52,-14.64,-9.76,19.52,39.04,78.08,53.68,19.52,-185.44,-82.96
34.16,19.52,-14.64,-24.4,24.4,0,29.28,53.68,43.92,0,-200.08,-102.48
-4.88,14.64,19.52,-4.88,-14.64,14.64,43.92,73.2,58.56,19.52,-185.44,-87.84
-48.8,24.4,73.2,14.64,-63.44,48.8,73.2,92.72,78.08,39.04,-170.8,-68.32
-63.44,24.4,87.84,19.52,-78.08,53.68,78.08,102.48,82.96,34.16,-165.92,-63.44
-14.64,29.28,43.92,-4.88,-29.28,34.16,63.44,92.72,73.2,29.28,-180.56,-82.96
29.28,34.16,4.88,-29.28,9.76,19.52,43.92,87.84,63.44,19.52,-195.2,-87.84
53.68,39.04,-14.64,-43.92,34.16,9.76,39.04,82.96,63.44,9.76,-200.08,-97.6
-9.76,39.04,48.8,-14.64,-29.28,43.92,53.68,122,92.72,48.8,-165.92,-73.2
-24.4,34.16,58.56,-4.88,-43.92,43.92,53.68,122,102.48,53.68,-161.04,-78.08
-9.76,34.16,43.92,-9.76,-29.28,39.04,43.92,112.24,92.72,43.92,-175.68,-87.84
4.88,29.28,24.4,-14.64,-9.76,24.4,43.92,102.48,87.84,48.8,-180.56,-97.6
24.4,29.28,4.88,-24.4,9.76,14.64,39.04,107.36,87.84,53.68,-185.44,-97.6
19.52,48.8,29.28,-34.16,-4.88,39.04,58.56,122,97.6,63.44,-175.68,-82.96
-24.4,43.92,68.32,-9.76,-48.8,53.68,68.32,141.52,112.24,68.32,-161.04,-73.2
-19.52,43.92,63.44,-9.76,-43.92,53.68,63.44,131.76,107.36,63.44,-165.92,-82.96
34.16,58.56,24.4,-43.92,4.88,39.04,53.68,141.52,107.36,68.32,-170.8,-87.84
39.04,63.44,24.4,-48.8,4.88,43.92,53.68,151.28,117.12,68.32,-165.92,-82.96
43.92,58.56,14.64,-48.8,14.64,34.16,53.68,156.16,122,78.08,-161.04,-82.96
73.2,58.56,-14.64,-63.44,43.92,19.52,39.04,151.28,126.88,78.08,-170.8,-92.72
19.52,53.68,34.16,-34.16,-9.76,43.92,48.8,170.8,141.52,102.48,-165.92,-78.08
39.04,63.44,24.4,-48.8,4.88,43.92,48.8,170.8,141.52,107.36,-161.04,-78.08
63.44,58.56,-4.88,-58.56,34.16,24.4,43.92,161.04,136.64,97.6,-165.92,-82.96
19.52,63.44,43.92,-39.04,-14.64,53.68,58.56,175.68,146.4,107.36,-161.04,-73.2
9.76,68.32,58.56,-39.04,-24.4,63.44,73.2,190.32,161.04,122,-146.4,-58.56
29.28,63.44,34.16,-43.92,-4.88,48.8,63.44,190.32,161.04,117.12,-151.28,-78.08
48.8,68.32,19.52,-58.56,14.64,43.92,48.8,200.08,161.04,117.12,-156.16,-82.96
24.4,78.08,53.68,-48.8,-14.64,63.44,68.32,219.6,185.44,136.64,-141.52,-68.32
14.64,68.32,53.68,-39.04,-19.52,58.56,68.32,234.24,200.08,151.28,-131.76,-53.68
24.4,73.2,48.8,-48.8,-14.64,58.56,63.44,239.12,209.84,165.92,-126.88,-43.92
39.04,87.84,48.8,-63.44,-4.88,68.32,63.44,248.88,219.6,175.68,-122,-43.92
68.32,87.84,19.52,-78.08,24.4,53.68,63.44,253.76,224.48,175.68,-122,-43.92
82.96,92.72,9.76,-87.84,34.16,48.8,53.68,253.76,224.48,185.44,-122,-48.8
82.96,97.6,14.64,-87.84,34.16,53.68,53.68,253.76,229.36,195.2,-126.88,-53.68
87.84,97.6,9.76,-92.72,39.04,53.68,58.56,268.4,234.24,195.2,-117.12,-48.8
82.96,107.36,24.4,-92.72,29.28,63.44,53.68,273.28,248.88,204.96,-112.24,-43.92
82.96,102.48,19.52,-92.72,29.28,58.56,53.68,292.8,248.88,214.72,-117.12,-43.92
58.56,117.12,58.56,-87.84,0,87.84,63.44,317.2,268.4,229.36,-97.6,-34.16
87.84,117.12,29.28,-102.48,29.28,73.2,58.56,322.08,278.16,244,-97.6,-34.16
102.48,131.76,29.28,-117.12,34.16,78.08,53.68,336.72,297.68,258.64,-92.72,-29.28
102.48,131.76,29.28,-117.12,34.16,78.08,53.68,346.48,307.44,273.28,-82.96,-29.28
122,126.88,4.88,-122,58.56,63.44,48.8,341.6,312.32,273.28,-87.84,-34.16
112.24,136.64,24.4,-122,43.92,78.08,58.56,361.12,331.84,297.68,-73.2,-14.64
92.72,141.52,48.8,-117.12,19.52,92.72,58.56,385.52,351.36,326.96,-58.56,-4.88
141.52,136.64,-4.88,-136.64,73.2,63.44,39.04,380.64,341.6,312.32,-73.2,-19.52
136.64,146.4,9.76,-141.52,63.44,78.08,43.92,400.16,361.12,326.96,-63.44,-14.64
151.28,151.28,0,-151.28,73.2,73.2,34.16,409.92,366,336.72,-63.44,-9.76
151.28,165.92,14.64,-156.16,68.32,87.84,48.8,434.32,390.4,366,-48.8,4.88
156.16,170.8,14.64,-161.04,68.32,92.72,53.68,458.72,414.8,385.52,-29.28,9.76
161.04,175.68,14.64,-165.92,73.2,92.72,48.8,478.24,424.56,400.16,-24.4,14.64
146.4,180.56,34.16,-161.04,53.68,107.36,53.68,497.76,439.2,419.68,-14.64,14.64
195.2,185.44,-9.76,-190.32,102.48,87.84,43.92,497.76,444.08,419.68,-14.64,9.76
190.32,180.56,-9.76,-185.44,97.6,82.96,43.92,502.64,463.6,444.08,-9.76,24.4
190.32,200.08,9.76,-195.2,87.84,102.48,48.8,527.04,483.12,463.6,4.88,34.16
204.96,195.2,-9.76,-200.08,107.36,92.72,39.04,536.8,488,463.6,4.88,34.16
161.04,195.2,34.16,-175.68,63.44,112.24,58.56,566.08,512.4,492.88,24.4,58.56
180.56,209.84,29.28,-195.2,73.2,117.12,58.56,580.72,531.92,522.16,34.16,73.2
200.08,209.84,9.76,-204.96,92.72,107.36,39.04,585.6,531.92,517.28,24.4,63.44
180.56,204.96,24.4,-190.32,78.08,112.24,48.8,610,561.2,541.68,43.92,78.08
175.68,224.48,48.8,-200.08,63.44,136.64,53.68,624.64,575.84,566.08,63.44,87.84
224.48,234.24,9.76,-229.36,107.36,122,43.92,634.4,580.72,570.96,53.68,82.96
234.24,234.24,0,-234.24,117.12,117.12,43.92,634.4,585.6,575.84,63.44,82.96
219.6,224.48,4.88,-219.6,107.36,112.24,43.92,649.04,600.24,600.24,68.32,87.84
219.6,234.24,14.64,-224.48,102.48,122,48.8,663.68,610,605.12,68.32,87.84
258.64,248.88,-9.76,-253.76,131.76,117.12,48.8,673.44,619.76,614.88,73.2,87.84
258.64,248.88,-9.76,-253.76,131.76,117.12,43.92,678.32,634.4,619.76,68.32,82.96
253.76,253.76,0,-253.76,126.88,126.88,53.68,697.84,644.16,634.4,82.96,92.72
287.92,268.4,-19.52,-278.16,151.28,122,43.92,707.6,653.92,649.04,87.84,87.84
273.28,253.76,-19.52,-263.52,146.4,117.12,43.92,717.36,668.56,668.56,92.72,92.72
248.88,253.76,4.88,-248.88,122,126.88,53.68,736.88,688.08,688.08,107.36,107.36
253.76,248.88,-4.88,-248.88,126.88,122,48.8,736.88,683.2,683.2,102.48,97.6
219.6,248.88,29.28,-234.24,92.72,136.64,68.32,746.64,692.96,692.96,117.12,112.24
248.88,253.76,4.88,-248.88,122,126.88,63.44,741.76,697.84,697.84,117.12,112.24
268.4,258.64,-9.76,-263.52,136.64,122,53.68,736.88,683.2,683.2,97.6,97.6
253.76,263.52,9.76,-258.64,122,136.64,73.2,746.64,697.84,688.08,107.36,112.24
244,263.52,19.52,-253.76,112.24,141.52,82.96,741.76,702.72,692.96,112.24,112.24
268.4,273.28,4.88,-268.4,131.76,136.64,78.08,736.88,688.08,688.08,97.6,107.36
273.28,283.04,9.76,-278.16,131.76,146.4,82.96,732,688.08,678.32,102.48,102.48
239.12,268.4,29.28,-253.76,102.48,146.4,87.84,727.12,688.08,683.2,107.36,112.24
200.08,263.52,63.44,-229.36,68.32,161.04,92.72,712.48,688.08,683.2,97.6,107.36
244,258.64,14.64,-248.88,112.24,136.64,82.96,678.32,649.04,644.16,68.32,82.96
229.36,244,14.64,-234.24,107.36,126.88,82.96,653.92,629.52,624.64,58.56,73.2
219.6,244,24.4,-229.36,97.6,131.76,92.72,639.28,614.88,610,53.68,78.08
204.96,239.12,34.16,-219.6,82.96,136.64,97.6,619.76,600.24,590.48,43.92,68.32
200.08,239.12,39.04,-219.6,78.08,136.64,102.48,605.12,575.84,566.08,29.28,58.56
224.48,248.88,24.4,-234.24,97.6,136.64,107.36,580.72,561.2,546.56,19.52,53.68
239.12,234.24,-4.88,-234.24,122,112.24,97.6,551.44,531.92,507.52,-9.76,34.16
200.08,224.48,24.4,-209.84,87.84,122,117.12,541.68,517.28,492.88,-14.64,29.28
165.92,224.48,58.56,-195.2,53.68,141.52,131.76,531.92,522.16,492.88,-19.52,39.04
151.28,214.72,63.44,-180.56,43.92,136.64,117.12,497.76,488,458.72,-48.8,14.64
136.64,204.96,68.32,-170.8,34.16,136.64,122,478.24,468.48,444.08,-63.44,9.76
126.88,185.44,58.56,-156.16,34.16,122,117.12,444.08,439.2,409.92,-78.08,-9.76
151.28,175.68,24.4,-161.04,63.44,97.6,102.48,409.92,400.16,370.88,-97.6,-24.4
146.4,185.44,39.04,-165.92,53.68,112.24,107.36,395.28,385.52,351.36,-102.48,-34.16
117.12,170.8,53.68,-141.52,29.28,112.24,122,380.64,375.76,336.72,-107.36,-29.28
97.6,161.04,63.44,-126.88,14.64,112.24,117.12,356.24,346.48,312.32,-126.88,-43.92
73.2,165.92,92.72,-117.12,-9.76,126.88,117.12,341.6,336.72,297.68,-136.64,-43.92
117.12,170.8,53.68,-141.52,29.28,112.24,117.12,322.08,312.32,273.28,-151.28,-63.44
122,175.68,53.68,-146.4,34.16,112.24,107.36,297.68,297.68,253.76,-165.92,-73.2
112.24,161.04,48.8,-136.64,29.28,102.48,102.48,278.16,278.16,239.12,-175.68,-82.96
117.12,151.28,34.16,-131.76,39.04,92.72,97.6,248.88,248.88,209.84,-204.96,-107.36
131.76,141.52,9.76,-136.64,58.56,73.2,87.84,224.48,229.36,195.2,-224.48,-131.76
87.84,131.76,43.92,-107.36,19.52,87.84,92.72,229.36,234.24,190.32,-219.6,-122
87.84,136.64,48.8,-112.24,19.52,92.72,97.6,214.72,214.72,175.68,-229.36,-122
92.72,131.76,39.04,-112.24,24.4,82.96,97.6,204.96,200.08,156.16,-234.24,-122
53.68,117.12,63.44,-82.96,-4.88,87.84,97.6,190.32,190.32,151.28,-234.24,-126.88
58.56,122,63.44,-87.84,-4.88,92.72,97.6,185.44,180.56,136.64,-248.88,-126.88
53.68,117.12,63.44,-82.96,-4.88,87.84,92.72,180.56,175.68,131.76,-253.76,-136.64
78.08,112.24,34.16,-92.72,19.52,73.2,82.96,161.04,161.04,117.12,-263.52,-151.28
87.84,112.24,24.4,-97.6,29.28,68.32,73.2,146.4,151.28,107.36,-278.16,-161.04
87.84,102.48,14.64,-92.72,34.16,58.56,73.2,141.52,141.52,102.48,-278.16,-161.04
97.6,107.36,9.76,-102.48,43.92,58.56,82.96,131.76,136.64,87.84,-292.8,-170.8
97.6,107.36,9.76,-102.48,43.92,58.56,78.08,122,131.76,92.72,-297.68,-175.68
14.64,97.6,82.96,-53.68,-34.16,87.84,97.6,136.64,136.64,102.48,-283.04,-161.04
53.68,92.72,39.04,-73.2,4.88,63.44,82.96,112.24,117.12,73.2,-302.56,-170.8
82.96,82.96,0,-82.96,39.04,39.04,68.32,97.6,97.6,58.56,-312.32,-185.44
19.52,87.84,68.32,-53.68,-24.4,78.08,87.84,112.24,112.24,78.08,-297.68,-170.8
43.92,112.24,68.32,-78.08,-14.64,87.84,97.6,126.88,117.12,78.08,-297.68,-165.92
68.32,112.24,43.92,-87.84,9.76,78.08,78.08,117.12,112.24,63.44,-302.56,-185.44
63.44,102.48,39.04,-82.96,9.76,68.32,73.2,112.24,102.48,58.56,-317.2,-185.44
63.44,102.48,39.04,-82.96,9.76,68.32,73.2,107.36,102.48,63.44,-312.32,-180.56
68.32,97.6,29.28,-82.96,19.52,63.44,73.2,97.6,102.48,53.68,-317.2,-190.32
58.56,92.72,34.16,-73.2,9.76,63.44,78.08,97.6,102.48,58.56,-317.2,-185.44
48.8,87.84,39.04,-68.32,4.88,63.44,82.96,97.6,97.6,63.44,-322.08,-195.2
48.8,87.84,39.04,-68.32,4.88,63.44,82.96,97.6,97.6,58.56,-322.08,-185.44
68.32,92.72,24.4,-78.08,19.52,58.56,73.2,97.6,97.6,48.8,-326.96,-195.2
53.68,87.84,34.16,-68.32,9.76,58.56,73.2,97.6,87.84,43.92,-326.96,-195.2
53.68,87.84,34.16,-68.32,9.76,58.56,82.96,102.48,92.72,39.04,-331.84,-190.32
48.8,87.84,39.04,-68.32,4.88,63.44,78.08,102.48,102.48,48.8,-322.08,-190.32
58.56,97.6,39.04,-78.08,9.76,68.32,78.08,107.36,102.48,48.8,-322.08,-190.32
78.08,97.6,19.52,-87.84,29.28,58.56,73.2,97.6,92.72,43.92,-331.84,-204.96
53.68,87.84,34.16,-68.32,9.76,58.56,78.08,92.72,102.48,43.92,-326.96,-195.2
53.68,92.72,39.04,-73.2,4.88,63.44,68.32,82.96,92.72,43.92,-331.84,-200.08
63.44,97.6,34.16,-78.08,14.64,63.44,82.96,92.72,97.6,48.8,-331.84,-195.2
43.92,97.6,53.68,-68.32,-4.88,73.2,87.84,102.48,107.36,63.44,-317.2,-185.44
39.04,97.6,58.56,-68.32,-9.76,78.08,78.08,102.48,107.36,58.56,-326.96,-190.32
53.68,97.6,43.92,-73.2,4.88,68.32,73.2,97.6,97.6,53.68,-331.84,-195.2
29.28,92.72,63.44,-58.56,-19.52,78.08,82.96,102.48,102.48,53.68,-326.96,-190.32
43.92,97.6,53.68,-68.32,-4.88,73.2,78.08,107.36,107.36,53.68,-322.08,-190.32
63.44,102.48,39.04,-82.96,9.76,68.32,73.2,97.6,97.6,43.92,-331.84,-195.2
63.44,102.48,39.04,-82.96,9.76,68.32,68.32,97.6,97.6,48.8,-331.84,-195.2
58.56,97.6,39.04,-78.08,9.76,68.32,78.08,102.48,102.48,48.8,-326.96,-190.32
39.04,87.84,48.8,-63.44,-4.88,68.32,73.2,97.6,97.6,53.68,-331.84,-195.2
