I,II,III,aVR,aVL,aVF,V1,V2,V3,V4,V5,V6
-39.04,-9.76,29.28,24.4,-34.16,9.76,29.28,-9.76,-9.76,9.76,39.04,29.28
-39.04,-9.76,29.28,24.4,-34.16,9.76,29.28,-9.76,-9.76,9.76,39.04,29.28
-39.04,-9.76,29.28,24.4,-34.16,9.76,29.28,-9.76,-9.76,9.76,39.04,29.28
-39.04,-9.76,29.28,24.4,-34.16,9.76,29.28,-9.76,-9.76,9.76,39.04,29.28
-34.16,-4.88,29.28,19.52,-34.16,9.76,39.04,-19.52,-9.76,14.64,43.92,39.04
-29.28,0,29.28,14.64,-29.28,14.64,39.04,-19.52,-9.76,19.52,48.8,39.04
-24.4,4.88,29.28,9.76,-29.28,14.64,39.04,-19.52,-9.76,24.4,53.68,39.04
-19.52,9.76,29.28,4.88,-24.4,19.52,39.04,-19.52,-9.76,29.28,58.56,39.04
-14.64,9.76,24.4,4.88,-19.52,14.64,34.16,-24.4,-14.64,29.28,58.56,43.92
-9.76,9.76,19.52,0,-14.64,14.64,29.28,-29.28,-19.52,29.28,58.56,48.8
-4.88,9.76,14.64,0,-9.76,9.76,24.4,-34.16,-24.4,29.28,58.56,53.68
0,9.76,9.76,-4.88,-4.88,9.76,19.52,-39.04,-29.28,29.28,58.56,58.56
-4.88,0,4.88,4.88,-4.88,0,14.64,-43.92,-39.04,24.4,53.68,43.92
-9.76,0,9.76,4.88,-9.76,4.88,9.76,-48.8,-39.04,19.52,48.8,39.04
-14.64,0,14.64,9.76,-14.64,4.88,4.88,-53.68,-39.04,14.64,43.92,34.16
-19.52,0,19.52,9.76,-19.52,9.76,0,-58.56,-39.04,9.76,39.04,29.28
-24.4,-9.76,14.64,19.52,-19.52,0,0,-68.32,-48.8,0,39.04,39.04
-29.28,-19.52,9.76,24.4,-19.52,-4.88,0,-68.32,-48.8,0,39.04,39.04
-34.16,-29.28,4.88,34.16,-19.52,-14.64,0,-68.32,-48.8,0,39.04,39.04
-39.04,-39.04,0,39.04,-19.52,-19.52,0,-68.32,-48.8,0,39.04,39.04
-24.4,-19.52,4.88,24.4,-14.64,-9.76,0,-78.08,-48.8,4.88,43.92,48.8
-19.52,-9.76,9.76,14.64,-14.64,0,0,-78.08,-48.8,9.76,48.8,48.8
-14.64,0,14.64,9.76,-14.64,4.88,0,-78.08,-48.8,14.64,53.68,48.8
-9.76,9.76,19.52,0,-14.64,14.64,0,-78.08,-48.8,19.52,58.56,48.8
-19.52,0,19.52,9.76,-19.52,9.76,0,-68.32,-58.56,4.88,53.68,39.04
-19.52,-9.76,9.76,14.64,-14.64,0,0,-68.32,-58.56,0,48.8,39.04
-19.52,-19.52,0,19.52,-9.76,-9.76,0,-68.32,-58.56,-4.88,43.92,39.04
-19.52,-29.28,-9.76,24.4,-4.88,-19.52,0,-68.32,-58.56,-9.76,39.04,39.04
-29.28,-39.04,-9.76,34.16,-9.76,-24.4,9.76,-68.32,-58.56,4.88,43.92,48.8
-29.28,-39.04,-9.76,34.16,-9.76,-24.4,9.76,-68.32,-58.56,9.76,48.8,48.8
-29.28,-39.04,-9.76,34.16,-9.76,-24.4,9.76,-68.32,-58.56,14.64,53.68,48.8
-29.28,-39.04,-9.76,34.16,-9.76,-24.4,9.76,-68.32,-58.56,19.52,58.56,48.8
-29.28,-48.8,-19.52,39.04,-4.88,-34.16,9.76,-78.08,-68.32,4.88,53.68,43.92
-29.28,-48.8,-19.52,39.04,-4.88,-34.16,9.76,-78.08,-68.32,0,48.8,39.04
-29.28,-48.8,-19.52,39.04,-4.88,-34.16,9.76,-78.08,-68.32,-4.88,43.92,34.16
-29.28,-48.8,-19.52,39.04,-4.88,-34.16,9.76,-78.08,-68.32,-9.76,39.04,29.28
-19.52,-43.92,-24.4,34.16,0,-34.16,9.76,-68.32,-58.56,-4.88,43.92,34.16
-19.52,-39.04,-19.52,29.28,0,-29.28,9.76,-68.32,-58.56,0,48.8,39.04
-19.52,-34.16,-14.64,29.28,-4.88,-24.4,9.76,-68.32,-58.56,4.88,53.68,43.92
-19.52,-29.28,-9.76,24.4,-4.88,-19.52,9.76,-68.32,-58.56,9.76,58.56,48.8
-14.64,-29.28,-14.64,24.4,0,-24.4,14.64,-58.56,-48.8,19.52,63.44,58.56
-9.76,-29.28,-19.52,19.52,4.88,-24.4,19.52,-58.56,-48.8,19.52,68.32,58.56
-4.88,-29.28,-24.4,19.52,9.76,-29.28,24.4,-58.56,-48.8,19.52,73.2,58.56
0,-29.28,-29.28,14.64,14.64,-29.28,29.28,-58.56,-48.8,19.52,78.08,58.56
-9.76,-19.52,-9.76,14.64,0,-14.64,39.04,-48.8,-39.04,29.28,78.08,68.32
-9.76,-9.76,0,9.76,-4.88,-4.88,39.04,-48.8,-39.04,29.28,78.08,68.32
-9.76,0,9.76,4.88,-9.76,4.88,39.04,-48.8,-39.04,29.28,78.08,68.32
-9.76,9.76,19.52,0,-14.64,14.64,39.04,-48.8,-39.04,29.28,78.08,68.32
-19.52,-4.88,14.64,14.64,-19.52,4.88,43.92,-43.92,-34.16,34.16,87.84,68.32
-19.52,-9.76,9.76,14.64,-14.64,0,48.8,-39.04,-29.28,39.04,87.84,68.32
-19.52,-14.64,4.88,19.52,-14.64,-4.88,53.68,-34.16,-24.4,43.92,87.84,68.32
-19.52,-19.52,0,19.52,-9.76,-9.76,58.56,-29.28,-19.52,48.8,87.84,68.32
-9.76,-14.64,-4.88,14.64,-4.88,-9.76,48.8,-39.04,-19.52,48.8,87.84,78.08
-9.76,-9.76,0,9.76,-4.88,-4.88,48.8,-39.04,-19.52,48.8,87.84,78.08
-9.76,-4.88,4.88,9.76,-9.76,0,48.8,-39.04,-19.52,48.8,87.84,78.08
-9.76,0,9.76,4.88,-9.76,4.88,48.8,-39.04,-19.52,48.8,87.84,78.08
-19.52,4.88,24.4,9.76,-24.4,14.64,58.56,-29.28,-19.52,48.8,87.84,78.08
-19.52,9.76,29.28,4.88,-24.4,19.52,58.56,-29.28,-19.52,48.8,87.84,78.08
-19.52,14.64,34.16,4.88,-29.28,24.4,58.56,-29.28,-19.52,48.8,87.84,78.08
-19.52,19.52,39.04,0,-29.28,29.28,58.56,-29.28,-19.52,48.8,87.84,78.08
-9.76,9.76,19.52,0,-14.64,14.64,58.56,-19.52,-9.76,53.68,102.48,82.96
-9.76,9.76,19.52,0,-14.64,14.64,58.56,-19.52,-9.76,58.56,107.36,87.84
-9.76,9.76,19.52,0,-14.64,14.64,58.56,-19.52,-9.76,63.44,112.24,92.72
0,9.76,9.76,-4.88,-4.88,9.76,58.56,-14.64,-4.88,78.08,126.88,97.6
9.76,4.88,-4.88,-4.88,4.88,0,48.8,-24.4,-4.88,68.32,122,87.84
9.76,9.76,0,-9.76,4.88,4.88,53.68,-24.4,-4.88,68.32,117.12,87.84
4.88,24.4,19.52,-14.64,-9.76,19.52,58.56,-29.28,-4.88,68.32,112.24,92.72
4.88,29.28,24.4,-14.64,-9.76,24.4,58.56,-39.04,-14.64,68.32,107.36,92.72
0,14.64,14.64,-4.88,-9.76,14.64,73.2,-24.4,-4.88,68.32,112.24,87.84
-4.88,9.76,14.64,0,-9.76,9.76,73.2,-19.52,-4.88,68.32,112.24,87.84
-14.64,0,14.64,9.76,-14.64,4.88,78.08,-24.4,-9.76,68.32,117.12,87.84
-24.4,-14.64,9.76,19.52,-19.52,-4.88,82.96,-19.52,-14.64,68.32,117.12,87.84
-9.76,0,9.76,4.88,-9.76,4.88,78.08,-24.4,-14.64,58.56,107.36,87.84
0,9.76,9.76,-4.88,-4.88,9.76,73.2,-24.4,-9.76,58.56,117.12,92.72
9.76,19.52,9.76,-14.64,0,14.64,63.44,-24.4,-9.76,58.56,107.36,92.72
24.4,24.4,0,-24.4,9.76,9.76,58.56,-29.28,-9.76,58.56,107.36,97.6
19.52,14.64,-4.88,-14.64,9.76,4.88,58.56,-39.04,-14.64,73.2,112.24,87.84
9.76,14.64,4.88,-9.76,0,9.76,58.56,-39.04,-14.64,73.2,112.24,87.84
4.88,14.64,9.76,-9.76,-4.88,9.76,58.56,-43.92,-14.64,73.2,107.36,87.84
9.76,24.4,14.64,-14.64,-4.88,19.52,58.56,-43.92,-14.64,73.2,107.36,87.84
9.76,19.52,9.76,-14.64,0,14.64,53.68,-43.92,-24.4,68.32,97.6,87.84
14.64,24.4,9.76,-19.52,0,14.64,48.8,-43.92,-24.4,68.32,97.6,87.84
14.64,19.52,4.88,-14.64,4.88,9.76,43.92,-43.92,-24.4,63.44,102.48,87.84
19.52,9.76,-9.76,-14.64,14.64,0,34.16,-43.92,-19.52,58.56,102.48,82.96
14.64,4.88,-9.76,-9.76,9.76,-4.88,39.04,-43.92,-19.52,63.44,102.48,92.72
19.52,4.88,-14.64,-9.76,14.64,-4.88,39.04,-39.04,-19.52,63.44,112.24,92.72
19.52,4.88,-14.64,-9.76,14.64,-4.88,39.04,-34.16,-19.52,63.44,112.24,97.6
19.52,4.88,-14.64,-9.76,14.64,-4.88,43.92,-34.16,-14.64,68.32,112.24,102.48
14.64,9.76,-4.88,-9.76,9.76,0,34.16,-43.92,-14.64,73.2,131.76,102.48
14.64,14.64,0,-14.64,4.88,4.88,29.28,-48.8,-14.64,78.08,131.76,102.48
19.52,24.4,4.88,-19.52,4.88,14.64,29.28,-48.8,-14.64,82.96,126.88,102.48
24.4,29.28,4.88,-24.4,9.76,14.64,24.4,-48.8,-19.52,87.84,126.88,102.48
24.4,14.64,-9.76,-19.52,14.64,0,14.64,-48.8,-29.28,78.08,117.12,92.72
14.64,9.76,-4.88,-9.76,9.76,0,14.64,-48.8,-34.16,73.2,122,97.6
24.4,9.76,-14.64,-14.64,19.52,-4.88,19.52,-48.8,-34.16,63.44,112.24,97.6
24.4,4.88,-19.52,-14.64,19.52,-9.76,19.52,-53.68,-34.16,53.68,92.72,97.6
24.4,14.64,-9.76,-19.52,14.64,0,24.4,-58.56,-34.16,53.68,92.72,92.72
24.4,14.64,-9.76,-19.52,14.64,0,19.52,-63.44,-34.16,53.68,92.72,82.96
19.52,19.52,0,-19.52,9.76,9.76,19.52,-63.44,-39.04,43.92,92.72,78.08
19.52,19.52,0,-19.52,9.76,9.76,14.64,-63.44,-39.04,43.92,92.72,73.2
29.28,9.76,-19.52,-19.52,24.4,-4.88,14.64,-53.68,-39.04,48.8,92.72,73.2
29.28,-4.88,-34.16,-9.76,29.28,-19.52,14.64,-53.68,-39.04,48.8,92.72,73.2
29.28,-9.76,-39.04,-9.76,34.16,-24.4,14.64,-53.68,-39.04,48.8,92.72,73.2
34.16,-14.64,-48.8,-9.76,39.04,-34.16,4.88,-53.68,-39.04,39.04,82.96,68.32
24.4,-4.88,-29.28,-9.76,24.4,-19.52,14.64,-63.44,-48.8,39.04,73.2,58.56
24.4,-19.52,-43.92,0,34.16,-34.16,14.64,-63.44,-48.8,43.92,73.2,58.56
24.4,-9.76,-34.16,-4.88,29.28,-24.4,14.64,-63.44,-48.8,43.92,78.08,63.44
24.4,0,-24.4,-9.76,24.4,-14.64,14.64,-68.32,-48.8,43.92,78.08,63.44
29.28,0,-29.28,-14.64,29.28,-14.64,24.4,-63.44,-43.92,43.92,82.96,73.2
34.16,0,-34.16,-14.64,34.16,-19.52,19.52,-58.56,-39.04,48.8,87.84,78.08
34.16,4.88,-29.28,-19.52,29.28,-14.64,19.52,-53.68,-39.04,48.8,92.72,82.96
34.16,4.88,-29.28,-19.52,29.28,-14.64,19.52,-48.8,-34.16,39.04,97.6,87.84
34.16,9.76,-24.4,-19.52,29.28,-9.76,24.4,-48.8,-39.04,39.04,87.84,78.08
34.16,9.76,-24.4,-19.52,29.28,-9.76,24.4,-48.8,-43.92,39.04,92.72,78.08
34.16,9.76,-24.4,-19.52,29.28,-9.76,14.64,-48.8,-48.8,39.04,92.72,78.08
43.92,9.76,-34.16,-24.4,39.04,-14.64,14.64,-48.8,-53.68,39.04,92.72,78.08
39.04,19.52,-19.52,-29.28,29.28,0,19.52,-53.68,-43.92,48.8,92.72,78.08
24.4,19.52,-4.88,-19.52,14.64,4.88,19.52,-58.56,-43.92,48.8,92.72,78.08
19.52,14.64,-4.88,-14.64,9.76,4.88,19.52,-63.44,-43.92,48.8,92.72,82.96
14.64,4.88,-9.76,-9.76,9.76,-4.88,14.64,-68.32,-43.92,48.8,92.72,82.96
19.52,14.64,-4.88,-14.64,9.76,4.88,24.4,-63.44,-43.92,53.68,92.72,78.08
19.52,19.52,0,-19.52,9.76,9.76,24.4,-58.56,-43.92,53.68,92.72,78.08
24.4,19.52,-4.88,-19.52,14.64,4.88,24.4,-58.56,-43.92,58.56,97.6,82.96
24.4,14.64,-9.76,-19.52,14.64,0,24.4,-53.68,-48.8,58.56,97.6,82.96
14.64,9.76,-4.88,-9.76,9.76,0,29.28,-53.68,-48.8,53.68,87.84,63.44
14.64,0,-14.64,-4.88,14.64,-9.76,24.4,-53.68,-48.8,48.8,82.96,63.44
19.52,-9.76,-29.28,-4.88,24.4,-19.52,24.4,-53.68,-48.8,39.04,78.08,63.44
19.52,-14.64,-34.16,0,24.4,-24.4,24.4,-53.68,-48.8,34.16,73.2,63.44
14.64,-9.76,-24.4,0,19.52,-19.52,19.52,-48.8,-39.04,43.92,73.2,68.32
14.64,-9.76,-24.4,0,19.52,-19.52,19.52,-48.8,-39.04,43.92,73.2,68.32
0,-14.64,-14.64,9.76,4.88,-14.64,19.52,-48.8,-39.04,43.92,78.08,68.32
9.76,-14.64,-24.4,4.88,14.64,-19.52,19.52,-48.8,-39.04,43.92,87.84,68.32
19.52,4.88,-14.64,-9.76,14.64,-4.88,24.4,-43.92,-34.16,48.8,97.6,82.96
14.64,9.76,-4.88,-9.76,9.76,0,29.28,-43.92,-34.16,53.68,97.6,82.96
14.64,14.64,0,-14.64,4.88,4.88,34.16,-43.92,-34.16,53.68,97.6,82.96
19.52,19.52,0,-19.52,9.76,9.76,39.04,-43.92,-34.16,58.56,102.48,82.96
19.52,24.4,4.88,-19.52,4.88,14.64,39.04,-34.16,-24.4,53.68,102.48,87.84
14.64,14.64,0,-14.64,4.88,4.88,43.92,-34.16,-24.4,53.68,102.48,87.84
14.64,19.52,4.88,-14.64,4.88,9.76,43.92,-29.28,-14.64,63.44,107.36,87.84
24.4,39.04,14.64,-29.28,4.88,24.4,48.8,-24.4,-14.64,68.32,117.12,87.84
29.28,34.16,4.88,-29.28,9.76,19.52,48.8,-34.16,-19.52,68.32,107.36,87.84
29.28,29.28,0,-29.28,14.64,14.64,43.92,-34.16,-24.4,63.44,107.36,87.84
34.16,24.4,-9.76,-29.28,19.52,4.88,39.04,-34.16,-29.28,63.44,107.36,87.84
39.04,19.52,-19.52,-29.28,29.28,0,34.16,-29.28,-34.16,63.44,112.24,87.84
24.4,24.4,0,-24.4,9.76,9.76,34.16,-39.04,-24.4,63.44,102.48,87.84
24.4,24.4,0,-24.4,9.76,9.76,34.16,-39.04,-24.4,63.44,107.36,92.72
29.28,29.28,0,-29.28,14.64,14.64,34.16,-39.04,-19.52,68.32,107.36,97.6
29.28,34.16,4.88,-29.28,9.76,19.52,34.16,-34.16,-19.52,73.2,107.36,97.6
14.64,24.4,9.76,-19.52,0,14.64,43.92,-24.4,-19.52,63.44,97.6,78.08
0,14.64,14.64,-4.88,-9.76,14.64,58.56,-9.76,0,78.08,107.36,78.08
9.76,34.16,24.4,-19.52,-9.76,29.28,82.96,34.16,34.16,102.48,112.24,68.32
-24.4,39.04,63.44,-4.88,-43.92,48.8,136.64,92.72,78.08,136.64,112.24,68.32
-58.56,58.56,117.12,0,-87.84,87.84,185.44,146.4,141.52,200.08,146.4,87.84
-68.32,87.84,156.16,-9.76,-112.24,122,229.36,200.08,214.72,292.8,209.84,136.64
-73.2,107.36,180.56,-14.64,-126.88,141.52,297.68,287.92,317.2,400.16,292.8,175.68
-107.36,122,229.36,-4.88,-170.8,175.68,395.28,414.8,453.84,517.28,351.36,209.84
-117.12,180.56,297.68,-29.28,-209.84,239.12,492.88,541.68,600.24,663.68,444.08,253.76
-112.24,239.12,351.36,-63.44,-234.24,292.8,570.96,663.68,771.04,858.88,595.36,341.6
-92.72,326.96,419.68,-117.12,-258.64,370.88,634.4,785.68,946.72,1073.6,790.56,478.24
-39.04,400.16,439.2,-180.56,-239.12,419.68,692.96,922.32,1141.92,1317.6,1039.44,639.28
48.8,419.68,370.88,-234.24,-161.04,395.28,732,1034.56,1342,1566.48,1327.36,819.84
112.24,434.32,322.08,-273.28,-107.36,375.76,785.68,1195.6,1610.4,1898.32,1664.08,1044.32
204.96,502.64,297.68,-351.36,-48.8,400.16,907.68,1478.64,2030.08,2357.04,2103.28,1302.96
317.2,566.08,248.88,-439.2,34.16,405.04,1039.44,1766.56,2430.24,2796.24,2518.08,1586
448.96,605.12,156.16,-527.04,146.4,380.64,1093.12,1961.76,2723.04,3123.2,2888.96,1830
600.24,668.56,68.32,-634.4,263.52,366,1107.76,2113.04,3020.72,3474.56,3289.12,2113.04
824.72,741.76,-82.96,-780.8,453.84,326.96,1019.92,2147.2,3220.8,3723.44,3650.24,2400.96
1039.44,814.96,-224.48,-927.2,629.52,292.8,756.4,1849.52,3050,3669.76,3801.52,2610.8
1146.8,883.28,-263.52,-1015.04,702.72,307.44,331.84,1180.96,2459.52,3328.16,3757.6,2693.76
1161.44,922.32,-239.12,-1039.44,697.84,341.6,-146.4,331.84,1620.16,2786.48,3489.2,2635.2
1146.8,941.84,-204.96,-1044.32,673.44,366,-575.84,-429.44,751.52,2108.16,3020.72,2454.64
1107.76,912.56,-195.2,-1010.16,649.04,356.24,-863.76,-1005.28,-97.6,1288.32,2391.2,2176.48
995.52,702.72,-292.8,-849.12,644.16,204.96,-1078.48,-1532.32,-1029.68,253.76,1478.64,1649.44
868.64,346.48,-522.16,-605.12,692.96,-87.84,-1322.48,-2059.36,-2000.8,-932.08,297.68,868.64
746.64,48.8,-697.84,-395.28,722.24,-326.96,-1566.48,-2469.28,-2737.68,-1912.96,-717.36,190.32
614.88,-43.92,-658.8,-283.04,634.4,-351.36,-1703.12,-2644.96,-3054.88,-2366.8,-1180.96,-112.24
517.28,-53.68,-570.96,-229.36,541.68,-312.32,-1722.64,-2586.4,-2957.28,-2327.76,-1239.52,-190.32
448.96,-126.88,-575.84,-161.04,512.4,-351.36,-1693.36,-2435.12,-2708.4,-2152.08,-1239.52,-258.64
375.76,-185.44,-561.2,-92.72,468.48,-375.76,-1586,-2200.88,-2444.88,-2025.2,-1249.28,-361.12
248.88,-195.2,-444.08,-24.4,346.48,-322.08,-1302.96,-1815.36,-2064.24,-1786.08,-1156.56,-390.4
136.64,-185.44,-322.08,24.4,229.36,-253.76,-961.36,-1371.28,-1610.4,-1439.6,-971.12,-336.72
63.44,-200.08,-263.52,68.32,161.04,-234.24,-761.28,-1112.64,-1317.6,-1195.6,-844.24,-331.84
14.64,-180.56,-195.2,82.96,102.48,-190.32,-663.68,-966.24,-1151.68,-1049.2,-780.8,-351.36
-9.76,-131.76,-122,73.2,53.68,-126.88,-531.92,-790.56,-946.72,-873.52,-673.44,-312.32
-4.88,-73.2,-68.32,39.04,29.28,-73.2,-390.4,-595.36,-736.88,-683.2,-541.68,-244
-14.64,-53.68,-39.04,34.16,9.76,-48.8,-287.92,-468.48,-595.36,-546.56,-458.72,-229.36
-39.04,-43.92,-4.88,43.92,-19.52,-24.4,-200.08,-351.36,-488,-439.2,-395.28,-219.6
-29.28,-39.04,-9.76,34.16,-9.76,-24.4,-117.12,-253.76,-380.64,-351.36,-331.84,-180.56
-29.28,-34.16,-4.88,34.16,-14.64,-19.52,-63.44,-175.68,-302.56,-297.68,-273.28,-165.92
-39.04,-34.16,4.88,39.04,-24.4,-14.64,-34.16,-131.76,-244,-263.52,-239.12,-151.28
-19.52,-29.28,-9.76,24.4,-4.88,-19.52,-14.64,-102.48,-204.96,-224.48,-200.08,-126.88
-19.52,-19.52,0,19.52,-9.76,-9.76,-19.52,-82.96,-175.68,-190.32,-170.8,-107.36
-34.16,-14.64,19.52,24.4,-29.28,0,-19.52,-73.2,-161.04,-165.92,-156.16,-92.72
-14.64,-24.4,-9.76,19.52,-4.88,-19.52,-29.28,-73.2,-151.28,-151.28,-156.16,-92.72
4.88,-24.4,-29.28,9.76,14.64,-29.28,-14.64,-63.44,-141.52,-141.52,-156.16,-97.6
-19.52,-24.4,-4.88,24.4,-9.76,-14.64,-4.88,-53.68,-131.76,-131.76,-151.28,-97.6
-24.4,-34.16,-9.76,29.28,-9.76,-24.4,4.88,-43.92,-136.64,-126.88,-141.52,-97.6
-39.04,-34.16,4.88,39.04,-24.4,-14.64,19.52,-39.04,-126.88,-126.88,-141.52,-107.36
-34.16,-34.16,0,34.16,-19.52,-19.52,19.52,-34.16,-122,-122,-141.52,-107.36
-34.16,-34.16,0,34.16,-19.52,-19.52,24.4,-14.64,-102.48,-107.36,-131.76,-97.6
-24.4,-34.16,-9.76,29.28,-9.76,-24.4,19.52,-4.88,-97.6,-112.24,-126.88,-97.6
-39.04,-34.16,4.88,39.04,-24.4,-14.64,19.52,0,-92.72,-107.36,-126.88,-102.48
-39.04,-39.04,0,39.04,-19.52,-19.52,29.28,0,-82.96,-102.48,-122,-102.48
-39.04,-43.92,-4.88,43.92,-19.52,-24.4,34.16,9.76,-82.96,-97.6,-117.12,-92.72
-29.28,-43.92,-14.64,39.04,-9.76,-29.28,39.04,9.76,-92.72,-87.84,-126.88,-92.72
-19.52,-39.04,-19.52,29.28,0,-29.28,43.92,4.88,-87.84,-97.6,-131.76,-92.72
-29.28,-29.28,0,29.28,-14.64,-14.64,43.92,4.88,-87.84,-97.6,-131.76,-102.48
-29.28,-29.28,0,29.28,-14.64,-14.64,48.8,4.88,-87.84,-97.6,-131.76,-107.36
-29.28,-29.28,0,29.28,-14.64,-14.64,48.8,4.88,-87.84,-107.36,-141.52,-117.12
-29.28,-29.28,0,29.28,-14.64,-14.64,48.8,4.88,-82.96,-102.48,-136.64,-107.36
-29.28,-29.28,0,29.28,-14.64,-14.64,29.28,4.88,-82.96,-102.48,-136.64,-102.48
-29.28,-29.28,0,29.28,-14.64,-14.64,39.04,9.76,-78.08,-97.6,-136.64,-102.48
-29.28,-39.04,-9.76,34.16,-9.76,-24.4,34.16,9.76,-68.32,-97.6,-117.12,-107.36
-34.16,-39.04,-4.88,39.04,-14.64,-24.4,34.16,14.64,-73.2,-92.72,-117.12,-107.36
-43.92,-34.16,9.76,39.04,-29.28,-14.64,39.04,14.64,-73.2,-92.72,-126.88,-107.36
-48.8,-34.16,14.64,43.92,-34.16,-9.76,43.92,9.76,-73.2,-92.72,-136.64,-107.36
-39.04,-34.16,4.88,39.04,-24.4,-14.64,43.92,19.52,-73.2,-82.96,-126.88,-97.6
-34.16,-29.28,4.88,34.16,-19.52,-14.64,43.92,24.4,-73.2,-82.96,-126.88,-107.36
-24.4,-29.28,-4.88,29.28,-9.76,-19.52,43.92,24.4,-73.2,-87.84,-126.88,-112.24
-4.88,-29.28,-24.4,19.52,9.76,-29.28,48.8,24.4,-73.2,-87.84,-126.88,-112.24
-19.52,-29.28,-9.76,24.4,-4.88,-19.52,39.04,24.4,-78.08,-97.6,-131.76,-122
-29.28,-29.28,0,29.28,-14.64,-14.64,43.92,24.4,-78.08,-102.48,-141.52,-122
-34.16,-34.16,0,34.16,-19.52,-19.52,43.92,24.4,-78.08,-102.48,-146.4,-122
-43.92,-34.16,9.76,39.04,-29.28,-14.64,48.8,24.4,-78.08,-97.6,-141.52,-117.12
-39.04,-24.4,14.64,34.16,-29.28,-4.88,39.04,29.28,-78.08,-97.6,-131.76,-112.24
-39.04,-24.4,14.64,34.16,-29.28,-4.88,39.04,34.16,-78.08,-102.48,-141.52,-112.24
-39.04,-24.4,14.64,34.16,-29.28,-4.88,39.04,34.16,-78.08,-102.48,-146.4,-117.12
-39.04,-24.4,14.64,34.16,-29.28,-4.88,39.04,34.16,-73.2,-102.48,-146.4,-117.12
-29.28,-24.4,4.88,29.28,-19.52,-9.76,29.28,34.16,-73.2,-97.6,-141.52,-117.12
-29.28,-29.28,0,29.28,-14.64,-14.64,29.28,34.16,-73.2,-97.6,-141.52,-122
-24.4,-24.4,0,24.4,-14.64,-14.64,24.4,34.16,-73.2,-97.6,-136.64,-122
-24.4,-19.52,4.88,24.4,-14.64,-9.76,24.4,34.16,-73.2,-102.48,-136.64,-122
-29.28,-34.16,-4.88,34.16,-14.64,-19.52,24.4,19.52,-78.08,-107.36,-141.52,-126.88
-29.28,-39.04,-9.76,34.16,-9.76,-24.4,19.52,19.52,-78.08,-112.24,-146.4,-131.76
-48.8,-43.92,4.88,48.8,-29.28,-19.52,14.64,19.52,-78.08,-117.12,-151.28,-131.76
-58.56,-43.92,14.64,53.68,-39.04,-14.64,14.64,19.52,-82.96,-117.12,-156.16,-131.76
-53.68,-43.92,9.76,48.8,-34.16,-19.52,14.64,19.52,-87.84,-107.36,-165.92,-131.76
-53.68,-48.8,4.88,53.68,-29.28,-24.4,9.76,24.4,-87.84,-102.48,-165.92,-146.4
-68.32,-53.68,14.64,63.44,-43.92,-19.52,9.76,24.4,-87.84,-117.12,-175.68,-151.28
-53.68,-53.68,0,53.68,-29.28,-29.28,4.88,24.4,-87.84,-122,-180.56,-151.28
-43.92,-48.8,-4.88,48.8,-19.52,-29.28,0,24.4,-97.6,-126.88,-190.32,-151.28
-43.92,-48.8,-4.88,48.8,-19.52,-29.28,-4.88,19.52,-97.6,-136.64,-185.44,-156.16
-39.04,-43.92,-4.88,43.92,-19.52,-24.4,-4.88,14.64,-92.72,-136.64,-185.44,-161.04
-39.04,-39.04,0,39.04,-19.52,-19.52,-4.88,14.64,-92.72,-131.76,-185.44,-170.8
-48.8,-48.8,0,48.8,-24.4,-24.4,-9.76,9.76,-97.6,-131.76,-200.08,-165.92
-53.68,-58.56,-4.88,58.56,-24.4,-34.16,0,19.52,-97.6,-136.64,-200.08,-165.92
-53.68,-63.44,-9.76,58.56,-24.4,-39.04,0,24.4,-97.6,-141.52,-200.08,-165.92
-48.8,-68.32,-19.52,58.56,-14.64,-43.92,0,29.28,-97.6,-146.4,-200.08,-165.92
-48.8,-43.92,4.88,48.8,-29.28,-19.52,4.88,34.16,-87.84,-146.4,-204.96,-170.8
-53.68,-53.68,0,53.68,-29.28,-29.28,0,29.28,-82.96,-141.52,-204.96,-170.8
-53.68,-58.56,-4.88,58.56,-24.4,-34.16,-9.76,24.4,-82.96,-136.64,-209.84,-175.68
-63.44,-58.56,4.88,63.44,-34.16,-29.28,-14.64,19.52,-78.08,-131.76,-214.72,-190.32
-63.44,-63.44,0,63.44,-34.16,-34.16,-4.88,29.28,-73.2,-131.76,-209.84,-190.32
-63.44,-63.44,0,63.44,-34.16,-34.16,9.76,39.04,-68.32,-131.76,-204.96,-185.44
-73.2,-63.44,9.76,68.32,-43.92,-29.28,14.64,48.8,-68.32,-131.76,-209.84,-180.56
-73.2,-63.44,9.76,68.32,-43.92,-29.28,9.76,53.68,-63.44,-131.76,-209.84,-175.68
-73.2,-58.56,14.64,68.32,-43.92,-24.4,24.4,58.56,-58.56,-122,-209.84,-180.56
-87.84,-58.56,29.28,73.2,-58.56,-14.64,29.28,68.32,-58.56,-122,-214.72,-190.32
-92.72,-58.56,34.16,78.08,-63.44,-14.64,34.16,78.08,-58.56,-122,-214.72,-200.08
-97.6,-63.44,34.16,82.96,-68.32,-14.64,43.92,82.96,-53.68,-122,-219.6,-200.08
-107.36,-58.56,48.8,82.96,-78.08,-4.88,68.32,102.48,-39.04,-112.24,-224.48,-195.2
-117.12,-58.56,58.56,87.84,-87.84,0,78.08,112.24,-39.04,-122,-224.48,-200.08
-117.12,-58.56,58.56,87.84,-87.84,0,78.08,122,-39.04,-122,-219.6,-200.08
-112.24,-58.56,53.68,87.84,-82.96,-4.88,82.96,122,-39.04,-122,-214.72,-204.96
-97.6,-58.56,39.04,78.08,-68.32,-9.76,97.6,141.52,-14.64,-117.12,-224.48,-204.96
-92.72,-53.68,39.04,73.2,-68.32,-9.76,112.24,156.16,-4.88,-112.24,-224.48,-204.96
-87.84,-43.92,43.92,68.32,-68.32,0,131.76,175.68,4.88,-107.36,-224.48,-204.96
-82.96,-39.04,43.92,63.44,-63.44,0,141.52,190.32,9.76,-107.36,-229.36,-204.96
-87.84,-34.16,53.68,63.44,-73.2,9.76,151.28,204.96,19.52,-107.36,-234.24,-214.72
-97.6,-39.04,58.56,68.32,-78.08,9.76,156.16,209.84,19.52,-107.36,-239.12,-224.48
-107.36,-39.04,68.32,73.2,-87.84,14.64,165.92,214.72,19.52,-107.36,-248.88,-229.36
-112.24,-43.92,68.32,78.08,-92.72,9.76,175.68,219.6,19.52,-117.12,-258.64,-239.12
-122,-48.8,73.2,87.84,-97.6,9.76,170.8,224.48,24.4,-107.36,-253.76,-239.12
-126.88,-48.8,78.08,87.84,-102.48,14.64,180.56,234.24,34.16,-107.36,-268.4,-253.76
-131.76,-53.68,78.08,92.72,-107.36,9.76,190.32,244,39.04,-126.88,-287.92,-263.52
-131.76,-53.68,78.08,92.72,-107.36,9.76,195.2,253.76,43.92,-141.52,-302.56,-273.28
-131.76,-48.8,82.96,92.72,-107.36,14.64,195.2,258.64,39.04,-146.4,-307.44,-292.8
-146.4,-53.68,92.72,102.48,-122,19.52,195.2,258.64,34.16,-156.16,-322.08,-302.56
-146.4,-63.44,82.96,107.36,-117.12,9.76,195.2,263.52,34.16,-161.04,-331.84,-312.32
-146.4,-63.44,82.96,107.36,-117.12,9.76,195.2,263.52,24.4,-170.8,-346.48,-317.2
-156.16,-63.44,92.72,112.24,-126.88,14.64,204.96,263.52,19.52,-185.44,-366,-331.84
-170.8,-68.32,102.48,122,-136.64,14.64,204.96,263.52,19.52,-204.96,-385.52,-351.36
-165.92,-68.32,97.6,117.12,-131.76,14.64,204.96,273.28,14.64,-204.96,-395.28,-356.24
-161.04,-68.32,92.72,117.12,-126.88,9.76,209.84,278.16,9.76,-209.84,-400.16,-366
-170.8,-82.96,87.84,126.88,-131.76,0,204.96,278.16,9.76,-229.36,-429.44,-375.76
-180.56,-92.72,87.84,136.64,-136.64,-4.88,209.84,278.16,4.88,-239.12,-453.84,-395.28
-195.2,-97.6,97.6,146.4,-146.4,0,209.84,278.16,-4.88,-248.88,-478.24,-409.92
-204.96,-112.24,92.72,161.04,-151.28,-9.76,209.84,278.16,-4.88,-278.16,-497.76,-419.68
-229.36,-117.12,112.24,175.68,-170.8,-4.88,200.08,278.16,-29.28,-283.04,-507.52,-444.08
-209.84,-122,87.84,165.92,-151.28,-19.52,204.96,278.16,-29.28,-292.8,-522.16,-458.72
-219.6,-126.88,92.72,175.68,-156.16,-19.52,209.84,278.16,-29.28,-312.32,-546.56,-468.48
-253.76,-131.76,122,195.2,-190.32,-4.88,209.84,268.4,-43.92,-317.2,-566.08,-488
-268.4,-131.76,136.64,200.08,-204.96,0,214.72,268.4,-43.92,-322.08,-566.08,-488
-263.52,-131.76,131.76,200.08,-200.08,0,219.6,268.4,-43.92,-336.72,-580.72,-492.88
-258.64,-131.76,126.88,195.2,-195.2,-4.88,224.48,263.52,-39.04,-341.6,-595.36,-497.76
-244,-131.76,112.24,190.32,-180.56,-9.76,229.36,258.64,-39.04,-341.6,-595.36,-502.64
-248.88,-136.64,112.24,195.2,-180.56,-14.64,224.48,258.64,-53.68,-351.36,-605.12,-522.16
-258.64,-141.52,117.12,200.08,-190.32,-14.64,224.48,253.76,-58.56,-361.12,-610,-527.04
-273.28,-141.52,131.76,209.84,-204.96,-4.88,219.6,248.88,-58.56,-370.88,-619.76,-531.92
-292.8,-136.64,156.16,214.72,-224.48,9.76,204.96,248.88,-63.44,-380.64,-624.64,-536.8
-278.16,-146.4,131.76,214.72,-204.96,-9.76,200.08,229.36,-78.08,-395.28,-634.4,-546.56
-268.4,-146.4,122,209.84,-195.2,-14.64,195.2,219.6,-92.72,-400.16,-639.28,-541.68
-263.52,-146.4,117.12,204.96,-190.32,-14.64,190.32,214.72,-112.24,-405.04,-624.64,-541.68
-248.88,-141.52,107.36,195.2,-180.56,-19.52,175.68,214.72,-122,-395.28,-619.76,-531.92
-253.76,-136.64,117.12,195.2,-185.44,-9.76,180.56,209.84,-107.36,-400.16,-614.88,-531.92
-253.76,-136.64,117.12,195.2,-185.44,-9.76,165.92,209.84,-107.36,-385.52,-605.12,-512.4
-253.76,-136.64,117.12,195.2,-185.44,-9.76,170.8,204.96,-97.6,-375.76,-590.48,-492.88
-253.76,-136.64,117.12,195.2,-185.44,-9.76,170.8,190.32,-92.72,-366,-590.48,-468.48
-258.64,-146.4,112.24,204.96,-185.44,-19.52,156.16,185.44,-107.36,-370.88,-580.72,-468.48
-248.88,-136.64,112.24,195.2,-180.56,-14.64,146.4,175.68,-102.48,-361.12,-561.2,-453.84
-248.88,-126.88,122,190.32,-185.44,-4.88,136.64,170.8,-102.48,-346.48,-541.68,-448.96
-239.12,-122,117.12,180.56,-180.56,-4.88,126.88,156.16,-102.48,-331.84,-527.04,-439.2
-229.36,-117.12,112.24,175.68,-170.8,-4.88,126.88,156.16,-97.6,-322.08,-497.76,-414.8
-219.6,-112.24,107.36,165.92,-165.92,-4.88,107.36,146.4,-92.72,-307.44,-473.36,-400.16
-200.08,-102.48,97.6,151.28,-151.28,-4.88,97.6,131.76,-87.84,-302.56,-463.6,-385.52
-175.68,-97.6,78.08,136.64,-126.88,-9.76,92.72,117.12,-82.96,-283.04,-444.08,-366
-146.4,-92.72,53.68,122,-102.48,-19.52,73.2,112.24,-78.08,-268.4,-414.8,-331.84
-141.52,-82.96,58.56,112.24,-102.48,-14.64,58.56,102.48,-78.08,-253.76,-385.52,-312.32
-131.76,-78.08,53.68,107.36,-92.72,-14.64,43.92,92.72,-78.08,-244,-356.24,-297.68
-131.76,-63.44,68.32,97.6,-102.48,0,34.16,87.84,-78.08,-229.36,-331.84,-278.16
-107.36,-73.2,34.16,92.72,-73.2,-19.52,9.76,73.2,-68.32,-204.96,-307.44,-248.88
-87.84,-63.44,24.4,78.08,-58.56,-19.52,-4.88,58.56,-68.32,-195.2,-283.04,-234.24
-73.2,-63.44,9.76,68.32,-43.92,-29.28,-14.64,48.8,-73.2,-185.44,-273.28,-219.6
-53.68,-63.44,-9.76,58.56,-24.4,-39.04,-19.52,39.04,-78.08,-185.44,-263.52,-204.96
-34.16,-68.32,-34.16,53.68,0,-53.68,-39.04,29.28,-68.32,-165.92,-234.24,-195.2
-24.4,-68.32,-43.92,48.8,9.76,-58.56,-39.04,14.64,-68.32,-151.28,-214.72,-175.68
-24.4,-68.32,-43.92,48.8,9.76,-58.56,-48.8,4.88,-68.32,-136.64,-200.08,-161.04
-9.76,-68.32,-58.56,39.04,24.4,-63.44,-58.56,0,-78.08,-136.64,-190.32,-146.4
4.88,-53.68,-58.56,24.4,29.28,-58.56,-63.44,0,-58.56,-107.36,-161.04,-131.76
0,-43.92,-43.92,24.4,19.52,-43.92,-63.44,0,-53.68,-102.48,-136.64,-117.12
-4.88,-39.04,-34.16,24.4,14.64,-39.04,-63.44,0,-53.68,-97.6,-122,-97.6
-19.52,-34.16,-14.64,29.28,-4.88,-24.4,-68.32,-4.88,-53.68,-92.72,-112.24,-92.72
0,-24.4,-24.4,14.64,9.76,-24.4,-78.08,-14.64,-48.8,-87.84,-87.84,-78.08
0,-24.4,-24.4,14.64,9.76,-24.4,-92.72,-14.64,-48.8,-63.44,-68.32,-68.32
0,-19.52,-19.52,9.76,9.76,-19.52,-97.6,-14.64,-43.92,-53.68,-63.44,-53.68
0,-14.64,-14.64,9.76,4.88,-14.64,-102.48,-24.4,-39.04,-39.04,-48.8,-39.04
-9.76,-19.52,-9.76,14.64,0,-14.64,-102.48,-34.16,-39.04,-39.04,-43.92,-24.4
0,-24.4,-24.4,14.64,9.76,-24.4,-102.48,-34.16,-39.04,-39.04,-39.04,-24.4
4.88,-29.28,-34.16,14.64,19.52,-34.16,-102.48,-29.28,-39.04,-39.04,-43.92,-24.4
4.88,-39.04,-43.92,19.52,24.4,-43.92,-87.84,-29.28,-34.16,-34.16,-39.04,-24.4
4.88,-43.92,-48.8,19.52,24.4,-48.8,-92.72,-29.28,-34.16,-29.28,-24.4,-24.4
4.88,-29.28,-34.16,14.64,19.52,-34.16,-87.84,-19.52,-39.04,-29.28,-14.64,-14.64
9.76,-19.52,-29.28,4.88,19.52,-24.4,-87.84,-19.52,-39.04,-24.4,-9.76,-9.76
24.4,-14.64,-39.04,-4.88,29.28,-29.28,-92.72,-24.4,-34.16,-14.64,-9.76,-9.76
19.52,-24.4,-43.92,4.88,29.28,-34.16,-92.72,-14.64,-34.16,-24.4,0,0
19.52,-24.4,-43.92,4.88,29.28,-34.16,-87.84,-14.64,-34.16,-14.64,0,0
4.88,-24.4,-29.28,9.76,14.64,-29.28,-87.84,-14.64,-29.28,-9.76,0,0
14.64,-24.4,-39.04,4.88,24.4,-34.16,-82.96,-9.76,-24.4,-9.76,-4.88,-4.88
24.4,-9.76,-34.16,-4.88,29.28,-24.4,-68.32,-14.64,-24.4,0,4.88,-4.88
34.16,0,-34.16,-14.64,34.16,-19.52,-63.44,-14.64,-14.64,4.88,19.52,9.76
39.04,9.76,-29.28,-24.4,34.16,-9.76,-63.44,-4.88,-14.64,4.88,19.52,9.76
43.92,14.64,-29.28,-29.28,34.16,-9.76,-63.44,-14.64,-19.52,4.88,19.52,9.76
39.04,4.88,-34.16,-19.52,34.16,-14.64,-73.2,-4.88,-14.64,14.64,29.28,9.76
29.28,0,-29.28,-14.64,29.28,-14.64,-68.32,-4.88,-19.52,14.64,24.4,9.76
24.4,-4.88,-29.28,-9.76,24.4,-19.52,-68.32,-9.76,-24.4,14.64,9.76,9.76
24.4,-9.76,-34.16,-4.88,29.28,-24.4,-68.32,-9.76,-24.4,19.52,9.76,9.76
34.16,-4.88,-39.04,-14.64,34.16,-24.4,-58.56,0,-9.76,19.52,24.4,19.52
29.28,-4.88,-34.16,-9.76,29.28,-19.52,-58.56,4.88,-4.88,19.52,24.4,19.52
29.28,0,-29.28,-14.64,29.28,-14.64,-58.56,4.88,-4.88,19.52,24.4,14.64
29.28,14.64,-14.64,-19.52,19.52,0,-58.56,4.88,-4.88,24.4,29.28,14.64
39.04,14.64,-24.4,-24.4,29.28,-4.88,-78.08,4.88,0,39.04,29.28,14.64
34.16,9.76,-24.4,-19.52,29.28,-9.76,-78.08,0,0,39.04,34.16,19.52
29.28,9.76,-19.52,-19.52,24.4,-4.88,-68.32,0,0,39.04,39.04,29.28
29.28,9.76,-19.52,-19.52,24.4,-4.88,-78.08,-4.88,0,39.04,53.68,39.04
29.28,0,-29.28,-14.64,29.28,-14.64,-82.96,-19.52,-4.88,29.28,53.68,39.04
29.28,9.76,-19.52,-19.52,24.4,-4.88,-78.08,-19.52,-4.88,29.28,53.68,34.16
29.28,19.52,-9.76,-24.4,19.52,4.88,-73.2,-9.76,-4.88,34.16,48.8,29.28
34.16,19.52,-14.64,-24.4,24.4,0,-78.08,-9.76,-4.88,34.16,39.04,24.4
43.92,9.76,-34.16,-24.4,39.04,-14.64,-87.84,-24.4,-14.64,29.28,29.28,14.64
34.16,9.76,-24.4,-19.52,29.28,-9.76,-97.6,-29.28,-19.52,24.4,34.16,14.64
34.16,0,-34.16,-14.64,34.16,-19.52,-107.36,-34.16,-24.4,19.52,34.16,14.64
39.04,0,-39.04,-19.52,39.04,-19.52,-112.24,-29.28,-34.16,9.76,34.16,14.64
29.28,14.64,-14.64,-19.52,19.52,0,-117.12,-29.28,-24.4,19.52,34.16,24.4
34.16,14.64,-19.52,-24.4,24.4,-4.88,-117.12,-34.16,-19.52,14.64,29.28,34.16
34.16,14.64,-19.52,-24.4,24.4,-4.88,-122,-39.04,-19.52,9.76,24.4,19.52
34.16,14.64,-19.52,-24.4,24.4,-4.88,-126.88,-39.04,-19.52,9.76,9.76,14.64
29.28,9.76,-19.52,-19.52,24.4,-4.88,-117.12,-43.92,-24.4,29.28,14.64,14.64
14.64,9.76,-4.88,-9.76,9.76,0,-117.12,-43.92,-24.4,29.28,24.4,14.64
9.76,9.76,0,-9.76,4.88,4.88,-117.12,-43.92,-24.4,24.4,29.28,19.52
4.88,9.76,4.88,-4.88,0,4.88,-126.88,-48.8,-29.28,14.64,39.04,14.64
14.64,19.52,4.88,-14.64,4.88,9.76,-141.52,-58.56,-29.28,9.76,39.04,19.52
34.16,19.52,-14.64,-24.4,24.4,0,-141.52,-58.56,-29.28,14.64,39.04,19.52
29.28,19.52,-9.76,-24.4,19.52,4.88,-141.52,-58.56,-29.28,19.52,34.16,19.52
19.52,14.64,-4.88,-14.64,9.76,4.88,-141.52,-58.56,-29.28,24.4,34.16,19.52
29.28,24.4,-4.88,-24.4,14.64,9.76,-136.64,-43.92,-24.4,29.28,34.16,29.28
24.4,24.4,0,-24.4,9.76,9.76,-136.64,-43.92,-24.4,29.28,34.16,29.28
29.28,24.4,-4.88,-24.4,14.64,9.76,-131.76,-43.92,-19.52,29.28,34.16,24.4
39.04,24.4,-14.64,-29.28,24.4,4.88,-122,-43.92,-14.64,29.28,29.28,19.52
29.28,24.4,-4.88,-24.4,14.64,9.76,-122,-53.68,-24.4,29.28,24.4,14.64
19.52,24.4,4.88,-19.52,4.88,14.64,-126.88,-53.68,-19.52,34.16,19.52,14.64
14.64,19.52,4.88,-14.64,4.88,9.76,-126.88,-53.68,-19.52,29.28,19.52,14.64
19.52,9.76,-9.76,-14.64,14.64,0,-126.88,-58.56,-24.4,19.52,19.52,14.64
29.28,0,-29.28,-14.64,29.28,-14.64,-141.52,-63.44,-24.4,4.88,14.64,14.64
19.52,9.76,-9.76,-14.64,14.64,0,-141.52,-63.44,-29.28,4.88,19.52,9.76
0,0,0,0,0,0,-141.52,-63.44,-34.16,4.88,14.64,4.88
9.76,0,-9.76,-4.88,9.76,-4.88,-141.52,-63.44,-34.16,4.88,9.76,0
19.52,0,-19.52,-9.76,19.52,-9.76,-141.52,-63.44,-19.52,14.64,14.64,4.88
19.52,-4.88,-24.4,-4.88,19.52,-14.64,-141.52,-58.56,-19.52,9.76,9.76,4.88
19.52,-14.64,-34.16,0,24.4,-24.4,-136.64,-53.68,-19.52,4.88,4.88,4.88
19.52,0,-19.52,-9.76,19.52,-9.76,-131.76,-53.68,-19.52,0,4.88,9.76
19.52,19.52,0,-19.52,9.76,9.76,-122,-53.68,-19.52,4.88,9.76,9.76
29.28,24.4,-4.88,-24.4,14.64,9.76,-122,-53.68,-19.52,0,4.88,9.76
43.92,19.52,-24.4,-29.28,34.16,-4.88,-131.76,-53.68,-19.52,0,4.88,9.76
53.68,24.4,-29.28,-39.04,39.04,-4.88,-136.64,-48.8,-19.52,4.88,9.76,14.64
53.68,24.4,-29.28,-39.04,39.04,-4.88,-131.76,-39.04,-19.52,0,14.64,4.88
58.56,14.64,-43.92,-34.16,48.8,-14.64,-131.76,-39.04,-14.64,0,14.64,9.76
68.32,14.64,-53.68,-39.04,58.56,-19.52,-126.88,-39.04,-14.64,4.88,9.76,9.76
82.96,14.64,-68.32,-48.8,73.2,-29.28,-126.88,-39.04,-14.64,4.88,9.76,19.52
78.08,4.88,-73.2,-39.04,73.2,-34.16,-117.12,-39.04,-4.88,14.64,14.64,9.76
63.44,0,-63.44,-29.28,63.44,-34.16,-117.12,-39.04,-9.76,24.4,19.52,14.64
43.92,0,-43.92,-19.52,43.92,-24.4,-117.12,-39.04,-9.76,14.64,19.52,14.64
29.28,0,-29.28,-14.64,29.28,-14.64,-122,-43.92,-9.76,14.64,19.52,24.4
43.92,0,-43.92,-19.52,43.92,-24.4,-112.24,-43.92,4.88,34.16,14.64,24.4
39.04,4.88,-34.16,-19.52,34.16,-14.64,-107.36,-34.16,9.76,34.16,19.52,19.52
34.16,9.76,-24.4,-19.52,29.28,-9.76,-97.6,-19.52,14.64,24.4,24.4,19.52
19.52,14.64,-4.88,-14.64,9.76,4.88,-92.72,-4.88,24.4,19.52,29.28,14.64
24.4,9.76,-14.64,-14.64,19.52,-4.88,-92.72,-4.88,34.16,24.4,39.04,24.4
24.4,4.88,-19.52,-14.64,19.52,-9.76,-87.84,-4.88,34.16,34.16,43.92,24.4
24.4,9.76,-14.64,-14.64,19.52,-4.88,-87.84,-4.88,34.16,39.04,48.8,29.28
14.64,4.88,-9.76,-9.76,9.76,-4.88,-87.84,-9.76,34.16,53.68,58.56,39.04
14.64,4.88,-9.76,-9.76,9.76,-4.88,-87.84,-9.76,24.4,48.8,48.8,29.28
24.4,-4.88,-29.28,-9.76,24.4,-19.52,-97.6,-14.64,19.52,43.92,43.92,24.4
34.16,-4.88,-39.04,-14.64,34.16,-24.4,-87.84,-14.64,19.52,24.4,34.16,24.4
24.4,-4.88,-29.28,-9.76,24.4,-19.52,-87.84,-14.64,19.52,39.04,19.52,29.28
14.64,-4.88,-19.52,-4.88,14.64,-14.64,-82.96,-4.88,24.4,39.04,19.52,24.4
29.28,-4.88,-34.16,-9.76,29.28,-19.52,-73.2,4.88,29.28,39.04,19.52,24.4
29.28,0,-29.28,-14.64,29.28,-14.64,-63.44,14.64,39.04,43.92,34.16,29.28
24.4,4.88,-19.52,-14.64,19.52,-9.76,-58.56,24.4,43.92,43.92,48.8,29.28
14.64,4.88,-9.76,-9.76,9.76,-4.88,-53.68,29.28,43.92,53.68,58.56,29.28
14.64,0,-14.64,-4.88,14.64,-9.76,-48.8,29.28,39.04,48.8,53.68,19.52
14.64,0,-14.64,-4.88,14.64,-9.76,-39.04,24.4,39.04,48.8,34.16,19.52
19.52,0,-19.52,-9.76,19.52,-9.76,-29.28,24.4,39.04,48.8,29.28,19.52
29.28,4.88,-24.4,-14.64,24.4,-9.76,-39.04,19.52,34.16,39.04,24.4,19.52
29.28,4.88,-24.4,-14.64,24.4,-9.76,-39.04,19.52,34.16,39.04,29.28,19.52
29.28,9.76,-19.52,-19.52,24.4,-4.88,-39.04,19.52,34.16,53.68,34.16,29.28
24.4,9.76,-14.64,-14.64,19.52,-4.88,-43.92,19.52,34.16,53.68,53.68,29.28
14.64,0,-14.64,-4.88,14.64,-9.76,-43.92,19.52,43.92,53.68,48.8,29.28
19.52,0,-19.52,-9.76,19.52,-9.76,-39.04,9.76,43.92,53.68,43.92,29.28
29.28,0,-29.28,-14.64,29.28,-14.64,-34.16,9.76,39.04,39.04,43.92,24.4
29.28,-4.88,-34.16,-9.76,29.28,-19.52,-34.16,19.52,39.04,34.16,39.04,14.64
24.4,-4.88,-29.28,-9.76,24.4,-19.52,-39.04,9.76,34.16,34.16,39.04,14.64
29.28,-4.88,-34.16,-9.76,29.28,-19.52,-53.68,9.76,34.16,34.16,39.04,14.64
29.28,4.88,-24.4,-14.64,24.4,-9.76,-53.68,9.76,34.16,43.92,39.04,19.52
34.16,4.88,-29.28,-19.52,29.28,-14.64,-48.8,9.76,39.04,53.68,39.04,29.28
39.04,19.52,-19.52,-29.28,29.28,0,-48.8,9.76,29.28,43.92,48.8,34.16
39.04,9.76,-29.28,-24.4,34.16,-9.76,-48.8,4.88,29.28,43.92,48.8,34.16
34.16,14.64,-19.52,-24.4,24.4,-4.88,-58.56,4.88,29.28,43.92,48.8,34.16
14.64,34.16,19.52,-24.4,-4.88,24.4,-48.8,4.88,29.28,43.92,43.92,34.16
9.76,19.52,9.76,-14.64,0,14.64,-58.56,-9.76,24.4,39.04,34.16,29.28
24.4,19.52,-4.88,-19.52,14.64,4.88,-68.32,-14.64,14.64,29.28,34.16,24.4
24.4,14.64,-9.76,-19.52,14.64,0,-68.32,-19.52,9.76,24.4,34.16,14.64
19.52,9.76,-9.76,-14.64,14.64,0,-63.44,-29.28,4.88,24.4,34.16,9.76
9.76,0,-9.76,-4.88,9.76,-4.88,-68.32,-39.04,4.88,19.52,43.92,14.64
0,4.88,4.88,0,-4.88,4.88,-73.2,-39.04,0,24.4,43.92,24.4
-24.4,4.88,29.28,9.76,-29.28,14.64,-78.08,-39.04,0,29.28,34.16,29.28
-34.16,-4.88,29.28,19.52,-34.16,9.76,-82.96,-39.04,0,29.28,34.16,29.28
-19.52,-4.88,14.64,14.64,-19.52,4.88,-92.72,-58.56,-9.76,19.52,14.64,14.64
-9.76,0,9.76,4.88,-9.76,4.88,-97.6,-58.56,-9.76,19.52,14.64,14.64
19.52,4.88,-14.64,-9.76,14.64,-4.88,-102.48,-58.56,-14.64,19.52,14.64,14.64
14.64,9.76,-4.88,-9.76,9.76,0,-112.24,-58.56,-14.64,4.88,14.64,0
4.88,14.64,9.76,-9.76,-4.88,9.76,-122,-68.32,-9.76,4.88,19.52,9.76
9.76,24.4,14.64,-14.64,-4.88,19.52,-117.12,-68.32,-9.76,9.76,24.4,19.52
9.76,24.4,14.64,-14.64,-4.88,19.52,-117.12,-68.32,-9.76,19.52,29.28,24.4
-4.88,19.52,24.4,-4.88,-14.64,19.52,-117.12,-68.32,-9.76,24.4,29.28,24.4
-4.88,24.4,29.28,-9.76,-19.52,24.4,-107.36,-58.56,-4.88,34.16,34.16,29.28
0,29.28,29.28,-14.64,-14.64,29.28,-107.36,-58.56,-4.88,34.16,34.16,29.28
0,34.16,34.16,-14.64,-19.52,34.16,-107.36,-58.56,-4.88,29.28,39.04,29.28
-4.88,39.04,43.92,-14.64,-24.4,39.04,-107.36,-58.56,-4.88,29.28,43.92,34.16
0,29.28,29.28,-14.64,-14.64,29.28,-112.24,-68.32,-14.64,19.52,29.28,34.16
9.76,24.4,14.64,-14.64,-4.88,19.52,-112.24,-68.32,-9.76,19.52,34.16,29.28
4.88,9.76,4.88,-4.88,0,4.88,-117.12,-68.32,-9.76,19.52,29.28,24.4
0,0,0,0,0,0,-131.76,-73.2,-9.76,19.52,19.52,19.52
-9.76,9.76,19.52,0,-14.64,14.64,-107.36,-58.56,0,29.28,34.16,29.28
29.28,29.28,0,-29.28,14.64,14.64,-97.6,-48.8,9.76,39.04,48.8,39.04
19.52,19.52,0,-19.52,9.76,9.76,-97.6,-48.8,0,29.28,39.04,39.04
19.52,19.52,0,-19.52,9.76,9.76,-97.6,-48.8,0,29.28,39.04,39.04
19.52,19.52,0,-19.52,9.76,9.76,-97.6,-48.8,0,29.28,39.04,39.04
19.52,19.52,0,-19.52,9.76,9.76,-97.6,-48.8,0,29.28,39.04,39.04
9.76,9.76,0,-9.76,4.88,4.88,-107.36,-58.56,0,19.52,34.16,34.16
9.76,9.76,0,-9.76,4.88,4.88,-107.36,-58.56,0,19.52,29.28,29.28
9.76,9.76,0,-9.76,4.88,4.88,-107.36,-58.56,0,19.52,24.4,24.4
9.76,9.76,0,-9.76,4.88,4.88,-107.36,-58.56,0,19.52,19.52,19.52
14.64,0,-14.64,-4.88,14.64,-9.76,-107.36,-58.56,-9.76,19.52,24.4,29.28
19.52,0,-19.52,-9.76,19.52,-9.76,-107.36,-58.56,-9.76,19.52,29.28,29.28
24.4,0,-24.4,-9.76,24.4,-14.64,-107.36,-58.56,-9.76,19.52,34.16,29.28
29.28,0,-29.28,-14.64,29.28,-14.64,-107.36,-58.56,-9.76,19.52,39.04,29.28
34.16,9.76,-24.4,-19.52,29.28,-9.76,-107.36,-58.56,-9.76,19.52,29.28,29.28
39.04,9.76,-29.28,-24.4,34.16,-9.76,-107.36,-58.56,-9.76,19.52,29.28,29.28
43.92,9.76,-34.16,-24.4,39.04,-14.64,-107.36,-58.56,-9.76,19.52,29.28,29.28
48.8,9.76,-39.04,-29.28,43.92,-14.64,-107.36,-58.56,-9.76,19.52,29.28,29.28
34.16,4.88,-29.28,-19.52,29.28,-14.64,-97.6,-48.8,0,29.28,39.04,29.28
29.28,0,-29.28,-14.64,29.28,-14.64,-97.6,-48.8,0,29.28,39.04,29.28
24.4,-4.88,-29.28,-9.76,24.4,-19.52,-97.6,-48.8,0,29.28,39.04,29.28
19.52,-9.76,-29.28,-4.88,24.4,-19.52,-97.6,-48.8,0,29.28,39.04,29.28
9.76,0,-9.76,-4.88,9.76,-4.88,-92.72,-43.92,9.76,39.04,48.8,39.04
9.76,0,-9.76,-4.88,9.76,-4.88,-87.84,-39.04,9.76,39.04,48.8,39.04
9.76,0,-9.76,-4.88,9.76,-4.88,-82.96,-34.16,9.76,39.04,48.8,39.04
9.76,0,-9.76,-4.88,9.76,-4.88,-78.08,-29.28,9.76,39.04,48.8,39.04
0,-9.76,-9.76,4.88,4.88,-9.76,-73.2,-29.28,9.76,39.04,39.04,29.28
0,-9.76,-9.76,4.88,4.88,-9.76,-68.32,-29.28,9.76,39.04,39.04,29.28
0,-9.76,-9.76,4.88,4.88,-9.76,-63.44,-29.28,9.76,39.04,39.04,29.28
0,-9.76,-9.76,4.88,4.88,-9.76,-58.56,-29.28,9.76,39.04,39.04,29.28
9.76,0,-9.76,-4.88,9.76,-4.88,-58.56,-29.28,19.52,29.28,39.04,29.28
9.76,0,-9.76,-4.88,9.76,-4.88,-58.56,-29.28,19.52,29.28,39.04,29.28
9.76,0,-9.76,-4.88,9.76,-4.88,-58.56,-29.28,19.52,29.28,39.04,29.28
9.76,0,-9.76,-4.88,9.76,-4.88,-58.56,-29.28,19.52,29.28,39.04,29.28
14.64,0,-14.64,-4.88,14.64,-9.76,-48.8,-19.52,9.76,39.04,39.04,19.52
19.52,0,-19.52,-9.76,19.52,-9.76,-48.8,-19.52,9.76,39.04,39.04,19.52
24.4,0,-24.4,-9.76,24.4,-14.64,-48.8,-19.52,9.76,39.04,39.04,19.52
29.28,0,-29.28,-14.64,29.28,-14.64,-48.8,-19.52,9.76,39.04,39.04,19.52
19.52,-4.88,-24.4,-4.88,19.52,-14.64,-48.8,-19.52,14.64,39.04,48.8,24.4
9.76,-9.76,-19.52,0,14.64,-14.64,-48.8,-19.52,19.52,39.04,48.8,29.28
0,-14.64,-14.64,9.76,4.88,-14.64,-48.8,-19.52,24.4,39.04,48.8,34.16
-9.76,-19.52,-9.76,14.64,0,-14.64,-48.8,-19.52,29.28,39.04,48.8,39.04
-19.52,-9.76,9.76,14.64,-14.64,0,-58.56,-29.28,19.52,29.28,39.04,29.28
-19.52,-9.76,9.76,14.64,-14.64,0,-58.56,-29.28,19.52,29.28,39.04,29.28
-19.52,-9.76,9.76,14.64,-14.64,0,-58.56,-29.28,19.52,29.28,39.04,29.28
-19.52,-9.76,9.76,14.64,-14.64,0,-58.56,-29.28,19.52,29.28,39.04,29.28
-9.76,-19.52,-9.76,14.64,0,-14.64,-68.32,-34.16,14.64,19.52,29.28,19.52
-9.76,-19.52,-9.76,14.64,0,-14.64,-68.32,-39.04,9.76,19.52,29.28,19.52
-9.76,-19.52,-9.76,14.64,0,-14.64,-68.32,-43.92,4.88,19.52,29.28,19.52
-9.76,-19.52,-9.76,14.64,0,-14.64,-68.32,-48.8,0,19.52,29.28,19.52
4.88,-14.64,-19.52,4.88,9.76,-19.52,-68.32,-48.8,9.76,29.28,39.04,29.28
9.76,-9.76,-19.52,0,14.64,-14.64,-68.32,-48.8,9.76,29.28,39.04,29.28
14.64,-4.88,-19.52,-4.88,14.64,-14.64,-68.32,-48.8,9.76,29.28,39.04,29.28
19.52,0,-19.52,-9.76,19.52,-9.76,-68.32,-48.8,9.76,29.28,39.04,29.28
14.64,0,-14.64,-4.88,14.64,-9.76,-68.32,-48.8,9.76,29.28,39.04,29.28
9.76,0,-9.76,-4.88,9.76,-4.88,-68.32,-48.8,9.76,29.28,39.04,29.28
4.88,0,-4.88,0,4.88,-4.88,-68.32,-48.8,9.76,29.28,39.04,29.28
0,0,0,0,0,0,-68.32,-48.8,9.76,29.28,39.04,29.28
9.76,-4.88,-14.64,0,9.76,-9.76,-78.08,-48.8,9.76,29.28,39.04,19.52
9.76,-9.76,-19.52,0,14.64,-14.64,-78.08,-48.8,9.76,29.28,39.04,19.52
9.76,-14.64,-24.4,4.88,14.64,-19.52,-78.08,-48.8,9.76,29.28,39.04,19.52
9.76,-19.52,-29.28,4.88,19.52,-24.4,-78.08,-48.8,9.76,29.28,39.04,19.52
9.76,-9.76,-19.52,0,14.64,-14.64,-87.84,-58.56,9.76,29.28,39.04,29.28
9.76,-9.76,-19.52,0,14.64,-14.64,-87.84,-58.56,9.76,29.28,39.04,29.28
9.76,-9.76,-19.52,0,14.64,-14.64,-87.84,-58.56,9.76,29.28,39.04,29.28
9.76,-9.76,-19.52,0,14.64,-14.64,-87.84,-58.56,9.76,29.28,39.04,29.28
19.52,0,-19.52,-9.76,19.52,-9.76,-97.6,-58.56,9.76,39.04,48.8,29.28
19.52,0,-19.52,-9.76,19.52,-9.76,-97.6,-58.56,9.76,39.04,48.8,29.28
19.52,0,-19.52,-9.76,19.52,-9.76,-97.6,-58.56,9.76,39.04,48.8,29.28
19.52,0,-19.52,-9.76,19.52,-9.76,-97.6,-58.56,9.76,39.04,48.8,29.28
14.64,0,-14.64,-4.88,14.64,-9.76,-87.84,-58.56,19.52,39.04,48.8,39.04
9.76,0,-9.76,-4.88,9.76,-4.88,-87.84,-58.56,19.52,39.04,48.8,39.04
4.88,0,-4.88,0,4.88,-4.88,-87.84,-58.56,19.52,39.04,48.8,39.04
0,0,0,0,0,0,-87.84,-58.56,19.52,39.04,48.8,39.04
9.76,0,-9.76,-4.88,9.76,-4.88,-87.84,-48.8,9.76,39.04,48.8,39.04
9.76,0,-9.76,-4.88,9.76,-4.88,-87.84,-48.8,9.76,39.04,48.8,39.04
9.76,0,-9.76,-4.88,9.76,-4.88,-87.84,-48.8,9.76,39.04,48.8,39.04
9.76,0,-9.76,-4.88,9.76,-4.88,-87.84,-48.8,9.76,39.04,48.8,39.04
19.52,9.76,-9.76,-14.64,14.64,0,-78.08,-39.04,19.52,48.8,48.8,39.04
19.52,9.76,-9.76,-14.64,14.64,0,-78.08,-39.04,19.52,48.8,48.8,39.04
19.52,9.76,-9.76,-14.64,14.64,0,-78.08,-39.04,19.52,48.8,48.8,39.04
19.52,9.76,-9.76,-14.64,14.64,0,-78.08,-39.04,19.52,48.8,48.8,39.04
19.52,4.88,-14.64,-9.76,14.64,-4.88,-87.84,-48.8,9.76,43.92,39.04,29.28
19.52,0,-19.52,-9.76,19.52,-9.76,-87.84,-48.8,9.76,39.04,39.04,29.28
19.52,-4.88,-24.4,-4.88,19.52,-14.64,-87.84,-48.8,9.76,34.16,39.04,29.28
19.52,-9.76,-29.28,-4.88,24.4,-19.52,-87.84,-48.8,9.76,29.28,39.04,29.28
29.28,0,-29.28,-14.64,29.28,-14.64,-87.84,-48.8,9.76,39.04,43.92,39.04
29.28,0,-29.28,-14.64,29.28,-14.64,-87.84,-48.8,9.76,39.04,48.8,39.04
29.28,0,-29.28,-14.64,29.28,-14.64,-87.84,-48.8,9.76,39.04,53.68,39.04
29.28,0,-29.28,-14.64,29.28,-14.64,-87.84,-48.8,9.76,39.04,58.56,39.04
19.52,9.76,-9.76,-14.64,14.64,0,-78.08,-39.04,14.64,48.8,58.56,48.8
19.52,9.76,-9.76,-14.64,14.64,0,-78.08,-39.04,19.52,48.8,58.56,48.8
19.52,9.76,-9.76,-14.64,14.64,0,-78.08,-39.04,24.4,48.8,58.56,48.8
19.52,9.76,-9.76,-14.64,14.64,0,-78.08,-39.04,29.28,48.8,58.56,48.8
29.28,19.52,-9.76,-24.4,19.52,4.88,-78.08,-39.04,19.52,48.8,68.32,48.8
29.28,19.52,-9.76,-24.4,19.52,4.88,-78.08,-39.04,19.52,48.8,68.32,48.8
29.28,19.52,-9.76,-24.4,19.52,4.88,-78.08,-39.04,19.52,48.8,68.32,48.8
29.28,19.52,-9.76,-24.4,19.52,4.88,-78.08,-39.04,19.52,48.8,68.32,48.8
19.52,9.76,-9.76,-14.64,14.64,0,-68.32,-29.28,29.28,48.8,68.32,58.56
19.52,9.76,-9.76,-14.64,14.64,0,-68.32,-29.28,29.28,48.8,68.32,58.56
19.52,9.76,-9.76,-14.64,14.64,0,-68.32,-29.28,29.28,48.8,68.32,58.56
19.52,9.76,-9.76,-14.64,14.64,0,-68.32,-29.28,29.28,48.8,68.32,58.56
29.28,9.76,-19.52,-19.52,24.4,-4.88,-68.32,-34.16,24.4,48.8,73.2,53.68
29.28,0,-29.28,-14.64,29.28,-14.64,-68.32,-34.16,24.4,48.8,68.32,48.8
29.28,0,-29.28,-14.64,29.28,-14.64,-63.44,-34.16,24.4,48.8,63.44,43.92
24.4,9.76,-14.64,-14.64,19.52,-4.88,-58.56,-39.04,24.4,48.8,58.56,43.92
34.16,19.52,-14.64,-24.4,24.4,0,-58.56,-39.04,24.4,58.56,68.32,53.68
39.04,19.52,-19.52,-29.28,29.28,0,-58.56,-29.28,34.16,58.56,63.44,48.8
43.92,19.52,-24.4,-29.28,34.16,-4.88,-63.44,-29.28,34.16,58.56,63.44,48.8
43.92,14.64,-29.28,-29.28,34.16,-9.76,-63.44,-39.04,29.28,58.56,68.32,48.8
34.16,-4.88,-39.04,-14.64,34.16,-24.4,-53.68,-29.28,24.4,48.8,58.56,48.8
29.28,4.88,-24.4,-14.64,24.4,-9.76,-53.68,-24.4,24.4,48.8,58.56,48.8
19.52,9.76,-9.76,-14.64,14.64,0,-53.68,-24.4,29.28,48.8,68.32,53.68
9.76,14.64,4.88,-9.76,0,9.76,-58.56,-24.4,29.28,48.8,58.56,53.68
14.64,14.64,0,-14.64,4.88,4.88,-68.32,-39.04,19.52,48.8,48.8,53.68
14.64,4.88,-9.76,-9.76,9.76,-4.88,-58.56,-39.04,24.4,53.68,53.68,48.8
9.76,4.88,-4.88,-4.88,4.88,0,-58.56,-39.04,24.4,53.68,53.68,43.92
9.76,4.88,-4.88,-4.88,4.88,0,-58.56,-43.92,24.4,53.68,48.8,39.04
19.52,9.76,-9.76,-14.64,14.64,0,-58.56,-34.16,24.4,53.68,58.56,48.8
4.88,4.88,0,-4.88,0,0,-58.56,-34.16,24.4,53.68,58.56,48.8
4.88,9.76,4.88,-4.88,0,4.88,-58.56,-34.16,24.4,58.56,58.56,48.8
0,4.88,4.88,0,-4.88,4.88,-58.56,-34.16,24.4,58.56,63.44,48.8
0,9.76,9.76,-4.88,-4.88,9.76,-53.68,-43.92,29.28,58.56,63.44,43.92
4.88,4.88,0,-4.88,0,0,-58.56,-43.92,29.28,53.68,53.68,43.92
9.76,4.88,-4.88,-4.88,4.88,0,-58.56,-39.04,29.28,53.68,63.44,43.92
9.76,4.88,-4.88,-4.88,4.88,0,-58.56,-34.16,29.28,53.68,63.44,48.8
9.76,4.88,-4.88,-4.88,4.88,0,-63.44,-43.92,19.52,53.68,58.56,48.8
4.88,4.88,0,-4.88,0,0,-63.44,-43.92,14.64,48.8,63.44,43.92
4.88,4.88,0,-4.88,0,0,-68.32,-48.8,9.76,43.92,58.56,39.04
9.76,9.76,0,-9.76,4.88,4.88,-68.32,-48.8,4.88,39.04,48.8,34.16
14.64,9.76,-4.88,-9.76,9.76,0,-63.44,-48.8,4.88,48.8,58.56,39.04
14.64,9.76,-4.88,-9.76,9.76,0,-63.44,-48.8,9.76,48.8,58.56,43.92
4.88,9.76,4.88,-4.88,0,4.88,-63.44,-48.8,9.76,53.68,73.2,53.68
14.64,14.64,0,-14.64,4.88,4.88,-58.56,-48.8,14.64,53.68,73.2,58.56
4.88,24.4,19.52,-14.64,-9.76,19.52,-58.56,-43.92,24.4,53.68,63.44,48.8
4.88,24.4,19.52,-14.64,-9.76,19.52,-63.44,-48.8,24.4,53.68,63.44,48.8
4.88,24.4,19.52,-14.64,-9.76,19.52,-68.32,-53.68,24.4,53.68,63.44,43.92
0,29.28,29.28,-14.64,-14.64,29.28,-68.32,-53.68,19.52,43.92,63.44,43.92
0,29.28,29.28,-14.64,-14.64,29.28,-73.2,-43.92,19.52,53.68,63.44,53.68
0,24.4,24.4,-9.76,-14.64,24.4,-73.2,-43.92,19.52,58.56,63.44,53.68
0,14.64,14.64,-4.88,-9.76,14.64,-73.2,-43.92,19.52,58.56,63.44,53.68
0,14.64,14.64,-4.88,-9.76,14.64,-73.2,-43.92,19.52,58.56,63.44,53.68
14.64,29.28,14.64,-19.52,0,19.52,-78.08,-34.16,24.4,53.68,68.32,53.68
14.64,34.16,19.52,-24.4,-4.88,24.4,-63.44,-34.16,29.28,58.56,73.2,58.56
14.64,24.4,9.76,-19.52,0,14.64,-58.56,-34.16,34.16,68.32,78.08,63.44
14.64,39.04,24.4,-24.4,-4.88,29.28,-53.68,-34.16,39.04,73.2,87.84,73.2
0,34.16,34.16,-14.64,-19.52,34.16,-58.56,-43.92,24.4,58.56,73.2,58.56
0,29.28,29.28,-14.64,-14.64,29.28,-63.44,-48.8,19.52,53.68,68.32,58.56
0,24.4,24.4,-9.76,-14.64,24.4,-73.2,-53.68,14.64,53.68,63.44,53.68
-4.88,24.4,29.28,-9.76,-19.52,24.4,-78.08,-58.56,4.88,48.8,58.56,48.8
9.76,24.4,14.64,-14.64,-4.88,19.52,-68.32,-53.68,9.76,48.8,68.32,58.56
14.64,29.28,14.64,-19.52,0,19.52,-63.44,-48.8,14.64,58.56,68.32,58.56
19.52,29.28,9.76,-24.4,4.88,19.52,-63.44,-43.92,19.52,58.56,73.2,58.56
24.4,29.28,4.88,-24.4,9.76,14.64,-73.2,-39.04,24.4,58.56,73.2,58.56
24.4,24.4,0,-24.4,9.76,9.76,-63.44,-39.04,34.16,58.56,73.2,58.56
24.4,29.28,4.88,-24.4,9.76,14.64,-58.56,-39.04,34.16,58.56,73.2,58.56
14.64,24.4,9.76,-19.52,0,14.64,-58.56,-39.04,34.16,58.56,73.2,58.56
14.64,14.64,0,-14.64,4.88,4.88,-58.56,-39.04,34.16,58.56,73.2,63.44
24.4,14.64,-9.76,-19.52,14.64,0,-63.44,-39.04,34.16,58.56,73.2,53.68
19.52,14.64,-4.88,-14.64,9.76,4.88,-63.44,-39.04,34.16,53.68,73.2,48.8
19.52,19.52,0,-19.52,9.76,9.76,-63.44,-39.04,34.16,53.68,73.2,48.8
24.4,19.52,-4.88,-19.52,14.64,4.88,-63.44,-43.92,34.16,58.56,78.08,53.68
24.4,0,-24.4,-9.76,24.4,-14.64,-53.68,-34.16,29.28,58.56,78.08,63.44
14.64,-4.88,-19.52,-4.88,14.64,-14.64,-58.56,-34.16,29.28,58.56,73.2,53.68
14.64,-14.64,-29.28,0,19.52,-24.4,-63.44,-34.16,29.28,58.56,73.2,53.68
19.52,-24.4,-43.92,4.88,29.28,-34.16,-63.44,-34.16,29.28,53.68,73.2,53.68
9.76,-24.4,-34.16,9.76,19.52,-29.28,-73.2,-34.16,19.52,53.68,63.44,43.92
14.64,-19.52,-34.16,4.88,24.4,-29.28,-68.32,-39.04,19.52,53.68,58.56,39.04
14.64,-19.52,-34.16,4.88,24.4,-29.28,-68.32,-39.04,19.52,53.68,53.68,39.04
0,-24.4,-24.4,14.64,9.76,-24.4,-68.32,-39.04,19.52,53.68,53.68,39.04
9.76,-14.64,-24.4,4.88,14.64,-19.52,-63.44,-29.28,19.52,43.92,58.56,39.04
9.76,-9.76,-19.52,0,14.64,-14.64,-58.56,-24.4,24.4,43.92,58.56,43.92
4.88,-9.76,-14.64,4.88,9.76,-14.64,-53.68,-24.4,24.4,43.92,58.56,43.92
4.88,-9.76,-14.64,4.88,9.76,-14.64,-48.8,-24.4,24.4,39.04,58.56,43.92
19.52,-9.76,-29.28,-4.88,24.4,-19.52,-58.56,-34.16,24.4,48.8,63.44,43.92
19.52,-9.76,-29.28,-4.88,24.4,-19.52,-58.56,-34.16,24.4,53.68,63.44,48.8
14.64,-24.4,-39.04,4.88,24.4,-34.16,-53.68,-34.16,24.4,53.68,63.44,48.8
14.64,-24.4,-39.04,4.88,24.4,-34.16,-53.68,-29.28,34.16,63.44,68.32,48.8
24.4,0,-24.4,-9.76,24.4,-14.64,-39.04,-24.4,34.16,68.32,78.08,48.8
24.4,0,-24.4,-9.76,24.4,-14.64,-34.16,-24.4,34.16,68.32,68.32,48.8
19.52,0,-19.52,-9.76,19.52,-9.76,-34.16,-24.4,34.16,63.44,68.32,48.8
19.52,0,-19.52,-9.76,19.52,-9.76,-34.16,-24.4,34.16,63.44,68.32,48.8
29.28,-4.88,-34.16,-9.76,29.28,-19.52,-43.92,-29.28,34.16,63.44,63.44,48.8
14.64,-9.76,-24.4,0,19.52,-19.52,-43.92,-29.28,34.16,63.44,63.44,48.8
14.64,-19.52,-34.16,4.88,24.4,-29.28,-43.92,-29.28,34.16,63.44,68.32,53.68
19.52,-24.4,-43.92,4.88,29.28,-34.16,-43.92,-29.28,39.04,68.32,68.32,58.56
0,-24.4,-24.4,14.64,9.76,-24.4,-53.68,-34.16,39.04,53.68,58.56,48.8
-14.64,-4.88,9.76,9.76,-14.64,0,-34.16,-14.64,48.8,63.44,68.32,48.8
0,24.4,24.4,-9.76,-14.64,24.4,0,19.52,68.32,87.84,78.08,58.56
-19.52,34.16,53.68,-4.88,-39.04,43.92,43.92,63.44,92.72,102.48,82.96,58.56
-73.2,29.28,102.48,24.4,-87.84,63.44,78.08,92.72,117.12,117.12,73.2,48.8
-78.08,48.8,126.88,14.64,-102.48,87.84,97.6,117.12,141.52,151.28,87.84,58.56
-58.56,97.6,156.16,-19.52,-107.36,126.88,131.76,151.28,185.44,204.96,141.52,87.84
-73.2,136.64,209.84,-29.28,-141.52,170.8,200.08,229.36,268.4,292.8,185.44,117.12
-87.84,151.28,239.12,-29.28,-165.92,195.2,278.16,336.72,395.28,390.4,234.24,151.28
-87.84,180.56,268.4,-43.92,-180.56,224.48,375.76,463.6,531.92,517.28,317.2,185.44
-102.48,248.88,351.36,-73.2,-229.36,297.68,473.36,605.12,702.72,692.96,448.96,263.52
-112.24,317.2,429.44,-102.48,-273.28,370.88,566.08,756.4,897.92,917.44,634.4,390.4
-78.08,370.88,448.96,-146.4,-263.52,409.92,644.16,912.56,1112.64,1171.2,873.52,551.44
-29.28,409.92,439.2,-190.32,-234.24,424.56,712.48,1073.6,1342,1449.36,1141.92,722.24
53.68,444.08,390.4,-248.88,-170.8,414.8,795.44,1273.68,1629.92,1761.68,1459.12,927.2
156.16,522.16,366,-336.72,-107.36,444.08,936.96,1546.96,2039.84,2210.64,1859.28,1185.84
248.88,595.36,346.48,-419.68,-48.8,468.48,1078.48,1834.88,2479.04,2708.4,2313.12,1459.12
370.88,663.68,292.8,-517.28,39.04,478.24,1151.68,2069.12,2869.44,3142.72,2732.8,1722.64
590.48,775.92,185.44,-683.2,200.08,478.24,1107.76,2152.08,3167.12,3523.36,3172,2025.2
824.72,878.4,53.68,-849.12,385.52,463.6,873.52,1952,3220.8,3752.72,3552.64,2322.88
980.88,961.36,-19.52,-971.12,497.76,468.48,453.84,1390.8,2893.84,3679.52,3742.96,2532.72
1078.48,1049.2,-29.28,-1063.84,551.44,507.52,-87.84,566.08,2235.04,3357.44,3738.08,2644.96
1132.16,1127.28,-4.88,-1127.28,566.08,561.2,-595.36,-283.04,1405.44,2854.8,3547.76,2644.96
1127.28,1127.28,0,-1127.28,561.2,561.2,-995.52,-976,546.56,2147.2,3108.56,2483.92
1107.76,1058.96,-48.8,-1083.36,575.84,502.64,-1361.52,-1620.16,-390.4,1259.04,2479.04,2205.76
1083.36,858.88,-224.48,-971.12,653.92,317.2,-1742.16,-2254.56,-1361.52,234.24,1703.12,1805.6
1034.56,502.64,-531.92,-766.16,780.8,-14.64,-2044.72,-2703.52,-2215.52,-834.48,697.84,1171.2
980.88,126.88,-854,-551.44,917.44,-366,-2249.68,-2986.56,-2864.56,-1834.88,-336.72,463.6
907.68,-43.92,-951.6,-429.44,927.2,-497.76,-2327.76,-3064.64,-3181.76,-2366.8,-936.96,53.68
839.36,-73.2,-912.56,-380.64,873.52,-492.88,-2259.44,-2898.72,-3025.6,-2327.76,-1024.8,-34.16
732,-126.88,-858.88,-302.56,795.44,-492.88,-2034.96,-2542.48,-2640.08,-2093.52,-1015.04,-102.48
600.24,-204.96,-805.2,-195.2,702.72,-507.52,-1703.12,-2132.56,-2278.96,-1908.08,-1015.04,-195.2
434.32,-195.2,-629.52,-117.12,531.92,-414.8,-1351.76,-1727.52,-1888.56,-1629.92,-932.08,-214.72
244,-126.88,-370.88,-58.56,307.44,-248.88,-1068.72,-1371.28,-1493.28,-1312.72,-785.68,-170.8
122,-63.44,-185.44,-29.28,151.28,-126.88,-878.4,-1132.16,-1229.76,-1078.48,-678.32,-156.16
92.72,-34.16,-126.88,-29.28,107.36,-82.96,-732,-946.72,-1034.56,-932.08,-614.88,-165.92
48.8,-34.16,-82.96,-4.88,63.44,-58.56,-580.72,-761.28,-849.12,-785.68,-556.32,-185.44
-4.88,-24.4,-19.52,14.64,4.88,-24.4,-458.72,-605.12,-678.32,-653.92,-512.4,-185.44
-4.88,4.88,9.76,0,-9.76,4.88,-356.24,-478.24,-536.8,-546.56,-448.96,-170.8
0,14.64,14.64,-4.88,-9.76,14.64,-268.4,-351.36,-419.68,-448.96,-395.28,-170.8
-19.52,0,19.52,9.76,-19.52,9.76,-204.96,-273.28,-341.6,-390.4,-361.12,-180.56
-29.28,-4.88,24.4,19.52,-29.28,9.76,-161.04,-214.72,-283.04,-336.72,-322.08,-185.44
-29.28,-4.88,24.4,19.52,-29.28,9.76,-112.24,-151.28,-214.72,-273.28,-268.4,-161.04
-78.08,-19.52,58.56,48.8,-68.32,19.52,-82.96,-102.48,-165.92,-214.72,-229.36,-146.4
-107.36,-19.52,87.84,63.44,-97.6,34.16,-58.56,-82.96,-136.64,-190.32,-209.84,-136.64
-63.44,-24.4,39.04,43.92,-53.68,4.88,-58.56,-82.96,-122,-175.68,-195.2,-122
-53.68,-34.16,19.52,43.92,-39.04,-9.76,-58.56,-73.2,-122,-170.8,-195.2,-112.24
-82.96,-24.4,58.56,53.68,-73.2,14.64,-53.68,-63.44,-102.48,-161.04,-195.2,-117.12
-68.32,-14.64,53.68,43.92,-63.44,19.52,-43.92,-43.92,-82.96,-161.04,-190.32,-117.12
-63.44,-19.52,43.92,43.92,-53.68,9.76,-43.92,-34.16,-87.84,-165.92,-200.08,-122
-68.32,-24.4,43.92,48.8,-58.56,9.76,-29.28,-29.28,-78.08,-165.92,-200.08,-136.64
-53.68,-29.28,24.4,43.92,-39.04,-4.88,-29.28,-24.4,-73.2,-161.04,-200.08,-141.52
-43.92,-34.16,9.76,39.04,-29.28,-14.64,-24.4,-4.88,-53.68,-146.4,-190.32,-136.64
-48.8,-43.92,4.88,48.8,-29.28,-19.52,-9.76,4.88,-58.56,-131.76,-180.56,-126.88
-68.32,-43.92,24.4,58.56,-48.8,-9.76,-9.76,9.76,-53.68,-126.88,-175.68,-131.76
-73.2,-48.8,24.4,63.44,-48.8,-14.64,0,9.76,-43.92,-122,-165.92,-131.76
-78.08,-53.68,24.4,68.32,-53.68,-14.64,4.88,19.52,-43.92,-117.12,-156.16,-122
-73.2,-48.8,24.4,63.44,-48.8,-14.64,9.76,34.16,-29.28,-112.24,-156.16,-112.24
-58.56,-39.04,19.52,48.8,-39.04,-9.76,14.64,34.16,-19.52,-117.12,-161.04,-112.24
-63.44,-24.4,39.04,43.92,-53.68,4.88,14.64,39.04,-14.64,-112.24,-161.04,-122
-58.56,-19.52,39.04,39.04,-48.8,9.76,19.52,43.92,-9.76,-107.36,-161.04,-126.88
-63.44,-29.28,34.16,48.8,-48.8,0,24.4,34.16,-24.4,-112.24,-165.92,-141.52
-68.32,-39.04,29.28,53.68,-48.8,-4.88,29.28,34.16,-24.4,-112.24,-165.92,-136.64
-73.2,-48.8,24.4,63.44,-48.8,-14.64,14.64,34.16,-29.28,-117.12,-170.8,-136.64
-78.08,-58.56,19.52,68.32,-48.8,-19.52,29.28,39.04,-29.28,-117.12,-175.68,-141.52
-82.96,-58.56,24.4,73.2,-53.68,-19.52,43.92,48.8,-24.4,-117.12,-156.16,-126.88
-82.96,-58.56,24.4,73.2,-53.68,-19.52,43.92,53.68,-24.4,-112.24,-156.16,-126.88
-87.84,-53.68,34.16,73.2,-63.44,-9.76,48.8,53.68,-19.52,-112.24,-165.92,-126.88
-87.84,-53.68,34.16,73.2,-63.44,-9.76,53.68,48.8,-14.64,-112.24,-175.68,-126.88
-82.96,-53.68,29.28,68.32,-58.56,-14.64,58.56,53.68,-4.88,-102.48,-175.68,-126.88
-82.96,-48.8,34.16,68.32,-58.56,-9.76,63.44,63.44,-4.88,-102.48,-175.68,-136.64
-78.08,-48.8,29.28,63.44,-53.68,-9.76,68.32,68.32,-4.88,-107.36,-175.68,-141.52
-63.44,-48.8,14.64,58.56,-39.04,-19.52,78.08,73.2,-4.88,-107.36,-175.68,-141.52
-78.08,-58.56,19.52,68.32,-48.8,-19.52,87.84,82.96,-9.76,-107.36,-175.68,-141.52
-87.84,-58.56,29.28,73.2,-58.56,-14.64,92.72,82.96,-9.76,-112.24,-180.56,-141.52
-92.72,-63.44,29.28,78.08,-63.44,-19.52,92.72,82.96,-9.76,-112.24,-180.56,-141.52
-102.48,-63.44,39.04,82.96,-73.2,-14.64,97.6,82.96,-9.76,-107.36,-170.8,-136.64
-107.36,-53.68,53.68,82.96,-82.96,0,107.36,87.84,0,-107.36,-180.56,-141.52
-107.36,-53.68,53.68,82.96,-82.96,0,107.36,92.72,0,-112.24,-190.32,-141.52
-107.36,-53.68,53.68,82.96,-82.96,0,107.36,92.72,0,-112.24,-195.2,-146.4
-107.36,-53.68,53.68,82.96,-82.96,0,107.36,92.72,4.88,-112.24,-195.2,-146.4
-97.6,-48.8,48.8,73.2,-73.2,0,117.12,102.48,14.64,-107.36,-195.2,-146.4
-97.6,-58.56,39.04,78.08,-68.32,-9.76,117.12,102.48,14.64,-107.36,-190.32,-151.28
-92.72,-58.56,34.16,78.08,-63.44,-14.64,112.24,102.48,14.64,-107.36,-180.56,-151.28
-92.72,-58.56,34.16,78.08,-63.44,-14.64,112.24,102.48,14.64,-112.24,-175.68,-151.28
-87.84,-58.56,29.28,73.2,-58.56,-14.64,107.36,92.72,4.88,-112.24,-175.68,-151.28
-87.84,-58.56,29.28,73.2,-58.56,-14.64,107.36,97.6,9.76,-112.24,-175.68,-151.28
-107.36,-58.56,48.8,82.96,-78.08,-4.88,107.36,102.48,14.64,-112.24,-175.68,-146.4
-117.12,-53.68,63.44,87.84,-92.72,4.88,112.24,107.36,14.64,-107.36,-175.68,-141.52
-92.72,-48.8,43.92,73.2,-68.32,-4.88,112.24,107.36,9.76,-97.6,-185.44,-141.52
-92.72,-48.8,43.92,73.2,-68.32,-4.88,107.36,112.24,9.76,-92.72,-185.44,-156.16
-107.36,-48.8,58.56,78.08,-82.96,4.88,107.36,112.24,9.76,-107.36,-195.2,-161.04
-92.72,-43.92,48.8,68.32,-73.2,0,102.48,112.24,9.76,-112.24,-200.08,-161.04
-82.96,-43.92,39.04,63.44,-63.44,-4.88,102.48,117.12,9.76,-112.24,-190.32,-146.4
-82.96,-48.8,34.16,68.32,-58.56,-9.76,102.48,117.12,9.76,-117.12,-185.44,-146.4
-78.08,-48.8,29.28,63.44,-53.68,-9.76,107.36,117.12,14.64,-112.24,-185.44,-146.4
-78.08,-48.8,29.28,63.44,-53.68,-9.76,112.24,122,14.64,-102.48,-185.44,-151.28
-107.36,-53.68,53.68,82.96,-82.96,0,112.24,122,19.52,-102.48,-200.08,-156.16
-112.24,-58.56,53.68,87.84,-82.96,-4.88,117.12,126.88,19.52,-107.36,-200.08,-156.16
-112.24,-58.56,53.68,87.84,-82.96,-4.88,112.24,126.88,19.52,-112.24,-200.08,-156.16
-107.36,-58.56,48.8,82.96,-78.08,-4.88,107.36,126.88,19.52,-117.12,-200.08,-156.16
-97.6,-48.8,48.8,73.2,-73.2,0,107.36,122,9.76,-122,-204.96,-161.04
-102.48,-63.44,39.04,82.96,-73.2,-14.64,97.6,117.12,14.64,-122,-204.96,-161.04
-102.48,-73.2,29.28,87.84,-68.32,-24.4,82.96,112.24,14.64,-122,-209.84,-165.92
-112.24,-78.08,34.16,97.6,-73.2,-24.4,73.2,107.36,19.52,-122,-214.72,-180.56
-112.24,-68.32,43.92,92.72,-78.08,-14.64,78.08,112.24,14.64,-112.24,-204.96,-180.56
-112.24,-63.44,48.8,87.84,-82.96,-9.76,87.84,117.12,19.52,-112.24,-204.96,-175.68
-122,-58.56,63.44,92.72,-92.72,0,87.84,122,19.52,-112.24,-214.72,-170.8
-122,-53.68,68.32,87.84,-97.6,4.88,78.08,122,24.4,-112.24,-219.6,-165.92
-97.6,-43.92,53.68,73.2,-78.08,4.88,87.84,122,19.52,-122,-209.84,-161.04
-107.36,-39.04,68.32,73.2,-87.84,14.64,87.84,126.88,19.52,-122,-214.72,-170.8
-107.36,-34.16,73.2,73.2,-92.72,19.52,87.84,131.76,19.52,-122,-214.72,-180.56
-107.36,-34.16,73.2,73.2,-92.72,19.52,92.72,131.76,24.4,-122,-219.6,-180.56
-136.64,-43.92,92.72,92.72,-117.12,24.4,97.6,141.52,29.28,-112.24,-229.36,-185.44
-146.4,-48.8,97.6,97.6,-122,24.4,107.36,151.28,29.28,-122,-234.24,-190.32
-146.4,-53.68,92.72,102.48,-122,19.52,107.36,161.04,29.28,-122,-234.24,-190.32
-141.52,-58.56,82.96,102.48,-112.24,9.76,112.24,161.04,29.28,-122,-234.24,-195.2
-141.52,-53.68,87.84,97.6,-117.12,14.64,107.36,165.92,34.16,-126.88,-248.88,-209.84
-141.52,-53.68,87.84,97.6,-117.12,14.64,112.24,165.92,34.16,-131.76,-253.76,-214.72
-141.52,-48.8,92.72,97.6,-117.12,19.52,122,170.8,34.16,-136.64,-258.64,-219.6
-141.52,-48.8,92.72,97.6,-117.12,19.52,122,170.8,29.28,-146.4,-268.4,-224.48
-146.4,-63.44,82.96,107.36,-117.12,9.76,136.64,185.44,39.04,-146.4,-273.28,-224.48
-156.16,-68.32,87.84,112.24,-122,9.76,136.64,190.32,39.04,-146.4,-278.16,-234.24
-165.92,-68.32,97.6,117.12,-131.76,14.64,141.52,195.2,39.04,-146.4,-287.92,-239.12
-170.8,-73.2,97.6,122,-136.64,9.76,146.4,200.08,39.04,-156.16,-297.68,-248.88
-170.8,-78.08,92.72,126.88,-131.76,4.88,161.04,214.72,48.8,-146.4,-292.8,-248.88
-175.68,-78.08,97.6,126.88,-136.64,9.76,170.8,224.48,53.68,-146.4,-307.44,-263.52
-180.56,-82.96,97.6,131.76,-141.52,4.88,180.56,234.24,53.68,-165.92,-326.96,-273.28
-180.56,-82.96,97.6,131.76,-141.52,4.88,185.44,244,53.68,-180.56,-341.6,-283.04
-170.8,-87.84,82.96,131.76,-126.88,-4.88,200.08,248.88,58.56,-185.44,-346.48,-302.56
-185.44,-92.72,92.72,141.52,-141.52,0,204.96,248.88,53.68,-195.2,-361.12,-312.32
-185.44,-102.48,82.96,146.4,-136.64,-9.76,209.84,253.76,53.68,-200.08,-370.88,-322.08
-185.44,-102.48,82.96,146.4,-136.64,-9.76,214.72,253.76,43.92,-209.84,-385.52,-326.96
-200.08,-117.12,82.96,161.04,-141.52,-19.52,219.6,253.76,19.52,-229.36,-414.8,-361.12
-219.6,-126.88,92.72,175.68,-156.16,-19.52,224.48,253.76,19.52,-253.76,-434.32,-380.64
-219.6,-131.76,87.84,175.68,-156.16,-24.4,229.36,263.52,14.64,-258.64,-444.08,-385.52
-219.6,-136.64,82.96,180.56,-151.28,-29.28,239.12,268.4,9.76,-268.4,-448.96,-395.28
-248.88,-141.52,107.36,195.2,-180.56,-19.52,253.76,268.4,4.88,-287.92,-473.36,-414.8
-258.64,-151.28,107.36,204.96,-185.44,-24.4,258.64,268.4,-4.88,-297.68,-502.64,-434.32
-273.28,-156.16,117.12,214.72,-195.2,-19.52,258.64,268.4,-19.52,-307.44,-531.92,-448.96
-283.04,-170.8,112.24,229.36,-200.08,-29.28,258.64,268.4,-24.4,-336.72,-556.32,-458.72
-292.8,-161.04,131.76,229.36,-214.72,-14.64,268.4,253.76,-43.92,-361.12,-566.08,-473.36
-258.64,-161.04,97.6,209.84,-180.56,-34.16,273.28,248.88,-48.8,-370.88,-580.72,-488
-253.76,-161.04,92.72,209.84,-175.68,-34.16,278.16,244,-53.68,-390.4,-605.12,-497.76
-273.28,-161.04,112.24,219.6,-195.2,-24.4,278.16,229.36,-73.2,-395.28,-624.64,-517.28
-312.32,-175.68,136.64,244,-224.48,-19.52,283.04,234.24,-92.72,-409.92,-629.52,-536.8
-322.08,-180.56,141.52,253.76,-234.24,-19.52,287.92,239.12,-92.72,-424.56,-649.04,-541.68
-331.84,-185.44,146.4,258.64,-239.12,-19.52,292.8,239.12,-87.84,-429.44,-668.56,-546.56
-331.84,-190.32,141.52,263.52,-239.12,-24.4,297.68,239.12,-87.84,-429.44,-673.44,-551.44
-326.96,-195.2,131.76,263.52,-229.36,-34.16,297.68,234.24,-102.48,-434.32,-683.2,-561.2
-336.72,-200.08,136.64,268.4,-239.12,-34.16,302.56,224.48,-107.36,-439.2,-688.08,-566.08
-351.36,-200.08,151.28,278.16,-253.76,-24.4,302.56,214.72,-107.36,-444.08,-697.84,-570.96
-370.88,-195.2,175.68,283.04,-273.28,-9.76,292.8,209.84,-112.24,-448.96,-702.72,-575.84
-370.88,-204.96,165.92,287.92,-268.4,-19.52,292.8,195.2,-131.76,-463.6,-712.48,-585.6
-366,-204.96,161.04,287.92,-263.52,-24.4,292.8,190.32,-141.52,-468.48,-717.36,-580.72
-366,-204.96,161.04,287.92,-263.52,-24.4,292.8,190.32,-156.16,-473.36,-702.72,-580.72
-356.24,-200.08,156.16,278.16,-258.64,-24.4,283.04,195.2,-161.04,-463.6,-697.84,-570.96
-351.36,-175.68,175.68,263.52,-263.52,0,292.8,195.2,-156.16,-463.6,-702.72,-570.96
-351.36,-175.68,175.68,263.52,-263.52,0,273.28,190.32,-156.16,-453.84,-692.96,-561.2
-351.36,-175.68,175.68,263.52,-263.52,0,273.28,180.56,-146.4,-448.96,-678.32,-551.44
-351.36,-175.68,175.68,263.52,-263.52,0,268.4,161.04,-141.52,-444.08,-678.32,-536.8
-351.36,-180.56,170.8,268.4,-263.52,-4.88,273.28,151.28,-141.52,-444.08,-658.8,-527.04
-336.72,-175.68,161.04,258.64,-248.88,-9.76,263.52,146.4,-131.76,-429.44,-639.28,-512.4
-331.84,-170.8,161.04,253.76,-248.88,-4.88,253.76,146.4,-126.88,-409.92,-619.76,-507.52
-317.2,-170.8,146.4,244,-234.24,-14.64,244,136.64,-122,-390.4,-605.12,-497.76
-307.44,-170.8,136.64,239.12,-224.48,-19.52,248.88,136.64,-107.36,-370.88,-575.84,-478.24
-297.68,-161.04,136.64,229.36,-219.6,-14.64,234.24,136.64,-102.48,-356.24,-551.44,-458.72
-278.16,-146.4,131.76,214.72,-204.96,-9.76,229.36,131.76,-97.6,-351.36,-541.68,-439.2
-253.76,-136.64,117.12,195.2,-185.44,-9.76,229.36,126.88,-92.72,-331.84,-522.16,-414.8
-234.24,-131.76,102.48,185.44,-170.8,-14.64,224.48,122,-78.08,-297.68,-478.24,-370.88
-229.36,-122,107.36,175.68,-170.8,-9.76,214.72,122,-68.32,-273.28,-444.08,-351.36
-219.6,-117.12,102.48,170.8,-161.04,-9.76,204.96,122,-58.56,-253.76,-409.92,-336.72
-219.6,-102.48,117.12,161.04,-170.8,4.88,200.08,126.88,-48.8,-229.36,-380.64,-317.2
-200.08,-92.72,107.36,146.4,-156.16,4.88,180.56,117.12,-34.16,-204.96,-351.36,-292.8
-175.68,-82.96,92.72,131.76,-136.64,4.88,161.04,107.36,-29.28,-195.2,-322.08,-273.28
-156.16,-82.96,73.2,122,-117.12,-4.88,146.4,102.48,-29.28,-185.44,-307.44,-253.76
-131.76,-82.96,48.8,107.36,-92.72,-19.52,136.64,97.6,-29.28,-185.44,-292.8,-234.24
-122,-73.2,48.8,97.6,-87.84,-14.64,112.24,78.08,-14.64,-165.92,-258.64,-209.84
-112.24,-68.32,43.92,92.72,-78.08,-14.64,107.36,63.44,-9.76,-141.52,-234.24,-185.44
-112.24,-63.44,48.8,87.84,-82.96,-9.76,92.72,53.68,-4.88,-117.12,-214.72,-165.92
-97.6,-58.56,39.04,78.08,-68.32,-9.76,78.08,48.8,-9.76,-107.36,-200.08,-146.4
-68.32,-43.92,24.4,58.56,-48.8,-9.76,63.44,48.8,9.76,-78.08,-161.04,-122
-58.56,-34.16,24.4,48.8,-43.92,-4.88,63.44,48.8,14.64,-73.2,-136.64,-107.36
-48.8,-29.28,19.52,39.04,-34.16,-4.88,63.44,48.8,14.64,-68.32,-122,-87.84
-48.8,-24.4,24.4,39.04,-39.04,0,58.56,43.92,14.64,-63.44,-112.24,-82.96
-19.52,-4.88,14.64,14.64,-19.52,4.88,43.92,39.04,19.52,-48.8,-82.96,-73.2
-9.76,-4.88,4.88,9.76,-9.76,0,24.4,34.16,19.52,-24.4,-58.56,-58.56
0,0,0,0,0,0,14.64,29.28,24.4,-14.64,-48.8,-39.04
9.76,4.88,-4.88,-4.88,4.88,0,4.88,14.64,29.28,0,-29.28,-19.52
4.88,4.88,0,-4.88,0,0,-9.76,9.76,19.52,9.76,-14.64,-9.76
19.52,4.88,-14.64,-9.76,14.64,-4.88,-14.64,4.88,19.52,9.76,-9.76,-4.88
29.28,4.88,-24.4,-14.64,24.4,-9.76,-19.52,4.88,19.52,9.76,-14.64,0
34.16,0,-34.16,-14.64,34.16,-19.52,-9.76,0,24.4,14.64,-9.76,4.88
24.4,-9.76,-34.16,-4.88,29.28,-24.4,-19.52,-4.88,34.16,24.4,0,4.88
24.4,0,-24.4,-9.76,24.4,-14.64,-19.52,0,29.28,19.52,14.64,14.64
29.28,4.88,-24.4,-14.64,24.4,-9.76,-24.4,-4.88,29.28,19.52,24.4,19.52
43.92,4.88,-39.04,-24.4,39.04,-19.52,-34.16,-14.64,34.16,24.4,29.28,19.52
43.92,4.88,-39.04,-24.4,39.04,-19.52,-29.28,-14.64,24.4,24.4,29.28,29.28
39.04,4.88,-34.16,-19.52,34.16,-14.64,-29.28,-14.64,24.4,34.16,29.28,29.28
19.52,4.88,-14.64,-9.76,14.64,-4.88,-34.16,-14.64,29.28,39.04,29.28,29.28
24.4,4.88,-19.52,-14.64,19.52,-9.76,-34.16,-9.76,34.16,39.04,24.4,24.4
39.04,4.88,-34.16,-19.52,34.16,-14.64,-29.28,-4.88,34.16,39.04,29.28,24.4
43.92,9.76,-34.16,-24.4,39.04,-14.64,-24.4,-4.88,43.92,43.92,48.8,39.04
43.92,14.64,-29.28,-29.28,34.16,-9.76,-24.4,4.88,43.92,43.92,53.68,39.04
43.92,14.64,-29.28,-29.28,34.16,-9.76,-24.4,-4.88,39.04,43.92,58.56,39.04
48.8,9.76,-39.04,-29.28,43.92,-14.64,-34.16,-14.64,43.92,43.92,58.56,39.04
39.04,9.76,-29.28,-24.4,34.16,-9.76,-29.28,-14.64,39.04,43.92,53.68,39.04
34.16,9.76,-24.4,-19.52,29.28,-9.76,-29.28,-19.52,34.16,43.92,39.04,39.04
34.16,9.76,-24.4,-19.52,29.28,-9.76,-29.28,-19.52,34.16,48.8,39.04,39.04
34.16,14.64,-19.52,-24.4,24.4,-4.88,-29.28,-19.52,29.28,48.8,53.68,48.8
29.28,14.64,-14.64,-19.52,19.52,0,-29.28,-14.64,34.16,48.8,53.68,48.8
29.28,19.52,-9.76,-24.4,19.52,4.88,-29.28,-14.64,34.16,48.8,53.68,43.92
29.28,34.16,4.88,-29.28,9.76,19.52,-29.28,-14.64,34.16,53.68,58.56,43.92
34.16,29.28,-4.88,-29.28,19.52,9.76,-48.8,-24.4,29.28,53.68,53.68,39.04
34.16,19.52,-14.64,-24.4,24.4,0,-48.8,-29.28,29.28,48.8,53.68,39.04
34.16,14.64,-19.52,-24.4,24.4,-4.88,-39.04,-29.28,29.28,43.92,53.68,43.92
39.04,9.76,-29.28,-24.4,34.16,-9.76,-48.8,-34.16,29.28,39.04,63.44,48.8
24.4,0,-24.4,-9.76,24.4,-14.64,-48.8,-34.16,29.28,43.92,68.32,43.92
19.52,9.76,-9.76,-14.64,14.64,0,-39.04,-29.28,34.16,48.8,73.2,43.92
14.64,19.52,4.88,-14.64,4.88,9.76,-29.28,-14.64,39.04,58.56,73.2,43.92
14.64,19.52,4.88,-14.64,4.88,9.76,-29.28,-9.76,43.92,63.44,68.32,43.92
4.88,14.64,9.76,-9.76,-4.88,9.76,-29.28,0,43.92,73.2,68.32,53.68
-4.88,9.76,14.64,0,-9.76,9.76,-29.28,0,48.8,73.2,73.2,53.68
-4.88,-4.88,0,4.88,-4.88,-4.88,-29.28,0,53.68,73.2,73.2,53.68
0,-9.76,-9.76,4.88,4.88,-9.76,-24.4,9.76,53.68,68.32,73.2,53.68
14.64,4.88,-9.76,-9.76,9.76,-4.88,-14.64,14.64,63.44,78.08,82.96,63.44
24.4,14.64,-9.76,-19.52,14.64,0,-9.76,14.64,68.32,73.2,78.08,73.2
29.28,24.4,-4.88,-24.4,14.64,9.76,-9.76,14.64,68.32,68.32,73.2,58.56
34.16,34.16,0,-34.16,14.64,14.64,-9.76,19.52,68.32,68.32,58.56,53.68
34.16,39.04,4.88,-34.16,14.64,19.52,4.88,29.28,68.32,87.84,63.44,53.68
24.4,39.04,14.64,-29.28,4.88,24.4,9.76,34.16,73.2,87.84,73.2,53.68
24.4,39.04,14.64,-29.28,4.88,24.4,14.64,39.04,78.08,82.96,78.08,58.56
24.4,39.04,14.64,-29.28,4.88,24.4,9.76,39.04,78.08,73.2,87.84,53.68
24.4,24.4,0,-24.4,9.76,9.76,4.88,29.28,78.08,73.2,78.08,48.8
34.16,19.52,-14.64,-24.4,24.4,0,4.88,29.28,78.08,73.2,78.08,48.8
19.52,14.64,-4.88,-14.64,9.76,4.88,4.88,29.28,78.08,73.2,73.2,48.8
0,4.88,4.88,0,-4.88,4.88,4.88,29.28,78.08,73.2,73.2,48.8
0,14.64,14.64,-4.88,-9.76,14.64,9.76,39.04,87.84,78.08,73.2,48.8
-4.88,14.64,19.52,-4.88,-14.64,14.64,9.76,43.92,82.96,78.08,73.2,48.8
0,14.64,14.64,-4.88,-9.76,14.64,14.64,48.8,82.96,78.08,73.2,43.92
9.76,14.64,4.88,-9.76,0,9.76,24.4,53.68,82.96,78.08,68.32,39.04
19.52,24.4,4.88,-19.52,4.88,14.64,34.16,53.68,92.72,73.2,73.2,39.04
19.52,24.4,4.88,-19.52,4.88,14.64,29.28,53.68,97.6,82.96,68.32,43.92
24.4,19.52,-4.88,-19.52,14.64,4.88,29.28,53.68,97.6,82.96,68.32,48.8
39.04,9.76,-29.28,-24.4,34.16,-9.76,29.28,48.8,92.72,78.08,68.32,53.68
39.04,19.52,-19.52,-29.28,29.28,0,24.4,48.8,102.48,68.32,58.56,53.68
29.28,29.28,0,-29.28,14.64,14.64,24.4,53.68,97.6,73.2,68.32,48.8
9.76,19.52,9.76,-14.64,0,14.64,24.4,58.56,92.72,78.08,68.32,43.92
19.52,19.52,0,-19.52,9.76,9.76,24.4,63.44,92.72,82.96,68.32,39.04
9.76,19.52,9.76,-14.64,0,14.64,9.76,48.8,92.72,73.2,63.44,39.04
9.76,14.64,4.88,-9.76,0,9.76,4.88,48.8,87.84,68.32,58.56,34.16
9.76,4.88,-4.88,-4.88,4.88,0,4.88,48.8,82.96,63.44,53.68,29.28
9.76,19.52,9.76,-14.64,0,14.64,4.88,43.92,78.08,58.56,53.68,29.28
14.64,14.64,0,-14.64,4.88,4.88,-4.88,39.04,73.2,68.32,53.68,24.4
19.52,14.64,-4.88,-14.64,9.76,4.88,-4.88,34.16,68.32,58.56,43.92,19.52
29.28,4.88,-24.4,-14.64,24.4,-9.76,-14.64,29.28,63.44,53.68,39.04,14.64
34.16,4.88,-29.28,-19.52,29.28,-14.64,-19.52,29.28,58.56,53.68,39.04,14.64
24.4,24.4,0,-24.4,9.76,9.76,-14.64,34.16,68.32,48.8,34.16,14.64
19.52,14.64,-4.88,-14.64,9.76,4.88,-14.64,39.04,73.2,48.8,34.16,19.52
19.52,14.64,-4.88,-14.64,9.76,4.88,-9.76,43.92,73.2,53.68,29.28,19.52
24.4,14.64,-9.76,-19.52,14.64,0,-9.76,48.8,73.2,53.68,29.28,29.28
24.4,14.64,-9.76,-19.52,14.64,0,0,48.8,73.2,43.92,24.4,24.4
14.64,9.76,-4.88,-9.76,9.76,0,0,48.8,68.32,53.68,29.28,24.4
0,9.76,9.76,-4.88,-4.88,9.76,0,48.8,68.32,43.92,29.28,19.52
-9.76,9.76,19.52,0,-14.64,14.64,-4.88,43.92,68.32,43.92,29.28,24.4
9.76,19.52,9.76,-14.64,0,14.64,0,43.92,68.32,53.68,29.28,24.4
9.76,24.4,14.64,-14.64,-4.88,19.52,0,43.92,68.32,53.68,29.28,19.52
9.76,29.28,19.52,-19.52,-4.88,24.4,4.88,48.8,68.32,43.92,29.28,19.52
0,34.16,34.16,-14.64,-19.52,34.16,4.88,53.68,73.2,39.04,29.28,14.64
-14.64,24.4,39.04,-4.88,-29.28,29.28,-4.88,43.92,63.44,48.8,29.28,14.64
-14.64,24.4,39.04,-4.88,-29.28,29.28,0,43.92,63.44,53.68,34.16,14.64
-14.64,34.16,48.8,-9.76,-34.16,39.04,0,43.92,63.44,53.68,39.04,19.52
-24.4,34.16,58.56,-4.88,-43.92,43.92,0,39.04,63.44,63.44,48.8,29.28
-24.4,34.16,58.56,-4.88,-43.92,43.92,-9.76,34.16,53.68,58.56,48.8,19.52
-14.64,24.4,39.04,-4.88,-29.28,29.28,-19.52,24.4,48.8,53.68,43.92,14.64
-4.88,24.4,29.28,-9.76,-19.52,24.4,-9.76,19.52,48.8,34.16,34.16,14.64
-14.64,24.4,39.04,-4.88,-29.28,29.28,-9.76,14.64,48.8,48.8,19.52,19.52
-29.28,14.64,43.92,9.76,-39.04,29.28,-4.88,19.52,39.04,39.04,9.76,9.76
-19.52,14.64,34.16,4.88,-29.28,24.4,-4.88,24.4,39.04,39.04,9.76,4.88
-24.4,19.52,43.92,4.88,-34.16,29.28,-4.88,29.28,43.92,43.92,24.4,4.88
-34.16,24.4,58.56,4.88,-48.8,39.04,-9.76,34.16,43.92,43.92,39.04,0
-34.16,19.52,53.68,9.76,-43.92,34.16,-19.52,34.16,43.92,43.92,39.04,9.76
-34.16,9.76,43.92,14.64,-39.04,24.4,-19.52,29.28,39.04,39.04,34.16,0
-34.16,4.88,39.04,14.64,-39.04,19.52,-14.64,19.52,39.04,39.04,14.64,0
-29.28,0,29.28,14.64,-29.28,14.64,-9.76,14.64,39.04,39.04,9.76,0
-24.4,4.88,29.28,9.76,-29.28,14.64,-9.76,14.64,34.16,34.16,4.88,0
-19.52,4.88,24.4,9.76,-24.4,14.64,-9.76,9.76,34.16,29.28,9.76,0
-14.64,9.76,24.4,4.88,-19.52,14.64,-9.76,4.88,34.16,39.04,14.64,9.76
-14.64,9.76,24.4,4.88,-19.52,14.64,-14.64,0,34.16,34.16,34.16,9.76
-4.88,9.76,14.64,0,-9.76,9.76,-24.4,9.76,34.16,34.16,19.52,0
0,9.76,9.76,-4.88,-4.88,9.76,-19.52,0,34.16,34.16,14.64,0
9.76,9.76,0,-9.76,4.88,4.88,-14.64,0,29.28,19.52,14.64,-4.88
9.76,4.88,-4.88,-4.88,4.88,0,-14.64,9.76,29.28,14.64,9.76,-14.64
9.76,0,-9.76,-4.88,9.76,-4.88,-14.64,9.76,34.16,24.4,14.64,-9.76
9.76,-4.88,-14.64,0,9.76,-9.76,-24.4,9.76,34.16,24.4,19.52,-4.88
4.88,0,-4.88,0,4.88,-4.88,-19.52,9.76,34.16,34.16,24.4,4.88
4.88,-4.88,-9.76,0,4.88,-9.76,-9.76,9.76,39.04,43.92,29.28,19.52
4.88,-14.64,-19.52,4.88,9.76,-19.52,-9.76,0,29.28,39.04,34.16,19.52
0,-29.28,-29.28,14.64,14.64,-29.28,-9.76,-4.88,29.28,34.16,29.28,14.64
-9.76,-29.28,-19.52,19.52,4.88,-24.4,-19.52,-4.88,29.28,29.28,24.4,9.76
-34.16,-14.64,19.52,24.4,-29.28,0,-9.76,-4.88,29.28,24.4,14.64,4.88
-34.16,-24.4,9.76,29.28,-24.4,-9.76,0,4.88,39.04,34.16,24.4,4.88
-14.64,-19.52,-4.88,19.52,-4.88,-14.64,-9.76,4.88,34.16,29.28,24.4,4.88
-9.76,-19.52,-9.76,14.64,0,-14.64,-9.76,4.88,34.16,29.28,24.4,0
-9.76,-19.52,-9.76,14.64,0,-14.64,-4.88,0,34.16,34.16,24.4,0
0,-9.76,-9.76,4.88,4.88,-9.76,0,9.76,43.92,29.28,43.92,4.88
0,-4.88,-4.88,4.88,0,-4.88,4.88,9.76,39.04,34.16,43.92,14.64
-14.64,-4.88,9.76,9.76,-14.64,0,9.76,9.76,39.04,39.04,34.16,19.52
-14.64,-14.64,0,14.64,-9.76,-9.76,14.64,9.76,39.04,39.04,34.16,19.52
-9.76,-14.64,-4.88,14.64,-4.88,-9.76,19.52,4.88,48.8,43.92,29.28,24.4
-9.76,-9.76,0,9.76,-4.88,-4.88,19.52,9.76,48.8,48.8,34.16,24.4
9.76,-4.88,-14.64,0,9.76,-9.76,19.52,14.64,43.92,53.68,39.04,24.4
-4.88,0,4.88,4.88,-4.88,0,14.64,19.52,43.92,43.92,43.92,9.76
0,9.76,9.76,-4.88,-4.88,9.76,19.52,24.4,53.68,53.68,58.56,19.52
9.76,24.4,14.64,-14.64,-4.88,19.52,29.28,29.28,58.56,58.56,63.44,29.28
14.64,29.28,14.64,-19.52,0,19.52,34.16,34.16,63.44,68.32,68.32,34.16
4.88,29.28,24.4,-14.64,-9.76,24.4,39.04,39.04,68.32,73.2,68.32,34.16
0,24.4,24.4,-9.76,-14.64,24.4,29.28,29.28,53.68,63.44,68.32,43.92
0,19.52,19.52,-9.76,-9.76,19.52,29.28,29.28,53.68,63.44,63.44,39.04
-4.88,14.64,19.52,-4.88,-14.64,14.64,29.28,29.28,53.68,58.56,63.44,34.16
-14.64,9.76,24.4,4.88,-19.52,14.64,29.28,29.28,53.68,58.56,63.44,34.16
-14.64,14.64,29.28,0,-24.4,19.52,39.04,34.16,58.56,63.44,63.44,48.8
0,14.64,14.64,-4.88,-9.76,14.64,43.92,39.04,68.32,68.32,73.2,48.8
0,4.88,4.88,0,-4.88,4.88,43.92,43.92,73.2,73.2,73.2,48.8
0,0,0,0,0,0,34.16,43.92,78.08,78.08,68.32,48.8
29.28,29.28,0,-29.28,14.64,14.64,29.28,39.04,78.08,78.08,82.96,48.8
58.56,48.8,-9.76,-53.68,34.16,19.52,39.04,39.04,78.08,87.84,87.84,58.56
43.92,43.92,0,-43.92,19.52,19.52,34.16,34.16,73.2,82.96,82.96,48.8
39.04,39.04,0,-39.04,19.52,19.52,29.28,29.28,68.32,78.08,78.08,48.8
34.16,34.16,0,-34.16,14.64,14.64,24.4,24.4,63.44,73.2,73.2,48.8
29.28,29.28,0,-29.28,14.64,14.64,19.52,19.52,58.56,68.32,68.32,48.8
24.4,39.04,14.64,-29.28,4.88,24.4,19.52,9.76,58.56,68.32,78.08,48.8
19.52,39.04,19.52,-29.28,0,29.28,19.52,9.76,58.56,68.32,78.08,48.8
14.64,39.04,24.4,-24.4,-4.88,29.28,19.52,9.76,58.56,68.32,78.08,48.8
9.76,39.04,29.28,-24.4,-9.76,34.16,19.52,9.76,58.56,68.32,78.08,48.8
0,48.8,48.8,-24.4,-24.4,48.8,19.52,19.52,58.56,78.08,78.08,48.8
0,48.8,48.8,-24.4,-24.4,48.8,19.52,19.52,58.56,78.08,78.08,48.8
0,48.8,48.8,-24.4,-24.4,48.8,19.52,19.52,58.56,78.08,78.08,48.8
0,48.8,48.8,-24.4,-24.4,48.8,19.52,19.52,58.56,78.08,78.08,48.8
0,53.68,53.68,-24.4,-29.28,53.68,9.76,9.76,58.56,87.84,87.84,58.56
0,58.56,58.56,-29.28,-29.28,58.56,9.76,9.76,58.56,87.84,87.84,58.56
0,63.44,63.44,-29.28,-34.16,63.44,9.76,9.76,58.56,87.84,87.84,58.56
0,68.32,68.32,-34.16,-34.16,68.32,9.76,9.76,58.56,87.84,87.84,58.56
-9.76,63.44,73.2,-24.4,-43.92,68.32,0,9.76,68.32,92.72,97.6,68.32
-9.76,58.56,68.32,-24.4,-39.04,63.44,0,9.76,68.32,97.6,97.6,68.32
-9.76,53.68,63.44,-19.52,-39.04,58.56,0,9.76,68.32,102.48,97.6,68.32
-9.76,48.8,58.56,-19.52,-34.16,53.68,0,9.76,68.32,107.36,97.6,68.32
0,63.44,63.44,-29.28,-34.16,63.44,-9.76,0,68.32,97.6,97.6,68.32
0,68.32,68.32,-34.16,-34.16,68.32,-9.76,0,68.32,97.6,97.6,68.32
0,73.2,73.2,-34.16,-39.04,73.2,-9.76,0,68.32,97.6,97.6,68.32
0,78.08,78.08,-39.04,-39.04,78.08,-9.76,0,68.32,97.6,97.6,68.32
0,78.08,78.08,-39.04,-39.04,78.08,-9.76,9.76,58.56,87.84,87.84,68.32
0,78.08,78.08,-39.04,-39.04,78.08,-9.76,9.76,58.56,87.84,87.84,68.32
0,78.08,78.08,-39.04,-39.04,78.08,-9.76,9.76,58.56,87.84,87.84,68.32
0,78.08,78.08,-39.04,-39.04,78.08,-9.76,9.76,58.56,87.84,87.84,68.32
-9.76,68.32,78.08,-29.28,-43.92,73.2,-19.52,4.88,53.68,82.96,82.96,63.44
-9.76,58.56,68.32,-24.4,-39.04,63.44,-19.52,0,48.8,78.08,78.08,58.56
-9.76,48.8,58.56,-19.52,-34.16,53.68,-19.52,-4.88,43.92,73.2,73.2,53.68
-9.76,39.04,48.8,-14.64,-29.28,43.92,-19.52,-9.76,39.04,68.32,68.32,48.8
-14.64,29.28,43.92,-4.88,-29.28,34.16,-29.28,-14.64,34.16,53.68,63.44,39.04
-9.76,19.52,29.28,-4.88,-19.52,24.4,-29.28,-14.64,34.16,58.56,68.32,39.04
-14.64,0,14.64,9.76,-14.64,4.88,-29.28,-19.52,29.28,53.68,63.44,39.04
-19.52,-9.76,9.76,14.64,-14.64,0,-24.4,-24.4,24.4,48.8,58.56,39.04
-14.64,0,14.64,9.76,-14.64,4.88,-19.52,-19.52,34.16,58.56,68.32,43.92
-14.64,0,14.64,9.76,-14.64,4.88,-19.52,-29.28,24.4,58.56,68.32,43.92
-9.76,0,9.76,4.88,-9.76,4.88,-19.52,-19.52,34.16,58.56,63.44,39.04
-4.88,0,4.88,4.88,-4.88,0,-24.4,-19.52,34.16,58.56,63.44,39.04
-14.64,4.88,19.52,4.88,-19.52,9.76,-24.4,-29.28,39.04,58.56,68.32,39.04
-14.64,-4.88,9.76,9.76,-14.64,0,-24.4,-29.28,34.16,58.56,68.32,39.04
-9.76,4.88,14.64,4.88,-14.64,9.76,-24.4,-24.4,34.16,58.56,68.32,39.04
-9.76,9.76,19.52,0,-14.64,14.64,-24.4,-24.4,39.04,58.56,78.08,43.92
-9.76,4.88,14.64,4.88,-14.64,9.76,-29.28,-24.4,29.28,53.68,58.56,34.16
-4.88,4.88,9.76,0,-9.76,4.88,-29.28,-29.28,29.28,48.8,58.56,39.04
-4.88,-4.88,0,4.88,-4.88,-4.88,-19.52,-29.28,34.16,48.8,63.44,39.04
-9.76,-4.88,4.88,9.76,-9.76,0,-19.52,-29.28,34.16,43.92,63.44,39.04
-19.52,-4.88,14.64,14.64,-19.52,4.88,-14.64,-19.52,43.92,48.8,68.32,48.8
-9.76,4.88,14.64,4.88,-14.64,9.76,-9.76,-14.64,43.92,53.68,68.32,48.8
-24.4,4.88,29.28,9.76,-29.28,14.64,-4.88,-9.76,43.92,58.56,68.32,48.8
-24.4,14.64,39.04,4.88,-34.16,24.4,0,-4.88,43.92,68.32,68.32,48.8
-29.28,4.88,34.16,14.64,-34.16,19.52,9.76,-4.88,43.92,58.56,63.44,48.8
-29.28,0,29.28,14.64,-29.28,14.64,4.88,-4.88,48.8,58.56,63.44,43.92
-24.4,-4.88,19.52,14.64,-24.4,4.88,0,-4.88,48.8,53.68,53.68,43.92
-19.52,-4.88,14.64,14.64,-19.52,4.88,0,0,48.8,53.68,63.44,43.92
-14.64,4.88,19.52,4.88,-19.52,9.76,9.76,-4.88,39.04,53.68,53.68,39.04
-9.76,4.88,14.64,4.88,-14.64,9.76,14.64,-4.88,43.92,58.56,53.68,43.92
-9.76,4.88,14.64,4.88,-14.64,9.76,14.64,-4.88,43.92,58.56,63.44,43.92
-4.88,4.88,9.76,0,-9.76,4.88,9.76,-9.76,43.92,58.56,63.44,43.92
-4.88,19.52,24.4,-4.88,-14.64,19.52,19.52,0,53.68,68.32,63.44,43.92
-4.88,19.52,24.4,-4.88,-14.64,19.52,14.64,0,48.8,68.32,68.32,43.92
-9.76,19.52,29.28,-4.88,-19.52,24.4,14.64,0,48.8,68.32,73.2,43.92
-24.4,19.52,43.92,4.88,-34.16,29.28,14.64,0,43.92,73.2,92.72,48.8
-4.88,34.16,39.04,-14.64,-24.4,34.16,29.28,0,43.92,73.2,82.96,58.56
-4.88,34.16,39.04,-14.64,-24.4,34.16,29.28,-4.88,43.92,73.2,73.2,58.56
-4.88,34.16,39.04,-14.64,-24.4,34.16,24.4,-9.76,43.92,73.2,73.2,58.56
-4.88,34.16,39.04,-14.64,-24.4,34.16,19.52,-14.64,43.92,73.2,73.2,53.68
0,29.28,29.28,-14.64,-14.64,29.28,9.76,-14.64,39.04,63.44,73.2,53.68
0,29.28,29.28,-14.64,-14.64,29.28,4.88,-14.64,39.04,63.44,73.2,53.68
0,24.4,24.4,-9.76,-14.64,24.4,4.88,-14.64,39.04,68.32,73.2,53.68
0,14.64,14.64,-4.88,-9.76,14.64,4.88,-14.64,39.04,68.32,73.2,53.68
9.76,29.28,19.52,-19.52,-4.88,24.4,14.64,-4.88,48.8,78.08,78.08,63.44
14.64,34.16,19.52,-24.4,-4.88,24.4,4.88,-4.88,48.8,68.32,73.2,58.56
14.64,39.04,24.4,-24.4,-4.88,29.28,14.64,-4.88,48.8,68.32,78.08,58.56
14.64,29.28,14.64,-19.52,0,19.52,14.64,-4.88,48.8,73.2,82.96,58.56
4.88,29.28,24.4,-14.64,-9.76,24.4,4.88,-14.64,39.04,68.32,82.96,53.68
4.88,39.04,34.16,-19.52,-14.64,34.16,4.88,-19.52,39.04,63.44,78.08,53.68
9.76,39.04,29.28,-24.4,-9.76,34.16,4.88,-19.52,39.04,58.56,73.2,58.56
14.64,39.04,24.4,-24.4,-4.88,29.28,0,-19.52,39.04,58.56,68.32,58.56
29.28,53.68,24.4,-39.04,0,39.04,4.88,-4.88,48.8,73.2,82.96,63.44
34.16,53.68,19.52,-43.92,4.88,34.16,9.76,0,53.68,68.32,87.84,68.32
39.04,58.56,19.52,-48.8,9.76,39.04,19.52,4.88,58.56,82.96,92.72,73.2
43.92,58.56,14.64,-48.8,14.64,34.16,24.4,9.76,63.44,87.84,102.48,78.08
43.92,73.2,29.28,-58.56,4.88,48.8,14.64,0,63.44,87.84,102.48,87.84
53.68,78.08,24.4,-63.44,14.64,48.8,14.64,0,63.44,87.84,102.48,87.84
53.68,92.72,39.04,-73.2,4.88,63.44,19.52,0,63.44,87.84,102.48,87.84
43.92,97.6,53.68,-68.32,-4.88,73.2,19.52,0,63.44,87.84,102.48,87.84
29.28,97.6,68.32,-63.44,-19.52,82.96,19.52,0,73.2,97.6,102.48,92.72
24.4,92.72,68.32,-58.56,-24.4,78.08,14.64,0,73.2,97.6,102.48,92.72
14.64,97.6,82.96,-53.68,-34.16,87.84,14.64,0,73.2,92.72,102.48,87.84
9.76,107.36,97.6,-58.56,-43.92,102.48,14.64,0,73.2,92.72,102.48,87.84
24.4,102.48,78.08,-63.44,-29.28,87.84,24.4,0,73.2,87.84,107.36,92.72
24.4,92.72,68.32,-58.56,-24.4,78.08,24.4,4.88,68.32,87.84,107.36,92.72
14.64,87.84,73.2,-48.8,-29.28,78.08,19.52,9.76,68.32,87.84,102.48,82.96
14.64,78.08,63.44,-43.92,-24.4,68.32,14.64,14.64,68.32,87.84,102.48,82.96
14.64,63.44,48.8,-39.04,-19.52,53.68,14.64,9.76,68.32,92.72,102.48,82.96
9.76,63.44,53.68,-34.16,-24.4,58.56,14.64,4.88,68.32,92.72,102.48,82.96
9.76,68.32,58.56,-39.04,-24.4,63.44,19.52,-4.88,68.32,92.72,97.6,78.08
4.88,68.32,63.44,-34.16,-29.28,63.44,19.52,-9.76,68.32,92.72,92.72,78.08
-19.52,53.68,73.2,-14.64,-48.8,63.44,4.88,-19.52,63.44,87.84,92.72,68.32
-9.76,53.68,63.44,-19.52,-39.04,58.56,0,-19.52,58.56,82.96,97.6,68.32
-9.76,58.56,68.32,-24.4,-39.04,63.44,-4.88,-14.64,58.56,78.08,97.6,73.2
-14.64,58.56,73.2,-19.52,-43.92,63.44,-9.76,-14.64,53.68,73.2,97.6,73.2
-4.88,68.32,73.2,-29.28,-39.04,68.32,-19.52,-14.64,48.8,58.56,92.72,68.32
0,68.32,68.32,-34.16,-34.16,68.32,-19.52,-14.64,43.92,58.56,92.72,63.44
0,68.32,68.32,-34.16,-34.16,68.32,-19.52,-14.64,39.04,63.44,87.84,63.44
-4.88,53.68,58.56,-24.4,-34.16,53.68,-14.64,-14.64,34.16,63.44,82.96,58.56
-14.64,39.04,53.68,-9.76,-34.16,43.92,-4.88,-9.76,53.68,63.44,78.08,68.32
-4.88,48.8,53.68,-19.52,-29.28,48.8,0,-4.88,53.68,68.32,87.84,68.32
-4.88,43.92,48.8,-19.52,-29.28,43.92,4.88,-4.88,53.68,68.32,78.08,68.32
-9.76,39.04,48.8,-14.64,-29.28,43.92,4.88,-4.88,53.68,63.44,78.08,68.32
-4.88,29.28,34.16,-9.76,-19.52,29.28,0,-9.76,48.8,63.44,68.32,63.44
0,29.28,29.28,-14.64,-14.64,29.28,-4.88,-9.76,43.92,63.44,73.2,58.56
-9.76,29.28,39.04,-9.76,-24.4,34.16,-9.76,-14.64,39.04,63.44,73.2,53.68
-4.88,24.4,29.28,-9.76,-19.52,24.4,-14.64,-19.52,34.16,63.44,78.08,53.68
0,24.4,24.4,-9.76,-14.64,24.4,-4.88,-19.52,39.04,68.32,78.08,58.56
-29.28,4.88,34.16,14.64,-34.16,19.52,-14.64,-24.4,19.52,43.92,58.56,39.04
-24.4,14.64,39.04,4.88,-34.16,24.4,-4.88,-14.64,29.28,43.92,48.8,39.04
-19.52,34.16,53.68,-4.88,-39.04,43.92,29.28,9.76,48.8,58.56,48.8,48.8
-39.04,53.68,92.72,-4.88,-68.32,73.2,63.44,53.68,82.96,82.96,63.44,48.8
-53.68,68.32,122,-4.88,-87.84,92.72,117.12,102.48,136.64,136.64,82.96,58.56
-68.32,78.08,146.4,-4.88,-107.36,112.24,156.16,136.64,180.56,200.08,136.64,87.84
-117.12,97.6,214.72,9.76,-165.92,156.16,200.08,180.56,234.24,263.52,180.56,107.36
-131.76,126.88,258.64,4.88,-195.2,190.32,258.64,278.16,326.96,341.6,224.48,117.12
-136.64,161.04,297.68,-9.76,-219.6,229.36,356.24,405.04,453.84,448.96,292.8,151.28
-165.92,190.32,356.24,-9.76,-263.52,273.28,453.84,541.68,610,605.12,395.28,214.72
-180.56,248.88,429.44,-34.16,-307.44,336.72,551.44,673.44,780.8,800.32,546.56,312.32
-131.76,326.96,458.72,-97.6,-297.68,390.4,624.64,814.96,995.52,1034.56,751.52,458.72
-87.84,400.16,488,-156.16,-287.92,444.08,702.72,961.36,1220,1298.08,1010.16,639.28
-39.04,419.68,458.72,-190.32,-248.88,439.2,751.52,1102.88,1439.6,1566.48,1288.32,819.84
53.68,434.32,380.64,-244,-165.92,405.04,824.72,1302.96,1747.04,1908.08,1634.8,1015.04
175.68,512.4,336.72,-341.6,-82.96,424.56,946.72,1586,2166.72,2376.56,2054.48,1273.68
268.4,585.6,317.2,-424.56,-24.4,448.96,1068.72,1854.4,2557.12,2786.48,2449.76,1498.16
409.92,653.92,244,-531.92,82.96,448.96,1141.92,2069.12,2879.2,3123.2,2801.12,1732.4
649.04,746.64,97.6,-697.84,273.28,419.68,1156.56,2239.92,3206.16,3474.56,3201.28,2034.96
863.76,839.36,-24.4,-849.12,444.08,405.04,990.64,2147.2,3289.12,3664.88,3533.12,2313.12
1049.2,922.32,-126.88,-985.76,585.6,395.28,619.76,1634.8,2942.64,3513.6,3645.36,2503.44
1185.84,1019.92,-165.92,-1102.88,673.44,424.56,126.88,829.6,2235.04,3113.44,3552.64,2576.64
1210.24,1078.48,-131.76,-1141.92,668.56,473.36,-370.88,-39.04,1376.16,2503.44,3245.2,2508.32
1185.84,1058.96,-126.88,-1122.4,653.92,463.6,-771.04,-751.52,507.52,1747.04,2727.92,2318
1166.32,961.36,-204.96,-1063.84,683.2,375.76,-1078.48,-1337.12,-390.4,868.64,2088.64,2010.56
1093.12,692.96,-400.16,-893.04,746.64,146.4,-1351.76,-1912.96,-1351.76,-146.4,1215.12,1493.28
956.48,287.92,-668.56,-619.76,810.08,-190.32,-1644.56,-2440,-2254.56,-1215.12,131.76,761.28
863.76,-9.76,-873.52,-424.56,868.64,-444.08,-1898.32,-2791.36,-2893.84,-2078.88,-775.92,122
790.56,-63.44,-854,-361.12,819.84,-458.72,-1995.92,-2888.96,-3103.68,-2386.32,-1141.92,-141.52
692.96,-43.92,-736.88,-322.08,712.48,-390.4,-1976.4,-2752.32,-2918.24,-2269.2,-1161.44,-170.8
605.12,-107.36,-712.48,-248.88,658.8,-409.92,-1908.08,-2532.72,-2630.32,-2103.28,-1171.2,-248.88
512.4,-224.48,-736.88,-141.52,624.64,-483.12,-1703.12,-2220.4,-2347.28,-1966.64,-1200.48,-351.36
326.96,-263.52,-590.48,-29.28,458.72,-429.44,-1322.48,-1766.56,-1927.6,-1698.24,-1088.24,-351.36
146.4,-234.24,-380.64,43.92,263.52,-307.44,-990.64,-1351.76,-1493.28,-1361.52,-893.04,-287.92
82.96,-151.28,-234.24,34.16,156.16,-195.2,-790.56,-1102.88,-1210.24,-1117.52,-766.16,-253.76
63.44,-82.96,-146.4,9.76,102.48,-117.12,-644.16,-917.44,-1015.04,-951.6,-683.2,-253.76
9.76,-43.92,-53.68,19.52,29.28,-48.8,-492.88,-722.24,-810.08,-785.68,-595.36,-244
-14.64,-14.64,0,14.64,-9.76,-9.76,-370.88,-566.08,-629.52,-634.4,-512.4,-224.48
-14.64,4.88,19.52,4.88,-19.52,9.76,-278.16,-429.44,-497.76,-527.04,-439.2,-200.08
-48.8,4.88,53.68,24.4,-53.68,29.28,-190.32,-322.08,-390.4,-419.68,-375.76,-190.32
-68.32,0,68.32,34.16,-68.32,34.16,-126.88,-234.24,-292.8,-341.6,-322.08,-180.56
-58.56,-14.64,43.92,39.04,-53.68,14.64,-92.72,-185.44,-244,-297.68,-283.04,-165.92
-68.32,-4.88,63.44,39.04,-68.32,29.28,-63.44,-131.76,-175.68,-234.24,-229.36,-141.52
-87.84,9.76,97.6,39.04,-92.72,53.68,-34.16,-82.96,-117.12,-185.44,-190.32,-117.12
-78.08,19.52,97.6,29.28,-87.84,58.56,-29.28,-73.2,-97.6,-170.8,-170.8,-107.36
-43.92,14.64,58.56,14.64,-53.68,34.16,-29.28,-63.44,-92.72,-156.16,-156.16,-102.48
-43.92,14.64,58.56,14.64,-53.68,34.16,-19.52,-53.68,-73.2,-151.28,-156.16,-112.24
-53.68,14.64,68.32,19.52,-63.44,39.04,-4.88,-43.92,-63.44,-141.52,-156.16,-107.36
-48.8,-4.88,43.92,29.28,-48.8,19.52,-4.88,-43.92,-73.2,-141.52,-161.04,-117.12
-58.56,0,58.56,29.28,-58.56,29.28,-4.88,-39.04,-63.44,-126.88,-156.16,-112.24
-68.32,4.88,73.2,34.16,-73.2,39.04,9.76,-29.28,-48.8,-126.88,-151.28,-117.12
-58.56,9.76,68.32,24.4,-63.44,39.04,9.76,-19.52,-39.04,-122,-146.4,-112.24
-53.68,14.64,68.32,19.52,-63.44,39.04,14.64,4.88,-14.64,-107.36,-131.76,-97.6
-68.32,0,68.32,34.16,-68.32,34.16,9.76,9.76,-19.52,-112.24,-136.64,-97.6
-87.84,-4.88,82.96,48.8,-87.84,39.04,9.76,9.76,-14.64,-107.36,-136.64,-102.48
-92.72,-14.64,78.08,53.68,-87.84,29.28,19.52,4.88,-4.88,-102.48,-131.76,-102.48
-97.6,-24.4,73.2,63.44,-87.84,24.4,24.4,9.76,-4.88,-97.6,-126.88,-92.72
-92.72,-19.52,73.2,58.56,-82.96,24.4,19.52,14.64,4.88,-92.72,-117.12,-92.72
-78.08,-9.76,68.32,43.92,-73.2,29.28,24.4,14.64,9.76,-97.6,-122,-92.72
-82.96,4.88,87.84,39.04,-87.84,43.92,24.4,19.52,9.76,-92.72,-122,-102.48
-78.08,9.76,87.84,34.16,-82.96,48.8,29.28,24.4,9.76,-87.84,-122,-107.36
-87.84,19.52,107.36,34.16,-97.6,63.44,34.16,34.16,0,-87.84,-122,-107.36
-87.84,19.52,107.36,34.16,-97.6,63.44,39.04,34.16,4.88,-82.96,-117.12,-97.6
-87.84,19.52,107.36,34.16,-97.6,63.44,24.4,34.16,4.88,-82.96,-117.12,-92.72
-87.84,19.52,107.36,34.16,-97.6,63.44,39.04,39.04,9.76,-78.08,-117.12,-92.72
-82.96,4.88,87.84,39.04,-87.84,43.92,43.92,29.28,19.52,-78.08,-107.36,-87.84
-82.96,0,82.96,43.92,-82.96,39.04,43.92,34.16,14.64,-73.2,-107.36,-87.84
-87.84,0,87.84,43.92,-87.84,43.92,48.8,34.16,14.64,-73.2,-117.12,-87.84
-87.84,-4.88,82.96,48.8,-87.84,39.04,53.68,29.28,14.64,-73.2,-126.88,-87.84
-92.72,-14.64,78.08,53.68,-87.84,29.28,43.92,29.28,4.88,-82.96,-126.88,-97.6
-92.72,-9.76,82.96,53.68,-87.84,34.16,43.92,34.16,4.88,-82.96,-126.88,-107.36
-87.84,-9.76,78.08,48.8,-82.96,34.16,43.92,34.16,4.88,-87.84,-126.88,-112.24
-73.2,-9.76,63.44,43.92,-68.32,24.4,48.8,34.16,4.88,-87.84,-126.88,-112.24
-82.96,-9.76,73.2,48.8,-78.08,29.28,53.68,43.92,4.88,-102.48,-141.52,-122
-87.84,-9.76,78.08,48.8,-82.96,34.16,63.44,43.92,0,-112.24,-151.28,-122
-87.84,-14.64,73.2,53.68,-82.96,29.28,68.32,43.92,-4.88,-117.12,-156.16,-122
-92.72,-14.64,78.08,53.68,-87.84,29.28,78.08,43.92,-9.76,-117.12,-151.28,-117.12
-87.84,-19.52,68.32,53.68,-78.08,24.4,87.84,48.8,-4.88,-112.24,-141.52,-122
-87.84,-24.4,63.44,58.56,-78.08,19.52,87.84,53.68,0,-112.24,-151.28,-122
-87.84,-29.28,58.56,58.56,-73.2,14.64,87.84,53.68,4.88,-107.36,-156.16,-126.88
-87.84,-34.16,53.68,63.44,-73.2,9.76,87.84,53.68,14.64,-102.48,-156.16,-126.88
-97.6,-29.28,68.32,63.44,-82.96,19.52,97.6,58.56,4.88,-97.6,-161.04,-126.88
-97.6,-39.04,58.56,68.32,-78.08,9.76,97.6,63.44,4.88,-97.6,-161.04,-131.76
-92.72,-39.04,53.68,68.32,-73.2,4.88,92.72,68.32,4.88,-97.6,-156.16,-131.76
-92.72,-39.04,53.68,68.32,-73.2,4.88,92.72,73.2,4.88,-102.48,-156.16,-131.76
-87.84,-34.16,53.68,63.44,-73.2,9.76,97.6,68.32,4.88,-92.72,-146.4,-131.76
-87.84,-29.28,58.56,58.56,-73.2,14.64,97.6,68.32,9.76,-92.72,-146.4,-131.76
-107.36,-24.4,82.96,68.32,-97.6,29.28,97.6,68.32,14.64,-92.72,-146.4,-126.88
-117.12,-14.64,102.48,68.32,-112.24,43.92,102.48,68.32,14.64,-87.84,-146.4,-122
-112.24,-19.52,92.72,68.32,-102.48,34.16,102.48,58.56,9.76,-82.96,-151.28,-131.76
-112.24,-19.52,92.72,68.32,-102.48,34.16,97.6,63.44,9.76,-82.96,-156.16,-146.4
-126.88,-19.52,107.36,73.2,-117.12,43.92,97.6,63.44,9.76,-102.48,-170.8,-151.28
-112.24,-14.64,97.6,63.44,-107.36,39.04,92.72,63.44,9.76,-112.24,-180.56,-151.28
-102.48,-19.52,82.96,63.44,-92.72,29.28,102.48,73.2,9.76,-112.24,-170.8,-146.4
-102.48,-29.28,73.2,68.32,-87.84,19.52,102.48,78.08,9.76,-117.12,-165.92,-146.4
-97.6,-34.16,63.44,68.32,-82.96,14.64,107.36,82.96,14.64,-112.24,-165.92,-146.4
-97.6,-39.04,58.56,68.32,-78.08,9.76,112.24,92.72,14.64,-102.48,-165.92,-151.28
-117.12,-43.92,73.2,82.96,-97.6,14.64,107.36,87.84,29.28,-107.36,-170.8,-146.4
-122,-48.8,73.2,87.84,-97.6,9.76,117.12,97.6,29.28,-107.36,-170.8,-146.4
-122,-48.8,73.2,87.84,-97.6,9.76,117.12,102.48,29.28,-107.36,-170.8,-146.4
-117.12,-48.8,68.32,82.96,-92.72,9.76,117.12,107.36,29.28,-107.36,-170.8,-146.4
-107.36,-19.52,87.84,63.44,-97.6,34.16,126.88,117.12,39.04,-97.6,-170.8,-156.16
-112.24,-24.4,87.84,68.32,-102.48,29.28,126.88,117.12,43.92,-92.72,-165.92,-151.28
-112.24,-24.4,87.84,68.32,-102.48,29.28,122,117.12,43.92,-87.84,-165.92,-151.28
-122,-19.52,102.48,73.2,-112.24,39.04,122,117.12,48.8,-82.96,-165.92,-161.04
-126.88,-29.28,97.6,78.08,-112.24,34.16,117.12,112.24,43.92,-97.6,-175.68,-175.68
-131.76,-34.16,97.6,82.96,-117.12,29.28,126.88,117.12,48.8,-102.48,-175.68,-175.68
-146.4,-39.04,107.36,92.72,-126.88,34.16,126.88,122,48.8,-107.36,-185.44,-175.68
-151.28,-43.92,107.36,97.6,-131.76,29.28,117.12,122,53.68,-112.24,-190.32,-175.68
-126.88,-58.56,68.32,92.72,-97.6,4.88,131.76,126.88,58.56,-102.48,-190.32,-170.8
-136.64,-58.56,78.08,97.6,-107.36,9.76,136.64,136.64,58.56,-102.48,-195.2,-180.56
-136.64,-58.56,78.08,97.6,-107.36,9.76,141.52,146.4,58.56,-102.48,-195.2,-190.32
-136.64,-63.44,73.2,102.48,-107.36,4.88,151.28,151.28,63.44,-102.48,-200.08,-190.32
-146.4,-63.44,82.96,107.36,-117.12,9.76,175.68,170.8,78.08,-87.84,-204.96,-190.32
-156.16,-58.56,97.6,107.36,-126.88,19.52,185.44,180.56,78.08,-92.72,-204.96,-190.32
-156.16,-53.68,102.48,107.36,-131.76,24.4,185.44,190.32,78.08,-87.84,-200.08,-185.44
-151.28,-48.8,102.48,102.48,-126.88,24.4,190.32,190.32,78.08,-82.96,-195.2,-185.44
-151.28,-43.92,107.36,97.6,-131.76,29.28,195.2,200.08,97.6,-73.2,-195.2,-190.32
-151.28,-34.16,117.12,92.72,-136.64,39.04,200.08,204.96,102.48,-73.2,-195.2,-195.2
-151.28,-19.52,131.76,87.84,-141.52,53.68,209.84,214.72,107.36,-73.2,-195.2,-200.08
-151.28,-9.76,141.52,82.96,-146.4,63.44,209.84,219.6,107.36,-78.08,-200.08,-204.96
-165.92,-19.52,146.4,92.72,-156.16,63.44,204.96,224.48,97.6,-92.72,-224.48,-204.96
-175.68,-29.28,146.4,102.48,-161.04,58.56,204.96,229.36,97.6,-97.6,-229.36,-214.72
-185.44,-34.16,151.28,112.24,-170.8,58.56,209.84,234.24,97.6,-102.48,-239.12,-219.6
-190.32,-43.92,146.4,117.12,-170.8,48.8,214.72,239.12,97.6,-117.12,-248.88,-229.36
-190.32,-39.04,151.28,117.12,-170.8,53.68,209.84,239.12,87.84,-117.12,-253.76,-248.88
-195.2,-39.04,156.16,117.12,-175.68,58.56,219.6,244,92.72,-117.12,-268.4,-263.52
-200.08,-43.92,156.16,122,-180.56,53.68,229.36,248.88,92.72,-136.64,-287.92,-273.28
-200.08,-43.92,156.16,122,-180.56,53.68,234.24,253.76,92.72,-151.28,-302.56,-283.04
-185.44,-58.56,126.88,122,-156.16,34.16,239.12,268.4,92.72,-151.28,-312.32,-283.04
-195.2,-63.44,131.76,131.76,-165.92,34.16,244,268.4,92.72,-156.16,-322.08,-292.8
-190.32,-73.2,117.12,131.76,-156.16,19.52,248.88,273.28,97.6,-156.16,-326.96,-302.56
-185.44,-73.2,112.24,131.76,-151.28,19.52,253.76,273.28,92.72,-161.04,-336.72,-307.44
-200.08,-73.2,126.88,136.64,-165.92,24.4,244,263.52,68.32,-170.8,-366,-322.08
-219.6,-78.08,141.52,151.28,-180.56,29.28,244,263.52,68.32,-195.2,-385.52,-341.6
-219.6,-78.08,141.52,151.28,-180.56,29.28,244,273.28,63.44,-200.08,-395.28,-346.48
-219.6,-78.08,141.52,151.28,-180.56,29.28,248.88,278.16,58.56,-209.84,-400.16,-356.24
-239.12,-73.2,165.92,156.16,-204.96,43.92,244,268.4,58.56,-234.24,-419.68,-375.76
-248.88,-82.96,165.92,165.92,-209.84,39.04,248.88,268.4,53.68,-239.12,-444.08,-395.28
-263.52,-87.84,175.68,175.68,-219.6,43.92,248.88,268.4,43.92,-244,-468.48,-409.92
-273.28,-102.48,170.8,190.32,-224.48,34.16,248.88,268.4,43.92,-268.4,-488,-419.68
-292.8,-112.24,180.56,204.96,-239.12,34.16,258.64,268.4,24.4,-292.8,-502.64,-439.2
-268.4,-122,146.4,195.2,-209.84,9.76,263.52,268.4,19.52,-302.56,-522.16,-458.72
-273.28,-131.76,141.52,204.96,-209.84,4.88,268.4,268.4,14.64,-322.08,-551.44,-473.36
-302.56,-141.52,161.04,224.48,-234.24,9.76,268.4,258.64,-4.88,-326.96,-575.84,-497.76
-326.96,-151.28,175.68,239.12,-253.76,9.76,268.4,248.88,-24.4,-336.72,-580.72,-517.28
-331.84,-151.28,180.56,244,-258.64,14.64,268.4,248.88,-24.4,-356.24,-600.24,-522.16
-336.72,-151.28,185.44,244,-263.52,14.64,268.4,244,-19.52,-366,-619.76,-527.04
-331.84,-151.28,180.56,244,-258.64,14.64,268.4,239.12,-19.52,-370.88,-624.64,-531.92
-336.72,-161.04,175.68,248.88,-258.64,4.88,268.4,234.24,-29.28,-375.76,-634.4,-541.68
-346.48,-170.8,175.68,258.64,-263.52,0,273.28,224.48,-39.04,-380.64,-639.28,-546.56
-361.12,-175.68,185.44,268.4,-273.28,4.88,273.28,214.72,-43.92,-385.52,-649.04,-551.44
-380.64,-175.68,204.96,278.16,-292.8,14.64,263.52,209.84,-53.68,-390.4,-653.92,-556.32
-370.88,-165.92,204.96,268.4,-287.92,19.52,273.28,204.96,-68.32,-414.8,-678.32,-570.96
-366,-165.92,200.08,268.4,-283.04,14.64,273.28,200.08,-82.96,-429.44,-688.08,-570.96
-366,-165.92,200.08,268.4,-283.04,14.64,273.28,200.08,-102.48,-444.08,-678.32,-575.84
-356.24,-161.04,195.2,258.64,-278.16,14.64,263.52,204.96,-112.24,-444.08,-678.32,-570.96
-341.6,-151.28,190.32,248.88,-268.4,19.52,268.4,204.96,-107.36,-448.96,-673.44,-575.84
-341.6,-156.16,185.44,248.88,-263.52,14.64,253.76,200.08,-107.36,-434.32,-663.68,-561.2
-341.6,-161.04,180.56,253.76,-263.52,9.76,258.64,190.32,-97.6,-424.56,-649.04,-546.56
-341.6,-165.92,175.68,253.76,-258.64,4.88,258.64,170.8,-92.72,-414.8,-649.04,-527.04
-346.48,-180.56,165.92,263.52,-258.64,-9.76,253.76,161.04,-107.36,-419.68,-634.4,-527.04
-336.72,-175.68,161.04,258.64,-248.88,-9.76,244,156.16,-102.48,-409.92,-619.76,-512.4
-336.72,-170.8,165.92,253.76,-253.76,-4.88,234.24,156.16,-102.48,-395.28,-605.12,-507.52
-326.96,-170.8,156.16,248.88,-244,-9.76,224.48,146.4,-102.48,-380.64,-595.36,-497.76
-317.2,-161.04,156.16,239.12,-239.12,-4.88,214.72,136.64,-97.6,-356.24,-566.08,-468.48
-307.44,-151.28,156.16,229.36,-234.24,0,195.2,126.88,-92.72,-336.72,-531.92,-448.96
-287.92,-136.64,151.28,214.72,-219.6,4.88,185.44,112.24,-87.84,-326.96,-512.4,-429.44
-263.52,-126.88,136.64,195.2,-200.08,4.88,180.56,97.6,-82.96,-302.56,-483.12,-405.04
-253.76,-117.12,136.64,185.44,-195.2,9.76,180.56,87.84,-73.2,-297.68,-463.6,-370.88
-248.88,-112.24,136.64,180.56,-195.2,9.76,165.92,82.96,-68.32,-283.04,-434.32,-351.36
-239.12,-112.24,126.88,175.68,-185.44,4.88,151.28,78.08,-63.44,-273.28,-405.04,-336.72
-239.12,-102.48,136.64,170.8,-190.32,14.64,141.52,78.08,-58.56,-258.64,-380.64,-317.2
-219.6,-97.6,122,161.04,-170.8,9.76,117.12,68.32,-43.92,-234.24,-346.48,-283.04
-195.2,-82.96,112.24,141.52,-156.16,14.64,102.48,58.56,-39.04,-214.72,-312.32,-263.52
-175.68,-78.08,97.6,126.88,-136.64,9.76,92.72,53.68,-39.04,-195.2,-292.8,-244
-151.28,-73.2,78.08,112.24,-117.12,0,87.84,48.8,-39.04,-185.44,-273.28,-224.48
-131.76,-78.08,53.68,107.36,-92.72,-14.64,73.2,29.28,-34.16,-161.04,-244,-200.08
-122,-78.08,43.92,102.48,-82.96,-19.52,68.32,14.64,-29.28,-141.52,-214.72,-175.68
-122,-78.08,43.92,102.48,-82.96,-19.52,53.68,4.88,-24.4,-122,-190.32,-156.16
-107.36,-78.08,29.28,92.72,-68.32,-24.4,39.04,0,-29.28,-117.12,-170.8,-136.64
-97.6,-68.32,29.28,82.96,-63.44,-19.52,43.92,9.76,-9.76,-97.6,-136.64,-122
-97.6,-63.44,34.16,82.96,-68.32,-14.64,43.92,9.76,-4.88,-92.72,-117.12,-107.36
-97.6,-63.44,34.16,82.96,-68.32,-14.64,43.92,9.76,-4.88,-87.84,-107.36,-87.84
-107.36,-63.44,43.92,87.84,-78.08,-9.76,39.04,4.88,-4.88,-82.96,-102.48,-82.96
-82.96,-48.8,34.16,68.32,-58.56,-9.76,34.16,0,-9.76,-68.32,-73.2,-73.2
-78.08,-43.92,34.16,63.44,-58.56,-4.88,14.64,-4.88,-9.76,-43.92,-48.8,-58.56
-73.2,-34.16,39.04,53.68,-58.56,0,4.88,-9.76,-4.88,-34.16,-39.04,-39.04
-68.32,-24.4,43.92,48.8,-58.56,9.76,-4.88,-24.4,0,-19.52,-19.52,-19.52
-73.2,-19.52,53.68,48.8,-63.44,14.64,4.88,-24.4,0,-29.28,-9.76,-4.88
-58.56,-14.64,43.92,39.04,-53.68,14.64,4.88,-24.4,0,-29.28,-9.76,-4.88
-48.8,-9.76,39.04,29.28,-43.92,14.64,4.88,-19.52,0,-29.28,-19.52,-4.88
-43.92,-9.76,34.16,29.28,-39.04,9.76,19.52,-19.52,4.88,-24.4,-19.52,-4.88
-48.8,-14.64,34.16,34.16,-43.92,9.76,9.76,-29.28,4.88,-9.76,4.88,0
-43.92,0,43.92,24.4,-43.92,19.52,9.76,-19.52,0,-9.76,24.4,14.64
-34.16,9.76,43.92,14.64,-39.04,24.4,4.88,-19.52,0,-4.88,39.04,24.4
-14.64,14.64,29.28,0,-24.4,19.52,-4.88,-24.4,4.88,4.88,48.8,29.28
-24.4,9.76,34.16,9.76,-29.28,19.52,-9.76,-34.16,4.88,-4.88,48.8,39.04
-29.28,4.88,34.16,14.64,-34.16,19.52,-9.76,-34.16,4.88,4.88,48.8,39.04
-48.8,0,48.8,24.4,-48.8,24.4,-14.64,-34.16,9.76,9.76,48.8,39.04
-43.92,-4.88,39.04,24.4,-43.92,14.64,-14.64,-29.28,14.64,9.76,43.92,34.16
-34.16,4.88,39.04,14.64,-39.04,19.52,0,-24.4,14.64,19.52,53.68,43.92
-24.4,19.52,43.92,4.88,-34.16,29.28,4.88,-24.4,24.4,34.16,78.08,68.32
-19.52,34.16,53.68,-4.88,-39.04,43.92,4.88,-14.64,24.4,43.92,87.84,78.08
-14.64,43.92,58.56,-14.64,-39.04,48.8,4.88,-24.4,19.52,53.68,97.6,87.84
-14.64,48.8,63.44,-14.64,-39.04,53.68,4.88,-14.64,24.4,43.92,97.6,87.84
-19.52,48.8,68.32,-14.64,-43.92,58.56,9.76,-14.64,19.52,43.92,92.72,87.84
-19.52,48.8,68.32,-14.64,-43.92,58.56,9.76,-19.52,14.64,43.92,78.08,87.84
-14.64,48.8,63.44,-14.64,-39.04,53.68,9.76,-19.52,14.64,48.8,78.08,87.84
-4.88,58.56,63.44,-24.4,-34.16,58.56,0,-19.52,19.52,48.8,87.84,82.96
-9.76,53.68,63.44,-19.52,-39.04,58.56,0,-14.64,24.4,48.8,82.96,78.08
-9.76,53.68,63.44,-19.52,-39.04,58.56,0,-14.64,24.4,48.8,78.08,68.32
-9.76,63.44,73.2,-24.4,-43.92,68.32,0,-14.64,24.4,53.68,78.08,63.44
-24.4,39.04,63.44,-4.88,-43.92,48.8,-9.76,-9.76,29.28,53.68,82.96,58.56
-34.16,19.52,53.68,9.76,-43.92,34.16,-9.76,-9.76,29.28,48.8,82.96,58.56
-43.92,4.88,48.8,19.52,-48.8,24.4,0,-4.88,29.28,43.92,82.96,63.44
-48.8,-9.76,39.04,29.28,-43.92,14.64,-9.76,-4.88,29.28,39.04,92.72,68.32
-39.04,-9.76,29.28,24.4,-34.16,9.76,4.88,0,29.28,48.8,102.48,78.08
-29.28,0,29.28,14.64,-29.28,14.64,19.52,0,34.16,58.56,112.24,82.96
-19.52,9.76,29.28,4.88,-24.4,19.52,34.16,9.76,39.04,73.2,117.12,87.84
-4.88,9.76,14.64,0,-9.76,9.76,39.04,9.76,43.92,82.96,117.12,92.72
-4.88,34.16,39.04,-14.64,-24.4,34.16,24.4,0,39.04,73.2,107.36,92.72
-14.64,48.8,63.44,-14.64,-39.04,53.68,19.52,0,39.04,73.2,112.24,92.72
-14.64,53.68,68.32,-19.52,-43.92,58.56,14.64,0,39.04,73.2,112.24,92.72
-9.76,68.32,78.08,-29.28,-43.92,73.2,14.64,9.76,34.16,68.32,112.24,92.72
-19.52,63.44,82.96,-19.52,-53.68,73.2,9.76,4.88,34.16,68.32,102.48,82.96
-14.64,53.68,68.32,-19.52,-43.92,58.56,9.76,4.88,39.04,63.44,97.6,92.72
-14.64,43.92,58.56,-14.64,-39.04,48.8,4.88,4.88,39.04,58.56,92.72,78.08
-14.64,34.16,48.8,-9.76,-34.16,39.04,0,9.76,39.04,58.56,78.08,73.2
-24.4,24.4,48.8,0,-39.04,34.16,0,9.76,34.16,58.56,78.08,78.08
-34.16,9.76,43.92,14.64,-39.04,24.4,0,4.88,34.16,58.56,82.96,73.2
-34.16,-4.88,29.28,19.52,-34.16,9.76,0,0,34.16,53.68,82.96,73.2
-34.16,-19.52,14.64,29.28,-24.4,-4.88,-9.76,-9.76,29.28,43.92,87.84,63.44
-29.28,-14.64,14.64,24.4,-24.4,0,-14.64,0,39.04,48.8,82.96,58.56
-14.64,-9.76,4.88,14.64,-9.76,-4.88,-14.64,0,39.04,53.68,87.84,58.56
-24.4,-4.88,19.52,14.64,-24.4,4.88,-14.64,0,39.04,58.56,87.84,58.56
-39.04,-4.88,34.16,24.4,-39.04,14.64,-14.64,0,39.04,63.44,92.72,58.56
-39.04,-9.76,29.28,24.4,-34.16,9.76,-14.64,-4.88,39.04,58.56,82.96,68.32
-43.92,-14.64,29.28,29.28,-39.04,4.88,-19.52,-4.88,34.16,58.56,82.96,68.32
-39.04,-19.52,19.52,29.28,-29.28,0,-19.52,-4.88,34.16,58.56,82.96,63.44
-29.28,-24.4,4.88,29.28,-19.52,-9.76,-14.64,-4.88,34.16,58.56,78.08,58.56
-29.28,4.88,34.16,14.64,-34.16,19.52,-4.88,4.88,39.04,73.2,87.84,58.56
-29.28,24.4,53.68,4.88,-43.92,39.04,-9.76,4.88,48.8,82.96,87.84,63.44
-24.4,39.04,63.44,-4.88,-43.92,48.8,-9.76,4.88,53.68,82.96,92.72,68.32
-9.76,48.8,58.56,-19.52,-34.16,53.68,-9.76,0,53.68,78.08,97.6,73.2
0,24.4,24.4,-9.76,-14.64,24.4,-9.76,9.76,58.56,63.44,97.6,68.32
-9.76,19.52,29.28,-4.88,-19.52,24.4,-4.88,14.64,58.56,63.44,107.36,68.32
-29.28,-4.88,24.4,19.52,-29.28,9.76,0,19.52,58.56,63.44,107.36,68.32
-19.52,-19.52,0,19.52,-9.76,-9.76,4.88,24.4,63.44,63.44,107.36,68.32
-24.4,-4.88,19.52,14.64,-24.4,4.88,0,9.76,58.56,63.44,92.72,68.32
-29.28,-4.88,24.4,19.52,-29.28,9.76,-4.88,9.76,58.56,58.56,87.84,63.44
-34.16,-9.76,24.4,24.4,-29.28,4.88,-4.88,9.76,58.56,53.68,82.96,58.56
-39.04,9.76,48.8,14.64,-43.92,29.28,-4.88,4.88,58.56,48.8,82.96,58.56
-48.8,9.76,58.56,19.52,-53.68,34.16,-4.88,9.76,43.92,48.8,78.08,48.8
-48.8,4.88,53.68,24.4,-53.68,29.28,-4.88,4.88,39.04,39.04,63.44,39.04
-43.92,-9.76,34.16,29.28,-39.04,9.76,-14.64,0,34.16,34.16,53.68,29.28
-43.92,-14.64,29.28,29.28,-39.04,4.88,-19.52,0,29.28,34.16,48.8,24.4
-53.68,-14.64,39.04,34.16,-48.8,9.76,-14.64,0,39.04,34.16,58.56,24.4
-58.56,-34.16,24.4,48.8,-43.92,-4.88,-14.64,0,43.92,39.04,63.44,29.28
-58.56,-43.92,14.64,53.68,-39.04,-14.64,-9.76,0,43.92,48.8,63.44,29.28
-53.68,-53.68,0,53.68,-29.28,-29.28,-9.76,0,43.92,53.68,68.32,39.04
-39.04,-34.16,4.88,39.04,-24.4,-14.64,-19.52,9.76,53.68,63.44,82.96,48.8
-34.16,-19.52,14.64,29.28,-24.4,-4.88,-19.52,9.76,48.8,73.2,87.84,53.68
-34.16,0,34.16,19.52,-34.16,14.64,-19.52,9.76,48.8,63.44,87.84,53.68
-29.28,19.52,48.8,4.88,-39.04,34.16,-24.4,4.88,48.8,63.44,87.84,63.44
-9.76,24.4,34.16,-4.88,-24.4,29.28,-24.4,4.88,48.8,68.32,68.32,53.68
-9.76,24.4,34.16,-4.88,-24.4,29.28,-19.52,4.88,48.8,63.44,68.32,48.8
-9.76,24.4,34.16,-4.88,-24.4,29.28,-9.76,9.76,48.8,48.8,68.32,48.8
-19.52,24.4,43.92,0,-34.16,34.16,-4.88,14.64,53.68,39.04,68.32,43.92
-29.28,14.64,43.92,9.76,-39.04,29.28,4.88,24.4,53.68,43.92,78.08,48.8
-34.16,4.88,39.04,14.64,-39.04,19.52,9.76,24.4,53.68,53.68,82.96,53.68
-39.04,4.88,43.92,19.52,-43.92,24.4,9.76,24.4,53.68,58.56,87.84,63.44
-53.68,-4.88,48.8,29.28,-53.68,19.52,9.76,19.52,53.68,73.2,97.6,78.08
-53.68,9.76,63.44,24.4,-58.56,34.16,19.52,29.28,53.68,73.2,92.72,73.2
-43.92,4.88,48.8,19.52,-48.8,24.4,9.76,24.4,48.8,73.2,92.72,63.44
-34.16,9.76,43.92,14.64,-39.04,24.4,19.52,24.4,48.8,58.56,87.84,58.56
-43.92,14.64,58.56,14.64,-53.68,34.16,19.52,24.4,48.8,78.08,78.08,58.56
-43.92,14.64,58.56,14.64,-53.68,34.16,4.88,14.64,48.8,68.32,87.84,73.2
-29.28,14.64,43.92,9.76,-39.04,29.28,4.88,14.64,48.8,68.32,87.84,73.2
-29.28,19.52,48.8,4.88,-39.04,34.16,4.88,14.64,53.68,73.2,102.48,78.08
-34.16,24.4,58.56,4.88,-48.8,39.04,0,14.64,53.68,73.2,117.12,78.08
-53.68,34.16,87.84,9.76,-73.2,58.56,9.76,29.28,63.44,73.2,126.88,78.08
-53.68,29.28,82.96,14.64,-68.32,53.68,9.76,29.28,58.56,68.32,122,68.32
-53.68,29.28,82.96,14.64,-68.32,53.68,14.64,24.4,58.56,68.32,102.48,68.32
-48.8,29.28,78.08,9.76,-63.44,53.68,19.52,24.4,58.56,68.32,97.6,68.32
-43.92,34.16,78.08,4.88,-63.44,53.68,29.28,29.28,63.44,73.2,112.24,78.08
-39.04,34.16,73.2,4.88,-58.56,53.68,29.28,29.28,63.44,78.08,117.12,78.08
-34.16,39.04,73.2,0,-53.68,53.68,29.28,29.28,63.44,97.6,122,87.84
-34.16,39.04,73.2,0,-53.68,53.68,24.4,29.28,63.44,102.48,141.52,87.84
-39.04,39.04,78.08,0,-58.56,58.56,19.52,24.4,58.56,92.72,112.24,78.08
-39.04,39.04,78.08,0,-58.56,58.56,19.52,9.76,53.68,82.96,102.48,78.08
-34.16,39.04,73.2,0,-53.68,53.68,19.52,4.88,43.92,58.56,97.6,73.2
-39.04,34.16,73.2,4.88,-58.56,53.68,14.64,9.76,39.04,43.92,87.84,63.44
-39.04,19.52,58.56,9.76,-48.8,39.04,4.88,0,34.16,53.68,92.72,63.44
-39.04,14.64,53.68,14.64,-48.8,34.16,-4.88,0,34.16,53.68,97.6,63.44
-43.92,19.52,63.44,14.64,-53.68,39.04,0,0,34.16,63.44,102.48,68.32
-43.92,14.64,58.56,14.64,-53.68,34.16,9.76,0,39.04,73.2,107.36,78.08
-43.92,14.64,58.56,14.64,-53.68,34.16,9.76,9.76,39.04,73.2,117.12,82.96
-39.04,0,39.04,19.52,-39.04,19.52,9.76,4.88,39.04,73.2,117.12,82.96
-39.04,0,39.04,19.52,-39.04,19.52,0,4.88,39.04,73.2,117.12,82.96
-53.68,14.64,68.32,19.52,-63.44,39.04,9.76,4.88,39.04,73.2,112.24,82.96
-43.92,14.64,58.56,14.64,-53.68,34.16,4.88,0,39.04,73.2,112.24,82.96
-24.4,19.52,43.92,4.88,-34.16,29.28,-9.76,-4.88,34.16,68.32,112.24,82.96
-19.52,19.52,39.04,0,-29.28,29.28,-14.64,-9.76,34.16,68.32,112.24,78.08
-19.52,19.52,39.04,0,-29.28,29.28,-14.64,-19.52,34.16,73.2,112.24,78.08
-29.28,24.4,53.68,4.88,-43.92,39.04,-24.4,-29.28,24.4,68.32,122,73.2
-29.28,34.16,63.44,0,-48.8,48.8,-24.4,-29.28,19.52,73.2,122,82.96
-43.92,39.04,82.96,4.88,-63.44,58.56,-24.4,-29.28,19.52,78.08,112.24,87.84
-43.92,34.16,78.08,4.88,-63.44,53.68,-24.4,-29.28,19.52,78.08,112.24,87.84
-34.16,19.52,53.68,9.76,-43.92,34.16,-29.28,-29.28,19.52,68.32,112.24,82.96
-29.28,19.52,48.8,4.88,-39.04,34.16,-29.28,-29.28,19.52,68.32,112.24,82.96
-4.88,19.52,24.4,-4.88,-14.64,19.52,-29.28,-29.28,14.64,68.32,112.24,82.96
-14.64,19.52,34.16,0,-24.4,24.4,-34.16,-29.28,14.64,53.68,112.24,68.32
-34.16,-4.88,29.28,19.52,-34.16,9.76,-43.92,-29.28,19.52,53.68,107.36,58.56
-29.28,-4.88,24.4,19.52,-29.28,9.76,-29.28,-29.28,19.52,48.8,102.48,68.32
-19.52,-4.88,14.64,14.64,-19.52,4.88,-29.28,-19.52,19.52,48.8,107.36,82.96
-43.92,-19.52,24.4,34.16,-34.16,0,-39.04,-29.28,19.52,43.92,97.6,82.96
-58.56,-19.52,39.04,39.04,-48.8,9.76,-39.04,-29.28,19.52,58.56,117.12,87.84
-48.8,-14.64,34.16,34.16,-43.92,9.76,-39.04,-34.16,14.64,58.56,107.36,82.96
-48.8,-9.76,39.04,29.28,-43.92,14.64,-39.04,-39.04,9.76,58.56,107.36,78.08
-48.8,-4.88,43.92,29.28,-48.8,19.52,-39.04,-43.92,4.88,58.56,107.36,73.2
-48.8,0,48.8,24.4,-48.8,24.4,-39.04,-48.8,0,58.56,107.36,68.32
-43.92,-9.76,34.16,29.28,-39.04,9.76,-39.04,-39.04,9.76,48.8,97.6,58.56
-29.28,-9.76,19.52,19.52,-24.4,4.88,-39.04,-34.16,14.64,58.56,107.36,58.56
-24.4,-19.52,4.88,24.4,-14.64,-9.76,-39.04,-34.16,14.64,58.56,107.36,58.56
-19.52,-19.52,0,19.52,-9.76,-9.76,-34.16,-34.16,14.64,58.56,107.36,58.56
-34.16,0,34.16,19.52,-34.16,14.64,-34.16,-48.8,9.76,48.8,107.36,73.2
-34.16,9.76,43.92,14.64,-39.04,24.4,-39.04,-58.56,-4.88,48.8,107.36,73.2
-29.28,19.52,48.8,4.88,-39.04,34.16,-43.92,-48.8,0,48.8,102.48,68.32
-24.4,29.28,53.68,0,-39.04,39.04,-53.68,-48.8,-4.88,48.8,102.48,68.32
-34.16,9.76,43.92,14.64,-39.04,24.4,-53.68,-58.56,-9.76,43.92,92.72,58.56
-34.16,-4.88,29.28,19.52,-34.16,9.76,-53.68,-58.56,-14.64,39.04,87.84,58.56
-29.28,0,29.28,14.64,-29.28,14.64,-53.68,-53.68,-14.64,34.16,82.96,58.56
-29.28,0,29.28,14.64,-29.28,14.64,-53.68,-53.68,-9.76,29.28,87.84,63.44
-39.04,0,39.04,19.52,-39.04,19.52,-48.8,-53.68,-9.76,34.16,92.72,73.2
-34.16,-4.88,29.28,19.52,-34.16,9.76,-48.8,-58.56,-9.76,39.04,97.6,78.08
-34.16,-19.52,14.64,29.28,-24.4,-4.88,-39.04,-58.56,-4.88,48.8,107.36,78.08
-39.04,-24.4,14.64,34.16,-29.28,-4.88,-39.04,-58.56,-4.88,53.68,112.24,78.08
-29.28,-9.76,19.52,19.52,-24.4,4.88,-39.04,-53.68,4.88,58.56,122,82.96
-19.52,4.88,24.4,9.76,-24.4,14.64,-39.04,-53.68,4.88,63.44,126.88,87.84
-34.16,9.76,43.92,14.64,-39.04,24.4,-39.04,-53.68,4.88,68.32,131.76,92.72
-34.16,24.4,58.56,4.88,-48.8,39.04,-39.04,-53.68,4.88,78.08,136.64,97.6
-24.4,39.04,63.44,-4.88,-43.92,48.8,-29.28,-53.68,4.88,78.08,131.76,87.84
-19.52,39.04,58.56,-9.76,-39.04,48.8,-34.16,-53.68,9.76,78.08,131.76,82.96
-9.76,39.04,48.8,-14.64,-29.28,43.92,-39.04,-53.68,9.76,73.2,122,82.96
0,43.92,43.92,-19.52,-24.4,43.92,-39.04,-48.8,9.76,73.2,131.76,82.96
-9.76,29.28,39.04,-9.76,-24.4,34.16,-34.16,-34.16,0,68.32,126.88,97.6
-9.76,24.4,34.16,-4.88,-24.4,29.28,-24.4,-34.16,4.88,68.32,122,102.48
-14.64,19.52,34.16,0,-24.4,24.4,-19.52,-34.16,4.88,63.44,126.88,102.48
-14.64,14.64,29.28,0,-24.4,19.52,-19.52,-39.04,4.88,58.56,122,102.48
-9.76,29.28,39.04,-9.76,-24.4,34.16,-9.76,-29.28,9.76,68.32,122,92.72
-4.88,29.28,34.16,-9.76,-19.52,29.28,-14.64,-29.28,9.76,68.32,126.88,92.72
-4.88,29.28,34.16,-9.76,-19.52,29.28,-14.64,-29.28,14.64,68.32,131.76,92.72
-14.64,29.28,43.92,-4.88,-29.28,34.16,-14.64,-29.28,14.64,73.2,151.28,97.6
4.88,48.8,43.92,-24.4,-19.52,43.92,-19.52,-39.04,4.88,82.96,141.52,97.6
4.88,53.68,48.8,-29.28,-24.4,48.8,-19.52,-43.92,4.88,82.96,131.76,97.6
4.88,58.56,53.68,-29.28,-24.4,53.68,-24.4,-48.8,4.88,82.96,131.76,97.6
4.88,63.44,58.56,-34.16,-29.28,58.56,-29.28,-53.68,4.88,82.96,131.76,92.72
-4.88,63.44,68.32,-29.28,-39.04,63.44,-29.28,-63.44,-9.76,58.56,126.88,82.96
-9.76,58.56,68.32,-24.4,-39.04,63.44,-34.16,-63.44,-9.76,53.68,122,82.96
-14.64,48.8,63.44,-14.64,-39.04,53.68,-34.16,-63.44,-9.76,53.68,117.12,82.96
-19.52,34.16,53.68,-4.88,-39.04,43.92,-34.16,-63.44,-9.76,48.8,112.24,82.96
-14.64,19.52,34.16,0,-24.4,24.4,-34.16,-63.44,-14.64,43.92,107.36,73.2
-4.88,14.64,19.52,-4.88,-14.64,14.64,-43.92,-63.44,-19.52,29.28,92.72,68.32
0,9.76,9.76,-4.88,-4.88,9.76,-34.16,-63.44,-24.4,24.4,87.84,68.32
4.88,-9.76,-14.64,4.88,9.76,-14.64,-34.16,-63.44,-29.28,24.4,82.96,68.32
-14.64,-14.64,0,14.64,-9.76,-9.76,-24.4,-53.68,-24.4,34.16,97.6,78.08
-24.4,-9.76,14.64,19.52,-19.52,0,-24.4,-58.56,-19.52,43.92,107.36,82.96
-29.28,-14.64,14.64,24.4,-24.4,0,-24.4,-58.56,-14.64,53.68,117.12,92.72
-34.16,-19.52,14.64,29.28,-24.4,-4.88,-29.28,-58.56,-9.76,68.32,126.88,97.6
-24.4,0,24.4,14.64,-24.4,9.76,-39.04,-63.44,-24.4,58.56,117.12,92.72
-24.4,14.64,39.04,4.88,-34.16,24.4,-39.04,-68.32,-24.4,48.8,117.12,87.84
-24.4,34.16,58.56,-4.88,-43.92,43.92,-34.16,-73.2,-24.4,58.56,117.12,82.96
-24.4,48.8,73.2,-9.76,-48.8,58.56,-34.16,-78.08,-24.4,58.56,122,78.08
-9.76,39.04,48.8,-14.64,-29.28,43.92,-43.92,-73.2,-14.64,48.8,112.24,82.96
4.88,29.28,24.4,-14.64,-9.76,24.4,-43.92,-68.32,-14.64,48.8,112.24,87.84
9.76,29.28,19.52,-19.52,-4.88,24.4,-39.04,-63.44,-14.64,48.8,112.24,92.72
4.88,19.52,14.64,-9.76,-4.88,14.64,-39.04,-58.56,-14.64,48.8,112.24,97.6
-9.76,14.64,24.4,0,-19.52,19.52,-39.04,-68.32,-14.64,48.8,102.48,97.6
-14.64,4.88,19.52,4.88,-19.52,9.76,-43.92,-68.32,-14.64,48.8,102.48,92.72
-24.4,4.88,29.28,9.76,-29.28,14.64,-43.92,-68.32,-14.64,43.92,102.48,82.96
-29.28,9.76,39.04,9.76,-34.16,24.4,-43.92,-68.32,-14.64,43.92,102.48,78.08
-19.52,9.76,29.28,4.88,-24.4,19.52,-43.92,-73.2,-14.64,58.56,112.24,92.72
-14.64,4.88,19.52,4.88,-19.52,9.76,-43.92,-73.2,-19.52,58.56,117.12,92.72
-19.52,4.88,24.4,9.76,-24.4,14.64,-48.8,-73.2,-19.52,58.56,117.12,82.96
-14.64,0,14.64,9.76,-14.64,4.88,-53.68,-73.2,-19.52,58.56,122,82.96
-9.76,-4.88,4.88,9.76,-9.76,0,-43.92,-63.44,-9.76,63.44,131.76,87.84
-9.76,-4.88,4.88,9.76,-9.76,0,-43.92,-63.44,-9.76,63.44,131.76,92.72
-4.88,0,4.88,4.88,-4.88,0,-39.04,-68.32,-9.76,63.44,126.88,92.72
-4.88,0,4.88,4.88,-4.88,0,-39.04,-68.32,-9.76,63.44,122,97.6
-14.64,4.88,19.52,4.88,-19.52,9.76,-48.8,-68.32,-19.52,53.68,122,87.84
0,14.64,14.64,-4.88,-9.76,14.64,-48.8,-68.32,-19.52,53.68,126.88,87.84
4.88,29.28,24.4,-14.64,-9.76,24.4,-48.8,-63.44,-14.64,53.68,126.88,92.72
4.88,39.04,34.16,-19.52,-14.64,34.16,-48.8,-63.44,-14.64,53.68,126.88,92.72
0,24.4,24.4,-9.76,-14.64,24.4,-53.68,-68.32,-24.4,39.04,112.24,82.96
0,9.76,9.76,-4.88,-4.88,9.76,-58.56,-73.2,-24.4,39.04,112.24,82.96
-4.88,-4.88,0,4.88,-4.88,-4.88,-63.44,-78.08,-24.4,43.92,107.36,87.84
-14.64,-34.16,-19.52,24.4,0,-29.28,-63.44,-82.96,-24.4,43.92,102.48,87.84
-9.76,-14.64,-4.88,14.64,-4.88,-9.76,-53.68,-68.32,-4.88,58.56,117.12,92.72
4.88,9.76,4.88,-4.88,0,4.88,-48.8,-63.44,-4.88,68.32,136.64,97.6
9.76,19.52,9.76,-14.64,0,14.64,-43.92,-63.44,-4.88,73.2,136.64,102.48
9.76,29.28,19.52,-19.52,-4.88,24.4,-43.92,-63.44,-4.88,73.2,146.4,107.36
19.52,29.28,9.76,-24.4,4.88,19.52,-53.68,-73.2,-14.64,58.56,136.64,102.48
19.52,29.28,9.76,-24.4,4.88,19.52,-53.68,-68.32,-14.64,53.68,131.76,97.6
4.88,29.28,24.4,-14.64,-9.76,24.4,-53.68,-68.32,-14.64,48.8,122,92.72
4.88,24.4,19.52,-14.64,-9.76,19.52,-53.68,-68.32,-14.64,43.92,117.12,92.72
29.28,-4.88,-34.16,-9.76,29.28,-19.52,-53.68,-48.8,9.76,78.08,146.4,117.12
-9.76,-34.16,-24.4,24.4,4.88,-29.28,-34.16,-43.92,9.76,82.96,146.4,126.88
-14.64,-34.16,-19.52,24.4,0,-29.28,-24.4,-43.92,0,73.2,136.64,117.12
-9.76,-14.64,-4.88,14.64,-4.88,-9.76,0,-29.28,9.76,78.08,126.88,97.6
-29.28,4.88,34.16,14.64,-34.16,19.52,53.68,24.4,63.44,122,141.52,97.6
-34.16,48.8,82.96,-4.88,-58.56,63.44,97.6,82.96,126.88,185.44,161.04,117.12
-48.8,97.6,146.4,-24.4,-97.6,122,136.64,126.88,180.56,239.12,195.2,126.88
-68.32,126.88,195.2,-29.28,-131.76,161.04,190.32,190.32,234.24,292.8,219.6,136.64
-102.48,136.64,239.12,-14.64,-170.8,185.44,258.64,287.92,346.48,390.4,292.8,165.92
-117.12,131.76,248.88,-4.88,-185.44,190.32,356.24,414.8,492.88,527.04,380.64,209.84
-136.64,161.04,297.68,-9.76,-219.6,229.36,453.84,561.2,658.8,683.2,483.12,263.52
-131.76,209.84,341.6,-39.04,-239.12,273.28,541.68,683.2,819.84,868.64,624.64,341.6
-122,268.4,390.4,-73.2,-258.64,326.96,605.12,805.2,1005.28,1093.12,829.6,478.24
-78.08,331.84,409.92,-126.88,-244,370.88,673.44,941.84,1220,1376.16,1117.52,678.32
0,370.88,370.88,-185.44,-185.44,370.88,732,1073.6,1439.6,1683.6,1424.96,878.4
82.96,414.8,331.84,-248.88,-126.88,370.88,814.96,1273.68,1747.04,2034.96,1790.96,1112.64
175.68,512.4,336.72,-341.6,-82.96,424.56,936.96,1537.2,2137.44,2454.64,2200.88,1381.04
297.68,595.36,297.68,-444.08,0,444.08,1019.92,1776.32,2488.8,2825.52,2586.4,1625.04
458.72,614.88,156.16,-536.8,151.28,385.52,1073.6,1971.52,2781.6,3152.48,2957.28,1869.04
629.52,639.28,9.76,-634.4,307.44,322.08,1107.76,2152.08,3098.8,3494.08,3357.44,2161.84
814.96,732,-82.96,-771.04,448.96,322.08,1019.92,2156.96,3250.08,3703.92,3679.52,2440
1010.16,854,-156.16,-932.08,580.72,346.48,746.64,1810.48,3020.72,3630.72,3830.8,2640.08
1107.76,941.84,-165.92,-1024.8,634.4,385.52,312.32,1122.4,2420.48,3279.36,3777.12,2732.8
1102.88,971.12,-131.76,-1034.56,614.88,419.68,-165.92,283.04,1571.36,2718.16,3469.68,2674.24
1088.24,971.12,-117.12,-1029.68,600.24,424.56,-556.32,-458.72,712.48,2030.08,2981.68,2493.68
1049.2,893.04,-156.16,-971.12,600.24,366,-814.96,-1005.28,-107.36,1210.24,2342.4,2186.24
917.44,663.68,-253.76,-790.56,585.6,204.96,-1029.68,-1522.56,-1058.96,146.4,1381.04,1620.16
761.28,297.68,-463.6,-527.04,610,-82.96,-1283.44,-2049.6,-2020.32,-1039.44,200.08,819.84
649.04,29.28,-619.76,-336.72,634.4,-297.68,-1546.96,-2469.28,-2737.68,-1971.52,-766.16,170.8
536.8,-24.4,-561.2,-253.76,546.56,-292.8,-1712.88,-2654.72,-3035.36,-2396.08,-1190.72,-122
419.68,-24.4,-444.08,-195.2,429.44,-234.24,-1732.4,-2586.4,-2918.24,-2337.52,-1239.52,-190.32
380.64,-78.08,-458.72,-151.28,419.68,-268.4,-1693.36,-2405.84,-2630.32,-2113.04,-1200.48,-229.36
336.72,-165.92,-502.64,-82.96,419.68,-336.72,-1556.72,-2152.08,-2337.52,-1927.6,-1161.44,-292.8
180.56,-195.2,-375.76,9.76,278.16,-287.92,-1254.16,-1747.04,-1937.36,-1668.96,-1058.96,-312.32
39.04,-195.2,-234.24,78.08,136.64,-214.72,-922.32,-1332.24,-1512.8,-1351.76,-902.8,-268.4
4.88,-170.8,-175.68,82.96,87.84,-175.68,-732,-1083.36,-1239.52,-1137.04,-785.68,-263.52
-4.88,-122,-117.12,63.44,53.68,-122,-634.4,-936.96,-1073.6,-1000.4,-712.48,-292.8
-39.04,-63.44,-24.4,53.68,-9.76,-43.92,-512.4,-771.04,-868.64,-814.96,-614.88,-273.28
-43.92,-14.64,29.28,29.28,-39.04,4.88,-390.4,-595.36,-678.32,-644.16,-483.12,-224.48
-43.92,-4.88,39.04,24.4,-43.92,14.64,-297.68,-468.48,-546.56,-517.28,-400.16,-190.32
-68.32,-14.64,53.68,43.92,-63.44,19.52,-219.6,-361.12,-439.2,-419.68,-336.72,-180.56
-87.84,-19.52,68.32,53.68,-78.08,24.4,-146.4,-263.52,-341.6,-341.6,-283.04,-151.28
-97.6,-43.92,53.68,73.2,-78.08,4.88,-82.96,-195.2,-263.52,-287.92,-244,-126.88
-107.36,-73.2,34.16,92.72,-73.2,-19.52,-53.68,-141.52,-204.96,-224.48,-190.32,-102.48
-87.84,-48.8,39.04,68.32,-63.44,-4.88,-24.4,-112.24,-156.16,-165.92,-141.52,-68.32
-39.04,-19.52,19.52,29.28,-29.28,0,0,-73.2,-117.12,-122,-102.48,-48.8
-43.92,-43.92,0,43.92,-24.4,-24.4,19.52,-53.68,-92.72,-117.12,-97.6,-43.92
-82.96,-82.96,0,82.96,-43.92,-43.92,19.52,-53.68,-92.72,-122,-117.12,-63.44
-73.2,-63.44,9.76,68.32,-43.92,-29.28,24.4,-43.92,-92.72,-122,-107.36,-68.32
-58.56,-24.4,34.16,43.92,-48.8,4.88,34.16,-34.16,-82.96,-92.72,-92.72,-68.32
-73.2,-9.76,63.44,43.92,-68.32,24.4,34.16,-34.16,-87.84,-97.6,-102.48,-58.56
-87.84,-4.88,82.96,48.8,-87.84,39.04,48.8,-29.28,-78.08,-97.6,-102.48,-68.32
-82.96,0,82.96,43.92,-82.96,39.04,48.8,-24.4,-73.2,-92.72,-102.48,-68.32
-82.96,4.88,87.84,39.04,-87.84,43.92,53.68,-4.88,-53.68,-78.08,-92.72,-58.56
-92.72,-19.52,73.2,58.56,-82.96,24.4,48.8,-4.88,-48.8,-82.96,-78.08,-48.8
-107.36,-24.4,82.96,68.32,-97.6,29.28,48.8,0,-43.92,-78.08,-78.08,-53.68
-107.36,-34.16,73.2,73.2,-92.72,19.52,58.56,0,-34.16,-73.2,-73.2,-53.68
-107.36,-43.92,63.44,78.08,-87.84,9.76,63.44,9.76,-34.16,-68.32,-68.32,-43.92
-102.48,-48.8,53.68,78.08,-78.08,0,68.32,14.64,-34.16,-58.56,-68.32,-53.68
-87.84,-48.8,39.04,68.32,-63.44,-4.88,73.2,14.64,-29.28,-68.32,-73.2,-53.68
-92.72,-43.92,48.8,68.32,-73.2,0,73.2,19.52,-29.28,-68.32,-73.2,-63.44
-87.84,-48.8,39.04,68.32,-63.44,-4.88,78.08,24.4,-29.28,-68.32,-73.2,-68.32
-78.08,-43.92,34.16,63.44,-58.56,-4.88,87.84,14.64,-39.04,-68.32,-73.2,-73.2
-78.08,-39.04,39.04,58.56,-58.56,0,87.84,14.64,-34.16,-63.44,-68.32,-58.56
-78.08,-34.16,43.92,58.56,-63.44,4.88,68.32,14.64,-34.16,-63.44,-68.32,-48.8
-78.08,-29.28,48.8,53.68,-63.44,9.76,78.08,19.52,-29.28,-58.56,-68.32,-43.92
-82.96,-29.28,53.68,58.56,-68.32,9.76,82.96,29.28,-24.4,-48.8,-48.8,-43.92
-82.96,-29.28,53.68,58.56,-68.32,9.76,82.96,34.16,-24.4,-43.92,-48.8,-48.8
-87.84,-24.4,63.44,58.56,-78.08,19.52,87.84,34.16,-19.52,-43.92,-58.56,-53.68
-87.84,-24.4,63.44,58.56,-78.08,19.52,92.72,29.28,-14.64,-43.92,-68.32,-58.56
-92.72,-24.4,68.32,58.56,-82.96,19.52,97.6,34.16,-14.64,-34.16,-58.56,-53.68
-92.72,-19.52,73.2,58.56,-82.96,24.4,102.48,43.92,-14.64,-34.16,-58.56,-58.56
-87.84,-19.52,68.32,53.68,-78.08,24.4,107.36,48.8,-14.64,-39.04,-58.56,-58.56
-73.2,-19.52,53.68,48.8,-63.44,14.64,117.12,53.68,-14.64,-39.04,-58.56,-53.68
-82.96,-34.16,48.8,58.56,-68.32,4.88,112.24,58.56,-19.52,-43.92,-63.44,-63.44
-87.84,-39.04,48.8,63.44,-68.32,4.88,112.24,53.68,-19.52,-53.68,-73.2,-63.44
-87.84,-48.8,39.04,68.32,-63.44,-4.88,107.36,48.8,-19.52,-58.56,-78.08,-63.44
-92.72,-53.68,39.04,73.2,-68.32,-9.76,107.36,43.92,-19.52,-58.56,-73.2,-58.56
-92.72,-43.92,48.8,68.32,-73.2,0,117.12,53.68,-14.64,-53.68,-68.32,-53.68
-87.84,-43.92,43.92,68.32,-68.32,0,117.12,63.44,-9.76,-53.68,-73.2,-53.68
-82.96,-43.92,39.04,63.44,-63.44,-4.88,117.12,68.32,-4.88,-48.8,-73.2,-58.56
-78.08,-43.92,34.16,63.44,-58.56,-4.88,117.12,73.2,4.88,-43.92,-68.32,-58.56
-92.72,-43.92,48.8,68.32,-73.2,0,117.12,73.2,-4.88,-39.04,-73.2,-63.44
-97.6,-48.8,48.8,73.2,-73.2,0,117.12,73.2,-4.88,-39.04,-73.2,-63.44
-97.6,-43.92,53.68,73.2,-78.08,4.88,112.24,73.2,-4.88,-39.04,-68.32,-58.56
-102.48,-39.04,63.44,73.2,-82.96,9.76,112.24,73.2,-4.88,-43.92,-68.32,-53.68
-87.84,-34.16,53.68,63.44,-73.2,9.76,117.12,63.44,-4.88,-43.92,-68.32,-58.56
-78.08,-29.28,48.8,53.68,-63.44,9.76,117.12,68.32,0,-43.92,-68.32,-63.44
-87.84,-24.4,63.44,58.56,-78.08,19.52,117.12,73.2,4.88,-43.92,-68.32,-63.44
-87.84,-14.64,73.2,53.68,-82.96,29.28,122,78.08,4.88,-39.04,-68.32,-63.44
-82.96,-19.52,63.44,53.68,-73.2,19.52,117.12,68.32,0,-29.28,-78.08,-53.68
-82.96,-19.52,63.44,53.68,-73.2,19.52,117.12,73.2,0,-24.4,-78.08,-68.32
-97.6,-19.52,78.08,58.56,-87.84,29.28,122,73.2,0,-39.04,-87.84,-73.2
-82.96,-14.64,68.32,48.8,-78.08,24.4,122,73.2,0,-43.92,-92.72,-73.2
-82.96,-4.88,78.08,43.92,-82.96,34.16,122,78.08,0,-43.92,-82.96,-58.56
-92.72,-9.76,82.96,53.68,-87.84,34.16,122,78.08,0,-48.8,-78.08,-58.56
-97.6,-9.76,87.84,53.68,-92.72,39.04,126.88,78.08,4.88,-43.92,-78.08,-58.56
-107.36,-9.76,97.6,58.56,-102.48,43.92,131.76,82.96,4.88,-34.16,-78.08,-63.44
-117.12,-14.64,102.48,68.32,-112.24,43.92,126.88,78.08,4.88,-43.92,-87.84,-73.2
-122,-19.52,102.48,73.2,-112.24,39.04,126.88,78.08,0,-48.8,-92.72,-78.08
-122,-19.52,102.48,73.2,-112.24,39.04,117.12,73.2,-4.88,-53.68,-97.6,-82.96
-117.12,-19.52,97.6,68.32,-107.36,39.04,107.36,68.32,-9.76,-58.56,-102.48,-87.84
-117.12,-9.76,107.36,63.44,-112.24,48.8,107.36,78.08,-9.76,-63.44,-117.12,-87.84
-122,-24.4,97.6,73.2,-112.24,34.16,107.36,78.08,-4.88,-63.44,-117.12,-82.96
-122,-34.16,87.84,78.08,-107.36,24.4,102.48,78.08,-4.88,-63.44,-122,-82.96
-131.76,-39.04,92.72,87.84,-112.24,24.4,102.48,78.08,0,-63.44,-126.88,-92.72
-117.12,-29.28,87.84,73.2,-102.48,29.28,97.6,73.2,-4.88,-63.44,-122,-97.6
-112.24,-24.4,87.84,68.32,-102.48,29.28,107.36,78.08,0,-63.44,-117.12,-97.6
-117.12,-19.52,97.6,68.32,-107.36,39.04,107.36,82.96,0,-63.44,-122,-97.6
-112.24,-14.64,97.6,63.44,-107.36,39.04,97.6,82.96,4.88,-63.44,-122,-97.6
-107.36,-24.4,82.96,68.32,-97.6,29.28,87.84,73.2,4.88,-73.2,-126.88,-112.24
-126.88,-29.28,97.6,78.08,-112.24,34.16,87.84,78.08,0,-73.2,-136.64,-122
-136.64,-34.16,102.48,87.84,-122,34.16,87.84,82.96,-4.88,-73.2,-141.52,-131.76
-146.4,-43.92,102.48,97.6,-126.88,29.28,92.72,82.96,-4.88,-73.2,-151.28,-131.76
-175.68,-48.8,126.88,112.24,-151.28,39.04,112.24,97.6,9.76,-58.56,-151.28,-122
-185.44,-48.8,136.64,117.12,-161.04,43.92,126.88,112.24,19.52,-63.44,-146.4,-122
-185.44,-48.8,136.64,117.12,-161.04,43.92,131.76,126.88,29.28,-58.56,-136.64,-117.12
-180.56,-48.8,131.76,117.12,-156.16,39.04,141.52,131.76,39.04,-53.68,-126.88,-117.12
-165.92,-43.92,122,107.36,-146.4,39.04,136.64,141.52,43.92,-43.92,-146.4,-131.76
-161.04,-34.16,126.88,97.6,-146.4,43.92,141.52,146.4,43.92,-43.92,-146.4,-136.64
-156.16,-19.52,136.64,87.84,-146.4,58.56,151.28,156.16,43.92,-43.92,-146.4,-141.52
-151.28,-9.76,141.52,82.96,-146.4,63.44,151.28,161.04,39.04,-48.8,-151.28,-146.4
-161.04,-19.52,141.52,92.72,-151.28,58.56,165.92,175.68,48.8,-53.68,-175.68,-156.16
-175.68,-29.28,146.4,102.48,-161.04,58.56,165.92,180.56,48.8,-58.56,-180.56,-165.92
-190.32,-34.16,156.16,112.24,-175.68,58.56,170.8,185.44,48.8,-63.44,-190.32,-170.8
-200.08,-43.92,156.16,122,-180.56,53.68,175.68,190.32,48.8,-78.08,-200.08,-180.56
-195.2,-48.8,146.4,122,-170.8,48.8,180.56,204.96,58.56,-68.32,-200.08,-180.56
-195.2,-48.8,146.4,122,-170.8,48.8,190.32,214.72,63.44,-68.32,-209.84,-195.2
-195.2,-53.68,141.52,126.88,-170.8,43.92,200.08,224.48,63.44,-87.84,-224.48,-204.96
-190.32,-53.68,136.64,122,-165.92,39.04,204.96,234.24,63.44,-102.48,-234.24,-214.72
-180.56,-58.56,122,122,-151.28,29.28,209.84,239.12,58.56,-117.12,-258.64,-229.36
-195.2,-63.44,131.76,131.76,-165.92,34.16,214.72,239.12,53.68,-126.88,-273.28,-244
-195.2,-73.2,122,136.64,-161.04,24.4,219.6,244,53.68,-131.76,-283.04,-258.64
-195.2,-73.2,122,136.64,-161.04,24.4,224.48,244,43.92,-141.52,-297.68,-268.4
-185.44,-82.96,102.48,136.64,-146.4,9.76,214.72,239.12,29.28,-161.04,-322.08,-302.56
-180.56,-87.84,92.72,136.64,-136.64,0,214.72,234.24,29.28,-185.44,-346.48,-322.08
-156.16,-87.84,68.32,122,-112.24,-9.76,214.72,239.12,24.4,-190.32,-361.12,-326.96
-131.76,-87.84,43.92,112.24,-87.84,-24.4,219.6,239.12,19.52,-200.08,-370.88,-336.72
-136.64,-92.72,43.92,117.12,-92.72,-24.4,214.72,239.12,4.88,-219.6,-405.04,-370.88
-131.76,-102.48,29.28,117.12,-82.96,-39.04,219.6,239.12,-4.88,-229.36,-434.32,-395.28
-131.76,-107.36,24.4,122,-78.08,-43.92,219.6,239.12,-19.52,-239.12,-463.6,-414.8
-126.88,-122,4.88,126.88,-68.32,-58.56,219.6,239.12,-24.4,-268.4,-488,-429.44
-151.28,-122,29.28,136.64,-92.72,-48.8,234.24,244,-24.4,-278.16,-492.88,-434.32
-122,-122,0,122,-63.44,-63.44,244,248.88,-19.52,-283.04,-502.64,-448.96
-122,-122,0,122,-63.44,-63.44,253.76,253.76,-14.64,-297.68,-522.16,-458.72
-146.4,-122,24.4,136.64,-87.84,-48.8,258.64,248.88,-24.4,-297.68,-536.8,-478.24
-156.16,-141.52,14.64,151.28,-87.84,-63.44,258.64,253.76,-34.16,-312.32,-541.68,-497.76
-146.4,-141.52,4.88,146.4,-78.08,-68.32,258.64,258.64,-34.16,-326.96,-561.2,-502.64
-136.64,-141.52,-4.88,141.52,-68.32,-73.2,258.64,258.64,-29.28,-331.84,-580.72,-507.52
-117.12,-141.52,-24.4,131.76,-48.8,-82.96,258.64,258.64,-29.28,-331.84,-585.6,-512.4
-112.24,-141.52,-29.28,126.88,-43.92,-87.84,258.64,263.52,-43.92,-341.6,-590.48,-517.28
-112.24,-141.52,-29.28,126.88,-43.92,-87.84,263.52,253.76,-48.8,-341.6,-590.48,-517.28
-117.12,-136.64,-19.52,126.88,-48.8,-78.08,263.52,244,-48.8,-341.6,-595.36,-517.28
-126.88,-126.88,0,126.88,-63.44,-63.44,253.76,239.12,-53.68,-341.6,-595.36,-517.28
-122,-136.64,-14.64,131.76,-53.68,-78.08,244,234.24,-68.32,-356.24,-600.24,-527.04
-122,-136.64,-14.64,131.76,-53.68,-78.08,244,229.36,-73.2,-361.12,-600.24,-522.16
-126.88,-136.64,-9.76,131.76,-58.56,-73.2,244,229.36,-82.96,-366,-580.72,-522.16
-122,-131.76,-9.76,126.88,-58.56,-73.2,234.24,234.24,-82.96,-356.24,-570.96,-512.4
-112.24,-122,-9.76,117.12,-53.68,-68.32,229.36,219.6,-92.72,-361.12,-575.84,-522.16
-107.36,-126.88,-19.52,117.12,-43.92,-73.2,204.96,209.84,-97.6,-356.24,-575.84,-512.4
-102.48,-131.76,-29.28,117.12,-39.04,-82.96,200.08,195.2,-92.72,-356.24,-570.96,-502.64
-97.6,-136.64,-39.04,117.12,-29.28,-87.84,190.32,170.8,-92.72,-356.24,-580.72,-488
-107.36,-151.28,-43.92,131.76,-34.16,-97.6,195.2,161.04,-102.48,-346.48,-556.32,-473.36
-92.72,-146.4,-53.68,122,-19.52,-102.48,185.44,156.16,-92.72,-331.84,-531.92,-453.84
-87.84,-141.52,-53.68,117.12,-19.52,-97.6,175.68,156.16,-87.84,-312.32,-507.52,-444.08
-73.2,-141.52,-68.32,107.36,-4.88,-107.36,165.92,146.4,-82.96,-292.8,-488,-429.44
-63.44,-126.88,-63.44,97.6,0,-97.6,151.28,146.4,-87.84,-287.92,-468.48,-409.92
-53.68,-112.24,-58.56,82.96,0,-87.84,126.88,136.64,-82.96,-278.16,-444.08,-390.4
-34.16,-92.72,-58.56,63.44,9.76,-78.08,112.24,122,-78.08,-278.16,-434.32,-370.88
-9.76,-78.08,-68.32,43.92,29.28,-73.2,102.48,107.36,-73.2,-263.52,-414.8,-346.48
9.76,-73.2,-82.96,34.16,43.92,-78.08,92.72,92.72,-58.56,-239.12,-375.76,-307.44
14.64,-63.44,-78.08,24.4,43.92,-73.2,78.08,82.96,-58.56,-214.72,-336.72,-283.04
24.4,-58.56,-82.96,19.52,53.68,-73.2,63.44,73.2,-58.56,-195.2,-297.68,-263.52
24.4,-43.92,-68.32,9.76,43.92,-58.56,53.68,68.32,-58.56,-170.8,-263.52,-239.12
43.92,-39.04,-82.96,0,63.44,-63.44,29.28,53.68,-48.8,-151.28,-234.24,-204.96
58.56,-24.4,-82.96,-14.64,68.32,-53.68,14.64,39.04,-48.8,-136.64,-204.96,-185.44
68.32,-19.52,-87.84,-24.4,78.08,-53.68,4.88,29.28,-53.68,-122,-190.32,-165.92
82.96,-14.64,-97.6,-34.16,87.84,-58.56,0,19.52,-58.56,-117.12,-175.68,-146.4
82.96,-9.76,-92.72,-34.16,87.84,-53.68,0,19.52,-58.56,-117.12,-151.28,-131.76
92.72,-9.76,-102.48,-39.04,97.6,-58.56,0,4.88,-58.56,-102.48,-136.64,-117.12
92.72,-9.76,-102.48,-39.04,97.6,-58.56,-9.76,-4.88,-58.56,-87.84,-126.88,-107.36
107.36,-9.76,-117.12,-48.8,112.24,-63.44,-19.52,-9.76,-68.32,-87.84,-122,-97.6
122,-9.76,-131.76,-53.68,126.88,-73.2,-24.4,-14.64,-58.56,-58.56,-92.72,-73.2
117.12,-4.88,-122,-53.68,117.12,-63.44,-24.4,-19.52,-53.68,-53.68,-68.32,-58.56
112.24,-4.88,-117.12,-53.68,112.24,-63.44,-24.4,-24.4,-53.68,-48.8,-53.68,-39.04
97.6,-4.88,-102.48,-43.92,97.6,-53.68,-29.28,-34.16,-53.68,-43.92,-43.92,-34.16
107.36,14.64,-92.72,-58.56,97.6,-39.04,-29.28,-43.92,-53.68,-48.8,-43.92,-43.92
107.36,14.64,-92.72,-58.56,97.6,-39.04,-43.92,-43.92,-58.56,-34.16,-29.28,-39.04
107.36,19.52,-87.84,-63.44,97.6,-34.16,-48.8,-43.92,-58.56,-34.16,-29.28,-29.28
107.36,24.4,-82.96,-63.44,92.72,-29.28,-53.68,-53.68,-58.56,-29.28,-19.52,-19.52
102.48,24.4,-78.08,-63.44,87.84,-29.28,-58.56,-58.56,-63.44,-19.52,-4.88,-9.76
117.12,24.4,-92.72,-68.32,102.48,-34.16,-63.44,-63.44,-68.32,-19.52,0,-4.88
126.88,24.4,-102.48,-73.2,112.24,-39.04,-68.32,-63.44,-73.2,-19.52,-4.88,0
131.76,19.52,-112.24,-73.2,122,-48.8,-58.56,-68.32,-73.2,-14.64,0,4.88
131.76,14.64,-117.12,-73.2,122,-53.68,-58.56,-78.08,-63.44,-14.64,14.64,4.88
131.76,29.28,-102.48,-78.08,117.12,-39.04,-58.56,-68.32,-68.32,-19.52,24.4,14.64
136.64,39.04,-97.6,-87.84,117.12,-29.28,-63.44,-68.32,-68.32,-19.52,29.28,19.52
151.28,43.92,-107.36,-97.6,126.88,-34.16,-73.2,-73.2,-63.44,-14.64,29.28,19.52
146.4,53.68,-92.72,-97.6,117.12,-19.52,-63.44,-73.2,-73.2,-24.4,19.52,19.52
146.4,53.68,-92.72,-97.6,117.12,-19.52,-58.56,-73.2,-73.2,-14.64,19.52,19.52
131.76,53.68,-78.08,-92.72,102.48,-14.64,-58.56,-73.2,-68.32,-9.76,19.52,19.52
141.52,53.68,-87.84,-97.6,112.24,-19.52,-53.68,-68.32,-63.44,-9.76,14.64,14.64
156.16,39.04,-117.12,-97.6,136.64,-39.04,-58.56,-63.44,-63.44,-9.76,24.4,14.64
161.04,39.04,-122,-97.6,141.52,-43.92,-53.68,-63.44,-53.68,-4.88,39.04,29.28
161.04,39.04,-122,-97.6,141.52,-43.92,-53.68,-53.68,-53.68,-4.88,39.04,29.28
161.04,34.16,-126.88,-97.6,141.52,-48.8,-53.68,-63.44,-58.56,-4.88,39.04,29.28
165.92,39.04,-126.88,-102.48,146.4,-43.92,-48.8,-58.56,-48.8,4.88,43.92,39.04
156.16,39.04,-117.12,-97.6,136.64,-39.04,-39.04,-53.68,-48.8,4.88,43.92,39.04
151.28,39.04,-112.24,-92.72,131.76,-39.04,-34.16,-53.68,-48.8,4.88,34.16,39.04
151.28,39.04,-112.24,-92.72,131.76,-39.04,-29.28,-48.8,-43.92,9.76,39.04,39.04
151.28,29.28,-122,-87.84,136.64,-48.8,-39.04,-48.8,-48.8,9.76,48.8,29.28
146.4,24.4,-122,-82.96,131.76,-48.8,-39.04,-43.92,-43.92,9.76,43.92,29.28
146.4,24.4,-122,-82.96,131.76,-48.8,-39.04,-43.92,-43.92,9.76,39.04,24.4
146.4,34.16,-112.24,-87.84,126.88,-39.04,-39.04,-43.92,-43.92,14.64,39.04,24.4
151.28,24.4,-126.88,-87.84,136.64,-53.68,-39.04,-43.92,-39.04,9.76,39.04,29.28
151.28,19.52,-131.76,-82.96,141.52,-58.56,-39.04,-48.8,-39.04,9.76,43.92,29.28
151.28,19.52,-131.76,-82.96,141.52,-58.56,-29.28,-48.8,-39.04,9.76,48.8,34.16
156.16,19.52,-136.64,-87.84,146.4,-58.56,-39.04,-53.68,-39.04,9.76,63.44,39.04
146.4,9.76,-136.64,-78.08,141.52,-63.44,-48.8,-48.8,-34.16,9.76,63.44,34.16
146.4,19.52,-126.88,-82.96,136.64,-53.68,-39.04,-48.8,-34.16,9.76,63.44,34.16
146.4,29.28,-117.12,-87.84,131.76,-43.92,-29.28,-39.04,-34.16,14.64,58.56,34.16
151.28,29.28,-122,-87.84,136.64,-48.8,-29.28,-39.04,-34.16,14.64,48.8,34.16
165.92,39.04,-126.88,-102.48,146.4,-43.92,-34.16,-29.28,-29.28,19.52,58.56,34.16
161.04,39.04,-122,-97.6,141.52,-43.92,-39.04,-29.28,-29.28,24.4,63.44,34.16
165.92,29.28,-136.64,-97.6,151.28,-53.68,-43.92,-29.28,-29.28,29.28,63.44,34.16
175.68,29.28,-146.4,-102.48,161.04,-58.56,-43.92,-19.52,-34.16,29.28,63.44,34.16
185.44,34.16,-151.28,-107.36,165.92,-58.56,-29.28,-14.64,-29.28,34.16,68.32,43.92
190.32,34.16,-156.16,-112.24,170.8,-63.44,-29.28,-14.64,-19.52,34.16,68.32,53.68
190.32,34.16,-156.16,-112.24,170.8,-63.44,-34.16,-14.64,-14.64,34.16,68.32,39.04
190.32,34.16,-156.16,-112.24,170.8,-63.44,-39.04,-9.76,-9.76,39.04,58.56,34.16
190.32,34.16,-156.16,-112.24,170.8,-63.44,-39.04,-14.64,-14.64,39.04,58.56,34.16
180.56,29.28,-151.28,-102.48,165.92,-63.44,-39.04,-14.64,-14.64,39.04,63.44,34.16
180.56,24.4,-156.16,-102.48,165.92,-68.32,-39.04,-14.64,-14.64,34.16,63.44,39.04
180.56,19.52,-161.04,-97.6,170.8,-73.2,-48.8,-19.52,-19.52,24.4,68.32,34.16
180.56,19.52,-161.04,-97.6,170.8,-73.2,-48.8,-9.76,-9.76,19.52,68.32,19.52
190.32,19.52,-170.8,-102.48,180.56,-78.08,-43.92,-9.76,-9.76,24.4,68.32,19.52
175.68,19.52,-156.16,-97.6,165.92,-68.32,-39.04,-9.76,-9.76,29.28,63.44,19.52
156.16,14.64,-141.52,-82.96,146.4,-63.44,-34.16,-9.76,-9.76,34.16,63.44,19.52
170.8,4.88,-165.92,-87.84,165.92,-82.96,-34.16,-4.88,0,39.04,53.68,29.28
180.56,14.64,-165.92,-97.6,170.8,-78.08,-19.52,14.64,14.64,48.8,63.44,39.04
146.4,9.76,-136.64,-78.08,141.52,-63.44,-19.52,9.76,9.76,39.04,58.56,29.28
161.04,19.52,-141.52,-87.84,151.28,-63.44,-29.28,9.76,9.76,48.8,58.56,39.04
165.92,29.28,-136.64,-97.6,151.28,-53.68,-29.28,9.76,9.76,48.8,58.56,39.04
170.8,39.04,-131.76,-102.48,151.28,-48.8,-29.28,9.76,9.76,48.8,58.56,39.04
175.68,48.8,-126.88,-112.24,151.28,-39.04,-29.28,9.76,9.76,48.8,58.56,39.04
175.68,58.56,-117.12,-117.12,146.4,-29.28,-34.16,0,9.76,58.56,63.44,43.92
185.44,58.56,-126.88,-122,156.16,-34.16,-39.04,4.88,14.64,68.32,78.08,48.8
185.44,48.8,-136.64,-117.12,161.04,-43.92,-43.92,4.88,14.64,68.32,82.96,53.68
185.44,48.8,-136.64,-117.12,161.04,-43.92,-43.92,4.88,14.64,68.32,87.84,58.56
175.68,53.68,-122,-112.24,146.4,-34.16,-43.92,-9.76,14.64,63.44,78.08,53.68
170.8,48.8,-122,-107.36,146.4,-39.04,-48.8,-19.52,4.88,58.56,78.08,53.68
170.8,43.92,-126.88,-107.36,146.4,-43.92,-53.68,-9.76,14.64,53.68,73.2,48.8
170.8,39.04,-131.76,-102.48,151.28,-48.8,-63.44,-9.76,14.64,48.8,73.2,48.8
165.92,24.4,-141.52,-92.72,151.28,-58.56,-78.08,-24.4,0,43.92,63.44,34.16
161.04,14.64,-146.4,-87.84,151.28,-68.32,-82.96,-29.28,-4.88,39.04,58.56,29.28
161.04,24.4,-136.64,-92.72,146.4,-58.56,-87.84,-29.28,-4.88,34.16,53.68,24.4
156.16,29.28,-126.88,-92.72,141.52,-48.8,-92.72,-34.16,0,29.28,58.56,24.4
156.16,34.16,-122,-92.72,136.64,-43.92,-107.36,-39.04,-14.64,19.52,48.8,14.64
161.04,34.16,-126.88,-97.6,141.52,-48.8,-107.36,-48.8,-19.52,19.52,48.8,19.52
161.04,24.4,-136.64,-92.72,146.4,-58.56,-97.6,-53.68,-19.52,24.4,53.68,19.52
156.16,24.4,-131.76,-87.84,141.52,-53.68,-97.6,-58.56,-24.4,24.4,53.68,19.52
161.04,34.16,-126.88,-97.6,141.52,-48.8,-102.48,-73.2,-29.28,9.76,39.04,19.52
175.68,43.92,-131.76,-107.36,151.28,-43.92,-107.36,-73.2,-34.16,4.88,39.04,19.52
165.92,43.92,-122,-102.48,141.52,-39.04,-112.24,-73.2,-39.04,0,39.04,19.52
170.8,53.68,-117.12,-112.24,141.52,-34.16,-117.12,-73.2,-43.92,0,39.04,19.52
161.04,48.8,-112.24,-102.48,136.64,-34.16,-131.76,-87.84,-48.8,-9.76,39.04,14.64
156.16,39.04,-117.12,-97.6,136.64,-39.04,-141.52,-92.72,-48.8,-9.76,34.16,4.88
156.16,29.28,-126.88,-92.72,141.52,-48.8,-151.28,-97.6,-53.68,-14.64,19.52,0
156.16,24.4,-131.76,-87.84,141.52,-53.68,-156.16,-97.6,-58.56,-14.64,24.4,-4.88
156.16,34.16,-122,-92.72,136.64,-43.92,-156.16,-102.48,-63.44,-19.52,19.52,-9.76
156.16,34.16,-122,-92.72,136.64,-43.92,-151.28,-102.48,-63.44,-19.52,14.64,-4.88
151.28,34.16,-117.12,-92.72,131.76,-43.92,-151.28,-102.48,-68.32,-24.4,19.52,-4.88
151.28,34.16,-117.12,-92.72,131.76,-43.92,-156.16,-107.36,-73.2,-29.28,14.64,-4.88
146.4,29.28,-117.12,-87.84,131.76,-43.92,-151.28,-97.6,-58.56,-19.52,9.76,-4.88
151.28,29.28,-122,-87.84,136.64,-48.8,-151.28,-97.6,-58.56,-19.52,9.76,-4.88
151.28,29.28,-122,-87.84,136.64,-48.8,-146.4,-97.6,-53.68,-19.52,9.76,-4.88
141.52,29.28,-112.24,-82.96,126.88,-43.92,-141.52,-97.6,-53.68,-14.64,24.4,0
141.52,39.04,-102.48,-87.84,122,-34.16,-117.12,-78.08,-39.04,-4.88,39.04,4.88
141.52,43.92,-97.6,-92.72,117.12,-29.28,-107.36,-73.2,-34.16,4.88,34.16,9.76
141.52,48.8,-92.72,-92.72,117.12,-24.4,-102.48,-68.32,-29.28,14.64,39.04,14.64
141.52,53.68,-87.84,-97.6,112.24,-19.52,-97.6,-63.44,-24.4,24.4,43.92,14.64
122,53.68,-68.32,-87.84,92.72,-9.76,-82.96,-58.56,-29.28,4.88,39.04,14.64
117.12,48.8,-68.32,-82.96,92.72,-9.76,-82.96,-53.68,-29.28,4.88,34.16,14.64
112.24,39.04,-73.2,-73.2,92.72,-19.52,-78.08,-48.8,-29.28,9.76,29.28,14.64
107.36,24.4,-82.96,-63.44,92.72,-29.28,-73.2,-43.92,-29.28,9.76,24.4,14.64
122,34.16,-87.84,-78.08,102.48,-29.28,-68.32,-39.04,-24.4,14.64,29.28,14.64
131.76,34.16,-97.6,-82.96,112.24,-34.16,-73.2,-34.16,-19.52,9.76,24.4,9.76
136.64,34.16,-102.48,-82.96,117.12,-34.16,-58.56,-29.28,-14.64,14.64,29.28,9.76
141.52,19.52,-122,-78.08,131.76,-53.68,-53.68,-24.4,-9.76,24.4,34.16,9.76
146.4,43.92,-102.48,-92.72,122,-29.28,-48.8,-19.52,-4.88,34.16,43.92,24.4
151.28,58.56,-92.72,-102.48,122,-19.52,-43.92,-19.52,0,34.16,48.8,24.4
161.04,63.44,-97.6,-112.24,126.88,-19.52,-39.04,-14.64,4.88,34.16,53.68,29.28
170.8,68.32,-102.48,-117.12,136.64,-19.52,-39.04,-9.76,9.76,39.04,58.56,29.28
161.04,63.44,-97.6,-112.24,126.88,-19.52,-48.8,-9.76,-4.88,39.04,48.8,19.52
161.04,63.44,-97.6,-112.24,126.88,-19.52,-48.8,-9.76,-4.88,29.28,48.8,19.52
161.04,68.32,-92.72,-112.24,126.88,-14.64,-43.92,-9.76,-4.88,39.04,48.8,19.52
161.04,68.32,-92.72,-112.24,126.88,-14.64,-43.92,-9.76,-4.88,39.04,53.68,19.52
170.8,63.44,-107.36,-117.12,136.64,-24.4,-63.44,-19.52,4.88,29.28,53.68,19.52
180.56,58.56,-122,-117.12,151.28,-34.16,-63.44,-19.52,4.88,29.28,53.68,19.52
180.56,63.44,-117.12,-122,146.4,-29.28,-58.56,-19.52,4.88,29.28,53.68,19.52
170.8,58.56,-112.24,-112.24,141.52,-29.28,-58.56,-19.52,4.88,29.28,53.68,19.52
170.8,63.44,-107.36,-117.12,136.64,-24.4,-58.56,-19.52,4.88,39.04,53.68,34.16
170.8,53.68,-117.12,-112.24,141.52,-34.16,-63.44,-19.52,4.88,39.04,53.68,34.16
165.92,53.68,-112.24,-107.36,136.64,-29.28,-63.44,-19.52,4.88,34.16,53.68,29.28
165.92,58.56,-107.36,-112.24,136.64,-24.4,-63.44,-19.52,4.88,34.16,53.68,29.28
161.04,68.32,-92.72,-112.24,126.88,-14.64,-53.68,-14.64,14.64,48.8,68.32,43.92
161.04,63.44,-97.6,-112.24,126.88,-19.52,-53.68,-14.64,9.76,48.8,68.32,43.92
151.28,63.44,-87.84,-107.36,117.12,-14.64,-58.56,-14.64,9.76,48.8,63.44,34.16
151.28,58.56,-92.72,-102.48,122,-19.52,-63.44,-14.64,9.76,48.8,63.44,34.16
156.16,53.68,-102.48,-102.48,126.88,-24.4,-63.44,-24.4,0,34.16,63.44,34.16
156.16,53.68,-102.48,-102.48,126.88,-24.4,-63.44,-24.4,0,34.16,63.44,34.16
161.04,58.56,-102.48,-107.36,131.76,-24.4,-58.56,-29.28,0,34.16,58.56,29.28
161.04,58.56,-102.48,-107.36,131.76,-24.4,-58.56,-29.28,0,34.16,53.68,29.28
151.28,58.56,-92.72,-102.48,122,-19.52,-68.32,-19.52,0,43.92,63.44,39.04
165.92,63.44,-102.48,-112.24,131.76,-19.52,-68.32,-19.52,0,43.92,68.32,39.04
170.8,73.2,-97.6,-122,131.76,-14.64,-68.32,-14.64,4.88,43.92,68.32,43.92
170.8,78.08,-92.72,-122,131.76,-9.76,-68.32,-14.64,4.88,43.92,68.32,43.92
165.92,78.08,-87.84,-122,126.88,-4.88,-68.32,-14.64,4.88,48.8,68.32,43.92
165.92,78.08,-87.84,-122,126.88,-4.88,-68.32,-14.64,4.88,48.8,73.2,43.92
161.04,78.08,-82.96,-117.12,122,-4.88,-68.32,-14.64,4.88,53.68,73.2,48.8
151.28,63.44,-87.84,-107.36,117.12,-14.64,-63.44,-14.64,4.88,53.68,73.2,48.8
156.16,68.32,-87.84,-112.24,122,-9.76,-68.32,-14.64,14.64,53.68,78.08,48.8
170.8,87.84,-82.96,-126.88,126.88,0,-68.32,-14.64,14.64,58.56,87.84,48.8
175.68,92.72,-82.96,-131.76,126.88,4.88,-68.32,-19.52,14.64,58.56,78.08,48.8
175.68,97.6,-78.08,-136.64,126.88,9.76,-73.2,-24.4,14.64,53.68,78.08,48.8
165.92,87.84,-78.08,-126.88,122,4.88,-82.96,-24.4,14.64,53.68,78.08,48.8
165.92,87.84,-78.08,-126.88,122,4.88,-82.96,-19.52,14.64,53.68,82.96,48.8
151.28,87.84,-63.44,-117.12,107.36,9.76,-82.96,-19.52,14.64,53.68,82.96,48.8
151.28,82.96,-68.32,-117.12,107.36,4.88,-82.96,-19.52,14.64,53.68,87.84,53.68
165.92,92.72,-73.2,-126.88,117.12,9.76,-82.96,-19.52,19.52,58.56,87.84,58.56
146.4,73.2,-73.2,-107.36,107.36,0,-102.48,-43.92,0,43.92,68.32,39.04
141.52,73.2,-68.32,-107.36,102.48,0,-102.48,-43.92,0,53.68,68.32,39.04
146.4,112.24,-34.16,-126.88,87.84,39.04,-68.32,-9.76,39.04,87.84,87.84,48.8
126.88,131.76,4.88,-126.88,58.56,68.32,-34.16,24.4,63.44,102.48,92.72,48.8
112.24,136.64,24.4,-122,43.92,78.08,-9.76,53.68,97.6,136.64,92.72,48.8
107.36,165.92,58.56,-136.64,24.4,112.24,19.52,97.6,151.28,200.08,146.4,87.84
78.08,175.68,97.6,-126.88,-9.76,136.64,63.44,141.52,204.96,263.52,200.08,117.12
53.68,185.44,131.76,-117.12,-39.04,156.16,112.24,219.6,297.68,341.6,244,146.4
58.56,219.6,161.04,-136.64,-53.68,190.32,209.84,356.24,434.32,478.24,331.84,200.08
68.32,278.16,209.84,-170.8,-73.2,244,297.68,492.88,600.24,644.16,453.84,263.52
43.92,336.72,292.8,-190.32,-126.88,312.32,375.76,624.64,780.8,849.12,614.88,361.12
53.68,405.04,351.36,-229.36,-151.28,375.76,458.72,766.16,995.52,1093.12,839.36,507.52
126.88,468.48,341.6,-297.68,-107.36,405.04,527.04,912.56,1220,1385.92,1117.52,688.08
204.96,488,283.04,-346.48,-39.04,385.52,585.6,1063.84,1459.12,1664.08,1395.68,868.64
268.4,512.4,244,-390.4,9.76,375.76,678.32,1283.44,1776.32,2015.44,1722.64,1063.84
380.64,590.48,209.84,-483.12,82.96,400.16,800.32,1576.24,2186.24,2464.4,2152.08,1332.24
483.12,653.92,170.8,-566.08,156.16,409.92,922.32,1834.88,2566.88,2874.32,2547.36,1586
624.64,712.48,87.84,-668.56,268.4,400.16,1015.04,2069.12,2937.76,3250.08,2947.52,1859.28
844.24,785.68,-58.56,-814.96,448.96,361.12,990.64,2191.12,3235.44,3591.68,3357.44,2161.84
1058.96,839.36,-219.6,-946.72,639.28,307.44,746.64,1961.76,3172,3664.88,3620.96,2400.96
1205.36,893.04,-312.32,-1049.2,756.4,287.92,326.96,1351.76,2718.16,3445.28,3684.4,2542.48
1283.44,980.88,-302.56,-1132.16,790.56,336.72,-156.16,536.8,1991.04,3045.12,3572.16,2586.4
1307.84,1039.44,-268.4,-1171.2,785.68,385.52,-624.64,-292.8,1122.4,2435.12,3235.44,2498.56
1302.96,1049.2,-253.76,-1176.08,775.92,395.28,-995.52,-976,234.24,1649.44,2688.88,2269.2
1263.92,951.6,-312.32,-1107.76,785.68,317.2,-1312.72,-1581.12,-712.48,712.48,1981.28,1922.72
1151.68,653.92,-497.76,-902.8,824.72,78.08,-1605.52,-2156.96,-1712.88,-439.2,990.64,1327.36
1044.32,239.12,-805.2,-639.28,922.32,-283.04,-1908.08,-2654.72,-2635.2,-1605.52,-190.32,546.56
980.88,-29.28,-1010.16,-473.36,995.52,-522.16,-2132.56,-2957.28,-3206.16,-2410.72,-1000.4,-14.64
917.44,-92.72,-1010.16,-409.92,961.36,-551.44,-2200.88,-2976.8,-3259.84,-2571.76,-1229.76,-180.56
810.08,-122,-932.08,-341.6,868.64,-527.04,-2132.56,-2771.84,-2976.8,-2357.04,-1200.48,-209.84
683.2,-204.96,-888.16,-239.12,785.68,-546.56,-1976.4,-2483.92,-2649.84,-2161.84,-1210.24,-297.68
570.96,-244,-814.96,-161.04,692.96,-531.92,-1673.84,-2093.52,-2288.72,-1966.64,-1180.96,-380.64
424.56,-214.72,-639.28,-102.48,531.92,-429.44,-1283.44,-1639.68,-1839.76,-1629.92,-1029.68,-351.36
283.04,-146.4,-429.44,-68.32,356.24,-287.92,-1019.92,-1293.2,-1444.48,-1302.96,-854,-287.92
209.84,-92.72,-302.56,-58.56,253.76,-200.08,-868.64,-1083.36,-1210.24,-1098,-756.4,-283.04
180.56,-63.44,-244,-58.56,209.84,-156.16,-712.48,-907.68,-1015.04,-951.6,-683.2,-283.04
136.64,-34.16,-170.8,-48.8,151.28,-102.48,-561.2,-712.48,-819.84,-785.68,-585.6,-263.52
112.24,-4.88,-117.12,-53.68,112.24,-63.44,-439.2,-556.32,-658.8,-644.16,-512.4,-244
122,24.4,-97.6,-73.2,107.36,-39.04,-336.72,-419.68,-517.28,-527.04,-439.2,-219.6
107.36,14.64,-92.72,-58.56,97.6,-39.04,-239.12,-302.56,-400.16,-419.68,-366,-200.08
58.56,0,-58.56,-29.28,58.56,-29.28,-185.44,-224.48,-322.08,-351.36,-322.08,-200.08
58.56,4.88,-53.68,-29.28,53.68,-24.4,-151.28,-175.68,-263.52,-297.68,-283.04,-185.44
97.6,14.64,-82.96,-53.68,87.84,-34.16,-112.24,-131.76,-195.2,-244,-229.36,-161.04
97.6,9.76,-87.84,-53.68,92.72,-39.04,-92.72,-102.48,-165.92,-214.72,-209.84,-146.4
68.32,0,-68.32,-34.16,68.32,-34.16,-87.84,-92.72,-146.4,-190.32,-200.08,-136.64
92.72,4.88,-87.84,-48.8,87.84,-43.92,-78.08,-73.2,-122,-175.68,-175.68,-122
102.48,-4.88,-107.36,-48.8,102.48,-58.56,-78.08,-63.44,-122,-180.56,-185.44,-131.76
92.72,-4.88,-97.6,-43.92,92.72,-53.68,-73.2,-53.68,-112.24,-180.56,-195.2,-136.64
78.08,4.88,-73.2,-39.04,73.2,-34.16,-43.92,-34.16,-92.72,-161.04,-180.56,-136.64
73.2,4.88,-68.32,-39.04,68.32,-34.16,-39.04,-24.4,-97.6,-146.4,-170.8,-126.88
58.56,4.88,-53.68,-29.28,53.68,-24.4,-29.28,-19.52,-87.84,-146.4,-170.8,-136.64
63.44,4.88,-58.56,-34.16,58.56,-29.28,-34.16,-14.64,-82.96,-141.52,-170.8,-136.64
63.44,4.88,-58.56,-34.16,58.56,-29.28,-34.16,4.88,-63.44,-126.88,-161.04,-126.88
68.32,9.76,-58.56,-39.04,63.44,-24.4,-39.04,9.76,-58.56,-122,-151.28,-122
58.56,14.64,-43.92,-34.16,48.8,-14.64,-39.04,9.76,-53.68,-117.12,-146.4,-122
63.44,14.64,-48.8,-39.04,53.68,-19.52,-29.28,4.88,-43.92,-112.24,-136.64,-117.12
68.32,14.64,-53.68,-39.04,58.56,-19.52,-24.4,9.76,-43.92,-107.36,-126.88,-102.48
63.44,9.76,-53.68,-34.16,58.56,-24.4,-29.28,4.88,-53.68,-117.12,-141.52,-117.12
68.32,9.76,-58.56,-39.04,63.44,-24.4,-24.4,4.88,-48.8,-126.88,-151.28,-122
53.68,14.64,-39.04,-34.16,43.92,-14.64,-24.4,9.76,-48.8,-126.88,-156.16,-136.64
48.8,9.76,-39.04,-29.28,43.92,-14.64,-19.52,14.64,-48.8,-126.88,-161.04,-146.4
58.56,9.76,-48.8,-34.16,53.68,-19.52,-9.76,24.4,-39.04,-117.12,-151.28,-151.28
58.56,9.76,-48.8,-34.16,53.68,-19.52,-9.76,24.4,-34.16,-112.24,-146.4,-136.64
58.56,9.76,-48.8,-34.16,53.68,-19.52,-29.28,24.4,-34.16,-112.24,-146.4,-126.88
58.56,9.76,-48.8,-34.16,53.68,-19.52,-19.52,29.28,-29.28,-107.36,-146.4,-122
78.08,14.64,-63.44,-43.92,68.32,-24.4,-4.88,19.52,-29.28,-117.12,-146.4,-117.12
82.96,19.52,-63.44,-48.8,73.2,-24.4,-4.88,24.4,-34.16,-112.24,-146.4,-117.12
82.96,29.28,-53.68,-53.68,68.32,-14.64,0,24.4,-34.16,-112.24,-156.16,-117.12
87.84,34.16,-53.68,-58.56,68.32,-9.76,4.88,19.52,-34.16,-112.24,-165.92,-117.12
68.32,29.28,-39.04,-48.8,53.68,-4.88,-4.88,19.52,-34.16,-122,-165.92,-126.88
63.44,29.28,-34.16,-43.92,48.8,-4.88,-4.88,24.4,-34.16,-122,-165.92,-136.64
63.44,24.4,-39.04,-43.92,48.8,-9.76,-4.88,24.4,-34.16,-126.88,-165.92,-141.52
73.2,19.52,-53.68,-43.92,63.44,-19.52,0,24.4,-34.16,-126.88,-165.92,-141.52
53.68,9.76,-43.92,-29.28,48.8,-19.52,0,34.16,-19.52,-112.24,-161.04,-136.64
48.8,9.76,-39.04,-29.28,43.92,-14.64,4.88,34.16,-19.52,-112.24,-161.04,-131.76
48.8,4.88,-43.92,-24.4,43.92,-19.52,4.88,34.16,-19.52,-107.36,-156.16,-126.88
43.92,4.88,-39.04,-24.4,39.04,-19.52,9.76,34.16,-19.52,-97.6,-141.52,-117.12
53.68,24.4,-29.28,-39.04,39.04,-4.88,19.52,48.8,-19.52,-97.6,-141.52,-122
58.56,24.4,-34.16,-39.04,43.92,-4.88,19.52,53.68,-19.52,-102.48,-151.28,-122
63.44,24.4,-39.04,-43.92,48.8,-9.76,19.52,53.68,-19.52,-102.48,-156.16,-126.88
68.32,24.4,-43.92,-43.92,53.68,-9.76,19.52,53.68,-14.64,-102.48,-156.16,-126.88
63.44,19.52,-43.92,-39.04,53.68,-14.64,9.76,43.92,-24.4,-102.48,-170.8,-136.64
58.56,9.76,-48.8,-34.16,53.68,-19.52,9.76,43.92,-24.4,-107.36,-170.8,-141.52
58.56,9.76,-48.8,-34.16,53.68,-19.52,4.88,43.92,-24.4,-112.24,-165.92,-141.52
53.68,9.76,-43.92,-29.28,48.8,-19.52,4.88,43.92,-24.4,-122,-165.92,-141.52
58.56,0,-58.56,-29.28,58.56,-29.28,19.52,53.68,-14.64,-117.12,-165.92,-131.76
58.56,0,-58.56,-29.28,58.56,-29.28,19.52,58.56,-9.76,-112.24,-165.92,-131.76
39.04,0,-39.04,-19.52,39.04,-19.52,19.52,63.44,-4.88,-107.36,-165.92,-126.88
29.28,4.88,-24.4,-14.64,24.4,-9.76,24.4,68.32,-4.88,-97.6,-165.92,-122
58.56,14.64,-43.92,-34.16,48.8,-14.64,39.04,78.08,0,-92.72,-161.04,-112.24
63.44,19.52,-43.92,-39.04,53.68,-14.64,39.04,82.96,0,-82.96,-156.16,-126.88
53.68,24.4,-29.28,-39.04,39.04,-4.88,43.92,82.96,0,-92.72,-161.04,-131.76
73.2,34.16,-39.04,-53.68,53.68,-4.88,43.92,82.96,0,-92.72,-161.04,-131.76
73.2,24.4,-48.8,-48.8,58.56,-14.64,39.04,82.96,0,-97.6,-161.04,-126.88
63.44,19.52,-43.92,-39.04,53.68,-14.64,34.16,78.08,0,-107.36,-156.16,-126.88
58.56,19.52,-39.04,-39.04,48.8,-9.76,34.16,73.2,4.88,-107.36,-156.16,-126.88
48.8,19.52,-29.28,-34.16,39.04,-4.88,34.16,73.2,4.88,-102.48,-156.16,-131.76
29.28,9.76,-19.52,-19.52,24.4,-4.88,34.16,68.32,0,-107.36,-165.92,-146.4
24.4,0,-24.4,-9.76,24.4,-14.64,39.04,78.08,0,-107.36,-170.8,-146.4
24.4,-4.88,-29.28,-9.76,24.4,-19.52,34.16,82.96,0,-107.36,-175.68,-146.4
29.28,-9.76,-39.04,-9.76,34.16,-24.4,29.28,87.84,0,-107.36,-180.56,-146.4
24.4,0,-24.4,-9.76,24.4,-14.64,29.28,87.84,0,-112.24,-185.44,-151.28
14.64,-14.64,-29.28,0,19.52,-24.4,29.28,87.84,4.88,-112.24,-185.44,-151.28
9.76,-24.4,-34.16,9.76,19.52,-29.28,24.4,87.84,4.88,-112.24,-190.32,-156.16
-4.88,-29.28,-24.4,19.52,9.76,-29.28,24.4,87.84,9.76,-112.24,-195.2,-170.8
14.64,-29.28,-43.92,9.76,29.28,-39.04,39.04,102.48,14.64,-112.24,-195.2,-175.68
24.4,-24.4,-48.8,0,34.16,-39.04,48.8,107.36,19.52,-112.24,-195.2,-175.68
24.4,-19.52,-43.92,0,34.16,-34.16,48.8,112.24,19.52,-112.24,-204.96,-175.68
34.16,-14.64,-48.8,-9.76,39.04,-34.16,39.04,112.24,24.4,-112.24,-209.84,-175.68
39.04,-19.52,-58.56,-9.76,48.8,-39.04,53.68,117.12,29.28,-112.24,-209.84,-170.8
29.28,-19.52,-48.8,-4.88,39.04,-34.16,58.56,126.88,29.28,-112.24,-214.72,-180.56
29.28,-19.52,-48.8,-4.88,39.04,-34.16,63.44,136.64,29.28,-112.24,-214.72,-190.32
29.28,-24.4,-53.68,0,39.04,-39.04,73.2,141.52,34.16,-112.24,-219.6,-190.32
0,-29.28,-29.28,14.64,14.64,-29.28,87.84,151.28,39.04,-112.24,-229.36,-204.96
-9.76,-29.28,-19.52,19.52,4.88,-24.4,97.6,161.04,39.04,-122,-234.24,-209.84
-9.76,-29.28,-19.52,19.52,4.88,-24.4,97.6,170.8,39.04,-122,-234.24,-209.84
-4.88,-29.28,-24.4,19.52,9.76,-29.28,102.48,170.8,39.04,-122,-234.24,-214.72
-14.64,-34.16,-19.52,24.4,0,-29.28,107.36,180.56,58.56,-112.24,-244,-209.84
-14.64,-34.16,-19.52,24.4,0,-29.28,112.24,185.44,63.44,-112.24,-244,-214.72
-14.64,-29.28,-14.64,24.4,0,-24.4,122,195.2,68.32,-112.24,-244,-219.6
-14.64,-29.28,-14.64,24.4,0,-24.4,122,200.08,68.32,-117.12,-248.88,-224.48
-9.76,-24.4,-14.64,19.52,0,-19.52,117.12,200.08,58.56,-131.76,-263.52,-234.24
-19.52,-29.28,-9.76,24.4,-4.88,-19.52,117.12,200.08,58.56,-136.64,-268.4,-244
-29.28,-29.28,0,29.28,-14.64,-14.64,122,200.08,58.56,-141.52,-278.16,-248.88
-34.16,-34.16,0,34.16,-19.52,-19.52,126.88,200.08,58.56,-156.16,-287.92,-258.64
-29.28,-39.04,-9.76,34.16,-9.76,-24.4,126.88,195.2,53.68,-156.16,-297.68,-268.4
-29.28,-39.04,-9.76,34.16,-9.76,-24.4,131.76,204.96,53.68,-156.16,-317.2,-283.04
-29.28,-43.92,-14.64,39.04,-9.76,-29.28,136.64,214.72,48.8,-175.68,-341.6,-292.8
-24.4,-43.92,-19.52,34.16,-4.88,-34.16,136.64,224.48,43.92,-190.32,-361.12,-302.56
-29.28,-48.8,-19.52,39.04,-4.88,-34.16,151.28,239.12,39.04,-185.44,-366,-322.08
-48.8,-53.68,-4.88,53.68,-24.4,-29.28,156.16,239.12,34.16,-195.2,-380.64,-331.84
-53.68,-63.44,-9.76,58.56,-24.4,-39.04,161.04,244,34.16,-200.08,-390.4,-341.6
-58.56,-63.44,-4.88,63.44,-29.28,-34.16,165.92,244,24.4,-209.84,-405.04,-346.48
-73.2,-68.32,4.88,73.2,-39.04,-34.16,170.8,253.76,19.52,-239.12,-429.44,-380.64
-92.72,-68.32,24.4,82.96,-58.56,-24.4,175.68,253.76,19.52,-263.52,-453.84,-400.16
-92.72,-63.44,29.28,78.08,-63.44,-19.52,180.56,263.52,14.64,-268.4,-468.48,-405.04
-92.72,-58.56,34.16,78.08,-63.44,-14.64,190.32,268.4,9.76,-278.16,-478.24,-414.8
-102.48,-68.32,34.16,87.84,-68.32,-19.52,200.08,268.4,4.88,-302.56,-497.76,-424.56
-112.24,-82.96,29.28,97.6,-73.2,-29.28,209.84,268.4,-4.88,-307.44,-522.16,-444.08
-126.88,-92.72,34.16,112.24,-82.96,-29.28,214.72,268.4,-19.52,-312.32,-546.56,-458.72
-136.64,-112.24,24.4,126.88,-82.96,-43.92,219.6,268.4,-24.4,-336.72,-566.08,-468.48
-170.8,-122,48.8,146.4,-112.24,-39.04,229.36,268.4,-48.8,-361.12,-575.84,-483.12
-151.28,-122,29.28,136.64,-92.72,-48.8,234.24,268.4,-48.8,-370.88,-590.48,-497.76
-161.04,-122,39.04,141.52,-102.48,-43.92,239.12,268.4,-48.8,-390.4,-614.88,-507.52
-195.2,-122,73.2,161.04,-136.64,-24.4,239.12,258.64,-63.44,-395.28,-634.4,-527.04
-209.84,-122,87.84,165.92,-151.28,-19.52,229.36,248.88,-82.96,-409.92,-639.28,-546.56
-204.96,-122,82.96,165.92,-146.4,-19.52,229.36,248.88,-82.96,-424.56,-658.8,-551.44
-200.08,-122,78.08,161.04,-141.52,-24.4,229.36,244,-78.08,-429.44,-678.32,-556.32
-185.44,-122,63.44,156.16,-126.88,-29.28,229.36,239.12,-78.08,-429.44,-683.2,-561.2
-180.56,-112.24,68.32,146.4,-126.88,-24.4,219.6,224.48,-92.72,-434.32,-697.84,-566.08
-180.56,-112.24,68.32,146.4,-126.88,-24.4,224.48,214.72,-97.6,-439.2,-697.84,-566.08
-185.44,-107.36,78.08,146.4,-131.76,-14.64,224.48,204.96,-97.6,-444.08,-702.72,-566.08
-195.2,-97.6,97.6,146.4,-146.4,0,214.72,200.08,-102.48,-448.96,-702.72,-566.08
-185.44,-117.12,68.32,151.28,-126.88,-24.4,234.24,204.96,-117.12,-458.72,-702.72,-570.96
-195.2,-107.36,87.84,151.28,-141.52,-9.76,234.24,204.96,-117.12,-458.72,-692.96,-556.32
-180.56,-107.36,73.2,146.4,-126.88,-19.52,224.48,195.2,-131.76,-468.48,-692.96,-556.32
-175.68,-107.36,68.32,141.52,-122,-19.52,214.72,185.44,-136.64,-468.48,-692.96,-556.32
-170.8,-107.36,63.44,141.52,-117.12,-24.4,204.96,175.68,-141.52,-468.48,-692.96,-556.32
-165.92,-107.36,58.56,136.64,-112.24,-24.4,195.2,165.92,-146.4,-468.48,-692.96,-556.32
-156.16,-102.48,53.68,131.76,-107.36,-24.4,185.44,156.16,-156.16,-453.84,-673.44,-541.68
-136.64,-97.6,39.04,117.12,-87.84,-29.28,175.68,151.28,-151.28,-439.2,-653.92,-527.04
-126.88,-102.48,24.4,117.12,-78.08,-39.04,165.92,141.52,-151.28,-434.32,-644.16,-512.4
-117.12,-97.6,19.52,107.36,-68.32,-39.04,161.04,131.76,-151.28,-429.44,-634.4,-497.76
-122,-78.08,43.92,102.48,-82.96,-19.52,151.28,122,-141.52,-405.04,-605.12,-463.6
-122,-78.08,43.92,102.48,-82.96,-19.52,146.4,107.36,-141.52,-390.4,-575.84,-444.08
-117.12,-78.08,39.04,97.6,-78.08,-19.52,141.52,112.24,-122,-375.76,-551.44,-429.44
-112.24,-78.08,34.16,97.6,-73.2,-24.4,131.76,107.36,-112.24,-361.12,-522.16,-409.92
-87.84,-63.44,24.4,78.08,-58.56,-19.52,112.24,87.84,-107.36,-336.72,-488,-375.76
-73.2,-63.44,9.76,68.32,-43.92,-29.28,102.48,78.08,-102.48,-312.32,-458.72,-351.36
-53.68,-43.92,9.76,48.8,-34.16,-19.52,92.72,73.2,-92.72,-287.92,-429.44,-326.96
-39.04,-29.28,9.76,34.16,-24.4,-9.76,82.96,63.44,-78.08,-263.52,-390.4,-297.68
-14.64,-14.64,0,14.64,-9.76,-9.76,63.44,58.56,-63.44,-244,-366,-263.52
4.88,-4.88,-9.76,0,4.88,-9.76,58.56,48.8,-58.56,-224.48,-331.84,-234.24
19.52,-4.88,-24.4,-4.88,19.52,-14.64,63.44,43.92,-48.8,-200.08,-292.8,-209.84
29.28,4.88,-24.4,-14.64,24.4,-9.76,58.56,39.04,-43.92,-180.56,-258.64,-185.44
43.92,4.88,-39.04,-24.4,39.04,-19.52,43.92,19.52,-34.16,-165.92,-234.24,-170.8
58.56,14.64,-43.92,-34.16,48.8,-14.64,29.28,14.64,-34.16,-151.28,-214.72,-156.16
48.8,14.64,-34.16,-29.28,39.04,-9.76,14.64,9.76,-34.16,-136.64,-195.2,-141.52
53.68,24.4,-29.28,-39.04,39.04,-4.88,0,4.88,-34.16,-117.12,-175.68,-126.88
68.32,24.4,-43.92,-43.92,53.68,-9.76,-4.88,0,-24.4,-97.6,-151.28,-102.48
78.08,19.52,-58.56,-48.8,68.32,-19.52,-14.64,-4.88,-19.52,-87.84,-131.76,-92.72
92.72,14.64,-78.08,-53.68,82.96,-34.16,-24.4,-9.76,-19.52,-82.96,-122,-78.08
107.36,14.64,-92.72,-58.56,97.6,-39.04,-29.28,-9.76,-19.52,-73.2,-92.72,-63.44
112.24,19.52,-92.72,-63.44,102.48,-39.04,-39.04,-9.76,-9.76,-53.68,-78.08,-48.8
117.12,24.4,-92.72,-68.32,102.48,-34.16,-34.16,-14.64,-4.88,-39.04,-63.44,-34.16
117.12,29.28,-87.84,-73.2,102.48,-29.28,-34.16,-19.52,-4.88,-29.28,-39.04,-24.4
122,34.16,-87.84,-78.08,102.48,-29.28,-39.04,-29.28,-4.88,-19.52,-24.4,-14.64
136.64,48.8,-87.84,-92.72,112.24,-19.52,-39.04,-29.28,4.88,-14.64,-14.64,-9.76
141.52,48.8,-92.72,-92.72,117.12,-24.4,-43.92,-29.28,0,-9.76,-9.76,-4.88
141.52,48.8,-92.72,-92.72,117.12,-24.4,-43.92,-29.28,0,-4.88,-4.88,0
131.76,48.8,-82.96,-87.84,107.36,-19.52,-43.92,-29.28,-4.88,4.88,14.64,9.76
131.76,43.92,-87.84,-87.84,107.36,-24.4,-29.28,-19.52,0,9.76,29.28,24.4
131.76,43.92,-87.84,-87.84,107.36,-24.4,-29.28,-24.4,4.88,14.64,24.4,29.28
131.76,43.92,-87.84,-87.84,107.36,-24.4,-34.16,-29.28,9.76,19.52,29.28,34.16
131.76,43.92,-87.84,-87.84,107.36,-24.4,-39.04,-34.16,14.64,24.4,34.16,34.16
131.76,58.56,-73.2,-92.72,102.48,-9.76,-39.04,-24.4,9.76,24.4,43.92,34.16
136.64,58.56,-78.08,-97.6,107.36,-9.76,-43.92,-24.4,9.76,24.4,43.92,34.16
141.52,53.68,-87.84,-97.6,112.24,-19.52,-43.92,-24.4,9.76,29.28,43.92,34.16
146.4,43.92,-102.48,-92.72,122,-29.28,-43.92,-24.4,9.76,29.28,43.92,34.16
146.4,58.56,-87.84,-102.48,117.12,-14.64,-29.28,-24.4,9.76,29.28,48.8,43.92
151.28,63.44,-87.84,-107.36,117.12,-14.64,-34.16,-24.4,9.76,19.52,43.92,39.04
151.28,68.32,-82.96,-107.36,117.12,-9.76,-19.52,-24.4,9.76,19.52,48.8,39.04
151.28,58.56,-92.72,-102.48,122,-19.52,-14.64,-24.4,9.76,24.4,53.68,39.04
141.52,58.56,-82.96,-97.6,112.24,-14.64,-14.64,-34.16,0,34.16,48.8,43.92
141.52,68.32,-73.2,-102.48,107.36,-4.88,-14.64,-39.04,0,34.16,48.8,43.92
146.4,68.32,-78.08,-107.36,112.24,-4.88,-14.64,-39.04,0,34.16,48.8,48.8
151.28,68.32,-82.96,-107.36,117.12,-9.76,-19.52,-39.04,0,39.04,48.8,48.8
151.28,68.32,-82.96,-107.36,117.12,-9.76,-24.4,-48.8,-4.88,29.28,48.8,48.8
151.28,63.44,-87.84,-107.36,117.12,-14.64,-29.28,-48.8,-4.88,19.52,48.8,48.8
151.28,63.44,-87.84,-107.36,117.12,-14.64,-29.28,-48.8,-4.88,29.28,48.8,48.8
151.28,58.56,-92.72,-102.48,122,-19.52,-34.16,-48.8,-4.88,29.28,53.68,48.8
161.04,58.56,-102.48,-107.36,131.76,-24.4,-48.8,-58.56,-4.88,39.04,63.44,48.8
170.8,58.56,-112.24,-112.24,141.52,-29.28,-53.68,-58.56,-4.88,39.04,63.44,48.8
170.8,68.32,-102.48,-117.12,136.64,-19.52,-53.68,-58.56,-4.88,39.04,63.44,48.8
161.04,68.32,-92.72,-112.24,126.88,-14.64,-58.56,-58.56,-4.88,39.04,63.44,48.8
170.8,68.32,-102.48,-117.12,136.64,-19.52,-48.8,-53.68,9.76,43.92,68.32,58.56
170.8,63.44,-107.36,-117.12,136.64,-24.4,-53.68,-48.8,14.64,48.8,73.2,63.44
165.92,68.32,-97.6,-117.12,131.76,-14.64,-53.68,-43.92,19.52,48.8,78.08,63.44
165.92,78.08,-87.84,-122,126.88,-4.88,-53.68,-39.04,24.4,53.68,82.96,68.32
161.04,68.32,-92.72,-112.24,126.88,-14.64,-58.56,-53.68,14.64,48.8,82.96,63.44
161.04,63.44,-97.6,-112.24,126.88,-19.52,-63.44,-53.68,9.76,48.8,78.08,63.44
151.28,63.44,-87.84,-107.36,117.12,-14.64,-73.2,-53.68,9.76,48.8,68.32,53.68
151.28,58.56,-92.72,-102.48,122,-19.52,-82.96,-53.68,9.76,48.8,63.44,53.68
146.4,63.44,-82.96,-102.48,112.24,-9.76,-68.32,-48.8,14.64,48.8,78.08,58.56
146.4,63.44,-82.96,-102.48,112.24,-9.76,-63.44,-43.92,19.52,53.68,82.96,63.44
151.28,68.32,-82.96,-107.36,117.12,-9.76,-53.68,-43.92,24.4,58.56,82.96,63.44
151.28,68.32,-82.96,-107.36,117.12,-9.76,-48.8,-39.04,29.28,63.44,82.96,68.32
126.88,43.92,-82.96,-82.96,102.48,-19.52,-53.68,-48.8,24.4,58.56,78.08,63.44
136.64,34.16,-102.48,-82.96,117.12,-34.16,-58.56,-48.8,19.52,53.68,78.08,58.56
136.64,29.28,-107.36,-82.96,122,-39.04,-63.44,-43.92,19.52,48.8,73.2,58.56
131.76,19.52,-112.24,-73.2,122,-48.8,-68.32,-43.92,14.64,43.92,68.32,53.68
117.12,9.76,-107.36,-63.44,112.24,-48.8,-78.08,-53.68,4.88,39.04,58.56,43.92
117.12,9.76,-107.36,-63.44,112.24,-48.8,-78.08,-53.68,4.88,39.04,63.44,43.92
112.24,9.76,-102.48,-58.56,107.36,-48.8,-78.08,-53.68,4.88,43.92,63.44,48.8
102.48,-4.88,-107.36,-48.8,102.48,-58.56,-73.2,-53.68,4.88,43.92,63.44,48.8
112.24,-9.76,-122,-48.8,117.12,-68.32,-82.96,-48.8,14.64,53.68,68.32,48.8
122,0,-122,-58.56,122,-63.44,-78.08,-43.92,14.64,58.56,78.08,48.8
122,-4.88,-126.88,-58.56,122,-68.32,-73.2,-43.92,14.64,58.56,68.32,48.8
117.12,-9.76,-126.88,-53.68,122,-68.32,-73.2,-43.92,14.64,53.68,68.32,48.8
117.12,-9.76,-126.88,-53.68,122,-68.32,-82.96,-48.8,14.64,43.92,58.56,48.8
117.12,-9.76,-126.88,-53.68,122,-68.32,-82.96,-48.8,14.64,43.92,63.44,48.8
102.48,-9.76,-112.24,-43.92,107.36,-63.44,-82.96,-53.68,14.64,43.92,63.44,48.8
102.48,-14.64,-117.12,-43.92,107.36,-68.32,-82.96,-58.56,14.64,43.92,68.32,53.68
68.32,-14.64,-82.96,-24.4,73.2,-48.8,-73.2,-48.8,19.52,48.8,78.08,48.8
29.28,-43.92,-73.2,9.76,48.8,-58.56,-73.2,-53.68,9.76,43.92,58.56,39.04
34.16,-63.44,-97.6,14.64,63.44,-82.96,-73.2,-53.68,9.76,34.16,48.8,29.28
39.04,-53.68,-92.72,9.76,63.44,-73.2,-68.32,-48.8,9.76,39.04,48.8,29.28
39.04,-24.4,-63.44,-4.88,48.8,-43.92,-53.68,-34.16,24.4,53.68,53.68,29.28
63.44,0,-63.44,-29.28,63.44,-34.16,-39.04,-24.4,29.28,68.32,53.68,39.04
58.56,19.52,-39.04,-39.04,48.8,-9.76,-19.52,-9.76,43.92,82.96,68.32,48.8
9.76,48.8,39.04,-29.28,-14.64,43.92,4.88,14.64,68.32,126.88,102.48,68.32
-34.16,68.32,102.48,-14.64,-68.32,82.96,34.16,43.92,112.24,204.96,175.68,126.88
-29.28,92.72,122,-29.28,-78.08,107.36,73.2,92.72,190.32,302.56,253.76,180.56
-29.28,102.48,131.76,-34.16,-82.96,117.12,122,180.56,297.68,409.92,336.72,224.48
-53.68,131.76,185.44,-39.04,-122,156.16,209.84,322.08,478.24,575.84,458.72,283.04
-43.92,209.84,253.76,-82.96,-151.28,229.36,322.08,492.88,702.72,819.84,653.92,400.16
-29.28,283.04,312.32,-126.88,-170.8,297.68,429.44,688.08,966.24,1112.64,883.28,541.68
-29.28,331.84,361.12,-151.28,-195.2,346.48,527.04,878.4,1254.16,1420.08,1132.16,692.96
24.4,366,341.6,-195.2,-161.04,351.36,639.28,1107.76,1532.32,1722.64,1390.8,858.88
87.84,375.76,287.92,-229.36,-102.48,331.84,771.04,1351.76,1805.6,1976.4,1595.76,980.88
141.52,409.92,268.4,-273.28,-63.44,336.72,932.08,1629.92,2098.4,2249.68,1815.36,1107.76
283.04,497.76,214.72,-390.4,34.16,356.24,1093.12,1932.48,2488.8,2615.68,2156.96,1312.72
473.36,619.76,146.4,-546.56,161.04,380.64,1176.08,2161.84,2884.08,3035.36,2576.64,1595.76
639.28,712.48,73.2,-673.44,283.04,390.4,1068.72,2127.68,3064.64,3333.04,2937.76,1854.4
805.2,795.44,-9.76,-800.32,405.04,390.4,746.64,1742.16,2932.88,3396.48,3196.4,2074
1000.4,893.04,-107.36,-946.72,551.44,390.4,273.28,1112.64,2527.84,3250.08,3337.92,2283.84
1141.92,1000.4,-141.52,-1068.72,639.28,429.44,-263.52,322.08,1873.92,2913.36,3342.8,2410.72
1215.12,1068.72,-146.4,-1141.92,678.32,458.72,-771.04,-517.28,995.52,2313.12,3089.04,2376.56
1254.16,1058.96,-195.2,-1156.56,722.24,429.44,-1224.88,-1307.84,-9.76,1464,2586.4,2205.76
1259.04,976,-283.04,-1117.52,771.04,346.48,-1654.32,-2030.08,-1058.96,478.24,1947.12,1932.48
1210.24,736.88,-473.36,-971.12,839.36,131.76,-2015.44,-2644.96,-2078.88,-600.24,1127.28,1483.52
1146.8,361.12,-785.68,-751.52,966.24,-214.72,-2220.4,-3006.08,-2864.56,-1629.92,122,834.48
1083.36,-4.88,-1088.24,-536.8,1083.36,-546.56,-2318,-3103.68,-3250.08,-2337.52,-692.96,258.64
1034.56,-161.04,-1195.6,-434.32,1112.64,-678.32,-2269.2,-2928,-3142.72,-2444.88,-946.72,43.92
946.72,-185.44,-1132.16,-380.64,1039.44,-658.8,-2005.68,-2522.96,-2688.88,-2161.84,-868.64,43.92
805.2,-214.72,-1019.92,-292.8,912.56,-619.76,-1673.84,-2113.04,-2269.2,-1869.04,-819.84,0
639.28,-244,-883.28,-195.2,761.28,-566.08,-1410.32,-1786.08,-1937.36,-1649.44,-814.96,-78.08
419.68,-185.44,-605.12,-117.12,512.4,-395.28,-1127.28,-1439.6,-1571.36,-1371.28,-727.12,-102.48
219.6,-112.24,-331.84,-53.68,273.28,-224.48,-839.36,-1112.64,-1220,-1078.48,-610,-87.84
112.24,-92.72,-204.96,-9.76,156.16,-151.28,-644.16,-868.64,-985.76,-883.28,-546.56,-107.36
78.08,-82.96,-161.04,4.88,117.12,-122,-502.64,-692.96,-800.32,-746.64,-507.52,-136.64
73.2,-43.92,-117.12,-14.64,92.72,-82.96,-361.12,-517.28,-629.52,-605.12,-444.08,-136.64
63.44,-24.4,-87.84,-19.52,73.2,-58.56,-287.92,-409.92,-507.52,-497.76,-370.88,-131.76
29.28,-34.16,-63.44,4.88,43.92,-48.8,-229.36,-341.6,-419.68,-429.44,-336.72,-141.52
-19.52,-48.8,-29.28,34.16,4.88,-39.04,-175.68,-273.28,-341.6,-370.88,-302.56,-161.04
-39.04,-53.68,-14.64,48.8,-14.64,-34.16,-122,-204.96,-273.28,-307.44,-273.28,-156.16
-48.8,-73.2,-24.4,63.44,-14.64,-48.8,-92.72,-161.04,-224.48,-253.76,-239.12,-151.28
-78.08,-87.84,-9.76,82.96,-34.16,-48.8,-73.2,-122,-175.68,-224.48,-229.36,-156.16
-58.56,-87.84,-29.28,73.2,-14.64,-58.56,-58.56,-102.48,-146.4,-200.08,-200.08,-136.64
-34.16,-82.96,-48.8,58.56,4.88,-68.32,-58.56,-82.96,-122,-175.68,-175.68,-112.24
-53.68,-82.96,-29.28,68.32,-14.64,-58.56,-58.56,-82.96,-122,-170.8,-175.68,-112.24
-53.68,-82.96,-29.28,68.32,-14.64,-58.56,-53.68,-73.2,-112.24,-161.04,-175.68,-107.36
-29.28,-73.2,-43.92,53.68,4.88,-58.56,-34.16,-63.44,-102.48,-141.52,-161.04,-107.36
-39.04,-82.96,-43.92,63.44,0,-63.44,-29.28,-63.44,-107.36,-141.52,-170.8,-112.24
-48.8,-82.96,-34.16,68.32,-9.76,-58.56,-19.52,-58.56,-97.6,-146.4,-170.8,-126.88
-39.04,-82.96,-43.92,63.44,0,-63.44,-24.4,-53.68,-92.72,-146.4,-170.8,-131.76
-34.16,-82.96,-48.8,58.56,4.88,-68.32,-24.4,-34.16,-73.2,-136.64,-161.04,-126.88
-39.04,-92.72,-53.68,68.32,4.88,-73.2,-24.4,-29.28,-78.08,-141.52,-165.92,-117.12
-58.56,-92.72,-34.16,78.08,-14.64,-63.44,-29.28,-29.28,-73.2,-136.64,-165.92,-122
-63.44,-97.6,-34.16,82.96,-14.64,-68.32,-24.4,-34.16,-63.44,-131.76,-161.04,-122
-68.32,-102.48,-34.16,87.84,-19.52,-68.32,-24.4,-29.28,-63.44,-126.88,-156.16,-112.24
-63.44,-92.72,-29.28,78.08,-19.52,-63.44,-19.52,-14.64,-53.68,-122,-146.4,-102.48
-48.8,-87.84,-39.04,68.32,-4.88,-63.44,-14.64,-14.64,-48.8,-126.88,-151.28,-102.48
-53.68,-78.08,-24.4,68.32,-14.64,-53.68,-14.64,-9.76,-48.8,-122,-151.28,-112.24
-48.8,-78.08,-29.28,63.44,-9.76,-53.68,-9.76,-4.88,-48.8,-117.12,-151.28,-117.12
-48.8,-68.32,-19.52,58.56,-14.64,-43.92,-4.88,4.88,-39.04,-107.36,-151.28,-126.88
-48.8,-68.32,-19.52,58.56,-14.64,-43.92,0,4.88,-34.16,-102.48,-146.4,-117.12
-48.8,-68.32,-19.52,58.56,-14.64,-43.92,-14.64,4.88,-34.16,-102.48,-146.4,-112.24
-48.8,-68.32,-19.52,58.56,-14.64,-43.92,0,9.76,-29.28,-97.6,-146.4,-112.24
-34.16,-78.08,-43.92,58.56,4.88,-63.44,0,9.76,-29.28,-107.36,-126.88,-107.36
-34.16,-78.08,-43.92,58.56,4.88,-63.44,-4.88,14.64,-34.16,-102.48,-126.88,-107.36
-39.04,-73.2,-34.16,58.56,-4.88,-53.68,-4.88,14.64,-34.16,-102.48,-136.64,-107.36
-39.04,-73.2,-34.16,58.56,-4.88,-53.68,-4.88,9.76,-34.16,-102.48,-146.4,-107.36
-53.68,-82.96,-29.28,68.32,-14.64,-58.56,4.88,9.76,-43.92,-102.48,-146.4,-117.12
-53.68,-78.08,-24.4,68.32,-14.64,-53.68,4.88,14.64,-43.92,-102.48,-146.4,-126.88
-48.8,-78.08,-29.28,63.44,-9.76,-53.68,4.88,14.64,-43.92,-107.36,-146.4,-131.76
-34.16,-78.08,-43.92,58.56,4.88,-63.44,9.76,14.64,-43.92,-107.36,-146.4,-131.76
-53.68,-82.96,-29.28,68.32,-14.64,-58.56,9.76,19.52,-48.8,-112.24,-161.04,-131.76
-68.32,-87.84,-19.52,78.08,-24.4,-53.68,14.64,14.64,-48.8,-122,-170.8,-131.76
-78.08,-97.6,-19.52,87.84,-29.28,-58.56,14.64,9.76,-48.8,-126.88,-175.68,-131.76
-92.72,-102.48,-9.76,97.6,-43.92,-58.56,19.52,4.88,-48.8,-126.88,-170.8,-126.88
-107.36,-102.48,4.88,107.36,-58.56,-48.8,29.28,9.76,-58.56,-136.64,-180.56,-131.76
-107.36,-112.24,-4.88,112.24,-53.68,-58.56,29.28,14.64,-58.56,-141.52,-190.32,-141.52
-107.36,-122,-14.64,117.12,-48.8,-68.32,29.28,14.64,-58.56,-141.52,-195.2,-156.16
-107.36,-131.76,-24.4,122,-43.92,-78.08,29.28,14.64,-53.68,-141.52,-195.2,-165.92
-107.36,-136.64,-29.28,122,-39.04,-82.96,29.28,14.64,-53.68,-146.4,-209.84,-165.92
-107.36,-146.4,-39.04,126.88,-34.16,-92.72,29.28,14.64,-53.68,-146.4,-209.84,-170.8
-102.48,-146.4,-43.92,126.88,-29.28,-97.6,24.4,14.64,-53.68,-146.4,-204.96,-170.8
-102.48,-146.4,-43.92,126.88,-29.28,-97.6,24.4,14.64,-53.68,-151.28,-204.96,-170.8
-87.84,-146.4,-58.56,117.12,-14.64,-102.48,39.04,24.4,-53.68,-141.52,-214.72,-180.56
-87.84,-146.4,-58.56,117.12,-14.64,-102.48,39.04,29.28,-48.8,-141.52,-214.72,-180.56
-107.36,-146.4,-39.04,126.88,-34.16,-92.72,39.04,34.16,-43.92,-141.52,-214.72,-175.68
-117.12,-141.52,-24.4,131.76,-48.8,-82.96,43.92,39.04,-43.92,-136.64,-214.72,-170.8
-112.24,-136.64,-24.4,126.88,-43.92,-82.96,58.56,39.04,-48.8,-136.64,-214.72,-170.8
-112.24,-136.64,-24.4,126.88,-43.92,-82.96,58.56,43.92,-48.8,-131.76,-214.72,-185.44
-126.88,-136.64,-9.76,131.76,-58.56,-73.2,63.44,43.92,-48.8,-146.4,-224.48,-190.32
-112.24,-131.76,-19.52,122,-48.8,-78.08,63.44,43.92,-48.8,-151.28,-229.36,-190.32
-122,-141.52,-19.52,131.76,-53.68,-82.96,63.44,58.56,-39.04,-146.4,-229.36,-185.44
-131.76,-146.4,-14.64,141.52,-58.56,-82.96,63.44,58.56,-39.04,-156.16,-224.48,-185.44
-136.64,-146.4,-9.76,141.52,-63.44,-78.08,68.32,58.56,-34.16,-156.16,-224.48,-185.44
-146.4,-146.4,0,146.4,-73.2,-73.2,73.2,63.44,-34.16,-151.28,-224.48,-190.32
-161.04,-141.52,19.52,151.28,-92.72,-63.44,87.84,78.08,-19.52,-136.64,-229.36,-195.2
-161.04,-146.4,14.64,156.16,-87.84,-68.32,97.6,87.84,-19.52,-136.64,-229.36,-195.2
-156.16,-146.4,9.76,151.28,-82.96,-68.32,97.6,92.72,-19.52,-136.64,-229.36,-195.2
-146.4,-146.4,0,146.4,-73.2,-73.2,97.6,97.6,-19.52,-136.64,-229.36,-195.2
-136.64,-131.76,4.88,136.64,-73.2,-63.44,112.24,117.12,-14.64,-131.76,-234.24,-204.96
-141.52,-141.52,0,141.52,-73.2,-73.2,117.12,117.12,-4.88,-131.76,-234.24,-200.08
-141.52,-146.4,-4.88,146.4,-68.32,-78.08,117.12,117.12,0,-131.76,-239.12,-200.08
-151.28,-146.4,4.88,151.28,-78.08,-73.2,122,117.12,9.76,-131.76,-244,-209.84
-141.52,-146.4,-4.88,146.4,-68.32,-78.08,131.76,136.64,24.4,-131.76,-244,-214.72
-141.52,-141.52,0,141.52,-73.2,-73.2,146.4,146.4,29.28,-131.76,-244,-214.72
-151.28,-136.64,14.64,146.4,-82.96,-63.44,151.28,156.16,29.28,-131.76,-253.76,-214.72
-151.28,-131.76,19.52,141.52,-87.84,-58.56,146.4,161.04,34.16,-131.76,-258.64,-214.72
-136.64,-126.88,9.76,131.76,-73.2,-58.56,161.04,170.8,48.8,-126.88,-253.76,-209.84
-146.4,-126.88,19.52,136.64,-82.96,-53.68,175.68,185.44,48.8,-122,-253.76,-219.6
-146.4,-126.88,19.52,136.64,-82.96,-53.68,190.32,200.08,48.8,-117.12,-248.88,-229.36
-146.4,-131.76,14.64,141.52,-82.96,-58.56,209.84,209.84,53.68,-112.24,-248.88,-229.36
-156.16,-126.88,29.28,141.52,-92.72,-48.8,229.36,234.24,63.44,-112.24,-268.4,-234.24
-165.92,-126.88,39.04,146.4,-102.48,-43.92,244,248.88,68.32,-122,-273.28,-239.12
-165.92,-126.88,39.04,146.4,-102.48,-43.92,248.88,263.52,73.2,-122,-273.28,-239.12
-161.04,-126.88,34.16,146.4,-97.6,-48.8,258.64,268.4,78.08,-122,-273.28,-244
-170.8,-136.64,34.16,156.16,-102.48,-53.68,273.28,273.28,78.08,-131.76,-287.92,-258.64
-180.56,-141.52,39.04,161.04,-112.24,-53.68,278.16,273.28,82.96,-131.76,-292.8,-263.52
-190.32,-141.52,48.8,165.92,-122,-48.8,287.92,278.16,87.84,-131.76,-297.68,-268.4
-200.08,-146.4,53.68,175.68,-126.88,-48.8,287.92,278.16,87.84,-136.64,-307.44,-273.28
-195.2,-151.28,43.92,175.68,-122,-53.68,283.04,273.28,82.96,-146.4,-336.72,-287.92
-204.96,-156.16,48.8,180.56,-126.88,-53.68,283.04,278.16,78.08,-156.16,-346.48,-302.56
-214.72,-156.16,58.56,185.44,-136.64,-48.8,287.92,283.04,73.2,-165.92,-361.12,-312.32
-219.6,-161.04,58.56,190.32,-141.52,-53.68,292.8,287.92,68.32,-185.44,-375.76,-326.96
-219.6,-161.04,58.56,190.32,-141.52,-53.68,302.56,302.56,68.32,-185.44,-380.64,-326.96
-224.48,-156.16,68.32,190.32,-146.4,-43.92,317.2,312.32,73.2,-185.44,-395.28,-341.6
-229.36,-156.16,73.2,195.2,-151.28,-43.92,331.84,322.08,73.2,-204.96,-414.8,-351.36
-229.36,-151.28,78.08,190.32,-156.16,-39.04,341.6,331.84,73.2,-219.6,-429.44,-361.12
-224.48,-165.92,58.56,195.2,-141.52,-53.68,336.72,331.84,53.68,-229.36,-453.84,-375.76
-244,-170.8,73.2,209.84,-161.04,-48.8,341.6,326.96,43.92,-244,-468.48,-390.4
-248.88,-180.56,68.32,214.72,-161.04,-58.56,346.48,326.96,39.04,-253.76,-478.24,-405.04
-253.76,-180.56,73.2,219.6,-165.92,-53.68,351.36,322.08,24.4,-268.4,-492.88,-414.8
-278.16,-190.32,87.84,234.24,-185.44,-53.68,361.12,322.08,19.52,-287.92,-522.16,-439.2
-297.68,-195.2,102.48,248.88,-200.08,-48.8,361.12,322.08,19.52,-312.32,-541.68,-458.72
-297.68,-195.2,102.48,248.88,-200.08,-48.8,361.12,331.84,14.64,-317.2,-551.44,-463.6
-297.68,-195.2,102.48,248.88,-200.08,-48.8,366,336.72,9.76,-326.96,-556.32,-473.36
-326.96,-190.32,136.64,258.64,-234.24,-29.28,380.64,331.84,4.88,-341.6,-575.84,-492.88
-336.72,-200.08,136.64,268.4,-239.12,-34.16,385.52,326.96,-4.88,-346.48,-600.24,-512.4
-351.36,-204.96,146.4,278.16,-248.88,-29.28,385.52,322.08,-19.52,-351.36,-624.64,-527.04
-361.12,-219.6,141.52,292.8,-253.76,-39.04,385.52,317.2,-24.4,-375.76,-644.16,-536.8
-385.52,-219.6,165.92,302.56,-278.16,-29.28,380.64,307.44,-48.8,-380.64,-649.04,-546.56
-356.24,-219.6,136.64,287.92,-248.88,-43.92,380.64,307.44,-48.8,-390.4,-658.8,-556.32
-356.24,-219.6,136.64,287.92,-248.88,-43.92,380.64,307.44,-48.8,-409.92,-678.32,-561.2
-380.64,-219.6,161.04,302.56,-273.28,-29.28,375.76,297.68,-63.44,-414.8,-692.96,-575.84
-395.28,-239.12,156.16,317.2,-278.16,-43.92,375.76,278.16,-73.2,-409.92,-688.08,-580.72
-390.4,-239.12,151.28,317.2,-273.28,-43.92,375.76,278.16,-73.2,-424.56,-697.84,-580.72
-385.52,-239.12,146.4,312.32,-268.4,-48.8,375.76,273.28,-68.32,-429.44,-707.6,-580.72
-370.88,-239.12,131.76,307.44,-253.76,-53.68,375.76,268.4,-68.32,-429.44,-702.72,-580.72
-370.88,-239.12,131.76,307.44,-253.76,-53.68,361.12,263.52,-82.96,-439.2,-697.84,-575.84
-375.76,-239.12,136.64,307.44,-258.64,-53.68,361.12,253.76,-87.84,-439.2,-697.84,-575.84
-385.52,-234.24,151.28,312.32,-268.4,-43.92,356.24,244,-87.84,-439.2,-702.72,-575.84
-400.16,-224.48,175.68,312.32,-287.92,-24.4,341.6,239.12,-92.72,-439.2,-702.72,-575.84
-380.64,-224.48,156.16,302.56,-268.4,-34.16,331.84,234.24,-92.72,-429.44,-692.96,-566.08
-375.76,-224.48,151.28,302.56,-263.52,-39.04,331.84,229.36,-92.72,-419.68,-678.32,-551.44
-375.76,-224.48,151.28,302.56,-263.52,-39.04,331.84,229.36,-97.6,-409.92,-644.16,-541.68
-366,-219.6,146.4,292.8,-258.64,-39.04,322.08,234.24,-92.72,-385.52,-619.76,-522.16
-351.36,-195.2,156.16,273.28,-253.76,-19.52,317.2,229.36,-82.96,-366,-595.36,-507.52
-341.6,-195.2,146.4,268.4,-244,-24.4,292.8,219.6,-78.08,-346.48,-575.84,-483.12
-331.84,-195.2,136.64,263.52,-234.24,-29.28,287.92,204.96,-63.44,-331.84,-551.44,-458.72
-322.08,-195.2,126.88,258.64,-224.48,-34.16,278.16,180.56,-53.68,-317.2,-541.68,-429.44
-307.44,-180.56,126.88,244,-219.6,-29.28,253.76,165.92,-43.92,-292.8,-502.64,-405.04
-278.16,-165.92,112.24,224.48,-195.2,-29.28,234.24,156.16,-34.16,-273.28,-463.6,-375.76
-258.64,-151.28,107.36,204.96,-185.44,-24.4,214.72,151.28,-29.28,-248.88,-424.56,-356.24
-229.36,-141.52,87.84,185.44,-161.04,-29.28,195.2,136.64,-24.4,-224.48,-390.4,-331.84
-204.96,-141.52,63.44,175.68,-136.64,-39.04,170.8,126.88,-19.52,-209.84,-361.12,-287.92
-190.32,-131.76,58.56,161.04,-126.88,-39.04,146.4,117.12,-14.64,-190.32,-326.96,-263.52
-165.92,-117.12,48.8,141.52,-107.36,-34.16,131.76,102.48,-9.76,-180.56,-307.44,-239.12
-136.64,-107.36,29.28,122,-82.96,-39.04,122,87.84,-4.88,-156.16,-278.16,-209.84
-126.88,-97.6,29.28,112.24,-78.08,-34.16,97.6,63.44,-9.76,-141.52,-248.88,-185.44
-122,-92.72,29.28,107.36,-78.08,-34.16,78.08,53.68,-9.76,-126.88,-219.6,-165.92
-112.24,-92.72,19.52,102.48,-68.32,-39.04,58.56,43.92,-9.76,-117.12,-190.32,-151.28
-112.24,-82.96,29.28,97.6,-73.2,-29.28,43.92,39.04,-9.76,-102.48,-165.92,-131.76
-92.72,-82.96,9.76,87.84,-53.68,-39.04,19.52,19.52,0,-87.84,-141.52,-112.24
-78.08,-73.2,4.88,78.08,-43.92,-34.16,4.88,9.76,0,-78.08,-117.12,-97.6
-68.32,-73.2,-4.88,73.2,-34.16,-39.04,-4.88,4.88,-4.88,-68.32,-107.36,-82.96
-53.68,-73.2,-19.52,63.44,-19.52,-48.8,-9.76,0,-9.76,-68.32,-97.6,-68.32
-48.8,-78.08,-29.28,63.44,-9.76,-53.68,-34.16,-14.64,-9.76,-58.56,-82.96,-63.44
-43.92,-78.08,-34.16,63.44,-4.88,-58.56,-39.04,-34.16,-9.76,-43.92,-68.32,-48.8
-48.8,-78.08,-29.28,63.44,-9.76,-53.68,-53.68,-48.8,-9.76,-29.28,-58.56,-39.04
-39.04,-78.08,-39.04,58.56,0,-58.56,-68.32,-58.56,-19.52,-29.28,-53.68,-29.28
-24.4,-87.84,-63.44,58.56,19.52,-78.08,-63.44,-48.8,-9.76,-14.64,-34.16,-29.28
-29.28,-82.96,-53.68,58.56,9.76,-68.32,-63.44,-48.8,-4.88,-14.64,-19.52,-19.52
-34.16,-82.96,-48.8,58.56,4.88,-68.32,-63.44,-48.8,-4.88,-14.64,-14.64,-4.88
-48.8,-82.96,-34.16,68.32,-9.76,-58.56,-68.32,-53.68,-4.88,-14.64,-14.64,-4.88
-19.52,-68.32,-48.8,43.92,14.64,-58.56,-58.56,-63.44,0,-4.88,0,4.88
-9.76,-63.44,-53.68,39.04,19.52,-58.56,-73.2,-63.44,0,14.64,19.52,9.76
0,-53.68,-53.68,29.28,24.4,-53.68,-78.08,-63.44,4.88,19.52,24.4,19.52
9.76,-43.92,-53.68,19.52,29.28,-48.8,-82.96,-73.2,9.76,29.28,39.04,29.28
9.76,-34.16,-43.92,14.64,24.4,-39.04,-68.32,-58.56,19.52,29.28,39.04,24.4
19.52,-34.16,-53.68,9.76,34.16,-43.92,-63.44,-53.68,19.52,29.28,39.04,24.4
24.4,-34.16,-58.56,4.88,39.04,-48.8,-58.56,-43.92,19.52,29.28,29.28,24.4
24.4,-39.04,-63.44,9.76,43.92,-53.68,-39.04,-39.04,24.4,34.16,29.28,24.4
14.64,-48.8,-63.44,19.52,39.04,-58.56,-34.16,-34.16,29.28,39.04,39.04,29.28
14.64,-39.04,-53.68,14.64,34.16,-48.8,-29.28,-19.52,29.28,39.04,53.68,43.92
19.52,-34.16,-53.68,9.76,34.16,-43.92,-29.28,-14.64,34.16,43.92,63.44,53.68
34.16,-34.16,-68.32,0,48.8,-53.68,-34.16,-14.64,43.92,53.68,68.32,58.56
39.04,-29.28,-68.32,-4.88,53.68,-48.8,-34.16,-4.88,43.92,63.44,78.08,58.56
39.04,-24.4,-63.44,-4.88,48.8,-43.92,-29.28,-4.88,43.92,73.2,78.08,58.56
24.4,-19.52,-43.92,0,34.16,-34.16,-29.28,-4.88,48.8,78.08,78.08,58.56
34.16,-14.64,-48.8,-9.76,39.04,-34.16,-24.4,0,53.68,78.08,73.2,53.68
39.04,-4.88,-43.92,-14.64,39.04,-24.4,-14.64,14.64,58.56,87.84,82.96,63.44
43.92,0,-43.92,-19.52,43.92,-24.4,-4.88,14.64,73.2,92.72,97.6,78.08
43.92,4.88,-39.04,-24.4,39.04,-19.52,0,24.4,78.08,92.72,97.6,78.08
43.92,4.88,-39.04,-24.4,39.04,-19.52,4.88,14.64,78.08,92.72,97.6,78.08
43.92,9.76,-34.16,-24.4,39.04,-14.64,4.88,19.52,78.08,102.48,102.48,78.08
39.04,9.76,-29.28,-24.4,34.16,-9.76,9.76,24.4,78.08,102.48,102.48,78.08
39.04,9.76,-29.28,-24.4,34.16,-9.76,9.76,24.4,78.08,102.48,92.72,78.08
43.92,9.76,-34.16,-24.4,39.04,-14.64,9.76,29.28,82.96,107.36,97.6,78.08
43.92,0,-43.92,-19.52,43.92,-24.4,19.52,19.52,82.96,102.48,87.84,73.2
39.04,-4.88,-43.92,-14.64,39.04,-24.4,19.52,24.4,82.96,97.6,82.96,68.32
39.04,-4.88,-43.92,-14.64,39.04,-24.4,19.52,24.4,78.08,92.72,78.08,58.56
39.04,4.88,-34.16,-19.52,34.16,-14.64,19.52,24.4,73.2,92.72,78.08,53.68
29.28,-4.88,-34.16,-9.76,29.28,-19.52,19.52,34.16,78.08,92.72,73.2,48.8
24.4,-9.76,-34.16,-4.88,29.28,-24.4,19.52,29.28,78.08,87.84,73.2,48.8
19.52,-9.76,-29.28,-4.88,24.4,-19.52,29.28,29.28,78.08,82.96,73.2,53.68
19.52,-9.76,-29.28,-4.88,24.4,-19.52,19.52,24.4,78.08,78.08,82.96,58.56
9.76,-9.76,-19.52,0,14.64,-14.64,9.76,34.16,82.96,82.96,78.08,53.68
9.76,0,-9.76,-4.88,9.76,-4.88,19.52,39.04,82.96,87.84,82.96,53.68
9.76,9.76,0,-9.76,4.88,4.88,29.28,53.68,82.96,97.6,82.96,53.68
14.64,9.76,-4.88,-9.76,9.76,0,29.28,58.56,82.96,102.48,78.08,53.68
24.4,9.76,-14.64,-14.64,19.52,-4.88,29.28,53.68,78.08,97.6,68.32,43.92
14.64,9.76,-4.88,-9.76,9.76,0,29.28,48.8,78.08,92.72,73.2,43.92
14.64,0,-14.64,-4.88,14.64,-9.76,29.28,43.92,78.08,87.84,73.2,43.92
19.52,0,-19.52,-9.76,19.52,-9.76,34.16,48.8,73.2,78.08,73.2,43.92
29.28,14.64,-14.64,-19.52,19.52,0,29.28,43.92,73.2,78.08,63.44,34.16
9.76,9.76,0,-9.76,4.88,4.88,19.52,39.04,68.32,68.32,48.8,19.52
4.88,9.76,4.88,-4.88,0,4.88,19.52,29.28,58.56,78.08,48.8,29.28
0,9.76,9.76,-4.88,-4.88,9.76,19.52,29.28,58.56,78.08,48.8,29.28
-4.88,9.76,14.64,0,-9.76,9.76,19.52,29.28,58.56,78.08,48.8,29.28
-9.76,9.76,19.52,0,-14.64,14.64,19.52,29.28,58.56,78.08,48.8,29.28
-9.76,19.52,29.28,-4.88,-19.52,24.4,19.52,19.52,48.8,63.44,43.92,24.4
0,19.52,19.52,-9.76,-9.76,19.52,19.52,24.4,53.68,68.32,48.8,19.52
0,9.76,9.76,-4.88,-4.88,9.76,19.52,24.4,53.68,63.44,43.92,14.64
0,9.76,9.76,-4.88,-4.88,9.76,24.4,24.4,53.68,58.56,39.04,9.76
-4.88,4.88,9.76,0,-9.76,4.88,19.52,29.28,53.68,48.8,29.28,14.64
-4.88,0,4.88,4.88,-4.88,0,19.52,19.52,43.92,48.8,29.28,14.64
0,-4.88,-4.88,4.88,0,-4.88,19.52,29.28,53.68,48.8,24.4,9.76
4.88,-9.76,-14.64,4.88,9.76,-14.64,14.64,29.28,53.68,48.8,24.4,9.76
-4.88,-14.64,-9.76,9.76,0,-14.64,19.52,24.4,53.68,58.56,29.28,9.76
-4.88,-24.4,-19.52,14.64,4.88,-24.4,24.4,29.28,53.68,58.56,29.28,9.76
0,-14.64,-14.64,9.76,4.88,-14.64,29.28,39.04,58.56,58.56,29.28,9.76
0,-9.76,-9.76,4.88,4.88,-9.76,34.16,43.92,68.32,58.56,39.04,14.64
-9.76,-4.88,4.88,9.76,-9.76,0,39.04,43.92,58.56,58.56,29.28,14.64
-4.88,-4.88,0,4.88,-4.88,-4.88,39.04,39.04,58.56,58.56,29.28,19.52
-4.88,-14.64,-9.76,9.76,0,-14.64,48.8,39.04,63.44,63.44,34.16,19.52
-9.76,-14.64,-4.88,14.64,-4.88,-9.76,48.8,39.04,63.44,63.44,34.16,19.52
4.88,-14.64,-19.52,4.88,9.76,-19.52,39.04,43.92,63.44,53.68,29.28,19.52
19.52,-4.88,-24.4,-4.88,19.52,-14.64,39.04,43.92,63.44,53.68,29.28,19.52
9.76,-4.88,-14.64,0,9.76,-9.76,39.04,43.92,63.44,53.68,29.28,19.52
14.64,4.88,-9.76,-9.76,9.76,-4.88,39.04,43.92,63.44,58.56,29.28,19.52
4.88,-9.76,-14.64,4.88,9.76,-14.64,48.8,34.16,53.68,48.8,24.4,19.52
0,-19.52,-19.52,9.76,9.76,-19.52,43.92,34.16,58.56,48.8,24.4,14.64
0,-29.28,-29.28,14.64,14.64,-29.28,39.04,34.16,58.56,43.92,14.64,14.64
0,-34.16,-34.16,19.52,14.64,-34.16,39.04,39.04,58.56,43.92,24.4,14.64
9.76,-24.4,-34.16,9.76,19.52,-29.28,34.16,34.16,43.92,34.16,14.64,14.64
9.76,-24.4,-34.16,9.76,19.52,-29.28,34.16,24.4,43.92,39.04,14.64,14.64
4.88,-24.4,-29.28,9.76,14.64,-29.28,29.28,14.64,39.04,39.04,24.4,9.76
4.88,-24.4,-29.28,9.76,14.64,-29.28,19.52,0,34.16,39.04,24.4,4.88
9.76,-9.76,-19.52,0,14.64,-14.64,9.76,0,43.92,29.28,19.52,14.64
14.64,-9.76,-24.4,0,19.52,-19.52,4.88,0,39.04,29.28,19.52,14.64
14.64,-9.76,-24.4,0,19.52,-19.52,4.88,0,39.04,29.28,19.52,14.64
4.88,-9.76,-14.64,4.88,9.76,-14.64,4.88,0,34.16,34.16,34.16,19.52
14.64,-9.76,-24.4,0,19.52,-19.52,4.88,0,34.16,34.16,43.92,19.52
14.64,-14.64,-29.28,0,19.52,-24.4,0,-4.88,34.16,34.16,34.16,19.52
14.64,-19.52,-34.16,4.88,24.4,-29.28,-9.76,-9.76,34.16,34.16,34.16,19.52
14.64,-24.4,-39.04,4.88,24.4,-34.16,-19.52,-14.64,34.16,34.16,34.16,14.64
24.4,-14.64,-39.04,-4.88,29.28,-29.28,-29.28,-19.52,19.52,24.4,24.4,14.64
29.28,-9.76,-39.04,-9.76,34.16,-24.4,-34.16,-24.4,19.52,24.4,24.4,14.64
34.16,-9.76,-43.92,-9.76,39.04,-29.28,-34.16,-29.28,19.52,29.28,24.4,14.64
39.04,-14.64,-53.68,-9.76,43.92,-34.16,-34.16,-34.16,19.52,29.28,24.4,14.64
24.4,-4.88,-29.28,-9.76,24.4,-19.52,-34.16,-43.92,14.64,19.52,24.4,14.64
24.4,-4.88,-29.28,-9.76,24.4,-19.52,-43.92,-43.92,9.76,9.76,14.64,9.76
19.52,-4.88,-24.4,-4.88,19.52,-14.64,-34.16,-43.92,4.88,9.76,14.64,9.76
14.64,-19.52,-34.16,4.88,24.4,-29.28,-34.16,-43.92,0,14.64,14.64,9.76
14.64,-24.4,-39.04,4.88,24.4,-34.16,-39.04,-53.68,-9.76,9.76,9.76,4.88
14.64,-29.28,-43.92,9.76,29.28,-39.04,-43.92,-58.56,-9.76,4.88,9.76,4.88
19.52,-43.92,-63.44,14.64,39.04,-53.68,-48.8,-58.56,-9.76,0,9.76,9.76
24.4,-58.56,-82.96,19.52,53.68,-73.2,-58.56,-58.56,-9.76,0,9.76,9.76
34.16,-63.44,-97.6,14.64,63.44,-82.96,-43.92,-48.8,-4.88,9.76,19.52,9.76
34.16,-63.44,-97.6,14.64,63.44,-82.96,-39.04,-48.8,-4.88,0,19.52,9.76
34.16,-58.56,-92.72,14.64,63.44,-78.08,-29.28,-48.8,-4.88,9.76,19.52,9.76
34.16,-58.56,-92.72,14.64,63.44,-78.08,-24.4,-48.8,-4.88,9.76,24.4,9.76
24.4,-48.8,-73.2,14.64,48.8,-63.44,-24.4,-39.04,4.88,14.64,34.16,9.76
24.4,-39.04,-63.44,9.76,43.92,-53.68,-24.4,-39.04,4.88,19.52,34.16,9.76
14.64,-19.52,-34.16,4.88,24.4,-29.28,-19.52,-39.04,4.88,24.4,34.16,9.76
-4.88,-9.76,-4.88,9.76,0,-9.76,-19.52,-39.04,4.88,29.28,34.16,9.76
-4.88,-24.4,-19.52,14.64,4.88,-24.4,-29.28,-43.92,-4.88,14.64,19.52,4.88
-4.88,-34.16,-29.28,19.52,9.76,-34.16,-34.16,-48.8,-4.88,9.76,14.64,4.88
-9.76,-34.16,-24.4,24.4,4.88,-29.28,-34.16,-53.68,-4.88,0,9.76,0
-9.76,-29.28,-19.52,19.52,4.88,-24.4,-34.16,-58.56,-4.88,-4.88,4.88,0
0,-39.04,-39.04,19.52,19.52,-39.04,-29.28,-58.56,4.88,4.88,24.4,9.76
4.88,-43.92,-48.8,19.52,24.4,-48.8,-24.4,-53.68,0,9.76,29.28,14.64
0,-43.92,-43.92,24.4,19.52,-43.92,-24.4,-48.8,0,14.64,29.28,9.76
4.88,-48.8,-53.68,24.4,29.28,-53.68,-24.4,-43.92,0,19.52,34.16,14.64
4.88,-39.04,-43.92,19.52,24.4,-43.92,-29.28,-48.8,-4.88,4.88,29.28,4.88
0,-34.16,-34.16,19.52,14.64,-34.16,-34.16,-53.68,-9.76,4.88,24.4,4.88
0,-24.4,-24.4,14.64,9.76,-24.4,-34.16,-63.44,-14.64,4.88,14.64,0
-4.88,-19.52,-14.64,14.64,4.88,-19.52,-39.04,-68.32,-19.52,4.88,4.88,0
-4.88,-9.76,-4.88,9.76,0,-9.76,-39.04,-68.32,-19.52,-4.88,4.88,0
9.76,-4.88,-14.64,0,9.76,-9.76,-39.04,-68.32,-19.52,-4.88,9.76,0
14.64,4.88,-9.76,-9.76,9.76,-4.88,-39.04,-63.44,-14.64,-4.88,9.76,4.88
14.64,9.76,-4.88,-9.76,9.76,0,-39.04,-63.44,-14.64,-4.88,9.76,4.88
0,-4.88,-4.88,4.88,0,-4.88,-48.8,-63.44,-14.64,-4.88,14.64,14.64
0,-9.76,-9.76,4.88,4.88,-9.76,-48.8,-63.44,-14.64,0,24.4,14.64
-4.88,-14.64,-9.76,9.76,0,-14.64,-48.8,-63.44,-14.64,9.76,29.28,19.52
-14.64,-34.16,-19.52,24.4,0,-29.28,-43.92,-63.44,-14.64,14.64,34.16,19.52
-14.64,-24.4,-9.76,19.52,-4.88,-19.52,-53.68,-73.2,-9.76,9.76,34.16,14.64
-4.88,0,4.88,4.88,-4.88,0,-48.8,-73.2,-14.64,9.76,39.04,9.76
-4.88,9.76,14.64,0,-9.76,9.76,-43.92,-78.08,-19.52,4.88,24.4,4.88
-9.76,19.52,29.28,-4.88,-19.52,24.4,-43.92,-82.96,-24.4,-4.88,19.52,0
-4.88,9.76,14.64,0,-9.76,9.76,-48.8,-92.72,-24.4,4.88,29.28,9.76
0,9.76,9.76,-4.88,-4.88,9.76,-53.68,-87.84,-24.4,4.88,34.16,9.76
-9.76,9.76,19.52,0,-14.64,14.64,-58.56,-87.84,-24.4,4.88,34.16,9.76
-4.88,4.88,9.76,0,-9.76,4.88,-63.44,-87.84,-24.4,4.88,39.04,14.64
39.04,-4.88,-43.92,-14.64,39.04,-24.4,-53.68,-78.08,-19.52,19.52,39.04,29.28
19.52,-4.88,-24.4,-4.88,19.52,-14.64,-43.92,-73.2,-19.52,14.64,39.04,29.28
4.88,14.64,9.76,-9.76,-4.88,9.76,-34.16,-63.44,-9.76,24.4,48.8,39.04
9.76,43.92,34.16,-24.4,-14.64,39.04,-9.76,-39.04,9.76,48.8,58.56,48.8
0,73.2,73.2,-34.16,-39.04,73.2,34.16,-4.88,43.92,63.44,53.68,19.52
-34.16,87.84,122,-24.4,-78.08,102.48,68.32,34.16,78.08,87.84,53.68,19.52
-48.8,97.6,146.4,-24.4,-97.6,122,107.36,68.32,122,151.28,87.84,39.04
-58.56,117.12,175.68,-29.28,-117.12,146.4,141.52,122,185.44,224.48,151.28,87.84
-73.2,156.16,229.36,-39.04,-151.28,190.32,209.84,229.36,307.44,361.12,244,146.4
-87.84,180.56,268.4,-43.92,-180.56,224.48,307.44,366,473.36,507.52,341.6,200.08
-97.6,200.08,297.68,-48.8,-200.08,248.88,395.28,502.64,629.52,653.92,444.08,253.76
-122,229.36,351.36,-53.68,-239.12,287.92,473.36,634.4,800.32,829.6,585.6,331.84
-102.48,297.68,400.16,-97.6,-253.76,346.48,566.08,795.44,1034.56,1083.36,810.08,478.24
-48.8,361.12,409.92,-156.16,-229.36,385.52,653.92,971.12,1288.32,1395.68,1107.76,678.32
9.76,400.16,390.4,-204.96,-190.32,395.28,712.48,1112.64,1537.2,1693.36,1405.44,858.88
82.96,424.56,341.6,-253.76,-131.76,380.64,805.2,1332.24,1834.88,2025.2,1712.88,1044.32
195.2,512.4,317.2,-351.36,-63.44,414.8,946.72,1605.52,2225.28,2435.12,2093.52,1273.68
317.2,595.36,278.16,-453.84,19.52,434.32,1058.96,1854.4,2566.88,2796.24,2449.76,1517.68
468.48,653.92,185.44,-561.2,141.52,419.68,1132.16,2078.88,2879.2,3103.68,2791.36,1742.16
697.84,727.12,29.28,-712.48,331.84,375.76,1146.8,2249.68,3186.64,3406.24,3142.72,2005.68
922.32,780.8,-141.52,-849.12,531.92,317.2,971.12,2108.16,3181.76,3469.68,3376.96,2225.28
1088.24,824.72,-263.52,-956.48,673.44,278.16,570.96,1576.24,2786.48,3259.84,3420.88,2366.8
1195.6,893.04,-302.56,-1044.32,746.64,292.8,97.6,790.56,2108.16,2869.44,3318.4,2410.72
1268.8,971.12,-297.68,-1117.52,780.8,336.72,-370.88,-48.8,1278.56,2298.48,3010.96,2342.4
1244.4,990.64,-253.76,-1117.52,746.64,366,-751.52,-751.52,409.92,1551.84,2513.2,2142.32
1166.32,902.8,-263.52,-1034.56,712.48,317.2,-1078.48,-1366.4,-517.28,673.44,1844.64,1825.12
1054.08,634.4,-419.68,-844.24,736.88,107.36,-1381.04,-1971.52,-1517.68,-380.64,922.32,1268.8
956.48,258.64,-697.84,-605.12,824.72,-219.6,-1683.6,-2518.08,-2440,-1468.88,-180.56,527.04
893.04,-9.76,-902.8,-439.2,897.92,-458.72,-1927.6,-2859.68,-3050,-2264.32,-1000.4,-43.92
829.6,-82.96,-912.56,-370.88,868.64,-497.76,-2034.96,-2947.52,-3201.28,-2503.44,-1278.56,-229.36
732,-102.48,-834.48,-312.32,780.8,-468.48,-2005.68,-2791.36,-2976.8,-2327.76,-1249.28,-248.88
634.4,-165.92,-800.32,-234.24,717.36,-483.12,-1917.84,-2542.48,-2659.6,-2142.32,-1239.52,-326.96
512.4,-253.76,-766.16,-126.88,639.28,-512.4,-1683.6,-2210.64,-2347.28,-1986.16,-1249.28,-429.44
346.48,-263.52,-610,-39.04,478.24,-439.2,-1322.48,-1776.32,-1937.36,-1698.24,-1117.52,-419.68
185.44,-204.96,-390.4,9.76,287.92,-297.68,-1019.92,-1390.8,-1522.56,-1361.52,-912.56,-356.24
102.48,-131.76,-234.24,14.64,165.92,-185.44,-839.36,-1151.68,-1259.04,-1127.28,-785.68,-322.08
82.96,-82.96,-165.92,0,122,-126.88,-702.72,-976,-1054.08,-951.6,-692.96,-312.32
58.56,-53.68,-112.24,0,82.96,-82.96,-561.2,-780.8,-858.88,-785.68,-605.12,-283.04
24.4,-43.92,-68.32,9.76,43.92,-58.56,-448.96,-624.64,-707.6,-683.2,-541.68,-253.76
24.4,-63.44,-87.84,19.52,53.68,-78.08,-366,-507.52,-595.36,-605.12,-488,-248.88
29.28,-82.96,-112.24,29.28,68.32,-97.6,-287.92,-409.92,-478.24,-507.52,-434.32,-229.36
9.76,-87.84,-97.6,39.04,53.68,-92.72,-224.48,-322.08,-380.64,-419.68,-380.64,-209.84
9.76,-73.2,-82.96,34.16,43.92,-78.08,-161.04,-253.76,-292.8,-346.48,-312.32,-185.44
9.76,-53.68,-63.44,24.4,34.16,-58.56,-112.24,-180.56,-224.48,-253.76,-229.36,-151.28
-48.8,-78.08,-29.28,63.44,-9.76,-53.68,-73.2,-141.52,-165.92,-195.2,-190.32,-136.64
-78.08,-78.08,0,78.08,-39.04,-39.04,-48.8,-112.24,-146.4,-180.56,-170.8,-126.88
-43.92,-43.92,0,43.92,-24.4,-24.4,-48.8,-102.48,-141.52,-185.44,-175.68,-122
-4.88,-14.64,-9.76,9.76,0,-14.64,-48.8,-92.72,-131.76,-170.8,-175.68,-141.52
-14.64,-4.88,9.76,9.76,-14.64,0,-43.92,-92.72,-131.76,-170.8,-185.44,-146.4
-9.76,-4.88,4.88,9.76,-9.76,0,-43.92,-82.96,-131.76,-170.8,-190.32,-146.4
-19.52,-4.88,14.64,14.64,-19.52,4.88,-43.92,-82.96,-126.88,-156.16,-180.56,-136.64
-39.04,-4.88,34.16,24.4,-39.04,14.64,-29.28,-78.08,-117.12,-156.16,-180.56,-146.4
-39.04,-4.88,34.16,24.4,-39.04,14.64,-29.28,-73.2,-112.24,-151.28,-180.56,-146.4
-43.92,-4.88,39.04,24.4,-43.92,14.64,-24.4,-53.68,-92.72,-136.64,-170.8,-136.64
-53.68,-29.28,24.4,43.92,-39.04,-4.88,-19.52,-58.56,-92.72,-136.64,-165.92,-136.64
-68.32,-34.16,34.16,53.68,-53.68,0,-19.52,-58.56,-92.72,-136.64,-165.92,-141.52
-68.32,-43.92,24.4,58.56,-48.8,-9.76,-9.76,-63.44,-87.84,-136.64,-161.04,-141.52
-68.32,-53.68,14.64,63.44,-43.92,-19.52,-4.88,-58.56,-92.72,-136.64,-156.16,-131.76
-78.08,-58.56,19.52,68.32,-48.8,-19.52,-9.76,-63.44,-102.48,-136.64,-165.92,-131.76
-68.32,-58.56,9.76,63.44,-39.04,-24.4,-4.88,-63.44,-97.6,-146.4,-170.8,-131.76
-78.08,-53.68,24.4,68.32,-53.68,-14.64,-4.88,-58.56,-97.6,-146.4,-170.8,-141.52
-78.08,-58.56,19.52,68.32,-48.8,-19.52,0,-53.68,-97.6,-146.4,-170.8,-146.4
-87.84,-68.32,19.52,78.08,-53.68,-24.4,9.76,-53.68,-97.6,-156.16,-175.68,-165.92
-87.84,-68.32,19.52,78.08,-53.68,-24.4,9.76,-53.68,-92.72,-151.28,-175.68,-156.16
-87.84,-68.32,19.52,78.08,-53.68,-24.4,-9.76,-53.68,-92.72,-151.28,-180.56,-151.28
-87.84,-68.32,19.52,78.08,-53.68,-24.4,0,-48.8,-87.84,-146.4,-185.44,-151.28
-78.08,-68.32,9.76,73.2,-43.92,-29.28,-4.88,-58.56,-87.84,-146.4,-170.8,-146.4
-73.2,-58.56,14.64,68.32,-43.92,-24.4,-4.88,-53.68,-92.72,-141.52,-165.92,-146.4
-73.2,-43.92,29.28,58.56,-53.68,-9.76,0,-53.68,-92.72,-141.52,-170.8,-146.4
-68.32,-34.16,34.16,53.68,-53.68,0,4.88,-58.56,-92.72,-141.52,-175.68,-146.4
-63.44,-34.16,29.28,48.8,-48.8,-4.88,14.64,-48.8,-82.96,-136.64,-170.8,-131.76
-63.44,-29.28,34.16,48.8,-48.8,0,14.64,-43.92,-82.96,-131.76,-165.92,-136.64
-58.56,-29.28,29.28,43.92,-43.92,0,14.64,-43.92,-82.96,-131.76,-161.04,-136.64
-43.92,-29.28,14.64,39.04,-29.28,-9.76,19.52,-43.92,-82.96,-126.88,-156.16,-131.76
-58.56,-29.28,29.28,43.92,-43.92,0,9.76,-34.16,-68.32,-126.88,-156.16,-141.52
-68.32,-29.28,39.04,48.8,-53.68,4.88,14.64,-34.16,-68.32,-131.76,-161.04,-141.52
-73.2,-34.16,39.04,53.68,-58.56,0,14.64,-34.16,-68.32,-131.76,-161.04,-141.52
-82.96,-34.16,48.8,58.56,-68.32,4.88,19.52,-34.16,-68.32,-126.88,-151.28,-136.64
-78.08,-39.04,39.04,58.56,-58.56,0,9.76,-39.04,-68.32,-126.88,-151.28,-141.52
-78.08,-43.92,34.16,63.44,-58.56,-4.88,9.76,-34.16,-68.32,-131.76,-161.04,-141.52
-78.08,-48.8,29.28,63.44,-53.68,-9.76,9.76,-34.16,-68.32,-131.76,-165.92,-146.4
-78.08,-53.68,24.4,68.32,-53.68,-14.64,9.76,-34.16,-63.44,-131.76,-165.92,-146.4
-73.2,-48.8,24.4,63.44,-48.8,-14.64,19.52,-24.4,-63.44,-136.64,-180.56,-156.16
-68.32,-48.8,19.52,58.56,-43.92,-14.64,19.52,-24.4,-63.44,-136.64,-180.56,-161.04
-58.56,-39.04,19.52,48.8,-39.04,-9.76,14.64,-24.4,-63.44,-136.64,-175.68,-161.04
-53.68,-29.28,24.4,43.92,-39.04,-4.88,14.64,-24.4,-63.44,-141.52,-175.68,-161.04
-58.56,-34.16,24.4,48.8,-43.92,-4.88,19.52,-24.4,-53.68,-136.64,-170.8,-156.16
-58.56,-39.04,19.52,48.8,-39.04,-9.76,19.52,-19.52,-48.8,-131.76,-165.92,-151.28
-78.08,-43.92,34.16,63.44,-58.56,-4.88,19.52,-14.64,-43.92,-126.88,-161.04,-141.52
-87.84,-43.92,43.92,68.32,-68.32,0,24.4,-9.76,-43.92,-117.12,-156.16,-131.76
-63.44,-24.4,39.04,43.92,-53.68,4.88,29.28,0,-39.04,-102.48,-151.28,-126.88
-63.44,-19.52,43.92,43.92,-53.68,9.76,29.28,4.88,-39.04,-92.72,-146.4,-136.64
-78.08,-14.64,63.44,48.8,-73.2,24.4,34.16,4.88,-39.04,-102.48,-151.28,-136.64
-63.44,-4.88,58.56,34.16,-63.44,24.4,34.16,4.88,-39.04,-102.48,-151.28,-131.76
-58.56,-9.76,48.8,34.16,-53.68,19.52,43.92,19.52,-29.28,-97.6,-161.04,-131.76
-63.44,-19.52,43.92,43.92,-53.68,9.76,43.92,19.52,-29.28,-107.36,-156.16,-136.64
-63.44,-24.4,39.04,43.92,-53.68,4.88,48.8,19.52,-24.4,-107.36,-156.16,-141.52
-68.32,-29.28,39.04,48.8,-53.68,4.88,53.68,24.4,-24.4,-102.48,-156.16,-151.28
-78.08,-24.4,53.68,53.68,-68.32,14.64,48.8,29.28,-19.52,-107.36,-165.92,-165.92
-73.2,-29.28,43.92,53.68,-58.56,4.88,58.56,39.04,-19.52,-107.36,-170.8,-165.92
-63.44,-29.28,34.16,48.8,-48.8,0,58.56,43.92,-19.52,-107.36,-175.68,-165.92
-48.8,-29.28,19.52,39.04,-34.16,-4.88,58.56,48.8,-19.52,-107.36,-180.56,-165.92
-68.32,-24.4,43.92,48.8,-58.56,9.76,68.32,48.8,-19.52,-102.48,-175.68,-170.8
-82.96,-43.92,39.04,63.44,-63.44,-4.88,68.32,48.8,-14.64,-102.48,-175.68,-170.8
-92.72,-58.56,34.16,78.08,-63.44,-14.64,63.44,48.8,-14.64,-102.48,-180.56,-175.68
-112.24,-68.32,43.92,92.72,-78.08,-14.64,63.44,48.8,-9.76,-102.48,-185.44,-190.32
-102.48,-58.56,43.92,82.96,-73.2,-9.76,73.2,58.56,4.88,-102.48,-175.68,-185.44
-92.72,-53.68,39.04,73.2,-68.32,-9.76,87.84,68.32,9.76,-102.48,-175.68,-185.44
-92.72,-48.8,43.92,73.2,-68.32,-4.88,92.72,78.08,9.76,-102.48,-185.44,-185.44
-82.96,-43.92,39.04,63.44,-63.44,-4.88,87.84,82.96,14.64,-102.48,-190.32,-185.44
-73.2,-58.56,14.64,68.32,-43.92,-24.4,97.6,92.72,9.76,-102.48,-190.32,-180.56
-87.84,-58.56,29.28,73.2,-58.56,-14.64,97.6,97.6,9.76,-102.48,-195.2,-190.32
-92.72,-58.56,34.16,78.08,-63.44,-14.64,97.6,102.48,9.76,-102.48,-195.2,-200.08
-97.6,-63.44,34.16,82.96,-68.32,-14.64,102.48,102.48,14.64,-102.48,-200.08,-200.08
-107.36,-58.56,48.8,82.96,-78.08,-4.88,117.12,102.48,29.28,-102.48,-209.84,-209.84
-107.36,-58.56,48.8,82.96,-78.08,-4.88,126.88,112.24,29.28,-112.24,-214.72,-219.6
-97.6,-58.56,39.04,78.08,-68.32,-9.76,126.88,122,29.28,-112.24,-214.72,-224.48
-82.96,-58.56,24.4,73.2,-53.68,-19.52,131.76,122,29.28,-112.24,-214.72,-234.24
-87.84,-73.2,14.64,82.96,-53.68,-29.28,146.4,141.52,29.28,-112.24,-234.24,-229.36
-92.72,-73.2,19.52,82.96,-58.56,-29.28,151.28,146.4,34.16,-112.24,-234.24,-234.24
-97.6,-68.32,29.28,82.96,-63.44,-19.52,161.04,156.16,39.04,-112.24,-234.24,-239.12
-102.48,-68.32,34.16,87.84,-68.32,-19.52,161.04,161.04,39.04,-117.12,-239.12,-244
-117.12,-68.32,48.8,92.72,-82.96,-9.76,165.92,165.92,48.8,-112.24,-253.76,-244
-126.88,-68.32,58.56,97.6,-92.72,-4.88,165.92,170.8,48.8,-117.12,-258.64,-253.76
-136.64,-63.44,73.2,102.48,-107.36,4.88,170.8,175.68,48.8,-122,-268.4,-258.64
-141.52,-63.44,78.08,102.48,-112.24,4.88,175.68,180.56,48.8,-136.64,-278.16,-268.4
-131.76,-68.32,63.44,102.48,-97.6,-4.88,190.32,195.2,48.8,-136.64,-283.04,-278.16
-136.64,-68.32,68.32,102.48,-102.48,0,200.08,204.96,53.68,-136.64,-297.68,-292.8
-141.52,-73.2,68.32,107.36,-107.36,-4.88,209.84,214.72,53.68,-156.16,-317.2,-302.56
-141.52,-73.2,68.32,107.36,-107.36,-4.88,214.72,224.48,53.68,-170.8,-331.84,-312.32
-136.64,-78.08,58.56,107.36,-97.6,-9.76,219.6,219.6,39.04,-165.92,-336.72,-331.84
-156.16,-82.96,73.2,122,-117.12,-4.88,224.48,219.6,34.16,-175.68,-351.36,-341.6
-161.04,-92.72,68.32,126.88,-117.12,-14.64,229.36,224.48,34.16,-180.56,-361.12,-351.36
-165.92,-92.72,73.2,131.76,-122,-9.76,234.24,224.48,24.4,-190.32,-375.76,-356.24
-190.32,-97.6,92.72,146.4,-141.52,-4.88,244,219.6,14.64,-200.08,-390.4,-370.88
-209.84,-97.6,112.24,156.16,-161.04,4.88,244,214.72,19.52,-214.72,-405.04,-390.4
-209.84,-92.72,117.12,151.28,-165.92,9.76,244,219.6,19.52,-209.84,-409.92,-395.28
-209.84,-87.84,122,151.28,-165.92,14.64,248.88,219.6,19.52,-209.84,-409.92,-405.04
-229.36,-92.72,136.64,161.04,-185.44,19.52,248.88,214.72,9.76,-244,-434.32,-414.8
-239.12,-102.48,136.64,170.8,-190.32,14.64,248.88,209.84,-4.88,-258.64,-463.6,-434.32
-253.76,-107.36,146.4,180.56,-200.08,19.52,244,204.96,-24.4,-273.28,-492.88,-448.96
-263.52,-122,141.52,195.2,-204.96,9.76,239.12,200.08,-34.16,-307.44,-517.28,-458.72
-268.4,-131.76,136.64,200.08,-204.96,0,224.48,185.44,-39.04,-312.32,-507.52,-458.72
-239.12,-141.52,97.6,190.32,-170.8,-24.4,224.48,180.56,-39.04,-312.32,-512.4,-468.48
-239.12,-151.28,87.84,195.2,-165.92,-34.16,224.48,175.68,-39.04,-322.08,-527.04,-473.36
-263.52,-161.04,102.48,214.72,-185.44,-29.28,219.6,161.04,-53.68,-317.2,-536.8,-488
-278.16,-165.92,112.24,224.48,-195.2,-29.28,219.6,161.04,-53.68,-307.44,-527.04,-488
-273.28,-161.04,112.24,219.6,-195.2,-24.4,219.6,161.04,-53.68,-317.2,-531.92,-483.12
-268.4,-156.16,112.24,214.72,-190.32,-24.4,219.6,156.16,-48.8,-317.2,-536.8,-478.24
-253.76,-151.28,102.48,204.96,-180.56,-24.4,219.6,151.28,-48.8,-312.32,-527.04,-473.36
-248.88,-136.64,112.24,195.2,-180.56,-14.64,209.84,156.16,-58.56,-302.56,-522.16,-473.36
-248.88,-131.76,117.12,190.32,-185.44,-9.76,214.72,146.4,-58.56,-302.56,-512.4,-468.48
-253.76,-122,131.76,190.32,-195.2,4.88,214.72,136.64,-53.68,-302.56,-507.52,-463.6
-263.52,-107.36,156.16,185.44,-209.84,24.4,204.96,131.76,-53.68,-302.56,-497.76,-458.72
-244,-112.24,131.76,180.56,-190.32,9.76,200.08,126.88,-53.68,-297.68,-488,-444.08
-239.12,-117.12,122,180.56,-180.56,0,195.2,122,-53.68,-292.8,-483.12,-434.32
-239.12,-122,117.12,180.56,-180.56,-4.88,190.32,122,-58.56,-287.92,-458.72,-429.44
-229.36,-122,107.36,175.68,-170.8,-9.76,175.68,126.88,-53.68,-268.4,-444.08,-414.8
-214.72,-107.36,107.36,161.04,-161.04,0,175.68,122,-39.04,-258.64,-429.44,-405.04
-214.72,-107.36,107.36,161.04,-161.04,0,156.16,122,-39.04,-239.12,-409.92,-385.52
-214.72,-107.36,107.36,161.04,-161.04,0,156.16,117.12,-29.28,-224.48,-385.52,-366
-214.72,-107.36,107.36,161.04,-161.04,0,151.28,102.48,-24.4,-209.84,-375.76,-341.6
-204.96,-107.36,97.6,156.16,-151.28,-4.88,151.28,102.48,-14.64,-200.08,-351.36,-326.96
-180.56,-97.6,82.96,141.52,-131.76,-9.76,146.4,97.6,-4.88,-185.44,-317.2,-297.68
-165.92,-87.84,78.08,126.88,-122,-4.88,141.52,97.6,0,-165.92,-283.04,-278.16
-141.52,-82.96,58.56,112.24,-102.48,-14.64,136.64,87.84,4.88,-146.4,-253.76,-253.76
-122,-87.84,34.16,107.36,-78.08,-29.28,126.88,78.08,-4.88,-136.64,-234.24,-234.24
-112.24,-82.96,29.28,97.6,-73.2,-29.28,107.36,68.32,-4.88,-122,-209.84,-214.72
-92.72,-73.2,19.52,82.96,-58.56,-29.28,97.6,53.68,-4.88,-117.12,-200.08,-195.2
-68.32,-68.32,0,68.32,-34.16,-34.16,92.72,39.04,-4.88,-97.6,-180.56,-170.8
-53.68,-53.68,0,53.68,-29.28,-29.28,82.96,34.16,0,-87.84,-165.92,-151.28
-53.68,-43.92,9.76,48.8,-34.16,-19.52,68.32,24.4,0,-78.08,-141.52,-136.64
-48.8,-39.04,9.76,43.92,-29.28,-14.64,53.68,14.64,0,-73.2,-117.12,-126.88
-53.68,-24.4,29.28,39.04,-43.92,0,43.92,9.76,0,-63.44,-97.6,-112.24
-53.68,-34.16,19.52,43.92,-39.04,-9.76,34.16,0,0,-48.8,-78.08,-102.48
-39.04,-24.4,14.64,34.16,-29.28,-4.88,24.4,-9.76,0,-39.04,-58.56,-87.84
-29.28,-24.4,4.88,29.28,-19.52,-9.76,19.52,-14.64,-4.88,-29.28,-53.68,-73.2
-14.64,-24.4,-9.76,19.52,-4.88,-19.52,19.52,-19.52,-9.76,-29.28,-48.8,-58.56
-14.64,-19.52,-4.88,19.52,-4.88,-14.64,19.52,-19.52,-14.64,-34.16,-53.68,-68.32
-4.88,-9.76,-4.88,9.76,0,-9.76,19.52,-34.16,-19.52,-34.16,-48.8,-58.56
-4.88,0,4.88,4.88,-4.88,0,9.76,-43.92,-24.4,-34.16,-48.8,-53.68
9.76,9.76,0,-9.76,4.88,4.88,0,-48.8,-39.04,-48.8,-53.68,-48.8
24.4,0,-24.4,-9.76,24.4,-14.64,4.88,-58.56,-39.04,-39.04,-34.16,-43.92
19.52,-4.88,-24.4,-4.88,19.52,-14.64,4.88,-58.56,-34.16,-43.92,-19.52,-39.04
14.64,-14.64,-29.28,0,19.52,-24.4,4.88,-58.56,-34.16,-48.8,-14.64,-29.28
0,-24.4,-24.4,14.64,9.76,-24.4,0,-63.44,-34.16,-53.68,-14.64,-34.16
24.4,-14.64,-39.04,-4.88,29.28,-29.28,-9.76,-73.2,-34.16,-43.92,-4.88,-24.4
29.28,-14.64,-43.92,-4.88,34.16,-29.28,-24.4,-73.2,-39.04,-24.4,9.76,-19.52
34.16,-9.76,-43.92,-9.76,39.04,-29.28,-29.28,-73.2,-39.04,-19.52,9.76,-9.76
39.04,-4.88,-43.92,-14.64,39.04,-24.4,-34.16,-82.96,-39.04,-9.76,19.52,0
19.52,4.88,-14.64,-9.76,14.64,-4.88,-24.4,-73.2,-48.8,-19.52,29.28,-4.88
29.28,4.88,-24.4,-14.64,24.4,-9.76,-24.4,-73.2,-48.8,-19.52,29.28,-4.88
34.16,4.88,-29.28,-19.52,29.28,-14.64,-24.4,-68.32,-48.8,-19.52,19.52,-4.88
34.16,0,-34.16,-14.64,34.16,-19.52,-9.76,-68.32,-43.92,-14.64,19.52,-4.88
14.64,0,-14.64,-4.88,14.64,-9.76,-14.64,-78.08,-34.16,-14.64,19.52,-14.64
14.64,9.76,-4.88,-9.76,9.76,0,-9.76,-68.32,-39.04,-19.52,24.4,-4.88
19.52,14.64,-4.88,-14.64,9.76,4.88,-9.76,-68.32,-39.04,-19.52,24.4,0
34.16,14.64,-19.52,-24.4,24.4,-4.88,-14.64,-73.2,-34.16,-14.64,19.52,0
29.28,4.88,-24.4,-14.64,24.4,-9.76,-4.88,-63.44,-29.28,-4.88,34.16,4.88
29.28,4.88,-24.4,-14.64,24.4,-9.76,0,-53.68,-24.4,4.88,39.04,9.76
14.64,4.88,-9.76,-9.76,9.76,-4.88,0,-43.92,-14.64,9.76,43.92,14.64
24.4,4.88,-19.52,-14.64,19.52,-9.76,4.88,-29.28,-4.88,9.76,43.92,14.64
34.16,19.52,-14.64,-24.4,24.4,0,9.76,-34.16,-4.88,24.4,48.8,24.4
43.92,39.04,-4.88,-39.04,24.4,14.64,14.64,-34.16,4.88,34.16,68.32,39.04
48.8,58.56,9.76,-53.68,19.52,34.16,14.64,-24.4,4.88,39.04,73.2,39.04
53.68,73.2,19.52,-63.44,14.64,43.92,14.64,-34.16,0,43.92,78.08,39.04
39.04,63.44,24.4,-48.8,4.88,43.92,9.76,-43.92,4.88,34.16,78.08,39.04
29.28,58.56,29.28,-43.92,0,43.92,9.76,-43.92,0,34.16,73.2,39.04
24.4,53.68,29.28,-39.04,-4.88,39.04,4.88,-48.8,-4.88,34.16,58.56,39.04
24.4,48.8,24.4,-34.16,0,34.16,0,-48.8,-4.88,39.04,58.56,39.04
34.16,39.04,4.88,-34.16,14.64,19.52,-4.88,-58.56,-4.88,29.28,48.8,34.16
29.28,24.4,-4.88,-24.4,14.64,9.76,-9.76,-53.68,-4.88,19.52,43.92,29.28
29.28,14.64,-14.64,-19.52,19.52,0,-14.64,-53.68,-9.76,9.76,39.04,19.52
29.28,14.64,-14.64,-19.52,19.52,0,-19.52,-53.68,-14.64,4.88,39.04,14.64
19.52,24.4,4.88,-19.52,4.88,14.64,-34.16,-58.56,-14.64,9.76,43.92,14.64
14.64,19.52,4.88,-14.64,4.88,9.76,-39.04,-68.32,-19.52,9.76,43.92,19.52
9.76,19.52,9.76,-14.64,0,14.64,-34.16,-73.2,-24.4,9.76,43.92,29.28
9.76,19.52,9.76,-14.64,0,14.64,-48.8,-82.96,-29.28,9.76,53.68,39.04
14.64,0,-14.64,-4.88,14.64,-9.76,-58.56,-87.84,-24.4,24.4,68.32,34.16
19.52,9.76,-9.76,-14.64,14.64,0,-48.8,-87.84,-24.4,29.28,73.2,34.16
24.4,19.52,-4.88,-19.52,14.64,4.88,-39.04,-78.08,-24.4,39.04,73.2,34.16
34.16,19.52,-14.64,-24.4,24.4,0,-39.04,-78.08,-24.4,43.92,68.32,34.16
43.92,29.28,-14.64,-34.16,29.28,4.88,-48.8,-87.84,-39.04,29.28,48.8,19.52
34.16,29.28,-4.88,-29.28,19.52,9.76,-58.56,-87.84,-39.04,14.64,43.92,14.64
34.16,19.52,-14.64,-24.4,24.4,0,-68.32,-87.84,-39.04,0,34.16,9.76
39.04,19.52,-19.52,-29.28,29.28,0,-73.2,-78.08,-43.92,-19.52,24.4,4.88
39.04,9.76,-29.28,-24.4,34.16,-9.76,-63.44,-63.44,-29.28,0,39.04,9.76
43.92,4.88,-39.04,-24.4,39.04,-19.52,-58.56,-63.44,-19.52,4.88,39.04,24.4
43.92,0,-43.92,-19.52,43.92,-24.4,-58.56,-63.44,-14.64,9.76,39.04,14.64
43.92,-4.88,-48.8,-19.52,43.92,-29.28,-58.56,-58.56,-9.76,19.52,29.28,14.64
39.04,4.88,-34.16,-19.52,34.16,-14.64,-48.8,-63.44,-14.64,39.04,43.92,24.4
24.4,9.76,-14.64,-14.64,19.52,-4.88,-48.8,-63.44,-14.64,39.04,53.68,24.4
19.52,14.64,-4.88,-14.64,9.76,4.88,-48.8,-63.44,-14.64,34.16,58.56,29.28
14.64,19.52,4.88,-14.64,4.88,9.76,-58.56,-68.32,-19.52,24.4,68.32,24.4
29.28,14.64,-14.64,-19.52,19.52,0,-58.56,-58.56,-19.52,0,58.56,9.76
43.92,9.76,-34.16,-24.4,39.04,-14.64,-53.68,-58.56,-19.52,-4.88,48.8,9.76
34.16,4.88,-29.28,-19.52,29.28,-14.64,-48.8,-58.56,-19.52,-9.76,34.16,9.76
19.52,-4.88,-24.4,-4.88,19.52,-14.64,-43.92,-58.56,-19.52,-14.64,24.4,9.76
24.4,-4.88,-29.28,-9.76,24.4,-19.52,-43.92,-63.44,-9.76,-14.64,24.4,9.76
14.64,-4.88,-19.52,-4.88,14.64,-14.64,-48.8,-63.44,-14.64,-9.76,24.4,9.76
14.64,-4.88,-19.52,-4.88,14.64,-14.64,-48.8,-63.44,-14.64,-4.88,24.4,4.88
19.52,-4.88,-24.4,-4.88,19.52,-14.64,-43.92,-63.44,-14.64,0,19.52,0
14.64,-4.88,-19.52,-4.88,14.64,-14.64,-43.92,-63.44,-29.28,-9.76,4.88,-14.64
9.76,-4.88,-14.64,0,9.76,-9.76,-48.8,-63.44,-29.28,-4.88,0,-14.64
9.76,-9.76,-19.52,0,14.64,-14.64,-48.8,-63.44,-34.16,-9.76,0,-14.64
19.52,-19.52,-39.04,0,29.28,-29.28,-48.8,-68.32,-43.92,-19.52,0,-14.64
29.28,-4.88,-34.16,-9.76,29.28,-19.52,-43.92,-68.32,-39.04,-24.4,9.76,0
19.52,9.76,-9.76,-14.64,14.64,0,-43.92,-63.44,-39.04,-14.64,19.52,0
0,4.88,4.88,0,-4.88,4.88,-43.92,-58.56,-39.04,-4.88,19.52,0
9.76,9.76,0,-9.76,4.88,4.88,-43.92,-53.68,-34.16,4.88,19.52,0
0,19.52,19.52,-9.76,-9.76,19.52,-39.04,-53.68,-19.52,-4.88,14.64,0
0,14.64,14.64,-4.88,-9.76,14.64,-34.16,-48.8,-19.52,-9.76,9.76,-4.88
0,4.88,4.88,0,-4.88,4.88,-24.4,-43.92,-19.52,-14.64,4.88,-9.76
0,19.52,19.52,-9.76,-9.76,19.52,-14.64,-43.92,-19.52,-19.52,4.88,-9.76
0,24.4,24.4,-9.76,-14.64,24.4,-24.4,-48.8,-24.4,-14.64,4.88,-24.4
0,24.4,24.4,-9.76,-14.64,24.4,-24.4,-53.68,-29.28,-19.52,-4.88,-29.28
4.88,14.64,9.76,-9.76,-4.88,9.76,-34.16,-58.56,-34.16,-19.52,-9.76,-34.16
4.88,14.64,9.76,-9.76,-4.88,9.76,-39.04,-58.56,-39.04,-14.64,-9.76,-34.16
-4.88,24.4,29.28,-9.76,-19.52,24.4,-39.04,-58.56,-39.04,-29.28,-4.88,-24.4
-9.76,14.64,24.4,0,-19.52,19.52,-34.16,-58.56,-34.16,-29.28,-4.88,-19.52
-9.76,14.64,24.4,0,-19.52,19.52,-24.4,-58.56,-34.16,-24.4,-9.76,-19.52
-4.88,14.64,19.52,-4.88,-14.64,14.64,-19.52,-58.56,-34.16,-24.4,-9.76,-9.76
-4.88,9.76,14.64,0,-9.76,9.76,-14.64,-43.92,-19.52,-19.52,0,-9.76
-4.88,0,4.88,4.88,-4.88,0,-9.76,-39.04,-19.52,-4.88,9.76,-4.88
-9.76,-4.88,4.88,9.76,-9.76,0,-4.88,-34.16,-14.64,-9.76,14.64,-4.88
-9.76,-9.76,0,9.76,-4.88,-4.88,-4.88,-34.16,-9.76,-4.88,19.52,4.88
4.88,-9.76,-14.64,4.88,9.76,-14.64,0,-43.92,-19.52,-4.88,9.76,-4.88
0,-4.88,-4.88,4.88,0,-4.88,0,-43.92,-19.52,-4.88,9.76,-9.76
-4.88,0,4.88,4.88,-4.88,0,4.88,-39.04,-19.52,-14.64,9.76,-9.76
-19.52,4.88,24.4,9.76,-24.4,14.64,4.88,-34.16,-14.64,-19.52,9.76,-14.64
-9.76,-4.88,4.88,9.76,-9.76,0,4.88,-43.92,-24.4,-29.28,0,-14.64
-4.88,-4.88,0,4.88,-4.88,-4.88,9.76,-43.92,-24.4,-24.4,4.88,-14.64
0,4.88,4.88,0,-4.88,4.88,9.76,-43.92,-24.4,-24.4,9.76,-9.76
-4.88,4.88,9.76,0,-9.76,4.88,9.76,-48.8,-24.4,-14.64,19.52,0
-14.64,14.64,29.28,0,-24.4,19.52,4.88,-48.8,-24.4,-9.76,34.16,9.76
-4.88,4.88,9.76,0,-9.76,4.88,-9.76,-53.68,-29.28,-4.88,34.16,4.88
4.88,4.88,0,-4.88,0,0,-4.88,-53.68,-29.28,-14.64,29.28,4.88
-4.88,4.88,9.76,0,-9.76,4.88,-9.76,-53.68,-29.28,9.76,19.52,9.76
0,19.52,19.52,-9.76,-9.76,19.52,-24.4,-58.56,-39.04,0,19.52,14.64
19.52,34.16,14.64,-24.4,0,24.4,-24.4,-63.44,-39.04,0,19.52,14.64
24.4,53.68,29.28,-39.04,-4.88,39.04,-24.4,-68.32,-34.16,4.88,34.16,19.52
24.4,73.2,48.8,-48.8,-14.64,58.56,-29.28,-73.2,-34.16,4.88,48.8,19.52
9.76,58.56,48.8,-34.16,-19.52,53.68,-19.52,-58.56,-24.4,-4.88,58.56,19.52
4.88,39.04,34.16,-19.52,-14.64,34.16,-19.52,-58.56,-29.28,-9.76,53.68,9.76
0,24.4,24.4,-9.76,-14.64,24.4,-14.64,-63.44,-29.28,-9.76,34.16,9.76
0,9.76,9.76,-4.88,-4.88,9.76,-9.76,-63.44,-29.28,-9.76,29.28,9.76
0,14.64,14.64,-4.88,-9.76,14.64,-19.52,-63.44,-29.28,-19.52,24.4,19.52
0,14.64,14.64,-4.88,-9.76,14.64,-19.52,-68.32,-34.16,-19.52,29.28,19.52
0,19.52,19.52,-9.76,-9.76,19.52,-19.52,-73.2,-39.04,-4.88,34.16,29.28
-4.88,19.52,24.4,-4.88,-14.64,19.52,-24.4,-78.08,-43.92,-4.88,53.68,29.28
-4.88,24.4,29.28,-9.76,-19.52,24.4,-39.04,-87.84,-53.68,0,39.04,19.52
0,29.28,29.28,-14.64,-14.64,29.28,-39.04,-97.6,-53.68,4.88,34.16,19.52
9.76,34.16,24.4,-19.52,-9.76,29.28,-39.04,-97.6,-58.56,-4.88,34.16,14.64
9.76,34.16,24.4,-19.52,-9.76,29.28,-43.92,-87.84,-58.56,-4.88,29.28,4.88
4.88,34.16,29.28,-19.52,-14.64,29.28,-29.28,-87.84,-53.68,-24.4,29.28,4.88
9.76,34.16,24.4,-19.52,-9.76,29.28,-34.16,-87.84,-53.68,-34.16,19.52,-4.88
9.76,43.92,34.16,-24.4,-14.64,39.04,-43.92,-87.84,-63.44,-34.16,9.76,0
4.88,24.4,19.52,-14.64,-9.76,19.52,-39.04,-87.84,-58.56,-14.64,29.28,19.52
9.76,0,-9.76,-4.88,9.76,-4.88,-29.28,-87.84,-48.8,0,48.8,29.28
9.76,9.76,0,-9.76,4.88,4.88,-39.04,-92.72,-53.68,-9.76,39.04,19.52
9.76,9.76,0,-9.76,4.88,4.88,-39.04,-97.6,-58.56,-9.76,39.04,19.52
9.76,9.76,0,-9.76,4.88,4.88,-39.04,-102.48,-63.44,-9.76,39.04,19.52
9.76,9.76,0,-9.76,4.88,4.88,-39.04,-107.36,-68.32,-9.76,39.04,19.52
0,9.76,9.76,-4.88,-4.88,9.76,-48.8,-117.12,-68.32,-19.52,29.28,19.52
9.76,9.76,0,-9.76,4.88,4.88,-48.8,-112.24,-63.44,-9.76,39.04,19.52
9.76,0,-9.76,-4.88,9.76,-4.88,-48.8,-112.24,-63.44,-9.76,39.04,19.52
9.76,0,-9.76,-4.88,9.76,-4.88,-43.92,-112.24,-63.44,-9.76,39.04,19.52
4.88,9.76,4.88,-4.88,0,4.88,-48.8,-107.36,-73.2,-14.64,24.4,9.76
4.88,9.76,4.88,-4.88,0,4.88,-48.8,-117.12,-82.96,-19.52,19.52,4.88
9.76,9.76,0,-9.76,4.88,4.88,-48.8,-107.36,-73.2,-24.4,9.76,-4.88
14.64,9.76,-4.88,-9.76,9.76,0,-53.68,-107.36,-73.2,-29.28,4.88,-9.76
9.76,-9.76,-19.52,0,14.64,-14.64,-53.68,-117.12,-78.08,-29.28,14.64,0
4.88,-24.4,-29.28,9.76,14.64,-29.28,-53.68,-117.12,-82.96,-29.28,19.52,0
4.88,-19.52,-24.4,9.76,14.64,-24.4,-53.68,-112.24,-82.96,-29.28,24.4,0
0,-19.52,-19.52,9.76,9.76,-19.52,-53.68,-112.24,-78.08,-29.28,39.04,4.88
4.88,4.88,0,-4.88,0,0,-48.8,-102.48,-68.32,-24.4,34.16,19.52
14.64,14.64,0,-14.64,4.88,4.88,-48.8,-107.36,-68.32,-19.52,39.04,29.28
19.52,14.64,-4.88,-14.64,9.76,4.88,-39.04,-107.36,-63.44,-9.76,48.8,34.16
19.52,24.4,4.88,-19.52,4.88,14.64,-39.04,-107.36,-63.44,-4.88,53.68,39.04
14.64,14.64,0,-14.64,4.88,4.88,-29.28,-102.48,-63.44,-4.88,39.04,24.4
19.52,24.4,4.88,-19.52,4.88,14.64,-29.28,-102.48,-63.44,-4.88,39.04,19.52
0,24.4,24.4,-9.76,-14.64,24.4,-29.28,-102.48,-63.44,-4.88,39.04,14.64
-4.88,34.16,39.04,-14.64,-24.4,34.16,-29.28,-102.48,-63.44,0,39.04,9.76
-19.52,34.16,53.68,-4.88,-39.04,43.92,-29.28,-112.24,-63.44,-9.76,53.68,19.52
-19.52,29.28,48.8,-4.88,-34.16,39.04,-34.16,-112.24,-58.56,-9.76,53.68,14.64
-14.64,24.4,39.04,-4.88,-29.28,29.28,-39.04,-112.24,-58.56,-14.64,43.92,14.64
-9.76,24.4,34.16,-4.88,-24.4,29.28,-39.04,-107.36,-58.56,-14.64,53.68,14.64
0,9.76,9.76,-4.88,-4.88,9.76,-24.4,-97.6,-53.68,-4.88,53.68,29.28
0,4.88,4.88,0,-4.88,4.88,-14.64,-92.72,-43.92,0,53.68,34.16
-4.88,0,4.88,4.88,-4.88,0,-9.76,-87.84,-39.04,0,63.44,34.16
-4.88,-4.88,0,4.88,-4.88,-4.88,-9.76,-87.84,-34.16,0,63.44,34.16
4.88,14.64,9.76,-9.76,-4.88,9.76,-9.76,-87.84,-34.16,14.64,63.44,43.92
14.64,19.52,4.88,-14.64,4.88,9.76,-14.64,-87.84,-39.04,19.52,68.32,43.92
19.52,24.4,4.88,-19.52,4.88,14.64,-14.64,-87.84,-39.04,24.4,73.2,43.92
14.64,29.28,14.64,-19.52,0,19.52,-14.64,-87.84,-43.92,34.16,92.72,48.8
14.64,39.04,24.4,-24.4,-4.88,29.28,-14.64,-87.84,-34.16,19.52,78.08,43.92
14.64,43.92,29.28,-29.28,-9.76,34.16,-19.52,-92.72,-34.16,14.64,63.44,39.04
14.64,48.8,34.16,-29.28,-9.76,39.04,-29.28,-97.6,-34.16,9.76,58.56,34.16
14.64,53.68,39.04,-34.16,-14.64,43.92,-39.04,-102.48,-34.16,4.88,53.68,24.4
19.52,39.04,19.52,-29.28,0,29.28,-24.4,-97.6,-39.04,4.88,63.44,34.16
19.52,29.28,9.76,-24.4,4.88,19.52,-24.4,-92.72,-39.04,4.88,63.44,34.16
19.52,14.64,-4.88,-14.64,9.76,4.88,-19.52,-87.84,-39.04,9.76,63.44,34.16
19.52,-4.88,-24.4,-4.88,19.52,-14.64,-14.64,-82.96,-39.04,9.76,63.44,34.16
29.28,0,-29.28,-14.64,29.28,-14.64,-19.52,-87.84,-43.92,4.88,53.68,24.4
34.16,4.88,-29.28,-19.52,29.28,-14.64,-34.16,-92.72,-48.8,-9.76,43.92,19.52
34.16,9.76,-24.4,-19.52,29.28,-9.76,-29.28,-97.6,-53.68,-14.64,43.92,19.52
34.16,0,-34.16,-14.64,34.16,-19.52,-34.16,-102.48,-58.56,-14.64,43.92,19.52
24.4,9.76,-14.64,-14.64,19.52,-4.88,-43.92,-112.24,-58.56,0,53.68,34.16
24.4,19.52,-4.88,-19.52,14.64,4.88,-43.92,-117.12,-58.56,4.88,58.56,34.16
29.28,19.52,-9.76,-24.4,19.52,4.88,-43.92,-117.12,-58.56,9.76,63.44,39.04
34.16,19.52,-14.64,-24.4,24.4,0,-48.8,-117.12,-58.56,19.52,68.32,39.04
29.28,29.28,0,-29.28,14.64,14.64,-53.68,-131.76,-68.32,14.64,63.44,29.28
24.4,34.16,9.76,-29.28,4.88,19.52,-58.56,-136.64,-73.2,0,58.56,29.28
19.52,43.92,24.4,-29.28,-4.88,34.16,-58.56,-141.52,-78.08,4.88,53.68,29.28
14.64,48.8,34.16,-29.28,-9.76,39.04,-63.44,-146.4,-82.96,0,53.68,29.28
19.52,58.56,39.04,-39.04,-9.76,48.8,-78.08,-156.16,-82.96,-4.88,53.68,34.16
34.16,58.56,24.4,-43.92,4.88,39.04,-82.96,-156.16,-82.96,-9.76,53.68,39.04
39.04,68.32,29.28,-53.68,4.88,48.8,-82.96,-156.16,-82.96,-14.64,53.68,43.92
34.16,68.32,34.16,-48.8,0,48.8,-87.84,-156.16,-82.96,-19.52,53.68,48.8
43.92,53.68,9.76,-48.8,14.64,29.28,-82.96,-146.4,-82.96,-14.64,63.44,53.68
43.92,34.16,-9.76,-39.04,24.4,9.76,-82.96,-146.4,-82.96,-9.76,63.44,53.68
39.04,24.4,-14.64,-29.28,24.4,4.88,-78.08,-146.4,-82.96,-9.76,63.44,48.8
39.04,19.52,-19.52,-29.28,29.28,0,-73.2,-146.4,-82.96,-4.88,63.44,48.8
43.92,29.28,-14.64,-34.16,29.28,4.88,-87.84,-161.04,-82.96,0,68.32,63.44
43.92,34.16,-9.76,-39.04,24.4,9.76,-92.72,-161.04,-87.84,0,68.32,63.44
34.16,43.92,9.76,-39.04,9.76,24.4,-102.48,-161.04,-87.84,0,63.44,53.68
34.16,48.8,14.64,-39.04,9.76,29.28,-112.24,-161.04,-87.84,0,63.44,53.68
39.04,34.16,-4.88,-34.16,19.52,14.64,-107.36,-151.28,-87.84,-4.88,63.44,43.92
39.04,24.4,-14.64,-29.28,24.4,4.88,-102.48,-151.28,-87.84,-4.88,63.44,43.92
43.92,19.52,-24.4,-29.28,34.16,-4.88,-92.72,-156.16,-87.84,-4.88,58.56,39.04
43.92,9.76,-34.16,-24.4,39.04,-14.64,-87.84,-156.16,-87.84,-4.88,53.68,39.04
39.04,-4.88,-43.92,-14.64,39.04,-24.4,-78.08,-146.4,-78.08,-4.88,53.68,39.04
48.8,-4.88,-53.68,-19.52,48.8,-29.28,-78.08,-146.4,-78.08,-4.88,58.56,39.04
48.8,0,-48.8,-24.4,48.8,-24.4,-78.08,-141.52,-73.2,-4.88,58.56,43.92
43.92,0,-43.92,-19.52,43.92,-24.4,-78.08,-141.52,-73.2,-4.88,58.56,43.92
29.28,9.76,-19.52,-19.52,24.4,-4.88,-78.08,-151.28,-82.96,-19.52,48.8,34.16
29.28,9.76,-19.52,-19.52,24.4,-4.88,-78.08,-151.28,-82.96,-19.52,53.68,34.16
24.4,9.76,-14.64,-14.64,19.52,-4.88,-78.08,-151.28,-82.96,-14.64,53.68,39.04
14.64,-4.88,-19.52,-4.88,14.64,-14.64,-73.2,-151.28,-82.96,-14.64,53.68,39.04
19.52,9.76,-9.76,-14.64,14.64,0,-73.2,-136.64,-73.2,4.88,68.32,48.8
34.16,29.28,-4.88,-29.28,19.52,9.76,-68.32,-131.76,-73.2,9.76,78.08,48.8
39.04,34.16,-4.88,-34.16,19.52,14.64,-63.44,-131.76,-73.2,9.76,68.32,48.8
39.04,39.04,0,-39.04,19.52,19.52,-63.44,-131.76,-73.2,4.88,68.32,48.8
48.8,24.4,-24.4,-34.16,34.16,0,-63.44,-131.76,-63.44,-4.88,58.56,48.8
48.8,19.52,-29.28,-34.16,39.04,-4.88,-63.44,-126.88,-63.44,-4.88,63.44,48.8
34.16,14.64,-19.52,-24.4,24.4,-4.88,-63.44,-126.88,-63.44,-4.88,63.44,48.8
34.16,4.88,-29.28,-19.52,29.28,-14.64,-63.44,-126.88,-63.44,-4.88,68.32,53.68
39.04,24.4,-14.64,-29.28,24.4,4.88,-53.68,-117.12,-58.56,9.76,78.08,68.32
19.52,34.16,14.64,-24.4,0,24.4,-53.68,-112.24,-48.8,34.16,97.6,68.32
24.4,14.64,-9.76,-19.52,14.64,0,-43.92,-102.48,-39.04,53.68,97.6,58.56
9.76,14.64,4.88,-9.76,0,9.76,0,-78.08,-19.52,58.56,97.6,58.56
-39.04,4.88,43.92,19.52,-43.92,24.4,53.68,-34.16,14.64,63.44,73.2,39.04
-53.68,9.76,63.44,24.4,-58.56,34.16,97.6,34.16,68.32,117.12,82.96,39.04
-19.52,48.8,68.32,-14.64,-43.92,58.56,146.4,87.84,131.76,200.08,146.4,78.08
-58.56,87.84,146.4,-14.64,-102.48,117.12,209.84,161.04,214.72,273.28,190.32,97.6
-92.72,107.36,200.08,-4.88,-146.4,151.28,287.92,268.4,336.72,380.64,253.76,126.88
-78.08,141.52,219.6,-29.28,-151.28,180.56,366,405.04,492.88,527.04,351.36,180.56
-97.6,190.32,287.92,-43.92,-195.2,239.12,453.84,531.92,649.04,702.72,473.36,253.76
-151.28,229.36,380.64,-39.04,-268.4,302.56,531.92,644.16,810.08,897.92,634.4,341.6
-122,297.68,419.68,-87.84,-273.28,356.24,605.12,785.68,1015.04,1132.16,858.88,488
-39.04,361.12,400.16,-161.04,-219.6,380.64,683.2,932.08,1229.76,1395.68,1127.28,658.8
48.8,409.92,361.12,-229.36,-156.16,385.52,751.52,1073.6,1459.12,1673.84,1424.96,858.88
151.28,473.36,322.08,-312.32,-87.84,395.28,854,1302.96,1805.6,2064.24,1810.48,1102.88
253.76,541.68,287.92,-395.28,-19.52,414.8,985.76,1595.76,2215.52,2522.96,2259.44,1400.56
356.24,585.6,229.36,-468.48,63.44,405.04,1088.24,1834.88,2557.12,2893.84,2644.96,1644.56
507.52,624.64,117.12,-566.08,195.2,370.88,1151.68,2039.84,2869.44,3230.56,3025.6,1908.08
717.36,678.32,-39.04,-697.84,375.76,317.2,1146.8,2181.36,3167.12,3562.4,3425.76,2210.64
922.32,761.28,-161.04,-839.36,541.68,297.68,961.36,2039.84,3172,3664.88,3689.28,2459.52
1068.72,844.24,-224.48,-956.48,644.16,307.44,590.48,1527.44,2796.24,3464.8,3762.48,2620.56
1117.52,932.08,-185.44,-1024.8,649.04,370.88,136.64,771.04,2098.4,3074.4,3650.24,2674.24
1102.88,980.88,-122,-1039.44,610,429.44,-312.32,-39.04,1259.04,2503.44,3313.52,2576.64
1088.24,971.12,-117.12,-1029.68,600.24,424.56,-653.92,-702.72,429.44,1786.08,2786.48,2357.04
1019.92,883.28,-136.64,-951.6,575.84,370.88,-883.28,-1220,-429.44,897.92,2078.88,2000.8
897.92,614.88,-283.04,-756.4,590.48,165.92,-1117.52,-1766.56,-1410.32,-224.48,1039.44,1376.16
761.28,248.88,-512.4,-502.64,634.4,-131.76,-1410.32,-2274.08,-2332.64,-1390.8,-151.28,595.36
639.28,9.76,-629.52,-322.08,634.4,-312.32,-1644.56,-2615.68,-2913.36,-2196,-971.12,24.4
536.8,-34.16,-570.96,-248.88,551.44,-302.56,-1722.64,-2693.76,-3054.88,-2415.6,-1239.52,-170.8
478.24,-24.4,-502.64,-224.48,488,-263.52,-1722.64,-2566.88,-2840.16,-2249.68,-1229.76,-209.84
429.44,-78.08,-507.52,-175.68,468.48,-292.8,-1683.6,-2366.8,-2552.24,-2064.24,-1210.24,-287.92
297.68,-156.16,-453.84,-68.32,375.76,-307.44,-1478.64,-2064.24,-2239.92,-1898.32,-1180.96,-361.12
131.76,-175.68,-307.44,24.4,219.6,-244,-1117.52,-1629.92,-1830,-1610.4,-1058.96,-361.12
68.32,-136.64,-204.96,34.16,136.64,-170.8,-824.72,-1263.92,-1444.48,-1302.96,-883.28,-317.2
43.92,-102.48,-146.4,29.28,92.72,-126.88,-673.44,-1054.08,-1210.24,-1088.24,-756.4,-302.56
4.88,-63.44,-68.32,29.28,34.16,-68.32,-546.56,-897.92,-1024.8,-922.32,-673.44,-283.04
0,-4.88,-4.88,4.88,0,-4.88,-405.04,-702.72,-819.84,-766.16,-585.6,-244
4.88,34.16,29.28,-19.52,-14.64,29.28,-302.56,-546.56,-649.04,-634.4,-502.64,-214.72
-4.88,34.16,39.04,-14.64,-24.4,34.16,-209.84,-429.44,-527.04,-517.28,-429.44,-200.08
-39.04,14.64,53.68,14.64,-48.8,34.16,-151.28,-351.36,-429.44,-429.44,-366,-190.32
-58.56,9.76,68.32,24.4,-63.44,39.04,-107.36,-283.04,-351.36,-361.12,-322.08,-180.56
-48.8,4.88,53.68,24.4,-53.68,29.28,-73.2,-224.48,-292.8,-307.44,-273.28,-165.92
-48.8,4.88,53.68,24.4,-53.68,29.28,-43.92,-180.56,-244,-263.52,-239.12,-161.04
-48.8,-9.76,39.04,29.28,-43.92,14.64,-24.4,-161.04,-214.72,-244,-209.84,-146.4
-29.28,0,29.28,14.64,-29.28,14.64,-9.76,-141.52,-185.44,-200.08,-170.8,-107.36
-14.64,-4.88,9.76,9.76,-14.64,0,0,-122,-161.04,-165.92,-136.64,-82.96
-34.16,-14.64,19.52,24.4,-29.28,0,9.76,-112.24,-151.28,-151.28,-136.64,-92.72
-34.16,4.88,39.04,14.64,-39.04,19.52,4.88,-112.24,-141.52,-141.52,-136.64,-87.84
-19.52,24.4,43.92,0,-34.16,34.16,-4.88,-102.48,-131.76,-122,-131.76,-87.84
-24.4,19.52,43.92,4.88,-34.16,29.28,-14.64,-117.12,-136.64,-131.76,-141.52,-102.48
-39.04,14.64,53.68,14.64,-48.8,34.16,-9.76,-117.12,-136.64,-146.4,-151.28,-117.12
-34.16,9.76,43.92,14.64,-39.04,24.4,-19.52,-117.12,-141.52,-156.16,-161.04,-122
-34.16,4.88,39.04,14.64,-39.04,19.52,-24.4,-102.48,-131.76,-156.16,-161.04,-117.12
-29.28,-4.88,24.4,19.52,-29.28,9.76,-4.88,-82.96,-126.88,-141.52,-151.28,-107.36
-39.04,-4.88,34.16,24.4,-39.04,14.64,0,-78.08,-122,-136.64,-146.4,-112.24
-34.16,-9.76,24.4,24.4,-29.28,4.88,14.64,-78.08,-112.24,-131.76,-136.64,-112.24
-29.28,-14.64,14.64,24.4,-24.4,0,24.4,-68.32,-112.24,-126.88,-126.88,-102.48
-39.04,-24.4,14.64,34.16,-29.28,-4.88,24.4,-63.44,-112.24,-126.88,-131.76,-102.48
-29.28,-19.52,9.76,24.4,-19.52,-4.88,24.4,-63.44,-107.36,-136.64,-141.52,-102.48
-39.04,-9.76,29.28,24.4,-34.16,9.76,19.52,-58.56,-107.36,-136.64,-146.4,-112.24
-39.04,-9.76,29.28,24.4,-34.16,9.76,19.52,-53.68,-107.36,-136.64,-151.28,-117.12
-29.28,0,29.28,14.64,-29.28,14.64,29.28,-63.44,-107.36,-136.64,-141.52,-126.88
-29.28,0,29.28,14.64,-29.28,14.64,29.28,-63.44,-102.48,-131.76,-136.64,-117.12
-29.28,0,29.28,14.64,-29.28,14.64,9.76,-63.44,-102.48,-131.76,-136.64,-112.24
-29.28,0,29.28,14.64,-29.28,14.64,19.52,-58.56,-97.6,-126.88,-136.64,-112.24
-34.16,-24.4,9.76,29.28,-24.4,-9.76,29.28,-53.68,-87.84,-122,-117.12,-107.36
-43.92,-29.28,14.64,39.04,-29.28,-9.76,34.16,-43.92,-92.72,-112.24,-117.12,-107.36
-58.56,-29.28,29.28,43.92,-43.92,0,43.92,-39.04,-92.72,-107.36,-126.88,-107.36
-68.32,-34.16,34.16,53.68,-53.68,0,53.68,-39.04,-92.72,-102.48,-136.64,-107.36
-68.32,-14.64,53.68,43.92,-63.44,19.52,43.92,-39.04,-82.96,-112.24,-136.64,-97.6
-63.44,0,63.44,34.16,-63.44,29.28,43.92,-34.16,-82.96,-112.24,-136.64,-107.36
-53.68,9.76,63.44,24.4,-58.56,34.16,43.92,-34.16,-82.96,-117.12,-136.64,-112.24
-34.16,19.52,53.68,9.76,-43.92,34.16,48.8,-34.16,-82.96,-117.12,-136.64,-112.24
-29.28,9.76,39.04,9.76,-34.16,24.4,53.68,-19.52,-68.32,-112.24,-131.76,-102.48
-29.28,9.76,39.04,9.76,-34.16,24.4,63.44,-14.64,-68.32,-112.24,-131.76,-102.48
-24.4,4.88,29.28,9.76,-29.28,14.64,68.32,-9.76,-68.32,-107.36,-126.88,-102.48
-24.4,4.88,29.28,9.76,-29.28,14.64,78.08,-4.88,-68.32,-97.6,-112.24,-97.6
-39.04,9.76,48.8,14.64,-43.92,29.28,68.32,0,-58.56,-97.6,-122,-102.48
-39.04,4.88,43.92,19.52,-43.92,24.4,68.32,4.88,-58.56,-102.48,-131.76,-102.48
-39.04,0,39.04,19.52,-39.04,19.52,68.32,4.88,-58.56,-102.48,-136.64,-107.36
-39.04,-4.88,34.16,24.4,-39.04,14.64,68.32,4.88,-53.68,-102.48,-136.64,-107.36
-48.8,-19.52,29.28,34.16,-39.04,4.88,68.32,4.88,-63.44,-107.36,-141.52,-126.88
-48.8,-29.28,19.52,39.04,-34.16,-4.88,68.32,4.88,-63.44,-107.36,-141.52,-131.76
-43.92,-29.28,14.64,39.04,-29.28,-9.76,63.44,4.88,-63.44,-107.36,-136.64,-131.76
-43.92,-29.28,14.64,39.04,-29.28,-9.76,63.44,4.88,-63.44,-112.24,-136.64,-131.76
-48.8,-19.52,29.28,34.16,-39.04,4.88,73.2,14.64,-53.68,-107.36,-126.88,-126.88
-48.8,-19.52,29.28,34.16,-39.04,4.88,78.08,19.52,-48.8,-102.48,-126.88,-122
-68.32,-19.52,48.8,43.92,-58.56,14.64,82.96,24.4,-43.92,-97.6,-126.88,-112.24
-78.08,-14.64,63.44,48.8,-73.2,24.4,92.72,29.28,-43.92,-87.84,-126.88,-102.48
-73.2,0,73.2,39.04,-73.2,34.16,92.72,19.52,-39.04,-82.96,-117.12,-102.48
-73.2,0,73.2,39.04,-73.2,34.16,87.84,24.4,-39.04,-73.2,-117.12,-117.12
-87.84,0,87.84,43.92,-87.84,43.92,87.84,24.4,-39.04,-82.96,-126.88,-122
-73.2,4.88,78.08,34.16,-78.08,39.04,82.96,24.4,-39.04,-82.96,-131.76,-122
-58.56,-4.88,53.68,34.16,-58.56,24.4,73.2,29.28,-29.28,-78.08,-131.76,-117.12
-53.68,-9.76,43.92,34.16,-48.8,14.64,73.2,29.28,-29.28,-87.84,-126.88,-117.12
-43.92,-9.76,34.16,29.28,-39.04,9.76,78.08,29.28,-24.4,-87.84,-126.88,-117.12
-39.04,-9.76,29.28,24.4,-34.16,9.76,82.96,34.16,-24.4,-82.96,-126.88,-122
-58.56,-4.88,53.68,34.16,-58.56,24.4,78.08,34.16,-24.4,-87.84,-141.52,-126.88
-63.44,-9.76,53.68,39.04,-58.56,19.52,78.08,39.04,-29.28,-87.84,-141.52,-126.88
-63.44,-9.76,53.68,39.04,-58.56,19.52,68.32,39.04,-34.16,-87.84,-141.52,-126.88
-58.56,-9.76,48.8,34.16,-53.68,19.52,58.56,39.04,-39.04,-87.84,-141.52,-126.88
-68.32,-9.76,58.56,39.04,-63.44,24.4,58.56,39.04,-48.8,-102.48,-156.16,-141.52
-73.2,-24.4,48.8,48.8,-63.44,9.76,58.56,39.04,-43.92,-102.48,-156.16,-141.52
-73.2,-34.16,39.04,53.68,-58.56,0,53.68,39.04,-43.92,-102.48,-161.04,-146.4
-82.96,-39.04,43.92,63.44,-63.44,0,53.68,39.04,-39.04,-102.48,-165.92,-161.04
-73.2,-43.92,29.28,58.56,-53.68,-9.76,63.44,53.68,-43.92,-112.24,-165.92,-156.16
-73.2,-43.92,29.28,58.56,-53.68,-9.76,78.08,58.56,-39.04,-112.24,-165.92,-156.16
-82.96,-43.92,39.04,63.44,-63.44,-4.88,82.96,63.44,-39.04,-112.24,-175.68,-156.16
-82.96,-43.92,39.04,63.44,-63.44,-4.88,78.08,63.44,-34.16,-112.24,-180.56,-156.16
-73.2,-58.56,14.64,68.32,-43.92,-24.4,78.08,58.56,-34.16,-122,-185.44,-165.92
-87.84,-58.56,29.28,73.2,-58.56,-14.64,78.08,58.56,-39.04,-122,-195.2,-180.56
-92.72,-58.56,34.16,78.08,-63.44,-14.64,78.08,58.56,-43.92,-122,-200.08,-195.2
-97.6,-63.44,34.16,82.96,-68.32,-14.64,82.96,53.68,-43.92,-122,-209.84,-200.08
-107.36,-68.32,39.04,87.84,-73.2,-14.64,92.72,53.68,-39.04,-131.76,-209.84,-195.2
-117.12,-68.32,48.8,92.72,-82.96,-9.76,97.6,63.44,-39.04,-141.52,-214.72,-200.08
-117.12,-68.32,48.8,92.72,-82.96,-9.76,92.72,73.2,-39.04,-141.52,-214.72,-200.08
-112.24,-68.32,43.92,92.72,-78.08,-14.64,92.72,73.2,-39.04,-141.52,-214.72,-204.96
-112.24,-73.2,39.04,92.72,-78.08,-19.52,87.84,73.2,-39.04,-131.76,-234.24,-209.84
-112.24,-73.2,39.04,92.72,-78.08,-19.52,92.72,78.08,-34.16,-131.76,-234.24,-214.72
-112.24,-68.32,43.92,92.72,-78.08,-14.64,102.48,87.84,-29.28,-131.76,-234.24,-219.6
-112.24,-68.32,43.92,92.72,-78.08,-14.64,102.48,92.72,-29.28,-136.64,-239.12,-224.48
-107.36,-73.2,34.16,92.72,-73.2,-19.52,117.12,97.6,-29.28,-141.52,-253.76,-234.24
-117.12,-78.08,39.04,97.6,-78.08,-19.52,117.12,102.48,-29.28,-146.4,-258.64,-244
-126.88,-78.08,48.8,102.48,-87.84,-14.64,122,107.36,-29.28,-151.28,-268.4,-248.88
-131.76,-82.96,48.8,107.36,-92.72,-19.52,126.88,112.24,-29.28,-165.92,-278.16,-258.64
-122,-87.84,34.16,107.36,-78.08,-29.28,122,117.12,-29.28,-175.68,-292.8,-278.16
-126.88,-87.84,39.04,107.36,-82.96,-24.4,131.76,126.88,-24.4,-175.68,-307.44,-292.8
-131.76,-92.72,39.04,112.24,-87.84,-29.28,141.52,136.64,-24.4,-195.2,-326.96,-302.56
-131.76,-92.72,39.04,112.24,-87.84,-29.28,146.4,146.4,-24.4,-209.84,-341.6,-312.32
-126.88,-97.6,29.28,112.24,-78.08,-34.16,151.28,151.28,-19.52,-200.08,-351.36,-312.32
-146.4,-102.48,43.92,126.88,-97.6,-29.28,156.16,151.28,-24.4,-204.96,-361.12,-322.08
-151.28,-112.24,39.04,131.76,-97.6,-39.04,161.04,156.16,-24.4,-204.96,-366,-331.84
-156.16,-112.24,43.92,136.64,-102.48,-34.16,165.92,156.16,-34.16,-209.84,-375.76,-336.72
-170.8,-117.12,53.68,146.4,-112.24,-34.16,170.8,165.92,-39.04,-229.36,-405.04,-370.88
-190.32,-117.12,73.2,156.16,-131.76,-24.4,175.68,165.92,-39.04,-253.76,-424.56,-390.4
-190.32,-112.24,78.08,151.28,-136.64,-19.52,180.56,175.68,-43.92,-258.64,-434.32,-395.28
-190.32,-107.36,82.96,151.28,-136.64,-14.64,190.32,180.56,-48.8,-268.4,-439.2,-405.04
-204.96,-122,82.96,165.92,-146.4,-19.52,185.44,170.8,-43.92,-283.04,-458.72,-424.56
-209.84,-131.76,78.08,170.8,-146.4,-29.28,190.32,170.8,-53.68,-287.92,-483.12,-444.08
-219.6,-136.64,82.96,180.56,-151.28,-29.28,190.32,170.8,-68.32,-292.8,-507.52,-458.72
-224.48,-151.28,73.2,190.32,-151.28,-39.04,190.32,170.8,-73.2,-317.2,-527.04,-468.48
-248.88,-151.28,97.6,200.08,-175.68,-29.28,200.08,180.56,-73.2,-317.2,-522.16,-463.6
-219.6,-151.28,68.32,185.44,-146.4,-43.92,204.96,180.56,-68.32,-312.32,-522.16,-468.48
-219.6,-151.28,68.32,185.44,-146.4,-43.92,209.84,180.56,-63.44,-317.2,-531.92,-468.48
-244,-151.28,92.72,200.08,-170.8,-29.28,209.84,170.8,-73.2,-307.44,-536.8,-478.24
-248.88,-151.28,97.6,200.08,-175.68,-29.28,200.08,165.92,-73.2,-322.08,-527.04,-478.24
-244,-151.28,92.72,200.08,-170.8,-29.28,200.08,170.8,-73.2,-336.72,-541.68,-483.12
-239.12,-151.28,87.84,195.2,-165.92,-34.16,200.08,170.8,-68.32,-341.6,-556.32,-488
-224.48,-151.28,73.2,190.32,-151.28,-39.04,200.08,170.8,-68.32,-341.6,-556.32,-492.88
-239.12,-151.28,87.84,195.2,-165.92,-34.16,209.84,185.44,-68.32,-331.84,-551.44,-497.76
-248.88,-161.04,87.84,204.96,-170.8,-39.04,214.72,185.44,-68.32,-331.84,-551.44,-497.76
-224.48,-165.92,58.56,195.2,-141.52,-53.68,224.48,185.44,-58.56,-312.32,-536.8,-488
-229.36,-165.92,63.44,200.08,-146.4,-53.68,214.72,175.68,-58.56,-312.32,-531.92,-483.12
-234.24,-165.92,68.32,200.08,-151.28,-48.8,214.72,175.68,-58.56,-312.32,-527.04,-478.24
-239.12,-165.92,73.2,204.96,-156.16,-48.8,214.72,175.68,-58.56,-312.32,-522.16,-473.36
-244,-165.92,78.08,204.96,-161.04,-43.92,214.72,175.68,-58.56,-312.32,-517.28,-468.48
-234.24,-161.04,73.2,200.08,-156.16,-43.92,224.48,185.44,-48.8,-297.68,-492.88,-453.84
-224.48,-156.16,68.32,190.32,-146.4,-43.92,224.48,190.32,-34.16,-273.28,-468.48,-439.2
-224.48,-161.04,63.44,195.2,-146.4,-48.8,224.48,190.32,-24.4,-258.64,-453.84,-424.56
-224.48,-156.16,68.32,190.32,-146.4,-43.92,229.36,190.32,-14.64,-244,-439.2,-409.92
-209.84,-131.76,78.08,170.8,-146.4,-29.28,219.6,185.44,-9.76,-219.6,-409.92,-375.76
-200.08,-117.12,82.96,161.04,-141.52,-19.52,214.72,175.68,-14.64,-204.96,-390.4,-356.24
-185.44,-102.48,82.96,146.4,-136.64,-9.76,209.84,185.44,0,-190.32,-375.76,-341.6
-170.8,-87.84,82.96,131.76,-126.88,-4.88,200.08,185.44,4.88,-175.68,-356.24,-322.08
-156.16,-78.08,78.08,117.12,-117.12,0,185.44,170.8,19.52,-151.28,-317.2,-297.68
-141.52,-73.2,68.32,107.36,-107.36,-4.88,180.56,165.92,24.4,-136.64,-292.8,-273.28
-122,-48.8,73.2,87.84,-97.6,9.76,175.68,165.92,34.16,-122,-268.4,-248.88
-107.36,-29.28,78.08,68.32,-92.72,24.4,170.8,161.04,48.8,-107.36,-234.24,-219.6
-97.6,-19.52,78.08,58.56,-87.84,29.28,146.4,146.4,58.56,-82.96,-209.84,-200.08
-82.96,-14.64,68.32,48.8,-78.08,24.4,136.64,136.64,58.56,-68.32,-185.44,-175.68
-73.2,-19.52,53.68,48.8,-63.44,14.64,136.64,131.76,63.44,-48.8,-156.16,-156.16
-68.32,-14.64,53.68,43.92,-63.44,19.52,126.88,126.88,63.44,-34.16,-131.76,-136.64
-58.56,0,58.56,29.28,-58.56,29.28,107.36,112.24,58.56,-19.52,-117.12,-112.24
-39.04,14.64,53.68,14.64,-48.8,34.16,97.6,102.48,53.68,-14.64,-97.6,-97.6
-43.92,19.52,63.44,14.64,-53.68,39.04,87.84,92.72,48.8,-9.76,-78.08,-82.96
-34.16,34.16,68.32,0,-53.68,48.8,78.08,82.96,43.92,0,-58.56,-68.32
-29.28,43.92,73.2,-4.88,-53.68,58.56,63.44,73.2,39.04,0,-43.92,-48.8
-19.52,39.04,58.56,-9.76,-39.04,48.8,53.68,63.44,39.04,0,-34.16,-43.92
-4.88,34.16,39.04,-14.64,-24.4,34.16,43.92,53.68,34.16,-4.88,-34.16,-34.16
9.76,34.16,24.4,-19.52,-9.76,29.28,39.04,48.8,29.28,-4.88,-14.64,-24.4
19.52,43.92,24.4,-29.28,-4.88,34.16,29.28,34.16,24.4,9.76,-4.88,-4.88
19.52,43.92,24.4,-29.28,-4.88,34.16,24.4,24.4,24.4,19.52,4.88,4.88
14.64,43.92,29.28,-29.28,-9.76,34.16,14.64,14.64,19.52,24.4,24.4,9.76
14.64,43.92,29.28,-29.28,-9.76,34.16,0,0,14.64,29.28,34.16,14.64
9.76,39.04,29.28,-24.4,-9.76,34.16,-14.64,-14.64,0,24.4,39.04,24.4
14.64,29.28,14.64,-19.52,0,19.52,-24.4,-19.52,-9.76,19.52,39.04,24.4
14.64,19.52,4.88,-14.64,4.88,9.76,-29.28,-24.4,-14.64,14.64,39.04,24.4
4.88,9.76,4.88,-4.88,0,4.88,-34.16,-29.28,-24.4,14.64,53.68,29.28
14.64,14.64,0,-14.64,4.88,4.88,-34.16,-34.16,-29.28,4.88,43.92,19.52
14.64,14.64,0,-14.64,4.88,4.88,-39.04,-43.92,-34.16,4.88,34.16,19.52
14.64,14.64,0,-14.64,4.88,4.88,-48.8,-53.68,-39.04,4.88,34.16,19.52
14.64,14.64,0,-14.64,4.88,4.88,-58.56,-63.44,-43.92,4.88,34.16,14.64
19.52,19.52,0,-19.52,9.76,9.76,-58.56,-68.32,-48.8,-4.88,34.16,24.4
19.52,19.52,0,-19.52,9.76,9.76,-63.44,-73.2,-48.8,-4.88,34.16,24.4
19.52,14.64,-4.88,-14.64,9.76,4.88,-63.44,-78.08,-48.8,0,34.16,24.4
19.52,4.88,-14.64,-9.76,14.64,-4.88,-63.44,-82.96,-48.8,0,34.16,24.4
19.52,14.64,-4.88,-14.64,9.76,4.88,-73.2,-82.96,-39.04,9.76,39.04,34.16
24.4,14.64,-9.76,-19.52,14.64,0,-82.96,-82.96,-39.04,0,34.16,29.28
24.4,14.64,-9.76,-19.52,14.64,0,-73.2,-82.96,-39.04,0,39.04,29.28
24.4,0,-24.4,-9.76,24.4,-14.64,-73.2,-82.96,-39.04,4.88,43.92,29.28
24.4,-4.88,-29.28,-9.76,24.4,-19.52,-63.44,-78.08,-39.04,14.64,48.8,24.4
24.4,0,-24.4,-9.76,24.4,-14.64,-63.44,-78.08,-39.04,14.64,48.8,24.4
29.28,-4.88,-34.16,-9.76,29.28,-19.52,-63.44,-73.2,-39.04,14.64,48.8,29.28
34.16,-9.76,-43.92,-9.76,39.04,-29.28,-68.32,-68.32,-39.04,19.52,48.8,29.28
34.16,4.88,-29.28,-19.52,29.28,-14.64,-68.32,-68.32,-34.16,19.52,48.8,29.28
34.16,4.88,-29.28,-19.52,29.28,-14.64,-68.32,-68.32,-34.16,9.76,48.8,29.28
34.16,9.76,-24.4,-19.52,29.28,-9.76,-63.44,-68.32,-34.16,19.52,48.8,29.28
34.16,9.76,-24.4,-19.52,29.28,-9.76,-63.44,-68.32,-34.16,19.52,53.68,29.28
34.16,19.52,-14.64,-24.4,24.4,0,-63.44,-58.56,-24.4,29.28,63.44,29.28
43.92,19.52,-24.4,-29.28,34.16,-4.88,-63.44,-58.56,-24.4,29.28,63.44,29.28
43.92,29.28,-14.64,-34.16,29.28,4.88,-58.56,-58.56,-24.4,29.28,63.44,29.28
34.16,29.28,-4.88,-29.28,19.52,9.76,-58.56,-58.56,-24.4,29.28,63.44,29.28
48.8,39.04,-9.76,-43.92,29.28,14.64,-48.8,-48.8,-24.4,39.04,63.44,34.16
53.68,34.16,-19.52,-43.92,34.16,4.88,-53.68,-48.8,-24.4,39.04,63.44,34.16
53.68,39.04,-14.64,-43.92,34.16,9.76,-53.68,-48.8,-24.4,34.16,63.44,29.28
58.56,48.8,-9.76,-53.68,34.16,19.52,-53.68,-48.8,-24.4,34.16,63.44,29.28
48.8,43.92,-4.88,-43.92,24.4,19.52,-63.44,-53.68,-24.4,34.16,58.56,24.4
43.92,34.16,-9.76,-39.04,24.4,9.76,-63.44,-53.68,-29.28,29.28,58.56,24.4
29.28,29.28,0,-29.28,14.64,14.64,-68.32,-53.68,-29.28,24.4,53.68,14.64
24.4,19.52,-4.88,-19.52,14.64,4.88,-73.2,-53.68,-29.28,19.52,53.68,14.64
39.04,14.64,-24.4,-24.4,29.28,-4.88,-63.44,-53.68,-29.28,4.88,48.8,4.88
39.04,14.64,-24.4,-24.4,29.28,-4.88,-63.44,-53.68,-29.28,4.88,43.92,4.88
43.92,19.52,-24.4,-29.28,34.16,-4.88,-58.56,-58.56,-29.28,4.88,34.16,0
43.92,19.52,-24.4,-29.28,34.16,-4.88,-58.56,-58.56,-29.28,4.88,24.4,0
24.4,9.76,-14.64,-14.64,19.52,-4.88,-48.8,-48.8,-29.28,14.64,34.16,0
29.28,4.88,-24.4,-14.64,24.4,-9.76,-48.8,-48.8,-29.28,14.64,39.04,0
24.4,4.88,-19.52,-14.64,19.52,-9.76,-48.8,-43.92,-24.4,14.64,39.04,4.88
14.64,0,-14.64,-4.88,14.64,-9.76,-48.8,-43.92,-24.4,14.64,39.04,4.88
24.4,9.76,-14.64,-14.64,19.52,-4.88,-39.04,-34.16,-14.64,19.52,48.8,4.88
29.28,9.76,-19.52,-19.52,24.4,-4.88,-39.04,-34.16,-14.64,19.52,53.68,4.88
29.28,9.76,-19.52,-19.52,24.4,-4.88,-39.04,-34.16,-14.64,24.4,53.68,9.76
24.4,-4.88,-29.28,-9.76,24.4,-19.52,-34.16,-34.16,-14.64,24.4,53.68,9.76
24.4,0,-24.4,-9.76,24.4,-14.64,-24.4,-14.64,9.76,43.92,68.32,14.64
34.16,19.52,-14.64,-24.4,24.4,0,-19.52,-4.88,14.64,48.8,78.08,19.52
34.16,24.4,-9.76,-29.28,19.52,4.88,-14.64,0,19.52,48.8,68.32,24.4
29.28,29.28,0,-29.28,14.64,14.64,-14.64,4.88,24.4,43.92,68.32,29.28
19.52,29.28,9.76,-24.4,4.88,19.52,-4.88,4.88,24.4,53.68,68.32,29.28
19.52,29.28,9.76,-24.4,4.88,19.52,-4.88,9.76,24.4,53.68,73.2,29.28
4.88,29.28,24.4,-14.64,-9.76,24.4,-4.88,9.76,24.4,53.68,73.2,29.28
4.88,24.4,19.52,-14.64,-9.76,19.52,-4.88,9.76,24.4,53.68,78.08,34.16
9.76,34.16,24.4,-19.52,-9.76,29.28,-4.88,19.52,29.28,58.56,58.56,19.52
29.28,43.92,14.64,-34.16,4.88,29.28,4.88,34.16,39.04,63.44,68.32,19.52
43.92,53.68,9.76,-48.8,14.64,29.28,14.64,43.92,58.56,73.2,78.08,39.04
19.52,53.68,34.16,-34.16,-9.76,43.92,19.52,48.8,58.56,78.08,78.08,39.04
9.76,53.68,43.92,-29.28,-19.52,48.8,34.16,63.44,73.2,102.48,92.72,48.8
-14.64,68.32,82.96,-24.4,-48.8,73.2,58.56,92.72,117.12,146.4,122,68.32
-58.56,78.08,136.64,-9.76,-97.6,107.36,97.6,136.64,161.04,190.32,156.16,87.84
-58.56,126.88,185.44,-34.16,-122,156.16,131.76,170.8,204.96,253.76,200.08,117.12
-24.4,146.4,170.8,-58.56,-97.6,156.16,141.52,190.32,248.88,322.08,253.76,156.16
-39.04,151.28,190.32,-53.68,-117.12,170.8,180.56,258.64,336.72,409.92,312.32,180.56
-29.28,190.32,219.6,-78.08,-126.88,204.96,258.64,385.52,502.64,566.08,424.56,234.24
34.16,248.88,214.72,-141.52,-92.72,229.36,356.24,556.32,722.24,790.56,595.36,331.84
34.16,317.2,283.04,-175.68,-126.88,297.68,478.24,756.4,995.52,1083.36,829.6,478.24
9.76,390.4,380.64,-200.08,-185.44,385.52,605.12,980.88,1298.08,1415.2,1098,639.28
68.32,458.72,390.4,-263.52,-161.04,424.56,741.76,1239.52,1625.04,1771.44,1395.68,819.84
131.76,483.12,351.36,-307.44,-112.24,414.8,873.52,1478.64,1903.2,2034.96,1634.8,976
156.16,483.12,326.96,-317.2,-87.84,405.04,995.52,1703.12,2147.2,2259.44,1820.24,1078.48
248.88,536.8,287.92,-390.4,-19.52,409.92,1107.76,1961.76,2488.8,2610.8,2127.68,1254.16
419.68,653.92,234.24,-536.8,92.72,444.08,1161.44,2156.96,2859.68,3035.36,2547.36,1546.96
580.72,766.16,185.44,-673.44,195.2,473.36,1049.2,2083.76,2991.44,3318.4,2918.24,1810.48
736.88,858.88,122,-795.44,307.44,488,736.88,1727.52,2869.44,3411.12,3191.52,2049.6
961.36,980.88,19.52,-971.12,468.48,497.76,278.16,1137.04,2532.72,3337.92,3401.36,2298.48
1137.04,1088.24,-48.8,-1112.64,590.48,517.28,-253.76,400.16,1971.52,3064.64,3484.32,2488.8
1190.72,1137.04,-53.68,-1161.44,619.76,541.68,-751.52,-380.64,1180.96,2552.24,3323.28,2527.84
1205.36,1117.52,-87.84,-1161.44,644.16,512.4,-1200.48,-1161.44,224.48,1776.32,2893.84,2386.32
1215.12,1058.96,-156.16,-1137.04,683.2,448.96,-1644.56,-1903.2,-810.08,819.84,2283.84,2147.2
1171.2,927.2,-244,-1049.2,707.6,341.6,-2025.2,-2527.84,-1790.96,-195.2,1556.72,1795.84
1102.88,629.52,-473.36,-863.76,785.68,78.08,-2239.92,-2888.96,-2586.4,-1224.88,619.76,1220
1078.48,253.76,-824.72,-663.68,951.6,-287.92,-2357.04,-3035.36,-3069.52,-2059.36,-317.2,570.96
1063.84,-4.88,-1068.72,-527.04,1063.84,-536.8,-2366.8,-2937.76,-3113.44,-2396.08,-800.32,200.08
956.48,-102.48,-1058.96,-424.56,1005.28,-580.72,-2152.08,-2605.92,-2781.6,-2220.4,-829.6,122
819.84,-136.64,-956.48,-341.6,888.16,-546.56,-1830,-2220.4,-2357.04,-1937.36,-790.56,82.96
688.08,-165.92,-854,-258.64,771.04,-512.4,-1566.48,-1898.32,-2034.96,-1732.4,-810.08,-29.28
502.64,-146.4,-649.04,-175.68,575.84,-400.16,-1293.2,-1571.36,-1722.64,-1503.04,-795.44,-117.12
312.32,-58.56,-370.88,-126.88,341.6,-214.72,-980.88,-1215.12,-1346.88,-1195.6,-658.8,-92.72
190.32,4.88,-185.44,-97.6,185.44,-92.72,-751.52,-927.2,-1054.08,-932.08,-541.68,-78.08
122,4.88,-117.12,-63.44,117.12,-58.56,-614.88,-751.52,-868.64,-805.2,-507.52,-136.64
78.08,14.64,-63.44,-43.92,68.32,-24.4,-502.64,-605.12,-722.24,-697.84,-478.24,-165.92
43.92,34.16,-9.76,-39.04,24.4,9.76,-409.92,-497.76,-580.72,-566.08,-405.04,-156.16
24.4,24.4,0,-24.4,9.76,9.76,-346.48,-409.92,-488,-478.24,-361.12,-161.04
0,14.64,14.64,-4.88,-9.76,14.64,-287.92,-331.84,-409.92,-419.68,-346.48,-180.56
-9.76,0,9.76,4.88,-9.76,4.88,-224.48,-263.52,-331.84,-370.88,-322.08,-190.32
-29.28,-24.4,4.88,29.28,-19.52,-9.76,-180.56,-204.96,-273.28,-307.44,-283.04,-175.68
-58.56,-43.92,14.64,53.68,-39.04,-14.64,-141.52,-151.28,-204.96,-263.52,-258.64,-170.8
-48.8,-58.56,-9.76,53.68,-19.52,-34.16,-122,-112.24,-165.92,-224.48,-229.36,-156.16
-29.28,-48.8,-19.52,39.04,-4.88,-34.16,-107.36,-102.48,-146.4,-200.08,-200.08,-146.4
-43.92,-43.92,0,43.92,-24.4,-24.4,-117.12,-92.72,-141.52,-185.44,-185.44,-131.76
-53.68,-34.16,19.52,43.92,-39.04,-9.76,-107.36,-82.96,-131.76,-180.56,-185.44,-141.52
-34.16,-24.4,9.76,29.28,-24.4,-9.76,-92.72,-73.2,-122,-170.8,-175.68,-136.64
-39.04,-24.4,14.64,34.16,-29.28,-4.88,-92.72,-73.2,-122,-180.56,-190.32,-146.4
-48.8,-34.16,14.64,43.92,-34.16,-9.76,-92.72,-73.2,-126.88,-180.56,-195.2,-151.28
-58.56,-34.16,24.4,48.8,-43.92,-4.88,-78.08,-68.32,-117.12,-185.44,-200.08,-165.92
-48.8,-34.16,14.64,43.92,-34.16,-9.76,-78.08,-63.44,-112.24,-185.44,-204.96,-170.8
-43.92,-34.16,9.76,39.04,-29.28,-14.64,-73.2,-43.92,-92.72,-175.68,-200.08,-165.92
-48.8,-53.68,-4.88,53.68,-24.4,-29.28,-78.08,-43.92,-92.72,-180.56,-195.2,-175.68
-68.32,-63.44,4.88,68.32,-39.04,-29.28,-78.08,-39.04,-92.72,-175.68,-195.2,-180.56
-73.2,-78.08,-4.88,78.08,-34.16,-43.92,-68.32,-39.04,-87.84,-170.8,-190.32,-180.56
-78.08,-92.72,-14.64,87.84,-34.16,-53.68,-63.44,-29.28,-92.72,-165.92,-185.44,-170.8
-63.44,-82.96,-19.52,73.2,-24.4,-53.68,-48.8,-14.64,-82.96,-161.04,-195.2,-161.04
-48.8,-68.32,-19.52,58.56,-14.64,-43.92,-43.92,-14.64,-78.08,-165.92,-200.08,-161.04
-53.68,-48.8,4.88,53.68,-29.28,-24.4,-43.92,-9.76,-78.08,-161.04,-200.08,-170.8
-48.8,-39.04,9.76,43.92,-29.28,-14.64,-39.04,-4.88,-78.08,-156.16,-200.08,-175.68
-58.56,-29.28,29.28,43.92,-43.92,0,-29.28,0,-63.44,-151.28,-190.32,-175.68
-58.56,-29.28,29.28,43.92,-43.92,0,-19.52,4.88,-53.68,-141.52,-185.44,-165.92
-58.56,-29.28,29.28,43.92,-43.92,0,-29.28,9.76,-48.8,-136.64,-185.44,-161.04
-58.56,-29.28,29.28,43.92,-43.92,0,-9.76,19.52,-39.04,-126.88,-185.44,-161.04
-53.68,-34.16,19.52,43.92,-39.04,-9.76,0,29.28,-29.28,-117.12,-170.8,-146.4
-53.68,-29.28,24.4,43.92,-39.04,-4.88,4.88,34.16,-34.16,-112.24,-165.92,-146.4
-58.56,-19.52,39.04,39.04,-48.8,9.76,14.64,34.16,-34.16,-112.24,-170.8,-146.4
-58.56,-14.64,43.92,39.04,-53.68,14.64,24.4,29.28,-34.16,-112.24,-175.68,-146.4
-78.08,-14.64,63.44,48.8,-73.2,24.4,24.4,19.52,-34.16,-122,-185.44,-146.4
-82.96,-9.76,73.2,48.8,-78.08,29.28,24.4,24.4,-34.16,-122,-185.44,-156.16
-82.96,-9.76,73.2,48.8,-78.08,29.28,24.4,24.4,-34.16,-126.88,-185.44,-161.04
-73.2,-9.76,63.44,43.92,-68.32,24.4,29.28,24.4,-34.16,-126.88,-185.44,-161.04
-82.96,0,82.96,43.92,-82.96,39.04,39.04,39.04,-24.4,-122,-180.56,-151.28
-87.84,0,87.84,43.92,-87.84,43.92,43.92,43.92,-19.52,-122,-180.56,-151.28
-87.84,-4.88,82.96,48.8,-87.84,39.04,43.92,48.8,-14.64,-117.12,-175.68,-151.28
-92.72,-4.88,87.84,48.8,-92.72,39.04,48.8,53.68,-9.76,-107.36,-161.04,-146.4
-97.6,-4.88,92.72,53.68,-97.6,43.92,48.8,48.8,-9.76,-97.6,-161.04,-141.52
-97.6,-4.88,92.72,53.68,-97.6,43.92,48.8,53.68,-9.76,-102.48,-170.8,-141.52
-97.6,-4.88,92.72,53.68,-97.6,43.92,48.8,53.68,-9.76,-102.48,-175.68,-146.4
-97.6,-4.88,92.72,53.68,-97.6,43.92,48.8,53.68,-4.88,-102.48,-175.68,-146.4
-97.6,-4.88,92.72,53.68,-97.6,43.92,53.68,58.56,4.88,-97.6,-180.56,-156.16
-97.6,-9.76,87.84,53.68,-92.72,39.04,58.56,63.44,4.88,-97.6,-180.56,-161.04
-92.72,-4.88,87.84,48.8,-92.72,39.04,58.56,68.32,4.88,-97.6,-175.68,-161.04
-92.72,0,92.72,48.8,-92.72,43.92,63.44,73.2,4.88,-102.48,-175.68,-161.04
-82.96,0,82.96,43.92,-82.96,39.04,68.32,78.08,4.88,-92.72,-165.92,-151.28
-78.08,0,78.08,39.04,-78.08,39.04,68.32,87.84,9.76,-92.72,-165.92,-151.28
-92.72,0,92.72,48.8,-92.72,43.92,68.32,97.6,14.64,-92.72,-165.92,-146.4
-97.6,4.88,102.48,48.8,-102.48,53.68,73.2,107.36,14.64,-87.84,-165.92,-141.52
-87.84,4.88,92.72,43.92,-92.72,48.8,78.08,97.6,19.52,-87.84,-175.68,-151.28
-92.72,0,92.72,48.8,-92.72,43.92,78.08,102.48,19.52,-82.96,-175.68,-165.92
-112.24,-4.88,107.36,58.56,-112.24,48.8,82.96,102.48,19.52,-97.6,-185.44,-170.8
-102.48,-4.88,97.6,53.68,-102.48,43.92,82.96,102.48,19.52,-102.48,-190.32,-170.8
-102.48,-4.88,97.6,53.68,-102.48,43.92,82.96,112.24,29.28,-97.6,-190.32,-165.92
-102.48,-9.76,92.72,58.56,-97.6,39.04,82.96,117.12,29.28,-107.36,-185.44,-165.92
-97.6,-9.76,87.84,53.68,-92.72,39.04,87.84,122,34.16,-107.36,-185.44,-165.92
-97.6,-9.76,87.84,53.68,-92.72,39.04,92.72,131.76,34.16,-102.48,-185.44,-170.8
-126.88,-29.28,97.6,78.08,-112.24,34.16,92.72,126.88,39.04,-107.36,-195.2,-180.56
-131.76,-39.04,92.72,87.84,-112.24,24.4,97.6,136.64,39.04,-107.36,-200.08,-185.44
-131.76,-43.92,87.84,87.84,-112.24,19.52,92.72,141.52,39.04,-107.36,-204.96,-190.32
-126.88,-48.8,78.08,87.84,-102.48,14.64,87.84,146.4,39.04,-107.36,-209.84,-195.2
-117.12,-24.4,92.72,73.2,-107.36,34.16,102.48,156.16,48.8,-112.24,-224.48,-204.96
-122,-34.16,87.84,78.08,-107.36,24.4,107.36,156.16,53.68,-112.24,-224.48,-200.08
-122,-39.04,82.96,82.96,-102.48,19.52,107.36,156.16,53.68,-112.24,-229.36,-200.08
-131.76,-39.04,92.72,87.84,-112.24,24.4,112.24,156.16,58.56,-112.24,-234.24,-209.84
-117.12,-43.92,73.2,82.96,-97.6,14.64,117.12,175.68,63.44,-102.48,-224.48,-214.72
-112.24,-43.92,68.32,78.08,-92.72,9.76,126.88,185.44,68.32,-102.48,-224.48,-214.72
-117.12,-43.92,73.2,82.96,-97.6,14.64,126.88,195.2,68.32,-102.48,-234.24,-214.72
-112.24,-43.92,68.32,78.08,-92.72,9.76,117.12,200.08,73.2,-102.48,-239.12,-214.72
-112.24,-58.56,53.68,87.84,-82.96,-4.88,131.76,209.84,87.84,-112.24,-248.88,-224.48
-136.64,-68.32,68.32,102.48,-102.48,0,136.64,214.72,87.84,-112.24,-253.76,-239.12
-151.28,-78.08,73.2,117.12,-112.24,-4.88,141.52,219.6,87.84,-112.24,-253.76,-253.76
-165.92,-92.72,73.2,131.76,-122,-9.76,151.28,219.6,92.72,-112.24,-258.64,-258.64
-175.68,-97.6,78.08,136.64,-126.88,-9.76,165.92,229.36,87.84,-117.12,-273.28,-273.28
-175.68,-97.6,78.08,136.64,-126.88,-9.76,175.68,239.12,87.84,-131.76,-283.04,-278.16
-165.92,-97.6,68.32,131.76,-117.12,-14.64,175.68,248.88,87.84,-136.64,-287.92,-278.16
-151.28,-97.6,53.68,126.88,-102.48,-24.4,180.56,248.88,87.84,-141.52,-292.8,-283.04
-151.28,-112.24,39.04,131.76,-97.6,-39.04,185.44,258.64,92.72,-146.4,-312.32,-302.56
-151.28,-112.24,39.04,131.76,-97.6,-39.04,190.32,263.52,92.72,-151.28,-322.08,-312.32
-151.28,-107.36,43.92,131.76,-97.6,-34.16,200.08,273.28,92.72,-156.16,-331.84,-322.08
-151.28,-107.36,43.92,131.76,-97.6,-34.16,200.08,278.16,87.84,-165.92,-346.48,-331.84
-165.92,-122,43.92,146.4,-107.36,-39.04,214.72,278.16,78.08,-185.44,-370.88,-346.48
-175.68,-126.88,48.8,151.28,-112.24,-39.04,214.72,278.16,78.08,-195.2,-385.52,-361.12
-185.44,-126.88,58.56,156.16,-122,-34.16,219.6,278.16,78.08,-204.96,-405.04,-370.88
-190.32,-131.76,58.56,161.04,-126.88,-39.04,224.48,278.16,78.08,-224.48,-424.56,-385.52
-204.96,-151.28,53.68,180.56,-131.76,-48.8,239.12,283.04,68.32,-239.12,-444.08,-409.92
-214.72,-156.16,58.56,185.44,-136.64,-48.8,248.88,292.8,63.44,-244,-463.6,-429.44
-224.48,-165.92,58.56,195.2,-141.52,-53.68,258.64,302.56,53.68,-268.4,-488,-444.08
-229.36,-170.8,58.56,200.08,-146.4,-58.56,263.52,312.32,43.92,-287.92,-507.52,-458.72
-229.36,-175.68,53.68,204.96,-141.52,-63.44,273.28,307.44,39.04,-302.56,-531.92,-473.36
-253.76,-180.56,73.2,219.6,-165.92,-53.68,283.04,307.44,34.16,-312.32,-546.56,-488
-263.52,-190.32,73.2,229.36,-170.8,-58.56,292.8,312.32,34.16,-317.2,-556.32,-502.64
-273.28,-190.32,82.96,234.24,-180.56,-53.68,302.56,312.32,24.4,-326.96,-570.96,-512.4
-302.56,-200.08,102.48,253.76,-204.96,-48.8,317.2,302.56,0,-346.48,-595.36,-546.56
-326.96,-204.96,122,268.4,-224.48,-43.92,322.08,302.56,0,-370.88,-619.76,-566.08
-331.84,-204.96,126.88,268.4,-229.36,-39.04,326.96,312.32,-4.88,-375.76,-634.4,-570.96
-336.72,-204.96,131.76,273.28,-234.24,-39.04,336.72,317.2,-9.76,-385.52,-644.16,-580.72
-341.6,-200.08,141.52,273.28,-244,-29.28,346.48,326.96,0,-385.52,-653.92,-590.48
-346.48,-200.08,146.4,273.28,-248.88,-29.28,356.24,326.96,-4.88,-385.52,-668.56,-600.24
-356.24,-195.2,161.04,278.16,-258.64,-19.52,361.12,326.96,-14.64,-385.52,-683.2,-605.12
-361.12,-200.08,161.04,283.04,-263.52,-19.52,366,326.96,-14.64,-405.04,-692.96,-605.12
-385.52,-195.2,190.32,292.8,-287.92,-4.88,356.24,317.2,-19.52,-414.8,-688.08,-605.12
-356.24,-190.32,165.92,273.28,-263.52,-14.64,361.12,317.2,-19.52,-419.68,-697.84,-614.88
-356.24,-185.44,170.8,273.28,-263.52,-9.76,366,317.2,-19.52,-434.32,-717.36,-619.76
-380.64,-180.56,200.08,283.04,-292.8,9.76,366,307.44,-34.16,-434.32,-732,-634.4
-390.4,-185.44,204.96,287.92,-297.68,9.76,356.24,297.68,-43.92,-429.44,-712.48,-624.64
-380.64,-180.56,200.08,283.04,-292.8,9.76,356.24,297.68,-43.92,-434.32,-717.36,-619.76
-370.88,-175.68,195.2,273.28,-283.04,9.76,356.24,292.8,-39.04,-429.44,-722.24,-614.88
-351.36,-170.8,180.56,263.52,-268.4,4.88,356.24,287.92,-39.04,-419.68,-712.48,-610
-346.48,-170.8,175.68,258.64,-263.52,0,341.6,292.8,-48.8,-414.8,-707.6,-605.12
-356.24,-170.8,185.44,263.52,-273.28,4.88,341.6,283.04,-48.8,-409.92,-697.84,-595.36
-370.88,-165.92,204.96,268.4,-287.92,19.52,336.72,273.28,-43.92,-405.04,-692.96,-585.6
-390.4,-156.16,234.24,273.28,-312.32,39.04,322.08,268.4,-43.92,-400.16,-683.2,-575.84
-366,-151.28,214.72,258.64,-292.8,29.28,307.44,248.88,-43.92,-385.52,-663.68,-561.2
-356.24,-146.4,209.84,253.76,-283.04,29.28,302.56,239.12,-43.92,-380.64,-649.04,-541.68
-351.36,-141.52,209.84,248.88,-283.04,34.16,297.68,234.24,-48.8,-375.76,-614.88,-527.04
-336.72,-131.76,204.96,234.24,-273.28,34.16,283.04,234.24,-43.92,-356.24,-590.48,-502.64
-317.2,-102.48,214.72,209.84,-268.4,53.68,268.4,229.36,-34.16,-336.72,-556.32,-483.12
-302.56,-97.6,204.96,200.08,-253.76,53.68,244,219.6,-29.28,-307.44,-527.04,-453.84
-287.92,-92.72,195.2,190.32,-244,48.8,239.12,204.96,-14.64,-283.04,-492.88,-424.56
-273.28,-87.84,185.44,180.56,-229.36,48.8,229.36,180.56,-4.88,-258.64,-473.36,-390.4
-263.52,-87.84,175.68,175.68,-219.6,43.92,204.96,156.16,-14.64,-253.76,-429.44,-356.24
-239.12,-78.08,161.04,161.04,-200.08,39.04,185.44,146.4,-4.88,-234.24,-395.28,-326.96
-224.48,-68.32,156.16,146.4,-190.32,43.92,165.92,141.52,0,-209.84,-361.12,-307.44
-200.08,-63.44,136.64,131.76,-170.8,34.16,146.4,126.88,4.88,-185.44,-331.84,-283.04
-175.68,-53.68,122,117.12,-151.28,34.16,126.88,107.36,9.76,-170.8,-292.8,-239.12
-161.04,-43.92,117.12,102.48,-141.52,34.16,97.6,97.6,14.64,-151.28,-258.64,-214.72
-136.64,-29.28,107.36,82.96,-122,39.04,78.08,82.96,19.52,-141.52,-239.12,-190.32
-107.36,-19.52,87.84,63.44,-97.6,34.16,63.44,68.32,24.4,-117.12,-209.84,-161.04
-97.6,-14.64,82.96,58.56,-92.72,34.16,53.68,63.44,29.28,-92.72,-190.32,-131.76
-92.72,-4.88,87.84,48.8,-92.72,39.04,39.04,53.68,29.28,-78.08,-161.04,-117.12
-82.96,0,82.96,43.92,-82.96,39.04,24.4,43.92,29.28,-68.32,-131.76,-107.36
-82.96,14.64,97.6,34.16,-92.72,53.68,14.64,39.04,29.28,-53.68,-107.36,-92.72
-63.44,4.88,68.32,29.28,-68.32,34.16,9.76,29.28,29.28,-43.92,-97.6,-78.08
-48.8,14.64,63.44,19.52,-58.56,39.04,-4.88,19.52,29.28,-39.04,-78.08,-68.32
-39.04,14.64,53.68,14.64,-48.8,34.16,-14.64,14.64,24.4,-34.16,-73.2,-58.56
-24.4,14.64,39.04,4.88,-34.16,24.4,-19.52,9.76,19.52,-39.04,-68.32,-48.8
-14.64,9.76,24.4,4.88,-19.52,14.64,-34.16,0,24.4,-19.52,-48.8,-34.16
-4.88,9.76,14.64,0,-9.76,9.76,-39.04,-14.64,29.28,-4.88,-29.28,-19.52
-4.88,9.76,14.64,0,-9.76,9.76,-53.68,-24.4,34.16,9.76,-14.64,-9.76
9.76,9.76,0,-9.76,4.88,4.88,-68.32,-29.28,29.28,9.76,-4.88,0
29.28,9.76,-19.52,-19.52,24.4,-4.88,-82.96,-29.28,34.16,19.52,0,-4.88
29.28,14.64,-14.64,-19.52,19.52,0,-82.96,-29.28,34.16,14.64,9.76,0
29.28,14.64,-14.64,-19.52,19.52,0,-82.96,-29.28,29.28,9.76,9.76,9.76
19.52,14.64,-4.88,-14.64,9.76,4.88,-87.84,-34.16,24.4,4.88,4.88,4.88
19.52,14.64,-4.88,-14.64,9.76,4.88,-78.08,-24.4,19.52,-4.88,14.64,-4.88
19.52,4.88,-14.64,-9.76,14.64,-4.88,-92.72,-24.4,19.52,14.64,29.28,0
19.52,0,-19.52,-9.76,19.52,-9.76,-97.6,-24.4,24.4,19.52,29.28,9.76
19.52,-4.88,-24.4,-4.88,19.52,-14.64,-102.48,-34.16,29.28,29.28,39.04,19.52
9.76,-4.88,-14.64,0,9.76,-9.76,-92.72,-34.16,39.04,39.04,43.92,14.64
19.52,-4.88,-24.4,-4.88,19.52,-14.64,-92.72,-34.16,39.04,39.04,48.8,14.64
24.4,-4.88,-29.28,-9.76,24.4,-19.52,-92.72,-29.28,39.04,39.04,43.92,14.64
24.4,-9.76,-34.16,-4.88,29.28,-24.4,-78.08,-29.28,43.92,43.92,48.8,14.64
14.64,-9.76,-24.4,0,19.52,-19.52,-82.96,-29.28,34.16,43.92,48.8,14.64
14.64,0,-14.64,-4.88,14.64,-9.76,-78.08,-19.52,29.28,39.04,53.68,24.4
19.52,4.88,-14.64,-9.76,14.64,-4.88,-78.08,-19.52,29.28,39.04,53.68,29.28
34.16,4.88,-29.28,-19.52,29.28,-14.64,-82.96,-24.4,34.16,43.92,48.8,29.28
39.04,-4.88,-43.92,-14.64,39.04,-24.4,-78.08,-24.4,43.92,34.16,53.68,39.04
39.04,-4.88,-43.92,-14.64,39.04,-24.4,-78.08,-24.4,43.92,43.92,58.56,39.04
24.4,-4.88,-29.28,-9.76,24.4,-19.52,-82.96,-24.4,48.8,48.8,63.44,39.04
34.16,-4.88,-39.04,-14.64,34.16,-24.4,-82.96,-19.52,53.68,48.8,63.44,34.16
34.16,-4.88,-39.04,-14.64,34.16,-24.4,-78.08,-14.64,43.92,48.8,58.56,24.4
34.16,0,-34.16,-14.64,34.16,-19.52,-73.2,-14.64,53.68,53.68,68.32,39.04
29.28,4.88,-24.4,-14.64,24.4,-9.76,-73.2,-4.88,53.68,53.68,63.44,39.04
24.4,4.88,-19.52,-14.64,19.52,-9.76,-73.2,-14.64,48.8,53.68,58.56,39.04
24.4,4.88,-19.52,-14.64,19.52,-9.76,-73.2,-4.88,43.92,53.68,68.32,29.28
19.52,0,-19.52,-9.76,19.52,-9.76,-68.32,-4.88,39.04,53.68,63.44,29.28
19.52,-4.88,-24.4,-4.88,19.52,-14.64,-68.32,-9.76,34.16,53.68,48.8,29.28
24.4,-9.76,-34.16,-4.88,29.28,-24.4,-68.32,-9.76,34.16,58.56,48.8,29.28
14.64,-14.64,-29.28,0,19.52,-24.4,-68.32,-19.52,29.28,53.68,48.8,24.4
9.76,-24.4,-34.16,9.76,19.52,-29.28,-68.32,-14.64,34.16,48.8,43.92,19.52
9.76,-29.28,-39.04,9.76,24.4,-34.16,-68.32,-14.64,34.16,43.92,39.04,9.76
9.76,-24.4,-34.16,9.76,19.52,-29.28,-68.32,-14.64,34.16,43.92,39.04,4.88
9.76,-24.4,-34.16,9.76,19.52,-29.28,-68.32,0,43.92,48.8,43.92,4.88
4.88,-29.28,-34.16,14.64,19.52,-34.16,-58.56,0,48.8,48.8,43.92,9.76
0,-29.28,-29.28,14.64,14.64,-29.28,-39.04,4.88,53.68,48.8,43.92,19.52
0,-29.28,-29.28,14.64,14.64,-29.28,-39.04,4.88,58.56,48.8,53.68,29.28
9.76,-19.52,-29.28,4.88,19.52,-24.4,-39.04,4.88,58.56,53.68,68.32,43.92
9.76,0,-9.76,-4.88,9.76,-4.88,-29.28,9.76,63.44,58.56,73.2,43.92
9.76,19.52,9.76,-14.64,0,14.64,-19.52,24.4,68.32,68.32,73.2,43.92
14.64,29.28,14.64,-19.52,0,19.52,-19.52,29.28,73.2,73.2,68.32,43.92
14.64,19.52,4.88,-14.64,4.88,9.76,-19.52,29.28,73.2,73.2,68.32,43.92
4.88,19.52,14.64,-9.76,-4.88,14.64,-19.52,29.28,78.08,73.2,73.2,43.92
4.88,9.76,4.88,-4.88,0,4.88,-19.52,29.28,82.96,73.2,73.2,43.92
9.76,9.76,0,-9.76,4.88,4.88,-14.64,39.04,82.96,68.32,73.2,43.92
4.88,14.64,9.76,-9.76,-4.88,9.76,0,34.16,73.2,78.08,73.2,34.16
4.88,14.64,9.76,-9.76,-4.88,9.76,0,34.16,78.08,73.2,68.32,43.92
0,14.64,14.64,-4.88,-9.76,14.64,-4.88,34.16,78.08,68.32,63.44,29.28
-4.88,14.64,19.52,-4.88,-14.64,14.64,-9.76,39.04,78.08,68.32,48.8,24.4
0,19.52,19.52,-9.76,-9.76,19.52,0,34.16,73.2,68.32,39.04,29.28
-4.88,19.52,24.4,-4.88,-14.64,19.52,0,34.16,73.2,68.32,43.92,24.4
0,19.52,19.52,-9.76,-9.76,19.52,0,34.16,73.2,63.44,43.92,24.4
4.88,19.52,14.64,-9.76,-4.88,14.64,-9.76,29.28,68.32,53.68,48.8,14.64
9.76,34.16,24.4,-19.52,-9.76,29.28,-4.88,43.92,82.96,58.56,53.68,24.4
24.4,39.04,14.64,-29.28,4.88,24.4,4.88,48.8,87.84,63.44,58.56,29.28
14.64,43.92,29.28,-29.28,-9.76,34.16,14.64,53.68,92.72,68.32,58.56,34.16
0,43.92,43.92,-19.52,-24.4,43.92,24.4,58.56,97.6,73.2,63.44,39.04
-9.76,34.16,43.92,-9.76,-29.28,39.04,34.16,53.68,92.72,58.56,53.68,39.04
-24.4,34.16,58.56,-4.88,-43.92,43.92,29.28,53.68,82.96,58.56,53.68,39.04
-29.28,34.16,63.44,0,-48.8,48.8,29.28,53.68,78.08,58.56,53.68,34.16
-29.28,34.16,63.44,0,-48.8,48.8,34.16,53.68,73.2,58.56,48.8,29.28
-14.64,39.04,53.68,-9.76,-34.16,43.92,43.92,53.68,82.96,63.44,53.68,34.16
-9.76,43.92,53.68,-14.64,-34.16,48.8,39.04,53.68,87.84,73.2,48.8,34.16
0,43.92,43.92,-19.52,-24.4,43.92,39.04,53.68,87.84,73.2,48.8,34.16
19.52,39.04,19.52,-29.28,0,29.28,39.04,48.8,82.96,68.32,48.8,34.16
9.76,29.28,19.52,-19.52,-4.88,24.4,19.52,39.04,73.2,53.68,39.04,29.28
0,39.04,39.04,-19.52,-19.52,39.04,14.64,34.16,68.32,53.68,48.8,29.28
-19.52,29.28,48.8,-4.88,-34.16,39.04,9.76,29.28,63.44,53.68,48.8,29.28
-9.76,29.28,39.04,-9.76,-24.4,34.16,4.88,24.4,63.44,53.68,48.8,29.28
-9.76,34.16,43.92,-9.76,-29.28,39.04,-9.76,14.64,58.56,63.44,53.68,39.04
-9.76,34.16,43.92,-9.76,-29.28,39.04,-14.64,9.76,58.56,58.56,48.8,34.16
-9.76,29.28,39.04,-9.76,-24.4,34.16,-14.64,4.88,58.56,53.68,43.92,29.28
-9.76,48.8,58.56,-19.52,-34.16,53.68,-14.64,-4.88,58.56,48.8,43.92,29.28
-4.88,43.92,48.8,-19.52,-29.28,43.92,-14.64,0,53.68,53.68,53.68,34.16
0,43.92,43.92,-19.52,-24.4,43.92,-14.64,-4.88,48.8,48.8,43.92,29.28
9.76,34.16,24.4,-19.52,-9.76,29.28,-24.4,-9.76,43.92,48.8,39.04,24.4
14.64,34.16,19.52,-24.4,-4.88,24.4,-29.28,-9.76,39.04,53.68,39.04,24.4
-9.76,39.04,48.8,-14.64,-29.28,43.92,-48.8,-14.64,29.28,39.04,43.92,14.64
-19.52,24.4,43.92,0,-34.16,34.16,-53.68,-19.52,34.16,39.04,43.92,19.52
-24.4,19.52,43.92,4.88,-34.16,29.28,-53.68,-24.4,34.16,43.92,39.04,19.52
-24.4,14.64,39.04,4.88,-34.16,24.4,-58.56,-29.28,34.16,43.92,39.04,29.28
-14.64,14.64,29.28,0,-24.4,19.52,-58.56,-19.52,34.16,43.92,43.92,19.52
-14.64,9.76,24.4,4.88,-19.52,14.64,-58.56,-19.52,29.28,53.68,48.8,24.4
-19.52,9.76,29.28,4.88,-24.4,19.52,-58.56,-19.52,29.28,43.92,48.8,24.4
-19.52,9.76,29.28,4.88,-24.4,19.52,-63.44,-24.4,29.28,43.92,48.8,34.16
-4.88,0,4.88,4.88,-4.88,0,-78.08,-43.92,19.52,48.8,29.28,14.64
-9.76,-4.88,4.88,9.76,-9.76,0,-78.08,-43.92,19.52,43.92,29.28,9.76
-14.64,-9.76,4.88,14.64,-9.76,-4.88,-73.2,-39.04,19.52,29.28,29.28,9.76
-29.28,-14.64,14.64,24.4,-24.4,0,-73.2,-34.16,24.4,19.52,29.28,4.88
-29.28,-14.64,14.64,24.4,-24.4,0,-73.2,-43.92,24.4,29.28,29.28,14.64
-24.4,-14.64,9.76,19.52,-19.52,-4.88,-68.32,-43.92,24.4,34.16,34.16,14.64
-19.52,-4.88,14.64,14.64,-19.52,4.88,-68.32,-43.92,24.4,34.16,39.04,19.52
-24.4,-4.88,19.52,14.64,-24.4,4.88,-68.32,-48.8,24.4,43.92,48.8,29.28
-9.76,4.88,14.64,4.88,-14.64,9.76,-58.56,-39.04,24.4,34.16,43.92,19.52
4.88,-4.88,-9.76,0,4.88,-9.76,-68.32,-43.92,19.52,34.16,43.92,14.64
19.52,-4.88,-24.4,-4.88,19.52,-14.64,-58.56,-43.92,19.52,19.52,39.04,14.64
14.64,-4.88,-19.52,-4.88,14.64,-14.64,-58.56,-43.92,19.52,39.04,29.28,19.52
0,-4.88,-4.88,4.88,0,-4.88,-53.68,-48.8,19.52,29.28,29.28,24.4
9.76,-4.88,-14.64,0,9.76,-9.76,-53.68,-43.92,19.52,29.28,29.28,24.4
4.88,0,-4.88,0,4.88,-4.88,-53.68,-39.04,24.4,34.16,43.92,29.28
-4.88,4.88,9.76,0,-9.76,4.88,-58.56,-34.16,24.4,34.16,58.56,29.28
-14.64,-4.88,9.76,9.76,-14.64,0,-48.8,-29.28,34.16,43.92,68.32,29.28
-14.64,-9.76,4.88,14.64,-9.76,-4.88,-48.8,-29.28,29.28,39.04,63.44,19.52
-14.64,-9.76,4.88,14.64,-9.76,-4.88,-43.92,-34.16,29.28,39.04,43.92,19.52
-9.76,-9.76,0,9.76,-4.88,-4.88,-39.04,-34.16,29.28,39.04,39.04,19.52
-9.76,-14.64,-4.88,14.64,-4.88,-9.76,-39.04,-29.28,24.4,29.28,43.92,19.52
-9.76,-14.64,-4.88,14.64,-4.88,-9.76,-39.04,-29.28,24.4,29.28,48.8,19.52
-9.76,-9.76,0,9.76,-4.88,-4.88,-39.04,-29.28,24.4,43.92,53.68,29.28
-14.64,-9.76,4.88,14.64,-9.76,-4.88,-43.92,-29.28,24.4,43.92,73.2,29.28
-14.64,-4.88,9.76,9.76,-14.64,0,-43.92,-19.52,34.16,53.68,68.32,39.04
-9.76,0,9.76,4.88,-9.76,4.88,-39.04,-29.28,34.16,53.68,63.44,39.04
0,4.88,4.88,0,-4.88,4.88,-34.16,-29.28,29.28,39.04,63.44,34.16
0,4.88,4.88,0,-4.88,4.88,-34.16,-19.52,29.28,34.16,58.56,24.4
0,0,0,0,0,0,-39.04,-24.4,14.64,34.16,48.8,24.4
9.76,-4.88,-14.64,0,9.76,-9.76,-53.68,-29.28,14.64,34.16,48.8,24.4
14.64,0,-14.64,-4.88,14.64,-9.76,-53.68,-34.16,14.64,43.92,48.8,29.28
24.4,-4.88,-29.28,-9.76,24.4,-19.52,-48.8,-39.04,19.52,53.68,48.8,39.04
14.64,-4.88,-19.52,-4.88,14.64,-14.64,-39.04,-34.16,29.28,43.92,68.32,43.92
9.76,-19.52,-29.28,4.88,19.52,-24.4,-39.04,-34.16,29.28,43.92,68.32,43.92
0,-19.52,-19.52,9.76,9.76,-19.52,-48.8,-29.28,29.28,43.92,68.32,43.92
-24.4,-4.88,19.52,14.64,-24.4,4.88,-39.04,-24.4,29.28,43.92,63.44,43.92
-24.4,4.88,29.28,9.76,-29.28,14.64,-34.16,-24.4,39.04,53.68,73.2,43.92
-4.88,9.76,14.64,0,-9.76,9.76,-39.04,-24.4,34.16,48.8,73.2,43.92
0,9.76,9.76,-4.88,-4.88,9.76,-34.16,-24.4,34.16,48.8,73.2,39.04
0,9.76,9.76,-4.88,-4.88,9.76,-24.4,-29.28,34.16,53.68,73.2,39.04
9.76,19.52,9.76,-14.64,0,14.64,-24.4,-19.52,43.92,58.56,82.96,53.68
9.76,24.4,14.64,-14.64,-4.88,19.52,-24.4,-19.52,39.04,63.44,82.96,63.44
-4.88,24.4,29.28,-9.76,-19.52,24.4,-24.4,-19.52,39.04,68.32,73.2,68.32
-4.88,14.64,19.52,-4.88,-14.64,14.64,-24.4,-19.52,39.04,68.32,73.2,68.32
-9.76,9.76,19.52,0,-14.64,14.64,-29.28,-29.28,29.28,48.8,63.44,53.68
-9.76,9.76,19.52,0,-14.64,14.64,-29.28,-29.28,29.28,48.8,63.44,53.68
9.76,9.76,0,-9.76,4.88,4.88,-29.28,-29.28,24.4,48.8,63.44,53.68
-4.88,9.76,14.64,0,-9.76,9.76,-34.16,-29.28,24.4,34.16,63.44,39.04
-4.88,14.64,19.52,-4.88,-14.64,14.64,-34.16,-29.28,29.28,43.92,58.56,39.04
0,24.4,24.4,-9.76,-14.64,24.4,-29.28,-29.28,29.28,48.8,63.44,48.8
0,24.4,24.4,-9.76,-14.64,24.4,-29.28,-29.28,29.28,58.56,68.32,53.68
-14.64,19.52,34.16,0,-24.4,24.4,-29.28,-29.28,29.28,63.44,68.32,53.68
-9.76,19.52,29.28,-4.88,-19.52,24.4,-19.52,-29.28,34.16,53.68,78.08,63.44
-9.76,19.52,29.28,-4.88,-19.52,24.4,-19.52,-29.28,34.16,53.68,73.2,58.56
-14.64,19.52,34.16,0,-24.4,24.4,-19.52,-29.28,34.16,48.8,73.2,53.68
-24.4,19.52,43.92,4.88,-34.16,29.28,-19.52,-29.28,34.16,48.8,73.2,53.68
-24.4,24.4,48.8,0,-39.04,34.16,-19.52,-29.28,34.16,58.56,73.2,58.56
-9.76,24.4,34.16,-4.88,-24.4,29.28,-14.64,-29.28,39.04,58.56,82.96,58.56
-9.76,14.64,24.4,0,-19.52,19.52,-14.64,-29.28,39.04,58.56,82.96,58.56
-9.76,9.76,19.52,0,-14.64,14.64,-24.4,-34.16,39.04,58.56,78.08,58.56
-19.52,29.28,48.8,-4.88,-34.16,39.04,-19.52,-29.28,39.04,58.56,82.96,58.56
-19.52,9.76,29.28,4.88,-24.4,19.52,-19.52,-29.28,39.04,48.8,68.32,48.8
-19.52,0,19.52,9.76,-19.52,9.76,-29.28,-29.28,29.28,48.8,68.32,48.8
-19.52,0,19.52,9.76,-19.52,9.76,-29.28,-29.28,29.28,48.8,68.32,48.8
-19.52,0,19.52,9.76,-19.52,9.76,-29.28,-29.28,29.28,48.8,68.32,48.8
-19.52,0,19.52,9.76,-19.52,9.76,-29.28,-29.28,29.28,48.8,68.32,48.8
-19.52,0,19.52,9.76,-19.52,9.76,-29.28,-34.16,19.52,43.92,58.56,43.92
-19.52,0,19.52,9.76,-19.52,9.76,-29.28,-39.04,19.52,39.04,58.56,39.04
-19.52,0,19.52,9.76,-19.52,9.76,-29.28,-43.92,19.52,34.16,58.56,34.16
-19.52,0,19.52,9.76,-19.52,9.76,-29.28,-48.8,19.52,29.28,58.56,29.28
-19.52,9.76,29.28,4.88,-24.4,19.52,-39.04,-48.8,9.76,39.04,58.56,39.04
-19.52,9.76,29.28,4.88,-24.4,19.52,-39.04,-48.8,9.76,39.04,58.56,39.04
-19.52,9.76,29.28,4.88,-24.4,19.52,-39.04,-48.8,9.76,39.04,58.56,39.04
-19.52,9.76,29.28,4.88,-24.4,19.52,-39.04,-48.8,9.76,39.04,58.56,39.04
-19.52,19.52,39.04,0,-29.28,29.28,-48.8,-58.56,19.52,39.04,58.56,39.04
-19.52,19.52,39.04,0,-29.28,29.28,-48.8,-58.56,19.52,39.04,58.56,39.04
-19.52,19.52,39.04,0,-29.28,29.28,-48.8,-58.56,19.52,39.04,58.56,39.04
-19.52,19.52,39.04,0,-29.28,29.28,-48.8,-58.56,19.52,39.04,58.56,39.04
-19.52,9.76,29.28,4.88,-24.4,19.52,-48.8,-58.56,19.52,48.8,68.32,48.8
-19.52,9.76,29.28,4.88,-24.4,19.52,-48.8,-58.56,19.52,48.8,68.32,48.8
-19.52,9.76,29.28,4.88,-24.4,19.52,-48.8,-58.56,19.52,48.8,68.32,48.8
-19.52,9.76,29.28,4.88,-24.4,19.52,-48.8,-58.56,19.52,48.8,68.32,48.8
-19.52,0,19.52,9.76,-19.52,9.76,-58.56,-43.92,24.4,58.56,68.32,48.8
-19.52,-9.76,9.76,14.64,-14.64,0,-58.56,-43.92,24.4,58.56,68.32,48.8
-19.52,-9.76,9.76,14.64,-14.64,0,-53.68,-43.92,24.4,58.56,68.32,48.8
-24.4,0,24.4,14.64,-24.4,9.76,-48.8,-48.8,24.4,58.56,68.32,53.68
-14.64,0,14.64,9.76,-14.64,4.88,-58.56,-58.56,14.64,48.8,68.32,53.68
-9.76,0,9.76,4.88,-9.76,4.88,-58.56,-48.8,24.4,48.8,63.44,48.8
-4.88,0,4.88,4.88,-4.88,0,-63.44,-48.8,24.4,48.8,63.44,48.8
-4.88,-4.88,0,4.88,-4.88,-4.88,-63.44,-58.56,19.52,48.8,68.32,48.8
0,-9.76,-9.76,4.88,4.88,-9.76,-58.56,-48.8,24.4,58.56,78.08,48.8
9.76,4.88,-4.88,-4.88,4.88,0,-53.68,-43.92,24.4,58.56,78.08,48.8
14.64,14.64,0,-14.64,4.88,4.88,-48.8,-43.92,29.28,58.56,87.84,53.68
19.52,24.4,4.88,-19.52,4.88,14.64,-48.8,-43.92,29.28,58.56,78.08,53.68
19.52,24.4,4.88,-19.52,4.88,14.64,-48.8,-43.92,29.28,58.56,78.08,68.32
14.64,14.64,0,-14.64,4.88,4.88,-39.04,-39.04,34.16,63.44,82.96,68.32
4.88,14.64,9.76,-9.76,-4.88,9.76,-39.04,-34.16,34.16,63.44,82.96,68.32
0,14.64,14.64,-4.88,-9.76,14.64,-39.04,-34.16,34.16,63.44,78.08,68.32
4.88,19.52,14.64,-9.76,-4.88,14.64,-39.04,-43.92,24.4,53.68,78.08,58.56
-14.64,14.64,29.28,0,-24.4,19.52,-39.04,-43.92,24.4,53.68,78.08,58.56
-19.52,19.52,39.04,0,-29.28,29.28,-39.04,-43.92,24.4,58.56,78.08,58.56
-29.28,14.64,43.92,9.76,-39.04,29.28,-39.04,-43.92,24.4,58.56,82.96,58.56
-39.04,0,39.04,19.52,-39.04,19.52,-39.04,-43.92,29.28,68.32,82.96,63.44
-34.16,-4.88,29.28,19.52,-34.16,9.76,-39.04,-43.92,29.28,63.44,73.2,63.44
-29.28,-4.88,24.4,19.52,-29.28,9.76,-34.16,-39.04,29.28,63.44,82.96,63.44
-29.28,-4.88,24.4,19.52,-29.28,9.76,-29.28,-34.16,29.28,63.44,82.96,68.32
-24.4,0,24.4,14.64,-24.4,9.76,-14.64,-24.4,43.92,68.32,82.96,73.2
-24.4,4.88,29.28,9.76,-29.28,14.64,-14.64,-24.4,43.92,68.32,92.72,73.2
-19.52,9.76,29.28,4.88,-24.4,19.52,-19.52,-29.28,43.92,68.32,92.72,73.2
-9.76,19.52,29.28,-4.88,-19.52,24.4,-19.52,-29.28,43.92,68.32,87.84,73.2
-4.88,9.76,14.64,0,-9.76,9.76,-14.64,-19.52,48.8,68.32,78.08,63.44
-4.88,9.76,14.64,0,-9.76,9.76,-14.64,-19.52,48.8,68.32,78.08,63.44
-14.64,9.76,24.4,4.88,-19.52,14.64,-14.64,-19.52,43.92,73.2,92.72,68.32
-4.88,14.64,19.52,-4.88,-14.64,14.64,-9.76,-19.52,43.92,73.2,92.72,68.32
9.76,24.4,14.64,-14.64,-4.88,19.52,-4.88,-9.76,58.56,78.08,87.84,73.2
14.64,24.4,9.76,-19.52,0,14.64,-4.88,-9.76,63.44,82.96,92.72,78.08
19.52,24.4,4.88,-19.52,4.88,14.64,-4.88,-9.76,68.32,87.84,97.6,78.08
19.52,29.28,9.76,-24.4,4.88,19.52,0,-4.88,68.32,82.96,102.48,82.96
14.64,39.04,24.4,-24.4,-4.88,29.28,-4.88,-4.88,58.56,82.96,102.48,82.96
9.76,34.16,24.4,-19.52,-9.76,29.28,-4.88,-4.88,58.56,87.84,102.48,82.96
4.88,24.4,19.52,-14.64,-9.76,19.52,-4.88,-4.88,58.56,87.84,102.48,82.96
0,24.4,24.4,-9.76,-14.64,24.4,-4.88,-4.88,58.56,87.84,102.48,82.96
0,24.4,24.4,-9.76,-14.64,24.4,-14.64,-4.88,68.32,87.84,97.6,87.84
-4.88,24.4,29.28,-9.76,-19.52,24.4,-4.88,-4.88,68.32,87.84,102.48,87.84
-9.76,9.76,19.52,0,-14.64,14.64,-4.88,-4.88,68.32,92.72,107.36,87.84
-14.64,19.52,34.16,0,-24.4,24.4,-4.88,-4.88,68.32,92.72,117.12,92.72
-9.76,24.4,34.16,-4.88,-24.4,29.28,-14.64,-19.52,58.56,82.96,107.36,82.96
0,19.52,19.52,-9.76,-9.76,19.52,-14.64,-19.52,58.56,82.96,107.36,87.84
9.76,14.64,4.88,-9.76,0,9.76,-19.52,-19.52,58.56,87.84,107.36,87.84
14.64,14.64,0,-14.64,4.88,4.88,-19.52,-19.52,53.68,87.84,107.36,87.84
9.76,4.88,-4.88,-4.88,4.88,0,-29.28,-9.76,53.68,68.32,97.6,78.08
4.88,9.76,4.88,-4.88,0,4.88,-24.4,-9.76,53.68,78.08,97.6,78.08
0,9.76,9.76,-4.88,-4.88,9.76,-24.4,-9.76,53.68,78.08,102.48,78.08
-4.88,9.76,14.64,0,-9.76,9.76,-34.16,-9.76,53.68,78.08,102.48,78.08
9.76,0,-9.76,-4.88,9.76,-4.88,-24.4,-9.76,63.44,87.84,102.48,78.08
14.64,9.76,-4.88,-9.76,9.76,0,-19.52,-9.76,63.44,87.84,102.48,78.08
9.76,9.76,0,-9.76,4.88,4.88,-19.52,-9.76,63.44,87.84,102.48,78.08
14.64,4.88,-9.76,-9.76,9.76,-4.88,-19.52,-9.76,63.44,87.84,102.48,82.96
4.88,-4.88,-9.76,0,4.88,-9.76,-14.64,-9.76,53.68,78.08,92.72,73.2
0,-4.88,-4.88,4.88,0,-4.88,-14.64,-9.76,53.68,73.2,92.72,68.32
0,0,0,0,0,0,-14.64,-9.76,53.68,73.2,92.72,68.32
4.88,0,-4.88,0,4.88,-4.88,-14.64,-14.64,53.68,78.08,97.6,73.2
0,4.88,4.88,0,-4.88,4.88,-4.88,-14.64,48.8,78.08,97.6,82.96
-14.64,4.88,19.52,4.88,-19.52,9.76,-9.76,-14.64,48.8,78.08,92.72,73.2
-19.52,0,19.52,9.76,-19.52,9.76,-14.64,-14.64,48.8,78.08,92.72,73.2
-19.52,-4.88,14.64,14.64,-19.52,4.88,-14.64,-14.64,48.8,73.2,92.72,73.2
-29.28,-9.76,19.52,19.52,-24.4,4.88,-19.52,-19.52,43.92,63.44,82.96,68.32
-24.4,-9.76,14.64,19.52,-19.52,0,-19.52,-29.28,39.04,63.44,78.08,58.56
-24.4,-14.64,9.76,19.52,-19.52,-4.88,-24.4,-34.16,34.16,63.44,73.2,53.68
-39.04,-24.4,14.64,34.16,-29.28,-4.88,-29.28,-39.04,29.28,63.44,73.2,48.8
-24.4,-14.64,9.76,19.52,-19.52,-4.88,-29.28,-29.28,29.28,63.44,78.08,48.8
-19.52,-9.76,9.76,14.64,-14.64,0,-29.28,-24.4,34.16,63.44,78.08,53.68
-19.52,-9.76,9.76,14.64,-14.64,0,-29.28,-24.4,34.16,63.44,78.08,53.68
-14.64,-9.76,4.88,14.64,-9.76,-4.88,-29.28,-24.4,34.16,58.56,78.08,53.68
-14.64,0,14.64,9.76,-14.64,4.88,-19.52,-24.4,34.16,58.56,82.96,63.44
-19.52,0,19.52,9.76,-19.52,9.76,-19.52,-24.4,34.16,63.44,82.96,68.32
-29.28,-14.64,14.64,24.4,-24.4,0,-14.64,-24.4,34.16,63.44,82.96,68.32
-34.16,-14.64,19.52,24.4,-29.28,0,-14.64,-19.52,43.92,73.2,87.84,68.32
-19.52,0,19.52,9.76,-19.52,9.76,-14.64,-24.4,43.92,68.32,87.84,58.56
-14.64,0,14.64,9.76,-14.64,4.88,-14.64,-24.4,43.92,68.32,78.08,58.56
-14.64,0,14.64,9.76,-14.64,4.88,-19.52,-24.4,43.92,63.44,78.08,58.56
-9.76,0,9.76,4.88,-9.76,4.88,-24.4,-24.4,43.92,63.44,78.08,58.56
-9.76,9.76,19.52,0,-14.64,14.64,-34.16,-19.52,43.92,73.2,82.96,58.56
-24.4,9.76,34.16,9.76,-29.28,19.52,-34.16,-19.52,43.92,73.2,82.96,58.56
-24.4,4.88,29.28,9.76,-29.28,14.64,-34.16,-19.52,43.92,73.2,87.84,63.44
-19.52,4.88,24.4,9.76,-24.4,14.64,-34.16,-19.52,48.8,78.08,87.84,68.32
-9.76,4.88,14.64,4.88,-14.64,9.76,-34.16,-24.4,48.8,73.2,87.84,68.32
-43.92,14.64,58.56,14.64,-53.68,34.16,-24.4,-14.64,58.56,82.96,87.84,68.32
-48.8,34.16,82.96,9.76,-68.32,58.56,9.76,19.52,87.84,97.6,97.6,68.32
-48.8,53.68,102.48,0,-78.08,78.08,63.44,63.44,131.76,131.76,102.48,78.08
-82.96,58.56,141.52,14.64,-112.24,97.6,107.36,112.24,165.92,175.68,122,87.84
-117.12,78.08,195.2,19.52,-156.16,136.64,126.88,136.64,190.32,209.84,146.4,107.36
-117.12,117.12,234.24,0,-175.68,175.68,161.04,190.32,244,283.04,190.32,136.64
-122,146.4,268.4,-9.76,-195.2,204.96,229.36,278.16,346.48,370.88,253.76,165.92
-136.64,170.8,307.44,-14.64,-224.48,239.12,307.44,385.52,463.6,478.24,312.32,190.32
-117.12,229.36,346.48,-53.68,-234.24,287.92,405.04,522.16,639.28,644.16,444.08,273.28
-141.52,307.44,448.96,-82.96,-297.68,375.76,522.16,692.96,849.12,868.64,624.64,390.4
-141.52,366,507.52,-112.24,-326.96,434.32,624.64,854,1073.6,1122.4,849.12,536.8
-68.32,419.68,488,-175.68,-278.16,453.84,712.48,1019.92,1317.6,1405.44,1117.52,717.36
29.28,468.48,439.2,-248.88,-204.96,453.84,800.32,1220,1586,1703.12,1415.2,897.92
92.72,502.64,409.92,-297.68,-161.04,453.84,912.56,1468.88,1942.24,2093.52,1761.68,1112.64
175.68,561.2,385.52,-366,-107.36,473.36,1054.08,1761.68,2371.68,2562,2191.12,1371.28
307.44,644.16,336.72,-473.36,-14.64,488,1176.08,2020.32,2762.08,2991.44,2596.16,1634.8
478.24,732,253.76,-605.12,112.24,492.88,1210.24,2205.76,3103.68,3367.2,3006.08,1908.08
697.84,824.72,126.88,-761.28,283.04,473.36,1078.48,2161.84,3284.24,3660,3396.48,2200.88
912.56,897.92,-14.64,-902.8,463.6,439.2,756.4,1766.56,3103.68,3684.4,3640.48,2440
1058.96,971.12,-87.84,-1015.04,570.96,439.2,268.4,1039.44,2562,3435.52,3694.16,2581.52
1107.76,1058.96,-48.8,-1083.36,575.84,502.64,-253.76,175.68,1786.08,2976.8,3552.64,2615.68
1122.4,1098,-24.4,-1107.76,570.96,536.8,-692.96,-595.36,907.68,2327.76,3186.64,2498.56
1127.28,1049.2,-78.08,-1088.24,600.24,483.12,-1063.84,-1259.04,-9.76,1483.52,2601.04,2249.68
1078.48,902.8,-175.68,-990.64,624.64,361.12,-1449.36,-1922.72,-1024.8,478.24,1854.4,1873.92
995.52,605.12,-390.4,-800.32,692.96,107.36,-1800.72,-2498.56,-1976.4,-614.88,902.8,1298.08
956.48,219.6,-736.88,-585.6,844.24,-258.64,-2054.48,-2869.44,-2732.8,-1644.56,-151.28,585.6
922.32,-9.76,-932.08,-453.84,927.2,-473.36,-2181.36,-3015.84,-3137.84,-2303.36,-873.52,82.96
839.36,-63.44,-902.8,-385.52,868.64,-483.12,-2181.36,-2928,-3093.92,-2376.56,-1054.08,-53.68
732,-102.48,-834.48,-312.32,780.8,-468.48,-2054.48,-2654.72,-2762.08,-2152.08,-1024.8,-92.72
624.64,-195.2,-819.84,-214.72,722.24,-507.52,-1771.44,-2278.96,-2386.32,-1956.88,-1024.8,-180.56
483.12,-224.48,-707.6,-126.88,595.36,-468.48,-1410.32,-1849.52,-2005.68,-1732.4,-985.76,-234.24
326.96,-185.44,-512.4,-68.32,419.68,-351.36,-1078.48,-1444.48,-1576.24,-1405.44,-834.48,-195.2
195.2,-107.36,-302.56,-43.92,248.88,-204.96,-854,-1146.8,-1239.52,-1107.76,-678.32,-151.28
92.72,-82.96,-175.68,-4.88,131.76,-131.76,-692.96,-946.72,-1034.56,-941.84,-600.24,-156.16
43.92,-63.44,-107.36,9.76,73.2,-87.84,-556.32,-780.8,-849.12,-805.2,-556.32,-165.92
19.52,-34.16,-53.68,9.76,34.16,-43.92,-424.56,-605.12,-683.2,-668.56,-488,-165.92
-4.88,-14.64,-9.76,9.76,0,-14.64,-331.84,-478.24,-561.2,-556.32,-434.32,-156.16
-43.92,-14.64,29.28,29.28,-39.04,4.88,-258.64,-380.64,-448.96,-468.48,-380.64,-161.04
-58.56,-34.16,24.4,48.8,-43.92,-4.88,-190.32,-292.8,-351.36,-390.4,-336.72,-161.04
-68.32,-48.8,19.52,58.56,-43.92,-14.64,-136.64,-224.48,-283.04,-331.84,-302.56,-161.04
-87.84,-53.68,34.16,73.2,-63.44,-9.76,-82.96,-165.92,-214.72,-278.16,-263.52,-146.4
-87.84,-63.44,24.4,78.08,-58.56,-19.52,-53.68,-112.24,-146.4,-224.48,-229.36,-141.52
-97.6,-87.84,9.76,92.72,-53.68,-39.04,-43.92,-82.96,-117.12,-195.2,-200.08,-126.88
-97.6,-97.6,0,97.6,-48.8,-48.8,-39.04,-73.2,-107.36,-180.56,-190.32,-117.12
-73.2,-73.2,0,73.2,-39.04,-39.04,-29.28,-63.44,-82.96,-156.16,-165.92,-102.48
-43.92,-53.68,-9.76,48.8,-19.52,-34.16,-9.76,-43.92,-63.44,-131.76,-146.4,-92.72
-73.2,-63.44,9.76,68.32,-43.92,-29.28,-4.88,-43.92,-73.2,-141.52,-165.92,-97.6
-107.36,-73.2,34.16,92.72,-73.2,-19.52,-4.88,-43.92,-82.96,-161.04,-180.56,-117.12
-92.72,-58.56,34.16,78.08,-63.44,-14.64,4.88,-39.04,-68.32,-151.28,-175.68,-107.36
-97.6,-53.68,43.92,78.08,-73.2,-4.88,19.52,-29.28,-58.56,-146.4,-170.8,-117.12
-82.96,-48.8,34.16,68.32,-58.56,-9.76,19.52,-19.52,-53.68,-136.64,-165.92,-117.12
-73.2,-43.92,29.28,58.56,-53.68,-9.76,24.4,4.88,-34.16,-117.12,-151.28,-107.36
-87.84,-58.56,29.28,73.2,-58.56,-14.64,29.28,14.64,-29.28,-112.24,-146.4,-107.36
-107.36,-63.44,43.92,87.84,-78.08,-9.76,29.28,19.52,-24.4,-107.36,-146.4,-112.24
-112.24,-73.2,39.04,92.72,-78.08,-19.52,39.04,19.52,-14.64,-102.48,-141.52,-112.24
-117.12,-82.96,34.16,102.48,-78.08,-24.4,43.92,29.28,-14.64,-97.6,-136.64,-102.48
-107.36,-78.08,29.28,92.72,-68.32,-24.4,58.56,34.16,-14.64,-87.84,-136.64,-102.48
-97.6,-68.32,29.28,82.96,-63.44,-19.52,63.44,34.16,-9.76,-97.6,-141.52,-102.48
-107.36,-53.68,53.68,82.96,-82.96,0,63.44,39.04,-9.76,-97.6,-141.52,-112.24
-107.36,-48.8,58.56,78.08,-82.96,4.88,68.32,43.92,-9.76,-97.6,-141.52,-117.12
-107.36,-53.68,53.68,82.96,-82.96,0,78.08,53.68,0,-97.6,-151.28,-126.88
-107.36,-58.56,48.8,82.96,-78.08,-4.88,78.08,53.68,4.88,-92.72,-146.4,-117.12
-107.36,-63.44,43.92,87.84,-78.08,-9.76,58.56,53.68,4.88,-92.72,-146.4,-112.24
-107.36,-68.32,39.04,87.84,-73.2,-14.64,68.32,58.56,9.76,-87.84,-146.4,-112.24
-117.12,-82.96,34.16,102.48,-78.08,-24.4,63.44,48.8,9.76,-87.84,-126.88,-97.6
-122,-87.84,34.16,107.36,-78.08,-29.28,63.44,53.68,4.88,-82.96,-126.88,-97.6
-131.76,-87.84,43.92,112.24,-87.84,-24.4,68.32,53.68,4.88,-82.96,-136.64,-97.6
-136.64,-92.72,43.92,117.12,-92.72,-24.4,73.2,48.8,4.88,-82.96,-146.4,-97.6
-131.76,-87.84,43.92,112.24,-87.84,-24.4,73.2,48.8,4.88,-82.96,-136.64,-87.84
-122,-78.08,43.92,102.48,-82.96,-19.52,73.2,53.68,4.88,-82.96,-136.64,-97.6
-107.36,-73.2,34.16,92.72,-73.2,-19.52,73.2,53.68,4.88,-87.84,-136.64,-102.48
-82.96,-68.32,14.64,78.08,-48.8,-29.28,78.08,53.68,4.88,-87.84,-136.64,-102.48
-87.84,-63.44,24.4,78.08,-58.56,-19.52,78.08,73.2,19.52,-82.96,-131.76,-97.6
-87.84,-58.56,29.28,73.2,-58.56,-14.64,82.96,73.2,19.52,-82.96,-131.76,-92.72
-82.96,-58.56,24.4,73.2,-53.68,-19.52,82.96,73.2,19.52,-78.08,-126.88,-87.84
-82.96,-53.68,29.28,68.32,-58.56,-14.64,87.84,73.2,19.52,-68.32,-112.24,-78.08
-92.72,-43.92,48.8,68.32,-73.2,0,78.08,68.32,29.28,-68.32,-102.48,-82.96
-97.6,-43.92,53.68,73.2,-78.08,4.88,78.08,73.2,29.28,-73.2,-112.24,-82.96
-102.48,-43.92,58.56,73.2,-82.96,4.88,78.08,73.2,29.28,-73.2,-117.12,-87.84
-107.36,-43.92,63.44,78.08,-87.84,9.76,78.08,73.2,34.16,-73.2,-117.12,-87.84
-102.48,-43.92,58.56,73.2,-82.96,4.88,68.32,73.2,24.4,-78.08,-131.76,-87.84
-97.6,-48.8,48.8,73.2,-73.2,0,68.32,73.2,24.4,-78.08,-131.76,-92.72
-87.84,-43.92,43.92,68.32,-68.32,0,63.44,73.2,24.4,-78.08,-126.88,-92.72
-82.96,-39.04,43.92,63.44,-63.44,0,63.44,73.2,24.4,-82.96,-126.88,-92.72
-82.96,-48.8,34.16,68.32,-58.56,-9.76,78.08,73.2,24.4,-73.2,-126.88,-102.48
-87.84,-48.8,39.04,68.32,-63.44,-4.88,78.08,78.08,29.28,-73.2,-126.88,-102.48
-112.24,-48.8,63.44,82.96,-87.84,4.88,78.08,82.96,34.16,-73.2,-126.88,-97.6
-126.88,-43.92,82.96,87.84,-107.36,19.52,82.96,87.84,34.16,-68.32,-126.88,-92.72
-122,-43.92,78.08,82.96,-102.48,14.64,87.84,87.84,39.04,-68.32,-136.64,-92.72
-122,-48.8,73.2,87.84,-97.6,9.76,87.84,92.72,39.04,-63.44,-136.64,-107.36
-136.64,-53.68,82.96,97.6,-112.24,14.64,92.72,92.72,39.04,-78.08,-146.4,-112.24
-122,-53.68,68.32,87.84,-97.6,4.88,92.72,92.72,39.04,-82.96,-151.28,-112.24
-107.36,-53.68,53.68,82.96,-82.96,0,102.48,107.36,39.04,-82.96,-141.52,-107.36
-102.48,-58.56,43.92,82.96,-73.2,-9.76,102.48,107.36,39.04,-87.84,-136.64,-107.36
-92.72,-58.56,34.16,78.08,-63.44,-14.64,107.36,107.36,43.92,-82.96,-136.64,-107.36
-87.84,-58.56,29.28,73.2,-58.56,-14.64,112.24,112.24,43.92,-73.2,-136.64,-112.24
-107.36,-58.56,48.8,82.96,-78.08,-4.88,126.88,122,53.68,-58.56,-131.76,-107.36
-112.24,-58.56,53.68,87.84,-82.96,-4.88,136.64,136.64,58.56,-58.56,-131.76,-107.36
-112.24,-53.68,58.56,82.96,-87.84,0,136.64,146.4,63.44,-58.56,-131.76,-107.36
-107.36,-48.8,58.56,78.08,-82.96,4.88,136.64,156.16,68.32,-58.56,-131.76,-107.36
-107.36,-39.04,68.32,73.2,-87.84,14.64,156.16,165.92,68.32,-63.44,-146.4,-117.12
-112.24,-53.68,58.56,82.96,-87.84,0,156.16,165.92,73.2,-63.44,-146.4,-112.24
-112.24,-63.44,48.8,87.84,-82.96,-9.76,151.28,165.92,73.2,-63.44,-151.28,-112.24
-122,-68.32,53.68,97.6,-87.84,-9.76,151.28,165.92,78.08,-63.44,-156.16,-122
-131.76,-73.2,58.56,102.48,-97.6,-9.76,156.16,161.04,73.2,-63.44,-156.16,-136.64
-131.76,-73.2,58.56,102.48,-97.6,-9.76,165.92,165.92,78.08,-63.44,-156.16,-136.64
-141.52,-73.2,68.32,107.36,-107.36,-4.88,165.92,170.8,78.08,-63.44,-165.92,-136.64
-141.52,-73.2,68.32,107.36,-107.36,-4.88,156.16,170.8,82.96,-63.44,-170.8,-136.64
-126.88,-68.32,58.56,97.6,-92.72,-4.88,161.04,175.68,78.08,-63.44,-170.8,-141.52
-136.64,-68.32,68.32,102.48,-102.48,0,165.92,185.44,78.08,-63.44,-175.68,-151.28
-136.64,-68.32,68.32,102.48,-102.48,0,170.8,195.2,78.08,-63.44,-175.68,-161.04
-136.64,-73.2,63.44,107.36,-102.48,-4.88,180.56,200.08,82.96,-63.44,-180.56,-161.04
-146.4,-87.84,58.56,117.12,-102.48,-14.64,190.32,195.2,78.08,-68.32,-200.08,-165.92
-156.16,-87.84,68.32,122,-112.24,-9.76,195.2,200.08,78.08,-82.96,-204.96,-170.8
-156.16,-87.84,68.32,122,-112.24,-9.76,190.32,204.96,78.08,-87.84,-204.96,-170.8
-151.28,-87.84,63.44,122,-107.36,-14.64,190.32,200.08,78.08,-92.72,-204.96,-175.68
-161.04,-92.72,68.32,126.88,-117.12,-14.64,195.2,200.08,78.08,-92.72,-214.72,-180.56
-161.04,-92.72,68.32,126.88,-117.12,-14.64,200.08,204.96,82.96,-92.72,-214.72,-185.44
-161.04,-87.84,73.2,126.88,-117.12,-9.76,209.84,214.72,87.84,-92.72,-214.72,-190.32
-161.04,-87.84,73.2,126.88,-117.12,-9.76,209.84,219.6,87.84,-97.6,-219.6,-195.2
-165.92,-82.96,82.96,126.88,-126.88,0,214.72,214.72,78.08,-112.24,-244,-214.72
-175.68,-87.84,87.84,131.76,-131.76,0,214.72,219.6,78.08,-117.12,-248.88,-224.48
-185.44,-87.84,97.6,136.64,-141.52,4.88,219.6,224.48,78.08,-122,-258.64,-229.36
-190.32,-92.72,97.6,141.52,-146.4,0,224.48,229.36,78.08,-136.64,-268.4,-239.12
-200.08,-102.48,97.6,151.28,-151.28,-4.88,214.72,224.48,63.44,-146.4,-283.04,-248.88
-204.96,-107.36,97.6,156.16,-151.28,-4.88,219.6,224.48,63.44,-146.4,-297.68,-263.52
-209.84,-117.12,92.72,165.92,-151.28,-14.64,224.48,224.48,58.56,-165.92,-317.2,-273.28
-209.84,-122,87.84,165.92,-151.28,-19.52,224.48,224.48,53.68,-180.56,-331.84,-283.04
-204.96,-117.12,87.84,161.04,-146.4,-14.64,219.6,219.6,58.56,-180.56,-331.84,-287.92
-224.48,-122,102.48,175.68,-165.92,-9.76,224.48,219.6,53.68,-185.44,-341.6,-292.8
-229.36,-131.76,97.6,180.56,-165.92,-19.52,229.36,224.48,53.68,-185.44,-346.48,-297.68
-234.24,-131.76,102.48,185.44,-170.8,-14.64,234.24,224.48,43.92,-190.32,-356.24,-297.68
-234.24,-131.76,102.48,185.44,-170.8,-14.64,224.48,214.72,29.28,-200.08,-375.76,-322.08
-248.88,-136.64,112.24,195.2,-180.56,-14.64,224.48,214.72,29.28,-224.48,-395.28,-341.6
-244,-136.64,107.36,190.32,-175.68,-14.64,224.48,224.48,24.4,-229.36,-405.04,-346.48
-239.12,-136.64,102.48,190.32,-170.8,-19.52,229.36,229.36,19.52,-239.12,-409.92,-356.24
-248.88,-131.76,117.12,190.32,-185.44,-9.76,244,229.36,29.28,-239.12,-409.92,-356.24
-258.64,-141.52,117.12,200.08,-190.32,-14.64,248.88,229.36,24.4,-239.12,-424.56,-366
-273.28,-146.4,126.88,209.84,-200.08,-9.76,248.88,229.36,14.64,-239.12,-439.2,-370.88
-283.04,-161.04,122,224.48,-204.96,-19.52,248.88,229.36,14.64,-258.64,-448.96,-370.88
-307.44,-161.04,146.4,234.24,-229.36,-9.76,248.88,219.6,9.76,-263.52,-448.96,-380.64
-278.16,-161.04,117.12,219.6,-200.08,-24.4,253.76,219.6,9.76,-263.52,-453.84,-390.4
-278.16,-161.04,117.12,219.6,-200.08,-24.4,258.64,219.6,9.76,-273.28,-468.48,-395.28
-302.56,-161.04,141.52,234.24,-224.48,-9.76,258.64,209.84,-4.88,-268.4,-478.24,-409.92
-312.32,-170.8,141.52,244,-229.36,-14.64,258.64,214.72,0,-258.64,-468.48,-405.04
-312.32,-170.8,141.52,244,-229.36,-14.64,258.64,219.6,4.88,-268.4,-473.36,-405.04
-312.32,-170.8,141.52,244,-229.36,-14.64,258.64,219.6,14.64,-268.4,-478.24,-405.04
-302.56,-170.8,131.76,239.12,-219.6,-19.52,258.64,219.6,19.52,-263.52,-468.48,-405.04
-278.16,-161.04,117.12,219.6,-200.08,-24.4,268.4,229.36,29.28,-248.88,-458.72,-395.28
-278.16,-161.04,117.12,219.6,-200.08,-24.4,273.28,224.48,29.28,-244,-453.84,-390.4
-283.04,-156.16,126.88,219.6,-204.96,-14.64,273.28,219.6,34.16,-239.12,-453.84,-385.52
-292.8,-146.4,146.4,219.6,-219.6,0,263.52,219.6,34.16,-234.24,-448.96,-380.64
-273.28,-136.64,136.64,204.96,-204.96,0,253.76,219.6,39.04,-224.48,-434.32,-366
-268.4,-136.64,131.76,204.96,-200.08,-4.88,253.76,219.6,43.92,-214.72,-424.56,-356.24
-268.4,-136.64,131.76,204.96,-200.08,-4.88,253.76,224.48,43.92,-204.96,-395.28,-351.36
-258.64,-131.76,126.88,195.2,-195.2,-4.88,244,234.24,53.68,-180.56,-375.76,-336.72
-263.52,-126.88,136.64,195.2,-200.08,4.88,248.88,244,68.32,-170.8,-361.12,-336.72
-263.52,-126.88,136.64,195.2,-200.08,4.88,234.24,248.88,78.08,-151.28,-341.6,-317.2
-263.52,-126.88,136.64,195.2,-200.08,4.88,239.12,248.88,97.6,-136.64,-317.2,-297.68
-263.52,-126.88,136.64,195.2,-200.08,4.88,239.12,239.12,112.24,-122,-307.44,-273.28
-248.88,-122,126.88,185.44,-190.32,0,239.12,239.12,117.12,-102.48,-278.16,-253.76
-229.36,-107.36,122,170.8,-175.68,4.88,234.24,234.24,131.76,-78.08,-248.88,-229.36
-219.6,-92.72,126.88,156.16,-175.68,14.64,229.36,234.24,141.52,-48.8,-219.6,-214.72
-200.08,-82.96,117.12,141.52,-161.04,14.64,224.48,224.48,151.28,-19.52,-195.2,-195.2
-185.44,-68.32,117.12,126.88,-151.28,24.4,214.72,229.36,165.92,-9.76,-170.8,-165.92
-170.8,-53.68,117.12,112.24,-146.4,29.28,195.2,224.48,170.8,4.88,-141.52,-146.4
-146.4,-34.16,112.24,92.72,-131.76,39.04,185.44,214.72,175.68,9.76,-126.88,-126.88
-117.12,-19.52,97.6,68.32,-107.36,39.04,180.56,204.96,180.56,29.28,-102.48,-102.48
-107.36,-9.76,97.6,58.56,-102.48,43.92,180.56,195.2,185.44,43.92,-78.08,-82.96
-102.48,-4.88,97.6,53.68,-102.48,43.92,165.92,190.32,185.44,58.56,-53.68,-68.32
-92.72,-4.88,87.84,48.8,-92.72,39.04,151.28,185.44,185.44,68.32,-29.28,-58.56
-92.72,4.88,97.6,43.92,-97.6,48.8,141.52,185.44,185.44,82.96,-9.76,-43.92
-73.2,9.76,82.96,34.16,-78.08,43.92,136.64,175.68,175.68,92.72,0,-24.4
-48.8,24.4,73.2,14.64,-63.44,48.8,122,165.92,175.68,97.6,19.52,-9.76
-29.28,29.28,58.56,0,-43.92,43.92,112.24,161.04,170.8,102.48,24.4,4.88
-4.88,34.16,39.04,-14.64,-24.4,34.16,107.36,156.16,165.92,97.6,29.28,19.52
-4.88,34.16,39.04,-14.64,-24.4,34.16,87.84,146.4,165.92,97.6,39.04,19.52
4.88,39.04,34.16,-19.52,-14.64,34.16,87.84,131.76,165.92,102.48,48.8,29.28
4.88,43.92,39.04,-24.4,-19.52,39.04,78.08,122,165.92,107.36,53.68,34.16
19.52,48.8,29.28,-34.16,-4.88,39.04,68.32,117.12,156.16,97.6,53.68,39.04
24.4,34.16,9.76,-29.28,4.88,19.52,73.2,107.36,161.04,102.48,68.32,39.04
19.52,34.16,14.64,-24.4,0,24.4,73.2,107.36,161.04,102.48,78.08,48.8
14.64,29.28,14.64,-19.52,0,19.52,73.2,107.36,156.16,102.48,78.08,63.44
0,24.4,24.4,-9.76,-14.64,24.4,68.32,102.48,151.28,102.48,73.2,63.44
19.52,4.88,-14.64,-9.76,14.64,-4.88,39.04,73.2,117.12,92.72,78.08,53.68
39.04,0,-39.04,-19.52,39.04,-19.52,39.04,78.08,117.12,97.6,87.84,68.32
29.28,9.76,-19.52,-19.52,24.4,-4.88,39.04,68.32,126.88,97.6,87.84,68.32
29.28,9.76,-19.52,-19.52,24.4,-4.88,39.04,68.32,126.88,97.6,87.84,68.32
29.28,9.76,-19.52,-19.52,24.4,-4.88,39.04,68.32,126.88,97.6,87.84,68.32
29.28,9.76,-19.52,-19.52,24.4,-4.88,39.04,68.32,126.88,97.6,87.84,68.32
24.4,14.64,-9.76,-19.52,14.64,0,48.8,58.56,117.12,97.6,97.6,78.08
29.28,19.52,-9.76,-24.4,19.52,4.88,48.8,63.44,122,107.36,107.36,78.08
24.4,14.64,-9.76,-19.52,14.64,0,48.8,63.44,122,107.36,107.36,78.08
19.52,19.52,0,-19.52,9.76,9.76,53.68,63.44,122,107.36,107.36,78.08
14.64,24.4,9.76,-19.52,0,14.64,48.8,53.68,117.12,92.72,102.48,73.2
14.64,19.52,4.88,-14.64,4.88,9.76,39.04,39.04,102.48,87.84,97.6,73.2
19.52,14.64,-4.88,-14.64,9.76,4.88,29.28,43.92,107.36,82.96,87.84,68.32
24.4,9.76,-14.64,-14.64,19.52,-4.88,14.64,39.04,102.48,78.08,82.96,68.32
24.4,4.88,-19.52,-14.64,19.52,-9.76,14.64,29.28,102.48,87.84,87.84,78.08
24.4,-4.88,-29.28,-9.76,24.4,-19.52,14.64,29.28,102.48,87.84,87.84,78.08
29.28,4.88,-24.4,-14.64,24.4,-9.76,14.64,34.16,107.36,87.84,87.84,78.08
29.28,9.76,-19.52,-19.52,24.4,-4.88,14.64,34.16,117.12,87.84,97.6,82.96
19.52,19.52,0,-19.52,9.76,9.76,9.76,34.16,107.36,92.72,102.48,92.72
24.4,24.4,0,-24.4,9.76,9.76,9.76,29.28,107.36,97.6,107.36,97.6
24.4,19.52,-4.88,-19.52,14.64,4.88,19.52,29.28,112.24,107.36,117.12,97.6
19.52,24.4,4.88,-19.52,4.88,14.64,19.52,29.28,112.24,112.24,122,97.6
24.4,34.16,9.76,-29.28,4.88,19.52,9.76,24.4,102.48,102.48,107.36,87.84
39.04,43.92,4.88,-39.04,14.64,24.4,9.76,24.4,102.48,102.48,107.36,87.84
29.28,43.92,14.64,-34.16,4.88,29.28,9.76,24.4,102.48,102.48,107.36,87.84
34.16,53.68,19.52,-43.92,4.88,34.16,9.76,24.4,102.48,107.36,107.36,87.84
34.16,48.8,14.64,-39.04,9.76,29.28,9.76,24.4,92.72,97.6,102.48,97.6
39.04,39.04,0,-39.04,19.52,19.52,4.88,24.4,97.6,97.6,102.48,92.72
48.8,29.28,-19.52,-39.04,34.16,4.88,0,24.4,97.6,92.72,92.72,92.72
58.56,24.4,-34.16,-39.04,43.92,-4.88,0,29.28,97.6,92.72,102.48,92.72
63.44,24.4,-39.04,-43.92,48.8,-9.76,-9.76,29.28,97.6,92.72,102.48,87.84
68.32,24.4,-43.92,-43.92,53.68,-9.76,-4.88,24.4,102.48,97.6,102.48,92.72
68.32,24.4,-43.92,-43.92,53.68,-9.76,-4.88,19.52,102.48,97.6,112.24,92.72
73.2,24.4,-48.8,-48.8,58.56,-14.64,-9.76,9.76,102.48,97.6,112.24,92.72
78.08,43.92,-34.16,-58.56,53.68,4.88,0,19.52,102.48,87.84,102.48,87.84
82.96,48.8,-34.16,-63.44,58.56,4.88,-4.88,19.52,97.6,87.84,97.6,82.96
82.96,53.68,-29.28,-68.32,53.68,9.76,-4.88,19.52,97.6,87.84,92.72,78.08
73.2,58.56,-14.64,-63.44,43.92,19.52,-4.88,19.52,92.72,92.72,102.48,78.08
82.96,53.68,-29.28,-68.32,53.68,9.76,-9.76,19.52,82.96,87.84,92.72,78.08
82.96,53.68,-29.28,-68.32,53.68,9.76,-9.76,14.64,82.96,82.96,82.96,78.08
82.96,53.68,-29.28,-68.32,53.68,9.76,-14.64,9.76,82.96,78.08,82.96,78.08
82.96,53.68,-29.28,-68.32,53.68,9.76,-19.52,4.88,82.96,73.2,82.96,73.2
92.72,53.68,-39.04,-73.2,63.44,4.88,-19.52,4.88,78.08,53.68,78.08,58.56
97.6,48.8,-48.8,-73.2,73.2,0,-24.4,4.88,78.08,53.68,73.2,53.68
102.48,39.04,-63.44,-68.32,82.96,-14.64,-24.4,4.88,78.08,58.56,68.32,48.8
107.36,24.4,-82.96,-63.44,92.72,-29.28,-24.4,4.88,78.08,58.56,63.44,43.92
126.88,24.4,-102.48,-73.2,112.24,-39.04,-29.28,-4.88,63.44,43.92,48.8,39.04
141.52,24.4,-117.12,-82.96,126.88,-48.8,-43.92,-4.88,58.56,29.28,34.16,29.28
151.28,24.4,-126.88,-87.84,136.64,-53.68,-39.04,-4.88,53.68,24.4,29.28,24.4
161.04,9.76,-151.28,-82.96,156.16,-73.2,-43.92,-4.88,48.8,24.4,24.4,19.52
180.56,19.52,-161.04,-97.6,170.8,-73.2,-53.68,-19.52,34.16,9.76,14.64,9.76
200.08,29.28,-170.8,-112.24,185.44,-73.2,-53.68,-29.28,29.28,4.88,9.76,4.88
224.48,29.28,-195.2,-126.88,209.84,-82.96,-53.68,-34.16,24.4,0,4.88,4.88
248.88,29.28,-219.6,-136.64,234.24,-97.6,-58.56,-39.04,19.52,0,0,0
307.44,34.16,-273.28,-170.8,287.92,-122,-78.08,-58.56,-9.76,-24.4,-24.4,-24.4
366,34.16,-331.84,-200.08,346.48,-151.28,-87.84,-68.32,-24.4,-58.56,-48.8,-48.8
424.56,39.04,-385.52,-229.36,405.04,-175.68,-92.72,-78.08,-39.04,-73.2,-73.2,-73.2
483.12,39.04,-444.08,-258.64,463.6,-204.96,-102.48,-87.84,-53.68,-97.6,-92.72,-97.6
536.8,34.16,-502.64,-283.04,517.28,-234.24,-126.88,-107.36,-78.08,-122,-117.12,-117.12
590.48,29.28,-561.2,-307.44,575.84,-268.4,-141.52,-126.88,-92.72,-136.64,-131.76,-136.64
634.4,34.16,-600.24,-331.84,614.88,-283.04,-151.28,-146.4,-107.36,-151.28,-146.4,-156.16
668.56,29.28,-639.28,-346.48,653.92,-307.44,-165.92,-165.92,-122,-165.92,-161.04,-175.68
702.72,29.28,-673.44,-366,688.08,-322.08,-175.68,-185.44,-146.4,-190.32,-180.56,-185.44
736.88,24.4,-712.48,-380.64,722.24,-346.48,-190.32,-195.2,-161.04,-204.96,-200.08,-200.08
766.16,29.28,-736.88,-395.28,751.52,-356.24,-200.08,-204.96,-175.68,-224.48,-219.6,-219.6
800.32,39.04,-761.28,-419.68,780.8,-361.12,-209.84,-214.72,-190.32,-239.12,-239.12,-234.24
819.84,29.28,-790.56,-424.56,805.2,-380.64,-214.72,-234.24,-209.84,-258.64,-258.64,-244
834.48,24.4,-810.08,-429.44,819.84,-395.28,-219.6,-239.12,-224.48,-273.28,-273.28,-258.64
839.36,24.4,-814.96,-429.44,824.72,-395.28,-229.36,-244,-234.24,-287.92,-292.8,-283.04
854,19.52,-834.48,-434.32,844.24,-409.92,-239.12,-248.88,-244,-302.56,-307.44,-297.68
868.64,24.4,-844.24,-444.08,854,-409.92,-239.12,-248.88,-244,-297.68,-297.68,-287.92
868.64,24.4,-844.24,-444.08,854,-409.92,-239.12,-248.88,-244,-297.68,-297.68,-287.92
873.52,29.28,-844.24,-448.96,858.88,-409.92,-234.24,-253.76,-244,-297.68,-302.56,-292.8
873.52,29.28,-844.24,-448.96,858.88,-409.92,-234.24,-253.76,-244,-297.68,-307.44,-292.8
829.6,24.4,-805.2,-424.56,814.96,-390.4,-224.48,-244,-234.24,-292.8,-302.56,-287.92
819.84,24.4,-795.44,-419.68,805.2,-385.52,-224.48,-244,-234.24,-287.92,-292.8,-283.04
800.32,29.28,-771.04,-414.8,785.68,-370.88,-224.48,-239.12,-229.36,-283.04,-287.92,-273.28
775.92,29.28,-746.64,-400.16,761.28,-361.12,-224.48,-239.12,-229.36,-278.16,-283.04,-268.4
727.12,29.28,-697.84,-375.76,712.48,-336.72,-209.84,-219.6,-209.84,-263.52,-273.28,-248.88
692.96,29.28,-663.68,-361.12,678.32,-317.2,-195.2,-209.84,-200.08,-253.76,-258.64,-239.12
653.92,29.28,-624.64,-341.6,639.28,-297.68,-180.56,-200.08,-190.32,-239.12,-248.88,-224.48
610,14.64,-595.36,-312.32,600.24,-292.8,-161.04,-190.32,-180.56,-229.36,-239.12,-214.72
546.56,0,-546.56,-273.28,546.56,-273.28,-141.52,-156.16,-141.52,-200.08,-214.72,-195.2
492.88,9.76,-483.12,-248.88,488,-239.12,-117.12,-131.76,-122,-175.68,-185.44,-175.68
429.44,4.88,-424.56,-214.72,424.56,-209.84,-92.72,-112.24,-102.48,-156.16,-175.68,-156.16
361.12,0,-361.12,-180.56,361.12,-180.56,-73.2,-92.72,-82.96,-141.52,-156.16,-136.64
307.44,9.76,-297.68,-156.16,302.56,-146.4,-53.68,-73.2,-68.32,-117.12,-136.64,-112.24
263.52,19.52,-244,-141.52,253.76,-112.24,-43.92,-58.56,-53.68,-102.48,-112.24,-97.6
204.96,29.28,-175.68,-117.12,190.32,-73.2,-34.16,-48.8,-39.04,-87.84,-92.72,-82.96
161.04,34.16,-126.88,-97.6,141.52,-48.8,-24.4,-39.04,-24.4,-73.2,-68.32,-63.44
97.6,24.4,-73.2,-58.56,82.96,-24.4,-24.4,-29.28,-9.76,-48.8,-48.8,-48.8
117.12,14.64,-102.48,-63.44,107.36,-43.92,-14.64,-24.4,-9.76,-43.92,-29.28,-29.28
102.48,14.64,-87.84,-58.56,92.72,-39.04,-14.64,-14.64,0,-43.92,-39.04,-29.28
58.56,-4.88,-63.44,-24.4,58.56,-34.16,0,-9.76,0,-58.56,-48.8,-48.8
39.04,-14.64,-53.68,-9.76,43.92,-34.16,24.4,4.88,14.64,-53.68,-63.44,-58.56
14.64,0,-14.64,-4.88,14.64,-9.76,68.32,43.92,48.8,-9.76,-53.68,-48.8
-48.8,48.8,97.6,0,-73.2,73.2,117.12,87.84,112.24,63.44,0,-9.76
-58.56,117.12,175.68,-29.28,-117.12,146.4,161.04,141.52,175.68,165.92,102.48,58.56
-43.92,165.92,209.84,-58.56,-126.88,185.44,209.84,200.08,248.88,263.52,185.44,117.12
-87.84,180.56,268.4,-43.92,-180.56,224.48,258.64,287.92,366,390.4,263.52,161.04
-117.12,200.08,317.2,-39.04,-219.6,258.64,346.48,424.56,531.92,536.8,385.52,224.48
-112.24,258.64,370.88,-73.2,-244,312.32,453.84,585.6,732,751.52,556.32,331.84
-131.76,326.96,458.72,-97.6,-297.68,390.4,556.32,775.92,985.76,1044.32,790.56,488
-146.4,390.4,536.8,-122,-341.6,463.6,673.44,980.88,1298.08,1395.68,1088.24,678.32
-87.84,439.2,527.04,-175.68,-307.44,483.12,771.04,1190.72,1595.76,1712.88,1385.92,868.64
-4.88,483.12,488,-239.12,-248.88,483.12,873.52,1400.56,1864.16,1976.4,1625.04,1015.04
68.32,522.16,453.84,-292.8,-195.2,488,1005.28,1644.56,2166.72,2259.44,1878.8,1166.32
161.04,575.84,414.8,-366,-126.88,492.88,1137.04,1912.96,2518.08,2610.8,2205.76,1361.52
283.04,634.4,351.36,-458.72,-34.16,492.88,1268.8,2196,2888.96,2986.56,2576.64,1605.52
424.56,688.08,263.52,-556.32,78.08,473.36,1283.44,2337.52,3167.12,3289.12,2937.76,1869.04
629.52,751.52,122,-688.08,253.76,434.32,1049.2,2127.68,3142.72,3391.6,3191.52,2098.4
844.24,844.24,0,-844.24,419.68,419.68,639.28,1546.96,2766.96,3230.56,3313.52,2278.96
1000.4,951.6,-48.8,-976,522.16,448.96,126.88,800.32,2176.48,2908.48,3298.88,2391.2
1083.36,1049.2,-34.16,-1063.84,556.32,507.52,-370.88,0,1424.96,2415.6,3098.8,2391.2
1127.28,1098,-29.28,-1112.64,575.84,531.92,-810.08,-761.28,527.04,1698.24,2659.6,2249.68
1117.52,1029.68,-87.84,-1073.6,600.24,468.48,-1215.12,-1483.52,-468.48,800.32,2049.6,1991.04
1034.56,790.56,-244,-912.56,639.28,273.28,-1595.76,-2137.44,-1478.64,-214.72,1244.4,1551.84
946.72,424.56,-522.16,-683.2,732,-48.8,-1878.8,-2615.68,-2352.16,-1254.16,258.64,888.16
902.8,97.6,-805.2,-497.76,854,-356.24,-2093.52,-2898.72,-2942.64,-2078.88,-649.04,258.64
858.88,-82.96,-941.84,-385.52,897.92,-512.4,-2239.92,-2986.56,-3132.96,-2444.88,-1073.6,-53.68
761.28,-141.52,-902.8,-307.44,829.6,-522.16,-2181.36,-2791.36,-2908.48,-2318,-1102.88,-102.48
634.4,-195.2,-829.6,-219.6,732,-512.4,-1878.8,-2386.32,-2503.44,-2054.48,-1054.08,-151.28
512.4,-253.76,-766.16,-126.88,639.28,-512.4,-1546.96,-1986.16,-2142.32,-1849.52,-1044.32,-234.24
346.48,-244,-590.48,-48.8,468.48,-419.68,-1263.92,-1629.92,-1771.44,-1581.12,-951.6,-244
175.68,-156.16,-331.84,-9.76,253.76,-244,-971.12,-1283.44,-1376.16,-1234.64,-746.64,-170.8
34.16,-73.2,-107.36,19.52,68.32,-92.72,-732,-995.52,-1054.08,-951.6,-600.24,-126.88
-43.92,-43.92,0,43.92,-24.4,-24.4,-585.6,-800.32,-868.64,-805.2,-546.56,-146.4
-68.32,-14.64,53.68,43.92,-63.44,19.52,-453.84,-634.4,-702.72,-678.32,-488,-146.4
-102.48,14.64,117.12,43.92,-112.24,63.44,-331.84,-478.24,-531.92,-546.56,-405.04,-126.88
-161.04,4.88,165.92,78.08,-165.92,82.96,-239.12,-361.12,-409.92,-439.2,-341.6,-122
-185.44,4.88,190.32,92.72,-190.32,97.6,-161.04,-263.52,-322.08,-351.36,-297.68,-122
-165.92,9.76,175.68,78.08,-170.8,92.72,-107.36,-195.2,-234.24,-283.04,-234.24,-102.48
-195.2,-14.64,180.56,107.36,-190.32,82.96,-63.44,-136.64,-175.68,-219.6,-195.2,-87.84
-204.96,-34.16,170.8,122,-190.32,68.32,-24.4,-82.96,-126.88,-195.2,-180.56,-92.72
-165.92,-19.52,146.4,92.72,-156.16,63.44,4.88,-43.92,-78.08,-156.16,-151.28,-87.84
-156.16,-19.52,136.64,87.84,-146.4,58.56,19.52,-14.64,-48.8,-122,-122,-58.56
-180.56,-24.4,156.16,102.48,-170.8,63.44,29.28,-14.64,-34.16,-107.36,-117.12,-53.68
-170.8,-24.4,146.4,97.6,-161.04,58.56,48.8,-4.88,-34.16,-92.72,-107.36,-53.68
-170.8,-14.64,156.16,92.72,-165.92,68.32,63.44,4.88,-24.4,-82.96,-97.6,-48.8
-204.96,-34.16,170.8,122,-190.32,68.32,43.92,4.88,-34.16,-92.72,-122,-58.56
-204.96,-29.28,175.68,117.12,-190.32,73.2,48.8,-4.88,-34.16,-97.6,-122,-63.44
-214.72,-24.4,190.32,122,-204.96,82.96,58.56,0,-29.28,-97.6,-122,-78.08
-204.96,-19.52,185.44,112.24,-195.2,82.96,53.68,4.88,-29.28,-92.72,-122,-82.96
-200.08,-14.64,185.44,107.36,-195.2,82.96,53.68,24.4,-14.64,-78.08,-112.24,-78.08
-185.44,-14.64,170.8,102.48,-180.56,78.08,48.8,29.28,0,-82.96,-97.6,-68.32
-195.2,-14.64,180.56,107.36,-190.32,82.96,48.8,29.28,4.88,-78.08,-97.6,-73.2
-190.32,-19.52,170.8,107.36,-180.56,73.2,58.56,24.4,14.64,-73.2,-92.72,-73.2
-185.44,-24.4,161.04,107.36,-175.68,68.32,63.44,29.28,14.64,-68.32,-87.84,-63.44
-195.2,-19.52,175.68,107.36,-185.44,78.08,68.32,34.16,14.64,-53.68,-78.08,-58.56
-185.44,-9.76,175.68,97.6,-180.56,82.96,73.2,34.16,19.52,-58.56,-82.96,-53.68
-195.2,4.88,200.08,97.6,-200.08,102.48,73.2,39.04,19.52,-53.68,-82.96,-58.56
-195.2,9.76,204.96,92.72,-200.08,107.36,78.08,43.92,19.52,-48.8,-82.96,-58.56
-204.96,9.76,214.72,97.6,-209.84,112.24,82.96,43.92,9.76,-53.68,-87.84,-78.08
-204.96,9.76,214.72,97.6,-209.84,112.24,87.84,43.92,14.64,-53.68,-87.84,-68.32
-204.96,9.76,214.72,97.6,-209.84,112.24,73.2,43.92,14.64,-58.56,-92.72,-63.44
-204.96,9.76,214.72,97.6,-209.84,112.24,87.84,48.8,19.52,-58.56,-97.6,-63.44
-209.84,-14.64,195.2,112.24,-204.96,87.84,102.48,58.56,24.4,-58.56,-78.08,-58.56
-209.84,-19.52,190.32,117.12,-200.08,82.96,102.48,63.44,24.4,-53.68,-78.08,-58.56
-214.72,-19.52,195.2,117.12,-204.96,87.84,107.36,63.44,29.28,-53.68,-87.84,-58.56
-214.72,-24.4,190.32,122,-204.96,82.96,112.24,58.56,34.16,-53.68,-97.6,-58.56
-209.84,-14.64,195.2,112.24,-204.96,87.84,122,68.32,34.16,-53.68,-97.6,-58.56
-209.84,-9.76,200.08,112.24,-204.96,92.72,122,73.2,34.16,-53.68,-97.6,-68.32
-204.96,-9.76,195.2,107.36,-200.08,92.72,122,73.2,34.16,-58.56,-97.6,-73.2
-190.32,-9.76,180.56,102.48,-185.44,82.96,126.88,73.2,34.16,-58.56,-97.6,-73.2
-209.84,0,209.84,107.36,-209.84,102.48,136.64,92.72,43.92,-48.8,-82.96,-68.32
-214.72,0,214.72,107.36,-214.72,107.36,141.52,92.72,48.8,-43.92,-82.96,-63.44
-214.72,-4.88,209.84,112.24,-214.72,102.48,141.52,92.72,53.68,-34.16,-78.08,-58.56
-219.6,-4.88,214.72,112.24,-219.6,102.48,146.4,92.72,58.56,-19.52,-63.44,-48.8
-214.72,0,214.72,107.36,-214.72,107.36,146.4,87.84,53.68,-34.16,-78.08,-58.56
-214.72,-4.88,209.84,112.24,-214.72,102.48,146.4,92.72,48.8,-43.92,-92.72,-63.44
-214.72,-9.76,204.96,112.24,-209.84,97.6,146.4,92.72,43.92,-48.8,-102.48,-73.2
-214.72,-14.64,200.08,117.12,-209.84,92.72,146.4,92.72,43.92,-53.68,-107.36,-78.08
-214.72,-29.28,185.44,122,-200.08,78.08,151.28,107.36,58.56,-34.16,-97.6,-82.96
-214.72,-39.04,175.68,126.88,-195.2,68.32,156.16,112.24,63.44,-29.28,-92.72,-82.96
-209.84,-39.04,170.8,126.88,-190.32,63.44,156.16,117.12,68.32,-24.4,-82.96,-78.08
-209.84,-39.04,170.8,126.88,-190.32,63.44,161.04,122,73.2,-24.4,-78.08,-73.2
-214.72,-34.16,180.56,126.88,-200.08,73.2,156.16,112.24,63.44,-29.28,-82.96,-73.2
-214.72,-29.28,185.44,122,-200.08,78.08,156.16,117.12,68.32,-34.16,-87.84,-73.2
-234.24,-24.4,209.84,131.76,-224.48,92.72,156.16,122,73.2,-39.04,-92.72,-68.32
-244,-14.64,229.36,131.76,-239.12,107.36,161.04,126.88,73.2,-39.04,-97.6,-63.44
-229.36,-19.52,209.84,126.88,-219.6,92.72,165.92,126.88,78.08,-39.04,-97.6,-73.2
-229.36,-19.52,209.84,126.88,-219.6,92.72,165.92,131.76,78.08,-34.16,-97.6,-87.84
-244,-19.52,224.48,131.76,-234.24,102.48,170.8,131.76,78.08,-48.8,-107.36,-92.72
-229.36,-14.64,214.72,122,-224.48,97.6,170.8,131.76,78.08,-53.68,-112.24,-92.72
-229.36,-19.52,209.84,126.88,-219.6,92.72,161.04,146.4,87.84,-43.92,-112.24,-97.6
-229.36,-29.28,200.08,131.76,-214.72,82.96,161.04,146.4,87.84,-48.8,-107.36,-97.6
-224.48,-34.16,190.32,131.76,-209.84,78.08,165.92,146.4,92.72,-43.92,-107.36,-97.6
-224.48,-39.04,185.44,131.76,-204.96,73.2,170.8,151.28,92.72,-34.16,-107.36,-102.48
-234.24,-39.04,195.2,136.64,-214.72,78.08,161.04,151.28,87.84,-39.04,-112.24,-102.48
-239.12,-39.04,200.08,141.52,-219.6,78.08,165.92,156.16,87.84,-39.04,-112.24,-97.6
-239.12,-34.16,204.96,136.64,-224.48,82.96,161.04,156.16,87.84,-39.04,-112.24,-92.72
-234.24,-29.28,204.96,131.76,-219.6,87.84,156.16,156.16,87.84,-39.04,-112.24,-87.84
-224.48,-9.76,214.72,117.12,-219.6,102.48,170.8,175.68,97.6,-39.04,-107.36,-92.72
-229.36,-14.64,214.72,122,-224.48,97.6,175.68,175.68,102.48,-34.16,-107.36,-92.72
-229.36,-14.64,214.72,122,-224.48,97.6,175.68,175.68,102.48,-29.28,-112.24,-97.6
-239.12,-9.76,229.36,126.88,-234.24,107.36,180.56,175.68,107.36,-24.4,-117.12,-112.24
-244,-19.52,224.48,131.76,-234.24,102.48,175.68,180.56,102.48,-29.28,-122,-126.88
-248.88,-24.4,224.48,136.64,-239.12,97.6,185.44,185.44,107.36,-34.16,-126.88,-126.88
-263.52,-29.28,234.24,146.4,-248.88,102.48,185.44,190.32,107.36,-39.04,-141.52,-126.88
-268.4,-34.16,234.24,151.28,-253.76,97.6,175.68,190.32,112.24,-43.92,-151.28,-126.88
-263.52,-43.92,219.6,156.16,-244,87.84,190.32,195.2,122,-39.04,-146.4,-131.76
-273.28,-48.8,224.48,161.04,-248.88,87.84,195.2,204.96,126.88,-34.16,-146.4,-141.52
-273.28,-53.68,219.6,165.92,-248.88,82.96,200.08,214.72,131.76,-29.28,-141.52,-151.28
-273.28,-63.44,209.84,170.8,-244,73.2,209.84,219.6,141.52,-24.4,-141.52,-151.28
-287.92,-63.44,224.48,175.68,-258.64,78.08,214.72,229.36,141.52,-29.28,-165.92,-165.92
-292.8,-58.56,234.24,175.68,-263.52,87.84,224.48,239.12,136.64,-43.92,-175.68,-170.8
-287.92,-53.68,234.24,170.8,-263.52,87.84,224.48,248.88,131.76,-48.8,-180.56,-170.8
-278.16,-48.8,229.36,165.92,-253.76,87.84,229.36,248.88,126.88,-53.68,-185.44,-175.68
-287.92,-68.32,219.6,180.56,-253.76,73.2,239.12,258.64,146.4,-63.44,-200.08,-190.32
-287.92,-73.2,214.72,180.56,-253.76,68.32,248.88,263.52,151.28,-63.44,-204.96,-195.2
-287.92,-73.2,214.72,180.56,-253.76,68.32,263.52,273.28,156.16,-63.44,-209.84,-200.08
-287.92,-78.08,209.84,185.44,-248.88,63.44,268.4,278.16,156.16,-68.32,-219.6,-204.96
-283.04,-82.96,200.08,185.44,-244,58.56,287.92,283.04,151.28,-82.96,-244,-224.48
-292.8,-87.84,204.96,190.32,-248.88,58.56,292.8,287.92,146.4,-87.84,-248.88,-234.24
-302.56,-87.84,214.72,195.2,-258.64,63.44,302.56,292.8,141.52,-92.72,-258.64,-239.12
-307.44,-92.72,214.72,200.08,-263.52,58.56,312.32,297.68,136.64,-107.36,-268.4,-248.88
-317.2,-87.84,229.36,204.96,-273.28,68.32,317.2,297.68,126.88,-102.48,-273.28,-258.64
-322.08,-78.08,244,200.08,-283.04,82.96,326.96,302.56,131.76,-97.6,-287.92,-273.28
-326.96,-73.2,253.76,200.08,-292.8,87.84,336.72,307.44,131.76,-112.24,-307.44,-283.04
-326.96,-63.44,263.52,195.2,-297.68,97.6,341.6,312.32,131.76,-122,-322.08,-292.8
-326.96,-68.32,258.64,200.08,-292.8,92.72,336.72,312.32,112.24,-151.28,-351.36,-312.32
-351.36,-73.2,278.16,214.72,-317.2,102.48,341.6,307.44,102.48,-175.68,-380.64,-331.84
-361.12,-82.96,278.16,224.48,-322.08,97.6,346.48,307.44,97.6,-195.2,-405.04,-351.36
-370.88,-82.96,287.92,229.36,-331.84,102.48,351.36,302.56,82.96,-219.6,-434.32,-366
-385.52,-92.72,292.8,239.12,-341.6,97.6,356.24,312.32,73.2,-224.48,-444.08,-375.76
-405.04,-97.6,307.44,253.76,-356.24,102.48,361.12,312.32,78.08,-234.24,-453.84,-390.4
-405.04,-97.6,307.44,253.76,-356.24,102.48,366,322.08,78.08,-224.48,-453.84,-390.4
-405.04,-97.6,307.44,253.76,-356.24,102.48,375.76,326.96,78.08,-219.6,-448.96,-395.28
-424.56,-112.24,312.32,268.4,-370.88,97.6,370.88,322.08,63.44,-244,-483.12,-424.56
-434.32,-131.76,302.56,283.04,-370.88,82.96,375.76,317.2,53.68,-258.64,-512.4,-444.08
-448.96,-146.4,302.56,297.68,-375.76,78.08,375.76,312.32,39.04,-273.28,-541.68,-458.72
-458.72,-170.8,287.92,317.2,-375.76,58.56,375.76,307.44,34.16,-307.44,-566.08,-468.48
-473.36,-161.04,312.32,317.2,-395.28,73.2,385.52,297.68,19.52,-317.2,-561.2,-478.24
-444.08,-151.28,292.8,297.68,-370.88,68.32,390.4,297.68,19.52,-322.08,-570.96,-488
-444.08,-141.52,302.56,292.8,-375.76,78.08,395.28,297.68,19.52,-336.72,-590.48,-492.88
-468.48,-131.76,336.72,302.56,-405.04,102.48,395.28,287.92,4.88,-336.72,-605.12,-507.52
-473.36,-146.4,326.96,312.32,-400.16,87.84,380.64,278.16,-9.76,-346.48,-605.12,-507.52
-468.48,-151.28,317.2,312.32,-395.28,82.96,375.76,278.16,-14.64,-366,-619.76,-512.4
-463.6,-156.16,307.44,312.32,-385.52,73.2,370.88,273.28,-14.64,-375.76,-634.4,-517.28
-448.96,-161.04,287.92,307.44,-370.88,63.44,366,268.4,-19.52,-380.64,-634.4,-522.16
-444.08,-161.04,283.04,302.56,-366,58.56,361.12,263.52,-24.4,-380.64,-634.4,-517.28
-444.08,-161.04,283.04,302.56,-366,58.56,361.12,253.76,-29.28,-380.64,-629.52,-517.28
-448.96,-156.16,292.8,302.56,-370.88,68.32,356.24,244,-29.28,-380.64,-629.52,-517.28
-458.72,-146.4,312.32,302.56,-385.52,82.96,341.6,239.12,-34.16,-380.64,-624.64,-517.28
-434.32,-141.52,292.8,287.92,-366,73.2,336.72,219.6,-48.8,-370.88,-614.88,-507.52
-424.56,-136.64,287.92,283.04,-356.24,73.2,331.84,209.84,-53.68,-370.88,-610,-492.88
-419.68,-131.76,287.92,278.16,-356.24,78.08,326.96,204.96,-63.44,-370.88,-585.6,-483.12
-405.04,-122,283.04,263.52,-346.48,78.08,312.32,204.96,-63.44,-356.24,-570.96,-463.6
-380.64,-112.24,268.4,248.88,-326.96,78.08,307.44,200.08,-58.56,-356.24,-566.08,-458.72
-370.88,-117.12,253.76,244,-312.32,68.32,283.04,190.32,-58.56,-336.72,-546.56,-444.08
-361.12,-122,239.12,244,-302.56,58.56,278.16,175.68,-48.8,-322.08,-522.16,-429.44
-351.36,-126.88,224.48,239.12,-287.92,48.8,268.4,151.28,-43.92,-307.44,-512.4,-409.92
-346.48,-126.88,219.6,239.12,-283.04,43.92,248.88,146.4,-43.92,-297.68,-478.24,-375.76
-326.96,-117.12,209.84,224.48,-268.4,43.92,234.24,136.64,-34.16,-283.04,-444.08,-346.48
-317.2,-107.36,209.84,214.72,-263.52,48.8,219.6,131.76,-29.28,-263.52,-409.92,-326.96
-297.68,-102.48,195.2,200.08,-248.88,43.92,204.96,117.12,-24.4,-244,-380.64,-302.56
-258.64,-92.72,165.92,175.68,-214.72,34.16,190.32,97.6,-9.76,-209.84,-336.72,-263.52
-239.12,-82.96,156.16,161.04,-200.08,34.16,165.92,87.84,-4.88,-190.32,-297.68,-234.24
-209.84,-68.32,141.52,141.52,-175.68,34.16,151.28,73.2,0,-180.56,-273.28,-204.96
-175.68,-58.56,117.12,117.12,-146.4,29.28,141.52,58.56,4.88,-156.16,-239.12,-170.8
-165.92,-29.28,136.64,97.6,-151.28,53.68,122,53.68,4.88,-141.52,-214.72,-146.4
-161.04,-14.64,146.4,87.84,-156.16,63.44,107.36,43.92,0,-126.88,-190.32,-136.64
-151.28,-4.88,146.4,78.08,-151.28,68.32,92.72,34.16,-4.88,-117.12,-165.92,-131.76
-151.28,14.64,165.92,68.32,-161.04,87.84,82.96,29.28,-9.76,-102.48,-146.4,-122
-146.4,-4.88,141.52,78.08,-146.4,68.32,73.2,29.28,0,-97.6,-126.88,-112.24
-136.64,-14.64,122,78.08,-131.76,53.68,63.44,19.52,0,-87.84,-107.36,-97.6
-131.76,-34.16,97.6,82.96,-117.12,29.28,58.56,14.64,-4.88,-78.08,-102.48,-82.96
-122,-53.68,68.32,87.84,-97.6,4.88,58.56,9.76,-9.76,-78.08,-97.6,-68.32
-107.36,-48.8,58.56,78.08,-82.96,4.88,39.04,0,0,-78.08,-73.2,-53.68
-92.72,-39.04,53.68,68.32,-73.2,4.88,39.04,-14.64,0,-63.44,-58.56,-39.04
-87.84,-29.28,58.56,58.56,-73.2,14.64,29.28,-24.4,0,-48.8,-48.8,-29.28
-68.32,-19.52,48.8,43.92,-58.56,14.64,19.52,-29.28,-9.76,-48.8,-43.92,-19.52
-58.56,-19.52,39.04,39.04,-48.8,9.76,19.52,-24.4,0,-24.4,-14.64,-19.52
-58.56,-14.64,43.92,39.04,-53.68,14.64,24.4,-19.52,4.88,-24.4,0,-9.76
-58.56,-14.64,43.92,39.04,-53.68,14.64,29.28,-14.64,4.88,-24.4,4.88,4.88
-68.32,-14.64,53.68,43.92,-63.44,19.52,29.28,-14.64,4.88,-24.4,4.88,4.88
-68.32,-19.52,48.8,43.92,-58.56,14.64,39.04,-14.64,9.76,-24.4,14.64,14.64
-68.32,-24.4,43.92,48.8,-58.56,9.76,24.4,-14.64,9.76,-4.88,29.28,19.52
-68.32,-24.4,43.92,48.8,-58.56,9.76,19.52,-14.64,14.64,0,29.28,29.28
-68.32,-24.4,43.92,48.8,-58.56,9.76,14.64,-24.4,19.52,9.76,39.04,39.04
-68.32,-19.52,48.8,43.92,-58.56,14.64,19.52,-24.4,19.52,19.52,43.92,43.92
-58.56,-14.64,43.92,39.04,-53.68,14.64,24.4,-24.4,19.52,19.52,48.8,43.92
-53.68,-9.76,43.92,34.16,-48.8,14.64,29.28,-19.52,19.52,19.52,43.92,43.92
-53.68,-9.76,43.92,34.16,-48.8,14.64,48.8,-19.52,24.4,24.4,48.8,43.92
-53.68,-4.88,48.8,29.28,-53.68,19.52,39.04,-19.52,34.16,39.04,58.56,48.8
-53.68,9.76,63.44,24.4,-58.56,34.16,39.04,-9.76,29.28,39.04,73.2,63.44
-48.8,19.52,68.32,14.64,-58.56,43.92,34.16,-9.76,29.28,43.92,82.96,73.2
-34.16,24.4,58.56,4.88,-48.8,39.04,24.4,-14.64,34.16,53.68,87.84,78.08
-39.04,9.76,48.8,14.64,-43.92,29.28,29.28,-9.76,43.92,43.92,78.08,73.2
-48.8,4.88,53.68,24.4,-53.68,29.28,39.04,-4.88,43.92,53.68,78.08,68.32
-73.2,0,73.2,39.04,-73.2,34.16,43.92,0,48.8,58.56,78.08,63.44
-73.2,-4.88,68.32,39.04,-73.2,29.28,53.68,9.76,53.68,58.56,73.2,53.68
-78.08,-9.76,68.32,43.92,-73.2,29.28,48.8,4.88,43.92,58.56,82.96,63.44
-73.2,-9.76,63.44,43.92,-68.32,24.4,53.68,4.88,53.68,63.44,97.6,78.08
-73.2,-9.76,63.44,43.92,-68.32,24.4,53.68,14.64,53.68,63.44,97.6,78.08
-73.2,-14.64,58.56,43.92,-68.32,19.52,53.68,4.88,48.8,63.44,97.6,78.08
-68.32,0,68.32,34.16,-68.32,34.16,48.8,-4.88,53.68,63.44,107.36,87.84
-78.08,0,78.08,39.04,-78.08,39.04,48.8,-4.88,48.8,63.44,102.48,87.84
-82.96,0,82.96,43.92,-82.96,39.04,43.92,-9.76,43.92,63.44,87.84,87.84
-82.96,0,82.96,43.92,-82.96,39.04,39.04,-9.76,43.92,68.32,87.84,87.84
-73.2,14.64,87.84,29.28,-82.96,48.8,39.04,-9.76,48.8,78.08,92.72,78.08
-78.08,14.64,92.72,34.16,-87.84,53.68,39.04,-4.88,53.68,78.08,92.72,78.08
-78.08,19.52,97.6,29.28,-87.84,58.56,39.04,-4.88,53.68,78.08,92.72,73.2
-78.08,34.16,112.24,24.4,-97.6,73.2,39.04,-4.88,53.68,82.96,97.6,73.2
-68.32,24.4,92.72,24.4,-82.96,58.56,39.04,0,68.32,78.08,97.6,82.96
-73.2,19.52,92.72,29.28,-82.96,53.68,39.04,0,68.32,78.08,102.48,87.84
-78.08,19.52,97.6,29.28,-87.84,58.56,48.8,4.88,68.32,78.08,107.36,97.6
-78.08,19.52,97.6,29.28,-87.84,58.56,39.04,4.88,68.32,78.08,122,107.36
-87.84,4.88,92.72,43.92,-92.72,48.8,39.04,4.88,68.32,87.84,122,107.36
-87.84,9.76,97.6,39.04,-92.72,53.68,48.8,9.76,73.2,87.84,122,102.48
-87.84,14.64,102.48,39.04,-97.6,58.56,58.56,24.4,78.08,92.72,117.12,97.6
-82.96,9.76,92.72,39.04,-87.84,48.8,58.56,29.28,82.96,92.72,107.36,92.72
-78.08,4.88,82.96,39.04,-82.96,43.92,53.68,19.52,87.84,92.72,107.36,82.96
-82.96,0,82.96,43.92,-82.96,39.04,48.8,19.52,87.84,92.72,112.24,82.96
-78.08,-14.64,63.44,48.8,-73.2,24.4,43.92,19.52,87.84,92.72,112.24,82.96
-68.32,-19.52,48.8,43.92,-58.56,14.64,43.92,29.28,82.96,87.84,112.24,82.96
-68.32,-9.76,58.56,39.04,-63.44,24.4,58.56,34.16,87.84,102.48,117.12,87.84
-63.44,-4.88,58.56,34.16,-63.44,24.4,58.56,34.16,97.6,102.48,117.12,102.48
-63.44,0,63.44,34.16,-63.44,29.28,53.68,34.16,102.48,102.48,117.12,92.72
-63.44,4.88,68.32,29.28,-68.32,34.16,48.8,39.04,107.36,107.36,107.36,92.72
-68.32,9.76,78.08,29.28,-73.2,43.92,48.8,43.92,112.24,126.88,112.24,97.6
-82.96,9.76,92.72,39.04,-87.84,48.8,48.8,43.92,112.24,126.88,122,92.72
-87.84,9.76,97.6,39.04,-92.72,53.68,48.8,43.92,112.24,122,126.88,92.72
-92.72,9.76,102.48,43.92,-97.6,53.68,39.04,39.04,107.36,112.24,136.64,82.96
-97.6,-4.88,92.72,53.68,-97.6,43.92,48.8,43.92,97.6,92.72,131.76,87.84
-82.96,-19.52,63.44,53.68,-73.2,19.52,53.68,48.8,97.6,92.72,126.88,87.84
-92.72,-34.16,58.56,63.44,-78.08,9.76,58.56,53.68,97.6,92.72,117.12,87.84
-107.36,-53.68,53.68,82.96,-82.96,0,63.44,58.56,97.6,92.72,112.24,87.84
-107.36,-53.68,53.68,82.96,-82.96,0,53.68,48.8,97.6,97.6,122,87.84
-112.24,-53.68,58.56,82.96,-87.84,0,48.8,43.92,92.72,97.6,122,87.84
-107.36,-53.68,53.68,82.96,-82.96,0,48.8,39.04,92.72,97.6,122,82.96
-97.6,-53.68,43.92,78.08,-73.2,-4.88,53.68,34.16,92.72,97.6,117.12,78.08
-78.08,-39.04,39.04,58.56,-58.56,0,43.92,34.16,82.96,92.72,122,78.08
-78.08,-24.4,53.68,53.68,-68.32,14.64,39.04,34.16,87.84,102.48,117.12,82.96
-73.2,-14.64,58.56,43.92,-68.32,19.52,39.04,34.16,87.84,102.48,117.12,87.84
-58.56,-9.76,48.8,34.16,-53.68,19.52,39.04,29.28,82.96,97.6,117.12,92.72
-63.44,-19.52,43.92,43.92,-53.68,9.76,34.16,24.4,82.96,73.2,102.48,92.72
-78.08,-9.76,68.32,43.92,-73.2,29.28,34.16,24.4,78.08,73.2,107.36,87.84
-102.48,-19.52,82.96,63.44,-92.72,29.28,34.16,24.4,73.2,73.2,102.48,82.96
-97.6,-19.52,78.08,58.56,-87.84,29.28,34.16,24.4,73.2,73.2,97.6,78.08
-87.84,-34.16,53.68,63.44,-73.2,9.76,29.28,9.76,68.32,82.96,97.6,87.84
-87.84,-43.92,43.92,68.32,-68.32,0,24.4,9.76,68.32,78.08,97.6,82.96
-87.84,-58.56,29.28,73.2,-58.56,-14.64,24.4,9.76,68.32,73.2,97.6,78.08
-87.84,-48.8,39.04,68.32,-63.44,-4.88,24.4,4.88,68.32,68.32,102.48,78.08
-107.36,-29.28,78.08,68.32,-92.72,24.4,34.16,9.76,68.32,87.84,122,92.72
-107.36,-14.64,92.72,63.44,-102.48,39.04,34.16,4.88,68.32,87.84,122,97.6
-102.48,-9.76,92.72,58.56,-97.6,39.04,24.4,0,68.32,92.72,126.88,102.48
-102.48,4.88,107.36,48.8,-107.36,53.68,19.52,0,68.32,102.48,136.64,112.24
-112.24,0,112.24,58.56,-112.24,53.68,14.64,0,68.32,82.96,126.88,97.6
-117.12,-14.64,102.48,68.32,-112.24,43.92,14.64,0,73.2,78.08,122,97.6
-117.12,-19.52,97.6,68.32,-107.36,39.04,19.52,0,73.2,78.08,112.24,92.72
-112.24,-24.4,87.84,68.32,-102.48,29.28,19.52,0,73.2,73.2,107.36,97.6
-117.12,-34.16,82.96,78.08,-102.48,24.4,19.52,-9.76,68.32,73.2,102.48,92.72
-122,-39.04,82.96,82.96,-102.48,19.52,19.52,-9.76,58.56,82.96,107.36,92.72
-131.76,-39.04,92.72,87.84,-112.24,24.4,19.52,-9.76,53.68,73.2,107.36,87.84
-136.64,-39.04,97.6,87.84,-117.12,29.28,14.64,-14.64,48.8,73.2,107.36,92.72
-126.88,-48.8,78.08,87.84,-102.48,14.64,19.52,-14.64,58.56,73.2,102.48,87.84
-126.88,-53.68,73.2,92.72,-102.48,9.76,19.52,-14.64,58.56,73.2,107.36,87.84
-126.88,-58.56,68.32,92.72,-97.6,4.88,24.4,-9.76,58.56,63.44,112.24,92.72
-136.64,-63.44,73.2,102.48,-107.36,4.88,24.4,-4.88,63.44,58.56,117.12,92.72
-122,-24.4,97.6,73.2,-112.24,34.16,43.92,4.88,73.2,107.36,156.16,131.76
-92.72,24.4,117.12,34.16,-107.36,68.32,48.8,4.88,73.2,122,161.04,131.76
-117.12,58.56,175.68,29.28,-146.4,117.12,39.04,-9.76,58.56,117.12,156.16,117.12
-126.88,43.92,170.8,43.92,-151.28,107.36,29.28,-9.76,53.68,102.48,136.64,107.36
-126.88,29.28,156.16,48.8,-141.52,92.72,29.28,-9.76,48.8,87.84,126.88,97.6
-126.88,14.64,141.52,58.56,-136.64,78.08,29.28,-9.76,43.92,73.2,117.12,87.84
-126.88,0,126.88,63.44,-126.88,63.44,29.28,-9.76,39.04,58.56,107.36,78.08
-126.88,-24.4,102.48,78.08,-117.12,39.04,43.92,-4.88,43.92,63.44,112.24,92.72
-117.12,-39.04,78.08,78.08,-97.6,19.52,48.8,4.88,53.68,78.08,126.88,97.6
-117.12,-63.44,53.68,92.72,-87.84,-4.88,53.68,9.76,58.56,82.96,131.76,102.48
-117.12,-78.08,39.04,97.6,-78.08,-19.52,63.44,14.64,63.44,87.84,136.64,107.36
-131.76,-53.68,78.08,92.72,-107.36,9.76,78.08,9.76,63.44,78.08,126.88,102.48
-131.76,-48.8,82.96,92.72,-107.36,14.64,78.08,0,53.68,78.08,126.88,102.48
-126.88,-43.92,82.96,87.84,-107.36,19.52,78.08,9.76,63.44,78.08,122,97.6
-122,-39.04,82.96,82.96,-102.48,19.52,73.2,9.76,63.44,78.08,122,97.6
-122,-29.28,92.72,78.08,-107.36,29.28,73.2,14.64,63.44,92.72,136.64,107.36
-122,-34.16,87.84,78.08,-107.36,24.4,73.2,19.52,63.44,97.6,136.64,107.36
-117.12,-19.52,97.6,68.32,-107.36,39.04,73.2,29.28,68.32,102.48,136.64,107.36
-117.12,-9.76,107.36,63.44,-112.24,48.8,73.2,34.16,78.08,107.36,146.4,112.24
-126.88,-19.52,107.36,73.2,-117.12,43.92,68.32,24.4,78.08,117.12,151.28,122
-122,-24.4,97.6,73.2,-112.24,34.16,68.32,19.52,78.08,117.12,156.16,126.88
-122,-39.04,82.96,82.96,-102.48,19.52,78.08,19.52,82.96,122,165.92,126.88
-126.88,-43.92,82.96,87.84,-107.36,19.52,78.08,19.52,82.96,122,170.8,126.88
-122,-43.92,78.08,82.96,-102.48,14.64,73.2,4.88,78.08,112.24,156.16,122
-107.36,-34.16,73.2,73.2,-92.72,19.52,68.32,4.88,73.2,102.48,146.4,117.12
-117.12,-34.16,82.96,78.08,-102.48,24.4,63.44,4.88,68.32,92.72,136.64,112.24
-112.24,-24.4,87.84,68.32,-102.48,29.28,58.56,4.88,63.44,87.84,126.88,107.36
-126.88,-29.28,97.6,78.08,-112.24,34.16,58.56,4.88,63.44,87.84,141.52,117.12
-126.88,-39.04,87.84,82.96,-107.36,24.4,53.68,4.88,68.32,87.84,141.52,112.24
-122,-48.8,73.2,87.84,-97.6,9.76,48.8,4.88,68.32,82.96,131.76,112.24
-117.12,-53.68,63.44,87.84,-92.72,4.88,48.8,9.76,68.32,82.96,141.52,112.24
-122,-48.8,73.2,87.84,-97.6,9.76,53.68,4.88,68.32,87.84,151.28,126.88
-126.88,-43.92,82.96,87.84,-107.36,19.52,63.44,4.88,73.2,97.6,151.28,131.76
-136.64,-39.04,97.6,87.84,-117.12,29.28,68.32,4.88,73.2,102.48,161.04,131.76
-141.52,-34.16,107.36,87.84,-126.88,34.16,68.32,0,73.2,107.36,161.04,131.76
-122,-29.28,92.72,78.08,-107.36,29.28,63.44,0,63.44,92.72,151.28,126.88
-112.24,-29.28,82.96,73.2,-97.6,24.4,53.68,0,58.56,87.84,146.4,122
-107.36,-29.28,78.08,68.32,-92.72,24.4,48.8,0,58.56,82.96,141.52,117.12
-112.24,-29.28,82.96,73.2,-97.6,24.4,43.92,0,53.68,82.96,151.28,117.12
-117.12,-39.04,78.08,78.08,-97.6,19.52,58.56,9.76,63.44,97.6,161.04,117.12
-122,-43.92,78.08,82.96,-102.48,14.64,58.56,4.88,63.44,102.48,151.28,117.12
-126.88,-48.8,78.08,87.84,-102.48,14.64,53.68,0,63.44,107.36,151.28,117.12
-131.76,-53.68,78.08,92.72,-107.36,9.76,48.8,-4.88,63.44,112.24,151.28,112.24
-131.76,-43.92,87.84,87.84,-112.24,19.52,58.56,4.88,58.56,97.6,151.28,122
-126.88,-39.04,87.84,82.96,-107.36,24.4,53.68,4.88,58.56,92.72,151.28,122
-122,-39.04,82.96,82.96,-102.48,19.52,53.68,4.88,58.56,92.72,151.28,122
-117.12,-43.92,73.2,82.96,-97.6,14.64,53.68,4.88,58.56,87.84,151.28,122
-126.88,-34.16,92.72,82.96,-112.24,29.28,43.92,0,53.68,78.08,146.4,112.24
-122,-34.16,87.84,78.08,-107.36,24.4,34.16,-4.88,48.8,68.32,131.76,107.36
-122,-34.16,87.84,78.08,-107.36,24.4,43.92,-9.76,43.92,68.32,126.88,107.36
-122,-48.8,73.2,87.84,-97.6,9.76,43.92,-14.64,39.04,73.2,122,107.36
-122,-29.28,92.72,78.08,-107.36,29.28,48.8,-4.88,43.92,78.08,131.76,122
-122,-19.52,102.48,73.2,-112.24,39.04,53.68,-9.76,48.8,82.96,136.64,122
-117.12,-19.52,97.6,68.32,-107.36,39.04,58.56,-9.76,53.68,87.84,141.52,126.88
-112.24,-19.52,92.72,68.32,-102.48,34.16,58.56,-9.76,58.56,97.6,146.4,126.88
-122,-29.28,92.72,78.08,-107.36,29.28,48.8,-19.52,53.68,97.6,156.16,126.88
-122,-34.16,87.84,78.08,-107.36,24.4,48.8,-19.52,53.68,87.84,156.16,126.88
-122,-34.16,87.84,78.08,-107.36,24.4,53.68,-19.52,53.68,97.6,156.16,126.88
-122,-39.04,82.96,82.96,-102.48,19.52,53.68,-19.52,53.68,97.6,161.04,126.88
-122,-19.52,102.48,73.2,-112.24,39.04,39.04,-24.4,48.8,87.84,151.28,126.88
-112.24,-9.76,102.48,63.44,-107.36,43.92,34.16,-29.28,43.92,87.84,151.28,126.88
-112.24,9.76,122,53.68,-117.12,63.44,34.16,-34.16,39.04,87.84,151.28,126.88
-122,19.52,141.52,53.68,-131.76,78.08,29.28,-39.04,34.16,87.84,151.28,126.88
-131.76,9.76,141.52,63.44,-136.64,73.2,24.4,-48.8,24.4,78.08,146.4,131.76
-131.76,-4.88,126.88,68.32,-131.76,58.56,14.64,-48.8,24.4,78.08,141.52,131.76
-136.64,-9.76,126.88,73.2,-131.76,58.56,9.76,-48.8,24.4,73.2,136.64,126.88
-136.64,-9.76,126.88,73.2,-131.76,58.56,4.88,-48.8,24.4,73.2,131.76,126.88
-117.12,-4.88,112.24,63.44,-117.12,53.68,4.88,-53.68,29.28,82.96,141.52,136.64
-112.24,-4.88,107.36,58.56,-112.24,48.8,4.88,-53.68,29.28,87.84,146.4,141.52
-117.12,0,117.12,58.56,-117.12,58.56,0,-53.68,34.16,92.72,146.4,136.64
-112.24,0,112.24,58.56,-112.24,53.68,-4.88,-53.68,39.04,97.6,151.28,141.52
-117.12,4.88,122,58.56,-122,63.44,-4.88,-43.92,39.04,102.48,156.16,151.28
-117.12,4.88,122,58.56,-122,63.44,-4.88,-43.92,39.04,102.48,161.04,151.28
-112.24,9.76,122,53.68,-117.12,63.44,0,-48.8,39.04,102.48,161.04,146.4
-112.24,9.76,122,53.68,-117.12,63.44,0,-48.8,39.04,102.48,161.04,146.4
-131.76,0,131.76,68.32,-131.76,63.44,0,-48.8,39.04,92.72,151.28,146.4
-126.88,-4.88,122,68.32,-126.88,58.56,0,-48.8,39.04,92.72,156.16,146.4
-131.76,-4.88,126.88,68.32,-131.76,58.56,0,-43.92,43.92,92.72,156.16,151.28
-141.52,-9.76,131.76,78.08,-136.64,58.56,0,-43.92,43.92,92.72,156.16,151.28
-136.64,-19.52,117.12,78.08,-126.88,48.8,4.88,-43.92,43.92,87.84,156.16,141.52
-126.88,-19.52,107.36,73.2,-117.12,43.92,9.76,-43.92,43.92,87.84,161.04,141.52
-122,-19.52,102.48,73.2,-112.24,39.04,14.64,-43.92,43.92,92.72,161.04,146.4
-122,-34.16,87.84,78.08,-107.36,24.4,24.4,-43.92,43.92,92.72,161.04,146.4
-117.12,-43.92,73.2,82.96,-97.6,14.64,34.16,-29.28,53.68,92.72,161.04,136.64
-102.48,-29.28,73.2,68.32,-87.84,19.52,39.04,-24.4,53.68,97.6,165.92,136.64
-97.6,-29.28,68.32,63.44,-82.96,19.52,43.92,-24.4,53.68,97.6,151.28,136.64
-97.6,-29.28,68.32,63.44,-82.96,19.52,43.92,-24.4,53.68,92.72,146.4,136.64
-97.6,-39.04,58.56,68.32,-78.08,9.76,34.16,-24.4,53.68,92.72,156.16,136.64
-97.6,-39.04,58.56,68.32,-78.08,9.76,34.16,-19.52,53.68,92.72,161.04,136.64
-112.24,-39.04,73.2,78.08,-92.72,14.64,34.16,-19.52,53.68,92.72,161.04,136.64
-112.24,-43.92,68.32,78.08,-92.72,9.76,34.16,-19.52,53.68,92.72,165.92,141.52
-87.84,-34.16,53.68,63.44,-73.2,9.76,43.92,-9.76,58.56,126.88,175.68,136.64
-97.6,-14.64,82.96,58.56,-92.72,34.16,43.92,-4.88,58.56,131.76,175.68,136.64
-112.24,-14.64,97.6,63.44,-107.36,39.04,43.92,4.88,68.32,112.24,146.4,117.12
-117.12,-24.4,92.72,73.2,-107.36,34.16,87.84,39.04,97.6,136.64,156.16,117.12
-126.88,-4.88,122,68.32,-126.88,58.56,141.52,112.24,161.04,190.32,180.56,136.64
-151.28,19.52,170.8,68.32,-161.04,92.72,204.96,170.8,234.24,253.76,219.6,165.92
-165.92,48.8,214.72,58.56,-190.32,131.76,244,214.72,287.92,326.96,273.28,195.2
-175.68,68.32,244,53.68,-209.84,156.16,297.68,287.92,370.88,419.68,326.96,214.72
-200.08,107.36,307.44,48.8,-253.76,204.96,375.76,395.28,492.88,517.28,380.64,224.48
-185.44,161.04,346.48,14.64,-268.4,253.76,463.6,512.4,629.52,644.16,448.96,258.64
-165.92,209.84,375.76,-19.52,-273.28,292.8,551.44,639.28,795.44,819.84,590.48,341.6
-209.84,239.12,448.96,-14.64,-331.84,341.6,629.52,790.56,985.76,1044.32,780.8,468.48
-209.84,278.16,488,-34.16,-351.36,380.64,692.96,932.08,1200.48,1298.08,1024.8,634.4
-107.36,331.84,439.2,-112.24,-273.28,385.52,761.28,1078.48,1424.96,1571.36,1302.96,824.72
0,380.64,380.64,-190.32,-190.32,380.64,839.36,1239.52,1673.84,1869.04,1620.16,1024.8
73.2,434.32,361.12,-253.76,-146.4,395.28,932.08,1468.88,2030.08,2278.96,2015.44,1268.8
185.44,502.64,317.2,-341.6,-68.32,409.92,1044.32,1732.4,2420.48,2718.16,2444.88,1537.2
336.72,575.84,239.12,-453.84,48.8,405.04,1127.28,1942.24,2742.56,3079.28,2830.4,1790.96
468.48,614.88,146.4,-541.68,161.04,380.64,1171.2,2127.68,3045.12,3396.48,3201.28,2044.72
668.56,649.04,-19.52,-658.8,341.6,312.32,1127.28,2230.16,3274.48,3650.24,3542.88,2318
883.28,712.48,-170.8,-795.44,527.04,268.4,922.32,2039.84,3211.04,3684.4,3757.6,2547.36
1029.68,795.44,-234.24,-912.56,629.52,278.16,551.44,1468.88,2757.2,3435.52,3791.76,2698.64
1078.48,873.52,-204.96,-976,639.28,331.84,97.6,673.44,1991.04,2976.8,3591.68,2693.76
1083.36,932.08,-151.28,-1005.28,614.88,390.4,-341.6,-117.12,1132.16,2337.52,3186.64,2557.12
1029.68,902.8,-126.88,-966.24,575.84,385.52,-663.68,-741.76,292.8,1571.36,2620.56,2308.24
912.56,746.64,-165.92,-829.6,536.8,287.92,-902.8,-1288.32,-634.4,575.84,1786.08,1844.64
790.56,429.44,-361.12,-610,575.84,34.16,-1166.32,-1854.4,-1644.56,-614.88,629.52,1112.64
673.44,92.72,-580.72,-380.64,624.64,-244,-1439.6,-2342.4,-2498.56,-1703.12,-483.12,370.88
551.44,-68.32,-619.76,-239.12,585.6,-346.48,-1644.56,-2625.44,-2962.16,-2303.36,-1088.24,-53.68
458.72,-82.96,-541.68,-185.44,497.76,-312.32,-1703.12,-2625.44,-2967.04,-2357.04,-1220,-161.04
400.16,-112.24,-512.4,-141.52,453.84,-312.32,-1683.6,-2469.28,-2723.04,-2171.6,-1200.48,-200.08
341.6,-175.68,-517.28,-82.96,429.44,-346.48,-1625.04,-2278.96,-2464.4,-2034.96,-1210.24,-297.68
200.08,-224.48,-424.56,14.64,312.32,-326.96,-1381.04,-1937.36,-2113.04,-1820.24,-1151.68,-351.36
34.16,-224.48,-258.64,97.6,146.4,-244,-1010.16,-1473.76,-1654.32,-1483.52,-971.12,-302.56
-58.56,-204.96,-146.4,131.76,43.92,-175.68,-766.16,-1146.8,-1298.08,-1205.36,-814.96,-258.64
-73.2,-170.8,-97.6,122,9.76,-136.64,-653.92,-985.76,-1102.88,-1039.44,-736.88,-283.04
-82.96,-122,-39.04,102.48,-24.4,-82.96,-527.04,-829.6,-917.44,-873.52,-644.16,-263.52
-87.84,-73.2,14.64,82.96,-53.68,-29.28,-385.52,-634.4,-712.48,-688.08,-517.28,-204.96
-82.96,-24.4,58.56,53.68,-73.2,14.64,-283.04,-488,-551.44,-546.56,-434.32,-175.68
-92.72,-24.4,68.32,58.56,-82.96,19.52,-200.08,-380.64,-439.2,-448.96,-361.12,-161.04
-97.6,-43.92,53.68,73.2,-78.08,4.88,-122,-273.28,-341.6,-361.12,-297.68,-141.52
-107.36,-29.28,78.08,68.32,-92.72,24.4,-58.56,-195.2,-253.76,-283.04,-234.24,-122
-107.36,-24.4,82.96,68.32,-97.6,29.28,-24.4,-136.64,-195.2,-239.12,-195.2,-97.6
-87.84,-43.92,43.92,68.32,-68.32,0,-14.64,-112.24,-146.4,-195.2,-170.8,-92.72
-97.6,-48.8,48.8,73.2,-73.2,0,-4.88,-92.72,-117.12,-175.68,-141.52,-78.08
-117.12,-68.32,48.8,92.72,-82.96,-9.76,0,-82.96,-97.6,-151.28,-131.76,-68.32
-141.52,-73.2,68.32,107.36,-107.36,-4.88,9.76,-73.2,-82.96,-117.12,-107.36,-53.68
-141.52,-63.44,78.08,102.48,-112.24,4.88,9.76,-73.2,-82.96,-102.48,-97.6,-43.92
-141.52,-43.92,97.6,92.72,-122,24.4,14.64,-73.2,-92.72,-131.76,-126.88,-68.32
-126.88,-34.16,92.72,82.96,-112.24,29.28,14.64,-63.44,-92.72,-141.52,-151.28,-78.08
-126.88,-48.8,78.08,87.84,-102.48,14.64,14.64,-53.68,-78.08,-122,-141.52,-73.2
-136.64,-53.68,82.96,97.6,-112.24,14.64,29.28,-48.8,-68.32,-117.12,-131.76,-78.08
-126.88,-58.56,68.32,92.72,-97.6,4.88,29.28,-43.92,-63.44,-107.36,-122,-73.2
-122,-63.44,58.56,92.72,-92.72,-4.88,34.16,-24.4,-43.92,-87.84,-102.48,-58.56
-112.24,-53.68,58.56,82.96,-87.84,0,29.28,-24.4,-39.04,-92.72,-87.84,-48.8
-117.12,-43.92,73.2,82.96,-97.6,14.64,29.28,-19.52,-34.16,-87.84,-87.84,-53.68
-107.36,-39.04,68.32,73.2,-87.84,14.64,39.04,-19.52,-24.4,-82.96,-82.96,-53.68
-97.6,-34.16,63.44,68.32,-82.96,14.64,43.92,-9.76,-24.4,-78.08,-78.08,-43.92
-102.48,-48.8,53.68,78.08,-78.08,0,34.16,-9.76,-29.28,-78.08,-87.84,-53.68
-97.6,-48.8,48.8,73.2,-73.2,0,34.16,-14.64,-29.28,-87.84,-92.72,-53.68
-112.24,-43.92,68.32,78.08,-92.72,9.76,29.28,-14.64,-34.16,-87.84,-92.72,-63.44
-117.12,-48.8,68.32,82.96,-92.72,9.76,29.28,-14.64,-39.04,-87.84,-92.72,-68.32
-107.36,-58.56,48.8,82.96,-78.08,-4.88,43.92,-4.88,-39.04,-87.84,-92.72,-78.08
-107.36,-58.56,48.8,82.96,-78.08,-4.88,48.8,-4.88,-34.16,-82.96,-87.84,-68.32
-107.36,-58.56,48.8,82.96,-78.08,-4.88,34.16,-4.88,-34.16,-82.96,-87.84,-63.44
-107.36,-58.56,48.8,82.96,-78.08,-4.88,48.8,0,-29.28,-78.08,-87.84,-63.44
-102.48,-73.2,29.28,87.84,-68.32,-24.4,43.92,0,-19.52,-87.84,-78.08,-58.56
-102.48,-78.08,24.4,92.72,-63.44,-29.28,43.92,4.88,-24.4,-82.96,-78.08,-58.56
-107.36,-78.08,29.28,92.72,-68.32,-24.4,48.8,4.88,-24.4,-82.96,-87.84,-58.56
-107.36,-82.96,24.4,97.6,-68.32,-29.28,53.68,0,-24.4,-82.96,-97.6,-58.56
-122,-92.72,29.28,107.36,-78.08,-34.16,58.56,14.64,-19.52,-78.08,-92.72,-48.8
-122,-87.84,34.16,107.36,-78.08,-29.28,63.44,24.4,-14.64,-73.2,-87.84,-58.56
-117.12,-87.84,29.28,102.48,-73.2,-29.28,68.32,29.28,-9.76,-73.2,-82.96,-63.44
-102.48,-87.84,14.64,97.6,-58.56,-39.04,78.08,34.16,-4.88,-68.32,-78.08,-63.44
-112.24,-82.96,29.28,97.6,-73.2,-29.28,78.08,43.92,9.76,-58.56,-87.84,-63.44
-117.12,-78.08,39.04,97.6,-78.08,-19.52,82.96,43.92,9.76,-63.44,-92.72,-63.44
-117.12,-78.08,39.04,97.6,-78.08,-19.52,82.96,43.92,9.76,-63.44,-92.72,-63.44
-122,-73.2,48.8,97.6,-87.84,-14.64,87.84,43.92,9.76,-58.56,-82.96,-58.56
-126.88,-63.44,63.44,97.6,-97.6,0,97.6,48.8,0,-58.56,-73.2,-63.44
-126.88,-63.44,63.44,97.6,-97.6,0,97.6,53.68,0,-63.44,-82.96,-63.44
-126.88,-63.44,63.44,97.6,-97.6,0,97.6,53.68,0,-63.44,-87.84,-68.32
-126.88,-63.44,63.44,97.6,-97.6,0,97.6,53.68,4.88,-63.44,-87.84,-68.32
-136.64,-78.08,58.56,107.36,-97.6,-9.76,97.6,53.68,4.88,-58.56,-92.72,-68.32
-136.64,-87.84,48.8,112.24,-92.72,-19.52,97.6,53.68,4.88,-58.56,-92.72,-73.2
-131.76,-87.84,43.92,112.24,-87.84,-24.4,92.72,53.68,4.88,-58.56,-87.84,-73.2
-131.76,-87.84,43.92,112.24,-87.84,-24.4,92.72,53.68,4.88,-63.44,-87.84,-73.2
-136.64,-87.84,48.8,112.24,-92.72,-19.52,97.6,63.44,14.64,-63.44,-87.84,-73.2
-136.64,-87.84,48.8,112.24,-92.72,-19.52,97.6,68.32,19.52,-63.44,-87.84,-73.2
-156.16,-87.84,68.32,122,-112.24,-9.76,97.6,73.2,24.4,-63.44,-87.84,-68.32
-165.92,-82.96,82.96,126.88,-126.88,0,102.48,78.08,24.4,-58.56,-87.84,-63.44
-136.64,-63.44,73.2,102.48,-107.36,4.88,107.36,78.08,29.28,-34.16,-82.96,-53.68
-131.76,-58.56,73.2,97.6,-102.48,4.88,107.36,82.96,29.28,-24.4,-78.08,-68.32
-141.52,-53.68,87.84,97.6,-117.12,14.64,112.24,82.96,29.28,-34.16,-82.96,-73.2
-122,-43.92,78.08,82.96,-102.48,14.64,112.24,82.96,29.28,-34.16,-82.96,-73.2
-122,-58.56,63.44,92.72,-92.72,0,107.36,82.96,19.52,-48.8,-87.84,-68.32
-131.76,-68.32,63.44,102.48,-97.6,-4.88,102.48,78.08,19.52,-58.56,-87.84,-68.32
-136.64,-73.2,63.44,107.36,-102.48,-4.88,102.48,73.2,24.4,-58.56,-92.72,-68.32
-146.4,-78.08,68.32,112.24,-107.36,-4.88,102.48,73.2,24.4,-53.68,-97.6,-73.2
-180.56,-92.72,87.84,136.64,-136.64,-4.88,97.6,68.32,39.04,-39.04,-97.6,-68.32
-190.32,-97.6,92.72,146.4,-141.52,-4.88,107.36,78.08,39.04,-39.04,-92.72,-68.32
-195.2,-97.6,97.6,146.4,-146.4,0,107.36,82.96,39.04,-39.04,-87.84,-68.32
-195.2,-97.6,97.6,146.4,-146.4,0,107.36,87.84,39.04,-39.04,-82.96,-68.32
-180.56,-63.44,117.12,122,-151.28,24.4,126.88,107.36,48.8,-34.16,-78.08,-68.32
-180.56,-63.44,117.12,122,-151.28,24.4,126.88,107.36,53.68,-34.16,-78.08,-63.44
-175.68,-58.56,117.12,117.12,-146.4,29.28,122,107.36,53.68,-34.16,-82.96,-63.44
-180.56,-48.8,131.76,117.12,-156.16,39.04,122,107.36,58.56,-34.16,-87.84,-73.2
-170.8,-53.68,117.12,112.24,-146.4,29.28,136.64,122,63.44,-34.16,-97.6,-78.08
-170.8,-53.68,117.12,112.24,-146.4,29.28,146.4,126.88,68.32,-34.16,-97.6,-78.08
-180.56,-53.68,126.88,117.12,-156.16,34.16,146.4,131.76,68.32,-34.16,-107.36,-78.08
-180.56,-53.68,126.88,117.12,-156.16,34.16,136.64,131.76,73.2,-34.16,-112.24,-78.08
-180.56,-48.8,131.76,117.12,-156.16,39.04,146.4,131.76,68.32,-34.16,-112.24,-82.96
-195.2,-48.8,146.4,122,-170.8,48.8,146.4,136.64,68.32,-34.16,-117.12,-92.72
-200.08,-48.8,151.28,126.88,-175.68,48.8,146.4,141.52,68.32,-34.16,-117.12,-102.48
-204.96,-53.68,151.28,131.76,-180.56,48.8,151.28,141.52,73.2,-34.16,-122,-102.48
-209.84,-48.8,161.04,131.76,-185.44,53.68,161.04,151.28,87.84,-34.16,-131.76,-107.36
-214.72,-48.8,165.92,131.76,-190.32,58.56,165.92,161.04,87.84,-43.92,-136.64,-112.24
-209.84,-48.8,161.04,131.76,-185.44,53.68,161.04,170.8,87.84,-43.92,-136.64,-112.24
-200.08,-48.8,151.28,126.88,-175.68,48.8,161.04,170.8,87.84,-43.92,-136.64,-117.12
-214.72,-63.44,151.28,141.52,-185.44,43.92,175.68,180.56,97.6,-43.92,-146.4,-122
-219.6,-63.44,156.16,141.52,-190.32,43.92,180.56,185.44,102.48,-43.92,-146.4,-126.88
-224.48,-58.56,165.92,141.52,-195.2,53.68,190.32,195.2,107.36,-43.92,-146.4,-131.76
-229.36,-58.56,170.8,146.4,-200.08,53.68,190.32,200.08,107.36,-48.8,-151.28,-136.64
-224.48,-53.68,170.8,141.52,-200.08,58.56,195.2,204.96,107.36,-53.68,-175.68,-146.4
-234.24,-58.56,175.68,146.4,-204.96,58.56,195.2,209.84,107.36,-58.56,-180.56,-156.16
-244,-58.56,185.44,151.28,-214.72,63.44,200.08,214.72,107.36,-63.44,-190.32,-161.04
-248.88,-63.44,185.44,156.16,-219.6,58.56,204.96,219.6,107.36,-78.08,-200.08,-170.8
-239.12,-68.32,170.8,156.16,-204.96,48.8,204.96,214.72,107.36,-68.32,-204.96,-170.8
-244,-68.32,175.68,156.16,-209.84,53.68,209.84,224.48,112.24,-68.32,-219.6,-185.44
-248.88,-73.2,175.68,161.04,-214.72,48.8,214.72,234.24,112.24,-87.84,-239.12,-195.2
-248.88,-73.2,175.68,161.04,-214.72,48.8,214.72,244,112.24,-102.48,-253.76,-204.96
-248.88,-78.08,170.8,165.92,-209.84,43.92,219.6,248.88,117.12,-97.6,-253.76,-214.72
-263.52,-82.96,180.56,175.68,-224.48,48.8,224.48,248.88,112.24,-107.36,-263.52,-224.48
-263.52,-92.72,170.8,180.56,-219.6,39.04,229.36,253.76,112.24,-112.24,-268.4,-234.24
-263.52,-92.72,170.8,180.56,-219.6,39.04,234.24,253.76,102.48,-122,-278.16,-239.12
-273.28,-102.48,170.8,190.32,-224.48,34.16,234.24,263.52,102.48,-126.88,-287.92,-253.76
-287.92,-107.36,180.56,200.08,-234.24,34.16,234.24,263.52,107.36,-146.4,-307.44,-273.28
-283.04,-107.36,175.68,195.2,-229.36,34.16,234.24,273.28,107.36,-146.4,-317.2,-278.16
-278.16,-107.36,170.8,195.2,-224.48,29.28,239.12,278.16,107.36,-151.28,-322.08,-287.92
-287.92,-122,165.92,204.96,-229.36,19.52,253.76,283.04,117.12,-161.04,-326.96,-297.68
-297.68,-131.76,165.92,214.72,-234.24,14.64,258.64,287.92,112.24,-161.04,-346.48,-317.2
-312.32,-136.64,175.68,224.48,-244,19.52,258.64,292.8,102.48,-161.04,-366,-331.84
-322.08,-151.28,170.8,239.12,-248.88,9.76,258.64,297.68,102.48,-180.56,-380.64,-341.6
-336.72,-161.04,175.68,248.88,-258.64,4.88,258.64,297.68,102.48,-175.68,-380.64,-341.6
-307.44,-161.04,146.4,234.24,-229.36,-9.76,263.52,297.68,107.36,-175.68,-385.52,-351.36
-307.44,-161.04,146.4,234.24,-229.36,-9.76,268.4,297.68,112.24,-185.44,-400.16,-356.24
-331.84,-161.04,170.8,248.88,-253.76,4.88,268.4,287.92,102.48,-180.56,-409.92,-370.88
-336.72,-161.04,175.68,248.88,-258.64,4.88,258.64,283.04,92.72,-175.68,-395.28,-375.76
-331.84,-161.04,170.8,248.88,-253.76,4.88,258.64,287.92,92.72,-190.32,-405.04,-375.76
-326.96,-161.04,165.92,244,-248.88,0,258.64,287.92,97.6,-195.2,-414.8,-375.76
-312.32,-161.04,151.28,239.12,-234.24,-4.88,258.64,287.92,97.6,-195.2,-409.92,-375.76
-302.56,-170.8,131.76,239.12,-219.6,-19.52,268.4,292.8,97.6,-190.32,-405.04,-366
-307.44,-170.8,136.64,239.12,-224.48,-19.52,273.28,283.04,97.6,-185.44,-395.28,-361.12
-317.2,-165.92,151.28,244,-234.24,-9.76,273.28,273.28,102.48,-180.56,-390.4,-356.24
-331.84,-156.16,175.68,244,-253.76,9.76,263.52,268.4,102.48,-175.68,-380.64,-351.36
-322.08,-161.04,161.04,244,-244,0,258.64,268.4,112.24,-170.8,-370.88,-346.48
-317.2,-165.92,151.28,244,-234.24,-9.76,253.76,268.4,112.24,-165.92,-366,-336.72
-317.2,-170.8,146.4,244,-234.24,-14.64,248.88,273.28,107.36,-161.04,-341.6,-331.84
-307.44,-170.8,136.64,239.12,-224.48,-19.52,234.24,283.04,112.24,-141.52,-326.96,-317.2
-302.56,-151.28,151.28,229.36,-229.36,0,239.12,278.16,122,-122,-307.44,-292.8
-302.56,-146.4,156.16,224.48,-229.36,4.88,224.48,278.16,126.88,-102.48,-283.04,-268.4
-302.56,-141.52,161.04,224.48,-234.24,9.76,229.36,273.28,141.52,-87.84,-253.76,-244
-302.56,-136.64,165.92,219.6,-234.24,14.64,229.36,258.64,151.28,-73.2,-239.12,-214.72
-292.8,-136.64,156.16,214.72,-224.48,9.76,214.72,244,151.28,-63.44,-219.6,-204.96
-268.4,-126.88,141.52,200.08,-204.96,4.88,204.96,234.24,161.04,-48.8,-190.32,-180.56
-253.76,-117.12,136.64,185.44,-195.2,9.76,195.2,229.36,165.92,-29.28,-161.04,-165.92
-229.36,-112.24,117.12,170.8,-175.68,0,185.44,214.72,170.8,-9.76,-136.64,-146.4
-224.48,-112.24,112.24,170.8,-170.8,0,180.56,214.72,161.04,-4.88,-117.12,-122
-219.6,-102.48,117.12,161.04,-170.8,4.88,156.16,204.96,161.04,4.88,-92.72,-107.36
-204.96,-87.84,117.12,146.4,-161.04,14.64,141.52,190.32,161.04,4.88,-82.96,-92.72
-185.44,-78.08,107.36,131.76,-146.4,14.64,131.76,175.68,161.04,19.52,-63.44,-73.2
-175.68,-73.2,102.48,126.88,-141.52,14.64,112.24,161.04,161.04,29.28,-48.8,-48.8
-170.8,-63.44,107.36,117.12,-141.52,19.52,97.6,151.28,156.16,39.04,-24.4,-29.28
-161.04,-58.56,102.48,112.24,-131.76,19.52,82.96,141.52,151.28,43.92,0,-14.64
-161.04,-43.92,117.12,102.48,-141.52,34.16,73.2,136.64,146.4,53.68,19.52,4.88
-151.28,-34.16,117.12,92.72,-136.64,39.04,73.2,126.88,146.4,63.44,24.4,9.76
-136.64,-24.4,112.24,82.96,-126.88,43.92,63.44,117.12,146.4,68.32,39.04,19.52
-126.88,-24.4,102.48,78.08,-117.12,39.04,58.56,112.24,141.52,73.2,39.04,29.28
-112.24,-24.4,87.84,68.32,-102.48,29.28,58.56,107.36,136.64,68.32,39.04,39.04
-122,-19.52,102.48,73.2,-112.24,39.04,39.04,97.6,126.88,63.44,43.92,34.16
-122,-19.52,102.48,73.2,-112.24,39.04,39.04,82.96,126.88,73.2,58.56,48.8
-131.76,-19.52,112.24,78.08,-122,43.92,29.28,73.2,126.88,82.96,68.32,58.56
-126.88,-19.52,107.36,73.2,-117.12,43.92,19.52,68.32,117.12,78.08,73.2,68.32
-97.6,-9.76,87.84,53.68,-92.72,39.04,24.4,58.56,122,82.96,87.84,73.2
-97.6,-4.88,92.72,53.68,-97.6,43.92,24.4,58.56,122,82.96,97.6,78.08
-97.6,-4.88,92.72,53.68,-97.6,43.92,24.4,58.56,117.12,82.96,97.6,87.84
-107.36,-4.88,102.48,58.56,-107.36,48.8,19.52,53.68,112.24,82.96,92.72,82.96
-87.84,4.88,92.72,43.92,-92.72,48.8,9.76,48.8,102.48,78.08,102.48,73.2
-87.84,4.88,92.72,43.92,-92.72,48.8,-4.88,43.92,97.6,92.72,117.12,78.08
-87.84,9.76,97.6,39.04,-92.72,53.68,-9.76,39.04,97.6,92.72,117.12,87.84
-87.84,14.64,102.48,39.04,-97.6,58.56,-14.64,24.4,97.6,97.6,126.88,97.6
-102.48,14.64,117.12,43.92,-112.24,63.44,-4.88,34.16,97.6,87.84,117.12,92.72
-97.6,14.64,112.24,43.92,-107.36,63.44,-4.88,34.16,97.6,87.84,117.12,92.72
-97.6,14.64,112.24,43.92,-107.36,63.44,-4.88,39.04,97.6,87.84,107.36,92.72
-102.48,9.76,112.24,48.8,-107.36,58.56,9.76,39.04,102.48,92.72,107.36,92.72
-82.96,0,82.96,43.92,-82.96,39.04,-4.88,29.28,92.72,73.2,102.48,82.96
-82.96,-9.76,73.2,48.8,-78.08,29.28,-9.76,19.52,87.84,68.32,92.72,73.2
-78.08,-4.88,73.2,43.92,-78.08,34.16,-9.76,19.52,87.84,68.32,97.6,87.84
-78.08,0,78.08,39.04,-78.08,39.04,-9.76,29.28,97.6,78.08,117.12,97.6
-82.96,0,82.96,43.92,-82.96,39.04,-9.76,39.04,97.6,87.84,126.88,107.36
-87.84,0,87.84,43.92,-87.84,43.92,-9.76,39.04,97.6,87.84,126.88,107.36
-92.72,0,92.72,48.8,-92.72,43.92,-9.76,39.04,97.6,87.84,126.88,107.36
-97.6,0,97.6,48.8,-97.6,48.8,-9.76,39.04,97.6,87.84,126.88,107.36
-107.36,0,107.36,53.68,-107.36,53.68,-19.52,24.4,92.72,82.96,112.24,102.48
-97.6,0,97.6,48.8,-97.6,48.8,-19.52,24.4,92.72,87.84,117.12,97.6
-97.6,-9.76,87.84,53.68,-92.72,39.04,-19.52,19.52,87.84,82.96,112.24,92.72
-97.6,-9.76,87.84,53.68,-92.72,39.04,-14.64,14.64,82.96,78.08,107.36,87.84
-92.72,-9.76,82.96,53.68,-87.84,34.16,-19.52,19.52,92.72,78.08,117.12,92.72
-92.72,-9.76,82.96,53.68,-87.84,34.16,-19.52,9.76,82.96,78.08,117.12,92.72
-87.84,-9.76,78.08,48.8,-82.96,34.16,-19.52,19.52,92.72,78.08,112.24,87.84
-82.96,-9.76,73.2,48.8,-78.08,29.28,-24.4,19.52,92.72,78.08,112.24,87.84
-92.72,-4.88,87.84,48.8,-92.72,39.04,-14.64,19.52,97.6,78.08,107.36,87.84
-92.72,-14.64,78.08,53.68,-87.84,29.28,-14.64,19.52,92.72,78.08,107.36,87.84
-87.84,-4.88,82.96,48.8,-87.84,39.04,-14.64,24.4,92.72,78.08,107.36,87.84
-87.84,0,87.84,43.92,-87.84,43.92,-14.64,24.4,97.6,78.08,117.12,92.72
-78.08,19.52,97.6,29.28,-87.84,58.56,-14.64,29.28,107.36,82.96,107.36,92.72
-73.2,24.4,97.6,24.4,-87.84,58.56,-9.76,29.28,107.36,87.84,107.36,97.6
-73.2,19.52,92.72,29.28,-82.96,53.68,4.88,34.16,112.24,97.6,112.24,97.6
-78.08,24.4,102.48,29.28,-92.72,63.44,9.76,39.04,112.24,102.48,112.24,97.6
-82.96,9.76,92.72,39.04,-87.84,48.8,9.76,43.92,102.48,92.72,107.36,97.6
-78.08,14.64,92.72,34.16,-87.84,53.68,9.76,43.92,102.48,92.72,107.36,97.6
-97.6,9.76,107.36,43.92,-102.48,58.56,9.76,43.92,102.48,92.72,107.36,97.6
-102.48,14.64,117.12,43.92,-112.24,63.44,9.76,43.92,102.48,97.6,107.36,97.6
-107.36,24.4,131.76,43.92,-122,78.08,14.64,53.68,112.24,97.6,112.24,97.6
-107.36,19.52,126.88,43.92,-117.12,73.2,14.64,53.68,117.12,97.6,112.24,92.72
-102.48,14.64,117.12,43.92,-112.24,63.44,14.64,53.68,117.12,92.72,102.48,92.72
-97.6,14.64,112.24,43.92,-107.36,63.44,19.52,58.56,117.12,92.72,112.24,92.72
-97.6,4.88,102.48,48.8,-102.48,53.68,29.28,53.68,117.12,87.84,107.36,92.72
-97.6,4.88,102.48,48.8,-102.48,53.68,34.16,53.68,122,87.84,102.48,92.72
-102.48,4.88,107.36,48.8,-107.36,53.68,34.16,53.68,122,82.96,107.36,87.84
-102.48,4.88,107.36,48.8,-107.36,53.68,29.28,48.8,122,78.08,102.48,82.96
-107.36,0,107.36,53.68,-107.36,53.68,19.52,58.56,112.24,87.84,87.84,82.96
-102.48,0,102.48,53.68,-102.48,48.8,14.64,58.56,107.36,87.84,87.84,82.96
-102.48,0,102.48,53.68,-102.48,48.8,14.64,58.56,107.36,87.84,87.84,82.96
-112.24,0,112.24,58.56,-112.24,53.68,14.64,58.56,102.48,92.72,102.48,87.84
-112.24,4.88,117.12,53.68,-117.12,58.56,9.76,58.56,112.24,87.84,92.72,78.08
-112.24,4.88,117.12,53.68,-117.12,58.56,9.76,53.68,112.24,82.96,82.96,78.08
-112.24,4.88,117.12,53.68,-117.12,58.56,4.88,48.8,112.24,78.08,82.96,78.08
-112.24,4.88,117.12,53.68,-117.12,58.56,0,43.92,112.24,73.2,82.96,73.2
-122,9.76,131.76,58.56,-126.88,68.32,-4.88,34.16,97.6,53.68,78.08,68.32
-126.88,9.76,136.64,58.56,-131.76,73.2,-14.64,34.16,97.6,53.68,73.2,63.44
-131.76,4.88,136.64,63.44,-136.64,68.32,-19.52,34.16,97.6,58.56,68.32,58.56
-136.64,-4.88,131.76,73.2,-136.64,63.44,-24.4,34.16,97.6,58.56,63.44,53.68
-136.64,4.88,141.52,68.32,-141.52,73.2,-14.64,43.92,97.6,58.56,73.2,63.44
-131.76,4.88,136.64,63.44,-136.64,68.32,-24.4,43.92,97.6,48.8,63.44,58.56
-131.76,4.88,136.64,63.44,-136.64,68.32,-14.64,43.92,97.6,48.8,63.44,58.56
-131.76,-9.76,122,73.2,-126.88,53.68,-14.64,43.92,97.6,53.68,63.44,58.56
-141.52,0,141.52,73.2,-141.52,68.32,-24.4,34.16,97.6,53.68,58.56,53.68
-141.52,9.76,151.28,68.32,-146.4,78.08,-24.4,29.28,97.6,53.68,58.56,53.68
-136.64,9.76,146.4,63.44,-141.52,78.08,-24.4,29.28,97.6,53.68,58.56,58.56
-131.76,9.76,141.52,63.44,-136.64,73.2,-29.28,29.28,97.6,58.56,58.56,58.56
-122,19.52,141.52,53.68,-131.76,78.08,-19.52,39.04,102.48,58.56,58.56,68.32
-122,24.4,146.4,48.8,-136.64,82.96,-19.52,39.04,102.48,48.8,58.56,68.32
-122,34.16,156.16,43.92,-141.52,92.72,-14.64,39.04,102.48,58.56,58.56,68.32
-122,39.04,161.04,43.92,-141.52,97.6,-14.64,39.04,102.48,58.56,63.44,68.32
-112.24,39.04,151.28,39.04,-131.76,92.72,-24.4,39.04,112.24,68.32,63.44,68.32
-102.48,39.04,141.52,34.16,-122,87.84,-24.4,39.04,112.24,68.32,63.44,68.32
-102.48,48.8,151.28,29.28,-126.88,97.6,-19.52,39.04,112.24,68.32,63.44,68.32
-112.24,48.8,161.04,34.16,-136.64,102.48,-19.52,39.04,112.24,68.32,63.44,68.32
-126.88,34.16,161.04,48.8,-146.4,97.6,-29.28,39.04,102.48,68.32,63.44,73.2
-131.76,24.4,156.16,53.68,-146.4,87.84,-34.16,39.04,102.48,68.32,63.44,73.2
-141.52,24.4,165.92,58.56,-156.16,92.72,-34.16,39.04,102.48,63.44,63.44,68.32
-146.4,29.28,175.68,58.56,-161.04,102.48,-34.16,39.04,102.48,63.44,63.44,68.32
-131.76,29.28,161.04,53.68,-146.4,92.72,-34.16,34.16,102.48,63.44,68.32,73.2
-122,24.4,146.4,48.8,-136.64,82.96,-34.16,34.16,97.6,58.56,68.32,73.2
-122,24.4,146.4,48.8,-136.64,82.96,-39.04,34.16,97.6,53.68,63.44,63.44
-112.24,19.52,131.76,48.8,-122,73.2,-43.92,34.16,97.6,48.8,63.44,63.44
-107.36,14.64,122,48.8,-117.12,68.32,-43.92,24.4,97.6,53.68,73.2,73.2
-107.36,14.64,122,48.8,-117.12,68.32,-43.92,24.4,97.6,53.68,73.2,73.2
-102.48,19.52,122,43.92,-112.24,68.32,-39.04,19.52,97.6,53.68,68.32,68.32
-102.48,19.52,122,43.92,-112.24,68.32,-39.04,19.52,97.6,53.68,63.44,68.32
-126.88,4.88,131.76,63.44,-131.76,68.32,-29.28,29.28,97.6,53.68,53.68,58.56
-117.12,4.88,122,58.56,-122,63.44,-29.28,29.28,97.6,53.68,58.56,58.56
-117.12,9.76,126.88,53.68,-122,68.32,-29.28,34.16,102.48,53.68,58.56,63.44
-122,9.76,131.76,58.56,-126.88,68.32,-29.28,34.16,102.48,53.68,58.56,63.44
-122,9.76,131.76,58.56,-126.88,68.32,-29.28,34.16,102.48,58.56,68.32,63.44
-117.12,9.76,126.88,53.68,-122,68.32,-29.28,34.16,102.48,58.56,73.2,63.44
-117.12,9.76,126.88,53.68,-122,68.32,-29.28,34.16,102.48,63.44,73.2,68.32
-122,-4.88,117.12,63.44,-122,53.68,-24.4,34.16,102.48,63.44,73.2,68.32
-131.76,-14.64,117.12,73.2,-126.88,48.8,-29.28,34.16,107.36,63.44,78.08,68.32
-122,0,122,63.44,-122,58.56,-29.28,34.16,102.48,68.32,87.84,68.32
-122,0,122,63.44,-122,58.56,-29.28,29.28,97.6,68.32,78.08,68.32
-126.88,0,126.88,63.44,-126.88,63.44,-34.16,24.4,92.72,63.44,78.08,68.32
-117.12,4.88,122,58.56,-122,63.44,-34.16,24.4,102.48,63.44,78.08,78.08
-117.12,9.76,126.88,53.68,-122,68.32,-34.16,29.28,102.48,63.44,82.96,78.08
-131.76,14.64,146.4,58.56,-141.52,78.08,-34.16,29.28,102.48,63.44,82.96,78.08
-131.76,14.64,146.4,58.56,-141.52,78.08,-34.16,29.28,102.48,63.44,87.84,82.96
-136.64,4.88,141.52,68.32,-141.52,73.2,-24.4,29.28,107.36,78.08,87.84,87.84
-97.6,24.4,122,39.04,-112.24,73.2,-24.4,24.4,107.36,82.96,97.6,97.6
-112.24,24.4,136.64,43.92,-126.88,78.08,-34.16,24.4,107.36,82.96,87.84,78.08
-136.64,24.4,161.04,58.56,-151.28,92.72,-9.76,39.04,117.12,87.84,87.84,78.08
-136.64,43.92,180.56,48.8,-161.04,112.24,24.4,63.44,131.76,112.24,92.72,87.84
-180.56,48.8,229.36,68.32,-204.96,136.64,58.56,92.72,156.16,126.88,92.72,87.84
-214.72,58.56,273.28,78.08,-244,165.92,87.84,126.88,190.32,161.04,117.12,97.6
-204.96,107.36,312.32,48.8,-258.64,209.84,122,170.8,234.24,234.24,190.32,146.4
-200.08,165.92,366,19.52,-283.04,263.52,161.04,219.6,307.44,322.08,253.76,195.2
-224.48,180.56,405.04,24.4,-317.2,292.8,229.36,317.2,424.56,429.44,322.08,229.36
-234.24,200.08,434.32,19.52,-336.72,317.2,317.2,444.08,561.2,566.08,414.8,273.28
-229.36,268.4,497.76,-19.52,-366,380.64,424.56,595.36,761.28,771.04,575.84,380.64
-219.6,366,585.6,-73.2,-405.04,473.36,536.8,775.92,1005.28,1024.8,790.56,517.28
-195.2,429.44,624.64,-117.12,-409.92,527.04,644.16,971.12,1268.8,1337.12,1049.2,688.08
-126.88,468.48,595.36,-170.8,-361.12,531.92,751.52,1180.96,1556.72,1654.32,1346.88,878.4
-63.44,502.64,566.08,-219.6,-317.2,531.92,863.76,1420.08,1864.16,1976.4,1644.56,1063.84
19.52,522.16,502.64,-268.4,-244,512.4,985.76,1673.84,2196,2327.76,1966.64,1254.16
122,575.84,453.84,-346.48,-165.92,512.4,1127.28,1942.24,2586.4,2737.68,2342.4,1478.64
253.76,634.4,380.64,-444.08,-63.44,507.52,1249.28,2215.52,2986.56,3152.48,2742.56,1732.4
424.56,707.6,283.04,-566.08,68.32,492.88,1215.12,2298.48,3264.72,3494.08,3132.96,1995.92
649.04,790.56,141.52,-717.36,253.76,463.6,941.84,2020.32,3230.56,3625.84,3435.52,2244.8
844.24,883.28,39.04,-863.76,400.16,458.72,502.64,1429.84,2874.32,3503.84,3577.04,2435.12
971.12,1010.16,39.04,-990.64,463.6,522.16,0,683.2,2293.6,3220.8,3601.44,2576.64
1034.56,1088.24,53.68,-1058.96,488,570.96,-478.24,-117.12,1512.8,2737.68,3420.88,2586.4
1039.44,1098,58.56,-1068.72,488,575.84,-917.44,-868.64,575.84,1991.04,2971.92,2435.12
1029.68,1029.68,0,-1029.68,512.4,512.4,-1351.76,-1590.88,-439.2,1054.08,2342.4,2166.72
976,819.84,-156.16,-897.92,566.08,331.84,-1761.68,-2254.56,-1478.64,-29.28,1517.68,1727.52
907.68,463.6,-444.08,-683.2,673.44,9.76,-2054.48,-2732.8,-2391.2,-1166.32,453.84,1054.08
863.76,87.84,-775.92,-473.36,819.84,-346.48,-2269.2,-2996.32,-3010.96,-2088.64,-522.16,385.52
839.36,-92.72,-932.08,-370.88,883.28,-512.4,-2376.56,-3045.12,-3191.52,-2464.4,-976,43.92
771.04,-112.24,-883.28,-326.96,824.72,-497.76,-2230.16,-2791.36,-2908.48,-2318,-995.52,-4.88
614.88,-165.92,-780.8,-224.48,697.84,-473.36,-1888.56,-2366.8,-2483.92,-2064.24,-985.76,-73.2
463.6,-234.24,-697.84,-112.24,580.72,-468.48,-1566.48,-1986.16,-2142.32,-1878.8,-1015.04,-195.2
317.2,-214.72,-531.92,-48.8,424.56,-375.76,-1293.2,-1629.92,-1771.44,-1610.4,-932.08,-214.72
146.4,-117.12,-263.52,-14.64,204.96,-190.32,-1010.16,-1273.68,-1366.4,-1263.92,-746.64,-141.52
4.88,-34.16,-39.04,14.64,19.52,-39.04,-790.56,-1015.04,-1063.84,-990.64,-600.24,-107.36
-63.44,-24.4,39.04,43.92,-53.68,4.88,-653.92,-839.36,-888.16,-844.24,-546.56,-126.88
-87.84,-34.16,53.68,63.44,-73.2,9.76,-522.16,-663.68,-722.24,-727.12,-497.76,-146.4
-122,-14.64,107.36,68.32,-117.12,43.92,-390.4,-507.52,-551.44,-585.6,-424.56,-136.64
-151.28,4.88,156.16,73.2,-156.16,78.08,-307.44,-390.4,-419.68,-478.24,-370.88,-131.76
-165.92,14.64,180.56,78.08,-175.68,97.6,-219.6,-283.04,-312.32,-390.4,-317.2,-131.76
-185.44,9.76,195.2,87.84,-190.32,102.48,-156.16,-204.96,-224.48,-312.32,-273.28,-122
-204.96,-4.88,200.08,107.36,-204.96,97.6,-112.24,-146.4,-156.16,-248.88,-234.24,-117.12
-204.96,14.64,219.6,97.6,-214.72,117.12,-63.44,-82.96,-87.84,-185.44,-190.32,-92.72
-185.44,9.76,195.2,87.84,-190.32,102.48,-14.64,-24.4,-29.28,-136.64,-151.28,-68.32
-204.96,-9.76,195.2,107.36,-200.08,92.72,-19.52,-14.64,-19.52,-122,-131.76,-58.56
-209.84,-14.64,195.2,112.24,-204.96,87.84,-29.28,-14.64,-14.64,-117.12,-117.12,-53.68
-180.56,-4.88,175.68,92.72,-180.56,82.96,-19.52,4.88,-4.88,-102.48,-97.6,-43.92
-190.32,-14.64,175.68,102.48,-185.44,78.08,-14.64,4.88,-4.88,-112.24,-107.36,-58.56
-214.72,-34.16,180.56,126.88,-200.08,73.2,-24.4,-4.88,-14.64,-122,-131.76,-78.08
-204.96,-24.4,180.56,117.12,-195.2,78.08,-9.76,9.76,-4.88,-107.36,-131.76,-78.08
-214.72,-24.4,190.32,122,-204.96,82.96,9.76,19.52,9.76,-107.36,-131.76,-87.84
-204.96,-24.4,180.56,117.12,-195.2,78.08,14.64,29.28,19.52,-102.48,-131.76,-87.84
-200.08,-24.4,175.68,112.24,-190.32,73.2,24.4,53.68,43.92,-87.84,-122,-78.08
-200.08,-34.16,165.92,117.12,-185.44,63.44,39.04,63.44,58.56,-73.2,-107.36,-68.32
-214.72,-34.16,180.56,126.88,-200.08,73.2,39.04,68.32,63.44,-68.32,-107.36,-73.2
-214.72,-39.04,175.68,126.88,-195.2,68.32,48.8,68.32,73.2,-63.44,-102.48,-73.2
-214.72,-43.92,170.8,131.76,-195.2,63.44,53.68,78.08,73.2,-58.56,-97.6,-63.44
-224.48,-43.92,180.56,136.64,-204.96,68.32,58.56,73.2,73.2,-48.8,-87.84,-53.68
-214.72,-39.04,175.68,126.88,-195.2,68.32,63.44,73.2,78.08,-58.56,-92.72,-53.68
-224.48,-29.28,195.2,126.88,-209.84,82.96,63.44,78.08,78.08,-58.56,-92.72,-63.44
-224.48,-29.28,195.2,126.88,-209.84,82.96,68.32,82.96,78.08,-58.56,-92.72,-68.32
-214.72,-39.04,175.68,126.88,-195.2,68.32,78.08,82.96,78.08,-58.56,-102.48,-78.08
-214.72,-39.04,175.68,126.88,-195.2,68.32,78.08,82.96,82.96,-53.68,-97.6,-68.32
-214.72,-39.04,175.68,126.88,-195.2,68.32,58.56,82.96,82.96,-53.68,-97.6,-63.44
-214.72,-39.04,175.68,126.88,-195.2,68.32,68.32,87.84,87.84,-48.8,-97.6,-63.44
-224.48,-39.04,185.44,131.76,-204.96,73.2,63.44,87.84,87.84,-39.04,-82.96,-58.56
-229.36,-39.04,190.32,136.64,-209.84,73.2,63.44,92.72,82.96,-34.16,-78.08,-58.56
-239.12,-34.16,204.96,136.64,-224.48,82.96,68.32,92.72,82.96,-34.16,-82.96,-58.56
-244,-34.16,209.84,141.52,-229.36,87.84,73.2,87.84,82.96,-34.16,-87.84,-58.56
-244,-34.16,209.84,141.52,-229.36,87.84,82.96,97.6,92.72,-43.92,-97.6,-58.56
-239.12,-29.28,209.84,136.64,-224.48,87.84,82.96,102.48,92.72,-43.92,-97.6,-68.32
-229.36,-29.28,200.08,131.76,-214.72,82.96,82.96,102.48,92.72,-48.8,-97.6,-73.2
-209.84,-29.28,180.56,122,-195.2,73.2,87.84,102.48,92.72,-48.8,-97.6,-73.2
-219.6,-29.28,190.32,126.88,-204.96,78.08,78.08,112.24,97.6,-39.04,-97.6,-73.2
-224.48,-29.28,195.2,126.88,-209.84,82.96,82.96,112.24,97.6,-43.92,-102.48,-73.2
-224.48,-34.16,190.32,131.76,-209.84,78.08,82.96,112.24,97.6,-43.92,-102.48,-73.2
-229.36,-34.16,195.2,131.76,-214.72,78.08,87.84,112.24,97.6,-39.04,-92.72,-68.32
-224.48,-34.16,190.32,131.76,-209.84,78.08,97.6,107.36,87.84,-39.04,-92.72,-63.44
-224.48,-34.16,190.32,131.76,-209.84,78.08,97.6,112.24,87.84,-43.92,-102.48,-63.44
-224.48,-34.16,190.32,131.76,-209.84,78.08,97.6,112.24,87.84,-43.92,-107.36,-68.32
-224.48,-34.16,190.32,131.76,-209.84,78.08,97.6,112.24,92.72,-43.92,-107.36,-68.32
-239.12,-39.04,200.08,141.52,-219.6,78.08,102.48,122,97.6,-39.04,-112.24,-78.08
-244,-48.8,195.2,146.4,-219.6,73.2,107.36,122,102.48,-39.04,-112.24,-82.96
-244,-48.8,195.2,146.4,-219.6,73.2,107.36,122,107.36,-39.04,-107.36,-82.96
-248.88,-48.8,200.08,151.28,-224.48,73.2,112.24,122,112.24,-43.92,-107.36,-82.96
-244,-39.04,204.96,141.52,-224.48,82.96,126.88,131.76,112.24,-43.92,-107.36,-82.96
-244,-39.04,204.96,141.52,-224.48,82.96,126.88,136.64,117.12,-43.92,-107.36,-82.96
-263.52,-39.04,224.48,151.28,-244,92.72,126.88,141.52,122,-43.92,-107.36,-78.08
-273.28,-34.16,239.12,156.16,-258.64,102.48,131.76,146.4,122,-39.04,-107.36,-73.2
-258.64,-34.16,224.48,146.4,-244,92.72,126.88,136.64,117.12,-39.04,-117.12,-82.96
-258.64,-39.04,219.6,151.28,-239.12,87.84,126.88,141.52,117.12,-34.16,-117.12,-97.6
-273.28,-43.92,229.36,161.04,-253.76,92.72,131.76,141.52,117.12,-48.8,-126.88,-102.48
-258.64,-43.92,214.72,151.28,-239.12,82.96,131.76,141.52,117.12,-53.68,-131.76,-102.48
-253.76,-39.04,214.72,146.4,-234.24,87.84,141.52,151.28,122,-53.68,-122,-92.72
-258.64,-39.04,219.6,151.28,-239.12,87.84,141.52,156.16,126.88,-58.56,-117.12,-87.84
-258.64,-34.16,224.48,146.4,-244,92.72,146.4,161.04,136.64,-53.68,-117.12,-82.96
-263.52,-29.28,234.24,146.4,-248.88,102.48,151.28,170.8,141.52,-43.92,-117.12,-82.96
-268.4,-24.4,244,146.4,-258.64,107.36,146.4,165.92,141.52,-48.8,-131.76,-97.6
-268.4,-29.28,239.12,151.28,-253.76,102.48,156.16,175.68,136.64,-48.8,-131.76,-97.6
-263.52,-29.28,234.24,146.4,-248.88,102.48,156.16,180.56,131.76,-48.8,-131.76,-97.6
-253.76,-29.28,224.48,141.52,-239.12,97.6,156.16,185.44,126.88,-48.8,-131.76,-97.6
-268.4,-24.4,244,146.4,-258.64,107.36,175.68,195.2,131.76,-43.92,-146.4,-107.36
-278.16,-34.16,244,156.16,-263.52,102.48,175.68,195.2,141.52,-43.92,-146.4,-102.48
-283.04,-39.04,244,161.04,-263.52,102.48,170.8,195.2,146.4,-43.92,-151.28,-102.48
-297.68,-39.04,258.64,170.8,-278.16,107.36,170.8,195.2,156.16,-43.92,-156.16,-112.24
-297.68,-43.92,253.76,170.8,-278.16,102.48,185.44,209.84,161.04,-43.92,-151.28,-107.36
-297.68,-43.92,253.76,170.8,-278.16,102.48,195.2,214.72,165.92,-43.92,-146.4,-107.36
-307.44,-43.92,263.52,175.68,-287.92,107.36,195.2,219.6,165.92,-43.92,-151.28,-107.36
-307.44,-43.92,263.52,175.68,-287.92,107.36,185.44,219.6,170.8,-43.92,-151.28,-107.36
-283.04,-43.92,239.12,165.92,-263.52,97.6,190.32,224.48,175.68,-53.68,-156.16,-122
-292.8,-39.04,253.76,165.92,-273.28,107.36,195.2,234.24,175.68,-53.68,-165.92,-131.76
-292.8,-34.16,258.64,165.92,-278.16,112.24,200.08,244,175.68,-53.68,-170.8,-141.52
-292.8,-34.16,258.64,165.92,-278.16,112.24,209.84,248.88,180.56,-53.68,-180.56,-141.52
-302.56,-39.04,263.52,170.8,-283.04,112.24,224.48,263.52,190.32,-43.92,-185.44,-146.4
-312.32,-39.04,273.28,175.68,-292.8,117.12,234.24,278.16,195.2,-53.68,-185.44,-151.28
-312.32,-39.04,273.28,175.68,-292.8,117.12,234.24,292.8,200.08,-53.68,-180.56,-151.28
-307.44,-39.04,268.4,175.68,-287.92,112.24,239.12,297.68,204.96,-53.68,-175.68,-156.16
-317.2,-53.68,263.52,185.44,-292.8,102.48,253.76,297.68,209.84,-63.44,-200.08,-170.8
-317.2,-53.68,263.52,185.44,-292.8,102.48,258.64,302.56,209.84,-63.44,-204.96,-175.68
-317.2,-48.8,268.4,185.44,-292.8,107.36,268.4,312.32,209.84,-63.44,-209.84,-180.56
-317.2,-48.8,268.4,185.44,-292.8,107.36,268.4,317.2,204.96,-68.32,-219.6,-185.44
-336.72,-63.44,273.28,200.08,-307.44,102.48,283.04,322.08,195.2,-82.96,-239.12,-204.96
-351.36,-68.32,283.04,209.84,-317.2,107.36,283.04,326.96,195.2,-87.84,-248.88,-214.72
-366,-68.32,297.68,219.6,-331.84,112.24,287.92,331.84,195.2,-92.72,-263.52,-219.6
-375.76,-73.2,302.56,224.48,-341.6,112.24,292.8,336.72,195.2,-107.36,-278.16,-229.36
-390.4,-82.96,307.44,239.12,-351.36,112.24,297.68,331.84,190.32,-112.24,-292.8,-248.88
-400.16,-87.84,312.32,244,-356.24,112.24,307.44,341.6,190.32,-117.12,-307.44,-263.52
-409.92,-97.6,312.32,253.76,-361.12,107.36,317.2,351.36,185.44,-141.52,-326.96,-273.28
-414.8,-102.48,312.32,258.64,-366,102.48,322.08,361.12,180.56,-161.04,-341.6,-283.04
-414.8,-102.48,312.32,258.64,-366,102.48,331.84,366,175.68,-165.92,-366,-302.56
-429.44,-102.48,326.96,268.4,-380.64,112.24,341.6,366,170.8,-175.68,-380.64,-312.32
-429.44,-107.36,322.08,268.4,-375.76,107.36,351.36,370.88,170.8,-180.56,-390.4,-322.08
-429.44,-102.48,326.96,268.4,-380.64,112.24,361.12,370.88,161.04,-190.32,-405.04,-326.96
-453.84,-117.12,336.72,287.92,-395.28,107.36,370.88,361.12,136.64,-219.6,-429.44,-361.12
-473.36,-126.88,346.48,302.56,-409.92,107.36,370.88,361.12,136.64,-244,-453.84,-380.64
-473.36,-131.76,341.6,302.56,-409.92,102.48,370.88,370.88,131.76,-248.88,-468.48,-385.52
-473.36,-136.64,336.72,307.44,-405.04,97.6,375.76,375.76,126.88,-258.64,-478.24,-395.28
-492.88,-151.28,341.6,322.08,-419.68,92.72,380.64,370.88,117.12,-278.16,-507.52,-414.8
-502.64,-161.04,341.6,331.84,-424.56,87.84,385.52,366,102.48,-287.92,-531.92,-434.32
-517.28,-165.92,351.36,341.6,-434.32,92.72,385.52,361.12,82.96,-297.68,-556.32,-448.96
-527.04,-180.56,346.48,356.24,-439.2,82.96,385.52,356.24,73.2,-326.96,-575.84,-458.72
-551.44,-170.8,380.64,361.12,-468.48,102.48,385.52,346.48,68.32,-336.72,-570.96,-468.48
-531.92,-170.8,361.12,351.36,-448.96,92.72,390.4,346.48,68.32,-341.6,-580.72,-478.24
-541.68,-170.8,370.88,356.24,-458.72,97.6,395.28,346.48,68.32,-356.24,-600.24,-483.12
-575.84,-170.8,405.04,375.76,-492.88,117.12,395.28,336.72,53.68,-356.24,-614.88,-497.76
-590.48,-175.68,414.8,385.52,-502.64,117.12,385.52,326.96,34.16,-361.12,-610,-492.88
-585.6,-170.8,414.8,380.64,-502.64,122,385.52,326.96,34.16,-375.76,-619.76,-492.88
-580.72,-165.92,414.8,375.76,-497.76,122,385.52,322.08,39.04,-380.64,-629.52,-492.88
-566.08,-161.04,405.04,366,-488,122,385.52,317.2,39.04,-380.64,-624.64,-492.88
-561.2,-151.28,409.92,356.24,-488,126.88,370.88,302.56,34.16,-370.88,-624.64,-483.12
-561.2,-151.28,409.92,356.24,-488,126.88,370.88,292.8,29.28,-370.88,-619.76,-478.24
-566.08,-146.4,419.68,356.24,-492.88,136.64,366,283.04,29.28,-370.88,-619.76,-473.36
-575.84,-136.64,439.2,356.24,-507.52,151.28,351.36,278.16,24.4,-370.88,-614.88,-468.48
-566.08,-146.4,419.68,356.24,-492.88,136.64,346.48,268.4,19.52,-370.88,-610,-453.84
-561.2,-146.4,414.8,356.24,-488,131.76,341.6,258.64,14.64,-370.88,-600.24,-444.08
-561.2,-146.4,414.8,356.24,-488,131.76,336.72,253.76,4.88,-370.88,-570.96,-439.2
-551.44,-141.52,409.92,346.48,-483.12,131.76,322.08,253.76,4.88,-356.24,-551.44,-424.56
-541.68,-126.88,414.8,336.72,-478.24,141.52,331.84,253.76,24.4,-341.6,-527.04,-409.92
-536.8,-126.88,409.92,331.84,-473.36,141.52,312.32,248.88,29.28,-317.2,-507.52,-385.52
-531.92,-126.88,405.04,331.84,-468.48,136.64,312.32,239.12,43.92,-297.68,-483.12,-361.12
-527.04,-126.88,400.16,326.96,-463.6,136.64,307.44,219.6,53.68,-278.16,-473.36,-331.84
-512.4,-112.24,400.16,312.32,-458.72,141.52,287.92,214.72,58.56,-258.64,-424.56,-302.56
-492.88,-97.6,395.28,297.68,-444.08,146.4,273.28,204.96,73.2,-234.24,-385.52,-268.4
-483.12,-82.96,400.16,283.04,-444.08,156.16,258.64,200.08,82.96,-204.96,-346.48,-244
-463.6,-73.2,390.4,268.4,-429.44,156.16,244,185.44,92.72,-175.68,-312.32,-214.72
-434.32,-53.68,380.64,244,-409.92,161.04,229.36,185.44,97.6,-161.04,-273.28,-190.32
-414.8,-43.92,370.88,229.36,-395.28,161.04,204.96,175.68,102.48,-141.52,-239.12,-165.92
-385.52,-29.28,356.24,209.84,-370.88,161.04,190.32,161.04,107.36,-131.76,-219.6,-141.52
-351.36,-19.52,331.84,185.44,-341.6,156.16,180.56,146.4,112.24,-107.36,-190.32,-112.24
-341.6,-19.52,322.08,180.56,-331.84,151.28,170.8,141.52,126.88,-87.84,-170.8,-87.84
-336.72,-14.64,322.08,175.68,-331.84,151.28,156.16,131.76,126.88,-68.32,-141.52,-68.32
-326.96,-14.64,312.32,170.8,-322.08,146.4,141.52,122,126.88,-53.68,-112.24,-53.68
-326.96,-4.88,322.08,165.92,-326.96,156.16,131.76,117.12,126.88,-34.16,-87.84,-34.16
-317.2,-14.64,302.56,165.92,-312.32,141.52,126.88,107.36,131.76,-19.52,-73.2,-14.64
-302.56,-4.88,297.68,156.16,-302.56,146.4,112.24,97.6,136.64,-9.76,-48.8,0
-292.8,-4.88,287.92,151.28,-292.8,141.52,102.48,92.72,136.64,0,-39.04,14.64
-278.16,-4.88,273.28,141.52,-278.16,131.76,97.6,87.84,136.64,0,-29.28,29.28
-268.4,-9.76,258.64,141.52,-263.52,122,87.84,87.84,136.64,0,-14.64,24.4
-258.64,-9.76,248.88,136.64,-253.76,117.12,87.84,73.2,136.64,14.64,0,39.04
-258.64,-9.76,248.88,136.64,-253.76,117.12,78.08,63.44,136.64,29.28,9.76,48.8
-244,-9.76,234.24,126.88,-239.12,112.24,68.32,58.56,126.88,29.28,14.64,58.56
-239.12,-9.76,229.36,126.88,-234.24,107.36,63.44,68.32,146.4,48.8,43.92,58.56
-244,-4.88,239.12,126.88,-244,117.12,63.44,68.32,151.28,53.68,58.56,68.32
-248.88,-4.88,244,126.88,-248.88,117.12,63.44,68.32,151.28,58.56,63.44,82.96
-263.52,-4.88,258.64,136.64,-263.52,126.88,58.56,63.44,151.28,63.44,63.44,82.96
-244,4.88,248.88,122,-248.88,126.88,68.32,63.44,156.16,63.44,78.08,87.84
-244,4.88,248.88,122,-248.88,126.88,53.68,63.44,156.16,82.96,97.6,97.6
-244,9.76,253.76,117.12,-248.88,131.76,48.8,63.44,161.04,87.84,102.48,112.24
-244,14.64,258.64,117.12,-253.76,136.64,43.92,53.68,165.92,97.6,117.12,126.88
-253.76,24.4,278.16,117.12,-268.4,151.28,43.92,53.68,165.92,107.36,126.88,131.76
-244,24.4,268.4,112.24,-258.64,146.4,43.92,53.68,165.92,107.36,126.88,131.76
-239.12,24.4,263.52,107.36,-253.76,141.52,43.92,58.56,165.92,107.36,117.12,131.76
-239.12,19.52,258.64,112.24,-248.88,136.64,58.56,58.56,170.8,112.24,117.12,131.76
-239.12,19.52,258.64,112.24,-248.88,136.64,48.8,48.8,180.56,122,131.76,131.76
-239.12,29.28,268.4,107.36,-253.76,146.4,48.8,58.56,175.68,117.12,141.52,141.52
-234.24,34.16,268.4,102.48,-253.76,151.28,43.92,58.56,175.68,117.12,146.4,146.4
-219.6,34.16,253.76,92.72,-239.12,141.52,34.16,53.68,180.56,122,146.4,146.4
-224.48,34.16,258.64,97.6,-244,146.4,34.16,63.44,180.56,122,156.16,156.16
-224.48,34.16,258.64,97.6,-244,146.4,39.04,63.44,180.56,131.76,156.16,156.16
-239.12,34.16,273.28,102.48,-258.64,151.28,39.04,63.44,185.44,136.64,156.16,156.16
-229.36,34.16,263.52,97.6,-248.88,146.4,43.92,68.32,190.32,136.64,151.28,151.28
-229.36,24.4,253.76,102.48,-244,136.64,39.04,63.44,180.56,136.64,141.52,141.52
-229.36,29.28,258.64,102.48,-244,141.52,43.92,63.44,190.32,141.52,156.16,156.16
-234.24,34.16,268.4,102.48,-253.76,151.28,43.92,73.2,190.32,141.52,156.16,156.16
-239.12,34.16,273.28,102.48,-258.64,151.28,43.92,63.44,185.44,141.52,156.16,156.16
-244,34.16,278.16,107.36,-263.52,156.16,43.92,73.2,185.44,131.76,165.92,156.16
-253.76,29.28,283.04,112.24,-268.4,156.16,48.8,73.2,185.44,131.76,161.04,156.16
-258.64,24.4,283.04,117.12,-273.28,151.28,48.8,68.32,185.44,131.76,146.4,156.16
-258.64,19.52,278.16,122,-268.4,146.4,48.8,68.32,190.32,136.64,146.4,156.16
-253.76,19.52,273.28,117.12,-263.52,146.4,48.8,78.08,195.2,136.64,151.28,156.16
-253.76,14.64,268.4,122,-263.52,141.52,48.8,82.96,200.08,136.64,151.28,156.16
-248.88,14.64,263.52,117.12,-258.64,136.64,48.8,82.96,200.08,136.64,151.28,151.28
-244,24.4,268.4,112.24,-258.64,146.4,48.8,82.96,200.08,141.52,156.16,151.28
-253.76,24.4,278.16,117.12,-268.4,151.28,43.92,92.72,214.72,156.16,161.04,146.4
-258.64,19.52,278.16,122,-268.4,146.4,48.8,87.84,214.72,156.16,161.04,146.4
-263.52,19.52,283.04,122,-273.28,151.28,63.44,87.84,214.72,156.16,161.04,151.28
-263.52,19.52,283.04,122,-273.28,151.28,58.56,82.96,214.72,156.16,170.8,156.16
-258.64,9.76,268.4,126.88,-263.52,136.64,58.56,82.96,219.6,146.4,165.92,151.28
-253.76,19.52,273.28,117.12,-263.52,146.4,68.32,87.84,219.6,146.4,170.8,151.28
-248.88,29.28,278.16,112.24,-263.52,151.28,78.08,102.48,219.6,151.28,170.8,151.28
-239.12,29.28,268.4,107.36,-253.76,146.4,78.08,107.36,219.6,151.28,165.92,151.28
-244,29.28,273.28,107.36,-258.64,151.28,87.84,117.12,219.6,161.04,165.92,151.28
-258.64,29.28,287.92,117.12,-273.28,156.16,87.84,117.12,224.48,161.04,170.8,151.28
-263.52,19.52,283.04,122,-273.28,151.28,87.84,117.12,229.36,161.04,170.8,151.28
-263.52,19.52,283.04,122,-273.28,151.28,92.72,126.88,229.36,156.16,170.8,151.28
-278.16,24.4,302.56,126.88,-292.8,161.04,102.48,131.76,239.12,161.04,180.56,151.28
-278.16,24.4,302.56,126.88,-292.8,161.04,107.36,131.76,244,161.04,175.68,161.04
-283.04,24.4,307.44,131.76,-297.68,165.92,107.36,131.76,244,161.04,170.8,146.4
-287.92,24.4,312.32,131.76,-302.56,165.92,107.36,136.64,244,165.92,156.16,141.52
-283.04,39.04,322.08,122,-302.56,180.56,122,151.28,244,185.44,161.04,151.28
-287.92,39.04,326.96,126.88,-307.44,180.56,126.88,151.28,248.88,185.44,170.8,151.28
-283.04,39.04,322.08,122,-302.56,180.56,131.76,151.28,253.76,180.56,175.68,156.16
-278.16,39.04,317.2,122,-297.68,175.68,126.88,146.4,253.76,170.8,185.44,151.28
-273.28,39.04,312.32,117.12,-292.8,175.68,112.24,136.64,244,170.8,175.68,146.4
-258.64,39.04,297.68,112.24,-278.16,165.92,112.24,136.64,244,170.8,175.68,146.4
-268.4,39.04,307.44,117.12,-287.92,170.8,112.24,136.64,244,170.8,170.8,146.4
-283.04,34.16,317.2,126.88,-302.56,175.68,112.24,136.64,244,170.8,170.8,146.4
-283.04,39.04,322.08,122,-302.56,180.56,122,146.4,258.64,170.8,175.68,161.04
-287.92,43.92,331.84,122,-312.32,185.44,126.88,151.28,258.64,175.68,180.56,165.92
-283.04,48.8,331.84,117.12,-307.44,190.32,136.64,156.16,263.52,180.56,185.44,165.92
-273.28,53.68,326.96,112.24,-302.56,190.32,151.28,161.04,268.4,185.44,185.44,165.92
-273.28,63.44,336.72,107.36,-307.44,200.08,146.4,156.16,258.64,180.56,180.56,170.8
-273.28,63.44,336.72,107.36,-307.44,200.08,136.64,151.28,263.52,190.32,175.68,170.8
-268.4,58.56,326.96,107.36,-297.68,190.32,131.76,146.4,263.52,190.32,175.68,170.8
-253.76,48.8,302.56,102.48,-278.16,175.68,126.88,136.64,258.64,185.44,175.68,170.8
-268.4,43.92,312.32,112.24,-292.8,175.68,112.24,122,248.88,170.8,165.92,165.92
-283.04,48.8,331.84,117.12,-307.44,190.32,112.24,122,244,170.8,175.68,165.92
-307.44,34.16,341.6,136.64,-326.96,185.44,112.24,122,239.12,170.8,175.68,165.92
-302.56,29.28,331.84,136.64,-317.2,180.56,112.24,122,239.12,170.8,175.68,165.92
-292.8,39.04,331.84,126.88,-312.32,185.44,107.36,126.88,244,180.56,180.56,165.92
-292.8,34.16,326.96,131.76,-312.32,180.56,102.48,126.88,244,175.68,175.68,161.04
-292.8,24.4,317.2,136.64,-307.44,170.8,102.48,126.88,244,170.8,170.8,156.16
-292.8,39.04,331.84,126.88,-312.32,185.44,102.48,122,244,165.92,170.8,156.16
-287.92,53.68,341.6,117.12,-317.2,195.2,107.36,122,244,180.56,185.44,165.92
-283.04,53.68,336.72,117.12,-312.32,195.2,112.24,122,244,175.68,180.56,165.92
-273.28,43.92,317.2,117.12,-297.68,180.56,107.36,122,244,175.68,180.56,165.92
-268.4,43.92,312.32,112.24,-292.8,175.68,107.36,126.88,244,180.56,185.44,170.8
-287.92,43.92,331.84,122,-312.32,185.44,107.36,136.64,248.88,185.44,200.08,170.8
-302.56,34.16,336.72,136.64,-322.08,185.44,112.24,136.64,258.64,185.44,200.08,175.68
-312.32,34.16,346.48,141.52,-331.84,190.32,122,136.64,263.52,190.32,195.2,175.68
-317.2,34.16,351.36,141.52,-336.72,190.32,126.88,136.64,268.4,190.32,195.2,185.44
-307.44,34.16,341.6,136.64,-326.96,185.44,126.88,136.64,258.64,180.56,190.32,180.56
-307.44,29.28,336.72,141.52,-322.08,180.56,126.88,136.64,253.76,190.32,195.2,180.56
-312.32,29.28,341.6,141.52,-326.96,185.44,126.88,136.64,253.76,180.56,195.2,175.68
-312.32,29.28,341.6,141.52,-326.96,185.44,122,131.76,253.76,180.56,195.2,180.56
-307.44,14.64,322.08,146.4,-317.2,165.92,112.24,112.24,244,185.44,185.44,180.56
-312.32,14.64,326.96,151.28,-322.08,170.8,107.36,112.24,244,180.56,185.44,175.68
-317.2,14.64,331.84,151.28,-326.96,170.8,107.36,117.12,244,165.92,185.44,175.68
-331.84,14.64,346.48,161.04,-341.6,180.56,102.48,122,248.88,156.16,185.44,170.8
-326.96,24.4,351.36,151.28,-341.6,185.44,112.24,122,248.88,161.04,185.44,170.8
-326.96,24.4,351.36,151.28,-341.6,185.44,117.12,122,248.88,170.8,190.32,170.8
-326.96,34.16,361.12,146.4,-346.48,195.2,117.12,122,248.88,175.68,195.2,175.68
-336.72,34.16,370.88,151.28,-356.24,200.08,117.12,117.12,248.88,190.32,204.96,185.44
-326.96,48.8,375.76,141.52,-351.36,209.84,107.36,117.12,258.64,190.32,200.08,185.44
-317.2,43.92,361.12,136.64,-341.6,200.08,97.6,112.24,253.76,190.32,200.08,180.56
-307.44,48.8,356.24,131.76,-331.84,200.08,107.36,112.24,253.76,175.68,195.2,180.56
-317.2,53.68,370.88,131.76,-346.48,209.84,107.36,112.24,253.76,195.2,185.44,185.44
-331.84,39.04,370.88,146.4,-351.36,204.96,112.24,107.36,253.76,175.68,185.44,180.56
-322.08,34.16,356.24,146.4,-341.6,195.2,112.24,112.24,253.76,175.68,185.44,180.56
-326.96,34.16,361.12,146.4,-346.48,195.2,112.24,117.12,258.64,180.56,200.08,185.44
-336.72,34.16,370.88,151.28,-356.24,200.08,107.36,122,258.64,180.56,214.72,185.44
-341.6,24.4,366,161.04,-356.24,195.2,102.48,122,253.76,170.8,219.6,175.68
-336.72,19.52,356.24,161.04,-346.48,185.44,97.6,117.12,244,165.92,209.84,165.92
-331.84,19.52,351.36,156.16,-341.6,185.44,97.6,107.36,239.12,165.92,185.44,165.92
-322.08,19.52,341.6,151.28,-331.84,180.56,97.6,102.48,234.24,165.92,175.68,165.92
-322.08,24.4,346.48,151.28,-336.72,185.44,107.36,107.36,248.88,175.68,190.32,170.8
-322.08,24.4,346.48,151.28,-336.72,185.44,107.36,107.36,248.88,175.68,195.2,175.68
-322.08,29.28,351.36,146.4,-336.72,190.32,107.36,107.36,248.88,190.32,200.08,190.32
-326.96,29.28,356.24,151.28,-341.6,190.32,102.48,107.36,248.88,190.32,219.6,195.2
-336.72,19.52,356.24,161.04,-346.48,185.44,102.48,117.12,248.88,190.32,204.96,195.2
-331.84,19.52,351.36,156.16,-341.6,185.44,107.36,107.36,248.88,190.32,200.08,195.2
-322.08,19.52,341.6,151.28,-331.84,180.56,112.24,107.36,244,175.68,200.08,190.32
-322.08,14.64,336.72,156.16,-331.84,175.68,112.24,117.12,244,170.8,195.2,180.56
-317.2,43.92,361.12,136.64,-341.6,200.08,117.12,117.12,248.88,180.56,204.96,190.32
-351.36,24.4,375.76,165.92,-366,200.08,112.24,117.12,239.12,170.8,195.2,190.32
-361.12,14.64,375.76,175.68,-370.88,195.2,122,117.12,248.88,180.56,195.2,195.2
-307.44,43.92,351.36,131.76,-331.84,195.2,126.88,126.88,263.52,190.32,204.96,204.96
-292.8,58.56,351.36,117.12,-322.08,204.96,136.64,136.64,273.28,204.96,214.72,204.96
-302.56,43.92,346.48,131.76,-326.96,195.2,126.88,126.88,263.52,195.2,214.72,204.96
-312.32,39.04,351.36,136.64,-331.84,195.2,126.88,126.88,263.52,195.2,214.72,204.96
-322.08,34.16,356.24,146.4,-341.6,195.2,126.88,126.88,263.52,195.2,214.72,204.96
-331.84,29.28,361.12,151.28,-346.48,195.2,126.88,126.88,263.52,195.2,214.72,204.96
-331.84,43.92,375.76,146.4,-356.24,209.84,136.64,117.12,253.76,185.44,209.84,195.2
-322.08,48.8,370.88,136.64,-346.48,209.84,136.64,122,258.64,195.2,214.72,195.2
-322.08,43.92,366,141.52,-346.48,204.96,136.64,122,258.64,195.2,209.84,195.2
-322.08,48.8,370.88,136.64,-346.48,209.84,141.52,122,258.64,195.2,204.96,195.2
-336.72,48.8,385.52,146.4,-361.12,214.72,146.4,117.12,258.64,185.44,204.96,200.08
-336.72,48.8,385.52,146.4,-361.12,214.72,146.4,107.36,248.88,185.44,204.96,200.08
-331.84,48.8,380.64,141.52,-356.24,214.72,146.4,117.12,258.64,185.44,200.08,195.2
-326.96,48.8,375.76,141.52,-351.36,209.84,141.52,117.12,258.64,185.44,200.08,195.2
-336.72,34.16,370.88,151.28,-356.24,200.08,131.76,107.36,244,175.68,204.96,185.44
-346.48,24.4,370.88,161.04,-361.12,195.2,131.76,107.36,239.12,175.68,204.96,185.44
-351.36,34.16,385.52,161.04,-370.88,209.84,131.76,112.24,239.12,175.68,204.96,185.44
-361.12,39.04,400.16,161.04,-380.64,219.6,131.76,112.24,244,175.68,214.72,190.32
-361.12,39.04,400.16,161.04,-380.64,219.6,122,107.36,234.24,165.92,195.2,190.32
-356.24,34.16,390.4,161.04,-375.76,209.84,117.12,97.6,234.24,165.92,195.2,195.2
-356.24,19.52,375.76,170.8,-366,195.2,122,92.72,239.12,170.8,200.08,195.2
-361.12,14.64,375.76,175.68,-370.88,195.2,117.12,87.84,239.12,170.8,200.08,195.2
-370.88,4.88,375.76,185.44,-375.76,190.32,117.12,82.96,229.36,161.04,195.2,185.44
-361.12,14.64,375.76,175.68,-370.88,195.2,117.12,82.96,229.36,161.04,195.2,185.44
-375.76,14.64,390.4,180.56,-385.52,200.08,117.12,82.96,229.36,161.04,195.2,185.44
-375.76,24.4,400.16,175.68,-390.4,209.84,117.12,82.96,229.36,165.92,195.2,185.44
-370.88,14.64,385.52,180.56,-380.64,200.08,126.88,92.72,239.12,175.68,200.08,195.2
-370.88,9.76,380.64,180.56,-375.76,195.2,122,92.72,244,175.68,200.08,190.32
-366,4.88,370.88,180.56,-370.88,185.44,117.12,92.72,244,170.8,190.32,190.32
-361.12,4.88,366,180.56,-366,185.44,117.12,97.6,244,170.8,200.08,190.32
-351.36,24.4,375.76,165.92,-366,200.08,126.88,102.48,244,180.56,209.84,195.2
-351.36,34.16,385.52,161.04,-370.88,209.84,131.76,102.48,248.88,185.44,209.84,200.08
-356.24,43.92,400.16,156.16,-380.64,219.6,131.76,102.48,248.88,185.44,219.6,200.08
-356.24,53.68,409.92,151.28,-385.52,229.36,126.88,97.6,248.88,185.44,219.6,200.08
-361.12,53.68,414.8,156.16,-390.4,234.24,126.88,97.6,258.64,185.44,204.96,209.84
-356.24,48.8,405.04,156.16,-380.64,224.48,122,97.6,253.76,185.44,204.96,209.84
-356.24,43.92,400.16,156.16,-380.64,219.6,122,97.6,253.76,185.44,204.96,209.84
-366,39.04,405.04,165.92,-385.52,219.6,122,97.6,248.88,190.32,219.6,214.72
-366,34.16,400.16,165.92,-385.52,214.72,122,97.6,239.12,180.56,219.6,214.72
-366,34.16,400.16,165.92,-385.52,214.72,117.12,92.72,239.12,180.56,209.84,214.72
-366,34.16,400.16,165.92,-385.52,214.72,107.36,87.84,239.12,180.56,209.84,214.72
-366,34.16,400.16,165.92,-385.52,214.72,97.6,82.96,239.12,180.56,209.84,209.84
-361.12,48.8,409.92,156.16,-385.52,229.36,112.24,92.72,239.12,175.68,219.6,209.84
-361.12,48.8,409.92,156.16,-385.52,229.36,112.24,92.72,244,180.56,219.6,209.84
-361.12,43.92,405.04,161.04,-385.52,224.48,117.12,92.72,248.88,190.32,219.6,209.84
-361.12,34.16,395.28,165.92,-380.64,214.72,122,92.72,253.76,195.2,219.6,209.84
-370.88,29.28,400.16,170.8,-385.52,214.72,117.12,82.96,244,185.44,209.84,209.84
-375.76,24.4,400.16,175.68,-390.4,209.84,102.48,82.96,244,175.68,200.08,204.96
-385.52,19.52,405.04,185.44,-395.28,209.84,107.36,82.96,244,175.68,200.08,204.96
-395.28,0,395.28,200.08,-395.28,195.2,102.48,82.96,244,180.56,200.08,204.96
-385.52,24.4,409.92,180.56,-400.16,214.72,102.48,92.72,253.76,180.56,214.72,209.84
-375.76,39.04,414.8,170.8,-395.28,224.48,102.48,87.84,253.76,180.56,214.72,209.84
-361.12,43.92,405.04,161.04,-385.52,224.48,102.48,87.84,253.76,180.56,214.72,214.72
-346.48,48.8,395.28,151.28,-370.88,219.6,97.6,87.84,253.76,185.44,214.72,214.72
-356.24,43.92,400.16,156.16,-380.64,219.6,102.48,92.72,253.76,195.2,224.48,214.72
-356.24,43.92,400.16,156.16,-380.64,219.6,107.36,97.6,258.64,185.44,224.48,214.72
-356.24,48.8,405.04,156.16,-380.64,224.48,117.12,102.48,263.52,195.2,224.48,214.72
-356.24,48.8,405.04,156.16,-380.64,224.48,122,107.36,268.4,195.2,229.36,214.72
-366,39.04,405.04,165.92,-385.52,219.6,112.24,97.6,263.52,185.44,219.6,214.72
-356.24,39.04,395.28,161.04,-375.76,214.72,112.24,97.6,258.64,185.44,219.6,214.72
-356.24,48.8,405.04,156.16,-380.64,224.48,117.12,97.6,253.76,185.44,219.6,214.72
-366,48.8,414.8,161.04,-390.4,229.36,117.12,97.6,248.88,185.44,219.6,214.72
-366,34.16,400.16,165.92,-385.52,214.72,117.12,97.6,253.76,185.44,219.6,209.84
-366,24.4,390.4,170.8,-380.64,204.96,112.24,97.6,258.64,185.44,219.6,209.84
-370.88,24.4,395.28,175.68,-385.52,209.84,112.24,97.6,263.52,180.56,219.6,204.96
-370.88,29.28,400.16,170.8,-385.52,214.72,112.24,97.6,268.4,180.56,219.6,204.96
-366,39.04,405.04,165.92,-385.52,219.6,117.12,97.6,278.16,195.2,224.48,214.72
-366,34.16,400.16,165.92,-385.52,214.72,122,102.48,273.28,195.2,224.48,219.6
-375.76,34.16,409.92,170.8,-395.28,219.6,122,107.36,273.28,195.2,219.6,214.72
-375.76,29.28,405.04,175.68,-390.4,214.72,122,112.24,273.28,195.2,219.6,219.6
-380.64,24.4,405.04,180.56,-395.28,214.72,122,112.24,273.28,190.32,219.6,219.6
-380.64,24.4,405.04,180.56,-395.28,214.72,122,112.24,273.28,190.32,219.6,219.6
-375.76,29.28,405.04,175.68,-390.4,214.72,126.88,107.36,273.28,190.32,214.72,214.72
-375.76,29.28,405.04,175.68,-390.4,214.72,126.88,107.36,273.28,190.32,209.84,214.72
-385.52,34.16,419.68,175.68,-405.04,224.48,141.52,112.24,283.04,195.2,224.48,224.48
-370.88,34.16,405.04,170.8,-390.4,219.6,146.4,117.12,283.04,200.08,234.24,224.48
-366,39.04,405.04,165.92,-385.52,219.6,151.28,126.88,287.92,204.96,239.12,229.36
-366,39.04,405.04,165.92,-385.52,219.6,156.16,131.76,287.92,209.84,244,229.36
-356.24,48.8,405.04,156.16,-380.64,224.48,165.92,141.52,297.68,214.72,234.24,229.36
-351.36,48.8,400.16,151.28,-375.76,224.48,165.92,141.52,297.68,214.72,239.12,229.36
-351.36,48.8,400.16,151.28,-375.76,224.48,165.92,141.52,297.68,219.6,239.12,234.24
-356.24,34.16,390.4,161.04,-375.76,209.84,170.8,141.52,297.68,219.6,239.12,234.24
-361.12,34.16,395.28,165.92,-380.64,214.72,161.04,146.4,317.2,219.6,253.76,224.48
-356.24,48.8,405.04,156.16,-380.64,224.48,165.92,151.28,317.2,224.48,263.52,224.48
-361.12,48.8,409.92,156.16,-385.52,229.36,170.8,151.28,317.2,224.48,253.76,224.48
-370.88,48.8,419.68,161.04,-395.28,234.24,170.8,151.28,317.2,219.6,253.76,224.48
-370.88,34.16,405.04,170.8,-390.4,219.6,165.92,141.52,312.32,219.6,244,224.48
-370.88,29.28,400.16,170.8,-385.52,214.72,161.04,146.4,307.44,219.6,248.88,224.48
-385.52,24.4,409.92,180.56,-400.16,214.72,156.16,146.4,302.56,219.6,248.88,224.48
-385.52,14.64,400.16,185.44,-395.28,204.96,151.28,146.4,297.68,219.6,253.76,229.36
-351.36,43.92,395.28,156.16,-375.76,219.6,151.28,136.64,292.8,214.72,244,234.24
-351.36,63.44,414.8,146.4,-385.52,239.12,161.04,131.76,292.8,209.84,244,244
-366,73.2,439.2,146.4,-405.04,253.76,170.8,141.52,302.56,219.6,253.76,244
-361.12,73.2,434.32,146.4,-400.16,253.76,175.68,156.16,312.32,234.24,253.76,234.24
-390.4,53.68,444.08,170.8,-419.68,248.88,200.08,161.04,317.2,229.36,239.12,214.72
-424.56,58.56,483.12,185.44,-453.84,268.4,234.24,200.08,351.36,244,229.36,204.96
-448.96,97.6,546.56,175.68,-497.76,322.08,283.04,244,395.28,297.68,263.52,234.24
-478.24,117.12,595.36,180.56,-536.8,356.24,326.96,297.68,448.96,361.12,307.44,263.52
-512.4,126.88,639.28,195.2,-575.84,380.64,375.76,356.24,512.4,429.44,351.36,292.8
-507.52,161.04,668.56,175.68,-590.48,414.8,453.84,463.6,629.52,536.8,409.92,317.2
-507.52,200.08,707.6,156.16,-610,453.84,561.2,600.24,775.92,673.44,502.64,370.88
-522.16,239.12,761.28,141.52,-644.16,497.76,639.28,722.24,936.96,839.36,624.64,448.96
-522.16,307.44,829.6,107.36,-678.32,566.08,712.48,863.76,1112.64,1044.32,790.56,546.56
-478.24,390.4,868.64,43.92,-673.44,629.52,800.32,1019.92,1346.88,1307.84,1039.44,707.6
-429.44,448.96,878.4,-9.76,-653.92,663.68,888.16,1200.48,1615.28,1605.52,1337.12,907.68
-385.52,473.36,858.88,-43.92,-624.64,663.68,980.88,1410.32,1903.2,1927.6,1644.56,1102.88
-283.04,522.16,805.2,-117.12,-546.56,663.68,1122.4,1693.36,2303.36,2357.04,2025.2,1342
-161.04,595.36,756.4,-214.72,-458.72,673.44,1263.92,1981.28,2732.8,2825.52,2449.76,1595.76
-39.04,683.2,722.24,-322.08,-380.64,702.72,1376.16,2244.8,3123.2,3240.32,2849.92,1859.28
161.04,766.16,605.12,-463.6,-224.48,683.2,1371.28,2376.56,3440.4,3611.2,3250.08,2132.56
395.28,839.36,444.08,-614.88,-24.4,639.28,1176.08,2235.04,3523.36,3830.8,3601.44,2410.72
570.96,922.32,351.36,-746.64,107.36,634.4,785.68,1712.88,3225.68,3757.6,3791.76,2630.32
688.08,1019.92,331.84,-854,175.68,673.44,263.52,907.68,2576.64,3425.76,3786.88,2742.56
751.52,1098,346.48,-922.32,200.08,722.24,-273.28,29.28,1727.52,2893.84,3577.04,2723.04
746.64,1107.76,361.12,-927.2,190.32,732,-692.96,-712.48,839.36,2166.72,3137.84,2552.24
727.12,1049.2,322.08,-888.16,200.08,683.2,-1068.72,-1366.4,-107.36,1278.56,2518.08,2283.84
692.96,868.64,175.68,-780.8,258.64,522.16,-1429.84,-2000.8,-1107.76,263.52,1751.92,1883.68
644.16,531.92,-112.24,-585.6,375.76,209.84,-1732.4,-2498.56,-2000.8,-814.96,746.64,1259.04
590.48,165.92,-424.56,-375.76,507.52,-131.76,-1947.12,-2801.12,-2669.36,-1776.32,-268.4,561.2
536.8,-24.4,-561.2,-253.76,546.56,-292.8,-2044.72,-2888.96,-2947.52,-2249.68,-819.84,190.32
448.96,-82.96,-531.92,-180.56,488,-307.44,-2005.68,-2732.8,-2771.84,-2171.6,-878.4,112.24
322.08,-136.64,-458.72,-92.72,390.4,-297.68,-1820.24,-2415.6,-2405.84,-1956.88,-878.4,43.92
190.32,-214.72,-405.04,14.64,297.68,-312.32,-1517.68,-2025.2,-2064.24,-1790.96,-897.92,-58.56
34.16,-224.48,-258.64,97.6,146.4,-244,-1166.32,-1600.64,-1664.08,-1522.56,-814.96,-78.08
-146.4,-146.4,0,146.4,-73.2,-73.2,-854,-1215.12,-1239.52,-1176.08,-629.52,-24.4
-268.4,-63.44,204.96,165.92,-239.12,68.32,-653.92,-966.24,-936.96,-922.32,-492.88,9.76
-307.44,-24.4,283.04,165.92,-297.68,126.88,-497.76,-771.04,-741.76,-756.4,-429.44,0
-361.12,-34.16,326.96,200.08,-346.48,146.4,-356.24,-585.6,-566.08,-619.76,-380.64,-9.76
-414.8,-24.4,390.4,219.6,-405.04,180.56,-234.24,-429.44,-405.04,-497.76,-326.96,-19.52
-395.28,24.4,419.68,185.44,-409.92,219.6,-122,-292.8,-253.76,-370.88,-253.76,4.88
-380.64,43.92,424.56,170.8,-405.04,234.24,-34.16,-175.68,-136.64,-273.28,-190.32,24.4
-419.68,9.76,429.44,204.96,-424.56,219.6,29.28,-97.6,-58.56,-214.72,-165.92,14.64
-448.96,-4.88,444.08,229.36,-448.96,219.6,63.44,-48.8,-9.76,-161.04,-126.88,9.76
-439.2,-4.88,434.32,224.48,-439.2,214.72,102.48,4.88,68.32,-97.6,-73.2,24.4
-439.2,-9.76,429.44,224.48,-434.32,209.84,131.76,53.68,126.88,-48.8,-24.4,39.04
-439.2,-9.76,429.44,224.48,-434.32,209.84,146.4,63.44,146.4,-34.16,-14.64,48.8
-424.56,-14.64,409.92,219.6,-419.68,195.2,146.4,82.96,161.04,-19.52,0,63.44
-414.8,-4.88,409.92,209.84,-414.8,200.08,156.16,102.48,170.8,-4.88,0,73.2
-414.8,-4.88,409.92,209.84,-414.8,200.08,170.8,122,180.56,4.88,-9.76,78.08
-429.44,-4.88,424.56,219.6,-429.44,209.84,170.8,122,180.56,14.64,-4.88,78.08
-439.2,-14.64,424.56,229.36,-434.32,204.96,170.8,112.24,175.68,14.64,-14.64,73.2
-448.96,-14.64,434.32,234.24,-444.08,209.84,185.44,117.12,185.44,9.76,-14.64,58.56
-439.2,-14.64,424.56,229.36,-434.32,204.96,185.44,122,190.32,9.76,-14.64,53.68
-434.32,-14.64,419.68,224.48,-429.44,200.08,190.32,141.52,209.84,19.52,-4.88,58.56
-434.32,-34.16,400.16,234.24,-419.68,180.56,185.44,141.52,204.96,14.64,-9.76,48.8
-448.96,-34.16,414.8,244,-434.32,190.32,185.44,146.4,209.84,19.52,-9.76,43.92
-448.96,-39.04,409.92,244,-429.44,185.44,195.2,146.4,219.6,24.4,-4.88,43.92
-448.96,-43.92,405.04,248.88,-429.44,180.56,200.08,156.16,219.6,29.28,0,53.68
-439.2,-34.16,405.04,239.12,-424.56,185.44,204.96,161.04,209.84,29.28,-9.76,43.92
-419.68,-29.28,390.4,224.48,-405.04,180.56,209.84,161.04,214.72,19.52,-14.64,43.92
-419.68,-19.52,400.16,219.6,-409.92,190.32,209.84,165.92,214.72,19.52,-14.64,34.16
-409.92,-19.52,390.4,214.72,-400.16,185.44,214.72,170.8,214.72,19.52,-14.64,29.28
-312.32,-19.52,292.8,165.92,-302.56,136.64,195.2,146.4,185.44,-4.88,-39.04,-14.64
-224.48,-19.52,204.96,122,-214.72,92.72,175.68,122,170.8,-24.4,-58.56,-29.28
-136.64,-19.52,117.12,78.08,-126.88,48.8,136.64,97.6,151.28,-48.8,-82.96,-48.8
-48.8,-19.52,29.28,34.16,-39.04,4.88,126.88,78.08,136.64,-68.32,-107.36,-73.2
48.8,-29.28,-78.08,-9.76,63.44,-53.68,92.72,48.8,97.6,-102.48,-131.76,-107.36
141.52,-29.28,-170.8,-53.68,156.16,-102.48,63.44,24.4,63.44,-131.76,-165.92,-136.64
229.36,-24.4,-253.76,-102.48,239.12,-141.52,39.04,-4.88,34.16,-165.92,-209.84,-165.92
322.08,-24.4,-346.48,-146.4,331.84,-185.44,14.64,-39.04,4.88,-200.08,-253.76,-195.2
346.48,-34.16,-380.64,-156.16,361.12,-209.84,9.76,-53.68,0,-214.72,-268.4,-204.96
366,-29.28,-395.28,-165.92,380.64,-214.72,4.88,-53.68,-4.88,-219.6,-273.28,-224.48
390.4,-29.28,-419.68,-180.56,405.04,-224.48,0,-58.56,-9.76,-229.36,-278.16,-239.12
424.56,-29.28,-453.84,-195.2,439.2,-244,0,-63.44,-14.64,-234.24,-283.04,-248.88
429.44,-29.28,-458.72,-200.08,444.08,-244,0,-63.44,-14.64,-244,-283.04,-258.64
439.2,-29.28,-468.48,-204.96,453.84,-248.88,4.88,-63.44,-19.52,-248.88,-287.92,-258.64
453.84,-34.16,-488,-209.84,468.48,-263.52,4.88,-63.44,-24.4,-248.88,-287.92,-258.64
463.6,-34.16,-497.76,-214.72,478.24,-268.4,9.76,-63.44,-29.28,-244,-278.16,-253.76
492.88,-14.64,-507.52,-239.12,497.76,-263.52,-4.88,-78.08,-39.04,-253.76,-297.68,-263.52
517.28,-14.64,-531.92,-248.88,522.16,-273.28,-9.76,-82.96,-48.8,-268.4,-317.2,-268.4
541.68,-14.64,-556.32,-263.52,546.56,-287.92,-14.64,-92.72,-58.56,-278.16,-331.84,-278.16
566.08,-14.64,-580.72,-273.28,570.96,-297.68,-19.52,-102.48,-63.44,-287.92,-341.6,-283.04
580.72,-19.52,-600.24,-278.16,590.48,-312.32,-39.04,-117.12,-78.08,-297.68,-356.24,-297.68
595.36,-29.28,-624.64,-283.04,610,-326.96,-48.8,-122,-82.96,-302.56,-356.24,-307.44
614.88,-29.28,-644.16,-292.8,629.52,-336.72,-63.44,-126.88,-87.84,-307.44,-351.36,-312.32
629.52,-29.28,-658.8,-297.68,644.16,-346.48,-73.2,-131.76,-92.72,-317.2,-351.36,-317.2
658.8,-29.28,-688.08,-312.32,673.44,-361.12,-78.08,-136.64,-102.48,-317.2,-356.24,-326.96
673.44,-29.28,-702.72,-322.08,688.08,-366,-87.84,-136.64,-97.6,-317.2,-361.12,-326.96
668.56,-29.28,-697.84,-317.2,683.2,-366,-97.6,-136.64,-92.72,-317.2,-366,-322.08
673.44,-24.4,-697.84,-322.08,683.2,-361.12,-102.48,-136.64,-92.72,-312.32,-370.88,-317.2
702.72,-29.28,-732,-336.72,717.36,-380.64,-102.48,-141.52,-97.6,-312.32,-370.88,-326.96
707.6,-29.28,-736.88,-336.72,722.24,-385.52,-107.36,-141.52,-97.6,-307.44,-370.88,-341.6
697.84,-29.28,-727.12,-331.84,712.48,-380.64,-107.36,-146.4,-97.6,-322.08,-380.64,-346.48
717.36,-24.4,-741.76,-346.48,727.12,-385.52,-112.24,-151.28,-97.6,-326.96,-385.52,-346.48
780.8,-14.64,-795.44,-380.64,785.68,-405.04,-136.64,-165.92,-117.12,-356.24,-409.92,-361.12
834.48,-19.52,-854,-405.04,844.24,-439.2,-161.04,-185.44,-136.64,-380.64,-419.68,-380.64
893.04,-19.52,-912.56,-434.32,902.8,-468.48,-180.56,-204.96,-151.28,-395.28,-434.32,-400.16
946.72,-19.52,-966.24,-463.6,956.48,-492.88,-200.08,-219.6,-170.8,-405.04,-448.96,-424.56
1034.56,-14.64,-1049.2,-507.52,1039.44,-531.92,-239.12,-258.64,-204.96,-439.2,-497.76,-458.72
1127.28,-19.52,-1146.8,-551.44,1137.04,-585.6,-263.52,-283.04,-234.24,-468.48,-531.92,-488
1224.88,-19.52,-1244.4,-600.24,1234.64,-634.4,-297.68,-312.32,-263.52,-497.76,-566.08,-517.28
1327.36,-19.52,-1346.88,-653.92,1337.12,-683.2,-331.84,-341.6,-292.8,-527.04,-600.24,-546.56
1361.52,-4.88,-1366.4,-678.32,1361.52,-688.08,-326.96,-341.6,-307.44,-546.56,-610,-556.32
1381.04,-14.64,-1395.68,-683.2,1385.92,-707.6,-331.84,-351.36,-307.44,-551.44,-614.88,-561.2
1405.44,-19.52,-1424.96,-692.96,1415.2,-722.24,-341.6,-361.12,-312.32,-556.32,-624.64,-570.96
1420.08,-19.52,-1439.6,-697.84,1429.84,-732,-346.48,-370.88,-312.32,-561.2,-634.4,-590.48
1429.84,-14.64,-1444.48,-707.6,1434.72,-732,-346.48,-375.76,-317.2,-561.2,-634.4,-605.12
1439.6,-14.64,-1454.24,-712.48,1444.48,-736.88,-341.6,-370.88,-312.32,-561.2,-634.4,-605.12
1439.6,-14.64,-1454.24,-712.48,1444.48,-736.88,-346.48,-366,-312.32,-561.2,-644.16,-605.12
1449.36,-14.64,-1464,-717.36,1454.24,-741.76,-361.12,-366,-307.44,-561.2,-649.04,-605.12
1454.24,-19.52,-1473.76,-717.36,1464,-746.64,-361.12,-366,-307.44,-566.08,-653.92,-614.88
1444.48,-19.52,-1464,-712.48,1454.24,-741.76,-361.12,-361.12,-312.32,-570.96,-663.68,-629.52
1444.48,-19.52,-1464,-712.48,1454.24,-741.76,-361.12,-356.24,-317.2,-575.84,-668.56,-644.16
1444.48,-24.4,-1468.88,-707.6,1454.24,-746.64,-356.24,-356.24,-317.2,-580.72,-678.32,-649.04
1449.36,-14.64,-1464,-717.36,1454.24,-741.76,-341.6,-351.36,-312.32,-580.72,-688.08,-644.16
1454.24,-9.76,-1464,-722.24,1459.12,-736.88,-331.84,-346.48,-312.32,-590.48,-692.96,-649.04
1468.88,-4.88,-1473.76,-732,1468.88,-741.76,-331.84,-341.6,-312.32,-590.48,-692.96,-649.04
1488.4,0,-1488.4,-741.76,1488.4,-746.64,-326.96,-346.48,-312.32,-590.48,-692.96,-653.92
1478.64,-14.64,-1493.28,-732,1483.52,-756.4,-326.96,-336.72,-307.44,-590.48,-702.72,-668.56
1478.64,-14.64,-1493.28,-732,1483.52,-756.4,-326.96,-331.84,-307.44,-590.48,-702.72,-673.44
1478.64,-9.76,-1488.4,-732,1483.52,-751.52,-322.08,-322.08,-307.44,-590.48,-702.72,-678.32
1478.64,-9.76,-1488.4,-732,1483.52,-751.52,-326.96,-317.2,-312.32,-595.36,-707.6,-683.2
1459.12,-14.64,-1473.76,-722.24,1464,-746.64,-317.2,-322.08,-322.08,-610,-727.12,-702.72
1444.48,-19.52,-1464,-712.48,1454.24,-741.76,-312.32,-317.2,-322.08,-614.88,-736.88,-712.48
1429.84,-19.52,-1449.36,-702.72,1439.6,-736.88,-302.56,-312.32,-322.08,-619.76,-751.52,-717.36
1420.08,-24.4,-1444.48,-697.84,1429.84,-736.88,-292.8,-307.44,-322.08,-634.4,-766.16,-727.12
1410.32,-39.04,-1449.36,-683.2,1429.84,-746.64,-297.68,-307.44,-326.96,-644.16,-771.04,-727.12
1405.44,-39.04,-1444.48,-683.2,1424.96,-741.76,-287.92,-302.56,-326.96,-644.16,-785.68,-741.76
1400.56,-43.92,-1444.48,-678.32,1420.08,-746.64,-278.16,-297.68,-331.84,-663.68,-805.2,-751.52
1400.56,-43.92,-1444.48,-678.32,1420.08,-746.64,-273.28,-292.8,-336.72,-678.32,-819.84,-761.28
1395.68,-63.44,-1459.12,-663.68,1424.96,-761.28,-278.16,-292.8,-351.36,-688.08,-844.24,-780.8
1376.16,-73.2,-1449.36,-649.04,1410.32,-761.28,-273.28,-297.68,-356.24,-702.72,-858.88,-790.56
1371.28,-87.84,-1459.12,-639.28,1415.2,-775.92,-268.4,-297.68,-356.24,-712.48,-868.64,-800.32
1366.4,-92.72,-1459.12,-634.4,1410.32,-775.92,-263.52,-302.56,-366,-727.12,-883.28,-805.2
1337.12,-112.24,-1449.36,-610,1390.8,-780.8,-244,-297.68,-366,-736.88,-888.16,-824.72
1312.72,-117.12,-1429.84,-595.36,1371.28,-775.92,-234.24,-292.8,-361.12,-751.52,-902.8,-839.36
1307.84,-117.12,-1424.96,-595.36,1366.4,-771.04,-224.48,-278.16,-361.12,-746.64,-907.68,-839.36
1302.96,-117.12,-1420.08,-590.48,1361.52,-771.04,-209.84,-268.4,-361.12,-746.64,-907.68,-844.24
1283.44,-122,-1405.44,-580.72,1342,-766.16,-190.32,-263.52,-361.12,-756.4,-912.56,-854
1273.68,-131.76,-1405.44,-570.96,1337.12,-771.04,-180.56,-258.64,-366,-756.4,-932.08,-863.76
1259.04,-136.64,-1395.68,-561.2,1327.36,-766.16,-175.68,-253.76,-375.76,-756.4,-951.6,-868.64
1249.28,-151.28,-1400.56,-546.56,1322.48,-775.92,-170.8,-248.88,-375.76,-775.92,-966.24,-868.64
1220,-141.52,-1361.52,-536.8,1288.32,-751.52,-161.04,-244,-380.64,-780.8,-966.24,-868.64
1244.4,-141.52,-1385.92,-551.44,1312.72,-766.16,-146.4,-239.12,-370.88,-780.8,-971.12,-878.4
1239.52,-141.52,-1381.04,-546.56,1307.84,-761.28,-131.76,-234.24,-361.12,-790.56,-985.76,-883.28
1210.24,-141.52,-1351.76,-531.92,1278.56,-746.64,-122,-239.12,-366,-785.68,-995.52,-897.92
1185.84,-161.04,-1346.88,-512.4,1263.92,-756.4,-122,-239.12,-375.76,-785.68,-980.88,-897.92
1180.96,-161.04,-1342,-507.52,1259.04,-751.52,-122,-239.12,-375.76,-795.44,-990.64,-902.8
1176.08,-161.04,-1337.12,-507.52,1254.16,-751.52,-122,-244,-370.88,-795.44,-1000.4,-907.68
1180.96,-161.04,-1342,-507.52,1259.04,-751.52,-122,-248.88,-370.88,-790.56,-995.52,-912.56
1190.72,-151.28,-1342,-517.28,1263.92,-746.64,-112.24,-244,-356.24,-780.8,-980.88,-897.92
1185.84,-151.28,-1337.12,-517.28,1259.04,-746.64,-97.6,-244,-351.36,-771.04,-971.12,-888.16
1176.08,-146.4,-1322.48,-512.4,1249.28,-736.88,-87.84,-244,-341.6,-761.28,-966.24,-878.4
1161.44,-136.64,-1298.08,-512.4,1229.76,-717.36,-87.84,-239.12,-336.72,-751.52,-956.48,-868.64
1166.32,-136.64,-1302.96,-512.4,1234.64,-722.24,-78.08,-234.24,-331.84,-736.88,-951.6,-863.76
1166.32,-136.64,-1302.96,-512.4,1234.64,-722.24,-78.08,-229.36,-326.96,-732,-941.84,-854
1161.44,-136.64,-1298.08,-512.4,1229.76,-717.36,-78.08,-219.6,-326.96,-727.12,-912.56,-849.12
1166.32,-131.76,-1298.08,-517.28,1229.76,-717.36,-87.84,-204.96,-317.2,-707.6,-893.04,-834.48
1166.32,-117.12,-1283.44,-522.16,1224.88,-702.72,-73.2,-195.2,-297.68,-678.32,-863.76,-810.08
1161.44,-117.12,-1278.56,-522.16,1220,-697.84,-87.84,-190.32,-283.04,-649.04,-839.36,-785.68
1156.56,-117.12,-1273.68,-517.28,1215.12,-697.84,-82.96,-190.32,-258.64,-624.64,-810.08,-761.28
1151.68,-117.12,-1268.8,-517.28,1210.24,-692.96,-82.96,-200.08,-239.12,-600.24,-795.44,-732
1151.68,-112.24,-1263.92,-517.28,1205.36,-688.08,-97.6,-200.08,-234.24,-590.48,-766.16,-717.36
1166.32,-97.6,-1263.92,-531.92,1215.12,-683.2,-107.36,-204.96,-219.6,-575.84,-736.88,-688.08
1171.2,-82.96,-1254.16,-541.68,1210.24,-668.56,-117.12,-204.96,-209.84,-556.32,-707.6,-668.56
1185.84,-73.2,-1259.04,-556.32,1220,-668.56,-126.88,-214.72,-200.08,-536.8,-683.2,-644.16
1200.48,-63.44,-1263.92,-566.08,1229.76,-663.68,-131.76,-219.6,-190.32,-512.4,-649.04,-624.64
1205.36,-53.68,-1259.04,-575.84,1229.76,-658.8,-156.16,-224.48,-180.56,-492.88,-619.76,-605.12
1220,-39.04,-1259.04,-590.48,1239.52,-649.04,-170.8,-234.24,-170.8,-483.12,-605.12,-585.6
1239.52,-29.28,-1268.8,-605.12,1254.16,-649.04,-180.56,-244,-161.04,-458.72,-580.72,-561.2
1254.16,-19.52,-1273.68,-614.88,1263.92,-649.04,-200.08,-258.64,-165.92,-453.84,-556.32,-527.04
1254.16,-14.64,-1268.8,-619.76,1259.04,-644.16,-214.72,-268.4,-165.92,-439.2,-531.92,-507.52
1259.04,-14.64,-1273.68,-619.76,1263.92,-644.16,-229.36,-278.16,-165.92,-429.44,-507.52,-492.88
1254.16,-4.88,-1259.04,-624.64,1254.16,-634.4,-239.12,-283.04,-165.92,-414.8,-488,-473.36
1263.92,4.88,-1259.04,-634.4,1259.04,-629.52,-244,-292.8,-156.16,-400.16,-463.6,-444.08
1278.56,14.64,-1263.92,-644.16,1268.8,-624.64,-258.64,-302.56,-156.16,-390.4,-439.2,-429.44
1288.32,14.64,-1273.68,-649.04,1278.56,-629.52,-268.4,-307.44,-161.04,-380.64,-429.44,-414.8
1302.96,14.64,-1288.32,-658.8,1293.2,-639.28,-273.28,-312.32,-165.92,-380.64,-419.68,-400.16
1298.08,24.4,-1273.68,-658.8,1283.44,-624.64,-287.92,-322.08,-165.92,-385.52,-409.92,-405.04
1302.96,29.28,-1273.68,-663.68,1288.32,-624.64,-292.8,-336.72,-165.92,-375.76,-400.16,-390.4
1298.08,34.16,-1263.92,-663.68,1278.56,-614.88,-307.44,-346.48,-165.92,-366,-395.28,-380.64
1307.84,39.04,-1268.8,-673.44,1288.32,-614.88,-322.08,-351.36,-175.68,-370.88,-395.28,-370.88
1317.6,39.04,-1278.56,-678.32,1298.08,-619.76,-336.72,-351.36,-165.92,-356.24,-370.88,-361.12
1307.84,43.92,-1263.92,-673.44,1283.44,-610,-336.72,-351.36,-161.04,-356.24,-351.36,-351.36
1298.08,43.92,-1254.16,-668.56,1273.68,-605.12,-336.72,-351.36,-161.04,-356.24,-341.6,-336.72
1278.56,43.92,-1234.64,-658.8,1254.16,-595.36,-341.6,-356.24,-161.04,-356.24,-336.72,-336.72
1273.68,43.92,-1229.76,-658.8,1249.28,-595.36,-331.84,-356.24,-161.04,-356.24,-336.72,-336.72
1268.8,34.16,-1234.64,-649.04,1249.28,-600.24,-346.48,-356.24,-165.92,-336.72,-322.08,-331.84
1263.92,29.28,-1234.64,-644.16,1249.28,-605.12,-351.36,-356.24,-165.92,-331.84,-322.08,-322.08
1259.04,24.4,-1234.64,-639.28,1244.4,-605.12,-356.24,-366,-165.92,-322.08,-312.32,-312.32
1254.16,39.04,-1215.12,-644.16,1234.64,-590.48,-366,-370.88,-170.8,-331.84,-302.56,-297.68
1268.8,43.92,-1224.88,-653.92,1244.4,-590.48,-366,-375.76,-175.68,-331.84,-302.56,-297.68
1278.56,48.8,-1229.76,-663.68,1254.16,-590.48,-366,-375.76,-180.56,-331.84,-312.32,-297.68
1283.44,48.8,-1234.64,-663.68,1259.04,-595.36,-351.36,-380.64,-180.56,-326.96,-312.32,-297.68
1263.92,24.4,-1239.52,-644.16,1249.28,-610,-351.36,-380.64,-170.8,-317.2,-297.68,-307.44
1254.16,29.28,-1224.88,-639.28,1239.52,-600.24,-351.36,-370.88,-175.68,-322.08,-287.92,-297.68
1249.28,29.28,-1220,-639.28,1234.64,-595.36,-356.24,-370.88,-175.68,-322.08,-283.04,-292.8
1254.16,24.4,-1229.76,-639.28,1239.52,-605.12,-366,-375.76,-170.8,-317.2,-283.04,-292.8
1244.4,34.16,-1210.24,-639.28,1224.88,-590.48,-361.12,-375.76,-180.56,-326.96,-283.04,-283.04
1239.52,34.16,-1205.36,-634.4,1220,-585.6,-361.12,-375.76,-180.56,-317.2,-283.04,-283.04
1220,34.16,-1185.84,-624.64,1200.48,-575.84,-366,-375.76,-175.68,-312.32,-283.04,-283.04
1224.88,34.16,-1190.72,-629.52,1205.36,-580.72,-366,-370.88,-170.8,-312.32,-287.92,-287.92
1220,24.4,-1195.6,-619.76,1205.36,-585.6,-361.12,-366,-165.92,-302.56,-278.16,-278.16
1215.12,29.28,-1185.84,-619.76,1200.48,-580.72,-356.24,-366,-151.28,-297.68,-263.52,-263.52
1205.36,34.16,-1171.2,-619.76,1185.84,-570.96,-356.24,-356.24,-146.4,-297.68,-263.52,-263.52
1195.6,34.16,-1161.44,-614.88,1176.08,-566.08,-356.24,-366,-146.4,-297.68,-263.52,-263.52
1200.48,48.8,-1151.68,-624.64,1176.08,-551.44,-351.36,-351.36,-136.64,-287.92,-258.64,-263.52
1190.72,48.8,-1141.92,-619.76,1166.32,-546.56,-341.6,-346.48,-136.64,-287.92,-258.64,-263.52
1185.84,48.8,-1137.04,-614.88,1161.44,-546.56,-336.72,-346.48,-136.64,-287.92,-268.4,-263.52
1185.84,48.8,-1137.04,-614.88,1161.44,-546.56,-331.84,-341.6,-131.76,-283.04,-263.52,-263.52
1171.2,39.04,-1132.16,-605.12,1151.68,-546.56,-322.08,-331.84,-117.12,-283.04,-248.88,-258.64
1161.44,34.16,-1127.28,-595.36,1141.92,-546.56,-322.08,-326.96,-112.24,-283.04,-248.88,-253.76
1156.56,34.16,-1122.4,-595.36,1137.04,-546.56,-322.08,-326.96,-112.24,-283.04,-248.88,-253.76
1151.68,43.92,-1107.76,-595.36,1127.28,-531.92,-322.08,-326.96,-112.24,-278.16,-244,-248.88
1151.68,48.8,-1102.88,-600.24,1127.28,-527.04,-322.08,-317.2,-97.6,-268.4,-244,-248.88
1146.8,48.8,-1098,-595.36,1122.4,-527.04,-312.32,-312.32,-97.6,-263.52,-239.12,-244
1141.92,53.68,-1088.24,-595.36,1112.64,-517.28,-292.8,-302.56,-97.6,-258.64,-234.24,-234.24
1141.92,58.56,-1083.36,-600.24,1112.64,-512.4,-292.8,-297.68,-97.6,-253.76,-219.6,-224.48
1122.4,39.04,-1083.36,-580.72,1102.88,-522.16,-292.8,-302.56,-92.72,-253.76,-219.6,-229.36
1112.64,48.8,-1063.84,-580.72,1088.24,-507.52,-283.04,-302.56,-92.72,-253.76,-219.6,-229.36
1102.88,58.56,-1044.32,-580.72,1073.6,-492.88,-273.28,-292.8,-92.72,-248.88,-224.48,-229.36
1098,58.56,-1039.44,-575.84,1068.72,-492.88,-273.28,-292.8,-92.72,-248.88,-234.24,-229.36
1093.12,68.32,-1024.8,-580.72,1058.96,-478.24,-268.4,-302.56,-97.6,-253.76,-244,-239.12
1078.48,68.32,-1010.16,-570.96,1044.32,-473.36,-273.28,-302.56,-97.6,-258.64,-239.12,-239.12
1073.6,58.56,-1015.04,-566.08,1044.32,-478.24,-278.16,-302.56,-97.6,-263.52,-239.12,-239.12
1073.6,58.56,-1015.04,-566.08,1044.32,-478.24,-278.16,-292.8,-102.48,-273.28,-239.12,-239.12
1068.72,78.08,-990.64,-570.96,1029.68,-458.72,-273.28,-297.68,-92.72,-258.64,-234.24,-229.36
1068.72,82.96,-985.76,-575.84,1024.8,-453.84,-273.28,-297.68,-87.84,-258.64,-234.24,-219.6
1063.84,87.84,-976,-575.84,1019.92,-444.08,-278.16,-297.68,-87.84,-258.64,-234.24,-234.24
1058.96,92.72,-966.24,-575.84,1010.16,-439.2,-283.04,-292.8,-87.84,-253.76,-244,-239.12
1039.44,78.08,-961.36,-556.32,1000.4,-444.08,-253.76,-278.16,-73.2,-253.76,-214.72,-204.96
1019.92,48.8,-971.12,-531.92,995.52,-463.6,-244,-278.16,-63.44,-244,-209.84,-200.08
980.88,39.04,-941.84,-507.52,961.36,-453.84,-234.24,-268.4,-53.68,-239.12,-209.84,-209.84
990.64,58.56,-932.08,-522.16,961.36,-439.2,-224.48,-263.52,-48.8,-219.6,-195.2,-200.08
