I,II,III,aVR,aVL,aVF,V1,V2,V3,V4,V5,V6
-9.76,-53.68,-43.92,34.16,14.64,-48.8,-48.8,63.44,92.72,122,-9.76,-146.4
0,-53.68,-53.68,29.28,24.4,-53.68,-29.28,87.84,146.4,253.76,117.12,-141.52
0,-34.16,-34.16,19.52,14.64,-34.16,-24.4,131.76,214.72,405.04,297.68,-48.8
29.28,24.4,-4.88,-24.4,14.64,9.76,-68.32,63.44,195.2,522.16,551.44,92.72
19.52,102.48,82.96,-58.56,-34.16,92.72,-107.36,-39.04,136.64,551.44,829.6,322.08
24.4,180.56,156.16,-102.48,-68.32,165.92,-180.56,-156.16,24.4,473.36,1054.08,590.48
48.8,244,195.2,-146.4,-73.2,219.6,-253.76,-200.08,-87.84,336.72,1244.4,902.8
68.32,351.36,283.04,-209.84,-107.36,317.2,-322.08,-297.68,-224.48,151.28,1493.28,1356.64
141.52,473.36,331.84,-307.44,-97.6,400.16,-468.48,-556.32,-488,-190.32,1698.24,1912.96
200.08,585.6,385.52,-390.4,-92.72,483.12,-575.84,-800.32,-897.92,-732,1742.16,2532.72
234.24,668.56,434.32,-448.96,-102.48,551.44,-683.2,-1058.96,-1376.16,-1376.16,1693.36,3137.84
317.2,736.88,419.68,-527.04,-53.68,575.84,-814.96,-1234.64,-1693.36,-1888.56,1600.64,3547.76
312.32,717.36,405.04,-512.4,-48.8,561.2,-844.24,-1283.44,-1869.04,-2244.8,1381.04,3742.96
263.52,678.32,414.8,-468.48,-78.08,546.56,-854,-1293.2,-2005.68,-2537.6,961.36,3606.32
204.96,702.72,497.76,-453.84,-146.4,600.24,-873.52,-1346.88,-2186.24,-2952.4,136.64,3191.52
126.88,756.4,629.52,-439.2,-253.76,692.96,-873.52,-1400.56,-2405.84,-3406.24,-902.8,2630.32
43.92,751.52,707.6,-395.28,-331.84,727.12,-854,-1434.72,-2596.16,-3777.12,-1864.16,1942.24
29.28,639.28,610,-331.84,-292.8,624.64,-785.68,-1410.32,-2644.96,-3884.48,-2449.76,1156.56
29.28,424.56,395.28,-224.48,-185.44,409.92,-683.2,-1361.52,-2630.32,-3806.4,-2679.12,492.88
29.28,292.8,263.52,-161.04,-117.12,278.16,-649.04,-1371.28,-2644.96,-3679.52,-2723.04,87.84
39.04,195.2,156.16,-117.12,-58.56,175.68,-634.4,-1400.56,-2591.28,-3464.8,-2620.56,-117.12
9.76,136.64,126.88,-73.2,-58.56,131.76,-585.6,-1356.64,-2415.6,-3103.68,-2371.68,-278.16
-53.68,122,175.68,-34.16,-117.12,146.4,-478.24,-1210.24,-2152.08,-2659.6,-2039.84,-346.48
-58.56,97.6,156.16,-19.52,-107.36,126.88,-385.52,-990.64,-1815.36,-2196,-1708,-375.76
-68.32,78.08,146.4,-4.88,-107.36,112.24,-322.08,-712.48,-1439.6,-1742.16,-1390.8,-390.4
-97.6,58.56,156.16,19.52,-126.88,107.36,-253.76,-522.16,-1107.76,-1361.52,-1122.4,-370.88
-53.68,14.64,68.32,19.52,-63.44,39.04,-234.24,-414.8,-873.52,-1068.72,-912.56,-317.2
-29.28,9.76,39.04,9.76,-34.16,24.4,-229.36,-312.32,-668.56,-829.6,-741.76,-263.52
-24.4,24.4,48.8,0,-39.04,34.16,-204.96,-273.28,-478.24,-590.48,-556.32,-185.44
-29.28,9.76,39.04,9.76,-34.16,24.4,-204.96,-219.6,-331.84,-414.8,-429.44,-146.4
-24.4,19.52,43.92,4.88,-34.16,29.28,-165.92,-117.12,-209.84,-287.92,-326.96,-117.12
-48.8,9.76,58.56,19.52,-53.68,34.16,-102.48,-82.96,-131.76,-180.56,-244,-87.84
-68.32,0,68.32,34.16,-68.32,34.16,-102.48,-19.52,-92.72,-131.76,-204.96,-92.72
-48.8,4.88,53.68,24.4,-53.68,29.28,-92.72,-53.68,-78.08,-92.72,-165.92,-87.84
-63.44,-24.4,39.04,43.92,-53.68,4.88,-68.32,-53.68,-53.68,-53.68,-136.64,-87.84
-68.32,-19.52,48.8,43.92,-58.56,14.64,-58.56,-43.92,-29.28,-29.28,-107.36,-92.72
-39.04,-14.64,24.4,29.28,-34.16,4.88,-39.04,-48.8,-9.76,-4.88,-87.84,-82.96
-39.04,0,39.04,19.52,-39.04,19.52,-43.92,-9.76,19.52,14.64,-78.08,-92.72
-53.68,-9.76,43.92,34.16,-48.8,14.64,-48.8,0,34.16,19.52,-87.84,-107.36
-58.56,-29.28,29.28,43.92,-43.92,0,-24.4,-4.88,34.16,43.92,-87.84,-112.24
-19.52,-29.28,-9.76,24.4,-4.88,-19.52,-24.4,19.52,9.76,43.92,-117.12,-131.76
0,-14.64,-14.64,9.76,4.88,-14.64,-24.4,14.64,34.16,48.8,-131.76,-136.64
-39.04,-19.52,19.52,29.28,-29.28,0,-29.28,14.64,48.8,58.56,-131.76,-126.88
-63.44,-48.8,14.64,58.56,-39.04,-19.52,-48.8,-9.76,24.4,53.68,-136.64,-141.52
-63.44,-34.16,29.28,48.8,-48.8,-4.88,-53.68,-4.88,34.16,63.44,-122,-131.76
-24.4,0,24.4,14.64,-24.4,9.76,-63.44,63.44,48.8,58.56,-107.36,-131.76
-29.28,-9.76,19.52,19.52,-24.4,4.88,-19.52,68.32,63.44,97.6,-68.32,-97.6
-34.16,-14.64,19.52,24.4,-29.28,0,-34.16,29.28,63.44,97.6,-53.68,-92.72
-24.4,4.88,29.28,9.76,-29.28,14.64,-48.8,29.28,78.08,97.6,-58.56,-92.72
-53.68,-14.64,39.04,34.16,-48.8,9.76,-48.8,43.92,63.44,97.6,-48.8,-78.08
-68.32,-24.4,43.92,48.8,-58.56,9.76,-53.68,58.56,68.32,97.6,-48.8,-63.44
-48.8,-29.28,19.52,39.04,-34.16,-4.88,-82.96,34.16,73.2,92.72,-53.68,-63.44
4.88,0,-4.88,0,4.88,-4.88,-102.48,29.28,48.8,58.56,-82.96,-78.08
0,-14.64,-14.64,9.76,4.88,-14.64,-92.72,63.44,73.2,63.44,-73.2,-73.2
-39.04,-19.52,19.52,29.28,-29.28,0,-73.2,58.56,78.08,78.08,-68.32,-53.68
-53.68,-14.64,39.04,34.16,-48.8,9.76,-48.8,63.44,87.84,82.96,-63.44,-34.16
-48.8,-19.52,29.28,34.16,-39.04,4.88,-39.04,63.44,107.36,87.84,-63.44,-24.4
-14.64,4.88,19.52,4.88,-19.52,9.76,-29.28,87.84,122,102.48,-48.8,-4.88
-39.04,0,39.04,19.52,-39.04,19.52,9.76,82.96,112.24,112.24,-58.56,4.88
-53.68,-4.88,48.8,29.28,-53.68,19.52,19.52,87.84,122,107.36,-53.68,14.64
-34.16,29.28,63.44,4.88,-48.8,43.92,24.4,43.92,82.96,97.6,-63.44,14.64
-19.52,34.16,53.68,-4.88,-39.04,43.92,48.8,39.04,102.48,92.72,-68.32,9.76
-63.44,0,63.44,34.16,-63.44,29.28,68.32,63.44,97.6,92.72,-63.44,14.64
-68.32,-14.64,53.68,43.92,-63.44,19.52,73.2,63.44,82.96,82.96,-58.56,9.76
-48.8,-4.88,43.92,29.28,-48.8,19.52,53.68,39.04,58.56,73.2,-82.96,-19.52
-29.28,19.52,48.8,4.88,-39.04,34.16,43.92,-9.76,43.92,68.32,-87.84,-24.4
-34.16,-19.52,14.64,29.28,-24.4,-4.88,39.04,9.76,58.56,82.96,-82.96,-24.4
-58.56,-19.52,39.04,39.04,-48.8,9.76,14.64,29.28,58.56,97.6,-78.08,-39.04
-48.8,-9.76,39.04,29.28,-43.92,14.64,4.88,58.56,78.08,102.48,-78.08,-34.16
-63.44,-39.04,24.4,53.68,-43.92,-9.76,-9.76,29.28,68.32,97.6,-73.2,-39.04
-53.68,-24.4,29.28,39.04,-43.92,0,0,9.76,63.44,102.48,-68.32,-39.04
-68.32,-19.52,48.8,43.92,-58.56,14.64,14.64,14.64,48.8,97.6,-53.68,-48.8
-68.32,-29.28,39.04,48.8,-53.68,4.88,19.52,-19.52,48.8,97.6,-53.68,-43.92
-43.92,-48.8,-4.88,48.8,-19.52,-29.28,24.4,-24.4,48.8,92.72,-39.04,-48.8
-43.92,-43.92,0,43.92,-24.4,-24.4,19.52,-19.52,48.8,97.6,-48.8,-63.44
-34.16,-48.8,-14.64,43.92,-9.76,-34.16,-9.76,0,58.56,102.48,-43.92,-63.44
-48.8,-43.92,4.88,48.8,-29.28,-19.52,14.64,-9.76,73.2,131.76,-24.4,-58.56
-63.44,-39.04,24.4,53.68,-43.92,-9.76,-9.76,29.28,92.72,136.64,-14.64,-63.44
-53.68,-29.28,24.4,43.92,-39.04,-4.88,-34.16,29.28,78.08,131.76,-24.4,-78.08
-43.92,-34.16,9.76,39.04,-29.28,-14.64,-34.16,34.16,82.96,131.76,-14.64,-78.08
-24.4,-53.68,-29.28,39.04,0,-43.92,-14.64,24.4,107.36,156.16,9.76,-73.2
0,-34.16,-34.16,19.52,14.64,-34.16,-24.4,34.16,107.36,156.16,14.64,-78.08
-29.28,-29.28,0,29.28,-14.64,-14.64,-14.64,53.68,107.36,156.16,24.4,-73.2
-34.16,-34.16,0,34.16,-19.52,-19.52,0,19.52,126.88,170.8,39.04,-68.32
0,-39.04,-39.04,19.52,19.52,-39.04,-4.88,39.04,126.88,180.56,39.04,-73.2
24.4,-19.52,-43.92,0,34.16,-34.16,-14.64,39.04,141.52,190.32,34.16,-78.08
-19.52,-43.92,-24.4,34.16,0,-34.16,-4.88,29.28,146.4,214.72,53.68,-68.32
-9.76,-34.16,-24.4,24.4,4.88,-29.28,4.88,73.2,165.92,234.24,58.56,-73.2
-19.52,-19.52,0,19.52,-9.76,-9.76,-34.16,58.56,165.92,229.36,39.04,-92.72
-9.76,-34.16,-24.4,24.4,4.88,-29.28,-14.64,107.36,200.08,248.88,58.56,-87.84
14.64,-29.28,-43.92,9.76,29.28,-39.04,-14.64,82.96,175.68,248.88,43.92,-102.48
24.4,-14.64,-39.04,-4.88,29.28,-29.28,-14.64,68.32,180.56,258.64,53.68,-97.6
19.52,-14.64,-34.16,0,24.4,-24.4,0,78.08,209.84,263.52,63.44,-82.96
-4.88,-39.04,-34.16,24.4,14.64,-39.04,9.76,78.08,248.88,283.04,78.08,-82.96
-19.52,-43.92,-24.4,34.16,0,-34.16,14.64,122,229.36,297.68,78.08,-73.2
-19.52,-14.64,4.88,19.52,-14.64,-4.88,19.52,112.24,239.12,302.56,78.08,-73.2
-4.88,-19.52,-14.64,14.64,4.88,-19.52,-14.64,107.36,239.12,312.32,87.84,-73.2
19.52,0,-19.52,-9.76,19.52,-9.76,-29.28,122,248.88,326.96,92.72,-78.08
14.64,-29.28,-43.92,9.76,29.28,-39.04,-39.04,92.72,263.52,346.48,92.72,-78.08
39.04,-9.76,-48.8,-14.64,43.92,-29.28,-43.92,136.64,263.52,336.72,92.72,-92.72
24.4,-4.88,-29.28,-9.76,24.4,-19.52,-19.52,165.92,283.04,361.12,117.12,-73.2
-4.88,14.64,19.52,-4.88,-14.64,14.64,-48.8,141.52,312.32,370.88,126.88,-73.2
0,19.52,19.52,-9.76,-9.76,19.52,-73.2,107.36,292.8,366,122,-82.96
4.88,4.88,0,-4.88,0,0,-48.8,126.88,322.08,405.04,165.92,-53.68
0,-9.76,-9.76,4.88,4.88,-9.76,-53.68,146.4,341.6,409.92,161.04,-58.56
0,-19.52,-19.52,9.76,9.76,-19.52,-48.8,161.04,351.36,429.44,170.8,-48.8
29.28,-24.4,-53.68,0,39.04,-39.04,-63.44,161.04,370.88,444.08,180.56,-48.8
19.52,-19.52,-39.04,0,29.28,-29.28,-58.56,161.04,395.28,468.48,204.96,-43.92
0,0,0,0,0,0,-58.56,204.96,414.8,492.88,219.6,-39.04
-4.88,14.64,19.52,-4.88,-14.64,14.64,-87.84,214.72,419.68,488,209.84,-63.44
14.64,4.88,-9.76,-9.76,9.76,-4.88,-73.2,175.68,414.8,512.4,229.36,-58.56
14.64,-14.64,-29.28,0,19.52,-24.4,-73.2,219.6,414.8,522.16,248.88,-53.68
4.88,4.88,0,-4.88,0,0,-92.72,190.32,424.56,517.28,253.76,-63.44
4.88,9.76,4.88,-4.88,0,4.88,-73.2,190.32,448.96,546.56,283.04,-43.92
29.28,4.88,-24.4,-14.64,24.4,-9.76,-63.44,190.32,468.48,570.96,297.68,-39.04
53.68,43.92,-9.76,-48.8,29.28,14.64,-82.96,180.56,463.6,570.96,292.8,-53.68
43.92,19.52,-24.4,-29.28,34.16,-4.88,-48.8,234.24,473.36,600.24,326.96,-43.92
48.8,14.64,-34.16,-29.28,39.04,-9.76,-53.68,263.52,492.88,624.64,341.6,-43.92
53.68,48.8,-4.88,-48.8,29.28,19.52,-48.8,263.52,517.28,649.04,366,-34.16
43.92,39.04,-4.88,-39.04,24.4,14.64,-34.16,224.48,527.04,663.68,385.52,-34.16
34.16,-4.88,-39.04,-14.64,34.16,-24.4,-39.04,239.12,531.92,668.56,380.64,-48.8
-19.52,-14.64,4.88,19.52,-14.64,-4.88,4.88,253.76,561.2,688.08,400.16,-43.92
43.92,4.88,-39.04,-24.4,39.04,-19.52,4.88,248.88,541.68,697.84,405.04,-58.56
87.84,24.4,-63.44,-53.68,73.2,-19.52,-9.76,278.16,541.68,697.84,414.8,-68.32
92.72,19.52,-73.2,-53.68,82.96,-29.28,-9.76,292.8,570.96,702.72,414.8,-78.08
43.92,29.28,-14.64,-34.16,29.28,4.88,19.52,268.4,600.24,732,448.96,-63.44
78.08,48.8,-29.28,-63.44,53.68,9.76,29.28,263.52,624.64,766.16,473.36,-43.92
58.56,9.76,-48.8,-34.16,53.68,-19.52,19.52,287.92,595.36,775.92,478.24,-58.56
73.2,24.4,-48.8,-48.8,58.56,-14.64,14.64,346.48,639.28,790.56,488,-63.44
63.44,14.64,-48.8,-39.04,53.68,-19.52,39.04,307.44,673.44,824.72,527.04,-43.92
43.92,0,-43.92,-19.52,43.92,-24.4,24.4,341.6,663.68,834.48,541.68,-48.8
43.92,14.64,-29.28,-29.28,34.16,-9.76,4.88,351.36,683.2,839.36,556.32,-58.56
53.68,39.04,-14.64,-43.92,34.16,9.76,-19.52,336.72,688.08,849.12,566.08,-68.32
34.16,24.4,-9.76,-29.28,19.52,4.88,-29.28,322.08,678.32,858.88,580.72,-68.32
48.8,14.64,-34.16,-29.28,39.04,-9.76,-19.52,375.76,692.96,873.52,595.36,-63.44
68.32,24.4,-43.92,-43.92,53.68,-9.76,-53.68,356.24,668.56,858.88,575.84,-97.6
68.32,14.64,-53.68,-39.04,58.56,-19.52,-63.44,312.32,683.2,863.76,590.48,-87.84
43.92,19.52,-24.4,-29.28,34.16,-4.88,-43.92,283.04,663.68,873.52,605.12,-78.08
29.28,0,-29.28,-14.64,29.28,-14.64,-39.04,273.28,624.64,858.88,595.36,-82.96
39.04,24.4,-14.64,-29.28,24.4,4.88,-19.52,248.88,649.04,854,610,-82.96
43.92,9.76,-34.16,-24.4,39.04,-14.64,4.88,229.36,605.12,844.24,619.76,-73.2
19.52,0,-19.52,-9.76,19.52,-9.76,9.76,219.6,575.84,849.12,624.64,-73.2
14.64,24.4,9.76,-19.52,0,14.64,-9.76,253.76,556.32,834.48,619.76,-78.08
9.76,9.76,0,-9.76,4.88,4.88,-39.04,175.68,546.56,824.72,619.76,-87.84
14.64,4.88,-9.76,-9.76,9.76,-4.88,-48.8,156.16,566.08,819.84,619.76,-82.96
14.64,-9.76,-24.4,0,19.52,-19.52,-24.4,185.44,541.68,819.84,624.64,-68.32
29.28,-14.64,-43.92,-4.88,34.16,-29.28,-53.68,195.2,531.92,795.44,605.12,-87.84
14.64,-24.4,-39.04,4.88,24.4,-34.16,-58.56,161.04,531.92,795.44,614.88,-82.96
34.16,-14.64,-48.8,-9.76,39.04,-34.16,-34.16,170.8,522.16,795.44,614.88,-73.2
53.68,9.76,-43.92,-29.28,48.8,-19.52,-68.32,170.8,502.64,785.68,614.88,-68.32
73.2,24.4,-48.8,-48.8,58.56,-14.64,-39.04,170.8,502.64,775.92,614.88,-63.44
78.08,19.52,-58.56,-48.8,68.32,-19.52,-53.68,151.28,502.64,746.64,600.24,-73.2
43.92,19.52,-24.4,-29.28,34.16,-4.88,-78.08,117.12,463.6,712.48,580.72,-82.96
63.44,34.16,-29.28,-48.8,43.92,0,-58.56,146.4,453.84,712.48,595.36,-73.2
48.8,24.4,-24.4,-34.16,34.16,0,-58.56,156.16,419.68,688.08,570.96,-78.08
63.44,29.28,-34.16,-43.92,48.8,-4.88,-58.56,146.4,409.92,668.56,566.08,-78.08
58.56,14.64,-43.92,-34.16,48.8,-14.64,-58.56,131.76,395.28,653.92,561.2,-78.08
43.92,4.88,-39.04,-24.4,39.04,-19.52,-87.84,112.24,385.52,649.04,556.32,-73.2
87.84,14.64,-73.2,-48.8,78.08,-29.28,-122,78.08,351.36,619.76,531.92,-82.96
58.56,0,-58.56,-29.28,58.56,-29.28,-112.24,97.6,341.6,605.12,531.92,-78.08
29.28,-9.76,-39.04,-9.76,34.16,-24.4,-97.6,117.12,356.24,590.48,541.68,-68.32
48.8,0,-48.8,-24.4,48.8,-24.4,-92.72,73.2,336.72,570.96,531.92,-63.44
63.44,9.76,-53.68,-34.16,58.56,-24.4,-102.48,48.8,292.8,536.8,502.64,-68.32
92.72,34.16,-58.56,-63.44,73.2,-14.64,-97.6,19.52,268.4,497.76,473.36,-73.2
87.84,4.88,-82.96,-43.92,82.96,-39.04,-97.6,53.68,278.16,478.24,468.48,-58.56
102.48,39.04,-63.44,-68.32,82.96,-14.64,-107.36,112.24,248.88,458.72,458.72,-43.92
92.72,53.68,-39.04,-73.2,63.44,4.88,-102.48,58.56,234.24,434.32,434.32,-39.04
34.16,-4.88,-39.04,-14.64,34.16,-24.4,-112.24,39.04,209.84,409.92,409.92,-39.04
48.8,-9.76,-58.56,-19.52,53.68,-34.16,-131.76,24.4,185.44,385.52,380.64,-39.04
53.68,0,-53.68,-24.4,53.68,-29.28,-122,29.28,170.8,366,370.88,-24.4
34.16,-9.76,-43.92,-9.76,39.04,-29.28,-126.88,14.64,151.28,331.84,341.6,-19.52
68.32,0,-68.32,-34.16,68.32,-34.16,-122,4.88,131.76,292.8,302.56,-29.28
48.8,-4.88,-53.68,-19.52,48.8,-29.28,-102.48,-4.88,131.76,273.28,292.8,-9.76
4.88,-4.88,-9.76,0,4.88,-9.76,-97.6,-19.52,126.88,253.76,283.04,9.76
43.92,14.64,-29.28,-29.28,34.16,-9.76,-92.72,-4.88,87.84,224.48,253.76,9.76
58.56,4.88,-53.68,-29.28,53.68,-24.4,-87.84,-4.88,68.32,190.32,224.48,4.88
68.32,29.28,-39.04,-48.8,53.68,-4.88,-68.32,-9.76,73.2,190.32,219.6,29.28
63.44,43.92,-19.52,-53.68,39.04,9.76,-87.84,19.52,48.8,151.28,170.8,9.76
19.52,29.28,9.76,-24.4,4.88,19.52,-112.24,-9.76,14.64,112.24,126.88,-9.76
29.28,4.88,-24.4,-14.64,24.4,-9.76,-102.48,-34.16,0,97.6,112.24,-4.88
39.04,-4.88,-43.92,-14.64,39.04,-24.4,-92.72,-63.44,0,78.08,102.48,0
39.04,-9.76,-48.8,-14.64,43.92,-29.28,-97.6,-24.4,-4.88,68.32,87.84,0
34.16,0,-34.16,-14.64,34.16,-19.52,-92.72,-43.92,0,43.92,68.32,4.88
14.64,0,-14.64,-4.88,14.64,-9.76,-82.96,-4.88,-24.4,29.28,63.44,14.64
9.76,-14.64,-24.4,4.88,14.64,-19.52,-73.2,-39.04,-34.16,19.52,58.56,24.4
14.64,-24.4,-39.04,4.88,24.4,-34.16,-68.32,-53.68,-24.4,4.88,39.04,14.64
39.04,0,-39.04,-19.52,39.04,-19.52,-73.2,-24.4,-48.8,-4.88,19.52,19.52
48.8,14.64,-34.16,-29.28,39.04,-9.76,-48.8,-34.16,-19.52,-4.88,14.64,24.4
78.08,53.68,-24.4,-63.44,48.8,14.64,-48.8,-73.2,-39.04,-14.64,-9.76,14.64
43.92,24.4,-19.52,-34.16,29.28,0,-29.28,-43.92,-24.4,-9.76,-4.88,24.4
24.4,-19.52,-43.92,0,34.16,-34.16,-39.04,-58.56,-39.04,-34.16,-29.28,9.76
34.16,-19.52,-53.68,-4.88,43.92,-39.04,-39.04,-39.04,-43.92,-39.04,-43.92,0
4.88,-19.52,-24.4,9.76,14.64,-24.4,-24.4,-39.04,-29.28,-39.04,-43.92,9.76
-14.64,-24.4,-9.76,19.52,-4.88,-19.52,-19.52,-39.04,-34.16,-53.68,-58.56,9.76
9.76,0,-9.76,-4.88,9.76,-4.88,-4.88,-24.4,-39.04,-53.68,-68.32,9.76
-4.88,-9.76,-4.88,9.76,0,-9.76,4.88,48.8,-14.64,-34.16,-53.68,24.4
14.64,-14.64,-29.28,0,19.52,-24.4,-4.88,14.64,-19.52,-53.68,-73.2,19.52
29.28,0,-29.28,-14.64,29.28,-14.64,-9.76,-24.4,-29.28,-58.56,-87.84,14.64
14.64,34.16,19.52,-24.4,-4.88,24.4,9.76,-43.92,-48.8,-68.32,-97.6,14.64
-9.76,9.76,19.52,0,-14.64,14.64,19.52,-34.16,-48.8,-73.2,-97.6,9.76
4.88,9.76,4.88,-4.88,0,4.88,-4.88,-19.52,-48.8,-82.96,-107.36,9.76
4.88,19.52,14.64,-9.76,-4.88,14.64,-19.52,0,-48.8,-97.6,-122,-9.76
-9.76,-9.76,0,9.76,-4.88,-4.88,-24.4,4.88,-63.44,-102.48,-117.12,-9.76
0,-29.28,-29.28,14.64,14.64,-29.28,0,14.64,-73.2,-107.36,-112.24,-4.88
-4.88,-39.04,-34.16,24.4,14.64,-39.04,-4.88,14.64,-63.44,-117.12,-122,-19.52
0,-4.88,-4.88,4.88,0,-4.88,-19.52,4.88,-43.92,-112.24,-126.88,-19.52
14.64,19.52,4.88,-14.64,4.88,9.76,-24.4,0,-58.56,-122,-122,-19.52
-14.64,0,14.64,9.76,-14.64,4.88,-14.64,29.28,-39.04,-102.48,-107.36,-14.64
-4.88,24.4,29.28,-9.76,-19.52,24.4,-24.4,48.8,-43.92,-107.36,-107.36,-19.52
-4.88,0,4.88,4.88,-4.88,0,-9.76,82.96,-19.52,-102.48,-87.84,-9.76
-34.16,-14.64,19.52,24.4,-29.28,0,-24.4,29.28,-53.68,-117.12,-92.72,-29.28
-29.28,-19.52,9.76,24.4,-19.52,-4.88,-24.4,29.28,-48.8,-126.88,-97.6,-39.04
-19.52,-29.28,-9.76,24.4,-4.88,-19.52,-39.04,19.52,-58.56,-136.64,-112.24,-58.56
-24.4,-19.52,4.88,24.4,-14.64,-9.76,-43.92,29.28,-63.44,-141.52,-122,-68.32
-48.8,-24.4,24.4,39.04,-39.04,0,-34.16,9.76,-63.44,-141.52,-122,-73.2
-43.92,-73.2,-29.28,58.56,-9.76,-53.68,-24.4,14.64,-63.44,-136.64,-136.64,-87.84
-34.16,-63.44,-29.28,48.8,-4.88,-48.8,0,24.4,-48.8,-131.76,-141.52,-82.96
-53.68,-58.56,-4.88,58.56,-24.4,-34.16,-4.88,68.32,-48.8,-122,-136.64,-78.08
-63.44,-34.16,29.28,48.8,-48.8,-4.88,4.88,24.4,-34.16,-112.24,-146.4,-82.96
-43.92,-39.04,4.88,43.92,-24.4,-19.52,29.28,34.16,-58.56,-112.24,-146.4,-82.96
-43.92,-73.2,-29.28,58.56,-9.76,-53.68,34.16,39.04,-68.32,-117.12,-156.16,-97.6
-58.56,-53.68,4.88,58.56,-34.16,-24.4,39.04,-9.76,-43.92,-122,-161.04,-102.48
-73.2,-53.68,19.52,63.44,-48.8,-19.52,58.56,-34.16,-63.44,-126.88,-161.04,-102.48
-63.44,-102.48,-39.04,82.96,-14.64,-73.2,73.2,-34.16,-68.32,-131.76,-165.92,-107.36
-73.2,-92.72,-19.52,82.96,-29.28,-58.56,58.56,-97.6,-63.44,-136.64,-180.56,-122
-78.08,-78.08,0,78.08,-39.04,-39.04,63.44,-78.08,-87.84,-126.88,-170.8,-126.88
-63.44,-68.32,-4.88,68.32,-29.28,-39.04,39.04,-78.08,-73.2,-126.88,-165.92,-131.76
-68.32,-92.72,-24.4,82.96,-24.4,-58.56,34.16,-78.08,-73.2,-122,-165.92,-136.64
-78.08,-92.72,-14.64,87.84,-34.16,-53.68,39.04,-68.32,-68.32,-107.36,-156.16,-136.64
-63.44,-92.72,-29.28,78.08,-19.52,-63.44,68.32,-58.56,-39.04,-92.72,-141.52,-126.88
-34.16,-78.08,-43.92,58.56,4.88,-63.44,63.44,-34.16,-29.28,-87.84,-131.76,-141.52
-53.68,-73.2,-19.52,63.44,-19.52,-48.8,63.44,-14.64,-34.16,-73.2,-117.12,-136.64
-34.16,-68.32,-34.16,53.68,0,-53.68,48.8,-4.88,-24.4,-58.56,-97.6,-126.88
-58.56,-78.08,-19.52,68.32,-19.52,-48.8,48.8,-9.76,-4.88,-53.68,-87.84,-126.88
-63.44,-73.2,-9.76,68.32,-29.28,-43.92,39.04,9.76,19.52,-53.68,-92.72,-141.52
-53.68,-63.44,-9.76,58.56,-24.4,-39.04,14.64,-24.4,9.76,-48.8,-92.72,-136.64
-39.04,-82.96,-43.92,63.44,0,-63.44,29.28,14.64,-14.64,-39.04,-82.96,-141.52
-43.92,-78.08,-34.16,63.44,-4.88,-58.56,63.44,29.28,0,-14.64,-68.32,-141.52
-43.92,-82.96,-39.04,63.44,-4.88,-63.44,48.8,24.4,19.52,4.88,-58.56,-131.76
-48.8,-87.84,-39.04,68.32,-4.88,-63.44,39.04,4.88,24.4,4.88,-48.8,-136.64
-58.56,-58.56,0,58.56,-29.28,-29.28,34.16,4.88,24.4,14.64,-43.92,-146.4
-58.56,-24.4,34.16,43.92,-48.8,4.88,34.16,19.52,39.04,24.4,-39.04,-146.4
-73.2,-63.44,9.76,68.32,-43.92,-29.28,43.92,29.28,39.04,39.04,-29.28,-131.76
-53.68,-68.32,-14.64,63.44,-19.52,-43.92,53.68,19.52,43.92,39.04,-19.52,-122
-29.28,-53.68,-24.4,43.92,-4.88,-39.04,58.56,34.16,48.8,48.8,-24.4,-126.88
-34.16,-63.44,-29.28,48.8,-4.88,-48.8,53.68,29.28,48.8,53.68,-29.28,-122
-58.56,-58.56,0,58.56,-29.28,-29.28,68.32,43.92,58.56,68.32,-19.52,-117.12
-29.28,-63.44,-34.16,48.8,0,-48.8,34.16,68.32,82.96,78.08,-9.76,-117.12
-43.92,-63.44,-19.52,53.68,-14.64,-43.92,53.68,78.08,107.36,92.72,0,-102.48
-39.04,-48.8,-9.76,43.92,-14.64,-29.28,48.8,43.92,78.08,78.08,-4.88,-107.36
-73.2,-43.92,29.28,58.56,-53.68,-9.76,39.04,43.92,87.84,87.84,4.88,-97.6
-63.44,-43.92,19.52,53.68,-43.92,-14.64,43.92,58.56,97.6,97.6,19.52,-87.84
-43.92,-68.32,-24.4,58.56,-9.76,-48.8,43.92,43.92,92.72,92.72,24.4,-82.96
-4.88,-39.04,-34.16,24.4,14.64,-39.04,53.68,39.04,117.12,92.72,34.16,-68.32
14.64,-48.8,-63.44,19.52,39.04,-58.56,73.2,82.96,112.24,92.72,34.16,-63.44
-19.52,-63.44,-43.92,43.92,9.76,-53.68,92.72,53.68,92.72,102.48,43.92,-43.92
4.88,-48.8,-53.68,24.4,29.28,-53.68,78.08,34.16,92.72,92.72,39.04,-43.92
-24.4,-43.92,-19.52,34.16,-4.88,-34.16,92.72,53.68,117.12,112.24,58.56,-19.52
-48.8,-68.32,-19.52,58.56,-14.64,-43.92,97.6,58.56,122,117.12,53.68,-24.4
-19.52,-58.56,-39.04,39.04,9.76,-48.8,97.6,82.96,107.36,102.48,48.8,-29.28
-48.8,-34.16,14.64,43.92,-34.16,-9.76,82.96,97.6,117.12,102.48,48.8,-29.28
-43.92,-29.28,14.64,39.04,-29.28,-9.76,92.72,97.6,122,102.48,48.8,-34.16
-19.52,-29.28,-9.76,24.4,-4.88,-19.52,87.84,82.96,107.36,97.6,48.8,-29.28
-24.4,-39.04,-14.64,34.16,-4.88,-29.28,63.44,58.56,102.48,82.96,43.92,-29.28
0,-39.04,-39.04,19.52,19.52,-39.04,73.2,117.12,97.6,87.84,43.92,-9.76
-19.52,-24.4,-4.88,24.4,-9.76,-14.64,73.2,156.16,102.48,92.72,43.92,-4.88
-4.88,-24.4,-19.52,14.64,4.88,-24.4,63.44,63.44,107.36,87.84,34.16,-9.76
19.52,-43.92,-63.44,14.64,39.04,-53.68,68.32,82.96,102.48,78.08,29.28,-14.64
-4.88,-29.28,-24.4,19.52,9.76,-29.28,82.96,117.12,107.36,87.84,29.28,-4.88
0,0,0,0,0,0,97.6,92.72,141.52,87.84,34.16,0
-53.68,-4.88,48.8,29.28,-53.68,19.52,68.32,107.36,131.76,78.08,24.4,-4.88
-39.04,9.76,48.8,14.64,-43.92,29.28,48.8,102.48,117.12,78.08,14.64,-14.64
-29.28,0,29.28,14.64,-29.28,14.64,73.2,102.48,107.36,82.96,24.4,0
-39.04,-9.76,29.28,24.4,-34.16,9.76,82.96,102.48,107.36,78.08,29.28,4.88
-29.28,-24.4,4.88,29.28,-19.52,-9.76,68.32,82.96,112.24,78.08,14.64,0
-34.16,-14.64,19.52,24.4,-29.28,0,53.68,87.84,122,78.08,14.64,9.76
-43.92,-24.4,19.52,34.16,-34.16,-4.88,58.56,97.6,126.88,82.96,19.52,19.52
-39.04,-19.52,19.52,29.28,-29.28,0,92.72,107.36,131.76,82.96,19.52,24.4
-34.16,0,34.16,19.52,-34.16,14.64,97.6,87.84,117.12,68.32,0,14.64
-19.52,-14.64,4.88,19.52,-14.64,-4.88,73.2,82.96,87.84,48.8,-9.76,4.88
-29.28,-39.04,-9.76,34.16,-9.76,-24.4,87.84,102.48,92.72,48.8,-9.76,4.88
-48.8,-39.04,9.76,43.92,-29.28,-14.64,78.08,73.2,73.2,39.04,-19.52,-4.88
-34.16,-34.16,0,34.16,-19.52,-19.52,73.2,39.04,63.44,24.4,-24.4,-4.88
-43.92,0,43.92,24.4,-43.92,19.52,63.44,4.88,53.68,9.76,-34.16,-14.64
-43.92,24.4,68.32,9.76,-58.56,43.92,58.56,48.8,63.44,4.88,-43.92,-19.52
-19.52,14.64,34.16,4.88,-29.28,24.4,58.56,48.8,63.44,4.88,-39.04,-9.76
-24.4,-9.76,14.64,19.52,-19.52,0,58.56,24.4,43.92,9.76,-39.04,0
-48.8,-39.04,9.76,43.92,-29.28,-14.64,53.68,19.52,29.28,-4.88,-58.56,-24.4
-14.64,-29.28,-14.64,24.4,0,-24.4,68.32,48.8,48.8,0,-48.8,-9.76
0,-29.28,-29.28,14.64,14.64,-29.28,48.8,39.04,43.92,-4.88,-43.92,0
-34.16,-19.52,14.64,29.28,-24.4,-4.88,39.04,29.28,68.32,0,-34.16,-4.88
-43.92,4.88,48.8,19.52,-48.8,24.4,53.68,19.52,63.44,9.76,-29.28,4.88
-43.92,-24.4,19.52,34.16,-34.16,-4.88,48.8,4.88,34.16,-4.88,-43.92,0
-43.92,4.88,48.8,19.52,-48.8,24.4,48.8,-4.88,24.4,-19.52,-39.04,0
-78.08,-14.64,63.44,48.8,-73.2,24.4,58.56,9.76,34.16,-14.64,-39.04,0
-87.84,-39.04,48.8,63.44,-68.32,4.88,29.28,9.76,14.64,-29.28,-58.56,-9.76
-53.68,0,53.68,29.28,-53.68,24.4,19.52,4.88,14.64,-24.4,-63.44,0
-58.56,-14.64,43.92,39.04,-53.68,14.64,29.28,0,24.4,-19.52,-53.68,0
-63.44,-19.52,43.92,43.92,-53.68,9.76,48.8,4.88,14.64,-19.52,-53.68,4.88
-34.16,19.52,53.68,9.76,-43.92,34.16,39.04,-4.88,14.64,-39.04,-68.32,-4.88
-39.04,19.52,58.56,9.76,-48.8,39.04,19.52,29.28,0,-53.68,-78.08,-14.64
-39.04,9.76,48.8,14.64,-43.92,29.28,29.28,-14.64,-24.4,-53.68,-73.2,-19.52
-29.28,-19.52,9.76,24.4,-19.52,-4.88,43.92,14.64,-29.28,-58.56,-68.32,-4.88
-53.68,-29.28,24.4,43.92,-39.04,-4.88,34.16,4.88,-19.52,-58.56,-68.32,-9.76
-58.56,-9.76,48.8,34.16,-53.68,19.52,39.04,14.64,-19.52,-53.68,-63.44,-9.76
-39.04,9.76,48.8,14.64,-43.92,29.28,24.4,-34.16,-24.4,-58.56,-73.2,-19.52
-34.16,-19.52,14.64,29.28,-24.4,-4.88,24.4,-34.16,-19.52,-58.56,-73.2,-14.64
-58.56,-29.28,29.28,43.92,-43.92,0,39.04,-34.16,-43.92,-73.2,-87.84,-24.4
-68.32,-53.68,14.64,63.44,-43.92,-19.52,19.52,-43.92,-58.56,-87.84,-107.36,-39.04
-58.56,-53.68,4.88,58.56,-34.16,-24.4,29.28,-29.28,-43.92,-78.08,-97.6,-29.28
-48.8,-43.92,4.88,48.8,-29.28,-19.52,24.4,-48.8,-29.28,-87.84,-97.6,-34.16
-53.68,-19.52,34.16,39.04,-43.92,4.88,14.64,-53.68,-43.92,-92.72,-102.48,-43.92
-53.68,4.88,58.56,24.4,-58.56,29.28,19.52,-39.04,-43.92,-92.72,-97.6,-39.04
-43.92,-24.4,19.52,34.16,-34.16,-4.88,29.28,-29.28,-48.8,-92.72,-92.72,-34.16
-48.8,-58.56,-9.76,53.68,-19.52,-34.16,43.92,14.64,-24.4,-82.96,-87.84,-29.28
-29.28,-53.68,-24.4,43.92,-4.88,-39.04,48.8,24.4,-39.04,-78.08,-82.96,-29.28
-53.68,-63.44,-9.76,58.56,-24.4,-39.04,24.4,-9.76,-34.16,-82.96,-97.6,-29.28
-34.16,-58.56,-24.4,48.8,-4.88,-43.92,29.28,-43.92,-43.92,-78.08,-92.72,-34.16
-34.16,-63.44,-29.28,48.8,-4.88,-48.8,34.16,9.76,-39.04,-73.2,-92.72,-39.04
-43.92,-58.56,-14.64,53.68,-14.64,-39.04,14.64,34.16,-34.16,-87.84,-102.48,-43.92
-24.4,-48.8,-24.4,39.04,0,-39.04,39.04,34.16,-14.64,-82.96,-97.6,-39.04
-14.64,-58.56,-43.92,39.04,14.64,-53.68,29.28,9.76,-14.64,-82.96,-97.6,-48.8
-29.28,-58.56,-29.28,43.92,0,-43.92,43.92,34.16,0,-73.2,-82.96,-29.28
-43.92,-73.2,-29.28,58.56,-9.76,-53.68,53.68,19.52,-4.88,-82.96,-87.84,-29.28
-39.04,-78.08,-39.04,58.56,0,-58.56,68.32,0,-24.4,-82.96,-97.6,-34.16
9.76,-53.68,-63.44,24.4,34.16,-58.56,73.2,9.76,-53.68,-92.72,-107.36,-48.8
4.88,-24.4,-29.28,9.76,14.64,-29.28,82.96,24.4,-39.04,-82.96,-97.6,-29.28
-14.64,-39.04,-24.4,29.28,4.88,-34.16,82.96,29.28,-14.64,-78.08,-92.72,-29.28
-58.56,-43.92,14.64,53.68,-39.04,-14.64,97.6,29.28,-14.64,-82.96,-102.48,-39.04
-63.44,-63.44,0,63.44,-34.16,-34.16,97.6,19.52,-24.4,-82.96,-102.48,-39.04
-34.16,-53.68,-19.52,43.92,-9.76,-39.04,82.96,29.28,-39.04,-92.72,-107.36,-48.8
-43.92,-58.56,-14.64,53.68,-14.64,-39.04,87.84,14.64,-39.04,-97.6,-107.36,-53.68
-48.8,-68.32,-19.52,58.56,-14.64,-43.92,87.84,0,-48.8,-97.6,-122,-48.8
9.76,-34.16,-43.92,14.64,24.4,-39.04,102.48,24.4,-43.92,-102.48,-117.12,-43.92
4.88,-34.16,-39.04,14.64,19.52,-39.04,102.48,48.8,-29.28,-102.48,-126.88,-43.92
-14.64,-39.04,-24.4,29.28,4.88,-34.16,107.36,29.28,-19.52,-97.6,-122,-39.04
-19.52,-34.16,-14.64,29.28,-4.88,-24.4,112.24,-4.88,-29.28,-102.48,-122,-34.16
-24.4,-39.04,-14.64,34.16,-4.88,-29.28,126.88,-4.88,-19.52,-92.72,-117.12,-29.28
-19.52,-4.88,14.64,14.64,-19.52,4.88,146.4,19.52,-14.64,-92.72,-117.12,-39.04
-29.28,-34.16,-4.88,34.16,-14.64,-19.52,151.28,14.64,-24.4,-97.6,-122,-39.04
-14.64,-34.16,-19.52,24.4,0,-29.28,141.52,39.04,-19.52,-87.84,-117.12,-34.16
-29.28,-53.68,-24.4,43.92,-4.88,-39.04,146.4,24.4,-39.04,-92.72,-126.88,-53.68
-78.08,-78.08,0,78.08,-39.04,-39.04,136.64,48.8,-43.92,-97.6,-126.88,-53.68
-39.04,-43.92,-4.88,43.92,-19.52,-24.4,122,39.04,-43.92,-107.36,-131.76,-58.56
-9.76,-19.52,-9.76,14.64,0,-14.64,126.88,34.16,-29.28,-82.96,-122,-39.04
9.76,-24.4,-34.16,9.76,19.52,-29.28,122,34.16,-34.16,-97.6,-136.64,-58.56
-14.64,-53.68,-39.04,34.16,9.76,-48.8,107.36,43.92,-39.04,-107.36,-146.4,-63.44
-39.04,-48.8,-9.76,43.92,-14.64,-29.28,126.88,43.92,4.88,-78.08,-122,-39.04
0,-53.68,-53.68,29.28,24.4,-53.68,112.24,78.08,19.52,-73.2,-117.12,-43.92
0,-48.8,-48.8,24.4,24.4,-48.8,117.12,78.08,14.64,-68.32,-112.24,-34.16
-29.28,-63.44,-34.16,48.8,0,-48.8,102.48,87.84,4.88,-68.32,-117.12,-39.04
-43.92,-29.28,14.64,39.04,-29.28,-9.76,82.96,92.72,9.76,-68.32,-117.12,-48.8
-9.76,-14.64,-4.88,14.64,-4.88,-9.76,68.32,73.2,9.76,-82.96,-122,-58.56
-19.52,-48.8,-29.28,34.16,4.88,-39.04,68.32,87.84,19.52,-58.56,-107.36,-43.92
-29.28,-48.8,-19.52,39.04,-4.88,-34.16,53.68,117.12,29.28,-48.8,-102.48,-39.04
-9.76,-48.8,-39.04,29.28,14.64,-43.92,58.56,136.64,29.28,-53.68,-107.36,-43.92
-9.76,-39.04,-29.28,24.4,9.76,-34.16,73.2,112.24,39.04,-53.68,-107.36,-39.04
0,-4.88,-4.88,4.88,0,-4.88,82.96,39.04,29.28,-63.44,-117.12,-39.04
-34.16,-4.88,29.28,19.52,-34.16,9.76,92.72,9.76,9.76,-73.2,-122,-43.92
-43.92,-29.28,14.64,39.04,-29.28,-9.76,117.12,39.04,0,-68.32,-117.12,-39.04
-39.04,-39.04,0,39.04,-19.52,-19.52,136.64,19.52,19.52,-63.44,-117.12,-24.4
-19.52,-43.92,-24.4,34.16,0,-34.16,136.64,-9.76,-19.52,-82.96,-131.76,-39.04
-9.76,-29.28,-19.52,19.52,4.88,-24.4,131.76,19.52,-43.92,-92.72,-141.52,-58.56
-24.4,-24.4,0,24.4,-14.64,-14.64,136.64,48.8,-43.92,-82.96,-136.64,-48.8
-14.64,-34.16,-19.52,24.4,0,-29.28,112.24,14.64,-48.8,-102.48,-156.16,-68.32
-43.92,-39.04,4.88,43.92,-24.4,-19.52,122,-14.64,-34.16,-97.6,-151.28,-58.56
-34.16,-39.04,-4.88,39.04,-14.64,-24.4,141.52,0,4.88,-87.84,-141.52,-43.92
-68.32,-53.68,14.64,63.44,-43.92,-19.52,136.64,4.88,-19.52,-82.96,-136.64,-34.16
-68.32,-58.56,9.76,63.44,-39.04,-24.4,141.52,9.76,0,-82.96,-136.64,-39.04
-43.92,-14.64,29.28,29.28,-39.04,4.88,131.76,14.64,-4.88,-82.96,-141.52,-43.92
-24.4,-14.64,9.76,19.52,-19.52,-4.88,146.4,0,-9.76,-82.96,-141.52,-43.92
-24.4,-29.28,-4.88,29.28,-9.76,-19.52,156.16,-4.88,9.76,-73.2,-131.76,-39.04
-43.92,-48.8,-4.88,48.8,-19.52,-29.28,170.8,4.88,0,-78.08,-131.76,-39.04
-24.4,-39.04,-14.64,34.16,-4.88,-29.28,156.16,-4.88,-24.4,-82.96,-141.52,-43.92
-14.64,-39.04,-24.4,29.28,4.88,-34.16,122,-14.64,-53.68,-107.36,-165.92,-78.08
4.88,-34.16,-39.04,14.64,19.52,-39.04,122,9.76,-29.28,-97.6,-165.92,-78.08
-14.64,-48.8,-34.16,34.16,9.76,-43.92,156.16,4.88,-14.64,-82.96,-151.28,-58.56
-24.4,-24.4,0,24.4,-14.64,-14.64,151.28,9.76,-24.4,-78.08,-151.28,-73.2
0,-9.76,-9.76,4.88,4.88,-9.76,141.52,14.64,-29.28,-78.08,-151.28,-73.2
-29.28,-34.16,-4.88,34.16,-14.64,-19.52,161.04,0,-24.4,-82.96,-156.16,-78.08
-24.4,-53.68,-29.28,39.04,0,-43.92,146.4,14.64,-34.16,-87.84,-165.92,-78.08
-14.64,-34.16,-19.52,24.4,0,-29.28,146.4,4.88,-34.16,-82.96,-156.16,-73.2
-24.4,-19.52,4.88,24.4,-14.64,-9.76,146.4,-14.64,-29.28,-87.84,-151.28,-73.2
-48.8,-43.92,4.88,48.8,-29.28,-19.52,161.04,4.88,-34.16,-97.6,-161.04,-73.2
-58.56,-63.44,-4.88,63.44,-29.28,-34.16,161.04,-39.04,-48.8,-107.36,-170.8,-87.84
-53.68,-48.8,4.88,53.68,-29.28,-24.4,122,-24.4,-48.8,-107.36,-175.68,-97.6
-9.76,-19.52,-9.76,14.64,0,-14.64,122,-34.16,-43.92,-112.24,-175.68,-97.6
-14.64,-14.64,0,14.64,-9.76,-9.76,122,-39.04,-58.56,-112.24,-180.56,-107.36
-34.16,-34.16,0,34.16,-19.52,-19.52,122,0,-53.68,-107.36,-170.8,-102.48
-34.16,-43.92,-9.76,39.04,-14.64,-29.28,122,78.08,-53.68,-97.6,-156.16,-87.84
-19.52,-29.28,-9.76,24.4,-4.88,-19.52,126.88,-14.64,-58.56,-107.36,-161.04,-102.48
-9.76,-34.16,-24.4,24.4,4.88,-29.28,122,-34.16,-53.68,-107.36,-161.04,-102.48
-14.64,0,14.64,9.76,-14.64,4.88,117.12,-48.8,-73.2,-126.88,-170.8,-112.24
-29.28,9.76,39.04,9.76,-34.16,24.4,112.24,-63.44,-87.84,-131.76,-180.56,-122
-19.52,-4.88,14.64,14.64,-19.52,4.88,122,-53.68,-82.96,-131.76,-175.68,-117.12
-9.76,-39.04,-29.28,24.4,9.76,-34.16,136.64,-34.16,-73.2,-126.88,-170.8,-102.48
-14.64,-9.76,4.88,14.64,-9.76,-4.88,151.28,39.04,-82.96,-126.88,-175.68,-112.24
0,-9.76,-9.76,4.88,4.88,-9.76,161.04,63.44,-63.44,-107.36,-161.04,-102.48
24.4,-29.28,-53.68,4.88,39.04,-43.92,141.52,9.76,-78.08,-122,-175.68,-131.76
14.64,-63.44,-78.08,24.4,43.92,-73.2,141.52,-34.16,-73.2,-126.88,-190.32,-136.64
14.64,-92.72,-107.36,39.04,58.56,-102.48,146.4,-43.92,-73.2,-131.76,-185.44,-141.52
-19.52,-92.72,-73.2,58.56,24.4,-82.96,156.16,-29.28,-58.56,-117.12,-170.8,-136.64
4.88,-68.32,-73.2,34.16,39.04,-73.2,170.8,14.64,-68.32,-122,-175.68,-126.88
9.76,-43.92,-53.68,19.52,29.28,-48.8,161.04,-29.28,-87.84,-136.64,-195.2,-151.28
4.88,-63.44,-68.32,29.28,34.16,-68.32,175.68,-24.4,-82.96,-131.76,-190.32,-146.4
-9.76,-82.96,-73.2,48.8,29.28,-78.08,195.2,4.88,-58.56,-112.24,-165.92,-122
4.88,-73.2,-78.08,34.16,39.04,-78.08,185.44,14.64,-53.68,-126.88,-180.56,-136.64
29.28,-43.92,-73.2,9.76,48.8,-58.56,209.84,4.88,-39.04,-117.12,-185.44,-141.52
14.64,-48.8,-63.44,19.52,39.04,-58.56,209.84,43.92,-29.28,-117.12,-180.56,-141.52
9.76,-53.68,-63.44,24.4,34.16,-58.56,180.56,29.28,-39.04,-122,-180.56,-156.16
-9.76,-78.08,-68.32,43.92,29.28,-73.2,190.32,4.88,-39.04,-122,-175.68,-151.28
-9.76,-73.2,-63.44,43.92,24.4,-68.32,214.72,29.28,-53.68,-112.24,-170.8,-146.4
4.88,-63.44,-68.32,29.28,34.16,-68.32,204.96,34.16,-53.68,-107.36,-170.8,-156.16
4.88,-63.44,-68.32,29.28,34.16,-68.32,185.44,29.28,-53.68,-122,-180.56,-161.04
24.4,-43.92,-68.32,9.76,43.92,-58.56,190.32,-9.76,-39.04,-126.88,-195.2,-165.92
-4.88,-39.04,-34.16,24.4,14.64,-39.04,204.96,14.64,-43.92,-107.36,-175.68,-146.4
4.88,-63.44,-68.32,29.28,34.16,-68.32,209.84,29.28,-53.68,-107.36,-175.68,-141.52
34.16,-68.32,-102.48,19.52,68.32,-87.84,195.2,19.52,-58.56,-117.12,-195.2,-165.92
9.76,-53.68,-63.44,24.4,34.16,-58.56,239.12,39.04,-19.52,-92.72,-175.68,-156.16
-4.88,-53.68,-48.8,29.28,19.52,-53.68,224.48,24.4,-4.88,-87.84,-170.8,-151.28
9.76,-58.56,-68.32,24.4,39.04,-63.44,209.84,39.04,-34.16,-102.48,-175.68,-156.16
4.88,-58.56,-63.44,29.28,34.16,-63.44,224.48,39.04,-39.04,-92.72,-170.8,-146.4
9.76,-29.28,-39.04,9.76,24.4,-34.16,204.96,14.64,-58.56,-112.24,-190.32,-170.8
-4.88,-39.04,-34.16,24.4,14.64,-39.04,209.84,14.64,-24.4,-102.48,-180.56,-165.92
14.64,-39.04,-53.68,14.64,34.16,-48.8,204.96,24.4,-24.4,-97.6,-180.56,-156.16
9.76,-19.52,-29.28,4.88,19.52,-24.4,195.2,48.8,-29.28,-92.72,-175.68,-156.16
19.52,-24.4,-43.92,4.88,29.28,-34.16,185.44,102.48,-29.28,-97.6,-175.68,-151.28
9.76,-19.52,-29.28,4.88,19.52,-24.4,185.44,82.96,-19.52,-78.08,-165.92,-136.64
9.76,-4.88,-14.64,0,9.76,-9.76,165.92,43.92,4.88,-68.32,-156.16,-131.76
19.52,-9.76,-29.28,-4.88,24.4,-19.52,161.04,63.44,29.28,-53.68,-136.64,-117.12
24.4,4.88,-19.52,-14.64,19.52,-9.76,151.28,97.6,48.8,-39.04,-126.88,-102.48
29.28,0,-29.28,-14.64,29.28,-14.64,131.76,112.24,48.8,-39.04,-126.88,-107.36
-9.76,-34.16,-24.4,24.4,4.88,-29.28,87.84,112.24,9.76,-58.56,-141.52,-122
9.76,-9.76,-19.52,0,14.64,-14.64,63.44,151.28,29.28,-48.8,-136.64,-126.88
19.52,-14.64,-34.16,0,24.4,-24.4,87.84,175.68,34.16,-39.04,-122,-112.24
19.52,-14.64,-34.16,0,24.4,-24.4,82.96,112.24,53.68,-39.04,-126.88,-107.36
34.16,29.28,-4.88,-29.28,19.52,9.76,53.68,112.24,29.28,-43.92,-136.64,-112.24
43.92,19.52,-24.4,-29.28,34.16,-4.88,68.32,112.24,29.28,-53.68,-151.28,-112.24
34.16,9.76,-24.4,-19.52,29.28,-9.76,107.36,107.36,53.68,-58.56,-151.28,-112.24
19.52,-9.76,-29.28,-4.88,24.4,-19.52,131.76,87.84,0,-63.44,-146.4,-102.48
4.88,-19.52,-24.4,9.76,14.64,-24.4,141.52,68.32,-4.88,-68.32,-146.4,-107.36
4.88,-14.64,-19.52,4.88,9.76,-19.52,141.52,34.16,-4.88,-68.32,-151.28,-112.24
9.76,19.52,9.76,-14.64,0,14.64,165.92,14.64,-19.52,-87.84,-161.04,-122
-9.76,-9.76,0,9.76,-4.88,-4.88,156.16,4.88,-34.16,-92.72,-165.92,-136.64
-14.64,-19.52,-4.88,19.52,-4.88,-14.64,141.52,0,-39.04,-92.72,-165.92,-146.4
-19.52,-29.28,-9.76,24.4,-4.88,-19.52,141.52,0,-58.56,-97.6,-175.68,-146.4
-19.52,-29.28,-9.76,24.4,-4.88,-19.52,126.88,-29.28,-73.2,-117.12,-200.08,-170.8
34.16,-24.4,-58.56,-4.88,43.92,-43.92,122,-39.04,-68.32,-112.24,-204.96,-180.56
24.4,-14.64,-39.04,-4.88,29.28,-29.28,126.88,-39.04,-63.44,-102.48,-190.32,-156.16
9.76,-14.64,-24.4,4.88,14.64,-19.52,141.52,-19.52,-53.68,-97.6,-180.56,-156.16
0,-14.64,-14.64,9.76,4.88,-14.64,156.16,14.64,-48.8,-92.72,-165.92,-146.4
0,-9.76,-9.76,4.88,4.88,-9.76,156.16,19.52,-48.8,-92.72,-170.8,-151.28
0,-24.4,-24.4,14.64,9.76,-24.4,151.28,4.88,-58.56,-102.48,-175.68,-161.04
4.88,-19.52,-24.4,9.76,14.64,-24.4,151.28,9.76,-53.68,-97.6,-180.56,-165.92
29.28,34.16,4.88,-29.28,9.76,19.52,146.4,24.4,-39.04,-82.96,-170.8,-161.04
9.76,19.52,9.76,-14.64,0,14.64,151.28,39.04,-9.76,-73.2,-165.92,-161.04
-29.28,-14.64,14.64,24.4,-24.4,0,151.28,14.64,-48.8,-82.96,-170.8,-161.04
-29.28,-9.76,19.52,19.52,-24.4,4.88,131.76,-19.52,-53.68,-97.6,-200.08,-185.44
-4.88,-24.4,-19.52,14.64,4.88,-24.4,146.4,-34.16,-48.8,-92.72,-195.2,-185.44
-24.4,-9.76,14.64,19.52,-19.52,0,146.4,-29.28,-39.04,-92.72,-190.32,-190.32
-9.76,4.88,14.64,4.88,-14.64,9.76,156.16,-4.88,-34.16,-92.72,-190.32,-185.44
9.76,-4.88,-14.64,0,9.76,-9.76,156.16,29.28,-39.04,-97.6,-190.32,-190.32
4.88,-19.52,-24.4,9.76,14.64,-24.4,146.4,-24.4,-43.92,-97.6,-185.44,-180.56
19.52,-4.88,-24.4,-4.88,19.52,-14.64,175.68,-34.16,-53.68,-92.72,-175.68,-175.68
24.4,9.76,-14.64,-14.64,19.52,-4.88,209.84,-39.04,-63.44,-97.6,-175.68,-175.68
-14.64,-24.4,-9.76,19.52,-4.88,-19.52,185.44,-53.68,-82.96,-122,-200.08,-195.2
-19.52,-19.52,0,19.52,-9.76,-9.76,146.4,-24.4,-68.32,-112.24,-195.2,-185.44
0,-19.52,-19.52,9.76,9.76,-19.52,122,-19.52,-68.32,-112.24,-204.96,-204.96
4.88,-19.52,-24.4,9.76,14.64,-24.4,117.12,-29.28,-58.56,-112.24,-214.72,-224.48
9.76,-29.28,-39.04,9.76,24.4,-34.16,141.52,-29.28,-34.16,-102.48,-214.72,-253.76
34.16,-53.68,-87.84,9.76,58.56,-73.2,170.8,14.64,4.88,-78.08,-219.6,-283.04
19.52,-43.92,-63.44,14.64,39.04,-53.68,224.48,63.44,48.8,-14.64,-190.32,-307.44
14.64,-73.2,-87.84,29.28,48.8,-82.96,224.48,102.48,112.24,97.6,-107.36,-331.84
14.64,-58.56,-73.2,24.4,43.92,-68.32,234.24,136.64,151.28,234.24,19.52,-312.32
39.04,-14.64,-53.68,-9.76,43.92,-34.16,234.24,122,185.44,385.52,209.84,-224.48
43.92,14.64,-29.28,-29.28,34.16,-9.76,200.08,122,185.44,522.16,497.76,-58.56
24.4,78.08,53.68,-48.8,-14.64,63.44,151.28,43.92,97.6,556.32,795.44,170.8
43.92,175.68,131.76,-107.36,-43.92,151.28,82.96,-82.96,-24.4,478.24,1044.32,429.44
82.96,268.4,185.44,-175.68,-53.68,224.48,0,-195.2,-122,366,1283.44,751.52
136.64,375.76,239.12,-253.76,-53.68,307.44,-87.84,-351.36,-326.96,204.96,1605.52,1224.88
161.04,468.48,307.44,-312.32,-73.2,385.52,-214.72,-556.32,-668.56,-151.28,1854.4,1805.6
214.72,580.72,366,-395.28,-78.08,473.36,-356.24,-844.24,-1127.28,-741.76,1937.36,2391.2
278.16,658.8,380.64,-468.48,-53.68,517.28,-473.36,-1088.24,-1581.12,-1322.48,2000.8,2962.16
307.44,683.2,375.76,-492.88,-34.16,527.04,-580.72,-1229.76,-1883.68,-1771.44,1981.28,3337.92
346.48,692.96,346.48,-517.28,0,517.28,-629.52,-1327.36,-2059.36,-2122.8,1761.68,3459.92
356.24,712.48,356.24,-531.92,0,531.92,-624.64,-1356.64,-2176.48,-2435.12,1273.68,3294
297.68,727.12,429.44,-512.4,-68.32,575.84,-644.16,-1395.68,-2357.04,-2908.48,361.12,2859.68
209.84,751.52,541.68,-478.24,-165.92,644.16,-639.28,-1464,-2542.48,-3386.72,-761.28,2288.72
136.64,683.2,546.56,-409.92,-204.96,614.88,-624.64,-1478.64,-2713.28,-3762.48,-1771.44,1576.24
87.84,497.76,409.92,-292.8,-161.04,453.84,-541.68,-1385.92,-2727.92,-3864.96,-2357.04,805.2
68.32,312.32,244,-190.32,-87.84,278.16,-439.2,-1356.64,-2723.04,-3782,-2581.52,258.64
107.36,180.56,73.2,-141.52,14.64,126.88,-414.8,-1356.64,-2708.4,-3645.36,-2620.56,-63.44
122,102.48,-19.52,-112.24,68.32,39.04,-409.92,-1371.28,-2640.08,-3396.48,-2488.8,-239.12
53.68,82.96,29.28,-68.32,9.76,53.68,-317.2,-1293.2,-2410.72,-3001.2,-2235.04,-385.52
4.88,34.16,29.28,-19.52,-14.64,29.28,-209.84,-1078.48,-2088.64,-2547.36,-1927.6,-458.72
-9.76,19.52,29.28,-4.88,-19.52,24.4,-122,-805.2,-1683.6,-2074,-1600.64,-492.88
-19.52,-4.88,14.64,14.64,-19.52,4.88,-53.68,-585.6,-1288.32,-1654.32,-1317.6,-517.28
0,-24.4,-24.4,14.64,9.76,-24.4,-24.4,-424.56,-1005.28,-1293.2,-1078.48,-488
9.76,-24.4,-34.16,9.76,19.52,-29.28,4.88,-322.08,-785.68,-1010.16,-863.76,-424.56
4.88,-29.28,-34.16,14.64,19.52,-34.16,19.52,-248.88,-585.6,-756.4,-683.2,-361.12
43.92,-14.64,-58.56,-14.64,48.8,-39.04,24.4,-175.68,-419.68,-546.56,-536.8,-312.32
43.92,19.52,-24.4,-29.28,34.16,-4.88,63.44,-126.88,-283.04,-390.4,-429.44,-283.04
14.64,-14.64,-29.28,0,19.52,-24.4,97.6,-14.64,-170.8,-263.52,-336.72,-268.4
0,-29.28,-29.28,14.64,14.64,-29.28,151.28,48.8,-82.96,-165.92,-258.64,-244
0,-58.56,-58.56,29.28,29.28,-58.56,200.08,92.72,-24.4,-107.36,-214.72,-229.36
4.88,-58.56,-63.44,29.28,34.16,-63.44,204.96,107.36,9.76,-68.32,-175.68,-229.36
19.52,-34.16,-53.68,9.76,34.16,-43.92,204.96,161.04,63.44,-14.64,-126.88,-209.84
34.16,-34.16,-68.32,0,48.8,-53.68,195.2,165.92,73.2,4.88,-112.24,-219.6
39.04,-39.04,-78.08,0,58.56,-58.56,190.32,200.08,87.84,19.52,-92.72,-224.48
4.88,-39.04,-43.92,19.52,24.4,-43.92,190.32,219.6,102.48,53.68,-68.32,-209.84
-9.76,-14.64,-4.88,14.64,-4.88,-9.76,185.44,200.08,102.48,63.44,-73.2,-219.6
24.4,0,-24.4,-9.76,24.4,-14.64,195.2,190.32,117.12,73.2,-73.2,-229.36
48.8,4.88,-43.92,-24.4,43.92,-19.52,156.16,131.76,102.48,58.56,-102.48,-268.4
43.92,-9.76,-53.68,-14.64,48.8,-34.16,146.4,141.52,107.36,78.08,-92.72,-258.64
39.04,14.64,-24.4,-24.4,29.28,-4.88,151.28,165.92,122,82.96,-92.72,-248.88
4.88,9.76,4.88,-4.88,0,4.88,136.64,107.36,122,73.2,-107.36,-268.4
-24.4,-24.4,0,24.4,-14.64,-14.64,131.76,126.88,107.36,82.96,-102.48,-263.52
-14.64,0,14.64,9.76,-14.64,4.88,92.72,73.2,87.84,68.32,-112.24,-273.28
14.64,-29.28,-43.92,9.76,29.28,-39.04,97.6,82.96,107.36,92.72,-78.08,-248.88
24.4,-19.52,-43.92,0,34.16,-34.16,112.24,136.64,107.36,102.48,-58.56,-234.24
0,-19.52,-19.52,9.76,9.76,-19.52,107.36,136.64,112.24,117.12,-39.04,-214.72
-4.88,19.52,24.4,-4.88,-14.64,19.52,87.84,78.08,107.36,102.48,-43.92,-219.6
-9.76,-4.88,4.88,9.76,-9.76,0,97.6,53.68,92.72,107.36,-34.16,-214.72
-14.64,-24.4,-9.76,19.52,-4.88,-19.52,87.84,78.08,102.48,107.36,-29.28,-209.84
9.76,4.88,-4.88,-4.88,4.88,0,68.32,73.2,107.36,107.36,-24.4,-204.96
-19.52,-19.52,0,19.52,-9.76,-9.76,73.2,73.2,122,112.24,-14.64,-190.32
-34.16,-34.16,0,34.16,-19.52,-19.52,53.68,78.08,102.48,102.48,-29.28,-200.08
-34.16,-19.52,14.64,29.28,-24.4,-4.88,68.32,58.56,117.12,97.6,-24.4,-190.32
-29.28,-48.8,-19.52,39.04,-4.88,-34.16,82.96,82.96,126.88,107.36,-14.64,-180.56
-14.64,-19.52,-4.88,19.52,-4.88,-14.64,92.72,107.36,151.28,112.24,-9.76,-175.68
-14.64,-19.52,-4.88,19.52,-4.88,-14.64,117.12,165.92,136.64,117.12,-9.76,-170.8
0,-24.4,-24.4,14.64,9.76,-24.4,112.24,131.76,112.24,107.36,-19.52,-190.32
19.52,0,-19.52,-9.76,19.52,-9.76,131.76,117.12,122,102.48,-19.52,-200.08
-4.88,0,4.88,4.88,-4.88,0,151.28,107.36,122,102.48,-14.64,-185.44
-39.04,-29.28,9.76,34.16,-24.4,-9.76,146.4,112.24,112.24,102.48,-19.52,-175.68
-34.16,-43.92,-9.76,39.04,-14.64,-29.28,146.4,136.64,112.24,97.6,-29.28,-175.68
-29.28,-53.68,-24.4,43.92,-4.88,-39.04,136.64,107.36,141.52,107.36,-34.16,-180.56
-29.28,-43.92,-14.64,39.04,-9.76,-29.28,161.04,87.84,156.16,126.88,-19.52,-161.04
-29.28,-29.28,0,29.28,-14.64,-14.64,170.8,78.08,156.16,146.4,-9.76,-151.28
-19.52,-4.88,14.64,14.64,-19.52,4.88,151.28,92.72,151.28,146.4,-19.52,-165.92
-14.64,-14.64,0,14.64,-9.76,-9.76,170.8,117.12,161.04,165.92,-14.64,-165.92
-24.4,-24.4,0,24.4,-14.64,-14.64,165.92,102.48,151.28,156.16,-19.52,-175.68
-29.28,-39.04,-9.76,34.16,-9.76,-24.4,156.16,92.72,156.16,151.28,-29.28,-180.56
-29.28,-48.8,-19.52,39.04,-4.88,-34.16,195.2,122,146.4,156.16,-19.52,-170.8
-39.04,-53.68,-14.64,48.8,-14.64,-34.16,219.6,117.12,151.28,161.04,-14.64,-165.92
-39.04,-58.56,-19.52,48.8,-9.76,-39.04,209.84,112.24,151.28,161.04,-9.76,-161.04
-9.76,-43.92,-34.16,29.28,9.76,-39.04,195.2,107.36,136.64,151.28,-34.16,-175.68
-19.52,-39.04,-19.52,29.28,0,-29.28,185.44,87.84,151.28,146.4,-39.04,-185.44
-48.8,-48.8,0,48.8,-24.4,-24.4,200.08,117.12,185.44,170.8,-14.64,-161.04
-39.04,-39.04,0,39.04,-19.52,-19.52,200.08,126.88,170.8,170.8,-19.52,-161.04
-34.16,-58.56,-24.4,48.8,-4.88,-43.92,204.96,117.12,180.56,185.44,-24.4,-170.8
-24.4,-48.8,-24.4,39.04,0,-39.04,195.2,102.48,180.56,180.56,-14.64,-180.56
-39.04,-19.52,19.52,29.28,-29.28,0,170.8,63.44,156.16,175.68,-24.4,-200.08
-29.28,-19.52,9.76,24.4,-19.52,-4.88,214.72,117.12,200.08,200.08,9.76,-175.68
-29.28,-34.16,-4.88,34.16,-14.64,-19.52,229.36,156.16,209.84,204.96,24.4,-165.92
-19.52,-43.92,-24.4,34.16,0,-34.16,200.08,117.12,180.56,195.2,24.4,-175.68
-9.76,-48.8,-39.04,29.28,14.64,-43.92,214.72,107.36,170.8,195.2,14.64,-190.32
-53.68,-48.8,4.88,53.68,-29.28,-24.4,195.2,141.52,185.44,204.96,29.28,-190.32
-53.68,-68.32,-14.64,63.44,-19.52,-43.92,180.56,165.92,195.2,219.6,43.92,-195.2
-29.28,-53.68,-24.4,43.92,-4.88,-39.04,195.2,156.16,229.36,239.12,58.56,-185.44
-29.28,-34.16,-4.88,34.16,-14.64,-19.52,195.2,117.12,224.48,248.88,58.56,-200.08
-29.28,-14.64,14.64,24.4,-24.4,0,195.2,126.88,229.36,258.64,73.2,-195.2
-43.92,-34.16,9.76,39.04,-29.28,-14.64,200.08,146.4,239.12,273.28,82.96,-200.08
-53.68,-48.8,4.88,53.68,-29.28,-24.4,185.44,141.52,239.12,258.64,73.2,-209.84
-43.92,-58.56,-14.64,53.68,-14.64,-39.04,195.2,185.44,253.76,263.52,78.08,-214.72
-24.4,-43.92,-19.52,34.16,-4.88,-34.16,195.2,165.92,273.28,273.28,97.6,-209.84
0,-43.92,-43.92,24.4,19.52,-43.92,209.84,141.52,287.92,292.8,107.36,-204.96
-14.64,-19.52,-4.88,19.52,-4.88,-14.64,234.24,185.44,263.52,302.56,102.48,-195.2
29.28,-4.88,-34.16,-9.76,29.28,-19.52,209.84,200.08,278.16,317.2,112.24,-195.2
29.28,0,-29.28,-14.64,29.28,-14.64,219.6,224.48,322.08,336.72,126.88,-185.44
-9.76,-29.28,-19.52,19.52,4.88,-24.4,190.32,204.96,331.84,341.6,126.88,-200.08
-14.64,-78.08,-63.44,48.8,24.4,-73.2,170.8,185.44,297.68,336.72,112.24,-214.72
-19.52,-58.56,-39.04,39.04,9.76,-48.8,175.68,219.6,312.32,366,136.64,-195.2
0,-39.04,-39.04,19.52,19.52,-39.04,112.24,161.04,312.32,356.24,122,-214.72
48.8,-14.64,-63.44,-14.64,53.68,-39.04,97.6,136.64,297.68,351.36,122,-214.72
24.4,-43.92,-68.32,9.76,43.92,-58.56,97.6,126.88,341.6,375.76,151.28,-190.32
-9.76,-43.92,-34.16,29.28,9.76,-39.04,82.96,141.52,361.12,385.52,156.16,-190.32
24.4,-34.16,-58.56,4.88,39.04,-48.8,68.32,136.64,326.96,390.4,156.16,-185.44
24.4,-39.04,-63.44,9.76,43.92,-53.68,63.44,146.4,331.84,409.92,165.92,-180.56
0,-29.28,-29.28,14.64,14.64,-29.28,53.68,136.64,336.72,419.68,165.92,-190.32
4.88,-19.52,-24.4,9.76,14.64,-24.4,63.44,175.68,351.36,444.08,185.44,-185.44
9.76,-34.16,-43.92,14.64,24.4,-39.04,53.68,146.4,375.76,463.6,195.2,-180.56
4.88,-29.28,-34.16,14.64,19.52,-34.16,39.04,170.8,385.52,473.36,195.2,-190.32
-19.52,-24.4,-4.88,24.4,-9.76,-14.64,48.8,175.68,424.56,492.88,214.72,-180.56
-24.4,-48.8,-24.4,39.04,0,-39.04,39.04,190.32,429.44,512.4,229.36,-180.56
-4.88,-43.92,-39.04,24.4,14.64,-43.92,34.16,190.32,429.44,531.92,253.76,-180.56
4.88,-39.04,-43.92,19.52,24.4,-43.92,34.16,180.56,439.2,541.68,258.64,-175.68
29.28,-24.4,-53.68,0,39.04,-39.04,34.16,224.48,478.24,570.96,283.04,-161.04
19.52,-14.64,-34.16,0,24.4,-24.4,68.32,239.12,536.8,610,317.2,-141.52
14.64,-14.64,-29.28,0,19.52,-24.4,58.56,263.52,531.92,619.76,317.2,-156.16
4.88,-14.64,-19.52,4.88,9.76,-19.52,53.68,224.48,522.16,634.4,322.08,-161.04
34.16,-9.76,-43.92,-9.76,39.04,-29.28,43.92,258.64,541.68,649.04,341.6,-165.92
43.92,-14.64,-58.56,-14.64,48.8,-39.04,78.08,253.76,566.08,678.32,366,-165.92
48.8,9.76,-39.04,-29.28,43.92,-14.64,58.56,263.52,570.96,697.84,390.4,-161.04
9.76,4.88,-4.88,-4.88,4.88,0,58.56,292.8,595.36,727.12,419.68,-141.52
48.8,19.52,-29.28,-34.16,39.04,-4.88,43.92,234.24,629.52,732,424.56,-165.92
43.92,24.4,-19.52,-34.16,29.28,0,53.68,263.52,639.28,751.52,448.96,-151.28
19.52,14.64,-4.88,-14.64,9.76,4.88,78.08,253.76,634.4,780.8,473.36,-131.76
34.16,19.52,-14.64,-24.4,24.4,0,82.96,283.04,653.92,800.32,507.52,-122
24.4,0,-24.4,-9.76,24.4,-14.64,92.72,302.56,678.32,814.96,522.16,-122
9.76,-4.88,-14.64,0,9.76,-9.76,102.48,341.6,692.96,839.36,546.56,-122
34.16,24.4,-9.76,-29.28,19.52,4.88,92.72,341.6,707.6,858.88,575.84,-117.12
43.92,53.68,9.76,-48.8,14.64,29.28,107.36,326.96,722.24,873.52,595.36,-122
24.4,43.92,19.52,-34.16,0,29.28,102.48,331.84,717.36,878.4,619.76,-117.12
19.52,9.76,-9.76,-14.64,14.64,0,112.24,326.96,736.88,888.16,634.4,-112.24
14.64,39.04,24.4,-24.4,-4.88,29.28,87.84,317.2,717.36,878.4,639.28,-141.52
39.04,73.2,34.16,-53.68,0,53.68,87.84,312.32,702.72,888.16,658.8,-136.64
43.92,29.28,-14.64,-34.16,29.28,4.88,112.24,317.2,727.12,922.32,697.84,-112.24
48.8,39.04,-9.76,-43.92,29.28,14.64,122,400.16,741.76,927.2,707.6,-112.24
43.92,29.28,-14.64,-34.16,29.28,4.88,122,375.76,736.88,941.84,732,-102.48
34.16,24.4,-9.76,-29.28,19.52,4.88,97.6,326.96,741.76,946.72,741.76,-107.36
68.32,34.16,-34.16,-48.8,48.8,0,82.96,302.56,717.36,936.96,746.64,-112.24
78.08,68.32,-9.76,-73.2,43.92,29.28,97.6,292.8,702.72,932.08,751.52,-117.12
43.92,63.44,19.52,-53.68,9.76,39.04,78.08,322.08,707.6,922.32,761.28,-122
39.04,43.92,4.88,-39.04,14.64,24.4,78.08,370.88,702.72,927.2,771.04,-122
53.68,43.92,-9.76,-48.8,29.28,14.64,68.32,331.84,707.6,922.32,780.8,-112.24
73.2,29.28,-43.92,-48.8,58.56,-9.76,43.92,312.32,692.96,907.68,766.16,-126.88
68.32,29.28,-39.04,-48.8,53.68,-4.88,43.92,302.56,678.32,907.68,775.92,-112.24
53.68,34.16,-19.52,-43.92,34.16,4.88,29.28,278.16,663.68,912.56,780.8,-102.48
63.44,29.28,-34.16,-43.92,48.8,-4.88,9.76,283.04,653.92,897.92,771.04,-117.12
43.92,0,-43.92,-19.52,43.92,-24.4,4.88,307.44,624.64,868.64,756.4,-126.88
58.56,9.76,-48.8,-34.16,53.68,-19.52,4.88,273.28,629.52,858.88,756.4,-126.88
68.32,34.16,-34.16,-48.8,48.8,0,-4.88,239.12,639.28,854,766.16,-112.24
63.44,24.4,-39.04,-43.92,48.8,-9.76,4.88,244,614.88,839.36,761.28,-107.36
68.32,24.4,-43.92,-43.92,53.68,-9.76,0,244,590.48,819.84,746.64,-112.24
82.96,29.28,-53.68,-53.68,68.32,-14.64,-24.4,214.72,556.32,785.68,732,-117.12
48.8,34.16,-14.64,-39.04,29.28,9.76,-24.4,209.84,541.68,780.8,727.12,-112.24
53.68,24.4,-29.28,-39.04,39.04,-4.88,-39.04,185.44,551.44,780.8,722.24,-102.48
63.44,29.28,-34.16,-43.92,48.8,-4.88,-58.56,185.44,531.92,736.88,692.96,-117.12
68.32,53.68,-14.64,-58.56,39.04,19.52,-73.2,170.8,512.4,712.48,678.32,-122
53.68,19.52,-34.16,-34.16,43.92,-9.76,-63.44,244,502.64,712.48,678.32,-107.36
58.56,9.76,-48.8,-34.16,53.68,-19.52,-68.32,204.96,458.72,673.44,653.92,-112.24
48.8,43.92,-4.88,-43.92,24.4,19.52,-58.56,204.96,448.96,653.92,639.28,-107.36
78.08,19.52,-58.56,-48.8,68.32,-19.52,-43.92,180.56,414.8,614.88,619.76,-102.48
82.96,9.76,-73.2,-43.92,78.08,-34.16,-53.68,151.28,361.12,575.84,585.6,-107.36
78.08,34.16,-43.92,-53.68,58.56,-4.88,-48.8,136.64,356.24,536.8,561.2,-107.36
43.92,43.92,0,-43.92,19.52,19.52,-9.76,141.52,361.12,512.4,541.68,-97.6
53.68,34.16,-19.52,-43.92,34.16,4.88,9.76,151.28,326.96,478.24,512.4,-92.72
97.6,0,-97.6,-48.8,97.6,-48.8,-24.4,136.64,278.16,434.32,468.48,-107.36
73.2,-19.52,-92.72,-24.4,82.96,-58.56,-19.52,92.72,244,409.92,444.08,-107.36
73.2,-14.64,-87.84,-29.28,78.08,-53.68,-34.16,107.36,209.84,370.88,400.16,-122
58.56,-9.76,-68.32,-24.4,63.44,-39.04,-39.04,87.84,195.2,326.96,370.88,-117.12
39.04,-19.52,-58.56,-9.76,48.8,-39.04,-34.16,34.16,195.2,307.44,346.48,-112.24
48.8,0,-48.8,-24.4,48.8,-24.4,-24.4,39.04,165.92,273.28,322.08,-107.36
39.04,-9.76,-48.8,-14.64,43.92,-29.28,-29.28,19.52,136.64,239.12,287.92,-97.6
39.04,-34.16,-73.2,0,53.68,-53.68,-34.16,0,97.6,200.08,253.76,-112.24
48.8,-29.28,-78.08,-9.76,63.44,-53.68,-39.04,-19.52,78.08,180.56,234.24,-107.36
53.68,0,-53.68,-24.4,53.68,-29.28,-43.92,-34.16,68.32,161.04,219.6,-87.84
63.44,14.64,-48.8,-39.04,53.68,-19.52,-53.68,-68.32,53.68,126.88,175.68,-102.48
68.32,0,-68.32,-34.16,68.32,-34.16,-48.8,-87.84,34.16,97.6,146.4,-112.24
34.16,-24.4,-58.56,-4.88,43.92,-43.92,-63.44,-102.48,4.88,82.96,126.88,-112.24
29.28,0,-29.28,-14.64,29.28,-14.64,-58.56,-82.96,9.76,87.84,122,-97.6
39.04,-14.64,-53.68,-9.76,43.92,-34.16,-34.16,-92.72,-14.64,53.68,97.6,-102.48
48.8,0,-48.8,-24.4,48.8,-24.4,-43.92,-102.48,-34.16,24.4,68.32,-117.12
19.52,-14.64,-34.16,0,24.4,-24.4,-48.8,-102.48,-39.04,19.52,63.44,-102.48
9.76,-24.4,-34.16,9.76,19.52,-29.28,-43.92,-112.24,-53.68,-9.76,39.04,-126.88
9.76,-19.52,-29.28,4.88,19.52,-24.4,-34.16,-97.6,-48.8,-19.52,29.28,-117.12
14.64,4.88,-9.76,-9.76,9.76,-4.88,-4.88,-107.36,-19.52,-29.28,19.52,-102.48
9.76,-9.76,-19.52,0,14.64,-14.64,-4.88,-87.84,-24.4,-39.04,4.88,-107.36
0,-29.28,-29.28,14.64,14.64,-29.28,0,-78.08,-53.68,-53.68,-4.88,-117.12
-4.88,-34.16,-29.28,19.52,9.76,-34.16,0,-87.84,-53.68,-63.44,-19.52,-117.12
-9.76,-9.76,0,9.76,-4.88,-4.88,-4.88,-92.72,-53.68,-68.32,-34.16,-122
0,-24.4,-24.4,14.64,9.76,-24.4,9.76,-73.2,-48.8,-78.08,-39.04,-117.12
-9.76,-19.52,-9.76,14.64,0,-14.64,-19.52,-48.8,-68.32,-92.72,-53.68,-122
-9.76,-24.4,-14.64,19.52,0,-19.52,-14.64,-73.2,-58.56,-92.72,-48.8,-117.12
-4.88,4.88,9.76,0,-9.76,4.88,-29.28,-92.72,-78.08,-107.36,-63.44,-131.76
-14.64,-4.88,9.76,9.76,-14.64,0,-19.52,-92.72,-78.08,-107.36,-58.56,-117.12
-4.88,0,4.88,4.88,-4.88,0,24.4,-63.44,-53.68,-92.72,-53.68,-92.72
4.88,-19.52,-24.4,9.76,14.64,-24.4,4.88,-63.44,-63.44,-97.6,-58.56,-82.96
0,-34.16,-34.16,19.52,14.64,-34.16,-9.76,-68.32,-63.44,-122,-73.2,-102.48
0,-34.16,-34.16,19.52,14.64,-34.16,0,-53.68,-73.2,-117.12,-73.2,-97.6
-9.76,-14.64,-4.88,14.64,-4.88,-9.76,4.88,-58.56,-78.08,-122,-73.2,-78.08
-4.88,-24.4,-19.52,14.64,4.88,-24.4,-19.52,-82.96,-87.84,-136.64,-82.96,-82.96
-14.64,-19.52,-4.88,19.52,-4.88,-14.64,-24.4,-82.96,-97.6,-146.4,-87.84,-82.96
-19.52,-24.4,-4.88,24.4,-9.76,-14.64,-48.8,-78.08,-117.12,-156.16,-107.36,-87.84
0,-24.4,-24.4,14.64,9.76,-24.4,-53.68,-53.68,-97.6,-156.16,-102.48,-82.96
-19.52,-24.4,-4.88,24.4,-9.76,-14.64,-39.04,4.88,-68.32,-146.4,-97.6,-68.32
-24.4,-58.56,-34.16,43.92,4.88,-48.8,-43.92,4.88,-102.48,-161.04,-117.12,-82.96
-19.52,-58.56,-39.04,39.04,9.76,-48.8,-29.28,-68.32,-97.6,-146.4,-107.36,-63.44
-29.28,-43.92,-14.64,39.04,-9.76,-29.28,-29.28,-73.2,-87.84,-141.52,-107.36,-68.32
-39.04,-29.28,9.76,34.16,-24.4,-9.76,-14.64,-39.04,-82.96,-141.52,-107.36,-78.08
4.88,-34.16,-39.04,14.64,19.52,-39.04,19.52,-34.16,-78.08,-141.52,-102.48,-73.2
-9.76,-34.16,-24.4,24.4,4.88,-29.28,-4.88,-48.8,-97.6,-156.16,-112.24,-82.96
19.52,-24.4,-43.92,4.88,29.28,-34.16,-14.64,-48.8,-78.08,-156.16,-112.24,-87.84
-4.88,-24.4,-19.52,14.64,4.88,-24.4,-24.4,-58.56,-92.72,-151.28,-117.12,-92.72
-34.16,-19.52,14.64,29.28,-24.4,-4.88,-34.16,-14.64,-87.84,-156.16,-117.12,-92.72
-29.28,-43.92,-14.64,39.04,-9.76,-29.28,-24.4,-34.16,-63.44,-141.52,-117.12,-82.96
-39.04,-48.8,-9.76,43.92,-14.64,-29.28,-24.4,-53.68,-58.56,-131.76,-122,-82.96
-53.68,-48.8,4.88,53.68,-29.28,-24.4,-34.16,-29.28,-53.68,-122,-131.76,-87.84
-34.16,-43.92,-9.76,39.04,-14.64,-29.28,-34.16,-29.28,-43.92,-117.12,-131.76,-92.72
-43.92,-43.92,0,43.92,-24.4,-24.4,-19.52,34.16,-24.4,-107.36,-126.88,-92.72
-34.16,-24.4,9.76,29.28,-24.4,-9.76,-9.76,9.76,-29.28,-102.48,-131.76,-87.84
-43.92,-9.76,34.16,29.28,-39.04,9.76,0,-19.52,-34.16,-107.36,-136.64,-102.48
-53.68,-24.4,29.28,39.04,-43.92,0,9.76,-14.64,0,-97.6,-136.64,-97.6
-39.04,-24.4,14.64,34.16,-29.28,-4.88,9.76,-29.28,9.76,-102.48,-141.52,-102.48
-29.28,-34.16,-4.88,34.16,-14.64,-19.52,-19.52,-24.4,-9.76,-112.24,-151.28,-126.88
-29.28,-48.8,-19.52,39.04,-4.88,-34.16,-43.92,4.88,-39.04,-107.36,-156.16,-131.76
-29.28,-34.16,-4.88,34.16,-14.64,-19.52,-29.28,29.28,-24.4,-97.6,-146.4,-117.12
-43.92,-29.28,14.64,39.04,-29.28,-9.76,-43.92,34.16,9.76,-87.84,-141.52,-117.12
-58.56,-43.92,14.64,53.68,-39.04,-14.64,-63.44,-24.4,0,-87.84,-136.64,-122
-68.32,-58.56,9.76,63.44,-39.04,-24.4,-58.56,19.52,-9.76,-78.08,-126.88,-117.12
-58.56,-24.4,34.16,43.92,-48.8,4.88,-53.68,9.76,14.64,-78.08,-122,-122
-34.16,-29.28,4.88,34.16,-19.52,-14.64,-19.52,4.88,14.64,-78.08,-112.24,-122
-29.28,-24.4,4.88,29.28,-19.52,-9.76,-48.8,19.52,14.64,-68.32,-102.48,-112.24
-34.16,-4.88,29.28,19.52,-34.16,9.76,-63.44,0,14.64,-63.44,-92.72,-112.24
-29.28,-4.88,24.4,19.52,-29.28,9.76,-39.04,29.28,34.16,-53.68,-78.08,-102.48
-14.64,-29.28,-14.64,24.4,0,-24.4,-24.4,29.28,53.68,-48.8,-82.96,-107.36
-24.4,-29.28,-4.88,29.28,-9.76,-19.52,-29.28,19.52,43.92,-39.04,-78.08,-107.36
-24.4,-19.52,4.88,24.4,-14.64,-9.76,-39.04,39.04,87.84,-34.16,-73.2,-112.24
-34.16,-19.52,14.64,29.28,-24.4,-4.88,-48.8,58.56,58.56,-34.16,-82.96,-126.88
-39.04,-4.88,34.16,24.4,-39.04,14.64,-48.8,107.36,73.2,-9.76,-58.56,-102.48
-39.04,-24.4,14.64,34.16,-29.28,-4.88,-43.92,78.08,73.2,0,-48.8,-102.48
-29.28,-9.76,19.52,19.52,-24.4,4.88,-39.04,73.2,82.96,9.76,-39.04,-92.72
-14.64,4.88,19.52,4.88,-19.52,9.76,-48.8,63.44,92.72,4.88,-43.92,-97.6
-34.16,-4.88,29.28,19.52,-34.16,9.76,-58.56,48.8,82.96,0,-48.8,-107.36
-34.16,-9.76,24.4,24.4,-29.28,4.88,-29.28,97.6,112.24,24.4,-24.4,-92.72
-19.52,-14.64,4.88,19.52,-14.64,-4.88,-19.52,82.96,87.84,19.52,-29.28,-97.6
-43.92,-29.28,14.64,39.04,-29.28,-9.76,-14.64,73.2,73.2,14.64,-29.28,-102.48
-19.52,4.88,24.4,9.76,-24.4,14.64,-24.4,78.08,73.2,14.64,-34.16,-112.24
-14.64,-9.76,4.88,14.64,-9.76,-4.88,-14.64,82.96,68.32,19.52,-34.16,-117.12
-43.92,-14.64,29.28,29.28,-39.04,4.88,-19.52,14.64,63.44,24.4,-24.4,-112.24
-58.56,-24.4,34.16,43.92,-48.8,4.88,-39.04,-9.76,58.56,24.4,-14.64,-112.24
-53.68,-29.28,24.4,43.92,-39.04,-4.88,-53.68,29.28,39.04,14.64,-19.52,-117.12
-43.92,-39.04,4.88,43.92,-24.4,-19.52,-48.8,48.8,39.04,9.76,-19.52,-117.12
-29.28,-24.4,4.88,29.28,-19.52,-9.76,-43.92,14.64,24.4,4.88,-14.64,-112.24
-19.52,0,19.52,9.76,-19.52,9.76,-29.28,-24.4,39.04,24.4,4.88,-92.72
-24.4,9.76,34.16,9.76,-29.28,19.52,4.88,14.64,48.8,29.28,24.4,-73.2
-48.8,0,48.8,24.4,-48.8,24.4,29.28,29.28,48.8,29.28,19.52,-78.08
-53.68,-9.76,43.92,34.16,-48.8,14.64,9.76,-4.88,43.92,9.76,4.88,-97.6
-58.56,-19.52,39.04,39.04,-48.8,9.76,19.52,14.64,48.8,29.28,19.52,-92.72
-58.56,-14.64,43.92,39.04,-53.68,14.64,-4.88,-19.52,43.92,24.4,19.52,-92.72
-63.44,-24.4,39.04,43.92,-53.68,4.88,0,14.64,58.56,19.52,19.52,-92.72
-63.44,-9.76,53.68,39.04,-58.56,19.52,4.88,-14.64,43.92,9.76,14.64,-92.72
-53.68,-9.76,43.92,34.16,-48.8,14.64,19.52,-24.4,29.28,9.76,14.64,-92.72
-43.92,-9.76,34.16,29.28,-39.04,9.76,24.4,-34.16,34.16,4.88,14.64,-82.96
-34.16,14.64,48.8,9.76,-43.92,29.28,-4.88,-63.44,4.88,-9.76,-4.88,-112.24
-39.04,4.88,43.92,19.52,-43.92,24.4,19.52,-39.04,19.52,0,9.76,-82.96
-43.92,-9.76,34.16,29.28,-39.04,9.76,9.76,-19.52,43.92,0,9.76,-78.08
-53.68,-14.64,39.04,34.16,-48.8,9.76,24.4,-4.88,19.52,4.88,9.76,-73.2
-34.16,-24.4,9.76,29.28,-24.4,-9.76,39.04,-9.76,34.16,4.88,9.76,-68.32
-43.92,0,43.92,24.4,-43.92,19.52,53.68,-9.76,34.16,14.64,14.64,-48.8
-19.52,9.76,29.28,4.88,-24.4,19.52,39.04,9.76,29.28,19.52,14.64,-53.68
-24.4,9.76,34.16,9.76,-29.28,19.52,48.8,24.4,29.28,14.64,14.64,-43.92
-24.4,19.52,43.92,4.88,-34.16,29.28,14.64,0,14.64,-9.76,-19.52,-78.08
-39.04,0,39.04,19.52,-39.04,19.52,9.76,0,43.92,-14.64,-19.52,-68.32
-39.04,-9.76,29.28,24.4,-34.16,9.76,24.4,-19.52,29.28,-9.76,-14.64,-53.68
-48.8,24.4,73.2,14.64,-63.44,48.8,29.28,-39.04,4.88,-19.52,-19.52,-48.8
-43.92,19.52,63.44,14.64,-53.68,39.04,48.8,-29.28,19.52,-4.88,-9.76,-29.28
-29.28,29.28,58.56,0,-43.92,43.92,29.28,-39.04,9.76,-9.76,-14.64,-29.28
-34.16,14.64,48.8,9.76,-43.92,29.28,34.16,9.76,19.52,-4.88,-14.64,-24.4
-34.16,29.28,63.44,4.88,-48.8,43.92,39.04,-24.4,9.76,-9.76,-24.4,-14.64
-39.04,-4.88,34.16,24.4,-39.04,14.64,53.68,-4.88,24.4,-9.76,-24.4,-19.52
-53.68,14.64,68.32,19.52,-63.44,39.04,43.92,-19.52,24.4,-19.52,-29.28,-19.52
-48.8,4.88,53.68,24.4,-53.68,29.28,43.92,-14.64,9.76,-14.64,-29.28,-14.64
-29.28,-4.88,24.4,19.52,-29.28,9.76,29.28,0,0,-24.4,-39.04,-24.4
-9.76,-24.4,-14.64,19.52,0,-19.52,14.64,-34.16,-19.52,-48.8,-58.56,-34.16
-34.16,-34.16,0,34.16,-19.52,-19.52,24.4,-19.52,9.76,-43.92,-53.68,-24.4
-34.16,-19.52,14.64,29.28,-24.4,-4.88,24.4,9.76,14.64,-39.04,-58.56,-24.4
-29.28,-34.16,-4.88,34.16,-14.64,-19.52,19.52,19.52,-9.76,-48.8,-68.32,-24.4
-43.92,-39.04,4.88,43.92,-24.4,-19.52,14.64,9.76,9.76,-39.04,-53.68,-9.76
-29.28,9.76,39.04,9.76,-34.16,24.4,34.16,-14.64,0,-29.28,-48.8,0
-14.64,39.04,53.68,-9.76,-34.16,43.92,24.4,4.88,-9.76,-53.68,-68.32,-9.76
14.64,24.4,9.76,-19.52,0,14.64,39.04,-19.52,-19.52,-53.68,-68.32,-9.76
0,9.76,9.76,-4.88,-4.88,9.76,29.28,-43.92,-29.28,-63.44,-82.96,-19.52
-53.68,-4.88,48.8,29.28,-53.68,19.52,9.76,-29.28,-24.4,-68.32,-87.84,-24.4
-34.16,-4.88,29.28,19.52,-34.16,9.76,9.76,-14.64,-14.64,-68.32,-82.96,-19.52
-9.76,-19.52,-9.76,14.64,0,-14.64,29.28,-4.88,4.88,-53.68,-73.2,-4.88
-9.76,-19.52,-9.76,14.64,0,-14.64,19.52,-43.92,-19.52,-73.2,-92.72,-14.64
-29.28,-24.4,4.88,29.28,-19.52,-9.76,39.04,-19.52,-34.16,-68.32,-87.84,-14.64
-53.68,-48.8,4.88,53.68,-29.28,-24.4,34.16,39.04,-9.76,-63.44,-78.08,0
-4.88,-29.28,-24.4,19.52,9.76,-29.28,43.92,9.76,-39.04,-73.2,-87.84,-14.64
14.64,-24.4,-39.04,4.88,24.4,-34.16,39.04,19.52,-58.56,-82.96,-87.84,-9.76
-14.64,-39.04,-24.4,29.28,4.88,-34.16,29.28,19.52,-39.04,-73.2,-78.08,4.88
-34.16,-48.8,-14.64,43.92,-9.76,-34.16,29.28,-29.28,-19.52,-73.2,-73.2,14.64
-43.92,-48.8,-4.88,48.8,-19.52,-29.28,48.8,-29.28,-43.92,-68.32,-68.32,19.52
-48.8,-63.44,-14.64,58.56,-19.52,-39.04,48.8,-4.88,-53.68,-78.08,-68.32,24.4
-53.68,-53.68,0,53.68,-29.28,-29.28,53.68,-9.76,-58.56,-78.08,-73.2,14.64
-9.76,-39.04,-29.28,24.4,9.76,-34.16,58.56,-19.52,-73.2,-97.6,-92.72,0
-24.4,-24.4,0,24.4,-14.64,-14.64,43.92,-9.76,-48.8,-87.84,-92.72,0
-39.04,-14.64,24.4,29.28,-34.16,4.88,43.92,34.16,-29.28,-73.2,-73.2,19.52
-29.28,-34.16,-4.88,34.16,-14.64,-19.52,53.68,14.64,-39.04,-68.32,-73.2,19.52
-48.8,-43.92,4.88,48.8,-29.28,-19.52,73.2,-9.76,-39.04,-73.2,-68.32,24.4
-24.4,-39.04,-14.64,34.16,-4.88,-29.28,53.68,-19.52,-34.16,-87.84,-87.84,9.76
-24.4,-29.28,-4.88,29.28,-9.76,-19.52,34.16,-9.76,-43.92,-82.96,-78.08,19.52
-24.4,-29.28,-4.88,29.28,-9.76,-19.52,48.8,-34.16,-43.92,-73.2,-68.32,29.28
-43.92,-34.16,9.76,39.04,-29.28,-14.64,63.44,-19.52,-19.52,-63.44,-58.56,48.8
-34.16,-24.4,9.76,29.28,-24.4,-9.76,48.8,14.64,-9.76,-68.32,-63.44,39.04
-29.28,-19.52,9.76,24.4,-19.52,-4.88,39.04,14.64,-39.04,-63.44,-63.44,39.04
-39.04,-19.52,19.52,29.28,-29.28,0,24.4,0,-24.4,-48.8,-58.56,43.92
-24.4,-9.76,14.64,19.52,-19.52,0,-24.4,19.52,9.76,-48.8,-58.56,43.92
-24.4,-19.52,4.88,24.4,-14.64,-9.76,-58.56,24.4,-4.88,-48.8,-63.44,43.92
-48.8,-39.04,9.76,43.92,-29.28,-14.64,-82.96,0,0,-63.44,-63.44,34.16
-53.68,0,53.68,29.28,-53.68,24.4,-112.24,-9.76,-24.4,-78.08,-82.96,14.64
-43.92,14.64,58.56,14.64,-53.68,34.16,-112.24,-19.52,-24.4,-73.2,-78.08,29.28
-58.56,-4.88,53.68,34.16,-58.56,24.4,-117.12,0,-29.28,-63.44,-63.44,39.04
-29.28,0,29.28,14.64,-29.28,14.64,-122,-19.52,-39.04,-78.08,-78.08,39.04
-4.88,-9.76,-4.88,9.76,0,-9.76,-136.64,-14.64,-68.32,-82.96,-82.96,29.28
-14.64,-4.88,9.76,9.76,-14.64,0,-136.64,-43.92,-53.68,-68.32,-73.2,34.16
-39.04,-9.76,29.28,24.4,-34.16,9.76,-131.76,-68.32,-53.68,-68.32,-68.32,43.92
-34.16,-9.76,24.4,24.4,-29.28,4.88,-141.52,-87.84,-68.32,-92.72,-102.48,14.64
-39.04,-9.76,29.28,24.4,-34.16,9.76,-146.4,-63.44,-78.08,-87.84,-97.6,24.4
-43.92,-24.4,19.52,34.16,-34.16,-4.88,-122,-63.44,-78.08,-82.96,-87.84,34.16
-24.4,19.52,43.92,4.88,-34.16,29.28,-136.64,-87.84,-82.96,-92.72,-97.6,24.4
-29.28,-19.52,9.76,24.4,-19.52,-4.88,-146.4,-78.08,-73.2,-92.72,-87.84,34.16
-19.52,-14.64,4.88,19.52,-14.64,-4.88,-146.4,-112.24,-78.08,-92.72,-87.84,34.16
-24.4,-4.88,19.52,14.64,-24.4,4.88,-136.64,-122,-82.96,-102.48,-82.96,43.92
-34.16,-14.64,19.52,24.4,-29.28,0,-117.12,-73.2,-107.36,-102.48,-87.84,43.92
-14.64,-19.52,-4.88,19.52,-4.88,-14.64,-131.76,-92.72,-112.24,-107.36,-97.6,34.16
-29.28,-4.88,24.4,19.52,-29.28,9.76,-131.76,-92.72,-82.96,-92.72,-78.08,58.56
-39.04,0,39.04,19.52,-39.04,19.52,-122,-48.8,-78.08,-87.84,-73.2,63.44
-24.4,14.64,39.04,4.88,-34.16,24.4,-141.52,-122,-92.72,-102.48,-92.72,43.92
-14.64,43.92,58.56,-14.64,-39.04,48.8,-146.4,-131.76,-107.36,-122,-107.36,34.16
-53.68,4.88,58.56,24.4,-58.56,29.28,-136.64,-117.12,-92.72,-102.48,-97.6,48.8
-68.32,4.88,73.2,34.16,-73.2,39.04,-141.52,-92.72,-97.6,-97.6,-87.84,53.68
-73.2,-9.76,63.44,43.92,-68.32,24.4,-136.64,-92.72,-107.36,-92.72,-87.84,58.56
-43.92,19.52,63.44,14.64,-53.68,39.04,-126.88,-92.72,-87.84,-87.84,-82.96,68.32
-39.04,29.28,68.32,4.88,-53.68,48.8,-112.24,-97.6,-82.96,-97.6,-87.84,63.44
-82.96,0,82.96,43.92,-82.96,39.04,-126.88,-53.68,-102.48,-107.36,-97.6,58.56
-78.08,-19.52,58.56,48.8,-68.32,19.52,-122,-29.28,-73.2,-92.72,-82.96,73.2
-34.16,0,34.16,19.52,-34.16,14.64,-112.24,-39.04,-68.32,-97.6,-82.96,73.2
-39.04,14.64,53.68,14.64,-48.8,34.16,-92.72,-53.68,-68.32,-92.72,-82.96,68.32
-53.68,19.52,73.2,19.52,-63.44,43.92,-102.48,-29.28,-63.44,-92.72,-82.96,78.08
-58.56,0,58.56,29.28,-58.56,29.28,-97.6,-48.8,-73.2,-92.72,-87.84,78.08
-53.68,-4.88,48.8,29.28,-53.68,19.52,-102.48,-73.2,-92.72,-92.72,-87.84,73.2
-24.4,4.88,29.28,9.76,-29.28,14.64,-102.48,-58.56,-82.96,-92.72,-87.84,78.08
-24.4,-9.76,14.64,19.52,-19.52,0,-102.48,-48.8,-82.96,-97.6,-87.84,78.08
-53.68,-24.4,29.28,39.04,-43.92,0,-117.12,-78.08,-107.36,-112.24,-112.24,68.32
-68.32,-24.4,43.92,48.8,-58.56,9.76,-117.12,-73.2,-107.36,-112.24,-112.24,68.32
-48.8,-19.52,29.28,34.16,-39.04,4.88,-92.72,-78.08,-78.08,-97.6,-97.6,78.08
-53.68,-34.16,19.52,43.92,-39.04,-9.76,-82.96,-78.08,-58.56,-87.84,-92.72,92.72
-34.16,-4.88,29.28,19.52,-34.16,9.76,-82.96,-48.8,-82.96,-87.84,-97.6,87.84
-34.16,-19.52,14.64,29.28,-24.4,-4.88,-73.2,-58.56,-68.32,-82.96,-87.84,92.72
-43.92,-29.28,14.64,39.04,-29.28,-9.76,-43.92,-53.68,-68.32,-73.2,-87.84,97.6
-63.44,-39.04,24.4,53.68,-43.92,-9.76,-53.68,-73.2,-73.2,-82.96,-92.72,92.72
-29.28,-29.28,0,29.28,-14.64,-14.64,-63.44,-58.56,-87.84,-87.84,-102.48,82.96
-14.64,-4.88,9.76,9.76,-14.64,0,-78.08,-53.68,-97.6,-107.36,-117.12,73.2
-39.04,-14.64,24.4,29.28,-34.16,4.88,-73.2,-73.2,-92.72,-92.72,-107.36,82.96
-48.8,-24.4,24.4,39.04,-39.04,0,-78.08,-73.2,-92.72,-87.84,-102.48,92.72
-34.16,-24.4,9.76,29.28,-24.4,-9.76,-73.2,-73.2,-102.48,-97.6,-117.12,82.96
-29.28,-34.16,-4.88,34.16,-14.64,-19.52,-82.96,-73.2,-102.48,-97.6,-117.12,82.96
-43.92,-19.52,24.4,34.16,-34.16,0,-78.08,-73.2,-78.08,-87.84,-107.36,92.72
-53.68,-34.16,19.52,43.92,-39.04,-9.76,-78.08,-68.32,-78.08,-87.84,-102.48,102.48
-43.92,-34.16,9.76,39.04,-29.28,-14.64,-82.96,-68.32,-97.6,-92.72,-117.12,82.96
-29.28,4.88,34.16,14.64,-34.16,19.52,-73.2,-48.8,-107.36,-107.36,-112.24,78.08
-4.88,-24.4,-19.52,14.64,4.88,-24.4,-63.44,-73.2,-112.24,-112.24,-117.12,68.32
-34.16,-39.04,-4.88,39.04,-14.64,-24.4,-58.56,-48.8,-107.36,-112.24,-107.36,78.08
-43.92,-29.28,14.64,39.04,-29.28,-9.76,-63.44,-24.4,-107.36,-112.24,-117.12,73.2
-58.56,-9.76,48.8,34.16,-53.68,19.52,-97.6,-53.68,-102.48,-131.76,-136.64,48.8
-68.32,-24.4,43.92,48.8,-58.56,9.76,-68.32,-58.56,-78.08,-107.36,-117.12,63.44
-19.52,-24.4,-4.88,24.4,-9.76,-14.64,-73.2,-73.2,-82.96,-117.12,-131.76,48.8
-34.16,19.52,53.68,9.76,-43.92,34.16,-73.2,-34.16,-107.36,-117.12,-131.76,48.8
-19.52,0,19.52,9.76,-19.52,9.76,-48.8,-39.04,-102.48,-107.36,-122,68.32
-34.16,-14.64,19.52,24.4,-29.28,0,-39.04,-48.8,-87.84,-107.36,-122,53.68
-24.4,0,24.4,14.64,-24.4,9.76,-39.04,-48.8,-97.6,-107.36,-117.12,58.56
-34.16,4.88,39.04,14.64,-39.04,19.52,-24.4,-48.8,-102.48,-117.12,-122,53.68
-58.56,-9.76,48.8,34.16,-53.68,19.52,-14.64,-43.92,-87.84,-117.12,-122,43.92
-39.04,-24.4,14.64,34.16,-29.28,-4.88,-24.4,-29.28,-87.84,-102.48,-107.36,53.68
-29.28,0,29.28,14.64,-29.28,14.64,-43.92,0,-112.24,-117.12,-126.88,39.04
-24.4,-24.4,0,24.4,-14.64,-14.64,-43.92,-48.8,-97.6,-117.12,-131.76,29.28
-34.16,-14.64,19.52,24.4,-29.28,0,-43.92,-58.56,-97.6,-112.24,-126.88,29.28
-58.56,-24.4,34.16,43.92,-48.8,4.88,-58.56,-29.28,-87.84,-97.6,-122,34.16
-58.56,-39.04,19.52,48.8,-39.04,-9.76,-68.32,9.76,-43.92,-82.96,-112.24,48.8
-48.8,-29.28,19.52,39.04,-34.16,-4.88,-68.32,14.64,-58.56,-78.08,-102.48,43.92
-48.8,-43.92,4.88,48.8,-29.28,-19.52,-82.96,0,-63.44,-97.6,-112.24,39.04
-43.92,-24.4,19.52,34.16,-34.16,-4.88,-78.08,4.88,-63.44,-92.72,-97.6,53.68
-48.8,-39.04,9.76,43.92,-29.28,-14.64,-82.96,4.88,-73.2,-92.72,-92.72,63.44
-39.04,-29.28,9.76,34.16,-24.4,-9.76,-102.48,-24.4,-82.96,-82.96,-97.6,53.68
-34.16,-34.16,0,34.16,-19.52,-19.52,-122,-9.76,-82.96,-78.08,-97.6,43.92
-43.92,-43.92,0,43.92,-24.4,-24.4,-156.16,4.88,-63.44,-78.08,-122,0
-34.16,-39.04,-4.88,39.04,-14.64,-24.4,-146.4,0,-39.04,-63.44,-131.76,-43.92
-43.92,-68.32,-24.4,58.56,-9.76,-48.8,-117.12,58.56,34.16,4.88,-97.6,-68.32
-34.16,-63.44,-29.28,48.8,-4.88,-48.8,-102.48,82.96,58.56,112.24,-24.4,-92.72
-14.64,-63.44,-48.8,39.04,14.64,-58.56,-82.96,112.24,117.12,263.52,126.88,-58.56
-19.52,-53.68,-34.16,39.04,4.88,-43.92,-82.96,107.36,146.4,405.04,322.08,24.4
4.88,0,-4.88,0,4.88,-4.88,-136.64,58.56,170.8,551.44,619.76,195.2
4.88,87.84,82.96,-43.92,-39.04,82.96,-180.56,43.92,102.48,595.36,927.2,444.08
29.28,195.2,165.92,-112.24,-68.32,180.56,-248.88,-68.32,-53.68,561.2,1205.36,727.12
87.84,297.68,209.84,-190.32,-63.44,253.76,-292.8,-214.72,-165.92,502.64,1493.28,1083.36
126.88,419.68,292.8,-273.28,-82.96,356.24,-385.52,-375.76,-356.24,361.12,1854.4,1576.24
161.04,507.52,346.48,-331.84,-92.72,424.56,-512.4,-639.28,-688.08,43.92,2122.8,2152.08
175.68,575.84,400.16,-375.76,-112.24,488,-619.76,-878.4,-1141.92,-468.48,2269.2,2752.32
219.6,629.52,409.92,-424.56,-97.6,517.28,-756.4,-1151.68,-1595.76,-1019.92,2342.4,3240.32
322.08,663.68,341.6,-492.88,-9.76,502.64,-829.6,-1293.2,-1888.56,-1424.96,2322.88,3518.48
361.12,673.44,312.32,-517.28,24.4,492.88,-897.92,-1346.88,-2054.48,-1761.68,2108.16,3538
351.36,673.44,322.08,-512.4,14.64,497.76,-936.96,-1390.8,-2191.12,-2108.16,1571.36,3259.84
248.88,712.48,463.6,-478.24,-107.36,585.6,-927.2,-1444.48,-2381.44,-2586.4,688.08,2806
185.44,761.28,575.84,-473.36,-195.2,668.56,-932.08,-1478.64,-2557.12,-3069.52,-336.72,2244.8
102.48,697.84,595.36,-400.16,-248.88,644.16,-868.64,-1517.68,-2732.8,-3435.52,-1263.92,1590.88
53.68,536.8,483.12,-292.8,-214.72,507.52,-756.4,-1429.84,-2796.24,-3611.2,-1942.24,902.8
58.56,366,307.44,-209.84,-126.88,336.72,-668.56,-1439.6,-2825.52,-3650.24,-2357.04,405.04
97.6,258.64,161.04,-175.68,-34.16,209.84,-663.68,-1522.56,-2840.16,-3577.04,-2513.2,136.64
53.68,161.04,107.36,-107.36,-29.28,131.76,-653.92,-1517.68,-2752.32,-3323.28,-2381.44,-14.64
-24.4,107.36,131.76,-39.04,-78.08,117.12,-570.96,-1454.24,-2503.44,-2908.48,-2103.28,-151.28
-53.68,78.08,131.76,-9.76,-92.72,102.48,-463.6,-1259.04,-2161.84,-2459.52,-1795.84,-219.6
-107.36,29.28,136.64,39.04,-122,82.96,-380.64,-966.24,-1712.88,-1976.4,-1464,-253.76
-112.24,34.16,146.4,39.04,-131.76,87.84,-346.48,-732,-1376.16,-1576.24,-1195.6,-283.04
-53.68,4.88,58.56,24.4,-58.56,29.28,-312.32,-551.44,-1078.48,-1244.4,-971.12,-268.4
-43.92,0,43.92,24.4,-43.92,19.52,-273.28,-439.2,-849.12,-971.12,-775.92,-214.72
-29.28,19.52,48.8,4.88,-39.04,34.16,-234.24,-356.24,-624.64,-717.36,-585.6,-131.76
-34.16,4.88,39.04,14.64,-39.04,19.52,-200.08,-253.76,-473.36,-522.16,-458.72,-92.72
-4.88,19.52,24.4,-4.88,-14.64,19.52,-165.92,-175.68,-341.6,-356.24,-341.6,-48.8
0,19.52,19.52,-9.76,-9.76,19.52,-122,-131.76,-234.24,-248.88,-273.28,-43.92
-34.16,-14.64,19.52,24.4,-29.28,0,-82.96,-82.96,-146.4,-161.04,-214.72,-39.04
-53.68,-9.76,43.92,34.16,-48.8,14.64,-48.8,-14.64,-73.2,-107.36,-165.92,-29.28
-68.32,-9.76,58.56,39.04,-63.44,24.4,-24.4,-14.64,-58.56,-68.32,-117.12,-9.76
-63.44,-29.28,34.16,48.8,-48.8,0,-14.64,-39.04,-43.92,-53.68,-102.48,-14.64
-48.8,-48.8,0,48.8,-24.4,-24.4,-29.28,-4.88,-48.8,-53.68,-92.72,-24.4
-68.32,-43.92,24.4,58.56,-48.8,-9.76,0,29.28,-14.64,-19.52,-63.44,0
-73.2,-24.4,48.8,48.8,-63.44,9.76,9.76,68.32,14.64,4.88,-43.92,4.88
-58.56,-29.28,29.28,43.92,-43.92,0,24.4,73.2,43.92,34.16,-34.16,24.4
-68.32,-43.92,24.4,58.56,-48.8,-9.76,19.52,48.8,29.28,43.92,-43.92,4.88
-58.56,-39.04,19.52,48.8,-39.04,-9.76,9.76,29.28,34.16,43.92,-73.2,-24.4
-53.68,0,53.68,29.28,-53.68,24.4,14.64,19.52,34.16,43.92,-82.96,-39.04
-73.2,-19.52,53.68,48.8,-63.44,14.64,19.52,43.92,48.8,53.68,-82.96,-43.92
-58.56,-24.4,34.16,43.92,-48.8,4.88,39.04,82.96,39.04,53.68,-78.08,-53.68
-63.44,-19.52,43.92,43.92,-53.68,9.76,29.28,63.44,39.04,48.8,-78.08,-63.44
-58.56,-34.16,24.4,48.8,-43.92,-4.88,0,53.68,43.92,58.56,-68.32,-58.56
-29.28,-24.4,4.88,29.28,-19.52,-9.76,-9.76,14.64,29.28,53.68,-58.56,-63.44
-14.64,-24.4,-9.76,19.52,-4.88,-19.52,-9.76,48.8,29.28,53.68,-58.56,-68.32
-24.4,-14.64,9.76,19.52,-19.52,-4.88,14.64,92.72,73.2,92.72,-24.4,-39.04
-29.28,9.76,39.04,9.76,-34.16,24.4,39.04,97.6,92.72,102.48,-4.88,-19.52
-48.8,-9.76,39.04,29.28,-43.92,14.64,29.28,58.56,68.32,97.6,-4.88,-29.28
-39.04,-39.04,0,39.04,-19.52,-19.52,29.28,53.68,73.2,92.72,-9.76,-29.28
-68.32,-48.8,19.52,58.56,-43.92,-14.64,34.16,92.72,58.56,87.84,0,-19.52
-39.04,-9.76,29.28,24.4,-34.16,9.76,14.64,63.44,58.56,78.08,14.64,-9.76
-63.44,-14.64,48.8,39.04,-58.56,14.64,9.76,73.2,63.44,82.96,19.52,4.88
-78.08,-34.16,43.92,58.56,-63.44,4.88,-9.76,63.44,53.68,63.44,4.88,0
-53.68,-53.68,0,53.68,-29.28,-29.28,-14.64,53.68,53.68,68.32,9.76,9.76
-68.32,-39.04,29.28,53.68,-48.8,-4.88,0,58.56,82.96,87.84,19.52,24.4
-78.08,-34.16,43.92,58.56,-63.44,4.88,-9.76,82.96,73.2,87.84,9.76,9.76
-68.32,-34.16,34.16,53.68,-53.68,0,4.88,102.48,78.08,92.72,14.64,14.64
-53.68,-4.88,48.8,29.28,-53.68,19.52,9.76,97.6,68.32,87.84,9.76,4.88
-58.56,-29.28,29.28,43.92,-43.92,0,24.4,68.32,68.32,97.6,19.52,9.76
-24.4,-43.92,-19.52,34.16,-4.88,-34.16,58.56,102.48,68.32,92.72,19.52,14.64
-58.56,-24.4,34.16,43.92,-48.8,4.88,39.04,112.24,73.2,87.84,24.4,19.52
-68.32,-19.52,48.8,43.92,-58.56,14.64,34.16,112.24,87.84,97.6,29.28,19.52
-43.92,-29.28,14.64,39.04,-29.28,-9.76,34.16,136.64,107.36,107.36,29.28,29.28
-24.4,-24.4,0,24.4,-14.64,-14.64,14.64,200.08,107.36,112.24,24.4,19.52
-29.28,-24.4,4.88,29.28,-19.52,-9.76,-24.4,175.68,146.4,131.76,29.28,19.52
-43.92,-29.28,14.64,39.04,-29.28,-9.76,-58.56,136.64,156.16,136.64,24.4,4.88
-19.52,-14.64,4.88,19.52,-14.64,-4.88,-102.48,126.88,141.52,151.28,24.4,0
0,-4.88,-4.88,4.88,0,-4.88,-82.96,175.68,146.4,175.68,39.04,4.88
-53.68,-24.4,29.28,39.04,-43.92,0,-87.84,156.16,161.04,175.68,39.04,0
-19.52,0,19.52,9.76,-19.52,9.76,-117.12,131.76,146.4,161.04,24.4,-9.76
-24.4,29.28,53.68,0,-39.04,39.04,-107.36,102.48,126.88,156.16,24.4,-9.76
-58.56,9.76,68.32,24.4,-63.44,39.04,-87.84,122,141.52,175.68,39.04,0
-43.92,-24.4,19.52,34.16,-34.16,-4.88,-58.56,112.24,165.92,195.2,53.68,19.52
-14.64,-34.16,-19.52,24.4,0,-29.28,-58.56,97.6,151.28,185.44,53.68,14.64
-39.04,-29.28,9.76,34.16,-24.4,-9.76,-43.92,97.6,170.8,190.32,48.8,19.52
-43.92,-34.16,9.76,39.04,-29.28,-14.64,-39.04,73.2,170.8,200.08,43.92,24.4
-34.16,-39.04,-4.88,39.04,-14.64,-24.4,-63.44,68.32,117.12,175.68,19.52,-4.88
-43.92,-24.4,19.52,34.16,-34.16,-4.88,-24.4,58.56,136.64,195.2,34.16,-4.88
-63.44,-24.4,39.04,43.92,-53.68,4.88,0,58.56,126.88,200.08,43.92,4.88
-63.44,-39.04,24.4,53.68,-43.92,-9.76,-24.4,48.8,102.48,190.32,43.92,-4.88
-63.44,-48.8,14.64,58.56,-39.04,-19.52,-14.64,39.04,107.36,195.2,58.56,4.88
-43.92,-58.56,-14.64,53.68,-14.64,-39.04,-24.4,24.4,107.36,195.2,48.8,-14.64
-29.28,-58.56,-29.28,43.92,0,-43.92,-29.28,14.64,122,195.2,48.8,-19.52
-43.92,-53.68,-9.76,48.8,-19.52,-34.16,14.64,68.32,156.16,234.24,82.96,9.76
-53.68,-53.68,0,53.68,-29.28,-29.28,39.04,63.44,180.56,248.88,82.96,4.88
-78.08,-73.2,4.88,78.08,-43.92,-34.16,9.76,68.32,170.8,253.76,78.08,-24.4
-68.32,-73.2,-4.88,73.2,-34.16,-39.04,-14.64,82.96,161.04,248.88,73.2,-48.8
-63.44,-58.56,4.88,63.44,-34.16,-29.28,-24.4,58.56,170.8,258.64,68.32,-78.08
-39.04,-68.32,-29.28,53.68,-4.88,-48.8,0,34.16,170.8,258.64,68.32,-82.96
-58.56,-58.56,0,58.56,-29.28,-29.28,14.64,58.56,185.44,278.16,92.72,-73.2
-39.04,-73.2,-34.16,58.56,-4.88,-53.68,-14.64,68.32,195.2,287.92,97.6,-87.84
-53.68,-87.84,-34.16,73.2,-9.76,-63.44,-9.76,68.32,214.72,292.8,102.48,-87.84
-43.92,-73.2,-29.28,58.56,-9.76,-53.68,0,92.72,219.6,312.32,107.36,-78.08
-34.16,-39.04,-4.88,39.04,-14.64,-24.4,43.92,117.12,244,331.84,131.76,-68.32
-19.52,-24.4,-4.88,24.4,-9.76,-14.64,34.16,126.88,248.88,341.6,131.76,-68.32
-14.64,-34.16,-19.52,24.4,0,-29.28,19.52,170.8,263.52,361.12,131.76,-73.2
4.88,-14.64,-19.52,4.88,9.76,-19.52,-4.88,165.92,273.28,366,131.76,-78.08
-24.4,-24.4,0,24.4,-14.64,-14.64,-9.76,151.28,292.8,390.4,146.4,-87.84
-29.28,-14.64,14.64,24.4,-24.4,0,4.88,131.76,331.84,414.8,161.04,-78.08
-39.04,-58.56,-19.52,48.8,-9.76,-39.04,9.76,141.52,317.2,414.8,170.8,-78.08
-82.96,-82.96,0,82.96,-43.92,-43.92,-9.76,136.64,326.96,419.68,175.68,-82.96
-58.56,-58.56,0,58.56,-29.28,-29.28,-14.64,126.88,331.84,419.68,180.56,-92.72
-53.68,-39.04,14.64,48.8,-34.16,-14.64,-14.64,185.44,336.72,434.32,190.32,-82.96
-39.04,-19.52,19.52,29.28,-29.28,0,-19.52,209.84,370.88,458.72,214.72,-73.2
-14.64,-14.64,0,14.64,-9.76,-9.76,9.76,195.2,385.52,488,234.24,-58.56
-29.28,-29.28,0,29.28,-14.64,-14.64,0,204.96,380.64,492.88,229.36,-78.08
-34.16,-24.4,9.76,29.28,-24.4,-9.76,0,190.32,414.8,507.52,239.12,-73.2
-29.28,-9.76,19.52,19.52,-24.4,4.88,14.64,214.72,419.68,531.92,268.4,-63.44
-14.64,9.76,24.4,4.88,-19.52,14.64,0,214.72,400.16,536.8,273.28,-78.08
-4.88,-14.64,-9.76,9.76,0,-14.64,-14.64,229.36,419.68,551.44,292.8,-78.08
-34.16,-29.28,4.88,34.16,-19.52,-14.64,-29.28,219.6,434.32,561.2,307.44,-78.08
-29.28,-29.28,0,29.28,-14.64,-14.64,-19.52,204.96,458.72,585.6,326.96,-73.2
-4.88,-29.28,-24.4,19.52,9.76,-29.28,-14.64,200.08,473.36,605.12,341.6,-58.56
-9.76,-29.28,-19.52,19.52,4.88,-24.4,-19.52,234.24,492.88,634.4,361.12,-58.56
4.88,0,-4.88,0,4.88,-4.88,0,258.64,522.16,658.8,390.4,-43.92
0,19.52,19.52,-9.76,-9.76,19.52,4.88,234.24,541.68,683.2,409.92,-39.04
19.52,-4.88,-24.4,-4.88,19.52,-14.64,0,244,556.32,702.72,424.56,-39.04
4.88,4.88,0,-4.88,0,0,9.76,258.64,566.08,722.24,453.84,-39.04
-19.52,4.88,24.4,9.76,-24.4,14.64,19.52,248.88,575.84,741.76,473.36,-29.28
-14.64,9.76,24.4,4.88,-19.52,14.64,14.64,248.88,585.6,741.76,483.12,-34.16
24.4,9.76,-14.64,-14.64,19.52,-4.88,14.64,244,610,761.28,507.52,-34.16
14.64,-4.88,-19.52,-4.88,14.64,-14.64,14.64,302.56,610,785.68,541.68,-29.28
39.04,-4.88,-43.92,-14.64,39.04,-24.4,14.64,307.44,595.36,800.32,551.44,-29.28
19.52,9.76,-9.76,-14.64,14.64,0,14.64,292.8,634.4,819.84,570.96,-29.28
-4.88,4.88,9.76,0,-9.76,4.88,19.52,326.96,663.68,844.24,590.48,-24.4
0,24.4,24.4,-9.76,-14.64,24.4,34.16,302.56,663.68,868.64,614.88,-19.52
14.64,43.92,29.28,-29.28,-9.76,34.16,29.28,268.4,707.6,888.16,629.52,-19.52
39.04,53.68,14.64,-43.92,9.76,34.16,43.92,278.16,673.44,902.8,653.92,-29.28
29.28,58.56,29.28,-43.92,0,43.92,73.2,312.32,673.44,917.44,683.2,-24.4
19.52,19.52,0,-19.52,9.76,9.76,68.32,312.32,697.84,932.08,707.6,-14.64
53.68,48.8,-4.88,-48.8,29.28,19.52,53.68,268.4,692.96,927.2,727.12,-24.4
39.04,34.16,-4.88,-34.16,19.52,14.64,43.92,312.32,702.72,936.96,736.88,-24.4
14.64,4.88,-9.76,-9.76,9.76,-4.88,48.8,307.44,722.24,951.6,766.16,-19.52
58.56,29.28,-29.28,-43.92,43.92,0,43.92,307.44,717.36,966.24,780.8,-14.64
58.56,29.28,-29.28,-43.92,43.92,0,29.28,287.92,697.84,985.76,795.44,-4.88
43.92,24.4,-19.52,-34.16,29.28,0,-4.88,278.16,692.96,976,790.56,-24.4
58.56,14.64,-43.92,-34.16,48.8,-14.64,-9.76,302.56,712.48,985.76,805.2,-19.52
48.8,43.92,-4.88,-43.92,24.4,19.52,-14.64,307.44,697.84,985.76,824.72,-24.4
58.56,63.44,4.88,-58.56,24.4,34.16,-9.76,351.36,707.6,995.52,839.36,-4.88
58.56,43.92,-14.64,-48.8,34.16,14.64,-9.76,356.24,707.6,985.76,844.24,-4.88
58.56,19.52,-39.04,-39.04,48.8,-9.76,-48.8,331.84,688.08,961.36,834.48,-34.16
63.44,14.64,-48.8,-39.04,53.68,-19.52,-29.28,346.48,697.84,971.12,854,-14.64
68.32,4.88,-63.44,-34.16,63.44,-29.28,-19.52,346.48,722.24,980.88,868.64,4.88
48.8,14.64,-34.16,-29.28,39.04,-9.76,-14.64,351.36,712.48,976,868.64,4.88
68.32,29.28,-39.04,-48.8,53.68,-4.88,-34.16,326.96,688.08,971.12,868.64,4.88
87.84,34.16,-53.68,-58.56,68.32,-9.76,-43.92,297.68,673.44,961.36,858.88,0
92.72,39.04,-53.68,-63.44,73.2,-9.76,-39.04,273.28,624.64,936.96,844.24,0
63.44,24.4,-39.04,-43.92,48.8,-9.76,-43.92,219.6,575.84,888.16,810.08,-29.28
53.68,4.88,-48.8,-29.28,48.8,-24.4,-39.04,200.08,556.32,863.76,800.32,-19.52
73.2,4.88,-68.32,-39.04,68.32,-34.16,-34.16,200.08,502.64,844.24,795.44,-4.88
68.32,4.88,-63.44,-34.16,63.44,-29.28,-43.92,175.68,478.24,819.84,785.68,-4.88
68.32,24.4,-43.92,-43.92,53.68,-9.76,-48.8,126.88,448.96,785.68,761.28,-9.76
78.08,14.64,-63.44,-43.92,68.32,-24.4,-34.16,126.88,444.08,780.8,761.28,19.52
68.32,14.64,-53.68,-39.04,58.56,-19.52,-39.04,122,414.8,756.4,741.76,14.64
48.8,19.52,-29.28,-34.16,39.04,-4.88,-58.56,97.6,395.28,722.24,712.48,0
53.68,9.76,-43.92,-29.28,48.8,-19.52,-63.44,82.96,375.76,692.96,678.32,0
68.32,19.52,-48.8,-43.92,58.56,-14.64,-68.32,82.96,361.12,678.32,663.68,-4.88
87.84,9.76,-78.08,-48.8,82.96,-34.16,-73.2,97.6,356.24,629.52,624.64,-19.52
53.68,-19.52,-73.2,-14.64,63.44,-48.8,-63.44,117.12,326.96,595.36,585.6,-19.52
19.52,-39.04,-58.56,9.76,39.04,-48.8,-58.56,68.32,287.92,561.2,556.32,-19.52
29.28,-29.28,-58.56,0,43.92,-43.92,-43.92,39.04,248.88,522.16,527.04,-24.4
34.16,-29.28,-63.44,0,48.8,-48.8,-58.56,92.72,214.72,478.24,478.24,-29.28
73.2,-4.88,-78.08,-34.16,73.2,-43.92,-68.32,78.08,195.2,439.2,448.96,-24.4
92.72,14.64,-78.08,-53.68,82.96,-34.16,-53.68,39.04,185.44,400.16,414.8,-24.4
58.56,19.52,-39.04,-39.04,48.8,-9.76,-9.76,9.76,170.8,380.64,385.52,-14.64
53.68,14.64,-39.04,-34.16,43.92,-14.64,-9.76,34.16,170.8,351.36,346.48,-9.76
24.4,-9.76,-34.16,-4.88,29.28,-24.4,-29.28,19.52,165.92,322.08,322.08,-9.76
24.4,29.28,4.88,-24.4,9.76,14.64,-58.56,-19.52,112.24,278.16,268.4,-43.92
53.68,19.52,-34.16,-34.16,43.92,-9.76,-39.04,-9.76,87.84,248.88,244,-34.16
9.76,-29.28,-39.04,9.76,24.4,-34.16,-19.52,24.4,78.08,219.6,224.48,-29.28
-4.88,-53.68,-48.8,29.28,19.52,-53.68,-4.88,14.64,53.68,190.32,195.2,-29.28
24.4,-39.04,-63.44,9.76,43.92,-53.68,0,34.16,48.8,161.04,170.8,-24.4
58.56,4.88,-53.68,-29.28,53.68,-24.4,19.52,-9.76,29.28,136.64,141.52,-19.52
34.16,-4.88,-39.04,-14.64,34.16,-24.4,9.76,14.64,19.52,117.12,126.88,-9.76
14.64,-14.64,-29.28,0,19.52,-24.4,14.64,19.52,29.28,112.24,117.12,0
43.92,0,-43.92,-19.52,43.92,-24.4,4.88,-14.64,19.52,92.72,87.84,-9.76
39.04,4.88,-34.16,-19.52,34.16,-14.64,14.64,-29.28,4.88,68.32,78.08,-9.76
-9.76,-19.52,-9.76,14.64,0,-14.64,19.52,-4.88,-4.88,53.68,48.8,-14.64
4.88,4.88,0,-4.88,0,0,29.28,14.64,0,43.92,39.04,-9.76
0,-9.76,-9.76,4.88,4.88,-9.76,39.04,-19.52,0,19.52,19.52,-14.64
4.88,-24.4,-29.28,9.76,14.64,-29.28,29.28,-9.76,-19.52,4.88,4.88,-19.52
19.52,4.88,-14.64,-9.76,14.64,-4.88,24.4,4.88,-39.04,-14.64,-14.64,-14.64
4.88,-39.04,-43.92,19.52,24.4,-43.92,24.4,-19.52,-34.16,-24.4,-24.4,-4.88
14.64,-58.56,-73.2,24.4,43.92,-68.32,29.28,9.76,-39.04,-39.04,-39.04,-9.76
14.64,-39.04,-53.68,14.64,34.16,-48.8,53.68,68.32,-19.52,-24.4,-29.28,9.76
14.64,-19.52,-34.16,4.88,24.4,-29.28,53.68,9.76,-19.52,-24.4,-43.92,9.76
-4.88,-9.76,-4.88,9.76,0,-9.76,58.56,4.88,-29.28,-43.92,-58.56,-9.76
4.88,4.88,0,-4.88,0,0,53.68,-9.76,-58.56,-63.44,-78.08,-34.16
-19.52,-24.4,-4.88,24.4,-9.76,-14.64,53.68,-4.88,-48.8,-68.32,-87.84,-34.16
-9.76,-29.28,-19.52,19.52,4.88,-24.4,53.68,-9.76,-82.96,-92.72,-102.48,-48.8
-19.52,-63.44,-43.92,43.92,9.76,-53.68,39.04,0,-78.08,-97.6,-112.24,-58.56
-4.88,-58.56,-53.68,34.16,24.4,-58.56,14.64,63.44,-87.84,-112.24,-122,-63.44
0,-34.16,-34.16,19.52,14.64,-34.16,14.64,73.2,-97.6,-117.12,-141.52,-53.68
-19.52,-34.16,-14.64,29.28,-4.88,-24.4,14.64,34.16,-82.96,-107.36,-141.52,-48.8
-24.4,-58.56,-34.16,43.92,4.88,-48.8,29.28,48.8,-63.44,-97.6,-141.52,-34.16
-39.04,-63.44,-24.4,53.68,-9.76,-43.92,24.4,48.8,-78.08,-107.36,-151.28,-43.92
-24.4,-48.8,-24.4,39.04,0,-39.04,29.28,43.92,-58.56,-97.6,-141.52,-34.16
-4.88,-24.4,-19.52,14.64,4.88,-24.4,53.68,53.68,-53.68,-92.72,-136.64,-24.4
-14.64,-48.8,-34.16,34.16,9.76,-43.92,53.68,34.16,-68.32,-117.12,-161.04,-39.04
-39.04,-39.04,0,39.04,-19.52,-19.52,39.04,82.96,-87.84,-136.64,-180.56,-68.32
-39.04,-53.68,-14.64,48.8,-14.64,-34.16,43.92,34.16,-82.96,-141.52,-175.68,-63.44
-34.16,-48.8,-14.64,43.92,-9.76,-34.16,39.04,29.28,-97.6,-136.64,-180.56,-58.56
-43.92,-58.56,-14.64,53.68,-14.64,-39.04,34.16,9.76,-97.6,-146.4,-190.32,-63.44
-48.8,-78.08,-29.28,63.44,-9.76,-53.68,24.4,14.64,-87.84,-136.64,-180.56,-68.32
-34.16,-53.68,-19.52,43.92,-9.76,-39.04,9.76,58.56,-63.44,-122,-170.8,-63.44
-34.16,-53.68,-19.52,43.92,-9.76,-39.04,9.76,63.44,-58.56,-117.12,-180.56,-68.32
-24.4,-48.8,-24.4,39.04,0,-39.04,-4.88,39.04,-63.44,-126.88,-180.56,-78.08
-9.76,-43.92,-34.16,29.28,9.76,-39.04,-19.52,63.44,-68.32,-131.76,-190.32,-87.84
-29.28,-63.44,-34.16,48.8,0,-48.8,-29.28,92.72,-48.8,-122,-180.56,-73.2
-29.28,-63.44,-34.16,48.8,0,-48.8,-29.28,112.24,-34.16,-112.24,-165.92,-73.2
-4.88,-29.28,-24.4,19.52,9.76,-29.28,-24.4,112.24,-39.04,-112.24,-161.04,-73.2
4.88,-29.28,-34.16,14.64,19.52,-34.16,-48.8,63.44,-43.92,-126.88,-180.56,-92.72
-9.76,-39.04,-29.28,24.4,9.76,-34.16,-63.44,82.96,-14.64,-117.12,-175.68,-87.84
-24.4,-39.04,-14.64,34.16,-4.88,-29.28,-68.32,102.48,0,-112.24,-180.56,-92.72
-34.16,-53.68,-19.52,43.92,-9.76,-39.04,-63.44,82.96,9.76,-102.48,-180.56,-92.72
14.64,-39.04,-53.68,14.64,34.16,-48.8,-53.68,73.2,24.4,-102.48,-195.2,-112.24
-34.16,-53.68,-19.52,43.92,-9.76,-39.04,-53.68,29.28,-9.76,-102.48,-180.56,-107.36
-63.44,-43.92,19.52,53.68,-43.92,-14.64,-43.92,9.76,-39.04,-107.36,-185.44,-112.24
-48.8,-29.28,19.52,39.04,-34.16,-4.88,-14.64,9.76,-53.68,-117.12,-180.56,-102.48
-48.8,-43.92,4.88,48.8,-29.28,-19.52,-9.76,-9.76,-82.96,-141.52,-195.2,-126.88
-48.8,-29.28,19.52,39.04,-34.16,-4.88,-9.76,-48.8,-92.72,-151.28,-200.08,-131.76
-43.92,-34.16,9.76,39.04,-29.28,-14.64,14.64,-63.44,-63.44,-146.4,-190.32,-117.12
-39.04,-43.92,-4.88,43.92,-19.52,-24.4,14.64,-63.44,-73.2,-141.52,-180.56,-112.24
-43.92,-34.16,9.76,39.04,-29.28,-14.64,9.76,-53.68,-73.2,-131.76,-170.8,-122
-82.96,-68.32,14.64,78.08,-48.8,-29.28,4.88,-58.56,-53.68,-126.88,-170.8,-122
-73.2,-87.84,-14.64,82.96,-29.28,-53.68,-4.88,-63.44,-68.32,-122,-175.68,-131.76
-53.68,-68.32,-14.64,63.44,-19.52,-43.92,4.88,-29.28,-53.68,-102.48,-156.16,-131.76
-58.56,-82.96,-24.4,73.2,-19.52,-53.68,0,4.88,-39.04,-97.6,-151.28,-141.52
-92.72,-82.96,9.76,87.84,-53.68,-39.04,4.88,24.4,-29.28,-97.6,-156.16,-141.52
-68.32,-78.08,-9.76,73.2,-29.28,-43.92,0,-24.4,-34.16,-87.84,-141.52,-141.52
-53.68,-92.72,-39.04,73.2,-9.76,-68.32,4.88,-9.76,-4.88,-87.84,-131.76,-131.76
-58.56,-73.2,-14.64,68.32,-24.4,-43.92,29.28,-24.4,-9.76,-78.08,-122,-126.88
-43.92,-48.8,-4.88,48.8,-19.52,-29.28,39.04,9.76,-4.88,-68.32,-112.24,-112.24
-43.92,-73.2,-29.28,58.56,-9.76,-53.68,24.4,0,-4.88,-58.56,-112.24,-117.12
-53.68,-63.44,-9.76,58.56,-24.4,-39.04,14.64,-19.52,-14.64,-58.56,-122,-122
-43.92,-82.96,-39.04,63.44,-4.88,-63.44,-4.88,0,-4.88,-63.44,-136.64,-146.4
-58.56,-87.84,-29.28,73.2,-14.64,-58.56,24.4,19.52,19.52,-34.16,-107.36,-131.76
-58.56,-58.56,0,58.56,-29.28,-29.28,14.64,0,9.76,-34.16,-102.48,-141.52
-82.96,-68.32,14.64,78.08,-48.8,-29.28,24.4,9.76,24.4,-29.28,-102.48,-136.64
-63.44,-39.04,24.4,53.68,-43.92,-9.76,9.76,-29.28,9.76,-29.28,-107.36,-146.4
-68.32,-53.68,14.64,63.44,-43.92,-19.52,34.16,9.76,9.76,-14.64,-92.72,-131.76
-78.08,-68.32,9.76,73.2,-43.92,-29.28,63.44,4.88,34.16,-9.76,-82.96,-122
-43.92,-43.92,0,43.92,-24.4,-24.4,53.68,19.52,63.44,-9.76,-82.96,-107.36
-4.88,-34.16,-29.28,19.52,9.76,-34.16,43.92,53.68,53.68,-4.88,-87.84,-112.24
-4.88,-29.28,-24.4,19.52,9.76,-29.28,53.68,43.92,73.2,14.64,-63.44,-97.6
-34.16,-19.52,14.64,29.28,-24.4,-4.88,78.08,68.32,87.84,29.28,-58.56,-97.6
-68.32,-63.44,4.88,68.32,-39.04,-29.28,82.96,82.96,58.56,24.4,-58.56,-97.6
-78.08,-63.44,14.64,73.2,-48.8,-24.4,92.72,82.96,48.8,24.4,-63.44,-102.48
-43.92,-39.04,4.88,43.92,-24.4,-19.52,107.36,78.08,53.68,19.52,-63.44,-122
-58.56,-58.56,0,58.56,-29.28,-29.28,87.84,53.68,58.56,24.4,-63.44,-126.88
-39.04,-53.68,-14.64,48.8,-14.64,-34.16,78.08,63.44,58.56,19.52,-58.56,-117.12
-43.92,-39.04,4.88,43.92,-24.4,-19.52,68.32,34.16,39.04,14.64,-58.56,-112.24
-58.56,-39.04,19.52,48.8,-39.04,-9.76,87.84,34.16,43.92,14.64,-53.68,-102.48
-82.96,-43.92,39.04,63.44,-63.44,-4.88,131.76,92.72,73.2,29.28,-39.04,-87.84
-78.08,-43.92,34.16,63.44,-58.56,-4.88,112.24,63.44,82.96,29.28,-39.04,-82.96
-68.32,-34.16,34.16,53.68,-53.68,0,117.12,48.8,73.2,29.28,-39.04,-82.96
-78.08,-39.04,39.04,58.56,-58.56,0,136.64,63.44,107.36,43.92,-24.4,-73.2
-68.32,-29.28,39.04,48.8,-53.68,4.88,131.76,112.24,92.72,43.92,-24.4,-68.32
-68.32,-29.28,39.04,48.8,-53.68,4.88,131.76,87.84,92.72,34.16,-29.28,-73.2
-58.56,-34.16,24.4,48.8,-43.92,-4.88,131.76,78.08,97.6,43.92,-19.52,-68.32
-48.8,-53.68,-4.88,53.68,-24.4,-29.28,126.88,78.08,92.72,29.28,-29.28,-73.2
-48.8,-48.8,0,48.8,-24.4,-24.4,151.28,92.72,87.84,24.4,-29.28,-73.2
-63.44,-39.04,24.4,53.68,-43.92,-9.76,141.52,165.92,97.6,29.28,-29.28,-68.32
-48.8,-9.76,39.04,29.28,-43.92,14.64,131.76,107.36,92.72,24.4,-39.04,-78.08
-63.44,-43.92,19.52,53.68,-43.92,-14.64,141.52,117.12,92.72,34.16,-34.16,-63.44
-68.32,-53.68,14.64,63.44,-43.92,-19.52,156.16,107.36,107.36,34.16,-39.04,-63.44
-39.04,-24.4,14.64,34.16,-29.28,-4.88,175.68,112.24,87.84,39.04,-24.4,-53.68
0,-9.76,-9.76,4.88,4.88,-9.76,156.16,102.48,73.2,24.4,-39.04,-63.44
0,-4.88,-4.88,4.88,0,-4.88,141.52,131.76,78.08,14.64,-48.8,-68.32
-24.4,-14.64,9.76,19.52,-19.52,-4.88,151.28,117.12,92.72,4.88,-58.56,-73.2
-53.68,-53.68,0,53.68,-29.28,-29.28,151.28,92.72,78.08,4.88,-58.56,-68.32
-48.8,-48.8,0,48.8,-24.4,-24.4,126.88,136.64,63.44,0,-58.56,-53.68
-63.44,-43.92,19.52,53.68,-43.92,-14.64,126.88,107.36,68.32,0,-63.44,-48.8
-63.44,-9.76,53.68,39.04,-58.56,19.52,102.48,78.08,58.56,-9.76,-73.2,-58.56
-58.56,-19.52,39.04,39.04,-48.8,9.76,117.12,136.64,82.96,9.76,-53.68,-34.16
-34.16,-34.16,0,34.16,-19.52,-19.52,117.12,141.52,78.08,4.88,-63.44,-43.92
-39.04,-29.28,9.76,34.16,-24.4,-9.76,141.52,141.52,78.08,14.64,-58.56,-34.16
-53.68,-39.04,14.64,48.8,-34.16,-14.64,165.92,146.4,97.6,19.52,-53.68,-24.4
-34.16,-14.64,19.52,24.4,-29.28,0,131.76,126.88,78.08,0,-73.2,-48.8
-39.04,-14.64,24.4,29.28,-34.16,4.88,151.28,151.28,68.32,0,-68.32,-43.92
-53.68,-39.04,14.64,48.8,-34.16,-14.64,161.04,161.04,53.68,-4.88,-68.32,-43.92
-24.4,-34.16,-9.76,29.28,-9.76,-24.4,156.16,131.76,58.56,-14.64,-78.08,-53.68
-43.92,-19.52,24.4,34.16,-34.16,0,190.32,122,73.2,-9.76,-68.32,-39.04
-63.44,-43.92,19.52,53.68,-43.92,-14.64,170.8,122,48.8,-19.52,-87.84,-58.56
-43.92,-58.56,-14.64,53.68,-14.64,-39.04,170.8,117.12,63.44,-19.52,-92.72,-63.44
-14.64,-43.92,-29.28,29.28,4.88,-39.04,185.44,112.24,58.56,-24.4,-107.36,-68.32
-19.52,-48.8,-29.28,34.16,4.88,-39.04,180.56,175.68,73.2,-9.76,-92.72,-58.56
9.76,-24.4,-34.16,9.76,19.52,-29.28,195.2,180.56,78.08,-9.76,-87.84,-53.68
-19.52,-19.52,0,19.52,-9.76,-9.76,175.68,180.56,82.96,-4.88,-78.08,-43.92
-43.92,4.88,48.8,19.52,-48.8,24.4,107.36,141.52,48.8,-24.4,-82.96,-53.68
0,9.76,9.76,-4.88,-4.88,9.76,97.6,165.92,68.32,-9.76,-68.32,-34.16
29.28,34.16,4.88,-29.28,9.76,19.52,73.2,156.16,92.72,-14.64,-73.2,-39.04
-19.52,-4.88,14.64,14.64,-19.52,4.88,63.44,146.4,82.96,-9.76,-63.44,-34.16
-19.52,-24.4,-4.88,24.4,-9.76,-14.64,63.44,141.52,73.2,-9.76,-68.32,-34.16
-19.52,4.88,24.4,9.76,-24.4,14.64,19.52,151.28,58.56,-19.52,-82.96,-43.92
-19.52,0,19.52,9.76,-19.52,9.76,24.4,131.76,48.8,-24.4,-87.84,-48.8
-19.52,-4.88,14.64,14.64,-19.52,4.88,24.4,126.88,39.04,-39.04,-92.72,-53.68
-43.92,-24.4,19.52,34.16,-34.16,-4.88,34.16,117.12,39.04,-34.16,-92.72,-53.68
-19.52,-9.76,9.76,14.64,-14.64,0,39.04,97.6,29.28,-39.04,-97.6,-48.8
-48.8,-9.76,39.04,29.28,-43.92,14.64,68.32,97.6,14.64,-43.92,-92.72,-43.92
-48.8,-48.8,0,48.8,-24.4,-24.4,73.2,43.92,19.52,-58.56,-97.6,-39.04
4.88,-48.8,-53.68,24.4,29.28,-53.68,58.56,43.92,-9.76,-78.08,-112.24,-43.92
0,-39.04,-39.04,19.52,19.52,-39.04,58.56,63.44,-24.4,-68.32,-107.36,-43.92
-29.28,-39.04,-9.76,34.16,-9.76,-24.4,92.72,63.44,-19.52,-68.32,-107.36,-43.92
-63.44,-48.8,14.64,58.56,-39.04,-19.52,92.72,68.32,-14.64,-78.08,-122,-53.68
-43.92,-63.44,-19.52,53.68,-14.64,-43.92,78.08,102.48,-19.52,-73.2,-117.12,-53.68
-48.8,-48.8,0,48.8,-24.4,-24.4,53.68,58.56,-19.52,-68.32,-112.24,-53.68
-63.44,-53.68,9.76,58.56,-39.04,-24.4,48.8,39.04,-24.4,-78.08,-122,-73.2
-58.56,-63.44,-4.88,63.44,-29.28,-34.16,39.04,34.16,-19.52,-73.2,-122,-63.44
-58.56,-63.44,-4.88,63.44,-29.28,-34.16,73.2,24.4,-14.64,-63.44,-112.24,-53.68
-34.16,-53.68,-19.52,43.92,-9.76,-39.04,63.44,82.96,-24.4,-73.2,-117.12,-53.68
-39.04,-39.04,0,39.04,-19.52,-19.52,53.68,68.32,-29.28,-78.08,-117.12,-63.44
-53.68,-43.92,9.76,48.8,-34.16,-19.52,48.8,34.16,-34.16,-87.84,-126.88,-63.44
-48.8,-14.64,34.16,34.16,-43.92,9.76,43.92,4.88,-4.88,-87.84,-122,-68.32
-34.16,14.64,48.8,9.76,-43.92,29.28,58.56,43.92,0,-92.72,-126.88,-63.44
-43.92,-4.88,39.04,24.4,-43.92,14.64,87.84,58.56,-19.52,-73.2,-117.12,-53.68
-43.92,-14.64,29.28,29.28,-39.04,4.88,87.84,63.44,-14.64,-78.08,-117.12,-63.44
-39.04,-58.56,-19.52,48.8,-9.76,-39.04,73.2,43.92,-29.28,-82.96,-122,-73.2
-19.52,-63.44,-43.92,43.92,9.76,-53.68,43.92,14.64,-39.04,-97.6,-136.64,-92.72
0,-53.68,-53.68,29.28,24.4,-53.68,48.8,39.04,-39.04,-92.72,-122,-82.96
-29.28,-53.68,-24.4,43.92,-4.88,-39.04,58.56,53.68,-34.16,-92.72,-117.12,-82.96
-43.92,-34.16,9.76,39.04,-29.28,-14.64,87.84,82.96,0,-78.08,-97.6,-68.32
-24.4,-39.04,-14.64,34.16,-4.88,-29.28,82.96,73.2,9.76,-68.32,-92.72,-58.56
-39.04,-53.68,-14.64,48.8,-14.64,-34.16,78.08,58.56,-9.76,-73.2,-102.48,-63.44
-78.08,-48.8,29.28,63.44,-53.68,-9.76,73.2,87.84,-9.76,-73.2,-107.36,-63.44
-58.56,-48.8,9.76,53.68,-34.16,-19.52,87.84,63.44,-4.88,-78.08,-117.12,-73.2
-24.4,-39.04,-14.64,34.16,-4.88,-29.28,68.32,97.6,-19.52,-78.08,-122,-82.96
-39.04,-43.92,-4.88,43.92,-19.52,-24.4,73.2,78.08,-9.76,-73.2,-112.24,-73.2
-53.68,-34.16,19.52,43.92,-39.04,-9.76,68.32,131.76,-9.76,-73.2,-117.12,-73.2
-48.8,-19.52,29.28,34.16,-39.04,4.88,92.72,102.48,0,-68.32,-107.36,-63.44
-39.04,-34.16,4.88,39.04,-24.4,-14.64,87.84,73.2,-4.88,-78.08,-107.36,-63.44
-43.92,-39.04,4.88,43.92,-24.4,-19.52,63.44,107.36,4.88,-87.84,-126.88,-78.08
-48.8,-48.8,0,48.8,-24.4,-24.4,68.32,92.72,19.52,-82.96,-122,-82.96
-43.92,-43.92,0,43.92,-24.4,-24.4,87.84,68.32,-9.76,-78.08,-122,-73.2
-43.92,-48.8,-4.88,48.8,-19.52,-29.28,78.08,73.2,-4.88,-78.08,-117.12,-73.2
-19.52,-39.04,-19.52,29.28,0,-29.28,97.6,73.2,9.76,-68.32,-107.36,-63.44
-34.16,-43.92,-9.76,39.04,-14.64,-29.28,112.24,73.2,9.76,-63.44,-102.48,-63.44
-63.44,-58.56,4.88,63.44,-34.16,-29.28,122,63.44,4.88,-63.44,-102.48,-63.44
-48.8,-43.92,4.88,48.8,-29.28,-19.52,131.76,87.84,0,-68.32,-112.24,-63.44
-48.8,-14.64,34.16,34.16,-43.92,9.76,126.88,68.32,-14.64,-78.08,-117.12,-78.08
-53.68,-34.16,19.52,43.92,-39.04,-9.76,97.6,78.08,-4.88,-73.2,-107.36,-68.32
-43.92,-58.56,-14.64,53.68,-14.64,-39.04,102.48,78.08,0,-73.2,-107.36,-68.32
-24.4,-43.92,-19.52,34.16,-4.88,-34.16,87.84,82.96,4.88,-82.96,-122,-82.96
-4.88,-14.64,-9.76,9.76,0,-14.64,97.6,112.24,4.88,-78.08,-112.24,-82.96
-14.64,-19.52,-4.88,19.52,-4.88,-14.64,107.36,97.6,14.64,-68.32,-102.48,-73.2
-19.52,-24.4,-4.88,24.4,-9.76,-14.64,136.64,92.72,29.28,-53.68,-92.72,-58.56
-43.92,-58.56,-14.64,53.68,-14.64,-39.04,146.4,102.48,0,-68.32,-102.48,-63.44
-24.4,-48.8,-24.4,39.04,0,-39.04,151.28,146.4,14.64,-58.56,-92.72,-53.68
-14.64,-34.16,-19.52,24.4,0,-29.28,151.28,112.24,24.4,-58.56,-82.96,-48.8
0,-14.64,-14.64,9.76,4.88,-14.64,161.04,122,39.04,-58.56,-78.08,-34.16
-9.76,-29.28,-19.52,19.52,4.88,-24.4,146.4,131.76,0,-78.08,-87.84,-43.92
-53.68,-19.52,34.16,39.04,-43.92,4.88,146.4,97.6,-4.88,-107.36,-117.12,-58.56
-39.04,9.76,48.8,14.64,-43.92,29.28,126.88,58.56,-19.52,-107.36,-122,-68.32
-53.68,-43.92,9.76,48.8,-34.16,-19.52,117.12,87.84,0,-87.84,-97.6,-48.8
-68.32,-58.56,9.76,63.44,-39.04,-24.4,151.28,78.08,0,-82.96,-92.72,-48.8
-63.44,-29.28,34.16,48.8,-48.8,0,136.64,68.32,4.88,-82.96,-97.6,-43.92
0,-14.64,-14.64,9.76,4.88,-14.64,131.76,58.56,14.64,-78.08,-92.72,-39.04
-19.52,-34.16,-14.64,29.28,-4.88,-24.4,141.52,78.08,34.16,-73.2,-82.96,-24.4
-24.4,-39.04,-14.64,34.16,-4.88,-29.28,131.76,73.2,24.4,-82.96,-102.48,-48.8
-19.52,-34.16,-14.64,29.28,-4.88,-24.4,146.4,87.84,-9.76,-78.08,-92.72,-29.28
-4.88,-39.04,-34.16,24.4,14.64,-39.04,156.16,117.12,-4.88,-78.08,-87.84,-34.16
0,-14.64,-14.64,9.76,4.88,-14.64,156.16,87.84,0,-82.96,-92.72,-39.04
-24.4,-29.28,-4.88,29.28,-9.76,-19.52,136.64,112.24,0,-73.2,-87.84,-29.28
-9.76,-39.04,-29.28,24.4,9.76,-34.16,126.88,97.6,-19.52,-87.84,-97.6,-48.8
-4.88,-34.16,-29.28,19.52,9.76,-34.16,117.12,73.2,-4.88,-78.08,-87.84,-39.04
4.88,-24.4,-29.28,9.76,14.64,-29.28,92.72,87.84,4.88,-82.96,-107.36,-48.8
0,-39.04,-39.04,19.52,19.52,-39.04,102.48,102.48,14.64,-58.56,-87.84,-39.04
-14.64,-39.04,-24.4,29.28,4.88,-34.16,112.24,107.36,9.76,-53.68,-78.08,-34.16
-9.76,-48.8,-39.04,29.28,14.64,-43.92,87.84,117.12,4.88,-58.56,-82.96,-43.92
-14.64,-34.16,-19.52,24.4,0,-29.28,107.36,117.12,39.04,-39.04,-63.44,-24.4
4.88,-29.28,-34.16,14.64,19.52,-34.16,131.76,165.92,43.92,-29.28,-53.68,-19.52
-4.88,-24.4,-19.52,14.64,4.88,-24.4,131.76,151.28,58.56,-34.16,-58.56,-24.4
14.64,-9.76,-24.4,0,19.52,-19.52,107.36,141.52,68.32,-39.04,-63.44,-34.16
-34.16,-43.92,-9.76,39.04,-14.64,-29.28,82.96,151.28,63.44,-34.16,-53.68,-24.4
-34.16,-58.56,-24.4,48.8,-4.88,-43.92,78.08,175.68,63.44,-14.64,-43.92,-9.76
-29.28,-58.56,-29.28,43.92,0,-43.92,63.44,165.92,68.32,-14.64,-53.68,-14.64
-24.4,-34.16,-9.76,29.28,-9.76,-24.4,34.16,156.16,73.2,-14.64,-48.8,-24.4
-34.16,-24.4,9.76,29.28,-24.4,-9.76,19.52,122,58.56,-24.4,-53.68,-24.4
-43.92,-24.4,19.52,34.16,-34.16,-4.88,39.04,112.24,29.28,-34.16,-63.44,-29.28
-4.88,-4.88,0,4.88,-4.88,-4.88,19.52,63.44,9.76,-58.56,-78.08,-48.8
-24.4,-48.8,-24.4,39.04,0,-39.04,29.28,73.2,4.88,-53.68,-58.56,-34.16
-39.04,-53.68,-14.64,48.8,-14.64,-34.16,48.8,87.84,24.4,-48.8,-58.56,-24.4
4.88,-14.64,-19.52,4.88,9.76,-19.52,43.92,68.32,14.64,-43.92,-58.56,-24.4
-9.76,-43.92,-34.16,29.28,9.76,-39.04,58.56,53.68,19.52,-43.92,-43.92,-4.88
-24.4,-53.68,-29.28,39.04,0,-43.92,58.56,53.68,19.52,-48.8,-53.68,-19.52
0,-19.52,-19.52,9.76,9.76,-19.52,43.92,78.08,0,-58.56,-68.32,-34.16
-4.88,-24.4,-19.52,14.64,4.88,-24.4,34.16,78.08,-4.88,-58.56,-68.32,-43.92
-34.16,-53.68,-19.52,43.92,-9.76,-39.04,14.64,24.4,-9.76,-73.2,-82.96,-58.56
-53.68,-73.2,-19.52,63.44,-19.52,-48.8,29.28,63.44,0,-58.56,-73.2,-53.68
-39.04,-48.8,-9.76,43.92,-14.64,-29.28,19.52,68.32,4.88,-68.32,-82.96,-58.56
-4.88,-39.04,-34.16,24.4,14.64,-39.04,19.52,53.68,4.88,-73.2,-73.2,-58.56
-4.88,-29.28,-24.4,19.52,9.76,-29.28,14.64,39.04,0,-82.96,-78.08,-58.56
-14.64,-39.04,-24.4,29.28,4.88,-34.16,0,29.28,-9.76,-92.72,-87.84,-63.44
-14.64,-4.88,9.76,9.76,-14.64,0,-4.88,19.52,-29.28,-92.72,-92.72,-63.44
4.88,-9.76,-14.64,4.88,9.76,-14.64,14.64,53.68,4.88,-73.2,-68.32,-43.92
-9.76,-43.92,-34.16,29.28,9.76,-39.04,24.4,97.6,19.52,-43.92,-58.56,-29.28
-19.52,-29.28,-9.76,24.4,-4.88,-19.52,29.28,63.44,14.64,-48.8,-58.56,-34.16
-19.52,-19.52,0,19.52,-9.76,-9.76,19.52,63.44,14.64,-53.68,-63.44,-43.92
-24.4,-24.4,0,24.4,-14.64,-14.64,24.4,73.2,9.76,-48.8,-58.56,-43.92
-29.28,-34.16,-4.88,34.16,-14.64,-19.52,43.92,78.08,14.64,-48.8,-48.8,-34.16
-43.92,-48.8,-4.88,48.8,-19.52,-29.28,39.04,63.44,19.52,-53.68,-53.68,-39.04
-53.68,-48.8,4.88,53.68,-29.28,-24.4,19.52,73.2,9.76,-53.68,-48.8,-39.04
-39.04,-43.92,-4.88,43.92,-19.52,-24.4,19.52,82.96,4.88,-48.8,-48.8,-34.16
-39.04,-34.16,4.88,39.04,-24.4,-14.64,24.4,48.8,4.88,-53.68,-53.68,-34.16
-34.16,-24.4,9.76,29.28,-24.4,-9.76,24.4,39.04,9.76,-53.68,-53.68,-29.28
-29.28,0,29.28,14.64,-29.28,14.64,43.92,53.68,9.76,-48.8,-43.92,-24.4
-24.4,9.76,34.16,9.76,-29.28,19.52,53.68,87.84,24.4,-43.92,-29.28,-9.76
4.88,29.28,24.4,-14.64,-9.76,24.4,0,48.8,-19.52,-78.08,-63.44,-43.92
-29.28,0,29.28,14.64,-29.28,14.64,-9.76,24.4,-14.64,-78.08,-68.32,-53.68
-19.52,-9.76,9.76,14.64,-14.64,0,0,29.28,0,-78.08,-63.44,-43.92
-34.16,14.64,48.8,9.76,-43.92,29.28,0,63.44,4.88,-73.2,-53.68,-43.92
-39.04,-14.64,24.4,29.28,-34.16,4.88,0,78.08,39.04,-68.32,-53.68,-34.16
-43.92,-39.04,4.88,43.92,-24.4,-19.52,9.76,87.84,9.76,-53.68,-39.04,-24.4
-53.68,-39.04,14.64,48.8,-34.16,-14.64,14.64,48.8,14.64,-58.56,-39.04,-14.64
-29.28,-19.52,9.76,24.4,-19.52,-4.88,24.4,48.8,39.04,-43.92,-29.28,-4.88
-48.8,-29.28,19.52,39.04,-34.16,-4.88,34.16,102.48,14.64,-43.92,-29.28,-4.88
-39.04,-24.4,14.64,34.16,-29.28,-4.88,48.8,92.72,39.04,-34.16,-24.4,-24.4
-19.52,-43.92,-24.4,34.16,0,-34.16,58.56,112.24,92.72,-14.64,-19.52,-43.92
-24.4,-39.04,-14.64,34.16,-4.88,-29.28,92.72,156.16,126.88,29.28,-4.88,-82.96
-19.52,-53.68,-34.16,39.04,4.88,-43.92,82.96,214.72,131.76,97.6,34.16,-122
19.52,-63.44,-82.96,24.4,48.8,-73.2,92.72,234.24,204.96,214.72,141.52,-136.64
29.28,-53.68,-82.96,14.64,53.68,-68.32,73.2,253.76,244,331.84,263.52,-117.12
14.64,-19.52,-34.16,4.88,24.4,-29.28,53.68,263.52,287.92,483.12,478.24,9.76
39.04,39.04,0,-39.04,19.52,19.52,24.4,224.48,307.44,610,766.16,219.6
48.8,131.76,82.96,-87.84,-19.52,107.36,-24.4,136.64,234.24,614.88,1024.8,478.24
58.56,214.72,156.16,-136.64,-48.8,185.44,-53.68,63.44,156.16,536.8,1224.88,805.2
68.32,302.56,234.24,-185.44,-82.96,268.4,-122,-34.16,53.68,390.4,1390.8,1171.2
126.88,385.52,258.64,-253.76,-68.32,322.08,-209.84,-175.68,-97.6,209.84,1644.56,1688.48
170.8,502.64,331.84,-336.72,-82.96,414.8,-322.08,-380.64,-351.36,-122,1771.44,2303.36
200.08,614.88,414.8,-405.04,-107.36,512.4,-463.6,-639.28,-736.88,-712.48,1693.36,2884.08
292.8,692.96,400.16,-492.88,-53.68,546.56,-585.6,-854,-1166.32,-1346.88,1537.2,3362.32
346.48,707.6,361.12,-527.04,-9.76,531.92,-668.56,-971.12,-1449.36,-1805.6,1302.96,3591.68
312.32,668.56,356.24,-488,-24.4,512.4,-722.24,-1068.72,-1605.52,-2181.36,917.44,3528.24
258.64,673.44,414.8,-463.6,-78.08,541.68,-746.64,-1098,-1717.76,-2522.96,297.68,3176.88
195.2,717.36,522.16,-453.84,-165.92,619.76,-741.76,-1141.92,-1917.84,-2932.88,-600.24,2644.96
92.72,756.4,663.68,-424.56,-287.92,707.6,-736.88,-1185.84,-2117.92,-3323.28,-1561.6,2030.08
29.28,717.36,688.08,-370.88,-331.84,702.72,-688.08,-1200.48,-2254.56,-3581.92,-2274.08,1322.48
4.88,556.32,551.44,-278.16,-273.28,551.44,-605.12,-1137.04,-2288.72,-3674.64,-2674.24,605.12
24.4,405.04,380.64,-214.72,-180.56,390.4,-517.28,-1063.84,-2337.52,-3620.96,-2791.36,117.12
39.04,307.44,268.4,-170.8,-117.12,287.92,-483.12,-1093.12,-2381.44,-3513.6,-2781.6,-195.2
19.52,224.48,204.96,-122,-92.72,214.72,-444.08,-1093.12,-2342.4,-3264.72,-2610.8,-370.88
-68.32,146.4,214.72,-39.04,-141.52,180.56,-326.96,-1024.8,-2137.44,-2859.68,-2283.84,-453.84
-112.24,97.6,209.84,9.76,-161.04,151.28,-234.24,-912.56,-1878.8,-2444.88,-1956.88,-478.24
-117.12,48.8,165.92,34.16,-141.52,107.36,-136.64,-688.08,-1527.44,-1986.16,-1605.52,-473.36
-126.88,4.88,131.76,63.44,-131.76,68.32,-92.72,-483.12,-1229.76,-1590.88,-1312.72,-468.48
-107.36,-19.52,87.84,63.44,-97.6,34.16,-78.08,-370.88,-961.36,-1268.8,-1078.48,-434.32
-87.84,-34.16,53.68,63.44,-73.2,9.76,-73.2,-239.12,-722.24,-971.12,-854,-356.24
-68.32,-48.8,19.52,58.56,-43.92,-14.64,-43.92,-131.76,-512.4,-722.24,-658.8,-278.16
-29.28,-43.92,-14.64,39.04,-9.76,-29.28,-39.04,-122,-380.64,-522.16,-502.64,-224.48
-4.88,-29.28,-24.4,19.52,9.76,-29.28,0,-73.2,-229.36,-351.36,-370.88,-170.8
-19.52,-39.04,-19.52,29.28,0,-29.28,34.16,9.76,-117.12,-219.6,-263.52,-146.4
-29.28,-58.56,-29.28,43.92,0,-43.92,82.96,117.12,-14.64,-122,-195.2,-126.88
-24.4,-58.56,-34.16,43.92,4.88,-48.8,131.76,151.28,24.4,-48.8,-122,-97.6
-19.52,-53.68,-34.16,39.04,4.88,-43.92,126.88,146.4,58.56,-9.76,-102.48,-97.6
-4.88,-19.52,-14.64,14.64,4.88,-19.52,141.52,180.56,97.6,14.64,-82.96,-102.48
9.76,-29.28,-39.04,9.76,24.4,-34.16,151.28,185.44,112.24,53.68,-63.44,-82.96
-19.52,-58.56,-39.04,39.04,9.76,-48.8,141.52,244,146.4,87.84,-43.92,-82.96
-19.52,-48.8,-29.28,34.16,4.88,-39.04,136.64,244,170.8,107.36,-43.92,-92.72
14.64,-63.44,-78.08,24.4,43.92,-73.2,131.76,244,170.8,122,-43.92,-102.48
48.8,-48.8,-97.6,0,73.2,-73.2,146.4,283.04,180.56,131.76,-39.04,-112.24
14.64,-43.92,-58.56,14.64,34.16,-53.68,161.04,268.4,204.96,146.4,-24.4,-112.24
4.88,-24.4,-29.28,9.76,14.64,-29.28,151.28,239.12,180.56,131.76,-39.04,-136.64
-4.88,-29.28,-24.4,19.52,9.76,-29.28,122,244,165.92,131.76,-24.4,-141.52
-9.76,-58.56,-48.8,34.16,19.52,-53.68,102.48,273.28,175.68,141.52,-19.52,-136.64
0,-63.44,-63.44,34.16,29.28,-63.44,68.32,292.8,180.56,146.4,-19.52,-141.52
19.52,-58.56,-78.08,19.52,48.8,-68.32,48.8,209.84,165.92,146.4,-14.64,-136.64
0,-53.68,-53.68,29.28,24.4,-53.68,0,180.56,165.92,156.16,0,-136.64
9.76,-29.28,-39.04,9.76,24.4,-34.16,-24.4,204.96,180.56,165.92,4.88,-131.76
-4.88,-24.4,-19.52,14.64,4.88,-24.4,-14.64,209.84,200.08,165.92,24.4,-117.12
-14.64,-53.68,-39.04,34.16,9.76,-48.8,-4.88,161.04,161.04,146.4,19.52,-122
-39.04,-78.08,-39.04,58.56,0,-58.56,-9.76,185.44,141.52,141.52,14.64,-122
-14.64,-68.32,-53.68,43.92,19.52,-63.44,-43.92,141.52,131.76,126.88,9.76,-112.24
29.28,-24.4,-53.68,0,39.04,-39.04,-39.04,122,136.64,117.12,19.52,-97.6
24.4,-14.64,-39.04,-4.88,29.28,-29.28,4.88,122,156.16,131.76,34.16,-58.56
19.52,-43.92,-63.44,14.64,39.04,-53.68,9.76,112.24,141.52,136.64,29.28,-48.8
19.52,-24.4,-43.92,4.88,29.28,-34.16,-4.88,107.36,136.64,136.64,29.28,-29.28
-19.52,-58.56,-39.04,39.04,9.76,-48.8,14.64,136.64,170.8,151.28,43.92,-19.52
-43.92,-78.08,-34.16,63.44,-4.88,-58.56,29.28,156.16,161.04,156.16,34.16,-19.52
-9.76,-63.44,-53.68,39.04,19.52,-58.56,53.68,141.52,161.04,151.28,39.04,-24.4
-24.4,-68.32,-43.92,48.8,9.76,-58.56,53.68,161.04,161.04,156.16,48.8,-14.64
-19.52,-58.56,-39.04,39.04,9.76,-48.8,34.16,170.8,161.04,161.04,48.8,-24.4
-19.52,-53.68,-34.16,39.04,4.88,-43.92,48.8,161.04,161.04,161.04,48.8,-14.64
-43.92,-53.68,-9.76,48.8,-19.52,-34.16,53.68,156.16,151.28,151.28,48.8,-14.64
-29.28,-9.76,19.52,19.52,-24.4,4.88,48.8,170.8,136.64,131.76,19.52,-24.4
-14.64,-48.8,-34.16,34.16,9.76,-43.92,63.44,175.68,156.16,151.28,34.16,-9.76
-24.4,-68.32,-43.92,48.8,9.76,-58.56,63.44,146.4,170.8,156.16,29.28,-4.88
9.76,-63.44,-73.2,29.28,39.04,-68.32,73.2,165.92,180.56,165.92,29.28,-14.64
0,-34.16,-34.16,19.52,14.64,-34.16,78.08,146.4,161.04,161.04,9.76,-34.16
-43.92,-34.16,9.76,39.04,-29.28,-14.64,102.48,146.4,151.28,170.8,14.64,-39.04
-43.92,-63.44,-19.52,53.68,-14.64,-43.92,117.12,185.44,180.56,185.44,29.28,-29.28
-19.52,-43.92,-24.4,34.16,0,-34.16,87.84,175.68,156.16,180.56,14.64,-63.44
0,-43.92,-43.92,24.4,19.52,-43.92,73.2,141.52,141.52,161.04,0,-82.96
-19.52,-24.4,-4.88,24.4,-9.76,-14.64,87.84,112.24,156.16,165.92,14.64,-78.08
9.76,-29.28,-39.04,9.76,24.4,-34.16,92.72,122,146.4,156.16,0,-87.84
-4.88,-39.04,-34.16,24.4,14.64,-39.04,126.88,165.92,161.04,190.32,29.28,-63.44
-9.76,-48.8,-39.04,29.28,14.64,-43.92,131.76,170.8,175.68,200.08,29.28,-48.8
-9.76,-43.92,-34.16,29.28,9.76,-39.04,136.64,161.04,170.8,204.96,29.28,-53.68
0,-39.04,-39.04,19.52,19.52,-39.04,151.28,175.68,195.2,214.72,19.52,-58.56
34.16,-24.4,-58.56,-4.88,43.92,-43.92,126.88,161.04,195.2,219.6,24.4,-68.32
4.88,-24.4,-29.28,9.76,14.64,-29.28,136.64,151.28,185.44,229.36,29.28,-68.32
0,-29.28,-29.28,14.64,14.64,-29.28,122,156.16,190.32,229.36,24.4,-82.96
19.52,-34.16,-53.68,9.76,34.16,-43.92,112.24,156.16,204.96,224.48,19.52,-97.6
-9.76,-48.8,-39.04,29.28,14.64,-43.92,117.12,156.16,195.2,229.36,34.16,-82.96
-4.88,-39.04,-34.16,24.4,14.64,-39.04,102.48,131.76,195.2,224.48,14.64,-97.6
19.52,-4.88,-24.4,-4.88,19.52,-14.64,68.32,151.28,190.32,214.72,0,-122
24.4,-24.4,-48.8,0,34.16,-39.04,92.72,185.44,195.2,239.12,9.76,-112.24
4.88,-14.64,-19.52,4.88,9.76,-19.52,107.36,141.52,209.84,253.76,14.64,-117.12
29.28,-24.4,-53.68,0,39.04,-39.04,97.6,161.04,229.36,268.4,14.64,-107.36
14.64,-9.76,-24.4,0,19.52,-19.52,107.36,219.6,248.88,287.92,39.04,-92.72
19.52,-14.64,-34.16,0,24.4,-24.4,82.96,204.96,234.24,302.56,48.8,-87.84
14.64,-29.28,-43.92,9.76,29.28,-39.04,82.96,165.92,234.24,312.32,58.56,-97.6
19.52,-39.04,-58.56,9.76,39.04,-48.8,63.44,156.16,229.36,297.68,43.92,-117.12
24.4,-48.8,-73.2,14.64,48.8,-63.44,63.44,151.28,229.36,302.56,58.56,-112.24
34.16,-43.92,-78.08,4.88,53.68,-63.44,68.32,170.8,234.24,307.44,53.68,-112.24
24.4,-39.04,-63.44,9.76,43.92,-53.68,68.32,175.68,258.64,322.08,58.56,-107.36
43.92,-29.28,-73.2,-4.88,58.56,-53.68,63.44,175.68,253.76,326.96,58.56,-102.48
48.8,-9.76,-58.56,-19.52,53.68,-34.16,73.2,190.32,263.52,341.6,73.2,-87.84
63.44,9.76,-53.68,-34.16,58.56,-24.4,53.68,214.72,278.16,356.24,73.2,-87.84
29.28,9.76,-19.52,-19.52,24.4,-4.88,73.2,219.6,287.92,370.88,97.6,-73.2
43.92,-4.88,-48.8,-19.52,43.92,-29.28,63.44,185.44,273.28,361.12,92.72,-82.96
58.56,-4.88,-63.44,-24.4,58.56,-34.16,68.32,185.44,278.16,366,97.6,-92.72
39.04,-9.76,-48.8,-14.64,43.92,-29.28,87.84,200.08,287.92,375.76,117.12,-78.08
43.92,-29.28,-73.2,-4.88,58.56,-53.68,73.2,190.32,278.16,380.64,122,-82.96
53.68,-34.16,-87.84,-9.76,68.32,-63.44,78.08,219.6,287.92,395.28,122,-82.96
68.32,-9.76,-78.08,-29.28,73.2,-43.92,82.96,185.44,297.68,409.92,136.64,-78.08
102.48,0,-102.48,-48.8,102.48,-53.68,68.32,200.08,312.32,429.44,141.52,-73.2
117.12,9.76,-107.36,-63.44,112.24,-48.8,58.56,214.72,322.08,448.96,156.16,-68.32
53.68,-24.4,-78.08,-14.64,63.44,-53.68,73.2,200.08,317.2,448.96,141.52,-82.96
24.4,-43.92,-68.32,9.76,43.92,-58.56,73.2,219.6,322.08,468.48,165.92,-82.96
19.52,-58.56,-78.08,19.52,48.8,-68.32,107.36,258.64,366,488,175.68,-73.2
24.4,-63.44,-87.84,19.52,53.68,-78.08,97.6,263.52,375.76,497.76,180.56,-87.84
43.92,-68.32,-112.24,14.64,78.08,-92.72,92.72,273.28,356.24,497.76,190.32,-92.72
63.44,-53.68,-117.12,-4.88,87.84,-87.84,107.36,263.52,370.88,517.28,214.72,-87.84
53.68,-53.68,-107.36,0,78.08,-82.96,107.36,214.72,370.88,536.8,214.72,-92.72
68.32,-63.44,-131.76,0,97.6,-97.6,107.36,209.84,370.88,541.68,229.36,-97.6
58.56,-68.32,-126.88,4.88,92.72,-97.6,112.24,244,385.52,556.32,229.36,-102.48
29.28,-73.2,-102.48,24.4,63.44,-87.84,117.12,287.92,409.92,590.48,253.76,-82.96
48.8,-43.92,-92.72,0,68.32,-68.32,117.12,287.92,419.68,610,268.4,-87.84
58.56,-73.2,-131.76,9.76,92.72,-102.48,141.52,258.64,444.08,644.16,302.56,-68.32
58.56,-68.32,-126.88,4.88,92.72,-97.6,175.68,253.76,453.84,653.92,312.32,-68.32
48.8,-63.44,-112.24,9.76,78.08,-87.84,175.68,263.52,478.24,678.32,336.72,-58.56
87.84,-63.44,-151.28,-9.76,117.12,-107.36,151.28,258.64,483.12,683.2,341.6,-68.32
102.48,-53.68,-156.16,-24.4,126.88,-107.36,156.16,292.8,473.36,697.84,370.88,-48.8
58.56,-48.8,-107.36,-4.88,82.96,-78.08,165.92,268.4,497.76,722.24,390.4,-34.16
68.32,-53.68,-122,-4.88,92.72,-87.84,165.92,292.8,507.52,746.64,405.04,-24.4
97.6,-63.44,-161.04,-14.64,126.88,-112.24,156.16,312.32,531.92,775.92,424.56,-4.88
87.84,-53.68,-141.52,-14.64,112.24,-97.6,136.64,283.04,536.8,795.44,444.08,-4.88
97.6,-29.28,-126.88,-34.16,112.24,-78.08,117.12,268.4,541.68,805.2,453.84,-14.64
87.84,-39.04,-126.88,-24.4,107.36,-82.96,107.36,287.92,566.08,834.48,488,-4.88
63.44,-48.8,-112.24,-4.88,87.84,-82.96,78.08,278.16,590.48,858.88,512.4,0
102.48,-34.16,-136.64,-34.16,117.12,-87.84,63.44,263.52,600.24,873.52,536.8,0
141.52,-14.64,-156.16,-63.44,146.4,-87.84,24.4,234.24,570.96,863.76,536.8,-4.88
122,-19.52,-141.52,-48.8,131.76,-82.96,29.28,258.64,605.12,883.28,580.72,24.4
146.4,-14.64,-161.04,-63.44,151.28,-87.84,19.52,258.64,605.12,893.04,590.48,29.28
112.24,-34.16,-146.4,-39.04,126.88,-92.72,14.64,268.4,590.48,902.8,600.24,24.4
97.6,-39.04,-136.64,-29.28,117.12,-87.84,29.28,268.4,614.88,922.32,624.64,39.04
131.76,-14.64,-146.4,-58.56,136.64,-82.96,9.76,244,605.12,917.44,629.52,43.92
117.12,0,-117.12,-58.56,117.12,-58.56,-14.64,244,595.36,917.44,634.4,34.16
107.36,-24.4,-131.76,-39.04,117.12,-78.08,-19.52,244,595.36,922.32,658.8,48.8
87.84,-19.52,-107.36,-34.16,97.6,-63.44,-34.16,273.28,600.24,932.08,663.68,48.8
92.72,-24.4,-117.12,-34.16,102.48,-73.2,-48.8,263.52,600.24,922.32,663.68,43.92
112.24,-4.88,-117.12,-53.68,112.24,-63.44,-48.8,253.76,610,902.8,663.68,39.04
136.64,0,-136.64,-68.32,136.64,-68.32,-53.68,283.04,575.84,897.92,668.56,34.16
112.24,-9.76,-122,-48.8,117.12,-68.32,-24.4,258.64,590.48,907.68,683.2,48.8
117.12,-4.88,-122,-53.68,117.12,-63.44,-39.04,244,575.84,883.28,663.68,29.28
117.12,4.88,-112.24,-58.56,112.24,-53.68,-48.8,244,561.2,868.64,658.8,29.28
126.88,9.76,-117.12,-68.32,122,-53.68,-43.92,239.12,551.44,863.76,653.92,39.04
126.88,0,-126.88,-63.44,126.88,-63.44,-48.8,229.36,546.56,858.88,649.04,34.16
151.28,9.76,-141.52,-78.08,146.4,-68.32,-63.44,239.12,527.04,834.48,639.28,24.4
117.12,4.88,-112.24,-58.56,112.24,-53.68,-82.96,224.48,507.52,810.08,624.64,19.52
107.36,19.52,-87.84,-63.44,97.6,-34.16,-102.48,185.44,492.88,785.68,610,4.88
92.72,19.52,-73.2,-53.68,82.96,-29.28,-78.08,239.12,492.88,775.92,610,14.64
112.24,4.88,-107.36,-58.56,107.36,-53.68,-73.2,200.08,458.72,756.4,614.88,24.4
126.88,9.76,-117.12,-68.32,122,-53.68,-92.72,165.92,429.44,732,590.48,9.76
117.12,0,-117.12,-58.56,117.12,-58.56,-87.84,156.16,424.56,722.24,580.72,24.4
131.76,4.88,-126.88,-68.32,126.88,-63.44,-97.6,156.16,419.68,692.96,556.32,24.4
141.52,19.52,-122,-78.08,131.76,-53.68,-87.84,161.04,400.16,678.32,546.56,34.16
136.64,43.92,-92.72,-87.84,112.24,-24.4,-82.96,136.64,370.88,653.92,531.92,34.16
117.12,4.88,-112.24,-58.56,112.24,-53.68,-68.32,141.52,370.88,634.4,512.4,34.16
87.84,-14.64,-102.48,-34.16,92.72,-58.56,-78.08,136.64,366,619.76,502.64,43.92
78.08,0,-78.08,-39.04,78.08,-39.04,-102.48,112.24,322.08,580.72,463.6,29.28
82.96,-4.88,-87.84,-39.04,82.96,-48.8,-78.08,136.64,317.2,551.44,439.2,39.04
126.88,29.28,-97.6,-78.08,112.24,-34.16,-78.08,117.12,283.04,502.64,400.16,14.64
146.4,34.16,-112.24,-87.84,126.88,-39.04,-112.24,102.48,248.88,473.36,366,9.76
156.16,34.16,-122,-92.72,136.64,-43.92,-122,117.12,224.48,453.84,341.6,9.76
102.48,14.64,-87.84,-58.56,92.72,-39.04,-97.6,141.52,229.36,434.32,322.08,24.4
97.6,4.88,-92.72,-48.8,92.72,-43.92,-97.6,107.36,219.6,395.28,273.28,9.76
122,14.64,-107.36,-68.32,112.24,-48.8,-78.08,82.96,200.08,370.88,239.12,14.64
136.64,43.92,-92.72,-87.84,112.24,-24.4,-68.32,82.96,175.68,356.24,224.48,14.64
97.6,29.28,-68.32,-63.44,82.96,-19.52,-48.8,73.2,165.92,326.96,185.44,9.76
97.6,58.56,-39.04,-78.08,68.32,9.76,-43.92,92.72,146.4,292.8,156.16,0
117.12,24.4,-92.72,-68.32,102.48,-34.16,-73.2,58.56,112.24,239.12,102.48,-29.28
97.6,-4.88,-102.48,-43.92,97.6,-53.68,-58.56,43.92,112.24,214.72,87.84,-29.28
92.72,-4.88,-97.6,-43.92,92.72,-53.68,-29.28,39.04,122,200.08,73.2,-34.16
97.6,0,-97.6,-48.8,97.6,-48.8,-43.92,39.04,92.72,170.8,39.04,-63.44
82.96,-4.88,-87.84,-39.04,82.96,-48.8,-48.8,58.56,73.2,146.4,14.64,-68.32
58.56,-4.88,-63.44,-24.4,58.56,-34.16,-29.28,53.68,68.32,146.4,0,-63.44
73.2,19.52,-53.68,-43.92,63.44,-19.52,-19.52,48.8,43.92,112.24,-34.16,-78.08
92.72,14.64,-78.08,-53.68,82.96,-34.16,0,34.16,34.16,97.6,-53.68,-87.84
97.6,-9.76,-107.36,-43.92,102.48,-58.56,-4.88,-4.88,24.4,73.2,-78.08,-102.48
68.32,14.64,-53.68,-39.04,58.56,-19.52,-4.88,14.64,4.88,53.68,-92.72,-107.36
68.32,9.76,-58.56,-39.04,63.44,-24.4,-4.88,14.64,19.52,29.28,-122,-117.12
68.32,0,-68.32,-34.16,68.32,-34.16,4.88,34.16,-4.88,0,-136.64,-131.76
82.96,-9.76,-92.72,-34.16,87.84,-53.68,14.64,68.32,-24.4,0,-151.28,-126.88
48.8,-9.76,-58.56,-19.52,53.68,-34.16,4.88,39.04,-29.28,-14.64,-175.68,-136.64
63.44,-9.76,-73.2,-24.4,68.32,-43.92,19.52,0,-39.04,-34.16,-200.08,-151.28
63.44,-24.4,-87.84,-19.52,73.2,-58.56,9.76,9.76,-29.28,-48.8,-219.6,-156.16
34.16,-29.28,-63.44,0,48.8,-48.8,-4.88,39.04,-24.4,-58.56,-244,-170.8
39.04,-24.4,-63.44,-4.88,48.8,-43.92,0,48.8,-29.28,-53.68,-234.24,-170.8
43.92,-39.04,-82.96,0,63.44,-63.44,-4.88,29.28,-48.8,-78.08,-263.52,-190.32
34.16,-34.16,-68.32,0,48.8,-53.68,19.52,48.8,-29.28,-92.72,-268.4,-200.08
53.68,-43.92,-97.6,-4.88,73.2,-73.2,39.04,48.8,-39.04,-102.48,-283.04,-204.96
58.56,-34.16,-92.72,-9.76,73.2,-63.44,24.4,14.64,-68.32,-126.88,-302.56,-214.72
39.04,-58.56,-97.6,9.76,68.32,-78.08,39.04,19.52,-68.32,-122,-307.44,-209.84
24.4,-63.44,-87.84,19.52,53.68,-78.08,29.28,34.16,-73.2,-131.76,-322.08,-224.48
39.04,-58.56,-97.6,9.76,68.32,-78.08,4.88,63.44,-53.68,-126.88,-331.84,-229.36
39.04,-34.16,-73.2,0,53.68,-53.68,4.88,78.08,-34.16,-122,-326.96,-219.6
19.52,-58.56,-78.08,19.52,48.8,-68.32,14.64,82.96,-39.04,-117.12,-331.84,-219.6
34.16,-63.44,-97.6,14.64,63.44,-82.96,-9.76,68.32,-58.56,-126.88,-351.36,-229.36
43.92,-58.56,-102.48,9.76,73.2,-82.96,-4.88,63.44,-34.16,-126.88,-356.24,-219.6
39.04,-53.68,-92.72,9.76,63.44,-73.2,19.52,58.56,-29.28,-131.76,-356.24,-224.48
14.64,-63.44,-78.08,24.4,43.92,-73.2,34.16,48.8,-34.16,-131.76,-351.36,-209.84
14.64,-78.08,-92.72,34.16,53.68,-87.84,34.16,4.88,-43.92,-141.52,-361.12,-219.6
9.76,-58.56,-68.32,24.4,39.04,-63.44,39.04,-19.52,-43.92,-151.28,-366,-229.36
14.64,-68.32,-82.96,29.28,48.8,-78.08,58.56,-19.52,-82.96,-161.04,-366,-224.48
14.64,-73.2,-87.84,29.28,48.8,-82.96,87.84,-43.92,-107.36,-165.92,-370.88,-219.6
19.52,-48.8,-68.32,14.64,43.92,-58.56,97.6,-82.96,-141.52,-190.32,-400.16,-244
-14.64,-78.08,-63.44,48.8,24.4,-73.2,126.88,-73.2,-136.64,-200.08,-400.16,-244
9.76,-73.2,-82.96,34.16,43.92,-78.08,92.72,-92.72,-170.8,-214.72,-414.8,-268.4
9.76,-29.28,-39.04,9.76,24.4,-34.16,92.72,-112.24,-175.68,-214.72,-414.8,-273.28
-14.64,-73.2,-58.56,43.92,19.52,-68.32,126.88,-97.6,-141.52,-185.44,-380.64,-239.12
14.64,-63.44,-78.08,24.4,43.92,-73.2,126.88,-97.6,-131.76,-185.44,-375.76,-234.24
19.52,-73.2,-92.72,29.28,53.68,-82.96,136.64,-82.96,-136.64,-180.56,-370.88,-214.72
-63.44,-102.48,-39.04,82.96,-14.64,-73.2,122,-102.48,-141.52,-195.2,-400.16,-234.24
-24.4,-73.2,-48.8,48.8,9.76,-63.44,102.48,-112.24,-156.16,-195.2,-405.04,-239.12
14.64,-73.2,-87.84,29.28,48.8,-82.96,97.6,-68.32,-136.64,-180.56,-395.28,-224.48
-4.88,-73.2,-68.32,39.04,29.28,-73.2,78.08,-58.56,-117.12,-165.92,-390.4,-224.48
4.88,-73.2,-78.08,34.16,39.04,-78.08,58.56,-39.04,-112.24,-151.28,-385.52,-219.6
24.4,-63.44,-87.84,19.52,53.68,-78.08,39.04,-34.16,-97.6,-131.76,-366,-219.6
-29.28,-73.2,-43.92,53.68,4.88,-58.56,14.64,-53.68,-78.08,-112.24,-356.24,-209.84
-24.4,-87.84,-63.44,58.56,19.52,-78.08,4.88,-43.92,-73.2,-112.24,-351.36,-209.84
-9.76,-73.2,-63.44,43.92,24.4,-68.32,4.88,-53.68,-58.56,-97.6,-331.84,-195.2
-14.64,-63.44,-48.8,39.04,14.64,-58.56,-9.76,-58.56,-63.44,-92.72,-331.84,-190.32
-19.52,-48.8,-29.28,34.16,4.88,-39.04,-19.52,-53.68,-43.92,-87.84,-322.08,-185.44
-29.28,-34.16,-4.88,34.16,-14.64,-19.52,-29.28,-39.04,-53.68,-87.84,-322.08,-185.44
4.88,-58.56,-63.44,29.28,34.16,-63.44,-14.64,-4.88,-19.52,-73.2,-312.32,-170.8
19.52,-58.56,-78.08,19.52,48.8,-68.32,19.52,39.04,9.76,-53.68,-292.8,-156.16
24.4,-43.92,-68.32,9.76,43.92,-58.56,19.52,-14.64,-9.76,-39.04,-292.8,-146.4
-9.76,-63.44,-53.68,39.04,19.52,-58.56,19.52,-14.64,-4.88,-29.28,-278.16,-131.76
-29.28,-73.2,-43.92,53.68,4.88,-58.56,24.4,-19.52,9.76,-14.64,-268.4,-126.88
14.64,-43.92,-58.56,14.64,34.16,-53.68,19.52,0,-24.4,-29.28,-273.28,-151.28
-4.88,-34.16,-29.28,19.52,9.76,-34.16,34.16,19.52,0,-19.52,-253.76,-141.52
-4.88,-39.04,-34.16,24.4,14.64,-39.04,0,14.64,9.76,-24.4,-258.64,-156.16
-4.88,-53.68,-48.8,29.28,19.52,-53.68,29.28,0,24.4,0,-234.24,-141.52
9.76,-39.04,-48.8,14.64,29.28,-43.92,24.4,9.76,-14.64,0,-229.36,-141.52
19.52,-9.76,-29.28,-4.88,24.4,-19.52,14.64,9.76,0,9.76,-214.72,-136.64
4.88,-24.4,-29.28,9.76,14.64,-29.28,39.04,19.52,24.4,39.04,-180.56,-107.36
-14.64,-58.56,-43.92,39.04,14.64,-53.68,53.68,9.76,9.76,34.16,-190.32,-117.12
0,-39.04,-39.04,19.52,19.52,-39.04,53.68,34.16,29.28,58.56,-165.92,-112.24
19.52,-9.76,-29.28,-4.88,24.4,-19.52,87.84,43.92,43.92,78.08,-141.52,-92.72
14.64,-39.04,-53.68,14.64,34.16,-48.8,87.84,14.64,43.92,63.44,-146.4,-107.36
19.52,-63.44,-82.96,24.4,48.8,-73.2,73.2,4.88,34.16,48.8,-151.28,-122
19.52,-39.04,-58.56,9.76,39.04,-48.8,53.68,9.76,53.68,58.56,-141.52,-117.12
14.64,0,-14.64,-4.88,14.64,-9.76,53.68,34.16,63.44,68.32,-136.64,-117.12
19.52,0,-19.52,-9.76,19.52,-9.76,63.44,43.92,53.68,82.96,-131.76,-102.48
14.64,-24.4,-39.04,4.88,24.4,-34.16,58.56,73.2,48.8,73.2,-131.76,-68.32
53.68,-19.52,-73.2,-14.64,63.44,-48.8,58.56,39.04,39.04,82.96,-131.76,-53.68
29.28,-29.28,-58.56,0,43.92,-43.92,82.96,24.4,73.2,87.84,-122,-34.16
48.8,-9.76,-58.56,-19.52,53.68,-34.16,92.72,34.16,68.32,107.36,-107.36,-24.4
34.16,-9.76,-43.92,-9.76,39.04,-29.28,131.76,43.92,73.2,107.36,-97.6,-14.64
34.16,-24.4,-58.56,-4.88,43.92,-43.92,126.88,43.92,78.08,112.24,-87.84,-4.88
48.8,-24.4,-73.2,-9.76,58.56,-48.8,122,34.16,92.72,102.48,-92.72,-14.64
34.16,-34.16,-68.32,0,48.8,-53.68,122,34.16,78.08,102.48,-92.72,-9.76
34.16,-48.8,-82.96,9.76,58.56,-68.32,97.6,53.68,53.68,97.6,-97.6,-14.64
48.8,-43.92,-92.72,0,68.32,-68.32,87.84,73.2,58.56,97.6,-102.48,-14.64
19.52,-48.8,-68.32,14.64,43.92,-58.56,102.48,82.96,68.32,102.48,-92.72,0
24.4,-53.68,-78.08,14.64,48.8,-68.32,102.48,78.08,73.2,112.24,-87.84,-9.76
29.28,-53.68,-82.96,14.64,53.68,-68.32,117.12,63.44,78.08,107.36,-92.72,-19.52
43.92,-39.04,-82.96,0,63.44,-63.44,122,58.56,68.32,102.48,-97.6,-19.52
39.04,-29.28,-68.32,-4.88,53.68,-48.8,107.36,39.04,68.32,102.48,-97.6,-19.52
34.16,-34.16,-68.32,0,48.8,-53.68,107.36,68.32,87.84,112.24,-78.08,-4.88
14.64,-34.16,-48.8,9.76,29.28,-43.92,122,68.32,97.6,107.36,-73.2,-4.88
14.64,-9.76,-24.4,0,19.52,-19.52,126.88,68.32,87.84,112.24,-68.32,-9.76
39.04,-19.52,-58.56,-9.76,48.8,-39.04,117.12,102.48,102.48,112.24,-68.32,0
58.56,-14.64,-73.2,-19.52,63.44,-43.92,107.36,126.88,97.6,107.36,-78.08,-9.76
34.16,-24.4,-58.56,-4.88,43.92,-43.92,107.36,92.72,87.84,102.48,-82.96,-4.88
-9.76,-63.44,-53.68,39.04,19.52,-58.56,68.32,68.32,107.36,82.96,-97.6,-24.4
19.52,-29.28,-48.8,4.88,34.16,-39.04,78.08,73.2,107.36,78.08,-112.24,-34.16
53.68,0,-53.68,-24.4,53.68,-29.28,58.56,122,97.6,97.6,-92.72,-19.52
29.28,0,-29.28,-14.64,29.28,-14.64,53.68,131.76,92.72,87.84,-92.72,-19.52
29.28,4.88,-24.4,-14.64,24.4,-9.76,68.32,87.84,92.72,82.96,-97.6,-24.4
39.04,9.76,-29.28,-24.4,34.16,-9.76,78.08,102.48,97.6,82.96,-102.48,-14.64
24.4,4.88,-19.52,-14.64,19.52,-9.76,63.44,126.88,87.84,82.96,-92.72,-9.76
24.4,34.16,9.76,-29.28,4.88,19.52,63.44,63.44,73.2,63.44,-117.12,-19.52
34.16,24.4,-9.76,-29.28,19.52,4.88,78.08,39.04,68.32,58.56,-122,-14.64
19.52,-14.64,-34.16,0,24.4,-24.4,92.72,29.28,48.8,48.8,-126.88,-24.4
-9.76,-19.52,-9.76,14.64,0,-14.64,87.84,29.28,39.04,43.92,-131.76,-24.4
0,-14.64,-14.64,9.76,4.88,-14.64,53.68,14.64,34.16,39.04,-146.4,-34.16
19.52,-4.88,-24.4,-4.88,19.52,-14.64,39.04,0,19.52,29.28,-151.28,-39.04
29.28,-9.76,-39.04,-9.76,34.16,-24.4,43.92,-14.64,9.76,19.52,-156.16,-24.4
0,-29.28,-29.28,14.64,14.64,-29.28,53.68,-9.76,24.4,14.64,-151.28,-24.4
-19.52,-43.92,-24.4,34.16,0,-34.16,78.08,14.64,14.64,14.64,-146.4,-4.88
0,-43.92,-43.92,24.4,19.52,-43.92,68.32,0,-14.64,-4.88,-161.04,-19.52
43.92,-29.28,-73.2,-4.88,58.56,-53.68,68.32,-19.52,-9.76,-14.64,-170.8,-29.28
19.52,9.76,-9.76,-14.64,14.64,0,87.84,0,-4.88,-14.64,-165.92,-19.52
0,-29.28,-29.28,14.64,14.64,-29.28,82.96,4.88,-19.52,-14.64,-165.92,-19.52
29.28,0,-29.28,-14.64,29.28,-14.64,73.2,-34.16,-29.28,-24.4,-180.56,-39.04
24.4,24.4,0,-24.4,9.76,9.76,58.56,-68.32,-34.16,-39.04,-204.96,-58.56
-14.64,-19.52,-4.88,19.52,-4.88,-14.64,78.08,-48.8,-19.52,-19.52,-180.56,-43.92
4.88,-14.64,-19.52,4.88,9.76,-19.52,102.48,-9.76,-34.16,-24.4,-175.68,-43.92
-24.4,-29.28,-4.88,29.28,-9.76,-19.52,117.12,-34.16,-24.4,-19.52,-165.92,-39.04
-34.16,-39.04,-4.88,39.04,-14.64,-24.4,107.36,-24.4,-19.52,-19.52,-170.8,-39.04
-14.64,-39.04,-24.4,29.28,4.88,-34.16,82.96,-43.92,-43.92,-34.16,-175.68,-43.92
-24.4,-48.8,-24.4,39.04,0,-39.04,82.96,-39.04,-39.04,-29.28,-170.8,-34.16
-9.76,-4.88,4.88,9.76,-9.76,0,68.32,-58.56,-29.28,-39.04,-170.8,-34.16
4.88,-4.88,-9.76,0,4.88,-9.76,63.44,-73.2,-34.16,-34.16,-180.56,-29.28
0,-24.4,-24.4,14.64,9.76,-24.4,58.56,-63.44,-34.16,-24.4,-165.92,-24.4
-4.88,-34.16,-29.28,19.52,9.76,-34.16,53.68,-29.28,-24.4,-29.28,-175.68,-29.28
4.88,-29.28,-34.16,14.64,19.52,-34.16,29.28,-34.16,-19.52,-29.28,-180.56,-43.92
-9.76,-19.52,-9.76,14.64,0,-14.64,29.28,-43.92,-9.76,-34.16,-170.8,-39.04
4.88,-14.64,-19.52,4.88,9.76,-19.52,19.52,-43.92,-29.28,-48.8,-180.56,-58.56
-9.76,-24.4,-14.64,19.52,0,-19.52,9.76,-48.8,-29.28,-43.92,-180.56,-63.44
29.28,9.76,-19.52,-19.52,24.4,-4.88,19.52,-24.4,-19.52,-43.92,-175.68,-58.56
14.64,24.4,9.76,-19.52,0,14.64,4.88,-39.04,-29.28,-48.8,-185.44,-63.44
14.64,39.04,24.4,-24.4,-4.88,29.28,-9.76,-19.52,-4.88,-39.04,-180.56,-58.56
48.8,48.8,0,-48.8,24.4,24.4,19.52,-4.88,4.88,-29.28,-165.92,-39.04
34.16,34.16,0,-34.16,14.64,14.64,4.88,4.88,19.52,-19.52,-156.16,-24.4
24.4,39.04,14.64,-29.28,4.88,24.4,-4.88,-14.64,9.76,-14.64,-165.92,-24.4
43.92,9.76,-34.16,-24.4,39.04,-14.64,0,-29.28,0,-19.52,-161.04,-14.64
63.44,34.16,-29.28,-48.8,43.92,0,-14.64,-29.28,-14.64,-34.16,-170.8,-19.52
39.04,43.92,4.88,-39.04,14.64,24.4,4.88,-19.52,0,-24.4,-161.04,-9.76
14.64,9.76,-4.88,-9.76,9.76,0,0,-4.88,0,-24.4,-156.16,-9.76
34.16,39.04,4.88,-34.16,14.64,19.52,-24.4,-19.52,-4.88,-24.4,-165.92,-19.52
39.04,29.28,-9.76,-34.16,24.4,9.76,-9.76,0,-4.88,-19.52,-151.28,-4.88
43.92,34.16,-9.76,-39.04,24.4,9.76,0,0,19.52,-14.64,-156.16,-4.88
19.52,14.64,-4.88,-14.64,9.76,4.88,24.4,19.52,19.52,-9.76,-146.4,19.52
34.16,-9.76,-43.92,-9.76,39.04,-29.28,39.04,0,-4.88,-24.4,-156.16,9.76
43.92,4.88,-39.04,-24.4,39.04,-19.52,29.28,-14.64,14.64,-39.04,-170.8,0
29.28,19.52,-9.76,-24.4,19.52,4.88,24.4,-4.88,0,-29.28,-156.16,9.76
34.16,34.16,0,-34.16,14.64,14.64,53.68,14.64,-9.76,-39.04,-161.04,19.52
39.04,9.76,-29.28,-24.4,34.16,-9.76,24.4,19.52,-9.76,-39.04,-156.16,9.76
48.8,-4.88,-53.68,-19.52,48.8,-29.28,9.76,0,-24.4,-53.68,-161.04,4.88
19.52,-14.64,-34.16,0,24.4,-24.4,-4.88,-14.64,-34.16,-58.56,-165.92,4.88
9.76,4.88,-4.88,-4.88,4.88,0,0,39.04,-9.76,-39.04,-156.16,14.64
9.76,0,-9.76,-4.88,9.76,-4.88,9.76,14.64,39.04,-29.28,-141.52,29.28
9.76,4.88,-4.88,-4.88,4.88,0,0,-4.88,14.64,-39.04,-161.04,9.76
39.04,4.88,-34.16,-19.52,34.16,-14.64,-14.64,29.28,-9.76,-43.92,-165.92,-4.88
34.16,4.88,-29.28,-19.52,29.28,-14.64,0,48.8,14.64,-39.04,-156.16,4.88
29.28,24.4,-4.88,-24.4,14.64,9.76,-4.88,29.28,14.64,-34.16,-151.28,9.76
39.04,29.28,-9.76,-34.16,24.4,9.76,19.52,9.76,14.64,-43.92,-146.4,9.76
43.92,48.8,4.88,-43.92,19.52,24.4,0,-4.88,-9.76,-43.92,-151.28,-4.88
14.64,9.76,-4.88,-9.76,9.76,0,29.28,43.92,19.52,-24.4,-126.88,14.64
19.52,-4.88,-24.4,-4.88,19.52,-14.64,0,63.44,-4.88,-39.04,-141.52,0
53.68,-4.88,-58.56,-24.4,53.68,-34.16,-34.16,39.04,0,-43.92,-151.28,-14.64
53.68,4.88,-48.8,-29.28,48.8,-24.4,-48.8,58.56,0,-43.92,-151.28,-9.76
39.04,4.88,-34.16,-19.52,34.16,-14.64,-58.56,53.68,19.52,-43.92,-146.4,-4.88
19.52,-9.76,-29.28,-4.88,24.4,-19.52,-73.2,19.52,29.28,-39.04,-141.52,-9.76
19.52,-4.88,-24.4,-4.88,19.52,-14.64,-63.44,14.64,9.76,-39.04,-141.52,-4.88
24.4,-9.76,-34.16,-4.88,29.28,-24.4,-68.32,0,-19.52,-48.8,-141.52,-14.64
34.16,-9.76,-43.92,-9.76,39.04,-29.28,-48.8,-19.52,-19.52,-53.68,-146.4,-9.76
14.64,0,-14.64,-4.88,14.64,-9.76,-24.4,-39.04,-29.28,-53.68,-146.4,-14.64
9.76,-4.88,-14.64,0,9.76,-9.76,-4.88,-34.16,-14.64,-53.68,-141.52,0
24.4,24.4,0,-24.4,9.76,9.76,0,-63.44,-39.04,-63.44,-146.4,0
29.28,0,-29.28,-14.64,29.28,-14.64,19.52,-43.92,-58.56,-82.96,-161.04,-9.76
53.68,-29.28,-82.96,-9.76,68.32,-58.56,9.76,-58.56,-78.08,-92.72,-170.8,-19.52
29.28,4.88,-24.4,-14.64,24.4,-9.76,4.88,-102.48,-102.48,-97.6,-180.56,-29.28
34.16,-29.28,-63.44,0,48.8,-48.8,0,-63.44,-97.6,-92.72,-175.68,-34.16
24.4,-14.64,-39.04,-4.88,29.28,-29.28,-4.88,-43.92,-78.08,-87.84,-180.56,-34.16
39.04,4.88,-34.16,-19.52,34.16,-14.64,-14.64,-73.2,-78.08,-87.84,-170.8,-29.28
24.4,-14.64,-39.04,-4.88,29.28,-29.28,0,-92.72,-78.08,-92.72,-175.68,-34.16
4.88,-24.4,-29.28,9.76,14.64,-29.28,14.64,-92.72,-68.32,-78.08,-156.16,-19.52
-14.64,-29.28,-14.64,24.4,0,-24.4,14.64,-73.2,-68.32,-78.08,-156.16,-19.52
-19.52,-29.28,-9.76,24.4,-4.88,-19.52,19.52,-68.32,-73.2,-87.84,-156.16,-29.28
4.88,4.88,0,-4.88,0,0,24.4,-34.16,-78.08,-87.84,-146.4,-14.64
14.64,-4.88,-19.52,-4.88,14.64,-14.64,53.68,-82.96,-82.96,-92.72,-151.28,-19.52
24.4,-14.64,-39.04,-4.88,29.28,-29.28,29.28,-87.84,-68.32,-97.6,-156.16,-19.52
39.04,-19.52,-58.56,-9.76,48.8,-39.04,19.52,-68.32,-87.84,-102.48,-161.04,-29.28
34.16,-9.76,-43.92,-9.76,39.04,-29.28,4.88,-107.36,-68.32,-112.24,-175.68,-43.92
9.76,0,-9.76,-4.88,9.76,-4.88,19.52,-97.6,-73.2,-97.6,-161.04,-29.28
9.76,-19.52,-29.28,4.88,19.52,-24.4,24.4,-58.56,-82.96,-102.48,-161.04,-34.16
19.52,-14.64,-34.16,0,24.4,-24.4,48.8,-63.44,-78.08,-92.72,-151.28,-34.16
34.16,4.88,-29.28,-19.52,29.28,-14.64,48.8,-92.72,-73.2,-87.84,-146.4,-29.28
-24.4,-34.16,-9.76,29.28,-9.76,-24.4,34.16,-112.24,-92.72,-112.24,-161.04,-43.92
-14.64,-14.64,0,14.64,-9.76,-9.76,48.8,-82.96,-82.96,-102.48,-161.04,-34.16
-4.88,-19.52,-14.64,14.64,4.88,-19.52,48.8,-87.84,-73.2,-107.36,-151.28,-29.28
-14.64,-19.52,-4.88,19.52,-4.88,-14.64,43.92,-82.96,-87.84,-112.24,-161.04,-39.04
-9.76,-4.88,4.88,9.76,-9.76,0,58.56,-87.84,-82.96,-92.72,-141.52,-39.04
-19.52,-29.28,-9.76,24.4,-4.88,-19.52,58.56,-68.32,-78.08,-92.72,-146.4,-43.92
-4.88,-9.76,-4.88,9.76,0,-9.76,34.16,-68.32,-73.2,-97.6,-146.4,-48.8
-14.64,-9.76,4.88,14.64,-9.76,-4.88,43.92,-58.56,-73.2,-102.48,-151.28,-58.56
-29.28,-39.04,-9.76,34.16,-9.76,-24.4,39.04,-43.92,-97.6,-107.36,-161.04,-78.08
14.64,-43.92,-58.56,14.64,34.16,-53.68,19.52,-58.56,-92.72,-112.24,-170.8,-82.96
-24.4,-43.92,-19.52,34.16,-4.88,-34.16,48.8,-78.08,-68.32,-102.48,-156.16,-73.2
-34.16,-43.92,-9.76,39.04,-14.64,-29.28,63.44,-82.96,-82.96,-97.6,-151.28,-68.32
-9.76,-9.76,0,9.76,-4.88,-4.88,58.56,-92.72,-97.6,-102.48,-161.04,-63.44
-19.52,-24.4,-4.88,24.4,-9.76,-14.64,73.2,-78.08,-78.08,-97.6,-156.16,-53.68
29.28,-9.76,-39.04,-9.76,34.16,-24.4,82.96,-63.44,-78.08,-97.6,-156.16,-53.68
0,-19.52,-19.52,9.76,9.76,-19.52,87.84,-48.8,-53.68,-87.84,-156.16,-39.04
-29.28,-9.76,19.52,19.52,-24.4,4.88,87.84,-78.08,-58.56,-97.6,-156.16,-43.92
4.88,-29.28,-34.16,14.64,19.52,-34.16,63.44,-87.84,-82.96,-102.48,-165.92,-53.68
-4.88,-43.92,-39.04,24.4,14.64,-43.92,68.32,-78.08,-78.08,-102.48,-165.92,-63.44
-34.16,-24.4,9.76,29.28,-24.4,-9.76,58.56,-73.2,-68.32,-102.48,-161.04,-68.32
-9.76,-19.52,-9.76,14.64,0,-14.64,43.92,-73.2,-82.96,-102.48,-161.04,-68.32
0,-39.04,-39.04,19.52,19.52,-39.04,34.16,-73.2,-82.96,-102.48,-170.8,-73.2
-4.88,-14.64,-9.76,9.76,0,-14.64,43.92,-58.56,-73.2,-92.72,-156.16,-58.56
-9.76,-19.52,-9.76,14.64,0,-14.64,68.32,-24.4,-73.2,-97.6,-156.16,-58.56
-4.88,-43.92,-39.04,24.4,14.64,-43.92,53.68,-43.92,-73.2,-87.84,-151.28,-58.56
0,-29.28,-29.28,14.64,14.64,-29.28,68.32,-29.28,-39.04,-82.96,-146.4,-48.8
-9.76,-4.88,4.88,9.76,-9.76,0,78.08,-19.52,-39.04,-78.08,-141.52,-39.04
-19.52,-14.64,4.88,19.52,-14.64,-4.88,102.48,0,-39.04,-68.32,-131.76,-39.04
14.64,-14.64,-29.28,0,19.52,-24.4,112.24,-43.92,-53.68,-82.96,-141.52,-53.68
-4.88,-14.64,-9.76,9.76,0,-14.64,92.72,-39.04,-43.92,-78.08,-136.64,-48.8
-19.52,14.64,34.16,4.88,-29.28,24.4,58.56,-48.8,-58.56,-82.96,-141.52,-58.56
4.88,24.4,19.52,-14.64,-9.76,19.52,82.96,-39.04,-29.28,-78.08,-131.76,-53.68
-4.88,-4.88,0,4.88,-4.88,-4.88,78.08,0,-9.76,-63.44,-122,-39.04
-19.52,0,19.52,9.76,-19.52,9.76,78.08,58.56,-9.76,-53.68,-117.12,-29.28
-14.64,4.88,19.52,4.88,-19.52,9.76,82.96,53.68,-14.64,-48.8,-117.12,-24.4
-24.4,-14.64,9.76,19.52,-19.52,-4.88,87.84,48.8,0,-53.68,-117.12,-24.4
19.52,14.64,-4.88,-14.64,9.76,4.88,97.6,53.68,43.92,-48.8,-107.36,-14.64
9.76,-4.88,-14.64,0,9.76,-9.76,126.88,78.08,58.56,-43.92,-97.6,-4.88
0,14.64,14.64,-4.88,-9.76,14.64,136.64,68.32,9.76,-39.04,-97.6,-9.76
-4.88,34.16,39.04,-14.64,-24.4,34.16,136.64,53.68,0,-48.8,-107.36,-19.52
4.88,19.52,14.64,-9.76,-4.88,14.64,107.36,39.04,19.52,-43.92,-102.48,-14.64
14.64,9.76,-4.88,-9.76,9.76,0,102.48,34.16,34.16,-34.16,-97.6,-4.88
14.64,4.88,-9.76,-9.76,9.76,-4.88,97.6,53.68,19.52,-39.04,-102.48,-9.76
9.76,-9.76,-19.52,0,14.64,-14.64,53.68,53.68,9.76,-48.8,-112.24,-19.52
14.64,4.88,-9.76,-9.76,9.76,-4.88,43.92,19.52,9.76,-53.68,-117.12,-24.4
4.88,39.04,34.16,-19.52,-14.64,34.16,43.92,34.16,9.76,-48.8,-112.24,-14.64
39.04,34.16,-4.88,-34.16,19.52,14.64,43.92,53.68,-4.88,-48.8,-112.24,-14.64
39.04,14.64,-24.4,-24.4,29.28,-4.88,63.44,48.8,0,-53.68,-102.48,-4.88
29.28,14.64,-14.64,-19.52,19.52,0,43.92,53.68,9.76,-58.56,-107.36,-9.76
19.52,48.8,29.28,-34.16,-4.88,39.04,29.28,9.76,-9.76,-73.2,-117.12,-9.76
-4.88,4.88,9.76,0,-9.76,4.88,48.8,-14.64,-39.04,-82.96,-126.88,-9.76
4.88,0,-4.88,0,4.88,-4.88,48.8,-48.8,-29.28,-78.08,-122,-4.88
9.76,0,-9.76,-4.88,9.76,-4.88,48.8,-58.56,-39.04,-87.84,-126.88,-9.76
34.16,-4.88,-39.04,-14.64,34.16,-24.4,58.56,-48.8,-48.8,-87.84,-136.64,-14.64
48.8,0,-48.8,-24.4,48.8,-24.4,34.16,-63.44,-68.32,-97.6,-146.4,-29.28
-4.88,-24.4,-19.52,14.64,4.88,-24.4,34.16,-63.44,-53.68,-87.84,-136.64,-14.64
0,-29.28,-29.28,14.64,14.64,-29.28,19.52,-63.44,-48.8,-97.6,-151.28,-29.28
-9.76,-19.52,-9.76,14.64,0,-14.64,39.04,-48.8,-9.76,-87.84,-126.88,-4.88
-4.88,-9.76,-4.88,9.76,0,-9.76,29.28,-19.52,-24.4,-97.6,-141.52,-19.52
-19.52,-9.76,9.76,14.64,-14.64,0,24.4,-58.56,-78.08,-102.48,-141.52,-14.64
9.76,-24.4,-34.16,9.76,19.52,-29.28,53.68,-92.72,-48.8,-102.48,-131.76,-4.88
4.88,-34.16,-39.04,14.64,19.52,-39.04,43.92,-92.72,-53.68,-102.48,-136.64,-9.76
29.28,0,-29.28,-14.64,29.28,-14.64,29.28,-82.96,-82.96,-107.36,-146.4,-24.4
0,-14.64,-14.64,9.76,4.88,-14.64,34.16,-68.32,-73.2,-102.48,-141.52,-14.64
-48.8,-39.04,9.76,43.92,-29.28,-14.64,29.28,-73.2,-87.84,-107.36,-141.52,-19.52
-24.4,-19.52,4.88,24.4,-14.64,-9.76,34.16,-78.08,-82.96,-97.6,-141.52,-14.64
-34.16,-4.88,29.28,19.52,-34.16,9.76,29.28,-63.44,-82.96,-97.6,-141.52,-14.64
-9.76,-24.4,-14.64,19.52,0,-19.52,14.64,-87.84,-82.96,-107.36,-141.52,-24.4
0,-29.28,-29.28,14.64,14.64,-29.28,24.4,-97.6,-73.2,-102.48,-151.28,-24.4
-24.4,-29.28,-4.88,29.28,-9.76,-19.52,43.92,-78.08,-78.08,-102.48,-141.52,-19.52
-9.76,0,9.76,4.88,-9.76,4.88,58.56,-58.56,-73.2,-97.6,-131.76,-9.76
-4.88,-14.64,-9.76,9.76,0,-14.64,82.96,-53.68,-68.32,-97.6,-126.88,-4.88
-34.16,-24.4,9.76,29.28,-24.4,-9.76,73.2,-63.44,-68.32,-97.6,-131.76,-9.76
-19.52,-39.04,-19.52,29.28,0,-29.28,53.68,-78.08,-87.84,-107.36,-136.64,-14.64
-43.92,-19.52,24.4,34.16,-34.16,0,53.68,-73.2,-92.72,-102.48,-141.52,-29.28
-48.8,4.88,53.68,24.4,-53.68,29.28,53.68,-73.2,-73.2,-102.48,-141.52,-29.28
-48.8,19.52,68.32,14.64,-58.56,43.92,43.92,-82.96,-63.44,-112.24,-146.4,-34.16
-39.04,-4.88,34.16,24.4,-39.04,14.64,39.04,-87.84,-82.96,-107.36,-141.52,-34.16
-34.16,-9.76,24.4,24.4,-29.28,4.88,53.68,-48.8,-63.44,-87.84,-126.88,-14.64
-53.68,-29.28,24.4,43.92,-39.04,-4.88,53.68,-58.56,-73.2,-107.36,-131.76,-14.64
-58.56,-34.16,24.4,48.8,-43.92,-4.88,58.56,-73.2,-73.2,-107.36,-131.76,-19.52
-39.04,-34.16,4.88,39.04,-24.4,-14.64,73.2,-58.56,-58.56,-97.6,-126.88,-4.88
-63.44,-24.4,39.04,43.92,-53.68,4.88,112.24,-34.16,-73.2,-97.6,-126.88,-4.88
-24.4,4.88,29.28,9.76,-29.28,14.64,82.96,-19.52,-82.96,-97.6,-122,0
0,19.52,19.52,-9.76,-9.76,19.52,97.6,-43.92,-78.08,-102.48,-117.12,4.88
-19.52,9.76,29.28,4.88,-24.4,19.52,92.72,-29.28,-73.2,-97.6,-112.24,9.76
-4.88,9.76,14.64,0,-9.76,9.76,87.84,-9.76,-58.56,-92.72,-107.36,9.76
4.88,-4.88,-9.76,0,4.88,-9.76,102.48,-39.04,-53.68,-82.96,-112.24,4.88
-29.28,-9.76,19.52,19.52,-24.4,4.88,82.96,-63.44,-63.44,-82.96,-117.12,0
-24.4,-19.52,4.88,24.4,-14.64,-9.76,78.08,-58.56,-63.44,-92.72,-126.88,-9.76
-39.04,-29.28,9.76,34.16,-24.4,-9.76,87.84,-48.8,-34.16,-82.96,-112.24,0
-29.28,24.4,53.68,4.88,-43.92,39.04,78.08,-39.04,-48.8,-92.72,-122,-4.88
-24.4,24.4,48.8,0,-39.04,34.16,87.84,-58.56,-73.2,-102.48,-136.64,-14.64
-9.76,-14.64,-4.88,14.64,-4.88,-9.76,78.08,-39.04,-34.16,-97.6,-131.76,-9.76
-24.4,-9.76,14.64,19.52,-19.52,0,78.08,-29.28,-48.8,-87.84,-126.88,0
-29.28,-19.52,9.76,24.4,-19.52,-4.88,97.6,-24.4,-53.68,-73.2,-117.12,9.76
-34.16,-4.88,29.28,19.52,-34.16,9.76,92.72,-29.28,-48.8,-78.08,-122,4.88
-48.8,0,48.8,24.4,-48.8,24.4,87.84,-53.68,-39.04,-82.96,-117.12,-4.88
-34.16,-4.88,29.28,19.52,-34.16,9.76,63.44,-43.92,-39.04,-78.08,-126.88,-19.52
-14.64,-9.76,4.88,14.64,-9.76,-4.88,48.8,-53.68,-43.92,-82.96,-131.76,-24.4
-24.4,-9.76,14.64,19.52,-19.52,0,48.8,-43.92,-58.56,-78.08,-122,-14.64
-14.64,4.88,19.52,4.88,-19.52,9.76,34.16,-24.4,-48.8,-78.08,-122,-29.28
-4.88,-9.76,-4.88,9.76,0,-9.76,19.52,14.64,-53.68,-82.96,-136.64,-39.04
-19.52,-9.76,9.76,14.64,-14.64,0,39.04,14.64,-43.92,-78.08,-122,-19.52
29.28,24.4,-4.88,-24.4,14.64,9.76,14.64,14.64,-43.92,-82.96,-131.76,-19.52
9.76,24.4,14.64,-14.64,-4.88,19.52,29.28,24.4,-34.16,-73.2,-122,-9.76
-39.04,-24.4,14.64,34.16,-29.28,-4.88,29.28,-19.52,-29.28,-78.08,-122,-14.64
-29.28,-29.28,0,29.28,-14.64,-14.64,34.16,0,-34.16,-73.2,-122,-4.88
-14.64,14.64,29.28,0,-24.4,19.52,24.4,14.64,-43.92,-82.96,-141.52,-24.4
-39.04,9.76,48.8,14.64,-43.92,29.28,24.4,14.64,-39.04,-82.96,-136.64,-24.4
-43.92,-14.64,29.28,29.28,-39.04,4.88,53.68,39.04,-19.52,-68.32,-112.24,-4.88
-34.16,-43.92,-9.76,39.04,-14.64,-29.28,58.56,43.92,-34.16,-78.08,-131.76,-14.64
-4.88,-14.64,-9.76,9.76,0,-14.64,58.56,29.28,-29.28,-78.08,-136.64,-24.4
-14.64,0,14.64,9.76,-14.64,4.88,53.68,-9.76,-39.04,-87.84,-136.64,-19.52
-48.8,-29.28,19.52,39.04,-34.16,-4.88,58.56,-14.64,-24.4,-82.96,-136.64,-14.64
-43.92,-9.76,34.16,29.28,-39.04,9.76,63.44,0,-19.52,-73.2,-126.88,0
-24.4,-14.64,9.76,19.52,-19.52,-4.88,58.56,14.64,-39.04,-78.08,-131.76,-9.76
4.88,-24.4,-29.28,9.76,14.64,-29.28,43.92,-39.04,-58.56,-87.84,-136.64,-14.64
-4.88,14.64,19.52,-4.88,-14.64,14.64,58.56,-48.8,-48.8,-78.08,-136.64,-9.76
-4.88,19.52,24.4,-4.88,-14.64,19.52,43.92,-58.56,-68.32,-87.84,-131.76,-4.88
-34.16,19.52,53.68,9.76,-43.92,34.16,9.76,-53.68,-73.2,-92.72,-131.76,-9.76
-43.92,-4.88,39.04,24.4,-43.92,14.64,19.52,-29.28,-73.2,-97.6,-126.88,0
-39.04,-4.88,34.16,24.4,-39.04,14.64,-19.52,-92.72,-73.2,-107.36,-146.4,-24.4
-29.28,19.52,48.8,4.88,-39.04,34.16,-39.04,-78.08,-68.32,-97.6,-131.76,-14.64
-29.28,19.52,48.8,4.88,-39.04,34.16,-39.04,-73.2,-87.84,-102.48,-141.52,-29.28
-34.16,-14.64,19.52,24.4,-29.28,0,-14.64,-29.28,-43.92,-73.2,-136.64,-43.92
-4.88,-24.4,-19.52,14.64,4.88,-24.4,19.52,14.64,-19.52,-39.04,-126.88,-78.08
-4.88,-39.04,-34.16,24.4,14.64,-39.04,24.4,63.44,19.52,14.64,-107.36,-122
-4.88,-39.04,-34.16,24.4,14.64,-39.04,43.92,107.36,78.08,112.24,-34.16,-151.28
-14.64,-58.56,-43.92,39.04,14.64,-53.68,48.8,126.88,136.64,239.12,92.72,-136.64
-19.52,-43.92,-24.4,34.16,0,-34.16,29.28,117.12,180.56,370.88,263.52,-73.2
-4.88,-9.76,-4.88,9.76,0,-9.76,19.52,107.36,209.84,507.52,527.04,82.96
0,58.56,58.56,-29.28,-29.28,58.56,-19.52,48.8,161.04,531.92,795.44,307.44
19.52,151.28,131.76,-82.96,-58.56,141.52,-92.72,-73.2,63.44,473.36,1029.68,595.36
29.28,244,214.72,-136.64,-92.72,229.36,-165.92,-170.8,-68.32,322.08,1210.24,907.68
78.08,331.84,253.76,-204.96,-87.84,292.8,-244,-307.44,-214.72,126.88,1434.72,1327.36
126.88,429.44,302.56,-278.16,-87.84,366,-370.88,-522.16,-478.24,-170.8,1654.32,1912.96
165.92,531.92,366,-346.48,-102.48,448.96,-497.76,-727.12,-849.12,-692.96,1712.88,2547.36
185.44,619.76,434.32,-400.16,-126.88,527.04,-610,-976,-1312.72,-1346.88,1644.56,3132.96
268.4,653.92,385.52,-458.72,-58.56,517.28,-683.2,-1151.68,-1644.56,-1864.16,1542.08,3562.4
317.2,678.32,361.12,-497.76,-24.4,517.28,-756.4,-1229.76,-1839.76,-2239.92,1298.08,3723.44
312.32,653.92,341.6,-483.12,-14.64,497.76,-780.8,-1293.2,-1956.88,-2527.84,873.52,3581.92
244,692.96,448.96,-468.48,-102.48,570.96,-795.44,-1332.24,-2137.44,-2928,48.8,3152.48
141.52,712.48,570.96,-424.56,-214.72,639.28,-790.56,-1361.52,-2308.24,-3376.96,-995.52,2576.64
53.68,712.48,658.8,-380.64,-302.56,683.2,-761.28,-1390.8,-2444.88,-3723.44,-1932.48,1922.72
0,590.48,590.48,-292.8,-297.68,590.48,-673.44,-1361.52,-2552.24,-3835.68,-2493.68,1141.92
-4.88,434.32,439.2,-214.72,-224.48,434.32,-605.12,-1288.32,-2591.28,-3801.52,-2742.56,439.2
24.4,322.08,297.68,-170.8,-136.64,307.44,-556.32,-1263.92,-2601.04,-3684.4,-2781.6,24.4
24.4,180.56,156.16,-102.48,-68.32,165.92,-517.28,-1288.32,-2596.16,-3484.32,-2693.76,-209.84
9.76,131.76,122,-68.32,-58.56,126.88,-444.08,-1244.4,-2420.48,-3128.08,-2430.24,-356.24
-58.56,92.72,151.28,-14.64,-107.36,122,-297.68,-1151.68,-2127.68,-2693.76,-2103.28,-414.8
-102.48,34.16,136.64,34.16,-122,82.96,-219.6,-946.72,-1805.6,-2235.04,-1761.68,-434.32
-97.6,14.64,112.24,43.92,-107.36,63.44,-170.8,-683.2,-1444.48,-1805.6,-1468.88,-458.72
-63.44,39.04,102.48,14.64,-82.96,68.32,-126.88,-512.4,-1122.4,-1429.84,-1195.6,-424.56
-43.92,9.76,53.68,19.52,-48.8,29.28,-87.84,-405.04,-883.28,-1132.16,-976,-380.64
-24.4,0,24.4,14.64,-24.4,9.76,-92.72,-351.36,-683.2,-868.64,-790.56,-312.32
-39.04,19.52,58.56,9.76,-48.8,39.04,-87.84,-292.8,-507.52,-634.4,-610,-244
-29.28,4.88,34.16,14.64,-34.16,19.52,-68.32,-229.36,-331.84,-448.96,-463.6,-185.44
-19.52,-4.88,14.64,14.64,-19.52,4.88,-39.04,-161.04,-263.52,-322.08,-361.12,-165.92
-9.76,0,9.76,4.88,-9.76,4.88,0,-92.72,-190.32,-234.24,-292.8,-156.16
-34.16,-9.76,24.4,24.4,-29.28,4.88,43.92,-58.56,-122,-161.04,-239.12,-126.88
-43.92,-4.88,39.04,24.4,-43.92,14.64,82.96,-34.16,-92.72,-122,-209.84,-126.88
-43.92,9.76,53.68,19.52,-48.8,29.28,68.32,-4.88,-58.56,-92.72,-185.44,-131.76
-4.88,-14.64,-9.76,9.76,0,-14.64,87.84,19.52,-34.16,-58.56,-151.28,-122
-9.76,-29.28,-19.52,19.52,4.88,-24.4,112.24,4.88,-29.28,-29.28,-131.76,-122
-9.76,-14.64,-4.88,14.64,-4.88,-9.76,102.48,19.52,0,-4.88,-126.88,-131.76
4.88,-39.04,-43.92,19.52,24.4,-43.92,107.36,43.92,0,4.88,-126.88,-136.64
-29.28,-53.68,-24.4,43.92,-4.88,-39.04,107.36,39.04,9.76,9.76,-136.64,-151.28
-53.68,-63.44,-9.76,58.56,-24.4,-39.04,117.12,48.8,29.28,34.16,-131.76,-146.4
-53.68,-58.56,-4.88,58.56,-24.4,-34.16,107.36,43.92,19.52,34.16,-131.76,-156.16
-58.56,-78.08,-19.52,68.32,-19.52,-48.8,97.6,29.28,34.16,34.16,-136.64,-156.16
-9.76,-14.64,-4.88,14.64,-4.88,-9.76,92.72,63.44,29.28,34.16,-136.64,-165.92
-29.28,-48.8,-19.52,39.04,-4.88,-34.16,107.36,107.36,43.92,53.68,-117.12,-151.28
-53.68,-63.44,-9.76,58.56,-24.4,-39.04,97.6,58.56,39.04,53.68,-117.12,-146.4
-34.16,-63.44,-29.28,48.8,-4.88,-48.8,92.72,43.92,53.68,58.56,-107.36,-141.52
-19.52,-58.56,-39.04,39.04,9.76,-48.8,92.72,43.92,82.96,78.08,-97.6,-141.52
-14.64,-29.28,-14.64,24.4,0,-24.4,87.84,48.8,107.36,87.84,-82.96,-131.76
-24.4,-29.28,-4.88,29.28,-9.76,-19.52,92.72,78.08,97.6,97.6,-68.32,-122
-29.28,-53.68,-24.4,43.92,-4.88,-39.04,73.2,87.84,73.2,92.72,-68.32,-126.88
-9.76,-29.28,-19.52,19.52,4.88,-24.4,53.68,78.08,73.2,92.72,-68.32,-117.12
-9.76,-4.88,4.88,9.76,-9.76,0,14.64,43.92,73.2,53.68,-97.6,-126.88
0,-43.92,-43.92,24.4,19.52,-43.92,14.64,24.4,58.56,48.8,-102.48,-117.12
-19.52,-68.32,-48.8,43.92,14.64,-58.56,48.8,107.36,87.84,73.2,-82.96,-78.08
0,-68.32,-68.32,34.16,34.16,-68.32,34.16,117.12,78.08,73.2,-87.84,-68.32
4.88,-43.92,-48.8,19.52,24.4,-48.8,43.92,122,92.72,78.08,-78.08,-48.8
4.88,-48.8,-53.68,24.4,29.28,-53.68,58.56,151.28,112.24,92.72,-82.96,-43.92
-14.64,-14.64,0,14.64,-9.76,-9.76,48.8,175.68,126.88,92.72,-92.72,-53.68
-14.64,-29.28,-14.64,24.4,0,-24.4,78.08,170.8,126.88,97.6,-82.96,-43.92
-19.52,-43.92,-24.4,34.16,0,-34.16,97.6,180.56,146.4,112.24,-68.32,-29.28
-9.76,-53.68,-43.92,34.16,14.64,-48.8,87.84,175.68,131.76,112.24,-73.2,-39.04
9.76,-53.68,-63.44,24.4,34.16,-58.56,73.2,180.56,136.64,107.36,-73.2,-29.28
24.4,-39.04,-63.44,9.76,43.92,-53.68,29.28,161.04,146.4,107.36,-78.08,-39.04
9.76,-9.76,-19.52,0,14.64,-14.64,4.88,107.36,146.4,102.48,-87.84,-43.92
-24.4,0,24.4,14.64,-24.4,9.76,24.4,122,180.56,131.76,-73.2,-29.28
0,0,0,0,0,0,14.64,136.64,165.92,131.76,-78.08,-39.04
9.76,-29.28,-39.04,9.76,24.4,-34.16,19.52,156.16,170.8,146.4,-73.2,-43.92
-4.88,-34.16,-29.28,19.52,9.76,-34.16,14.64,126.88,161.04,146.4,-73.2,-53.68
24.4,9.76,-14.64,-14.64,19.52,-4.88,9.76,78.08,136.64,126.88,-87.84,-82.96
34.16,24.4,-9.76,-29.28,19.52,4.88,19.52,53.68,117.12,112.24,-92.72,-92.72
0,-14.64,-14.64,9.76,4.88,-14.64,29.28,19.52,92.72,112.24,-87.84,-92.72
0,-39.04,-39.04,19.52,19.52,-39.04,9.76,14.64,78.08,112.24,-82.96,-87.84
-4.88,-24.4,-19.52,14.64,4.88,-24.4,-4.88,14.64,78.08,107.36,-78.08,-92.72
19.52,-48.8,-68.32,14.64,43.92,-58.56,-29.28,24.4,78.08,112.24,-78.08,-102.48
24.4,-39.04,-63.44,9.76,43.92,-53.68,-29.28,29.28,97.6,136.64,-63.44,-87.84
-24.4,-53.68,-29.28,39.04,0,-43.92,-29.28,53.68,112.24,161.04,-39.04,-68.32
-19.52,-58.56,-39.04,39.04,9.76,-48.8,-43.92,68.32,117.12,165.92,-43.92,-87.84
9.76,-29.28,-39.04,9.76,24.4,-34.16,-58.56,58.56,126.88,165.92,-48.8,-97.6
0,-39.04,-39.04,19.52,19.52,-39.04,-73.2,78.08,122,165.92,-39.04,-97.6
9.76,-58.56,-68.32,24.4,39.04,-63.44,-68.32,58.56,126.88,170.8,-24.4,-97.6
34.16,-39.04,-73.2,4.88,53.68,-58.56,-73.2,53.68,131.76,165.92,-24.4,-107.36
19.52,-39.04,-58.56,9.76,39.04,-48.8,-63.44,107.36,131.76,170.8,-9.76,-102.48
19.52,-48.8,-68.32,14.64,43.92,-58.56,-48.8,73.2,117.12,165.92,-4.88,-112.24
14.64,-58.56,-73.2,24.4,43.92,-68.32,-78.08,39.04,102.48,156.16,-19.52,-136.64
39.04,-43.92,-82.96,4.88,58.56,-63.44,-82.96,34.16,97.6,156.16,-24.4,-146.4
19.52,-39.04,-58.56,9.76,39.04,-48.8,-58.56,82.96,112.24,165.92,-9.76,-136.64
0,-78.08,-78.08,39.04,39.04,-78.08,-58.56,141.52,136.64,200.08,4.88,-136.64
4.88,-58.56,-63.44,29.28,34.16,-63.44,-73.2,107.36,141.52,209.84,4.88,-151.28
34.16,-63.44,-97.6,14.64,63.44,-82.96,-68.32,78.08,151.28,209.84,9.76,-156.16
19.52,-43.92,-63.44,14.64,39.04,-53.68,-39.04,82.96,175.68,224.48,24.4,-151.28
39.04,-34.16,-73.2,0,53.68,-53.68,-9.76,97.6,185.44,239.12,39.04,-151.28
43.92,-34.16,-78.08,-4.88,58.56,-58.56,-19.52,73.2,161.04,209.84,19.52,-175.68
24.4,-53.68,-78.08,14.64,48.8,-68.32,14.64,107.36,170.8,229.36,34.16,-165.92
58.56,-19.52,-78.08,-19.52,68.32,-48.8,19.52,97.6,165.92,224.48,34.16,-165.92
39.04,-34.16,-73.2,0,53.68,-53.68,4.88,92.72,214.72,234.24,39.04,-156.16
0,-73.2,-73.2,39.04,34.16,-73.2,24.4,107.36,248.88,258.64,63.44,-131.76
14.64,-68.32,-82.96,29.28,48.8,-78.08,29.28,126.88,248.88,278.16,63.44,-136.64
9.76,-43.92,-53.68,19.52,29.28,-48.8,29.28,126.88,268.4,287.92,63.44,-146.4
4.88,-14.64,-19.52,4.88,9.76,-19.52,39.04,161.04,263.52,292.8,73.2,-146.4
14.64,-53.68,-68.32,19.52,39.04,-63.44,24.4,156.16,268.4,302.56,82.96,-146.4
24.4,-58.56,-82.96,19.52,53.68,-73.2,39.04,170.8,283.04,317.2,97.6,-141.52
24.4,-43.92,-68.32,9.76,43.92,-58.56,53.68,165.92,278.16,317.2,112.24,-126.88
29.28,-14.64,-43.92,-4.88,34.16,-29.28,34.16,151.28,268.4,312.32,107.36,-141.52
68.32,-48.8,-117.12,-9.76,92.72,-82.96,14.64,170.8,307.44,331.84,122,-131.76
43.92,-58.56,-102.48,9.76,73.2,-82.96,29.28,141.52,307.44,346.48,136.64,-122
4.88,-48.8,-53.68,24.4,29.28,-53.68,29.28,185.44,331.84,370.88,161.04,-112.24
24.4,-14.64,-39.04,-4.88,29.28,-29.28,24.4,190.32,336.72,400.16,170.8,-117.12
29.28,-34.16,-63.44,4.88,43.92,-48.8,19.52,175.68,341.6,414.8,170.8,-122
29.28,-48.8,-78.08,9.76,53.68,-63.44,19.52,195.2,361.12,429.44,185.44,-117.12
58.56,-53.68,-112.24,0,82.96,-82.96,14.64,185.44,380.64,434.32,204.96,-131.76
63.44,-48.8,-112.24,-4.88,87.84,-82.96,-4.88,180.56,361.12,429.44,200.08,-151.28
34.16,-39.04,-73.2,4.88,53.68,-58.56,29.28,219.6,385.52,458.72,244,-122
19.52,-43.92,-63.44,14.64,39.04,-53.68,29.28,244,405.04,478.24,253.76,-112.24
39.04,-48.8,-87.84,4.88,63.44,-68.32,43.92,190.32,429.44,497.76,263.52,-112.24
58.56,-29.28,-87.84,-14.64,73.2,-58.56,68.32,200.08,429.44,507.52,278.16,-107.36
58.56,-19.52,-78.08,-19.52,68.32,-48.8,39.04,219.6,429.44,522.16,297.68,-107.36
48.8,-34.16,-82.96,-4.88,63.44,-58.56,68.32,219.6,458.72,566.08,326.96,-102.48
53.68,-34.16,-87.84,-9.76,68.32,-63.44,68.32,214.72,473.36,585.6,331.84,-107.36
43.92,-43.92,-87.84,0,63.44,-68.32,48.8,244,502.64,610,361.12,-107.36
63.44,-34.16,-97.6,-14.64,78.08,-68.32,58.56,307.44,517.28,624.64,380.64,-107.36
34.16,-48.8,-82.96,9.76,58.56,-68.32,73.2,283.04,522.16,634.4,400.16,-112.24
48.8,-48.8,-97.6,0,73.2,-73.2,39.04,273.28,527.04,658.8,424.56,-102.48
78.08,-29.28,-107.36,-24.4,92.72,-68.32,43.92,307.44,546.56,678.32,453.84,-92.72
48.8,-48.8,-97.6,0,73.2,-73.2,48.8,312.32,575.84,697.84,468.48,-92.72
82.96,-14.64,-97.6,-34.16,87.84,-58.56,39.04,263.52,546.56,697.84,473.36,-102.48
63.44,-9.76,-73.2,-24.4,68.32,-43.92,82.96,268.4,580.72,736.88,512.4,-78.08
73.2,-9.76,-82.96,-29.28,78.08,-48.8,73.2,268.4,595.36,761.28,527.04,-82.96
107.36,4.88,-102.48,-53.68,102.48,-48.8,73.2,278.16,610,775.92,536.8,-82.96
82.96,-4.88,-87.84,-39.04,82.96,-48.8,97.6,292.8,629.52,810.08,575.84,-63.44
78.08,-4.88,-82.96,-34.16,78.08,-43.92,78.08,307.44,624.64,805.2,580.72,-87.84
87.84,4.88,-82.96,-43.92,82.96,-39.04,97.6,326.96,663.68,829.6,614.88,-68.32
82.96,14.64,-68.32,-48.8,73.2,-29.28,102.48,302.56,697.84,844.24,634.4,-73.2
112.24,48.8,-63.44,-78.08,87.84,-9.76,78.08,292.8,663.68,844.24,634.4,-92.72
97.6,29.28,-68.32,-63.44,82.96,-19.52,58.56,312.32,639.28,844.24,644.16,-107.36
78.08,-24.4,-102.48,-24.4,87.84,-63.44,63.44,341.6,649.04,863.76,663.68,-92.72
122,9.76,-112.24,-63.44,117.12,-53.68,68.32,326.96,663.68,868.64,683.2,-82.96
122,29.28,-92.72,-73.2,107.36,-34.16,63.44,317.2,663.68,888.16,692.96,-82.96
156.16,58.56,-97.6,-107.36,126.88,-19.52,73.2,312.32,683.2,902.8,712.48,-78.08
107.36,9.76,-97.6,-58.56,102.48,-43.92,92.72,336.72,688.08,912.56,732,-58.56
97.6,-4.88,-102.48,-43.92,97.6,-53.68,82.96,322.08,678.32,902.8,736.88,-73.2
112.24,19.52,-92.72,-63.44,102.48,-39.04,53.68,322.08,663.68,897.92,741.76,-78.08
117.12,19.52,-97.6,-68.32,107.36,-39.04,34.16,312.32,649.04,878.4,736.88,-97.6
136.64,43.92,-92.72,-87.84,112.24,-24.4,14.64,287.92,629.52,858.88,717.36,-117.12
136.64,34.16,-102.48,-82.96,117.12,-34.16,19.52,263.52,658.8,868.64,732,-102.48
117.12,-4.88,-122,-53.68,117.12,-63.44,24.4,307.44,634.4,868.64,741.76,-87.84
122,4.88,-117.12,-63.44,117.12,-58.56,14.64,307.44,619.76,868.64,741.76,-97.6
117.12,9.76,-107.36,-63.44,112.24,-48.8,19.52,292.8,629.52,863.76,732,-92.72
122,9.76,-112.24,-63.44,117.12,-53.68,19.52,302.56,639.28,858.88,741.76,-87.84
151.28,39.04,-112.24,-92.72,131.76,-39.04,4.88,278.16,619.76,839.36,732,-92.72
112.24,24.4,-87.84,-68.32,97.6,-34.16,14.64,312.32,605.12,819.84,722.24,-97.6
102.48,24.4,-78.08,-63.44,87.84,-29.28,19.52,322.08,580.72,800.32,722.24,-102.48
126.88,9.76,-117.12,-68.32,122,-53.68,39.04,283.04,570.96,780.8,722.24,-97.6
131.76,-29.28,-161.04,-48.8,146.4,-97.6,9.76,248.88,536.8,746.64,692.96,-122
126.88,-19.52,-146.4,-53.68,136.64,-82.96,9.76,263.52,527.04,722.24,673.44,-126.88
107.36,-9.76,-117.12,-48.8,112.24,-63.44,24.4,263.52,541.68,717.36,683.2,-107.36
87.84,-39.04,-126.88,-24.4,107.36,-82.96,9.76,234.24,502.64,692.96,658.8,-122
92.72,-39.04,-131.76,-24.4,112.24,-87.84,24.4,278.16,458.72,673.44,644.16,-126.88
117.12,-9.76,-126.88,-53.68,122,-68.32,14.64,273.28,434.32,653.92,634.4,-126.88
102.48,-4.88,-107.36,-48.8,102.48,-58.56,24.4,258.64,429.44,639.28,624.64,-126.88
107.36,-4.88,-112.24,-48.8,107.36,-58.56,29.28,224.48,419.68,610,614.88,-131.76
131.76,-4.88,-136.64,-63.44,131.76,-73.2,0,185.44,370.88,570.96,590.48,-136.64
131.76,9.76,-122,-68.32,126.88,-58.56,-39.04,180.56,351.36,531.92,566.08,-136.64
122,0,-122,-58.56,122,-63.44,-34.16,190.32,336.72,512.4,561.2,-122
117.12,-4.88,-122,-53.68,117.12,-63.44,-39.04,161.04,307.44,478.24,527.04,-122
122,-24.4,-146.4,-48.8,131.76,-87.84,-39.04,146.4,273.28,444.08,497.76,-117.12
141.52,-24.4,-165.92,-58.56,151.28,-97.6,-73.2,78.08,229.36,405.04,473.36,-122
112.24,-14.64,-126.88,-48.8,117.12,-73.2,-87.84,63.44,224.48,390.4,444.08,-112.24
112.24,9.76,-102.48,-58.56,107.36,-48.8,-92.72,73.2,209.84,366,419.68,-112.24
126.88,-9.76,-136.64,-58.56,131.76,-73.2,-122,48.8,180.56,322.08,385.52,-122
122,-19.52,-141.52,-48.8,131.76,-82.96,-97.6,48.8,165.92,307.44,361.12,-112.24
117.12,4.88,-112.24,-58.56,112.24,-53.68,-112.24,29.28,122,253.76,317.2,-126.88
78.08,4.88,-73.2,-39.04,73.2,-34.16,-112.24,34.16,92.72,214.72,283.04,-122
82.96,-9.76,-92.72,-34.16,87.84,-53.68,-82.96,19.52,78.08,190.32,273.28,-107.36
97.6,-9.76,-107.36,-43.92,102.48,-58.56,-68.32,0,63.44,161.04,244,-107.36
78.08,0,-78.08,-39.04,78.08,-39.04,-87.84,-4.88,43.92,122,200.08,-122
107.36,-4.88,-112.24,-48.8,107.36,-58.56,-68.32,-39.04,43.92,92.72,161.04,-122
58.56,-34.16,-92.72,-9.76,73.2,-63.44,-58.56,-29.28,43.92,82.96,151.28,-117.12
68.32,-29.28,-97.6,-19.52,82.96,-63.44,-78.08,-29.28,19.52,68.32,131.76,-117.12
48.8,-43.92,-92.72,0,68.32,-68.32,-58.56,0,9.76,53.68,126.88,-102.48
63.44,-39.04,-102.48,-9.76,82.96,-73.2,-63.44,-19.52,-29.28,19.52,87.84,-126.88
53.68,-29.28,-82.96,-9.76,68.32,-58.56,-63.44,-14.64,-43.92,-4.88,73.2,-131.76
29.28,-29.28,-58.56,0,43.92,-43.92,-39.04,-14.64,-48.8,-19.52,68.32,-117.12
34.16,-34.16,-68.32,0,48.8,-53.68,-14.64,-48.8,-43.92,-29.28,63.44,-112.24
34.16,-39.04,-73.2,4.88,53.68,-58.56,-4.88,-14.64,-39.04,-39.04,53.68,-92.72
24.4,-48.8,-73.2,14.64,48.8,-63.44,-14.64,-39.04,-78.08,-78.08,14.64,-107.36
43.92,-39.04,-82.96,0,63.44,-63.44,-4.88,-48.8,-73.2,-82.96,9.76,-97.6
58.56,-34.16,-92.72,-9.76,73.2,-63.44,4.88,-29.28,-68.32,-87.84,0,-97.6
24.4,-43.92,-68.32,9.76,43.92,-58.56,9.76,-43.92,-87.84,-97.6,-14.64,-107.36
48.8,-9.76,-58.56,-19.52,53.68,-34.16,19.52,-48.8,-92.72,-107.36,-19.52,-107.36
24.4,-4.88,-29.28,-9.76,24.4,-19.52,24.4,-78.08,-102.48,-117.12,-39.04,-112.24
9.76,-34.16,-43.92,14.64,24.4,-39.04,-4.88,-73.2,-107.36,-151.28,-68.32,-126.88
24.4,-34.16,-58.56,4.88,39.04,-48.8,9.76,-48.8,-117.12,-165.92,-73.2,-126.88
29.28,-43.92,-73.2,9.76,48.8,-58.56,9.76,-43.92,-122,-170.8,-78.08,-126.88
39.04,-29.28,-68.32,-4.88,53.68,-48.8,24.4,-43.92,-117.12,-170.8,-82.96,-112.24
19.52,-19.52,-39.04,0,29.28,-29.28,39.04,-63.44,-117.12,-175.68,-82.96,-97.6
0,-24.4,-24.4,14.64,9.76,-24.4,43.92,-29.28,-107.36,-185.44,-92.72,-102.48
9.76,-29.28,-39.04,9.76,24.4,-34.16,63.44,-14.64,-107.36,-175.68,-92.72,-87.84
29.28,4.88,-24.4,-14.64,24.4,-9.76,58.56,-73.2,-136.64,-195.2,-122,-97.6
43.92,-14.64,-58.56,-14.64,48.8,-39.04,43.92,-53.68,-136.64,-209.84,-136.64,-112.24
29.28,-29.28,-58.56,0,43.92,-43.92,58.56,-48.8,-126.88,-204.96,-141.52,-107.36
43.92,-14.64,-58.56,-14.64,48.8,-39.04,48.8,-92.72,-151.28,-219.6,-161.04,-122
24.4,-14.64,-39.04,-4.88,29.28,-29.28,73.2,-58.56,-126.88,-204.96,-146.4,-97.6
29.28,-34.16,-63.44,4.88,43.92,-48.8,73.2,-24.4,-122,-209.84,-131.76,-87.84
-14.64,-53.68,-39.04,34.16,9.76,-48.8,73.2,-43.92,-112.24,-219.6,-146.4,-92.72
-14.64,-43.92,-29.28,29.28,4.88,-39.04,92.72,-43.92,-131.76,-209.84,-146.4,-78.08
9.76,-43.92,-53.68,19.52,29.28,-48.8,92.72,-34.16,-131.76,-204.96,-141.52,-78.08
9.76,-39.04,-48.8,14.64,29.28,-43.92,92.72,-19.52,-107.36,-200.08,-151.28,-78.08
0,-34.16,-34.16,19.52,14.64,-34.16,102.48,-24.4,-107.36,-200.08,-151.28,-73.2
0,-53.68,-53.68,29.28,24.4,-53.68,92.72,-34.16,-117.12,-214.72,-161.04,-87.84
4.88,-53.68,-58.56,24.4,29.28,-58.56,112.24,-19.52,-112.24,-200.08,-151.28,-82.96
-9.76,-68.32,-58.56,39.04,24.4,-63.44,122,-39.04,-112.24,-204.96,-156.16,-87.84
-14.64,-73.2,-58.56,43.92,19.52,-68.32,82.96,-34.16,-112.24,-209.84,-161.04,-102.48
58.56,-43.92,-102.48,-4.88,78.08,-73.2,73.2,-43.92,-107.36,-229.36,-170.8,-117.12
43.92,-48.8,-92.72,4.88,68.32,-73.2,78.08,-29.28,-107.36,-209.84,-165.92,-107.36
4.88,-43.92,-48.8,19.52,24.4,-48.8,68.32,-29.28,-102.48,-200.08,-170.8,-102.48
9.76,-53.68,-63.44,24.4,34.16,-58.56,78.08,19.52,-92.72,-180.56,-156.16,-97.6
9.76,-48.8,-58.56,19.52,34.16,-53.68,73.2,29.28,-78.08,-165.92,-165.92,-97.6
14.64,-29.28,-43.92,9.76,29.28,-39.04,68.32,-9.76,-73.2,-165.92,-175.68,-102.48
29.28,-29.28,-58.56,0,43.92,-43.92,87.84,0,-68.32,-165.92,-175.68,-107.36
-4.88,-53.68,-48.8,29.28,19.52,-53.68,82.96,39.04,-48.8,-146.4,-170.8,-102.48
0,-48.8,-48.8,24.4,24.4,-48.8,82.96,-9.76,-43.92,-141.52,-175.68,-107.36
9.76,-58.56,-68.32,24.4,39.04,-63.44,102.48,-29.28,-53.68,-156.16,-190.32,-131.76
0,-58.56,-58.56,29.28,29.28,-58.56,92.72,0,-34.16,-141.52,-180.56,-126.88
4.88,-58.56,-63.44,29.28,34.16,-63.44,82.96,19.52,-14.64,-126.88,-175.68,-122
14.64,-53.68,-68.32,19.52,39.04,-63.44,73.2,-4.88,-34.16,-126.88,-185.44,-136.64
14.64,-43.92,-58.56,14.64,34.16,-53.68,53.68,-4.88,-29.28,-126.88,-190.32,-146.4
-9.76,-63.44,-53.68,39.04,19.52,-58.56,53.68,-4.88,-4.88,-117.12,-180.56,-146.4
-4.88,-73.2,-68.32,39.04,29.28,-73.2,63.44,4.88,-9.76,-102.48,-165.92,-141.52
4.88,-39.04,-43.92,19.52,24.4,-43.92,82.96,39.04,-9.76,-82.96,-156.16,-131.76
4.88,-48.8,-53.68,24.4,29.28,-53.68,82.96,29.28,-14.64,-87.84,-156.16,-146.4
-9.76,-34.16,-24.4,24.4,4.88,-29.28,53.68,14.64,-4.88,-97.6,-156.16,-161.04
4.88,-34.16,-39.04,14.64,19.52,-39.04,73.2,19.52,9.76,-87.84,-136.64,-151.28
4.88,-63.44,-68.32,29.28,34.16,-68.32,78.08,34.16,0,-82.96,-126.88,-151.28
4.88,-73.2,-78.08,34.16,39.04,-78.08,73.2,24.4,4.88,-78.08,-122,-146.4
-9.76,-78.08,-68.32,43.92,29.28,-73.2,58.56,14.64,19.52,-68.32,-112.24,-151.28
19.52,-78.08,-97.6,29.28,58.56,-87.84,48.8,53.68,24.4,-58.56,-107.36,-161.04
29.28,-58.56,-87.84,14.64,58.56,-73.2,53.68,73.2,48.8,-43.92,-97.6,-151.28
24.4,-63.44,-87.84,19.52,53.68,-78.08,58.56,43.92,48.8,-34.16,-97.6,-151.28
39.04,-48.8,-87.84,4.88,63.44,-68.32,73.2,58.56,34.16,-24.4,-82.96,-151.28
58.56,-34.16,-92.72,-9.76,73.2,-63.44,82.96,39.04,34.16,-34.16,-87.84,-161.04
24.4,-29.28,-53.68,4.88,39.04,-43.92,87.84,58.56,53.68,-19.52,-68.32,-151.28
43.92,-53.68,-97.6,4.88,68.32,-78.08,112.24,68.32,48.8,-14.64,-58.56,-146.4
19.52,-63.44,-82.96,24.4,48.8,-73.2,146.4,73.2,34.16,-19.52,-58.56,-151.28
-4.88,-92.72,-87.84,48.8,39.04,-92.72,122,58.56,39.04,-29.28,-73.2,-170.8
9.76,-87.84,-97.6,39.04,53.68,-92.72,126.88,68.32,14.64,-19.52,-68.32,-165.92
0,-97.6,-97.6,48.8,48.8,-97.6,117.12,53.68,-4.88,-34.16,-82.96,-185.44
9.76,-68.32,-78.08,29.28,43.92,-73.2,131.76,53.68,4.88,-14.64,-73.2,-180.56
4.88,-58.56,-63.44,29.28,34.16,-63.44,151.28,39.04,9.76,-4.88,-73.2,-170.8
-19.52,-63.44,-43.92,43.92,9.76,-53.68,161.04,29.28,39.04,-9.76,-73.2,-180.56
-9.76,-78.08,-68.32,43.92,29.28,-73.2,156.16,48.8,29.28,-4.88,-63.44,-175.68
-39.04,-102.48,-63.44,73.2,9.76,-82.96,180.56,14.64,14.64,-4.88,-53.68,-175.68
-24.4,-107.36,-82.96,68.32,29.28,-97.6,200.08,-9.76,19.52,0,-53.68,-170.8
-4.88,-97.6,-92.72,53.68,43.92,-97.6,224.48,19.52,19.52,4.88,-39.04,-156.16
-19.52,-102.48,-82.96,63.44,29.28,-92.72,229.36,14.64,19.52,9.76,-34.16,-151.28
-4.88,-63.44,-58.56,34.16,24.4,-63.44,175.68,4.88,24.4,4.88,-34.16,-156.16
4.88,-78.08,-82.96,39.04,43.92,-82.96,107.36,14.64,9.76,9.76,-34.16,-161.04
19.52,-78.08,-97.6,29.28,58.56,-87.84,63.44,29.28,9.76,4.88,-39.04,-170.8
-4.88,-68.32,-63.44,39.04,29.28,-68.32,73.2,68.32,48.8,34.16,-24.4,-151.28
-24.4,-53.68,-29.28,39.04,0,-43.92,29.28,73.2,53.68,39.04,-9.76,-151.28
9.76,-48.8,-58.56,19.52,34.16,-53.68,0,39.04,48.8,34.16,-9.76,-151.28
0,-43.92,-43.92,24.4,19.52,-43.92,-4.88,48.8,63.44,39.04,0,-131.76
-4.88,-39.04,-34.16,24.4,14.64,-39.04,-9.76,14.64,58.56,43.92,9.76,-122
-4.88,-48.8,-43.92,29.28,19.52,-48.8,9.76,43.92,82.96,48.8,29.28,-102.48
19.52,-48.8,-68.32,14.64,43.92,-58.56,4.88,43.92,78.08,48.8,24.4,-97.6
4.88,-63.44,-68.32,29.28,34.16,-68.32,-9.76,34.16,58.56,39.04,19.52,-102.48
14.64,-39.04,-53.68,14.64,34.16,-48.8,4.88,82.96,87.84,48.8,14.64,-97.6
0,0,0,0,0,0,29.28,78.08,87.84,48.8,14.64,-87.84
19.52,-24.4,-43.92,4.88,29.28,-34.16,24.4,73.2,82.96,48.8,9.76,-87.84
4.88,-34.16,-39.04,14.64,19.52,-39.04,24.4,68.32,102.48,53.68,24.4,-78.08
19.52,-29.28,-48.8,4.88,34.16,-39.04,14.64,92.72,87.84,43.92,9.76,-92.72
4.88,-24.4,-29.28,9.76,14.64,-29.28,9.76,73.2,102.48,34.16,4.88,-92.72
9.76,-29.28,-39.04,9.76,24.4,-34.16,14.64,58.56,73.2,39.04,4.88,-87.84
4.88,-34.16,-39.04,14.64,19.52,-39.04,19.52,48.8,68.32,39.04,14.64,-78.08
9.76,-34.16,-43.92,14.64,24.4,-39.04,24.4,82.96,78.08,39.04,9.76,-68.32
4.88,-29.28,-34.16,14.64,19.52,-34.16,14.64,58.56,58.56,34.16,0,-68.32
-4.88,-9.76,-4.88,9.76,0,-9.76,24.4,53.68,73.2,43.92,9.76,-53.68
29.28,9.76,-19.52,-19.52,24.4,-4.88,14.64,39.04,87.84,34.16,-4.88,-53.68
53.68,-9.76,-63.44,-19.52,58.56,-39.04,19.52,43.92,82.96,34.16,-14.64,-58.56
24.4,-24.4,-48.8,0,34.16,-39.04,34.16,53.68,82.96,43.92,-4.88,-48.8
39.04,-24.4,-63.44,-4.88,48.8,-43.92,14.64,34.16,87.84,19.52,-39.04,-68.32
43.92,19.52,-24.4,-29.28,34.16,-4.88,-9.76,39.04,58.56,-4.88,-58.56,-87.84
14.64,-4.88,-19.52,-4.88,14.64,-14.64,14.64,34.16,48.8,14.64,-34.16,-58.56
-9.76,-19.52,-9.76,14.64,0,-14.64,29.28,78.08,68.32,19.52,-24.4,-43.92
-19.52,-53.68,-34.16,39.04,4.88,-43.92,19.52,92.72,58.56,0,-39.04,-58.56
-4.88,-53.68,-48.8,29.28,19.52,-53.68,19.52,82.96,48.8,0,-34.16,-48.8
4.88,-43.92,-48.8,19.52,24.4,-48.8,34.16,43.92,43.92,-4.88,-48.8,-48.8
0,-43.92,-43.92,24.4,19.52,-43.92,68.32,58.56,48.8,9.76,-43.92,-34.16
-19.52,-48.8,-29.28,34.16,4.88,-39.04,68.32,82.96,48.8,0,-43.92,-34.16
19.52,-24.4,-43.92,4.88,29.28,-34.16,63.44,48.8,53.68,9.76,-34.16,-29.28
63.44,0,-63.44,-29.28,63.44,-34.16,53.68,43.92,43.92,-4.88,-53.68,-48.8
43.92,9.76,-34.16,-24.4,39.04,-14.64,24.4,34.16,48.8,-29.28,-68.32,-68.32
-29.28,-58.56,-29.28,43.92,0,-43.92,43.92,39.04,43.92,-14.64,-53.68,-48.8
-19.52,-53.68,-34.16,39.04,4.88,-43.92,68.32,43.92,29.28,-19.52,-48.8,-48.8
-19.52,-53.68,-34.16,39.04,4.88,-43.92,68.32,43.92,14.64,-19.52,-58.56,-53.68
0,-48.8,-48.8,24.4,24.4,-48.8,53.68,39.04,39.04,-19.52,-53.68,-48.8
19.52,-48.8,-68.32,14.64,43.92,-58.56,68.32,24.4,39.04,-24.4,-63.44,-53.68
0,-58.56,-58.56,29.28,29.28,-58.56,63.44,48.8,34.16,-19.52,-63.44,-53.68
-14.64,-48.8,-34.16,34.16,9.76,-43.92,87.84,58.56,29.28,-9.76,-53.68,-34.16
0,9.76,9.76,-4.88,-4.88,9.76,82.96,63.44,39.04,-14.64,-58.56,-43.92
19.52,14.64,-4.88,-14.64,9.76,4.88,73.2,63.44,39.04,-24.4,-68.32,-53.68
39.04,-14.64,-53.68,-9.76,43.92,-34.16,97.6,82.96,39.04,-14.64,-53.68,-34.16
34.16,-4.88,-39.04,-14.64,34.16,-24.4,92.72,68.32,34.16,-29.28,-68.32,-48.8
34.16,-39.04,-73.2,4.88,53.68,-58.56,82.96,14.64,19.52,-43.92,-73.2,-63.44
9.76,-48.8,-58.56,19.52,34.16,-53.68,68.32,9.76,0,-53.68,-87.84,-68.32
43.92,-39.04,-82.96,0,63.44,-63.44,48.8,39.04,-9.76,-53.68,-82.96,-73.2
29.28,-24.4,-53.68,0,39.04,-39.04,63.44,58.56,-4.88,-39.04,-68.32,-58.56
4.88,-29.28,-34.16,14.64,19.52,-34.16,48.8,53.68,-14.64,-53.68,-82.96,-68.32
0,-48.8,-48.8,24.4,24.4,-48.8,73.2,102.48,-4.88,-43.92,-78.08,-53.68
0,-29.28,-29.28,14.64,14.64,-29.28,82.96,63.44,0,-48.8,-78.08,-48.8
-4.88,-4.88,0,4.88,-4.88,-4.88,73.2,53.68,4.88,-43.92,-78.08,-58.56
19.52,-4.88,-24.4,-4.88,19.52,-14.64,73.2,58.56,-4.88,-58.56,-82.96,-58.56
0,-39.04,-39.04,19.52,19.52,-39.04,78.08,73.2,-9.76,-58.56,-82.96,-53.68
4.88,-39.04,-43.92,19.52,24.4,-43.92,73.2,34.16,-4.88,-68.32,-87.84,-63.44
24.4,-58.56,-82.96,19.52,53.68,-73.2,63.44,24.4,4.88,-68.32,-92.72,-68.32
-14.64,-58.56,-43.92,39.04,14.64,-53.68,78.08,43.92,-4.88,-68.32,-92.72,-68.32
4.88,-34.16,-39.04,14.64,19.52,-39.04,73.2,24.4,-9.76,-73.2,-102.48,-78.08
9.76,-53.68,-63.44,24.4,34.16,-58.56,68.32,29.28,24.4,-73.2,-102.48,-78.08
-9.76,-48.8,-39.04,29.28,14.64,-43.92,53.68,53.68,-9.76,-82.96,-112.24,-87.84
-4.88,-43.92,-39.04,24.4,14.64,-43.92,58.56,39.04,-29.28,-82.96,-117.12,-92.72
14.64,-73.2,-87.84,29.28,48.8,-82.96,68.32,19.52,-14.64,-78.08,-117.12,-92.72
-4.88,-48.8,-43.92,29.28,19.52,-48.8,53.68,-4.88,-34.16,-92.72,-131.76,-107.36
14.64,-43.92,-58.56,14.64,34.16,-53.68,73.2,19.52,-29.28,-87.84,-122,-92.72
24.4,-58.56,-82.96,19.52,53.68,-73.2,78.08,34.16,-34.16,-92.72,-117.12,-92.72
4.88,-63.44,-68.32,29.28,34.16,-68.32,82.96,43.92,-43.92,-97.6,-126.88,-92.72
-9.76,-63.44,-53.68,39.04,19.52,-58.56,78.08,19.52,-53.68,-107.36,-131.76,-97.6
-24.4,-39.04,-14.64,34.16,-4.88,-29.28,58.56,-14.64,-39.04,-117.12,-151.28,-117.12
-14.64,-63.44,-48.8,39.04,14.64,-58.56,73.2,4.88,-9.76,-102.48,-131.76,-97.6
-4.88,-87.84,-82.96,48.8,39.04,-87.84,73.2,0,-48.8,-107.36,-146.4,-112.24
-9.76,-97.6,-87.84,53.68,39.04,-92.72,63.44,0,-43.92,-117.12,-151.28,-122
-24.4,-78.08,-53.68,53.68,14.64,-68.32,73.2,9.76,-39.04,-97.6,-136.64,-107.36
0,-73.2,-73.2,39.04,34.16,-73.2,73.2,-4.88,-34.16,-112.24,-136.64,-117.12
0,-63.44,-63.44,34.16,29.28,-63.44,82.96,19.52,-68.32,-117.12,-141.52,-112.24
-4.88,-63.44,-58.56,34.16,24.4,-63.44,92.72,-9.76,-53.68,-122,-141.52,-102.48
-9.76,-102.48,-92.72,58.56,39.04,-97.6,82.96,-29.28,-82.96,-151.28,-170.8,-126.88
4.88,-73.2,-78.08,34.16,39.04,-78.08,102.48,0,-82.96,-141.52,-161.04,-117.12
-34.16,-87.84,-53.68,63.44,9.76,-73.2,112.24,4.88,-63.44,-131.76,-151.28,-102.48
0,-82.96,-82.96,43.92,39.04,-82.96,107.36,-14.64,-58.56,-136.64,-156.16,-112.24
-9.76,-78.08,-68.32,43.92,29.28,-73.2,112.24,-9.76,-73.2,-151.28,-170.8,-117.12
-68.32,-131.76,-63.44,102.48,-4.88,-97.6,126.88,-9.76,-87.84,-136.64,-161.04,-117.12
-53.68,-107.36,-53.68,82.96,0,-82.96,131.76,9.76,-73.2,-136.64,-170.8,-122
-24.4,-112.24,-87.84,68.32,29.28,-102.48,151.28,14.64,-82.96,-156.16,-180.56,-131.76
-4.88,-107.36,-102.48,58.56,48.8,-107.36,180.56,-24.4,-122,-165.92,-195.2,-131.76
-19.52,-112.24,-92.72,68.32,34.16,-102.48,209.84,-29.28,-126.88,-175.68,-190.32,-122
-34.16,-136.64,-102.48,87.84,34.16,-122,214.72,-58.56,-126.88,-165.92,-190.32,-122
-48.8,-131.76,-82.96,92.72,14.64,-107.36,224.48,-29.28,-102.48,-170.8,-180.56,-112.24
-53.68,-122,-68.32,87.84,4.88,-97.6,239.12,-34.16,-126.88,-161.04,-175.68,-102.48
-39.04,-122,-82.96,82.96,19.52,-102.48,219.6,-63.44,-136.64,-170.8,-185.44,-122
-24.4,-92.72,-68.32,58.56,19.52,-82.96,195.2,-78.08,-146.4,-180.56,-200.08,-131.76
-43.92,-97.6,-53.68,73.2,4.88,-78.08,165.92,-68.32,-131.76,-175.68,-200.08,-126.88
-48.8,-107.36,-58.56,78.08,4.88,-82.96,122,-97.6,-112.24,-165.92,-200.08,-126.88
-14.64,-102.48,-87.84,58.56,34.16,-97.6,92.72,-87.84,-92.72,-156.16,-185.44,-112.24
4.88,-63.44,-68.32,29.28,34.16,-68.32,53.68,-68.32,-102.48,-141.52,-180.56,-102.48
14.64,-43.92,-58.56,14.64,34.16,-53.68,24.4,-53.68,-87.84,-131.76,-180.56,-102.48
9.76,-39.04,-48.8,14.64,29.28,-43.92,19.52,-48.8,-82.96,-136.64,-180.56,-97.6
-53.68,-78.08,-24.4,68.32,-14.64,-53.68,14.64,-53.68,-78.08,-131.76,-175.68,-87.84
-68.32,-63.44,4.88,68.32,-39.04,-29.28,29.28,-58.56,-73.2,-117.12,-161.04,-68.32
-63.44,-29.28,34.16,48.8,-48.8,0,39.04,-68.32,-73.2,-117.12,-161.04,-63.44
-78.08,-58.56,19.52,68.32,-48.8,-19.52,48.8,-73.2,-58.56,-112.24,-161.04,-58.56
-73.2,-63.44,9.76,68.32,-43.92,-29.28,43.92,-63.44,-63.44,-117.12,-161.04,-53.68
-43.92,-34.16,9.76,39.04,-29.28,-14.64,29.28,-53.68,-78.08,-122,-170.8,-78.08
-53.68,-34.16,19.52,43.92,-39.04,-9.76,34.16,0,-48.8,-112.24,-165.92,-63.44
-53.68,-53.68,0,53.68,-29.28,-29.28,39.04,0,-53.68,-107.36,-161.04,-63.44
-63.44,-53.68,9.76,58.56,-39.04,-24.4,43.92,-24.4,-73.2,-117.12,-180.56,-78.08
-39.04,-53.68,-14.64,48.8,-14.64,-34.16,19.52,-29.28,-78.08,-117.12,-185.44,-82.96
-24.4,-34.16,-9.76,29.28,-9.76,-24.4,39.04,0,-48.8,-97.6,-161.04,-58.56
-4.88,-29.28,-24.4,19.52,9.76,-29.28,34.16,-19.52,-29.28,-97.6,-175.68,-68.32
19.52,-34.16,-53.68,9.76,34.16,-43.92,34.16,-4.88,-43.92,-92.72,-170.8,-58.56
-24.4,-53.68,-29.28,39.04,0,-43.92,53.68,-14.64,-39.04,-82.96,-165.92,-48.8
-34.16,-43.92,-9.76,39.04,-14.64,-29.28,53.68,14.64,-24.4,-87.84,-161.04,-48.8
-19.52,-24.4,-4.88,24.4,-9.76,-14.64,68.32,4.88,-34.16,-78.08,-156.16,-39.04
-34.16,-34.16,0,34.16,-19.52,-19.52,73.2,34.16,-29.28,-68.32,-146.4,-34.16
-43.92,-39.04,4.88,43.92,-24.4,-19.52,73.2,4.88,-29.28,-73.2,-156.16,-43.92
-29.28,-29.28,0,29.28,-14.64,-14.64,53.68,-4.88,-43.92,-87.84,-170.8,-58.56
-19.52,-19.52,0,19.52,-9.76,-9.76,39.04,14.64,-48.8,-87.84,-180.56,-73.2
-34.16,-48.8,-14.64,43.92,-9.76,-34.16,53.68,0,-39.04,-82.96,-170.8,-58.56
-24.4,-53.68,-29.28,39.04,0,-43.92,78.08,-4.88,-34.16,-78.08,-170.8,-63.44
29.28,-19.52,-48.8,-4.88,39.04,-34.16,63.44,-9.76,-9.76,-73.2,-161.04,-58.56
24.4,-19.52,-43.92,0,34.16,-34.16,73.2,-4.88,-24.4,-68.32,-161.04,-53.68
0,-34.16,-34.16,19.52,14.64,-34.16,63.44,24.4,-24.4,-73.2,-161.04,-58.56
14.64,-29.28,-43.92,9.76,29.28,-39.04,53.68,-14.64,-43.92,-82.96,-175.68,-68.32
19.52,-29.28,-48.8,4.88,34.16,-39.04,68.32,-19.52,-4.88,-73.2,-165.92,-63.44
0,-24.4,-24.4,14.64,9.76,-24.4,78.08,-9.76,-19.52,-78.08,-170.8,-63.44
-34.16,-14.64,19.52,24.4,-29.28,0,73.2,14.64,-43.92,-73.2,-165.92,-58.56
-39.04,-29.28,9.76,34.16,-24.4,-9.76,53.68,24.4,-39.04,-73.2,-161.04,-63.44
-4.88,-19.52,-14.64,14.64,4.88,-19.52,53.68,39.04,-19.52,-63.44,-151.28,-58.56
4.88,0,-4.88,0,4.88,-4.88,63.44,48.8,-9.76,-63.44,-146.4,-53.68
-34.16,-48.8,-14.64,43.92,-9.76,-34.16,43.92,19.52,-4.88,-63.44,-146.4,-63.44
-43.92,-48.8,-4.88,48.8,-19.52,-29.28,43.92,0,-4.88,-63.44,-161.04,-78.08
-29.28,-43.92,-14.64,39.04,-9.76,-29.28,63.44,24.4,9.76,-43.92,-146.4,-87.84
-4.88,-63.44,-58.56,34.16,24.4,-63.44,78.08,78.08,39.04,-14.64,-146.4,-122
9.76,-73.2,-82.96,34.16,43.92,-78.08,102.48,97.6,82.96,14.64,-126.88,-165.92
-4.88,-102.48,-97.6,53.68,43.92,-102.48,122,126.88,126.88,112.24,-58.56,-185.44
0,-97.6,-97.6,48.8,48.8,-97.6,122,180.56,180.56,248.88,68.32,-165.92
14.64,-53.68,-68.32,19.52,39.04,-63.44,117.12,151.28,229.36,390.4,239.12,-97.6
14.64,-9.76,-24.4,0,19.52,-19.52,87.84,146.4,248.88,536.8,497.76,39.04
43.92,39.04,-4.88,-39.04,24.4,14.64,43.92,126.88,204.96,600.24,785.68,258.64
58.56,112.24,53.68,-82.96,0,82.96,-14.64,0,92.72,556.32,1039.44,527.04
87.84,204.96,117.12,-146.4,-14.64,161.04,-82.96,-131.76,-14.64,429.44,1244.4,834.48
122,317.2,195.2,-219.6,-39.04,253.76,-146.4,-248.88,-156.16,287.92,1537.2,1273.68
170.8,439.2,268.4,-302.56,-48.8,351.36,-268.4,-463.6,-439.2,0,1805.6,1839.76
204.96,551.44,346.48,-375.76,-73.2,448.96,-356.24,-644.16,-810.08,-468.48,1937.36,2469.28
258.64,619.76,361.12,-439.2,-53.68,488,-468.48,-932.08,-1288.32,-1088.24,1956.88,3054.88
302.56,658.8,356.24,-478.24,-29.28,507.52,-575.84,-1137.04,-1629.92,-1586,1912.96,3489.2
351.36,673.44,322.08,-512.4,14.64,497.76,-639.28,-1205.36,-1815.36,-1981.28,1693.36,3655.12
385.52,639.28,253.76,-512.4,63.44,444.08,-683.2,-1234.64,-1952,-2313.12,1259.04,3523.36
307.44,649.04,341.6,-478.24,-19.52,492.88,-712.48,-1273.68,-2117.92,-2723.04,439.2,3142.72
209.84,717.36,507.52,-463.6,-151.28,610,-712.48,-1342,-2352.16,-3211.04,-663.68,2596.16
117.12,683.2,566.08,-400.16,-224.48,624.64,-688.08,-1356.64,-2542.48,-3611.2,-1688.48,1942.24
82.96,527.04,444.08,-302.56,-180.56,483.12,-610,-1342,-2610.8,-3806.4,-2332.64,1146.8
68.32,341.6,273.28,-204.96,-102.48,307.44,-507.52,-1298.08,-2615.68,-3767.36,-2586.4,517.28
82.96,229.36,146.4,-156.16,-34.16,185.44,-453.84,-1254.16,-2591.28,-3664.88,-2649.84,136.64
92.72,126.88,34.16,-107.36,29.28,78.08,-444.08,-1249.28,-2562,-3498.96,-2576.64,-63.44
43.92,48.8,4.88,-43.92,19.52,24.4,-390.4,-1283.44,-2440,-3152.48,-2352.16,-234.24
-24.4,14.64,39.04,4.88,-34.16,24.4,-287.92,-1141.92,-2196,-2732.8,-2054.48,-341.6
-63.44,-19.52,43.92,43.92,-53.68,9.76,-165.92,-893.04,-1844.64,-2244.8,-1717.76,-366
-78.08,-43.92,34.16,63.44,-58.56,-4.88,-107.36,-649.04,-1434.72,-1805.6,-1420.08,-405.04
-58.56,-48.8,9.76,53.68,-34.16,-19.52,-73.2,-463.6,-1151.68,-1439.6,-1176.08,-409.92
-43.92,-68.32,-24.4,58.56,-9.76,-48.8,-39.04,-370.88,-888.16,-1122.4,-946.72,-356.24
-43.92,-43.92,0,43.92,-24.4,-24.4,-63.44,-331.84,-692.96,-868.64,-771.04,-302.56
-39.04,-39.04,0,39.04,-19.52,-19.52,-43.92,-283.04,-507.52,-644.16,-605.12,-244
-39.04,-63.44,-24.4,53.68,-9.76,-43.92,-19.52,-200.08,-370.88,-463.6,-463.6,-190.32
-29.28,-78.08,-48.8,53.68,9.76,-63.44,0,-136.64,-248.88,-336.72,-380.64,-185.44
-34.16,-68.32,-34.16,53.68,0,-53.68,43.92,-58.56,-126.88,-224.48,-292.8,-156.16
-24.4,-73.2,-48.8,48.8,9.76,-63.44,78.08,0,-92.72,-156.16,-248.88,-141.52
-29.28,-63.44,-34.16,48.8,0,-48.8,107.36,-9.76,-43.92,-112.24,-204.96,-141.52
-9.76,-14.64,-4.88,14.64,-4.88,-9.76,102.48,-29.28,-39.04,-107.36,-204.96,-151.28
-29.28,-73.2,-43.92,53.68,4.88,-58.56,122,-9.76,19.52,-58.56,-156.16,-141.52
-73.2,-126.88,-53.68,102.48,-9.76,-92.72,146.4,24.4,34.16,-34.16,-136.64,-131.76
-43.92,-97.6,-53.68,73.2,4.88,-78.08,117.12,24.4,0,-24.4,-136.64,-156.16
-29.28,-63.44,-34.16,48.8,0,-48.8,117.12,29.28,9.76,-4.88,-136.64,-156.16
-63.44,-87.84,-24.4,78.08,-19.52,-58.56,146.4,43.92,34.16,9.76,-122,-136.64
-53.68,-58.56,-4.88,58.56,-24.4,-34.16,146.4,29.28,29.28,9.76,-146.4,-170.8
-63.44,-43.92,19.52,53.68,-43.92,-14.64,175.68,24.4,29.28,4.88,-170.8,-190.32
-63.44,-102.48,-39.04,82.96,-14.64,-73.2,175.68,53.68,43.92,14.64,-161.04,-175.68
-19.52,-112.24,-92.72,68.32,34.16,-102.48,146.4,39.04,39.04,24.4,-151.28,-170.8
4.88,-87.84,-92.72,43.92,48.8,-92.72,175.68,43.92,48.8,29.28,-146.4,-170.8
-48.8,-92.72,-43.92,73.2,-4.88,-68.32,180.56,63.44,73.2,34.16,-131.76,-165.92
-24.4,-58.56,-34.16,43.92,4.88,-48.8,175.68,102.48,63.44,34.16,-122,-156.16
-43.92,-107.36,-63.44,78.08,9.76,-87.84,224.48,68.32,58.56,53.68,-92.72,-131.76
-92.72,-136.64,-43.92,117.12,-24.4,-92.72,229.36,34.16,53.68,39.04,-102.48,-146.4
-73.2,-122,-48.8,97.6,-14.64,-87.84,234.24,34.16,43.92,43.92,-97.6,-141.52
-78.08,-131.76,-53.68,107.36,-14.64,-92.72,229.36,48.8,39.04,43.92,-92.72,-131.76
-92.72,-112.24,-19.52,102.48,-39.04,-68.32,204.96,29.28,43.92,48.8,-87.84,-122
-87.84,-126.88,-39.04,107.36,-24.4,-82.96,170.8,-4.88,29.28,34.16,-92.72,-107.36
-58.56,-92.72,-34.16,78.08,-14.64,-63.44,117.12,-19.52,19.52,29.28,-92.72,-97.6
-19.52,-68.32,-48.8,43.92,14.64,-58.56,73.2,24.4,29.28,39.04,-87.84,-73.2
-29.28,-58.56,-29.28,43.92,0,-43.92,19.52,9.76,39.04,39.04,-82.96,-53.68
-48.8,-68.32,-19.52,58.56,-14.64,-43.92,-19.52,0,68.32,48.8,-78.08,-48.8
-14.64,-63.44,-48.8,39.04,14.64,-58.56,-39.04,34.16,78.08,73.2,-58.56,-34.16
0,-53.68,-53.68,29.28,24.4,-53.68,-39.04,82.96,68.32,82.96,-58.56,-24.4
-14.64,-43.92,-29.28,29.28,4.88,-39.04,-29.28,87.84,78.08,92.72,-43.92,-9.76
-34.16,-43.92,-9.76,39.04,-14.64,-29.28,-29.28,39.04,73.2,92.72,-48.8,-9.76
-19.52,-34.16,-14.64,29.28,-4.88,-24.4,-39.04,19.52,87.84,82.96,-58.56,-19.52
-43.92,-34.16,9.76,39.04,-29.28,-14.64,-29.28,39.04,58.56,73.2,-68.32,-14.64
-48.8,-14.64,34.16,34.16,-43.92,9.76,-29.28,24.4,48.8,73.2,-68.32,-14.64
-29.28,-48.8,-19.52,39.04,-4.88,-34.16,-48.8,29.28,68.32,82.96,-68.32,-9.76
0,-53.68,-53.68,29.28,24.4,-53.68,-48.8,29.28,78.08,92.72,-68.32,-14.64
-14.64,-58.56,-43.92,39.04,14.64,-53.68,-19.52,68.32,102.48,112.24,-53.68,9.76
0,-39.04,-39.04,19.52,19.52,-39.04,-19.52,43.92,112.24,117.12,-53.68,-4.88
19.52,-24.4,-43.92,4.88,29.28,-34.16,24.4,58.56,117.12,136.64,-43.92,0
-14.64,-53.68,-39.04,34.16,9.76,-48.8,24.4,58.56,122,141.52,-39.04,4.88
-19.52,-34.16,-14.64,29.28,-4.88,-24.4,29.28,43.92,122,141.52,-34.16,0
-34.16,-39.04,-4.88,39.04,-14.64,-24.4,29.28,48.8,136.64,161.04,-19.52,0
-58.56,-68.32,-9.76,63.44,-24.4,-39.04,43.92,58.56,136.64,151.28,-24.4,-4.88
-24.4,-58.56,-34.16,43.92,4.88,-48.8,48.8,78.08,126.88,151.28,-19.52,-4.88
-29.28,-48.8,-19.52,39.04,-4.88,-34.16,68.32,63.44,126.88,156.16,-24.4,-9.76
-43.92,-53.68,-9.76,48.8,-19.52,-34.16,63.44,48.8,131.76,165.92,-19.52,-14.64
-48.8,-78.08,-29.28,63.44,-9.76,-53.68,68.32,43.92,131.76,165.92,-14.64,0
-68.32,-82.96,-14.64,78.08,-29.28,-48.8,82.96,58.56,165.92,185.44,-4.88,0
-29.28,-9.76,19.52,19.52,-24.4,4.88,78.08,92.72,195.2,200.08,0,4.88
-43.92,-48.8,-4.88,48.8,-19.52,-29.28,112.24,97.6,195.2,204.96,19.52,9.76
-29.28,-73.2,-43.92,53.68,4.88,-58.56,82.96,97.6,170.8,190.32,9.76,-4.88
-24.4,-53.68,-29.28,39.04,0,-43.92,82.96,102.48,156.16,195.2,14.64,-19.52
-43.92,-63.44,-19.52,53.68,-14.64,-43.92,97.6,78.08,156.16,195.2,24.4,-19.52
-34.16,-78.08,-43.92,58.56,4.88,-63.44,92.72,48.8,165.92,195.2,29.28,-29.28
-14.64,-68.32,-53.68,43.92,19.52,-63.44,78.08,39.04,165.92,190.32,24.4,-48.8
-39.04,-73.2,-34.16,58.56,-4.88,-53.68,78.08,63.44,170.8,204.96,24.4,-53.68
-14.64,-68.32,-53.68,43.92,19.52,-63.44,82.96,78.08,165.92,219.6,39.04,-48.8
-24.4,-68.32,-43.92,48.8,9.76,-58.56,82.96,82.96,190.32,239.12,48.8,-48.8
-58.56,-78.08,-19.52,68.32,-19.52,-48.8,87.84,68.32,200.08,244,53.68,-48.8
-48.8,-53.68,-4.88,53.68,-24.4,-29.28,82.96,48.8,185.44,234.24,48.8,-68.32
-29.28,-53.68,-24.4,43.92,-4.88,-39.04,68.32,63.44,200.08,234.24,53.68,-87.84
-9.76,-48.8,-39.04,29.28,14.64,-43.92,63.44,92.72,190.32,248.88,63.44,-82.96
-29.28,-34.16,-4.88,34.16,-14.64,-19.52,78.08,87.84,200.08,263.52,82.96,-53.68
-39.04,-34.16,4.88,39.04,-24.4,-14.64,82.96,78.08,195.2,268.4,92.72,-58.56
-34.16,-53.68,-19.52,43.92,-9.76,-39.04,87.84,92.72,200.08,278.16,92.72,-63.44
-43.92,-58.56,-14.64,53.68,-14.64,-39.04,73.2,102.48,229.36,292.8,102.48,-63.44
-43.92,-58.56,-14.64,53.68,-14.64,-39.04,63.44,107.36,263.52,297.68,112.24,-63.44
-43.92,-58.56,-14.64,53.68,-14.64,-39.04,63.44,112.24,248.88,317.2,117.12,-73.2
-43.92,-63.44,-19.52,53.68,-14.64,-43.92,43.92,87.84,258.64,312.32,107.36,-78.08
-43.92,-73.2,-29.28,58.56,-9.76,-53.68,43.92,97.6,278.16,322.08,122,-78.08
-14.64,-82.96,-68.32,48.8,24.4,-78.08,48.8,117.12,273.28,331.84,136.64,-78.08
-19.52,-87.84,-68.32,53.68,24.4,-78.08,53.68,102.48,253.76,341.6,141.52,-92.72
-43.92,-97.6,-53.68,73.2,4.88,-78.08,68.32,131.76,283.04,361.12,170.8,-73.2
-43.92,-92.72,-48.8,68.32,0,-73.2,63.44,146.4,317.2,370.88,190.32,-58.56
-29.28,-82.96,-53.68,58.56,9.76,-68.32,58.56,165.92,331.84,385.52,195.2,-58.56
-43.92,-92.72,-48.8,68.32,0,-73.2,48.8,165.92,326.96,400.16,204.96,-53.68
-48.8,-92.72,-43.92,73.2,-4.88,-68.32,48.8,161.04,322.08,405.04,214.72,-58.56
-43.92,-82.96,-39.04,63.44,-4.88,-63.44,34.16,165.92,336.72,429.44,224.48,-58.56
9.76,-43.92,-53.68,19.52,29.28,-48.8,9.76,156.16,351.36,434.32,219.6,-68.32
19.52,-39.04,-58.56,9.76,39.04,-48.8,4.88,195.2,361.12,458.72,248.88,-58.56
-53.68,-73.2,-19.52,63.44,-19.52,-48.8,24.4,195.2,400.16,478.24,278.16,-43.92
-73.2,-107.36,-34.16,92.72,-19.52,-73.2,4.88,200.08,400.16,488,292.8,-48.8
-43.92,-87.84,-43.92,68.32,0,-68.32,14.64,185.44,405.04,507.52,317.2,-34.16
-4.88,-63.44,-58.56,34.16,24.4,-63.44,24.4,175.68,434.32,527.04,341.6,-24.4
-19.52,-58.56,-39.04,39.04,9.76,-48.8,29.28,180.56,448.96,536.8,351.36,-24.4
-14.64,-68.32,-53.68,43.92,19.52,-63.44,29.28,175.68,444.08,561.2,366,-24.4
19.52,-73.2,-92.72,29.28,53.68,-82.96,48.8,219.6,458.72,585.6,390.4,-9.76
19.52,-53.68,-73.2,19.52,43.92,-63.44,39.04,248.88,473.36,605.12,400.16,-19.52
-19.52,-39.04,-19.52,29.28,0,-29.28,39.04,229.36,492.88,629.52,414.8,-9.76
-14.64,-58.56,-43.92,39.04,14.64,-53.68,63.44,224.48,512.4,653.92,439.2,-4.88
-4.88,-63.44,-58.56,34.16,24.4,-63.44,48.8,224.48,531.92,678.32,463.6,4.88
14.64,-53.68,-68.32,19.52,39.04,-63.44,39.04,214.72,531.92,683.2,468.48,-4.88
-4.88,-73.2,-68.32,39.04,29.28,-73.2,43.92,244,541.68,697.84,488,-4.88
-14.64,-48.8,-34.16,34.16,9.76,-43.92,63.44,239.12,585.6,727.12,517.28,14.64
-24.4,-63.44,-39.04,43.92,4.88,-53.68,68.32,219.6,590.48,741.76,546.56,24.4
-14.64,-68.32,-53.68,43.92,19.52,-63.44,58.56,239.12,585.6,766.16,561.2,19.52
19.52,-34.16,-53.68,9.76,34.16,-43.92,68.32,263.52,585.6,775.92,580.72,29.28
43.92,-39.04,-82.96,0,63.44,-63.44,73.2,278.16,610,800.32,595.36,29.28
24.4,-29.28,-53.68,4.88,39.04,-43.92,73.2,297.68,668.56,829.6,614.88,29.28
-4.88,-48.8,-43.92,29.28,19.52,-48.8,82.96,302.56,673.44,854,649.04,43.92
-4.88,-63.44,-58.56,34.16,24.4,-63.44,78.08,273.28,673.44,854,663.68,34.16
14.64,-58.56,-73.2,24.4,43.92,-68.32,73.2,268.4,663.68,863.76,678.32,24.4
24.4,-39.04,-63.44,9.76,43.92,-53.68,82.96,268.4,649.04,868.64,692.96,19.52
9.76,-34.16,-43.92,14.64,24.4,-39.04,97.6,278.16,653.92,878.4,707.6,19.52
0,-43.92,-43.92,24.4,19.52,-43.92,92.72,268.4,658.8,888.16,732,29.28
-4.88,-48.8,-43.92,29.28,19.52,-48.8,112.24,283.04,634.4,883.28,736.88,29.28
-14.64,-34.16,-19.52,24.4,0,-29.28,117.12,263.52,634.4,897.92,761.28,34.16
14.64,-29.28,-43.92,9.76,29.28,-39.04,126.88,283.04,644.16,907.68,780.8,48.8
34.16,-53.68,-87.84,9.76,58.56,-73.2,112.24,204.96,639.28,902.8,775.92,39.04
29.28,-24.4,-53.68,0,39.04,-39.04,53.68,195.2,610,888.16,775.92,29.28
14.64,-14.64,-29.28,0,19.52,-24.4,39.04,195.2,595.36,893.04,790.56,29.28
34.16,-4.88,-39.04,-14.64,34.16,-24.4,4.88,170.8,585.6,893.04,795.44,19.52
9.76,-4.88,-14.64,0,9.76,-9.76,-39.04,219.6,600.24,893.04,810.08,24.4
4.88,-19.52,-24.4,9.76,14.64,-24.4,-68.32,190.32,605.12,893.04,819.84,29.28
34.16,-4.88,-39.04,-14.64,34.16,-24.4,-117.12,165.92,595.36,893.04,819.84,24.4
53.68,-9.76,-63.44,-19.52,58.56,-39.04,-131.76,170.8,575.84,897.92,824.72,24.4
53.68,-9.76,-63.44,-19.52,58.56,-39.04,-161.04,195.2,585.6,893.04,834.48,34.16
53.68,14.64,-39.04,-34.16,43.92,-14.64,-151.28,151.28,610,902.8,839.36,53.68
43.92,19.52,-24.4,-29.28,34.16,-4.88,-146.4,156.16,580.72,902.8,849.12,58.56
53.68,24.4,-29.28,-39.04,39.04,-4.88,-136.64,165.92,570.96,883.28,844.24,58.56
63.44,24.4,-39.04,-43.92,48.8,-9.76,-131.76,180.56,556.32,878.4,844.24,68.32
82.96,14.64,-68.32,-48.8,73.2,-29.28,-146.4,156.16,551.44,854,834.48,63.44
87.84,48.8,-39.04,-68.32,63.44,4.88,-165.92,136.64,531.92,824.72,814.96,53.68
68.32,19.52,-48.8,-43.92,58.56,-14.64,-175.68,102.48,502.64,795.44,795.44,43.92
43.92,-9.76,-53.68,-14.64,48.8,-34.16,-180.56,102.48,492.88,775.92,785.68,48.8
53.68,9.76,-43.92,-29.28,48.8,-19.52,-185.44,126.88,463.6,761.28,771.04,48.8
73.2,0,-73.2,-34.16,73.2,-39.04,-175.68,161.04,429.44,741.76,756.4,53.68
73.2,0,-73.2,-34.16,73.2,-39.04,-170.8,146.4,419.68,722.24,736.88,53.68
78.08,-9.76,-87.84,-34.16,82.96,-48.8,-170.8,136.64,405.04,697.84,717.36,58.56
73.2,-4.88,-78.08,-34.16,73.2,-43.92,-161.04,102.48,366,663.68,688.08,48.8
53.68,-4.88,-58.56,-24.4,53.68,-34.16,-175.68,92.72,351.36,629.52,653.92,43.92
82.96,19.52,-63.44,-48.8,73.2,-24.4,-156.16,82.96,331.84,610,644.16,68.32
136.64,43.92,-92.72,-87.84,112.24,-24.4,-170.8,73.2,292.8,561.2,595.36,43.92
102.48,19.52,-82.96,-58.56,92.72,-34.16,-170.8,73.2,258.64,507.52,551.44,39.04
53.68,4.88,-48.8,-29.28,48.8,-24.4,-180.56,58.56,234.24,463.6,502.64,24.4
39.04,-29.28,-68.32,-4.88,53.68,-48.8,-175.68,34.16,224.48,453.84,478.24,39.04
43.92,-4.88,-48.8,-19.52,43.92,-29.28,-141.52,34.16,239.12,424.56,453.84,43.92
53.68,9.76,-43.92,-29.28,48.8,-19.52,-156.16,24.4,180.56,385.52,405.04,24.4
58.56,-4.88,-63.44,-24.4,58.56,-34.16,-156.16,9.76,146.4,336.72,361.12,14.64
68.32,-9.76,-78.08,-29.28,73.2,-43.92,-141.52,-24.4,117.12,292.8,322.08,4.88
43.92,-24.4,-68.32,-9.76,53.68,-48.8,-156.16,-9.76,92.72,253.76,283.04,0
48.8,-9.76,-58.56,-19.52,53.68,-34.16,-122,-19.52,82.96,229.36,268.4,0
53.68,-34.16,-87.84,-9.76,68.32,-63.44,-87.84,-29.28,82.96,209.84,258.64,24.4
58.56,-14.64,-73.2,-19.52,63.44,-43.92,-92.72,-34.16,58.56,170.8,234.24,14.64
29.28,-14.64,-43.92,-4.88,34.16,-29.28,-68.32,-4.88,24.4,141.52,200.08,4.88
39.04,-34.16,-73.2,0,53.68,-53.68,-102.48,-63.44,0,107.36,161.04,0
19.52,-34.16,-53.68,9.76,34.16,-43.92,-97.6,-68.32,-4.88,87.84,146.4,4.88
9.76,-24.4,-34.16,9.76,19.52,-29.28,-73.2,-53.68,-14.64,68.32,126.88,9.76
9.76,-63.44,-73.2,29.28,39.04,-68.32,-82.96,-68.32,-29.28,43.92,102.48,9.76
0,-58.56,-58.56,29.28,29.28,-58.56,-82.96,-82.96,-39.04,29.28,82.96,4.88
4.88,-24.4,-29.28,9.76,14.64,-29.28,-78.08,-97.6,-58.56,-4.88,53.68,-4.88
0,-43.92,-43.92,24.4,19.52,-43.92,-48.8,-73.2,-58.56,-19.52,48.8,4.88
-4.88,-82.96,-78.08,43.92,34.16,-82.96,0,-58.56,-43.92,-39.04,39.04,19.52
-4.88,-82.96,-78.08,43.92,34.16,-82.96,-9.76,-48.8,-68.32,-53.68,29.28,29.28
29.28,-58.56,-87.84,14.64,58.56,-73.2,4.88,-63.44,-82.96,-68.32,4.88,29.28
9.76,-53.68,-63.44,24.4,34.16,-58.56,24.4,-53.68,-82.96,-82.96,-14.64,34.16
14.64,-58.56,-73.2,24.4,43.92,-68.32,34.16,-53.68,-97.6,-102.48,-39.04,24.4
29.28,-39.04,-68.32,4.88,48.8,-53.68,19.52,-53.68,-102.48,-126.88,-63.44,4.88
0,-53.68,-53.68,29.28,24.4,-53.68,29.28,-63.44,-92.72,-122,-58.56,19.52
-19.52,-92.72,-73.2,58.56,24.4,-82.96,34.16,-82.96,-92.72,-131.76,-73.2,9.76
-34.16,-97.6,-63.44,68.32,14.64,-82.96,24.4,-73.2,-97.6,-141.52,-82.96,9.76
9.76,-73.2,-82.96,34.16,43.92,-78.08,4.88,-97.6,-151.28,-185.44,-131.76,-24.4
-9.76,-82.96,-73.2,48.8,29.28,-78.08,29.28,-58.56,-136.64,-165.92,-117.12,-4.88
-24.4,-82.96,-58.56,53.68,14.64,-73.2,43.92,-107.36,-126.88,-170.8,-112.24,9.76
-9.76,-68.32,-58.56,39.04,24.4,-63.44,34.16,-97.6,-131.76,-180.56,-131.76,4.88
4.88,-58.56,-63.44,29.28,34.16,-63.44,34.16,-78.08,-131.76,-185.44,-146.4,4.88
0,-92.72,-92.72,48.8,43.92,-92.72,53.68,-87.84,-151.28,-195.2,-165.92,9.76
-9.76,-102.48,-92.72,58.56,39.04,-97.6,82.96,-87.84,-117.12,-180.56,-156.16,19.52
-4.88,-92.72,-87.84,48.8,39.04,-92.72,63.44,-82.96,-122,-180.56,-161.04,24.4
-24.4,-87.84,-63.44,58.56,19.52,-78.08,58.56,-87.84,-126.88,-180.56,-170.8,14.64
-19.52,-87.84,-68.32,53.68,24.4,-78.08,39.04,-97.6,-151.28,-200.08,-195.2,-4.88
-19.52,-107.36,-87.84,63.44,34.16,-97.6,39.04,-87.84,-136.64,-190.32,-190.32,4.88
-4.88,-112.24,-107.36,58.56,48.8,-112.24,29.28,-78.08,-122,-214.72,-209.84,4.88
-34.16,-112.24,-78.08,73.2,19.52,-97.6,39.04,-39.04,-107.36,-204.96,-204.96,9.76
-14.64,-117.12,-102.48,68.32,43.92,-112.24,34.16,-68.32,-146.4,-209.84,-209.84,19.52
-14.64,-97.6,-82.96,58.56,34.16,-92.72,39.04,-68.32,-156.16,-204.96,-214.72,24.4
-4.88,-73.2,-68.32,39.04,29.28,-73.2,63.44,-58.56,-151.28,-204.96,-219.6,34.16
-19.52,-82.96,-63.44,53.68,19.52,-73.2,78.08,-78.08,-131.76,-190.32,-219.6,39.04
-29.28,-97.6,-68.32,63.44,19.52,-82.96,87.84,-82.96,-136.64,-195.2,-219.6,39.04
-34.16,-107.36,-73.2,73.2,19.52,-92.72,73.2,-92.72,-112.24,-190.32,-229.36,24.4
-19.52,-87.84,-68.32,53.68,24.4,-78.08,73.2,-107.36,-131.76,-204.96,-234.24,9.76
-9.76,-48.8,-39.04,29.28,14.64,-43.92,63.44,-102.48,-156.16,-214.72,-244,0
-58.56,-82.96,-24.4,73.2,-19.52,-53.68,63.44,-122,-170.8,-229.36,-258.64,-9.76
-53.68,-97.6,-43.92,78.08,-4.88,-73.2,92.72,-117.12,-165.92,-214.72,-248.88,-4.88
-29.28,-63.44,-34.16,48.8,0,-48.8,107.36,-117.12,-185.44,-224.48,-253.76,0
-58.56,-102.48,-43.92,82.96,-9.76,-73.2,117.12,-161.04,-190.32,-229.36,-268.4,-19.52
-53.68,-112.24,-58.56,82.96,0,-87.84,117.12,-136.64,-170.8,-209.84,-258.64,4.88
-53.68,-92.72,-39.04,73.2,-9.76,-68.32,122,-131.76,-170.8,-204.96,-263.52,0
-68.32,-102.48,-34.16,87.84,-19.52,-68.32,107.36,-131.76,-175.68,-214.72,-283.04,-19.52
-63.44,-97.6,-34.16,82.96,-14.64,-68.32,122,-141.52,-151.28,-195.2,-273.28,-14.64
-82.96,-117.12,-34.16,102.48,-24.4,-78.08,112.24,-156.16,-141.52,-195.2,-273.28,-14.64
-24.4,-82.96,-58.56,53.68,14.64,-73.2,92.72,-122,-146.4,-185.44,-278.16,-34.16
-43.92,-87.84,-43.92,68.32,0,-68.32,73.2,-117.12,-141.52,-175.68,-268.4,-24.4
-48.8,-87.84,-39.04,68.32,-4.88,-63.44,29.28,-136.64,-131.76,-180.56,-278.16,-39.04
-24.4,-53.68,-29.28,39.04,0,-43.92,-4.88,-117.12,-107.36,-175.68,-278.16,-48.8
-43.92,-63.44,-19.52,53.68,-14.64,-43.92,-14.64,-92.72,-107.36,-161.04,-268.4,-43.92
-43.92,-53.68,-9.76,48.8,-19.52,-34.16,-29.28,-97.6,-92.72,-156.16,-253.76,-34.16
-29.28,-53.68,-24.4,43.92,-4.88,-39.04,-4.88,-87.84,-68.32,-141.52,-244,-19.52
-34.16,-73.2,-39.04,53.68,0,-58.56,-43.92,-97.6,-82.96,-146.4,-244,-24.4
-39.04,-58.56,-19.52,48.8,-9.76,-39.04,-53.68,-78.08,-73.2,-136.64,-234.24,-34.16
-4.88,-24.4,-19.52,14.64,4.88,-24.4,-68.32,-82.96,-87.84,-146.4,-239.12,-34.16
-4.88,-24.4,-19.52,14.64,4.88,-24.4,-82.96,-102.48,-92.72,-141.52,-234.24,-39.04
-24.4,-53.68,-29.28,39.04,0,-43.92,-82.96,-92.72,-73.2,-131.76,-214.72,-29.28
-39.04,-68.32,-29.28,53.68,-4.88,-48.8,-97.6,-78.08,-48.8,-122,-204.96,-34.16
-19.52,-63.44,-43.92,43.92,9.76,-53.68,-126.88,-73.2,-53.68,-126.88,-214.72,-53.68
9.76,-48.8,-58.56,19.52,34.16,-53.68,-131.76,-82.96,-73.2,-126.88,-214.72,-68.32
19.52,-39.04,-58.56,9.76,39.04,-48.8,-136.64,-53.68,-82.96,-141.52,-224.48,-82.96
-9.76,-39.04,-29.28,24.4,9.76,-34.16,-122,-39.04,-63.44,-122,-219.6,-82.96
-14.64,-43.92,-29.28,29.28,4.88,-39.04,-107.36,-58.56,-58.56,-112.24,-209.84,-82.96
-34.16,-58.56,-24.4,48.8,-4.88,-43.92,-82.96,-68.32,-58.56,-102.48,-204.96,-78.08
-4.88,-58.56,-53.68,34.16,24.4,-58.56,-87.84,-48.8,-43.92,-97.6,-195.2,-73.2
0,-48.8,-48.8,24.4,24.4,-48.8,-63.44,-63.44,-34.16,-87.84,-190.32,-63.44
-9.76,-48.8,-39.04,29.28,14.64,-43.92,-34.16,-48.8,-14.64,-78.08,-170.8,-58.56
-4.88,-29.28,-24.4,19.52,9.76,-29.28,-48.8,-53.68,-43.92,-87.84,-180.56,-73.2
-24.4,-58.56,-34.16,43.92,4.88,-48.8,-39.04,-53.68,-43.92,-87.84,-180.56,-82.96
-24.4,-68.32,-43.92,48.8,9.76,-58.56,-29.28,-39.04,4.88,-73.2,-165.92,-78.08
-29.28,-73.2,-43.92,53.68,4.88,-58.56,-29.28,-48.8,4.88,-68.32,-161.04,-73.2
-39.04,-82.96,-43.92,63.44,0,-63.44,-39.04,-43.92,-14.64,-68.32,-165.92,-78.08
-24.4,-48.8,-24.4,39.04,0,-39.04,-48.8,-48.8,-29.28,-73.2,-175.68,-87.84
-19.52,-34.16,-14.64,29.28,-4.88,-24.4,-29.28,-48.8,-43.92,-68.32,-165.92,-82.96
-9.76,-53.68,-43.92,34.16,14.64,-48.8,-19.52,-34.16,-24.4,-63.44,-156.16,-78.08
-43.92,-63.44,-19.52,53.68,-14.64,-43.92,4.88,-19.52,-4.88,-63.44,-146.4,-58.56
-14.64,-19.52,-4.88,19.52,-4.88,-14.64,24.4,-63.44,-34.16,-68.32,-146.4,-68.32
0,-24.4,-24.4,14.64,9.76,-24.4,39.04,-34.16,-29.28,-58.56,-131.76,-58.56
-4.88,-29.28,-24.4,19.52,9.76,-29.28,68.32,-14.64,-19.52,-63.44,-136.64,-53.68
-29.28,-43.92,-14.64,39.04,-9.76,-29.28,58.56,-53.68,-34.16,-68.32,-136.64,-53.68
-24.4,-53.68,-29.28,39.04,0,-43.92,63.44,-34.16,-9.76,-53.68,-117.12,-39.04
-9.76,-53.68,-43.92,34.16,14.64,-48.8,53.68,-24.4,-14.64,-58.56,-122,-43.92
-19.52,-39.04,-19.52,29.28,0,-29.28,39.04,-43.92,-4.88,-68.32,-136.64,-58.56
-34.16,-39.04,-4.88,39.04,-14.64,-24.4,43.92,-24.4,-24.4,-68.32,-126.88,-39.04
-48.8,-63.44,-14.64,58.56,-19.52,-39.04,63.44,-39.04,-29.28,-78.08,-126.88,-43.92
-43.92,-48.8,-4.88,48.8,-19.52,-29.28,68.32,-58.56,-24.4,-82.96,-126.88,-48.8
-24.4,-48.8,-24.4,39.04,0,-39.04,102.48,-39.04,-14.64,-68.32,-117.12,-29.28
9.76,-53.68,-63.44,24.4,34.16,-58.56,87.84,-29.28,-43.92,-82.96,-126.88,-48.8
9.76,-39.04,-48.8,14.64,29.28,-43.92,117.12,-43.92,-43.92,-82.96,-122,-19.52
19.52,-4.88,-24.4,-4.88,19.52,-14.64,92.72,-73.2,-48.8,-92.72,-131.76,-29.28
-9.76,-34.16,-24.4,24.4,4.88,-29.28,73.2,-78.08,-53.68,-97.6,-141.52,-34.16
-29.28,-68.32,-39.04,48.8,4.88,-53.68,87.84,-48.8,-14.64,-78.08,-122,-9.76
-34.16,-58.56,-24.4,48.8,-4.88,-43.92,78.08,-19.52,-19.52,-82.96,-131.76,-19.52
-29.28,-58.56,-29.28,43.92,0,-43.92,82.96,-29.28,-53.68,-82.96,-131.76,-19.52
-34.16,-53.68,-19.52,43.92,-9.76,-39.04,92.72,-14.64,-39.04,-82.96,-122,-4.88
-39.04,-68.32,-29.28,53.68,-4.88,-48.8,73.2,-43.92,-58.56,-92.72,-141.52,-19.52
-29.28,-34.16,-4.88,34.16,-14.64,-19.52,73.2,-48.8,-63.44,-107.36,-156.16,-29.28
-9.76,-29.28,-19.52,19.52,4.88,-24.4,73.2,-73.2,-82.96,-122,-170.8,-29.28
4.88,-39.04,-43.92,19.52,24.4,-43.92,82.96,-39.04,-92.72,-131.76,-180.56,-29.28
0,-53.68,-53.68,29.28,24.4,-53.68,102.48,-24.4,-68.32,-117.12,-170.8,-14.64
4.88,-58.56,-63.44,29.28,34.16,-63.44,117.12,-39.04,-63.44,-117.12,-175.68,-14.64
4.88,-14.64,-19.52,4.88,9.76,-19.52,97.6,-24.4,-63.44,-117.12,-180.56,-14.64
-19.52,-48.8,-29.28,34.16,4.88,-39.04,102.48,-43.92,-58.56,-122,-185.44,-14.64
-24.4,-58.56,-34.16,43.92,4.88,-48.8,92.72,-48.8,-68.32,-122,-180.56,-19.52
-19.52,-48.8,-29.28,34.16,4.88,-39.04,122,-34.16,-58.56,-112.24,-165.92,-4.88
-34.16,-53.68,-19.52,43.92,-9.76,-39.04,122,-53.68,-58.56,-126.88,-180.56,-14.64
-48.8,-39.04,9.76,43.92,-29.28,-14.64,92.72,-58.56,-73.2,-141.52,-200.08,-19.52
-24.4,-43.92,-19.52,34.16,-4.88,-34.16,107.36,-43.92,-48.8,-131.76,-180.56,0
19.52,-53.68,-73.2,19.52,43.92,-63.44,107.36,-48.8,-68.32,-141.52,-190.32,-4.88
-14.64,-43.92,-29.28,29.28,4.88,-39.04,126.88,-29.28,-68.32,-126.88,-165.92,14.64
0,-43.92,-43.92,24.4,19.52,-43.92,126.88,-68.32,-82.96,-136.64,-170.8,19.52
14.64,-48.8,-63.44,19.52,39.04,-58.56,126.88,-63.44,-82.96,-131.76,-175.68,24.4
-29.28,-43.92,-14.64,39.04,-9.76,-29.28,136.64,-73.2,-73.2,-136.64,-170.8,29.28
-29.28,-19.52,9.76,24.4,-19.52,-4.88,156.16,-73.2,-68.32,-136.64,-165.92,29.28
0,-24.4,-24.4,14.64,9.76,-24.4,151.28,-53.68,-63.44,-126.88,-151.28,39.04
9.76,-24.4,-34.16,9.76,19.52,-29.28,146.4,-43.92,-78.08,-146.4,-161.04,24.4
-9.76,-43.92,-34.16,29.28,9.76,-39.04,122,-39.04,-87.84,-156.16,-165.92,14.64
-34.16,-29.28,4.88,34.16,-19.52,-14.64,112.24,-43.92,-87.84,-136.64,-151.28,24.4
-14.64,0,14.64,9.76,-14.64,4.88,102.48,-63.44,-92.72,-136.64,-146.4,34.16
-14.64,14.64,29.28,0,-24.4,19.52,82.96,-73.2,-82.96,-151.28,-165.92,24.4
-29.28,0,29.28,14.64,-29.28,14.64,63.44,-58.56,-87.84,-151.28,-161.04,39.04
-19.52,-9.76,9.76,14.64,-14.64,0,53.68,-53.68,-97.6,-141.52,-146.4,48.8
-9.76,0,9.76,4.88,-9.76,4.88,39.04,-68.32,-87.84,-136.64,-141.52,53.68
0,-9.76,-9.76,4.88,4.88,-9.76,24.4,-19.52,-53.68,-122,-126.88,63.44
0,-4.88,-4.88,4.88,0,-4.88,4.88,-9.76,-63.44,-126.88,-131.76,58.56
0,9.76,9.76,-4.88,-4.88,9.76,-24.4,-43.92,-53.68,-131.76,-136.64,43.92
0,19.52,19.52,-9.76,-9.76,19.52,-34.16,-19.52,-73.2,-136.64,-141.52,39.04
-9.76,-19.52,-9.76,14.64,0,-14.64,-43.92,-48.8,-82.96,-131.76,-136.64,39.04
24.4,-14.64,-39.04,-4.88,29.28,-29.28,-53.68,-58.56,-73.2,-136.64,-151.28,34.16
58.56,-19.52,-78.08,-19.52,68.32,-48.8,-73.2,-24.4,-87.84,-146.4,-161.04,19.52
48.8,-9.76,-58.56,-19.52,53.68,-34.16,-87.84,-34.16,-87.84,-146.4,-161.04,14.64
73.2,9.76,-63.44,-39.04,68.32,-29.28,-78.08,-34.16,-63.44,-136.64,-156.16,24.4
24.4,9.76,-14.64,-14.64,19.52,-4.88,-87.84,-19.52,-43.92,-126.88,-151.28,29.28
9.76,19.52,9.76,-14.64,0,14.64,-73.2,-19.52,-87.84,-146.4,-165.92,-4.88
14.64,-43.92,-58.56,14.64,34.16,-53.68,-58.56,-29.28,-73.2,-136.64,-180.56,-34.16
14.64,-63.44,-78.08,24.4,43.92,-73.2,-29.28,19.52,-43.92,-107.36,-175.68,-78.08
19.52,-68.32,-87.84,24.4,53.68,-78.08,-14.64,43.92,-9.76,-34.16,-122,-97.6
19.52,-73.2,-92.72,29.28,53.68,-82.96,-29.28,48.8,39.04,78.08,-39.04,-122
0,-34.16,-34.16,19.52,14.64,-34.16,0,73.2,87.84,224.48,122,-63.44
19.52,4.88,-14.64,-9.76,14.64,-4.88,0,48.8,141.52,419.68,385.52,82.96
34.16,58.56,24.4,-43.92,4.88,39.04,-48.8,0,126.88,541.68,673.44,287.92
78.08,165.92,87.84,-122,-4.88,126.88,-112.24,-102.48,43.92,551.44,980.88,556.32
78.08,248.88,170.8,-161.04,-48.8,209.84,-170.8,-190.32,-97.6,483.12,1239.52,868.64
73.2,302.56,229.36,-185.44,-78.08,263.52,-234.24,-287.92,-204.96,375.76,1542.08,1283.44
136.64,409.92,273.28,-273.28,-68.32,341.6,-322.08,-444.08,-390.4,209.84,1917.84,1859.28
204.96,512.4,307.44,-356.24,-53.68,409.92,-458.72,-644.16,-746.64,-185.44,2132.56,2464.4
263.52,605.12,341.6,-434.32,-39.04,473.36,-595.36,-990.64,-1239.52,-785.68,2210.64,3030.48
346.48,653.92,307.44,-497.76,19.52,478.24,-673.44,-1176.08,-1664.08,-1361.52,2230.16,3464.8
375.76,663.68,287.92,-517.28,43.92,473.36,-775.92,-1283.44,-1893.44,-1800.72,2039.84,3616.08
400.16,673.44,273.28,-536.8,63.44,473.36,-819.84,-1346.88,-2030.08,-2152.08,1654.32,3508.72
346.48,653.92,307.44,-497.76,19.52,478.24,-844.24,-1346.88,-2171.6,-2557.12,873.52,3103.68
258.64,678.32,419.68,-468.48,-82.96,546.56,-844.24,-1381.04,-2347.28,-3030.48,-195.2,2562
170.8,712.48,541.68,-439.2,-185.44,624.64,-790.56,-1449.36,-2508.32,-3459.92,-1278.56,1922.72
102.48,575.84,473.36,-336.72,-185.44,522.16,-702.72,-1390.8,-2625.44,-3723.44,-2064.24,1156.56
102.48,395.28,292.8,-248.88,-97.6,341.6,-619.76,-1346.88,-2635.2,-3791.76,-2454.64,517.28
112.24,229.36,117.12,-170.8,-4.88,170.8,-546.56,-1351.76,-2644.96,-3762.48,-2615.68,131.76
131.76,126.88,-4.88,-126.88,68.32,58.56,-551.44,-1376.16,-2649.84,-3616.08,-2586.4,-82.96
102.48,68.32,-34.16,-82.96,68.32,14.64,-473.36,-1332.24,-2518.08,-3279.36,-2352.16,-219.6
9.76,19.52,9.76,-14.64,0,14.64,-356.24,-1220,-2274.08,-2849.92,-2054.48,-302.56
-58.56,-14.64,43.92,39.04,-53.68,14.64,-273.28,-985.76,-1947.12,-2396.08,-1751.92,-351.36
-58.56,-34.16,24.4,48.8,-43.92,-4.88,-195.2,-746.64,-1571.36,-1927.6,-1434.72,-361.12
-48.8,-29.28,19.52,39.04,-34.16,-4.88,-195.2,-595.36,-1273.68,-1576.24,-1205.36,-361.12
-14.64,-53.68,-39.04,34.16,9.76,-48.8,-170.8,-463.6,-1010.16,-1278.56,-995.52,-326.96
-34.16,-73.2,-39.04,53.68,0,-58.56,-136.64,-385.52,-766.16,-995.52,-790.56,-229.36
-43.92,-58.56,-14.64,53.68,-14.64,-39.04,-126.88,-351.36,-605.12,-756.4,-614.88,-161.04
4.88,-39.04,-43.92,19.52,24.4,-43.92,-97.6,-312.32,-473.36,-566.08,-478.24,-107.36
9.76,-48.8,-58.56,19.52,34.16,-53.68,-82.96,-253.76,-366,-463.6,-405.04,-102.48
-29.28,-63.44,-34.16,48.8,0,-48.8,-29.28,-214.72,-273.28,-351.36,-341.6,-92.72
-24.4,-29.28,-4.88,29.28,-9.76,-19.52,9.76,-156.16,-204.96,-273.28,-283.04,-68.32
-43.92,-43.92,0,43.92,-24.4,-24.4,29.28,-141.52,-180.56,-224.48,-248.88,-63.44
-48.8,-78.08,-29.28,63.44,-9.76,-53.68,53.68,-92.72,-165.92,-195.2,-224.48,-53.68
-39.04,-73.2,-34.16,58.56,-4.88,-53.68,63.44,-82.96,-146.4,-185.44,-214.72,-58.56
-48.8,-78.08,-29.28,63.44,-9.76,-53.68,58.56,-78.08,-131.76,-165.92,-200.08,-63.44
-58.56,-48.8,9.76,53.68,-34.16,-19.52,63.44,-73.2,-112.24,-136.64,-175.68,-58.56
-24.4,-39.04,-14.64,34.16,-4.88,-29.28,68.32,-97.6,-82.96,-131.76,-165.92,-58.56
-24.4,-48.8,-24.4,39.04,0,-39.04,63.44,-92.72,-73.2,-97.6,-146.4,-58.56
-63.44,-48.8,14.64,58.56,-39.04,-19.52,82.96,-87.84,-58.56,-82.96,-136.64,-43.92
-73.2,-78.08,-4.88,78.08,-34.16,-43.92,92.72,-102.48,-68.32,-78.08,-146.4,-58.56
-53.68,-53.68,0,53.68,-29.28,-29.28,107.36,-92.72,-82.96,-68.32,-151.28,-48.8
-39.04,-43.92,-4.88,43.92,-19.52,-24.4,122,-78.08,-68.32,-73.2,-156.16,-53.68
-14.64,-48.8,-34.16,34.16,9.76,-43.92,117.12,-102.48,-63.44,-82.96,-170.8,-73.2
-58.56,-92.72,-34.16,78.08,-14.64,-63.44,131.76,-63.44,-68.32,-68.32,-156.16,-68.32
-58.56,-68.32,-9.76,63.44,-24.4,-39.04,126.88,-58.56,-63.44,-63.44,-156.16,-63.44
-39.04,-63.44,-24.4,53.68,-9.76,-43.92,136.64,-68.32,-48.8,-53.68,-146.4,-73.2
-39.04,-82.96,-43.92,63.44,0,-63.44,126.88,-63.44,-34.16,-58.56,-146.4,-78.08
-43.92,-107.36,-63.44,78.08,9.76,-87.84,117.12,-48.8,-19.52,-48.8,-136.64,-78.08
-78.08,-92.72,-14.64,87.84,-34.16,-53.68,122,-53.68,9.76,-34.16,-117.12,-58.56
-48.8,-63.44,-14.64,58.56,-19.52,-39.04,126.88,-34.16,-19.52,-34.16,-107.36,-53.68
-24.4,-63.44,-39.04,43.92,4.88,-53.68,122,-24.4,-48.8,-43.92,-107.36,-48.8
-19.52,-48.8,-29.28,34.16,4.88,-39.04,141.52,-34.16,-39.04,-29.28,-87.84,-19.52
-19.52,-53.68,-34.16,39.04,4.88,-43.92,136.64,-53.68,-48.8,-53.68,-107.36,-29.28
-24.4,-58.56,-34.16,43.92,4.88,-48.8,161.04,-58.56,-24.4,-39.04,-102.48,-4.88
-14.64,-29.28,-14.64,24.4,0,-24.4,170.8,-34.16,-19.52,-29.28,-92.72,9.76
-48.8,-63.44,-14.64,58.56,-19.52,-39.04,161.04,-14.64,-4.88,-19.52,-87.84,9.76
-68.32,-63.44,4.88,68.32,-39.04,-29.28,136.64,-19.52,-4.88,-19.52,-87.84,9.76
-58.56,-63.44,-4.88,63.44,-29.28,-34.16,117.12,14.64,-9.76,-9.76,-87.84,4.88
-48.8,-63.44,-14.64,58.56,-19.52,-39.04,82.96,0,-14.64,-19.52,-92.72,-4.88
-24.4,-24.4,0,24.4,-14.64,-14.64,73.2,-4.88,-9.76,-9.76,-82.96,0
-29.28,-4.88,24.4,19.52,-29.28,9.76,73.2,-29.28,4.88,-9.76,-82.96,4.88
-39.04,-29.28,9.76,34.16,-24.4,-9.76,68.32,19.52,9.76,9.76,-68.32,19.52
-14.64,-39.04,-24.4,29.28,4.88,-34.16,34.16,14.64,19.52,0,-73.2,24.4
-14.64,-24.4,-9.76,19.52,-4.88,-19.52,0,39.04,4.88,0,-92.72,14.64
-14.64,-24.4,-9.76,19.52,-4.88,-19.52,4.88,39.04,14.64,24.4,-78.08,39.04
-9.76,19.52,29.28,-4.88,-19.52,24.4,9.76,19.52,43.92,48.8,-58.56,53.68
-14.64,4.88,19.52,4.88,-19.52,9.76,4.88,24.4,58.56,53.68,-58.56,39.04
-29.28,-19.52,9.76,24.4,-19.52,-4.88,24.4,68.32,78.08,82.96,-39.04,34.16
-48.8,-19.52,29.28,34.16,-39.04,4.88,4.88,63.44,82.96,87.84,-39.04,24.4
-39.04,-14.64,24.4,29.28,-34.16,4.88,-4.88,48.8,73.2,82.96,-39.04,14.64
-29.28,-29.28,0,29.28,-14.64,-14.64,9.76,63.44,97.6,92.72,-34.16,14.64
-34.16,-39.04,-4.88,39.04,-14.64,-24.4,-14.64,53.68,102.48,87.84,-39.04,0
-9.76,-34.16,-24.4,24.4,4.88,-29.28,-29.28,34.16,78.08,87.84,-48.8,-14.64
-19.52,-9.76,9.76,14.64,-14.64,0,-19.52,43.92,92.72,97.6,-34.16,-9.76
-39.04,-19.52,19.52,29.28,-29.28,0,0,58.56,92.72,117.12,-19.52,0
0,-19.52,-19.52,9.76,9.76,-19.52,9.76,68.32,92.72,122,-14.64,0
-24.4,-14.64,9.76,19.52,-19.52,-4.88,9.76,29.28,102.48,122,-19.52,-14.64
-14.64,14.64,29.28,0,-24.4,19.52,24.4,53.68,102.48,126.88,-14.64,-24.4
24.4,14.64,-9.76,-19.52,14.64,0,43.92,58.56,112.24,146.4,4.88,-9.76
-34.16,-14.64,19.52,24.4,-29.28,0,34.16,24.4,102.48,141.52,9.76,-34.16
9.76,-4.88,-14.64,0,9.76,-9.76,9.76,0,78.08,131.76,0,-48.8
-4.88,-9.76,-4.88,9.76,0,-9.76,14.64,34.16,78.08,146.4,14.64,-48.8
-48.8,9.76,58.56,19.52,-53.68,34.16,14.64,19.52,87.84,146.4,9.76,-58.56
-14.64,4.88,19.52,4.88,-19.52,9.76,14.64,14.64,107.36,146.4,14.64,-58.56
24.4,-4.88,-29.28,-9.76,24.4,-19.52,-9.76,-14.64,102.48,156.16,19.52,-58.56
24.4,-9.76,-34.16,-4.88,29.28,-24.4,0,19.52,141.52,180.56,39.04,-48.8
-4.88,-9.76,-4.88,9.76,0,-9.76,9.76,58.56,136.64,200.08,53.68,-39.04
-29.28,4.88,34.16,14.64,-34.16,19.52,-19.52,19.52,112.24,190.32,39.04,-58.56
-39.04,9.76,48.8,14.64,-43.92,29.28,-24.4,0,112.24,195.2,48.8,-63.44
-19.52,-9.76,9.76,14.64,-14.64,0,-4.88,24.4,126.88,204.96,58.56,-58.56
-29.28,-4.88,24.4,19.52,-29.28,9.76,-9.76,4.88,131.76,214.72,63.44,-63.44
-29.28,0,29.28,14.64,-29.28,14.64,-19.52,9.76,122,209.84,58.56,-73.2
-43.92,-34.16,9.76,39.04,-29.28,-14.64,0,58.56,156.16,239.12,82.96,-68.32
-43.92,-14.64,29.28,29.28,-39.04,4.88,9.76,4.88,175.68,248.88,87.84,-68.32
-34.16,-9.76,24.4,24.4,-29.28,4.88,0,-4.88,190.32,263.52,92.72,-63.44
-48.8,14.64,63.44,19.52,-58.56,39.04,-24.4,29.28,180.56,268.4,87.84,-78.08
-29.28,9.76,39.04,9.76,-34.16,24.4,-4.88,29.28,195.2,292.8,97.6,-78.08
-14.64,19.52,34.16,0,-24.4,24.4,14.64,43.92,204.96,307.44,107.36,-68.32
29.28,29.28,0,-29.28,14.64,14.64,0,58.56,204.96,322.08,112.24,-73.2
24.4,4.88,-19.52,-14.64,19.52,-9.76,43.92,34.16,219.6,341.6,136.64,-63.44
-24.4,-29.28,-4.88,29.28,-9.76,-19.52,48.8,29.28,239.12,351.36,151.28,-63.44
-14.64,-14.64,0,14.64,-9.76,-9.76,39.04,68.32,239.12,356.24,151.28,-68.32
-29.28,-4.88,24.4,19.52,-29.28,9.76,29.28,78.08,258.64,370.88,161.04,-68.32
4.88,9.76,4.88,-4.88,0,4.88,-14.64,29.28,234.24,356.24,146.4,-97.6
0,-14.64,-14.64,9.76,4.88,-14.64,19.52,73.2,258.64,390.4,170.8,-78.08
-4.88,-9.76,-4.88,9.76,0,-9.76,4.88,82.96,283.04,424.56,195.2,-73.2
-9.76,-4.88,4.88,9.76,-9.76,0,9.76,87.84,312.32,444.08,204.96,-78.08
4.88,0,-4.88,0,4.88,-4.88,9.76,78.08,341.6,468.48,234.24,-63.44
-14.64,-19.52,-4.88,19.52,-4.88,-14.64,19.52,87.84,346.48,497.76,253.76,-53.68
-19.52,-34.16,-14.64,29.28,-4.88,-24.4,9.76,126.88,370.88,517.28,278.16,-39.04
-4.88,-19.52,-14.64,14.64,4.88,-19.52,14.64,165.92,390.4,541.68,297.68,-29.28
-4.88,-4.88,0,4.88,-4.88,-4.88,24.4,151.28,395.28,546.56,312.32,-29.28
9.76,0,-9.76,-4.88,9.76,-4.88,34.16,141.52,424.56,566.08,331.84,-29.28
0,-19.52,-19.52,9.76,9.76,-19.52,39.04,141.52,429.44,590.48,351.36,-19.52
-19.52,-14.64,4.88,19.52,-14.64,-4.88,19.52,175.68,444.08,610,370.88,-24.4
-4.88,-4.88,0,4.88,-4.88,-4.88,39.04,175.68,473.36,639.28,395.28,-24.4
14.64,19.52,4.88,-14.64,4.88,9.76,48.8,200.08,497.76,658.8,409.92,-34.16
14.64,29.28,14.64,-19.52,0,19.52,39.04,219.6,507.52,678.32,429.44,-39.04
0,-9.76,-9.76,4.88,4.88,-9.76,48.8,219.6,551.44,722.24,463.6,-24.4
-4.88,-9.76,-4.88,9.76,0,-9.76,73.2,214.72,590.48,736.88,488,-24.4
19.52,0,-19.52,-9.76,19.52,-9.76,107.36,224.48,590.48,761.28,522.16,-9.76
4.88,-19.52,-24.4,9.76,14.64,-24.4,92.72,239.12,585.6,771.04,536.8,-14.64
4.88,-19.52,-24.4,9.76,14.64,-24.4,92.72,278.16,590.48,790.56,551.44,-19.52
14.64,4.88,-9.76,-9.76,9.76,-4.88,107.36,239.12,624.64,810.08,575.84,-4.88
4.88,19.52,14.64,-9.76,-4.88,14.64,107.36,224.48,639.28,829.6,600.24,-4.88
9.76,4.88,-4.88,-4.88,4.88,0,122,244,658.8,858.88,629.52,4.88
19.52,14.64,-4.88,-14.64,9.76,4.88,107.36,263.52,668.56,863.76,639.28,-4.88
19.52,9.76,-9.76,-14.64,14.64,0,92.72,278.16,663.68,873.52,653.92,-9.76
29.28,43.92,14.64,-34.16,4.88,29.28,107.36,258.64,644.16,888.16,673.44,-14.64
43.92,58.56,14.64,-48.8,14.64,34.16,122,283.04,658.8,897.92,692.96,-9.76
58.56,29.28,-29.28,-43.92,43.92,0,117.12,244,653.92,917.44,717.36,-4.88
53.68,48.8,-4.88,-48.8,29.28,19.52,97.6,244,644.16,907.68,722.24,-9.76
19.52,29.28,9.76,-24.4,4.88,19.52,102.48,263.52,649.04,907.68,736.88,-19.52
29.28,53.68,24.4,-39.04,0,39.04,112.24,297.68,668.56,932.08,756.4,0
48.8,78.08,29.28,-63.44,9.76,53.68,126.88,263.52,663.68,941.84,771.04,4.88
53.68,92.72,39.04,-73.2,4.88,63.44,131.76,263.52,673.44,956.48,790.56,0
73.2,87.84,14.64,-78.08,29.28,48.8,117.12,283.04,668.56,956.48,795.44,4.88
34.16,43.92,9.76,-39.04,9.76,24.4,87.84,263.52,673.44,951.6,795.44,0
24.4,24.4,0,-24.4,9.76,9.76,87.84,248.88,692.96,951.6,810.08,-4.88
43.92,34.16,-9.76,-39.04,24.4,9.76,97.6,258.64,653.92,936.96,805.2,-4.88
53.68,29.28,-24.4,-39.04,39.04,0,82.96,258.64,634.4,932.08,810.08,-9.76
48.8,53.68,4.88,-48.8,19.52,29.28,68.32,239.12,653.92,932.08,819.84,0
58.56,58.56,0,-58.56,29.28,29.28,48.8,248.88,658.8,927.2,829.6,9.76
63.44,63.44,0,-63.44,29.28,29.28,0,273.28,692.96,912.56,824.72,4.88
87.84,78.08,-9.76,-82.96,48.8,34.16,-4.88,273.28,692.96,917.44,834.48,24.4
97.6,73.2,-24.4,-82.96,58.56,24.4,-29.28,273.28,644.16,907.68,829.6,19.52
102.48,107.36,4.88,-102.48,48.8,53.68,-63.44,278.16,619.76,897.92,819.84,9.76
131.76,107.36,-24.4,-117.12,78.08,39.04,-78.08,273.28,644.16,897.92,824.72,24.4
117.12,112.24,-4.88,-112.24,58.56,53.68,-97.6,253.76,614.88,863.76,800.32,9.76
117.12,112.24,-4.88,-112.24,58.56,53.68,-117.12,258.64,600.24,844.24,790.56,4.88
136.64,87.84,-48.8,-112.24,92.72,19.52,-146.4,263.52,551.44,805.2,771.04,-4.88
117.12,87.84,-29.28,-102.48,73.2,29.28,-175.68,209.84,522.16,780.8,751.52,-14.64
102.48,87.84,-14.64,-92.72,58.56,34.16,-151.28,195.2,488,761.28,746.64,4.88
112.24,73.2,-39.04,-92.72,73.2,14.64,-146.4,165.92,424.56,712.48,707.6,0
78.08,58.56,-19.52,-68.32,48.8,19.52,-136.64,97.6,370.88,668.56,678.32,4.88
92.72,73.2,-19.52,-82.96,53.68,24.4,-122,53.68,346.48,634.4,649.04,4.88
92.72,97.6,4.88,-92.72,43.92,48.8,-131.76,29.28,312.32,580.72,600.24,-9.76
73.2,92.72,19.52,-82.96,24.4,53.68,-117.12,43.92,273.28,556.32,570.96,0
82.96,107.36,24.4,-92.72,29.28,63.44,-102.48,19.52,234.24,507.52,531.92,-19.52
92.72,78.08,-14.64,-82.96,53.68,29.28,-92.72,24.4,219.6,483.12,502.64,-19.52
117.12,78.08,-39.04,-97.6,78.08,19.52,-82.96,4.88,204.96,434.32,463.6,-29.28
102.48,78.08,-24.4,-87.84,63.44,24.4,-107.36,-24.4,175.68,390.4,419.68,-39.04
82.96,58.56,-24.4,-68.32,53.68,14.64,-112.24,-39.04,156.16,356.24,380.64,-48.8
24.4,19.52,-4.88,-19.52,14.64,4.88,-107.36,-34.16,136.64,326.96,351.36,-39.04
39.04,19.52,-19.52,-29.28,29.28,0,-141.52,-73.2,97.6,278.16,302.56,-68.32
68.32,58.56,-9.76,-63.44,39.04,24.4,-146.4,-53.68,73.2,244,273.28,-78.08
43.92,58.56,14.64,-48.8,14.64,34.16,-122,-58.56,58.56,224.48,244,-63.44
68.32,39.04,-29.28,-53.68,48.8,4.88,-117.12,-68.32,43.92,204.96,219.6,-58.56
58.56,53.68,-4.88,-53.68,29.28,24.4,-82.96,-73.2,29.28,165.92,190.32,-63.44
34.16,58.56,24.4,-43.92,4.88,39.04,-78.08,-78.08,39.04,146.4,175.68,-58.56
48.8,78.08,29.28,-63.44,9.76,53.68,-82.96,-107.36,-9.76,102.48,141.52,-73.2
43.92,39.04,-4.88,-39.04,24.4,14.64,-78.08,-82.96,-48.8,68.32,107.36,-92.72
24.4,14.64,-9.76,-19.52,14.64,0,-78.08,-53.68,-63.44,43.92,78.08,-102.48
63.44,53.68,-9.76,-58.56,34.16,19.52,-73.2,-78.08,-82.96,9.76,48.8,-112.24
29.28,9.76,-19.52,-19.52,24.4,-4.88,-73.2,-107.36,-92.72,-9.76,24.4,-117.12
9.76,9.76,0,-9.76,4.88,4.88,-58.56,-117.12,-87.84,-14.64,14.64,-112.24
14.64,24.4,9.76,-19.52,0,14.64,-63.44,-117.12,-82.96,-39.04,-9.76,-122
-9.76,-9.76,0,9.76,-4.88,-4.88,-68.32,-122,-82.96,-53.68,-24.4,-131.76
19.52,9.76,-9.76,-14.64,14.64,0,-43.92,-131.76,-82.96,-63.44,-29.28,-126.88
24.4,24.4,0,-24.4,9.76,9.76,-34.16,-136.64,-131.76,-82.96,-53.68,-136.64
-14.64,9.76,24.4,4.88,-19.52,14.64,-24.4,-136.64,-161.04,-117.12,-78.08,-151.28
24.4,14.64,-9.76,-19.52,14.64,0,-4.88,-161.04,-156.16,-122,-87.84,-141.52
39.04,39.04,0,-39.04,19.52,19.52,0,-156.16,-170.8,-136.64,-97.6,-141.52
19.52,9.76,-9.76,-14.64,14.64,0,-4.88,-146.4,-161.04,-141.52,-117.12,-151.28
19.52,0,-19.52,-9.76,19.52,-9.76,-4.88,-141.52,-165.92,-165.92,-141.52,-170.8
19.52,-14.64,-34.16,0,24.4,-24.4,0,-131.76,-195.2,-175.68,-161.04,-185.44
24.4,-14.64,-39.04,-4.88,29.28,-29.28,0,-156.16,-180.56,-175.68,-170.8,-190.32
-4.88,-14.64,-9.76,9.76,0,-14.64,19.52,-136.64,-165.92,-165.92,-161.04,-165.92
9.76,-9.76,-19.52,0,14.64,-14.64,39.04,-112.24,-161.04,-175.68,-165.92,-170.8
-9.76,-14.64,-4.88,14.64,-4.88,-9.76,48.8,-151.28,-180.56,-185.44,-185.44,-170.8
-53.68,-58.56,-4.88,58.56,-24.4,-34.16,43.92,-175.68,-204.96,-214.72,-204.96,-180.56
-29.28,-58.56,-29.28,43.92,0,-43.92,58.56,-165.92,-209.84,-219.6,-219.6,-175.68
14.64,-29.28,-43.92,9.76,29.28,-39.04,78.08,-165.92,-214.72,-234.24,-234.24,-180.56
-43.92,-53.68,-9.76,48.8,-19.52,-34.16,82.96,-146.4,-190.32,-219.6,-234.24,-165.92
-24.4,-48.8,-24.4,39.04,0,-39.04,82.96,-122,-195.2,-214.72,-239.12,-161.04
-19.52,-39.04,-19.52,29.28,0,-29.28,117.12,-112.24,-195.2,-209.84,-244,-170.8
-34.16,-43.92,-9.76,39.04,-14.64,-29.28,92.72,-107.36,-165.92,-200.08,-244,-175.68
-34.16,-19.52,14.64,29.28,-24.4,-4.88,82.96,-73.2,-170.8,-204.96,-244,-185.44
-34.16,-43.92,-9.76,39.04,-14.64,-29.28,87.84,-73.2,-190.32,-214.72,-248.88,-195.2
-39.04,-14.64,24.4,29.28,-34.16,4.88,63.44,-112.24,-175.68,-214.72,-258.64,-209.84
-39.04,-24.4,14.64,34.16,-29.28,-4.88,73.2,-82.96,-170.8,-204.96,-244,-180.56
-24.4,-29.28,-4.88,29.28,-9.76,-19.52,73.2,-102.48,-170.8,-209.84,-258.64,-180.56
-9.76,-34.16,-24.4,24.4,4.88,-29.28,73.2,-97.6,-161.04,-224.48,-263.52,-180.56
0,-48.8,-48.8,24.4,24.4,-48.8,107.36,-68.32,-146.4,-209.84,-263.52,-165.92
-24.4,-29.28,-4.88,29.28,-9.76,-19.52,161.04,-58.56,-136.64,-195.2,-248.88,-156.16
-29.28,-34.16,-4.88,34.16,-14.64,-19.52,112.24,-58.56,-136.64,-185.44,-248.88,-146.4
-29.28,-24.4,4.88,29.28,-19.52,-9.76,58.56,-78.08,-146.4,-200.08,-278.16,-175.68
-39.04,-63.44,-24.4,53.68,-9.76,-43.92,73.2,-73.2,-112.24,-185.44,-268.4,-165.92
-39.04,-58.56,-19.52,48.8,-9.76,-39.04,97.6,-58.56,-112.24,-180.56,-263.52,-156.16
-34.16,-39.04,-4.88,39.04,-14.64,-24.4,92.72,-58.56,-117.12,-180.56,-268.4,-161.04
-53.68,-43.92,9.76,48.8,-34.16,-19.52,87.84,-53.68,-92.72,-170.8,-263.52,-151.28
-48.8,-9.76,39.04,29.28,-43.92,14.64,82.96,-43.92,-117.12,-180.56,-273.28,-161.04
-29.28,14.64,43.92,9.76,-39.04,29.28,92.72,-53.68,-112.24,-175.68,-268.4,-156.16
-9.76,-4.88,4.88,9.76,-9.76,0,122,-43.92,-97.6,-165.92,-258.64,-141.52
-29.28,-24.4,4.88,29.28,-19.52,-9.76,122,-14.64,-68.32,-161.04,-253.76,-141.52
-24.4,-9.76,14.64,19.52,-19.52,0,126.88,-29.28,-58.56,-141.52,-239.12,-146.4
0,24.4,24.4,-9.76,-14.64,24.4,141.52,-19.52,-73.2,-141.52,-224.48,-141.52
-19.52,-9.76,9.76,14.64,-14.64,0,122,0,-68.32,-136.64,-219.6,-136.64
-34.16,-9.76,24.4,24.4,-29.28,4.88,97.6,24.4,-48.8,-122,-204.96,-131.76
-39.04,-14.64,24.4,29.28,-34.16,4.88,97.6,34.16,-29.28,-107.36,-190.32,-136.64
-43.92,-14.64,29.28,29.28,-39.04,4.88,68.32,43.92,19.52,-102.48,-185.44,-141.52
-29.28,-14.64,14.64,24.4,-24.4,0,58.56,58.56,24.4,-82.96,-165.92,-136.64
-9.76,14.64,24.4,0,-19.52,19.52,39.04,82.96,29.28,-78.08,-161.04,-136.64
-9.76,9.76,19.52,0,-14.64,14.64,39.04,102.48,39.04,-58.56,-141.52,-126.88
-14.64,9.76,24.4,4.88,-19.52,14.64,43.92,112.24,58.56,-48.8,-122,-117.12
19.52,43.92,24.4,-29.28,-4.88,34.16,43.92,97.6,48.8,-39.04,-107.36,-122
24.4,68.32,43.92,-43.92,-9.76,53.68,58.56,58.56,43.92,-29.28,-102.48,-117.12
39.04,58.56,19.52,-48.8,9.76,39.04,63.44,0,-4.88,-58.56,-126.88,-141.52
-24.4,0,24.4,14.64,-24.4,9.76,92.72,4.88,-4.88,-53.68,-117.12,-136.64
-19.52,19.52,39.04,0,-29.28,29.28,122,19.52,19.52,-39.04,-102.48,-131.76
-48.8,0,48.8,24.4,-48.8,24.4,87.84,48.8,0,-48.8,-112.24,-141.52
-24.4,0,24.4,14.64,-24.4,9.76,78.08,-4.88,-9.76,-43.92,-112.24,-146.4
-24.4,14.64,39.04,4.88,-34.16,24.4,87.84,-4.88,-9.76,-43.92,-107.36,-141.52
-68.32,4.88,73.2,34.16,-73.2,39.04,73.2,-34.16,4.88,-39.04,-107.36,-146.4
-63.44,14.64,78.08,24.4,-73.2,43.92,73.2,-24.4,-4.88,-34.16,-102.48,-141.52
-63.44,19.52,82.96,24.4,-73.2,48.8,73.2,-9.76,14.64,-24.4,-92.72,-126.88
-48.8,14.64,63.44,19.52,-58.56,39.04,82.96,-34.16,24.4,-19.52,-92.72,-131.76
-9.76,39.04,48.8,-14.64,-29.28,43.92,78.08,-48.8,9.76,-29.28,-107.36,-141.52
-43.92,4.88,48.8,19.52,-48.8,24.4,63.44,-53.68,-9.76,-29.28,-102.48,-136.64
-53.68,19.52,73.2,19.52,-63.44,43.92,58.56,-39.04,-4.88,-19.52,-92.72,-126.88
-53.68,24.4,78.08,14.64,-68.32,48.8,63.44,-24.4,0,-9.76,-82.96,-122
-53.68,0,53.68,29.28,-53.68,24.4,39.04,-24.4,0,-9.76,-87.84,-122
-29.28,9.76,39.04,9.76,-34.16,24.4,29.28,-34.16,-14.64,-24.4,-92.72,-126.88
-39.04,9.76,48.8,14.64,-43.92,29.28,19.52,-24.4,-24.4,-29.28,-92.72,-126.88
-39.04,4.88,43.92,19.52,-43.92,24.4,4.88,-24.4,0,-24.4,-87.84,-126.88
-29.28,-14.64,14.64,24.4,-24.4,0,4.88,-4.88,9.76,-14.64,-73.2,-117.12
-29.28,-14.64,14.64,24.4,-24.4,0,-4.88,0,-4.88,-14.64,-82.96,-126.88
-29.28,-4.88,24.4,19.52,-29.28,9.76,14.64,4.88,0,-4.88,-68.32,-112.24
-14.64,19.52,34.16,0,-24.4,24.4,53.68,14.64,34.16,-4.88,-58.56,-97.6
-39.04,4.88,43.92,19.52,-43.92,24.4,53.68,19.52,24.4,-4.88,-63.44,-97.6
-39.04,34.16,73.2,4.88,-58.56,53.68,53.68,14.64,-9.76,-24.4,-78.08,-107.36
-34.16,53.68,87.84,-9.76,-63.44,68.32,63.44,-14.64,-34.16,-34.16,-78.08,-107.36
-29.28,48.8,78.08,-9.76,-53.68,63.44,73.2,0,-19.52,-39.04,-73.2,-112.24
-29.28,19.52,48.8,4.88,-39.04,34.16,78.08,-19.52,-14.64,-39.04,-73.2,-107.36
-24.4,9.76,34.16,9.76,-29.28,19.52,68.32,-34.16,-19.52,-48.8,-78.08,-117.12
-34.16,14.64,48.8,9.76,-43.92,29.28,53.68,-39.04,-29.28,-58.56,-87.84,-122
-48.8,-4.88,43.92,29.28,-48.8,19.52,87.84,-9.76,14.64,-34.16,-73.2,-102.48
-29.28,-14.64,14.64,24.4,-24.4,0,107.36,-19.52,0,-39.04,-73.2,-107.36
-14.64,-4.88,9.76,9.76,-14.64,0,97.6,0,-24.4,-48.8,-78.08,-107.36
-14.64,-4.88,9.76,9.76,-14.64,0,107.36,0,-39.04,-58.56,-87.84,-112.24
-34.16,-9.76,24.4,24.4,-29.28,4.88,112.24,0,-24.4,-58.56,-82.96,-107.36
-34.16,0,34.16,19.52,-34.16,14.64,122,0,-39.04,-63.44,-82.96,-102.48
-58.56,-9.76,48.8,34.16,-53.68,19.52,136.64,-9.76,-29.28,-63.44,-82.96,-97.6
-39.04,-4.88,34.16,24.4,-39.04,14.64,141.52,-43.92,-43.92,-73.2,-102.48,-107.36
-29.28,-14.64,14.64,24.4,-24.4,0,131.76,-43.92,-58.56,-82.96,-107.36,-122
-24.4,29.28,53.68,0,-39.04,39.04,92.72,-34.16,-53.68,-82.96,-117.12,-131.76
-34.16,29.28,63.44,4.88,-48.8,43.92,112.24,-4.88,-53.68,-82.96,-117.12,-122
-78.08,-34.16,43.92,58.56,-63.44,4.88,131.76,-14.64,-43.92,-73.2,-112.24,-112.24
-58.56,-24.4,34.16,43.92,-48.8,4.88,97.6,-24.4,-58.56,-82.96,-122,-126.88
-53.68,14.64,68.32,19.52,-63.44,39.04,87.84,-43.92,-82.96,-97.6,-136.64,-136.64
-48.8,19.52,68.32,14.64,-58.56,43.92,87.84,-43.92,-82.96,-112.24,-146.4,-146.4
-29.28,-9.76,19.52,19.52,-24.4,4.88,112.24,-39.04,-63.44,-102.48,-131.76,-126.88
-34.16,-9.76,24.4,24.4,-29.28,4.88,126.88,-34.16,-58.56,-102.48,-122,-117.12
-53.68,-34.16,19.52,43.92,-39.04,-9.76,136.64,-4.88,-29.28,-92.72,-122,-112.24
-48.8,-34.16,14.64,43.92,-34.16,-9.76,141.52,-4.88,-39.04,-92.72,-117.12,-107.36
-39.04,-14.64,24.4,29.28,-34.16,4.88,126.88,-19.52,-58.56,-87.84,-126.88,-122
-24.4,0,24.4,14.64,-24.4,9.76,136.64,-9.76,-39.04,-92.72,-136.64,-126.88
-4.88,48.8,53.68,-19.52,-29.28,48.8,141.52,-14.64,-48.8,-87.84,-126.88,-122
-48.8,9.76,58.56,19.52,-53.68,34.16,146.4,-29.28,-34.16,-92.72,-131.76,-122
-43.92,-24.4,19.52,34.16,-34.16,-4.88,117.12,-9.76,-48.8,-92.72,-141.52,-122
-58.56,-29.28,29.28,43.92,-43.92,0,126.88,-29.28,-73.2,-107.36,-146.4,-126.88
-43.92,-39.04,4.88,43.92,-24.4,-19.52,146.4,-9.76,-53.68,-92.72,-136.64,-107.36
0,-29.28,-29.28,14.64,14.64,-29.28,170.8,-9.76,-14.64,-97.6,-131.76,-107.36
9.76,-24.4,-34.16,9.76,19.52,-29.28,180.56,-29.28,-39.04,-97.6,-136.64,-102.48
-24.4,-24.4,0,24.4,-14.64,-14.64,170.8,-24.4,-39.04,-97.6,-151.28,-112.24
-24.4,-14.64,9.76,19.52,-19.52,-4.88,190.32,0,-24.4,-78.08,-136.64,-92.72
-43.92,-29.28,14.64,39.04,-29.28,-9.76,200.08,24.4,-19.52,-73.2,-136.64,-92.72
-24.4,-29.28,-4.88,29.28,-9.76,-19.52,200.08,4.88,-29.28,-73.2,-136.64,-92.72
-34.16,-9.76,24.4,24.4,-29.28,4.88,195.2,0,-24.4,-73.2,-131.76,-102.48
-48.8,-19.52,29.28,34.16,-39.04,4.88,190.32,-4.88,-39.04,-87.84,-151.28,-122
-63.44,0,63.44,34.16,-63.44,29.28,190.32,-19.52,-48.8,-102.48,-156.16,-122
-48.8,0,48.8,24.4,-48.8,24.4,195.2,-19.52,-34.16,-97.6,-161.04,-112.24
-34.16,14.64,48.8,9.76,-43.92,29.28,195.2,0,-34.16,-107.36,-161.04,-107.36
-53.68,4.88,58.56,24.4,-58.56,29.28,200.08,34.16,-34.16,-87.84,-151.28,-87.84
-24.4,-9.76,14.64,19.52,-19.52,0,190.32,14.64,-39.04,-97.6,-156.16,-97.6
-19.52,14.64,34.16,4.88,-29.28,24.4,200.08,-4.88,-24.4,-92.72,-156.16,-102.48
0,14.64,14.64,-4.88,-9.76,14.64,214.72,0,-34.16,-97.6,-161.04,-97.6
-4.88,29.28,34.16,-9.76,-19.52,29.28,209.84,-4.88,-53.68,-107.36,-165.92,-107.36
-34.16,24.4,58.56,4.88,-48.8,39.04,229.36,4.88,-24.4,-107.36,-161.04,-102.48
-24.4,0,24.4,14.64,-24.4,9.76,234.24,14.64,-24.4,-112.24,-165.92,-112.24
-48.8,-4.88,43.92,29.28,-48.8,19.52,273.28,53.68,-24.4,-107.36,-151.28,-102.48
-43.92,-4.88,39.04,24.4,-43.92,14.64,317.2,19.52,-63.44,-122,-165.92,-117.12
-58.56,-24.4,34.16,43.92,-48.8,4.88,292.8,34.16,-43.92,-122,-165.92,-117.12
-29.28,-29.28,0,29.28,-14.64,-14.64,214.72,43.92,-43.92,-112.24,-161.04,-112.24
-39.04,4.88,43.92,19.52,-43.92,24.4,141.52,39.04,-39.04,-107.36,-151.28,-102.48
-43.92,9.76,53.68,19.52,-48.8,29.28,97.6,48.8,-14.64,-87.84,-141.52,-92.72
-19.52,24.4,43.92,0,-34.16,34.16,107.36,68.32,-9.76,-78.08,-131.76,-82.96
-9.76,19.52,29.28,-4.88,-19.52,24.4,82.96,68.32,0,-63.44,-117.12,-78.08
-24.4,-4.88,19.52,14.64,-24.4,4.88,48.8,43.92,-14.64,-78.08,-131.76,-92.72
-29.28,19.52,48.8,4.88,-39.04,34.16,29.28,34.16,-14.64,-87.84,-146.4,-107.36
-24.4,14.64,39.04,4.88,-34.16,24.4,29.28,29.28,-24.4,-87.84,-146.4,-117.12
-14.64,4.88,19.52,4.88,-19.52,9.76,34.16,34.16,-34.16,-87.84,-136.64,-112.24
-43.92,24.4,68.32,9.76,-58.56,43.92,19.52,0,-29.28,-92.72,-146.4,-112.24
-43.92,29.28,73.2,9.76,-58.56,48.8,0,-14.64,-14.64,-97.6,-156.16,-117.12
-19.52,48.8,68.32,-14.64,-43.92,58.56,-14.64,9.76,-14.64,-92.72,-146.4,-112.24
-39.04,4.88,43.92,19.52,-43.92,24.4,0,29.28,-34.16,-78.08,-131.76,-92.72
-53.68,34.16,87.84,9.76,-73.2,58.56,4.88,34.16,-24.4,-73.2,-126.88,-82.96
-43.92,34.16,78.08,4.88,-63.44,53.68,24.4,14.64,-4.88,-73.2,-122,-78.08
-34.16,29.28,63.44,4.88,-48.8,43.92,24.4,48.8,-14.64,-73.2,-126.88,-78.08
-24.4,43.92,68.32,-9.76,-48.8,53.68,34.16,4.88,-14.64,-73.2,-122,-78.08
-34.16,58.56,92.72,-9.76,-63.44,73.2,19.52,-29.28,-29.28,-87.84,-126.88,-73.2
-14.64,43.92,58.56,-14.64,-39.04,48.8,-14.64,19.52,-58.56,-102.48,-141.52,-92.72
0,34.16,34.16,-14.64,-19.52,34.16,4.88,-19.52,-48.8,-97.6,-136.64,-73.2
-9.76,39.04,48.8,-14.64,-29.28,43.92,-24.4,4.88,-43.92,-97.6,-141.52,-82.96
-39.04,19.52,58.56,9.76,-48.8,39.04,-24.4,29.28,-29.28,-97.6,-141.52,-82.96
-29.28,0,29.28,14.64,-29.28,14.64,-29.28,-24.4,-43.92,-97.6,-156.16,-87.84
-34.16,9.76,43.92,14.64,-39.04,24.4,-24.4,-29.28,-9.76,-92.72,-151.28,-78.08
-19.52,4.88,24.4,9.76,-24.4,14.64,-9.76,4.88,-24.4,-78.08,-131.76,-58.56
-9.76,4.88,14.64,4.88,-14.64,9.76,-9.76,-14.64,-39.04,-78.08,-136.64,-58.56
-24.4,9.76,34.16,9.76,-29.28,19.52,-4.88,-4.88,-34.16,-73.2,-126.88,-53.68
-39.04,9.76,48.8,14.64,-43.92,29.28,9.76,34.16,-34.16,-78.08,-126.88,-43.92
-19.52,14.64,34.16,4.88,-29.28,24.4,0,-14.64,-48.8,-97.6,-141.52,-58.56
0,48.8,48.8,-24.4,-24.4,48.8,0,4.88,-53.68,-97.6,-146.4,-53.68
-9.76,53.68,63.44,-19.52,-39.04,58.56,9.76,4.88,-48.8,-87.84,-136.64,-43.92
-29.28,48.8,78.08,-9.76,-53.68,63.44,-9.76,-24.4,-58.56,-92.72,-146.4,-58.56
-43.92,29.28,73.2,9.76,-58.56,48.8,-14.64,-9.76,-58.56,-97.6,-146.4,-53.68
-34.16,9.76,43.92,14.64,-39.04,24.4,-19.52,4.88,-68.32,-97.6,-156.16,-63.44
-29.28,19.52,48.8,4.88,-39.04,34.16,-39.04,19.52,-63.44,-102.48,-161.04,-73.2
-39.04,14.64,53.68,14.64,-48.8,34.16,-19.52,-14.64,-39.04,-97.6,-156.16,-68.32
-19.52,9.76,29.28,4.88,-24.4,19.52,-43.92,-29.28,-78.08,-122,-175.68,-78.08
-29.28,24.4,53.68,4.88,-43.92,39.04,-34.16,4.88,-73.2,-117.12,-170.8,-68.32
-43.92,0,43.92,24.4,-43.92,19.52,0,-29.28,-58.56,-112.24,-161.04,-58.56
-9.76,-9.76,0,9.76,-4.88,-4.88,-34.16,-73.2,-97.6,-136.64,-195.2,-92.72
0,19.52,19.52,-9.76,-9.76,19.52,-29.28,-68.32,-97.6,-126.88,-185.44,-78.08
-9.76,4.88,14.64,4.88,-14.64,9.76,-14.64,-19.52,-68.32,-102.48,-165.92,-68.32
-43.92,-14.64,29.28,29.28,-39.04,4.88,-9.76,4.88,-68.32,-97.6,-161.04,-68.32
-63.44,-19.52,43.92,43.92,-53.68,9.76,-4.88,-34.16,-68.32,-107.36,-170.8,-68.32
-53.68,-34.16,19.52,43.92,-39.04,-9.76,-14.64,-29.28,-87.84,-126.88,-190.32,-97.6
-19.52,-14.64,4.88,19.52,-14.64,-4.88,-29.28,-34.16,-73.2,-122,-180.56,-102.48
-19.52,-4.88,14.64,14.64,-19.52,4.88,-9.76,-34.16,-78.08,-107.36,-170.8,-82.96
-9.76,-9.76,0,9.76,-4.88,-4.88,4.88,-14.64,-78.08,-112.24,-170.8,-82.96
4.88,-4.88,-9.76,0,4.88,-9.76,24.4,-4.88,-73.2,-117.12,-161.04,-73.2
-14.64,-24.4,-9.76,19.52,-4.88,-19.52,14.64,-34.16,-73.2,-122,-175.68,-82.96
-29.28,-34.16,-4.88,34.16,-14.64,-19.52,24.4,4.88,-53.68,-107.36,-165.92,-73.2
-34.16,-29.28,4.88,34.16,-19.52,-14.64,39.04,29.28,-39.04,-102.48,-151.28,-63.44
-29.28,-24.4,4.88,29.28,-19.52,-9.76,43.92,-9.76,-53.68,-97.6,-156.16,-68.32
-19.52,-19.52,0,19.52,-9.76,-9.76,43.92,-14.64,-43.92,-102.48,-161.04,-82.96
-48.8,-4.88,43.92,29.28,-48.8,19.52,39.04,4.88,-39.04,-102.48,-165.92,-87.84
-19.52,-4.88,14.64,14.64,-19.52,4.88,29.28,9.76,-68.32,-107.36,-175.68,-102.48
4.88,-9.76,-14.64,4.88,9.76,-14.64,24.4,-14.64,-48.8,-97.6,-165.92,-102.48
-14.64,-14.64,0,14.64,-9.76,-9.76,19.52,14.64,-24.4,-87.84,-161.04,-97.6
0,-14.64,-14.64,9.76,4.88,-14.64,48.8,34.16,-29.28,-82.96,-141.52,-82.96
-4.88,-14.64,-9.76,9.76,0,-14.64,53.68,4.88,-29.28,-78.08,-141.52,-78.08
-9.76,-14.64,-4.88,14.64,-4.88,-9.76,48.8,0,-24.4,-78.08,-141.52,-82.96
9.76,14.64,4.88,-9.76,0,9.76,78.08,-4.88,-29.28,-73.2,-136.64,-73.2
0,4.88,4.88,0,-4.88,4.88,92.72,34.16,-39.04,-87.84,-156.16,-92.72
-14.64,9.76,24.4,4.88,-19.52,14.64,48.8,29.28,-48.8,-107.36,-175.68,-112.24
0,14.64,14.64,-4.88,-9.76,14.64,58.56,4.88,-34.16,-102.48,-170.8,-117.12
0,9.76,9.76,-4.88,-4.88,9.76,48.8,4.88,-43.92,-87.84,-161.04,-112.24
4.88,-14.64,-19.52,4.88,9.76,-19.52,63.44,19.52,-39.04,-78.08,-156.16,-117.12
-19.52,-24.4,-4.88,24.4,-9.76,-14.64,58.56,0,-24.4,-82.96,-161.04,-112.24
-48.8,0,48.8,24.4,-48.8,24.4,48.8,-19.52,-34.16,-87.84,-165.92,-131.76
-24.4,14.64,39.04,4.88,-34.16,24.4,48.8,0,-34.16,-92.72,-175.68,-141.52
4.88,9.76,4.88,-4.88,0,4.88,63.44,9.76,-24.4,-82.96,-165.92,-131.76
-4.88,9.76,14.64,0,-9.76,9.76,73.2,14.64,-4.88,-78.08,-161.04,-122
-4.88,-4.88,0,4.88,-4.88,-4.88,82.96,29.28,-9.76,-73.2,-146.4,-102.48
-4.88,19.52,24.4,-4.88,-14.64,19.52,82.96,53.68,-14.64,-63.44,-146.4,-102.48
-34.16,29.28,63.44,4.88,-48.8,43.92,117.12,53.68,-4.88,-53.68,-136.64,-92.72
-24.4,4.88,29.28,9.76,-29.28,14.64,102.48,78.08,0,-53.68,-136.64,-92.72
-19.52,0,19.52,9.76,-19.52,9.76,82.96,43.92,-4.88,-58.56,-146.4,-112.24
-4.88,29.28,34.16,-9.76,-19.52,29.28,92.72,19.52,14.64,-53.68,-131.76,-102.48
0,43.92,43.92,-19.52,-24.4,43.92,87.84,29.28,24.4,-43.92,-126.88,-92.72
-19.52,43.92,63.44,-9.76,-43.92,53.68,73.2,53.68,19.52,-53.68,-136.64,-107.36
-9.76,48.8,58.56,-19.52,-34.16,53.68,78.08,58.56,-9.76,-68.32,-151.28,-122
29.28,43.92,14.64,-34.16,4.88,29.28,68.32,43.92,-4.88,-68.32,-156.16,-117.12
34.16,58.56,24.4,-43.92,4.88,39.04,82.96,53.68,4.88,-58.56,-146.4,-102.48
0,39.04,39.04,-19.52,-19.52,39.04,117.12,78.08,24.4,-34.16,-122,-73.2
-14.64,4.88,19.52,4.88,-19.52,9.76,117.12,107.36,29.28,-34.16,-117.12,-68.32
0,9.76,9.76,-4.88,-4.88,9.76,131.76,97.6,43.92,-29.28,-112.24,-68.32
-9.76,19.52,29.28,-4.88,-19.52,24.4,151.28,97.6,53.68,-19.52,-107.36,-63.44
-9.76,43.92,53.68,-14.64,-34.16,48.8,146.4,97.6,68.32,-34.16,-117.12,-78.08
19.52,82.96,63.44,-48.8,-24.4,73.2,131.76,87.84,39.04,-29.28,-126.88,-82.96
39.04,68.32,29.28,-53.68,4.88,48.8,68.32,82.96,34.16,-39.04,-131.76,-87.84
34.16,58.56,24.4,-43.92,4.88,39.04,9.76,87.84,43.92,-43.92,-141.52,-97.6
-9.76,39.04,48.8,-14.64,-29.28,43.92,24.4,122,63.44,-24.4,-112.24,-73.2
9.76,63.44,53.68,-34.16,-24.4,58.56,4.88,92.72,48.8,-34.16,-122,-82.96
24.4,63.44,39.04,-43.92,-9.76,48.8,14.64,58.56,29.28,-43.92,-131.76,-82.96
14.64,39.04,24.4,-24.4,-4.88,29.28,19.52,63.44,53.68,-39.04,-122,-73.2
19.52,58.56,39.04,-39.04,-9.76,48.8,-4.88,39.04,24.4,-34.16,-117.12,-78.08
4.88,68.32,63.44,-34.16,-29.28,63.44,9.76,48.8,9.76,-29.28,-107.36,-63.44
9.76,34.16,24.4,-19.52,-9.76,29.28,-4.88,43.92,-4.88,-43.92,-117.12,-68.32
4.88,39.04,34.16,-19.52,-14.64,34.16,-9.76,53.68,14.64,-29.28,-102.48,-53.68
-14.64,29.28,43.92,-4.88,-29.28,34.16,-29.28,43.92,14.64,-29.28,-97.6,-48.8
-9.76,43.92,53.68,-14.64,-34.16,48.8,-78.08,14.64,-4.88,-53.68,-126.88,-68.32
0,53.68,53.68,-24.4,-29.28,53.68,-87.84,24.4,-14.64,-53.68,-126.88,-68.32
-4.88,24.4,29.28,-9.76,-19.52,24.4,-73.2,34.16,-4.88,-39.04,-112.24,-58.56
-4.88,19.52,24.4,-4.88,-14.64,19.52,-97.6,34.16,9.76,-29.28,-107.36,-58.56
14.64,29.28,14.64,-19.52,0,19.52,-107.36,58.56,14.64,-24.4,-97.6,-48.8
29.28,9.76,-19.52,-19.52,24.4,-4.88,-107.36,34.16,0,-34.16,-112.24,-58.56
19.52,24.4,4.88,-19.52,4.88,14.64,-97.6,39.04,9.76,-29.28,-97.6,-39.04
14.64,48.8,34.16,-29.28,-9.76,39.04,-102.48,29.28,19.52,-24.4,-92.72,-29.28
14.64,53.68,39.04,-34.16,-14.64,43.92,-117.12,0,24.4,-34.16,-107.36,-48.8
19.52,39.04,19.52,-29.28,0,29.28,-122,-14.64,-14.64,-48.8,-126.88,-58.56
-14.64,-4.88,9.76,9.76,-14.64,0,-122,-29.28,-34.16,-53.68,-126.88,-63.44
9.76,4.88,-4.88,-4.88,4.88,0,-92.72,-9.76,-19.52,-39.04,-117.12,-53.68
24.4,34.16,9.76,-29.28,4.88,19.52,-97.6,24.4,-4.88,-24.4,-102.48,-34.16
43.92,68.32,24.4,-53.68,9.76,43.92,-136.64,-9.76,-43.92,-58.56,-136.64,-68.32
24.4,58.56,34.16,-39.04,-4.88,43.92,-122,14.64,-29.28,-43.92,-126.88,-63.44
73.2,29.28,-43.92,-48.8,58.56,-9.76,-107.36,9.76,-19.52,-43.92,-126.88,-63.44
14.64,0,-14.64,-4.88,14.64,-9.76,-97.6,-9.76,9.76,-48.8,-126.88,-58.56
-9.76,-9.76,0,9.76,-4.88,-4.88,-68.32,-19.52,4.88,-53.68,-122,-58.56
-9.76,-19.52,-9.76,14.64,0,-14.64,-58.56,-9.76,-14.64,-48.8,-117.12,-48.8
14.64,-4.88,-19.52,-4.88,14.64,-14.64,-73.2,-34.16,-24.4,-53.68,-126.88,-53.68
24.4,9.76,-14.64,-14.64,19.52,-4.88,-78.08,-39.04,-34.16,-58.56,-122,-48.8
14.64,-34.16,-48.8,9.76,29.28,-43.92,-68.32,-24.4,-24.4,-58.56,-126.88,-39.04
24.4,-29.28,-53.68,4.88,39.04,-43.92,-68.32,-14.64,-9.76,-53.68,-126.88,-43.92
9.76,-39.04,-48.8,14.64,29.28,-43.92,-58.56,4.88,-9.76,-58.56,-117.12,-43.92
9.76,-39.04,-48.8,14.64,29.28,-43.92,-58.56,4.88,0,-53.68,-117.12,-53.68
48.8,-4.88,-53.68,-19.52,48.8,-29.28,-73.2,-24.4,-19.52,-63.44,-131.76,-73.2
29.28,-4.88,-34.16,-9.76,29.28,-19.52,-68.32,-24.4,-14.64,-68.32,-126.88,-78.08
24.4,-24.4,-48.8,0,34.16,-39.04,-48.8,-14.64,4.88,-58.56,-117.12,-58.56
34.16,-34.16,-68.32,0,48.8,-53.68,-34.16,-19.52,-19.52,-58.56,-117.12,-48.8
19.52,-24.4,-43.92,4.88,29.28,-34.16,-34.16,-9.76,-24.4,-58.56,-122,-53.68
19.52,-14.64,-34.16,0,24.4,-24.4,-43.92,-4.88,-24.4,-58.56,-112.24,-43.92
34.16,-24.4,-58.56,-4.88,43.92,-43.92,-39.04,9.76,-4.88,-48.8,-112.24,-43.92
19.52,0,-19.52,-9.76,19.52,-9.76,-43.92,9.76,-14.64,-48.8,-102.48,-43.92
34.16,9.76,-24.4,-19.52,29.28,-9.76,-39.04,-4.88,4.88,-53.68,-102.48,-48.8
19.52,-9.76,-29.28,-4.88,24.4,-19.52,-43.92,29.28,19.52,-48.8,-102.48,-48.8
24.4,-9.76,-34.16,-4.88,29.28,-24.4,-34.16,29.28,4.88,-29.28,-87.84,-43.92
48.8,-4.88,-53.68,-19.52,48.8,-29.28,-39.04,19.52,-9.76,-43.92,-97.6,-58.56
19.52,-63.44,-82.96,24.4,48.8,-73.2,-58.56,0,-19.52,-73.2,-122,-87.84
9.76,-53.68,-63.44,24.4,34.16,-58.56,-43.92,-14.64,0,-53.68,-112.24,-73.2
29.28,-39.04,-68.32,4.88,48.8,-53.68,-34.16,34.16,0,-39.04,-102.48,-63.44
43.92,-4.88,-48.8,-19.52,43.92,-29.28,-19.52,19.52,-9.76,-43.92,-102.48,-63.44
29.28,-19.52,-48.8,-4.88,39.04,-34.16,-9.76,-4.88,-4.88,-48.8,-112.24,-68.32
0,-43.92,-43.92,24.4,19.52,-43.92,0,0,9.76,-39.04,-107.36,-63.44
29.28,-19.52,-48.8,-4.88,39.04,-34.16,9.76,24.4,-19.52,-43.92,-112.24,-68.32
39.04,-29.28,-68.32,-4.88,53.68,-48.8,-14.64,43.92,-19.52,-53.68,-122,-87.84
14.64,-14.64,-29.28,0,19.52,-24.4,-14.64,68.32,9.76,-29.28,-126.88,-107.36
14.64,-29.28,-43.92,9.76,29.28,-39.04,19.52,68.32,53.68,-9.76,-112.24,-131.76
9.76,-48.8,-58.56,19.52,34.16,-53.68,39.04,112.24,82.96,34.16,-97.6,-170.8
9.76,-53.68,-63.44,24.4,34.16,-58.56,39.04,161.04,131.76,141.52,-29.28,-204.96
39.04,-43.92,-82.96,4.88,58.56,-63.44,63.44,175.68,234.24,283.04,102.48,-185.44
34.16,-19.52,-53.68,-4.88,43.92,-39.04,68.32,185.44,278.16,419.68,283.04,-102.48
34.16,14.64,-19.52,-24.4,24.4,-4.88,43.92,204.96,307.44,575.84,551.44,68.32
68.32,78.08,9.76,-73.2,29.28,43.92,14.64,122,258.64,624.64,829.6,297.68
87.84,180.56,92.72,-131.76,-4.88,136.64,-58.56,19.52,156.16,556.32,1054.08,556.32
97.6,273.28,175.68,-185.44,-39.04,224.48,-117.12,-43.92,63.44,453.84,1249.28,883.28
156.16,361.12,204.96,-258.64,-24.4,283.04,-185.44,-151.28,-73.2,292.8,1493.28,1337.12
224.48,463.6,239.12,-341.6,-9.76,351.36,-312.32,-385.52,-326.96,0,1693.36,1883.68
234.24,585.6,351.36,-409.92,-58.56,468.48,-434.32,-595.36,-697.84,-492.88,1727.52,2483.92
268.4,678.32,409.92,-473.36,-73.2,541.68,-556.32,-854,-1146.8,-1127.28,1649.44,3035.36
302.56,697.84,395.28,-497.76,-48.8,546.56,-653.92,-985.76,-1439.6,-1605.52,1566.48,3445.28
346.48,722.24,375.76,-531.92,-14.64,546.56,-722.24,-1054.08,-1664.08,-1991.04,1302.96,3552.64
356.24,736.88,380.64,-546.56,-14.64,556.32,-771.04,-1088.24,-1771.44,-2288.72,873.52,3372.08
297.68,741.76,444.08,-517.28,-73.2,590.48,-771.04,-1180.96,-1898.32,-2669.36,92.72,2918.24
180.56,766.16,585.6,-473.36,-204.96,673.44,-761.28,-1190.72,-2069.12,-3069.52,-858.88,2352.16
92.72,780.8,688.08,-434.32,-297.68,732,-736.88,-1200.48,-2249.68,-3416,-1747.04,1708
97.6,712.48,614.88,-405.04,-258.64,663.68,-663.68,-1180.96,-2371.68,-3596.56,-2366.8,956.48
97.6,497.76,400.16,-297.68,-151.28,448.96,-580.72,-1117.52,-2405.84,-3591.68,-2669.36,322.08
78.08,336.72,258.64,-204.96,-92.72,297.68,-546.56,-1107.76,-2371.68,-3494.08,-2727.92,-43.92
97.6,244,146.4,-170.8,-24.4,195.2,-580.72,-1132.16,-2386.32,-3318.4,-2649.84,-273.28
39.04,200.08,161.04,-117.12,-63.44,180.56,-575.84,-1132.16,-2259.44,-2971.92,-2396.08,-400.16
-24.4,175.68,200.08,-73.2,-112.24,185.44,-483.12,-1005.28,-2000.8,-2532.72,-2059.36,-444.08
-68.32,131.76,200.08,-29.28,-136.64,165.92,-375.76,-805.2,-1668.96,-2083.76,-1708,-468.48
-63.44,97.6,161.04,-14.64,-112.24,126.88,-341.6,-580.72,-1283.44,-1639.68,-1390.8,-473.36
-14.64,82.96,97.6,-34.16,-58.56,87.84,-346.48,-414.8,-985.76,-1278.56,-1127.28,-453.84
-4.88,82.96,87.84,-39.04,-48.8,82.96,-331.84,-283.04,-722.24,-976,-902.8,-405.04
-9.76,82.96,92.72,-34.16,-53.68,87.84,-278.16,-190.32,-527.04,-702.72,-688.08,-307.44
-14.64,68.32,82.96,-24.4,-48.8,73.2,-244,-170.8,-380.64,-497.76,-527.04,-253.76
24.4,73.2,48.8,-48.8,-14.64,58.56,-229.36,-136.64,-248.88,-336.72,-400.16,-214.72
39.04,63.44,24.4,-48.8,4.88,43.92,-209.84,-107.36,-170.8,-214.72,-307.44,-200.08
4.88,43.92,39.04,-24.4,-19.52,39.04,-190.32,-53.68,-82.96,-126.88,-244,-195.2
-9.76,43.92,53.68,-14.64,-34.16,48.8,-146.4,-19.52,-29.28,-53.68,-180.56,-180.56
-24.4,48.8,73.2,-9.76,-48.8,58.56,-107.36,0,4.88,-9.76,-136.64,-161.04
-19.52,29.28,48.8,-4.88,-34.16,39.04,-102.48,9.76,19.52,24.4,-117.12,-165.92
-4.88,4.88,9.76,0,-9.76,4.88,-102.48,53.68,58.56,48.8,-97.6,-170.8
4.88,9.76,4.88,-4.88,0,4.88,-107.36,58.56,58.56,53.68,-102.48,-180.56
-24.4,-9.76,14.64,19.52,-19.52,0,-92.72,39.04,68.32,78.08,-97.6,-180.56
4.88,0,-4.88,0,4.88,-4.88,-82.96,58.56,78.08,92.72,-102.48,-165.92
-9.76,-19.52,-9.76,14.64,0,-14.64,-82.96,68.32,97.6,107.36,-97.6,-165.92
4.88,4.88,0,-4.88,0,0,-87.84,68.32,112.24,117.12,-97.6,-175.68
14.64,14.64,0,-14.64,4.88,4.88,-78.08,43.92,112.24,122,-102.48,-185.44
24.4,14.64,-9.76,-19.52,14.64,0,-82.96,58.56,107.36,122,-97.6,-185.44
4.88,-4.88,-9.76,0,4.88,-9.76,-87.84,73.2,97.6,126.88,-87.84,-190.32
-24.4,-14.64,9.76,19.52,-19.52,-4.88,-112.24,39.04,87.84,112.24,-97.6,-209.84
-19.52,4.88,24.4,9.76,-24.4,14.64,-117.12,34.16,97.6,126.88,-82.96,-204.96
19.52,0,-19.52,-9.76,19.52,-9.76,-136.64,34.16,82.96,126.88,-63.44,-180.56
9.76,-24.4,-34.16,9.76,19.52,-29.28,-146.4,43.92,92.72,141.52,-53.68,-161.04
0,-9.76,-9.76,4.88,4.88,-9.76,-151.28,34.16,112.24,141.52,-58.56,-141.52
9.76,-4.88,-14.64,0,9.76,-9.76,-151.28,24.4,107.36,136.64,-53.68,-122
-4.88,-43.92,-39.04,24.4,14.64,-43.92,-146.4,58.56,107.36,146.4,-43.92,-102.48
9.76,-24.4,-34.16,9.76,19.52,-29.28,-107.36,78.08,102.48,161.04,-29.28,-78.08
0,-34.16,-34.16,19.52,14.64,-34.16,-122,43.92,97.6,151.28,-24.4,-58.56
-4.88,-43.92,-39.04,24.4,14.64,-43.92,-122,48.8,102.48,136.64,-24.4,-53.68
19.52,-34.16,-53.68,9.76,34.16,-43.92,-126.88,73.2,82.96,122,-43.92,-53.68
0,-29.28,-29.28,14.64,14.64,-29.28,-122,92.72,107.36,122,-48.8,-48.8
-9.76,-39.04,-29.28,24.4,9.76,-34.16,-122,43.92,117.12,136.64,-39.04,-29.28
-14.64,-43.92,-29.28,29.28,4.88,-39.04,-102.48,48.8,122,141.52,-39.04,-24.4
0,-43.92,-43.92,24.4,19.52,-43.92,-107.36,78.08,112.24,141.52,-53.68,-48.8
4.88,-48.8,-53.68,24.4,29.28,-53.68,-87.84,82.96,131.76,151.28,-39.04,-39.04
24.4,-29.28,-53.68,4.88,39.04,-43.92,-68.32,87.84,141.52,161.04,-39.04,-34.16
34.16,-29.28,-63.44,0,48.8,-48.8,-43.92,112.24,122,156.16,-43.92,-34.16
24.4,-34.16,-58.56,4.88,39.04,-48.8,-43.92,107.36,112.24,136.64,-48.8,-29.28
14.64,-43.92,-58.56,14.64,34.16,-53.68,-63.44,58.56,102.48,136.64,-43.92,-39.04
14.64,-43.92,-58.56,14.64,34.16,-53.68,-39.04,107.36,136.64,161.04,-24.4,-24.4
9.76,-48.8,-58.56,19.52,34.16,-53.68,-43.92,78.08,126.88,151.28,-34.16,-39.04
-4.88,-63.44,-58.56,34.16,24.4,-63.44,-63.44,53.68,117.12,156.16,-29.28,-58.56
9.76,-43.92,-53.68,19.52,29.28,-48.8,-48.8,73.2,131.76,170.8,-29.28,-82.96
9.76,-39.04,-48.8,14.64,29.28,-43.92,-39.04,58.56,126.88,165.92,-39.04,-112.24
0,-48.8,-48.8,24.4,24.4,-48.8,-29.28,68.32,141.52,170.8,-24.4,-126.88
-9.76,-53.68,-43.92,34.16,14.64,-48.8,-9.76,92.72,151.28,180.56,-14.64,-136.64
4.88,-58.56,-63.44,29.28,34.16,-63.44,0,107.36,156.16,170.8,-19.52,-151.28
9.76,-34.16,-43.92,14.64,24.4,-39.04,34.16,112.24,170.8,180.56,-4.88,-136.64
34.16,-24.4,-58.56,-4.88,43.92,-43.92,53.68,82.96,180.56,165.92,0,-136.64
34.16,-24.4,-58.56,-4.88,43.92,-43.92,53.68,68.32,156.16,165.92,-4.88,-141.52
14.64,-34.16,-48.8,9.76,29.28,-43.92,68.32,102.48,151.28,185.44,14.64,-126.88
9.76,-34.16,-43.92,14.64,24.4,-39.04,58.56,131.76,156.16,195.2,24.4,-117.12
24.4,-19.52,-43.92,0,34.16,-34.16,39.04,112.24,161.04,209.84,24.4,-126.88
0,-14.64,-14.64,9.76,4.88,-14.64,19.52,87.84,161.04,195.2,14.64,-146.4
-19.52,-34.16,-14.64,29.28,-4.88,-24.4,9.76,92.72,190.32,209.84,24.4,-146.4
4.88,-24.4,-29.28,9.76,14.64,-29.28,9.76,97.6,204.96,229.36,29.28,-151.28
9.76,-9.76,-19.52,0,14.64,-14.64,14.64,112.24,200.08,239.12,34.16,-146.4
9.76,-34.16,-43.92,14.64,24.4,-39.04,-14.64,82.96,165.92,209.84,4.88,-170.8
58.56,-48.8,-107.36,-4.88,82.96,-78.08,-14.64,58.56,156.16,204.96,4.88,-175.68
14.64,-39.04,-53.68,14.64,34.16,-48.8,19.52,112.24,190.32,244,29.28,-156.16
-4.88,-39.04,-34.16,24.4,14.64,-39.04,24.4,146.4,209.84,263.52,34.16,-141.52
4.88,-29.28,-34.16,14.64,19.52,-34.16,43.92,165.92,234.24,283.04,43.92,-141.52
24.4,-39.04,-63.44,9.76,43.92,-53.68,39.04,161.04,229.36,278.16,34.16,-156.16
48.8,-39.04,-87.84,-4.88,68.32,-63.44,39.04,136.64,244,287.92,34.16,-151.28
24.4,-4.88,-29.28,-9.76,24.4,-19.52,73.2,195.2,244,302.56,43.92,-141.52
43.92,14.64,-29.28,-29.28,34.16,-9.76,39.04,165.92,244,312.32,43.92,-161.04
48.8,0,-48.8,-24.4,48.8,-24.4,48.8,170.8,258.64,326.96,53.68,-141.52
9.76,-34.16,-43.92,14.64,24.4,-39.04,48.8,170.8,278.16,331.84,53.68,-141.52
19.52,-19.52,-39.04,0,29.28,-29.28,24.4,219.6,283.04,331.84,58.56,-146.4
43.92,-4.88,-48.8,-19.52,43.92,-29.28,29.28,244,312.32,366,78.08,-126.88
48.8,14.64,-34.16,-29.28,39.04,-9.76,34.16,263.52,341.6,400.16,97.6,-107.36
63.44,34.16,-29.28,-48.8,43.92,0,24.4,283.04,361.12,414.8,112.24,-97.6
39.04,24.4,-14.64,-29.28,24.4,4.88,-4.88,268.4,366,419.68,112.24,-102.48
4.88,-4.88,-9.76,0,4.88,-9.76,-39.04,292.8,400.16,444.08,117.12,-92.72
14.64,0,-14.64,-4.88,14.64,-9.76,-43.92,317.2,414.8,458.72,136.64,-82.96
9.76,-4.88,-14.64,0,9.76,-9.76,-87.84,326.96,424.56,473.36,146.4,-87.84
19.52,0,-19.52,-9.76,19.52,-9.76,-107.36,322.08,439.2,483.12,156.16,-87.84
34.16,29.28,-4.88,-29.28,19.52,9.76,-122,287.92,424.56,483.12,156.16,-92.72
29.28,34.16,4.88,-29.28,9.76,19.52,-131.76,268.4,434.32,492.88,170.8,-92.72
24.4,14.64,-9.76,-19.52,14.64,0,-131.76,292.8,478.24,517.28,190.32,-78.08
29.28,29.28,0,-29.28,14.64,14.64,-161.04,273.28,473.36,512.4,185.44,-87.84
19.52,24.4,4.88,-19.52,4.88,14.64,-156.16,248.88,453.84,517.28,200.08,-87.84
34.16,14.64,-19.52,-24.4,24.4,-4.88,-131.76,214.72,448.96,531.92,209.84,-82.96
24.4,14.64,-9.76,-19.52,14.64,0,-112.24,214.72,434.32,531.92,204.96,-87.84
9.76,14.64,4.88,-9.76,0,9.76,-107.36,195.2,395.28,527.04,209.84,-92.72
39.04,48.8,9.76,-43.92,14.64,29.28,-102.48,185.44,390.4,541.68,224.48,-87.84
53.68,29.28,-24.4,-39.04,39.04,0,-97.6,141.52,405.04,541.68,234.24,-87.84
43.92,24.4,-19.52,-34.16,29.28,0,-92.72,131.76,400.16,546.56,234.24,-87.84
34.16,29.28,-4.88,-29.28,19.52,9.76,-78.08,161.04,429.44,566.08,258.64,-78.08
34.16,53.68,19.52,-43.92,4.88,34.16,-82.96,180.56,439.2,580.72,263.52,-82.96
0,-4.88,-4.88,4.88,0,-4.88,-68.32,165.92,434.32,590.48,273.28,-78.08
-14.64,-14.64,0,14.64,-9.76,-9.76,-63.44,170.8,429.44,610,292.8,-73.2
24.4,39.04,14.64,-29.28,4.88,24.4,-48.8,190.32,424.56,629.52,307.44,-68.32
19.52,9.76,-9.76,-14.64,14.64,0,-63.44,180.56,458.72,653.92,322.08,-58.56
43.92,-14.64,-58.56,-14.64,48.8,-39.04,-73.2,156.16,444.08,649.04,322.08,-78.08
34.16,48.8,14.64,-39.04,9.76,29.28,-58.56,165.92,448.96,668.56,346.48,-82.96
24.4,29.28,4.88,-24.4,9.76,14.64,-53.68,175.68,483.12,692.96,366,-68.32
39.04,39.04,0,-39.04,19.52,19.52,-63.44,161.04,478.24,683.2,366,-87.84
34.16,14.64,-19.52,-24.4,24.4,-4.88,-53.68,165.92,483.12,702.72,385.52,-78.08
63.44,48.8,-14.64,-53.68,39.04,14.64,-87.84,151.28,463.6,702.72,375.76,-107.36
53.68,39.04,-14.64,-43.92,34.16,9.76,-87.84,170.8,492.88,727.12,400.16,-87.84
68.32,63.44,-4.88,-63.44,34.16,29.28,-68.32,195.2,541.68,775.92,448.96,-58.56
73.2,48.8,-24.4,-58.56,48.8,9.76,-82.96,214.72,556.32,790.56,463.6,-63.44
34.16,4.88,-29.28,-19.52,29.28,-14.64,-92.72,214.72,546.56,805.2,468.48,-68.32
9.76,4.88,-4.88,-4.88,4.88,0,-78.08,219.6,551.44,814.96,497.76,-63.44
19.52,0,-19.52,-9.76,19.52,-9.76,-53.68,214.72,551.44,829.6,507.52,-68.32
29.28,-19.52,-48.8,-4.88,39.04,-34.16,-63.44,214.72,570.96,839.36,527.04,-63.44
39.04,-9.76,-48.8,-14.64,43.92,-29.28,-68.32,224.48,575.84,834.48,536.8,-63.44
78.08,0,-78.08,-39.04,78.08,-39.04,-68.32,209.84,570.96,834.48,551.44,-63.44
53.68,-19.52,-73.2,-14.64,63.44,-48.8,-73.2,219.6,566.08,839.36,566.08,-68.32
14.64,-29.28,-43.92,9.76,29.28,-39.04,-82.96,234.24,556.32,839.36,566.08,-73.2
43.92,-19.52,-63.44,-9.76,53.68,-43.92,-78.08,229.36,551.44,844.24,575.84,-73.2
29.28,-39.04,-68.32,4.88,48.8,-53.68,-73.2,239.12,570.96,854,585.6,-68.32
43.92,-24.4,-68.32,-9.76,53.68,-48.8,-97.6,253.76,570.96,858.88,600.24,-73.2
63.44,-14.64,-78.08,-24.4,68.32,-48.8,-97.6,244,585.6,858.88,619.76,-63.44
34.16,0,-34.16,-14.64,34.16,-19.52,-102.48,200.08,575.84,839.36,614.88,-78.08
63.44,19.52,-43.92,-39.04,53.68,-14.64,-87.84,258.64,566.08,849.12,629.52,-58.56
87.84,19.52,-68.32,-53.68,78.08,-24.4,-82.96,234.24,536.8,824.72,634.4,-68.32
87.84,-4.88,-92.72,-39.04,87.84,-48.8,-112.24,195.2,507.52,800.32,619.76,-87.84
73.2,-9.76,-82.96,-29.28,78.08,-48.8,-107.36,195.2,507.52,795.44,619.76,-78.08
97.6,14.64,-82.96,-53.68,87.84,-34.16,-82.96,200.08,522.16,810.08,639.28,-48.8
82.96,14.64,-68.32,-48.8,73.2,-29.28,-87.84,180.56,502.64,785.68,639.28,-58.56
102.48,19.52,-82.96,-58.56,92.72,-34.16,-102.48,156.16,478.24,771.04,619.76,-68.32
87.84,-9.76,-97.6,-39.04,92.72,-53.68,-112.24,190.32,488,775.92,619.76,-68.32
112.24,14.64,-97.6,-63.44,102.48,-43.92,-126.88,161.04,483.12,761.28,614.88,-68.32
78.08,24.4,-53.68,-48.8,63.44,-14.64,-117.12,146.4,468.48,751.52,624.64,-68.32
78.08,9.76,-68.32,-43.92,73.2,-29.28,-112.24,180.56,463.6,736.88,619.76,-73.2
92.72,0,-92.72,-43.92,92.72,-48.8,-92.72,200.08,468.48,732,624.64,-53.68
97.6,-4.88,-102.48,-43.92,97.6,-53.68,-102.48,156.16,439.2,702.72,610,-58.56
97.6,-4.88,-102.48,-43.92,97.6,-53.68,-87.84,161.04,409.92,688.08,600.24,-58.56
112.24,24.4,-87.84,-68.32,97.6,-34.16,-82.96,161.04,385.52,673.44,590.48,-43.92
92.72,14.64,-78.08,-53.68,82.96,-34.16,-78.08,112.24,366,649.04,575.84,-43.92
73.2,9.76,-63.44,-39.04,68.32,-29.28,-78.08,131.76,361.12,634.4,556.32,-43.92
82.96,4.88,-78.08,-43.92,78.08,-39.04,-78.08,126.88,370.88,619.76,541.68,-34.16
97.6,-19.52,-117.12,-39.04,107.36,-68.32,-92.72,107.36,346.48,605.12,536.8,-29.28
92.72,-19.52,-112.24,-34.16,102.48,-68.32,-82.96,122,317.2,575.84,522.16,-24.4
78.08,-9.76,-87.84,-34.16,82.96,-48.8,-82.96,122,317.2,556.32,502.64,-9.76
87.84,14.64,-73.2,-48.8,78.08,-29.28,-97.6,107.36,287.92,522.16,473.36,-14.64
92.72,14.64,-78.08,-53.68,82.96,-34.16,-107.36,68.32,268.4,478.24,439.2,-19.52
87.84,39.04,-48.8,-63.44,68.32,-4.88,-102.48,87.84,244,453.84,414.8,-14.64
78.08,4.88,-73.2,-39.04,73.2,-34.16,-82.96,97.6,224.48,429.44,395.28,0
78.08,-24.4,-102.48,-24.4,87.84,-63.44,-68.32,82.96,209.84,405.04,370.88,9.76
92.72,14.64,-78.08,-53.68,82.96,-34.16,-53.68,92.72,209.84,400.16,361.12,29.28
107.36,29.28,-78.08,-68.32,92.72,-24.4,-58.56,97.6,200.08,370.88,326.96,24.4
78.08,-9.76,-87.84,-34.16,82.96,-48.8,-87.84,73.2,165.92,331.84,287.92,14.64
43.92,-34.16,-78.08,-4.88,58.56,-58.56,-92.72,63.44,161.04,302.56,258.64,0
68.32,-9.76,-78.08,-29.28,73.2,-43.92,-73.2,63.44,161.04,287.92,258.64,14.64
97.6,9.76,-87.84,-53.68,92.72,-39.04,-87.84,92.72,136.64,258.64,224.48,0
73.2,19.52,-53.68,-43.92,63.44,-19.52,-82.96,122,136.64,244,209.84,9.76
82.96,39.04,-43.92,-58.56,63.44,-4.88,-87.84,131.76,131.76,219.6,180.56,0
78.08,24.4,-53.68,-48.8,63.44,-14.64,-87.84,175.68,151.28,214.72,170.8,14.64
68.32,39.04,-29.28,-53.68,48.8,4.88,-82.96,170.8,141.52,214.72,170.8,34.16
63.44,39.04,-24.4,-48.8,43.92,4.88,-102.48,131.76,131.76,195.2,141.52,24.4
58.56,34.16,-24.4,-43.92,39.04,4.88,-117.12,117.12,126.88,165.92,122,19.52
68.32,48.8,-19.52,-58.56,43.92,14.64,-117.12,97.6,107.36,151.28,107.36,24.4
53.68,29.28,-24.4,-39.04,39.04,0,-117.12,73.2,107.36,131.76,92.72,14.64
34.16,29.28,-4.88,-29.28,19.52,9.76,-107.36,63.44,122,126.88,82.96,24.4
24.4,34.16,9.76,-29.28,4.88,19.52,-126.88,48.8,82.96,112.24,58.56,9.76
4.88,24.4,19.52,-14.64,-9.76,19.52,-151.28,29.28,73.2,97.6,48.8,0
19.52,24.4,4.88,-19.52,4.88,14.64,-156.16,29.28,53.68,78.08,29.28,0
39.04,19.52,-19.52,-29.28,29.28,0,-165.92,14.64,29.28,43.92,-9.76,-9.76
9.76,4.88,-4.88,-4.88,4.88,0,-122,0,24.4,29.28,-19.52,0
-4.88,0,4.88,4.88,-4.88,0,-78.08,-4.88,-4.88,14.64,-39.04,9.76
0,9.76,9.76,-4.88,-4.88,9.76,-102.48,-19.52,-53.68,-19.52,-63.44,0
4.88,29.28,24.4,-14.64,-9.76,24.4,-92.72,-58.56,-58.56,-29.28,-73.2,-4.88
19.52,39.04,19.52,-29.28,0,29.28,-107.36,-102.48,-107.36,-68.32,-107.36,-34.16
-4.88,14.64,19.52,-4.88,-14.64,14.64,-102.48,-97.6,-126.88,-87.84,-122,-43.92
-14.64,-14.64,0,14.64,-9.76,-9.76,-82.96,-82.96,-102.48,-82.96,-131.76,-34.16
-24.4,-39.04,-14.64,34.16,-4.88,-29.28,-87.84,-92.72,-126.88,-102.48,-151.28,-53.68
-58.56,-63.44,-4.88,63.44,-29.28,-34.16,-87.84,-82.96,-112.24,-107.36,-156.16,-48.8
-53.68,-58.56,-4.88,58.56,-24.4,-34.16,-82.96,-68.32,-136.64,-112.24,-165.92,-43.92
-4.88,-48.8,-43.92,29.28,19.52,-48.8,-107.36,-82.96,-141.52,-117.12,-180.56,-63.44
-39.04,-48.8,-9.76,43.92,-14.64,-29.28,-97.6,-87.84,-117.12,-107.36,-175.68,-53.68
-34.16,-39.04,-4.88,39.04,-14.64,-24.4,-92.72,-53.68,-131.76,-122,-185.44,-58.56
-43.92,-53.68,-9.76,48.8,-19.52,-34.16,-82.96,-68.32,-131.76,-117.12,-190.32,-58.56
-48.8,-34.16,14.64,43.92,-34.16,-9.76,-78.08,-53.68,-131.76,-117.12,-180.56,-48.8
-43.92,-48.8,-4.88,48.8,-19.52,-29.28,-102.48,-43.92,-146.4,-141.52,-204.96,-68.32
-78.08,-43.92,34.16,63.44,-58.56,-4.88,-78.08,-68.32,-126.88,-131.76,-200.08,-68.32
-68.32,-48.8,19.52,58.56,-43.92,-14.64,-82.96,-73.2,-136.64,-131.76,-195.2,-73.2
-73.2,-68.32,4.88,73.2,-39.04,-34.16,-97.6,-63.44,-107.36,-141.52,-195.2,-78.08
-53.68,-53.68,0,53.68,-29.28,-29.28,-78.08,-92.72,-117.12,-131.76,-190.32,-68.32
-53.68,-73.2,-19.52,63.44,-19.52,-48.8,-48.8,-73.2,-131.76,-136.64,-180.56,-68.32
-92.72,-97.6,-4.88,97.6,-43.92,-53.68,-82.96,-43.92,-141.52,-136.64,-195.2,-82.96
-102.48,-92.72,9.76,97.6,-58.56,-43.92,-73.2,-53.68,-136.64,-151.28,-200.08,-82.96
-87.84,-82.96,4.88,87.84,-48.8,-39.04,-73.2,-63.44,-117.12,-131.76,-190.32,-78.08
-68.32,-58.56,9.76,63.44,-39.04,-24.4,-48.8,-68.32,-126.88,-141.52,-190.32,-82.96
-63.44,-53.68,9.76,58.56,-39.04,-24.4,-53.68,-68.32,-131.76,-151.28,-200.08,-87.84
-39.04,-73.2,-34.16,58.56,-4.88,-53.68,-58.56,-68.32,-122,-151.28,-204.96,-92.72
-43.92,-73.2,-29.28,58.56,-9.76,-53.68,-34.16,-63.44,-117.12,-146.4,-190.32,-87.84
-78.08,-73.2,4.88,78.08,-43.92,-34.16,-4.88,-39.04,-107.36,-136.64,-185.44,-78.08
-78.08,-63.44,14.64,73.2,-48.8,-24.4,-29.28,-48.8,-117.12,-141.52,-200.08,-92.72
-92.72,-92.72,0,92.72,-48.8,-48.8,-29.28,-19.52,-78.08,-122,-180.56,-87.84
-78.08,-97.6,-19.52,87.84,-29.28,-58.56,-34.16,9.76,-68.32,-117.12,-195.2,-107.36
-34.16,-63.44,-29.28,48.8,-4.88,-48.8,-29.28,-19.52,-73.2,-112.24,-195.2,-112.24
-39.04,-53.68,-14.64,48.8,-14.64,-34.16,-29.28,-34.16,-82.96,-107.36,-195.2,-112.24
-117.12,-102.48,14.64,112.24,-68.32,-43.92,-14.64,-9.76,-92.72,-102.48,-190.32,-112.24
-102.48,-63.44,39.04,82.96,-73.2,-14.64,0,-19.52,-78.08,-102.48,-195.2,-112.24
-87.84,-73.2,14.64,82.96,-53.68,-29.28,9.76,-4.88,-68.32,-92.72,-190.32,-112.24
-82.96,-63.44,19.52,73.2,-53.68,-24.4,39.04,-29.28,-68.32,-82.96,-180.56,-107.36
-43.92,-73.2,-29.28,58.56,-9.76,-53.68,43.92,-24.4,-73.2,-97.6,-190.32,-112.24
-34.16,-97.6,-63.44,68.32,14.64,-82.96,53.68,14.64,-53.68,-92.72,-195.2,-112.24
-48.8,-73.2,-24.4,63.44,-14.64,-48.8,48.8,14.64,-39.04,-73.2,-180.56,-107.36
-63.44,-53.68,9.76,58.56,-39.04,-24.4,73.2,0,-48.8,-63.44,-170.8,-107.36
-58.56,-43.92,14.64,53.68,-39.04,-14.64,43.92,-4.88,-53.68,-63.44,-180.56,-126.88
-48.8,-58.56,-9.76,53.68,-19.52,-34.16,24.4,-4.88,-53.68,-58.56,-170.8,-131.76
-68.32,-68.32,0,68.32,-34.16,-34.16,19.52,-19.52,-53.68,-58.56,-165.92,-136.64
-68.32,-68.32,0,68.32,-34.16,-34.16,29.28,-4.88,-34.16,-39.04,-146.4,-131.76
-68.32,-87.84,-19.52,78.08,-24.4,-53.68,68.32,4.88,4.88,-14.64,-122,-112.24
-87.84,-122,-34.16,107.36,-29.28,-78.08,48.8,24.4,-29.28,-24.4,-131.76,-122
-63.44,-102.48,-39.04,82.96,-14.64,-73.2,53.68,34.16,-4.88,-9.76,-117.12,-112.24
-53.68,-63.44,-9.76,58.56,-24.4,-39.04,63.44,4.88,9.76,0,-112.24,-102.48
-53.68,-63.44,-9.76,58.56,-24.4,-39.04,63.44,9.76,19.52,14.64,-97.6,-97.6
-48.8,-73.2,-24.4,63.44,-14.64,-48.8,68.32,29.28,24.4,29.28,-87.84,-82.96
-58.56,-73.2,-14.64,68.32,-24.4,-43.92,58.56,58.56,34.16,34.16,-97.6,-92.72
-68.32,-48.8,19.52,58.56,-43.92,-14.64,87.84,102.48,48.8,58.56,-78.08,-92.72
-48.8,-58.56,-9.76,53.68,-19.52,-34.16,68.32,92.72,43.92,63.44,-68.32,-92.72
-63.44,-63.44,0,63.44,-34.16,-34.16,58.56,68.32,73.2,82.96,-58.56,-92.72
-82.96,-48.8,34.16,68.32,-58.56,-9.76,68.32,87.84,102.48,97.6,-43.92,-87.84
-63.44,-39.04,24.4,53.68,-43.92,-9.76,68.32,102.48,92.72,102.48,-39.04,-87.84
-58.56,0,58.56,29.28,-58.56,29.28,78.08,136.64,97.6,102.48,-34.16,-87.84
-58.56,-9.76,48.8,34.16,-53.68,19.52,97.6,122,87.84,117.12,-19.52,-73.2
-73.2,-29.28,43.92,53.68,-58.56,4.88,102.48,97.6,131.76,141.52,0,-58.56
-63.44,-48.8,14.64,58.56,-39.04,-19.52,112.24,146.4,141.52,156.16,14.64,-53.68
-58.56,-48.8,9.76,53.68,-34.16,-19.52,117.12,151.28,136.64,156.16,19.52,-48.8
-48.8,-29.28,19.52,39.04,-34.16,-4.88,87.84,146.4,141.52,161.04,19.52,-53.68
-29.28,-9.76,19.52,19.52,-24.4,4.88,78.08,151.28,146.4,165.92,29.28,-58.56
-48.8,-24.4,24.4,39.04,-39.04,0,87.84,180.56,170.8,175.68,43.92,-58.56
-39.04,-14.64,24.4,29.28,-34.16,4.88,68.32,195.2,161.04,165.92,43.92,-73.2
-73.2,-29.28,43.92,53.68,-58.56,4.88,78.08,165.92,161.04,170.8,53.68,-68.32
-82.96,-4.88,78.08,43.92,-82.96,34.16,73.2,156.16,170.8,165.92,48.8,-73.2
-63.44,9.76,73.2,29.28,-68.32,39.04,78.08,146.4,200.08,170.8,53.68,-68.32
-53.68,-24.4,29.28,39.04,-43.92,0,97.6,131.76,170.8,170.8,68.32,-53.68
-29.28,-29.28,0,29.28,-14.64,-14.64,73.2,78.08,112.24,146.4,43.92,-78.08
-39.04,-39.04,0,39.04,-19.52,-19.52,102.48,73.2,112.24,141.52,43.92,-68.32
-14.64,-29.28,-14.64,24.4,0,-24.4,122,102.48,117.12,141.52,48.8,-63.44
-39.04,-24.4,14.64,34.16,-29.28,-4.88,122,68.32,107.36,136.64,58.56,-63.44
-102.48,-58.56,43.92,82.96,-73.2,-9.76,117.12,58.56,82.96,122,48.8,-73.2
-102.48,-63.44,39.04,82.96,-73.2,-14.64,82.96,48.8,58.56,107.36,39.04,-78.08
-53.68,-34.16,19.52,43.92,-39.04,-9.76,78.08,58.56,48.8,107.36,43.92,-73.2
-53.68,-9.76,43.92,34.16,-48.8,14.64,58.56,43.92,39.04,92.72,34.16,-68.32
-78.08,-24.4,53.68,53.68,-68.32,14.64,48.8,-4.88,24.4,68.32,9.76,-82.96
-82.96,-58.56,24.4,73.2,-53.68,-19.52,58.56,-9.76,34.16,73.2,14.64,-68.32
-92.72,-58.56,34.16,78.08,-63.44,-14.64,48.8,-4.88,24.4,68.32,4.88,-58.56
-117.12,-43.92,73.2,82.96,-97.6,14.64,34.16,19.52,34.16,68.32,9.76,-48.8
-92.72,-34.16,58.56,63.44,-78.08,9.76,43.92,9.76,24.4,78.08,19.52,-29.28
-63.44,-4.88,58.56,34.16,-63.44,24.4,34.16,-9.76,24.4,63.44,9.76,-39.04
-78.08,-9.76,68.32,43.92,-73.2,29.28,29.28,0,19.52,58.56,4.88,-29.28
-112.24,-63.44,48.8,87.84,-82.96,-9.76,24.4,9.76,-4.88,43.92,-14.64,-34.16
-126.88,-78.08,48.8,102.48,-87.84,-14.64,14.64,14.64,-14.64,34.16,-24.4,-39.04
-97.6,-68.32,29.28,82.96,-63.44,-19.52,14.64,14.64,-19.52,34.16,-19.52,-29.28
-92.72,-53.68,39.04,73.2,-68.32,-9.76,14.64,-24.4,-24.4,24.4,-29.28,-29.28
-87.84,-58.56,29.28,73.2,-58.56,-14.64,0,-14.64,-24.4,24.4,-39.04,-34.16
-73.2,-48.8,24.4,63.44,-48.8,-14.64,0,0,-19.52,24.4,-39.04,-19.52
-82.96,-24.4,58.56,53.68,-73.2,14.64,0,14.64,-9.76,19.52,-43.92,-14.64
-78.08,-29.28,48.8,53.68,-63.44,9.76,29.28,29.28,-4.88,34.16,-19.52,4.88
-48.8,-43.92,4.88,48.8,-29.28,-19.52,0,-24.4,-24.4,4.88,-48.8,-14.64
-97.6,-43.92,53.68,73.2,-78.08,4.88,4.88,-39.04,-9.76,-9.76,-58.56,-24.4
-107.36,-48.8,58.56,78.08,-82.96,4.88,24.4,-39.04,-48.8,-9.76,-48.8,-9.76
-58.56,-43.92,14.64,53.68,-39.04,-14.64,29.28,-4.88,-63.44,-19.52,-53.68,-14.64
-58.56,-29.28,29.28,43.92,-43.92,0,39.04,14.64,-53.68,-19.52,-58.56,-4.88
-73.2,-53.68,19.52,63.44,-48.8,-19.52,48.8,-4.88,-34.16,-14.64,-48.8,14.64
-107.36,-78.08,29.28,92.72,-68.32,-24.4,34.16,-29.28,-43.92,-24.4,-68.32,-4.88
-87.84,-43.92,43.92,68.32,-68.32,0,39.04,-4.88,-43.92,-24.4,-68.32,-9.76
-78.08,-29.28,48.8,53.68,-63.44,9.76,73.2,-24.4,-43.92,-29.28,-73.2,-9.76
-58.56,-34.16,24.4,48.8,-43.92,-4.88,73.2,-34.16,-63.44,-34.16,-73.2,-19.52
-68.32,-19.52,48.8,43.92,-58.56,14.64,68.32,-29.28,-63.44,-29.28,-68.32,-14.64
-68.32,-58.56,9.76,63.44,-39.04,-24.4,82.96,-48.8,-63.44,-53.68,-82.96,-24.4
-73.2,-63.44,9.76,68.32,-43.92,-29.28,87.84,-29.28,-78.08,-58.56,-78.08,-24.4
-87.84,-73.2,14.64,82.96,-53.68,-29.28,107.36,-4.88,-68.32,-53.68,-73.2,-4.88
-78.08,-78.08,0,78.08,-39.04,-39.04,97.6,-29.28,-63.44,-63.44,-92.72,-14.64
-78.08,-58.56,19.52,68.32,-48.8,-19.52,102.48,-34.16,-68.32,-58.56,-92.72,-9.76
-73.2,-63.44,9.76,68.32,-43.92,-29.28,87.84,-43.92,-92.72,-68.32,-102.48,-24.4
-97.6,-43.92,53.68,73.2,-78.08,4.88,87.84,-53.68,-73.2,-63.44,-107.36,-29.28
-78.08,-34.16,43.92,58.56,-63.44,4.88,82.96,-34.16,-68.32,-68.32,-112.24,-39.04
-63.44,-48.8,14.64,58.56,-39.04,-19.52,82.96,-14.64,-73.2,-68.32,-112.24,-39.04
-78.08,-29.28,48.8,53.68,-63.44,9.76,82.96,-4.88,-82.96,-68.32,-117.12,-48.8
-97.6,-34.16,63.44,68.32,-82.96,14.64,78.08,-19.52,-97.6,-73.2,-117.12,-34.16
-87.84,-53.68,34.16,73.2,-63.44,-9.76,87.84,-14.64,-92.72,-73.2,-117.12,-34.16
-63.44,-53.68,9.76,58.56,-39.04,-24.4,107.36,9.76,-53.68,-63.44,-107.36,-19.52
-53.68,-68.32,-14.64,63.44,-19.52,-43.92,117.12,4.88,-43.92,-63.44,-102.48,-9.76
-48.8,-82.96,-34.16,68.32,-9.76,-58.56,107.36,34.16,-73.2,-63.44,-107.36,-9.76
-73.2,-97.6,-24.4,87.84,-24.4,-63.44,107.36,14.64,-53.68,-48.8,-97.6,0
-63.44,-102.48,-39.04,82.96,-14.64,-73.2,92.72,4.88,-53.68,-58.56,-107.36,-9.76
-63.44,-78.08,-14.64,73.2,-24.4,-48.8,78.08,4.88,-78.08,-63.44,-107.36,-14.64
-48.8,-68.32,-19.52,58.56,-14.64,-43.92,78.08,48.8,-73.2,-58.56,-102.48,-4.88
-48.8,-78.08,-29.28,63.44,-9.76,-53.68,87.84,58.56,-78.08,-63.44,-107.36,-14.64
-78.08,-63.44,14.64,73.2,-48.8,-24.4,87.84,43.92,-73.2,-63.44,-107.36,-9.76
-68.32,-53.68,14.64,63.44,-43.92,-19.52,92.72,39.04,-53.68,-58.56,-87.84,4.88
-34.16,-48.8,-14.64,43.92,-9.76,-34.16,97.6,39.04,-58.56,-63.44,-92.72,0
-19.52,-39.04,-19.52,29.28,0,-29.28,112.24,63.44,-24.4,-53.68,-78.08,24.4
-87.84,-63.44,24.4,78.08,-58.56,-19.52,87.84,14.64,-58.56,-78.08,-97.6,9.76
-58.56,-53.68,4.88,58.56,-34.16,-24.4,78.08,0,-68.32,-82.96,-97.6,9.76
-58.56,-63.44,-4.88,63.44,-29.28,-34.16,107.36,24.4,-24.4,-53.68,-78.08,34.16
-102.48,-92.72,9.76,97.6,-58.56,-43.92,87.84,68.32,-34.16,-53.68,-78.08,29.28
-87.84,-48.8,39.04,68.32,-63.44,-4.88,68.32,87.84,-34.16,-58.56,-78.08,19.52
-73.2,-29.28,43.92,53.68,-58.56,4.88,73.2,58.56,-29.28,-53.68,-82.96,14.64
-58.56,-43.92,14.64,53.68,-39.04,-14.64,68.32,43.92,-14.64,-53.68,-87.84,14.64
-78.08,-53.68,24.4,68.32,-53.68,-14.64,87.84,39.04,-29.28,-63.44,-82.96,14.64
-102.48,-82.96,19.52,92.72,-63.44,-34.16,87.84,4.88,-53.68,-73.2,-92.72,9.76
-63.44,-58.56,4.88,63.44,-34.16,-29.28,82.96,9.76,-58.56,-82.96,-97.6,9.76
-48.8,-34.16,14.64,43.92,-34.16,-9.76,126.88,-19.52,-68.32,-73.2,-82.96,34.16
-53.68,-53.68,0,53.68,-29.28,-29.28,112.24,-4.88,-78.08,-73.2,-87.84,39.04
-43.92,-53.68,-9.76,48.8,-19.52,-34.16,78.08,-19.52,-68.32,-78.08,-97.6,43.92
-53.68,-53.68,0,53.68,-29.28,-29.28,97.6,-19.52,-78.08,-78.08,-87.84,48.8
-68.32,-48.8,19.52,58.56,-43.92,-14.64,87.84,-19.52,-92.72,-82.96,-97.6,43.92
-58.56,-24.4,34.16,43.92,-48.8,4.88,73.2,-53.68,-102.48,-92.72,-102.48,34.16
-63.44,-43.92,19.52,53.68,-43.92,-14.64,68.32,-24.4,-87.84,-87.84,-102.48,34.16
-43.92,-34.16,9.76,39.04,-29.28,-14.64,73.2,-48.8,-92.72,-82.96,-97.6,39.04
-78.08,-53.68,24.4,68.32,-53.68,-14.64,92.72,-73.2,-107.36,-87.84,-102.48,39.04
-117.12,-97.6,19.52,107.36,-68.32,-39.04,82.96,-78.08,-126.88,-92.72,-107.36,39.04
-117.12,-82.96,34.16,102.48,-78.08,-24.4,68.32,-92.72,-117.12,-92.72,-107.36,48.8
-112.24,-53.68,58.56,82.96,-87.84,0,68.32,-87.84,-112.24,-82.96,-102.48,53.68
-92.72,-48.8,43.92,73.2,-68.32,-4.88,73.2,-73.2,-112.24,-73.2,-97.6,68.32
-19.52,34.16,53.68,-4.88,-39.04,43.92,92.72,-48.8,-102.48,-68.32,-87.84,68.32
-19.52,-9.76,9.76,14.64,-14.64,0,112.24,-48.8,-102.48,-68.32,-78.08,73.2
-112.24,-107.36,4.88,112.24,-58.56,-53.68,102.48,-34.16,-87.84,-68.32,-92.72,48.8
-97.6,-107.36,-9.76,102.48,-43.92,-58.56,92.72,-19.52,-43.92,-53.68,-82.96,24.4
-58.56,-92.72,-34.16,78.08,-14.64,-63.44,87.84,29.28,14.64,-9.76,-53.68,0
-19.52,-97.6,-78.08,58.56,29.28,-87.84,73.2,63.44,-9.76,39.04,-4.88,-29.28
9.76,-73.2,-82.96,34.16,43.92,-78.08,53.68,97.6,34.16,126.88,78.08,-63.44
-29.28,-82.96,-53.68,58.56,9.76,-68.32,53.68,112.24,97.6,273.28,239.12,0
-24.4,-73.2,-48.8,48.8,9.76,-63.44,53.68,97.6,151.28,429.44,448.96,131.76
19.52,-9.76,-29.28,-4.88,24.4,-19.52,14.64,68.32,190.32,556.32,683.2,317.2
24.4,58.56,34.16,-39.04,-4.88,43.92,-14.64,4.88,136.64,566.08,912.56,590.48
34.16,126.88,92.72,-78.08,-29.28,107.36,-73.2,-82.96,43.92,453.84,1049.2,907.68
39.04,200.08,161.04,-117.12,-63.44,180.56,-126.88,-151.28,-19.52,322.08,1166.32,1273.68
117.12,356.24,239.12,-234.24,-63.44,297.68,-209.84,-292.8,-136.64,136.64,1332.24,1786.08
151.28,444.08,292.8,-297.68,-73.2,366,-317.2,-458.72,-380.64,-165.92,1410.32,2396.08
156.16,507.52,351.36,-331.84,-97.6,429.44,-458.72,-658.8,-692.96,-663.68,1312.72,2981.68
200.08,610,409.92,-405.04,-107.36,507.52,-551.44,-863.76,-1063.84,-1273.68,1098,3450.16
234.24,619.76,385.52,-424.56,-78.08,502.64,-634.4,-1005.28,-1307.84,-1776.32,810.08,3694.16
239.12,595.36,356.24,-414.8,-58.56,473.36,-692.96,-1093.12,-1517.68,-2152.08,444.08,3645.36
224.48,614.88,390.4,-419.68,-82.96,502.64,-688.08,-1102.88,-1625.04,-2488.8,-117.12,3318.4
156.16,653.92,497.76,-405.04,-170.8,575.84,-692.96,-1156.56,-1795.84,-2869.44,-932.08,2796.24
87.84,722.24,634.4,-405.04,-273.28,678.32,-697.84,-1239.52,-2010.56,-3264.72,-1839.76,2152.08
-9.76,678.32,688.08,-331.84,-351.36,683.2,-649.04,-1239.52,-2147.2,-3474.56,-2430.24,1390.8
-34.16,536.8,570.96,-248.88,-302.56,551.44,-585.6,-1171.2,-2215.52,-3557.52,-2742.56,610
-48.8,375.76,424.56,-161.04,-239.12,400.16,-478.24,-1088.24,-2210.64,-3528.24,-2854.8,102.48
-24.4,244,268.4,-107.36,-146.4,253.76,-405.04,-1117.52,-2318,-3459.92,-2864.56,-224.48
-24.4,170.8,195.2,-73.2,-112.24,180.56,-366,-1078.48,-2303.36,-3235.44,-2698.64,-390.4
-102.48,146.4,248.88,-19.52,-175.68,195.2,-302.56,-1024.8,-2171.6,-2893.84,-2400.96,-473.36
-151.28,126.88,278.16,14.64,-214.72,200.08,-219.6,-936.96,-1947.12,-2508.32,-2078.88,-478.24
-195.2,43.92,239.12,78.08,-219.6,141.52,-126.88,-761.28,-1629.92,-2069.12,-1727.52,-463.6
-200.08,-4.88,195.2,102.48,-200.08,92.72,-82.96,-551.44,-1346.88,-1673.84,-1439.6,-468.48
-185.44,-39.04,146.4,112.24,-165.92,53.68,-87.84,-453.84,-1063.84,-1342,-1180.96,-400.16
-136.64,-29.28,107.36,82.96,-122,39.04,-68.32,-326.96,-844.24,-1029.68,-951.6,-307.44
-102.48,-34.16,68.32,68.32,-87.84,14.64,-63.44,-287.92,-668.56,-790.56,-761.28,-244
-73.2,-53.68,19.52,63.44,-48.8,-19.52,-39.04,-268.4,-488,-570.96,-566.08,-146.4
-53.68,-9.76,43.92,34.16,-48.8,14.64,-24.4,-195.2,-375.76,-405.04,-434.32,-82.96
-48.8,-19.52,29.28,34.16,-39.04,4.88,4.88,-156.16,-258.64,-283.04,-346.48,-73.2
-58.56,-9.76,48.8,34.16,-53.68,19.52,24.4,-141.52,-190.32,-200.08,-278.16,-63.44
-58.56,-29.28,29.28,43.92,-43.92,0,63.44,-78.08,-141.52,-122,-219.6,-43.92
-63.44,-82.96,-19.52,73.2,-24.4,-53.68,87.84,-43.92,-78.08,-73.2,-180.56,-29.28
-68.32,-87.84,-19.52,78.08,-24.4,-53.68,107.36,-24.4,-68.32,-39.04,-156.16,-14.64
-87.84,-112.24,-24.4,102.48,-34.16,-68.32,107.36,-19.52,-68.32,-24.4,-146.4,0
-78.08,-97.6,-19.52,87.84,-29.28,-58.56,97.6,-19.52,-63.44,-14.64,-151.28,-4.88
-68.32,-78.08,-9.76,73.2,-29.28,-43.92,102.48,-9.76,-68.32,0,-141.52,0
-82.96,-73.2,9.76,78.08,-48.8,-34.16,112.24,-4.88,-39.04,19.52,-107.36,9.76
-68.32,-82.96,-14.64,78.08,-29.28,-48.8,122,14.64,-39.04,29.28,-87.84,14.64
-53.68,-82.96,-29.28,68.32,-14.64,-58.56,97.6,-14.64,-34.16,29.28,-97.6,-14.64
-58.56,-73.2,-14.64,68.32,-24.4,-43.92,87.84,-9.76,-9.76,34.16,-87.84,-9.76
-58.56,-112.24,-53.68,87.84,-4.88,-82.96,97.6,4.88,-4.88,43.92,-82.96,0
-53.68,-102.48,-48.8,78.08,-4.88,-78.08,73.2,9.76,4.88,39.04,-107.36,-9.76
-53.68,-97.6,-43.92,78.08,-4.88,-73.2,58.56,43.92,24.4,58.56,-97.6,-4.88
-53.68,-107.36,-53.68,82.96,0,-82.96,58.56,58.56,19.52,68.32,-92.72,-9.76
-39.04,-97.6,-58.56,68.32,9.76,-78.08,63.44,39.04,9.76,63.44,-107.36,-39.04
-24.4,-63.44,-39.04,43.92,4.88,-53.68,58.56,43.92,19.52,63.44,-92.72,-53.68
-43.92,-29.28,14.64,39.04,-29.28,-9.76,24.4,48.8,14.64,58.56,-87.84,-78.08
-29.28,-58.56,-29.28,43.92,0,-43.92,24.4,48.8,19.52,68.32,-63.44,-63.44
-53.68,-63.44,-9.76,58.56,-24.4,-39.04,34.16,19.52,4.88,73.2,-43.92,-43.92
-63.44,-92.72,-29.28,78.08,-19.52,-63.44,29.28,9.76,0,73.2,-34.16,-24.4
-34.16,-82.96,-48.8,58.56,4.88,-68.32,29.28,-9.76,-19.52,63.44,-39.04,-9.76
-24.4,-92.72,-68.32,58.56,19.52,-82.96,39.04,-34.16,-43.92,48.8,-53.68,-4.88
-34.16,-117.12,-82.96,78.08,24.4,-102.48,53.68,-24.4,-43.92,43.92,-58.56,4.88
-53.68,-82.96,-29.28,68.32,-14.64,-58.56,63.44,9.76,-24.4,63.44,-39.04,34.16
-53.68,-92.72,-39.04,73.2,-9.76,-68.32,43.92,-39.04,-39.04,58.56,-58.56,14.64
-29.28,-73.2,-43.92,53.68,4.88,-58.56,48.8,-43.92,-24.4,58.56,-53.68,19.52
-19.52,-92.72,-73.2,58.56,24.4,-82.96,68.32,-19.52,-4.88,63.44,-43.92,24.4
-73.2,-122,-48.8,97.6,-14.64,-87.84,87.84,-4.88,-9.76,82.96,-39.04,34.16
-68.32,-112.24,-43.92,92.72,-14.64,-78.08,107.36,-43.92,4.88,87.84,-29.28,29.28
-39.04,-97.6,-58.56,68.32,9.76,-78.08,102.48,-39.04,-4.88,78.08,-34.16,29.28
-68.32,-87.84,-19.52,78.08,-24.4,-53.68,112.24,-29.28,19.52,87.84,-29.28,39.04
-63.44,-97.6,-34.16,82.96,-14.64,-68.32,126.88,-29.28,19.52,87.84,-29.28,48.8
-68.32,-117.12,-48.8,92.72,-9.76,-82.96,131.76,4.88,34.16,92.72,-29.28,48.8
-78.08,-117.12,-39.04,97.6,-19.52,-78.08,146.4,24.4,39.04,112.24,-19.52,68.32
-73.2,-131.76,-58.56,102.48,-9.76,-97.6,156.16,-4.88,48.8,112.24,-34.16,53.68
-73.2,-92.72,-19.52,82.96,-29.28,-58.56,126.88,4.88,43.92,112.24,-34.16,39.04
-78.08,-97.6,-19.52,87.84,-29.28,-58.56,126.88,-9.76,53.68,131.76,-19.52,53.68
-92.72,-97.6,-4.88,97.6,-43.92,-53.68,122,-39.04,29.28,126.88,-29.28,48.8
-73.2,-92.72,-19.52,82.96,-29.28,-58.56,151.28,-48.8,24.4,117.12,-48.8,19.52
-82.96,-97.6,-14.64,92.72,-34.16,-58.56,136.64,-9.76,43.92,122,-34.16,34.16
-92.72,-82.96,9.76,87.84,-53.68,-39.04,107.36,-29.28,48.8,126.88,-39.04,34.16
-73.2,-29.28,43.92,53.68,-58.56,4.88,107.36,-34.16,53.68,131.76,-29.28,43.92
-73.2,-48.8,24.4,63.44,-48.8,-14.64,112.24,-29.28,43.92,151.28,-9.76,63.44
-73.2,-29.28,43.92,53.68,-58.56,4.88,87.84,-34.16,34.16,151.28,-14.64,53.68
-58.56,-63.44,-4.88,63.44,-29.28,-34.16,112.24,-9.76,73.2,185.44,9.76,68.32
-48.8,-87.84,-39.04,68.32,-4.88,-63.44,97.6,29.28,58.56,180.56,4.88,63.44
-58.56,-82.96,-24.4,73.2,-19.52,-53.68,78.08,-4.88,82.96,190.32,14.64,58.56
-68.32,-87.84,-19.52,78.08,-24.4,-53.68,73.2,-4.88,78.08,204.96,29.28,58.56
-73.2,-58.56,14.64,68.32,-43.92,-24.4,43.92,-34.16,63.44,200.08,9.76,24.4
-73.2,-53.68,19.52,63.44,-48.8,-19.52,34.16,-19.52,92.72,209.84,34.16,34.16
-53.68,-73.2,-19.52,63.44,-19.52,-48.8,43.92,9.76,122,239.12,58.56,48.8
-34.16,-73.2,-39.04,53.68,0,-58.56,43.92,9.76,117.12,244,68.32,43.92
-68.32,-92.72,-24.4,82.96,-24.4,-58.56,53.68,19.52,112.24,253.76,78.08,48.8
-58.56,-87.84,-29.28,73.2,-14.64,-58.56,24.4,-9.76,107.36,248.88,68.32,24.4
-53.68,-73.2,-19.52,63.44,-19.52,-48.8,39.04,14.64,141.52,278.16,92.72,34.16
-34.16,-68.32,-34.16,53.68,0,-53.68,82.96,19.52,151.28,302.56,117.12,48.8
-39.04,-87.84,-48.8,63.44,4.88,-68.32,73.2,24.4,151.28,297.68,117.12,39.04
-48.8,-87.84,-39.04,68.32,-4.88,-63.44,53.68,48.8,161.04,307.44,126.88,34.16
-34.16,-87.84,-53.68,63.44,9.76,-73.2,43.92,24.4,161.04,312.32,122,14.64
-39.04,-73.2,-34.16,58.56,-4.88,-53.68,29.28,34.16,151.28,297.68,122,0
-29.28,-53.68,-24.4,43.92,-4.88,-39.04,29.28,39.04,156.16,312.32,136.64,0
-4.88,-43.92,-39.04,24.4,14.64,-43.92,29.28,24.4,170.8,326.96,141.52,4.88
-24.4,-58.56,-34.16,43.92,4.88,-48.8,29.28,24.4,161.04,322.08,136.64,-24.4
-29.28,-34.16,-4.88,34.16,-14.64,-19.52,39.04,39.04,151.28,336.72,156.16,-9.76
-29.28,-34.16,-4.88,34.16,-14.64,-19.52,48.8,43.92,170.8,356.24,165.92,-4.88
-14.64,-43.92,-29.28,29.28,4.88,-39.04,53.68,39.04,180.56,370.88,180.56,0
-4.88,-73.2,-68.32,39.04,29.28,-73.2,53.68,73.2,204.96,385.52,200.08,0
-34.16,-73.2,-39.04,53.68,0,-58.56,43.92,78.08,195.2,400.16,209.84,0
-29.28,-53.68,-24.4,43.92,-4.88,-39.04,29.28,73.2,214.72,405.04,214.72,-4.88
-48.8,-78.08,-29.28,63.44,-9.76,-53.68,14.64,63.44,229.36,419.68,229.36,-9.76
19.52,-48.8,-68.32,14.64,43.92,-58.56,-4.88,53.68,248.88,419.68,239.12,-19.52
29.28,-39.04,-68.32,4.88,48.8,-53.68,4.88,68.32,248.88,439.2,258.64,-4.88
-39.04,-73.2,-34.16,58.56,-4.88,-53.68,-9.76,58.56,248.88,448.96,263.52,-24.4
-48.8,-92.72,-43.92,73.2,-4.88,-68.32,-9.76,63.44,287.92,473.36,283.04,-19.52
0,-73.2,-73.2,39.04,34.16,-73.2,0,82.96,292.8,492.88,292.8,-19.52
19.52,-53.68,-73.2,19.52,43.92,-63.44,-19.52,107.36,312.32,507.52,312.32,-19.52
-24.4,-58.56,-34.16,43.92,4.88,-48.8,0,97.6,307.44,536.8,336.72,-9.76
-19.52,-43.92,-24.4,34.16,0,-34.16,14.64,112.24,317.2,561.2,361.12,-4.88
4.88,-34.16,-39.04,14.64,19.52,-39.04,19.52,117.12,317.2,566.08,370.88,-24.4
9.76,-19.52,-29.28,4.88,19.52,-24.4,9.76,131.76,326.96,585.6,390.4,-19.52
4.88,-19.52,-24.4,9.76,14.64,-24.4,4.88,151.28,341.6,600.24,409.92,-14.64
4.88,-34.16,-39.04,14.64,19.52,-39.04,4.88,170.8,351.36,614.88,424.56,-14.64
39.04,-19.52,-58.56,-9.76,48.8,-39.04,-19.52,131.76,356.24,629.52,419.68,-34.16
14.64,-34.16,-48.8,9.76,29.28,-43.92,-9.76,136.64,414.8,673.44,468.48,-4.88
29.28,-48.8,-78.08,9.76,53.68,-63.44,-4.88,190.32,448.96,697.84,492.88,-4.88
19.52,-24.4,-43.92,4.88,29.28,-34.16,9.76,190.32,473.36,712.48,507.52,-9.76
19.52,-19.52,-39.04,0,29.28,-29.28,14.64,165.92,458.72,741.76,536.8,0
19.52,-48.8,-68.32,14.64,43.92,-58.56,24.4,180.56,458.72,761.28,561.2,9.76
48.8,-29.28,-78.08,-9.76,63.44,-53.68,19.52,170.8,473.36,775.92,580.72,-4.88
43.92,-9.76,-53.68,-14.64,48.8,-34.16,19.52,156.16,488,795.44,614.88,4.88
29.28,-9.76,-39.04,-9.76,34.16,-24.4,19.52,161.04,478.24,805.2,634.4,9.76
43.92,-14.64,-58.56,-14.64,48.8,-39.04,0,156.16,468.48,805.2,634.4,-9.76
58.56,-4.88,-63.44,-24.4,58.56,-34.16,14.64,165.92,473.36,834.48,653.92,-9.76
39.04,-29.28,-68.32,-4.88,53.68,-48.8,9.76,136.64,512.4,854,683.2,0
58.56,-29.28,-87.84,-14.64,73.2,-58.56,-19.52,131.76,512.4,868.64,697.84,-9.76
34.16,-43.92,-78.08,4.88,53.68,-63.44,-9.76,151.28,527.04,893.04,722.24,0
48.8,-29.28,-78.08,-9.76,63.44,-53.68,-24.4,156.16,527.04,897.92,741.76,-14.64
68.32,-9.76,-78.08,-29.28,73.2,-43.92,-39.04,170.8,531.92,897.92,746.64,-19.52
58.56,-24.4,-82.96,-14.64,68.32,-53.68,-24.4,156.16,527.04,907.68,756.4,-24.4
63.44,0,-63.44,-29.28,63.44,-34.16,-19.52,117.12,512.4,907.68,775.92,-24.4
63.44,19.52,-43.92,-39.04,53.68,-14.64,19.52,112.24,536.8,917.44,800.32,-9.76
48.8,4.88,-43.92,-24.4,43.92,-19.52,14.64,102.48,502.64,912.56,800.32,-9.76
58.56,-19.52,-78.08,-19.52,68.32,-48.8,4.88,107.36,507.52,912.56,805.2,-9.76
63.44,-9.76,-73.2,-24.4,68.32,-43.92,0,131.76,536.8,927.2,829.6,4.88
78.08,24.4,-53.68,-48.8,63.44,-14.64,-14.64,131.76,527.04,927.2,824.72,-4.88
43.92,-9.76,-53.68,-14.64,48.8,-34.16,0,146.4,517.28,927.2,834.48,9.76
19.52,-58.56,-78.08,19.52,48.8,-68.32,4.88,107.36,502.64,922.32,839.36,0
29.28,-43.92,-73.2,9.76,48.8,-58.56,-14.64,102.48,492.88,902.8,829.6,-14.64
58.56,4.88,-53.68,-29.28,53.68,-24.4,-19.52,126.88,507.52,902.8,829.6,-14.64
68.32,4.88,-63.44,-34.16,63.44,-29.28,-9.76,112.24,492.88,897.92,839.36,-14.64
78.08,4.88,-73.2,-39.04,73.2,-34.16,-4.88,102.48,478.24,873.52,829.6,-14.64
53.68,-24.4,-78.08,-14.64,63.44,-53.68,19.52,112.24,478.24,868.64,834.48,-4.88
68.32,-9.76,-78.08,-29.28,73.2,-43.92,19.52,102.48,473.36,858.88,824.72,-9.76
102.48,24.4,-78.08,-63.44,87.84,-29.28,24.4,107.36,448.96,834.48,819.84,-4.88
107.36,9.76,-97.6,-58.56,102.48,-43.92,34.16,102.48,453.84,829.6,814.96,4.88
97.6,-29.28,-126.88,-34.16,112.24,-78.08,0,97.6,414.8,805.2,790.56,-9.76
58.56,-14.64,-73.2,-19.52,63.44,-43.92,-9.76,78.08,405.04,790.56,780.8,-14.64
53.68,9.76,-43.92,-29.28,48.8,-19.52,-24.4,58.56,390.4,761.28,766.16,-19.52
68.32,14.64,-53.68,-39.04,58.56,-19.52,-24.4,63.44,390.4,761.28,766.16,-9.76
78.08,14.64,-63.44,-43.92,68.32,-24.4,-29.28,63.44,385.52,732,751.52,-9.76
102.48,9.76,-92.72,-53.68,97.6,-43.92,-39.04,68.32,366,707.6,736.88,-4.88
87.84,29.28,-58.56,-58.56,73.2,-14.64,-34.16,82.96,356.24,697.84,736.88,4.88
78.08,34.16,-43.92,-53.68,58.56,-4.88,-39.04,92.72,370.88,673.44,717.36,14.64
78.08,19.52,-58.56,-48.8,68.32,-19.52,-53.68,82.96,331.84,644.16,692.96,14.64
92.72,14.64,-78.08,-53.68,82.96,-34.16,-53.68,24.4,297.68,605.12,653.92,14.64
107.36,14.64,-92.72,-58.56,97.6,-39.04,-58.56,14.64,263.52,575.84,614.88,4.88
87.84,19.52,-68.32,-53.68,78.08,-24.4,-82.96,14.64,248.88,556.32,590.48,14.64
92.72,39.04,-53.68,-63.44,73.2,-9.76,-78.08,53.68,244,536.8,570.96,19.52
78.08,-9.76,-87.84,-34.16,82.96,-48.8,-102.48,29.28,219.6,497.76,522.16,0
58.56,0,-58.56,-29.28,58.56,-29.28,-122,9.76,204.96,458.72,502.64,-4.88
82.96,4.88,-78.08,-43.92,78.08,-39.04,-131.76,0,185.44,434.32,473.36,-9.76
92.72,24.4,-68.32,-58.56,78.08,-24.4,-156.16,-14.64,156.16,395.28,424.56,-29.28
73.2,9.76,-63.44,-39.04,68.32,-29.28,-136.64,-4.88,141.52,366,390.4,-29.28
68.32,-9.76,-78.08,-29.28,73.2,-43.92,-126.88,9.76,136.64,341.6,366,-24.4
68.32,0,-68.32,-34.16,68.32,-34.16,-87.84,24.4,141.52,322.08,346.48,-19.52
102.48,4.88,-97.6,-53.68,97.6,-48.8,-87.84,-9.76,112.24,287.92,312.32,-29.28
112.24,34.16,-78.08,-73.2,92.72,-24.4,-117.12,-29.28,63.44,244,263.52,-63.44
87.84,34.16,-53.68,-58.56,68.32,-9.76,-102.48,-19.52,92.72,219.6,248.88,-53.68
73.2,4.88,-68.32,-39.04,68.32,-34.16,-107.36,-24.4,82.96,209.84,219.6,-73.2
68.32,-4.88,-73.2,-29.28,68.32,-39.04,-102.48,-4.88,53.68,175.68,195.2,-78.08
63.44,-9.76,-73.2,-24.4,68.32,-43.92,-82.96,-29.28,43.92,146.4,170.8,-78.08
43.92,-24.4,-68.32,-9.76,53.68,-48.8,-73.2,-39.04,39.04,131.76,146.4,-82.96
39.04,0,-39.04,-19.52,39.04,-19.52,-92.72,-24.4,24.4,107.36,117.12,-87.84
14.64,-4.88,-19.52,-4.88,14.64,-14.64,-78.08,-24.4,4.88,97.6,102.48,-78.08
19.52,9.76,-9.76,-14.64,14.64,0,-97.6,-73.2,-29.28,73.2,82.96,-82.96
39.04,14.64,-24.4,-24.4,29.28,-4.88,-73.2,-63.44,-24.4,68.32,73.2,-73.2
34.16,9.76,-24.4,-19.52,29.28,-9.76,-68.32,-73.2,-34.16,48.8,48.8,-78.08
48.8,19.52,-29.28,-34.16,39.04,-4.88,-48.8,-63.44,-43.92,29.28,34.16,-78.08
63.44,14.64,-48.8,-39.04,53.68,-19.52,-39.04,-53.68,-29.28,24.4,29.28,-68.32
9.76,-19.52,-29.28,4.88,19.52,-24.4,-29.28,-68.32,-29.28,-4.88,9.76,-73.2
29.28,-24.4,-53.68,0,39.04,-39.04,-24.4,-53.68,-63.44,-14.64,-4.88,-78.08
68.32,-9.76,-78.08,-29.28,73.2,-43.92,-39.04,-48.8,-78.08,-39.04,-29.28,-97.6
58.56,-14.64,-73.2,-19.52,63.44,-43.92,-39.04,-63.44,-39.04,-48.8,-43.92,-107.36
34.16,-39.04,-73.2,4.88,53.68,-58.56,-19.52,-87.84,-78.08,-73.2,-63.44,-122
-19.52,-63.44,-43.92,43.92,9.76,-53.68,-4.88,-87.84,-92.72,-87.84,-78.08,-131.76
9.76,-19.52,-29.28,4.88,19.52,-24.4,-14.64,-82.96,-107.36,-92.72,-92.72,-141.52
24.4,-19.52,-43.92,0,34.16,-34.16,14.64,-53.68,-82.96,-87.84,-82.96,-131.76
19.52,-9.76,-29.28,-4.88,24.4,-19.52,0,-92.72,-117.12,-112.24,-107.36,-146.4
24.4,-4.88,-29.28,-9.76,24.4,-19.52,4.88,-82.96,-117.12,-112.24,-107.36,-146.4
-4.88,-29.28,-24.4,19.52,9.76,-29.28,9.76,-87.84,-117.12,-126.88,-107.36,-146.4
-9.76,-39.04,-29.28,24.4,9.76,-34.16,19.52,-92.72,-126.88,-126.88,-107.36,-151.28
14.64,-34.16,-48.8,9.76,29.28,-43.92,0,-117.12,-136.64,-151.28,-126.88,-165.92
0,-63.44,-63.44,34.16,29.28,-63.44,-4.88,-82.96,-112.24,-131.76,-117.12,-161.04
-24.4,-63.44,-39.04,43.92,4.88,-53.68,-9.76,-82.96,-117.12,-131.76,-107.36,-156.16
-4.88,-43.92,-39.04,24.4,14.64,-43.92,0,-92.72,-97.6,-122,-92.72,-146.4
-24.4,-14.64,9.76,19.52,-19.52,-4.88,-19.52,-112.24,-131.76,-141.52,-112.24,-170.8
-19.52,-19.52,0,19.52,-9.76,-9.76,-29.28,-92.72,-136.64,-146.4,-112.24,-180.56
-29.28,-68.32,-39.04,48.8,4.88,-53.68,-14.64,-102.48,-122,-141.52,-102.48,-170.8
-14.64,-39.04,-24.4,29.28,4.88,-34.16,-14.64,-107.36,-117.12,-141.52,-102.48,-180.56
-24.4,-39.04,-14.64,34.16,-4.88,-29.28,4.88,-92.72,-122,-141.52,-92.72,-175.68
-19.52,-43.92,-24.4,34.16,0,-34.16,14.64,-78.08,-136.64,-146.4,-87.84,-185.44
14.64,-24.4,-39.04,4.88,24.4,-34.16,-4.88,-63.44,-146.4,-151.28,-92.72,-190.32
14.64,-34.16,-48.8,9.76,29.28,-43.92,-19.52,-112.24,-156.16,-156.16,-107.36,-209.84
-9.76,-29.28,-19.52,19.52,4.88,-24.4,-29.28,-112.24,-136.64,-151.28,-102.48,-204.96
24.4,-29.28,-53.68,4.88,39.04,-43.92,-29.28,-78.08,-112.24,-146.4,-102.48,-204.96
-9.76,-58.56,-48.8,34.16,19.52,-53.68,-24.4,-92.72,-122,-136.64,-97.6,-204.96
-39.04,-58.56,-19.52,48.8,-9.76,-39.04,-34.16,-63.44,-102.48,-122,-92.72,-209.84
-9.76,-43.92,-34.16,29.28,9.76,-39.04,-34.16,-78.08,-58.56,-126.88,-87.84,-204.96
34.16,-63.44,-97.6,14.64,63.44,-82.96,-43.92,-112.24,-97.6,-136.64,-107.36,-224.48
4.88,-68.32,-73.2,34.16,39.04,-73.2,-29.28,-97.6,-117.12,-136.64,-92.72,-209.84
-39.04,-63.44,-24.4,53.68,-9.76,-43.92,0,-97.6,-87.84,-122,-78.08,-195.2
-43.92,-48.8,-4.88,48.8,-19.52,-29.28,-24.4,-73.2,-92.72,-126.88,-87.84,-209.84
-14.64,-34.16,-19.52,24.4,0,-29.28,-14.64,-53.68,-78.08,-107.36,-68.32,-190.32
0,-34.16,-34.16,19.52,14.64,-34.16,-9.76,-82.96,-92.72,-112.24,-68.32,-200.08
-19.52,-68.32,-48.8,43.92,14.64,-58.56,-4.88,-63.44,-73.2,-102.48,-68.32,-200.08
-14.64,-53.68,-39.04,34.16,9.76,-48.8,9.76,-73.2,-68.32,-97.6,-63.44,-209.84
-43.92,-68.32,-24.4,58.56,-9.76,-48.8,-4.88,-82.96,-73.2,-97.6,-68.32,-219.6
-9.76,-68.32,-58.56,39.04,24.4,-63.44,-19.52,-48.8,-73.2,-92.72,-58.56,-229.36
-39.04,-63.44,-24.4,53.68,-9.76,-43.92,-4.88,-14.64,-39.04,-63.44,-39.04,-209.84
-4.88,-19.52,-14.64,14.64,4.88,-19.52,-24.4,-68.32,-58.56,-73.2,-43.92,-224.48
4.88,-19.52,-24.4,9.76,14.64,-24.4,-4.88,-48.8,-34.16,-43.92,-14.64,-195.2
-14.64,-24.4,-9.76,19.52,-4.88,-19.52,-24.4,-43.92,-34.16,-53.68,-24.4,-209.84
4.88,-34.16,-39.04,14.64,19.52,-39.04,-24.4,-34.16,-19.52,-39.04,-19.52,-204.96
68.32,29.28,-39.04,-48.8,53.68,-4.88,-24.4,-53.68,-24.4,-39.04,-19.52,-200.08
29.28,24.4,-4.88,-24.4,14.64,9.76,-14.64,-48.8,-24.4,-19.52,-4.88,-180.56
-9.76,-19.52,-9.76,14.64,0,-14.64,-14.64,-24.4,-4.88,-9.76,0,-185.44
-4.88,-9.76,-4.88,9.76,0,-9.76,-14.64,-34.16,0,0,9.76,-180.56
19.52,4.88,-14.64,-9.76,14.64,-4.88,-34.16,-4.88,0,9.76,9.76,-185.44
-4.88,-29.28,-24.4,19.52,9.76,-29.28,-24.4,-9.76,4.88,14.64,14.64,-175.68
9.76,-19.52,-29.28,4.88,19.52,-24.4,-48.8,-24.4,4.88,4.88,9.76,-185.44
24.4,24.4,0,-24.4,9.76,9.76,-58.56,-24.4,14.64,19.52,19.52,-185.44
-9.76,9.76,19.52,0,-14.64,14.64,-39.04,-14.64,39.04,39.04,43.92,-161.04
9.76,39.04,29.28,-24.4,-9.76,34.16,-43.92,-19.52,29.28,34.16,29.28,-170.8
24.4,39.04,14.64,-29.28,4.88,24.4,-68.32,-9.76,34.16,39.04,34.16,-156.16
14.64,19.52,4.88,-14.64,4.88,9.76,-48.8,9.76,43.92,53.68,43.92,-141.52
9.76,9.76,0,-9.76,4.88,4.88,-63.44,0,43.92,58.56,39.04,-146.4
24.4,9.76,-14.64,-14.64,19.52,-4.88,-53.68,24.4,39.04,68.32,43.92,-136.64
14.64,0,-14.64,-4.88,14.64,-9.76,-58.56,73.2,48.8,73.2,43.92,-146.4
24.4,9.76,-14.64,-14.64,19.52,-4.88,-68.32,58.56,58.56,82.96,43.92,-146.4
43.92,4.88,-39.04,-24.4,39.04,-19.52,-58.56,29.28,58.56,82.96,39.04,-136.64
14.64,9.76,-4.88,-9.76,9.76,0,-92.72,9.76,43.92,73.2,34.16,-146.4
4.88,9.76,4.88,-4.88,0,4.88,-87.84,48.8,68.32,78.08,43.92,-136.64
14.64,19.52,4.88,-14.64,4.88,9.76,-87.84,19.52,68.32,87.84,39.04,-131.76
34.16,34.16,0,-34.16,14.64,14.64,-102.48,34.16,68.32,78.08,43.92,-126.88
34.16,14.64,-19.52,-24.4,24.4,-4.88,-78.08,39.04,73.2,92.72,53.68,-102.48
29.28,39.04,9.76,-34.16,9.76,24.4,-78.08,29.28,58.56,87.84,48.8,-102.48
9.76,29.28,19.52,-19.52,-4.88,24.4,-73.2,29.28,63.44,92.72,53.68,-97.6
29.28,4.88,-24.4,-14.64,24.4,-9.76,-58.56,29.28,63.44,92.72,58.56,-92.72
24.4,9.76,-14.64,-14.64,19.52,-4.88,-58.56,24.4,68.32,87.84,48.8,-102.48
9.76,4.88,-4.88,-4.88,4.88,0,-39.04,43.92,92.72,97.6,63.44,-92.72
24.4,19.52,-4.88,-19.52,14.64,4.88,-29.28,68.32,73.2,97.6,63.44,-97.6
9.76,4.88,-4.88,-4.88,4.88,0,-39.04,53.68,73.2,82.96,48.8,-107.36
19.52,-34.16,-53.68,9.76,34.16,-43.92,-53.68,39.04,63.44,78.08,48.8,-112.24
-4.88,-39.04,-34.16,24.4,14.64,-39.04,-53.68,43.92,58.56,73.2,48.8,-112.24
-4.88,-14.64,-9.76,9.76,0,-14.64,-29.28,97.6,73.2,78.08,53.68,-92.72
-4.88,0,4.88,4.88,-4.88,0,-19.52,112.24,63.44,82.96,53.68,-87.84
19.52,29.28,9.76,-24.4,4.88,19.52,-43.92,87.84,58.56,73.2,48.8,-102.48
14.64,-4.88,-19.52,-4.88,14.64,-14.64,-29.28,34.16,63.44,58.56,43.92,-102.48
9.76,-19.52,-29.28,4.88,19.52,-24.4,-29.28,34.16,48.8,63.44,43.92,-97.6
14.64,-14.64,-29.28,0,19.52,-24.4,-9.76,43.92,78.08,68.32,48.8,-92.72
14.64,-19.52,-34.16,4.88,24.4,-29.28,-4.88,43.92,63.44,63.44,48.8,-87.84
14.64,4.88,-9.76,-9.76,9.76,-4.88,-34.16,53.68,43.92,48.8,34.16,-107.36
34.16,9.76,-24.4,-19.52,29.28,-9.76,-48.8,34.16,48.8,48.8,24.4,-112.24
14.64,19.52,4.88,-14.64,4.88,9.76,-48.8,58.56,43.92,34.16,24.4,-107.36
9.76,-9.76,-19.52,0,14.64,-14.64,-43.92,92.72,73.2,58.56,34.16,-97.6
58.56,4.88,-53.68,-29.28,53.68,-24.4,-48.8,122,92.72,63.44,34.16,-97.6
34.16,-24.4,-58.56,-4.88,43.92,-43.92,-29.28,117.12,97.6,58.56,34.16,-97.6
19.52,-14.64,-34.16,0,24.4,-24.4,-43.92,102.48,87.84,43.92,24.4,-107.36
24.4,-14.64,-39.04,-4.88,29.28,-29.28,-87.84,136.64,87.84,39.04,19.52,-107.36
29.28,-24.4,-53.68,0,39.04,-39.04,-136.64,141.52,102.48,34.16,14.64,-112.24
24.4,0,-24.4,-9.76,24.4,-14.64,-141.52,146.4,131.76,53.68,34.16,-87.84
-4.88,0,4.88,4.88,-4.88,0,-146.4,102.48,97.6,43.92,34.16,-87.84
9.76,-14.64,-24.4,4.88,14.64,-19.52,-136.64,68.32,87.84,43.92,24.4,-97.6
19.52,-19.52,-39.04,0,29.28,-29.28,-122,34.16,48.8,9.76,9.76,-107.36
-4.88,-34.16,-29.28,19.52,9.76,-34.16,-97.6,0,14.64,-14.64,-9.76,-112.24
-14.64,-24.4,-9.76,19.52,-4.88,-19.52,-102.48,-34.16,-14.64,-24.4,-29.28,-136.64
-9.76,-24.4,-14.64,19.52,0,-19.52,-92.72,-9.76,-14.64,-29.28,-19.52,-126.88
4.88,-14.64,-19.52,4.88,9.76,-19.52,-87.84,-48.8,-34.16,-43.92,-29.28,-136.64
0,-19.52,-19.52,9.76,9.76,-19.52,-68.32,-68.32,-24.4,-39.04,-29.28,-131.76
-24.4,-34.16,-9.76,29.28,-9.76,-24.4,-48.8,-53.68,-34.16,-39.04,-29.28,-126.88
-4.88,-19.52,-14.64,14.64,4.88,-19.52,-73.2,-63.44,-43.92,-53.68,-43.92,-136.64
0,4.88,4.88,0,-4.88,4.88,-68.32,-58.56,-39.04,-68.32,-53.68,-141.52
-9.76,0,9.76,4.88,-9.76,4.88,-58.56,-39.04,-63.44,-68.32,-53.68,-136.64
0,-9.76,-9.76,4.88,4.88,-9.76,-58.56,-19.52,-58.56,-63.44,-48.8,-136.64
9.76,-34.16,-43.92,14.64,24.4,-39.04,-53.68,-48.8,-68.32,-73.2,-63.44,-141.52
-9.76,-43.92,-34.16,29.28,9.76,-39.04,-53.68,-48.8,-39.04,-63.44,-63.44,-151.28
-43.92,-39.04,4.88,43.92,-24.4,-19.52,-58.56,-58.56,-39.04,-63.44,-63.44,-156.16
-53.68,-29.28,24.4,43.92,-39.04,-4.88,-48.8,-43.92,-48.8,-63.44,-63.44,-156.16
4.88,-24.4,-29.28,9.76,14.64,-29.28,-63.44,-48.8,-48.8,-73.2,-73.2,-170.8
24.4,4.88,-19.52,-14.64,19.52,-9.76,-39.04,-43.92,-58.56,-78.08,-78.08,-165.92
-14.64,-24.4,-9.76,19.52,-4.88,-19.52,-34.16,-73.2,-68.32,-78.08,-73.2,-161.04
-9.76,-19.52,-9.76,14.64,0,-14.64,-43.92,-63.44,-73.2,-78.08,-78.08,-156.16
14.64,-9.76,-24.4,0,19.52,-19.52,-43.92,-53.68,-73.2,-82.96,-82.96,-151.28
0,-24.4,-24.4,14.64,9.76,-24.4,-29.28,-39.04,-39.04,-68.32,-68.32,-141.52
-14.64,-14.64,0,14.64,-9.76,-9.76,-24.4,-39.04,-9.76,-58.56,-63.44,-131.76
0,-9.76,-9.76,4.88,4.88,-9.76,-34.16,-73.2,-43.92,-63.44,-78.08,-141.52
4.88,-14.64,-19.52,4.88,9.76,-19.52,-48.8,-63.44,-58.56,-68.32,-78.08,-151.28
4.88,-4.88,-9.76,0,4.88,-9.76,-34.16,-48.8,-48.8,-58.56,-73.2,-141.52
9.76,-14.64,-24.4,4.88,14.64,-19.52,-63.44,-58.56,-78.08,-87.84,-107.36,-175.68
-24.4,0,24.4,14.64,-24.4,9.76,-43.92,-63.44,-63.44,-87.84,-102.48,-175.68
-29.28,-9.76,19.52,19.52,-24.4,4.88,-39.04,-53.68,-58.56,-82.96,-92.72,-165.92
-24.4,-19.52,4.88,24.4,-14.64,-9.76,-34.16,-48.8,-48.8,-73.2,-92.72,-161.04
4.88,-4.88,-9.76,0,4.88,-9.76,-14.64,-43.92,-34.16,-73.2,-87.84,-161.04
24.4,-9.76,-34.16,-4.88,29.28,-24.4,-9.76,-34.16,-34.16,-63.44,-82.96,-146.4
-9.76,-24.4,-14.64,19.52,0,-19.52,-4.88,0,-48.8,-58.56,-82.96,-151.28
-29.28,-9.76,19.52,19.52,-24.4,4.88,0,-39.04,-34.16,-48.8,-73.2,-136.64
24.4,0,-24.4,-9.76,24.4,-14.64,-24.4,-24.4,-53.68,-63.44,-92.72,-165.92
4.88,-14.64,-19.52,4.88,9.76,-19.52,-43.92,-43.92,-63.44,-78.08,-102.48,-175.68
-39.04,-9.76,29.28,24.4,-34.16,9.76,-14.64,-9.76,-24.4,-63.44,-82.96,-156.16
-58.56,-19.52,39.04,39.04,-48.8,9.76,-14.64,-43.92,-43.92,-73.2,-97.6,-161.04
-19.52,0,19.52,9.76,-19.52,9.76,-24.4,-53.68,-53.68,-73.2,-97.6,-161.04
-24.4,4.88,29.28,9.76,-29.28,14.64,-19.52,-29.28,-48.8,-63.44,-92.72,-146.4
-14.64,0,14.64,9.76,-14.64,4.88,-9.76,9.76,-29.28,-63.44,-82.96,-141.52
0,9.76,9.76,-4.88,-4.88,9.76,-4.88,0,-19.52,-63.44,-78.08,-131.76
-4.88,14.64,19.52,-4.88,-14.64,14.64,0,-29.28,-4.88,-58.56,-73.2,-131.76
-14.64,39.04,53.68,-9.76,-34.16,43.92,14.64,-4.88,0,-43.92,-63.44,-112.24
-14.64,43.92,58.56,-14.64,-39.04,48.8,9.76,-4.88,-14.64,-63.44,-68.32,-117.12
-4.88,24.4,29.28,-9.76,-19.52,24.4,-9.76,-29.28,-43.92,-78.08,-87.84,-136.64
29.28,34.16,4.88,-29.28,9.76,19.52,14.64,4.88,-43.92,-78.08,-78.08,-141.52
-19.52,-4.88,14.64,14.64,-19.52,4.88,4.88,-14.64,-34.16,-87.84,-92.72,-136.64
-34.16,19.52,53.68,9.76,-43.92,34.16,-4.88,-29.28,-48.8,-87.84,-92.72,-146.4
-19.52,14.64,34.16,4.88,-29.28,24.4,4.88,-43.92,-48.8,-87.84,-87.84,-136.64
-24.4,14.64,39.04,4.88,-34.16,24.4,-4.88,-29.28,-34.16,-92.72,-92.72,-136.64
-19.52,14.64,34.16,4.88,-29.28,24.4,34.16,-4.88,-24.4,-73.2,-78.08,-107.36
-29.28,24.4,53.68,4.88,-43.92,39.04,48.8,-19.52,-53.68,-78.08,-78.08,-112.24
-24.4,19.52,43.92,4.88,-34.16,29.28,34.16,-14.64,-48.8,-82.96,-87.84,-117.12
43.92,34.16,-9.76,-39.04,24.4,9.76,29.28,-9.76,-43.92,-87.84,-92.72,-122
29.28,9.76,-19.52,-19.52,24.4,-4.88,53.68,-4.88,-14.64,-82.96,-87.84,-117.12
-9.76,14.64,24.4,0,-19.52,19.52,78.08,24.4,-19.52,-82.96,-82.96,-122
0,34.16,34.16,-14.64,-19.52,34.16,68.32,9.76,-43.92,-92.72,-102.48,-122
-39.04,9.76,48.8,14.64,-43.92,29.28,43.92,24.4,-34.16,-97.6,-102.48,-126.88
-39.04,9.76,48.8,14.64,-43.92,29.28,43.92,9.76,-29.28,-87.84,-97.6,-126.88
-19.52,0,19.52,9.76,-19.52,9.76,39.04,4.88,-48.8,-97.6,-102.48,-126.88
-24.4,-24.4,0,24.4,-14.64,-14.64,29.28,14.64,-48.8,-102.48,-112.24,-131.76
-39.04,-24.4,14.64,34.16,-29.28,-4.88,24.4,14.64,-48.8,-97.6,-102.48,-126.88
-34.16,-9.76,24.4,24.4,-29.28,4.88,29.28,-19.52,-48.8,-102.48,-112.24,-136.64
-14.64,-4.88,9.76,9.76,-14.64,0,34.16,-24.4,-48.8,-97.6,-102.48,-122
-4.88,0,4.88,4.88,-4.88,0,73.2,-4.88,-24.4,-87.84,-87.84,-92.72
-19.52,0,19.52,9.76,-19.52,9.76,68.32,-9.76,-34.16,-92.72,-107.36,-107.36
0,-9.76,-9.76,4.88,4.88,-9.76,53.68,-14.64,-48.8,-107.36,-122,-117.12
-24.4,-24.4,0,24.4,-14.64,-14.64,53.68,34.16,-34.16,-102.48,-117.12,-107.36
-34.16,-24.4,9.76,29.28,-24.4,-9.76,53.68,19.52,-24.4,-97.6,-117.12,-117.12
-9.76,-4.88,4.88,9.76,-9.76,0,53.68,0,-29.28,-97.6,-122,-117.12
-34.16,-9.76,24.4,24.4,-29.28,4.88,87.84,9.76,4.88,-97.6,-117.12,-107.36
-34.16,0,34.16,19.52,-34.16,14.64,53.68,-9.76,-14.64,-107.36,-126.88,-131.76
-24.4,34.16,58.56,-4.88,-43.92,43.92,73.2,4.88,-24.4,-102.48,-131.76,-131.76
-29.28,29.28,58.56,0,-43.92,43.92,82.96,34.16,-24.4,-92.72,-117.12,-122
-19.52,0,19.52,9.76,-19.52,9.76,112.24,87.84,-4.88,-68.32,-92.72,-92.72
0,9.76,9.76,-4.88,-4.88,9.76,112.24,68.32,-9.76,-68.32,-107.36,-97.6
0,4.88,4.88,0,-4.88,4.88,92.72,68.32,-4.88,-78.08,-107.36,-97.6
0,-4.88,-4.88,4.88,0,-4.88,43.92,63.44,19.52,-73.2,-92.72,-82.96
-24.4,-24.4,0,24.4,-14.64,-14.64,4.88,82.96,19.52,-68.32,-92.72,-78.08
14.64,4.88,-9.76,-9.76,9.76,-4.88,-19.52,73.2,19.52,-68.32,-97.6,-82.96
48.8,39.04,-9.76,-43.92,29.28,14.64,-29.28,97.6,34.16,-48.8,-78.08,-58.56
19.52,0,-19.52,-9.76,19.52,-9.76,-63.44,68.32,14.64,-68.32,-102.48,-82.96
14.64,-14.64,-29.28,0,19.52,-24.4,-87.84,58.56,0,-68.32,-107.36,-87.84
0,19.52,19.52,-9.76,-9.76,19.52,-82.96,68.32,34.16,-53.68,-92.72,-78.08
48.8,63.44,14.64,-53.68,14.64,39.04,-92.72,78.08,63.44,-43.92,-82.96,-73.2
68.32,53.68,-14.64,-58.56,39.04,19.52,-78.08,73.2,53.68,-48.8,-87.84,-73.2
43.92,34.16,-9.76,-39.04,24.4,9.76,-58.56,29.28,0,-73.2,-112.24,-87.84
0,14.64,14.64,-4.88,-9.76,14.64,-53.68,9.76,-14.64,-87.84,-117.12,-92.72
0,4.88,4.88,0,-4.88,4.88,-43.92,4.88,4.88,-87.84,-122,-82.96
-4.88,4.88,9.76,0,-9.76,4.88,-43.92,4.88,-14.64,-97.6,-131.76,-87.84
-4.88,29.28,34.16,-9.76,-19.52,29.28,-53.68,-4.88,-48.8,-102.48,-131.76,-82.96
-29.28,0,29.28,14.64,-29.28,14.64,-63.44,-29.28,-53.68,-107.36,-141.52,-97.6
-29.28,4.88,34.16,14.64,-34.16,19.52,-87.84,-48.8,-82.96,-122,-156.16,-122
29.28,29.28,0,-29.28,14.64,14.64,-82.96,-63.44,-82.96,-126.88,-156.16,-122
24.4,4.88,-19.52,-14.64,19.52,-9.76,-92.72,-58.56,-73.2,-122,-156.16,-122
-4.88,-4.88,0,4.88,-4.88,-4.88,-92.72,-78.08,-68.32,-112.24,-151.28,-122
-14.64,9.76,24.4,4.88,-19.52,14.64,-82.96,-78.08,-73.2,-102.48,-131.76,-107.36
14.64,14.64,0,-14.64,4.88,4.88,-97.6,-53.68,-68.32,-107.36,-136.64,-107.36
29.28,24.4,-4.88,-24.4,14.64,9.76,-87.84,-43.92,-43.92,-107.36,-136.64,-97.6
48.8,24.4,-24.4,-34.16,34.16,0,-82.96,-68.32,-63.44,-112.24,-141.52,-97.6
29.28,0,-29.28,-14.64,29.28,-14.64,-78.08,-48.8,-53.68,-97.6,-122,-82.96
19.52,24.4,4.88,-19.52,4.88,14.64,-82.96,-68.32,-63.44,-97.6,-131.76,-87.84
9.76,14.64,4.88,-9.76,0,9.76,-92.72,-48.8,-68.32,-92.72,-131.76,-92.72
0,14.64,14.64,-4.88,-9.76,14.64,-82.96,-14.64,-53.68,-78.08,-112.24,-82.96
0,9.76,9.76,-4.88,-4.88,9.76,-82.96,-34.16,-58.56,-78.08,-117.12,-87.84
4.88,4.88,0,-4.88,0,0,-82.96,-53.68,-58.56,-78.08,-131.76,-102.48
24.4,34.16,9.76,-29.28,4.88,19.52,-87.84,-48.8,-39.04,-78.08,-122,-102.48
9.76,19.52,9.76,-14.64,0,14.64,-97.6,-14.64,-14.64,-82.96,-126.88,-102.48
19.52,19.52,0,-19.52,9.76,9.76,-82.96,-14.64,-53.68,-87.84,-136.64,-107.36
53.68,29.28,-24.4,-39.04,39.04,0,-68.32,-14.64,-48.8,-78.08,-122,-92.72
39.04,39.04,0,-39.04,19.52,19.52,-78.08,-29.28,-48.8,-78.08,-122,-87.84
34.16,48.8,14.64,-39.04,9.76,29.28,-68.32,-48.8,-48.8,-73.2,-112.24,-87.84
48.8,48.8,0,-48.8,24.4,24.4,-48.8,-39.04,-29.28,-63.44,-107.36,-73.2
29.28,48.8,19.52,-39.04,4.88,34.16,-73.2,-29.28,-39.04,-78.08,-112.24,-82.96
73.2,39.04,-34.16,-53.68,53.68,0,-82.96,-34.16,-63.44,-92.72,-131.76,-107.36
39.04,43.92,4.88,-39.04,14.64,24.4,-87.84,-58.56,-53.68,-92.72,-136.64,-122
0,43.92,43.92,-19.52,-24.4,43.92,-82.96,-39.04,-53.68,-87.84,-126.88,-122
19.52,24.4,4.88,-19.52,4.88,14.64,-68.32,-24.4,-39.04,-82.96,-117.12,-112.24
9.76,19.52,9.76,-14.64,0,14.64,-39.04,-34.16,-34.16,-73.2,-112.24,-102.48
58.56,53.68,-4.88,-53.68,29.28,24.4,-63.44,-9.76,-34.16,-78.08,-112.24,-102.48
43.92,39.04,-4.88,-39.04,24.4,14.64,-53.68,-14.64,-34.16,-92.72,-126.88,-107.36
29.28,58.56,29.28,-43.92,0,43.92,-43.92,-4.88,-9.76,-82.96,-117.12,-107.36
34.16,58.56,24.4,-43.92,4.88,39.04,-34.16,4.88,-9.76,-63.44,-102.48,-87.84
68.32,92.72,24.4,-78.08,19.52,58.56,-48.8,-9.76,-19.52,-78.08,-112.24,-97.6
48.8,68.32,19.52,-58.56,14.64,43.92,-58.56,-24.4,-29.28,-78.08,-122,-107.36
-9.76,53.68,63.44,-19.52,-39.04,58.56,-48.8,-4.88,-19.52,-63.44,-107.36,-102.48
9.76,78.08,68.32,-43.92,-29.28,73.2,-73.2,-24.4,-39.04,-82.96,-126.88,-122
39.04,73.2,34.16,-53.68,0,53.68,-68.32,-24.4,-39.04,-87.84,-131.76,-122
48.8,82.96,34.16,-63.44,4.88,58.56,-43.92,-14.64,-9.76,-68.32,-122,-107.36
39.04,73.2,34.16,-53.68,0,53.68,-39.04,-9.76,-4.88,-68.32,-122,-112.24
43.92,53.68,9.76,-48.8,14.64,29.28,-34.16,24.4,-9.76,-63.44,-112.24,-102.48
24.4,39.04,14.64,-29.28,4.88,24.4,-29.28,14.64,-14.64,-73.2,-122,-112.24
4.88,39.04,34.16,-19.52,-14.64,34.16,-24.4,19.52,-24.4,-68.32,-131.76,-117.12
19.52,39.04,19.52,-29.28,0,29.28,-9.76,14.64,14.64,-68.32,-122,-112.24
29.28,19.52,-9.76,-24.4,19.52,4.88,-9.76,19.52,9.76,-63.44,-122,-107.36
0,29.28,29.28,-14.64,-14.64,29.28,-9.76,14.64,0,-63.44,-117.12,-107.36
-4.88,24.4,29.28,-9.76,-19.52,24.4,4.88,14.64,9.76,-68.32,-126.88,-117.12
0,29.28,29.28,-14.64,-14.64,29.28,-4.88,-4.88,-4.88,-78.08,-136.64,-122
39.04,43.92,4.88,-39.04,14.64,24.4,-34.16,-4.88,-9.76,-73.2,-141.52,-117.12
9.76,24.4,14.64,-14.64,-4.88,19.52,-19.52,19.52,9.76,-68.32,-131.76,-122
-4.88,9.76,14.64,0,-9.76,9.76,-24.4,48.8,-9.76,-73.2,-136.64,-126.88
-24.4,34.16,58.56,-4.88,-43.92,43.92,-24.4,39.04,0,-73.2,-141.52,-122
-29.28,43.92,73.2,-4.88,-53.68,58.56,-24.4,4.88,-9.76,-73.2,-141.52,-131.76
4.88,39.04,34.16,-19.52,-14.64,34.16,-14.64,9.76,-19.52,-78.08,-146.4,-126.88
14.64,29.28,14.64,-19.52,0,19.52,14.64,39.04,-9.76,-68.32,-136.64,-117.12
34.16,29.28,-4.88,-29.28,19.52,9.76,9.76,39.04,-14.64,-73.2,-141.52,-126.88
53.68,29.28,-24.4,-39.04,39.04,0,24.4,4.88,0,-73.2,-146.4,-122
48.8,63.44,14.64,-53.68,14.64,39.04,-9.76,19.52,-24.4,-92.72,-161.04,-136.64
34.16,48.8,14.64,-39.04,9.76,29.28,-9.76,29.28,-29.28,-92.72,-165.92,-136.64
-4.88,-4.88,0,4.88,-4.88,-4.88,19.52,29.28,4.88,-73.2,-141.52,-112.24
4.88,-9.76,-14.64,4.88,9.76,-14.64,4.88,34.16,14.64,-78.08,-146.4,-117.12
24.4,9.76,-14.64,-14.64,19.52,-4.88,0,48.8,9.76,-78.08,-146.4,-131.76
-4.88,24.4,29.28,-9.76,-19.52,24.4,24.4,39.04,19.52,-68.32,-141.52,-126.88
29.28,14.64,-14.64,-19.52,19.52,0,24.4,24.4,14.64,-78.08,-141.52,-122
24.4,9.76,-14.64,-14.64,19.52,-4.88,63.44,48.8,24.4,-63.44,-126.88,-102.48
4.88,0,-4.88,0,4.88,-4.88,68.32,87.84,19.52,-58.56,-122,-107.36
4.88,9.76,4.88,-4.88,0,4.88,63.44,102.48,14.64,-63.44,-126.88,-112.24
29.28,19.52,-9.76,-24.4,19.52,4.88,78.08,78.08,24.4,-73.2,-131.76,-112.24
29.28,9.76,-19.52,-19.52,24.4,-4.88,92.72,68.32,29.28,-73.2,-141.52,-126.88
68.32,14.64,-53.68,-39.04,58.56,-19.52,73.2,58.56,29.28,-73.2,-141.52,-141.52
63.44,-9.76,-73.2,-24.4,68.32,-43.92,63.44,87.84,39.04,-82.96,-146.4,-151.28
39.04,19.52,-19.52,-29.28,29.28,0,14.64,102.48,39.04,-68.32,-141.52,-151.28
24.4,34.16,9.76,-29.28,4.88,19.52,-34.16,102.48,29.28,-63.44,-141.52,-141.52
34.16,24.4,-9.76,-29.28,19.52,4.88,-82.96,102.48,19.52,-78.08,-151.28,-161.04
9.76,19.52,9.76,-14.64,0,14.64,-112.24,102.48,58.56,-58.56,-146.4,-156.16
53.68,19.52,-34.16,-34.16,43.92,-9.76,-122,107.36,68.32,-58.56,-151.28,-161.04
48.8,48.8,0,-48.8,24.4,24.4,-107.36,126.88,68.32,-39.04,-126.88,-141.52
39.04,58.56,19.52,-48.8,9.76,39.04,-107.36,156.16,63.44,-43.92,-126.88,-141.52
9.76,29.28,19.52,-19.52,-4.88,24.4,-97.6,141.52,58.56,-48.8,-131.76,-146.4
29.28,14.64,-14.64,-19.52,19.52,0,-97.6,141.52,48.8,-58.56,-141.52,-161.04
53.68,14.64,-39.04,-34.16,43.92,-14.64,-97.6,117.12,39.04,-63.44,-141.52,-156.16
24.4,24.4,0,-24.4,9.76,9.76,-107.36,82.96,9.76,-87.84,-165.92,-170.8
14.64,53.68,39.04,-34.16,-14.64,43.92,-102.48,43.92,0,-97.6,-175.68,-180.56
-9.76,48.8,58.56,-19.52,-34.16,53.68,-73.2,24.4,-24.4,-97.6,-165.92,-175.68
-34.16,0,34.16,19.52,-34.16,14.64,-78.08,-19.52,-43.92,-107.36,-175.68,-180.56
-9.76,29.28,39.04,-9.76,-24.4,34.16,-112.24,-53.68,-68.32,-126.88,-195.2,-204.96
0,39.04,39.04,-19.52,-19.52,39.04,-82.96,-34.16,-34.16,-107.36,-165.92,-175.68
0,63.44,63.44,-29.28,-34.16,63.44,-87.84,-39.04,-48.8,-117.12,-170.8,-190.32
34.16,97.6,63.44,-63.44,-14.64,78.08,-97.6,-43.92,-63.44,-136.64,-190.32,-195.2
0,48.8,48.8,-24.4,-24.4,48.8,-82.96,-63.44,-63.44,-126.88,-180.56,-180.56
34.16,29.28,-4.88,-29.28,19.52,9.76,-68.32,-68.32,-53.68,-117.12,-180.56,-165.92
24.4,68.32,43.92,-43.92,-9.76,53.68,-78.08,-68.32,-73.2,-131.76,-180.56,-165.92
-34.16,68.32,102.48,-14.64,-68.32,82.96,-73.2,-39.04,-58.56,-131.76,-180.56,-165.92
-9.76,87.84,97.6,-39.04,-53.68,92.72,-78.08,-39.04,-58.56,-136.64,-185.44,-170.8
9.76,53.68,43.92,-29.28,-19.52,48.8,-82.96,-73.2,-78.08,-136.64,-185.44,-165.92
-29.28,0,29.28,14.64,-29.28,14.64,-92.72,-63.44,-78.08,-126.88,-180.56,-175.68
-24.4,24.4,48.8,0,-39.04,34.16,-87.84,-29.28,-68.32,-117.12,-170.8,-161.04
-9.76,39.04,48.8,-14.64,-29.28,43.92,-82.96,-48.8,-58.56,-117.12,-161.04,-161.04
-14.64,39.04,53.68,-9.76,-34.16,43.92,-68.32,-68.32,-53.68,-112.24,-161.04,-151.28
-14.64,39.04,53.68,-9.76,-34.16,43.92,-63.44,-68.32,-53.68,-112.24,-161.04,-151.28
-19.52,68.32,87.84,-24.4,-53.68,78.08,-82.96,-82.96,-68.32,-126.88,-180.56,-170.8
-14.64,53.68,68.32,-19.52,-43.92,58.56,-48.8,-63.44,-53.68,-112.24,-161.04,-151.28
4.88,73.2,68.32,-39.04,-34.16,68.32,-58.56,-14.64,-19.52,-107.36,-161.04,-146.4
9.76,63.44,53.68,-34.16,-24.4,58.56,-68.32,-9.76,-48.8,-117.12,-165.92,-161.04
-9.76,48.8,58.56,-19.52,-34.16,53.68,-63.44,-39.04,-58.56,-117.12,-170.8,-165.92
-4.88,39.04,43.92,-14.64,-24.4,39.04,-58.56,-39.04,-43.92,-112.24,-170.8,-175.68
-14.64,39.04,53.68,-9.76,-34.16,43.92,-73.2,-39.04,-48.8,-117.12,-180.56,-180.56
-24.4,53.68,78.08,-14.64,-53.68,63.44,-53.68,-43.92,-58.56,-122,-175.68,-180.56
-39.04,29.28,68.32,4.88,-53.68,48.8,-53.68,-14.64,-63.44,-122,-185.44,-180.56
-14.64,24.4,39.04,-4.88,-29.28,29.28,-68.32,-48.8,-24.4,-117.12,-190.32,-180.56
-29.28,34.16,63.44,0,-48.8,48.8,-63.44,-58.56,-34.16,-112.24,-185.44,-170.8
-24.4,39.04,63.44,-4.88,-43.92,48.8,-53.68,-43.92,-29.28,-112.24,-180.56,-165.92
-14.64,39.04,53.68,-9.76,-34.16,43.92,-34.16,-4.88,-43.92,-112.24,-175.68,-165.92
0,39.04,39.04,-19.52,-19.52,39.04,-29.28,19.52,-24.4,-112.24,-170.8,-161.04
4.88,43.92,39.04,-24.4,-19.52,39.04,-34.16,-24.4,-29.28,-117.12,-170.8,-165.92
-9.76,53.68,63.44,-19.52,-39.04,58.56,-29.28,-39.04,-43.92,-112.24,-170.8,-165.92
-43.92,39.04,82.96,4.88,-63.44,58.56,-43.92,-34.16,-43.92,-112.24,-175.68,-165.92
-9.76,73.2,82.96,-29.28,-48.8,78.08,-34.16,-34.16,-63.44,-131.76,-185.44,-185.44
-9.76,87.84,97.6,-39.04,-53.68,92.72,-34.16,-24.4,-78.08,-131.76,-204.96,-190.32
-29.28,43.92,73.2,-4.88,-53.68,58.56,-48.8,-14.64,-58.56,-107.36,-180.56,-170.8
-9.76,43.92,53.68,-14.64,-34.16,48.8,-73.2,-24.4,-68.32,-122,-195.2,-180.56
0,53.68,53.68,-24.4,-29.28,53.68,-63.44,-9.76,-53.68,-112.24,-185.44,-180.56
39.04,63.44,24.4,-48.8,4.88,43.92,-53.68,-43.92,-53.68,-112.24,-190.32,-170.8
14.64,43.92,29.28,-29.28,-9.76,34.16,-9.76,-4.88,-39.04,-92.72,-165.92,-141.52
0,39.04,39.04,-19.52,-19.52,39.04,19.52,0,-19.52,-92.72,-161.04,-141.52
29.28,68.32,39.04,-48.8,-4.88,53.68,-4.88,-14.64,-19.52,-92.72,-165.92,-151.28
29.28,63.44,34.16,-43.92,-4.88,48.8,9.76,-4.88,-14.64,-87.84,-165.92,-136.64
4.88,29.28,24.4,-14.64,-9.76,24.4,9.76,-9.76,0,-97.6,-180.56,-161.04
9.76,24.4,14.64,-14.64,-4.88,19.52,14.64,9.76,-4.88,-87.84,-195.2,-200.08
-4.88,-9.76,-4.88,9.76,0,-9.76,19.52,48.8,14.64,-63.44,-200.08,-248.88
14.64,-39.04,-53.68,14.64,34.16,-48.8,39.04,107.36,58.56,19.52,-151.28,-268.4
24.4,-48.8,-73.2,14.64,48.8,-63.44,53.68,146.4,117.12,136.64,-63.44,-283.04
43.92,-19.52,-63.44,-9.76,53.68,-43.92,48.8,156.16,170.8,278.16,73.2,-253.76
58.56,68.32,9.76,-63.44,24.4,39.04,58.56,151.28,219.6,434.32,302.56,-136.64
78.08,122,43.92,-97.6,14.64,82.96,24.4,146.4,229.36,551.44,610,63.44
92.72,219.6,126.88,-156.16,-19.52,170.8,-14.64,43.92,136.64,546.56,897.92,302.56
68.32,258.64,190.32,-161.04,-63.44,224.48,-58.56,-58.56,19.52,424.56,1132.16,605.12
68.32,297.68,229.36,-180.56,-82.96,263.52,-136.64,-165.92,-117.12,258.64,1346.88,951.6
117.12,444.08,326.96,-278.16,-107.36,385.52,-239.12,-341.6,-346.48,9.76,1629.92,1449.36
151.28,561.2,409.92,-356.24,-131.76,483.12,-361.12,-575.84,-702.72,-448.96,1805.6,2034.96
180.56,644.16,463.6,-409.92,-141.52,551.44,-483.12,-805.2,-1156.56,-1063.84,1844.64,2649.84
253.76,736.88,483.12,-492.88,-117.12,610,-614.88,-1049.2,-1546.96,-1639.68,1859.28,3215.92
322.08,732,409.92,-527.04,-43.92,570.96,-712.48,-1185.84,-1815.36,-2088.64,1747.04,3547.76
356.24,722.24,366,-536.8,-4.88,541.68,-771.04,-1224.88,-1927.6,-2415.6,1464,3625.84
331.84,727.12,395.28,-527.04,-34.16,561.2,-790.56,-1239.52,-2108.16,-2742.56,878.4,3420.88
253.76,771.04,517.28,-512.4,-131.76,644.16,-795.44,-1332.24,-2342.4,-3215.92,-97.6,2967.04
180.56,790.56,610,-483.12,-214.72,697.84,-766.16,-1366.4,-2513.2,-3655.12,-1220,2381.44
102.48,683.2,580.72,-390.4,-239.12,629.52,-673.44,-1302.96,-2605.92,-3904,-2074,1668.96
48.8,473.36,424.56,-258.64,-190.32,448.96,-590.48,-1205.36,-2635.2,-3889.36,-2479.04,888.16
82.96,331.84,248.88,-204.96,-82.96,287.92,-551.44,-1220,-2596.16,-3762.48,-2601.04,331.84
112.24,214.72,102.48,-161.04,4.88,156.16,-580.72,-1244.4,-2562,-3606.32,-2605.92,0
131.76,151.28,19.52,-141.52,53.68,82.96,-605.12,-1259.04,-2488.8,-3337.92,-2464.4,-209.84
58.56,102.48,43.92,-78.08,4.88,73.2,-551.44,-1146.8,-2239.92,-2908.48,-2176.48,-336.72
-34.16,92.72,126.88,-29.28,-82.96,107.36,-492.88,-946.72,-1844.64,-2435.12,-1859.28,-390.4
-53.68,92.72,146.4,-19.52,-102.48,117.12,-439.2,-653.92,-1434.72,-1927.6,-1517.68,-414.8
-53.68,68.32,122,-4.88,-87.84,92.72,-395.28,-429.44,-1107.76,-1522.56,-1239.52,-439.2
-29.28,53.68,82.96,-9.76,-58.56,68.32,-366,-268.4,-824.72,-1180.96,-1005.28,-409.92
19.52,82.96,63.44,-48.8,-24.4,73.2,-341.6,-180.56,-590.48,-902.8,-800.32,-341.6
19.52,53.68,34.16,-34.16,-9.76,43.92,-317.2,-122,-400.16,-649.04,-610,-263.52
34.16,53.68,19.52,-43.92,4.88,34.16,-292.8,-39.04,-263.52,-458.72,-468.48,-219.6
48.8,68.32,19.52,-58.56,14.64,43.92,-244,-9.76,-141.52,-312.32,-361.12,-175.68
24.4,68.32,43.92,-43.92,-9.76,53.68,-190.32,4.88,-87.84,-214.72,-287.92,-180.56
9.76,48.8,39.04,-29.28,-14.64,43.92,-146.4,53.68,-39.04,-151.28,-248.88,-180.56
9.76,-4.88,-14.64,0,9.76,-9.76,-122,131.76,24.4,-78.08,-185.44,-165.92
-19.52,14.64,34.16,4.88,-29.28,24.4,-107.36,107.36,53.68,-29.28,-146.4,-161.04
-19.52,48.8,68.32,-14.64,-43.92,58.56,-102.48,73.2,48.8,-9.76,-126.88,-175.68
-14.64,9.76,24.4,4.88,-19.52,14.64,-87.84,63.44,68.32,19.52,-97.6,-170.8
0,19.52,19.52,-9.76,-9.76,19.52,-58.56,82.96,97.6,39.04,-78.08,-161.04
-4.88,19.52,24.4,-4.88,-14.64,19.52,-53.68,97.6,117.12,48.8,-87.84,-170.8
-24.4,0,24.4,14.64,-24.4,9.76,-73.2,48.8,102.48,39.04,-117.12,-200.08
0,14.64,14.64,-4.88,-9.76,14.64,-68.32,48.8,92.72,48.8,-131.76,-214.72
14.64,9.76,-4.88,-9.76,9.76,0,-58.56,73.2,136.64,73.2,-117.12,-204.96
4.88,0,-4.88,0,4.88,-4.88,-58.56,92.72,126.88,78.08,-122,-209.84
0,-14.64,-14.64,9.76,4.88,-14.64,-48.8,82.96,117.12,92.72,-102.48,-195.2
-14.64,-14.64,0,14.64,-9.76,-9.76,-39.04,82.96,131.76,97.6,-87.84,-195.2
-19.52,-9.76,9.76,14.64,-14.64,0,-34.16,92.72,126.88,102.48,-78.08,-195.2
-14.64,-4.88,9.76,9.76,-14.64,0,-43.92,82.96,122,102.48,-68.32,-175.68
-29.28,9.76,39.04,9.76,-34.16,24.4,-73.2,78.08,131.76,117.12,-53.68,-170.8
-34.16,4.88,39.04,14.64,-39.04,19.52,-87.84,78.08,131.76,122,-43.92,-161.04
-24.4,14.64,39.04,4.88,-34.16,24.4,-87.84,92.72,117.12,107.36,-63.44,-170.8
-34.16,14.64,48.8,9.76,-43.92,29.28,-107.36,43.92,92.72,92.72,-73.2,-165.92
-19.52,0,19.52,9.76,-19.52,9.76,-112.24,43.92,102.48,102.48,-53.68,-136.64
-29.28,-9.76,19.52,19.52,-24.4,4.88,-122,48.8,92.72,87.84,-58.56,-136.64
-29.28,-19.52,9.76,24.4,-19.52,-4.88,-107.36,43.92,102.48,92.72,-53.68,-126.88
-34.16,-29.28,4.88,34.16,-19.52,-14.64,-122,63.44,117.12,82.96,-48.8,-131.76
-34.16,-24.4,9.76,29.28,-24.4,-9.76,-151.28,58.56,112.24,68.32,-68.32,-156.16
-48.8,-43.92,4.88,48.8,-29.28,-19.52,-131.76,68.32,122,68.32,-63.44,-146.4
-29.28,-34.16,-4.88,34.16,-14.64,-19.52,-122,92.72,126.88,73.2,-63.44,-146.4
-14.64,-19.52,-4.88,19.52,-4.88,-14.64,-117.12,102.48,102.48,63.44,-78.08,-165.92
0,-19.52,-19.52,9.76,9.76,-19.52,-102.48,117.12,117.12,78.08,-73.2,-161.04
-29.28,-4.88,24.4,19.52,-29.28,9.76,-78.08,122,122,82.96,-73.2,-141.52
-19.52,4.88,24.4,9.76,-24.4,14.64,-43.92,107.36,141.52,92.72,-73.2,-136.64
-34.16,9.76,43.92,14.64,-39.04,24.4,-29.28,82.96,122,78.08,-87.84,-151.28
-29.28,-9.76,19.52,19.52,-24.4,4.88,-34.16,102.48,131.76,92.72,-78.08,-141.52
-9.76,-4.88,4.88,9.76,-9.76,0,-4.88,92.72,126.88,112.24,-53.68,-112.24
-48.8,-24.4,24.4,39.04,-39.04,0,14.64,107.36,151.28,126.88,-43.92,-112.24
-53.68,-19.52,34.16,39.04,-43.92,4.88,4.88,107.36,180.56,126.88,-48.8,-126.88
-39.04,-14.64,24.4,29.28,-34.16,4.88,4.88,87.84,180.56,141.52,-39.04,-131.76
-58.56,-43.92,14.64,53.68,-39.04,-14.64,4.88,131.76,170.8,151.28,-43.92,-146.4
-58.56,-19.52,39.04,39.04,-48.8,9.76,14.64,107.36,161.04,161.04,-43.92,-161.04
-48.8,-14.64,34.16,34.16,-43.92,9.76,29.28,117.12,165.92,156.16,-43.92,-161.04
-48.8,9.76,58.56,19.52,-53.68,34.16,53.68,117.12,175.68,161.04,-43.92,-175.68
-34.16,14.64,48.8,9.76,-43.92,29.28,87.84,112.24,165.92,156.16,-34.16,-170.8
-43.92,-4.88,39.04,24.4,-43.92,14.64,97.6,141.52,175.68,161.04,-29.28,-165.92
-43.92,-19.52,24.4,34.16,-34.16,0,117.12,195.2,190.32,165.92,-19.52,-165.92
-39.04,-19.52,19.52,29.28,-29.28,0,112.24,161.04,180.56,170.8,-9.76,-165.92
-34.16,-29.28,4.88,34.16,-19.52,-14.64,117.12,126.88,185.44,175.68,-4.88,-165.92
-24.4,-34.16,-9.76,29.28,-9.76,-24.4,112.24,161.04,190.32,180.56,0,-175.68
-34.16,-34.16,0,34.16,-19.52,-19.52,112.24,165.92,204.96,190.32,9.76,-180.56
-19.52,4.88,24.4,9.76,-24.4,14.64,63.44,122,204.96,190.32,4.88,-209.84
-4.88,-14.64,-9.76,9.76,0,-14.64,73.2,122,219.6,200.08,19.52,-209.84
-39.04,-19.52,19.52,29.28,-29.28,0,53.68,112.24,214.72,195.2,19.52,-234.24
-19.52,-43.92,-24.4,34.16,0,-34.16,48.8,136.64,200.08,200.08,19.52,-248.88
-39.04,-39.04,0,39.04,-19.52,-19.52,73.2,170.8,209.84,214.72,39.04,-234.24
-34.16,4.88,39.04,14.64,-39.04,19.52,53.68,141.52,209.84,204.96,39.04,-263.52
-19.52,-4.88,14.64,14.64,-19.52,4.88,53.68,151.28,239.12,219.6,58.56,-248.88
-19.52,-53.68,-34.16,39.04,4.88,-43.92,68.32,170.8,244,224.48,68.32,-239.12
19.52,-19.52,-39.04,0,29.28,-29.28,48.8,151.28,253.76,239.12,78.08,-258.64
-24.4,4.88,29.28,9.76,-29.28,14.64,63.44,180.56,263.52,258.64,97.6,-248.88
-43.92,-58.56,-14.64,53.68,-14.64,-39.04,43.92,175.68,258.64,258.64,87.84,-273.28
-14.64,-39.04,-24.4,29.28,4.88,-34.16,29.28,156.16,263.52,258.64,82.96,-278.16
-24.4,-34.16,-9.76,29.28,-9.76,-24.4,39.04,161.04,287.92,278.16,107.36,-278.16
-34.16,-29.28,4.88,34.16,-19.52,-14.64,14.64,185.44,297.68,273.28,97.6,-292.8
-29.28,-43.92,-14.64,39.04,-9.76,-29.28,14.64,195.2,292.8,292.8,107.36,-292.8
-19.52,-39.04,-19.52,29.28,0,-29.28,0,209.84,302.56,312.32,112.24,-278.16
19.52,-14.64,-34.16,0,24.4,-24.4,-9.76,219.6,331.84,326.96,117.12,-278.16
0,-9.76,-9.76,4.88,4.88,-9.76,-19.52,234.24,361.12,336.72,126.88,-258.64
-24.4,-24.4,0,24.4,-14.64,-14.64,-48.8,244,351.36,361.12,136.64,-258.64
-9.76,4.88,14.64,4.88,-14.64,9.76,-73.2,253.76,361.12,361.12,122,-268.4
9.76,-4.88,-14.64,0,9.76,-9.76,-63.44,287.92,405.04,385.52,136.64,-253.76
34.16,4.88,-29.28,-19.52,29.28,-14.64,-92.72,292.8,419.68,395.28,131.76,-268.4
4.88,-4.88,-9.76,0,4.88,-9.76,-63.44,258.64,390.4,400.16,136.64,-273.28
-4.88,-24.4,-19.52,14.64,4.88,-24.4,-82.96,204.96,356.24,390.4,122,-278.16
-4.88,-19.52,-14.64,14.64,4.88,-19.52,-112.24,180.56,351.36,385.52,117.12,-287.92
-9.76,-24.4,-14.64,19.52,0,-19.52,-97.6,214.72,390.4,419.68,146.4,-258.64
-4.88,0,4.88,4.88,-4.88,0,-112.24,185.44,370.88,419.68,146.4,-273.28
14.64,-4.88,-19.52,-4.88,14.64,-14.64,-97.6,195.2,380.64,439.2,156.16,-244
14.64,-4.88,-19.52,-4.88,14.64,-14.64,-102.48,180.56,390.4,453.84,161.04,-244
-24.4,-29.28,-4.88,29.28,-9.76,-19.52,-122,195.2,414.8,463.6,161.04,-253.76
-4.88,-19.52,-14.64,14.64,4.88,-19.52,-117.12,234.24,414.8,492.88,190.32,-244
14.64,-4.88,-19.52,-4.88,14.64,-14.64,-112.24,229.36,424.56,512.4,204.96,-229.36
4.88,9.76,4.88,-4.88,0,4.88,-117.12,209.84,463.6,536.8,209.84,-234.24
0,24.4,24.4,-9.76,-14.64,24.4,-112.24,219.6,483.12,541.68,219.6,-244
0,24.4,24.4,-9.76,-14.64,24.4,-122,214.72,473.36,556.32,234.24,-253.76
-19.52,-4.88,14.64,14.64,-19.52,4.88,-131.76,209.84,488,570.96,244,-258.64
-4.88,-9.76,-4.88,9.76,0,-9.76,-122,200.08,492.88,575.84,253.76,-253.76
-24.4,9.76,34.16,9.76,-29.28,19.52,-122,234.24,512.4,595.36,273.28,-248.88
-14.64,14.64,29.28,0,-24.4,19.52,-112.24,239.12,546.56,629.52,292.8,-239.12
24.4,14.64,-9.76,-19.52,14.64,0,-107.36,229.36,551.44,644.16,307.44,-239.12
4.88,24.4,19.52,-14.64,-9.76,19.52,-92.72,244,551.44,668.56,326.96,-234.24
-4.88,4.88,9.76,0,-9.76,4.88,-78.08,263.52,580.72,692.96,346.48,-229.36
4.88,34.16,29.28,-19.52,-14.64,29.28,-82.96,263.52,590.48,707.6,361.12,-239.12
19.52,34.16,14.64,-24.4,0,24.4,-78.08,268.4,610,722.24,390.4,-234.24
9.76,14.64,4.88,-9.76,0,9.76,-78.08,258.64,629.52,741.76,405.04,-239.12
-14.64,9.76,24.4,4.88,-19.52,14.64,-78.08,283.04,653.92,771.04,429.44,-219.6
4.88,19.52,14.64,-9.76,-4.88,14.64,-78.08,283.04,649.04,775.92,439.2,-229.36
9.76,34.16,24.4,-19.52,-9.76,29.28,-78.08,312.32,658.8,795.44,458.72,-229.36
39.04,43.92,4.88,-39.04,14.64,24.4,-92.72,297.68,717.36,814.96,478.24,-229.36
34.16,14.64,-19.52,-24.4,24.4,-4.88,-92.72,292.8,702.72,824.72,492.88,-229.36
19.52,19.52,0,-19.52,9.76,9.76,-78.08,292.8,692.96,839.36,507.52,-229.36
39.04,58.56,19.52,-48.8,9.76,39.04,-53.68,302.56,697.84,868.64,531.92,-214.72
34.16,48.8,14.64,-39.04,9.76,29.28,-63.44,326.96,697.84,878.4,556.32,-214.72
0,14.64,14.64,-4.88,-9.76,14.64,-68.32,322.08,688.08,868.64,561.2,-229.36
4.88,24.4,19.52,-14.64,-9.76,19.52,-53.68,307.44,697.84,878.4,580.72,-229.36
14.64,53.68,39.04,-34.16,-14.64,43.92,-34.16,307.44,688.08,883.28,595.36,-224.48
9.76,48.8,39.04,-29.28,-14.64,43.92,-14.64,307.44,707.6,897.92,619.76,-209.84
19.52,39.04,19.52,-29.28,0,29.28,-34.16,302.56,712.48,897.92,634.4,-214.72
34.16,24.4,-9.76,-29.28,19.52,4.88,-53.68,302.56,683.2,893.04,629.52,-234.24
14.64,29.28,14.64,-19.52,0,19.52,-43.92,326.96,697.84,902.8,644.16,-229.36
4.88,39.04,34.16,-19.52,-14.64,34.16,-53.68,331.84,697.84,902.8,644.16,-229.36
19.52,53.68,34.16,-34.16,-9.76,43.92,-68.32,292.8,697.84,888.16,649.04,-239.12
39.04,29.28,-9.76,-34.16,24.4,9.76,-29.28,283.04,668.56,893.04,668.56,-224.48
29.28,39.04,9.76,-34.16,9.76,24.4,-29.28,278.16,673.44,883.28,668.56,-229.36
48.8,48.8,0,-48.8,24.4,24.4,-34.16,278.16,653.92,878.4,668.56,-224.48
63.44,68.32,4.88,-63.44,29.28,34.16,-24.4,336.72,663.68,873.52,683.2,-209.84
34.16,68.32,34.16,-48.8,0,48.8,-34.16,326.96,649.04,858.88,673.44,-219.6
24.4,48.8,24.4,-34.16,0,34.16,-43.92,287.92,624.64,854,668.56,-224.48
34.16,24.4,-9.76,-29.28,19.52,4.88,-53.68,253.76,619.76,839.36,658.8,-229.36
34.16,34.16,0,-34.16,14.64,14.64,-68.32,253.76,610,834.48,663.68,-234.24
24.4,48.8,24.4,-34.16,0,34.16,-58.56,258.64,590.48,824.72,649.04,-239.12
9.76,9.76,0,-9.76,4.88,4.88,-58.56,234.24,575.84,814.96,644.16,-234.24
9.76,9.76,0,-9.76,4.88,4.88,-63.44,239.12,551.44,795.44,629.52,-248.88
9.76,39.04,29.28,-24.4,-9.76,34.16,-58.56,234.24,551.44,780.8,624.64,-239.12
24.4,63.44,39.04,-43.92,-9.76,48.8,-58.56,248.88,551.44,761.28,614.88,-244
43.92,48.8,4.88,-43.92,19.52,24.4,-53.68,219.6,531.92,746.64,614.88,-239.12
53.68,58.56,4.88,-53.68,24.4,29.28,-53.68,209.84,531.92,727.12,605.12,-229.36
73.2,48.8,-24.4,-58.56,48.8,9.76,-73.2,195.2,483.12,692.96,580.72,-248.88
39.04,39.04,0,-39.04,19.52,19.52,-53.68,175.68,468.48,678.32,570.96,-239.12
63.44,48.8,-14.64,-53.68,39.04,14.64,-78.08,161.04,444.08,653.92,546.56,-248.88
87.84,39.04,-48.8,-63.44,68.32,-4.88,-92.72,161.04,419.68,639.28,541.68,-244
9.76,-4.88,-14.64,0,9.76,-9.76,-78.08,170.8,405.04,629.52,541.68,-229.36
29.28,-4.88,-34.16,-9.76,29.28,-19.52,-92.72,175.68,390.4,590.48,512.4,-248.88
73.2,29.28,-43.92,-48.8,58.56,-9.76,-107.36,146.4,351.36,551.44,488,-258.64
53.68,24.4,-29.28,-39.04,39.04,-4.88,-87.84,122,336.72,531.92,478.24,-248.88
43.92,39.04,-4.88,-39.04,24.4,14.64,-78.08,165.92,322.08,517.28,473.36,-244
34.16,34.16,0,-34.16,14.64,14.64,-63.44,170.8,312.32,497.76,458.72,-224.48
43.92,53.68,9.76,-48.8,14.64,29.28,-68.32,102.48,268.4,439.2,405.04,-239.12
68.32,24.4,-43.92,-43.92,53.68,-9.76,-73.2,117.12,283.04,414.8,385.52,-239.12
73.2,14.64,-58.56,-43.92,63.44,-24.4,-53.68,131.76,263.52,405.04,375.76,-209.84
58.56,34.16,-24.4,-43.92,39.04,4.88,-39.04,112.24,258.64,380.64,356.24,-200.08
43.92,34.16,-9.76,-39.04,24.4,9.76,-14.64,102.48,234.24,366,341.6,-190.32
53.68,39.04,-14.64,-43.92,34.16,9.76,-9.76,97.6,209.84,336.72,312.32,-200.08
39.04,43.92,4.88,-39.04,14.64,24.4,-29.28,92.72,204.96,297.68,278.16,-204.96
19.52,29.28,9.76,-24.4,4.88,19.52,-24.4,82.96,190.32,258.64,253.76,-204.96
4.88,-24.4,-29.28,9.76,14.64,-29.28,-34.16,82.96,151.28,229.36,229.36,-209.84
43.92,0,-43.92,-19.52,43.92,-24.4,-14.64,117.12,126.88,204.96,200.08,-219.6
29.28,9.76,-19.52,-19.52,24.4,-4.88,19.52,126.88,136.64,200.08,200.08,-180.56
14.64,14.64,0,-14.64,4.88,4.88,0,92.72,122,165.92,156.16,-200.08
19.52,-14.64,-34.16,0,24.4,-24.4,9.76,102.48,117.12,156.16,141.52,-195.2
34.16,-9.76,-43.92,-9.76,39.04,-29.28,39.04,126.88,131.76,156.16,151.28,-175.68
29.28,-9.76,-39.04,-9.76,34.16,-24.4,19.52,117.12,117.12,136.64,122,-180.56
29.28,4.88,-24.4,-14.64,24.4,-9.76,0,117.12,102.48,117.12,97.6,-195.2
53.68,-4.88,-58.56,-24.4,53.68,-34.16,-48.8,102.48,73.2,82.96,73.2,-200.08
43.92,-14.64,-58.56,-14.64,48.8,-39.04,-78.08,97.6,73.2,78.08,58.56,-190.32
29.28,-9.76,-39.04,-9.76,34.16,-24.4,-102.48,117.12,82.96,78.08,63.44,-170.8
24.4,9.76,-14.64,-14.64,19.52,-4.88,-146.4,102.48,87.84,73.2,48.8,-175.68
53.68,63.44,9.76,-58.56,19.52,34.16,-165.92,78.08,122,68.32,39.04,-165.92
53.68,58.56,4.88,-53.68,24.4,29.28,-170.8,87.84,122,63.44,29.28,-165.92
39.04,4.88,-34.16,-19.52,34.16,-14.64,-156.16,53.68,82.96,39.04,9.76,-165.92
34.16,4.88,-29.28,-19.52,29.28,-14.64,-107.36,34.16,73.2,29.28,14.64,-146.4
29.28,19.52,-9.76,-24.4,19.52,4.88,-102.48,-9.76,43.92,-14.64,-29.28,-165.92
0,19.52,19.52,-9.76,-9.76,19.52,-78.08,-34.16,4.88,-29.28,-29.28,-156.16
-4.88,24.4,29.28,-9.76,-19.52,24.4,-92.72,-48.8,-4.88,-43.92,-43.92,-146.4
0,14.64,14.64,-4.88,-9.76,14.64,-92.72,-39.04,-43.92,-53.68,-58.56,-161.04
-4.88,4.88,9.76,0,-9.76,4.88,-131.76,-43.92,-48.8,-73.2,-73.2,-165.92
-19.52,-9.76,9.76,14.64,-14.64,0,-131.76,-39.04,-53.68,-68.32,-68.32,-146.4
4.88,4.88,0,-4.88,0,0,-141.52,-24.4,-19.52,-73.2,-78.08,-146.4
14.64,14.64,0,-14.64,4.88,4.88,-136.64,-24.4,-39.04,-68.32,-78.08,-136.64
4.88,-14.64,-19.52,4.88,9.76,-19.52,-122,-9.76,-63.44,-68.32,-78.08,-131.76
9.76,-9.76,-19.52,0,14.64,-14.64,-112.24,29.28,-43.92,-68.32,-68.32,-117.12
4.88,4.88,0,-4.88,0,0,-107.36,39.04,-19.52,-58.56,-63.44,-92.72
9.76,19.52,9.76,-14.64,0,14.64,-126.88,-19.52,-39.04,-78.08,-82.96,-117.12
19.52,14.64,-4.88,-14.64,9.76,4.88,-97.6,-19.52,-43.92,-78.08,-78.08,-107.36
-4.88,0,4.88,4.88,-4.88,0,-92.72,-9.76,-53.68,-82.96,-78.08,-107.36
-4.88,0,4.88,4.88,-4.88,0,-102.48,-19.52,-73.2,-87.84,-92.72,-112.24
-14.64,-19.52,-4.88,19.52,-4.88,-14.64,-92.72,14.64,-39.04,-78.08,-82.96,-107.36
-19.52,9.76,29.28,4.88,-24.4,19.52,-112.24,-9.76,-53.68,-92.72,-102.48,-136.64
9.76,14.64,4.88,-9.76,0,9.76,-87.84,-4.88,-63.44,-87.84,-102.48,-131.76
0,9.76,9.76,-4.88,-4.88,9.76,-82.96,34.16,-39.04,-68.32,-87.84,-117.12
14.64,-9.76,-24.4,0,19.52,-19.52,-92.72,24.4,-48.8,-73.2,-87.84,-122
4.88,0,-4.88,0,4.88,-4.88,-48.8,14.64,-39.04,-68.32,-78.08,-117.12
0,29.28,29.28,-14.64,-14.64,29.28,-48.8,14.64,-4.88,-68.32,-82.96,-131.76
14.64,34.16,19.52,-24.4,-4.88,24.4,-63.44,24.4,14.64,-58.56,-78.08,-126.88
0,4.88,4.88,0,-4.88,4.88,-43.92,29.28,-9.76,-53.68,-73.2,-117.12
-9.76,-14.64,-4.88,14.64,-4.88,-9.76,-29.28,39.04,-9.76,-53.68,-87.84,-126.88
0,-4.88,-4.88,4.88,0,-4.88,-9.76,29.28,9.76,-34.16,-82.96,-126.88
-19.52,-4.88,14.64,14.64,-19.52,4.88,-29.28,24.4,14.64,-43.92,-107.36,-136.64
-24.4,-34.16,-9.76,29.28,-9.76,-24.4,-48.8,24.4,9.76,-48.8,-112.24,-156.16
-43.92,-29.28,14.64,39.04,-29.28,-9.76,-43.92,43.92,53.68,-39.04,-107.36,-156.16
-39.04,-29.28,9.76,34.16,-24.4,-9.76,-39.04,58.56,48.8,-39.04,-117.12,-165.92
-53.68,-39.04,14.64,48.8,-34.16,-14.64,-24.4,73.2,19.52,-39.04,-126.88,-175.68
-34.16,-9.76,24.4,24.4,-29.28,4.88,-4.88,82.96,78.08,-19.52,-112.24,-170.8
-4.88,0,4.88,4.88,-4.88,0,-24.4,78.08,73.2,-24.4,-117.12,-180.56
-19.52,-14.64,4.88,19.52,-14.64,-4.88,-9.76,82.96,53.68,-19.52,-112.24,-175.68
-14.64,-19.52,-4.88,19.52,-4.88,-14.64,-4.88,92.72,58.56,-24.4,-112.24,-185.44
-29.28,-19.52,9.76,24.4,-19.52,-4.88,-4.88,48.8,39.04,-39.04,-122,-200.08
-39.04,-14.64,24.4,29.28,-34.16,4.88,9.76,63.44,43.92,-34.16,-112.24,-200.08
-24.4,-9.76,14.64,19.52,-19.52,0,4.88,68.32,43.92,-24.4,-117.12,-214.72
0,0,0,0,0,0,-19.52,73.2,48.8,-39.04,-136.64,-229.36
-29.28,0,29.28,14.64,-29.28,14.64,-4.88,68.32,43.92,-34.16,-126.88,-229.36
-34.16,-24.4,9.76,29.28,-24.4,-9.76,-4.88,63.44,68.32,-19.52,-126.88,-239.12
-53.68,-34.16,19.52,43.92,-39.04,-9.76,14.64,78.08,102.48,-14.64,-122,-239.12
-29.28,-24.4,4.88,29.28,-19.52,-9.76,19.52,73.2,78.08,-24.4,-126.88,-248.88
-39.04,-9.76,29.28,24.4,-34.16,9.76,29.28,78.08,53.68,-19.52,-126.88,-258.64
-39.04,9.76,48.8,14.64,-43.92,29.28,48.8,68.32,58.56,-14.64,-122,-248.88
-29.28,-4.88,24.4,19.52,-29.28,9.76,53.68,87.84,73.2,4.88,-112.24,-248.88
-4.88,-4.88,0,4.88,-4.88,-4.88,58.56,73.2,73.2,4.88,-117.12,-258.64
-39.04,-43.92,-4.88,43.92,-19.52,-24.4,58.56,82.96,82.96,14.64,-107.36,-248.88
-63.44,-39.04,24.4,53.68,-43.92,-9.76,58.56,97.6,97.6,24.4,-97.6,-248.88
-68.32,-29.28,39.04,48.8,-53.68,4.88,73.2,92.72,102.48,34.16,-97.6,-253.76
-43.92,-9.76,34.16,29.28,-39.04,9.76,58.56,82.96,112.24,39.04,-107.36,-263.52
-43.92,-4.88,39.04,24.4,-43.92,14.64,48.8,92.72,141.52,43.92,-102.48,-273.28
-24.4,-9.76,14.64,19.52,-19.52,0,82.96,117.12,112.24,48.8,-97.6,-268.4
-43.92,-29.28,14.64,39.04,-29.28,-9.76,87.84,107.36,131.76,63.44,-82.96,-258.64
-43.92,-19.52,24.4,34.16,-34.16,0,78.08,122,131.76,68.32,-78.08,-258.64
-63.44,-9.76,53.68,39.04,-58.56,19.52,102.48,156.16,136.64,73.2,-73.2,-253.76
-78.08,-29.28,48.8,53.68,-63.44,9.76,82.96,117.12,146.4,68.32,-87.84,-263.52
-58.56,-4.88,53.68,34.16,-58.56,24.4,78.08,117.12,151.28,78.08,-78.08,-263.52
-29.28,-14.64,14.64,24.4,-24.4,0,92.72,122,156.16,87.84,-68.32,-263.52
-73.2,-39.04,34.16,58.56,-53.68,-4.88,117.12,136.64,161.04,92.72,-58.56,-258.64
-73.2,-4.88,68.32,39.04,-73.2,29.28,107.36,161.04,151.28,82.96,-68.32,-273.28
-87.84,-24.4,63.44,58.56,-78.08,19.52,92.72,161.04,156.16,82.96,-63.44,-283.04
-92.72,-43.92,48.8,68.32,-73.2,0,112.24,165.92,165.92,97.6,-43.92,-268.4
-82.96,-43.92,39.04,63.44,-63.44,-4.88,112.24,146.4,151.28,87.84,-39.04,-263.52
-87.84,-34.16,53.68,63.44,-73.2,9.76,102.48,126.88,146.4,82.96,-39.04,-278.16
-68.32,-29.28,39.04,48.8,-53.68,4.88,102.48,126.88,141.52,87.84,-24.4,-278.16
-73.2,-39.04,34.16,58.56,-53.68,-4.88,92.72,117.12,141.52,82.96,-29.28,-268.4
-53.68,19.52,73.2,19.52,-63.44,43.92,112.24,122,131.76,92.72,-9.76,-258.64
-48.8,14.64,63.44,19.52,-58.56,39.04,136.64,136.64,141.52,87.84,-4.88,-253.76
-92.72,-29.28,63.44,63.44,-78.08,14.64,126.88,146.4,136.64,73.2,-19.52,-263.52
-107.36,-34.16,73.2,73.2,-92.72,19.52,131.76,107.36,146.4,87.84,-14.64,-258.64
-97.6,9.76,107.36,43.92,-102.48,58.56,131.76,107.36,122,78.08,-14.64,-258.64
-97.6,-24.4,73.2,63.44,-87.84,24.4,136.64,141.52,131.76,82.96,-9.76,-258.64
-92.72,-24.4,68.32,58.56,-82.96,19.52,151.28,170.8,141.52,82.96,-4.88,-253.76
-92.72,-43.92,48.8,68.32,-73.2,0,151.28,185.44,141.52,87.84,-9.76,-253.76
-102.48,-43.92,58.56,73.2,-82.96,4.88,141.52,165.92,156.16,87.84,-14.64,-253.76
-63.44,-19.52,43.92,43.92,-53.68,9.76,156.16,156.16,165.92,92.72,-9.76,-239.12
-53.68,0,53.68,29.28,-53.68,24.4,170.8,126.88,136.64,78.08,-19.52,-239.12
-34.16,19.52,53.68,9.76,-43.92,34.16,185.44,156.16,136.64,78.08,-19.52,-229.36
-53.68,9.76,63.44,24.4,-58.56,34.16,204.96,165.92,175.68,87.84,-4.88,-200.08
-68.32,-29.28,39.04,48.8,-53.68,4.88,180.56,161.04,161.04,82.96,-24.4,-209.84
-39.04,-19.52,19.52,29.28,-29.28,0,185.44,156.16,136.64,73.2,-29.28,-214.72
-34.16,14.64,48.8,9.76,-43.92,29.28,200.08,180.56,141.52,73.2,-29.28,-200.08
-9.76,43.92,53.68,-14.64,-34.16,48.8,185.44,136.64,126.88,58.56,-43.92,-209.84
-58.56,-14.64,43.92,39.04,-53.68,14.64,209.84,175.68,126.88,68.32,-43.92,-195.2
-78.08,-34.16,43.92,58.56,-63.44,4.88,195.2,151.28,126.88,58.56,-48.8,-200.08
-53.68,-4.88,48.8,29.28,-53.68,19.52,180.56,180.56,131.76,63.44,-48.8,-195.2
-58.56,-14.64,43.92,39.04,-53.68,14.64,190.32,204.96,136.64,63.44,-53.68,-185.44
-58.56,-9.76,48.8,34.16,-53.68,19.52,195.2,156.16,156.16,78.08,-43.92,-165.92
-53.68,0,53.68,29.28,-53.68,24.4,224.48,170.8,161.04,87.84,-24.4,-141.52
-29.28,0,29.28,14.64,-29.28,14.64,214.72,161.04,146.4,68.32,-48.8,-156.16
-53.68,14.64,68.32,19.52,-63.44,39.04,219.6,190.32,141.52,63.44,-48.8,-156.16
-53.68,24.4,78.08,14.64,-68.32,48.8,244,200.08,165.92,73.2,-39.04,-126.88
-43.92,24.4,68.32,9.76,-58.56,43.92,224.48,180.56,146.4,73.2,-34.16,-126.88
-4.88,4.88,9.76,0,-9.76,4.88,165.92,180.56,131.76,63.44,-48.8,-136.64
4.88,9.76,4.88,-4.88,0,4.88,122,190.32,146.4,73.2,-39.04,-126.88
-14.64,29.28,43.92,-4.88,-29.28,34.16,82.96,190.32,165.92,78.08,-34.16,-117.12
-39.04,14.64,53.68,14.64,-48.8,34.16,53.68,209.84,185.44,97.6,-19.52,-97.6
-39.04,9.76,48.8,14.64,-43.92,29.28,-4.88,219.6,185.44,87.84,-29.28,-107.36
-43.92,24.4,68.32,9.76,-58.56,43.92,-53.68,253.76,180.56,92.72,-24.4,-107.36
-19.52,48.8,68.32,-14.64,-43.92,58.56,-87.84,214.72,195.2,92.72,-24.4,-107.36
4.88,63.44,58.56,-34.16,-29.28,58.56,-102.48,244,190.32,107.36,-4.88,-97.6
19.52,68.32,48.8,-43.92,-14.64,58.56,-82.96,297.68,209.84,126.88,9.76,-78.08
24.4,53.68,29.28,-39.04,-4.88,39.04,-78.08,278.16,200.08,102.48,0,-97.6
19.52,24.4,4.88,-19.52,4.88,14.64,-73.2,253.76,195.2,87.84,-19.52,-107.36
-34.16,19.52,53.68,9.76,-43.92,34.16,-48.8,239.12,180.56,87.84,-14.64,-102.48
-24.4,9.76,34.16,9.76,-29.28,19.52,-39.04,200.08,151.28,68.32,-24.4,-107.36
-24.4,14.64,39.04,4.88,-34.16,24.4,-24.4,165.92,126.88,63.44,-24.4,-117.12
-53.68,39.04,92.72,9.76,-73.2,63.44,-9.76,136.64,102.48,43.92,-34.16,-117.12
-68.32,14.64,82.96,29.28,-78.08,48.8,0,136.64,92.72,29.28,-48.8,-122
-58.56,39.04,97.6,9.76,-78.08,68.32,-4.88,122,78.08,19.52,-58.56,-131.76
-53.68,19.52,73.2,19.52,-63.44,43.92,9.76,92.72,68.32,9.76,-73.2,-146.4
-34.16,19.52,53.68,9.76,-43.92,34.16,14.64,73.2,73.2,-4.88,-78.08,-141.52
-19.52,29.28,48.8,-4.88,-34.16,39.04,48.8,73.2,82.96,4.88,-63.44,-117.12
-68.32,19.52,87.84,24.4,-78.08,53.68,87.84,82.96,68.32,9.76,-63.44,-117.12
-68.32,39.04,107.36,14.64,-87.84,73.2,43.92,48.8,39.04,-19.52,-87.84,-126.88
-34.16,63.44,97.6,-14.64,-68.32,78.08,34.16,48.8,39.04,-29.28,-97.6,-131.76
-34.16,29.28,63.44,4.88,-48.8,43.92,34.16,63.44,48.8,-24.4,-92.72,-122
-48.8,14.64,63.44,19.52,-58.56,39.04,39.04,78.08,53.68,-19.52,-92.72,-117.12
0,9.76,9.76,-4.88,-4.88,9.76,14.64,39.04,63.44,-34.16,-107.36,-131.76
-39.04,14.64,53.68,14.64,-48.8,34.16,14.64,53.68,43.92,-29.28,-102.48,-126.88
-73.2,34.16,107.36,19.52,-92.72,68.32,9.76,39.04,29.28,-29.28,-102.48,-122
-39.04,0,39.04,19.52,-39.04,19.52,9.76,58.56,24.4,-34.16,-102.48,-122
4.88,24.4,19.52,-14.64,-9.76,19.52,14.64,19.52,19.52,-39.04,-107.36,-122
14.64,34.16,19.52,-24.4,-4.88,24.4,24.4,0,0,-43.92,-126.88,-136.64
-48.8,24.4,73.2,14.64,-63.44,48.8,34.16,39.04,19.52,-34.16,-117.12,-122
-48.8,24.4,73.2,14.64,-63.44,48.8,58.56,82.96,43.92,-14.64,-97.6,-92.72
-39.04,0,39.04,19.52,-39.04,19.52,58.56,63.44,29.28,-19.52,-97.6,-97.6
-29.28,9.76,39.04,9.76,-34.16,24.4,63.44,53.68,34.16,-14.64,-97.6,-107.36
-34.16,9.76,43.92,14.64,-39.04,24.4,63.44,48.8,48.8,-9.76,-97.6,-102.48
-58.56,-4.88,53.68,34.16,-58.56,24.4,48.8,43.92,39.04,-14.64,-102.48,-112.24
-78.08,4.88,82.96,39.04,-82.96,43.92,34.16,29.28,-4.88,-39.04,-122,-131.76
-87.84,-24.4,63.44,58.56,-78.08,19.52,53.68,34.16,-4.88,-43.92,-126.88,-126.88
-78.08,-34.16,43.92,58.56,-63.44,4.88,39.04,34.16,14.64,-29.28,-117.12,-126.88
-48.8,-9.76,39.04,29.28,-43.92,14.64,34.16,19.52,14.64,-39.04,-122,-131.76
-14.64,-14.64,0,14.64,-9.76,-9.76,34.16,29.28,0,-58.56,-131.76,-131.76
-4.88,4.88,9.76,0,-9.76,4.88,34.16,39.04,-19.52,-63.44,-136.64,-141.52
-29.28,14.64,43.92,9.76,-39.04,29.28,63.44,43.92,-9.76,-53.68,-131.76,-122
-34.16,4.88,39.04,14.64,-39.04,19.52,73.2,29.28,0,-48.8,-131.76,-126.88
-29.28,0,29.28,14.64,-29.28,14.64,92.72,34.16,24.4,-39.04,-122,-117.12
-34.16,4.88,39.04,14.64,-39.04,19.52,87.84,68.32,24.4,-43.92,-126.88,-126.88
-53.68,4.88,58.56,24.4,-58.56,29.28,78.08,63.44,14.64,-48.8,-136.64,-146.4
-39.04,4.88,43.92,19.52,-43.92,24.4,82.96,53.68,-14.64,-58.56,-141.52,-146.4
-48.8,4.88,53.68,24.4,-53.68,29.28,92.72,48.8,-14.64,-63.44,-146.4,-146.4
-82.96,-19.52,63.44,53.68,-73.2,19.52,82.96,48.8,0,-58.56,-141.52,-156.16
-53.68,-34.16,19.52,43.92,-39.04,-9.76,97.6,53.68,9.76,-48.8,-131.76,-141.52
-58.56,-29.28,29.28,43.92,-43.92,0,107.36,73.2,0,-48.8,-136.64,-141.52
-68.32,-34.16,34.16,53.68,-53.68,0,141.52,58.56,19.52,-39.04,-131.76,-122
-53.68,-19.52,34.16,39.04,-43.92,4.88,126.88,48.8,24.4,-43.92,-131.76,-126.88
-48.8,-34.16,14.64,43.92,-34.16,-9.76,122,58.56,24.4,-43.92,-131.76,-131.76
-48.8,-29.28,19.52,39.04,-34.16,-4.88,122,48.8,4.88,-48.8,-141.52,-126.88
-48.8,-14.64,34.16,34.16,-43.92,9.76,126.88,34.16,29.28,-53.68,-146.4,-117.12
-43.92,-14.64,29.28,29.28,-39.04,4.88,131.76,53.68,34.16,-48.8,-146.4,-126.88
-34.16,-24.4,9.76,29.28,-24.4,-9.76,126.88,63.44,19.52,-68.32,-165.92,-136.64
-39.04,-43.92,-4.88,43.92,-19.52,-24.4,112.24,53.68,9.76,-68.32,-165.92,-141.52
-48.8,-24.4,24.4,39.04,-39.04,0,117.12,43.92,19.52,-58.56,-161.04,-131.76
-78.08,-48.8,29.28,63.44,-53.68,-9.76,141.52,82.96,34.16,-58.56,-151.28,-107.36
-63.44,-39.04,24.4,53.68,-43.92,-9.76,146.4,48.8,14.64,-63.44,-161.04,-112.24
-29.28,-9.76,19.52,19.52,-24.4,4.88,146.4,39.04,14.64,-63.44,-161.04,-112.24
-53.68,-24.4,29.28,39.04,-43.92,0,151.28,48.8,-9.76,-68.32,-161.04,-117.12
-53.68,-43.92,9.76,48.8,-34.16,-19.52,161.04,53.68,9.76,-58.56,-151.28,-92.72
-48.8,-48.8,0,48.8,-24.4,-24.4,175.68,82.96,19.52,-48.8,-146.4,-87.84
-48.8,-39.04,9.76,43.92,-29.28,-14.64,175.68,122,9.76,-53.68,-156.16,-92.72
-14.64,-24.4,-9.76,19.52,-4.88,-19.52,175.68,112.24,4.88,-58.56,-161.04,-92.72
-53.68,-39.04,14.64,48.8,-34.16,-14.64,165.92,92.72,0,-63.44,-165.92,-97.6
-73.2,-34.16,39.04,53.68,-58.56,0,156.16,73.2,-4.88,-73.2,-175.68,-112.24
-68.32,-73.2,-4.88,73.2,-34.16,-39.04,175.68,126.88,34.16,-58.56,-165.92,-92.72
-9.76,-39.04,-29.28,24.4,9.76,-34.16,151.28,87.84,9.76,-63.44,-170.8,-102.48
-14.64,-29.28,-14.64,24.4,0,-24.4,126.88,68.32,4.88,-73.2,-180.56,-117.12
-68.32,-73.2,-4.88,73.2,-34.16,-39.04,161.04,122,29.28,-39.04,-156.16,-78.08
-58.56,-53.68,4.88,58.56,-34.16,-24.4,161.04,146.4,14.64,-48.8,-165.92,-87.84
-48.8,-48.8,0,48.8,-24.4,-24.4,185.44,97.6,24.4,-34.16,-156.16,-68.32
-34.16,-48.8,-14.64,43.92,-9.76,-34.16,200.08,82.96,24.4,-39.04,-151.28,-63.44
-39.04,-43.92,-4.88,43.92,-19.52,-24.4,185.44,82.96,19.52,-43.92,-161.04,-68.32
-43.92,-19.52,24.4,34.16,-34.16,0,204.96,92.72,53.68,-34.16,-161.04,-63.44
-43.92,-34.16,9.76,39.04,-29.28,-14.64,204.96,97.6,68.32,-29.28,-161.04,-73.2
-53.68,-48.8,4.88,53.68,-29.28,-24.4,209.84,122,53.68,-24.4,-146.4,-53.68
-19.52,-19.52,0,19.52,-9.76,-9.76,214.72,170.8,39.04,-24.4,-156.16,-53.68
-19.52,4.88,24.4,9.76,-24.4,14.64,229.36,146.4,48.8,-29.28,-165.92,-63.44
-24.4,4.88,29.28,9.76,-29.28,14.64,229.36,122,48.8,-24.4,-156.16,-63.44
14.64,-4.88,-19.52,-4.88,14.64,-14.64,200.08,131.76,58.56,-29.28,-161.04,-58.56
-9.76,14.64,24.4,0,-19.52,19.52,175.68,146.4,97.6,-9.76,-146.4,-53.68
-9.76,-34.16,-24.4,24.4,4.88,-29.28,185.44,175.68,82.96,0,-136.64,-34.16
0,-24.4,-24.4,14.64,9.76,-24.4,122,170.8,53.68,-14.64,-151.28,-48.8
-29.28,-48.8,-19.52,39.04,-4.88,-34.16,87.84,175.68,92.72,0,-136.64,-34.16
-9.76,-19.52,-9.76,14.64,0,-14.64,58.56,209.84,92.72,9.76,-141.52,-29.28
4.88,-14.64,-19.52,4.88,9.76,-19.52,34.16,224.48,102.48,19.52,-126.88,-19.52
-4.88,-14.64,-9.76,9.76,0,-14.64,24.4,258.64,146.4,43.92,-112.24,-4.88
4.88,-19.52,-24.4,9.76,14.64,-24.4,-9.76,234.24,126.88,34.16,-126.88,-24.4
4.88,-24.4,-29.28,9.76,14.64,-29.28,-9.76,239.12,136.64,43.92,-122,-29.28
0,-14.64,-14.64,9.76,4.88,-14.64,14.64,263.52,141.52,53.68,-112.24,-14.64
-9.76,-14.64,-4.88,14.64,-4.88,-9.76,0,234.24,131.76,48.8,-112.24,-19.52
-29.28,-43.92,-14.64,39.04,-9.76,-29.28,4.88,170.8,126.88,39.04,-117.12,-9.76
-14.64,-9.76,4.88,14.64,-9.76,-4.88,4.88,156.16,102.48,9.76,-131.76,-19.52
-19.52,19.52,39.04,0,-29.28,29.28,4.88,156.16,48.8,-4.88,-156.16,-39.04
4.88,-19.52,-24.4,9.76,14.64,-24.4,24.4,151.28,53.68,-4.88,-146.4,-19.52
14.64,-9.76,-24.4,0,19.52,-19.52,34.16,126.88,43.92,-14.64,-146.4,-24.4
9.76,-9.76,-19.52,0,14.64,-14.64,24.4,92.72,14.64,-34.16,-170.8,-29.28
9.76,-43.92,-53.68,19.52,29.28,-48.8,34.16,68.32,39.04,-19.52,-161.04,-19.52
4.88,-19.52,-24.4,9.76,14.64,-24.4,14.64,63.44,34.16,-29.28,-161.04,-34.16
-14.64,-14.64,0,14.64,-9.76,-9.76,14.64,63.44,34.16,-29.28,-161.04,-34.16
-19.52,-39.04,-19.52,29.28,0,-29.28,0,53.68,9.76,-29.28,-165.92,-39.04
-9.76,-53.68,-43.92,34.16,14.64,-48.8,9.76,43.92,0,-39.04,-170.8,-43.92
-19.52,-48.8,-29.28,34.16,4.88,-39.04,14.64,58.56,0,-34.16,-175.68,-43.92
-43.92,-58.56,-14.64,53.68,-14.64,-39.04,29.28,82.96,14.64,-29.28,-165.92,-34.16
-24.4,-24.4,0,24.4,-14.64,-14.64,9.76,92.72,19.52,-29.28,-165.92,-39.04
-9.76,-29.28,-19.52,19.52,4.88,-24.4,24.4,73.2,43.92,-24.4,-156.16,-9.76
-34.16,-58.56,-24.4,48.8,-4.88,-43.92,53.68,92.72,39.04,-14.64,-151.28,-4.88
0,-39.04,-39.04,19.52,19.52,-39.04,39.04,63.44,24.4,-19.52,-165.92,-19.52
-34.16,-58.56,-24.4,48.8,-4.88,-43.92,78.08,87.84,43.92,-4.88,-151.28,-9.76
-48.8,-53.68,-4.88,53.68,-24.4,-29.28,53.68,102.48,58.56,0,-151.28,-19.52
-39.04,-39.04,0,39.04,-19.52,-19.52,34.16,78.08,24.4,-9.76,-161.04,-19.52
-24.4,-43.92,-19.52,34.16,-4.88,-34.16,34.16,68.32,29.28,-14.64,-165.92,-24.4
-29.28,-48.8,-19.52,39.04,-4.88,-34.16,29.28,82.96,39.04,-19.52,-165.92,-24.4
-29.28,-43.92,-14.64,39.04,-9.76,-29.28,43.92,87.84,58.56,-9.76,-161.04,-4.88
-29.28,-34.16,-4.88,34.16,-14.64,-19.52,58.56,78.08,43.92,-14.64,-156.16,-4.88
14.64,-19.52,-34.16,4.88,24.4,-29.28,63.44,87.84,19.52,-24.4,-165.92,-14.64
-4.88,-39.04,-34.16,24.4,14.64,-39.04,87.84,78.08,24.4,-29.28,-165.92,-14.64
-34.16,-73.2,-39.04,53.68,0,-58.56,78.08,87.84,34.16,-9.76,-161.04,-4.88
-34.16,-73.2,-39.04,53.68,0,-58.56,107.36,102.48,19.52,-14.64,-156.16,-9.76
-43.92,-73.2,-29.28,58.56,-9.76,-53.68,117.12,112.24,39.04,-4.88,-156.16,-24.4
-43.92,-73.2,-29.28,58.56,-9.76,-53.68,122,170.8,53.68,19.52,-165.92,-58.56
14.64,-48.8,-63.44,19.52,39.04,-58.56,122,170.8,92.72,43.92,-175.68,-107.36
9.76,-73.2,-82.96,34.16,43.92,-78.08,122,224.48,151.28,117.12,-131.76,-146.4
-24.4,-107.36,-82.96,68.32,29.28,-97.6,146.4,263.52,229.36,258.64,-19.52,-141.52
-39.04,-92.72,-53.68,68.32,4.88,-73.2,175.68,273.28,278.16,400.16,136.64,-102.48
-14.64,-43.92,-29.28,29.28,4.88,-39.04,165.92,278.16,326.96,561.2,385.52,24.4
39.04,29.28,-9.76,-34.16,24.4,9.76,122,239.12,278.16,658.8,688.08,239.12
29.28,87.84,58.56,-58.56,-14.64,73.2,63.44,141.52,161.04,658.8,976,478.24
39.04,170.8,131.76,-102.48,-48.8,151.28,0,24.4,34.16,605.12,1259.04,775.92
87.84,273.28,185.44,-180.56,-48.8,229.36,-48.8,-112.24,-102.48,517.28,1571.36,1166.32
122,395.28,273.28,-258.64,-78.08,331.84,-165.92,-292.8,-356.24,302.56,1898.32,1683.6
195.2,531.92,336.72,-361.12,-73.2,434.32,-268.4,-551.44,-736.88,-122,2113.04,2264.32
263.52,634.4,370.88,-448.96,-53.68,502.64,-409.92,-829.6,-1200.48,-688.08,2225.28,2845.04
297.68,668.56,370.88,-483.12,-39.04,517.28,-556.32,-1063.84,-1625.04,-1171.2,2318,3328.16
307.44,639.28,331.84,-473.36,-14.64,483.12,-658.8,-1171.2,-1869.04,-1556.72,2220.4,3567.28
331.84,619.76,287.92,-473.36,19.52,453.84,-702.72,-1195.6,-1961.76,-1859.28,1922.72,3547.76
302.56,649.04,346.48,-473.36,-24.4,497.76,-712.48,-1229.76,-2108.16,-2274.08,1210.24,3245.2
224.48,697.84,473.36,-458.72,-126.88,585.6,-736.88,-1298.08,-2318,-2791.36,156.16,2747.44
141.52,688.08,546.56,-414.8,-204.96,614.88,-717.36,-1342,-2527.84,-3274.48,-961.36,2142.32
87.84,585.6,497.76,-336.72,-204.96,541.68,-614.88,-1312.72,-2586.4,-3552.64,-1790.96,1429.84
78.08,375.76,297.68,-224.48,-112.24,336.72,-473.36,-1229.76,-2625.44,-3591.68,-2239.92,771.04
87.84,200.08,112.24,-141.52,-14.64,156.16,-444.08,-1215.12,-2635.2,-3542.88,-2430.24,356.24
136.64,87.84,-48.8,-112.24,92.72,19.52,-453.84,-1283.44,-2630.32,-3401.36,-2435.12,117.12
87.84,34.16,-53.68,-58.56,68.32,-9.76,-424.56,-1234.64,-2479.04,-3069.52,-2230.16,-34.16
14.64,-9.76,-24.4,0,19.52,-19.52,-317.2,-1078.48,-2191.12,-2635.2,-1961.76,-165.92
-34.16,-34.16,0,34.16,-19.52,-19.52,-214.72,-839.36,-1810.48,-2181.36,-1659.2,-214.72
-53.68,-34.16,19.52,43.92,-39.04,-9.76,-170.8,-556.32,-1415.2,-1732.4,-1371.28,-273.28
-34.16,-58.56,-24.4,48.8,-4.88,-43.92,-136.64,-405.04,-1088.24,-1361.52,-1132.16,-292.8
-24.4,-48.8,-24.4,39.04,0,-39.04,-102.48,-268.4,-824.72,-1049.2,-917.44,-258.64
-9.76,-34.16,-24.4,24.4,4.88,-29.28,-78.08,-185.44,-595.36,-780.8,-717.36,-190.32
0,-39.04,-39.04,19.52,19.52,-39.04,-63.44,-136.64,-385.52,-546.56,-546.56,-117.12
-19.52,-24.4,-4.88,24.4,-9.76,-14.64,-43.92,-48.8,-253.76,-366,-424.56,-73.2
-14.64,-39.04,-24.4,29.28,4.88,-34.16,-4.88,9.76,-146.4,-234.24,-322.08,-48.8
4.88,-14.64,-19.52,4.88,9.76,-19.52,48.8,73.2,-48.8,-117.12,-244,-29.28
-9.76,-39.04,-29.28,24.4,9.76,-34.16,82.96,126.88,9.76,-58.56,-204.96,-29.28
-4.88,-53.68,-48.8,29.28,19.52,-53.68,112.24,180.56,48.8,-4.88,-170.8,-19.52
-24.4,-43.92,-19.52,34.16,-4.88,-34.16,107.36,195.2,97.6,29.28,-136.64,-19.52
-4.88,-29.28,-24.4,19.52,9.76,-29.28,112.24,151.28,117.12,43.92,-126.88,-39.04
-14.64,-29.28,-14.64,24.4,0,-24.4,136.64,170.8,141.52,82.96,-82.96,-9.76
-34.16,-58.56,-24.4,48.8,-4.88,-43.92,136.64,195.2,141.52,97.6,-73.2,-24.4
-53.68,-63.44,-9.76,58.56,-24.4,-39.04,156.16,195.2,161.04,112.24,-73.2,-34.16
-24.4,-48.8,-24.4,39.04,0,-39.04,175.68,195.2,156.16,117.12,-78.08,-43.92
-9.76,-43.92,-34.16,29.28,9.76,-39.04,185.44,190.32,175.68,126.88,-82.96,-48.8
-14.64,-68.32,-53.68,43.92,19.52,-63.44,219.6,204.96,234.24,141.52,-82.96,-63.44
-34.16,-73.2,-39.04,53.68,0,-58.56,219.6,224.48,209.84,141.52,-87.84,-63.44
4.88,-48.8,-53.68,24.4,29.28,-53.68,204.96,244,195.2,146.4,-82.96,-78.08
0,-39.04,-39.04,19.52,19.52,-39.04,190.32,278.16,214.72,161.04,-63.44,-68.32
-14.64,-58.56,-43.92,39.04,14.64,-53.68,117.12,263.52,219.6,170.8,-43.92,-63.44
-4.88,-29.28,-24.4,19.52,9.76,-29.28,58.56,253.76,234.24,170.8,-34.16,-68.32
-4.88,9.76,14.64,0,-9.76,9.76,9.76,258.64,253.76,180.56,-19.52,-68.32
-14.64,-24.4,-9.76,19.52,-4.88,-19.52,-14.64,263.52,263.52,200.08,-4.88,-63.44
-19.52,-43.92,-24.4,34.16,0,-34.16,-24.4,283.04,287.92,214.72,9.76,-63.44
9.76,0,-9.76,-4.88,9.76,-4.88,-48.8,278.16,268.4,204.96,4.88,-68.32
29.28,0,-29.28,-14.64,29.28,-14.64,-58.56,253.76,263.52,209.84,14.64,-53.68
34.16,29.28,-4.88,-29.28,19.52,9.76,-58.56,273.28,263.52,209.84,19.52,-34.16
4.88,14.64,9.76,-9.76,-4.88,9.76,-73.2,268.4,283.04,214.72,29.28,-29.28
39.04,-4.88,-43.92,-14.64,39.04,-24.4,-92.72,234.24,239.12,185.44,9.76,-34.16
14.64,-24.4,-39.04,4.88,24.4,-34.16,-78.08,224.48,229.36,185.44,14.64,-24.4
-14.64,-4.88,9.76,9.76,-14.64,0,-73.2,200.08,219.6,175.68,9.76,-29.28
0,-4.88,-4.88,4.88,0,-4.88,-58.56,165.92,170.8,156.16,-4.88,-39.04
-53.68,-39.04,14.64,48.8,-34.16,-14.64,-58.56,141.52,161.04,151.28,-24.4,-48.8
-53.68,-48.8,4.88,53.68,-29.28,-24.4,-48.8,146.4,156.16,151.28,-24.4,-48.8
-24.4,-39.04,-14.64,34.16,-4.88,-29.28,-34.16,136.64,165.92,151.28,-29.28,-48.8
-43.92,-43.92,0,43.92,-24.4,-24.4,-19.52,156.16,185.44,146.4,-24.4,-53.68
-19.52,-39.04,-19.52,29.28,0,-29.28,4.88,165.92,175.68,146.4,-34.16,-48.8
-24.4,-29.28,-4.88,29.28,-9.76,-19.52,9.76,112.24,146.4,136.64,-29.28,-39.04
-39.04,-39.04,0,39.04,-19.52,-19.52,4.88,117.12,151.28,136.64,-34.16,-43.92
-9.76,-34.16,-24.4,24.4,4.88,-29.28,4.88,117.12,151.28,146.4,-34.16,-34.16
-39.04,-29.28,9.76,34.16,-24.4,-9.76,24.4,131.76,151.28,151.28,-29.28,-29.28
4.88,-14.64,-19.52,4.88,9.76,-19.52,4.88,126.88,146.4,156.16,-34.16,-48.8
9.76,-9.76,-19.52,0,14.64,-14.64,0,107.36,156.16,161.04,-43.92,-58.56
-9.76,-24.4,-14.64,19.52,0,-19.52,-9.76,126.88,170.8,175.68,-48.8,-73.2
-14.64,-19.52,-4.88,19.52,-4.88,-14.64,-4.88,146.4,170.8,180.56,-43.92,-78.08
-19.52,-19.52,0,19.52,-9.76,-9.76,9.76,122,170.8,180.56,-48.8,-78.08
-19.52,-14.64,4.88,19.52,-14.64,-4.88,19.52,112.24,170.8,185.44,-43.92,-78.08
-9.76,-19.52,-9.76,14.64,0,-14.64,34.16,97.6,170.8,175.68,-48.8,-73.2
-24.4,-68.32,-43.92,48.8,9.76,-58.56,48.8,112.24,175.68,175.68,-48.8,-78.08
-19.52,-43.92,-24.4,34.16,0,-34.16,68.32,136.64,204.96,200.08,-29.28,-58.56
-24.4,-34.16,-9.76,29.28,-9.76,-24.4,78.08,165.92,204.96,209.84,-24.4,-43.92
-14.64,-34.16,-19.52,24.4,0,-29.28,92.72,156.16,224.48,219.6,-24.4,-43.92
-48.8,-73.2,-24.4,63.44,-14.64,-48.8,107.36,156.16,224.48,224.48,-24.4,-53.68
-68.32,-73.2,-4.88,73.2,-34.16,-39.04,97.6,175.68,204.96,224.48,-29.28,-63.44
-19.52,-43.92,-24.4,34.16,0,-34.16,73.2,185.44,224.48,239.12,-19.52,-73.2
-39.04,-58.56,-19.52,48.8,-9.76,-39.04,87.84,180.56,214.72,248.88,-14.64,-73.2
-34.16,-34.16,0,34.16,-19.52,-19.52,82.96,141.52,190.32,224.48,-34.16,-97.6
-24.4,-39.04,-14.64,34.16,-4.88,-29.28,102.48,122,185.44,229.36,-29.28,-97.6
-14.64,-9.76,4.88,14.64,-9.76,-4.88,112.24,151.28,214.72,239.12,-14.64,-87.84
0,-39.04,-39.04,19.52,19.52,-39.04,107.36,175.68,224.48,253.76,-4.88,-82.96
-19.52,-53.68,-34.16,39.04,4.88,-43.92,92.72,170.8,244,268.4,9.76,-73.2
-24.4,-53.68,-29.28,39.04,0,-43.92,122,170.8,239.12,278.16,19.52,-73.2
-24.4,-39.04,-14.64,34.16,-4.88,-29.28,107.36,180.56,248.88,292.8,34.16,-78.08
0,-14.64,-14.64,9.76,4.88,-14.64,102.48,146.4,258.64,302.56,39.04,-87.84
-19.52,-48.8,-29.28,34.16,4.88,-39.04,97.6,136.64,253.76,307.44,43.92,-102.48
-9.76,-43.92,-34.16,29.28,9.76,-39.04,97.6,141.52,258.64,322.08,53.68,-112.24
4.88,-43.92,-48.8,19.52,24.4,-48.8,102.48,165.92,273.28,317.2,58.56,-112.24
0,-39.04,-39.04,19.52,19.52,-39.04,117.12,161.04,268.4,307.44,58.56,-131.76
14.64,-19.52,-34.16,4.88,24.4,-29.28,122,141.52,283.04,331.84,78.08,-126.88
-19.52,-34.16,-14.64,29.28,-4.88,-24.4,122,161.04,283.04,341.6,92.72,-126.88
0,-58.56,-58.56,29.28,29.28,-58.56,131.76,170.8,302.56,356.24,102.48,-122
0,-48.8,-48.8,24.4,24.4,-48.8,151.28,209.84,331.84,380.64,131.76,-92.72
24.4,-48.8,-73.2,14.64,48.8,-63.44,141.52,190.32,336.72,390.4,126.88,-107.36
24.4,-29.28,-53.68,4.88,39.04,-43.92,161.04,219.6,366,405.04,141.52,-102.48
4.88,-29.28,-34.16,14.64,19.52,-34.16,185.44,244,385.52,424.56,161.04,-92.72
9.76,-14.64,-24.4,4.88,14.64,-19.52,156.16,209.84,370.88,424.56,151.28,-112.24
29.28,-9.76,-39.04,-9.76,34.16,-24.4,131.76,185.44,385.52,424.56,156.16,-112.24
34.16,-24.4,-58.56,-4.88,43.92,-43.92,122,209.84,370.88,434.32,170.8,-107.36
24.4,-14.64,-39.04,-4.88,29.28,-29.28,117.12,200.08,370.88,453.84,175.68,-112.24
29.28,0,-29.28,-14.64,29.28,-14.64,92.72,219.6,395.28,463.6,185.44,-102.48
19.52,-4.88,-24.4,-4.88,19.52,-14.64,73.2,219.6,424.56,488,204.96,-78.08
34.16,-4.88,-39.04,-14.64,34.16,-24.4,73.2,239.12,439.2,507.52,224.48,-68.32
48.8,-14.64,-63.44,-14.64,53.68,-39.04,78.08,229.36,478.24,527.04,239.12,-63.44
43.92,-4.88,-48.8,-19.52,43.92,-29.28,68.32,258.64,463.6,541.68,239.12,-53.68
53.68,24.4,-29.28,-39.04,39.04,-4.88,73.2,278.16,478.24,561.2,263.52,-53.68
63.44,19.52,-43.92,-39.04,53.68,-14.64,73.2,283.04,488,566.08,273.28,-58.56
53.68,19.52,-34.16,-34.16,43.92,-9.76,73.2,263.52,483.12,566.08,273.28,-63.44
39.04,-14.64,-53.68,-9.76,43.92,-34.16,73.2,273.28,507.52,590.48,292.8,-48.8
24.4,-48.8,-73.2,14.64,48.8,-63.44,58.56,258.64,512.4,595.36,292.8,-58.56
63.44,-34.16,-97.6,-14.64,78.08,-68.32,58.56,244,512.4,600.24,292.8,-73.2
53.68,-4.88,-58.56,-24.4,53.68,-34.16,87.84,278.16,536.8,634.4,317.2,-53.68
68.32,19.52,-48.8,-43.92,58.56,-14.64,63.44,287.92,541.68,658.8,336.72,-53.68
73.2,24.4,-48.8,-48.8,58.56,-14.64,58.56,307.44,561.2,683.2,356.24,-48.8
63.44,29.28,-34.16,-43.92,48.8,-4.88,68.32,302.56,580.72,702.72,375.76,-39.04
58.56,4.88,-53.68,-29.28,53.68,-24.4,82.96,322.08,610,717.36,395.28,-39.04
58.56,-14.64,-73.2,-19.52,63.44,-43.92,102.48,302.56,600.24,741.76,414.8,-29.28
48.8,4.88,-43.92,-24.4,43.92,-19.52,97.6,292.8,595.36,741.76,419.68,-48.8
73.2,19.52,-53.68,-43.92,63.44,-19.52,107.36,307.44,624.64,751.52,439.2,-39.04
87.84,9.76,-78.08,-48.8,82.96,-34.16,136.64,336.72,658.8,780.8,468.48,-39.04
73.2,9.76,-63.44,-39.04,68.32,-29.28,136.64,356.24,697.84,800.32,497.76,-39.04
73.2,14.64,-58.56,-43.92,63.44,-24.4,141.52,331.84,688.08,834.48,522.16,-29.28
73.2,29.28,-43.92,-48.8,58.56,-9.76,136.64,366,707.6,849.12,536.8,-34.16
82.96,39.04,-43.92,-58.56,63.44,-4.88,141.52,395.28,741.76,863.76,546.56,-48.8
112.24,39.04,-73.2,-73.2,92.72,-19.52,156.16,390.4,727.12,883.28,575.84,-43.92
117.12,29.28,-87.84,-73.2,102.48,-29.28,146.4,385.52,722.24,907.68,595.36,-43.92
102.48,19.52,-82.96,-58.56,92.72,-34.16,161.04,400.16,751.52,927.2,624.64,-39.04
117.12,29.28,-87.84,-73.2,102.48,-29.28,156.16,414.8,771.04,932.08,634.4,-48.8
136.64,53.68,-82.96,-92.72,107.36,-14.64,131.76,429.44,761.28,936.96,653.92,-53.68
146.4,73.2,-73.2,-107.36,107.36,0,63.44,439.2,775.92,951.6,678.32,-48.8
141.52,78.08,-63.44,-107.36,102.48,4.88,29.28,439.2,805.2,990.64,712.48,-29.28
156.16,87.84,-68.32,-122,112.24,9.76,9.76,439.2,805.2,1000.4,732,-29.28
131.76,63.44,-68.32,-97.6,97.6,-4.88,-24.4,478.24,829.6,1010.16,751.52,-19.52
97.6,29.28,-68.32,-63.44,82.96,-19.52,-53.68,458.72,824.72,1019.92,751.52,-39.04
136.64,58.56,-78.08,-97.6,107.36,-9.76,-78.08,448.96,824.72,1024.8,766.16,-39.04
131.76,68.32,-63.44,-97.6,97.6,0,-92.72,434.32,858.88,1039.44,790.56,-29.28
122,68.32,-53.68,-92.72,87.84,4.88,-102.48,429.44,829.6,1039.44,795.44,-29.28
131.76,102.48,-29.28,-117.12,78.08,34.16,-97.6,434.32,819.84,1024.8,795.44,-24.4
136.64,73.2,-63.44,-102.48,97.6,4.88,-97.6,414.8,834.48,1015.04,805.2,-24.4
146.4,48.8,-97.6,-97.6,122,-24.4,-102.48,370.88,775.92,980.88,785.68,-39.04
136.64,39.04,-97.6,-87.84,117.12,-29.28,-68.32,336.72,717.36,956.48,780.8,-39.04
126.88,43.92,-82.96,-82.96,102.48,-19.52,-63.44,292.8,678.32,946.72,775.92,-34.16
126.88,73.2,-53.68,-97.6,87.84,9.76,-63.44,278.16,649.04,927.2,766.16,-39.04
117.12,48.8,-68.32,-82.96,92.72,-9.76,-68.32,248.88,634.4,922.32,756.4,-48.8
136.64,24.4,-112.24,-78.08,122,-43.92,-97.6,209.84,634.4,907.68,746.64,-63.44
131.76,48.8,-82.96,-87.84,107.36,-19.52,-97.6,209.84,634.4,893.04,746.64,-58.56
151.28,63.44,-87.84,-107.36,117.12,-14.64,-112.24,195.2,566.08,858.88,717.36,-82.96
122,34.16,-87.84,-78.08,102.48,-29.28,-122,180.56,531.92,844.24,702.72,-87.84
107.36,68.32,-39.04,-87.84,73.2,14.64,-141.52,190.32,522.16,819.84,702.72,-82.96
112.24,43.92,-68.32,-78.08,87.84,-14.64,-131.76,175.68,517.28,805.2,692.96,-73.2
141.52,58.56,-82.96,-97.6,112.24,-14.64,-136.64,141.52,517.28,780.8,678.32,-68.32
161.04,58.56,-102.48,-107.36,131.76,-24.4,-136.64,146.4,478.24,746.64,663.68,-68.32
161.04,29.28,-131.76,-92.72,146.4,-53.68,-131.76,161.04,453.84,736.88,649.04,-63.44
151.28,29.28,-122,-87.84,136.64,-48.8,-146.4,175.68,439.2,707.6,619.76,-68.32
126.88,14.64,-112.24,-68.32,117.12,-48.8,-161.04,126.88,414.8,678.32,600.24,-82.96
126.88,24.4,-102.48,-73.2,112.24,-39.04,-146.4,102.48,375.76,649.04,585.6,-73.2
117.12,29.28,-87.84,-73.2,102.48,-29.28,-126.88,107.36,361.12,634.4,575.84,-53.68
112.24,14.64,-97.6,-63.44,102.48,-43.92,-156.16,102.48,341.6,585.6,531.92,-73.2
107.36,19.52,-87.84,-63.44,97.6,-34.16,-161.04,87.84,307.44,536.8,497.76,-78.08
126.88,14.64,-112.24,-68.32,117.12,-48.8,-156.16,43.92,268.4,492.88,463.6,-73.2
146.4,9.76,-136.64,-78.08,141.52,-63.44,-151.28,53.68,244,468.48,434.32,-58.56
156.16,39.04,-117.12,-97.6,136.64,-39.04,-122,73.2,239.12,444.08,429.44,-29.28
126.88,19.52,-107.36,-73.2,117.12,-43.92,-131.76,29.28,190.32,390.4,370.88,-53.68
97.6,-19.52,-117.12,-39.04,107.36,-68.32,-136.64,4.88,156.16,346.48,322.08,-68.32
102.48,-9.76,-112.24,-43.92,107.36,-63.44,-87.84,34.16,170.8,341.6,317.2,-34.16
131.76,0,-131.76,-63.44,131.76,-68.32,-102.48,14.64,131.76,297.68,283.04,-39.04
102.48,9.76,-92.72,-53.68,97.6,-43.92,-82.96,-4.88,141.52,273.28,258.64,-34.16
87.84,4.88,-82.96,-43.92,82.96,-39.04,-92.72,4.88,107.36,234.24,219.6,-43.92
87.84,-14.64,-102.48,-34.16,92.72,-58.56,-92.72,4.88,78.08,204.96,185.44,-43.92
141.52,-4.88,-146.4,-68.32,141.52,-78.08,-78.08,-39.04,53.68,170.8,165.92,-34.16
141.52,14.64,-126.88,-78.08,131.76,-58.56,-53.68,-19.52,48.8,161.04,156.16,-24.4
107.36,-9.76,-117.12,-48.8,112.24,-63.44,-43.92,-29.28,34.16,136.64,131.76,-14.64
82.96,-9.76,-92.72,-34.16,87.84,-53.68,-63.44,-58.56,4.88,102.48,87.84,-29.28
78.08,-9.76,-87.84,-34.16,82.96,-48.8,-48.8,-19.52,14.64,92.72,68.32,-19.52
107.36,-19.52,-126.88,-43.92,117.12,-73.2,-39.04,-39.04,9.76,68.32,48.8,-14.64
107.36,4.88,-102.48,-53.68,102.48,-48.8,-14.64,-58.56,-19.52,53.68,39.04,-4.88
136.64,4.88,-131.76,-68.32,131.76,-63.44,-34.16,-39.04,-48.8,19.52,4.88,-29.28
112.24,-9.76,-122,-48.8,117.12,-68.32,-29.28,-68.32,-63.44,4.88,-14.64,-24.4
68.32,-4.88,-73.2,-29.28,68.32,-39.04,-39.04,-63.44,-78.08,-19.52,-39.04,-24.4
53.68,-19.52,-73.2,-14.64,63.44,-48.8,-34.16,-82.96,-63.44,-34.16,-53.68,-19.52
58.56,-43.92,-102.48,-4.88,78.08,-73.2,-19.52,-73.2,-73.2,-43.92,-68.32,-14.64
87.84,-29.28,-117.12,-29.28,102.48,-73.2,-43.92,-68.32,-107.36,-63.44,-92.72,-24.4
92.72,-19.52,-112.24,-34.16,102.48,-68.32,-34.16,-58.56,-102.48,-58.56,-97.6,-14.64
82.96,-24.4,-107.36,-29.28,92.72,-68.32,-14.64,-82.96,-107.36,-73.2,-117.12,-19.52
73.2,-4.88,-78.08,-34.16,73.2,-43.92,0,-92.72,-112.24,-87.84,-131.76,-19.52
73.2,-4.88,-78.08,-34.16,73.2,-43.92,4.88,-92.72,-126.88,-97.6,-136.64,-4.88
68.32,-14.64,-82.96,-24.4,73.2,-48.8,9.76,-78.08,-122,-97.6,-141.52,-4.88
87.84,4.88,-82.96,-43.92,82.96,-39.04,14.64,-73.2,-97.6,-97.6,-146.4,-4.88
73.2,-19.52,-92.72,-24.4,82.96,-58.56,43.92,-92.72,-117.12,-107.36,-151.28,-4.88
39.04,-39.04,-78.08,0,58.56,-58.56,34.16,-63.44,-112.24,-112.24,-165.92,-4.88
29.28,-14.64,-43.92,-4.88,34.16,-29.28,24.4,-78.08,-117.12,-122,-175.68,0
24.4,-24.4,-48.8,0,34.16,-39.04,24.4,-82.96,-126.88,-136.64,-195.2,0
19.52,-39.04,-58.56,9.76,39.04,-48.8,0,-34.16,-136.64,-131.76,-200.08,0
39.04,-14.64,-53.68,-9.76,43.92,-34.16,-4.88,-53.68,-112.24,-136.64,-209.84,0
53.68,-29.28,-82.96,-9.76,68.32,-58.56,0,-82.96,-92.72,-136.64,-209.84,4.88
0,-19.52,-19.52,9.76,9.76,-19.52,19.52,-82.96,-122,-136.64,-200.08,24.4
9.76,-24.4,-34.16,9.76,19.52,-29.28,24.4,-87.84,-122,-131.76,-204.96,29.28
9.76,-39.04,-48.8,14.64,29.28,-43.92,24.4,-58.56,-112.24,-126.88,-209.84,29.28
29.28,0,-29.28,-14.64,29.28,-14.64,14.64,-63.44,-122,-141.52,-229.36,24.4
39.04,-19.52,-58.56,-9.76,48.8,-39.04,19.52,-63.44,-136.64,-151.28,-229.36,34.16
58.56,-24.4,-82.96,-14.64,68.32,-53.68,14.64,-48.8,-126.88,-151.28,-239.12,29.28
43.92,0,-43.92,-19.52,43.92,-24.4,48.8,-34.16,-87.84,-131.76,-229.36,43.92
39.04,0,-39.04,-19.52,39.04,-19.52,43.92,-34.16,-92.72,-136.64,-239.12,34.16
4.88,-43.92,-48.8,19.52,24.4,-48.8,39.04,-19.52,-92.72,-122,-229.36,39.04
4.88,-14.64,-19.52,4.88,9.76,-19.52,48.8,-19.52,-78.08,-107.36,-224.48,43.92
4.88,-19.52,-24.4,9.76,14.64,-24.4,58.56,-9.76,-78.08,-102.48,-224.48,53.68
0,-9.76,-9.76,4.88,4.88,-9.76,53.68,-4.88,-82.96,-107.36,-224.48,53.68
34.16,-4.88,-39.04,-14.64,34.16,-24.4,39.04,0,-43.92,-117.12,-234.24,34.16
39.04,9.76,-29.28,-24.4,34.16,-9.76,34.16,4.88,-34.16,-117.12,-239.12,29.28
48.8,34.16,-14.64,-39.04,29.28,9.76,39.04,0,-63.44,-117.12,-239.12,34.16
29.28,14.64,-14.64,-19.52,19.52,0,39.04,58.56,-39.04,-117.12,-239.12,34.16
14.64,4.88,-9.76,-9.76,9.76,-4.88,29.28,58.56,-39.04,-126.88,-253.76,24.4
14.64,0,-14.64,-4.88,14.64,-9.76,24.4,58.56,-29.28,-112.24,-244,24.4
9.76,0,-9.76,-4.88,9.76,-4.88,-9.76,43.92,-4.88,-97.6,-234.24,24.4
19.52,9.76,-9.76,-14.64,14.64,0,-19.52,68.32,4.88,-82.96,-224.48,29.28
14.64,-9.76,-24.4,0,19.52,-19.52,-39.04,39.04,-4.88,-82.96,-224.48,24.4
-4.88,-4.88,0,4.88,-4.88,-4.88,-53.68,19.52,-19.52,-97.6,-234.24,4.88
-4.88,-34.16,-29.28,19.52,9.76,-34.16,-29.28,4.88,-29.28,-107.36,-239.12,0
-9.76,-29.28,-19.52,19.52,4.88,-24.4,-39.04,-24.4,-48.8,-126.88,-253.76,-14.64
-9.76,14.64,24.4,0,-19.52,19.52,-39.04,-9.76,-68.32,-136.64,-258.64,-19.52
29.28,29.28,0,-29.28,14.64,14.64,-43.92,-24.4,-78.08,-136.64,-258.64,-19.52
9.76,-9.76,-19.52,0,14.64,-14.64,-43.92,-9.76,-43.92,-126.88,-248.88,-9.76
4.88,-19.52,-24.4,9.76,14.64,-24.4,-43.92,-48.8,-58.56,-126.88,-244,-14.64
-19.52,-29.28,-9.76,24.4,-4.88,-19.52,-58.56,-53.68,-78.08,-131.76,-258.64,-34.16
-34.16,-43.92,-9.76,39.04,-14.64,-29.28,-78.08,-43.92,-63.44,-122,-244,-34.16
-29.28,-34.16,-4.88,34.16,-14.64,-19.52,-82.96,-43.92,-58.56,-131.76,-248.88,-39.04
4.88,-39.04,-43.92,19.52,24.4,-43.92,-87.84,-58.56,-43.92,-126.88,-248.88,-58.56
14.64,-48.8,-63.44,19.52,39.04,-58.56,-68.32,-48.8,-63.44,-122,-248.88,-63.44
0,-68.32,-68.32,34.16,34.16,-68.32,-87.84,-39.04,-68.32,-126.88,-253.76,-68.32
-14.64,-43.92,-29.28,29.28,4.88,-39.04,-78.08,-39.04,-24.4,-117.12,-239.12,-53.68
14.64,-34.16,-48.8,9.76,29.28,-43.92,-63.44,-58.56,-29.28,-112.24,-234.24,-53.68
29.28,-39.04,-68.32,4.88,48.8,-53.68,-73.2,-19.52,-63.44,-117.12,-244,-63.44
43.92,-19.52,-63.44,-9.76,53.68,-43.92,-53.68,-34.16,-14.64,-102.48,-229.36,-58.56
48.8,9.76,-39.04,-29.28,43.92,-14.64,-24.4,0,4.88,-73.2,-209.84,-29.28
24.4,-19.52,-43.92,0,34.16,-34.16,-29.28,-9.76,-14.64,-73.2,-214.72,-43.92
4.88,4.88,0,-4.88,0,0,-43.92,-24.4,-34.16,-82.96,-214.72,-63.44
-4.88,-24.4,-19.52,14.64,4.88,-24.4,-19.52,-19.52,-9.76,-63.44,-200.08,-53.68
-19.52,-43.92,-24.4,34.16,0,-34.16,-19.52,-48.8,-9.76,-68.32,-204.96,-63.44
-14.64,-34.16,-19.52,24.4,0,-29.28,-9.76,-14.64,-19.52,-63.44,-195.2,-58.56
4.88,-19.52,-24.4,9.76,14.64,-24.4,-29.28,0,-34.16,-68.32,-204.96,-73.2
14.64,-14.64,-29.28,0,19.52,-24.4,-34.16,-14.64,-24.4,-53.68,-190.32,-58.56
9.76,-34.16,-43.92,14.64,24.4,-39.04,-14.64,19.52,-9.76,-39.04,-180.56,-34.16
14.64,-19.52,-34.16,4.88,24.4,-29.28,9.76,34.16,4.88,-34.16,-180.56,-39.04
82.96,4.88,-78.08,-43.92,78.08,-39.04,9.76,-29.28,4.88,-48.8,-190.32,-53.68
43.92,-19.52,-63.44,-9.76,53.68,-43.92,9.76,-24.4,14.64,-29.28,-161.04,-24.4
24.4,-34.16,-58.56,4.88,39.04,-48.8,9.76,-14.64,-14.64,-34.16,-165.92,-29.28
14.64,-19.52,-34.16,4.88,24.4,-29.28,43.92,9.76,4.88,-34.16,-161.04,-29.28
14.64,19.52,4.88,-14.64,4.88,9.76,9.76,-48.8,-19.52,-53.68,-180.56,-53.68
29.28,-14.64,-43.92,-4.88,34.16,-29.28,-9.76,-43.92,-48.8,-58.56,-175.68,-53.68
19.52,-14.64,-34.16,0,24.4,-24.4,9.76,-34.16,-14.64,-48.8,-156.16,-34.16
14.64,-34.16,-48.8,9.76,29.28,-43.92,4.88,-43.92,0,-43.92,-151.28,-29.28
4.88,-34.16,-39.04,14.64,19.52,-39.04,14.64,4.88,14.64,-34.16,-136.64,-14.64
58.56,-39.04,-97.6,-9.76,78.08,-68.32,19.52,-39.04,-24.4,-48.8,-151.28,-34.16
48.8,-39.04,-87.84,-4.88,68.32,-63.44,34.16,-39.04,-39.04,-43.92,-146.4,-34.16
14.64,-24.4,-39.04,4.88,24.4,-34.16,48.8,-14.64,-29.28,-34.16,-126.88,-14.64
14.64,-19.52,-34.16,4.88,24.4,-29.28,63.44,4.88,-14.64,-34.16,-117.12,-14.64
24.4,-9.76,-34.16,-4.88,29.28,-24.4,73.2,14.64,-14.64,-29.28,-117.12,-19.52
9.76,-19.52,-29.28,4.88,19.52,-24.4,82.96,14.64,0,-29.28,-117.12,-19.52
4.88,-9.76,-14.64,4.88,9.76,-14.64,58.56,-53.68,-39.04,-58.56,-136.64,-43.92
34.16,4.88,-29.28,-19.52,29.28,-14.64,48.8,-43.92,-73.2,-78.08,-156.16,-58.56
63.44,-19.52,-82.96,-19.52,73.2,-53.68,53.68,-34.16,-58.56,-68.32,-146.4,-48.8
29.28,-34.16,-63.44,4.88,43.92,-48.8,63.44,-24.4,-29.28,-58.56,-141.52,-39.04
-9.76,-58.56,-48.8,34.16,19.52,-53.68,73.2,-24.4,-43.92,-63.44,-136.64,-43.92
-4.88,-53.68,-48.8,29.28,19.52,-53.68,63.44,-29.28,-58.56,-68.32,-151.28,-53.68
4.88,-19.52,-24.4,9.76,14.64,-24.4,78.08,-43.92,-39.04,-68.32,-151.28,-43.92
-14.64,-34.16,-19.52,24.4,0,-29.28,117.12,-19.52,-34.16,-68.32,-136.64,-34.16
-9.76,-43.92,-34.16,29.28,9.76,-39.04,122,19.52,-34.16,-68.32,-136.64,-43.92
24.4,-9.76,-34.16,-4.88,29.28,-24.4,102.48,19.52,-39.04,-68.32,-141.52,-43.92
53.68,-19.52,-73.2,-14.64,63.44,-48.8,102.48,-14.64,-34.16,-82.96,-151.28,-48.8
39.04,-14.64,-53.68,-9.76,43.92,-34.16,107.36,-29.28,-73.2,-102.48,-170.8,-68.32
43.92,-24.4,-68.32,-9.76,53.68,-48.8,92.72,-14.64,-78.08,-97.6,-170.8,-63.44
34.16,-14.64,-48.8,-9.76,39.04,-34.16,78.08,-29.28,-78.08,-102.48,-180.56,-63.44
39.04,-19.52,-58.56,-9.76,48.8,-39.04,82.96,-39.04,-58.56,-92.72,-170.8,-58.56
39.04,-14.64,-53.68,-9.76,43.92,-34.16,73.2,4.88,-58.56,-87.84,-161.04,-43.92
29.28,-9.76,-39.04,-9.76,34.16,-24.4,48.8,4.88,-92.72,-102.48,-175.68,-48.8
29.28,14.64,-14.64,-19.52,19.52,0,53.68,-24.4,-82.96,-97.6,-175.68,-39.04
34.16,-9.76,-43.92,-9.76,39.04,-29.28,43.92,-29.28,-68.32,-97.6,-170.8,-39.04
24.4,-9.76,-34.16,-4.88,29.28,-24.4,29.28,4.88,-58.56,-97.6,-175.68,-39.04
48.8,58.56,9.76,-53.68,19.52,34.16,9.76,-19.52,-87.84,-117.12,-190.32,-53.68
34.16,43.92,9.76,-39.04,9.76,24.4,4.88,4.88,-53.68,-102.48,-170.8,-39.04
68.32,43.92,-24.4,-53.68,43.92,9.76,4.88,29.28,-58.56,-87.84,-165.92,-34.16
73.2,43.92,-29.28,-58.56,48.8,4.88,-24.4,4.88,-58.56,-87.84,-165.92,-34.16
43.92,39.04,-4.88,-39.04,24.4,14.64,-63.44,14.64,-39.04,-73.2,-156.16,-29.28
48.8,29.28,-19.52,-39.04,34.16,4.88,-48.8,39.04,-24.4,-58.56,-151.28,-24.4
34.16,24.4,-9.76,-29.28,19.52,4.88,-68.32,39.04,-29.28,-53.68,-146.4,-19.52
19.52,4.88,-14.64,-9.76,14.64,-4.88,-82.96,34.16,-14.64,-58.56,-151.28,-24.4
19.52,4.88,-14.64,-9.76,14.64,-4.88,-73.2,34.16,-29.28,-63.44,-151.28,-24.4
9.76,4.88,-4.88,-4.88,4.88,0,-43.92,-9.76,-78.08,-87.84,-165.92,-24.4
48.8,19.52,-29.28,-34.16,39.04,-4.88,-29.28,-73.2,-107.36,-112.24,-175.68,-34.16
53.68,29.28,-24.4,-39.04,39.04,0,-14.64,-82.96,-92.72,-112.24,-180.56,-29.28
48.8,48.8,0,-48.8,24.4,24.4,-29.28,-82.96,-112.24,-141.52,-204.96,-53.68
19.52,29.28,9.76,-24.4,4.88,19.52,-29.28,-78.08,-73.2,-126.88,-195.2,-39.04
0,19.52,19.52,-9.76,-9.76,19.52,-24.4,-73.2,-92.72,-117.12,-185.44,-39.04
39.04,29.28,-9.76,-34.16,24.4,9.76,-14.64,-92.72,-131.76,-126.88,-195.2,-48.8
53.68,19.52,-34.16,-34.16,43.92,-9.76,-24.4,-122,-126.88,-141.52,-200.08,-48.8
24.4,-4.88,-29.28,-9.76,24.4,-19.52,-14.64,-97.6,-126.88,-122,-185.44,-43.92
0,-9.76,-9.76,4.88,4.88,-9.76,14.64,-78.08,-136.64,-122,-180.56,-53.68
-4.88,-9.76,-4.88,9.76,0,-9.76,39.04,-68.32,-131.76,-136.64,-190.32,-68.32
0,-24.4,-24.4,14.64,9.76,-24.4,19.52,-63.44,-117.12,-136.64,-200.08,-92.72
29.28,-29.28,-58.56,0,43.92,-43.92,58.56,-4.88,-82.96,-87.84,-185.44,-102.48
73.2,-14.64,-87.84,-29.28,78.08,-53.68,68.32,24.4,-48.8,-43.92,-170.8,-136.64
102.48,4.88,-97.6,-53.68,97.6,-48.8,87.84,68.32,24.4,68.32,-92.72,-136.64
63.44,4.88,-58.56,-34.16,58.56,-29.28,73.2,92.72,82.96,209.84,53.68,-97.6
63.44,53.68,-9.76,-58.56,34.16,19.52,34.16,68.32,131.76,380.64,248.88,-14.64
78.08,97.6,19.52,-87.84,29.28,58.56,19.52,53.68,185.44,566.08,566.08,180.56
97.6,131.76,34.16,-112.24,29.28,82.96,-34.16,-19.52,126.88,639.28,888.16,439.2
112.24,219.6,107.36,-165.92,0,161.04,-112.24,-117.12,-14.64,614.88,1180.96,732
161.04,341.6,180.56,-248.88,-9.76,258.64,-185.44,-200.08,-136.64,531.92,1464,1078.48
219.6,419.68,200.08,-317.2,9.76,307.44,-278.16,-307.44,-287.92,429.44,1844.64,1586
283.04,507.52,224.48,-395.28,29.28,366,-390.4,-531.92,-570.96,170.8,2156.96,2186.24
331.84,585.6,253.76,-458.72,39.04,419.68,-512.4,-814.96,-1000.4,-346.48,2293.6,2727.92
370.88,639.28,268.4,-502.64,48.8,453.84,-634.4,-1054.08,-1449.36,-941.84,2357.04,3191.52
468.48,663.68,195.2,-566.08,136.64,429.44,-722.24,-1180.96,-1761.68,-1400.56,2269.2,3396.48
463.6,658.8,195.2,-561.2,131.76,424.56,-751.52,-1234.64,-1917.84,-1756.8,1995.92,3357.44
448.96,658.8,209.84,-551.44,117.12,434.32,-775.92,-1263.92,-2059.36,-2132.56,1395.68,2991.44
375.76,683.2,307.44,-527.04,34.16,492.88,-795.44,-1327.36,-2196,-2610.8,478.24,2483.92
239.12,707.6,468.48,-473.36,-117.12,585.6,-780.8,-1381.04,-2386.32,-3045.12,-517.28,1908.08
170.8,692.96,522.16,-429.44,-175.68,605.12,-717.36,-1371.28,-2527.84,-3357.44,-1400.56,1229.76
156.16,522.16,366,-336.72,-107.36,444.08,-634.4,-1302.96,-2562,-3518.48,-2025.2,541.68
161.04,326.96,165.92,-244,-4.88,244,-566.08,-1298.08,-2610.8,-3562.4,-2396.08,122
161.04,219.6,58.56,-190.32,48.8,136.64,-541.68,-1327.36,-2625.44,-3469.68,-2508.32,-97.6
141.52,151.28,9.76,-146.4,63.44,78.08,-478.24,-1298.08,-2542.48,-3167.12,-2322.88,-219.6
112.24,146.4,34.16,-126.88,39.04,87.84,-375.76,-1239.52,-2283.84,-2747.44,-2030.08,-317.2
29.28,112.24,82.96,-68.32,-29.28,97.6,-248.88,-1073.6,-1956.88,-2303.36,-1717.76,-326.96
-19.52,34.16,53.68,-4.88,-39.04,43.92,-170.8,-854,-1595.76,-1883.68,-1424.96,-370.88
0,9.76,9.76,-4.88,-4.88,9.76,-161.04,-663.68,-1293.2,-1537.2,-1205.36,-395.28
4.88,19.52,14.64,-9.76,-4.88,14.64,-141.52,-483.12,-990.64,-1210.24,-971.12,-341.6
29.28,-4.88,-34.16,-9.76,29.28,-19.52,-131.76,-375.76,-775.92,-941.84,-775.92,-273.28
68.32,-4.88,-73.2,-29.28,68.32,-39.04,-107.36,-322.08,-614.88,-712.48,-610,-214.72
63.44,-9.76,-73.2,-24.4,68.32,-43.92,-82.96,-278.16,-473.36,-527.04,-478.24,-156.16
53.68,-14.64,-68.32,-19.52,58.56,-43.92,-68.32,-200.08,-341.6,-380.64,-375.76,-131.76
24.4,-14.64,-39.04,-4.88,29.28,-29.28,19.52,-126.88,-244,-283.04,-302.56,-117.12
-9.76,-29.28,-19.52,19.52,4.88,-24.4,24.4,-107.36,-165.92,-209.84,-263.52,-126.88
-9.76,9.76,19.52,0,-14.64,14.64,39.04,-63.44,-126.88,-146.4,-224.48,-107.36
9.76,0,-9.76,-4.88,9.76,-4.88,68.32,-24.4,-112.24,-112.24,-185.44,-92.72
0,-14.64,-14.64,9.76,4.88,-14.64,73.2,-39.04,-92.72,-97.6,-180.56,-87.84
24.4,4.88,-19.52,-14.64,19.52,-9.76,97.6,-9.76,-63.44,-78.08,-156.16,-68.32
24.4,-14.64,-39.04,-4.88,29.28,-29.28,141.52,-14.64,-58.56,-58.56,-126.88,-53.68
24.4,-24.4,-48.8,0,34.16,-39.04,122,-14.64,-63.44,-53.68,-122,-53.68
19.52,-4.88,-24.4,-4.88,19.52,-14.64,102.48,-34.16,-53.68,-53.68,-136.64,-63.44
4.88,-14.64,-19.52,4.88,9.76,-19.52,92.72,-34.16,-53.68,-43.92,-141.52,-78.08
-14.64,-34.16,-19.52,24.4,0,-29.28,107.36,-24.4,-39.04,-24.4,-131.76,-68.32
0,-14.64,-14.64,9.76,4.88,-14.64,126.88,-4.88,-24.4,-9.76,-141.52,-73.2
29.28,0,-29.28,-14.64,29.28,-14.64,122,-14.64,-34.16,-9.76,-146.4,-82.96
29.28,0,-29.28,-14.64,29.28,-14.64,141.52,0,-39.04,-4.88,-136.64,-78.08
0,-29.28,-29.28,14.64,14.64,-29.28,161.04,9.76,-29.28,0,-141.52,-78.08
4.88,-43.92,-48.8,19.52,24.4,-48.8,165.92,4.88,-24.4,4.88,-141.52,-87.84
43.92,-34.16,-78.08,-4.88,58.56,-58.56,156.16,4.88,-34.16,0,-136.64,-87.84
-9.76,-48.8,-39.04,29.28,14.64,-43.92,161.04,29.28,-4.88,14.64,-122,-78.08
4.88,-34.16,-39.04,14.64,19.52,-39.04,151.28,9.76,-19.52,0,-141.52,-107.36
-9.76,-39.04,-29.28,24.4,9.76,-34.16,131.76,9.76,-24.4,4.88,-131.76,-107.36
-14.64,-24.4,-9.76,19.52,-4.88,-19.52,107.36,48.8,-14.64,9.76,-117.12,-102.48
4.88,-9.76,-14.64,4.88,9.76,-14.64,102.48,39.04,9.76,29.28,-102.48,-92.72
-14.64,-9.76,4.88,14.64,-9.76,-4.88,87.84,29.28,9.76,34.16,-92.72,-73.2
14.64,-19.52,-34.16,4.88,24.4,-29.28,53.68,39.04,-4.88,24.4,-102.48,-73.2
14.64,-24.4,-39.04,4.88,24.4,-34.16,63.44,73.2,9.76,39.04,-92.72,-39.04
4.88,-9.76,-14.64,4.88,9.76,-14.64,48.8,73.2,34.16,53.68,-82.96,-24.4
48.8,14.64,-34.16,-29.28,39.04,-9.76,19.52,78.08,24.4,43.92,-82.96,-9.76
43.92,29.28,-14.64,-34.16,29.28,4.88,-4.88,82.96,39.04,53.68,-73.2,9.76
34.16,4.88,-29.28,-19.52,29.28,-14.64,-19.52,112.24,63.44,73.2,-58.56,24.4
34.16,4.88,-29.28,-19.52,29.28,-14.64,-19.52,97.6,63.44,78.08,-53.68,29.28
39.04,0,-39.04,-19.52,39.04,-19.52,-19.52,102.48,82.96,82.96,-48.8,24.4
34.16,29.28,-4.88,-29.28,19.52,9.76,-24.4,126.88,87.84,92.72,-53.68,24.4
43.92,29.28,-14.64,-34.16,29.28,4.88,-14.64,107.36,73.2,87.84,-58.56,19.52
19.52,19.52,0,-19.52,9.76,9.76,-34.16,87.84,68.32,82.96,-58.56,14.64
9.76,19.52,9.76,-14.64,0,14.64,-29.28,78.08,58.56,87.84,-53.68,14.64
39.04,34.16,-4.88,-34.16,19.52,14.64,-19.52,39.04,39.04,78.08,-63.44,0
63.44,29.28,-34.16,-43.92,48.8,-4.88,-9.76,9.76,24.4,63.44,-73.2,-9.76
43.92,43.92,0,-43.92,19.52,19.52,19.52,-4.88,14.64,58.56,-73.2,-4.88
-4.88,9.76,14.64,0,-9.76,9.76,82.96,4.88,19.52,87.84,-48.8,14.64
0,-9.76,-9.76,4.88,4.88,-9.76,87.84,-14.64,19.52,87.84,-48.8,0
-4.88,-14.64,-9.76,9.76,0,-14.64,102.48,-24.4,9.76,82.96,-48.8,0
4.88,4.88,0,-4.88,0,0,117.12,0,19.52,97.6,-39.04,-9.76
43.92,0,-43.92,-19.52,43.92,-24.4,112.24,4.88,19.52,97.6,-34.16,-9.76
34.16,-14.64,-48.8,-9.76,39.04,-34.16,112.24,-48.8,-4.88,82.96,-43.92,-29.28
29.28,-9.76,-39.04,-9.76,34.16,-24.4,97.6,-29.28,29.28,92.72,-39.04,-24.4
48.8,29.28,-19.52,-39.04,34.16,4.88,82.96,-9.76,43.92,102.48,-34.16,-29.28
43.92,19.52,-24.4,-29.28,34.16,-4.88,87.84,-9.76,39.04,112.24,-24.4,-34.16
39.04,-14.64,-53.68,-9.76,43.92,-34.16,107.36,-24.4,29.28,117.12,-9.76,-29.28
-4.88,-34.16,-29.28,19.52,9.76,-34.16,117.12,-4.88,43.92,136.64,4.88,-24.4
0,-39.04,-39.04,19.52,19.52,-39.04,97.6,-4.88,43.92,141.52,9.76,-48.8
4.88,-9.76,-14.64,4.88,9.76,-14.64,97.6,9.76,63.44,156.16,19.52,-43.92
0,9.76,9.76,-4.88,-4.88,9.76,107.36,9.76,82.96,165.92,34.16,-39.04
4.88,-4.88,-9.76,0,4.88,-9.76,122,24.4,78.08,175.68,43.92,-43.92
0,-39.04,-39.04,19.52,19.52,-39.04,122,24.4,82.96,170.8,43.92,-58.56
0,-43.92,-43.92,24.4,19.52,-43.92,97.6,19.52,97.6,185.44,53.68,-68.32
4.88,-19.52,-24.4,9.76,14.64,-24.4,87.84,53.68,92.72,195.2,63.44,-73.2
14.64,-53.68,-68.32,19.52,39.04,-63.44,102.48,48.8,107.36,200.08,63.44,-87.84
-9.76,-58.56,-48.8,34.16,19.52,-53.68,97.6,24.4,117.12,209.84,68.32,-102.48
-14.64,-29.28,-14.64,24.4,0,-24.4,92.72,19.52,136.64,224.48,68.32,-112.24
19.52,-14.64,-34.16,0,24.4,-24.4,97.6,43.92,156.16,253.76,92.72,-107.36
24.4,-24.4,-48.8,0,34.16,-39.04,97.6,97.6,185.44,287.92,126.88,-87.84
39.04,-4.88,-43.92,-14.64,39.04,-24.4,112.24,107.36,175.68,302.56,131.76,-82.96
58.56,-14.64,-73.2,-19.52,63.44,-43.92,107.36,117.12,165.92,302.56,131.76,-87.84
-4.88,-43.92,-39.04,24.4,14.64,-43.92,117.12,131.76,209.84,322.08,151.28,-78.08
4.88,-34.16,-39.04,14.64,19.52,-39.04,112.24,82.96,214.72,331.84,156.16,-82.96
24.4,-29.28,-53.68,4.88,39.04,-43.92,122,87.84,209.84,336.72,156.16,-97.6
68.32,-29.28,-97.6,-19.52,82.96,-63.44,112.24,82.96,229.36,351.36,170.8,-97.6
68.32,-39.04,-107.36,-14.64,87.84,-73.2,102.48,87.84,239.12,361.12,185.44,-102.48
19.52,-34.16,-53.68,9.76,34.16,-43.92,117.12,126.88,278.16,405.04,204.96,-92.72
24.4,19.52,-4.88,-19.52,14.64,4.88,122,107.36,273.28,414.8,214.72,-97.6
34.16,29.28,-4.88,-29.28,19.52,9.76,126.88,122,273.28,424.56,224.48,-97.6
48.8,9.76,-39.04,-29.28,43.92,-14.64,126.88,112.24,297.68,444.08,239.12,-82.96
48.8,43.92,-4.88,-43.92,24.4,19.52,131.76,117.12,322.08,448.96,244,-82.96
34.16,4.88,-29.28,-19.52,29.28,-14.64,141.52,151.28,346.48,473.36,268.4,-82.96
48.8,-34.16,-82.96,-4.88,63.44,-58.56,141.52,122,361.12,492.88,287.92,-68.32
53.68,9.76,-43.92,-29.28,48.8,-19.52,146.4,151.28,346.48,507.52,302.56,-68.32
53.68,-19.52,-73.2,-14.64,63.44,-48.8,156.16,165.92,380.64,531.92,322.08,-63.44
39.04,-39.04,-78.08,0,58.56,-58.56,131.76,161.04,390.4,536.8,331.84,-63.44
43.92,-43.92,-87.84,0,63.44,-68.32,117.12,209.84,419.68,561.2,336.72,-68.32
39.04,-39.04,-78.08,0,58.56,-58.56,122,244,448.96,590.48,375.76,-58.56
53.68,0,-53.68,-24.4,53.68,-29.28,102.48,180.56,429.44,585.6,370.88,-87.84
58.56,9.76,-48.8,-34.16,53.68,-19.52,92.72,170.8,424.56,600.24,385.52,-87.84
87.84,9.76,-78.08,-48.8,82.96,-34.16,97.6,165.92,434.32,619.76,395.28,-78.08
43.92,-24.4,-68.32,-9.76,53.68,-48.8,136.64,195.2,478.24,658.8,444.08,-58.56
43.92,-14.64,-58.56,-14.64,48.8,-39.04,151.28,219.6,512.4,683.2,463.6,-48.8
73.2,14.64,-58.56,-43.92,63.44,-24.4,131.76,239.12,531.92,702.72,492.88,-39.04
112.24,0,-112.24,-53.68,112.24,-58.56,136.64,239.12,570.96,736.88,512.4,-39.04
97.6,24.4,-73.2,-58.56,82.96,-24.4,141.52,283.04,590.48,771.04,546.56,-29.28
97.6,29.28,-68.32,-63.44,82.96,-19.52,131.76,263.52,585.6,780.8,556.32,-39.04
34.16,-4.88,-39.04,-14.64,34.16,-24.4,97.6,258.64,595.36,819.84,585.6,-39.04
29.28,-29.28,-58.56,0,43.92,-43.92,102.48,292.8,619.76,849.12,619.76,-29.28
68.32,-9.76,-78.08,-29.28,73.2,-43.92,82.96,283.04,619.76,854,629.52,-39.04
58.56,29.28,-29.28,-43.92,43.92,0,63.44,273.28,614.88,863.76,653.92,-53.68
58.56,19.52,-39.04,-39.04,48.8,-9.76,92.72,292.8,653.92,893.04,692.96,-29.28
63.44,29.28,-34.16,-43.92,48.8,-4.88,92.72,302.56,678.32,912.56,717.36,-19.52
117.12,34.16,-82.96,-73.2,97.6,-24.4,82.96,278.16,683.2,932.08,741.76,-14.64
107.36,34.16,-73.2,-68.32,87.84,-19.52,92.72,292.8,673.44,946.72,766.16,-9.76
78.08,24.4,-53.68,-48.8,63.44,-14.64,97.6,331.84,717.36,976,805.2,4.88
97.6,19.52,-78.08,-58.56,87.84,-29.28,92.72,351.36,722.24,995.52,829.6,4.88
73.2,14.64,-58.56,-43.92,63.44,-24.4,68.32,356.24,722.24,1000.4,844.24,-9.76
68.32,34.16,-34.16,-48.8,48.8,0,58.56,326.96,712.48,1000.4,844.24,-24.4
78.08,73.2,-4.88,-73.2,39.04,34.16,58.56,341.6,736.88,1024.8,878.4,0
97.6,53.68,-43.92,-73.2,68.32,4.88,68.32,356.24,736.88,1044.32,907.68,4.88
97.6,39.04,-58.56,-68.32,78.08,-9.76,39.04,356.24,722.24,1034.56,912.56,4.88
122,29.28,-92.72,-73.2,107.36,-34.16,24.4,351.36,727.12,1029.68,927.2,9.76
122,24.4,-97.6,-73.2,107.36,-39.04,9.76,390.4,741.76,1054.08,946.72,29.28
112.24,58.56,-53.68,-82.96,82.96,0,14.64,409.92,751.52,1058.96,961.36,39.04
122,78.08,-43.92,-97.6,82.96,14.64,0,380.64,756.4,1049.2,966.24,34.16
107.36,63.44,-43.92,-82.96,73.2,9.76,-4.88,390.4,756.4,1054.08,971.12,34.16
126.88,82.96,-43.92,-102.48,82.96,19.52,0,366,741.76,1058.96,990.64,43.92
122,78.08,-43.92,-97.6,82.96,14.64,4.88,370.88,741.76,1068.72,1000.4,43.92
117.12,68.32,-48.8,-92.72,82.96,9.76,29.28,322.08,717.36,1049.2,995.52,48.8
97.6,48.8,-48.8,-73.2,73.2,0,0,287.92,678.32,1029.68,990.64,43.92
102.48,34.16,-68.32,-68.32,82.96,-19.52,-29.28,248.88,629.52,985.76,966.24,24.4
78.08,4.88,-73.2,-39.04,73.2,-34.16,-14.64,204.96,595.36,956.48,951.6,19.52
78.08,29.28,-48.8,-53.68,63.44,-9.76,-14.64,175.68,570.96,941.84,941.84,29.28
87.84,29.28,-58.56,-58.56,73.2,-14.64,4.88,151.28,551.44,927.2,941.84,29.28
112.24,24.4,-87.84,-68.32,97.6,-34.16,-4.88,146.4,536.8,907.68,932.08,29.28
117.12,14.64,-102.48,-63.44,107.36,-43.92,-9.76,131.76,488,878.4,912.56,19.52
87.84,19.52,-68.32,-53.68,78.08,-24.4,-19.52,102.48,453.84,854,893.04,14.64
92.72,9.76,-82.96,-48.8,87.84,-39.04,-4.88,97.6,463.6,844.24,893.04,24.4
117.12,24.4,-92.72,-68.32,102.48,-34.16,-9.76,78.08,429.44,819.84,878.4,24.4
102.48,29.28,-73.2,-63.44,87.84,-24.4,-24.4,39.04,385.52,775.92,834.48,9.76
68.32,9.76,-58.56,-39.04,63.44,-24.4,-19.52,53.68,361.12,761.28,824.72,9.76
53.68,-4.88,-58.56,-24.4,53.68,-34.16,-43.92,34.16,346.48,722.24,785.68,4.88
63.44,14.64,-48.8,-39.04,53.68,-19.52,-63.44,63.44,317.2,673.44,741.76,-9.76
63.44,14.64,-48.8,-39.04,53.68,-19.52,-78.08,48.8,292.8,639.28,707.6,-24.4
92.72,-19.52,-112.24,-34.16,102.48,-68.32,-78.08,24.4,258.64,610,668.56,-19.52
97.6,9.76,-87.84,-53.68,92.72,-39.04,-87.84,19.52,248.88,570.96,639.28,-9.76
78.08,24.4,-53.68,-48.8,63.44,-14.64,-87.84,14.64,248.88,546.56,605.12,-4.88
92.72,4.88,-87.84,-48.8,87.84,-43.92,-68.32,0,214.72,527.04,590.48,24.4
82.96,-4.88,-87.84,-39.04,82.96,-48.8,-73.2,-4.88,190.32,478.24,536.8,9.76
97.6,0,-97.6,-48.8,97.6,-48.8,-78.08,4.88,156.16,439.2,492.88,4.88
82.96,-19.52,-102.48,-29.28,92.72,-63.44,-73.2,-43.92,136.64,409.92,463.6,0
34.16,-29.28,-63.44,0,48.8,-48.8,-78.08,-29.28,131.76,380.64,429.44,0
43.92,-14.64,-58.56,-14.64,48.8,-39.04,-68.32,-14.64,117.12,346.48,395.28,0
58.56,-14.64,-73.2,-19.52,63.44,-43.92,-53.68,-29.28,92.72,307.44,361.12,-14.64
53.68,-29.28,-82.96,-9.76,68.32,-58.56,-58.56,-43.92,92.72,283.04,322.08,-29.28
58.56,-24.4,-82.96,-14.64,68.32,-53.68,-63.44,-58.56,73.2,248.88,283.04,-29.28
43.92,-34.16,-78.08,-4.88,58.56,-58.56,-43.92,-53.68,53.68,239.12,258.64,-39.04
53.68,-14.64,-68.32,-19.52,58.56,-43.92,-29.28,-58.56,43.92,204.96,229.36,-34.16
48.8,-9.76,-58.56,-19.52,53.68,-34.16,-4.88,-53.68,63.44,185.44,204.96,-29.28
39.04,-19.52,-58.56,-9.76,48.8,-39.04,9.76,-19.52,43.92,165.92,185.44,-29.28
39.04,4.88,-34.16,-19.52,34.16,-14.64,29.28,-9.76,4.88,131.76,151.28,-34.16
14.64,-34.16,-48.8,9.76,29.28,-43.92,58.56,-53.68,-4.88,107.36,122,-29.28
4.88,-29.28,-34.16,14.64,19.52,-34.16,43.92,-58.56,-4.88,82.96,92.72,-43.92
19.52,-4.88,-24.4,-4.88,19.52,-14.64,29.28,-73.2,-24.4,58.56,68.32,-48.8
9.76,-48.8,-58.56,19.52,34.16,-53.68,39.04,-48.8,-4.88,58.56,58.56,-48.8
14.64,-29.28,-43.92,9.76,29.28,-39.04,34.16,-48.8,-19.52,48.8,39.04,-63.44
4.88,-19.52,-24.4,9.76,14.64,-24.4,39.04,-39.04,-39.04,39.04,24.4,-68.32
9.76,-19.52,-29.28,4.88,19.52,-24.4,58.56,-34.16,-43.92,29.28,9.76,-68.32
19.52,-34.16,-53.68,9.76,34.16,-43.92,78.08,-43.92,-58.56,4.88,-9.76,-78.08
34.16,-78.08,-112.24,24.4,73.2,-97.6,73.2,-78.08,-78.08,-24.4,-39.04,-97.6
53.68,-24.4,-78.08,-14.64,63.44,-53.68,63.44,-39.04,-68.32,-24.4,-53.68,-112.24
68.32,-14.64,-82.96,-24.4,73.2,-48.8,82.96,-34.16,-82.96,-34.16,-63.44,-102.48
34.16,-19.52,-53.68,-4.88,43.92,-39.04,97.6,-53.68,-87.84,-48.8,-92.72,-117.12
4.88,-29.28,-34.16,14.64,19.52,-34.16,112.24,-29.28,-73.2,-58.56,-102.48,-117.12
-4.88,-53.68,-48.8,29.28,19.52,-53.68,126.88,-29.28,-48.8,-43.92,-82.96,-97.6
0,-58.56,-58.56,29.28,29.28,-58.56,102.48,24.4,-53.68,-34.16,-92.72,-102.48
14.64,-43.92,-58.56,14.64,34.16,-53.68,117.12,19.52,-43.92,-39.04,-102.48,-97.6
-14.64,-48.8,-34.16,34.16,9.76,-43.92,117.12,-9.76,-43.92,-43.92,-117.12,-102.48
-39.04,-78.08,-39.04,58.56,0,-58.56,78.08,-34.16,-29.28,-63.44,-146.4,-126.88
-14.64,-68.32,-53.68,43.92,19.52,-63.44,82.96,9.76,-58.56,-58.56,-146.4,-112.24
0,-24.4,-24.4,14.64,9.76,-24.4,78.08,24.4,-68.32,-68.32,-146.4,-117.12
0,-39.04,-39.04,19.52,19.52,-39.04,92.72,4.88,-39.04,-58.56,-136.64,-102.48
9.76,-78.08,-87.84,34.16,48.8,-82.96,112.24,19.52,-14.64,-48.8,-131.76,-82.96
-14.64,-78.08,-63.44,48.8,24.4,-73.2,117.12,58.56,-34.16,-48.8,-136.64,-87.84
14.64,-78.08,-92.72,34.16,53.68,-87.84,97.6,78.08,-14.64,-48.8,-131.76,-97.6
-9.76,-68.32,-58.56,39.04,24.4,-63.44,87.84,92.72,9.76,-34.16,-122,-87.84
-9.76,-68.32,-58.56,39.04,24.4,-63.44,78.08,87.84,14.64,-34.16,-122,-87.84
-19.52,-68.32,-48.8,43.92,14.64,-58.56,82.96,87.84,0,-34.16,-122,-82.96
-29.28,-92.72,-63.44,63.44,14.64,-78.08,73.2,87.84,34.16,-24.4,-107.36,-78.08
-19.52,-92.72,-73.2,58.56,24.4,-82.96,48.8,87.84,14.64,-29.28,-122,-78.08
-4.88,-73.2,-68.32,39.04,29.28,-73.2,34.16,58.56,9.76,-43.92,-122,-78.08
0,-63.44,-63.44,34.16,29.28,-63.44,48.8,82.96,34.16,-24.4,-102.48,-58.56
19.52,-58.56,-78.08,19.52,48.8,-68.32,53.68,107.36,48.8,-19.52,-92.72,-43.92
-9.76,-97.6,-87.84,53.68,39.04,-92.72,63.44,102.48,58.56,-4.88,-87.84,-29.28
-19.52,-87.84,-68.32,53.68,24.4,-78.08,73.2,92.72,53.68,-4.88,-87.84,-34.16
4.88,-78.08,-82.96,39.04,43.92,-82.96,117.12,78.08,34.16,-4.88,-92.72,-34.16
-19.52,-97.6,-78.08,58.56,29.28,-87.84,126.88,68.32,24.4,-14.64,-97.6,-39.04
0,-97.6,-97.6,48.8,48.8,-97.6,92.72,48.8,19.52,-29.28,-107.36,-58.56
19.52,-92.72,-112.24,39.04,63.44,-102.48,87.84,-19.52,-19.52,-43.92,-117.12,-68.32
0,-92.72,-92.72,48.8,43.92,-92.72,82.96,-9.76,-34.16,-43.92,-122,-78.08
-29.28,-97.6,-68.32,63.44,19.52,-82.96,97.6,9.76,-9.76,-39.04,-107.36,-68.32
-29.28,-117.12,-87.84,73.2,29.28,-102.48,82.96,-9.76,-9.76,-43.92,-107.36,-73.2
-19.52,-97.6,-78.08,58.56,29.28,-87.84,87.84,-9.76,-19.52,-48.8,-107.36,-63.44
-14.64,-122,-107.36,68.32,43.92,-117.12,102.48,-9.76,0,-34.16,-87.84,-48.8
-24.4,-126.88,-102.48,78.08,39.04,-117.12,97.6,-19.52,-14.64,-34.16,-82.96,-63.44
-24.4,-82.96,-58.56,53.68,14.64,-73.2,102.48,-4.88,-19.52,-24.4,-73.2,-53.68
-14.64,-78.08,-63.44,48.8,24.4,-73.2,112.24,-14.64,-19.52,-19.52,-63.44,-53.68
-29.28,-107.36,-78.08,68.32,24.4,-92.72,97.6,4.88,-24.4,-24.4,-53.68,-63.44
-14.64,-122,-107.36,68.32,43.92,-117.12,102.48,24.4,-9.76,-24.4,-58.56,-63.44
-48.8,-126.88,-78.08,87.84,14.64,-102.48,97.6,0,-14.64,-14.64,-34.16,-63.44
-39.04,-107.36,-68.32,73.2,14.64,-87.84,97.6,-29.28,-29.28,-9.76,-29.28,-68.32
-19.52,-102.48,-82.96,63.44,29.28,-92.72,97.6,-43.92,-34.16,-14.64,-24.4,-63.44
-29.28,-107.36,-78.08,68.32,24.4,-92.72,68.32,-39.04,-24.4,-9.76,-19.52,-68.32
-29.28,-97.6,-68.32,63.44,19.52,-82.96,87.84,-43.92,4.88,14.64,0,-48.8
-34.16,-73.2,-39.04,53.68,0,-58.56,82.96,-43.92,14.64,19.52,9.76,-48.8
-24.4,-97.6,-73.2,63.44,24.4,-87.84,78.08,-19.52,19.52,39.04,24.4,-29.28
-19.52,-102.48,-82.96,63.44,29.28,-92.72,92.72,9.76,24.4,43.92,29.28,-29.28
-29.28,-92.72,-63.44,63.44,14.64,-78.08,68.32,34.16,24.4,43.92,29.28,-39.04
-29.28,-102.48,-73.2,68.32,19.52,-87.84,73.2,39.04,39.04,53.68,34.16,-29.28
0,-82.96,-82.96,43.92,39.04,-82.96,82.96,19.52,43.92,58.56,29.28,-29.28
9.76,-97.6,-107.36,43.92,58.56,-102.48,73.2,-4.88,48.8,68.32,29.28,-34.16
39.04,-87.84,-126.88,24.4,82.96,-107.36,53.68,-19.52,58.56,58.56,24.4,-43.92
9.76,-63.44,-73.2,29.28,39.04,-68.32,58.56,0,48.8,63.44,24.4,-53.68
-34.16,-87.84,-53.68,63.44,9.76,-73.2,63.44,14.64,53.68,73.2,24.4,-58.56
-4.88,-92.72,-87.84,48.8,39.04,-92.72,68.32,19.52,53.68,82.96,29.28,-53.68
14.64,-82.96,-97.6,34.16,53.68,-92.72,68.32,14.64,82.96,107.36,39.04,-43.92
29.28,-78.08,-107.36,24.4,68.32,-92.72,92.72,39.04,112.24,117.12,53.68,-24.4
43.92,-58.56,-102.48,9.76,73.2,-82.96,112.24,48.8,117.12,136.64,68.32,-19.52
9.76,-73.2,-82.96,34.16,43.92,-78.08,141.52,63.44,97.6,136.64,73.2,-19.52
-24.4,-102.48,-78.08,63.44,24.4,-92.72,141.52,48.8,92.72,117.12,58.56,-29.28
4.88,-97.6,-102.48,48.8,53.68,-102.48,126.88,43.92,58.56,102.48,39.04,-34.16
0,-87.84,-87.84,43.92,43.92,-87.84,136.64,58.56,63.44,97.6,39.04,-39.04
0,-112.24,-112.24,58.56,53.68,-112.24,136.64,48.8,82.96,102.48,48.8,-34.16
-29.28,-107.36,-78.08,68.32,24.4,-92.72,122,78.08,97.6,107.36,58.56,-34.16
-34.16,-102.48,-68.32,68.32,14.64,-87.84,126.88,58.56,87.84,117.12,58.56,-39.04
0,-97.6,-97.6,48.8,48.8,-97.6,131.76,48.8,82.96,107.36,58.56,-43.92
-19.52,-112.24,-92.72,68.32,34.16,-102.48,165.92,82.96,112.24,126.88,68.32,-29.28
19.52,-107.36,-126.88,43.92,73.2,-117.12,156.16,82.96,117.12,112.24,58.56,-39.04
9.76,-92.72,-102.48,43.92,53.68,-97.6,151.28,63.44,102.48,97.6,48.8,-48.8
0,-92.72,-92.72,48.8,43.92,-92.72,175.68,82.96,102.48,102.48,63.44,-43.92
24.4,-68.32,-92.72,24.4,58.56,-82.96,209.84,63.44,92.72,97.6,63.44,-29.28
4.88,-73.2,-78.08,34.16,39.04,-78.08,170.8,43.92,82.96,78.08,48.8,-43.92
0,-78.08,-78.08,39.04,39.04,-78.08,175.68,29.28,82.96,78.08,53.68,-48.8
-14.64,-82.96,-68.32,48.8,24.4,-78.08,170.8,53.68,58.56,78.08,48.8,-53.68
-19.52,-97.6,-78.08,58.56,29.28,-87.84,170.8,97.6,87.84,87.84,53.68,-48.8
4.88,-107.36,-112.24,53.68,58.56,-112.24,185.44,87.84,126.88,97.6,63.44,-39.04
-14.64,-102.48,-87.84,58.56,34.16,-97.6,170.8,78.08,112.24,92.72,53.68,-53.68
-9.76,-97.6,-87.84,53.68,39.04,-92.72,156.16,87.84,78.08,87.84,43.92,-58.56
-9.76,-63.44,-53.68,39.04,19.52,-58.56,175.68,78.08,97.6,102.48,53.68,-43.92
-19.52,-87.84,-68.32,53.68,24.4,-78.08,161.04,53.68,82.96,82.96,43.92,-58.56
-4.88,-82.96,-78.08,43.92,34.16,-82.96,170.8,58.56,82.96,92.72,53.68,-43.92
-14.64,-102.48,-87.84,58.56,34.16,-97.6,190.32,87.84,92.72,82.96,63.44,-34.16
-19.52,-102.48,-82.96,63.44,29.28,-92.72,185.44,78.08,82.96,78.08,53.68,-43.92
0,-107.36,-107.36,53.68,53.68,-107.36,190.32,102.48,82.96,87.84,58.56,-24.4
4.88,-112.24,-117.12,53.68,58.56,-117.12,175.68,102.48,87.84,82.96,39.04,-34.16
-9.76,-87.84,-78.08,48.8,34.16,-82.96,175.68,92.72,87.84,87.84,39.04,-34.16
-19.52,-78.08,-58.56,48.8,19.52,-68.32,185.44,97.6,136.64,97.6,43.92,-34.16
-14.64,-43.92,-29.28,29.28,4.88,-39.04,156.16,87.84,97.6,73.2,19.52,-58.56
-9.76,-58.56,-48.8,34.16,19.52,-53.68,146.4,82.96,87.84,68.32,9.76,-58.56
0,-87.84,-87.84,43.92,43.92,-87.84,165.92,112.24,92.72,78.08,19.52,-48.8
9.76,-82.96,-92.72,39.04,48.8,-87.84,180.56,92.72,107.36,92.72,34.16,-39.04
24.4,-68.32,-92.72,24.4,58.56,-82.96,165.92,117.12,126.88,102.48,48.8,-9.76
0,-78.08,-78.08,39.04,39.04,-78.08,151.28,156.16,126.88,102.48,48.8,0
9.76,-78.08,-87.84,34.16,48.8,-82.96,131.76,131.76,122,97.6,43.92,-9.76
29.28,-58.56,-87.84,14.64,58.56,-73.2,126.88,73.2,102.48,82.96,34.16,-9.76
-4.88,-82.96,-78.08,43.92,34.16,-82.96,131.76,68.32,87.84,78.08,34.16,-14.64
-19.52,-87.84,-68.32,53.68,24.4,-78.08,136.64,24.4,58.56,63.44,19.52,-34.16
-29.28,-97.6,-68.32,63.44,19.52,-82.96,131.76,29.28,48.8,63.44,14.64,-34.16
-29.28,-107.36,-78.08,68.32,24.4,-92.72,117.12,58.56,63.44,58.56,9.76,-39.04
-14.64,-112.24,-97.6,63.44,39.04,-107.36,122,48.8,39.04,53.68,9.76,-34.16
9.76,-112.24,-122,53.68,63.44,-117.12,87.84,19.52,39.04,34.16,-4.88,-48.8
34.16,-102.48,-136.64,34.16,82.96,-122,107.36,24.4,24.4,39.04,4.88,-34.16
4.88,-112.24,-117.12,53.68,58.56,-117.12,126.88,4.88,29.28,39.04,4.88,-9.76
0,-117.12,-117.12,58.56,58.56,-117.12,131.76,0,19.52,24.4,-9.76,-29.28
43.92,-92.72,-136.64,24.4,87.84,-117.12,122,0,24.4,24.4,-9.76,-34.16
48.8,-107.36,-156.16,29.28,102.48,-131.76,117.12,0,9.76,29.28,0,-19.52
19.52,-136.64,-156.16,58.56,87.84,-146.4,92.72,-14.64,24.4,34.16,0,-19.52
-4.88,-122,-117.12,63.44,53.68,-122,78.08,-14.64,39.04,34.16,4.88,-14.64
-14.64,-122,-107.36,68.32,43.92,-117.12,68.32,-19.52,39.04,29.28,4.88,-29.28
9.76,-122,-131.76,58.56,68.32,-126.88,58.56,-19.52,39.04,24.4,0,-39.04
4.88,-107.36,-112.24,53.68,58.56,-112.24,58.56,0,4.88,29.28,4.88,-24.4
-14.64,-117.12,-102.48,68.32,43.92,-112.24,39.04,-19.52,9.76,14.64,4.88,-29.28
-4.88,-122,-117.12,63.44,53.68,-122,29.28,0,9.76,9.76,0,-34.16
0,-112.24,-112.24,58.56,53.68,-112.24,43.92,-19.52,4.88,14.64,0,-29.28
-9.76,-122,-112.24,68.32,48.8,-117.12,48.8,-9.76,9.76,9.76,0,-29.28
-14.64,-151.28,-136.64,82.96,58.56,-146.4,58.56,0,19.52,19.52,9.76,-14.64
-14.64,-136.64,-122,78.08,53.68,-131.76,63.44,-4.88,14.64,24.4,14.64,-19.52
9.76,-117.12,-126.88,53.68,68.32,-122,58.56,-14.64,0,29.28,19.52,-19.52
43.92,-97.6,-141.52,29.28,92.72,-122,53.68,-24.4,4.88,19.52,19.52,-24.4
19.52,-126.88,-146.4,53.68,82.96,-136.64,39.04,-29.28,-4.88,9.76,4.88,-39.04
-29.28,-151.28,-122,92.72,43.92,-136.64,34.16,-29.28,0,14.64,9.76,-34.16
-34.16,-151.28,-117.12,92.72,39.04,-136.64,24.4,-29.28,0,4.88,9.76,-34.16
-14.64,-126.88,-112.24,73.2,48.8,-122,9.76,-19.52,9.76,-4.88,0,-43.92
0,-126.88,-126.88,63.44,63.44,-126.88,9.76,-24.4,-14.64,0,4.88,-39.04
-14.64,-122,-107.36,68.32,43.92,-117.12,0,-29.28,-9.76,-4.88,-9.76,-43.92
0,-112.24,-112.24,58.56,53.68,-112.24,14.64,4.88,19.52,4.88,4.88,-24.4
0,-117.12,-117.12,58.56,58.56,-117.12,43.92,-4.88,19.52,14.64,4.88,-24.4
4.88,-107.36,-112.24,53.68,58.56,-112.24,43.92,-19.52,0,4.88,0,-34.16
24.4,-78.08,-102.48,29.28,63.44,-92.72,34.16,-34.16,-14.64,0,-9.76,-43.92
9.76,-92.72,-102.48,43.92,53.68,-97.6,39.04,-29.28,-14.64,-9.76,-4.88,-43.92
43.92,-87.84,-131.76,24.4,87.84,-112.24,43.92,-34.16,0,-9.76,-4.88,-48.8
43.92,-58.56,-102.48,9.76,73.2,-82.96,43.92,-24.4,-9.76,-19.52,-9.76,-48.8
29.28,-107.36,-136.64,39.04,82.96,-122,39.04,4.88,0,-24.4,-19.52,-63.44
19.52,-107.36,-126.88,43.92,73.2,-117.12,53.68,-24.4,-4.88,-19.52,-14.64,-68.32
-14.64,-112.24,-97.6,63.44,39.04,-107.36,73.2,-19.52,9.76,0,-4.88,-53.68
0,-122,-122,63.44,58.56,-122,73.2,14.64,-4.88,-4.88,0,-58.56
53.68,-107.36,-161.04,29.28,107.36,-136.64,92.72,-9.76,-9.76,0,0,-63.44
29.28,-97.6,-126.88,34.16,78.08,-112.24,92.72,9.76,9.76,4.88,9.76,-53.68
9.76,-112.24,-122,53.68,63.44,-117.12,107.36,4.88,34.16,14.64,9.76,-48.8
29.28,-102.48,-131.76,39.04,78.08,-117.12,122,-14.64,24.4,9.76,9.76,-48.8
29.28,-102.48,-131.76,39.04,78.08,-117.12,126.88,4.88,9.76,14.64,4.88,-48.8
19.52,-97.6,-117.12,39.04,68.32,-107.36,117.12,-4.88,24.4,14.64,9.76,-53.68
14.64,-73.2,-87.84,29.28,48.8,-82.96,102.48,-4.88,14.64,0,0,-68.32
24.4,-63.44,-87.84,19.52,53.68,-78.08,82.96,-29.28,0,-14.64,-19.52,-92.72
58.56,-78.08,-136.64,9.76,97.6,-107.36,92.72,-24.4,24.4,-4.88,-14.64,-87.84
39.04,-82.96,-122,24.4,78.08,-102.48,73.2,-14.64,19.52,0,-14.64,-92.72
4.88,-117.12,-122,58.56,63.44,-122,82.96,-24.4,4.88,0,-19.52,-102.48
14.64,-102.48,-117.12,43.92,63.44,-112.24,87.84,0,14.64,4.88,-4.88,-92.72
4.88,-53.68,-58.56,24.4,29.28,-58.56,73.2,-19.52,29.28,4.88,-9.76,-97.6
24.4,-73.2,-97.6,24.4,58.56,-87.84,82.96,-14.64,19.52,9.76,-4.88,-73.2
14.64,-92.72,-107.36,39.04,58.56,-102.48,107.36,0,29.28,24.4,14.64,-58.56
14.64,-82.96,-97.6,34.16,53.68,-92.72,107.36,24.4,34.16,19.52,14.64,-68.32
14.64,-107.36,-122,48.8,68.32,-117.12,122,43.92,43.92,24.4,14.64,-58.56
34.16,-92.72,-126.88,29.28,78.08,-112.24,78.08,34.16,53.68,9.76,0,-73.2
4.88,-92.72,-97.6,43.92,48.8,-97.6,78.08,34.16,68.32,34.16,14.64,-53.68
4.88,-78.08,-82.96,39.04,43.92,-82.96,78.08,53.68,48.8,43.92,19.52,-43.92
14.64,-68.32,-82.96,29.28,48.8,-78.08,53.68,0,43.92,34.16,4.88,-63.44
34.16,-58.56,-92.72,14.64,63.44,-78.08,48.8,19.52,48.8,39.04,9.76,-63.44
4.88,-78.08,-82.96,39.04,43.92,-82.96,73.2,53.68,78.08,63.44,34.16,-48.8
29.28,-68.32,-97.6,19.52,63.44,-82.96,63.44,58.56,82.96,48.8,24.4,-63.44
19.52,-53.68,-73.2,19.52,43.92,-63.44,97.6,53.68,102.48,53.68,34.16,-53.68
4.88,-63.44,-68.32,29.28,34.16,-68.32,112.24,68.32,97.6,53.68,39.04,-63.44
-14.64,-87.84,-73.2,53.68,29.28,-82.96,112.24,92.72,97.6,68.32,43.92,-53.68
29.28,-58.56,-87.84,14.64,58.56,-73.2,107.36,87.84,126.88,73.2,58.56,-39.04
9.76,-39.04,-48.8,14.64,29.28,-43.92,107.36,78.08,122,82.96,68.32,-39.04
-19.52,-39.04,-19.52,29.28,0,-29.28,82.96,87.84,117.12,82.96,63.44,-43.92
-34.16,-73.2,-39.04,53.68,0,-58.56,53.68,102.48,136.64,78.08,58.56,-43.92
-19.52,-58.56,-39.04,39.04,9.76,-48.8,29.28,58.56,131.76,63.44,53.68,-63.44
9.76,-4.88,-14.64,0,9.76,-9.76,34.16,48.8,97.6,58.56,43.92,-68.32
-9.76,-9.76,0,9.76,-4.88,-4.88,53.68,73.2,73.2,63.44,58.56,-53.68
-19.52,-73.2,-53.68,48.8,14.64,-63.44,78.08,4.88,53.68,53.68,58.56,-48.8
-58.56,-87.84,-29.28,73.2,-14.64,-58.56,92.72,19.52,58.56,48.8,58.56,-58.56
-43.92,-78.08,-34.16,63.44,-4.88,-58.56,102.48,-9.76,82.96,39.04,48.8,-63.44
-24.4,-78.08,-53.68,53.68,14.64,-68.32,102.48,-34.16,97.6,39.04,48.8,-63.44
-29.28,-48.8,-19.52,39.04,-4.88,-34.16,107.36,-19.52,63.44,58.56,68.32,-48.8
-58.56,-68.32,-9.76,63.44,-24.4,-39.04,97.6,-34.16,53.68,39.04,53.68,-58.56
-39.04,-58.56,-19.52,48.8,-9.76,-39.04,87.84,-43.92,29.28,19.52,34.16,-73.2
-68.32,-82.96,-14.64,78.08,-29.28,-48.8,102.48,-29.28,34.16,34.16,43.92,-58.56
-58.56,-82.96,-24.4,73.2,-19.52,-53.68,97.6,-19.52,39.04,43.92,53.68,-53.68
-48.8,-87.84,-39.04,68.32,-4.88,-63.44,87.84,-9.76,43.92,48.8,58.56,-43.92
-73.2,-107.36,-34.16,92.72,-19.52,-73.2,92.72,-19.52,48.8,53.68,58.56,-58.56
-73.2,-117.12,-43.92,97.6,-14.64,-82.96,92.72,-14.64,48.8,43.92,48.8,-97.6
-34.16,-122,-87.84,78.08,24.4,-107.36,97.6,24.4,82.96,82.96,58.56,-122
-14.64,-136.64,-122,78.08,53.68,-131.76,112.24,102.48,131.76,146.4,97.6,-151.28
-39.04,-126.88,-87.84,82.96,24.4,-107.36,156.16,122,209.84,278.16,209.84,-151.28
-19.52,-102.48,-82.96,63.44,29.28,-92.72,141.52,151.28,263.52,395.28,336.72,-136.64
-48.8,-97.6,-48.8,73.2,0,-73.2,122,146.4,331.84,551.44,531.92,-34.16
-43.92,-58.56,-14.64,53.68,-14.64,-39.04,107.36,107.36,390.4,692.96,805.2,146.4
-4.88,24.4,29.28,-9.76,-19.52,24.4,39.04,43.92,287.92,712.48,1058.96,380.64
29.28,151.28,122,-87.84,-48.8,136.64,-34.16,-53.68,200.08,644.16,1273.68,678.32
19.52,209.84,190.32,-112.24,-87.84,200.08,-97.6,-112.24,122,527.04,1468.88,1024.8
53.68,287.92,234.24,-170.8,-92.72,258.64,-195.2,-229.36,-29.28,346.48,1693.36,1493.28
107.36,390.4,283.04,-248.88,-87.84,336.72,-302.56,-405.04,-292.8,53.68,1873.92,2093.52
131.76,502.64,370.88,-317.2,-122,434.32,-429.44,-663.68,-653.92,-463.6,1869.04,2698.64
185.44,605.12,419.68,-395.28,-117.12,512.4,-570.96,-951.6,-1117.52,-1102.88,1761.68,3220.8
248.88,644.16,395.28,-444.08,-73.2,517.28,-649.04,-1093.12,-1410.32,-1581.12,1586,3528.24
244,619.76,375.76,-429.44,-68.32,497.76,-712.48,-1151.68,-1581.12,-1952,1268.8,3547.76
209.84,605.12,395.28,-405.04,-92.72,497.76,-702.72,-1151.68,-1654.32,-2269.2,741.76,3289.12
146.4,649.04,502.64,-395.28,-180.56,575.84,-727.12,-1224.88,-1844.64,-2693.76,-151.28,2786.48
68.32,668.56,600.24,-366,-268.4,634.4,-717.36,-1268.8,-2064.24,-3123.2,-1146.8,2205.76
39.04,688.08,649.04,-361.12,-307.44,668.56,-692.96,-1327.36,-2225.28,-3435.52,-1947.12,1537.2
-34.16,566.08,600.24,-263.52,-317.2,580.72,-624.64,-1244.4,-2298.48,-3533.12,-2405.84,824.72
-34.16,409.92,444.08,-185.44,-239.12,424.56,-541.68,-1141.92,-2293.6,-3508.72,-2581.52,283.04
-53.68,263.52,317.2,-102.48,-185.44,287.92,-492.88,-1185.84,-2361.92,-3416,-2596.16,-43.92
-48.8,170.8,219.6,-58.56,-136.64,195.2,-453.84,-1210.24,-2327.76,-3201.28,-2454.64,-224.48
-87.84,141.52,229.36,-24.4,-161.04,185.44,-361.12,-1122.4,-2156.96,-2830.4,-2161.84,-331.84
-161.04,107.36,268.4,29.28,-214.72,185.44,-244,-976,-1937.36,-2415.6,-1834.88,-375.76
-224.48,29.28,253.76,97.6,-239.12,141.52,-136.64,-829.6,-1590.88,-1966.64,-1493.28,-395.28
-204.96,-14.64,190.32,112.24,-200.08,87.84,-92.72,-644.16,-1283.44,-1576.24,-1215.12,-414.8
-175.68,-34.16,141.52,107.36,-161.04,53.68,-63.44,-473.36,-1000.4,-1244.4,-976,-395.28
-151.28,-58.56,92.72,107.36,-122,14.64,-24.4,-351.36,-756.4,-951.6,-746.64,-331.84
-141.52,-48.8,92.72,97.6,-117.12,19.52,-29.28,-248.88,-566.08,-702.72,-570.96,-263.52
-122,-63.44,58.56,92.72,-92.72,-4.88,-39.04,-224.48,-400.16,-488,-405.04,-200.08
-92.72,-48.8,43.92,73.2,-68.32,-4.88,-14.64,-175.68,-258.64,-312.32,-268.4,-136.64
-112.24,-29.28,82.96,73.2,-97.6,24.4,14.64,-117.12,-141.52,-165.92,-156.16,-102.48
-122,-63.44,58.56,92.72,-92.72,-4.88,43.92,-19.52,-29.28,-53.68,-82.96,-68.32
-131.76,-87.84,43.92,112.24,-87.84,-24.4,58.56,0,24.4,-14.64,-43.92,-68.32
-122,-78.08,43.92,102.48,-82.96,-19.52,78.08,29.28,39.04,29.28,-14.64,-63.44
-117.12,-58.56,58.56,87.84,-87.84,0,92.72,4.88,43.92,58.56,9.76,-48.8
-73.2,-43.92,29.28,58.56,-53.68,-9.76,92.72,19.52,48.8,73.2,24.4,-48.8
-68.32,-68.32,0,68.32,-34.16,-34.16,92.72,48.8,68.32,97.6,43.92,-58.56
-122,-78.08,43.92,102.48,-82.96,-19.52,92.72,53.68,107.36,122,39.04,-63.44
-126.88,-78.08,48.8,102.48,-87.84,-14.64,82.96,58.56,107.36,122,24.4,-82.96
-117.12,-68.32,48.8,92.72,-82.96,-9.76,58.56,58.56,122,136.64,24.4,-82.96
-122,-82.96,39.04,102.48,-82.96,-24.4,58.56,73.2,141.52,161.04,34.16,-78.08
-122,-68.32,53.68,97.6,-87.84,-9.76,34.16,73.2,141.52,156.16,19.52,-102.48
-117.12,-78.08,39.04,97.6,-78.08,-19.52,39.04,68.32,141.52,151.28,24.4,-112.24
-136.64,-78.08,58.56,107.36,-97.6,-9.76,63.44,92.72,131.76,170.8,48.8,-102.48
-131.76,-92.72,39.04,112.24,-87.84,-29.28,34.16,107.36,136.64,170.8,53.68,-102.48
-126.88,-102.48,24.4,117.12,-78.08,-39.04,43.92,78.08,146.4,180.56,73.2,-78.08
-131.76,-97.6,34.16,117.12,-82.96,-34.16,39.04,82.96,161.04,185.44,87.84,-68.32
-92.72,-53.68,39.04,73.2,-68.32,-9.76,4.88,73.2,141.52,185.44,73.2,-68.32
-73.2,-48.8,24.4,63.44,-48.8,-14.64,4.88,78.08,151.28,185.44,87.84,-53.68
-141.52,-39.04,102.48,92.72,-122,29.28,4.88,102.48,180.56,195.2,107.36,-29.28
-136.64,-63.44,73.2,102.48,-107.36,4.88,4.88,151.28,204.96,209.84,131.76,-9.76
-141.52,-68.32,73.2,107.36,-107.36,0,43.92,180.56,209.84,214.72,141.52,9.76
-136.64,-53.68,82.96,97.6,-112.24,14.64,9.76,175.68,209.84,214.72,151.28,24.4
-136.64,-39.04,97.6,87.84,-117.12,29.28,-29.28,175.68,219.6,204.96,151.28,39.04
-126.88,-19.52,107.36,73.2,-117.12,43.92,-34.16,170.8,209.84,209.84,151.28,53.68
-122,-34.16,87.84,78.08,-107.36,24.4,-24.4,165.92,239.12,219.6,161.04,97.6
-117.12,-63.44,53.68,92.72,-87.84,-4.88,0,170.8,248.88,234.24,175.68,112.24
-78.08,-58.56,19.52,68.32,-48.8,-19.52,-34.16,165.92,224.48,229.36,156.16,97.6
-82.96,-43.92,39.04,63.44,-63.44,-4.88,-29.28,180.56,229.36,234.24,175.68,112.24
-122,-58.56,63.44,92.72,-92.72,0,9.76,146.4,229.36,244,180.56,117.12
-146.4,-63.44,82.96,107.36,-117.12,9.76,4.88,136.64,224.48,229.36,165.92,102.48
-131.76,-39.04,92.72,87.84,-112.24,24.4,9.76,112.24,195.2,214.72,156.16,102.48
-141.52,-58.56,82.96,102.48,-112.24,9.76,19.52,87.84,190.32,204.96,146.4,92.72
-136.64,-63.44,73.2,102.48,-107.36,4.88,24.4,97.6,165.92,185.44,126.88,78.08
-122,-63.44,58.56,92.72,-92.72,-4.88,19.52,34.16,141.52,170.8,107.36,48.8
-180.56,-53.68,126.88,117.12,-156.16,34.16,34.16,29.28,126.88,175.68,102.48,43.92
-141.52,-63.44,78.08,102.48,-112.24,4.88,53.68,68.32,156.16,200.08,117.12,43.92
-146.4,-68.32,78.08,107.36,-112.24,4.88,82.96,43.92,161.04,214.72,122,39.04
-170.8,-58.56,112.24,117.12,-141.52,24.4,112.24,53.68,161.04,229.36,146.4,43.92
-151.28,-43.92,107.36,97.6,-131.76,29.28,136.64,58.56,165.92,239.12,156.16,43.92
-161.04,-34.16,126.88,97.6,-146.4,43.92,126.88,43.92,151.28,224.48,131.76,4.88
-165.92,-9.76,156.16,87.84,-161.04,73.2,122,53.68,141.52,219.6,117.12,-14.64
-170.8,-39.04,131.76,107.36,-151.28,43.92,151.28,68.32,146.4,229.36,136.64,-14.64
-170.8,-58.56,112.24,117.12,-141.52,24.4,126.88,82.96,151.28,234.24,136.64,-24.4
-185.44,-43.92,141.52,117.12,-165.92,48.8,117.12,53.68,156.16,239.12,141.52,-29.28
-151.28,-82.96,68.32,117.12,-112.24,-9.76,112.24,58.56,161.04,239.12,136.64,-39.04
-146.4,-73.2,73.2,112.24,-112.24,0,97.6,58.56,170.8,244,146.4,-48.8
-146.4,-39.04,107.36,92.72,-126.88,34.16,87.84,34.16,165.92,248.88,136.64,-53.68
-136.64,-68.32,68.32,102.48,-102.48,0,82.96,58.56,170.8,248.88,141.52,-48.8
-175.68,-63.44,112.24,122,-146.4,24.4,102.48,87.84,214.72,273.28,165.92,-34.16
-175.68,-87.84,87.84,131.76,-131.76,0,87.84,73.2,219.6,287.92,175.68,-43.92
-175.68,-117.12,58.56,146.4,-117.12,-29.28,82.96,48.8,209.84,283.04,161.04,-58.56
-161.04,-82.96,78.08,122,-122,-4.88,122,78.08,209.84,297.68,190.32,-39.04
-141.52,-68.32,73.2,107.36,-107.36,0,141.52,78.08,224.48,302.56,200.08,-43.92
-146.4,-82.96,63.44,117.12,-107.36,-9.76,102.48,82.96,234.24,302.56,195.2,-58.56
-165.92,-92.72,73.2,131.76,-122,-9.76,87.84,58.56,239.12,297.68,180.56,-73.2
-161.04,-58.56,102.48,112.24,-131.76,19.52,63.44,48.8,234.24,292.8,170.8,-97.6
-151.28,-29.28,122,92.72,-136.64,43.92,58.56,58.56,200.08,297.68,161.04,-112.24
-156.16,-63.44,92.72,112.24,-126.88,14.64,78.08,68.32,239.12,307.44,170.8,-97.6
-175.68,-87.84,87.84,131.76,-131.76,0,107.36,82.96,253.76,346.48,200.08,-87.84
-151.28,-39.04,112.24,97.6,-131.76,34.16,112.24,78.08,253.76,346.48,200.08,-102.48
-151.28,-43.92,107.36,97.6,-131.76,29.28,112.24,82.96,244,346.48,200.08,-102.48
-126.88,-53.68,73.2,92.72,-102.48,9.76,112.24,107.36,253.76,356.24,214.72,-97.6
-131.76,-73.2,58.56,102.48,-97.6,-9.76,117.12,107.36,273.28,356.24,224.48,-82.96
-131.76,-68.32,63.44,102.48,-97.6,-4.88,92.72,78.08,244,351.36,219.6,-87.84
-122,-73.2,48.8,97.6,-87.84,-14.64,82.96,87.84,248.88,370.88,234.24,-78.08
-141.52,-82.96,58.56,112.24,-102.48,-14.64,73.2,117.12,268.4,395.28,253.76,-68.32
-131.76,-107.36,24.4,122,-78.08,-43.92,48.8,117.12,292.8,395.28,248.88,-82.96
-112.24,-73.2,39.04,92.72,-78.08,-19.52,53.68,122,287.92,414.8,273.28,-73.2
-107.36,-53.68,53.68,82.96,-82.96,0,39.04,102.48,283.04,429.44,273.28,-78.08
-117.12,-68.32,48.8,92.72,-82.96,-9.76,29.28,126.88,287.92,434.32,278.16,-97.6
-112.24,-58.56,53.68,87.84,-82.96,-4.88,24.4,117.12,302.56,444.08,292.8,-92.72
-87.84,-63.44,24.4,78.08,-58.56,-19.52,-14.64,126.88,317.2,453.84,302.56,-97.6
-112.24,-78.08,34.16,97.6,-73.2,-24.4,4.88,151.28,336.72,468.48,322.08,-82.96
-112.24,-48.8,63.44,82.96,-87.84,4.88,0,112.24,307.44,468.48,326.96,-73.2
-82.96,-53.68,29.28,68.32,-58.56,-14.64,-19.52,122,322.08,483.12,336.72,-73.2
-73.2,-53.68,19.52,63.44,-48.8,-19.52,-24.4,136.64,346.48,502.64,346.48,-63.44
-78.08,-53.68,24.4,68.32,-53.68,-14.64,-29.28,141.52,336.72,531.92,356.24,-63.44
-68.32,-68.32,0,68.32,-34.16,-34.16,-39.04,146.4,351.36,536.8,370.88,-68.32
-102.48,-43.92,58.56,73.2,-82.96,4.88,-48.8,131.76,341.6,546.56,375.76,-73.2
-92.72,-39.04,53.68,68.32,-73.2,4.88,-58.56,136.64,351.36,561.2,375.76,-92.72
-97.6,-53.68,43.92,78.08,-73.2,-4.88,-24.4,175.68,414.8,595.36,409.92,-82.96
-48.8,-82.96,-34.16,68.32,-9.76,-58.56,-24.4,180.56,405.04,600.24,414.8,-87.84
-9.76,-68.32,-58.56,39.04,24.4,-63.44,-43.92,161.04,385.52,595.36,409.92,-92.72
-58.56,-63.44,-4.88,63.44,-29.28,-34.16,-4.88,185.44,419.68,639.28,463.6,-43.92
-43.92,-63.44,-19.52,53.68,-14.64,-43.92,0,190.32,463.6,668.56,488,-29.28
-34.16,-48.8,-14.64,43.92,-9.76,-34.16,-9.76,204.96,463.6,673.44,488,-43.92
-24.4,-48.8,-24.4,39.04,0,-39.04,0,200.08,478.24,702.72,507.52,-29.28
-63.44,-34.16,29.28,48.8,-48.8,-4.88,14.64,229.36,507.52,732,541.68,-9.76
-29.28,-39.04,-9.76,34.16,-9.76,-24.4,34.16,229.36,512.4,751.52,556.32,-14.64
-9.76,-43.92,-34.16,29.28,9.76,-39.04,9.76,219.6,502.64,761.28,566.08,-24.4
-9.76,-43.92,-34.16,29.28,9.76,-39.04,-9.76,239.12,517.28,775.92,575.84,-19.52
-29.28,-53.68,-24.4,43.92,-4.88,-39.04,-9.76,268.4,570.96,810.08,619.76,4.88
-4.88,-58.56,-53.68,34.16,24.4,-58.56,-14.64,263.52,595.36,819.84,639.28,0
9.76,-34.16,-43.92,14.64,24.4,-39.04,9.76,278.16,600.24,839.36,663.68,14.64
-14.64,-19.52,-4.88,19.52,-4.88,-14.64,43.92,317.2,605.12,878.4,702.72,39.04
14.64,-14.64,-29.28,0,19.52,-24.4,4.88,317.2,619.76,883.28,707.6,34.16
19.52,0,-19.52,-9.76,19.52,-9.76,4.88,312.32,634.4,897.92,727.12,43.92
0,4.88,4.88,0,-4.88,4.88,4.88,341.6,639.28,912.56,741.76,48.8
-4.88,24.4,29.28,-9.76,-19.52,24.4,0,297.68,644.16,917.44,751.52,39.04
-9.76,-14.64,-4.88,14.64,-4.88,-9.76,4.88,297.68,673.44,936.96,785.68,48.8
0,-19.52,-19.52,9.76,9.76,-19.52,-24.4,292.8,658.8,941.84,790.56,43.92
-4.88,9.76,14.64,0,-9.76,9.76,-29.28,297.68,658.8,927.2,795.44,43.92
-24.4,-34.16,-9.76,29.28,-9.76,-24.4,-14.64,283.04,619.76,917.44,805.2,43.92
