I,II,III,aVR,aVL,aVF,V1,V2,V3,V4,V5,V6
-48.8,-9.76,39.04,29.28,-43.92,14.64,-146.4,-136.64,-122,-117.12,-43.92,-97.6
-58.56,-4.88,53.68,34.16,-58.56,24.4,-141.52,-141.52,-112.24,-112.24,-34.16,-87.84
-34.16,9.76,43.92,14.64,-39.04,24.4,-146.4,-141.52,-112.24,-107.36,-29.28,-87.84
-39.04,4.88,43.92,19.52,-43.92,24.4,-136.64,-131.76,-107.36,-102.48,-39.04,-87.84
-34.16,4.88,39.04,14.64,-39.04,19.52,-126.88,-122,-102.48,-107.36,-39.04,-87.84
-4.88,4.88,9.76,0,-9.76,4.88,-131.76,-122,-117.12,-126.88,-63.44,-102.48
-29.28,-4.88,24.4,19.52,-29.28,9.76,-122,-117.12,-122,-126.88,-63.44,-112.24
-63.44,-24.4,39.04,43.92,-53.68,4.88,-117.12,-112.24,-122,-126.88,-63.44,-122
-39.04,-19.52,19.52,29.28,-29.28,0,-122,-117.12,-126.88,-136.64,-73.2,-126.88
-24.4,-4.88,19.52,14.64,-24.4,4.88,-112.24,-102.48,-117.12,-122,-48.8,-112.24
-34.16,-14.64,19.52,24.4,-29.28,0,-107.36,-97.6,-102.48,-102.48,-29.28,-92.72
-29.28,-9.76,19.52,19.52,-24.4,4.88,-107.36,-102.48,-102.48,-107.36,-29.28,-92.72
-19.52,14.64,34.16,4.88,-29.28,24.4,-107.36,-112.24,-112.24,-112.24,-34.16,-97.6
-34.16,9.76,43.92,14.64,-39.04,24.4,-92.72,-92.72,-97.6,-97.6,-39.04,-97.6
-4.88,4.88,9.76,0,-9.76,4.88,-92.72,-92.72,-97.6,-107.36,-43.92,-102.48
-19.52,-9.76,9.76,14.64,-14.64,0,-97.6,-97.6,-107.36,-122,-48.8,-107.36
-34.16,-19.52,14.64,29.28,-24.4,-4.88,-102.48,-102.48,-112.24,-126.88,-58.56,-122
-29.28,-4.88,24.4,19.52,-29.28,9.76,-102.48,-102.48,-112.24,-122,-58.56,-122
-24.4,-14.64,9.76,19.52,-19.52,-4.88,-97.6,-92.72,-102.48,-107.36,-53.68,-107.36
-34.16,-9.76,24.4,24.4,-29.28,4.88,-92.72,-92.72,-102.48,-107.36,-53.68,-102.48
-39.04,9.76,48.8,14.64,-43.92,29.28,-87.84,-82.96,-92.72,-102.48,-39.04,-92.72
-39.04,0,39.04,19.52,-39.04,19.52,-87.84,-82.96,-87.84,-107.36,-29.28,-87.84
-9.76,9.76,19.52,0,-14.64,14.64,-92.72,-87.84,-97.6,-102.48,-43.92,-92.72
-24.4,-4.88,19.52,14.64,-24.4,4.88,-82.96,-82.96,-87.84,-97.6,-39.04,-82.96
-29.28,-14.64,14.64,24.4,-24.4,0,-78.08,-78.08,-82.96,-82.96,-29.28,-78.08
-34.16,-14.64,19.52,24.4,-29.28,0,-82.96,-78.08,-82.96,-82.96,-34.16,-82.96
-34.16,-29.28,4.88,34.16,-19.52,-14.64,-82.96,-82.96,-97.6,-102.48,-39.04,-97.6
-19.52,-24.4,-4.88,24.4,-9.76,-14.64,-82.96,-78.08,-97.6,-107.36,-43.92,-102.48
-9.76,-19.52,-9.76,14.64,0,-14.64,-97.6,-92.72,-102.48,-117.12,-53.68,-122
-43.92,-29.28,14.64,39.04,-29.28,-9.76,-92.72,-92.72,-102.48,-112.24,-48.8,-117.12
-29.28,-9.76,19.52,19.52,-24.4,4.88,-82.96,-78.08,-92.72,-102.48,-43.92,-107.36
-24.4,4.88,29.28,9.76,-29.28,14.64,-78.08,-73.2,-82.96,-92.72,-39.04,-102.48
-48.8,4.88,53.68,24.4,-53.68,29.28,-63.44,-63.44,-68.32,-73.2,-19.52,-87.84
-9.76,19.52,29.28,-4.88,-19.52,24.4,-63.44,-63.44,-68.32,-82.96,-29.28,-97.6
4.88,14.64,9.76,-9.76,-4.88,9.76,-63.44,-58.56,-68.32,-78.08,-29.28,-97.6
0,19.52,19.52,-9.76,-9.76,19.52,-48.8,-48.8,-58.56,-78.08,-24.4,-92.72
0,24.4,24.4,-9.76,-14.64,24.4,-58.56,-53.68,-63.44,-73.2,-39.04,-102.48
-9.76,4.88,14.64,4.88,-14.64,9.76,-58.56,-58.56,-63.44,-82.96,-48.8,-107.36
-29.28,-4.88,24.4,19.52,-29.28,9.76,-73.2,-68.32,-78.08,-92.72,-53.68,-112.24
-39.04,-4.88,34.16,24.4,-39.04,14.64,-73.2,-68.32,-73.2,-92.72,-53.68,-117.12
-14.64,9.76,24.4,4.88,-19.52,14.64,-68.32,-63.44,-73.2,-87.84,-53.68,-126.88
-4.88,14.64,19.52,-4.88,-14.64,14.64,-63.44,-63.44,-68.32,-87.84,-63.44,-131.76
-9.76,-4.88,4.88,9.76,-9.76,0,-68.32,-63.44,-82.96,-87.84,-63.44,-136.64
-4.88,4.88,9.76,0,-9.76,4.88,-63.44,-58.56,-82.96,-87.84,-53.68,-126.88
19.52,0,-19.52,-9.76,19.52,-9.76,-68.32,-63.44,-82.96,-87.84,-53.68,-122
-4.88,-24.4,-19.52,14.64,4.88,-24.4,-73.2,-73.2,-87.84,-97.6,-58.56,-122
-39.04,-19.52,19.52,29.28,-29.28,0,-53.68,-53.68,-68.32,-82.96,-34.16,-92.72
-58.56,-9.76,48.8,34.16,-53.68,19.52,-43.92,-43.92,-63.44,-73.2,-19.52,-78.08
-97.6,-19.52,78.08,58.56,-87.84,29.28,-34.16,-39.04,-48.8,-58.56,-4.88,-68.32
-48.8,0,48.8,24.4,-48.8,24.4,-48.8,-53.68,-53.68,-63.44,-14.64,-73.2
-19.52,4.88,24.4,9.76,-24.4,14.64,-58.56,-58.56,-63.44,-73.2,-34.16,-87.84
-34.16,0,34.16,19.52,-34.16,14.64,-58.56,-58.56,-68.32,-78.08,-29.28,-82.96
-43.92,-9.76,34.16,29.28,-39.04,9.76,-58.56,-58.56,-63.44,-73.2,-29.28,-82.96
-34.16,-4.88,29.28,19.52,-34.16,9.76,-58.56,-53.68,-68.32,-73.2,-34.16,-82.96
-24.4,4.88,29.28,9.76,-29.28,14.64,-53.68,-48.8,-68.32,-68.32,-29.28,-73.2
-24.4,4.88,29.28,9.76,-29.28,14.64,-53.68,-48.8,-68.32,-78.08,-24.4,-73.2
-14.64,4.88,19.52,4.88,-19.52,9.76,-53.68,-43.92,-68.32,-78.08,-29.28,-87.84
-4.88,9.76,14.64,0,-9.76,9.76,-48.8,-48.8,-73.2,-82.96,-34.16,-97.6
-39.04,0,39.04,19.52,-39.04,19.52,-43.92,-48.8,-63.44,-78.08,-29.28,-97.6
-39.04,4.88,43.92,19.52,-43.92,24.4,-53.68,-53.68,-68.32,-87.84,-48.8,-112.24
-9.76,14.64,24.4,0,-19.52,19.52,-53.68,-53.68,-78.08,-87.84,-43.92,-117.12
-4.88,9.76,14.64,0,-9.76,9.76,-58.56,-53.68,-78.08,-92.72,-48.8,-117.12
-9.76,4.88,14.64,4.88,-14.64,9.76,-68.32,-63.44,-78.08,-97.6,-53.68,-117.12
-4.88,14.64,19.52,-4.88,-14.64,14.64,-63.44,-53.68,-78.08,-92.72,-48.8,-112.24
-4.88,24.4,29.28,-9.76,-19.52,24.4,-48.8,-39.04,-73.2,-82.96,-34.16,-87.84
-14.64,14.64,29.28,0,-24.4,19.52,-39.04,-34.16,-68.32,-78.08,-29.28,-78.08
-14.64,4.88,19.52,4.88,-19.52,9.76,-48.8,-48.8,-73.2,-87.84,-39.04,-78.08
-9.76,14.64,24.4,0,-19.52,19.52,-53.68,-53.68,-87.84,-97.6,-43.92,-87.84
-14.64,9.76,24.4,4.88,-19.52,14.64,-63.44,-58.56,-92.72,-107.36,-53.68,-97.6
-29.28,0,29.28,14.64,-29.28,14.64,-63.44,-58.56,-87.84,-107.36,-48.8,-97.6
-9.76,9.76,19.52,0,-14.64,14.64,-63.44,-63.44,-92.72,-107.36,-48.8,-97.6
-24.4,-4.88,19.52,14.64,-24.4,4.88,-63.44,-58.56,-97.6,-107.36,-48.8,-97.6
-19.52,4.88,24.4,9.76,-24.4,14.64,-73.2,-68.32,-107.36,-117.12,-58.56,-107.36
-34.16,0,34.16,19.52,-34.16,14.64,-68.32,-58.56,-107.36,-117.12,-58.56,-107.36
-53.68,-9.76,43.92,34.16,-48.8,14.64,-53.68,-48.8,-102.48,-107.36,-43.92,-92.72
-43.92,14.64,58.56,14.64,-53.68,34.16,-43.92,-43.92,-92.72,-102.48,-34.16,-87.84
-39.04,14.64,53.68,14.64,-48.8,34.16,-58.56,-58.56,-107.36,-117.12,-43.92,-97.6
-48.8,0,48.8,24.4,-48.8,24.4,-53.68,-58.56,-102.48,-112.24,-43.92,-82.96
-29.28,9.76,39.04,9.76,-34.16,24.4,-58.56,-58.56,-97.6,-107.36,-43.92,-73.2
-24.4,9.76,34.16,9.76,-29.28,19.52,-58.56,-53.68,-92.72,-107.36,-43.92,-78.08
-14.64,14.64,29.28,0,-24.4,19.52,-82.96,-73.2,-102.48,-117.12,-43.92,-78.08
-19.52,14.64,34.16,4.88,-29.28,24.4,-102.48,-102.48,-112.24,-117.12,-43.92,-82.96
-39.04,4.88,43.92,19.52,-43.92,24.4,-112.24,-102.48,-102.48,-122,-43.92,-78.08
-48.8,-4.88,43.92,29.28,-48.8,19.52,-87.84,-82.96,-112.24,-122,-48.8,-87.84
-53.68,-19.52,34.16,39.04,-43.92,4.88,-87.84,-87.84,-122,-126.88,-48.8,-92.72
-43.92,-9.76,34.16,29.28,-39.04,9.76,-97.6,-97.6,-126.88,-136.64,-58.56,-102.48
-43.92,-9.76,34.16,29.28,-39.04,9.76,-112.24,-117.12,-136.64,-146.4,-63.44,-107.36
-58.56,-9.76,48.8,34.16,-53.68,19.52,-107.36,-117.12,-126.88,-141.52,-58.56,-107.36
-34.16,19.52,53.68,9.76,-43.92,34.16,-97.6,-97.6,-107.36,-126.88,-48.8,-92.72
-24.4,24.4,48.8,0,-39.04,34.16,-112.24,-102.48,-117.12,-131.76,-58.56,-112.24
-39.04,0,39.04,19.52,-39.04,19.52,-126.88,-126.88,-136.64,-151.28,-82.96,-126.88
-34.16,0,34.16,19.52,-34.16,14.64,-126.88,-122,-131.76,-141.52,-73.2,-117.12
-19.52,19.52,39.04,0,-29.28,29.28,-136.64,-131.76,-136.64,-136.64,-73.2,-117.12
-9.76,19.52,29.28,-4.88,-19.52,24.4,-126.88,-131.76,-126.88,-136.64,-78.08,-112.24
-19.52,19.52,39.04,0,-29.28,29.28,-126.88,-122,-122,-131.76,-58.56,-87.84
-29.28,24.4,53.68,4.88,-43.92,39.04,-126.88,-126.88,-136.64,-146.4,-63.44,-92.72
-9.76,19.52,29.28,-4.88,-19.52,24.4,-141.52,-136.64,-136.64,-146.4,-68.32,-97.6
4.88,14.64,9.76,-9.76,-4.88,9.76,-141.52,-136.64,-146.4,-151.28,-68.32,-97.6
-24.4,9.76,34.16,9.76,-29.28,19.52,-131.76,-126.88,-126.88,-136.64,-48.8,-82.96
-24.4,9.76,34.16,9.76,-29.28,19.52,-136.64,-136.64,-131.76,-141.52,-48.8,-87.84
-39.04,0,39.04,19.52,-39.04,19.52,-141.52,-141.52,-136.64,-141.52,-48.8,-87.84
-53.68,9.76,63.44,24.4,-58.56,34.16,-126.88,-122,-126.88,-136.64,-39.04,-78.08
-34.16,24.4,58.56,4.88,-48.8,39.04,-126.88,-126.88,-136.64,-146.4,-53.68,-92.72
-24.4,14.64,39.04,4.88,-34.16,24.4,-126.88,-126.88,-141.52,-156.16,-73.2,-107.36
-53.68,0,53.68,29.28,-53.68,24.4,-117.12,-112.24,-131.76,-141.52,-58.56,-87.84
-43.92,-4.88,39.04,24.4,-43.92,14.64,-117.12,-107.36,-136.64,-146.4,-63.44,-87.84
-63.44,-24.4,39.04,43.92,-53.68,4.88,-112.24,-107.36,-131.76,-141.52,-63.44,-82.96
-68.32,-14.64,53.68,43.92,-63.44,19.52,-122,-126.88,-151.28,-156.16,-73.2,-97.6
-39.04,4.88,43.92,19.52,-43.92,24.4,-131.76,-131.76,-156.16,-161.04,-78.08,-107.36
-24.4,24.4,48.8,0,-39.04,34.16,-122,-122,-141.52,-146.4,-68.32,-97.6
-9.76,29.28,39.04,-9.76,-24.4,34.16,-126.88,-126.88,-146.4,-151.28,-68.32,-102.48
-24.4,9.76,34.16,9.76,-29.28,19.52,-131.76,-136.64,-146.4,-151.28,-73.2,-102.48
-39.04,9.76,48.8,14.64,-43.92,29.28,-131.76,-131.76,-146.4,-146.4,-68.32,-102.48
-29.28,24.4,53.68,4.88,-43.92,39.04,-126.88,-122,-141.52,-151.28,-68.32,-102.48
-19.52,14.64,34.16,4.88,-29.28,24.4,-126.88,-126.88,-141.52,-151.28,-78.08,-107.36
0,9.76,9.76,-4.88,-4.88,9.76,-136.64,-136.64,-151.28,-156.16,-87.84,-117.12
-19.52,0,19.52,9.76,-19.52,9.76,-136.64,-136.64,-151.28,-161.04,-78.08,-112.24
-39.04,-4.88,34.16,24.4,-39.04,14.64,-131.76,-126.88,-151.28,-161.04,-87.84,-107.36
-68.32,-9.76,58.56,39.04,-63.44,24.4,-122,-117.12,-146.4,-156.16,-78.08,-92.72
-53.68,-9.76,43.92,34.16,-48.8,14.64,-117.12,-117.12,-156.16,-156.16,-82.96,-97.6
-43.92,-19.52,24.4,34.16,-34.16,0,-117.12,-122,-161.04,-165.92,-87.84,-102.48
-39.04,-9.76,29.28,24.4,-34.16,9.76,-112.24,-107.36,-156.16,-161.04,-78.08,-92.72
-29.28,14.64,43.92,9.76,-39.04,29.28,-107.36,-107.36,-151.28,-151.28,-68.32,-92.72
-24.4,14.64,39.04,4.88,-34.16,24.4,-102.48,-97.6,-156.16,-151.28,-73.2,-97.6
-24.4,9.76,34.16,9.76,-29.28,19.52,-92.72,-87.84,-146.4,-146.4,-63.44,-87.84
-48.8,-9.76,39.04,29.28,-43.92,14.64,-92.72,-87.84,-156.16,-156.16,-73.2,-97.6
-58.56,-9.76,48.8,34.16,-53.68,19.52,-102.48,-102.48,-165.92,-165.92,-82.96,-112.24
-39.04,0,39.04,19.52,-39.04,19.52,-112.24,-107.36,-170.8,-170.8,-97.6,-122
-24.4,24.4,48.8,0,-39.04,34.16,-92.72,-102.48,-156.16,-156.16,-82.96,-107.36
-24.4,14.64,39.04,4.88,-34.16,24.4,-97.6,-102.48,-151.28,-156.16,-82.96,-112.24
-53.68,-9.76,43.92,34.16,-48.8,14.64,-97.6,-92.72,-151.28,-146.4,-73.2,-97.6
-43.92,0,43.92,24.4,-43.92,19.52,-87.84,-87.84,-151.28,-151.28,-78.08,-92.72
-14.64,4.88,19.52,4.88,-19.52,9.76,-97.6,-97.6,-161.04,-161.04,-82.96,-97.6
-34.16,4.88,39.04,14.64,-39.04,19.52,-82.96,-82.96,-146.4,-146.4,-63.44,-92.72
-68.32,-9.76,58.56,39.04,-63.44,24.4,-78.08,-78.08,-131.76,-136.64,-48.8,-82.96
-14.64,-9.76,4.88,14.64,-9.76,-4.88,-107.36,-102.48,-161.04,-165.92,-78.08,-107.36
-19.52,4.88,24.4,9.76,-24.4,14.64,-97.6,-92.72,-156.16,-156.16,-73.2,-97.6
-43.92,-4.88,39.04,24.4,-43.92,14.64,-92.72,-92.72,-151.28,-156.16,-68.32,-102.48
-39.04,-19.52,19.52,29.28,-29.28,0,-97.6,-97.6,-156.16,-165.92,-82.96,-107.36
-43.92,-9.76,34.16,29.28,-39.04,9.76,-97.6,-97.6,-161.04,-170.8,-92.72,-117.12
-43.92,-14.64,29.28,29.28,-39.04,4.88,-87.84,-87.84,-161.04,-165.92,-92.72,-112.24
-29.28,-9.76,19.52,19.52,-24.4,4.88,-97.6,-97.6,-175.68,-175.68,-112.24,-126.88
-29.28,-4.88,24.4,19.52,-29.28,9.76,-87.84,-82.96,-165.92,-161.04,-97.6,-117.12
-34.16,4.88,39.04,14.64,-39.04,19.52,-82.96,-82.96,-161.04,-151.28,-87.84,-117.12
-29.28,14.64,43.92,9.76,-39.04,29.28,-73.2,-73.2,-151.28,-141.52,-73.2,-112.24
4.88,9.76,4.88,-4.88,0,4.88,-92.72,-87.84,-165.92,-161.04,-87.84,-117.12
-19.52,24.4,43.92,0,-34.16,34.16,-73.2,-68.32,-151.28,-151.28,-82.96,-107.36
-24.4,29.28,53.68,0,-39.04,39.04,-63.44,-58.56,-146.4,-151.28,-68.32,-97.6
-43.92,0,43.92,24.4,-43.92,19.52,-63.44,-63.44,-146.4,-156.16,-68.32,-97.6
-63.44,-4.88,58.56,34.16,-63.44,24.4,-68.32,-73.2,-146.4,-146.4,-63.44,-87.84
-53.68,9.76,63.44,24.4,-58.56,34.16,-73.2,-73.2,-151.28,-151.28,-63.44,-82.96
-34.16,-9.76,24.4,24.4,-29.28,4.88,-82.96,-78.08,-165.92,-165.92,-78.08,-82.96
-43.92,-24.4,19.52,34.16,-34.16,-4.88,-78.08,-73.2,-165.92,-161.04,-82.96,-87.84
-39.04,-19.52,19.52,29.28,-29.28,0,-73.2,-78.08,-165.92,-165.92,-87.84,-107.36
-39.04,-9.76,29.28,24.4,-34.16,9.76,-73.2,-68.32,-156.16,-156.16,-82.96,-102.48
-92.72,-19.52,73.2,58.56,-82.96,24.4,-43.92,-43.92,-136.64,-136.64,-63.44,-82.96
-82.96,-29.28,53.68,58.56,-68.32,9.76,-53.68,-53.68,-156.16,-156.16,-87.84,-112.24
-48.8,-19.52,29.28,34.16,-39.04,4.88,-58.56,-58.56,-161.04,-165.92,-97.6,-131.76
-39.04,4.88,43.92,19.52,-43.92,24.4,-53.68,-48.8,-156.16,-151.28,-82.96,-122
-39.04,4.88,43.92,19.52,-43.92,24.4,-48.8,-53.68,-156.16,-156.16,-82.96,-117.12
-39.04,-4.88,34.16,24.4,-39.04,14.64,-48.8,-48.8,-156.16,-161.04,-82.96,-112.24
-48.8,-24.4,24.4,39.04,-39.04,0,-48.8,-53.68,-161.04,-161.04,-78.08,-107.36
-53.68,-19.52,34.16,39.04,-43.92,4.88,-53.68,-48.8,-156.16,-156.16,-82.96,-107.36
-43.92,-14.64,29.28,29.28,-39.04,4.88,-53.68,-53.68,-161.04,-170.8,-87.84,-122
-43.92,-19.52,24.4,34.16,-34.16,0,-43.92,-48.8,-161.04,-161.04,-78.08,-117.12
-48.8,-19.52,29.28,34.16,-39.04,4.88,-48.8,-48.8,-156.16,-170.8,-82.96,-122
-39.04,-24.4,14.64,34.16,-29.28,-4.88,-48.8,-48.8,-165.92,-175.68,-102.48,-131.76
-29.28,-19.52,9.76,24.4,-19.52,-4.88,-43.92,-43.92,-165.92,-180.56,-107.36,-136.64
-29.28,0,29.28,14.64,-29.28,14.64,-43.92,-48.8,-161.04,-175.68,-107.36,-131.76
-34.16,-4.88,29.28,19.52,-34.16,9.76,-43.92,-43.92,-156.16,-170.8,-102.48,-131.76
-9.76,9.76,19.52,0,-14.64,14.64,-39.04,-34.16,-151.28,-161.04,-92.72,-122
-19.52,9.76,29.28,4.88,-24.4,19.52,-39.04,-34.16,-151.28,-161.04,-82.96,-117.12
-9.76,9.76,19.52,0,-14.64,14.64,-43.92,-39.04,-161.04,-156.16,-78.08,-107.36
-9.76,9.76,19.52,0,-14.64,14.64,-39.04,-39.04,-161.04,-165.92,-78.08,-107.36
-39.04,0,39.04,19.52,-39.04,19.52,-29.28,-29.28,-161.04,-156.16,-73.2,-102.48
-63.44,-4.88,58.56,34.16,-63.44,24.4,-24.4,-24.4,-151.28,-151.28,-78.08,-102.48
-63.44,-4.88,58.56,34.16,-63.44,24.4,-24.4,-24.4,-146.4,-146.4,-78.08,-92.72
-63.44,-4.88,58.56,34.16,-63.44,24.4,-24.4,-24.4,-151.28,-151.28,-87.84,-97.6
-43.92,9.76,53.68,19.52,-48.8,29.28,-29.28,-29.28,-151.28,-156.16,-78.08,-92.72
-53.68,14.64,68.32,19.52,-63.44,39.04,-24.4,-19.52,-136.64,-151.28,-68.32,-92.72
-43.92,0,43.92,24.4,-43.92,19.52,-29.28,-24.4,-146.4,-151.28,-63.44,-92.72
-14.64,24.4,39.04,-4.88,-29.28,29.28,-14.64,-14.64,-136.64,-146.4,-68.32,-87.84
-29.28,34.16,63.44,0,-48.8,48.8,-4.88,0,-126.88,-141.52,-58.56,-73.2
-39.04,19.52,58.56,9.76,-48.8,39.04,-4.88,-4.88,-126.88,-146.4,-63.44,-87.84
-24.4,9.76,34.16,9.76,-29.28,19.52,-14.64,-14.64,-136.64,-161.04,-82.96,-107.36
-39.04,9.76,48.8,14.64,-43.92,29.28,-14.64,-9.76,-136.64,-161.04,-87.84,-107.36
-63.44,19.52,82.96,24.4,-73.2,48.8,0,4.88,-122,-146.4,-68.32,-87.84
-39.04,48.8,87.84,-4.88,-63.44,68.32,0,4.88,-122,-141.52,-73.2,-87.84
-34.16,53.68,87.84,-9.76,-63.44,68.32,0,9.76,-117.12,-136.64,-63.44,-82.96
-39.04,53.68,92.72,-4.88,-68.32,73.2,-4.88,0,-122,-141.52,-68.32,-87.84
-53.68,53.68,107.36,0,-82.96,78.08,4.88,9.76,-122,-131.76,-58.56,-73.2
-29.28,53.68,82.96,-9.76,-58.56,68.32,19.52,19.52,-112.24,-117.12,-48.8,-58.56
0,63.44,63.44,-29.28,-34.16,63.44,24.4,24.4,-107.36,-112.24,-34.16,-43.92
14.64,97.6,82.96,-53.68,-34.16,87.84,24.4,29.28,-102.48,-112.24,-39.04,-48.8
4.88,117.12,112.24,-58.56,-53.68,112.24,29.28,34.16,-92.72,-102.48,-24.4,-43.92
4.88,117.12,112.24,-58.56,-53.68,112.24,19.52,24.4,-92.72,-102.48,-24.4,-39.04
-39.04,82.96,122,-19.52,-82.96,102.48,14.64,19.52,-97.6,-102.48,-24.4,-43.92
-43.92,78.08,122,-14.64,-82.96,97.6,19.52,24.4,-92.72,-97.6,-9.76,-34.16
-43.92,82.96,126.88,-19.52,-87.84,102.48,4.88,9.76,-97.6,-107.36,-14.64,-34.16
-53.68,92.72,146.4,-19.52,-102.48,117.12,-4.88,-4.88,-102.48,-107.36,-14.64,-34.16
-63.44,122,185.44,-29.28,-126.88,151.28,0,0,-92.72,-92.72,-4.88,-14.64
-24.4,131.76,156.16,-53.68,-92.72,141.52,-9.76,-9.76,-87.84,-92.72,-9.76,-14.64
-14.64,136.64,151.28,-58.56,-82.96,141.52,-24.4,-19.52,-97.6,-92.72,-9.76,-14.64
-14.64,141.52,156.16,-63.44,-87.84,146.4,-34.16,-34.16,-117.12,-97.6,-4.88,-9.76
-19.52,126.88,146.4,-53.68,-82.96,136.64,-58.56,-58.56,-146.4,-122,-34.16,-29.28
-4.88,141.52,146.4,-68.32,-78.08,141.52,-58.56,-58.56,-141.52,-122,-43.92,-48.8
-9.76,151.28,161.04,-68.32,-87.84,156.16,-58.56,-53.68,-141.52,-122,-29.28,-29.28
-24.4,146.4,170.8,-58.56,-97.6,156.16,-53.68,-53.68,-141.52,-122,-34.16,-29.28
-24.4,146.4,170.8,-58.56,-97.6,156.16,-43.92,-43.92,-136.64,-122,-34.16,-29.28
14.64,146.4,131.76,-78.08,-58.56,136.64,-48.8,-53.68,-146.4,-126.88,-39.04,-29.28
4.88,136.64,131.76,-68.32,-63.44,131.76,-58.56,-53.68,-161.04,-136.64,-43.92,-34.16
-43.92,117.12,161.04,-34.16,-102.48,136.64,-53.68,-48.8,-161.04,-131.76,-43.92,-24.4
-43.92,107.36,151.28,-29.28,-97.6,126.88,-63.44,-58.56,-175.68,-146.4,-58.56,-34.16
-19.52,126.88,146.4,-53.68,-82.96,136.64,-58.56,-53.68,-175.68,-141.52,-43.92,-19.52
-14.64,126.88,141.52,-53.68,-78.08,131.76,-48.8,-39.04,-170.8,-131.76,-34.16,-4.88
-34.16,131.76,165.92,-48.8,-102.48,146.4,-43.92,-43.92,-161.04,-126.88,-29.28,-4.88
-19.52,122,141.52,-48.8,-82.96,131.76,-34.16,-29.28,-156.16,-126.88,-34.16,-14.64
-9.76,102.48,112.24,-43.92,-63.44,107.36,-29.28,-29.28,-156.16,-136.64,-48.8,-34.16
-9.76,97.6,107.36,-43.92,-58.56,102.48,-19.52,-19.52,-151.28,-141.52,-53.68,-39.04
-19.52,82.96,102.48,-29.28,-63.44,92.72,-24.4,-24.4,-161.04,-146.4,-58.56,-53.68
-24.4,63.44,87.84,-19.52,-58.56,73.2,-29.28,-29.28,-165.92,-146.4,-63.44,-48.8
-19.52,63.44,82.96,-19.52,-53.68,73.2,-39.04,-34.16,-175.68,-156.16,-73.2,-53.68
-19.52,58.56,78.08,-19.52,-48.8,68.32,-24.4,-29.28,-170.8,-156.16,-68.32,-48.8
-24.4,29.28,53.68,0,-39.04,39.04,-24.4,-29.28,-185.44,-165.92,-73.2,-53.68
-53.68,9.76,63.44,24.4,-58.56,34.16,-34.16,-29.28,-185.44,-170.8,-82.96,-68.32
-48.8,4.88,53.68,24.4,-53.68,29.28,-34.16,-29.28,-185.44,-180.56,-92.72,-78.08
-29.28,14.64,43.92,9.76,-39.04,29.28,-29.28,-29.28,-200.08,-195.2,-112.24,-92.72
-43.92,4.88,48.8,19.52,-48.8,24.4,-19.52,-19.52,-195.2,-195.2,-126.88,-107.36
-53.68,-24.4,29.28,39.04,-43.92,0,-14.64,-14.64,-195.2,-195.2,-122,-117.12
-58.56,-24.4,34.16,43.92,-48.8,4.88,-14.64,-14.64,-190.32,-195.2,-126.88,-117.12
-73.2,-43.92,29.28,58.56,-53.68,-9.76,-9.76,-9.76,-195.2,-200.08,-126.88,-117.12
-73.2,-58.56,14.64,68.32,-43.92,-24.4,0,0,-190.32,-190.32,-126.88,-112.24
-63.44,-48.8,14.64,58.56,-39.04,-19.52,-4.88,0,-190.32,-195.2,-126.88,-102.48
-53.68,-43.92,9.76,48.8,-34.16,-19.52,0,0,-190.32,-190.32,-122,-97.6
-53.68,-43.92,9.76,48.8,-34.16,-19.52,4.88,4.88,-185.44,-190.32,-126.88,-92.72
-34.16,-43.92,-9.76,39.04,-14.64,-29.28,-4.88,-9.76,-190.32,-200.08,-131.76,-107.36
-34.16,-43.92,-9.76,39.04,-14.64,-29.28,-4.88,-9.76,-190.32,-195.2,-136.64,-112.24
-48.8,-34.16,14.64,43.92,-34.16,-9.76,4.88,4.88,-175.68,-180.56,-122,-102.48
-48.8,-48.8,0,48.8,-24.4,-24.4,-4.88,0,-190.32,-195.2,-141.52,-112.24
-9.76,-63.44,-53.68,39.04,19.52,-58.56,-24.4,-29.28,-214.72,-219.6,-161.04,-136.64
-19.52,-63.44,-43.92,43.92,9.76,-53.68,-14.64,-14.64,-200.08,-200.08,-141.52,-112.24
-107.36,-58.56,48.8,82.96,-78.08,-4.88,9.76,9.76,-175.68,-175.68,-112.24,-82.96
-126.88,-53.68,73.2,92.72,-102.48,9.76,14.64,19.52,-165.92,-170.8,-112.24,-78.08
-78.08,-53.68,24.4,68.32,-53.68,-14.64,9.76,9.76,-175.68,-175.68,-117.12,-82.96
-87.84,-58.56,29.28,73.2,-58.56,-14.64,9.76,14.64,-170.8,-175.68,-126.88,-92.72
-53.68,-63.44,-9.76,58.56,-24.4,-39.04,-4.88,-4.88,-185.44,-200.08,-146.4,-112.24
-43.92,-78.08,-34.16,63.44,-4.88,-58.56,0,0,-185.44,-200.08,-146.4,-112.24
-58.56,-68.32,-9.76,63.44,-24.4,-39.04,4.88,4.88,-175.68,-190.32,-141.52,-107.36
-53.68,-43.92,9.76,48.8,-34.16,-19.52,0,0,-170.8,-195.2,-146.4,-117.12
-63.44,-48.8,14.64,58.56,-39.04,-19.52,0,0,-170.8,-195.2,-141.52,-112.24
-63.44,-58.56,4.88,63.44,-34.16,-29.28,0,0,-165.92,-190.32,-126.88,-97.6
-48.8,-68.32,-19.52,58.56,-14.64,-43.92,-4.88,-4.88,-170.8,-190.32,-126.88,-97.6
-48.8,-58.56,-9.76,53.68,-19.52,-34.16,0,4.88,-165.92,-180.56,-117.12,-87.84
-48.8,-53.68,-4.88,53.68,-24.4,-29.28,9.76,9.76,-165.92,-180.56,-117.12,-92.72
-53.68,-68.32,-14.64,63.44,-19.52,-43.92,4.88,0,-170.8,-185.44,-126.88,-102.48
-58.56,-73.2,-14.64,68.32,-24.4,-43.92,4.88,4.88,-165.92,-180.56,-122,-92.72
-43.92,-63.44,-19.52,53.68,-14.64,-43.92,0,0,-165.92,-180.56,-126.88,-102.48
-43.92,-68.32,-24.4,58.56,-9.76,-48.8,-9.76,-9.76,-175.68,-190.32,-141.52,-122
-34.16,-58.56,-24.4,48.8,-4.88,-43.92,0,0,-165.92,-185.44,-146.4,-107.36
-82.96,-48.8,34.16,68.32,-58.56,-9.76,19.52,14.64,-146.4,-170.8,-112.24,-73.2
-87.84,-43.92,43.92,68.32,-68.32,0,24.4,24.4,-146.4,-161.04,-112.24,-68.32
-68.32,-53.68,14.64,63.44,-43.92,-19.52,4.88,4.88,-156.16,-175.68,-122,-87.84
-48.8,-39.04,9.76,43.92,-29.28,-14.64,4.88,0,-156.16,-175.68,-126.88,-87.84
-43.92,-39.04,4.88,43.92,-24.4,-19.52,0,0,-156.16,-175.68,-126.88,-87.84
-43.92,-43.92,0,43.92,-24.4,-24.4,-4.88,-4.88,-161.04,-180.56,-131.76,-82.96
-73.2,-39.04,34.16,58.56,-53.68,-4.88,4.88,4.88,-156.16,-175.68,-122,-78.08
-63.44,-48.8,14.64,58.56,-39.04,-19.52,0,0,-156.16,-170.8,-117.12,-87.84
-53.68,-63.44,-9.76,58.56,-24.4,-39.04,-9.76,-4.88,-161.04,-180.56,-126.88,-97.6
-73.2,-48.8,24.4,63.44,-48.8,-14.64,0,-4.88,-156.16,-175.68,-126.88,-92.72
-73.2,-43.92,29.28,58.56,-53.68,-9.76,0,-4.88,-156.16,-170.8,-122,-87.84
-58.56,-24.4,34.16,43.92,-48.8,4.88,0,-4.88,-156.16,-170.8,-122,-92.72
-68.32,-4.88,63.44,39.04,-68.32,29.28,14.64,14.64,-141.52,-161.04,-107.36,-82.96
-63.44,9.76,73.2,29.28,-68.32,39.04,24.4,19.52,-122,-151.28,-102.48,-87.84
-78.08,29.28,107.36,24.4,-92.72,68.32,29.28,24.4,-107.36,-146.4,-92.72,-82.96
-97.6,43.92,141.52,29.28,-122,92.72,39.04,39.04,-78.08,-122,-73.2,-63.44
-87.84,63.44,151.28,14.64,-122,107.36,58.56,53.68,-34.16,-63.44,-24.4,-29.28
-63.44,58.56,122,4.88,-92.72,87.84,78.08,73.2,39.04,14.64,39.04,9.76
-34.16,68.32,102.48,-14.64,-68.32,82.96,87.84,87.84,92.72,63.44,92.72,63.44
-24.4,82.96,107.36,-29.28,-68.32,92.72,82.96,78.08,122,107.36,161.04,141.52
-4.88,107.36,112.24,-48.8,-58.56,107.36,48.8,48.8,146.4,209.84,287.92,263.52
63.44,185.44,122,-122,-29.28,151.28,-24.4,-24.4,117.12,336.72,478.24,429.44
97.6,263.52,165.92,-180.56,-34.16,214.72,-112.24,-112.24,53.68,468.48,707.6,639.28
131.76,317.2,185.44,-224.48,-29.28,248.88,-209.84,-209.84,-29.28,575.84,912.56,858.88
185.44,395.28,209.84,-287.92,-14.64,302.56,-307.44,-302.56,-156.16,624.64,1088.24,1068.72
268.4,488,219.6,-375.76,24.4,351.36,-429.44,-429.44,-341.6,634.4,1239.52,1288.32
351.36,595.36,244,-473.36,53.68,419.68,-551.44,-551.44,-536.8,595.36,1322.48,1449.36
419.68,585.6,165.92,-502.64,126.88,375.76,-570.96,-570.96,-629.52,600.24,1356.64,1527.44
483.12,468.48,-14.64,-473.36,248.88,224.48,-541.68,-546.56,-624.64,673.44,1351.76,1527.44
541.68,317.2,-224.48,-429.44,380.64,43.92,-478.24,-478.24,-610,688.08,1273.68,1464
546.56,195.2,-351.36,-370.88,448.96,-78.08,-453.84,-453.84,-678.32,634.4,1185.84,1366.4
536.8,141.52,-395.28,-336.72,463.6,-126.88,-453.84,-458.72,-766.16,561.2,1132.16,1288.32
502.64,102.48,-400.16,-302.56,448.96,-151.28,-409.92,-409.92,-795.44,551.44,1098,1180.96
429.44,48.8,-380.64,-239.12,405.04,-165.92,-341.6,-346.48,-839.36,478.24,1024.8,1024.8
351.36,14.64,-336.72,-180.56,341.6,-161.04,-302.56,-302.56,-917.44,278.16,849.12,814.96
263.52,14.64,-248.88,-136.64,253.76,-117.12,-253.76,-258.64,-932.08,117.12,668.56,585.6
185.44,-34.16,-219.6,-73.2,200.08,-126.88,-161.04,-161.04,-873.52,14.64,473.36,356.24
102.48,-92.72,-195.2,-4.88,146.4,-146.4,-92.72,-92.72,-863.76,-195.2,200.08,92.72
29.28,-87.84,-117.12,29.28,73.2,-102.48,-34.16,-34.16,-878.4,-434.32,-82.96,-102.48
-9.76,-58.56,-48.8,34.16,19.52,-53.68,9.76,9.76,-893.04,-629.52,-317.2,-253.76
-34.16,-48.8,-14.64,43.92,-9.76,-34.16,24.4,24.4,-922.32,-741.76,-453.84,-326.96
-63.44,-73.2,-9.76,68.32,-29.28,-43.92,19.52,19.52,-932.08,-790.56,-502.64,-351.36
-92.72,-117.12,-24.4,107.36,-34.16,-73.2,34.16,34.16,-936.96,-829.6,-541.68,-380.64
-146.4,-180.56,-34.16,165.92,-58.56,-107.36,19.52,14.64,-946.72,-824.72,-551.44,-395.28
-151.28,-209.84,-58.56,180.56,-48.8,-136.64,-73.2,-68.32,-941.84,-795.44,-531.92,-395.28
-131.76,-209.84,-78.08,170.8,-29.28,-146.4,-131.76,-126.88,-893.04,-746.64,-497.76,-375.76
-117.12,-180.56,-63.44,151.28,-29.28,-122,-146.4,-141.52,-800.32,-658.8,-439.2,-341.6
-112.24,-141.52,-29.28,126.88,-43.92,-87.84,-122,-122,-673.44,-546.56,-366,-287.92
-97.6,-97.6,0,97.6,-48.8,-48.8,-92.72,-92.72,-546.56,-458.72,-312.32,-244
-87.84,-78.08,9.76,82.96,-48.8,-34.16,-63.44,-68.32,-458.72,-400.16,-273.28,-224.48
-58.56,-58.56,0,58.56,-29.28,-29.28,-39.04,-48.8,-385.52,-331.84,-244,-204.96
-53.68,-48.8,4.88,53.68,-29.28,-24.4,-9.76,-14.64,-312.32,-273.28,-209.84,-175.68
-78.08,-48.8,29.28,63.44,-53.68,-9.76,14.64,9.76,-234.24,-209.84,-170.8,-141.52
-68.32,-53.68,14.64,63.44,-43.92,-19.52,24.4,19.52,-165.92,-156.16,-131.76,-112.24
-43.92,-58.56,-14.64,53.68,-14.64,-39.04,39.04,24.4,-112.24,-112.24,-107.36,-102.48
-24.4,-39.04,-14.64,34.16,-4.88,-29.28,53.68,53.68,-68.32,-73.2,-87.84,-82.96
4.88,-39.04,-43.92,19.52,24.4,-43.92,53.68,53.68,-48.8,-63.44,-87.84,-92.72
-24.4,-48.8,-24.4,39.04,0,-39.04,63.44,63.44,-34.16,-58.56,-87.84,-92.72
-78.08,-39.04,39.04,58.56,-58.56,0,87.84,82.96,-9.76,-39.04,-63.44,-73.2
-58.56,-29.28,29.28,43.92,-43.92,0,73.2,73.2,-14.64,-43.92,-68.32,-87.84
-34.16,-34.16,0,34.16,-19.52,-19.52,68.32,63.44,-19.52,-43.92,-78.08,-92.72
-24.4,-34.16,-9.76,29.28,-9.76,-24.4,68.32,63.44,-19.52,-39.04,-68.32,-92.72
-53.68,-34.16,19.52,43.92,-39.04,-9.76,63.44,68.32,-4.88,-34.16,-58.56,-82.96
-63.44,-39.04,24.4,53.68,-43.92,-9.76,63.44,68.32,0,-24.4,-58.56,-87.84
-24.4,-48.8,-24.4,39.04,0,-39.04,58.56,63.44,-4.88,-29.28,-73.2,-97.6
-34.16,-43.92,-9.76,39.04,-14.64,-29.28,78.08,82.96,14.64,-24.4,-68.32,-87.84
-48.8,-39.04,9.76,43.92,-29.28,-14.64,78.08,78.08,24.4,-19.52,-58.56,-82.96
-29.28,-53.68,-24.4,43.92,-4.88,-39.04,68.32,68.32,14.64,-19.52,-73.2,-87.84
-14.64,-39.04,-24.4,29.28,4.88,-34.16,68.32,68.32,9.76,-19.52,-73.2,-87.84
-24.4,-19.52,4.88,24.4,-14.64,-9.76,73.2,78.08,29.28,-9.76,-53.68,-78.08
-43.92,-34.16,9.76,39.04,-29.28,-14.64,63.44,63.44,24.4,-4.88,-58.56,-78.08
-48.8,-43.92,4.88,48.8,-29.28,-19.52,63.44,58.56,29.28,4.88,-53.68,-73.2
-43.92,-39.04,4.88,43.92,-24.4,-19.52,58.56,58.56,34.16,9.76,-48.8,-68.32
-43.92,-39.04,4.88,43.92,-24.4,-19.52,68.32,63.44,39.04,14.64,-43.92,-73.2
-29.28,-29.28,0,29.28,-14.64,-14.64,73.2,68.32,43.92,24.4,-39.04,-58.56
-4.88,-24.4,-19.52,14.64,4.88,-24.4,68.32,63.44,48.8,24.4,-39.04,-53.68
-4.88,-24.4,-19.52,14.64,4.88,-24.4,68.32,68.32,53.68,19.52,-34.16,-58.56
-24.4,-43.92,-19.52,34.16,-4.88,-34.16,73.2,68.32,53.68,14.64,-39.04,-63.44
-24.4,-48.8,-24.4,39.04,0,-39.04,68.32,68.32,48.8,9.76,-43.92,-63.44
-9.76,-24.4,-14.64,19.52,0,-19.52,63.44,58.56,53.68,14.64,-43.92,-68.32
-14.64,-14.64,0,14.64,-9.76,-9.76,58.56,58.56,53.68,19.52,-43.92,-63.44
-29.28,-29.28,0,29.28,-14.64,-14.64,53.68,53.68,53.68,24.4,-43.92,-58.56
-29.28,-34.16,-4.88,34.16,-14.64,-19.52,63.44,63.44,73.2,39.04,-24.4,-43.92
-48.8,-39.04,9.76,43.92,-29.28,-14.64,63.44,63.44,82.96,48.8,-19.52,-43.92
-29.28,-39.04,-9.76,34.16,-9.76,-24.4,63.44,63.44,87.84,48.8,-24.4,-48.8
-4.88,-34.16,-29.28,19.52,9.76,-34.16,63.44,68.32,92.72,43.92,-19.52,-43.92
-9.76,-14.64,-4.88,14.64,-4.88,-9.76,63.44,68.32,97.6,43.92,-24.4,-43.92
-14.64,-14.64,0,14.64,-9.76,-9.76,63.44,63.44,102.48,43.92,-29.28,-53.68
-19.52,-34.16,-14.64,29.28,-4.88,-24.4,58.56,58.56,97.6,43.92,-34.16,-58.56
-29.28,-48.8,-19.52,39.04,-4.88,-34.16,48.8,48.8,97.6,39.04,-43.92,-73.2
-4.88,-39.04,-34.16,24.4,14.64,-39.04,48.8,48.8,97.6,43.92,-48.8,-73.2
-24.4,-39.04,-14.64,34.16,-4.88,-29.28,58.56,58.56,112.24,63.44,-29.28,-53.68
-48.8,-34.16,14.64,43.92,-34.16,-9.76,73.2,63.44,131.76,73.2,-14.64,-43.92
-29.28,-39.04,-9.76,34.16,-9.76,-24.4,68.32,58.56,126.88,73.2,-14.64,-48.8
9.76,-39.04,-48.8,14.64,29.28,-43.92,58.56,53.68,126.88,68.32,-29.28,-58.56
9.76,-24.4,-34.16,9.76,19.52,-29.28,73.2,68.32,141.52,78.08,-19.52,-43.92
-34.16,-19.52,14.64,29.28,-24.4,-4.88,92.72,87.84,156.16,87.84,-4.88,-29.28
-24.4,-29.28,-4.88,29.28,-9.76,-19.52,78.08,78.08,151.28,82.96,-14.64,-43.92
-9.76,-29.28,-19.52,19.52,4.88,-24.4,73.2,73.2,146.4,78.08,-14.64,-39.04
-29.28,-34.16,-4.88,34.16,-14.64,-19.52,68.32,73.2,151.28,87.84,-9.76,-39.04
-9.76,-24.4,-14.64,19.52,0,-19.52,73.2,73.2,156.16,97.6,-4.88,-34.16
-4.88,-29.28,-24.4,19.52,9.76,-29.28,78.08,78.08,156.16,102.48,-4.88,-34.16
-9.76,-29.28,-19.52,19.52,4.88,-24.4,68.32,68.32,156.16,92.72,-9.76,-39.04
9.76,-19.52,-29.28,4.88,19.52,-24.4,73.2,73.2,165.92,107.36,-4.88,-43.92
14.64,-24.4,-39.04,4.88,24.4,-34.16,87.84,87.84,175.68,117.12,0,-39.04
-4.88,-29.28,-24.4,19.52,9.76,-29.28,97.6,97.6,195.2,122,9.76,-34.16
9.76,-19.52,-29.28,4.88,19.52,-24.4,97.6,97.6,200.08,122,9.76,-39.04
0,-39.04,-39.04,19.52,19.52,-39.04,97.6,97.6,190.32,126.88,4.88,-39.04
-68.32,-29.28,39.04,48.8,-53.68,4.88,122,122,219.6,156.16,29.28,-9.76
-58.56,-24.4,34.16,43.92,-48.8,4.88,112.24,112.24,219.6,156.16,29.28,-19.52
-24.4,-43.92,-19.52,34.16,-4.88,-34.16,92.72,92.72,200.08,141.52,14.64,-39.04
-34.16,-39.04,-4.88,39.04,-14.64,-24.4,97.6,92.72,209.84,151.28,14.64,-29.28
-29.28,-39.04,-9.76,34.16,-9.76,-24.4,102.48,97.6,229.36,161.04,29.28,-19.52
-9.76,-19.52,-9.76,14.64,0,-14.64,107.36,107.36,239.12,175.68,39.04,-29.28
0,-9.76,-9.76,4.88,4.88,-9.76,122,122,248.88,190.32,43.92,-9.76
19.52,0,-19.52,-9.76,19.52,-9.76,122,117.12,253.76,185.44,43.92,-19.52
29.28,9.76,-19.52,-19.52,24.4,-4.88,126.88,126.88,273.28,195.2,53.68,-9.76
9.76,-4.88,-14.64,0,9.76,-9.76,122,122,268.4,200.08,53.68,-9.76
14.64,-14.64,-29.28,0,19.52,-24.4,112.24,112.24,273.28,195.2,48.8,-14.64
19.52,0,-19.52,-9.76,19.52,-9.76,117.12,112.24,283.04,214.72,58.56,-9.76
24.4,-4.88,-29.28,-9.76,24.4,-19.52,112.24,112.24,283.04,219.6,63.44,-9.76
29.28,-9.76,-39.04,-9.76,34.16,-24.4,107.36,112.24,287.92,229.36,68.32,-4.88
14.64,-19.52,-34.16,4.88,24.4,-29.28,117.12,117.12,307.44,234.24,73.2,4.88
4.88,-19.52,-24.4,9.76,14.64,-24.4,117.12,122,317.2,248.88,73.2,9.76
24.4,-4.88,-29.28,-9.76,24.4,-19.52,131.76,136.64,331.84,268.4,102.48,24.4
34.16,9.76,-24.4,-19.52,29.28,-9.76,136.64,136.64,346.48,278.16,107.36,39.04
29.28,19.52,-9.76,-24.4,19.52,4.88,136.64,136.64,356.24,283.04,112.24,48.8
14.64,4.88,-9.76,-9.76,9.76,-4.88,136.64,136.64,356.24,292.8,117.12,48.8
9.76,-14.64,-24.4,4.88,14.64,-19.52,131.76,126.88,356.24,292.8,112.24,43.92
19.52,-4.88,-24.4,-4.88,19.52,-14.64,122,122,366,297.68,102.48,34.16
14.64,0,-14.64,-4.88,14.64,-9.76,126.88,122,380.64,312.32,117.12,29.28
34.16,-9.76,-43.92,-9.76,39.04,-29.28,131.76,126.88,400.16,331.84,126.88,34.16
58.56,0,-58.56,-29.28,58.56,-29.28,131.76,126.88,405.04,341.6,122,24.4
58.56,19.52,-39.04,-39.04,48.8,-9.76,122,126.88,409.92,351.36,122,24.4
58.56,19.52,-39.04,-39.04,48.8,-9.76,136.64,136.64,419.68,361.12,136.64,34.16
78.08,24.4,-53.68,-48.8,63.44,-14.64,141.52,141.52,434.32,370.88,146.4,48.8
58.56,14.64,-43.92,-34.16,48.8,-14.64,141.52,141.52,439.2,380.64,146.4,43.92
19.52,4.88,-14.64,-9.76,14.64,-4.88,151.28,146.4,458.72,400.16,156.16,58.56
24.4,0,-24.4,-9.76,24.4,-14.64,151.28,146.4,468.48,405.04,156.16,63.44
48.8,-4.88,-53.68,-19.52,48.8,-29.28,136.64,136.64,468.48,405.04,156.16,53.68
58.56,4.88,-53.68,-29.28,53.68,-24.4,141.52,141.52,478.24,424.56,170.8,53.68
63.44,4.88,-58.56,-34.16,58.56,-29.28,141.52,141.52,492.88,444.08,195.2,73.2
63.44,9.76,-53.68,-34.16,58.56,-24.4,141.52,141.52,502.64,468.48,204.96,78.08
48.8,14.64,-34.16,-29.28,39.04,-9.76,141.52,141.52,507.52,478.24,214.72,78.08
14.64,9.76,-4.88,-9.76,9.76,0,156.16,156.16,531.92,502.64,244,107.36
34.16,14.64,-19.52,-24.4,24.4,-4.88,151.28,156.16,531.92,502.64,239.12,107.36
53.68,4.88,-48.8,-29.28,48.8,-24.4,151.28,151.28,536.8,507.52,234.24,97.6
73.2,24.4,-48.8,-48.8,58.56,-14.64,151.28,151.28,546.56,522.16,239.12,102.48
87.84,34.16,-53.68,-58.56,68.32,-9.76,146.4,141.52,551.44,527.04,244,102.48
87.84,48.8,-39.04,-68.32,63.44,4.88,136.64,136.64,556.32,536.8,244,107.36
107.36,58.56,-48.8,-82.96,78.08,4.88,141.52,141.52,561.2,556.32,268.4,122
107.36,68.32,-39.04,-87.84,73.2,14.64,151.28,151.28,580.72,580.72,287.92,136.64
68.32,43.92,-24.4,-53.68,43.92,9.76,141.52,141.52,580.72,575.84,283.04,131.76
63.44,43.92,-19.52,-53.68,39.04,9.76,141.52,136.64,580.72,590.48,287.92,141.52
107.36,58.56,-48.8,-82.96,78.08,4.88,141.52,141.52,590.48,595.36,307.44,151.28
97.6,39.04,-58.56,-68.32,78.08,-9.76,136.64,131.76,580.72,590.48,302.56,151.28
73.2,39.04,-34.16,-53.68,53.68,0,141.52,136.64,590.48,600.24,312.32,156.16
63.44,39.04,-24.4,-48.8,43.92,4.88,141.52,136.64,590.48,610,312.32,161.04
78.08,39.04,-39.04,-58.56,58.56,0,136.64,131.76,590.48,605.12,317.2,161.04
48.8,39.04,-9.76,-43.92,29.28,14.64,136.64,141.52,595.36,614.88,326.96,165.92
73.2,39.04,-34.16,-53.68,53.68,0,126.88,122,585.6,614.88,317.2,156.16
102.48,63.44,-39.04,-82.96,68.32,9.76,122,122,585.6,619.76,322.08,161.04
87.84,58.56,-29.28,-73.2,58.56,14.64,122,122,590.48,624.64,326.96,165.92
78.08,63.44,-14.64,-68.32,43.92,24.4,122,122,590.48,629.52,322.08,156.16
73.2,63.44,-9.76,-68.32,39.04,24.4,126.88,126.88,590.48,644.16,331.84,165.92
87.84,58.56,-29.28,-73.2,58.56,14.64,117.12,122,580.72,634.4,326.96,161.04
82.96,58.56,-24.4,-68.32,53.68,14.64,117.12,117.12,575.84,629.52,326.96,165.92
73.2,43.92,-29.28,-58.56,48.8,4.88,117.12,112.24,561.2,624.64,317.2,156.16
68.32,43.92,-24.4,-53.68,43.92,9.76,107.36,107.36,556.32,619.76,312.32,141.52
87.84,58.56,-29.28,-73.2,58.56,14.64,97.6,92.72,551.44,614.88,317.2,141.52
97.6,63.44,-34.16,-78.08,63.44,14.64,92.72,92.72,546.56,614.88,326.96,146.4
92.72,68.32,-24.4,-78.08,58.56,19.52,92.72,92.72,541.68,619.76,322.08,151.28
73.2,68.32,-4.88,-68.32,39.04,29.28,87.84,87.84,536.8,619.76,331.84,170.8
78.08,68.32,-9.76,-73.2,43.92,29.28,82.96,82.96,536.8,614.88,331.84,170.8
87.84,73.2,-14.64,-78.08,48.8,29.28,92.72,92.72,531.92,619.76,341.6,185.44
97.6,82.96,-14.64,-87.84,53.68,34.16,87.84,87.84,517.28,605.12,336.72,180.56
92.72,78.08,-14.64,-82.96,53.68,29.28,82.96,78.08,502.64,595.36,331.84,185.44
97.6,78.08,-19.52,-87.84,58.56,29.28,68.32,68.32,478.24,580.72,317.2,170.8
82.96,63.44,-19.52,-73.2,48.8,19.52,68.32,63.44,473.36,566.08,317.2,175.68
92.72,92.72,0,-92.72,43.92,43.92,48.8,43.92,448.96,541.68,297.68,165.92
117.12,117.12,0,-117.12,58.56,58.56,34.16,34.16,424.56,531.92,292.8,161.04
97.6,112.24,14.64,-102.48,39.04,63.44,34.16,34.16,414.8,527.04,292.8,170.8
68.32,102.48,34.16,-82.96,14.64,68.32,34.16,34.16,400.16,517.28,297.68,170.8
53.68,87.84,34.16,-68.32,9.76,58.56,29.28,24.4,380.64,497.76,302.56,175.68
63.44,87.84,24.4,-73.2,19.52,53.68,24.4,29.28,356.24,478.24,292.8,170.8
73.2,97.6,24.4,-82.96,24.4,58.56,24.4,24.4,341.6,458.72,278.16,170.8
73.2,87.84,14.64,-78.08,29.28,48.8,9.76,9.76,317.2,419.68,253.76,161.04
68.32,82.96,14.64,-73.2,24.4,48.8,0,0,287.92,390.4,239.12,161.04
53.68,102.48,48.8,-78.08,0,73.2,9.76,0,273.28,370.88,239.12,165.92
48.8,112.24,63.44,-78.08,-9.76,87.84,-4.88,-4.88,248.88,341.6,214.72,136.64
43.92,102.48,58.56,-73.2,-9.76,78.08,-14.64,-14.64,219.6,312.32,195.2,122
34.16,92.72,58.56,-63.44,-14.64,73.2,-14.64,-19.52,195.2,292.8,185.44,126.88
48.8,102.48,53.68,-73.2,-4.88,78.08,-19.52,-29.28,175.68,268.4,185.44,126.88
63.44,112.24,48.8,-87.84,4.88,78.08,-24.4,-29.28,156.16,248.88,175.68,122
48.8,102.48,53.68,-73.2,-4.88,78.08,-19.52,-24.4,146.4,234.24,161.04,117.12
29.28,82.96,53.68,-53.68,-14.64,68.32,-29.28,-29.28,122,200.08,146.4,107.36
39.04,97.6,58.56,-68.32,-9.76,78.08,-24.4,-29.28,102.48,175.68,136.64,97.6
39.04,102.48,63.44,-68.32,-14.64,82.96,-19.52,-24.4,92.72,156.16,126.88,97.6
29.28,87.84,58.56,-58.56,-14.64,73.2,-34.16,-34.16,63.44,122,107.36,87.84
-4.88,78.08,82.96,-34.16,-43.92,78.08,-39.04,-39.04,48.8,102.48,92.72,78.08
-19.52,73.2,92.72,-24.4,-58.56,82.96,-34.16,-39.04,39.04,102.48,92.72,78.08
24.4,78.08,53.68,-48.8,-14.64,63.44,-53.68,-53.68,19.52,73.2,63.44,58.56
4.88,73.2,68.32,-39.04,-34.16,68.32,-53.68,-53.68,4.88,53.68,53.68,48.8
-24.4,58.56,82.96,-14.64,-53.68,68.32,-43.92,-43.92,0,48.8,58.56,53.68
-24.4,58.56,82.96,-14.64,-53.68,68.32,-34.16,-39.04,0,39.04,48.8,53.68
-9.76,43.92,53.68,-14.64,-34.16,48.8,-39.04,-43.92,-19.52,14.64,29.28,48.8
-19.52,34.16,53.68,-4.88,-39.04,43.92,-43.92,-43.92,-39.04,0,14.64,39.04
0,48.8,48.8,-24.4,-24.4,48.8,-43.92,-43.92,-53.68,-14.64,9.76,29.28
19.52,48.8,29.28,-34.16,-4.88,39.04,-43.92,-43.92,-63.44,-34.16,4.88,29.28
9.76,53.68,43.92,-29.28,-19.52,48.8,-53.68,-53.68,-68.32,-48.8,-9.76,24.4
-14.64,43.92,58.56,-14.64,-39.04,48.8,-43.92,-39.04,-58.56,-39.04,14.64,34.16
-4.88,48.8,53.68,-19.52,-29.28,48.8,-48.8,-43.92,-73.2,-39.04,9.76,29.28
-29.28,34.16,63.44,0,-48.8,48.8,-43.92,-39.04,-78.08,-48.8,4.88,29.28
-48.8,19.52,68.32,14.64,-58.56,43.92,-24.4,-19.52,-73.2,-43.92,4.88,29.28
-34.16,24.4,58.56,4.88,-48.8,39.04,-24.4,-24.4,-73.2,-53.68,-4.88,19.52
-39.04,29.28,68.32,4.88,-53.68,48.8,-19.52,-19.52,-78.08,-63.44,-4.88,19.52
-43.92,14.64,58.56,14.64,-53.68,34.16,-29.28,-29.28,-87.84,-82.96,-14.64,4.88
-53.68,-4.88,48.8,29.28,-53.68,19.52,-24.4,-24.4,-92.72,-87.84,-34.16,-4.88
-48.8,-9.76,39.04,29.28,-43.92,14.64,-19.52,-19.52,-92.72,-82.96,-39.04,-9.76
-53.68,-4.88,48.8,29.28,-53.68,19.52,-14.64,-14.64,-92.72,-92.72,-53.68,-29.28
-24.4,0,24.4,14.64,-24.4,9.76,-29.28,-29.28,-112.24,-102.48,-68.32,-43.92
-9.76,0,9.76,4.88,-9.76,4.88,-34.16,-34.16,-117.12,-102.48,-68.32,-43.92
-24.4,0,24.4,14.64,-24.4,9.76,-24.4,-29.28,-107.36,-92.72,-48.8,-29.28
-68.32,-9.76,58.56,39.04,-63.44,24.4,-9.76,-14.64,-82.96,-82.96,-24.4,-14.64
-68.32,-24.4,43.92,48.8,-58.56,9.76,-14.64,-9.76,-92.72,-87.84,-34.16,-19.52
-34.16,-24.4,9.76,29.28,-24.4,-9.76,-24.4,-24.4,-102.48,-92.72,-43.92,-29.28
-24.4,-24.4,0,24.4,-14.64,-14.64,-29.28,-24.4,-102.48,-102.48,-39.04,-34.16
-43.92,-19.52,24.4,34.16,-34.16,0,-19.52,-19.52,-97.6,-97.6,-43.92,-29.28
-34.16,-4.88,29.28,19.52,-34.16,9.76,-19.52,-24.4,-102.48,-102.48,-48.8,-29.28
-39.04,-9.76,29.28,24.4,-34.16,9.76,-29.28,-24.4,-102.48,-112.24,-48.8,-29.28
-43.92,-9.76,34.16,29.28,-39.04,9.76,-24.4,-24.4,-102.48,-107.36,-48.8,-34.16
-24.4,0,24.4,14.64,-24.4,9.76,-24.4,-19.52,-97.6,-102.48,-48.8,-29.28
-19.52,-4.88,14.64,14.64,-19.52,4.88,-24.4,-29.28,-102.48,-107.36,-48.8,-34.16
-14.64,-14.64,0,14.64,-9.76,-9.76,-9.76,-9.76,-87.84,-92.72,-39.04,-19.52
-4.88,-9.76,-4.88,9.76,0,-9.76,0,-4.88,-78.08,-87.84,-34.16,-14.64
-14.64,-9.76,4.88,14.64,-9.76,-4.88,-14.64,-14.64,-92.72,-97.6,-48.8,-29.28
-43.92,-14.64,29.28,29.28,-39.04,4.88,-14.64,-14.64,-87.84,-102.48,-43.92,-29.28
-34.16,-19.52,14.64,29.28,-24.4,-4.88,-14.64,-19.52,-92.72,-102.48,-53.68,-39.04
-39.04,-9.76,29.28,24.4,-34.16,9.76,-4.88,-4.88,-82.96,-87.84,-39.04,-29.28
-34.16,-14.64,19.52,24.4,-29.28,0,-14.64,-9.76,-82.96,-87.84,-43.92,-29.28
-34.16,-24.4,9.76,29.28,-24.4,-9.76,-14.64,-14.64,-87.84,-97.6,-53.68,-39.04
-39.04,-14.64,24.4,29.28,-34.16,4.88,-14.64,-9.76,-87.84,-87.84,-53.68,-43.92
-48.8,-19.52,29.28,34.16,-39.04,4.88,-9.76,-4.88,-82.96,-82.96,-43.92,-29.28
-34.16,-4.88,29.28,19.52,-34.16,9.76,-4.88,-4.88,-73.2,-82.96,-43.92,-24.4
-19.52,0,19.52,9.76,-19.52,9.76,4.88,4.88,-68.32,-78.08,-39.04,-24.4
-19.52,-19.52,0,19.52,-9.76,-9.76,-4.88,-4.88,-78.08,-92.72,-48.8,-34.16
-24.4,-29.28,-4.88,29.28,-9.76,-19.52,-4.88,-4.88,-78.08,-97.6,-53.68,-39.04
-43.92,-14.64,29.28,29.28,-39.04,4.88,4.88,0,-68.32,-82.96,-53.68,-39.04
-58.56,-19.52,39.04,39.04,-48.8,9.76,4.88,0,-68.32,-82.96,-53.68,-34.16
-43.92,-9.76,34.16,29.28,-39.04,9.76,-4.88,-4.88,-68.32,-78.08,-43.92,-29.28
-39.04,-4.88,34.16,24.4,-39.04,14.64,0,0,-63.44,-73.2,-39.04,-19.52
-19.52,-14.64,4.88,19.52,-14.64,-4.88,-19.52,-19.52,-78.08,-82.96,-53.68,-29.28
-34.16,-14.64,19.52,24.4,-29.28,0,-14.64,-14.64,-58.56,-63.44,-39.04,-14.64
-29.28,-14.64,14.64,24.4,-24.4,0,-9.76,-9.76,-58.56,-58.56,-29.28,0
-29.28,-9.76,19.52,19.52,-24.4,4.88,-9.76,-4.88,-53.68,-63.44,-24.4,0
-34.16,-14.64,19.52,24.4,-29.28,0,-9.76,-4.88,-48.8,-63.44,-19.52,9.76
-29.28,-4.88,24.4,19.52,-29.28,9.76,-4.88,-4.88,-48.8,-58.56,-19.52,4.88
4.88,9.76,4.88,-4.88,0,4.88,-9.76,-4.88,-48.8,-68.32,-29.28,-14.64
-14.64,0,14.64,9.76,-14.64,4.88,-9.76,-4.88,-53.68,-78.08,-39.04,-29.28
-24.4,-9.76,14.64,19.52,-19.52,0,-14.64,-14.64,-58.56,-82.96,-48.8,-39.04
-48.8,-19.52,29.28,34.16,-39.04,4.88,-14.64,-14.64,-53.68,-78.08,-48.8,-43.92
-78.08,-19.52,58.56,48.8,-68.32,19.52,-4.88,-4.88,-43.92,-63.44,-34.16,-24.4
-43.92,-9.76,34.16,29.28,-39.04,9.76,-9.76,-14.64,-39.04,-68.32,-34.16,-24.4
-53.68,-29.28,24.4,43.92,-39.04,-4.88,4.88,4.88,-43.92,-68.32,-34.16,-19.52
-58.56,-24.4,34.16,43.92,-48.8,4.88,34.16,29.28,-39.04,-63.44,-29.28,-14.64
-29.28,14.64,43.92,9.76,-39.04,29.28,43.92,43.92,-29.28,-53.68,-14.64,-4.88
-29.28,14.64,43.92,9.76,-39.04,29.28,43.92,43.92,-29.28,-58.56,-19.52,-4.88
-43.92,-4.88,39.04,24.4,-43.92,14.64,43.92,43.92,-39.04,-63.44,-24.4,-9.76
-19.52,-14.64,4.88,19.52,-14.64,-4.88,29.28,29.28,-48.8,-68.32,-34.16,-19.52
-9.76,-14.64,-4.88,14.64,-4.88,-9.76,24.4,24.4,-53.68,-73.2,-43.92,-24.4
-34.16,-9.76,24.4,24.4,-29.28,4.88,29.28,34.16,-48.8,-73.2,-39.04,-19.52
-73.2,0,73.2,39.04,-73.2,34.16,43.92,48.8,-34.16,-53.68,-24.4,-4.88
-24.4,0,24.4,14.64,-24.4,9.76,29.28,34.16,-43.92,-63.44,-39.04,-24.4
0,4.88,4.88,0,-4.88,4.88,34.16,39.04,-43.92,-63.44,-29.28,-24.4
-19.52,-4.88,14.64,14.64,-19.52,4.88,43.92,43.92,-34.16,-58.56,-29.28,-14.64
-68.32,-4.88,63.44,39.04,-68.32,29.28,53.68,53.68,-24.4,-53.68,-24.4,-9.76
-43.92,4.88,48.8,19.52,-48.8,24.4,43.92,39.04,-34.16,-68.32,-34.16,-19.52
-43.92,-4.88,39.04,24.4,-43.92,14.64,39.04,34.16,-48.8,-78.08,-39.04,-19.52
-34.16,0,34.16,19.52,-34.16,14.64,29.28,29.28,-48.8,-78.08,-39.04,-24.4
-48.8,-14.64,34.16,34.16,-43.92,9.76,34.16,29.28,-48.8,-82.96,-39.04,-19.52
-39.04,-9.76,29.28,24.4,-34.16,9.76,29.28,29.28,-48.8,-82.96,-39.04,-19.52
-39.04,4.88,43.92,19.52,-43.92,24.4,29.28,34.16,-48.8,-78.08,-34.16,-14.64
-29.28,9.76,39.04,9.76,-34.16,24.4,29.28,29.28,-58.56,-82.96,-43.92,-19.52
-48.8,4.88,53.68,24.4,-53.68,29.28,53.68,53.68,-53.68,-73.2,-39.04,-4.88
-39.04,0,39.04,19.52,-39.04,19.52,48.8,53.68,-48.8,-78.08,-39.04,-9.76
-39.04,0,39.04,19.52,-39.04,19.52,48.8,53.68,-48.8,-78.08,-34.16,-9.76
-48.8,-19.52,29.28,34.16,-39.04,4.88,58.56,58.56,-43.92,-73.2,-24.4,0
-58.56,-19.52,39.04,39.04,-48.8,9.76,48.8,48.8,-53.68,-82.96,-29.28,-4.88
-29.28,9.76,39.04,9.76,-34.16,24.4,39.04,39.04,-63.44,-97.6,-39.04,-14.64
-19.52,14.64,34.16,4.88,-29.28,24.4,43.92,43.92,-68.32,-92.72,-34.16,-4.88
-29.28,0,29.28,14.64,-29.28,14.64,39.04,39.04,-68.32,-92.72,-39.04,-9.76
-34.16,-4.88,29.28,19.52,-34.16,9.76,34.16,34.16,-68.32,-97.6,-34.16,-4.88
-34.16,-4.88,29.28,19.52,-34.16,9.76,39.04,39.04,-58.56,-92.72,-19.52,9.76
-29.28,-4.88,24.4,19.52,-29.28,9.76,29.28,29.28,-68.32,-102.48,-29.28,4.88
-24.4,9.76,34.16,9.76,-29.28,19.52,34.16,39.04,-63.44,-102.48,-29.28,0
-29.28,0,29.28,14.64,-29.28,14.64,39.04,34.16,-73.2,-102.48,-43.92,-9.76
-39.04,-4.88,34.16,24.4,-39.04,14.64,39.04,34.16,-78.08,-112.24,-53.68,-19.52
-34.16,9.76,43.92,14.64,-39.04,24.4,43.92,39.04,-73.2,-112.24,-43.92,-14.64
-39.04,0,39.04,19.52,-39.04,19.52,34.16,29.28,-73.2,-112.24,-48.8,-9.76
-34.16,4.88,39.04,14.64,-39.04,19.52,43.92,39.04,-73.2,-112.24,-43.92,-9.76
-53.68,4.88,58.56,24.4,-58.56,29.28,39.04,34.16,-78.08,-107.36,-39.04,0
-43.92,4.88,48.8,19.52,-48.8,24.4,34.16,29.28,-82.96,-112.24,-39.04,0
-34.16,14.64,48.8,9.76,-43.92,29.28,29.28,29.28,-82.96,-112.24,-48.8,4.88
-34.16,14.64,48.8,9.76,-43.92,29.28,29.28,29.28,-87.84,-112.24,-43.92,4.88
-19.52,9.76,29.28,4.88,-24.4,19.52,19.52,29.28,-92.72,-117.12,-48.8,0
-29.28,0,29.28,14.64,-29.28,14.64,24.4,14.64,-82.96,-117.12,-48.8,0
-53.68,-19.52,34.16,39.04,-43.92,4.88,19.52,19.52,-97.6,-126.88,-58.56,-9.76
-39.04,-9.76,29.28,24.4,-34.16,9.76,19.52,19.52,-92.72,-126.88,-58.56,-9.76
-48.8,-14.64,34.16,34.16,-43.92,9.76,14.64,9.76,-102.48,-136.64,-63.44,-24.4
-53.68,-19.52,34.16,39.04,-43.92,4.88,14.64,4.88,-102.48,-141.52,-68.32,-34.16
-48.8,-19.52,29.28,34.16,-39.04,4.88,14.64,9.76,-102.48,-136.64,-68.32,-34.16
-43.92,-9.76,34.16,29.28,-39.04,9.76,14.64,9.76,-102.48,-131.76,-73.2,-29.28
-43.92,-4.88,39.04,24.4,-43.92,14.64,14.64,14.64,-97.6,-131.76,-68.32,-19.52
-24.4,4.88,29.28,9.76,-29.28,14.64,9.76,9.76,-102.48,-136.64,-63.44,-19.52
-24.4,0,24.4,14.64,-24.4,9.76,19.52,19.52,-97.6,-126.88,-58.56,-9.76
-34.16,4.88,39.04,14.64,-39.04,19.52,24.4,19.52,-97.6,-122,-53.68,-4.88
-34.16,0,34.16,19.52,-34.16,14.64,9.76,14.64,-102.48,-136.64,-68.32,-19.52
-29.28,4.88,34.16,14.64,-34.16,19.52,9.76,14.64,-107.36,-136.64,-68.32,-24.4
-14.64,14.64,29.28,0,-24.4,19.52,4.88,4.88,-107.36,-141.52,-78.08,-29.28
-14.64,4.88,19.52,4.88,-19.52,9.76,4.88,9.76,-107.36,-146.4,-78.08,-24.4
-34.16,0,34.16,19.52,-34.16,14.64,4.88,4.88,-112.24,-141.52,-73.2,-19.52
-43.92,4.88,48.8,19.52,-48.8,24.4,14.64,14.64,-107.36,-126.88,-53.68,-4.88
-53.68,-9.76,43.92,34.16,-48.8,14.64,9.76,14.64,-117.12,-136.64,-68.32,-9.76
-29.28,4.88,34.16,14.64,-34.16,19.52,14.64,14.64,-117.12,-136.64,-63.44,-9.76
-24.4,4.88,29.28,9.76,-29.28,14.64,9.76,9.76,-112.24,-136.64,-63.44,-9.76
-19.52,-4.88,14.64,14.64,-19.52,4.88,14.64,9.76,-112.24,-136.64,-63.44,-9.76
-43.92,-4.88,39.04,24.4,-43.92,14.64,19.52,14.64,-112.24,-141.52,-63.44,-9.76
-43.92,-14.64,29.28,29.28,-39.04,4.88,14.64,19.52,-117.12,-146.4,-68.32,-9.76
0,-9.76,-9.76,4.88,4.88,-9.76,9.76,14.64,-122,-151.28,-73.2,-14.64
-4.88,9.76,14.64,0,-9.76,9.76,14.64,19.52,-117.12,-146.4,-68.32,-14.64
-34.16,0,34.16,19.52,-34.16,14.64,14.64,19.52,-117.12,-156.16,-82.96,-19.52
-53.68,-9.76,43.92,34.16,-48.8,14.64,9.76,14.64,-122,-146.4,-78.08,-14.64
-43.92,-9.76,34.16,29.28,-39.04,9.76,14.64,14.64,-122,-141.52,-73.2,-19.52
-53.68,4.88,58.56,24.4,-58.56,29.28,24.4,29.28,-107.36,-136.64,-53.68,-9.76
-34.16,14.64,48.8,9.76,-43.92,29.28,34.16,34.16,-107.36,-131.76,-48.8,-9.76
-43.92,0,43.92,24.4,-43.92,19.52,29.28,29.28,-112.24,-141.52,-53.68,-19.52
-53.68,4.88,58.56,24.4,-58.56,29.28,34.16,34.16,-107.36,-141.52,-58.56,-24.4
-48.8,0,48.8,24.4,-48.8,24.4,39.04,34.16,-107.36,-141.52,-48.8,-19.52
-43.92,-4.88,39.04,24.4,-43.92,14.64,34.16,34.16,-107.36,-141.52,-53.68,-19.52
-43.92,29.28,73.2,9.76,-58.56,48.8,39.04,34.16,-107.36,-141.52,-63.44,-14.64
-48.8,14.64,63.44,19.52,-58.56,39.04,29.28,29.28,-117.12,-146.4,-73.2,-19.52
-63.44,0,63.44,34.16,-63.44,29.28,19.52,19.52,-122,-141.52,-63.44,-19.52
-34.16,0,34.16,19.52,-34.16,14.64,19.52,19.52,-117.12,-146.4,-53.68,-14.64
-19.52,9.76,29.28,4.88,-24.4,19.52,14.64,19.52,-122,-146.4,-53.68,-9.76
-39.04,0,39.04,19.52,-39.04,19.52,14.64,19.52,-126.88,-141.52,-58.56,-9.76
-43.92,-9.76,34.16,29.28,-39.04,9.76,29.28,24.4,-126.88,-151.28,-58.56,-14.64
-9.76,4.88,14.64,4.88,-14.64,9.76,43.92,39.04,-122,-146.4,-68.32,-24.4
-14.64,0,14.64,9.76,-14.64,4.88,43.92,43.92,-122,-146.4,-63.44,-24.4
-53.68,-14.64,39.04,34.16,-48.8,9.76,34.16,34.16,-117.12,-161.04,-73.2,-34.16
-29.28,-4.88,24.4,19.52,-29.28,9.76,29.28,29.28,-126.88,-165.92,-92.72,-48.8
-19.52,0,19.52,9.76,-19.52,9.76,29.28,29.28,-126.88,-161.04,-87.84,-48.8
-43.92,-4.88,39.04,24.4,-43.92,14.64,34.16,34.16,-122,-156.16,-78.08,-34.16
-24.4,14.64,39.04,4.88,-34.16,24.4,29.28,34.16,-112.24,-146.4,-68.32,-19.52
-24.4,19.52,43.92,4.88,-34.16,29.28,29.28,34.16,-122,-146.4,-58.56,-9.76
-53.68,-4.88,48.8,29.28,-53.68,19.52,29.28,29.28,-117.12,-146.4,-58.56,-9.76
-34.16,0,34.16,19.52,-34.16,14.64,29.28,34.16,-117.12,-151.28,-63.44,-9.76
-43.92,-9.76,34.16,29.28,-39.04,9.76,19.52,24.4,-126.88,-161.04,-82.96,-34.16
-53.68,4.88,58.56,24.4,-58.56,29.28,29.28,34.16,-122,-161.04,-82.96,-39.04
-24.4,14.64,39.04,4.88,-34.16,24.4,29.28,24.4,-122,-161.04,-82.96,-24.4
-29.28,-9.76,19.52,19.52,-24.4,4.88,14.64,14.64,-141.52,-170.8,-92.72,-34.16
-39.04,-9.76,29.28,24.4,-34.16,9.76,19.52,14.64,-131.76,-165.92,-82.96,-39.04
-43.92,4.88,48.8,19.52,-48.8,24.4,24.4,19.52,-122,-146.4,-68.32,-29.28
-39.04,4.88,43.92,19.52,-43.92,24.4,24.4,24.4,-122,-141.52,-73.2,-34.16
-24.4,9.76,34.16,9.76,-29.28,19.52,14.64,19.52,-122,-141.52,-68.32,-29.28
-34.16,0,34.16,19.52,-34.16,14.64,14.64,14.64,-126.88,-151.28,-68.32,-19.52
-39.04,4.88,43.92,19.52,-43.92,24.4,19.52,24.4,-122,-156.16,-68.32,-19.52
-29.28,4.88,34.16,14.64,-34.16,19.52,24.4,29.28,-117.12,-156.16,-73.2,-29.28
-43.92,-9.76,34.16,29.28,-39.04,9.76,24.4,24.4,-126.88,-165.92,-78.08,-34.16
-24.4,9.76,34.16,9.76,-29.28,19.52,24.4,29.28,-122,-161.04,-78.08,-34.16
-29.28,14.64,43.92,9.76,-39.04,29.28,24.4,29.28,-126.88,-161.04,-73.2,-29.28
-48.8,-9.76,39.04,29.28,-43.92,14.64,24.4,19.52,-122,-161.04,-78.08,-29.28
-34.16,14.64,48.8,9.76,-43.92,29.28,29.28,24.4,-117.12,-151.28,-68.32,-19.52
-24.4,-4.88,19.52,14.64,-24.4,4.88,19.52,19.52,-122,-156.16,-78.08,-29.28
-19.52,-14.64,4.88,19.52,-14.64,-4.88,14.64,14.64,-126.88,-165.92,-78.08,-34.16
-19.52,0,19.52,9.76,-19.52,9.76,14.64,24.4,-122,-161.04,-78.08,-29.28
-48.8,-9.76,39.04,29.28,-43.92,14.64,14.64,19.52,-122,-161.04,-78.08,-19.52
-43.92,-14.64,29.28,29.28,-39.04,4.88,19.52,24.4,-117.12,-156.16,-73.2,-19.52
-48.8,-9.76,39.04,29.28,-43.92,14.64,19.52,24.4,-112.24,-156.16,-73.2,-14.64
-58.56,-19.52,39.04,39.04,-48.8,9.76,19.52,19.52,-112.24,-156.16,-78.08,-14.64
-39.04,-4.88,34.16,24.4,-39.04,14.64,19.52,24.4,-117.12,-156.16,-78.08,-9.76
-43.92,0,43.92,24.4,-43.92,19.52,24.4,29.28,-112.24,-151.28,-68.32,-9.76
-43.92,4.88,48.8,19.52,-48.8,24.4,19.52,19.52,-117.12,-151.28,-73.2,-14.64
-39.04,-4.88,34.16,24.4,-39.04,14.64,24.4,34.16,-107.36,-141.52,-63.44,0
-29.28,-4.88,24.4,19.52,-29.28,9.76,19.52,19.52,-117.12,-151.28,-73.2,-9.76
4.88,-4.88,-9.76,0,4.88,-9.76,9.76,9.76,-122,-165.92,-82.96,-24.4
-29.28,-24.4,4.88,29.28,-19.52,-9.76,9.76,4.88,-126.88,-170.8,-82.96,-29.28
-53.68,-19.52,34.16,39.04,-43.92,4.88,14.64,19.52,-117.12,-161.04,-78.08,-24.4
-53.68,-4.88,48.8,29.28,-53.68,19.52,14.64,14.64,-117.12,-165.92,-68.32,-14.64
-78.08,-24.4,53.68,53.68,-68.32,14.64,19.52,19.52,-112.24,-161.04,-68.32,-19.52
-73.2,-34.16,39.04,53.68,-58.56,0,19.52,19.52,-107.36,-161.04,-78.08,-14.64
-24.4,-14.64,9.76,19.52,-19.52,-4.88,0,0,-131.76,-175.68,-92.72,-34.16
-14.64,0,14.64,9.76,-14.64,4.88,0,4.88,-122,-165.92,-87.84,-19.52
0,9.76,9.76,-4.88,-4.88,9.76,9.76,14.64,-112.24,-151.28,-73.2,-9.76
-9.76,4.88,14.64,4.88,-14.64,9.76,9.76,14.64,-112.24,-151.28,-63.44,-4.88
-24.4,4.88,29.28,9.76,-29.28,14.64,14.64,19.52,-107.36,-146.4,-58.56,4.88
-14.64,4.88,19.52,4.88,-19.52,9.76,14.64,14.64,-102.48,-156.16,-53.68,4.88
-24.4,0,24.4,14.64,-24.4,9.76,19.52,14.64,-97.6,-151.28,-43.92,9.76
-73.2,0,73.2,39.04,-73.2,34.16,24.4,24.4,-87.84,-141.52,-34.16,24.4
-63.44,-14.64,48.8,39.04,-58.56,14.64,9.76,14.64,-102.48,-151.28,-48.8,9.76
-29.28,-14.64,14.64,24.4,-24.4,0,0,4.88,-112.24,-165.92,-68.32,-4.88
4.88,-4.88,-9.76,0,4.88,-9.76,0,0,-117.12,-165.92,-73.2,-14.64
-19.52,-4.88,14.64,14.64,-19.52,4.88,-4.88,-4.88,-122,-170.8,-73.2,-9.76
-68.32,-4.88,63.44,39.04,-68.32,29.28,14.64,14.64,-102.48,-146.4,-58.56,4.88
-39.04,9.76,48.8,14.64,-43.92,29.28,9.76,14.64,-107.36,-156.16,-68.32,4.88
-39.04,0,39.04,19.52,-39.04,19.52,9.76,14.64,-107.36,-156.16,-68.32,-9.76
-34.16,0,34.16,19.52,-34.16,14.64,4.88,9.76,-112.24,-156.16,-82.96,-19.52
-43.92,-4.88,39.04,24.4,-43.92,14.64,0,4.88,-107.36,-156.16,-82.96,-19.52
-53.68,-4.88,48.8,29.28,-53.68,19.52,0,0,-107.36,-165.92,-92.72,-14.64
-34.16,-9.76,24.4,24.4,-29.28,4.88,-14.64,-9.76,-112.24,-170.8,-107.36,-29.28
-24.4,-4.88,19.52,14.64,-24.4,4.88,-14.64,-14.64,-117.12,-175.68,-102.48,-29.28
-4.88,14.64,19.52,-4.88,-14.64,14.64,-4.88,0,-102.48,-156.16,-82.96,-19.52
-24.4,14.64,39.04,4.88,-34.16,24.4,-4.88,0,-102.48,-161.04,-68.32,-4.88
-53.68,-9.76,43.92,34.16,-48.8,14.64,-4.88,0,-97.6,-151.28,-63.44,4.88
-29.28,4.88,34.16,14.64,-34.16,19.52,0,4.88,-97.6,-151.28,-63.44,4.88
-4.88,9.76,14.64,0,-9.76,9.76,-4.88,-4.88,-102.48,-156.16,-68.32,-4.88
-39.04,-4.88,34.16,24.4,-39.04,14.64,-9.76,-4.88,-102.48,-161.04,-78.08,-4.88
-48.8,-9.76,39.04,29.28,-43.92,14.64,-4.88,0,-102.48,-151.28,-58.56,4.88
-39.04,-4.88,34.16,24.4,-39.04,14.64,-4.88,0,-87.84,-156.16,-58.56,14.64
-39.04,9.76,48.8,14.64,-43.92,29.28,-4.88,0,-87.84,-156.16,-58.56,19.52
-34.16,19.52,53.68,9.76,-43.92,34.16,-9.76,-4.88,-87.84,-146.4,-63.44,19.52
-34.16,14.64,48.8,9.76,-43.92,29.28,-9.76,-4.88,-87.84,-146.4,-63.44,4.88
-29.28,19.52,48.8,4.88,-39.04,34.16,-9.76,-9.76,-87.84,-146.4,-68.32,9.76
-29.28,29.28,58.56,0,-43.92,43.92,0,4.88,-73.2,-126.88,-48.8,24.4
-53.68,34.16,87.84,9.76,-73.2,58.56,9.76,14.64,-58.56,-112.24,-39.04,34.16
-39.04,48.8,87.84,-4.88,-63.44,68.32,14.64,14.64,-53.68,-112.24,-34.16,34.16
-4.88,63.44,68.32,-29.28,-39.04,63.44,4.88,4.88,-63.44,-122,-39.04,34.16
-14.64,68.32,82.96,-24.4,-48.8,73.2,9.76,9.76,-58.56,-117.12,-29.28,34.16
-14.64,73.2,87.84,-29.28,-53.68,78.08,14.64,14.64,-53.68,-117.12,-24.4,34.16
-4.88,78.08,82.96,-34.16,-43.92,78.08,9.76,14.64,-53.68,-112.24,-29.28,34.16
-4.88,87.84,92.72,-39.04,-48.8,87.84,14.64,14.64,-53.68,-122,-24.4,39.04
-9.76,97.6,107.36,-43.92,-58.56,102.48,14.64,24.4,-48.8,-107.36,-19.52,48.8
-9.76,87.84,97.6,-39.04,-53.68,92.72,4.88,4.88,-53.68,-117.12,-34.16,43.92
-19.52,92.72,112.24,-34.16,-68.32,102.48,9.76,9.76,-43.92,-102.48,-24.4,48.8
-24.4,97.6,122,-34.16,-73.2,107.36,14.64,19.52,-34.16,-87.84,-19.52,58.56
-14.64,97.6,112.24,-39.04,-63.44,102.48,9.76,9.76,-39.04,-97.6,-29.28,48.8
4.88,107.36,102.48,-53.68,-48.8,102.48,9.76,9.76,-39.04,-102.48,-24.4,58.56
0,107.36,107.36,-53.68,-53.68,107.36,4.88,9.76,-34.16,-97.6,-14.64,58.56
4.88,122,117.12,-63.44,-58.56,117.12,9.76,14.64,-29.28,-97.6,0,63.44
4.88,107.36,102.48,-53.68,-48.8,102.48,0,0,-34.16,-92.72,4.88,63.44
4.88,126.88,122,-63.44,-58.56,122,-14.64,-9.76,-34.16,-97.6,0,68.32
-9.76,146.4,156.16,-68.32,-82.96,151.28,-24.4,-14.64,-29.28,-82.96,9.76,78.08
0,136.64,136.64,-68.32,-68.32,136.64,-43.92,-34.16,-39.04,-87.84,9.76,78.08
-4.88,131.76,136.64,-63.44,-73.2,131.76,-63.44,-63.44,-58.56,-92.72,9.76,78.08
-19.52,146.4,165.92,-63.44,-92.72,156.16,-78.08,-78.08,-68.32,-107.36,4.88,73.2
-34.16,151.28,185.44,-58.56,-112.24,165.92,-73.2,-73.2,-63.44,-92.72,14.64,82.96
-39.04,161.04,200.08,-58.56,-122,180.56,-87.84,-87.84,-73.2,-107.36,4.88,78.08
0,175.68,175.68,-87.84,-87.84,175.68,-87.84,-87.84,-73.2,-102.48,0,73.2
0,165.92,165.92,-82.96,-82.96,165.92,-87.84,-87.84,-73.2,-112.24,-4.88,68.32
4.88,175.68,170.8,-87.84,-82.96,170.8,-82.96,-82.96,-68.32,-107.36,-4.88,73.2
19.52,170.8,151.28,-92.72,-68.32,161.04,-92.72,-92.72,-78.08,-117.12,-9.76,63.44
4.88,161.04,156.16,-82.96,-78.08,156.16,-102.48,-102.48,-87.84,-122,-14.64,63.44
4.88,151.28,146.4,-78.08,-73.2,146.4,-117.12,-117.12,-102.48,-136.64,-19.52,53.68
-14.64,131.76,146.4,-58.56,-82.96,136.64,-126.88,-122,-107.36,-136.64,-24.4,58.56
0,146.4,146.4,-73.2,-73.2,146.4,-122,-112.24,-102.48,-131.76,-14.64,63.44
-9.76,126.88,136.64,-58.56,-73.2,131.76,-122,-117.12,-97.6,-131.76,-9.76,63.44
-9.76,122,131.76,-53.68,-73.2,126.88,-117.12,-117.12,-92.72,-131.76,-9.76,63.44
0,102.48,102.48,-48.8,-53.68,102.48,-107.36,-107.36,-82.96,-131.76,-9.76,58.56
0,82.96,82.96,-39.04,-43.92,82.96,-102.48,-97.6,-82.96,-136.64,-14.64,63.44
-29.28,78.08,107.36,-24.4,-68.32,92.72,-97.6,-97.6,-78.08,-136.64,-14.64,68.32
-4.88,87.84,92.72,-39.04,-48.8,87.84,-102.48,-97.6,-82.96,-141.52,-29.28,53.68
14.64,92.72,78.08,-53.68,-34.16,82.96,-97.6,-97.6,-78.08,-131.76,-24.4,58.56
4.88,97.6,92.72,-48.8,-43.92,92.72,-92.72,-82.96,-68.32,-126.88,-14.64,58.56
24.4,82.96,58.56,-53.68,-19.52,68.32,-102.48,-97.6,-78.08,-141.52,-29.28,43.92
19.52,68.32,48.8,-43.92,-14.64,58.56,-112.24,-102.48,-92.72,-156.16,-39.04,29.28
4.88,58.56,53.68,-29.28,-24.4,53.68,-112.24,-102.48,-92.72,-156.16,-39.04,19.52
-9.76,34.16,43.92,-9.76,-29.28,39.04,-107.36,-107.36,-97.6,-165.92,-58.56,9.76
-9.76,24.4,34.16,-4.88,-24.4,29.28,-112.24,-112.24,-117.12,-185.44,-73.2,-9.76
-19.52,19.52,39.04,0,-29.28,29.28,-112.24,-112.24,-122,-195.2,-78.08,-24.4
-14.64,14.64,29.28,0,-24.4,19.52,-112.24,-112.24,-112.24,-195.2,-82.96,-29.28
-19.52,0,19.52,9.76,-19.52,9.76,-102.48,-102.48,-112.24,-195.2,-87.84,-34.16
-29.28,-4.88,24.4,19.52,-29.28,9.76,-107.36,-107.36,-107.36,-195.2,-87.84,-34.16
-39.04,0,39.04,19.52,-39.04,19.52,-102.48,-97.6,-92.72,-180.56,-73.2,-14.64
-19.52,9.76,29.28,4.88,-24.4,19.52,-107.36,-102.48,-92.72,-180.56,-68.32,-9.76
-19.52,9.76,29.28,4.88,-24.4,19.52,-117.12,-112.24,-97.6,-180.56,-82.96,-14.64
-9.76,24.4,34.16,-4.88,-24.4,29.28,-102.48,-97.6,-87.84,-165.92,-73.2,-4.88
0,19.52,19.52,-9.76,-9.76,19.52,-102.48,-97.6,-82.96,-165.92,-63.44,-4.88
0,14.64,14.64,-4.88,-9.76,14.64,-117.12,-117.12,-92.72,-175.68,-68.32,-19.52
-9.76,9.76,19.52,0,-14.64,14.64,-117.12,-117.12,-92.72,-180.56,-68.32,-19.52
-4.88,-4.88,0,4.88,-4.88,-4.88,-117.12,-112.24,-92.72,-180.56,-73.2,-19.52
4.88,-9.76,-14.64,4.88,9.76,-14.64,-126.88,-126.88,-102.48,-195.2,-87.84,-29.28
-4.88,-4.88,0,4.88,-4.88,-4.88,-117.12,-117.12,-102.48,-190.32,-78.08,-19.52
-4.88,-14.64,-9.76,9.76,0,-14.64,-107.36,-97.6,-102.48,-190.32,-87.84,-34.16
-19.52,-9.76,9.76,14.64,-14.64,0,-78.08,-68.32,-97.6,-185.44,-87.84,-34.16
-34.16,9.76,43.92,14.64,-39.04,24.4,-53.68,-43.92,-68.32,-165.92,-73.2,-14.64
4.88,-4.88,-9.76,0,4.88,-9.76,-73.2,-63.44,-87.84,-185.44,-92.72,-39.04
-29.28,-24.4,4.88,29.28,-19.52,-9.76,-63.44,-53.68,-73.2,-170.8,-73.2,-24.4
-53.68,-24.4,29.28,39.04,-43.92,0,-53.68,-48.8,-58.56,-161.04,-63.44,-9.76
-39.04,0,39.04,19.52,-39.04,19.52,-68.32,-68.32,-73.2,-175.68,-68.32,-24.4
-19.52,4.88,24.4,9.76,-24.4,14.64,-82.96,-78.08,-82.96,-180.56,-73.2,-29.28
-43.92,-9.76,34.16,29.28,-39.04,9.76,-73.2,-63.44,-73.2,-170.8,-63.44,-14.64
-39.04,-9.76,29.28,24.4,-34.16,9.76,-73.2,-68.32,-73.2,-165.92,-63.44,-19.52
-43.92,-14.64,29.28,29.28,-39.04,4.88,-73.2,-73.2,-63.44,-161.04,-58.56,-14.64
-43.92,-14.64,29.28,29.28,-39.04,4.88,-78.08,-78.08,-68.32,-165.92,-63.44,-14.64
-29.28,0,29.28,14.64,-29.28,14.64,-82.96,-78.08,-78.08,-170.8,-63.44,-14.64
-34.16,-14.64,19.52,24.4,-29.28,0,-87.84,-82.96,-78.08,-170.8,-63.44,-14.64
-34.16,-19.52,14.64,29.28,-24.4,-4.88,-92.72,-87.84,-78.08,-170.8,-68.32,-19.52
-4.88,0,4.88,4.88,-4.88,0,-92.72,-82.96,-68.32,-165.92,-63.44,-9.76
9.76,14.64,4.88,-9.76,0,9.76,-87.84,-82.96,-63.44,-170.8,-53.68,-14.64
9.76,14.64,4.88,-9.76,0,9.76,-87.84,-87.84,-63.44,-165.92,-48.8,-14.64
-4.88,0,4.88,4.88,-4.88,0,-92.72,-92.72,-63.44,-165.92,-48.8,-9.76
-34.16,0,34.16,19.52,-34.16,14.64,-87.84,-82.96,-58.56,-151.28,-39.04,0
-24.4,9.76,34.16,9.76,-29.28,19.52,-82.96,-78.08,-48.8,-151.28,-39.04,4.88
-24.4,0,24.4,14.64,-24.4,9.76,-87.84,-87.84,-48.8,-151.28,-43.92,4.88
-24.4,-4.88,19.52,14.64,-24.4,4.88,-87.84,-87.84,-53.68,-156.16,-48.8,-4.88
-4.88,0,4.88,4.88,-4.88,0,-92.72,-92.72,-58.56,-156.16,-48.8,-9.76
0,-9.76,-9.76,4.88,4.88,-9.76,-82.96,-82.96,-53.68,-156.16,-43.92,-4.88
-19.52,-4.88,14.64,14.64,-19.52,4.88,-68.32,-68.32,-39.04,-146.4,-34.16,4.88
-9.76,9.76,19.52,0,-14.64,14.64,-73.2,-73.2,-43.92,-151.28,-34.16,-4.88
-9.76,39.04,48.8,-14.64,-29.28,43.92,-73.2,-73.2,-48.8,-151.28,-34.16,-4.88
-29.28,63.44,92.72,-14.64,-63.44,78.08,-53.68,-53.68,-34.16,-141.52,-19.52,9.76
-39.04,63.44,102.48,-9.76,-73.2,82.96,-48.8,-48.8,-34.16,-141.52,-14.64,9.76
-73.2,92.72,165.92,-9.76,-122,126.88,-29.28,-24.4,0,-112.24,19.52,39.04
-48.8,117.12,165.92,-34.16,-107.36,141.52,-39.04,-39.04,9.76,-97.6,29.28,48.8
-34.16,122,156.16,-43.92,-97.6,136.64,-34.16,-34.16,48.8,-58.56,63.44,68.32
-34.16,126.88,161.04,-43.92,-97.6,141.52,9.76,9.76,146.4,34.16,122,107.36
-14.64,141.52,156.16,-63.44,-87.84,146.4,34.16,34.16,204.96,87.84,170.8,156.16
9.76,170.8,161.04,-87.84,-78.08,165.92,9.76,9.76,219.6,122,234.24,224.48
63.44,219.6,156.16,-141.52,-48.8,185.44,-43.92,-43.92,204.96,200.08,351.36,326.96
107.36,283.04,175.68,-195.2,-34.16,229.36,-126.88,-122,151.28,312.32,522.16,478.24
156.16,361.12,204.96,-258.64,-24.4,283.04,-214.72,-209.84,78.08,448.96,727.12,673.44
170.8,434.32,263.52,-302.56,-48.8,346.48,-292.8,-292.8,14.64,580.72,936.96,883.28
200.08,502.64,302.56,-351.36,-53.68,400.16,-400.16,-400.16,-131.76,649.04,1102.88,1068.72
331.84,605.12,273.28,-468.48,29.28,439.2,-556.32,-556.32,-341.6,644.16,1210.24,1244.4
409.92,668.56,258.64,-536.8,73.2,463.6,-653.92,-653.92,-522.16,629.52,1302.96,1400.56
483.12,644.16,161.04,-561.2,161.04,400.16,-678.32,-678.32,-590.48,649.04,1322.48,1459.12
570.96,512.4,-58.56,-541.68,312.32,224.48,-629.52,-629.52,-556.32,741.76,1312.72,1449.36
624.64,346.48,-278.16,-483.12,448.96,34.16,-580.72,-575.84,-570.96,732,1195.6,1351.76
653.92,239.12,-414.8,-444.08,531.92,-87.84,-570.96,-570.96,-653.92,673.44,1083.36,1259.04
653.92,209.84,-444.08,-429.44,546.56,-117.12,-570.96,-566.08,-727.12,629.52,1019.92,1190.72
614.88,161.04,-453.84,-385.52,531.92,-146.4,-551.44,-541.68,-771.04,605.12,966.24,1083.36
551.44,107.36,-444.08,-326.96,497.76,-170.8,-512.4,-507.52,-839.36,502.64,888.16,941.84
463.6,82.96,-380.64,-273.28,419.68,-151.28,-448.96,-448.96,-873.52,351.36,756.4,761.28
375.76,43.92,-331.84,-209.84,351.36,-146.4,-375.76,-375.76,-854,244,610,566.08
331.84,0,-331.84,-165.92,331.84,-165.92,-287.92,-287.92,-834.48,97.6,424.56,326.96
209.84,-68.32,-278.16,-68.32,244,-175.68,-229.36,-224.48,-844.24,-151.28,151.28,87.84
82.96,-82.96,-165.92,0,122,-126.88,-175.68,-175.68,-858.88,-409.92,-112.24,-102.48
29.28,-73.2,-102.48,24.4,63.44,-87.84,-165.92,-161.04,-897.92,-614.88,-317.2,-219.6
-9.76,-82.96,-73.2,48.8,29.28,-78.08,-185.44,-175.68,-912.56,-717.36,-409.92,-278.16
-43.92,-112.24,-68.32,78.08,9.76,-92.72,-200.08,-200.08,-927.2,-766.16,-458.72,-307.44
-68.32,-156.16,-87.84,112.24,9.76,-122,-200.08,-200.08,-927.2,-800.32,-488,-331.84
-73.2,-195.2,-122,136.64,24.4,-161.04,-239.12,-239.12,-907.68,-795.44,-492.88,-341.6
-58.56,-195.2,-136.64,126.88,39.04,-165.92,-287.92,-292.8,-863.76,-746.64,-463.6,-331.84
-82.96,-170.8,-87.84,126.88,0,-131.76,-302.56,-302.56,-775.92,-663.68,-414.8,-302.56
-78.08,-141.52,-63.44,112.24,-9.76,-102.48,-287.92,-287.92,-649.04,-566.08,-341.6,-263.52
-43.92,-87.84,-43.92,68.32,0,-68.32,-248.88,-253.76,-522.16,-468.48,-287.92,-229.36
-39.04,-43.92,-4.88,43.92,-19.52,-24.4,-209.84,-214.72,-414.8,-395.28,-239.12,-204.96
-24.4,-14.64,9.76,19.52,-19.52,-4.88,-165.92,-165.92,-322.08,-326.96,-195.2,-175.68
-34.16,-14.64,19.52,24.4,-29.28,0,-131.76,-131.76,-239.12,-268.4,-156.16,-141.52
-24.4,-24.4,0,24.4,-14.64,-14.64,-112.24,-117.12,-175.68,-224.48,-131.76,-131.76
-34.16,-39.04,-4.88,39.04,-14.64,-24.4,-92.72,-87.84,-102.48,-170.8,-102.48,-112.24
-24.4,-39.04,-14.64,34.16,-4.88,-29.28,-73.2,-68.32,-29.28,-107.36,-68.32,-87.84
14.64,-29.28,-43.92,9.76,29.28,-39.04,-58.56,-53.68,19.52,-73.2,-53.68,-78.08
-4.88,-34.16,-29.28,19.52,9.76,-34.16,-39.04,-29.28,68.32,-48.8,-34.16,-58.56
-9.76,-34.16,-24.4,24.4,4.88,-29.28,-29.28,-19.52,78.08,-39.04,-29.28,-63.44
9.76,-9.76,-19.52,0,14.64,-14.64,-9.76,0,97.6,-29.28,-19.52,-63.44
14.64,4.88,-9.76,-9.76,9.76,-4.88,-4.88,4.88,107.36,-24.4,-14.64,-63.44
9.76,4.88,-4.88,-4.88,4.88,0,-9.76,0,107.36,-29.28,-19.52,-63.44
4.88,9.76,4.88,-4.88,0,4.88,-9.76,-4.88,107.36,-29.28,-19.52,-68.32
9.76,0,-9.76,-4.88,9.76,-4.88,-14.64,-9.76,117.12,-19.52,-14.64,-63.44
0,4.88,4.88,0,-4.88,4.88,-4.88,-4.88,122,-9.76,-4.88,-48.8
4.88,4.88,0,-4.88,0,0,-4.88,4.88,131.76,-4.88,0,-39.04
29.28,4.88,-24.4,-14.64,24.4,-9.76,-9.76,0,136.64,-4.88,0,-43.92
34.16,9.76,-24.4,-19.52,29.28,-9.76,-9.76,-9.76,136.64,0,0,-43.92
-14.64,-14.64,0,14.64,-9.76,-9.76,0,0,146.4,0,4.88,-48.8
-43.92,-29.28,14.64,39.04,-29.28,-9.76,4.88,4.88,156.16,9.76,9.76,-53.68
4.88,-4.88,-9.76,0,4.88,-9.76,-4.88,-4.88,156.16,0,0,-58.56
-4.88,0,4.88,4.88,-4.88,0,-4.88,0,161.04,0,0,-53.68
4.88,-4.88,-9.76,0,4.88,-9.76,-9.76,-9.76,161.04,4.88,-4.88,-53.68
14.64,0,-14.64,-4.88,14.64,-9.76,-14.64,-14.64,165.92,9.76,0,-53.68
-4.88,-9.76,-4.88,9.76,0,-9.76,-4.88,0,170.8,14.64,0,-48.8
9.76,0,-9.76,-4.88,9.76,-4.88,4.88,4.88,180.56,29.28,14.64,-29.28
9.76,0,-9.76,-4.88,9.76,-4.88,0,4.88,185.44,34.16,24.4,-24.4
0,-4.88,-4.88,4.88,0,-4.88,4.88,4.88,185.44,29.28,24.4,-29.28
19.52,9.76,-9.76,-14.64,14.64,0,0,-4.88,175.68,24.4,19.52,-34.16
19.52,19.52,0,-19.52,9.76,9.76,4.88,4.88,195.2,39.04,24.4,-24.4
24.4,24.4,0,-24.4,9.76,9.76,4.88,9.76,200.08,39.04,14.64,-24.4
24.4,19.52,-4.88,-19.52,14.64,4.88,-4.88,-4.88,195.2,34.16,14.64,-39.04
14.64,9.76,-4.88,-9.76,9.76,0,-4.88,-4.88,200.08,43.92,29.28,-34.16
24.4,24.4,0,-24.4,9.76,9.76,0,0,214.72,53.68,39.04,-24.4
0,19.52,19.52,-9.76,-9.76,19.52,14.64,19.52,234.24,73.2,48.8,-9.76
9.76,14.64,4.88,-9.76,0,9.76,9.76,9.76,229.36,63.44,43.92,-14.64
19.52,0,-19.52,-9.76,19.52,-9.76,9.76,14.64,224.48,63.44,39.04,-19.52
-4.88,-19.52,-14.64,14.64,4.88,-19.52,9.76,14.64,229.36,63.44,34.16,-29.28
4.88,-19.52,-24.4,9.76,14.64,-24.4,4.88,9.76,224.48,53.68,29.28,-29.28
-4.88,-4.88,0,4.88,-4.88,-4.88,14.64,24.4,239.12,68.32,34.16,-29.28
-24.4,-9.76,14.64,19.52,-19.52,0,14.64,29.28,248.88,68.32,29.28,-34.16
0,4.88,4.88,0,-4.88,4.88,14.64,24.4,248.88,63.44,29.28,-43.92
24.4,-14.64,-39.04,-4.88,29.28,-29.28,9.76,19.52,253.76,63.44,19.52,-53.68
24.4,-9.76,-34.16,-4.88,29.28,-24.4,19.52,24.4,263.52,68.32,29.28,-43.92
14.64,24.4,9.76,-19.52,0,14.64,39.04,43.92,283.04,92.72,48.8,-24.4
19.52,14.64,-4.88,-14.64,9.76,4.88,34.16,34.16,278.16,92.72,43.92,-29.28
34.16,0,-34.16,-14.64,34.16,-19.52,29.28,34.16,283.04,97.6,43.92,-29.28
29.28,-4.88,-34.16,-9.76,29.28,-19.52,34.16,39.04,287.92,97.6,43.92,-29.28
39.04,4.88,-34.16,-19.52,34.16,-14.64,29.28,34.16,283.04,92.72,39.04,-39.04
39.04,4.88,-34.16,-19.52,34.16,-14.64,29.28,39.04,292.8,97.6,43.92,-39.04
29.28,-9.76,-39.04,-9.76,34.16,-24.4,43.92,43.92,297.68,102.48,39.04,-43.92
0,-9.76,-9.76,4.88,4.88,-9.76,48.8,43.92,312.32,112.24,43.92,-34.16
19.52,4.88,-14.64,-9.76,14.64,-4.88,43.92,43.92,317.2,122,53.68,-24.4
4.88,4.88,0,-4.88,0,0,58.56,58.56,336.72,141.52,63.44,-9.76
0,9.76,9.76,-4.88,-4.88,9.76,73.2,73.2,336.72,146.4,73.2,-4.88
-19.52,0,19.52,9.76,-19.52,9.76,73.2,78.08,341.6,156.16,78.08,-14.64
-48.8,-19.52,29.28,34.16,-39.04,4.88,78.08,82.96,356.24,161.04,78.08,-9.76
9.76,-4.88,-14.64,0,9.76,-9.76,73.2,73.2,346.48,151.28,68.32,-19.52
39.04,-4.88,-43.92,-14.64,39.04,-24.4,68.32,68.32,341.6,146.4,58.56,-43.92
43.92,-19.52,-63.44,-9.76,53.68,-43.92,63.44,63.44,346.48,141.52,43.92,-63.44
29.28,-14.64,-43.92,-4.88,34.16,-29.28,63.44,63.44,351.36,141.52,43.92,-63.44
14.64,0,-14.64,-4.88,14.64,-9.76,73.2,68.32,366,156.16,58.56,-43.92
4.88,4.88,0,-4.88,0,0,87.84,82.96,375.76,180.56,78.08,-19.52
14.64,4.88,-9.76,-9.76,9.76,-4.88,82.96,82.96,385.52,185.44,73.2,-24.4
48.8,19.52,-29.28,-34.16,39.04,-4.88,82.96,82.96,385.52,190.32,78.08,-19.52
43.92,19.52,-24.4,-29.28,34.16,-4.88,78.08,78.08,390.4,195.2,82.96,-19.52
29.28,4.88,-24.4,-14.64,24.4,-9.76,82.96,78.08,400.16,200.08,82.96,-14.64
29.28,0,-29.28,-14.64,29.28,-14.64,87.84,87.84,414.8,214.72,92.72,-9.76
53.68,14.64,-39.04,-34.16,43.92,-14.64,97.6,102.48,424.56,224.48,92.72,-4.88
82.96,24.4,-58.56,-53.68,68.32,-19.52,92.72,92.72,424.56,224.48,82.96,-14.64
73.2,19.52,-53.68,-43.92,63.44,-19.52,92.72,92.72,439.2,229.36,82.96,-19.52
39.04,0,-39.04,-19.52,39.04,-19.52,82.96,82.96,434.32,224.48,82.96,-29.28
53.68,0,-53.68,-24.4,53.68,-29.28,78.08,78.08,434.32,229.36,97.6,-29.28
39.04,19.52,-19.52,-29.28,29.28,0,102.48,102.48,463.6,263.52,122,-4.88
39.04,14.64,-24.4,-24.4,29.28,-4.88,107.36,107.36,468.48,268.4,126.88,-4.88
48.8,19.52,-29.28,-34.16,39.04,-4.88,107.36,107.36,478.24,278.16,126.88,-4.88
43.92,19.52,-24.4,-29.28,34.16,-4.88,117.12,117.12,502.64,297.68,141.52,9.76
58.56,19.52,-39.04,-39.04,48.8,-9.76,112.24,112.24,502.64,302.56,131.76,0
73.2,24.4,-48.8,-48.8,58.56,-14.64,107.36,112.24,507.52,312.32,136.64,4.88
73.2,24.4,-48.8,-48.8,58.56,-14.64,102.48,112.24,512.4,317.2,141.52,4.88
48.8,9.76,-39.04,-29.28,43.92,-14.64,112.24,112.24,527.04,322.08,131.76,4.88
24.4,9.76,-14.64,-14.64,19.52,-4.88,117.12,112.24,541.68,326.96,131.76,4.88
19.52,14.64,-4.88,-14.64,9.76,4.88,122,122,556.32,346.48,156.16,14.64
58.56,19.52,-39.04,-39.04,48.8,-9.76,117.12,122,566.08,356.24,165.92,14.64
68.32,14.64,-53.68,-39.04,58.56,-19.52,122,122,570.96,366,170.8,14.64
68.32,19.52,-48.8,-43.92,58.56,-14.64,126.88,126.88,595.36,385.52,185.44,29.28
68.32,14.64,-53.68,-39.04,58.56,-19.52,126.88,131.76,605.12,400.16,190.32,29.28
63.44,14.64,-48.8,-39.04,53.68,-19.52,131.76,131.76,614.88,409.92,195.2,24.4
68.32,24.4,-43.92,-43.92,53.68,-9.76,136.64,141.52,624.64,424.56,204.96,34.16
63.44,29.28,-34.16,-43.92,48.8,-4.88,136.64,141.52,639.28,434.32,204.96,39.04
73.2,29.28,-43.92,-48.8,58.56,-9.76,136.64,136.64,653.92,444.08,209.84,39.04
92.72,48.8,-43.92,-68.32,68.32,0,136.64,136.64,663.68,453.84,209.84,39.04
97.6,48.8,-48.8,-73.2,73.2,0,141.52,141.52,678.32,478.24,224.48,58.56
87.84,39.04,-48.8,-63.44,68.32,-4.88,146.4,146.4,697.84,492.88,239.12,68.32
73.2,29.28,-43.92,-48.8,58.56,-9.76,151.28,151.28,707.6,502.64,248.88,78.08
73.2,14.64,-58.56,-43.92,63.44,-24.4,136.64,141.52,707.6,507.52,244,68.32
82.96,9.76,-73.2,-43.92,78.08,-34.16,136.64,146.4,707.6,522.16,244,73.2
107.36,43.92,-63.44,-73.2,82.96,-9.76,136.64,146.4,722.24,527.04,239.12,68.32
97.6,43.92,-53.68,-68.32,73.2,-4.88,131.76,141.52,722.24,531.92,244,63.44
97.6,43.92,-53.68,-68.32,73.2,-4.88,136.64,136.64,736.88,546.56,253.76,73.2
82.96,19.52,-63.44,-48.8,73.2,-24.4,141.52,141.52,751.52,561.2,273.28,82.96
87.84,34.16,-53.68,-58.56,68.32,-9.76,146.4,146.4,761.28,570.96,278.16,82.96
122,63.44,-58.56,-92.72,87.84,0,141.52,136.64,766.16,580.72,278.16,92.72
112.24,53.68,-58.56,-82.96,82.96,-4.88,141.52,136.64,775.92,590.48,278.16,92.72
117.12,53.68,-63.44,-82.96,87.84,-4.88,146.4,146.4,775.92,605.12,292.8,102.48
165.92,68.32,-97.6,-117.12,131.76,-14.64,131.76,131.76,771.04,605.12,292.8,92.72
117.12,53.68,-63.44,-82.96,87.84,-4.88,136.64,136.64,785.68,619.76,302.56,112.24
73.2,63.44,-9.76,-68.32,39.04,24.4,156.16,151.28,810.08,639.28,326.96,131.76
78.08,63.44,-14.64,-68.32,43.92,24.4,151.28,156.16,805.2,649.04,322.08,126.88
87.84,53.68,-34.16,-68.32,58.56,9.76,136.64,146.4,795.44,644.16,307.44,117.12
117.12,58.56,-58.56,-87.84,87.84,0,126.88,126.88,795.44,634.4,302.56,102.48
122,68.32,-53.68,-92.72,87.84,4.88,122,122,795.44,639.28,287.92,102.48
126.88,73.2,-53.68,-97.6,87.84,9.76,117.12,122,790.56,653.92,297.68,107.36
131.76,78.08,-53.68,-102.48,92.72,9.76,117.12,122,800.32,658.8,312.32,112.24
117.12,73.2,-43.92,-92.72,78.08,14.64,122,122,800.32,663.68,312.32,122
102.48,78.08,-24.4,-87.84,63.44,24.4,131.76,131.76,805.2,678.32,336.72,136.64
107.36,73.2,-34.16,-87.84,68.32,19.52,122,126.88,805.2,683.2,336.72,131.76
102.48,58.56,-43.92,-78.08,73.2,4.88,126.88,122,800.32,678.32,336.72,141.52
136.64,63.44,-73.2,-97.6,102.48,-4.88,107.36,107.36,780.8,668.56,322.08,126.88
102.48,48.8,-53.68,-73.2,78.08,-4.88,102.48,102.48,780.8,663.68,312.32,107.36
92.72,53.68,-39.04,-73.2,63.44,4.88,107.36,102.48,785.68,668.56,317.2,122
131.76,82.96,-48.8,-107.36,87.84,14.64,107.36,107.36,780.8,673.44,326.96,131.76
131.76,97.6,-34.16,-112.24,82.96,29.28,102.48,107.36,780.8,683.2,336.72,136.64
136.64,97.6,-39.04,-117.12,87.84,29.28,97.6,102.48,775.92,683.2,336.72,141.52
151.28,87.84,-63.44,-117.12,107.36,9.76,82.96,87.84,766.16,678.32,331.84,141.52
151.28,82.96,-68.32,-117.12,107.36,4.88,78.08,82.96,751.52,673.44,326.96,136.64
131.76,92.72,-39.04,-112.24,82.96,24.4,73.2,73.2,746.64,668.56,322.08,146.4
122,102.48,-19.52,-112.24,68.32,39.04,82.96,78.08,746.64,673.44,322.08,161.04
112.24,87.84,-24.4,-97.6,68.32,29.28,73.2,73.2,732,663.68,326.96,156.16
107.36,73.2,-34.16,-87.84,68.32,19.52,48.8,48.8,702.72,634.4,312.32,136.64
107.36,78.08,-29.28,-92.72,68.32,24.4,39.04,39.04,683.2,619.76,307.44,131.76
122,92.72,-29.28,-107.36,73.2,29.28,39.04,39.04,673.44,614.88,307.44,136.64
117.12,87.84,-29.28,-102.48,73.2,29.28,29.28,24.4,653.92,605.12,292.8,131.76
146.4,97.6,-48.8,-122,97.6,24.4,9.76,14.64,629.52,575.84,268.4,117.12
126.88,102.48,-24.4,-112.24,73.2,39.04,14.64,19.52,619.76,570.96,292.8,131.76
73.2,92.72,19.52,-82.96,24.4,53.68,19.52,24.4,605.12,566.08,302.56,141.52
63.44,87.84,24.4,-73.2,19.52,53.68,14.64,19.52,590.48,556.32,312.32,146.4
122,112.24,-9.76,-117.12,63.44,48.8,-4.88,0,551.44,517.28,283.04,131.76
117.12,107.36,-9.76,-112.24,63.44,48.8,-9.76,-9.76,522.16,488,268.4,126.88
78.08,97.6,19.52,-87.84,29.28,58.56,-9.76,-9.76,497.76,463.6,258.64,117.12
68.32,92.72,24.4,-78.08,19.52,58.56,-24.4,-24.4,468.48,434.32,248.88,117.12
82.96,97.6,14.64,-87.84,34.16,53.68,-29.28,-29.28,439.2,409.92,234.24,117.12
87.84,117.12,29.28,-102.48,29.28,73.2,-34.16,-34.16,419.68,395.28,229.36,117.12
73.2,107.36,34.16,-87.84,19.52,68.32,-39.04,-39.04,395.28,370.88,219.6,112.24
63.44,107.36,43.92,-82.96,9.76,73.2,-48.8,-48.8,366,331.84,204.96,107.36
63.44,97.6,34.16,-78.08,14.64,63.44,-43.92,-43.92,341.6,312.32,195.2,97.6
63.44,97.6,34.16,-78.08,14.64,63.44,-48.8,-48.8,317.2,287.92,180.56,92.72
68.32,82.96,14.64,-73.2,24.4,48.8,-48.8,-43.92,302.56,268.4,180.56,92.72
58.56,73.2,14.64,-63.44,19.52,43.92,-53.68,-53.68,268.4,244,161.04,87.84
29.28,82.96,53.68,-53.68,-14.64,68.32,-63.44,-58.56,244,219.6,146.4,73.2
24.4,78.08,53.68,-48.8,-14.64,63.44,-68.32,-68.32,229.36,190.32,136.64,73.2
63.44,68.32,4.88,-63.44,29.28,34.16,-73.2,-78.08,200.08,161.04,107.36,58.56
39.04,68.32,29.28,-53.68,4.88,48.8,-73.2,-78.08,185.44,151.28,107.36,58.56
0,63.44,63.44,-29.28,-34.16,63.44,-68.32,-73.2,165.92,136.64,117.12,68.32
24.4,53.68,29.28,-39.04,-4.88,39.04,-78.08,-78.08,146.4,117.12,112.24,63.44
34.16,58.56,24.4,-43.92,4.88,39.04,-78.08,-78.08,126.88,97.6,107.36,58.56
24.4,58.56,34.16,-39.04,-4.88,43.92,-73.2,-73.2,117.12,82.96,102.48,53.68
-4.88,48.8,53.68,-19.52,-29.28,48.8,-63.44,-63.44,112.24,78.08,97.6,53.68
9.76,53.68,43.92,-29.28,-19.52,48.8,-63.44,-63.44,97.6,58.56,87.84,43.92
9.76,43.92,34.16,-24.4,-14.64,39.04,-63.44,-63.44,82.96,43.92,73.2,34.16
14.64,43.92,29.28,-29.28,-9.76,34.16,-63.44,-63.44,78.08,29.28,68.32,34.16
24.4,48.8,24.4,-34.16,0,34.16,-73.2,-63.44,63.44,19.52,63.44,29.28
4.88,43.92,39.04,-24.4,-19.52,39.04,-73.2,-63.44,53.68,9.76,53.68,19.52
14.64,39.04,24.4,-24.4,-4.88,29.28,-68.32,-68.32,43.92,-4.88,39.04,9.76
14.64,34.16,19.52,-24.4,-4.88,24.4,-68.32,-68.32,39.04,-9.76,34.16,0
-4.88,19.52,24.4,-4.88,-14.64,19.52,-68.32,-63.44,24.4,-14.64,24.4,-9.76
-14.64,14.64,29.28,0,-24.4,19.52,-68.32,-63.44,24.4,-19.52,19.52,-14.64
-14.64,9.76,24.4,4.88,-19.52,14.64,-63.44,-58.56,24.4,-24.4,24.4,-4.88
4.88,24.4,19.52,-14.64,-9.76,19.52,-63.44,-53.68,14.64,-34.16,14.64,-4.88
9.76,19.52,9.76,-14.64,0,14.64,-58.56,-53.68,9.76,-34.16,19.52,-9.76
9.76,19.52,9.76,-14.64,0,14.64,-63.44,-58.56,4.88,-43.92,9.76,-9.76
-9.76,0,9.76,4.88,-9.76,4.88,-58.56,-58.56,0,-43.92,0,-14.64
-9.76,19.52,29.28,-4.88,-19.52,24.4,-53.68,-53.68,0,-39.04,4.88,-9.76
29.28,14.64,-14.64,-19.52,19.52,0,-58.56,-58.56,-9.76,-53.68,-4.88,-19.52
0,4.88,4.88,0,-4.88,4.88,-58.56,-58.56,-9.76,-53.68,-4.88,-14.64
-14.64,4.88,19.52,4.88,-19.52,9.76,-43.92,-48.8,-4.88,-53.68,0,-14.64
-4.88,4.88,9.76,0,-9.76,4.88,-39.04,-43.92,-4.88,-43.92,0,-19.52
-19.52,-4.88,14.64,14.64,-19.52,4.88,-43.92,-48.8,-14.64,-53.68,-9.76,-34.16
-24.4,-14.64,9.76,19.52,-19.52,-4.88,-48.8,-48.8,-24.4,-68.32,-24.4,-39.04
-14.64,-9.76,4.88,14.64,-9.76,-4.88,-43.92,-43.92,-24.4,-63.44,-19.52,-34.16
-19.52,-4.88,14.64,14.64,-19.52,4.88,-39.04,-34.16,-14.64,-58.56,-19.52,-29.28
-14.64,-4.88,9.76,9.76,-14.64,0,-29.28,-29.28,-9.76,-58.56,-29.28,-24.4
-14.64,-9.76,4.88,14.64,-9.76,-4.88,-39.04,-34.16,-14.64,-63.44,-34.16,-29.28
0,0,0,0,0,0,-39.04,-34.16,-14.64,-63.44,-24.4,-29.28
19.52,19.52,0,-19.52,9.76,9.76,-34.16,-29.28,-9.76,-53.68,-14.64,-24.4
9.76,4.88,-4.88,-4.88,4.88,0,-29.28,-24.4,-9.76,-58.56,-24.4,-24.4
-34.16,-4.88,29.28,19.52,-34.16,9.76,-9.76,-9.76,0,-39.04,-9.76,-9.76
-34.16,-39.04,-4.88,39.04,-14.64,-24.4,0,-4.88,9.76,-34.16,0,-4.88
-14.64,-43.92,-29.28,29.28,4.88,-39.04,-14.64,-24.4,-9.76,-53.68,-19.52,-29.28
-19.52,-19.52,0,19.52,-9.76,-9.76,-19.52,-24.4,-19.52,-58.56,-24.4,-34.16
-9.76,-9.76,0,9.76,-4.88,-4.88,-14.64,-9.76,-9.76,-53.68,-19.52,-24.4
-34.16,-9.76,24.4,24.4,-29.28,4.88,-4.88,-4.88,0,-48.8,-9.76,-19.52
-24.4,-4.88,19.52,14.64,-24.4,4.88,-9.76,-9.76,-9.76,-48.8,-9.76,-24.4
-4.88,0,4.88,4.88,-4.88,0,-4.88,-4.88,0,-39.04,-4.88,-19.52
-4.88,0,4.88,4.88,-4.88,0,-4.88,-4.88,4.88,-39.04,-4.88,-14.64
-14.64,-4.88,9.76,9.76,-14.64,0,0,0,0,-43.92,-4.88,-19.52
-48.8,-19.52,29.28,34.16,-39.04,4.88,0,0,4.88,-34.16,0,-19.52
-14.64,-24.4,-9.76,19.52,-4.88,-19.52,0,-4.88,9.76,-39.04,-4.88,-24.4
0,-14.64,-14.64,9.76,4.88,-14.64,0,-4.88,4.88,-43.92,-9.76,-29.28
-24.4,-14.64,9.76,19.52,-19.52,-4.88,4.88,0,4.88,-43.92,-9.76,-29.28
-34.16,-14.64,19.52,24.4,-29.28,0,4.88,0,4.88,-43.92,-9.76,-29.28
-34.16,-29.28,4.88,34.16,-19.52,-14.64,0,-4.88,0,-48.8,-24.4,-39.04
-14.64,-24.4,-9.76,19.52,-4.88,-19.52,0,4.88,4.88,-43.92,-19.52,-39.04
-19.52,-24.4,-4.88,24.4,-9.76,-14.64,4.88,4.88,9.76,-48.8,-19.52,-39.04
-34.16,-24.4,9.76,29.28,-24.4,-9.76,4.88,4.88,14.64,-43.92,-14.64,-48.8
-24.4,-19.52,4.88,24.4,-14.64,-9.76,9.76,14.64,19.52,-43.92,-14.64,-43.92
-9.76,-24.4,-14.64,19.52,0,-19.52,0,4.88,14.64,-43.92,-24.4,-43.92
-19.52,-29.28,-9.76,24.4,-4.88,-19.52,4.88,9.76,19.52,-43.92,-14.64,-29.28
-19.52,-14.64,4.88,19.52,-14.64,-4.88,14.64,14.64,24.4,-34.16,0,-24.4
-29.28,-24.4,4.88,29.28,-19.52,-9.76,14.64,9.76,19.52,-39.04,-4.88,-24.4
-39.04,-29.28,9.76,34.16,-24.4,-9.76,14.64,9.76,24.4,-34.16,-4.88,-24.4
-9.76,-24.4,-14.64,19.52,0,-19.52,4.88,9.76,24.4,-43.92,-14.64,-29.28
-14.64,-19.52,-4.88,19.52,-4.88,-14.64,4.88,4.88,19.52,-39.04,-14.64,-39.04
-29.28,-9.76,19.52,19.52,-24.4,4.88,9.76,14.64,29.28,-34.16,-9.76,-34.16
4.88,4.88,0,-4.88,0,0,9.76,9.76,34.16,-34.16,-9.76,-39.04
-14.64,0,14.64,9.76,-14.64,4.88,19.52,24.4,34.16,-29.28,-9.76,-43.92
-14.64,0,14.64,9.76,-14.64,4.88,19.52,24.4,29.28,-19.52,-9.76,-39.04
0,-14.64,-14.64,9.76,4.88,-14.64,9.76,9.76,19.52,-39.04,-19.52,-48.8
4.88,-19.52,-24.4,9.76,14.64,-24.4,4.88,9.76,14.64,-43.92,-24.4,-58.56
0,-19.52,-19.52,9.76,9.76,-19.52,19.52,14.64,24.4,-43.92,-19.52,-53.68
-29.28,-24.4,4.88,29.28,-19.52,-9.76,24.4,19.52,29.28,-34.16,-19.52,-43.92
-48.8,-24.4,24.4,39.04,-39.04,0,29.28,29.28,34.16,-29.28,-14.64,-39.04
-48.8,-19.52,29.28,34.16,-39.04,4.88,34.16,34.16,39.04,-24.4,-9.76,-34.16
-58.56,-39.04,19.52,48.8,-39.04,-9.76,24.4,24.4,19.52,-34.16,-24.4,-43.92
-39.04,-34.16,4.88,39.04,-24.4,-14.64,39.04,39.04,19.52,-34.16,-19.52,-43.92
-34.16,-29.28,4.88,34.16,-19.52,-14.64,53.68,53.68,24.4,-34.16,-14.64,-34.16
-24.4,-19.52,4.88,24.4,-14.64,-9.76,53.68,53.68,29.28,-24.4,-4.88,-29.28
-9.76,-19.52,-9.76,14.64,0,-14.64,48.8,48.8,29.28,-29.28,-9.76,-29.28
-9.76,-39.04,-29.28,24.4,9.76,-34.16,39.04,39.04,14.64,-39.04,-29.28,-43.92
-14.64,-29.28,-14.64,24.4,0,-24.4,43.92,39.04,19.52,-39.04,-29.28,-39.04
-14.64,-9.76,4.88,14.64,-9.76,-4.88,53.68,48.8,24.4,-24.4,-9.76,-24.4
-14.64,-4.88,9.76,9.76,-14.64,0,43.92,39.04,19.52,-34.16,-24.4,-29.28
-4.88,-24.4,-19.52,14.64,4.88,-24.4,34.16,34.16,9.76,-39.04,-29.28,-34.16
-39.04,-24.4,14.64,34.16,-29.28,-4.88,39.04,39.04,19.52,-39.04,-19.52,-34.16
-58.56,-24.4,34.16,43.92,-48.8,4.88,53.68,53.68,34.16,-19.52,0,-19.52
-48.8,-14.64,34.16,34.16,-43.92,9.76,58.56,63.44,34.16,-19.52,4.88,-19.52
-19.52,-4.88,14.64,14.64,-19.52,4.88,48.8,58.56,24.4,-24.4,4.88,-19.52
-24.4,-9.76,14.64,19.52,-19.52,0,43.92,53.68,19.52,-29.28,0,-24.4
-43.92,-29.28,14.64,39.04,-29.28,-9.76,48.8,53.68,14.64,-24.4,4.88,-19.52
-34.16,-29.28,4.88,34.16,-19.52,-14.64,34.16,43.92,4.88,-39.04,-14.64,-34.16
-9.76,-24.4,-14.64,19.52,0,-19.52,34.16,34.16,0,-48.8,-24.4,-39.04
9.76,0,-9.76,-4.88,9.76,-4.88,29.28,29.28,0,-48.8,-29.28,-39.04
-34.16,-9.76,24.4,24.4,-29.28,4.88,48.8,53.68,9.76,-39.04,-34.16,-24.4
-58.56,-39.04,19.52,48.8,-39.04,-9.76,53.68,63.44,9.76,-39.04,-29.28,-24.4
-48.8,-34.16,14.64,43.92,-34.16,-9.76,43.92,53.68,0,-43.92,-14.64,-19.52
-24.4,-14.64,9.76,19.52,-19.52,-4.88,39.04,43.92,-4.88,-48.8,-19.52,-29.28
-29.28,-19.52,9.76,24.4,-19.52,-4.88,29.28,39.04,-14.64,-58.56,-34.16,-48.8
-29.28,-29.28,0,29.28,-14.64,-14.64,39.04,43.92,-9.76,-53.68,-29.28,-48.8
-4.88,-24.4,-19.52,14.64,4.88,-24.4,48.8,48.8,-9.76,-53.68,-29.28,-34.16
-24.4,-29.28,-4.88,29.28,-9.76,-19.52,48.8,48.8,-9.76,-53.68,-34.16,-34.16
-9.76,-29.28,-19.52,19.52,4.88,-24.4,39.04,39.04,-19.52,-63.44,-39.04,-43.92
-19.52,-29.28,-9.76,24.4,-4.88,-19.52,39.04,34.16,-19.52,-68.32,-43.92,-39.04
-29.28,-24.4,4.88,29.28,-19.52,-9.76,39.04,39.04,-19.52,-68.32,-43.92,-39.04
-48.8,-29.28,19.52,39.04,-34.16,-4.88,34.16,39.04,-19.52,-58.56,-29.28,-34.16
-73.2,-39.04,34.16,58.56,-53.68,-4.88,39.04,39.04,-19.52,-58.56,-24.4,-24.4
-48.8,-34.16,14.64,43.92,-34.16,-9.76,39.04,39.04,-19.52,-63.44,-29.28,-29.28
-4.88,-24.4,-19.52,14.64,4.88,-24.4,34.16,34.16,-29.28,-68.32,-39.04,-29.28
-19.52,-34.16,-14.64,29.28,-4.88,-24.4,34.16,34.16,-34.16,-78.08,-43.92,-29.28
-34.16,-39.04,-4.88,39.04,-14.64,-24.4,34.16,34.16,-39.04,-82.96,-53.68,-34.16
-53.68,-34.16,19.52,43.92,-39.04,-9.76,43.92,43.92,-34.16,-78.08,-43.92,-24.4
-39.04,-43.92,-4.88,43.92,-19.52,-24.4,39.04,34.16,-48.8,-87.84,-48.8,-34.16
-34.16,-29.28,4.88,34.16,-19.52,-14.64,53.68,53.68,-39.04,-78.08,-39.04,-19.52
-34.16,-19.52,14.64,29.28,-24.4,-4.88,63.44,68.32,-24.4,-68.32,-24.4,-4.88
-39.04,-14.64,24.4,29.28,-34.16,4.88,58.56,58.56,-34.16,-68.32,-29.28,-19.52
-19.52,-24.4,-4.88,24.4,-9.76,-14.64,53.68,53.68,-43.92,-78.08,-39.04,-19.52
-14.64,-34.16,-19.52,24.4,0,-29.28,43.92,43.92,-58.56,-92.72,-53.68,-43.92
-24.4,-39.04,-14.64,34.16,-4.88,-29.28,43.92,43.92,-58.56,-92.72,-53.68,-48.8
-63.44,-43.92,19.52,53.68,-43.92,-14.64,58.56,58.56,-48.8,-82.96,-43.92,-34.16
-39.04,-48.8,-9.76,43.92,-14.64,-29.28,53.68,53.68,-58.56,-87.84,-58.56,-39.04
-24.4,-39.04,-14.64,34.16,-4.88,-29.28,48.8,48.8,-63.44,-92.72,-68.32,-48.8
-24.4,-48.8,-24.4,39.04,0,-39.04,39.04,34.16,-73.2,-102.48,-73.2,-53.68
-4.88,-39.04,-34.16,24.4,14.64,-39.04,39.04,39.04,-73.2,-107.36,-68.32,-53.68
-24.4,-34.16,-9.76,29.28,-9.76,-24.4,48.8,48.8,-63.44,-92.72,-53.68,-48.8
-63.44,-34.16,29.28,48.8,-48.8,-4.88,58.56,58.56,-53.68,-82.96,-39.04,-39.04
-68.32,-39.04,29.28,53.68,-48.8,-4.88,58.56,58.56,-43.92,-73.2,-34.16,-29.28
-43.92,-34.16,9.76,39.04,-29.28,-14.64,58.56,63.44,-53.68,-73.2,-39.04,-19.52
-48.8,-43.92,4.88,48.8,-29.28,-19.52,53.68,53.68,-63.44,-82.96,-48.8,-29.28
-73.2,-48.8,24.4,63.44,-48.8,-14.64,58.56,63.44,-58.56,-78.08,-34.16,-24.4
-53.68,-53.68,0,53.68,-29.28,-29.28,53.68,58.56,-68.32,-82.96,-39.04,-24.4
-48.8,-58.56,-9.76,53.68,-19.52,-34.16,53.68,48.8,-73.2,-92.72,-48.8,-34.16
-43.92,-48.8,-4.88,48.8,-19.52,-29.28,53.68,48.8,-78.08,-102.48,-53.68,-48.8
-34.16,-48.8,-14.64,43.92,-9.76,-34.16,48.8,48.8,-78.08,-97.6,-58.56,-53.68
-34.16,-48.8,-14.64,43.92,-9.76,-34.16,53.68,53.68,-82.96,-97.6,-58.56,-53.68
-58.56,-43.92,14.64,53.68,-39.04,-14.64,58.56,58.56,-68.32,-87.84,-53.68,-48.8
-63.44,-43.92,19.52,53.68,-43.92,-14.64,63.44,63.44,-68.32,-78.08,-48.8,-39.04
-29.28,-43.92,-14.64,39.04,-9.76,-29.28,48.8,48.8,-78.08,-92.72,-58.56,-43.92
-24.4,-43.92,-19.52,34.16,-4.88,-34.16,43.92,43.92,-82.96,-102.48,-63.44,-43.92
-39.04,-48.8,-9.76,43.92,-14.64,-29.28,53.68,58.56,-73.2,-92.72,-53.68,-39.04
-48.8,-63.44,-14.64,58.56,-19.52,-39.04,58.56,63.44,-73.2,-92.72,-53.68,-39.04
-73.2,-87.84,-14.64,82.96,-29.28,-53.68,63.44,73.2,-68.32,-92.72,-63.44,-34.16
-63.44,-68.32,-4.88,68.32,-29.28,-39.04,48.8,53.68,-82.96,-107.36,-78.08,-48.8
-82.96,-73.2,9.76,78.08,-48.8,-34.16,39.04,43.92,-97.6,-112.24,-73.2,-53.68
-78.08,-82.96,-4.88,82.96,-39.04,-43.92,43.92,48.8,-87.84,-102.48,-63.44,-43.92
-58.56,-68.32,-9.76,63.44,-24.4,-39.04,43.92,48.8,-92.72,-107.36,-68.32,-53.68
-68.32,-68.32,0,68.32,-34.16,-34.16,43.92,48.8,-87.84,-92.72,-63.44,-58.56
-53.68,-63.44,-9.76,58.56,-24.4,-39.04,48.8,58.56,-87.84,-87.84,-53.68,-43.92
-29.28,-48.8,-19.52,39.04,-4.88,-34.16,58.56,63.44,-82.96,-82.96,-58.56,-39.04
-48.8,-53.68,-4.88,53.68,-24.4,-29.28,58.56,63.44,-82.96,-82.96,-58.56,-43.92
-58.56,-68.32,-9.76,63.44,-24.4,-39.04,53.68,53.68,-92.72,-92.72,-68.32,-48.8
-63.44,-68.32,-4.88,68.32,-29.28,-39.04,63.44,63.44,-87.84,-92.72,-48.8,-39.04
-63.44,-63.44,0,63.44,-34.16,-34.16,53.68,58.56,-92.72,-97.6,-63.44,-48.8
-68.32,-63.44,4.88,68.32,-39.04,-29.28,63.44,63.44,-92.72,-92.72,-63.44,-53.68
-73.2,-68.32,4.88,73.2,-39.04,-34.16,68.32,68.32,-92.72,-87.84,-63.44,-53.68
-43.92,-48.8,-4.88,48.8,-19.52,-29.28,63.44,63.44,-92.72,-92.72,-63.44,-53.68
-68.32,-53.68,14.64,63.44,-43.92,-19.52,68.32,68.32,-92.72,-82.96,-73.2,-48.8
-78.08,-68.32,9.76,73.2,-43.92,-29.28,73.2,78.08,-82.96,-78.08,-68.32,-43.92
-29.28,-63.44,-34.16,48.8,0,-48.8,68.32,68.32,-87.84,-87.84,-73.2,-58.56
-9.76,-58.56,-48.8,34.16,19.52,-53.68,63.44,63.44,-97.6,-92.72,-73.2,-58.56
-43.92,-58.56,-14.64,53.68,-14.64,-39.04,78.08,78.08,-82.96,-82.96,-58.56,-53.68
-82.96,-53.68,29.28,68.32,-58.56,-14.64,82.96,82.96,-78.08,-82.96,-58.56,-39.04
-53.68,-58.56,-4.88,58.56,-24.4,-34.16,73.2,73.2,-92.72,-97.6,-78.08,-58.56
-43.92,-68.32,-24.4,58.56,-9.76,-48.8,58.56,63.44,-107.36,-102.48,-82.96,-63.44
-48.8,-73.2,-24.4,63.44,-14.64,-48.8,58.56,58.56,-102.48,-102.48,-78.08,-63.44
-58.56,-78.08,-19.52,68.32,-19.52,-48.8,58.56,58.56,-107.36,-102.48,-82.96,-63.44
-63.44,-58.56,4.88,63.44,-34.16,-29.28,78.08,78.08,-87.84,-82.96,-63.44,-48.8
-24.4,-48.8,-24.4,39.04,0,-39.04,73.2,73.2,-87.84,-92.72,-63.44,-58.56
-19.52,-63.44,-43.92,43.92,9.76,-53.68,58.56,63.44,-102.48,-112.24,-87.84,-78.08
-24.4,-73.2,-48.8,48.8,9.76,-63.44,63.44,63.44,-102.48,-107.36,-87.84,-73.2
-34.16,-73.2,-39.04,53.68,0,-58.56,73.2,73.2,-102.48,-107.36,-92.72,-68.32
-82.96,-78.08,4.88,82.96,-43.92,-39.04,78.08,78.08,-97.6,-102.48,-82.96,-58.56
-87.84,-73.2,14.64,82.96,-53.68,-29.28,87.84,82.96,-92.72,-97.6,-78.08,-53.68
-53.68,-63.44,-9.76,58.56,-24.4,-39.04,73.2,73.2,-102.48,-102.48,-82.96,-53.68
-68.32,-87.84,-19.52,78.08,-24.4,-53.68,68.32,73.2,-107.36,-97.6,-87.84,-58.56
-102.48,-102.48,0,102.48,-53.68,-53.68,68.32,68.32,-107.36,-102.48,-92.72,-63.44
-82.96,-97.6,-14.64,92.72,-34.16,-58.56,68.32,68.32,-107.36,-102.48,-102.48,-63.44
-68.32,-87.84,-19.52,78.08,-24.4,-53.68,73.2,87.84,-102.48,-92.72,-82.96,-53.68
-53.68,-78.08,-24.4,68.32,-14.64,-53.68,78.08,82.96,-102.48,-92.72,-78.08,-53.68
-68.32,-82.96,-14.64,78.08,-29.28,-48.8,78.08,82.96,-102.48,-92.72,-73.2,-53.68
-92.72,-87.84,4.88,92.72,-48.8,-43.92,82.96,82.96,-102.48,-92.72,-78.08,-53.68
-92.72,-82.96,9.76,87.84,-53.68,-39.04,82.96,87.84,-87.84,-92.72,-82.96,-48.8
-78.08,-87.84,-9.76,82.96,-34.16,-48.8,78.08,82.96,-97.6,-102.48,-92.72,-63.44
-82.96,-92.72,-9.76,87.84,-39.04,-53.68,68.32,73.2,-102.48,-102.48,-97.6,-68.32
-78.08,-87.84,-9.76,82.96,-34.16,-48.8,68.32,73.2,-107.36,-102.48,-97.6,-68.32
-78.08,-73.2,4.88,78.08,-43.92,-34.16,73.2,82.96,-97.6,-97.6,-87.84,-58.56
-73.2,-78.08,-4.88,78.08,-34.16,-43.92,82.96,82.96,-97.6,-97.6,-87.84,-63.44
-43.92,-78.08,-34.16,63.44,-4.88,-58.56,82.96,82.96,-102.48,-97.6,-92.72,-63.44
-63.44,-78.08,-14.64,73.2,-24.4,-48.8,102.48,102.48,-82.96,-82.96,-82.96,-53.68
-73.2,-68.32,4.88,73.2,-39.04,-34.16,102.48,97.6,-82.96,-82.96,-87.84,-48.8
-73.2,-82.96,-9.76,78.08,-34.16,-48.8,92.72,92.72,-92.72,-102.48,-97.6,-68.32
-68.32,-97.6,-29.28,82.96,-19.52,-63.44,82.96,82.96,-102.48,-112.24,-112.24,-78.08
-53.68,-97.6,-43.92,78.08,-4.88,-73.2,87.84,87.84,-92.72,-102.48,-112.24,-68.32
-58.56,-78.08,-19.52,68.32,-19.52,-48.8,82.96,82.96,-97.6,-102.48,-102.48,-68.32
-73.2,-73.2,0,73.2,-39.04,-39.04,82.96,87.84,-102.48,-102.48,-97.6,-68.32
-58.56,-78.08,-19.52,68.32,-19.52,-48.8,87.84,87.84,-97.6,-97.6,-102.48,-73.2
-58.56,-82.96,-24.4,73.2,-19.52,-53.68,97.6,92.72,-92.72,-92.72,-102.48,-73.2
-87.84,-92.72,-4.88,92.72,-43.92,-48.8,102.48,102.48,-92.72,-87.84,-87.84,-63.44
-78.08,-97.6,-19.52,87.84,-29.28,-58.56,102.48,102.48,-102.48,-92.72,-92.72,-68.32
-73.2,-107.36,-34.16,92.72,-19.52,-73.2,87.84,92.72,-102.48,-97.6,-97.6,-68.32
-78.08,-97.6,-19.52,87.84,-29.28,-58.56,97.6,97.6,-102.48,-97.6,-92.72,-58.56
-63.44,-82.96,-19.52,73.2,-24.4,-53.68,102.48,102.48,-92.72,-92.72,-82.96,-58.56
-53.68,-82.96,-29.28,68.32,-14.64,-58.56,97.6,97.6,-97.6,-97.6,-97.6,-73.2
-78.08,-102.48,-24.4,92.72,-29.28,-63.44,97.6,102.48,-92.72,-97.6,-92.72,-68.32
-73.2,-92.72,-19.52,82.96,-29.28,-58.56,107.36,107.36,-92.72,-92.72,-92.72,-68.32
-63.44,-87.84,-24.4,78.08,-19.52,-58.56,97.6,102.48,-97.6,-97.6,-102.48,-87.84
-53.68,-73.2,-19.52,63.44,-19.52,-48.8,102.48,107.36,-97.6,-92.72,-102.48,-78.08
-58.56,-87.84,-29.28,73.2,-14.64,-58.56,107.36,107.36,-92.72,-87.84,-107.36,-73.2
-58.56,-92.72,-34.16,78.08,-14.64,-63.44,97.6,107.36,-92.72,-97.6,-107.36,-73.2
-58.56,-87.84,-29.28,73.2,-14.64,-58.56,97.6,107.36,-92.72,-97.6,-107.36,-73.2
-68.32,-97.6,-29.28,82.96,-19.52,-63.44,107.36,112.24,-87.84,-97.6,-112.24,-68.32
-73.2,-82.96,-9.76,78.08,-34.16,-48.8,112.24,117.12,-73.2,-87.84,-102.48,-58.56
-68.32,-78.08,-9.76,73.2,-29.28,-43.92,117.12,117.12,-73.2,-87.84,-102.48,-63.44
-63.44,-87.84,-24.4,78.08,-19.52,-58.56,97.6,97.6,-87.84,-102.48,-112.24,-73.2
-68.32,-73.2,-4.88,73.2,-34.16,-39.04,107.36,107.36,-78.08,-92.72,-112.24,-63.44
-73.2,-73.2,0,73.2,-39.04,-39.04,107.36,107.36,-73.2,-87.84,-102.48,-53.68
-78.08,-87.84,-9.76,82.96,-34.16,-48.8,112.24,112.24,-82.96,-87.84,-107.36,-58.56
-92.72,-97.6,-4.88,97.6,-43.92,-53.68,107.36,112.24,-82.96,-97.6,-102.48,-63.44
-73.2,-92.72,-19.52,82.96,-29.28,-58.56,117.12,117.12,-82.96,-92.72,-97.6,-58.56
-58.56,-73.2,-14.64,68.32,-24.4,-43.92,112.24,112.24,-78.08,-97.6,-107.36,-63.44
-68.32,-82.96,-14.64,78.08,-29.28,-48.8,117.12,117.12,-73.2,-97.6,-107.36,-58.56
-53.68,-73.2,-19.52,63.44,-19.52,-48.8,107.36,107.36,-82.96,-102.48,-112.24,-68.32
-39.04,-78.08,-39.04,58.56,0,-58.56,87.84,92.72,-97.6,-122,-122,-87.84
-68.32,-87.84,-19.52,78.08,-24.4,-53.68,92.72,92.72,-97.6,-117.12,-112.24,-82.96
-92.72,-102.48,-9.76,97.6,-43.92,-58.56,102.48,102.48,-87.84,-107.36,-107.36,-82.96
-92.72,-87.84,4.88,92.72,-48.8,-43.92,107.36,107.36,-87.84,-97.6,-97.6,-78.08
-102.48,-87.84,14.64,97.6,-58.56,-39.04,102.48,102.48,-82.96,-97.6,-97.6,-73.2
-87.84,-87.84,0,87.84,-43.92,-43.92,97.6,97.6,-87.84,-102.48,-97.6,-68.32
-68.32,-92.72,-24.4,82.96,-24.4,-58.56,97.6,97.6,-97.6,-107.36,-97.6,-68.32
-63.44,-78.08,-14.64,73.2,-24.4,-48.8,102.48,107.36,-78.08,-97.6,-87.84,-58.56
-63.44,-58.56,4.88,63.44,-34.16,-29.28,122,122,-68.32,-82.96,-73.2,-48.8
-63.44,-73.2,-9.76,68.32,-29.28,-43.92,102.48,107.36,-78.08,-92.72,-92.72,-58.56
-73.2,-78.08,-4.88,78.08,-34.16,-43.92,97.6,102.48,-82.96,-102.48,-102.48,-63.44
-68.32,-73.2,-4.88,73.2,-34.16,-39.04,92.72,97.6,-78.08,-97.6,-97.6,-63.44
-63.44,-82.96,-19.52,73.2,-24.4,-53.68,87.84,92.72,-82.96,-107.36,-112.24,-68.32
-53.68,-87.84,-34.16,73.2,-9.76,-63.44,92.72,97.6,-82.96,-102.48,-102.48,-63.44
-68.32,-82.96,-14.64,78.08,-29.28,-48.8,92.72,87.84,-82.96,-102.48,-102.48,-73.2
-87.84,-87.84,0,87.84,-43.92,-43.92,112.24,112.24,-87.84,-102.48,-102.48,-78.08
-68.32,-73.2,-4.88,73.2,-34.16,-39.04,131.76,131.76,-92.72,-107.36,-102.48,-78.08
-48.8,-68.32,-19.52,58.56,-14.64,-43.92,122,122,-92.72,-112.24,-107.36,-78.08
-58.56,-58.56,0,58.56,-29.28,-29.28,117.12,122,-87.84,-107.36,-107.36,-78.08
-63.44,-68.32,-4.88,68.32,-29.28,-39.04,122,126.88,-82.96,-107.36,-92.72,-73.2
-48.8,-68.32,-19.52,58.56,-14.64,-43.92,112.24,112.24,-82.96,-112.24,-87.84,-78.08
-39.04,-53.68,-14.64,48.8,-14.64,-34.16,102.48,102.48,-87.84,-112.24,-92.72,-78.08
-53.68,-58.56,-4.88,58.56,-24.4,-34.16,97.6,102.48,-87.84,-117.12,-92.72,-73.2
-73.2,-73.2,0,73.2,-39.04,-39.04,97.6,102.48,-87.84,-112.24,-97.6,-78.08
-107.36,-73.2,34.16,92.72,-73.2,-19.52,102.48,102.48,-73.2,-102.48,-82.96,-63.44
-82.96,-68.32,14.64,78.08,-48.8,-29.28,97.6,97.6,-73.2,-107.36,-87.84,-63.44
-43.92,-68.32,-24.4,58.56,-9.76,-48.8,92.72,92.72,-78.08,-112.24,-92.72,-68.32
-58.56,-63.44,-4.88,63.44,-29.28,-34.16,102.48,97.6,-78.08,-102.48,-87.84,-63.44
-58.56,-78.08,-19.52,68.32,-19.52,-48.8,82.96,82.96,-87.84,-117.12,-102.48,-82.96
-58.56,-73.2,-14.64,68.32,-24.4,-43.92,92.72,87.84,-82.96,-117.12,-97.6,-68.32
-68.32,-63.44,4.88,68.32,-39.04,-29.28,102.48,102.48,-68.32,-102.48,-82.96,-53.68
-63.44,-53.68,9.76,58.56,-39.04,-24.4,92.72,97.6,-78.08,-107.36,-87.84,-53.68
-68.32,-58.56,9.76,63.44,-39.04,-24.4,82.96,97.6,-78.08,-112.24,-87.84,-53.68
-68.32,-58.56,9.76,63.44,-39.04,-24.4,82.96,87.84,-82.96,-112.24,-87.84,-53.68
-63.44,-53.68,9.76,58.56,-39.04,-24.4,87.84,97.6,-82.96,-107.36,-82.96,-48.8
-53.68,-43.92,9.76,48.8,-34.16,-19.52,82.96,92.72,-82.96,-107.36,-82.96,-43.92
-63.44,-48.8,14.64,58.56,-39.04,-19.52,78.08,82.96,-82.96,-107.36,-92.72,-53.68
-48.8,-58.56,-9.76,53.68,-19.52,-34.16,73.2,73.2,-92.72,-112.24,-92.72,-58.56
-34.16,-58.56,-24.4,48.8,-4.88,-43.92,63.44,68.32,-97.6,-122,-112.24,-82.96
-9.76,-48.8,-39.04,29.28,14.64,-43.92,63.44,68.32,-97.6,-131.76,-117.12,-92.72
-53.68,-48.8,4.88,53.68,-29.28,-24.4,78.08,78.08,-87.84,-117.12,-112.24,-73.2
-82.96,-53.68,29.28,68.32,-58.56,-14.64,92.72,87.84,-78.08,-107.36,-92.72,-58.56
-68.32,-39.04,29.28,53.68,-48.8,-4.88,78.08,78.08,-73.2,-112.24,-82.96,-58.56
-68.32,-53.68,14.64,63.44,-43.92,-19.52,82.96,82.96,-73.2,-102.48,-68.32,-58.56
-58.56,-43.92,14.64,53.68,-39.04,-14.64,68.32,73.2,-82.96,-107.36,-73.2,-58.56
-48.8,-39.04,9.76,43.92,-29.28,-14.64,68.32,68.32,-78.08,-107.36,-68.32,-53.68
-53.68,-39.04,14.64,48.8,-34.16,-14.64,73.2,73.2,-78.08,-107.36,-73.2,-53.68
-53.68,-48.8,4.88,53.68,-29.28,-24.4,68.32,68.32,-82.96,-107.36,-73.2,-48.8
-34.16,-43.92,-9.76,39.04,-14.64,-29.28,58.56,58.56,-87.84,-112.24,-78.08,-53.68
-29.28,-34.16,-4.88,34.16,-14.64,-19.52,68.32,63.44,-82.96,-112.24,-68.32,-53.68
-53.68,-34.16,19.52,43.92,-39.04,-9.76,63.44,63.44,-82.96,-117.12,-78.08,-58.56
-68.32,-43.92,24.4,58.56,-48.8,-9.76,63.44,58.56,-82.96,-112.24,-78.08,-58.56
-82.96,-43.92,39.04,63.44,-63.44,-4.88,68.32,68.32,-73.2,-102.48,-73.2,-53.68
-34.16,-19.52,14.64,29.28,-24.4,-4.88,68.32,63.44,-68.32,-97.6,-68.32,-43.92
-24.4,-19.52,4.88,24.4,-14.64,-9.76,53.68,53.68,-78.08,-107.36,-68.32,-53.68
-39.04,-24.4,14.64,34.16,-29.28,-4.88,63.44,58.56,-73.2,-97.6,-63.44,-39.04
-34.16,-14.64,19.52,24.4,-29.28,0,68.32,63.44,-63.44,-92.72,-63.44,-34.16
-53.68,-24.4,29.28,39.04,-43.92,0,63.44,63.44,-63.44,-87.84,-63.44,-29.28
-48.8,-4.88,43.92,29.28,-48.8,19.52,68.32,68.32,-58.56,-82.96,-43.92,-29.28
-4.88,4.88,9.76,0,-9.76,4.88,63.44,63.44,-63.44,-92.72,-58.56,-34.16
-9.76,9.76,19.52,0,-14.64,14.64,68.32,68.32,-43.92,-92.72,-63.44,-29.28
-48.8,9.76,58.56,19.52,-53.68,34.16,68.32,73.2,-29.28,-82.96,-43.92,-9.76
-102.48,14.64,117.12,43.92,-112.24,63.44,82.96,87.84,-14.64,-68.32,-14.64,-4.88
-78.08,24.4,102.48,29.28,-92.72,63.44,87.84,87.84,-19.52,-68.32,-14.64,-14.64
0,39.04,39.04,-19.52,-19.52,39.04,63.44,68.32,-39.04,-82.96,-34.16,-34.16
-34.16,34.16,68.32,0,-53.68,48.8,68.32,73.2,-34.16,-78.08,-29.28,-24.4
-53.68,29.28,82.96,14.64,-68.32,53.68,78.08,82.96,-24.4,-68.32,-24.4,-9.76
-29.28,24.4,53.68,4.88,-43.92,39.04,78.08,82.96,-24.4,-68.32,-14.64,-4.88
-58.56,43.92,102.48,9.76,-82.96,73.2,78.08,82.96,-14.64,-73.2,-9.76,0
-87.84,73.2,161.04,9.76,-126.88,117.12,102.48,102.48,0,-48.8,9.76,19.52
-24.4,82.96,107.36,-29.28,-68.32,92.72,87.84,92.72,-9.76,-58.56,0,4.88
-4.88,73.2,78.08,-34.16,-43.92,73.2,68.32,73.2,-24.4,-73.2,-24.4,-9.76
-43.92,58.56,102.48,-4.88,-73.2,78.08,63.44,73.2,-19.52,-63.44,-14.64,-4.88
-48.8,78.08,126.88,-14.64,-87.84,102.48,63.44,68.32,-9.76,-53.68,4.88,4.88
-24.4,107.36,131.76,-39.04,-78.08,117.12,63.44,68.32,-4.88,-48.8,9.76,14.64
-29.28,112.24,141.52,-39.04,-87.84,126.88,58.56,63.44,0,-39.04,19.52,24.4
-9.76,112.24,122,-48.8,-68.32,117.12,34.16,29.28,-19.52,-53.68,9.76,19.52
0,126.88,126.88,-63.44,-63.44,126.88,14.64,4.88,-34.16,-58.56,14.64,24.4
-4.88,112.24,117.12,-53.68,-63.44,112.24,-4.88,-4.88,-48.8,-73.2,9.76,14.64
-9.76,92.72,102.48,-39.04,-58.56,97.6,-14.64,-14.64,-63.44,-78.08,0,19.52
-14.64,117.12,131.76,-48.8,-73.2,122,-19.52,-14.64,-63.44,-73.2,4.88,19.52
0,112.24,112.24,-53.68,-58.56,112.24,-29.28,-29.28,-73.2,-82.96,-4.88,9.76
0,112.24,112.24,-53.68,-58.56,112.24,-24.4,-24.4,-68.32,-82.96,0,9.76
-19.52,112.24,131.76,-43.92,-78.08,122,-19.52,-14.64,-63.44,-73.2,9.76,19.52
-34.16,102.48,136.64,-34.16,-87.84,117.12,-19.52,-14.64,-68.32,-73.2,4.88,19.52
-34.16,102.48,136.64,-34.16,-87.84,117.12,-19.52,-14.64,-68.32,-68.32,14.64,34.16
-24.4,87.84,112.24,-29.28,-68.32,97.6,-24.4,-19.52,-82.96,-87.84,0,19.52
-9.76,92.72,102.48,-39.04,-58.56,97.6,-48.8,-39.04,-107.36,-112.24,-19.52,0
-14.64,102.48,117.12,-43.92,-68.32,107.36,-34.16,-34.16,-92.72,-107.36,-9.76,4.88
-29.28,97.6,126.88,-34.16,-78.08,112.24,-24.4,-19.52,-87.84,-92.72,-9.76,9.76
-29.28,92.72,122,-29.28,-78.08,107.36,-19.52,-14.64,-78.08,-87.84,-9.76,19.52
-19.52,73.2,92.72,-24.4,-58.56,82.96,-24.4,-19.52,-82.96,-97.6,-14.64,4.88
-9.76,39.04,48.8,-14.64,-29.28,43.92,-29.28,-24.4,-92.72,-112.24,-24.4,-9.76
-19.52,43.92,63.44,-9.76,-43.92,53.68,-29.28,-19.52,-87.84,-107.36,-14.64,0
-43.92,39.04,82.96,4.88,-63.44,58.56,-19.52,-9.76,-73.2,-92.72,-9.76,9.76
-24.4,58.56,82.96,-14.64,-53.68,68.32,-19.52,-14.64,-78.08,-97.6,-19.52,9.76
4.88,63.44,58.56,-34.16,-29.28,58.56,-19.52,-14.64,-87.84,-102.48,-19.52,4.88
-24.4,39.04,63.44,-4.88,-43.92,48.8,-19.52,-14.64,-92.72,-112.24,-34.16,-9.76
0,43.92,43.92,-19.52,-24.4,43.92,-14.64,-14.64,-92.72,-122,-39.04,-24.4
4.88,29.28,24.4,-14.64,-9.76,24.4,-24.4,-19.52,-107.36,-136.64,-48.8,-39.04
-14.64,9.76,24.4,4.88,-19.52,14.64,-29.28,-24.4,-117.12,-146.4,-58.56,-39.04
-29.28,14.64,43.92,9.76,-39.04,29.28,-19.52,-14.64,-107.36,-146.4,-58.56,-39.04
-63.44,0,63.44,34.16,-63.44,29.28,-9.76,-4.88,-112.24,-151.28,-53.68,-43.92
-63.44,-19.52,43.92,43.92,-53.68,9.76,-9.76,-4.88,-117.12,-156.16,-68.32,-48.8
-48.8,-14.64,34.16,34.16,-43.92,9.76,-4.88,0,-117.12,-146.4,-68.32,-48.8
-58.56,-34.16,24.4,48.8,-43.92,-4.88,-9.76,-4.88,-117.12,-151.28,-73.2,-63.44
-39.04,-29.28,9.76,34.16,-24.4,-9.76,-4.88,0,-122,-151.28,-78.08,-58.56
-14.64,-14.64,0,14.64,-9.76,-9.76,-14.64,-4.88,-126.88,-156.16,-87.84,-58.56
-29.28,-19.52,9.76,24.4,-19.52,-4.88,-9.76,0,-122,-151.28,-73.2,-48.8
-63.44,-29.28,34.16,48.8,-48.8,0,9.76,19.52,-107.36,-136.64,-53.68,-39.04
-82.96,-29.28,53.68,58.56,-68.32,9.76,9.76,9.76,-112.24,-141.52,-53.68,-43.92
-53.68,-29.28,24.4,43.92,-39.04,-4.88,4.88,9.76,-112.24,-146.4,-58.56,-48.8
-34.16,-19.52,14.64,29.28,-24.4,-4.88,4.88,4.88,-117.12,-151.28,-68.32,-48.8
-34.16,-14.64,19.52,24.4,-29.28,0,0,4.88,-122,-146.4,-73.2,-48.8
-24.4,-29.28,-4.88,29.28,-9.76,-19.52,-4.88,4.88,-122,-151.28,-73.2,-48.8
-58.56,-68.32,-9.76,63.44,-24.4,-39.04,14.64,19.52,-122,-151.28,-68.32,-43.92
-63.44,-39.04,24.4,53.68,-43.92,-9.76,24.4,24.4,-117.12,-141.52,-63.44,-39.04
-48.8,-34.16,14.64,43.92,-34.16,-9.76,19.52,19.52,-122,-151.28,-63.44,-43.92
-43.92,-39.04,4.88,43.92,-24.4,-19.52,9.76,14.64,-122,-151.28,-68.32,-43.92
-14.64,-24.4,-9.76,19.52,-4.88,-19.52,14.64,24.4,-117.12,-151.28,-68.32,-43.92
-14.64,-29.28,-14.64,24.4,0,-24.4,4.88,14.64,-126.88,-156.16,-73.2,-48.8
-73.2,-53.68,19.52,63.44,-48.8,-19.52,19.52,24.4,-117.12,-151.28,-68.32,-48.8
-53.68,-58.56,-4.88,58.56,-24.4,-34.16,19.52,19.52,-117.12,-156.16,-78.08,-63.44
-39.04,-63.44,-24.4,53.68,-9.76,-43.92,9.76,14.64,-126.88,-161.04,-82.96,-63.44
-78.08,-63.44,14.64,73.2,-48.8,-24.4,19.52,29.28,-112.24,-146.4,-68.32,-48.8
-87.84,-58.56,29.28,73.2,-58.56,-14.64,24.4,29.28,-112.24,-146.4,-68.32,-43.92
-63.44,-53.68,9.76,58.56,-39.04,-24.4,24.4,29.28,-117.12,-146.4,-68.32,-48.8
-53.68,-43.92,9.76,48.8,-34.16,-19.52,24.4,29.28,-112.24,-136.64,-68.32,-39.04
-53.68,-43.92,9.76,48.8,-34.16,-19.52,34.16,34.16,-112.24,-141.52,-63.44,-43.92
-48.8,-58.56,-9.76,53.68,-19.52,-34.16,14.64,19.52,-131.76,-156.16,-78.08,-63.44
-68.32,-58.56,9.76,63.44,-39.04,-24.4,29.28,34.16,-117.12,-141.52,-68.32,-48.8
-73.2,-39.04,34.16,58.56,-53.68,-4.88,39.04,48.8,-107.36,-136.64,-58.56,-39.04
-48.8,-48.8,0,48.8,-24.4,-24.4,34.16,39.04,-112.24,-146.4,-63.44,-53.68
-34.16,-34.16,0,34.16,-19.52,-19.52,34.16,39.04,-112.24,-141.52,-68.32,-48.8
-48.8,-34.16,14.64,43.92,-34.16,-9.76,39.04,43.92,-107.36,-136.64,-63.44,-43.92
-39.04,-24.4,14.64,34.16,-29.28,-4.88,39.04,43.92,-107.36,-136.64,-63.44,-48.8
-24.4,-19.52,4.88,24.4,-14.64,-9.76,43.92,48.8,-102.48,-126.88,-53.68,-34.16
-48.8,-34.16,14.64,43.92,-34.16,-9.76,48.8,48.8,-107.36,-122,-63.44,-34.16
-53.68,-48.8,4.88,53.68,-29.28,-24.4,43.92,43.92,-107.36,-136.64,-78.08,-43.92
-39.04,-43.92,-4.88,43.92,-19.52,-24.4,43.92,43.92,-107.36,-131.76,-63.44,-43.92
-34.16,-39.04,-4.88,39.04,-14.64,-24.4,48.8,43.92,-107.36,-136.64,-58.56,-43.92
-43.92,-34.16,9.76,39.04,-29.28,-14.64,48.8,48.8,-107.36,-136.64,-58.56,-48.8
-53.68,-34.16,19.52,43.92,-39.04,-9.76,53.68,53.68,-102.48,-126.88,-48.8,-43.92
-39.04,0,39.04,19.52,-39.04,19.52,53.68,48.8,-102.48,-131.76,-48.8,-43.92
-48.8,9.76,58.56,19.52,-53.68,34.16,53.68,48.8,-102.48,-126.88,-39.04,-34.16
-48.8,19.52,68.32,14.64,-58.56,43.92,58.56,58.56,-97.6,-126.88,-34.16,-29.28
-53.68,39.04,92.72,9.76,-73.2,63.44,73.2,73.2,-73.2,-107.36,-14.64,-9.76
-73.2,68.32,141.52,4.88,-107.36,102.48,87.84,87.84,-48.8,-82.96,24.4,19.52
-78.08,97.6,175.68,-9.76,-126.88,136.64,112.24,107.36,-4.88,-34.16,58.56,53.68
-63.44,107.36,170.8,-19.52,-117.12,136.64,146.4,141.52,73.2,29.28,92.72,78.08
-73.2,97.6,170.8,-9.76,-122,131.76,170.8,170.8,136.64,82.96,136.64,102.48
-39.04,117.12,156.16,-39.04,-97.6,136.64,156.16,156.16,161.04,122,185.44,156.16
-14.64,146.4,161.04,-63.44,-87.84,151.28,122,117.12,161.04,180.56,278.16,248.88
19.52,190.32,170.8,-102.48,-78.08,180.56,43.92,48.8,117.12,283.04,405.04,366
68.32,268.4,200.08,-165.92,-68.32,234.24,-39.04,-39.04,68.32,414.8,585.6,527.04
141.52,370.88,229.36,-253.76,-43.92,297.68,-126.88,-131.76,19.52,556.32,780.8,717.36
200.08,453.84,253.76,-326.96,-29.28,351.36,-214.72,-214.72,-73.2,653.92,956.48,907.68
283.04,536.8,253.76,-409.92,14.64,395.28,-346.48,-346.48,-253.76,688.08,1083.36,1078.48
380.64,624.64,244,-502.64,68.32,434.32,-473.36,-473.36,-444.08,683.2,1171.2,1234.64
483.12,639.28,156.16,-561.2,161.04,395.28,-517.28,-512.4,-566.08,683.2,1180.96,1307.84
570.96,531.92,-39.04,-551.44,302.56,244,-473.36,-468.48,-551.44,736.88,1132.16,1293.2
624.64,390.4,-234.24,-507.52,429.44,78.08,-424.56,-424.56,-570.96,732,1010.16,1200.48
683.2,253.76,-429.44,-468.48,556.32,-87.84,-429.44,-424.56,-668.56,658.8,878.4,1088.24
668.56,165.92,-502.64,-414.8,585.6,-170.8,-444.08,-444.08,-771.04,610,800.32,1015.04
653.92,117.12,-536.8,-385.52,595.36,-209.84,-444.08,-439.2,-839.36,575.84,732,927.2
600.24,73.2,-527.04,-336.72,561.2,-229.36,-414.8,-409.92,-907.68,507.52,668.56,829.6
536.8,58.56,-478.24,-297.68,507.52,-209.84,-366,-361.12,-966.24,370.88,551.44,678.32
488,24.4,-463.6,-253.76,473.36,-219.6,-307.44,-307.44,-976,248.88,424.56,497.76
361.12,-34.16,-395.28,-161.04,375.76,-214.72,-219.6,-224.48,-932.08,141.52,287.92,317.2
229.36,-87.84,-317.2,-68.32,273.28,-204.96,-170.8,-170.8,-956.48,-78.08,73.2,102.48
146.4,-107.36,-253.76,-19.52,200.08,-180.56,-117.12,-122,-985.76,-346.48,-156.16,-97.6
58.56,-102.48,-161.04,24.4,107.36,-131.76,-92.72,-97.6,-1019.92,-556.32,-326.96,-214.72
-14.64,-122,-107.36,68.32,43.92,-117.12,-102.48,-107.36,-1034.56,-683.2,-439.2,-287.92
-48.8,-151.28,-102.48,102.48,24.4,-126.88,-136.64,-131.76,-1049.2,-756.4,-488,-322.08
-87.84,-200.08,-112.24,146.4,9.76,-156.16,-126.88,-126.88,-1054.08,-780.8,-522.16,-341.6
-102.48,-209.84,-107.36,156.16,0,-161.04,-146.4,-146.4,-1019.92,-780.8,-522.16,-346.48
-87.84,-224.48,-136.64,156.16,24.4,-180.56,-190.32,-190.32,-976,-741.76,-502.64,-341.6
-92.72,-224.48,-131.76,161.04,19.52,-180.56,-209.84,-204.96,-893.04,-668.56,-468.48,-322.08
-97.6,-190.32,-92.72,146.4,-4.88,-141.52,-195.2,-185.44,-761.28,-570.96,-395.28,-278.16
-102.48,-151.28,-48.8,126.88,-29.28,-102.48,-136.64,-131.76,-619.76,-458.72,-322.08,-229.36
-68.32,-102.48,-34.16,87.84,-19.52,-68.32,-102.48,-97.6,-507.52,-390.4,-283.04,-209.84
-68.32,-73.2,-4.88,73.2,-34.16,-39.04,-53.68,-48.8,-400.16,-331.84,-248.88,-190.32
-107.36,-68.32,39.04,87.84,-73.2,-14.64,-9.76,-4.88,-312.32,-268.4,-209.84,-161.04
-58.56,-68.32,-9.76,63.44,-24.4,-39.04,9.76,9.76,-253.76,-229.36,-190.32,-146.4
-29.28,-73.2,-43.92,53.68,4.88,-58.56,29.28,29.28,-185.44,-185.44,-165.92,-131.76
-14.64,-68.32,-53.68,43.92,19.52,-63.44,48.8,58.56,-102.48,-117.12,-126.88,-102.48
-29.28,-63.44,-34.16,48.8,0,-48.8,87.84,92.72,-29.28,-68.32,-87.84,-73.2
-68.32,-78.08,-9.76,73.2,-29.28,-43.92,117.12,122,14.64,-34.16,-68.32,-48.8
-19.52,-68.32,-48.8,43.92,14.64,-58.56,117.12,122,29.28,-39.04,-92.72,-58.56
-14.64,-78.08,-63.44,48.8,24.4,-73.2,122,126.88,34.16,-43.92,-87.84,-58.56
-29.28,-63.44,-34.16,48.8,0,-48.8,122,126.88,43.92,-43.92,-87.84,-58.56
-34.16,-53.68,-19.52,43.92,-9.76,-39.04,136.64,136.64,58.56,-34.16,-73.2,-48.8
-14.64,-58.56,-43.92,39.04,14.64,-53.68,126.88,126.88,58.56,-39.04,-68.32,-53.68
-4.88,-34.16,-29.28,19.52,9.76,-34.16,122,122,63.44,-29.28,-58.56,-48.8
-29.28,-39.04,-9.76,34.16,-9.76,-24.4,141.52,141.52,82.96,-9.76,-43.92,-34.16
-48.8,-68.32,-19.52,58.56,-14.64,-43.92,131.76,131.76,82.96,-14.64,-53.68,-39.04
-34.16,-68.32,-34.16,53.68,0,-53.68,131.76,136.64,87.84,-9.76,-63.44,-43.92
-34.16,-73.2,-39.04,53.68,0,-58.56,141.52,141.52,97.6,-4.88,-58.56,-43.92
-39.04,-68.32,-29.28,53.68,-4.88,-48.8,136.64,136.64,92.72,-14.64,-68.32,-58.56
-34.16,-68.32,-34.16,53.68,0,-53.68,126.88,126.88,97.6,-14.64,-73.2,-58.56
-43.92,-73.2,-29.28,58.56,-9.76,-53.68,131.76,136.64,97.6,-14.64,-78.08,-63.44
-24.4,-53.68,-29.28,39.04,0,-43.92,131.76,136.64,107.36,-9.76,-68.32,-53.68
-14.64,-43.92,-29.28,29.28,4.88,-39.04,131.76,136.64,112.24,-4.88,-53.68,-48.8
-9.76,-34.16,-24.4,24.4,4.88,-29.28,136.64,141.52,122,4.88,-43.92,-43.92
-19.52,-29.28,-9.76,24.4,-4.88,-19.52,146.4,151.28,126.88,19.52,-39.04,-29.28
-9.76,-39.04,-29.28,24.4,9.76,-34.16,151.28,151.28,126.88,19.52,-39.04,-29.28
24.4,-34.16,-58.56,4.88,39.04,-48.8,146.4,151.28,131.76,19.52,-43.92,-34.16
-9.76,-43.92,-34.16,29.28,9.76,-39.04,151.28,156.16,146.4,24.4,-39.04,-29.28
-24.4,-53.68,-29.28,39.04,0,-43.92,151.28,156.16,141.52,19.52,-43.92,-29.28
0,-58.56,-58.56,29.28,29.28,-58.56,151.28,151.28,151.28,24.4,-34.16,-29.28
0,-43.92,-43.92,24.4,19.52,-43.92,141.52,141.52,151.28,14.64,-48.8,-43.92
-19.52,-48.8,-29.28,34.16,4.88,-39.04,136.64,136.64,151.28,14.64,-53.68,-48.8
-19.52,-29.28,-9.76,24.4,-4.88,-19.52,151.28,151.28,165.92,29.28,-34.16,-34.16
-19.52,-34.16,-14.64,29.28,-4.88,-24.4,161.04,156.16,175.68,48.8,-24.4,-19.52
-14.64,-43.92,-29.28,29.28,4.88,-39.04,151.28,161.04,175.68,39.04,-29.28,-14.64
-14.64,-34.16,-19.52,24.4,0,-29.28,165.92,165.92,185.44,53.68,-14.64,-4.88
-14.64,-34.16,-19.52,24.4,0,-29.28,165.92,165.92,195.2,53.68,-14.64,-4.88
-24.4,-34.16,-9.76,29.28,-9.76,-24.4,161.04,165.92,200.08,58.56,-14.64,-9.76
-24.4,-43.92,-19.52,34.16,-4.88,-34.16,161.04,165.92,195.2,48.8,-24.4,-24.4
0,-43.92,-43.92,24.4,19.52,-43.92,151.28,156.16,195.2,43.92,-43.92,-48.8
-4.88,-43.92,-39.04,24.4,14.64,-43.92,156.16,161.04,204.96,48.8,-53.68,-39.04
-43.92,-43.92,0,43.92,-24.4,-24.4,165.92,170.8,219.6,58.56,-34.16,-29.28
-58.56,-53.68,4.88,58.56,-34.16,-24.4,170.8,170.8,229.36,68.32,-14.64,-24.4
-4.88,-43.92,-39.04,24.4,14.64,-43.92,151.28,156.16,219.6,63.44,-24.4,-34.16
-4.88,-43.92,-39.04,24.4,14.64,-43.92,156.16,161.04,229.36,68.32,-19.52,-24.4
-9.76,-34.16,-24.4,24.4,4.88,-29.28,165.92,165.92,239.12,82.96,-14.64,-19.52
0,-34.16,-34.16,19.52,14.64,-34.16,170.8,170.8,244,87.84,-14.64,-14.64
-24.4,-43.92,-19.52,34.16,-4.88,-34.16,175.68,170.8,253.76,92.72,-19.52,-9.76
-48.8,-53.68,-4.88,53.68,-24.4,-29.28,180.56,180.56,258.64,92.72,-19.52,-9.76
-34.16,-48.8,-14.64,43.92,-9.76,-34.16,170.8,170.8,253.76,87.84,-29.28,-24.4
-14.64,-48.8,-34.16,34.16,9.76,-43.92,161.04,161.04,253.76,82.96,-29.28,-24.4
-4.88,-43.92,-39.04,24.4,14.64,-43.92,156.16,161.04,253.76,87.84,-34.16,-29.28
19.52,-39.04,-58.56,9.76,39.04,-48.8,156.16,156.16,268.4,92.72,-29.28,-24.4
19.52,-39.04,-58.56,9.76,39.04,-48.8,151.28,156.16,278.16,107.36,-24.4,-14.64
9.76,-43.92,-53.68,19.52,29.28,-48.8,156.16,156.16,283.04,112.24,-14.64,-9.76
-14.64,-53.68,-39.04,34.16,9.76,-48.8,165.92,165.92,292.8,126.88,-4.88,0
-29.28,-58.56,-29.28,43.92,0,-43.92,170.8,170.8,307.44,136.64,9.76,14.64
-4.88,-39.04,-34.16,24.4,14.64,-39.04,170.8,175.68,317.2,141.52,14.64,19.52
14.64,-34.16,-48.8,9.76,29.28,-43.92,170.8,175.68,312.32,141.52,14.64,4.88
9.76,-24.4,-34.16,9.76,19.52,-29.28,175.68,170.8,322.08,136.64,4.88,-4.88
-19.52,-34.16,-14.64,29.28,-4.88,-24.4,170.8,170.8,326.96,141.52,9.76,0
-19.52,-43.92,-24.4,34.16,0,-34.16,170.8,170.8,341.6,141.52,4.88,-4.88
-34.16,-48.8,-14.64,43.92,-9.76,-34.16,175.68,175.68,351.36,156.16,9.76,4.88
-4.88,-48.8,-43.92,29.28,19.52,-48.8,161.04,161.04,346.48,156.16,4.88,-9.76
0,-34.16,-34.16,19.52,14.64,-34.16,180.56,175.68,356.24,165.92,14.64,4.88
0,-39.04,-39.04,19.52,19.52,-39.04,175.68,170.8,356.24,170.8,9.76,0
0,-48.8,-48.8,24.4,24.4,-48.8,180.56,185.44,370.88,180.56,24.4,9.76
24.4,-24.4,-48.8,0,34.16,-39.04,185.44,185.44,380.64,185.44,24.4,9.76
48.8,-29.28,-78.08,-9.76,63.44,-53.68,175.68,180.56,380.64,180.56,9.76,0
29.28,-43.92,-73.2,9.76,48.8,-58.56,180.56,180.56,390.4,190.32,9.76,-9.76
19.52,-34.16,-53.68,9.76,34.16,-43.92,185.44,190.32,405.04,200.08,24.4,4.88
19.52,-39.04,-58.56,9.76,39.04,-48.8,180.56,180.56,405.04,195.2,9.76,-4.88
34.16,-39.04,-73.2,4.88,53.68,-58.56,175.68,175.68,405.04,200.08,4.88,-9.76
53.68,-39.04,-92.72,-4.88,73.2,-68.32,175.68,180.56,414.8,204.96,4.88,-9.76
9.76,-43.92,-53.68,19.52,29.28,-48.8,204.96,204.96,439.2,224.48,19.52,4.88
-9.76,-43.92,-34.16,29.28,9.76,-39.04,224.48,219.6,463.6,253.76,53.68,29.28
-9.76,-39.04,-29.28,24.4,9.76,-34.16,214.72,214.72,463.6,258.64,58.56,34.16
0,-34.16,-34.16,19.52,14.64,-34.16,209.84,209.84,458.72,253.76,53.68,24.4
9.76,-34.16,-43.92,14.64,24.4,-39.04,214.72,214.72,468.48,253.76,48.8,24.4
4.88,-39.04,-43.92,19.52,24.4,-43.92,219.6,219.6,483.12,273.28,58.56,29.28
24.4,-29.28,-53.68,4.88,39.04,-43.92,224.48,229.36,497.76,278.16,63.44,34.16
24.4,-29.28,-53.68,4.88,39.04,-43.92,219.6,224.48,502.64,278.16,58.56,29.28
39.04,-19.52,-58.56,-9.76,48.8,-39.04,214.72,219.6,512.4,292.8,53.68,34.16
34.16,-19.52,-53.68,-4.88,43.92,-39.04,224.48,229.36,531.92,312.32,63.44,43.92
9.76,-43.92,-53.68,19.52,29.28,-48.8,229.36,234.24,536.8,312.32,68.32,39.04
43.92,-34.16,-78.08,-4.88,58.56,-58.56,229.36,229.36,541.68,322.08,73.2,34.16
73.2,-24.4,-97.6,-24.4,82.96,-63.44,229.36,229.36,556.32,336.72,87.84,48.8
53.68,-19.52,-73.2,-14.64,63.44,-48.8,239.12,239.12,575.84,351.36,87.84,53.68
39.04,-9.76,-48.8,-14.64,43.92,-29.28,253.76,258.64,600.24,375.76,102.48,73.2
29.28,-19.52,-48.8,-4.88,39.04,-34.16,253.76,248.88,600.24,375.76,102.48,68.32
43.92,-14.64,-58.56,-14.64,48.8,-39.04,248.88,253.76,614.88,385.52,107.36,78.08
73.2,-4.88,-78.08,-34.16,73.2,-43.92,244,248.88,624.64,390.4,112.24,78.08
68.32,-9.76,-78.08,-29.28,73.2,-43.92,244,248.88,634.4,400.16,107.36,73.2
82.96,-4.88,-87.84,-39.04,82.96,-48.8,239.12,244,639.28,405.04,107.36,73.2
78.08,0,-78.08,-39.04,78.08,-39.04,248.88,253.76,649.04,419.68,122,73.2
73.2,-4.88,-78.08,-34.16,73.2,-43.92,253.76,258.64,663.68,439.2,122,78.08
92.72,19.52,-73.2,-53.68,82.96,-29.28,263.52,258.64,683.2,453.84,136.64,92.72
92.72,0,-92.72,-43.92,92.72,-48.8,253.76,253.76,683.2,453.84,126.88,87.84
39.04,-9.76,-48.8,-14.64,43.92,-29.28,263.52,263.52,702.72,478.24,141.52,92.72
48.8,14.64,-34.16,-29.28,39.04,-9.76,268.4,263.52,717.36,492.88,151.28,102.48
78.08,9.76,-68.32,-43.92,73.2,-29.28,258.64,263.52,722.24,488,146.4,97.6
82.96,14.64,-68.32,-48.8,73.2,-29.28,253.76,258.64,727.12,492.88,141.52,97.6
97.6,14.64,-82.96,-53.68,87.84,-34.16,248.88,253.76,732,502.64,146.4,97.6
102.48,14.64,-87.84,-58.56,92.72,-39.04,248.88,253.76,741.76,517.28,156.16,97.6
82.96,19.52,-63.44,-48.8,73.2,-24.4,258.64,263.52,761.28,541.68,170.8,117.12
68.32,24.4,-43.92,-43.92,53.68,-9.76,263.52,263.52,766.16,556.32,175.68,126.88
97.6,19.52,-78.08,-58.56,87.84,-29.28,258.64,258.64,766.16,561.2,175.68,131.76
117.12,24.4,-92.72,-68.32,102.48,-34.16,253.76,248.88,766.16,556.32,175.68,117.12
117.12,19.52,-97.6,-68.32,107.36,-39.04,244,239.12,761.28,551.44,165.92,117.12
122,19.52,-102.48,-68.32,112.24,-43.92,239.12,234.24,761.28,561.2,170.8,112.24
107.36,19.52,-87.84,-63.44,97.6,-34.16,239.12,244,771.04,566.08,180.56,112.24
82.96,24.4,-58.56,-53.68,68.32,-19.52,244,239.12,780.8,580.72,190.32,122
82.96,29.28,-53.68,-53.68,68.32,-14.64,234.24,234.24,780.8,570.96,190.32,122
117.12,19.52,-97.6,-68.32,107.36,-39.04,214.72,219.6,771.04,570.96,185.44,117.12
141.52,39.04,-102.48,-87.84,122,-34.16,214.72,219.6,771.04,575.84,185.44,112.24
136.64,43.92,-92.72,-87.84,112.24,-24.4,224.48,229.36,780.8,590.48,195.2,126.88
78.08,14.64,-63.44,-43.92,68.32,-24.4,234.24,234.24,785.68,600.24,204.96,131.76
68.32,14.64,-53.68,-39.04,58.56,-19.52,229.36,224.48,775.92,600.24,204.96,131.76
92.72,24.4,-68.32,-58.56,78.08,-24.4,219.6,214.72,771.04,600.24,200.08,136.64
126.88,34.16,-92.72,-78.08,107.36,-29.28,195.2,200.08,766.16,595.36,190.32,131.76
97.6,34.16,-63.44,-63.44,78.08,-14.64,209.84,214.72,775.92,605.12,204.96,146.4
87.84,34.16,-53.68,-58.56,68.32,-9.76,209.84,214.72,780.8,614.88,214.72,161.04
97.6,43.92,-53.68,-68.32,73.2,-4.88,200.08,204.96,771.04,610,209.84,156.16
97.6,48.8,-48.8,-73.2,73.2,0,200.08,204.96,771.04,619.76,224.48,165.92
92.72,34.16,-58.56,-63.44,73.2,-14.64,190.32,195.2,761.28,610,219.6,156.16
107.36,34.16,-73.2,-68.32,87.84,-19.52,185.44,185.44,746.64,610,214.72,151.28
107.36,34.16,-73.2,-68.32,87.84,-19.52,175.68,180.56,741.76,605.12,209.84,146.4
102.48,19.52,-82.96,-58.56,92.72,-34.16,170.8,175.68,727.12,595.36,195.2,136.64
122,39.04,-82.96,-78.08,102.48,-24.4,161.04,161.04,712.48,580.72,190.32,136.64
141.52,63.44,-78.08,-102.48,107.36,-9.76,161.04,161.04,717.36,585.6,204.96,151.28
117.12,53.68,-63.44,-82.96,87.84,-4.88,151.28,151.28,702.72,575.84,200.08,156.16
102.48,24.4,-78.08,-63.44,87.84,-29.28,136.64,136.64,683.2,561.2,200.08,146.4
87.84,34.16,-53.68,-58.56,68.32,-9.76,126.88,122,658.8,546.56,190.32,146.4
87.84,53.68,-34.16,-68.32,58.56,9.76,112.24,107.36,639.28,531.92,190.32,146.4
97.6,58.56,-39.04,-78.08,68.32,9.76,102.48,107.36,624.64,527.04,185.44,151.28
102.48,63.44,-39.04,-82.96,68.32,9.76,102.48,102.48,610,517.28,185.44,156.16
78.08,48.8,-29.28,-63.44,53.68,9.76,92.72,92.72,575.84,492.88,185.44,151.28
92.72,53.68,-39.04,-73.2,63.44,4.88,82.96,87.84,556.32,473.36,175.68,146.4
97.6,43.92,-53.68,-68.32,73.2,-4.88,73.2,73.2,527.04,448.96,161.04,141.52
82.96,39.04,-43.92,-58.56,63.44,-4.88,58.56,58.56,502.64,419.68,161.04,136.64
73.2,53.68,-19.52,-63.44,43.92,14.64,58.56,63.44,483.12,414.8,156.16,141.52
53.68,58.56,4.88,-53.68,24.4,29.28,58.56,58.56,458.72,395.28,151.28,136.64
73.2,68.32,-4.88,-68.32,39.04,29.28,43.92,43.92,424.56,370.88,131.76,126.88
68.32,73.2,4.88,-68.32,29.28,39.04,34.16,39.04,405.04,346.48,122,131.76
68.32,68.32,0,-68.32,34.16,34.16,34.16,34.16,385.52,331.84,126.88,136.64
73.2,68.32,-4.88,-68.32,39.04,29.28,29.28,34.16,361.12,312.32,122,136.64
48.8,73.2,24.4,-58.56,9.76,48.8,24.4,24.4,331.84,287.92,112.24,136.64
53.68,78.08,24.4,-63.44,14.64,48.8,19.52,24.4,307.44,268.4,107.36,141.52
53.68,63.44,9.76,-58.56,19.52,34.16,9.76,14.64,273.28,234.24,87.84,136.64
34.16,58.56,24.4,-43.92,4.88,39.04,4.88,9.76,258.64,214.72,87.84,126.88
34.16,53.68,19.52,-43.92,4.88,34.16,-4.88,0,234.24,190.32,73.2,117.12
58.56,58.56,0,-58.56,29.28,29.28,-19.52,-14.64,200.08,151.28,53.68,97.6
78.08,73.2,-4.88,-73.2,39.04,34.16,-19.52,-14.64,180.56,136.64,43.92,97.6
58.56,58.56,0,-58.56,29.28,29.28,-14.64,-14.64,165.92,122,39.04,102.48
9.76,63.44,53.68,-34.16,-24.4,58.56,-4.88,-4.88,165.92,122,43.92,122
-14.64,53.68,68.32,-19.52,-43.92,58.56,-4.88,0,146.4,107.36,39.04,112.24
-4.88,39.04,43.92,-14.64,-24.4,39.04,-14.64,-9.76,107.36,73.2,24.4,92.72
-14.64,29.28,43.92,-4.88,-29.28,34.16,-9.76,-4.88,97.6,63.44,24.4,97.6
14.64,29.28,14.64,-19.52,0,19.52,-19.52,-14.64,78.08,34.16,9.76,87.84
39.04,43.92,4.88,-39.04,14.64,24.4,-19.52,-19.52,63.44,19.52,0,73.2
14.64,39.04,24.4,-24.4,-4.88,29.28,-14.64,-14.64,63.44,14.64,9.76,82.96
-9.76,19.52,29.28,-4.88,-19.52,24.4,-24.4,-24.4,39.04,-9.76,-9.76,58.56
14.64,29.28,14.64,-19.52,0,19.52,-29.28,-24.4,24.4,-19.52,-19.52,58.56
-4.88,4.88,9.76,0,-9.76,4.88,-24.4,-24.4,19.52,-19.52,-19.52,58.56
-24.4,-14.64,9.76,19.52,-19.52,-4.88,-34.16,-24.4,9.76,-29.28,-29.28,48.8
-14.64,9.76,24.4,4.88,-19.52,14.64,-24.4,-24.4,9.76,-29.28,-29.28,53.68
-19.52,0,19.52,9.76,-19.52,9.76,-24.4,-19.52,0,-34.16,-34.16,53.68
-43.92,-14.64,29.28,29.28,-39.04,4.88,-24.4,-19.52,0,-39.04,-39.04,53.68
-29.28,-4.88,24.4,19.52,-29.28,9.76,-24.4,-24.4,-9.76,-53.68,-48.8,53.68
-14.64,-9.76,4.88,14.64,-9.76,-4.88,-34.16,-29.28,-24.4,-68.32,-58.56,39.04
-9.76,-9.76,0,9.76,-4.88,-4.88,-34.16,-29.28,-24.4,-73.2,-63.44,34.16
-19.52,-9.76,9.76,14.64,-14.64,0,-29.28,-29.28,-24.4,-73.2,-63.44,29.28
-24.4,-9.76,14.64,19.52,-19.52,0,-29.28,-29.28,-34.16,-78.08,-68.32,29.28
-19.52,-9.76,9.76,14.64,-14.64,0,-24.4,-29.28,-34.16,-82.96,-63.44,24.4
-9.76,-19.52,-9.76,14.64,0,-14.64,-34.16,-29.28,-39.04,-82.96,-63.44,24.4
-19.52,-19.52,0,19.52,-9.76,-9.76,-29.28,-29.28,-39.04,-78.08,-68.32,24.4
-4.88,-19.52,-14.64,14.64,4.88,-19.52,-34.16,-29.28,-43.92,-87.84,-68.32,19.52
-19.52,-24.4,-4.88,24.4,-9.76,-14.64,-29.28,-29.28,-43.92,-78.08,-63.44,24.4
-39.04,-19.52,19.52,29.28,-29.28,0,-14.64,-19.52,-34.16,-68.32,-53.68,34.16
-24.4,-24.4,0,24.4,-14.64,-14.64,-29.28,-29.28,-43.92,-82.96,-68.32,24.4
-19.52,-34.16,-14.64,29.28,-4.88,-24.4,-43.92,-48.8,-58.56,-97.6,-78.08,9.76
-29.28,-34.16,-4.88,34.16,-14.64,-19.52,-43.92,-43.92,-53.68,-87.84,-73.2,14.64
-34.16,-43.92,-9.76,39.04,-14.64,-29.28,-29.28,-29.28,-43.92,-82.96,-63.44,24.4
-48.8,-43.92,4.88,48.8,-29.28,-19.52,-34.16,-39.04,-48.8,-87.84,-73.2,14.64
0,-4.88,-4.88,4.88,0,-4.88,-34.16,-34.16,-48.8,-87.84,-68.32,14.64
14.64,-4.88,-19.52,-4.88,14.64,-14.64,-24.4,-29.28,-43.92,-78.08,-68.32,14.64
-4.88,-14.64,-9.76,9.76,0,-14.64,-19.52,-24.4,-34.16,-78.08,-58.56,19.52
-14.64,-29.28,-14.64,24.4,0,-24.4,-29.28,-29.28,-43.92,-87.84,-68.32,14.64
-34.16,-39.04,-4.88,39.04,-14.64,-24.4,-24.4,-29.28,-43.92,-92.72,-73.2,4.88
-24.4,-39.04,-14.64,34.16,-4.88,-29.28,-29.28,-29.28,-43.92,-97.6,-73.2,9.76
-34.16,-43.92,-9.76,39.04,-14.64,-29.28,-29.28,-29.28,-43.92,-102.48,-68.32,14.64
-39.04,-34.16,4.88,39.04,-24.4,-14.64,-24.4,-24.4,-34.16,-92.72,-68.32,14.64
-34.16,-34.16,0,34.16,-19.52,-19.52,-24.4,-29.28,-43.92,-92.72,-73.2,9.76
-29.28,-34.16,-4.88,34.16,-14.64,-19.52,-24.4,-29.28,-34.16,-92.72,-73.2,4.88
4.88,-19.52,-24.4,9.76,14.64,-24.4,-19.52,-19.52,-29.28,-87.84,-68.32,4.88
-9.76,-34.16,-24.4,24.4,4.88,-29.28,-29.28,-24.4,-39.04,-82.96,-73.2,-4.88
-34.16,-34.16,0,34.16,-19.52,-19.52,-9.76,-9.76,-29.28,-73.2,-63.44,4.88
-4.88,-4.88,0,4.88,-4.88,-4.88,-4.88,-9.76,-24.4,-73.2,-58.56,4.88
-4.88,-4.88,0,4.88,-4.88,-4.88,-9.76,-9.76,-24.4,-78.08,-68.32,0
-14.64,-24.4,-9.76,19.52,-4.88,-19.52,-19.52,-19.52,-34.16,-87.84,-73.2,-19.52
-29.28,-43.92,-14.64,39.04,-9.76,-29.28,-29.28,-29.28,-34.16,-97.6,-73.2,-24.4
-29.28,-43.92,-14.64,39.04,-9.76,-29.28,-34.16,-39.04,-39.04,-97.6,-87.84,-34.16
-19.52,-29.28,-9.76,24.4,-4.88,-19.52,-34.16,-34.16,-34.16,-97.6,-87.84,-29.28
-43.92,-29.28,14.64,39.04,-29.28,-9.76,-24.4,-24.4,-19.52,-78.08,-78.08,-4.88
-24.4,-24.4,0,24.4,-14.64,-14.64,-24.4,-24.4,-19.52,-78.08,-73.2,0
14.64,-14.64,-29.28,0,19.52,-24.4,-24.4,-24.4,-24.4,-78.08,-73.2,0
14.64,-14.64,-29.28,0,19.52,-24.4,-14.64,-24.4,-19.52,-68.32,-63.44,9.76
9.76,-19.52,-29.28,4.88,19.52,-24.4,-19.52,-19.52,-24.4,-63.44,-53.68,14.64
-9.76,-24.4,-14.64,19.52,0,-19.52,-14.64,-19.52,-14.64,-63.44,-53.68,9.76
-4.88,-19.52,-14.64,14.64,4.88,-19.52,-9.76,-14.64,-14.64,-63.44,-53.68,0
0,-24.4,-24.4,14.64,9.76,-24.4,-19.52,-24.4,-19.52,-73.2,-63.44,-9.76
-9.76,-34.16,-24.4,24.4,4.88,-29.28,-29.28,-34.16,-19.52,-78.08,-78.08,-24.4
-34.16,-29.28,4.88,34.16,-19.52,-14.64,-19.52,-24.4,-9.76,-73.2,-68.32,-14.64
-24.4,-24.4,0,24.4,-14.64,-14.64,-14.64,-19.52,-4.88,-58.56,-58.56,-4.88
-34.16,-14.64,19.52,24.4,-29.28,0,-9.76,-9.76,-4.88,-53.68,-48.8,0
-34.16,-24.4,9.76,29.28,-24.4,-9.76,-19.52,-19.52,-14.64,-63.44,-53.68,0
-14.64,-29.28,-14.64,24.4,0,-24.4,-29.28,-24.4,-19.52,-68.32,-63.44,-9.76
4.88,-29.28,-34.16,14.64,19.52,-34.16,-24.4,-19.52,-19.52,-68.32,-63.44,-9.76
4.88,-24.4,-29.28,9.76,14.64,-29.28,-19.52,-19.52,-14.64,-73.2,-63.44,-14.64
-39.04,-34.16,4.88,39.04,-24.4,-14.64,-24.4,-19.52,-14.64,-73.2,-68.32,-19.52
-24.4,-39.04,-14.64,34.16,-4.88,-29.28,-34.16,-29.28,-19.52,-78.08,-73.2,-24.4
0,-29.28,-29.28,14.64,14.64,-29.28,-43.92,-43.92,-29.28,-92.72,-82.96,-39.04
-48.8,-39.04,9.76,43.92,-29.28,-14.64,-34.16,-34.16,-19.52,-82.96,-73.2,-29.28
-58.56,-19.52,39.04,39.04,-48.8,9.76,-19.52,-19.52,-9.76,-63.44,-53.68,-4.88
-34.16,-19.52,14.64,29.28,-24.4,-4.88,-19.52,-24.4,-14.64,-68.32,-58.56,-4.88
-19.52,-24.4,-4.88,24.4,-9.76,-14.64,-24.4,-29.28,-24.4,-73.2,-68.32,-14.64
-9.76,-19.52,-9.76,14.64,0,-14.64,-29.28,-24.4,-19.52,-73.2,-63.44,-9.76
-19.52,-24.4,-4.88,24.4,-9.76,-14.64,-29.28,-24.4,-19.52,-73.2,-58.56,-9.76
-4.88,-19.52,-14.64,14.64,4.88,-19.52,-34.16,-34.16,-19.52,-78.08,-63.44,-4.88
-14.64,-24.4,-9.76,19.52,-4.88,-19.52,-29.28,-24.4,-19.52,-73.2,-53.68,-4.88
-24.4,-39.04,-14.64,34.16,-4.88,-29.28,-39.04,-34.16,-24.4,-78.08,-58.56,-14.64
-24.4,-19.52,4.88,24.4,-14.64,-9.76,-43.92,-43.92,-24.4,-87.84,-63.44,-19.52
-29.28,-4.88,24.4,19.52,-29.28,9.76,-43.92,-43.92,-19.52,-78.08,-53.68,-14.64
-14.64,-9.76,4.88,14.64,-9.76,-4.88,-39.04,-34.16,-24.4,-78.08,-53.68,-9.76
14.64,-9.76,-24.4,0,19.52,-19.52,-48.8,-43.92,-29.28,-87.84,-63.44,-24.4
-9.76,-14.64,-4.88,14.64,-4.88,-9.76,-43.92,-43.92,-29.28,-87.84,-58.56,-19.52
-29.28,-24.4,4.88,29.28,-19.52,-9.76,-39.04,-39.04,-29.28,-82.96,-53.68,-14.64
-29.28,-34.16,-4.88,34.16,-14.64,-19.52,-39.04,-39.04,-29.28,-82.96,-53.68,-9.76
-29.28,-29.28,0,29.28,-14.64,-14.64,-53.68,-58.56,-39.04,-97.6,-73.2,-29.28
-14.64,-4.88,9.76,9.76,-14.64,0,-58.56,-58.56,-43.92,-102.48,-68.32,-29.28
-34.16,-9.76,24.4,24.4,-29.28,4.88,-53.68,-53.68,-39.04,-92.72,-63.44,-9.76
-19.52,-9.76,9.76,14.64,-14.64,0,-58.56,-53.68,-39.04,-97.6,-68.32,-14.64
-9.76,-9.76,0,9.76,-4.88,-4.88,-63.44,-58.56,-43.92,-102.48,-73.2,-14.64
-19.52,-14.64,4.88,19.52,-14.64,-4.88,-68.32,-58.56,-48.8,-102.48,-73.2,-14.64
-24.4,-19.52,4.88,24.4,-14.64,-9.76,-58.56,-63.44,-43.92,-97.6,-73.2,-9.76
-24.4,-19.52,4.88,24.4,-14.64,-9.76,-58.56,-53.68,-43.92,-97.6,-78.08,-4.88
-43.92,-24.4,19.52,34.16,-34.16,-4.88,-58.56,-58.56,-53.68,-97.6,-78.08,-9.76
-19.52,-19.52,0,19.52,-9.76,-9.76,-63.44,-63.44,-58.56,-107.36,-78.08,-19.52
4.88,-9.76,-14.64,4.88,9.76,-14.64,-68.32,-63.44,-58.56,-112.24,-82.96,-39.04
-29.28,-19.52,9.76,24.4,-19.52,-4.88,-58.56,-63.44,-58.56,-112.24,-82.96,-39.04
-43.92,-19.52,24.4,34.16,-34.16,0,-63.44,-63.44,-63.44,-112.24,-78.08,-29.28
-4.88,-9.76,-4.88,9.76,0,-9.76,-78.08,-78.08,-68.32,-122,-82.96,-29.28
-14.64,-14.64,0,14.64,-9.76,-9.76,-78.08,-78.08,-68.32,-122,-78.08,-24.4
-29.28,-4.88,24.4,19.52,-29.28,9.76,-63.44,-63.44,-63.44,-107.36,-58.56,-9.76
-19.52,0,19.52,9.76,-19.52,9.76,-68.32,-63.44,-63.44,-112.24,-63.44,-19.52
-14.64,-14.64,0,14.64,-9.76,-9.76,-78.08,-73.2,-73.2,-117.12,-68.32,-24.4
-34.16,-19.52,14.64,29.28,-24.4,-4.88,-63.44,-73.2,-73.2,-117.12,-63.44,-14.64
-34.16,-19.52,14.64,29.28,-24.4,-4.88,-68.32,-73.2,-73.2,-112.24,-63.44,-14.64
-19.52,-24.4,-4.88,24.4,-9.76,-14.64,-78.08,-82.96,-78.08,-126.88,-78.08,-24.4
-29.28,-29.28,0,29.28,-14.64,-14.64,-78.08,-82.96,-82.96,-126.88,-78.08,-29.28
-24.4,-14.64,9.76,19.52,-19.52,-4.88,-82.96,-82.96,-87.84,-126.88,-78.08,-29.28
-19.52,-14.64,4.88,19.52,-14.64,-4.88,-92.72,-92.72,-87.84,-141.52,-92.72,-48.8
-43.92,-24.4,19.52,34.16,-34.16,-4.88,-92.72,-97.6,-87.84,-141.52,-97.6,-53.68
-39.04,-14.64,24.4,29.28,-34.16,4.88,-92.72,-92.72,-92.72,-136.64,-92.72,-48.8
-34.16,-24.4,9.76,29.28,-24.4,-9.76,-97.6,-97.6,-102.48,-141.52,-92.72,-43.92
-14.64,-14.64,0,14.64,-9.76,-9.76,-102.48,-92.72,-102.48,-141.52,-97.6,-43.92
-14.64,-9.76,4.88,14.64,-9.76,-4.88,-82.96,-87.84,-102.48,-131.76,-82.96,-34.16
0,-9.76,-9.76,4.88,4.88,-9.76,-82.96,-82.96,-102.48,-136.64,-78.08,-29.28
24.4,-9.76,-34.16,-4.88,29.28,-24.4,-102.48,-97.6,-112.24,-156.16,-92.72,-43.92
-19.52,-24.4,-4.88,24.4,-9.76,-14.64,-92.72,-97.6,-112.24,-151.28,-92.72,-29.28
-34.16,-43.92,-9.76,39.04,-14.64,-29.28,-102.48,-102.48,-112.24,-156.16,-92.72,-34.16
19.52,-24.4,-43.92,4.88,29.28,-34.16,-117.12,-107.36,-126.88,-170.8,-102.48,-43.92
-4.88,-29.28,-24.4,19.52,9.76,-29.28,-112.24,-112.24,-122,-165.92,-97.6,-39.04
-53.68,-24.4,29.28,39.04,-43.92,0,-87.84,-87.84,-107.36,-141.52,-68.32,-19.52
-82.96,-24.4,58.56,53.68,-73.2,14.64,-78.08,-78.08,-92.72,-131.76,-53.68,-4.88
-34.16,-34.16,0,34.16,-19.52,-19.52,-102.48,-102.48,-122,-151.28,-82.96,-29.28
-4.88,-34.16,-29.28,19.52,9.76,-34.16,-112.24,-107.36,-126.88,-156.16,-87.84,-34.16
0,-19.52,-19.52,9.76,9.76,-19.52,-102.48,-102.48,-126.88,-156.16,-82.96,-24.4
-43.92,-29.28,14.64,39.04,-29.28,-9.76,-92.72,-92.72,-117.12,-146.4,-73.2,-24.4
-43.92,-29.28,14.64,39.04,-29.28,-9.76,-87.84,-92.72,-117.12,-146.4,-73.2,-29.28
-4.88,-19.52,-14.64,14.64,4.88,-19.52,-97.6,-102.48,-122,-156.16,-82.96,-34.16
-4.88,-4.88,0,4.88,-4.88,-4.88,-97.6,-102.48,-122,-156.16,-82.96,-34.16
-14.64,4.88,19.52,4.88,-19.52,9.76,-92.72,-92.72,-112.24,-146.4,-73.2,-24.4
-39.04,-14.64,24.4,29.28,-34.16,4.88,-92.72,-97.6,-117.12,-151.28,-73.2,-29.28
-34.16,-19.52,14.64,29.28,-24.4,-4.88,-97.6,-102.48,-117.12,-156.16,-78.08,-34.16
-19.52,-14.64,4.88,19.52,-14.64,-4.88,-97.6,-102.48,-112.24,-156.16,-78.08,-34.16
9.76,-29.28,-39.04,9.76,24.4,-34.16,-102.48,-107.36,-122,-156.16,-82.96,-43.92
-4.88,-24.4,-19.52,14.64,4.88,-24.4,-107.36,-117.12,-126.88,-161.04,-82.96,-48.8
-19.52,-19.52,0,19.52,-9.76,-9.76,-112.24,-117.12,-126.88,-161.04,-87.84,-48.8
-4.88,-19.52,-14.64,14.64,4.88,-19.52,-122,-112.24,-131.76,-165.92,-87.84,-43.92
-4.88,-14.64,-9.76,9.76,0,-14.64,-122,-117.12,-136.64,-165.92,-87.84,-43.92
-19.52,-4.88,14.64,14.64,-19.52,4.88,-117.12,-117.12,-122,-161.04,-78.08,-34.16
-29.28,-14.64,14.64,24.4,-24.4,0,-126.88,-122,-131.76,-165.92,-82.96,-39.04
-34.16,-24.4,9.76,29.28,-24.4,-9.76,-117.12,-122,-136.64,-161.04,-78.08,-34.16
-58.56,-43.92,14.64,53.68,-39.04,-14.64,-136.64,-136.64,-141.52,-170.8,-87.84,-39.04
-58.56,-43.92,14.64,53.68,-39.04,-14.64,-136.64,-131.76,-136.64,-170.8,-82.96,-34.16
-29.28,-34.16,-4.88,34.16,-14.64,-19.52,-131.76,-131.76,-146.4,-170.8,-87.84,-39.04
-19.52,-29.28,-9.76,24.4,-4.88,-19.52,-136.64,-136.64,-146.4,-170.8,-92.72,-48.8
-9.76,-24.4,-14.64,19.52,0,-19.52,-136.64,-136.64,-141.52,-175.68,-92.72,-48.8
-9.76,-24.4,-14.64,19.52,0,-19.52,-131.76,-136.64,-141.52,-175.68,-97.6,-58.56
-14.64,-19.52,-4.88,19.52,-4.88,-14.64,-131.76,-136.64,-136.64,-165.92,-92.72,-68.32
-9.76,-19.52,-9.76,14.64,0,-14.64,-141.52,-141.52,-141.52,-170.8,-92.72,-73.2
-29.28,-34.16,-4.88,34.16,-14.64,-19.52,-141.52,-146.4,-136.64,-175.68,-92.72,-73.2
-24.4,-24.4,0,24.4,-14.64,-14.64,-136.64,-136.64,-136.64,-170.8,-82.96,-63.44
-4.88,-9.76,-4.88,9.76,0,-9.76,-136.64,-141.52,-136.64,-165.92,-78.08,-53.68
-29.28,-19.52,9.76,24.4,-19.52,-4.88,-136.64,-141.52,-136.64,-170.8,-73.2,-43.92
-48.8,-24.4,24.4,39.04,-39.04,0,-131.76,-131.76,-131.76,-161.04,-68.32,-34.16
-19.52,-24.4,-4.88,24.4,-9.76,-14.64,-141.52,-141.52,-141.52,-165.92,-73.2,-39.04
-4.88,-14.64,-9.76,9.76,0,-14.64,-151.28,-146.4,-146.4,-170.8,-78.08,-43.92
-19.52,-24.4,-4.88,24.4,-9.76,-14.64,-151.28,-146.4,-146.4,-170.8,-87.84,-48.8
-48.8,-34.16,14.64,43.92,-34.16,-9.76,-146.4,-151.28,-141.52,-170.8,-87.84,-53.68
-39.04,-19.52,19.52,29.28,-29.28,0,-146.4,-151.28,-141.52,-165.92,-87.84,-53.68
-24.4,-14.64,9.76,19.52,-19.52,-4.88,-151.28,-146.4,-141.52,-165.92,-82.96,-48.8
14.64,-19.52,-34.16,4.88,24.4,-29.28,-170.8,-165.92,-156.16,-185.44,-92.72,-58.56
14.64,-14.64,-29.28,0,19.52,-24.4,-161.04,-161.04,-151.28,-175.68,-87.84,-48.8
-9.76,-14.64,-4.88,14.64,-4.88,-9.76,-151.28,-146.4,-141.52,-165.92,-78.08,-39.04
-43.92,-34.16,9.76,39.04,-29.28,-14.64,-151.28,-151.28,-136.64,-165.92,-73.2,-43.92
-68.32,-39.04,29.28,53.68,-48.8,-4.88,-156.16,-156.16,-141.52,-161.04,-68.32,-39.04
-43.92,-39.04,4.88,43.92,-24.4,-19.52,-170.8,-170.8,-151.28,-175.68,-82.96,-48.8
-29.28,-29.28,0,29.28,-14.64,-14.64,-161.04,-161.04,-141.52,-170.8,-78.08,-48.8
-4.88,-29.28,-24.4,19.52,9.76,-29.28,-170.8,-170.8,-151.28,-180.56,-97.6,-68.32
-14.64,-29.28,-14.64,24.4,0,-24.4,-165.92,-170.8,-151.28,-175.68,-92.72,-58.56
-39.04,-29.28,9.76,34.16,-24.4,-9.76,-170.8,-175.68,-146.4,-180.56,-87.84,-53.68
-4.88,-29.28,-24.4,19.52,9.76,-29.28,-185.44,-180.56,-161.04,-180.56,-87.84,-53.68
14.64,-9.76,-24.4,0,19.52,-19.52,-180.56,-180.56,-151.28,-175.68,-73.2,-39.04
-34.16,-29.28,4.88,34.16,-19.52,-14.64,-170.8,-170.8,-146.4,-165.92,-63.44,-34.16
-34.16,-48.8,-14.64,43.92,-9.76,-34.16,-190.32,-185.44,-170.8,-190.32,-92.72,-53.68
-34.16,-58.56,-24.4,48.8,-4.88,-43.92,-185.44,-180.56,-165.92,-185.44,-87.84,-53.68
-78.08,-68.32,9.76,73.2,-43.92,-29.28,-180.56,-185.44,-156.16,-185.44,-87.84,-53.68
-53.68,-58.56,-4.88,58.56,-24.4,-34.16,-185.44,-185.44,-161.04,-190.32,-97.6,-63.44
-19.52,-39.04,-19.52,29.28,0,-29.28,-180.56,-180.56,-161.04,-185.44,-92.72,-63.44
-9.76,-24.4,-14.64,19.52,0,-19.52,-175.68,-170.8,-156.16,-180.56,-97.6,-73.2
-4.88,-14.64,-9.76,9.76,0,-14.64,-170.8,-170.8,-146.4,-180.56,-97.6,-82.96
-24.4,-9.76,14.64,19.52,-19.52,0,-165.92,-170.8,-141.52,-165.92,-87.84,-78.08
-39.04,-19.52,19.52,29.28,-29.28,0,-141.52,-146.4,-151.28,-170.8,-87.84,-68.32
-14.64,-24.4,-9.76,19.52,-4.88,-19.52,-122,-122,-156.16,-170.8,-87.84,-63.44
-4.88,-39.04,-34.16,24.4,14.64,-39.04,-112.24,-112.24,-156.16,-175.68,-82.96,-68.32
-14.64,-29.28,-14.64,24.4,0,-24.4,-102.48,-107.36,-161.04,-175.68,-82.96,-78.08
-19.52,-19.52,0,19.52,-9.76,-9.76,-92.72,-97.6,-161.04,-175.68,-82.96,-73.2
-19.52,-24.4,-4.88,24.4,-9.76,-14.64,-102.48,-102.48,-175.68,-185.44,-97.6,-82.96
-34.16,-24.4,9.76,29.28,-24.4,-9.76,-92.72,-92.72,-165.92,-180.56,-97.6,-78.08
-34.16,-34.16,0,34.16,-19.52,-19.52,-102.48,-102.48,-175.68,-185.44,-102.48,-82.96
-29.28,-29.28,0,29.28,-14.64,-14.64,-102.48,-102.48,-180.56,-190.32,-107.36,-82.96
-24.4,-24.4,0,24.4,-14.64,-14.64,-92.72,-92.72,-170.8,-190.32,-97.6,-68.32
-24.4,-14.64,9.76,19.52,-19.52,-4.88,-92.72,-87.84,-165.92,-180.56,-87.84,-63.44
-9.76,0,9.76,4.88,-9.76,4.88,-82.96,-87.84,-165.92,-175.68,-82.96,-63.44
-9.76,-9.76,0,9.76,-4.88,-4.88,-78.08,-78.08,-156.16,-170.8,-73.2,-53.68
-24.4,-29.28,-4.88,29.28,-9.76,-19.52,-82.96,-78.08,-161.04,-175.68,-78.08,-53.68
-34.16,-29.28,4.88,34.16,-19.52,-14.64,-82.96,-78.08,-165.92,-175.68,-78.08,-53.68
-34.16,-29.28,4.88,34.16,-19.52,-14.64,-82.96,-78.08,-165.92,-180.56,-82.96,-53.68
-19.52,-19.52,0,19.52,-9.76,-9.76,-82.96,-82.96,-165.92,-185.44,-82.96,-48.8
-14.64,-19.52,-4.88,19.52,-4.88,-14.64,-78.08,-78.08,-161.04,-180.56,-78.08,-53.68
-24.4,-24.4,0,24.4,-14.64,-14.64,-87.84,-78.08,-161.04,-175.68,-73.2,-58.56
-24.4,-19.52,4.88,24.4,-14.64,-9.76,-82.96,-82.96,-161.04,-180.56,-78.08,-53.68
-4.88,-14.64,-9.76,9.76,0,-14.64,-87.84,-78.08,-165.92,-175.68,-78.08,-53.68
-19.52,-24.4,-4.88,24.4,-9.76,-14.64,-87.84,-82.96,-175.68,-185.44,-87.84,-73.2
-43.92,-14.64,29.28,29.28,-39.04,4.88,-68.32,-68.32,-156.16,-170.8,-73.2,-58.56
-14.64,-14.64,0,14.64,-9.76,-9.76,-73.2,-78.08,-165.92,-180.56,-82.96,-73.2
-9.76,-24.4,-14.64,19.52,0,-19.52,-82.96,-82.96,-175.68,-190.32,-92.72,-78.08
-34.16,-34.16,0,34.16,-19.52,-19.52,-78.08,-82.96,-175.68,-185.44,-97.6,-78.08
-39.04,-34.16,4.88,39.04,-24.4,-14.64,-78.08,-78.08,-165.92,-190.32,-102.48,-87.84
-29.28,-34.16,-4.88,34.16,-14.64,-19.52,-78.08,-78.08,-170.8,-190.32,-102.48,-82.96
-34.16,-19.52,14.64,29.28,-24.4,-4.88,-78.08,-82.96,-170.8,-185.44,-102.48,-82.96
-34.16,-14.64,19.52,24.4,-29.28,0,-82.96,-82.96,-161.04,-185.44,-102.48,-78.08
-4.88,-14.64,-9.76,9.76,0,-14.64,-87.84,-92.72,-170.8,-190.32,-107.36,-82.96
-24.4,-29.28,-4.88,29.28,-9.76,-19.52,-87.84,-92.72,-180.56,-185.44,-102.48,-78.08
-19.52,-9.76,9.76,14.64,-14.64,0,-82.96,-87.84,-175.68,-180.56,-97.6,-63.44
24.4,4.88,-19.52,-14.64,19.52,-9.76,-82.96,-87.84,-170.8,-175.68,-97.6,-68.32
-4.88,-14.64,-9.76,9.76,0,-14.64,-68.32,-73.2,-161.04,-170.8,-82.96,-63.44
-43.92,-9.76,34.16,29.28,-39.04,9.76,-58.56,-58.56,-151.28,-165.92,-73.2,-53.68
-24.4,-9.76,14.64,19.52,-19.52,0,-68.32,-68.32,-161.04,-175.68,-87.84,-58.56
-29.28,-29.28,0,29.28,-14.64,-14.64,-87.84,-82.96,-170.8,-195.2,-102.48,-78.08
-19.52,-14.64,4.88,19.52,-14.64,-4.88,-82.96,-78.08,-165.92,-190.32,-97.6,-78.08
-4.88,4.88,9.76,0,-9.76,4.88,-82.96,-82.96,-165.92,-185.44,-102.48,-78.08
-9.76,0,9.76,4.88,-9.76,4.88,-87.84,-92.72,-165.92,-190.32,-112.24,-87.84
-34.16,-14.64,19.52,24.4,-29.28,0,-82.96,-82.96,-165.92,-180.56,-107.36,-87.84
-39.04,-24.4,14.64,34.16,-29.28,-4.88,-87.84,-87.84,-170.8,-180.56,-107.36,-82.96
-24.4,-19.52,4.88,24.4,-14.64,-9.76,-87.84,-87.84,-170.8,-185.44,-112.24,-92.72
-14.64,-14.64,0,14.64,-9.76,-9.76,-87.84,-87.84,-170.8,-185.44,-112.24,-97.6
-9.76,-14.64,-4.88,14.64,-4.88,-9.76,-82.96,-82.96,-170.8,-185.44,-112.24,-92.72
0,-9.76,-9.76,4.88,4.88,-9.76,-73.2,-68.32,-170.8,-185.44,-102.48,-87.84
9.76,-4.88,-14.64,0,9.76,-9.76,-48.8,-43.92,-165.92,-190.32,-102.48,-87.84
-29.28,0,29.28,14.64,-29.28,14.64,-24.4,-19.52,-156.16,-175.68,-87.84,-78.08
-29.28,-9.76,19.52,19.52,-24.4,4.88,-14.64,-9.76,-161.04,-180.56,-97.6,-78.08
-14.64,4.88,19.52,4.88,-19.52,9.76,-14.64,-14.64,-161.04,-175.68,-92.72,-73.2
0,4.88,4.88,0,-4.88,4.88,-9.76,-14.64,-170.8,-180.56,-102.48,-73.2
-24.4,-14.64,9.76,19.52,-19.52,-4.88,-9.76,-9.76,-165.92,-180.56,-102.48,-73.2
-48.8,-34.16,14.64,43.92,-34.16,-9.76,-4.88,-4.88,-170.8,-185.44,-107.36,-78.08
-43.92,-39.04,4.88,43.92,-24.4,-19.52,-4.88,-4.88,-170.8,-190.32,-112.24,-87.84
-9.76,-14.64,-4.88,14.64,-4.88,-9.76,0,-4.88,-170.8,-190.32,-117.12,-87.84
0,-9.76,-9.76,4.88,4.88,-9.76,9.76,9.76,-165.92,-185.44,-102.48,-87.84
9.76,4.88,-4.88,-4.88,4.88,0,19.52,19.52,-156.16,-175.68,-92.72,-78.08
-4.88,4.88,9.76,0,-9.76,4.88,0,4.88,-170.8,-185.44,-107.36,-97.6
-24.4,-4.88,19.52,14.64,-24.4,4.88,-4.88,-4.88,-185.44,-195.2,-117.12,-107.36
-19.52,-24.4,-4.88,24.4,-9.76,-14.64,-4.88,0,-175.68,-190.32,-117.12,-107.36
9.76,-19.52,-29.28,4.88,19.52,-24.4,-4.88,-4.88,-180.56,-195.2,-136.64,-112.24
-4.88,-4.88,0,4.88,-4.88,-4.88,0,0,-180.56,-195.2,-131.76,-107.36
-53.68,-9.76,43.92,34.16,-48.8,14.64,9.76,9.76,-175.68,-180.56,-117.12,-102.48
-24.4,-14.64,9.76,19.52,-19.52,-4.88,4.88,4.88,-180.56,-190.32,-126.88,-112.24
-9.76,-14.64,-4.88,14.64,-4.88,-9.76,0,4.88,-190.32,-200.08,-131.76,-112.24
-29.28,-29.28,0,29.28,-14.64,-14.64,-4.88,-4.88,-195.2,-200.08,-131.76,-117.12
14.64,-14.64,-29.28,0,19.52,-24.4,-9.76,-9.76,-195.2,-204.96,-131.76,-117.12
-9.76,-9.76,0,9.76,-4.88,-4.88,0,4.88,-180.56,-190.32,-117.12,-97.6
-48.8,0,48.8,24.4,-48.8,24.4,9.76,14.64,-175.68,-180.56,-102.48,-82.96
-4.88,4.88,9.76,0,-9.76,4.88,0,0,-180.56,-185.44,-107.36,-97.6
-19.52,-9.76,9.76,14.64,-14.64,0,0,0,-185.44,-180.56,-112.24,-92.72
-43.92,-9.76,34.16,29.28,-39.04,9.76,9.76,9.76,-170.8,-170.8,-102.48,-78.08
-14.64,4.88,19.52,4.88,-19.52,9.76,19.52,19.52,-161.04,-165.92,-92.72,-63.44
-24.4,-14.64,9.76,19.52,-19.52,-4.88,4.88,4.88,-175.68,-180.56,-107.36,-82.96
-14.64,-9.76,4.88,14.64,-9.76,-4.88,4.88,9.76,-175.68,-190.32,-117.12,-87.84
-34.16,-9.76,24.4,24.4,-29.28,4.88,9.76,4.88,-170.8,-190.32,-117.12,-92.72
-43.92,-19.52,24.4,34.16,-34.16,0,0,0,-175.68,-190.32,-122,-97.6
-9.76,0,9.76,4.88,-9.76,4.88,0,0,-180.56,-190.32,-122,-102.48
-14.64,-9.76,4.88,14.64,-9.76,-4.88,0,0,-180.56,-190.32,-117.12,-102.48
0,0,0,0,0,0,-4.88,0,-180.56,-185.44,-117.12,-107.36
14.64,0,-14.64,-4.88,14.64,-9.76,-4.88,0,-185.44,-190.32,-117.12,-112.24
14.64,0,-14.64,-4.88,14.64,-9.76,-4.88,-4.88,-185.44,-190.32,-122,-107.36
4.88,4.88,0,-4.88,0,0,14.64,9.76,-170.8,-170.8,-112.24,-87.84
-19.52,0,19.52,9.76,-19.52,9.76,9.76,9.76,-165.92,-170.8,-112.24,-87.84
-19.52,-4.88,14.64,14.64,-19.52,4.88,0,4.88,-175.68,-185.44,-122,-87.84
0,4.88,4.88,0,-4.88,4.88,0,0,-175.68,-190.32,-117.12,-82.96
9.76,0,-9.76,-4.88,9.76,-4.88,-4.88,0,-175.68,-185.44,-112.24,-82.96
19.52,4.88,-14.64,-9.76,14.64,-4.88,-4.88,-14.64,-175.68,-185.44,-112.24,-92.72
0,4.88,4.88,0,-4.88,4.88,-9.76,-9.76,-185.44,-190.32,-117.12,-97.6
-14.64,0,14.64,9.76,-14.64,4.88,-14.64,-9.76,-170.8,-185.44,-112.24,-97.6
-34.16,0,34.16,19.52,-34.16,14.64,0,9.76,-156.16,-165.92,-92.72,-78.08
-29.28,9.76,39.04,9.76,-34.16,24.4,4.88,14.64,-151.28,-161.04,-92.72,-78.08
-19.52,19.52,39.04,0,-29.28,29.28,4.88,4.88,-156.16,-161.04,-107.36,-82.96
-4.88,24.4,29.28,-9.76,-19.52,24.4,9.76,9.76,-151.28,-156.16,-102.48,-82.96
-24.4,19.52,43.92,4.88,-34.16,29.28,9.76,14.64,-151.28,-161.04,-102.48,-78.08
-14.64,24.4,39.04,-4.88,-29.28,29.28,4.88,9.76,-151.28,-165.92,-102.48,-82.96
0,24.4,24.4,-9.76,-14.64,24.4,9.76,9.76,-156.16,-161.04,-97.6,-82.96
4.88,34.16,29.28,-19.52,-14.64,29.28,9.76,4.88,-146.4,-151.28,-92.72,-78.08
-34.16,43.92,78.08,-4.88,-58.56,58.56,19.52,14.64,-126.88,-131.76,-73.2,-53.68
-39.04,48.8,87.84,-4.88,-63.44,68.32,24.4,24.4,-122,-126.88,-63.44,-43.92
-14.64,58.56,73.2,-19.52,-43.92,63.44,19.52,19.52,-131.76,-136.64,-73.2,-53.68
4.88,68.32,63.44,-34.16,-29.28,63.44,19.52,19.52,-131.76,-136.64,-73.2,-53.68
34.16,78.08,43.92,-53.68,-4.88,58.56,24.4,19.52,-126.88,-131.76,-73.2,-43.92
39.04,82.96,43.92,-58.56,-4.88,63.44,19.52,19.52,-126.88,-126.88,-73.2,-43.92
29.28,92.72,63.44,-58.56,-19.52,78.08,24.4,24.4,-112.24,-122,-63.44,-29.28
43.92,87.84,43.92,-63.44,0,63.44,9.76,14.64,-117.12,-131.76,-78.08,-39.04
39.04,102.48,63.44,-68.32,-14.64,82.96,19.52,19.52,-107.36,-117.12,-63.44,-24.4
9.76,112.24,102.48,-58.56,-48.8,107.36,29.28,29.28,-92.72,-97.6,-43.92,0
0,102.48,102.48,-48.8,-53.68,102.48,19.52,14.64,-97.6,-107.36,-48.8,-4.88
19.52,112.24,92.72,-63.44,-39.04,102.48,0,-4.88,-107.36,-107.36,-43.92,-4.88
53.68,136.64,82.96,-92.72,-14.64,107.36,-9.76,-9.76,-107.36,-112.24,-48.8,-14.64
43.92,141.52,97.6,-92.72,-29.28,117.12,-9.76,-9.76,-97.6,-97.6,-39.04,-14.64
9.76,141.52,131.76,-73.2,-63.44,136.64,-24.4,-19.52,-112.24,-92.72,-39.04,-14.64
14.64,126.88,112.24,-68.32,-48.8,117.12,-39.04,-43.92,-126.88,-112.24,-39.04,-24.4
43.92,126.88,82.96,-82.96,-19.52,102.48,-58.56,-58.56,-146.4,-126.88,-63.44,-43.92
43.92,151.28,107.36,-97.6,-34.16,126.88,-78.08,-78.08,-156.16,-141.52,-82.96,-68.32
29.28,131.76,102.48,-78.08,-39.04,117.12,-82.96,-78.08,-161.04,-141.52,-82.96,-68.32
39.04,131.76,92.72,-82.96,-29.28,112.24,-82.96,-78.08,-165.92,-136.64,-78.08,-68.32
19.52,141.52,122,-78.08,-53.68,131.76,-73.2,-73.2,-156.16,-131.76,-78.08,-48.8
24.4,161.04,136.64,-92.72,-58.56,146.4,-63.44,-63.44,-146.4,-117.12,-63.44,-34.16
39.04,141.52,102.48,-87.84,-34.16,122,-82.96,-82.96,-161.04,-131.76,-73.2,-34.16
29.28,112.24,82.96,-68.32,-29.28,97.6,-97.6,-92.72,-180.56,-151.28,-78.08,-39.04
-14.64,97.6,112.24,-39.04,-63.44,102.48,-92.72,-87.84,-180.56,-156.16,-82.96,-34.16
-14.64,107.36,122,-43.92,-68.32,112.24,-87.84,-97.6,-185.44,-156.16,-78.08,-24.4
29.28,126.88,97.6,-78.08,-34.16,112.24,-78.08,-82.96,-170.8,-151.28,-68.32,-19.52
53.68,141.52,87.84,-97.6,-19.52,112.24,-78.08,-82.96,-165.92,-151.28,-68.32,-19.52
0,117.12,117.12,-58.56,-58.56,117.12,-68.32,-73.2,-151.28,-136.64,-53.68,-19.52
9.76,102.48,92.72,-53.68,-43.92,97.6,-78.08,-78.08,-165.92,-146.4,-68.32,-39.04
29.28,78.08,48.8,-53.68,-9.76,63.44,-87.84,-92.72,-180.56,-165.92,-107.36,-58.56
24.4,73.2,48.8,-48.8,-14.64,58.56,-87.84,-92.72,-180.56,-156.16,-102.48,-63.44
4.88,63.44,58.56,-34.16,-29.28,58.56,-82.96,-87.84,-175.68,-156.16,-92.72,-58.56
29.28,53.68,24.4,-39.04,0,39.04,-102.48,-97.6,-190.32,-165.92,-107.36,-68.32
39.04,48.8,9.76,-43.92,14.64,29.28,-97.6,-97.6,-195.2,-175.68,-122,-78.08
24.4,43.92,19.52,-34.16,0,29.28,-87.84,-92.72,-200.08,-185.44,-126.88,-78.08
4.88,19.52,14.64,-9.76,-4.88,14.64,-92.72,-97.6,-204.96,-195.2,-136.64,-87.84
0,9.76,9.76,-4.88,-4.88,9.76,-97.6,-97.6,-200.08,-195.2,-141.52,-97.6
9.76,9.76,0,-9.76,4.88,4.88,-102.48,-97.6,-204.96,-200.08,-156.16,-117.12
14.64,14.64,0,-14.64,4.88,4.88,-97.6,-92.72,-204.96,-204.96,-161.04,-122
0,9.76,9.76,-4.88,-4.88,9.76,-92.72,-92.72,-204.96,-204.96,-165.92,-126.88
-9.76,0,9.76,4.88,-9.76,4.88,-92.72,-87.84,-200.08,-200.08,-161.04,-122
-9.76,0,9.76,4.88,-9.76,4.88,-87.84,-87.84,-200.08,-190.32,-146.4,-112.24
-14.64,-19.52,-4.88,19.52,-4.88,-14.64,-92.72,-87.84,-200.08,-195.2,-156.16,-112.24
-39.04,-39.04,0,39.04,-19.52,-19.52,-92.72,-87.84,-204.96,-200.08,-165.92,-117.12
-14.64,-29.28,-14.64,24.4,0,-24.4,-82.96,-78.08,-190.32,-200.08,-156.16,-112.24
-9.76,-19.52,-9.76,14.64,0,-14.64,-87.84,-87.84,-190.32,-200.08,-151.28,-107.36
-29.28,-39.04,-9.76,34.16,-9.76,-24.4,-92.72,-92.72,-195.2,-204.96,-161.04,-117.12
4.88,-39.04,-43.92,19.52,24.4,-43.92,-107.36,-107.36,-204.96,-214.72,-170.8,-131.76
14.64,-29.28,-43.92,9.76,29.28,-39.04,-107.36,-107.36,-209.84,-209.84,-170.8,-136.64
9.76,-19.52,-29.28,4.88,19.52,-24.4,-107.36,-107.36,-209.84,-209.84,-170.8,-141.52
0,-24.4,-24.4,14.64,9.76,-24.4,-107.36,-107.36,-204.96,-204.96,-165.92,-146.4
-4.88,-24.4,-19.52,14.64,4.88,-24.4,-102.48,-107.36,-200.08,-200.08,-165.92,-141.52
-14.64,-19.52,-4.88,19.52,-4.88,-14.64,-97.6,-102.48,-200.08,-204.96,-170.8,-136.64
9.76,-9.76,-19.52,0,14.64,-14.64,-107.36,-107.36,-200.08,-209.84,-170.8,-131.76
48.8,-4.88,-53.68,-19.52,48.8,-29.28,-112.24,-112.24,-204.96,-204.96,-175.68,-141.52
53.68,0,-53.68,-24.4,53.68,-29.28,-112.24,-122,-209.84,-214.72,-180.56,-151.28
24.4,-29.28,-53.68,4.88,39.04,-43.92,-117.12,-126.88,-219.6,-219.6,-190.32,-151.28
9.76,-29.28,-39.04,9.76,24.4,-34.16,-112.24,-112.24,-204.96,-209.84,-170.8,-146.4
-9.76,-29.28,-19.52,19.52,4.88,-24.4,-107.36,-107.36,-200.08,-195.2,-156.16,-131.76
-34.16,-34.16,0,34.16,-19.52,-19.52,-102.48,-107.36,-190.32,-190.32,-156.16,-126.88
-39.04,-24.4,14.64,34.16,-29.28,-4.88,-92.72,-97.6,-185.44,-180.56,-146.4,-117.12
-24.4,-24.4,0,24.4,-14.64,-14.64,-97.6,-102.48,-190.32,-190.32,-161.04,-131.76
-19.52,-34.16,-14.64,29.28,-4.88,-24.4,-112.24,-112.24,-200.08,-204.96,-180.56,-136.64
-34.16,-39.04,-4.88,39.04,-14.64,-24.4,-97.6,-97.6,-185.44,-195.2,-170.8,-126.88
-29.28,-48.8,-19.52,39.04,-4.88,-34.16,-102.48,-102.48,-170.8,-200.08,-170.8,-126.88
4.88,-34.16,-39.04,14.64,19.52,-39.04,-102.48,-102.48,-146.4,-195.2,-175.68,-126.88
29.28,4.88,-24.4,-14.64,24.4,-9.76,-107.36,-107.36,-146.4,-204.96,-190.32,-136.64
14.64,4.88,-9.76,-9.76,9.76,-4.88,-112.24,-117.12,-161.04,-209.84,-195.2,-151.28
0,-9.76,-9.76,4.88,4.88,-9.76,-112.24,-112.24,-161.04,-200.08,-180.56,-141.52
-9.76,-4.88,4.88,9.76,-9.76,0,-107.36,-102.48,-151.28,-180.56,-156.16,-122
29.28,4.88,-24.4,-14.64,24.4,-9.76,-117.12,-122,-161.04,-190.32,-161.04,-131.76
39.04,9.76,-29.28,-24.4,34.16,-9.76,-112.24,-117.12,-156.16,-185.44,-156.16,-131.76
34.16,-4.88,-39.04,-14.64,34.16,-24.4,-102.48,-107.36,-161.04,-190.32,-165.92,-131.76
4.88,-4.88,-9.76,0,4.88,-9.76,-107.36,-107.36,-161.04,-185.44,-161.04,-131.76
4.88,-19.52,-24.4,9.76,14.64,-24.4,-107.36,-117.12,-161.04,-180.56,-156.16,-126.88
-9.76,-39.04,-29.28,24.4,9.76,-34.16,-117.12,-126.88,-165.92,-195.2,-156.16,-126.88
-39.04,-39.04,0,39.04,-19.52,-19.52,-107.36,-117.12,-156.16,-185.44,-151.28,-122
-53.68,-43.92,9.76,48.8,-34.16,-19.52,-112.24,-122,-161.04,-185.44,-156.16,-126.88
-24.4,-34.16,-9.76,29.28,-9.76,-24.4,-112.24,-122,-161.04,-185.44,-151.28,-126.88
4.88,0,-4.88,0,4.88,-4.88,-117.12,-122,-165.92,-185.44,-141.52,-122
4.88,19.52,14.64,-9.76,-4.88,14.64,-97.6,-107.36,-146.4,-170.8,-126.88,-117.12
-19.52,39.04,58.56,-9.76,-39.04,48.8,-82.96,-92.72,-131.76,-156.16,-117.12,-112.24
-34.16,39.04,73.2,0,-53.68,53.68,-78.08,-87.84,-117.12,-156.16,-112.24,-117.12
0,68.32,68.32,-34.16,-34.16,68.32,-68.32,-78.08,-102.48,-146.4,-112.24,-117.12
19.52,107.36,87.84,-63.44,-34.16,97.6,-63.44,-63.44,-73.2,-112.24,-78.08,-92.72
0,122,122,-58.56,-63.44,122,-39.04,-39.04,-19.52,-43.92,-29.28,-58.56
-24.4,97.6,122,-34.16,-73.2,107.36,-9.76,-9.76,63.44,29.28,19.52,-19.52
-9.76,87.84,97.6,-39.04,-53.68,92.72,-9.76,-9.76,102.48,63.44,63.44,24.4
24.4,107.36,82.96,-63.44,-29.28,92.72,-29.28,-29.28,117.12,102.48,131.76,102.48
78.08,151.28,73.2,-112.24,0,112.24,-73.2,-78.08,122,200.08,258.64,219.6
126.88,224.48,97.6,-175.68,14.64,161.04,-146.4,-146.4,82.96,331.84,448.96,390.4
165.92,302.56,136.64,-234.24,14.64,219.6,-239.12,-239.12,29.28,473.36,668.56,610
258.64,385.52,126.88,-322.08,63.44,253.76,-322.08,-322.08,-53.68,575.84,854,814.96
312.32,453.84,141.52,-380.64,82.96,297.68,-434.32,-434.32,-200.08,614.88,1000.4,1010.16
366,551.44,185.44,-458.72,87.84,366,-561.2,-566.08,-395.28,619.76,1141.92,1224.88
429.44,619.76,190.32,-522.16,117.12,405.04,-649.04,-649.04,-561.2,595.36,1205.36,1366.4
497.76,570.96,73.2,-531.92,209.84,322.08,-653.92,-653.92,-614.88,619.76,1210.24,1420.08
580.72,434.32,-146.4,-507.52,361.12,141.52,-610,-610,-610,668.56,1161.44,1385.92
610,268.4,-341.6,-439.2,473.36,-39.04,-556.32,-561.2,-634.4,634.4,1039.44,1283.44
644.16,195.2,-448.96,-419.68,546.56,-126.88,-546.56,-551.44,-717.36,566.08,936.96,1190.72
644.16,165.92,-478.24,-405.04,561.2,-156.16,-551.44,-551.44,-805.2,512.4,863.76,1098
605.12,126.88,-478.24,-366,541.68,-175.68,-507.52,-512.4,-854,488,814.96,971.12
536.8,97.6,-439.2,-317.2,488,-170.8,-468.48,-478.24,-932.08,366,707.6,795.44
448.96,73.2,-375.76,-258.64,409.92,-151.28,-400.16,-409.92,-976,195.2,561.2,610
366,39.04,-326.96,-200.08,346.48,-146.4,-331.84,-341.6,-951.6,87.84,419.68,405.04
292.8,-19.52,-312.32,-136.64,302.56,-165.92,-253.76,-258.64,-907.68,-24.4,248.88,180.56
185.44,-68.32,-253.76,-58.56,219.6,-161.04,-214.72,-219.6,-917.44,-263.52,-9.76,-53.68
122,-58.56,-180.56,-29.28,151.28,-122,-161.04,-165.92,-941.84,-483.12,-239.12,-229.36
53.68,-39.04,-92.72,-4.88,73.2,-68.32,-136.64,-141.52,-961.36,-663.68,-424.56,-336.72
-19.52,-78.08,-58.56,48.8,19.52,-68.32,-146.4,-146.4,-976,-761.28,-522.16,-385.52
-43.92,-112.24,-68.32,78.08,9.76,-92.72,-156.16,-156.16,-985.76,-795.44,-561.2,-405.04
-29.28,-131.76,-102.48,82.96,34.16,-117.12,-141.52,-141.52,-980.88,-810.08,-580.72,-424.56
-68.32,-185.44,-117.12,126.88,24.4,-151.28,-185.44,-185.44,-976,-805.2,-585.6,-434.32
-102.48,-214.72,-112.24,161.04,4.88,-165.92,-253.76,-253.76,-951.6,-761.28,-551.44,-414.8
-87.84,-219.6,-131.76,156.16,19.52,-175.68,-278.16,-283.04,-878.4,-692.96,-497.76,-375.76
-73.2,-170.8,-97.6,122,9.76,-136.64,-278.16,-283.04,-775.92,-610,-439.2,-346.48
-34.16,-82.96,-48.8,58.56,4.88,-68.32,-253.76,-258.64,-639.28,-517.28,-380.64,-307.44
4.88,-53.68,-58.56,24.4,29.28,-58.56,-234.24,-239.12,-531.92,-453.84,-351.36,-302.56
0,-43.92,-43.92,24.4,19.52,-43.92,-200.08,-200.08,-444.08,-390.4,-331.84,-283.04
-43.92,-24.4,19.52,34.16,-34.16,-4.88,-141.52,-146.4,-346.48,-307.44,-278.16,-239.12
-24.4,-24.4,0,24.4,-14.64,-14.64,-122,-122,-278.16,-253.76,-248.88,-224.48
-4.88,-24.4,-19.52,14.64,4.88,-24.4,-102.48,-107.36,-209.84,-200.08,-209.84,-195.2
24.4,-34.16,-58.56,4.88,39.04,-48.8,-97.6,-97.6,-141.52,-146.4,-180.56,-170.8
48.8,-34.16,-82.96,-4.88,63.44,-58.56,-78.08,-78.08,-82.96,-112.24,-151.28,-151.28
24.4,-19.52,-43.92,0,34.16,-34.16,-39.04,-43.92,-24.4,-68.32,-107.36,-112.24
-14.64,-19.52,-4.88,19.52,-4.88,-14.64,-19.52,-19.52,9.76,-39.04,-92.72,-92.72
14.64,-24.4,-39.04,4.88,24.4,-34.16,-29.28,-29.28,0,-53.68,-112.24,-112.24
34.16,-29.28,-63.44,0,48.8,-48.8,-34.16,-39.04,4.88,-63.44,-122,-117.12
24.4,-19.52,-43.92,0,34.16,-34.16,-39.04,-34.16,9.76,-58.56,-122,-131.76
14.64,-14.64,-29.28,0,19.52,-24.4,-39.04,-34.16,9.76,-53.68,-117.12,-131.76
4.88,-19.52,-24.4,9.76,14.64,-24.4,-39.04,-34.16,24.4,-48.8,-112.24,-136.64
34.16,-34.16,-68.32,0,48.8,-53.68,-53.68,-48.8,19.52,-53.68,-126.88,-141.52
4.88,-39.04,-43.92,19.52,24.4,-43.92,-43.92,-43.92,24.4,-48.8,-122,-131.76
0,-34.16,-34.16,19.52,14.64,-34.16,-29.28,-34.16,34.16,-34.16,-117.12,-131.76
24.4,-34.16,-58.56,4.88,39.04,-48.8,-29.28,-34.16,43.92,-34.16,-112.24,-136.64
14.64,-29.28,-43.92,9.76,29.28,-39.04,-29.28,-29.28,48.8,-34.16,-117.12,-131.76
24.4,-24.4,-48.8,0,34.16,-39.04,-34.16,-34.16,43.92,-39.04,-117.12,-136.64
4.88,-24.4,-29.28,9.76,14.64,-29.28,-34.16,-34.16,58.56,-29.28,-112.24,-126.88
34.16,-19.52,-53.68,-4.88,43.92,-39.04,-29.28,-29.28,63.44,-24.4,-102.48,-117.12
34.16,-9.76,-43.92,-9.76,39.04,-29.28,-29.28,-34.16,68.32,-14.64,-97.6,-122
29.28,-4.88,-34.16,-9.76,29.28,-19.52,-29.28,-34.16,73.2,0,-97.6,-122
19.52,-19.52,-39.04,0,29.28,-29.28,-29.28,-34.16,78.08,4.88,-97.6,-117.12
4.88,-29.28,-34.16,14.64,19.52,-34.16,-24.4,-24.4,73.2,0,-97.6,-117.12
19.52,-19.52,-39.04,0,29.28,-29.28,-24.4,-24.4,73.2,4.88,-92.72,-117.12
29.28,-24.4,-53.68,0,39.04,-39.04,-29.28,-24.4,73.2,4.88,-92.72,-112.24
14.64,-29.28,-43.92,9.76,29.28,-39.04,-29.28,-29.28,82.96,4.88,-92.72,-107.36
9.76,-39.04,-48.8,14.64,29.28,-43.92,-29.28,-29.28,73.2,4.88,-87.84,-107.36
19.52,-24.4,-43.92,4.88,29.28,-34.16,-29.28,-34.16,78.08,4.88,-92.72,-107.36
29.28,-9.76,-39.04,-9.76,34.16,-24.4,-29.28,-34.16,78.08,9.76,-87.84,-107.36
4.88,-14.64,-19.52,4.88,9.76,-19.52,-29.28,-34.16,82.96,19.52,-78.08,-92.72
14.64,-9.76,-24.4,0,19.52,-19.52,-29.28,-34.16,87.84,29.28,-58.56,-78.08
14.64,-14.64,-29.28,0,19.52,-24.4,-24.4,-34.16,87.84,34.16,-68.32,-87.84
24.4,-19.52,-43.92,0,34.16,-34.16,-24.4,-29.28,92.72,34.16,-63.44,-92.72
43.92,-14.64,-58.56,-14.64,48.8,-39.04,-19.52,-24.4,102.48,39.04,-53.68,-82.96
53.68,-9.76,-63.44,-19.52,58.56,-39.04,-24.4,-29.28,97.6,34.16,-68.32,-82.96
63.44,-9.76,-73.2,-24.4,68.32,-43.92,-34.16,-39.04,97.6,24.4,-78.08,-97.6
58.56,-14.64,-73.2,-19.52,63.44,-43.92,-29.28,-34.16,97.6,29.28,-68.32,-97.6
14.64,-34.16,-48.8,9.76,29.28,-43.92,-34.16,-43.92,97.6,29.28,-73.2,-102.48
24.4,-24.4,-48.8,0,34.16,-39.04,-43.92,-48.8,102.48,29.28,-73.2,-112.24
14.64,-34.16,-48.8,9.76,29.28,-43.92,-43.92,-48.8,107.36,39.04,-73.2,-117.12
-4.88,-39.04,-34.16,24.4,14.64,-39.04,-29.28,-34.16,117.12,53.68,-58.56,-97.6
4.88,-19.52,-24.4,9.76,14.64,-24.4,-19.52,-19.52,136.64,73.2,-43.92,-82.96
-4.88,-14.64,-9.76,9.76,0,-14.64,-14.64,-14.64,141.52,82.96,-29.28,-73.2
24.4,-14.64,-39.04,-4.88,29.28,-29.28,-9.76,-14.64,141.52,82.96,-29.28,-73.2
39.04,-14.64,-53.68,-9.76,43.92,-34.16,-14.64,-14.64,141.52,78.08,-39.04,-78.08
43.92,-14.64,-58.56,-14.64,48.8,-39.04,-19.52,-19.52,146.4,73.2,-58.56,-87.84
34.16,-14.64,-48.8,-9.76,39.04,-34.16,-4.88,-4.88,156.16,82.96,-53.68,-87.84
0,-34.16,-34.16,19.52,14.64,-34.16,-19.52,-19.52,146.4,78.08,-63.44,-107.36
4.88,-48.8,-53.68,24.4,29.28,-53.68,-19.52,-24.4,151.28,82.96,-63.44,-112.24
34.16,-39.04,-73.2,4.88,53.68,-58.56,-9.76,-14.64,165.92,97.6,-43.92,-97.6
43.92,-19.52,-63.44,-9.76,53.68,-43.92,-14.64,-19.52,161.04,97.6,-43.92,-102.48
34.16,-24.4,-58.56,-4.88,43.92,-43.92,-14.64,-24.4,165.92,107.36,-39.04,-92.72
34.16,-24.4,-58.56,-4.88,43.92,-43.92,-9.76,-19.52,175.68,117.12,-24.4,-78.08
19.52,-24.4,-43.92,4.88,29.28,-34.16,4.88,-4.88,190.32,131.76,-14.64,-53.68
53.68,-19.52,-73.2,-14.64,63.44,-48.8,4.88,-4.88,190.32,131.76,-14.64,-53.68
34.16,-24.4,-58.56,-4.88,43.92,-43.92,0,-4.88,195.2,131.76,-14.64,-58.56
39.04,-19.52,-58.56,-9.76,48.8,-39.04,4.88,0,190.32,126.88,-14.64,-73.2
53.68,-19.52,-73.2,-14.64,63.44,-48.8,0,-4.88,195.2,136.64,-9.76,-78.08
34.16,-14.64,-48.8,-9.76,39.04,-34.16,4.88,0,214.72,146.4,0,-58.56
63.44,4.88,-58.56,-34.16,58.56,-29.28,4.88,4.88,219.6,161.04,4.88,-48.8
58.56,-9.76,-68.32,-24.4,63.44,-39.04,0,0,224.48,165.92,14.64,-48.8
34.16,-24.4,-58.56,-4.88,43.92,-43.92,-14.64,-14.64,219.6,161.04,-4.88,-63.44
48.8,-19.52,-68.32,-14.64,58.56,-43.92,-4.88,-4.88,229.36,170.8,0,-58.56
53.68,-24.4,-78.08,-14.64,63.44,-53.68,0,0,239.12,175.68,9.76,-58.56
63.44,-14.64,-78.08,-24.4,68.32,-48.8,9.76,9.76,253.76,190.32,14.64,-48.8
73.2,-14.64,-87.84,-29.28,78.08,-53.68,14.64,4.88,253.76,190.32,14.64,-48.8
43.92,-29.28,-73.2,-4.88,58.56,-53.68,14.64,4.88,253.76,190.32,19.52,-58.56
39.04,-29.28,-68.32,-4.88,53.68,-48.8,14.64,9.76,268.4,204.96,19.52,-53.68
58.56,-19.52,-78.08,-19.52,68.32,-48.8,14.64,4.88,278.16,209.84,24.4,-58.56
48.8,-24.4,-73.2,-9.76,58.56,-48.8,19.52,14.64,287.92,224.48,29.28,-53.68
53.68,-19.52,-73.2,-14.64,63.44,-48.8,14.64,9.76,297.68,229.36,34.16,-53.68
58.56,-14.64,-73.2,-19.52,63.44,-43.92,4.88,0,292.8,234.24,24.4,-63.44
58.56,-9.76,-68.32,-24.4,63.44,-39.04,19.52,14.64,307.44,244,39.04,-48.8
63.44,-9.76,-73.2,-24.4,68.32,-43.92,24.4,19.52,322.08,258.64,53.68,-29.28
58.56,-24.4,-82.96,-14.64,68.32,-53.68,14.64,9.76,322.08,253.76,48.8,-34.16
39.04,-29.28,-68.32,-4.88,53.68,-48.8,14.64,14.64,331.84,268.4,53.68,-29.28
63.44,-24.4,-87.84,-19.52,73.2,-58.56,14.64,14.64,331.84,273.28,68.32,-24.4
73.2,-29.28,-102.48,-19.52,87.84,-68.32,9.76,4.88,341.6,278.16,63.44,-29.28
73.2,-14.64,-87.84,-29.28,78.08,-53.68,14.64,9.76,356.24,287.92,68.32,-24.4
73.2,-14.64,-87.84,-29.28,78.08,-53.68,9.76,4.88,366,297.68,82.96,-19.52
63.44,-9.76,-73.2,-24.4,68.32,-43.92,24.4,19.52,390.4,326.96,102.48,-4.88
78.08,0,-78.08,-39.04,78.08,-39.04,14.64,14.64,400.16,341.6,107.36,-9.76
82.96,-14.64,-97.6,-34.16,87.84,-58.56,24.4,19.52,405.04,341.6,102.48,-14.64
73.2,-9.76,-82.96,-29.28,78.08,-48.8,34.16,29.28,424.56,370.88,117.12,4.88
73.2,9.76,-63.44,-39.04,68.32,-29.28,43.92,34.16,448.96,385.52,131.76,14.64
58.56,-9.76,-68.32,-24.4,63.44,-39.04,39.04,34.16,453.84,390.4,136.64,19.52
68.32,0,-68.32,-34.16,68.32,-34.16,43.92,43.92,458.72,400.16,136.64,24.4
87.84,4.88,-82.96,-43.92,82.96,-39.04,39.04,34.16,468.48,409.92,141.52,29.28
82.96,9.76,-73.2,-43.92,78.08,-34.16,34.16,34.16,478.24,429.44,151.28,24.4
82.96,9.76,-73.2,-43.92,78.08,-34.16,29.28,24.4,478.24,434.32,151.28,24.4
82.96,4.88,-78.08,-43.92,78.08,-39.04,24.4,19.52,488,444.08,161.04,29.28
82.96,14.64,-68.32,-48.8,73.2,-29.28,34.16,29.28,512.4,468.48,170.8,34.16
97.6,19.52,-78.08,-58.56,87.84,-29.28,39.04,34.16,517.28,473.36,185.44,43.92
82.96,0,-82.96,-39.04,82.96,-43.92,39.04,39.04,527.04,488,195.2,53.68
82.96,4.88,-78.08,-43.92,78.08,-39.04,39.04,39.04,531.92,497.76,195.2,39.04
112.24,9.76,-102.48,-58.56,107.36,-48.8,34.16,29.28,541.68,497.76,200.08,29.28
107.36,4.88,-102.48,-53.68,102.48,-48.8,39.04,39.04,556.32,517.28,219.6,43.92
102.48,0,-102.48,-48.8,102.48,-53.68,29.28,29.28,551.44,517.28,214.72,53.68
107.36,9.76,-97.6,-58.56,102.48,-43.92,24.4,19.52,551.44,522.16,219.6,43.92
92.72,24.4,-68.32,-58.56,78.08,-24.4,34.16,29.28,570.96,541.68,224.48,53.68
107.36,24.4,-82.96,-63.44,92.72,-29.28,34.16,29.28,585.6,556.32,229.36,53.68
112.24,24.4,-87.84,-68.32,97.6,-34.16,29.28,34.16,580.72,561.2,234.24,58.56
107.36,34.16,-73.2,-68.32,87.84,-19.52,39.04,43.92,595.36,580.72,258.64,73.2
122,24.4,-97.6,-73.2,107.36,-39.04,34.16,34.16,595.36,585.6,263.52,78.08
141.52,4.88,-136.64,-73.2,136.64,-68.32,24.4,29.28,590.48,580.72,253.76,68.32
102.48,4.88,-97.6,-53.68,97.6,-48.8,34.16,34.16,595.36,580.72,253.76,78.08
82.96,9.76,-73.2,-43.92,78.08,-34.16,29.28,34.16,585.6,580.72,258.64,73.2
136.64,43.92,-92.72,-87.84,112.24,-24.4,14.64,19.52,580.72,580.72,258.64,78.08
126.88,34.16,-92.72,-78.08,107.36,-29.28,9.76,14.64,585.6,595.36,268.4,87.84
102.48,9.76,-92.72,-53.68,97.6,-43.92,4.88,4.88,580.72,595.36,268.4,87.84
126.88,29.28,-97.6,-78.08,112.24,-34.16,4.88,9.76,580.72,605.12,278.16,97.6
131.76,53.68,-78.08,-92.72,102.48,-14.64,9.76,9.76,585.6,610,283.04,112.24
117.12,63.44,-53.68,-87.84,82.96,4.88,19.52,19.52,600.24,634.4,307.44,122
136.64,58.56,-78.08,-97.6,107.36,-9.76,9.76,14.64,595.36,634.4,312.32,126.88
136.64,48.8,-87.84,-92.72,112.24,-19.52,4.88,0,580.72,619.76,297.68,112.24
107.36,43.92,-63.44,-73.2,82.96,-9.76,0,0,580.72,614.88,297.68,112.24
126.88,34.16,-92.72,-78.08,107.36,-29.28,-9.76,-9.76,566.08,610,283.04,92.72
112.24,29.28,-82.96,-68.32,97.6,-29.28,-19.52,-14.64,561.2,600.24,278.16,87.84
117.12,34.16,-82.96,-73.2,97.6,-24.4,-19.52,-14.64,551.44,605.12,273.28,82.96
97.6,34.16,-63.44,-63.44,78.08,-14.64,-14.64,-14.64,551.44,605.12,278.16,87.84
97.6,39.04,-58.56,-68.32,78.08,-9.76,-19.52,-19.52,546.56,619.76,287.92,92.72
107.36,34.16,-73.2,-68.32,87.84,-19.52,-34.16,-34.16,536.8,610,283.04,102.48
141.52,39.04,-102.48,-87.84,122,-34.16,-43.92,-43.92,527.04,610,278.16,107.36
141.52,48.8,-92.72,-92.72,117.12,-24.4,-39.04,-39.04,527.04,605.12,287.92,117.12
126.88,48.8,-78.08,-87.84,102.48,-14.64,-39.04,-39.04,522.16,610,297.68,131.76
151.28,63.44,-87.84,-107.36,117.12,-14.64,-43.92,-48.8,502.64,595.36,292.8,131.76
156.16,78.08,-78.08,-117.12,117.12,0,-39.04,-43.92,497.76,595.36,297.68,136.64
107.36,68.32,-39.04,-87.84,73.2,14.64,-48.8,-58.56,483.12,580.72,297.68,136.64
92.72,48.8,-43.92,-68.32,68.32,0,-68.32,-73.2,453.84,556.32,283.04,112.24
107.36,58.56,-48.8,-82.96,78.08,4.88,-73.2,-78.08,439.2,551.44,278.16,107.36
107.36,58.56,-48.8,-82.96,78.08,4.88,-78.08,-73.2,424.56,541.68,278.16,112.24
92.72,53.68,-39.04,-73.2,63.44,4.88,-78.08,-78.08,414.8,527.04,268.4,102.48
92.72,58.56,-34.16,-73.2,63.44,9.76,-73.2,-73.2,395.28,507.52,268.4,102.48
102.48,68.32,-34.16,-82.96,68.32,14.64,-63.44,-68.32,385.52,492.88,253.76,92.72
126.88,82.96,-43.92,-102.48,82.96,19.52,-68.32,-73.2,361.12,473.36,248.88,97.6
117.12,73.2,-43.92,-92.72,78.08,14.64,-87.84,-92.72,326.96,434.32,224.48,87.84
87.84,58.56,-29.28,-73.2,58.56,14.64,-92.72,-92.72,302.56,414.8,224.48,92.72
82.96,73.2,-9.76,-78.08,43.92,29.28,-97.6,-102.48,283.04,395.28,224.48,102.48
82.96,78.08,-4.88,-78.08,43.92,34.16,-102.48,-107.36,258.64,370.88,214.72,92.72
73.2,73.2,0,-73.2,34.16,34.16,-107.36,-112.24,239.12,351.36,204.96,87.84
82.96,78.08,-4.88,-78.08,43.92,34.16,-112.24,-117.12,209.84,326.96,185.44,78.08
87.84,73.2,-14.64,-78.08,48.8,29.28,-122,-122,190.32,302.56,165.92,68.32
68.32,43.92,-24.4,-53.68,43.92,9.76,-126.88,-126.88,161.04,273.28,146.4,58.56
39.04,34.16,-4.88,-34.16,19.52,14.64,-126.88,-122,141.52,244,131.76,48.8
43.92,48.8,4.88,-43.92,19.52,24.4,-122,-122,126.88,219.6,126.88,53.68
58.56,48.8,-9.76,-53.68,34.16,19.52,-122,-122,107.36,200.08,126.88,53.68
53.68,53.68,0,-53.68,24.4,24.4,-122,-117.12,92.72,175.68,122,53.68
43.92,58.56,14.64,-48.8,14.64,34.16,-117.12,-117.12,73.2,156.16,102.48,39.04
63.44,82.96,19.52,-73.2,19.52,48.8,-117.12,-117.12,58.56,146.4,102.48,39.04
19.52,68.32,48.8,-43.92,-14.64,58.56,-102.48,-102.48,53.68,141.52,102.48,43.92
9.76,39.04,29.28,-24.4,-9.76,34.16,-122,-122,24.4,107.36,73.2,19.52
24.4,34.16,9.76,-29.28,4.88,19.52,-122,-126.88,9.76,82.96,63.44,9.76
29.28,48.8,19.52,-39.04,4.88,34.16,-107.36,-117.12,4.88,73.2,58.56,9.76
24.4,48.8,24.4,-34.16,0,34.16,-102.48,-107.36,0,68.32,53.68,4.88
24.4,29.28,4.88,-24.4,9.76,14.64,-112.24,-117.12,-24.4,48.8,34.16,-4.88
34.16,24.4,-9.76,-29.28,19.52,4.88,-107.36,-112.24,-34.16,34.16,34.16,-4.88
19.52,9.76,-9.76,-14.64,14.64,0,-102.48,-112.24,-43.92,19.52,29.28,-4.88
19.52,9.76,-9.76,-14.64,14.64,0,-107.36,-117.12,-53.68,4.88,14.64,-14.64
19.52,19.52,0,-19.52,9.76,9.76,-112.24,-117.12,-63.44,-4.88,4.88,-19.52
14.64,4.88,-9.76,-9.76,9.76,-4.88,-107.36,-117.12,-68.32,-14.64,0,-24.4
0,0,0,0,0,0,-107.36,-112.24,-73.2,-19.52,-4.88,-24.4
-9.76,9.76,19.52,0,-14.64,14.64,-107.36,-107.36,-78.08,-29.28,-9.76,-29.28
14.64,9.76,-4.88,-9.76,9.76,0,-102.48,-102.48,-87.84,-39.04,-19.52,-39.04
-14.64,0,14.64,9.76,-14.64,4.88,-78.08,-78.08,-68.32,-29.28,0,-24.4
-43.92,-24.4,19.52,34.16,-34.16,-4.88,-68.32,-73.2,-73.2,-34.16,0,-24.4
-19.52,-29.28,-9.76,24.4,-4.88,-19.52,-87.84,-92.72,-92.72,-58.56,-29.28,-43.92
-24.4,-14.64,9.76,19.52,-19.52,-4.88,-92.72,-92.72,-97.6,-63.44,-34.16,-43.92
-24.4,-19.52,4.88,24.4,-14.64,-9.76,-92.72,-92.72,-97.6,-68.32,-48.8,-53.68
24.4,-14.64,-39.04,-4.88,29.28,-29.28,-92.72,-92.72,-102.48,-73.2,-48.8,-58.56
14.64,-19.52,-34.16,4.88,24.4,-29.28,-87.84,-92.72,-102.48,-78.08,-48.8,-58.56
4.88,-29.28,-34.16,14.64,19.52,-34.16,-87.84,-87.84,-107.36,-78.08,-53.68,-68.32
4.88,-34.16,-39.04,14.64,19.52,-39.04,-78.08,-78.08,-97.6,-78.08,-53.68,-73.2
0,-43.92,-43.92,24.4,19.52,-43.92,-68.32,-68.32,-92.72,-78.08,-53.68,-68.32
-24.4,-43.92,-19.52,34.16,-4.88,-34.16,-58.56,-58.56,-87.84,-68.32,-43.92,-63.44
-19.52,-48.8,-29.28,34.16,4.88,-39.04,-58.56,-58.56,-97.6,-78.08,-48.8,-68.32
-9.76,-53.68,-43.92,34.16,14.64,-48.8,-68.32,-68.32,-117.12,-97.6,-68.32,-97.6
-19.52,-48.8,-29.28,34.16,4.88,-39.04,-58.56,-58.56,-102.48,-87.84,-58.56,-82.96
-4.88,-48.8,-43.92,29.28,19.52,-48.8,-58.56,-53.68,-102.48,-87.84,-63.44,-87.84
-9.76,-39.04,-29.28,24.4,9.76,-34.16,-68.32,-68.32,-102.48,-82.96,-68.32,-82.96
-39.04,-53.68,-14.64,48.8,-14.64,-34.16,-63.44,-63.44,-102.48,-82.96,-63.44,-82.96
-14.64,-48.8,-34.16,34.16,9.76,-43.92,-58.56,-58.56,-102.48,-78.08,-53.68,-68.32
9.76,-34.16,-43.92,14.64,24.4,-39.04,-68.32,-68.32,-97.6,-82.96,-63.44,-68.32
-4.88,-34.16,-29.28,19.52,9.76,-34.16,-53.68,-58.56,-92.72,-73.2,-53.68,-58.56
-9.76,-39.04,-29.28,24.4,9.76,-34.16,-48.8,-58.56,-92.72,-78.08,-53.68,-58.56
0,-43.92,-43.92,24.4,19.52,-43.92,-48.8,-53.68,-92.72,-73.2,-53.68,-63.44
4.88,-48.8,-53.68,24.4,29.28,-53.68,-58.56,-63.44,-92.72,-82.96,-68.32,-78.08
-14.64,-63.44,-48.8,39.04,14.64,-58.56,-58.56,-63.44,-97.6,-87.84,-73.2,-87.84
-9.76,-53.68,-43.92,34.16,14.64,-48.8,-53.68,-58.56,-92.72,-82.96,-63.44,-78.08
-4.88,-39.04,-34.16,24.4,14.64,-39.04,-53.68,-58.56,-78.08,-73.2,-58.56,-68.32
-9.76,-43.92,-34.16,29.28,9.76,-39.04,-53.68,-63.44,-78.08,-73.2,-63.44,-68.32
-24.4,-53.68,-29.28,39.04,0,-43.92,-48.8,-53.68,-73.2,-68.32,-53.68,-73.2
-43.92,-53.68,-9.76,48.8,-19.52,-34.16,-48.8,-53.68,-68.32,-63.44,-48.8,-68.32
-43.92,-43.92,0,43.92,-24.4,-24.4,-34.16,-39.04,-43.92,-43.92,-34.16,-58.56
-9.76,-43.92,-34.16,29.28,9.76,-39.04,-39.04,-43.92,-58.56,-58.56,-48.8,-73.2
-19.52,-48.8,-29.28,34.16,4.88,-39.04,-39.04,-39.04,-53.68,-53.68,-48.8,-78.08
-14.64,-53.68,-39.04,34.16,9.76,-48.8,-43.92,-43.92,-58.56,-63.44,-63.44,-92.72
-14.64,-43.92,-29.28,29.28,4.88,-39.04,-43.92,-43.92,-58.56,-63.44,-68.32,-92.72
-14.64,-43.92,-29.28,29.28,4.88,-39.04,-48.8,-53.68,-53.68,-58.56,-63.44,-87.84
-19.52,-53.68,-34.16,39.04,4.88,-43.92,-58.56,-58.56,-58.56,-73.2,-68.32,-97.6
-43.92,-68.32,-24.4,58.56,-9.76,-48.8,-63.44,-63.44,-68.32,-73.2,-73.2,-102.48
-43.92,-63.44,-19.52,53.68,-14.64,-43.92,-58.56,-58.56,-53.68,-58.56,-53.68,-82.96
-43.92,-58.56,-14.64,53.68,-14.64,-39.04,-48.8,-53.68,-48.8,-53.68,-48.8,-73.2
-14.64,-53.68,-39.04,34.16,9.76,-48.8,-53.68,-58.56,-48.8,-48.8,-48.8,-68.32
-9.76,-58.56,-48.8,34.16,19.52,-53.68,-43.92,-48.8,-34.16,-48.8,-48.8,-63.44
-19.52,-78.08,-58.56,48.8,19.52,-68.32,-39.04,-48.8,-34.16,-43.92,-48.8,-58.56
-19.52,-68.32,-48.8,43.92,14.64,-58.56,-34.16,-39.04,-34.16,-43.92,-43.92,-53.68
-29.28,-43.92,-14.64,39.04,-9.76,-29.28,-34.16,-39.04,-24.4,-34.16,-34.16,-43.92
-24.4,-43.92,-19.52,34.16,-4.88,-34.16,-39.04,-43.92,-29.28,-39.04,-34.16,-48.8
-4.88,-34.16,-29.28,19.52,9.76,-34.16,-39.04,-48.8,-24.4,-39.04,-39.04,-58.56
-9.76,-53.68,-43.92,34.16,14.64,-48.8,-43.92,-53.68,-34.16,-53.68,-58.56,-82.96
-9.76,-63.44,-53.68,39.04,19.52,-58.56,-48.8,-58.56,-39.04,-53.68,-58.56,-87.84
-24.4,-53.68,-29.28,39.04,0,-43.92,-43.92,-39.04,-29.28,-39.04,-48.8,-78.08
-19.52,-48.8,-29.28,34.16,4.88,-39.04,-48.8,-43.92,-29.28,-43.92,-53.68,-82.96
0,-43.92,-43.92,24.4,19.52,-43.92,-43.92,-43.92,-34.16,-48.8,-63.44,-92.72
-34.16,-43.92,-9.76,39.04,-14.64,-29.28,-24.4,-19.52,-14.64,-29.28,-43.92,-68.32
-39.04,-58.56,-19.52,48.8,-9.76,-39.04,-29.28,-29.28,-24.4,-39.04,-48.8,-73.2
-29.28,-58.56,-29.28,43.92,0,-43.92,-39.04,-39.04,-34.16,-43.92,-48.8,-73.2
-39.04,-53.68,-14.64,48.8,-14.64,-34.16,-34.16,-34.16,-19.52,-34.16,-39.04,-63.44
-9.76,-48.8,-39.04,29.28,14.64,-43.92,-48.8,-43.92,-39.04,-48.8,-53.68,-73.2
-24.4,-53.68,-29.28,39.04,0,-43.92,-39.04,-39.04,-19.52,-43.92,-48.8,-68.32
-39.04,-48.8,-9.76,43.92,-14.64,-29.28,-34.16,-34.16,-19.52,-39.04,-48.8,-58.56
-19.52,-43.92,-24.4,34.16,0,-34.16,-29.28,-29.28,-14.64,-29.28,-43.92,-53.68
-48.8,-58.56,-9.76,53.68,-19.52,-34.16,-24.4,-24.4,-4.88,-19.52,-24.4,-43.92
-68.32,-58.56,9.76,63.44,-39.04,-24.4,-24.4,-19.52,-14.64,-29.28,-29.28,-48.8
-68.32,-58.56,9.76,63.44,-39.04,-24.4,-14.64,-14.64,-14.64,-24.4,-24.4,-43.92
-53.68,-68.32,-14.64,63.44,-19.52,-43.92,-24.4,-24.4,-19.52,-39.04,-43.92,-58.56
-14.64,-58.56,-43.92,39.04,14.64,-53.68,-24.4,-24.4,-24.4,-39.04,-43.92,-58.56
4.88,-29.28,-34.16,14.64,19.52,-34.16,-19.52,-19.52,-14.64,-34.16,-34.16,-53.68
-19.52,-48.8,-29.28,34.16,4.88,-39.04,-29.28,-29.28,-24.4,-43.92,-43.92,-73.2
0,-48.8,-48.8,24.4,24.4,-48.8,-39.04,-34.16,-29.28,-58.56,-58.56,-87.84
-24.4,-39.04,-14.64,34.16,-4.88,-29.28,-24.4,-19.52,-14.64,-34.16,-29.28,-58.56
-39.04,-39.04,0,39.04,-19.52,-19.52,-29.28,-19.52,-14.64,-34.16,-34.16,-53.68
0,-39.04,-39.04,19.52,19.52,-39.04,-39.04,-34.16,-24.4,-48.8,-43.92,-63.44
-29.28,-58.56,-29.28,43.92,0,-43.92,-43.92,-39.04,-34.16,-58.56,-43.92,-63.44
-48.8,-73.2,-24.4,63.44,-14.64,-48.8,-34.16,-29.28,-34.16,-58.56,-39.04,-53.68
-34.16,-48.8,-14.64,43.92,-9.76,-34.16,-29.28,-24.4,-29.28,-58.56,-43.92,-58.56
-53.68,-58.56,-4.88,58.56,-24.4,-34.16,-29.28,-34.16,-24.4,-58.56,-43.92,-63.44
-29.28,-53.68,-24.4,43.92,-4.88,-39.04,-29.28,-29.28,-29.28,-58.56,-48.8,-68.32
-9.76,-43.92,-34.16,29.28,9.76,-39.04,-24.4,-24.4,-24.4,-58.56,-48.8,-63.44
-9.76,-39.04,-29.28,24.4,9.76,-34.16,-29.28,-34.16,-29.28,-68.32,-53.68,-58.56
-19.52,-48.8,-29.28,34.16,4.88,-39.04,-24.4,-29.28,-29.28,-58.56,-53.68,-53.68
-14.64,-34.16,-19.52,24.4,0,-29.28,-29.28,-29.28,-34.16,-63.44,-48.8,-48.8
-24.4,-43.92,-19.52,34.16,-4.88,-34.16,-24.4,-24.4,-29.28,-63.44,-48.8,-48.8
-39.04,-63.44,-24.4,53.68,-9.76,-43.92,-19.52,-19.52,-29.28,-63.44,-48.8,-53.68
-34.16,-63.44,-29.28,48.8,-4.88,-48.8,-19.52,-24.4,-34.16,-68.32,-53.68,-68.32
-4.88,-53.68,-48.8,29.28,19.52,-53.68,-24.4,-29.28,-39.04,-78.08,-68.32,-78.08
-4.88,-43.92,-39.04,24.4,14.64,-43.92,-24.4,-34.16,-43.92,-82.96,-73.2,-82.96
-14.64,-58.56,-43.92,39.04,14.64,-53.68,-29.28,-39.04,-53.68,-87.84,-78.08,-82.96
-24.4,-63.44,-39.04,43.92,4.88,-53.68,-24.4,-29.28,-53.68,-92.72,-73.2,-78.08
-39.04,-48.8,-9.76,43.92,-14.64,-29.28,-14.64,-14.64,-43.92,-78.08,-63.44,-63.44
-48.8,-58.56,-9.76,53.68,-19.52,-34.16,-9.76,-9.76,-39.04,-73.2,-58.56,-53.68
-39.04,-63.44,-24.4,53.68,-9.76,-43.92,-19.52,-19.52,-43.92,-78.08,-48.8,-39.04
-39.04,-63.44,-24.4,53.68,-9.76,-43.92,-24.4,-24.4,-53.68,-82.96,-53.68,-43.92
-34.16,-58.56,-24.4,48.8,-4.88,-43.92,-24.4,-24.4,-48.8,-87.84,-48.8,-39.04
-34.16,-63.44,-29.28,48.8,-4.88,-48.8,-9.76,-9.76,-39.04,-73.2,-29.28,-19.52
-24.4,-53.68,-29.28,39.04,0,-43.92,-9.76,-9.76,-43.92,-78.08,-34.16,-19.52
-24.4,-58.56,-34.16,43.92,4.88,-48.8,-9.76,-9.76,-43.92,-82.96,-53.68,-29.28
-53.68,-97.6,-43.92,78.08,-4.88,-73.2,-24.4,-24.4,-58.56,-92.72,-58.56,-43.92
-39.04,-82.96,-43.92,63.44,0,-63.44,-29.28,-29.28,-63.44,-102.48,-73.2,-63.44
-19.52,-58.56,-39.04,39.04,9.76,-48.8,-34.16,-34.16,-68.32,-112.24,-87.84,-87.84
-29.28,-73.2,-43.92,53.68,4.88,-58.56,-34.16,-34.16,-63.44,-102.48,-87.84,-87.84
-9.76,-53.68,-43.92,34.16,14.64,-48.8,-24.4,-19.52,-58.56,-97.6,-78.08,-78.08
-24.4,-58.56,-34.16,43.92,4.88,-48.8,-14.64,-14.64,-53.68,-97.6,-63.44,-63.44
-34.16,-58.56,-24.4,48.8,-4.88,-43.92,-14.64,-14.64,-63.44,-112.24,-73.2,-73.2
-34.16,-48.8,-14.64,43.92,-9.76,-34.16,-4.88,-4.88,-48.8,-92.72,-63.44,-58.56
-43.92,-39.04,4.88,43.92,-24.4,-19.52,0,0,-43.92,-87.84,-63.44,-48.8
-39.04,-48.8,-9.76,43.92,-14.64,-29.28,-19.52,-19.52,-58.56,-112.24,-82.96,-73.2
-48.8,-73.2,-24.4,63.44,-14.64,-48.8,-34.16,-34.16,-68.32,-126.88,-102.48,-97.6
-68.32,-78.08,-9.76,73.2,-29.28,-43.92,-24.4,-24.4,-63.44,-112.24,-87.84,-78.08
-29.28,-68.32,-39.04,48.8,4.88,-53.68,-19.52,-19.52,-63.44,-112.24,-82.96,-78.08
-14.64,-68.32,-53.68,43.92,19.52,-63.44,-24.4,-24.4,-58.56,-107.36,-82.96,-73.2
-9.76,-63.44,-53.68,39.04,19.52,-58.56,-29.28,-34.16,-73.2,-112.24,-82.96,-68.32
-43.92,-68.32,-24.4,58.56,-9.76,-48.8,-14.64,-19.52,-58.56,-97.6,-68.32,-48.8
-48.8,-63.44,-14.64,58.56,-19.52,-39.04,0,0,-48.8,-92.72,-63.44,-39.04
-48.8,-53.68,-4.88,53.68,-24.4,-29.28,4.88,4.88,-43.92,-97.6,-63.44,-29.28
-43.92,-58.56,-14.64,53.68,-14.64,-39.04,4.88,4.88,-53.68,-97.6,-68.32,-34.16
-48.8,-68.32,-19.52,58.56,-14.64,-43.92,-4.88,-4.88,-58.56,-107.36,-73.2,-39.04
-48.8,-78.08,-29.28,63.44,-9.76,-53.68,-9.76,-14.64,-68.32,-112.24,-78.08,-58.56
-48.8,-68.32,-19.52,58.56,-14.64,-43.92,-19.52,-24.4,-78.08,-122,-87.84,-73.2
-39.04,-73.2,-34.16,58.56,-4.88,-53.68,-29.28,-29.28,-82.96,-122,-92.72,-82.96
-53.68,-82.96,-29.28,68.32,-14.64,-58.56,-14.64,-9.76,-68.32,-112.24,-82.96,-68.32
-82.96,-97.6,-14.64,92.72,-34.16,-58.56,-9.76,-9.76,-68.32,-107.36,-87.84,-68.32
-39.04,-73.2,-34.16,58.56,-4.88,-53.68,-14.64,-14.64,-68.32,-112.24,-87.84,-78.08
-19.52,-68.32,-48.8,43.92,14.64,-58.56,-9.76,-14.64,-68.32,-117.12,-87.84,-73.2
-34.16,-68.32,-34.16,53.68,0,-53.68,-4.88,-9.76,-63.44,-112.24,-78.08,-68.32
-43.92,-63.44,-19.52,53.68,-14.64,-43.92,4.88,4.88,-53.68,-102.48,-68.32,-58.56
-73.2,-78.08,-4.88,78.08,-34.16,-43.92,0,-4.88,-58.56,-107.36,-73.2,-68.32
-48.8,-78.08,-29.28,63.44,-9.76,-53.68,-14.64,-14.64,-63.44,-117.12,-92.72,-73.2
-48.8,-78.08,-29.28,63.44,-9.76,-53.68,-14.64,-19.52,-68.32,-117.12,-87.84,-68.32
-29.28,-82.96,-53.68,58.56,9.76,-68.32,-24.4,-29.28,-73.2,-122,-92.72,-68.32
-34.16,-87.84,-53.68,63.44,9.76,-73.2,-24.4,-24.4,-68.32,-117.12,-78.08,-53.68
-63.44,-87.84,-24.4,78.08,-19.52,-58.56,-14.64,-14.64,-63.44,-112.24,-68.32,-39.04
-78.08,-107.36,-29.28,92.72,-24.4,-68.32,-19.52,-19.52,-73.2,-112.24,-73.2,-43.92
-43.92,-87.84,-43.92,68.32,0,-68.32,-14.64,-19.52,-68.32,-117.12,-78.08,-43.92
-78.08,-97.6,-19.52,87.84,-29.28,-58.56,-14.64,-14.64,-63.44,-117.12,-78.08,-48.8
-53.68,-87.84,-34.16,73.2,-9.76,-63.44,-14.64,-14.64,-68.32,-117.12,-78.08,-48.8
-19.52,-68.32,-48.8,43.92,14.64,-58.56,-14.64,-14.64,-63.44,-117.12,-78.08,-48.8
-48.8,-78.08,-29.28,63.44,-9.76,-53.68,-14.64,-14.64,-63.44,-122,-82.96,-53.68
-48.8,-92.72,-43.92,73.2,-4.88,-68.32,-19.52,-19.52,-63.44,-126.88,-82.96,-63.44
-48.8,-97.6,-48.8,73.2,0,-73.2,-19.52,-19.52,-68.32,-122,-78.08,-63.44
-39.04,-78.08,-39.04,58.56,0,-58.56,-19.52,-19.52,-63.44,-117.12,-73.2,-58.56
-39.04,-73.2,-34.16,58.56,-4.88,-53.68,-14.64,-14.64,-58.56,-117.12,-78.08,-58.56
-63.44,-92.72,-29.28,78.08,-19.52,-63.44,-14.64,-14.64,-63.44,-117.12,-82.96,-58.56
-58.56,-87.84,-29.28,73.2,-14.64,-58.56,-14.64,-14.64,-68.32,-122,-92.72,-63.44
-43.92,-78.08,-34.16,63.44,-4.88,-58.56,-19.52,-14.64,-63.44,-122,-87.84,-63.44
-34.16,-87.84,-53.68,63.44,9.76,-73.2,-29.28,-24.4,-73.2,-131.76,-92.72,-73.2
-24.4,-78.08,-53.68,53.68,14.64,-68.32,-24.4,-19.52,-73.2,-131.76,-92.72,-68.32
-39.04,-78.08,-39.04,58.56,0,-58.56,-19.52,-9.76,-63.44,-117.12,-82.96,-53.68
-43.92,-97.6,-53.68,73.2,4.88,-78.08,-24.4,-14.64,-63.44,-122,-82.96,-53.68
-29.28,-78.08,-48.8,53.68,9.76,-63.44,0,0,-53.68,-112.24,-73.2,-48.8
-9.76,-58.56,-48.8,34.16,19.52,-53.68,-14.64,-14.64,-68.32,-126.88,-92.72,-68.32
-19.52,-78.08,-58.56,48.8,19.52,-68.32,-9.76,-14.64,-63.44,-122,-87.84,-73.2
-34.16,-97.6,-63.44,68.32,14.64,-82.96,0,-4.88,-63.44,-112.24,-78.08,-58.56
-73.2,-112.24,-39.04,92.72,-19.52,-78.08,9.76,4.88,-53.68,-107.36,-73.2,-53.68
-82.96,-102.48,-19.52,92.72,-34.16,-63.44,14.64,9.76,-53.68,-112.24,-73.2,-48.8
-53.68,-92.72,-39.04,73.2,-9.76,-68.32,0,0,-63.44,-122,-82.96,-58.56
-63.44,-102.48,-39.04,82.96,-14.64,-73.2,-4.88,-4.88,-68.32,-126.88,-87.84,-58.56
-63.44,-102.48,-39.04,82.96,-14.64,-73.2,0,0,-73.2,-136.64,-92.72,-63.44
-43.92,-92.72,-48.8,68.32,0,-73.2,-4.88,-4.88,-78.08,-141.52,-92.72,-73.2
-48.8,-102.48,-53.68,78.08,0,-78.08,-4.88,-4.88,-68.32,-131.76,-92.72,-78.08
-63.44,-97.6,-34.16,82.96,-14.64,-68.32,9.76,4.88,-58.56,-122,-78.08,-58.56
-78.08,-112.24,-34.16,97.6,-24.4,-73.2,9.76,9.76,-63.44,-122,-73.2,-53.68
-73.2,-107.36,-34.16,92.72,-19.52,-73.2,14.64,9.76,-58.56,-117.12,-68.32,-48.8
-78.08,-117.12,-39.04,97.6,-19.52,-78.08,19.52,14.64,-58.56,-122,-73.2,-53.68
-53.68,-112.24,-58.56,82.96,0,-87.84,4.88,0,-73.2,-136.64,-92.72,-78.08
-48.8,-102.48,-53.68,78.08,0,-78.08,0,0,-73.2,-136.64,-97.6,-78.08
-58.56,-112.24,-53.68,87.84,-4.88,-82.96,4.88,4.88,-68.32,-136.64,-97.6,-63.44
-82.96,-107.36,-24.4,97.6,-29.28,-68.32,14.64,14.64,-58.56,-126.88,-87.84,-53.68
-68.32,-97.6,-29.28,82.96,-19.52,-63.44,24.4,19.52,-53.68,-122,-82.96,-48.8
-58.56,-97.6,-39.04,78.08,-9.76,-68.32,9.76,14.64,-58.56,-122,-82.96,-53.68
-48.8,-97.6,-48.8,73.2,0,-73.2,14.64,14.64,-53.68,-122,-73.2,-43.92
-48.8,-97.6,-48.8,73.2,0,-73.2,14.64,14.64,-53.68,-122,-63.44,-39.04
-34.16,-87.84,-53.68,63.44,9.76,-73.2,9.76,9.76,-58.56,-117.12,-68.32,-43.92
-24.4,-82.96,-58.56,53.68,14.64,-73.2,9.76,14.64,-58.56,-126.88,-78.08,-53.68
-29.28,-107.36,-78.08,68.32,24.4,-92.72,4.88,4.88,-68.32,-131.76,-92.72,-68.32
-19.52,-92.72,-73.2,58.56,24.4,-82.96,9.76,9.76,-68.32,-131.76,-97.6,-73.2
-48.8,-87.84,-39.04,68.32,-4.88,-63.44,19.52,14.64,-48.8,-126.88,-92.72,-63.44
-63.44,-102.48,-39.04,82.96,-14.64,-73.2,19.52,14.64,-48.8,-126.88,-92.72,-58.56
-63.44,-102.48,-39.04,82.96,-14.64,-73.2,9.76,14.64,-53.68,-131.76,-97.6,-68.32
-63.44,-102.48,-39.04,82.96,-14.64,-73.2,9.76,9.76,-58.56,-131.76,-92.72,-68.32
-97.6,-117.12,-19.52,107.36,-39.04,-68.32,24.4,29.28,-43.92,-117.12,-78.08,-43.92
-53.68,-107.36,-53.68,82.96,0,-82.96,14.64,14.64,-53.68,-122,-82.96,-48.8
-48.8,-107.36,-58.56,78.08,4.88,-82.96,9.76,9.76,-58.56,-117.12,-78.08,-43.92
-63.44,-107.36,-43.92,87.84,-9.76,-78.08,19.52,19.52,-58.56,-117.12,-78.08,-34.16
-39.04,-117.12,-78.08,78.08,19.52,-97.6,9.76,9.76,-68.32,-131.76,-97.6,-48.8
-53.68,-122,-68.32,87.84,4.88,-97.6,9.76,9.76,-63.44,-122,-87.84,-48.8
-63.44,-97.6,-34.16,82.96,-14.64,-68.32,19.52,14.64,-48.8,-112.24,-73.2,-34.16
-53.68,-97.6,-43.92,78.08,-4.88,-73.2,9.76,9.76,-58.56,-131.76,-87.84,-58.56
-58.56,-97.6,-39.04,78.08,-9.76,-68.32,4.88,9.76,-63.44,-136.64,-97.6,-68.32
-73.2,-107.36,-34.16,92.72,-19.52,-73.2,9.76,9.76,-63.44,-131.76,-92.72,-73.2
-63.44,-107.36,-43.92,87.84,-9.76,-78.08,4.88,0,-73.2,-136.64,-107.36,-78.08
-73.2,-107.36,-34.16,92.72,-19.52,-73.2,4.88,0,-68.32,-136.64,-107.36,-78.08
-58.56,-112.24,-53.68,87.84,-4.88,-82.96,0,0,-73.2,-136.64,-107.36,-82.96
-43.92,-107.36,-63.44,78.08,9.76,-87.84,-4.88,0,-78.08,-131.76,-102.48,-82.96
-68.32,-102.48,-34.16,87.84,-19.52,-68.32,4.88,4.88,-68.32,-126.88,-97.6,-78.08
-53.68,-102.48,-48.8,78.08,-4.88,-78.08,0,0,-68.32,-131.76,-92.72,-78.08
-4.88,-87.84,-82.96,48.8,39.04,-87.84,-9.76,-9.76,-78.08,-151.28,-102.48,-82.96
-19.52,-68.32,-48.8,43.92,14.64,-58.56,9.76,9.76,-63.44,-136.64,-92.72,-68.32
-48.8,-87.84,-39.04,68.32,-4.88,-63.44,14.64,14.64,-63.44,-131.76,-92.72,-63.44
-39.04,-78.08,-39.04,58.56,0,-58.56,9.76,9.76,-68.32,-131.76,-97.6,-63.44
-29.28,-73.2,-43.92,53.68,4.88,-58.56,9.76,9.76,-58.56,-126.88,-92.72,-53.68
-34.16,-82.96,-48.8,58.56,4.88,-68.32,4.88,4.88,-58.56,-126.88,-97.6,-58.56
-68.32,-78.08,-9.76,73.2,-29.28,-43.92,14.64,14.64,-58.56,-117.12,-82.96,-48.8
-53.68,-97.6,-43.92,78.08,-4.88,-73.2,0,0,-73.2,-136.64,-97.6,-68.32
-53.68,-107.36,-53.68,82.96,0,-82.96,-4.88,-4.88,-73.2,-136.64,-102.48,-73.2
-39.04,-92.72,-53.68,68.32,4.88,-73.2,4.88,0,-73.2,-131.76,-92.72,-68.32
-29.28,-107.36,-78.08,68.32,24.4,-92.72,-9.76,-9.76,-78.08,-141.52,-102.48,-73.2
-58.56,-112.24,-53.68,87.84,-4.88,-82.96,-4.88,-4.88,-78.08,-141.52,-102.48,-73.2
-73.2,-87.84,-14.64,82.96,-29.28,-53.68,0,0,-68.32,-136.64,-92.72,-58.56
-73.2,-78.08,-4.88,78.08,-34.16,-43.92,0,0,-73.2,-136.64,-82.96,-58.56
-39.04,-82.96,-43.92,63.44,0,-63.44,0,-4.88,-68.32,-126.88,-82.96,-58.56
-39.04,-82.96,-43.92,63.44,0,-63.44,-4.88,-4.88,-73.2,-131.76,-87.84,-68.32
-53.68,-87.84,-34.16,73.2,-9.76,-63.44,-4.88,-4.88,-73.2,-126.88,-78.08,-53.68
-39.04,-82.96,-43.92,63.44,0,-63.44,-4.88,-4.88,-73.2,-131.76,-82.96,-48.8
-53.68,-107.36,-53.68,82.96,0,-82.96,-14.64,-14.64,-82.96,-146.4,-97.6,-58.56
-78.08,-112.24,-34.16,97.6,-24.4,-73.2,-4.88,-4.88,-78.08,-141.52,-97.6,-58.56
-73.2,-97.6,-24.4,87.84,-24.4,-63.44,-9.76,-9.76,-73.2,-136.64,-92.72,-58.56
-39.04,-73.2,-34.16,58.56,-4.88,-53.68,-9.76,-9.76,-68.32,-141.52,-92.72,-68.32
-48.8,-68.32,-19.52,58.56,-14.64,-43.92,4.88,4.88,-63.44,-131.76,-87.84,-73.2
-48.8,-78.08,-29.28,63.44,-9.76,-53.68,-9.76,-9.76,-78.08,-146.4,-107.36,-87.84
-34.16,-68.32,-34.16,53.68,0,-53.68,-19.52,-19.52,-87.84,-146.4,-102.48,-78.08
-43.92,-68.32,-24.4,58.56,-9.76,-48.8,-9.76,-9.76,-73.2,-136.64,-97.6,-63.44
-48.8,-68.32,-19.52,58.56,-14.64,-43.92,-14.64,-14.64,-73.2,-141.52,-97.6,-63.44
-43.92,-68.32,-24.4,58.56,-9.76,-48.8,-9.76,-9.76,-78.08,-141.52,-97.6,-68.32
-24.4,-68.32,-43.92,48.8,9.76,-58.56,-14.64,-14.64,-78.08,-136.64,-92.72,-68.32
4.88,-53.68,-58.56,24.4,29.28,-58.56,-19.52,-19.52,-82.96,-141.52,-102.48,-73.2
-43.92,-68.32,-24.4,58.56,-9.76,-48.8,-9.76,-9.76,-68.32,-131.76,-92.72,-58.56
-78.08,-73.2,4.88,78.08,-43.92,-34.16,4.88,4.88,-63.44,-126.88,-102.48,-58.56
-82.96,-78.08,4.88,82.96,-43.92,-39.04,-4.88,0,-68.32,-122,-97.6,-53.68
-34.16,-48.8,-14.64,43.92,-9.76,-34.16,-9.76,-9.76,-73.2,-131.76,-102.48,-68.32
-29.28,-43.92,-14.64,39.04,-9.76,-29.28,-4.88,-4.88,-73.2,-126.88,-92.72,-63.44
-53.68,-39.04,14.64,48.8,-34.16,-14.64,4.88,4.88,-63.44,-117.12,-82.96,-68.32
-48.8,-48.8,0,48.8,-24.4,-24.4,-9.76,-9.76,-68.32,-117.12,-82.96,-68.32
-53.68,-39.04,14.64,48.8,-34.16,-14.64,0,0,-58.56,-117.12,-78.08,-63.44
-53.68,-39.04,14.64,48.8,-34.16,-14.64,9.76,9.76,-53.68,-112.24,-73.2,-43.92
-34.16,-39.04,-4.88,39.04,-14.64,-24.4,0,0,-58.56,-122,-78.08,-43.92
-29.28,-14.64,14.64,24.4,-24.4,0,0,0,-48.8,-117.12,-68.32,-29.28
-19.52,-4.88,14.64,14.64,-19.52,4.88,4.88,4.88,-48.8,-112.24,-58.56,-19.52
-29.28,-9.76,19.52,19.52,-24.4,4.88,4.88,4.88,-53.68,-112.24,-63.44,-29.28
-24.4,-4.88,19.52,14.64,-24.4,4.88,0,0,-63.44,-112.24,-63.44,-29.28
-34.16,-9.76,24.4,24.4,-29.28,4.88,4.88,0,-58.56,-102.48,-53.68,-24.4
-58.56,-4.88,53.68,34.16,-58.56,24.4,9.76,9.76,-48.8,-97.6,-53.68,-24.4
-63.44,-4.88,58.56,34.16,-63.44,24.4,14.64,14.64,-48.8,-97.6,-53.68,-24.4
-9.76,19.52,29.28,-4.88,-19.52,24.4,4.88,4.88,-53.68,-102.48,-58.56,-34.16
0,34.16,34.16,-14.64,-19.52,34.16,4.88,9.76,-43.92,-92.72,-53.68,-24.4
-24.4,34.16,58.56,-4.88,-43.92,43.92,9.76,9.76,-39.04,-92.72,-48.8,-24.4
-29.28,39.04,68.32,-4.88,-48.8,53.68,9.76,9.76,-34.16,-82.96,-43.92,-19.52
-14.64,43.92,58.56,-14.64,-39.04,48.8,0,0,-43.92,-92.72,-48.8,-24.4
-14.64,39.04,53.68,-9.76,-34.16,43.92,0,-4.88,-39.04,-92.72,-48.8,-19.52
-34.16,34.16,68.32,0,-53.68,48.8,-4.88,-4.88,-39.04,-87.84,-34.16,0
-48.8,39.04,87.84,4.88,-68.32,63.44,-14.64,-19.52,-29.28,-73.2,-29.28,4.88
-19.52,58.56,78.08,-19.52,-48.8,68.32,-29.28,-29.28,-34.16,-73.2,-29.28,4.88
4.88,97.6,92.72,-48.8,-43.92,92.72,-29.28,-29.28,-34.16,-68.32,-19.52,14.64
9.76,117.12,107.36,-63.44,-48.8,112.24,-39.04,-39.04,-39.04,-63.44,-9.76,34.16
-4.88,102.48,107.36,-48.8,-58.56,102.48,-53.68,-53.68,-48.8,-68.32,-9.76,43.92
0,92.72,92.72,-43.92,-48.8,92.72,-63.44,-73.2,-73.2,-82.96,-14.64,34.16
-14.64,78.08,92.72,-29.28,-53.68,82.96,-82.96,-87.84,-87.84,-97.6,-24.4,29.28
-9.76,92.72,102.48,-39.04,-58.56,97.6,-92.72,-92.72,-97.6,-107.36,-34.16,19.52
4.88,102.48,97.6,-53.68,-48.8,97.6,-78.08,-87.84,-78.08,-97.6,-34.16,9.76
0,97.6,97.6,-48.8,-48.8,97.6,-78.08,-78.08,-78.08,-87.84,-29.28,14.64
-4.88,97.6,102.48,-43.92,-53.68,97.6,-82.96,-82.96,-82.96,-97.6,-34.16,4.88
0,107.36,107.36,-53.68,-53.68,107.36,-92.72,-87.84,-87.84,-102.48,-34.16,0
0,97.6,97.6,-48.8,-48.8,97.6,-92.72,-87.84,-97.6,-112.24,-43.92,-4.88
-4.88,92.72,97.6,-43.92,-53.68,92.72,-97.6,-97.6,-107.36,-126.88,-53.68,-9.76
-19.52,78.08,97.6,-29.28,-58.56,87.84,-97.6,-92.72,-112.24,-131.76,-58.56,-14.64
-34.16,78.08,112.24,-19.52,-73.2,92.72,-87.84,-82.96,-102.48,-122,-48.8,-4.88
-34.16,78.08,112.24,-19.52,-73.2,92.72,-78.08,-68.32,-92.72,-112.24,-39.04,9.76
-14.64,63.44,78.08,-24.4,-48.8,68.32,-78.08,-73.2,-92.72,-112.24,-39.04,14.64
-9.76,39.04,48.8,-14.64,-29.28,43.92,-78.08,-73.2,-102.48,-122,-53.68,0
-4.88,43.92,48.8,-19.52,-29.28,43.92,-82.96,-82.96,-102.48,-126.88,-53.68,-4.88
-14.64,34.16,48.8,-9.76,-34.16,39.04,-87.84,-87.84,-117.12,-131.76,-68.32,-19.52
-9.76,24.4,34.16,-4.88,-24.4,29.28,-82.96,-78.08,-112.24,-136.64,-73.2,-19.52
0,14.64,14.64,-4.88,-9.76,14.64,-92.72,-97.6,-122,-146.4,-87.84,-34.16
-9.76,14.64,24.4,0,-19.52,19.52,-87.84,-87.84,-122,-141.52,-82.96,-29.28
0,14.64,14.64,-4.88,-9.76,14.64,-78.08,-78.08,-122,-151.28,-92.72,-39.04
-9.76,-9.76,0,9.76,-4.88,-4.88,-68.32,-78.08,-126.88,-151.28,-92.72,-48.8
-24.4,-19.52,4.88,24.4,-14.64,-9.76,-73.2,-73.2,-131.76,-161.04,-102.48,-58.56
-48.8,-43.92,4.88,48.8,-29.28,-19.52,-63.44,-58.56,-131.76,-161.04,-102.48,-58.56
-53.68,-53.68,0,53.68,-29.28,-29.28,-63.44,-63.44,-131.76,-175.68,-112.24,-63.44
-43.92,-43.92,0,43.92,-24.4,-24.4,-58.56,-58.56,-131.76,-175.68,-107.36,-53.68
-9.76,-39.04,-29.28,24.4,9.76,-34.16,-58.56,-58.56,-136.64,-170.8,-107.36,-53.68
-19.52,-63.44,-43.92,43.92,9.76,-53.68,-58.56,-63.44,-136.64,-170.8,-107.36,-58.56
-39.04,-53.68,-14.64,48.8,-14.64,-34.16,-48.8,-48.8,-126.88,-161.04,-97.6,-48.8
-87.84,-53.68,34.16,73.2,-63.44,-9.76,-34.16,-39.04,-112.24,-151.28,-87.84,-39.04
-58.56,-43.92,14.64,53.68,-39.04,-14.64,-39.04,-39.04,-112.24,-165.92,-97.6,-53.68
-43.92,-53.68,-9.76,48.8,-19.52,-34.16,-48.8,-48.8,-126.88,-170.8,-112.24,-63.44
-43.92,-53.68,-9.76,48.8,-19.52,-34.16,-48.8,-48.8,-122,-170.8,-112.24,-63.44
-29.28,-48.8,-19.52,39.04,-4.88,-34.16,-48.8,-53.68,-126.88,-175.68,-117.12,-73.2
-19.52,-53.68,-34.16,39.04,4.88,-43.92,-63.44,-58.56,-141.52,-190.32,-131.76,-87.84
-29.28,-58.56,-29.28,43.92,0,-43.92,-63.44,-63.44,-136.64,-180.56,-131.76,-73.2
-29.28,-58.56,-29.28,43.92,0,-43.92,-63.44,-63.44,-141.52,-175.68,-126.88,-78.08
-48.8,-73.2,-24.4,63.44,-14.64,-48.8,-58.56,-58.56,-136.64,-185.44,-126.88,-87.84
-63.44,-78.08,-14.64,73.2,-24.4,-48.8,-53.68,-53.68,-136.64,-180.56,-122,-87.84
-68.32,-78.08,-9.76,73.2,-29.28,-43.92,-43.92,-43.92,-131.76,-175.68,-112.24,-87.84
-58.56,-73.2,-14.64,68.32,-24.4,-43.92,-34.16,-34.16,-136.64,-180.56,-117.12,-87.84
-48.8,-68.32,-19.52,58.56,-14.64,-43.92,-34.16,-29.28,-131.76,-175.68,-107.36,-78.08
-58.56,-82.96,-24.4,73.2,-19.52,-53.68,-43.92,-39.04,-136.64,-175.68,-112.24,-78.08
-34.16,-58.56,-24.4,48.8,-4.88,-43.92,-43.92,-43.92,-131.76,-180.56,-126.88,-78.08
-14.64,-34.16,-19.52,24.4,0,-29.28,-34.16,-34.16,-126.88,-175.68,-117.12,-63.44
-43.92,-48.8,-4.88,48.8,-19.52,-29.28,-29.28,-29.28,-126.88,-165.92,-102.48,-48.8
-24.4,-63.44,-39.04,43.92,4.88,-53.68,-34.16,-34.16,-136.64,-175.68,-112.24,-58.56
-29.28,-68.32,-39.04,48.8,4.88,-53.68,-39.04,-34.16,-131.76,-175.68,-112.24,-58.56
-14.64,-58.56,-43.92,39.04,14.64,-53.68,-34.16,-29.28,-131.76,-170.8,-112.24,-58.56
-34.16,-53.68,-19.52,43.92,-9.76,-39.04,-14.64,-14.64,-122,-161.04,-107.36,-48.8
-58.56,-58.56,0,58.56,-29.28,-29.28,-14.64,-4.88,-112.24,-151.28,-107.36,-53.68
-39.04,-53.68,-14.64,48.8,-14.64,-34.16,-19.52,-9.76,-117.12,-161.04,-117.12,-82.96
-34.16,-63.44,-29.28,48.8,-4.88,-48.8,-29.28,-24.4,-126.88,-165.92,-126.88,-102.48
-48.8,-68.32,-19.52,58.56,-14.64,-43.92,-34.16,-29.28,-131.76,-175.68,-131.76,-107.36
-39.04,-58.56,-19.52,48.8,-9.76,-39.04,-34.16,-29.28,-131.76,-170.8,-117.12,-92.72
-48.8,-73.2,-24.4,63.44,-14.64,-48.8,-34.16,-24.4,-126.88,-165.92,-102.48,-78.08
-58.56,-73.2,-14.64,68.32,-24.4,-43.92,-29.28,-19.52,-122,-161.04,-97.6,-68.32
-53.68,-48.8,4.88,53.68,-29.28,-24.4,-24.4,-19.52,-117.12,-156.16,-92.72,-63.44
-53.68,-43.92,9.76,48.8,-34.16,-19.52,-24.4,-19.52,-122,-146.4,-82.96,-58.56
-29.28,-43.92,-14.64,39.04,-9.76,-29.28,-29.28,-14.64,-117.12,-146.4,-87.84,-63.44
-19.52,-43.92,-24.4,34.16,0,-34.16,-29.28,-24.4,-117.12,-156.16,-97.6,-73.2
-19.52,-53.68,-34.16,39.04,4.88,-43.92,-34.16,-29.28,-126.88,-161.04,-102.48,-78.08
-9.76,-43.92,-34.16,29.28,9.76,-39.04,-29.28,-24.4,-112.24,-156.16,-102.48,-73.2
-43.92,-29.28,14.64,39.04,-29.28,-9.76,-19.52,-14.64,-107.36,-146.4,-92.72,-68.32
-68.32,-39.04,29.28,53.68,-48.8,-4.88,-19.52,-14.64,-107.36,-151.28,-92.72,-73.2
-73.2,-39.04,34.16,58.56,-53.68,-4.88,-19.52,-14.64,-112.24,-146.4,-87.84,-78.08
-68.32,-14.64,53.68,43.92,-63.44,19.52,-4.88,-4.88,-97.6,-131.76,-82.96,-68.32
-39.04,19.52,58.56,9.76,-48.8,39.04,0,4.88,-82.96,-131.76,-82.96,-63.44
-48.8,39.04,87.84,4.88,-68.32,63.44,19.52,19.52,-63.44,-117.12,-63.44,-48.8
-48.8,68.32,117.12,-9.76,-82.96,92.72,24.4,29.28,-43.92,-97.6,-43.92,-34.16
-29.28,92.72,122,-29.28,-78.08,107.36,29.28,34.16,-9.76,-63.44,-14.64,-14.64
-39.04,68.32,107.36,-14.64,-73.2,87.84,53.68,58.56,68.32,19.52,39.04,19.52
-39.04,63.44,102.48,-9.76,-73.2,82.96,78.08,82.96,131.76,82.96,82.96,53.68
-14.64,87.84,102.48,-34.16,-58.56,92.72,82.96,87.84,165.92,117.12,141.52,112.24
14.64,102.48,87.84,-58.56,-39.04,92.72,43.92,48.8,175.68,175.68,239.12,204.96
48.8,146.4,97.6,-97.6,-24.4,122,-14.64,-9.76,161.04,287.92,400.16,346.48
107.36,239.12,131.76,-170.8,-14.64,185.44,-97.6,-92.72,102.48,414.8,605.12,536.8
165.92,322.08,156.16,-244,4.88,239.12,-180.56,-175.68,43.92,551.44,824.72,766.16
214.72,390.4,175.68,-302.56,19.52,283.04,-268.4,-263.52,-63.44,619.76,1005.28,956.48
268.4,468.48,200.08,-366,34.16,331.84,-395.28,-395.28,-239.12,634.4,1156.56,1176.08
331.84,566.08,234.24,-448.96,48.8,400.16,-517.28,-517.28,-444.08,610,1268.8,1366.4
414.8,600.24,185.44,-507.52,112.24,390.4,-570.96,-570.96,-585.6,585.6,1317.6,1493.28
492.88,502.64,9.76,-497.76,239.12,253.76,-570.96,-566.08,-614.88,624.64,1312.72,1507.92
517.28,361.12,-156.16,-439.2,336.72,102.48,-492.88,-488,-575.84,683.2,1283.44,1493.28
551.44,239.12,-312.32,-395.28,429.44,-39.04,-444.08,-439.2,-600.24,658.8,1205.36,1415.2
546.56,151.28,-395.28,-346.48,468.48,-122,-453.84,-458.72,-712.48,566.08,1107.76,1312.72
507.52,92.72,-414.8,-297.68,458.72,-161.04,-429.44,-429.44,-771.04,527.04,1063.84,1220
463.6,58.56,-405.04,-258.64,434.32,-175.68,-366,-366,-800.32,502.64,1010.16,1083.36
405.04,48.8,-356.24,-224.48,380.64,-156.16,-326.96,-322.08,-868.64,331.84,868.64,873.52
331.84,29.28,-302.56,-180.56,317.2,-136.64,-273.28,-268.4,-902.8,170.8,702.72,658.8
248.88,-9.76,-258.64,-117.12,253.76,-136.64,-185.44,-180.56,-849.12,73.2,531.92,429.44
219.6,-68.32,-287.92,-73.2,253.76,-180.56,-112.24,-107.36,-834.48,-102.48,283.04,165.92
131.76,-78.08,-209.84,-24.4,170.8,-146.4,-63.44,-63.44,-854,-336.72,4.88,-53.68
34.16,-58.56,-92.72,14.64,63.44,-78.08,-19.52,-19.52,-863.76,-546.56,-219.6,-195.2
-34.16,-73.2,-39.04,53.68,0,-58.56,9.76,9.76,-878.4,-692.96,-390.4,-287.92
-58.56,-87.84,-29.28,73.2,-14.64,-58.56,4.88,0,-902.8,-756.4,-463.6,-336.72
-82.96,-131.76,-48.8,107.36,-19.52,-92.72,9.76,9.76,-907.68,-790.56,-507.52,-366
-82.96,-165.92,-82.96,126.88,0,-126.88,0,0,-917.44,-814.96,-541.68,-385.52
-107.36,-200.08,-92.72,156.16,-9.76,-146.4,-63.44,-63.44,-897.92,-771.04,-512.4,-380.64
-136.64,-204.96,-68.32,170.8,-34.16,-136.64,-117.12,-117.12,-854,-712.48,-473.36,-361.12
-97.6,-214.72,-117.12,156.16,9.76,-165.92,-156.16,-156.16,-795.44,-658.8,-439.2,-346.48
-112.24,-180.56,-68.32,146.4,-24.4,-126.88,-151.28,-151.28,-673.44,-561.2,-380.64,-292.8
-102.48,-107.36,-4.88,107.36,-48.8,-58.56,-112.24,-112.24,-536.8,-458.72,-317.2,-244
-82.96,-82.96,0,82.96,-43.92,-43.92,-73.2,-73.2,-434.32,-385.52,-268.4,-219.6
-58.56,-68.32,-9.76,63.44,-24.4,-39.04,-43.92,-39.04,-351.36,-326.96,-234.24,-200.08
-48.8,-53.68,-4.88,53.68,-24.4,-29.28,-24.4,-24.4,-292.8,-268.4,-204.96,-185.44
-39.04,-58.56,-19.52,48.8,-9.76,-39.04,-4.88,-4.88,-219.6,-219.6,-170.8,-161.04
-4.88,-48.8,-43.92,29.28,19.52,-48.8,9.76,9.76,-156.16,-161.04,-131.76,-136.64
-39.04,-48.8,-9.76,43.92,-14.64,-29.28,43.92,43.92,-68.32,-92.72,-82.96,-107.36
-43.92,-73.2,-29.28,58.56,-9.76,-53.68,53.68,53.68,-19.52,-63.44,-68.32,-102.48
0,-58.56,-58.56,29.28,29.28,-58.56,58.56,58.56,0,-48.8,-63.44,-102.48
-4.88,-58.56,-53.68,34.16,24.4,-58.56,63.44,63.44,9.76,-43.92,-63.44,-112.24
-9.76,-53.68,-43.92,34.16,14.64,-48.8,68.32,73.2,19.52,-39.04,-68.32,-117.12
-9.76,-29.28,-19.52,19.52,4.88,-24.4,68.32,73.2,24.4,-34.16,-58.56,-102.48
-19.52,-29.28,-9.76,24.4,-4.88,-19.52,73.2,78.08,34.16,-29.28,-63.44,-102.48
-34.16,-34.16,0,34.16,-19.52,-19.52,68.32,73.2,34.16,-19.52,-63.44,-97.6
-48.8,-39.04,9.76,43.92,-29.28,-14.64,73.2,73.2,48.8,-9.76,-53.68,-87.84
-53.68,-29.28,24.4,43.92,-39.04,-4.88,82.96,82.96,63.44,9.76,-43.92,-73.2
-9.76,-9.76,0,9.76,-4.88,-4.88,82.96,82.96,68.32,9.76,-43.92,-73.2
4.88,-39.04,-43.92,19.52,24.4,-43.92,78.08,78.08,63.44,-4.88,-53.68,-87.84
0,-34.16,-34.16,19.52,14.64,-34.16,82.96,82.96,73.2,0,-53.68,-92.72
-4.88,-34.16,-29.28,19.52,9.76,-34.16,82.96,82.96,73.2,4.88,-48.8,-87.84
-4.88,-53.68,-48.8,29.28,19.52,-53.68,73.2,73.2,68.32,-4.88,-53.68,-92.72
-24.4,-53.68,-29.28,39.04,0,-43.92,68.32,68.32,73.2,4.88,-53.68,-87.84
-24.4,-48.8,-24.4,39.04,0,-39.04,73.2,73.2,78.08,9.76,-43.92,-82.96
-9.76,-39.04,-29.28,24.4,9.76,-34.16,68.32,68.32,82.96,19.52,-43.92,-73.2
4.88,-19.52,-24.4,9.76,14.64,-24.4,68.32,78.08,97.6,29.28,-34.16,-68.32
-9.76,-19.52,-9.76,14.64,0,-14.64,78.08,82.96,102.48,39.04,-24.4,-63.44
0,-29.28,-29.28,14.64,14.64,-29.28,78.08,82.96,102.48,34.16,-29.28,-68.32
0,-29.28,-29.28,14.64,14.64,-29.28,78.08,82.96,102.48,39.04,-29.28,-68.32
-4.88,-34.16,-29.28,19.52,9.76,-34.16,73.2,82.96,102.48,29.28,-39.04,-78.08
0,-29.28,-29.28,14.64,14.64,-29.28,82.96,82.96,102.48,24.4,-48.8,-87.84
-9.76,-43.92,-34.16,29.28,9.76,-39.04,82.96,82.96,102.48,19.52,-53.68,-97.6
-19.52,-34.16,-14.64,29.28,-4.88,-24.4,82.96,82.96,107.36,24.4,-53.68,-92.72
-4.88,-29.28,-24.4,19.52,9.76,-29.28,82.96,87.84,112.24,29.28,-48.8,-92.72
9.76,-39.04,-48.8,14.64,29.28,-43.92,73.2,73.2,107.36,29.28,-43.92,-97.6
34.16,-29.28,-63.44,0,48.8,-48.8,63.44,68.32,107.36,34.16,-39.04,-87.84
0,-19.52,-19.52,9.76,9.76,-19.52,87.84,87.84,131.76,63.44,-4.88,-58.56
-14.64,-43.92,-29.28,29.28,4.88,-39.04,97.6,97.6,141.52,68.32,0,-53.68
-9.76,-39.04,-29.28,24.4,9.76,-34.16,92.72,92.72,146.4,68.32,0,-53.68
-19.52,-29.28,-9.76,24.4,-4.88,-19.52,102.48,102.48,156.16,73.2,0,-53.68
-19.52,-39.04,-19.52,29.28,0,-29.28,97.6,97.6,151.28,73.2,-9.76,-63.44
-9.76,-43.92,-34.16,29.28,9.76,-39.04,92.72,92.72,146.4,58.56,-19.52,-78.08
-4.88,-39.04,-34.16,24.4,14.64,-39.04,82.96,82.96,151.28,63.44,-19.52,-78.08
-14.64,-39.04,-24.4,29.28,4.88,-34.16,82.96,82.96,151.28,63.44,-24.4,-82.96
-14.64,-24.4,-9.76,19.52,-4.88,-19.52,92.72,92.72,165.92,82.96,-9.76,-73.2
-29.28,-24.4,4.88,29.28,-19.52,-9.76,97.6,97.6,180.56,92.72,-4.88,-63.44
0,-14.64,-14.64,9.76,4.88,-14.64,102.48,102.48,190.32,102.48,14.64,-48.8
34.16,-14.64,-48.8,-9.76,39.04,-34.16,97.6,102.48,180.56,97.6,4.88,-63.44
19.52,-24.4,-43.92,4.88,29.28,-34.16,102.48,107.36,190.32,102.48,9.76,-58.56
19.52,-34.16,-53.68,9.76,34.16,-43.92,97.6,102.48,190.32,92.72,4.88,-68.32
19.52,-29.28,-48.8,4.88,34.16,-39.04,92.72,102.48,180.56,92.72,-4.88,-73.2
-14.64,-39.04,-24.4,29.28,4.88,-34.16,107.36,112.24,200.08,102.48,4.88,-68.32
-9.76,-34.16,-24.4,24.4,4.88,-29.28,102.48,107.36,204.96,107.36,4.88,-73.2
-4.88,-29.28,-24.4,19.52,9.76,-29.28,97.6,102.48,200.08,107.36,0,-73.2
-9.76,-34.16,-24.4,24.4,4.88,-29.28,107.36,112.24,214.72,122,14.64,-68.32
9.76,-29.28,-39.04,9.76,24.4,-34.16,97.6,102.48,214.72,117.12,14.64,-68.32
14.64,-9.76,-24.4,0,19.52,-19.52,102.48,107.36,224.48,131.76,14.64,-58.56
-4.88,-29.28,-24.4,19.52,9.76,-29.28,117.12,117.12,234.24,136.64,9.76,-58.56
-14.64,-53.68,-39.04,34.16,9.76,-48.8,107.36,107.36,229.36,131.76,14.64,-63.44
4.88,-39.04,-43.92,19.52,24.4,-43.92,112.24,112.24,239.12,131.76,24.4,-58.56
14.64,-24.4,-39.04,4.88,24.4,-34.16,112.24,112.24,244,141.52,34.16,-63.44
14.64,-19.52,-34.16,4.88,24.4,-29.28,117.12,122,248.88,146.4,34.16,-68.32
14.64,-9.76,-24.4,0,19.52,-19.52,117.12,122,253.76,151.28,39.04,-68.32
0,-24.4,-24.4,14.64,9.76,-24.4,122,122,263.52,165.92,39.04,-63.44
9.76,-24.4,-34.16,9.76,19.52,-29.28,122,122,263.52,175.68,39.04,-58.56
14.64,-9.76,-24.4,0,19.52,-19.52,117.12,122,273.28,180.56,48.8,-43.92
14.64,0,-14.64,-4.88,14.64,-9.76,126.88,126.88,292.8,200.08,63.44,-29.28
14.64,-24.4,-39.04,4.88,24.4,-34.16,122,122,287.92,190.32,58.56,-39.04
34.16,-34.16,-68.32,0,48.8,-53.68,122,122,297.68,200.08,63.44,-29.28
14.64,-39.04,-53.68,14.64,34.16,-48.8,122,126.88,297.68,204.96,68.32,-29.28
34.16,-4.88,-39.04,-14.64,34.16,-24.4,126.88,126.88,297.68,209.84,68.32,-29.28
53.68,9.76,-43.92,-29.28,48.8,-19.52,117.12,117.12,297.68,204.96,58.56,-34.16
34.16,-9.76,-43.92,-9.76,39.04,-29.28,112.24,112.24,302.56,209.84,63.44,-34.16
-4.88,-14.64,-9.76,9.76,0,-14.64,126.88,126.88,322.08,224.48,73.2,-34.16
0,-19.52,-19.52,9.76,9.76,-19.52,126.88,126.88,331.84,239.12,73.2,-43.92
9.76,-24.4,-34.16,9.76,19.52,-29.28,122,122,341.6,253.76,82.96,-39.04
9.76,-4.88,-14.64,0,9.76,-9.76,131.76,131.76,361.12,273.28,102.48,-19.52
29.28,-4.88,-34.16,-9.76,29.28,-19.52,146.4,141.52,366,283.04,107.36,-19.52
58.56,4.88,-53.68,-29.28,53.68,-24.4,136.64,131.76,366,283.04,102.48,-29.28
43.92,9.76,-34.16,-24.4,39.04,-14.64,146.4,146.4,385.52,297.68,117.12,-14.64
34.16,9.76,-24.4,-19.52,29.28,-9.76,151.28,146.4,390.4,302.56,117.12,-19.52
48.8,0,-48.8,-24.4,48.8,-24.4,141.52,136.64,395.28,292.8,107.36,-34.16
29.28,-14.64,-43.92,-4.88,34.16,-29.28,131.76,131.76,400.16,302.56,112.24,-29.28
29.28,-4.88,-34.16,-9.76,29.28,-19.52,136.64,136.64,409.92,317.2,117.12,-19.52
29.28,0,-29.28,-14.64,29.28,-14.64,136.64,136.64,424.56,336.72,131.76,-9.76
43.92,4.88,-39.04,-24.4,39.04,-19.52,136.64,136.64,434.32,346.48,141.52,4.88
43.92,14.64,-29.28,-29.28,34.16,-9.76,151.28,151.28,448.96,370.88,161.04,19.52
53.68,9.76,-43.92,-29.28,48.8,-19.52,151.28,151.28,463.6,380.64,165.92,19.52
82.96,14.64,-68.32,-48.8,73.2,-29.28,151.28,156.16,473.36,390.4,165.92,24.4
63.44,9.76,-53.68,-34.16,58.56,-24.4,161.04,165.92,488,400.16,180.56,34.16
43.92,0,-43.92,-19.52,43.92,-24.4,156.16,165.92,492.88,414.8,185.44,39.04
43.92,0,-43.92,-19.52,43.92,-24.4,165.92,170.8,507.52,424.56,200.08,48.8
63.44,24.4,-39.04,-43.92,48.8,-9.76,156.16,165.92,517.28,434.32,200.08,48.8
63.44,29.28,-34.16,-43.92,48.8,-4.88,156.16,161.04,522.16,444.08,200.08,43.92
48.8,29.28,-19.52,-39.04,34.16,4.88,170.8,175.68,546.56,478.24,214.72,48.8
48.8,24.4,-24.4,-34.16,34.16,0,170.8,170.8,556.32,488,224.48,53.68
68.32,19.52,-48.8,-43.92,58.56,-14.64,165.92,165.92,566.08,497.76,229.36,58.56
58.56,19.52,-39.04,-39.04,48.8,-9.76,165.92,165.92,575.84,507.52,229.36,53.68
53.68,4.88,-48.8,-29.28,48.8,-24.4,161.04,161.04,570.96,502.64,224.48,43.92
73.2,4.88,-68.32,-39.04,68.32,-34.16,161.04,161.04,575.84,512.4,224.48,39.04
73.2,9.76,-63.44,-39.04,68.32,-29.28,165.92,165.92,590.48,527.04,239.12,48.8
87.84,34.16,-53.68,-58.56,68.32,-9.76,161.04,161.04,595.36,536.8,239.12,53.68
102.48,34.16,-68.32,-68.32,82.96,-19.52,156.16,156.16,605.12,546.56,253.76,63.44
68.32,24.4,-43.92,-43.92,53.68,-9.76,161.04,165.92,614.88,566.08,268.4,73.2
78.08,29.28,-48.8,-53.68,63.44,-9.76,165.92,170.8,624.64,585.6,283.04,97.6
97.6,39.04,-58.56,-68.32,78.08,-9.76,165.92,175.68,639.28,600.24,297.68,102.48
112.24,34.16,-78.08,-73.2,92.72,-24.4,161.04,165.92,639.28,605.12,302.56,102.48
97.6,34.16,-63.44,-63.44,78.08,-14.64,165.92,170.8,644.16,614.88,307.44,107.36
73.2,19.52,-53.68,-43.92,63.44,-19.52,161.04,165.92,649.04,619.76,297.68,107.36
87.84,29.28,-58.56,-58.56,73.2,-14.64,156.16,156.16,649.04,619.76,287.92,97.6
78.08,29.28,-48.8,-53.68,63.44,-9.76,151.28,156.16,644.16,619.76,302.56,107.36
102.48,29.28,-73.2,-63.44,87.84,-24.4,136.64,141.52,629.52,610,297.68,97.6
78.08,43.92,-34.16,-58.56,53.68,4.88,146.4,146.4,644.16,624.64,312.32,112.24
68.32,63.44,-4.88,-63.44,34.16,29.28,151.28,156.16,658.8,649.04,326.96,122
92.72,63.44,-29.28,-78.08,58.56,14.64,141.52,141.52,644.16,649.04,322.08,112.24
122,73.2,-48.8,-97.6,82.96,9.76,136.64,136.64,649.04,649.04,336.72,122
97.6,63.44,-34.16,-78.08,63.44,14.64,141.52,136.64,653.92,658.8,341.6,126.88
87.84,58.56,-29.28,-73.2,58.56,14.64,136.64,126.88,649.04,663.68,346.48,122
112.24,58.56,-53.68,-82.96,82.96,0,126.88,122,644.16,653.92,346.48,122
102.48,48.8,-53.68,-73.2,78.08,-4.88,122,122,639.28,653.92,341.6,117.12
107.36,43.92,-63.44,-73.2,82.96,-9.76,117.12,117.12,624.64,644.16,326.96,102.48
102.48,43.92,-58.56,-73.2,78.08,-9.76,102.48,102.48,610,634.4,317.2,92.72
112.24,39.04,-73.2,-73.2,92.72,-19.52,87.84,87.84,605.12,629.52,307.44,92.72
117.12,53.68,-63.44,-82.96,87.84,-4.88,87.84,87.84,595.36,629.52,302.56,92.72
78.08,48.8,-29.28,-63.44,53.68,9.76,107.36,107.36,619.76,653.92,336.72,122
82.96,68.32,-14.64,-73.2,48.8,24.4,102.48,97.6,610,658.8,336.72,126.88
102.48,92.72,-9.76,-97.6,53.68,39.04,92.72,92.72,600.24,658.8,341.6,141.52
107.36,92.72,-14.64,-97.6,58.56,39.04,87.84,87.84,590.48,653.92,346.48,146.4
78.08,73.2,-4.88,-73.2,39.04,34.16,87.84,87.84,585.6,649.04,351.36,156.16
87.84,68.32,-19.52,-78.08,53.68,24.4,78.08,82.96,575.84,639.28,341.6,146.4
117.12,73.2,-43.92,-92.72,78.08,14.64,63.44,63.44,546.56,614.88,326.96,141.52
117.12,97.6,-19.52,-107.36,68.32,39.04,73.2,68.32,546.56,614.88,341.6,151.28
87.84,92.72,4.88,-87.84,39.04,48.8,63.44,63.44,527.04,595.36,331.84,151.28
102.48,82.96,-19.52,-92.72,58.56,29.28,39.04,43.92,507.52,580.72,322.08,131.76
97.6,82.96,-14.64,-87.84,53.68,34.16,29.28,29.28,488,566.08,312.32,126.88
78.08,78.08,0,-78.08,39.04,39.04,34.16,29.28,473.36,566.08,317.2,131.76
107.36,87.84,-19.52,-97.6,63.44,34.16,14.64,14.64,444.08,536.8,297.68,126.88
97.6,87.84,-9.76,-92.72,53.68,39.04,0,4.88,419.68,517.28,283.04,117.12
82.96,92.72,9.76,-87.84,34.16,48.8,4.88,4.88,400.16,497.76,278.16,117.12
73.2,102.48,29.28,-87.84,19.52,63.44,9.76,9.76,395.28,478.24,278.16,126.88
53.68,92.72,39.04,-73.2,4.88,63.44,4.88,9.76,375.76,463.6,268.4,126.88
58.56,87.84,29.28,-73.2,14.64,58.56,-9.76,-9.76,336.72,419.68,244,112.24
82.96,117.12,34.16,-97.6,24.4,73.2,-19.52,-19.52,312.32,400.16,239.12,107.36
53.68,102.48,48.8,-78.08,0,73.2,-34.16,-29.28,283.04,375.76,214.72,87.84
68.32,92.72,24.4,-78.08,19.52,58.56,-39.04,-34.16,258.64,351.36,204.96,82.96
68.32,102.48,34.16,-82.96,14.64,68.32,-43.92,-43.92,239.12,326.96,195.2,78.08
48.8,97.6,48.8,-73.2,0,73.2,-43.92,-43.92,219.6,302.56,185.44,82.96
14.64,92.72,78.08,-53.68,-34.16,82.96,-39.04,-34.16,200.08,292.8,185.44,97.6
14.64,92.72,78.08,-53.68,-34.16,82.96,-39.04,-29.28,185.44,268.4,175.68,92.72
19.52,102.48,82.96,-58.56,-34.16,92.72,-34.16,-29.28,170.8,239.12,165.92,87.84
39.04,107.36,68.32,-73.2,-14.64,87.84,-34.16,-29.28,146.4,224.48,151.28,82.96
63.44,97.6,34.16,-78.08,14.64,63.44,-58.56,-53.68,112.24,180.56,117.12,58.56
43.92,97.6,53.68,-68.32,-4.88,73.2,-58.56,-48.8,92.72,161.04,112.24,63.44
4.88,82.96,78.08,-43.92,-39.04,78.08,-53.68,-48.8,78.08,151.28,107.36,58.56
4.88,68.32,63.44,-34.16,-29.28,63.44,-63.44,-58.56,53.68,126.88,87.84,43.92
4.88,82.96,78.08,-43.92,-39.04,78.08,-58.56,-53.68,43.92,112.24,82.96,43.92
-9.76,63.44,73.2,-24.4,-43.92,68.32,-63.44,-58.56,29.28,92.72,68.32,34.16
-4.88,68.32,73.2,-29.28,-39.04,68.32,-63.44,-58.56,14.64,78.08,58.56,29.28
4.88,73.2,68.32,-39.04,-34.16,68.32,-58.56,-58.56,4.88,63.44,48.8,19.52
9.76,58.56,48.8,-34.16,-19.52,53.68,-63.44,-63.44,-14.64,34.16,24.4,9.76
0,63.44,63.44,-29.28,-34.16,63.44,-58.56,-58.56,-19.52,29.28,24.4,9.76
-24.4,68.32,92.72,-19.52,-58.56,78.08,-43.92,-43.92,-14.64,24.4,24.4,19.52
0,68.32,68.32,-34.16,-34.16,68.32,-58.56,-58.56,-34.16,0,4.88,4.88
9.76,58.56,48.8,-34.16,-19.52,53.68,-63.44,-63.44,-48.8,-14.64,-4.88,-4.88
4.88,48.8,43.92,-24.4,-19.52,43.92,-63.44,-63.44,-53.68,-24.4,-4.88,-4.88
-9.76,39.04,48.8,-14.64,-29.28,43.92,-63.44,-63.44,-58.56,-24.4,0,-4.88
-39.04,24.4,63.44,9.76,-53.68,43.92,-53.68,-53.68,-63.44,-29.28,-4.88,-4.88
-39.04,19.52,58.56,9.76,-48.8,39.04,-53.68,-53.68,-68.32,-39.04,-14.64,-14.64
-34.16,14.64,48.8,9.76,-43.92,29.28,-53.68,-58.56,-73.2,-43.92,-19.52,-19.52
-43.92,0,43.92,24.4,-43.92,19.52,-48.8,-53.68,-73.2,-53.68,-24.4,-19.52
-4.88,19.52,24.4,-4.88,-14.64,19.52,-43.92,-48.8,-78.08,-53.68,-29.28,-24.4
9.76,43.92,34.16,-24.4,-14.64,39.04,-39.04,-43.92,-73.2,-58.56,-29.28,-24.4
-39.04,19.52,58.56,9.76,-48.8,39.04,-43.92,-48.8,-82.96,-63.44,-39.04,-34.16
-48.8,19.52,68.32,14.64,-58.56,43.92,-39.04,-43.92,-87.84,-68.32,-43.92,-39.04
-9.76,24.4,34.16,-4.88,-24.4,29.28,-39.04,-43.92,-97.6,-78.08,-58.56,-53.68
-14.64,9.76,24.4,4.88,-19.52,14.64,-43.92,-48.8,-102.48,-78.08,-63.44,-58.56
-43.92,4.88,48.8,19.52,-48.8,24.4,-29.28,-34.16,-82.96,-58.56,-39.04,-39.04
-68.32,0,68.32,34.16,-68.32,34.16,-19.52,-24.4,-82.96,-53.68,-43.92,-39.04
-34.16,-19.52,14.64,29.28,-24.4,-4.88,-34.16,-34.16,-97.6,-73.2,-63.44,-48.8
-48.8,-29.28,19.52,39.04,-34.16,-4.88,-29.28,-29.28,-92.72,-73.2,-63.44,-39.04
-48.8,0,48.8,24.4,-48.8,24.4,-29.28,-34.16,-102.48,-82.96,-68.32,-43.92
-53.68,-4.88,48.8,29.28,-53.68,19.52,-29.28,-29.28,-102.48,-87.84,-63.44,-48.8
-39.04,-14.64,24.4,29.28,-34.16,4.88,-43.92,-43.92,-112.24,-97.6,-68.32,-68.32
-29.28,9.76,39.04,9.76,-34.16,24.4,-34.16,-39.04,-107.36,-82.96,-58.56,-53.68
-24.4,19.52,43.92,4.88,-34.16,29.28,-34.16,-34.16,-102.48,-82.96,-58.56,-63.44
-43.92,14.64,58.56,14.64,-53.68,34.16,-29.28,-29.28,-92.72,-78.08,-58.56,-58.56
-39.04,-4.88,34.16,24.4,-39.04,14.64,-29.28,-29.28,-97.6,-73.2,-68.32,-63.44
-39.04,-9.76,29.28,24.4,-34.16,9.76,-34.16,-34.16,-102.48,-78.08,-68.32,-68.32
-34.16,0,34.16,19.52,-34.16,14.64,-34.16,-34.16,-102.48,-82.96,-73.2,-63.44
-29.28,0,29.28,14.64,-29.28,14.64,-29.28,-29.28,-97.6,-82.96,-68.32,-53.68
-19.52,0,19.52,9.76,-19.52,9.76,-29.28,-29.28,-102.48,-87.84,-78.08,-58.56
-19.52,0,19.52,9.76,-19.52,9.76,-29.28,-29.28,-97.6,-87.84,-78.08,-58.56
-39.04,-4.88,34.16,24.4,-39.04,14.64,-24.4,-24.4,-87.84,-78.08,-73.2,-53.68
-24.4,4.88,29.28,9.76,-29.28,14.64,-29.28,-29.28,-92.72,-78.08,-82.96,-68.32
-19.52,4.88,24.4,9.76,-24.4,14.64,-24.4,-29.28,-87.84,-73.2,-73.2,-63.44
-48.8,9.76,58.56,19.52,-53.68,34.16,-14.64,-14.64,-73.2,-58.56,-53.68,-48.8
-34.16,4.88,39.04,14.64,-39.04,19.52,-19.52,-19.52,-78.08,-58.56,-63.44,-58.56
-14.64,19.52,34.16,0,-24.4,24.4,-14.64,-19.52,-73.2,-53.68,-63.44,-53.68
-19.52,14.64,34.16,4.88,-29.28,24.4,-9.76,-14.64,-68.32,-58.56,-48.8,-53.68
-24.4,-9.76,14.64,19.52,-19.52,0,-19.52,-24.4,-78.08,-68.32,-58.56,-58.56
-48.8,-14.64,34.16,34.16,-43.92,9.76,-19.52,-24.4,-82.96,-73.2,-73.2,-58.56
-53.68,-19.52,34.16,39.04,-43.92,4.88,-19.52,-24.4,-87.84,-68.32,-78.08,-63.44
-53.68,-24.4,29.28,39.04,-43.92,0,-24.4,-29.28,-92.72,-73.2,-82.96,-68.32
-48.8,-9.76,39.04,29.28,-43.92,14.64,-14.64,-19.52,-78.08,-63.44,-58.56,-53.68
-19.52,14.64,34.16,4.88,-29.28,24.4,-14.64,-19.52,-78.08,-63.44,-53.68,-53.68
-9.76,19.52,29.28,-4.88,-19.52,24.4,-14.64,-19.52,-78.08,-58.56,-48.8,-53.68
-34.16,9.76,43.92,14.64,-39.04,24.4,-4.88,-9.76,-63.44,-43.92,-39.04,-43.92
-39.04,4.88,43.92,19.52,-43.92,24.4,0,-4.88,-58.56,-43.92,-43.92,-43.92
-19.52,9.76,29.28,4.88,-24.4,19.52,0,0,-63.44,-43.92,-48.8,-53.68
-9.76,19.52,29.28,-4.88,-19.52,24.4,0,-4.88,-63.44,-43.92,-53.68,-63.44
-9.76,19.52,29.28,-4.88,-19.52,24.4,-4.88,-9.76,-68.32,-53.68,-58.56,-73.2
-24.4,9.76,34.16,9.76,-29.28,19.52,-4.88,-9.76,-78.08,-58.56,-68.32,-78.08
-43.92,-4.88,39.04,24.4,-43.92,14.64,-9.76,-9.76,-78.08,-58.56,-68.32,-73.2
-43.92,-4.88,39.04,24.4,-43.92,14.64,-9.76,-14.64,-78.08,-53.68,-63.44,-63.44
-19.52,4.88,24.4,9.76,-24.4,14.64,-19.52,-24.4,-82.96,-63.44,-68.32,-63.44
-24.4,9.76,34.16,9.76,-29.28,19.52,-19.52,-24.4,-82.96,-53.68,-63.44,-58.56
-19.52,4.88,24.4,9.76,-24.4,14.64,-14.64,-19.52,-78.08,-48.8,-58.56,-58.56
-24.4,0,24.4,14.64,-24.4,9.76,-9.76,-19.52,-73.2,-58.56,-63.44,-68.32
-43.92,0,43.92,24.4,-43.92,19.52,-4.88,-9.76,-63.44,-53.68,-63.44,-58.56
-34.16,-4.88,29.28,19.52,-34.16,9.76,-14.64,-14.64,-68.32,-58.56,-68.32,-63.44
-39.04,-4.88,34.16,24.4,-39.04,14.64,-9.76,-9.76,-68.32,-58.56,-63.44,-58.56
-29.28,0,29.28,14.64,-29.28,14.64,-14.64,-14.64,-73.2,-68.32,-73.2,-63.44
-19.52,-4.88,14.64,14.64,-19.52,4.88,-24.4,-19.52,-68.32,-68.32,-78.08,-63.44
-9.76,4.88,14.64,4.88,-14.64,9.76,-24.4,-24.4,-73.2,-68.32,-73.2,-63.44
-43.92,14.64,58.56,14.64,-53.68,34.16,-4.88,-4.88,-58.56,-48.8,-53.68,-43.92
-78.08,9.76,87.84,34.16,-82.96,48.8,-4.88,0,-53.68,-39.04,-48.8,-34.16
-58.56,-4.88,53.68,34.16,-58.56,24.4,-9.76,-9.76,-58.56,-48.8,-48.8,-48.8
-39.04,0,39.04,19.52,-39.04,19.52,-14.64,-14.64,-63.44,-53.68,-53.68,-58.56
-34.16,0,34.16,19.52,-34.16,14.64,-14.64,-9.76,-63.44,-53.68,-53.68,-63.44
-34.16,9.76,43.92,14.64,-39.04,24.4,-14.64,-4.88,-58.56,-48.8,-53.68,-63.44
-39.04,-4.88,34.16,24.4,-39.04,14.64,-4.88,0,-53.68,-48.8,-43.92,-53.68
-43.92,-9.76,34.16,29.28,-39.04,9.76,-14.64,-4.88,-68.32,-58.56,-63.44,-63.44
-39.04,9.76,48.8,14.64,-43.92,29.28,-14.64,-9.76,-63.44,-58.56,-58.56,-58.56
-34.16,9.76,43.92,14.64,-39.04,24.4,-24.4,-24.4,-73.2,-63.44,-63.44,-58.56
-19.52,4.88,24.4,9.76,-24.4,14.64,-29.28,-24.4,-73.2,-63.44,-63.44,-58.56
-29.28,9.76,39.04,9.76,-34.16,24.4,-19.52,-19.52,-68.32,-53.68,-58.56,-48.8
-29.28,9.76,39.04,9.76,-34.16,24.4,-14.64,-14.64,-63.44,-53.68,-48.8,-39.04
-29.28,14.64,43.92,9.76,-39.04,29.28,-9.76,-9.76,-68.32,-48.8,-48.8,-39.04
-39.04,9.76,48.8,14.64,-43.92,29.28,-4.88,-4.88,-68.32,-53.68,-48.8,-34.16
-19.52,0,19.52,9.76,-19.52,9.76,-9.76,-14.64,-87.84,-68.32,-63.44,-53.68
4.88,14.64,9.76,-9.76,-4.88,9.76,-9.76,-9.76,-87.84,-73.2,-63.44,-53.68
-29.28,14.64,43.92,9.76,-39.04,29.28,-4.88,0,-78.08,-73.2,-68.32,-53.68
-63.44,0,63.44,34.16,-63.44,29.28,-4.88,0,-78.08,-78.08,-78.08,-63.44
-34.16,19.52,53.68,9.76,-43.92,34.16,-4.88,-4.88,-82.96,-73.2,-78.08,-58.56
-19.52,19.52,39.04,0,-29.28,29.28,-4.88,-4.88,-82.96,-73.2,-63.44,-48.8
-9.76,19.52,29.28,-4.88,-19.52,24.4,-14.64,-9.76,-87.84,-73.2,-63.44,-53.68
-9.76,4.88,14.64,4.88,-14.64,9.76,-19.52,-14.64,-92.72,-78.08,-68.32,-58.56
-19.52,4.88,24.4,9.76,-24.4,14.64,-19.52,-14.64,-97.6,-82.96,-68.32,-53.68
0,9.76,9.76,-4.88,-4.88,9.76,-19.52,-14.64,-97.6,-82.96,-68.32,-53.68
-4.88,19.52,24.4,-4.88,-14.64,19.52,-14.64,-9.76,-92.72,-82.96,-68.32,-53.68
-34.16,9.76,43.92,14.64,-39.04,24.4,-9.76,-4.88,-97.6,-87.84,-73.2,-48.8
-39.04,14.64,53.68,14.64,-48.8,34.16,0,0,-87.84,-82.96,-68.32,-53.68
-53.68,4.88,58.56,24.4,-58.56,29.28,0,0,-87.84,-87.84,-68.32,-53.68
-4.88,29.28,34.16,-9.76,-19.52,29.28,-14.64,-14.64,-102.48,-92.72,-78.08,-58.56
-24.4,9.76,34.16,9.76,-29.28,19.52,-14.64,-9.76,-102.48,-92.72,-73.2,-53.68
-43.92,-4.88,39.04,24.4,-43.92,14.64,-24.4,-19.52,-112.24,-102.48,-82.96,-63.44
-48.8,0,48.8,24.4,-48.8,24.4,-14.64,-9.76,-102.48,-92.72,-68.32,-48.8
-53.68,-4.88,48.8,29.28,-53.68,19.52,-9.76,-4.88,-97.6,-92.72,-68.32,-43.92
-34.16,-9.76,24.4,24.4,-29.28,4.88,-19.52,-14.64,-107.36,-102.48,-82.96,-53.68
-34.16,-9.76,24.4,24.4,-29.28,4.88,-24.4,-19.52,-112.24,-112.24,-82.96,-48.8
-29.28,0,29.28,14.64,-29.28,14.64,-19.52,-9.76,-107.36,-102.48,-82.96,-43.92
-9.76,14.64,24.4,0,-19.52,19.52,-9.76,-4.88,-107.36,-102.48,-82.96,-39.04
-39.04,9.76,48.8,14.64,-43.92,29.28,-14.64,-4.88,-107.36,-107.36,-78.08,-39.04
-48.8,9.76,58.56,19.52,-53.68,34.16,-24.4,-14.64,-122,-112.24,-78.08,-39.04
-43.92,19.52,63.44,14.64,-53.68,39.04,-19.52,-14.64,-122,-112.24,-78.08,-39.04
-39.04,14.64,53.68,14.64,-48.8,34.16,-19.52,-19.52,-122,-112.24,-82.96,-48.8
-19.52,9.76,29.28,4.88,-24.4,19.52,-29.28,-24.4,-131.76,-122,-92.72,-68.32
-34.16,-14.64,19.52,24.4,-29.28,0,-34.16,-29.28,-141.52,-126.88,-97.6,-73.2
-39.04,4.88,43.92,19.52,-43.92,24.4,-14.64,-14.64,-122,-117.12,-82.96,-53.68
-24.4,4.88,29.28,9.76,-29.28,14.64,-14.64,-14.64,-122,-112.24,-82.96,-48.8
-29.28,0,29.28,14.64,-29.28,14.64,-19.52,-24.4,-131.76,-122,-92.72,-63.44
-48.8,9.76,58.56,19.52,-53.68,34.16,-24.4,-19.52,-131.76,-122,-87.84,-53.68
-34.16,19.52,53.68,9.76,-43.92,34.16,-19.52,-14.64,-131.76,-122,-87.84,-53.68
-29.28,0,29.28,14.64,-29.28,14.64,-29.28,-29.28,-141.52,-126.88,-97.6,-73.2
-19.52,9.76,29.28,4.88,-24.4,19.52,-29.28,-29.28,-141.52,-131.76,-107.36,-73.2
9.76,9.76,0,-9.76,4.88,4.88,-39.04,-39.04,-141.52,-136.64,-117.12,-68.32
9.76,4.88,-4.88,-4.88,4.88,0,-39.04,-29.28,-141.52,-131.76,-107.36,-63.44
-29.28,0,29.28,14.64,-29.28,14.64,-24.4,-24.4,-126.88,-126.88,-82.96,-48.8
-34.16,4.88,39.04,14.64,-39.04,19.52,-19.52,-19.52,-131.76,-131.76,-82.96,-53.68
-34.16,4.88,39.04,14.64,-39.04,19.52,-24.4,-24.4,-131.76,-131.76,-82.96,-53.68
-48.8,0,48.8,24.4,-48.8,24.4,-9.76,-14.64,-131.76,-126.88,-82.96,-48.8
-82.96,-9.76,73.2,48.8,-78.08,29.28,-4.88,-4.88,-122,-117.12,-78.08,-43.92
-68.32,-29.28,39.04,48.8,-53.68,4.88,-9.76,-9.76,-131.76,-122,-82.96,-48.8
-53.68,-24.4,29.28,39.04,-43.92,0,-24.4,-24.4,-141.52,-131.76,-97.6,-58.56
-58.56,0,58.56,29.28,-58.56,29.28,-24.4,-24.4,-146.4,-136.64,-97.6,-58.56
-53.68,-4.88,48.8,29.28,-53.68,19.52,-24.4,-24.4,-151.28,-136.64,-97.6,-68.32
-39.04,-9.76,29.28,24.4,-34.16,9.76,-29.28,-19.52,-141.52,-136.64,-97.6,-63.44
-19.52,0,19.52,9.76,-19.52,9.76,-24.4,-24.4,-146.4,-131.76,-92.72,-58.56
-34.16,-4.88,29.28,19.52,-34.16,9.76,-14.64,-14.64,-141.52,-122,-87.84,-58.56
-63.44,-9.76,53.68,39.04,-58.56,19.52,-4.88,-4.88,-131.76,-122,-87.84,-53.68
-48.8,-9.76,39.04,29.28,-43.92,14.64,-9.76,-9.76,-136.64,-126.88,-97.6,-48.8
-43.92,0,43.92,24.4,-43.92,19.52,-14.64,-14.64,-141.52,-126.88,-97.6,-53.68
-39.04,19.52,58.56,9.76,-48.8,39.04,-4.88,-4.88,-136.64,-122,-92.72,-53.68
-34.16,14.64,48.8,9.76,-43.92,29.28,-4.88,-4.88,-141.52,-117.12,-82.96,-43.92
-34.16,4.88,39.04,14.64,-39.04,19.52,-19.52,-14.64,-151.28,-126.88,-92.72,-53.68
-43.92,4.88,48.8,19.52,-48.8,24.4,-4.88,-4.88,-141.52,-117.12,-82.96,-43.92
-48.8,9.76,58.56,19.52,-53.68,34.16,-9.76,-4.88,-141.52,-122,-82.96,-39.04
-43.92,4.88,48.8,19.52,-48.8,24.4,-19.52,-14.64,-151.28,-131.76,-87.84,-43.92
-4.88,4.88,9.76,0,-9.76,4.88,-29.28,-24.4,-161.04,-141.52,-97.6,-58.56
-24.4,-14.64,9.76,19.52,-19.52,-4.88,-24.4,-19.52,-156.16,-136.64,-97.6,-58.56
-53.68,-14.64,39.04,34.16,-48.8,9.76,-19.52,-14.64,-156.16,-131.76,-92.72,-58.56
-48.8,9.76,58.56,19.52,-53.68,34.16,-9.76,-9.76,-146.4,-126.88,-87.84,-48.8
-43.92,4.88,48.8,19.52,-48.8,24.4,-19.52,-29.28,-161.04,-141.52,-107.36,-63.44
-43.92,-14.64,29.28,29.28,-39.04,4.88,-24.4,-29.28,-156.16,-141.52,-117.12,-68.32
-48.8,0,48.8,24.4,-48.8,24.4,-19.52,-19.52,-146.4,-136.64,-102.48,-68.32
-48.8,-4.88,43.92,29.28,-48.8,19.52,-24.4,-29.28,-156.16,-136.64,-97.6,-78.08
-34.16,0,34.16,19.52,-34.16,14.64,-19.52,-24.4,-151.28,-136.64,-97.6,-73.2
-39.04,-9.76,29.28,24.4,-34.16,9.76,-19.52,-19.52,-151.28,-136.64,-92.72,-68.32
-63.44,0,63.44,34.16,-63.44,29.28,0,-4.88,-131.76,-122,-78.08,-48.8
-73.2,0,73.2,39.04,-73.2,34.16,0,-4.88,-131.76,-117.12,-73.2,-43.92
-29.28,-9.76,19.52,19.52,-24.4,4.88,-24.4,-24.4,-156.16,-141.52,-97.6,-68.32
-14.64,-9.76,4.88,14.64,-9.76,-4.88,-29.28,-34.16,-156.16,-141.52,-97.6,-63.44
-58.56,4.88,63.44,29.28,-63.44,34.16,4.88,-4.88,-131.76,-117.12,-78.08,-39.04
-68.32,4.88,73.2,34.16,-73.2,39.04,0,-4.88,-136.64,-117.12,-82.96,-39.04
-43.92,-4.88,39.04,24.4,-43.92,14.64,-19.52,-29.28,-156.16,-136.64,-102.48,-58.56
-34.16,-19.52,14.64,29.28,-24.4,-4.88,-24.4,-29.28,-161.04,-141.52,-102.48,-58.56
-39.04,-14.64,24.4,29.28,-34.16,4.88,-14.64,-19.52,-156.16,-141.52,-97.6,-58.56
-48.8,-9.76,39.04,29.28,-43.92,14.64,-14.64,-19.52,-161.04,-136.64,-92.72,-58.56
-48.8,-24.4,24.4,39.04,-39.04,0,-19.52,-24.4,-165.92,-141.52,-97.6,-68.32
-48.8,-19.52,29.28,34.16,-39.04,4.88,-19.52,-24.4,-161.04,-146.4,-97.6,-63.44
-39.04,-14.64,24.4,29.28,-34.16,4.88,-24.4,-29.28,-165.92,-141.52,-102.48,-68.32
-39.04,-9.76,29.28,24.4,-34.16,9.76,-19.52,-24.4,-161.04,-136.64,-102.48,-58.56
-48.8,-14.64,34.16,34.16,-43.92,9.76,-14.64,-19.52,-156.16,-131.76,-102.48,-58.56
-43.92,-14.64,29.28,29.28,-39.04,4.88,-24.4,-29.28,-161.04,-141.52,-102.48,-63.44
-43.92,0,43.92,24.4,-43.92,19.52,-19.52,-24.4,-161.04,-136.64,-97.6,-68.32
-29.28,0,29.28,14.64,-29.28,14.64,-24.4,-24.4,-156.16,-136.64,-82.96,-58.56
-34.16,-9.76,24.4,24.4,-29.28,4.88,-19.52,-24.4,-156.16,-136.64,-87.84,-63.44
-39.04,0,39.04,19.52,-39.04,19.52,-9.76,-14.64,-146.4,-126.88,-73.2,-48.8
-39.04,-4.88,34.16,24.4,-39.04,14.64,-14.64,-19.52,-151.28,-131.76,-78.08,-48.8
-58.56,-24.4,34.16,43.92,-48.8,4.88,-9.76,-14.64,-146.4,-126.88,-78.08,-48.8
-29.28,-14.64,14.64,24.4,-24.4,0,-24.4,-24.4,-156.16,-141.52,-97.6,-68.32
-19.52,-19.52,0,19.52,-9.76,-9.76,-29.28,-39.04,-165.92,-146.4,-102.48,-73.2
-73.2,-14.64,58.56,43.92,-68.32,19.52,-14.64,-19.52,-146.4,-126.88,-87.84,-48.8
-82.96,-9.76,73.2,48.8,-78.08,29.28,-4.88,-9.76,-141.52,-122,-73.2,-39.04
-29.28,-19.52,9.76,24.4,-19.52,-4.88,-29.28,-39.04,-170.8,-151.28,-102.48,-73.2
-24.4,-4.88,19.52,14.64,-24.4,4.88,-24.4,-34.16,-165.92,-146.4,-102.48,-73.2
-58.56,9.76,68.32,24.4,-63.44,39.04,0,-9.76,-136.64,-122,-73.2,-43.92
-24.4,-4.88,19.52,14.64,-24.4,4.88,-14.64,-19.52,-151.28,-131.76,-87.84,-58.56
-14.64,-9.76,4.88,14.64,-9.76,-4.88,-19.52,-24.4,-161.04,-141.52,-97.6,-68.32
-43.92,-9.76,34.16,29.28,-39.04,9.76,-19.52,-29.28,-165.92,-146.4,-102.48,-78.08
-43.92,-4.88,39.04,24.4,-43.92,14.64,-19.52,-24.4,-161.04,-146.4,-102.48,-78.08
-14.64,-9.76,4.88,14.64,-9.76,-4.88,-19.52,-29.28,-165.92,-151.28,-107.36,-82.96
-48.8,-9.76,39.04,29.28,-43.92,14.64,-19.52,-24.4,-161.04,-151.28,-107.36,-73.2
-68.32,-24.4,43.92,48.8,-58.56,9.76,-14.64,-19.52,-156.16,-141.52,-102.48,-58.56
-58.56,-24.4,34.16,43.92,-48.8,4.88,-19.52,-24.4,-161.04,-141.52,-102.48,-58.56
-48.8,-19.52,29.28,34.16,-39.04,4.88,-14.64,-24.4,-156.16,-131.76,-92.72,-53.68
-19.52,-4.88,14.64,14.64,-19.52,4.88,-19.52,-24.4,-161.04,-136.64,-78.08,-48.8
-19.52,-24.4,-4.88,24.4,-9.76,-14.64,-19.52,-29.28,-161.04,-136.64,-73.2,-53.68
-34.16,-19.52,14.64,29.28,-24.4,-4.88,-9.76,-19.52,-161.04,-131.76,-73.2,-53.68
-53.68,-29.28,24.4,43.92,-39.04,-4.88,-9.76,-14.64,-156.16,-131.76,-73.2,-43.92
-87.84,-43.92,43.92,68.32,-68.32,0,-14.64,-19.52,-165.92,-141.52,-87.84,-58.56
-78.08,-39.04,39.04,58.56,-58.56,0,-14.64,-24.4,-161.04,-146.4,-92.72,-73.2
-73.2,-29.28,43.92,53.68,-58.56,4.88,-14.64,-24.4,-161.04,-151.28,-92.72,-73.2
-68.32,-34.16,34.16,53.68,-53.68,0,-24.4,-29.28,-161.04,-156.16,-97.6,-73.2
-48.8,-19.52,29.28,34.16,-39.04,4.88,-24.4,-29.28,-161.04,-151.28,-102.48,-68.32
-34.16,-4.88,29.28,19.52,-34.16,9.76,-14.64,-19.52,-151.28,-136.64,-97.6,-53.68
-14.64,0,14.64,9.76,-14.64,4.88,-9.76,-14.64,-141.52,-131.76,-78.08,-43.92
-9.76,0,9.76,4.88,-9.76,4.88,-14.64,-19.52,-146.4,-136.64,-73.2,-48.8
-43.92,-19.52,24.4,34.16,-34.16,0,-9.76,-19.52,-151.28,-136.64,-78.08,-58.56
-43.92,-19.52,24.4,34.16,-34.16,0,-9.76,-19.52,-141.52,-141.52,-78.08,-58.56
-48.8,-9.76,39.04,29.28,-43.92,14.64,-14.64,-19.52,-146.4,-146.4,-87.84,-58.56
-48.8,-14.64,34.16,34.16,-43.92,9.76,-19.52,-29.28,-151.28,-151.28,-102.48,-68.32
-29.28,-14.64,14.64,24.4,-24.4,0,-19.52,-34.16,-151.28,-146.4,-97.6,-68.32
-48.8,-24.4,24.4,39.04,-39.04,0,-24.4,-34.16,-151.28,-146.4,-97.6,-68.32
-68.32,-19.52,48.8,43.92,-58.56,14.64,-19.52,-24.4,-151.28,-141.52,-92.72,-53.68
-29.28,-9.76,19.52,19.52,-24.4,4.88,-29.28,-34.16,-161.04,-146.4,-97.6,-63.44
-39.04,-19.52,19.52,29.28,-29.28,0,-24.4,-29.28,-156.16,-136.64,-87.84,-58.56
-48.8,-19.52,29.28,34.16,-39.04,4.88,-24.4,-29.28,-156.16,-131.76,-92.72,-48.8
-39.04,-24.4,14.64,34.16,-29.28,-4.88,-19.52,-24.4,-156.16,-136.64,-92.72,-48.8
-14.64,-24.4,-9.76,19.52,-4.88,-19.52,-24.4,-34.16,-156.16,-156.16,-107.36,-58.56
-9.76,9.76,19.52,0,-14.64,14.64,-19.52,-29.28,-156.16,-151.28,-87.84,-48.8
-48.8,19.52,68.32,14.64,-58.56,43.92,-4.88,-14.64,-141.52,-136.64,-68.32,-34.16
-53.68,-9.76,43.92,34.16,-48.8,14.64,-14.64,-19.52,-146.4,-146.4,-73.2,-43.92
-34.16,-19.52,14.64,29.28,-24.4,-4.88,-34.16,-43.92,-161.04,-161.04,-92.72,-58.56
-48.8,-9.76,39.04,29.28,-43.92,14.64,-34.16,-34.16,-161.04,-151.28,-97.6,-58.56
-63.44,-4.88,58.56,34.16,-63.44,24.4,-19.52,-24.4,-151.28,-141.52,-82.96,-48.8
-34.16,0,34.16,19.52,-34.16,14.64,-19.52,-24.4,-151.28,-141.52,-78.08,-39.04
-24.4,-14.64,9.76,19.52,-19.52,-4.88,-39.04,-39.04,-165.92,-156.16,-92.72,-53.68
-29.28,-19.52,9.76,24.4,-19.52,-4.88,-29.28,-34.16,-161.04,-151.28,-87.84,-43.92
-29.28,-9.76,19.52,19.52,-24.4,4.88,-24.4,-29.28,-151.28,-151.28,-87.84,-39.04
-34.16,-9.76,24.4,24.4,-29.28,4.88,-24.4,-29.28,-161.04,-151.28,-92.72,-39.04
-14.64,-9.76,4.88,14.64,-9.76,-4.88,-29.28,-34.16,-170.8,-156.16,-92.72,-53.68
-19.52,-14.64,4.88,19.52,-14.64,-4.88,-29.28,-34.16,-170.8,-156.16,-92.72,-53.68
-39.04,0,39.04,19.52,-39.04,19.52,-29.28,-29.28,-161.04,-151.28,-87.84,-53.68
-53.68,-29.28,24.4,43.92,-39.04,-4.88,-34.16,-34.16,-170.8,-151.28,-87.84,-63.44
-53.68,-34.16,19.52,43.92,-39.04,-9.76,-29.28,-29.28,-165.92,-151.28,-92.72,-63.44
-34.16,-4.88,29.28,19.52,-34.16,9.76,-24.4,-29.28,-165.92,-146.4,-78.08,-48.8
-19.52,-14.64,4.88,19.52,-14.64,-4.88,-24.4,-29.28,-165.92,-146.4,-78.08,-43.92
-29.28,-29.28,0,29.28,-14.64,-14.64,-24.4,-24.4,-170.8,-151.28,-82.96,-43.92
-43.92,-9.76,34.16,29.28,-39.04,9.76,-24.4,-29.28,-170.8,-151.28,-82.96,-39.04
-43.92,-4.88,39.04,24.4,-43.92,14.64,-19.52,-29.28,-161.04,-151.28,-87.84,-43.92
-29.28,9.76,39.04,9.76,-34.16,24.4,-19.52,-29.28,-161.04,-151.28,-87.84,-43.92
-39.04,9.76,48.8,14.64,-43.92,29.28,-14.64,-19.52,-151.28,-141.52,-78.08,-39.04
-24.4,-4.88,19.52,14.64,-24.4,4.88,-24.4,-34.16,-161.04,-151.28,-97.6,-53.68
-39.04,-14.64,24.4,29.28,-34.16,4.88,-34.16,-43.92,-170.8,-156.16,-102.48,-63.44
-53.68,-14.64,39.04,34.16,-48.8,9.76,-39.04,-39.04,-180.56,-156.16,-97.6,-53.68
-53.68,-14.64,39.04,34.16,-48.8,9.76,-29.28,-34.16,-170.8,-151.28,-92.72,-53.68
-63.44,0,63.44,34.16,-63.44,29.28,-19.52,-24.4,-161.04,-141.52,-87.84,-43.92
-58.56,-9.76,48.8,34.16,-53.68,19.52,-19.52,-24.4,-156.16,-141.52,-87.84,-48.8
-43.92,-19.52,24.4,34.16,-34.16,0,-24.4,-29.28,-170.8,-151.28,-97.6,-48.8
-34.16,-14.64,19.52,24.4,-29.28,0,-29.28,-39.04,-170.8,-156.16,-97.6,-58.56
-14.64,0,14.64,9.76,-14.64,4.88,-24.4,-34.16,-165.92,-156.16,-92.72,-48.8
-24.4,-9.76,14.64,19.52,-19.52,0,-24.4,-29.28,-170.8,-161.04,-87.84,-48.8
-39.04,-34.16,4.88,39.04,-24.4,-14.64,-34.16,-39.04,-180.56,-161.04,-92.72,-48.8
-39.04,-24.4,14.64,34.16,-29.28,-4.88,-39.04,-43.92,-180.56,-161.04,-92.72,-53.68
-29.28,4.88,34.16,14.64,-34.16,19.52,-24.4,-29.28,-165.92,-151.28,-87.84,-34.16
-29.28,4.88,34.16,14.64,-34.16,19.52,-24.4,-29.28,-165.92,-146.4,-82.96,-34.16
-29.28,4.88,34.16,14.64,-34.16,19.52,-19.52,-29.28,-161.04,-146.4,-78.08,-39.04
-39.04,4.88,43.92,19.52,-43.92,24.4,-19.52,-24.4,-161.04,-141.52,-73.2,-43.92
-43.92,4.88,48.8,19.52,-48.8,24.4,-24.4,-29.28,-165.92,-151.28,-78.08,-43.92
-48.8,29.28,78.08,9.76,-63.44,53.68,-4.88,-9.76,-151.28,-136.64,-68.32,-29.28
-34.16,43.92,78.08,-4.88,-58.56,58.56,-4.88,-9.76,-146.4,-136.64,-63.44,-29.28
-19.52,43.92,63.44,-9.76,-43.92,53.68,0,-4.88,-141.52,-126.88,-39.04,-19.52
-14.64,58.56,73.2,-19.52,-43.92,63.44,0,-4.88,-136.64,-117.12,-29.28,-14.64
9.76,87.84,78.08,-48.8,-34.16,82.96,-4.88,-9.76,-136.64,-112.24,-24.4,-9.76
4.88,92.72,87.84,-48.8,-43.92,87.84,4.88,0,-131.76,-107.36,-24.4,0
-19.52,87.84,107.36,-34.16,-63.44,97.6,19.52,4.88,-122,-97.6,-19.52,4.88
-43.92,87.84,131.76,-19.52,-87.84,107.36,19.52,9.76,-117.12,-97.6,-19.52,9.76
-34.16,73.2,107.36,-19.52,-73.2,87.84,4.88,-4.88,-131.76,-112.24,-39.04,-9.76
-43.92,58.56,102.48,-4.88,-73.2,78.08,0,-9.76,-136.64,-117.12,-43.92,-19.52
-14.64,78.08,92.72,-29.28,-53.68,82.96,4.88,-4.88,-126.88,-112.24,-34.16,-14.64
-4.88,102.48,107.36,-48.8,-58.56,102.48,9.76,0,-122,-112.24,-34.16,-9.76
-9.76,107.36,117.12,-48.8,-63.44,112.24,14.64,4.88,-117.12,-107.36,-24.4,-4.88
-9.76,102.48,112.24,-43.92,-63.44,107.36,4.88,-4.88,-122,-107.36,-29.28,0
-34.16,102.48,136.64,-34.16,-87.84,117.12,19.52,9.76,-102.48,-82.96,0,19.52
-29.28,112.24,141.52,-39.04,-87.84,126.88,9.76,4.88,-107.36,-82.96,0,19.52
-14.64,112.24,126.88,-48.8,-73.2,117.12,-9.76,-14.64,-117.12,-92.72,-4.88,19.52
-4.88,122,126.88,-58.56,-68.32,122,-24.4,-29.28,-117.12,-97.6,-9.76,19.52
-29.28,126.88,156.16,-48.8,-92.72,141.52,-19.52,-24.4,-112.24,-87.84,-4.88,29.28
-39.04,126.88,165.92,-43.92,-102.48,146.4,-19.52,-24.4,-107.36,-82.96,0,34.16
0,141.52,141.52,-68.32,-73.2,141.52,-48.8,-48.8,-126.88,-97.6,-9.76,19.52
0,136.64,136.64,-68.32,-68.32,136.64,-73.2,-78.08,-151.28,-117.12,-29.28,4.88
-24.4,131.76,156.16,-53.68,-92.72,141.52,-82.96,-87.84,-151.28,-117.12,-24.4,4.88
-19.52,131.76,151.28,-53.68,-87.84,141.52,-92.72,-97.6,-165.92,-117.12,-29.28,4.88
14.64,141.52,126.88,-78.08,-58.56,131.76,-97.6,-102.48,-170.8,-117.12,-29.28,9.76
0,141.52,141.52,-68.32,-73.2,141.52,-82.96,-87.84,-156.16,-97.6,-14.64,29.28
-9.76,156.16,165.92,-73.2,-87.84,161.04,-73.2,-82.96,-146.4,-92.72,-4.88,43.92
9.76,141.52,131.76,-73.2,-63.44,136.64,-82.96,-97.6,-161.04,-107.36,-14.64,34.16
-24.4,136.64,161.04,-53.68,-92.72,146.4,-82.96,-87.84,-161.04,-102.48,-9.76,43.92
-14.64,141.52,156.16,-63.44,-87.84,146.4,-82.96,-92.72,-165.92,-117.12,-14.64,43.92
-19.52,136.64,156.16,-58.56,-87.84,146.4,-87.84,-97.6,-175.68,-131.76,-19.52,39.04
-14.64,136.64,151.28,-58.56,-82.96,141.52,-87.84,-97.6,-190.32,-136.64,-29.28,34.16
-9.76,122,131.76,-53.68,-73.2,126.88,-87.84,-97.6,-190.32,-136.64,-29.28,29.28
-53.68,97.6,151.28,-19.52,-102.48,122,-73.2,-87.84,-170.8,-117.12,-19.52,43.92
-14.64,117.12,131.76,-48.8,-73.2,122,-87.84,-102.48,-185.44,-136.64,-29.28,34.16
9.76,112.24,102.48,-58.56,-48.8,107.36,-92.72,-107.36,-195.2,-141.52,-39.04,29.28
-14.64,92.72,107.36,-39.04,-63.44,97.6,-78.08,-87.84,-180.56,-126.88,-29.28,39.04
-4.88,87.84,92.72,-39.04,-48.8,87.84,-78.08,-92.72,-185.44,-136.64,-34.16,39.04
-9.76,78.08,87.84,-34.16,-48.8,82.96,-78.08,-87.84,-190.32,-141.52,-29.28,34.16
-14.64,92.72,107.36,-39.04,-63.44,97.6,-73.2,-78.08,-175.68,-131.76,-29.28,39.04
-4.88,92.72,97.6,-43.92,-53.68,92.72,-78.08,-82.96,-185.44,-146.4,-43.92,24.4
0,63.44,63.44,-29.28,-34.16,63.44,-87.84,-87.84,-195.2,-161.04,-68.32,9.76
9.76,53.68,43.92,-29.28,-19.52,48.8,-82.96,-92.72,-200.08,-165.92,-73.2,-4.88
-14.64,34.16,48.8,-9.76,-34.16,39.04,-87.84,-97.6,-209.84,-180.56,-82.96,-24.4
-29.28,24.4,53.68,4.88,-43.92,39.04,-92.72,-92.72,-219.6,-185.44,-92.72,-34.16
-48.8,19.52,68.32,14.64,-58.56,43.92,-68.32,-73.2,-204.96,-175.68,-92.72,-24.4
-82.96,0,82.96,43.92,-82.96,39.04,-63.44,-68.32,-204.96,-165.92,-82.96,-14.64
-68.32,-14.64,53.68,43.92,-63.44,19.52,-73.2,-82.96,-214.72,-185.44,-97.6,-29.28
-53.68,-9.76,43.92,34.16,-48.8,14.64,-78.08,-82.96,-224.48,-185.44,-92.72,-29.28
-48.8,-9.76,39.04,29.28,-43.92,14.64,-73.2,-78.08,-224.48,-190.32,-97.6,-29.28
-63.44,-19.52,43.92,43.92,-53.68,9.76,-63.44,-68.32,-219.6,-190.32,-92.72,-29.28
-53.68,-19.52,34.16,39.04,-43.92,4.88,-68.32,-68.32,-219.6,-190.32,-102.48,-34.16
-43.92,-19.52,24.4,34.16,-34.16,0,-73.2,-78.08,-224.48,-200.08,-107.36,-39.04
-29.28,-14.64,14.64,24.4,-24.4,0,-73.2,-78.08,-219.6,-200.08,-102.48,-39.04
-43.92,-19.52,24.4,34.16,-34.16,0,-78.08,-78.08,-229.36,-200.08,-97.6,-39.04
-19.52,-9.76,9.76,14.64,-14.64,0,-78.08,-78.08,-229.36,-190.32,-97.6,-39.04
-34.16,0,34.16,19.52,-34.16,14.64,-78.08,-82.96,-229.36,-195.2,-97.6,-34.16
-43.92,0,43.92,24.4,-43.92,19.52,-73.2,-78.08,-224.48,-185.44,-92.72,-24.4
-39.04,-4.88,34.16,24.4,-39.04,14.64,-73.2,-78.08,-224.48,-190.32,-92.72,-29.28
-29.28,4.88,34.16,14.64,-34.16,19.52,-73.2,-82.96,-224.48,-190.32,-92.72,-24.4
-34.16,4.88,39.04,14.64,-39.04,19.52,-68.32,-73.2,-219.6,-180.56,-78.08,-14.64
-34.16,-4.88,29.28,19.52,-34.16,9.76,-68.32,-78.08,-219.6,-185.44,-87.84,-24.4
-48.8,-24.4,24.4,39.04,-39.04,0,-73.2,-82.96,-224.48,-195.2,-87.84,-29.28
-63.44,-19.52,43.92,43.92,-53.68,9.76,-68.32,-82.96,-219.6,-195.2,-92.72,-24.4
-53.68,-9.76,43.92,34.16,-48.8,14.64,-78.08,-82.96,-224.48,-190.32,-92.72,-24.4
-48.8,-19.52,29.28,34.16,-39.04,4.88,-73.2,-78.08,-219.6,-185.44,-87.84,-19.52
-48.8,-24.4,24.4,39.04,-39.04,0,-73.2,-78.08,-219.6,-190.32,-92.72,-19.52
-58.56,-24.4,34.16,43.92,-48.8,4.88,-68.32,-73.2,-224.48,-185.44,-97.6,-24.4
-39.04,-9.76,29.28,24.4,-34.16,9.76,-68.32,-68.32,-224.48,-190.32,-97.6,-24.4
0,-9.76,-9.76,4.88,4.88,-9.76,-68.32,-73.2,-224.48,-195.2,-97.6,-19.52
-34.16,-19.52,14.64,29.28,-24.4,-4.88,-73.2,-82.96,-224.48,-195.2,-102.48,-14.64
-82.96,-19.52,63.44,53.68,-73.2,19.52,-48.8,-58.56,-200.08,-170.8,-73.2,-4.88
-48.8,-9.76,39.04,29.28,-43.92,14.64,-68.32,-68.32,-209.84,-180.56,-82.96,-19.52
-48.8,-14.64,34.16,34.16,-43.92,9.76,-78.08,-73.2,-219.6,-190.32,-97.6,-34.16
-39.04,-4.88,34.16,24.4,-39.04,14.64,-73.2,-68.32,-214.72,-180.56,-87.84,-24.4
-39.04,-9.76,29.28,24.4,-34.16,9.76,-82.96,-82.96,-219.6,-180.56,-82.96,-24.4
-24.4,-14.64,9.76,19.52,-19.52,-4.88,-82.96,-82.96,-219.6,-190.32,-87.84,-19.52
-14.64,-4.88,9.76,9.76,-14.64,0,-82.96,-82.96,-219.6,-190.32,-92.72,-29.28
-48.8,-14.64,34.16,34.16,-43.92,9.76,-73.2,-73.2,-209.84,-180.56,-92.72,-24.4
-73.2,-19.52,53.68,48.8,-63.44,14.64,-63.44,-58.56,-204.96,-175.68,-78.08,-19.52
-29.28,-4.88,24.4,19.52,-29.28,9.76,-63.44,-68.32,-204.96,-180.56,-82.96,-34.16
-24.4,-9.76,14.64,19.52,-19.52,0,-68.32,-68.32,-209.84,-185.44,-87.84,-39.04
-24.4,-9.76,14.64,19.52,-19.52,0,-73.2,-73.2,-214.72,-190.32,-97.6,-43.92
-48.8,-14.64,34.16,34.16,-43.92,9.76,-63.44,-63.44,-204.96,-180.56,-87.84,-29.28
-58.56,-19.52,39.04,39.04,-48.8,9.76,-58.56,-53.68,-204.96,-165.92,-73.2,-24.4
-58.56,-34.16,24.4,48.8,-43.92,-4.88,-53.68,-53.68,-200.08,-170.8,-68.32,-29.28
-53.68,0,53.68,29.28,-53.68,24.4,-58.56,-58.56,-204.96,-170.8,-63.44,-19.52
-43.92,39.04,82.96,4.88,-63.44,58.56,-63.44,-63.44,-209.84,-170.8,-63.44,-14.64
-43.92,53.68,97.6,-4.88,-73.2,73.2,-43.92,-43.92,-185.44,-156.16,-43.92,0
-92.72,58.56,151.28,19.52,-122,102.48,-19.52,-19.52,-161.04,-146.4,-24.4,19.52
-87.84,102.48,190.32,-4.88,-141.52,146.4,-9.76,-9.76,-141.52,-126.88,0,39.04
-78.08,126.88,204.96,-24.4,-141.52,165.92,-9.76,-9.76,-112.24,-107.36,24.4,58.56
-82.96,122,204.96,-19.52,-146.4,161.04,9.76,9.76,-48.8,-48.8,68.32,92.72
-63.44,141.52,204.96,-39.04,-136.64,170.8,43.92,43.92,29.28,29.28,112.24,117.12
-48.8,146.4,195.2,-48.8,-122,170.8,53.68,48.8,68.32,73.2,165.92,170.8
-19.52,180.56,200.08,-78.08,-112.24,190.32,24.4,19.52,73.2,122,244,248.88
29.28,224.48,195.2,-126.88,-82.96,209.84,-43.92,-48.8,43.92,204.96,361.12,356.24
82.96,283.04,200.08,-180.56,-58.56,239.12,-126.88,-131.76,-19.52,317.2,517.28,507.52
131.76,380.64,248.88,-253.76,-58.56,312.32,-204.96,-214.72,-63.44,463.6,732,707.6
151.28,453.84,302.56,-302.56,-78.08,375.76,-287.92,-297.68,-141.52,570.96,917.44,897.92
229.36,517.28,287.92,-370.88,-29.28,400.16,-414.8,-419.68,-317.2,605.12,1049.2,1068.72
331.84,624.64,292.8,-478.24,19.52,458.72,-551.44,-561.2,-527.04,610,1176.08,1244.4
405.04,663.68,258.64,-531.92,73.2,458.72,-629.52,-634.4,-683.2,595.36,1224.88,1361.52
478.24,605.12,126.88,-541.68,175.68,366,-619.76,-624.64,-712.48,644.16,1229.76,1395.68
566.08,458.72,-107.36,-512.4,336.72,175.68,-566.08,-566.08,-697.84,688.08,1161.44,1346.88
629.52,326.96,-302.56,-478.24,463.6,9.76,-522.16,-522.16,-741.76,663.68,1044.32,1259.04
639.28,258.64,-380.64,-448.96,507.52,-63.44,-527.04,-527.04,-819.84,614.88,961.36,1185.84
614.88,195.2,-419.68,-405.04,517.28,-112.24,-536.8,-531.92,-897.92,566.08,888.16,1107.76
546.56,131.76,-414.8,-336.72,478.24,-141.52,-497.76,-502.64,-956.48,517.28,824.72,995.52
497.76,97.6,-400.16,-297.68,448.96,-151.28,-453.84,-453.84,-1015.04,395.28,712.48,839.36
448.96,68.32,-380.64,-258.64,414.8,-156.16,-390.4,-390.4,-1044.32,253.76,570.96,644.16
370.88,19.52,-351.36,-195.2,361.12,-165.92,-317.2,-317.2,-1010.16,146.4,419.68,434.32
273.28,-53.68,-326.96,-107.36,297.68,-190.32,-258.64,-258.64,-1010.16,-39.04,200.08,195.2
165.92,-92.72,-258.64,-34.16,209.84,-175.68,-204.96,-209.84,-1039.44,-302.56,-58.56,-24.4
82.96,-87.84,-170.8,4.88,126.88,-131.76,-161.04,-161.04,-1054.08,-527.04,-268.4,-165.92
0,-68.32,-68.32,34.16,34.16,-68.32,-151.28,-151.28,-1078.48,-688.08,-419.68,-244
-34.16,-92.72,-58.56,63.44,9.76,-78.08,-180.56,-180.56,-1098,-761.28,-483.12,-287.92
-63.44,-136.64,-73.2,102.48,4.88,-107.36,-180.56,-180.56,-1098,-805.2,-507.52,-312.32
-102.48,-161.04,-58.56,131.76,-24.4,-112.24,-180.56,-175.68,-1078.48,-805.2,-512.4,-317.2
-112.24,-190.32,-78.08,151.28,-19.52,-136.64,-234.24,-234.24,-1054.08,-785.68,-507.52,-322.08
-92.72,-214.72,-122,156.16,14.64,-170.8,-278.16,-278.16,-1005.28,-741.76,-483.12,-322.08
-63.44,-175.68,-112.24,122,24.4,-146.4,-273.28,-273.28,-893.04,-653.92,-429.44,-287.92
-78.08,-122,-43.92,102.48,-19.52,-82.96,-239.12,-234.24,-746.64,-536.8,-356.24,-234.24
-87.84,-92.72,-4.88,92.72,-43.92,-48.8,-209.84,-204.96,-629.52,-458.72,-312.32,-209.84
-63.44,-53.68,9.76,58.56,-39.04,-24.4,-161.04,-161.04,-531.92,-380.64,-263.52,-175.68
-58.56,-39.04,19.52,48.8,-39.04,-9.76,-122,-126.88,-444.08,-326.96,-229.36,-151.28
-48.8,-34.16,14.64,43.92,-34.16,-9.76,-87.84,-92.72,-366,-273.28,-190.32,-126.88
-43.92,-29.28,14.64,39.04,-29.28,-9.76,-53.68,-53.68,-278.16,-209.84,-151.28,-102.48
-58.56,-24.4,34.16,43.92,-48.8,4.88,-19.52,-19.52,-190.32,-141.52,-107.36,-63.44
-14.64,-14.64,0,14.64,-9.76,-9.76,0,-4.88,-126.88,-92.72,-82.96,-48.8
-24.4,-19.52,4.88,24.4,-14.64,-9.76,19.52,14.64,-82.96,-58.56,-48.8,-24.4
-53.68,-39.04,14.64,48.8,-34.16,-14.64,29.28,29.28,-58.56,-53.68,-48.8,-29.28
0,-19.52,-19.52,9.76,9.76,-19.52,34.16,29.28,-48.8,-58.56,-53.68,-24.4
19.52,-4.88,-24.4,-4.88,19.52,-14.64,34.16,34.16,-39.04,-58.56,-53.68,-29.28
-14.64,-24.4,-9.76,19.52,-4.88,-19.52,29.28,29.28,-34.16,-63.44,-63.44,-39.04
-4.88,-29.28,-24.4,19.52,9.76,-29.28,19.52,24.4,-39.04,-73.2,-73.2,-58.56
4.88,-9.76,-14.64,4.88,9.76,-14.64,19.52,19.52,-34.16,-68.32,-68.32,-53.68
-29.28,-4.88,24.4,19.52,-29.28,9.76,34.16,34.16,-9.76,-43.92,-53.68,-34.16
-29.28,-19.52,9.76,24.4,-19.52,-4.88,43.92,39.04,0,-39.04,-48.8,-29.28
-14.64,-29.28,-14.64,24.4,0,-24.4,39.04,29.28,-4.88,-48.8,-53.68,-39.04
-14.64,-4.88,9.76,9.76,-14.64,0,53.68,48.8,9.76,-29.28,-43.92,-29.28
-43.92,-14.64,29.28,29.28,-39.04,4.88,53.68,53.68,14.64,-29.28,-39.04,-24.4
-29.28,-19.52,9.76,24.4,-19.52,-4.88,48.8,48.8,4.88,-39.04,-53.68,-29.28
-14.64,-19.52,-4.88,19.52,-4.88,-14.64,48.8,43.92,4.88,-39.04,-58.56,-39.04
-19.52,-4.88,14.64,14.64,-19.52,4.88,53.68,48.8,14.64,-29.28,-48.8,-29.28
-19.52,4.88,24.4,9.76,-24.4,14.64,58.56,63.44,24.4,-19.52,-43.92,-29.28
-24.4,-4.88,19.52,14.64,-24.4,4.88,63.44,63.44,24.4,-19.52,-53.68,-29.28
-24.4,0,24.4,14.64,-24.4,9.76,63.44,63.44,39.04,-14.64,-58.56,-24.4
0,4.88,4.88,0,-4.88,4.88,68.32,68.32,39.04,-4.88,-39.04,-19.52
0,0,0,0,0,0,73.2,73.2,48.8,0,-19.52,-9.76
-43.92,-24.4,19.52,34.16,-34.16,-4.88,78.08,78.08,53.68,4.88,-9.76,-9.76
-39.04,-19.52,19.52,29.28,-29.28,0,78.08,78.08,58.56,0,-14.64,-19.52
-14.64,-4.88,9.76,9.76,-14.64,0,73.2,73.2,58.56,-4.88,-19.52,-24.4
-19.52,-9.76,9.76,14.64,-14.64,0,78.08,78.08,58.56,-4.88,-29.28,-24.4
-24.4,-9.76,14.64,19.52,-19.52,0,73.2,73.2,63.44,0,-24.4,-19.52
-19.52,-9.76,9.76,14.64,-14.64,0,78.08,73.2,68.32,4.88,-29.28,-19.52
-39.04,-14.64,24.4,29.28,-34.16,4.88,73.2,78.08,73.2,4.88,-34.16,-19.52
-24.4,-19.52,4.88,24.4,-14.64,-9.76,73.2,73.2,73.2,9.76,-29.28,-24.4
-4.88,-14.64,-9.76,9.76,0,-14.64,63.44,68.32,73.2,4.88,-34.16,-29.28
-4.88,-29.28,-24.4,19.52,9.76,-29.28,68.32,68.32,73.2,4.88,-29.28,-39.04
-19.52,-19.52,0,19.52,-9.76,-9.76,78.08,78.08,87.84,14.64,-24.4,-29.28
-29.28,-29.28,0,29.28,-14.64,-14.64,78.08,82.96,102.48,14.64,-24.4,-29.28
-14.64,-29.28,-14.64,24.4,0,-24.4,78.08,78.08,97.6,9.76,-29.28,-34.16
-29.28,-29.28,0,29.28,-14.64,-14.64,82.96,78.08,107.36,19.52,-29.28,-29.28
-34.16,-19.52,14.64,29.28,-24.4,-4.88,87.84,87.84,122,34.16,-24.4,-19.52
-9.76,0,9.76,4.88,-9.76,4.88,87.84,87.84,126.88,34.16,-19.52,-14.64
0,9.76,9.76,-4.88,-4.88,9.76,87.84,87.84,131.76,43.92,-14.64,-9.76
-14.64,14.64,29.28,0,-24.4,19.52,97.6,97.6,151.28,58.56,4.88,4.88
-4.88,4.88,9.76,0,-9.76,4.88,97.6,102.48,156.16,63.44,9.76,9.76
4.88,-14.64,-19.52,4.88,9.76,-19.52,87.84,87.84,146.4,53.68,-9.76,-9.76
-9.76,-19.52,-9.76,14.64,0,-14.64,97.6,97.6,161.04,58.56,-4.88,0
-14.64,-24.4,-9.76,19.52,-4.88,-19.52,97.6,97.6,161.04,53.68,-14.64,-9.76
4.88,-9.76,-14.64,4.88,9.76,-14.64,102.48,102.48,165.92,58.56,-14.64,-9.76
-4.88,-9.76,-4.88,9.76,0,-9.76,112.24,112.24,175.68,68.32,-4.88,-4.88
-9.76,-9.76,0,9.76,-4.88,-4.88,107.36,107.36,190.32,68.32,-9.76,-4.88
-4.88,-4.88,0,4.88,-4.88,-4.88,97.6,107.36,190.32,68.32,-9.76,-9.76
-4.88,0,4.88,4.88,-4.88,0,112.24,107.36,200.08,82.96,4.88,9.76
-9.76,0,9.76,4.88,-9.76,4.88,112.24,112.24,214.72,92.72,19.52,19.52
0,-4.88,-4.88,4.88,0,-4.88,112.24,112.24,214.72,97.6,19.52,24.4
-14.64,-4.88,9.76,9.76,-14.64,0,122,122,219.6,107.36,29.28,29.28
-4.88,0,4.88,4.88,-4.88,0,131.76,131.76,229.36,117.12,39.04,39.04
14.64,-4.88,-19.52,-4.88,14.64,-14.64,126.88,126.88,229.36,117.12,29.28,24.4
19.52,0,-19.52,-9.76,19.52,-9.76,126.88,131.76,229.36,117.12,24.4,19.52
14.64,4.88,-9.76,-9.76,9.76,-4.88,136.64,136.64,239.12,122,29.28,24.4
4.88,-14.64,-19.52,4.88,9.76,-19.52,117.12,122,234.24,112.24,4.88,-14.64
-9.76,-19.52,-9.76,14.64,0,-14.64,122,122,248.88,117.12,0,-19.52
-9.76,-29.28,-19.52,19.52,4.88,-24.4,117.12,117.12,248.88,122,4.88,-19.52
-4.88,-34.16,-29.28,19.52,9.76,-34.16,107.36,107.36,253.76,126.88,4.88,-14.64
4.88,-14.64,-19.52,4.88,9.76,-19.52,122,122,268.4,146.4,19.52,0
-14.64,-19.52,-4.88,19.52,-4.88,-14.64,136.64,136.64,287.92,165.92,39.04,14.64
-4.88,-19.52,-14.64,14.64,4.88,-19.52,146.4,146.4,302.56,175.68,43.92,24.4
39.04,-14.64,-53.68,-9.76,43.92,-34.16,141.52,141.52,302.56,170.8,43.92,14.64
43.92,-9.76,-53.68,-14.64,48.8,-34.16,131.76,131.76,297.68,161.04,24.4,0
43.92,0,-43.92,-19.52,43.92,-24.4,131.76,131.76,307.44,165.92,39.04,9.76
19.52,-4.88,-24.4,-4.88,19.52,-14.64,141.52,141.52,326.96,185.44,48.8,29.28
-24.4,-4.88,19.52,14.64,-24.4,4.88,156.16,156.16,341.6,195.2,39.04,34.16
-4.88,4.88,9.76,0,-9.76,4.88,151.28,151.28,346.48,200.08,24.4,34.16
39.04,4.88,-34.16,-19.52,34.16,-14.64,146.4,146.4,351.36,209.84,43.92,29.28
58.56,4.88,-53.68,-29.28,53.68,-24.4,151.28,146.4,356.24,219.6,58.56,24.4
43.92,4.88,-39.04,-24.4,39.04,-19.52,151.28,151.28,370.88,224.48,73.2,24.4
0,-9.76,-9.76,4.88,4.88,-9.76,161.04,161.04,385.52,244,82.96,39.04
0,-24.4,-24.4,14.64,9.76,-24.4,161.04,161.04,400.16,248.88,82.96,43.92
34.16,0,-34.16,-14.64,34.16,-19.52,161.04,165.92,405.04,253.76,82.96,43.92
43.92,19.52,-24.4,-29.28,34.16,-4.88,165.92,165.92,424.56,268.4,82.96,43.92
43.92,29.28,-14.64,-34.16,29.28,4.88,175.68,175.68,439.2,278.16,92.72,53.68
43.92,19.52,-24.4,-29.28,34.16,-4.88,165.92,165.92,434.32,273.28,82.96,34.16
53.68,9.76,-43.92,-29.28,48.8,-19.52,161.04,165.92,444.08,287.92,78.08,39.04
68.32,9.76,-58.56,-39.04,63.44,-24.4,161.04,165.92,463.6,307.44,87.84,43.92
34.16,4.88,-29.28,-19.52,29.28,-14.64,170.8,170.8,483.12,322.08,102.48,58.56
39.04,14.64,-24.4,-24.4,29.28,-4.88,170.8,170.8,488,326.96,107.36,58.56
68.32,14.64,-53.68,-39.04,58.56,-19.52,170.8,175.68,492.88,336.72,102.48,58.56
58.56,9.76,-48.8,-34.16,53.68,-19.52,180.56,180.56,512.4,336.72,102.48,53.68
53.68,9.76,-43.92,-29.28,48.8,-19.52,185.44,185.44,527.04,346.48,107.36,58.56
63.44,14.64,-48.8,-39.04,53.68,-19.52,180.56,180.56,536.8,356.24,122,58.56
68.32,14.64,-53.68,-39.04,58.56,-19.52,185.44,185.44,551.44,370.88,117.12,58.56
63.44,29.28,-34.16,-43.92,48.8,-4.88,190.32,190.32,566.08,390.4,131.76,68.32
53.68,19.52,-34.16,-34.16,43.92,-9.76,185.44,185.44,575.84,390.4,126.88,63.44
58.56,19.52,-39.04,-39.04,48.8,-9.76,185.44,185.44,590.48,405.04,136.64,78.08
63.44,19.52,-43.92,-39.04,53.68,-14.64,190.32,190.32,605.12,429.44,151.28,92.72
63.44,19.52,-43.92,-39.04,53.68,-14.64,190.32,190.32,610,444.08,161.04,107.36
63.44,43.92,-19.52,-53.68,39.04,9.76,204.96,204.96,639.28,473.36,175.68,117.12
92.72,48.8,-43.92,-68.32,68.32,0,200.08,200.08,644.16,473.36,180.56,112.24
87.84,43.92,-43.92,-63.44,63.44,0,200.08,200.08,653.92,483.12,185.44,117.12
122,58.56,-63.44,-87.84,92.72,-4.88,190.32,195.2,663.68,497.76,190.32,117.12
126.88,58.56,-68.32,-92.72,97.6,-4.88,190.32,190.32,673.44,488,185.44,107.36
73.2,43.92,-29.28,-58.56,48.8,4.88,190.32,190.32,678.32,502.64,185.44,107.36
78.08,48.8,-29.28,-63.44,53.68,9.76,195.2,195.2,688.08,517.28,195.2,112.24
78.08,39.04,-39.04,-58.56,58.56,0,185.44,180.56,688.08,517.28,190.32,112.24
92.72,43.92,-48.8,-68.32,68.32,-4.88,185.44,185.44,697.84,531.92,204.96,117.12
92.72,48.8,-43.92,-68.32,68.32,0,190.32,190.32,707.6,546.56,209.84,126.88
78.08,48.8,-29.28,-63.44,53.68,9.76,190.32,190.32,717.36,561.2,219.6,131.76
102.48,58.56,-43.92,-78.08,73.2,4.88,180.56,180.56,722.24,556.32,214.72,136.64
107.36,43.92,-63.44,-73.2,82.96,-9.76,175.68,175.68,707.6,551.44,214.72,131.76
112.24,53.68,-58.56,-82.96,82.96,-4.88,170.8,175.68,717.36,561.2,219.6,136.64
97.6,58.56,-39.04,-78.08,68.32,9.76,175.68,175.68,727.12,575.84,229.36,146.4
102.48,63.44,-39.04,-82.96,68.32,9.76,165.92,165.92,727.12,585.6,224.48,146.4
97.6,73.2,-24.4,-82.96,58.56,24.4,175.68,175.68,741.76,600.24,244,161.04
122,82.96,-39.04,-102.48,78.08,19.52,161.04,165.92,736.88,595.36,244,161.04
131.76,82.96,-48.8,-107.36,87.84,14.64,161.04,161.04,736.88,600.24,239.12,161.04
136.64,87.84,-48.8,-112.24,92.72,19.52,156.16,156.16,736.88,605.12,244,161.04
141.52,92.72,-48.8,-117.12,92.72,19.52,151.28,151.28,736.88,605.12,234.24,161.04
112.24,82.96,-29.28,-97.6,68.32,24.4,151.28,151.28,736.88,610,244,161.04
53.68,73.2,19.52,-63.44,14.64,43.92,165.92,165.92,746.64,619.76,263.52,165.92
97.6,82.96,-14.64,-87.84,53.68,34.16,141.52,146.4,727.12,610,248.88,141.52
136.64,82.96,-53.68,-107.36,92.72,14.64,131.76,131.76,722.24,605.12,244,136.64
112.24,73.2,-39.04,-92.72,73.2,14.64,117.12,117.12,712.48,600.24,239.12,141.52
112.24,82.96,-29.28,-97.6,68.32,24.4,112.24,117.12,712.48,600.24,248.88,146.4
117.12,82.96,-34.16,-97.6,73.2,24.4,112.24,112.24,717.36,610,248.88,161.04
92.72,58.56,-34.16,-73.2,63.44,9.76,112.24,112.24,707.6,614.88,253.76,165.92
82.96,78.08,-4.88,-78.08,43.92,34.16,117.12,117.12,712.48,619.76,268.4,175.68
97.6,78.08,-19.52,-87.84,58.56,29.28,102.48,102.48,692.96,595.36,248.88,161.04
146.4,87.84,-58.56,-117.12,102.48,14.64,97.6,97.6,678.32,595.36,239.12,161.04
151.28,92.72,-58.56,-122,102.48,14.64,92.72,92.72,663.68,585.6,234.24,156.16
102.48,68.32,-34.16,-82.96,68.32,14.64,82.96,82.96,649.04,570.96,229.36,156.16
87.84,78.08,-9.76,-82.96,48.8,34.16,87.84,82.96,644.16,566.08,239.12,165.92
126.88,102.48,-24.4,-112.24,73.2,39.04,73.2,68.32,619.76,551.44,234.24,165.92
117.12,92.72,-24.4,-102.48,68.32,34.16,63.44,63.44,600.24,541.68,229.36,156.16
102.48,102.48,0,-102.48,48.8,48.8,73.2,68.32,600.24,541.68,239.12,175.68
122,107.36,-14.64,-112.24,68.32,43.92,53.68,58.56,566.08,512.4,229.36,170.8
126.88,102.48,-24.4,-112.24,73.2,39.04,43.92,43.92,536.8,492.88,214.72,165.92
112.24,107.36,-4.88,-107.36,58.56,48.8,48.8,43.92,527.04,483.12,219.6,165.92
68.32,92.72,24.4,-78.08,19.52,58.56,39.04,48.8,502.64,458.72,209.84,165.92
39.04,87.84,48.8,-63.44,-4.88,68.32,63.44,63.44,483.12,444.08,209.84,170.8
53.68,87.84,34.16,-68.32,9.76,58.56,63.44,58.56,453.84,409.92,190.32,161.04
78.08,82.96,4.88,-78.08,34.16,43.92,39.04,34.16,409.92,366,161.04,136.64
97.6,117.12,19.52,-107.36,39.04,68.32,39.04,43.92,395.28,356.24,165.92,141.52
78.08,112.24,34.16,-92.72,19.52,73.2,24.4,29.28,370.88,336.72,161.04,131.76
68.32,112.24,43.92,-87.84,9.76,78.08,24.4,19.52,346.48,317.2,161.04,131.76
63.44,107.36,43.92,-82.96,9.76,73.2,24.4,24.4,326.96,302.56,161.04,131.76
68.32,97.6,29.28,-82.96,19.52,63.44,14.64,14.64,292.8,283.04,151.28,136.64
68.32,102.48,34.16,-82.96,14.64,68.32,9.76,9.76,278.16,253.76,146.4,131.76
39.04,92.72,53.68,-63.44,-9.76,73.2,9.76,9.76,253.76,234.24,136.64,136.64
39.04,82.96,43.92,-58.56,-4.88,63.44,-4.88,-4.88,219.6,204.96,117.12,117.12
53.68,78.08,24.4,-63.44,14.64,48.8,-19.52,-19.52,190.32,170.8,97.6,112.24
19.52,82.96,63.44,-48.8,-24.4,73.2,-14.64,-14.64,175.68,151.28,92.72,117.12
19.52,82.96,63.44,-48.8,-24.4,73.2,-19.52,-19.52,146.4,126.88,82.96,107.36
24.4,82.96,58.56,-53.68,-19.52,68.32,-24.4,-24.4,126.88,112.24,82.96,107.36
19.52,68.32,48.8,-43.92,-14.64,58.56,-29.28,-24.4,112.24,97.6,82.96,102.48
9.76,73.2,63.44,-39.04,-29.28,68.32,-24.4,-19.52,107.36,82.96,82.96,102.48
14.64,82.96,68.32,-48.8,-29.28,73.2,-29.28,-29.28,82.96,63.44,73.2,87.84
19.52,68.32,48.8,-43.92,-14.64,58.56,-34.16,-39.04,58.56,39.04,58.56,78.08
14.64,68.32,53.68,-39.04,-19.52,58.56,-19.52,-29.28,48.8,29.28,53.68,82.96
19.52,68.32,48.8,-43.92,-14.64,58.56,-29.28,-34.16,34.16,9.76,39.04,68.32
14.64,63.44,48.8,-39.04,-19.52,53.68,-43.92,-43.92,19.52,-9.76,29.28,63.44
4.88,53.68,48.8,-29.28,-24.4,48.8,-39.04,-43.92,4.88,-24.4,0,48.8
4.88,53.68,48.8,-29.28,-24.4,48.8,-48.8,-43.92,-4.88,-34.16,-14.64,34.16
39.04,48.8,9.76,-43.92,14.64,29.28,-53.68,-53.68,-24.4,-48.8,-4.88,19.52
14.64,24.4,9.76,-19.52,0,14.64,-48.8,-48.8,-24.4,-48.8,9.76,29.28
-39.04,24.4,63.44,9.76,-53.68,43.92,-43.92,-43.92,-24.4,-48.8,9.76,34.16
-9.76,29.28,39.04,-9.76,-24.4,34.16,-39.04,-39.04,-34.16,-53.68,4.88,39.04
-19.52,19.52,39.04,0,-29.28,29.28,-39.04,-39.04,-39.04,-63.44,-9.76,34.16
-34.16,34.16,68.32,0,-53.68,48.8,-14.64,-19.52,-29.28,-53.68,4.88,48.8
0,39.04,39.04,-19.52,-19.52,39.04,-24.4,-24.4,-39.04,-68.32,-4.88,39.04
4.88,29.28,24.4,-14.64,-9.76,24.4,-43.92,-48.8,-58.56,-87.84,-24.4,14.64
-14.64,14.64,29.28,0,-24.4,19.52,-43.92,-43.92,-58.56,-92.72,-29.28,14.64
-24.4,4.88,29.28,9.76,-29.28,14.64,-43.92,-43.92,-63.44,-92.72,-29.28,14.64
-39.04,14.64,53.68,14.64,-48.8,34.16,-39.04,-43.92,-68.32,-87.84,-19.52,24.4
-34.16,19.52,53.68,9.76,-43.92,34.16,-39.04,-39.04,-58.56,-82.96,-14.64,34.16
-14.64,14.64,29.28,0,-24.4,19.52,-39.04,-43.92,-68.32,-87.84,-29.28,14.64
-19.52,9.76,29.28,4.88,-24.4,19.52,-39.04,-39.04,-68.32,-87.84,-34.16,9.76
-4.88,0,4.88,4.88,-4.88,0,-34.16,-34.16,-63.44,-82.96,-24.4,19.52
9.76,14.64,4.88,-9.76,0,9.76,-48.8,-48.8,-82.96,-102.48,-48.8,-9.76
-34.16,9.76,43.92,14.64,-39.04,24.4,-39.04,-43.92,-82.96,-102.48,-48.8,-14.64
9.76,9.76,0,-9.76,4.88,4.88,-58.56,-58.56,-92.72,-112.24,-53.68,-9.76
24.4,14.64,-9.76,-19.52,14.64,0,-53.68,-53.68,-87.84,-117.12,-58.56,-14.64
14.64,19.52,4.88,-14.64,4.88,9.76,-43.92,-43.92,-78.08,-102.48,-48.8,-9.76
9.76,14.64,4.88,-9.76,0,9.76,-43.92,-53.68,-82.96,-107.36,-53.68,-19.52
-29.28,-4.88,24.4,19.52,-29.28,9.76,-43.92,-48.8,-78.08,-102.48,-58.56,-9.76
-24.4,0,24.4,14.64,-24.4,9.76,-39.04,-39.04,-73.2,-97.6,-53.68,-4.88
0,4.88,4.88,0,-4.88,4.88,-43.92,-48.8,-82.96,-102.48,-58.56,-19.52
-24.4,0,24.4,14.64,-24.4,9.76,-34.16,-39.04,-73.2,-97.6,-53.68,-9.76
-39.04,-9.76,29.28,24.4,-34.16,9.76,-29.28,-29.28,-73.2,-92.72,-53.68,-4.88
-24.4,0,24.4,14.64,-24.4,9.76,-34.16,-29.28,-78.08,-102.48,-48.8,-9.76
14.64,9.76,-4.88,-9.76,9.76,0,-39.04,-34.16,-78.08,-97.6,-53.68,-14.64
-14.64,-4.88,9.76,9.76,-14.64,0,-29.28,-29.28,-68.32,-97.6,-58.56,-14.64
-24.4,0,24.4,14.64,-24.4,9.76,-29.28,-29.28,-63.44,-92.72,-63.44,-14.64
-4.88,4.88,9.76,0,-9.76,4.88,-34.16,-34.16,-68.32,-97.6,-58.56,-19.52
-34.16,-14.64,19.52,24.4,-29.28,0,-24.4,-24.4,-63.44,-87.84,-53.68,-9.76
-19.52,4.88,24.4,9.76,-24.4,14.64,-19.52,-19.52,-53.68,-78.08,-39.04,4.88
-19.52,-14.64,4.88,19.52,-14.64,-4.88,-29.28,-29.28,-63.44,-82.96,-58.56,-14.64
-14.64,-9.76,4.88,14.64,-9.76,-4.88,-39.04,-39.04,-68.32,-97.6,-73.2,-19.52
9.76,4.88,-4.88,-4.88,4.88,0,-24.4,-29.28,-58.56,-87.84,-58.56,0
-24.4,-14.64,9.76,19.52,-19.52,-4.88,-29.28,-29.28,-63.44,-87.84,-48.8,-4.88
-63.44,-19.52,43.92,43.92,-53.68,9.76,-9.76,-9.76,-48.8,-68.32,-29.28,14.64
-19.52,-19.52,0,19.52,-9.76,-9.76,-24.4,-24.4,-58.56,-87.84,-43.92,-4.88
-14.64,-19.52,-4.88,19.52,-4.88,-14.64,-34.16,-29.28,-53.68,-82.96,-53.68,-19.52
-19.52,-9.76,9.76,14.64,-14.64,0,-19.52,-24.4,-48.8,-78.08,-43.92,-9.76
-14.64,-4.88,9.76,9.76,-14.64,0,-19.52,-24.4,-39.04,-73.2,-53.68,-9.76
-9.76,-9.76,0,9.76,-4.88,-4.88,-19.52,-19.52,-39.04,-73.2,-48.8,-4.88
-19.52,-24.4,-4.88,24.4,-9.76,-14.64,-24.4,-24.4,-39.04,-73.2,-43.92,-9.76
-19.52,-9.76,9.76,14.64,-14.64,0,-14.64,-19.52,-29.28,-68.32,-39.04,-9.76
4.88,4.88,0,-4.88,0,0,-4.88,-9.76,-24.4,-63.44,-43.92,0
0,0,0,0,0,0,-4.88,-9.76,-29.28,-63.44,-43.92,-9.76
-14.64,-19.52,-4.88,19.52,-4.88,-14.64,-24.4,-29.28,-39.04,-73.2,-58.56,-29.28
-29.28,-14.64,14.64,24.4,-24.4,0,-14.64,-19.52,-29.28,-73.2,-53.68,-19.52
-19.52,-14.64,4.88,19.52,-14.64,-4.88,-19.52,-24.4,-29.28,-68.32,-48.8,-14.64
-14.64,-9.76,4.88,14.64,-9.76,-4.88,-24.4,-29.28,-24.4,-68.32,-48.8,-19.52
-14.64,-14.64,0,14.64,-9.76,-9.76,-14.64,-14.64,-19.52,-63.44,-43.92,-9.76
-34.16,-14.64,19.52,24.4,-29.28,0,-14.64,-14.64,-14.64,-63.44,-39.04,-9.76
-43.92,-14.64,29.28,29.28,-39.04,4.88,-9.76,-14.64,-14.64,-53.68,-34.16,-4.88
-34.16,-14.64,19.52,24.4,-29.28,0,-4.88,-4.88,-4.88,-43.92,-24.4,-4.88
-9.76,-24.4,-14.64,19.52,0,-19.52,-14.64,-14.64,-19.52,-58.56,-48.8,-14.64
19.52,-9.76,-29.28,-4.88,24.4,-19.52,-24.4,-24.4,-29.28,-63.44,-58.56,-29.28
9.76,-9.76,-19.52,0,14.64,-14.64,-29.28,-29.28,-29.28,-63.44,-53.68,-24.4
-19.52,-9.76,9.76,14.64,-14.64,0,-29.28,-29.28,-24.4,-63.44,-43.92,-14.64
-24.4,-9.76,14.64,19.52,-19.52,0,-14.64,-14.64,-9.76,-48.8,-29.28,-4.88
-24.4,-9.76,14.64,19.52,-19.52,0,-14.64,-19.52,-4.88,-58.56,-34.16,-9.76
-39.04,-4.88,34.16,24.4,-39.04,14.64,-4.88,-4.88,0,-43.92,-29.28,4.88
-24.4,-4.88,19.52,14.64,-24.4,4.88,-4.88,-9.76,-4.88,-48.8,-39.04,-9.76
-9.76,-9.76,0,9.76,-4.88,-4.88,-14.64,-14.64,-14.64,-58.56,-48.8,-29.28
4.88,-14.64,-19.52,4.88,9.76,-19.52,-24.4,-24.4,-19.52,-68.32,-58.56,-39.04
-4.88,-24.4,-19.52,14.64,4.88,-24.4,-24.4,-24.4,-24.4,-73.2,-68.32,-43.92
-4.88,-19.52,-14.64,14.64,4.88,-19.52,-24.4,-24.4,-19.52,-68.32,-58.56,-43.92
14.64,-24.4,-39.04,4.88,24.4,-34.16,-24.4,-24.4,-19.52,-63.44,-48.8,-39.04
14.64,-29.28,-43.92,9.76,29.28,-39.04,-29.28,-29.28,-24.4,-68.32,-53.68,-34.16
-43.92,-19.52,24.4,34.16,-34.16,0,-14.64,-14.64,-9.76,-53.68,-43.92,-19.52
-63.44,-4.88,58.56,34.16,-63.44,24.4,-4.88,-9.76,0,-48.8,-29.28,-14.64
-53.68,-24.4,29.28,39.04,-43.92,0,-4.88,-9.76,-4.88,-48.8,-29.28,-4.88
-34.16,-14.64,19.52,24.4,-29.28,0,-19.52,-19.52,-9.76,-58.56,-39.04,-19.52
-29.28,-14.64,14.64,24.4,-24.4,0,-9.76,-14.64,-4.88,-53.68,-34.16,-14.64
0,-9.76,-9.76,4.88,4.88,-9.76,-19.52,-24.4,-14.64,-58.56,-43.92,-24.4
-9.76,-19.52,-9.76,14.64,0,-14.64,-19.52,-24.4,-19.52,-63.44,-43.92,-29.28
-43.92,-24.4,19.52,34.16,-34.16,-4.88,-14.64,-14.64,-14.64,-58.56,-43.92,-29.28
-14.64,-19.52,-4.88,19.52,-4.88,-14.64,-29.28,-29.28,-34.16,-78.08,-63.44,-48.8
-19.52,-19.52,0,19.52,-9.76,-9.76,-29.28,-29.28,-29.28,-78.08,-73.2,-58.56
-9.76,-19.52,-9.76,14.64,0,-14.64,-29.28,-24.4,-29.28,-78.08,-78.08,-58.56
0,-9.76,-9.76,4.88,4.88,-9.76,-24.4,-24.4,-29.28,-73.2,-63.44,-48.8
-39.04,-19.52,19.52,29.28,-29.28,0,-14.64,-14.64,-14.64,-68.32,-43.92,-34.16
-39.04,-19.52,19.52,29.28,-29.28,0,-24.4,-19.52,-24.4,-63.44,-48.8,-34.16
-9.76,-14.64,-4.88,14.64,-4.88,-9.76,-19.52,-19.52,-24.4,-68.32,-48.8,-39.04
-9.76,-9.76,0,9.76,-4.88,-4.88,-19.52,-14.64,-24.4,-68.32,-43.92,-34.16
-14.64,-14.64,0,14.64,-9.76,-9.76,-19.52,-19.52,-29.28,-68.32,-53.68,-39.04
0,-24.4,-24.4,14.64,9.76,-24.4,-34.16,-29.28,-34.16,-78.08,-58.56,-53.68
-4.88,-29.28,-24.4,19.52,9.76,-29.28,-29.28,-34.16,-34.16,-78.08,-53.68,-43.92
-14.64,-19.52,-4.88,19.52,-4.88,-14.64,-43.92,-39.04,-48.8,-82.96,-63.44,-48.8
-4.88,-14.64,-9.76,9.76,0,-14.64,-48.8,-48.8,-58.56,-92.72,-82.96,-58.56
0,-24.4,-24.4,14.64,9.76,-24.4,-39.04,-43.92,-48.8,-87.84,-63.44,-48.8
14.64,-19.52,-34.16,4.88,24.4,-29.28,-53.68,-48.8,-53.68,-92.72,-63.44,-58.56
-9.76,-29.28,-19.52,19.52,4.88,-24.4,-53.68,-48.8,-48.8,-92.72,-58.56,-53.68
-58.56,-24.4,34.16,43.92,-48.8,4.88,-24.4,-24.4,-29.28,-68.32,-34.16,-34.16
-58.56,-24.4,34.16,43.92,-48.8,4.88,-19.52,-24.4,-39.04,-73.2,-39.04,-29.28
-19.52,-9.76,9.76,14.64,-14.64,0,-29.28,-34.16,-48.8,-82.96,-58.56,-39.04
-4.88,-4.88,0,4.88,-4.88,-4.88,-34.16,-39.04,-48.8,-87.84,-58.56,-39.04
-4.88,-4.88,0,4.88,-4.88,-4.88,-34.16,-39.04,-48.8,-87.84,-53.68,-39.04
-4.88,-14.64,-9.76,9.76,0,-14.64,-43.92,-43.92,-58.56,-97.6,-58.56,-48.8
-4.88,-19.52,-14.64,14.64,4.88,-19.52,-43.92,-53.68,-63.44,-102.48,-63.44,-58.56
-4.88,-29.28,-24.4,19.52,9.76,-29.28,-43.92,-53.68,-68.32,-102.48,-63.44,-63.44
-24.4,-34.16,-9.76,29.28,-9.76,-24.4,-34.16,-43.92,-53.68,-92.72,-68.32,-58.56
-39.04,-34.16,4.88,39.04,-24.4,-14.64,-39.04,-43.92,-58.56,-97.6,-73.2,-68.32
-39.04,-34.16,4.88,39.04,-24.4,-14.64,-34.16,-34.16,-53.68,-97.6,-68.32,-68.32
-4.88,-14.64,-9.76,9.76,0,-14.64,-39.04,-39.04,-63.44,-97.6,-68.32,-73.2
9.76,-19.52,-29.28,4.88,19.52,-24.4,-43.92,-43.92,-68.32,-107.36,-82.96,-73.2
4.88,-24.4,-29.28,9.76,14.64,-29.28,-53.68,-53.68,-78.08,-117.12,-92.72,-78.08
-9.76,-24.4,-14.64,19.52,0,-19.52,-48.8,-48.8,-73.2,-107.36,-82.96,-73.2
-34.16,-19.52,14.64,29.28,-24.4,-4.88,-39.04,-39.04,-63.44,-92.72,-68.32,-58.56
-24.4,-14.64,9.76,19.52,-19.52,-4.88,-43.92,-39.04,-63.44,-92.72,-63.44,-53.68
0,-9.76,-9.76,4.88,4.88,-9.76,-48.8,-48.8,-63.44,-92.72,-58.56,-58.56
-14.64,-19.52,-4.88,19.52,-4.88,-14.64,-43.92,-43.92,-63.44,-97.6,-68.32,-58.56
-34.16,-14.64,19.52,24.4,-29.28,0,-34.16,-34.16,-58.56,-92.72,-63.44,-53.68
-14.64,-19.52,-4.88,19.52,-4.88,-14.64,-39.04,-39.04,-63.44,-97.6,-68.32,-63.44
-4.88,-24.4,-19.52,14.64,4.88,-24.4,-43.92,-43.92,-78.08,-102.48,-73.2,-63.44
-24.4,-39.04,-14.64,34.16,-4.88,-29.28,-48.8,-48.8,-87.84,-107.36,-82.96,-68.32
-29.28,-48.8,-19.52,39.04,-4.88,-34.16,-43.92,-48.8,-73.2,-102.48,-78.08,-68.32
-29.28,-34.16,-4.88,34.16,-14.64,-19.52,-48.8,-48.8,-68.32,-97.6,-82.96,-63.44
-53.68,-34.16,19.52,43.92,-39.04,-9.76,-34.16,-39.04,-68.32,-92.72,-78.08,-48.8
-34.16,-39.04,-4.88,39.04,-14.64,-24.4,-34.16,-39.04,-73.2,-97.6,-73.2,-53.68
-19.52,-48.8,-29.28,34.16,4.88,-39.04,-24.4,-34.16,-63.44,-87.84,-58.56,-43.92
-19.52,-39.04,-19.52,29.28,0,-29.28,-39.04,-43.92,-68.32,-92.72,-63.44,-48.8
14.64,-19.52,-34.16,4.88,24.4,-29.28,-43.92,-53.68,-78.08,-102.48,-73.2,-63.44
-9.76,-19.52,-9.76,14.64,0,-14.64,-34.16,-43.92,-73.2,-92.72,-68.32,-58.56
-53.68,-48.8,4.88,53.68,-29.28,-24.4,-34.16,-39.04,-73.2,-92.72,-68.32,-58.56
-53.68,-34.16,19.52,43.92,-39.04,-9.76,-34.16,-39.04,-73.2,-92.72,-63.44,-53.68
-39.04,-43.92,-4.88,43.92,-19.52,-24.4,-43.92,-43.92,-82.96,-102.48,-78.08,-58.56
-29.28,-48.8,-19.52,39.04,-4.88,-34.16,-43.92,-48.8,-82.96,-107.36,-87.84,-78.08
-34.16,-43.92,-9.76,39.04,-14.64,-29.28,-43.92,-43.92,-87.84,-107.36,-87.84,-78.08
-29.28,-39.04,-9.76,34.16,-9.76,-24.4,-34.16,-34.16,-82.96,-102.48,-87.84,-78.08
-43.92,-34.16,9.76,39.04,-29.28,-14.64,-19.52,-19.52,-63.44,-92.72,-68.32,-63.44
-34.16,-39.04,-4.88,39.04,-14.64,-24.4,-34.16,-34.16,-73.2,-97.6,-73.2,-73.2
4.88,-39.04,-43.92,19.52,24.4,-43.92,-48.8,-43.92,-87.84,-112.24,-102.48,-78.08
9.76,-34.16,-43.92,14.64,24.4,-39.04,-29.28,-29.28,-73.2,-92.72,-82.96,-68.32
-14.64,-24.4,-9.76,19.52,-4.88,-19.52,-24.4,-24.4,-73.2,-87.84,-68.32,-68.32
-9.76,-34.16,-24.4,24.4,4.88,-29.28,-29.28,-29.28,-82.96,-97.6,-73.2,-82.96
-14.64,-43.92,-29.28,29.28,4.88,-39.04,-29.28,-29.28,-87.84,-102.48,-82.96,-82.96
-14.64,-53.68,-39.04,34.16,9.76,-48.8,-29.28,-29.28,-92.72,-102.48,-87.84,-92.72
-14.64,-39.04,-24.4,29.28,4.88,-34.16,-29.28,-29.28,-92.72,-102.48,-92.72,-92.72
-19.52,-29.28,-9.76,24.4,-4.88,-19.52,-24.4,-24.4,-78.08,-97.6,-82.96,-82.96
-29.28,-34.16,-4.88,34.16,-14.64,-19.52,-19.52,-14.64,-73.2,-87.84,-78.08,-73.2
-24.4,-34.16,-9.76,29.28,-9.76,-24.4,-14.64,-19.52,-73.2,-82.96,-73.2,-78.08
-9.76,-34.16,-24.4,24.4,4.88,-29.28,-24.4,-29.28,-82.96,-97.6,-82.96,-87.84
-24.4,-53.68,-29.28,39.04,0,-43.92,-14.64,-19.52,-82.96,-92.72,-73.2,-82.96
-19.52,-53.68,-34.16,39.04,4.88,-43.92,-19.52,-24.4,-97.6,-97.6,-87.84,-87.84
-9.76,-53.68,-43.92,34.16,14.64,-48.8,-19.52,-24.4,-92.72,-97.6,-97.6,-92.72
9.76,-48.8,-58.56,19.52,34.16,-53.68,-14.64,-19.52,-92.72,-97.6,-97.6,-87.84
4.88,-48.8,-53.68,24.4,29.28,-53.68,-14.64,-19.52,-92.72,-102.48,-97.6,-97.6
-14.64,-58.56,-43.92,39.04,14.64,-53.68,-19.52,-24.4,-92.72,-97.6,-92.72,-92.72
-34.16,-58.56,-24.4,48.8,-4.88,-43.92,-4.88,-9.76,-73.2,-78.08,-68.32,-73.2
-29.28,-48.8,-19.52,39.04,-4.88,-34.16,-4.88,-9.76,-78.08,-82.96,-73.2,-73.2
-24.4,-48.8,-24.4,39.04,0,-39.04,-9.76,-14.64,-82.96,-82.96,-73.2,-78.08
-14.64,-43.92,-29.28,29.28,4.88,-39.04,-4.88,-4.88,-78.08,-82.96,-68.32,-68.32
-9.76,-43.92,-34.16,29.28,9.76,-39.04,-9.76,-9.76,-82.96,-82.96,-68.32,-68.32
14.64,-29.28,-43.92,9.76,29.28,-39.04,-9.76,-9.76,-78.08,-82.96,-63.44,-68.32
9.76,-29.28,-39.04,9.76,24.4,-34.16,-4.88,-4.88,-78.08,-78.08,-63.44,-68.32
-24.4,-58.56,-34.16,43.92,4.88,-48.8,0,0,-78.08,-78.08,-73.2,-68.32
-14.64,-58.56,-43.92,39.04,14.64,-53.68,-9.76,-9.76,-82.96,-78.08,-82.96,-73.2
-14.64,-58.56,-43.92,39.04,14.64,-53.68,-14.64,-14.64,-78.08,-78.08,-78.08,-73.2
-24.4,-53.68,-29.28,39.04,0,-43.92,-14.64,-14.64,-78.08,-78.08,-68.32,-73.2
-34.16,-48.8,-14.64,43.92,-9.76,-34.16,-4.88,-4.88,-68.32,-63.44,-53.68,-63.44
-19.52,-53.68,-34.16,39.04,4.88,-43.92,-9.76,-14.64,-68.32,-68.32,-58.56,-68.32
9.76,-48.8,-58.56,19.52,34.16,-53.68,-24.4,-24.4,-82.96,-82.96,-73.2,-87.84
-9.76,-68.32,-58.56,39.04,24.4,-63.44,-9.76,-9.76,-87.84,-82.96,-78.08,-92.72
-34.16,-78.08,-43.92,58.56,4.88,-63.44,0,0,-82.96,-78.08,-78.08,-87.84
-29.28,-73.2,-43.92,53.68,4.88,-58.56,-4.88,-14.64,-87.84,-82.96,-82.96,-97.6
-9.76,-68.32,-58.56,39.04,24.4,-63.44,-9.76,-19.52,-87.84,-87.84,-87.84,-102.48
-24.4,-58.56,-34.16,43.92,4.88,-48.8,4.88,-4.88,-78.08,-73.2,-73.2,-87.84
-24.4,-68.32,-43.92,48.8,9.76,-58.56,-9.76,-24.4,-82.96,-82.96,-82.96,-97.6
-19.52,-82.96,-63.44,53.68,19.52,-73.2,-19.52,-29.28,-87.84,-82.96,-87.84,-102.48
-29.28,-78.08,-48.8,53.68,9.76,-63.44,-14.64,-24.4,-82.96,-78.08,-82.96,-97.6
-53.68,-73.2,-19.52,63.44,-19.52,-48.8,-4.88,-14.64,-73.2,-63.44,-63.44,-82.96
-4.88,-63.44,-58.56,34.16,24.4,-63.44,-19.52,-34.16,-87.84,-82.96,-82.96,-92.72
0,-58.56,-58.56,29.28,29.28,-58.56,0,-9.76,-68.32,-63.44,-63.44,-73.2
-19.52,-63.44,-43.92,43.92,9.76,-53.68,4.88,-9.76,-68.32,-58.56,-68.32,-68.32
-9.76,-73.2,-63.44,43.92,24.4,-68.32,0,-14.64,-73.2,-63.44,-73.2,-73.2
4.88,-73.2,-78.08,34.16,39.04,-78.08,-14.64,-19.52,-82.96,-73.2,-78.08,-82.96
-9.76,-58.56,-48.8,34.16,19.52,-53.68,-14.64,-19.52,-78.08,-73.2,-73.2,-92.72
-9.76,-58.56,-48.8,34.16,19.52,-53.68,-19.52,-24.4,-78.08,-73.2,-73.2,-97.6
-24.4,-73.2,-48.8,48.8,9.76,-63.44,-14.64,-24.4,-73.2,-73.2,-78.08,-97.6
-29.28,-78.08,-48.8,53.68,9.76,-63.44,-19.52,-29.28,-82.96,-78.08,-87.84,-102.48
-58.56,-73.2,-14.64,68.32,-24.4,-43.92,-4.88,-14.64,-78.08,-68.32,-73.2,-97.6
-34.16,-68.32,-34.16,53.68,0,-53.68,-14.64,-19.52,-82.96,-78.08,-73.2,-102.48
-24.4,-78.08,-53.68,53.68,14.64,-68.32,-14.64,-24.4,-87.84,-73.2,-68.32,-97.6
-53.68,-97.6,-43.92,78.08,-4.88,-73.2,-19.52,-24.4,-87.84,-78.08,-68.32,-102.48
-58.56,-78.08,-19.52,68.32,-19.52,-48.8,-14.64,-19.52,-82.96,-78.08,-78.08,-112.24
-19.52,-63.44,-43.92,43.92,9.76,-53.68,-19.52,-24.4,-92.72,-82.96,-87.84,-122
-14.64,-68.32,-53.68,43.92,19.52,-63.44,-19.52,-19.52,-92.72,-82.96,-87.84,-112.24
19.52,-48.8,-68.32,14.64,43.92,-58.56,-9.76,-9.76,-87.84,-78.08,-82.96,-107.36
-14.64,-48.8,-34.16,34.16,9.76,-43.92,14.64,9.76,-73.2,-58.56,-58.56,-82.96
-29.28,-73.2,-43.92,53.68,4.88,-58.56,9.76,4.88,-82.96,-73.2,-73.2,-97.6
-4.88,-68.32,-63.44,39.04,29.28,-68.32,4.88,0,-97.6,-87.84,-82.96,-112.24
-9.76,-48.8,-39.04,29.28,14.64,-43.92,14.64,9.76,-87.84,-78.08,-73.2,-97.6
0,-43.92,-43.92,24.4,19.52,-43.92,19.52,14.64,-82.96,-73.2,-68.32,-97.6
-4.88,-68.32,-63.44,39.04,29.28,-68.32,14.64,9.76,-92.72,-82.96,-78.08,-107.36
-34.16,-82.96,-48.8,58.56,4.88,-68.32,14.64,9.76,-92.72,-78.08,-73.2,-102.48
-29.28,-58.56,-29.28,43.92,0,-43.92,24.4,14.64,-87.84,-73.2,-68.32,-87.84
-14.64,-68.32,-53.68,43.92,19.52,-63.44,19.52,14.64,-97.6,-82.96,-73.2,-102.48
-14.64,-58.56,-43.92,39.04,14.64,-53.68,14.64,4.88,-107.36,-87.84,-78.08,-107.36
-4.88,-48.8,-43.92,29.28,19.52,-48.8,24.4,14.64,-97.6,-78.08,-68.32,-97.6
-14.64,-63.44,-48.8,39.04,14.64,-58.56,24.4,14.64,-102.48,-78.08,-73.2,-97.6
-29.28,-73.2,-43.92,53.68,4.88,-58.56,29.28,24.4,-92.72,-73.2,-68.32,-97.6
-19.52,-63.44,-43.92,43.92,9.76,-53.68,29.28,19.52,-87.84,-68.32,-58.56,-87.84
4.88,-43.92,-48.8,19.52,24.4,-48.8,34.16,29.28,-92.72,-68.32,-53.68,-87.84
9.76,-43.92,-53.68,19.52,29.28,-48.8,29.28,19.52,-97.6,-78.08,-68.32,-97.6
0,-58.56,-58.56,29.28,29.28,-58.56,14.64,9.76,-102.48,-87.84,-87.84,-102.48
-29.28,-68.32,-39.04,48.8,4.88,-53.68,24.4,19.52,-97.6,-78.08,-78.08,-92.72
4.88,-48.8,-53.68,24.4,29.28,-53.68,29.28,24.4,-97.6,-78.08,-68.32,-97.6
-9.76,-34.16,-24.4,24.4,4.88,-29.28,29.28,19.52,-97.6,-73.2,-63.44,-92.72
-24.4,-58.56,-34.16,43.92,4.88,-48.8,34.16,29.28,-102.48,-68.32,-58.56,-82.96
-9.76,-58.56,-48.8,34.16,19.52,-53.68,29.28,19.52,-102.48,-73.2,-68.32,-87.84
-29.28,-58.56,-29.28,43.92,0,-43.92,29.28,29.28,-97.6,-63.44,-63.44,-82.96
-34.16,-58.56,-24.4,48.8,-4.88,-43.92,29.28,29.28,-97.6,-68.32,-58.56,-73.2
-34.16,-53.68,-19.52,43.92,-9.76,-39.04,29.28,29.28,-107.36,-73.2,-58.56,-73.2
-48.8,-63.44,-14.64,58.56,-19.52,-39.04,24.4,19.52,-107.36,-78.08,-63.44,-73.2
-48.8,-58.56,-9.76,53.68,-19.52,-34.16,24.4,24.4,-107.36,-73.2,-58.56,-63.44
-29.28,-53.68,-24.4,43.92,-4.88,-39.04,19.52,19.52,-112.24,-82.96,-68.32,-68.32
-19.52,-48.8,-29.28,34.16,4.88,-39.04,19.52,19.52,-112.24,-82.96,-68.32,-68.32
-9.76,-43.92,-34.16,29.28,9.76,-39.04,14.64,14.64,-117.12,-82.96,-78.08,-82.96
4.88,-43.92,-48.8,19.52,24.4,-48.8,9.76,9.76,-122,-82.96,-78.08,-87.84
4.88,-43.92,-48.8,19.52,24.4,-48.8,9.76,9.76,-122,-92.72,-82.96,-92.72
-24.4,-53.68,-29.28,39.04,0,-43.92,9.76,14.64,-117.12,-82.96,-78.08,-87.84
-63.44,-73.2,-9.76,68.32,-29.28,-43.92,19.52,19.52,-112.24,-82.96,-73.2,-92.72
-24.4,-68.32,-43.92,48.8,9.76,-58.56,14.64,14.64,-117.12,-87.84,-78.08,-92.72
-19.52,-53.68,-34.16,39.04,4.88,-43.92,9.76,9.76,-122,-92.72,-82.96,-97.6
-34.16,-63.44,-29.28,48.8,-4.88,-48.8,14.64,14.64,-122,-92.72,-78.08,-92.72
-34.16,-63.44,-29.28,48.8,-4.88,-48.8,14.64,14.64,-122,-97.6,-82.96,-87.84
-24.4,-43.92,-19.52,34.16,-4.88,-34.16,14.64,14.64,-122,-87.84,-78.08,-82.96
-9.76,-48.8,-39.04,29.28,14.64,-43.92,19.52,14.64,-122,-82.96,-73.2,-73.2
-9.76,-43.92,-34.16,29.28,9.76,-39.04,14.64,14.64,-126.88,-87.84,-73.2,-78.08
-34.16,-43.92,-9.76,39.04,-14.64,-29.28,9.76,9.76,-136.64,-92.72,-82.96,-87.84
-9.76,-34.16,-24.4,24.4,4.88,-29.28,9.76,9.76,-131.76,-92.72,-78.08,-82.96
0,-39.04,-39.04,19.52,19.52,-39.04,14.64,9.76,-131.76,-92.72,-78.08,-78.08
-19.52,-39.04,-19.52,29.28,0,-29.28,19.52,19.52,-126.88,-87.84,-73.2,-73.2
-43.92,-58.56,-14.64,53.68,-14.64,-39.04,24.4,24.4,-126.88,-82.96,-68.32,-58.56
-53.68,-73.2,-19.52,63.44,-19.52,-48.8,14.64,14.64,-136.64,-92.72,-78.08,-68.32
-14.64,-78.08,-63.44,48.8,24.4,-73.2,4.88,0,-151.28,-112.24,-92.72,-82.96
-29.28,-73.2,-43.92,53.68,4.88,-58.56,4.88,4.88,-146.4,-97.6,-78.08,-78.08
-43.92,-78.08,-34.16,63.44,-4.88,-58.56,4.88,9.76,-141.52,-92.72,-78.08,-73.2
-48.8,-68.32,-19.52,58.56,-14.64,-43.92,14.64,19.52,-136.64,-92.72,-82.96,-68.32
-39.04,-73.2,-34.16,58.56,-4.88,-53.68,9.76,14.64,-141.52,-92.72,-78.08,-73.2
-34.16,-68.32,-34.16,53.68,0,-53.68,4.88,4.88,-151.28,-107.36,-82.96,-82.96
-24.4,-39.04,-14.64,34.16,-4.88,-29.28,9.76,19.52,-141.52,-97.6,-68.32,-73.2
-9.76,-39.04,-29.28,24.4,9.76,-34.16,9.76,14.64,-146.4,-97.6,-73.2,-78.08
-14.64,-43.92,-29.28,29.28,4.88,-39.04,4.88,9.76,-146.4,-102.48,-78.08,-78.08
-24.4,-39.04,-14.64,34.16,-4.88,-29.28,9.76,19.52,-141.52,-97.6,-73.2,-68.32
-48.8,-53.68,-4.88,53.68,-24.4,-29.28,14.64,19.52,-141.52,-97.6,-68.32,-68.32
-43.92,-43.92,0,43.92,-24.4,-24.4,14.64,19.52,-141.52,-92.72,-73.2,-63.44
-34.16,-39.04,-4.88,39.04,-14.64,-24.4,9.76,14.64,-146.4,-97.6,-63.44,-63.44
-29.28,-43.92,-14.64,39.04,-9.76,-29.28,19.52,24.4,-141.52,-87.84,-63.44,-53.68
-29.28,-43.92,-14.64,39.04,-9.76,-29.28,14.64,19.52,-141.52,-92.72,-68.32,-53.68
-39.04,-48.8,-9.76,43.92,-14.64,-29.28,4.88,9.76,-156.16,-102.48,-82.96,-73.2
-4.88,-43.92,-39.04,24.4,14.64,-43.92,0,4.88,-156.16,-107.36,-87.84,-82.96
-19.52,-53.68,-34.16,39.04,4.88,-43.92,14.64,19.52,-156.16,-102.48,-78.08,-73.2
-34.16,-53.68,-19.52,43.92,-9.76,-39.04,9.76,9.76,-161.04,-107.36,-82.96,-87.84
-24.4,-48.8,-24.4,39.04,0,-39.04,9.76,14.64,-156.16,-102.48,-82.96,-82.96
-14.64,-43.92,-29.28,29.28,4.88,-39.04,14.64,19.52,-161.04,-107.36,-82.96,-82.96
-24.4,-34.16,-9.76,29.28,-9.76,-24.4,24.4,29.28,-151.28,-97.6,-73.2,-73.2
-29.28,-39.04,-9.76,34.16,-9.76,-24.4,0,4.88,-161.04,-112.24,-82.96,-87.84
-9.76,-53.68,-43.92,34.16,14.64,-48.8,-14.64,-9.76,-180.56,-126.88,-97.6,-102.48
-43.92,-58.56,-14.64,53.68,-14.64,-39.04,0,4.88,-165.92,-112.24,-82.96,-87.84
-68.32,-43.92,24.4,58.56,-48.8,-9.76,14.64,14.64,-151.28,-97.6,-63.44,-68.32
-24.4,-43.92,-19.52,34.16,-4.88,-34.16,0,0,-165.92,-112.24,-78.08,-82.96
-19.52,-53.68,-34.16,39.04,4.88,-43.92,4.88,4.88,-165.92,-107.36,-73.2,-78.08
-39.04,-43.92,-4.88,43.92,-19.52,-24.4,4.88,0,-165.92,-107.36,-78.08,-73.2
-34.16,-29.28,4.88,34.16,-19.52,-14.64,9.76,9.76,-161.04,-112.24,-82.96,-63.44
-9.76,-24.4,-14.64,19.52,0,-19.52,4.88,4.88,-161.04,-112.24,-73.2,-68.32
-29.28,-24.4,4.88,29.28,-19.52,-9.76,0,0,-165.92,-117.12,-68.32,-73.2
-43.92,-9.76,34.16,29.28,-39.04,9.76,4.88,4.88,-151.28,-107.36,-53.68,-53.68
-43.92,-4.88,39.04,24.4,-43.92,14.64,19.52,19.52,-146.4,-92.72,-39.04,-39.04
-29.28,0,29.28,14.64,-29.28,14.64,14.64,14.64,-146.4,-97.6,-43.92,-39.04
-24.4,14.64,39.04,4.88,-34.16,24.4,14.64,14.64,-151.28,-92.72,-39.04,-34.16
-29.28,0,29.28,14.64,-29.28,14.64,9.76,14.64,-146.4,-92.72,-43.92,-39.04
-14.64,9.76,24.4,4.88,-19.52,14.64,19.52,19.52,-136.64,-82.96,-39.04,-29.28
0,24.4,24.4,-9.76,-14.64,24.4,34.16,34.16,-126.88,-73.2,-34.16,-19.52
-19.52,19.52,39.04,0,-29.28,29.28,34.16,34.16,-126.88,-73.2,-34.16,-24.4
-29.28,29.28,58.56,0,-43.92,43.92,39.04,39.04,-122,-73.2,-29.28,-19.52
-19.52,48.8,68.32,-14.64,-43.92,58.56,34.16,34.16,-131.76,-73.2,-39.04,-29.28
-24.4,43.92,68.32,-9.76,-48.8,53.68,34.16,29.28,-126.88,-73.2,-39.04,-34.16
-19.52,43.92,63.44,-9.76,-43.92,53.68,39.04,39.04,-122,-68.32,-29.28,-29.28
-19.52,43.92,63.44,-9.76,-43.92,53.68,39.04,39.04,-117.12,-63.44,-24.4,-19.52
-4.88,68.32,73.2,-29.28,-39.04,68.32,43.92,43.92,-112.24,-58.56,-19.52,-9.76
19.52,73.2,53.68,-43.92,-19.52,63.44,39.04,39.04,-117.12,-63.44,-19.52,-14.64
9.76,73.2,63.44,-39.04,-29.28,68.32,39.04,39.04,-117.12,-58.56,-14.64,-9.76
-9.76,73.2,82.96,-29.28,-48.8,78.08,43.92,48.8,-107.36,-53.68,-9.76,-4.88
-29.28,63.44,92.72,-14.64,-63.44,78.08,48.8,48.8,-102.48,-48.8,-4.88,0
-14.64,73.2,87.84,-29.28,-53.68,78.08,48.8,48.8,-97.6,-43.92,0,9.76
-9.76,82.96,92.72,-34.16,-53.68,87.84,34.16,34.16,-97.6,-39.04,0,9.76
-14.64,82.96,97.6,-34.16,-58.56,87.84,14.64,14.64,-102.48,-43.92,0,4.88
4.88,78.08,73.2,-39.04,-34.16,73.2,0,4.88,-112.24,-48.8,-4.88,9.76
4.88,97.6,92.72,-48.8,-43.92,92.72,-4.88,0,-112.24,-39.04,9.76,19.52
-4.88,107.36,112.24,-48.8,-58.56,107.36,-14.64,-9.76,-112.24,-43.92,9.76,29.28
-4.88,97.6,102.48,-43.92,-53.68,97.6,-39.04,-34.16,-131.76,-58.56,4.88,24.4
0,97.6,97.6,-48.8,-48.8,97.6,-48.8,-48.8,-146.4,-63.44,-4.88,24.4
-9.76,87.84,97.6,-39.04,-53.68,92.72,-53.68,-48.8,-146.4,-68.32,-9.76,19.52
0,97.6,97.6,-48.8,-48.8,97.6,-48.8,-43.92,-136.64,-68.32,-4.88,19.52
4.88,92.72,87.84,-48.8,-43.92,87.84,-48.8,-43.92,-136.64,-63.44,4.88,29.28
0,102.48,102.48,-48.8,-53.68,102.48,-39.04,-34.16,-126.88,-63.44,0,19.52
14.64,102.48,87.84,-58.56,-39.04,92.72,-43.92,-43.92,-131.76,-73.2,-14.64,0
9.76,87.84,78.08,-48.8,-34.16,82.96,-58.56,-53.68,-146.4,-82.96,-24.4,-4.88
0,78.08,78.08,-39.04,-39.04,78.08,-58.56,-53.68,-156.16,-97.6,-24.4,-4.88
-14.64,73.2,87.84,-29.28,-53.68,78.08,-63.44,-58.56,-165.92,-107.36,-39.04,-14.64
-4.88,73.2,78.08,-34.16,-43.92,73.2,-53.68,-53.68,-161.04,-107.36,-29.28,-9.76
9.76,87.84,78.08,-48.8,-34.16,82.96,-43.92,-39.04,-151.28,-97.6,-19.52,4.88
4.88,78.08,73.2,-39.04,-34.16,73.2,-58.56,-53.68,-161.04,-102.48,-29.28,-4.88
-4.88,63.44,68.32,-29.28,-39.04,63.44,-48.8,-43.92,-151.28,-92.72,-24.4,4.88
-24.4,48.8,73.2,-9.76,-48.8,58.56,-34.16,-34.16,-141.52,-87.84,-24.4,4.88
-4.88,43.92,48.8,-19.52,-29.28,43.92,-39.04,-34.16,-146.4,-97.6,-29.28,-4.88
-4.88,43.92,48.8,-19.52,-29.28,43.92,-48.8,-43.92,-151.28,-107.36,-29.28,-4.88
-24.4,34.16,58.56,-4.88,-43.92,43.92,-48.8,-43.92,-151.28,-107.36,-39.04,-4.88
-4.88,29.28,34.16,-9.76,-19.52,29.28,-48.8,-43.92,-156.16,-112.24,-48.8,-14.64
-29.28,14.64,43.92,9.76,-39.04,29.28,-43.92,-43.92,-156.16,-112.24,-48.8,-24.4
-4.88,4.88,9.76,0,-9.76,4.88,-53.68,-48.8,-165.92,-131.76,-73.2,-48.8
4.88,0,-4.88,0,4.88,-4.88,-48.8,-43.92,-161.04,-126.88,-82.96,-53.68
-19.52,-9.76,9.76,14.64,-14.64,0,-48.8,-43.92,-170.8,-141.52,-82.96,-58.56
-34.16,-19.52,14.64,29.28,-24.4,-4.88,-39.04,-34.16,-170.8,-141.52,-82.96,-63.44
-34.16,-19.52,14.64,29.28,-24.4,-4.88,-34.16,-29.28,-170.8,-151.28,-92.72,-68.32
-48.8,-34.16,14.64,43.92,-34.16,-9.76,-34.16,-29.28,-175.68,-151.28,-92.72,-63.44
-63.44,-53.68,9.76,58.56,-39.04,-24.4,-34.16,-29.28,-175.68,-146.4,-87.84,-63.44
-58.56,-53.68,4.88,58.56,-34.16,-24.4,-34.16,-34.16,-175.68,-151.28,-92.72,-68.32
-58.56,-63.44,-4.88,63.44,-29.28,-34.16,-39.04,-39.04,-180.56,-161.04,-102.48,-82.96
-63.44,-63.44,0,63.44,-34.16,-34.16,-39.04,-39.04,-175.68,-161.04,-102.48,-82.96
-58.56,-58.56,0,58.56,-29.28,-29.28,-39.04,-43.92,-175.68,-156.16,-97.6,-73.2
-63.44,-58.56,4.88,63.44,-34.16,-29.28,-39.04,-43.92,-180.56,-156.16,-102.48,-68.32
-24.4,-43.92,-19.52,34.16,-4.88,-34.16,-34.16,-43.92,-170.8,-151.28,-92.72,-58.56
-14.64,-29.28,-14.64,24.4,0,-24.4,-34.16,-39.04,-165.92,-141.52,-87.84,-53.68
-48.8,-24.4,24.4,39.04,-39.04,0,-34.16,-43.92,-165.92,-151.28,-97.6,-53.68
-39.04,-19.52,19.52,29.28,-29.28,0,-39.04,-43.92,-165.92,-151.28,-92.72,-58.56
-34.16,-29.28,4.88,34.16,-19.52,-14.64,-48.8,-48.8,-175.68,-161.04,-97.6,-73.2
-43.92,-39.04,4.88,43.92,-24.4,-19.52,-48.8,-53.68,-175.68,-156.16,-92.72,-78.08
-39.04,-43.92,-4.88,43.92,-19.52,-24.4,-53.68,-58.56,-175.68,-161.04,-107.36,-78.08
-43.92,-48.8,-4.88,48.8,-19.52,-29.28,-53.68,-53.68,-170.8,-161.04,-107.36,-73.2
-43.92,-39.04,4.88,43.92,-24.4,-19.52,-43.92,-43.92,-170.8,-156.16,-92.72,-68.32
-102.48,-58.56,43.92,82.96,-73.2,-9.76,-19.52,-24.4,-151.28,-136.64,-68.32,-48.8
-82.96,-53.68,29.28,68.32,-58.56,-14.64,-29.28,-34.16,-161.04,-141.52,-78.08,-58.56
-39.04,-48.8,-9.76,43.92,-14.64,-29.28,-39.04,-39.04,-170.8,-151.28,-82.96,-58.56
-34.16,-48.8,-14.64,43.92,-9.76,-34.16,-48.8,-48.8,-170.8,-156.16,-102.48,-68.32
-48.8,-39.04,9.76,43.92,-29.28,-14.64,-34.16,-34.16,-165.92,-156.16,-97.6,-63.44
-43.92,-48.8,-4.88,48.8,-19.52,-29.28,-29.28,-34.16,-165.92,-156.16,-97.6,-63.44
-29.28,-39.04,-9.76,34.16,-9.76,-24.4,-39.04,-43.92,-165.92,-161.04,-102.48,-68.32
-39.04,-34.16,4.88,39.04,-24.4,-14.64,-34.16,-34.16,-151.28,-146.4,-92.72,-53.68
-39.04,-29.28,9.76,34.16,-24.4,-9.76,-29.28,-34.16,-156.16,-151.28,-92.72,-58.56
-34.16,-48.8,-14.64,43.92,-9.76,-34.16,-39.04,-39.04,-161.04,-156.16,-102.48,-73.2
-34.16,-48.8,-14.64,43.92,-9.76,-34.16,-43.92,-43.92,-161.04,-156.16,-102.48,-78.08
-39.04,-48.8,-9.76,43.92,-14.64,-29.28,-48.8,-48.8,-165.92,-161.04,-112.24,-78.08
-43.92,-48.8,-4.88,48.8,-19.52,-29.28,-34.16,-39.04,-156.16,-151.28,-97.6,-68.32
-102.48,-58.56,43.92,82.96,-73.2,-9.76,-24.4,-24.4,-141.52,-136.64,-82.96,-53.68
-87.84,-68.32,19.52,78.08,-53.68,-24.4,-43.92,-43.92,-165.92,-151.28,-97.6,-68.32
-63.44,-53.68,9.76,58.56,-39.04,-24.4,-34.16,-34.16,-161.04,-146.4,-92.72,-68.32
-68.32,-53.68,14.64,63.44,-43.92,-19.52,-24.4,-24.4,-156.16,-141.52,-87.84,-63.44
-48.8,-43.92,4.88,48.8,-29.28,-19.52,-24.4,-29.28,-156.16,-146.4,-87.84,-63.44
-63.44,-43.92,19.52,53.68,-43.92,-14.64,-19.52,-24.4,-151.28,-136.64,-82.96,-58.56
-97.6,-58.56,39.04,78.08,-68.32,-9.76,-19.52,-19.52,-151.28,-136.64,-78.08,-53.68
-68.32,-39.04,29.28,53.68,-48.8,-4.88,-19.52,-19.52,-146.4,-131.76,-73.2,-48.8
-68.32,-48.8,19.52,58.56,-43.92,-14.64,-24.4,-24.4,-151.28,-141.52,-82.96,-58.56
-48.8,-39.04,9.76,43.92,-29.28,-14.64,-29.28,-29.28,-156.16,-151.28,-92.72,-68.32
-53.68,-24.4,29.28,39.04,-43.92,0,-19.52,-19.52,-151.28,-146.4,-82.96,-58.56
-78.08,-24.4,53.68,53.68,-68.32,14.64,-19.52,-19.52,-151.28,-141.52,-73.2,-48.8
-97.6,-14.64,82.96,58.56,-92.72,34.16,-14.64,-19.52,-136.64,-131.76,-68.32,-39.04
-82.96,19.52,102.48,34.16,-92.72,58.56,0,0,-117.12,-117.12,-39.04,-19.52
-82.96,53.68,136.64,14.64,-112.24,92.72,19.52,14.64,-97.6,-97.6,-9.76,9.76
-87.84,87.84,175.68,0,-131.76,131.76,29.28,29.28,-58.56,-58.56,34.16,48.8
-92.72,97.6,190.32,0,-141.52,141.52,58.56,53.68,14.64,9.76,78.08,73.2
-68.32,102.48,170.8,-14.64,-122,136.64,82.96,82.96,92.72,73.2,112.24,87.84
0,126.88,126.88,-63.44,-63.44,126.88,87.84,82.96,122,102.48,151.28,126.88
-9.76,146.4,156.16,-68.32,-82.96,151.28,63.44,63.44,131.76,146.4,219.6,195.2
0,170.8,170.8,-82.96,-87.84,170.8,9.76,4.88,122,244,331.84,297.68
73.2,253.76,180.56,-161.04,-53.68,214.72,-78.08,-78.08,73.2,361.12,488,439.2
136.64,336.72,200.08,-234.24,-34.16,268.4,-170.8,-175.68,29.28,497.76,678.32,619.76
214.72,424.56,209.84,-317.2,0,317.2,-268.4,-273.28,-39.04,605.12,849.12,790.56
268.4,502.64,234.24,-385.52,14.64,366,-375.76,-380.64,-180.56,663.68,990.64,971.12
326.96,605.12,278.16,-463.6,24.4,439.2,-488,-492.88,-356.24,678.32,1107.76,1151.68
458.72,663.68,204.96,-561.2,126.88,434.32,-570.96,-575.84,-512.4,668.56,1137.04,1254.16
536.8,580.72,43.92,-556.32,244,312.32,-566.08,-566.08,-551.44,697.84,1098,1244.4
580.72,434.32,-146.4,-507.52,361.12,141.52,-492.88,-488,-531.92,727.12,1015.04,1190.72
619.76,297.68,-322.08,-458.72,468.48,-14.64,-463.6,-468.48,-605.12,668.56,868.64,1083.36
663.68,219.6,-444.08,-439.2,551.44,-112.24,-488,-492.88,-727.12,590.48,761.28,990.64
658.8,175.68,-483.12,-414.8,570.96,-156.16,-497.76,-507.52,-814.96,541.68,678.32,907.68
610,112.24,-497.76,-361.12,551.44,-195.2,-497.76,-492.88,-893.04,497.76,614.88,814.96
536.8,58.56,-478.24,-297.68,507.52,-209.84,-458.72,-463.6,-971.12,375.76,517.28,678.32
453.84,9.76,-444.08,-229.36,448.96,-219.6,-385.52,-390.4,-990.64,253.76,405.04,522.16
375.76,-24.4,-400.16,-175.68,385.52,-214.72,-317.2,-322.08,-966.24,156.16,273.28,326.96
263.52,-82.96,-346.48,-87.84,302.56,-214.72,-258.64,-258.64,-976,-24.4,97.6,136.64
170.8,-146.4,-317.2,-9.76,244,-234.24,-219.6,-224.48,-1019.92,-292.8,-126.88,-68.32
82.96,-126.88,-209.84,24.4,146.4,-170.8,-180.56,-185.44,-1054.08,-512.4,-312.32,-204.96
9.76,-78.08,-87.84,34.16,48.8,-82.96,-165.92,-170.8,-1058.96,-663.68,-424.56,-283.04
-43.92,-126.88,-82.96,87.84,19.52,-107.36,-200.08,-200.08,-1073.6,-741.76,-492.88,-331.84
-92.72,-185.44,-92.72,141.52,0,-141.52,-209.84,-214.72,-1088.24,-795.44,-536.8,-366
-126.88,-219.6,-92.72,175.68,-19.52,-156.16,-204.96,-204.96,-1063.84,-790.56,-536.8,-370.88
-122,-248.88,-126.88,185.44,0,-190.32,-263.52,-263.52,-1044.32,-780.8,-551.44,-390.4
-112.24,-234.24,-122,175.68,4.88,-180.56,-278.16,-278.16,-971.12,-712.48,-512.4,-366
-102.48,-200.08,-97.6,151.28,-4.88,-151.28,-263.52,-268.4,-854,-624.64,-453.84,-331.84
-107.36,-156.16,-48.8,131.76,-29.28,-102.48,-229.36,-234.24,-722.24,-527.04,-385.52,-287.92
-73.2,-97.6,-24.4,87.84,-24.4,-63.44,-175.68,-180.56,-590.48,-424.56,-322.08,-239.12
-58.56,-73.2,-14.64,68.32,-24.4,-43.92,-131.76,-131.76,-478.24,-356.24,-278.16,-209.84
-58.56,-58.56,0,58.56,-29.28,-29.28,-92.72,-92.72,-395.28,-312.32,-239.12,-190.32
-53.68,-53.68,0,53.68,-29.28,-29.28,-63.44,-63.44,-322.08,-263.52,-204.96,-165.92
-48.8,-58.56,-9.76,53.68,-19.52,-34.16,-39.04,-39.04,-253.76,-219.6,-185.44,-146.4
-19.52,-53.68,-34.16,39.04,4.88,-43.92,-9.76,-14.64,-170.8,-161.04,-146.4,-112.24
-4.88,-39.04,-34.16,24.4,14.64,-39.04,24.4,19.52,-92.72,-112.24,-107.36,-87.84
-19.52,-43.92,-24.4,34.16,0,-34.16,58.56,53.68,-39.04,-68.32,-82.96,-68.32
-19.52,-58.56,-39.04,39.04,9.76,-48.8,73.2,63.44,-9.76,-53.68,-82.96,-73.2
-14.64,-63.44,-48.8,39.04,14.64,-58.56,73.2,68.32,-4.88,-58.56,-87.84,-73.2
-34.16,-68.32,-34.16,53.68,0,-53.68,73.2,63.44,0,-63.44,-87.84,-78.08
-14.64,-48.8,-34.16,34.16,9.76,-43.92,78.08,78.08,19.52,-48.8,-68.32,-68.32
-19.52,-58.56,-39.04,39.04,9.76,-48.8,68.32,68.32,14.64,-68.32,-82.96,-87.84
-19.52,-58.56,-39.04,39.04,9.76,-48.8,63.44,58.56,14.64,-68.32,-87.84,-92.72
-53.68,-53.68,0,53.68,-29.28,-29.28,73.2,73.2,29.28,-48.8,-68.32,-73.2
-78.08,-58.56,19.52,68.32,-48.8,-19.52,92.72,87.84,43.92,-29.28,-48.8,-58.56
-19.52,-39.04,-19.52,29.28,0,-29.28,73.2,73.2,34.16,-39.04,-63.44,-68.32
9.76,-39.04,-48.8,14.64,29.28,-43.92,63.44,63.44,39.04,-39.04,-68.32,-68.32
-4.88,-43.92,-39.04,24.4,14.64,-43.92,78.08,78.08,58.56,-29.28,-53.68,-63.44
-39.04,-34.16,4.88,39.04,-24.4,-14.64,92.72,92.72,68.32,-14.64,-43.92,-53.68
-58.56,-48.8,9.76,53.68,-34.16,-19.52,87.84,82.96,73.2,-19.52,-53.68,-63.44
-39.04,-43.92,-4.88,43.92,-19.52,-24.4,87.84,87.84,73.2,-24.4,-53.68,-63.44
-43.92,-29.28,14.64,39.04,-29.28,-9.76,87.84,82.96,78.08,-19.52,-48.8,-73.2
-48.8,-39.04,9.76,43.92,-29.28,-14.64,82.96,78.08,87.84,-14.64,-53.68,-68.32
-43.92,-43.92,0,43.92,-24.4,-24.4,82.96,78.08,87.84,-14.64,-53.68,-73.2
-39.04,-48.8,-9.76,43.92,-14.64,-29.28,82.96,82.96,87.84,-9.76,-48.8,-68.32
-48.8,-43.92,4.88,48.8,-29.28,-19.52,87.84,87.84,97.6,0,-39.04,-63.44
-43.92,-39.04,4.88,43.92,-24.4,-19.52,97.6,97.6,107.36,9.76,-34.16,-53.68
-14.64,-34.16,-19.52,24.4,0,-29.28,92.72,92.72,102.48,0,-39.04,-58.56
-4.88,-43.92,-39.04,24.4,14.64,-43.92,92.72,92.72,107.36,-4.88,-43.92,-63.44
-9.76,-53.68,-43.92,34.16,14.64,-48.8,82.96,82.96,117.12,-9.76,-53.68,-73.2
-48.8,-48.8,0,48.8,-24.4,-24.4,97.6,92.72,131.76,4.88,-39.04,-63.44
-43.92,-39.04,4.88,43.92,-24.4,-19.52,97.6,87.84,136.64,9.76,-34.16,-68.32
-39.04,-43.92,-4.88,43.92,-19.52,-24.4,92.72,87.84,141.52,14.64,-34.16,-68.32
-58.56,-53.68,4.88,58.56,-34.16,-24.4,102.48,92.72,151.28,24.4,-29.28,-63.44
-43.92,-48.8,-4.88,48.8,-19.52,-29.28,107.36,102.48,156.16,34.16,-19.52,-53.68
-29.28,-34.16,-4.88,34.16,-14.64,-19.52,112.24,102.48,161.04,34.16,-19.52,-53.68
-24.4,-39.04,-14.64,34.16,-4.88,-29.28,112.24,107.36,170.8,43.92,-14.64,-43.92
-19.52,-39.04,-19.52,29.28,0,-29.28,112.24,112.24,165.92,39.04,-14.64,-48.8
-19.52,-48.8,-29.28,34.16,4.88,-39.04,117.12,117.12,175.68,39.04,-14.64,-43.92
-19.52,-63.44,-43.92,43.92,9.76,-53.68,112.24,112.24,185.44,34.16,-29.28,-53.68
-29.28,-58.56,-29.28,43.92,0,-43.92,107.36,107.36,185.44,34.16,-29.28,-58.56
-9.76,-29.28,-19.52,19.52,4.88,-24.4,97.6,102.48,180.56,29.28,-39.04,-78.08
-14.64,-34.16,-19.52,24.4,0,-29.28,102.48,102.48,190.32,39.04,-29.28,-68.32
-24.4,-43.92,-19.52,34.16,-4.88,-34.16,97.6,102.48,195.2,43.92,-34.16,-73.2
-19.52,-34.16,-14.64,29.28,-4.88,-24.4,112.24,112.24,195.2,58.56,-19.52,-68.32
-9.76,-43.92,-34.16,29.28,9.76,-39.04,112.24,117.12,214.72,58.56,-19.52,-78.08
-24.4,-43.92,-19.52,34.16,-4.88,-34.16,122,122,234.24,68.32,-19.52,-78.08
-4.88,-39.04,-34.16,24.4,14.64,-39.04,117.12,117.12,239.12,68.32,-14.64,-68.32
-9.76,-39.04,-29.28,24.4,9.76,-34.16,122,117.12,244,73.2,-9.76,-58.56
-4.88,-34.16,-29.28,19.52,9.76,-34.16,126.88,122,258.64,78.08,0,-48.8
29.28,-19.52,-48.8,-4.88,39.04,-34.16,126.88,122,263.52,82.96,9.76,-48.8
14.64,-19.52,-34.16,4.88,24.4,-29.28,112.24,112.24,258.64,68.32,-4.88,-68.32
-9.76,-24.4,-14.64,19.52,0,-19.52,122,117.12,278.16,82.96,0,-63.44
-19.52,-43.92,-24.4,34.16,0,-34.16,122,122,278.16,87.84,-9.76,-63.44
-9.76,-39.04,-29.28,24.4,9.76,-34.16,122,122,278.16,92.72,-9.76,-68.32
-24.4,-39.04,-14.64,34.16,-4.88,-29.28,131.76,126.88,292.8,107.36,4.88,-58.56
-14.64,-48.8,-34.16,34.16,9.76,-43.92,131.76,126.88,297.68,117.12,4.88,-48.8
4.88,-43.92,-48.8,19.52,24.4,-48.8,126.88,122,292.8,117.12,0,-53.68
4.88,-43.92,-48.8,19.52,24.4,-48.8,131.76,126.88,302.56,117.12,4.88,-58.56
-4.88,-39.04,-34.16,24.4,14.64,-39.04,141.52,136.64,322.08,126.88,14.64,-48.8
0,-43.92,-43.92,24.4,19.52,-43.92,141.52,141.52,326.96,131.76,14.64,-48.8
14.64,-29.28,-43.92,9.76,29.28,-39.04,141.52,141.52,326.96,131.76,19.52,-58.56
34.16,-24.4,-58.56,-4.88,43.92,-43.92,136.64,136.64,331.84,131.76,14.64,-68.32
14.64,-29.28,-43.92,9.76,29.28,-39.04,136.64,141.52,346.48,151.28,19.52,-58.56
-9.76,-29.28,-19.52,19.52,4.88,-24.4,151.28,151.28,361.12,165.92,34.16,-48.8
14.64,-19.52,-34.16,4.88,24.4,-29.28,146.4,146.4,361.12,165.92,29.28,-53.68
43.92,-19.52,-63.44,-9.76,53.68,-43.92,141.52,141.52,361.12,170.8,19.52,-53.68
9.76,-39.04,-48.8,14.64,29.28,-43.92,146.4,146.4,375.76,180.56,29.28,-48.8
-4.88,-39.04,-34.16,24.4,14.64,-39.04,151.28,151.28,380.64,185.44,34.16,-48.8
0,-39.04,-39.04,19.52,19.52,-39.04,151.28,146.4,390.4,185.44,29.28,-43.92
9.76,-39.04,-48.8,14.64,29.28,-43.92,146.4,141.52,390.4,185.44,29.28,-48.8
9.76,-39.04,-48.8,14.64,29.28,-43.92,146.4,141.52,400.16,195.2,43.92,-48.8
0,-39.04,-39.04,19.52,19.52,-39.04,156.16,156.16,414.8,209.84,43.92,-34.16
4.88,-39.04,-43.92,19.52,24.4,-43.92,156.16,151.28,424.56,214.72,39.04,-39.04
43.92,-24.4,-68.32,-9.76,53.68,-48.8,156.16,156.16,434.32,224.48,48.8,-34.16
53.68,-19.52,-73.2,-14.64,63.44,-48.8,165.92,161.04,448.96,239.12,63.44,-24.4
58.56,-9.76,-68.32,-24.4,63.44,-39.04,175.68,175.68,463.6,253.76,73.2,-4.88
9.76,-34.16,-43.92,14.64,24.4,-39.04,170.8,175.68,468.48,258.64,78.08,-9.76
14.64,-39.04,-53.68,14.64,34.16,-48.8,170.8,175.68,478.24,258.64,68.32,-19.52
19.52,-34.16,-53.68,9.76,34.16,-43.92,170.8,175.68,488,263.52,63.44,-29.28
14.64,-39.04,-53.68,14.64,34.16,-48.8,165.92,170.8,492.88,268.4,68.32,-39.04
39.04,-24.4,-63.44,-4.88,48.8,-43.92,170.8,170.8,507.52,273.28,68.32,-34.16
24.4,-29.28,-53.68,4.88,39.04,-43.92,170.8,170.8,512.4,287.92,78.08,-29.28
24.4,-24.4,-48.8,0,34.16,-39.04,180.56,180.56,531.92,307.44,82.96,-19.52
29.28,-19.52,-48.8,-4.88,39.04,-34.16,185.44,185.44,541.68,322.08,97.6,-19.52
34.16,-29.28,-63.44,0,48.8,-48.8,190.32,185.44,556.32,326.96,97.6,-14.64
39.04,-29.28,-68.32,-4.88,53.68,-48.8,190.32,180.56,561.2,331.84,92.72,-19.52
53.68,-29.28,-82.96,-9.76,68.32,-58.56,185.44,180.56,561.2,341.6,97.6,-19.52
29.28,-39.04,-68.32,4.88,48.8,-53.68,200.08,190.32,585.6,356.24,107.36,-4.88
4.88,-24.4,-29.28,9.76,14.64,-29.28,209.84,209.84,610,385.52,131.76,14.64
34.16,-14.64,-48.8,-9.76,39.04,-34.16,204.96,204.96,619.76,395.28,131.76,9.76
58.56,-24.4,-82.96,-14.64,68.32,-53.68,195.2,190.32,624.64,390.4,122,-9.76
58.56,-14.64,-73.2,-19.52,63.44,-43.92,195.2,195.2,639.28,400.16,126.88,-9.76
58.56,-9.76,-68.32,-24.4,63.44,-39.04,200.08,204.96,653.92,419.68,131.76,0
63.44,-4.88,-68.32,-29.28,63.44,-39.04,209.84,204.96,663.68,439.2,146.4,4.88
97.6,4.88,-92.72,-48.8,92.72,-43.92,219.6,219.6,688.08,458.72,165.92,19.52
92.72,0,-92.72,-43.92,92.72,-48.8,224.48,219.6,702.72,468.48,175.68,34.16
58.56,-9.76,-68.32,-24.4,63.44,-39.04,214.72,214.72,697.84,473.36,170.8,34.16
58.56,4.88,-53.68,-29.28,53.68,-24.4,219.6,214.72,702.72,478.24,170.8,29.28
82.96,4.88,-78.08,-43.92,78.08,-39.04,209.84,204.96,707.6,483.12,170.8,29.28
87.84,14.64,-73.2,-48.8,78.08,-29.28,209.84,204.96,712.48,492.88,180.56,39.04
97.6,19.52,-78.08,-58.56,87.84,-29.28,204.96,200.08,722.24,502.64,175.68,29.28
82.96,14.64,-68.32,-48.8,73.2,-29.28,200.08,204.96,727.12,517.28,180.56,29.28
73.2,19.52,-53.68,-43.92,63.44,-19.52,214.72,219.6,751.52,541.68,200.08,48.8
63.44,14.64,-48.8,-39.04,53.68,-19.52,214.72,219.6,756.4,551.44,214.72,53.68
82.96,14.64,-68.32,-48.8,73.2,-29.28,204.96,209.84,746.64,551.44,204.96,53.68
87.84,19.52,-68.32,-53.68,78.08,-24.4,200.08,204.96,751.52,561.2,214.72,58.56
78.08,9.76,-68.32,-43.92,73.2,-29.28,195.2,195.2,751.52,561.2,219.6,58.56
73.2,14.64,-58.56,-43.92,63.44,-24.4,195.2,200.08,756.4,570.96,224.48,68.32
97.6,34.16,-63.44,-63.44,78.08,-14.64,195.2,200.08,771.04,580.72,229.36,68.32
136.64,53.68,-82.96,-92.72,107.36,-14.64,190.32,190.32,766.16,580.72,219.6,58.56
146.4,43.92,-102.48,-92.72,122,-29.28,185.44,180.56,761.28,585.6,219.6,63.44
131.76,43.92,-87.84,-87.84,107.36,-24.4,180.56,175.68,761.28,585.6,224.48,68.32
126.88,53.68,-73.2,-87.84,97.6,-9.76,185.44,175.68,771.04,600.24,229.36,78.08
82.96,39.04,-43.92,-58.56,63.44,-4.88,195.2,190.32,780.8,624.64,253.76,92.72
82.96,43.92,-39.04,-63.44,58.56,0,200.08,195.2,785.68,629.52,258.64,102.48
102.48,34.16,-68.32,-68.32,82.96,-19.52,185.44,180.56,775.92,614.88,248.88,92.72
117.12,39.04,-78.08,-78.08,97.6,-19.52,175.68,175.68,766.16,614.88,248.88,92.72
131.76,48.8,-82.96,-87.84,107.36,-19.52,165.92,165.92,756.4,605.12,234.24,78.08
112.24,39.04,-73.2,-73.2,92.72,-19.52,161.04,161.04,761.28,610,244,78.08
102.48,48.8,-53.68,-73.2,78.08,-4.88,151.28,151.28,756.4,610,244,78.08
107.36,63.44,-43.92,-82.96,73.2,9.76,151.28,146.4,761.28,610,244,82.96
87.84,53.68,-34.16,-68.32,58.56,9.76,146.4,141.52,751.52,614.88,248.88,78.08
82.96,34.16,-48.8,-58.56,63.44,-9.76,131.76,126.88,741.76,610,239.12,68.32
87.84,48.8,-39.04,-68.32,63.44,4.88,136.64,136.64,741.76,619.76,248.88,87.84
78.08,58.56,-19.52,-68.32,48.8,19.52,136.64,131.76,736.88,619.76,248.88,97.6
87.84,48.8,-39.04,-68.32,63.44,4.88,122,117.12,717.36,610,239.12,97.6
126.88,63.44,-63.44,-92.72,92.72,0,107.36,102.48,697.84,595.36,229.36,92.72
141.52,68.32,-73.2,-102.48,107.36,-4.88,107.36,102.48,692.96,590.48,244,102.48
131.76,78.08,-53.68,-102.48,92.72,9.76,107.36,107.36,688.08,585.6,248.88,112.24
112.24,68.32,-43.92,-87.84,78.08,9.76,102.48,97.6,673.44,585.6,253.76,112.24
92.72,73.2,-19.52,-82.96,53.68,24.4,92.72,92.72,658.8,575.84,253.76,117.12
92.72,63.44,-29.28,-78.08,58.56,14.64,87.84,87.84,639.28,561.2,258.64,117.12
73.2,68.32,-4.88,-68.32,39.04,29.28,82.96,87.84,629.52,556.32,248.88,122
87.84,82.96,-4.88,-82.96,43.92,39.04,73.2,78.08,590.48,531.92,239.12,112.24
97.6,82.96,-14.64,-87.84,53.68,34.16,63.44,68.32,561.2,517.28,224.48,112.24
87.84,73.2,-14.64,-78.08,48.8,29.28,58.56,58.56,531.92,502.64,214.72,112.24
107.36,82.96,-24.4,-92.72,63.44,29.28,48.8,53.68,507.52,478.24,209.84,107.36
87.84,87.84,0,-87.84,43.92,43.92,53.68,58.56,497.76,473.36,219.6,117.12
73.2,87.84,14.64,-78.08,29.28,48.8,43.92,48.8,468.48,439.2,219.6,117.12
107.36,102.48,-4.88,-102.48,53.68,48.8,29.28,34.16,434.32,419.68,209.84,107.36
92.72,87.84,-4.88,-87.84,48.8,39.04,29.28,29.28,405.04,395.28,200.08,102.48
82.96,68.32,-14.64,-73.2,48.8,24.4,14.64,14.64,375.76,366,185.44,92.72
53.68,63.44,9.76,-58.56,19.52,34.16,9.76,4.88,351.36,346.48,175.68,92.72
24.4,68.32,43.92,-43.92,-9.76,53.68,0,0,331.84,317.2,161.04,82.96
43.92,68.32,24.4,-53.68,9.76,43.92,-9.76,-4.88,302.56,287.92,151.28,87.84
29.28,68.32,39.04,-48.8,-4.88,53.68,-14.64,-9.76,273.28,268.4,141.52,87.84
14.64,48.8,34.16,-29.28,-9.76,39.04,-14.64,-14.64,248.88,239.12,131.76,87.84
29.28,68.32,39.04,-48.8,-4.88,53.68,-19.52,-19.52,229.36,224.48,131.76,78.08
29.28,73.2,43.92,-48.8,-9.76,58.56,-19.52,-14.64,209.84,204.96,122,73.2
39.04,78.08,39.04,-58.56,0,58.56,-29.28,-24.4,180.56,180.56,112.24,78.08
43.92,68.32,24.4,-53.68,9.76,43.92,-39.04,-39.04,151.28,151.28,102.48,73.2
39.04,68.32,29.28,-53.68,4.88,48.8,-39.04,-39.04,136.64,136.64,92.72,73.2
24.4,68.32,43.92,-43.92,-9.76,53.68,-19.52,-29.28,131.76,136.64,102.48,82.96
14.64,63.44,48.8,-39.04,-19.52,53.68,-24.4,-19.52,112.24,117.12,97.6,63.44
24.4,53.68,29.28,-39.04,-4.88,39.04,-34.16,-34.16,87.84,87.84,73.2,43.92
24.4,43.92,19.52,-34.16,0,29.28,-48.8,-43.92,58.56,63.44,53.68,29.28
0,34.16,34.16,-14.64,-19.52,34.16,-43.92,-39.04,58.56,48.8,53.68,34.16
-14.64,48.8,63.44,-14.64,-39.04,53.68,-34.16,-29.28,58.56,48.8,58.56,34.16
-19.52,48.8,68.32,-14.64,-43.92,58.56,-29.28,-29.28,48.8,34.16,48.8,24.4
-24.4,39.04,63.44,-4.88,-43.92,48.8,-34.16,-29.28,34.16,9.76,39.04,24.4
-24.4,34.16,58.56,-4.88,-43.92,43.92,-34.16,-29.28,19.52,-4.88,24.4,14.64
-24.4,24.4,48.8,0,-39.04,34.16,-39.04,-34.16,4.88,-14.64,14.64,9.76
-19.52,34.16,53.68,-4.88,-39.04,43.92,-34.16,-39.04,0,-24.4,14.64,9.76
0,48.8,48.8,-24.4,-24.4,48.8,-24.4,-29.28,0,-19.52,19.52,19.52
-4.88,48.8,53.68,-19.52,-29.28,48.8,-29.28,-29.28,-4.88,-29.28,14.64,19.52
-24.4,19.52,43.92,4.88,-34.16,29.28,-29.28,-34.16,-19.52,-39.04,9.76,14.64
-19.52,0,19.52,9.76,-19.52,9.76,-43.92,-43.92,-39.04,-53.68,-4.88,0
0,0,0,0,0,0,-43.92,-43.92,-39.04,-63.44,-14.64,-9.76
4.88,4.88,0,-4.88,0,0,-39.04,-43.92,-43.92,-68.32,-19.52,-9.76
-9.76,-4.88,4.88,9.76,-9.76,0,-39.04,-48.8,-53.68,-73.2,-29.28,-24.4
-43.92,-29.28,14.64,39.04,-29.28,-9.76,-43.92,-48.8,-58.56,-78.08,-29.28,-24.4
-53.68,-29.28,24.4,43.92,-39.04,-4.88,-34.16,-39.04,-53.68,-73.2,-24.4,-19.52
-39.04,-29.28,9.76,34.16,-24.4,-9.76,-39.04,-43.92,-53.68,-78.08,-29.28,-19.52
-29.28,-19.52,9.76,24.4,-19.52,-4.88,-29.28,-34.16,-53.68,-82.96,-34.16,-24.4
-14.64,-19.52,-4.88,19.52,-4.88,-14.64,-29.28,-39.04,-58.56,-82.96,-43.92,-29.28
-29.28,-19.52,9.76,24.4,-19.52,-4.88,-29.28,-39.04,-58.56,-78.08,-39.04,-29.28
-9.76,-9.76,0,9.76,-4.88,-4.88,-24.4,-34.16,-63.44,-73.2,-39.04,-34.16
-4.88,0,4.88,4.88,-4.88,0,-34.16,-34.16,-58.56,-78.08,-39.04,-29.28
-9.76,-4.88,4.88,9.76,-9.76,0,-29.28,-29.28,-53.68,-73.2,-39.04,-24.4
-29.28,-14.64,14.64,24.4,-24.4,0,-29.28,-29.28,-53.68,-78.08,-39.04,-34.16
-34.16,-29.28,4.88,34.16,-19.52,-14.64,-34.16,-34.16,-63.44,-92.72,-48.8,-43.92
-9.76,-14.64,-4.88,14.64,-4.88,-9.76,-34.16,-34.16,-58.56,-97.6,-53.68,-39.04
-4.88,-24.4,-19.52,14.64,4.88,-24.4,-29.28,-29.28,-58.56,-97.6,-53.68,-39.04
0,-19.52,-19.52,9.76,9.76,-19.52,-39.04,-39.04,-63.44,-102.48,-53.68,-43.92
-19.52,-19.52,0,19.52,-9.76,-9.76,-29.28,-24.4,-53.68,-97.6,-39.04,-29.28
-53.68,-24.4,29.28,39.04,-43.92,0,-19.52,-14.64,-43.92,-82.96,-29.28,-24.4
-39.04,-24.4,14.64,34.16,-29.28,-4.88,-19.52,-19.52,-48.8,-92.72,-43.92,-29.28
-19.52,-19.52,0,19.52,-9.76,-9.76,-24.4,-24.4,-48.8,-97.6,-39.04,-34.16
-29.28,-29.28,0,29.28,-14.64,-14.64,-19.52,-19.52,-43.92,-92.72,-39.04,-29.28
-4.88,-24.4,-19.52,14.64,4.88,-24.4,-34.16,-29.28,-48.8,-97.6,-43.92,-34.16
4.88,-29.28,-34.16,14.64,19.52,-34.16,-39.04,-39.04,-58.56,-102.48,-43.92,-39.04
-43.92,-34.16,9.76,39.04,-29.28,-14.64,-14.64,-19.52,-34.16,-82.96,-29.28,-19.52
-53.68,-19.52,34.16,39.04,-43.92,4.88,-4.88,-4.88,-24.4,-73.2,-19.52,-9.76
-24.4,-24.4,0,24.4,-14.64,-14.64,-24.4,-29.28,-43.92,-92.72,-39.04,-34.16
-48.8,-43.92,4.88,48.8,-29.28,-19.52,-14.64,-24.4,-39.04,-87.84,-43.92,-29.28
-39.04,-29.28,9.76,34.16,-24.4,-9.76,-4.88,-9.76,-29.28,-78.08,-34.16,-29.28
-34.16,-24.4,9.76,29.28,-24.4,-9.76,0,0,-29.28,-68.32,-29.28,-29.28
-9.76,-19.52,-9.76,14.64,0,-14.64,-9.76,-9.76,-29.28,-78.08,-39.04,-43.92
14.64,-14.64,-29.28,0,19.52,-24.4,-29.28,-29.28,-43.92,-92.72,-58.56,-58.56
-29.28,-29.28,0,29.28,-14.64,-14.64,-19.52,-14.64,-39.04,-87.84,-58.56,-53.68
-48.8,-34.16,14.64,43.92,-34.16,-9.76,-14.64,-9.76,-29.28,-87.84,-53.68,-58.56
-58.56,-39.04,19.52,48.8,-39.04,-9.76,-14.64,-9.76,-29.28,-87.84,-53.68,-58.56
-53.68,-34.16,19.52,43.92,-39.04,-9.76,-14.64,-9.76,-24.4,-78.08,-43.92,-48.8
-43.92,-39.04,4.88,43.92,-24.4,-19.52,-14.64,-9.76,-24.4,-73.2,-34.16,-43.92
-34.16,-39.04,-4.88,39.04,-14.64,-24.4,-14.64,-14.64,-29.28,-78.08,-43.92,-48.8
-24.4,-39.04,-14.64,34.16,-4.88,-29.28,-9.76,-4.88,-24.4,-73.2,-39.04,-48.8
-39.04,-34.16,4.88,39.04,-24.4,-14.64,-9.76,-4.88,-19.52,-73.2,-39.04,-43.92
-48.8,-29.28,19.52,39.04,-34.16,-4.88,-9.76,-4.88,-19.52,-73.2,-34.16,-43.92
-24.4,-14.64,9.76,19.52,-19.52,-4.88,-9.76,-9.76,-19.52,-73.2,-39.04,-43.92
-4.88,-9.76,-4.88,9.76,0,-9.76,-9.76,-4.88,-14.64,-63.44,-29.28,-43.92
0,-9.76,-9.76,4.88,4.88,-9.76,-19.52,-19.52,-19.52,-78.08,-34.16,-48.8
-19.52,-24.4,-4.88,24.4,-9.76,-14.64,-14.64,-14.64,-14.64,-68.32,-19.52,-39.04
-43.92,-24.4,19.52,34.16,-34.16,-4.88,-9.76,-9.76,-9.76,-68.32,-19.52,-34.16
-63.44,-19.52,43.92,43.92,-53.68,9.76,0,0,0,-53.68,-19.52,-24.4
-48.8,-19.52,29.28,34.16,-39.04,4.88,-9.76,-4.88,-9.76,-63.44,-39.04,-48.8
-24.4,-14.64,9.76,19.52,-19.52,-4.88,-14.64,-14.64,-14.64,-73.2,-53.68,-73.2
-34.16,-19.52,14.64,29.28,-24.4,-4.88,-9.76,-9.76,-14.64,-73.2,-53.68,-68.32
-48.8,-29.28,19.52,39.04,-34.16,-4.88,-14.64,-14.64,-14.64,-73.2,-48.8,-63.44
-43.92,-19.52,24.4,34.16,-34.16,0,-9.76,-9.76,-9.76,-73.2,-48.8,-58.56
-24.4,-19.52,4.88,24.4,-14.64,-9.76,-19.52,-19.52,-14.64,-73.2,-48.8,-63.44
-19.52,-29.28,-9.76,24.4,-4.88,-19.52,-29.28,-24.4,-29.28,-82.96,-53.68,-68.32
-9.76,-19.52,-9.76,14.64,0,-14.64,-24.4,-24.4,-19.52,-82.96,-43.92,-63.44
4.88,-14.64,-19.52,4.88,9.76,-19.52,-19.52,-19.52,-19.52,-78.08,-39.04,-58.56
-34.16,-29.28,4.88,34.16,-19.52,-14.64,-9.76,-4.88,-4.88,-58.56,-19.52,-43.92
-63.44,-39.04,24.4,53.68,-43.92,-9.76,-4.88,0,0,-58.56,-9.76,-34.16
-43.92,-24.4,19.52,34.16,-34.16,-4.88,-14.64,-14.64,-14.64,-68.32,-24.4,-43.92
-29.28,-4.88,24.4,19.52,-29.28,9.76,-14.64,-9.76,-9.76,-73.2,-19.52,-39.04
-14.64,0,14.64,9.76,-14.64,4.88,-14.64,-9.76,-14.64,-73.2,-34.16,-43.92
-34.16,-14.64,19.52,24.4,-29.28,0,-19.52,-19.52,-19.52,-82.96,-53.68,-53.68
-24.4,-9.76,14.64,19.52,-19.52,0,-24.4,-19.52,-19.52,-78.08,-58.56,-53.68
-9.76,0,9.76,4.88,-9.76,4.88,-24.4,-19.52,-14.64,-78.08,-48.8,-53.68
0,9.76,9.76,-4.88,-4.88,9.76,-29.28,-24.4,-19.52,-78.08,-43.92,-58.56
-14.64,14.64,29.28,0,-24.4,19.52,-19.52,-14.64,-14.64,-68.32,-24.4,-34.16
-48.8,0,48.8,24.4,-48.8,24.4,-19.52,-19.52,-19.52,-73.2,-24.4,-29.28
-43.92,-4.88,39.04,24.4,-43.92,14.64,-24.4,-24.4,-24.4,-78.08,-24.4,-19.52
-39.04,-14.64,24.4,29.28,-34.16,4.88,-29.28,-24.4,-34.16,-78.08,-24.4,-19.52
-48.8,-29.28,19.52,39.04,-34.16,-4.88,-24.4,-19.52,-29.28,-78.08,-24.4,-14.64
-29.28,-19.52,9.76,24.4,-19.52,-4.88,-29.28,-29.28,-34.16,-78.08,-24.4,-24.4
-29.28,-24.4,4.88,29.28,-19.52,-9.76,-34.16,-29.28,-39.04,-78.08,-24.4,-24.4
-39.04,-4.88,34.16,24.4,-39.04,14.64,-14.64,-19.52,-19.52,-68.32,-14.64,-14.64
-24.4,4.88,29.28,9.76,-29.28,14.64,-14.64,-9.76,-19.52,-68.32,-24.4,-19.52
-24.4,-4.88,19.52,14.64,-24.4,4.88,-24.4,-19.52,-34.16,-87.84,-39.04,-39.04
-9.76,0,9.76,4.88,-9.76,4.88,-29.28,-29.28,-43.92,-97.6,-53.68,-53.68
-4.88,4.88,9.76,0,-9.76,4.88,-24.4,-24.4,-43.92,-97.6,-53.68,-58.56
-9.76,14.64,24.4,0,-19.52,19.52,-24.4,-24.4,-48.8,-97.6,-53.68,-58.56
-14.64,14.64,29.28,0,-24.4,19.52,-19.52,-19.52,-48.8,-97.6,-43.92,-48.8
-24.4,4.88,29.28,9.76,-29.28,14.64,-19.52,-14.64,-58.56,-97.6,-48.8,-43.92
-39.04,-24.4,14.64,34.16,-29.28,-4.88,-24.4,-24.4,-68.32,-107.36,-53.68,-43.92
-29.28,-14.64,14.64,24.4,-24.4,0,-34.16,-34.16,-73.2,-112.24,-58.56,-48.8
-29.28,-4.88,24.4,19.52,-29.28,9.76,-39.04,-34.16,-82.96,-122,-68.32,-53.68
-43.92,-14.64,29.28,29.28,-39.04,4.88,-39.04,-34.16,-82.96,-117.12,-63.44,-58.56
-63.44,-19.52,43.92,43.92,-53.68,9.76,-34.16,-34.16,-78.08,-107.36,-53.68,-43.92
-48.8,0,48.8,24.4,-48.8,24.4,-39.04,-34.16,-78.08,-107.36,-48.8,-34.16
-9.76,9.76,19.52,0,-14.64,14.64,-39.04,-39.04,-82.96,-107.36,-48.8,-43.92
-43.92,0,43.92,24.4,-43.92,19.52,-29.28,-29.28,-78.08,-97.6,-39.04,-29.28
-53.68,4.88,58.56,24.4,-58.56,29.28,-24.4,-24.4,-73.2,-97.6,-29.28,-24.4
-24.4,0,24.4,14.64,-24.4,9.76,-39.04,-39.04,-92.72,-117.12,-53.68,-48.8
-29.28,-19.52,9.76,24.4,-19.52,-4.88,-48.8,-39.04,-102.48,-126.88,-63.44,-63.44
-34.16,-24.4,9.76,29.28,-24.4,-9.76,-39.04,-39.04,-107.36,-122,-63.44,-68.32
-48.8,-19.52,29.28,34.16,-39.04,4.88,-43.92,-43.92,-112.24,-126.88,-68.32,-73.2
-58.56,-14.64,43.92,39.04,-53.68,14.64,-39.04,-39.04,-112.24,-126.88,-68.32,-63.44
-34.16,-14.64,19.52,24.4,-29.28,0,-43.92,-39.04,-107.36,-131.76,-68.32,-68.32
-58.56,-19.52,39.04,39.04,-48.8,9.76,-34.16,-29.28,-102.48,-122,-58.56,-58.56
-58.56,-14.64,43.92,39.04,-53.68,14.64,-19.52,-14.64,-107.36,-117.12,-58.56,-48.8
9.76,0,-9.76,-4.88,9.76,-4.88,-34.16,-34.16,-122,-136.64,-68.32,-58.56
-14.64,-4.88,9.76,9.76,-14.64,0,-24.4,-19.52,-117.12,-122,-53.68,-43.92
-39.04,-4.88,34.16,24.4,-39.04,14.64,-14.64,-9.76,-112.24,-122,-48.8,-34.16
-43.92,-14.64,29.28,29.28,-39.04,4.88,-24.4,-14.64,-117.12,-122,-48.8,-29.28
-43.92,-9.76,34.16,29.28,-39.04,9.76,-29.28,-24.4,-126.88,-131.76,-53.68,-43.92
-34.16,0,34.16,19.52,-34.16,14.64,-24.4,-29.28,-126.88,-131.76,-48.8,-39.04
-39.04,4.88,43.92,19.52,-43.92,24.4,-29.28,-29.28,-122,-126.88,-48.8,-34.16
-29.28,9.76,39.04,9.76,-34.16,24.4,-24.4,-29.28,-126.88,-122,-43.92,-29.28
-24.4,4.88,29.28,9.76,-29.28,14.64,-24.4,-24.4,-131.76,-126.88,-53.68,-43.92
-24.4,-4.88,19.52,14.64,-24.4,4.88,-24.4,-29.28,-136.64,-136.64,-68.32,-58.56
-39.04,-9.76,29.28,24.4,-34.16,9.76,-34.16,-34.16,-146.4,-136.64,-68.32,-58.56
-39.04,-9.76,29.28,24.4,-34.16,9.76,-34.16,-34.16,-151.28,-141.52,-63.44,-53.68
-53.68,-14.64,39.04,34.16,-48.8,9.76,-29.28,-34.16,-151.28,-141.52,-63.44,-53.68
-43.92,-24.4,19.52,34.16,-34.16,-4.88,-34.16,-34.16,-151.28,-141.52,-68.32,-58.56
-39.04,-19.52,19.52,29.28,-29.28,0,-34.16,-39.04,-151.28,-141.52,-68.32,-63.44
-43.92,-14.64,29.28,29.28,-39.04,4.88,-29.28,-29.28,-146.4,-136.64,-63.44,-53.68
-48.8,-14.64,34.16,34.16,-43.92,9.76,-24.4,-24.4,-141.52,-136.64,-53.68,-39.04
-48.8,-24.4,24.4,39.04,-39.04,0,-34.16,-34.16,-146.4,-141.52,-43.92,-39.04
-29.28,-4.88,24.4,19.52,-29.28,9.76,-29.28,-34.16,-141.52,-136.64,-39.04,-29.28
-19.52,9.76,29.28,4.88,-24.4,19.52,-29.28,-29.28,-141.52,-131.76,-43.92,-34.16
-4.88,4.88,9.76,0,-9.76,4.88,-29.28,-34.16,-146.4,-141.52,-53.68,-39.04
-24.4,-19.52,4.88,24.4,-14.64,-9.76,-29.28,-29.28,-151.28,-136.64,-63.44,-43.92
-48.8,-29.28,19.52,39.04,-34.16,-4.88,-34.16,-34.16,-151.28,-141.52,-68.32,-48.8
-19.52,-4.88,14.64,14.64,-19.52,4.88,-34.16,-39.04,-156.16,-146.4,-68.32,-53.68
-48.8,-19.52,29.28,34.16,-39.04,4.88,-34.16,-34.16,-161.04,-146.4,-68.32,-53.68
-53.68,-34.16,19.52,43.92,-39.04,-9.76,-34.16,-29.28,-156.16,-141.52,-63.44,-48.8
-53.68,-14.64,39.04,34.16,-48.8,9.76,-34.16,-34.16,-156.16,-141.52,-63.44,-48.8
-58.56,-19.52,39.04,39.04,-48.8,9.76,-39.04,-34.16,-161.04,-146.4,-63.44,-48.8
-43.92,-4.88,39.04,24.4,-43.92,14.64,-39.04,-34.16,-156.16,-141.52,-53.68,-43.92
-43.92,-9.76,34.16,29.28,-39.04,9.76,-34.16,-34.16,-151.28,-136.64,-53.68,-39.04
-63.44,-29.28,34.16,48.8,-48.8,0,-39.04,-34.16,-156.16,-136.64,-58.56,-43.92
-39.04,-14.64,24.4,29.28,-34.16,4.88,-39.04,-34.16,-165.92,-141.52,-68.32,-48.8
4.88,0,-4.88,0,4.88,-4.88,-43.92,-34.16,-165.92,-151.28,-73.2,-53.68
-39.04,-29.28,9.76,34.16,-24.4,-9.76,-39.04,-29.28,-165.92,-141.52,-63.44,-48.8
-58.56,-43.92,14.64,53.68,-39.04,-14.64,-24.4,-24.4,-156.16,-136.64,-53.68,-48.8
-43.92,-24.4,19.52,34.16,-34.16,-4.88,-34.16,-34.16,-161.04,-146.4,-58.56,-53.68
-34.16,-9.76,24.4,24.4,-29.28,4.88,-48.8,-48.8,-170.8,-151.28,-68.32,-58.56
-24.4,4.88,29.28,9.76,-29.28,14.64,-43.92,-39.04,-156.16,-141.52,-53.68,-48.8
-39.04,0,39.04,19.52,-39.04,19.52,-39.04,-39.04,-151.28,-151.28,-53.68,-43.92
-43.92,-19.52,24.4,34.16,-34.16,0,-43.92,-39.04,-161.04,-151.28,-63.44,-48.8
-73.2,-29.28,43.92,53.68,-58.56,4.88,-34.16,-34.16,-156.16,-141.52,-53.68,-43.92
-34.16,-4.88,29.28,19.52,-34.16,9.76,-34.16,-34.16,-165.92,-146.4,-48.8,-39.04
-9.76,4.88,14.64,4.88,-14.64,9.76,-39.04,-34.16,-161.04,-151.28,-48.8,-34.16
-19.52,-14.64,4.88,19.52,-14.64,-4.88,-43.92,-39.04,-170.8,-151.28,-58.56,-48.8
-24.4,-9.76,14.64,19.52,-19.52,0,-39.04,-39.04,-165.92,-151.28,-68.32,-68.32
-39.04,-4.88,34.16,24.4,-39.04,14.64,-34.16,-34.16,-156.16,-141.52,-58.56,-63.44
-73.2,-9.76,63.44,43.92,-68.32,24.4,-29.28,-29.28,-146.4,-136.64,-53.68,-58.56
-19.52,-4.88,14.64,14.64,-19.52,4.88,-48.8,-48.8,-165.92,-151.28,-68.32,-73.2
-39.04,-24.4,14.64,34.16,-29.28,-4.88,-48.8,-48.8,-170.8,-161.04,-68.32,-73.2
-48.8,-19.52,29.28,34.16,-39.04,4.88,-43.92,-39.04,-165.92,-146.4,-63.44,-68.32
-24.4,0,24.4,14.64,-24.4,9.76,-39.04,-34.16,-156.16,-141.52,-53.68,-58.56
-19.52,-4.88,14.64,14.64,-19.52,4.88,-43.92,-34.16,-165.92,-141.52,-58.56,-58.56
-39.04,-19.52,19.52,29.28,-29.28,0,-39.04,-39.04,-165.92,-151.28,-63.44,-63.44
-34.16,-9.76,24.4,24.4,-29.28,4.88,-39.04,-43.92,-170.8,-156.16,-63.44,-53.68
-39.04,-24.4,14.64,34.16,-29.28,-4.88,-48.8,-48.8,-170.8,-156.16,-63.44,-53.68
-53.68,-19.52,34.16,39.04,-43.92,4.88,-43.92,-39.04,-175.68,-156.16,-58.56,-53.68
-58.56,-19.52,39.04,39.04,-48.8,9.76,-39.04,-43.92,-165.92,-156.16,-63.44,-53.68
-43.92,-14.64,29.28,29.28,-39.04,4.88,-43.92,-43.92,-165.92,-156.16,-63.44,-48.8
-29.28,-4.88,24.4,19.52,-29.28,9.76,-39.04,-34.16,-161.04,-146.4,-58.56,-43.92
-34.16,-9.76,24.4,24.4,-29.28,4.88,-39.04,-34.16,-165.92,-146.4,-53.68,-43.92
-19.52,0,19.52,9.76,-19.52,9.76,-43.92,-39.04,-165.92,-151.28,-53.68,-43.92
0,9.76,9.76,-4.88,-4.88,9.76,-39.04,-39.04,-165.92,-146.4,-43.92,-43.92
-24.4,-4.88,19.52,14.64,-24.4,4.88,-39.04,-39.04,-170.8,-156.16,-48.8,-53.68
-48.8,-4.88,43.92,29.28,-48.8,19.52,-29.28,-24.4,-161.04,-141.52,-48.8,-43.92
-48.8,-14.64,34.16,34.16,-43.92,9.76,-34.16,-34.16,-165.92,-151.28,-58.56,-58.56
-58.56,-24.4,34.16,43.92,-48.8,4.88,-48.8,-48.8,-175.68,-161.04,-73.2,-73.2
-39.04,-4.88,34.16,24.4,-39.04,14.64,-48.8,-39.04,-170.8,-161.04,-82.96,-73.2
-24.4,-4.88,19.52,14.64,-24.4,4.88,-43.92,-34.16,-165.92,-151.28,-78.08,-63.44
-4.88,0,4.88,4.88,-4.88,0,-39.04,-34.16,-170.8,-156.16,-82.96,-73.2
9.76,-4.88,-14.64,0,9.76,-9.76,-58.56,-43.92,-180.56,-165.92,-87.84,-73.2
-53.68,-14.64,39.04,34.16,-48.8,9.76,-19.52,-19.52,-156.16,-131.76,-53.68,-39.04
-92.72,-9.76,82.96,53.68,-87.84,34.16,-4.88,-9.76,-146.4,-122,-39.04,-19.52
-68.32,-9.76,58.56,39.04,-63.44,24.4,-24.4,-19.52,-165.92,-151.28,-53.68,-39.04
-48.8,-24.4,24.4,39.04,-39.04,0,-24.4,-24.4,-165.92,-151.28,-58.56,-34.16
-53.68,-34.16,19.52,43.92,-39.04,-9.76,-29.28,-24.4,-161.04,-146.4,-58.56,-34.16
-53.68,-19.52,34.16,39.04,-43.92,4.88,-34.16,-34.16,-170.8,-156.16,-73.2,-53.68
-48.8,-4.88,43.92,29.28,-48.8,19.52,-43.92,-34.16,-170.8,-165.92,-78.08,-68.32
-34.16,-14.64,19.52,24.4,-29.28,0,-43.92,-48.8,-175.68,-165.92,-78.08,-73.2
-58.56,-24.4,34.16,43.92,-48.8,4.88,-48.8,-48.8,-175.68,-170.8,-82.96,-78.08
-107.36,-19.52,87.84,63.44,-97.6,34.16,-24.4,-24.4,-156.16,-141.52,-63.44,-48.8
-87.84,-14.64,73.2,53.68,-82.96,29.28,-19.52,-24.4,-161.04,-146.4,-63.44,-53.68
-53.68,-19.52,34.16,39.04,-43.92,4.88,-34.16,-39.04,-175.68,-161.04,-73.2,-63.44
-34.16,-19.52,14.64,29.28,-24.4,-4.88,-34.16,-34.16,-175.68,-161.04,-73.2,-63.44
-29.28,-14.64,14.64,24.4,-24.4,0,-39.04,-34.16,-170.8,-156.16,-63.44,-53.68
-39.04,-4.88,34.16,24.4,-39.04,14.64,-34.16,-34.16,-161.04,-151.28,-58.56,-43.92
-34.16,14.64,48.8,9.76,-43.92,29.28,-29.28,-29.28,-165.92,-151.28,-58.56,-34.16
-29.28,0,29.28,14.64,-29.28,14.64,-39.04,-34.16,-165.92,-156.16,-68.32,-39.04
-58.56,-4.88,53.68,34.16,-58.56,24.4,-34.16,-34.16,-161.04,-151.28,-58.56,-34.16
-48.8,-14.64,34.16,34.16,-43.92,9.76,-29.28,-29.28,-165.92,-156.16,-68.32,-39.04
-24.4,-14.64,9.76,19.52,-19.52,-4.88,-39.04,-39.04,-175.68,-170.8,-82.96,-58.56
-19.52,0,19.52,9.76,-19.52,9.76,-24.4,-24.4,-161.04,-161.04,-63.44,-43.92
-19.52,0,19.52,9.76,-19.52,9.76,-19.52,-24.4,-161.04,-156.16,-58.56,-43.92
-14.64,9.76,24.4,4.88,-19.52,14.64,-19.52,-19.52,-161.04,-161.04,-63.44,-48.8
-39.04,-4.88,34.16,24.4,-39.04,14.64,-29.28,-24.4,-161.04,-165.92,-63.44,-53.68
-34.16,-9.76,24.4,24.4,-29.28,4.88,-34.16,-34.16,-165.92,-165.92,-63.44,-58.56
-24.4,9.76,34.16,9.76,-29.28,19.52,-34.16,-29.28,-161.04,-161.04,-63.44,-58.56
-34.16,9.76,43.92,14.64,-39.04,24.4,-34.16,-24.4,-156.16,-161.04,-68.32,-58.56
-34.16,4.88,39.04,14.64,-39.04,19.52,-24.4,-29.28,-156.16,-151.28,-63.44,-58.56
-34.16,-4.88,29.28,19.52,-34.16,9.76,-29.28,-24.4,-161.04,-156.16,-73.2,-73.2
-58.56,-19.52,39.04,39.04,-48.8,9.76,-29.28,-24.4,-161.04,-156.16,-78.08,-78.08
-34.16,-9.76,24.4,24.4,-29.28,4.88,-29.28,-19.52,-161.04,-156.16,-82.96,-73.2
-24.4,-4.88,19.52,14.64,-24.4,4.88,-29.28,-29.28,-165.92,-161.04,-87.84,-78.08
-39.04,-4.88,34.16,24.4,-39.04,14.64,-34.16,-24.4,-170.8,-165.92,-92.72,-82.96
-34.16,4.88,39.04,14.64,-39.04,19.52,-24.4,-14.64,-156.16,-161.04,-78.08,-68.32
-14.64,9.76,24.4,4.88,-19.52,14.64,-29.28,-19.52,-161.04,-161.04,-73.2,-68.32
-34.16,9.76,43.92,14.64,-39.04,24.4,-24.4,-19.52,-156.16,-156.16,-73.2,-63.44
-48.8,0,48.8,24.4,-48.8,24.4,-14.64,-14.64,-151.28,-151.28,-68.32,-53.68
-34.16,4.88,39.04,14.64,-39.04,19.52,-19.52,-14.64,-161.04,-156.16,-68.32,-48.8
-39.04,9.76,48.8,14.64,-43.92,29.28,-9.76,-9.76,-151.28,-156.16,-63.44,-43.92
-39.04,-4.88,34.16,24.4,-39.04,14.64,-24.4,-19.52,-161.04,-165.92,-82.96,-58.56
-14.64,0,14.64,9.76,-14.64,4.88,-24.4,-24.4,-165.92,-165.92,-82.96,-63.44
-34.16,4.88,39.04,14.64,-39.04,19.52,-19.52,-19.52,-165.92,-161.04,-78.08,-58.56
-58.56,-9.76,48.8,34.16,-53.68,19.52,-19.52,-14.64,-170.8,-165.92,-87.84,-68.32
-53.68,-4.88,48.8,29.28,-53.68,19.52,-14.64,-4.88,-161.04,-161.04,-82.96,-63.44
-48.8,0,48.8,24.4,-48.8,24.4,-14.64,-4.88,-161.04,-161.04,-87.84,-68.32
-48.8,-4.88,43.92,29.28,-48.8,19.52,-24.4,-14.64,-165.92,-165.92,-92.72,-63.44
-43.92,0,43.92,24.4,-43.92,19.52,-9.76,0,-156.16,-151.28,-82.96,-48.8
-48.8,-9.76,39.04,29.28,-43.92,14.64,-14.64,-4.88,-161.04,-151.28,-73.2,-48.8
-43.92,0,43.92,24.4,-43.92,19.52,-9.76,0,-156.16,-151.28,-73.2,-43.92
-34.16,14.64,48.8,9.76,-43.92,29.28,0,4.88,-151.28,-151.28,-73.2,-43.92
-19.52,14.64,34.16,4.88,-29.28,24.4,0,4.88,-151.28,-156.16,-78.08,-53.68
-39.04,0,39.04,19.52,-39.04,19.52,-4.88,-4.88,-165.92,-165.92,-87.84,-63.44
-39.04,-9.76,29.28,24.4,-34.16,9.76,-14.64,-14.64,-165.92,-175.68,-102.48,-73.2
-14.64,4.88,19.52,4.88,-19.52,9.76,-14.64,-14.64,-170.8,-165.92,-102.48,-78.08
-24.4,4.88,29.28,9.76,-29.28,14.64,-4.88,0,-151.28,-156.16,-87.84,-68.32
-43.92,-4.88,39.04,24.4,-43.92,14.64,0,9.76,-146.4,-151.28,-78.08,-58.56
-43.92,9.76,53.68,19.52,-48.8,29.28,-4.88,-4.88,-156.16,-165.92,-92.72,-68.32
-39.04,9.76,48.8,14.64,-43.92,29.28,-4.88,-4.88,-156.16,-165.92,-87.84,-68.32
-43.92,9.76,53.68,19.52,-48.8,29.28,0,4.88,-151.28,-165.92,-92.72,-73.2
-24.4,14.64,39.04,4.88,-34.16,24.4,-4.88,0,-151.28,-161.04,-87.84,-68.32
0,19.52,19.52,-9.76,-9.76,19.52,-14.64,-4.88,-156.16,-165.92,-92.72,-78.08
-19.52,19.52,39.04,0,-29.28,29.28,0,4.88,-146.4,-151.28,-87.84,-68.32
-53.68,19.52,73.2,19.52,-63.44,43.92,9.76,14.64,-141.52,-146.4,-82.96,-63.44
-53.68,0,53.68,29.28,-53.68,24.4,-4.88,0,-156.16,-165.92,-92.72,-78.08
-24.4,-4.88,19.52,14.64,-24.4,4.88,-14.64,-4.88,-165.92,-175.68,-102.48,-87.84
-58.56,0,58.56,29.28,-58.56,29.28,0,14.64,-141.52,-156.16,-78.08,-58.56
-78.08,9.76,87.84,34.16,-82.96,48.8,9.76,14.64,-131.76,-146.4,-73.2,-48.8
-39.04,9.76,48.8,14.64,-43.92,29.28,4.88,9.76,-146.4,-151.28,-82.96,-53.68
-43.92,14.64,58.56,14.64,-53.68,34.16,9.76,14.64,-136.64,-146.4,-73.2,-48.8
-34.16,24.4,58.56,4.88,-48.8,39.04,14.64,19.52,-136.64,-146.4,-73.2,-43.92
-39.04,24.4,63.44,9.76,-53.68,43.92,14.64,19.52,-131.76,-141.52,-68.32,-39.04
-24.4,34.16,58.56,-4.88,-43.92,43.92,14.64,24.4,-131.76,-136.64,-63.44,-43.92
-9.76,58.56,68.32,-24.4,-39.04,63.44,14.64,14.64,-131.76,-136.64,-63.44,-48.8
-19.52,43.92,63.44,-9.76,-43.92,53.68,19.52,24.4,-131.76,-131.76,-63.44,-48.8
-34.16,48.8,82.96,-4.88,-58.56,63.44,29.28,29.28,-117.12,-136.64,-68.32,-58.56
-24.4,63.44,87.84,-19.52,-58.56,73.2,24.4,29.28,-112.24,-141.52,-73.2,-63.44
-39.04,58.56,97.6,-9.76,-68.32,78.08,34.16,39.04,-107.36,-131.76,-63.44,-58.56
-48.8,53.68,102.48,0,-78.08,78.08,34.16,34.16,-107.36,-131.76,-58.56,-58.56
-29.28,68.32,97.6,-19.52,-63.44,82.96,34.16,43.92,-107.36,-126.88,-58.56,-53.68
-24.4,87.84,112.24,-29.28,-68.32,97.6,34.16,43.92,-102.48,-122,-53.68,-43.92
-34.16,92.72,126.88,-29.28,-82.96,107.36,43.92,48.8,-97.6,-112.24,-48.8,-29.28
-4.88,87.84,92.72,-39.04,-48.8,87.84,43.92,43.92,-102.48,-112.24,-48.8,-29.28
-4.88,82.96,87.84,-39.04,-48.8,82.96,24.4,39.04,-102.48,-122,-63.44,-34.16
-19.52,97.6,117.12,-39.04,-68.32,107.36,53.68,53.68,-87.84,-102.48,-43.92,-14.64
-24.4,117.12,141.52,-43.92,-82.96,126.88,73.2,68.32,-68.32,-87.84,-24.4,0
0,117.12,117.12,-58.56,-58.56,117.12,58.56,58.56,-78.08,-107.36,-34.16,-14.64
-19.52,117.12,136.64,-48.8,-78.08,126.88,48.8,53.68,-78.08,-107.36,-39.04,-24.4
-39.04,117.12,156.16,-39.04,-97.6,136.64,39.04,48.8,-78.08,-102.48,-39.04,-24.4
-24.4,117.12,141.52,-43.92,-82.96,126.88,34.16,39.04,-82.96,-107.36,-48.8,-29.28
-9.76,126.88,136.64,-58.56,-73.2,131.76,24.4,29.28,-82.96,-97.6,-39.04,-19.52
0,151.28,151.28,-73.2,-78.08,151.28,29.28,24.4,-73.2,-87.84,-29.28,-4.88
14.64,175.68,161.04,-92.72,-73.2,165.92,29.28,34.16,-63.44,-78.08,-4.88,24.4
0,156.16,156.16,-78.08,-78.08,156.16,4.88,4.88,-87.84,-92.72,-19.52,19.52
-4.88,131.76,136.64,-63.44,-73.2,131.76,-24.4,-19.52,-107.36,-112.24,-29.28,14.64
-39.04,146.4,185.44,-53.68,-112.24,165.92,-24.4,-19.52,-112.24,-107.36,-9.76,29.28
-43.92,151.28,195.2,-53.68,-122,170.8,-24.4,-24.4,-107.36,-107.36,-9.76,29.28
-14.64,161.04,175.68,-73.2,-97.6,165.92,-24.4,-24.4,-117.12,-122,-29.28,19.52
-9.76,165.92,175.68,-78.08,-92.72,170.8,-34.16,-24.4,-117.12,-122,-43.92,9.76
-29.28,141.52,170.8,-53.68,-102.48,156.16,-29.28,-24.4,-117.12,-117.12,-43.92,9.76
-29.28,136.64,165.92,-53.68,-97.6,151.28,-24.4,-19.52,-117.12,-117.12,-43.92,4.88
-29.28,122,151.28,-43.92,-92.72,136.64,-34.16,-29.28,-122,-122,-39.04,0
-9.76,122,131.76,-53.68,-73.2,126.88,-43.92,-34.16,-141.52,-136.64,-53.68,-19.52
4.88,141.52,136.64,-73.2,-68.32,136.64,-34.16,-24.4,-136.64,-136.64,-48.8,-4.88
0,136.64,136.64,-68.32,-68.32,136.64,-19.52,-9.76,-122,-126.88,-34.16,9.76
-4.88,151.28,156.16,-73.2,-82.96,151.28,-14.64,-9.76,-122,-126.88,-34.16,14.64
0,161.04,161.04,-78.08,-82.96,161.04,-19.52,-14.64,-122,-131.76,-39.04,9.76
0,141.52,141.52,-68.32,-73.2,141.52,-24.4,-14.64,-131.76,-136.64,-39.04,0
-4.88,122,126.88,-58.56,-68.32,122,-14.64,-4.88,-126.88,-131.76,-48.8,0
-24.4,102.48,126.88,-39.04,-78.08,112.24,-4.88,0,-122,-131.76,-48.8,0
-24.4,97.6,122,-34.16,-73.2,107.36,-14.64,-9.76,-131.76,-146.4,-63.44,-9.76
-4.88,92.72,97.6,-43.92,-53.68,92.72,-24.4,-14.64,-141.52,-156.16,-68.32,-19.52
-19.52,68.32,87.84,-24.4,-53.68,78.08,-24.4,-19.52,-141.52,-156.16,-63.44,-19.52
-14.64,63.44,78.08,-24.4,-48.8,68.32,-19.52,-9.76,-146.4,-161.04,-73.2,-29.28
4.88,58.56,53.68,-29.28,-24.4,53.68,-14.64,-14.64,-146.4,-165.92,-87.84,-43.92
4.88,39.04,34.16,-19.52,-14.64,34.16,-19.52,-19.52,-161.04,-180.56,-112.24,-63.44
-4.88,34.16,39.04,-14.64,-24.4,34.16,-14.64,-9.76,-161.04,-185.44,-107.36,-68.32
-58.56,19.52,78.08,19.52,-68.32,48.8,4.88,9.76,-146.4,-175.68,-102.48,-58.56
-63.44,14.64,78.08,24.4,-73.2,43.92,9.76,14.64,-151.28,-180.56,-107.36,-58.56
-43.92,19.52,63.44,14.64,-53.68,39.04,19.52,19.52,-141.52,-175.68,-97.6,-63.44
-53.68,0,53.68,29.28,-53.68,24.4,14.64,24.4,-141.52,-175.68,-102.48,-63.44
-48.8,-4.88,43.92,29.28,-48.8,19.52,14.64,14.64,-151.28,-185.44,-112.24,-78.08
-34.16,-9.76,24.4,24.4,-29.28,4.88,9.76,14.64,-151.28,-185.44,-122,-82.96
-39.04,-24.4,14.64,34.16,-29.28,-4.88,9.76,14.64,-151.28,-195.2,-126.88,-87.84
-29.28,-14.64,14.64,24.4,-24.4,0,9.76,14.64,-156.16,-195.2,-122,-82.96
-14.64,-4.88,9.76,9.76,-14.64,0,0,4.88,-165.92,-204.96,-122,-87.84
-43.92,-9.76,34.16,29.28,-39.04,9.76,4.88,14.64,-156.16,-185.44,-112.24,-82.96
-14.64,0,14.64,9.76,-14.64,4.88,4.88,9.76,-156.16,-204.96,-122,-97.6
-43.92,-9.76,34.16,29.28,-39.04,9.76,4.88,14.64,-156.16,-190.32,-112.24,-92.72
-73.2,-9.76,63.44,43.92,-68.32,24.4,19.52,29.28,-136.64,-185.44,-112.24,-78.08
-34.16,0,34.16,19.52,-34.16,14.64,24.4,29.28,-141.52,-185.44,-117.12,-78.08
-34.16,-4.88,29.28,19.52,-34.16,9.76,24.4,34.16,-141.52,-180.56,-112.24,-68.32
-53.68,-9.76,43.92,34.16,-48.8,14.64,24.4,29.28,-136.64,-175.68,-102.48,-48.8
-73.2,-19.52,53.68,48.8,-63.44,14.64,34.16,43.92,-131.76,-180.56,-97.6,-43.92
-43.92,-14.64,29.28,29.28,-39.04,4.88,29.28,43.92,-131.76,-180.56,-107.36,-48.8
-43.92,-19.52,24.4,34.16,-34.16,0,29.28,34.16,-136.64,-190.32,-112.24,-58.56
-48.8,-24.4,24.4,39.04,-39.04,0,39.04,48.8,-131.76,-190.32,-122,-82.96
-43.92,-19.52,24.4,34.16,-34.16,0,34.16,48.8,-126.88,-190.32,-131.76,-97.6
-53.68,-24.4,29.28,39.04,-43.92,0,43.92,43.92,-122,-185.44,-131.76,-97.6
-29.28,-14.64,14.64,24.4,-24.4,0,34.16,39.04,-131.76,-195.2,-136.64,-97.6
-14.64,0,14.64,9.76,-14.64,4.88,39.04,43.92,-122,-185.44,-122,-87.84
-34.16,-9.76,24.4,24.4,-29.28,4.88,43.92,48.8,-126.88,-185.44,-117.12,-82.96
-34.16,-19.52,14.64,29.28,-24.4,-4.88,43.92,48.8,-131.76,-185.44,-126.88,-87.84
-43.92,-29.28,14.64,39.04,-29.28,-9.76,43.92,58.56,-122,-180.56,-117.12,-78.08
-87.84,-43.92,43.92,68.32,-68.32,0,48.8,58.56,-122,-175.68,-117.12,-68.32
-63.44,-39.04,24.4,53.68,-43.92,-9.76,43.92,53.68,-126.88,-180.56,-117.12,-73.2
-24.4,-43.92,-19.52,34.16,-4.88,-34.16,39.04,48.8,-126.88,-190.32,-122,-87.84
-39.04,-43.92,-4.88,43.92,-19.52,-24.4,39.04,48.8,-126.88,-190.32,-131.76,-82.96
-102.48,-29.28,73.2,68.32,-87.84,19.52,68.32,73.2,-102.48,-161.04,-92.72,-43.92
-87.84,-24.4,63.44,58.56,-78.08,19.52,63.44,68.32,-97.6,-161.04,-92.72,-43.92
-43.92,-24.4,19.52,34.16,-34.16,-4.88,58.56,63.44,-107.36,-175.68,-102.48,-63.44
-53.68,-14.64,39.04,34.16,-48.8,9.76,63.44,73.2,-97.6,-165.92,-92.72,-58.56
-43.92,-19.52,24.4,34.16,-34.16,0,53.68,58.56,-107.36,-175.68,-117.12,-87.84
-34.16,-14.64,19.52,24.4,-29.28,0,53.68,63.44,-107.36,-180.56,-126.88,-92.72
-48.8,-24.4,24.4,39.04,-39.04,0,63.44,68.32,-97.6,-175.68,-107.36,-78.08
-73.2,-29.28,43.92,53.68,-58.56,4.88,63.44,68.32,-102.48,-175.68,-112.24,-73.2
-53.68,-19.52,34.16,39.04,-43.92,4.88,58.56,63.44,-102.48,-175.68,-117.12,-73.2
-43.92,-19.52,24.4,34.16,-34.16,0,58.56,63.44,-97.6,-170.8,-112.24,-63.44
-39.04,-14.64,24.4,29.28,-34.16,4.88,68.32,73.2,-87.84,-161.04,-107.36,-53.68
-43.92,9.76,53.68,19.52,-48.8,29.28,73.2,82.96,-78.08,-151.28,-97.6,-48.8
-48.8,34.16,82.96,9.76,-68.32,58.56,68.32,78.08,-78.08,-151.28,-92.72,-43.92
-63.44,34.16,97.6,14.64,-82.96,63.44,82.96,87.84,-58.56,-136.64,-68.32,-29.28
-68.32,48.8,117.12,9.76,-92.72,82.96,92.72,97.6,-48.8,-131.76,-68.32,-34.16
-63.44,78.08,141.52,-4.88,-102.48,107.36,102.48,112.24,-29.28,-122,-63.44,-39.04
-39.04,122,161.04,-39.04,-102.48,141.52,112.24,117.12,0,-92.72,-34.16,-9.76
-24.4,117.12,141.52,-43.92,-82.96,126.88,117.12,126.88,43.92,-39.04,0,9.76
-58.56,87.84,146.4,-14.64,-102.48,117.12,151.28,161.04,131.76,39.04,53.68,53.68
-48.8,92.72,141.52,-19.52,-97.6,117.12,161.04,170.8,175.68,87.84,117.12,117.12
-29.28,97.6,126.88,-34.16,-78.08,112.24,141.52,151.28,200.08,136.64,190.32,200.08
4.88,136.64,131.76,-68.32,-63.44,131.76,97.6,107.36,204.96,234.24,326.96,322.08
48.8,209.84,161.04,-126.88,-58.56,185.44,24.4,39.04,175.68,366,531.92,497.76
126.88,287.92,161.04,-204.96,-19.52,224.48,-58.56,-48.8,122,502.64,736.88,702.72
209.84,370.88,161.04,-287.92,24.4,263.52,-151.28,-151.28,43.92,595.36,907.68,897.92
273.28,453.84,180.56,-361.12,43.92,317.2,-263.52,-258.64,-102.48,629.52,1063.84,1098
322.08,546.56,224.48,-434.32,48.8,385.52,-390.4,-385.52,-287.92,634.4,1190.72,1317.6
361.12,600.24,239.12,-478.24,58.56,419.68,-468.48,-463.6,-458.72,605.12,1263.92,1459.12
463.6,580.72,117.12,-522.16,170.8,346.48,-478.24,-473.36,-517.28,614.88,1254.16,1498.16
527.04,463.6,-63.44,-492.88,292.8,200.08,-429.44,-424.56,-512.4,678.32,1215.12,1464
561.2,307.44,-253.76,-434.32,405.04,24.4,-370.88,-361.12,-517.28,668.56,1112.64,1385.92
585.6,219.6,-366,-400.16,473.36,-73.2,-361.12,-356.24,-610,585.6,1019.92,1298.08
556.32,170.8,-385.52,-361.12,468.48,-107.36,-366,-356.24,-697.84,527.04,966.24,1215.12
497.76,122,-375.76,-307.44,434.32,-126.88,-307.44,-297.68,-736.88,507.52,912.56,1088.24
429.44,87.84,-341.6,-258.64,385.52,-126.88,-253.76,-248.88,-800.32,400.16,814.96,912.56
395.28,73.2,-322.08,-234.24,356.24,-126.88,-214.72,-214.72,-878.4,204.96,639.28,683.2
292.8,43.92,-248.88,-165.92,268.4,-102.48,-141.52,-131.76,-844.24,97.6,502.64,488
195.2,-14.64,-209.84,-87.84,200.08,-112.24,-48.8,-39.04,-795.44,-14.64,326.96,273.28
126.88,-58.56,-185.44,-34.16,156.16,-122,0,9.76,-800.32,-234.24,68.32,48.8
48.8,-53.68,-102.48,4.88,73.2,-78.08,43.92,58.56,-824.72,-458.72,-165.92,-117.12
-14.64,-29.28,-14.64,24.4,0,-24.4,78.08,87.84,-849.12,-634.4,-356.24,-219.6
-63.44,-43.92,19.52,53.68,-43.92,-14.64,78.08,87.84,-863.76,-727.12,-439.2,-263.52
-87.84,-78.08,9.76,82.96,-48.8,-34.16,78.08,87.84,-873.52,-751.52,-473.36,-278.16
-87.84,-112.24,-24.4,102.48,-34.16,-68.32,87.84,97.6,-883.28,-790.56,-522.16,-322.08
-126.88,-170.8,-43.92,151.28,-43.92,-107.36,48.8,48.8,-873.52,-785.68,-527.04,-341.6
-141.52,-190.32,-48.8,165.92,-48.8,-122,-19.52,-19.52,-849.12,-741.76,-507.52,-341.6
-141.52,-180.56,-39.04,161.04,-53.68,-112.24,-43.92,-43.92,-771.04,-678.32,-458.72,-307.44
-107.36,-131.76,-24.4,122,-43.92,-78.08,-53.68,-48.8,-658.8,-590.48,-390.4,-268.4
-92.72,-92.72,0,92.72,-48.8,-48.8,-24.4,-19.52,-531.92,-488,-317.2,-224.48
-78.08,-82.96,-4.88,82.96,-39.04,-43.92,-4.88,4.88,-429.44,-414.8,-283.04,-204.96
-48.8,-58.56,-9.76,53.68,-19.52,-34.16,19.52,29.28,-356.24,-361.12,-258.64,-185.44
-39.04,-29.28,9.76,34.16,-24.4,-9.76,58.56,63.44,-273.28,-292.8,-209.84,-141.52
-24.4,-29.28,-4.88,29.28,-9.76,-19.52,73.2,82.96,-190.32,-234.24,-175.68,-117.12
0,-29.28,-29.28,14.64,14.64,-29.28,87.84,97.6,-122,-185.44,-151.28,-102.48
-43.92,-43.92,0,43.92,-24.4,-24.4,112.24,117.12,-48.8,-122,-122,-78.08
-97.6,-39.04,58.56,68.32,-78.08,9.76,151.28,156.16,29.28,-63.44,-73.2,-43.92
-34.16,-24.4,9.76,29.28,-24.4,-9.76,146.4,151.28,58.56,-48.8,-78.08,-48.8
-53.68,-34.16,19.52,43.92,-39.04,-9.76,151.28,151.28,73.2,-43.92,-68.32,-48.8
-43.92,-34.16,9.76,39.04,-29.28,-14.64,141.52,151.28,73.2,-43.92,-73.2,-53.68
4.88,-19.52,-24.4,9.76,14.64,-24.4,131.76,136.64,73.2,-48.8,-82.96,-63.44
-9.76,-24.4,-14.64,19.52,0,-19.52,141.52,151.28,87.84,-34.16,-78.08,-53.68
-29.28,-9.76,19.52,19.52,-24.4,4.88,146.4,161.04,102.48,-24.4,-73.2,-43.92
-53.68,-4.88,48.8,29.28,-53.68,19.52,146.4,156.16,107.36,-9.76,-68.32,-34.16
-34.16,-4.88,29.28,19.52,-34.16,9.76,141.52,151.28,112.24,-4.88,-58.56,-29.28
-29.28,-9.76,19.52,19.52,-24.4,4.88,151.28,156.16,122,4.88,-48.8,-14.64
-39.04,-29.28,9.76,34.16,-24.4,-9.76,146.4,146.4,126.88,4.88,-48.8,-19.52
-43.92,-34.16,9.76,39.04,-29.28,-14.64,151.28,156.16,141.52,14.64,-43.92,-14.64
-24.4,-19.52,4.88,24.4,-14.64,-9.76,146.4,151.28,131.76,9.76,-48.8,-29.28
-14.64,-14.64,0,14.64,-9.76,-9.76,136.64,146.4,131.76,0,-53.68,-34.16
-39.04,-29.28,9.76,34.16,-24.4,-9.76,141.52,146.4,151.28,14.64,-43.92,-29.28
-48.8,-29.28,19.52,39.04,-34.16,-4.88,141.52,146.4,156.16,19.52,-43.92,-43.92
-39.04,-24.4,14.64,34.16,-29.28,-4.88,136.64,146.4,156.16,19.52,-48.8,-53.68
-14.64,0,14.64,9.76,-14.64,4.88,141.52,151.28,170.8,29.28,-29.28,-29.28
-14.64,-4.88,9.76,9.76,-14.64,0,141.52,146.4,170.8,34.16,-29.28,-29.28
-24.4,-14.64,9.76,19.52,-19.52,-4.88,156.16,156.16,180.56,43.92,-19.52,-19.52
0,0,0,0,0,0,156.16,161.04,185.44,48.8,-14.64,-9.76
-9.76,0,9.76,4.88,-9.76,4.88,161.04,170.8,195.2,53.68,-14.64,-9.76
-29.28,-9.76,19.52,19.52,-24.4,4.88,165.92,170.8,190.32,43.92,-24.4,-24.4
-34.16,-24.4,9.76,29.28,-24.4,-9.76,156.16,161.04,180.56,29.28,-43.92,-34.16
-19.52,-14.64,4.88,19.52,-14.64,-4.88,146.4,161.04,185.44,34.16,-43.92,-29.28
-19.52,-9.76,9.76,14.64,-14.64,0,146.4,161.04,195.2,43.92,-34.16,-29.28
-29.28,-14.64,14.64,24.4,-24.4,0,146.4,156.16,195.2,53.68,-19.52,-14.64
-4.88,-9.76,-4.88,9.76,0,-9.76,146.4,151.28,204.96,58.56,-14.64,-9.76
-4.88,-14.64,-9.76,9.76,0,-14.64,141.52,151.28,204.96,63.44,-14.64,-19.52
0,-19.52,-19.52,9.76,9.76,-19.52,146.4,151.28,209.84,58.56,-19.52,-39.04
19.52,-14.64,-34.16,0,24.4,-24.4,146.4,151.28,209.84,63.44,-19.52,-34.16
-4.88,-4.88,0,4.88,-4.88,-4.88,151.28,156.16,219.6,73.2,-14.64,-29.28
-24.4,4.88,29.28,9.76,-29.28,14.64,175.68,180.56,239.12,87.84,-4.88,-14.64
4.88,0,-4.88,0,4.88,-4.88,165.92,165.92,234.24,82.96,-14.64,-19.52
-14.64,-4.88,9.76,9.76,-14.64,0,156.16,165.92,258.64,92.72,-4.88,-4.88
14.64,4.88,-9.76,-9.76,9.76,-4.88,146.4,156.16,268.4,87.84,-9.76,-14.64
9.76,-9.76,-19.52,0,14.64,-14.64,151.28,161.04,278.16,97.6,-4.88,-9.76
-29.28,-29.28,0,29.28,-14.64,-14.64,156.16,170.8,292.8,112.24,4.88,0
-39.04,-24.4,14.64,34.16,-29.28,-4.88,156.16,165.92,297.68,112.24,4.88,-9.76
-34.16,-34.16,0,34.16,-19.52,-19.52,146.4,151.28,297.68,112.24,-4.88,-24.4
-29.28,-14.64,14.64,24.4,-24.4,0,161.04,170.8,322.08,131.76,9.76,-9.76
0,0,0,0,0,0,165.92,170.8,322.08,126.88,9.76,-4.88
0,-14.64,-14.64,9.76,4.88,-14.64,165.92,165.92,322.08,117.12,4.88,-14.64
4.88,-9.76,-14.64,4.88,9.76,-14.64,161.04,161.04,322.08,117.12,-4.88,-14.64
-9.76,-19.52,-9.76,14.64,0,-14.64,156.16,161.04,322.08,112.24,-4.88,-19.52
-14.64,-14.64,0,14.64,-9.76,-9.76,146.4,151.28,326.96,122,0,-14.64
-4.88,-9.76,-4.88,9.76,0,-9.76,146.4,156.16,341.6,141.52,19.52,0
-4.88,-14.64,-9.76,9.76,0,-14.64,146.4,156.16,351.36,146.4,24.4,-4.88
9.76,-19.52,-29.28,4.88,19.52,-24.4,141.52,146.4,356.24,156.16,29.28,-9.76
9.76,-9.76,-19.52,0,14.64,-14.64,156.16,161.04,366,161.04,29.28,-4.88
-4.88,-19.52,-14.64,14.64,4.88,-19.52,156.16,156.16,366,161.04,34.16,-9.76
0,-14.64,-14.64,9.76,4.88,-14.64,165.92,165.92,380.64,175.68,48.8,0
-9.76,-14.64,-4.88,14.64,-4.88,-9.76,170.8,180.56,390.4,180.56,48.8,4.88
9.76,-4.88,-14.64,0,9.76,-9.76,165.92,170.8,390.4,175.68,34.16,0
29.28,4.88,-24.4,-14.64,24.4,-9.76,156.16,165.92,390.4,185.44,29.28,-9.76
19.52,-14.64,-34.16,0,24.4,-24.4,151.28,165.92,395.28,185.44,24.4,-14.64
-4.88,-24.4,-19.52,14.64,4.88,-24.4,161.04,170.8,409.92,200.08,34.16,0
0,0,0,0,0,0,156.16,161.04,414.8,200.08,39.04,0
0,-9.76,-9.76,4.88,4.88,-9.76,151.28,151.28,409.92,204.96,39.04,-19.52
14.64,-9.76,-24.4,0,19.52,-19.52,156.16,161.04,424.56,214.72,48.8,-14.64
24.4,-24.4,-48.8,0,34.16,-39.04,161.04,161.04,429.44,219.6,58.56,4.88
9.76,-9.76,-19.52,0,14.64,-14.64,175.68,175.68,448.96,234.24,68.32,19.52
19.52,9.76,-9.76,-14.64,14.64,0,185.44,190.32,453.84,244,73.2,24.4
14.64,-4.88,-19.52,-4.88,14.64,-14.64,185.44,190.32,458.72,244,68.32,24.4
34.16,-4.88,-39.04,-14.64,34.16,-24.4,175.68,180.56,463.6,248.88,63.44,14.64
73.2,14.64,-58.56,-43.92,63.44,-24.4,165.92,175.68,463.6,253.76,63.44,9.76
24.4,-14.64,-39.04,-4.88,29.28,-29.28,165.92,175.68,468.48,258.64,78.08,14.64
-4.88,-9.76,-4.88,9.76,0,-9.76,185.44,190.32,492.88,287.92,97.6,34.16
-4.88,0,4.88,4.88,-4.88,0,180.56,190.32,497.76,292.8,107.36,43.92
14.64,0,-14.64,-4.88,14.64,-9.76,180.56,185.44,502.64,297.68,107.36,53.68
29.28,-9.76,-39.04,-9.76,34.16,-24.4,175.68,180.56,507.52,297.68,107.36,43.92
29.28,-9.76,-39.04,-9.76,34.16,-24.4,180.56,185.44,517.28,302.56,102.48,39.04
58.56,4.88,-53.68,-29.28,53.68,-24.4,175.68,185.44,517.28,307.44,92.72,24.4
39.04,0,-39.04,-19.52,39.04,-19.52,195.2,200.08,531.92,322.08,102.48,29.28
-9.76,-4.88,4.88,9.76,-9.76,0,200.08,204.96,561.2,351.36,126.88,39.04
19.52,9.76,-9.76,-14.64,14.64,0,190.32,200.08,561.2,346.48,112.24,34.16
24.4,4.88,-19.52,-14.64,19.52,-9.76,190.32,190.32,570.96,361.12,126.88,43.92
34.16,9.76,-24.4,-19.52,29.28,-9.76,195.2,195.2,580.72,380.64,131.76,48.8
48.8,14.64,-34.16,-29.28,39.04,-9.76,185.44,185.44,585.6,385.52,141.52,43.92
39.04,19.52,-19.52,-29.28,29.28,0,200.08,204.96,610,409.92,161.04,63.44
43.92,24.4,-19.52,-34.16,29.28,0,195.2,204.96,610,414.8,161.04,68.32
43.92,4.88,-39.04,-24.4,39.04,-19.52,185.44,190.32,614.88,419.68,161.04,63.44
43.92,-4.88,-48.8,-19.52,43.92,-29.28,180.56,185.44,614.88,419.68,156.16,53.68
73.2,9.76,-63.44,-39.04,68.32,-29.28,180.56,195.2,624.64,424.56,161.04,63.44
73.2,29.28,-43.92,-48.8,58.56,-9.76,190.32,200.08,649.04,448.96,180.56,73.2
53.68,29.28,-24.4,-39.04,39.04,0,195.2,200.08,663.68,463.6,190.32,78.08
53.68,39.04,-14.64,-43.92,34.16,9.76,204.96,204.96,678.32,492.88,219.6,102.48
92.72,34.16,-58.56,-63.44,73.2,-14.64,190.32,190.32,688.08,502.64,224.48,107.36
82.96,29.28,-53.68,-53.68,68.32,-14.64,195.2,195.2,692.96,512.4,229.36,112.24
39.04,19.52,-19.52,-29.28,29.28,0,209.84,214.72,717.36,541.68,253.76,126.88
39.04,9.76,-29.28,-24.4,34.16,-9.76,204.96,209.84,722.24,551.44,253.76,122
58.56,14.64,-43.92,-34.16,48.8,-14.64,200.08,200.08,732,556.32,253.76,107.36
68.32,19.52,-48.8,-43.92,58.56,-14.64,190.32,195.2,732,556.32,248.88,102.48
73.2,24.4,-48.8,-48.8,58.56,-14.64,180.56,185.44,717.36,551.44,244,97.6
87.84,43.92,-43.92,-63.44,63.44,0,175.68,185.44,732,561.2,248.88,97.6
73.2,48.8,-24.4,-58.56,48.8,9.76,180.56,190.32,746.64,580.72,253.76,92.72
78.08,43.92,-34.16,-58.56,53.68,4.88,180.56,185.44,751.52,595.36,263.52,92.72
92.72,53.68,-39.04,-73.2,63.44,4.88,175.68,180.56,761.28,610,278.16,107.36
78.08,53.68,-24.4,-63.44,48.8,14.64,170.8,180.56,761.28,619.76,292.8,122
107.36,73.2,-34.16,-87.84,68.32,19.52,185.44,185.44,775.92,644.16,302.56,146.4
117.12,82.96,-34.16,-97.6,73.2,24.4,190.32,195.2,790.56,653.92,326.96,165.92
107.36,73.2,-34.16,-87.84,68.32,19.52,185.44,185.44,785.68,649.04,326.96,170.8
136.64,68.32,-68.32,-102.48,102.48,0,161.04,165.92,771.04,639.28,312.32,156.16
107.36,58.56,-48.8,-82.96,78.08,4.88,156.16,161.04,766.16,639.28,312.32,156.16
82.96,48.8,-34.16,-63.44,58.56,4.88,156.16,161.04,771.04,649.04,326.96,165.92
87.84,58.56,-29.28,-73.2,58.56,14.64,151.28,151.28,771.04,653.92,326.96,170.8
82.96,63.44,-19.52,-73.2,48.8,19.52,141.52,146.4,766.16,663.68,331.84,170.8
92.72,68.32,-24.4,-78.08,58.56,19.52,141.52,151.28,771.04,673.44,336.72,170.8
87.84,48.8,-39.04,-68.32,63.44,4.88,146.4,151.28,775.92,683.2,351.36,175.68
112.24,53.68,-58.56,-82.96,82.96,-4.88,146.4,151.28,766.16,683.2,346.48,165.92
117.12,78.08,-39.04,-97.6,78.08,19.52,136.64,146.4,766.16,683.2,341.6,156.16
102.48,78.08,-24.4,-87.84,63.44,24.4,126.88,136.64,761.28,673.44,331.84,151.28
92.72,68.32,-24.4,-78.08,58.56,19.52,126.88,131.76,751.52,673.44,331.84,151.28
87.84,73.2,-14.64,-78.08,48.8,29.28,126.88,131.76,751.52,673.44,336.72,161.04
78.08,68.32,-9.76,-73.2,43.92,29.28,122,126.88,751.52,678.32,341.6,175.68
92.72,78.08,-14.64,-82.96,53.68,29.28,117.12,122,741.76,678.32,351.36,180.56
122,78.08,-43.92,-97.6,82.96,14.64,112.24,112.24,736.88,673.44,356.24,175.68
117.12,73.2,-43.92,-92.72,78.08,14.64,97.6,102.48,722.24,678.32,351.36,175.68
102.48,73.2,-29.28,-87.84,63.44,19.52,92.72,97.6,712.48,678.32,346.48,180.56
78.08,73.2,-4.88,-73.2,39.04,34.16,102.48,97.6,717.36,683.2,356.24,190.32
82.96,78.08,-4.88,-78.08,43.92,34.16,102.48,102.48,722.24,683.2,361.12,195.2
82.96,68.32,-14.64,-73.2,48.8,24.4,87.84,87.84,702.72,668.56,356.24,185.44
107.36,82.96,-24.4,-92.72,63.44,29.28,78.08,78.08,678.32,653.92,346.48,175.68
146.4,97.6,-48.8,-122,97.6,24.4,73.2,73.2,658.8,634.4,336.72,161.04
126.88,92.72,-34.16,-107.36,78.08,29.28,68.32,68.32,649.04,624.64,331.84,161.04
102.48,78.08,-24.4,-87.84,63.44,24.4,53.68,53.68,629.52,614.88,317.2,151.28
82.96,73.2,-9.76,-78.08,43.92,29.28,48.8,53.68,614.88,595.36,307.44,156.16
58.56,63.44,4.88,-58.56,24.4,34.16,43.92,48.8,585.6,580.72,297.68,161.04
58.56,68.32,9.76,-63.44,24.4,39.04,39.04,39.04,580.72,566.08,302.56,165.92
68.32,73.2,4.88,-68.32,29.28,39.04,39.04,39.04,566.08,561.2,297.68,175.68
73.2,73.2,0,-73.2,34.16,34.16,29.28,29.28,546.56,536.8,297.68,175.68
78.08,102.48,24.4,-87.84,24.4,63.44,24.4,29.28,522.16,517.28,287.92,165.92
68.32,87.84,19.52,-78.08,24.4,53.68,19.52,19.52,492.88,488,278.16,161.04
53.68,102.48,48.8,-78.08,0,73.2,14.64,19.52,483.12,468.48,273.28,175.68
39.04,102.48,63.44,-68.32,-14.64,82.96,9.76,9.76,453.84,444.08,263.52,165.92
48.8,97.6,48.8,-73.2,0,73.2,4.88,9.76,429.44,419.68,253.76,161.04
78.08,112.24,34.16,-92.72,19.52,73.2,0,-4.88,409.92,400.16,253.76,156.16
63.44,102.48,39.04,-82.96,9.76,68.32,-9.76,-9.76,380.64,375.76,234.24,151.28
48.8,97.6,48.8,-73.2,0,73.2,-14.64,-14.64,366,346.48,224.48,146.4
58.56,102.48,43.92,-78.08,4.88,73.2,-14.64,-14.64,341.6,322.08,209.84,131.76
48.8,87.84,39.04,-68.32,4.88,63.44,-4.88,-4.88,326.96,297.68,204.96,122
14.64,78.08,63.44,-43.92,-24.4,68.32,0,0,317.2,283.04,190.32,122
19.52,78.08,58.56,-48.8,-19.52,68.32,-14.64,-14.64,278.16,244,165.92,97.6
34.16,73.2,39.04,-53.68,-4.88,53.68,-29.28,-29.28,248.88,214.72,136.64,82.96
34.16,92.72,58.56,-63.44,-14.64,73.2,-19.52,-24.4,239.12,204.96,146.4,97.6
39.04,102.48,63.44,-68.32,-14.64,82.96,-19.52,-19.52,224.48,190.32,146.4,102.48
43.92,92.72,48.8,-68.32,-4.88,68.32,-24.4,-24.4,204.96,165.92,126.88,92.72
24.4,68.32,43.92,-43.92,-9.76,53.68,-29.28,-29.28,185.44,141.52,112.24,92.72
9.76,48.8,39.04,-29.28,-14.64,43.92,-34.16,-29.28,170.8,122,92.72,82.96
-4.88,68.32,73.2,-29.28,-39.04,68.32,-19.52,-14.64,170.8,112.24,82.96,82.96
-14.64,58.56,73.2,-19.52,-43.92,63.44,-14.64,-9.76,161.04,97.6,73.2,78.08
-9.76,48.8,58.56,-19.52,-34.16,53.68,-14.64,-9.76,136.64,73.2,48.8,58.56
-14.64,53.68,68.32,-19.52,-43.92,58.56,-4.88,-4.88,136.64,63.44,39.04,53.68
-34.16,53.68,87.84,-9.76,-63.44,68.32,0,-4.88,136.64,58.56,39.04,53.68
4.88,48.8,43.92,-24.4,-19.52,43.92,-9.76,-14.64,112.24,24.4,19.52,24.4
9.76,39.04,29.28,-24.4,-9.76,34.16,-9.76,-9.76,102.48,14.64,14.64,19.52
-24.4,39.04,63.44,-4.88,-43.92,48.8,0,0,97.6,14.64,14.64,24.4
4.88,48.8,43.92,-24.4,-19.52,43.92,-9.76,-4.88,92.72,9.76,4.88,24.4
14.64,39.04,24.4,-24.4,-4.88,29.28,-9.76,-4.88,82.96,-4.88,-4.88,9.76
-24.4,19.52,43.92,4.88,-34.16,29.28,0,0,82.96,-4.88,-4.88,4.88
-34.16,14.64,48.8,9.76,-43.92,29.28,9.76,4.88,82.96,-4.88,-4.88,4.88
-19.52,-9.76,9.76,14.64,-14.64,0,-4.88,-9.76,58.56,-29.28,-29.28,-19.52
-24.4,-14.64,9.76,19.52,-19.52,-4.88,0,-4.88,53.68,-34.16,-34.16,-24.4
-9.76,4.88,14.64,4.88,-14.64,9.76,0,0,58.56,-39.04,-29.28,-14.64
-29.28,-9.76,19.52,19.52,-24.4,4.88,4.88,4.88,63.44,-39.04,-34.16,-14.64
-39.04,-4.88,34.16,24.4,-39.04,14.64,14.64,14.64,68.32,-39.04,-34.16,-19.52
-53.68,-4.88,48.8,29.28,-53.68,19.52,14.64,14.64,63.44,-34.16,-39.04,-19.52
-43.92,-4.88,39.04,24.4,-43.92,14.64,9.76,14.64,58.56,-39.04,-39.04,-29.28
-24.4,0,24.4,14.64,-24.4,9.76,19.52,14.64,63.44,-34.16,-34.16,-24.4
-29.28,-4.88,24.4,19.52,-29.28,9.76,19.52,19.52,58.56,-34.16,-24.4,-19.52
-9.76,4.88,14.64,4.88,-14.64,9.76,14.64,9.76,53.68,-43.92,-29.28,-19.52
-4.88,-4.88,0,4.88,-4.88,-4.88,24.4,19.52,53.68,-39.04,-24.4,-9.76
-14.64,-19.52,-4.88,19.52,-4.88,-14.64,9.76,14.64,43.92,-58.56,-43.92,-29.28
-39.04,-24.4,14.64,34.16,-29.28,-4.88,24.4,29.28,48.8,-58.56,-43.92,-29.28
-39.04,-24.4,14.64,34.16,-29.28,-4.88,29.28,29.28,53.68,-58.56,-43.92,-34.16
-19.52,-19.52,0,19.52,-9.76,-9.76,14.64,14.64,39.04,-63.44,-53.68,-39.04
-29.28,-19.52,9.76,24.4,-19.52,-4.88,14.64,14.64,43.92,-58.56,-53.68,-39.04
-34.16,-14.64,19.52,24.4,-29.28,0,29.28,24.4,58.56,-48.8,-43.92,-29.28
-48.8,-9.76,39.04,29.28,-43.92,14.64,48.8,43.92,73.2,-34.16,-29.28,-24.4
-29.28,-9.76,19.52,19.52,-24.4,4.88,53.68,48.8,68.32,-29.28,-34.16,-29.28
-43.92,-19.52,24.4,34.16,-34.16,0,43.92,39.04,63.44,-39.04,-43.92,-29.28
-48.8,-34.16,14.64,43.92,-34.16,-9.76,43.92,43.92,58.56,-48.8,-48.8,-29.28
-19.52,-39.04,-19.52,29.28,0,-29.28,39.04,43.92,58.56,-58.56,-58.56,-34.16
-9.76,-29.28,-19.52,19.52,4.88,-24.4,34.16,39.04,53.68,-53.68,-53.68,-34.16
-24.4,-19.52,4.88,24.4,-14.64,-9.76,39.04,43.92,63.44,-43.92,-43.92,-24.4
-24.4,-24.4,0,24.4,-14.64,-14.64,39.04,39.04,58.56,-48.8,-43.92,-34.16
0,-29.28,-29.28,14.64,14.64,-29.28,34.16,34.16,48.8,-58.56,-53.68,-48.8
-19.52,-24.4,-4.88,24.4,-9.76,-14.64,43.92,43.92,53.68,-48.8,-39.04,-34.16
-82.96,-29.28,53.68,58.56,-68.32,9.76,63.44,63.44,78.08,-29.28,-29.28,-24.4
-48.8,-9.76,39.04,29.28,-43.92,14.64,58.56,63.44,78.08,-34.16,-34.16,-34.16
-9.76,-14.64,-4.88,14.64,-4.88,-9.76,48.8,58.56,68.32,-39.04,-53.68,-48.8
-29.28,-34.16,-4.88,34.16,-14.64,-19.52,43.92,53.68,63.44,-43.92,-58.56,-53.68
-19.52,-24.4,-4.88,24.4,-9.76,-14.64,48.8,53.68,68.32,-43.92,-53.68,-53.68
-4.88,-24.4,-19.52,14.64,4.88,-24.4,48.8,48.8,63.44,-43.92,-48.8,-43.92
-14.64,-29.28,-14.64,24.4,0,-24.4,48.8,48.8,68.32,-39.04,-48.8,-43.92
-48.8,-29.28,19.52,39.04,-34.16,-4.88,58.56,63.44,78.08,-24.4,-39.04,-39.04
-48.8,-48.8,0,48.8,-24.4,-24.4,48.8,53.68,63.44,-34.16,-58.56,-58.56
-43.92,-48.8,-4.88,48.8,-19.52,-29.28,58.56,63.44,78.08,-14.64,-39.04,-43.92
-48.8,-43.92,4.88,48.8,-29.28,-19.52,58.56,63.44,82.96,-9.76,-34.16,-34.16
-14.64,-29.28,-14.64,24.4,0,-24.4,48.8,53.68,63.44,-24.4,-48.8,-48.8
-4.88,-19.52,-14.64,14.64,4.88,-19.52,63.44,63.44,73.2,-19.52,-34.16,-39.04
-34.16,-19.52,14.64,29.28,-24.4,-4.88,68.32,68.32,87.84,-9.76,-24.4,-29.28
-19.52,-29.28,-9.76,24.4,-4.88,-19.52,58.56,58.56,73.2,-24.4,-48.8,-48.8
0,-24.4,-24.4,14.64,9.76,-24.4,63.44,68.32,73.2,-24.4,-53.68,-53.68
14.64,-24.4,-39.04,4.88,24.4,-34.16,53.68,58.56,63.44,-34.16,-68.32,-68.32
-19.52,-24.4,-4.88,24.4,-9.76,-14.64,58.56,68.32,68.32,-29.28,-58.56,-58.56
-48.8,-24.4,24.4,39.04,-39.04,0,73.2,73.2,78.08,-19.52,-39.04,-43.92
-29.28,-29.28,0,29.28,-14.64,-14.64,63.44,63.44,78.08,-19.52,-39.04,-43.92
-4.88,-19.52,-14.64,14.64,4.88,-19.52,73.2,73.2,82.96,-9.76,-24.4,-34.16
-4.88,-24.4,-19.52,14.64,4.88,-24.4,68.32,68.32,82.96,-14.64,-29.28,-34.16
-19.52,-34.16,-14.64,29.28,-4.88,-24.4,78.08,78.08,78.08,-14.64,-34.16,-29.28
-29.28,-24.4,4.88,29.28,-19.52,-9.76,78.08,78.08,78.08,-14.64,-39.04,-29.28
-48.8,-24.4,24.4,39.04,-39.04,0,87.84,82.96,82.96,-9.76,-29.28,-24.4
-34.16,-24.4,9.76,29.28,-24.4,-9.76,82.96,82.96,78.08,-9.76,-29.28,-29.28
-9.76,-24.4,-14.64,19.52,0,-19.52,63.44,63.44,73.2,-19.52,-34.16,-43.92
-24.4,-9.76,14.64,19.52,-19.52,0,73.2,68.32,87.84,-9.76,-29.28,-34.16
-48.8,-19.52,29.28,34.16,-39.04,4.88,82.96,82.96,97.6,0,-14.64,-24.4
-39.04,-29.28,9.76,34.16,-24.4,-9.76,63.44,63.44,82.96,-9.76,-29.28,-39.04
-24.4,-29.28,-4.88,29.28,-9.76,-19.52,68.32,63.44,78.08,-14.64,-39.04,-43.92
-19.52,-29.28,-9.76,24.4,-4.88,-19.52,68.32,63.44,73.2,-14.64,-39.04,-48.8
-39.04,-43.92,-4.88,43.92,-19.52,-24.4,73.2,68.32,73.2,-14.64,-34.16,-39.04
-43.92,-34.16,9.76,39.04,-29.28,-14.64,78.08,78.08,82.96,-4.88,-29.28,-34.16
-39.04,-34.16,4.88,39.04,-24.4,-14.64,68.32,73.2,73.2,-19.52,-34.16,-48.8
-43.92,-34.16,9.76,39.04,-29.28,-14.64,63.44,68.32,73.2,-19.52,-34.16,-48.8
-19.52,-19.52,0,19.52,-9.76,-9.76,63.44,68.32,68.32,-19.52,-34.16,-48.8
-19.52,-19.52,0,19.52,-9.76,-9.76,53.68,58.56,63.44,-19.52,-34.16,-43.92
-19.52,-29.28,-9.76,24.4,-4.88,-19.52,43.92,53.68,58.56,-29.28,-39.04,-48.8
-4.88,-19.52,-14.64,14.64,4.88,-19.52,48.8,53.68,63.44,-24.4,-34.16,-39.04
-14.64,-14.64,0,14.64,-9.76,-9.76,58.56,68.32,73.2,-14.64,-24.4,-24.4
-9.76,-14.64,-4.88,14.64,-4.88,-9.76,48.8,53.68,63.44,-24.4,-29.28,-29.28
-29.28,-29.28,0,29.28,-14.64,-14.64,53.68,58.56,58.56,-24.4,-34.16,-34.16
-43.92,-53.68,-9.76,48.8,-19.52,-34.16,53.68,58.56,63.44,-19.52,-34.16,-29.28
-14.64,-43.92,-29.28,29.28,4.88,-39.04,53.68,58.56,48.8,-34.16,-39.04,-29.28
-19.52,-53.68,-34.16,39.04,4.88,-43.92,53.68,53.68,48.8,-39.04,-43.92,-34.16
-53.68,-48.8,4.88,53.68,-29.28,-24.4,53.68,53.68,48.8,-34.16,-34.16,-29.28
-39.04,-48.8,-9.76,43.92,-14.64,-29.28,53.68,53.68,48.8,-29.28,-29.28,-34.16
-9.76,-34.16,-24.4,24.4,4.88,-29.28,48.8,48.8,43.92,-34.16,-34.16,-39.04
4.88,-29.28,-34.16,14.64,19.52,-34.16,39.04,39.04,43.92,-29.28,-29.28,-34.16
-4.88,-29.28,-24.4,19.52,9.76,-29.28,39.04,43.92,39.04,-29.28,-29.28,-29.28
-24.4,-34.16,-9.76,29.28,-9.76,-24.4,48.8,53.68,43.92,-29.28,-29.28,-29.28
-29.28,-39.04,-9.76,34.16,-9.76,-24.4,53.68,53.68,39.04,-34.16,-34.16,-34.16
-39.04,-39.04,0,39.04,-19.52,-19.52,39.04,43.92,24.4,-48.8,-53.68,-48.8
-34.16,-24.4,9.76,29.28,-24.4,-9.76,43.92,48.8,39.04,-43.92,-53.68,-43.92
-29.28,-29.28,0,29.28,-14.64,-14.64,48.8,48.8,43.92,-34.16,-43.92,-43.92
-43.92,-43.92,0,43.92,-24.4,-24.4,39.04,39.04,24.4,-48.8,-53.68,-43.92
-29.28,-48.8,-19.52,39.04,-4.88,-34.16,34.16,34.16,19.52,-48.8,-53.68,-48.8
-34.16,-39.04,-4.88,39.04,-14.64,-24.4,39.04,39.04,24.4,-43.92,-43.92,-43.92
-29.28,-29.28,0,29.28,-14.64,-14.64,34.16,39.04,19.52,-43.92,-39.04,-43.92
9.76,-29.28,-39.04,9.76,24.4,-34.16,24.4,24.4,4.88,-58.56,-53.68,-48.8
-14.64,-53.68,-39.04,34.16,9.76,-48.8,29.28,39.04,9.76,-53.68,-43.92,-43.92
-24.4,-43.92,-19.52,34.16,-4.88,-34.16,43.92,39.04,19.52,-48.8,-39.04,-39.04
-14.64,-29.28,-14.64,24.4,0,-24.4,34.16,29.28,9.76,-58.56,-48.8,-53.68
-9.76,-34.16,-24.4,24.4,4.88,-29.28,29.28,19.52,0,-68.32,-58.56,-53.68
-48.8,-53.68,-4.88,53.68,-24.4,-29.28,39.04,39.04,9.76,-58.56,-48.8,-48.8
-78.08,-68.32,9.76,73.2,-43.92,-29.28,43.92,39.04,0,-58.56,-48.8,-39.04
-43.92,-68.32,-24.4,58.56,-9.76,-48.8,24.4,24.4,-14.64,-68.32,-63.44,-48.8
-39.04,-58.56,-19.52,48.8,-9.76,-39.04,29.28,29.28,-9.76,-63.44,-53.68,-39.04
-39.04,-43.92,-4.88,43.92,-19.52,-24.4,34.16,34.16,-4.88,-53.68,-39.04,-24.4
-24.4,-24.4,0,24.4,-14.64,-14.64,43.92,39.04,4.88,-43.92,-29.28,-4.88
-39.04,-43.92,-4.88,43.92,-19.52,-24.4,34.16,29.28,-9.76,-58.56,-48.8,-24.4
-39.04,-58.56,-19.52,48.8,-9.76,-39.04,29.28,29.28,-9.76,-68.32,-48.8,-29.28
-19.52,-39.04,-19.52,29.28,0,-29.28,34.16,29.28,-9.76,-68.32,-48.8,-34.16
-9.76,-34.16,-24.4,24.4,4.88,-29.28,34.16,34.16,-14.64,-73.2,-63.44,-48.8
-4.88,-39.04,-34.16,24.4,14.64,-39.04,39.04,34.16,-14.64,-73.2,-68.32,-53.68
-19.52,-39.04,-19.52,29.28,0,-29.28,34.16,34.16,-14.64,-73.2,-73.2,-58.56
-43.92,-58.56,-14.64,53.68,-14.64,-39.04,24.4,14.64,-29.28,-82.96,-82.96,-68.32
-19.52,-43.92,-24.4,34.16,0,-34.16,24.4,14.64,-34.16,-87.84,-82.96,-68.32
-24.4,-39.04,-14.64,34.16,-4.88,-29.28,29.28,29.28,-19.52,-63.44,-58.56,-53.68
-29.28,-39.04,-9.76,34.16,-9.76,-24.4,34.16,34.16,-14.64,-53.68,-43.92,-34.16
-14.64,-29.28,-14.64,24.4,0,-24.4,29.28,29.28,-24.4,-68.32,-48.8,-39.04
-19.52,-43.92,-24.4,34.16,0,-34.16,39.04,34.16,-24.4,-78.08,-53.68,-43.92
-24.4,-58.56,-34.16,43.92,4.88,-48.8,34.16,29.28,-29.28,-78.08,-63.44,-43.92
-19.52,-53.68,-34.16,39.04,4.88,-43.92,29.28,19.52,-34.16,-82.96,-58.56,-39.04
-9.76,-48.8,-39.04,29.28,14.64,-43.92,24.4,14.64,-34.16,-87.84,-63.44,-48.8
14.64,-48.8,-63.44,19.52,39.04,-58.56,19.52,9.76,-39.04,-92.72,-73.2,-58.56
-9.76,-53.68,-43.92,34.16,14.64,-48.8,14.64,14.64,-48.8,-92.72,-73.2,-63.44
-29.28,-63.44,-34.16,48.8,0,-48.8,19.52,19.52,-39.04,-87.84,-68.32,-58.56
-29.28,-63.44,-34.16,48.8,0,-48.8,14.64,14.64,-43.92,-82.96,-68.32,-58.56
-29.28,-63.44,-34.16,48.8,0,-48.8,19.52,14.64,-48.8,-82.96,-73.2,-53.68
-24.4,-73.2,-48.8,48.8,9.76,-63.44,14.64,9.76,-53.68,-87.84,-78.08,-53.68
-29.28,-68.32,-39.04,48.8,4.88,-53.68,29.28,24.4,-39.04,-73.2,-53.68,-29.28
-29.28,-48.8,-19.52,39.04,-4.88,-34.16,43.92,39.04,-24.4,-58.56,-43.92,-14.64
-4.88,-39.04,-34.16,24.4,14.64,-39.04,39.04,29.28,-39.04,-73.2,-53.68,-19.52
-24.4,-48.8,-24.4,39.04,0,-39.04,34.16,34.16,-34.16,-73.2,-48.8,-24.4
-43.92,-58.56,-14.64,53.68,-14.64,-39.04,39.04,39.04,-29.28,-68.32,-48.8,-29.28
-63.44,-63.44,0,63.44,-34.16,-34.16,34.16,34.16,-39.04,-78.08,-63.44,-48.8
-53.68,-78.08,-24.4,68.32,-14.64,-53.68,24.4,14.64,-53.68,-87.84,-73.2,-73.2
-34.16,-78.08,-43.92,58.56,4.88,-63.44,19.52,14.64,-53.68,-87.84,-82.96,-78.08
-24.4,-68.32,-43.92,48.8,9.76,-58.56,19.52,14.64,-58.56,-82.96,-82.96,-68.32
-19.52,-58.56,-39.04,39.04,9.76,-48.8,19.52,19.52,-63.44,-82.96,-78.08,-58.56
-19.52,-58.56,-39.04,39.04,9.76,-48.8,24.4,19.52,-58.56,-78.08,-73.2,-53.68
-9.76,-68.32,-58.56,39.04,24.4,-63.44,24.4,19.52,-53.68,-78.08,-68.32,-43.92
-14.64,-63.44,-48.8,39.04,14.64,-58.56,24.4,24.4,-48.8,-78.08,-63.44,-43.92
-9.76,-68.32,-58.56,39.04,24.4,-63.44,24.4,24.4,-48.8,-82.96,-63.44,-43.92
-14.64,-78.08,-63.44,48.8,24.4,-73.2,19.52,14.64,-68.32,-87.84,-63.44,-48.8
0,-82.96,-82.96,43.92,39.04,-82.96,14.64,9.76,-68.32,-97.6,-73.2,-63.44
-29.28,-97.6,-68.32,63.44,19.52,-82.96,24.4,24.4,-48.8,-82.96,-53.68,-53.68
-43.92,-78.08,-34.16,63.44,-4.88,-58.56,29.28,24.4,-58.56,-82.96,-58.56,-53.68
-4.88,-53.68,-48.8,29.28,19.52,-53.68,14.64,14.64,-73.2,-97.6,-78.08,-63.44
-19.52,-58.56,-39.04,39.04,9.76,-48.8,14.64,19.52,-63.44,-87.84,-68.32,-53.68
-53.68,-78.08,-24.4,68.32,-14.64,-53.68,24.4,19.52,-58.56,-82.96,-63.44,-48.8
-39.04,-78.08,-39.04,58.56,0,-58.56,19.52,14.64,-68.32,-97.6,-78.08,-53.68
-24.4,-82.96,-58.56,53.68,14.64,-73.2,14.64,9.76,-73.2,-102.48,-82.96,-63.44
-24.4,-87.84,-63.44,58.56,19.52,-78.08,14.64,4.88,-73.2,-107.36,-82.96,-68.32
-39.04,-102.48,-63.44,73.2,9.76,-82.96,9.76,4.88,-78.08,-107.36,-82.96,-78.08
-43.92,-92.72,-48.8,68.32,0,-73.2,0,4.88,-82.96,-107.36,-92.72,-87.84
-19.52,-78.08,-58.56,48.8,19.52,-68.32,9.76,9.76,-78.08,-107.36,-87.84,-87.84
-9.76,-68.32,-58.56,39.04,24.4,-63.44,19.52,19.52,-73.2,-97.6,-82.96,-78.08
-4.88,-73.2,-68.32,39.04,29.28,-73.2,14.64,9.76,-78.08,-92.72,-82.96,-78.08
-14.64,-78.08,-63.44,48.8,24.4,-73.2,9.76,4.88,-87.84,-102.48,-92.72,-87.84
-19.52,-78.08,-58.56,48.8,19.52,-68.32,19.52,14.64,-82.96,-97.6,-87.84,-82.96
-24.4,-68.32,-43.92,48.8,9.76,-58.56,19.52,19.52,-78.08,-92.72,-82.96,-68.32
-24.4,-78.08,-53.68,53.68,14.64,-68.32,4.88,14.64,-82.96,-97.6,-78.08,-73.2
-29.28,-92.72,-63.44,63.44,14.64,-78.08,4.88,4.88,-82.96,-102.48,-82.96,-73.2
-43.92,-92.72,-48.8,68.32,0,-73.2,9.76,4.88,-82.96,-97.6,-82.96,-63.44
-58.56,-87.84,-29.28,73.2,-14.64,-58.56,14.64,9.76,-73.2,-87.84,-68.32,-48.8
-24.4,-87.84,-63.44,58.56,19.52,-78.08,9.76,4.88,-73.2,-92.72,-73.2,-53.68
0,-68.32,-68.32,34.16,34.16,-68.32,0,0,-92.72,-102.48,-82.96,-63.44
-9.76,-68.32,-58.56,39.04,24.4,-63.44,0,0,-92.72,-92.72,-73.2,-53.68
-24.4,-82.96,-58.56,53.68,14.64,-73.2,4.88,9.76,-82.96,-82.96,-68.32,-48.8
-39.04,-97.6,-58.56,68.32,9.76,-78.08,9.76,9.76,-92.72,-92.72,-78.08,-63.44
-29.28,-92.72,-63.44,63.44,14.64,-78.08,0,0,-92.72,-97.6,-87.84,-78.08
9.76,-78.08,-87.84,34.16,48.8,-82.96,-9.76,-4.88,-92.72,-102.48,-92.72,-92.72
4.88,-68.32,-73.2,34.16,39.04,-73.2,0,0,-87.84,-107.36,-102.48,-97.6
-14.64,-82.96,-68.32,48.8,24.4,-78.08,-4.88,-4.88,-97.6,-112.24,-107.36,-107.36
-19.52,-82.96,-63.44,53.68,19.52,-73.2,-9.76,-9.76,-97.6,-107.36,-97.6,-92.72
-4.88,-78.08,-73.2,43.92,34.16,-78.08,-19.52,-19.52,-102.48,-112.24,-97.6,-92.72
0,-73.2,-73.2,39.04,34.16,-73.2,-14.64,-14.64,-97.6,-102.48,-87.84,-78.08
-19.52,-82.96,-63.44,53.68,19.52,-73.2,-9.76,-14.64,-92.72,-92.72,-78.08,-63.44
-39.04,-97.6,-58.56,68.32,9.76,-78.08,-14.64,-14.64,-92.72,-97.6,-78.08,-68.32
-14.64,-87.84,-73.2,53.68,29.28,-82.96,-14.64,-14.64,-97.6,-102.48,-78.08,-68.32
4.88,-78.08,-82.96,39.04,43.92,-82.96,-19.52,-19.52,-102.48,-107.36,-87.84,-68.32
-34.16,-92.72,-58.56,63.44,9.76,-78.08,-19.52,-14.64,-97.6,-97.6,-78.08,-68.32
-53.68,-97.6,-43.92,78.08,-4.88,-73.2,-19.52,-19.52,-92.72,-92.72,-73.2,-63.44
-39.04,-92.72,-53.68,68.32,4.88,-73.2,-14.64,-19.52,-92.72,-92.72,-78.08,-68.32
-43.92,-92.72,-48.8,68.32,0,-73.2,-19.52,-19.52,-97.6,-97.6,-82.96,-63.44
-34.16,-102.48,-68.32,68.32,14.64,-87.84,-24.4,-29.28,-107.36,-97.6,-82.96,-68.32
-34.16,-87.84,-53.68,63.44,9.76,-73.2,-19.52,-19.52,-102.48,-97.6,-82.96,-68.32
-39.04,-92.72,-53.68,68.32,4.88,-73.2,-14.64,-14.64,-107.36,-97.6,-87.84,-78.08
-19.52,-102.48,-82.96,63.44,29.28,-92.72,-24.4,-29.28,-117.12,-107.36,-102.48,-97.6
-14.64,-102.48,-87.84,58.56,34.16,-97.6,-19.52,-24.4,-117.12,-107.36,-102.48,-97.6
-19.52,-92.72,-73.2,58.56,24.4,-82.96,-14.64,-14.64,-107.36,-107.36,-92.72,-82.96
-14.64,-73.2,-58.56,43.92,19.52,-68.32,-4.88,-14.64,-102.48,-97.6,-82.96,-82.96
9.76,-78.08,-87.84,34.16,48.8,-82.96,-4.88,-14.64,-97.6,-97.6,-87.84,-87.84
-43.92,-97.6,-53.68,73.2,4.88,-78.08,4.88,0,-82.96,-87.84,-82.96,-82.96
-48.8,-97.6,-48.8,73.2,0,-73.2,-14.64,-24.4,-107.36,-102.48,-102.48,-97.6
-24.4,-92.72,-68.32,58.56,19.52,-82.96,-19.52,-34.16,-112.24,-107.36,-107.36,-107.36
-43.92,-87.84,-43.92,68.32,0,-68.32,-4.88,-14.64,-102.48,-92.72,-87.84,-82.96
-4.88,-78.08,-73.2,43.92,34.16,-78.08,-19.52,-29.28,-112.24,-102.48,-92.72,-87.84
-19.52,-73.2,-53.68,48.8,14.64,-63.44,-14.64,-29.28,-107.36,-92.72,-78.08,-73.2
-53.68,-92.72,-39.04,73.2,-9.76,-68.32,-9.76,-14.64,-102.48,-87.84,-68.32,-63.44
-24.4,-87.84,-63.44,58.56,19.52,-78.08,-19.52,-29.28,-117.12,-112.24,-92.72,-73.2
-29.28,-107.36,-78.08,68.32,24.4,-92.72,-19.52,-29.28,-117.12,-117.12,-92.72,-82.96
-29.28,-102.48,-73.2,68.32,19.52,-87.84,-19.52,-29.28,-117.12,-112.24,-87.84,-82.96
-24.4,-92.72,-68.32,58.56,19.52,-82.96,-19.52,-29.28,-112.24,-112.24,-82.96,-78.08
-34.16,-107.36,-73.2,73.2,19.52,-92.72,-24.4,-39.04,-122,-122,-92.72,-82.96
-39.04,-102.48,-63.44,73.2,9.76,-82.96,-29.28,-34.16,-122,-117.12,-87.84,-82.96
-29.28,-92.72,-63.44,63.44,14.64,-78.08,-24.4,-34.16,-117.12,-112.24,-92.72,-73.2
-34.16,-97.6,-63.44,68.32,14.64,-82.96,-24.4,-39.04,-126.88,-112.24,-97.6,-82.96
-34.16,-92.72,-58.56,63.44,9.76,-78.08,-14.64,-24.4,-112.24,-102.48,-87.84,-78.08
-39.04,-92.72,-53.68,68.32,4.88,-73.2,-9.76,-14.64,-107.36,-97.6,-78.08,-73.2
-39.04,-82.96,-43.92,63.44,0,-63.44,-4.88,-14.64,-107.36,-97.6,-82.96,-63.44
-4.88,-73.2,-68.32,39.04,29.28,-73.2,-19.52,-29.28,-117.12,-117.12,-97.6,-82.96
9.76,-68.32,-78.08,29.28,43.92,-73.2,-14.64,-24.4,-117.12,-112.24,-97.6,-73.2
-4.88,-63.44,-58.56,34.16,24.4,-63.44,-4.88,-14.64,-107.36,-107.36,-92.72,-68.32
-4.88,-63.44,-58.56,34.16,24.4,-63.44,-4.88,-19.52,-107.36,-107.36,-92.72,-78.08
0,-63.44,-63.44,34.16,29.28,-63.44,-14.64,-24.4,-107.36,-102.48,-87.84,-82.96
4.88,-58.56,-63.44,29.28,34.16,-63.44,-19.52,-29.28,-102.48,-97.6,-82.96,-73.2
-14.64,-78.08,-63.44,48.8,24.4,-73.2,-24.4,-34.16,-107.36,-107.36,-87.84,-78.08
-43.92,-78.08,-34.16,63.44,-4.88,-58.56,-14.64,-19.52,-97.6,-92.72,-73.2,-58.56
-14.64,-68.32,-53.68,43.92,19.52,-63.44,-29.28,-34.16,-107.36,-97.6,-78.08,-63.44
-34.16,-68.32,-34.16,53.68,0,-53.68,-29.28,-39.04,-102.48,-97.6,-73.2,-63.44
-53.68,-58.56,-4.88,58.56,-24.4,-34.16,-14.64,-29.28,-92.72,-92.72,-73.2,-63.44
-39.04,-58.56,-19.52,48.8,-9.76,-39.04,-14.64,-24.4,-92.72,-87.84,-68.32,-63.44
-14.64,-48.8,-34.16,34.16,9.76,-43.92,-24.4,-34.16,-97.6,-92.72,-73.2,-68.32
-9.76,-29.28,-19.52,19.52,4.88,-24.4,-24.4,-29.28,-92.72,-97.6,-78.08,-73.2
-4.88,-24.4,-19.52,14.64,4.88,-24.4,-24.4,-34.16,-87.84,-97.6,-73.2,-82.96
0,-14.64,-14.64,9.76,4.88,-14.64,-9.76,-19.52,-78.08,-87.84,-63.44,-73.2
9.76,-4.88,-14.64,0,9.76,-9.76,-9.76,-19.52,-78.08,-87.84,-58.56,-63.44
-14.64,-14.64,0,14.64,-9.76,-9.76,-19.52,-29.28,-82.96,-82.96,-58.56,-58.56
-19.52,-14.64,4.88,19.52,-14.64,-4.88,-14.64,-24.4,-73.2,-78.08,-58.56,-48.8
4.88,4.88,0,-4.88,0,0,4.88,-4.88,-68.32,-68.32,-53.68,-39.04
-9.76,14.64,24.4,0,-19.52,19.52,14.64,4.88,-58.56,-63.44,-39.04,-29.28
-9.76,14.64,24.4,0,-19.52,19.52,4.88,0,-68.32,-68.32,-43.92,-29.28
-9.76,4.88,14.64,4.88,-14.64,9.76,-4.88,-14.64,-78.08,-78.08,-53.68,-34.16
-29.28,9.76,39.04,9.76,-34.16,24.4,-4.88,-4.88,-68.32,-73.2,-39.04,-29.28
0,34.16,34.16,-14.64,-19.52,34.16,4.88,0,-53.68,-63.44,-34.16,-14.64
19.52,34.16,14.64,-24.4,0,24.4,-4.88,-14.64,-58.56,-63.44,-34.16,-19.52
24.4,39.04,14.64,-29.28,4.88,24.4,4.88,0,-48.8,-53.68,-24.4,-9.76
14.64,43.92,29.28,-29.28,-9.76,34.16,4.88,0,-48.8,-48.8,-34.16,-19.52
4.88,63.44,58.56,-34.16,-29.28,58.56,14.64,4.88,-43.92,-43.92,-34.16,-19.52
4.88,68.32,63.44,-34.16,-29.28,63.44,9.76,4.88,-34.16,-39.04,-24.4,-9.76
-29.28,43.92,73.2,-4.88,-53.68,58.56,0,4.88,-29.28,-34.16,-14.64,-9.76
-24.4,48.8,73.2,-9.76,-48.8,58.56,0,-4.88,-19.52,-24.4,0,0
-4.88,92.72,97.6,-43.92,-53.68,92.72,-9.76,-14.64,-24.4,-29.28,0,9.76
14.64,112.24,97.6,-63.44,-43.92,102.48,-24.4,-39.04,-43.92,-43.92,-14.64,0
43.92,126.88,82.96,-82.96,-19.52,102.48,-39.04,-43.92,-53.68,-39.04,-9.76,4.88
29.28,107.36,78.08,-68.32,-24.4,92.72,-53.68,-63.44,-73.2,-48.8,-14.64,4.88
4.88,97.6,92.72,-48.8,-43.92,92.72,-63.44,-63.44,-68.32,-58.56,-9.76,4.88
-14.64,112.24,126.88,-48.8,-73.2,117.12,-68.32,-73.2,-78.08,-53.68,-9.76,4.88
-14.64,107.36,122,-43.92,-68.32,112.24,-68.32,-73.2,-82.96,-53.68,-4.88,4.88
19.52,107.36,87.84,-63.44,-34.16,97.6,-78.08,-82.96,-92.72,-63.44,-19.52,0
24.4,102.48,78.08,-63.44,-29.28,87.84,-73.2,-78.08,-87.84,-63.44,-14.64,4.88
14.64,92.72,78.08,-53.68,-34.16,82.96,-68.32,-78.08,-87.84,-58.56,-14.64,14.64
14.64,97.6,82.96,-53.68,-34.16,87.84,-78.08,-78.08,-87.84,-68.32,-14.64,4.88
-19.52,92.72,112.24,-34.16,-68.32,102.48,-63.44,-63.44,-92.72,-73.2,-19.52,4.88
-4.88,102.48,107.36,-48.8,-58.56,102.48,-78.08,-78.08,-107.36,-87.84,-29.28,0
19.52,112.24,92.72,-63.44,-39.04,102.48,-68.32,-68.32,-97.6,-78.08,-24.4,9.76
14.64,112.24,97.6,-63.44,-43.92,102.48,-68.32,-63.44,-97.6,-78.08,-24.4,9.76
4.88,117.12,112.24,-58.56,-53.68,112.24,-53.68,-48.8,-82.96,-68.32,-14.64,24.4
0,112.24,112.24,-53.68,-58.56,112.24,-39.04,-34.16,-73.2,-53.68,-4.88,29.28
19.52,87.84,68.32,-53.68,-24.4,78.08,-48.8,-39.04,-87.84,-73.2,-29.28,0
29.28,82.96,53.68,-53.68,-14.64,68.32,-39.04,-34.16,-73.2,-73.2,-29.28,-4.88
14.64,53.68,39.04,-34.16,-14.64,43.92,-58.56,-53.68,-92.72,-92.72,-39.04,-14.64
19.52,48.8,29.28,-34.16,-4.88,39.04,-63.44,-53.68,-97.6,-97.6,-43.92,-19.52
34.16,58.56,24.4,-43.92,4.88,39.04,-53.68,-58.56,-97.6,-107.36,-53.68,-24.4
-9.76,24.4,34.16,-4.88,-24.4,29.28,-58.56,-58.56,-117.12,-117.12,-63.44,-39.04
-14.64,9.76,24.4,4.88,-19.52,14.64,-48.8,-48.8,-112.24,-117.12,-73.2,-39.04
0,9.76,9.76,-4.88,-4.88,9.76,-48.8,-48.8,-117.12,-126.88,-82.96,-43.92
-34.16,-14.64,19.52,24.4,-29.28,0,-48.8,-39.04,-117.12,-126.88,-87.84,-58.56
-82.96,-24.4,58.56,53.68,-73.2,14.64,-24.4,-24.4,-107.36,-117.12,-78.08,-58.56
-63.44,-24.4,39.04,43.92,-53.68,4.88,-24.4,-24.4,-112.24,-117.12,-87.84,-63.44
-43.92,-34.16,9.76,39.04,-29.28,-14.64,-24.4,-29.28,-117.12,-126.88,-97.6,-68.32
-43.92,-43.92,0,43.92,-24.4,-24.4,-24.4,-29.28,-112.24,-131.76,-92.72,-63.44
-43.92,-43.92,0,43.92,-24.4,-24.4,-19.52,-19.52,-112.24,-131.76,-97.6,-63.44
-39.04,-29.28,9.76,34.16,-24.4,-9.76,-9.76,-9.76,-102.48,-122,-87.84,-58.56
-14.64,-14.64,0,14.64,-9.76,-9.76,-9.76,-9.76,-97.6,-117.12,-87.84,-58.56
0,-24.4,-24.4,14.64,9.76,-24.4,-14.64,-14.64,-107.36,-122,-92.72,-53.68
-4.88,-34.16,-29.28,19.52,9.76,-34.16,0,0,-97.6,-112.24,-82.96,-43.92
-14.64,-29.28,-14.64,24.4,0,-24.4,0,0,-102.48,-122,-87.84,-48.8
0,-24.4,-24.4,14.64,9.76,-24.4,0,-4.88,-102.48,-122,-87.84,-53.68
-14.64,-24.4,-9.76,19.52,-4.88,-19.52,0,4.88,-97.6,-117.12,-87.84,-48.8
-29.28,-29.28,0,29.28,-14.64,-14.64,0,4.88,-102.48,-122,-87.84,-48.8
-9.76,-34.16,-24.4,24.4,4.88,-29.28,0,0,-102.48,-131.76,-97.6,-58.56
9.76,-34.16,-43.92,14.64,24.4,-39.04,-4.88,-4.88,-107.36,-136.64,-97.6,-58.56
-29.28,-39.04,-9.76,34.16,-9.76,-24.4,9.76,9.76,-97.6,-117.12,-82.96,-48.8
-29.28,-29.28,0,29.28,-14.64,-14.64,14.64,14.64,-87.84,-112.24,-82.96,-48.8
-53.68,-48.8,4.88,53.68,-29.28,-24.4,14.64,19.52,-87.84,-107.36,-73.2,-43.92
-53.68,-43.92,9.76,48.8,-34.16,-19.52,0,0,-97.6,-117.12,-78.08,-48.8
-39.04,-43.92,-4.88,43.92,-19.52,-24.4,9.76,9.76,-87.84,-117.12,-73.2,-48.8
-34.16,-53.68,-19.52,43.92,-9.76,-39.04,14.64,19.52,-82.96,-112.24,-68.32,-43.92
0,-34.16,-34.16,19.52,14.64,-34.16,4.88,14.64,-92.72,-122,-78.08,-58.56
-9.76,-43.92,-34.16,29.28,9.76,-39.04,4.88,9.76,-97.6,-131.76,-97.6,-82.96
-24.4,-48.8,-24.4,39.04,0,-39.04,9.76,19.52,-97.6,-126.88,-102.48,-82.96
-24.4,-48.8,-24.4,39.04,0,-39.04,9.76,4.88,-102.48,-131.76,-97.6,-82.96
9.76,-48.8,-58.56,19.52,34.16,-53.68,-4.88,-4.88,-107.36,-136.64,-97.6,-82.96
-9.76,-29.28,-19.52,19.52,4.88,-24.4,9.76,9.76,-92.72,-122,-78.08,-68.32
-39.04,-29.28,9.76,34.16,-24.4,-9.76,29.28,29.28,-78.08,-107.36,-68.32,-58.56
-53.68,-53.68,0,53.68,-29.28,-29.28,24.4,34.16,-78.08,-107.36,-68.32,-58.56
-24.4,-48.8,-24.4,39.04,0,-39.04,19.52,19.52,-82.96,-117.12,-78.08,-58.56
-39.04,-39.04,0,39.04,-19.52,-19.52,24.4,34.16,-73.2,-107.36,-68.32,-48.8
-63.44,-58.56,4.88,63.44,-34.16,-29.28,29.28,43.92,-73.2,-102.48,-68.32,-43.92
-48.8,-48.8,0,48.8,-24.4,-24.4,24.4,34.16,-68.32,-102.48,-68.32,-43.92
-34.16,-43.92,-9.76,39.04,-14.64,-29.28,19.52,24.4,-78.08,-107.36,-73.2,-53.68
-4.88,-34.16,-29.28,19.52,9.76,-34.16,19.52,24.4,-82.96,-112.24,-78.08,-63.44
-4.88,-9.76,-4.88,9.76,0,-9.76,29.28,34.16,-68.32,-92.72,-63.44,-43.92
-19.52,-19.52,0,19.52,-9.76,-9.76,24.4,29.28,-78.08,-102.48,-63.44,-43.92
-14.64,-19.52,-4.88,19.52,-4.88,-14.64,19.52,24.4,-78.08,-102.48,-68.32,-48.8
-19.52,-14.64,4.88,19.52,-14.64,-4.88,19.52,24.4,-73.2,-102.48,-68.32,-43.92
-24.4,-24.4,0,24.4,-14.64,-14.64,29.28,34.16,-63.44,-92.72,-58.56,-29.28
-24.4,-14.64,9.76,19.52,-19.52,-4.88,34.16,39.04,-58.56,-87.84,-53.68,-34.16
-48.8,-19.52,29.28,34.16,-39.04,4.88,24.4,29.28,-68.32,-102.48,-68.32,-48.8
-73.2,-24.4,48.8,48.8,-63.44,9.76,34.16,34.16,-63.44,-92.72,-58.56,-39.04
-53.68,14.64,68.32,19.52,-63.44,39.04,29.28,34.16,-63.44,-87.84,-48.8,-39.04
-43.92,34.16,78.08,4.88,-63.44,53.68,48.8,43.92,-48.8,-78.08,-39.04,-39.04
-63.44,34.16,97.6,14.64,-82.96,63.44,58.56,68.32,-24.4,-73.2,-29.28,-39.04
-63.44,58.56,122,4.88,-92.72,87.84,53.68,53.68,-14.64,-68.32,-19.52,-39.04
-53.68,87.84,141.52,-14.64,-97.6,112.24,58.56,53.68,14.64,-24.4,9.76,-9.76
-43.92,92.72,136.64,-24.4,-92.72,112.24,92.72,92.72,82.96,53.68,63.44,29.28
-9.76,92.72,102.48,-39.04,-58.56,97.6,122,117.12,165.92,122,117.12,73.2
0,92.72,92.72,-43.92,-48.8,92.72,117.12,117.12,190.32,156.16,165.92,122
19.52,112.24,92.72,-63.44,-39.04,102.48,102.48,102.48,229.36,224.48,258.64,219.6
73.2,175.68,102.48,-122,-14.64,136.64,43.92,43.92,219.6,331.84,400.16,351.36
136.64,248.88,112.24,-190.32,9.76,180.56,-34.16,-43.92,165.92,463.6,600.24,531.92
151.28,322.08,170.8,-234.24,-9.76,244,-122,-126.88,107.36,595.36,829.6,766.16
200.08,375.76,175.68,-287.92,9.76,273.28,-180.56,-336.72,14.64,678.32,1015.04,971.12
268.4,468.48,200.08,-366,34.16,331.84,-297.68,-448.96,-156.16,692.96,1171.2,1176.08
322.08,551.44,229.36,-434.32,43.92,390.4,-468.48,-473.36,-375.76,658.8,1268.8,1351.76
395.28,595.36,200.08,-492.88,97.6,395.28,-541.68,-546.56,-522.16,629.52,1332.24,1478.64
463.6,536.8,73.2,-497.76,195.2,302.56,-531.92,-531.92,-556.32,678.32,1351.76,1522.56
536.8,395.28,-141.52,-463.6,336.72,126.88,-473.36,-473.36,-531.92,736.88,1322.48,1503.04
580.72,268.4,-312.32,-424.56,444.08,-24.4,-409.92,-405.04,-531.92,732,1239.52,1434.72
556.32,180.56,-375.76,-366,463.6,-97.6,-409.92,-409.92,-629.52,644.16,1156.56,1342
536.8,136.64,-400.16,-336.72,468.48,-131.76,-400.16,-400.16,-697.84,590.48,1093.12,1239.52
492.88,97.6,-395.28,-292.8,444.08,-151.28,-336.72,-336.72,-732,566.08,1044.32,1102.88
419.68,63.44,-356.24,-239.12,385.52,-146.4,-283.04,-287.92,-795.44,424.56,922.32,922.32
341.6,48.8,-292.8,-195.2,317.2,-122,-244,-248.88,-844.24,239.12,736.88,692.96
283.04,4.88,-278.16,-141.52,278.16,-136.64,-161.04,-170.8,-805.2,136.64,575.84,473.36
180.56,-68.32,-248.88,-53.68,214.72,-161.04,-63.44,-73.2,-756.4,0,366,244
131.76,-58.56,-190.32,-34.16,161.04,-126.88,-29.28,-29.28,-785.68,-239.12,73.2,4.88
58.56,-43.92,-102.48,-4.88,78.08,-73.2,24.4,14.64,-800.32,-453.84,-165.92,-146.4
-9.76,-48.8,-39.04,29.28,14.64,-43.92,63.44,53.68,-810.08,-605.12,-336.72,-234.24
-34.16,-87.84,-53.68,63.44,9.76,-73.2,53.68,48.8,-834.48,-683.2,-424.56,-287.92
-43.92,-122,-78.08,82.96,14.64,-102.48,43.92,48.8,-854,-732,-478.24,-326.96
-87.84,-151.28,-63.44,122,-14.64,-107.36,73.2,73.2,-844.24,-746.64,-492.88,-341.6
-107.36,-180.56,-73.2,146.4,-19.52,-126.88,14.64,14.64,-829.6,-712.48,-473.36,-331.84
-102.48,-204.96,-102.48,156.16,0,-156.16,-63.44,-58.56,-814.96,-678.32,-453.84,-336.72
-141.52,-190.32,-48.8,165.92,-48.8,-122,-87.84,-87.84,-736.88,-605.12,-414.8,-302.56
-141.52,-141.52,0,141.52,-73.2,-73.2,-73.2,-73.2,-614.88,-502.64,-336.72,-253.76
-82.96,-87.84,-4.88,87.84,-39.04,-48.8,-53.68,-58.56,-488,-405.04,-278.16,-224.48
-34.16,-43.92,-9.76,39.04,-14.64,-29.28,-24.4,-29.28,-380.64,-322.08,-224.48,-190.32
-29.28,-34.16,-4.88,34.16,-14.64,-19.52,4.88,0,-307.44,-273.28,-200.08,-180.56
-39.04,-53.68,-14.64,48.8,-14.64,-34.16,24.4,24.4,-239.12,-219.6,-165.92,-161.04
-58.56,-34.16,24.4,48.8,-43.92,-4.88,53.68,53.68,-156.16,-151.28,-122,-117.12
-48.8,-39.04,9.76,43.92,-29.28,-14.64,53.68,58.56,-92.72,-97.6,-92.72,-97.6
-43.92,-29.28,14.64,39.04,-29.28,-9.76,82.96,87.84,-19.52,-34.16,-53.68,-68.32
0,-24.4,-24.4,14.64,9.76,-24.4,92.72,92.72,24.4,0,-29.28,-63.44
14.64,-34.16,-48.8,9.76,29.28,-43.92,97.6,97.6,53.68,14.64,-24.4,-53.68
24.4,-34.16,-58.56,4.88,39.04,-48.8,102.48,102.48,73.2,29.28,-19.52,-43.92
-4.88,-24.4,-19.52,14.64,4.88,-24.4,117.12,112.24,87.84,39.04,-9.76,-39.04
4.88,4.88,0,-4.88,0,0,117.12,122,97.6,43.92,0,-29.28
0,-14.64,-14.64,9.76,4.88,-14.64,107.36,107.36,97.6,39.04,-9.76,-43.92
-4.88,-29.28,-24.4,19.52,9.76,-29.28,92.72,92.72,87.84,34.16,-24.4,-58.56
14.64,-14.64,-29.28,0,19.52,-24.4,97.6,102.48,107.36,48.8,-4.88,-39.04
19.52,0,-19.52,-9.76,19.52,-9.76,107.36,107.36,122,63.44,0,-24.4
-9.76,-19.52,-9.76,14.64,0,-14.64,102.48,107.36,126.88,63.44,0,-24.4
-4.88,-39.04,-34.16,24.4,14.64,-39.04,92.72,97.6,117.12,53.68,-9.76,-34.16
-19.52,-43.92,-24.4,34.16,0,-34.16,102.48,102.48,126.88,58.56,-4.88,-29.28
-9.76,-29.28,-19.52,19.52,4.88,-24.4,102.48,107.36,136.64,63.44,0,-29.28
-9.76,-43.92,-34.16,29.28,9.76,-39.04,102.48,102.48,126.88,53.68,-9.76,-39.04
-24.4,-48.8,-24.4,39.04,0,-39.04,97.6,102.48,131.76,63.44,-9.76,-39.04
0,-29.28,-29.28,14.64,14.64,-29.28,97.6,97.6,141.52,68.32,-4.88,-34.16
-9.76,-24.4,-14.64,19.52,0,-19.52,107.36,112.24,151.28,78.08,4.88,-24.4
-39.04,-24.4,14.64,34.16,-29.28,-4.88,117.12,126.88,165.92,97.6,14.64,-9.76
-4.88,-19.52,-14.64,14.64,4.88,-19.52,117.12,117.12,165.92,97.6,14.64,-19.52
0,-24.4,-24.4,14.64,9.76,-24.4,117.12,117.12,161.04,97.6,14.64,-19.52
-4.88,-24.4,-19.52,14.64,4.88,-24.4,122,126.88,170.8,107.36,19.52,-14.64
-9.76,-34.16,-24.4,24.4,4.88,-29.28,122,131.76,175.68,107.36,24.4,-14.64
-9.76,-39.04,-29.28,24.4,9.76,-34.16,122,122,175.68,97.6,24.4,-19.52
9.76,-34.16,-43.92,14.64,24.4,-39.04,117.12,117.12,165.92,97.6,14.64,-29.28
9.76,-19.52,-29.28,4.88,19.52,-24.4,117.12,122,175.68,107.36,14.64,-34.16
9.76,-24.4,-34.16,9.76,19.52,-29.28,126.88,122,190.32,112.24,14.64,-39.04
4.88,-4.88,-9.76,0,4.88,-9.76,141.52,141.52,200.08,131.76,29.28,-14.64
9.76,-14.64,-24.4,4.88,14.64,-19.52,141.52,141.52,200.08,136.64,29.28,-4.88
0,-24.4,-24.4,14.64,9.76,-24.4,136.64,136.64,204.96,131.76,34.16,-4.88
-39.04,-9.76,29.28,24.4,-34.16,9.76,146.4,146.4,209.84,146.4,48.8,9.76
9.76,-14.64,-24.4,4.88,14.64,-19.52,136.64,136.64,200.08,131.76,39.04,0
19.52,-19.52,-39.04,0,29.28,-29.28,141.52,141.52,224.48,131.76,39.04,-4.88
24.4,-9.76,-34.16,-4.88,29.28,-24.4,141.52,136.64,239.12,136.64,43.92,-4.88
19.52,-9.76,-29.28,-4.88,24.4,-19.52,141.52,146.4,244,136.64,43.92,-9.76
24.4,-14.64,-39.04,-4.88,29.28,-29.28,131.76,136.64,248.88,131.76,29.28,-24.4
29.28,-24.4,-53.68,0,39.04,-39.04,122,122,244,122,14.64,-34.16
9.76,-4.88,-14.64,0,9.76,-9.76,131.76,131.76,263.52,141.52,29.28,-19.52
-24.4,-9.76,14.64,19.52,-19.52,0,146.4,146.4,283.04,161.04,48.8,-4.88
-29.28,-14.64,14.64,24.4,-24.4,0,151.28,151.28,292.8,170.8,58.56,4.88
4.88,-19.52,-24.4,9.76,14.64,-24.4,141.52,146.4,283.04,165.92,53.68,-4.88
29.28,-9.76,-39.04,-9.76,34.16,-24.4,136.64,141.52,278.16,156.16,43.92,-9.76
14.64,-19.52,-34.16,4.88,24.4,-29.28,146.4,146.4,292.8,165.92,48.8,-4.88
14.64,-19.52,-34.16,4.88,24.4,-29.28,151.28,146.4,302.56,175.68,58.56,-4.88
0,-24.4,-24.4,14.64,9.76,-24.4,146.4,146.4,302.56,180.56,58.56,-4.88
9.76,-29.28,-39.04,9.76,24.4,-34.16,141.52,141.52,297.68,175.68,53.68,-9.76
4.88,-19.52,-24.4,9.76,14.64,-24.4,141.52,141.52,307.44,180.56,58.56,0
9.76,-9.76,-19.52,0,14.64,-14.64,146.4,151.28,317.2,190.32,63.44,9.76
34.16,-4.88,-39.04,-14.64,34.16,-24.4,146.4,151.28,326.96,204.96,68.32,19.52
53.68,0,-53.68,-24.4,53.68,-29.28,136.64,141.52,322.08,200.08,63.44,9.76
24.4,-9.76,-34.16,-4.88,29.28,-24.4,151.28,151.28,331.84,214.72,78.08,29.28
34.16,-4.88,-39.04,-14.64,34.16,-24.4,151.28,156.16,336.72,219.6,78.08,24.4
19.52,-14.64,-34.16,0,24.4,-24.4,156.16,161.04,346.48,229.36,82.96,14.64
19.52,-9.76,-29.28,-4.88,24.4,-19.52,156.16,161.04,361.12,234.24,92.72,19.52
0,-19.52,-19.52,9.76,9.76,-19.52,151.28,156.16,356.24,234.24,87.84,9.76
24.4,-4.88,-29.28,-9.76,24.4,-19.52,131.76,141.52,351.36,234.24,73.2,0
29.28,-4.88,-34.16,-9.76,29.28,-19.52,146.4,141.52,361.12,239.12,78.08,4.88
9.76,-14.64,-24.4,4.88,14.64,-19.52,146.4,146.4,361.12,244,78.08,4.88
39.04,4.88,-34.16,-19.52,34.16,-14.64,146.4,146.4,375.76,258.64,92.72,14.64
48.8,9.76,-39.04,-29.28,43.92,-14.64,146.4,146.4,385.52,268.4,107.36,24.4
14.64,0,-14.64,-4.88,14.64,-9.76,156.16,156.16,395.28,283.04,117.12,34.16
19.52,-9.76,-29.28,-4.88,24.4,-19.52,146.4,151.28,395.28,278.16,112.24,24.4
29.28,-19.52,-48.8,-4.88,39.04,-34.16,136.64,136.64,395.28,273.28,107.36,19.52
39.04,-14.64,-53.68,-9.76,43.92,-34.16,141.52,141.52,405.04,278.16,117.12,24.4
43.92,-4.88,-48.8,-19.52,43.92,-29.28,146.4,146.4,414.8,297.68,122,29.28
43.92,-9.76,-53.68,-14.64,48.8,-34.16,136.64,136.64,414.8,297.68,122,34.16
39.04,-4.88,-43.92,-14.64,39.04,-24.4,146.4,141.52,434.32,312.32,131.76,39.04
58.56,19.52,-39.04,-39.04,48.8,-9.76,141.52,146.4,444.08,326.96,136.64,34.16
48.8,14.64,-34.16,-29.28,39.04,-9.76,136.64,136.64,448.96,331.84,136.64,29.28
34.16,9.76,-24.4,-19.52,29.28,-9.76,136.64,141.52,453.84,336.72,141.52,29.28
43.92,9.76,-34.16,-24.4,39.04,-14.64,141.52,146.4,463.6,346.48,151.28,34.16
82.96,29.28,-53.68,-53.68,68.32,-14.64,141.52,156.16,473.36,366,161.04,48.8
92.72,39.04,-53.68,-63.44,73.2,-9.76,146.4,156.16,492.88,375.76,170.8,53.68
68.32,9.76,-58.56,-39.04,63.44,-24.4,146.4,151.28,492.88,366,161.04,53.68
48.8,4.88,-43.92,-24.4,43.92,-19.52,151.28,151.28,497.76,380.64,165.92,58.56
29.28,0,-29.28,-14.64,29.28,-14.64,156.16,156.16,512.4,390.4,180.56,68.32
14.64,0,-14.64,-4.88,14.64,-9.76,151.28,146.4,522.16,400.16,185.44,73.2
48.8,14.64,-34.16,-29.28,39.04,-9.76,151.28,146.4,536.8,414.8,195.2,78.08
78.08,29.28,-48.8,-53.68,63.44,-9.76,146.4,151.28,551.44,439.2,209.84,87.84
53.68,19.52,-34.16,-34.16,43.92,-9.76,146.4,151.28,556.32,444.08,209.84,82.96
43.92,19.52,-24.4,-29.28,34.16,-4.88,156.16,156.16,570.96,463.6,219.6,92.72
58.56,9.76,-48.8,-34.16,53.68,-19.52,146.4,151.28,575.84,463.6,219.6,97.6
53.68,14.64,-39.04,-34.16,43.92,-14.64,146.4,146.4,580.72,478.24,219.6,102.48
63.44,4.88,-58.56,-34.16,58.56,-29.28,146.4,146.4,590.48,488,224.48,102.48
58.56,9.76,-48.8,-34.16,53.68,-19.52,151.28,146.4,600.24,502.64,229.36,102.48
43.92,4.88,-39.04,-24.4,39.04,-19.52,165.92,170.8,629.52,531.92,248.88,112.24
82.96,24.4,-58.56,-53.68,68.32,-19.52,151.28,146.4,624.64,527.04,244,107.36
78.08,58.56,-19.52,-68.32,48.8,19.52,156.16,165.92,649.04,551.44,273.28,126.88
63.44,68.32,4.88,-63.44,29.28,34.16,165.92,175.68,663.68,580.72,287.92,126.88
92.72,58.56,-34.16,-73.2,63.44,9.76,161.04,161.04,673.44,575.84,283.04,112.24
92.72,53.68,-39.04,-73.2,63.44,4.88,165.92,165.92,683.2,595.36,297.68,117.12
92.72,43.92,-48.8,-68.32,68.32,-4.88,165.92,170.8,688.08,610,307.44,126.88
87.84,43.92,-43.92,-63.44,63.44,0,161.04,161.04,692.96,614.88,302.56,117.12
73.2,39.04,-34.16,-53.68,53.68,0,161.04,156.16,702.72,624.64,307.44,126.88
78.08,48.8,-29.28,-63.44,53.68,9.76,161.04,156.16,707.6,634.4,312.32,136.64
73.2,48.8,-24.4,-58.56,48.8,9.76,156.16,156.16,717.36,649.04,326.96,156.16
87.84,53.68,-34.16,-68.32,58.56,9.76,146.4,151.28,717.36,658.8,331.84,156.16
97.6,53.68,-43.92,-73.2,68.32,4.88,146.4,151.28,727.12,668.56,346.48,165.92
107.36,63.44,-43.92,-82.96,73.2,9.76,156.16,161.04,732,683.2,361.12,180.56
117.12,73.2,-43.92,-92.72,78.08,14.64,151.28,156.16,732,688.08,366,180.56
141.52,78.08,-63.44,-107.36,102.48,4.88,151.28,151.28,736.88,702.72,366,180.56
151.28,78.08,-73.2,-112.24,112.24,0,156.16,156.16,741.76,712.48,370.88,175.68
126.88,82.96,-43.92,-102.48,82.96,19.52,151.28,151.28,741.76,712.48,380.64,175.68
97.6,73.2,-24.4,-82.96,58.56,24.4,141.52,151.28,751.52,727.12,380.64,180.56
107.36,68.32,-39.04,-87.84,73.2,14.64,136.64,146.4,746.64,722.24,375.76,175.68
122,78.08,-43.92,-97.6,82.96,14.64,122,131.76,736.88,722.24,361.12,175.68
151.28,78.08,-73.2,-112.24,112.24,0,117.12,122,732,717.36,361.12,165.92
131.76,73.2,-58.56,-102.48,92.72,4.88,117.12,112.24,732,732,380.64,180.56
117.12,68.32,-48.8,-92.72,82.96,9.76,122,117.12,732,736.88,390.4,185.44
112.24,78.08,-34.16,-92.72,73.2,19.52,122,122,741.76,751.52,414.8,204.96
122,87.84,-34.16,-102.48,78.08,24.4,126.88,122,746.64,761.28,419.68,209.84
122,87.84,-34.16,-102.48,78.08,24.4,117.12,122,741.76,761.28,429.44,214.72
122,87.84,-34.16,-102.48,78.08,24.4,112.24,112.24,732,766.16,419.68,219.6
102.48,78.08,-24.4,-87.84,63.44,24.4,107.36,107.36,727.12,761.28,414.8,214.72
107.36,87.84,-19.52,-97.6,63.44,34.16,102.48,112.24,722.24,761.28,409.92,209.84
107.36,92.72,-14.64,-97.6,58.56,39.04,97.6,97.6,717.36,761.28,414.8,204.96
126.88,97.6,-29.28,-112.24,78.08,34.16,87.84,87.84,702.72,751.52,400.16,204.96
126.88,102.48,-24.4,-112.24,73.2,39.04,87.84,87.84,702.72,761.28,414.8,214.72
107.36,92.72,-14.64,-97.6,58.56,39.04,78.08,82.96,697.84,756.4,414.8,219.6
112.24,92.72,-19.52,-102.48,63.44,34.16,73.2,78.08,688.08,756.4,414.8,219.6
146.4,92.72,-53.68,-117.12,97.6,19.52,73.2,78.08,678.32,751.52,409.92,219.6
122,97.6,-24.4,-107.36,73.2,34.16,73.2,78.08,668.56,746.64,424.56,224.48
126.88,112.24,-14.64,-117.12,68.32,48.8,73.2,68.32,658.8,741.76,424.56,224.48
112.24,107.36,-4.88,-107.36,58.56,48.8,63.44,58.56,639.28,727.12,414.8,219.6
126.88,97.6,-29.28,-112.24,78.08,34.16,48.8,43.92,614.88,707.6,390.4,204.96
122,102.48,-19.52,-112.24,68.32,39.04,39.04,34.16,595.36,692.96,390.4,204.96
82.96,97.6,14.64,-87.84,34.16,53.68,34.16,39.04,590.48,688.08,385.52,214.72
87.84,102.48,14.64,-92.72,34.16,58.56,19.52,29.28,561.2,668.56,385.52,214.72
102.48,102.48,0,-102.48,48.8,48.8,9.76,19.52,531.92,644.16,375.76,209.84
82.96,97.6,14.64,-87.84,34.16,53.68,4.88,9.76,517.28,624.64,366,209.84
107.36,112.24,4.88,-107.36,48.8,58.56,4.88,9.76,502.64,610,356.24,214.72
136.64,141.52,4.88,-136.64,63.44,73.2,19.52,19.52,492.88,605.12,356.24,224.48
126.88,136.64,9.76,-131.76,58.56,73.2,4.88,4.88,463.6,570.96,346.48,214.72
122,131.76,9.76,-126.88,53.68,68.32,-4.88,4.88,434.32,541.68,336.72,204.96
87.84,112.24,24.4,-97.6,29.28,68.32,-4.88,0,414.8,522.16,326.96,190.32
63.44,122,58.56,-92.72,0,87.84,-4.88,0,400.16,502.64,317.2,190.32
78.08,131.76,53.68,-102.48,9.76,92.72,-14.64,-4.88,375.76,478.24,287.92,170.8
87.84,112.24,24.4,-97.6,29.28,68.32,-29.28,-29.28,336.72,434.32,258.64,146.4
68.32,97.6,29.28,-82.96,19.52,63.44,-43.92,-43.92,302.56,400.16,248.88,126.88
43.92,92.72,48.8,-68.32,-4.88,68.32,-43.92,-43.92,278.16,385.52,248.88,136.64
48.8,97.6,48.8,-73.2,0,73.2,-43.92,-39.04,268.4,370.88,239.12,136.64
58.56,97.6,39.04,-78.08,9.76,68.32,-43.92,-43.92,248.88,341.6,229.36,131.76
68.32,92.72,24.4,-78.08,19.52,58.56,-39.04,-39.04,234.24,322.08,214.72,131.76
48.8,122,73.2,-82.96,-14.64,97.6,-4.88,-4.88,224.48,307.44,214.72,141.52
43.92,126.88,82.96,-82.96,-19.52,102.48,-14.64,-14.64,200.08,278.16,195.2,136.64
43.92,112.24,68.32,-78.08,-14.64,87.84,-29.28,-34.16,175.68,244,180.56,126.88
48.8,112.24,63.44,-78.08,-9.76,87.84,-34.16,-43.92,151.28,229.36,165.92,117.12
34.16,97.6,63.44,-63.44,-14.64,78.08,-39.04,-43.92,131.76,204.96,151.28,102.48
43.92,87.84,43.92,-63.44,0,63.44,-53.68,-58.56,107.36,175.68,131.76,92.72
24.4,82.96,58.56,-53.68,-19.52,68.32,-53.68,-53.68,102.48,165.92,126.88,87.84
-9.76,78.08,87.84,-34.16,-48.8,82.96,-34.16,-34.16,102.48,161.04,126.88,92.72
9.76,92.72,82.96,-48.8,-39.04,87.84,-29.28,-34.16,92.72,151.28,122,92.72
48.8,97.6,48.8,-73.2,0,73.2,-39.04,-39.04,73.2,131.76,112.24,78.08
29.28,78.08,48.8,-53.68,-9.76,63.44,-39.04,-43.92,53.68,107.36,92.72,63.44
19.52,63.44,43.92,-39.04,-14.64,53.68,-43.92,-43.92,48.8,92.72,78.08,53.68
19.52,48.8,29.28,-34.16,-4.88,39.04,-53.68,-53.68,34.16,73.2,53.68,39.04
34.16,63.44,29.28,-48.8,0,43.92,-58.56,-58.56,19.52,63.44,53.68,34.16
29.28,73.2,43.92,-48.8,-9.76,58.56,-43.92,-43.92,24.4,68.32,63.44,43.92
39.04,68.32,29.28,-53.68,4.88,48.8,-43.92,-48.8,19.52,63.44,58.56,43.92
29.28,53.68,24.4,-39.04,0,39.04,-48.8,-48.8,14.64,48.8,53.68,29.28
-9.76,39.04,48.8,-14.64,-29.28,43.92,-29.28,-39.04,9.76,53.68,58.56,39.04
-14.64,39.04,53.68,-9.76,-34.16,43.92,-29.28,-34.16,4.88,48.8,58.56,39.04
0,43.92,43.92,-19.52,-24.4,43.92,-34.16,-34.16,0,43.92,53.68,34.16
0,24.4,24.4,-9.76,-14.64,24.4,-48.8,-48.8,-19.52,19.52,24.4,9.76
4.88,19.52,14.64,-9.76,-4.88,14.64,-48.8,-53.68,-24.4,9.76,14.64,0
14.64,24.4,9.76,-19.52,0,14.64,-48.8,-58.56,-29.28,4.88,9.76,4.88
4.88,24.4,19.52,-14.64,-9.76,19.52,-48.8,-53.68,-29.28,0,4.88,-4.88
14.64,29.28,14.64,-19.52,0,19.52,-39.04,-43.92,-24.4,9.76,9.76,0
24.4,34.16,9.76,-29.28,4.88,19.52,-43.92,-43.92,-29.28,14.64,9.76,4.88
14.64,34.16,19.52,-24.4,-4.88,24.4,-43.92,-43.92,-24.4,14.64,14.64,14.64
19.52,29.28,9.76,-24.4,4.88,19.52,-34.16,-34.16,-19.52,19.52,24.4,19.52
0,24.4,24.4,-9.76,-14.64,24.4,-29.28,-39.04,-19.52,19.52,29.28,19.52
-9.76,9.76,19.52,0,-14.64,14.64,-34.16,-39.04,-24.4,14.64,19.52,14.64
-14.64,4.88,19.52,4.88,-19.52,9.76,-34.16,-39.04,-24.4,9.76,14.64,4.88
-9.76,19.52,29.28,-4.88,-19.52,24.4,-24.4,-34.16,-24.4,9.76,4.88,0
-4.88,34.16,39.04,-14.64,-24.4,34.16,-29.28,-34.16,-19.52,14.64,4.88,4.88
0,24.4,24.4,-9.76,-14.64,24.4,-43.92,-43.92,-34.16,0,-4.88,-4.88
-34.16,9.76,43.92,14.64,-39.04,24.4,-34.16,-34.16,-24.4,9.76,0,-4.88
-29.28,4.88,34.16,14.64,-34.16,19.52,-34.16,-39.04,-24.4,9.76,0,-9.76
-9.76,9.76,19.52,0,-14.64,14.64,-39.04,-48.8,-24.4,4.88,-4.88,-9.76
29.28,29.28,0,-29.28,14.64,14.64,-29.28,-39.04,-24.4,4.88,-4.88,-9.76
24.4,29.28,4.88,-24.4,9.76,14.64,-29.28,-34.16,-24.4,9.76,0,0
19.52,24.4,4.88,-19.52,4.88,14.64,-29.28,-29.28,-14.64,14.64,0,4.88
19.52,19.52,0,-19.52,9.76,9.76,-34.16,-34.16,-19.52,4.88,-14.64,-4.88
14.64,9.76,-4.88,-9.76,9.76,0,-39.04,-48.8,-29.28,0,-9.76,-4.88
4.88,9.76,4.88,-4.88,0,4.88,-29.28,-39.04,-24.4,4.88,-4.88,0
9.76,24.4,14.64,-14.64,-4.88,19.52,-29.28,-29.28,-14.64,14.64,4.88,4.88
-19.52,14.64,34.16,4.88,-29.28,24.4,-24.4,-29.28,-14.64,19.52,4.88,4.88
0,24.4,24.4,-9.76,-14.64,24.4,-29.28,-34.16,-9.76,19.52,0,9.76
14.64,39.04,24.4,-24.4,-4.88,29.28,-34.16,-24.4,-4.88,24.4,9.76,14.64
4.88,29.28,24.4,-14.64,-9.76,24.4,-19.52,-9.76,4.88,34.16,19.52,19.52
4.88,39.04,34.16,-19.52,-14.64,34.16,-9.76,-9.76,14.64,43.92,24.4,19.52
19.52,29.28,9.76,-24.4,4.88,19.52,-9.76,-9.76,14.64,48.8,24.4,19.52
39.04,9.76,-29.28,-24.4,34.16,-9.76,-19.52,-24.4,4.88,34.16,9.76,4.88
14.64,4.88,-9.76,-9.76,9.76,-4.88,-24.4,-29.28,-4.88,29.28,0,0
-24.4,0,24.4,14.64,-24.4,9.76,-34.16,-34.16,-4.88,24.4,0,-4.88
-9.76,4.88,14.64,4.88,-14.64,9.76,-43.92,-39.04,-14.64,19.52,-4.88,-9.76
-4.88,9.76,14.64,0,-9.76,9.76,-34.16,-39.04,-4.88,29.28,0,-9.76
-39.04,4.88,43.92,19.52,-43.92,24.4,-24.4,-29.28,9.76,39.04,9.76,9.76
0,14.64,14.64,-4.88,-9.76,14.64,-34.16,-34.16,4.88,34.16,4.88,4.88
24.4,19.52,-4.88,-19.52,14.64,4.88,-39.04,-34.16,0,34.16,-4.88,-9.76
-4.88,24.4,29.28,-9.76,-19.52,24.4,-24.4,-19.52,19.52,48.8,0,4.88
-19.52,24.4,43.92,0,-34.16,34.16,-24.4,-19.52,19.52,43.92,9.76,9.76
9.76,19.52,9.76,-14.64,0,14.64,-29.28,-29.28,9.76,39.04,4.88,0
9.76,24.4,14.64,-14.64,-4.88,19.52,-24.4,-29.28,14.64,43.92,9.76,4.88
9.76,34.16,24.4,-19.52,-9.76,29.28,-19.52,-29.28,14.64,43.92,19.52,4.88
9.76,29.28,19.52,-19.52,-4.88,24.4,-29.28,-34.16,9.76,39.04,14.64,0
0,14.64,14.64,-4.88,-9.76,14.64,-34.16,-34.16,4.88,43.92,9.76,0
-9.76,14.64,24.4,0,-19.52,19.52,-34.16,-34.16,19.52,48.8,19.52,9.76
4.88,9.76,4.88,-4.88,0,4.88,-43.92,-43.92,14.64,39.04,-4.88,-4.88
14.64,4.88,-9.76,-9.76,9.76,-4.88,-34.16,-39.04,19.52,39.04,-4.88,-4.88
9.76,4.88,-4.88,-4.88,4.88,0,-29.28,-34.16,19.52,39.04,4.88,-4.88
-4.88,14.64,19.52,-4.88,-14.64,14.64,-19.52,-24.4,29.28,48.8,24.4,14.64
0,4.88,4.88,0,-4.88,4.88,-4.88,-14.64,34.16,53.68,29.28,14.64
19.52,14.64,-4.88,-14.64,9.76,4.88,-19.52,-24.4,29.28,53.68,29.28,9.76
4.88,34.16,29.28,-19.52,-14.64,29.28,-24.4,-34.16,19.52,43.92,19.52,0
19.52,24.4,4.88,-19.52,4.88,14.64,-34.16,-39.04,9.76,39.04,14.64,-9.76
39.04,34.16,-4.88,-34.16,19.52,14.64,-29.28,-39.04,9.76,43.92,9.76,-9.76
14.64,34.16,19.52,-24.4,-4.88,24.4,-24.4,-29.28,19.52,53.68,19.52,4.88
9.76,39.04,29.28,-24.4,-9.76,34.16,-14.64,-24.4,19.52,58.56,24.4,14.64
9.76,43.92,34.16,-24.4,-14.64,39.04,-19.52,-24.4,19.52,58.56,24.4,14.64
0,39.04,39.04,-19.52,-19.52,39.04,-14.64,-14.64,24.4,63.44,29.28,24.4
0,34.16,34.16,-14.64,-19.52,34.16,-14.64,-19.52,24.4,53.68,29.28,19.52
0,29.28,29.28,-14.64,-14.64,29.28,-14.64,-19.52,19.52,53.68,19.52,9.76
14.64,29.28,14.64,-19.52,0,19.52,-24.4,-29.28,9.76,48.8,9.76,4.88
39.04,48.8,9.76,-43.92,14.64,29.28,-19.52,-29.28,4.88,43.92,4.88,0
24.4,48.8,24.4,-34.16,0,34.16,-19.52,-24.4,14.64,43.92,19.52,9.76
14.64,29.28,14.64,-19.52,0,19.52,-29.28,-29.28,4.88,39.04,14.64,4.88
29.28,29.28,0,-29.28,14.64,14.64,-34.16,-39.04,4.88,39.04,14.64,4.88
9.76,19.52,9.76,-14.64,0,14.64,-24.4,-29.28,4.88,43.92,19.52,14.64
-4.88,14.64,19.52,-4.88,-14.64,14.64,-14.64,-19.52,9.76,48.8,24.4,19.52
24.4,34.16,9.76,-29.28,4.88,19.52,-14.64,-19.52,9.76,43.92,24.4,24.4
19.52,29.28,9.76,-24.4,4.88,19.52,-24.4,-29.28,0,29.28,14.64,14.64
14.64,24.4,9.76,-19.52,0,14.64,-34.16,-34.16,-9.76,34.16,4.88,4.88
19.52,19.52,0,-19.52,9.76,9.76,-39.04,-43.92,-9.76,29.28,0,0
-29.28,19.52,48.8,4.88,-39.04,34.16,-19.52,-24.4,9.76,48.8,24.4,19.52
19.52,43.92,24.4,-29.28,-4.88,34.16,-29.28,-34.16,-4.88,34.16,14.64,4.88
48.8,43.92,-4.88,-43.92,24.4,19.52,-48.8,-53.68,-24.4,19.52,0,-4.88
-24.4,39.04,63.44,-4.88,-43.92,48.8,-29.28,-34.16,-4.88,43.92,24.4,24.4
-9.76,43.92,53.68,-14.64,-34.16,48.8,-34.16,-39.04,-4.88,43.92,24.4,24.4
-4.88,39.04,43.92,-14.64,-24.4,39.04,-39.04,-39.04,-4.88,39.04,24.4,24.4
-4.88,29.28,34.16,-9.76,-19.52,29.28,-34.16,-39.04,-9.76,34.16,24.4,24.4
19.52,39.04,19.52,-29.28,0,29.28,-39.04,-43.92,-14.64,29.28,14.64,24.4
9.76,39.04,29.28,-24.4,-9.76,34.16,-34.16,-39.04,-14.64,34.16,9.76,29.28
-4.88,43.92,48.8,-19.52,-29.28,43.92,-24.4,-34.16,-4.88,43.92,29.28,43.92
19.52,58.56,39.04,-39.04,-9.76,48.8,-29.28,-39.04,-9.76,39.04,34.16,43.92
24.4,58.56,34.16,-39.04,-4.88,43.92,-34.16,-43.92,-19.52,34.16,29.28,34.16
9.76,48.8,39.04,-29.28,-14.64,43.92,-43.92,-48.8,-29.28,19.52,24.4,19.52
4.88,48.8,43.92,-24.4,-19.52,43.92,-43.92,-48.8,-19.52,19.52,9.76,19.52
4.88,58.56,53.68,-29.28,-24.4,53.68,-29.28,-34.16,-19.52,24.4,19.52,24.4
0,48.8,48.8,-24.4,-24.4,48.8,-29.28,-34.16,-19.52,19.52,24.4,19.52
14.64,34.16,19.52,-24.4,-4.88,24.4,-48.8,-53.68,-39.04,4.88,9.76,-4.88
24.4,34.16,9.76,-29.28,4.88,19.52,-48.8,-53.68,-39.04,0,9.76,-9.76
-4.88,39.04,43.92,-14.64,-24.4,39.04,-39.04,-43.92,-29.28,9.76,9.76,0
-9.76,53.68,63.44,-19.52,-39.04,58.56,-39.04,-43.92,-34.16,9.76,0,-4.88
4.88,58.56,53.68,-29.28,-24.4,53.68,-43.92,-48.8,-34.16,9.76,0,0
4.88,39.04,34.16,-19.52,-14.64,34.16,-48.8,-53.68,-43.92,0,-4.88,-4.88
-4.88,39.04,43.92,-14.64,-24.4,39.04,-53.68,-58.56,-43.92,0,-4.88,0
-9.76,29.28,39.04,-9.76,-24.4,34.16,-48.8,-53.68,-39.04,9.76,0,4.88
14.64,43.92,29.28,-29.28,-9.76,34.16,-48.8,-48.8,-39.04,4.88,4.88,4.88
34.16,58.56,24.4,-43.92,4.88,39.04,-39.04,-43.92,-39.04,4.88,9.76,4.88
9.76,34.16,24.4,-19.52,-9.76,29.28,-34.16,-43.92,-39.04,4.88,9.76,9.76
4.88,24.4,19.52,-14.64,-9.76,19.52,-39.04,-39.04,-43.92,-4.88,4.88,9.76
0,34.16,34.16,-14.64,-19.52,34.16,-39.04,-43.92,-53.68,-9.76,-4.88,0
-19.52,34.16,53.68,-4.88,-39.04,43.92,-34.16,-39.04,-48.8,-4.88,-4.88,0
-14.64,43.92,58.56,-14.64,-39.04,48.8,-24.4,-34.16,-39.04,4.88,4.88,4.88
-19.52,43.92,63.44,-9.76,-43.92,53.68,-19.52,-19.52,-29.28,19.52,14.64,9.76
14.64,53.68,39.04,-34.16,-14.64,43.92,-19.52,-19.52,-43.92,0,0,-4.88
9.76,43.92,34.16,-24.4,-14.64,39.04,14.64,-4.88,-43.92,4.88,-4.88,-4.88
-4.88,24.4,29.28,-9.76,-19.52,24.4,-4.88,-19.52,-48.8,4.88,0,-4.88
-4.88,39.04,43.92,-14.64,-24.4,39.04,-14.64,-19.52,-63.44,-4.88,-4.88,-14.64
14.64,53.68,39.04,-34.16,-14.64,43.92,-4.88,-9.76,-63.44,0,0,-4.88
29.28,39.04,9.76,-34.16,9.76,24.4,-24.4,-24.4,-73.2,-9.76,-4.88,-9.76
19.52,39.04,19.52,-29.28,0,29.28,-19.52,-24.4,-78.08,-14.64,-4.88,-9.76
19.52,39.04,19.52,-29.28,0,29.28,-29.28,-24.4,-73.2,-9.76,-4.88,0
14.64,34.16,19.52,-24.4,-4.88,24.4,-29.28,-29.28,-63.44,-9.76,-14.64,0
-4.88,29.28,34.16,-9.76,-19.52,29.28,-14.64,-14.64,-14.64,0,4.88,9.76
9.76,43.92,34.16,-24.4,-14.64,39.04,-14.64,-9.76,53.68,0,14.64,14.64
4.88,43.92,39.04,-24.4,-19.52,39.04,-4.88,0,78.08,9.76,24.4,24.4
-9.76,39.04,48.8,-14.64,-29.28,43.92,-9.76,-9.76,82.96,9.76,24.4,19.52
-4.88,34.16,39.04,-14.64,-24.4,34.16,-4.88,0,78.08,0,14.64,14.64
9.76,34.16,24.4,-19.52,-9.76,29.28,9.76,9.76,82.96,4.88,19.52,19.52
-4.88,34.16,39.04,-14.64,-24.4,34.16,4.88,9.76,78.08,0,14.64,9.76
-14.64,9.76,24.4,4.88,-19.52,14.64,0,0,68.32,-9.76,4.88,0
0,29.28,29.28,-14.64,-14.64,29.28,4.88,4.88,78.08,-9.76,4.88,-4.88
14.64,43.92,29.28,-29.28,-9.76,34.16,4.88,4.88,78.08,-4.88,4.88,0
4.88,39.04,34.16,-19.52,-14.64,34.16,4.88,9.76,68.32,0,4.88,4.88
19.52,43.92,24.4,-29.28,-4.88,34.16,0,4.88,48.8,-9.76,-4.88,0
4.88,39.04,34.16,-19.52,-14.64,34.16,-9.76,0,34.16,-14.64,-9.76,-4.88
-4.88,43.92,48.8,-19.52,-29.28,43.92,0,4.88,39.04,0,9.76,9.76
0,43.92,43.92,-19.52,-24.4,43.92,0,0,29.28,-4.88,9.76,9.76
-4.88,24.4,29.28,-9.76,-19.52,24.4,-9.76,-4.88,24.4,-9.76,0,0
4.88,19.52,14.64,-9.76,-4.88,14.64,0,4.88,34.16,-4.88,0,4.88
4.88,29.28,24.4,-14.64,-9.76,24.4,4.88,4.88,29.28,-4.88,0,0
14.64,34.16,19.52,-24.4,-4.88,24.4,4.88,14.64,29.28,-9.76,0,0
19.52,43.92,24.4,-29.28,-4.88,34.16,19.52,14.64,34.16,-4.88,4.88,0
14.64,29.28,14.64,-19.52,0,19.52,0,4.88,24.4,-14.64,-4.88,-9.76
9.76,34.16,24.4,-19.52,-9.76,29.28,0,4.88,19.52,-14.64,-4.88,-9.76
-4.88,14.64,19.52,-4.88,-14.64,14.64,9.76,9.76,24.4,-9.76,0,-4.88
4.88,19.52,14.64,-9.76,-4.88,14.64,4.88,9.76,19.52,-9.76,-4.88,-4.88
4.88,29.28,24.4,-14.64,-9.76,24.4,4.88,9.76,19.52,-14.64,-9.76,-14.64
-14.64,34.16,48.8,-9.76,-34.16,39.04,9.76,14.64,29.28,-4.88,0,-4.88
19.52,43.92,24.4,-29.28,-4.88,34.16,4.88,9.76,34.16,-4.88,0,-9.76
34.16,58.56,24.4,-43.92,4.88,39.04,4.88,9.76,34.16,0,4.88,0
19.52,53.68,34.16,-34.16,-9.76,43.92,9.76,14.64,43.92,4.88,9.76,4.88
29.28,58.56,29.28,-43.92,0,43.92,9.76,9.76,39.04,4.88,9.76,14.64
39.04,58.56,19.52,-48.8,9.76,39.04,4.88,0,29.28,-9.76,4.88,9.76
24.4,58.56,34.16,-39.04,-4.88,43.92,0,4.88,29.28,-9.76,0,9.76
29.28,63.44,34.16,-43.92,-4.88,48.8,0,0,24.4,-9.76,4.88,9.76
29.28,58.56,29.28,-43.92,0,43.92,4.88,4.88,24.4,-4.88,4.88,9.76
4.88,48.8,43.92,-24.4,-19.52,43.92,4.88,4.88,24.4,-9.76,0,9.76
24.4,53.68,29.28,-39.04,-4.88,39.04,4.88,0,24.4,-4.88,-9.76,14.64
39.04,39.04,0,-39.04,19.52,19.52,0,0,19.52,-4.88,-9.76,9.76
14.64,43.92,29.28,-29.28,-9.76,34.16,4.88,4.88,19.52,-9.76,-4.88,0
-14.64,29.28,43.92,-4.88,-29.28,34.16,0,0,19.52,-9.76,-9.76,-9.76
9.76,34.16,24.4,-19.52,-9.76,29.28,0,0,14.64,-9.76,-4.88,-14.64
19.52,43.92,24.4,-29.28,-4.88,34.16,-4.88,-9.76,14.64,-9.76,-4.88,-14.64
19.52,29.28,9.76,-24.4,4.88,19.52,-9.76,-9.76,9.76,-4.88,-4.88,-9.76
19.52,24.4,4.88,-19.52,4.88,14.64,-9.76,-9.76,9.76,-4.88,0,-4.88
-19.52,29.28,48.8,-4.88,-34.16,39.04,-19.52,-9.76,4.88,0,4.88,0
0,39.04,39.04,-19.52,-19.52,39.04,-19.52,-14.64,0,-4.88,-4.88,-4.88
39.04,58.56,19.52,-48.8,9.76,39.04,-24.4,-29.28,0,-14.64,-14.64,-4.88
19.52,39.04,19.52,-29.28,0,29.28,-14.64,-19.52,9.76,-9.76,-4.88,4.88
19.52,43.92,24.4,-29.28,-4.88,34.16,-24.4,-19.52,4.88,-14.64,-9.76,4.88
29.28,58.56,29.28,-43.92,0,43.92,-24.4,-19.52,14.64,-4.88,0,14.64
9.76,63.44,53.68,-34.16,-24.4,58.56,-9.76,-4.88,19.52,9.76,9.76,29.28
19.52,58.56,39.04,-39.04,-9.76,48.8,-19.52,-19.52,9.76,0,0,14.64
9.76,48.8,39.04,-29.28,-14.64,43.92,-14.64,-19.52,9.76,-4.88,-4.88,4.88
4.88,39.04,34.16,-19.52,-14.64,34.16,-24.4,-19.52,4.88,-4.88,0,9.76
19.52,48.8,29.28,-34.16,-4.88,39.04,-24.4,-19.52,9.76,-4.88,-4.88,4.88
24.4,53.68,29.28,-39.04,-4.88,39.04,-24.4,-19.52,4.88,-9.76,-9.76,0
19.52,63.44,43.92,-39.04,-14.64,53.68,-14.64,-14.64,19.52,0,4.88,14.64
53.68,53.68,0,-53.68,24.4,24.4,-34.16,-34.16,0,-14.64,-14.64,4.88
19.52,19.52,0,-19.52,9.76,9.76,-34.16,-34.16,4.88,-9.76,-19.52,4.88
-19.52,34.16,53.68,-4.88,-39.04,43.92,-29.28,-24.4,14.64,9.76,4.88,19.52
4.88,48.8,43.92,-24.4,-19.52,43.92,-29.28,-29.28,14.64,4.88,9.76,24.4
24.4,43.92,19.52,-34.16,0,29.28,-39.04,-43.92,4.88,-4.88,0,9.76
19.52,39.04,19.52,-29.28,0,29.28,-43.92,-48.8,0,-4.88,0,9.76
0,34.16,34.16,-14.64,-19.52,34.16,-43.92,-43.92,4.88,0,4.88,19.52
-9.76,29.28,39.04,-9.76,-24.4,34.16,-34.16,-34.16,9.76,9.76,9.76,24.4
-4.88,48.8,53.68,-19.52,-29.28,48.8,-24.4,-24.4,19.52,14.64,19.52,34.16
9.76,43.92,34.16,-24.4,-14.64,39.04,-34.16,-39.04,14.64,4.88,9.76,24.4
9.76,29.28,19.52,-19.52,-4.88,24.4,-34.16,-39.04,9.76,0,9.76,19.52
34.16,34.16,0,-34.16,14.64,14.64,-48.8,-48.8,4.88,0,4.88,9.76
24.4,24.4,0,-24.4,9.76,9.76,-58.56,-53.68,0,-9.76,0,9.76
29.28,39.04,9.76,-34.16,9.76,24.4,-48.8,-48.8,0,-9.76,0,14.64
0,39.04,39.04,-19.52,-19.52,39.04,-39.04,-43.92,9.76,4.88,9.76,29.28
-14.64,39.04,53.68,-9.76,-34.16,43.92,-39.04,-43.92,9.76,4.88,4.88,29.28
19.52,43.92,24.4,-29.28,-4.88,34.16,-53.68,-53.68,0,-4.88,0,24.4
29.28,43.92,14.64,-34.16,4.88,29.28,-53.68,-58.56,0,-4.88,-4.88,19.52
39.04,43.92,4.88,-39.04,14.64,24.4,-48.8,-53.68,4.88,-4.88,-4.88,19.52
29.28,53.68,24.4,-39.04,0,39.04,-43.92,-48.8,9.76,4.88,9.76,39.04
29.28,58.56,29.28,-43.92,0,43.92,-43.92,-48.8,4.88,0,4.88,39.04
19.52,48.8,29.28,-34.16,-4.88,39.04,-53.68,-53.68,4.88,-4.88,-4.88,34.16
4.88,43.92,39.04,-24.4,-19.52,39.04,-53.68,-53.68,4.88,-4.88,-4.88,29.28
9.76,34.16,24.4,-19.52,-9.76,29.28,-53.68,-53.68,4.88,0,9.76,34.16
19.52,48.8,29.28,-34.16,-4.88,39.04,-63.44,-68.32,-4.88,-4.88,0,24.4
4.88,53.68,48.8,-29.28,-24.4,48.8,-58.56,-68.32,0,0,0,19.52
14.64,48.8,34.16,-29.28,-9.76,39.04,-63.44,-63.44,4.88,0,4.88,24.4
14.64,39.04,24.4,-24.4,-4.88,29.28,-63.44,-68.32,-4.88,0,0,24.4
14.64,43.92,29.28,-29.28,-9.76,34.16,-58.56,-63.44,0,-4.88,0,24.4
0,39.04,39.04,-19.52,-19.52,39.04,-48.8,-53.68,9.76,4.88,9.76,39.04
-14.64,39.04,53.68,-9.76,-34.16,43.92,-43.92,-48.8,14.64,4.88,14.64,39.04
34.16,63.44,29.28,-48.8,0,43.92,-58.56,-58.56,4.88,4.88,9.76,24.4
48.8,68.32,19.52,-58.56,14.64,43.92,-58.56,-63.44,4.88,0,0,19.52
19.52,53.68,34.16,-34.16,-9.76,43.92,-63.44,-58.56,-4.88,0,-4.88,14.64
29.28,43.92,14.64,-34.16,4.88,29.28,-63.44,-68.32,-9.76,-9.76,-14.64,4.88
34.16,43.92,9.76,-39.04,9.76,24.4,-73.2,-82.96,-14.64,-9.76,-24.4,0
24.4,43.92,19.52,-34.16,0,29.28,-92.72,-92.72,-24.4,-14.64,-29.28,4.88
14.64,58.56,43.92,-34.16,-14.64,48.8,-73.2,-73.2,-4.88,-4.88,-9.76,19.52
4.88,48.8,43.92,-24.4,-19.52,43.92,-73.2,-73.2,-4.88,-4.88,-9.76,24.4
-9.76,29.28,39.04,-9.76,-24.4,34.16,-73.2,-78.08,-4.88,0,-14.64,29.28
14.64,39.04,24.4,-24.4,-4.88,29.28,-78.08,-82.96,-14.64,-14.64,-19.52,24.4
14.64,48.8,34.16,-29.28,-9.76,39.04,-73.2,-78.08,-4.88,0,-4.88,39.04
0,53.68,53.68,-24.4,-29.28,53.68,-78.08,-73.2,0,4.88,4.88,43.92
4.88,48.8,43.92,-24.4,-19.52,43.92,-78.08,-82.96,-4.88,4.88,9.76,43.92
24.4,43.92,19.52,-34.16,0,29.28,-87.84,-92.72,-9.76,0,0,29.28
34.16,58.56,24.4,-43.92,4.88,39.04,-82.96,-87.84,-4.88,4.88,0,34.16
29.28,58.56,29.28,-43.92,0,43.92,-87.84,-87.84,0,9.76,4.88,34.16
63.44,53.68,-9.76,-58.56,34.16,19.52,-82.96,-87.84,4.88,9.76,4.88,43.92
58.56,68.32,9.76,-63.44,24.4,39.04,-92.72,-102.48,-9.76,0,-14.64,34.16
34.16,63.44,29.28,-48.8,0,43.92,-102.48,-107.36,-14.64,-9.76,-24.4,24.4
9.76,63.44,53.68,-34.16,-24.4,58.56,-87.84,-92.72,0,4.88,-4.88,34.16
19.52,68.32,48.8,-43.92,-14.64,58.56,-92.72,-92.72,4.88,4.88,4.88,39.04
34.16,68.32,34.16,-48.8,0,48.8,-87.84,-92.72,0,9.76,14.64,48.8
34.16,68.32,34.16,-48.8,0,48.8,-87.84,-92.72,4.88,14.64,19.52,58.56
34.16,73.2,39.04,-53.68,-4.88,53.68,-97.6,-102.48,0,4.88,0,48.8
14.64,63.44,48.8,-39.04,-19.52,53.68,-97.6,-97.6,4.88,9.76,0,63.44
0,58.56,58.56,-29.28,-29.28,58.56,-102.48,-102.48,0,9.76,9.76,58.56
34.16,53.68,19.52,-43.92,4.88,34.16,-122,-126.88,-19.52,-14.64,-9.76,34.16
43.92,58.56,14.64,-48.8,14.64,34.16,-117.12,-126.88,-19.52,-9.76,-4.88,34.16
43.92,63.44,19.52,-53.68,9.76,39.04,-107.36,-112.24,-9.76,-4.88,0,39.04
29.28,68.32,39.04,-48.8,-4.88,53.68,-102.48,-102.48,0,9.76,9.76,53.68
9.76,73.2,63.44,-39.04,-29.28,68.32,-97.6,-97.6,9.76,14.64,14.64,58.56
0,68.32,68.32,-34.16,-34.16,68.32,-97.6,-102.48,9.76,19.52,14.64,63.44
9.76,78.08,68.32,-43.92,-29.28,73.2,-102.48,-107.36,4.88,19.52,9.76,63.44
34.16,82.96,48.8,-58.56,-9.76,63.44,-102.48,-107.36,9.76,24.4,14.64,68.32
34.16,97.6,63.44,-63.44,-14.64,78.08,-107.36,-107.36,9.76,24.4,14.64,68.32
9.76,126.88,117.12,-68.32,-53.68,122,-87.84,-92.72,29.28,48.8,43.92,92.72
19.52,122,102.48,-68.32,-43.92,112.24,-82.96,-87.84,34.16,43.92,43.92,87.84
24.4,126.88,102.48,-73.2,-39.04,112.24,-87.84,-87.84,34.16,39.04,34.16,82.96
48.8,141.52,92.72,-92.72,-24.4,117.12,-87.84,-82.96,39.04,48.8,39.04,87.84
53.68,146.4,92.72,-97.6,-19.52,117.12,-92.72,-92.72,29.28,43.92,39.04,92.72
63.44,141.52,78.08,-102.48,-9.76,107.36,-92.72,-97.6,29.28,43.92,39.04,97.6
48.8,131.76,82.96,-87.84,-19.52,107.36,-82.96,-92.72,34.16,43.92,39.04,87.84
43.92,146.4,102.48,-92.72,-29.28,122,-82.96,-87.84,34.16,48.8,39.04,92.72
29.28,151.28,122,-87.84,-48.8,136.64,-82.96,-87.84,34.16,48.8,34.16,82.96
-24.4,122,146.4,-48.8,-87.84,131.76,-82.96,-87.84,43.92,58.56,48.8,82.96
9.76,136.64,126.88,-73.2,-58.56,131.76,-92.72,-97.6,39.04,63.44,53.68,82.96
87.84,170.8,82.96,-126.88,0,126.88,-97.6,-102.48,43.92,53.68,43.92,73.2
82.96,170.8,87.84,-126.88,-4.88,126.88,-97.6,-102.48,43.92,53.68,48.8,73.2
58.56,175.68,117.12,-117.12,-29.28,146.4,-87.84,-92.72,58.56,68.32,68.32,92.72
29.28,185.44,156.16,-107.36,-63.44,170.8,-92.72,-97.6,63.44,73.2,73.2,97.6
14.64,185.44,170.8,-97.6,-78.08,175.68,-102.48,-107.36,68.32,78.08,78.08,107.36
58.56,209.84,151.28,-131.76,-48.8,180.56,-126.88,-131.76,58.56,68.32,63.44,92.72
73.2,214.72,141.52,-141.52,-34.16,175.68,-141.52,-141.52,48.8,73.2,63.44,97.6
43.92,204.96,161.04,-122,-58.56,180.56,-146.4,-156.16,43.92,78.08,63.44,102.48
58.56,214.72,156.16,-136.64,-48.8,185.44,-175.68,-180.56,24.4,73.2,68.32,107.36
63.44,219.6,156.16,-141.52,-48.8,185.44,-185.44,-190.32,19.52,68.32,68.32,117.12
58.56,219.6,161.04,-136.64,-53.68,190.32,-185.44,-190.32,19.52,73.2,78.08,131.76
53.68,214.72,161.04,-131.76,-53.68,185.44,-200.08,-200.08,9.76,63.44,73.2,126.88
68.32,209.84,141.52,-136.64,-39.04,175.68,-214.72,-209.84,4.88,53.68,63.44,117.12
73.2,204.96,131.76,-136.64,-29.28,165.92,-200.08,-204.96,14.64,63.44,68.32,122
39.04,200.08,161.04,-117.12,-63.44,180.56,-190.32,-195.2,14.64,68.32,73.2,126.88
39.04,195.2,156.16,-117.12,-58.56,175.68,-209.84,-209.84,0,53.68,58.56,112.24
78.08,185.44,107.36,-131.76,-14.64,146.4,-234.24,-239.12,-24.4,34.16,43.92,92.72
82.96,185.44,102.48,-131.76,-9.76,141.52,-244,-248.88,-39.04,14.64,24.4,78.08
92.72,209.84,117.12,-151.28,-14.64,161.04,-239.12,-244,-43.92,14.64,19.52,87.84
73.2,214.72,141.52,-141.52,-34.16,175.68,-224.48,-224.48,-24.4,34.16,34.16,102.48
29.28,209.84,180.56,-117.12,-78.08,195.2,-200.08,-200.08,0,58.56,48.8,126.88
58.56,204.96,146.4,-131.76,-43.92,175.68,-209.84,-214.72,-4.88,48.8,43.92,117.12
73.2,175.68,102.48,-122,-14.64,136.64,-224.48,-224.48,-14.64,39.04,43.92,107.36
68.32,170.8,102.48,-117.12,-19.52,136.64,-214.72,-219.6,-9.76,39.04,39.04,107.36
63.44,165.92,102.48,-112.24,-19.52,131.76,-204.96,-209.84,-4.88,43.92,53.68,117.12
43.92,146.4,102.48,-92.72,-29.28,122,-214.72,-219.6,-9.76,43.92,48.8,122
58.56,161.04,102.48,-107.36,-24.4,131.76,-224.48,-229.36,-19.52,39.04,39.04,112.24
48.8,151.28,102.48,-97.6,-29.28,126.88,-214.72,-224.48,-19.52,34.16,39.04,112.24
43.92,136.64,92.72,-87.84,-24.4,112.24,-219.6,-224.48,-29.28,29.28,34.16,102.48
43.92,107.36,63.44,-73.2,-9.76,82.96,-224.48,-229.36,-34.16,14.64,9.76,92.72
19.52,82.96,63.44,-48.8,-24.4,73.2,-224.48,-224.48,-43.92,9.76,0,87.84
34.16,97.6,63.44,-63.44,-14.64,78.08,-214.72,-219.6,-39.04,4.88,0,73.2
29.28,92.72,63.44,-58.56,-19.52,78.08,-200.08,-204.96,-34.16,4.88,4.88,68.32
24.4,73.2,48.8,-48.8,-14.64,58.56,-200.08,-204.96,-43.92,-4.88,-9.76,53.68
29.28,78.08,48.8,-53.68,-9.76,63.44,-195.2,-200.08,-43.92,0,-4.88,58.56
14.64,68.32,53.68,-39.04,-19.52,58.56,-195.2,-200.08,-39.04,4.88,-4.88,58.56
