I,II,III,aVR,aVL,aVF,V1,V2,V3,V4,V5,V6
605.12,-48.8,-653.92,-278.16,629.52,-351.36,-126.88,-73.2,-185.44,-287.92,-326.96,-351.36
556.32,-34.16,-590.48,-258.64,570.96,-312.32,-117.12,-48.8,-170.8,-268.4,-326.96,-341.6
448.96,-34.16,-483.12,-204.96,463.6,-258.64,-78.08,-14.64,-126.88,-229.36,-287.92,-307.44
522.16,-48.8,-570.96,-234.24,546.56,-312.32,-112.24,-48.8,-156.16,-258.64,-307.44,-331.84
561.2,-48.8,-610,-253.76,585.6,-331.84,-131.76,-58.56,-161.04,-273.28,-322.08,-346.48
590.48,-48.8,-639.28,-268.4,614.88,-346.48,-136.64,-78.08,-175.68,-283.04,-336.72,-361.12
585.6,-48.8,-634.4,-268.4,610,-341.6,-131.76,-82.96,-175.68,-283.04,-336.72,-356.24
531.92,-24.4,-556.32,-253.76,541.68,-292.8,-107.36,-58.56,-156.16,-263.52,-312.32,-341.6
614.88,-39.04,-653.92,-287.92,634.4,-346.48,-126.88,-63.44,-175.68,-287.92,-336.72,-361.12
624.64,-53.68,-678.32,-283.04,649.04,-366,-117.12,-63.44,-170.8,-283.04,-341.6,-351.36
634.4,-53.68,-688.08,-287.92,658.8,-370.88,-112.24,-63.44,-175.68,-292.8,-341.6,-356.24
595.36,-53.68,-649.04,-268.4,619.76,-351.36,-92.72,-43.92,-156.16,-278.16,-326.96,-341.6
531.92,-34.16,-566.08,-248.88,546.56,-302.56,-73.2,-19.52,-131.76,-258.64,-312.32,-322.08
570.96,-34.16,-605.12,-268.4,585.6,-322.08,-87.84,-34.16,-136.64,-268.4,-317.2,-336.72
610,-39.04,-649.04,-283.04,629.52,-346.48,-112.24,-58.56,-151.28,-287.92,-336.72,-361.12
580.72,-39.04,-619.76,-268.4,600.24,-331.84,-112.24,-53.68,-146.4,-278.16,-336.72,-361.12
590.48,-43.92,-634.4,-273.28,610,-341.6,-117.12,-58.56,-151.28,-283.04,-336.72,-356.24
644.16,-53.68,-697.84,-292.8,668.56,-375.76,-122,-58.56,-161.04,-297.68,-341.6,-366
673.44,-39.04,-712.48,-317.2,692.96,-375.76,-126.88,-58.56,-170.8,-312.32,-361.12,-380.64
736.88,-39.04,-775.92,-346.48,756.4,-409.92,-146.4,-73.2,-190.32,-326.96,-380.64,-395.28
697.84,-48.8,-746.64,-322.08,722.24,-400.16,-112.24,-53.68,-165.92,-312.32,-361.12,-375.76
707.6,-53.68,-761.28,-326.96,732,-409.92,-117.12,-53.68,-170.8,-322.08,-370.88,-390.4
771.04,-48.8,-819.84,-361.12,795.44,-434.32,-141.52,-78.08,-185.44,-341.6,-400.16,-414.8
751.52,-39.04,-790.56,-356.24,771.04,-414.8,-131.76,-68.32,-180.56,-326.96,-385.52,-409.92
688.08,-43.92,-732,-322.08,707.6,-390.4,-112.24,-48.8,-151.28,-307.44,-366,-390.4
717.36,-39.04,-756.4,-336.72,736.88,-400.16,-126.88,-53.68,-165.92,-317.2,-375.76,-400.16
697.84,-39.04,-736.88,-326.96,717.36,-390.4,-126.88,-48.8,-161.04,-312.32,-375.76,-390.4
712.48,-43.92,-756.4,-331.84,732,-400.16,-117.12,-43.92,-156.16,-312.32,-370.88,-395.28
736.88,-43.92,-780.8,-346.48,756.4,-414.8,-117.12,-39.04,-161.04,-322.08,-380.64,-405.04
741.76,-43.92,-785.68,-346.48,761.28,-414.8,-126.88,-43.92,-165.92,-326.96,-380.64,-409.92
746.64,-24.4,-771.04,-361.12,756.4,-400.16,-126.88,-39.04,-161.04,-326.96,-385.52,-400.16
746.64,-43.92,-790.56,-351.36,766.16,-419.68,-131.76,-34.16,-161.04,-326.96,-390.4,-409.92
741.76,-48.8,-790.56,-346.48,766.16,-419.68,-126.88,-39.04,-151.28,-326.96,-390.4,-414.8
780.8,-24.4,-805.2,-375.76,790.56,-414.8,-146.4,-48.8,-161.04,-336.72,-400.16,-419.68
814.96,-24.4,-839.36,-395.28,824.72,-434.32,-161.04,-63.44,-165.92,-351.36,-414.8,-434.32
829.6,-34.16,-863.76,-395.28,844.24,-448.96,-165.92,-63.44,-170.8,-351.36,-419.68,-448.96
819.84,-39.04,-858.88,-390.4,839.36,-448.96,-161.04,-48.8,-156.16,-341.6,-409.92,-429.44
795.44,-43.92,-839.36,-375.76,814.96,-444.08,-156.16,-34.16,-146.4,-336.72,-395.28,-419.68
829.6,-39.04,-868.64,-395.28,849.12,-453.84,-151.28,-29.28,-151.28,-346.48,-409.92,-434.32
844.24,-43.92,-888.16,-400.16,863.76,-468.48,-156.16,-39.04,-165.92,-351.36,-424.56,-444.08
824.72,-53.68,-878.4,-385.52,849.12,-468.48,-151.28,-34.16,-161.04,-361.12,-424.56,-434.32
834.48,-43.92,-878.4,-395.28,854,-463.6,-141.52,-24.4,-151.28,-356.24,-419.68,-439.2
834.48,-48.8,-883.28,-390.4,858.88,-468.48,-141.52,-19.52,-141.52,-341.6,-419.68,-434.32
814.96,-43.92,-858.88,-385.52,834.48,-453.84,-136.64,-14.64,-131.76,-341.6,-409.92,-424.56
829.6,-19.52,-849.12,-405.04,839.36,-434.32,-146.4,-24.4,-131.76,-351.36,-419.68,-439.2
829.6,-19.52,-849.12,-405.04,839.36,-434.32,-146.4,-14.64,-126.88,-346.48,-419.68,-448.96
810.08,-9.76,-819.84,-400.16,814.96,-414.8,-141.52,0,-117.12,-331.84,-405.04,-429.44
800.32,0,-800.32,-400.16,800.32,-400.16,-131.76,9.76,-112.24,-336.72,-400.16,-429.44
819.84,-34.16,-854,-390.4,834.48,-444.08,-126.88,24.4,-107.36,-336.72,-405.04,-429.44
824.72,-53.68,-878.4,-385.52,849.12,-468.48,-122,34.16,-107.36,-331.84,-400.16,-419.68
849.12,-43.92,-893.04,-400.16,868.64,-468.48,-131.76,29.28,-117.12,-341.6,-409.92,-434.32
829.6,-34.16,-863.76,-395.28,844.24,-448.96,-112.24,43.92,-97.6,-336.72,-405.04,-429.44
775.92,-24.4,-800.32,-375.76,785.68,-414.8,-107.36,68.32,-73.2,-312.32,-390.4,-409.92
766.16,-14.64,-780.8,-375.76,771.04,-400.16,-107.36,68.32,-73.2,-312.32,-385.52,-419.68
766.16,-4.88,-771.04,-380.64,766.16,-390.4,-97.6,78.08,-58.56,-312.32,-385.52,-414.8
766.16,-29.28,-795.44,-366,780.8,-414.8,-87.84,87.84,-48.8,-307.44,-380.64,-409.92
780.8,-24.4,-805.2,-375.76,790.56,-414.8,-97.6,92.72,-43.92,-302.56,-380.64,-405.04
785.68,-9.76,-795.44,-385.52,790.56,-405.04,-78.08,126.88,-29.28,-287.92,-366,-395.28
775.92,4.88,-771.04,-390.4,771.04,-385.52,-87.84,126.88,-34.16,-302.56,-385.52,-405.04
756.4,0,-756.4,-375.76,756.4,-380.64,-68.32,141.52,-29.28,-297.68,-375.76,-405.04
771.04,0,-771.04,-385.52,771.04,-385.52,-63.44,146.4,-24.4,-297.68,-380.64,-400.16
761.28,-29.28,-790.56,-366,775.92,-409.92,-53.68,165.92,-9.76,-292.8,-375.76,-400.16
751.52,-63.44,-814.96,-341.6,780.8,-439.2,-29.28,200.08,24.4,-263.52,-351.36,-375.76
756.4,-48.8,-805.2,-351.36,780.8,-429.44,-34.16,200.08,29.28,-268.4,-351.36,-380.64
756.4,-34.16,-790.56,-361.12,771.04,-414.8,-34.16,214.72,39.04,-268.4,-356.24,-375.76
746.64,-24.4,-771.04,-361.12,756.4,-400.16,-34.16,219.6,48.8,-263.52,-356.24,-375.76
722.24,-24.4,-746.64,-346.48,732,-385.52,-29.28,239.12,58.56,-253.76,-346.48,-366
732,-29.28,-761.28,-351.36,746.64,-395.28,-9.76,253.76,68.32,-248.88,-341.6,-361.12
746.64,-14.64,-761.28,-366,751.52,-390.4,-4.88,268.4,73.2,-248.88,-351.36,-361.12
732,-19.52,-751.52,-356.24,741.76,-385.52,0,292.8,82.96,-239.12,-341.6,-356.24
736.88,-29.28,-766.16,-351.36,751.52,-400.16,9.76,302.56,87.84,-239.12,-336.72,-356.24
746.64,-29.28,-775.92,-356.24,761.28,-405.04,9.76,312.32,87.84,-244,-346.48,-366
746.64,-24.4,-771.04,-361.12,756.4,-400.16,9.76,322.08,97.6,-244,-346.48,-366
746.64,-24.4,-771.04,-361.12,756.4,-400.16,24.4,341.6,117.12,-239.12,-336.72,-356.24
751.52,-29.28,-780.8,-361.12,766.16,-405.04,24.4,346.48,126.88,-239.12,-341.6,-361.12
741.76,-19.52,-761.28,-361.12,751.52,-390.4,24.4,356.24,136.64,-234.24,-346.48,-361.12
766.16,-39.04,-805.2,-361.12,785.68,-424.56,29.28,366,146.4,-229.36,-341.6,-356.24
746.64,-58.56,-805.2,-341.6,775.92,-434.32,39.04,400.16,165.92,-214.72,-326.96,-346.48
722.24,-43.92,-766.16,-336.72,741.76,-405.04,53.68,424.56,180.56,-209.84,-317.2,-331.84
668.56,-48.8,-717.36,-307.44,692.96,-385.52,78.08,444.08,190.32,-200.08,-312.32,-317.2
653.92,-58.56,-712.48,-297.68,683.2,-385.52,82.96,463.6,200.08,-190.32,-307.44,-307.44
653.92,-58.56,-712.48,-297.68,683.2,-385.52,87.84,473.36,209.84,-195.2,-307.44,-312.32
658.8,-58.56,-717.36,-297.68,688.08,-390.4,82.96,468.48,204.96,-209.84,-317.2,-317.2
692.96,-53.68,-746.64,-317.2,717.36,-400.16,82.96,468.48,209.84,-204.96,-317.2,-317.2
697.84,-58.56,-756.4,-317.2,727.12,-409.92,82.96,478.24,209.84,-204.96,-317.2,-312.32
673.44,-63.44,-736.88,-302.56,702.72,-400.16,73.2,468.48,204.96,-219.6,-326.96,-322.08
649.04,-63.44,-712.48,-292.8,678.32,-390.4,82.96,483.12,219.6,-204.96,-307.44,-297.68
663.68,-53.68,-717.36,-302.56,688.08,-385.52,87.84,492.88,224.48,-204.96,-317.2,-297.68
653.92,-34.16,-688.08,-307.44,668.56,-361.12,92.72,502.64,224.48,-214.72,-322.08,-302.56
644.16,-19.52,-663.68,-312.32,653.92,-341.6,92.72,497.76,209.84,-214.72,-322.08,-302.56
649.04,-34.16,-683.2,-307.44,663.68,-361.12,97.6,497.76,209.84,-229.36,-322.08,-302.56
649.04,-48.8,-697.84,-297.68,673.44,-375.76,102.48,502.64,214.72,-229.36,-326.96,-292.8
668.56,-34.16,-702.72,-317.2,683.2,-370.88,92.72,488,204.96,-234.24,-331.84,-302.56
639.28,-34.16,-673.44,-302.56,653.92,-356.24,92.72,488,209.84,-229.36,-326.96,-292.8
639.28,-34.16,-673.44,-302.56,653.92,-356.24,87.84,483.12,209.84,-234.24,-326.96,-287.92
624.64,-39.04,-663.68,-292.8,644.16,-351.36,87.84,473.36,195.2,-239.12,-336.72,-287.92
629.52,-43.92,-673.44,-292.8,649.04,-361.12,78.08,453.84,185.44,-248.88,-336.72,-287.92
639.28,-43.92,-683.2,-297.68,658.8,-366,73.2,453.84,180.56,-248.88,-336.72,-283.04
634.4,-48.8,-683.2,-292.8,658.8,-366,78.08,444.08,161.04,-253.76,-341.6,-283.04
624.64,-39.04,-663.68,-292.8,644.16,-351.36,68.32,424.56,146.4,-268.4,-351.36,-287.92
610,-39.04,-649.04,-283.04,629.52,-346.48,63.44,414.8,146.4,-278.16,-351.36,-287.92
590.48,-48.8,-639.28,-268.4,614.88,-346.48,68.32,414.8,141.52,-278.16,-351.36,-278.16
600.24,-14.64,-614.88,-292.8,605.12,-317.2,48.8,385.52,122,-287.92,-361.12,-283.04
575.84,-9.76,-585.6,-283.04,580.72,-297.68,39.04,366,112.24,-287.92,-356.24,-278.16
556.32,-29.28,-585.6,-263.52,570.96,-307.44,58.56,356.24,107.36,-283.04,-351.36,-268.4
575.84,-43.92,-619.76,-263.52,595.36,-331.84,53.68,326.96,97.6,-292.8,-356.24,-268.4
556.32,-58.56,-614.88,-248.88,585.6,-336.72,39.04,307.44,82.96,-292.8,-346.48,-258.64
531.92,-58.56,-590.48,-234.24,561.2,-326.96,48.8,297.68,78.08,-283.04,-336.72,-244
522.16,-63.44,-585.6,-229.36,551.44,-326.96,48.8,287.92,68.32,-273.28,-322.08,-224.48
536.8,-78.08,-614.88,-229.36,575.84,-346.48,34.16,253.76,43.92,-287.92,-336.72,-234.24
541.68,-68.32,-610,-234.24,575.84,-341.6,19.52,229.36,29.28,-297.68,-331.84,-239.12
522.16,-73.2,-595.36,-224.48,556.32,-336.72,9.76,209.84,29.28,-287.92,-322.08,-229.36
502.64,-68.32,-570.96,-214.72,536.8,-322.08,0,190.32,24.4,-273.28,-307.44,-214.72
488,-58.56,-546.56,-214.72,517.28,-302.56,0,165.92,24.4,-263.52,-297.68,-200.08
463.6,-58.56,-522.16,-200.08,492.88,-292.8,-9.76,146.4,9.76,-268.4,-292.8,-195.2
424.56,-63.44,-488,-180.56,453.84,-278.16,-9.76,136.64,14.64,-253.76,-278.16,-185.44
419.68,-63.44,-483.12,-175.68,448.96,-273.28,-29.28,112.24,4.88,-248.88,-268.4,-175.68
424.56,-82.96,-507.52,-170.8,463.6,-297.68,-39.04,87.84,-9.76,-244,-263.52,-170.8
434.32,-78.08,-512.4,-175.68,473.36,-297.68,-48.8,68.32,-29.28,-244,-268.4,-175.68
424.56,-63.44,-488,-180.56,453.84,-278.16,-53.68,43.92,-43.92,-248.88,-258.64,-175.68
409.92,-58.56,-468.48,-175.68,439.2,-263.52,-58.56,29.28,-58.56,-239.12,-253.76,-170.8
385.52,-58.56,-444.08,-161.04,414.8,-253.76,-58.56,19.52,-58.56,-229.36,-244,-165.92
346.48,-48.8,-395.28,-146.4,370.88,-224.48,-58.56,0,-63.44,-214.72,-219.6,-156.16
336.72,-43.92,-380.64,-146.4,356.24,-214.72,-58.56,-14.64,-58.56,-195.2,-204.96,-136.64
346.48,-68.32,-414.8,-136.64,380.64,-244,-53.68,-24.4,-63.44,-190.32,-200.08,-131.76
346.48,-73.2,-419.68,-136.64,380.64,-248.88,-58.56,-43.92,-68.32,-195.2,-200.08,-136.64
336.72,-48.8,-385.52,-141.52,361.12,-219.6,-68.32,-58.56,-78.08,-190.32,-190.32,-126.88
336.72,-34.16,-370.88,-151.28,351.36,-204.96,-73.2,-73.2,-87.84,-190.32,-185.44,-122
326.96,-24.4,-351.36,-151.28,336.72,-190.32,-78.08,-87.84,-102.48,-185.44,-180.56,-126.88
322.08,-73.2,-395.28,-122,356.24,-234.24,-68.32,-82.96,-92.72,-165.92,-165.92,-107.36
292.8,-97.6,-390.4,-97.6,341.6,-244,-63.44,-78.08,-87.84,-146.4,-151.28,-97.6
273.28,-78.08,-351.36,-97.6,312.32,-214.72,-53.68,-82.96,-92.72,-146.4,-141.52,-92.72
283.04,-63.44,-346.48,-107.36,312.32,-204.96,-68.32,-107.36,-107.36,-161.04,-151.28,-112.24
292.8,-48.8,-341.6,-122,317.2,-195.2,-73.2,-122,-117.12,-161.04,-156.16,-117.12
253.76,-29.28,-283.04,-112.24,268.4,-156.16,-68.32,-126.88,-112.24,-146.4,-141.52,-112.24
234.24,-24.4,-258.64,-102.48,244,-141.52,-73.2,-136.64,-112.24,-151.28,-141.52,-117.12
248.88,-19.52,-268.4,-112.24,258.64,-146.4,-73.2,-141.52,-126.88,-146.4,-136.64,-117.12
239.12,-19.52,-258.64,-107.36,248.88,-141.52,-73.2,-141.52,-126.88,-141.52,-136.64,-107.36
209.84,-34.16,-244,-87.84,224.48,-141.52,-58.56,-131.76,-122,-126.88,-126.88,-92.72
209.84,-29.28,-239.12,-87.84,224.48,-136.64,-53.68,-131.76,-122,-122,-117.12,-87.84
209.84,-34.16,-244,-87.84,224.48,-141.52,-73.2,-141.52,-136.64,-136.64,-122,-97.6
190.32,-34.16,-224.48,-78.08,204.96,-131.76,-68.32,-141.52,-131.76,-136.64,-122,-102.48
185.44,-29.28,-214.72,-78.08,200.08,-122,-63.44,-141.52,-131.76,-136.64,-117.12,-97.6
161.04,-29.28,-190.32,-63.44,175.68,-112.24,-58.56,-151.28,-141.52,-141.52,-122,-102.48
161.04,-29.28,-190.32,-63.44,175.68,-112.24,-53.68,-151.28,-141.52,-151.28,-126.88,-102.48
170.8,-34.16,-204.96,-68.32,185.44,-122,-53.68,-156.16,-136.64,-146.4,-122,-97.6
146.4,-14.64,-161.04,-63.44,151.28,-87.84,-58.56,-151.28,-141.52,-141.52,-117.12,-92.72
131.76,-4.88,-136.64,-63.44,131.76,-73.2,-43.92,-146.4,-131.76,-131.76,-107.36,-87.84
141.52,-9.76,-151.28,-63.44,146.4,-82.96,-34.16,-141.52,-131.76,-126.88,-112.24,-87.84
165.92,-29.28,-195.2,-68.32,180.56,-112.24,-39.04,-146.4,-136.64,-131.76,-112.24,-92.72
151.28,-34.16,-185.44,-58.56,165.92,-112.24,-34.16,-136.64,-136.64,-131.76,-107.36,-87.84
107.36,-43.92,-151.28,-29.28,126.88,-97.6,-24.4,-131.76,-122,-122,-102.48,-78.08
97.6,-58.56,-156.16,-19.52,126.88,-107.36,-24.4,-131.76,-126.88,-122,-102.48,-78.08
107.36,-48.8,-156.16,-29.28,131.76,-102.48,-24.4,-136.64,-136.64,-126.88,-102.48,-82.96
107.36,-43.92,-151.28,-29.28,126.88,-97.6,-29.28,-131.76,-136.64,-131.76,-107.36,-82.96
78.08,-43.92,-122,-14.64,97.6,-82.96,-19.52,-126.88,-122,-117.12,-97.6,-68.32
58.56,-53.68,-112.24,0,82.96,-82.96,-14.64,-122,-126.88,-117.12,-87.84,-68.32
82.96,-39.04,-122,-19.52,102.48,-82.96,-14.64,-117.12,-122,-122,-92.72,-68.32
102.48,-24.4,-126.88,-39.04,112.24,-78.08,-19.52,-112.24,-122,-126.88,-97.6,-73.2
117.12,-19.52,-136.64,-48.8,126.88,-78.08,-19.52,-117.12,-126.88,-126.88,-102.48,-73.2
122,-29.28,-151.28,-43.92,136.64,-92.72,-29.28,-126.88,-131.76,-141.52,-107.36,-82.96
112.24,-24.4,-136.64,-43.92,122,-82.96,-19.52,-122,-126.88,-136.64,-112.24,-87.84
117.12,-24.4,-141.52,-43.92,126.88,-82.96,-19.52,-126.88,-136.64,-136.64,-122,-102.48
107.36,-9.76,-117.12,-48.8,112.24,-63.44,-9.76,-122,-126.88,-136.64,-122,-97.6
92.72,-14.64,-107.36,-39.04,97.6,-63.44,-9.76,-117.12,-122,-131.76,-117.12,-92.72
87.84,-43.92,-131.76,-19.52,107.36,-87.84,-4.88,-112.24,-117.12,-122,-112.24,-87.84
63.44,-43.92,-107.36,-9.76,82.96,-78.08,9.76,-97.6,-97.6,-112.24,-92.72,-68.32
58.56,-29.28,-87.84,-14.64,73.2,-58.56,0,-92.72,-102.48,-117.12,-97.6,-68.32
68.32,-24.4,-92.72,-19.52,78.08,-58.56,14.64,-92.72,-112.24,-122,-102.48,-73.2
82.96,-29.28,-112.24,-24.4,97.6,-73.2,4.88,-92.72,-117.12,-131.76,-112.24,-82.96
87.84,-39.04,-126.88,-24.4,107.36,-82.96,4.88,-92.72,-112.24,-136.64,-112.24,-82.96
58.56,-9.76,-68.32,-24.4,63.44,-39.04,9.76,-87.84,-107.36,-131.76,-112.24,-82.96
39.04,-4.88,-43.92,-14.64,39.04,-24.4,14.64,-87.84,-102.48,-131.76,-112.24,-78.08
39.04,-14.64,-53.68,-9.76,43.92,-34.16,4.88,-97.6,-107.36,-141.52,-122,-92.72
29.28,-43.92,-73.2,9.76,48.8,-58.56,14.64,-82.96,-92.72,-126.88,-107.36,-73.2
9.76,-43.92,-53.68,19.52,29.28,-48.8,19.52,-78.08,-82.96,-117.12,-97.6,-63.44
19.52,-19.52,-39.04,0,29.28,-29.28,19.52,-82.96,-78.08,-112.24,-92.72,-58.56
34.16,-29.28,-63.44,0,48.8,-48.8,19.52,-73.2,-78.08,-112.24,-92.72,-48.8
24.4,-34.16,-58.56,4.88,39.04,-48.8,19.52,-68.32,-78.08,-112.24,-92.72,-53.68
39.04,-39.04,-78.08,0,58.56,-58.56,24.4,-63.44,-73.2,-107.36,-87.84,-53.68
34.16,-29.28,-63.44,0,48.8,-48.8,29.28,-58.56,-68.32,-107.36,-82.96,-48.8
4.88,-34.16,-39.04,14.64,19.52,-39.04,43.92,-39.04,-58.56,-102.48,-78.08,-34.16
14.64,-43.92,-58.56,14.64,34.16,-53.68,48.8,-39.04,-48.8,-92.72,-73.2,-34.16
9.76,-29.28,-39.04,9.76,24.4,-34.16,34.16,-58.56,-58.56,-102.48,-82.96,-39.04
14.64,-9.76,-24.4,0,19.52,-19.52,24.4,-68.32,-68.32,-102.48,-82.96,-43.92
9.76,-9.76,-19.52,0,14.64,-14.64,19.52,-58.56,-58.56,-97.6,-87.84,-48.8
9.76,-14.64,-24.4,4.88,14.64,-19.52,24.4,-58.56,-53.68,-87.84,-78.08,-43.92
14.64,-14.64,-29.28,0,19.52,-24.4,19.52,-48.8,-53.68,-87.84,-78.08,-53.68
-4.88,-9.76,-4.88,9.76,0,-9.76,19.52,-43.92,-53.68,-87.84,-82.96,-58.56
-14.64,-34.16,-19.52,24.4,0,-29.28,29.28,-39.04,-48.8,-82.96,-73.2,-53.68
-19.52,-39.04,-19.52,29.28,0,-29.28,43.92,-29.28,-39.04,-68.32,-58.56,-39.04
-24.4,-24.4,0,24.4,-14.64,-14.64,39.04,-34.16,-34.16,-68.32,-63.44,-43.92
-39.04,-24.4,14.64,34.16,-29.28,-4.88,48.8,-29.28,-24.4,-63.44,-53.68,-34.16
-43.92,-14.64,29.28,29.28,-39.04,4.88,39.04,-34.16,-29.28,-63.44,-58.56,-39.04
-29.28,-4.88,24.4,19.52,-29.28,9.76,34.16,-39.04,-34.16,-73.2,-63.44,-48.8
-34.16,-14.64,19.52,24.4,-29.28,0,39.04,-34.16,-29.28,-63.44,-58.56,-43.92
-19.52,-9.76,9.76,14.64,-14.64,0,29.28,-43.92,-34.16,-73.2,-63.44,-43.92
-19.52,-24.4,-4.88,24.4,-9.76,-14.64,29.28,-34.16,-29.28,-68.32,-58.56,-39.04
-14.64,-9.76,4.88,14.64,-9.76,-4.88,39.04,-29.28,-39.04,-68.32,-58.56,-39.04
-29.28,-9.76,19.52,19.52,-24.4,4.88,39.04,-34.16,-43.92,-68.32,-58.56,-29.28
-48.8,-4.88,43.92,29.28,-48.8,19.52,48.8,-24.4,-34.16,-68.32,-48.8,-19.52
-39.04,9.76,48.8,14.64,-43.92,29.28,39.04,-29.28,-39.04,-78.08,-58.56,-29.28
-34.16,-29.28,4.88,34.16,-19.52,-14.64,39.04,-29.28,-39.04,-68.32,-48.8,-29.28
-39.04,-14.64,24.4,29.28,-34.16,4.88,48.8,-24.4,-24.4,-53.68,-39.04,-14.64
-43.92,0,43.92,24.4,-43.92,19.52,48.8,-19.52,-19.52,-43.92,-34.16,-14.64
-73.2,-14.64,58.56,43.92,-68.32,19.52,53.68,-14.64,-9.76,-34.16,-29.28,-14.64
-92.72,-9.76,82.96,53.68,-87.84,34.16,48.8,-14.64,-9.76,-24.4,-19.52,-19.52
-97.6,-9.76,87.84,53.68,-92.72,39.04,48.8,-14.64,-9.76,-24.4,-14.64,-9.76
-107.36,4.88,112.24,53.68,-112.24,58.56,58.56,0,0,-14.64,-4.88,0
-126.88,-4.88,122,68.32,-126.88,58.56,58.56,-4.88,0,-24.4,-9.76,0
-117.12,-14.64,102.48,68.32,-112.24,43.92,63.44,-4.88,-4.88,-24.4,-9.76,0
-131.76,-14.64,117.12,73.2,-126.88,48.8,73.2,4.88,0,-24.4,-14.64,4.88
-151.28,-14.64,136.64,82.96,-146.4,58.56,68.32,4.88,4.88,-19.52,-19.52,9.76
-131.76,-14.64,117.12,73.2,-126.88,48.8,63.44,-4.88,-4.88,-14.64,-14.64,9.76
-117.12,-14.64,102.48,68.32,-112.24,43.92,63.44,-14.64,-9.76,-19.52,-14.64,4.88
-131.76,-19.52,112.24,78.08,-122,43.92,63.44,-9.76,4.88,-9.76,-9.76,14.64
-122,-9.76,112.24,68.32,-117.12,48.8,63.44,-14.64,0,-4.88,0,14.64
-107.36,0,107.36,53.68,-107.36,53.68,58.56,-9.76,-4.88,-9.76,-4.88,14.64
-102.48,-14.64,87.84,58.56,-97.6,34.16,53.68,-9.76,-14.64,-14.64,-9.76,14.64
-117.12,-34.16,82.96,78.08,-102.48,24.4,68.32,0,4.88,-4.88,0,24.4
-146.4,-43.92,102.48,97.6,-126.88,29.28,73.2,4.88,0,0,9.76,29.28
-180.56,-34.16,146.4,107.36,-165.92,53.68,82.96,14.64,19.52,14.64,19.52,43.92
-161.04,-24.4,136.64,92.72,-151.28,53.68,68.32,-9.76,4.88,4.88,9.76,29.28
-156.16,-34.16,122,97.6,-141.52,43.92,63.44,-19.52,0,0,9.76,19.52
-136.64,-48.8,87.84,92.72,-112.24,19.52,63.44,-14.64,0,4.88,9.76,24.4
-136.64,-43.92,92.72,92.72,-117.12,24.4,53.68,-19.52,-4.88,-4.88,0,14.64
-146.4,-48.8,97.6,97.6,-122,24.4,58.56,-19.52,-9.76,0,14.64,14.64
-136.64,-14.64,122,78.08,-131.76,53.68,53.68,-19.52,-19.52,-4.88,4.88,9.76
-161.04,-4.88,156.16,82.96,-161.04,73.2,48.8,-19.52,-19.52,-9.76,4.88,9.76
-156.16,-4.88,151.28,82.96,-156.16,73.2,53.68,-19.52,-19.52,-14.64,0,9.76
-141.52,-9.76,131.76,78.08,-136.64,58.56,53.68,-19.52,-24.4,-24.4,-9.76,4.88
-161.04,-14.64,146.4,87.84,-156.16,63.44,58.56,-14.64,-24.4,-34.16,-24.4,0
-161.04,-9.76,151.28,87.84,-156.16,68.32,53.68,-24.4,-24.4,-39.04,-34.16,-14.64
-180.56,-4.88,175.68,92.72,-180.56,82.96,53.68,-24.4,-19.52,-34.16,-29.28,-9.76
-165.92,-4.88,161.04,87.84,-165.92,78.08,48.8,-29.28,-19.52,-24.4,-29.28,-9.76
-161.04,-14.64,146.4,87.84,-156.16,63.44,53.68,-19.52,-4.88,-9.76,-9.76,4.88
-175.68,-19.52,156.16,97.6,-165.92,68.32,53.68,-29.28,-14.64,0,0,14.64
-185.44,4.88,190.32,92.72,-190.32,97.6,53.68,-19.52,-9.76,0,9.76,24.4
-185.44,-19.52,165.92,102.48,-175.68,73.2,58.56,-9.76,-9.76,-4.88,14.64,24.4
-175.68,-48.8,126.88,112.24,-151.28,39.04,73.2,-4.88,-4.88,4.88,19.52,29.28
-156.16,-34.16,122,97.6,-141.52,43.92,58.56,-19.52,-19.52,-9.76,9.76,19.52
-151.28,-34.16,117.12,92.72,-136.64,39.04,48.8,-19.52,-29.28,-19.52,-4.88,9.76
-146.4,-39.04,107.36,92.72,-126.88,34.16,53.68,-24.4,-24.4,-19.52,-9.76,9.76
-170.8,-24.4,146.4,97.6,-161.04,58.56,53.68,-24.4,-14.64,-14.64,-4.88,9.76
-204.96,-53.68,151.28,131.76,-180.56,48.8,53.68,-19.52,-19.52,-14.64,-4.88,4.88
-195.2,-53.68,141.52,126.88,-170.8,43.92,48.8,-24.4,-24.4,-14.64,-4.88,0
-175.68,-34.16,141.52,107.36,-161.04,53.68,39.04,-34.16,-34.16,-14.64,-4.88,-9.76
-209.84,-29.28,180.56,122,-195.2,73.2,39.04,-24.4,-24.4,-9.76,4.88,4.88
-209.84,-19.52,190.32,117.12,-200.08,82.96,48.8,-9.76,-14.64,-4.88,9.76,14.64
-185.44,-39.04,146.4,112.24,-165.92,53.68,48.8,-14.64,-19.52,-19.52,-4.88,4.88
-156.16,-48.8,107.36,102.48,-131.76,29.28,43.92,-29.28,-29.28,-29.28,-14.64,0
-175.68,-24.4,151.28,102.48,-165.92,63.44,43.92,-24.4,-24.4,-24.4,-19.52,-4.88
-209.84,-29.28,180.56,122,-195.2,73.2,43.92,-19.52,-14.64,-14.64,-9.76,4.88
-239.12,-29.28,209.84,136.64,-224.48,87.84,63.44,-9.76,0,-4.88,4.88,19.52
-224.48,-48.8,175.68,136.64,-200.08,63.44,53.68,-14.64,-14.64,-9.76,-4.88,14.64
-214.72,-53.68,161.04,136.64,-190.32,53.68,43.92,-19.52,-19.52,-24.4,-14.64,4.88
-204.96,-43.92,161.04,126.88,-185.44,58.56,43.92,-19.52,-19.52,-19.52,-4.88,14.64
-209.84,-43.92,165.92,126.88,-190.32,58.56,48.8,-19.52,-14.64,-9.76,4.88,29.28
-219.6,-43.92,175.68,131.76,-200.08,63.44,39.04,-14.64,-14.64,-14.64,9.76,29.28
-195.2,-19.52,175.68,107.36,-185.44,78.08,34.16,-29.28,-34.16,-29.28,-4.88,14.64
-209.84,-29.28,180.56,122,-195.2,73.2,34.16,-29.28,-34.16,-29.28,-4.88,14.64
-219.6,-43.92,175.68,131.76,-200.08,63.44,43.92,-19.52,-19.52,-14.64,4.88,24.4
-234.24,-53.68,180.56,146.4,-209.84,63.44,48.8,-9.76,-14.64,-14.64,4.88,24.4
-219.6,-43.92,175.68,131.76,-200.08,63.44,43.92,-19.52,-19.52,-19.52,-4.88,19.52
-224.48,-24.4,200.08,126.88,-214.72,87.84,43.92,-19.52,-14.64,-14.64,0,19.52
-234.24,-9.76,224.48,122,-229.36,107.36,39.04,-34.16,-29.28,-29.28,-14.64,9.76
-239.12,-4.88,234.24,122,-239.12,112.24,39.04,-34.16,-29.28,-34.16,-19.52,4.88
-244,-4.88,239.12,126.88,-244,117.12,39.04,-34.16,-43.92,-39.04,-24.4,0
-239.12,9.76,248.88,117.12,-244,126.88,24.4,-34.16,-48.8,-43.92,-29.28,-4.88
-219.6,-9.76,209.84,117.12,-214.72,97.6,29.28,-29.28,-39.04,-29.28,-19.52,0
-219.6,-34.16,185.44,126.88,-204.96,73.2,39.04,-24.4,-34.16,-24.4,-9.76,14.64
-214.72,-9.76,204.96,112.24,-209.84,97.6,34.16,-34.16,-43.92,-29.28,-14.64,4.88
-209.84,9.76,219.6,102.48,-214.72,112.24,24.4,-43.92,-43.92,-29.28,-24.4,-4.88
-214.72,9.76,224.48,102.48,-219.6,117.12,24.4,-43.92,-48.8,-34.16,-24.4,-4.88
-219.6,14.64,234.24,102.48,-229.36,122,29.28,-39.04,-39.04,-29.28,-19.52,0
-219.6,43.92,263.52,87.84,-244,151.28,24.4,-43.92,-43.92,-29.28,-19.52,0
-219.6,29.28,248.88,97.6,-234.24,136.64,14.64,-48.8,-43.92,-34.16,-14.64,9.76
-229.36,34.16,263.52,97.6,-248.88,146.4,14.64,-48.8,-48.8,-39.04,-9.76,9.76
-248.88,34.16,283.04,107.36,-268.4,156.16,14.64,-48.8,-43.92,-39.04,-9.76,14.64
-244,29.28,273.28,107.36,-258.64,151.28,14.64,-53.68,-53.68,-43.92,-19.52,4.88
-258.64,39.04,297.68,112.24,-278.16,165.92,24.4,-43.92,-48.8,-29.28,-9.76,14.64
-283.04,53.68,336.72,117.12,-312.32,195.2,24.4,-48.8,-58.56,-48.8,-24.4,0
-273.28,58.56,331.84,107.36,-302.56,195.2,14.64,-48.8,-53.68,-43.92,-29.28,-4.88
-248.88,53.68,302.56,97.6,-278.16,175.68,9.76,-48.8,-58.56,-39.04,-29.28,-9.76
-258.64,48.8,307.44,107.36,-283.04,175.68,4.88,-53.68,-58.56,-43.92,-29.28,-9.76
-239.12,73.2,312.32,82.96,-278.16,190.32,-4.88,-68.32,-63.44,-43.92,-34.16,-14.64
-248.88,87.84,336.72,82.96,-292.8,209.84,0,-63.44,-58.56,-34.16,-19.52,-9.76
-258.64,92.72,351.36,82.96,-307.44,219.6,0,-53.68,-48.8,-29.28,-14.64,0
-263.52,92.72,356.24,87.84,-312.32,224.48,4.88,-53.68,-58.56,-39.04,-24.4,-9.76
-258.64,87.84,346.48,87.84,-302.56,214.72,4.88,-63.44,-63.44,-53.68,-34.16,-14.64
-253.76,82.96,336.72,87.84,-297.68,209.84,9.76,-58.56,-63.44,-48.8,-24.4,0
-263.52,78.08,341.6,92.72,-302.56,209.84,9.76,-63.44,-53.68,-53.68,-29.28,-4.88
-258.64,68.32,326.96,97.6,-292.8,195.2,4.88,-73.2,-73.2,-63.44,-43.92,-14.64
-234.24,68.32,302.56,82.96,-268.4,185.44,-9.76,-87.84,-87.84,-68.32,-48.8,-24.4
-229.36,68.32,297.68,82.96,-263.52,180.56,-14.64,-87.84,-92.72,-73.2,-53.68,-29.28
-248.88,92.72,341.6,78.08,-297.68,214.72,-4.88,-78.08,-82.96,-63.44,-48.8,-24.4
-263.52,112.24,375.76,78.08,-322.08,244,-4.88,-78.08,-78.08,-58.56,-43.92,-29.28
-283.04,107.36,390.4,87.84,-336.72,248.88,-4.88,-78.08,-73.2,-58.56,-43.92,-19.52
-283.04,97.6,380.64,92.72,-331.84,239.12,0,-68.32,-63.44,-48.8,-34.16,-14.64
-248.88,107.36,356.24,73.2,-302.56,229.36,0,-73.2,-78.08,-63.44,-43.92,-19.52
-263.52,102.48,366,82.96,-317.2,234.24,4.88,-78.08,-82.96,-73.2,-43.92,-19.52
-258.64,97.6,356.24,82.96,-307.44,224.48,9.76,-73.2,-73.2,-68.32,-43.92,-14.64
-263.52,102.48,366,82.96,-317.2,234.24,4.88,-78.08,-73.2,-63.44,-43.92,-14.64
-273.28,97.6,370.88,87.84,-322.08,234.24,4.88,-82.96,-73.2,-63.44,-43.92,-14.64
-263.52,112.24,375.76,78.08,-322.08,244,-4.88,-87.84,-78.08,-63.44,-48.8,-9.76
-278.16,82.96,361.12,97.6,-322.08,219.6,9.76,-82.96,-73.2,-53.68,-29.28,4.88
-253.76,68.32,322.08,92.72,-287.92,195.2,9.76,-82.96,-68.32,-34.16,-14.64,9.76
-229.36,82.96,312.32,73.2,-273.28,195.2,4.88,-92.72,-78.08,-48.8,-24.4,4.88
-244,78.08,322.08,82.96,-283.04,200.08,0,-82.96,-82.96,-58.56,-34.16,4.88
-229.36,82.96,312.32,73.2,-273.28,195.2,0,-82.96,-92.72,-73.2,-43.92,-9.76
-204.96,97.6,302.56,53.68,-253.76,200.08,-4.88,-87.84,-87.84,-73.2,-43.92,-9.76
-214.72,97.6,312.32,58.56,-263.52,204.96,-4.88,-87.84,-87.84,-78.08,-53.68,-9.76
-209.84,82.96,292.8,63.44,-253.76,185.44,-9.76,-97.6,-92.72,-73.2,-58.56,-29.28
-244,73.2,317.2,87.84,-283.04,195.2,-4.88,-92.72,-82.96,-63.44,-48.8,-29.28
-263.52,82.96,346.48,92.72,-307.44,214.72,4.88,-78.08,-68.32,-48.8,-34.16,-14.64
-253.76,92.72,346.48,82.96,-302.56,219.6,-4.88,-92.72,-78.08,-53.68,-43.92,-19.52
-263.52,82.96,346.48,92.72,-307.44,214.72,-4.88,-87.84,-87.84,-58.56,-34.16,-4.88
-229.36,87.84,317.2,73.2,-273.28,200.08,-4.88,-97.6,-102.48,-78.08,-43.92,-4.88
-244,73.2,317.2,87.84,-283.04,195.2,9.76,-82.96,-92.72,-68.32,-34.16,4.88
-229.36,68.32,297.68,82.96,-263.52,180.56,9.76,-87.84,-87.84,-58.56,-34.16,9.76
-204.96,68.32,273.28,68.32,-239.12,170.8,0,-92.72,-92.72,-63.44,-43.92,-4.88
-209.84,78.08,287.92,68.32,-248.88,180.56,0,-92.72,-87.84,-73.2,-53.68,-14.64
-200.08,97.6,297.68,53.68,-248.88,195.2,-14.64,-92.72,-92.72,-73.2,-53.68,-14.64
-209.84,107.36,317.2,53.68,-263.52,209.84,-9.76,-112.24,-102.48,-82.96,-58.56,-19.52
-224.48,82.96,307.44,73.2,-268.4,195.2,0,-97.6,-92.72,-78.08,-53.68,-9.76
-224.48,78.08,302.56,73.2,-263.52,190.32,4.88,-87.84,-87.84,-68.32,-48.8,-9.76
-224.48,58.56,283.04,82.96,-253.76,170.8,4.88,-82.96,-78.08,-58.56,-34.16,4.88
-214.72,53.68,268.4,82.96,-244,161.04,14.64,-82.96,-82.96,-63.44,-34.16,4.88
-224.48,58.56,283.04,82.96,-253.76,170.8,4.88,-78.08,-87.84,-68.32,-34.16,0
-229.36,53.68,283.04,87.84,-258.64,165.92,9.76,-87.84,-97.6,-78.08,-39.04,-4.88
-224.48,53.68,278.16,87.84,-253.76,165.92,9.76,-82.96,-87.84,-73.2,-39.04,-9.76
-224.48,53.68,278.16,87.84,-253.76,165.92,4.88,-82.96,-87.84,-78.08,-48.8,-14.64
-219.6,58.56,278.16,82.96,-248.88,165.92,4.88,-92.72,-97.6,-82.96,-58.56,-24.4
-200.08,53.68,253.76,73.2,-229.36,151.28,0,-97.6,-92.72,-78.08,-53.68,-14.64
-209.84,68.32,278.16,73.2,-244,170.8,-9.76,-97.6,-97.6,-78.08,-58.56,-19.52
-224.48,82.96,307.44,73.2,-268.4,195.2,-9.76,-102.48,-97.6,-78.08,-58.56,-14.64
-209.84,68.32,278.16,73.2,-244,170.8,-9.76,-107.36,-102.48,-73.2,-48.8,-9.76
-214.72,73.2,287.92,73.2,-253.76,180.56,-19.52,-107.36,-107.36,-82.96,-48.8,-4.88
-219.6,78.08,297.68,73.2,-258.64,185.44,-14.64,-97.6,-107.36,-82.96,-48.8,0
-224.48,82.96,307.44,73.2,-268.4,195.2,-9.76,-107.36,-112.24,-87.84,-48.8,0
-229.36,82.96,312.32,73.2,-273.28,195.2,0,-97.6,-107.36,-82.96,-48.8,4.88
-219.6,48.8,268.4,87.84,-244,156.16,14.64,-87.84,-97.6,-73.2,-39.04,14.64
-204.96,48.8,253.76,78.08,-229.36,151.28,4.88,-107.36,-112.24,-82.96,-48.8,-4.88
-200.08,53.68,253.76,73.2,-229.36,151.28,4.88,-112.24,-112.24,-73.2,-39.04,0
-214.72,39.04,253.76,87.84,-234.24,146.4,19.52,-97.6,-102.48,-73.2,-39.04,4.88
-224.48,39.04,263.52,92.72,-244,151.28,24.4,-92.72,-92.72,-82.96,-39.04,9.76
-214.72,34.16,248.88,92.72,-234.24,141.52,34.16,-82.96,-87.84,-73.2,-24.4,19.52
-204.96,29.28,234.24,87.84,-219.6,131.76,29.28,-92.72,-92.72,-78.08,-39.04,9.76
-204.96,24.4,229.36,92.72,-219.6,126.88,24.4,-97.6,-107.36,-82.96,-53.68,-4.88
-209.84,24.4,234.24,92.72,-224.48,126.88,29.28,-92.72,-92.72,-73.2,-43.92,0
-239.12,14.64,253.76,112.24,-248.88,131.76,34.16,-82.96,-87.84,-58.56,-34.16,9.76
-239.12,19.52,258.64,112.24,-248.88,136.64,39.04,-78.08,-73.2,-48.8,-29.28,9.76
-219.6,34.16,253.76,92.72,-239.12,141.52,39.04,-78.08,-73.2,-53.68,-34.16,0
-214.72,39.04,253.76,87.84,-234.24,146.4,29.28,-92.72,-92.72,-73.2,-48.8,-9.76
-200.08,53.68,253.76,73.2,-229.36,151.28,24.4,-97.6,-102.48,-82.96,-53.68,-14.64
-219.6,53.68,273.28,82.96,-248.88,161.04,24.4,-97.6,-92.72,-68.32,-48.8,-4.88
-239.12,39.04,278.16,102.48,-258.64,156.16,29.28,-87.84,-97.6,-68.32,-39.04,9.76
-224.48,43.92,268.4,92.72,-248.88,156.16,34.16,-92.72,-97.6,-68.32,-29.28,24.4
-229.36,29.28,258.64,102.48,-244,141.52,29.28,-92.72,-92.72,-58.56,-19.52,29.28
-224.48,29.28,253.76,97.6,-239.12,141.52,24.4,-87.84,-82.96,-39.04,-4.88,43.92
-214.72,43.92,258.64,87.84,-239.12,151.28,19.52,-97.6,-87.84,-53.68,-14.64,39.04
-219.6,48.8,268.4,87.84,-244,156.16,19.52,-107.36,-102.48,-82.96,-43.92,19.52
-239.12,53.68,292.8,92.72,-268.4,170.8,29.28,-97.6,-92.72,-68.32,-48.8,14.64
-244,24.4,268.4,112.24,-258.64,146.4,39.04,-87.84,-78.08,-53.68,-34.16,19.52
-244,14.64,258.64,117.12,-253.76,136.64,48.8,-78.08,-78.08,-53.68,-34.16,19.52
-209.84,9.76,219.6,102.48,-214.72,112.24,39.04,-87.84,-92.72,-68.32,-43.92,9.76
-200.08,-4.88,195.2,102.48,-200.08,92.72,29.28,-102.48,-107.36,-87.84,-43.92,14.64
-204.96,4.88,209.84,102.48,-209.84,107.36,34.16,-97.6,-97.6,-78.08,-29.28,29.28
-229.36,9.76,239.12,112.24,-234.24,122,39.04,-82.96,-82.96,-73.2,-24.4,43.92
-258.64,0,258.64,131.76,-258.64,126.88,39.04,-78.08,-82.96,-73.2,-19.52,48.8
-224.48,4.88,229.36,112.24,-229.36,117.12,39.04,-82.96,-92.72,-73.2,-29.28,39.04
-204.96,-4.88,200.08,107.36,-204.96,97.6,24.4,-97.6,-97.6,-68.32,-34.16,19.52
-190.32,4.88,195.2,92.72,-195.2,97.6,19.52,-102.48,-87.84,-58.56,-34.16,9.76
-180.56,14.64,195.2,82.96,-190.32,102.48,24.4,-112.24,-97.6,-68.32,-39.04,-4.88
-185.44,14.64,200.08,87.84,-195.2,107.36,24.4,-112.24,-102.48,-87.84,-58.56,-19.52
-161.04,24.4,185.44,68.32,-175.68,102.48,24.4,-117.12,-122,-87.84,-53.68,-14.64
-141.52,9.76,151.28,68.32,-146.4,78.08,39.04,-102.48,-102.48,-73.2,-34.16,9.76
-165.92,0,165.92,82.96,-165.92,82.96,48.8,-107.36,-102.48,-73.2,-34.16,14.64
-170.8,0,170.8,87.84,-170.8,82.96,53.68,-102.48,-102.48,-68.32,-39.04,14.64
-151.28,4.88,156.16,73.2,-156.16,78.08,48.8,-102.48,-97.6,-58.56,-34.16,14.64
-136.64,-4.88,131.76,73.2,-136.64,63.44,58.56,-92.72,-87.84,-58.56,-24.4,24.4
-136.64,0,136.64,68.32,-136.64,68.32,58.56,-97.6,-87.84,-63.44,-34.16,14.64
-151.28,-9.76,141.52,82.96,-146.4,63.44,58.56,-102.48,-102.48,-78.08,-48.8,9.76
-146.4,0,146.4,73.2,-146.4,73.2,63.44,-107.36,-97.6,-78.08,-39.04,14.64
-141.52,4.88,146.4,68.32,-146.4,73.2,73.2,-97.6,-92.72,-63.44,-34.16,14.64
-146.4,0,146.4,73.2,-146.4,73.2,78.08,-97.6,-87.84,-63.44,-34.16,0
-136.64,0,136.64,68.32,-136.64,68.32,87.84,-82.96,-73.2,-48.8,-19.52,19.52
-136.64,14.64,151.28,63.44,-146.4,82.96,87.84,-78.08,-73.2,-53.68,-14.64,24.4
-112.24,9.76,122,53.68,-117.12,63.44,97.6,-68.32,-68.32,-48.8,-14.64,24.4
-87.84,24.4,112.24,34.16,-102.48,68.32,87.84,-82.96,-78.08,-53.68,-24.4,4.88
-117.12,29.28,146.4,43.92,-131.76,87.84,92.72,-82.96,-78.08,-48.8,-19.52,14.64
-141.52,63.44,204.96,39.04,-175.68,131.76,97.6,-73.2,-63.44,-34.16,-4.88,24.4
-146.4,34.16,180.56,58.56,-165.92,107.36,126.88,-53.68,-48.8,-19.52,19.52,39.04
-122,0,122,63.44,-122,58.56,146.4,-48.8,-58.56,-43.92,-4.88,29.28
-92.72,0,92.72,48.8,-92.72,43.92,146.4,-48.8,-53.68,-48.8,-14.64,19.52
-107.36,9.76,117.12,48.8,-112.24,63.44,165.92,-48.8,-48.8,-39.04,-9.76,19.52
-102.48,39.04,141.52,34.16,-122,87.84,175.68,-34.16,-43.92,-34.16,4.88,34.16
-87.84,43.92,131.76,24.4,-112.24,87.84,185.44,-14.64,-34.16,-19.52,24.4,48.8
-82.96,24.4,107.36,29.28,-97.6,63.44,175.68,-14.64,-29.28,-14.64,19.52,53.68
-102.48,39.04,141.52,34.16,-122,87.84,161.04,-14.64,-19.52,-4.88,39.04,58.56
-82.96,53.68,136.64,14.64,-112.24,92.72,151.28,-19.52,-14.64,9.76,43.92,58.56
-58.56,58.56,117.12,0,-87.84,87.84,112.24,-43.92,-24.4,4.88,34.16,48.8
-48.8,87.84,136.64,-19.52,-92.72,112.24,82.96,-58.56,-24.4,19.52,43.92,58.56
-48.8,107.36,156.16,-29.28,-102.48,131.76,68.32,-53.68,-14.64,29.28,53.68,73.2
-43.92,107.36,151.28,-29.28,-97.6,126.88,43.92,-58.56,-14.64,19.52,43.92,73.2
-53.68,122,175.68,-34.16,-117.12,146.4,29.28,-78.08,-29.28,9.76,39.04,63.44
-87.84,112.24,200.08,-9.76,-146.4,156.16,29.28,-87.84,-34.16,14.64,43.92,68.32
-78.08,53.68,131.76,14.64,-107.36,92.72,39.04,-82.96,-29.28,29.28,68.32,82.96
-107.36,-4.88,102.48,58.56,-107.36,48.8,58.56,-58.56,-4.88,53.68,87.84,107.36
-87.84,24.4,112.24,34.16,-102.48,68.32,39.04,-78.08,-34.16,14.64,63.44,78.08
-63.44,9.76,73.2,29.28,-68.32,39.04,48.8,-78.08,-43.92,9.76,48.8,73.2
-73.2,0,73.2,39.04,-73.2,34.16,48.8,-68.32,-34.16,19.52,63.44,87.84
-68.32,24.4,92.72,24.4,-82.96,58.56,43.92,-78.08,-34.16,19.52,63.44,92.72
-73.2,14.64,87.84,29.28,-82.96,48.8,43.92,-87.84,-34.16,24.4,68.32,87.84
-78.08,14.64,92.72,34.16,-87.84,53.68,29.28,-92.72,-39.04,19.52,63.44,73.2
-68.32,19.52,87.84,24.4,-78.08,53.68,43.92,-97.6,-53.68,9.76,53.68,58.56
-68.32,4.88,73.2,34.16,-73.2,39.04,39.04,-107.36,-68.32,-14.64,34.16,39.04
-58.56,-9.76,48.8,34.16,-53.68,19.52,34.16,-117.12,-73.2,-24.4,29.28,29.28
-58.56,-24.4,34.16,43.92,-48.8,4.88,48.8,-107.36,-68.32,-14.64,29.28,43.92
-82.96,-43.92,39.04,63.44,-63.44,-4.88,48.8,-117.12,-87.84,-43.92,19.52,39.04
-97.6,-53.68,43.92,78.08,-73.2,-4.88,48.8,-126.88,-102.48,-53.68,4.88,34.16
-87.84,-58.56,29.28,73.2,-58.56,-14.64,53.68,-122,-97.6,-53.68,9.76,39.04
-117.12,-68.32,48.8,92.72,-82.96,-9.76,73.2,-117.12,-82.96,-34.16,19.52,48.8
-141.52,-63.44,78.08,102.48,-112.24,4.88,97.6,-102.48,-63.44,-4.88,43.92,68.32
-117.12,-82.96,34.16,102.48,-78.08,-24.4,78.08,-112.24,-78.08,-24.4,24.4,34.16
-112.24,-107.36,4.88,112.24,-58.56,-53.68,92.72,-112.24,-78.08,-24.4,19.52,29.28
-122,-97.6,24.4,112.24,-73.2,-39.04,87.84,-112.24,-78.08,-24.4,19.52,14.64
-136.64,-107.36,29.28,122,-82.96,-39.04,82.96,-117.12,-87.84,-39.04,9.76,9.76
-141.52,-112.24,29.28,126.88,-87.84,-43.92,82.96,-122,-87.84,-48.8,-4.88,-4.88
-131.76,-117.12,14.64,126.88,-73.2,-53.68,82.96,-126.88,-97.6,-53.68,-9.76,-9.76
-107.36,-131.76,-24.4,122,-43.92,-78.08,78.08,-131.76,-102.48,-58.56,-19.52,-9.76
-97.6,-136.64,-39.04,117.12,-29.28,-87.84,78.08,-136.64,-107.36,-68.32,-14.64,-9.76
-87.84,-141.52,-53.68,117.12,-19.52,-97.6,73.2,-141.52,-122,-73.2,-19.52,-4.88
-78.08,-141.52,-63.44,112.24,-9.76,-102.48,63.44,-151.28,-126.88,-73.2,-19.52,-4.88
-48.8,-136.64,-87.84,92.72,19.52,-112.24,53.68,-165.92,-136.64,-87.84,-34.16,-19.52
-58.56,-136.64,-78.08,97.6,9.76,-107.36,53.68,-170.8,-141.52,-92.72,-39.04,-24.4
-78.08,-146.4,-68.32,112.24,-4.88,-107.36,58.56,-165.92,-131.76,-82.96,-24.4,-14.64
-82.96,-146.4,-63.44,117.12,-9.76,-107.36,68.32,-156.16,-122,-78.08,-19.52,-14.64
-78.08,-141.52,-63.44,112.24,-9.76,-102.48,68.32,-141.52,-117.12,-78.08,-34.16,-24.4
-97.6,-156.16,-58.56,126.88,-19.52,-107.36,82.96,-146.4,-122,-87.84,-43.92,-29.28
-122,-170.8,-48.8,146.4,-39.04,-112.24,82.96,-146.4,-122,-92.72,-53.68,-34.16
-141.52,-170.8,-29.28,156.16,-58.56,-102.48,92.72,-146.4,-117.12,-87.84,-53.68,-34.16
-107.36,-151.28,-43.92,131.76,-34.16,-97.6,82.96,-156.16,-131.76,-92.72,-58.56,-43.92
-97.6,-165.92,-68.32,131.76,-14.64,-117.12,78.08,-156.16,-131.76,-87.84,-43.92,-34.16
-92.72,-146.4,-53.68,122,-19.52,-102.48,73.2,-165.92,-136.64,-97.6,-43.92,-34.16
-102.48,-131.76,-29.28,117.12,-39.04,-82.96,78.08,-170.8,-146.4,-107.36,-48.8,-43.92
-117.12,-141.52,-24.4,131.76,-48.8,-82.96,87.84,-156.16,-122,-68.32,-14.64,-19.52
-112.24,-126.88,-14.64,122,-48.8,-73.2,82.96,-156.16,-112.24,-53.68,-9.76,-19.52
-112.24,-161.04,-48.8,136.64,-34.16,-107.36,102.48,-141.52,-102.48,-43.92,-4.88,-14.64
-92.72,-185.44,-92.72,141.52,0,-141.52,102.48,-136.64,-97.6,-48.8,0,-14.64
-87.84,-170.8,-82.96,131.76,-4.88,-126.88,92.72,-136.64,-102.48,-48.8,-4.88,-24.4
-126.88,-175.68,-48.8,151.28,-39.04,-112.24,92.72,-136.64,-97.6,-48.8,-4.88,-29.28
-112.24,-180.56,-68.32,146.4,-24.4,-126.88,97.6,-131.76,-97.6,-53.68,-9.76,-39.04
-82.96,-161.04,-78.08,122,-4.88,-122,87.84,-136.64,-112.24,-73.2,-34.16,-58.56
-122,-156.16,-34.16,141.52,-43.92,-97.6,102.48,-112.24,-92.72,-73.2,-43.92,-73.2
-151.28,-170.8,-19.52,161.04,-68.32,-97.6,146.4,-43.92,-34.16,-53.68,-43.92,-82.96
-146.4,-170.8,-24.4,161.04,-63.44,-97.6,185.44,24.4,19.52,-68.32,-82.96,-122
-141.52,-151.28,-9.76,146.4,-68.32,-82.96,244,122,87.84,-112.24,-146.4,-185.44
-156.16,-97.6,58.56,126.88,-107.36,-19.52,326.96,278.16,229.36,-117.12,-195.2,-239.12
-165.92,-58.56,107.36,112.24,-136.64,24.4,405.04,458.72,409.92,-73.2,-200.08,-258.64
-180.56,-4.88,175.68,92.72,-180.56,82.96,453.84,644.16,595.36,14.64,-156.16,-253.76
-170.8,39.04,209.84,68.32,-190.32,122,473.36,775.92,756.4,141.52,-82.96,-209.84
-107.36,63.44,170.8,24.4,-141.52,117.12,483.12,839.36,858.88,283.04,53.68,-126.88
-34.16,107.36,141.52,-34.16,-87.84,122,444.08,800.32,863.76,453.84,244,9.76
43.92,180.56,136.64,-112.24,-48.8,156.16,346.48,668.56,858.88,727.12,536.8,224.48
126.88,273.28,146.4,-200.08,-9.76,209.84,239.12,512.4,902.8,1156.56,966.24,536.8
219.6,390.4,170.8,-302.56,24.4,278.16,112.24,287.92,897.92,1703.12,1527.44,932.08
307.44,522.16,214.72,-414.8,43.92,366,-39.04,-39.04,775.92,2205.76,2074,1332.24
429.44,707.6,278.16,-566.08,73.2,492.88,-263.52,-390.4,624.64,2674.24,2615.68,1751.92
512.4,868.64,356.24,-688.08,78.08,610,-453.84,-649.04,595.36,3220.8,3167.12,2166.72
566.08,868.64,302.56,-717.36,131.76,585.6,-531.92,-741.76,663.68,3664.88,3518.48,2396.08
556.32,814.96,258.64,-683.2,146.4,536.8,-570.96,-834.48,556.32,3723.44,3557.52,2449.76
531.92,663.68,131.76,-595.36,200.08,395.28,-575.84,-961.36,278.16,3376.96,3274.48,2313.12
429.44,429.44,0,-429.44,214.72,214.72,-551.44,-1078.48,-48.8,2806,2781.6,2039.84
361.12,273.28,-87.84,-317.2,224.48,92.72,-556.32,-1200.48,-434.32,1947.12,2059.36,1620.16
312.32,156.16,-156.16,-234.24,234.24,0,-600.24,-1307.84,-795.44,1102.88,1366.4,1229.76
165.92,156.16,-9.76,-161.04,87.84,73.2,-600.24,-1385.92,-1146.8,273.28,766.16,932.08
58.56,87.84,29.28,-73.2,14.64,58.56,-566.08,-1405.44,-1415.2,-488,175.68,590.48
53.68,-29.28,-82.96,-9.76,68.32,-58.56,-512.4,-1337.12,-1449.36,-761.28,-117.12,331.84
58.56,-102.48,-161.04,24.4,107.36,-131.76,-434.32,-1195.6,-1293.2,-702.72,-209.84,146.4
29.28,-151.28,-180.56,63.44,102.48,-165.92,-390.4,-1034.56,-1093.12,-595.36,-219.6,48.8
24.4,-180.56,-204.96,78.08,112.24,-195.2,-356.24,-878.4,-902.8,-492.88,-204.96,9.76
9.76,-175.68,-185.44,82.96,97.6,-180.56,-326.96,-741.76,-756.4,-414.8,-190.32,-24.4
-24.4,-165.92,-141.52,97.6,58.56,-156.16,-283.04,-658.8,-663.68,-370.88,-180.56,-39.04
-14.64,-156.16,-141.52,87.84,63.44,-151.28,-244,-575.84,-570.96,-312.32,-151.28,-29.28
-29.28,-131.76,-102.48,82.96,34.16,-117.12,-190.32,-458.72,-453.84,-229.36,-102.48,-19.52
-34.16,-136.64,-102.48,87.84,34.16,-122,-126.88,-351.36,-356.24,-170.8,-63.44,-19.52
-39.04,-146.4,-107.36,92.72,34.16,-126.88,-48.8,-234.24,-253.76,-112.24,-34.16,-29.28
-43.92,-170.8,-126.88,107.36,39.04,-151.28,-9.76,-175.68,-185.44,-82.96,-24.4,-34.16
-39.04,-175.68,-136.64,107.36,48.8,-156.16,9.76,-131.76,-141.52,-73.2,-29.28,-53.68
-43.92,-170.8,-126.88,107.36,39.04,-151.28,43.92,-82.96,-97.6,-53.68,-19.52,-48.8
-39.04,-180.56,-141.52,112.24,48.8,-161.04,53.68,-68.32,-78.08,-53.68,-24.4,-58.56
-14.64,-175.68,-161.04,97.6,73.2,-170.8,68.32,-43.92,-53.68,-58.56,-34.16,-73.2
-53.68,-156.16,-102.48,107.36,24.4,-131.76,87.84,-19.52,-34.16,-53.68,-29.28,-82.96
-63.44,-170.8,-107.36,117.12,19.52,-141.52,92.72,-14.64,-29.28,-43.92,-29.28,-78.08
-68.32,-161.04,-92.72,117.12,9.76,-126.88,102.48,0,-19.52,-48.8,-34.16,-87.84
-82.96,-175.68,-92.72,131.76,4.88,-136.64,112.24,19.52,-14.64,-43.92,-29.28,-87.84
-92.72,-185.44,-92.72,141.52,0,-141.52,131.76,39.04,0,-34.16,-29.28,-92.72
-53.68,-185.44,-131.76,122,39.04,-161.04,122,29.28,-4.88,-48.8,-48.8,-107.36
-53.68,-195.2,-141.52,126.88,43.92,-170.8,122,34.16,4.88,-53.68,-48.8,-122
-68.32,-190.32,-122,131.76,24.4,-156.16,122,34.16,14.64,-43.92,-43.92,-117.12
-78.08,-180.56,-102.48,131.76,9.76,-141.52,126.88,43.92,19.52,-43.92,-43.92,-112.24
-48.8,-180.56,-131.76,117.12,39.04,-156.16,117.12,29.28,19.52,-53.68,-53.68,-126.88
-29.28,-165.92,-136.64,97.6,53.68,-151.28,112.24,29.28,19.52,-53.68,-58.56,-136.64
-29.28,-175.68,-146.4,102.48,58.56,-161.04,112.24,34.16,19.52,-43.92,-53.68,-131.76
-43.92,-170.8,-126.88,107.36,39.04,-151.28,117.12,48.8,39.04,-34.16,-43.92,-122
-82.96,-165.92,-82.96,126.88,0,-126.88,136.64,63.44,48.8,-19.52,-29.28,-112.24
-112.24,-165.92,-53.68,141.52,-29.28,-112.24,156.16,82.96,58.56,-9.76,-19.52,-107.36
-82.96,-165.92,-82.96,126.88,0,-126.88,141.52,82.96,58.56,-9.76,-19.52,-107.36
-82.96,-170.8,-87.84,126.88,0,-131.76,146.4,82.96,63.44,-14.64,-29.28,-117.12
-87.84,-180.56,-92.72,136.64,0,-136.64,156.16,87.84,73.2,-4.88,-19.52,-107.36
-87.84,-180.56,-92.72,136.64,0,-136.64,151.28,92.72,82.96,0,-14.64,-102.48
-87.84,-180.56,-92.72,136.64,0,-136.64,151.28,82.96,87.84,0,-19.52,-107.36
-68.32,-165.92,-97.6,117.12,14.64,-131.76,151.28,78.08,78.08,-4.88,-24.4,-112.24
-43.92,-165.92,-122,107.36,39.04,-146.4,141.52,73.2,63.44,-9.76,-29.28,-112.24
-63.44,-170.8,-107.36,117.12,19.52,-141.52,156.16,92.72,78.08,0,-19.52,-102.48
-102.48,-146.4,-43.92,126.88,-29.28,-97.6,161.04,102.48,87.84,19.52,-4.88,-87.84
-107.36,-131.76,-24.4,122,-43.92,-78.08,156.16,107.36,82.96,14.64,-4.88,-97.6
-82.96,-141.52,-58.56,112.24,-14.64,-102.48,151.28,102.48,87.84,4.88,-14.64,-102.48
-68.32,-165.92,-97.6,117.12,14.64,-131.76,151.28,107.36,82.96,-4.88,-29.28,-112.24
-82.96,-195.2,-112.24,141.52,14.64,-156.16,161.04,112.24,102.48,14.64,-14.64,-102.48
-87.84,-175.68,-87.84,131.76,0,-131.76,165.92,117.12,102.48,14.64,-14.64,-97.6
-87.84,-170.8,-82.96,131.76,-4.88,-126.88,161.04,107.36,112.24,14.64,-9.76,-92.72
-92.72,-170.8,-78.08,131.76,-9.76,-126.88,161.04,97.6,102.48,4.88,-19.52,-102.48
-102.48,-165.92,-63.44,136.64,-19.52,-117.12,165.92,107.36,107.36,19.52,-4.88,-78.08
-73.2,-151.28,-78.08,112.24,0,-117.12,151.28,107.36,102.48,14.64,-14.64,-87.84
-58.56,-141.52,-82.96,102.48,9.76,-112.24,151.28,102.48,92.72,14.64,-9.76,-87.84
-82.96,-151.28,-68.32,117.12,-9.76,-112.24,170.8,131.76,112.24,29.28,4.88,-68.32
-117.12,-161.04,-43.92,141.52,-39.04,-102.48,180.56,146.4,126.88,34.16,9.76,-53.68
-126.88,-146.4,-19.52,136.64,-53.68,-82.96,170.8,136.64,122,29.28,0,-68.32
-122,-146.4,-24.4,136.64,-48.8,-87.84,170.8,131.76,122,24.4,0,-63.44
-131.76,-170.8,-39.04,151.28,-48.8,-107.36,175.68,141.52,136.64,34.16,9.76,-58.56
-102.48,-156.16,-53.68,131.76,-24.4,-107.36,165.92,131.76,136.64,29.28,9.76,-58.56
-107.36,-146.4,-39.04,126.88,-34.16,-92.72,161.04,126.88,131.76,29.28,4.88,-68.32
-117.12,-185.44,-68.32,151.28,-24.4,-126.88,180.56,141.52,141.52,48.8,24.4,-39.04
-102.48,-170.8,-68.32,136.64,-19.52,-122,170.8,141.52,141.52,39.04,19.52,-39.04
-97.6,-161.04,-63.44,131.76,-19.52,-112.24,161.04,141.52,126.88,34.16,9.76,-48.8
-78.08,-141.52,-63.44,112.24,-9.76,-102.48,161.04,141.52,122,29.28,4.88,-53.68
-107.36,-156.16,-48.8,131.76,-29.28,-102.48,175.68,156.16,136.64,39.04,19.52,-39.04
-117.12,-161.04,-43.92,141.52,-39.04,-102.48,180.56,161.04,141.52,39.04,19.52,-39.04
-87.84,-141.52,-53.68,117.12,-19.52,-97.6,170.8,151.28,141.52,34.16,14.64,-39.04
-87.84,-126.88,-39.04,107.36,-24.4,-82.96,161.04,141.52,141.52,34.16,9.76,-39.04
-117.12,-131.76,-14.64,126.88,-53.68,-73.2,161.04,151.28,151.28,43.92,14.64,-29.28
-146.4,-156.16,-9.76,151.28,-68.32,-82.96,175.68,161.04,165.92,58.56,24.4,-24.4
-126.88,-170.8,-43.92,151.28,-43.92,-107.36,170.8,165.92,161.04,63.44,29.28,-9.76
-97.6,-131.76,-34.16,117.12,-34.16,-82.96,165.92,156.16,156.16,53.68,19.52,-14.64
-97.6,-126.88,-29.28,112.24,-34.16,-78.08,165.92,156.16,151.28,53.68,24.4,-9.76
-87.84,-141.52,-53.68,117.12,-19.52,-97.6,170.8,165.92,156.16,58.56,24.4,-4.88
-82.96,-165.92,-82.96,126.88,0,-126.88,180.56,185.44,180.56,78.08,43.92,9.76
-126.88,-165.92,-39.04,146.4,-43.92,-102.48,190.32,204.96,200.08,87.84,53.68,24.4
-136.64,-151.28,-14.64,146.4,-63.44,-82.96,185.44,195.2,200.08,82.96,48.8,19.52
-112.24,-131.76,-19.52,122,-48.8,-78.08,175.68,190.32,190.32,73.2,39.04,9.76
-117.12,-136.64,-19.52,126.88,-48.8,-78.08,165.92,180.56,185.44,63.44,29.28,4.88
-131.76,-136.64,-4.88,136.64,-63.44,-73.2,170.8,185.44,195.2,73.2,39.04,9.76
-136.64,-146.4,-9.76,141.52,-63.44,-78.08,170.8,190.32,195.2,82.96,43.92,19.52
-102.48,-136.64,-34.16,122,-34.16,-87.84,156.16,180.56,190.32,68.32,34.16,9.76
-78.08,-131.76,-53.68,107.36,-14.64,-92.72,156.16,185.44,185.44,63.44,29.28,9.76
-97.6,-141.52,-43.92,122,-29.28,-92.72,165.92,190.32,190.32,68.32,34.16,14.64
-131.76,-146.4,-14.64,141.52,-58.56,-82.96,175.68,224.48,204.96,87.84,53.68,43.92
-146.4,-131.76,14.64,141.52,-82.96,-58.56,180.56,229.36,224.48,92.72,58.56,43.92
-161.04,-141.52,19.52,151.28,-92.72,-63.44,195.2,239.12,229.36,107.36,63.44,53.68
-141.52,-126.88,14.64,136.64,-78.08,-58.56,190.32,234.24,239.12,102.48,58.56,53.68
-151.28,-122,29.28,136.64,-92.72,-48.8,180.56,229.36,239.12,102.48,58.56,53.68
-165.92,-126.88,39.04,146.4,-102.48,-43.92,185.44,248.88,239.12,102.48,58.56,58.56
-156.16,-122,34.16,141.52,-97.6,-43.92,180.56,239.12,239.12,107.36,58.56,68.32
-131.76,-122,9.76,126.88,-73.2,-58.56,170.8,239.12,234.24,97.6,48.8,58.56
-92.72,-122,-29.28,107.36,-34.16,-78.08,161.04,239.12,229.36,92.72,43.92,53.68
-97.6,-112.24,-14.64,107.36,-43.92,-63.44,170.8,244,234.24,92.72,43.92,58.56
-131.76,-117.12,14.64,126.88,-73.2,-53.68,175.68,273.28,253.76,102.48,53.68,78.08
-146.4,-117.12,29.28,131.76,-87.84,-43.92,190.32,287.92,268.4,112.24,63.44,82.96
-165.92,-117.12,48.8,141.52,-107.36,-34.16,204.96,297.68,283.04,126.88,82.96,97.6
-131.76,-107.36,24.4,122,-78.08,-43.92,190.32,287.92,278.16,112.24,68.32,82.96
-131.76,-92.72,39.04,112.24,-87.84,-29.28,190.32,287.92,287.92,122,73.2,87.84
-156.16,-82.96,73.2,122,-117.12,-4.88,195.2,302.56,292.8,126.88,78.08,97.6
-156.16,-63.44,92.72,112.24,-126.88,14.64,195.2,307.44,297.68,136.64,82.96,107.36
-126.88,-53.68,73.2,92.72,-102.48,9.76,180.56,312.32,292.8,126.88,73.2,102.48
-117.12,-102.48,14.64,112.24,-68.32,-43.92,190.32,326.96,302.56,131.76,78.08,112.24
-117.12,-78.08,39.04,97.6,-78.08,-19.52,185.44,331.84,302.56,126.88,68.32,102.48
-117.12,-92.72,24.4,107.36,-73.2,-34.16,190.32,346.48,312.32,131.76,73.2,117.12
-122,-97.6,24.4,112.24,-73.2,-39.04,200.08,361.12,331.84,131.76,73.2,122
-112.24,-87.84,24.4,102.48,-68.32,-34.16,200.08,370.88,331.84,131.76,73.2,122
-112.24,-92.72,19.52,102.48,-68.32,-39.04,200.08,375.76,341.6,141.52,73.2,126.88
-117.12,-78.08,39.04,97.6,-78.08,-19.52,204.96,390.4,356.24,151.28,82.96,141.52
-131.76,-82.96,48.8,107.36,-92.72,-19.52,209.84,405.04,370.88,161.04,87.84,141.52
-161.04,-78.08,82.96,122,-122,0,214.72,424.56,385.52,175.68,102.48,161.04
-161.04,-53.68,107.36,107.36,-136.64,24.4,219.6,439.2,400.16,180.56,112.24,165.92
-136.64,-58.56,78.08,97.6,-107.36,9.76,219.6,453.84,400.16,175.68,102.48,156.16
-131.76,-68.32,63.44,102.48,-97.6,-4.88,229.36,458.72,400.16,170.8,102.48,165.92
-126.88,-63.44,63.44,97.6,-97.6,0,229.36,478.24,414.8,180.56,97.6,170.8
-136.64,-68.32,68.32,102.48,-102.48,0,224.48,492.88,429.44,175.68,92.72,165.92
-151.28,-68.32,82.96,112.24,-117.12,4.88,229.36,507.52,439.2,180.56,97.6,165.92
-175.68,-58.56,117.12,117.12,-146.4,29.28,244,527.04,448.96,185.44,102.48,175.68
-156.16,-53.68,102.48,107.36,-131.76,24.4,234.24,517.28,444.08,175.68,87.84,165.92
-146.4,-39.04,107.36,92.72,-126.88,34.16,234.24,527.04,453.84,180.56,87.84,165.92
-185.44,-53.68,131.76,122,-161.04,39.04,248.88,566.08,488,204.96,112.24,190.32
-175.68,-43.92,131.76,112.24,-156.16,43.92,248.88,580.72,497.76,204.96,107.36,190.32
-117.12,-34.16,82.96,78.08,-102.48,24.4,234.24,580.72,473.36,180.56,82.96,170.8
-112.24,-29.28,82.96,73.2,-97.6,24.4,239.12,580.72,473.36,170.8,73.2,165.92
-122,-29.28,92.72,78.08,-107.36,29.28,248.88,610,488,180.56,82.96,180.56
-122,-34.16,87.84,78.08,-107.36,24.4,244,614.88,488,170.8,68.32,170.8
-141.52,-24.4,117.12,82.96,-131.76,43.92,248.88,624.64,502.64,180.56,73.2,175.68
-156.16,-4.88,151.28,82.96,-156.16,73.2,248.88,629.52,497.76,175.68,63.44,170.8
-180.56,4.88,185.44,87.84,-185.44,92.72,253.76,634.4,512.4,175.68,63.44,175.68
-175.68,-24.4,151.28,102.48,-165.92,63.44,268.4,653.92,522.16,190.32,73.2,190.32
-156.16,-68.32,87.84,112.24,-122,9.76,278.16,673.44,536.8,204.96,92.72,214.72
-141.52,-73.2,68.32,107.36,-107.36,-4.88,268.4,673.44,531.92,190.32,78.08,200.08
-141.52,-48.8,92.72,97.6,-117.12,19.52,268.4,678.32,522.16,180.56,68.32,195.2
-136.64,-43.92,92.72,92.72,-117.12,24.4,258.64,663.68,512.4,165.92,53.68,185.44
-141.52,-43.92,97.6,92.72,-122,24.4,273.28,678.32,527.04,175.68,63.44,204.96
-131.76,-34.16,97.6,82.96,-117.12,29.28,268.4,683.2,522.16,170.8,48.8,200.08
-117.12,-24.4,92.72,73.2,-107.36,34.16,253.76,668.56,507.52,156.16,39.04,185.44
-112.24,-29.28,82.96,73.2,-97.6,24.4,258.64,668.56,507.52,146.4,34.16,180.56
-131.76,-34.16,97.6,82.96,-117.12,29.28,253.76,653.92,502.64,136.64,29.28,180.56
-141.52,-29.28,112.24,87.84,-126.88,39.04,248.88,649.04,488,131.76,24.4,180.56
-141.52,-48.8,92.72,97.6,-117.12,19.52,253.76,644.16,492.88,141.52,34.16,200.08
-131.76,-63.44,68.32,97.6,-102.48,0,248.88,649.04,483.12,131.76,34.16,204.96
-131.76,-53.68,78.08,92.72,-107.36,9.76,239.12,629.52,458.72,117.12,19.52,195.2
-117.12,-53.68,63.44,87.84,-92.72,4.88,239.12,619.76,448.96,107.36,14.64,195.2
-112.24,-73.2,39.04,92.72,-78.08,-19.52,239.12,600.24,434.32,102.48,9.76,195.2
-112.24,-63.44,48.8,87.84,-82.96,-9.76,229.36,580.72,414.8,82.96,-14.64,175.68
-112.24,-48.8,63.44,82.96,-87.84,4.88,219.6,561.2,400.16,78.08,-14.64,175.68
-122,-58.56,63.44,92.72,-92.72,0,224.48,546.56,395.28,78.08,-9.76,190.32
-126.88,-53.68,73.2,92.72,-102.48,9.76,204.96,517.28,375.76,68.32,-14.64,185.44
-107.36,-63.44,43.92,87.84,-78.08,-9.76,185.44,478.24,346.48,43.92,-34.16,161.04
-102.48,-73.2,29.28,87.84,-68.32,-24.4,175.68,448.96,322.08,39.04,-39.04,165.92
-112.24,-63.44,48.8,87.84,-82.96,-9.76,170.8,434.32,302.56,39.04,-34.16,175.68
-131.76,-53.68,78.08,92.72,-107.36,9.76,165.92,405.04,287.92,29.28,-29.28,185.44
-156.16,-63.44,92.72,112.24,-126.88,14.64,161.04,395.28,278.16,34.16,-19.52,195.2
-151.28,-78.08,73.2,117.12,-112.24,-4.88,170.8,380.64,278.16,48.8,-4.88,209.84
-126.88,-92.72,34.16,112.24,-82.96,-29.28,156.16,346.48,258.64,39.04,-9.76,200.08
-117.12,-78.08,39.04,97.6,-78.08,-19.52,141.52,317.2,234.24,34.16,-14.64,195.2
-112.24,-73.2,39.04,92.72,-78.08,-19.52,131.76,287.92,224.48,29.28,-14.64,200.08
-112.24,-112.24,0,112.24,-58.56,-58.56,117.12,263.52,204.96,29.28,-14.64,200.08
-141.52,-112.24,29.28,126.88,-87.84,-43.92,122,248.88,195.2,34.16,-4.88,209.84
-161.04,-92.72,68.32,126.88,-117.12,-14.64,112.24,214.72,180.56,34.16,4.88,214.72
-126.88,-78.08,48.8,102.48,-87.84,-14.64,97.6,195.2,161.04,39.04,9.76,219.6
-131.76,-78.08,53.68,107.36,-92.72,-14.64,87.84,175.68,156.16,43.92,19.52,224.48
-156.16,-102.48,53.68,131.76,-107.36,-24.4,92.72,165.92,146.4,48.8,29.28,234.24
-156.16,-102.48,53.68,131.76,-107.36,-24.4,87.84,141.52,136.64,53.68,39.04,239.12
-136.64,-87.84,48.8,112.24,-92.72,-19.52,73.2,117.12,117.12,48.8,39.04,229.36
-136.64,-68.32,68.32,102.48,-102.48,0,68.32,97.6,97.6,48.8,39.04,229.36
-126.88,-73.2,53.68,102.48,-92.72,-9.76,68.32,78.08,92.72,58.56,43.92,229.36
-131.76,-87.84,43.92,112.24,-87.84,-24.4,58.56,53.68,82.96,53.68,48.8,229.36
-131.76,-87.84,43.92,112.24,-87.84,-24.4,48.8,39.04,63.44,58.56,53.68,229.36
-146.4,-68.32,78.08,107.36,-112.24,4.88,48.8,24.4,68.32,73.2,73.2,244
-165.92,-63.44,102.48,117.12,-136.64,19.52,43.92,19.52,58.56,73.2,73.2,244
-165.92,-63.44,102.48,117.12,-136.64,19.52,43.92,4.88,43.92,73.2,78.08,234.24
-156.16,-68.32,87.84,112.24,-122,9.76,34.16,-14.64,29.28,63.44,73.2,224.48
-161.04,-73.2,87.84,117.12,-126.88,4.88,39.04,-19.52,24.4,63.44,78.08,229.36
-165.92,-73.2,92.72,122,-131.76,9.76,43.92,-24.4,19.52,68.32,82.96,229.36
-180.56,-73.2,107.36,126.88,-146.4,14.64,43.92,-29.28,14.64,73.2,92.72,239.12
-180.56,-68.32,112.24,126.88,-146.4,19.52,48.8,-34.16,24.4,78.08,102.48,239.12
-175.68,-68.32,107.36,122,-141.52,19.52,34.16,-53.68,4.88,68.32,87.84,224.48
-165.92,-68.32,97.6,117.12,-131.76,14.64,19.52,-68.32,-9.76,58.56,82.96,209.84
-156.16,-53.68,102.48,107.36,-131.76,24.4,19.52,-82.96,-14.64,63.44,87.84,214.72
-156.16,-48.8,107.36,102.48,-131.76,29.28,14.64,-87.84,-19.52,58.56,82.96,204.96
-170.8,-53.68,117.12,112.24,-146.4,29.28,29.28,-87.84,-19.52,63.44,87.84,219.6
-185.44,-48.8,136.64,117.12,-161.04,43.92,34.16,-92.72,-29.28,53.68,82.96,209.84
-204.96,-58.56,146.4,131.76,-175.68,43.92,29.28,-97.6,-34.16,48.8,82.96,209.84
-170.8,-58.56,112.24,117.12,-141.52,24.4,19.52,-107.36,-43.92,39.04,73.2,195.2
-161.04,-68.32,92.72,117.12,-126.88,9.76,24.4,-112.24,-48.8,39.04,68.32,195.2
-175.68,-82.96,92.72,131.76,-136.64,4.88,29.28,-117.12,-39.04,43.92,82.96,200.08
-180.56,-78.08,102.48,131.76,-141.52,9.76,34.16,-117.12,-34.16,48.8,87.84,209.84
-190.32,-78.08,112.24,136.64,-151.28,14.64,34.16,-122,-43.92,48.8,87.84,200.08
-200.08,-68.32,131.76,136.64,-165.92,29.28,29.28,-126.88,-48.8,48.8,87.84,204.96
-195.2,-48.8,146.4,122,-170.8,48.8,39.04,-117.12,-58.56,43.92,87.84,204.96
-200.08,-48.8,151.28,126.88,-175.68,48.8,34.16,-126.88,-68.32,39.04,78.08,195.2
-170.8,-53.68,117.12,112.24,-146.4,29.28,34.16,-126.88,-73.2,34.16,73.2,190.32
-161.04,-78.08,82.96,122,-122,0,39.04,-117.12,-68.32,34.16,78.08,200.08
-195.2,-87.84,107.36,141.52,-151.28,9.76,53.68,-102.48,-53.68,43.92,82.96,200.08
-200.08,-73.2,126.88,136.64,-165.92,24.4,48.8,-107.36,-53.68,39.04,82.96,200.08
-200.08,-87.84,112.24,146.4,-156.16,9.76,48.8,-117.12,-53.68,34.16,82.96,195.2
-195.2,-82.96,112.24,141.52,-156.16,14.64,48.8,-126.88,-58.56,24.4,73.2,185.44
-185.44,-68.32,117.12,126.88,-151.28,24.4,43.92,-131.76,-68.32,14.64,63.44,175.68
-185.44,-82.96,102.48,136.64,-146.4,9.76,48.8,-126.88,-68.32,19.52,68.32,170.8
-180.56,-82.96,97.6,131.76,-141.52,4.88,48.8,-117.12,-58.56,29.28,73.2,190.32
-170.8,-68.32,102.48,122,-136.64,14.64,39.04,-122,-73.2,14.64,63.44,175.68
-151.28,-73.2,78.08,112.24,-117.12,0,34.16,-131.76,-82.96,4.88,53.68,165.92
-156.16,-48.8,107.36,102.48,-131.76,29.28,39.04,-126.88,-73.2,4.88,58.56,165.92
-175.68,-29.28,146.4,102.48,-161.04,58.56,34.16,-122,-73.2,0,53.68,161.04
-195.2,-39.04,156.16,117.12,-175.68,58.56,43.92,-112.24,-58.56,9.76,63.44,165.92
-175.68,-68.32,107.36,122,-141.52,19.52,43.92,-122,-63.44,4.88,63.44,161.04
-170.8,-78.08,92.72,126.88,-131.76,4.88,43.92,-117.12,-53.68,9.76,68.32,165.92
-170.8,-82.96,87.84,126.88,-131.76,0,43.92,-112.24,-48.8,19.52,73.2,175.68
-165.92,-78.08,87.84,122,-126.88,4.88,43.92,-112.24,-53.68,24.4,73.2,175.68
-151.28,-58.56,92.72,107.36,-122,14.64,34.16,-122,-68.32,19.52,63.44,165.92
-146.4,-39.04,107.36,92.72,-126.88,34.16,24.4,-117.12,-63.44,14.64,58.56,156.16
-146.4,-39.04,107.36,92.72,-126.88,34.16,29.28,-117.12,-68.32,14.64,58.56,156.16
-170.8,-63.44,107.36,117.12,-141.52,19.52,43.92,-97.6,-43.92,29.28,73.2,170.8
-161.04,-68.32,92.72,117.12,-126.88,9.76,48.8,-87.84,-39.04,29.28,73.2,170.8
-136.64,-48.8,87.84,92.72,-112.24,19.52,34.16,-107.36,-53.68,9.76,58.56,161.04
-136.64,-39.04,97.6,87.84,-117.12,29.28,29.28,-107.36,-53.68,14.64,58.56,156.16
-141.52,-53.68,87.84,97.6,-117.12,14.64,29.28,-112.24,-43.92,14.64,58.56,156.16
-141.52,-53.68,87.84,97.6,-117.12,14.64,29.28,-102.48,-39.04,24.4,68.32,161.04
-131.76,-48.8,82.96,92.72,-107.36,14.64,29.28,-102.48,-39.04,24.4,73.2,165.92
-117.12,-48.8,68.32,82.96,-92.72,9.76,24.4,-102.48,-39.04,24.4,68.32,161.04
-141.52,-53.68,87.84,97.6,-117.12,14.64,39.04,-87.84,-29.28,29.28,78.08,170.8
-165.92,-48.8,117.12,107.36,-141.52,34.16,48.8,-78.08,-19.52,48.8,87.84,175.68
-161.04,-43.92,117.12,102.48,-141.52,34.16,43.92,-78.08,-19.52,48.8,87.84,180.56
-131.76,-29.28,102.48,82.96,-117.12,34.16,34.16,-78.08,-24.4,39.04,78.08,165.92
-117.12,-14.64,102.48,68.32,-112.24,43.92,29.28,-82.96,-14.64,39.04,78.08,161.04
-131.76,-19.52,112.24,78.08,-122,43.92,29.28,-82.96,-19.52,43.92,78.08,161.04
-136.64,-34.16,102.48,87.84,-122,34.16,19.52,-87.84,-19.52,43.92,78.08,156.16
-126.88,-43.92,82.96,87.84,-107.36,19.52,24.4,-87.84,-14.64,39.04,78.08,151.28
-112.24,-14.64,97.6,63.44,-107.36,39.04,14.64,-87.84,-19.52,34.16,78.08,151.28
-126.88,-14.64,112.24,73.2,-122,48.8,24.4,-82.96,-9.76,43.92,87.84,165.92
-151.28,-39.04,112.24,97.6,-131.76,34.16,39.04,-68.32,0,63.44,102.48,180.56
-122,-48.8,73.2,87.84,-97.6,9.76,48.8,-63.44,9.76,68.32,107.36,185.44
-97.6,-39.04,58.56,68.32,-78.08,9.76,43.92,-68.32,4.88,58.56,107.36,185.44
-97.6,-43.92,53.68,73.2,-78.08,4.88,34.16,-63.44,0,68.32,97.6,175.68
-97.6,-39.04,58.56,68.32,-78.08,9.76,39.04,-58.56,4.88,73.2,107.36,175.68
-102.48,-19.52,82.96,63.44,-92.72,29.28,29.28,-58.56,9.76,78.08,102.48,170.8
-126.88,-14.64,112.24,73.2,-122,48.8,34.16,-58.56,19.52,82.96,112.24,180.56
-141.52,-14.64,126.88,78.08,-136.64,53.68,39.04,-53.68,24.4,87.84,117.12,185.44
-122,-19.52,102.48,73.2,-112.24,39.04,29.28,-58.56,19.52,78.08,107.36,175.68
-107.36,-19.52,87.84,63.44,-97.6,34.16,24.4,-58.56,19.52,78.08,107.36,170.8
-117.12,-24.4,92.72,73.2,-107.36,34.16,34.16,-43.92,24.4,87.84,112.24,175.68
-126.88,-29.28,97.6,78.08,-112.24,34.16,48.8,-39.04,24.4,87.84,122,175.68
-117.12,-4.88,112.24,63.44,-117.12,53.68,34.16,-48.8,14.64,78.08,107.36,165.92
-107.36,-19.52,87.84,63.44,-97.6,34.16,34.16,-43.92,19.52,82.96,107.36,161.04
-87.84,-14.64,73.2,53.68,-82.96,29.28,34.16,-43.92,24.4,78.08,107.36,165.92
-87.84,-9.76,78.08,48.8,-82.96,34.16,29.28,-53.68,24.4,78.08,102.48,161.04
-102.48,-19.52,82.96,63.44,-92.72,29.28,29.28,-53.68,19.52,82.96,107.36,161.04
-102.48,4.88,107.36,48.8,-107.36,53.68,24.4,-48.8,24.4,87.84,112.24,165.92
-87.84,24.4,112.24,34.16,-102.48,68.32,9.76,-58.56,9.76,78.08,102.48,156.16
-78.08,19.52,97.6,29.28,-87.84,58.56,14.64,-63.44,4.88,73.2,97.6,156.16
-63.44,14.64,78.08,24.4,-73.2,43.92,4.88,-68.32,-4.88,68.32,92.72,141.52
-73.2,-14.64,58.56,43.92,-68.32,19.52,14.64,-58.56,0,68.32,102.48,151.28
-82.96,-39.04,43.92,63.44,-63.44,0,29.28,-48.8,9.76,82.96,112.24,165.92
-92.72,-29.28,63.44,63.44,-78.08,14.64,29.28,-48.8,14.64,78.08,102.48,165.92
-92.72,-34.16,58.56,63.44,-78.08,9.76,24.4,-53.68,4.88,68.32,97.6,151.28
-97.6,-34.16,63.44,68.32,-82.96,14.64,34.16,-48.8,19.52,78.08,107.36,165.92
-112.24,-19.52,92.72,68.32,-102.48,34.16,29.28,-48.8,24.4,82.96,112.24,165.92
-117.12,-29.28,87.84,73.2,-102.48,29.28,34.16,-48.8,19.52,87.84,117.12,165.92
-112.24,-24.4,87.84,68.32,-102.48,29.28,34.16,-39.04,19.52,92.72,126.88,165.92
-97.6,-24.4,73.2,63.44,-87.84,24.4,24.4,-48.8,9.76,82.96,117.12,170.8
-73.2,-34.16,39.04,53.68,-58.56,0,24.4,-48.8,4.88,73.2,107.36,161.04
-78.08,-39.04,39.04,58.56,-58.56,0,24.4,-58.56,-4.88,63.44,97.6,151.28
-92.72,-48.8,43.92,73.2,-68.32,-4.88,24.4,-48.8,9.76,58.56,102.48,146.4
-97.6,-39.04,58.56,68.32,-78.08,9.76,29.28,-43.92,9.76,68.32,97.6,151.28
-82.96,-39.04,43.92,63.44,-63.44,0,29.28,-48.8,4.88,63.44,97.6,146.4
-63.44,-43.92,19.52,53.68,-43.92,-14.64,19.52,-63.44,0,53.68,92.72,136.64
-48.8,-29.28,19.52,39.04,-34.16,-4.88,4.88,-78.08,-19.52,39.04,73.2,122
-63.44,-19.52,43.92,43.92,-53.68,9.76,4.88,-73.2,-19.52,43.92,78.08,126.88
-87.84,-4.88,82.96,48.8,-87.84,39.04,14.64,-58.56,-9.76,63.44,92.72,131.76
-87.84,-19.52,68.32,53.68,-78.08,24.4,19.52,-58.56,-9.76,63.44,92.72,141.52
-73.2,-53.68,19.52,63.44,-48.8,-19.52,24.4,-53.68,-9.76,58.56,92.72,141.52
-82.96,-53.68,29.28,68.32,-58.56,-14.64,24.4,-48.8,0,63.44,102.48,146.4
-82.96,-43.92,39.04,63.44,-63.44,-4.88,29.28,-48.8,0,63.44,102.48,146.4
-63.44,-39.04,24.4,53.68,-43.92,-9.76,19.52,-58.56,-9.76,43.92,87.84,131.76
-58.56,-39.04,19.52,48.8,-39.04,-9.76,9.76,-68.32,-19.52,34.16,78.08,112.24
-68.32,-53.68,14.64,63.44,-43.92,-19.52,14.64,-68.32,-19.52,39.04,78.08,117.12
-78.08,-48.8,29.28,63.44,-53.68,-9.76,19.52,-68.32,-14.64,43.92,82.96,122
-68.32,-48.8,19.52,58.56,-43.92,-14.64,14.64,-68.32,-24.4,39.04,78.08,107.36
-53.68,-39.04,14.64,48.8,-34.16,-14.64,9.76,-73.2,-29.28,34.16,78.08,107.36
-58.56,-34.16,24.4,48.8,-43.92,-4.88,9.76,-73.2,-34.16,34.16,73.2,107.36
-58.56,-39.04,19.52,48.8,-39.04,-9.76,4.88,-78.08,-34.16,19.52,63.44,102.48
-53.68,-29.28,24.4,43.92,-39.04,-4.88,0,-73.2,-39.04,14.64,63.44,97.6
-48.8,-4.88,43.92,29.28,-48.8,19.52,0,-82.96,-39.04,9.76,58.56,92.72
-58.56,-29.28,29.28,43.92,-43.92,0,9.76,-68.32,-29.28,19.52,58.56,102.48
-48.8,-43.92,4.88,48.8,-29.28,-19.52,14.64,-63.44,-29.28,24.4,63.44,102.48
-39.04,-39.04,0,39.04,-19.52,-19.52,4.88,-73.2,-39.04,19.52,53.68,87.84
-34.16,-43.92,-9.76,39.04,-14.64,-29.28,4.88,-82.96,-39.04,9.76,53.68,82.96
-39.04,-43.92,-4.88,43.92,-19.52,-24.4,0,-78.08,-34.16,14.64,53.68,82.96
-58.56,-43.92,14.64,53.68,-39.04,-14.64,4.88,-78.08,-39.04,14.64,63.44,82.96
-68.32,-48.8,19.52,58.56,-43.92,-14.64,9.76,-73.2,-39.04,14.64,58.56,87.84
-53.68,-39.04,14.64,48.8,-34.16,-14.64,4.88,-82.96,-48.8,0,53.68,82.96
-29.28,-43.92,-14.64,39.04,-9.76,-29.28,0,-78.08,-53.68,-4.88,43.92,73.2
-4.88,-73.2,-68.32,39.04,29.28,-73.2,9.76,-78.08,-43.92,0,53.68,82.96
-24.4,-73.2,-48.8,48.8,9.76,-63.44,19.52,-68.32,-39.04,4.88,53.68,87.84
-43.92,-53.68,-9.76,48.8,-19.52,-34.16,14.64,-68.32,-43.92,4.88,48.8,78.08
-34.16,-53.68,-19.52,43.92,-9.76,-39.04,9.76,-78.08,-43.92,-4.88,43.92,68.32
-39.04,-63.44,-24.4,53.68,-9.76,-43.92,4.88,-82.96,-48.8,-4.88,39.04,63.44
-48.8,-68.32,-19.52,58.56,-14.64,-43.92,14.64,-73.2,-39.04,4.88,48.8,68.32
-73.2,-63.44,9.76,68.32,-43.92,-29.28,19.52,-63.44,-24.4,19.52,68.32,82.96
-48.8,-73.2,-24.4,63.44,-14.64,-48.8,14.64,-68.32,-34.16,9.76,58.56,78.08
-29.28,-53.68,-24.4,43.92,-4.88,-39.04,0,-68.32,-48.8,-4.88,48.8,68.32
-53.68,-53.68,0,53.68,-29.28,-29.28,9.76,-63.44,-43.92,4.88,53.68,78.08
-63.44,-58.56,4.88,63.44,-34.16,-29.28,24.4,-48.8,-34.16,14.64,63.44,87.84
-39.04,-43.92,-4.88,43.92,-19.52,-24.4,14.64,-58.56,-43.92,0,48.8,68.32
-48.8,-48.8,0,48.8,-24.4,-24.4,4.88,-58.56,-48.8,-4.88,43.92,58.56
-34.16,-34.16,0,34.16,-19.52,-19.52,4.88,-78.08,-53.68,-9.76,34.16,48.8
-24.4,-24.4,0,24.4,-14.64,-14.64,4.88,-78.08,-53.68,-9.76,29.28,48.8
-48.8,-43.92,4.88,48.8,-29.28,-19.52,0,-73.2,-48.8,0,34.16,48.8
-39.04,-14.64,24.4,29.28,-34.16,4.88,-4.88,-78.08,-53.68,-4.88,29.28,43.92
-34.16,-24.4,9.76,29.28,-24.4,-9.76,0,-73.2,-58.56,-4.88,29.28,39.04
-19.52,-58.56,-39.04,39.04,9.76,-48.8,4.88,-78.08,-58.56,-9.76,29.28,48.8
0,-58.56,-58.56,29.28,29.28,-58.56,9.76,-68.32,-53.68,-14.64,34.16,48.8
9.76,-53.68,-63.44,24.4,34.16,-58.56,-9.76,-82.96,-63.44,-24.4,24.4,43.92
4.88,-53.68,-58.56,24.4,29.28,-58.56,0,-78.08,-58.56,-19.52,24.4,43.92
-14.64,-48.8,-34.16,34.16,9.76,-43.92,0,-63.44,-53.68,-14.64,29.28,43.92
-29.28,-53.68,-24.4,43.92,-4.88,-39.04,4.88,-73.2,-48.8,-14.64,24.4,43.92
-4.88,-43.92,-39.04,24.4,14.64,-43.92,0,-78.08,-53.68,-14.64,24.4,39.04
19.52,-39.04,-58.56,9.76,39.04,-48.8,-14.64,-82.96,-58.56,-24.4,19.52,34.16
-14.64,-43.92,-29.28,29.28,4.88,-39.04,-4.88,-82.96,-48.8,-14.64,29.28,39.04
-24.4,-39.04,-14.64,34.16,-4.88,-29.28,0,-78.08,-48.8,-14.64,29.28,39.04
-9.76,-43.92,-34.16,29.28,9.76,-39.04,-14.64,-78.08,-68.32,-34.16,14.64,24.4
-4.88,-63.44,-58.56,34.16,24.4,-63.44,0,-73.2,-58.56,-19.52,29.28,29.28
-24.4,-58.56,-34.16,43.92,4.88,-48.8,4.88,-68.32,-48.8,-14.64,34.16,34.16
0,-68.32,-68.32,34.16,34.16,-68.32,-14.64,-73.2,-68.32,-34.16,14.64,19.52
29.28,-68.32,-97.6,19.52,63.44,-82.96,-19.52,-82.96,-78.08,-39.04,9.76,14.64
9.76,-58.56,-68.32,24.4,39.04,-63.44,-4.88,-82.96,-68.32,-34.16,9.76,19.52
9.76,-58.56,-68.32,24.4,39.04,-63.44,-9.76,-82.96,-63.44,-34.16,14.64,19.52
34.16,-53.68,-87.84,9.76,58.56,-73.2,-14.64,-87.84,-73.2,-39.04,9.76,9.76
24.4,-39.04,-63.44,9.76,43.92,-53.68,-14.64,-87.84,-68.32,-29.28,19.52,14.64
4.88,-34.16,-39.04,14.64,19.52,-39.04,0,-73.2,-58.56,-19.52,29.28,24.4
4.88,-58.56,-63.44,29.28,34.16,-63.44,-14.64,-78.08,-68.32,-34.16,19.52,14.64
14.64,-68.32,-82.96,29.28,48.8,-78.08,-9.76,-73.2,-68.32,-39.04,14.64,14.64
34.16,-58.56,-92.72,14.64,63.44,-78.08,-14.64,-78.08,-68.32,-39.04,9.76,4.88
39.04,-63.44,-102.48,14.64,68.32,-82.96,-19.52,-82.96,-73.2,-48.8,4.88,-4.88
24.4,-63.44,-87.84,19.52,53.68,-78.08,-4.88,-78.08,-68.32,-34.16,14.64,4.88
14.64,-53.68,-68.32,19.52,39.04,-63.44,0,-73.2,-58.56,-34.16,19.52,9.76
19.52,-43.92,-63.44,14.64,39.04,-53.68,-9.76,-73.2,-63.44,-39.04,14.64,4.88
39.04,-34.16,-73.2,0,53.68,-53.68,-14.64,-82.96,-73.2,-43.92,4.88,-4.88
39.04,-48.8,-87.84,4.88,63.44,-68.32,-19.52,-78.08,-68.32,-39.04,4.88,-4.88
24.4,-58.56,-82.96,19.52,53.68,-73.2,-9.76,-68.32,-58.56,-43.92,14.64,0
-4.88,-48.8,-43.92,29.28,19.52,-48.8,4.88,-53.68,-43.92,-24.4,29.28,14.64
-14.64,-43.92,-29.28,29.28,4.88,-39.04,9.76,-48.8,-48.8,-24.4,24.4,14.64
24.4,-43.92,-68.32,9.76,43.92,-58.56,4.88,-63.44,-63.44,-39.04,14.64,0
34.16,-39.04,-73.2,4.88,53.68,-58.56,-4.88,-68.32,-63.44,-43.92,4.88,-9.76
4.88,-48.8,-53.68,24.4,29.28,-53.68,-9.76,-68.32,-63.44,-39.04,4.88,-9.76
-14.64,-53.68,-39.04,34.16,9.76,-48.8,14.64,-53.68,-48.8,-24.4,19.52,4.88
4.88,-53.68,-58.56,24.4,29.28,-58.56,9.76,-58.56,-53.68,-29.28,19.52,4.88
19.52,-58.56,-78.08,19.52,48.8,-68.32,0,-58.56,-63.44,-43.92,14.64,0
24.4,-48.8,-73.2,14.64,48.8,-63.44,0,-58.56,-63.44,-39.04,9.76,-4.88
24.4,-39.04,-63.44,9.76,43.92,-53.68,-14.64,-68.32,-63.44,-53.68,4.88,-19.52
34.16,-24.4,-58.56,-4.88,43.92,-43.92,-9.76,-63.44,-63.44,-48.8,9.76,-14.64
58.56,-4.88,-63.44,-24.4,58.56,-34.16,-14.64,-63.44,-68.32,-58.56,0,-24.4
68.32,-9.76,-78.08,-29.28,73.2,-43.92,-14.64,-68.32,-73.2,-68.32,-9.76,-34.16
53.68,-19.52,-73.2,-14.64,63.44,-48.8,0,-53.68,-58.56,-53.68,4.88,-14.64
43.92,-39.04,-82.96,0,63.44,-63.44,14.64,-39.04,-48.8,-43.92,14.64,-4.88
68.32,-39.04,-107.36,-14.64,87.84,-73.2,4.88,-39.04,-48.8,-43.92,4.88,-19.52
82.96,-14.64,-97.6,-34.16,87.84,-58.56,-4.88,-53.68,-63.44,-48.8,0,-34.16
92.72,-14.64,-107.36,-39.04,97.6,-63.44,-19.52,-68.32,-78.08,-68.32,-19.52,-48.8
82.96,-19.52,-102.48,-29.28,92.72,-63.44,-19.52,-58.56,-78.08,-68.32,-9.76,-43.92
58.56,-58.56,-117.12,0,87.84,-87.84,9.76,-29.28,-53.68,-34.16,24.4,-14.64
14.64,-78.08,-92.72,34.16,53.68,-87.84,19.52,-14.64,-29.28,-19.52,34.16,4.88
48.8,-29.28,-78.08,-9.76,63.44,-53.68,0,-34.16,-48.8,-39.04,19.52,-19.52
82.96,4.88,-78.08,-43.92,78.08,-39.04,-9.76,-43.92,-58.56,-58.56,4.88,-34.16
58.56,-24.4,-82.96,-14.64,68.32,-53.68,-14.64,-43.92,-63.44,-63.44,0,-39.04
53.68,-43.92,-97.6,-4.88,73.2,-73.2,-9.76,-39.04,-58.56,-53.68,4.88,-34.16
24.4,-48.8,-73.2,14.64,48.8,-63.44,-9.76,-48.8,-63.44,-63.44,0,-39.04
48.8,-53.68,-102.48,4.88,73.2,-78.08,-4.88,-53.68,-63.44,-68.32,-4.88,-43.92
87.84,-24.4,-112.24,-29.28,97.6,-68.32,-19.52,-58.56,-63.44,-68.32,-9.76,-53.68
78.08,-24.4,-102.48,-24.4,87.84,-63.44,-24.4,-68.32,-68.32,-73.2,-14.64,-53.68
73.2,-48.8,-122,-9.76,97.6,-87.84,-9.76,-53.68,-68.32,-68.32,-4.88,-48.8
58.56,-68.32,-126.88,4.88,92.72,-97.6,-14.64,-53.68,-63.44,-68.32,0,-39.04
48.8,-53.68,-102.48,4.88,73.2,-78.08,4.88,-39.04,-58.56,-63.44,9.76,-34.16
63.44,-39.04,-102.48,-9.76,82.96,-73.2,14.64,-29.28,-48.8,-53.68,19.52,-24.4
68.32,-24.4,-92.72,-19.52,78.08,-58.56,9.76,-39.04,-53.68,-58.56,9.76,-34.16
78.08,-9.76,-87.84,-34.16,82.96,-48.8,9.76,-34.16,-48.8,-43.92,14.64,-24.4
78.08,-14.64,-92.72,-29.28,82.96,-53.68,0,-48.8,-53.68,-58.56,4.88,-43.92
58.56,-34.16,-92.72,-9.76,73.2,-63.44,0,-58.56,-58.56,-63.44,0,-43.92
58.56,-29.28,-87.84,-14.64,73.2,-58.56,-9.76,-58.56,-58.56,-63.44,-4.88,-43.92
43.92,-43.92,-87.84,0,63.44,-68.32,-4.88,-53.68,-53.68,-58.56,0,-34.16
29.28,-63.44,-92.72,19.52,58.56,-78.08,-9.76,-63.44,-63.44,-68.32,0,-43.92
19.52,-78.08,-97.6,29.28,58.56,-87.84,-14.64,-58.56,-63.44,-68.32,-9.76,-43.92
53.68,-68.32,-122,9.76,87.84,-97.6,-19.52,-58.56,-68.32,-68.32,-4.88,-43.92
63.44,-29.28,-92.72,-14.64,78.08,-63.44,-14.64,-58.56,-68.32,-68.32,-4.88,-43.92
24.4,-39.04,-63.44,9.76,43.92,-53.68,-19.52,-53.68,-63.44,-68.32,-4.88,-43.92
68.32,0,-68.32,-34.16,68.32,-34.16,-4.88,-53.68,-68.32,-63.44,4.88,-43.92
34.16,-34.16,-68.32,0,48.8,-53.68,-9.76,-53.68,-68.32,-63.44,0,-39.04
9.76,-73.2,-82.96,34.16,43.92,-78.08,-29.28,-78.08,-78.08,-78.08,-19.52,-53.68
39.04,-43.92,-82.96,4.88,58.56,-63.44,-19.52,-68.32,-78.08,-73.2,-14.64,-53.68
-9.76,-73.2,-63.44,43.92,24.4,-68.32,-24.4,-78.08,-78.08,-78.08,-14.64,-53.68
-24.4,-58.56,-34.16,43.92,4.88,-48.8,-4.88,-53.68,-63.44,-58.56,4.88,-29.28
-4.88,-39.04,-34.16,24.4,14.64,-39.04,0,-48.8,-58.56,-53.68,4.88,-29.28
43.92,-14.64,-58.56,-14.64,48.8,-39.04,0,-48.8,-63.44,-58.56,9.76,-29.28
73.2,-9.76,-82.96,-29.28,78.08,-48.8,0,-39.04,-53.68,-48.8,19.52,-19.52
48.8,-43.92,-92.72,0,68.32,-68.32,-14.64,-58.56,-63.44,-58.56,0,-39.04
14.64,-58.56,-73.2,24.4,43.92,-68.32,-19.52,-63.44,-73.2,-63.44,-4.88,-39.04
-63.44,-97.6,-34.16,82.96,-14.64,-68.32,-14.64,-63.44,-68.32,-63.44,0,-34.16
-48.8,-68.32,-19.52,58.56,-14.64,-43.92,-9.76,-58.56,-63.44,-53.68,0,-29.28
9.76,-43.92,-53.68,19.52,29.28,-48.8,-14.64,-68.32,-68.32,-58.56,-4.88,-39.04
29.28,-34.16,-63.44,4.88,43.92,-48.8,-9.76,-63.44,-68.32,-53.68,0,-34.16
34.16,-53.68,-87.84,9.76,58.56,-73.2,-24.4,-73.2,-78.08,-68.32,-4.88,-39.04
9.76,-58.56,-68.32,24.4,39.04,-63.44,-24.4,-73.2,-82.96,-68.32,-14.64,-43.92
-9.76,-68.32,-58.56,39.04,24.4,-63.44,-24.4,-58.56,-73.2,-58.56,-4.88,-29.28
-9.76,-63.44,-53.68,39.04,19.52,-58.56,-29.28,-63.44,-78.08,-63.44,0,-34.16
-4.88,-78.08,-73.2,43.92,34.16,-78.08,-19.52,-58.56,-78.08,-58.56,-4.88,-34.16
-14.64,-97.6,-82.96,58.56,34.16,-92.72,-34.16,-73.2,-87.84,-68.32,-14.64,-43.92
-24.4,-82.96,-58.56,53.68,14.64,-73.2,-24.4,-68.32,-82.96,-68.32,-9.76,-43.92
-19.52,-29.28,-9.76,24.4,-4.88,-19.52,-9.76,-58.56,-63.44,-48.8,4.88,-24.4
-29.28,-34.16,-4.88,34.16,-14.64,-19.52,-9.76,-58.56,-73.2,-53.68,0,-29.28
4.88,-43.92,-48.8,19.52,24.4,-48.8,-19.52,-68.32,-78.08,-53.68,0,-24.4
14.64,-34.16,-48.8,9.76,29.28,-43.92,-14.64,-58.56,-68.32,-48.8,9.76,-19.52
19.52,-58.56,-78.08,19.52,48.8,-68.32,-14.64,-63.44,-78.08,-58.56,0,-29.28
34.16,-78.08,-112.24,24.4,73.2,-97.6,-34.16,-73.2,-87.84,-73.2,-14.64,-39.04
34.16,-53.68,-87.84,9.76,58.56,-73.2,-34.16,-73.2,-97.6,-73.2,-19.52,-43.92
34.16,-48.8,-82.96,9.76,58.56,-68.32,-24.4,-63.44,-82.96,-63.44,-9.76,-29.28
39.04,-34.16,-73.2,0,53.68,-53.68,-24.4,-58.56,-78.08,-58.56,0,-29.28
34.16,-48.8,-82.96,9.76,58.56,-68.32,-19.52,-58.56,-73.2,-48.8,-9.76,-29.28
34.16,-48.8,-82.96,9.76,58.56,-68.32,-14.64,-53.68,-68.32,-43.92,0,-24.4
19.52,-34.16,-53.68,9.76,34.16,-43.92,-9.76,-53.68,-58.56,-34.16,4.88,-14.64
9.76,-48.8,-58.56,19.52,34.16,-53.68,-9.76,-48.8,-63.44,-34.16,14.64,-9.76
34.16,-48.8,-82.96,9.76,58.56,-68.32,-19.52,-53.68,-73.2,-39.04,4.88,-19.52
19.52,-48.8,-68.32,14.64,43.92,-58.56,-19.52,-48.8,-78.08,-48.8,0,-24.4
14.64,-48.8,-63.44,19.52,39.04,-58.56,-29.28,-48.8,-87.84,-48.8,0,-19.52
58.56,-39.04,-97.6,-9.76,78.08,-68.32,-24.4,-43.92,-78.08,-43.92,4.88,-9.76
78.08,-29.28,-107.36,-24.4,92.72,-68.32,-29.28,-48.8,-82.96,-43.92,0,-24.4
87.84,-19.52,-107.36,-34.16,97.6,-63.44,-39.04,-53.68,-87.84,-53.68,-14.64,-29.28
39.04,-48.8,-87.84,4.88,63.44,-68.32,-24.4,-53.68,-87.84,-48.8,-9.76,-19.52
0,-63.44,-63.44,34.16,29.28,-63.44,-24.4,-53.68,-73.2,-39.04,0,-19.52
53.68,-19.52,-73.2,-14.64,63.44,-48.8,-9.76,-39.04,-58.56,-29.28,9.76,-9.76
48.8,-19.52,-68.32,-14.64,58.56,-43.92,-14.64,-43.92,-63.44,-29.28,9.76,-4.88
29.28,-39.04,-68.32,4.88,48.8,-53.68,-14.64,-43.92,-63.44,-29.28,4.88,-4.88
34.16,-34.16,-68.32,0,48.8,-53.68,-29.28,-58.56,-73.2,-39.04,0,-14.64
19.52,-39.04,-58.56,9.76,39.04,-48.8,-39.04,-53.68,-78.08,-43.92,0,-14.64
48.8,-19.52,-68.32,-14.64,58.56,-43.92,-34.16,-53.68,-82.96,-43.92,-4.88,-9.76
73.2,-4.88,-78.08,-34.16,73.2,-43.92,-34.16,-48.8,-73.2,-43.92,0,-14.64
34.16,-34.16,-68.32,0,48.8,-53.68,-39.04,-63.44,-87.84,-58.56,-14.64,-29.28
34.16,-34.16,-68.32,0,48.8,-53.68,-39.04,-53.68,-78.08,-48.8,-9.76,-24.4
39.04,-39.04,-78.08,0,58.56,-58.56,-4.88,-29.28,-48.8,-19.52,19.52,4.88
14.64,-53.68,-68.32,19.52,39.04,-63.44,0,-24.4,-43.92,-9.76,24.4,4.88
29.28,-39.04,-68.32,4.88,48.8,-53.68,4.88,-19.52,-39.04,-4.88,34.16,14.64
78.08,4.88,-73.2,-39.04,73.2,-34.16,0,-14.64,-34.16,0,39.04,24.4
58.56,-4.88,-63.44,-24.4,58.56,-34.16,-9.76,-14.64,-48.8,-9.76,29.28,14.64
43.92,19.52,-24.4,-29.28,34.16,-4.88,14.64,4.88,-29.28,4.88,39.04,24.4
19.52,19.52,0,-19.52,9.76,9.76,9.76,0,-34.16,0,34.16,19.52
24.4,14.64,-9.76,-19.52,14.64,0,29.28,4.88,-39.04,-4.88,24.4,9.76
68.32,29.28,-39.04,-48.8,53.68,-4.88,43.92,14.64,-19.52,14.64,39.04,24.4
58.56,24.4,-34.16,-39.04,43.92,-4.88,58.56,24.4,-14.64,14.64,39.04,14.64
34.16,19.52,-14.64,-24.4,24.4,0,43.92,14.64,-24.4,0,24.4,4.88
68.32,43.92,-24.4,-53.68,43.92,9.76,63.44,19.52,-19.52,4.88,29.28,9.76
73.2,0,-73.2,-34.16,73.2,-39.04,73.2,43.92,-4.88,24.4,43.92,29.28
97.6,53.68,-43.92,-73.2,68.32,4.88,102.48,68.32,24.4,53.68,78.08,53.68
78.08,58.56,-19.52,-68.32,48.8,19.52,107.36,92.72,34.16,63.44,92.72,68.32
43.92,29.28,-14.64,-34.16,29.28,4.88,92.72,82.96,19.52,48.8,73.2,53.68
73.2,87.84,14.64,-78.08,29.28,48.8,97.6,92.72,43.92,78.08,92.72,73.2
68.32,92.72,24.4,-78.08,19.52,58.56,78.08,87.84,39.04,78.08,102.48,73.2
87.84,102.48,14.64,-92.72,34.16,58.56,48.8,73.2,43.92,87.84,102.48,78.08
151.28,156.16,4.88,-151.28,73.2,78.08,9.76,53.68,39.04,82.96,107.36,82.96
151.28,136.64,-14.64,-141.52,82.96,58.56,-9.76,48.8,34.16,82.96,107.36,82.96
107.36,87.84,-19.52,-97.6,63.44,34.16,-34.16,34.16,24.4,73.2,97.6,82.96
68.32,39.04,-29.28,-53.68,48.8,4.88,-68.32,-14.64,-9.76,48.8,73.2,58.56
102.48,39.04,-63.44,-68.32,82.96,-14.64,-87.84,-24.4,-24.4,43.92,73.2,58.56
112.24,29.28,-82.96,-68.32,97.6,-29.28,-87.84,-24.4,-24.4,34.16,68.32,53.68
107.36,14.64,-92.72,-58.56,97.6,-39.04,-68.32,-14.64,-9.76,43.92,78.08,63.44
131.76,39.04,-92.72,-82.96,112.24,-29.28,-63.44,-4.88,-9.76,53.68,87.84,73.2
112.24,34.16,-78.08,-73.2,92.72,-24.4,-63.44,-9.76,-14.64,48.8,78.08,68.32
92.72,34.16,-58.56,-63.44,73.2,-14.64,-48.8,-9.76,-9.76,48.8,82.96,78.08
92.72,48.8,-43.92,-68.32,68.32,0,-53.68,-14.64,-14.64,43.92,73.2,68.32
63.44,4.88,-58.56,-34.16,58.56,-29.28,-58.56,-29.28,-34.16,29.28,58.56,53.68
97.6,9.76,-87.84,-53.68,92.72,-39.04,-53.68,-24.4,-29.28,34.16,58.56,58.56
131.76,34.16,-97.6,-82.96,112.24,-34.16,-48.8,-34.16,-29.28,34.16,68.32,58.56
63.44,-29.28,-92.72,-14.64,78.08,-63.44,-63.44,-53.68,-43.92,14.64,43.92,43.92
29.28,-92.72,-122,34.16,73.2,-107.36,-82.96,-68.32,-68.32,-4.88,29.28,29.28
4.88,-107.36,-112.24,53.68,58.56,-112.24,-82.96,-73.2,-73.2,-14.64,19.52,19.52
58.56,-48.8,-107.36,-4.88,82.96,-78.08,-53.68,-53.68,-58.56,0,39.04,39.04
87.84,0,-87.84,-43.92,87.84,-43.92,-34.16,-34.16,-39.04,14.64,53.68,48.8
48.8,-43.92,-92.72,0,68.32,-68.32,-34.16,-39.04,-43.92,14.64,48.8,48.8
63.44,-39.04,-102.48,-9.76,82.96,-73.2,-24.4,-39.04,-34.16,19.52,53.68,53.68
58.56,-29.28,-87.84,-14.64,73.2,-58.56,-34.16,-48.8,-53.68,0,34.16,29.28
34.16,-39.04,-73.2,4.88,53.68,-58.56,-39.04,-63.44,-68.32,-14.64,14.64,14.64
19.52,-58.56,-78.08,19.52,48.8,-68.32,-53.68,-78.08,-78.08,-29.28,4.88,0
9.76,-78.08,-87.84,34.16,48.8,-82.96,-63.44,-92.72,-87.84,-39.04,-9.76,-9.76
4.88,-82.96,-87.84,39.04,43.92,-87.84,-58.56,-92.72,-97.6,-43.92,-14.64,-9.76
48.8,-53.68,-102.48,4.88,73.2,-78.08,-53.68,-82.96,-102.48,-39.04,-14.64,-9.76
48.8,-78.08,-126.88,14.64,87.84,-102.48,-68.32,-92.72,-107.36,-58.56,-29.28,-29.28
-4.88,-112.24,-107.36,58.56,48.8,-112.24,-73.2,-102.48,-107.36,-58.56,-29.28,-29.28
-82.96,-146.4,-63.44,117.12,-9.76,-107.36,-78.08,-102.48,-107.36,-63.44,-34.16,-29.28
14.64,-53.68,-68.32,19.52,39.04,-63.44,-39.04,-78.08,-82.96,-34.16,-4.88,0
9.76,-48.8,-58.56,19.52,34.16,-53.68,-39.04,-68.32,-73.2,-24.4,4.88,4.88
9.76,-63.44,-73.2,29.28,39.04,-68.32,-39.04,-82.96,-87.84,-29.28,-4.88,0
34.16,-58.56,-92.72,14.64,63.44,-78.08,-39.04,-87.84,-92.72,-34.16,-9.76,-4.88
-24.4,-117.12,-92.72,73.2,34.16,-107.36,-58.56,-97.6,-102.48,-43.92,-19.52,-19.52
-73.2,-161.04,-87.84,117.12,4.88,-126.88,-73.2,-112.24,-117.12,-63.44,-39.04,-34.16
9.76,-73.2,-82.96,34.16,43.92,-78.08,-43.92,-82.96,-87.84,-34.16,-9.76,-4.88
-19.52,-82.96,-63.44,53.68,19.52,-73.2,-48.8,-82.96,-87.84,-39.04,-14.64,-9.76
24.4,-73.2,-97.6,24.4,58.56,-87.84,-39.04,-78.08,-87.84,-29.28,-9.76,-9.76
-4.88,-146.4,-141.52,78.08,68.32,-146.4,-58.56,-92.72,-92.72,-43.92,-19.52,-19.52
-58.56,-190.32,-131.76,126.88,34.16,-161.04,-63.44,-102.48,-107.36,-53.68,-29.28,-34.16
24.4,-102.48,-126.88,39.04,73.2,-117.12,-39.04,-82.96,-87.84,-29.28,-4.88,-9.76
34.16,-102.48,-136.64,34.16,82.96,-122,-43.92,-92.72,-97.6,-39.04,-19.52,-24.4
9.76,-112.24,-122,53.68,63.44,-117.12,-39.04,-82.96,-87.84,-29.28,-9.76,-14.64
0,-107.36,-107.36,53.68,53.68,-107.36,-39.04,-87.84,-87.84,-29.28,-9.76,-14.64
-9.76,-107.36,-97.6,58.56,43.92,-102.48,-39.04,-87.84,-87.84,-34.16,-14.64,-19.52
-4.88,-97.6,-92.72,53.68,43.92,-97.6,-34.16,-78.08,-87.84,-29.28,-9.76,-14.64
-9.76,-107.36,-97.6,58.56,43.92,-102.48,-34.16,-68.32,-82.96,-34.16,-9.76,-19.52
-14.64,-87.84,-73.2,53.68,29.28,-82.96,-9.76,-43.92,-78.08,-39.04,-14.64,-19.52
-9.76,-73.2,-63.44,43.92,24.4,-68.32,4.88,-14.64,-58.56,-43.92,-34.16,-34.16
-48.8,-131.76,-82.96,92.72,14.64,-107.36,43.92,34.16,-24.4,-58.56,-63.44,-58.56
-78.08,-126.88,-48.8,102.48,-14.64,-87.84,117.12,131.76,43.92,-68.32,-82.96,-78.08
-122,-97.6,24.4,112.24,-73.2,-39.04,200.08,248.88,117.12,-97.6,-126.88,-117.12
-126.88,-24.4,102.48,78.08,-117.12,39.04,292.8,429.44,263.52,-73.2,-126.88,-131.76
-112.24,34.16,146.4,39.04,-131.76,87.84,375.76,610,405.04,-34.16,-112.24,-131.76
-87.84,107.36,195.2,-9.76,-141.52,151.28,409.92,717.36,512.4,24.4,-68.32,-117.12
-92.72,136.64,229.36,-19.52,-161.04,180.56,448.96,795.44,610,126.88,14.64,-63.44
-48.8,195.2,244,-73.2,-146.4,219.6,473.36,824.72,683.2,253.76,131.76,19.52
24.4,287.92,263.52,-156.16,-122,273.28,419.68,717.36,683.2,429.44,317.2,161.04
68.32,336.72,268.4,-200.08,-102.48,302.56,307.44,527.04,692.96,688.08,570.96,346.48
195.2,400.16,204.96,-297.68,-4.88,302.56,200.08,331.84,746.64,1068.72,936.96,610
302.56,502.64,200.08,-400.16,48.8,351.36,29.28,0,736.88,1537.2,1371.28,912.56
400.16,614.88,214.72,-507.52,92.72,414.8,-195.2,-341.6,722.24,2039.84,1830,1244.4
527.04,805.2,278.16,-663.68,122,541.68,-429.44,-649.04,736.88,2557.12,2327.76,1634.8
644.16,917.44,273.28,-780.8,185.44,595.36,-624.64,-824.72,883.28,3118.32,2806,1976.4
736.88,893.04,156.16,-814.96,287.92,522.16,-702.72,-839.36,1058.96,3547.76,3108.56,2181.36
761.28,805.2,43.92,-780.8,356.24,424.56,-771.04,-927.2,995.52,3596.56,3118.32,2225.28
766.16,624.64,-141.52,-692.96,453.84,239.12,-829.6,-1029.68,800.32,3372.08,2913.36,2113.04
722.24,448.96,-273.28,-585.6,497.76,87.84,-873.52,-1137.04,492.88,2898.72,2532.72,1908.08
610,361.12,-248.88,-483.12,429.44,53.68,-927.2,-1337.12,-34.16,2074,1917.84,1581.12
478.24,297.68,-180.56,-385.52,326.96,58.56,-985.76,-1517.68,-624.64,1161.44,1298.08,1254.16
356.24,234.24,-122,-292.8,239.12,53.68,-985.76,-1600.64,-1102.88,361.12,785.68,980.88
263.52,92.72,-170.8,-175.68,214.72,-39.04,-902.8,-1566.48,-1390.8,-322.08,283.04,668.56
200.08,-39.04,-239.12,-78.08,219.6,-141.52,-810.08,-1444.48,-1410.32,-614.88,-29.28,419.68
151.28,-136.64,-287.92,-4.88,219.6,-214.72,-727.12,-1249.28,-1215.12,-605.12,-170.8,209.84
141.52,-180.56,-322.08,19.52,229.36,-253.76,-619.76,-1029.68,-985.76,-507.52,-204.96,102.48
151.28,-180.56,-331.84,14.64,239.12,-258.64,-546.56,-849.12,-800.32,-400.16,-161.04,92.72
146.4,-170.8,-317.2,14.64,229.36,-244,-473.36,-727.12,-673.44,-326.96,-136.64,87.84
131.76,-161.04,-292.8,14.64,209.84,-229.36,-414.8,-634.4,-585.6,-292.8,-131.76,63.44
126.88,-131.76,-258.64,4.88,190.32,-195.2,-331.84,-507.52,-473.36,-219.6,-87.84,82.96
117.12,-136.64,-253.76,9.76,185.44,-195.2,-248.88,-375.76,-366,-156.16,-43.92,92.72
117.12,-117.12,-234.24,0,175.68,-175.68,-180.56,-278.16,-292.8,-117.12,-34.16,73.2
102.48,-112.24,-214.72,4.88,156.16,-165.92,-131.76,-209.84,-224.48,-87.84,-29.28,58.56
82.96,-136.64,-219.6,29.28,151.28,-180.56,-63.44,-126.88,-161.04,-58.56,-14.64,53.68
73.2,-146.4,-219.6,39.04,146.4,-185.44,-14.64,-68.32,-112.24,-48.8,-14.64,34.16
68.32,-151.28,-219.6,43.92,141.52,-185.44,9.76,-48.8,-97.6,-53.68,-29.28,14.64
9.76,-161.04,-170.8,78.08,87.84,-165.92,58.56,0,-53.68,-24.4,-4.88,43.92
-9.76,-131.76,-122,73.2,53.68,-126.88,73.2,24.4,-34.16,-29.28,-4.88,29.28
-9.76,-126.88,-117.12,68.32,53.68,-122,82.96,43.92,-24.4,-29.28,-14.64,29.28
-9.76,-136.64,-126.88,73.2,58.56,-131.76,97.6,58.56,-14.64,-19.52,-9.76,34.16
4.88,-151.28,-156.16,73.2,78.08,-156.16,87.84,53.68,-24.4,-43.92,-19.52,14.64
29.28,-136.64,-165.92,53.68,97.6,-151.28,97.6,53.68,-34.16,-58.56,-39.04,4.88
43.92,-122,-165.92,39.04,102.48,-146.4,107.36,58.56,-29.28,-53.68,-43.92,-4.88
48.8,-112.24,-161.04,34.16,102.48,-136.64,92.72,53.68,-39.04,-68.32,-53.68,-19.52
48.8,-131.76,-180.56,43.92,112.24,-156.16,102.48,73.2,-19.52,-63.44,-48.8,-14.64
39.04,-156.16,-195.2,58.56,117.12,-175.68,107.36,78.08,-4.88,-48.8,-48.8,-14.64
9.76,-170.8,-180.56,82.96,92.72,-175.68,102.48,82.96,0,-48.8,-43.92,-14.64
-14.64,-170.8,-156.16,92.72,68.32,-165.92,107.36,92.72,4.88,-43.92,-39.04,-19.52
-9.76,-180.56,-170.8,97.6,78.08,-175.68,97.6,92.72,9.76,-48.8,-53.68,-24.4
19.52,-165.92,-185.44,73.2,102.48,-175.68,107.36,97.6,14.64,-43.92,-43.92,-19.52
39.04,-136.64,-175.68,48.8,107.36,-156.16,112.24,107.36,19.52,-48.8,-39.04,-19.52
29.28,-126.88,-156.16,48.8,92.72,-141.52,117.12,122,29.28,-43.92,-34.16,-19.52
19.52,-131.76,-151.28,58.56,82.96,-141.52,126.88,126.88,34.16,-39.04,-29.28,-19.52
9.76,-126.88,-136.64,58.56,73.2,-131.76,136.64,136.64,34.16,-34.16,-29.28,-14.64
4.88,-156.16,-161.04,78.08,82.96,-161.04,131.76,136.64,34.16,-39.04,-34.16,-29.28
-4.88,-195.2,-190.32,102.48,92.72,-195.2,131.76,131.76,39.04,-29.28,-39.04,-34.16
0,-175.68,-175.68,87.84,87.84,-175.68,131.76,126.88,43.92,-24.4,-34.16,-29.28
14.64,-131.76,-146.4,58.56,78.08,-141.52,146.4,141.52,53.68,-24.4,-19.52,-14.64
9.76,-141.52,-151.28,68.32,78.08,-146.4,156.16,146.4,63.44,-14.64,-14.64,-14.64
-14.64,-180.56,-165.92,97.6,73.2,-175.68,156.16,151.28,63.44,-14.64,-14.64,-9.76
-24.4,-204.96,-180.56,117.12,78.08,-195.2,151.28,146.4,48.8,-29.28,-24.4,-24.4
-24.4,-180.56,-156.16,102.48,63.44,-170.8,156.16,156.16,53.68,-29.28,-29.28,-19.52
-9.76,-161.04,-151.28,87.84,68.32,-156.16,161.04,156.16,63.44,-29.28,-34.16,-24.4
9.76,-136.64,-146.4,63.44,78.08,-141.52,156.16,156.16,58.56,-29.28,-39.04,-19.52
29.28,-53.68,-82.96,14.64,53.68,-68.32,122,126.88,24.4,-73.2,-73.2,-63.44
34.16,-14.64,-48.8,-9.76,39.04,-34.16,112.24,107.36,14.64,-82.96,-87.84,-78.08
24.4,14.64,-9.76,-19.52,14.64,0,102.48,87.84,9.76,-87.84,-97.6,-82.96
-4.88,29.28,34.16,-9.76,-19.52,29.28,87.84,78.08,-4.88,-97.6,-107.36,-97.6
-9.76,43.92,53.68,-14.64,-34.16,48.8,92.72,82.96,4.88,-97.6,-102.48,-92.72
-14.64,58.56,73.2,-19.52,-43.92,63.44,102.48,92.72,4.88,-87.84,-97.6,-82.96
-9.76,53.68,63.44,-19.52,-39.04,58.56,92.72,87.84,-4.88,-97.6,-102.48,-87.84
9.76,68.32,58.56,-39.04,-24.4,63.44,107.36,102.48,0,-92.72,-102.48,-87.84
19.52,73.2,53.68,-43.92,-19.52,63.44,107.36,102.48,-4.88,-97.6,-112.24,-97.6
19.52,73.2,53.68,-43.92,-19.52,63.44,112.24,112.24,0,-97.6,-107.36,-87.84
24.4,73.2,48.8,-48.8,-14.64,58.56,112.24,117.12,9.76,-97.6,-107.36,-87.84
39.04,68.32,29.28,-53.68,4.88,48.8,102.48,102.48,0,-112.24,-122,-107.36
53.68,73.2,19.52,-63.44,14.64,43.92,87.84,92.72,-4.88,-117.12,-126.88,-112.24
48.8,87.84,39.04,-68.32,4.88,63.44,87.84,92.72,0,-117.12,-126.88,-107.36
53.68,92.72,39.04,-73.2,4.88,63.44,92.72,97.6,4.88,-112.24,-122,-112.24
29.28,97.6,68.32,-63.44,-19.52,82.96,112.24,112.24,14.64,-97.6,-112.24,-92.72
-4.88,92.72,97.6,-43.92,-53.68,92.72,117.12,122,19.52,-97.6,-102.48,-92.72
-14.64,73.2,87.84,-29.28,-53.68,78.08,126.88,131.76,24.4,-97.6,-102.48,-92.72
-34.16,82.96,117.12,-24.4,-78.08,97.6,131.76,136.64,29.28,-87.84,-102.48,-92.72
-43.92,78.08,122,-14.64,-82.96,97.6,141.52,141.52,29.28,-82.96,-102.48,-78.08
-63.44,73.2,136.64,-4.88,-102.48,102.48,151.28,165.92,48.8,-73.2,-87.84,-73.2
-29.28,82.96,112.24,-24.4,-73.2,97.6,136.64,161.04,53.68,-78.08,-102.48,-92.72
-24.4,73.2,97.6,-24.4,-63.44,82.96,136.64,156.16,53.68,-87.84,-107.36,-97.6
-4.88,92.72,97.6,-43.92,-53.68,92.72,131.76,151.28,48.8,-92.72,-107.36,-97.6
-19.52,87.84,107.36,-34.16,-63.44,97.6,136.64,156.16,53.68,-92.72,-112.24,-107.36
-19.52,78.08,97.6,-29.28,-58.56,87.84,136.64,156.16,53.68,-92.72,-112.24,-102.48
-14.64,87.84,102.48,-34.16,-58.56,92.72,136.64,161.04,48.8,-92.72,-112.24,-102.48
-9.76,78.08,87.84,-34.16,-48.8,82.96,141.52,165.92,48.8,-92.72,-112.24,-107.36
-14.64,68.32,82.96,-24.4,-48.8,73.2,151.28,180.56,63.44,-87.84,-112.24,-102.48
-9.76,63.44,73.2,-24.4,-43.92,68.32,136.64,170.8,48.8,-97.6,-122,-107.36
-39.04,39.04,78.08,0,-58.56,58.56,136.64,170.8,53.68,-97.6,-122,-117.12
-48.8,39.04,87.84,4.88,-68.32,63.44,146.4,180.56,68.32,-82.96,-117.12,-112.24
-53.68,24.4,78.08,14.64,-68.32,48.8,146.4,180.56,78.08,-87.84,-117.12,-112.24
-58.56,24.4,82.96,19.52,-73.2,53.68,131.76,170.8,68.32,-97.6,-136.64,-122
-43.92,48.8,92.72,0,-68.32,68.32,122,165.92,63.44,-107.36,-146.4,-141.52
-43.92,68.32,112.24,-9.76,-78.08,87.84,112.24,170.8,58.56,-112.24,-141.52,-151.28
-43.92,68.32,112.24,-9.76,-78.08,87.84,107.36,175.68,63.44,-117.12,-146.4,-146.4
-78.08,48.8,126.88,14.64,-102.48,87.84,126.88,195.2,78.08,-107.36,-136.64,-131.76
-58.56,39.04,97.6,9.76,-78.08,68.32,112.24,195.2,73.2,-112.24,-141.52,-141.52
-29.28,43.92,73.2,-4.88,-53.68,58.56,102.48,190.32,68.32,-112.24,-146.4,-146.4
-63.44,39.04,102.48,14.64,-82.96,68.32,107.36,200.08,78.08,-107.36,-146.4,-151.28
-82.96,29.28,112.24,29.28,-97.6,68.32,122,209.84,97.6,-97.6,-136.64,-146.4
-82.96,48.8,131.76,19.52,-107.36,87.84,112.24,214.72,97.6,-102.48,-146.4,-151.28
-73.2,53.68,126.88,9.76,-102.48,87.84,102.48,204.96,102.48,-107.36,-151.28,-161.04
-58.56,58.56,117.12,0,-87.84,87.84,107.36,209.84,102.48,-102.48,-151.28,-165.92
-68.32,68.32,136.64,0,-102.48,102.48,112.24,219.6,107.36,-97.6,-146.4,-151.28
-68.32,58.56,126.88,4.88,-97.6,92.72,112.24,219.6,102.48,-107.36,-146.4,-161.04
-58.56,82.96,141.52,-9.76,-102.48,112.24,107.36,224.48,97.6,-117.12,-156.16,-165.92
-53.68,48.8,102.48,4.88,-78.08,73.2,126.88,253.76,117.12,-97.6,-146.4,-156.16
-53.68,24.4,78.08,14.64,-68.32,48.8,136.64,268.4,126.88,-92.72,-136.64,-146.4
-48.8,43.92,92.72,4.88,-73.2,68.32,131.76,268.4,131.76,-92.72,-141.52,-156.16
-63.44,43.92,107.36,9.76,-87.84,73.2,131.76,273.28,141.52,-92.72,-151.28,-161.04
-68.32,34.16,102.48,19.52,-87.84,68.32,131.76,278.16,146.4,-92.72,-146.4,-161.04
-58.56,43.92,102.48,9.76,-82.96,73.2,122,278.16,156.16,-87.84,-151.28,-161.04
-58.56,53.68,112.24,4.88,-87.84,82.96,131.76,287.92,161.04,-92.72,-151.28,-165.92
-58.56,73.2,131.76,-4.88,-97.6,102.48,141.52,302.56,165.92,-82.96,-146.4,-151.28
-68.32,87.84,156.16,-9.76,-112.24,122,136.64,292.8,156.16,-92.72,-151.28,-165.92
-63.44,68.32,131.76,0,-97.6,97.6,146.4,317.2,170.8,-87.84,-146.4,-156.16
-34.16,58.56,92.72,-9.76,-63.44,73.2,151.28,331.84,185.44,-82.96,-146.4,-161.04
-34.16,48.8,82.96,-4.88,-58.56,63.44,161.04,341.6,190.32,-78.08,-146.4,-156.16
-14.64,48.8,63.44,-14.64,-39.04,53.68,156.16,356.24,195.2,-82.96,-151.28,-165.92
-24.4,39.04,63.44,-4.88,-43.92,48.8,161.04,370.88,209.84,-68.32,-141.52,-161.04
-63.44,34.16,97.6,14.64,-82.96,63.44,185.44,395.28,234.24,-43.92,-122,-141.52
-53.68,48.8,102.48,4.88,-78.08,73.2,180.56,405.04,239.12,-53.68,-131.76,-151.28
-63.44,43.92,107.36,9.76,-87.84,73.2,170.8,405.04,248.88,-53.68,-136.64,-156.16
-73.2,34.16,107.36,19.52,-92.72,68.32,180.56,414.8,248.88,-58.56,-131.76,-156.16
-63.44,34.16,97.6,14.64,-82.96,63.44,195.2,439.2,258.64,-48.8,-126.88,-146.4
-63.44,34.16,97.6,14.64,-82.96,63.44,200.08,458.72,273.28,-43.92,-117.12,-146.4
-63.44,53.68,117.12,4.88,-92.72,82.96,209.84,478.24,292.8,-39.04,-112.24,-141.52
-78.08,53.68,131.76,14.64,-107.36,92.72,219.6,488,287.92,-43.92,-126.88,-151.28
-48.8,53.68,102.48,0,-78.08,78.08,209.84,483.12,287.92,-53.68,-141.52,-156.16
-34.16,58.56,92.72,-9.76,-63.44,73.2,204.96,492.88,297.68,-53.68,-141.52,-156.16
-68.32,48.8,117.12,9.76,-92.72,82.96,214.72,517.28,317.2,-39.04,-131.76,-151.28
-73.2,48.8,122,14.64,-97.6,82.96,234.24,541.68,336.72,-29.28,-122,-141.52
-48.8,43.92,92.72,4.88,-73.2,68.32,219.6,546.56,341.6,-29.28,-126.88,-141.52
-39.04,34.16,73.2,4.88,-58.56,53.68,234.24,551.44,341.6,-29.28,-126.88,-146.4
-29.28,19.52,48.8,4.88,-39.04,34.16,239.12,580.72,356.24,-19.52,-117.12,-146.4
-29.28,43.92,73.2,-4.88,-53.68,58.56,234.24,570.96,346.48,-34.16,-131.76,-156.16
-24.4,43.92,68.32,-9.76,-48.8,53.68,234.24,590.48,356.24,-39.04,-136.64,-151.28
-19.52,58.56,78.08,-19.52,-48.8,68.32,239.12,595.36,351.36,-39.04,-136.64,-146.4
-9.76,53.68,63.44,-19.52,-39.04,58.56,229.36,590.48,346.48,-53.68,-156.16,-165.92
-4.88,53.68,58.56,-24.4,-34.16,53.68,224.48,590.48,351.36,-53.68,-156.16,-165.92
-29.28,63.44,92.72,-14.64,-63.44,78.08,229.36,600.24,361.12,-48.8,-156.16,-165.92
-48.8,68.32,117.12,-9.76,-82.96,92.72,229.36,605.12,366,-53.68,-156.16,-170.8
-58.56,63.44,122,0,-92.72,92.72,234.24,614.88,375.76,-43.92,-156.16,-161.04
-68.32,58.56,126.88,4.88,-97.6,92.72,234.24,619.76,375.76,-43.92,-151.28,-161.04
-39.04,29.28,68.32,4.88,-53.68,48.8,234.24,624.64,380.64,-48.8,-161.04,-156.16
-24.4,19.52,43.92,4.88,-34.16,29.28,244,634.4,380.64,-48.8,-161.04,-151.28
-43.92,24.4,68.32,9.76,-58.56,43.92,239.12,634.4,380.64,-48.8,-156.16,-151.28
-29.28,34.16,63.44,0,-48.8,48.8,234.24,634.4,375.76,-53.68,-161.04,-151.28
-19.52,39.04,58.56,-9.76,-39.04,48.8,229.36,624.64,370.88,-68.32,-170.8,-161.04
-29.28,39.04,68.32,-4.88,-48.8,53.68,234.24,629.52,375.76,-63.44,-161.04,-161.04
-24.4,39.04,63.44,-4.88,-43.92,48.8,229.36,629.52,375.76,-68.32,-165.92,-161.04
-34.16,34.16,68.32,0,-53.68,48.8,229.36,624.64,370.88,-73.2,-170.8,-156.16
-43.92,39.04,82.96,4.88,-63.44,58.56,214.72,614.88,366,-78.08,-175.68,-151.28
-9.76,39.04,48.8,-14.64,-29.28,43.92,204.96,600.24,351.36,-82.96,-185.44,-156.16
-24.4,14.64,39.04,4.88,-34.16,24.4,209.84,595.36,341.6,-87.84,-185.44,-151.28
-29.28,4.88,34.16,14.64,-34.16,19.52,214.72,595.36,341.6,-82.96,-185.44,-146.4
-19.52,14.64,34.16,4.88,-29.28,24.4,200.08,570.96,322.08,-97.6,-180.56,-151.28
-14.64,19.52,34.16,0,-24.4,24.4,180.56,541.68,297.68,-112.24,-200.08,-165.92
-19.52,19.52,39.04,0,-29.28,29.28,185.44,531.92,292.8,-112.24,-200.08,-165.92
-9.76,-19.52,-9.76,14.64,0,-14.64,180.56,522.16,292.8,-112.24,-195.2,-151.28
-9.76,-14.64,-4.88,14.64,-4.88,-9.76,165.92,483.12,268.4,-122,-200.08,-151.28
-29.28,-4.88,24.4,19.52,-29.28,9.76,165.92,463.6,258.64,-122,-195.2,-146.4
-24.4,-4.88,19.52,14.64,-24.4,4.88,151.28,439.2,239.12,-136.64,-204.96,-146.4
19.52,4.88,-14.64,-9.76,14.64,-4.88,126.88,405.04,214.72,-151.28,-214.72,-156.16
4.88,0,-4.88,0,4.88,-4.88,126.88,380.64,204.96,-156.16,-219.6,-156.16
-24.4,-9.76,14.64,19.52,-19.52,0,126.88,370.88,200.08,-151.28,-214.72,-141.52
-34.16,-9.76,24.4,24.4,-29.28,4.88,122,351.36,190.32,-141.52,-200.08,-141.52
-53.68,-14.64,39.04,34.16,-48.8,9.76,107.36,322.08,170.8,-146.4,-200.08,-141.52
-53.68,-29.28,24.4,43.92,-39.04,-4.88,102.48,302.56,165.92,-141.52,-195.2,-126.88
-14.64,-9.76,4.88,14.64,-9.76,-4.88,82.96,273.28,141.52,-146.4,-200.08,-131.76
4.88,-14.64,-19.52,4.88,9.76,-19.52,68.32,229.36,117.12,-156.16,-204.96,-141.52
4.88,-14.64,-19.52,4.88,9.76,-19.52,53.68,204.96,107.36,-156.16,-204.96,-136.64
-9.76,-14.64,-4.88,14.64,-4.88,-9.76,43.92,185.44,97.6,-151.28,-195.2,-131.76
-4.88,-19.52,-14.64,14.64,4.88,-19.52,34.16,161.04,87.84,-146.4,-185.44,-131.76
-9.76,4.88,14.64,4.88,-14.64,9.76,39.04,141.52,82.96,-131.76,-170.8,-117.12
-39.04,4.88,43.92,19.52,-43.92,24.4,34.16,126.88,73.2,-126.88,-165.92,-117.12
-63.44,4.88,68.32,29.28,-68.32,34.16,39.04,112.24,68.32,-117.12,-156.16,-102.48
-53.68,-19.52,34.16,39.04,-43.92,4.88,29.28,87.84,48.8,-122,-151.28,-107.36
-29.28,-43.92,-14.64,39.04,-9.76,-29.28,4.88,63.44,34.16,-126.88,-156.16,-112.24
-24.4,-24.4,0,24.4,-14.64,-14.64,0,39.04,19.52,-117.12,-146.4,-107.36
-34.16,-19.52,14.64,29.28,-24.4,-4.88,0,14.64,4.88,-122,-141.52,-102.48
-43.92,-9.76,34.16,29.28,-39.04,9.76,-14.64,-4.88,-4.88,-122,-141.52,-107.36
-39.04,-4.88,34.16,24.4,-39.04,14.64,-19.52,-24.4,-19.52,-122,-136.64,-107.36
-48.8,-4.88,43.92,29.28,-48.8,19.52,-24.4,-34.16,-19.52,-112.24,-126.88,-97.6
-58.56,-14.64,43.92,39.04,-53.68,14.64,-19.52,-43.92,-24.4,-107.36,-117.12,-87.84
-48.8,4.88,53.68,24.4,-53.68,29.28,-29.28,-63.44,-43.92,-107.36,-117.12,-92.72
-48.8,4.88,53.68,24.4,-53.68,29.28,-48.8,-82.96,-58.56,-112.24,-117.12,-102.48
-53.68,19.52,73.2,19.52,-63.44,43.92,-48.8,-97.6,-63.44,-107.36,-107.36,-102.48
-58.56,9.76,68.32,24.4,-63.44,39.04,-48.8,-107.36,-68.32,-102.48,-112.24,-97.6
-43.92,9.76,53.68,19.52,-48.8,29.28,-48.8,-122,-73.2,-97.6,-102.48,-97.6
-43.92,14.64,58.56,14.64,-53.68,34.16,-58.56,-131.76,-78.08,-102.48,-102.48,-102.48
-68.32,-19.52,48.8,43.92,-58.56,14.64,-48.8,-126.88,-82.96,-92.72,-92.72,-87.84
-78.08,-24.4,53.68,53.68,-68.32,14.64,-43.92,-136.64,-87.84,-92.72,-87.84,-82.96
-68.32,-9.76,58.56,39.04,-63.44,24.4,-53.68,-146.4,-92.72,-97.6,-87.84,-92.72
-68.32,-19.52,48.8,43.92,-58.56,14.64,-58.56,-146.4,-102.48,-97.6,-87.84,-92.72
-43.92,0,43.92,24.4,-43.92,19.52,-63.44,-156.16,-117.12,-102.48,-92.72,-107.36
-48.8,4.88,53.68,24.4,-53.68,29.28,-68.32,-165.92,-122,-102.48,-92.72,-102.48
-58.56,0,58.56,29.28,-58.56,29.28,-63.44,-170.8,-126.88,-107.36,-87.84,-102.48
-78.08,4.88,82.96,39.04,-82.96,43.92,-53.68,-170.8,-122,-102.48,-82.96,-92.72
-82.96,0,82.96,43.92,-82.96,39.04,-53.68,-170.8,-126.88,-102.48,-78.08,-97.6
-68.32,-4.88,63.44,39.04,-68.32,29.28,-63.44,-185.44,-126.88,-107.36,-87.84,-107.36
-78.08,0,78.08,39.04,-78.08,39.04,-73.2,-195.2,-136.64,-112.24,-97.6,-112.24
-107.36,-9.76,97.6,58.56,-102.48,43.92,-53.68,-175.68,-131.76,-102.48,-82.96,-97.6
-102.48,-4.88,97.6,53.68,-102.48,43.92,-48.8,-175.68,-126.88,-92.72,-73.2,-92.72
-112.24,0,112.24,58.56,-112.24,53.68,-48.8,-175.68,-126.88,-97.6,-78.08,-97.6
-97.6,4.88,102.48,48.8,-102.48,53.68,-53.68,-175.68,-131.76,-102.48,-78.08,-97.6
-78.08,14.64,92.72,34.16,-87.84,53.68,-58.56,-190.32,-146.4,-107.36,-87.84,-97.6
-68.32,24.4,92.72,24.4,-82.96,58.56,-58.56,-200.08,-156.16,-117.12,-92.72,-107.36
-53.68,19.52,73.2,19.52,-63.44,43.92,-68.32,-200.08,-161.04,-126.88,-97.6,-112.24
-73.2,24.4,97.6,24.4,-87.84,58.56,-63.44,-195.2,-151.28,-122,-92.72,-112.24
-97.6,19.52,117.12,39.04,-107.36,68.32,-68.32,-200.08,-146.4,-122,-87.84,-107.36
-87.84,14.64,102.48,39.04,-97.6,58.56,-78.08,-200.08,-146.4,-122,-92.72,-112.24
-97.6,0,97.6,48.8,-97.6,48.8,-78.08,-195.2,-141.52,-117.12,-87.84,-112.24
-107.36,-4.88,102.48,58.56,-107.36,48.8,-73.2,-190.32,-136.64,-107.36,-78.08,-107.36
-107.36,4.88,112.24,53.68,-112.24,58.56,-73.2,-180.56,-136.64,-107.36,-78.08,-97.6
-102.48,9.76,112.24,48.8,-107.36,58.56,-78.08,-180.56,-146.4,-126.88,-92.72,-112.24
-92.72,9.76,102.48,43.92,-97.6,53.68,-73.2,-180.56,-146.4,-117.12,-97.6,-112.24
-87.84,-4.88,82.96,48.8,-87.84,39.04,-68.32,-185.44,-146.4,-117.12,-92.72,-107.36
-107.36,0,107.36,53.68,-107.36,53.68,-73.2,-185.44,-151.28,-126.88,-97.6,-117.12
-73.2,24.4,97.6,24.4,-87.84,58.56,-68.32,-180.56,-141.52,-126.88,-97.6,-117.12
-78.08,24.4,102.48,29.28,-92.72,63.44,-78.08,-190.32,-151.28,-131.76,-102.48,-122
-92.72,14.64,107.36,39.04,-102.48,58.56,-87.84,-190.32,-156.16,-141.52,-107.36,-122
-92.72,4.88,97.6,43.92,-97.6,48.8,-82.96,-185.44,-146.4,-141.52,-107.36,-122
-117.12,19.52,136.64,48.8,-126.88,78.08,-78.08,-190.32,-156.16,-136.64,-107.36,-126.88
-112.24,19.52,131.76,48.8,-122,73.2,-73.2,-170.8,-141.52,-126.88,-97.6,-112.24
-117.12,0,117.12,58.56,-117.12,58.56,-53.68,-156.16,-136.64,-126.88,-97.6,-107.36
-117.12,9.76,126.88,53.68,-122,68.32,-63.44,-165.92,-141.52,-136.64,-92.72,-117.12
-97.6,-4.88,92.72,53.68,-97.6,43.92,-58.56,-161.04,-141.52,-131.76,-92.72,-112.24
-92.72,-24.4,68.32,58.56,-82.96,19.52,-53.68,-156.16,-141.52,-131.76,-97.6,-112.24
-92.72,-9.76,82.96,53.68,-87.84,34.16,-58.56,-161.04,-146.4,-136.64,-112.24,-117.12
-92.72,4.88,97.6,43.92,-97.6,48.8,-73.2,-165.92,-151.28,-141.52,-117.12,-122
-102.48,4.88,107.36,48.8,-107.36,53.68,-73.2,-170.8,-141.52,-146.4,-122,-126.88
-97.6,4.88,102.48,48.8,-102.48,53.68,-68.32,-165.92,-141.52,-146.4,-122,-126.88
-117.12,0,117.12,58.56,-117.12,58.56,-58.56,-161.04,-131.76,-141.52,-112.24,-122
-131.76,0,131.76,68.32,-131.76,63.44,-53.68,-146.4,-126.88,-146.4,-107.36,-117.12
-117.12,4.88,122,58.56,-122,63.44,-53.68,-151.28,-131.76,-141.52,-112.24,-122
-112.24,0,112.24,58.56,-112.24,53.68,-58.56,-156.16,-146.4,-156.16,-117.12,-131.76
-107.36,-9.76,97.6,58.56,-102.48,43.92,-48.8,-146.4,-141.52,-141.52,-107.36,-126.88
-117.12,-4.88,112.24,63.44,-117.12,53.68,-43.92,-136.64,-131.76,-141.52,-102.48,-122
-107.36,4.88,112.24,53.68,-112.24,58.56,-48.8,-151.28,-131.76,-141.52,-112.24,-126.88
-92.72,9.76,102.48,43.92,-97.6,53.68,-48.8,-151.28,-131.76,-146.4,-117.12,-126.88
-92.72,14.64,107.36,39.04,-102.48,58.56,-58.56,-156.16,-131.76,-151.28,-126.88,-131.76
-102.48,19.52,122,43.92,-112.24,68.32,-63.44,-151.28,-126.88,-151.28,-122,-126.88
-87.84,14.64,102.48,39.04,-97.6,58.56,-58.56,-151.28,-126.88,-146.4,-117.12,-117.12
-78.08,0,78.08,39.04,-78.08,39.04,-63.44,-156.16,-131.76,-156.16,-122,-131.76
-73.2,-4.88,68.32,39.04,-73.2,29.28,-63.44,-156.16,-131.76,-156.16,-122,-131.76
-97.6,14.64,112.24,43.92,-107.36,63.44,-53.68,-146.4,-122,-141.52,-117.12,-126.88
-107.36,19.52,126.88,43.92,-117.12,73.2,-53.68,-151.28,-131.76,-141.52,-117.12,-126.88
-92.72,19.52,112.24,39.04,-102.48,63.44,-58.56,-146.4,-126.88,-146.4,-117.12,-131.76
-117.12,9.76,126.88,53.68,-122,68.32,-48.8,-136.64,-117.12,-131.76,-102.48,-117.12
-126.88,-19.52,107.36,73.2,-117.12,43.92,-39.04,-122,-97.6,-117.12,-97.6,-102.48
-117.12,-14.64,102.48,68.32,-112.24,43.92,-39.04,-117.12,-97.6,-117.12,-92.72,-97.6
-97.6,-4.88,92.72,53.68,-97.6,43.92,-48.8,-131.76,-102.48,-131.76,-107.36,-112.24
-87.84,4.88,92.72,43.92,-92.72,48.8,-53.68,-136.64,-107.36,-126.88,-102.48,-112.24
-87.84,19.52,107.36,34.16,-97.6,63.44,-48.8,-131.76,-102.48,-122,-107.36,-112.24
-87.84,9.76,97.6,39.04,-92.72,53.68,-48.8,-131.76,-107.36,-126.88,-97.6,-112.24
-92.72,14.64,107.36,39.04,-102.48,58.56,-48.8,-131.76,-102.48,-112.24,-92.72,-107.36
-102.48,14.64,117.12,43.92,-112.24,63.44,-48.8,-131.76,-102.48,-107.36,-92.72,-102.48
-107.36,9.76,117.12,48.8,-112.24,63.44,-48.8,-136.64,-102.48,-117.12,-97.6,-102.48
-112.24,24.4,136.64,43.92,-126.88,78.08,-43.92,-117.12,-92.72,-97.6,-82.96,-92.72
-107.36,24.4,131.76,43.92,-122,78.08,-48.8,-126.88,-102.48,-102.48,-82.96,-97.6
-102.48,4.88,107.36,48.8,-107.36,53.68,-53.68,-136.64,-102.48,-112.24,-92.72,-107.36
-102.48,9.76,112.24,48.8,-107.36,58.56,-48.8,-131.76,-97.6,-112.24,-87.84,-102.48
-102.48,24.4,126.88,39.04,-117.12,73.2,-53.68,-131.76,-102.48,-107.36,-82.96,-102.48
-92.72,43.92,136.64,24.4,-117.12,87.84,-53.68,-126.88,-97.6,-107.36,-87.84,-102.48
-87.84,39.04,126.88,24.4,-107.36,82.96,-48.8,-131.76,-97.6,-97.6,-82.96,-92.72
-82.96,14.64,97.6,34.16,-92.72,53.68,-53.68,-131.76,-97.6,-92.72,-78.08,-92.72
-92.72,24.4,117.12,34.16,-107.36,68.32,-48.8,-131.76,-97.6,-87.84,-73.2,-87.84
-122,24.4,146.4,48.8,-136.64,82.96,-39.04,-126.88,-82.96,-87.84,-68.32,-82.96
-102.48,19.52,122,43.92,-112.24,68.32,-43.92,-131.76,-87.84,-87.84,-68.32,-87.84
-97.6,14.64,112.24,43.92,-107.36,63.44,-53.68,-136.64,-92.72,-92.72,-73.2,-92.72
-107.36,-9.76,97.6,58.56,-102.48,43.92,-53.68,-131.76,-82.96,-78.08,-73.2,-87.84
-92.72,-4.88,87.84,48.8,-92.72,39.04,-53.68,-136.64,-97.6,-87.84,-73.2,-87.84
-102.48,-4.88,97.6,53.68,-102.48,43.92,-53.68,-136.64,-97.6,-82.96,-58.56,-82.96
-112.24,-4.88,107.36,58.56,-112.24,48.8,-58.56,-136.64,-102.48,-87.84,-63.44,-87.84
-87.84,24.4,112.24,34.16,-102.48,68.32,-58.56,-141.52,-112.24,-92.72,-73.2,-87.84
-92.72,9.76,102.48,43.92,-97.6,53.68,-58.56,-146.4,-112.24,-92.72,-68.32,-87.84
-112.24,19.52,131.76,48.8,-122,73.2,-63.44,-151.28,-112.24,-92.72,-73.2,-92.72
-117.12,39.04,156.16,39.04,-136.64,97.6,-68.32,-161.04,-112.24,-102.48,-78.08,-92.72
-112.24,-4.88,107.36,58.56,-112.24,48.8,-58.56,-161.04,-107.36,-97.6,-73.2,-87.84
-92.72,0,92.72,48.8,-92.72,43.92,-63.44,-161.04,-112.24,-97.6,-78.08,-97.6
-112.24,4.88,117.12,53.68,-117.12,58.56,-63.44,-151.28,-107.36,-87.84,-78.08,-92.72
-112.24,-4.88,107.36,58.56,-112.24,48.8,-58.56,-151.28,-107.36,-92.72,-68.32,-92.72
-112.24,14.64,126.88,48.8,-122,68.32,-58.56,-151.28,-107.36,-82.96,-63.44,-82.96
-117.12,4.88,122,58.56,-122,63.44,-53.68,-156.16,-112.24,-82.96,-68.32,-82.96
-107.36,0,107.36,53.68,-107.36,53.68,-53.68,-156.16,-112.24,-82.96,-68.32,-82.96
-107.36,-9.76,97.6,58.56,-102.48,43.92,-63.44,-161.04,-117.12,-92.72,-73.2,-87.84
-117.12,-14.64,102.48,68.32,-112.24,43.92,-63.44,-156.16,-117.12,-87.84,-73.2,-87.84
-112.24,-4.88,107.36,58.56,-112.24,48.8,-53.68,-161.04,-117.12,-87.84,-73.2,-87.84
-107.36,-4.88,102.48,58.56,-107.36,48.8,-68.32,-165.92,-126.88,-97.6,-73.2,-92.72
-122,-9.76,112.24,68.32,-117.12,48.8,-63.44,-161.04,-117.12,-87.84,-68.32,-82.96
-122,9.76,131.76,58.56,-126.88,68.32,-73.2,-175.68,-126.88,-102.48,-78.08,-92.72
-107.36,-9.76,97.6,58.56,-102.48,43.92,-78.08,-175.68,-136.64,-107.36,-82.96,-97.6
-97.6,-19.52,78.08,58.56,-87.84,29.28,-78.08,-175.68,-131.76,-97.6,-73.2,-87.84
-107.36,-19.52,87.84,63.44,-97.6,34.16,-73.2,-170.8,-131.76,-92.72,-73.2,-82.96
-112.24,-29.28,82.96,73.2,-97.6,24.4,-73.2,-170.8,-131.76,-97.6,-73.2,-92.72
-92.72,-29.28,63.44,63.44,-78.08,14.64,-73.2,-175.68,-136.64,-102.48,-78.08,-97.6
-82.96,-24.4,58.56,53.68,-73.2,14.64,-78.08,-175.68,-141.52,-102.48,-82.96,-102.48
-87.84,-9.76,78.08,48.8,-82.96,34.16,-78.08,-185.44,-146.4,-112.24,-97.6,-107.36
-107.36,0,107.36,53.68,-107.36,53.68,-73.2,-180.56,-136.64,-97.6,-87.84,-92.72
-146.4,4.88,151.28,73.2,-151.28,78.08,-68.32,-175.68,-131.76,-97.6,-73.2,-87.84
-136.64,-4.88,131.76,73.2,-136.64,63.44,-73.2,-180.56,-136.64,-97.6,-78.08,-87.84
-126.88,-14.64,112.24,73.2,-122,48.8,-78.08,-185.44,-141.52,-112.24,-82.96,-97.6
-97.6,-19.52,78.08,58.56,-87.84,29.28,-87.84,-190.32,-156.16,-112.24,-87.84,-107.36
-102.48,-9.76,92.72,58.56,-97.6,39.04,-82.96,-180.56,-146.4,-112.24,-82.96,-97.6
-112.24,-24.4,87.84,68.32,-102.48,29.28,-73.2,-180.56,-136.64,-107.36,-78.08,-92.72
-107.36,-48.8,58.56,78.08,-82.96,4.88,-73.2,-180.56,-141.52,-102.48,-78.08,-87.84
-122,-43.92,78.08,82.96,-102.48,14.64,-58.56,-175.68,-131.76,-97.6,-73.2,-78.08
-122,-34.16,87.84,78.08,-107.36,24.4,-68.32,-180.56,-141.52,-107.36,-82.96,-92.72
-122,-24.4,97.6,73.2,-112.24,34.16,-68.32,-180.56,-136.64,-97.6,-73.2,-87.84
-117.12,-19.52,97.6,68.32,-107.36,39.04,-82.96,-185.44,-141.52,-107.36,-78.08,-92.72
-131.76,-24.4,107.36,78.08,-122,39.04,-73.2,-180.56,-141.52,-107.36,-78.08,-87.84
-126.88,-14.64,112.24,73.2,-122,48.8,-68.32,-185.44,-136.64,-97.6,-78.08,-82.96
-122,9.76,131.76,58.56,-126.88,68.32,-82.96,-190.32,-146.4,-102.48,-82.96,-87.84
-117.12,4.88,122,58.56,-122,63.44,-78.08,-190.32,-151.28,-117.12,-92.72,-92.72
-117.12,4.88,122,58.56,-122,63.44,-78.08,-195.2,-151.28,-117.12,-92.72,-102.48
-97.6,-24.4,73.2,63.44,-87.84,24.4,-92.72,-200.08,-161.04,-122,-102.48,-102.48
-97.6,-29.28,68.32,63.44,-82.96,19.52,-82.96,-190.32,-151.28,-112.24,-87.84,-92.72
-126.88,-43.92,82.96,87.84,-107.36,19.52,-63.44,-180.56,-136.64,-107.36,-78.08,-78.08
-117.12,-34.16,82.96,78.08,-102.48,24.4,-68.32,-185.44,-141.52,-102.48,-73.2,-82.96
-97.6,-24.4,73.2,63.44,-87.84,24.4,-82.96,-200.08,-161.04,-117.12,-92.72,-92.72
-97.6,-24.4,73.2,63.44,-87.84,24.4,-87.84,-204.96,-161.04,-122,-97.6,-97.6
-117.12,-34.16,82.96,78.08,-102.48,24.4,-78.08,-195.2,-151.28,-112.24,-87.84,-97.6
-107.36,-29.28,78.08,68.32,-92.72,24.4,-73.2,-195.2,-151.28,-107.36,-87.84,-97.6
-126.88,-39.04,87.84,82.96,-107.36,24.4,-68.32,-195.2,-156.16,-117.12,-97.6,-102.48
-136.64,-34.16,102.48,87.84,-122,34.16,-63.44,-185.44,-141.52,-107.36,-87.84,-87.84
-126.88,-43.92,82.96,87.84,-107.36,19.52,-73.2,-185.44,-151.28,-112.24,-82.96,-87.84
-122,-39.04,82.96,82.96,-102.48,19.52,-73.2,-185.44,-156.16,-112.24,-82.96,-87.84
-102.48,-24.4,78.08,63.44,-92.72,24.4,-82.96,-195.2,-161.04,-126.88,-97.6,-97.6
-92.72,-9.76,82.96,53.68,-87.84,34.16,-92.72,-204.96,-175.68,-131.76,-102.48,-107.36
-107.36,-24.4,82.96,68.32,-97.6,29.28,-87.84,-200.08,-161.04,-126.88,-97.6,-102.48
-102.48,-34.16,68.32,68.32,-87.84,14.64,-73.2,-195.2,-156.16,-117.12,-92.72,-97.6
-117.12,-53.68,63.44,87.84,-92.72,4.88,-63.44,-190.32,-151.28,-107.36,-87.84,-87.84
-136.64,-39.04,97.6,87.84,-117.12,29.28,-58.56,-180.56,-136.64,-92.72,-73.2,-78.08
-126.88,-43.92,82.96,87.84,-107.36,19.52,-63.44,-185.44,-141.52,-102.48,-78.08,-78.08
-122,-34.16,87.84,78.08,-107.36,24.4,-73.2,-190.32,-156.16,-117.12,-92.72,-97.6
-117.12,-48.8,68.32,82.96,-92.72,9.76,-68.32,-180.56,-151.28,-112.24,-78.08,-87.84
-136.64,-68.32,68.32,102.48,-102.48,0,-58.56,-175.68,-151.28,-107.36,-73.2,-82.96
-141.52,-58.56,82.96,102.48,-112.24,9.76,-58.56,-175.68,-131.76,-102.48,-68.32,-68.32
-141.52,-58.56,82.96,102.48,-112.24,9.76,-63.44,-180.56,-141.52,-102.48,-73.2,-78.08
-131.76,-58.56,73.2,97.6,-102.48,4.88,-63.44,-185.44,-151.28,-107.36,-78.08,-87.84
-122,-48.8,73.2,87.84,-97.6,9.76,-68.32,-185.44,-151.28,-102.48,-78.08,-82.96
-122,-48.8,73.2,87.84,-97.6,9.76,-63.44,-180.56,-146.4,-102.48,-78.08,-78.08
-122,-39.04,82.96,82.96,-102.48,19.52,-58.56,-175.68,-141.52,-92.72,-68.32,-73.2
-107.36,-39.04,68.32,73.2,-87.84,14.64,-68.32,-180.56,-146.4,-97.6,-73.2,-82.96
-107.36,-48.8,58.56,78.08,-82.96,4.88,-78.08,-185.44,-151.28,-107.36,-78.08,-78.08
-117.12,-43.92,73.2,82.96,-97.6,14.64,-68.32,-180.56,-151.28,-102.48,-73.2,-78.08
-117.12,-39.04,78.08,78.08,-97.6,19.52,-53.68,-175.68,-141.52,-97.6,-73.2,-73.2
-97.6,-43.92,53.68,73.2,-78.08,4.88,-73.2,-190.32,-156.16,-122,-92.72,-92.72
-87.84,-43.92,43.92,68.32,-68.32,0,-73.2,-195.2,-156.16,-112.24,-82.96,-87.84
-112.24,-53.68,58.56,82.96,-87.84,0,-63.44,-185.44,-151.28,-107.36,-82.96,-87.84
-126.88,-48.8,78.08,87.84,-102.48,14.64,-58.56,-180.56,-141.52,-97.6,-73.2,-78.08
-126.88,-39.04,87.84,82.96,-107.36,24.4,-58.56,-180.56,-141.52,-97.6,-78.08,-78.08
-117.12,-43.92,73.2,82.96,-97.6,14.64,-63.44,-190.32,-156.16,-102.48,-73.2,-82.96
-122,-43.92,78.08,82.96,-102.48,14.64,-63.44,-180.56,-146.4,-102.48,-68.32,-78.08
-122,-34.16,87.84,78.08,-107.36,24.4,-68.32,-175.68,-151.28,-107.36,-78.08,-78.08
-122,-43.92,78.08,82.96,-102.48,14.64,-63.44,-170.8,-146.4,-97.6,-73.2,-78.08
-126.88,-34.16,92.72,82.96,-112.24,29.28,-48.8,-165.92,-136.64,-87.84,-63.44,-68.32
-131.76,-39.04,92.72,87.84,-112.24,24.4,-53.68,-165.92,-136.64,-92.72,-68.32,-68.32
-117.12,-43.92,73.2,82.96,-97.6,14.64,-58.56,-170.8,-136.64,-87.84,-73.2,-68.32
-107.36,-39.04,68.32,73.2,-87.84,14.64,-68.32,-185.44,-151.28,-107.36,-87.84,-87.84
-126.88,-34.16,92.72,82.96,-112.24,29.28,-63.44,-180.56,-146.4,-107.36,-78.08,-82.96
-126.88,-9.76,117.12,68.32,-122,53.68,-73.2,-185.44,-156.16,-112.24,-82.96,-87.84
-122,-24.4,97.6,73.2,-112.24,34.16,-73.2,-185.44,-161.04,-107.36,-78.08,-87.84
-112.24,-82.96,29.28,97.6,-73.2,-29.28,-58.56,-165.92,-136.64,-97.6,-68.32,-63.44
-92.72,-78.08,14.64,87.84,-53.68,-34.16,-53.68,-165.92,-141.52,-102.48,-73.2,-73.2
-92.72,-73.2,19.52,82.96,-58.56,-29.28,-63.44,-175.68,-151.28,-102.48,-73.2,-82.96
-78.08,-53.68,24.4,68.32,-53.68,-14.64,-63.44,-175.68,-151.28,-102.48,-78.08,-82.96
-82.96,-29.28,53.68,58.56,-68.32,9.76,-68.32,-180.56,-151.28,-112.24,-87.84,-87.84
-136.64,-39.04,97.6,87.84,-117.12,29.28,-48.8,-170.8,-136.64,-97.6,-73.2,-78.08
-136.64,-43.92,92.72,92.72,-117.12,24.4,-53.68,-170.8,-141.52,-92.72,-63.44,-73.2
-126.88,-58.56,68.32,92.72,-97.6,4.88,-63.44,-165.92,-146.4,-92.72,-68.32,-78.08
-131.76,-63.44,68.32,97.6,-102.48,0,-68.32,-165.92,-136.64,-97.6,-68.32,-78.08
-107.36,-43.92,63.44,78.08,-87.84,9.76,-78.08,-175.68,-141.52,-102.48,-68.32,-82.96
-92.72,-63.44,29.28,78.08,-63.44,-19.52,-78.08,-175.68,-151.28,-107.36,-78.08,-87.84
-97.6,-68.32,29.28,82.96,-63.44,-19.52,-73.2,-170.8,-146.4,-102.48,-73.2,-78.08
-92.72,-58.56,34.16,78.08,-63.44,-14.64,-82.96,-165.92,-146.4,-97.6,-73.2,-68.32
-82.96,-58.56,24.4,73.2,-53.68,-19.52,-92.72,-170.8,-151.28,-102.48,-78.08,-73.2
-97.6,-43.92,53.68,73.2,-78.08,4.88,-87.84,-170.8,-151.28,-107.36,-78.08,-78.08
-117.12,-34.16,82.96,78.08,-102.48,24.4,-92.72,-165.92,-146.4,-97.6,-73.2,-78.08
-117.12,-34.16,82.96,78.08,-102.48,24.4,-87.84,-165.92,-146.4,-97.6,-68.32,-73.2
-122,-39.04,82.96,82.96,-102.48,19.52,-92.72,-170.8,-141.52,-97.6,-73.2,-78.08
-112.24,-29.28,82.96,73.2,-97.6,24.4,-97.6,-175.68,-146.4,-102.48,-73.2,-87.84
-82.96,-29.28,53.68,58.56,-68.32,9.76,-107.36,-185.44,-151.28,-107.36,-78.08,-87.84
-87.84,-34.16,53.68,63.44,-73.2,9.76,-97.6,-175.68,-156.16,-107.36,-78.08,-87.84
-97.6,-19.52,78.08,58.56,-87.84,29.28,-112.24,-185.44,-165.92,-117.12,-87.84,-97.6
-92.72,-29.28,63.44,63.44,-78.08,14.64,-102.48,-170.8,-161.04,-107.36,-78.08,-87.84
-107.36,-63.44,43.92,87.84,-78.08,-9.76,-87.84,-156.16,-146.4,-92.72,-58.56,-68.32
-112.24,-73.2,39.04,92.72,-78.08,-19.52,-78.08,-156.16,-126.88,-82.96,-58.56,-63.44
-78.08,-48.8,29.28,63.44,-53.68,-9.76,-97.6,-165.92,-146.4,-97.6,-68.32,-73.2
-68.32,-48.8,19.52,58.56,-43.92,-14.64,-112.24,-180.56,-156.16,-112.24,-82.96,-87.84
-63.44,-58.56,4.88,63.44,-34.16,-29.28,-107.36,-180.56,-161.04,-112.24,-82.96,-82.96
-73.2,-43.92,29.28,58.56,-53.68,-9.76,-107.36,-175.68,-151.28,-97.6,-82.96,-78.08
-78.08,-48.8,29.28,63.44,-53.68,-9.76,-112.24,-185.44,-161.04,-107.36,-87.84,-82.96
-82.96,-48.8,34.16,68.32,-58.56,-9.76,-92.72,-165.92,-146.4,-97.6,-78.08,-73.2
-112.24,-48.8,63.44,82.96,-87.84,4.88,-87.84,-165.92,-141.52,-87.84,-63.44,-58.56
-117.12,-53.68,63.44,87.84,-92.72,4.88,-92.72,-165.92,-146.4,-92.72,-68.32,-68.32
-107.36,-43.92,63.44,78.08,-87.84,9.76,-87.84,-161.04,-136.64,-92.72,-63.44,-63.44
-102.48,-48.8,53.68,78.08,-78.08,0,-97.6,-161.04,-146.4,-102.48,-73.2,-78.08
-92.72,-58.56,34.16,78.08,-63.44,-14.64,-97.6,-165.92,-151.28,-102.48,-73.2,-78.08
-92.72,-53.68,39.04,73.2,-68.32,-9.76,-97.6,-170.8,-151.28,-102.48,-73.2,-78.08
-97.6,-53.68,43.92,78.08,-73.2,-4.88,-92.72,-165.92,-146.4,-92.72,-73.2,-68.32
-117.12,-34.16,82.96,78.08,-102.48,24.4,-82.96,-156.16,-136.64,-82.96,-58.56,-58.56
-102.48,-19.52,82.96,63.44,-92.72,29.28,-92.72,-170.8,-141.52,-92.72,-58.56,-63.44
-87.84,-39.04,48.8,63.44,-68.32,4.88,-97.6,-180.56,-151.28,-97.6,-68.32,-73.2
-87.84,-63.44,24.4,78.08,-58.56,-19.52,-92.72,-165.92,-146.4,-92.72,-63.44,-68.32
-102.48,-73.2,29.28,87.84,-68.32,-24.4,-97.6,-161.04,-141.52,-92.72,-63.44,-63.44
-87.84,-73.2,14.64,82.96,-53.68,-29.28,-87.84,-156.16,-141.52,-87.84,-58.56,-58.56
-87.84,-73.2,14.64,82.96,-53.68,-29.28,-82.96,-156.16,-136.64,-87.84,-58.56,-58.56
-102.48,-82.96,19.52,92.72,-63.44,-34.16,-78.08,-151.28,-136.64,-82.96,-53.68,-58.56
-82.96,-68.32,14.64,78.08,-48.8,-29.28,-92.72,-161.04,-146.4,-92.72,-68.32,-63.44
-63.44,-63.44,0,63.44,-34.16,-34.16,-97.6,-170.8,-146.4,-97.6,-68.32,-68.32
-53.68,-48.8,4.88,53.68,-29.28,-24.4,-102.48,-180.56,-151.28,-102.48,-73.2,-73.2
-63.44,-48.8,14.64,58.56,-39.04,-19.52,-102.48,-175.68,-151.28,-92.72,-63.44,-68.32
-78.08,-58.56,19.52,68.32,-48.8,-19.52,-92.72,-170.8,-146.4,-97.6,-63.44,-58.56
-82.96,-58.56,24.4,73.2,-53.68,-19.52,-87.84,-165.92,-151.28,-92.72,-68.32,-63.44
-82.96,-48.8,34.16,68.32,-58.56,-9.76,-87.84,-156.16,-141.52,-87.84,-58.56,-53.68
-82.96,-58.56,24.4,73.2,-53.68,-19.52,-92.72,-165.92,-146.4,-92.72,-68.32,-63.44
-87.84,-58.56,29.28,73.2,-58.56,-14.64,-87.84,-165.92,-141.52,-92.72,-68.32,-63.44
-82.96,-43.92,39.04,63.44,-63.44,-4.88,-92.72,-170.8,-146.4,-97.6,-68.32,-68.32
-82.96,-48.8,34.16,68.32,-58.56,-9.76,-92.72,-165.92,-136.64,-87.84,-58.56,-63.44
-87.84,-53.68,34.16,73.2,-63.44,-9.76,-92.72,-170.8,-146.4,-87.84,-63.44,-63.44
-92.72,-58.56,34.16,78.08,-63.44,-14.64,-92.72,-165.92,-141.52,-87.84,-63.44,-58.56
-78.08,-48.8,29.28,63.44,-53.68,-9.76,-97.6,-165.92,-141.52,-82.96,-58.56,-58.56
-78.08,-39.04,39.04,58.56,-58.56,0,-97.6,-170.8,-146.4,-97.6,-68.32,-63.44
-73.2,-34.16,39.04,53.68,-58.56,0,-97.6,-175.68,-146.4,-97.6,-68.32,-68.32
-78.08,-14.64,63.44,48.8,-73.2,24.4,-97.6,-165.92,-146.4,-92.72,-63.44,-58.56
-73.2,-39.04,34.16,58.56,-53.68,-4.88,-87.84,-161.04,-141.52,-87.84,-53.68,-53.68
-58.56,-48.8,9.76,53.68,-34.16,-19.52,-97.6,-161.04,-136.64,-92.72,-58.56,-53.68
-68.32,-53.68,14.64,63.44,-43.92,-19.52,-97.6,-161.04,-136.64,-92.72,-58.56,-58.56
-87.84,-73.2,14.64,82.96,-53.68,-29.28,-92.72,-165.92,-141.52,-87.84,-58.56,-53.68
-82.96,-68.32,14.64,78.08,-48.8,-29.28,-87.84,-165.92,-136.64,-82.96,-63.44,-58.56
-82.96,-63.44,19.52,73.2,-53.68,-24.4,-87.84,-165.92,-146.4,-92.72,-63.44,-53.68
-82.96,-78.08,4.88,82.96,-43.92,-39.04,-97.6,-165.92,-141.52,-82.96,-58.56,-53.68
-78.08,-73.2,4.88,78.08,-43.92,-34.16,-92.72,-161.04,-136.64,-82.96,-58.56,-48.8
-73.2,-68.32,4.88,73.2,-39.04,-34.16,-92.72,-161.04,-136.64,-82.96,-53.68,-48.8
-58.56,-68.32,-9.76,63.44,-24.4,-39.04,-92.72,-156.16,-131.76,-82.96,-48.8,-43.92
-48.8,-53.68,-4.88,53.68,-24.4,-29.28,-92.72,-161.04,-141.52,-82.96,-53.68,-53.68
-68.32,-53.68,14.64,63.44,-43.92,-19.52,-92.72,-161.04,-141.52,-92.72,-63.44,-48.8
-73.2,-43.92,29.28,58.56,-53.68,-9.76,-97.6,-161.04,-136.64,-87.84,-53.68,-48.8
-63.44,-53.68,9.76,58.56,-39.04,-24.4,-102.48,-170.8,-141.52,-87.84,-63.44,-58.56
-63.44,-78.08,-14.64,73.2,-24.4,-48.8,-87.84,-165.92,-131.76,-82.96,-58.56,-53.68
-78.08,-68.32,9.76,73.2,-43.92,-29.28,-82.96,-156.16,-126.88,-78.08,-53.68,-48.8
-78.08,-58.56,19.52,68.32,-48.8,-19.52,-92.72,-165.92,-141.52,-82.96,-53.68,-48.8
-68.32,-48.8,19.52,58.56,-43.92,-14.64,-87.84,-165.92,-141.52,-87.84,-58.56,-53.68
-53.68,-19.52,34.16,39.04,-43.92,4.88,-97.6,-170.8,-146.4,-92.72,-63.44,-63.44
-48.8,-34.16,14.64,43.92,-34.16,-9.76,-87.84,-161.04,-136.64,-87.84,-53.68,-53.68
-48.8,-43.92,4.88,48.8,-29.28,-19.52,-87.84,-146.4,-126.88,-73.2,-43.92,-43.92
-48.8,-39.04,9.76,43.92,-29.28,-14.64,-78.08,-136.64,-122,-68.32,-43.92,-43.92
-43.92,-48.8,-4.88,48.8,-19.52,-29.28,-63.44,-141.52,-117.12,-68.32,-39.04,-29.28
-48.8,-19.52,29.28,34.16,-39.04,4.88,-58.56,-131.76,-107.36,-53.68,-29.28,-24.4
-58.56,0,58.56,29.28,-58.56,29.28,-58.56,-122,-97.6,-48.8,-24.4,-24.4
-58.56,9.76,68.32,24.4,-63.44,39.04,-53.68,-122,-92.72,-48.8,-19.52,-19.52
-53.68,4.88,58.56,24.4,-58.56,29.28,-48.8,-112.24,-82.96,-34.16,-4.88,-4.88
-48.8,-4.88,43.92,29.28,-48.8,19.52,-48.8,-107.36,-82.96,-34.16,-9.76,-9.76
-29.28,-9.76,19.52,19.52,-24.4,4.88,-48.8,-107.36,-87.84,-39.04,-14.64,-14.64
-39.04,-4.88,34.16,24.4,-39.04,14.64,-29.28,-97.6,-78.08,-29.28,-4.88,-9.76
-29.28,4.88,34.16,14.64,-34.16,19.52,-19.52,-92.72,-78.08,-39.04,-9.76,-9.76
-29.28,19.52,48.8,4.88,-39.04,34.16,0,-78.08,-73.2,-39.04,-9.76,-9.76
-68.32,24.4,92.72,24.4,-82.96,58.56,19.52,-63.44,-53.68,-19.52,4.88,0
-53.68,48.8,102.48,4.88,-78.08,73.2,24.4,-63.44,-53.68,-19.52,4.88,-4.88
-24.4,68.32,92.72,-19.52,-58.56,78.08,29.28,-63.44,-43.92,-14.64,9.76,0
-14.64,39.04,53.68,-9.76,-34.16,43.92,34.16,-58.56,-39.04,-19.52,4.88,4.88
-24.4,34.16,58.56,-4.88,-43.92,43.92,34.16,-48.8,-29.28,-4.88,24.4,14.64
-34.16,43.92,78.08,-4.88,-58.56,58.56,34.16,-39.04,-19.52,9.76,34.16,24.4
-19.52,48.8,68.32,-14.64,-43.92,58.56,29.28,-24.4,-9.76,24.4,48.8,39.04
-14.64,58.56,73.2,-19.52,-43.92,63.44,0,-39.04,-14.64,19.52,53.68,39.04
-24.4,53.68,78.08,-14.64,-53.68,63.44,-29.28,-48.8,-9.76,34.16,58.56,53.68
-19.52,78.08,97.6,-29.28,-58.56,87.84,-43.92,-53.68,-9.76,34.16,63.44,53.68
4.88,102.48,97.6,-53.68,-48.8,97.6,-78.08,-68.32,-19.52,34.16,53.68,43.92
14.64,97.6,82.96,-53.68,-34.16,87.84,-97.6,-92.72,-39.04,19.52,43.92,34.16
19.52,68.32,48.8,-43.92,-14.64,58.56,-102.48,-92.72,-43.92,24.4,48.8,39.04
24.4,48.8,24.4,-34.16,0,34.16,-117.12,-107.36,-58.56,9.76,34.16,34.16
29.28,39.04,9.76,-34.16,9.76,24.4,-126.88,-126.88,-73.2,0,29.28,34.16
19.52,39.04,19.52,-29.28,0,29.28,-131.76,-122,-68.32,-4.88,29.28,29.28
-14.64,24.4,39.04,-4.88,-29.28,29.28,-112.24,-112.24,-68.32,0,29.28,29.28
4.88,19.52,14.64,-9.76,-4.88,14.64,-112.24,-112.24,-68.32,0,34.16,34.16
24.4,14.64,-9.76,-19.52,14.64,0,-122,-126.88,-82.96,-4.88,24.4,24.4
4.88,-4.88,-9.76,0,4.88,-9.76,-126.88,-131.76,-82.96,-14.64,14.64,24.4
0,-9.76,-9.76,4.88,4.88,-9.76,-117.12,-126.88,-78.08,-9.76,14.64,24.4
-19.52,-14.64,4.88,19.52,-14.64,-4.88,-117.12,-122,-73.2,-9.76,19.52,29.28
-34.16,-4.88,29.28,19.52,-34.16,9.76,-97.6,-122,-68.32,-4.88,29.28,39.04
-14.64,4.88,19.52,4.88,-19.52,9.76,-107.36,-131.76,-78.08,-14.64,19.52,29.28
0,-4.88,-4.88,4.88,0,-4.88,-117.12,-151.28,-102.48,-39.04,0,9.76
14.64,-19.52,-34.16,4.88,24.4,-29.28,-112.24,-151.28,-107.36,-48.8,-14.64,4.88
29.28,-19.52,-48.8,-4.88,39.04,-34.16,-117.12,-161.04,-117.12,-58.56,-29.28,-4.88
4.88,-43.92,-48.8,19.52,24.4,-48.8,-112.24,-165.92,-122,-53.68,-24.4,-4.88
-24.4,-58.56,-34.16,43.92,4.88,-48.8,-97.6,-151.28,-112.24,-39.04,-9.76,9.76
-53.68,-53.68,0,53.68,-29.28,-29.28,-92.72,-141.52,-107.36,-34.16,-4.88,14.64
-63.44,-53.68,9.76,58.56,-39.04,-24.4,-87.84,-141.52,-97.6,-39.04,-4.88,9.76
-48.8,-43.92,4.88,48.8,-29.28,-19.52,-87.84,-151.28,-112.24,-48.8,-19.52,-4.88
-39.04,-68.32,-29.28,53.68,-4.88,-48.8,-87.84,-156.16,-117.12,-53.68,-29.28,-9.76
-29.28,-58.56,-29.28,43.92,0,-43.92,-97.6,-161.04,-126.88,-63.44,-34.16,-19.52
-39.04,-53.68,-14.64,48.8,-14.64,-34.16,-107.36,-165.92,-141.52,-73.2,-43.92,-29.28
-43.92,-58.56,-14.64,53.68,-14.64,-39.04,-102.48,-170.8,-136.64,-73.2,-48.8,-39.04
-43.92,-53.68,-9.76,48.8,-19.52,-34.16,-102.48,-170.8,-136.64,-78.08,-48.8,-34.16
-39.04,-63.44,-24.4,53.68,-9.76,-43.92,-97.6,-170.8,-141.52,-73.2,-43.92,-24.4
-39.04,-63.44,-24.4,53.68,-9.76,-43.92,-92.72,-170.8,-136.64,-78.08,-48.8,-29.28
-53.68,-68.32,-14.64,63.44,-19.52,-43.92,-82.96,-161.04,-131.76,-68.32,-43.92,-29.28
-63.44,-78.08,-14.64,73.2,-24.4,-48.8,-87.84,-161.04,-131.76,-63.44,-34.16,-19.52
-29.28,-48.8,-19.52,39.04,-4.88,-34.16,-97.6,-170.8,-136.64,-73.2,-43.92,-24.4
-24.4,-53.68,-29.28,39.04,0,-43.92,-107.36,-165.92,-136.64,-73.2,-43.92,-24.4
-58.56,-68.32,-9.76,63.44,-24.4,-39.04,-97.6,-170.8,-136.64,-73.2,-43.92,-19.52
-68.32,-92.72,-24.4,82.96,-24.4,-58.56,-92.72,-165.92,-131.76,-73.2,-39.04,-24.4
-68.32,-112.24,-43.92,92.72,-14.64,-78.08,-97.6,-165.92,-131.76,-73.2,-39.04,-19.52
-58.56,-92.72,-34.16,78.08,-14.64,-63.44,-87.84,-165.92,-126.88,-73.2,-34.16,-19.52
-39.04,-58.56,-19.52,48.8,-9.76,-39.04,-92.72,-165.92,-131.76,-68.32,-39.04,-19.52
-29.28,-43.92,-14.64,39.04,-9.76,-29.28,-68.32,-146.4,-112.24,-53.68,-19.52,0
-19.52,-48.8,-29.28,34.16,4.88,-39.04,-58.56,-136.64,-112.24,-48.8,-24.4,4.88
-39.04,-73.2,-34.16,58.56,-4.88,-53.68,-87.84,-170.8,-131.76,-73.2,-48.8,-19.52
-53.68,-92.72,-39.04,73.2,-9.76,-68.32,-92.72,-175.68,-146.4,-82.96,-58.56,-34.16
-78.08,-87.84,-9.76,82.96,-34.16,-48.8,-92.72,-165.92,-136.64,-73.2,-53.68,-29.28
-87.84,-78.08,9.76,82.96,-48.8,-34.16,-82.96,-156.16,-122,-68.32,-43.92,-19.52
-87.84,-87.84,0,87.84,-43.92,-43.92,-82.96,-165.92,-136.64,-73.2,-48.8,-24.4
-87.84,-122,-34.16,107.36,-29.28,-78.08,-87.84,-156.16,-131.76,-73.2,-43.92,-24.4
-78.08,-131.76,-53.68,107.36,-14.64,-92.72,-92.72,-156.16,-136.64,-68.32,-43.92,-24.4
-58.56,-97.6,-39.04,78.08,-9.76,-68.32,-68.32,-146.4,-122,-58.56,-34.16,-14.64
-39.04,-58.56,-19.52,48.8,-9.76,-39.04,-63.44,-136.64,-117.12,-58.56,-34.16,-9.76
-63.44,-63.44,0,63.44,-34.16,-34.16,-48.8,-107.36,-102.48,-63.44,-48.8,-29.28
-87.84,-78.08,9.76,82.96,-48.8,-34.16,-34.16,-87.84,-97.6,-92.72,-82.96,-68.32
-92.72,-82.96,9.76,87.84,-53.68,-39.04,0,-29.28,-68.32,-126.88,-126.88,-112.24
-78.08,-14.64,63.44,48.8,-73.2,24.4,112.24,117.12,34.16,-107.36,-122,-102.48
-156.16,24.4,180.56,68.32,-170.8,102.48,209.84,287.92,165.92,-87.84,-126.88,-122
-190.32,24.4,214.72,82.96,-204.96,117.12,297.68,468.48,292.8,-58.56,-122,-131.76
-190.32,48.8,239.12,73.2,-214.72,141.52,351.36,605.12,405.04,-19.52,-92.72,-126.88
-165.92,117.12,283.04,24.4,-224.48,200.08,375.76,722.24,522.16,68.32,-29.28,-87.84
-82.96,204.96,287.92,-58.56,-185.44,244,429.44,810.08,624.64,195.2,82.96,-4.88
-24.4,263.52,287.92,-117.12,-156.16,273.28,419.68,775.92,653.92,346.48,239.12,112.24
34.16,331.84,297.68,-180.56,-131.76,312.32,326.96,629.52,673.44,546.56,448.96,273.28
92.72,370.88,278.16,-229.36,-92.72,322.08,209.84,453.84,717.36,844.24,727.12,478.24
224.48,468.48,244,-346.48,-9.76,356.24,48.8,170.8,727.12,1229.76,1098,751.52
292.8,546.56,253.76,-419.68,19.52,400.16,-161.04,-195.2,717.36,1678.72,1517.68,1058.96
453.84,732,278.16,-590.48,87.84,502.64,-395.28,-556.32,692.96,2132.56,1961.76,1415.2
600.24,907.68,307.44,-751.52,146.4,605.12,-595.36,-795.44,790.56,2659.6,2435.12,1786.08
688.08,897.92,209.84,-790.56,239.12,551.44,-722.24,-873.52,971.12,3118.32,2766.96,2020.32
756.4,844.24,87.84,-800.32,331.84,463.6,-805.2,-946.72,976,3235.44,2830.4,2088.64
766.16,692.96,-73.2,-727.12,419.68,307.44,-854,-1068.72,775.92,3015.84,2635.2,2000.8
712.48,497.76,-214.72,-605.12,463.6,141.52,-897.92,-1195.6,483.12,2610.8,2313.12,1825.12
605.12,409.92,-195.2,-507.52,400.16,107.36,-936.96,-1361.52,19.52,1903.2,1800.72,1551.84
463.6,346.48,-117.12,-405.04,287.92,112.24,-990.64,-1571.36,-561.2,1024.8,1190.72,1220
361.12,292.8,-68.32,-326.96,214.72,112.24,-1049.2,-1717.76,-1083.36,268.4,702.72,936.96
263.52,204.96,-58.56,-234.24,161.04,73.2,-1015.04,-1722.64,-1385.92,-302.56,283.04,673.44
185.44,68.32,-117.12,-126.88,151.28,-24.4,-912.56,-1615.28,-1449.36,-600.24,-9.76,434.32
131.76,-19.52,-151.28,-53.68,141.52,-87.84,-814.96,-1424.96,-1298.08,-634.4,-161.04,244
82.96,-107.36,-190.32,14.64,136.64,-151.28,-736.88,-1215.12,-1102.88,-595.36,-253.76,82.96
107.36,-126.88,-234.24,9.76,170.8,-180.56,-658.8,-1019.92,-917.44,-502.64,-244,39.04
107.36,-117.12,-224.48,4.88,165.92,-170.8,-590.48,-873.52,-780.8,-424.56,-214.72,24.4
82.96,-107.36,-190.32,14.64,136.64,-151.28,-507.52,-756.4,-663.68,-366,-185.44,29.28
102.48,-78.08,-180.56,-9.76,141.52,-131.76,-414.8,-614.88,-546.56,-287.92,-136.64,43.92
97.6,-58.56,-156.16,-19.52,126.88,-107.36,-341.6,-488,-429.44,-219.6,-97.6,63.44
78.08,-43.92,-122,-14.64,97.6,-82.96,-268.4,-375.76,-341.6,-170.8,-68.32,63.44
68.32,-14.64,-82.96,-24.4,73.2,-48.8,-209.84,-283.04,-263.52,-126.88,-48.8,58.56
78.08,-4.88,-82.96,-34.16,78.08,-43.92,-146.4,-209.84,-204.96,-92.72,-39.04,48.8
82.96,0,-82.96,-39.04,82.96,-43.92,-82.96,-131.76,-141.52,-63.44,-29.28,43.92
82.96,9.76,-73.2,-43.92,78.08,-34.16,-58.56,-97.6,-112.24,-53.68,-29.28,24.4
63.44,0,-63.44,-29.28,63.44,-34.16,-39.04,-82.96,-102.48,-58.56,-39.04,14.64
48.8,-4.88,-53.68,-19.52,48.8,-29.28,-24.4,-63.44,-87.84,-63.44,-43.92,0
24.4,-19.52,-43.92,0,34.16,-34.16,-19.52,-58.56,-87.84,-78.08,-58.56,-19.52
34.16,-14.64,-48.8,-9.76,39.04,-34.16,19.52,-14.64,-48.8,-53.68,-34.16,4.88
34.16,-29.28,-63.44,0,48.8,-48.8,29.28,-4.88,-43.92,-53.68,-34.16,4.88
34.16,-39.04,-73.2,4.88,53.68,-58.56,34.16,0,-48.8,-63.44,-48.8,-9.76
53.68,-19.52,-73.2,-14.64,63.44,-48.8,39.04,9.76,-43.92,-68.32,-48.8,-14.64
73.2,14.64,-58.56,-43.92,63.44,-24.4,53.68,24.4,-34.16,-58.56,-48.8,-4.88
68.32,14.64,-53.68,-39.04,58.56,-19.52,63.44,34.16,-19.52,-63.44,-53.68,-9.76
92.72,24.4,-68.32,-58.56,78.08,-24.4,78.08,48.8,-4.88,-48.8,-43.92,-4.88
78.08,9.76,-68.32,-43.92,73.2,-29.28,53.68,29.28,-14.64,-63.44,-58.56,-24.4
34.16,-4.88,-39.04,-14.64,34.16,-24.4,53.68,34.16,-9.76,-63.44,-63.44,-34.16
58.56,53.68,-4.88,-53.68,29.28,24.4,73.2,48.8,4.88,-43.92,-53.68,-19.52
68.32,53.68,-14.64,-58.56,39.04,19.52,97.6,58.56,19.52,-34.16,-39.04,-14.64
63.44,29.28,-34.16,-43.92,48.8,-4.88,107.36,82.96,29.28,-24.4,-29.28,0
34.16,-4.88,-39.04,-14.64,34.16,-24.4,97.6,78.08,19.52,-39.04,-39.04,-14.64
73.2,9.76,-63.44,-39.04,68.32,-29.28,102.48,87.84,29.28,-29.28,-34.16,-9.76
102.48,34.16,-68.32,-68.32,82.96,-19.52,112.24,107.36,43.92,-14.64,-19.52,0
92.72,19.52,-73.2,-53.68,82.96,-29.28,117.12,107.36,48.8,-24.4,-29.28,-9.76
53.68,-4.88,-58.56,-24.4,53.68,-34.16,102.48,97.6,34.16,-34.16,-34.16,-19.52
53.68,0,-53.68,-24.4,53.68,-29.28,87.84,82.96,34.16,-39.04,-43.92,-29.28
97.6,53.68,-43.92,-73.2,68.32,4.88,102.48,102.48,53.68,-24.4,-29.28,-14.64
82.96,43.92,-39.04,-63.44,58.56,0,102.48,107.36,53.68,-19.52,-29.28,-14.64
48.8,9.76,-39.04,-29.28,43.92,-14.64,97.6,107.36,53.68,-14.64,-24.4,-14.64
63.44,24.4,-39.04,-43.92,48.8,-9.76,102.48,117.12,63.44,-9.76,-24.4,-9.76
82.96,39.04,-43.92,-58.56,63.44,-4.88,112.24,117.12,53.68,-14.64,-29.28,-9.76
68.32,4.88,-63.44,-34.16,63.44,-29.28,107.36,112.24,43.92,-24.4,-39.04,-24.4
112.24,14.64,-97.6,-63.44,102.48,-43.92,112.24,117.12,48.8,-24.4,-34.16,-14.64
126.88,34.16,-92.72,-78.08,107.36,-29.28,117.12,131.76,58.56,-19.52,-29.28,-9.76
97.6,43.92,-53.68,-68.32,73.2,-4.88,122,131.76,68.32,-14.64,-24.4,-9.76
87.84,63.44,-24.4,-73.2,53.68,19.52,126.88,131.76,68.32,-9.76,-19.52,-4.88
73.2,53.68,-19.52,-63.44,43.92,14.64,136.64,141.52,82.96,-4.88,-14.64,0
68.32,48.8,-19.52,-58.56,43.92,14.64,122,131.76,73.2,-14.64,-24.4,-9.76
43.92,34.16,-9.76,-39.04,24.4,9.76,107.36,117.12,58.56,-19.52,-34.16,-19.52
87.84,78.08,-9.76,-82.96,48.8,34.16,112.24,126.88,63.44,-14.64,-29.28,-9.76
73.2,48.8,-24.4,-58.56,48.8,9.76,126.88,146.4,82.96,-4.88,-14.64,4.88
53.68,53.68,0,-53.68,24.4,24.4,136.64,156.16,82.96,-4.88,-14.64,0
43.92,19.52,-24.4,-29.28,34.16,-4.88,136.64,151.28,73.2,-9.76,-19.52,0
48.8,-9.76,-58.56,-19.52,53.68,-34.16,141.52,165.92,78.08,-4.88,-19.52,4.88
68.32,9.76,-58.56,-39.04,63.44,-24.4,131.76,151.28,73.2,-9.76,-29.28,-4.88
78.08,29.28,-48.8,-53.68,63.44,-9.76,117.12,141.52,68.32,-19.52,-34.16,-14.64
78.08,43.92,-34.16,-58.56,53.68,4.88,107.36,136.64,63.44,-24.4,-43.92,-19.52
48.8,34.16,-14.64,-39.04,29.28,9.76,102.48,131.76,63.44,-34.16,-48.8,-29.28
73.2,63.44,-9.76,-68.32,39.04,24.4,126.88,151.28,92.72,-4.88,-19.52,-4.88
78.08,39.04,-39.04,-58.56,58.56,0,126.88,165.92,92.72,-4.88,-19.52,0
112.24,53.68,-58.56,-82.96,82.96,-4.88,122,161.04,82.96,-14.64,-29.28,-9.76
131.76,78.08,-53.68,-102.48,92.72,9.76,141.52,170.8,97.6,-9.76,-29.28,-4.88
97.6,58.56,-39.04,-78.08,68.32,9.76,136.64,175.68,102.48,-9.76,-24.4,0
58.56,34.16,-24.4,-43.92,39.04,4.88,146.4,190.32,107.36,-9.76,-24.4,0
63.44,43.92,-19.52,-53.68,39.04,9.76,146.4,190.32,112.24,-9.76,-24.4,-4.88
73.2,48.8,-24.4,-58.56,48.8,9.76,146.4,190.32,117.12,-9.76,-24.4,-4.88
102.48,68.32,-34.16,-82.96,68.32,14.64,156.16,200.08,126.88,-4.88,-19.52,0
131.76,73.2,-58.56,-102.48,92.72,4.88,151.28,200.08,131.76,0,-24.4,-4.88
122,63.44,-58.56,-92.72,87.84,0,141.52,185.44,117.12,-14.64,-34.16,-19.52
68.32,43.92,-24.4,-53.68,43.92,9.76,136.64,180.56,112.24,-19.52,-48.8,-34.16
73.2,68.32,-4.88,-68.32,39.04,29.28,146.4,195.2,122,-14.64,-43.92,-24.4
87.84,58.56,-29.28,-73.2,58.56,14.64,151.28,209.84,136.64,-4.88,-29.28,-9.76
112.24,43.92,-68.32,-78.08,87.84,-14.64,151.28,214.72,136.64,-9.76,-34.16,-14.64
107.36,34.16,-73.2,-68.32,87.84,-19.52,146.4,214.72,131.76,-14.64,-43.92,-24.4
78.08,29.28,-48.8,-53.68,63.44,-9.76,156.16,224.48,146.4,-4.88,-34.16,-24.4
78.08,29.28,-48.8,-53.68,63.44,-9.76,146.4,214.72,141.52,-14.64,-39.04,-29.28
117.12,53.68,-63.44,-82.96,87.84,-4.88,151.28,219.6,151.28,-4.88,-34.16,-29.28
117.12,73.2,-43.92,-92.72,78.08,14.64,151.28,224.48,156.16,0,-39.04,-29.28
68.32,34.16,-34.16,-48.8,48.8,0,146.4,214.72,151.28,-9.76,-43.92,-39.04
34.16,29.28,-4.88,-29.28,19.52,9.76,146.4,224.48,151.28,-4.88,-43.92,-39.04
92.72,78.08,-14.64,-82.96,53.68,29.28,175.68,253.76,175.68,9.76,-24.4,-19.52
107.36,63.44,-43.92,-82.96,73.2,9.76,180.56,258.64,185.44,14.64,-19.52,-14.64
97.6,48.8,-48.8,-73.2,73.2,0,180.56,263.52,180.56,9.76,-24.4,-14.64
53.68,19.52,-34.16,-34.16,43.92,-9.76,165.92,268.4,170.8,-4.88,-39.04,-24.4
73.2,48.8,-24.4,-58.56,48.8,9.76,170.8,273.28,180.56,4.88,-34.16,-24.4
68.32,34.16,-34.16,-48.8,48.8,0,161.04,258.64,175.68,-4.88,-43.92,-39.04
53.68,9.76,-43.92,-29.28,48.8,-19.52,146.4,253.76,165.92,-19.52,-53.68,-58.56
117.12,68.32,-48.8,-92.72,82.96,9.76,170.8,283.04,195.2,4.88,-34.16,-34.16
107.36,73.2,-34.16,-87.84,68.32,19.52,165.92,287.92,200.08,4.88,-34.16,-43.92
102.48,58.56,-43.92,-78.08,73.2,4.88,161.04,283.04,200.08,0,-39.04,-43.92
126.88,73.2,-53.68,-97.6,87.84,9.76,180.56,307.44,209.84,14.64,-29.28,-34.16
87.84,43.92,-43.92,-63.44,63.44,0,185.44,312.32,209.84,14.64,-29.28,-34.16
82.96,48.8,-34.16,-63.44,58.56,4.88,200.08,336.72,224.48,24.4,-19.52,-29.28
136.64,87.84,-48.8,-112.24,92.72,19.52,204.96,341.6,234.24,19.52,-24.4,-24.4
136.64,92.72,-43.92,-112.24,87.84,24.4,190.32,336.72,229.36,14.64,-34.16,-39.04
92.72,73.2,-19.52,-82.96,53.68,24.4,185.44,336.72,234.24,19.52,-34.16,-34.16
68.32,53.68,-14.64,-58.56,39.04,19.52,195.2,356.24,248.88,29.28,-29.28,-29.28
68.32,43.92,-24.4,-53.68,43.92,9.76,185.44,356.24,248.88,19.52,-39.04,-39.04
97.6,53.68,-43.92,-73.2,68.32,4.88,175.68,351.36,239.12,19.52,-43.92,-48.8
102.48,43.92,-58.56,-73.2,78.08,-9.76,175.68,356.24,244,9.76,-53.68,-53.68
73.2,24.4,-48.8,-48.8,58.56,-14.64,185.44,370.88,253.76,14.64,-48.8,-48.8
78.08,53.68,-24.4,-63.44,48.8,14.64,214.72,409.92,287.92,48.8,-19.52,-14.64
58.56,43.92,-14.64,-48.8,34.16,14.64,214.72,424.56,292.8,43.92,-19.52,-19.52
58.56,29.28,-29.28,-43.92,43.92,0,214.72,429.44,297.68,43.92,-24.4,-24.4
63.44,53.68,-9.76,-58.56,34.16,19.52,209.84,434.32,297.68,43.92,-29.28,-29.28
78.08,78.08,0,-78.08,39.04,39.04,200.08,429.44,292.8,29.28,-43.92,-43.92
68.32,63.44,-4.88,-63.44,34.16,29.28,200.08,439.2,307.44,39.04,-39.04,-43.92
87.84,63.44,-24.4,-73.2,53.68,19.52,214.72,463.6,326.96,53.68,-29.28,-29.28
92.72,43.92,-48.8,-68.32,68.32,-4.88,214.72,478.24,336.72,53.68,-24.4,-29.28
102.48,48.8,-53.68,-73.2,78.08,-4.88,219.6,488,341.6,48.8,-24.4,-29.28
82.96,53.68,-29.28,-68.32,53.68,9.76,219.6,507.52,351.36,53.68,-24.4,-24.4
87.84,48.8,-39.04,-68.32,63.44,4.88,229.36,517.28,356.24,48.8,-24.4,-29.28
97.6,34.16,-63.44,-63.44,78.08,-14.64,239.12,536.8,370.88,63.44,-14.64,-24.4
97.6,34.16,-63.44,-63.44,78.08,-14.64,229.36,556.32,380.64,58.56,-19.52,-24.4
87.84,48.8,-39.04,-68.32,63.44,4.88,234.24,556.32,380.64,53.68,-24.4,-34.16
92.72,73.2,-19.52,-82.96,53.68,24.4,234.24,566.08,385.52,53.68,-24.4,-34.16
87.84,63.44,-24.4,-73.2,53.68,19.52,263.52,585.6,405.04,73.2,-19.52,-24.4
102.48,73.2,-29.28,-87.84,63.44,19.52,258.64,600.24,414.8,63.44,-24.4,-29.28
78.08,82.96,4.88,-78.08,34.16,43.92,253.76,605.12,414.8,68.32,-24.4,-34.16
48.8,102.48,53.68,-73.2,-4.88,78.08,263.52,629.52,429.44,78.08,-9.76,-19.52
53.68,68.32,14.64,-58.56,19.52,39.04,287.92,653.92,453.84,92.72,0,-4.88
68.32,34.16,-34.16,-48.8,48.8,0,287.92,663.68,448.96,92.72,-9.76,-9.76
58.56,48.8,-9.76,-53.68,34.16,19.52,287.92,668.56,453.84,92.72,-9.76,-9.76
58.56,48.8,-9.76,-53.68,34.16,19.52,287.92,678.32,463.6,87.84,-14.64,-9.76
87.84,58.56,-29.28,-73.2,58.56,14.64,287.92,678.32,458.72,82.96,-19.52,-14.64
87.84,78.08,-9.76,-82.96,48.8,34.16,283.04,683.2,458.72,78.08,-24.4,-19.52
58.56,87.84,29.28,-73.2,14.64,58.56,273.28,688.08,468.48,73.2,-29.28,-19.52
48.8,107.36,58.56,-78.08,-4.88,82.96,278.16,697.84,473.36,78.08,-24.4,-9.76
63.44,102.48,39.04,-82.96,9.76,68.32,283.04,707.6,483.12,82.96,-19.52,-9.76
92.72,87.84,-4.88,-87.84,48.8,39.04,278.16,702.72,478.24,73.2,-24.4,-4.88
107.36,97.6,-9.76,-102.48,58.56,43.92,283.04,707.6,468.48,68.32,-34.16,-14.64
82.96,87.84,4.88,-82.96,39.04,43.92,292.8,722.24,478.24,73.2,-24.4,0
48.8,78.08,29.28,-63.44,9.76,53.68,307.44,736.88,488,78.08,-14.64,14.64
58.56,87.84,29.28,-73.2,14.64,58.56,292.8,727.12,488,68.32,-24.4,9.76
73.2,68.32,-4.88,-68.32,39.04,29.28,297.68,732,488,68.32,-24.4,9.76
82.96,68.32,-14.64,-73.2,48.8,24.4,287.92,717.36,478.24,58.56,-34.16,4.88
82.96,73.2,-9.76,-78.08,43.92,29.28,287.92,717.36,483.12,58.56,-29.28,9.76
92.72,82.96,-9.76,-87.84,48.8,34.16,283.04,707.6,473.36,48.8,-39.04,9.76
97.6,92.72,-4.88,-92.72,48.8,43.92,283.04,702.72,468.48,53.68,-34.16,14.64
97.6,102.48,4.88,-97.6,43.92,53.68,268.4,688.08,458.72,43.92,-43.92,9.76
122,107.36,-14.64,-112.24,68.32,43.92,248.88,663.68,434.32,19.52,-58.56,0
107.36,87.84,-19.52,-97.6,63.44,34.16,248.88,658.8,419.68,14.64,-58.56,9.76
82.96,43.92,-39.04,-63.44,58.56,0,263.52,649.04,414.8,19.52,-53.68,14.64
117.12,48.8,-68.32,-82.96,92.72,-9.76,263.52,644.16,405.04,19.52,-58.56,24.4
122,53.68,-68.32,-87.84,92.72,-9.76,244,614.88,390.4,4.88,-63.44,14.64
122,53.68,-68.32,-87.84,92.72,-9.76,229.36,585.6,370.88,-4.88,-78.08,9.76
126.88,63.44,-63.44,-92.72,92.72,0,219.6,566.08,361.12,-9.76,-78.08,14.64
136.64,68.32,-68.32,-102.48,102.48,0,204.96,541.68,346.48,-19.52,-82.96,4.88
126.88,63.44,-63.44,-92.72,92.72,0,200.08,522.16,336.72,-14.64,-73.2,9.76
136.64,78.08,-58.56,-107.36,97.6,9.76,200.08,507.52,326.96,-19.52,-73.2,19.52
136.64,63.44,-73.2,-97.6,102.48,-4.88,190.32,478.24,302.56,-34.16,-82.96,14.64
131.76,58.56,-73.2,-92.72,102.48,-9.76,175.68,448.96,283.04,-43.92,-87.84,14.64
126.88,63.44,-63.44,-92.72,92.72,0,170.8,434.32,273.28,-39.04,-78.08,19.52
141.52,58.56,-82.96,-97.6,112.24,-14.64,156.16,400.16,258.64,-48.8,-92.72,14.64
165.92,53.68,-112.24,-107.36,136.64,-29.28,136.64,366,234.24,-58.56,-92.72,4.88
165.92,58.56,-107.36,-112.24,136.64,-24.4,126.88,346.48,224.48,-53.68,-87.84,9.76
136.64,48.8,-87.84,-92.72,112.24,-19.52,131.76,341.6,224.48,-39.04,-63.44,29.28
151.28,63.44,-87.84,-107.36,117.12,-14.64,122,307.44,214.72,-43.92,-68.32,29.28
156.16,58.56,-97.6,-107.36,126.88,-19.52,107.36,273.28,195.2,-39.04,-63.44,24.4
146.4,63.44,-82.96,-102.48,112.24,-9.76,92.72,258.64,190.32,-34.16,-53.68,34.16
136.64,73.2,-63.44,-102.48,97.6,4.88,87.84,239.12,170.8,-29.28,-58.56,39.04
117.12,48.8,-68.32,-82.96,92.72,-9.76,78.08,214.72,156.16,-24.4,-53.68,34.16
131.76,63.44,-68.32,-97.6,97.6,-4.88,73.2,195.2,146.4,-24.4,-48.8,34.16
131.76,73.2,-58.56,-102.48,92.72,4.88,63.44,170.8,131.76,-29.28,-48.8,39.04
131.76,63.44,-68.32,-97.6,97.6,-4.88,48.8,151.28,117.12,-29.28,-43.92,34.16
117.12,58.56,-58.56,-87.84,87.84,0,48.8,131.76,117.12,-9.76,-29.28,39.04
82.96,58.56,-24.4,-68.32,53.68,14.64,53.68,131.76,122,0,-9.76,58.56
82.96,78.08,-4.88,-78.08,43.92,34.16,43.92,107.36,122,4.88,-9.76,58.56
102.48,82.96,-19.52,-92.72,58.56,29.28,34.16,82.96,97.6,4.88,-4.88,48.8
82.96,39.04,-43.92,-58.56,63.44,-4.88,34.16,68.32,92.72,4.88,-4.88,53.68
78.08,14.64,-63.44,-43.92,68.32,-24.4,29.28,68.32,78.08,14.64,4.88,58.56
73.2,19.52,-53.68,-43.92,63.44,-19.52,19.52,53.68,68.32,14.64,9.76,58.56
68.32,24.4,-43.92,-43.92,53.68,-9.76,34.16,48.8,68.32,19.52,19.52,63.44
82.96,29.28,-53.68,-53.68,68.32,-14.64,29.28,34.16,63.44,14.64,19.52,63.44
82.96,34.16,-48.8,-58.56,63.44,-9.76,0,9.76,34.16,4.88,4.88,43.92
82.96,39.04,-43.92,-58.56,63.44,-4.88,0,0,34.16,4.88,9.76,39.04
68.32,14.64,-53.68,-39.04,58.56,-19.52,9.76,0,39.04,19.52,24.4,53.68
43.92,-4.88,-48.8,-19.52,43.92,-29.28,19.52,9.76,48.8,34.16,39.04,63.44
39.04,9.76,-29.28,-24.4,34.16,-9.76,14.64,0,39.04,39.04,43.92,63.44
48.8,14.64,-34.16,-29.28,39.04,-9.76,0,-14.64,29.28,29.28,34.16,53.68
58.56,4.88,-53.68,-29.28,53.68,-24.4,0,-19.52,14.64,29.28,34.16,53.68
87.84,14.64,-73.2,-48.8,78.08,-29.28,-4.88,-34.16,0,19.52,29.28,43.92
92.72,14.64,-78.08,-53.68,82.96,-34.16,-9.76,-39.04,-4.88,14.64,34.16,43.92
63.44,24.4,-39.04,-43.92,48.8,-9.76,4.88,-24.4,9.76,24.4,43.92,58.56
48.8,29.28,-19.52,-39.04,34.16,4.88,0,-34.16,0,19.52,39.04,53.68
58.56,24.4,-34.16,-39.04,43.92,-4.88,-9.76,-48.8,-9.76,14.64,34.16,48.8
48.8,24.4,-24.4,-34.16,34.16,0,-4.88,-43.92,-4.88,24.4,43.92,53.68
19.52,39.04,19.52,-29.28,0,29.28,0,-43.92,4.88,29.28,48.8,53.68
29.28,39.04,9.76,-34.16,9.76,24.4,-4.88,-48.8,-9.76,24.4,48.8,43.92
39.04,39.04,0,-39.04,19.52,19.52,-14.64,-53.68,-9.76,19.52,39.04,43.92
39.04,14.64,-24.4,-24.4,29.28,-4.88,0,-48.8,-9.76,14.64,39.04,43.92
39.04,29.28,-9.76,-34.16,24.4,9.76,-14.64,-58.56,-24.4,9.76,29.28,34.16
29.28,19.52,-9.76,-24.4,19.52,4.88,-9.76,-58.56,-24.4,9.76,34.16,39.04
39.04,9.76,-29.28,-24.4,34.16,-9.76,0,-58.56,-14.64,9.76,29.28,43.92
43.92,34.16,-9.76,-39.04,24.4,9.76,-9.76,-58.56,-29.28,0,29.28,29.28
39.04,43.92,4.88,-39.04,14.64,24.4,-14.64,-68.32,-34.16,-4.88,19.52,24.4
48.8,34.16,-14.64,-39.04,29.28,9.76,-9.76,-68.32,-34.16,-4.88,19.52,24.4
39.04,34.16,-4.88,-34.16,19.52,14.64,0,-58.56,-24.4,0,24.4,29.28
9.76,-4.88,-14.64,0,9.76,-9.76,19.52,-39.04,-14.64,19.52,43.92,43.92
14.64,-24.4,-39.04,4.88,24.4,-34.16,24.4,-34.16,-4.88,24.4,48.8,53.68
19.52,-19.52,-39.04,0,29.28,-29.28,19.52,-34.16,-14.64,14.64,43.92,48.8
29.28,-14.64,-43.92,-4.88,34.16,-29.28,9.76,-43.92,-24.4,14.64,34.16,34.16
53.68,-9.76,-63.44,-19.52,58.56,-39.04,4.88,-48.8,-34.16,9.76,24.4,29.28
39.04,-14.64,-53.68,-9.76,43.92,-34.16,4.88,-48.8,-29.28,0,14.64,24.4
24.4,-9.76,-34.16,-4.88,29.28,-24.4,14.64,-39.04,-24.4,4.88,24.4,29.28
39.04,4.88,-34.16,-19.52,34.16,-14.64,9.76,-43.92,-29.28,0,19.52,24.4
39.04,0,-39.04,-19.52,39.04,-19.52,4.88,-48.8,-34.16,-4.88,14.64,19.52
29.28,4.88,-24.4,-14.64,24.4,-9.76,9.76,-39.04,-24.4,0,19.52,24.4
34.16,9.76,-24.4,-19.52,29.28,-9.76,9.76,-34.16,-29.28,0,24.4,24.4
14.64,4.88,-9.76,-9.76,9.76,-4.88,9.76,-34.16,-19.52,-4.88,14.64,29.28
19.52,-4.88,-24.4,-4.88,19.52,-14.64,29.28,-24.4,-19.52,0,14.64,34.16
43.92,-4.88,-48.8,-19.52,43.92,-29.28,14.64,-34.16,-29.28,-19.52,0,19.52
39.04,4.88,-34.16,-19.52,34.16,-14.64,19.52,-29.28,-29.28,-14.64,4.88,24.4
0,0,0,0,0,0,24.4,-14.64,-14.64,-14.64,9.76,34.16
-39.04,-14.64,24.4,29.28,-34.16,4.88,34.16,-4.88,-9.76,-4.88,19.52,29.28
-24.4,-4.88,19.52,14.64,-24.4,4.88,29.28,-9.76,-9.76,-4.88,14.64,29.28
4.88,-4.88,-9.76,0,4.88,-9.76,24.4,-24.4,-19.52,-19.52,0,9.76
19.52,0,-19.52,-9.76,19.52,-9.76,24.4,-19.52,-14.64,-19.52,0,14.64
24.4,29.28,4.88,-24.4,9.76,14.64,19.52,-19.52,-19.52,-19.52,0,4.88
14.64,19.52,4.88,-14.64,4.88,9.76,14.64,-24.4,-19.52,-24.4,-4.88,9.76
9.76,-9.76,-19.52,0,14.64,-14.64,29.28,-4.88,0,-14.64,9.76,24.4
14.64,9.76,-4.88,-9.76,9.76,0,24.4,-9.76,-14.64,-19.52,0,14.64
24.4,14.64,-9.76,-19.52,14.64,0,19.52,-24.4,-34.16,-34.16,-14.64,0
29.28,9.76,-19.52,-19.52,24.4,-4.88,24.4,-19.52,-24.4,-39.04,-14.64,4.88
19.52,-9.76,-29.28,-4.88,24.4,-19.52,19.52,-14.64,-19.52,-34.16,-14.64,0
14.64,-24.4,-39.04,4.88,24.4,-34.16,24.4,-14.64,-24.4,-29.28,-9.76,4.88
14.64,4.88,-9.76,-9.76,9.76,-4.88,19.52,-14.64,-24.4,-34.16,-14.64,-4.88
-14.64,4.88,19.52,4.88,-19.52,9.76,24.4,-4.88,-19.52,-29.28,-4.88,4.88
-14.64,-4.88,9.76,9.76,-14.64,0,34.16,4.88,-9.76,-14.64,4.88,9.76
14.64,-4.88,-19.52,-4.88,14.64,-14.64,24.4,-4.88,-14.64,-24.4,-9.76,9.76
24.4,0,-24.4,-9.76,24.4,-14.64,14.64,-4.88,-24.4,-34.16,-14.64,4.88
19.52,19.52,0,-19.52,9.76,9.76,19.52,0,-14.64,-34.16,-9.76,4.88
24.4,29.28,4.88,-24.4,9.76,14.64,19.52,0,-19.52,-24.4,-9.76,9.76
29.28,24.4,-4.88,-24.4,14.64,9.76,19.52,0,-14.64,-29.28,-14.64,9.76
24.4,9.76,-14.64,-14.64,19.52,-4.88,14.64,4.88,-4.88,-24.4,-9.76,9.76
19.52,-14.64,-34.16,0,24.4,-24.4,14.64,0,0,-14.64,-4.88,9.76
24.4,0,-24.4,-9.76,24.4,-14.64,19.52,4.88,0,-14.64,-4.88,9.76
-14.64,9.76,24.4,4.88,-19.52,14.64,29.28,19.52,19.52,0,14.64,24.4
-29.28,4.88,34.16,14.64,-34.16,19.52,29.28,19.52,14.64,9.76,19.52,19.52
0,0,0,0,0,0,24.4,14.64,4.88,0,9.76,19.52
14.64,-4.88,-19.52,-4.88,14.64,-14.64,24.4,19.52,14.64,0,14.64,24.4
14.64,4.88,-9.76,-9.76,9.76,-4.88,29.28,24.4,9.76,4.88,19.52,24.4
14.64,14.64,0,-14.64,4.88,4.88,24.4,14.64,9.76,4.88,14.64,24.4
19.52,19.52,0,-19.52,9.76,9.76,19.52,9.76,9.76,0,4.88,19.52
24.4,19.52,-4.88,-19.52,14.64,4.88,14.64,4.88,4.88,-9.76,0,9.76
19.52,4.88,-14.64,-9.76,14.64,-4.88,14.64,4.88,4.88,0,4.88,14.64
19.52,-9.76,-29.28,-4.88,24.4,-19.52,14.64,9.76,9.76,4.88,14.64,19.52
19.52,-4.88,-24.4,-4.88,19.52,-14.64,14.64,9.76,9.76,0,9.76,19.52
24.4,0,-24.4,-9.76,24.4,-14.64,9.76,9.76,4.88,4.88,14.64,14.64
34.16,0,-34.16,-14.64,34.16,-19.52,9.76,4.88,0,4.88,14.64,14.64
24.4,0,-24.4,-9.76,24.4,-14.64,14.64,14.64,4.88,4.88,14.64,19.52
14.64,-4.88,-19.52,-4.88,14.64,-14.64,14.64,14.64,9.76,9.76,19.52,19.52
19.52,0,-19.52,-9.76,19.52,-9.76,24.4,14.64,9.76,14.64,19.52,19.52
19.52,9.76,-9.76,-14.64,14.64,0,24.4,9.76,9.76,9.76,14.64,14.64
29.28,14.64,-14.64,-19.52,19.52,0,14.64,4.88,4.88,4.88,9.76,9.76
43.92,19.52,-24.4,-29.28,34.16,-4.88,4.88,-9.76,0,4.88,9.76,9.76
34.16,24.4,-9.76,-29.28,19.52,4.88,0,-9.76,0,9.76,9.76,9.76
19.52,29.28,9.76,-24.4,4.88,19.52,4.88,-4.88,9.76,9.76,19.52,19.52
19.52,34.16,14.64,-24.4,0,24.4,4.88,-4.88,4.88,14.64,24.4,29.28
24.4,24.4,0,-24.4,9.76,9.76,4.88,-4.88,4.88,9.76,19.52,19.52
24.4,14.64,-9.76,-19.52,14.64,0,4.88,4.88,4.88,4.88,24.4,24.4
19.52,29.28,9.76,-24.4,4.88,19.52,0,-9.76,-4.88,4.88,19.52,19.52
24.4,-4.88,-29.28,-9.76,24.4,-19.52,14.64,0,9.76,19.52,34.16,29.28
39.04,-14.64,-53.68,-9.76,43.92,-34.16,19.52,4.88,14.64,14.64,29.28,34.16
24.4,4.88,-19.52,-14.64,19.52,-9.76,9.76,-4.88,0,9.76,24.4,19.52
24.4,14.64,-9.76,-19.52,14.64,0,9.76,-4.88,9.76,19.52,34.16,24.4
34.16,9.76,-24.4,-19.52,29.28,-9.76,4.88,-9.76,0,4.88,24.4,19.52
24.4,14.64,-9.76,-19.52,14.64,0,0,-14.64,-9.76,0,19.52,14.64
39.04,29.28,-9.76,-34.16,24.4,9.76,-9.76,-24.4,-19.52,0,14.64,9.76
34.16,39.04,4.88,-34.16,14.64,19.52,-14.64,-34.16,-34.16,-9.76,4.88,4.88
9.76,48.8,39.04,-29.28,-14.64,43.92,-9.76,-24.4,-24.4,-4.88,9.76,9.76
29.28,14.64,-14.64,-19.52,19.52,0,0,-19.52,-24.4,4.88,14.64,14.64
39.04,-24.4,-63.44,-4.88,48.8,-43.92,4.88,-14.64,-19.52,0,19.52,19.52
29.28,-24.4,-53.68,0,39.04,-39.04,9.76,-9.76,-14.64,4.88,19.52,14.64
14.64,-9.76,-24.4,0,19.52,-19.52,4.88,-4.88,-9.76,9.76,24.4,19.52
0,-19.52,-19.52,9.76,9.76,-19.52,14.64,0,0,19.52,39.04,29.28
19.52,4.88,-14.64,-9.76,14.64,-4.88,9.76,-14.64,-14.64,0,24.4,14.64
24.4,19.52,-4.88,-19.52,14.64,4.88,-4.88,-34.16,-29.28,-14.64,9.76,0
14.64,24.4,9.76,-19.52,0,14.64,4.88,-24.4,-24.4,0,24.4,4.88
24.4,34.16,9.76,-29.28,4.88,19.52,-4.88,-34.16,-24.4,-4.88,19.52,4.88
24.4,4.88,-19.52,-14.64,19.52,-9.76,0,-34.16,-19.52,-4.88,19.52,9.76
19.52,-4.88,-24.4,-4.88,19.52,-14.64,9.76,-29.28,-19.52,0,24.4,14.64
19.52,0,-19.52,-9.76,19.52,-9.76,0,-29.28,-24.4,-4.88,24.4,9.76
19.52,-9.76,-29.28,-4.88,24.4,-19.52,4.88,-29.28,-29.28,-4.88,14.64,9.76
24.4,-14.64,-39.04,-4.88,29.28,-29.28,14.64,-29.28,-29.28,-9.76,9.76,0
14.64,-14.64,-29.28,0,19.52,-24.4,9.76,-39.04,-34.16,-14.64,4.88,-4.88
9.76,-14.64,-24.4,4.88,14.64,-19.52,4.88,-34.16,-29.28,-4.88,9.76,0
29.28,-9.76,-39.04,-9.76,34.16,-24.4,-9.76,-43.92,-34.16,-14.64,0,-9.76
34.16,-4.88,-39.04,-14.64,34.16,-24.4,-19.52,-48.8,-43.92,-14.64,0,-14.64
39.04,-4.88,-43.92,-14.64,39.04,-24.4,-24.4,-53.68,-53.68,-24.4,-4.88,-14.64
34.16,4.88,-29.28,-19.52,29.28,-14.64,-29.28,-48.8,-48.8,-19.52,0,-9.76
14.64,-4.88,-19.52,-4.88,14.64,-14.64,-19.52,-43.92,-43.92,-19.52,4.88,-9.76
19.52,-4.88,-24.4,-4.88,19.52,-14.64,-19.52,-39.04,-43.92,-14.64,4.88,-4.88
24.4,-14.64,-39.04,-4.88,29.28,-29.28,-29.28,-48.8,-53.68,-24.4,-4.88,-14.64
24.4,-14.64,-39.04,-4.88,29.28,-29.28,-43.92,-53.68,-58.56,-29.28,-9.76,-19.52
19.52,-4.88,-24.4,-4.88,19.52,-14.64,-39.04,-53.68,-48.8,-19.52,-4.88,-19.52
0,-9.76,-9.76,4.88,4.88,-9.76,-34.16,-53.68,-53.68,-29.28,-4.88,-14.64
9.76,-14.64,-24.4,4.88,14.64,-19.52,-29.28,-43.92,-39.04,-19.52,4.88,-4.88
14.64,-4.88,-19.52,-4.88,14.64,-14.64,-34.16,-48.8,-48.8,-19.52,4.88,-9.76
14.64,-19.52,-34.16,4.88,24.4,-29.28,-34.16,-48.8,-48.8,-24.4,4.88,-4.88
29.28,-9.76,-39.04,-9.76,34.16,-24.4,-39.04,-53.68,-53.68,-29.28,-4.88,-9.76
34.16,0,-34.16,-14.64,34.16,-19.52,-39.04,-58.56,-58.56,-34.16,-9.76,-14.64
34.16,-4.88,-39.04,-14.64,34.16,-24.4,-53.68,-63.44,-63.44,-48.8,-19.52,-24.4
19.52,-19.52,-39.04,0,29.28,-29.28,-48.8,-58.56,-63.44,-43.92,-24.4,-24.4
-4.88,-39.04,-34.16,24.4,14.64,-39.04,-43.92,-53.68,-63.44,-39.04,-19.52,-24.4
-9.76,-58.56,-48.8,34.16,19.52,-53.68,-29.28,-53.68,-53.68,-29.28,-14.64,-24.4
-9.76,-48.8,-39.04,29.28,14.64,-43.92,-29.28,-63.44,-58.56,-29.28,-19.52,-29.28
-9.76,-48.8,-39.04,29.28,14.64,-43.92,-39.04,-63.44,-68.32,-43.92,-24.4,-29.28
0,-39.04,-39.04,19.52,19.52,-39.04,-43.92,-68.32,-73.2,-48.8,-24.4,-34.16
0,-58.56,-58.56,29.28,29.28,-58.56,-39.04,-68.32,-68.32,-43.92,-14.64,-24.4
-4.88,-58.56,-53.68,34.16,24.4,-58.56,-34.16,-58.56,-63.44,-39.04,-14.64,-14.64
9.76,-43.92,-53.68,19.52,29.28,-48.8,-43.92,-63.44,-73.2,-43.92,-14.64,-29.28
9.76,-43.92,-53.68,19.52,29.28,-48.8,-43.92,-68.32,-82.96,-53.68,-24.4,-34.16
0,-43.92,-43.92,24.4,19.52,-43.92,-48.8,-68.32,-78.08,-58.56,-34.16,-39.04
-24.4,-53.68,-29.28,39.04,0,-43.92,-43.92,-63.44,-73.2,-53.68,-24.4,-34.16
-14.64,-78.08,-63.44,48.8,24.4,-73.2,-39.04,-58.56,-73.2,-48.8,-19.52,-34.16
4.88,-58.56,-63.44,29.28,34.16,-63.44,-48.8,-78.08,-78.08,-58.56,-29.28,-39.04
4.88,-58.56,-63.44,29.28,34.16,-63.44,-58.56,-78.08,-87.84,-68.32,-39.04,-48.8
4.88,-53.68,-58.56,24.4,29.28,-58.56,-63.44,-82.96,-92.72,-63.44,-43.92,-53.68
4.88,-43.92,-48.8,19.52,24.4,-48.8,-58.56,-82.96,-92.72,-68.32,-43.92,-43.92
-4.88,-39.04,-34.16,24.4,14.64,-39.04,-63.44,-82.96,-97.6,-73.2,-53.68,-53.68
4.88,-53.68,-58.56,24.4,29.28,-58.56,-53.68,-73.2,-87.84,-68.32,-34.16,-48.8
-9.76,-68.32,-58.56,39.04,24.4,-63.44,-39.04,-63.44,-78.08,-58.56,-24.4,-34.16
-24.4,-82.96,-58.56,53.68,14.64,-73.2,-39.04,-58.56,-78.08,-58.56,-29.28,-34.16
-29.28,-58.56,-29.28,43.92,0,-43.92,-39.04,-63.44,-73.2,-48.8,-29.28,-39.04
-39.04,-58.56,-19.52,48.8,-9.76,-39.04,-43.92,-63.44,-73.2,-53.68,-29.28,-39.04
-39.04,-63.44,-24.4,53.68,-9.76,-43.92,-43.92,-63.44,-68.32,-53.68,-29.28,-39.04
-19.52,-63.44,-43.92,43.92,9.76,-53.68,-58.56,-73.2,-78.08,-58.56,-43.92,-58.56
-29.28,-63.44,-34.16,48.8,0,-48.8,-58.56,-78.08,-82.96,-63.44,-39.04,-58.56
-19.52,-58.56,-39.04,39.04,9.76,-48.8,-53.68,-73.2,-82.96,-63.44,-34.16,-53.68
-29.28,-43.92,-14.64,39.04,-9.76,-29.28,-53.68,-73.2,-82.96,-63.44,-39.04,-53.68
-24.4,-63.44,-39.04,43.92,4.88,-53.68,-48.8,-68.32,-87.84,-63.44,-39.04,-53.68
-19.52,-68.32,-48.8,43.92,14.64,-58.56,-43.92,-68.32,-87.84,-63.44,-34.16,-53.68
-19.52,-68.32,-48.8,43.92,14.64,-58.56,-43.92,-73.2,-92.72,-68.32,-48.8,-58.56
-29.28,-73.2,-43.92,53.68,4.88,-58.56,-39.04,-63.44,-78.08,-63.44,-39.04,-48.8
-34.16,-63.44,-29.28,48.8,-4.88,-48.8,-39.04,-63.44,-73.2,-53.68,-29.28,-39.04
-24.4,-58.56,-34.16,43.92,4.88,-48.8,-43.92,-73.2,-82.96,-68.32,-39.04,-48.8
0,-58.56,-58.56,29.28,29.28,-58.56,-53.68,-82.96,-97.6,-73.2,-48.8,-63.44
-9.76,-43.92,-34.16,29.28,9.76,-39.04,-68.32,-92.72,-107.36,-82.96,-53.68,-73.2
-24.4,-53.68,-29.28,39.04,0,-43.92,-63.44,-78.08,-102.48,-82.96,-43.92,-63.44
-24.4,-48.8,-24.4,39.04,0,-39.04,-63.44,-73.2,-92.72,-73.2,-39.04,-58.56
-14.64,-68.32,-53.68,43.92,19.52,-63.44,-58.56,-63.44,-92.72,-73.2,-39.04,-58.56
-29.28,-63.44,-34.16,48.8,0,-48.8,-53.68,-68.32,-87.84,-78.08,-43.92,-53.68
-24.4,-43.92,-19.52,34.16,-4.88,-34.16,-58.56,-78.08,-102.48,-87.84,-53.68,-63.44
-24.4,-53.68,-29.28,39.04,0,-43.92,-63.44,-73.2,-92.72,-82.96,-53.68,-63.44
4.88,-48.8,-53.68,24.4,29.28,-53.68,-58.56,-78.08,-92.72,-78.08,-53.68,-68.32
9.76,-29.28,-39.04,9.76,24.4,-34.16,-68.32,-92.72,-102.48,-87.84,-63.44,-82.96
0,-43.92,-43.92,24.4,19.52,-43.92,-68.32,-87.84,-102.48,-87.84,-63.44,-82.96
-29.28,-58.56,-29.28,43.92,0,-43.92,-58.56,-73.2,-92.72,-78.08,-53.68,-68.32
-29.28,-68.32,-39.04,48.8,4.88,-53.68,-58.56,-78.08,-102.48,-82.96,-53.68,-68.32
-19.52,-48.8,-29.28,34.16,4.88,-39.04,-68.32,-82.96,-112.24,-102.48,-68.32,-82.96
-24.4,-43.92,-19.52,34.16,-4.88,-34.16,-68.32,-78.08,-112.24,-102.48,-68.32,-78.08
-39.04,-58.56,-19.52,48.8,-9.76,-39.04,-53.68,-68.32,-107.36,-87.84,-58.56,-68.32
-63.44,-92.72,-29.28,78.08,-19.52,-63.44,-34.16,-48.8,-87.84,-73.2,-43.92,-58.56
-58.56,-102.48,-43.92,82.96,-9.76,-73.2,-34.16,-43.92,-82.96,-68.32,-39.04,-53.68
-24.4,-92.72,-68.32,58.56,19.52,-82.96,-43.92,-63.44,-87.84,-78.08,-48.8,-63.44
-19.52,-73.2,-53.68,48.8,14.64,-63.44,-48.8,-68.32,-97.6,-78.08,-48.8,-68.32
-39.04,-63.44,-24.4,53.68,-9.76,-43.92,-53.68,-63.44,-92.72,-78.08,-48.8,-68.32
-43.92,-58.56,-14.64,53.68,-14.64,-39.04,-48.8,-58.56,-87.84,-73.2,-39.04,-63.44
-24.4,-39.04,-14.64,34.16,-4.88,-29.28,-48.8,-68.32,-97.6,-78.08,-43.92,-58.56
-19.52,-63.44,-43.92,43.92,9.76,-53.68,-58.56,-73.2,-102.48,-82.96,-48.8,-68.32
-14.64,-73.2,-58.56,43.92,19.52,-68.32,-53.68,-68.32,-102.48,-82.96,-48.8,-63.44
0,-73.2,-73.2,39.04,34.16,-73.2,-68.32,-82.96,-112.24,-92.72,-63.44,-73.2
-9.76,-73.2,-63.44,43.92,24.4,-68.32,-63.44,-78.08,-107.36,-92.72,-63.44,-73.2
-34.16,-78.08,-43.92,58.56,4.88,-63.44,-53.68,-68.32,-97.6,-82.96,-58.56,-68.32
-48.8,-97.6,-48.8,73.2,0,-73.2,-48.8,-58.56,-92.72,-82.96,-48.8,-63.44
-29.28,-78.08,-48.8,53.68,9.76,-63.44,-58.56,-73.2,-102.48,-87.84,-53.68,-68.32
-29.28,-78.08,-48.8,53.68,9.76,-63.44,-53.68,-68.32,-97.6,-87.84,-48.8,-68.32
-34.16,-82.96,-48.8,58.56,4.88,-68.32,-53.68,-63.44,-97.6,-87.84,-43.92,-68.32
-29.28,-82.96,-53.68,58.56,9.76,-68.32,-53.68,-63.44,-102.48,-92.72,-53.68,-73.2
-34.16,-73.2,-39.04,53.68,0,-58.56,-43.92,-63.44,-97.6,-87.84,-53.68,-73.2
-39.04,-68.32,-29.28,53.68,-4.88,-48.8,-43.92,-58.56,-92.72,-87.84,-53.68,-68.32
-34.16,-68.32,-34.16,53.68,0,-53.68,-48.8,-68.32,-102.48,-87.84,-63.44,-78.08
-19.52,-78.08,-58.56,48.8,19.52,-68.32,-58.56,-73.2,-107.36,-97.6,-68.32,-82.96
-14.64,-78.08,-63.44,48.8,24.4,-73.2,-48.8,-68.32,-102.48,-92.72,-63.44,-82.96
-14.64,-73.2,-58.56,43.92,19.52,-68.32,-53.68,-73.2,-107.36,-92.72,-63.44,-82.96
-19.52,-82.96,-63.44,53.68,19.52,-73.2,-58.56,-73.2,-112.24,-92.72,-68.32,-82.96
-29.28,-78.08,-48.8,53.68,9.76,-63.44,-48.8,-68.32,-97.6,-82.96,-53.68,-68.32
-29.28,-58.56,-29.28,43.92,0,-43.92,-63.44,-78.08,-107.36,-92.72,-53.68,-78.08
-24.4,-48.8,-24.4,39.04,0,-39.04,-68.32,-82.96,-112.24,-102.48,-63.44,-82.96
-34.16,-63.44,-29.28,48.8,-4.88,-48.8,-48.8,-68.32,-102.48,-87.84,-53.68,-73.2
-24.4,-63.44,-39.04,43.92,4.88,-53.68,-53.68,-73.2,-107.36,-97.6,-58.56,-82.96
9.76,-43.92,-53.68,19.52,29.28,-48.8,-68.32,-87.84,-112.24,-102.48,-73.2,-97.6
14.64,-43.92,-58.56,14.64,34.16,-53.68,-73.2,-87.84,-117.12,-107.36,-82.96,-97.6
-14.64,-58.56,-43.92,39.04,14.64,-53.68,-58.56,-78.08,-107.36,-97.6,-68.32,-92.72
-29.28,-53.68,-24.4,43.92,-4.88,-39.04,-48.8,-63.44,-97.6,-82.96,-53.68,-68.32
-43.92,-87.84,-43.92,68.32,0,-68.32,-39.04,-53.68,-87.84,-73.2,-43.92,-63.44
-34.16,-97.6,-63.44,68.32,14.64,-82.96,-48.8,-53.68,-92.72,-78.08,-43.92,-63.44
-19.52,-87.84,-68.32,53.68,24.4,-78.08,-53.68,-58.56,-97.6,-78.08,-48.8,-63.44
-24.4,-78.08,-53.68,53.68,14.64,-68.32,-53.68,-58.56,-97.6,-73.2,-39.04,-53.68
-73.2,-63.44,9.76,68.32,-43.92,-29.28,-34.16,-43.92,-78.08,-58.56,-24.4,-43.92
-73.2,-63.44,9.76,68.32,-43.92,-29.28,-34.16,-39.04,-73.2,-53.68,-19.52,-39.04
-43.92,-92.72,-48.8,68.32,0,-73.2,-29.28,-39.04,-68.32,-58.56,-14.64,-34.16
-43.92,-68.32,-24.4,58.56,-9.76,-48.8,-34.16,-39.04,-73.2,-53.68,-19.52,-39.04
-43.92,-43.92,0,43.92,-24.4,-24.4,-53.68,-53.68,-87.84,-68.32,-39.04,-58.56
-19.52,-53.68,-34.16,39.04,4.88,-43.92,-53.68,-63.44,-97.6,-82.96,-48.8,-63.44
-4.88,-68.32,-63.44,39.04,29.28,-68.32,-53.68,-68.32,-97.6,-82.96,-48.8,-63.44
-29.28,-78.08,-48.8,53.68,9.76,-63.44,-48.8,-63.44,-92.72,-73.2,-43.92,-58.56
-39.04,-78.08,-39.04,58.56,0,-58.56,-34.16,-48.8,-73.2,-58.56,-29.28,-43.92
-34.16,-68.32,-34.16,53.68,0,-53.68,-34.16,-53.68,-78.08,-58.56,-29.28,-43.92
-24.4,-68.32,-43.92,48.8,9.76,-58.56,-43.92,-53.68,-87.84,-58.56,-39.04,-53.68
-19.52,-53.68,-34.16,39.04,4.88,-43.92,-48.8,-53.68,-92.72,-63.44,-43.92,-63.44
-14.64,-58.56,-43.92,39.04,14.64,-53.68,-53.68,-63.44,-97.6,-78.08,-43.92,-68.32
-4.88,-63.44,-58.56,34.16,24.4,-63.44,-53.68,-58.56,-97.6,-78.08,-48.8,-68.32
-4.88,-48.8,-43.92,29.28,19.52,-48.8,-48.8,-58.56,-97.6,-68.32,-48.8,-68.32
-14.64,-39.04,-24.4,29.28,4.88,-34.16,-53.68,-63.44,-97.6,-73.2,-48.8,-68.32
-29.28,-24.4,4.88,29.28,-19.52,-9.76,-43.92,-63.44,-92.72,-68.32,-43.92,-63.44
-34.16,-63.44,-29.28,48.8,-4.88,-48.8,-43.92,-53.68,-87.84,-58.56,-39.04,-53.68
-39.04,-87.84,-48.8,63.44,4.88,-68.32,-39.04,-53.68,-78.08,-68.32,-29.28,-48.8
-19.52,-73.2,-53.68,48.8,14.64,-63.44,-43.92,-63.44,-87.84,-68.32,-39.04,-53.68
-19.52,-73.2,-53.68,48.8,14.64,-63.44,-53.68,-63.44,-87.84,-68.32,-48.8,-63.44
-34.16,-87.84,-53.68,63.44,9.76,-73.2,-48.8,-48.8,-78.08,-58.56,-34.16,-48.8
-4.88,-82.96,-78.08,43.92,34.16,-82.96,-58.56,-58.56,-92.72,-78.08,-43.92,-53.68
-19.52,-78.08,-58.56,48.8,19.52,-68.32,-48.8,-53.68,-82.96,-68.32,-39.04,-53.68
-43.92,-58.56,-14.64,53.68,-14.64,-39.04,-48.8,-43.92,-82.96,-58.56,-29.28,-48.8
-48.8,-53.68,-4.88,53.68,-24.4,-29.28,-43.92,-53.68,-92.72,-63.44,-29.28,-53.68
-29.28,-43.92,-14.64,39.04,-9.76,-29.28,-58.56,-73.2,-102.48,-73.2,-43.92,-63.44
-19.52,-29.28,-9.76,24.4,-4.88,-19.52,-73.2,-78.08,-107.36,-82.96,-53.68,-63.44
-48.8,-39.04,9.76,43.92,-29.28,-14.64,-58.56,-68.32,-92.72,-63.44,-34.16,-53.68
-48.8,-58.56,-9.76,53.68,-19.52,-34.16,-34.16,-58.56,-73.2,-53.68,-19.52,-39.04
-19.52,-73.2,-53.68,48.8,14.64,-63.44,-43.92,-63.44,-82.96,-53.68,-29.28,-43.92
-14.64,-78.08,-63.44,48.8,24.4,-73.2,-48.8,-58.56,-82.96,-58.56,-34.16,-48.8
-19.52,-58.56,-39.04,39.04,9.76,-48.8,-48.8,-63.44,-87.84,-63.44,-29.28,-48.8
-29.28,-78.08,-48.8,53.68,9.76,-63.44,-34.16,-48.8,-73.2,-48.8,-19.52,-43.92
-24.4,-87.84,-63.44,58.56,19.52,-78.08,-29.28,-48.8,-73.2,-48.8,-19.52,-39.04
-14.64,-53.68,-39.04,34.16,9.76,-48.8,-43.92,-58.56,-78.08,-53.68,-24.4,-43.92
-9.76,-48.8,-39.04,29.28,14.64,-43.92,-58.56,-73.2,-92.72,-63.44,-43.92,-58.56
-9.76,-82.96,-73.2,48.8,29.28,-78.08,-48.8,-63.44,-87.84,-58.56,-29.28,-48.8
9.76,-73.2,-82.96,34.16,43.92,-78.08,-58.56,-68.32,-92.72,-58.56,-29.28,-53.68
9.76,-48.8,-58.56,19.52,34.16,-53.68,-58.56,-78.08,-97.6,-68.32,-39.04,-53.68
-4.88,-29.28,-24.4,19.52,9.76,-29.28,-53.68,-73.2,-97.6,-58.56,-34.16,-53.68
-43.92,-48.8,-4.88,48.8,-19.52,-29.28,-43.92,-53.68,-78.08,-43.92,-24.4,-34.16
-53.68,-63.44,-9.76,58.56,-24.4,-39.04,-29.28,-43.92,-68.32,-34.16,-9.76,-19.52
-58.56,-73.2,-14.64,68.32,-24.4,-43.92,-19.52,-34.16,-58.56,-24.4,0,-14.64
-39.04,-73.2,-34.16,58.56,-4.88,-53.68,-34.16,-43.92,-68.32,-29.28,-14.64,-29.28
-19.52,-39.04,-19.52,29.28,0,-29.28,-39.04,-48.8,-68.32,-39.04,-19.52,-34.16
-34.16,-34.16,0,34.16,-19.52,-19.52,-24.4,-43.92,-58.56,-29.28,-9.76,-19.52
-29.28,-29.28,0,29.28,-14.64,-14.64,-29.28,-39.04,-53.68,-24.4,-4.88,-24.4
-9.76,-9.76,0,9.76,-4.88,-4.88,-24.4,-39.04,-53.68,-19.52,4.88,-14.64
-4.88,0,4.88,4.88,-4.88,0,-24.4,-34.16,-53.68,-29.28,0,-14.64
9.76,9.76,0,-9.76,4.88,4.88,-19.52,-34.16,-58.56,-34.16,-4.88,-24.4
9.76,24.4,14.64,-14.64,-4.88,19.52,-19.52,-34.16,-58.56,-24.4,-4.88,-24.4
4.88,34.16,29.28,-19.52,-14.64,29.28,-24.4,-34.16,-58.56,-29.28,-9.76,-19.52
14.64,9.76,-4.88,-9.76,9.76,0,0,-19.52,-43.92,-19.52,4.88,-9.76
14.64,-14.64,-29.28,0,19.52,-24.4,19.52,-4.88,-29.28,-9.76,9.76,-9.76
-4.88,-14.64,-9.76,9.76,0,-14.64,29.28,-4.88,-29.28,-9.76,9.76,-9.76
0,0,0,0,0,0,43.92,0,-24.4,-9.76,9.76,-9.76
-9.76,14.64,24.4,0,-19.52,19.52,58.56,9.76,-9.76,4.88,14.64,0
4.88,19.52,14.64,-9.76,-4.88,14.64,73.2,34.16,9.76,19.52,34.16,9.76
4.88,48.8,43.92,-24.4,-19.52,43.92,82.96,48.8,14.64,29.28,43.92,19.52
4.88,48.8,43.92,-24.4,-19.52,43.92,68.32,43.92,14.64,24.4,43.92,14.64
9.76,43.92,34.16,-24.4,-14.64,39.04,48.8,34.16,14.64,29.28,48.8,24.4
24.4,43.92,19.52,-34.16,0,29.28,24.4,24.4,14.64,34.16,58.56,34.16
29.28,58.56,29.28,-43.92,0,43.92,0,9.76,9.76,34.16,63.44,34.16
19.52,63.44,43.92,-39.04,-14.64,53.68,-4.88,19.52,24.4,53.68,78.08,48.8
29.28,73.2,43.92,-48.8,-9.76,58.56,-24.4,14.64,19.52,58.56,78.08,53.68
58.56,78.08,19.52,-68.32,19.52,48.8,-58.56,-4.88,9.76,53.68,73.2,48.8
68.32,73.2,4.88,-68.32,29.28,39.04,-73.2,-19.52,0,43.92,68.32,39.04
43.92,53.68,9.76,-48.8,14.64,29.28,-73.2,-19.52,-4.88,43.92,68.32,53.68
34.16,58.56,24.4,-43.92,4.88,39.04,-73.2,-19.52,0,43.92,73.2,53.68
39.04,48.8,9.76,-43.92,14.64,29.28,-92.72,-39.04,-19.52,24.4,53.68,43.92
43.92,43.92,0,-43.92,19.52,19.52,-102.48,-53.68,-34.16,19.52,48.8,39.04
48.8,58.56,9.76,-53.68,19.52,34.16,-92.72,-43.92,-29.28,24.4,53.68,43.92
48.8,53.68,4.88,-48.8,19.52,29.28,-87.84,-43.92,-29.28,29.28,48.8,39.04
39.04,39.04,0,-39.04,19.52,19.52,-87.84,-43.92,-34.16,29.28,48.8,39.04
19.52,29.28,9.76,-24.4,4.88,19.52,-87.84,-53.68,-34.16,19.52,48.8,43.92
14.64,0,-14.64,-4.88,14.64,-9.76,-87.84,-58.56,-39.04,14.64,43.92,39.04
39.04,0,-39.04,-19.52,39.04,-19.52,-87.84,-68.32,-48.8,0,29.28,24.4
39.04,9.76,-29.28,-24.4,34.16,-9.76,-92.72,-73.2,-58.56,-9.76,24.4,19.52
39.04,24.4,-14.64,-29.28,24.4,4.88,-92.72,-73.2,-63.44,-9.76,24.4,29.28
48.8,14.64,-34.16,-29.28,39.04,-9.76,-82.96,-73.2,-63.44,-4.88,24.4,29.28
43.92,-9.76,-53.68,-14.64,48.8,-34.16,-92.72,-82.96,-82.96,-19.52,9.76,19.52
53.68,-14.64,-68.32,-19.52,58.56,-43.92,-102.48,-107.36,-102.48,-39.04,-9.76,4.88
39.04,-9.76,-48.8,-14.64,43.92,-29.28,-97.6,-102.48,-97.6,-34.16,-4.88,0
19.52,-4.88,-24.4,-4.88,19.52,-14.64,-97.6,-107.36,-97.6,-39.04,-9.76,-4.88
24.4,-14.64,-39.04,-4.88,29.28,-29.28,-87.84,-102.48,-92.72,-34.16,-4.88,4.88
19.52,-19.52,-39.04,0,29.28,-29.28,-92.72,-102.48,-92.72,-34.16,-9.76,-4.88
-4.88,-24.4,-19.52,14.64,4.88,-24.4,-82.96,-97.6,-82.96,-34.16,-9.76,-9.76
-9.76,-29.28,-19.52,19.52,4.88,-24.4,-73.2,-97.6,-87.84,-34.16,-14.64,-4.88
-29.28,-34.16,-4.88,34.16,-14.64,-19.52,-78.08,-102.48,-92.72,-48.8,-24.4,-19.52
-53.68,-39.04,14.64,48.8,-34.16,-14.64,-68.32,-97.6,-87.84,-48.8,-19.52,-14.64
-48.8,-19.52,29.28,34.16,-39.04,4.88,-73.2,-97.6,-92.72,-58.56,-29.28,-24.4
-43.92,-53.68,-9.76,48.8,-19.52,-34.16,-68.32,-102.48,-102.48,-63.44,-29.28,-24.4
-43.92,-68.32,-24.4,58.56,-9.76,-48.8,-58.56,-97.6,-97.6,-53.68,-24.4,-19.52
-19.52,-58.56,-39.04,39.04,9.76,-48.8,-68.32,-112.24,-107.36,-63.44,-34.16,-34.16
-9.76,-63.44,-53.68,39.04,19.52,-58.56,-73.2,-112.24,-117.12,-73.2,-39.04,-34.16
-14.64,-68.32,-53.68,43.92,19.52,-63.44,-87.84,-126.88,-131.76,-82.96,-53.68,-48.8
-24.4,-87.84,-63.44,58.56,19.52,-78.08,-78.08,-112.24,-117.12,-73.2,-39.04,-34.16
-24.4,-102.48,-78.08,63.44,24.4,-92.72,-68.32,-102.48,-107.36,-58.56,-29.28,-29.28
-29.28,-73.2,-43.92,53.68,4.88,-58.56,-87.84,-112.24,-117.12,-73.2,-39.04,-29.28
-24.4,-82.96,-58.56,53.68,14.64,-73.2,-87.84,-122,-122,-73.2,-39.04,-39.04
-9.76,-73.2,-63.44,43.92,24.4,-68.32,-87.84,-126.88,-122,-78.08,-43.92,-39.04
-19.52,-63.44,-43.92,43.92,9.76,-53.68,-82.96,-117.12,-117.12,-68.32,-34.16,-34.16
0,-63.44,-63.44,34.16,29.28,-63.44,-82.96,-122,-122,-73.2,-39.04,-39.04
-19.52,-53.68,-34.16,39.04,4.88,-43.92,-73.2,-112.24,-112.24,-63.44,-29.28,-29.28
-53.68,-58.56,-4.88,58.56,-24.4,-34.16,-68.32,-107.36,-107.36,-58.56,-19.52,-19.52
-63.44,-63.44,0,63.44,-34.16,-34.16,-58.56,-102.48,-102.48,-53.68,-14.64,-14.64
-39.04,-53.68,-14.64,48.8,-14.64,-34.16,-73.2,-112.24,-112.24,-63.44,-29.28,-24.4
-29.28,-58.56,-29.28,43.92,0,-43.92,-78.08,-122,-117.12,-68.32,-29.28,-24.4
-24.4,-48.8,-24.4,39.04,0,-39.04,-78.08,-117.12,-117.12,-73.2,-29.28,-24.4
-39.04,-58.56,-19.52,48.8,-9.76,-39.04,-78.08,-117.12,-117.12,-73.2,-34.16,-24.4
-43.92,-68.32,-24.4,58.56,-9.76,-48.8,-73.2,-117.12,-107.36,-63.44,-29.28,-19.52
-34.16,-58.56,-24.4,48.8,-4.88,-43.92,-73.2,-117.12,-112.24,-68.32,-24.4,-24.4
-43.92,-58.56,-14.64,53.68,-14.64,-39.04,-63.44,-112.24,-102.48,-63.44,-24.4,-29.28
-43.92,-48.8,-4.88,48.8,-19.52,-29.28,-68.32,-112.24,-112.24,-63.44,-29.28,-39.04
-48.8,-43.92,4.88,48.8,-29.28,-19.52,-68.32,-102.48,-112.24,-68.32,-39.04,-43.92
-53.68,-48.8,4.88,53.68,-29.28,-24.4,-53.68,-73.2,-87.84,-73.2,-48.8,-58.56
-48.8,-43.92,4.88,48.8,-29.28,-19.52,-24.4,-24.4,-53.68,-82.96,-73.2,-87.84
-58.56,-34.16,24.4,48.8,-43.92,-4.88,24.4,43.92,-14.64,-102.48,-112.24,-126.88
-92.72,-9.76,82.96,53.68,-87.84,34.16,102.48,156.16,68.32,-117.12,-146.4,-161.04
-126.88,43.92,170.8,43.92,-151.28,107.36,195.2,336.72,200.08,-97.6,-165.92,-190.32
-151.28,87.84,239.12,34.16,-195.2,161.04,273.28,527.04,346.48,-58.56,-165.92,-214.72
-146.4,131.76,278.16,9.76,-214.72,204.96,336.72,702.72,502.64,19.52,-102.48,-175.68
-136.64,165.92,302.56,-14.64,-219.6,234.24,385.52,829.6,634.4,122,-19.52,-117.12
-112.24,161.04,273.28,-24.4,-195.2,214.72,409.92,902.8,727.12,248.88,102.48,-29.28
-39.04,214.72,253.76,-87.84,-146.4,234.24,375.76,849.12,751.52,405.04,278.16,102.48
48.8,287.92,239.12,-165.92,-97.6,263.52,283.04,727.12,775.92,649.04,531.92,292.8
165.92,366,200.08,-263.52,-19.52,283.04,180.56,575.84,834.48,990.64,858.88,546.56
287.92,488,200.08,-385.52,43.92,341.6,29.28,307.44,844.24,1415.2,1273.68,854
405.04,614.88,209.84,-507.52,97.6,409.92,-165.92,-58.56,780.8,1849.52,1712.88,1180.96
522.16,780.8,258.64,-649.04,131.76,517.28,-395.28,-448.96,717.36,2303.36,2191.12,1576.24
624.64,912.56,287.92,-766.16,165.92,600.24,-595.36,-683.2,795.44,2835.28,2659.6,1942.24
727.12,907.68,180.56,-814.96,273.28,541.68,-697.84,-775.92,932.08,3250.08,2952.4,2152.08
771.04,844.24,73.2,-805.2,346.48,458.72,-751.52,-849.12,878.4,3279.36,2957.28,2205.76
766.16,673.44,-92.72,-717.36,429.44,287.92,-785.68,-985.76,649.04,2971.92,2698.64,2069.12
702.72,483.12,-219.6,-590.48,458.72,131.76,-819.84,-1146.8,292.8,2449.76,2283.84,1839.76
546.56,366,-180.56,-453.84,361.12,92.72,-839.36,-1322.48,-190.32,1639.68,1688.48,1517.68
424.56,312.32,-112.24,-366,268.4,97.6,-888.16,-1498.16,-732,771.04,1078.48,1176.08
336.72,302.56,-34.16,-317.2,185.44,131.76,-932.08,-1625.04,-1190.72,39.04,590.48,893.04
224.48,234.24,9.76,-229.36,107.36,122,-902.8,-1610.4,-1410.32,-453.84,190.32,614.88
141.52,107.36,-34.16,-122,87.84,34.16,-810.08,-1493.28,-1405.44,-634.4,-43.92,400.16
82.96,19.52,-63.44,-48.8,73.2,-24.4,-727.12,-1312.72,-1249.28,-629.52,-180.56,200.08
53.68,-53.68,-107.36,0,78.08,-82.96,-663.68,-1127.28,-1073.6,-590.48,-248.88,68.32
58.56,-102.48,-161.04,24.4,107.36,-131.76,-610,-951.6,-902.8,-502.64,-239.12,24.4
73.2,-102.48,-175.68,14.64,122,-141.52,-556.32,-810.08,-761.28,-439.2,-214.72,9.76
73.2,-112.24,-185.44,19.52,126.88,-151.28,-502.64,-712.48,-673.44,-395.28,-204.96,0
78.08,-112.24,-190.32,19.52,131.76,-151.28,-429.44,-605.12,-575.84,-326.96,-170.8,9.76
58.56,-78.08,-136.64,9.76,97.6,-107.36,-356.24,-473.36,-463.6,-253.76,-117.12,24.4
39.04,-43.92,-82.96,4.88,58.56,-63.44,-287.92,-356.24,-366,-204.96,-92.72,24.4
14.64,-29.28,-43.92,9.76,29.28,-39.04,-214.72,-258.64,-278.16,-151.28,-63.44,19.52
-9.76,-43.92,-34.16,29.28,9.76,-39.04,-170.8,-195.2,-219.6,-122,-53.68,9.76
-9.76,-53.68,-43.92,34.16,14.64,-48.8,-117.12,-126.88,-161.04,-102.48,-53.68,-4.88
-4.88,-34.16,-29.28,19.52,9.76,-34.16,-87.84,-87.84,-136.64,-92.72,-53.68,-14.64
-14.64,-48.8,-34.16,34.16,9.76,-43.92,-68.32,-63.44,-112.24,-87.84,-58.56,-19.52
-29.28,-53.68,-24.4,43.92,-4.88,-39.04,-43.92,-34.16,-82.96,-78.08,-53.68,-29.28
-39.04,-63.44,-24.4,53.68,-9.76,-43.92,-34.16,-19.52,-68.32,-82.96,-58.56,-39.04
-58.56,-63.44,-4.88,63.44,-29.28,-34.16,-24.4,-4.88,-63.44,-78.08,-58.56,-29.28
-48.8,-58.56,-9.76,53.68,-19.52,-34.16,-19.52,4.88,-53.68,-82.96,-58.56,-34.16
-53.68,-68.32,-14.64,63.44,-19.52,-43.92,-9.76,14.64,-53.68,-87.84,-63.44,-43.92
-34.16,-82.96,-48.8,58.56,4.88,-68.32,-9.76,24.4,-53.68,-82.96,-68.32,-48.8
-14.64,-63.44,-48.8,39.04,14.64,-58.56,-9.76,24.4,-58.56,-92.72,-82.96,-53.68
-29.28,-43.92,-14.64,39.04,-9.76,-29.28,-4.88,29.28,-43.92,-97.6,-78.08,-63.44
-34.16,-48.8,-14.64,43.92,-9.76,-34.16,4.88,48.8,-24.4,-78.08,-68.32,-58.56
-43.92,-68.32,-24.4,58.56,-9.76,-48.8,14.64,53.68,-9.76,-63.44,-58.56,-53.68
-97.6,-68.32,29.28,82.96,-63.44,-19.52,29.28,73.2,14.64,-53.68,-48.8,-48.8
-117.12,-82.96,34.16,102.48,-78.08,-24.4,43.92,87.84,29.28,-43.92,-39.04,-43.92
-78.08,-73.2,4.88,78.08,-43.92,-34.16,24.4,68.32,9.76,-53.68,-58.56,-63.44
-78.08,-68.32,9.76,73.2,-43.92,-29.28,29.28,82.96,19.52,-48.8,-53.68,-58.56
-73.2,-63.44,9.76,68.32,-43.92,-29.28,29.28,97.6,24.4,-43.92,-48.8,-58.56
-78.08,-92.72,-14.64,87.84,-34.16,-53.68,53.68,112.24,24.4,-34.16,-39.04,-48.8
-82.96,-92.72,-9.76,87.84,-39.04,-53.68,68.32,122,29.28,-34.16,-43.92,-48.8
-82.96,-82.96,0,82.96,-43.92,-43.92,68.32,122,34.16,-43.92,-48.8,-58.56
-87.84,-82.96,4.88,87.84,-48.8,-39.04,68.32,131.76,43.92,-34.16,-43.92,-53.68
-92.72,-73.2,19.52,82.96,-58.56,-29.28,68.32,126.88,43.92,-29.28,-39.04,-48.8
-63.44,-78.08,-14.64,73.2,-24.4,-48.8,53.68,107.36,39.04,-39.04,-48.8,-63.44
-48.8,-63.44,-14.64,58.56,-19.52,-39.04,48.8,102.48,39.04,-43.92,-53.68,-68.32
-63.44,-48.8,14.64,58.56,-39.04,-19.52,48.8,107.36,43.92,-29.28,-43.92,-53.68
-68.32,-48.8,19.52,58.56,-43.92,-14.64,43.92,107.36,39.04,-34.16,-48.8,-63.44
-58.56,-68.32,-9.76,63.44,-24.4,-39.04,53.68,122,48.8,-24.4,-39.04,-53.68
-58.56,-78.08,-19.52,68.32,-19.52,-48.8,58.56,136.64,48.8,-19.52,-34.16,-53.68
-58.56,-68.32,-9.76,63.44,-24.4,-39.04,58.56,141.52,48.8,-24.4,-39.04,-53.68
-68.32,-58.56,9.76,63.44,-39.04,-24.4,68.32,136.64,43.92,-34.16,-48.8,-73.2
-82.96,-53.68,29.28,68.32,-58.56,-14.64,73.2,131.76,43.92,-39.04,-58.56,-73.2
-87.84,-73.2,14.64,82.96,-53.68,-29.28,87.84,141.52,58.56,-29.28,-53.68,-63.44
-63.44,-63.44,0,63.44,-34.16,-34.16,73.2,126.88,58.56,-39.04,-63.44,-68.32
-92.72,-43.92,48.8,68.32,-73.2,0,78.08,136.64,68.32,-34.16,-53.68,-68.32
-107.36,-29.28,78.08,68.32,-92.72,24.4,82.96,141.52,73.2,-19.52,-39.04,-48.8
-87.84,-34.16,53.68,63.44,-73.2,9.76,78.08,146.4,68.32,-24.4,-43.92,-53.68
-73.2,-63.44,9.76,68.32,-43.92,-29.28,87.84,161.04,73.2,-9.76,-34.16,-43.92
-68.32,-68.32,0,68.32,-34.16,-34.16,92.72,170.8,73.2,-9.76,-29.28,-39.04
-102.48,-78.08,24.4,92.72,-63.44,-29.28,92.72,175.68,82.96,-4.88,-24.4,-34.16
-102.48,-92.72,9.76,97.6,-58.56,-43.92,97.6,185.44,92.72,0,-24.4,-39.04
-92.72,-73.2,19.52,82.96,-58.56,-29.28,87.84,180.56,87.84,-9.76,-39.04,-48.8
-102.48,-58.56,43.92,82.96,-73.2,-9.76,87.84,170.8,87.84,-9.76,-39.04,-48.8
-107.36,-73.2,34.16,92.72,-73.2,-19.52,82.96,165.92,92.72,-14.64,-39.04,-53.68
-92.72,-87.84,4.88,92.72,-48.8,-43.92,82.96,170.8,92.72,-14.64,-43.92,-63.44
-82.96,-82.96,0,82.96,-43.92,-43.92,87.84,175.68,97.6,-4.88,-34.16,-53.68
-78.08,-82.96,-4.88,82.96,-39.04,-43.92,92.72,185.44,102.48,-4.88,-34.16,-58.56
-97.6,-78.08,19.52,87.84,-58.56,-29.28,92.72,200.08,112.24,-9.76,-34.16,-53.68
-107.36,-68.32,39.04,87.84,-73.2,-14.64,102.48,214.72,117.12,0,-34.16,-43.92
-102.48,-78.08,24.4,92.72,-63.44,-29.28,97.6,204.96,107.36,-4.88,-39.04,-48.8
-73.2,-78.08,-4.88,78.08,-34.16,-43.92,92.72,204.96,102.48,-19.52,-43.92,-63.44
-58.56,-68.32,-9.76,63.44,-24.4,-39.04,87.84,204.96,107.36,-14.64,-43.92,-68.32
-73.2,-73.2,0,73.2,-39.04,-39.04,92.72,200.08,107.36,-19.52,-53.68,-73.2
-73.2,-78.08,-4.88,78.08,-34.16,-43.92,97.6,204.96,122,-19.52,-48.8,-73.2
-63.44,-63.44,0,63.44,-34.16,-34.16,92.72,204.96,117.12,-24.4,-58.56,-87.84
-63.44,-58.56,4.88,63.44,-34.16,-29.28,87.84,204.96,112.24,-24.4,-58.56,-87.84
-68.32,-53.68,14.64,63.44,-43.92,-19.52,92.72,219.6,117.12,-19.52,-58.56,-87.84
-78.08,-78.08,0,78.08,-39.04,-39.04,102.48,234.24,126.88,-9.76,-53.68,-78.08
-78.08,-97.6,-19.52,87.84,-29.28,-58.56,97.6,244,131.76,-9.76,-43.92,-73.2
-78.08,-78.08,0,78.08,-39.04,-39.04,107.36,248.88,141.52,0,-39.04,-68.32
-68.32,-68.32,0,68.32,-34.16,-34.16,97.6,234.24,131.76,-9.76,-48.8,-82.96
-68.32,-68.32,0,68.32,-34.16,-34.16,92.72,234.24,131.76,-9.76,-48.8,-82.96
-73.2,-73.2,0,73.2,-39.04,-39.04,97.6,244,141.52,-4.88,-39.04,-73.2
-68.32,-82.96,-14.64,78.08,-29.28,-48.8,92.72,234.24,141.52,-14.64,-53.68,-78.08
-48.8,-82.96,-34.16,68.32,-9.76,-58.56,97.6,239.12,146.4,-14.64,-53.68,-78.08
-48.8,-87.84,-39.04,68.32,-4.88,-63.44,97.6,248.88,151.28,-4.88,-53.68,-73.2
-34.16,-92.72,-58.56,63.44,9.76,-78.08,102.48,253.76,156.16,-4.88,-48.8,-73.2
-14.64,-68.32,-53.68,43.92,19.52,-63.44,87.84,253.76,146.4,-14.64,-63.44,-87.84
-19.52,-63.44,-43.92,43.92,9.76,-53.68,87.84,263.52,146.4,-14.64,-58.56,-82.96
-4.88,-68.32,-63.44,39.04,29.28,-68.32,92.72,273.28,151.28,-9.76,-58.56,-82.96
0,-68.32,-68.32,34.16,34.16,-68.32,87.84,273.28,156.16,-14.64,-63.44,-92.72
-14.64,-68.32,-53.68,43.92,19.52,-63.44,87.84,283.04,161.04,-9.76,-63.44,-102.48
-9.76,-58.56,-48.8,34.16,19.52,-53.68,97.6,283.04,170.8,-9.76,-63.44,-97.6
-43.92,-68.32,-24.4,58.56,-9.76,-48.8,107.36,297.68,190.32,9.76,-48.8,-87.84
-48.8,-68.32,-19.52,58.56,-14.64,-43.92,102.48,302.56,185.44,0,-53.68,-92.72
-14.64,-43.92,-29.28,29.28,4.88,-39.04,87.84,292.8,180.56,-9.76,-63.44,-97.6
-4.88,-14.64,-9.76,9.76,0,-14.64,78.08,292.8,170.8,-19.52,-68.32,-107.36
-4.88,-19.52,-14.64,14.64,4.88,-19.52,78.08,292.8,175.68,-14.64,-73.2,-112.24
-4.88,-39.04,-34.16,24.4,14.64,-39.04,97.6,322.08,195.2,4.88,-53.68,-92.72
-39.04,-48.8,-9.76,43.92,-14.64,-29.28,112.24,341.6,209.84,19.52,-39.04,-87.84
-34.16,-48.8,-14.64,43.92,-9.76,-34.16,112.24,361.12,219.6,19.52,-39.04,-82.96
0,-39.04,-39.04,19.52,19.52,-39.04,97.6,351.36,219.6,14.64,-48.8,-92.72
-9.76,-39.04,-29.28,24.4,9.76,-34.16,102.48,356.24,229.36,19.52,-48.8,-87.84
-9.76,-29.28,-19.52,19.52,4.88,-24.4,87.84,361.12,239.12,14.64,-53.68,-92.72
0,-34.16,-34.16,19.52,14.64,-34.16,92.72,366,234.24,9.76,-58.56,-102.48
9.76,-34.16,-43.92,14.64,24.4,-39.04,97.6,366,239.12,14.64,-58.56,-97.6
4.88,-29.28,-34.16,14.64,19.52,-34.16,97.6,380.64,248.88,19.52,-58.56,-97.6
-19.52,-34.16,-14.64,29.28,-4.88,-24.4,112.24,405.04,258.64,19.52,-58.56,-97.6
0,-29.28,-29.28,14.64,14.64,-29.28,107.36,414.8,263.52,14.64,-68.32,-112.24
9.76,-19.52,-29.28,4.88,19.52,-24.4,107.36,424.56,263.52,14.64,-73.2,-117.12
19.52,-9.76,-29.28,-4.88,24.4,-19.52,112.24,439.2,268.4,14.64,-73.2,-117.12
4.88,9.76,4.88,-4.88,0,4.88,122,448.96,283.04,19.52,-68.32,-112.24
-9.76,4.88,14.64,4.88,-14.64,9.76,112.24,463.6,292.8,19.52,-68.32,-112.24
-9.76,14.64,24.4,0,-19.52,19.52,112.24,463.6,297.68,19.52,-73.2,-117.12
-4.88,53.68,58.56,-24.4,-34.16,53.68,112.24,463.6,297.68,14.64,-78.08,-126.88
4.88,73.2,68.32,-39.04,-34.16,68.32,97.6,468.48,297.68,9.76,-82.96,-141.52
0,78.08,78.08,-39.04,-39.04,78.08,107.36,483.12,312.32,19.52,-78.08,-136.64
-29.28,48.8,78.08,-9.76,-53.68,63.44,126.88,512.4,336.72,48.8,-58.56,-117.12
-19.52,29.28,48.8,-4.88,-34.16,39.04,131.76,541.68,351.36,63.44,-48.8,-97.6
14.64,39.04,24.4,-24.4,-4.88,29.28,131.76,551.44,361.12,58.56,-48.8,-97.6
14.64,43.92,29.28,-29.28,-9.76,34.16,122,561.2,361.12,53.68,-58.56,-107.36
19.52,58.56,39.04,-39.04,-9.76,48.8,126.88,570.96,370.88,48.8,-58.56,-107.36
24.4,68.32,43.92,-43.92,-9.76,53.68,117.12,580.72,375.76,43.92,-68.32,-117.12
24.4,68.32,43.92,-43.92,-9.76,53.68,117.12,590.48,385.52,43.92,-73.2,-122
43.92,73.2,29.28,-58.56,4.88,48.8,126.88,605.12,395.28,58.56,-68.32,-117.12
43.92,68.32,24.4,-53.68,9.76,43.92,126.88,610,400.16,63.44,-63.44,-107.36
43.92,73.2,29.28,-58.56,4.88,48.8,126.88,624.64,409.92,58.56,-68.32,-117.12
14.64,92.72,78.08,-53.68,-34.16,82.96,131.76,639.28,414.8,63.44,-68.32,-117.12
-9.76,78.08,87.84,-34.16,-48.8,82.96,146.4,663.68,429.44,68.32,-53.68,-107.36
-4.88,63.44,68.32,-29.28,-39.04,63.44,161.04,683.2,448.96,82.96,-43.92,-97.6
14.64,43.92,29.28,-29.28,-9.76,34.16,161.04,702.72,458.72,87.84,-43.92,-97.6
29.28,39.04,9.76,-34.16,9.76,24.4,141.52,688.08,453.84,78.08,-58.56,-107.36
43.92,48.8,4.88,-43.92,19.52,24.4,126.88,683.2,448.96,63.44,-68.32,-117.12
43.92,53.68,9.76,-48.8,14.64,29.28,126.88,688.08,453.84,58.56,-78.08,-122
48.8,68.32,19.52,-58.56,14.64,43.92,126.88,697.84,453.84,53.68,-87.84,-131.76
58.56,78.08,19.52,-68.32,19.52,48.8,126.88,697.84,453.84,48.8,-92.72,-131.76
34.16,63.44,29.28,-48.8,0,43.92,126.88,702.72,458.72,53.68,-92.72,-126.88
43.92,68.32,24.4,-53.68,9.76,43.92,136.64,717.36,468.48,58.56,-82.96,-126.88
58.56,53.68,-4.88,-53.68,29.28,24.4,131.76,717.36,458.72,58.56,-87.84,-126.88
68.32,39.04,-29.28,-53.68,48.8,4.88,126.88,712.48,458.72,53.68,-92.72,-122
63.44,53.68,-9.76,-58.56,34.16,19.52,126.88,717.36,463.6,58.56,-87.84,-117.12
29.28,43.92,14.64,-34.16,4.88,29.28,131.76,727.12,463.6,63.44,-87.84,-107.36
14.64,9.76,-4.88,-9.76,9.76,0,136.64,732,478.24,68.32,-78.08,-97.6
14.64,24.4,9.76,-19.52,0,14.64,131.76,722.24,468.48,63.44,-82.96,-102.48
29.28,43.92,14.64,-34.16,4.88,29.28,117.12,702.72,448.96,43.92,-102.48,-117.12
78.08,53.68,-24.4,-63.44,48.8,14.64,107.36,688.08,439.2,29.28,-112.24,-122
73.2,53.68,-19.52,-63.44,43.92,14.64,102.48,678.32,429.44,29.28,-112.24,-122
58.56,43.92,-14.64,-48.8,34.16,14.64,107.36,683.2,429.44,29.28,-102.48,-112.24
58.56,39.04,-19.52,-48.8,39.04,9.76,107.36,668.56,414.8,24.4,-112.24,-107.36
53.68,29.28,-24.4,-39.04,39.04,0,92.72,644.16,395.28,9.76,-117.12,-112.24
73.2,29.28,-43.92,-48.8,58.56,-9.76,87.84,634.4,385.52,0,-122,-112.24
82.96,39.04,-43.92,-58.56,63.44,-4.88,73.2,610,370.88,-4.88,-131.76,-117.12
73.2,14.64,-58.56,-43.92,63.44,-24.4,63.44,585.6,351.36,-14.64,-146.4,-117.12
73.2,24.4,-48.8,-48.8,58.56,-14.64,53.68,561.2,336.72,-19.52,-146.4,-117.12
53.68,34.16,-19.52,-43.92,34.16,4.88,43.92,541.68,326.96,-29.28,-146.4,-112.24
63.44,29.28,-34.16,-43.92,48.8,-4.88,43.92,527.04,326.96,-14.64,-136.64,-97.6
58.56,48.8,-9.76,-53.68,34.16,19.52,29.28,507.52,307.44,-24.4,-136.64,-102.48
53.68,53.68,0,-53.68,24.4,24.4,0,473.36,287.92,-34.16,-146.4,-112.24
73.2,19.52,-53.68,-43.92,63.44,-19.52,19.52,458.72,278.16,-24.4,-141.52,-102.48
78.08,9.76,-68.32,-43.92,73.2,-29.28,14.64,439.2,258.64,-34.16,-141.52,-112.24
73.2,9.76,-63.44,-39.04,68.32,-29.28,-4.88,405.04,234.24,-48.8,-151.28,-117.12
82.96,24.4,-58.56,-53.68,68.32,-19.52,-19.52,370.88,214.72,-53.68,-156.16,-117.12
82.96,24.4,-58.56,-53.68,68.32,-19.52,-39.04,341.6,195.2,-53.68,-151.28,-112.24
68.32,29.28,-39.04,-48.8,53.68,-4.88,-43.92,307.44,180.56,-48.8,-146.4,-107.36
58.56,29.28,-29.28,-43.92,43.92,0,-48.8,287.92,175.68,-34.16,-136.64,-92.72
48.8,14.64,-34.16,-29.28,39.04,-9.76,-43.92,273.28,175.68,-24.4,-112.24,-73.2
58.56,4.88,-53.68,-29.28,53.68,-24.4,-53.68,253.76,161.04,-24.4,-102.48,-68.32
97.6,19.52,-78.08,-58.56,87.84,-29.28,-68.32,224.48,131.76,-39.04,-107.36,-73.2
97.6,19.52,-78.08,-58.56,87.84,-29.28,-73.2,195.2,117.12,-34.16,-97.6,-73.2
112.24,24.4,-87.84,-68.32,97.6,-34.16,-78.08,175.68,102.48,-34.16,-92.72,-73.2
107.36,0,-107.36,-53.68,107.36,-53.68,-82.96,146.4,82.96,-39.04,-97.6,-78.08
92.72,4.88,-87.84,-48.8,87.84,-43.92,-87.84,126.88,68.32,-43.92,-97.6,-78.08
58.56,24.4,-34.16,-39.04,43.92,-4.88,-87.84,112.24,58.56,-39.04,-92.72,-73.2
29.28,29.28,0,-29.28,14.64,14.64,-92.72,97.6,63.44,-24.4,-78.08,-68.32
39.04,19.52,-19.52,-29.28,29.28,0,-87.84,87.84,58.56,-9.76,-58.56,-58.56
53.68,4.88,-48.8,-29.28,48.8,-24.4,-97.6,63.44,34.16,-24.4,-63.44,-63.44
53.68,9.76,-43.92,-29.28,48.8,-19.52,-122,39.04,9.76,-34.16,-78.08,-82.96
29.28,19.52,-9.76,-24.4,19.52,4.88,-107.36,39.04,4.88,-24.4,-63.44,-73.2
19.52,24.4,4.88,-19.52,4.88,14.64,-97.6,34.16,0,-24.4,-58.56,-68.32
39.04,24.4,-14.64,-29.28,24.4,4.88,-107.36,19.52,-9.76,-24.4,-58.56,-73.2
48.8,39.04,-9.76,-43.92,29.28,14.64,-117.12,4.88,-19.52,-24.4,-58.56,-73.2
53.68,34.16,-19.52,-43.92,34.16,4.88,-126.88,-14.64,-39.04,-34.16,-63.44,-82.96
39.04,34.16,-4.88,-34.16,19.52,14.64,-122,-19.52,-39.04,-29.28,-53.68,-73.2
34.16,48.8,14.64,-39.04,9.76,29.28,-131.76,-34.16,-43.92,-34.16,-58.56,-78.08
29.28,43.92,14.64,-34.16,4.88,29.28,-131.76,-39.04,-48.8,-34.16,-58.56,-87.84
9.76,48.8,39.04,-29.28,-14.64,43.92,-131.76,-53.68,-53.68,-34.16,-53.68,-87.84
14.64,48.8,34.16,-29.28,-9.76,39.04,-131.76,-68.32,-68.32,-43.92,-63.44,-97.6
19.52,29.28,9.76,-24.4,4.88,19.52,-122,-63.44,-73.2,-43.92,-53.68,-92.72
34.16,34.16,0,-34.16,14.64,14.64,-102.48,-58.56,-73.2,-34.16,-39.04,-78.08
43.92,43.92,0,-43.92,19.52,19.52,-112.24,-68.32,-82.96,-34.16,-34.16,-78.08
58.56,53.68,-4.88,-53.68,29.28,24.4,-131.76,-78.08,-97.6,-43.92,-34.16,-78.08
58.56,68.32,9.76,-63.44,24.4,39.04,-146.4,-92.72,-112.24,-48.8,-43.92,-82.96
29.28,97.6,68.32,-63.44,-19.52,82.96,-151.28,-107.36,-117.12,-48.8,-48.8,-82.96
24.4,92.72,68.32,-58.56,-24.4,78.08,-146.4,-102.48,-107.36,-43.92,-39.04,-78.08
14.64,48.8,34.16,-29.28,-9.76,39.04,-126.88,-87.84,-102.48,-29.28,-24.4,-63.44
9.76,48.8,39.04,-29.28,-14.64,43.92,-131.76,-87.84,-112.24,-39.04,-39.04,-73.2
9.76,58.56,48.8,-34.16,-19.52,53.68,-131.76,-102.48,-117.12,-58.56,-53.68,-82.96
0,48.8,48.8,-24.4,-24.4,48.8,-126.88,-92.72,-117.12,-63.44,-58.56,-87.84
4.88,43.92,39.04,-24.4,-19.52,39.04,-117.12,-92.72,-122,-63.44,-63.44,-87.84
9.76,39.04,29.28,-24.4,-9.76,34.16,-117.12,-87.84,-117.12,-53.68,-53.68,-82.96
-4.88,43.92,48.8,-19.52,-29.28,43.92,-117.12,-87.84,-112.24,-58.56,-53.68,-87.84
14.64,58.56,43.92,-34.16,-14.64,48.8,-122,-87.84,-117.12,-58.56,-53.68,-92.72
29.28,63.44,34.16,-43.92,-4.88,48.8,-126.88,-107.36,-126.88,-73.2,-58.56,-97.6
39.04,58.56,19.52,-48.8,9.76,39.04,-126.88,-107.36,-126.88,-73.2,-58.56,-97.6
0,53.68,53.68,-24.4,-29.28,53.68,-117.12,-82.96,-107.36,-48.8,-34.16,-82.96
-29.28,48.8,78.08,-9.76,-53.68,63.44,-122,-82.96,-112.24,-43.92,-24.4,-73.2
-24.4,58.56,82.96,-14.64,-53.68,68.32,-122,-82.96,-112.24,-53.68,-39.04,-78.08
4.88,63.44,58.56,-34.16,-29.28,58.56,-131.76,-87.84,-131.76,-78.08,-63.44,-102.48
9.76,48.8,39.04,-29.28,-14.64,43.92,-131.76,-102.48,-146.4,-87.84,-78.08,-126.88
-4.88,43.92,48.8,-19.52,-29.28,43.92,-117.12,-92.72,-136.64,-82.96,-68.32,-117.12
-34.16,39.04,73.2,0,-53.68,53.68,-107.36,-78.08,-122,-68.32,-63.44,-107.36
-24.4,48.8,73.2,-9.76,-48.8,58.56,-107.36,-78.08,-122,-78.08,-63.44,-102.48
9.76,63.44,53.68,-34.16,-24.4,58.56,-107.36,-87.84,-126.88,-82.96,-68.32,-102.48
24.4,68.32,43.92,-43.92,-9.76,53.68,-122,-97.6,-131.76,-87.84,-73.2,-107.36
24.4,78.08,53.68,-48.8,-14.64,63.44,-126.88,-102.48,-136.64,-92.72,-73.2,-112.24
4.88,68.32,63.44,-34.16,-29.28,63.44,-117.12,-92.72,-126.88,-87.84,-68.32,-107.36
-9.76,63.44,73.2,-24.4,-43.92,68.32,-107.36,-82.96,-117.12,-82.96,-68.32,-102.48
9.76,68.32,58.56,-39.04,-24.4,63.44,-112.24,-82.96,-117.12,-87.84,-73.2,-107.36
24.4,73.2,48.8,-48.8,-14.64,58.56,-117.12,-78.08,-112.24,-82.96,-68.32,-107.36
9.76,63.44,53.68,-34.16,-24.4,58.56,-107.36,-73.2,-112.24,-78.08,-68.32,-107.36
24.4,68.32,43.92,-43.92,-9.76,53.68,-112.24,-82.96,-122,-92.72,-92.72,-117.12
29.28,63.44,34.16,-43.92,-4.88,48.8,-112.24,-78.08,-122,-87.84,-87.84,-122
14.64,53.68,39.04,-34.16,-14.64,43.92,-102.48,-68.32,-107.36,-78.08,-73.2,-112.24
-9.76,58.56,68.32,-24.4,-39.04,63.44,-97.6,-63.44,-92.72,-68.32,-63.44,-102.48
-19.52,87.84,107.36,-34.16,-63.44,97.6,-102.48,-63.44,-92.72,-73.2,-58.56,-97.6
-9.76,92.72,102.48,-39.04,-58.56,97.6,-92.72,-63.44,-92.72,-63.44,-53.68,-92.72
-9.76,82.96,92.72,-34.16,-53.68,87.84,-92.72,-63.44,-92.72,-63.44,-48.8,-82.96
-4.88,87.84,92.72,-39.04,-48.8,87.84,-112.24,-58.56,-92.72,-63.44,-53.68,-87.84
34.16,82.96,48.8,-58.56,-9.76,63.44,-107.36,-58.56,-92.72,-63.44,-48.8,-82.96
53.68,82.96,29.28,-68.32,9.76,53.68,-112.24,-63.44,-97.6,-63.44,-48.8,-82.96
43.92,78.08,34.16,-58.56,4.88,53.68,-107.36,-53.68,-87.84,-58.56,-48.8,-78.08
29.28,68.32,39.04,-48.8,-4.88,53.68,-107.36,-58.56,-92.72,-58.56,-48.8,-82.96
24.4,63.44,39.04,-43.92,-9.76,48.8,-112.24,-68.32,-87.84,-58.56,-43.92,-82.96
4.88,68.32,63.44,-34.16,-29.28,63.44,-107.36,-58.56,-73.2,-48.8,-43.92,-78.08
-14.64,68.32,82.96,-24.4,-48.8,73.2,-102.48,-53.68,-73.2,-43.92,-48.8,-82.96
-9.76,68.32,78.08,-29.28,-43.92,73.2,-97.6,-43.92,-63.44,-34.16,-34.16,-78.08
-19.52,87.84,107.36,-34.16,-63.44,97.6,-97.6,-43.92,-53.68,-29.28,-34.16,-78.08
-14.64,97.6,112.24,-39.04,-63.44,102.48,-107.36,-48.8,-63.44,-43.92,-48.8,-92.72
9.76,117.12,107.36,-63.44,-48.8,112.24,-107.36,-48.8,-73.2,-53.68,-58.56,-92.72
14.64,102.48,87.84,-58.56,-39.04,92.72,-102.48,-43.92,-73.2,-58.56,-58.56,-87.84
14.64,82.96,68.32,-48.8,-29.28,73.2,-97.6,-39.04,-68.32,-53.68,-63.44,-92.72
4.88,68.32,63.44,-34.16,-29.28,63.44,-87.84,-19.52,-39.04,-29.28,-39.04,-73.2
-9.76,68.32,78.08,-29.28,-43.92,73.2,-82.96,-24.4,-39.04,-19.52,-29.28,-73.2
-4.88,73.2,78.08,-34.16,-43.92,73.2,-92.72,-29.28,-43.92,-29.28,-29.28,-78.08
0,82.96,82.96,-39.04,-43.92,82.96,-97.6,-34.16,-39.04,-14.64,-24.4,-78.08
0,87.84,87.84,-43.92,-43.92,87.84,-107.36,-43.92,-48.8,-24.4,-24.4,-78.08
9.76,87.84,78.08,-48.8,-34.16,82.96,-102.48,-34.16,-39.04,-9.76,-9.76,-63.44
0,68.32,68.32,-34.16,-34.16,68.32,-97.6,-19.52,-24.4,4.88,0,-53.68
-14.64,63.44,78.08,-24.4,-48.8,68.32,-82.96,-14.64,-29.28,9.76,0,-48.8
0,92.72,92.72,-43.92,-48.8,92.72,-82.96,-14.64,-34.16,4.88,-4.88,-53.68
9.76,102.48,92.72,-53.68,-43.92,97.6,-92.72,-24.4,-34.16,0,-14.64,-68.32
9.76,102.48,92.72,-53.68,-43.92,97.6,-92.72,-19.52,-24.4,14.64,-4.88,-73.2
14.64,107.36,92.72,-58.56,-39.04,97.6,-107.36,-29.28,-29.28,4.88,-9.76,-78.08
29.28,107.36,78.08,-68.32,-24.4,92.72,-112.24,-34.16,-39.04,-19.52,-24.4,-82.96
39.04,112.24,73.2,-73.2,-19.52,92.72,-112.24,-34.16,-39.04,-9.76,-24.4,-82.96
39.04,97.6,58.56,-68.32,-9.76,78.08,-107.36,-34.16,-34.16,-4.88,-14.64,-68.32
43.92,87.84,43.92,-63.44,0,63.44,-107.36,-34.16,-34.16,0,-14.64,-68.32
43.92,82.96,39.04,-63.44,0,58.56,-92.72,-24.4,-24.4,9.76,-4.88,-68.32
24.4,78.08,53.68,-48.8,-14.64,63.44,-92.72,-24.4,-29.28,14.64,0,-68.32
19.52,73.2,53.68,-43.92,-19.52,63.44,-92.72,-24.4,-24.4,19.52,4.88,-68.32
19.52,87.84,68.32,-53.68,-24.4,78.08,-92.72,-24.4,-24.4,14.64,-9.76,-68.32
39.04,87.84,48.8,-63.44,-4.88,68.32,-97.6,-24.4,-29.28,4.88,-14.64,-78.08
34.16,92.72,58.56,-63.44,-14.64,73.2,-92.72,-29.28,-34.16,9.76,-9.76,-73.2
29.28,97.6,68.32,-63.44,-19.52,82.96,-102.48,-34.16,-34.16,0,-9.76,-73.2
19.52,107.36,87.84,-63.44,-34.16,97.6,-112.24,-39.04,-34.16,4.88,-9.76,-78.08
48.8,92.72,43.92,-68.32,0,68.32,-112.24,-53.68,-43.92,-4.88,-14.64,-82.96
63.44,73.2,9.76,-68.32,24.4,39.04,-122,-58.56,-43.92,-9.76,-19.52,-82.96
82.96,82.96,0,-82.96,39.04,39.04,-122,-58.56,-48.8,-9.76,-19.52,-82.96
68.32,78.08,9.76,-73.2,29.28,43.92,-107.36,-58.56,-53.68,0,-4.88,-73.2
39.04,73.2,34.16,-53.68,0,53.68,-102.48,-53.68,-48.8,4.88,4.88,-63.44
0,82.96,82.96,-39.04,-43.92,82.96,-92.72,-39.04,-34.16,24.4,19.52,-43.92
-14.64,73.2,87.84,-29.28,-53.68,78.08,-78.08,-34.16,-29.28,19.52,19.52,-39.04
4.88,58.56,53.68,-29.28,-24.4,53.68,-87.84,-34.16,-24.4,24.4,24.4,-34.16
19.52,68.32,48.8,-43.92,-14.64,58.56,-92.72,-39.04,-24.4,24.4,14.64,-39.04
9.76,68.32,58.56,-39.04,-24.4,63.44,-87.84,-43.92,-34.16,19.52,9.76,-53.68
24.4,68.32,43.92,-43.92,-9.76,53.68,-87.84,-48.8,-39.04,4.88,-4.88,-63.44
9.76,68.32,58.56,-39.04,-24.4,63.44,-82.96,-53.68,-39.04,0,-14.64,-78.08
19.52,68.32,48.8,-43.92,-14.64,58.56,-92.72,-58.56,-53.68,-4.88,-24.4,-97.6
24.4,78.08,53.68,-48.8,-14.64,63.44,-92.72,-58.56,-63.44,-14.64,-29.28,-97.6
24.4,68.32,43.92,-43.92,-9.76,53.68,-87.84,-58.56,-63.44,-19.52,-24.4,-82.96
0,48.8,48.8,-24.4,-24.4,48.8,-78.08,-43.92,-53.68,-9.76,-14.64,-78.08
-9.76,53.68,63.44,-19.52,-39.04,58.56,-73.2,-39.04,-48.8,4.88,0,-68.32
0,43.92,43.92,-19.52,-24.4,43.92,-78.08,-48.8,-48.8,0,-4.88,-73.2
19.52,53.68,34.16,-34.16,-9.76,43.92,-87.84,-58.56,-58.56,-9.76,-14.64,-87.84
19.52,68.32,48.8,-43.92,-14.64,58.56,-97.6,-68.32,-58.56,-19.52,-29.28,-102.48
4.88,73.2,68.32,-39.04,-34.16,68.32,-102.48,-63.44,-58.56,-14.64,-24.4,-97.6
19.52,68.32,48.8,-43.92,-14.64,58.56,-97.6,-58.56,-53.68,-4.88,-14.64,-78.08
14.64,68.32,53.68,-39.04,-19.52,58.56,-97.6,-63.44,-58.56,-9.76,-9.76,-68.32
14.64,73.2,58.56,-43.92,-24.4,63.44,-92.72,-68.32,-63.44,-4.88,-9.76,-63.44
9.76,68.32,58.56,-39.04,-24.4,63.44,-82.96,-58.56,-68.32,0,-4.88,-58.56
4.88,48.8,43.92,-24.4,-19.52,43.92,-87.84,-68.32,-68.32,-9.76,-14.64,-73.2
4.88,43.92,39.04,-24.4,-19.52,39.04,-82.96,-53.68,-58.56,-4.88,-9.76,-73.2
9.76,43.92,34.16,-24.4,-14.64,39.04,-92.72,-68.32,-73.2,-29.28,-24.4,-87.84
0,43.92,43.92,-19.52,-24.4,43.92,-92.72,-68.32,-73.2,-34.16,-29.28,-87.84
-4.88,48.8,53.68,-19.52,-29.28,48.8,-97.6,-68.32,-68.32,-29.28,-29.28,-92.72
-14.64,43.92,58.56,-14.64,-39.04,48.8,-97.6,-73.2,-73.2,-29.28,-34.16,-102.48
-4.88,63.44,68.32,-29.28,-39.04,63.44,-102.48,-78.08,-73.2,-34.16,-43.92,-102.48
0,73.2,73.2,-34.16,-39.04,73.2,-102.48,-78.08,-82.96,-43.92,-48.8,-107.36
-14.64,78.08,92.72,-29.28,-53.68,82.96,-102.48,-78.08,-87.84,-48.8,-53.68,-107.36
9.76,87.84,78.08,-48.8,-34.16,82.96,-107.36,-82.96,-97.6,-53.68,-58.56,-112.24
24.4,78.08,53.68,-48.8,-14.64,63.44,-112.24,-92.72,-107.36,-58.56,-68.32,-126.88
0,58.56,58.56,-29.28,-29.28,58.56,-92.72,-82.96,-92.72,-48.8,-48.8,-112.24
-14.64,48.8,63.44,-14.64,-39.04,53.68,-87.84,-78.08,-82.96,-29.28,-34.16,-97.6
29.28,34.16,4.88,-29.28,9.76,19.52,-97.6,-82.96,-92.72,-34.16,-39.04,-112.24
19.52,29.28,9.76,-24.4,4.88,19.52,-97.6,-78.08,-82.96,-19.52,-29.28,-102.48
-9.76,29.28,39.04,-9.76,-24.4,34.16,-82.96,-68.32,-68.32,0,-4.88,-78.08
-14.64,29.28,43.92,-4.88,-29.28,34.16,-78.08,-58.56,-58.56,9.76,4.88,-73.2
19.52,29.28,9.76,-24.4,4.88,19.52,-82.96,-73.2,-73.2,-14.64,-14.64,-102.48
9.76,24.4,14.64,-14.64,-4.88,19.52,-78.08,-68.32,-78.08,-29.28,-34.16,-117.12
-4.88,29.28,34.16,-9.76,-19.52,29.28,-68.32,-63.44,-78.08,-34.16,-39.04,-112.24
4.88,43.92,39.04,-24.4,-19.52,39.04,-73.2,-68.32,-82.96,-43.92,-53.68,-117.12
9.76,48.8,39.04,-29.28,-14.64,43.92,-82.96,-73.2,-87.84,-53.68,-53.68,-122
0,43.92,43.92,-19.52,-24.4,43.92,-82.96,-78.08,-92.72,-48.8,-48.8,-112.24
9.76,43.92,34.16,-24.4,-14.64,39.04,-87.84,-78.08,-92.72,-48.8,-48.8,-117.12
4.88,39.04,34.16,-19.52,-14.64,34.16,-92.72,-82.96,-92.72,-48.8,-53.68,-126.88
-4.88,19.52,24.4,-4.88,-14.64,19.52,-82.96,-78.08,-87.84,-39.04,-43.92,-122
14.64,9.76,-4.88,-9.76,9.76,0,-82.96,-73.2,-87.84,-29.28,-39.04,-122
39.04,24.4,-14.64,-29.28,24.4,4.88,-92.72,-78.08,-87.84,-29.28,-39.04,-131.76
24.4,39.04,14.64,-29.28,4.88,24.4,-82.96,-68.32,-78.08,-24.4,-34.16,-126.88
-14.64,34.16,48.8,-9.76,-34.16,39.04,-73.2,-58.56,-78.08,-14.64,-24.4,-112.24
-34.16,34.16,68.32,0,-53.68,48.8,-68.32,-58.56,-78.08,-19.52,-24.4,-112.24
-9.76,39.04,48.8,-14.64,-29.28,43.92,-78.08,-68.32,-78.08,-24.4,-29.28,-122
-19.52,24.4,43.92,0,-34.16,34.16,-82.96,-68.32,-78.08,-34.16,-39.04,-131.76
9.76,34.16,24.4,-19.52,-9.76,29.28,-78.08,-68.32,-78.08,-39.04,-48.8,-141.52
9.76,29.28,19.52,-19.52,-4.88,24.4,-87.84,-68.32,-82.96,-53.68,-58.56,-151.28
48.8,14.64,-34.16,-29.28,39.04,-9.76,-97.6,-87.84,-97.6,-58.56,-63.44,-156.16
112.24,29.28,-82.96,-68.32,97.6,-29.28,-117.12,-112.24,-117.12,-68.32,-82.96,-180.56
97.6,39.04,-58.56,-68.32,78.08,-9.76,-126.88,-107.36,-117.12,-73.2,-82.96,-180.56
68.32,48.8,-19.52,-58.56,43.92,14.64,-107.36,-92.72,-117.12,-78.08,-78.08,-161.04
73.2,43.92,-29.28,-58.56,48.8,4.88,-112.24,-87.84,-117.12,-82.96,-78.08,-161.04
97.6,24.4,-73.2,-58.56,82.96,-24.4,-122,-87.84,-117.12,-78.08,-78.08,-165.92
102.48,19.52,-82.96,-58.56,92.72,-34.16,-112.24,-87.84,-112.24,-63.44,-68.32,-161.04
102.48,24.4,-78.08,-63.44,87.84,-29.28,-126.88,-107.36,-117.12,-68.32,-73.2,-170.8
107.36,29.28,-78.08,-68.32,92.72,-24.4,-131.76,-102.48,-112.24,-73.2,-78.08,-170.8
117.12,24.4,-92.72,-68.32,102.48,-34.16,-136.64,-112.24,-122,-87.84,-97.6,-185.44
122,9.76,-112.24,-63.44,117.12,-53.68,-136.64,-112.24,-126.88,-87.84,-92.72,-180.56
107.36,14.64,-92.72,-58.56,97.6,-39.04,-126.88,-102.48,-112.24,-68.32,-78.08,-165.92
73.2,0,-73.2,-34.16,73.2,-39.04,-107.36,-92.72,-107.36,-58.56,-68.32,-161.04
63.44,0,-63.44,-29.28,63.44,-34.16,-107.36,-92.72,-97.6,-58.56,-73.2,-165.92
92.72,-9.76,-102.48,-39.04,97.6,-58.56,-117.12,-92.72,-97.6,-58.56,-73.2,-165.92
82.96,-34.16,-117.12,-24.4,97.6,-78.08,-102.48,-82.96,-102.48,-73.2,-82.96,-165.92
87.84,-14.64,-102.48,-34.16,92.72,-58.56,-107.36,-102.48,-131.76,-97.6,-102.48,-185.44
97.6,14.64,-82.96,-53.68,87.84,-34.16,-117.12,-112.24,-131.76,-102.48,-107.36,-195.2
97.6,29.28,-68.32,-63.44,82.96,-19.52,-117.12,-107.36,-126.88,-92.72,-97.6,-195.2
97.6,9.76,-87.84,-53.68,92.72,-39.04,-107.36,-102.48,-112.24,-73.2,-82.96,-190.32
107.36,4.88,-102.48,-53.68,102.48,-48.8,-112.24,-112.24,-117.12,-78.08,-82.96,-190.32
112.24,14.64,-97.6,-63.44,102.48,-43.92,-107.36,-102.48,-117.12,-73.2,-82.96,-180.56
97.6,24.4,-73.2,-58.56,82.96,-24.4,-97.6,-92.72,-107.36,-78.08,-82.96,-175.68
82.96,9.76,-73.2,-43.92,78.08,-34.16,-102.48,-97.6,-117.12,-87.84,-97.6,-185.44
82.96,4.88,-78.08,-43.92,78.08,-39.04,-102.48,-92.72,-117.12,-78.08,-87.84,-180.56
92.72,24.4,-68.32,-58.56,78.08,-24.4,-107.36,-102.48,-117.12,-73.2,-87.84,-185.44
102.48,4.88,-97.6,-53.68,97.6,-48.8,-107.36,-97.6,-107.36,-68.32,-82.96,-190.32
112.24,-14.64,-126.88,-48.8,117.12,-73.2,-97.6,-78.08,-92.72,-58.56,-73.2,-185.44
92.72,0,-92.72,-43.92,92.72,-48.8,-97.6,-92.72,-107.36,-73.2,-87.84,-200.08
58.56,4.88,-53.68,-29.28,53.68,-24.4,-102.48,-102.48,-107.36,-68.32,-87.84,-204.96
48.8,4.88,-43.92,-24.4,43.92,-19.52,-92.72,-82.96,-87.84,-53.68,-63.44,-185.44
68.32,9.76,-58.56,-39.04,63.44,-24.4,-97.6,-97.6,-102.48,-68.32,-68.32,-195.2
73.2,9.76,-63.44,-39.04,68.32,-29.28,-102.48,-97.6,-107.36,-63.44,-68.32,-190.32
92.72,19.52,-73.2,-53.68,82.96,-29.28,-112.24,-107.36,-107.36,-68.32,-68.32,-190.32
87.84,4.88,-82.96,-43.92,82.96,-39.04,-112.24,-97.6,-112.24,-82.96,-73.2,-190.32
87.84,4.88,-82.96,-43.92,82.96,-39.04,-107.36,-82.96,-112.24,-82.96,-82.96,-195.2
87.84,14.64,-73.2,-48.8,78.08,-29.28,-107.36,-87.84,-107.36,-82.96,-92.72,-209.84
82.96,9.76,-73.2,-43.92,78.08,-34.16,-107.36,-97.6,-112.24,-87.84,-97.6,-209.84
92.72,4.88,-87.84,-48.8,87.84,-43.92,-97.6,-102.48,-107.36,-87.84,-97.6,-209.84
97.6,0,-97.6,-48.8,97.6,-48.8,-102.48,-107.36,-112.24,-92.72,-97.6,-214.72
92.72,-14.64,-107.36,-39.04,97.6,-63.44,-92.72,-107.36,-112.24,-78.08,-82.96,-204.96
92.72,0,-92.72,-43.92,92.72,-48.8,-102.48,-102.48,-107.36,-58.56,-68.32,-200.08
82.96,0,-82.96,-39.04,82.96,-43.92,-97.6,-92.72,-107.36,-68.32,-78.08,-214.72
97.6,0,-97.6,-48.8,97.6,-48.8,-102.48,-102.48,-122,-92.72,-92.72,-229.36
112.24,-4.88,-117.12,-53.68,112.24,-63.44,-107.36,-107.36,-126.88,-102.48,-102.48,-239.12
126.88,-4.88,-131.76,-58.56,126.88,-68.32,-112.24,-97.6,-117.12,-92.72,-102.48,-244
102.48,-9.76,-112.24,-43.92,107.36,-63.44,-107.36,-82.96,-112.24,-87.84,-102.48,-244
63.44,-24.4,-87.84,-19.52,73.2,-58.56,-102.48,-97.6,-112.24,-87.84,-102.48,-253.76
73.2,-14.64,-87.84,-29.28,78.08,-53.68,-107.36,-97.6,-112.24,-82.96,-97.6,-253.76
78.08,4.88,-73.2,-39.04,73.2,-34.16,-107.36,-97.6,-107.36,-87.84,-97.6,-253.76
87.84,-4.88,-92.72,-39.04,87.84,-48.8,-102.48,-92.72,-107.36,-87.84,-92.72,-244
97.6,-9.76,-107.36,-43.92,102.48,-58.56,-102.48,-92.72,-107.36,-78.08,-82.96,-229.36
58.56,-14.64,-73.2,-19.52,63.44,-43.92,-97.6,-87.84,-102.48,-63.44,-73.2,-219.6
48.8,-14.64,-63.44,-14.64,53.68,-39.04,-82.96,-78.08,-92.72,-53.68,-58.56,-209.84
82.96,-14.64,-97.6,-34.16,87.84,-58.56,-97.6,-82.96,-97.6,-58.56,-68.32,-224.48
102.48,-24.4,-126.88,-39.04,112.24,-78.08,-112.24,-87.84,-107.36,-82.96,-92.72,-244
117.12,-14.64,-131.76,-48.8,122,-73.2,-112.24,-97.6,-107.36,-97.6,-112.24,-258.64
112.24,-14.64,-126.88,-48.8,117.12,-73.2,-102.48,-97.6,-117.12,-102.48,-117.12,-263.52
92.72,-14.64,-107.36,-39.04,97.6,-63.44,-112.24,-102.48,-112.24,-92.72,-112.24,-263.52
112.24,-14.64,-126.88,-48.8,117.12,-73.2,-112.24,-102.48,-112.24,-92.72,-107.36,-263.52
165.92,-19.52,-185.44,-73.2,175.68,-102.48,-126.88,-117.12,-131.76,-102.48,-117.12,-273.28
136.64,-9.76,-146.4,-63.44,141.52,-78.08,-112.24,-107.36,-117.12,-78.08,-97.6,-258.64
112.24,9.76,-102.48,-58.56,107.36,-48.8,-112.24,-102.48,-112.24,-78.08,-82.96,-244
141.52,-4.88,-146.4,-68.32,141.52,-78.08,-131.76,-112.24,-117.12,-87.84,-87.84,-253.76
156.16,-9.76,-165.92,-73.2,161.04,-87.84,-131.76,-107.36,-126.88,-97.6,-92.72,-253.76
165.92,-4.88,-170.8,-78.08,165.92,-87.84,-136.64,-117.12,-126.88,-102.48,-102.48,-258.64
156.16,0,-156.16,-78.08,156.16,-78.08,-131.76,-117.12,-126.88,-107.36,-107.36,-263.52
151.28,4.88,-146.4,-78.08,146.4,-73.2,-126.88,-117.12,-126.88,-102.48,-112.24,-273.28
146.4,9.76,-136.64,-78.08,141.52,-63.44,-131.76,-122,-131.76,-102.48,-112.24,-273.28
146.4,-19.52,-165.92,-63.44,156.16,-92.72,-131.76,-117.12,-122,-92.72,-107.36,-273.28
161.04,-24.4,-185.44,-68.32,170.8,-107.36,-126.88,-112.24,-112.24,-82.96,-97.6,-273.28
170.8,-14.64,-185.44,-78.08,175.68,-102.48,-136.64,-122,-126.88,-92.72,-112.24,-287.92
170.8,4.88,-165.92,-87.84,165.92,-82.96,-136.64,-112.24,-122,-97.6,-112.24,-292.8
170.8,0,-170.8,-82.96,170.8,-87.84,-146.4,-122,-136.64,-117.12,-122,-297.68
151.28,-14.64,-165.92,-68.32,156.16,-92.72,-122,-117.12,-136.64,-122,-117.12,-287.92
151.28,-4.88,-156.16,-73.2,151.28,-82.96,-126.88,-112.24,-126.88,-112.24,-117.12,-283.04
136.64,-4.88,-141.52,-63.44,136.64,-73.2,-122,-112.24,-122,-107.36,-112.24,-287.92
131.76,-4.88,-136.64,-63.44,131.76,-73.2,-122,-117.12,-122,-107.36,-122,-297.68
136.64,-9.76,-146.4,-63.44,141.52,-78.08,-131.76,-122,-126.88,-112.24,-136.64,-302.56
141.52,-14.64,-156.16,-63.44,146.4,-87.84,-136.64,-126.88,-131.76,-117.12,-141.52,-312.32
151.28,-9.76,-161.04,-68.32,156.16,-87.84,-131.76,-122,-126.88,-107.36,-122,-307.44
161.04,-4.88,-165.92,-78.08,161.04,-87.84,-136.64,-126.88,-131.76,-102.48,-112.24,-297.68
170.8,-19.52,-190.32,-73.2,180.56,-107.36,-136.64,-131.76,-131.76,-107.36,-112.24,-297.68
170.8,-24.4,-195.2,-73.2,180.56,-112.24,-136.64,-122,-131.76,-112.24,-112.24,-297.68
151.28,-24.4,-175.68,-63.44,161.04,-102.48,-131.76,-117.12,-122,-97.6,-102.48,-292.8
151.28,-19.52,-170.8,-63.44,161.04,-97.6,-126.88,-117.12,-122,-102.48,-112.24,-307.44
151.28,-19.52,-170.8,-63.44,161.04,-97.6,-126.88,-122,-122,-107.36,-122,-312.32
151.28,-19.52,-170.8,-63.44,161.04,-97.6,-136.64,-126.88,-131.76,-102.48,-117.12,-307.44
151.28,-24.4,-175.68,-63.44,161.04,-102.48,-122,-122,-122,-92.72,-102.48,-297.68
151.28,-19.52,-170.8,-63.44,161.04,-97.6,-131.76,-131.76,-126.88,-102.48,-117.12,-307.44
136.64,-29.28,-165.92,-53.68,151.28,-97.6,-122,-126.88,-122,-92.72,-97.6,-287.92
161.04,-14.64,-175.68,-73.2,165.92,-97.6,-136.64,-131.76,-131.76,-102.48,-112.24,-302.56
156.16,-24.4,-180.56,-63.44,165.92,-102.48,-136.64,-136.64,-136.64,-117.12,-122,-307.44
146.4,-29.28,-175.68,-58.56,161.04,-102.48,-131.76,-126.88,-131.76,-112.24,-122,-312.32
170.8,-34.16,-204.96,-68.32,185.44,-122,-136.64,-131.76,-136.64,-112.24,-122,-317.2
185.44,-43.92,-229.36,-68.32,204.96,-136.64,-131.76,-126.88,-131.76,-112.24,-126.88,-317.2
156.16,-24.4,-180.56,-63.44,165.92,-102.48,-122,-122,-117.12,-107.36,-126.88,-307.44
117.12,-9.76,-126.88,-53.68,122,-68.32,-117.12,-122,-117.12,-97.6,-117.12,-302.56
151.28,-4.88,-156.16,-73.2,151.28,-82.96,-126.88,-131.76,-126.88,-107.36,-117.12,-297.68
151.28,-14.64,-165.92,-68.32,156.16,-92.72,-126.88,-131.76,-126.88,-107.36,-112.24,-287.92
136.64,-19.52,-156.16,-58.56,146.4,-87.84,-112.24,-126.88,-122,-102.48,-112.24,-283.04
146.4,-24.4,-170.8,-58.56,156.16,-97.6,-117.12,-126.88,-126.88,-102.48,-117.12,-292.8
146.4,-9.76,-156.16,-68.32,151.28,-82.96,-117.12,-126.88,-126.88,-107.36,-112.24,-292.8
122,-24.4,-146.4,-48.8,131.76,-87.84,-112.24,-117.12,-117.12,-97.6,-102.48,-283.04
97.6,-39.04,-136.64,-29.28,117.12,-87.84,-92.72,-112.24,-112.24,-78.08,-87.84,-268.4
97.6,-34.16,-131.76,-29.28,112.24,-82.96,-102.48,-112.24,-112.24,-97.6,-97.6,-278.16
131.76,-29.28,-161.04,-48.8,146.4,-97.6,-102.48,-122,-112.24,-102.48,-102.48,-283.04
156.16,-24.4,-180.56,-63.44,165.92,-102.48,-107.36,-126.88,-126.88,-107.36,-117.12,-292.8
161.04,0,-161.04,-78.08,161.04,-82.96,-112.24,-141.52,-136.64,-112.24,-126.88,-307.44
151.28,34.16,-117.12,-92.72,131.76,-43.92,-112.24,-136.64,-122,-102.48,-117.12,-292.8
136.64,29.28,-107.36,-82.96,122,-39.04,-87.84,-112.24,-97.6,-73.2,-78.08,-268.4
122,4.88,-117.12,-63.44,117.12,-58.56,-73.2,-102.48,-102.48,-73.2,-82.96,-258.64
117.12,9.76,-107.36,-63.44,112.24,-48.8,-68.32,-87.84,-97.6,-73.2,-78.08,-253.76
107.36,4.88,-102.48,-53.68,102.48,-48.8,-63.44,-82.96,-78.08,-63.44,-63.44,-239.12
107.36,14.64,-92.72,-58.56,97.6,-39.04,-58.56,-82.96,-82.96,-58.56,-58.56,-234.24
126.88,19.52,-107.36,-73.2,117.12,-43.92,-58.56,-87.84,-82.96,-68.32,-68.32,-244
141.52,14.64,-126.88,-78.08,131.76,-58.56,-48.8,-87.84,-82.96,-68.32,-73.2,-248.88
131.76,24.4,-107.36,-78.08,117.12,-43.92,-24.4,-78.08,-78.08,-63.44,-68.32,-248.88
126.88,29.28,-97.6,-78.08,112.24,-34.16,-4.88,-73.2,-73.2,-68.32,-73.2,-244
122,39.04,-82.96,-78.08,102.48,-24.4,0,-68.32,-73.2,-68.32,-78.08,-244
126.88,78.08,-48.8,-102.48,87.84,14.64,9.76,-58.56,-68.32,-53.68,-63.44,-239.12
117.12,73.2,-43.92,-92.72,78.08,14.64,29.28,-43.92,-58.56,-48.8,-58.56,-229.36
117.12,53.68,-63.44,-82.96,87.84,-4.88,39.04,-34.16,-53.68,-43.92,-43.92,-209.84
151.28,68.32,-82.96,-107.36,117.12,-9.76,4.88,-53.68,-68.32,-53.68,-53.68,-219.6
156.16,63.44,-92.72,-107.36,122,-14.64,-9.76,-53.68,-58.56,-34.16,-43.92,-204.96
141.52,63.44,-78.08,-102.48,107.36,-9.76,-24.4,-43.92,-34.16,-19.52,-24.4,-180.56
117.12,82.96,-34.16,-97.6,73.2,24.4,-53.68,-58.56,-39.04,-9.76,-14.64,-170.8
102.48,107.36,4.88,-102.48,48.8,53.68,-68.32,-63.44,-34.16,0,0,-161.04
136.64,122,-14.64,-126.88,73.2,53.68,-97.6,-73.2,-39.04,0,4.88,-161.04
156.16,136.64,-19.52,-146.4,87.84,58.56,-117.12,-92.72,-48.8,-9.76,0,-156.16
151.28,107.36,-43.92,-126.88,97.6,29.28,-117.12,-92.72,-53.68,-9.76,0,-151.28
141.52,87.84,-53.68,-112.24,97.6,14.64,-112.24,-92.72,-58.56,-14.64,0,-146.4
141.52,92.72,-48.8,-117.12,92.72,19.52,-117.12,-112.24,-78.08,-34.16,-24.4,-156.16
136.64,87.84,-48.8,-112.24,92.72,19.52,-117.12,-112.24,-78.08,-34.16,-19.52,-146.4
141.52,97.6,-43.92,-117.12,92.72,24.4,-117.12,-117.12,-82.96,-29.28,-19.52,-146.4
156.16,78.08,-78.08,-117.12,117.12,0,-117.12,-122,-87.84,-39.04,-29.28,-156.16
170.8,63.44,-107.36,-117.12,136.64,-24.4,-112.24,-112.24,-78.08,-29.28,-24.4,-146.4
165.92,53.68,-112.24,-107.36,136.64,-29.28,-112.24,-112.24,-78.08,-39.04,-29.28,-151.28
170.8,48.8,-122,-107.36,146.4,-39.04,-117.12,-126.88,-87.84,-48.8,-34.16,-156.16
151.28,48.8,-102.48,-97.6,126.88,-29.28,-107.36,-122,-87.84,-48.8,-39.04,-151.28
102.48,48.8,-53.68,-73.2,78.08,-4.88,-92.72,-117.12,-82.96,-43.92,-24.4,-136.64
92.72,58.56,-34.16,-73.2,63.44,9.76,-82.96,-112.24,-82.96,-39.04,-14.64,-122
112.24,43.92,-68.32,-78.08,87.84,-14.64,-87.84,-122,-92.72,-48.8,-34.16,-126.88
131.76,34.16,-97.6,-82.96,112.24,-34.16,-97.6,-136.64,-112.24,-73.2,-48.8,-146.4
131.76,29.28,-102.48,-78.08,117.12,-39.04,-87.84,-146.4,-126.88,-82.96,-58.56,-151.28
117.12,19.52,-97.6,-68.32,107.36,-39.04,-78.08,-151.28,-122,-87.84,-68.32,-151.28
126.88,24.4,-102.48,-73.2,112.24,-39.04,-82.96,-161.04,-131.76,-102.48,-78.08,-165.92
112.24,24.4,-87.84,-68.32,97.6,-34.16,-73.2,-161.04,-131.76,-97.6,-73.2,-161.04
78.08,-9.76,-87.84,-34.16,82.96,-48.8,-53.68,-151.28,-122,-87.84,-63.44,-146.4
53.68,4.88,-48.8,-29.28,48.8,-24.4,-53.68,-146.4,-122,-87.84,-63.44,-146.4
58.56,4.88,-53.68,-29.28,53.68,-24.4,-53.68,-151.28,-136.64,-97.6,-73.2,-156.16
73.2,-19.52,-92.72,-24.4,82.96,-58.56,-58.56,-161.04,-151.28,-117.12,-87.84,-161.04
73.2,-34.16,-107.36,-19.52,87.84,-73.2,-48.8,-165.92,-146.4,-112.24,-82.96,-151.28
39.04,-29.28,-68.32,-4.88,53.68,-48.8,-48.8,-165.92,-146.4,-112.24,-82.96,-151.28
4.88,-14.64,-19.52,4.88,9.76,-19.52,-29.28,-161.04,-151.28,-112.24,-82.96,-146.4
43.92,0,-43.92,-19.52,43.92,-24.4,-34.16,-175.68,-161.04,-131.76,-107.36,-161.04
58.56,-19.52,-78.08,-19.52,68.32,-48.8,-48.8,-185.44,-175.68,-146.4,-122,-161.04
43.92,-34.16,-78.08,-4.88,58.56,-58.56,-34.16,-165.92,-151.28,-131.76,-102.48,-136.64
14.64,-39.04,-53.68,14.64,34.16,-48.8,-29.28,-170.8,-151.28,-126.88,-92.72,-122
4.88,-39.04,-43.92,19.52,24.4,-43.92,-24.4,-170.8,-156.16,-122,-87.84,-122
24.4,-39.04,-63.44,9.76,43.92,-53.68,-29.28,-185.44,-161.04,-131.76,-92.72,-126.88
34.16,-43.92,-78.08,4.88,53.68,-63.44,-39.04,-195.2,-170.8,-146.4,-107.36,-131.76
19.52,-48.8,-68.32,14.64,43.92,-58.56,-24.4,-185.44,-165.92,-136.64,-112.24,-122
0,-48.8,-48.8,24.4,24.4,-48.8,-9.76,-170.8,-146.4,-122,-92.72,-112.24
4.88,-43.92,-48.8,19.52,24.4,-48.8,-9.76,-175.68,-151.28,-131.76,-97.6,-112.24
14.64,-29.28,-43.92,9.76,29.28,-39.04,-14.64,-175.68,-156.16,-141.52,-102.48,-112.24
24.4,-29.28,-53.68,4.88,39.04,-43.92,-19.52,-190.32,-165.92,-141.52,-112.24,-112.24
24.4,-39.04,-63.44,9.76,43.92,-53.68,-14.64,-190.32,-170.8,-146.4,-107.36,-107.36
14.64,-29.28,-43.92,9.76,29.28,-39.04,-9.76,-195.2,-165.92,-141.52,-107.36,-97.6
14.64,-29.28,-43.92,9.76,29.28,-39.04,-4.88,-195.2,-170.8,-141.52,-107.36,-92.72
9.76,-29.28,-39.04,9.76,24.4,-34.16,-4.88,-190.32,-165.92,-136.64,-97.6,-82.96
-4.88,-34.16,-29.28,19.52,9.76,-34.16,9.76,-185.44,-156.16,-131.76,-87.84,-73.2
4.88,-34.16,-39.04,14.64,19.52,-39.04,-4.88,-190.32,-165.92,-141.52,-102.48,-82.96
4.88,-34.16,-39.04,14.64,19.52,-39.04,9.76,-190.32,-161.04,-141.52,-97.6,-78.08
-4.88,-24.4,-19.52,14.64,4.88,-24.4,4.88,-195.2,-161.04,-141.52,-102.48,-78.08
4.88,-34.16,-39.04,14.64,19.52,-39.04,9.76,-195.2,-161.04,-141.52,-102.48,-78.08
0,-29.28,-29.28,14.64,14.64,-29.28,14.64,-185.44,-156.16,-131.76,-97.6,-68.32
0,-14.64,-14.64,9.76,4.88,-14.64,9.76,-185.44,-151.28,-136.64,-102.48,-73.2
0,-4.88,-4.88,4.88,0,-4.88,14.64,-175.68,-151.28,-146.4,-117.12,-82.96
-4.88,0,4.88,4.88,-4.88,0,39.04,-131.76,-117.12,-151.28,-131.76,-97.6
-24.4,0,24.4,14.64,-24.4,9.76,87.84,-68.32,-73.2,-165.92,-165.92,-122
-48.8,14.64,63.44,19.52,-58.56,39.04,151.28,19.52,-9.76,-195.2,-209.84,-165.92
-82.96,39.04,122,24.4,-102.48,78.08,234.24,175.68,112.24,-200.08,-248.88,-200.08
-102.48,63.44,165.92,19.52,-136.64,112.24,326.96,370.88,278.16,-170.8,-258.64,-219.6
-97.6,107.36,204.96,-4.88,-151.28,156.16,390.4,551.44,448.96,-102.48,-229.36,-209.84
-78.08,161.04,239.12,-39.04,-161.04,200.08,429.44,678.32,585.6,-14.64,-180.56,-175.68
-53.68,234.24,287.92,-87.84,-170.8,258.64,444.08,756.4,702.72,122,-58.56,-97.6
-14.64,273.28,287.92,-126.88,-151.28,278.16,434.32,746.64,741.76,283.04,112.24,24.4
39.04,297.68,258.64,-165.92,-112.24,278.16,366,634.4,746.64,522.16,366,219.6
107.36,390.4,283.04,-248.88,-87.84,336.72,263.52,478.24,795.44,888.16,722.24,488
224.48,502.64,278.16,-361.12,-29.28,390.4,117.12,248.88,810.08,1356.64,1176.08,805.2
366,639.28,273.28,-502.64,43.92,453.84,-29.28,-53.68,785.68,1883.68,1708,1185.84
478.24,805.2,326.96,-639.28,73.2,566.08,-239.12,-414.8,663.68,2342.4,2191.12,1566.48
556.32,976,419.68,-766.16,68.32,697.84,-468.48,-712.48,644.16,2874.32,2737.68,1986.16
600.24,1010.16,409.92,-805.2,92.72,707.6,-585.6,-834.48,746.64,3391.6,3157.36,2278.96
639.28,951.6,312.32,-795.44,161.04,629.52,-629.52,-893.04,775.92,3620.96,3308.64,2386.32
644.16,829.6,185.44,-736.88,229.36,507.52,-658.8,-1005.28,580.72,3435.52,3142.72,2332.64
561.2,619.76,58.56,-590.48,248.88,336.72,-634.4,-1107.76,317.2,3015.84,2786.48,2127.68
448.96,444.08,-4.88,-444.08,224.48,219.6,-619.76,-1224.88,-53.68,2318,2205.76,1810.48
361.12,336.72,-24.4,-346.48,190.32,156.16,-653.92,-1337.12,-463.6,1468.88,1527.44,1434.72
263.52,322.08,58.56,-292.8,102.48,190.32,-697.84,-1454.24,-893.04,668.56,951.6,1137.04
156.16,292.8,136.64,-224.48,9.76,214.72,-688.08,-1522.56,-1307.84,-195.2,361.12,810.08
92.72,170.8,78.08,-131.76,4.88,122,-619.76,-1488.4,-1478.64,-697.84,-53.68,531.92
48.8,68.32,19.52,-58.56,14.64,43.92,-541.68,-1361.52,-1376.16,-751.52,-214.72,336.72
19.52,-9.76,-29.28,-4.88,24.4,-19.52,-483.12,-1190.72,-1185.84,-663.68,-263.52,209.84
4.88,-48.8,-53.68,24.4,29.28,-53.68,-424.56,-1010.16,-985.76,-551.44,-239.12,180.56
4.88,-68.32,-73.2,34.16,39.04,-73.2,-390.4,-868.64,-829.6,-473.36,-224.48,156.16
4.88,-58.56,-63.44,29.28,34.16,-63.44,-341.6,-766.16,-727.12,-419.68,-200.08,146.4
14.64,-43.92,-58.56,14.64,34.16,-53.68,-292.8,-692.96,-644.16,-375.76,-180.56,141.52
0,-24.4,-24.4,14.64,9.76,-24.4,-224.48,-575.84,-531.92,-302.56,-141.52,161.04
-19.52,9.76,29.28,4.88,-24.4,19.52,-156.16,-458.72,-429.44,-239.12,-107.36,156.16
-29.28,19.52,48.8,4.88,-39.04,34.16,-92.72,-356.24,-351.36,-200.08,-97.6,131.76
-34.16,0,34.16,19.52,-34.16,14.64,-48.8,-297.68,-287.92,-175.68,-92.72,122
-39.04,9.76,48.8,14.64,-43.92,29.28,-19.52,-234.24,-229.36,-161.04,-92.72,117.12
-68.32,14.64,82.96,29.28,-78.08,48.8,34.16,-180.56,-180.56,-136.64,-73.2,122
-73.2,19.52,92.72,29.28,-82.96,53.68,53.68,-151.28,-156.16,-131.76,-73.2,126.88
-39.04,0,39.04,19.52,-39.04,19.52,73.2,-136.64,-136.64,-136.64,-82.96,112.24
-39.04,-14.64,24.4,29.28,-34.16,4.88,82.96,-126.88,-131.76,-146.4,-97.6,92.72
-63.44,-4.88,58.56,34.16,-63.44,24.4,102.48,-107.36,-117.12,-126.88,-92.72,97.6
-102.48,-19.52,82.96,63.44,-92.72,29.28,122,-82.96,-97.6,-126.88,-82.96,107.36
-112.24,-19.52,92.72,68.32,-102.48,34.16,131.76,-68.32,-97.6,-131.76,-87.84,107.36
-63.44,-29.28,34.16,48.8,-48.8,0,122,-68.32,-107.36,-141.52,-102.48,92.72
-63.44,-39.04,24.4,53.68,-43.92,-9.76,126.88,-68.32,-102.48,-146.4,-112.24,92.72
-102.48,-24.4,78.08,63.44,-92.72,24.4,141.52,-48.8,-78.08,-136.64,-102.48,102.48
-126.88,-4.88,122,68.32,-126.88,58.56,151.28,-39.04,-73.2,-126.88,-92.72,102.48
-126.88,-9.76,117.12,68.32,-122,53.68,141.52,-53.68,-73.2,-131.76,-102.48,92.72
-102.48,-19.52,82.96,63.44,-92.72,29.28,146.4,-53.68,-68.32,-131.76,-102.48,82.96
-107.36,-29.28,78.08,68.32,-92.72,24.4,151.28,-43.92,-58.56,-126.88,-102.48,82.96
-117.12,-34.16,82.96,78.08,-102.48,24.4,161.04,-34.16,-48.8,-112.24,-87.84,97.6
-112.24,-29.28,82.96,73.2,-97.6,24.4,165.92,-29.28,-43.92,-122,-92.72,97.6
-102.48,-39.04,63.44,73.2,-82.96,9.76,170.8,-24.4,-48.8,-126.88,-97.6,92.72
-92.72,-43.92,48.8,68.32,-73.2,0,165.92,-14.64,-53.68,-126.88,-97.6,97.6
-107.36,-39.04,68.32,73.2,-87.84,14.64,170.8,-9.76,-48.8,-126.88,-97.6,102.48
-131.76,-43.92,87.84,87.84,-112.24,19.52,180.56,0,-34.16,-126.88,-92.72,102.48
-117.12,-34.16,82.96,78.08,-102.48,24.4,195.2,4.88,-24.4,-112.24,-82.96,102.48
-107.36,-29.28,78.08,68.32,-92.72,24.4,180.56,-4.88,-24.4,-112.24,-92.72,102.48
-102.48,-24.4,78.08,63.44,-92.72,24.4,180.56,-9.76,-24.4,-107.36,-92.72,92.72
-97.6,-14.64,82.96,58.56,-92.72,34.16,185.44,-9.76,-24.4,-107.36,-92.72,92.72
-112.24,-9.76,102.48,63.44,-107.36,43.92,190.32,-4.88,-24.4,-97.6,-82.96,102.48
-117.12,-9.76,107.36,63.44,-112.24,48.8,195.2,4.88,-14.64,-92.72,-73.2,117.12
-117.12,-9.76,107.36,63.44,-112.24,48.8,200.08,9.76,-14.64,-97.6,-78.08,117.12
-112.24,-24.4,87.84,68.32,-102.48,29.28,200.08,9.76,-29.28,-107.36,-87.84,107.36
-97.6,-24.4,73.2,63.44,-87.84,24.4,195.2,14.64,-24.4,-107.36,-82.96,112.24
-102.48,-19.52,82.96,63.44,-92.72,29.28,200.08,19.52,-19.52,-112.24,-92.72,107.36
-97.6,-24.4,73.2,63.44,-87.84,24.4,204.96,19.52,-14.64,-112.24,-87.84,107.36
-126.88,-24.4,102.48,78.08,-117.12,39.04,214.72,24.4,0,-97.6,-78.08,117.12
-141.52,-4.88,136.64,73.2,-141.52,63.44,209.84,14.64,0,-102.48,-78.08,112.24
-141.52,-9.76,131.76,78.08,-136.64,58.56,214.72,24.4,4.88,-102.48,-82.96,107.36
-131.76,9.76,141.52,63.44,-136.64,73.2,204.96,14.64,-4.88,-97.6,-82.96,102.48
-126.88,24.4,151.28,53.68,-141.52,87.84,200.08,9.76,-14.64,-107.36,-92.72,97.6
-136.64,-4.88,131.76,73.2,-136.64,63.44,214.72,29.28,0,-97.6,-82.96,107.36
-156.16,-34.16,122,97.6,-141.52,43.92,229.36,48.8,4.88,-87.84,-73.2,131.76
-151.28,-48.8,102.48,102.48,-126.88,24.4,234.24,48.8,9.76,-87.84,-68.32,131.76
-141.52,-39.04,102.48,92.72,-122,29.28,244,53.68,14.64,-92.72,-68.32,131.76
-151.28,-39.04,112.24,97.6,-131.76,34.16,239.12,63.44,14.64,-87.84,-68.32,122
-156.16,-39.04,117.12,97.6,-136.64,39.04,234.24,58.56,19.52,-82.96,-68.32,126.88
-136.64,-29.28,107.36,82.96,-122,39.04,229.36,53.68,24.4,-87.84,-68.32,117.12
-122,-19.52,102.48,73.2,-112.24,39.04,214.72,43.92,14.64,-102.48,-82.96,107.36
-141.52,-19.52,122,82.96,-131.76,48.8,229.36,53.68,24.4,-87.84,-68.32,122
-180.56,-24.4,156.16,102.48,-170.8,63.44,234.24,68.32,34.16,-87.84,-63.44,131.76
-151.28,-19.52,131.76,87.84,-141.52,53.68,234.24,68.32,24.4,-92.72,-73.2,126.88
-141.52,-9.76,131.76,78.08,-136.64,58.56,239.12,82.96,29.28,-82.96,-63.44,136.64
-156.16,-34.16,122,97.6,-141.52,43.92,239.12,87.84,34.16,-78.08,-58.56,141.52
-141.52,-43.92,97.6,92.72,-122,24.4,253.76,92.72,39.04,-82.96,-63.44,136.64
-141.52,-48.8,92.72,97.6,-117.12,19.52,253.76,87.84,43.92,-82.96,-68.32,126.88
-151.28,-58.56,92.72,107.36,-122,14.64,244,82.96,48.8,-82.96,-68.32,126.88
-161.04,-63.44,97.6,112.24,-131.76,14.64,239.12,78.08,53.68,-87.84,-78.08,117.12
-161.04,-53.68,107.36,107.36,-136.64,24.4,244,82.96,53.68,-87.84,-82.96,112.24
-112.24,-24.4,87.84,68.32,-102.48,29.28,253.76,87.84,53.68,-78.08,-78.08,112.24
-87.84,-14.64,73.2,53.68,-82.96,29.28,248.88,87.84,48.8,-87.84,-82.96,112.24
-126.88,-39.04,87.84,82.96,-107.36,24.4,244,92.72,53.68,-92.72,-87.84,107.36
-190.32,-29.28,161.04,112.24,-175.68,63.44,273.28,126.88,68.32,-73.2,-63.44,136.64
-195.2,-39.04,156.16,117.12,-175.68,58.56,278.16,136.64,78.08,-63.44,-53.68,146.4
-185.44,-39.04,146.4,112.24,-165.92,53.68,283.04,141.52,78.08,-63.44,-63.44,141.52
-180.56,-29.28,151.28,107.36,-165.92,58.56,283.04,146.4,87.84,-58.56,-53.68,136.64
-190.32,-34.16,156.16,112.24,-175.68,58.56,278.16,141.52,82.96,-63.44,-58.56,131.76
-185.44,-39.04,146.4,112.24,-165.92,53.68,273.28,136.64,97.6,-63.44,-58.56,126.88
-185.44,-34.16,151.28,112.24,-170.8,58.56,273.28,136.64,97.6,-63.44,-63.44,117.12
-175.68,-24.4,151.28,102.48,-165.92,63.44,283.04,141.52,102.48,-63.44,-58.56,122
-175.68,-24.4,151.28,102.48,-165.92,63.44,283.04,146.4,107.36,-58.56,-58.56,126.88
-190.32,-19.52,170.8,107.36,-180.56,73.2,283.04,165.92,107.36,-63.44,-58.56,126.88
-190.32,0,190.32,97.6,-190.32,92.72,278.16,165.92,97.6,-73.2,-68.32,122
-175.68,-14.64,161.04,97.6,-170.8,73.2,287.92,175.68,107.36,-68.32,-68.32,122
-161.04,-24.4,136.64,92.72,-151.28,53.68,292.8,185.44,112.24,-63.44,-68.32,126.88
-156.16,-58.56,97.6,107.36,-126.88,19.52,312.32,200.08,131.76,-48.8,-53.68,136.64
-165.92,-53.68,112.24,112.24,-141.52,29.28,307.44,195.2,131.76,-43.92,-53.68,131.76
-180.56,-53.68,126.88,117.12,-156.16,34.16,307.44,200.08,146.4,-48.8,-53.68,131.76
-156.16,-39.04,117.12,97.6,-136.64,39.04,297.68,200.08,151.28,-48.8,-63.44,122
-170.8,-39.04,131.76,107.36,-151.28,43.92,307.44,209.84,156.16,-39.04,-53.68,126.88
-195.2,-48.8,146.4,122,-170.8,48.8,317.2,224.48,165.92,-34.16,-53.68,131.76
-195.2,-43.92,151.28,122,-175.68,53.68,336.72,244,180.56,-24.4,-43.92,141.52
-170.8,-43.92,126.88,107.36,-151.28,39.04,326.96,244,170.8,-29.28,-53.68,131.76
-146.4,-39.04,107.36,92.72,-126.88,34.16,326.96,253.76,175.68,-34.16,-58.56,131.76
-165.92,-34.16,131.76,102.48,-151.28,48.8,326.96,268.4,180.56,-34.16,-58.56,131.76
-170.8,-39.04,131.76,107.36,-151.28,43.92,317.2,268.4,185.44,-34.16,-63.44,117.12
-175.68,-24.4,151.28,102.48,-165.92,63.44,312.32,268.4,195.2,-29.28,-58.56,117.12
-180.56,-24.4,156.16,102.48,-170.8,63.44,312.32,273.28,204.96,-29.28,-58.56,117.12
-195.2,-29.28,165.92,112.24,-180.56,68.32,322.08,302.56,219.6,-19.52,-48.8,126.88
-190.32,-39.04,151.28,117.12,-170.8,53.68,326.96,307.44,229.36,-4.88,-39.04,136.64
-195.2,-39.04,156.16,117.12,-175.68,58.56,326.96,322.08,234.24,-9.76,-34.16,141.52
-190.32,-39.04,151.28,117.12,-170.8,53.68,326.96,331.84,239.12,-9.76,-34.16,141.52
-170.8,-14.64,156.16,92.72,-165.92,68.32,322.08,346.48,239.12,-9.76,-39.04,136.64
-185.44,-9.76,175.68,97.6,-180.56,82.96,322.08,356.24,248.88,-9.76,-39.04,141.52
-185.44,-4.88,180.56,97.6,-185.44,87.84,326.96,366,258.64,-9.76,-48.8,136.64
-170.8,-39.04,131.76,107.36,-151.28,43.92,326.96,380.64,263.52,-4.88,-43.92,136.64
-165.92,-39.04,126.88,102.48,-146.4,43.92,326.96,390.4,283.04,0,-39.04,136.64
-141.52,-4.88,136.64,73.2,-141.52,63.44,336.72,405.04,297.68,4.88,-39.04,136.64
-156.16,-9.76,146.4,82.96,-151.28,68.32,331.84,409.92,297.68,0,-43.92,126.88
-170.8,-14.64,156.16,92.72,-165.92,68.32,341.6,419.68,307.44,9.76,-34.16,131.76
-165.92,-9.76,156.16,87.84,-161.04,73.2,351.36,434.32,322.08,14.64,-34.16,131.76
-151.28,-24.4,126.88,87.84,-141.52,48.8,346.48,453.84,326.96,9.76,-39.04,136.64
-141.52,-24.4,117.12,82.96,-131.76,43.92,351.36,473.36,331.84,14.64,-34.16,136.64
-151.28,-19.52,131.76,87.84,-141.52,53.68,361.12,497.76,346.48,24.4,-29.28,146.4
-200.08,-9.76,190.32,107.36,-195.2,87.84,390.4,531.92,385.52,48.8,-14.64,161.04
-170.8,-4.88,165.92,87.84,-170.8,78.08,385.52,531.92,380.64,43.92,-19.52,146.4
-151.28,-9.76,141.52,82.96,-146.4,63.44,375.76,536.8,380.64,39.04,-29.28,136.64
-151.28,0,151.28,78.08,-151.28,73.2,380.64,536.8,390.4,39.04,-39.04,131.76
-175.68,14.64,190.32,82.96,-185.44,102.48,385.52,561.2,405.04,39.04,-34.16,136.64
-185.44,9.76,195.2,87.84,-190.32,102.48,385.52,566.08,409.92,48.8,-34.16,141.52
-146.4,39.04,185.44,53.68,-165.92,112.24,400.16,600.24,429.44,53.68,-24.4,156.16
-151.28,14.64,165.92,68.32,-161.04,87.84,400.16,610,434.32,63.44,-24.4,156.16
-195.2,-39.04,156.16,117.12,-175.68,58.56,409.92,634.4,439.2,68.32,-24.4,156.16
-165.92,-24.4,141.52,97.6,-156.16,58.56,414.8,639.28,448.96,63.44,-24.4,156.16
-151.28,-24.4,126.88,87.84,-141.52,48.8,409.92,644.16,448.96,58.56,-29.28,151.28
-146.4,-43.92,102.48,97.6,-126.88,29.28,419.68,653.92,458.72,63.44,-24.4,156.16
-146.4,-34.16,112.24,92.72,-131.76,39.04,419.68,668.56,468.48,63.44,-24.4,161.04
-136.64,0,136.64,68.32,-136.64,68.32,409.92,649.04,463.6,48.8,-43.92,151.28
-131.76,4.88,136.64,63.44,-136.64,68.32,409.92,663.68,473.36,43.92,-43.92,141.52
-151.28,0,151.28,78.08,-151.28,73.2,419.68,668.56,478.24,53.68,-34.16,156.16
-156.16,-4.88,151.28,82.96,-156.16,73.2,434.32,688.08,483.12,58.56,-29.28,165.92
-141.52,-9.76,131.76,78.08,-136.64,58.56,414.8,678.32,478.24,43.92,-43.92,156.16
-141.52,-19.52,122,82.96,-131.76,48.8,419.68,683.2,468.48,43.92,-48.8,151.28
-131.76,-19.52,112.24,78.08,-122,43.92,419.68,688.08,468.48,43.92,-48.8,156.16
-126.88,-19.52,107.36,73.2,-117.12,43.92,419.68,692.96,473.36,39.04,-58.56,151.28
-141.52,-29.28,112.24,87.84,-126.88,39.04,414.8,683.2,468.48,29.28,-63.44,141.52
-141.52,-34.16,107.36,87.84,-126.88,34.16,409.92,678.32,473.36,29.28,-63.44,156.16
-122,-24.4,97.6,73.2,-112.24,34.16,405.04,663.68,463.6,19.52,-68.32,146.4
-102.48,-9.76,92.72,58.56,-97.6,39.04,400.16,653.92,448.96,9.76,-73.2,141.52
-107.36,4.88,112.24,53.68,-112.24,58.56,395.28,649.04,444.08,4.88,-73.2,146.4
-131.76,4.88,136.64,63.44,-136.64,68.32,395.28,649.04,439.2,4.88,-73.2,151.28
-117.12,-14.64,102.48,68.32,-112.24,43.92,405.04,644.16,429.44,0,-73.2,156.16
-87.84,-24.4,63.44,58.56,-78.08,19.52,390.4,629.52,414.8,-9.76,-78.08,151.28
-82.96,-29.28,53.68,58.56,-68.32,9.76,380.64,610,395.28,-14.64,-92.72,156.16
-112.24,-29.28,82.96,73.2,-97.6,24.4,380.64,600.24,390.4,-19.52,-92.72,165.92
-136.64,-39.04,97.6,87.84,-117.12,29.28,375.76,575.84,375.76,-24.4,-97.6,161.04
-117.12,-29.28,87.84,73.2,-102.48,29.28,366,561.2,366,-29.28,-92.72,161.04
-73.2,-9.76,63.44,43.92,-68.32,24.4,361.12,527.04,356.24,-39.04,-97.6,161.04
-92.72,-48.8,43.92,73.2,-68.32,-4.88,336.72,488,322.08,-63.44,-112.24,141.52
-63.44,-29.28,34.16,48.8,-48.8,0,322.08,458.72,302.56,-68.32,-112.24,141.52
-53.68,-34.16,19.52,43.92,-39.04,-9.76,307.44,434.32,283.04,-78.08,-117.12,146.4
-63.44,-39.04,24.4,53.68,-43.92,-9.76,297.68,409.92,268.4,-82.96,-122,141.52
-78.08,-29.28,48.8,53.68,-63.44,9.76,307.44,395.28,258.64,-78.08,-112.24,151.28
-112.24,-39.04,73.2,78.08,-92.72,14.64,302.56,385.52,253.76,-68.32,-97.6,170.8
-112.24,-34.16,78.08,73.2,-97.6,19.52,302.56,366,244,-68.32,-97.6,170.8
-92.72,-34.16,58.56,63.44,-78.08,9.76,283.04,326.96,219.6,-73.2,-107.36,156.16
-87.84,-58.56,29.28,73.2,-58.56,-14.64,268.4,287.92,200.08,-78.08,-107.36,156.16
-78.08,-68.32,9.76,73.2,-43.92,-29.28,263.52,268.4,195.2,-68.32,-97.6,165.92
-63.44,-43.92,19.52,53.68,-43.92,-14.64,244,229.36,170.8,-82.96,-107.36,146.4
-78.08,-39.04,39.04,58.56,-58.56,0,234.24,204.96,156.16,-78.08,-102.48,146.4
-122,-43.92,78.08,82.96,-102.48,14.64,234.24,195.2,156.16,-58.56,-78.08,175.68
-131.76,-53.68,78.08,92.72,-107.36,9.76,234.24,185.44,161.04,-53.68,-68.32,185.44
-122,-53.68,68.32,87.84,-97.6,4.88,244,170.8,146.4,-48.8,-58.56,195.2
-126.88,-43.92,82.96,87.84,-107.36,19.52,229.36,141.52,126.88,-53.68,-58.56,195.2
-131.76,-53.68,78.08,92.72,-107.36,9.76,214.72,126.88,107.36,-63.44,-63.44,185.44
-122,-43.92,78.08,82.96,-102.48,14.64,209.84,97.6,97.6,-53.68,-58.56,180.56
-131.76,-53.68,78.08,92.72,-107.36,9.76,200.08,78.08,87.84,-53.68,-53.68,180.56
-131.76,-58.56,73.2,97.6,-102.48,4.88,190.32,48.8,73.2,-53.68,-48.8,180.56
-112.24,-48.8,63.44,82.96,-87.84,4.88,175.68,29.28,63.44,-53.68,-43.92,175.68
-102.48,-48.8,53.68,78.08,-78.08,0,165.92,9.76,48.8,-48.8,-39.04,180.56
-107.36,-53.68,53.68,82.96,-82.96,0,151.28,-9.76,34.16,-48.8,-34.16,175.68
-117.12,-34.16,82.96,78.08,-102.48,24.4,136.64,-19.52,29.28,-48.8,-34.16,175.68
-122,-34.16,87.84,78.08,-107.36,24.4,141.52,-24.4,19.52,-43.92,-24.4,175.68
-122,-24.4,97.6,73.2,-112.24,34.16,136.64,-34.16,9.76,-43.92,-19.52,185.44
-107.36,-14.64,92.72,63.44,-102.48,39.04,122,-43.92,0,-48.8,-24.4,180.56
-117.12,-29.28,87.84,73.2,-102.48,29.28,122,-53.68,0,-43.92,-19.52,175.68
-122,-48.8,73.2,87.84,-97.6,9.76,136.64,-53.68,4.88,-24.4,0,185.44
-117.12,-43.92,73.2,82.96,-97.6,14.64,122,-82.96,-14.64,-34.16,-9.76,175.68
-141.52,-29.28,112.24,87.84,-126.88,39.04,122,-87.84,-14.64,-34.16,-9.76,170.8
-151.28,-34.16,117.12,92.72,-136.64,39.04,122,-87.84,-14.64,-19.52,9.76,180.56
-151.28,-63.44,87.84,107.36,-122,9.76,122,-92.72,-14.64,-24.4,4.88,185.44
-126.88,-48.8,78.08,87.84,-102.48,14.64,112.24,-97.6,-24.4,-29.28,0,180.56
-102.48,-48.8,53.68,78.08,-78.08,0,102.48,-112.24,-43.92,-43.92,-9.76,165.92
-117.12,-53.68,63.44,87.84,-92.72,4.88,102.48,-112.24,-48.8,-43.92,-9.76,165.92
-136.64,-43.92,92.72,92.72,-117.12,24.4,112.24,-107.36,-48.8,-39.04,-4.88,170.8
-161.04,-34.16,126.88,97.6,-146.4,43.92,112.24,-112.24,-39.04,-39.04,-4.88,165.92
-146.4,-34.16,112.24,92.72,-131.76,39.04,107.36,-122,-48.8,-43.92,-4.88,161.04
-112.24,-24.4,87.84,68.32,-102.48,29.28,102.48,-136.64,-58.56,-48.8,-14.64,151.28
-112.24,-19.52,92.72,68.32,-102.48,34.16,102.48,-136.64,-63.44,-58.56,-29.28,141.52
-122,-19.52,102.48,73.2,-112.24,39.04,97.6,-151.28,-68.32,-53.68,-24.4,141.52
-141.52,-43.92,97.6,92.72,-122,24.4,112.24,-141.52,-63.44,-53.68,-14.64,156.16
-126.88,-43.92,82.96,87.84,-107.36,19.52,107.36,-141.52,-68.32,-58.56,-24.4,146.4
-122,-39.04,82.96,82.96,-102.48,19.52,102.48,-141.52,-78.08,-68.32,-29.28,141.52
-126.88,-48.8,78.08,87.84,-102.48,14.64,102.48,-141.52,-78.08,-68.32,-34.16,131.76
-136.64,-53.68,82.96,97.6,-112.24,14.64,112.24,-131.76,-73.2,-68.32,-34.16,136.64
-136.64,-43.92,92.72,92.72,-117.12,24.4,112.24,-131.76,-73.2,-68.32,-24.4,131.76
-131.76,-48.8,82.96,92.72,-107.36,14.64,107.36,-136.64,-78.08,-73.2,-29.28,131.76
-136.64,-34.16,102.48,87.84,-122,34.16,102.48,-141.52,-73.2,-73.2,-24.4,136.64
-126.88,-29.28,97.6,78.08,-112.24,34.16,97.6,-151.28,-82.96,-78.08,-39.04,122
-112.24,-19.52,92.72,68.32,-102.48,34.16,102.48,-161.04,-97.6,-82.96,-43.92,112.24
-126.88,-19.52,107.36,73.2,-117.12,43.92,102.48,-151.28,-92.72,-82.96,-39.04,122
-146.4,-53.68,92.72,102.48,-122,19.52,107.36,-146.4,-92.72,-78.08,-34.16,126.88
-141.52,-58.56,82.96,102.48,-112.24,9.76,112.24,-141.52,-87.84,-73.2,-34.16,126.88
-141.52,-39.04,102.48,92.72,-122,29.28,107.36,-136.64,-87.84,-78.08,-34.16,126.88
-151.28,-53.68,97.6,102.48,-126.88,19.52,117.12,-126.88,-78.08,-78.08,-34.16,131.76
-151.28,-68.32,82.96,112.24,-117.12,4.88,131.76,-117.12,-68.32,-68.32,-24.4,136.64
-117.12,-68.32,48.8,92.72,-82.96,-9.76,107.36,-136.64,-87.84,-82.96,-39.04,117.12
-141.52,-58.56,82.96,102.48,-112.24,9.76,107.36,-131.76,-82.96,-87.84,-39.04,126.88
-161.04,-53.68,107.36,107.36,-136.64,24.4,117.12,-122,-68.32,-78.08,-29.28,131.76
-151.28,-34.16,117.12,92.72,-136.64,39.04,126.88,-122,-58.56,-63.44,-24.4,136.64
-126.88,-24.4,102.48,78.08,-117.12,39.04,126.88,-122,-63.44,-68.32,-24.4,131.76
-131.76,-34.16,97.6,82.96,-117.12,29.28,107.36,-131.76,-82.96,-87.84,-43.92,112.24
-131.76,-34.16,97.6,82.96,-117.12,29.28,117.12,-126.88,-78.08,-87.84,-39.04,122
-117.12,-29.28,87.84,73.2,-102.48,29.28,112.24,-126.88,-87.84,-92.72,-48.8,112.24
-126.88,-34.16,92.72,82.96,-112.24,29.28,102.48,-122,-87.84,-102.48,-53.68,107.36
-122,-39.04,82.96,82.96,-102.48,19.52,107.36,-126.88,-87.84,-102.48,-58.56,107.36
-117.12,-43.92,73.2,82.96,-97.6,14.64,112.24,-126.88,-82.96,-92.72,-48.8,102.48
-117.12,-43.92,73.2,82.96,-97.6,14.64,112.24,-122,-78.08,-87.84,-43.92,107.36
-122,-34.16,87.84,78.08,-107.36,24.4,112.24,-112.24,-68.32,-82.96,-34.16,117.12
-122,-29.28,92.72,78.08,-107.36,29.28,107.36,-126.88,-78.08,-78.08,-39.04,112.24
-107.36,-29.28,78.08,68.32,-92.72,24.4,107.36,-117.12,-78.08,-82.96,-39.04,107.36
-117.12,-14.64,102.48,68.32,-112.24,43.92,117.12,-107.36,-58.56,-82.96,-34.16,112.24
-117.12,-14.64,102.48,68.32,-112.24,43.92,117.12,-107.36,-63.44,-82.96,-34.16,112.24
-102.48,-39.04,63.44,73.2,-82.96,9.76,126.88,-97.6,-58.56,-78.08,-34.16,122
-92.72,-29.28,63.44,63.44,-78.08,14.64,112.24,-102.48,-63.44,-92.72,-48.8,107.36
-102.48,-29.28,73.2,68.32,-87.84,19.52,107.36,-112.24,-68.32,-97.6,-53.68,107.36
-131.76,-43.92,87.84,87.84,-112.24,19.52,117.12,-97.6,-53.68,-78.08,-34.16,122
-126.88,-39.04,87.84,82.96,-107.36,24.4,112.24,-92.72,-53.68,-73.2,-34.16,117.12
-112.24,-43.92,68.32,78.08,-92.72,9.76,107.36,-102.48,-48.8,-78.08,-34.16,112.24
-102.48,-39.04,63.44,73.2,-82.96,9.76,107.36,-102.48,-48.8,-68.32,-34.16,122
-117.12,-29.28,87.84,73.2,-102.48,29.28,107.36,-97.6,-48.8,-58.56,-29.28,117.12
-107.36,-14.64,92.72,63.44,-102.48,39.04,107.36,-92.72,-43.92,-63.44,-29.28,122
-87.84,0,87.84,43.92,-87.84,43.92,102.48,-97.6,-48.8,-68.32,-34.16,112.24
-97.6,-14.64,82.96,58.56,-92.72,34.16,107.36,-97.6,-53.68,-68.32,-29.28,107.36
-87.84,4.88,92.72,43.92,-92.72,48.8,107.36,-87.84,-48.8,-68.32,-29.28,107.36
-102.48,-9.76,92.72,58.56,-97.6,39.04,112.24,-87.84,-43.92,-63.44,-34.16,112.24
-92.72,-53.68,39.04,73.2,-68.32,-9.76,112.24,-82.96,-43.92,-58.56,-29.28,112.24
-92.72,-34.16,58.56,63.44,-78.08,9.76,107.36,-78.08,-34.16,-53.68,-19.52,112.24
-112.24,-24.4,87.84,68.32,-102.48,29.28,117.12,-73.2,-19.52,-48.8,-14.64,117.12
-122,-24.4,97.6,73.2,-112.24,34.16,112.24,-73.2,-19.52,-39.04,-14.64,117.12
-117.12,-24.4,92.72,73.2,-107.36,34.16,107.36,-73.2,-19.52,-34.16,0,122
-102.48,-24.4,78.08,63.44,-92.72,24.4,97.6,-68.32,-19.52,-43.92,-4.88,122
-92.72,-19.52,73.2,58.56,-82.96,24.4,107.36,-68.32,-24.4,-39.04,-4.88,117.12
-82.96,-19.52,63.44,53.68,-73.2,19.52,107.36,-68.32,-24.4,-39.04,-4.88,112.24
-78.08,-24.4,53.68,53.68,-68.32,14.64,107.36,-68.32,-19.52,-43.92,-9.76,112.24
-73.2,-9.76,63.44,43.92,-68.32,24.4,102.48,-73.2,-14.64,-43.92,-4.88,112.24
-78.08,-9.76,68.32,43.92,-73.2,29.28,102.48,-78.08,-19.52,-39.04,-9.76,112.24
-78.08,-9.76,68.32,43.92,-73.2,29.28,97.6,-78.08,-14.64,-39.04,-4.88,112.24
-102.48,0,102.48,53.68,-102.48,48.8,102.48,-73.2,-9.76,-34.16,0,112.24
-141.52,9.76,151.28,68.32,-146.4,78.08,112.24,-58.56,0,-19.52,14.64,122
-117.12,-4.88,112.24,63.44,-117.12,53.68,112.24,-63.44,0,-14.64,9.76,122
-97.6,-24.4,73.2,63.44,-87.84,24.4,112.24,-63.44,-4.88,-19.52,4.88,122
-87.84,-34.16,53.68,63.44,-73.2,9.76,112.24,-58.56,-4.88,-14.64,9.76,122
-112.24,-29.28,82.96,73.2,-97.6,24.4,117.12,-48.8,4.88,0,29.28,131.76
-131.76,-29.28,102.48,82.96,-117.12,34.16,107.36,-48.8,9.76,-4.88,29.28,126.88
-126.88,-9.76,117.12,68.32,-122,53.68,102.48,-53.68,4.88,-4.88,14.64,122
-122,4.88,126.88,58.56,-126.88,63.44,102.48,-53.68,4.88,0,14.64,122
-107.36,4.88,112.24,53.68,-112.24,58.56,82.96,-63.44,-9.76,-14.64,4.88,107.36
-92.72,0,92.72,48.8,-92.72,43.92,73.2,-73.2,-14.64,-24.4,0,92.72
-73.2,-14.64,58.56,43.92,-68.32,19.52,68.32,-78.08,-19.52,-24.4,0,92.72
-68.32,-29.28,39.04,48.8,-53.68,4.88,68.32,-73.2,-19.52,-14.64,4.88,97.6
-82.96,-34.16,48.8,58.56,-68.32,4.88,73.2,-63.44,0,-4.88,14.64,112.24
-73.2,-34.16,39.04,53.68,-58.56,0,68.32,-73.2,-14.64,-14.64,9.76,107.36
-68.32,-29.28,39.04,48.8,-53.68,4.88,63.44,-82.96,-19.52,-19.52,9.76,97.6
-68.32,-19.52,48.8,43.92,-58.56,14.64,68.32,-78.08,-14.64,-19.52,9.76,97.6
-73.2,-29.28,43.92,53.68,-58.56,4.88,63.44,-68.32,-14.64,-14.64,14.64,102.48
-63.44,-19.52,43.92,43.92,-53.68,9.76,63.44,-73.2,-14.64,-14.64,9.76,97.6
-78.08,-19.52,58.56,48.8,-68.32,19.52,68.32,-78.08,-14.64,-14.64,9.76,97.6
-87.84,-24.4,63.44,58.56,-78.08,19.52,68.32,-78.08,-14.64,-19.52,4.88,92.72
-97.6,-29.28,68.32,63.44,-82.96,19.52,58.56,-78.08,-14.64,-14.64,9.76,87.84
-82.96,-34.16,48.8,58.56,-68.32,4.88,53.68,-92.72,-29.28,-24.4,-4.88,78.08
-68.32,-9.76,58.56,39.04,-63.44,24.4,53.68,-92.72,-29.28,-24.4,0,82.96
-68.32,-4.88,63.44,39.04,-68.32,29.28,48.8,-92.72,-29.28,-24.4,0,78.08
-87.84,-24.4,63.44,58.56,-78.08,19.52,58.56,-82.96,-24.4,-19.52,4.88,82.96
-78.08,-39.04,39.04,58.56,-58.56,0,68.32,-78.08,-24.4,-19.52,4.88,78.08
-73.2,-34.16,39.04,53.68,-58.56,0,63.44,-78.08,-24.4,-19.52,0,82.96
-63.44,-24.4,39.04,43.92,-53.68,4.88,58.56,-87.84,-29.28,-24.4,0,78.08
-58.56,-14.64,43.92,39.04,-53.68,14.64,58.56,-92.72,-29.28,-24.4,-4.88,73.2
-58.56,-19.52,39.04,39.04,-48.8,9.76,58.56,-97.6,-29.28,-29.28,-4.88,73.2
-53.68,-19.52,34.16,39.04,-43.92,4.88,53.68,-97.6,-29.28,-29.28,-4.88,63.44
-43.92,-14.64,29.28,29.28,-39.04,4.88,48.8,-102.48,-39.04,-34.16,-9.76,63.44
-58.56,-19.52,39.04,39.04,-48.8,9.76,53.68,-92.72,-34.16,-24.4,-4.88,68.32
-82.96,-19.52,63.44,53.68,-73.2,19.52,63.44,-87.84,-29.28,-14.64,0,73.2
-97.6,-29.28,68.32,63.44,-82.96,19.52,73.2,-82.96,-24.4,-9.76,4.88,78.08
-97.6,-43.92,53.68,73.2,-78.08,4.88,68.32,-82.96,-29.28,-14.64,0,68.32
-63.44,-29.28,34.16,48.8,-48.8,0,58.56,-92.72,-43.92,-29.28,-9.76,53.68
-58.56,-24.4,34.16,43.92,-48.8,4.88,43.92,-107.36,-48.8,-34.16,-14.64,48.8
-58.56,-19.52,39.04,39.04,-48.8,9.76,39.04,-107.36,-53.68,-39.04,-14.64,43.92
-43.92,-19.52,24.4,34.16,-34.16,0,34.16,-112.24,-53.68,-43.92,-19.52,39.04
-34.16,-39.04,-4.88,39.04,-14.64,-24.4,39.04,-107.36,-48.8,-34.16,-19.52,34.16
-29.28,-39.04,-9.76,34.16,-9.76,-24.4,43.92,-112.24,-53.68,-34.16,-14.64,39.04
-34.16,-29.28,4.88,34.16,-19.52,-14.64,34.16,-112.24,-58.56,-34.16,-19.52,34.16
-63.44,-34.16,29.28,48.8,-48.8,-4.88,39.04,-107.36,-48.8,-29.28,-9.76,43.92
-97.6,-34.16,63.44,68.32,-82.96,14.64,53.68,-92.72,-39.04,-19.52,4.88,58.56
-92.72,-53.68,39.04,73.2,-68.32,-9.76,53.68,-97.6,-39.04,-24.4,-4.88,48.8
-73.2,-53.68,19.52,63.44,-48.8,-19.52,43.92,-97.6,-43.92,-29.28,-4.88,43.92
-63.44,-48.8,14.64,58.56,-39.04,-19.52,34.16,-102.48,-48.8,-34.16,-14.64,34.16
-68.32,-63.44,4.88,68.32,-39.04,-29.28,43.92,-102.48,-48.8,-34.16,-14.64,34.16
-58.56,-63.44,-4.88,63.44,-29.28,-34.16,43.92,-97.6,-43.92,-34.16,-14.64,39.04
-58.56,-58.56,0,58.56,-29.28,-29.28,39.04,-102.48,-48.8,-29.28,-14.64,39.04
-48.8,-53.68,-4.88,53.68,-24.4,-29.28,34.16,-107.36,-53.68,-24.4,-14.64,34.16
-19.52,-39.04,-19.52,29.28,0,-29.28,29.28,-112.24,-63.44,-43.92,-24.4,24.4
-24.4,-43.92,-19.52,34.16,-4.88,-34.16,24.4,-122,-68.32,-43.92,-24.4,24.4
-43.92,-29.28,14.64,39.04,-29.28,-9.76,34.16,-112.24,-58.56,-34.16,-19.52,29.28
-58.56,-39.04,19.52,48.8,-39.04,-9.76,34.16,-107.36,-58.56,-39.04,-19.52,24.4
-48.8,-53.68,-4.88,53.68,-24.4,-29.28,34.16,-97.6,-53.68,-34.16,-14.64,24.4
-48.8,-53.68,-4.88,53.68,-24.4,-29.28,39.04,-102.48,-48.8,-29.28,-9.76,24.4
-58.56,-58.56,0,58.56,-29.28,-29.28,29.28,-107.36,-48.8,-34.16,-9.76,24.4
-43.92,-87.84,-43.92,68.32,0,-68.32,34.16,-97.6,-43.92,-29.28,-4.88,29.28
-48.8,-82.96,-34.16,68.32,-9.76,-58.56,39.04,-92.72,-39.04,-19.52,-4.88,29.28
-53.68,-73.2,-19.52,63.44,-19.52,-48.8,34.16,-102.48,-43.92,-19.52,-9.76,24.4
-29.28,-58.56,-29.28,43.92,0,-43.92,24.4,-107.36,-48.8,-29.28,-14.64,14.64
-24.4,-58.56,-34.16,43.92,4.88,-48.8,24.4,-107.36,-58.56,-29.28,-14.64,14.64
-24.4,-78.08,-53.68,53.68,14.64,-68.32,24.4,-102.48,-58.56,-29.28,-14.64,14.64
-24.4,-53.68,-29.28,39.04,0,-43.92,24.4,-102.48,-48.8,-34.16,-14.64,14.64
-24.4,-53.68,-29.28,39.04,0,-43.92,14.64,-107.36,-58.56,-39.04,-14.64,4.88
-24.4,-58.56,-34.16,43.92,4.88,-48.8,24.4,-107.36,-58.56,-34.16,-19.52,4.88
-39.04,-63.44,-24.4,53.68,-9.76,-43.92,19.52,-102.48,-58.56,-34.16,-19.52,4.88
-48.8,-63.44,-14.64,58.56,-19.52,-39.04,9.76,-107.36,-58.56,-39.04,-24.4,0
-24.4,-58.56,-34.16,43.92,4.88,-48.8,9.76,-117.12,-73.2,-43.92,-29.28,-14.64
-19.52,-48.8,-29.28,34.16,4.88,-39.04,4.88,-126.88,-73.2,-43.92,-34.16,-14.64
-29.28,-43.92,-14.64,39.04,-9.76,-29.28,4.88,-117.12,-63.44,-43.92,-29.28,-14.64
-29.28,-34.16,-4.88,34.16,-14.64,-19.52,0,-107.36,-68.32,-39.04,-29.28,-14.64
-29.28,-43.92,-14.64,39.04,-9.76,-29.28,0,-112.24,-73.2,-48.8,-29.28,-19.52
-4.88,-39.04,-34.16,24.4,14.64,-39.04,-4.88,-117.12,-78.08,-53.68,-39.04,-24.4
0,-29.28,-29.28,14.64,14.64,-29.28,-9.76,-122,-78.08,-53.68,-43.92,-34.16
0,-34.16,-34.16,19.52,14.64,-34.16,-19.52,-126.88,-78.08,-53.68,-43.92,-34.16
-4.88,-19.52,-14.64,14.64,4.88,-19.52,-19.52,-131.76,-73.2,-63.44,-43.92,-34.16
-14.64,-34.16,-19.52,24.4,0,-29.28,-14.64,-126.88,-68.32,-58.56,-34.16,-39.04
-24.4,-48.8,-24.4,39.04,0,-39.04,-9.76,-117.12,-73.2,-43.92,-24.4,-34.16
-9.76,-39.04,-29.28,24.4,9.76,-34.16,-14.64,-126.88,-78.08,-53.68,-34.16,-34.16
-9.76,-34.16,-24.4,24.4,4.88,-29.28,-14.64,-117.12,-78.08,-53.68,-39.04,-34.16
-29.28,-48.8,-19.52,39.04,-4.88,-34.16,-4.88,-102.48,-63.44,-39.04,-29.28,-24.4
-29.28,-58.56,-29.28,43.92,0,-43.92,0,-92.72,-58.56,-29.28,-19.52,-19.52
-4.88,-48.8,-43.92,29.28,19.52,-48.8,-14.64,-112.24,-78.08,-48.8,-39.04,-39.04
-9.76,-29.28,-19.52,19.52,4.88,-24.4,-19.52,-117.12,-78.08,-48.8,-39.04,-43.92
-29.28,-43.92,-14.64,39.04,-9.76,-29.28,-9.76,-112.24,-68.32,-39.04,-29.28,-34.16
-14.64,-39.04,-24.4,29.28,4.88,-34.16,-24.4,-122,-78.08,-53.68,-43.92,-48.8
4.88,-19.52,-24.4,9.76,14.64,-24.4,-39.04,-131.76,-82.96,-68.32,-53.68,-68.32
-4.88,-34.16,-29.28,19.52,9.76,-34.16,-43.92,-136.64,-87.84,-58.56,-48.8,-68.32
19.52,-53.68,-73.2,19.52,43.92,-63.44,-29.28,-126.88,-78.08,-53.68,-43.92,-58.56
0,-48.8,-48.8,24.4,24.4,-48.8,-24.4,-107.36,-68.32,-43.92,-34.16,-48.8
-29.28,-58.56,-29.28,43.92,0,-43.92,-14.64,-102.48,-68.32,-34.16,-29.28,-43.92
-24.4,-53.68,-29.28,39.04,0,-43.92,-14.64,-102.48,-68.32,-39.04,-29.28,-43.92
4.88,-53.68,-58.56,24.4,29.28,-58.56,-19.52,-107.36,-73.2,-43.92,-39.04,-53.68
0,-39.04,-39.04,19.52,19.52,-39.04,-34.16,-107.36,-78.08,-48.8,-43.92,-63.44
-4.88,-39.04,-34.16,24.4,14.64,-39.04,-29.28,-117.12,-73.2,-48.8,-39.04,-58.56
4.88,-43.92,-48.8,19.52,24.4,-48.8,-39.04,-122,-78.08,-58.56,-48.8,-73.2
19.52,-39.04,-58.56,9.76,39.04,-48.8,-39.04,-122,-78.08,-53.68,-48.8,-73.2
19.52,-29.28,-48.8,4.88,34.16,-39.04,-39.04,-122,-78.08,-43.92,-39.04,-73.2
14.64,-34.16,-48.8,9.76,29.28,-43.92,-48.8,-126.88,-82.96,-48.8,-39.04,-68.32
19.52,-29.28,-48.8,4.88,34.16,-39.04,-53.68,-122,-87.84,-58.56,-43.92,-78.08
24.4,-48.8,-73.2,14.64,48.8,-63.44,-43.92,-112.24,-82.96,-53.68,-39.04,-78.08
19.52,-73.2,-92.72,29.28,53.68,-82.96,-48.8,-107.36,-78.08,-53.68,-34.16,-68.32
24.4,-58.56,-82.96,19.52,53.68,-73.2,-53.68,-112.24,-82.96,-53.68,-43.92,-78.08
24.4,-43.92,-68.32,9.76,43.92,-58.56,-58.56,-112.24,-78.08,-53.68,-43.92,-87.84
24.4,-39.04,-63.44,9.76,43.92,-53.68,-58.56,-112.24,-82.96,-58.56,-43.92,-92.72
43.92,-39.04,-82.96,0,63.44,-63.44,-63.44,-126.88,-92.72,-68.32,-53.68,-102.48
53.68,-43.92,-97.6,-4.88,73.2,-73.2,-73.2,-131.76,-87.84,-68.32,-53.68,-102.48
29.28,-39.04,-68.32,4.88,48.8,-53.68,-58.56,-122,-82.96,-48.8,-39.04,-97.6
14.64,-29.28,-43.92,9.76,29.28,-39.04,-53.68,-122,-82.96,-53.68,-43.92,-92.72
29.28,-29.28,-58.56,0,43.92,-43.92,-58.56,-117.12,-87.84,-58.56,-48.8,-102.48
48.8,-39.04,-87.84,-4.88,68.32,-63.44,-63.44,-117.12,-87.84,-58.56,-58.56,-102.48
48.8,-48.8,-97.6,0,73.2,-73.2,-73.2,-122,-97.6,-68.32,-63.44,-112.24
53.68,-34.16,-87.84,-9.76,68.32,-63.44,-78.08,-126.88,-97.6,-68.32,-63.44,-112.24
53.68,-34.16,-87.84,-9.76,68.32,-63.44,-87.84,-122,-102.48,-68.32,-68.32,-117.12
53.68,-58.56,-112.24,4.88,82.96,-87.84,-92.72,-122,-92.72,-63.44,-58.56,-122
34.16,-48.8,-82.96,9.76,58.56,-68.32,-78.08,-112.24,-82.96,-48.8,-48.8,-112.24
19.52,-39.04,-58.56,9.76,39.04,-48.8,-87.84,-112.24,-73.2,-48.8,-48.8,-112.24
24.4,-34.16,-58.56,4.88,39.04,-48.8,-97.6,-112.24,-82.96,-43.92,-53.68,-117.12
14.64,-39.04,-53.68,14.64,34.16,-48.8,-97.6,-112.24,-73.2,-39.04,-43.92,-117.12
-4.88,-48.8,-43.92,29.28,19.52,-48.8,-92.72,-97.6,-68.32,-34.16,-29.28,-107.36
14.64,-58.56,-73.2,24.4,43.92,-68.32,-92.72,-92.72,-63.44,-34.16,-34.16,-107.36
34.16,-53.68,-87.84,9.76,58.56,-73.2,-92.72,-97.6,-78.08,-48.8,-39.04,-112.24
58.56,-53.68,-112.24,0,82.96,-82.96,-102.48,-107.36,-87.84,-58.56,-48.8,-122
87.84,-43.92,-131.76,-19.52,107.36,-87.84,-112.24,-117.12,-97.6,-68.32,-58.56,-131.76
68.32,-43.92,-112.24,-9.76,87.84,-78.08,-102.48,-107.36,-87.84,-63.44,-58.56,-126.88
48.8,-43.92,-92.72,0,68.32,-68.32,-92.72,-107.36,-82.96,-58.56,-53.68,-122
43.92,-39.04,-82.96,0,63.44,-63.44,-102.48,-107.36,-82.96,-58.56,-53.68,-126.88
19.52,-53.68,-73.2,19.52,43.92,-63.44,-92.72,-102.48,-78.08,-43.92,-39.04,-117.12
24.4,-34.16,-58.56,4.88,39.04,-48.8,-87.84,-102.48,-78.08,-48.8,-39.04,-112.24
43.92,-43.92,-87.84,0,63.44,-68.32,-92.72,-102.48,-82.96,-53.68,-48.8,-112.24
63.44,-58.56,-122,0,92.72,-92.72,-92.72,-97.6,-82.96,-48.8,-39.04,-107.36
43.92,-43.92,-87.84,0,63.44,-68.32,-78.08,-87.84,-73.2,-39.04,-29.28,-102.48
24.4,-39.04,-63.44,9.76,43.92,-53.68,-82.96,-87.84,-73.2,-39.04,-34.16,-102.48
53.68,-29.28,-82.96,-9.76,68.32,-58.56,-102.48,-107.36,-87.84,-53.68,-43.92,-112.24
73.2,-34.16,-107.36,-19.52,87.84,-73.2,-102.48,-112.24,-87.84,-53.68,-48.8,-117.12
58.56,-58.56,-117.12,0,87.84,-87.84,-92.72,-112.24,-87.84,-53.68,-58.56,-112.24
34.16,-63.44,-97.6,14.64,63.44,-82.96,-92.72,-102.48,-82.96,-43.92,-48.8,-112.24
-9.76,-63.44,-53.68,39.04,19.52,-58.56,-78.08,-87.84,-63.44,-29.28,-29.28,-92.72
-19.52,-53.68,-34.16,39.04,4.88,-43.92,-78.08,-82.96,-63.44,-24.4,-24.4,-87.84
14.64,-29.28,-43.92,9.76,29.28,-39.04,-82.96,-92.72,-73.2,-39.04,-39.04,-97.6
24.4,-24.4,-48.8,0,34.16,-39.04,-97.6,-107.36,-92.72,-53.68,-48.8,-112.24
34.16,0,-34.16,-14.64,34.16,-19.52,-97.6,-112.24,-92.72,-63.44,-53.68,-112.24
34.16,-19.52,-53.68,-4.88,43.92,-39.04,-87.84,-102.48,-87.84,-53.68,-48.8,-102.48
29.28,-68.32,-97.6,19.52,63.44,-82.96,-78.08,-82.96,-73.2,-39.04,-34.16,-92.72
43.92,-58.56,-102.48,9.76,73.2,-82.96,-82.96,-97.6,-87.84,-48.8,-43.92,-102.48
48.8,-53.68,-102.48,4.88,73.2,-78.08,-87.84,-102.48,-82.96,-53.68,-48.8,-97.6
39.04,-53.68,-92.72,9.76,63.44,-73.2,-87.84,-102.48,-78.08,-48.8,-48.8,-97.6
53.68,-48.8,-102.48,0,78.08,-78.08,-92.72,-107.36,-87.84,-48.8,-43.92,-102.48
34.16,-48.8,-82.96,9.76,58.56,-68.32,-87.84,-107.36,-92.72,-48.8,-43.92,-102.48
4.88,-43.92,-48.8,19.52,24.4,-48.8,-68.32,-87.84,-68.32,-39.04,-24.4,-82.96
24.4,-43.92,-68.32,9.76,43.92,-58.56,-78.08,-92.72,-78.08,-43.92,-29.28,-87.84
19.52,-63.44,-82.96,24.4,48.8,-73.2,-82.96,-97.6,-87.84,-53.68,-39.04,-92.72
29.28,-58.56,-87.84,14.64,58.56,-73.2,-82.96,-97.6,-82.96,-48.8,-39.04,-92.72
39.04,-48.8,-87.84,4.88,63.44,-68.32,-82.96,-102.48,-87.84,-58.56,-48.8,-97.6
34.16,-48.8,-82.96,9.76,58.56,-68.32,-78.08,-107.36,-82.96,-58.56,-48.8,-97.6
34.16,-48.8,-82.96,9.76,58.56,-68.32,-82.96,-107.36,-87.84,-58.56,-48.8,-102.48
39.04,-53.68,-92.72,9.76,63.44,-73.2,-87.84,-117.12,-87.84,-58.56,-53.68,-102.48
48.8,-43.92,-92.72,0,68.32,-68.32,-82.96,-117.12,-92.72,-63.44,-48.8,-102.48
34.16,-43.92,-78.08,4.88,53.68,-63.44,-82.96,-112.24,-87.84,-53.68,-43.92,-87.84
9.76,-53.68,-63.44,24.4,34.16,-58.56,-82.96,-97.6,-87.84,-48.8,-34.16,-82.96
24.4,-48.8,-73.2,14.64,48.8,-63.44,-82.96,-102.48,-92.72,-48.8,-34.16,-82.96
14.64,-43.92,-58.56,14.64,34.16,-53.68,-82.96,-102.48,-92.72,-53.68,-34.16,-82.96
14.64,-43.92,-58.56,14.64,34.16,-53.68,-78.08,-97.6,-87.84,-48.8,-34.16,-87.84
29.28,-24.4,-53.68,0,39.04,-39.04,-78.08,-97.6,-92.72,-58.56,-34.16,-97.6
19.52,-39.04,-58.56,9.76,39.04,-48.8,-68.32,-102.48,-87.84,-48.8,-34.16,-82.96
14.64,-43.92,-58.56,14.64,34.16,-53.68,-63.44,-102.48,-78.08,-48.8,-39.04,-82.96
9.76,-29.28,-39.04,9.76,24.4,-34.16,-68.32,-102.48,-78.08,-43.92,-39.04,-78.08
14.64,-9.76,-24.4,0,19.52,-19.52,-78.08,-122,-87.84,-53.68,-48.8,-87.84
34.16,9.76,-24.4,-19.52,29.28,-9.76,-92.72,-131.76,-102.48,-68.32,-58.56,-97.6
34.16,-43.92,-78.08,4.88,53.68,-63.44,-78.08,-112.24,-87.84,-53.68,-48.8,-82.96
19.52,-48.8,-68.32,14.64,43.92,-58.56,-68.32,-102.48,-82.96,-48.8,-39.04,-73.2
24.4,-24.4,-48.8,0,34.16,-39.04,-68.32,-102.48,-92.72,-58.56,-43.92,-73.2
43.92,-24.4,-68.32,-9.76,53.68,-48.8,-78.08,-112.24,-107.36,-68.32,-53.68,-82.96
48.8,-19.52,-68.32,-14.64,58.56,-43.92,-78.08,-112.24,-107.36,-73.2,-53.68,-82.96
39.04,-34.16,-73.2,0,53.68,-53.68,-73.2,-107.36,-97.6,-68.32,-43.92,-78.08
9.76,-34.16,-43.92,14.64,24.4,-39.04,-73.2,-107.36,-87.84,-58.56,-39.04,-68.32
9.76,-24.4,-34.16,9.76,19.52,-29.28,-63.44,-107.36,-87.84,-53.68,-39.04,-68.32
14.64,-24.4,-39.04,4.88,24.4,-34.16,-63.44,-107.36,-87.84,-58.56,-39.04,-73.2
24.4,-34.16,-58.56,4.88,39.04,-48.8,-68.32,-112.24,-87.84,-58.56,-39.04,-78.08
4.88,-24.4,-29.28,9.76,14.64,-29.28,-63.44,-102.48,-82.96,-53.68,-34.16,-63.44
-9.76,-24.4,-14.64,19.52,0,-19.52,-58.56,-107.36,-82.96,-53.68,-34.16,-73.2
19.52,-14.64,-34.16,0,24.4,-24.4,-73.2,-112.24,-97.6,-63.44,-43.92,-82.96
43.92,-19.52,-63.44,-9.76,53.68,-43.92,-82.96,-117.12,-102.48,-73.2,-53.68,-82.96
24.4,-34.16,-58.56,4.88,39.04,-48.8,-73.2,-112.24,-97.6,-63.44,-48.8,-82.96
4.88,-34.16,-39.04,14.64,19.52,-39.04,-68.32,-107.36,-92.72,-58.56,-39.04,-68.32
-19.52,-24.4,-4.88,24.4,-9.76,-14.64,-58.56,-102.48,-92.72,-53.68,-34.16,-68.32
-9.76,-29.28,-19.52,19.52,4.88,-24.4,-53.68,-97.6,-82.96,-48.8,-24.4,-58.56
0,-14.64,-14.64,9.76,4.88,-14.64,-58.56,-107.36,-97.6,-48.8,-29.28,-68.32
24.4,-14.64,-39.04,-4.88,29.28,-29.28,-68.32,-117.12,-107.36,-58.56,-43.92,-78.08
48.8,-9.76,-58.56,-19.52,53.68,-34.16,-73.2,-126.88,-107.36,-68.32,-48.8,-78.08
9.76,-4.88,-14.64,0,9.76,-9.76,-63.44,-117.12,-97.6,-63.44,-39.04,-63.44
-4.88,-19.52,-14.64,14.64,4.88,-19.52,-39.04,-97.6,-82.96,-48.8,-24.4,-48.8
24.4,-14.64,-39.04,-4.88,29.28,-29.28,-39.04,-97.6,-82.96,-53.68,-34.16,-53.68
29.28,-4.88,-34.16,-9.76,29.28,-19.52,-43.92,-97.6,-82.96,-53.68,-29.28,-58.56
34.16,-4.88,-39.04,-14.64,34.16,-24.4,-29.28,-92.72,-73.2,-53.68,-29.28,-53.68
39.04,0,-39.04,-19.52,39.04,-19.52,-29.28,-82.96,-73.2,-48.8,-19.52,-48.8
29.28,19.52,-9.76,-24.4,19.52,4.88,-24.4,-73.2,-63.44,-34.16,-14.64,-39.04
19.52,34.16,14.64,-24.4,0,24.4,-19.52,-68.32,-58.56,-24.4,-4.88,-39.04
4.88,43.92,39.04,-24.4,-19.52,39.04,-9.76,-63.44,-53.68,-19.52,0,-24.4
14.64,43.92,29.28,-29.28,-9.76,34.16,-4.88,-58.56,-53.68,-24.4,-4.88,-29.28
34.16,58.56,24.4,-43.92,4.88,39.04,-4.88,-58.56,-48.8,-24.4,-4.88,-34.16
34.16,63.44,29.28,-48.8,0,43.92,14.64,-63.44,-63.44,-29.28,-9.76,-39.04
9.76,68.32,58.56,-39.04,-24.4,63.44,34.16,-53.68,-48.8,-24.4,-4.88,-29.28
0,82.96,82.96,-39.04,-43.92,82.96,48.8,-39.04,-39.04,-14.64,0,-24.4
4.88,92.72,87.84,-48.8,-43.92,87.84,58.56,-34.16,-34.16,-14.64,0,-29.28
14.64,68.32,53.68,-39.04,-19.52,58.56,78.08,-14.64,-14.64,4.88,14.64,-9.76
24.4,58.56,34.16,-39.04,-4.88,43.92,68.32,-19.52,-14.64,4.88,19.52,-4.88
43.92,58.56,14.64,-48.8,14.64,34.16,68.32,-14.64,-9.76,9.76,24.4,4.88
39.04,73.2,34.16,-53.68,0,53.68,82.96,4.88,9.76,29.28,43.92,19.52
24.4,92.72,68.32,-58.56,-24.4,78.08,78.08,14.64,19.52,39.04,58.56,34.16
29.28,97.6,68.32,-63.44,-19.52,82.96,48.8,9.76,14.64,43.92,63.44,39.04
58.56,112.24,53.68,-82.96,0,82.96,9.76,-9.76,4.88,48.8,68.32,43.92
68.32,122,53.68,-92.72,4.88,87.84,-14.64,-14.64,4.88,43.92,63.44,43.92
48.8,117.12,68.32,-82.96,-9.76,92.72,-24.4,-14.64,9.76,53.68,73.2,53.68
48.8,102.48,53.68,-73.2,-4.88,78.08,-43.92,-43.92,-9.76,29.28,53.68,39.04
73.2,82.96,9.76,-78.08,29.28,43.92,-73.2,-73.2,-34.16,19.52,34.16,24.4
78.08,82.96,4.88,-78.08,34.16,43.92,-92.72,-87.84,-53.68,0,19.52,14.64
53.68,82.96,29.28,-68.32,9.76,53.68,-97.6,-97.6,-63.44,0,24.4,14.64
82.96,82.96,0,-82.96,39.04,39.04,-92.72,-97.6,-63.44,-9.76,14.64,9.76
73.2,63.44,-9.76,-68.32,39.04,24.4,-78.08,-82.96,-48.8,0,24.4,24.4
63.44,34.16,-29.28,-48.8,43.92,0,-68.32,-73.2,-48.8,-4.88,29.28,29.28
58.56,43.92,-14.64,-48.8,34.16,14.64,-68.32,-73.2,-48.8,0,29.28,34.16
24.4,53.68,29.28,-39.04,-4.88,39.04,-53.68,-68.32,-43.92,4.88,29.28,29.28
29.28,58.56,29.28,-43.92,0,43.92,-63.44,-78.08,-58.56,-9.76,19.52,19.52
48.8,43.92,-4.88,-43.92,24.4,19.52,-68.32,-92.72,-63.44,-19.52,9.76,14.64
34.16,24.4,-9.76,-29.28,19.52,4.88,-63.44,-92.72,-68.32,-19.52,9.76,14.64
29.28,19.52,-9.76,-24.4,19.52,4.88,-58.56,-92.72,-63.44,-9.76,14.64,24.4
34.16,9.76,-24.4,-19.52,29.28,-9.76,-63.44,-107.36,-73.2,-19.52,4.88,19.52
19.52,-9.76,-29.28,-4.88,24.4,-19.52,-63.44,-122,-87.84,-34.16,-4.88,4.88
9.76,-9.76,-19.52,0,14.64,-14.64,-53.68,-117.12,-92.72,-39.04,-9.76,4.88
19.52,-4.88,-24.4,-4.88,19.52,-14.64,-58.56,-122,-102.48,-53.68,-14.64,0
19.52,4.88,-14.64,-9.76,14.64,-4.88,-48.8,-112.24,-97.6,-43.92,-9.76,14.64
19.52,19.52,0,-19.52,9.76,9.76,-48.8,-112.24,-97.6,-43.92,-14.64,4.88
9.76,4.88,-4.88,-4.88,4.88,0,-43.92,-117.12,-102.48,-48.8,-24.4,-4.88
14.64,0,-14.64,-4.88,14.64,-9.76,-48.8,-122,-107.36,-63.44,-34.16,-14.64
9.76,19.52,9.76,-14.64,0,14.64,-53.68,-126.88,-117.12,-68.32,-39.04,-19.52
-4.88,14.64,19.52,-4.88,-14.64,14.64,-53.68,-136.64,-126.88,-78.08,-53.68,-34.16
-24.4,0,24.4,14.64,-24.4,9.76,-43.92,-136.64,-122,-68.32,-43.92,-19.52
-43.92,-14.64,29.28,29.28,-39.04,4.88,-43.92,-136.64,-117.12,-73.2,-48.8,-19.52
-29.28,-14.64,14.64,24.4,-24.4,0,-43.92,-131.76,-122,-78.08,-53.68,-24.4
-24.4,-14.64,9.76,19.52,-19.52,-4.88,-43.92,-136.64,-131.76,-82.96,-53.68,-29.28
-24.4,-24.4,0,24.4,-14.64,-14.64,-58.56,-146.4,-141.52,-97.6,-63.44,-39.04
-9.76,-24.4,-14.64,19.52,0,-19.52,-58.56,-146.4,-146.4,-92.72,-68.32,-39.04
-29.28,0,29.28,14.64,-29.28,14.64,-63.44,-146.4,-146.4,-92.72,-68.32,-39.04
-43.92,-14.64,29.28,29.28,-39.04,4.88,-58.56,-141.52,-136.64,-87.84,-58.56,-34.16
-48.8,-14.64,34.16,34.16,-43.92,9.76,-53.68,-131.76,-126.88,-82.96,-53.68,-29.28
-48.8,-39.04,9.76,43.92,-29.28,-14.64,-39.04,-126.88,-117.12,-73.2,-43.92,-19.52
-24.4,-58.56,-34.16,43.92,4.88,-48.8,-39.04,-131.76,-122,-78.08,-53.68,-19.52
-19.52,-43.92,-24.4,34.16,0,-34.16,-48.8,-146.4,-136.64,-92.72,-63.44,-34.16
-29.28,-43.92,-14.64,39.04,-9.76,-29.28,-53.68,-141.52,-131.76,-87.84,-58.56,-34.16
-24.4,-48.8,-24.4,39.04,0,-39.04,-48.8,-131.76,-126.88,-82.96,-53.68,-29.28
-14.64,-43.92,-29.28,29.28,4.88,-39.04,-43.92,-136.64,-141.52,-87.84,-58.56,-34.16
-19.52,-48.8,-29.28,34.16,4.88,-39.04,-43.92,-141.52,-141.52,-92.72,-63.44,-39.04
-9.76,-43.92,-34.16,29.28,9.76,-39.04,-39.04,-141.52,-131.76,-82.96,-53.68,-34.16
-19.52,-43.92,-24.4,34.16,0,-34.16,-43.92,-146.4,-136.64,-87.84,-63.44,-39.04
-19.52,-39.04,-19.52,29.28,0,-29.28,-43.92,-146.4,-131.76,-87.84,-63.44,-34.16
-48.8,-24.4,24.4,39.04,-39.04,0,-29.28,-141.52,-122,-73.2,-53.68,-29.28
-63.44,-24.4,39.04,43.92,-53.68,4.88,-29.28,-141.52,-122,-78.08,-48.8,-29.28
-39.04,-24.4,14.64,34.16,-29.28,-4.88,-39.04,-146.4,-131.76,-87.84,-63.44,-39.04
-39.04,-39.04,0,39.04,-19.52,-19.52,-39.04,-146.4,-136.64,-87.84,-63.44,-39.04
-39.04,-39.04,0,39.04,-19.52,-19.52,-24.4,-136.64,-131.76,-92.72,-58.56,-39.04
-34.16,-34.16,0,34.16,-19.52,-19.52,-9.76,-122,-131.76,-102.48,-68.32,-48.8
-39.04,-43.92,-4.88,43.92,-19.52,-24.4,14.64,-78.08,-107.36,-102.48,-82.96,-63.44
-73.2,-53.68,19.52,63.44,-48.8,-19.52,63.44,-9.76,-63.44,-107.36,-97.6,-78.08
-107.36,-29.28,78.08,68.32,-92.72,24.4,126.88,78.08,-9.76,-126.88,-126.88,-107.36
-126.88,19.52,146.4,53.68,-136.64,82.96,195.2,209.84,68.32,-141.52,-161.04,-146.4
-146.4,73.2,219.6,39.04,-185.44,146.4,287.92,395.28,214.72,-112.24,-165.92,-165.92
-146.4,117.12,263.52,14.64,-204.96,190.32,366,566.08,346.48,-78.08,-146.4,-170.8
-146.4,175.68,322.08,-14.64,-234.24,248.88,419.68,697.84,463.6,4.88,-78.08,-122
-97.6,239.12,336.72,-68.32,-219.6,287.92,444.08,771.04,561.2,107.36,9.76,-63.44
-58.56,268.4,326.96,-102.48,-195.2,297.68,468.48,785.68,614.88,224.48,126.88,19.52
-9.76,317.2,326.96,-151.28,-170.8,322.08,409.92,668.56,624.64,400.16,312.32,165.92
92.72,400.16,307.44,-244,-107.36,351.36,297.68,502.64,658.8,663.68,566.08,351.36
204.96,473.36,268.4,-336.72,-34.16,370.88,170.8,278.16,697.84,1019.92,897.92,590.48
322.08,580.72,258.64,-448.96,29.28,419.68,-4.88,-53.68,717.36,1478.64,1327.36,902.8
424.56,707.6,283.04,-566.08,68.32,492.88,-244,-429.44,702.72,1937.36,1751.92,1224.88
536.8,883.28,346.48,-707.6,92.72,614.88,-497.76,-736.88,732,2425.36,2215.52,1586
668.56,990.64,322.08,-829.6,170.8,653.92,-678.32,-883.28,902.8,2962.16,2644.96,1893.44
741.76,941.84,200.08,-839.36,268.4,570.96,-766.16,-912.56,1058.96,3298.88,2864.56,2054.48
771.04,849.12,78.08,-810.08,346.48,463.6,-834.48,-1019.92,956.48,3264.72,2820.64,2074
790.56,673.44,-117.12,-732,453.84,278.16,-907.68,-1141.92,722.24,2967.04,2571.76,1932.48
717.36,502.64,-214.72,-610,463.6,141.52,-951.6,-1278.56,370.88,2459.52,2171.6,1717.76
600.24,424.56,-175.68,-512.4,385.52,122,-1005.28,-1478.64,-185.44,1625.04,1581.12,1395.68
444.08,366,-78.08,-405.04,258.64,141.52,-1063.84,-1659.2,-780.8,761.28,1005.28,1093.12
312.32,287.92,-24.4,-297.68,165.92,131.76,-1049.2,-1708,-1215.12,53.68,546.56,829.6
219.6,161.04,-58.56,-190.32,136.64,48.8,-956.48,-1659.2,-1434.72,-468.48,131.76,546.56
161.04,39.04,-122,-97.6,141.52,-43.92,-863.76,-1517.68,-1405.44,-663.68,-112.24,317.2
117.12,-63.44,-180.56,-24.4,146.4,-122,-775.92,-1302.96,-1200.48,-634.4,-239.12,131.76
92.72,-117.12,-209.84,14.64,151.28,-165.92,-658.8,-1068.72,-976,-527.04,-248.88,68.32
112.24,-122,-234.24,4.88,170.8,-180.56,-595.36,-902.8,-810.08,-434.32,-214.72,43.92
126.88,-102.48,-229.36,-9.76,175.68,-165.92,-527.04,-795.44,-707.6,-385.52,-200.08,34.16
117.12,-92.72,-209.84,-9.76,161.04,-151.28,-463.6,-683.2,-614.88,-341.6,-180.56,24.4
112.24,-87.84,-200.08,-9.76,156.16,-146.4,-380.64,-551.44,-502.64,-283.04,-146.4,34.16
78.08,-73.2,-151.28,0,112.24,-112.24,-292.8,-419.68,-400.16,-209.84,-102.48,48.8
29.28,-78.08,-107.36,24.4,68.32,-92.72,-229.36,-317.2,-317.2,-165.92,-82.96,43.92
24.4,-68.32,-92.72,24.4,58.56,-82.96,-175.68,-244,-244,-131.76,-63.44,34.16
-9.76,-68.32,-58.56,39.04,24.4,-63.44,-102.48,-161.04,-180.56,-102.48,-53.68,24.4
-24.4,-82.96,-58.56,53.68,14.64,-73.2,-73.2,-117.12,-151.28,-102.48,-68.32,-4.88
0,-82.96,-82.96,43.92,39.04,-82.96,-53.68,-92.72,-136.64,-102.48,-73.2,-14.64
-4.88,-92.72,-87.84,48.8,39.04,-92.72,-34.16,-78.08,-122,-97.6,-82.96,-19.52
-19.52,-73.2,-53.68,48.8,14.64,-63.44,-14.64,-53.68,-112.24,-107.36,-92.72,-29.28
-4.88,-63.44,-58.56,34.16,24.4,-63.44,0,-34.16,-97.6,-112.24,-92.72,-34.16
-9.76,-78.08,-68.32,43.92,29.28,-73.2,4.88,-19.52,-92.72,-107.36,-92.72,-39.04
-24.4,-68.32,-43.92,48.8,9.76,-58.56,14.64,-19.52,-92.72,-112.24,-97.6,-43.92
-58.56,-63.44,-4.88,63.44,-29.28,-34.16,29.28,0,-82.96,-112.24,-92.72,-39.04
-63.44,-68.32,-4.88,68.32,-29.28,-39.04,34.16,4.88,-82.96,-112.24,-97.6,-53.68
-43.92,-78.08,-34.16,63.44,-4.88,-58.56,39.04,9.76,-82.96,-122,-107.36,-63.44
-39.04,-82.96,-43.92,63.44,0,-63.44,34.16,4.88,-82.96,-131.76,-112.24,-78.08
-43.92,-92.72,-48.8,68.32,0,-73.2,39.04,9.76,-73.2,-126.88,-107.36,-78.08
-53.68,-78.08,-24.4,68.32,-14.64,-53.68,43.92,14.64,-58.56,-112.24,-102.48,-73.2
-39.04,-68.32,-29.28,53.68,-4.88,-48.8,34.16,19.52,-58.56,-122,-112.24,-82.96
-19.52,-68.32,-48.8,43.92,14.64,-58.56,43.92,24.4,-53.68,-126.88,-117.12,-87.84
-24.4,-87.84,-63.44,58.56,19.52,-78.08,53.68,34.16,-43.92,-117.12,-107.36,-82.96
-39.04,-92.72,-53.68,68.32,4.88,-73.2,73.2,53.68,-34.16,-107.36,-97.6,-73.2
-58.56,-78.08,-19.52,68.32,-19.52,-48.8,78.08,68.32,-29.28,-107.36,-97.6,-73.2
-78.08,-73.2,4.88,78.08,-43.92,-34.16,87.84,68.32,-29.28,-97.6,-97.6,-68.32
-58.56,-82.96,-24.4,73.2,-19.52,-53.68,82.96,68.32,-34.16,-107.36,-107.36,-82.96
-53.68,-87.84,-34.16,73.2,-9.76,-63.44,73.2,58.56,-34.16,-117.12,-112.24,-92.72
-48.8,-97.6,-48.8,73.2,0,-73.2,73.2,58.56,-39.04,-117.12,-117.12,-92.72
-24.4,-68.32,-43.92,48.8,9.76,-58.56,82.96,68.32,-19.52,-97.6,-102.48,-78.08
-4.88,-58.56,-53.68,34.16,24.4,-58.56,78.08,73.2,-14.64,-97.6,-97.6,-82.96
-34.16,-97.6,-63.44,68.32,14.64,-82.96,63.44,53.68,-24.4,-112.24,-112.24,-102.48
-53.68,-102.48,-48.8,78.08,-4.88,-78.08,82.96,73.2,-14.64,-92.72,-97.6,-87.84
-58.56,-97.6,-39.04,78.08,-9.76,-68.32,92.72,87.84,-4.88,-92.72,-92.72,-78.08
-68.32,-82.96,-14.64,78.08,-29.28,-48.8,102.48,97.6,-4.88,-97.6,-92.72,-78.08
-82.96,-78.08,4.88,82.96,-43.92,-39.04,117.12,107.36,9.76,-78.08,-82.96,-68.32
-92.72,-78.08,14.64,87.84,-53.68,-34.16,117.12,107.36,0,-78.08,-82.96,-68.32
-73.2,-82.96,-9.76,78.08,-34.16,-48.8,107.36,107.36,-4.88,-87.84,-92.72,-73.2
-63.44,-102.48,-39.04,82.96,-14.64,-73.2,112.24,97.6,-4.88,-92.72,-92.72,-78.08
-58.56,-102.48,-43.92,82.96,-9.76,-73.2,112.24,97.6,0,-82.96,-92.72,-73.2
-43.92,-92.72,-48.8,68.32,0,-73.2,97.6,102.48,0,-92.72,-97.6,-82.96
-53.68,-97.6,-43.92,78.08,-4.88,-73.2,92.72,97.6,0,-92.72,-102.48,-82.96
-68.32,-87.84,-19.52,78.08,-24.4,-53.68,117.12,107.36,9.76,-78.08,-82.96,-68.32
-73.2,-82.96,-9.76,78.08,-34.16,-48.8,122,122,14.64,-73.2,-78.08,-63.44
-53.68,-78.08,-24.4,68.32,-14.64,-53.68,107.36,112.24,0,-97.6,-97.6,-82.96
-53.68,-102.48,-48.8,78.08,-4.88,-78.08,126.88,117.12,19.52,-73.2,-82.96,-63.44
-68.32,-117.12,-48.8,92.72,-9.76,-82.96,136.64,131.76,24.4,-68.32,-73.2,-53.68
-68.32,-112.24,-43.92,92.72,-14.64,-78.08,117.12,126.88,24.4,-78.08,-87.84,-73.2
-63.44,-97.6,-34.16,82.96,-14.64,-68.32,126.88,126.88,24.4,-73.2,-87.84,-68.32
-53.68,-92.72,-39.04,73.2,-9.76,-68.32,122,122,24.4,-73.2,-87.84,-78.08
-53.68,-87.84,-34.16,73.2,-9.76,-63.44,112.24,126.88,24.4,-82.96,-97.6,-82.96
-68.32,-87.84,-19.52,78.08,-24.4,-53.68,107.36,131.76,29.28,-82.96,-92.72,-78.08
-92.72,-102.48,-9.76,97.6,-43.92,-58.56,126.88,141.52,39.04,-68.32,-82.96,-63.44
-63.44,-102.48,-39.04,82.96,-14.64,-73.2,126.88,141.52,39.04,-73.2,-87.84,-73.2
-78.08,-102.48,-24.4,92.72,-29.28,-63.44,141.52,156.16,48.8,-68.32,-82.96,-68.32
-73.2,-102.48,-29.28,87.84,-24.4,-68.32,141.52,156.16,48.8,-63.44,-82.96,-68.32
-58.56,-97.6,-39.04,78.08,-9.76,-68.32,136.64,151.28,39.04,-73.2,-87.84,-73.2
-53.68,-97.6,-43.92,78.08,-4.88,-73.2,126.88,156.16,34.16,-82.96,-97.6,-82.96
-39.04,-92.72,-53.68,68.32,4.88,-73.2,122,146.4,34.16,-87.84,-102.48,-92.72
-39.04,-87.84,-48.8,63.44,4.88,-68.32,126.88,146.4,43.92,-82.96,-102.48,-87.84
-58.56,-87.84,-29.28,73.2,-14.64,-58.56,122,156.16,58.56,-78.08,-97.6,-87.84
-73.2,-92.72,-19.52,82.96,-29.28,-58.56,126.88,161.04,63.44,-73.2,-97.6,-82.96
-82.96,-112.24,-29.28,97.6,-29.28,-73.2,136.64,165.92,68.32,-63.44,-92.72,-78.08
-73.2,-107.36,-34.16,92.72,-19.52,-73.2,131.76,170.8,68.32,-68.32,-97.6,-87.84
-53.68,-82.96,-29.28,68.32,-14.64,-58.56,131.76,175.68,63.44,-73.2,-97.6,-92.72
-53.68,-87.84,-34.16,73.2,-9.76,-63.44,141.52,175.68,63.44,-78.08,-97.6,-92.72
-48.8,-102.48,-53.68,78.08,0,-78.08,131.76,175.68,63.44,-82.96,-102.48,-102.48
-43.92,-87.84,-43.92,68.32,0,-68.32,131.76,180.56,68.32,-78.08,-97.6,-102.48
-73.2,-102.48,-29.28,87.84,-24.4,-68.32,146.4,190.32,82.96,-68.32,-92.72,-92.72
-68.32,-112.24,-43.92,92.72,-14.64,-78.08,156.16,204.96,97.6,-48.8,-78.08,-82.96
-53.68,-102.48,-48.8,78.08,-4.88,-78.08,151.28,209.84,102.48,-53.68,-82.96,-82.96
-34.16,-117.12,-82.96,78.08,24.4,-102.48,136.64,204.96,92.72,-68.32,-102.48,-102.48
-34.16,-112.24,-78.08,73.2,19.52,-97.6,146.4,209.84,97.6,-58.56,-92.72,-92.72
-58.56,-117.12,-58.56,87.84,0,-87.84,156.16,229.36,112.24,-48.8,-78.08,-82.96
-53.68,-117.12,-63.44,87.84,4.88,-92.72,161.04,244,117.12,-48.8,-78.08,-82.96
-58.56,-112.24,-53.68,87.84,-4.88,-82.96,165.92,244,122,-48.8,-82.96,-82.96
-97.6,-122,-24.4,112.24,-39.04,-73.2,175.68,258.64,126.88,-39.04,-78.08,-78.08
-97.6,-122,-24.4,112.24,-39.04,-73.2,180.56,268.4,136.64,-39.04,-78.08,-87.84
-63.44,-112.24,-48.8,87.84,-9.76,-82.96,170.8,258.64,126.88,-48.8,-92.72,-97.6
-58.56,-107.36,-48.8,82.96,-4.88,-78.08,161.04,258.64,131.76,-43.92,-87.84,-97.6
-73.2,-92.72,-19.52,82.96,-29.28,-58.56,165.92,278.16,151.28,-39.04,-78.08,-87.84
-82.96,-92.72,-9.76,87.84,-39.04,-53.68,170.8,283.04,156.16,-39.04,-82.96,-92.72
-58.56,-82.96,-24.4,73.2,-19.52,-53.68,165.92,283.04,156.16,-39.04,-82.96,-92.72
-48.8,-68.32,-19.52,58.56,-14.64,-43.92,161.04,292.8,156.16,-39.04,-87.84,-97.6
-58.56,-78.08,-19.52,68.32,-19.52,-48.8,180.56,307.44,165.92,-34.16,-82.96,-92.72
-48.8,-97.6,-48.8,73.2,0,-73.2,185.44,317.2,170.8,-24.4,-82.96,-92.72
-39.04,-107.36,-68.32,73.2,14.64,-87.84,180.56,322.08,165.92,-29.28,-82.96,-97.6
-39.04,-112.24,-73.2,78.08,14.64,-92.72,175.68,326.96,175.68,-34.16,-87.84,-102.48
-14.64,-102.48,-87.84,58.56,34.16,-97.6,180.56,326.96,185.44,-34.16,-87.84,-102.48
-24.4,-97.6,-73.2,63.44,24.4,-87.84,180.56,336.72,190.32,-24.4,-92.72,-102.48
-34.16,-82.96,-48.8,58.56,4.88,-68.32,195.2,351.36,200.08,-24.4,-87.84,-102.48
-53.68,-82.96,-29.28,68.32,-14.64,-58.56,204.96,361.12,209.84,-19.52,-78.08,-97.6
-63.44,-78.08,-14.64,73.2,-24.4,-48.8,214.72,375.76,224.48,-4.88,-68.32,-87.84
-48.8,-78.08,-29.28,63.44,-9.76,-53.68,219.6,395.28,229.36,0,-68.32,-87.84
-24.4,-78.08,-53.68,53.68,14.64,-68.32,200.08,395.28,224.48,-14.64,-82.96,-97.6
-14.64,-97.6,-82.96,58.56,34.16,-92.72,209.84,405.04,239.12,-4.88,-78.08,-92.72
4.88,-58.56,-63.44,29.28,34.16,-63.44,229.36,429.44,248.88,0,-68.32,-82.96
-29.28,-63.44,-34.16,48.8,0,-48.8,209.84,434.32,244,-4.88,-78.08,-97.6
-43.92,-73.2,-29.28,58.56,-9.76,-53.68,209.84,434.32,258.64,-4.88,-78.08,-97.6
-19.52,-73.2,-53.68,48.8,14.64,-63.44,209.84,444.08,263.52,4.88,-78.08,-97.6
-14.64,-92.72,-78.08,53.68,29.28,-87.84,204.96,463.6,273.28,0,-78.08,-97.6
-29.28,-87.84,-58.56,58.56,14.64,-73.2,209.84,483.12,287.92,14.64,-73.2,-92.72
-29.28,-78.08,-48.8,53.68,9.76,-63.44,219.6,497.76,297.68,19.52,-63.44,-82.96
-9.76,-58.56,-48.8,34.16,19.52,-53.68,219.6,507.52,302.56,9.76,-73.2,-92.72
-4.88,-48.8,-43.92,29.28,19.52,-48.8,229.36,527.04,317.2,19.52,-63.44,-87.84
-24.4,-68.32,-43.92,48.8,9.76,-58.56,234.24,541.68,326.96,24.4,-58.56,-82.96
-4.88,-48.8,-43.92,29.28,19.52,-48.8,224.48,546.56,322.08,19.52,-63.44,-92.72
-4.88,-53.68,-48.8,29.28,19.52,-53.68,229.36,556.32,331.84,9.76,-78.08,-102.48
-4.88,-58.56,-53.68,34.16,24.4,-58.56,239.12,566.08,346.48,19.52,-73.2,-92.72
-9.76,-78.08,-68.32,43.92,29.28,-73.2,248.88,585.6,366,34.16,-63.44,-78.08
-29.28,-73.2,-43.92,53.68,4.88,-58.56,253.76,610,375.76,29.28,-58.56,-78.08
-19.52,-58.56,-39.04,39.04,9.76,-48.8,258.64,624.64,390.4,43.92,-58.56,-73.2
4.88,-53.68,-58.56,24.4,29.28,-58.56,253.76,624.64,385.52,43.92,-63.44,-78.08
9.76,-58.56,-68.32,24.4,39.04,-63.44,248.88,639.28,390.4,43.92,-63.44,-82.96
24.4,-43.92,-68.32,9.76,43.92,-58.56,248.88,653.92,400.16,39.04,-68.32,-82.96
19.52,-39.04,-58.56,9.76,39.04,-48.8,253.76,658.8,405.04,39.04,-73.2,-82.96
19.52,-39.04,-58.56,9.76,39.04,-48.8,248.88,663.68,395.28,34.16,-78.08,-87.84
48.8,-24.4,-73.2,-9.76,58.56,-48.8,244,673.44,409.92,29.28,-82.96,-92.72
43.92,-34.16,-78.08,-4.88,58.56,-58.56,253.76,678.32,414.8,29.28,-82.96,-97.6
29.28,-43.92,-73.2,9.76,48.8,-58.56,258.64,683.2,414.8,34.16,-82.96,-92.72
19.52,-24.4,-43.92,4.88,29.28,-34.16,258.64,697.84,434.32,34.16,-78.08,-82.96
-9.76,-14.64,-4.88,14.64,-4.88,-9.76,258.64,702.72,434.32,39.04,-78.08,-82.96
4.88,-29.28,-34.16,14.64,19.52,-34.16,263.52,717.36,439.2,39.04,-73.2,-73.2
24.4,-53.68,-78.08,14.64,48.8,-68.32,263.52,727.12,444.08,34.16,-73.2,-68.32
63.44,-34.16,-97.6,-14.64,78.08,-68.32,253.76,722.24,429.44,19.52,-87.84,-82.96
63.44,0,-63.44,-29.28,63.44,-34.16,248.88,712.48,424.56,14.64,-97.6,-87.84
29.28,-9.76,-39.04,-9.76,34.16,-24.4,248.88,717.36,429.44,14.64,-92.72,-82.96
48.8,-58.56,-107.36,4.88,78.08,-82.96,263.52,732,434.32,19.52,-92.72,-78.08
73.2,-53.68,-126.88,-9.76,97.6,-92.72,253.76,712.48,419.68,14.64,-102.48,-82.96
43.92,-48.8,-92.72,4.88,68.32,-73.2,248.88,707.6,424.56,14.64,-102.48,-78.08
29.28,-34.16,-63.44,4.88,43.92,-48.8,248.88,717.36,424.56,9.76,-97.6,-73.2
29.28,-34.16,-63.44,4.88,43.92,-48.8,244,702.72,419.68,0,-102.48,-73.2
34.16,-29.28,-63.44,0,48.8,-48.8,239.12,692.96,409.92,0,-107.36,-73.2
43.92,-19.52,-63.44,-9.76,53.68,-43.92,224.48,678.32,390.4,-19.52,-117.12,-82.96
39.04,-48.8,-87.84,4.88,63.44,-68.32,229.36,683.2,390.4,-9.76,-107.36,-73.2
63.44,-78.08,-141.52,9.76,102.48,-112.24,224.48,673.44,390.4,-9.76,-102.48,-68.32
87.84,-73.2,-161.04,-4.88,122,-117.12,209.84,649.04,366,-24.4,-117.12,-73.2
63.44,-73.2,-136.64,4.88,97.6,-107.36,209.84,639.28,361.12,-24.4,-122,-73.2
63.44,-63.44,-126.88,0,92.72,-97.6,195.2,614.88,351.36,-29.28,-122,-68.32
73.2,-58.56,-131.76,-4.88,102.48,-97.6,185.44,580.72,331.84,-43.92,-131.76,-73.2
68.32,-58.56,-126.88,-4.88,97.6,-92.72,165.92,566.08,312.32,-53.68,-136.64,-78.08
63.44,-48.8,-112.24,-4.88,87.84,-82.96,161.04,541.68,302.56,-58.56,-136.64,-73.2
53.68,-53.68,-107.36,0,78.08,-82.96,156.16,517.28,287.92,-58.56,-126.88,-58.56
58.56,-68.32,-126.88,4.88,92.72,-97.6,156.16,497.76,278.16,-58.56,-122,-48.8
92.72,-58.56,-151.28,-14.64,122,-107.36,131.76,458.72,248.88,-78.08,-136.64,-63.44
82.96,-68.32,-151.28,-4.88,117.12,-112.24,117.12,429.44,229.36,-78.08,-136.64,-68.32
43.92,-97.6,-141.52,29.28,92.72,-122,126.88,419.68,229.36,-73.2,-126.88,-48.8
43.92,-97.6,-141.52,29.28,92.72,-122,122,395.28,229.36,-68.32,-126.88,-48.8
87.84,-53.68,-141.52,-14.64,112.24,-97.6,112.24,375.76,219.6,-63.44,-117.12,-39.04
82.96,-78.08,-161.04,0,122,-122,87.84,336.72,190.32,-78.08,-122,-48.8
68.32,-87.84,-156.16,9.76,112.24,-122,63.44,297.68,165.92,-87.84,-131.76,-58.56
87.84,-73.2,-161.04,-4.88,122,-117.12,58.56,273.28,156.16,-82.96,-126.88,-53.68
107.36,-63.44,-170.8,-19.52,136.64,-117.12,43.92,248.88,131.76,-82.96,-126.88,-53.68
97.6,-68.32,-165.92,-14.64,131.76,-117.12,34.16,229.36,126.88,-82.96,-122,-53.68
82.96,-68.32,-151.28,-4.88,117.12,-112.24,34.16,209.84,117.12,-73.2,-107.36,-48.8
68.32,-68.32,-136.64,0,102.48,-102.48,29.28,190.32,107.36,-63.44,-97.6,-39.04
78.08,-78.08,-156.16,0,117.12,-117.12,14.64,165.92,97.6,-68.32,-102.48,-43.92
92.72,-78.08,-170.8,-4.88,131.76,-126.88,0,136.64,78.08,-73.2,-107.36,-53.68
73.2,-68.32,-141.52,0,107.36,-107.36,-4.88,112.24,73.2,-68.32,-102.48,-48.8
43.92,-58.56,-102.48,9.76,73.2,-82.96,-4.88,97.6,68.32,-48.8,-87.84,-39.04
48.8,-53.68,-102.48,4.88,73.2,-78.08,-9.76,87.84,53.68,-53.68,-82.96,-39.04
78.08,-48.8,-126.88,-14.64,102.48,-87.84,-24.4,53.68,34.16,-68.32,-92.72,-48.8
63.44,-39.04,-102.48,-9.76,82.96,-73.2,-29.28,43.92,29.28,-48.8,-73.2,-34.16
43.92,-39.04,-82.96,0,63.44,-63.44,-34.16,29.28,19.52,-48.8,-68.32,-34.16
43.92,-39.04,-82.96,0,63.44,-63.44,-29.28,19.52,14.64,-43.92,-63.44,-34.16
34.16,-43.92,-78.08,4.88,53.68,-63.44,-29.28,9.76,4.88,-39.04,-58.56,-29.28
0,-53.68,-53.68,29.28,24.4,-53.68,-29.28,4.88,4.88,-24.4,-43.92,-19.52
9.76,-63.44,-73.2,29.28,39.04,-68.32,-24.4,0,4.88,-19.52,-39.04,-19.52
14.64,-63.44,-78.08,24.4,43.92,-73.2,-39.04,-19.52,-4.88,-24.4,-39.04,-19.52
-9.76,-63.44,-53.68,39.04,19.52,-58.56,-34.16,-29.28,-4.88,-9.76,-29.28,-14.64
-29.28,-53.68,-24.4,43.92,-4.88,-39.04,-24.4,-19.52,0,-4.88,-14.64,-4.88
-43.92,-43.92,0,43.92,-24.4,-24.4,-29.28,-29.28,-4.88,-4.88,-14.64,-4.88
-14.64,-43.92,-29.28,29.28,4.88,-39.04,-43.92,-43.92,-19.52,-4.88,-14.64,-9.76
0,-48.8,-48.8,24.4,24.4,-48.8,-43.92,-48.8,-19.52,-4.88,-14.64,-9.76
-14.64,-58.56,-43.92,39.04,14.64,-53.68,-34.16,-53.68,-24.4,0,-9.76,-4.88
-19.52,-53.68,-34.16,39.04,4.88,-43.92,-39.04,-58.56,-34.16,0,-4.88,0
-29.28,-53.68,-24.4,43.92,-4.88,-39.04,-39.04,-58.56,-39.04,-4.88,-4.88,-4.88
-43.92,-43.92,0,43.92,-24.4,-24.4,-39.04,-63.44,-43.92,-9.76,-14.64,-9.76
-48.8,-48.8,0,48.8,-24.4,-24.4,-39.04,-63.44,-39.04,0,0,0
-39.04,-63.44,-24.4,53.68,-9.76,-43.92,-48.8,-73.2,-43.92,0,-4.88,-4.88
-39.04,-63.44,-24.4,53.68,-9.76,-43.92,-48.8,-78.08,-48.8,-9.76,-4.88,-9.76
-63.44,-53.68,9.76,58.56,-39.04,-24.4,-34.16,-73.2,-39.04,0,4.88,0
-78.08,-58.56,19.52,68.32,-48.8,-19.52,-39.04,-63.44,-39.04,9.76,14.64,9.76
-73.2,-43.92,29.28,58.56,-53.68,-9.76,-24.4,-68.32,-39.04,9.76,14.64,9.76
-68.32,-39.04,29.28,53.68,-48.8,-4.88,-29.28,-78.08,-58.56,-4.88,9.76,0
-43.92,-39.04,4.88,43.92,-24.4,-19.52,-48.8,-78.08,-63.44,-4.88,0,-9.76
-48.8,-34.16,14.64,43.92,-34.16,-9.76,-39.04,-78.08,-63.44,-4.88,4.88,-4.88
-58.56,-48.8,9.76,53.68,-34.16,-19.52,-39.04,-87.84,-73.2,-14.64,-4.88,-14.64
-53.68,-48.8,4.88,53.68,-29.28,-24.4,-39.04,-87.84,-63.44,-14.64,-4.88,-9.76
-14.64,-4.88,9.76,9.76,-14.64,0,-43.92,-87.84,-68.32,-14.64,-9.76,-14.64
-63.44,-39.04,24.4,53.68,-43.92,-9.76,-43.92,-87.84,-68.32,-19.52,-9.76,-19.52
-82.96,-53.68,29.28,68.32,-58.56,-14.64,-43.92,-92.72,-68.32,-24.4,-9.76,-19.52
-82.96,-63.44,19.52,73.2,-53.68,-24.4,-39.04,-82.96,-68.32,-24.4,-4.88,-9.76
-63.44,-58.56,4.88,63.44,-34.16,-29.28,-34.16,-82.96,-63.44,-29.28,-4.88,-9.76
-24.4,-19.52,4.88,24.4,-14.64,-9.76,-34.16,-78.08,-63.44,-24.4,0,-9.76
-58.56,-34.16,24.4,48.8,-43.92,-4.88,-34.16,-78.08,-73.2,-34.16,-9.76,-14.64
-73.2,-43.92,29.28,58.56,-53.68,-9.76,-29.28,-82.96,-73.2,-39.04,-14.64,-14.64
-58.56,-39.04,19.52,48.8,-39.04,-9.76,-39.04,-87.84,-78.08,-43.92,-24.4,-24.4
-63.44,-43.92,19.52,53.68,-43.92,-14.64,-39.04,-87.84,-78.08,-48.8,-24.4,-24.4
-63.44,-24.4,39.04,43.92,-53.68,4.88,-39.04,-87.84,-73.2,-48.8,-29.28,-24.4
-63.44,-24.4,39.04,43.92,-53.68,4.88,-43.92,-92.72,-82.96,-58.56,-39.04,-34.16
-53.68,-43.92,9.76,48.8,-34.16,-19.52,-39.04,-87.84,-82.96,-58.56,-39.04,-34.16
-29.28,-34.16,-4.88,34.16,-14.64,-19.52,-48.8,-87.84,-92.72,-63.44,-39.04,-34.16
-48.8,-29.28,19.52,39.04,-34.16,-4.88,-48.8,-82.96,-97.6,-68.32,-48.8,-39.04
-87.84,-24.4,63.44,58.56,-78.08,19.52,-29.28,-68.32,-87.84,-58.56,-34.16,-24.4
-78.08,-4.88,73.2,43.92,-78.08,34.16,-34.16,-68.32,-92.72,-63.44,-43.92,-29.28
-73.2,-24.4,48.8,48.8,-63.44,9.76,-29.28,-73.2,-92.72,-63.44,-43.92,-29.28
-58.56,-53.68,4.88,58.56,-34.16,-24.4,-19.52,-63.44,-78.08,-58.56,-39.04,-24.4
-63.44,-39.04,24.4,53.68,-43.92,-9.76,-24.4,-73.2,-87.84,-63.44,-43.92,-29.28
-63.44,-19.52,43.92,43.92,-53.68,9.76,-39.04,-78.08,-97.6,-73.2,-58.56,-39.04
-53.68,-19.52,34.16,39.04,-43.92,4.88,-39.04,-82.96,-87.84,-78.08,-58.56,-43.92
-48.8,-48.8,0,48.8,-24.4,-24.4,-34.16,-73.2,-82.96,-68.32,-58.56,-39.04
-39.04,-43.92,-4.88,43.92,-19.52,-24.4,-43.92,-73.2,-78.08,-68.32,-53.68,-34.16
-68.32,-34.16,34.16,53.68,-53.68,0,-29.28,-58.56,-73.2,-63.44,-43.92,-34.16
-92.72,-43.92,48.8,68.32,-73.2,0,-9.76,-43.92,-58.56,-53.68,-29.28,-14.64
-82.96,-48.8,34.16,68.32,-58.56,-9.76,-9.76,-39.04,-58.56,-53.68,-24.4,-14.64
-58.56,-39.04,19.52,48.8,-39.04,-9.76,-24.4,-48.8,-68.32,-63.44,-39.04,-29.28
-48.8,-34.16,14.64,43.92,-34.16,-9.76,-19.52,-48.8,-73.2,-68.32,-48.8,-34.16
-68.32,-14.64,53.68,43.92,-63.44,19.52,-19.52,-43.92,-63.44,-58.56,-39.04,-29.28
-68.32,-4.88,63.44,39.04,-68.32,29.28,-29.28,-48.8,-68.32,-63.44,-43.92,-34.16
-68.32,-4.88,63.44,39.04,-68.32,29.28,-24.4,-53.68,-63.44,-63.44,-43.92,-34.16
-92.72,9.76,102.48,43.92,-97.6,53.68,-19.52,-48.8,-58.56,-58.56,-43.92,-34.16
-97.6,-4.88,92.72,53.68,-97.6,43.92,-9.76,-34.16,-48.8,-43.92,-29.28,-14.64
-78.08,-9.76,68.32,43.92,-73.2,29.28,-14.64,-29.28,-48.8,-48.8,-29.28,-19.52
-63.44,-24.4,39.04,43.92,-53.68,4.88,-19.52,-34.16,-53.68,-53.68,-34.16,-24.4
-43.92,-34.16,9.76,39.04,-29.28,-14.64,-9.76,-34.16,-53.68,-53.68,-34.16,-24.4
-29.28,-29.28,0,29.28,-14.64,-14.64,-24.4,-39.04,-58.56,-58.56,-39.04,-29.28
-48.8,-29.28,19.52,39.04,-34.16,-4.88,-24.4,-34.16,-53.68,-53.68,-43.92,-34.16
-78.08,-14.64,63.44,48.8,-73.2,24.4,-14.64,-29.28,-48.8,-43.92,-29.28,-19.52
-102.48,0,102.48,53.68,-102.48,48.8,-9.76,-19.52,-34.16,-34.16,-19.52,-14.64
-87.84,4.88,92.72,43.92,-92.72,48.8,-19.52,-29.28,-39.04,-39.04,-29.28,-24.4
-63.44,-4.88,58.56,34.16,-63.44,24.4,-19.52,-24.4,-39.04,-34.16,-29.28,-24.4
-53.68,-14.64,39.04,34.16,-48.8,9.76,-29.28,-24.4,-39.04,-43.92,-29.28,-24.4
-63.44,-19.52,43.92,43.92,-53.68,9.76,-14.64,-19.52,-34.16,-34.16,-24.4,-19.52
-68.32,-9.76,58.56,39.04,-63.44,24.4,-14.64,-19.52,-29.28,-29.28,-24.4,-19.52
-78.08,-9.76,68.32,43.92,-73.2,29.28,-9.76,-19.52,-29.28,-24.4,-29.28,-19.52
-68.32,-29.28,39.04,48.8,-53.68,4.88,0,-9.76,-29.28,-14.64,-19.52,-9.76
-58.56,-39.04,19.52,48.8,-39.04,-9.76,0,-9.76,-19.52,-9.76,-14.64,-4.88
-58.56,-34.16,24.4,48.8,-43.92,-4.88,-14.64,-19.52,-24.4,-24.4,-19.52,-19.52
-73.2,-29.28,43.92,53.68,-58.56,4.88,-9.76,-9.76,-14.64,-9.76,-14.64,-14.64
-87.84,-14.64,73.2,53.68,-82.96,29.28,-9.76,-14.64,-19.52,-9.76,-9.76,-4.88
-68.32,-4.88,63.44,39.04,-68.32,29.28,-9.76,-19.52,-19.52,-9.76,-14.64,-9.76
-58.56,-9.76,48.8,34.16,-53.68,19.52,-9.76,-14.64,-14.64,-9.76,-4.88,-4.88
-68.32,-24.4,43.92,48.8,-58.56,9.76,-14.64,-14.64,-19.52,-4.88,-4.88,-4.88
-53.68,-14.64,39.04,34.16,-48.8,9.76,-9.76,-19.52,-19.52,-4.88,-4.88,-4.88
-43.92,-9.76,34.16,29.28,-39.04,9.76,-9.76,-14.64,-19.52,-9.76,-4.88,-4.88
-39.04,-29.28,9.76,34.16,-24.4,-9.76,-9.76,-9.76,-14.64,-4.88,0,-4.88
-48.8,-34.16,14.64,43.92,-34.16,-9.76,-9.76,-9.76,-14.64,0,0,0
-53.68,-29.28,24.4,43.92,-39.04,-4.88,-14.64,-19.52,-14.64,0,0,-4.88
-58.56,-34.16,24.4,48.8,-43.92,-4.88,-14.64,-19.52,-19.52,0,0,-9.76
-43.92,-19.52,24.4,34.16,-34.16,0,-19.52,-24.4,-29.28,-4.88,-4.88,-14.64
-39.04,-9.76,29.28,24.4,-34.16,9.76,-24.4,-29.28,-24.4,-9.76,-4.88,-9.76
-73.2,-9.76,63.44,43.92,-68.32,24.4,-14.64,-14.64,-14.64,4.88,14.64,4.88
-68.32,-9.76,58.56,39.04,-63.44,24.4,-24.4,-19.52,-29.28,0,4.88,0
-53.68,-19.52,34.16,39.04,-43.92,4.88,-9.76,-24.4,-29.28,4.88,4.88,0
-53.68,0,53.68,29.28,-53.68,24.4,-4.88,-24.4,-24.4,14.64,14.64,4.88
-43.92,4.88,48.8,19.52,-48.8,24.4,-14.64,-29.28,-34.16,4.88,4.88,-4.88
-34.16,0,34.16,19.52,-34.16,14.64,-19.52,-39.04,-34.16,-4.88,-9.76,-9.76
-34.16,4.88,39.04,14.64,-39.04,19.52,-29.28,-48.8,-43.92,0,-9.76,-14.64
-48.8,-9.76,39.04,29.28,-43.92,14.64,-29.28,-43.92,-39.04,4.88,0,-9.76
-68.32,0,68.32,34.16,-68.32,34.16,-24.4,-43.92,-39.04,9.76,0,-4.88
-73.2,-19.52,53.68,48.8,-63.44,14.64,-19.52,-39.04,-34.16,9.76,9.76,0
-58.56,14.64,73.2,24.4,-68.32,43.92,-9.76,-24.4,-19.52,19.52,24.4,9.76
-73.2,0,73.2,39.04,-73.2,34.16,-4.88,-29.28,-24.4,14.64,24.4,9.76
-73.2,-43.92,29.28,58.56,-53.68,-9.76,-14.64,-34.16,-34.16,9.76,9.76,4.88
-19.52,-9.76,9.76,14.64,-14.64,0,-19.52,-39.04,-39.04,0,4.88,-4.88
-4.88,9.76,14.64,0,-9.76,9.76,-29.28,-39.04,-39.04,0,4.88,0
-43.92,-24.4,19.52,34.16,-34.16,-4.88,-34.16,-53.68,-53.68,-4.88,-14.64,-14.64
-53.68,-4.88,48.8,29.28,-53.68,19.52,-24.4,-43.92,-48.8,4.88,-4.88,-9.76
-53.68,0,53.68,29.28,-53.68,24.4,-39.04,-53.68,-48.8,-4.88,-4.88,-9.76
-43.92,4.88,48.8,19.52,-48.8,24.4,-48.8,-68.32,-53.68,-9.76,-14.64,-19.52
-43.92,9.76,53.68,19.52,-48.8,29.28,-43.92,-68.32,-53.68,-9.76,-9.76,-19.52
-48.8,0,48.8,24.4,-48.8,24.4,-29.28,-58.56,-53.68,-9.76,-4.88,-14.64
-58.56,-9.76,48.8,34.16,-53.68,19.52,-29.28,-53.68,-48.8,0,4.88,0
-63.44,-19.52,43.92,43.92,-53.68,9.76,-14.64,-39.04,-39.04,9.76,19.52,9.76
-63.44,-29.28,34.16,48.8,-48.8,0,-14.64,-43.92,-39.04,9.76,19.52,4.88
-53.68,-14.64,39.04,34.16,-48.8,9.76,-24.4,-48.8,-43.92,4.88,9.76,4.88
-53.68,-9.76,43.92,34.16,-48.8,14.64,-24.4,-48.8,-43.92,4.88,4.88,4.88
-48.8,-24.4,24.4,39.04,-39.04,0,-19.52,-53.68,-43.92,4.88,4.88,0
-48.8,-34.16,14.64,43.92,-34.16,-9.76,-24.4,-58.56,-48.8,4.88,4.88,0
-39.04,-24.4,14.64,34.16,-29.28,-4.88,-39.04,-73.2,-58.56,-4.88,-4.88,-14.64
-39.04,-14.64,24.4,29.28,-34.16,4.88,-43.92,-68.32,-53.68,-9.76,0,-14.64
-53.68,-19.52,34.16,39.04,-43.92,4.88,-29.28,-63.44,-53.68,-4.88,9.76,-4.88
-53.68,-29.28,24.4,43.92,-39.04,-4.88,-39.04,-68.32,-63.44,-4.88,4.88,-4.88
-48.8,-29.28,19.52,39.04,-34.16,-4.88,-29.28,-58.56,-63.44,-4.88,9.76,0
-29.28,-29.28,0,29.28,-14.64,-14.64,-34.16,-68.32,-73.2,-14.64,0,-9.76
-34.16,-19.52,14.64,29.28,-24.4,-4.88,-34.16,-63.44,-68.32,-14.64,0,-4.88
-39.04,4.88,43.92,19.52,-43.92,24.4,-39.04,-68.32,-73.2,-14.64,-9.76,-4.88
-48.8,-14.64,34.16,34.16,-43.92,9.76,-39.04,-78.08,-73.2,-14.64,-4.88,-9.76
-63.44,-9.76,53.68,39.04,-58.56,19.52,-29.28,-68.32,-58.56,0,4.88,4.88
-87.84,-4.88,82.96,48.8,-87.84,39.04,-24.4,-73.2,-58.56,0,9.76,9.76
-78.08,-4.88,73.2,43.92,-78.08,34.16,-24.4,-73.2,-63.44,-4.88,9.76,-4.88
-43.92,9.76,53.68,19.52,-48.8,29.28,-34.16,-78.08,-73.2,-19.52,0,-9.76
-43.92,-4.88,39.04,24.4,-43.92,14.64,-34.16,-78.08,-73.2,-14.64,0,-4.88
-58.56,-14.64,43.92,39.04,-53.68,14.64,-24.4,-73.2,-63.44,0,4.88,0
-58.56,-24.4,34.16,43.92,-48.8,4.88,-24.4,-73.2,-68.32,-4.88,4.88,-4.88
-58.56,-24.4,34.16,43.92,-48.8,4.88,-24.4,-78.08,-68.32,-14.64,-4.88,-4.88
-43.92,0,43.92,24.4,-43.92,19.52,-34.16,-78.08,-68.32,-14.64,-4.88,-9.76
-24.4,-4.88,19.52,14.64,-24.4,4.88,-48.8,-87.84,-78.08,-24.4,-19.52,-19.52
-19.52,-9.76,9.76,14.64,-14.64,0,-48.8,-102.48,-87.84,-34.16,-24.4,-24.4
-29.28,9.76,39.04,9.76,-34.16,24.4,-43.92,-97.6,-73.2,-19.52,-14.64,-14.64
-48.8,4.88,53.68,24.4,-53.68,29.28,-43.92,-92.72,-82.96,-24.4,-14.64,-14.64
-58.56,0,58.56,29.28,-58.56,29.28,-39.04,-87.84,-87.84,-24.4,-4.88,-14.64
-68.32,0,68.32,34.16,-68.32,34.16,-34.16,-78.08,-78.08,-19.52,0,4.88
-53.68,-4.88,48.8,29.28,-53.68,19.52,-34.16,-78.08,-78.08,-24.4,-4.88,-4.88
-34.16,-9.76,24.4,24.4,-29.28,4.88,-34.16,-82.96,-82.96,-29.28,-9.76,-4.88
-43.92,-9.76,34.16,29.28,-39.04,9.76,-43.92,-82.96,-82.96,-29.28,-14.64,-4.88
-53.68,-9.76,43.92,34.16,-48.8,14.64,-39.04,-78.08,-78.08,-19.52,-9.76,-4.88
-34.16,0,34.16,19.52,-34.16,14.64,-43.92,-82.96,-87.84,-29.28,-14.64,-14.64
-43.92,0,43.92,24.4,-43.92,19.52,-43.92,-97.6,-87.84,-29.28,-14.64,-14.64
-53.68,14.64,68.32,19.52,-63.44,39.04,-34.16,-97.6,-82.96,-29.28,-14.64,-9.76
-58.56,9.76,68.32,24.4,-63.44,39.04,-34.16,-87.84,-78.08,-19.52,-9.76,-4.88
-43.92,-9.76,34.16,29.28,-39.04,9.76,-34.16,-82.96,-87.84,-24.4,-4.88,-9.76
-24.4,-4.88,19.52,14.64,-24.4,4.88,-39.04,-87.84,-92.72,-34.16,-14.64,-14.64
-34.16,0,34.16,19.52,-34.16,14.64,-43.92,-97.6,-92.72,-39.04,-19.52,-19.52
-58.56,4.88,63.44,29.28,-63.44,34.16,-34.16,-87.84,-78.08,-24.4,-9.76,-9.76
-53.68,0,53.68,29.28,-53.68,24.4,-34.16,-82.96,-82.96,-24.4,-9.76,-4.88
-48.8,-24.4,24.4,39.04,-39.04,0,-34.16,-82.96,-78.08,-19.52,-9.76,-4.88
-39.04,-9.76,29.28,24.4,-34.16,9.76,-39.04,-87.84,-87.84,-34.16,-14.64,-14.64
-39.04,4.88,43.92,19.52,-43.92,24.4,-48.8,-97.6,-97.6,-39.04,-19.52,-24.4
-19.52,4.88,24.4,9.76,-24.4,14.64,-53.68,-102.48,-97.6,-39.04,-19.52,-24.4
-9.76,9.76,19.52,0,-14.64,14.64,-29.28,-82.96,-73.2,-24.4,-4.88,-4.88
-39.04,-24.4,14.64,34.16,-29.28,-4.88,-48.8,-102.48,-92.72,-39.04,-19.52,-24.4
-34.16,-43.92,-9.76,39.04,-14.64,-29.28,-48.8,-107.36,-92.72,-39.04,-19.52,-19.52
-9.76,9.76,19.52,0,-14.64,14.64,-34.16,-92.72,-82.96,-29.28,-9.76,-4.88
-39.04,9.76,48.8,14.64,-43.92,29.28,-48.8,-97.6,-87.84,-29.28,-14.64,-14.64
-58.56,-4.88,53.68,34.16,-58.56,24.4,-39.04,-97.6,-87.84,-29.28,-14.64,-14.64
-87.84,4.88,92.72,43.92,-92.72,48.8,-14.64,-78.08,-73.2,-9.76,0,0
-92.72,-4.88,87.84,48.8,-92.72,39.04,-19.52,-82.96,-73.2,-14.64,-4.88,0
-39.04,-4.88,34.16,24.4,-39.04,14.64,-43.92,-102.48,-82.96,-24.4,-14.64,-19.52
-39.04,0,39.04,19.52,-39.04,19.52,-39.04,-102.48,-97.6,-29.28,-9.76,-24.4
-39.04,4.88,43.92,19.52,-43.92,24.4,-34.16,-97.6,-97.6,-29.28,-9.76,-24.4
-14.64,14.64,29.28,0,-24.4,19.52,-48.8,-107.36,-97.6,-39.04,-14.64,-34.16
-19.52,-4.88,14.64,14.64,-19.52,4.88,-39.04,-97.6,-92.72,-29.28,-9.76,-19.52
-24.4,9.76,34.16,9.76,-29.28,19.52,-43.92,-97.6,-97.6,-34.16,-14.64,-19.52
-48.8,19.52,68.32,14.64,-58.56,43.92,-39.04,-107.36,-92.72,-34.16,-9.76,-19.52
-63.44,14.64,78.08,24.4,-73.2,43.92,-34.16,-97.6,-82.96,-24.4,-4.88,-14.64
-48.8,4.88,53.68,24.4,-53.68,29.28,-29.28,-92.72,-82.96,-24.4,-9.76,-14.64
-34.16,-4.88,29.28,19.52,-34.16,9.76,-34.16,-102.48,-87.84,-29.28,-9.76,-19.52
-34.16,0,34.16,19.52,-34.16,14.64,-34.16,-102.48,-87.84,-29.28,-14.64,-19.52
-29.28,9.76,39.04,9.76,-34.16,24.4,-39.04,-97.6,-87.84,-29.28,-14.64,-24.4
-34.16,0,34.16,19.52,-34.16,14.64,-43.92,-107.36,-97.6,-39.04,-24.4,-34.16
-39.04,-4.88,34.16,24.4,-39.04,14.64,-39.04,-97.6,-87.84,-29.28,-9.76,-19.52
-43.92,14.64,58.56,14.64,-53.68,34.16,-39.04,-97.6,-87.84,-43.92,-14.64,-19.52
-53.68,19.52,73.2,19.52,-63.44,43.92,-48.8,-102.48,-107.36,-43.92,-19.52,-24.4
-48.8,-34.16,14.64,43.92,-34.16,-9.76,-29.28,-82.96,-82.96,-19.52,0,-9.76
-43.92,-34.16,9.76,39.04,-29.28,-14.64,-19.52,-87.84,-82.96,-19.52,0,-9.76
-43.92,-24.4,19.52,34.16,-34.16,-4.88,-34.16,-97.6,-97.6,-34.16,-14.64,-19.52
-48.8,-34.16,14.64,43.92,-34.16,-9.76,-43.92,-92.72,-92.72,-34.16,-14.64,-14.64
-53.68,-19.52,34.16,39.04,-43.92,4.88,-39.04,-102.48,-92.72,-34.16,-14.64,-19.52
-48.8,-14.64,34.16,34.16,-43.92,9.76,-43.92,-102.48,-97.6,-39.04,-19.52,-24.4
-58.56,-19.52,39.04,39.04,-48.8,9.76,-39.04,-102.48,-87.84,-29.28,-9.76,-14.64
-63.44,-24.4,39.04,43.92,-53.68,4.88,-34.16,-102.48,-87.84,-34.16,-9.76,-19.52
-73.2,-19.52,53.68,48.8,-63.44,14.64,-24.4,-97.6,-82.96,-29.28,-9.76,-9.76
-39.04,-14.64,24.4,29.28,-34.16,4.88,-34.16,-107.36,-97.6,-39.04,-24.4,-24.4
-24.4,-9.76,14.64,19.52,-19.52,0,-39.04,-112.24,-102.48,-43.92,-14.64,-29.28
-48.8,9.76,58.56,19.52,-53.68,34.16,-34.16,-102.48,-87.84,-34.16,-9.76,-14.64
-82.96,14.64,97.6,34.16,-92.72,53.68,-24.4,-92.72,-87.84,-29.28,-4.88,-14.64
-63.44,-4.88,58.56,34.16,-63.44,24.4,-34.16,-102.48,-97.6,-39.04,-14.64,-19.52
-48.8,-4.88,43.92,29.28,-48.8,19.52,-39.04,-107.36,-92.72,-34.16,-14.64,-19.52
-39.04,0,39.04,19.52,-39.04,19.52,-48.8,-112.24,-102.48,-39.04,-19.52,-19.52
-34.16,9.76,43.92,14.64,-39.04,24.4,-53.68,-117.12,-97.6,-43.92,-19.52,-24.4
-34.16,0,34.16,19.52,-34.16,14.64,-48.8,-112.24,-97.6,-34.16,-14.64,-19.52
-34.16,-4.88,29.28,19.52,-34.16,9.76,-53.68,-117.12,-102.48,-43.92,-19.52,-19.52
-34.16,-4.88,29.28,19.52,-34.16,9.76,-58.56,-112.24,-102.48,-39.04,-14.64,-14.64
-43.92,-4.88,39.04,24.4,-43.92,14.64,-53.68,-112.24,-97.6,-34.16,-9.76,-19.52
-43.92,9.76,53.68,19.52,-48.8,29.28,-43.92,-107.36,-92.72,-34.16,-9.76,-19.52
-14.64,0,14.64,9.76,-14.64,4.88,-58.56,-117.12,-112.24,-48.8,-24.4,-29.28
-39.04,-19.52,19.52,29.28,-29.28,0,-53.68,-112.24,-92.72,-34.16,-14.64,-19.52
-58.56,-4.88,53.68,34.16,-58.56,24.4,-39.04,-112.24,-97.6,-34.16,-14.64,-14.64
-73.2,9.76,82.96,34.16,-78.08,43.92,-43.92,-102.48,-97.6,-29.28,-9.76,-9.76
-97.6,4.88,102.48,48.8,-102.48,53.68,-34.16,-92.72,-78.08,-19.52,4.88,0
-58.56,-4.88,53.68,34.16,-58.56,24.4,-48.8,-107.36,-92.72,-24.4,-4.88,-9.76
-29.28,-24.4,4.88,29.28,-19.52,-9.76,-53.68,-117.12,-107.36,-39.04,-24.4,-24.4
-19.52,-14.64,4.88,19.52,-14.64,-4.88,-53.68,-112.24,-102.48,-43.92,-24.4,-24.4
-39.04,-19.52,19.52,29.28,-29.28,0,-39.04,-102.48,-87.84,-24.4,-9.76,-14.64
-87.84,-34.16,53.68,63.44,-73.2,9.76,-34.16,-92.72,-73.2,-14.64,4.88,0
-97.6,-29.28,68.32,63.44,-82.96,19.52,-34.16,-87.84,-78.08,-19.52,0,-4.88
-68.32,-9.76,58.56,39.04,-63.44,24.4,-39.04,-92.72,-87.84,-29.28,-4.88,-14.64
-39.04,4.88,43.92,19.52,-43.92,24.4,-58.56,-112.24,-97.6,-34.16,-19.52,-24.4
-43.92,4.88,48.8,19.52,-48.8,24.4,-63.44,-112.24,-97.6,-43.92,-19.52,-29.28
-53.68,-19.52,34.16,39.04,-43.92,4.88,-63.44,-117.12,-102.48,-43.92,-14.64,-24.4
-58.56,-14.64,43.92,39.04,-53.68,14.64,-53.68,-112.24,-92.72,-39.04,-4.88,-19.52
-63.44,-9.76,53.68,39.04,-58.56,19.52,-53.68,-112.24,-92.72,-34.16,-4.88,-14.64
-43.92,-14.64,29.28,29.28,-39.04,4.88,-63.44,-107.36,-102.48,-39.04,-4.88,-14.64
-39.04,-14.64,24.4,29.28,-34.16,4.88,-48.8,-112.24,-97.6,-34.16,-4.88,-14.64
-34.16,-19.52,14.64,29.28,-24.4,-4.88,-53.68,-117.12,-107.36,-39.04,-9.76,-19.52
-39.04,-39.04,0,39.04,-19.52,-19.52,-43.92,-112.24,-92.72,-34.16,-9.76,-14.64
-73.2,-24.4,48.8,48.8,-63.44,9.76,-39.04,-102.48,-82.96,-29.28,0,-9.76
-68.32,-14.64,53.68,43.92,-63.44,19.52,-43.92,-107.36,-87.84,-29.28,0,-14.64
-43.92,-4.88,39.04,24.4,-43.92,14.64,-63.44,-117.12,-97.6,-39.04,-9.76,-19.52
-53.68,-9.76,43.92,34.16,-48.8,14.64,-53.68,-117.12,-97.6,-39.04,-9.76,-19.52
-58.56,-14.64,43.92,39.04,-53.68,14.64,-53.68,-112.24,-92.72,-39.04,-9.76,-14.64
-58.56,4.88,63.44,29.28,-63.44,34.16,-53.68,-112.24,-92.72,-39.04,-14.64,-14.64
-63.44,24.4,87.84,19.52,-78.08,53.68,-63.44,-122,-102.48,-43.92,-19.52,-19.52
-43.92,14.64,58.56,14.64,-53.68,34.16,-58.56,-126.88,-107.36,-43.92,-19.52,-29.28
-24.4,0,24.4,14.64,-24.4,9.76,-58.56,-126.88,-107.36,-43.92,-19.52,-24.4
-39.04,4.88,43.92,19.52,-43.92,24.4,-68.32,-131.76,-117.12,-48.8,-24.4,-39.04
-43.92,0,43.92,24.4,-43.92,19.52,-58.56,-122,-102.48,-39.04,-14.64,-29.28
-63.44,-24.4,39.04,43.92,-53.68,4.88,-43.92,-107.36,-87.84,-19.52,4.88,-14.64
-58.56,-14.64,43.92,39.04,-53.68,14.64,-53.68,-97.6,-87.84,-19.52,4.88,-9.76
-58.56,4.88,63.44,29.28,-63.44,34.16,-53.68,-112.24,-97.6,-34.16,-14.64,-19.52
-78.08,-4.88,73.2,43.92,-78.08,34.16,-58.56,-112.24,-92.72,-29.28,-9.76,-19.52
-63.44,0,63.44,34.16,-63.44,29.28,-58.56,-117.12,-97.6,-34.16,-9.76,-19.52
-58.56,4.88,63.44,29.28,-63.44,34.16,-58.56,-112.24,-97.6,-34.16,0,-19.52
-43.92,4.88,48.8,19.52,-48.8,24.4,-63.44,-122,-102.48,-39.04,-9.76,-24.4
-29.28,9.76,39.04,9.76,-34.16,24.4,-63.44,-126.88,-97.6,-43.92,-19.52,-24.4
-29.28,4.88,34.16,14.64,-34.16,19.52,-63.44,-126.88,-97.6,-43.92,-24.4,-29.28
-34.16,0,34.16,19.52,-34.16,14.64,-68.32,-126.88,-102.48,-39.04,-19.52,-29.28
-43.92,14.64,58.56,14.64,-53.68,34.16,-63.44,-126.88,-97.6,-39.04,-14.64,-29.28
-73.2,-9.76,63.44,43.92,-68.32,24.4,-58.56,-117.12,-92.72,-29.28,-9.76,-19.52
-73.2,4.88,78.08,34.16,-78.08,39.04,-58.56,-122,-87.84,-29.28,-4.88,-19.52
-39.04,-9.76,29.28,24.4,-34.16,9.76,-63.44,-122,-92.72,-29.28,-9.76,-19.52
-39.04,-24.4,14.64,34.16,-29.28,-4.88,-58.56,-117.12,-92.72,-29.28,-9.76,-14.64
-48.8,-4.88,43.92,29.28,-48.8,19.52,-53.68,-107.36,-87.84,-24.4,-4.88,-4.88
-82.96,19.52,102.48,34.16,-92.72,58.56,-39.04,-102.48,-78.08,-24.4,4.88,-4.88
-73.2,0,73.2,39.04,-73.2,34.16,-48.8,-117.12,-92.72,-29.28,-9.76,-9.76
-48.8,-14.64,34.16,34.16,-43.92,9.76,-53.68,-117.12,-87.84,-29.28,-4.88,-14.64
-68.32,-24.4,43.92,48.8,-58.56,9.76,-53.68,-117.12,-87.84,-29.28,-4.88,-14.64
-48.8,0,48.8,24.4,-48.8,24.4,-58.56,-122,-92.72,-34.16,-9.76,-19.52
-39.04,9.76,48.8,14.64,-43.92,29.28,-73.2,-126.88,-102.48,-39.04,-14.64,-24.4
-68.32,-9.76,58.56,39.04,-63.44,24.4,-73.2,-126.88,-102.48,-43.92,-14.64,-19.52
-68.32,-19.52,48.8,43.92,-58.56,14.64,-68.32,-122,-92.72,-39.04,-14.64,-19.52
-58.56,-9.76,48.8,34.16,-53.68,19.52,-68.32,-122,-97.6,-39.04,-14.64,-19.52
-48.8,-24.4,24.4,39.04,-39.04,0,-58.56,-112.24,-92.72,-34.16,-9.76,-14.64
-39.04,-9.76,29.28,24.4,-34.16,9.76,-58.56,-117.12,-92.72,-34.16,-14.64,-14.64
-48.8,0,48.8,24.4,-48.8,24.4,-63.44,-122,-92.72,-34.16,-14.64,-14.64
-43.92,9.76,53.68,19.52,-48.8,29.28,-68.32,-126.88,-92.72,-39.04,-14.64,-24.4
-39.04,9.76,48.8,14.64,-43.92,29.28,-73.2,-126.88,-92.72,-34.16,-9.76,-19.52
-39.04,9.76,48.8,14.64,-43.92,29.28,-73.2,-136.64,-97.6,-39.04,-14.64,-24.4
-34.16,4.88,39.04,14.64,-39.04,19.52,-73.2,-136.64,-102.48,-39.04,-14.64,-24.4
-29.28,9.76,39.04,9.76,-34.16,24.4,-78.08,-136.64,-97.6,-39.04,-14.64,-29.28
-43.92,9.76,53.68,19.52,-48.8,29.28,-63.44,-122,-87.84,-29.28,0,-14.64
-43.92,4.88,48.8,19.52,-48.8,24.4,-63.44,-117.12,-82.96,-29.28,0,-14.64
-48.8,0,48.8,24.4,-48.8,24.4,-53.68,-107.36,-82.96,-14.64,0,-4.88
-43.92,14.64,58.56,14.64,-53.68,34.16,-48.8,-107.36,-78.08,-19.52,0,-9.76
-14.64,24.4,39.04,-4.88,-29.28,29.28,-53.68,-117.12,-87.84,-34.16,-4.88,-14.64
-19.52,29.28,48.8,-4.88,-34.16,39.04,-43.92,-107.36,-78.08,-24.4,0,-14.64
-34.16,48.8,82.96,-4.88,-58.56,63.44,-29.28,-92.72,-68.32,-9.76,14.64,-4.88
-29.28,48.8,78.08,-9.76,-53.68,63.44,-29.28,-97.6,-58.56,-9.76,14.64,-4.88
-19.52,48.8,68.32,-14.64,-43.92,58.56,-34.16,-87.84,-48.8,0,19.52,4.88
-29.28,58.56,87.84,-14.64,-58.56,73.2,-29.28,-82.96,-43.92,9.76,29.28,4.88
-39.04,53.68,92.72,-4.88,-68.32,73.2,-24.4,-82.96,-39.04,14.64,34.16,14.64
-29.28,63.44,92.72,-14.64,-63.44,78.08,-19.52,-78.08,-39.04,9.76,29.28,14.64
-43.92,68.32,112.24,-9.76,-78.08,87.84,4.88,-68.32,-29.28,14.64,39.04,19.52
-43.92,63.44,107.36,-9.76,-78.08,82.96,19.52,-58.56,-34.16,14.64,34.16,14.64
-24.4,78.08,102.48,-24.4,-63.44,87.84,24.4,-58.56,-29.28,14.64,29.28,14.64
-24.4,87.84,112.24,-29.28,-68.32,97.6,39.04,-53.68,-29.28,9.76,29.28,9.76
-39.04,92.72,131.76,-24.4,-87.84,112.24,63.44,-34.16,-9.76,24.4,48.8,19.52
-19.52,107.36,126.88,-43.92,-73.2,117.12,68.32,-29.28,-9.76,29.28,48.8,24.4
-14.64,112.24,126.88,-48.8,-73.2,117.12,58.56,-24.4,0,34.16,58.56,29.28
4.88,117.12,112.24,-58.56,-53.68,112.24,43.92,-34.16,0,34.16,58.56,24.4
-14.64,117.12,131.76,-48.8,-73.2,122,34.16,-24.4,9.76,43.92,68.32,34.16
-29.28,122,151.28,-43.92,-92.72,136.64,39.04,-4.88,24.4,68.32,87.84,53.68
-4.88,141.52,146.4,-68.32,-78.08,141.52,9.76,-24.4,24.4,68.32,87.84,58.56
-4.88,141.52,146.4,-68.32,-78.08,141.52,-14.64,-34.16,24.4,73.2,92.72,58.56
29.28,141.52,112.24,-82.96,-43.92,126.88,-39.04,-43.92,14.64,68.32,92.72,58.56
53.68,156.16,102.48,-102.48,-24.4,126.88,-68.32,-58.56,9.76,63.44,82.96,53.68
43.92,126.88,82.96,-82.96,-19.52,102.48,-78.08,-73.2,0,58.56,87.84,58.56
48.8,122,73.2,-82.96,-14.64,97.6,-87.84,-82.96,-9.76,48.8,82.96,53.68
68.32,136.64,68.32,-102.48,0,102.48,-117.12,-107.36,-34.16,29.28,58.56,34.16
48.8,112.24,63.44,-78.08,-9.76,87.84,-117.12,-112.24,-34.16,29.28,58.56,34.16
0,102.48,102.48,-48.8,-53.68,102.48,-92.72,-92.72,-19.52,43.92,78.08,63.44
14.64,107.36,92.72,-58.56,-39.04,97.6,-92.72,-97.6,-24.4,39.04,68.32,53.68
29.28,92.72,63.44,-58.56,-19.52,78.08,-97.6,-92.72,-29.28,34.16,58.56,43.92
24.4,87.84,63.44,-53.68,-19.52,73.2,-87.84,-102.48,-34.16,34.16,58.56,48.8
9.76,63.44,53.68,-34.16,-24.4,58.56,-87.84,-107.36,-39.04,29.28,58.56,43.92
14.64,63.44,48.8,-39.04,-19.52,53.68,-87.84,-112.24,-43.92,24.4,53.68,43.92
24.4,63.44,39.04,-43.92,-9.76,48.8,-97.6,-122,-53.68,14.64,43.92,34.16
29.28,68.32,39.04,-48.8,-4.88,53.68,-97.6,-122,-53.68,14.64,48.8,39.04
24.4,73.2,48.8,-48.8,-14.64,58.56,-92.72,-131.76,-53.68,9.76,39.04,34.16
19.52,68.32,48.8,-43.92,-14.64,58.56,-97.6,-146.4,-68.32,-4.88,34.16,19.52
9.76,53.68,43.92,-29.28,-19.52,48.8,-107.36,-146.4,-78.08,-9.76,29.28,19.52
24.4,43.92,19.52,-34.16,0,29.28,-92.72,-146.4,-78.08,-19.52,24.4,14.64
39.04,39.04,0,-39.04,19.52,19.52,-102.48,-156.16,-92.72,-34.16,0,-9.76
29.28,39.04,9.76,-34.16,9.76,24.4,-112.24,-161.04,-102.48,-39.04,0,-14.64
-4.88,58.56,63.44,-24.4,-34.16,58.56,-102.48,-146.4,-92.72,-24.4,9.76,0
-29.28,63.44,92.72,-14.64,-63.44,78.08,-87.84,-141.52,-87.84,-24.4,9.76,4.88
-24.4,39.04,63.44,-4.88,-43.92,48.8,-87.84,-141.52,-78.08,-19.52,14.64,4.88
-48.8,0,48.8,24.4,-48.8,24.4,-68.32,-126.88,-63.44,-4.88,29.28,19.52
-48.8,0,48.8,24.4,-48.8,24.4,-63.44,-136.64,-73.2,-4.88,24.4,9.76
-53.68,4.88,58.56,24.4,-58.56,29.28,-73.2,-146.4,-82.96,-14.64,19.52,4.88
-53.68,0,53.68,29.28,-53.68,24.4,-82.96,-156.16,-87.84,-24.4,-4.88,-9.76
-29.28,0,29.28,14.64,-29.28,14.64,-82.96,-156.16,-97.6,-39.04,-4.88,-19.52
-34.16,4.88,39.04,14.64,-39.04,19.52,-82.96,-161.04,-102.48,-43.92,-14.64,-24.4
-24.4,4.88,29.28,9.76,-29.28,14.64,-82.96,-170.8,-112.24,-48.8,-24.4,-29.28
-34.16,4.88,39.04,14.64,-39.04,19.52,-92.72,-175.68,-122,-63.44,-29.28,-34.16
-34.16,4.88,39.04,14.64,-39.04,19.52,-97.6,-190.32,-126.88,-68.32,-39.04,-39.04
-29.28,9.76,39.04,9.76,-34.16,24.4,-107.36,-185.44,-126.88,-68.32,-39.04,-39.04
-34.16,-4.88,29.28,19.52,-34.16,9.76,-102.48,-175.68,-112.24,-58.56,-24.4,-34.16
-39.04,-19.52,19.52,29.28,-29.28,0,-102.48,-180.56,-117.12,-63.44,-29.28,-39.04
-63.44,-29.28,34.16,48.8,-48.8,0,-87.84,-170.8,-107.36,-48.8,-19.52,-24.4
-63.44,-29.28,34.16,48.8,-48.8,0,-82.96,-165.92,-97.6,-43.92,-9.76,-19.52
-39.04,-9.76,29.28,24.4,-34.16,9.76,-87.84,-170.8,-107.36,-48.8,-19.52,-34.16
-39.04,19.52,58.56,9.76,-48.8,39.04,-92.72,-185.44,-112.24,-53.68,-19.52,-34.16
-39.04,9.76,48.8,14.64,-43.92,29.28,-92.72,-190.32,-122,-58.56,-24.4,-43.92
-34.16,0,34.16,19.52,-34.16,14.64,-92.72,-185.44,-117.12,-63.44,-24.4,-39.04
-43.92,4.88,48.8,19.52,-48.8,24.4,-82.96,-170.8,-107.36,-48.8,-14.64,-29.28
-53.68,9.76,63.44,24.4,-58.56,34.16,-82.96,-175.68,-107.36,-58.56,-14.64,-29.28
-48.8,14.64,63.44,19.52,-58.56,39.04,-78.08,-175.68,-112.24,-58.56,-19.52,-34.16
-58.56,19.52,78.08,19.52,-68.32,48.8,-87.84,-175.68,-112.24,-63.44,-24.4,-34.16
-48.8,29.28,78.08,9.76,-63.44,53.68,-97.6,-190.32,-122,-68.32,-34.16,-48.8
-34.16,29.28,63.44,4.88,-48.8,43.92,-102.48,-195.2,-122,-68.32,-39.04,-43.92
-34.16,-4.88,29.28,19.52,-34.16,9.76,-82.96,-180.56,-112.24,-53.68,-24.4,-34.16
-34.16,14.64,48.8,9.76,-43.92,29.28,-78.08,-180.56,-112.24,-58.56,-24.4,-34.16
-53.68,19.52,73.2,19.52,-63.44,43.92,-73.2,-170.8,-112.24,-63.44,-29.28,-29.28
-53.68,9.76,63.44,24.4,-58.56,34.16,-63.44,-151.28,-97.6,-63.44,-34.16,-34.16
-48.8,19.52,68.32,14.64,-58.56,43.92,-39.04,-117.12,-78.08,-73.2,-48.8,-53.68
-63.44,24.4,87.84,19.52,-78.08,53.68,0,-53.68,-43.92,-87.84,-73.2,-87.84
-78.08,39.04,117.12,19.52,-97.6,78.08,58.56,29.28,4.88,-112.24,-107.36,-122
-146.4,87.84,234.24,29.28,-190.32,161.04,146.4,185.44,117.12,-102.48,-112.24,-136.64
-180.56,112.24,292.8,34.16,-239.12,200.08,258.64,375.76,263.52,-53.68,-102.48,-141.52
-161.04,170.8,331.84,-4.88,-248.88,248.88,326.96,551.44,395.28,-9.76,-82.96,-136.64
-170.8,234.24,405.04,-29.28,-287.92,317.2,380.64,683.2,522.16,68.32,-19.52,-97.6
-175.68,253.76,429.44,-39.04,-302.56,341.6,424.56,785.68,634.4,185.44,82.96,-29.28
-112.24,273.28,385.52,-78.08,-248.88,326.96,448.96,805.2,692.96,317.2,214.72,58.56
-43.92,351.36,395.28,-151.28,-219.6,370.88,380.64,688.08,692.96,483.12,390.4,200.08
73.2,453.84,380.64,-263.52,-156.16,414.8,258.64,522.16,727.12,732,639.28,385.52
214.72,536.8,322.08,-375.76,-53.68,429.44,131.76,302.56,766.16,1083.36,985.76,644.16
322.08,614.88,292.8,-468.48,14.64,453.84,-39.04,-39.04,771.04,1522.56,1395.68,946.72
444.08,746.64,302.56,-595.36,68.32,522.16,-268.4,-419.68,727.12,1947.12,1810.48,1268.8
561.2,917.44,356.24,-736.88,102.48,634.4,-507.52,-741.76,746.64,2430.24,2269.2,1649.44
692.96,990.64,297.68,-839.36,195.2,644.16,-688.08,-893.04,893.04,2918.24,2654.72,1922.72
780.8,971.12,190.32,-873.52,292.8,580.72,-771.04,-956.48,1000.4,3201.28,2835.28,2069.12
805.2,849.12,43.92,-824.72,380.64,444.08,-849.12,-1078.48,849.12,3074.4,2732.8,2039.84
780.8,634.4,-146.4,-707.6,463.6,244,-893.04,-1200.48,600.24,2737.68,2449.76,1883.68
673.44,497.76,-175.68,-585.6,424.56,161.04,-927.2,-1346.88,229.36,2181.36,2025.2,1659.2
541.68,429.44,-112.24,-483.12,326.96,156.16,-966.24,-1542.08,-317.2,1337.12,1424.96,1337.12
448.96,375.76,-73.2,-409.92,258.64,151.28,-1029.68,-1722.64,-878.4,527.04,883.28,1034.56
312.32,312.32,0,-312.32,156.16,156.16,-1029.68,-1766.56,-1244.4,-87.84,468.48,785.68
190.32,204.96,14.64,-195.2,87.84,107.36,-932.08,-1683.6,-1405.44,-502.64,117.12,531.92
141.52,126.88,-14.64,-131.76,78.08,53.68,-849.12,-1546.96,-1356.64,-634.4,-87.84,317.2
112.24,43.92,-68.32,-78.08,87.84,-14.64,-775.92,-1346.88,-1180.96,-624.64,-224.48,122
92.72,-14.64,-107.36,-39.04,97.6,-63.44,-692.96,-1132.16,-980.88,-536.8,-244,39.04
97.6,-43.92,-141.52,-24.4,117.12,-92.72,-600.24,-946.72,-800.32,-429.44,-195.2,34.16
87.84,-53.68,-141.52,-14.64,112.24,-97.6,-531.92,-834.48,-688.08,-380.64,-180.56,24.4
78.08,-48.8,-126.88,-14.64,102.48,-87.84,-463.6,-712.48,-590.48,-326.96,-156.16,19.52
68.32,-43.92,-112.24,-9.76,87.84,-78.08,-375.76,-575.84,-473.36,-244,-102.48,39.04
63.44,-9.76,-73.2,-24.4,68.32,-43.92,-292.8,-453.84,-375.76,-190.32,-68.32,43.92
34.16,34.16,0,-34.16,14.64,14.64,-239.12,-361.12,-297.68,-151.28,-53.68,39.04
19.52,9.76,-9.76,-14.64,14.64,0,-190.32,-292.8,-234.24,-131.76,-39.04,24.4
19.52,-9.76,-29.28,-4.88,24.4,-19.52,-131.76,-214.72,-161.04,-102.48,-34.16,19.52
9.76,-4.88,-14.64,0,9.76,-9.76,-73.2,-156.16,-126.88,-82.96,-29.28,4.88
-4.88,0,4.88,4.88,-4.88,0,-43.92,-122,-97.6,-68.32,-34.16,0
-9.76,4.88,14.64,4.88,-14.64,9.76,-24.4,-97.6,-82.96,-73.2,-39.04,-4.88
-19.52,-4.88,14.64,14.64,-19.52,4.88,-24.4,-92.72,-82.96,-87.84,-53.68,-34.16
-29.28,-9.76,19.52,19.52,-24.4,4.88,-9.76,-63.44,-73.2,-78.08,-48.8,-34.16
-19.52,0,19.52,9.76,-19.52,9.76,0,-53.68,-63.44,-73.2,-43.92,-24.4
-39.04,-4.88,34.16,24.4,-39.04,14.64,9.76,-48.8,-58.56,-82.96,-53.68,-34.16
-43.92,-9.76,34.16,29.28,-39.04,9.76,19.52,-34.16,-53.68,-82.96,-58.56,-34.16
-39.04,-9.76,29.28,24.4,-34.16,9.76,34.16,-24.4,-43.92,-73.2,-53.68,-34.16
-14.64,-9.76,4.88,14.64,-9.76,-4.88,19.52,-24.4,-53.68,-92.72,-68.32,-48.8
24.4,0,-24.4,-9.76,24.4,-14.64,19.52,-29.28,-58.56,-102.48,-87.84,-68.32
-4.88,-4.88,0,4.88,-4.88,-4.88,24.4,-24.4,-48.8,-97.6,-78.08,-63.44
-82.96,-19.52,63.44,53.68,-73.2,19.52,63.44,4.88,-9.76,-63.44,-48.8,-34.16
-63.44,-4.88,58.56,34.16,-63.44,24.4,58.56,4.88,-4.88,-78.08,-58.56,-58.56
-53.68,-9.76,43.92,34.16,-48.8,14.64,53.68,4.88,-4.88,-73.2,-58.56,-53.68
-53.68,-9.76,43.92,34.16,-48.8,14.64,63.44,14.64,0,-68.32,-53.68,-48.8
-58.56,-4.88,53.68,34.16,-58.56,24.4,73.2,29.28,4.88,-63.44,-48.8,-48.8
-58.56,-14.64,43.92,39.04,-53.68,14.64,78.08,39.04,14.64,-63.44,-43.92,-43.92
-63.44,-19.52,43.92,43.92,-53.68,9.76,92.72,53.68,19.52,-58.56,-34.16,-39.04
-87.84,-24.4,63.44,58.56,-78.08,19.52,97.6,73.2,29.28,-53.68,-29.28,-34.16
-53.68,-24.4,29.28,39.04,-43.92,0,102.48,68.32,24.4,-58.56,-43.92,-48.8
-34.16,-14.64,19.52,24.4,-29.28,0,92.72,53.68,19.52,-68.32,-53.68,-58.56
-39.04,-14.64,24.4,29.28,-34.16,4.88,102.48,58.56,29.28,-58.56,-48.8,-53.68
-34.16,-4.88,29.28,19.52,-34.16,9.76,102.48,58.56,34.16,-58.56,-48.8,-53.68
-48.8,0,48.8,24.4,-48.8,24.4,102.48,58.56,34.16,-53.68,-43.92,-53.68
-48.8,-4.88,43.92,29.28,-48.8,19.52,97.6,68.32,34.16,-53.68,-39.04,-43.92
-34.16,9.76,43.92,14.64,-39.04,24.4,102.48,63.44,29.28,-53.68,-53.68,-53.68
-34.16,14.64,48.8,9.76,-43.92,29.28,97.6,63.44,24.4,-63.44,-63.44,-58.56
-29.28,-29.28,0,29.28,-14.64,-14.64,112.24,73.2,29.28,-48.8,-48.8,-48.8
-39.04,-24.4,14.64,34.16,-29.28,-4.88,107.36,78.08,34.16,-48.8,-43.92,-43.92
-53.68,-19.52,34.16,39.04,-43.92,4.88,126.88,78.08,43.92,-43.92,-43.92,-43.92
-29.28,-9.76,19.52,19.52,-24.4,4.88,117.12,73.2,39.04,-48.8,-48.8,-48.8
-39.04,-4.88,34.16,24.4,-39.04,14.64,112.24,63.44,34.16,-53.68,-48.8,-53.68
-53.68,0,53.68,29.28,-53.68,24.4,107.36,73.2,43.92,-48.8,-48.8,-48.8
-43.92,19.52,63.44,14.64,-53.68,39.04,112.24,68.32,39.04,-48.8,-53.68,-53.68
-29.28,24.4,53.68,4.88,-43.92,39.04,102.48,63.44,34.16,-63.44,-58.56,-58.56
-39.04,4.88,43.92,19.52,-43.92,24.4,117.12,78.08,43.92,-53.68,-43.92,-48.8
-48.8,0,48.8,24.4,-48.8,24.4,117.12,92.72,48.8,-43.92,-39.04,-39.04
-53.68,0,53.68,29.28,-53.68,24.4,126.88,97.6,48.8,-43.92,-34.16,-39.04
-58.56,9.76,68.32,24.4,-63.44,39.04,122,97.6,48.8,-53.68,-39.04,-43.92
-53.68,-4.88,48.8,29.28,-53.68,19.52,122,97.6,48.8,-53.68,-48.8,-48.8
-53.68,-24.4,29.28,39.04,-43.92,0,126.88,97.6,63.44,-43.92,-43.92,-39.04
-73.2,-19.52,53.68,48.8,-63.44,14.64,141.52,107.36,78.08,-29.28,-29.28,-29.28
-48.8,-4.88,43.92,29.28,-48.8,19.52,122,92.72,68.32,-48.8,-48.8,-43.92
-24.4,9.76,34.16,9.76,-29.28,19.52,117.12,87.84,63.44,-53.68,-58.56,-58.56
-39.04,9.76,48.8,14.64,-43.92,29.28,126.88,107.36,73.2,-39.04,-43.92,-43.92
-43.92,0,43.92,24.4,-43.92,19.52,126.88,117.12,73.2,-43.92,-43.92,-43.92
-43.92,0,43.92,24.4,-43.92,19.52,131.76,122,82.96,-43.92,-39.04,-39.04
-53.68,-9.76,43.92,34.16,-48.8,14.64,131.76,126.88,78.08,-39.04,-39.04,-43.92
-53.68,-9.76,43.92,34.16,-48.8,14.64,131.76,131.76,78.08,-43.92,-48.8,-48.8
-53.68,-9.76,43.92,34.16,-48.8,14.64,136.64,141.52,87.84,-39.04,-43.92,-48.8
-63.44,-14.64,48.8,39.04,-58.56,14.64,136.64,136.64,87.84,-39.04,-48.8,-48.8
-53.68,-4.88,48.8,29.28,-53.68,19.52,136.64,131.76,82.96,-43.92,-53.68,-48.8
-48.8,9.76,58.56,19.52,-53.68,34.16,136.64,131.76,92.72,-43.92,-53.68,-53.68
-53.68,-14.64,39.04,34.16,-48.8,9.76,146.4,141.52,102.48,-29.28,-48.8,-48.8
-39.04,-24.4,14.64,34.16,-29.28,-4.88,151.28,151.28,112.24,-24.4,-39.04,-39.04
-34.16,4.88,39.04,14.64,-39.04,19.52,136.64,146.4,107.36,-34.16,-48.8,-53.68
-39.04,29.28,68.32,4.88,-53.68,48.8,126.88,141.52,97.6,-48.8,-63.44,-68.32
-39.04,43.92,82.96,0,-63.44,63.44,131.76,151.28,97.6,-48.8,-63.44,-68.32
-39.04,29.28,68.32,4.88,-53.68,48.8,136.64,161.04,102.48,-48.8,-58.56,-63.44
-78.08,-14.64,63.44,48.8,-73.2,24.4,165.92,185.44,131.76,-24.4,-43.92,-43.92
-92.72,-4.88,87.84,48.8,-92.72,39.04,175.68,190.32,146.4,-9.76,-34.16,-34.16
-78.08,-14.64,63.44,48.8,-73.2,24.4,156.16,175.68,136.64,-24.4,-48.8,-48.8
-58.56,-29.28,29.28,43.92,-43.92,0,165.92,185.44,146.4,-19.52,-43.92,-43.92
-43.92,-14.64,29.28,29.28,-39.04,4.88,161.04,185.44,146.4,-14.64,-48.8,-48.8
-48.8,-24.4,24.4,39.04,-39.04,0,165.92,200.08,146.4,-19.52,-43.92,-48.8
-43.92,-14.64,29.28,29.28,-39.04,4.88,165.92,204.96,151.28,-24.4,-48.8,-53.68
-43.92,-14.64,29.28,29.28,-39.04,4.88,170.8,209.84,151.28,-24.4,-48.8,-53.68
-34.16,-19.52,14.64,29.28,-24.4,-4.88,165.92,209.84,146.4,-34.16,-53.68,-58.56
-14.64,-9.76,4.88,14.64,-9.76,-4.88,165.92,209.84,146.4,-39.04,-63.44,-63.44
-9.76,-14.64,-4.88,14.64,-4.88,-9.76,161.04,209.84,141.52,-39.04,-68.32,-68.32
-34.16,-9.76,24.4,24.4,-29.28,4.88,165.92,214.72,156.16,-34.16,-58.56,-63.44
-53.68,-9.76,43.92,34.16,-48.8,14.64,165.92,229.36,165.92,-19.52,-48.8,-53.68
-43.92,-14.64,29.28,29.28,-39.04,4.88,165.92,229.36,175.68,-24.4,-48.8,-58.56
-48.8,-14.64,34.16,34.16,-43.92,9.76,175.68,248.88,190.32,-9.76,-43.92,-53.68
-48.8,-19.52,29.28,34.16,-39.04,4.88,180.56,248.88,185.44,-14.64,-43.92,-53.68
-29.28,-19.52,9.76,24.4,-19.52,-4.88,180.56,258.64,185.44,-19.52,-48.8,-58.56
-43.92,-19.52,24.4,34.16,-34.16,0,190.32,273.28,195.2,-14.64,-48.8,-53.68
-63.44,-19.52,43.92,43.92,-53.68,9.76,195.2,283.04,200.08,-14.64,-48.8,-53.68
-73.2,-19.52,53.68,48.8,-63.44,14.64,209.84,307.44,214.72,-4.88,-39.04,-39.04
-78.08,0,78.08,39.04,-78.08,39.04,209.84,307.44,219.6,-4.88,-48.8,-48.8
-58.56,4.88,63.44,29.28,-63.44,34.16,204.96,302.56,214.72,-14.64,-63.44,-58.56
-43.92,4.88,48.8,19.52,-48.8,24.4,190.32,297.68,209.84,-24.4,-68.32,-63.44
-58.56,-14.64,43.92,39.04,-53.68,14.64,195.2,302.56,224.48,-14.64,-58.56,-53.68
-68.32,-14.64,53.68,43.92,-63.44,19.52,209.84,331.84,239.12,0,-48.8,-43.92
-63.44,-9.76,53.68,39.04,-58.56,19.52,204.96,336.72,244,-4.88,-48.8,-43.92
-58.56,-19.52,39.04,39.04,-48.8,9.76,204.96,341.6,253.76,-4.88,-48.8,-43.92
-48.8,-19.52,29.28,34.16,-39.04,4.88,214.72,351.36,258.64,0,-48.8,-48.8
-29.28,-4.88,24.4,19.52,-29.28,9.76,209.84,370.88,258.64,4.88,-43.92,-48.8
-14.64,9.76,24.4,4.88,-19.52,14.64,219.6,380.64,268.4,4.88,-48.8,-53.68
-14.64,9.76,24.4,4.88,-19.52,14.64,224.48,385.52,273.28,0,-53.68,-63.44
-19.52,9.76,29.28,4.88,-24.4,19.52,209.84,385.52,273.28,-4.88,-63.44,-73.2
-14.64,14.64,29.28,0,-24.4,19.52,214.72,395.28,278.16,-4.88,-63.44,-68.32
-14.64,19.52,34.16,0,-24.4,24.4,224.48,409.92,297.68,0,-58.56,-63.44
-24.4,14.64,39.04,4.88,-34.16,24.4,224.48,424.56,302.56,9.76,-53.68,-63.44
-29.28,4.88,34.16,14.64,-34.16,19.52,234.24,439.2,317.2,14.64,-48.8,-53.68
-24.4,4.88,29.28,9.76,-29.28,14.64,239.12,448.96,322.08,14.64,-53.68,-53.68
-34.16,4.88,39.04,14.64,-39.04,19.52,244,473.36,331.84,14.64,-53.68,-48.8
-19.52,0,19.52,9.76,-19.52,9.76,253.76,488,346.48,19.52,-48.8,-43.92
-4.88,0,4.88,4.88,-4.88,0,253.76,488,341.6,9.76,-63.44,-53.68
-4.88,19.52,24.4,-4.88,-14.64,19.52,258.64,507.52,351.36,14.64,-63.44,-53.68
4.88,19.52,14.64,-9.76,-4.88,14.64,253.76,512.4,356.24,14.64,-63.44,-53.68
4.88,9.76,4.88,-4.88,0,4.88,253.76,527.04,366,14.64,-63.44,-53.68
-34.16,29.28,63.44,4.88,-48.8,43.92,278.16,546.56,390.4,34.16,-48.8,-39.04
-48.8,34.16,82.96,9.76,-68.32,58.56,278.16,561.2,395.28,39.04,-43.92,-39.04
-19.52,39.04,58.56,-9.76,-39.04,48.8,263.52,556.32,390.4,19.52,-58.56,-53.68
-9.76,39.04,48.8,-14.64,-29.28,43.92,268.4,566.08,390.4,14.64,-63.44,-53.68
-9.76,14.64,24.4,0,-19.52,19.52,278.16,590.48,405.04,19.52,-63.44,-53.68
4.88,0,-4.88,0,4.88,-4.88,287.92,600.24,414.8,24.4,-58.56,-48.8
19.52,0,-19.52,-9.76,19.52,-9.76,287.92,610,419.68,19.52,-53.68,-39.04
-4.88,0,4.88,4.88,-4.88,0,287.92,624.64,424.56,29.28,-58.56,-43.92
-14.64,14.64,29.28,0,-24.4,19.52,283.04,629.52,429.44,29.28,-58.56,-43.92
9.76,9.76,0,-9.76,4.88,4.88,297.68,634.4,434.32,29.28,-63.44,-48.8
0,29.28,29.28,-14.64,-14.64,29.28,292.8,639.28,439.2,29.28,-58.56,-48.8
4.88,29.28,24.4,-14.64,-9.76,24.4,292.8,649.04,448.96,39.04,-53.68,-43.92
0,0,0,0,0,0,297.68,663.68,453.84,39.04,-58.56,-34.16
9.76,-4.88,-14.64,0,9.76,-9.76,307.44,678.32,458.72,29.28,-58.56,-34.16
0,9.76,9.76,-4.88,-4.88,9.76,302.56,683.2,458.72,24.4,-68.32,-39.04
9.76,14.64,4.88,-9.76,0,9.76,292.8,683.2,448.96,19.52,-73.2,-39.04
29.28,9.76,-19.52,-19.52,24.4,-4.88,287.92,668.56,439.2,4.88,-78.08,-43.92
29.28,4.88,-24.4,-14.64,24.4,-9.76,283.04,663.68,434.32,-4.88,-97.6,-58.56
43.92,9.76,-34.16,-24.4,39.04,-14.64,268.4,649.04,429.44,-9.76,-102.48,-63.44
24.4,14.64,-9.76,-19.52,14.64,0,273.28,658.8,434.32,-4.88,-97.6,-53.68
4.88,29.28,24.4,-14.64,-9.76,24.4,273.28,649.04,434.32,-4.88,-102.48,-48.8
-9.76,14.64,24.4,0,-19.52,19.52,278.16,658.8,434.32,0,-92.72,-39.04
-9.76,-9.76,0,9.76,-4.88,-4.88,278.16,653.92,429.44,-4.88,-87.84,-24.4
4.88,-4.88,-9.76,0,4.88,-9.76,268.4,644.16,419.68,-14.64,-92.72,-29.28
39.04,4.88,-34.16,-19.52,34.16,-14.64,258.64,619.76,395.28,-24.4,-102.48,-34.16
39.04,-4.88,-43.92,-14.64,39.04,-24.4,253.76,610,380.64,-29.28,-107.36,-34.16
39.04,-14.64,-53.68,-9.76,43.92,-34.16,244,590.48,375.76,-43.92,-112.24,-29.28
43.92,-14.64,-58.56,-14.64,48.8,-39.04,244,575.84,356.24,-48.8,-117.12,-34.16
29.28,-24.4,-53.68,0,39.04,-39.04,229.36,546.56,336.72,-68.32,-126.88,-39.04
24.4,-9.76,-34.16,-4.88,29.28,-24.4,219.6,527.04,326.96,-73.2,-136.64,-43.92
24.4,-24.4,-48.8,0,34.16,-39.04,214.72,512.4,322.08,-73.2,-136.64,-39.04
24.4,-29.28,-53.68,4.88,39.04,-43.92,214.72,497.76,317.2,-68.32,-126.88,-29.28
24.4,-24.4,-48.8,0,34.16,-39.04,204.96,478.24,302.56,-78.08,-126.88,-24.4
43.92,-14.64,-58.56,-14.64,48.8,-39.04,190.32,444.08,278.16,-97.6,-141.52,-34.16
53.68,-9.76,-63.44,-19.52,58.56,-39.04,185.44,419.68,258.64,-97.6,-141.52,-34.16
53.68,-24.4,-78.08,-14.64,63.44,-53.68,175.68,405.04,244,-97.6,-136.64,-29.28
53.68,-24.4,-78.08,-14.64,63.44,-53.68,156.16,375.76,224.48,-112.24,-151.28,-34.16
63.44,-29.28,-92.72,-14.64,78.08,-63.44,146.4,346.48,209.84,-112.24,-146.4,-34.16
68.32,-34.16,-102.48,-14.64,82.96,-68.32,131.76,317.2,190.32,-112.24,-146.4,-34.16
68.32,-24.4,-92.72,-19.52,78.08,-58.56,117.12,283.04,175.68,-117.12,-151.28,-34.16
39.04,-24.4,-63.44,-4.88,48.8,-43.92,112.24,268.4,180.56,-102.48,-136.64,-24.4
24.4,-24.4,-48.8,0,34.16,-39.04,107.36,244,170.8,-97.6,-126.88,-14.64
34.16,-24.4,-58.56,-4.88,43.92,-43.92,107.36,224.48,161.04,-97.6,-117.12,-4.88
39.04,-58.56,-97.6,9.76,68.32,-78.08,107.36,219.6,146.4,-87.84,-102.48,4.88
34.16,-63.44,-97.6,14.64,63.44,-82.96,97.6,195.2,126.88,-92.72,-102.48,4.88
48.8,-29.28,-78.08,-9.76,63.44,-53.68,87.84,165.92,107.36,-92.72,-102.48,0
34.16,-19.52,-53.68,-4.88,43.92,-39.04,73.2,136.64,92.72,-97.6,-107.36,-4.88
34.16,-24.4,-58.56,-4.88,43.92,-43.92,63.44,112.24,78.08,-102.48,-112.24,-14.64
53.68,-29.28,-82.96,-9.76,68.32,-58.56,48.8,82.96,63.44,-102.48,-112.24,-24.4
29.28,-43.92,-73.2,9.76,48.8,-58.56,43.92,68.32,58.56,-92.72,-107.36,-19.52
-4.88,-34.16,-29.28,19.52,9.76,-34.16,43.92,58.56,68.32,-78.08,-87.84,-4.88
-4.88,-34.16,-29.28,19.52,9.76,-34.16,43.92,39.04,58.56,-68.32,-73.2,0
4.88,-43.92,-48.8,19.52,24.4,-48.8,43.92,29.28,48.8,-63.44,-68.32,4.88
9.76,-29.28,-39.04,9.76,24.4,-34.16,39.04,9.76,29.28,-58.56,-63.44,4.88
0,-24.4,-24.4,14.64,9.76,-24.4,34.16,0,24.4,-53.68,-53.68,4.88
19.52,-29.28,-48.8,4.88,34.16,-39.04,24.4,-14.64,14.64,-53.68,-48.8,9.76
4.88,-14.64,-19.52,4.88,9.76,-19.52,24.4,-24.4,9.76,-53.68,-43.92,19.52
-9.76,-14.64,-4.88,14.64,-4.88,-9.76,19.52,-39.04,-4.88,-63.44,-48.8,14.64
19.52,0,-19.52,-9.76,19.52,-9.76,9.76,-68.32,-24.4,-78.08,-63.44,-4.88
0,-19.52,-19.52,9.76,9.76,-19.52,14.64,-63.44,-19.52,-63.44,-48.8,9.76
-24.4,-43.92,-19.52,34.16,-4.88,-34.16,14.64,-63.44,-14.64,-58.56,-39.04,14.64
-14.64,-19.52,-4.88,19.52,-4.88,-14.64,4.88,-78.08,-24.4,-58.56,-39.04,4.88
-9.76,-24.4,-14.64,19.52,0,-19.52,0,-87.84,-34.16,-63.44,-39.04,4.88
-4.88,-24.4,-19.52,14.64,4.88,-24.4,-4.88,-97.6,-43.92,-68.32,-48.8,0
-19.52,-9.76,9.76,14.64,-14.64,0,9.76,-97.6,-48.8,-58.56,-43.92,4.88
-19.52,-24.4,-4.88,24.4,-9.76,-14.64,9.76,-97.6,-53.68,-53.68,-39.04,4.88
-4.88,-9.76,-4.88,9.76,0,-9.76,4.88,-107.36,-68.32,-63.44,-48.8,-4.88
-14.64,-4.88,9.76,9.76,-14.64,0,9.76,-107.36,-73.2,-63.44,-43.92,-4.88
-14.64,0,14.64,9.76,-14.64,4.88,0,-126.88,-78.08,-68.32,-43.92,-9.76
-14.64,9.76,24.4,4.88,-19.52,14.64,0,-122,-73.2,-58.56,-34.16,0
-29.28,19.52,48.8,4.88,-39.04,34.16,-4.88,-126.88,-73.2,-68.32,-43.92,-9.76
-29.28,4.88,34.16,14.64,-34.16,19.52,-4.88,-126.88,-78.08,-68.32,-43.92,-14.64
-34.16,0,34.16,19.52,-34.16,14.64,0,-126.88,-78.08,-68.32,-43.92,-4.88
-39.04,-4.88,34.16,24.4,-39.04,14.64,0,-126.88,-87.84,-73.2,-48.8,-4.88
-14.64,4.88,19.52,4.88,-19.52,9.76,-9.76,-131.76,-92.72,-78.08,-48.8,-9.76
-14.64,-9.76,4.88,14.64,-9.76,-4.88,-4.88,-131.76,-97.6,-68.32,-39.04,-9.76
-39.04,-39.04,0,39.04,-19.52,-19.52,9.76,-112.24,-78.08,-58.56,-29.28,4.88
-68.32,-4.88,63.44,39.04,-68.32,29.28,9.76,-117.12,-82.96,-68.32,-39.04,-4.88
-78.08,9.76,87.84,34.16,-82.96,48.8,0,-126.88,-82.96,-68.32,-39.04,-4.88
-68.32,-9.76,58.56,39.04,-63.44,24.4,9.76,-117.12,-78.08,-58.56,-34.16,4.88
-58.56,-4.88,53.68,34.16,-58.56,24.4,9.76,-122,-73.2,-63.44,-34.16,9.76
-53.68,4.88,58.56,24.4,-58.56,29.28,0,-126.88,-87.84,-73.2,-39.04,-4.88
-63.44,-9.76,53.68,39.04,-58.56,19.52,9.76,-117.12,-82.96,-63.44,-34.16,14.64
-53.68,-39.04,14.64,48.8,-34.16,-14.64,24.4,-107.36,-78.08,-58.56,-24.4,19.52
-58.56,-29.28,29.28,43.92,-43.92,0,19.52,-107.36,-82.96,-63.44,-29.28,14.64
-48.8,-19.52,29.28,34.16,-39.04,4.88,19.52,-112.24,-87.84,-63.44,-29.28,14.64
-34.16,-34.16,0,34.16,-19.52,-19.52,14.64,-112.24,-97.6,-82.96,-43.92,4.88
-48.8,-19.52,29.28,34.16,-39.04,4.88,14.64,-107.36,-97.6,-87.84,-43.92,-4.88
-53.68,-9.76,43.92,34.16,-48.8,14.64,14.64,-112.24,-92.72,-82.96,-43.92,0
-39.04,-29.28,9.76,34.16,-24.4,-9.76,19.52,-112.24,-87.84,-78.08,-39.04,0
-24.4,-4.88,19.52,14.64,-24.4,4.88,14.64,-112.24,-92.72,-82.96,-43.92,-4.88
-34.16,-19.52,14.64,29.28,-24.4,-4.88,9.76,-117.12,-92.72,-82.96,-53.68,-14.64
-39.04,-19.52,19.52,29.28,-29.28,0,14.64,-112.24,-97.6,-92.72,-53.68,-9.76
-34.16,0,34.16,19.52,-34.16,14.64,29.28,-107.36,-97.6,-102.48,-58.56,-19.52
-39.04,-4.88,34.16,24.4,-39.04,14.64,19.52,-112.24,-102.48,-107.36,-63.44,-29.28
-39.04,-9.76,29.28,24.4,-34.16,9.76,19.52,-112.24,-107.36,-112.24,-68.32,-29.28
-24.4,-14.64,9.76,19.52,-19.52,-4.88,19.52,-112.24,-112.24,-112.24,-73.2,-34.16
-14.64,-24.4,-9.76,19.52,-4.88,-19.52,9.76,-117.12,-112.24,-117.12,-78.08,-48.8
-34.16,-24.4,9.76,29.28,-24.4,-9.76,19.52,-112.24,-102.48,-102.48,-63.44,-39.04
-82.96,-24.4,58.56,53.68,-73.2,14.64,29.28,-92.72,-87.84,-87.84,-53.68,-29.28
-97.6,-14.64,82.96,58.56,-92.72,34.16,39.04,-82.96,-78.08,-87.84,-53.68,-19.52
-73.2,0,73.2,39.04,-73.2,34.16,34.16,-92.72,-78.08,-92.72,-63.44,-24.4
-48.8,-4.88,43.92,29.28,-48.8,19.52,14.64,-107.36,-92.72,-107.36,-73.2,-29.28
-48.8,0,48.8,24.4,-48.8,24.4,24.4,-97.6,-82.96,-102.48,-68.32,-24.4
-53.68,14.64,68.32,19.52,-63.44,39.04,24.4,-92.72,-78.08,-97.6,-68.32,-19.52
-43.92,9.76,53.68,19.52,-48.8,29.28,24.4,-87.84,-78.08,-97.6,-68.32,-24.4
-48.8,4.88,53.68,24.4,-53.68,29.28,34.16,-78.08,-68.32,-92.72,-53.68,-14.64
-48.8,-14.64,34.16,34.16,-43.92,9.76,29.28,-82.96,-73.2,-97.6,-63.44,-24.4
-43.92,-19.52,24.4,34.16,-34.16,0,24.4,-87.84,-73.2,-97.6,-68.32,-24.4
-53.68,-14.64,39.04,34.16,-48.8,9.76,24.4,-78.08,-73.2,-97.6,-63.44,-29.28
-53.68,-14.64,39.04,34.16,-48.8,9.76,24.4,-73.2,-78.08,-102.48,-68.32,-39.04
-53.68,-4.88,48.8,29.28,-53.68,19.52,24.4,-68.32,-68.32,-97.6,-68.32,-34.16
-73.2,4.88,78.08,34.16,-78.08,39.04,29.28,-68.32,-68.32,-97.6,-68.32,-24.4
-82.96,14.64,97.6,34.16,-92.72,53.68,24.4,-63.44,-68.32,-97.6,-68.32,-29.28
-48.8,0,48.8,24.4,-48.8,24.4,34.16,-58.56,-63.44,-87.84,-63.44,-19.52
-53.68,-19.52,34.16,39.04,-43.92,4.88,43.92,-43.92,-53.68,-73.2,-48.8,-4.88
-58.56,-14.64,43.92,39.04,-53.68,14.64,43.92,-39.04,-48.8,-68.32,-43.92,0
-53.68,-14.64,39.04,34.16,-48.8,9.76,39.04,-48.8,-53.68,-68.32,-48.8,-14.64
-43.92,-24.4,19.52,34.16,-34.16,-4.88,34.16,-58.56,-53.68,-73.2,-48.8,-14.64
-29.28,-14.64,14.64,24.4,-24.4,0,29.28,-58.56,-53.68,-73.2,-48.8,-19.52
-34.16,-14.64,19.52,24.4,-29.28,0,29.28,-53.68,-43.92,-73.2,-48.8,-19.52
-58.56,-14.64,43.92,39.04,-53.68,14.64,29.28,-53.68,-43.92,-73.2,-48.8,-24.4
-87.84,-9.76,78.08,48.8,-82.96,34.16,53.68,-39.04,-24.4,-53.68,-34.16,0
-97.6,0,97.6,48.8,-97.6,48.8,48.8,-34.16,-24.4,-53.68,-34.16,0
-78.08,9.76,87.84,34.16,-82.96,48.8,48.8,-39.04,-34.16,-63.44,-39.04,-9.76
-58.56,24.4,82.96,19.52,-73.2,53.68,39.04,-48.8,-39.04,-68.32,-48.8,-19.52
-53.68,9.76,63.44,24.4,-58.56,34.16,29.28,-53.68,-48.8,-78.08,-63.44,-19.52
-48.8,-19.52,29.28,34.16,-39.04,4.88,43.92,-34.16,-29.28,-58.56,-43.92,-4.88
-58.56,-29.28,29.28,43.92,-43.92,0,53.68,-29.28,-24.4,-48.8,-39.04,4.88
-58.56,-9.76,48.8,34.16,-53.68,19.52,43.92,-39.04,-24.4,-53.68,-43.92,0
-39.04,4.88,43.92,19.52,-43.92,24.4,34.16,-43.92,-24.4,-53.68,-48.8,-4.88
-34.16,14.64,48.8,9.76,-43.92,29.28,24.4,-53.68,-34.16,-58.56,-48.8,-9.76
-39.04,-4.88,34.16,24.4,-39.04,14.64,29.28,-43.92,-29.28,-48.8,-34.16,0
-43.92,-24.4,19.52,34.16,-34.16,-4.88,48.8,-29.28,-14.64,-34.16,-19.52,14.64
-48.8,-24.4,24.4,39.04,-39.04,0,43.92,-39.04,-29.28,-43.92,-29.28,9.76
-48.8,-19.52,29.28,34.16,-39.04,4.88,48.8,-39.04,-24.4,-34.16,-19.52,14.64
-53.68,0,53.68,29.28,-53.68,24.4,39.04,-43.92,-39.04,-39.04,-24.4,9.76
-43.92,14.64,58.56,14.64,-53.68,34.16,29.28,-53.68,-39.04,-48.8,-29.28,0
-24.4,4.88,29.28,9.76,-29.28,14.64,29.28,-48.8,-29.28,-43.92,-24.4,4.88
-24.4,4.88,29.28,9.76,-29.28,14.64,24.4,-53.68,-43.92,-53.68,-34.16,-4.88
-58.56,-9.76,48.8,34.16,-53.68,19.52,39.04,-43.92,-39.04,-43.92,-29.28,4.88
-73.2,-19.52,53.68,48.8,-63.44,14.64,48.8,-34.16,-24.4,-24.4,-14.64,14.64
-14.64,-24.4,-9.76,19.52,-4.88,-19.52,24.4,-58.56,-43.92,-43.92,-29.28,0
-4.88,-19.52,-14.64,14.64,4.88,-19.52,29.28,-53.68,-43.92,-43.92,-29.28,0
-39.04,-24.4,14.64,34.16,-29.28,-4.88,34.16,-48.8,-39.04,-43.92,-24.4,4.88
-43.92,-24.4,19.52,34.16,-34.16,-4.88,34.16,-58.56,-43.92,-53.68,-29.28,0
-58.56,-19.52,39.04,39.04,-48.8,9.76,39.04,-53.68,-43.92,-48.8,-29.28,-4.88
-97.6,0,97.6,48.8,-97.6,48.8,48.8,-39.04,-29.28,-34.16,-14.64,0
-78.08,4.88,82.96,39.04,-82.96,43.92,29.28,-53.68,-39.04,-39.04,-24.4,-4.88
-58.56,0,58.56,29.28,-58.56,29.28,34.16,-58.56,-39.04,-43.92,-29.28,-4.88
-63.44,-14.64,48.8,39.04,-58.56,14.64,43.92,-58.56,-39.04,-39.04,-24.4,0
-68.32,-29.28,39.04,48.8,-53.68,4.88,48.8,-48.8,-29.28,-29.28,-14.64,4.88
-63.44,-19.52,43.92,43.92,-53.68,9.76,34.16,-63.44,-43.92,-39.04,-24.4,0
-53.68,-24.4,29.28,39.04,-43.92,0,29.28,-63.44,-48.8,-39.04,-24.4,0
-29.28,-19.52,9.76,24.4,-19.52,-4.88,34.16,-53.68,-43.92,-48.8,-19.52,-4.88
-39.04,-14.64,24.4,29.28,-34.16,4.88,34.16,-58.56,-43.92,-48.8,-19.52,-4.88
-48.8,-34.16,14.64,43.92,-34.16,-9.76,34.16,-58.56,-53.68,-53.68,-29.28,-4.88
-39.04,-34.16,4.88,39.04,-24.4,-14.64,34.16,-63.44,-53.68,-48.8,-34.16,-9.76
-48.8,-29.28,19.52,39.04,-34.16,-4.88,34.16,-68.32,-48.8,-43.92,-29.28,-4.88
-43.92,-24.4,19.52,34.16,-34.16,-4.88,39.04,-58.56,-48.8,-39.04,-24.4,0
-39.04,-19.52,19.52,29.28,-29.28,0,29.28,-68.32,-58.56,-48.8,-29.28,-4.88
-48.8,-24.4,24.4,39.04,-39.04,0,29.28,-68.32,-58.56,-43.92,-34.16,-4.88
-53.68,-19.52,34.16,39.04,-43.92,4.88,34.16,-63.44,-53.68,-43.92,-24.4,4.88
-58.56,-14.64,43.92,39.04,-53.68,14.64,29.28,-58.56,-53.68,-43.92,-24.4,0
-58.56,-19.52,39.04,39.04,-48.8,9.76,34.16,-63.44,-53.68,-43.92,-29.28,0
-53.68,-19.52,34.16,39.04,-43.92,4.88,34.16,-68.32,-58.56,-48.8,-29.28,0
-63.44,-39.04,24.4,53.68,-43.92,-9.76,39.04,-68.32,-63.44,-48.8,-29.28,-4.88
-53.68,-34.16,19.52,43.92,-39.04,-9.76,39.04,-68.32,-68.32,-48.8,-24.4,-9.76
-53.68,-34.16,19.52,43.92,-39.04,-9.76,34.16,-73.2,-68.32,-48.8,-29.28,-14.64
-63.44,-19.52,43.92,43.92,-53.68,9.76,34.16,-73.2,-63.44,-43.92,-29.28,-9.76
-63.44,4.88,68.32,29.28,-68.32,34.16,39.04,-73.2,-63.44,-48.8,-34.16,-14.64
-63.44,0,63.44,34.16,-63.44,29.28,29.28,-82.96,-78.08,-68.32,-53.68,-29.28
-63.44,-14.64,48.8,39.04,-58.56,14.64,29.28,-82.96,-73.2,-68.32,-48.8,-19.52
-53.68,-4.88,48.8,29.28,-53.68,19.52,29.28,-82.96,-73.2,-63.44,-43.92,-14.64
-53.68,-19.52,34.16,39.04,-43.92,4.88,34.16,-73.2,-68.32,-58.56,-39.04,-14.64
-53.68,-24.4,29.28,39.04,-43.92,0,39.04,-68.32,-58.56,-48.8,-24.4,-9.76
-53.68,-29.28,24.4,43.92,-39.04,-4.88,39.04,-68.32,-53.68,-48.8,-29.28,-4.88
-48.8,-34.16,14.64,43.92,-34.16,-9.76,34.16,-68.32,-63.44,-53.68,-34.16,-14.64
-34.16,-24.4,9.76,29.28,-24.4,-9.76,24.4,-82.96,-73.2,-63.44,-43.92,-24.4
-43.92,-39.04,4.88,43.92,-24.4,-19.52,24.4,-82.96,-78.08,-63.44,-48.8,-19.52
-34.16,-39.04,-4.88,39.04,-14.64,-24.4,19.52,-82.96,-73.2,-58.56,-43.92,-19.52
-39.04,-43.92,-4.88,43.92,-19.52,-24.4,24.4,-78.08,-68.32,-53.68,-34.16,-14.64
-68.32,-39.04,29.28,53.68,-48.8,-4.88,29.28,-73.2,-63.44,-48.8,-24.4,0
-39.04,-29.28,9.76,34.16,-24.4,-9.76,24.4,-78.08,-73.2,-53.68,-29.28,-9.76
-34.16,-43.92,-9.76,39.04,-14.64,-29.28,29.28,-82.96,-82.96,-53.68,-34.16,-9.76
-73.2,-43.92,29.28,58.56,-53.68,-9.76,43.92,-68.32,-68.32,-43.92,-24.4,0
-73.2,-19.52,53.68,48.8,-63.44,14.64,34.16,-73.2,-78.08,-53.68,-39.04,-4.88
-63.44,-24.4,39.04,43.92,-53.68,4.88,24.4,-87.84,-87.84,-73.2,-53.68,-24.4
-29.28,-63.44,-34.16,48.8,0,-48.8,34.16,-78.08,-78.08,-68.32,-43.92,-14.64
-24.4,-48.8,-24.4,39.04,0,-39.04,19.52,-87.84,-87.84,-73.2,-53.68,-24.4
-58.56,-53.68,4.88,58.56,-34.16,-24.4,29.28,-73.2,-73.2,-53.68,-39.04,-14.64
-58.56,-58.56,0,58.56,-29.28,-29.28,34.16,-68.32,-63.44,-43.92,-29.28,-4.88
-73.2,-58.56,14.64,68.32,-43.92,-24.4,39.04,-68.32,-68.32,-48.8,-29.28,-4.88
-82.96,-58.56,24.4,73.2,-53.68,-19.52,48.8,-58.56,-68.32,-48.8,-29.28,0
-63.44,-48.8,14.64,58.56,-39.04,-19.52,43.92,-63.44,-68.32,-58.56,-34.16,-9.76
-58.56,-43.92,14.64,53.68,-39.04,-14.64,34.16,-68.32,-73.2,-63.44,-39.04,-9.76
-58.56,-53.68,4.88,58.56,-34.16,-24.4,43.92,-63.44,-68.32,-63.44,-39.04,0
-48.8,-43.92,4.88,48.8,-29.28,-19.52,39.04,-68.32,-78.08,-63.44,-43.92,-9.76
-43.92,-43.92,0,43.92,-24.4,-24.4,39.04,-68.32,-73.2,-63.44,-43.92,-9.76
-39.04,-39.04,0,39.04,-19.52,-19.52,29.28,-82.96,-78.08,-68.32,-48.8,-14.64
-34.16,-63.44,-29.28,48.8,-4.88,-48.8,24.4,-82.96,-78.08,-68.32,-53.68,-9.76
-24.4,-92.72,-68.32,58.56,19.52,-82.96,29.28,-82.96,-78.08,-63.44,-48.8,-9.76
-19.52,-73.2,-53.68,48.8,14.64,-63.44,29.28,-82.96,-73.2,-63.44,-48.8,-9.76
-43.92,-68.32,-24.4,58.56,-9.76,-48.8,34.16,-78.08,-82.96,-58.56,-48.8,-19.52
-58.56,-53.68,4.88,58.56,-34.16,-24.4,43.92,-68.32,-73.2,-58.56,-43.92,-14.64
-53.68,-58.56,-4.88,58.56,-24.4,-34.16,39.04,-73.2,-87.84,-63.44,-48.8,-19.52
-43.92,-63.44,-19.52,53.68,-14.64,-43.92,39.04,-73.2,-87.84,-73.2,-53.68,-24.4
-29.28,-43.92,-14.64,39.04,-9.76,-29.28,34.16,-73.2,-87.84,-73.2,-53.68,-34.16
-43.92,-48.8,-4.88,48.8,-19.52,-29.28,34.16,-82.96,-87.84,-73.2,-58.56,-34.16
-63.44,-78.08,-14.64,73.2,-24.4,-48.8,43.92,-63.44,-68.32,-48.8,-34.16,-14.64
-53.68,-73.2,-19.52,63.44,-19.52,-48.8,48.8,-68.32,-73.2,-53.68,-39.04,-19.52
-53.68,-63.44,-9.76,58.56,-24.4,-39.04,43.92,-73.2,-78.08,-58.56,-43.92,-24.4
-63.44,-58.56,4.88,63.44,-34.16,-29.28,58.56,-63.44,-63.44,-48.8,-34.16,-9.76
-73.2,-58.56,14.64,68.32,-43.92,-24.4,58.56,-58.56,-63.44,-43.92,-34.16,-4.88
-43.92,-73.2,-29.28,58.56,-9.76,-53.68,48.8,-68.32,-82.96,-63.44,-43.92,-14.64
-43.92,-63.44,-19.52,53.68,-14.64,-43.92,48.8,-68.32,-78.08,-68.32,-48.8,-19.52
-48.8,-63.44,-14.64,58.56,-19.52,-39.04,43.92,-73.2,-82.96,-68.32,-48.8,-14.64
-34.16,-53.68,-19.52,43.92,-9.76,-39.04,39.04,-78.08,-82.96,-73.2,-53.68,-29.28
-39.04,-58.56,-19.52,48.8,-9.76,-39.04,48.8,-68.32,-82.96,-63.44,-43.92,-19.52
-48.8,-63.44,-14.64,58.56,-19.52,-39.04,48.8,-68.32,-78.08,-63.44,-48.8,-19.52
-48.8,-53.68,-4.88,53.68,-24.4,-29.28,43.92,-73.2,-87.84,-73.2,-53.68,-24.4
-39.04,-58.56,-19.52,48.8,-9.76,-39.04,39.04,-78.08,-87.84,-73.2,-48.8,-29.28
-24.4,-78.08,-53.68,53.68,14.64,-68.32,39.04,-78.08,-82.96,-68.32,-43.92,-19.52
-39.04,-78.08,-39.04,58.56,0,-58.56,48.8,-68.32,-78.08,-63.44,-43.92,-14.64
-68.32,-92.72,-24.4,82.96,-24.4,-58.56,63.44,-53.68,-63.44,-53.68,-34.16,0
-78.08,-97.6,-19.52,87.84,-29.28,-58.56,68.32,-48.8,-63.44,-53.68,-34.16,0
-39.04,-92.72,-53.68,68.32,4.88,-73.2,63.44,-58.56,-73.2,-68.32,-43.92,-4.88
-24.4,-87.84,-63.44,58.56,19.52,-78.08,53.68,-63.44,-78.08,-68.32,-53.68,-14.64
-29.28,-78.08,-48.8,53.68,9.76,-63.44,53.68,-73.2,-87.84,-73.2,-58.56,-19.52
-39.04,-73.2,-34.16,58.56,-4.88,-53.68,58.56,-68.32,-87.84,-73.2,-58.56,-14.64
-53.68,-73.2,-19.52,63.44,-19.52,-48.8,58.56,-58.56,-82.96,-68.32,-53.68,-4.88
-19.52,-78.08,-58.56,48.8,19.52,-68.32,53.68,-63.44,-87.84,-68.32,-58.56,-14.64
-9.76,-68.32,-58.56,39.04,24.4,-63.44,48.8,-73.2,-92.72,-78.08,-68.32,-24.4
-24.4,-43.92,-19.52,34.16,-4.88,-34.16,48.8,-63.44,-92.72,-73.2,-63.44,-19.52
-29.28,-58.56,-29.28,43.92,0,-43.92,53.68,-68.32,-87.84,-78.08,-63.44,-24.4
-43.92,-68.32,-24.4,58.56,-9.76,-48.8,58.56,-73.2,-87.84,-73.2,-58.56,-19.52
-48.8,-78.08,-29.28,63.44,-9.76,-53.68,68.32,-63.44,-87.84,-78.08,-58.56,-9.76
-63.44,-92.72,-29.28,78.08,-19.52,-63.44,73.2,-58.56,-78.08,-68.32,-48.8,-4.88
-63.44,-97.6,-34.16,82.96,-14.64,-68.32,73.2,-53.68,-73.2,-68.32,-48.8,-4.88
-29.28,-87.84,-58.56,58.56,14.64,-73.2,68.32,-63.44,-82.96,-73.2,-48.8,-9.76
-24.4,-82.96,-58.56,53.68,14.64,-73.2,58.56,-68.32,-87.84,-78.08,-63.44,-14.64
-24.4,-63.44,-39.04,43.92,4.88,-53.68,58.56,-63.44,-82.96,-68.32,-58.56,-9.76
-24.4,-58.56,-34.16,43.92,4.88,-48.8,53.68,-68.32,-92.72,-78.08,-63.44,-19.52
-14.64,-73.2,-58.56,43.92,19.52,-68.32,48.8,-73.2,-92.72,-82.96,-68.32,-19.52
0,-68.32,-68.32,34.16,34.16,-68.32,48.8,-73.2,-92.72,-82.96,-68.32,-19.52
-58.56,-73.2,-14.64,68.32,-24.4,-43.92,68.32,-53.68,-73.2,-58.56,-43.92,4.88
-87.84,-87.84,0,87.84,-43.92,-43.92,82.96,-34.16,-53.68,-43.92,-29.28,19.52
-73.2,-82.96,-9.76,78.08,-34.16,-48.8,78.08,-39.04,-63.44,-53.68,-39.04,14.64
-53.68,-73.2,-19.52,63.44,-19.52,-48.8,63.44,-48.8,-73.2,-63.44,-48.8,9.76
-39.04,-78.08,-39.04,58.56,0,-58.56,58.56,-68.32,-82.96,-73.2,-58.56,0
-43.92,-92.72,-48.8,68.32,0,-73.2,68.32,-63.44,-82.96,-68.32,-48.8,9.76
-39.04,-92.72,-53.68,68.32,4.88,-73.2,63.44,-68.32,-87.84,-68.32,-53.68,0
-19.52,-73.2,-53.68,48.8,14.64,-63.44,58.56,-68.32,-87.84,-63.44,-43.92,4.88
-14.64,-68.32,-53.68,43.92,19.52,-63.44,63.44,-63.44,-92.72,-63.44,-48.8,9.76
-43.92,-68.32,-24.4,58.56,-9.76,-48.8,68.32,-58.56,-82.96,-58.56,-39.04,9.76
-39.04,-53.68,-14.64,48.8,-14.64,-34.16,53.68,-73.2,-82.96,-58.56,-43.92,-4.88
-24.4,-48.8,-24.4,39.04,0,-39.04,53.68,-78.08,-92.72,-78.08,-58.56,-14.64
-14.64,-58.56,-43.92,39.04,14.64,-53.68,58.56,-78.08,-92.72,-92.72,-63.44,-19.52
-39.04,-63.44,-24.4,53.68,-9.76,-43.92,63.44,-68.32,-82.96,-78.08,-58.56,-4.88
-34.16,-102.48,-68.32,68.32,14.64,-87.84,58.56,-73.2,-82.96,-73.2,-53.68,0
-19.52,-92.72,-73.2,58.56,24.4,-82.96,58.56,-68.32,-78.08,-63.44,-43.92,4.88
-48.8,-73.2,-24.4,63.44,-14.64,-48.8,53.68,-73.2,-82.96,-68.32,-43.92,-4.88
-53.68,-68.32,-14.64,63.44,-19.52,-43.92,58.56,-73.2,-87.84,-68.32,-53.68,-9.76
-19.52,-58.56,-39.04,39.04,9.76,-48.8,43.92,-82.96,-102.48,-82.96,-63.44,-14.64
-9.76,-39.04,-29.28,24.4,9.76,-34.16,48.8,-87.84,-107.36,-87.84,-73.2,-24.4
-9.76,-48.8,-39.04,29.28,14.64,-43.92,53.68,-82.96,-102.48,-92.72,-68.32,-19.52
-14.64,-73.2,-58.56,43.92,19.52,-68.32,58.56,-78.08,-97.6,-82.96,-63.44,-9.76
-24.4,-78.08,-53.68,53.68,14.64,-68.32,53.68,-73.2,-92.72,-87.84,-58.56,-9.76
-14.64,-73.2,-58.56,43.92,19.52,-68.32,53.68,-78.08,-97.6,-87.84,-63.44,-14.64
-24.4,-87.84,-63.44,58.56,19.52,-78.08,58.56,-73.2,-92.72,-87.84,-68.32,-14.64
-39.04,-92.72,-53.68,68.32,4.88,-73.2,58.56,-78.08,-92.72,-78.08,-63.44,-9.76
-34.16,-73.2,-39.04,53.68,0,-58.56,53.68,-87.84,-97.6,-78.08,-63.44,-4.88
-39.04,-68.32,-29.28,53.68,-4.88,-48.8,53.68,-92.72,-97.6,-73.2,-58.56,0
-43.92,-63.44,-19.52,53.68,-14.64,-43.92,63.44,-78.08,-92.72,-68.32,-43.92,9.76
-43.92,-68.32,-24.4,58.56,-9.76,-48.8,63.44,-82.96,-97.6,-73.2,-53.68,4.88
-24.4,-68.32,-43.92,48.8,9.76,-58.56,58.56,-87.84,-102.48,-82.96,-53.68,0
-9.76,-63.44,-53.68,39.04,19.52,-58.56,58.56,-82.96,-97.6,-78.08,-48.8,4.88
0,-53.68,-53.68,29.28,24.4,-53.68,39.04,-92.72,-112.24,-87.84,-63.44,-9.76
-48.8,-53.68,-4.88,53.68,-24.4,-29.28,58.56,-92.72,-97.6,-82.96,-58.56,0
-58.56,-58.56,0,58.56,-29.28,-29.28,63.44,-82.96,-87.84,-78.08,-53.68,9.76
-43.92,-68.32,-24.4,58.56,-9.76,-48.8,58.56,-92.72,-97.6,-78.08,-58.56,0
-34.16,-48.8,-14.64,43.92,-9.76,-34.16,48.8,-97.6,-102.48,-82.96,-53.68,4.88
-34.16,-58.56,-24.4,48.8,-4.88,-43.92,63.44,-92.72,-92.72,-78.08,-48.8,9.76
-34.16,-102.48,-68.32,68.32,14.64,-87.84,68.32,-82.96,-87.84,-68.32,-39.04,24.4
-34.16,-87.84,-53.68,63.44,9.76,-73.2,63.44,-78.08,-92.72,-68.32,-39.04,19.52
-43.92,-78.08,-34.16,63.44,-4.88,-58.56,63.44,-82.96,-97.6,-73.2,-39.04,14.64
-53.68,-73.2,-19.52,63.44,-19.52,-48.8,68.32,-87.84,-92.72,-73.2,-48.8,9.76
-68.32,-58.56,9.76,63.44,-39.04,-24.4,73.2,-78.08,-87.84,-68.32,-39.04,24.4
-63.44,-53.68,9.76,58.56,-39.04,-24.4,63.44,-87.84,-97.6,-78.08,-48.8,9.76
-53.68,-34.16,19.52,43.92,-39.04,-9.76,58.56,-97.6,-102.48,-87.84,-53.68,4.88
-43.92,-48.8,-4.88,48.8,-19.52,-29.28,58.56,-92.72,-102.48,-82.96,-53.68,0
-43.92,-53.68,-9.76,48.8,-19.52,-34.16,58.56,-107.36,-107.36,-87.84,-58.56,-9.76
-39.04,-43.92,-4.88,43.92,-19.52,-24.4,63.44,-102.48,-102.48,-78.08,-53.68,-9.76
-58.56,-43.92,14.64,53.68,-39.04,-14.64,63.44,-97.6,-97.6,-78.08,-58.56,-4.88
-58.56,-63.44,-4.88,63.44,-29.28,-34.16,73.2,-97.6,-97.6,-78.08,-53.68,9.76
-43.92,-58.56,-14.64,53.68,-14.64,-39.04,68.32,-102.48,-107.36,-82.96,-53.68,9.76
-63.44,-73.2,-9.76,68.32,-29.28,-43.92,73.2,-92.72,-97.6,-78.08,-53.68,14.64
-63.44,-73.2,-9.76,68.32,-29.28,-43.92,82.96,-78.08,-87.84,-68.32,-43.92,14.64
-68.32,-68.32,0,68.32,-34.16,-34.16,78.08,-87.84,-92.72,-73.2,-48.8,14.64
-87.84,-63.44,24.4,78.08,-58.56,-19.52,82.96,-87.84,-87.84,-73.2,-43.92,24.4
-97.6,-39.04,58.56,68.32,-78.08,9.76,82.96,-92.72,-87.84,-68.32,-43.92,24.4
-82.96,-34.16,48.8,58.56,-68.32,4.88,78.08,-97.6,-87.84,-68.32,-39.04,29.28
-82.96,-43.92,39.04,63.44,-63.44,-4.88,82.96,-97.6,-92.72,-68.32,-29.28,39.04
-87.84,-53.68,34.16,73.2,-63.44,-9.76,82.96,-92.72,-97.6,-73.2,-39.04,29.28
-68.32,-73.2,-4.88,73.2,-34.16,-39.04,73.2,-97.6,-97.6,-78.08,-43.92,19.52
-48.8,-53.68,-4.88,53.68,-24.4,-29.28,78.08,-97.6,-102.48,-82.96,-43.92,14.64
-58.56,-53.68,4.88,58.56,-34.16,-24.4,73.2,-102.48,-107.36,-82.96,-48.8,9.76
-73.2,-53.68,19.52,63.44,-48.8,-19.52,73.2,-102.48,-107.36,-82.96,-48.8,14.64
-87.84,-43.92,43.92,68.32,-68.32,0,82.96,-97.6,-97.6,-73.2,-39.04,24.4
-92.72,-39.04,53.68,68.32,-73.2,4.88,82.96,-97.6,-92.72,-68.32,-34.16,24.4
-82.96,-29.28,53.68,58.56,-68.32,9.76,82.96,-97.6,-92.72,-58.56,-34.16,34.16
-82.96,-14.64,68.32,48.8,-78.08,24.4,78.08,-97.6,-92.72,-53.68,-29.28,39.04
-87.84,-14.64,73.2,53.68,-82.96,29.28,78.08,-117.12,-102.48,-58.56,-29.28,34.16
-87.84,-14.64,73.2,53.68,-82.96,29.28,82.96,-102.48,-92.72,-53.68,-24.4,43.92
-78.08,-43.92,34.16,63.44,-58.56,-4.88,82.96,-107.36,-102.48,-63.44,-24.4,48.8
-78.08,-58.56,19.52,68.32,-48.8,-19.52,82.96,-102.48,-97.6,-63.44,-24.4,43.92
-82.96,-48.8,34.16,68.32,-58.56,-9.76,92.72,-92.72,-82.96,-63.44,-24.4,53.68
-102.48,-48.8,53.68,78.08,-78.08,0,92.72,-92.72,-87.84,-73.2,-34.16,34.16
-97.6,-43.92,53.68,73.2,-78.08,4.88,82.96,-102.48,-92.72,-78.08,-39.04,24.4
-92.72,-29.28,63.44,63.44,-78.08,14.64,92.72,-97.6,-92.72,-68.32,-29.28,39.04
-97.6,-39.04,58.56,68.32,-78.08,9.76,87.84,-102.48,-97.6,-73.2,-34.16,39.04
-92.72,-39.04,53.68,68.32,-73.2,4.88,87.84,-97.6,-92.72,-68.32,-29.28,43.92
-82.96,-39.04,43.92,63.44,-63.44,0,87.84,-102.48,-97.6,-63.44,-24.4,43.92
-73.2,-43.92,29.28,58.56,-53.68,-9.76,102.48,-102.48,-97.6,-68.32,-19.52,53.68
-102.48,-34.16,68.32,68.32,-87.84,14.64,117.12,-97.6,-87.84,-68.32,-19.52,58.56
-117.12,-34.16,82.96,78.08,-102.48,24.4,122,-82.96,-73.2,-58.56,-14.64,63.44
-117.12,-34.16,82.96,78.08,-102.48,24.4,141.52,-63.44,-43.92,-39.04,4.88,78.08
-102.48,-29.28,73.2,68.32,-87.84,19.52,151.28,-58.56,-43.92,-34.16,4.88,78.08
-92.72,-14.64,78.08,53.68,-87.84,29.28,146.4,-63.44,-48.8,-34.16,-4.88,63.44
-92.72,-4.88,87.84,48.8,-92.72,39.04,141.52,-63.44,-48.8,-34.16,0,63.44
-102.48,4.88,107.36,48.8,-107.36,53.68,141.52,-63.44,-48.8,-29.28,4.88,68.32
-97.6,14.64,112.24,43.92,-107.36,63.44,146.4,-58.56,-48.8,-19.52,9.76,63.44
-112.24,9.76,122,53.68,-117.12,63.44,165.92,-43.92,-34.16,-4.88,29.28,87.84
-107.36,4.88,112.24,53.68,-112.24,58.56,175.68,-34.16,-34.16,-9.76,24.4,82.96
-107.36,19.52,126.88,43.92,-117.12,73.2,185.44,-34.16,-34.16,-14.64,19.52,82.96
-112.24,43.92,156.16,34.16,-136.64,97.6,195.2,-24.4,-24.4,-9.76,24.4,82.96
-92.72,63.44,156.16,14.64,-126.88,107.36,195.2,-24.4,-34.16,-24.4,14.64,78.08
-63.44,78.08,141.52,-4.88,-102.48,107.36,190.32,-14.64,-24.4,-19.52,9.76,78.08
-58.56,82.96,141.52,-9.76,-102.48,112.24,175.68,-14.64,-24.4,-9.76,19.52,87.84
-53.68,63.44,117.12,-4.88,-87.84,87.84,146.4,-29.28,-24.4,-9.76,24.4,92.72
-43.92,82.96,126.88,-19.52,-87.84,102.48,107.36,-53.68,-29.28,-9.76,19.52,87.84
-68.32,97.6,165.92,-14.64,-117.12,131.76,97.6,-63.44,-29.28,0,29.28,102.48
-63.44,73.2,136.64,-4.88,-102.48,102.48,92.72,-48.8,-9.76,19.52,58.56,122
-48.8,63.44,112.24,-4.88,-82.96,87.84,87.84,-43.92,-4.88,34.16,73.2,141.52
-29.28,97.6,126.88,-34.16,-78.08,112.24,63.44,-68.32,-14.64,34.16,78.08,141.52
-24.4,107.36,131.76,-39.04,-78.08,117.12,53.68,-68.32,-9.76,43.92,87.84,151.28
-43.92,87.84,131.76,-19.52,-87.84,107.36,53.68,-63.44,-19.52,39.04,87.84,161.04
-39.04,73.2,112.24,-14.64,-78.08,92.72,48.8,-78.08,-43.92,9.76,63.44,156.16
-14.64,68.32,82.96,-24.4,-48.8,73.2,24.4,-107.36,-58.56,-9.76,39.04,136.64
-19.52,58.56,78.08,-19.52,-48.8,68.32,14.64,-117.12,-63.44,-14.64,43.92,131.76
-29.28,58.56,87.84,-14.64,-58.56,73.2,24.4,-102.48,-43.92,4.88,58.56,131.76
-39.04,63.44,102.48,-9.76,-73.2,82.96,39.04,-97.6,-39.04,9.76,53.68,126.88
-53.68,43.92,97.6,4.88,-78.08,68.32,48.8,-87.84,-39.04,9.76,53.68,126.88
-48.8,24.4,73.2,14.64,-63.44,48.8,48.8,-87.84,-43.92,4.88,43.92,131.76
-39.04,19.52,58.56,9.76,-48.8,39.04,39.04,-97.6,-48.8,0,43.92,122
-39.04,9.76,48.8,14.64,-43.92,29.28,53.68,-92.72,-53.68,-4.88,39.04,126.88
-48.8,14.64,63.44,19.52,-58.56,39.04,48.8,-102.48,-58.56,-14.64,34.16,131.76
-53.68,14.64,68.32,19.52,-63.44,39.04,48.8,-102.48,-58.56,-9.76,39.04,126.88
-39.04,9.76,48.8,14.64,-43.92,29.28,48.8,-107.36,-63.44,-4.88,43.92,126.88
-39.04,4.88,43.92,19.52,-43.92,24.4,48.8,-126.88,-82.96,-34.16,19.52,102.48
-53.68,-14.64,39.04,34.16,-48.8,9.76,48.8,-136.64,-87.84,-43.92,4.88,87.84
-63.44,-19.52,43.92,43.92,-53.68,9.76,53.68,-136.64,-97.6,-48.8,0,73.2
-63.44,-9.76,53.68,39.04,-58.56,19.52,63.44,-141.52,-107.36,-58.56,-4.88,68.32
-58.56,-4.88,53.68,34.16,-58.56,24.4,58.56,-136.64,-107.36,-68.32,-9.76,68.32
-63.44,-9.76,53.68,39.04,-58.56,19.52,53.68,-131.76,-102.48,-63.44,-14.64,73.2
-73.2,-24.4,48.8,48.8,-63.44,9.76,53.68,-126.88,-102.48,-58.56,-19.52,78.08
-48.8,-19.52,29.28,34.16,-39.04,4.88,43.92,-136.64,-112.24,-63.44,-24.4,63.44
-82.96,-29.28,53.68,58.56,-68.32,9.76,48.8,-136.64,-112.24,-63.44,-24.4,63.44
-122,-58.56,63.44,92.72,-92.72,0,58.56,-131.76,-107.36,-68.32,-14.64,63.44
-92.72,-43.92,48.8,68.32,-73.2,0,53.68,-146.4,-117.12,-78.08,-29.28,53.68
-73.2,-24.4,48.8,48.8,-63.44,9.76,43.92,-156.16,-122,-82.96,-34.16,43.92
-97.6,-29.28,68.32,63.44,-82.96,19.52,48.8,-151.28,-117.12,-78.08,-29.28,48.8
-131.76,-39.04,92.72,87.84,-112.24,24.4,58.56,-146.4,-122,-82.96,-29.28,53.68
-185.44,-48.8,136.64,117.12,-161.04,43.92,73.2,-126.88,-117.12,-78.08,-19.52,63.44
-165.92,-73.2,92.72,122,-131.76,9.76,73.2,-126.88,-112.24,-68.32,-14.64,63.44
-131.76,-63.44,68.32,97.6,-102.48,0,58.56,-136.64,-112.24,-68.32,-24.4,58.56
-122,-53.68,68.32,87.84,-97.6,4.88,48.8,-146.4,-122,-87.84,-39.04,39.04
-112.24,-48.8,63.44,82.96,-87.84,4.88,53.68,-146.4,-131.76,-102.48,-53.68,34.16
-117.12,-53.68,63.44,87.84,-92.72,4.88,53.68,-156.16,-131.76,-97.6,-48.8,34.16
-126.88,-53.68,73.2,92.72,-102.48,9.76,58.56,-151.28,-126.88,-87.84,-39.04,43.92
-122,-39.04,82.96,82.96,-102.48,19.52,48.8,-156.16,-126.88,-87.84,-39.04,43.92
-126.88,-34.16,92.72,82.96,-112.24,29.28,48.8,-165.92,-131.76,-97.6,-43.92,39.04
-126.88,-4.88,122,68.32,-126.88,58.56,43.92,-170.8,-141.52,-107.36,-53.68,39.04
-122,-9.76,112.24,68.32,-117.12,48.8,34.16,-170.8,-151.28,-122,-58.56,34.16
-131.76,-43.92,87.84,87.84,-112.24,19.52,48.8,-156.16,-146.4,-112.24,-53.68,43.92
-136.64,-53.68,82.96,97.6,-112.24,14.64,53.68,-146.4,-131.76,-102.48,-43.92,48.8
-131.76,-68.32,63.44,102.48,-97.6,-4.88,53.68,-151.28,-126.88,-97.6,-48.8,43.92
-107.36,-68.32,39.04,87.84,-73.2,-14.64,48.8,-151.28,-131.76,-97.6,-48.8,34.16
-92.72,-43.92,48.8,68.32,-73.2,0,43.92,-161.04,-136.64,-107.36,-58.56,24.4
-102.48,-43.92,58.56,73.2,-82.96,4.88,53.68,-156.16,-126.88,-102.48,-53.68,29.28
-122,-43.92,78.08,82.96,-102.48,14.64,68.32,-141.52,-112.24,-87.84,-43.92,34.16
-126.88,-34.16,92.72,82.96,-112.24,29.28,63.44,-151.28,-117.12,-92.72,-48.8,24.4
-165.92,-48.8,117.12,107.36,-141.52,34.16,63.44,-141.52,-117.12,-82.96,-43.92,29.28
-161.04,-73.2,87.84,117.12,-126.88,4.88,82.96,-122,-97.6,-68.32,-24.4,43.92
-146.4,-78.08,68.32,112.24,-107.36,-4.88,87.84,-112.24,-97.6,-82.96,-48.8,19.52
-131.76,-68.32,63.44,102.48,-97.6,-4.88,107.36,-78.08,-73.2,-87.84,-68.32,0
-165.92,-63.44,102.48,117.12,-136.64,19.52,151.28,-4.88,-14.64,-97.6,-97.6,-29.28
-200.08,-39.04,161.04,122,-180.56,58.56,214.72,97.6,48.8,-126.88,-146.4,-87.84
-209.84,0,209.84,107.36,-209.84,102.48,307.44,239.12,161.04,-131.76,-180.56,-131.76
-229.36,9.76,239.12,112.24,-234.24,122,395.28,434.32,331.84,-102.48,-195.2,-161.04
-214.72,53.68,268.4,82.96,-244,161.04,444.08,610,488,-53.68,-180.56,-170.8
-175.68,126.88,302.56,24.4,-239.12,214.72,473.36,736.88,619.76,34.16,-126.88,-141.52
-165.92,156.16,322.08,4.88,-244,239.12,497.76,839.36,746.64,175.68,0,-63.44
-131.76,204.96,336.72,-34.16,-234.24,268.4,488,834.48,790.56,331.84,165.92,68.32
-43.92,283.04,326.96,-117.12,-185.44,302.56,414.8,717.36,780.8,551.44,400.16,253.76
43.92,361.12,317.2,-200.08,-136.64,336.72,307.44,570.96,834.48,897.92,751.52,522.16
170.8,448.96,278.16,-307.44,-53.68,361.12,165.92,346.48,863.76,1361.52,1210.24,849.12
283.04,561.2,278.16,-419.68,0,419.68,4.88,29.28,824.72,1869.04,1717.76,1220
361.12,732,370.88,-546.56,-4.88,551.44,-200.08,-356.24,702.72,2337.52,2220.4,1615.28
473.36,927.2,453.84,-697.84,9.76,688.08,-429.44,-668.56,692.96,2874.32,2762.08,2030.08
561.2,971.12,409.92,-766.16,73.2,688.08,-556.32,-800.32,810.08,3381.84,3167.12,2308.24
624.64,917.44,292.8,-771.04,165.92,605.12,-610,-854,834.48,3601.44,3303.76,2415.6
595.36,795.44,200.08,-692.96,195.2,497.76,-624.64,-956.48,663.68,3430.64,3162.24,2366.8
527.04,585.6,58.56,-556.32,234.24,322.08,-624.64,-1073.6,395.28,3015.84,2801.12,2161.84
424.56,434.32,9.76,-429.44,204.96,219.6,-634.4,-1205.36,9.76,2337.52,2239.92,1849.52
356.24,341.6,-14.64,-346.48,185.44,161.04,-678.32,-1351.76,-448.96,1439.6,1532.32,1449.36
278.16,297.68,19.52,-287.92,126.88,156.16,-717.36,-1483.52,-927.2,570.96,927.2,1107.76
136.64,248.88,112.24,-190.32,9.76,180.56,-692.96,-1532.32,-1322.48,-253.76,351.36,775.92
48.8,122,73.2,-82.96,-14.64,97.6,-629.52,-1493.28,-1464,-688.08,-39.04,507.52
-19.52,4.88,24.4,9.76,-24.4,14.64,-531.92,-1342,-1337.12,-707.6,-175.68,317.2
-78.08,-63.44,14.64,73.2,-48.8,-24.4,-463.6,-1156.56,-1141.92,-624.64,-229.36,175.68
-63.44,-102.48,-39.04,82.96,-14.64,-73.2,-419.68,-985.76,-951.6,-527.04,-219.6,122
-29.28,-112.24,-82.96,73.2,24.4,-97.6,-380.64,-839.36,-805.2,-458.72,-214.72,87.84
-9.76,-102.48,-92.72,58.56,39.04,-97.6,-356.24,-751.52,-712.48,-424.56,-214.72,63.44
-24.4,-78.08,-53.68,53.68,14.64,-68.32,-292.8,-658.8,-624.64,-370.88,-190.32,53.68
-24.4,-39.04,-14.64,34.16,-4.88,-29.28,-234.24,-551.44,-517.28,-292.8,-146.4,68.32
-43.92,-29.28,14.64,39.04,-29.28,-9.76,-170.8,-434.32,-409.92,-224.48,-102.48,68.32
-48.8,-19.52,29.28,34.16,-39.04,4.88,-102.48,-322.08,-322.08,-180.56,-87.84,48.8
-24.4,-53.68,-29.28,39.04,0,-43.92,-58.56,-244,-258.64,-165.92,-92.72,34.16
-4.88,-73.2,-68.32,39.04,29.28,-73.2,-24.4,-200.08,-209.84,-161.04,-97.6,24.4
-4.88,-53.68,-48.8,29.28,19.52,-53.68,9.76,-151.28,-165.92,-136.64,-92.72,14.64
-14.64,-53.68,-39.04,34.16,9.76,-48.8,34.16,-126.88,-141.52,-131.76,-92.72,0
-24.4,-87.84,-63.44,58.56,19.52,-78.08,63.44,-107.36,-117.12,-122,-97.6,-4.88
0,-87.84,-87.84,43.92,43.92,-87.84,73.2,-82.96,-102.48,-136.64,-107.36,-29.28
9.76,-78.08,-87.84,34.16,48.8,-82.96,73.2,-78.08,-102.48,-141.52,-122,-43.92
4.88,-82.96,-87.84,39.04,43.92,-87.84,73.2,-68.32,-102.48,-161.04,-131.76,-48.8
19.52,-73.2,-92.72,29.28,53.68,-82.96,73.2,-58.56,-107.36,-165.92,-141.52,-68.32
14.64,-82.96,-97.6,34.16,53.68,-92.72,78.08,-43.92,-97.6,-156.16,-141.52,-73.2
14.64,-58.56,-73.2,24.4,43.92,-68.32,78.08,-39.04,-87.84,-151.28,-136.64,-78.08
24.4,-48.8,-73.2,14.64,48.8,-63.44,82.96,-39.04,-82.96,-161.04,-141.52,-82.96
19.52,-58.56,-78.08,19.52,48.8,-68.32,73.2,-43.92,-87.84,-161.04,-151.28,-102.48
9.76,-63.44,-73.2,29.28,39.04,-68.32,78.08,-39.04,-73.2,-146.4,-136.64,-87.84
-14.64,-53.68,-39.04,34.16,9.76,-48.8,82.96,-34.16,-63.44,-146.4,-136.64,-87.84
-4.88,-53.68,-48.8,29.28,19.52,-53.68,87.84,-29.28,-58.56,-151.28,-141.52,-92.72
-9.76,-82.96,-73.2,48.8,29.28,-78.08,102.48,-9.76,-43.92,-131.76,-122,-73.2
4.88,-78.08,-82.96,39.04,43.92,-82.96,97.6,-9.76,-48.8,-146.4,-131.76,-68.32
4.88,-48.8,-53.68,24.4,29.28,-53.68,92.72,-4.88,-53.68,-156.16,-141.52,-78.08
-9.76,-39.04,-29.28,24.4,9.76,-34.16,102.48,4.88,-53.68,-156.16,-136.64,-78.08
9.76,-53.68,-63.44,24.4,34.16,-58.56,97.6,9.76,-48.8,-146.4,-136.64,-78.08
9.76,-78.08,-87.84,34.16,48.8,-82.96,107.36,19.52,-29.28,-141.52,-131.76,-78.08
4.88,-97.6,-102.48,48.8,53.68,-102.48,107.36,19.52,-34.16,-141.52,-141.52,-97.6
0,-92.72,-92.72,48.8,43.92,-92.72,112.24,24.4,-24.4,-126.88,-141.52,-102.48
-14.64,-82.96,-68.32,48.8,24.4,-78.08,117.12,29.28,-4.88,-117.12,-126.88,-97.6
-14.64,-78.08,-63.44,48.8,24.4,-73.2,117.12,24.4,-9.76,-122,-131.76,-112.24
14.64,-48.8,-63.44,19.52,39.04,-58.56,107.36,24.4,-9.76,-112.24,-126.88,-117.12
9.76,-53.68,-63.44,24.4,34.16,-58.56,107.36,24.4,-9.76,-112.24,-122,-112.24
-9.76,-68.32,-58.56,39.04,24.4,-63.44,112.24,39.04,-4.88,-117.12,-126.88,-112.24
-24.4,-78.08,-53.68,53.68,14.64,-68.32,131.76,58.56,0,-117.12,-126.88,-107.36
-19.52,-82.96,-63.44,53.68,19.52,-73.2,141.52,58.56,0,-117.12,-126.88,-102.48
9.76,-63.44,-73.2,29.28,39.04,-68.32,126.88,48.8,4.88,-122,-126.88,-102.48
19.52,-53.68,-73.2,19.52,43.92,-63.44,117.12,43.92,-4.88,-126.88,-146.4,-112.24
9.76,-53.68,-63.44,24.4,34.16,-58.56,117.12,43.92,0,-126.88,-141.52,-112.24
-9.76,-53.68,-43.92,34.16,14.64,-48.8,131.76,53.68,19.52,-112.24,-126.88,-107.36
-43.92,-63.44,-19.52,53.68,-14.64,-43.92,141.52,63.44,39.04,-97.6,-112.24,-102.48
-14.64,-73.2,-58.56,43.92,19.52,-68.32,136.64,68.32,39.04,-78.08,-97.6,-92.72
39.04,-78.08,-117.12,19.52,78.08,-97.6,131.76,58.56,29.28,-92.72,-102.48,-92.72
34.16,-82.96,-117.12,24.4,73.2,-102.48,126.88,73.2,29.28,-97.6,-102.48,-92.72
14.64,-82.96,-97.6,34.16,53.68,-92.72,136.64,82.96,29.28,-92.72,-102.48,-92.72
-14.64,-92.72,-78.08,53.68,29.28,-87.84,141.52,97.6,43.92,-78.08,-92.72,-78.08
-34.16,-87.84,-53.68,63.44,9.76,-73.2,146.4,102.48,48.8,-82.96,-97.6,-87.84
-4.88,-73.2,-68.32,39.04,29.28,-73.2,126.88,92.72,39.04,-92.72,-112.24,-107.36
4.88,-68.32,-73.2,34.16,39.04,-73.2,122,87.84,34.16,-107.36,-122,-112.24
0,-68.32,-68.32,34.16,34.16,-68.32,131.76,92.72,43.92,-102.48,-122,-107.36
-9.76,-53.68,-43.92,34.16,14.64,-48.8,122,92.72,43.92,-102.48,-122,-122
-34.16,-48.8,-14.64,43.92,-9.76,-34.16,122,102.48,58.56,-82.96,-117.12,-112.24
-19.52,-53.68,-34.16,39.04,4.88,-43.92,122,97.6,58.56,-97.6,-131.76,-131.76
-9.76,-63.44,-53.68,39.04,19.52,-58.56,126.88,107.36,53.68,-102.48,-136.64,-141.52
-4.88,-53.68,-48.8,29.28,19.52,-53.68,126.88,117.12,53.68,-97.6,-126.88,-131.76
4.88,-58.56,-63.44,29.28,34.16,-63.44,126.88,122,58.56,-87.84,-122,-117.12
-4.88,-73.2,-68.32,39.04,29.28,-73.2,131.76,122,68.32,-82.96,-107.36,-107.36
4.88,-87.84,-92.72,43.92,48.8,-92.72,131.76,131.76,82.96,-68.32,-97.6,-102.48
14.64,-68.32,-82.96,29.28,48.8,-78.08,126.88,126.88,78.08,-68.32,-102.48,-107.36
4.88,-58.56,-63.44,29.28,34.16,-63.44,122,122,82.96,-73.2,-117.12,-117.12
14.64,-53.68,-68.32,19.52,39.04,-63.44,126.88,122,78.08,-97.6,-131.76,-131.76
29.28,-53.68,-82.96,14.64,53.68,-68.32,122,131.76,73.2,-92.72,-131.76,-141.52
24.4,-58.56,-82.96,19.52,53.68,-73.2,126.88,136.64,78.08,-92.72,-126.88,-131.76
14.64,-63.44,-78.08,24.4,43.92,-73.2,131.76,141.52,87.84,-82.96,-122,-126.88
19.52,-73.2,-92.72,29.28,53.68,-82.96,126.88,146.4,87.84,-78.08,-112.24,-122
0,-73.2,-73.2,39.04,34.16,-73.2,131.76,165.92,102.48,-63.44,-102.48,-112.24
4.88,-97.6,-102.48,48.8,53.68,-102.48,146.4,170.8,102.48,-73.2,-107.36,-107.36
24.4,-97.6,-122,39.04,73.2,-112.24,117.12,161.04,97.6,-87.84,-126.88,-131.76
19.52,-82.96,-102.48,34.16,58.56,-92.72,122,165.92,107.36,-78.08,-122,-136.64
19.52,-73.2,-92.72,29.28,53.68,-82.96,122,161.04,122,-73.2,-126.88,-151.28
14.64,-68.32,-82.96,29.28,48.8,-78.08,122,175.68,122,-73.2,-136.64,-161.04
24.4,-53.68,-78.08,14.64,48.8,-68.32,117.12,170.8,117.12,-82.96,-151.28,-180.56
19.52,-39.04,-58.56,9.76,39.04,-48.8,126.88,175.68,122,-92.72,-161.04,-190.32
24.4,-14.64,-39.04,-4.88,29.28,-29.28,126.88,180.56,122,-92.72,-156.16,-185.44
24.4,-19.52,-43.92,0,34.16,-34.16,122,200.08,131.76,-82.96,-146.4,-180.56
24.4,-82.96,-107.36,29.28,63.44,-97.6,141.52,224.48,156.16,-58.56,-126.88,-156.16
43.92,-78.08,-122,19.52,82.96,-102.48,146.4,229.36,161.04,-63.44,-117.12,-146.4
39.04,-92.72,-131.76,29.28,82.96,-112.24,136.64,229.36,165.92,-58.56,-107.36,-141.52
43.92,-122,-165.92,39.04,102.48,-146.4,146.4,239.12,175.68,-39.04,-92.72,-122
63.44,-102.48,-165.92,19.52,112.24,-136.64,126.88,229.36,175.68,-48.8,-102.48,-136.64
63.44,-92.72,-156.16,14.64,107.36,-126.88,131.76,244,185.44,-48.8,-102.48,-136.64
48.8,-73.2,-122,14.64,82.96,-97.6,136.64,258.64,195.2,-29.28,-92.72,-131.76
63.44,-58.56,-122,0,92.72,-92.72,136.64,258.64,195.2,-34.16,-97.6,-141.52
87.84,-68.32,-156.16,-9.76,122,-112.24,122,248.88,185.44,-48.8,-117.12,-161.04
73.2,-63.44,-136.64,-4.88,102.48,-102.48,122,263.52,180.56,-58.56,-126.88,-165.92
53.68,-53.68,-107.36,0,78.08,-82.96,131.76,268.4,190.32,-53.68,-122,-161.04
68.32,-53.68,-122,-4.88,92.72,-87.84,136.64,283.04,204.96,-53.68,-122,-156.16
73.2,-63.44,-136.64,-4.88,102.48,-102.48,122,287.92,209.84,-43.92,-126.88,-165.92
82.96,-92.72,-175.68,4.88,126.88,-136.64,122,297.68,224.48,-29.28,-117.12,-161.04
82.96,-68.32,-151.28,-4.88,117.12,-112.24,131.76,307.44,239.12,-24.4,-112.24,-156.16
82.96,-63.44,-146.4,-9.76,112.24,-107.36,126.88,317.2,244,-29.28,-126.88,-165.92
92.72,-68.32,-161.04,-9.76,126.88,-117.12,122,312.32,244,-24.4,-126.88,-170.8
97.6,-43.92,-141.52,-24.4,117.12,-92.72,136.64,322.08,248.88,-24.4,-131.76,-170.8
112.24,-39.04,-151.28,-34.16,131.76,-97.6,122,331.84,253.76,-29.28,-136.64,-180.56
117.12,-34.16,-151.28,-39.04,131.76,-92.72,126.88,361.12,258.64,-24.4,-136.64,-185.44
122,-39.04,-161.04,-39.04,141.52,-102.48,131.76,366,263.52,-24.4,-136.64,-195.2
97.6,-53.68,-151.28,-19.52,122,-102.48,136.64,380.64,278.16,-19.52,-131.76,-185.44
92.72,-39.04,-131.76,-24.4,112.24,-87.84,136.64,400.16,302.56,9.76,-112.24,-180.56
78.08,-43.92,-122,-14.64,97.6,-82.96,136.64,409.92,317.2,14.64,-102.48,-175.68
87.84,-48.8,-136.64,-19.52,112.24,-92.72,131.76,419.68,326.96,9.76,-102.48,-175.68
97.6,-43.92,-141.52,-24.4,117.12,-92.72,136.64,439.2,341.6,19.52,-107.36,-170.8
102.48,-73.2,-175.68,-14.64,136.64,-126.88,146.4,453.84,356.24,34.16,-97.6,-165.92
102.48,-78.08,-180.56,-9.76,141.52,-131.76,146.4,463.6,366,24.4,-102.48,-175.68
117.12,-58.56,-175.68,-29.28,146.4,-117.12,136.64,473.36,375.76,29.28,-107.36,-175.68
117.12,-43.92,-161.04,-34.16,136.64,-102.48,146.4,497.76,385.52,43.92,-92.72,-165.92
122,-29.28,-151.28,-43.92,136.64,-92.72,151.28,517.28,390.4,43.92,-97.6,-161.04
126.88,-29.28,-156.16,-48.8,141.52,-92.72,151.28,522.16,400.16,34.16,-107.36,-180.56
126.88,-43.92,-170.8,-39.04,146.4,-107.36,136.64,536.8,419.68,43.92,-102.48,-185.44
131.76,-39.04,-170.8,-43.92,151.28,-107.36,131.76,536.8,419.68,39.04,-112.24,-190.32
136.64,-39.04,-175.68,-48.8,156.16,-107.36,126.88,556.32,444.08,48.8,-107.36,-195.2
131.76,-34.16,-165.92,-48.8,146.4,-102.48,141.52,580.72,463.6,63.44,-97.6,-185.44
117.12,-39.04,-156.16,-39.04,136.64,-97.6,161.04,605.12,483.12,82.96,-82.96,-175.68
117.12,-58.56,-175.68,-29.28,146.4,-117.12,161.04,619.76,492.88,82.96,-78.08,-170.8
131.76,-53.68,-185.44,-39.04,156.16,-122,156.16,639.28,507.52,87.84,-87.84,-170.8
122,-53.68,-175.68,-34.16,146.4,-117.12,156.16,653.92,517.28,102.48,-87.84,-165.92
122,-48.8,-170.8,-34.16,146.4,-112.24,161.04,668.56,522.16,102.48,-87.84,-165.92
131.76,-43.92,-175.68,-43.92,151.28,-112.24,165.92,663.68,522.16,92.72,-97.6,-170.8
151.28,-43.92,-195.2,-53.68,170.8,-122,151.28,673.44,527.04,97.6,-97.6,-180.56
151.28,-39.04,-190.32,-53.68,170.8,-117.12,165.92,678.32,546.56,107.36,-87.84,-165.92
156.16,-19.52,-175.68,-68.32,165.92,-97.6,151.28,678.32,556.32,107.36,-92.72,-170.8
156.16,-34.16,-190.32,-58.56,170.8,-112.24,146.4,688.08,551.44,97.6,-97.6,-175.68
161.04,-34.16,-195.2,-63.44,175.68,-117.12,151.28,697.84,556.32,107.36,-92.72,-170.8
141.52,-29.28,-170.8,-53.68,156.16,-102.48,151.28,697.84,561.2,107.36,-92.72,-161.04
136.64,-29.28,-165.92,-53.68,151.28,-97.6,161.04,717.36,575.84,122,-78.08,-151.28
170.8,-39.04,-209.84,-63.44,190.32,-126.88,151.28,717.36,566.08,117.12,-87.84,-165.92
170.8,-53.68,-224.48,-58.56,195.2,-141.52,151.28,722.24,575.84,122,-82.96,-161.04
180.56,-34.16,-214.72,-73.2,195.2,-126.88,146.4,722.24,575.84,122,-92.72,-165.92
190.32,-39.04,-229.36,-73.2,209.84,-136.64,136.64,722.24,585.6,126.88,-102.48,-165.92
170.8,-53.68,-224.48,-58.56,195.2,-141.52,141.52,727.12,585.6,122,-102.48,-161.04
170.8,-43.92,-214.72,-63.44,190.32,-131.76,136.64,712.48,575.84,112.24,-112.24,-165.92
175.68,-39.04,-214.72,-68.32,195.2,-126.88,126.88,707.6,566.08,92.72,-126.88,-175.68
185.44,-29.28,-214.72,-78.08,200.08,-122,107.36,692.96,551.44,87.84,-136.64,-190.32
204.96,-53.68,-258.64,-73.2,229.36,-156.16,112.24,683.2,551.44,87.84,-131.76,-185.44
204.96,-73.2,-278.16,-63.44,239.12,-175.68,102.48,683.2,541.68,82.96,-136.64,-185.44
209.84,-73.2,-283.04,-68.32,244,-180.56,112.24,683.2,541.68,92.72,-126.88,-175.68
190.32,-68.32,-258.64,-58.56,224.48,-165.92,112.24,668.56,536.8,92.72,-126.88,-170.8
156.16,-68.32,-224.48,-43.92,190.32,-146.4,102.48,653.92,527.04,78.08,-126.88,-165.92
165.92,-58.56,-224.48,-53.68,195.2,-141.52,97.6,639.28,517.28,82.96,-126.88,-161.04
180.56,-53.68,-234.24,-63.44,204.96,-146.4,82.96,605.12,492.88,73.2,-131.76,-165.92
185.44,-78.08,-263.52,-53.68,224.48,-170.8,82.96,590.48,488,78.08,-131.76,-156.16
200.08,-78.08,-278.16,-58.56,239.12,-180.56,68.32,575.84,478.24,73.2,-131.76,-146.4
190.32,-78.08,-268.4,-53.68,229.36,-175.68,53.68,551.44,453.84,68.32,-131.76,-156.16
175.68,-82.96,-258.64,-43.92,214.72,-170.8,48.8,527.04,444.08,63.44,-131.76,-146.4
165.92,-82.96,-248.88,-39.04,204.96,-165.92,39.04,502.64,424.56,63.44,-131.76,-146.4
165.92,-82.96,-248.88,-39.04,204.96,-165.92,39.04,478.24,405.04,58.56,-126.88,-146.4
165.92,-78.08,-244,-43.92,204.96,-161.04,39.04,458.72,390.4,58.56,-126.88,-141.52
156.16,-87.84,-244,-34.16,200.08,-165.92,24.4,434.32,375.76,53.68,-126.88,-136.64
180.56,-97.6,-278.16,-39.04,229.36,-190.32,9.76,405.04,351.36,43.92,-136.64,-141.52
190.32,-92.72,-283.04,-48.8,234.24,-190.32,0,370.88,336.72,43.92,-136.64,-136.64
190.32,-97.6,-287.92,-43.92,239.12,-195.2,-14.64,336.72,317.2,39.04,-131.76,-141.52
209.84,-87.84,-297.68,-58.56,253.76,-195.2,-29.28,302.56,292.8,39.04,-126.88,-141.52
204.96,-82.96,-287.92,-58.56,244,-185.44,-39.04,283.04,273.28,43.92,-117.12,-136.64
185.44,-78.08,-263.52,-53.68,224.48,-170.8,-39.04,253.76,258.64,34.16,-117.12,-136.64
195.2,-82.96,-278.16,-53.68,234.24,-180.56,-39.04,239.12,239.12,34.16,-112.24,-131.76
190.32,-68.32,-258.64,-58.56,224.48,-165.92,-48.8,209.84,209.84,24.4,-117.12,-126.88
175.68,-63.44,-239.12,-53.68,204.96,-151.28,-63.44,190.32,195.2,19.52,-112.24,-131.76
170.8,-63.44,-234.24,-53.68,200.08,-151.28,-68.32,175.68,180.56,19.52,-107.36,-122
156.16,-68.32,-224.48,-43.92,190.32,-146.4,-73.2,151.28,165.92,14.64,-107.36,-122
165.92,-43.92,-209.84,-58.56,185.44,-126.88,-82.96,122,141.52,14.64,-97.6,-126.88
151.28,-53.68,-204.96,-48.8,175.68,-131.76,-87.84,102.48,131.76,9.76,-92.72,-122
151.28,-73.2,-224.48,-39.04,185.44,-151.28,-78.08,92.72,131.76,14.64,-78.08,-112.24
161.04,-63.44,-224.48,-48.8,190.32,-146.4,-92.72,68.32,102.48,9.76,-78.08,-117.12
170.8,-53.68,-224.48,-58.56,195.2,-141.52,-112.24,29.28,73.2,-9.76,-82.96,-122
165.92,-53.68,-219.6,-53.68,190.32,-136.64,-117.12,14.64,58.56,-9.76,-78.08,-122
161.04,-58.56,-219.6,-48.8,190.32,-141.52,-112.24,9.76,48.8,-4.88,-68.32,-117.12
141.52,-58.56,-200.08,-39.04,170.8,-131.76,-107.36,9.76,48.8,9.76,-58.56,-107.36
136.64,-53.68,-190.32,-39.04,161.04,-122,-117.12,-4.88,34.16,0,-63.44,-117.12
126.88,-53.68,-180.56,-34.16,151.28,-117.12,-117.12,-24.4,14.64,-14.64,-68.32,-122
122,-58.56,-180.56,-29.28,151.28,-122,-117.12,-34.16,0,-19.52,-63.44,-117.12
122,-43.92,-165.92,-39.04,141.52,-107.36,-112.24,-43.92,-4.88,-19.52,-58.56,-112.24
107.36,-48.8,-156.16,-29.28,131.76,-102.48,-122,-48.8,-4.88,-19.52,-53.68,-107.36
131.76,-48.8,-180.56,-39.04,156.16,-117.12,-136.64,-68.32,-29.28,-29.28,-58.56,-117.12
122,-53.68,-175.68,-34.16,146.4,-117.12,-126.88,-68.32,-24.4,-24.4,-53.68,-112.24
102.48,-43.92,-146.4,-29.28,122,-97.6,-126.88,-63.44,-29.28,-24.4,-53.68,-107.36
112.24,-19.52,-131.76,-43.92,122,-78.08,-126.88,-73.2,-53.68,-43.92,-63.44,-126.88
131.76,-14.64,-146.4,-58.56,136.64,-82.96,-141.52,-97.6,-73.2,-63.44,-82.96,-141.52
141.52,-24.4,-165.92,-58.56,151.28,-97.6,-146.4,-102.48,-78.08,-68.32,-82.96,-146.4
131.76,-43.92,-175.68,-43.92,151.28,-112.24,-136.64,-92.72,-68.32,-58.56,-68.32,-131.76
126.88,-78.08,-204.96,-24.4,165.92,-141.52,-131.76,-97.6,-68.32,-53.68,-63.44,-122
156.16,-58.56,-214.72,-48.8,185.44,-136.64,-141.52,-126.88,-92.72,-78.08,-78.08,-141.52
131.76,-43.92,-175.68,-43.92,151.28,-112.24,-141.52,-126.88,-97.6,-78.08,-78.08,-146.4
92.72,-48.8,-141.52,-19.52,117.12,-97.6,-126.88,-117.12,-92.72,-58.56,-63.44,-131.76
82.96,-39.04,-122,-19.52,102.48,-82.96,-126.88,-107.36,-87.84,-58.56,-53.68,-122
63.44,-29.28,-92.72,-14.64,78.08,-63.44,-122,-102.48,-87.84,-53.68,-48.8,-117.12
53.68,-14.64,-68.32,-19.52,58.56,-43.92,-117.12,-102.48,-92.72,-53.68,-43.92,-107.36
82.96,-4.88,-87.84,-39.04,82.96,-48.8,-122,-112.24,-107.36,-78.08,-63.44,-122
97.6,-43.92,-141.52,-24.4,117.12,-92.72,-122,-107.36,-102.48,-78.08,-63.44,-122
102.48,-58.56,-161.04,-19.52,131.76,-112.24,-112.24,-97.6,-97.6,-73.2,-53.68,-117.12
102.48,-34.16,-136.64,-34.16,117.12,-87.84,-122,-112.24,-112.24,-87.84,-68.32,-122
97.6,-24.4,-122,-34.16,107.36,-73.2,-131.76,-126.88,-117.12,-87.84,-73.2,-131.76
87.84,-24.4,-112.24,-29.28,97.6,-68.32,-141.52,-126.88,-112.24,-92.72,-78.08,-136.64
82.96,-29.28,-112.24,-24.4,97.6,-73.2,-131.76,-131.76,-122,-102.48,-82.96,-141.52
92.72,-34.16,-126.88,-29.28,107.36,-82.96,-131.76,-131.76,-131.76,-107.36,-82.96,-136.64
68.32,-29.28,-97.6,-19.52,82.96,-63.44,-122,-122,-122,-97.6,-82.96,-126.88
73.2,-34.16,-107.36,-19.52,87.84,-73.2,-117.12,-122,-131.76,-102.48,-82.96,-126.88
92.72,-14.64,-107.36,-39.04,97.6,-63.44,-122,-122,-136.64,-107.36,-87.84,-131.76
82.96,-4.88,-87.84,-39.04,82.96,-48.8,-131.76,-122,-131.76,-107.36,-82.96,-131.76
73.2,-29.28,-102.48,-19.52,87.84,-68.32,-122,-112.24,-126.88,-102.48,-78.08,-131.76
63.44,-39.04,-102.48,-9.76,82.96,-73.2,-107.36,-107.36,-117.12,-92.72,-68.32,-122
58.56,-19.52,-78.08,-19.52,68.32,-48.8,-117.12,-107.36,-122,-102.48,-73.2,-126.88
78.08,0,-78.08,-39.04,78.08,-39.04,-131.76,-117.12,-126.88,-112.24,-82.96,-136.64
78.08,9.76,-68.32,-43.92,73.2,-29.28,-126.88,-122,-122,-107.36,-78.08,-131.76
68.32,-4.88,-73.2,-29.28,68.32,-39.04,-122,-117.12,-117.12,-102.48,-73.2,-122
87.84,0,-87.84,-43.92,87.84,-43.92,-126.88,-117.12,-122,-107.36,-78.08,-122
87.84,0,-87.84,-43.92,87.84,-43.92,-122,-112.24,-117.12,-102.48,-73.2,-117.12
78.08,-4.88,-82.96,-34.16,78.08,-43.92,-126.88,-117.12,-126.88,-107.36,-78.08,-122
82.96,-29.28,-112.24,-24.4,97.6,-73.2,-126.88,-107.36,-126.88,-112.24,-82.96,-122
82.96,-29.28,-112.24,-24.4,97.6,-73.2,-122,-107.36,-122,-102.48,-73.2,-117.12
87.84,-14.64,-102.48,-34.16,92.72,-58.56,-122,-102.48,-112.24,-97.6,-68.32,-112.24
97.6,9.76,-87.84,-53.68,92.72,-39.04,-131.76,-112.24,-112.24,-102.48,-78.08,-112.24
87.84,19.52,-68.32,-53.68,78.08,-24.4,-141.52,-117.12,-112.24,-112.24,-82.96,-112.24
78.08,19.52,-58.56,-48.8,68.32,-19.52,-141.52,-112.24,-112.24,-107.36,-78.08,-107.36
73.2,24.4,-48.8,-48.8,58.56,-14.64,-136.64,-117.12,-112.24,-107.36,-78.08,-107.36
48.8,24.4,-24.4,-34.16,34.16,0,-126.88,-97.6,-107.36,-97.6,-68.32,-102.48
53.68,0,-53.68,-24.4,53.68,-29.28,-117.12,-87.84,-92.72,-78.08,-53.68,-87.84
63.44,-14.64,-78.08,-24.4,68.32,-48.8,-107.36,-82.96,-92.72,-73.2,-48.8,-78.08
92.72,-4.88,-97.6,-43.92,92.72,-53.68,-126.88,-97.6,-107.36,-92.72,-63.44,-87.84
102.48,9.76,-92.72,-53.68,97.6,-43.92,-131.76,-97.6,-102.48,-82.96,-58.56,-87.84
112.24,19.52,-92.72,-63.44,102.48,-39.04,-141.52,-107.36,-107.36,-92.72,-68.32,-92.72
107.36,29.28,-78.08,-68.32,92.72,-24.4,-141.52,-102.48,-97.6,-82.96,-58.56,-82.96
92.72,29.28,-63.44,-58.56,78.08,-19.52,-136.64,-97.6,-92.72,-82.96,-58.56,-82.96
92.72,14.64,-78.08,-53.68,82.96,-34.16,-126.88,-92.72,-87.84,-73.2,-43.92,-78.08
112.24,24.4,-87.84,-68.32,97.6,-34.16,-131.76,-97.6,-87.84,-78.08,-48.8,-78.08
122,29.28,-92.72,-73.2,107.36,-34.16,-131.76,-92.72,-92.72,-73.2,-53.68,-78.08
73.2,24.4,-48.8,-48.8,58.56,-14.64,-117.12,-73.2,-68.32,-48.8,-29.28,-53.68
19.52,19.52,0,-19.52,9.76,9.76,-97.6,-58.56,-53.68,-29.28,-9.76,-29.28
24.4,14.64,-9.76,-19.52,14.64,0,-102.48,-63.44,-58.56,-43.92,-14.64,-29.28
58.56,19.52,-39.04,-39.04,48.8,-9.76,-117.12,-68.32,-68.32,-43.92,-14.64,-34.16
63.44,39.04,-24.4,-48.8,43.92,4.88,-112.24,-78.08,-73.2,-48.8,-24.4,-43.92
78.08,34.16,-43.92,-53.68,58.56,-4.88,-112.24,-78.08,-68.32,-48.8,-19.52,-39.04
102.48,24.4,-78.08,-63.44,87.84,-29.28,-122,-78.08,-63.44,-43.92,-19.52,-39.04
92.72,29.28,-63.44,-58.56,78.08,-19.52,-122,-82.96,-68.32,-43.92,-14.64,-34.16
92.72,43.92,-48.8,-68.32,68.32,-4.88,-117.12,-78.08,-63.44,-39.04,-9.76,-24.4
78.08,53.68,-24.4,-63.44,48.8,14.64,-107.36,-63.44,-53.68,-29.28,0,-14.64
53.68,43.92,-9.76,-48.8,29.28,14.64,-102.48,-53.68,-48.8,-24.4,4.88,-4.88
68.32,43.92,-24.4,-53.68,43.92,9.76,-107.36,-63.44,-58.56,-24.4,0,-9.76
73.2,43.92,-29.28,-58.56,48.8,4.88,-107.36,-68.32,-58.56,-29.28,0,-9.76
63.44,43.92,-19.52,-53.68,39.04,9.76,-102.48,-63.44,-58.56,-24.4,4.88,-9.76
48.8,34.16,-14.64,-39.04,29.28,9.76,-87.84,-53.68,-43.92,-9.76,14.64,4.88
34.16,48.8,14.64,-39.04,9.76,29.28,-97.6,-58.56,-48.8,-9.76,14.64,4.88
63.44,63.44,0,-63.44,29.28,29.28,-107.36,-73.2,-58.56,-19.52,0,-9.76
68.32,63.44,-4.88,-63.44,34.16,29.28,-102.48,-73.2,-58.56,-19.52,4.88,-9.76
58.56,63.44,4.88,-58.56,24.4,34.16,-107.36,-78.08,-53.68,-19.52,4.88,-9.76
53.68,53.68,0,-53.68,24.4,24.4,-97.6,-63.44,-43.92,-9.76,14.64,0
48.8,48.8,0,-48.8,24.4,24.4,-92.72,-68.32,-48.8,-9.76,14.64,0
39.04,48.8,9.76,-43.92,14.64,29.28,-82.96,-58.56,-48.8,-9.76,19.52,9.76
24.4,29.28,4.88,-24.4,9.76,14.64,-73.2,-48.8,-29.28,4.88,29.28,24.4
34.16,24.4,-9.76,-29.28,19.52,4.88,-87.84,-53.68,-39.04,0,24.4,19.52
39.04,39.04,0,-39.04,19.52,19.52,-82.96,-63.44,-43.92,-4.88,24.4,19.52
34.16,39.04,4.88,-34.16,14.64,19.52,-82.96,-63.44,-43.92,-9.76,24.4,29.28
19.52,39.04,19.52,-29.28,0,29.28,-92.72,-63.44,-48.8,-14.64,19.52,29.28
19.52,58.56,39.04,-39.04,-9.76,48.8,-87.84,-68.32,-53.68,-9.76,24.4,34.16
9.76,53.68,43.92,-29.28,-19.52,48.8,-82.96,-68.32,-48.8,-4.88,29.28,43.92
39.04,58.56,19.52,-48.8,9.76,39.04,-87.84,-73.2,-53.68,-9.76,19.52,39.04
48.8,73.2,24.4,-58.56,9.76,48.8,-78.08,-73.2,-63.44,-14.64,19.52,43.92
29.28,58.56,29.28,-43.92,0,43.92,-78.08,-73.2,-63.44,-19.52,19.52,39.04
19.52,68.32,48.8,-43.92,-14.64,58.56,-78.08,-68.32,-63.44,-9.76,19.52,43.92
29.28,68.32,39.04,-48.8,-4.88,53.68,-82.96,-68.32,-68.32,-14.64,19.52,39.04
19.52,58.56,39.04,-39.04,-9.76,48.8,-73.2,-73.2,-63.44,-9.76,24.4,43.92
9.76,63.44,53.68,-34.16,-24.4,58.56,-73.2,-73.2,-63.44,-9.76,24.4,48.8
4.88,58.56,53.68,-29.28,-24.4,53.68,-73.2,-78.08,-63.44,-9.76,19.52,48.8
0,58.56,58.56,-29.28,-29.28,58.56,-63.44,-78.08,-68.32,-14.64,24.4,48.8
9.76,58.56,48.8,-34.16,-19.52,53.68,-68.32,-82.96,-63.44,-9.76,24.4,53.68
19.52,48.8,29.28,-34.16,-4.88,39.04,-68.32,-78.08,-73.2,-9.76,24.4,58.56
43.92,58.56,14.64,-48.8,14.64,34.16,-78.08,-82.96,-73.2,-14.64,19.52,48.8
34.16,63.44,29.28,-48.8,0,43.92,-78.08,-87.84,-78.08,-24.4,14.64,48.8
9.76,63.44,53.68,-34.16,-24.4,58.56,-78.08,-92.72,-78.08,-24.4,14.64,53.68
24.4,63.44,39.04,-43.92,-9.76,48.8,-73.2,-92.72,-82.96,-24.4,14.64,48.8
29.28,63.44,34.16,-43.92,-4.88,48.8,-78.08,-92.72,-82.96,-29.28,9.76,43.92
4.88,82.96,78.08,-43.92,-39.04,78.08,-73.2,-97.6,-87.84,-34.16,0,39.04
14.64,73.2,58.56,-43.92,-24.4,63.44,-73.2,-97.6,-87.84,-34.16,0,39.04
29.28,48.8,19.52,-39.04,4.88,34.16,-63.44,-97.6,-92.72,-34.16,4.88,34.16
4.88,43.92,39.04,-24.4,-19.52,39.04,-58.56,-97.6,-92.72,-29.28,9.76,48.8
-24.4,43.92,68.32,-9.76,-48.8,53.68,-48.8,-82.96,-78.08,-19.52,19.52,58.56
-19.52,39.04,58.56,-9.76,-39.04,48.8,-58.56,-87.84,-78.08,-19.52,9.76,58.56
9.76,43.92,34.16,-24.4,-14.64,39.04,-58.56,-92.72,-82.96,-29.28,9.76,53.68
9.76,39.04,29.28,-24.4,-9.76,34.16,-58.56,-102.48,-87.84,-34.16,9.76,53.68
-9.76,39.04,48.8,-14.64,-29.28,43.92,-48.8,-87.84,-73.2,-19.52,24.4,63.44
-4.88,43.92,48.8,-19.52,-29.28,43.92,-43.92,-97.6,-82.96,-19.52,19.52,53.68
0,43.92,43.92,-19.52,-24.4,43.92,-48.8,-97.6,-87.84,-29.28,9.76,48.8
-4.88,43.92,48.8,-19.52,-29.28,43.92,-58.56,-97.6,-82.96,-19.52,14.64,53.68
-4.88,48.8,53.68,-19.52,-29.28,48.8,-48.8,-97.6,-82.96,-24.4,19.52,53.68
-14.64,53.68,68.32,-19.52,-43.92,58.56,-48.8,-97.6,-82.96,-24.4,19.52,63.44
-14.64,63.44,78.08,-24.4,-48.8,68.32,-48.8,-97.6,-82.96,-29.28,14.64,58.56
-14.64,43.92,58.56,-14.64,-39.04,48.8,-39.04,-92.72,-87.84,-24.4,14.64,63.44
-9.76,43.92,53.68,-14.64,-34.16,48.8,-43.92,-97.6,-97.6,-39.04,9.76,53.68
-9.76,34.16,43.92,-9.76,-29.28,39.04,-34.16,-92.72,-92.72,-29.28,14.64,58.56
-14.64,9.76,24.4,4.88,-19.52,14.64,-29.28,-87.84,-87.84,-29.28,14.64,58.56
-9.76,19.52,29.28,-4.88,-19.52,24.4,-29.28,-92.72,-87.84,-24.4,19.52,63.44
-9.76,43.92,53.68,-14.64,-34.16,48.8,-39.04,-107.36,-87.84,-39.04,9.76,53.68
-4.88,68.32,73.2,-29.28,-39.04,68.32,-63.44,-117.12,-107.36,-53.68,-4.88,43.92
14.64,82.96,68.32,-48.8,-29.28,73.2,-68.32,-122,-117.12,-53.68,-4.88,39.04
4.88,63.44,58.56,-34.16,-29.28,58.56,-63.44,-112.24,-102.48,-43.92,4.88,48.8
0,39.04,39.04,-19.52,-19.52,39.04,-58.56,-102.48,-97.6,-39.04,9.76,58.56
9.76,29.28,19.52,-19.52,-4.88,24.4,-58.56,-107.36,-102.48,-39.04,9.76,58.56
-4.88,0,4.88,4.88,-4.88,0,-53.68,-97.6,-92.72,-34.16,14.64,68.32
-19.52,4.88,24.4,9.76,-24.4,14.64,-48.8,-87.84,-82.96,-24.4,19.52,78.08
-4.88,34.16,39.04,-14.64,-24.4,34.16,-68.32,-102.48,-102.48,-39.04,9.76,58.56
4.88,39.04,34.16,-19.52,-14.64,34.16,-73.2,-112.24,-107.36,-34.16,4.88,53.68
-4.88,48.8,53.68,-19.52,-29.28,48.8,-68.32,-107.36,-102.48,-34.16,4.88,58.56
-29.28,43.92,73.2,-4.88,-53.68,58.56,-58.56,-102.48,-92.72,-29.28,9.76,58.56
-43.92,58.56,102.48,-4.88,-73.2,78.08,-53.68,-97.6,-92.72,-19.52,14.64,68.32
-24.4,58.56,82.96,-14.64,-53.68,68.32,-58.56,-107.36,-97.6,-29.28,4.88,63.44
-19.52,43.92,63.44,-9.76,-43.92,53.68,-63.44,-102.48,-102.48,-34.16,4.88,58.56
-14.64,39.04,53.68,-9.76,-34.16,43.92,-58.56,-102.48,-97.6,-34.16,0,58.56
-24.4,34.16,58.56,-4.88,-43.92,43.92,-58.56,-107.36,-102.48,-29.28,0,53.68
-29.28,39.04,68.32,-4.88,-48.8,53.68,-53.68,-102.48,-92.72,-34.16,0,58.56
-19.52,68.32,87.84,-24.4,-53.68,78.08,-58.56,-112.24,-97.6,-43.92,-4.88,43.92
-24.4,48.8,73.2,-9.76,-48.8,58.56,-63.44,-112.24,-97.6,-39.04,0,53.68
-24.4,19.52,43.92,4.88,-34.16,29.28,-53.68,-102.48,-97.6,-29.28,4.88,58.56
-14.64,29.28,43.92,-4.88,-29.28,34.16,-53.68,-107.36,-92.72,-34.16,4.88,63.44
-29.28,34.16,63.44,0,-48.8,48.8,-53.68,-107.36,-97.6,-24.4,14.64,68.32
-29.28,24.4,53.68,4.88,-43.92,39.04,-43.92,-102.48,-92.72,-19.52,19.52,78.08
-24.4,24.4,48.8,0,-39.04,34.16,-43.92,-102.48,-97.6,-24.4,9.76,68.32
-43.92,29.28,73.2,9.76,-58.56,48.8,-39.04,-97.6,-92.72,-19.52,14.64,73.2
-29.28,29.28,58.56,0,-43.92,43.92,-39.04,-102.48,-102.48,-24.4,9.76,68.32
-19.52,19.52,39.04,0,-29.28,29.28,-43.92,-107.36,-97.6,-34.16,0,63.44
-19.52,34.16,53.68,-4.88,-39.04,43.92,-48.8,-107.36,-102.48,-34.16,0,58.56
-24.4,29.28,53.68,0,-39.04,39.04,-53.68,-112.24,-97.6,-34.16,0,58.56
-34.16,19.52,53.68,9.76,-43.92,34.16,-48.8,-107.36,-97.6,-29.28,4.88,63.44
-48.8,19.52,68.32,14.64,-58.56,43.92,-34.16,-97.6,-82.96,-19.52,9.76,73.2
-53.68,24.4,78.08,14.64,-68.32,48.8,-39.04,-102.48,-92.72,-19.52,14.64,68.32
-39.04,29.28,68.32,4.88,-53.68,48.8,-48.8,-112.24,-102.48,-24.4,4.88,68.32
-14.64,48.8,63.44,-14.64,-39.04,53.68,-53.68,-117.12,-112.24,-34.16,-4.88,58.56
-14.64,39.04,53.68,-9.76,-34.16,43.92,-58.56,-117.12,-117.12,-43.92,-4.88,58.56
-14.64,24.4,39.04,-4.88,-29.28,29.28,-48.8,-107.36,-107.36,-39.04,0,58.56
-19.52,39.04,58.56,-9.76,-39.04,48.8,-48.8,-112.24,-102.48,-43.92,-9.76,58.56
-48.8,39.04,87.84,4.88,-68.32,63.44,-43.92,-107.36,-102.48,-39.04,-4.88,58.56
-68.32,24.4,92.72,24.4,-82.96,58.56,-24.4,-97.6,-87.84,-24.4,9.76,73.2
-73.2,24.4,97.6,24.4,-87.84,58.56,-29.28,-107.36,-97.6,-29.28,0,68.32
-68.32,29.28,97.6,19.52,-82.96,63.44,-34.16,-107.36,-92.72,-29.28,0,68.32
-73.2,29.28,102.48,24.4,-87.84,63.44,-29.28,-102.48,-92.72,-19.52,9.76,68.32
-68.32,4.88,73.2,34.16,-73.2,39.04,-34.16,-97.6,-92.72,-19.52,19.52,78.08
-48.8,29.28,78.08,9.76,-63.44,53.68,-34.16,-97.6,-97.6,-29.28,14.64,73.2
-39.04,29.28,68.32,4.88,-53.68,48.8,-43.92,-112.24,-112.24,-43.92,-4.88,58.56
-39.04,29.28,68.32,4.88,-53.68,48.8,-43.92,-112.24,-117.12,-43.92,0,63.44
-19.52,29.28,48.8,-4.88,-34.16,39.04,-43.92,-117.12,-107.36,-43.92,-4.88,63.44
-24.4,24.4,48.8,0,-39.04,34.16,-43.92,-112.24,-107.36,-43.92,-4.88,58.56
-43.92,39.04,82.96,4.88,-63.44,58.56,-34.16,-117.12,-107.36,-39.04,-4.88,58.56
-39.04,43.92,82.96,0,-63.44,63.44,-39.04,-126.88,-112.24,-39.04,-9.76,48.8
-48.8,29.28,78.08,9.76,-63.44,53.68,-48.8,-126.88,-107.36,-48.8,-14.64,48.8
-48.8,34.16,82.96,9.76,-68.32,58.56,-34.16,-122,-102.48,-39.04,-4.88,53.68
-48.8,34.16,82.96,9.76,-68.32,58.56,-34.16,-122,-102.48,-39.04,-4.88,58.56
-48.8,14.64,63.44,19.52,-58.56,39.04,-34.16,-112.24,-107.36,-39.04,-9.76,58.56
-63.44,4.88,68.32,29.28,-68.32,34.16,-14.64,-97.6,-97.6,-29.28,0,68.32
-87.84,14.64,102.48,39.04,-97.6,58.56,-9.76,-92.72,-87.84,-24.4,9.76,73.2
-82.96,19.52,102.48,34.16,-92.72,58.56,-9.76,-92.72,-92.72,-29.28,9.76,73.2
-87.84,29.28,117.12,29.28,-102.48,73.2,-9.76,-97.6,-92.72,-24.4,19.52,73.2
-92.72,24.4,117.12,34.16,-107.36,68.32,-24.4,-112.24,-97.6,-29.28,14.64,68.32
-82.96,29.28,112.24,29.28,-97.6,68.32,-19.52,-112.24,-102.48,-29.28,14.64,63.44
-92.72,19.52,112.24,39.04,-102.48,63.44,-19.52,-107.36,-92.72,-19.52,14.64,68.32
-78.08,19.52,97.6,29.28,-87.84,58.56,-14.64,-112.24,-97.6,-29.28,14.64,63.44
-68.32,39.04,107.36,14.64,-87.84,73.2,-19.52,-117.12,-102.48,-34.16,9.76,63.44
-73.2,34.16,107.36,19.52,-92.72,68.32,-19.52,-112.24,-107.36,-34.16,4.88,63.44
-82.96,0,82.96,43.92,-82.96,39.04,-19.52,-102.48,-97.6,-29.28,14.64,68.32
-82.96,-4.88,78.08,43.92,-82.96,34.16,-14.64,-87.84,-87.84,-19.52,29.28,82.96
-82.96,0,82.96,43.92,-82.96,39.04,-24.4,-92.72,-97.6,-24.4,19.52,73.2
-68.32,9.76,78.08,29.28,-73.2,43.92,-29.28,-92.72,-97.6,-24.4,14.64,63.44
-58.56,24.4,82.96,19.52,-73.2,53.68,-39.04,-112.24,-112.24,-34.16,4.88,53.68
-73.2,24.4,97.6,24.4,-87.84,58.56,-43.92,-117.12,-112.24,-29.28,4.88,53.68
-78.08,39.04,117.12,19.52,-97.6,78.08,-43.92,-112.24,-107.36,-24.4,4.88,58.56
-87.84,29.28,117.12,29.28,-102.48,73.2,-43.92,-112.24,-107.36,-24.4,9.76,58.56
-68.32,34.16,102.48,19.52,-87.84,68.32,-53.68,-117.12,-112.24,-39.04,0,58.56
-39.04,29.28,68.32,4.88,-53.68,48.8,-63.44,-117.12,-122,-48.8,-4.88,43.92
-43.92,19.52,63.44,14.64,-53.68,39.04,-58.56,-117.12,-117.12,-43.92,0,53.68
-53.68,4.88,58.56,24.4,-58.56,29.28,-39.04,-102.48,-102.48,-34.16,9.76,63.44
-73.2,0,73.2,39.04,-73.2,34.16,-43.92,-97.6,-102.48,-29.28,9.76,63.44
-92.72,24.4,117.12,34.16,-107.36,68.32,-43.92,-102.48,-97.6,-29.28,9.76,58.56
-63.44,39.04,102.48,14.64,-82.96,68.32,-53.68,-112.24,-107.36,-43.92,0,48.8
-73.2,14.64,87.84,29.28,-82.96,48.8,-43.92,-107.36,-97.6,-34.16,4.88,53.68
-92.72,9.76,102.48,43.92,-97.6,53.68,-39.04,-97.6,-82.96,-24.4,14.64,68.32
-92.72,34.16,126.88,29.28,-112.24,78.08,-39.04,-102.48,-97.6,-24.4,14.64,63.44
-78.08,14.64,92.72,34.16,-87.84,53.68,-39.04,-102.48,-97.6,-29.28,9.76,63.44
-78.08,24.4,102.48,29.28,-92.72,63.44,-39.04,-97.6,-97.6,-29.28,9.76,63.44
-102.48,29.28,131.76,39.04,-117.12,78.08,-39.04,-97.6,-92.72,-29.28,9.76,63.44
-102.48,4.88,107.36,48.8,-107.36,53.68,-34.16,-87.84,-92.72,-24.4,19.52,63.44
-82.96,14.64,97.6,34.16,-92.72,53.68,-39.04,-87.84,-87.84,-19.52,14.64,63.44
-68.32,14.64,82.96,29.28,-78.08,48.8,-39.04,-102.48,-102.48,-29.28,4.88,48.8
-63.44,9.76,73.2,29.28,-68.32,39.04,-43.92,-107.36,-107.36,-34.16,0,48.8
-63.44,19.52,82.96,24.4,-73.2,48.8,-53.68,-107.36,-107.36,-34.16,-4.88,48.8
-48.8,9.76,58.56,19.52,-53.68,34.16,-53.68,-107.36,-102.48,-34.16,-4.88,43.92
-39.04,19.52,58.56,9.76,-48.8,39.04,-48.8,-112.24,-107.36,-34.16,-4.88,39.04
-68.32,19.52,87.84,24.4,-78.08,53.68,-43.92,-97.6,-97.6,-24.4,4.88,48.8
-63.44,9.76,73.2,29.28,-68.32,39.04,-48.8,-97.6,-102.48,-24.4,9.76,53.68
-48.8,4.88,53.68,24.4,-53.68,29.28,-43.92,-102.48,-107.36,-34.16,0,43.92
-53.68,0,53.68,29.28,-53.68,24.4,-43.92,-102.48,-107.36,-29.28,0,48.8
-63.44,29.28,92.72,19.52,-78.08,58.56,-34.16,-97.6,-102.48,-29.28,0,53.68
-97.6,19.52,117.12,39.04,-107.36,68.32,-34.16,-97.6,-92.72,-24.4,9.76,48.8
-87.84,-4.88,82.96,48.8,-87.84,39.04,-43.92,-102.48,-102.48,-29.28,4.88,43.92
-78.08,0,78.08,39.04,-78.08,39.04,-48.8,-102.48,-107.36,-34.16,0,43.92
-87.84,14.64,102.48,39.04,-97.6,58.56,-48.8,-102.48,-97.6,-29.28,4.88,39.04
-58.56,29.28,87.84,14.64,-73.2,58.56,-53.68,-112.24,-112.24,-39.04,-4.88,24.4
-48.8,39.04,87.84,4.88,-68.32,63.44,-58.56,-117.12,-122,-43.92,-9.76,24.4
-63.44,24.4,87.84,19.52,-78.08,53.68,-58.56,-107.36,-117.12,-43.92,-9.76,24.4
-63.44,4.88,68.32,29.28,-68.32,34.16,-43.92,-92.72,-102.48,-39.04,-4.88,34.16
-82.96,4.88,87.84,39.04,-87.84,43.92,-39.04,-92.72,-102.48,-24.4,4.88,43.92
-92.72,9.76,102.48,43.92,-97.6,53.68,-48.8,-97.6,-107.36,-29.28,-4.88,34.16
-63.44,19.52,82.96,24.4,-73.2,48.8,-53.68,-107.36,-117.12,-39.04,-14.64,29.28
-73.2,14.64,87.84,29.28,-82.96,48.8,-53.68,-112.24,-107.36,-39.04,-14.64,24.4
-87.84,24.4,112.24,34.16,-102.48,68.32,-48.8,-112.24,-107.36,-43.92,-14.64,19.52
-82.96,34.16,117.12,24.4,-102.48,73.2,-53.68,-112.24,-107.36,-43.92,-14.64,24.4
-87.84,-14.64,73.2,53.68,-82.96,29.28,-29.28,-92.72,-92.72,-19.52,4.88,43.92
-78.08,-4.88,73.2,43.92,-78.08,34.16,-43.92,-92.72,-97.6,-24.4,4.88,48.8
-68.32,14.64,82.96,29.28,-78.08,48.8,-53.68,-97.6,-102.48,-34.16,-4.88,39.04
-73.2,14.64,87.84,29.28,-82.96,48.8,-48.8,-87.84,-97.6,-34.16,-4.88,43.92
-58.56,14.64,73.2,24.4,-68.32,43.92,-43.92,-87.84,-102.48,-29.28,4.88,39.04
-48.8,14.64,63.44,19.52,-58.56,39.04,-53.68,-102.48,-107.36,-43.92,-9.76,29.28
-39.04,19.52,58.56,9.76,-48.8,39.04,-58.56,-112.24,-117.12,-48.8,-19.52,14.64
-19.52,14.64,34.16,4.88,-29.28,24.4,-68.32,-122,-126.88,-58.56,-19.52,9.76
-29.28,0,29.28,14.64,-29.28,14.64,-58.56,-117.12,-117.12,-48.8,-9.76,14.64
-48.8,4.88,53.68,24.4,-53.68,29.28,-53.68,-112.24,-112.24,-39.04,-9.76,19.52
-48.8,19.52,68.32,14.64,-58.56,43.92,-58.56,-112.24,-117.12,-48.8,-14.64,9.76
-39.04,4.88,43.92,19.52,-43.92,24.4,-68.32,-117.12,-126.88,-53.68,-19.52,4.88
-53.68,-14.64,39.04,34.16,-48.8,9.76,-58.56,-97.6,-112.24,-34.16,-4.88,19.52
-112.24,-19.52,92.72,68.32,-102.48,34.16,-34.16,-73.2,-87.84,-19.52,9.76,39.04
-92.72,-14.64,78.08,53.68,-87.84,29.28,-43.92,-82.96,-97.6,-24.4,4.88,29.28
-53.68,-4.88,48.8,29.28,-53.68,19.52,-58.56,-97.6,-112.24,-39.04,-14.64,14.64
-53.68,4.88,58.56,24.4,-58.56,29.28,-63.44,-102.48,-117.12,-43.92,-14.64,0
-58.56,4.88,63.44,29.28,-63.44,34.16,-58.56,-102.48,-112.24,-43.92,-14.64,4.88
-58.56,9.76,68.32,24.4,-63.44,39.04,-58.56,-112.24,-117.12,-43.92,-19.52,0
-53.68,19.52,73.2,19.52,-63.44,43.92,-73.2,-122,-126.88,-53.68,-24.4,-4.88
-73.2,9.76,82.96,34.16,-78.08,43.92,-53.68,-102.48,-112.24,-39.04,-9.76,4.88
-73.2,-19.52,53.68,48.8,-63.44,14.64,-48.8,-92.72,-107.36,-34.16,0,14.64
-73.2,-4.88,68.32,39.04,-73.2,29.28,-53.68,-97.6,-112.24,-34.16,-4.88,4.88
-43.92,-14.64,29.28,29.28,-39.04,4.88,-63.44,-102.48,-117.12,-43.92,-9.76,-4.88
-29.28,-19.52,9.76,24.4,-19.52,-4.88,-68.32,-102.48,-117.12,-48.8,-14.64,-4.88
-48.8,-14.64,34.16,34.16,-43.92,9.76,-53.68,-87.84,-107.36,-34.16,-4.88,4.88
-68.32,-4.88,63.44,39.04,-68.32,29.28,-48.8,-92.72,-102.48,-34.16,-9.76,0
-73.2,0,73.2,39.04,-73.2,34.16,-48.8,-92.72,-97.6,-34.16,-4.88,-4.88
-63.44,14.64,78.08,24.4,-73.2,43.92,-39.04,-82.96,-87.84,-24.4,4.88,4.88
-43.92,9.76,53.68,19.52,-48.8,29.28,-43.92,-87.84,-92.72,-24.4,-9.76,0
-39.04,9.76,48.8,14.64,-43.92,29.28,-34.16,-78.08,-87.84,-14.64,0,9.76
-34.16,19.52,53.68,9.76,-43.92,34.16,-29.28,-68.32,-82.96,-14.64,0,4.88
-34.16,19.52,53.68,9.76,-43.92,34.16,-24.4,-73.2,-82.96,-9.76,9.76,4.88
-29.28,29.28,58.56,0,-43.92,43.92,-19.52,-63.44,-68.32,-4.88,19.52,14.64
-34.16,34.16,68.32,0,-53.68,48.8,-24.4,-58.56,-78.08,-4.88,19.52,14.64
-24.4,43.92,68.32,-9.76,-48.8,53.68,-19.52,-53.68,-68.32,-9.76,14.64,14.64
0,58.56,58.56,-29.28,-29.28,58.56,-14.64,-58.56,-73.2,-14.64,4.88,4.88
-29.28,63.44,92.72,-14.64,-63.44,78.08,0,-48.8,-63.44,-9.76,14.64,4.88
-43.92,68.32,112.24,-9.76,-78.08,87.84,14.64,-34.16,-48.8,9.76,29.28,14.64
-19.52,78.08,97.6,-29.28,-58.56,87.84,19.52,-34.16,-53.68,4.88,14.64,4.88
0,92.72,92.72,-43.92,-48.8,92.72,19.52,-24.4,-53.68,0,19.52,4.88
4.88,92.72,87.84,-48.8,-43.92,87.84,39.04,-9.76,-39.04,14.64,34.16,14.64
0,92.72,92.72,-43.92,-48.8,92.72,29.28,-9.76,-39.04,9.76,29.28,9.76
9.76,97.6,87.84,-53.68,-39.04,92.72,24.4,-14.64,-48.8,4.88,29.28,9.76
9.76,112.24,102.48,-58.56,-48.8,107.36,34.16,-4.88,-29.28,24.4,39.04,14.64
9.76,102.48,92.72,-53.68,-43.92,97.6,48.8,14.64,-9.76,39.04,58.56,34.16
14.64,112.24,97.6,-63.44,-43.92,102.48,53.68,29.28,4.88,48.8,63.44,39.04
19.52,136.64,117.12,-78.08,-48.8,126.88,39.04,34.16,9.76,63.44,68.32,39.04
29.28,151.28,122,-87.84,-48.8,136.64,0,9.76,0,58.56,73.2,39.04
34.16,136.64,102.48,-82.96,-34.16,117.12,-29.28,4.88,4.88,68.32,78.08,53.68
29.28,131.76,102.48,-78.08,-39.04,117.12,-48.8,4.88,4.88,73.2,87.84,58.56
19.52,126.88,107.36,-73.2,-43.92,117.12,-58.56,-4.88,0,68.32,87.84,58.56
53.68,126.88,73.2,-87.84,-9.76,97.6,-97.6,-39.04,-29.28,43.92,63.44,39.04
73.2,107.36,34.16,-87.84,19.52,68.32,-136.64,-58.56,-53.68,29.28,48.8,24.4
73.2,112.24,39.04,-92.72,14.64,73.2,-151.28,-68.32,-58.56,24.4,43.92,14.64
68.32,126.88,58.56,-97.6,4.88,92.72,-151.28,-58.56,-63.44,19.52,43.92,14.64
43.92,107.36,63.44,-73.2,-9.76,82.96,-146.4,-68.32,-63.44,14.64,34.16,0
39.04,63.44,24.4,-48.8,4.88,43.92,-136.64,-63.44,-58.56,19.52,43.92,14.64
39.04,53.68,14.64,-43.92,9.76,34.16,-126.88,-63.44,-63.44,19.52,43.92,9.76
53.68,73.2,19.52,-63.44,14.64,43.92,-131.76,-68.32,-73.2,9.76,34.16,0
53.68,68.32,14.64,-58.56,19.52,39.04,-126.88,-63.44,-68.32,19.52,34.16,4.88
39.04,58.56,19.52,-48.8,9.76,39.04,-117.12,-63.44,-68.32,19.52,43.92,9.76
39.04,68.32,29.28,-53.68,4.88,48.8,-112.24,-63.44,-73.2,9.76,39.04,0
39.04,58.56,19.52,-48.8,9.76,39.04,-107.36,-63.44,-68.32,9.76,39.04,0
43.92,39.04,-4.88,-39.04,24.4,14.64,-122,-73.2,-92.72,0,24.4,-14.64
43.92,34.16,-9.76,-39.04,24.4,9.76,-126.88,-82.96,-92.72,-14.64,9.76,-24.4
29.28,19.52,-9.76,-24.4,19.52,4.88,-122,-87.84,-97.6,-19.52,4.88,-34.16
34.16,19.52,-14.64,-24.4,24.4,0,-126.88,-87.84,-102.48,-19.52,0,-43.92
43.92,34.16,-9.76,-39.04,24.4,9.76,-126.88,-92.72,-107.36,-29.28,-4.88,-48.8
24.4,39.04,14.64,-29.28,4.88,24.4,-122,-92.72,-107.36,-24.4,-4.88,-53.68
19.52,58.56,39.04,-39.04,-9.76,48.8,-126.88,-102.48,-117.12,-34.16,-19.52,-68.32
24.4,48.8,24.4,-34.16,0,34.16,-131.76,-107.36,-131.76,-43.92,-24.4,-73.2
14.64,14.64,0,-14.64,4.88,4.88,-122,-92.72,-126.88,-43.92,-19.52,-73.2
0,-4.88,-4.88,4.88,0,-4.88,-102.48,-73.2,-117.12,-34.16,-14.64,-63.44
9.76,4.88,-4.88,-4.88,4.88,0,-122,-92.72,-126.88,-48.8,-34.16,-78.08
0,0,0,0,0,0,-122,-92.72,-131.76,-58.56,-39.04,-87.84
-24.4,-4.88,19.52,14.64,-24.4,4.88,-117.12,-87.84,-126.88,-53.68,-39.04,-87.84
-24.4,-24.4,0,24.4,-14.64,-14.64,-122,-92.72,-131.76,-58.56,-43.92,-87.84
0,-19.52,-19.52,9.76,9.76,-19.52,-126.88,-97.6,-141.52,-63.44,-48.8,-92.72
-9.76,-14.64,-4.88,14.64,-4.88,-9.76,-126.88,-97.6,-136.64,-58.56,-43.92,-92.72
-19.52,-24.4,-4.88,24.4,-9.76,-14.64,-131.76,-102.48,-136.64,-58.56,-48.8,-102.48
0,-19.52,-19.52,9.76,9.76,-19.52,-126.88,-92.72,-141.52,-53.68,-39.04,-97.6
19.52,-9.76,-29.28,-4.88,24.4,-19.52,-131.76,-97.6,-146.4,-68.32,-48.8,-102.48
19.52,0,-19.52,-9.76,19.52,-9.76,-126.88,-92.72,-146.4,-63.44,-53.68,-107.36
9.76,4.88,-4.88,-4.88,4.88,0,-136.64,-87.84,-136.64,-58.56,-43.92,-107.36
14.64,-9.76,-24.4,0,19.52,-19.52,-141.52,-92.72,-136.64,-68.32,-53.68,-117.12
19.52,0,-19.52,-9.76,19.52,-9.76,-141.52,-92.72,-141.52,-73.2,-58.56,-122
24.4,0,-24.4,-9.76,24.4,-14.64,-141.52,-97.6,-146.4,-73.2,-63.44,-126.88
29.28,-9.76,-39.04,-9.76,34.16,-24.4,-136.64,-97.6,-136.64,-68.32,-53.68,-126.88
9.76,0,-9.76,-4.88,9.76,-4.88,-126.88,-87.84,-126.88,-63.44,-48.8,-117.12
-4.88,-24.4,-19.52,14.64,4.88,-24.4,-122,-82.96,-126.88,-53.68,-43.92,-112.24
-4.88,-24.4,-19.52,14.64,4.88,-24.4,-122,-82.96,-126.88,-53.68,-39.04,-112.24
0,-19.52,-19.52,9.76,9.76,-19.52,-117.12,-82.96,-122,-48.8,-34.16,-112.24
14.64,-19.52,-34.16,4.88,24.4,-29.28,-122,-82.96,-126.88,-58.56,-48.8,-117.12
43.92,-9.76,-53.68,-14.64,48.8,-34.16,-126.88,-92.72,-131.76,-63.44,-48.8,-126.88
24.4,-9.76,-34.16,-4.88,29.28,-24.4,-122,-87.84,-131.76,-63.44,-48.8,-126.88
4.88,-19.52,-24.4,9.76,14.64,-24.4,-117.12,-78.08,-122,-58.56,-48.8,-122
4.88,-19.52,-24.4,9.76,14.64,-24.4,-102.48,-68.32,-112.24,-53.68,-43.92,-117.12
-4.88,-4.88,0,4.88,-4.88,-4.88,-97.6,-58.56,-102.48,-63.44,-58.56,-131.76
-19.52,-4.88,14.64,14.64,-19.52,4.88,-63.44,-9.76,-73.2,-78.08,-78.08,-151.28
-34.16,0,34.16,19.52,-34.16,14.64,0,68.32,-29.28,-87.84,-112.24,-180.56
-68.32,14.64,82.96,29.28,-78.08,48.8,63.44,175.68,34.16,-117.12,-141.52,-214.72
-97.6,48.8,146.4,24.4,-122,97.6,170.8,356.24,165.92,-102.48,-156.16,-229.36
-97.6,112.24,209.84,-4.88,-156.16,161.04,248.88,536.8,297.68,-87.84,-165.92,-253.76
-63.44,170.8,234.24,-53.68,-151.28,200.08,302.56,673.44,409.92,-43.92,-131.76,-248.88
-24.4,234.24,258.64,-102.48,-141.52,244,331.84,761.28,517.28,43.92,-68.32,-209.84
4.88,263.52,258.64,-131.76,-126.88,258.64,366,819.84,605.12,165.92,39.04,-131.76
29.28,297.68,268.4,-161.04,-122,283.04,356.24,780.8,644.16,326.96,204.96,-4.88
63.44,390.4,326.96,-224.48,-131.76,356.24,283.04,624.64,663.68,566.08,448.96,185.44
146.4,468.48,322.08,-307.44,-87.84,395.28,175.68,448.96,722.24,893.04,751.52,400.16
244,566.08,322.08,-405.04,-39.04,444.08,24.4,170.8,741.76,1322.48,1161.44,697.84
361.12,658.8,297.68,-507.52,29.28,478.24,-170.8,-170.8,751.52,1815.36,1615.28,1015.04
497.76,824.72,326.96,-658.8,82.96,575.84,-429.44,-536.8,717.36,2274.08,2064.24,1361.52
624.64,990.64,366,-805.2,126.88,678.32,-658.8,-780.8,810.08,2815.76,2547.36,1732.4
727.12,1000.4,273.28,-863.76,224.48,634.4,-780.8,-844.24,1015.04,3328.16,2923.12,1981.28
795.44,951.6,156.16,-873.52,317.2,551.44,-849.12,-897.92,1054.08,3508.72,3030.48,2074
819.84,805.2,-14.64,-810.08,414.8,395.28,-907.68,-1010.16,888.16,3357.44,2879.2,2010.56
756.4,590.48,-165.92,-673.44,458.72,209.84,-946.72,-1112.64,639.28,2986.56,2571.76,1834.88
649.04,483.12,-165.92,-566.08,405.04,156.16,-971.12,-1263.92,204.96,2318,2069.12,1566.48
536.8,414.8,-122,-473.36,326.96,146.4,-1039.44,-1468.88,-400.16,1385.92,1415.2,1205.36
429.44,361.12,-68.32,-395.28,248.88,146.4,-1093.12,-1610.4,-946.72,566.08,878.4,917.44
317.2,268.4,-48.8,-292.8,180.56,107.36,-1034.56,-1620.16,-1312.72,-141.52,395.28,629.52
214.72,122,-92.72,-165.92,151.28,14.64,-936.96,-1527.44,-1439.6,-575.84,14.64,361.12
161.04,14.64,-146.4,-87.84,151.28,-68.32,-849.12,-1346.88,-1307.84,-639.28,-165.92,151.28
131.76,-78.08,-209.84,-24.4,170.8,-146.4,-756.4,-1122.4,-1083.36,-566.08,-234.24,9.76
146.4,-102.48,-248.88,-19.52,195.2,-175.68,-673.44,-927.2,-883.28,-453.84,-219.6,-29.28
161.04,-68.32,-229.36,-43.92,195.2,-151.28,-610,-790.56,-751.52,-380.64,-190.32,-48.8
151.28,-39.04,-190.32,-53.68,170.8,-117.12,-556.32,-697.84,-663.68,-341.6,-180.56,-68.32
165.92,-14.64,-180.56,-73.2,170.8,-97.6,-488,-590.48,-566.08,-287.92,-151.28,-73.2
185.44,-4.88,-190.32,-87.84,185.44,-97.6,-409.92,-458.72,-458.72,-219.6,-117.12,-63.44
151.28,-29.28,-180.56,-58.56,165.92,-107.36,-331.84,-326.96,-356.24,-161.04,-78.08,-48.8
107.36,-9.76,-117.12,-48.8,112.24,-63.44,-263.52,-239.12,-278.16,-122,-53.68,-58.56
82.96,4.88,-78.08,-43.92,78.08,-39.04,-209.84,-165.92,-219.6,-97.6,-48.8,-63.44
78.08,0,-78.08,-39.04,78.08,-39.04,-161.04,-97.6,-161.04,-87.84,-58.56,-87.84
73.2,0,-73.2,-34.16,73.2,-39.04,-131.76,-63.44,-136.64,-82.96,-63.44,-102.48
78.08,-14.64,-92.72,-29.28,82.96,-53.68,-102.48,-43.92,-126.88,-82.96,-73.2,-122
73.2,-53.68,-126.88,-9.76,97.6,-92.72,-82.96,-9.76,-102.48,-73.2,-68.32,-126.88
29.28,-43.92,-73.2,9.76,48.8,-58.56,-53.68,24.4,-73.2,-58.56,-58.56,-117.12
19.52,-34.16,-53.68,9.76,34.16,-43.92,-43.92,29.28,-63.44,-53.68,-58.56,-117.12
43.92,-14.64,-58.56,-14.64,48.8,-39.04,-43.92,34.16,-68.32,-68.32,-73.2,-126.88
34.16,-9.76,-43.92,-9.76,39.04,-29.28,-39.04,43.92,-68.32,-78.08,-82.96,-141.52
24.4,-39.04,-63.44,9.76,43.92,-53.68,-19.52,53.68,-63.44,-82.96,-82.96,-136.64
48.8,-19.52,-68.32,-14.64,58.56,-43.92,-29.28,53.68,-73.2,-92.72,-97.6,-146.4
58.56,-19.52,-78.08,-19.52,68.32,-48.8,-34.16,53.68,-73.2,-102.48,-107.36,-161.04
53.68,-48.8,-102.48,0,78.08,-78.08,-14.64,68.32,-48.8,-92.72,-97.6,-156.16
73.2,-48.8,-122,-9.76,97.6,-87.84,-29.28,58.56,-58.56,-107.36,-112.24,-175.68
58.56,-39.04,-97.6,-9.76,78.08,-68.32,-19.52,63.44,-48.8,-102.48,-112.24,-180.56
29.28,-9.76,-39.04,-9.76,34.16,-24.4,-9.76,78.08,-34.16,-92.72,-97.6,-175.68
34.16,-4.88,-39.04,-14.64,34.16,-24.4,-4.88,73.2,-34.16,-92.72,-102.48,-175.68
19.52,-34.16,-53.68,9.76,34.16,-43.92,4.88,87.84,-24.4,-87.84,-92.72,-161.04
19.52,-58.56,-78.08,19.52,48.8,-68.32,24.4,117.12,0,-68.32,-73.2,-146.4
24.4,-63.44,-87.84,19.52,53.68,-78.08,24.4,122,0,-68.32,-82.96,-156.16
39.04,-53.68,-92.72,9.76,63.44,-73.2,24.4,122,-4.88,-73.2,-87.84,-161.04
63.44,-34.16,-97.6,-14.64,78.08,-68.32,19.52,117.12,-14.64,-87.84,-97.6,-170.8
68.32,-24.4,-92.72,-19.52,78.08,-58.56,14.64,107.36,-14.64,-87.84,-102.48,-185.44
14.64,-48.8,-63.44,19.52,39.04,-58.56,43.92,136.64,19.52,-53.68,-68.32,-151.28
-29.28,-58.56,-29.28,43.92,0,-43.92,63.44,156.16,39.04,-39.04,-53.68,-141.52
-14.64,-48.8,-34.16,34.16,9.76,-43.92,53.68,146.4,29.28,-48.8,-68.32,-146.4
0,-63.44,-63.44,34.16,29.28,-63.44,63.44,146.4,34.16,-34.16,-58.56,-141.52
-14.64,-53.68,-39.04,34.16,9.76,-48.8,68.32,146.4,34.16,-39.04,-58.56,-146.4
-9.76,-48.8,-39.04,29.28,14.64,-43.92,73.2,161.04,34.16,-39.04,-58.56,-146.4
-4.88,-43.92,-39.04,24.4,14.64,-43.92,73.2,165.92,39.04,-39.04,-58.56,-146.4
-14.64,-48.8,-34.16,34.16,9.76,-43.92,82.96,170.8,39.04,-39.04,-53.68,-141.52
-19.52,-34.16,-14.64,29.28,-4.88,-24.4,78.08,175.68,43.92,-48.8,-58.56,-141.52
-9.76,-29.28,-19.52,19.52,4.88,-24.4,73.2,161.04,39.04,-48.8,-63.44,-156.16
4.88,-19.52,-24.4,9.76,14.64,-24.4,58.56,146.4,24.4,-58.56,-78.08,-161.04
14.64,-19.52,-34.16,4.88,24.4,-29.28,68.32,156.16,34.16,-53.68,-68.32,-151.28
0,-19.52,-19.52,9.76,9.76,-19.52,68.32,161.04,43.92,-48.8,-63.44,-151.28
4.88,-19.52,-24.4,9.76,14.64,-24.4,73.2,146.4,39.04,-43.92,-68.32,-161.04
4.88,-19.52,-24.4,9.76,14.64,-24.4,68.32,161.04,39.04,-48.8,-68.32,-156.16
-4.88,-29.28,-24.4,19.52,9.76,-29.28,73.2,175.68,43.92,-43.92,-63.44,-151.28
-14.64,-29.28,-14.64,24.4,0,-24.4,78.08,180.56,48.8,-39.04,-63.44,-146.4
-4.88,-34.16,-29.28,19.52,9.76,-34.16,87.84,180.56,48.8,-48.8,-63.44,-141.52
9.76,-29.28,-39.04,9.76,24.4,-34.16,78.08,175.68,43.92,-58.56,-73.2,-151.28
24.4,-9.76,-34.16,-4.88,29.28,-24.4,73.2,165.92,39.04,-58.56,-78.08,-161.04
0,-14.64,-14.64,9.76,4.88,-14.64,73.2,165.92,43.92,-53.68,-68.32,-151.28
-4.88,-24.4,-19.52,14.64,4.88,-24.4,87.84,185.44,53.68,-43.92,-63.44,-151.28
4.88,-14.64,-19.52,4.88,9.76,-19.52,78.08,185.44,58.56,-48.8,-73.2,-161.04
14.64,-19.52,-34.16,4.88,24.4,-29.28,73.2,170.8,53.68,-48.8,-78.08,-165.92
24.4,-14.64,-39.04,-4.88,29.28,-29.28,78.08,175.68,63.44,-53.68,-82.96,-161.04
4.88,-24.4,-29.28,9.76,14.64,-29.28,82.96,190.32,68.32,-48.8,-82.96,-161.04
-4.88,-39.04,-34.16,24.4,14.64,-39.04,92.72,204.96,78.08,-43.92,-73.2,-146.4
0,-24.4,-24.4,14.64,9.76,-24.4,102.48,214.72,78.08,-34.16,-63.44,-141.52
-14.64,-19.52,-4.88,19.52,-4.88,-14.64,97.6,219.6,78.08,-48.8,-73.2,-151.28
-34.16,-29.28,4.88,34.16,-19.52,-14.64,112.24,234.24,97.6,-29.28,-58.56,-146.4
-34.16,-24.4,9.76,29.28,-24.4,-9.76,112.24,229.36,97.6,-24.4,-58.56,-146.4
0,-24.4,-24.4,14.64,9.76,-24.4,102.48,219.6,92.72,-34.16,-78.08,-161.04
24.4,-14.64,-39.04,-4.88,29.28,-29.28,97.6,209.84,92.72,-43.92,-82.96,-170.8
24.4,-4.88,-29.28,-9.76,24.4,-19.52,92.72,214.72,97.6,-34.16,-78.08,-170.8
9.76,0,-9.76,-4.88,9.76,-4.88,92.72,219.6,97.6,-43.92,-82.96,-165.92
0,0,0,0,0,0,102.48,239.12,102.48,-43.92,-78.08,-161.04
-9.76,-24.4,-14.64,19.52,0,-19.52,102.48,244,107.36,-39.04,-73.2,-156.16
-14.64,-24.4,-9.76,19.52,-4.88,-19.52,122,258.64,122,-24.4,-63.44,-146.4
-4.88,-19.52,-14.64,14.64,4.88,-19.52,112.24,263.52,126.88,-39.04,-73.2,-156.16
4.88,-29.28,-34.16,14.64,19.52,-34.16,107.36,258.64,126.88,-34.16,-73.2,-165.92
14.64,-48.8,-63.44,19.52,39.04,-58.56,107.36,258.64,131.76,-29.28,-68.32,-161.04
0,-34.16,-34.16,19.52,14.64,-34.16,102.48,263.52,136.64,-29.28,-68.32,-165.92
9.76,24.4,14.64,-14.64,-4.88,19.52,87.84,244,126.88,-43.92,-82.96,-180.56
34.16,43.92,9.76,-39.04,9.76,24.4,82.96,244,122,-48.8,-87.84,-185.44
29.28,-39.04,-68.32,4.88,48.8,-53.68,102.48,278.16,151.28,-24.4,-68.32,-161.04
24.4,-39.04,-63.44,9.76,43.92,-53.68,112.24,297.68,156.16,-24.4,-63.44,-161.04
14.64,-14.64,-29.28,0,19.52,-24.4,122,302.56,156.16,-19.52,-63.44,-161.04
19.52,-9.76,-29.28,-4.88,24.4,-19.52,117.12,297.68,151.28,-29.28,-68.32,-161.04
19.52,-4.88,-24.4,-4.88,19.52,-14.64,117.12,312.32,161.04,-29.28,-73.2,-165.92
19.52,-24.4,-43.92,4.88,29.28,-34.16,117.12,317.2,161.04,-29.28,-78.08,-175.68
-4.88,-39.04,-34.16,24.4,14.64,-39.04,126.88,326.96,175.68,-14.64,-68.32,-161.04
-14.64,-34.16,-19.52,24.4,0,-29.28,136.64,341.6,190.32,-4.88,-53.68,-151.28
-14.64,-19.52,-4.88,19.52,-4.88,-14.64,126.88,331.84,190.32,-14.64,-63.44,-170.8
-19.52,0,19.52,9.76,-19.52,9.76,131.76,341.6,200.08,-4.88,-58.56,-165.92
-9.76,4.88,14.64,4.88,-14.64,9.76,126.88,346.48,200.08,-14.64,-68.32,-170.8
9.76,-24.4,-34.16,9.76,19.52,-29.28,131.76,361.12,209.84,-4.88,-63.44,-165.92
24.4,-19.52,-43.92,0,34.16,-34.16,136.64,375.76,214.72,0,-58.56,-161.04
19.52,0,-19.52,-9.76,19.52,-9.76,141.52,380.64,209.84,0,-58.56,-161.04
24.4,0,-24.4,-9.76,24.4,-14.64,136.64,385.52,209.84,-9.76,-73.2,-165.92
29.28,-19.52,-48.8,-4.88,39.04,-34.16,141.52,390.4,214.72,-4.88,-68.32,-170.8
4.88,-14.64,-19.52,4.88,9.76,-19.52,141.52,400.16,234.24,0,-63.44,-170.8
24.4,-19.52,-43.92,0,34.16,-34.16,146.4,405.04,239.12,4.88,-63.44,-170.8
39.04,-9.76,-48.8,-14.64,43.92,-29.28,136.64,409.92,244,0,-68.32,-175.68
9.76,-9.76,-19.52,0,14.64,-14.64,146.4,419.68,253.76,9.76,-63.44,-165.92
9.76,-14.64,-24.4,4.88,14.64,-19.52,156.16,439.2,268.4,19.52,-53.68,-156.16
19.52,-24.4,-43.92,4.88,29.28,-34.16,165.92,453.84,278.16,24.4,-48.8,-146.4
48.8,-9.76,-58.56,-19.52,53.68,-34.16,156.16,458.72,273.28,14.64,-58.56,-156.16
58.56,34.16,-24.4,-43.92,39.04,4.88,156.16,468.48,268.4,9.76,-63.44,-170.8
34.16,14.64,-19.52,-24.4,24.4,-4.88,165.92,483.12,283.04,19.52,-63.44,-161.04
43.92,4.88,-39.04,-24.4,39.04,-19.52,170.8,497.76,302.56,24.4,-58.56,-161.04
39.04,-9.76,-48.8,-14.64,43.92,-29.28,170.8,507.52,307.44,24.4,-58.56,-156.16
14.64,-9.76,-24.4,0,19.52,-19.52,185.44,522.16,326.96,39.04,-48.8,-146.4
-9.76,14.64,24.4,0,-19.52,19.52,200.08,546.56,346.48,48.8,-39.04,-136.64
-4.88,19.52,24.4,-4.88,-14.64,19.52,190.32,541.68,351.36,43.92,-43.92,-141.52
29.28,-4.88,-34.16,-9.76,29.28,-19.52,185.44,556.32,346.48,39.04,-48.8,-141.52
39.04,0,-39.04,-19.52,39.04,-19.52,195.2,580.72,356.24,43.92,-48.8,-141.52
24.4,9.76,-14.64,-14.64,19.52,-4.88,204.96,595.36,370.88,48.8,-39.04,-136.64
39.04,4.88,-34.16,-19.52,34.16,-14.64,209.84,619.76,385.52,58.56,-39.04,-136.64
53.68,9.76,-43.92,-29.28,48.8,-19.52,214.72,619.76,385.52,48.8,-48.8,-141.52
53.68,19.52,-34.16,-34.16,43.92,-9.76,209.84,624.64,385.52,48.8,-58.56,-151.28
53.68,9.76,-43.92,-29.28,48.8,-19.52,219.6,644.16,405.04,53.68,-48.8,-136.64
63.44,24.4,-39.04,-43.92,48.8,-9.76,209.84,639.28,405.04,48.8,-58.56,-146.4
58.56,39.04,-19.52,-48.8,39.04,9.76,209.84,658.8,409.92,48.8,-58.56,-146.4
43.92,39.04,-4.88,-39.04,24.4,14.64,214.72,668.56,429.44,63.44,-43.92,-141.52
39.04,29.28,-9.76,-34.16,24.4,9.76,219.6,688.08,434.32,63.44,-43.92,-141.52
58.56,24.4,-34.16,-39.04,43.92,-4.88,229.36,707.6,444.08,68.32,-43.92,-136.64
58.56,29.28,-29.28,-43.92,43.92,0,229.36,717.36,453.84,63.44,-43.92,-141.52
82.96,29.28,-53.68,-53.68,68.32,-14.64,229.36,727.12,453.84,68.32,-48.8,-136.64
102.48,39.04,-63.44,-68.32,82.96,-14.64,229.36,736.88,458.72,58.56,-58.56,-136.64
82.96,29.28,-53.68,-53.68,68.32,-14.64,239.12,751.52,468.48,63.44,-53.68,-136.64
48.8,14.64,-34.16,-29.28,39.04,-9.76,258.64,766.16,488,82.96,-39.04,-122
48.8,34.16,-14.64,-39.04,29.28,9.76,258.64,771.04,497.76,82.96,-34.16,-117.12
63.44,34.16,-29.28,-48.8,43.92,0,244,766.16,492.88,68.32,-53.68,-131.76
78.08,34.16,-43.92,-53.68,58.56,-4.88,234.24,761.28,488,68.32,-53.68,-136.64
73.2,34.16,-39.04,-53.68,53.68,-4.88,234.24,771.04,497.76,68.32,-58.56,-136.64
68.32,29.28,-39.04,-48.8,53.68,-4.88,248.88,780.8,497.76,58.56,-58.56,-131.76
58.56,29.28,-29.28,-43.92,43.92,0,248.88,795.44,502.64,63.44,-53.68,-126.88
58.56,4.88,-53.68,-29.28,53.68,-24.4,248.88,795.44,507.52,68.32,-48.8,-117.12
63.44,-4.88,-68.32,-29.28,63.44,-39.04,248.88,800.32,507.52,63.44,-53.68,-117.12
68.32,9.76,-58.56,-39.04,63.44,-24.4,248.88,795.44,502.64,58.56,-58.56,-122
78.08,14.64,-63.44,-43.92,68.32,-24.4,239.12,780.8,492.88,53.68,-68.32,-126.88
97.6,24.4,-73.2,-58.56,82.96,-24.4,234.24,766.16,488,48.8,-78.08,-131.76
107.36,19.52,-87.84,-63.44,97.6,-34.16,229.36,766.16,483.12,43.92,-78.08,-122
97.6,14.64,-82.96,-53.68,87.84,-34.16,224.48,756.4,478.24,43.92,-73.2,-117.12
87.84,4.88,-82.96,-43.92,82.96,-39.04,219.6,751.52,473.36,39.04,-78.08,-117.12
82.96,-9.76,-92.72,-34.16,87.84,-53.68,229.36,746.64,468.48,39.04,-78.08,-112.24
92.72,-4.88,-97.6,-43.92,92.72,-53.68,219.6,741.76,463.6,29.28,-82.96,-112.24
92.72,-4.88,-97.6,-43.92,92.72,-53.68,214.72,727.12,448.96,24.4,-82.96,-112.24
92.72,-9.76,-102.48,-39.04,97.6,-58.56,204.96,707.6,434.32,14.64,-92.72,-112.24
87.84,-9.76,-97.6,-39.04,92.72,-53.68,204.96,692.96,429.44,9.76,-92.72,-112.24
87.84,-14.64,-102.48,-34.16,92.72,-58.56,195.2,663.68,414.8,4.88,-92.72,-102.48
78.08,-14.64,-92.72,-29.28,82.96,-53.68,190.32,649.04,405.04,4.88,-97.6,-97.6
92.72,0,-92.72,-43.92,92.72,-48.8,175.68,614.88,390.4,-9.76,-107.36,-107.36
92.72,14.64,-78.08,-53.68,82.96,-34.16,156.16,585.6,370.88,-14.64,-112.24,-112.24
102.48,4.88,-97.6,-53.68,97.6,-48.8,156.16,570.96,361.12,-14.64,-107.36,-102.48
126.88,-14.64,-141.52,-53.68,131.76,-78.08,141.52,551.44,341.6,-24.4,-112.24,-102.48
131.76,-14.64,-146.4,-58.56,136.64,-82.96,126.88,517.28,322.08,-34.16,-117.12,-112.24
126.88,-14.64,-141.52,-53.68,131.76,-78.08,112.24,492.88,302.56,-34.16,-112.24,-102.48
117.12,-19.52,-136.64,-48.8,126.88,-78.08,97.6,473.36,287.92,-39.04,-117.12,-102.48
87.84,-9.76,-97.6,-39.04,92.72,-53.68,112.24,448.96,283.04,-29.28,-102.48,-92.72
63.44,-14.64,-78.08,-24.4,68.32,-48.8,112.24,434.32,287.92,-19.52,-87.84,-78.08
87.84,-19.52,-107.36,-34.16,97.6,-63.44,92.72,390.4,263.52,-29.28,-92.72,-87.84
112.24,-4.88,-117.12,-53.68,112.24,-63.44,78.08,356.24,248.88,-34.16,-97.6,-92.72
112.24,-14.64,-126.88,-48.8,117.12,-73.2,63.44,331.84,234.24,-29.28,-87.84,-92.72
97.6,-14.64,-112.24,-39.04,102.48,-63.44,53.68,317.2,224.48,-24.4,-87.84,-82.96
112.24,-9.76,-122,-48.8,117.12,-68.32,48.8,292.8,214.72,-24.4,-82.96,-78.08
102.48,-14.64,-117.12,-43.92,107.36,-68.32,39.04,268.4,200.08,-24.4,-78.08,-78.08
82.96,-24.4,-107.36,-29.28,92.72,-68.32,39.04,248.88,190.32,-14.64,-68.32,-68.32
92.72,-19.52,-112.24,-34.16,102.48,-68.32,29.28,234.24,170.8,-24.4,-68.32,-68.32
78.08,-34.16,-112.24,-19.52,92.72,-73.2,24.4,204.96,156.16,-24.4,-68.32,-68.32
82.96,-24.4,-107.36,-29.28,92.72,-68.32,14.64,170.8,146.4,-19.52,-58.56,-78.08
87.84,-24.4,-112.24,-29.28,97.6,-68.32,9.76,156.16,136.64,-14.64,-53.68,-68.32
102.48,-34.16,-136.64,-34.16,117.12,-87.84,-4.88,131.76,126.88,-19.52,-53.68,-68.32
112.24,-29.28,-141.52,-39.04,126.88,-87.84,-9.76,112.24,117.12,-14.64,-43.92,-68.32
92.72,-4.88,-97.6,-43.92,92.72,-53.68,-19.52,97.6,97.6,-14.64,-43.92,-68.32
82.96,9.76,-73.2,-43.92,78.08,-34.16,-14.64,87.84,87.84,-9.76,-34.16,-63.44
87.84,4.88,-82.96,-43.92,82.96,-39.04,-14.64,73.2,78.08,-4.88,-29.28,-58.56
78.08,-4.88,-82.96,-34.16,78.08,-43.92,-19.52,58.56,68.32,-9.76,-24.4,-63.44
78.08,0,-78.08,-39.04,78.08,-39.04,-24.4,53.68,63.44,-9.76,-29.28,-53.68
73.2,4.88,-68.32,-39.04,68.32,-34.16,-29.28,34.16,48.8,-9.76,-29.28,-58.56
82.96,4.88,-78.08,-43.92,78.08,-39.04,-43.92,9.76,39.04,-14.64,-34.16,-68.32
63.44,-9.76,-73.2,-24.4,68.32,-43.92,-29.28,14.64,53.68,4.88,-14.64,-48.8
39.04,-34.16,-73.2,0,53.68,-53.68,-24.4,14.64,53.68,9.76,-4.88,-43.92
48.8,-19.52,-68.32,-14.64,58.56,-43.92,-29.28,0,43.92,9.76,0,-48.8
58.56,4.88,-53.68,-29.28,53.68,-24.4,-43.92,-9.76,29.28,0,-4.88,-58.56
63.44,9.76,-53.68,-34.16,58.56,-24.4,-43.92,-9.76,19.52,-4.88,-9.76,-48.8
97.6,-4.88,-102.48,-43.92,97.6,-53.68,-53.68,-24.4,9.76,-9.76,-14.64,-58.56
78.08,-29.28,-107.36,-24.4,92.72,-68.32,-43.92,-14.64,14.64,0,0,-43.92
58.56,-24.4,-82.96,-14.64,68.32,-53.68,-48.8,-9.76,14.64,0,4.88,-39.04
63.44,-9.76,-73.2,-24.4,68.32,-43.92,-39.04,-24.4,4.88,-4.88,0,-43.92
53.68,-4.88,-58.56,-24.4,53.68,-34.16,-48.8,-39.04,0,-9.76,-4.88,-53.68
39.04,-4.88,-43.92,-14.64,39.04,-24.4,-53.68,-48.8,-9.76,-14.64,-9.76,-58.56
34.16,-4.88,-39.04,-14.64,34.16,-24.4,-53.68,-43.92,-9.76,-14.64,-9.76,-53.68
34.16,0,-34.16,-14.64,34.16,-19.52,-58.56,-58.56,-14.64,-14.64,-4.88,-58.56
39.04,14.64,-24.4,-24.4,29.28,-4.88,-58.56,-53.68,-14.64,-14.64,0,-58.56
24.4,14.64,-9.76,-19.52,14.64,0,-53.68,-48.8,-19.52,-14.64,-4.88,-53.68
29.28,9.76,-19.52,-19.52,24.4,-4.88,-48.8,-43.92,-14.64,-14.64,0,-48.8
48.8,9.76,-39.04,-29.28,43.92,-14.64,-53.68,-48.8,-24.4,-19.52,-4.88,-53.68
48.8,-9.76,-58.56,-19.52,53.68,-34.16,-53.68,-48.8,-24.4,-19.52,-9.76,-53.68
53.68,-14.64,-68.32,-19.52,58.56,-43.92,-48.8,-53.68,-24.4,-24.4,-9.76,-48.8
58.56,-4.88,-63.44,-24.4,58.56,-34.16,-48.8,-58.56,-24.4,-24.4,-9.76,-53.68
48.8,-19.52,-68.32,-14.64,58.56,-43.92,-48.8,-48.8,-24.4,-19.52,-4.88,-48.8
43.92,9.76,-34.16,-24.4,39.04,-14.64,-58.56,-58.56,-24.4,-24.4,-14.64,-63.44
29.28,29.28,0,-29.28,14.64,14.64,-53.68,-68.32,-34.16,-29.28,-19.52,-68.32
43.92,4.88,-39.04,-24.4,39.04,-19.52,-53.68,-63.44,-34.16,-29.28,-19.52,-68.32
53.68,-9.76,-63.44,-19.52,58.56,-39.04,-43.92,-43.92,-24.4,-24.4,-9.76,-53.68
34.16,-29.28,-63.44,0,48.8,-48.8,-39.04,-39.04,-19.52,-24.4,-4.88,-48.8
39.04,-34.16,-73.2,0,53.68,-53.68,-29.28,-34.16,-14.64,-19.52,0,-43.92
34.16,-29.28,-63.44,0,48.8,-48.8,-39.04,-29.28,-14.64,-24.4,-4.88,-39.04
14.64,-29.28,-43.92,9.76,29.28,-39.04,-29.28,-29.28,-14.64,-24.4,-4.88,-43.92
39.04,-14.64,-53.68,-9.76,43.92,-34.16,-34.16,-39.04,-24.4,-34.16,-9.76,-53.68
29.28,-4.88,-34.16,-9.76,29.28,-19.52,-34.16,-39.04,-19.52,-34.16,-14.64,-53.68
24.4,9.76,-14.64,-14.64,19.52,-4.88,-29.28,-34.16,-14.64,-34.16,-14.64,-53.68
24.4,9.76,-14.64,-14.64,19.52,-4.88,-29.28,-39.04,-14.64,-34.16,-19.52,-53.68
34.16,-4.88,-39.04,-14.64,34.16,-24.4,-34.16,-39.04,-19.52,-39.04,-24.4,-58.56
34.16,4.88,-29.28,-19.52,29.28,-14.64,-34.16,-34.16,-24.4,-43.92,-29.28,-63.44
24.4,9.76,-14.64,-14.64,19.52,-4.88,-34.16,-29.28,-19.52,-39.04,-29.28,-58.56
24.4,-14.64,-39.04,-4.88,29.28,-29.28,-29.28,-24.4,-19.52,-43.92,-29.28,-58.56
24.4,-4.88,-29.28,-9.76,24.4,-19.52,-19.52,-14.64,-14.64,-39.04,-29.28,-53.68
19.52,-4.88,-24.4,-4.88,19.52,-14.64,-19.52,-19.52,-14.64,-39.04,-34.16,-53.68
34.16,0,-34.16,-14.64,34.16,-19.52,-24.4,-24.4,-14.64,-39.04,-34.16,-53.68
48.8,19.52,-29.28,-34.16,39.04,-4.88,-34.16,-34.16,-24.4,-48.8,-39.04,-63.44
43.92,14.64,-29.28,-29.28,34.16,-9.76,-34.16,-29.28,-14.64,-48.8,-39.04,-63.44
43.92,9.76,-34.16,-24.4,39.04,-14.64,-29.28,-24.4,-14.64,-43.92,-34.16,-63.44
63.44,24.4,-39.04,-43.92,48.8,-9.76,-39.04,-29.28,-19.52,-48.8,-39.04,-73.2
63.44,19.52,-43.92,-39.04,53.68,-14.64,-39.04,-29.28,-24.4,-53.68,-43.92,-68.32
63.44,14.64,-48.8,-39.04,53.68,-19.52,-29.28,-19.52,-14.64,-53.68,-39.04,-58.56
43.92,9.76,-34.16,-24.4,39.04,-14.64,-29.28,-14.64,-19.52,-53.68,-39.04,-58.56
29.28,9.76,-19.52,-19.52,24.4,-4.88,-19.52,-9.76,-9.76,-48.8,-39.04,-53.68
14.64,14.64,0,-14.64,4.88,4.88,-9.76,0,0,-39.04,-29.28,-43.92
19.52,9.76,-9.76,-14.64,14.64,0,-19.52,-4.88,-4.88,-43.92,-34.16,-53.68
29.28,19.52,-9.76,-24.4,19.52,4.88,-14.64,0,0,-43.92,-29.28,-48.8
34.16,19.52,-14.64,-24.4,24.4,0,-19.52,-4.88,4.88,-48.8,-34.16,-48.8
43.92,14.64,-29.28,-29.28,34.16,-9.76,-24.4,0,4.88,-43.92,-29.28,-53.68
34.16,24.4,-9.76,-29.28,19.52,4.88,-14.64,9.76,9.76,-39.04,-24.4,-48.8
4.88,39.04,34.16,-19.52,-14.64,34.16,-4.88,19.52,14.64,-29.28,-19.52,-39.04
34.16,24.4,-9.76,-29.28,19.52,4.88,-14.64,14.64,9.76,-39.04,-29.28,-48.8
78.08,14.64,-63.44,-43.92,68.32,-24.4,-24.4,0,-4.88,-48.8,-39.04,-63.44
53.68,4.88,-48.8,-29.28,48.8,-24.4,-19.52,0,-4.88,-53.68,-43.92,-58.56
43.92,14.64,-29.28,-29.28,34.16,-9.76,-14.64,4.88,4.88,-43.92,-34.16,-48.8
39.04,14.64,-24.4,-24.4,29.28,-4.88,-19.52,9.76,9.76,-34.16,-29.28,-48.8
19.52,14.64,-4.88,-14.64,9.76,4.88,-9.76,14.64,14.64,-29.28,-19.52,-43.92
43.92,14.64,-29.28,-29.28,34.16,-9.76,-14.64,9.76,14.64,-34.16,-24.4,-48.8
43.92,9.76,-34.16,-24.4,39.04,-14.64,-19.52,14.64,19.52,-24.4,-19.52,-48.8
24.4,14.64,-9.76,-19.52,14.64,0,0,34.16,39.04,-9.76,0,-34.16
24.4,29.28,4.88,-24.4,9.76,14.64,4.88,39.04,34.16,-4.88,0,-24.4
29.28,14.64,-14.64,-19.52,19.52,0,0,34.16,29.28,-9.76,-4.88,-29.28
39.04,4.88,-34.16,-19.52,34.16,-14.64,-4.88,34.16,29.28,-9.76,-9.76,-29.28
39.04,19.52,-19.52,-29.28,29.28,0,0,24.4,29.28,-14.64,-14.64,-29.28
43.92,19.52,-24.4,-29.28,34.16,-4.88,0,29.28,29.28,-14.64,-9.76,-29.28
43.92,9.76,-34.16,-24.4,39.04,-14.64,0,29.28,39.04,-9.76,-9.76,-29.28
58.56,9.76,-48.8,-34.16,53.68,-19.52,-9.76,19.52,24.4,-14.64,-14.64,-34.16
53.68,4.88,-48.8,-29.28,48.8,-24.4,-9.76,24.4,34.16,-4.88,-9.76,-29.28
39.04,9.76,-29.28,-24.4,34.16,-9.76,0,34.16,39.04,4.88,4.88,-19.52
14.64,4.88,-9.76,-9.76,9.76,-4.88,4.88,43.92,43.92,9.76,14.64,-9.76
24.4,19.52,-4.88,-19.52,14.64,4.88,4.88,43.92,48.8,9.76,14.64,-4.88
48.8,19.52,-29.28,-34.16,39.04,-4.88,-9.76,34.16,34.16,0,4.88,-14.64
48.8,24.4,-24.4,-34.16,34.16,0,-9.76,24.4,29.28,-4.88,0,-19.52
48.8,53.68,4.88,-48.8,19.52,29.28,-9.76,19.52,19.52,-14.64,-9.76,-19.52
48.8,29.28,-19.52,-39.04,34.16,4.88,0,29.28,29.28,-4.88,-4.88,-14.64
34.16,-9.76,-43.92,-9.76,39.04,-29.28,9.76,43.92,58.56,19.52,14.64,0
14.64,14.64,0,-14.64,4.88,4.88,4.88,34.16,48.8,9.76,9.76,-4.88
14.64,24.4,9.76,-19.52,0,14.64,0,29.28,43.92,14.64,9.76,-9.76
43.92,24.4,-19.52,-34.16,29.28,0,-4.88,24.4,43.92,9.76,9.76,-14.64
48.8,29.28,-19.52,-39.04,34.16,4.88,-14.64,19.52,34.16,4.88,0,-24.4
43.92,29.28,-14.64,-34.16,29.28,4.88,-4.88,24.4,29.28,4.88,4.88,-9.76
39.04,24.4,-14.64,-29.28,24.4,4.88,0,29.28,39.04,14.64,19.52,0
53.68,-4.88,-58.56,-24.4,53.68,-34.16,4.88,29.28,39.04,14.64,19.52,0
58.56,-24.4,-82.96,-14.64,68.32,-53.68,9.76,34.16,43.92,19.52,19.52,4.88
63.44,0,-63.44,-29.28,63.44,-34.16,4.88,24.4,34.16,9.76,9.76,-4.88
29.28,9.76,-19.52,-19.52,24.4,-4.88,9.76,29.28,43.92,24.4,19.52,4.88
39.04,14.64,-24.4,-24.4,29.28,-4.88,4.88,24.4,43.92,19.52,19.52,4.88
58.56,4.88,-53.68,-29.28,53.68,-24.4,-9.76,14.64,34.16,9.76,9.76,-4.88
58.56,0,-58.56,-29.28,58.56,-29.28,-9.76,14.64,34.16,9.76,14.64,-4.88
63.44,4.88,-58.56,-34.16,58.56,-29.28,-4.88,19.52,43.92,14.64,14.64,0
9.76,14.64,4.88,-9.76,0,9.76,4.88,29.28,43.92,24.4,24.4,9.76
-48.8,4.88,53.68,24.4,-53.68,29.28,34.16,48.8,68.32,48.8,48.8,34.16
-14.64,4.88,19.52,4.88,-19.52,9.76,34.16,39.04,58.56,34.16,43.92,29.28
-4.88,9.76,14.64,0,-9.76,9.76,24.4,29.28,48.8,24.4,29.28,24.4
14.64,19.52,4.88,-14.64,4.88,9.76,19.52,29.28,48.8,24.4,29.28,19.52
29.28,19.52,-9.76,-24.4,19.52,4.88,14.64,24.4,43.92,19.52,19.52,14.64
24.4,4.88,-19.52,-14.64,19.52,-9.76,14.64,19.52,39.04,19.52,19.52,14.64
9.76,9.76,0,-9.76,4.88,4.88,14.64,29.28,48.8,24.4,19.52,19.52
-24.4,0,24.4,14.64,-24.4,9.76,24.4,34.16,53.68,34.16,34.16,24.4
-14.64,14.64,29.28,0,-24.4,19.52,24.4,29.28,48.8,29.28,29.28,29.28
9.76,4.88,-4.88,-4.88,4.88,0,19.52,24.4,39.04,24.4,24.4,24.4
-9.76,-19.52,-9.76,14.64,0,-14.64,29.28,24.4,43.92,29.28,34.16,34.16
-24.4,-24.4,0,24.4,-14.64,-14.64,39.04,34.16,48.8,29.28,39.04,39.04
-4.88,-19.52,-14.64,14.64,4.88,-19.52,34.16,29.28,43.92,24.4,29.28,34.16
4.88,-9.76,-14.64,4.88,9.76,-14.64,19.52,19.52,39.04,19.52,24.4,24.4
-9.76,4.88,14.64,4.88,-14.64,9.76,29.28,24.4,43.92,24.4,29.28,39.04
-34.16,9.76,43.92,14.64,-39.04,24.4,34.16,29.28,48.8,29.28,34.16,39.04
-14.64,14.64,29.28,0,-24.4,19.52,24.4,19.52,43.92,19.52,24.4,29.28
14.64,19.52,4.88,-14.64,4.88,9.76,14.64,14.64,29.28,19.52,24.4,24.4
0,9.76,9.76,-4.88,-4.88,9.76,19.52,19.52,39.04,24.4,24.4,29.28
0,4.88,4.88,0,-4.88,4.88,19.52,14.64,29.28,14.64,19.52,24.4
9.76,-9.76,-19.52,0,14.64,-14.64,19.52,9.76,24.4,9.76,14.64,24.4
4.88,-14.64,-19.52,4.88,9.76,-19.52,24.4,14.64,29.28,19.52,19.52,29.28
4.88,-4.88,-9.76,0,4.88,-9.76,24.4,14.64,34.16,14.64,19.52,34.16
14.64,-24.4,-39.04,4.88,24.4,-34.16,24.4,19.52,34.16,14.64,24.4,34.16
24.4,-19.52,-43.92,0,34.16,-34.16,29.28,19.52,29.28,14.64,24.4,34.16
-9.76,-19.52,-9.76,14.64,0,-14.64,24.4,19.52,34.16,19.52,24.4,34.16
