I,II,III,aVR,aVL,aVF,V1,V2,V3,V4,V5,V6
-234.24,-253.76,-19.52,244,-107.36,-136.64,-39.04,-68.32,19.52,29.28,224.48,3884.48
-234.24,-253.76,-19.52,244,-107.36,-136.64,-39.04,-68.32,19.52,29.28,224.48,3884.48
-234.24,-253.76,-19.52,244,-107.36,-136.64,-39.04,-68.32,19.52,29.28,224.48,3884.48
-234.24,-253.76,-19.52,244,-107.36,-136.64,-39.04,-68.32,19.52,29.28,224.48,3884.48
-244,-263.52,-19.52,253.76,-112.24,-141.52,-48.8,-68.32,9.76,29.28,214.72,3879.6
-244,-263.52,-19.52,253.76,-112.24,-141.52,-48.8,-68.32,9.76,29.28,214.72,3874.72
-244,-263.52,-19.52,253.76,-112.24,-141.52,-48.8,-68.32,9.76,29.28,214.72,3869.84
-244,-263.52,-19.52,253.76,-112.24,-141.52,-48.8,-68.32,9.76,29.28,214.72,3864.96
-244,-248.88,-4.88,248.88,-122,-126.88,-39.04,-78.08,0,24.4,204.96,3850.32
-244,-244,0,244,-122,-122,-39.04,-78.08,0,19.52,204.96,3845.44
-244,-239.12,4.88,244,-126.88,-117.12,-39.04,-78.08,0,14.64,204.96,3840.56
-244,-234.24,9.76,239.12,-126.88,-112.24,-39.04,-78.08,0,9.76,204.96,3835.68
-224.48,-214.72,9.76,219.6,-117.12,-102.48,-29.28,-73.2,14.64,14.64,219.6,3840.56
-214.72,-204.96,9.76,209.84,-112.24,-97.6,-29.28,-68.32,19.52,19.52,224.48,3845.44
-204.96,-195.2,9.76,200.08,-107.36,-92.72,-29.28,-63.44,24.4,24.4,229.36,3850.32
-195.2,-185.44,9.76,190.32,-102.48,-87.84,-29.28,-58.56,29.28,29.28,234.24,3855.2
-209.84,-209.84,0,209.84,-107.36,-107.36,-34.16,-68.32,29.28,29.28,234.24,3840.56
-214.72,-224.48,-9.76,219.6,-102.48,-117.12,-39.04,-68.32,29.28,29.28,234.24,3835.68
-219.6,-239.12,-19.52,229.36,-102.48,-131.76,-43.92,-68.32,29.28,29.28,234.24,3830.8
-224.48,-253.76,-29.28,239.12,-97.6,-141.52,-48.8,-68.32,29.28,29.28,234.24,3825.92
-209.84,-234.24,-24.4,224.48,-92.72,-131.76,-39.04,-68.32,19.52,29.28,224.48,3816.16
-204.96,-224.48,-19.52,214.72,-92.72,-122,-39.04,-68.32,19.52,29.28,224.48,3816.16
-200.08,-214.72,-14.64,209.84,-92.72,-117.12,-39.04,-68.32,19.52,29.28,224.48,3816.16
-195.2,-204.96,-9.76,200.08,-92.72,-107.36,-39.04,-68.32,19.52,29.28,224.48,3816.16
-195.2,-200.08,-4.88,200.08,-97.6,-102.48,-39.04,-58.56,24.4,34.16,239.12,3816.16
-195.2,-195.2,0,195.2,-97.6,-97.6,-39.04,-58.56,29.28,39.04,244,3816.16
-195.2,-190.32,4.88,195.2,-102.48,-92.72,-39.04,-58.56,34.16,43.92,248.88,3816.16
-195.2,-185.44,9.76,190.32,-102.48,-87.84,-39.04,-58.56,39.04,48.8,253.76,3816.16
-190.32,-185.44,4.88,190.32,-97.6,-92.72,-48.8,-68.32,29.28,39.04,248.88,3806.4
-185.44,-185.44,0,185.44,-92.72,-92.72,-48.8,-68.32,29.28,39.04,244,3806.4
-180.56,-185.44,-4.88,185.44,-87.84,-97.6,-48.8,-68.32,29.28,39.04,239.12,3806.4
-175.68,-185.44,-9.76,180.56,-82.96,-97.6,-48.8,-68.32,29.28,39.04,234.24,3796.64
-185.44,-200.08,-14.64,195.2,-87.84,-107.36,-34.16,-58.56,9.76,29.28,234.24,3791.76
-190.32,-209.84,-19.52,200.08,-87.84,-117.12,-34.16,-63.44,19.52,29.28,229.36,3786.88
-200.08,-219.6,-19.52,209.84,-92.72,-122,-34.16,-63.44,19.52,34.16,224.48,3782
-209.84,-219.6,-9.76,214.72,-102.48,-117.12,-34.16,-63.44,24.4,39.04,219.6,3777.12
-209.84,-214.72,-4.88,214.72,-102.48,-112.24,-39.04,-68.32,19.52,34.16,209.84,3762.48
-214.72,-219.6,-4.88,219.6,-107.36,-112.24,-39.04,-73.2,14.64,24.4,214.72,3762.48
-219.6,-229.36,-9.76,224.48,-107.36,-122,-43.92,-78.08,9.76,14.64,214.72,3752.72
-224.48,-244,-19.52,234.24,-102.48,-131.76,-43.92,-87.84,4.88,9.76,214.72,3747.84
-209.84,-219.6,-9.76,214.72,-102.48,-117.12,-34.16,-87.84,4.88,19.52,204.96,3738.08
-204.96,-200.08,4.88,204.96,-107.36,-97.6,-34.16,-87.84,-9.76,14.64,204.96,3728.32
-204.96,-200.08,4.88,204.96,-107.36,-97.6,-34.16,-87.84,-9.76,14.64,200.08,3723.44
-200.08,-190.32,9.76,195.2,-107.36,-92.72,-43.92,-87.84,-9.76,19.52,200.08,3723.44
-209.84,-200.08,9.76,204.96,-112.24,-97.6,-34.16,-73.2,-4.88,19.52,204.96,3713.68
-204.96,-195.2,9.76,200.08,-107.36,-92.72,-29.28,-68.32,9.76,24.4,209.84,3718.56
-214.72,-195.2,19.52,204.96,-117.12,-87.84,-29.28,-68.32,9.76,24.4,209.84,3718.56
-224.48,-195.2,29.28,209.84,-126.88,-82.96,-24.4,-68.32,9.76,24.4,209.84,3718.56
-219.6,-190.32,29.28,204.96,-126.88,-82.96,-19.52,-78.08,9.76,19.52,209.84,3708.8
-219.6,-185.44,34.16,204.96,-126.88,-78.08,0,-68.32,14.64,29.28,214.72,3708.8
-219.6,-190.32,29.28,204.96,-126.88,-82.96,14.64,-58.56,19.52,29.28,224.48,3713.68
-219.6,-200.08,19.52,209.84,-122,-92.72,19.52,-58.56,19.52,29.28,224.48,3713.68
-214.72,-200.08,14.64,209.84,-117.12,-92.72,14.64,-63.44,19.52,29.28,214.72,3713.68
-224.48,-200.08,24.4,214.72,-126.88,-87.84,14.64,-63.44,14.64,29.28,214.72,3708.8
-224.48,-195.2,29.28,209.84,-126.88,-82.96,14.64,-63.44,14.64,29.28,219.6,3703.92
-209.84,-175.68,34.16,195.2,-122,-73.2,19.52,-63.44,24.4,29.28,219.6,3699.04
-209.84,-156.16,53.68,185.44,-131.76,-53.68,4.88,-68.32,34.16,43.92,219.6,3703.92
-214.72,-146.4,68.32,180.56,-141.52,-39.04,0,-48.8,39.04,48.8,229.36,3713.68
-214.72,-146.4,68.32,180.56,-141.52,-39.04,-9.76,-48.8,48.8,58.56,234.24,3713.68
-219.6,-146.4,73.2,185.44,-146.4,-39.04,-19.52,-58.56,48.8,58.56,244,3708.8
-209.84,-156.16,53.68,185.44,-131.76,-53.68,-34.16,-78.08,43.92,48.8,224.48,3694.16
-209.84,-161.04,48.8,185.44,-131.76,-58.56,-34.16,-68.32,39.04,48.8,224.48,3694.16
-195.2,-151.28,43.92,175.68,-122,-53.68,-29.28,-68.32,39.04,53.68,229.36,3699.04
-185.44,-146.4,39.04,165.92,-112.24,-53.68,-29.28,-58.56,43.92,63.44,244,3703.92
-175.68,-146.4,29.28,161.04,-102.48,-58.56,-9.76,-34.16,58.56,78.08,253.76,3708.8
-170.8,-156.16,14.64,165.92,-92.72,-73.2,-9.76,-34.16,58.56,78.08,253.76,3703.92
-165.92,-156.16,9.76,161.04,-87.84,-73.2,-19.52,-48.8,48.8,73.2,248.88,3699.04
-161.04,-170.8,-9.76,165.92,-78.08,-92.72,-29.28,-58.56,43.92,73.2,239.12,3684.4
-165.92,-190.32,-24.4,180.56,-73.2,-107.36,-39.04,-63.44,29.28,58.56,229.36,3674.64
-165.92,-190.32,-24.4,180.56,-73.2,-107.36,-43.92,-73.2,24.4,53.68,229.36,3660
-170.8,-190.32,-19.52,180.56,-78.08,-107.36,-48.8,-87.84,19.52,43.92,224.48,3645.36
-185.44,-204.96,-19.52,195.2,-82.96,-112.24,-58.56,-92.72,14.64,34.16,224.48,3635.6
-185.44,-209.84,-24.4,200.08,-82.96,-117.12,-48.8,-97.6,14.64,34.16,219.6,3630.72
-175.68,-200.08,-24.4,190.32,-78.08,-112.24,-63.44,-107.36,4.88,34.16,214.72,3620.96
-165.92,-175.68,-9.76,170.8,-78.08,-92.72,-73.2,-107.36,-9.76,24.4,200.08,3616.08
-156.16,-175.68,-19.52,165.92,-68.32,-97.6,-73.2,-112.24,-9.76,29.28,200.08,3611.2
-170.8,-200.08,-29.28,185.44,-73.2,-117.12,-73.2,-122,-4.88,24.4,180.56,3601.44
-195.2,-224.48,-29.28,209.84,-82.96,-126.88,-68.32,-117.12,-4.88,24.4,180.56,3596.56
-209.84,-244,-34.16,229.36,-87.84,-141.52,-58.56,-112.24,-4.88,29.28,190.32,3591.68
-219.6,-258.64,-39.04,239.12,-92.72,-151.28,-53.68,-112.24,-4.88,29.28,190.32,3586.8
-234.24,-253.76,-19.52,244,-107.36,-136.64,-53.68,-117.12,-19.52,14.64,180.56,3567.28
-244,-268.4,-24.4,258.64,-112.24,-146.4,-53.68,-122,-24.4,4.88,170.8,3562.4
-268.4,-273.28,-4.88,273.28,-131.76,-141.52,-58.56,-136.64,-29.28,0,170.8,3557.52
-278.16,-268.4,9.76,273.28,-146.4,-131.76,-58.56,-146.4,-34.16,-14.64,165.92,3547.76
-273.28,-273.28,0,273.28,-136.64,-136.64,-53.68,-146.4,-29.28,-4.88,161.04,3547.76
-273.28,-283.04,-9.76,278.16,-131.76,-146.4,-58.56,-151.28,-34.16,-4.88,161.04,3542.88
-268.4,-287.92,-19.52,278.16,-126.88,-156.16,-58.56,-146.4,-39.04,-4.88,156.16,3538
-258.64,-292.8,-34.16,278.16,-112.24,-165.92,-58.56,-146.4,-34.16,0,146.4,3533.12
-248.88,-283.04,-34.16,268.4,-107.36,-161.04,-68.32,-156.16,-39.04,-14.64,136.64,3523.36
-239.12,-268.4,-29.28,253.76,-107.36,-151.28,-68.32,-161.04,-39.04,-14.64,136.64,3518.48
-229.36,-263.52,-34.16,248.88,-97.6,-151.28,-63.44,-161.04,-43.92,-24.4,131.76,3508.72
-219.6,-248.88,-29.28,234.24,-97.6,-141.52,-63.44,-161.04,-43.92,-24.4,131.76,3503.84
-234.24,-268.4,-34.16,253.76,-102.48,-151.28,-73.2,-170.8,-48.8,-4.88,141.52,3494.08
-263.52,-283.04,-19.52,273.28,-122,-151.28,-73.2,-170.8,-48.8,0,141.52,3494.08
-287.92,-312.32,-24.4,302.56,-131.76,-170.8,-73.2,-170.8,-48.8,4.88,141.52,3494.08
-312.32,-326.96,-14.64,322.08,-151.28,-170.8,-73.2,-170.8,-48.8,9.76,141.52,3494.08
-287.92,-307.44,-19.52,297.68,-136.64,-165.92,-78.08,-170.8,-58.56,19.52,136.64,3479.44
-283.04,-287.92,-4.88,287.92,-141.52,-146.4,-82.96,-170.8,-58.56,19.52,131.76,3474.56
-283.04,-283.04,0,283.04,-141.52,-141.52,-97.6,-180.56,-68.32,14.64,122,3464.8
-287.92,-283.04,4.88,287.92,-146.4,-141.52,-107.36,-180.56,-68.32,9.76,117.12,3455.04
-292.8,-307.44,-14.64,302.56,-141.52,-161.04,-102.48,-180.56,-63.44,24.4,122,3455.04
-292.8,-307.44,-14.64,302.56,-141.52,-161.04,-92.72,-180.56,-58.56,29.28,126.88,3455.04
-283.04,-307.44,-24.4,297.68,-131.76,-165.92,-87.84,-180.56,-53.68,34.16,131.76,3455.04
-273.28,-307.44,-34.16,292.8,-122,-170.8,-82.96,-180.56,-48.8,39.04,136.64,3455.04
-292.8,-302.56,-9.76,297.68,-141.52,-156.16,-87.84,-180.56,-48.8,39.04,131.76,3450.16
-307.44,-302.56,4.88,307.44,-156.16,-151.28,-92.72,-180.56,-48.8,39.04,126.88,3445.28
-331.84,-322.08,9.76,326.96,-170.8,-156.16,-97.6,-180.56,-48.8,39.04,126.88,3440.4
-356.24,-326.96,29.28,341.6,-195.2,-151.28,-102.48,-180.56,-48.8,39.04,126.88,3435.52
-341.6,-317.2,24.4,331.84,-185.44,-146.4,-97.6,-170.8,-43.92,43.92,131.76,3445.28
-317.2,-312.32,4.88,317.2,-161.04,-156.16,-92.72,-170.8,-39.04,53.68,131.76,3445.28
-302.56,-312.32,-9.76,307.44,-146.4,-161.04,-87.84,-165.92,-29.28,58.56,131.76,3445.28
-297.68,-317.2,-19.52,307.44,-141.52,-170.8,-78.08,-165.92,-24.4,63.44,136.64,3445.28
-312.32,-307.44,4.88,312.32,-161.04,-151.28,-68.32,-170.8,-24.4,53.68,136.64,3435.52
-322.08,-302.56,19.52,312.32,-170.8,-141.52,-68.32,-170.8,-29.28,48.8,136.64,3430.64
-326.96,-283.04,43.92,307.44,-185.44,-122,-73.2,-170.8,-29.28,48.8,136.64,3425.76
-336.72,-292.8,43.92,317.2,-190.32,-126.88,-73.2,-170.8,-29.28,48.8,131.76,3425.76
-341.6,-297.68,43.92,322.08,-195.2,-126.88,-82.96,-175.68,-34.16,39.04,126.88,3425.76
-336.72,-312.32,24.4,326.96,-180.56,-146.4,-82.96,-175.68,-34.16,39.04,122,3420.88
-336.72,-326.96,9.76,331.84,-175.68,-161.04,-78.08,-170.8,-34.16,39.04,117.12,3416
-341.6,-341.6,0,341.6,-170.8,-170.8,-73.2,-161.04,-39.04,39.04,112.24,3406.24
-361.12,-302.56,58.56,331.84,-209.84,-122,-53.68,-146.4,-19.52,48.8,131.76,3401.36
-322.08,-239.12,82.96,283.04,-204.96,-78.08,-39.04,-131.76,-9.76,58.56,126.88,3401.36
-287.92,-248.88,39.04,268.4,-165.92,-107.36,-9.76,-87.84,19.52,87.84,156.16,3401.36
-326.96,-292.8,34.16,312.32,-180.56,-131.76,14.64,-14.64,63.44,117.12,175.68,3411.12
-356.24,-268.4,87.84,312.32,-224.48,-92.72,39.04,68.32,107.36,156.16,185.44,3416
-326.96,-180.56,146.4,253.76,-239.12,-19.52,73.2,180.56,180.56,214.72,224.48,3435.52
-292.8,-136.64,156.16,214.72,-224.48,9.76,117.12,307.44,273.28,307.44,273.28,3484.32
-273.28,-117.12,156.16,195.2,-214.72,19.52,161.04,424.56,375.76,409.92,351.36,3542.88
-234.24,-63.44,170.8,151.28,-204.96,53.68,200.08,561.2,483.12,517.28,424.56,3601.44
-195.2,-43.92,151.28,122,-175.68,53.68,204.96,697.84,605.12,639.28,522.16,3684.4
-161.04,-29.28,131.76,97.6,-146.4,48.8,214.72,839.36,746.64,766.16,634.4,3772.24
-73.2,29.28,102.48,24.4,-87.84,63.44,234.24,980.88,888.16,907.68,732,3860.08
24.4,112.24,87.84,-68.32,-34.16,97.6,180.56,1010.16,990.64,1029.68,824.72,3933.28
63.44,156.16,92.72,-107.36,-14.64,122,34.16,883.28,1034.56,1102.88,912.56,4001.6
87.84,190.32,102.48,-136.64,-9.76,146.4,-126.88,717.36,1063.84,1161.44,971.12,4060.16
151.28,195.2,43.92,-170.8,53.68,117.12,-268.4,600.24,1088.24,1210.24,995.52,4084.56
200.08,151.28,-48.8,-175.68,122,48.8,-385.52,551.44,1107.76,1239.52,985.76,4074.8
180.56,117.12,-63.44,-146.4,122,24.4,-453.84,522.16,1117.52,1239.52,961.36,4045.52
126.88,141.52,14.64,-131.76,53.68,78.08,-492.88,385.52,1039.44,1171.2,902.8,3996.72
48.8,107.36,58.56,-78.08,-4.88,82.96,-517.28,170.8,854,995.52,785.68,3899.12
-63.44,-53.68,9.76,58.56,-39.04,-24.4,-517.28,14.64,600.24,722.24,580.72,3718.56
-126.88,-209.84,-82.96,170.8,-24.4,-146.4,-527.04,-82.96,370.88,473.36,370.88,3552.64
-180.56,-297.68,-117.12,239.12,-34.16,-209.84,-546.56,-219.6,175.68,263.52,234.24,3425.76
-253.76,-341.6,-87.84,297.68,-82.96,-214.72,-536.8,-400.16,-29.28,68.32,112.24,3313.52
-268.4,-351.36,-82.96,312.32,-92.72,-219.6,-483.12,-561.2,-204.96,-82.96,29.28,3245.2
-263.52,-366,-102.48,317.2,-82.96,-234.24,-434.32,-590.48,-268.4,-136.64,4.88,3220.8
-263.52,-390.4,-126.88,326.96,-68.32,-258.64,-390.4,-468.48,-219.6,-107.36,19.52,3230.56
-268.4,-400.16,-131.76,336.72,-68.32,-268.4,-366,-366,-180.56,-82.96,24.4,3220.8
-268.4,-405.04,-136.64,336.72,-68.32,-273.28,-351.36,-346.48,-185.44,-82.96,24.4,3215.92
-287.92,-414.8,-126.88,351.36,-82.96,-273.28,-336.72,-341.6,-180.56,-82.96,24.4,3206.16
-258.64,-405.04,-146.4,331.84,-58.56,-278.16,-302.56,-326.96,-151.28,-53.68,29.28,3206.16
-170.8,-400.16,-229.36,287.92,29.28,-317.2,-244,-287.92,-112.24,-19.52,48.8,3211.04
-175.68,-444.08,-268.4,312.32,43.92,-356.24,-185.44,-253.76,-82.96,4.88,68.32,3211.04
-287.92,-478.24,-190.32,385.52,-48.8,-336.72,-165.92,-244,-92.72,-4.88,73.2,3201.28
-307.44,-439.2,-131.76,375.76,-87.84,-287.92,-165.92,-229.36,-97.6,-14.64,63.44,3206.16
-234.24,-370.88,-136.64,302.56,-48.8,-253.76,-146.4,-219.6,-78.08,-4.88,73.2,3211.04
-229.36,-361.12,-131.76,297.68,-48.8,-248.88,-126.88,-165.92,-78.08,-4.88,78.08,3225.68
-297.68,-375.76,-78.08,336.72,-112.24,-229.36,-131.76,-151.28,-82.96,-14.64,73.2,3215.92
-312.32,-341.6,-29.28,326.96,-141.52,-185.44,-136.64,-175.68,-78.08,-14.64,78.08,3225.68
-292.8,-312.32,-19.52,302.56,-136.64,-165.92,-102.48,-136.64,-53.68,14.64,102.48,3240.32
-263.52,-292.8,-29.28,278.16,-117.12,-161.04,-92.72,-165.92,-53.68,24.4,102.48,3240.32
-268.4,-287.92,-19.52,278.16,-126.88,-156.16,-78.08,-165.92,-43.92,34.16,117.12,3240.32
-268.4,-297.68,-29.28,283.04,-122,-165.92,-63.44,-156.16,-29.28,39.04,117.12,3225.68
-268.4,-307.44,-39.04,287.92,-117.12,-175.68,-58.56,-141.52,-19.52,39.04,117.12,3220.8
-268.4,-322.08,-53.68,297.68,-107.36,-190.32,-58.56,-136.64,-14.64,34.16,112.24,3220.8
-258.64,-302.56,-43.92,283.04,-107.36,-175.68,-58.56,-141.52,-29.28,24.4,102.48,3206.16
-258.64,-302.56,-43.92,283.04,-107.36,-175.68,-58.56,-151.28,-29.28,24.4,102.48,3201.28
-263.52,-283.04,-19.52,273.28,-122,-151.28,-58.56,-165.92,-34.16,14.64,117.12,3201.28
-253.76,-258.64,-4.88,258.64,-126.88,-131.76,-63.44,-175.68,-39.04,14.64,117.12,3196.4
-248.88,-248.88,0,248.88,-126.88,-126.88,-53.68,-165.92,-29.28,24.4,122,3186.64
-248.88,-253.76,-4.88,253.76,-122,-131.76,-48.8,-151.28,-24.4,29.28,122,3196.4
-253.76,-268.4,-14.64,263.52,-122,-141.52,-39.04,-131.76,-24.4,34.16,122,3201.28
-258.64,-273.28,-14.64,268.4,-122,-146.4,-34.16,-112.24,-24.4,34.16,126.88,3206.16
-283.04,-287.92,-4.88,287.92,-141.52,-146.4,-34.16,-122,-29.28,34.16,122,3196.4
-287.92,-307.44,-19.52,297.68,-136.64,-165.92,-29.28,-126.88,-24.4,29.28,117.12,3181.76
-292.8,-317.2,-24.4,307.44,-136.64,-170.8,-34.16,-126.88,-24.4,24.4,107.36,3172
-302.56,-317.2,-14.64,312.32,-146.4,-165.92,-43.92,-136.64,-24.4,14.64,97.6,3152.48
-297.68,-312.32,-14.64,307.44,-141.52,-165.92,-43.92,-136.64,-39.04,4.88,97.6,3142.72
-292.8,-312.32,-19.52,302.56,-136.64,-165.92,-43.92,-141.52,-39.04,4.88,102.48,3142.72
-273.28,-312.32,-39.04,292.8,-117.12,-175.68,-43.92,-141.52,-39.04,4.88,112.24,3152.48
-268.4,-307.44,-39.04,287.92,-117.12,-175.68,-48.8,-151.28,-34.16,9.76,112.24,3152.48
-268.4,-312.32,-43.92,292.8,-112.24,-180.56,-58.56,-161.04,-34.16,9.76,102.48,3147.6
-263.52,-312.32,-48.8,287.92,-107.36,-180.56,-58.56,-161.04,-34.16,9.76,102.48,3147.6
-263.52,-317.2,-53.68,292.8,-107.36,-185.44,-48.8,-146.4,-29.28,14.64,107.36,3142.72
-273.28,-317.2,-43.92,297.68,-117.12,-180.56,-39.04,-131.76,-24.4,19.52,112.24,3147.6
-258.64,-322.08,-63.44,292.8,-97.6,-195.2,-39.04,-122,-14.64,19.52,112.24,3137.84
-253.76,-312.32,-58.56,283.04,-97.6,-185.44,-43.92,-122,-14.64,14.64,112.24,3128.08
-258.64,-302.56,-43.92,283.04,-107.36,-175.68,-43.92,-122,-14.64,14.64,112.24,3128.08
-253.76,-287.92,-34.16,273.28,-112.24,-161.04,-48.8,-122,-14.64,14.64,112.24,3132.96
-224.48,-292.8,-68.32,258.64,-78.08,-180.56,-48.8,-126.88,-19.52,14.64,122,3132.96
-224.48,-268.4,-43.92,248.88,-92.72,-156.16,-48.8,-126.88,-19.52,9.76,122,3132.96
-224.48,-283.04,-58.56,253.76,-82.96,-170.8,-58.56,-131.76,-19.52,4.88,117.12,3132.96
-229.36,-283.04,-53.68,258.64,-87.84,-170.8,-58.56,-131.76,-14.64,4.88,112.24,3128.08
-239.12,-283.04,-43.92,263.52,-97.6,-165.92,-53.68,-131.76,-14.64,9.76,117.12,3118.32
-239.12,-297.68,-58.56,268.4,-92.72,-180.56,-43.92,-122,-14.64,14.64,117.12,3113.44
-239.12,-297.68,-58.56,268.4,-92.72,-180.56,-39.04,-112.24,-4.88,14.64,117.12,3108.56
-234.24,-292.8,-58.56,263.52,-87.84,-175.68,-34.16,-107.36,-4.88,24.4,126.88,3108.56
-219.6,-278.16,-58.56,248.88,-82.96,-170.8,-43.92,-107.36,0,29.28,122,3113.44
-214.72,-287.92,-73.2,253.76,-73.2,-180.56,-48.8,-107.36,0,29.28,131.76,3113.44
-209.84,-292.8,-82.96,253.76,-63.44,-190.32,-58.56,-122,-4.88,24.4,131.76,3108.56
-219.6,-302.56,-82.96,263.52,-68.32,-195.2,-68.32,-122,-4.88,24.4,131.76,3098.8
-229.36,-312.32,-82.96,273.28,-73.2,-200.08,-68.32,-126.88,-4.88,29.28,126.88,3084.16
-204.96,-297.68,-92.72,253.76,-58.56,-195.2,-68.32,-122,-4.88,29.28,126.88,3084.16
-185.44,-292.8,-107.36,239.12,-39.04,-200.08,-73.2,-122,-9.76,34.16,126.88,3084.16
-185.44,-287.92,-102.48,239.12,-43.92,-195.2,-73.2,-117.12,-14.64,34.16,126.88,3079.28
-209.84,-292.8,-82.96,253.76,-63.44,-190.32,-78.08,-117.12,-19.52,29.28,122,3069.52
-209.84,-283.04,-73.2,248.88,-68.32,-180.56,-82.96,-117.12,-19.52,29.28,117.12,3059.76
-214.72,-273.28,-58.56,244,-78.08,-165.92,-87.84,-122,-19.52,29.28,126.88,3054.88
-214.72,-287.92,-73.2,253.76,-73.2,-180.56,-97.6,-131.76,-19.52,29.28,122,3050
-219.6,-297.68,-78.08,258.64,-73.2,-190.32,-92.72,-126.88,-9.76,48.8,136.64,3059.76
-219.6,-297.68,-78.08,258.64,-73.2,-190.32,-92.72,-122,-4.88,53.68,126.88,3050
-214.72,-307.44,-92.72,263.52,-63.44,-200.08,-87.84,-112.24,4.88,53.68,131.76,3050
-209.84,-287.92,-78.08,248.88,-68.32,-185.44,-82.96,-107.36,9.76,53.68,156.16,3054.88
-200.08,-258.64,-58.56,229.36,-73.2,-161.04,-73.2,-117.12,4.88,58.56,161.04,3045.12
-180.56,-229.36,-48.8,204.96,-68.32,-141.52,-87.84,-112.24,4.88,58.56,156.16,3045.12
-170.8,-214.72,-43.92,195.2,-63.44,-131.76,-87.84,-102.48,9.76,63.44,161.04,3040.24
-161.04,-195.2,-34.16,180.56,-63.44,-117.12,-87.84,-97.6,14.64,63.44,156.16,3040.24
-156.16,-175.68,-19.52,165.92,-68.32,-97.6,-97.6,-97.6,24.4,73.2,156.16,3030.48
-156.16,-190.32,-34.16,175.68,-63.44,-112.24,-97.6,-97.6,24.4,73.2,156.16,3035.36
-165.92,-190.32,-24.4,180.56,-73.2,-107.36,-102.48,-97.6,24.4,78.08,161.04,3040.24
-146.4,-190.32,-43.92,170.8,-53.68,-117.12,-102.48,-97.6,24.4,82.96,165.92,3054.88
-141.52,-209.84,-68.32,175.68,-39.04,-141.52,-102.48,-92.72,34.16,92.72,175.68,3054.88
-131.76,-209.84,-78.08,170.8,-29.28,-146.4,-102.48,-92.72,34.16,92.72,175.68,3054.88
-151.28,-234.24,-82.96,195.2,-34.16,-161.04,-97.6,-87.84,39.04,97.6,185.44,3059.76
-165.92,-263.52,-97.6,214.72,-34.16,-180.56,-92.72,-87.84,43.92,107.36,190.32,3069.52
-170.8,-268.4,-97.6,219.6,-39.04,-185.44,-97.6,-78.08,53.68,112.24,195.2,3064.64
-170.8,-268.4,-97.6,219.6,-39.04,-185.44,-102.48,-68.32,58.56,112.24,195.2,3059.76
-156.16,-268.4,-112.24,214.72,-24.4,-190.32,-102.48,-63.44,58.56,117.12,214.72,3059.76
-156.16,-273.28,-117.12,214.72,-19.52,-195.2,-112.24,-63.44,63.44,122,224.48,3059.76
-146.4,-253.76,-107.36,200.08,-19.52,-180.56,-122,-82.96,53.68,112.24,209.84,3054.88
-161.04,-224.48,-63.44,195.2,-48.8,-146.4,-126.88,-92.72,43.92,107.36,204.96,3045.12
-146.4,-214.72,-68.32,180.56,-39.04,-141.52,-131.76,-102.48,43.92,112.24,200.08,3035.36
-131.76,-209.84,-78.08,170.8,-29.28,-146.4,-146.4,-117.12,34.16,112.24,190.32,3025.6
-122,-209.84,-87.84,165.92,-19.52,-151.28,-136.64,-102.48,48.8,126.88,204.96,3035.36
-126.88,-204.96,-78.08,165.92,-24.4,-141.52,-131.76,-97.6,53.68,131.76,214.72,3045.12
-131.76,-204.96,-73.2,170.8,-29.28,-141.52,-126.88,-82.96,58.56,136.64,214.72,3050
-136.64,-209.84,-73.2,175.68,-34.16,-141.52,-117.12,-78.08,73.2,146.4,244,3059.76
-136.64,-204.96,-68.32,170.8,-34.16,-136.64,-131.76,-87.84,82.96,161.04,253.76,3059.76
-131.76,-190.32,-58.56,161.04,-39.04,-126.88,-146.4,-87.84,73.2,161.04,253.76,3064.64
-131.76,-175.68,-43.92,156.16,-43.92,-112.24,-151.28,-97.6,68.32,151.28,248.88,3059.76
-151.28,-170.8,-19.52,161.04,-68.32,-97.6,-165.92,-107.36,68.32,151.28,248.88,3045.12
-151.28,-195.2,-43.92,175.68,-53.68,-122,-180.56,-107.36,73.2,146.4,253.76,3045.12
-136.64,-195.2,-58.56,165.92,-39.04,-126.88,-161.04,-97.6,78.08,151.28,258.64,3050
-126.88,-175.68,-48.8,151.28,-39.04,-112.24,-156.16,-97.6,78.08,151.28,258.64,3054.88
-112.24,-175.68,-63.44,146.4,-24.4,-122,-151.28,-102.48,78.08,151.28,258.64,3054.88
-107.36,-161.04,-53.68,136.64,-29.28,-107.36,-156.16,-102.48,78.08,151.28,258.64,3050
-102.48,-156.16,-53.68,131.76,-24.4,-107.36,-156.16,-102.48,82.96,156.16,253.76,3045.12
-97.6,-146.4,-48.8,122,-24.4,-97.6,-156.16,-107.36,82.96,161.04,253.76,3050
-92.72,-141.52,-48.8,117.12,-24.4,-97.6,-156.16,-112.24,82.96,161.04,258.64,3045.12
-122,-170.8,-48.8,146.4,-39.04,-112.24,-161.04,-180.56,92.72,170.8,263.52,3045.12
-102.48,-165.92,-63.44,136.64,-19.52,-117.12,-161.04,-244,92.72,165.92,268.4,3035.36
-117.12,-170.8,-53.68,146.4,-34.16,-112.24,-156.16,-326.96,92.72,165.92,273.28,3035.36
-126.88,-180.56,-53.68,156.16,-39.04,-117.12,-156.16,-390.4,82.96,175.68,283.04,3035.36
-112.24,-185.44,-73.2,151.28,-19.52,-131.76,-175.68,-297.68,82.96,165.92,283.04,3020.72
-107.36,-185.44,-78.08,146.4,-14.64,-131.76,-165.92,-219.6,82.96,165.92,283.04,3015.84
-102.48,-180.56,-78.08,141.52,-14.64,-131.76,-165.92,-141.52,82.96,165.92,278.16,3010.96
-73.2,-151.28,-78.08,112.24,0,-117.12,-165.92,-63.44,82.96,161.04,268.4,3010.96
-87.84,-136.64,-48.8,112.24,-19.52,-92.72,-151.28,-78.08,92.72,165.92,273.28,3001.2
-107.36,-141.52,-34.16,126.88,-39.04,-87.84,-146.4,-92.72,92.72,170.8,273.28,2991.44
-112.24,-107.36,4.88,112.24,-58.56,-53.68,-136.64,-117.12,92.72,175.68,268.4,2991.44
-117.12,-117.12,0,117.12,-58.56,-58.56,-131.76,-131.76,92.72,175.68,273.28,2981.68
-102.48,-126.88,-24.4,117.12,-39.04,-78.08,-136.64,-146.4,92.72,170.8,263.52,2981.68
-97.6,-131.76,-34.16,117.12,-34.16,-82.96,-141.52,-156.16,82.96,165.92,263.52,2976.8
-102.48,-131.76,-29.28,117.12,-39.04,-82.96,-131.76,-161.04,82.96,165.92,263.52,2976.8
-102.48,-136.64,-34.16,122,-34.16,-87.84,-136.64,-165.92,82.96,161.04,258.64,2976.8
-87.84,-141.52,-53.68,117.12,-19.52,-97.6,-151.28,-170.8,68.32,141.52,244,2957.28
-82.96,-146.4,-63.44,117.12,-9.76,-107.36,-156.16,-170.8,58.56,136.64,244,2947.52
-87.84,-151.28,-63.44,122,-14.64,-107.36,-151.28,-170.8,53.68,131.76,244,2928
-82.96,-141.52,-58.56,112.24,-14.64,-102.48,-151.28,-170.8,39.04,117.12,244,2918.24
-102.48,-141.52,-39.04,122,-34.16,-92.72,-136.64,-165.92,48.8,122,239.12,2923.12
-117.12,-165.92,-48.8,141.52,-34.16,-107.36,-131.76,-156.16,53.68,122,239.12,2923.12
-131.76,-185.44,-53.68,161.04,-39.04,-122,-122,-156.16,53.68,126.88,239.12,2913.36
-141.52,-195.2,-53.68,170.8,-43.92,-126.88,-117.12,-151.28,53.68,122,239.12,2908.48
-131.76,-180.56,-48.8,156.16,-43.92,-117.12,-107.36,-161.04,48.8,117.12,229.36,2884.08
-126.88,-175.68,-48.8,151.28,-39.04,-112.24,-107.36,-170.8,43.92,107.36,229.36,2869.44
-126.88,-170.8,-43.92,151.28,-43.92,-107.36,-102.48,-161.04,43.92,102.48,229.36,2864.56
-122,-170.8,-48.8,146.4,-39.04,-112.24,-92.72,-151.28,39.04,97.6,224.48,2864.56
-146.4,-165.92,-19.52,156.16,-63.44,-92.72,-87.84,-161.04,43.92,92.72,219.6,2854.8
-146.4,-165.92,-19.52,156.16,-63.44,-92.72,-87.84,-165.92,29.28,92.72,200.08,2840.16
-146.4,-175.68,-29.28,161.04,-58.56,-102.48,-87.84,-170.8,24.4,78.08,190.32,2840.16
-146.4,-175.68,-29.28,161.04,-58.56,-102.48,-87.84,-170.8,19.52,73.2,185.44,2849.92
-141.52,-165.92,-24.4,156.16,-58.56,-97.6,-92.72,-175.68,9.76,68.32,185.44,2835.28
-151.28,-180.56,-29.28,165.92,-63.44,-107.36,-97.6,-180.56,4.88,68.32,185.44,2830.4
-161.04,-190.32,-29.28,175.68,-68.32,-112.24,-97.6,-185.44,4.88,63.44,185.44,2806
-156.16,-200.08,-43.92,180.56,-58.56,-122,-102.48,-195.2,4.88,48.8,185.44,2791.36
-136.64,-190.32,-53.68,165.92,-43.92,-122,-97.6,-190.32,0,53.68,195.2,2801.12
-146.4,-195.2,-48.8,170.8,-48.8,-122,-92.72,-190.32,0,53.68,195.2,2801.12
-146.4,-200.08,-53.68,175.68,-48.8,-126.88,-92.72,-195.2,0,48.8,190.32,2791.36
-141.52,-200.08,-58.56,170.8,-43.92,-131.76,-82.96,-195.2,-4.88,48.8,185.44,2791.36
-151.28,-200.08,-48.8,175.68,-53.68,-126.88,-63.44,-180.56,4.88,58.56,190.32,2796.24
-151.28,-180.56,-29.28,165.92,-63.44,-107.36,-53.68,-180.56,4.88,58.56,190.32,2796.24
-156.16,-180.56,-24.4,170.8,-68.32,-102.48,-43.92,-190.32,9.76,58.56,190.32,2796.24
-156.16,-180.56,-24.4,170.8,-68.32,-102.48,-34.16,-180.56,19.52,63.44,190.32,2781.6
-141.52,-180.56,-39.04,161.04,-53.68,-112.24,-39.04,-185.44,9.76,58.56,185.44,2766.96
-146.4,-185.44,-39.04,165.92,-53.68,-112.24,-43.92,-190.32,14.64,58.56,180.56,2771.84
-151.28,-185.44,-34.16,170.8,-58.56,-112.24,-48.8,-204.96,14.64,53.68,175.68,2776.72
-161.04,-190.32,-29.28,175.68,-68.32,-112.24,-53.68,-209.84,9.76,48.8,170.8,2762.08
-161.04,-180.56,-19.52,170.8,-73.2,-102.48,-68.32,-219.6,-4.88,39.04,151.28,2742.56
-146.4,-170.8,-24.4,161.04,-63.44,-97.6,-73.2,-209.84,-9.76,43.92,151.28,2742.56
-126.88,-156.16,-29.28,141.52,-48.8,-92.72,-73.2,-209.84,-9.76,43.92,161.04,2752.32
-107.36,-126.88,-19.52,117.12,-43.92,-73.2,-78.08,-224.48,-14.64,34.16,161.04,2762.08
-92.72,-126.88,-34.16,112.24,-29.28,-82.96,-73.2,-229.36,-19.52,39.04,170.8,2752.32
-112.24,-131.76,-19.52,122,-48.8,-78.08,-68.32,-224.48,-9.76,39.04,170.8,2747.44
-112.24,-141.52,-29.28,126.88,-43.92,-87.84,-58.56,-214.72,0,43.92,170.8,2747.44
-122,-141.52,-19.52,131.76,-53.68,-82.96,-53.68,-204.96,14.64,48.8,165.92,2747.44
-136.64,-151.28,-14.64,146.4,-63.44,-82.96,-68.32,-214.72,4.88,34.16,146.4,2742.56
-161.04,-161.04,0,161.04,-82.96,-82.96,-73.2,-219.6,0,29.28,141.52,2732.8
-156.16,-170.8,-14.64,165.92,-73.2,-92.72,-78.08,-224.48,-9.76,19.52,131.76,2713.28
-146.4,-180.56,-34.16,165.92,-58.56,-107.36,-82.96,-234.24,-29.28,9.76,126.88,2703.52
-151.28,-180.56,-29.28,165.92,-63.44,-107.36,-73.2,-234.24,-24.4,9.76,126.88,2713.28
-156.16,-170.8,-14.64,165.92,-73.2,-92.72,-73.2,-234.24,-24.4,9.76,131.76,2703.52
-136.64,-170.8,-34.16,156.16,-53.68,-102.48,-68.32,-234.24,-34.16,4.88,131.76,2698.64
-131.76,-170.8,-39.04,151.28,-48.8,-107.36,-53.68,-234.24,-24.4,4.88,131.76,2688.88
-151.28,-185.44,-34.16,170.8,-58.56,-112.24,-43.92,-219.6,-9.76,9.76,141.52,2698.64
-151.28,-161.04,-9.76,156.16,-73.2,-87.84,-39.04,-209.84,-4.88,14.64,141.52,2703.52
-136.64,-146.4,-9.76,141.52,-63.44,-78.08,-34.16,-204.96,4.88,24.4,141.52,2703.52
-146.4,-146.4,0,146.4,-73.2,-73.2,-34.16,-204.96,9.76,29.28,141.52,2703.52
-161.04,-161.04,0,161.04,-82.96,-82.96,-34.16,-195.2,9.76,48.8,146.4,2708.4
-151.28,-156.16,-4.88,156.16,-73.2,-82.96,-39.04,-195.2,0,39.04,151.28,2708.4
-151.28,-151.28,0,151.28,-78.08,-78.08,-39.04,-195.2,0,39.04,156.16,2703.52
-156.16,-146.4,9.76,151.28,-82.96,-68.32,-39.04,-195.2,4.88,39.04,141.52,2703.52
-141.52,-141.52,0,141.52,-73.2,-73.2,-48.8,-214.72,4.88,34.16,126.88,2693.76
-136.64,-156.16,-19.52,146.4,-58.56,-87.84,-48.8,-214.72,4.88,29.28,126.88,2688.88
-136.64,-161.04,-24.4,151.28,-58.56,-92.72,-43.92,-209.84,4.88,24.4,141.52,2684
-131.76,-151.28,-19.52,141.52,-58.56,-87.84,-39.04,-204.96,4.88,29.28,146.4,2669.36
-146.4,-156.16,-9.76,151.28,-68.32,-82.96,-39.04,-214.72,9.76,29.28,141.52,2674.24
-161.04,-161.04,0,161.04,-82.96,-82.96,-39.04,-209.84,9.76,24.4,151.28,2674.24
-165.92,-170.8,-4.88,170.8,-82.96,-87.84,-34.16,-214.72,14.64,24.4,146.4,2669.36
-180.56,-175.68,4.88,180.56,-92.72,-87.84,-34.16,-219.6,14.64,19.52,136.64,2659.6
-165.92,-156.16,9.76,161.04,-87.84,-73.2,-34.16,-248.88,14.64,19.52,131.76,2649.84
-170.8,-151.28,19.52,161.04,-97.6,-68.32,-29.28,-263.52,4.88,24.4,131.76,2659.6
-165.92,-131.76,34.16,151.28,-102.48,-48.8,-24.4,-263.52,0,29.28,136.64,2659.6
-156.16,-102.48,53.68,131.76,-107.36,-24.4,-19.52,-278.16,0,39.04,146.4,2659.6
-136.64,-141.52,-4.88,141.52,-68.32,-73.2,-19.52,-239.12,9.76,43.92,161.04,2664.48
-156.16,-156.16,0,156.16,-78.08,-78.08,-19.52,-209.84,19.52,43.92,161.04,2664.48
-156.16,-151.28,4.88,156.16,-82.96,-73.2,-19.52,-180.56,29.28,48.8,161.04,2664.48
-151.28,-165.92,-14.64,161.04,-68.32,-92.72,-19.52,-146.4,39.04,58.56,165.92,2664.48
-151.28,-170.8,-19.52,161.04,-68.32,-97.6,-19.52,-131.76,24.4,53.68,165.92,2654.72
-151.28,-170.8,-19.52,161.04,-68.32,-97.6,-24.4,-122,29.28,53.68,165.92,2649.84
-156.16,-175.68,-19.52,165.92,-68.32,-97.6,-29.28,-102.48,29.28,48.8,161.04,2654.72
-161.04,-175.68,-14.64,170.8,-73.2,-97.6,-34.16,-112.24,24.4,43.92,151.28,2644.96
-170.8,-161.04,9.76,165.92,-92.72,-78.08,-24.4,-136.64,14.64,34.16,141.52,2640.08
-165.92,-151.28,14.64,161.04,-92.72,-68.32,-24.4,-156.16,9.76,39.04,146.4,2635.2
-165.92,-126.88,39.04,146.4,-102.48,-43.92,-24.4,-180.56,9.76,39.04,151.28,2625.44
-151.28,-122,29.28,136.64,-92.72,-48.8,-24.4,-209.84,4.88,39.04,151.28,2615.68
-141.52,-112.24,29.28,126.88,-87.84,-43.92,-24.4,-195.2,9.76,43.92,156.16,2610.8
-131.76,-107.36,24.4,122,-78.08,-43.92,-29.28,-180.56,19.52,48.8,156.16,2610.8
-126.88,-102.48,24.4,117.12,-78.08,-39.04,-29.28,-161.04,34.16,53.68,156.16,2605.92
-126.88,-107.36,19.52,117.12,-73.2,-43.92,-24.4,-146.4,43.92,58.56,161.04,2596.16
-107.36,-97.6,9.76,102.48,-58.56,-43.92,-24.4,-112.24,43.92,58.56,161.04,2581.52
-107.36,-92.72,14.64,102.48,-63.44,-39.04,-19.52,-97.6,34.16,63.44,161.04,2586.4
-107.36,-73.2,34.16,92.72,-73.2,-19.52,-19.52,-82.96,34.16,63.44,170.8,2601.04
-92.72,-87.84,4.88,92.72,-48.8,-43.92,-19.52,-58.56,39.04,68.32,175.68,2615.68
-107.36,-87.84,19.52,97.6,-63.44,-34.16,-19.52,-82.96,39.04,78.08,165.92,2601.04
-117.12,-87.84,29.28,102.48,-73.2,-29.28,-19.52,-107.36,34.16,73.2,170.8,2591.28
-126.88,-82.96,43.92,107.36,-87.84,-19.52,-14.64,-122,34.16,73.2,170.8,2586.4
-136.64,-82.96,53.68,112.24,-97.6,-14.64,-14.64,-136.64,39.04,78.08,170.8,2581.52
-151.28,-102.48,48.8,126.88,-102.48,-29.28,0,-141.52,43.92,82.96,170.8,2591.28
-156.16,-87.84,68.32,122,-112.24,-9.76,0,-151.28,48.8,87.84,170.8,2591.28
-161.04,-112.24,48.8,136.64,-107.36,-34.16,-4.88,-156.16,43.92,87.84,175.68,2581.52
-165.92,-136.64,29.28,151.28,-97.6,-53.68,-9.76,-161.04,39.04,92.72,180.56,2576.64
-156.16,-136.64,19.52,146.4,-87.84,-58.56,9.76,-180.56,58.56,112.24,195.2,2605.92
-170.8,-107.36,63.44,141.52,-117.12,-24.4,-4.88,-92.72,48.8,97.6,180.56,2591.28
-136.64,-97.6,39.04,117.12,-87.84,-29.28,-9.76,-117.12,39.04,78.08,175.68,2576.64
-146.4,-107.36,39.04,126.88,-92.72,-34.16,0,-92.72,48.8,87.84,180.56,2576.64
-146.4,-117.12,29.28,131.76,-87.84,-43.92,0,-78.08,48.8,87.84,185.44,2576.64
-146.4,-126.88,19.52,136.64,-82.96,-53.68,0,-63.44,48.8,87.84,190.32,2576.64
-146.4,-136.64,9.76,141.52,-78.08,-63.44,0,-48.8,48.8,87.84,195.2,2576.64
-156.16,-136.64,19.52,146.4,-87.84,-58.56,-4.88,-68.32,39.04,78.08,195.2,2566.88
-165.92,-131.76,34.16,151.28,-102.48,-48.8,-4.88,-87.84,29.28,78.08,200.08,2566.88
-170.8,-131.76,39.04,151.28,-107.36,-48.8,-9.76,-112.24,39.04,78.08,200.08,2566.88
-180.56,-131.76,48.8,156.16,-117.12,-43.92,-14.64,-131.76,39.04,82.96,200.08,2566.88
-180.56,-122,58.56,151.28,-122,-34.16,-4.88,-131.76,34.16,87.84,200.08,2557.12
-175.68,-112.24,63.44,146.4,-122,-24.4,-4.88,-131.76,34.16,87.84,200.08,2562
-175.68,-112.24,63.44,146.4,-122,-24.4,0,-131.76,34.16,82.96,204.96,2571.76
-175.68,-117.12,58.56,146.4,-117.12,-29.28,0,-131.76,34.16,78.08,204.96,2571.76
-161.04,-122,39.04,141.52,-102.48,-43.92,4.88,-141.52,34.16,87.84,195.2,2571.76
-156.16,-102.48,53.68,131.76,-107.36,-24.4,4.88,-146.4,34.16,87.84,195.2,2566.88
-151.28,-87.84,63.44,122,-107.36,-14.64,4.88,-151.28,19.52,82.96,195.2,2552.24
-151.28,-92.72,58.56,122,-107.36,-19.52,4.88,-156.16,19.52,82.96,190.32,2542.48
-161.04,-107.36,53.68,136.64,-107.36,-29.28,-4.88,-156.16,9.76,78.08,190.32,2532.72
-161.04,-112.24,48.8,136.64,-107.36,-34.16,4.88,-151.28,14.64,78.08,195.2,2532.72
-146.4,-112.24,34.16,131.76,-92.72,-39.04,9.76,-146.4,29.28,82.96,200.08,2537.6
-146.4,-117.12,29.28,131.76,-87.84,-43.92,9.76,-146.4,29.28,82.96,200.08,2537.6
-156.16,-102.48,53.68,131.76,-107.36,-24.4,4.88,-151.28,39.04,92.72,209.84,2547.36
-161.04,-78.08,82.96,122,-122,0,4.88,-165.92,39.04,97.6,209.84,2547.36
-161.04,-53.68,107.36,107.36,-136.64,24.4,19.52,-161.04,43.92,107.36,214.72,2547.36
-161.04,-39.04,122,102.48,-141.52,39.04,29.28,-156.16,48.8,107.36,224.48,2552.24
-141.52,-53.68,87.84,97.6,-117.12,14.64,39.04,-146.4,63.44,122,229.36,2552.24
-136.64,-53.68,82.96,97.6,-112.24,14.64,34.16,-141.52,68.32,126.88,234.24,2557.12
-136.64,-53.68,82.96,97.6,-112.24,14.64,34.16,-131.76,68.32,131.76,239.12,2557.12
-126.88,-48.8,78.08,87.84,-102.48,14.64,34.16,-122,73.2,136.64,248.88,2557.12
-107.36,-29.28,78.08,68.32,-92.72,24.4,39.04,-53.68,78.08,131.76,239.12,2552.24
-92.72,-9.76,82.96,53.68,-87.84,34.16,39.04,9.76,73.2,131.76,239.12,2557.12
-82.96,0,82.96,43.92,-82.96,39.04,39.04,87.84,73.2,131.76,248.88,2566.88
-68.32,0,68.32,34.16,-68.32,34.16,34.16,146.4,78.08,136.64,253.76,2566.88
-78.08,9.76,87.84,34.16,-82.96,48.8,39.04,68.32,78.08,136.64,263.52,2566.88
-82.96,4.88,87.84,39.04,-87.84,43.92,24.4,-9.76,78.08,136.64,253.76,2562
-87.84,4.88,92.72,43.92,-92.72,48.8,24.4,-68.32,78.08,136.64,253.76,2562
-78.08,19.52,97.6,29.28,-87.84,58.56,29.28,-136.64,82.96,141.52,258.64,2566.88
-78.08,14.64,92.72,34.16,-87.84,53.68,29.28,-126.88,82.96,146.4,263.52,2562
-87.84,19.52,107.36,34.16,-97.6,63.44,39.04,-112.24,87.84,146.4,263.52,2562
-92.72,4.88,97.6,43.92,-97.6,48.8,39.04,-112.24,87.84,141.52,263.52,2552.24
-97.6,0,97.6,48.8,-97.6,48.8,29.28,-126.88,78.08,131.76,258.64,2542.48
-82.96,-19.52,63.44,53.68,-73.2,19.52,9.76,-151.28,82.96,141.52,248.88,2532.72
-82.96,-34.16,48.8,58.56,-68.32,4.88,9.76,-165.92,78.08,131.76,248.88,2532.72
-78.08,-39.04,39.04,58.56,-58.56,0,4.88,-185.44,73.2,131.76,248.88,2527.84
-78.08,-43.92,34.16,63.44,-58.56,-4.88,0,-209.84,68.32,126.88,244,2522.96
-87.84,-68.32,19.52,78.08,-53.68,-24.4,-4.88,-175.68,73.2,122,253.76,2513.2
-97.6,-82.96,14.64,92.72,-58.56,-34.16,0,-161.04,73.2,117.12,248.88,2508.32
-97.6,-82.96,14.64,92.72,-58.56,-34.16,-9.76,-151.28,63.44,112.24,244,2498.56
-97.6,-68.32,29.28,82.96,-63.44,-19.52,-14.64,-131.76,48.8,97.6,229.36,2493.68
-87.84,-63.44,24.4,78.08,-58.56,-19.52,-24.4,-156.16,39.04,87.84,219.6,2483.92
-87.84,-73.2,14.64,82.96,-53.68,-29.28,-24.4,-170.8,34.16,82.96,209.84,2474.16
-107.36,-82.96,24.4,97.6,-68.32,-29.28,-19.52,-180.56,34.16,82.96,209.84,2469.28
-117.12,-87.84,29.28,102.48,-73.2,-29.28,-9.76,-190.32,34.16,87.84,219.6,2464.4
-131.76,-102.48,29.28,117.12,-82.96,-39.04,0,-165.92,39.04,102.48,224.48,2469.28
-141.52,-102.48,39.04,122,-92.72,-34.16,4.88,-141.52,39.04,97.6,219.6,2464.4
-146.4,-122,24.4,136.64,-87.84,-48.8,9.76,-117.12,39.04,97.6,214.72,2464.4
-165.92,-131.76,34.16,151.28,-102.48,-48.8,9.76,-102.48,39.04,102.48,219.6,2464.4
-161.04,-112.24,48.8,136.64,-107.36,-34.16,4.88,-117.12,24.4,82.96,204.96,2440
-161.04,-92.72,68.32,126.88,-117.12,-14.64,0,-122,24.4,78.08,200.08,2435.12
-165.92,-78.08,87.84,122,-126.88,4.88,-14.64,-131.76,14.64,73.2,200.08,2425.36
-165.92,-58.56,107.36,112.24,-136.64,24.4,-24.4,-131.76,4.88,68.32,195.2,2415.6
-151.28,-68.32,82.96,112.24,-117.12,4.88,-19.52,-146.4,14.64,78.08,190.32,2400.96
-151.28,-73.2,78.08,112.24,-117.12,0,-19.52,-156.16,9.76,73.2,195.2,2396.08
-151.28,-73.2,78.08,112.24,-117.12,0,-19.52,-161.04,9.76,73.2,200.08,2396.08
-151.28,-82.96,68.32,117.12,-112.24,-9.76,-14.64,-161.04,4.88,63.44,200.08,2391.2
-161.04,-92.72,68.32,126.88,-117.12,-14.64,-14.64,-185.44,-4.88,58.56,195.2,2381.44
-161.04,-97.6,63.44,131.76,-112.24,-19.52,-14.64,-200.08,0,58.56,190.32,2381.44
-175.68,-97.6,78.08,136.64,-126.88,-9.76,-14.64,-214.72,0,53.68,185.44,2381.44
-185.44,-112.24,73.2,151.28,-131.76,-19.52,-14.64,-229.36,0,48.8,180.56,2381.44
-214.72,-131.76,82.96,175.68,-151.28,-24.4,-4.88,-224.48,4.88,53.68,195.2,2371.68
-209.84,-126.88,82.96,170.8,-146.4,-24.4,4.88,-219.6,9.76,58.56,200.08,2371.68
-214.72,-122,92.72,170.8,-156.16,-14.64,14.64,-214.72,14.64,63.44,204.96,2371.68
-224.48,-131.76,92.72,180.56,-161.04,-19.52,14.64,-219.6,9.76,63.44,204.96,2366.8
-219.6,-131.76,87.84,175.68,-156.16,-24.4,0,-219.6,9.76,58.56,204.96,2352.16
-224.48,-141.52,82.96,185.44,-156.16,-29.28,0,-219.6,9.76,58.56,204.96,2352.16
-224.48,-136.64,87.84,180.56,-156.16,-24.4,4.88,-219.6,9.76,58.56,204.96,2352.16
-214.72,-131.76,82.96,175.68,-151.28,-24.4,4.88,-219.6,9.76,58.56,204.96,2352.16
-190.32,-112.24,78.08,151.28,-136.64,-19.52,0,-219.6,9.76,58.56,204.96,2342.4
-180.56,-87.84,92.72,136.64,-136.64,0,-4.88,-219.6,9.76,58.56,204.96,2342.4
-175.68,-78.08,97.6,126.88,-136.64,9.76,-9.76,-219.6,9.76,58.56,204.96,2342.4
-180.56,-87.84,92.72,136.64,-136.64,0,-14.64,-219.6,9.76,58.56,209.84,2342.4
-175.68,-97.6,78.08,136.64,-126.88,-9.76,-4.88,-209.84,14.64,63.44,219.6,2342.4
-170.8,-102.48,68.32,136.64,-122,-19.52,-4.88,-209.84,19.52,68.32,224.48,2342.4
-156.16,-102.48,53.68,131.76,-107.36,-24.4,-4.88,-209.84,24.4,78.08,224.48,2342.4
-151.28,-107.36,43.92,131.76,-97.6,-34.16,-4.88,-204.96,34.16,82.96,224.48,2342.4
-170.8,-107.36,63.44,141.52,-117.12,-24.4,-9.76,-214.72,24.4,78.08,214.72,2337.52
-175.68,-107.36,68.32,141.52,-122,-19.52,-9.76,-209.84,24.4,73.2,214.72,2332.64
-175.68,-102.48,73.2,141.52,-126.88,-14.64,-9.76,-209.84,19.52,63.44,214.72,2322.88
-170.8,-82.96,87.84,126.88,-131.76,0,-14.64,-209.84,19.52,58.56,214.72,2313.12
-180.56,-102.48,78.08,141.52,-131.76,-14.64,-24.4,-219.6,14.64,53.68,200.08,2298.48
-190.32,-97.6,92.72,146.4,-141.52,-4.88,-24.4,-224.48,14.64,48.8,200.08,2298.48
-190.32,-102.48,87.84,146.4,-141.52,-9.76,-24.4,-224.48,9.76,43.92,200.08,2293.6
-195.2,-107.36,87.84,151.28,-141.52,-9.76,-19.52,-219.6,4.88,39.04,200.08,2288.72
-156.16,-107.36,48.8,131.76,-102.48,-29.28,4.88,-200.08,9.76,48.8,209.84,2283.84
-156.16,-78.08,78.08,117.12,-117.12,0,24.4,-185.44,29.28,48.8,219.6,2288.72
-165.92,-82.96,82.96,126.88,-126.88,0,39.04,-141.52,39.04,68.32,224.48,2288.72
-190.32,-82.96,107.36,136.64,-151.28,9.76,48.8,-107.36,58.56,87.84,234.24,2298.48
-200.08,-78.08,122,141.52,-161.04,19.52,63.44,-53.68,92.72,107.36,253.76,2308.24
-190.32,-63.44,126.88,126.88,-161.04,29.28,87.84,0,126.88,136.64,273.28,2313.12
-170.8,-24.4,146.4,97.6,-161.04,58.56,112.24,92.72,190.32,185.44,302.56,2322.88
-165.92,9.76,175.68,78.08,-170.8,92.72,165.92,200.08,273.28,268.4,370.88,2361.92
-107.36,19.52,126.88,43.92,-117.12,73.2,219.6,346.48,395.28,390.4,478.24,2430.24
-9.76,92.72,102.48,-39.04,-58.56,97.6,268.4,473.36,522.16,507.52,580.72,2508.32
48.8,151.28,102.48,-97.6,-29.28,126.88,283.04,619.76,634.4,619.76,668.56,2581.52
92.72,165.92,73.2,-126.88,9.76,117.12,283.04,751.52,746.64,727.12,751.52,2649.84
151.28,204.96,53.68,-175.68,48.8,126.88,273.28,883.28,868.64,849.12,849.12,2727.92
190.32,278.16,87.84,-234.24,48.8,180.56,229.36,922.32,971.12,961.36,941.84,2810.88
209.84,331.84,122,-268.4,43.92,224.48,102.48,824.72,1024.8,1044.32,1010.16,2879.2
292.8,366,73.2,-326.96,107.36,219.6,-48.8,639.28,1054.08,1112.64,1078.48,2957.28
405.04,419.68,14.64,-409.92,195.2,214.72,-209.84,502.64,1078.48,1161.44,1122.4,2991.44
463.6,434.32,-29.28,-448.96,244,200.08,-356.24,385.52,1078.48,1171.2,1112.64,2971.92
463.6,370.88,-92.72,-414.8,278.16,136.64,-434.32,356.24,1088.24,1180.96,1098,2932.88
400.16,297.68,-102.48,-346.48,248.88,97.6,-424.56,258.64,1078.48,1171.2,1088.24,2923.12
253.76,273.28,19.52,-263.52,117.12,146.4,-439.2,102.48,941.84,1044.32,1010.16,2854.8
122,180.56,58.56,-151.28,29.28,117.12,-448.96,-43.92,707.6,790.56,814.96,2703.52
78.08,24.4,-53.68,-48.8,63.44,-14.64,-439.2,-102.48,478.24,531.92,595.36,2527.84
34.16,-92.72,-126.88,29.28,78.08,-112.24,-439.2,-200.08,283.04,322.08,429.44,2391.2
-29.28,-156.16,-126.88,92.72,48.8,-141.52,-448.96,-351.36,78.08,126.88,287.92,2269.2
-43.92,-195.2,-151.28,122,53.68,-175.68,-424.56,-551.44,-126.88,-53.68,165.92,2171.6
-78.08,-219.6,-141.52,151.28,29.28,-180.56,-375.76,-639.28,-229.36,-146.4,122,2127.68
-136.64,-253.76,-117.12,195.2,-9.76,-185.44,-331.84,-556.32,-190.32,-117.12,136.64,2137.44
-122,-244,-122,185.44,0,-185.44,-278.16,-414.8,-122,-63.44,170.8,2156.96
-63.44,-209.84,-146.4,136.64,39.04,-180.56,-244,-375.76,-87.84,-34.16,180.56,2161.84
-53.68,-209.84,-156.16,131.76,48.8,-185.44,-219.6,-361.12,-73.2,-34.16,180.56,2152.08
-73.2,-219.6,-146.4,146.4,34.16,-185.44,-165.92,-317.2,-43.92,-4.88,195.2,2161.84
-43.92,-214.72,-170.8,131.76,63.44,-195.2,-117.12,-258.64,-4.88,19.52,224.48,2196
-19.52,-209.84,-190.32,117.12,82.96,-200.08,-68.32,-244,4.88,14.64,224.48,2186.24
-82.96,-214.72,-131.76,151.28,24.4,-175.68,-48.8,-234.24,-4.88,4.88,209.84,2176.48
-161.04,-204.96,-43.92,185.44,-58.56,-126.88,-48.8,-229.36,-19.52,4.88,200.08,2171.6
-156.16,-175.68,-19.52,165.92,-68.32,-97.6,-58.56,-229.36,-29.28,-14.64,190.32,2156.96
-180.56,-195.2,-14.64,190.32,-82.96,-107.36,-48.8,-214.72,-9.76,-4.88,195.2,2161.84
-200.08,-219.6,-19.52,209.84,-92.72,-122,4.88,-170.8,24.4,34.16,229.36,2191.12
-156.16,-146.4,9.76,151.28,-82.96,-68.32,29.28,-165.92,39.04,43.92,234.24,2191.12
-136.64,-87.84,48.8,112.24,-92.72,-19.52,34.16,-175.68,34.16,43.92,219.6,2176.48
-136.64,-97.6,39.04,117.12,-87.84,-29.28,34.16,-185.44,43.92,43.92,229.36,2176.48
-112.24,-63.44,48.8,87.84,-82.96,-9.76,29.28,-170.8,58.56,58.56,248.88,2200.88
-102.48,-53.68,48.8,78.08,-78.08,-4.88,43.92,-156.16,68.32,68.32,253.76,2191.12
-92.72,-43.92,48.8,68.32,-73.2,0,48.8,-136.64,73.2,73.2,258.64,2191.12
-82.96,-39.04,43.92,63.44,-63.44,0,48.8,-126.88,73.2,73.2,258.64,2196
-82.96,-53.68,29.28,68.32,-58.56,-14.64,39.04,-131.76,58.56,63.44,248.88,2196
-92.72,-78.08,14.64,87.84,-53.68,-34.16,39.04,-131.76,58.56,63.44,248.88,2196
-107.36,-82.96,24.4,97.6,-68.32,-29.28,39.04,-136.64,53.68,53.68,263.52,2200.88
-107.36,-82.96,24.4,97.6,-68.32,-29.28,34.16,-136.64,48.8,53.68,263.52,2200.88
-82.96,-39.04,43.92,63.44,-63.44,0,34.16,-146.4,53.68,58.56,268.4,2196
-63.44,-19.52,43.92,43.92,-53.68,9.76,39.04,-151.28,63.44,68.32,268.4,2200.88
-48.8,-9.76,39.04,29.28,-43.92,14.64,48.8,-151.28,68.32,78.08,268.4,2200.88
-34.16,9.76,43.92,14.64,-39.04,24.4,53.68,-151.28,73.2,82.96,273.28,2200.88
-39.04,14.64,53.68,14.64,-48.8,34.16,58.56,-131.76,78.08,97.6,273.28,2200.88
-34.16,4.88,39.04,14.64,-39.04,19.52,68.32,-126.88,82.96,97.6,273.28,2196
-29.28,4.88,34.16,14.64,-34.16,19.52,68.32,-117.12,82.96,97.6,268.4,2196
-29.28,14.64,43.92,9.76,-39.04,29.28,63.44,-117.12,82.96,92.72,263.52,2186.24
-39.04,19.52,58.56,9.76,-48.8,39.04,58.56,-122,68.32,87.84,253.76,2181.36
-48.8,19.52,68.32,14.64,-58.56,43.92,53.68,-131.76,68.32,82.96,258.64,2176.48
-43.92,19.52,63.44,14.64,-53.68,39.04,48.8,-136.64,68.32,78.08,268.4,2181.36
-53.68,24.4,78.08,14.64,-68.32,48.8,39.04,-151.28,73.2,78.08,268.4,2176.48
-43.92,4.88,48.8,19.52,-48.8,24.4,43.92,-136.64,82.96,82.96,278.16,2176.48
-39.04,-9.76,29.28,24.4,-34.16,9.76,48.8,-131.76,82.96,87.84,278.16,2181.36
-39.04,-29.28,9.76,34.16,-24.4,-9.76,63.44,-112.24,87.84,97.6,283.04,2181.36
-48.8,-43.92,4.88,48.8,-29.28,-19.52,78.08,-92.72,92.72,107.36,287.92,2191.12
-34.16,-39.04,-4.88,39.04,-14.64,-24.4,68.32,-92.72,102.48,117.12,278.16,2191.12
-29.28,-29.28,0,29.28,-14.64,-14.64,63.44,-92.72,102.48,112.24,278.16,2181.36
-34.16,-19.52,14.64,29.28,-24.4,-4.88,63.44,-92.72,102.48,112.24,278.16,2181.36
-29.28,-4.88,24.4,19.52,-29.28,9.76,58.56,-92.72,102.48,112.24,278.16,2186.24
-14.64,4.88,19.52,4.88,-19.52,9.76,68.32,-102.48,97.6,102.48,268.4,2186.24
-19.52,34.16,53.68,-4.88,-39.04,43.92,68.32,-107.36,97.6,97.6,268.4,2176.48
-24.4,24.4,48.8,0,-39.04,34.16,58.56,-117.12,97.6,92.72,263.52,2166.72
-34.16,29.28,63.44,4.88,-48.8,43.92,58.56,-122,102.48,92.72,258.64,2152.08
-29.28,48.8,78.08,-9.76,-53.68,63.44,58.56,-117.12,92.72,87.84,253.76,2156.96
-24.4,34.16,58.56,-4.88,-43.92,43.92,63.44,-102.48,92.72,92.72,253.76,2156.96
-19.52,34.16,53.68,-4.88,-39.04,43.92,63.44,-87.84,102.48,92.72,253.76,2156.96
-9.76,39.04,48.8,-14.64,-29.28,43.92,63.44,-78.08,102.48,102.48,263.52,2161.84
-19.52,53.68,73.2,-14.64,-48.8,63.44,58.56,-78.08,112.24,122,278.16,2161.84
-19.52,34.16,53.68,-4.88,-39.04,43.92,58.56,-78.08,117.12,126.88,287.92,2166.72
-19.52,19.52,39.04,0,-29.28,29.28,53.68,-92.72,117.12,126.88,287.92,2166.72
-34.16,0,34.16,19.52,-34.16,14.64,48.8,-92.72,122,131.76,287.92,2161.84
-29.28,4.88,34.16,14.64,-34.16,19.52,53.68,-82.96,126.88,126.88,292.8,2152.08
0,24.4,24.4,-9.76,-14.64,24.4,58.56,-73.2,131.76,126.88,292.8,2156.96
24.4,34.16,9.76,-29.28,4.88,19.52,58.56,-68.32,131.76,131.76,292.8,2161.84
29.28,43.92,14.64,-34.16,4.88,29.28,63.44,-58.56,131.76,131.76,292.8,2161.84
4.88,34.16,29.28,-19.52,-14.64,29.28,48.8,-58.56,131.76,126.88,283.04,2156.96
4.88,48.8,43.92,-24.4,-19.52,43.92,43.92,-58.56,126.88,126.88,283.04,2152.08
0,63.44,63.44,-29.28,-34.16,63.44,39.04,-63.44,122,126.88,297.68,2152.08
0,53.68,53.68,-24.4,-29.28,53.68,29.28,-73.2,117.12,126.88,297.68,2152.08
9.76,63.44,53.68,-34.16,-24.4,58.56,39.04,-68.32,136.64,141.52,307.44,2156.96
14.64,63.44,48.8,-39.04,-19.52,53.68,43.92,-63.44,141.52,151.28,302.56,2152.08
24.4,53.68,29.28,-39.04,-4.88,39.04,53.68,-53.68,151.28,156.16,312.32,2156.96
34.16,73.2,39.04,-53.68,-4.88,53.68,63.44,-48.8,156.16,161.04,341.6,2166.72
19.52,58.56,39.04,-39.04,-9.76,48.8,63.44,-43.92,156.16,161.04,341.6,2166.72
14.64,53.68,39.04,-34.16,-14.64,43.92,48.8,-34.16,151.28,156.16,331.84,2166.72
0,34.16,34.16,-14.64,-19.52,34.16,48.8,-19.52,151.28,156.16,331.84,2161.84
-14.64,19.52,34.16,0,-24.4,24.4,48.8,-9.76,151.28,151.28,322.08,2161.84
9.76,39.04,29.28,-24.4,-9.76,34.16,53.68,-14.64,161.04,165.92,326.96,2152.08
19.52,34.16,14.64,-24.4,0,24.4,58.56,-19.52,161.04,170.8,331.84,2156.96
19.52,43.92,24.4,-29.28,-4.88,34.16,58.56,-24.4,161.04,180.56,341.6,2161.84
48.8,53.68,4.88,-48.8,19.52,29.28,63.44,-29.28,161.04,190.32,351.36,2176.48
68.32,78.08,9.76,-73.2,29.28,43.92,48.8,-24.4,170.8,180.56,341.6,2156.96
82.96,102.48,19.52,-92.72,29.28,58.56,43.92,-24.4,170.8,180.56,341.6,2156.96
68.32,102.48,34.16,-82.96,14.64,68.32,43.92,-19.52,175.68,185.44,351.36,2161.84
58.56,97.6,39.04,-78.08,9.76,68.32,43.92,-19.52,180.56,195.2,356.24,2171.6
73.2,112.24,39.04,-92.72,14.64,73.2,39.04,-4.88,180.56,204.96,356.24,2171.6
92.72,131.76,39.04,-112.24,24.4,82.96,34.16,0,185.44,200.08,351.36,2171.6
126.88,151.28,24.4,-136.64,48.8,87.84,34.16,0,185.44,200.08,366,2176.48
146.4,165.92,19.52,-156.16,63.44,92.72,24.4,-4.88,190.32,200.08,370.88,2181.36
141.52,156.16,14.64,-146.4,63.44,82.96,24.4,4.88,195.2,209.84,375.76,2176.48
122,175.68,53.68,-146.4,34.16,112.24,29.28,4.88,200.08,214.72,380.64,2176.48
131.76,175.68,43.92,-151.28,43.92,107.36,34.16,4.88,214.72,229.36,385.52,2176.48
141.52,170.8,29.28,-156.16,53.68,97.6,29.28,0,219.6,239.12,385.52,2176.48
170.8,185.44,14.64,-175.68,78.08,97.6,39.04,9.76,229.36,239.12,395.28,2191.12
185.44,195.2,9.76,-190.32,87.84,102.48,43.92,19.52,229.36,239.12,390.4,2196
200.08,200.08,0,-200.08,97.6,97.6,48.8,39.04,229.36,239.12,375.76,2196
214.72,200.08,-14.64,-204.96,112.24,92.72,58.56,48.8,239.12,244,390.4,2200.88
239.12,214.72,-24.4,-224.48,131.76,92.72,58.56,48.8,253.76,258.64,405.04,2205.76
258.64,229.36,-29.28,-244,141.52,97.6,48.8,48.8,248.88,268.4,409.92,2215.52
273.28,244,-29.28,-258.64,151.28,107.36,48.8,39.04,248.88,268.4,409.92,2215.52
268.4,248.88,-19.52,-258.64,141.52,112.24,39.04,29.28,253.76,278.16,414.8,2205.76
258.64,258.64,0,-258.64,126.88,126.88,9.76,29.28,253.76,273.28,419.68,2196
273.28,273.28,0,-273.28,136.64,136.64,24.4,39.04,253.76,278.16,424.56,2200.88
283.04,307.44,24.4,-292.8,126.88,165.92,24.4,39.04,248.88,278.16,424.56,2205.76
297.68,322.08,24.4,-307.44,136.64,170.8,24.4,34.16,244,278.16,424.56,2205.76
312.32,331.84,19.52,-322.08,146.4,175.68,19.52,43.92,244,278.16,434.32,2196
326.96,331.84,4.88,-326.96,161.04,165.92,19.52,43.92,248.88,283.04,429.44,2196
341.6,336.72,-4.88,-336.72,170.8,165.92,19.52,39.04,248.88,287.92,429.44,2205.76
356.24,336.72,-19.52,-346.48,185.44,156.16,19.52,34.16,248.88,287.92,434.32,2205.76
346.48,331.84,-14.64,-336.72,180.56,156.16,24.4,34.16,258.64,287.92,434.32,2196
366,351.36,-14.64,-356.24,190.32,165.92,24.4,39.04,258.64,283.04,434.32,2186.24
351.36,361.12,9.76,-356.24,170.8,185.44,29.28,24.4,258.64,283.04,434.32,2186.24
341.6,366,24.4,-351.36,156.16,195.2,29.28,29.28,248.88,292.8,439.2,2186.24
346.48,356.24,9.76,-351.36,165.92,180.56,24.4,48.8,258.64,292.8,444.08,2186.24
351.36,351.36,0,-351.36,175.68,175.68,39.04,53.68,258.64,292.8,448.96,2186.24
356.24,351.36,-4.88,-351.36,180.56,170.8,43.92,58.56,258.64,292.8,448.96,2186.24
385.52,375.76,-9.76,-380.64,195.2,180.56,48.8,63.44,258.64,287.92,444.08,2191.12
370.88,366,-4.88,-366,185.44,180.56,53.68,73.2,263.52,292.8,453.84,2181.36
351.36,346.48,-4.88,-346.48,175.68,170.8,58.56,73.2,268.4,297.68,448.96,2171.6
346.48,366,19.52,-356.24,161.04,190.32,68.32,63.44,273.28,302.56,439.2,2171.6
341.6,341.6,0,-341.6,170.8,170.8,73.2,63.44,278.16,302.56,439.2,2161.84
346.48,356.24,9.76,-351.36,165.92,180.56,63.44,73.2,268.4,307.44,439.2,2161.84
351.36,366,14.64,-356.24,165.92,190.32,63.44,68.32,258.64,302.56,439.2,2156.96
346.48,380.64,34.16,-361.12,156.16,204.96,78.08,68.32,258.64,302.56,439.2,2156.96
346.48,390.4,43.92,-366,151.28,214.72,78.08,68.32,258.64,297.68,434.32,2156.96
366,380.64,14.64,-370.88,175.68,195.2,78.08,63.44,258.64,283.04,419.68,2142.32
366,380.64,14.64,-370.88,175.68,195.2,78.08,63.44,253.76,283.04,419.68,2137.44
356.24,380.64,24.4,-366,165.92,200.08,87.84,63.44,253.76,283.04,419.68,2122.8
356.24,395.28,39.04,-375.76,156.16,214.72,92.72,63.44,244,273.28,419.68,2117.92
361.12,414.8,53.68,-385.52,151.28,234.24,82.96,73.2,244,268.4,419.68,2113.04
361.12,400.16,39.04,-380.64,161.04,219.6,82.96,78.08,248.88,268.4,414.8,2113.04
361.12,390.4,29.28,-375.76,165.92,209.84,87.84,73.2,248.88,273.28,409.92,2103.28
366,390.4,24.4,-375.76,170.8,204.96,87.84,73.2,248.88,268.4,405.04,2098.4
351.36,385.52,34.16,-366,156.16,209.84,92.72,63.44,234.24,258.64,400.16,2093.52
341.6,380.64,39.04,-361.12,151.28,209.84,97.6,53.68,229.36,253.76,395.28,2078.88
326.96,375.76,48.8,-351.36,136.64,209.84,107.36,63.44,229.36,253.76,390.4,2074
317.2,366,48.8,-341.6,131.76,204.96,122,73.2,224.48,253.76,380.64,2074
297.68,370.88,73.2,-331.84,112.24,219.6,136.64,63.44,224.48,248.88,385.52,2069.12
302.56,370.88,68.32,-336.72,117.12,219.6,136.64,58.56,214.72,248.88,366,2049.6
307.44,361.12,53.68,-331.84,126.88,204.96,136.64,53.68,214.72,234.24,356.24,2044.72
312.32,361.12,48.8,-336.72,131.76,204.96,136.64,53.68,214.72,229.36,351.36,2049.6
331.84,370.88,39.04,-351.36,146.4,204.96,151.28,68.32,229.36,234.24,366,2059.36
326.96,356.24,29.28,-341.6,146.4,190.32,156.16,73.2,229.36,244,370.88,2059.36
322.08,346.48,24.4,-331.84,146.4,185.44,165.92,78.08,234.24,248.88,375.76,2039.84
331.84,336.72,4.88,-331.84,161.04,170.8,170.8,78.08,239.12,244,380.64,2030.08
351.36,356.24,4.88,-351.36,170.8,180.56,170.8,73.2,229.36,229.36,370.88,2030.08
341.6,361.12,19.52,-351.36,161.04,190.32,170.8,73.2,224.48,229.36,370.88,2030.08
341.6,366,24.4,-351.36,156.16,195.2,165.92,68.32,219.6,224.48,366,2020.32
346.48,375.76,29.28,-361.12,156.16,200.08,170.8,68.32,209.84,224.48,361.12,2020.32
331.84,366,34.16,-346.48,146.4,200.08,180.56,73.2,214.72,219.6,366,2025.2
326.96,375.76,48.8,-351.36,136.64,209.84,180.56,73.2,209.84,214.72,366,2025.2
317.2,366,48.8,-341.6,131.76,204.96,180.56,63.44,209.84,209.84,366,2025.2
312.32,356.24,43.92,-331.84,131.76,200.08,180.56,73.2,214.72,209.84,366,2010.56
356.24,370.88,14.64,-361.12,170.8,190.32,185.44,73.2,204.96,204.96,366,2000.8
370.88,390.4,19.52,-380.64,175.68,204.96,180.56,73.2,209.84,204.96,366,2010.56
385.52,414.8,29.28,-400.16,175.68,219.6,175.68,63.44,209.84,200.08,366,2020.32
395.28,434.32,39.04,-414.8,175.68,234.24,170.8,63.44,204.96,195.2,366,2010.56
370.88,419.68,48.8,-395.28,161.04,234.24,170.8,63.44,204.96,200.08,366,2000.8
370.88,414.8,43.92,-390.4,161.04,229.36,180.56,73.2,204.96,209.84,366,2000.8
375.76,414.8,39.04,-395.28,165.92,224.48,195.2,73.2,209.84,214.72,375.76,2010.56
380.64,429.44,48.8,-405.04,165.92,239.12,204.96,58.56,209.84,209.84,375.76,2020.32
390.4,419.68,29.28,-405.04,180.56,224.48,180.56,53.68,185.44,190.32,370.88,1995.92
366,405.04,39.04,-385.52,161.04,219.6,175.68,48.8,185.44,185.44,366,1986.16
361.12,385.52,24.4,-370.88,165.92,204.96,175.68,48.8,185.44,185.44,361.12,1981.28
346.48,375.76,29.28,-361.12,156.16,200.08,170.8,48.8,190.32,185.44,351.36,1976.4
356.24,385.52,29.28,-370.88,161.04,204.96,180.56,53.68,180.56,195.2,346.48,1981.28
346.48,385.52,39.04,-366,151.28,209.84,180.56,53.68,185.44,195.2,346.48,1981.28
366,385.52,19.52,-375.76,170.8,200.08,180.56,53.68,185.44,190.32,341.6,1971.52
390.4,385.52,-4.88,-385.52,195.2,190.32,180.56,48.8,175.68,185.44,341.6,1971.52
370.88,380.64,9.76,-375.76,180.56,195.2,190.32,53.68,180.56,190.32,346.48,1991.04
351.36,395.28,43.92,-370.88,151.28,219.6,190.32,58.56,190.32,195.2,356.24,1981.28
356.24,400.16,43.92,-375.76,156.16,219.6,195.2,63.44,190.32,195.2,361.12,1976.4
346.48,405.04,58.56,-375.76,141.52,229.36,209.84,68.32,209.84,200.08,366,1966.64
322.08,380.64,58.56,-351.36,131.76,219.6,200.08,63.44,195.2,185.44,351.36,1961.76
317.2,405.04,87.84,-361.12,112.24,244,195.2,63.44,190.32,180.56,346.48,1961.76
326.96,419.68,92.72,-370.88,117.12,253.76,190.32,58.56,190.32,180.56,341.6,1956.88
312.32,419.68,107.36,-366,102.48,263.52,180.56,48.8,185.44,175.68,336.72,1952
307.44,390.4,82.96,-346.48,112.24,234.24,190.32,48.8,190.32,190.32,346.48,1956.88
317.2,380.64,63.44,-346.48,126.88,219.6,185.44,48.8,185.44,185.44,346.48,1956.88
317.2,370.88,53.68,-341.6,131.76,209.84,185.44,48.8,190.32,190.32,346.48,1952
312.32,361.12,48.8,-336.72,131.76,204.96,185.44,48.8,200.08,195.2,326.96,1952
322.08,370.88,48.8,-346.48,136.64,209.84,195.2,43.92,200.08,185.44,326.96,1956.88
322.08,361.12,39.04,-341.6,141.52,200.08,195.2,48.8,200.08,185.44,331.84,1956.88
317.2,361.12,43.92,-336.72,136.64,200.08,200.08,58.56,200.08,185.44,351.36,1956.88
317.2,375.76,58.56,-346.48,126.88,214.72,204.96,68.32,200.08,195.2,361.12,1947.12
322.08,390.4,68.32,-356.24,126.88,229.36,200.08,58.56,195.2,190.32,361.12,1952
326.96,395.28,68.32,-361.12,126.88,229.36,195.2,63.44,195.2,190.32,366,1952
341.6,395.28,53.68,-366,141.52,224.48,195.2,58.56,200.08,195.2,356.24,1947.12
346.48,400.16,53.68,-370.88,146.4,224.48,190.32,53.68,200.08,195.2,341.6,1937.36
336.72,409.92,73.2,-370.88,131.76,239.12,195.2,43.92,204.96,195.2,346.48,1932.48
326.96,395.28,68.32,-361.12,126.88,229.36,204.96,48.8,200.08,200.08,346.48,1947.12
326.96,395.28,68.32,-361.12,126.88,229.36,214.72,68.32,200.08,204.96,351.36,1952
331.84,405.04,73.2,-366,126.88,239.12,224.48,73.2,204.96,214.72,361.12,1956.88
326.96,390.4,63.44,-356.24,131.76,224.48,219.6,68.32,195.2,209.84,351.36,1937.36
302.56,390.4,87.84,-346.48,107.36,239.12,214.72,63.44,195.2,200.08,346.48,1932.48
297.68,409.92,112.24,-351.36,92.72,258.64,209.84,58.56,195.2,195.2,341.6,1927.6
297.68,409.92,112.24,-351.36,92.72,258.64,204.96,58.56,195.2,195.2,341.6,1922.72
297.68,405.04,107.36,-351.36,92.72,253.76,219.6,48.8,195.2,204.96,346.48,1917.84
297.68,405.04,107.36,-351.36,92.72,253.76,219.6,53.68,204.96,209.84,351.36,1917.84
292.8,400.16,107.36,-346.48,92.72,253.76,219.6,68.32,209.84,209.84,351.36,1927.6
287.92,400.16,112.24,-341.6,87.84,253.76,219.6,53.68,209.84,209.84,346.48,1922.72
292.8,380.64,87.84,-336.72,102.48,234.24,219.6,63.44,219.6,219.6,356.24,1927.6
302.56,375.76,73.2,-336.72,112.24,224.48,219.6,68.32,214.72,224.48,361.12,1932.48
307.44,385.52,78.08,-346.48,112.24,229.36,219.6,68.32,214.72,224.48,366,1932.48
326.96,375.76,48.8,-351.36,136.64,209.84,219.6,63.44,209.84,224.48,366,1932.48
307.44,390.4,82.96,-346.48,112.24,234.24,204.96,53.68,209.84,224.48,351.36,1927.6
307.44,390.4,82.96,-346.48,112.24,234.24,195.2,53.68,214.72,224.48,351.36,1927.6
302.56,390.4,87.84,-346.48,107.36,239.12,190.32,58.56,224.48,224.48,351.36,1922.72
292.8,380.64,87.84,-336.72,102.48,234.24,190.32,58.56,229.36,224.48,356.24,1912.96
317.2,395.28,78.08,-356.24,117.12,234.24,195.2,58.56,234.24,224.48,366,1898.32
322.08,414.8,92.72,-366,112.24,253.76,204.96,58.56,229.36,229.36,366,1903.2
326.96,448.96,122,-385.52,102.48,283.04,209.84,58.56,234.24,229.36,375.76,1917.84
346.48,448.96,102.48,-395.28,122,273.28,214.72,68.32,244,234.24,380.64,1932.48
346.48,439.2,92.72,-390.4,126.88,263.52,214.72,78.08,253.76,239.12,380.64,1927.6
341.6,429.44,87.84,-385.52,126.88,258.64,214.72,68.32,248.88,239.12,385.52,1917.84
336.72,424.56,87.84,-380.64,122,253.76,219.6,68.32,248.88,244,385.52,1912.96
331.84,414.8,82.96,-370.88,122,248.88,219.6,68.32,253.76,253.76,385.52,1908.08
326.96,414.8,87.84,-370.88,117.12,248.88,224.48,78.08,263.52,263.52,370.88,1908.08
331.84,448.96,117.12,-390.4,107.36,283.04,224.48,73.2,263.52,263.52,366,1908.08
336.72,444.08,107.36,-390.4,112.24,273.28,219.6,73.2,253.76,258.64,366,1898.32
341.6,439.2,97.6,-390.4,122,268.4,214.72,73.2,244,258.64,366,1893.44
409.92,517.28,107.36,-463.6,151.28,312.32,204.96,53.68,234.24,229.36,341.6,1873.92
385.52,507.52,122,-444.08,131.76,312.32,209.84,53.68,234.24,224.48,356.24,1878.8
361.12,458.72,97.6,-409.92,131.76,278.16,229.36,68.32,253.76,253.76,370.88,1888.56
366,429.44,63.44,-395.28,151.28,244,239.12,82.96,273.28,273.28,380.64,1898.32
351.36,409.92,58.56,-380.64,146.4,234.24,234.24,78.08,263.52,273.28,380.64,1893.44
361.12,424.56,63.44,-390.4,146.4,244,234.24,68.32,263.52,263.52,370.88,1883.68
361.12,429.44,68.32,-395.28,146.4,248.88,234.24,68.32,263.52,263.52,370.88,1883.68
361.12,434.32,73.2,-395.28,141.52,253.76,234.24,68.32,263.52,263.52,370.88,1883.68
361.12,439.2,78.08,-400.16,141.52,258.64,234.24,68.32,263.52,263.52,370.88,1883.68
341.6,429.44,87.84,-385.52,126.88,258.64,224.48,58.56,258.64,258.64,361.12,1869.04
331.84,424.56,92.72,-375.76,117.12,258.64,229.36,58.56,244,253.76,366,1864.16
326.96,414.8,87.84,-370.88,117.12,248.88,229.36,53.68,248.88,248.88,366,1859.28
317.2,405.04,87.84,-361.12,112.24,244,229.36,53.68,244,248.88,366,1854.4
326.96,429.44,102.48,-375.76,112.24,263.52,229.36,63.44,248.88,253.76,375.76,1854.4
341.6,444.08,102.48,-390.4,117.12,273.28,229.36,63.44,248.88,253.76,375.76,1859.28
351.36,448.96,97.6,-400.16,126.88,273.28,234.24,63.44,248.88,248.88,380.64,1869.04
361.12,448.96,87.84,-405.04,136.64,268.4,234.24,63.44,248.88,244,380.64,1869.04
380.64,448.96,68.32,-414.8,156.16,258.64,244,68.32,253.76,258.64,385.52,1873.92
390.4,473.36,82.96,-429.44,151.28,278.16,248.88,68.32,258.64,263.52,390.4,1873.92
400.16,492.88,92.72,-444.08,151.28,292.8,253.76,68.32,248.88,263.52,395.28,1864.16
405.04,492.88,87.84,-448.96,156.16,287.92,258.64,68.32,253.76,268.4,395.28,1859.28
405.04,492.88,87.84,-448.96,156.16,287.92,239.12,58.56,244,263.52,385.52,1849.52
405.04,492.88,87.84,-448.96,156.16,287.92,248.88,63.44,248.88,263.52,390.4,1849.52
419.68,497.76,78.08,-458.72,170.8,287.92,253.76,68.32,263.52,268.4,395.28,1854.4
419.68,497.76,78.08,-458.72,170.8,287.92,253.76,68.32,263.52,268.4,395.28,1854.4
434.32,512.4,78.08,-473.36,175.68,292.8,258.64,68.32,273.28,278.16,400.16,1864.16
434.32,527.04,92.72,-478.24,170.8,307.44,258.64,58.56,273.28,283.04,405.04,1864.16
439.2,541.68,102.48,-488,165.92,322.08,273.28,68.32,278.16,292.8,414.8,1864.16
444.08,546.56,102.48,-492.88,170.8,322.08,283.04,78.08,283.04,292.8,429.44,1869.04
429.44,536.8,107.36,-483.12,161.04,322.08,283.04,87.84,287.92,302.56,434.32,1873.92
419.68,531.92,112.24,-473.36,151.28,322.08,278.16,82.96,292.8,302.56,439.2,1883.68
405.04,527.04,122,-463.6,141.52,322.08,278.16,82.96,292.8,302.56,444.08,1888.56
400.16,527.04,126.88,-463.6,136.64,326.96,278.16,82.96,297.68,302.56,453.84,1893.44
434.32,561.2,126.88,-497.76,151.28,341.6,283.04,73.2,302.56,292.8,444.08,1878.8
453.84,595.36,141.52,-522.16,156.16,366,283.04,78.08,297.68,297.68,444.08,1883.68
468.48,619.76,151.28,-541.68,156.16,385.52,283.04,97.6,297.68,302.56,453.84,1893.44
488,634.4,146.4,-561.2,170.8,390.4,278.16,97.6,302.56,312.32,458.72,1893.44
483.12,644.16,161.04,-561.2,161.04,400.16,283.04,102.48,307.44,317.2,473.36,1903.2
483.12,639.28,156.16,-561.2,161.04,395.28,268.4,97.6,312.32,322.08,468.48,1898.32
483.12,639.28,156.16,-561.2,161.04,395.28,268.4,112.24,317.2,326.96,473.36,1898.32
497.76,653.92,156.16,-575.84,170.8,405.04,273.28,117.12,326.96,336.72,483.12,1903.2
507.52,644.16,136.64,-575.84,185.44,390.4,283.04,136.64,346.48,346.48,507.52,1908.08
507.52,644.16,136.64,-575.84,185.44,390.4,292.8,151.28,351.36,351.36,507.52,1917.84
512.4,624.64,112.24,-566.08,200.08,366,292.8,151.28,351.36,351.36,507.52,1917.84
517.28,614.88,97.6,-566.08,209.84,356.24,283.04,136.64,341.6,346.48,502.64,1917.84
536.8,610,73.2,-570.96,229.36,341.6,268.4,117.12,331.84,336.72,488,1893.44
541.68,610,68.32,-575.84,234.24,336.72,263.52,117.12,322.08,326.96,483.12,1888.56
551.44,619.76,68.32,-585.6,239.12,341.6,253.76,112.24,312.32,326.96,478.24,1878.8
556.32,629.52,73.2,-590.48,239.12,351.36,244,102.48,302.56,322.08,468.48,1869.04
556.32,605.12,48.8,-580.72,253.76,326.96,239.12,107.36,302.56,322.08,478.24,1873.92
546.56,590.48,43.92,-566.08,248.88,317.2,244,102.48,307.44,322.08,473.36,1873.92
546.56,590.48,43.92,-566.08,248.88,317.2,234.24,92.72,302.56,322.08,468.48,1869.04
546.56,605.12,58.56,-575.84,244,331.84,229.36,92.72,292.8,312.32,453.84,1869.04
541.68,610,68.32,-575.84,234.24,336.72,219.6,78.08,283.04,302.56,444.08,1859.28
536.8,600.24,63.44,-566.08,234.24,331.84,219.6,73.2,278.16,297.68,434.32,1849.52
512.4,590.48,78.08,-551.44,214.72,331.84,224.48,73.2,278.16,297.68,434.32,1844.64
497.76,585.6,87.84,-541.68,204.96,336.72,234.24,73.2,278.16,302.56,444.08,1839.76
507.52,595.36,87.84,-551.44,209.84,341.6,239.12,63.44,278.16,302.56,434.32,1830
502.64,600.24,97.6,-551.44,200.08,346.48,239.12,63.44,273.28,292.8,424.56,1820.24
502.64,585.6,82.96,-541.68,209.84,331.84,239.12,63.44,268.4,287.92,414.8,1815.36
488,580.72,92.72,-531.92,195.2,336.72,234.24,53.68,263.52,287.92,414.8,1810.48
483.12,585.6,102.48,-531.92,190.32,341.6,234.24,58.56,268.4,278.16,419.68,1800.72
483.12,590.48,107.36,-536.8,185.44,346.48,234.24,53.68,268.4,273.28,414.8,1800.72
478.24,590.48,112.24,-531.92,180.56,351.36,224.48,43.92,258.64,268.4,414.8,1795.84
478.24,595.36,117.12,-536.8,180.56,356.24,219.6,43.92,248.88,263.52,409.92,1790.96
478.24,580.72,102.48,-527.04,185.44,341.6,209.84,34.16,244,258.64,385.52,1781.2
473.36,570.96,97.6,-522.16,185.44,331.84,204.96,19.52,234.24,248.88,380.64,1771.44
468.48,566.08,97.6,-517.28,185.44,331.84,200.08,9.76,229.36,244,375.76,1766.56
463.6,551.44,87.84,-507.52,185.44,317.2,200.08,4.88,219.6,229.36,366,1756.8
453.84,531.92,78.08,-492.88,185.44,302.56,204.96,9.76,229.36,234.24,375.76,1756.8
444.08,507.52,63.44,-473.36,190.32,283.04,209.84,14.64,234.24,244,375.76,1756.8
419.68,488,68.32,-453.84,175.68,278.16,214.72,19.52,234.24,248.88,375.76,1756.8
400.16,453.84,53.68,-424.56,170.8,253.76,219.6,24.4,234.24,253.76,375.76,1756.8
380.64,463.6,82.96,-419.68,146.4,273.28,209.84,14.64,224.48,244,370.88,1751.92
395.28,478.24,82.96,-434.32,156.16,278.16,209.84,14.64,224.48,244,366,1747.04
400.16,492.88,92.72,-444.08,151.28,292.8,209.84,14.64,224.48,244,361.12,1742.16
400.16,492.88,92.72,-444.08,151.28,292.8,200.08,4.88,214.72,239.12,351.36,1732.4
419.68,507.52,87.84,-463.6,165.92,297.68,209.84,9.76,229.36,248.88,356.24,1732.4
429.44,502.64,73.2,-463.6,175.68,287.92,214.72,14.64,234.24,253.76,361.12,1737.28
444.08,512.4,68.32,-478.24,185.44,287.92,224.48,19.52,239.12,258.64,366,1742.16
468.48,522.16,53.68,-492.88,204.96,287.92,229.36,24.4,244,263.52,370.88,1747.04
468.48,531.92,63.44,-497.76,200.08,297.68,219.6,24.4,239.12,253.76,361.12,1742.16
473.36,556.32,82.96,-512.4,195.2,317.2,219.6,24.4,234.24,253.76,361.12,1737.28
473.36,566.08,92.72,-517.28,190.32,326.96,219.6,24.4,229.36,253.76,361.12,1732.4
463.6,556.32,92.72,-507.52,185.44,322.08,219.6,24.4,224.48,253.76,366,1727.52
434.32,536.8,102.48,-483.12,165.92,317.2,219.6,24.4,224.48,253.76,370.88,1722.64
424.56,531.92,107.36,-478.24,156.16,317.2,219.6,24.4,224.48,253.76,370.88,1717.76
424.56,531.92,107.36,-478.24,156.16,317.2,219.6,24.4,224.48,258.64,366,1712.88
414.8,527.04,112.24,-468.48,151.28,317.2,219.6,29.28,229.36,258.64,361.12,1708
414.8,512.4,97.6,-463.6,156.16,302.56,234.24,29.28,239.12,263.52,370.88,1708
409.92,507.52,97.6,-458.72,156.16,302.56,234.24,34.16,239.12,268.4,370.88,1708
409.92,507.52,97.6,-458.72,156.16,302.56,234.24,34.16,234.24,268.4,370.88,1703.12
414.8,522.16,107.36,-468.48,151.28,312.32,229.36,34.16,234.24,273.28,370.88,1698.24
424.56,512.4,87.84,-468.48,165.92,297.68,239.12,43.92,224.48,273.28,366,1693.36
424.56,527.04,102.48,-473.36,161.04,312.32,239.12,39.04,229.36,273.28,366,1693.36
434.32,531.92,97.6,-483.12,165.92,312.32,239.12,39.04,229.36,273.28,366,1688.48
439.2,536.8,97.6,-488,170.8,317.2,244,43.92,229.36,273.28,366,1683.6
429.44,546.56,117.12,-488,156.16,331.84,239.12,63.44,224.48,263.52,356.24,1649.44
409.92,517.28,107.36,-463.6,151.28,312.32,239.12,78.08,224.48,263.52,346.48,1634.8
380.64,492.88,112.24,-434.32,131.76,302.56,244,82.96,214.72,253.76,322.08,1615.28
385.52,502.64,117.12,-444.08,131.76,307.44,263.52,107.36,234.24,263.52,331.84,1625.04
385.52,517.28,131.76,-448.96,126.88,322.08,297.68,161.04,278.16,292.8,361.12,1644.56
375.76,522.16,146.4,-448.96,112.24,331.84,322.08,224.48,312.32,322.08,380.64,1659.2
414.8,522.16,107.36,-468.48,151.28,312.32,346.48,317.2,356.24,361.12,400.16,1668.96
448.96,566.08,117.12,-507.52,165.92,341.6,380.64,414.8,419.68,424.56,439.2,1688.48
448.96,595.36,146.4,-522.16,151.28,370.88,414.8,522.16,502.64,497.76,497.76,1727.52
468.48,610,141.52,-536.8,161.04,375.76,453.84,639.28,610,605.12,570.96,1786.08
527.04,658.8,131.76,-590.48,195.2,395.28,507.52,785.68,722.24,727.12,658.8,1869.04
541.68,683.2,141.52,-610,200.08,409.92,517.28,917.44,834.48,844.24,761.28,1937.36
580.72,722.24,141.52,-649.04,219.6,429.44,507.52,1049.2,956.48,956.48,839.36,2005.68
697.84,834.48,136.64,-766.16,278.16,483.12,492.88,1156.56,1068.72,1068.72,932.08,2078.88
775.92,936.96,161.04,-854,307.44,546.56,414.8,1156.56,1171.2,1180.96,1019.92,2166.72
790.56,961.36,170.8,-873.52,307.44,566.08,273.28,1000.4,1210.24,1259.04,1098,2244.8
863.76,985.76,122,-922.32,370.88,551.44,102.48,814.96,1215.12,1307.84,1151.68,2298.48
912.56,971.12,58.56,-941.84,424.56,512.4,-43.92,678.32,1215.12,1337.12,1171.2,2318
912.56,936.96,24.4,-922.32,444.08,478.24,-151.28,619.76,1234.64,1366.4,1176.08,2308.24
917.44,912.56,-4.88,-912.56,458.72,453.84,-190.32,580.72,1234.64,1366.4,1156.56,2278.96
878.4,878.4,0,-878.4,439.2,439.2,-195.2,473.36,1195.6,1327.36,1127.28,2249.68
775.92,795.44,19.52,-785.68,375.76,405.04,-224.48,297.68,1019.92,1161.44,1010.16,2156.96
663.68,688.08,24.4,-673.44,317.2,356.24,-234.24,161.04,761.28,873.52,771.04,1961.76
590.48,590.48,0,-590.48,292.8,292.8,-244,63.44,527.04,614.88,566.08,1786.08
517.28,497.76,-19.52,-507.52,268.4,239.12,-244,-48.8,361.12,419.68,414.8,1664.08
434.32,419.68,-14.64,-424.56,224.48,200.08,-219.6,-209.84,175.68,258.64,292.8,1566.48
380.64,366,-14.64,-370.88,195.2,175.68,-161.04,-356.24,24.4,126.88,219.6,1503.04
400.16,380.64,-19.52,-390.4,209.84,180.56,-107.36,-380.64,-24.4,78.08,195.2,1473.76
424.56,380.64,-43.92,-400.16,234.24,165.92,-73.2,-268.4,14.64,112.24,209.84,1473.76
395.28,317.2,-78.08,-356.24,234.24,117.12,-48.8,-161.04,68.32,151.28,229.36,1468.88
346.48,268.4,-78.08,-307.44,209.84,92.72,-4.88,-117.12,102.48,180.56,239.12,1488.4
366,297.68,-68.32,-331.84,214.72,112.24,29.28,-102.48,131.76,200.08,244,1498.16
405.04,331.84,-73.2,-366,239.12,126.88,58.56,-73.2,161.04,214.72,253.76,1493.28
400.16,346.48,-53.68,-370.88,224.48,146.4,97.6,-39.04,180.56,239.12,263.52,1503.04
414.8,370.88,-43.92,-390.4,229.36,161.04,136.64,-29.28,190.32,239.12,268.4,1503.04
424.56,409.92,-14.64,-414.8,219.6,195.2,146.4,-24.4,185.44,239.12,248.88,1498.16
409.92,429.44,19.52,-419.68,195.2,224.48,156.16,-4.88,185.44,239.12,248.88,1503.04
405.04,429.44,24.4,-414.8,190.32,224.48,156.16,0,175.68,239.12,253.76,1498.16
405.04,424.56,19.52,-414.8,190.32,219.6,151.28,-4.88,180.56,229.36,248.88,1488.4
370.88,448.96,78.08,-409.92,146.4,263.52,165.92,0,185.44,239.12,253.76,1488.4
283.04,468.48,185.44,-375.76,48.8,326.96,209.84,48.8,219.6,268.4,287.92,1512.8
234.24,448.96,214.72,-341.6,9.76,331.84,248.88,68.32,248.88,297.68,317.2,1542.08
253.76,463.6,209.84,-356.24,19.52,336.72,248.88,68.32,239.12,302.56,307.44,1546.96
258.64,463.6,204.96,-361.12,24.4,331.84,258.64,78.08,244,302.56,302.56,1527.44
263.52,463.6,200.08,-361.12,29.28,331.84,258.64,92.72,244,297.68,297.68,1517.68
268.4,458.72,190.32,-361.12,39.04,322.08,253.76,97.6,239.12,287.92,287.92,1512.8
268.4,448.96,180.56,-356.24,43.92,312.32,253.76,92.72,244,287.92,273.28,1503.04
258.64,429.44,170.8,-341.6,43.92,297.68,253.76,92.72,244,287.92,268.4,1503.04
244,429.44,185.44,-336.72,29.28,307.44,253.76,87.84,239.12,278.16,278.16,1507.92
244,434.32,190.32,-336.72,24.4,312.32,248.88,87.84,234.24,278.16,273.28,1507.92
239.12,444.08,204.96,-341.6,14.64,322.08,234.24,78.08,224.48,278.16,268.4,1493.28
239.12,439.2,200.08,-336.72,19.52,317.2,234.24,73.2,229.36,283.04,268.4,1498.16
234.24,424.56,190.32,-326.96,19.52,307.44,239.12,73.2,229.36,287.92,268.4,1498.16
229.36,419.68,190.32,-322.08,19.52,302.56,239.12,73.2,229.36,287.92,273.28,1498.16
219.6,409.92,190.32,-312.32,14.64,297.68,239.12,73.2,224.48,287.92,263.52,1493.28
219.6,395.28,175.68,-307.44,19.52,283.04,244,78.08,229.36,283.04,263.52,1483.52
219.6,390.4,170.8,-302.56,24.4,278.16,239.12,87.84,229.36,278.16,258.64,1478.64
214.72,395.28,180.56,-302.56,14.64,287.92,229.36,87.84,229.36,268.4,253.76,1464
195.2,390.4,195.2,-292.8,0,292.8,239.12,87.84,234.24,273.28,268.4,1473.76
185.44,390.4,204.96,-287.92,-9.76,297.68,239.12,82.96,234.24,278.16,278.16,1473.76
190.32,390.4,200.08,-287.92,-4.88,292.8,239.12,82.96,234.24,283.04,292.8,1483.52
180.56,395.28,214.72,-287.92,-19.52,302.56,234.24,73.2,239.12,292.8,297.68,1483.52
170.8,375.76,204.96,-273.28,-19.52,287.92,224.48,73.2,239.12,292.8,287.92,1473.76
175.68,361.12,185.44,-268.4,-4.88,273.28,224.48,73.2,239.12,292.8,287.92,1478.64
175.68,341.6,165.92,-258.64,4.88,253.76,234.24,87.84,244,297.68,292.8,1478.64
165.92,326.96,161.04,-244,0,244,244,102.48,248.88,302.56,297.68,1488.4
156.16,302.56,146.4,-229.36,4.88,224.48,253.76,92.72,248.88,312.32,297.68,1488.4
156.16,302.56,146.4,-229.36,4.88,224.48,248.88,92.72,248.88,307.44,297.68,1478.64
146.4,302.56,156.16,-224.48,-4.88,229.36,248.88,92.72,248.88,307.44,297.68,1478.64
146.4,307.44,161.04,-224.48,-9.76,234.24,244,92.72,248.88,307.44,297.68,1483.52
161.04,317.2,156.16,-239.12,0,234.24,229.36,78.08,244,297.68,297.68,1488.4
156.16,346.48,190.32,-248.88,-19.52,268.4,224.48,78.08,244,292.8,297.68,1483.52
151.28,336.72,185.44,-244,-19.52,258.64,209.84,73.2,244,287.92,292.8,1478.64
141.52,341.6,200.08,-239.12,-29.28,268.4,204.96,73.2,248.88,287.92,287.92,1468.88
146.4,361.12,214.72,-253.76,-34.16,287.92,214.72,73.2,239.12,283.04,287.92,1464
151.28,346.48,195.2,-248.88,-24.4,268.4,219.6,82.96,239.12,287.92,292.8,1464
156.16,346.48,190.32,-248.88,-19.52,268.4,219.6,92.72,248.88,287.92,297.68,1464
165.92,351.36,185.44,-258.64,-9.76,268.4,219.6,97.6,248.88,297.68,312.32,1468.88
170.8,375.76,204.96,-273.28,-19.52,287.92,214.72,102.48,244,302.56,312.32,1473.76
175.68,366,190.32,-268.4,-9.76,278.16,204.96,97.6,244,302.56,317.2,1473.76
180.56,361.12,180.56,-268.4,0,268.4,190.32,78.08,239.12,297.68,312.32,1468.88
170.8,351.36,180.56,-258.64,-4.88,263.52,175.68,73.2,239.12,297.68,307.44,1459.12
180.56,341.6,161.04,-258.64,9.76,248.88,185.44,78.08,248.88,307.44,312.32,1468.88
204.96,356.24,151.28,-278.16,24.4,253.76,185.44,82.96,258.64,312.32,312.32,1473.76
224.48,361.12,136.64,-292.8,43.92,248.88,180.56,82.96,263.52,322.08,312.32,1478.64
224.48,366,141.52,-292.8,39.04,253.76,180.56,87.84,268.4,326.96,312.32,1478.64
190.32,351.36,161.04,-268.4,14.64,253.76,175.68,78.08,258.64,317.2,302.56,1468.88
180.56,361.12,180.56,-268.4,0,268.4,170.8,78.08,253.76,312.32,302.56,1459.12
165.92,370.88,204.96,-268.4,-19.52,287.92,165.92,73.2,248.88,307.44,317.2,1454.24
156.16,356.24,200.08,-253.76,-24.4,278.16,156.16,63.44,244,302.56,317.2,1449.36
161.04,346.48,185.44,-253.76,-14.64,263.52,165.92,73.2,258.64,312.32,317.2,1459.12
170.8,346.48,175.68,-258.64,-4.88,258.64,161.04,73.2,258.64,317.2,302.56,1449.36
185.44,336.72,151.28,-258.64,14.64,244,161.04,78.08,263.52,317.2,302.56,1449.36
200.08,356.24,156.16,-278.16,19.52,253.76,161.04,78.08,263.52,317.2,322.08,1454.24
195.2,351.36,156.16,-273.28,19.52,253.76,170.8,68.32,258.64,322.08,331.84,1464
200.08,366,165.92,-283.04,14.64,263.52,156.16,73.2,258.64,322.08,331.84,1464
195.2,366,170.8,-278.16,9.76,268.4,156.16,82.96,263.52,326.96,341.6,1459.12
190.32,370.88,180.56,-278.16,4.88,273.28,156.16,87.84,268.4,326.96,341.6,1459.12
209.84,390.4,180.56,-297.68,14.64,283.04,146.4,78.08,258.64,317.2,336.72,1449.36
214.72,375.76,161.04,-292.8,24.4,268.4,146.4,78.08,258.64,317.2,331.84,1454.24
209.84,375.76,165.92,-292.8,19.52,268.4,141.52,78.08,258.64,322.08,331.84,1459.12
234.24,375.76,141.52,-302.56,43.92,258.64,141.52,78.08,258.64,326.96,331.84,1473.76
253.76,370.88,117.12,-312.32,68.32,244,146.4,82.96,263.52,336.72,341.6,1473.76
268.4,385.52,117.12,-326.96,73.2,248.88,141.52,82.96,268.4,336.72,341.6,1473.76
253.76,375.76,122,-312.32,63.44,248.88,141.52,87.84,278.16,341.6,351.36,1478.64
244,361.12,117.12,-302.56,63.44,239.12,141.52,87.84,287.92,351.36,356.24,1488.4
229.36,351.36,122,-287.92,53.68,234.24,126.88,82.96,283.04,346.48,356.24,1483.52
229.36,346.48,117.12,-287.92,53.68,229.36,122,87.84,283.04,336.72,351.36,1478.64
244,341.6,97.6,-292.8,73.2,219.6,122,87.84,278.16,331.84,366,1478.64
244,331.84,87.84,-287.92,78.08,209.84,112.24,82.96,278.16,326.96,370.88,1478.64
244,341.6,97.6,-292.8,73.2,219.6,97.6,73.2,273.28,322.08,366,1478.64
229.36,370.88,141.52,-297.68,43.92,253.76,97.6,73.2,268.4,322.08,361.12,1473.76
244,380.64,136.64,-312.32,53.68,258.64,97.6,73.2,273.28,331.84,356.24,1468.88
258.64,385.52,126.88,-322.08,63.44,253.76,87.84,68.32,268.4,336.72,346.48,1464
273.28,375.76,102.48,-322.08,82.96,239.12,73.2,78.08,268.4,346.48,361.12,1468.88
273.28,380.64,107.36,-326.96,82.96,244,73.2,78.08,268.4,346.48,361.12,1473.76
273.28,380.64,107.36,-326.96,82.96,244,73.2,87.84,268.4,346.48,351.36,1473.76
273.28,375.76,102.48,-322.08,82.96,239.12,78.08,87.84,278.16,351.36,370.88,1478.64
287.92,361.12,73.2,-322.08,107.36,214.72,68.32,78.08,278.16,346.48,375.76,1478.64
307.44,366,58.56,-336.72,122,209.84,58.56,78.08,268.4,346.48,370.88,1483.52
322.08,370.88,48.8,-346.48,136.64,209.84,58.56,68.32,263.52,336.72,361.12,1478.64
317.2,366,48.8,-341.6,131.76,204.96,48.8,58.56,263.52,336.72,356.24,1464
312.32,356.24,43.92,-331.84,131.76,200.08,39.04,58.56,268.4,351.36,370.88,1464
322.08,361.12,39.04,-341.6,141.52,200.08,53.68,68.32,273.28,356.24,375.76,1468.88
326.96,385.52,58.56,-356.24,131.76,219.6,53.68,68.32,273.28,356.24,375.76,1473.76
336.72,390.4,53.68,-361.12,141.52,219.6,53.68,63.44,273.28,356.24,375.76,1473.76
317.2,380.64,63.44,-346.48,126.88,219.6,43.92,58.56,268.4,341.6,366,1459.12
307.44,380.64,73.2,-341.6,117.12,224.48,39.04,53.68,268.4,341.6,361.12,1454.24
297.68,385.52,87.84,-341.6,102.48,234.24,34.16,43.92,263.52,341.6,361.12,1459.12
287.92,385.52,97.6,-336.72,92.72,239.12,29.28,34.16,258.64,336.72,366,1454.24
283.04,375.76,92.72,-326.96,92.72,234.24,29.28,34.16,258.64,346.48,356.24,1464
317.2,390.4,73.2,-351.36,122,229.36,34.16,39.04,258.64,341.6,356.24,1454.24
317.2,395.28,78.08,-356.24,117.12,234.24,43.92,24.4,258.64,341.6,356.24,1454.24
322.08,395.28,73.2,-356.24,122,234.24,48.8,29.28,248.88,351.36,361.12,1454.24
331.84,390.4,58.56,-361.12,136.64,224.48,48.8,34.16,248.88,341.6,356.24,1444.48
331.84,390.4,58.56,-361.12,136.64,224.48,58.56,34.16,248.88,341.6,361.12,1444.48
331.84,395.28,63.44,-361.12,131.76,229.36,58.56,34.16,248.88,341.6,361.12,1444.48
356.24,424.56,68.32,-390.4,141.52,244,58.56,34.16,248.88,336.72,356.24,1449.36
341.6,419.68,78.08,-380.64,131.76,248.88,48.8,29.28,239.12,326.96,351.36,1439.6
322.08,395.28,73.2,-356.24,122,234.24,48.8,24.4,239.12,326.96,341.6,1429.84
317.2,409.92,92.72,-361.12,112.24,248.88,53.68,9.76,239.12,326.96,326.96,1429.84
312.32,380.64,68.32,-346.48,122,224.48,53.68,4.88,239.12,322.08,322.08,1420.08
307.44,370.88,63.44,-336.72,122,214.72,53.68,4.88,229.36,326.96,317.2,1410.32
302.56,356.24,53.68,-326.96,122,204.96,53.68,0,219.6,322.08,322.08,1405.44
287.92,346.48,58.56,-317.2,112.24,200.08,68.32,0,219.6,322.08,326.96,1405.44
278.16,331.84,53.68,-302.56,112.24,190.32,68.32,0,219.6,317.2,326.96,1405.44
287.92,331.84,43.92,-307.44,122,185.44,68.32,-4.88,219.6,312.32,312.32,1395.68
287.92,331.84,43.92,-307.44,122,185.44,68.32,-4.88,214.72,312.32,312.32,1395.68
278.16,331.84,53.68,-302.56,112.24,190.32,78.08,-4.88,214.72,312.32,312.32,1385.92
278.16,346.48,68.32,-312.32,102.48,204.96,82.96,-4.88,204.96,302.56,312.32,1385.92
287.92,341.6,53.68,-312.32,117.12,195.2,87.84,-4.88,204.96,302.56,292.8,1381.04
283.04,322.08,39.04,-302.56,122,180.56,92.72,0,209.84,297.68,287.92,1381.04
278.16,307.44,29.28,-292.8,122,165.92,102.48,-4.88,209.84,297.68,283.04,1371.28
278.16,302.56,24.4,-287.92,126.88,161.04,107.36,-4.88,209.84,287.92,278.16,1366.4
263.52,307.44,43.92,-283.04,107.36,175.68,117.12,-14.64,195.2,278.16,278.16,1351.76
253.76,302.56,48.8,-278.16,102.48,175.68,117.12,-24.4,190.32,273.28,278.16,1337.12
239.12,297.68,58.56,-268.4,87.84,175.68,122,-14.64,190.32,273.28,278.16,1332.24
229.36,287.92,58.56,-258.64,82.96,170.8,131.76,-4.88,185.44,273.28,273.28,1332.24
224.48,312.32,87.84,-268.4,68.32,200.08,122,-24.4,170.8,258.64,258.64,1322.48
234.24,312.32,78.08,-273.28,78.08,195.2,117.12,-29.28,156.16,258.64,239.12,1307.84
244,302.56,58.56,-273.28,92.72,180.56,112.24,-34.16,151.28,244,229.36,1307.84
253.76,302.56,48.8,-278.16,102.48,175.68,107.36,-34.16,146.4,239.12,224.48,1317.6
239.12,302.56,63.44,-268.4,87.84,180.56,97.6,-39.04,136.64,234.24,219.6,1302.96
219.6,287.92,68.32,-253.76,73.2,175.68,97.6,-43.92,131.76,234.24,214.72,1298.08
200.08,278.16,78.08,-239.12,58.56,175.68,102.48,-48.8,131.76,229.36,209.84,1273.68
195.2,268.4,73.2,-229.36,58.56,170.8,102.48,-58.56,131.76,214.72,204.96,1259.04
200.08,253.76,53.68,-224.48,73.2,151.28,117.12,-58.56,126.88,219.6,214.72,1268.8
185.44,234.24,48.8,-209.84,68.32,141.52,122,-53.68,126.88,219.6,214.72,1268.8
180.56,214.72,34.16,-195.2,73.2,122,122,-53.68,126.88,214.72,209.84,1259.04
180.56,200.08,19.52,-190.32,78.08,107.36,131.76,-48.8,122,214.72,204.96,1259.04
185.44,209.84,24.4,-195.2,78.08,117.12,122,-48.8,112.24,200.08,185.44,1259.04
190.32,229.36,39.04,-209.84,73.2,131.76,122,-53.68,102.48,195.2,180.56,1254.16
190.32,229.36,39.04,-209.84,73.2,131.76,122,-68.32,97.6,190.32,175.68,1249.28
195.2,229.36,34.16,-209.84,78.08,131.76,122,-63.44,97.6,190.32,170.8,1229.76
204.96,234.24,29.28,-219.6,87.84,131.76,131.76,-58.56,102.48,204.96,190.32,1229.76
195.2,234.24,39.04,-214.72,78.08,136.64,131.76,-53.68,112.24,204.96,190.32,1239.52
185.44,239.12,53.68,-209.84,63.44,146.4,131.76,-58.56,117.12,200.08,190.32,1249.28
170.8,239.12,68.32,-204.96,48.8,151.28,131.76,-53.68,117.12,195.2,190.32,1239.52
161.04,219.6,58.56,-190.32,48.8,136.64,131.76,-53.68,102.48,195.2,170.8,1229.76
165.92,219.6,53.68,-190.32,53.68,136.64,131.76,-43.92,97.6,200.08,170.8,1229.76
175.68,224.48,48.8,-200.08,63.44,136.64,136.64,-43.92,97.6,200.08,180.56,1239.52
185.44,244,58.56,-214.72,63.44,151.28,136.64,-58.56,92.72,190.32,180.56,1249.28
180.56,234.24,53.68,-204.96,63.44,141.52,117.12,-73.2,68.32,180.56,165.92,1215.12
151.28,229.36,78.08,-190.32,34.16,151.28,117.12,-78.08,68.32,175.68,161.04,1205.36
141.52,219.6,78.08,-180.56,29.28,146.4,122,-78.08,68.32,175.68,156.16,1200.48
122,219.6,97.6,-170.8,9.76,156.16,122,-78.08,73.2,175.68,146.4,1195.6
136.64,214.72,78.08,-175.68,29.28,146.4,112.24,-73.2,63.44,165.92,151.28,1190.72
131.76,209.84,78.08,-170.8,24.4,141.52,112.24,-73.2,68.32,165.92,151.28,1190.72
156.16,204.96,48.8,-180.56,53.68,126.88,112.24,-73.2,68.32,161.04,146.4,1180.96
185.44,200.08,14.64,-190.32,82.96,107.36,112.24,-78.08,58.56,156.16,146.4,1180.96
185.44,204.96,19.52,-195.2,82.96,112.24,112.24,-68.32,58.56,170.8,156.16,1195.6
175.68,219.6,43.92,-195.2,63.44,131.76,112.24,-68.32,63.44,175.68,161.04,1190.72
190.32,224.48,34.16,-204.96,78.08,126.88,117.12,-68.32,58.56,175.68,161.04,1190.72
190.32,229.36,39.04,-209.84,73.2,131.76,131.76,-68.32,73.2,180.56,161.04,1185.84
180.56,195.2,14.64,-185.44,82.96,102.48,122,-68.32,63.44,170.8,156.16,1176.08
180.56,219.6,39.04,-200.08,68.32,126.88,126.88,-63.44,63.44,170.8,151.28,1180.96
195.2,234.24,39.04,-214.72,78.08,136.64,131.76,-63.44,68.32,175.68,146.4,1180.96
185.44,234.24,48.8,-209.84,68.32,141.52,131.76,-68.32,68.32,175.68,141.52,1180.96
165.92,214.72,48.8,-190.32,58.56,131.76,122,-73.2,53.68,170.8,126.88,1176.08
170.8,214.72,43.92,-190.32,63.44,126.88,107.36,-78.08,39.04,156.16,122,1166.32
165.92,214.72,48.8,-190.32,58.56,131.76,97.6,-82.96,34.16,151.28,117.12,1151.68
156.16,214.72,58.56,-185.44,48.8,136.64,87.84,-87.84,34.16,146.4,92.72,1141.92
146.4,209.84,63.44,-175.68,39.04,136.64,92.72,-82.96,43.92,156.16,92.72,1146.8
136.64,195.2,58.56,-165.92,39.04,126.88,97.6,-78.08,43.92,156.16,97.6,1146.8
122,190.32,68.32,-156.16,24.4,126.88,107.36,-68.32,43.92,156.16,117.12,1146.8
112.24,200.08,87.84,-156.16,9.76,141.52,117.12,-58.56,43.92,165.92,126.88,1137.04
126.88,209.84,82.96,-165.92,19.52,146.4,126.88,-53.68,53.68,175.68,136.64,1156.56
131.76,209.84,78.08,-170.8,24.4,141.52,126.88,-43.92,58.56,180.56,151.28,1161.44
146.4,204.96,58.56,-175.68,43.92,131.76,131.76,-43.92,68.32,190.32,151.28,1161.44
151.28,204.96,53.68,-175.68,48.8,126.88,131.76,-43.92,73.2,195.2,146.4,1156.56
151.28,219.6,68.32,-185.44,39.04,141.52,122,-58.56,63.44,185.44,131.76,1141.92
141.52,209.84,68.32,-175.68,34.16,136.64,117.12,-58.56,53.68,180.56,122,1146.8
141.52,214.72,73.2,-175.68,34.16,141.52,112.24,-43.92,48.8,175.68,117.12,1141.92
146.4,229.36,82.96,-185.44,29.28,156.16,107.36,-43.92,48.8,175.68,117.12,1137.04
156.16,195.2,39.04,-175.68,58.56,117.12,122,-39.04,53.68,180.56,126.88,1141.92
136.64,195.2,58.56,-165.92,39.04,126.88,126.88,-34.16,58.56,180.56,122,1141.92
136.64,214.72,78.08,-175.68,29.28,146.4,131.76,-29.28,63.44,185.44,117.12,1141.92
141.52,214.72,73.2,-175.68,34.16,141.52,136.64,-19.52,68.32,195.2,117.12,1141.92
165.92,224.48,58.56,-195.2,53.68,141.52,126.88,-34.16,53.68,185.44,112.24,1127.28
170.8,229.36,58.56,-200.08,53.68,141.52,122,-34.16,58.56,190.32,117.12,1127.28
170.8,229.36,58.56,-200.08,53.68,141.52,117.12,-24.4,58.56,190.32,117.12,1137.04
170.8,234.24,63.44,-200.08,53.68,146.4,112.24,-43.92,53.68,190.32,112.24,1132.16
161.04,229.36,68.32,-195.2,43.92,146.4,122,-34.16,63.44,180.56,112.24,1132.16
165.92,229.36,63.44,-195.2,48.8,146.4,122,-29.28,58.56,185.44,117.12,1132.16
165.92,244,78.08,-204.96,43.92,161.04,122,-29.28,58.56,185.44,122,1127.28
180.56,239.12,58.56,-209.84,58.56,146.4,122,-34.16,53.68,185.44,122,1122.4
175.68,248.88,73.2,-209.84,48.8,161.04,112.24,-43.92,39.04,185.44,107.36,1112.64
180.56,244,63.44,-209.84,58.56,151.28,107.36,-43.92,39.04,185.44,107.36,1117.52
180.56,239.12,58.56,-209.84,58.56,146.4,107.36,-39.04,43.92,185.44,107.36,1117.52
175.68,224.48,48.8,-200.08,63.44,136.64,112.24,-39.04,43.92,185.44,112.24,1112.64
190.32,219.6,29.28,-204.96,78.08,122,126.88,-19.52,63.44,200.08,117.12,1107.76
185.44,219.6,34.16,-200.08,73.2,126.88,136.64,-9.76,63.44,209.84,122,1112.64
180.56,234.24,53.68,-204.96,63.44,141.52,141.52,0,73.2,214.72,136.64,1127.28
190.32,214.72,24.4,-200.08,82.96,117.12,146.4,19.52,87.84,224.48,146.4,1141.92
185.44,224.48,39.04,-204.96,73.2,131.76,141.52,19.52,73.2,209.84,131.76,1127.28
175.68,224.48,48.8,-200.08,63.44,136.64,136.64,9.76,63.44,200.08,131.76,1117.52
165.92,229.36,63.44,-195.2,48.8,146.4,136.64,9.76,58.56,195.2,126.88,1112.64
156.16,229.36,73.2,-190.32,39.04,151.28,131.76,9.76,58.56,195.2,122,1107.76
136.64,219.6,82.96,-175.68,24.4,151.28,126.88,-4.88,53.68,195.2,117.12,1102.88
136.64,244,107.36,-190.32,14.64,175.68,117.12,-14.64,48.8,195.2,112.24,1098
136.64,229.36,92.72,-180.56,19.52,161.04,102.48,-19.52,34.16,190.32,112.24,1083.36
136.64,214.72,78.08,-175.68,29.28,146.4,87.84,-24.4,19.52,190.32,112.24,1073.6
170.8,224.48,53.68,-195.2,58.56,136.64,102.48,-14.64,24.4,190.32,126.88,1083.36
209.84,244,34.16,-224.48,87.84,136.64,122,-14.64,39.04,195.2,131.76,1098
209.84,263.52,53.68,-234.24,78.08,156.16,126.88,-9.76,43.92,195.2,136.64,1098
219.6,263.52,43.92,-239.12,87.84,151.28,122,-4.88,39.04,195.2,136.64,1088.24
190.32,224.48,34.16,-204.96,78.08,126.88,151.28,9.76,63.44,214.72,156.16,1117.52
156.16,244,87.84,-200.08,34.16,165.92,156.16,19.52,68.32,224.48,165.92,1122.4
161.04,244,82.96,-200.08,39.04,161.04,141.52,4.88,53.68,219.6,151.28,1107.76
165.92,244,78.08,-204.96,43.92,161.04,136.64,0,48.8,214.72,146.4,1102.88
170.8,244,73.2,-204.96,48.8,156.16,131.76,-4.88,43.92,209.84,141.52,1098
175.68,244,68.32,-209.84,53.68,156.16,126.88,-9.76,39.04,204.96,136.64,1093.12
195.2,258.64,63.44,-224.48,63.44,161.04,136.64,-4.88,48.8,204.96,136.64,1083.36
204.96,268.4,63.44,-234.24,68.32,165.92,141.52,0,39.04,204.96,141.52,1083.36
219.6,273.28,53.68,-244,82.96,161.04,141.52,0,48.8,204.96,141.52,1083.36
229.36,278.16,48.8,-253.76,87.84,161.04,141.52,4.88,48.8,209.84,141.52,1083.36
234.24,292.8,58.56,-263.52,87.84,175.68,131.76,9.76,53.68,214.72,141.52,1083.36
244,307.44,63.44,-273.28,87.84,185.44,131.76,14.64,53.68,214.72,141.52,1088.24
248.88,312.32,63.44,-278.16,92.72,185.44,136.64,19.52,53.68,209.84,146.4,1098
253.76,312.32,58.56,-283.04,97.6,185.44,136.64,24.4,53.68,204.96,146.4,1098
263.52,307.44,43.92,-283.04,107.36,175.68,141.52,19.52,43.92,214.72,136.64,1093.12
263.52,326.96,63.44,-292.8,97.6,195.2,141.52,19.52,43.92,214.72,136.64,1093.12
263.52,341.6,78.08,-302.56,92.72,209.84,141.52,19.52,29.28,209.84,136.64,1083.36
258.64,336.72,78.08,-297.68,87.84,204.96,141.52,19.52,29.28,209.84,131.76,1078.48
268.4,312.32,43.92,-287.92,112.24,175.68,131.76,14.64,19.52,204.96,131.76,1078.48
268.4,297.68,29.28,-283.04,117.12,161.04,141.52,14.64,24.4,204.96,136.64,1078.48
283.04,287.92,4.88,-283.04,136.64,146.4,146.4,14.64,39.04,209.84,141.52,1083.36
283.04,273.28,-9.76,-278.16,146.4,131.76,146.4,9.76,39.04,209.84,141.52,1083.36
283.04,292.8,9.76,-287.92,136.64,151.28,156.16,19.52,53.68,224.48,156.16,1093.12
278.16,322.08,43.92,-297.68,117.12,180.56,161.04,19.52,58.56,234.24,161.04,1102.88
278.16,351.36,73.2,-312.32,102.48,209.84,180.56,39.04,68.32,248.88,170.8,1112.64
278.16,370.88,92.72,-322.08,92.72,229.36,195.2,58.56,78.08,253.76,185.44,1127.28
287.92,361.12,73.2,-322.08,107.36,214.72,190.32,53.68,73.2,248.88,170.8,1117.52
283.04,356.24,73.2,-317.2,102.48,214.72,180.56,43.92,68.32,244,165.92,1112.64
273.28,351.36,78.08,-312.32,97.6,214.72,175.68,39.04,58.56,239.12,161.04,1102.88
273.28,351.36,78.08,-312.32,97.6,214.72,170.8,34.16,53.68,234.24,161.04,1093.12
292.8,366,73.2,-326.96,107.36,219.6,170.8,34.16,63.44,244,161.04,1083.36
307.44,380.64,73.2,-341.6,117.12,224.48,165.92,39.04,63.44,248.88,161.04,1093.12
317.2,385.52,68.32,-351.36,122,224.48,161.04,58.56,68.32,253.76,170.8,1107.76
331.84,380.64,48.8,-356.24,141.52,214.72,151.28,58.56,78.08,263.52,175.68,1112.64
326.96,380.64,53.68,-351.36,136.64,214.72,156.16,58.56,68.32,263.52,175.68,1102.88
317.2,375.76,58.56,-346.48,126.88,214.72,141.52,48.8,68.32,263.52,165.92,1098
307.44,375.76,68.32,-341.6,117.12,219.6,141.52,58.56,68.32,263.52,165.92,1098
312.32,390.4,78.08,-351.36,117.12,234.24,146.4,58.56,73.2,268.4,170.8,1102.88
331.84,414.8,82.96,-370.88,122,248.88,156.16,78.08,82.96,278.16,185.44,1107.76
341.6,429.44,87.84,-385.52,126.88,258.64,165.92,92.72,87.84,283.04,185.44,1117.52
356.24,424.56,68.32,-390.4,141.52,244,165.92,92.72,87.84,283.04,185.44,1117.52
370.88,429.44,58.56,-400.16,156.16,244,156.16,78.08,78.08,278.16,180.56,1117.52
395.28,414.8,19.52,-405.04,185.44,214.72,151.28,73.2,78.08,287.92,185.44,1112.64
405.04,405.04,0,-405.04,200.08,200.08,156.16,78.08,78.08,278.16,190.32,1117.52
419.68,405.04,-14.64,-409.92,214.72,195.2,156.16,78.08,78.08,278.16,195.2,1117.52
429.44,405.04,-24.4,-414.8,224.48,190.32,156.16,73.2,78.08,273.28,195.2,1117.52
419.68,395.28,-24.4,-405.04,219.6,185.44,146.4,63.44,58.56,263.52,180.56,1107.76
409.92,385.52,-24.4,-395.28,214.72,180.56,146.4,43.92,53.68,253.76,170.8,1093.12
409.92,390.4,-19.52,-400.16,214.72,185.44,131.76,19.52,39.04,244,161.04,1073.6
409.92,409.92,0,-409.92,204.96,204.96,122,4.88,19.52,224.48,141.52,1058.96
390.4,409.92,19.52,-400.16,185.44,214.72,131.76,4.88,24.4,224.48,146.4,1063.84
380.64,405.04,24.4,-390.4,175.68,214.72,131.76,4.88,24.4,219.6,141.52,1058.96
351.36,400.16,48.8,-375.76,151.28,224.48,136.64,9.76,29.28,219.6,146.4,1058.96
331.84,400.16,68.32,-366,131.76,234.24,146.4,14.64,34.16,224.48,161.04,1058.96
331.84,366,34.16,-346.48,146.4,200.08,136.64,24.4,34.16,234.24,151.28,1058.96
326.96,336.72,9.76,-331.84,156.16,170.8,131.76,24.4,29.28,224.48,141.52,1049.2
326.96,287.92,-39.04,-307.44,180.56,122,126.88,24.4,24.4,219.6,131.76,1044.32
312.32,248.88,-63.44,-278.16,185.44,92.72,117.12,14.64,19.52,219.6,131.76,1039.44
317.2,278.16,-39.04,-297.68,175.68,117.12,107.36,0,4.88,200.08,126.88,1019.92
317.2,297.68,-19.52,-307.44,165.92,136.64,107.36,-4.88,4.88,195.2,122,1019.92
312.32,312.32,0,-312.32,156.16,156.16,97.6,-14.64,-4.88,190.32,122,1015.04
312.32,331.84,19.52,-322.08,146.4,175.68,92.72,-14.64,-14.64,185.44,117.12,1010.16
307.44,341.6,34.16,-322.08,136.64,185.44,102.48,-4.88,-9.76,190.32,112.24,1019.92
307.44,336.72,29.28,-322.08,136.64,180.56,107.36,-9.76,-9.76,190.32,117.12,1019.92
307.44,336.72,29.28,-322.08,136.64,180.56,112.24,-9.76,-4.88,195.2,122,1024.8
307.44,326.96,19.52,-317.2,141.52,170.8,122,-4.88,-4.88,190.32,122,1024.8
302.56,317.2,14.64,-307.44,141.52,165.92,112.24,-19.52,-19.52,185.44,107.36,1015.04
297.68,302.56,4.88,-297.68,146.4,151.28,102.48,-24.4,-19.52,185.44,102.48,1005.28
278.16,292.8,14.64,-283.04,131.76,151.28,92.72,-29.28,-24.4,180.56,97.6,995.52
263.52,268.4,4.88,-263.52,126.88,136.64,82.96,-34.16,-29.28,175.68,92.72,985.76
273.28,292.8,19.52,-283.04,126.88,156.16,92.72,-24.4,-19.52,175.68,92.72,995.52
297.68,322.08,24.4,-307.44,136.64,170.8,92.72,-24.4,-19.52,175.68,92.72,995.52
312.32,351.36,39.04,-331.84,136.64,195.2,92.72,-24.4,-19.52,175.68,92.72,995.52
322.08,366,43.92,-341.6,136.64,204.96,82.96,-34.16,-29.28,170.8,87.84,990.64
302.56,331.84,29.28,-317.2,136.64,180.56,87.84,-24.4,-29.28,170.8,97.6,985.76
283.04,297.68,14.64,-287.92,131.76,156.16,87.84,-24.4,-29.28,175.68,97.6,985.76
268.4,278.16,9.76,-273.28,126.88,141.52,92.72,-24.4,-29.28,180.56,97.6,985.76
263.52,258.64,-4.88,-258.64,131.76,126.88,92.72,-24.4,-29.28,185.44,97.6,985.76
292.8,273.28,-19.52,-283.04,156.16,126.88,92.72,-34.16,-29.28,175.68,97.6,985.76
307.44,302.56,-4.88,-302.56,156.16,146.4,92.72,-34.16,-29.28,175.68,97.6,985.76
317.2,317.2,0,-317.2,156.16,156.16,92.72,-34.16,-29.28,175.68,97.6,985.76
317.2,312.32,-4.88,-312.32,161.04,151.28,92.72,-34.16,-29.28,175.68,102.48,985.76
297.68,317.2,19.52,-307.44,136.64,165.92,82.96,-43.92,-39.04,170.8,97.6,966.24
297.68,326.96,29.28,-312.32,131.76,175.68,73.2,-43.92,-39.04,165.92,87.84,956.48
307.44,341.6,34.16,-322.08,136.64,185.44,63.44,-43.92,-39.04,165.92,73.2,946.72
307.44,351.36,43.92,-326.96,131.76,195.2,53.68,-39.04,-34.16,161.04,58.56,936.96
263.52,297.68,34.16,-278.16,112.24,165.92,58.56,-48.8,-34.16,170.8,68.32,946.72
234.24,253.76,19.52,-244,107.36,136.64,58.56,-43.92,-34.16,170.8,68.32,946.72
209.84,214.72,4.88,-209.84,102.48,107.36,58.56,-43.92,-39.04,165.92,68.32,941.84
190.32,190.32,0,-190.32,92.72,92.72,53.68,-43.92,-39.04,165.92,68.32,936.96
229.36,219.6,-9.76,-224.48,117.12,102.48,68.32,-39.04,-24.4,170.8,73.2,946.72
258.64,263.52,4.88,-258.64,126.88,131.76,73.2,-39.04,-14.64,175.68,73.2,951.6
297.68,297.68,0,-297.68,146.4,146.4,78.08,-34.16,-9.76,180.56,73.2,951.6
331.84,331.84,0,-331.84,165.92,165.92,87.84,-24.4,-4.88,185.44,73.2,951.6
409.92,429.44,19.52,-419.68,195.2,224.48,102.48,-4.88,-9.76,175.68,73.2,927.2
390.4,380.64,-9.76,-385.52,200.08,185.44,92.72,0,-19.52,165.92,63.44,912.56
400.16,385.52,-14.64,-390.4,204.96,185.44,146.4,53.68,29.28,214.72,107.36,961.36
375.76,395.28,19.52,-385.52,175.68,204.96,195.2,126.88,97.6,273.28,156.16,1000.4
336.72,331.84,-4.88,-331.84,170.8,161.04,219.6,190.32,131.76,302.56,165.92,1000.4
317.2,278.16,-39.04,-297.68,175.68,117.12,244,292.8,185.44,341.6,195.2,1024.8
336.72,366,29.28,-351.36,151.28,195.2,307.44,434.32,297.68,439.2,263.52,1083.36
341.6,419.68,78.08,-380.64,131.76,248.88,331.84,531.92,390.4,522.16,312.32,1122.4
361.12,448.96,87.84,-405.04,136.64,268.4,346.48,649.04,473.36,614.88,380.64,1171.2
507.52,570.96,63.44,-536.8,219.6,317.2,395.28,814.96,610,741.76,473.36,1259.04
624.64,678.32,53.68,-649.04,283.04,366,400.16,961.36,732,873.52,570.96,1342
649.04,722.24,73.2,-683.2,287.92,395.28,390.4,1083.36,863.76,1000.4,663.68,1420.08
688.08,751.52,63.44,-717.36,312.32,405.04,390.4,1185.84,1005.28,1141.92,780.8,1507.92
756.4,795.44,39.04,-775.92,356.24,414.8,297.68,1127.28,1088.24,1254.16,873.52,1600.64
883.28,897.92,14.64,-888.16,434.32,453.84,151.28,961.36,1122.4,1317.6,941.84,1668.96
985.76,961.36,-24.4,-971.12,502.64,468.48,0,805.2,1141.92,1376.16,990.64,1727.52
990.64,917.44,-73.2,-951.6,531.92,419.68,-131.76,717.36,1166.32,1405.44,995.52,1732.4
902.8,834.48,-68.32,-868.64,483.12,380.64,-229.36,678.32,1176.08,1405.44,966.24,1693.36
795.44,819.84,24.4,-805.2,385.52,419.68,-287.92,580.72,1137.04,1356.64,912.56,1644.56
741.76,805.2,63.44,-771.04,336.72,434.32,-317.2,395.28,1000.4,1239.52,834.48,1576.24
702.72,722.24,19.52,-712.48,341.6,370.88,-312.32,229.36,775.92,1015.04,668.56,1459.12
678.32,639.28,-39.04,-658.8,356.24,297.68,-292.8,141.52,541.68,761.28,473.36,1288.32
595.36,502.64,-92.72,-546.56,341.6,204.96,-322.08,24.4,322.08,531.92,292.8,1141.92
463.6,326.96,-136.64,-395.28,297.68,92.72,-341.6,-151.28,107.36,322.08,146.4,1005.28
409.92,253.76,-156.16,-331.84,283.04,48.8,-292.8,-331.84,-87.84,146.4,34.16,912.56
405.04,244,-161.04,-322.08,283.04,39.04,-248.88,-434.32,-214.72,34.16,-19.52,854
370.88,209.84,-161.04,-287.92,263.52,24.4,-219.6,-395.28,-219.6,19.52,-24.4,849.12
341.6,214.72,-126.88,-278.16,234.24,43.92,-175.68,-253.76,-141.52,78.08,0,868.64
385.52,234.24,-151.28,-307.44,268.4,39.04,-141.52,-180.56,-112.24,92.72,-4.88,858.88
424.56,248.88,-175.68,-336.72,297.68,34.16,-126.88,-170.8,-107.36,92.72,-4.88,844.24
444.08,307.44,-136.64,-375.76,287.92,82.96,-73.2,-117.12,-53.68,131.76,34.16,873.52
492.88,366,-126.88,-429.44,307.44,117.12,-19.52,-63.44,-24.4,170.8,68.32,893.04
492.88,322.08,-170.8,-405.04,331.84,73.2,9.76,-43.92,-14.64,175.68,58.56,878.4
478.24,317.2,-161.04,-395.28,317.2,78.08,48.8,-29.28,-4.88,190.32,58.56,888.16
463.6,331.84,-131.76,-395.28,297.68,97.6,78.08,-9.76,4.88,190.32,73.2,888.16
424.56,302.56,-122,-361.12,273.28,87.84,58.56,-24.4,-9.76,170.8,63.44,883.28
419.68,302.56,-117.12,-361.12,268.4,92.72,68.32,-24.4,-9.76,180.56,63.44,888.16
395.28,341.6,-53.68,-366,224.48,141.52,78.08,-29.28,-9.76,180.56,68.32,893.04
375.76,356.24,-19.52,-366,195.2,165.92,82.96,-14.64,-4.88,180.56,73.2,902.8
419.68,361.12,-58.56,-390.4,239.12,151.28,107.36,9.76,19.52,200.08,97.6,922.32
419.68,370.88,-48.8,-395.28,234.24,161.04,112.24,9.76,34.16,209.84,102.48,927.2
380.64,390.4,9.76,-385.52,185.44,200.08,112.24,9.76,34.16,219.6,112.24,917.44
361.12,395.28,34.16,-375.76,161.04,214.72,117.12,0,29.28,219.6,112.24,922.32
346.48,375.76,29.28,-361.12,156.16,200.08,131.76,9.76,39.04,224.48,107.36,902.8
331.84,356.24,24.4,-341.6,151.28,190.32,136.64,24.4,43.92,224.48,102.48,893.04
317.2,331.84,14.64,-322.08,151.28,170.8,136.64,29.28,43.92,219.6,92.72,888.16
302.56,322.08,19.52,-312.32,141.52,170.8,122,24.4,29.28,200.08,73.2,873.52
278.16,302.56,24.4,-287.92,126.88,161.04,117.12,14.64,19.52,190.32,63.44,868.64
248.88,302.56,53.68,-273.28,97.6,175.68,112.24,0,4.88,170.8,68.32,868.64
234.24,307.44,73.2,-268.4,78.08,190.32,102.48,-9.76,-9.76,161.04,58.56,863.76
248.88,312.32,63.44,-278.16,92.72,185.44,107.36,-4.88,-4.88,175.68,58.56,854
258.64,302.56,43.92,-278.16,107.36,170.8,117.12,-4.88,4.88,185.44,63.44,863.76
263.52,283.04,19.52,-273.28,122,151.28,131.76,0,9.76,195.2,68.32,868.64
268.4,273.28,4.88,-268.4,131.76,136.64,141.52,4.88,14.64,200.08,78.08,873.52
263.52,278.16,14.64,-268.4,122,146.4,151.28,19.52,34.16,214.72,87.84,883.28
268.4,278.16,9.76,-273.28,126.88,141.52,165.92,29.28,43.92,214.72,87.84,878.4
273.28,287.92,14.64,-278.16,126.88,151.28,170.8,43.92,48.8,214.72,82.96,878.4
273.28,307.44,34.16,-287.92,117.12,170.8,170.8,48.8,53.68,209.84,78.08,868.64
263.52,302.56,39.04,-283.04,112.24,170.8,146.4,34.16,34.16,190.32,58.56,858.88
253.76,302.56,48.8,-278.16,102.48,175.68,131.76,14.64,19.52,180.56,53.68,849.12
258.64,302.56,43.92,-278.16,107.36,170.8,117.12,0,4.88,170.8,53.68,849.12
248.88,307.44,58.56,-278.16,92.72,180.56,97.6,-24.4,-4.88,165.92,43.92,839.36
273.28,326.96,53.68,-297.68,107.36,190.32,107.36,-9.76,9.76,175.68,48.8,844.24
292.8,341.6,48.8,-317.2,122,195.2,117.12,-4.88,14.64,185.44,53.68,854
307.44,351.36,43.92,-326.96,131.76,195.2,136.64,14.64,24.4,200.08,63.44,858.88
312.32,366,53.68,-336.72,126.88,209.84,156.16,34.16,34.16,214.72,73.2,873.52
297.68,326.96,29.28,-312.32,131.76,175.68,141.52,24.4,19.52,204.96,63.44,858.88
283.04,312.32,29.28,-297.68,126.88,170.8,131.76,14.64,14.64,190.32,53.68,844.24
258.64,297.68,39.04,-278.16,107.36,165.92,126.88,4.88,9.76,180.56,43.92,839.36
244,287.92,43.92,-263.52,97.6,165.92,117.12,-4.88,4.88,170.8,34.16,839.36
234.24,268.4,34.16,-248.88,97.6,151.28,107.36,-14.64,-4.88,161.04,24.4,834.48
214.72,268.4,53.68,-239.12,78.08,161.04,97.6,-19.52,-9.76,156.16,24.4,829.6
195.2,229.36,34.16,-209.84,78.08,131.76,78.08,-29.28,-14.64,151.28,19.52,824.72
170.8,204.96,34.16,-185.44,68.32,117.12,68.32,-34.16,-14.64,151.28,14.64,814.96
146.4,190.32,43.92,-165.92,48.8,117.12,58.56,-43.92,-19.52,151.28,0,805.2
122,151.28,29.28,-136.64,43.92,87.84,63.44,-34.16,-24.4,151.28,0,800.32
97.6,126.88,29.28,-112.24,34.16,78.08,63.44,-24.4,-19.52,146.4,0,795.44
78.08,107.36,29.28,-92.72,24.4,68.32,63.44,-19.52,-24.4,151.28,9.76,795.44
73.2,122,48.8,-97.6,9.76,82.96,63.44,-24.4,-34.16,141.52,-4.88,790.56
68.32,102.48,34.16,-82.96,14.64,68.32,58.56,-29.28,-39.04,136.64,-4.88,790.56
63.44,87.84,24.4,-73.2,19.52,53.68,48.8,-48.8,-48.8,126.88,-14.64,785.68
43.92,68.32,24.4,-53.68,9.76,43.92,39.04,-53.68,-53.68,122,-24.4,775.92
43.92,68.32,24.4,-53.68,9.76,43.92,43.92,-43.92,-34.16,131.76,-14.64,785.68
68.32,82.96,14.64,-73.2,24.4,48.8,48.8,-34.16,-24.4,136.64,-9.76,790.56
87.84,87.84,0,-87.84,43.92,43.92,48.8,-29.28,-19.52,146.4,-4.88,795.44
87.84,92.72,4.88,-87.84,39.04,48.8,53.68,-19.52,-14.64,151.28,0,795.44
48.8,63.44,14.64,-53.68,14.64,39.04,43.92,-29.28,-29.28,146.4,-9.76,785.68
34.16,58.56,24.4,-43.92,4.88,39.04,34.16,-29.28,-39.04,136.64,-19.52,775.92
14.64,53.68,39.04,-34.16,-14.64,43.92,24.4,-34.16,-48.8,126.88,-14.64,771.04
0,24.4,24.4,-9.76,-14.64,24.4,9.76,-43.92,-58.56,117.12,-24.4,766.16
-24.4,14.64,39.04,4.88,-34.16,24.4,0,-53.68,-53.68,117.12,-24.4,756.4
-34.16,4.88,39.04,14.64,-39.04,19.52,-4.88,-53.68,-53.68,122,-39.04,746.64
-39.04,-14.64,24.4,29.28,-34.16,4.88,-4.88,-48.8,-48.8,122,-39.04,746.64
-43.92,-4.88,39.04,24.4,-43.92,14.64,-4.88,-48.8,-48.8,122,-19.52,751.52
-34.16,4.88,39.04,14.64,-39.04,19.52,9.76,-39.04,-43.92,136.64,-14.64,761.28
-14.64,24.4,39.04,-4.88,-29.28,29.28,0,-34.16,-43.92,136.64,-19.52,761.28
-4.88,29.28,34.16,-9.76,-19.52,29.28,4.88,-24.4,-39.04,141.52,-14.64,756.4
4.88,39.04,34.16,-19.52,-14.64,34.16,9.76,-19.52,-34.16,141.52,-19.52,756.4
-4.88,29.28,34.16,-9.76,-19.52,29.28,0,-29.28,-48.8,126.88,-34.16,751.52
-19.52,4.88,24.4,9.76,-24.4,14.64,-9.76,-39.04,-53.68,122,-39.04,751.52
-43.92,-4.88,39.04,24.4,-43.92,14.64,-24.4,-48.8,-58.56,122,-39.04,751.52
-39.04,-14.64,24.4,29.28,-34.16,4.88,-34.16,-58.56,-63.44,122,-39.04,761.28
-9.76,0,9.76,4.88,-9.76,4.88,-34.16,-48.8,-53.68,136.64,-24.4,751.52
14.64,14.64,0,-14.64,4.88,4.88,-34.16,-43.92,-43.92,141.52,-19.52,751.52
9.76,4.88,-4.88,-4.88,4.88,0,-29.28,-34.16,-29.28,151.28,-4.88,756.4
9.76,-9.76,-19.52,0,14.64,-14.64,-24.4,-29.28,-14.64,165.92,4.88,766.16
-19.52,-19.52,0,19.52,-9.76,-9.76,-34.16,-29.28,-29.28,161.04,-4.88,761.28
-24.4,-24.4,0,24.4,-14.64,-14.64,-43.92,-29.28,-29.28,151.28,-9.76,756.4
-14.64,-29.28,-14.64,24.4,0,-24.4,-48.8,-34.16,-34.16,146.4,4.88,756.4
-19.52,-39.04,-19.52,29.28,0,-29.28,-63.44,-43.92,-34.16,141.52,9.76,756.4
-19.52,-48.8,-29.28,34.16,4.88,-39.04,-58.56,-34.16,-34.16,146.4,9.76,751.52
-34.16,-29.28,4.88,34.16,-19.52,-14.64,-58.56,-34.16,-34.16,146.4,9.76,751.52
-19.52,-29.28,-9.76,24.4,-4.88,-19.52,-58.56,-34.16,-24.4,156.16,9.76,751.52
-4.88,-34.16,-29.28,19.52,9.76,-34.16,-68.32,-39.04,-24.4,161.04,4.88,751.52
19.52,-39.04,-58.56,9.76,39.04,-48.8,-82.96,-48.8,-34.16,156.16,4.88,751.52
19.52,-39.04,-58.56,9.76,39.04,-48.8,-82.96,-48.8,-34.16,151.28,0,751.52
19.52,-43.92,-63.44,14.64,39.04,-53.68,-82.96,-39.04,-34.16,146.4,-14.64,746.64
19.52,-53.68,-73.2,19.52,43.92,-63.44,-78.08,-39.04,-24.4,146.4,0,746.64
-9.76,-68.32,-58.56,39.04,24.4,-63.44,-97.6,-53.68,-43.92,141.52,-9.76,732
-24.4,-63.44,-39.04,43.92,4.88,-53.68,-117.12,-68.32,-63.44,131.76,-19.52,732
-43.92,-58.56,-14.64,53.68,-14.64,-39.04,-126.88,-92.72,-78.08,112.24,-34.16,722.24
-82.96,-63.44,19.52,73.2,-53.68,-24.4,-146.4,-117.12,-87.84,102.48,-43.92,702.72
-73.2,-82.96,-9.76,78.08,-34.16,-48.8,-161.04,-107.36,-78.08,112.24,-34.16,712.48
-58.56,-87.84,-29.28,73.2,-14.64,-58.56,-141.52,-97.6,-68.32,122,-24.4,717.36
-48.8,-73.2,-24.4,63.44,-14.64,-48.8,-136.64,-97.6,-63.44,126.88,-19.52,722.24
-34.16,-78.08,-43.92,58.56,4.88,-63.44,-131.76,-102.48,-58.56,131.76,-14.64,722.24
-53.68,-92.72,-39.04,73.2,-9.76,-68.32,-136.64,-112.24,-63.44,126.88,-24.4,712.48
-63.44,-107.36,-43.92,87.84,-9.76,-78.08,-136.64,-112.24,-63.44,126.88,-29.28,712.48
-73.2,-117.12,-43.92,97.6,-14.64,-82.96,-136.64,-117.12,-68.32,126.88,-29.28,722.24
-82.96,-131.76,-48.8,107.36,-19.52,-92.72,-136.64,-122,-73.2,122,-24.4,722.24
-87.84,-131.76,-43.92,112.24,-24.4,-87.84,-141.52,-126.88,-73.2,112.24,-34.16,722.24
-53.68,-107.36,-53.68,82.96,0,-82.96,-141.52,-126.88,-73.2,107.36,-34.16,712.48
-53.68,-92.72,-39.04,73.2,-9.76,-68.32,-136.64,-146.4,-73.2,107.36,-34.16,712.48
-48.8,-82.96,-34.16,68.32,-9.76,-58.56,-136.64,-146.4,-82.96,117.12,-29.28,712.48
-48.8,-82.96,-34.16,68.32,-9.76,-58.56,-146.4,-131.76,-78.08,117.12,-24.4,712.48
-48.8,-87.84,-39.04,68.32,-4.88,-63.44,-136.64,-131.76,-73.2,117.12,-19.52,712.48
-48.8,-87.84,-39.04,68.32,-4.88,-63.44,-136.64,-131.76,-68.32,117.12,-19.52,712.48
-24.4,-63.44,-39.04,43.92,4.88,-53.68,-136.64,-131.76,-63.44,112.24,-24.4,717.36
-14.64,-48.8,-34.16,34.16,9.76,-43.92,-126.88,-131.76,-73.2,122,-24.4,727.12
-29.28,-63.44,-34.16,48.8,0,-48.8,-126.88,-131.76,-73.2,122,-29.28,717.36
-29.28,-39.04,-9.76,34.16,-9.76,-24.4,-122,-141.52,-73.2,122,-39.04,717.36
-29.28,-58.56,-29.28,43.92,0,-43.92,-122,-141.52,-73.2,117.12,-39.04,707.6
-29.28,-73.2,-43.92,53.68,4.88,-58.56,-131.76,-146.4,-73.2,112.24,-39.04,702.72
-29.28,-82.96,-53.68,58.56,9.76,-68.32,-131.76,-156.16,-82.96,107.36,-39.04,692.96
-39.04,-87.84,-48.8,63.44,4.88,-68.32,-117.12,-161.04,-82.96,107.36,-39.04,688.08
-43.92,-97.6,-53.68,73.2,4.88,-78.08,-117.12,-165.92,-82.96,102.48,-43.92,683.2
-24.4,-78.08,-53.68,53.68,14.64,-68.32,-126.88,-180.56,-87.84,92.72,-58.56,663.68
-14.64,-68.32,-53.68,43.92,19.52,-63.44,-136.64,-190.32,-97.6,87.84,-58.56,663.68
-14.64,-58.56,-43.92,39.04,14.64,-53.68,-136.64,-200.08,-102.48,82.96,-58.56,653.92
-4.88,-34.16,-29.28,19.52,9.76,-34.16,-141.52,-209.84,-117.12,68.32,-58.56,653.92
-29.28,-43.92,-14.64,39.04,-9.76,-29.28,-141.52,-214.72,-122,58.56,-78.08,649.04
-48.8,-68.32,-19.52,58.56,-14.64,-43.92,-141.52,-214.72,-122,53.68,-82.96,649.04
-68.32,-87.84,-19.52,78.08,-24.4,-53.68,-136.64,-224.48,-126.88,53.68,-87.84,639.28
-82.96,-97.6,-14.64,92.72,-34.16,-58.56,-136.64,-229.36,-131.76,43.92,-92.72,634.4
-82.96,-112.24,-29.28,97.6,-29.28,-73.2,-126.88,-239.12,-141.52,39.04,-97.6,629.52
-87.84,-117.12,-29.28,102.48,-29.28,-73.2,-126.88,-248.88,-141.52,29.28,-102.48,614.88
-97.6,-122,-24.4,112.24,-39.04,-73.2,-122,-239.12,-136.64,24.4,-107.36,610
-102.48,-131.76,-29.28,117.12,-39.04,-82.96,-112.24,-229.36,-136.64,19.52,-117.12,610
-136.64,-126.88,9.76,131.76,-73.2,-58.56,-117.12,-244,-151.28,14.64,-112.24,610
-136.64,-136.64,0,136.64,-68.32,-68.32,-117.12,-253.76,-165.92,14.64,-131.76,595.36
-136.64,-156.16,-19.52,146.4,-58.56,-87.84,-117.12,-263.52,-170.8,0,-141.52,595.36
-136.64,-165.92,-29.28,151.28,-53.68,-97.6,-117.12,-268.4,-175.68,-4.88,-146.4,605.12
-146.4,-175.68,-29.28,161.04,-58.56,-102.48,-126.88,-268.4,-185.44,-9.76,-156.16,600.24
-170.8,-200.08,-29.28,185.44,-73.2,-117.12,-126.88,-268.4,-190.32,-9.76,-156.16,595.36
-195.2,-219.6,-24.4,209.84,-87.84,-122,-122,-268.4,-190.32,-14.64,-156.16,570.96
-204.96,-239.12,-34.16,224.48,-87.84,-136.64,-122,-273.28,-190.32,-29.28,-156.16,556.32
-170.8,-209.84,-39.04,190.32,-68.32,-126.88,-112.24,-268.4,-185.44,-24.4,-156.16,570.96
-165.92,-195.2,-29.28,180.56,-68.32,-112.24,-102.48,-268.4,-185.44,-24.4,-156.16,575.84
-151.28,-180.56,-29.28,165.92,-63.44,-107.36,-97.6,-273.28,-185.44,-29.28,-161.04,570.96
-131.76,-161.04,-29.28,146.4,-53.68,-97.6,-82.96,-273.28,-190.32,-29.28,-165.92,575.84
-136.64,-151.28,-14.64,146.4,-63.44,-82.96,-82.96,-278.16,-190.32,-34.16,-170.8,575.84
-141.52,-131.76,9.76,136.64,-78.08,-63.44,-82.96,-278.16,-200.08,-39.04,-170.8,570.96
-151.28,-131.76,19.52,141.52,-87.84,-58.56,-82.96,-287.92,-204.96,-43.92,-170.8,566.08
-156.16,-131.76,24.4,146.4,-92.72,-53.68,-82.96,-278.16,-204.96,-43.92,-170.8,546.56
-136.64,-131.76,4.88,136.64,-73.2,-63.44,-82.96,-278.16,-209.84,-29.28,-170.8,556.32
-136.64,-136.64,0,136.64,-68.32,-68.32,-82.96,-278.16,-200.08,-29.28,-170.8,566.08
-136.64,-136.64,0,136.64,-68.32,-68.32,-82.96,-287.92,-195.2,-34.16,-170.8,575.84
-141.52,-141.52,0,141.52,-73.2,-73.2,-82.96,-287.92,-195.2,-39.04,-170.8,566.08
-161.04,-161.04,0,161.04,-82.96,-82.96,-78.08,-278.16,-190.32,-29.28,-175.68,566.08
-156.16,-161.04,-4.88,161.04,-78.08,-82.96,-73.2,-268.4,-195.2,-24.4,-170.8,566.08
-146.4,-156.16,-9.76,151.28,-68.32,-82.96,-63.44,-268.4,-195.2,-24.4,-156.16,575.84
-136.64,-136.64,0,136.64,-68.32,-68.32,-58.56,-283.04,-200.08,-34.16,-151.28,585.6
-126.88,-141.52,-14.64,136.64,-58.56,-78.08,-73.2,-287.92,-204.96,-39.04,-156.16,566.08
-151.28,-151.28,0,151.28,-78.08,-78.08,-78.08,-292.8,-204.96,-39.04,-161.04,561.2
-156.16,-165.92,-9.76,161.04,-73.2,-87.84,-78.08,-292.8,-204.96,-34.16,-165.92,561.2
-170.8,-170.8,0,170.8,-87.84,-87.84,-82.96,-292.8,-200.08,-29.28,-175.68,561.2
-185.44,-180.56,4.88,185.44,-97.6,-87.84,-87.84,-302.56,-209.84,-43.92,-190.32,561.2
-200.08,-180.56,19.52,190.32,-112.24,-82.96,-92.72,-307.44,-214.72,-48.8,-190.32,556.32
-185.44,-180.56,4.88,185.44,-97.6,-87.84,-97.6,-312.32,-224.48,-58.56,-195.2,541.68
-165.92,-180.56,-14.64,175.68,-78.08,-97.6,-102.48,-322.08,-244,-68.32,-195.2,536.8
-165.92,-200.08,-34.16,185.44,-68.32,-117.12,-117.12,-322.08,-239.12,-78.08,-209.84,536.8
-175.68,-190.32,-14.64,185.44,-82.96,-102.48,-122,-322.08,-239.12,-78.08,-209.84,527.04
-161.04,-190.32,-29.28,175.68,-68.32,-112.24,-122,-322.08,-248.88,-82.96,-214.72,522.16
-161.04,-190.32,-29.28,175.68,-68.32,-112.24,-112.24,-322.08,-239.12,-82.96,-219.6,512.4
-161.04,-204.96,-43.92,185.44,-58.56,-126.88,-107.36,-317.2,-239.12,-78.08,-214.72,522.16
-161.04,-180.56,-19.52,170.8,-73.2,-102.48,-97.6,-307.44,-239.12,-73.2,-209.84,527.04
-146.4,-165.92,-19.52,156.16,-63.44,-92.72,-87.84,-302.56,-234.24,-63.44,-204.96,527.04
-156.16,-165.92,-9.76,161.04,-73.2,-87.84,-82.96,-302.56,-234.24,-58.56,-200.08,527.04
-185.44,-200.08,-14.64,195.2,-87.84,-107.36,-92.72,-317.2,-234.24,-58.56,-209.84,522.16
-180.56,-204.96,-24.4,195.2,-78.08,-117.12,-97.6,-322.08,-244,-68.32,-209.84,522.16
-185.44,-209.84,-24.4,200.08,-82.96,-117.12,-97.6,-326.96,-244,-68.32,-209.84,517.28
-195.2,-214.72,-19.52,204.96,-87.84,-117.12,-97.6,-331.84,-239.12,-68.32,-229.36,517.28
-180.56,-195.2,-14.64,190.32,-82.96,-107.36,-87.84,-331.84,-239.12,-68.32,-229.36,531.92
-165.92,-195.2,-29.28,180.56,-68.32,-112.24,-87.84,-331.84,-239.12,-68.32,-224.48,531.92
-156.16,-185.44,-29.28,170.8,-63.44,-107.36,-82.96,-326.96,-239.12,-68.32,-204.96,531.92
-141.52,-161.04,-19.52,151.28,-63.44,-92.72,-78.08,-322.08,-239.12,-58.56,-195.2,522.16
-156.16,-165.92,-9.76,161.04,-73.2,-87.84,-73.2,-317.2,-229.36,-39.04,-175.68,536.8
-170.8,-170.8,0,170.8,-87.84,-87.84,-68.32,-307.44,-224.48,-34.16,-151.28,546.56
-175.68,-180.56,-4.88,180.56,-87.84,-92.72,-58.56,-307.44,-214.72,-24.4,-141.52,551.44
-190.32,-185.44,4.88,190.32,-97.6,-92.72,-53.68,-307.44,-209.84,-19.52,-136.64,551.44
-175.68,-156.16,19.52,165.92,-97.6,-68.32,-58.56,-322.08,-209.84,-34.16,-141.52,541.68
-170.8,-151.28,19.52,161.04,-97.6,-68.32,-58.56,-322.08,-219.6,-34.16,-141.52,551.44
-156.16,-131.76,24.4,146.4,-92.72,-53.68,-58.56,-307.44,-224.48,-34.16,-136.64,551.44
-136.64,-102.48,34.16,122,-87.84,-34.16,-58.56,-307.44,-224.48,-29.28,-126.88,551.44
-131.76,-131.76,0,131.76,-68.32,-68.32,-63.44,-322.08,-224.48,-29.28,-117.12,546.56
-156.16,-136.64,19.52,146.4,-87.84,-58.56,-68.32,-326.96,-224.48,-34.16,-122,546.56
-161.04,-122,39.04,141.52,-102.48,-43.92,-73.2,-331.84,-224.48,-34.16,-126.88,546.56
-161.04,-126.88,34.16,146.4,-97.6,-48.8,-78.08,-331.84,-224.48,-29.28,-126.88,546.56
-136.64,-112.24,24.4,126.88,-82.96,-43.92,-68.32,-326.96,-209.84,-19.52,-112.24,551.44
-122,-102.48,19.52,112.24,-73.2,-43.92,-63.44,-317.2,-195.2,-4.88,-97.6,561.2
-112.24,-97.6,14.64,107.36,-63.44,-43.92,-58.56,-297.68,-185.44,4.88,-87.84,580.72
-102.48,-87.84,14.64,97.6,-58.56,-39.04,-53.68,-307.44,-180.56,14.64,-82.96,585.6
-122,-92.72,29.28,107.36,-78.08,-34.16,-53.68,-317.2,-185.44,0,-92.72,575.84
-126.88,-92.72,34.16,112.24,-82.96,-29.28,-53.68,-312.32,-195.2,0,-87.84,575.84
-136.64,-78.08,58.56,107.36,-97.6,-9.76,-53.68,-312.32,-200.08,-4.88,-82.96,570.96
-131.76,-82.96,48.8,107.36,-92.72,-19.52,-53.68,-317.2,-209.84,-9.76,-82.96,566.08
-151.28,-92.72,58.56,122,-107.36,-19.52,-53.68,-307.44,-209.84,0,-78.08,566.08
-151.28,-97.6,53.68,126.88,-102.48,-24.4,-58.56,-307.44,-204.96,0,-78.08,570.96
-156.16,-102.48,53.68,131.76,-107.36,-24.4,-58.56,-302.56,-195.2,0,-78.08,570.96
-165.92,-117.12,48.8,141.52,-107.36,-34.16,-53.68,-302.56,-190.32,0,-73.2,566.08
-126.88,-112.24,14.64,122,-73.2,-48.8,-63.44,-283.04,-190.32,-9.76,-63.44,551.44
-117.12,-102.48,14.64,112.24,-68.32,-43.92,-58.56,-283.04,-200.08,-4.88,-63.44,556.32
-107.36,-78.08,29.28,92.72,-68.32,-24.4,-58.56,-283.04,-200.08,-4.88,-53.68,570.96
-82.96,-87.84,-4.88,87.84,-39.04,-48.8,-58.56,-273.28,-195.2,0,-48.8,585.6
-107.36,-92.72,14.64,102.48,-63.44,-39.04,-48.8,-273.28,-195.2,9.76,-39.04,585.6
-126.88,-97.6,29.28,112.24,-78.08,-34.16,-48.8,-283.04,-200.08,4.88,-34.16,580.72
-146.4,-97.6,48.8,122,-97.6,-24.4,-43.92,-283.04,-200.08,4.88,-34.16,580.72
-165.92,-102.48,63.44,136.64,-117.12,-19.52,-43.92,-283.04,-195.2,9.76,-34.16,580.72
-165.92,-117.12,48.8,141.52,-107.36,-34.16,-34.16,-278.16,-185.44,9.76,-34.16,590.48
-165.92,-97.6,68.32,131.76,-117.12,-14.64,-39.04,-278.16,-185.44,9.76,-34.16,590.48
-165.92,-117.12,48.8,141.52,-107.36,-34.16,-48.8,-273.28,-195.2,4.88,-29.28,580.72
-165.92,-136.64,29.28,151.28,-97.6,-53.68,-58.56,-268.4,-204.96,4.88,-24.4,575.84
-263.52,-175.68,87.84,219.6,-175.68,-43.92,-97.6,-287.92,-224.48,-34.16,-48.8,546.56
-204.96,-117.12,87.84,161.04,-146.4,-14.64,-78.08,-263.52,-204.96,-9.76,-29.28,566.08
-165.92,-82.96,82.96,126.88,-126.88,0,-63.44,-248.88,-195.2,0,-9.76,585.6
-126.88,-58.56,68.32,92.72,-97.6,4.88,-48.8,-244,-185.44,9.76,0,595.36
-87.84,-34.16,53.68,63.44,-73.2,9.76,-34.16,-239.12,-175.68,19.52,9.76,605.12
-48.8,-9.76,39.04,29.28,-43.92,14.64,-19.52,-234.24,-165.92,29.28,19.52,614.88
-58.56,-39.04,19.52,48.8,-39.04,-9.76,-29.28,-234.24,-165.92,19.52,14.64,595.36
-68.32,-53.68,14.64,63.44,-43.92,-19.52,-24.4,-234.24,-175.68,19.52,14.64,595.36
-73.2,-73.2,0,73.2,-39.04,-39.04,-24.4,-239.12,-165.92,19.52,9.76,595.36
-82.96,-92.72,-9.76,87.84,-39.04,-53.68,-24.4,-239.12,-165.92,24.4,4.88,595.36
-102.48,-92.72,9.76,97.6,-58.56,-43.92,-34.16,-239.12,-165.92,24.4,-4.88,580.72
-117.12,-82.96,34.16,102.48,-78.08,-24.4,-34.16,-239.12,-170.8,19.52,-4.88,580.72
-136.64,-82.96,53.68,112.24,-97.6,-14.64,-29.28,-239.12,-175.68,9.76,0,585.6
-156.16,-87.84,68.32,122,-112.24,-9.76,-29.28,-239.12,-180.56,0,0,580.72
-131.76,-87.84,43.92,112.24,-87.84,-24.4,-9.76,-234.24,-175.68,4.88,9.76,595.36
-117.12,-73.2,43.92,97.6,-82.96,-14.64,-4.88,-234.24,-170.8,9.76,9.76,595.36
-102.48,-63.44,39.04,82.96,-73.2,-14.64,0,-234.24,-180.56,9.76,9.76,585.6
-92.72,-73.2,19.52,82.96,-58.56,-29.28,4.88,-234.24,-175.68,14.64,4.88,580.72
-87.84,-48.8,39.04,68.32,-63.44,-4.88,-14.64,-234.24,-165.92,24.4,14.64,590.48
-82.96,-34.16,48.8,58.56,-68.32,4.88,-4.88,-229.36,-161.04,29.28,19.52,590.48
-63.44,-14.64,48.8,39.04,-58.56,14.64,0,-224.48,-146.4,39.04,24.4,595.36
-58.56,0,58.56,29.28,-58.56,29.28,0,-224.48,-146.4,43.92,24.4,595.36
-73.2,-19.52,53.68,48.8,-63.44,14.64,0,-234.24,-161.04,39.04,14.64,585.6
-82.96,-19.52,63.44,53.68,-73.2,19.52,-4.88,-244,-165.92,39.04,14.64,585.6
-87.84,-19.52,68.32,53.68,-78.08,24.4,4.88,-234.24,-165.92,43.92,19.52,585.6
-92.72,-29.28,63.44,63.44,-78.08,14.64,9.76,-224.48,-165.92,39.04,29.28,590.48
-78.08,-24.4,53.68,53.68,-68.32,14.64,9.76,-224.48,-156.16,29.28,24.4,580.72
-78.08,-14.64,63.44,48.8,-73.2,24.4,4.88,-229.36,-156.16,29.28,19.52,585.6
-82.96,-4.88,78.08,43.92,-82.96,34.16,4.88,-229.36,-161.04,29.28,14.64,585.6
-78.08,9.76,87.84,34.16,-82.96,48.8,4.88,-229.36,-161.04,29.28,14.64,585.6
-73.2,9.76,82.96,34.16,-78.08,43.92,0,-239.12,-161.04,29.28,14.64,580.72
-63.44,19.52,82.96,24.4,-73.2,48.8,0,-234.24,-161.04,34.16,14.64,585.6
-58.56,19.52,78.08,19.52,-68.32,48.8,0,-214.72,-156.16,39.04,24.4,595.36
-48.8,9.76,58.56,19.52,-53.68,34.16,-4.88,-214.72,-146.4,48.8,29.28,595.36
-39.04,4.88,43.92,19.52,-43.92,24.4,-9.76,-219.6,-146.4,58.56,39.04,605.12
-34.16,-4.88,29.28,19.52,-34.16,9.76,-24.4,-224.48,-146.4,58.56,29.28,600.24
-29.28,-9.76,19.52,19.52,-24.4,4.88,-24.4,-209.84,-146.4,58.56,29.28,600.24
-9.76,0,9.76,4.88,-9.76,4.88,-19.52,-204.96,-141.52,63.44,34.16,605.12
-19.52,-9.76,9.76,14.64,-14.64,0,-19.52,-195.2,-131.76,63.44,48.8,600.24
-39.04,-19.52,19.52,29.28,-29.28,0,-9.76,-180.56,-126.88,68.32,48.8,610
-53.68,-48.8,4.88,53.68,-29.28,-24.4,-9.76,-180.56,-126.88,68.32,48.8,610
-68.32,-68.32,0,68.32,-34.16,-34.16,-19.52,-195.2,-136.64,63.44,43.92,610
-53.68,-63.44,-9.76,58.56,-24.4,-39.04,-39.04,-219.6,-156.16,48.8,19.52,590.48
-43.92,-63.44,-19.52,53.68,-14.64,-43.92,-48.8,-224.48,-165.92,34.16,14.64,580.72
-29.28,-53.68,-24.4,43.92,-4.88,-39.04,-63.44,-234.24,-175.68,29.28,9.76,566.08
-19.52,-43.92,-24.4,34.16,0,-34.16,-78.08,-248.88,-185.44,19.52,0,551.44
-43.92,-63.44,-19.52,53.68,-14.64,-43.92,-73.2,-244,-185.44,24.4,9.76,556.32
-58.56,-82.96,-24.4,73.2,-19.52,-53.68,-68.32,-248.88,-180.56,19.52,4.88,556.32
-63.44,-87.84,-24.4,78.08,-19.52,-58.56,-78.08,-258.64,-185.44,14.64,0,551.44
-68.32,-78.08,-9.76,73.2,-29.28,-43.92,-82.96,-258.64,-195.2,0,-14.64,551.44
-58.56,-92.72,-34.16,78.08,-14.64,-63.44,-82.96,-263.52,-195.2,0,-14.64,546.56
-58.56,-112.24,-53.68,87.84,-4.88,-82.96,-82.96,-258.64,-200.08,-4.88,-24.4,541.68
-78.08,-131.76,-53.68,107.36,-14.64,-92.72,-78.08,-248.88,-200.08,-4.88,-24.4,541.68
-87.84,-146.4,-58.56,117.12,-14.64,-102.48,-68.32,-239.12,-200.08,0,-14.64,541.68
-87.84,-141.52,-53.68,117.12,-19.52,-97.6,-53.68,-239.12,-190.32,9.76,-4.88,551.44
-92.72,-131.76,-39.04,112.24,-29.28,-87.84,-53.68,-239.12,-195.2,0,-14.64,541.68
-92.72,-141.52,-48.8,117.12,-24.4,-97.6,-53.68,-239.12,-200.08,-4.88,-24.4,536.8
-107.36,-141.52,-34.16,126.88,-39.04,-87.84,-58.56,-248.88,-204.96,-4.88,-24.4,531.92
-126.88,-156.16,-29.28,141.52,-48.8,-92.72,-48.8,-253.76,-200.08,-14.64,-29.28,522.16
-141.52,-161.04,-19.52,151.28,-63.44,-92.72,-48.8,-258.64,-200.08,-19.52,-34.16,522.16
-161.04,-170.8,-9.76,165.92,-78.08,-92.72,-58.56,-268.4,-209.84,-24.4,-34.16,517.28
-175.68,-175.68,0,175.68,-87.84,-87.84,-63.44,-268.4,-219.6,-29.28,-39.04,512.4
-170.8,-190.32,-19.52,180.56,-78.08,-107.36,-82.96,-287.92,-229.36,-39.04,-53.68,502.64
-170.8,-200.08,-29.28,185.44,-73.2,-117.12,-87.84,-302.56,-244,-53.68,-58.56,492.88
-170.8,-204.96,-34.16,190.32,-68.32,-122,-92.72,-312.32,-253.76,-63.44,-63.44,488
-170.8,-219.6,-48.8,195.2,-63.44,-136.64,-92.72,-317.2,-268.4,-82.96,-73.2,478.24
-161.04,-229.36,-68.32,195.2,-48.8,-151.28,-78.08,-312.32,-258.64,-78.08,-63.44,478.24
-161.04,-234.24,-73.2,200.08,-43.92,-156.16,-73.2,-307.44,-253.76,-68.32,-63.44,478.24
-175.68,-234.24,-58.56,204.96,-58.56,-146.4,-68.32,-302.56,-253.76,-63.44,-63.44,478.24
-185.44,-248.88,-63.44,219.6,-63.44,-156.16,-63.44,-297.68,-253.76,-58.56,-63.44,478.24
-170.8,-214.72,-43.92,195.2,-63.44,-131.76,-53.68,-283.04,-244,-43.92,-48.8,488
-141.52,-175.68,-34.16,161.04,-53.68,-107.36,-53.68,-278.16,-234.24,-39.04,-43.92,497.76
-122,-136.64,-14.64,131.76,-53.68,-78.08,-53.68,-273.28,-224.48,-34.16,-39.04,507.52
-107.36,-112.24,-4.88,112.24,-53.68,-58.56,-63.44,-278.16,-224.48,-34.16,-39.04,512.4
-117.12,-131.76,-14.64,126.88,-53.68,-73.2,-73.2,-292.8,-239.12,-53.68,-43.92,502.64
-126.88,-151.28,-24.4,141.52,-53.68,-87.84,-78.08,-297.68,-244,-58.56,-48.8,497.76
-131.76,-156.16,-24.4,146.4,-53.68,-92.72,-78.08,-302.56,-248.88,-63.44,-53.68,492.88
-126.88,-161.04,-34.16,146.4,-48.8,-97.6,-82.96,-307.44,-253.76,-68.32,-58.56,488
-136.64,-170.8,-34.16,156.16,-53.68,-102.48,-92.72,-297.68,-253.76,-68.32,-48.8,488
-141.52,-165.92,-24.4,156.16,-58.56,-97.6,-92.72,-297.68,-253.76,-68.32,-48.8,488
-151.28,-175.68,-24.4,165.92,-63.44,-102.48,-92.72,-297.68,-253.76,-68.32,-48.8,488
-170.8,-204.96,-34.16,190.32,-68.32,-122,-92.72,-297.68,-253.76,-68.32,-43.92,488
-170.8,-200.08,-29.28,185.44,-73.2,-117.12,-102.48,-297.68,-253.76,-78.08,-43.92,478.24
-170.8,-200.08,-29.28,185.44,-73.2,-117.12,-102.48,-297.68,-253.76,-78.08,-48.8,478.24
-161.04,-195.2,-34.16,180.56,-63.44,-117.12,-102.48,-297.68,-253.76,-73.2,-58.56,478.24
-161.04,-195.2,-34.16,180.56,-63.44,-117.12,-102.48,-292.8,-248.88,-73.2,-68.32,478.24
-165.92,-204.96,-39.04,185.44,-63.44,-122,-107.36,-297.68,-258.64,-73.2,-58.56,478.24
-165.92,-214.72,-48.8,190.32,-58.56,-131.76,-107.36,-297.68,-258.64,-73.2,-58.56,478.24
-161.04,-219.6,-58.56,190.32,-53.68,-141.52,-107.36,-302.56,-263.52,-78.08,-58.56,473.36
-151.28,-209.84,-58.56,180.56,-48.8,-136.64,-112.24,-307.44,-263.52,-78.08,-58.56,468.48
-170.8,-229.36,-58.56,200.08,-58.56,-146.4,-107.36,-302.56,-263.52,-78.08,-53.68,468.48
-180.56,-224.48,-43.92,204.96,-68.32,-136.64,-102.48,-302.56,-258.64,-78.08,-53.68,473.36
-180.56,-229.36,-48.8,204.96,-68.32,-141.52,-97.6,-297.68,-258.64,-78.08,-53.68,473.36
-185.44,-234.24,-48.8,209.84,-68.32,-141.52,-87.84,-287.92,-258.64,-78.08,-53.68,473.36
-175.68,-224.48,-48.8,200.08,-63.44,-136.64,-92.72,-297.68,-273.28,-87.84,-63.44,458.72
-146.4,-214.72,-68.32,180.56,-39.04,-141.52,-82.96,-283.04,-263.52,-78.08,-53.68,463.6
-136.64,-200.08,-63.44,170.8,-39.04,-131.76,-78.08,-258.64,-253.76,-68.32,-48.8,463.6
-141.52,-200.08,-58.56,170.8,-43.92,-131.76,-68.32,-234.24,-244,-68.32,-48.8,453.84
-170.8,-214.72,-43.92,195.2,-63.44,-131.76,-43.92,-180.56,-209.84,-39.04,-29.28,483.12
-190.32,-219.6,-29.28,204.96,-82.96,-126.88,0,-97.6,-156.16,9.76,9.76,507.52
-180.56,-190.32,-9.76,185.44,-87.84,-102.48,34.16,-4.88,-112.24,48.8,19.52,517.28
-185.44,-175.68,9.76,180.56,-97.6,-82.96,48.8,82.96,-58.56,102.48,39.04,517.28
-175.68,-156.16,19.52,165.92,-97.6,-68.32,73.2,190.32,34.16,185.44,97.6,566.08
-97.6,-53.68,43.92,78.08,-73.2,-4.88,151.28,356.24,190.32,322.08,209.84,663.68
-29.28,24.4,53.68,4.88,-43.92,39.04,214.72,541.68,351.36,483.12,336.72,775.92
-14.64,19.52,34.16,0,-24.4,24.4,204.96,673.44,473.36,610,439.2,854
34.16,29.28,-4.88,-29.28,19.52,9.76,185.44,766.16,585.6,712.48,517.28,912.56
122,112.24,-9.76,-117.12,63.44,48.8,122,805.2,688.08,824.72,610,985.76
200.08,185.44,-14.64,-190.32,107.36,82.96,-4.88,717.36,761.28,927.2,707.6,1083.36
234.24,239.12,4.88,-234.24,112.24,122,-146.4,561.2,800.32,1015.04,785.68,1161.44
336.72,322.08,-14.64,-326.96,175.68,151.28,-297.68,414.8,805.2,1054.08,819.84,1205.36
434.32,317.2,-117.12,-375.76,273.28,97.6,-434.32,326.96,814.96,1073.6,819.84,1195.6
414.8,214.72,-200.08,-312.32,307.44,4.88,-492.88,317.2,854,1112.64,805.2,1185.84
312.32,161.04,-151.28,-234.24,229.36,4.88,-502.64,229.36,824.72,1083.36,775.92,1156.56
224.48,146.4,-78.08,-185.44,151.28,34.16,-527.04,53.68,697.84,956.48,697.84,1098
122,24.4,-97.6,-73.2,107.36,-39.04,-527.04,-73.2,473.36,732,522.16,966.24
9.76,-161.04,-170.8,78.08,87.84,-165.92,-527.04,-180.56,224.48,453.84,302.56,761.28
-63.44,-258.64,-195.2,161.04,63.44,-229.36,-556.32,-307.44,-9.76,204.96,107.36,605.12
-117.12,-292.8,-175.68,204.96,29.28,-234.24,-556.32,-468.48,-224.48,9.76,-34.16,492.88
-151.28,-302.56,-151.28,229.36,0,-229.36,-492.88,-629.52,-400.16,-141.52,-117.12,424.56
-165.92,-317.2,-151.28,244,-9.76,-234.24,-434.32,-707.6,-502.64,-224.48,-161.04,400.16
-126.88,-341.6,-214.72,234.24,43.92,-278.16,-400.16,-644.16,-483.12,-224.48,-165.92,390.4
-53.68,-312.32,-258.64,185.44,102.48,-287.92,-336.72,-502.64,-405.04,-161.04,-131.76,419.68
-43.92,-278.16,-234.24,161.04,92.72,-258.64,-283.04,-424.56,-341.6,-112.24,-102.48,444.08
-102.48,-317.2,-214.72,209.84,53.68,-268.4,-258.64,-409.92,-326.96,-102.48,-92.72,444.08
-102.48,-356.24,-253.76,229.36,73.2,-307.44,-244,-405.04,-326.96,-112.24,-107.36,414.8
-102.48,-361.12,-258.64,234.24,78.08,-312.32,-214.72,-385.52,-317.2,-107.36,-107.36,409.92
-136.64,-366,-229.36,253.76,43.92,-297.68,-175.68,-370.88,-317.2,-92.72,-87.84,419.68
-161.04,-322.08,-161.04,244,0,-244,-165.92,-370.88,-326.96,-92.72,-92.72,409.92
-180.56,-273.28,-92.72,229.36,-43.92,-185.44,-195.2,-385.52,-351.36,-122,-112.24,395.28
-195.2,-302.56,-107.36,248.88,-43.92,-204.96,-175.68,-356.24,-341.6,-112.24,-112.24,409.92
-180.56,-312.32,-131.76,248.88,-24.4,-224.48,-136.64,-312.32,-312.32,-73.2,-78.08,444.08
-200.08,-278.16,-78.08,239.12,-63.44,-180.56,-112.24,-287.92,-297.68,-63.44,-63.44,453.84
-214.72,-253.76,-39.04,234.24,-87.84,-146.4,-97.6,-273.28,-292.8,-53.68,-58.56,444.08
-204.96,-253.76,-48.8,229.36,-78.08,-151.28,-73.2,-253.76,-278.16,-43.92,-43.92,458.72
-175.68,-204.96,-29.28,190.32,-73.2,-117.12,-73.2,-263.52,-278.16,-43.92,-43.92,448.96
-185.44,-180.56,4.88,185.44,-97.6,-87.84,-82.96,-273.28,-278.16,-39.04,-43.92,458.72
-190.32,-180.56,9.76,185.44,-102.48,-87.84,-73.2,-273.28,-273.28,-39.04,-48.8,444.08
-195.2,-180.56,14.64,190.32,-107.36,-82.96,-73.2,-268.4,-273.28,-43.92,-53.68,439.2
-200.08,-185.44,14.64,195.2,-107.36,-87.84,-78.08,-273.28,-278.16,-53.68,-63.44,439.2
-200.08,-204.96,-4.88,204.96,-97.6,-107.36,-68.32,-253.76,-273.28,-39.04,-58.56,444.08
-209.84,-234.24,-24.4,224.48,-92.72,-131.76,-68.32,-248.88,-273.28,-34.16,-53.68,448.96
-224.48,-244,-19.52,234.24,-102.48,-131.76,-68.32,-248.88,-278.16,-39.04,-34.16,458.72
-224.48,-248.88,-24.4,239.12,-102.48,-136.64,-73.2,-244,-283.04,-34.16,-29.28,463.6
-224.48,-244,-19.52,234.24,-102.48,-131.76,-68.32,-253.76,-273.28,-24.4,-34.16,453.84
-219.6,-244,-24.4,234.24,-97.6,-136.64,-68.32,-258.64,-268.4,-19.52,-34.16,463.6
-219.6,-253.76,-34.16,239.12,-92.72,-146.4,-63.44,-258.64,-268.4,-14.64,-34.16,468.48
-219.6,-253.76,-34.16,239.12,-92.72,-146.4,-63.44,-258.64,-268.4,-14.64,-29.28,473.36
-214.72,-244,-29.28,229.36,-92.72,-136.64,-58.56,-253.76,-273.28,-14.64,-29.28,463.6
-209.84,-248.88,-39.04,229.36,-87.84,-146.4,-48.8,-253.76,-268.4,-19.52,-29.28,458.72
-204.96,-244,-39.04,224.48,-82.96,-141.52,-48.8,-248.88,-268.4,-24.4,-34.16,458.72
-204.96,-229.36,-24.4,219.6,-92.72,-126.88,-53.68,-253.76,-268.4,-34.16,-39.04,448.96
-224.48,-234.24,-9.76,229.36,-107.36,-122,-53.68,-248.88,-273.28,-29.28,-29.28,458.72
-244,-244,0,244,-122,-122,-53.68,-248.88,-273.28,-24.4,-24.4,458.72
-248.88,-253.76,-4.88,253.76,-122,-131.76,-53.68,-244,-273.28,-19.52,-14.64,468.48
-268.4,-258.64,9.76,263.52,-141.52,-126.88,-58.56,-248.88,-268.4,-9.76,-14.64,468.48
-253.76,-244,9.76,248.88,-131.76,-117.12,-63.44,-253.76,-273.28,-14.64,-14.64,463.6
-244,-244,0,244,-122,-122,-68.32,-258.64,-278.16,-19.52,-14.64,463.6
-239.12,-248.88,-9.76,244,-117.12,-131.76,-63.44,-248.88,-278.16,-19.52,-9.76,458.72
-244,-248.88,-4.88,248.88,-122,-126.88,-58.56,-239.12,-278.16,-19.52,-4.88,463.6
-248.88,-273.28,-24.4,263.52,-112.24,-151.28,-53.68,-234.24,-273.28,-14.64,4.88,458.72
-253.76,-283.04,-29.28,268.4,-112.24,-156.16,-53.68,-229.36,-268.4,-14.64,4.88,453.84
-268.4,-292.8,-24.4,283.04,-122,-161.04,-48.8,-224.48,-263.52,-9.76,4.88,458.72
-273.28,-297.68,-24.4,287.92,-126.88,-161.04,-48.8,-219.6,-258.64,-4.88,4.88,468.48
-244,-268.4,-24.4,258.64,-112.24,-146.4,-39.04,-214.72,-263.52,4.88,14.64,468.48
-234.24,-229.36,4.88,234.24,-122,-112.24,-39.04,-214.72,-263.52,0,14.64,468.48
-224.48,-229.36,-4.88,229.36,-112.24,-117.12,-48.8,-219.6,-263.52,-4.88,9.76,468.48
-219.6,-214.72,4.88,219.6,-112.24,-107.36,-48.8,-219.6,-258.64,-4.88,4.88,463.6
-219.6,-214.72,4.88,219.6,-112.24,-107.36,-48.8,-209.84,-253.76,9.76,9.76,468.48
-219.6,-239.12,-19.52,229.36,-102.48,-131.76,-43.92,-200.08,-248.88,14.64,19.52,478.24
-219.6,-248.88,-29.28,234.24,-97.6,-141.52,-43.92,-190.32,-234.24,14.64,29.28,488
-214.72,-253.76,-39.04,234.24,-87.84,-146.4,-43.92,-185.44,-229.36,24.4,48.8,502.64
-190.32,-214.72,-24.4,204.96,-82.96,-122,-39.04,-165.92,-224.48,29.28,53.68,512.4
-175.68,-209.84,-34.16,195.2,-73.2,-122,-39.04,-165.92,-224.48,29.28,63.44,517.28
-161.04,-200.08,-39.04,180.56,-63.44,-122,-43.92,-180.56,-229.36,24.4,63.44,517.28
-161.04,-195.2,-34.16,180.56,-63.44,-117.12,-48.8,-180.56,-229.36,24.4,63.44,512.4
-175.68,-219.6,-43.92,200.08,-68.32,-131.76,-53.68,-190.32,-239.12,14.64,63.44,512.4
-165.92,-209.84,-43.92,190.32,-63.44,-126.88,-58.56,-190.32,-239.12,9.76,58.56,517.28
-161.04,-209.84,-48.8,185.44,-58.56,-131.76,-68.32,-195.2,-244,9.76,53.68,522.16
-175.68,-209.84,-34.16,195.2,-73.2,-122,-73.2,-195.2,-248.88,4.88,48.8,522.16
-180.56,-195.2,-14.64,190.32,-82.96,-107.36,-68.32,-175.68,-229.36,19.52,63.44,527.04
-180.56,-175.68,4.88,180.56,-92.72,-87.84,-63.44,-165.92,-224.48,19.52,68.32,531.92
-185.44,-156.16,29.28,170.8,-107.36,-63.44,-58.56,-161.04,-219.6,19.52,87.84,541.68
-185.44,-161.04,24.4,175.68,-107.36,-68.32,-58.56,-161.04,-214.72,19.52,92.72,551.44
-180.56,-156.16,24.4,170.8,-102.48,-68.32,-53.68,-156.16,-200.08,29.28,82.96,546.56
-170.8,-151.28,19.52,161.04,-97.6,-68.32,-53.68,-151.28,-200.08,34.16,68.32,531.92
-156.16,-156.16,0,156.16,-78.08,-78.08,-48.8,-141.52,-195.2,34.16,68.32,527.04
-141.52,-131.76,9.76,136.64,-78.08,-63.44,-43.92,-136.64,-195.2,34.16,87.84,527.04
-146.4,-141.52,4.88,146.4,-78.08,-68.32,-43.92,-146.4,-200.08,29.28,82.96,517.28
-141.52,-141.52,0,141.52,-73.2,-73.2,-58.56,-141.52,-200.08,29.28,78.08,517.28
-146.4,-156.16,-9.76,151.28,-68.32,-82.96,-58.56,-131.76,-195.2,34.16,82.96,512.4
-151.28,-165.92,-14.64,161.04,-68.32,-92.72,-58.56,-126.88,-190.32,34.16,78.08,512.4
-161.04,-170.8,-9.76,165.92,-78.08,-92.72,-63.44,-126.88,-200.08,24.4,68.32,502.64
-165.92,-190.32,-24.4,180.56,-73.2,-107.36,-68.32,-126.88,-200.08,24.4,68.32,507.52
-180.56,-195.2,-14.64,190.32,-82.96,-107.36,-78.08,-126.88,-200.08,29.28,73.2,512.4
-165.92,-200.08,-34.16,185.44,-68.32,-117.12,-82.96,-126.88,-200.08,34.16,78.08,527.04
-146.4,-190.32,-43.92,170.8,-53.68,-117.12,-73.2,-126.88,-185.44,43.92,82.96,517.28
-131.76,-170.8,-39.04,151.28,-48.8,-107.36,-73.2,-122,-180.56,43.92,87.84,517.28
-146.4,-175.68,-29.28,161.04,-58.56,-102.48,-68.32,-112.24,-170.8,48.8,102.48,522.16
-156.16,-185.44,-29.28,170.8,-63.44,-107.36,-63.44,-107.36,-161.04,58.56,112.24,531.92
-165.92,-165.92,0,165.92,-82.96,-82.96,-78.08,-112.24,-170.8,43.92,107.36,527.04
-161.04,-151.28,9.76,156.16,-87.84,-73.2,-82.96,-117.12,-165.92,34.16,97.6,522.16
-141.52,-136.64,4.88,141.52,-73.2,-68.32,-82.96,-126.88,-165.92,29.28,107.36,522.16
-136.64,-126.88,9.76,131.76,-73.2,-58.56,-92.72,-141.52,-161.04,24.4,107.36,522.16
-136.64,-136.64,0,136.64,-68.32,-68.32,-97.6,-131.76,-161.04,19.52,102.48,527.04
-151.28,-126.88,24.4,141.52,-87.84,-53.68,-97.6,-131.76,-161.04,19.52,107.36,527.04
-136.64,-136.64,0,136.64,-68.32,-68.32,-97.6,-131.76,-151.28,29.28,112.24,527.04
-122,-151.28,-29.28,136.64,-48.8,-92.72,-107.36,-136.64,-151.28,34.16,112.24,527.04
-117.12,-151.28,-34.16,136.64,-43.92,-92.72,-122,-146.4,-161.04,29.28,102.48,522.16
-117.12,-146.4,-29.28,131.76,-43.92,-87.84,-122,-146.4,-161.04,24.4,97.6,527.04
-117.12,-146.4,-29.28,131.76,-43.92,-87.84,-122,-136.64,-161.04,19.52,82.96,527.04
-117.12,-151.28,-34.16,136.64,-43.92,-92.72,-117.12,-136.64,-151.28,19.52,97.6,531.92
-92.72,-161.04,-68.32,126.88,-14.64,-117.12,-107.36,-131.76,-146.4,39.04,112.24,541.68
-73.2,-151.28,-78.08,112.24,0,-117.12,-117.12,-126.88,-151.28,43.92,117.12,556.32
-58.56,-141.52,-82.96,102.48,9.76,-112.24,-117.12,-131.76,-151.28,39.04,117.12,561.2
-63.44,-141.52,-78.08,102.48,4.88,-112.24,-126.88,-136.64,-146.4,43.92,122,556.32
-78.08,-165.92,-87.84,122,4.88,-126.88,-156.16,-141.52,-151.28,48.8,117.12,551.44
-78.08,-165.92,-87.84,122,4.88,-126.88,-141.52,-136.64,-146.4,53.68,122,551.44
-82.96,-146.4,-63.44,117.12,-9.76,-107.36,-141.52,-141.52,-146.4,53.68,122,551.44
-82.96,-146.4,-63.44,117.12,-9.76,-107.36,-141.52,-151.28,-146.4,53.68,122,546.56
-73.2,-136.64,-63.44,107.36,-4.88,-102.48,-136.64,-141.52,-136.64,53.68,126.88,556.32
-73.2,-126.88,-53.68,102.48,-9.76,-92.72,-136.64,-141.52,-131.76,58.56,126.88,556.32
-73.2,-112.24,-39.04,92.72,-19.52,-78.08,-136.64,-146.4,-131.76,63.44,131.76,566.08
-73.2,-102.48,-29.28,87.84,-24.4,-68.32,-136.64,-151.28,-131.76,63.44,141.52,566.08
-78.08,-102.48,-24.4,92.72,-29.28,-63.44,-131.76,-151.28,-131.76,78.08,141.52,566.08
-43.92,-78.08,-34.16,63.44,-4.88,-58.56,-131.76,-146.4,-131.76,78.08,141.52,556.32
-43.92,-63.44,-19.52,53.68,-14.64,-43.92,-126.88,-161.04,-131.76,82.96,141.52,556.32
-39.04,-53.68,-14.64,48.8,-14.64,-34.16,-126.88,-156.16,-141.52,97.6,146.4,556.32
-63.44,-82.96,-19.52,73.2,-24.4,-53.68,-146.4,-161.04,-131.76,87.84,146.4,546.56
-78.08,-97.6,-19.52,87.84,-29.28,-58.56,-136.64,-161.04,-131.76,87.84,146.4,546.56
-92.72,-107.36,-14.64,102.48,-39.04,-63.44,-136.64,-161.04,-131.76,87.84,141.52,546.56
-82.96,-92.72,-9.76,87.84,-39.04,-53.68,-136.64,-161.04,-131.76,82.96,131.76,551.44
-63.44,-92.72,-29.28,78.08,-19.52,-63.44,-136.64,-161.04,-141.52,73.2,141.52,551.44
-68.32,-112.24,-43.92,92.72,-14.64,-78.08,-136.64,-161.04,-141.52,73.2,136.64,541.68
-58.56,-92.72,-34.16,78.08,-14.64,-63.44,-131.76,-170.8,-141.52,73.2,126.88,541.68
-48.8,-117.12,-68.32,82.96,9.76,-92.72,-131.76,-170.8,-141.52,68.32,126.88,531.92
-63.44,-126.88,-63.44,97.6,0,-97.6,-141.52,-170.8,-141.52,73.2,122,531.92
-78.08,-131.76,-53.68,107.36,-14.64,-92.72,-141.52,-175.68,-151.28,68.32,126.88,527.04
-102.48,-131.76,-29.28,117.12,-39.04,-82.96,-126.88,-175.68,-151.28,68.32,131.76,527.04
-122,-136.64,-14.64,131.76,-53.68,-78.08,-126.88,-175.68,-151.28,63.44,131.76,527.04
-97.6,-122,-24.4,112.24,-39.04,-73.2,-112.24,-175.68,-136.64,58.56,131.76,531.92
-92.72,-117.12,-24.4,107.36,-34.16,-73.2,-107.36,-170.8,-136.64,58.56,136.64,536.8
-97.6,-112.24,-14.64,107.36,-43.92,-63.44,-92.72,-165.92,-131.76,58.56,141.52,531.92
-92.72,-92.72,0,92.72,-48.8,-48.8,-82.96,-161.04,-136.64,48.8,146.4,536.8
-97.6,-97.6,0,97.6,-48.8,-48.8,-82.96,-165.92,-146.4,24.4,126.88,527.04
-107.36,-117.12,-9.76,112.24,-48.8,-63.44,-82.96,-165.92,-151.28,14.64,122,522.16
-117.12,-131.76,-14.64,126.88,-53.68,-73.2,-78.08,-175.68,-161.04,9.76,117.12,507.52
-122,-136.64,-14.64,131.76,-53.68,-78.08,-78.08,-180.56,-170.8,-4.88,112.24,497.76
-126.88,-141.52,-14.64,136.64,-58.56,-78.08,-68.32,-170.8,-161.04,0,112.24,497.76
-126.88,-146.4,-19.52,136.64,-53.68,-82.96,-68.32,-180.56,-161.04,0,112.24,488
-131.76,-151.28,-19.52,141.52,-58.56,-87.84,-63.44,-170.8,-156.16,4.88,112.24,488
-131.76,-161.04,-29.28,146.4,-53.68,-97.6,-53.68,-161.04,-156.16,9.76,107.36,492.88
-146.4,-131.76,14.64,141.52,-82.96,-58.56,-63.44,-175.68,-170.8,14.64,112.24,488
-136.64,-126.88,9.76,131.76,-73.2,-58.56,-68.32,-185.44,-185.44,14.64,92.72,468.48
-126.88,-131.76,-4.88,131.76,-63.44,-68.32,-73.2,-195.2,-190.32,0,82.96,463.6
-117.12,-126.88,-9.76,122,-53.68,-68.32,-78.08,-200.08,-195.2,-4.88,78.08,468.48
-126.88,-131.76,-4.88,131.76,-63.44,-68.32,-87.84,-209.84,-195.2,0,78.08,458.72
-151.28,-151.28,0,151.28,-78.08,-78.08,-87.84,-209.84,-200.08,9.76,78.08,458.72
-175.68,-165.92,9.76,170.8,-92.72,-78.08,-82.96,-209.84,-200.08,14.64,78.08,439.2
-185.44,-180.56,4.88,185.44,-97.6,-87.84,-82.96,-214.72,-200.08,9.76,78.08,429.44
-185.44,-195.2,-9.76,190.32,-87.84,-102.48,-78.08,-229.36,-204.96,14.64,78.08,439.2
-204.96,-204.96,0,204.96,-102.48,-102.48,-73.2,-229.36,-204.96,14.64,78.08,439.2
-214.72,-214.72,0,214.72,-107.36,-107.36,-73.2,-234.24,-204.96,9.76,73.2,429.44
-219.6,-219.6,0,219.6,-112.24,-112.24,-63.44,-234.24,-209.84,9.76,68.32,429.44
-204.96,-200.08,4.88,204.96,-107.36,-97.6,-63.44,-239.12,-209.84,-4.88,58.56,419.68
-200.08,-180.56,19.52,190.32,-112.24,-82.96,-63.44,-239.12,-219.6,-9.76,53.68,414.8
-200.08,-180.56,19.52,190.32,-112.24,-82.96,-63.44,-248.88,-224.48,-14.64,48.8,409.92
-195.2,-180.56,14.64,190.32,-107.36,-82.96,-63.44,-239.12,-224.48,-14.64,43.92,390.4
-175.68,-190.32,-14.64,185.44,-82.96,-102.48,-48.8,-229.36,-214.72,4.88,68.32,405.04
-175.68,-195.2,-19.52,185.44,-78.08,-107.36,-43.92,-219.6,-200.08,9.76,73.2,419.68
-175.68,-195.2,-19.52,185.44,-78.08,-107.36,-39.04,-219.6,-190.32,9.76,78.08,434.32
-180.56,-200.08,-19.52,190.32,-82.96,-112.24,-34.16,-209.84,-185.44,9.76,82.96,429.44
-195.2,-200.08,-4.88,200.08,-97.6,-102.48,-34.16,-224.48,-200.08,0,63.44,409.92
-185.44,-200.08,-14.64,195.2,-87.84,-107.36,-34.16,-219.6,-204.96,4.88,63.44,409.92
-170.8,-195.2,-24.4,185.44,-73.2,-112.24,-29.28,-224.48,-204.96,4.88,73.2,419.68
-156.16,-175.68,-19.52,165.92,-68.32,-97.6,-29.28,-244,-209.84,-4.88,73.2,429.44
-141.52,-170.8,-29.28,156.16,-58.56,-102.48,-48.8,-244,-219.6,-19.52,63.44,419.68
-161.04,-170.8,-9.76,165.92,-78.08,-92.72,-48.8,-244,-214.72,-19.52,63.44,414.8
-161.04,-175.68,-14.64,170.8,-73.2,-97.6,-43.92,-239.12,-209.84,-14.64,63.44,414.8
-170.8,-170.8,0,170.8,-87.84,-87.84,-43.92,-234.24,-200.08,-9.76,58.56,414.8
-175.68,-180.56,-4.88,180.56,-87.84,-92.72,-43.92,-229.36,-209.84,-9.76,58.56,429.44
-190.32,-190.32,0,190.32,-97.6,-97.6,-43.92,-229.36,-204.96,-9.76,63.44,429.44
-175.68,-200.08,-24.4,190.32,-78.08,-112.24,-43.92,-229.36,-204.96,-14.64,63.44,419.68
-156.16,-209.84,-53.68,185.44,-53.68,-131.76,-43.92,-234.24,-214.72,-19.52,68.32,419.68
-180.56,-224.48,-43.92,204.96,-68.32,-136.64,-48.8,-248.88,-219.6,-34.16,53.68,424.56
-204.96,-219.6,-14.64,214.72,-97.6,-117.12,-53.68,-253.76,-219.6,-39.04,53.68,409.92
-204.96,-224.48,-19.52,214.72,-92.72,-122,-53.68,-258.64,-229.36,-48.8,48.8,400.16
-219.6,-229.36,-9.76,224.48,-107.36,-122,-43.92,-263.52,-219.6,-53.68,43.92,385.52
-200.08,-224.48,-24.4,214.72,-87.84,-126.88,-43.92,-258.64,-209.84,-48.8,53.68,390.4
-180.56,-180.56,0,180.56,-92.72,-92.72,-39.04,-248.88,-209.84,-43.92,53.68,400.16
-146.4,-146.4,0,146.4,-73.2,-73.2,-34.16,-244,-204.96,-34.16,53.68,405.04
-136.64,-126.88,9.76,131.76,-73.2,-58.56,-34.16,-244,-204.96,-29.28,53.68,409.92
-165.92,-161.04,4.88,165.92,-87.84,-78.08,-39.04,-258.64,-214.72,-24.4,53.68,409.92
-161.04,-165.92,-4.88,165.92,-78.08,-87.84,-48.8,-263.52,-224.48,-39.04,53.68,405.04
-165.92,-170.8,-4.88,170.8,-82.96,-87.84,-53.68,-268.4,-224.48,-43.92,53.68,395.28
-175.68,-175.68,0,175.68,-87.84,-87.84,-58.56,-273.28,-219.6,-48.8,34.16,390.4
-180.56,-180.56,0,180.56,-92.72,-92.72,-53.68,-278.16,-209.84,-39.04,34.16,395.28
-185.44,-195.2,-9.76,190.32,-87.84,-102.48,-48.8,-273.28,-209.84,-39.04,39.04,395.28
-195.2,-200.08,-4.88,200.08,-97.6,-102.48,-39.04,-263.52,-209.84,-39.04,58.56,395.28
-200.08,-190.32,9.76,195.2,-107.36,-92.72,-29.28,-253.76,-209.84,-29.28,68.32,385.52
-185.44,-170.8,14.64,180.56,-102.48,-78.08,-34.16,-248.88,-209.84,-24.4,73.2,400.16
-180.56,-170.8,9.76,175.68,-97.6,-82.96,-39.04,-239.12,-204.96,-24.4,82.96,409.92
-165.92,-175.68,-9.76,170.8,-78.08,-92.72,-39.04,-239.12,-195.2,-19.52,78.08,414.8
-161.04,-175.68,-14.64,170.8,-73.2,-97.6,-43.92,-239.12,-190.32,-19.52,68.32,414.8
-175.68,-156.16,19.52,165.92,-97.6,-68.32,-48.8,-244,-180.56,-24.4,63.44,405.04
-190.32,-161.04,29.28,175.68,-112.24,-68.32,-48.8,-244,-190.32,-24.4,63.44,414.8
-195.2,-151.28,43.92,175.68,-122,-53.68,-48.8,-229.36,-195.2,-24.4,68.32,414.8
-195.2,-131.76,63.44,165.92,-131.76,-34.16,-48.8,-229.36,-195.2,-19.52,78.08,414.8
-185.44,-165.92,19.52,175.68,-102.48,-73.2,-39.04,-239.12,-195.2,-19.52,78.08,400.16
-204.96,-175.68,29.28,190.32,-117.12,-73.2,-39.04,-239.12,-195.2,-24.4,73.2,400.16
-204.96,-165.92,39.04,185.44,-122,-63.44,-39.04,-239.12,-195.2,-24.4,68.32,400.16
-200.08,-175.68,24.4,190.32,-112.24,-78.08,-39.04,-234.24,-195.2,-19.52,68.32,400.16
-200.08,-185.44,14.64,195.2,-107.36,-87.84,-24.4,-234.24,-185.44,-9.76,73.2,400.16
-209.84,-200.08,9.76,204.96,-112.24,-97.6,-24.4,-229.36,-175.68,-4.88,78.08,405.04
-224.48,-219.6,4.88,224.48,-117.12,-107.36,-24.4,-214.72,-170.8,-4.88,78.08,419.68
-239.12,-234.24,4.88,239.12,-122,-117.12,-24.4,-229.36,-170.8,-4.88,73.2,419.68
-234.24,-224.48,9.76,229.36,-122,-107.36,-34.16,-229.36,-170.8,-14.64,73.2,419.68
-224.48,-219.6,4.88,224.48,-117.12,-107.36,-34.16,-224.48,-175.68,-9.76,78.08,419.68
-219.6,-200.08,19.52,209.84,-122,-92.72,-34.16,-224.48,-175.68,-9.76,82.96,414.8
-200.08,-200.08,0,200.08,-102.48,-102.48,-34.16,-229.36,-180.56,-9.76,82.96,409.92
-209.84,-190.32,19.52,200.08,-117.12,-87.84,-43.92,-229.36,-190.32,-9.76,68.32,400.16
-209.84,-195.2,14.64,204.96,-112.24,-92.72,-48.8,-229.36,-185.44,-9.76,68.32,405.04
-214.72,-200.08,14.64,209.84,-117.12,-92.72,-48.8,-224.48,-175.68,-9.76,68.32,405.04
-224.48,-214.72,9.76,219.6,-117.12,-102.48,-43.92,-224.48,-170.8,-9.76,73.2,400.16
-200.08,-204.96,-4.88,204.96,-97.6,-107.36,-34.16,-224.48,-170.8,-9.76,73.2,395.28
-195.2,-200.08,-4.88,200.08,-97.6,-102.48,-29.28,-224.48,-180.56,-4.88,73.2,400.16
-190.32,-180.56,9.76,185.44,-102.48,-87.84,-29.28,-224.48,-180.56,-4.88,82.96,414.8
-170.8,-195.2,-24.4,185.44,-73.2,-112.24,-29.28,-214.72,-175.68,0,87.84,429.44
-180.56,-180.56,0,180.56,-92.72,-92.72,-29.28,-204.96,-165.92,-9.76,82.96,424.56
-185.44,-175.68,9.76,180.56,-97.6,-82.96,-29.28,-214.72,-170.8,-14.64,82.96,414.8
-190.32,-165.92,24.4,180.56,-107.36,-73.2,-24.4,-214.72,-170.8,-14.64,78.08,409.92
-195.2,-161.04,34.16,180.56,-117.12,-63.44,-24.4,-214.72,-165.92,-9.76,73.2,405.04
-190.32,-165.92,24.4,180.56,-107.36,-73.2,-14.64,-204.96,-161.04,0,73.2,409.92
-185.44,-136.64,48.8,161.04,-117.12,-43.92,-19.52,-209.84,-156.16,0,73.2,414.8
-180.56,-146.4,34.16,165.92,-107.36,-58.56,-29.28,-209.84,-161.04,-4.88,78.08,409.92
-175.68,-156.16,19.52,165.92,-97.6,-68.32,-39.04,-209.84,-165.92,-4.88,82.96,409.92
-146.4,-146.4,0,146.4,-73.2,-73.2,-24.4,-200.08,-151.28,0,92.72,424.56
-122,-136.64,-14.64,131.76,-53.68,-78.08,-4.88,-200.08,-136.64,9.76,102.48,444.08
-136.64,-126.88,9.76,131.76,-73.2,-58.56,0,-195.2,-131.76,14.64,112.24,448.96
-141.52,-136.64,4.88,141.52,-73.2,-68.32,-4.88,-190.32,-136.64,19.52,117.12,444.08
-141.52,-146.4,-4.88,146.4,-68.32,-78.08,-34.16,-224.48,-161.04,0,87.84,414.8
-141.52,-151.28,-9.76,146.4,-68.32,-82.96,-24.4,-224.48,-161.04,0,87.84,424.56
-161.04,-161.04,0,161.04,-82.96,-82.96,-24.4,-224.48,-161.04,0,87.84,419.68
-156.16,-165.92,-9.76,161.04,-73.2,-87.84,-29.28,-244,-165.92,-19.52,78.08,409.92
-165.92,-170.8,-4.88,170.8,-82.96,-87.84,-24.4,-239.12,-156.16,-14.64,82.96,414.8
-165.92,-175.68,-9.76,170.8,-78.08,-92.72,-19.52,-234.24,-156.16,-9.76,87.84,419.68
-165.92,-180.56,-14.64,175.68,-78.08,-97.6,-14.64,-229.36,-156.16,-4.88,92.72,424.56
-165.92,-185.44,-19.52,175.68,-73.2,-102.48,-9.76,-224.48,-156.16,0,97.6,429.44
-165.92,-175.68,-9.76,170.8,-78.08,-92.72,-14.64,-224.48,-156.16,0,87.84,419.68
-165.92,-170.8,-4.88,170.8,-82.96,-87.84,-14.64,-224.48,-165.92,0,92.72,419.68
-161.04,-170.8,-9.76,165.92,-78.08,-92.72,-19.52,-229.36,-156.16,0,92.72,419.68
-161.04,-170.8,-9.76,165.92,-78.08,-92.72,-24.4,-229.36,-156.16,4.88,92.72,419.68
-146.4,-170.8,-24.4,161.04,-63.44,-97.6,-29.28,-234.24,-161.04,4.88,92.72,414.8
-136.64,-161.04,-24.4,151.28,-58.56,-92.72,-34.16,-239.12,-161.04,0,92.72,414.8
-131.76,-161.04,-29.28,146.4,-53.68,-97.6,-34.16,-244,-161.04,-9.76,97.6,419.68
-126.88,-165.92,-39.04,146.4,-43.92,-102.48,-39.04,-248.88,-161.04,-19.52,97.6,414.8
-141.52,-185.44,-43.92,165.92,-48.8,-117.12,-34.16,-244,-151.28,-29.28,97.6,419.68
-146.4,-170.8,-24.4,161.04,-63.44,-97.6,-34.16,-244,-151.28,-29.28,97.6,419.68
-151.28,-161.04,-9.76,156.16,-73.2,-87.84,-34.16,-244,-165.92,-34.16,97.6,409.92
-161.04,-170.8,-9.76,165.92,-78.08,-92.72,-34.16,-244,-165.92,-34.16,92.72,405.04
-151.28,-165.92,-14.64,161.04,-68.32,-92.72,-39.04,-244,-156.16,-29.28,82.96,405.04
-151.28,-161.04,-9.76,156.16,-73.2,-87.84,-24.4,-239.12,-151.28,-29.28,87.84,405.04
-136.64,-151.28,-14.64,146.4,-63.44,-82.96,-14.64,-234.24,-136.64,-24.4,92.72,409.92
-136.64,-146.4,-9.76,141.52,-63.44,-78.08,-9.76,-234.24,-136.64,-24.4,92.72,409.92
-151.28,-136.64,14.64,146.4,-82.96,-63.44,-14.64,-234.24,-146.4,-34.16,82.96,409.92
-161.04,-126.88,34.16,146.4,-97.6,-48.8,-14.64,-244,-146.4,-29.28,82.96,409.92
-165.92,-117.12,48.8,141.52,-107.36,-34.16,0,-234.24,-141.52,-19.52,87.84,409.92
-170.8,-117.12,53.68,146.4,-112.24,-34.16,9.76,-224.48,-136.64,-19.52,97.6,414.8
-175.68,-141.52,34.16,161.04,-107.36,-53.68,0,-214.72,-136.64,-29.28,97.6,414.8
-185.44,-151.28,34.16,170.8,-112.24,-58.56,-4.88,-219.6,-136.64,-29.28,97.6,419.68
-200.08,-161.04,39.04,180.56,-122,-63.44,-4.88,-219.6,-141.52,-29.28,97.6,419.68
-204.96,-165.92,39.04,185.44,-122,-63.44,-4.88,-219.6,-141.52,-29.28,102.48,419.68
-200.08,-156.16,43.92,180.56,-122,-58.56,14.64,-219.6,-122,-19.52,102.48,409.92
-190.32,-136.64,53.68,165.92,-122,-43.92,19.52,-214.72,-122,-14.64,102.48,419.68
-185.44,-126.88,58.56,156.16,-122,-34.16,24.4,-195.2,-117.12,-9.76,112.24,434.32
-175.68,-126.88,48.8,151.28,-112.24,-39.04,24.4,-195.2,-107.36,0,117.12,439.2
-161.04,-112.24,48.8,136.64,-107.36,-34.16,9.76,-204.96,-107.36,0,126.88,439.2
-151.28,-112.24,39.04,131.76,-97.6,-39.04,-4.88,-214.72,-107.36,0,117.12,434.32
-141.52,-107.36,34.16,126.88,-87.84,-39.04,-4.88,-204.96,-107.36,0,117.12,434.32
-117.12,-87.84,29.28,102.48,-73.2,-29.28,0,-204.96,-102.48,4.88,122,439.2
-97.6,-73.2,24.4,87.84,-63.44,-24.4,0,-185.44,-82.96,19.52,141.52,448.96
-97.6,-58.56,39.04,78.08,-68.32,-9.76,9.76,-170.8,-78.08,29.28,146.4,463.6
-92.72,-63.44,29.28,78.08,-63.44,-19.52,9.76,-170.8,-78.08,34.16,151.28,468.48
-87.84,-58.56,29.28,73.2,-58.56,-14.64,0,-185.44,-87.84,34.16,151.28,473.36
-92.72,-73.2,19.52,82.96,-58.56,-29.28,-9.76,-204.96,-92.72,29.28,131.76,453.84
-102.48,-82.96,19.52,92.72,-63.44,-34.16,-9.76,-204.96,-97.6,14.64,131.76,453.84
-107.36,-82.96,24.4,97.6,-68.32,-29.28,-14.64,-209.84,-102.48,9.76,131.76,448.96
-117.12,-82.96,34.16,102.48,-78.08,-24.4,-19.52,-219.6,-107.36,0,126.88,444.08
-107.36,-97.6,9.76,102.48,-58.56,-43.92,-24.4,-209.84,-102.48,9.76,136.64,448.96
-107.36,-112.24,-4.88,112.24,-53.68,-58.56,-19.52,-219.6,-102.48,9.76,131.76,448.96
-97.6,-112.24,-14.64,107.36,-43.92,-63.44,-29.28,-234.24,-112.24,9.76,126.88,444.08
-87.84,-97.6,-9.76,92.72,-39.04,-53.68,-34.16,-239.12,-126.88,0,112.24,444.08
-92.72,-117.12,-24.4,107.36,-34.16,-73.2,-39.04,-248.88,-117.12,4.88,112.24,429.44
-97.6,-131.76,-34.16,117.12,-34.16,-82.96,-43.92,-248.88,-122,4.88,102.48,424.56
-122,-146.4,-24.4,136.64,-48.8,-87.84,-43.92,-244,-122,9.76,102.48,424.56
-136.64,-156.16,-19.52,146.4,-58.56,-87.84,-39.04,-239.12,-122,19.52,112.24,424.56
-136.64,-146.4,-9.76,141.52,-63.44,-78.08,-34.16,-248.88,-131.76,19.52,112.24,414.8
-141.52,-141.52,0,141.52,-73.2,-73.2,-34.16,-248.88,-136.64,9.76,102.48,405.04
-141.52,-156.16,-14.64,151.28,-63.44,-87.84,-34.16,-248.88,-141.52,4.88,92.72,400.16
-156.16,-161.04,-4.88,161.04,-78.08,-82.96,-39.04,-258.64,-146.4,4.88,92.72,395.28
-161.04,-156.16,4.88,161.04,-82.96,-78.08,-24.4,-258.64,-136.64,9.76,97.6,400.16
-161.04,-151.28,9.76,156.16,-87.84,-73.2,-19.52,-258.64,-131.76,9.76,92.72,405.04
-165.92,-151.28,14.64,161.04,-92.72,-68.32,-24.4,-263.52,-136.64,9.76,92.72,405.04
-165.92,-146.4,19.52,156.16,-92.72,-63.44,-24.4,-258.64,-141.52,9.76,87.84,405.04
-165.92,-146.4,19.52,156.16,-92.72,-63.44,-29.28,-263.52,-131.76,9.76,78.08,400.16
-170.8,-151.28,19.52,161.04,-97.6,-68.32,-29.28,-273.28,-136.64,4.88,78.08,395.28
-175.68,-151.28,24.4,165.92,-102.48,-63.44,-29.28,-278.16,-136.64,4.88,78.08,395.28
-180.56,-161.04,19.52,170.8,-102.48,-73.2,-24.4,-278.16,-141.52,-4.88,73.2,390.4
-165.92,-165.92,0,165.92,-82.96,-82.96,-29.28,-278.16,-146.4,-9.76,73.2,380.64
-161.04,-175.68,-14.64,170.8,-73.2,-97.6,-34.16,-278.16,-146.4,-9.76,73.2,380.64
-170.8,-180.56,-9.76,175.68,-82.96,-97.6,-39.04,-278.16,-151.28,-14.64,73.2,380.64
-175.68,-200.08,-24.4,190.32,-78.08,-112.24,-43.92,-278.16,-156.16,-19.52,73.2,380.64
-200.08,-204.96,-4.88,204.96,-97.6,-107.36,-43.92,-287.92,-156.16,-19.52,63.44,380.64
-190.32,-195.2,-4.88,195.2,-92.72,-102.48,-43.92,-287.92,-156.16,-19.52,63.44,380.64
-190.32,-185.44,4.88,190.32,-97.6,-92.72,-43.92,-287.92,-156.16,-19.52,63.44,380.64
-195.2,-190.32,4.88,195.2,-102.48,-92.72,-53.68,-297.68,-165.92,-24.4,58.56,375.76
-214.72,-200.08,14.64,209.84,-117.12,-92.72,-58.56,-307.44,-175.68,-39.04,48.8,366
-224.48,-219.6,4.88,224.48,-117.12,-107.36,-58.56,-307.44,-175.68,-39.04,48.8,361.12
-229.36,-224.48,4.88,229.36,-117.12,-112.24,-53.68,-307.44,-175.68,-39.04,48.8,356.24
-224.48,-229.36,-4.88,229.36,-112.24,-117.12,-53.68,-307.44,-175.68,-39.04,48.8,351.36
-204.96,-239.12,-34.16,224.48,-87.84,-136.64,-43.92,-292.8,-170.8,-39.04,58.56,356.24
-200.08,-224.48,-24.4,214.72,-87.84,-126.88,-43.92,-287.92,-165.92,-39.04,58.56,361.12
-200.08,-224.48,-24.4,214.72,-87.84,-126.88,-43.92,-283.04,-161.04,-39.04,58.56,366
-209.84,-244,-34.16,229.36,-87.84,-141.52,-43.92,-278.16,-156.16,-39.04,63.44,370.88
-204.96,-229.36,-24.4,219.6,-92.72,-126.88,-43.92,-287.92,-146.4,-29.28,78.08,380.64
-200.08,-219.6,-19.52,209.84,-92.72,-122,-43.92,-287.92,-146.4,-29.28,78.08,380.64
-185.44,-204.96,-19.52,195.2,-82.96,-112.24,-43.92,-287.92,-146.4,-24.4,73.2,380.64
-180.56,-195.2,-14.64,190.32,-82.96,-107.36,-43.92,-283.04,-141.52,-24.4,68.32,380.64
-180.56,-209.84,-29.28,195.2,-78.08,-122,-29.28,-273.28,-141.52,-34.16,68.32,380.64
-185.44,-214.72,-29.28,200.08,-78.08,-122,-29.28,-268.4,-141.52,-34.16,68.32,380.64
-185.44,-214.72,-29.28,200.08,-78.08,-122,-29.28,-268.4,-146.4,-39.04,68.32,375.76
-180.56,-200.08,-19.52,190.32,-82.96,-112.24,-34.16,-268.4,-146.4,-39.04,68.32,370.88
-185.44,-224.48,-39.04,204.96,-73.2,-131.76,-39.04,-278.16,-156.16,-29.28,53.68,361.12
-190.32,-214.72,-24.4,204.96,-82.96,-122,-43.92,-283.04,-151.28,-29.28,53.68,366
-185.44,-214.72,-29.28,200.08,-78.08,-122,-48.8,-283.04,-151.28,-29.28,53.68,366
-185.44,-214.72,-29.28,200.08,-78.08,-122,-48.8,-278.16,-151.28,-29.28,53.68,366
-175.68,-195.2,-19.52,185.44,-78.08,-107.36,-34.16,-248.88,-136.64,-9.76,63.44,361.12
-165.92,-175.68,-9.76,170.8,-78.08,-92.72,-4.88,-234.24,-126.88,0,73.2,366
-165.92,-180.56,-14.64,175.68,-78.08,-97.6,-9.76,-219.6,-126.88,0,68.32,366
-190.32,-190.32,0,190.32,-97.6,-97.6,-9.76,-204.96,-126.88,0,68.32,356.24
-170.8,-136.64,34.16,156.16,-102.48,-53.68,24.4,-141.52,-82.96,29.28,87.84,385.52
-102.48,-73.2,29.28,87.84,-68.32,-24.4,58.56,-68.32,-29.28,87.84,117.12,409.92
-63.44,-73.2,-9.76,68.32,-29.28,-43.92,92.72,34.16,34.16,136.64,156.16,439.2
-107.36,-107.36,0,107.36,-53.68,-53.68,136.64,161.04,126.88,219.6,214.72,488
-136.64,-107.36,29.28,122,-82.96,-39.04,190.32,278.16,239.12,312.32,292.8,556.32
-78.08,-24.4,53.68,53.68,-68.32,14.64,219.6,395.28,346.48,409.92,375.76,614.88
0,73.2,73.2,-34.16,-39.04,73.2,224.48,512.4,439.2,502.64,434.32,668.56
63.44,117.12,53.68,-87.84,4.88,82.96,204.96,634.4,531.92,590.48,507.52,717.36
122,107.36,-14.64,-112.24,68.32,43.92,195.2,746.64,644.16,712.48,595.36,795.44
190.32,151.28,-39.04,-170.8,112.24,53.68,170.8,814.96,756.4,834.48,688.08,878.4
268.4,253.76,-14.64,-258.64,141.52,117.12,73.2,746.64,839.36,936.96,775.92,966.24
351.36,336.72,-14.64,-341.6,180.56,161.04,-68.32,580.72,878.4,1024.8,863.76,1054.08
414.8,370.88,-43.92,-390.4,229.36,161.04,-229.36,405.04,893.04,1063.84,907.68,1098
473.36,356.24,-117.12,-414.8,292.8,117.12,-366,287.92,893.04,1073.6,907.68,1098
463.6,292.8,-170.8,-375.76,317.2,58.56,-414.8,278.16,922.32,1102.88,922.32,1098
331.84,248.88,-82.96,-287.92,204.96,82.96,-424.56,229.36,922.32,1102.88,912.56,1098
214.72,214.72,0,-214.72,107.36,107.36,-468.48,43.92,795.44,985.76,834.48,1029.68
209.84,141.52,-68.32,-175.68,136.64,34.16,-507.52,-131.76,561.2,741.76,649.04,868.64
156.16,-4.88,-161.04,-73.2,156.16,-82.96,-507.52,-209.84,322.08,473.36,429.44,683.2
34.16,-180.56,-214.72,73.2,122,-200.08,-497.76,-268.4,136.64,273.28,263.52,536.8
-29.28,-302.56,-273.28,165.92,122,-287.92,-478.24,-370.88,-29.28,117.12,151.28,453.84
-14.64,-292.8,-278.16,156.16,131.76,-287.92,-444.08,-522.16,-195.2,-43.92,58.56,366
-39.04,-258.64,-219.6,151.28,87.84,-239.12,-414.8,-649.04,-336.72,-175.68,-24.4,302.56
-107.36,-292.8,-185.44,200.08,39.04,-239.12,-380.64,-614.88,-346.48,-195.2,-29.28,292.8
-122,-331.84,-209.84,229.36,43.92,-273.28,-326.96,-483.12,-278.16,-141.52,4.88,312.32
-73.2,-307.44,-234.24,190.32,78.08,-273.28,-292.8,-414.8,-244,-122,24.4,317.2
-43.92,-297.68,-253.76,170.8,102.48,-278.16,-268.4,-419.68,-248.88,-122,14.64,307.44
-53.68,-287.92,-234.24,170.8,87.84,-263.52,-244,-405.04,-229.36,-122,9.76,287.92
-73.2,-263.52,-190.32,170.8,58.56,-229.36,-204.96,-356.24,-209.84,-97.6,19.52,283.04
-87.84,-258.64,-170.8,175.68,39.04,-214.72,-165.92,-322.08,-180.56,-73.2,29.28,292.8
-82.96,-283.04,-200.08,185.44,58.56,-244,-136.64,-302.56,-170.8,-63.44,43.92,302.56
-82.96,-283.04,-200.08,185.44,58.56,-244,-126.88,-287.92,-175.68,-82.96,34.16,307.44
-126.88,-292.8,-165.92,209.84,19.52,-229.36,-117.12,-268.4,-175.68,-102.48,43.92,312.32
-161.04,-302.56,-141.52,234.24,-9.76,-224.48,-107.36,-263.52,-165.92,-102.48,58.56,336.72
-170.8,-268.4,-97.6,219.6,-39.04,-185.44,-92.72,-248.88,-161.04,-102.48,63.44,336.72
-165.92,-214.72,-48.8,190.32,-58.56,-131.76,-78.08,-234.24,-156.16,-112.24,68.32,346.48
-156.16,-175.68,-19.52,165.92,-68.32,-97.6,-63.44,-224.48,-141.52,-102.48,73.2,341.6
-97.6,-156.16,-58.56,126.88,-19.52,-107.36,-53.68,-224.48,-131.76,-102.48,63.44,341.6
-112.24,-136.64,-24.4,126.88,-43.92,-82.96,-43.92,-219.6,-117.12,-82.96,73.2,361.12
-122,-141.52,-19.52,131.76,-53.68,-82.96,-24.4,-204.96,-107.36,-78.08,78.08,346.48
-131.76,-146.4,-14.64,141.52,-58.56,-82.96,-14.64,-185.44,-102.48,-78.08,82.96,341.6
-141.52,-156.16,-14.64,151.28,-63.44,-87.84,-9.76,-175.68,-102.48,-82.96,82.96,341.6
-131.76,-156.16,-24.4,146.4,-53.68,-92.72,0,-165.92,-97.6,-78.08,87.84,356.24
-141.52,-175.68,-34.16,161.04,-53.68,-107.36,0,-161.04,-97.6,-73.2,92.72,361.12
-156.16,-175.68,-19.52,165.92,-68.32,-97.6,0,-161.04,-102.48,-78.08,112.24,370.88
-156.16,-170.8,-14.64,165.92,-73.2,-92.72,-4.88,-156.16,-107.36,-73.2,117.12,375.76
-151.28,-146.4,4.88,151.28,-78.08,-73.2,-14.64,-170.8,-112.24,-87.84,97.6,366
-151.28,-146.4,4.88,151.28,-78.08,-73.2,-19.52,-180.56,-112.24,-87.84,92.72,366
-156.16,-156.16,0,156.16,-78.08,-78.08,-19.52,-185.44,-117.12,-87.84,87.84,361.12
-161.04,-156.16,4.88,161.04,-82.96,-78.08,-24.4,-190.32,-122,-92.72,87.84,356.24
-146.4,-161.04,-14.64,156.16,-68.32,-87.84,-4.88,-165.92,-102.48,-73.2,102.48,361.12
-131.76,-170.8,-39.04,151.28,-48.8,-107.36,9.76,-156.16,-92.72,-68.32,107.36,361.12
-117.12,-170.8,-53.68,146.4,-34.16,-112.24,14.64,-141.52,-87.84,-63.44,107.36,366
-107.36,-161.04,-53.68,136.64,-29.28,-107.36,14.64,-136.64,-82.96,-63.44,107.36,361.12
-122,-165.92,-43.92,146.4,-39.04,-107.36,24.4,-122,-78.08,-73.2,107.36,361.12
-126.88,-165.92,-39.04,146.4,-43.92,-102.48,24.4,-122,-78.08,-73.2,112.24,361.12
-117.12,-165.92,-48.8,141.52,-34.16,-107.36,24.4,-117.12,-78.08,-73.2,122,370.88
-122,-161.04,-39.04,141.52,-43.92,-102.48,19.52,-122,-73.2,-68.32,122,370.88
-126.88,-151.28,-24.4,141.52,-53.68,-87.84,9.76,-122,-73.2,-68.32,117.12,366
-126.88,-146.4,-19.52,136.64,-53.68,-82.96,9.76,-122,-73.2,-68.32,112.24,366
-131.76,-146.4,-14.64,141.52,-58.56,-82.96,19.52,-107.36,-68.32,-63.44,112.24,361.12
-146.4,-141.52,4.88,146.4,-78.08,-68.32,29.28,-92.72,-63.44,-58.56,112.24,366
-141.52,-170.8,-29.28,156.16,-58.56,-102.48,24.4,-92.72,-68.32,-68.32,112.24,366
-136.64,-185.44,-48.8,161.04,-43.92,-117.12,14.64,-92.72,-73.2,-73.2,112.24,356.24
-141.52,-200.08,-58.56,170.8,-43.92,-131.76,9.76,-92.72,-78.08,-73.2,112.24,356.24
-136.64,-209.84,-73.2,175.68,-34.16,-141.52,0,-92.72,-82.96,-73.2,112.24,361.12
-117.12,-190.32,-73.2,156.16,-24.4,-131.76,-9.76,-107.36,-87.84,-73.2,102.48,366
-117.12,-161.04,-43.92,141.52,-39.04,-102.48,-9.76,-107.36,-87.84,-78.08,102.48,361.12
-117.12,-170.8,-53.68,146.4,-34.16,-112.24,-19.52,-112.24,-87.84,-82.96,97.6,356.24
-122,-165.92,-43.92,146.4,-39.04,-107.36,-19.52,-112.24,-82.96,-82.96,92.72,346.48
-122,-151.28,-29.28,136.64,-48.8,-92.72,-9.76,-97.6,-73.2,-73.2,92.72,356.24
-122,-161.04,-39.04,141.52,-43.92,-102.48,4.88,-82.96,-73.2,-63.44,97.6,361.12
-122,-156.16,-34.16,141.52,-43.92,-97.6,14.64,-68.32,-63.44,-58.56,102.48,366
-117.12,-146.4,-29.28,131.76,-43.92,-87.84,24.4,-58.56,-63.44,-43.92,117.12,375.76
-126.88,-117.12,9.76,122,-68.32,-53.68,19.52,-53.68,-58.56,-48.8,112.24,375.76
-126.88,-122,4.88,126.88,-68.32,-58.56,19.52,-58.56,-58.56,-48.8,122,380.64
-126.88,-122,4.88,126.88,-68.32,-58.56,14.64,-78.08,-63.44,-53.68,122,380.64
-141.52,-126.88,14.64,136.64,-78.08,-58.56,9.76,-82.96,-63.44,-53.68,122,375.76
-131.76,-146.4,-14.64,141.52,-58.56,-82.96,0,-82.96,-63.44,-53.68,112.24,361.12
-107.36,-141.52,-34.16,126.88,-39.04,-87.84,-9.76,-82.96,-63.44,-58.56,107.36,361.12
-87.84,-146.4,-58.56,117.12,-14.64,-102.48,-24.4,-87.84,-68.32,-58.56,102.48,361.12
-87.84,-151.28,-63.44,122,-14.64,-107.36,-34.16,-87.84,-73.2,-63.44,97.6,356.24
-107.36,-175.68,-68.32,141.52,-19.52,-122,-24.4,-73.2,-63.44,-53.68,112.24,361.12
-112.24,-175.68,-63.44,146.4,-24.4,-122,-14.64,-58.56,-58.56,-48.8,117.12,366
-122,-175.68,-53.68,151.28,-34.16,-117.12,-4.88,-48.8,-53.68,-43.92,136.64,375.76
-126.88,-200.08,-73.2,165.92,-29.28,-136.64,0,-43.92,-48.8,-39.04,141.52,385.52
-126.88,-185.44,-58.56,156.16,-34.16,-122,9.76,-34.16,-29.28,-24.4,146.4,390.4
-122,-180.56,-58.56,151.28,-34.16,-122,14.64,-24.4,-24.4,-14.64,136.64,385.52
-112.24,-185.44,-73.2,151.28,-19.52,-131.76,24.4,-9.76,-14.64,-9.76,141.52,390.4
-102.48,-161.04,-58.56,131.76,-24.4,-112.24,34.16,0,-9.76,-4.88,165.92,400.16
-97.6,-136.64,-39.04,117.12,-29.28,-87.84,34.16,-9.76,-9.76,-4.88,161.04,400.16
-82.96,-112.24,-29.28,97.6,-29.28,-73.2,9.76,-4.88,-14.64,-9.76,156.16,400.16
-78.08,-102.48,-24.4,92.72,-29.28,-63.44,0,4.88,-14.64,-9.76,161.04,395.28
-73.2,-87.84,-14.64,82.96,-29.28,-53.68,-9.76,9.76,-14.64,-14.64,156.16,395.28
-78.08,-87.84,-9.76,82.96,-34.16,-48.8,-9.76,4.88,-14.64,-24.4,156.16,385.52
-87.84,-112.24,-24.4,102.48,-34.16,-68.32,-9.76,0,-14.64,-24.4,156.16,390.4
-107.36,-122,-14.64,117.12,-48.8,-68.32,-14.64,-4.88,-14.64,-19.52,161.04,395.28
-97.6,-131.76,-34.16,117.12,-34.16,-82.96,-14.64,-9.76,-14.64,-14.64,165.92,409.92
-78.08,-126.88,-48.8,102.48,-14.64,-87.84,-24.4,-24.4,-24.4,-24.4,156.16,390.4
-63.44,-112.24,-48.8,87.84,-9.76,-82.96,-34.16,-24.4,-24.4,-24.4,156.16,390.4
-78.08,-122,-43.92,102.48,-19.52,-82.96,-39.04,-19.52,-19.52,-19.52,165.92,395.28
-87.84,-136.64,-48.8,112.24,-19.52,-92.72,-43.92,-19.52,-14.64,-9.76,170.8,405.04
-92.72,-126.88,-34.16,112.24,-29.28,-82.96,-34.16,-9.76,-9.76,4.88,185.44,414.8
-82.96,-112.24,-29.28,97.6,-29.28,-73.2,-34.16,0,0,4.88,185.44,414.8
-58.56,-97.6,-39.04,78.08,-9.76,-68.32,-29.28,4.88,4.88,9.76,204.96,419.68
-48.8,-87.84,-39.04,68.32,-4.88,-63.44,-34.16,4.88,14.64,14.64,214.72,424.56
-34.16,-78.08,-43.92,58.56,4.88,-63.44,-29.28,14.64,19.52,29.28,219.6,434.32
-43.92,-58.56,-14.64,53.68,-14.64,-39.04,-29.28,14.64,24.4,29.28,224.48,439.2
-24.4,-58.56,-34.16,43.92,4.88,-48.8,-29.28,14.64,39.04,39.04,229.36,444.08
-4.88,-63.44,-58.56,34.16,24.4,-63.44,-39.04,9.76,43.92,43.92,229.36,448.96
-9.76,-78.08,-68.32,43.92,29.28,-73.2,-48.8,-4.88,34.16,39.04,219.6,439.2
-19.52,-78.08,-58.56,48.8,19.52,-68.32,-53.68,-9.76,24.4,34.16,214.72,439.2
-29.28,-82.96,-53.68,58.56,9.76,-68.32,-58.56,-4.88,14.64,29.28,200.08,434.32
-39.04,-92.72,-53.68,68.32,4.88,-73.2,-58.56,-9.76,14.64,29.28,214.72,434.32
-29.28,-82.96,-53.68,58.56,9.76,-68.32,-68.32,0,24.4,34.16,234.24,439.2
-24.4,-73.2,-48.8,48.8,9.76,-63.44,-78.08,0,14.64,34.16,234.24,448.96
-24.4,-63.44,-39.04,43.92,4.88,-53.68,-78.08,-9.76,9.76,24.4,229.36,448.96
-43.92,-63.44,-19.52,53.68,-14.64,-43.92,-87.84,-19.52,9.76,24.4,229.36,439.2
-48.8,-87.84,-39.04,68.32,-4.88,-63.44,-97.6,-19.52,24.4,39.04,224.48,439.2
-39.04,-87.84,-48.8,63.44,4.88,-68.32,-82.96,-9.76,29.28,43.92,229.36,444.08
-34.16,-68.32,-34.16,53.68,0,-53.68,-82.96,-9.76,29.28,43.92,229.36,448.96
-24.4,-68.32,-43.92,48.8,9.76,-58.56,-82.96,-14.64,29.28,43.92,229.36,448.96
-24.4,-58.56,-34.16,43.92,4.88,-48.8,-87.84,-4.88,24.4,39.04,229.36,439.2
-24.4,-58.56,-34.16,43.92,4.88,-48.8,-87.84,-4.88,24.4,39.04,224.48,439.2
-24.4,-53.68,-29.28,39.04,0,-43.92,-87.84,-9.76,19.52,39.04,224.48,448.96
-24.4,-53.68,-29.28,39.04,0,-43.92,-87.84,-14.64,14.64,34.16,229.36,448.96
-34.16,-73.2,-39.04,53.68,0,-58.56,-92.72,-9.76,24.4,34.16,239.12,458.72
-14.64,-58.56,-43.92,39.04,14.64,-53.68,-92.72,-9.76,24.4,29.28,239.12,448.96
-29.28,-53.68,-24.4,43.92,-4.88,-39.04,-87.84,-29.28,24.4,29.28,239.12,448.96
-39.04,-53.68,-14.64,48.8,-14.64,-34.16,-87.84,-29.28,14.64,39.04,244,448.96
-39.04,-68.32,-29.28,53.68,-4.88,-48.8,-87.84,-19.52,29.28,43.92,248.88,453.84
-39.04,-78.08,-39.04,58.56,0,-58.56,-78.08,-14.64,34.16,48.8,253.76,458.72
-39.04,-82.96,-43.92,63.44,0,-63.44,-78.08,-9.76,39.04,53.68,253.76,463.6
-14.64,-63.44,-48.8,39.04,14.64,-58.56,-78.08,-4.88,43.92,53.68,248.88,473.36
-9.76,-53.68,-43.92,34.16,14.64,-48.8,-73.2,-4.88,43.92,53.68,263.52,483.12
-19.52,-73.2,-53.68,48.8,14.64,-63.44,-68.32,-4.88,43.92,53.68,263.52,473.36
-14.64,-53.68,-39.04,34.16,9.76,-48.8,-58.56,-14.64,43.92,53.68,258.64,473.36
-9.76,-78.08,-68.32,43.92,29.28,-73.2,-53.68,-14.64,43.92,48.8,263.52,463.6
-14.64,-87.84,-73.2,53.68,29.28,-82.96,-58.56,-14.64,43.92,43.92,244,453.84
-19.52,-92.72,-73.2,58.56,24.4,-82.96,-63.44,-19.52,34.16,39.04,244,448.96
-34.16,-92.72,-58.56,63.44,9.76,-78.08,-53.68,-19.52,34.16,39.04,244,448.96
-43.92,-97.6,-53.68,73.2,4.88,-78.08,-58.56,-19.52,34.16,34.16,239.12,448.96
-43.92,-97.6,-53.68,73.2,4.88,-78.08,-63.44,-29.28,24.4,19.52,224.48,429.44
-43.92,-97.6,-53.68,73.2,4.88,-78.08,-68.32,-34.16,19.52,19.52,224.48,429.44
-53.68,-97.6,-43.92,78.08,-4.88,-73.2,-63.44,-39.04,19.52,19.52,224.48,419.68
-53.68,-82.96,-29.28,68.32,-14.64,-58.56,-63.44,-43.92,9.76,9.76,224.48,419.68
-68.32,-87.84,-19.52,78.08,-24.4,-53.68,-63.44,-48.8,4.88,0,204.96,419.68
-78.08,-107.36,-29.28,92.72,-24.4,-68.32,-63.44,-48.8,4.88,-4.88,200.08,414.8
-87.84,-122,-34.16,107.36,-29.28,-78.08,-58.56,-58.56,0,-4.88,195.2,400.16
-92.72,-126.88,-34.16,112.24,-29.28,-82.96,-58.56,-63.44,-4.88,-14.64,190.32,390.4
-97.6,-117.12,-19.52,107.36,-39.04,-68.32,-53.68,-53.68,4.88,-4.88,200.08,390.4
-97.6,-117.12,-19.52,107.36,-39.04,-68.32,-48.8,-63.44,4.88,-9.76,200.08,380.64
-102.48,-117.12,-14.64,112.24,-43.92,-68.32,-39.04,-53.68,9.76,-9.76,200.08,380.64
-102.48,-122,-19.52,112.24,-43.92,-73.2,-24.4,-43.92,9.76,-9.76,195.2,385.52
-117.12,-102.48,14.64,112.24,-68.32,-43.92,-9.76,-43.92,14.64,-4.88,204.96,395.28
-117.12,-97.6,19.52,107.36,-68.32,-39.04,-9.76,-48.8,0,-4.88,190.32,380.64
-117.12,-102.48,14.64,112.24,-68.32,-43.92,-9.76,-53.68,-4.88,-19.52,185.44,380.64
-117.12,-97.6,19.52,107.36,-68.32,-39.04,-9.76,-53.68,-9.76,-24.4,185.44,390.4
-107.36,-97.6,9.76,102.48,-58.56,-43.92,0,-53.68,0,-24.4,185.44,380.64
-112.24,-112.24,0,112.24,-58.56,-58.56,0,-53.68,-4.88,-19.52,185.44,380.64
-117.12,-122,-4.88,122,-58.56,-63.44,4.88,-53.68,-4.88,-19.52,185.44,361.12
-107.36,-131.76,-24.4,122,-43.92,-78.08,4.88,-58.56,-4.88,-29.28,185.44,351.36
-102.48,-141.52,-39.04,122,-34.16,-92.72,-4.88,-68.32,-14.64,-39.04,170.8,341.6
-126.88,-146.4,-19.52,136.64,-53.68,-82.96,-4.88,-73.2,-19.52,-43.92,165.92,341.6
-141.52,-151.28,-9.76,146.4,-68.32,-82.96,-9.76,-82.96,-24.4,-53.68,156.16,331.84
-151.28,-151.28,0,151.28,-78.08,-78.08,-4.88,-87.84,-34.16,-58.56,146.4,331.84
-131.76,-126.88,4.88,131.76,-68.32,-63.44,-4.88,-78.08,-29.28,-48.8,156.16,341.6
-122,-102.48,19.52,112.24,-73.2,-43.92,-4.88,-73.2,-34.16,-48.8,161.04,346.48
-117.12,-97.6,19.52,107.36,-68.32,-39.04,-4.88,-78.08,-34.16,-48.8,165.92,351.36
-107.36,-92.72,14.64,102.48,-63.44,-39.04,-4.88,-63.44,-29.28,-43.92,170.8,341.6
-97.6,-112.24,-14.64,107.36,-43.92,-63.44,14.64,-68.32,-29.28,-48.8,170.8,331.84
-97.6,-126.88,-29.28,112.24,-34.16,-78.08,14.64,-73.2,-24.4,-48.8,170.8,341.6
-97.6,-136.64,-39.04,117.12,-29.28,-87.84,14.64,-87.84,-24.4,-53.68,170.8,351.36
-102.48,-151.28,-48.8,126.88,-29.28,-102.48,14.64,-92.72,-29.28,-58.56,170.8,341.6
-117.12,-161.04,-43.92,141.52,-39.04,-102.48,14.64,-82.96,-29.28,-48.8,161.04,331.84
-117.12,-161.04,-43.92,141.52,-39.04,-102.48,14.64,-73.2,-29.28,-43.92,161.04,331.84
-112.24,-156.16,-43.92,136.64,-34.16,-102.48,19.52,-73.2,-24.4,-43.92,170.8,341.6
-107.36,-136.64,-29.28,122,-39.04,-82.96,19.52,-87.84,-24.4,-53.68,170.8,351.36
-97.6,-131.76,-34.16,117.12,-34.16,-82.96,9.76,-97.6,-39.04,-58.56,165.92,331.84
-122,-131.76,-9.76,126.88,-58.56,-73.2,9.76,-97.6,-39.04,-58.56,161.04,326.96
-126.88,-136.64,-9.76,131.76,-58.56,-73.2,14.64,-92.72,-39.04,-53.68,156.16,326.96
-141.52,-131.76,9.76,136.64,-78.08,-63.44,14.64,-87.84,-34.16,-48.8,146.4,326.96
-136.64,-131.76,4.88,136.64,-73.2,-63.44,14.64,-82.96,-34.16,-39.04,146.4,341.6
-151.28,-131.76,19.52,141.52,-87.84,-58.56,14.64,-82.96,-29.28,-39.04,151.28,341.6
-136.64,-131.76,4.88,136.64,-73.2,-63.44,14.64,-82.96,-29.28,-43.92,151.28,331.84
-117.12,-131.76,-14.64,126.88,-53.68,-73.2,14.64,-87.84,-39.04,-48.8,156.16,331.84
-126.88,-141.52,-14.64,136.64,-58.56,-78.08,19.52,-87.84,-39.04,-48.8,156.16,341.6
-136.64,-131.76,4.88,136.64,-73.2,-63.44,14.64,-87.84,-34.16,-48.8,161.04,331.84
-122,-131.76,-9.76,126.88,-58.56,-73.2,14.64,-87.84,-39.04,-53.68,161.04,326.96
-122,-131.76,-9.76,126.88,-58.56,-73.2,24.4,-87.84,-24.4,-53.68,161.04,317.2
-136.64,-161.04,-24.4,151.28,-58.56,-92.72,9.76,-97.6,-29.28,-43.92,146.4,317.2
-141.52,-141.52,0,141.52,-73.2,-73.2,9.76,-92.72,-34.16,-43.92,141.52,322.08
-131.76,-131.76,0,131.76,-68.32,-68.32,9.76,-92.72,-34.16,-39.04,136.64,322.08
-146.4,-136.64,9.76,141.52,-78.08,-63.44,4.88,-97.6,-39.04,-39.04,131.76,322.08
-146.4,-146.4,0,146.4,-73.2,-73.2,14.64,-97.6,-29.28,-29.28,131.76,326.96
-131.76,-146.4,-14.64,141.52,-58.56,-82.96,9.76,-97.6,-39.04,-39.04,131.76,326.96
-126.88,-146.4,-19.52,136.64,-53.68,-82.96,9.76,-97.6,-39.04,-39.04,131.76,322.08
-126.88,-146.4,-19.52,136.64,-53.68,-82.96,9.76,-97.6,-34.16,-39.04,112.24,322.08
-122,-136.64,-14.64,131.76,-53.68,-78.08,9.76,-112.24,-43.92,-29.28,102.48,317.2
-117.12,-146.4,-29.28,131.76,-43.92,-87.84,9.76,-117.12,-43.92,-29.28,107.36,317.2
-117.12,-146.4,-29.28,131.76,-43.92,-87.84,14.64,-117.12,-43.92,-29.28,126.88,317.2
-112.24,-131.76,-19.52,122,-48.8,-78.08,19.52,-117.12,-43.92,-19.52,136.64,307.44
-122,-122,0,122,-63.44,-63.44,4.88,-122,-34.16,-4.88,141.52,326.96
-122,-122,0,122,-63.44,-63.44,0,-112.24,-29.28,-4.88,151.28,331.84
-112.24,-126.88,-14.64,122,-48.8,-73.2,0,-112.24,-19.52,0,146.4,331.84
-112.24,-126.88,-14.64,122,-48.8,-73.2,-4.88,-112.24,-14.64,0,136.64,326.96
-122,-117.12,4.88,122,-63.44,-58.56,-4.88,-117.12,-4.88,4.88,131.76,317.2
-131.76,-131.76,0,131.76,-68.32,-68.32,0,-117.12,-14.64,4.88,131.76,326.96
-131.76,-131.76,0,131.76,-68.32,-68.32,4.88,-102.48,-19.52,4.88,136.64,326.96
-126.88,-122,4.88,126.88,-68.32,-58.56,9.76,-102.48,-19.52,9.76,146.4,326.96
-117.12,-146.4,-29.28,131.76,-43.92,-87.84,9.76,-107.36,-29.28,9.76,141.52,312.32
-136.64,-146.4,-9.76,141.52,-63.44,-78.08,9.76,-112.24,-29.28,4.88,131.76,312.32
-136.64,-126.88,9.76,131.76,-73.2,-58.56,9.76,-117.12,-29.28,4.88,122,312.32
-131.76,-126.88,4.88,131.76,-68.32,-63.44,9.76,-117.12,-29.28,9.76,117.12,312.32
-131.76,-131.76,0,131.76,-68.32,-68.32,29.28,-102.48,-14.64,14.64,136.64,322.08
-131.76,-131.76,0,131.76,-68.32,-68.32,34.16,-92.72,0,24.4,146.4,326.96
-136.64,-136.64,0,136.64,-68.32,-68.32,39.04,-73.2,9.76,29.28,151.28,341.6
-141.52,-136.64,4.88,141.52,-73.2,-68.32,43.92,-82.96,14.64,34.16,151.28,341.6
-122,-126.88,-4.88,126.88,-58.56,-68.32,53.68,-73.2,24.4,39.04,161.04,346.48
-107.36,-122,-14.64,117.12,-48.8,-68.32,53.68,-68.32,19.52,48.8,165.92,351.36
-97.6,-102.48,-4.88,102.48,-48.8,-53.68,53.68,-68.32,19.52,53.68,170.8,351.36
-73.2,-102.48,-29.28,87.84,-24.4,-68.32,53.68,-73.2,14.64,58.56,170.8,351.36
-97.6,-102.48,-4.88,102.48,-48.8,-53.68,63.44,-73.2,14.64,58.56,156.16,341.6
-102.48,-107.36,-4.88,107.36,-48.8,-58.56,58.56,-73.2,19.52,58.56,156.16,346.48
-112.24,-112.24,0,112.24,-58.56,-58.56,58.56,-68.32,29.28,58.56,156.16,346.48
-126.88,-126.88,0,126.88,-63.44,-63.44,63.44,-68.32,34.16,58.56,161.04,341.6
-117.12,-126.88,-9.76,122,-53.68,-68.32,43.92,-78.08,19.52,48.8,151.28,312.32
-126.88,-122,4.88,126.88,-68.32,-58.56,39.04,-87.84,4.88,43.92,141.52,312.32
-136.64,-102.48,34.16,122,-87.84,-34.16,29.28,-97.6,0,34.16,141.52,322.08
-131.76,-117.12,14.64,126.88,-73.2,-53.68,19.52,-97.6,0,29.28,136.64,331.84
-141.52,-131.76,9.76,136.64,-78.08,-63.44,29.28,-87.84,9.76,43.92,146.4,336.72
-146.4,-136.64,9.76,141.52,-78.08,-63.44,39.04,-87.84,14.64,43.92,151.28,336.72
-151.28,-136.64,14.64,146.4,-82.96,-63.44,53.68,-78.08,24.4,48.8,151.28,341.6
-156.16,-141.52,14.64,151.28,-87.84,-63.44,63.44,-68.32,39.04,58.56,151.28,346.48
-156.16,-141.52,14.64,151.28,-87.84,-63.44,53.68,-78.08,34.16,48.8,146.4,346.48
-146.4,-117.12,29.28,131.76,-87.84,-43.92,48.8,-82.96,29.28,48.8,141.52,346.48
-136.64,-131.76,4.88,136.64,-73.2,-63.44,39.04,-82.96,14.64,43.92,141.52,336.72
-126.88,-146.4,-19.52,136.64,-53.68,-82.96,29.28,-82.96,0,43.92,141.52,331.84
-122,-146.4,-24.4,136.64,-48.8,-87.84,48.8,-73.2,9.76,53.68,136.64,331.84
-102.48,-136.64,-34.16,122,-34.16,-87.84,63.44,-73.2,19.52,58.56,141.52,346.48
-122,-126.88,-4.88,126.88,-58.56,-68.32,63.44,-68.32,19.52,58.56,146.4,346.48
-131.76,-136.64,-4.88,136.64,-63.44,-73.2,53.68,-63.44,9.76,58.56,146.4,336.72
-112.24,-136.64,-24.4,126.88,-43.92,-82.96,43.92,-87.84,4.88,39.04,136.64,326.96
-102.48,-122,-19.52,112.24,-43.92,-73.2,53.68,-68.32,24.4,58.56,156.16,346.48
-78.08,-87.84,-9.76,82.96,-34.16,-48.8,78.08,-58.56,39.04,78.08,165.92,361.12
-87.84,-107.36,-19.52,97.6,-34.16,-63.44,68.32,-68.32,29.28,58.56,156.16,351.36
-97.6,-117.12,-19.52,107.36,-39.04,-68.32,58.56,-78.08,19.52,48.8,146.4,341.6
-107.36,-126.88,-19.52,117.12,-43.92,-73.2,48.8,-87.84,9.76,39.04,136.64,331.84
-117.12,-136.64,-19.52,126.88,-48.8,-78.08,39.04,-97.6,0,29.28,126.88,322.08
-122,-151.28,-29.28,136.64,-48.8,-92.72,29.28,-97.6,0,29.28,117.12,312.32
-126.88,-151.28,-24.4,141.52,-53.68,-87.84,34.16,-97.6,-9.76,29.28,122,312.32
-126.88,-156.16,-29.28,141.52,-48.8,-92.72,34.16,-102.48,0,29.28,122,312.32
-131.76,-161.04,-29.28,146.4,-53.68,-97.6,34.16,-102.48,0,34.16,122,312.32
-117.12,-122,-4.88,122,-58.56,-63.44,43.92,-92.72,4.88,39.04,126.88,312.32
-97.6,-92.72,4.88,97.6,-53.68,-43.92,43.92,-92.72,4.88,39.04,131.76,317.2
-82.96,-73.2,9.76,78.08,-48.8,-34.16,48.8,-92.72,4.88,34.16,141.52,326.96
-68.32,-58.56,9.76,63.44,-39.04,-24.4,48.8,-92.72,4.88,29.28,146.4,326.96
-68.32,-68.32,0,68.32,-34.16,-34.16,53.68,-97.6,4.88,39.04,146.4,331.84
-68.32,-53.68,14.64,63.44,-43.92,-19.52,53.68,-97.6,4.88,39.04,146.4,331.84
-68.32,-43.92,24.4,58.56,-48.8,-9.76,53.68,-97.6,-9.76,34.16,146.4,322.08
-73.2,-53.68,19.52,63.44,-48.8,-19.52,53.68,-97.6,-9.76,34.16,141.52,317.2
-87.84,-73.2,14.64,82.96,-53.68,-29.28,53.68,-87.84,-4.88,48.8,151.28,322.08
-102.48,-92.72,9.76,97.6,-58.56,-43.92,63.44,-82.96,4.88,48.8,156.16,326.96
-102.48,-107.36,-4.88,107.36,-48.8,-58.56,68.32,-78.08,24.4,53.68,161.04,336.72
-117.12,-126.88,-9.76,122,-53.68,-68.32,68.32,-78.08,29.28,53.68,161.04,341.6
-102.48,-126.88,-24.4,117.12,-39.04,-78.08,68.32,-82.96,14.64,43.92,146.4,326.96
-102.48,-117.12,-14.64,112.24,-43.92,-68.32,63.44,-97.6,9.76,39.04,141.52,322.08
-97.6,-107.36,-9.76,102.48,-43.92,-58.56,73.2,-92.72,9.76,39.04,141.52,317.2
-92.72,-107.36,-14.64,102.48,-39.04,-63.44,78.08,-87.84,9.76,29.28,146.4,317.2
-97.6,-92.72,4.88,97.6,-53.68,-43.92,78.08,-78.08,19.52,34.16,151.28,326.96
-107.36,-82.96,24.4,97.6,-68.32,-29.28,73.2,-82.96,19.52,39.04,156.16,331.84
-122,-73.2,48.8,97.6,-87.84,-14.64,73.2,-82.96,14.64,43.92,161.04,331.84
-126.88,-58.56,68.32,92.72,-97.6,4.88,73.2,-82.96,14.64,48.8,170.8,331.84
-112.24,-29.28,82.96,73.2,-97.6,24.4,82.96,-78.08,39.04,53.68,180.56,336.72
-102.48,-9.76,92.72,58.56,-97.6,39.04,87.84,-68.32,43.92,63.44,180.56,351.36
-97.6,0,97.6,48.8,-97.6,48.8,92.72,-43.92,53.68,73.2,190.32,370.88
-87.84,0,87.84,43.92,-87.84,43.92,92.72,-39.04,68.32,87.84,195.2,380.64
-82.96,-24.4,58.56,53.68,-73.2,14.64,92.72,-39.04,68.32,87.84,204.96,380.64
-82.96,-43.92,39.04,63.44,-63.44,-4.88,82.96,-48.8,68.32,87.84,195.2,375.76
-82.96,-58.56,24.4,73.2,-53.68,-19.52,87.84,-39.04,68.32,87.84,195.2,375.76
-68.32,-58.56,9.76,63.44,-39.04,-24.4,97.6,-39.04,73.2,92.72,200.08,380.64
-73.2,-39.04,34.16,58.56,-53.68,-4.88,82.96,-43.92,78.08,87.84,209.84,370.88
-78.08,-19.52,58.56,48.8,-68.32,19.52,87.84,-34.16,78.08,87.84,204.96,375.76
-78.08,-19.52,58.56,48.8,-68.32,19.52,82.96,-39.04,73.2,82.96,200.08,370.88
-78.08,-9.76,68.32,43.92,-73.2,29.28,68.32,-58.56,58.56,73.2,190.32,366
-68.32,-9.76,58.56,39.04,-63.44,24.4,58.56,-58.56,63.44,73.2,190.32,366
-63.44,-14.64,48.8,39.04,-58.56,14.64,58.56,-58.56,58.56,63.44,190.32,366
-53.68,-9.76,43.92,34.16,-48.8,14.64,53.68,-63.44,53.68,63.44,190.32,361.12
-48.8,-4.88,43.92,29.28,-48.8,19.52,48.8,-73.2,48.8,58.56,185.44,356.24
-68.32,-39.04,29.28,53.68,-48.8,-4.88,43.92,-63.44,53.68,58.56,195.2,366
-78.08,-63.44,14.64,73.2,-48.8,-24.4,48.8,-73.2,53.68,58.56,190.32,361.12
-78.08,-73.2,4.88,78.08,-43.92,-34.16,39.04,-87.84,43.92,58.56,185.44,351.36
-78.08,-68.32,9.76,73.2,-43.92,-29.28,34.16,-92.72,29.28,48.8,170.8,346.48
-73.2,-87.84,-14.64,82.96,-29.28,-53.68,29.28,-112.24,19.52,48.8,161.04,331.84
-68.32,-102.48,-34.16,87.84,-19.52,-68.32,24.4,-112.24,14.64,43.92,151.28,326.96
-82.96,-117.12,-34.16,102.48,-24.4,-78.08,24.4,-107.36,14.64,43.92,151.28,326.96
-87.84,-126.88,-39.04,107.36,-24.4,-82.96,29.28,-102.48,14.64,48.8,161.04,326.96
-102.48,-126.88,-24.4,117.12,-39.04,-78.08,24.4,-112.24,14.64,43.92,161.04,326.96
-112.24,-122,-9.76,117.12,-53.68,-68.32,24.4,-112.24,9.76,29.28,151.28,317.2
-117.12,-136.64,-19.52,126.88,-48.8,-78.08,24.4,-112.24,4.88,19.52,141.52,312.32
-136.64,-141.52,-4.88,141.52,-68.32,-73.2,19.52,-122,0,14.64,141.52,307.44
-146.4,-156.16,-9.76,151.28,-68.32,-82.96,19.52,-136.64,-14.64,-9.76,126.88,287.92
-151.28,-161.04,-9.76,156.16,-73.2,-87.84,19.52,-141.52,-14.64,-19.52,122,287.92
-161.04,-170.8,-9.76,165.92,-78.08,-92.72,9.76,-151.28,-24.4,-29.28,122,283.04
-165.92,-175.68,-9.76,170.8,-78.08,-92.72,4.88,-151.28,-34.16,-39.04,117.12,278.16
-175.68,-190.32,-14.64,185.44,-82.96,-102.48,0,-151.28,-34.16,-48.8,107.36,283.04
-180.56,-200.08,-19.52,190.32,-82.96,-112.24,0,-156.16,-39.04,-53.68,107.36,278.16
-185.44,-204.96,-19.52,195.2,-82.96,-112.24,0,-156.16,-39.04,-53.68,107.36,278.16
-190.32,-219.6,-29.28,204.96,-82.96,-126.88,4.88,-151.28,-43.92,-63.44,102.48,273.28
-165.92,-209.84,-43.92,190.32,-63.44,-126.88,4.88,-151.28,-34.16,-58.56,112.24,283.04
-151.28,-204.96,-53.68,180.56,-48.8,-131.76,4.88,-151.28,-29.28,-48.8,112.24,283.04
-151.28,-195.2,-43.92,175.68,-53.68,-122,4.88,-151.28,-29.28,-43.92,112.24,283.04
-146.4,-200.08,-53.68,175.68,-48.8,-126.88,4.88,-151.28,-29.28,-39.04,112.24,283.04
-146.4,-175.68,-29.28,161.04,-58.56,-102.48,14.64,-141.52,-19.52,-39.04,122,292.8
-122,-146.4,-24.4,136.64,-48.8,-87.84,14.64,-141.52,-19.52,-39.04,122,292.8
-107.36,-117.12,-9.76,112.24,-48.8,-63.44,14.64,-141.52,-19.52,-39.04,122,292.8
-97.6,-102.48,-4.88,102.48,-48.8,-53.68,4.88,-151.28,-29.28,-43.92,117.12,287.92
-117.12,-131.76,-14.64,126.88,-53.68,-73.2,-9.76,-161.04,-39.04,-53.68,112.24,278.16
-136.64,-161.04,-24.4,151.28,-58.56,-92.72,-9.76,-161.04,-39.04,-58.56,107.36,273.28
-151.28,-175.68,-24.4,165.92,-63.44,-102.48,-4.88,-161.04,-39.04,-63.44,102.48,268.4
-156.16,-190.32,-34.16,175.68,-63.44,-112.24,-4.88,-161.04,-39.04,-68.32,97.6,263.52
-131.76,-180.56,-48.8,156.16,-43.92,-117.12,0,-151.28,-39.04,-68.32,107.36,273.28
-122,-156.16,-34.16,141.52,-43.92,-97.6,4.88,-151.28,-39.04,-68.32,107.36,273.28
-117.12,-146.4,-29.28,131.76,-43.92,-87.84,9.76,-151.28,-39.04,-68.32,107.36,273.28
-122,-156.16,-34.16,141.52,-43.92,-97.6,14.64,-151.28,-39.04,-68.32,112.24,273.28
-146.4,-161.04,-14.64,156.16,-68.32,-87.84,14.64,-146.4,-34.16,-68.32,117.12,278.16
-151.28,-161.04,-9.76,156.16,-73.2,-87.84,14.64,-141.52,-29.28,-68.32,117.12,283.04
-146.4,-156.16,-9.76,151.28,-68.32,-82.96,14.64,-136.64,-24.4,-63.44,112.24,287.92
-151.28,-156.16,-4.88,156.16,-73.2,-82.96,14.64,-126.88,-14.64,-63.44,107.36,292.8
-156.16,-151.28,4.88,156.16,-82.96,-73.2,14.64,-136.64,-24.4,-78.08,92.72,278.16
-156.16,-156.16,0,156.16,-78.08,-78.08,9.76,-141.52,-34.16,-82.96,87.84,273.28
-151.28,-156.16,-4.88,156.16,-73.2,-82.96,4.88,-151.28,-48.8,-92.72,82.96,263.52
-141.52,-141.52,0,141.52,-73.2,-73.2,-4.88,-161.04,-58.56,-97.6,78.08,253.76
-161.04,-180.56,-19.52,170.8,-73.2,-102.48,-4.88,-151.28,-48.8,-97.6,82.96,253.76
-170.8,-185.44,-14.64,180.56,-78.08,-102.48,-4.88,-156.16,-43.92,-97.6,82.96,258.64
-170.8,-200.08,-29.28,185.44,-73.2,-117.12,-4.88,-156.16,-43.92,-97.6,82.96,258.64
-175.68,-214.72,-39.04,195.2,-68.32,-126.88,0,-151.28,-43.92,-97.6,82.96,258.64
-204.96,-224.48,-19.52,214.72,-92.72,-122,14.64,-141.52,-39.04,-97.6,82.96,253.76
-156.16,-224.48,-68.32,190.32,-43.92,-146.4,14.64,-126.88,-39.04,-87.84,82.96,258.64
-136.64,-190.32,-53.68,165.92,-43.92,-122,9.76,-112.24,-29.28,-87.84,87.84,258.64
-131.76,-141.52,-9.76,136.64,-63.44,-78.08,19.52,-87.84,-9.76,-78.08,87.84,258.64
-131.76,-136.64,-4.88,136.64,-63.44,-73.2,34.16,-43.92,14.64,-48.8,107.36,268.4
-131.76,-112.24,19.52,122,-78.08,-48.8,58.56,29.28,58.56,0,136.64,283.04
-112.24,-73.2,39.04,92.72,-78.08,-19.52,112.24,151.28,141.52,78.08,185.44,312.32
-58.56,-29.28,29.28,43.92,-43.92,0,185.44,287.92,244,180.56,263.52,370.88
-39.04,0,39.04,19.52,-39.04,19.52,239.12,414.8,356.24,292.8,351.36,458.72
-9.76,53.68,63.44,-19.52,-39.04,58.56,278.16,541.68,463.6,409.92,434.32,536.8
48.8,141.52,92.72,-92.72,-24.4,117.12,263.52,649.04,546.56,502.64,492.88,580.72
92.72,185.44,92.72,-136.64,0,136.64,224.48,751.52,639.28,580.72,546.56,629.52
122,185.44,63.44,-151.28,29.28,122,214.72,863.76,751.52,692.96,644.16,707.6
190.32,180.56,-9.76,-185.44,97.6,82.96,200.08,941.84,883.28,834.48,746.64,810.08
248.88,214.72,-34.16,-229.36,141.52,87.84,102.48,854,966.24,936.96,844.24,897.92
273.28,258.64,-14.64,-263.52,141.52,122,-39.04,678.32,985.76,995.52,902.8,946.72
336.72,312.32,-24.4,-322.08,180.56,141.52,-200.08,512.4,980.88,1024.8,936.96,980.88
405.04,297.68,-107.36,-351.36,253.76,92.72,-326.96,434.32,1000.4,1054.08,946.72,980.88
395.28,244,-151.28,-317.2,273.28,43.92,-385.52,424.56,1019.92,1083.36,941.84,980.88
312.32,248.88,-63.44,-278.16,185.44,92.72,-414.8,326.96,980.88,1054.08,912.56,951.6
214.72,214.72,0,-214.72,107.36,107.36,-448.96,131.76,824.72,917.44,805.2,883.28
112.24,92.72,-19.52,-102.48,63.44,34.16,-458.72,-14.64,600.24,673.44,619.76,732
58.56,-34.16,-92.72,-9.76,73.2,-63.44,-458.72,-102.48,370.88,405.04,400.16,546.56
24.4,-122,-146.4,48.8,82.96,-136.64,-478.24,-209.84,165.92,175.68,224.48,390.4
-19.52,-204.96,-185.44,112.24,82.96,-195.2,-458.72,-351.36,-9.76,0,102.48,278.16
-73.2,-283.04,-209.84,180.56,68.32,-248.88,-424.56,-502.64,-175.68,-151.28,0,190.32
-107.36,-307.44,-200.08,209.84,43.92,-253.76,-375.76,-570.96,-258.64,-234.24,-34.16,156.16
-97.6,-302.56,-204.96,200.08,53.68,-253.76,-312.32,-458.72,-209.84,-195.2,0,185.44
-82.96,-302.56,-219.6,195.2,68.32,-263.52,-248.88,-317.2,-151.28,-131.76,34.16,214.72
-82.96,-297.68,-214.72,190.32,63.44,-258.64,-224.48,-278.16,-136.64,-122,24.4,209.84
-82.96,-317.2,-234.24,200.08,73.2,-278.16,-190.32,-263.52,-122,-112.24,34.16,219.6
-73.2,-287.92,-214.72,180.56,68.32,-253.76,-165.92,-239.12,-92.72,-92.72,48.8,219.6
-53.68,-204.96,-151.28,131.76,48.8,-180.56,-146.4,-219.6,-82.96,-87.84,48.8,214.72
-39.04,-151.28,-112.24,97.6,34.16,-131.76,-136.64,-214.72,-82.96,-92.72,39.04,204.96
-43.92,-156.16,-112.24,102.48,34.16,-136.64,-136.64,-224.48,-92.72,-122,14.64,185.44
-82.96,-185.44,-102.48,136.64,9.76,-146.4,-117.12,-219.6,-97.6,-131.76,14.64,170.8
-97.6,-195.2,-97.6,146.4,0,-146.4,-87.84,-190.32,-78.08,-112.24,34.16,195.2
-73.2,-195.2,-122,136.64,24.4,-161.04,-78.08,-165.92,-68.32,-102.48,48.8,209.84
-73.2,-190.32,-117.12,131.76,19.52,-156.16,-43.92,-131.76,-43.92,-82.96,73.2,229.36
-126.88,-195.2,-68.32,161.04,-29.28,-131.76,0,-87.84,-9.76,-43.92,107.36,268.4
-146.4,-165.92,-19.52,156.16,-63.44,-92.72,14.64,-78.08,4.88,-34.16,112.24,283.04
-146.4,-146.4,0,146.4,-73.2,-73.2,4.88,-97.6,-4.88,-43.92,112.24,273.28
-161.04,-141.52,19.52,151.28,-92.72,-63.44,4.88,-102.48,-4.88,-48.8,112.24,268.4
-170.8,-151.28,19.52,161.04,-97.6,-68.32,14.64,-97.6,0,-48.8,107.36,248.88
-180.56,-161.04,19.52,170.8,-102.48,-73.2,14.64,-87.84,0,-53.68,102.48,239.12
-190.32,-175.68,14.64,185.44,-102.48,-82.96,9.76,-87.84,-4.88,-63.44,92.72,234.24
-165.92,-146.4,19.52,156.16,-92.72,-63.44,0,-73.2,-19.52,-73.2,87.84,224.48
-161.04,-146.4,14.64,156.16,-87.84,-68.32,0,-73.2,-19.52,-73.2,82.96,224.48
-161.04,-126.88,34.16,146.4,-97.6,-48.8,0,-78.08,-24.4,-82.96,92.72,229.36
-146.4,-102.48,43.92,126.88,-97.6,-29.28,-4.88,-78.08,-29.28,-82.96,87.84,229.36
-151.28,-112.24,39.04,131.76,-97.6,-39.04,9.76,-78.08,-19.52,-63.44,92.72,239.12
-151.28,-126.88,24.4,141.52,-87.84,-53.68,19.52,-73.2,-4.88,-48.8,102.48,258.64
-156.16,-151.28,4.88,156.16,-82.96,-73.2,34.16,-63.44,4.88,-34.16,112.24,273.28
-161.04,-165.92,-4.88,165.92,-78.08,-87.84,43.92,-53.68,14.64,-24.4,126.88,287.92
-180.56,-185.44,-4.88,185.44,-87.84,-97.6,39.04,-53.68,9.76,-34.16,117.12,283.04
-180.56,-200.08,-19.52,190.32,-82.96,-112.24,48.8,-48.8,14.64,-39.04,117.12,273.28
-180.56,-204.96,-24.4,195.2,-78.08,-117.12,48.8,-39.04,14.64,-43.92,112.24,268.4
-185.44,-200.08,-14.64,195.2,-87.84,-107.36,43.92,-39.04,14.64,-53.68,107.36,253.76
-180.56,-180.56,0,180.56,-92.72,-92.72,34.16,-29.28,19.52,-53.68,107.36,263.52
-175.68,-175.68,0,175.68,-87.84,-87.84,34.16,-34.16,19.52,-53.68,112.24,263.52
-156.16,-170.8,-14.64,165.92,-73.2,-92.72,34.16,-34.16,19.52,-53.68,122,273.28
-151.28,-161.04,-9.76,156.16,-73.2,-87.84,29.28,-43.92,24.4,-48.8,122,273.28
-156.16,-165.92,-9.76,161.04,-73.2,-87.84,39.04,-34.16,24.4,-48.8,131.76,273.28
-156.16,-165.92,-9.76,161.04,-73.2,-87.84,39.04,-34.16,24.4,-48.8,131.76,278.16
-161.04,-170.8,-9.76,165.92,-78.08,-92.72,48.8,-19.52,29.28,-43.92,136.64,278.16
-175.68,-170.8,4.88,175.68,-92.72,-82.96,58.56,-4.88,34.16,-39.04,141.52,287.92
-165.92,-170.8,-4.88,170.8,-82.96,-87.84,58.56,-4.88,29.28,-48.8,126.88,268.4
-156.16,-165.92,-9.76,161.04,-73.2,-87.84,53.68,-4.88,24.4,-53.68,122,258.64
-156.16,-161.04,-4.88,161.04,-78.08,-82.96,53.68,-4.88,19.52,-53.68,117.12,258.64
-146.4,-151.28,-4.88,151.28,-73.2,-78.08,48.8,-4.88,14.64,-53.68,112.24,263.52
-141.52,-146.4,-4.88,146.4,-68.32,-78.08,48.8,-4.88,19.52,-39.04,126.88,278.16
-146.4,-122,24.4,136.64,-87.84,-48.8,48.8,0,29.28,-39.04,131.76,283.04
-151.28,-136.64,14.64,146.4,-82.96,-63.44,39.04,0,39.04,-39.04,131.76,287.92
-161.04,-136.64,24.4,151.28,-92.72,-58.56,39.04,4.88,53.68,-34.16,131.76,287.92
-161.04,-136.64,24.4,151.28,-92.72,-58.56,34.16,0,39.04,-34.16,117.12,273.28
-161.04,-151.28,9.76,156.16,-87.84,-73.2,34.16,4.88,34.16,-34.16,117.12,273.28
-161.04,-151.28,9.76,156.16,-87.84,-73.2,29.28,9.76,39.04,-39.04,117.12,273.28
-156.16,-146.4,9.76,151.28,-82.96,-68.32,24.4,9.76,34.16,-34.16,126.88,278.16
-146.4,-112.24,34.16,131.76,-92.72,-39.04,34.16,24.4,43.92,-19.52,131.76,297.68
-146.4,-122,24.4,136.64,-87.84,-48.8,39.04,29.28,48.8,-19.52,141.52,302.56
-146.4,-126.88,19.52,136.64,-82.96,-53.68,39.04,19.52,48.8,-24.4,141.52,302.56
-161.04,-136.64,24.4,151.28,-92.72,-58.56,39.04,24.4,53.68,-24.4,141.52,297.68
-170.8,-146.4,24.4,161.04,-97.6,-63.44,48.8,29.28,58.56,-19.52,146.4,287.92
-146.4,-131.76,14.64,141.52,-82.96,-58.56,48.8,34.16,63.44,-19.52,146.4,292.8
-126.88,-126.88,0,126.88,-63.44,-63.44,43.92,34.16,63.44,-14.64,146.4,297.68
-126.88,-122,4.88,126.88,-68.32,-58.56,43.92,39.04,63.44,-14.64,146.4,297.68
-126.88,-136.64,-9.76,131.76,-58.56,-73.2,39.04,43.92,68.32,-9.76,136.64,287.92
-122,-126.88,-4.88,126.88,-58.56,-68.32,34.16,48.8,68.32,-9.76,136.64,287.92
-122,-117.12,4.88,122,-63.44,-58.56,29.28,48.8,68.32,-9.76,151.28,292.8
-117.12,-131.76,-14.64,126.88,-53.68,-73.2,19.52,43.92,68.32,-9.76,151.28,297.68
-131.76,-126.88,4.88,131.76,-68.32,-63.44,24.4,53.68,63.44,-4.88,151.28,297.68
-131.76,-122,9.76,126.88,-73.2,-58.56,24.4,53.68,63.44,-4.88,136.64,287.92
-126.88,-126.88,0,126.88,-63.44,-63.44,29.28,58.56,68.32,-9.76,136.64,287.92
-122,-102.48,19.52,112.24,-73.2,-43.92,34.16,58.56,68.32,-14.64,156.16,292.8
-112.24,-92.72,19.52,102.48,-68.32,-39.04,39.04,48.8,73.2,-9.76,161.04,302.56
-102.48,-73.2,29.28,87.84,-68.32,-24.4,19.52,53.68,73.2,-9.76,156.16,302.56
-102.48,-68.32,34.16,87.84,-68.32,-19.52,14.64,63.44,78.08,-4.88,161.04,297.68
-102.48,-58.56,43.92,82.96,-73.2,-9.76,9.76,68.32,82.96,-4.88,156.16,297.68
-107.36,-78.08,29.28,92.72,-68.32,-24.4,14.64,73.2,97.6,0,161.04,302.56
-117.12,-112.24,4.88,117.12,-63.44,-53.68,19.52,78.08,102.48,4.88,165.92,312.32
-136.64,-131.76,4.88,136.64,-73.2,-63.44,19.52,82.96,107.36,14.64,175.68,322.08
-126.88,-151.28,-24.4,141.52,-53.68,-87.84,24.4,87.84,112.24,24.4,185.44,341.6
-102.48,-126.88,-24.4,117.12,-39.04,-78.08,9.76,73.2,107.36,19.52,180.56,322.08
-82.96,-102.48,-19.52,92.72,-34.16,-63.44,4.88,73.2,102.48,14.64,175.68,322.08
-92.72,-102.48,-9.76,97.6,-43.92,-58.56,4.88,78.08,102.48,14.64,180.56,326.96
-97.6,-107.36,-9.76,102.48,-43.92,-58.56,4.88,78.08,102.48,19.52,180.56,336.72
-107.36,-97.6,9.76,102.48,-58.56,-43.92,-9.76,82.96,102.48,19.52,175.68,326.96
-102.48,-92.72,9.76,97.6,-58.56,-43.92,-14.64,87.84,107.36,14.64,175.68,326.96
-82.96,-87.84,-4.88,87.84,-39.04,-48.8,-14.64,87.84,107.36,14.64,195.2,331.84
-78.08,-87.84,-9.76,82.96,-34.16,-48.8,-24.4,82.96,112.24,14.64,204.96,336.72
-73.2,-92.72,-19.52,82.96,-29.28,-58.56,-39.04,92.72,112.24,19.52,204.96,341.6
-82.96,-78.08,4.88,82.96,-43.92,-39.04,-39.04,92.72,112.24,19.52,204.96,341.6
-63.44,-82.96,-19.52,73.2,-24.4,-53.68,-39.04,92.72,122,29.28,204.96,341.6
-43.92,-92.72,-48.8,68.32,0,-73.2,-48.8,87.84,122,34.16,200.08,341.6
-39.04,-92.72,-53.68,68.32,4.88,-73.2,-48.8,92.72,122,34.16,204.96,346.48
-48.8,-87.84,-39.04,68.32,-4.88,-63.44,-43.92,97.6,122,34.16,204.96,351.36
-58.56,-87.84,-29.28,73.2,-14.64,-58.56,-39.04,112.24,122,34.16,195.2,351.36
-68.32,-92.72,-24.4,82.96,-24.4,-58.56,-29.28,117.12,131.76,39.04,214.72,356.24
-68.32,-102.48,-34.16,87.84,-19.52,-68.32,-19.52,117.12,136.64,53.68,224.48,361.12
-63.44,-92.72,-29.28,78.08,-19.52,-63.44,-29.28,117.12,131.76,53.68,224.48,370.88
-63.44,-82.96,-19.52,73.2,-24.4,-53.68,-29.28,107.36,131.76,43.92,219.6,370.88
-82.96,-82.96,0,82.96,-43.92,-43.92,-39.04,97.6,136.64,43.92,219.6,361.12
-68.32,-78.08,-9.76,73.2,-29.28,-43.92,-58.56,97.6,131.76,48.8,224.48,361.12
-48.8,-58.56,-9.76,53.68,-19.52,-34.16,-43.92,107.36,136.64,53.68,229.36,366
-34.16,-19.52,14.64,29.28,-24.4,-4.88,-43.92,107.36,136.64,53.68,229.36,370.88
-14.64,0,14.64,9.76,-14.64,4.88,-43.92,102.48,136.64,53.68,229.36,370.88
-19.52,-9.76,9.76,14.64,-14.64,0,-58.56,102.48,141.52,63.44,234.24,380.64
-24.4,-19.52,4.88,24.4,-14.64,-9.76,-58.56,102.48,151.28,68.32,234.24,380.64
-29.28,-24.4,4.88,29.28,-19.52,-9.76,-58.56,97.6,156.16,73.2,239.12,390.4
-34.16,-34.16,0,34.16,-19.52,-19.52,-58.56,92.72,161.04,73.2,248.88,390.4
-39.04,-68.32,-29.28,53.68,-4.88,-48.8,-73.2,92.72,156.16,68.32,244,380.64
-14.64,-58.56,-43.92,39.04,14.64,-53.68,-73.2,97.6,151.28,58.56,239.12,370.88
-24.4,-58.56,-34.16,43.92,4.88,-48.8,-68.32,82.96,146.4,53.68,234.24,370.88
-29.28,-63.44,-34.16,48.8,0,-48.8,-68.32,87.84,131.76,58.56,234.24,370.88
-39.04,-78.08,-39.04,58.56,0,-58.56,-73.2,102.48,136.64,58.56,239.12,370.88
-39.04,-87.84,-48.8,63.44,4.88,-68.32,-58.56,102.48,141.52,58.56,244,370.88
-39.04,-92.72,-53.68,68.32,4.88,-73.2,-53.68,102.48,146.4,58.56,244,370.88
-14.64,-73.2,-58.56,43.92,19.52,-68.32,-48.8,102.48,151.28,53.68,239.12,375.76
-29.28,-58.56,-29.28,43.92,0,-43.92,-39.04,107.36,151.28,53.68,239.12,366
-48.8,-73.2,-24.4,63.44,-14.64,-48.8,-39.04,102.48,151.28,53.68,234.24,356.24
-53.68,-48.8,4.88,53.68,-29.28,-24.4,-34.16,87.84,151.28,53.68,224.48,356.24
-58.56,-68.32,-9.76,63.44,-24.4,-39.04,-34.16,82.96,151.28,48.8,224.48,346.48
-58.56,-78.08,-19.52,68.32,-19.52,-48.8,-43.92,92.72,161.04,53.68,219.6,351.36
-58.56,-82.96,-24.4,73.2,-19.52,-53.68,-43.92,87.84,151.28,48.8,224.48,351.36
-68.32,-82.96,-14.64,78.08,-29.28,-48.8,-29.28,87.84,151.28,48.8,229.36,356.24
-73.2,-87.84,-14.64,82.96,-29.28,-53.68,-29.28,87.84,151.28,43.92,229.36,361.12
-53.68,-87.84,-34.16,73.2,-9.76,-63.44,-34.16,78.08,146.4,29.28,219.6,341.6
-53.68,-87.84,-34.16,73.2,-9.76,-63.44,-39.04,73.2,136.64,29.28,214.72,341.6
-63.44,-87.84,-24.4,78.08,-19.52,-58.56,-34.16,68.32,131.76,29.28,209.84,331.84
-63.44,-73.2,-9.76,68.32,-29.28,-43.92,-34.16,63.44,117.12,19.52,204.96,331.84
-63.44,-53.68,9.76,58.56,-39.04,-24.4,-24.4,63.44,126.88,14.64,204.96,336.72
-68.32,-68.32,0,68.32,-34.16,-34.16,-24.4,68.32,131.76,14.64,200.08,336.72
-73.2,-78.08,-4.88,78.08,-34.16,-43.92,-19.52,63.44,131.76,19.52,195.2,326.96
-73.2,-78.08,-4.88,78.08,-34.16,-43.92,-19.52,63.44,131.76,14.64,190.32,322.08
-68.32,-68.32,0,68.32,-34.16,-34.16,-29.28,53.68,122,9.76,175.68,307.44
-68.32,-68.32,0,68.32,-34.16,-34.16,-29.28,43.92,112.24,0,170.8,292.8
-73.2,-68.32,4.88,73.2,-39.04,-34.16,-24.4,53.68,107.36,-4.88,165.92,287.92
-73.2,-73.2,0,73.2,-39.04,-39.04,-14.64,63.44,97.6,-9.76,156.16,287.92
-102.48,-78.08,24.4,92.72,-63.44,-29.28,4.88,63.44,97.6,-4.88,156.16,287.92
-107.36,-87.84,19.52,97.6,-63.44,-34.16,9.76,58.56,87.84,-4.88,141.52,273.28
-112.24,-107.36,4.88,112.24,-58.56,-53.68,14.64,53.68,87.84,-19.52,136.64,273.28
-117.12,-117.12,0,117.12,-58.56,-58.56,19.52,53.68,87.84,-24.4,136.64,283.04
-126.88,-136.64,-9.76,131.76,-58.56,-73.2,14.64,43.92,87.84,-34.16,126.88,273.28
-151.28,-161.04,-9.76,156.16,-73.2,-87.84,9.76,43.92,82.96,-29.28,126.88,273.28
-175.68,-180.56,-4.88,180.56,-87.84,-92.72,9.76,43.92,82.96,-29.28,126.88,253.76
-185.44,-200.08,-14.64,195.2,-87.84,-107.36,4.88,39.04,82.96,-39.04,126.88,244
-165.92,-185.44,-19.52,175.68,-73.2,-102.48,9.76,39.04,78.08,-43.92,117.12,253.76
-175.68,-185.44,-9.76,180.56,-82.96,-97.6,14.64,43.92,78.08,-43.92,117.12,253.76
-175.68,-185.44,-9.76,180.56,-82.96,-97.6,14.64,43.92,78.08,-48.8,112.24,244
-170.8,-180.56,-9.76,175.68,-82.96,-97.6,24.4,48.8,73.2,-48.8,107.36,244
-156.16,-156.16,0,156.16,-78.08,-78.08,34.16,58.56,82.96,-53.68,102.48,239.12
-141.52,-131.76,9.76,136.64,-78.08,-63.44,34.16,63.44,73.2,-58.56,102.48,239.12
-131.76,-126.88,4.88,131.76,-68.32,-63.44,34.16,58.56,68.32,-63.44,102.48,239.12
-117.12,-122,-4.88,122,-58.56,-63.44,34.16,73.2,68.32,-63.44,102.48,224.48
-107.36,-102.48,4.88,107.36,-58.56,-48.8,43.92,78.08,73.2,-53.68,112.24,234.24
-107.36,-87.84,19.52,97.6,-63.44,-34.16,43.92,82.96,82.96,-48.8,112.24,244
-107.36,-68.32,39.04,87.84,-73.2,-14.64,43.92,78.08,87.84,-48.8,112.24,253.76
-112.24,-53.68,58.56,82.96,-87.84,0,43.92,82.96,87.84,-48.8,112.24,244
-112.24,-82.96,29.28,97.6,-73.2,-29.28,34.16,78.08,82.96,-48.8,112.24,234.24
-97.6,-92.72,4.88,97.6,-53.68,-43.92,34.16,82.96,78.08,-43.92,112.24,234.24
-78.08,-97.6,-19.52,87.84,-29.28,-58.56,39.04,78.08,78.08,-43.92,122,244
-58.56,-87.84,-29.28,73.2,-14.64,-58.56,39.04,58.56,73.2,-53.68,122,253.76
-63.44,-102.48,-39.04,82.96,-14.64,-73.2,19.52,53.68,68.32,-68.32,107.36,224.48
-102.48,-112.24,-9.76,107.36,-48.8,-63.44,19.52,48.8,68.32,-68.32,102.48,219.6
-122,-126.88,-4.88,126.88,-58.56,-68.32,24.4,48.8,68.32,-63.44,97.6,219.6
-151.28,-131.76,19.52,141.52,-87.84,-58.56,24.4,48.8,73.2,-58.56,87.84,219.6
-151.28,-117.12,34.16,136.64,-92.72,-43.92,29.28,53.68,73.2,-48.8,87.84,224.48
-161.04,-112.24,48.8,136.64,-107.36,-34.16,34.16,53.68,78.08,-48.8,92.72,224.48
-141.52,-107.36,34.16,126.88,-87.84,-39.04,39.04,53.68,78.08,-53.68,92.72,214.72
-117.12,-102.48,14.64,112.24,-68.32,-43.92,43.92,48.8,68.32,-58.56,97.6,214.72
-131.76,-122,9.76,126.88,-73.2,-58.56,29.28,43.92,63.44,-68.32,82.96,224.48
-146.4,-112.24,34.16,131.76,-92.72,-39.04,24.4,39.04,63.44,-68.32,82.96,214.72
-136.64,-112.24,24.4,126.88,-82.96,-43.92,24.4,34.16,53.68,-73.2,78.08,209.84
-141.52,-112.24,29.28,126.88,-87.84,-43.92,34.16,29.28,63.44,-73.2,73.2,200.08
-151.28,-141.52,9.76,146.4,-82.96,-68.32,24.4,29.28,53.68,-73.2,73.2,200.08
-151.28,-122,29.28,136.64,-92.72,-48.8,29.28,34.16,53.68,-73.2,73.2,204.96
-136.64,-112.24,24.4,126.88,-82.96,-43.92,34.16,34.16,58.56,-68.32,73.2,204.96
-146.4,-117.12,29.28,131.76,-87.84,-43.92,34.16,29.28,58.56,-68.32,73.2,204.96
-146.4,-136.64,9.76,141.52,-78.08,-63.44,24.4,24.4,68.32,-58.56,82.96,209.84
-131.76,-136.64,-4.88,136.64,-63.44,-73.2,19.52,19.52,58.56,-68.32,82.96,209.84
-126.88,-136.64,-9.76,131.76,-58.56,-73.2,19.52,14.64,58.56,-68.32,82.96,204.96
-126.88,-136.64,-9.76,131.76,-58.56,-73.2,19.52,9.76,63.44,-68.32,63.44,204.96
-126.88,-136.64,-9.76,131.76,-58.56,-73.2,19.52,9.76,73.2,-63.44,63.44,219.6
-126.88,-146.4,-19.52,136.64,-53.68,-82.96,19.52,9.76,73.2,-58.56,68.32,219.6
-131.76,-146.4,-14.64,141.52,-58.56,-82.96,24.4,14.64,73.2,-53.68,87.84,219.6
-131.76,-131.76,0,131.76,-68.32,-68.32,29.28,19.52,73.2,-39.04,97.6,209.84
-146.4,-126.88,19.52,136.64,-82.96,-53.68,34.16,34.16,78.08,-43.92,97.6,209.84
-151.28,-131.76,19.52,141.52,-87.84,-58.56,39.04,43.92,78.08,-43.92,102.48,214.72
-146.4,-141.52,4.88,146.4,-78.08,-68.32,48.8,43.92,82.96,-39.04,92.72,214.72
-151.28,-146.4,4.88,151.28,-78.08,-73.2,53.68,43.92,82.96,-39.04,78.08,209.84
-151.28,-141.52,9.76,146.4,-82.96,-68.32,39.04,39.04,92.72,-43.92,78.08,200.08
-161.04,-151.28,9.76,156.16,-87.84,-73.2,39.04,39.04,82.96,-43.92,73.2,209.84
-161.04,-146.4,14.64,156.16,-87.84,-68.32,39.04,53.68,78.08,-43.92,73.2,209.84
-156.16,-131.76,24.4,146.4,-92.72,-53.68,39.04,53.68,78.08,-39.04,78.08,209.84
-146.4,-170.8,-24.4,161.04,-63.44,-97.6,39.04,43.92,78.08,-39.04,78.08,204.96
-165.92,-175.68,-9.76,170.8,-78.08,-92.72,39.04,43.92,78.08,-43.92,73.2,204.96
-165.92,-161.04,4.88,165.92,-87.84,-78.08,39.04,43.92,78.08,-43.92,68.32,204.96
-161.04,-165.92,-4.88,165.92,-78.08,-87.84,39.04,48.8,78.08,-39.04,68.32,204.96
-151.28,-141.52,9.76,146.4,-82.96,-68.32,34.16,43.92,73.2,-43.92,73.2,195.2
-151.28,-131.76,19.52,141.52,-87.84,-58.56,34.16,43.92,78.08,-43.92,78.08,200.08
-156.16,-126.88,29.28,141.52,-92.72,-48.8,34.16,53.68,78.08,-48.8,78.08,214.72
-161.04,-117.12,43.92,141.52,-102.48,-39.04,34.16,34.16,73.2,-53.68,73.2,214.72
-146.4,-117.12,29.28,131.76,-87.84,-43.92,24.4,43.92,78.08,-48.8,82.96,209.84
-136.64,-112.24,24.4,126.88,-82.96,-43.92,24.4,48.8,78.08,-39.04,87.84,214.72
-131.76,-92.72,39.04,112.24,-87.84,-29.28,24.4,48.8,82.96,-34.16,92.72,214.72
-112.24,-92.72,19.52,102.48,-68.32,-39.04,24.4,43.92,82.96,-29.28,92.72,214.72
-136.64,-107.36,29.28,122,-82.96,-39.04,29.28,34.16,73.2,-39.04,82.96,209.84
-141.52,-117.12,24.4,131.76,-82.96,-48.8,29.28,34.16,78.08,-39.04,78.08,209.84
-151.28,-126.88,24.4,141.52,-87.84,-53.68,34.16,39.04,87.84,-39.04,73.2,204.96
-165.92,-146.4,19.52,156.16,-92.72,-63.44,43.92,39.04,92.72,-39.04,73.2,195.2
-131.76,-136.64,-4.88,136.64,-63.44,-73.2,48.8,53.68,107.36,-24.4,87.84,195.2
-126.88,-122,4.88,126.88,-68.32,-58.56,58.56,58.56,102.48,-14.64,92.72,204.96
-122,-92.72,29.28,107.36,-78.08,-34.16,63.44,63.44,107.36,-9.76,107.36,224.48
-102.48,-97.6,4.88,102.48,-53.68,-48.8,68.32,78.08,117.12,0,117.12,244
-82.96,-82.96,0,82.96,-43.92,-43.92,68.32,68.32,126.88,9.76,107.36,244
-78.08,-68.32,9.76,73.2,-43.92,-29.28,68.32,58.56,122,4.88,112.24,239.12
-73.2,-48.8,24.4,63.44,-48.8,-14.64,73.2,58.56,122,4.88,112.24,239.12
-68.32,-34.16,34.16,53.68,-53.68,0,73.2,58.56,126.88,9.76,112.24,239.12
-97.6,-58.56,39.04,78.08,-68.32,-9.76,63.44,53.68,117.12,0,92.72,234.24
-107.36,-48.8,58.56,78.08,-82.96,4.88,48.8,43.92,107.36,-9.76,82.96,229.36
-117.12,-78.08,39.04,97.6,-78.08,-19.52,29.28,39.04,87.84,-24.4,78.08,214.72
-126.88,-107.36,19.52,117.12,-73.2,-43.92,9.76,34.16,68.32,-34.16,73.2,204.96
-107.36,-156.16,-48.8,131.76,-29.28,-102.48,9.76,14.64,78.08,-43.92,68.32,195.2
-82.96,-126.88,-43.92,107.36,-19.52,-87.84,24.4,14.64,78.08,-39.04,73.2,200.08
-87.84,-78.08,9.76,82.96,-48.8,-34.16,48.8,39.04,97.6,-19.52,87.84,214.72
-97.6,-68.32,29.28,82.96,-63.44,-19.52,58.56,39.04,97.6,-19.52,87.84,214.72
-97.6,-68.32,29.28,82.96,-63.44,-19.52,58.56,39.04,97.6,-19.52,87.84,214.72
-97.6,-68.32,29.28,82.96,-63.44,-19.52,58.56,39.04,97.6,-19.52,87.84,214.72
-97.6,-68.32,29.28,82.96,-63.44,-19.52,58.56,39.04,97.6,-19.52,87.84,214.72
-97.6,-87.84,9.76,92.72,-53.68,-39.04,48.8,48.8,97.6,-29.28,87.84,214.72
-97.6,-92.72,4.88,97.6,-53.68,-43.92,53.68,48.8,87.84,-29.28,92.72,214.72
-92.72,-102.48,-9.76,97.6,-43.92,-58.56,53.68,43.92,97.6,-29.28,92.72,214.72
-92.72,-112.24,-19.52,102.48,-39.04,-68.32,53.68,43.92,97.6,-24.4,92.72,214.72
-107.36,-92.72,14.64,102.48,-63.44,-39.04,48.8,34.16,97.6,-19.52,87.84,200.08
-107.36,-82.96,24.4,97.6,-68.32,-29.28,43.92,24.4,92.72,-19.52,82.96,200.08
-112.24,-82.96,29.28,97.6,-73.2,-29.28,43.92,14.64,87.84,-24.4,82.96,204.96
-117.12,-87.84,29.28,102.48,-73.2,-29.28,39.04,4.88,82.96,-29.28,78.08,200.08
-107.36,-112.24,-4.88,112.24,-53.68,-58.56,53.68,4.88,82.96,-19.52,87.84,214.72
-107.36,-112.24,-4.88,112.24,-53.68,-58.56,53.68,9.76,82.96,-19.52,87.84,214.72
-107.36,-117.12,-9.76,112.24,-48.8,-63.44,53.68,14.64,68.32,-24.4,87.84,204.96
-112.24,-141.52,-29.28,126.88,-43.92,-87.84,53.68,19.52,68.32,-24.4,82.96,200.08
-102.48,-122,-19.52,112.24,-43.92,-73.2,43.92,19.52,73.2,-14.64,92.72,204.96
-102.48,-102.48,0,102.48,-53.68,-53.68,53.68,24.4,82.96,-9.76,97.6,209.84
-87.84,-78.08,9.76,82.96,-48.8,-34.16,58.56,29.28,102.48,0,102.48,219.6
-87.84,-58.56,29.28,73.2,-58.56,-14.64,58.56,29.28,107.36,4.88,102.48,224.48
-78.08,-63.44,14.64,73.2,-48.8,-24.4,63.44,29.28,97.6,-4.88,92.72,224.48
-82.96,-58.56,24.4,73.2,-53.68,-19.52,63.44,19.52,97.6,0,92.72,224.48
-82.96,-53.68,29.28,68.32,-58.56,-14.64,78.08,29.28,102.48,9.76,97.6,224.48
-82.96,-58.56,24.4,73.2,-53.68,-19.52,87.84,39.04,107.36,9.76,107.36,229.36
-97.6,-78.08,19.52,87.84,-58.56,-29.28,82.96,34.16,102.48,4.88,97.6,224.48
-107.36,-82.96,24.4,97.6,-68.32,-29.28,73.2,24.4,97.6,0,87.84,224.48
-122,-87.84,34.16,107.36,-78.08,-29.28,68.32,19.52,87.84,-4.88,78.08,219.6
-126.88,-87.84,39.04,107.36,-82.96,-24.4,63.44,14.64,82.96,-9.76,73.2,214.72
-122,-63.44,58.56,92.72,-92.72,-4.88,78.08,9.76,82.96,-9.76,63.44,209.84
-122,-39.04,82.96,82.96,-102.48,19.52,78.08,9.76,82.96,-4.88,63.44,214.72
-126.88,-24.4,102.48,78.08,-117.12,39.04,78.08,24.4,87.84,0,73.2,224.48
-126.88,-19.52,107.36,73.2,-117.12,43.92,73.2,19.52,97.6,9.76,78.08,224.48
-92.72,-4.88,87.84,48.8,-92.72,39.04,78.08,24.4,102.48,19.52,97.6,239.12
-73.2,4.88,78.08,34.16,-78.08,39.04,63.44,19.52,107.36,19.52,87.84,239.12
-53.68,19.52,73.2,19.52,-63.44,43.92,63.44,34.16,112.24,19.52,87.84,244
-19.52,48.8,68.32,-14.64,-43.92,58.56,68.32,39.04,122,24.4,92.72,253.76
-9.76,43.92,53.68,-14.64,-34.16,48.8,78.08,63.44,136.64,43.92,112.24,263.52
-9.76,48.8,58.56,-19.52,-34.16,53.68,87.84,82.96,146.4,58.56,117.12,278.16
-4.88,34.16,39.04,-14.64,-24.4,34.16,87.84,87.84,151.28,68.32,122,283.04
0,29.28,29.28,-14.64,-14.64,29.28,78.08,78.08,146.4,73.2,122,287.92
-9.76,9.76,19.52,0,-14.64,14.64,58.56,68.32,141.52,73.2,112.24,278.16
-14.64,-4.88,9.76,9.76,-14.64,0,58.56,68.32,136.64,63.44,112.24,278.16
-14.64,-9.76,4.88,14.64,-9.76,-4.88,53.68,63.44,131.76,63.44,112.24,273.28
-19.52,-14.64,4.88,19.52,-14.64,-4.88,48.8,53.68,126.88,58.56,107.36,268.4
-19.52,-43.92,-24.4,34.16,0,-34.16,48.8,63.44,112.24,53.68,97.6,268.4
-29.28,-63.44,-34.16,48.8,0,-48.8,48.8,53.68,112.24,48.8,92.72,263.52
-29.28,-68.32,-39.04,48.8,4.88,-53.68,34.16,39.04,102.48,43.92,87.84,253.76
-29.28,-58.56,-29.28,43.92,0,-43.92,24.4,34.16,87.84,29.28,73.2,248.88
-29.28,-58.56,-29.28,43.92,0,-43.92,14.64,14.64,87.84,39.04,63.44,234.24
-29.28,-63.44,-34.16,48.8,0,-48.8,14.64,14.64,82.96,34.16,53.68,229.36
-48.8,-68.32,-19.52,58.56,-14.64,-43.92,19.52,19.52,82.96,34.16,53.68,229.36
-58.56,-68.32,-9.76,63.44,-24.4,-39.04,29.28,24.4,82.96,39.04,63.44,229.36
-53.68,-63.44,-9.76,58.56,-24.4,-39.04,29.28,14.64,78.08,34.16,58.56,229.36
-63.44,-53.68,9.76,58.56,-39.04,-24.4,24.4,14.64,68.32,19.52,43.92,219.6
-68.32,-63.44,4.88,68.32,-39.04,-29.28,19.52,14.64,58.56,9.76,29.28,214.72
-87.84,-63.44,24.4,78.08,-58.56,-19.52,9.76,4.88,48.8,4.88,24.4,209.84
-97.6,-82.96,14.64,92.72,-58.56,-34.16,19.52,0,43.92,-4.88,19.52,200.08
-102.48,-92.72,9.76,97.6,-58.56,-43.92,19.52,-4.88,43.92,-9.76,14.64,200.08
-112.24,-107.36,4.88,112.24,-58.56,-53.68,9.76,-14.64,34.16,-14.64,14.64,195.2
-117.12,-117.12,0,117.12,-58.56,-58.56,4.88,-14.64,24.4,-19.52,9.76,190.32
-102.48,-117.12,-14.64,112.24,-43.92,-68.32,4.88,-14.64,29.28,-14.64,4.88,190.32
-92.72,-122,-29.28,107.36,-34.16,-78.08,9.76,-19.52,29.28,-14.64,9.76,190.32
-82.96,-122,-39.04,102.48,-24.4,-82.96,14.64,-19.52,34.16,-9.76,14.64,195.2
-73.2,-131.76,-58.56,102.48,-9.76,-97.6,24.4,-14.64,34.16,-14.64,14.64,195.2
-63.44,-126.88,-63.44,97.6,0,-97.6,9.76,-19.52,29.28,-19.52,9.76,190.32
-63.44,-126.88,-63.44,97.6,0,-97.6,4.88,-24.4,29.28,-19.52,4.88,185.44
-78.08,-122,-43.92,102.48,-19.52,-82.96,0,-29.28,24.4,-24.4,0,180.56
-87.84,-131.76,-43.92,112.24,-24.4,-87.84,-4.88,-34.16,19.52,-29.28,-4.88,175.68
-102.48,-141.52,-39.04,122,-34.16,-92.72,4.88,-24.4,19.52,-29.28,-4.88,175.68
-92.72,-126.88,-34.16,112.24,-29.28,-82.96,4.88,-24.4,19.52,-29.28,-4.88,175.68
-92.72,-112.24,-19.52,102.48,-39.04,-68.32,4.88,-24.4,19.52,-29.28,-4.88,175.68
-97.6,-112.24,-14.64,107.36,-43.92,-63.44,-4.88,-34.16,9.76,-34.16,-9.76,170.8
-112.24,-107.36,4.88,112.24,-58.56,-53.68,0,-34.16,9.76,-29.28,-9.76,175.68
-117.12,-122,-4.88,122,-58.56,-63.44,0,-34.16,9.76,-29.28,-9.76,175.68
-117.12,-122,-4.88,122,-58.56,-63.44,4.88,-34.16,9.76,-29.28,-9.76,175.68
-107.36,-122,-14.64,117.12,-48.8,-68.32,4.88,-34.16,9.76,-29.28,-9.76,175.68
-82.96,-131.76,-48.8,107.36,-19.52,-92.72,0,-34.16,9.76,-29.28,-19.52,165.92
-73.2,-117.12,-43.92,97.6,-14.64,-82.96,-4.88,-34.16,9.76,-29.28,-19.52,165.92
-68.32,-117.12,-48.8,92.72,-9.76,-82.96,-9.76,-34.16,9.76,-29.28,-19.52,165.92
-73.2,-136.64,-63.44,107.36,-4.88,-102.48,-14.64,-34.16,9.76,-29.28,-14.64,165.92
-97.6,-151.28,-53.68,126.88,-24.4,-102.48,-9.76,-34.16,0,-29.28,-19.52,165.92
-102.48,-151.28,-48.8,126.88,-29.28,-102.48,-4.88,-34.16,0,-29.28,-19.52,165.92
-97.6,-146.4,-48.8,122,-24.4,-97.6,0,-34.16,0,-24.4,-24.4,165.92
-102.48,-146.4,-43.92,126.88,-29.28,-97.6,4.88,-29.28,4.88,-24.4,-29.28,165.92
-102.48,-146.4,-43.92,126.88,-29.28,-97.6,9.76,-29.28,14.64,-24.4,-19.52,175.68
-107.36,-146.4,-39.04,126.88,-34.16,-92.72,9.76,-24.4,14.64,-24.4,-19.52,175.68
-107.36,-141.52,-34.16,126.88,-39.04,-87.84,9.76,-24.4,9.76,-29.28,-19.52,170.8
-102.48,-122,-19.52,112.24,-43.92,-73.2,4.88,-24.4,9.76,-29.28,-19.52,165.92
-87.84,-146.4,-58.56,117.12,-14.64,-102.48,0,-34.16,4.88,-39.04,-24.4,165.92
-82.96,-136.64,-53.68,112.24,-14.64,-97.6,-4.88,-39.04,4.88,-39.04,-24.4,170.8
-68.32,-136.64,-68.32,102.48,0,-102.48,-9.76,-39.04,0,-39.04,-24.4,170.8
-58.56,-136.64,-78.08,97.6,9.76,-107.36,-9.76,-34.16,-4.88,-39.04,-24.4,170.8
-87.84,-97.6,-9.76,92.72,-39.04,-53.68,14.64,-14.64,0,-39.04,-34.16,165.92
-97.6,-78.08,19.52,87.84,-58.56,-29.28,43.92,9.76,9.76,-29.28,-34.16,161.04
-68.32,-73.2,-4.88,73.2,-34.16,-39.04,58.56,34.16,19.52,-19.52,-19.52,170.8
-24.4,-53.68,-29.28,39.04,0,-43.92,78.08,68.32,48.8,0,0,180.56
-14.64,-48.8,-34.16,34.16,9.76,-43.92,92.72,112.24,73.2,29.28,9.76,190.32
-24.4,-53.68,-29.28,39.04,0,-43.92,107.36,185.44,107.36,48.8,19.52,195.2
-34.16,-24.4,9.76,29.28,-24.4,-9.76,141.52,297.68,180.56,107.36,58.56,214.72
0,29.28,29.28,-14.64,-14.64,29.28,195.2,424.56,292.8,209.84,126.88,273.28
9.76,97.6,87.84,-53.68,-39.04,92.72,239.12,541.68,405.04,322.08,204.96,341.6
29.28,131.76,102.48,-78.08,-39.04,117.12,268.4,658.8,492.88,409.92,268.4,390.4
87.84,122,34.16,-102.48,24.4,78.08,283.04,785.68,595.36,512.4,346.48,453.84
151.28,146.4,-4.88,-146.4,78.08,68.32,292.8,917.44,707.6,629.52,429.44,522.16
190.32,204.96,14.64,-195.2,87.84,107.36,302.56,1058.96,858.88,761.28,527.04,619.76
229.36,239.12,9.76,-234.24,107.36,122,307.44,1156.56,1010.16,912.56,649.04,722.24
268.4,283.04,14.64,-273.28,126.88,146.4,190.32,1088.24,1083.36,1005.28,727.12,800.32
302.56,336.72,34.16,-317.2,131.76,185.44,-9.76,873.52,1073.6,1034.56,766.16,839.36
336.72,361.12,24.4,-346.48,156.16,190.32,-161.04,707.6,1098,1083.36,810.08,883.28
414.8,356.24,-58.56,-385.52,234.24,146.4,-258.64,639.28,1146.8,1151.68,849.12,912.56
453.84,361.12,-92.72,-405.04,273.28,131.76,-326.96,619.76,1185.84,1190.72,854,902.8
419.68,366,-53.68,-390.4,234.24,156.16,-356.24,531.92,1176.08,1171.2,824.72,873.52
351.36,341.6,-9.76,-346.48,180.56,165.92,-390.4,346.48,1029.68,1054.08,736.88,814.96
239.12,209.84,-29.28,-224.48,131.76,87.84,-419.68,151.28,766.16,771.04,531.92,653.92
126.88,34.16,-92.72,-78.08,107.36,-29.28,-429.44,34.16,488,473.36,302.56,458.72
82.96,-63.44,-146.4,-9.76,112.24,-107.36,-448.96,-53.68,292.8,263.52,136.64,331.84
48.8,-78.08,-126.88,14.64,87.84,-102.48,-448.96,-195.2,107.36,78.08,14.64,239.12
-14.64,-107.36,-92.72,63.44,39.04,-102.48,-405.04,-366,-97.6,-102.48,-87.84,151.28
-39.04,-151.28,-112.24,97.6,34.16,-131.76,-356.24,-463.6,-219.6,-214.72,-141.52,107.36
-39.04,-195.2,-156.16,117.12,58.56,-175.68,-302.56,-390.4,-200.08,-195.2,-136.64,117.12
-24.4,-204.96,-180.56,117.12,78.08,-195.2,-278.16,-258.64,-131.76,-151.28,-112.24,126.88
-14.64,-219.6,-204.96,117.12,92.72,-214.72,-253.76,-209.84,-117.12,-131.76,-102.48,122
14.64,-229.36,-244,107.36,126.88,-239.12,-248.88,-204.96,-112.24,-131.76,-112.24,112.24
43.92,-229.36,-273.28,92.72,156.16,-253.76,-224.48,-190.32,-102.48,-131.76,-117.12,102.48
34.16,-224.48,-258.64,97.6,146.4,-244,-185.44,-161.04,-92.72,-117.12,-107.36,107.36
9.76,-200.08,-209.84,97.6,107.36,-204.96,-126.88,-117.12,-53.68,-82.96,-78.08,136.64
-14.64,-185.44,-170.8,102.48,78.08,-180.56,-78.08,-78.08,-43.92,-73.2,-73.2,156.16
-24.4,-195.2,-170.8,112.24,73.2,-185.44,-87.84,-92.72,-58.56,-102.48,-102.48,131.76
-39.04,-185.44,-146.4,112.24,53.68,-165.92,-78.08,-92.72,-68.32,-112.24,-112.24,117.12
-34.16,-117.12,-82.96,78.08,24.4,-102.48,-58.56,-78.08,-58.56,-102.48,-107.36,122
-14.64,-73.2,-58.56,43.92,19.52,-68.32,-43.92,-73.2,-53.68,-92.72,-92.72,131.76
-9.76,-78.08,-68.32,43.92,29.28,-73.2,-29.28,-58.56,-39.04,-73.2,-78.08,151.28
-29.28,-78.08,-48.8,53.68,9.76,-63.44,-4.88,-39.04,-24.4,-53.68,-63.44,165.92
-48.8,-87.84,-39.04,68.32,-4.88,-63.44,4.88,-39.04,-14.64,-53.68,-53.68,175.68
-48.8,-73.2,-24.4,63.44,-14.64,-48.8,9.76,-34.16,0,-39.04,-43.92,200.08
-53.68,-82.96,-29.28,68.32,-14.64,-58.56,24.4,-19.52,9.76,-29.28,-39.04,190.32
-58.56,-92.72,-34.16,78.08,-14.64,-63.44,29.28,0,14.64,-24.4,-34.16,190.32
-63.44,-107.36,-43.92,87.84,-9.76,-78.08,29.28,9.76,14.64,-24.4,-34.16,195.2
-58.56,-87.84,-29.28,73.2,-14.64,-58.56,34.16,24.4,19.52,-24.4,-43.92,185.44
-63.44,-97.6,-34.16,82.96,-14.64,-68.32,39.04,24.4,19.52,-24.4,-43.92,185.44
-73.2,-87.84,-14.64,82.96,-29.28,-53.68,43.92,19.52,14.64,-34.16,-29.28,190.32
-68.32,-73.2,-4.88,73.2,-34.16,-39.04,43.92,19.52,9.76,-34.16,-29.28,190.32
-78.08,-58.56,19.52,68.32,-48.8,-19.52,48.8,0,0,-34.16,-34.16,180.56
-82.96,-58.56,24.4,73.2,-53.68,-19.52,48.8,-4.88,4.88,-29.28,-34.16,190.32
-92.72,-68.32,24.4,82.96,-58.56,-24.4,53.68,-4.88,4.88,-24.4,-34.16,195.2
-102.48,-68.32,34.16,87.84,-68.32,-19.52,53.68,-4.88,4.88,-24.4,-29.28,200.08
-92.72,-58.56,34.16,78.08,-63.44,-14.64,43.92,14.64,9.76,-19.52,-29.28,200.08
-73.2,-63.44,9.76,68.32,-43.92,-29.28,48.8,19.52,14.64,-19.52,-29.28,195.2
-53.68,-58.56,-4.88,58.56,-24.4,-34.16,43.92,29.28,14.64,-19.52,-34.16,195.2
-39.04,-43.92,-4.88,43.92,-19.52,-24.4,34.16,29.28,14.64,-24.4,-39.04,185.44
-53.68,-48.8,4.88,53.68,-29.28,-24.4,43.92,19.52,19.52,-24.4,-39.04,195.2
-68.32,-48.8,19.52,58.56,-43.92,-14.64,43.92,14.64,19.52,-24.4,-34.16,195.2
-68.32,-48.8,19.52,58.56,-43.92,-14.64,43.92,14.64,19.52,-24.4,-24.4,204.96
-82.96,-43.92,39.04,63.44,-63.44,-4.88,39.04,4.88,24.4,-19.52,-24.4,204.96
-63.44,-53.68,9.76,58.56,-39.04,-24.4,29.28,4.88,24.4,-14.64,-14.64,214.72
-48.8,-58.56,-9.76,53.68,-19.52,-34.16,29.28,4.88,24.4,-9.76,-14.64,219.6
-39.04,-68.32,-29.28,53.68,-4.88,-48.8,39.04,19.52,29.28,0,-9.76,219.6
-39.04,-73.2,-34.16,58.56,-4.88,-53.68,48.8,34.16,34.16,9.76,-4.88,229.36
-29.28,-82.96,-53.68,58.56,9.76,-68.32,63.44,39.04,43.92,9.76,-14.64,219.6
-29.28,-78.08,-48.8,53.68,9.76,-63.44,63.44,43.92,43.92,4.88,-14.64,209.84
-39.04,-73.2,-34.16,58.56,-4.88,-53.68,68.32,48.8,43.92,4.88,-14.64,209.84
-39.04,-63.44,-24.4,53.68,-9.76,-43.92,68.32,53.68,43.92,4.88,-14.64,214.72
-19.52,-53.68,-34.16,39.04,4.88,-43.92,58.56,43.92,34.16,4.88,-24.4,219.6
-19.52,-24.4,-4.88,24.4,-9.76,-14.64,58.56,39.04,29.28,0,-24.4,214.72
-19.52,-34.16,-14.64,29.28,-4.88,-24.4,48.8,29.28,24.4,-4.88,-29.28,209.84
-24.4,-29.28,-4.88,29.28,-9.76,-19.52,48.8,24.4,24.4,-4.88,-34.16,200.08
-9.76,-29.28,-19.52,19.52,4.88,-24.4,39.04,34.16,34.16,0,-29.28,200.08
-4.88,-43.92,-39.04,24.4,14.64,-43.92,43.92,43.92,34.16,4.88,-29.28,204.96
0,-43.92,-43.92,24.4,19.52,-43.92,43.92,53.68,43.92,4.88,-29.28,209.84
9.76,-39.04,-48.8,14.64,29.28,-43.92,43.92,58.56,43.92,14.64,-19.52,219.6
4.88,-4.88,-9.76,0,4.88,-9.76,53.68,58.56,48.8,19.52,-14.64,219.6
0,-4.88,-4.88,4.88,0,-4.88,58.56,58.56,48.8,19.52,-4.88,224.48
-4.88,0,4.88,4.88,-4.88,0,58.56,43.92,43.92,14.64,-4.88,224.48
-24.4,0,24.4,14.64,-24.4,9.76,58.56,43.92,43.92,14.64,-4.88,219.6
-24.4,-14.64,9.76,19.52,-19.52,-4.88,58.56,48.8,39.04,19.52,0,219.6
0,-4.88,-4.88,4.88,0,-4.88,58.56,53.68,43.92,19.52,0,224.48
19.52,-4.88,-24.4,-4.88,19.52,-14.64,53.68,53.68,43.92,24.4,0,229.36
19.52,-4.88,-24.4,-4.88,19.52,-14.64,53.68,58.56,43.92,24.4,0,229.36
-4.88,-14.64,-9.76,9.76,0,-14.64,43.92,63.44,48.8,29.28,-9.76,219.6
-4.88,0,4.88,4.88,-4.88,0,43.92,68.32,48.8,29.28,-9.76,219.6
-9.76,14.64,24.4,0,-19.52,19.52,43.92,68.32,48.8,29.28,4.88,224.48
-9.76,4.88,14.64,4.88,-14.64,9.76,39.04,63.44,48.8,29.28,4.88,229.36
-9.76,9.76,19.52,0,-14.64,14.64,34.16,53.68,43.92,29.28,4.88,229.36
-4.88,14.64,19.52,-4.88,-14.64,14.64,24.4,53.68,43.92,34.16,-9.76,219.6
4.88,9.76,4.88,-4.88,0,4.88,19.52,58.56,48.8,34.16,-9.76,219.6
14.64,34.16,19.52,-24.4,-4.88,24.4,14.64,58.56,48.8,34.16,9.76,224.48
19.52,34.16,14.64,-24.4,0,24.4,24.4,68.32,63.44,43.92,19.52,239.12
34.16,43.92,9.76,-39.04,9.76,24.4,9.76,73.2,63.44,48.8,19.52,244
39.04,39.04,0,-39.04,19.52,19.52,9.76,82.96,68.32,58.56,29.28,244
43.92,39.04,-4.88,-39.04,24.4,14.64,9.76,87.84,73.2,63.44,29.28,248.88
34.16,29.28,-4.88,-29.28,19.52,9.76,19.52,87.84,73.2,73.2,29.28,248.88
19.52,-4.88,-24.4,-4.88,19.52,-14.64,19.52,87.84,73.2,73.2,29.28,253.76
-4.88,-24.4,-19.52,14.64,4.88,-24.4,14.64,87.84,73.2,78.08,34.16,258.64
0,-43.92,-43.92,24.4,19.52,-43.92,14.64,87.84,73.2,82.96,39.04,273.28
39.04,-14.64,-53.68,-9.76,43.92,-34.16,9.76,82.96,73.2,73.2,39.04,263.52
63.44,14.64,-48.8,-39.04,53.68,-19.52,4.88,82.96,73.2,73.2,39.04,263.52
58.56,19.52,-39.04,-39.04,48.8,-9.76,4.88,87.84,78.08,78.08,48.8,268.4
58.56,19.52,-39.04,-39.04,48.8,-9.76,4.88,87.84,82.96,87.84,53.68,278.16
53.68,29.28,-24.4,-39.04,39.04,0,9.76,102.48,87.84,97.6,48.8,278.16
53.68,34.16,-19.52,-43.92,34.16,4.88,4.88,107.36,97.6,92.72,48.8,278.16
68.32,39.04,-29.28,-53.68,48.8,4.88,4.88,107.36,102.48,92.72,68.32,283.04
68.32,39.04,-29.28,-53.68,48.8,4.88,-4.88,102.48,112.24,92.72,78.08,287.92
82.96,48.8,-34.16,-63.44,58.56,4.88,-19.52,92.72,107.36,107.36,73.2,292.8
73.2,78.08,4.88,-73.2,34.16,39.04,-19.52,92.72,102.48,107.36,78.08,292.8
92.72,87.84,-4.88,-87.84,48.8,39.04,-19.52,92.72,107.36,117.12,82.96,292.8
112.24,92.72,-19.52,-102.48,63.44,34.16,-29.28,87.84,102.48,122,82.96,292.8
122,82.96,-39.04,-102.48,78.08,19.52,-34.16,87.84,92.72,112.24,82.96,297.68
117.12,87.84,-29.28,-102.48,73.2,29.28,-34.16,87.84,92.72,112.24,78.08,302.56
112.24,87.84,-24.4,-97.6,68.32,29.28,-34.16,97.6,92.72,112.24,63.44,302.56
107.36,82.96,-24.4,-92.72,63.44,29.28,-29.28,97.6,102.48,117.12,78.08,307.44
122,78.08,-43.92,-97.6,82.96,14.64,-24.4,102.48,107.36,126.88,92.72,322.08
131.76,82.96,-48.8,-107.36,87.84,14.64,-29.28,107.36,102.48,131.76,97.6,331.84
136.64,87.84,-48.8,-112.24,92.72,19.52,-24.4,102.48,102.48,126.88,97.6,331.84
122,82.96,-39.04,-102.48,78.08,19.52,-29.28,97.6,107.36,131.76,102.48,322.08
117.12,53.68,-63.44,-82.96,87.84,-4.88,-48.8,97.6,102.48,136.64,107.36,331.84
126.88,48.8,-78.08,-87.84,102.48,-14.64,-34.16,107.36,107.36,141.52,112.24,336.72
131.76,63.44,-68.32,-97.6,97.6,-4.88,-34.16,107.36,107.36,141.52,112.24,341.6
141.52,58.56,-82.96,-97.6,112.24,-14.64,-34.16,102.48,107.36,141.52,112.24,341.6
131.76,63.44,-68.32,-97.6,97.6,-4.88,-58.56,87.84,92.72,126.88,97.6,331.84
131.76,68.32,-63.44,-97.6,97.6,0,-68.32,82.96,92.72,126.88,87.84,322.08
131.76,78.08,-53.68,-102.48,92.72,9.76,-78.08,73.2,87.84,126.88,82.96,322.08
131.76,82.96,-48.8,-107.36,87.84,14.64,-87.84,63.44,82.96,122,82.96,312.32
107.36,58.56,-48.8,-82.96,78.08,4.88,-78.08,63.44,92.72,122,73.2,322.08
122,68.32,-53.68,-92.72,87.84,4.88,-73.2,68.32,92.72,117.12,73.2,312.32
102.48,68.32,-34.16,-82.96,68.32,14.64,-63.44,53.68,92.72,117.12,73.2,312.32
87.84,63.44,-24.4,-73.2,53.68,19.52,-58.56,58.56,82.96,126.88,78.08,312.32
82.96,34.16,-48.8,-58.56,63.44,-9.76,-68.32,63.44,92.72,117.12,73.2,312.32
78.08,19.52,-58.56,-48.8,68.32,-19.52,-58.56,63.44,92.72,117.12,78.08,312.32
73.2,9.76,-63.44,-39.04,68.32,-29.28,-58.56,63.44,92.72,117.12,78.08,312.32
92.72,24.4,-68.32,-58.56,78.08,-24.4,-58.56,63.44,92.72,112.24,73.2,317.2
102.48,29.28,-73.2,-63.44,87.84,-24.4,-68.32,58.56,82.96,112.24,73.2,307.44
87.84,14.64,-73.2,-48.8,78.08,-29.28,-68.32,53.68,82.96,112.24,68.32,297.68
87.84,39.04,-48.8,-63.44,68.32,-4.88,-63.44,39.04,82.96,112.24,58.56,297.68
87.84,19.52,-68.32,-53.68,78.08,-24.4,-63.44,34.16,82.96,107.36,58.56,287.92
97.6,43.92,-53.68,-68.32,73.2,-4.88,-58.56,39.04,92.72,112.24,53.68,302.56
107.36,53.68,-53.68,-78.08,78.08,0,-53.68,39.04,82.96,107.36,58.56,302.56
107.36,68.32,-39.04,-87.84,73.2,14.64,-34.16,43.92,82.96,107.36,63.44,307.44
112.24,78.08,-34.16,-92.72,73.2,19.52,-29.28,48.8,82.96,102.48,63.44,312.32
102.48,73.2,-29.28,-87.84,63.44,19.52,-29.28,43.92,82.96,97.6,48.8,302.56
92.72,68.32,-24.4,-78.08,58.56,19.52,-29.28,43.92,78.08,97.6,48.8,302.56
73.2,63.44,-9.76,-68.32,39.04,24.4,-19.52,43.92,78.08,97.6,48.8,292.8
63.44,73.2,9.76,-68.32,24.4,39.04,-14.64,43.92,68.32,87.84,48.8,292.8
73.2,92.72,19.52,-82.96,24.4,53.68,-19.52,24.4,58.56,68.32,34.16,287.92
68.32,78.08,9.76,-73.2,29.28,43.92,-24.4,19.52,53.68,63.44,24.4,278.16
63.44,68.32,4.88,-63.44,29.28,34.16,-24.4,4.88,43.92,63.44,14.64,258.64
63.44,68.32,4.88,-63.44,29.28,34.16,-29.28,-4.88,34.16,53.68,4.88,244
58.56,63.44,4.88,-58.56,24.4,34.16,-29.28,-4.88,24.4,43.92,4.88,244
58.56,58.56,0,-58.56,29.28,29.28,-29.28,-14.64,24.4,39.04,4.88,234.24
53.68,53.68,0,-53.68,24.4,24.4,-24.4,-4.88,29.28,39.04,4.88,234.24
53.68,43.92,-9.76,-48.8,29.28,14.64,-14.64,4.88,29.28,39.04,0,239.12
19.52,43.92,24.4,-29.28,-4.88,34.16,0,0,29.28,48.8,9.76,244
9.76,29.28,19.52,-19.52,-4.88,24.4,9.76,0,19.52,53.68,-4.88,234.24
0,4.88,4.88,0,-4.88,4.88,19.52,0,19.52,43.92,-9.76,239.12
-9.76,-9.76,0,9.76,-4.88,-4.88,29.28,4.88,19.52,43.92,-9.76,253.76
19.52,14.64,-4.88,-14.64,9.76,4.88,39.04,14.64,24.4,53.68,0,263.52
24.4,14.64,-9.76,-19.52,14.64,0,39.04,14.64,24.4,58.56,0,263.52
29.28,19.52,-9.76,-24.4,19.52,4.88,43.92,14.64,29.28,58.56,0,244
48.8,24.4,-24.4,-34.16,34.16,0,43.92,9.76,34.16,48.8,0,234.24
68.32,24.4,-43.92,-43.92,53.68,-9.76,34.16,-4.88,19.52,39.04,-9.76,234.24
58.56,19.52,-39.04,-39.04,48.8,-9.76,34.16,-4.88,19.52,34.16,-9.76,234.24
58.56,14.64,-43.92,-34.16,48.8,-14.64,29.28,-9.76,19.52,24.4,-14.64,224.48
63.44,14.64,-48.8,-39.04,53.68,-19.52,34.16,-9.76,14.64,19.52,-19.52,224.48
58.56,14.64,-43.92,-34.16,48.8,-14.64,24.4,-19.52,4.88,0,-34.16,214.72
53.68,34.16,-19.52,-43.92,34.16,4.88,14.64,-34.16,-14.64,-9.76,-43.92,209.84
43.92,34.16,-9.76,-39.04,24.4,9.76,4.88,-58.56,-29.28,-19.52,-53.68,204.96
39.04,34.16,-4.88,-34.16,19.52,14.64,-4.88,-63.44,-39.04,-24.4,-63.44,185.44
24.4,-4.88,-29.28,-9.76,24.4,-19.52,9.76,-58.56,-34.16,-9.76,-43.92,195.2
0,-29.28,-29.28,14.64,14.64,-29.28,14.64,-53.68,-24.4,-9.76,-43.92,204.96
-24.4,-48.8,-24.4,39.04,0,-39.04,19.52,-58.56,-19.52,-14.64,-43.92,214.72
-53.68,-73.2,-19.52,63.44,-19.52,-48.8,24.4,-53.68,-19.52,-19.52,-43.92,204.96
-63.44,-63.44,0,63.44,-34.16,-34.16,19.52,-63.44,-24.4,-19.52,-53.68,185.44
-48.8,-53.68,-4.88,53.68,-24.4,-29.28,24.4,-53.68,-29.28,-14.64,-53.68,185.44
-29.28,-39.04,-9.76,34.16,-9.76,-24.4,34.16,-53.68,-29.28,-14.64,-43.92,195.2
-9.76,-9.76,0,9.76,-4.88,-4.88,39.04,-68.32,-34.16,-24.4,-43.92,204.96
19.52,19.52,0,-19.52,9.76,9.76,29.28,-73.2,-34.16,-24.4,-34.16,190.32
14.64,34.16,19.52,-24.4,-4.88,24.4,29.28,-68.32,-29.28,-19.52,-34.16,190.32
29.28,43.92,14.64,-34.16,4.88,29.28,34.16,-58.56,-24.4,-9.76,-34.16,195.2
34.16,63.44,29.28,-48.8,0,43.92,34.16,-48.8,-14.64,0,-39.04,200.08
39.04,43.92,4.88,-39.04,14.64,24.4,43.92,-43.92,-14.64,9.76,-34.16,219.6
24.4,34.16,9.76,-29.28,4.88,19.52,43.92,-43.92,-9.76,9.76,-24.4,224.48
39.04,24.4,-14.64,-29.28,24.4,4.88,43.92,-43.92,-9.76,4.88,-19.52,219.6
58.56,14.64,-43.92,-34.16,48.8,-14.64,43.92,-48.8,-19.52,0,-9.76,224.48
34.16,-14.64,-48.8,-9.76,39.04,-34.16,29.28,-53.68,-39.04,-14.64,-29.28,224.48
9.76,-14.64,-24.4,4.88,14.64,-19.52,24.4,-58.56,-43.92,-19.52,-34.16,204.96
9.76,-24.4,-34.16,9.76,19.52,-29.28,24.4,-63.44,-58.56,-29.28,-43.92,190.32
-4.88,-34.16,-29.28,19.52,9.76,-34.16,34.16,-68.32,-53.68,-34.16,-53.68,170.8
-19.52,-53.68,-34.16,39.04,4.88,-43.92,34.16,-73.2,-43.92,-34.16,-53.68,180.56
-24.4,-24.4,0,24.4,-14.64,-14.64,39.04,-63.44,-43.92,-34.16,-53.68,185.44
-14.64,-4.88,9.76,9.76,-14.64,0,43.92,-58.56,-39.04,-29.28,-53.68,185.44
-29.28,0,29.28,14.64,-29.28,14.64,43.92,-58.56,-39.04,-29.28,-53.68,185.44
-34.16,-9.76,24.4,24.4,-29.28,4.88,34.16,-68.32,-39.04,-9.76,-43.92,200.08
-14.64,-9.76,4.88,14.64,-9.76,-4.88,29.28,-68.32,-48.8,-19.52,-43.92,200.08
-4.88,-9.76,-4.88,9.76,0,-9.76,29.28,-68.32,-48.8,-19.52,-43.92,195.2
0,-9.76,-9.76,4.88,4.88,-9.76,29.28,-68.32,-43.92,-19.52,-63.44,195.2
-9.76,-14.64,-4.88,14.64,-4.88,-9.76,19.52,-68.32,-43.92,-19.52,-63.44,200.08
-9.76,-29.28,-19.52,19.52,4.88,-24.4,19.52,-68.32,-43.92,-19.52,-58.56,200.08
-14.64,-34.16,-19.52,24.4,0,-29.28,24.4,-63.44,-43.92,-19.52,-39.04,200.08
-14.64,-24.4,-9.76,19.52,-4.88,-19.52,29.28,-58.56,-43.92,-9.76,-29.28,190.32
-4.88,-14.64,-9.76,9.76,0,-14.64,29.28,-58.56,-39.04,-9.76,-29.28,195.2
-4.88,-14.64,-9.76,9.76,0,-14.64,29.28,-53.68,-39.04,-14.64,-24.4,195.2
4.88,-19.52,-24.4,9.76,14.64,-24.4,34.16,-58.56,-34.16,-14.64,-34.16,190.32
4.88,-19.52,-24.4,9.76,14.64,-24.4,34.16,-63.44,-34.16,-19.52,-48.8,180.56
0,-4.88,-4.88,4.88,0,-4.88,39.04,-78.08,-43.92,-34.16,-58.56,180.56
-14.64,-14.64,0,14.64,-9.76,-9.76,39.04,-78.08,-53.68,-34.16,-63.44,190.32
-19.52,-9.76,9.76,14.64,-14.64,0,39.04,-63.44,-58.56,-34.16,-63.44,190.32
-19.52,4.88,24.4,9.76,-24.4,14.64,39.04,-63.44,-58.56,-29.28,-58.56,190.32
9.76,-4.88,-14.64,0,9.76,-9.76,48.8,-53.68,-43.92,-14.64,-39.04,200.08
0,0,0,0,0,0,48.8,-53.68,-39.04,-14.64,-34.16,204.96
9.76,24.4,14.64,-14.64,-4.88,19.52,48.8,-53.68,-34.16,-9.76,-29.28,209.84
24.4,29.28,4.88,-24.4,9.76,14.64,48.8,-48.8,-29.28,0,-19.52,214.72
24.4,29.28,4.88,-24.4,9.76,14.64,53.68,-53.68,-34.16,0,-24.4,204.96
14.64,24.4,9.76,-19.52,0,14.64,53.68,-53.68,-29.28,4.88,-19.52,209.84
0,14.64,14.64,-4.88,-9.76,14.64,53.68,-43.92,-29.28,4.88,-19.52,224.48
-14.64,9.76,24.4,4.88,-19.52,14.64,53.68,-63.44,-34.16,4.88,-24.4,224.48
-14.64,-9.76,4.88,14.64,-9.76,-4.88,39.04,-73.2,-43.92,-9.76,-29.28,219.6
-9.76,-14.64,-4.88,14.64,-4.88,-9.76,34.16,-68.32,-48.8,-9.76,-29.28,214.72
-9.76,-4.88,4.88,9.76,-9.76,0,29.28,-68.32,-48.8,-14.64,-29.28,204.96
4.88,-14.64,-19.52,4.88,9.76,-19.52,24.4,-73.2,-53.68,-19.52,-34.16,195.2
-19.52,-4.88,14.64,14.64,-19.52,4.88,29.28,-68.32,-53.68,-14.64,-34.16,204.96
-24.4,-9.76,14.64,19.52,-19.52,0,29.28,-63.44,-48.8,-9.76,-29.28,209.84
-34.16,-14.64,19.52,24.4,-29.28,0,34.16,-53.68,-39.04,-4.88,-24.4,209.84
-48.8,-29.28,19.52,39.04,-34.16,-4.88,43.92,-48.8,-34.16,0,-14.64,204.96
-14.64,-19.52,-4.88,19.52,-4.88,-14.64,58.56,-39.04,-29.28,9.76,-4.88,195.2
0,-4.88,-4.88,4.88,0,-4.88,68.32,-39.04,-34.16,14.64,-4.88,204.96
14.64,24.4,9.76,-19.52,0,14.64,73.2,-39.04,-29.28,14.64,4.88,224.48
43.92,19.52,-24.4,-29.28,34.16,-4.88,78.08,-29.28,-19.52,19.52,9.76,244
43.92,9.76,-34.16,-24.4,39.04,-14.64,63.44,-34.16,-24.4,14.64,4.88,229.36
39.04,9.76,-29.28,-24.4,34.16,-9.76,58.56,-48.8,-34.16,4.88,4.88,219.6
34.16,14.64,-19.52,-24.4,24.4,-4.88,58.56,-53.68,-39.04,0,0,214.72
29.28,14.64,-14.64,-19.52,19.52,0,53.68,-58.56,-39.04,0,-4.88,209.84
-9.76,14.64,24.4,0,-19.52,19.52,53.68,-39.04,-29.28,19.52,9.76,239.12
-39.04,-29.28,9.76,34.16,-24.4,-9.76,58.56,-24.4,-19.52,19.52,4.88,239.12
9.76,-19.52,-29.28,4.88,19.52,-24.4,48.8,-29.28,-29.28,19.52,0,234.24
0,-19.52,-19.52,9.76,9.76,-19.52,43.92,-39.04,-39.04,4.88,-14.64,224.48
-9.76,-19.52,-9.76,14.64,0,-14.64,39.04,-48.8,-48.8,0,-19.52,214.72
-19.52,-19.52,0,19.52,-9.76,-9.76,34.16,-58.56,-58.56,-4.88,-24.4,204.96
-29.28,-19.52,9.76,24.4,-19.52,-4.88,29.28,-68.32,-68.32,-9.76,-29.28,195.2
-14.64,-9.76,4.88,14.64,-9.76,-4.88,39.04,-63.44,-58.56,0,-19.52,190.32
-9.76,-4.88,4.88,9.76,-9.76,0,43.92,-58.56,-68.32,0,-14.64,195.2
0,-4.88,-4.88,4.88,0,-4.88,43.92,-58.56,-58.56,0,-14.64,200.08
4.88,-4.88,-9.76,0,4.88,-9.76,43.92,-53.68,-58.56,4.88,-14.64,204.96
19.52,19.52,0,-19.52,9.76,9.76,43.92,-53.68,-53.68,14.64,-4.88,214.72
29.28,34.16,4.88,-29.28,9.76,19.52,43.92,-53.68,-53.68,19.52,-4.88,219.6
34.16,39.04,4.88,-34.16,14.64,19.52,48.8,-53.68,-53.68,19.52,0,229.36
39.04,39.04,0,-39.04,19.52,19.52,48.8,-53.68,-53.68,19.52,0,229.36
39.04,14.64,-24.4,-24.4,29.28,-4.88,39.04,-68.32,-63.44,14.64,-4.88,219.6
39.04,24.4,-14.64,-29.28,24.4,4.88,34.16,-68.32,-63.44,9.76,-9.76,214.72
39.04,29.28,-9.76,-34.16,24.4,9.76,29.28,-68.32,-78.08,0,-14.64,200.08
34.16,14.64,-19.52,-24.4,24.4,-4.88,24.4,-68.32,-78.08,-4.88,-24.4,190.32
29.28,9.76,-19.52,-19.52,24.4,-4.88,29.28,-63.44,-68.32,9.76,-19.52,204.96
24.4,4.88,-19.52,-14.64,19.52,-9.76,43.92,-53.68,-63.44,9.76,-9.76,209.84
34.16,4.88,-29.28,-19.52,29.28,-14.64,53.68,-43.92,-48.8,14.64,0,219.6
29.28,0,-29.28,-14.64,29.28,-14.64,58.56,-39.04,-48.8,14.64,4.88,224.48
14.64,0,-14.64,-4.88,14.64,-9.76,73.2,-29.28,-48.8,14.64,-4.88,224.48
4.88,9.76,4.88,-4.88,0,4.88,73.2,-39.04,-48.8,19.52,-4.88,224.48
0,19.52,19.52,-9.76,-9.76,19.52,87.84,-29.28,-43.92,29.28,0,224.48
-4.88,19.52,24.4,-4.88,-14.64,19.52,97.6,-19.52,-39.04,29.28,9.76,229.36
4.88,4.88,0,-4.88,0,0,92.72,-24.4,-43.92,19.52,4.88,224.48
0,4.88,4.88,0,-4.88,4.88,82.96,-34.16,-48.8,19.52,0,224.48
-9.76,4.88,14.64,4.88,-14.64,9.76,78.08,-39.04,-58.56,19.52,-4.88,219.6
-9.76,9.76,19.52,0,-14.64,14.64,73.2,-43.92,-63.44,19.52,-4.88,214.72
-4.88,34.16,39.04,-14.64,-24.4,34.16,68.32,-48.8,-63.44,9.76,-14.64,209.84
4.88,58.56,53.68,-29.28,-24.4,53.68,68.32,-48.8,-63.44,14.64,-14.64,214.72
9.76,73.2,63.44,-39.04,-29.28,68.32,68.32,-34.16,-58.56,19.52,-4.88,224.48
19.52,78.08,58.56,-48.8,-19.52,68.32,63.44,-39.04,-48.8,29.28,0,224.48
39.04,97.6,58.56,-68.32,-9.76,78.08,73.2,-43.92,-34.16,34.16,24.4,234.24
43.92,102.48,58.56,-73.2,-9.76,78.08,63.44,-48.8,-29.28,39.04,19.52,239.12
48.8,112.24,63.44,-78.08,-9.76,87.84,68.32,-34.16,-24.4,43.92,24.4,248.88
68.32,136.64,68.32,-102.48,0,102.48,78.08,-29.28,-14.64,53.68,34.16,263.52
73.2,131.76,58.56,-102.48,4.88,92.72,78.08,-19.52,-4.88,63.44,53.68,268.4
68.32,136.64,68.32,-102.48,0,102.48,87.84,-4.88,0,68.32,58.56,278.16
68.32,122,53.68,-92.72,4.88,87.84,87.84,-4.88,0,68.32,63.44,278.16
68.32,117.12,48.8,-92.72,9.76,82.96,78.08,-19.52,-9.76,63.44,63.44,278.16
58.56,87.84,29.28,-73.2,14.64,58.56,68.32,-39.04,-14.64,63.44,53.68,268.4
53.68,63.44,9.76,-58.56,19.52,34.16,68.32,-39.04,-19.52,53.68,53.68,268.4
53.68,48.8,-4.88,-48.8,29.28,19.52,63.44,-43.92,-24.4,53.68,53.68,263.52
48.8,34.16,-14.64,-39.04,29.28,9.76,58.56,-53.68,-29.28,48.8,48.8,258.64
39.04,34.16,-4.88,-34.16,19.52,14.64,43.92,-53.68,-39.04,34.16,39.04,248.88
29.28,34.16,4.88,-29.28,9.76,19.52,39.04,-63.44,-43.92,29.28,34.16,244
29.28,48.8,19.52,-39.04,4.88,34.16,19.52,-78.08,-58.56,24.4,29.28,234.24
29.28,78.08,48.8,-53.68,-9.76,63.44,4.88,-82.96,-78.08,9.76,14.64,229.36
48.8,58.56,9.76,-53.68,19.52,34.16,4.88,-92.72,-68.32,19.52,24.4,234.24
58.56,43.92,-14.64,-48.8,34.16,14.64,4.88,-92.72,-73.2,14.64,14.64,229.36
48.8,29.28,-19.52,-39.04,34.16,4.88,9.76,-87.84,-73.2,14.64,14.64,229.36
48.8,19.52,-29.28,-34.16,39.04,-4.88,19.52,-82.96,-73.2,19.52,24.4,229.36
39.04,9.76,-29.28,-24.4,34.16,-9.76,34.16,-82.96,-82.96,9.76,24.4,219.6
24.4,4.88,-19.52,-14.64,19.52,-9.76,34.16,-82.96,-87.84,0,14.64,209.84
14.64,-19.52,-34.16,4.88,24.4,-29.28,34.16,-82.96,-92.72,-4.88,4.88,204.96
-9.76,-34.16,-24.4,24.4,4.88,-29.28,29.28,-92.72,-97.6,-4.88,4.88,200.08
-14.64,-43.92,-29.28,29.28,4.88,-39.04,19.52,-97.6,-102.48,-9.76,0,200.08
-14.64,-43.92,-29.28,29.28,4.88,-39.04,19.52,-102.48,-102.48,-9.76,-4.88,200.08
-19.52,-48.8,-29.28,34.16,4.88,-39.04,9.76,-112.24,-112.24,-9.76,-4.88,195.2
-19.52,-48.8,-29.28,34.16,4.88,-39.04,4.88,-112.24,-122,-9.76,-9.76,190.32
-14.64,-39.04,-24.4,29.28,4.88,-34.16,0,-126.88,-131.76,-19.52,-19.52,185.44
-14.64,-34.16,-19.52,24.4,0,-29.28,0,-136.64,-136.64,-24.4,-19.52,180.56
-14.64,-24.4,-9.76,19.52,-4.88,-19.52,0,-141.52,-136.64,-24.4,-19.52,180.56
-14.64,-24.4,-9.76,19.52,-4.88,-19.52,4.88,-141.52,-141.52,-34.16,-24.4,175.68
-29.28,-39.04,-9.76,34.16,-9.76,-24.4,9.76,-136.64,-136.64,-24.4,-19.52,185.44
-34.16,-48.8,-14.64,43.92,-9.76,-34.16,14.64,-131.76,-126.88,-19.52,-14.64,185.44
-53.68,-53.68,0,53.68,-29.28,-29.28,19.52,-126.88,-122,-19.52,-9.76,185.44
-68.32,-73.2,-4.88,73.2,-34.16,-39.04,24.4,-122,-117.12,-19.52,-4.88,185.44
-87.84,-92.72,-4.88,92.72,-43.92,-48.8,14.64,-122,-122,-29.28,-14.64,175.68
-73.2,-87.84,-14.64,82.96,-29.28,-53.68,14.64,-122,-126.88,-29.28,-14.64,175.68
-68.32,-82.96,-14.64,78.08,-29.28,-48.8,14.64,-122,-131.76,-29.28,-14.64,175.68
-68.32,-92.72,-24.4,82.96,-24.4,-58.56,4.88,-131.76,-146.4,-34.16,-19.52,170.8
-63.44,-87.84,-24.4,78.08,-19.52,-58.56,-9.76,-141.52,-156.16,-48.8,-29.28,156.16
-58.56,-102.48,-43.92,82.96,-9.76,-73.2,-9.76,-141.52,-156.16,-48.8,-29.28,156.16
-48.8,-102.48,-53.68,78.08,0,-78.08,-4.88,-141.52,-156.16,-48.8,-29.28,156.16
-29.28,-102.48,-73.2,68.32,19.52,-87.84,-4.88,-141.52,-156.16,-48.8,-29.28,156.16
-9.76,-82.96,-73.2,48.8,29.28,-78.08,4.88,-136.64,-151.28,-34.16,-14.64,170.8
-4.88,-58.56,-53.68,34.16,24.4,-58.56,4.88,-131.76,-146.4,-29.28,-9.76,175.68
-4.88,-48.8,-43.92,29.28,19.52,-48.8,4.88,-126.88,-141.52,-24.4,-4.88,180.56
-14.64,-58.56,-43.92,39.04,14.64,-53.68,4.88,-122,-136.64,-19.52,4.88,185.44
-24.4,-68.32,-43.92,48.8,9.76,-58.56,4.88,-122,-146.4,-29.28,0,175.68
-24.4,-73.2,-48.8,48.8,9.76,-63.44,4.88,-122,-146.4,-29.28,0,175.68
-14.64,-73.2,-58.56,43.92,19.52,-68.32,4.88,-122,-146.4,-24.4,-4.88,175.68
-14.64,-78.08,-63.44,48.8,24.4,-73.2,4.88,-117.12,-141.52,-24.4,-9.76,175.68
-34.16,-97.6,-63.44,68.32,14.64,-82.96,0,-131.76,-151.28,-34.16,-19.52,165.92
-48.8,-107.36,-58.56,78.08,4.88,-82.96,0,-131.76,-151.28,-34.16,-19.52,165.92
-58.56,-112.24,-53.68,87.84,-4.88,-82.96,0,-136.64,-156.16,-39.04,-19.52,161.04
-63.44,-102.48,-39.04,82.96,-14.64,-73.2,-4.88,-141.52,-156.16,-39.04,-19.52,156.16
-58.56,-102.48,-43.92,82.96,-9.76,-73.2,0,-136.64,-146.4,-34.16,-19.52,165.92
-53.68,-87.84,-34.16,73.2,-9.76,-63.44,4.88,-136.64,-141.52,-29.28,-14.64,170.8
-39.04,-82.96,-43.92,63.44,0,-63.44,9.76,-131.76,-141.52,-24.4,-9.76,170.8
-29.28,-78.08,-48.8,53.68,9.76,-63.44,19.52,-122,-141.52,-19.52,-4.88,170.8
-29.28,-97.6,-68.32,63.44,19.52,-82.96,14.64,-122,-165.92,-39.04,-14.64,146.4
-48.8,-97.6,-48.8,73.2,0,-73.2,4.88,-117.12,-175.68,-58.56,-24.4,131.76
-9.76,-43.92,-34.16,29.28,9.76,-39.04,9.76,-102.48,-165.92,-58.56,-29.28,131.76
34.16,-14.64,-48.8,-9.76,39.04,-34.16,48.8,-39.04,-117.12,-9.76,9.76,161.04
34.16,-39.04,-73.2,4.88,53.68,-58.56,92.72,24.4,-63.44,39.04,48.8,200.08
-4.88,-43.92,-39.04,24.4,14.64,-43.92,126.88,97.6,-19.52,78.08,68.32,204.96
-14.64,-4.88,9.76,9.76,-14.64,0,161.04,219.6,63.44,146.4,107.36,244
0,29.28,29.28,-14.64,-14.64,29.28,224.48,346.48,175.68,248.88,185.44,312.32
29.28,29.28,0,-29.28,14.64,14.64,258.64,463.6,268.4,351.36,253.76,370.88
58.56,53.68,-4.88,-53.68,29.28,24.4,287.92,590.48,375.76,439.2,317.2,419.68
107.36,112.24,4.88,-107.36,48.8,58.56,302.56,727.12,478.24,551.44,395.28,483.12
161.04,165.92,4.88,-161.04,78.08,82.96,292.8,849.12,590.48,668.56,478.24,541.68
209.84,224.48,14.64,-214.72,97.6,117.12,273.28,961.36,722.24,790.56,566.08,610
287.92,336.72,48.8,-312.32,117.12,190.32,229.36,990.64,844.24,922.32,678.32,712.48
366,409.92,43.92,-385.52,161.04,224.48,92.72,863.76,917.44,1015.04,766.16,800.32
448.96,434.32,-14.64,-439.2,229.36,209.84,-97.6,668.56,927.2,1063.84,824.72,849.12
531.92,478.24,-53.68,-502.64,292.8,209.84,-268.4,512.4,941.84,1112.64,849.12,893.04
561.2,483.12,-78.08,-522.16,317.2,200.08,-395.28,453.84,971.12,1161.44,868.64,893.04
502.64,390.4,-112.24,-444.08,307.44,136.64,-424.56,444.08,1000.4,1180.96,854,883.28
380.64,317.2,-63.44,-346.48,219.6,126.88,-424.56,346.48,951.6,1141.92,814.96,854
283.04,263.52,-19.52,-273.28,151.28,122,-468.48,151.28,775.92,976,688.08,756.4
200.08,151.28,-48.8,-175.68,122,48.8,-488,4.88,512.4,683.2,463.6,575.84
126.88,4.88,-122,-63.44,122,-58.56,-478.24,-73.2,283.04,414.8,253.76,400.16
63.44,-122,-185.44,29.28,122,-156.16,-468.48,-161.04,107.36,224.48,117.12,292.8
39.04,-146.4,-185.44,53.68,112.24,-165.92,-439.2,-312.32,-78.08,58.56,14.64,209.84
34.16,-126.88,-161.04,48.8,97.6,-146.4,-405.04,-492.88,-273.28,-112.24,-78.08,131.76
-9.76,-170.8,-161.04,92.72,73.2,-165.92,-366,-570.96,-375.76,-185.44,-122,97.6
-29.28,-253.76,-224.48,141.52,97.6,-239.12,-312.32,-468.48,-326.96,-146.4,-97.6,107.36
-4.88,-253.76,-248.88,131.76,122,-253.76,-278.16,-346.48,-278.16,-122,-92.72,107.36
4.88,-219.6,-224.48,107.36,112.24,-224.48,-253.76,-326.96,-273.28,-122,-102.48,92.72
14.64,-180.56,-195.2,82.96,102.48,-190.32,-219.6,-302.56,-258.64,-112.24,-102.48,82.96
34.16,-141.52,-175.68,53.68,102.48,-161.04,-175.68,-258.64,-229.36,-92.72,-87.84,92.72
24.4,-156.16,-180.56,68.32,102.48,-170.8,-146.4,-229.36,-209.84,-78.08,-87.84,97.6
0,-151.28,-151.28,78.08,73.2,-151.28,-117.12,-214.72,-200.08,-73.2,-78.08,97.6
4.88,-117.12,-122,58.56,63.44,-122,-87.84,-195.2,-180.56,-53.68,-63.44,117.12
4.88,-146.4,-151.28,73.2,78.08,-151.28,-78.08,-190.32,-185.44,-63.44,-63.44,112.24
-29.28,-224.48,-195.2,126.88,82.96,-209.84,-68.32,-180.56,-195.2,-63.44,-53.68,117.12
-73.2,-244,-170.8,161.04,48.8,-209.84,-48.8,-165.92,-185.44,-63.44,-39.04,131.76
-43.92,-180.56,-136.64,112.24,43.92,-161.04,-34.16,-151.28,-170.8,-53.68,-34.16,141.52
9.76,-97.6,-107.36,43.92,58.56,-102.48,0,-117.12,-146.4,-34.16,-19.52,161.04
0,-58.56,-58.56,29.28,29.28,-58.56,24.4,-97.6,-122,-14.64,4.88,185.44
-19.52,-48.8,-29.28,34.16,4.88,-39.04,24.4,-97.6,-122,-4.88,-4.88,185.44
-14.64,-34.16,-19.52,24.4,0,-29.28,19.52,-102.48,-126.88,0,0,195.2
-14.64,-34.16,-19.52,24.4,0,-29.28,34.16,-97.6,-117.12,0,0,180.56
-14.64,-34.16,-19.52,24.4,0,-29.28,39.04,-87.84,-112.24,-4.88,0,175.68
-14.64,-39.04,-24.4,29.28,4.88,-34.16,39.04,-87.84,-112.24,-14.64,-4.88,175.68
-29.28,-48.8,-19.52,39.04,-4.88,-34.16,39.04,-82.96,-117.12,-24.4,-14.64,165.92
-43.92,-78.08,-34.16,63.44,-4.88,-58.56,39.04,-82.96,-117.12,-24.4,-14.64,165.92
-63.44,-87.84,-24.4,78.08,-19.52,-58.56,39.04,-87.84,-122,-34.16,0,170.8
-68.32,-92.72,-24.4,82.96,-24.4,-58.56,34.16,-87.84,-126.88,-34.16,0,170.8
-73.2,-87.84,-14.64,82.96,-29.28,-53.68,29.28,-87.84,-126.88,-43.92,-4.88,161.04
-73.2,-87.84,-14.64,82.96,-29.28,-53.68,29.28,-92.72,-122,-39.04,-4.88,170.8
-78.08,-97.6,-19.52,87.84,-29.28,-58.56,34.16,-92.72,-122,-34.16,-4.88,175.68
-82.96,-97.6,-14.64,92.72,-34.16,-58.56,34.16,-92.72,-122,-34.16,0,180.56
-82.96,-87.84,-4.88,87.84,-39.04,-48.8,29.28,-92.72,-122,-34.16,-9.76,180.56
-82.96,-92.72,-9.76,87.84,-39.04,-53.68,39.04,-87.84,-122,-39.04,-9.76,175.68
-82.96,-87.84,-4.88,87.84,-39.04,-48.8,39.04,-78.08,-126.88,-43.92,-14.64,175.68
-87.84,-73.2,14.64,82.96,-53.68,-29.28,34.16,-78.08,-131.76,-53.68,-19.52,165.92
-87.84,-78.08,9.76,82.96,-48.8,-34.16,43.92,-78.08,-136.64,-58.56,-19.52,165.92
-87.84,-78.08,9.76,82.96,-48.8,-34.16,43.92,-82.96,-136.64,-63.44,-14.64,165.92
-73.2,-78.08,-4.88,78.08,-34.16,-43.92,43.92,-82.96,-136.64,-68.32,-4.88,175.68
-73.2,-73.2,0,73.2,-39.04,-39.04,39.04,-92.72,-131.76,-68.32,-4.88,175.68
-73.2,-82.96,-9.76,78.08,-34.16,-48.8,48.8,-82.96,-126.88,-58.56,-4.88,185.44
-68.32,-87.84,-19.52,78.08,-24.4,-53.68,48.8,-82.96,-122,-58.56,-4.88,190.32
-68.32,-97.6,-29.28,82.96,-19.52,-63.44,58.56,-68.32,-112.24,-53.68,0,190.32
-78.08,-102.48,-24.4,92.72,-29.28,-63.44,68.32,-53.68,-102.48,-48.8,4.88,200.08
-58.56,-97.6,-39.04,78.08,-9.76,-68.32,63.44,-53.68,-107.36,-58.56,4.88,190.32
-48.8,-87.84,-39.04,68.32,-4.88,-63.44,53.68,-53.68,-112.24,-63.44,4.88,180.56
-48.8,-78.08,-29.28,63.44,-9.76,-53.68,48.8,-53.68,-117.12,-63.44,4.88,180.56
-39.04,-63.44,-24.4,53.68,-9.76,-43.92,39.04,-53.68,-122,-63.44,4.88,185.44
-29.28,-73.2,-43.92,53.68,4.88,-58.56,48.8,-58.56,-117.12,-63.44,-4.88,185.44
-39.04,-53.68,-14.64,48.8,-14.64,-34.16,48.8,-58.56,-117.12,-68.32,-4.88,185.44
-48.8,-73.2,-24.4,63.44,-14.64,-48.8,39.04,-63.44,-117.12,-73.2,-9.76,185.44
-63.44,-78.08,-14.64,73.2,-24.4,-48.8,39.04,-63.44,-112.24,-73.2,-14.64,180.56
-53.68,-58.56,-4.88,58.56,-24.4,-34.16,34.16,-63.44,-112.24,-68.32,-9.76,185.44
-53.68,-73.2,-19.52,63.44,-19.52,-48.8,34.16,-53.68,-112.24,-63.44,-9.76,185.44
-53.68,-73.2,-19.52,63.44,-19.52,-48.8,29.28,-43.92,-102.48,-63.44,-9.76,185.44
-48.8,-68.32,-19.52,58.56,-14.64,-43.92,24.4,-39.04,-102.48,-53.68,0,190.32
-48.8,-43.92,4.88,48.8,-29.28,-19.52,29.28,-29.28,-97.6,-39.04,4.88,190.32
-48.8,-53.68,-4.88,53.68,-24.4,-29.28,29.28,-29.28,-97.6,-39.04,14.64,195.2
-48.8,-58.56,-9.76,53.68,-19.52,-34.16,24.4,-43.92,-102.48,-43.92,14.64,195.2
-63.44,-68.32,-4.88,68.32,-29.28,-39.04,19.52,-43.92,-102.48,-43.92,14.64,190.32
-53.68,-73.2,-19.52,63.44,-19.52,-48.8,34.16,-24.4,-92.72,-29.28,29.28,195.2
-19.52,-53.68,-34.16,39.04,4.88,-43.92,39.04,-14.64,-82.96,-29.28,29.28,204.96
9.76,-43.92,-53.68,19.52,29.28,-48.8,39.04,-9.76,-78.08,-24.4,29.28,214.72
19.52,-34.16,-53.68,9.76,34.16,-43.92,43.92,0,-73.2,-24.4,29.28,219.6
-4.88,-39.04,-34.16,24.4,14.64,-39.04,43.92,-4.88,-78.08,-9.76,29.28,209.84
-14.64,-29.28,-14.64,24.4,0,-24.4,43.92,0,-78.08,-9.76,29.28,209.84
-29.28,-19.52,9.76,24.4,-19.52,-4.88,43.92,0,-78.08,-9.76,43.92,214.72
-39.04,-34.16,4.88,39.04,-24.4,-14.64,39.04,-4.88,-78.08,-9.76,43.92,219.6
-24.4,-43.92,-19.52,34.16,-4.88,-34.16,29.28,-14.64,-82.96,-4.88,34.16,209.84
-14.64,-43.92,-29.28,29.28,4.88,-39.04,24.4,-14.64,-82.96,-4.88,19.52,200.08
0,-53.68,-53.68,29.28,24.4,-53.68,24.4,-9.76,-78.08,-9.76,19.52,200.08
14.64,-34.16,-48.8,9.76,29.28,-43.92,24.4,-9.76,-78.08,-14.64,39.04,204.96
-4.88,-43.92,-39.04,24.4,14.64,-43.92,39.04,-4.88,-68.32,4.88,58.56,214.72
-4.88,-34.16,-29.28,19.52,9.76,-34.16,29.28,4.88,-63.44,9.76,58.56,224.48
-14.64,-39.04,-24.4,29.28,4.88,-34.16,34.16,19.52,-53.68,19.52,68.32,229.36
-24.4,-39.04,-14.64,34.16,-4.88,-29.28,39.04,29.28,-43.92,24.4,68.32,239.12
-34.16,-29.28,4.88,34.16,-19.52,-14.64,34.16,19.52,-53.68,34.16,58.56,229.36
-39.04,-43.92,-4.88,43.92,-19.52,-24.4,29.28,19.52,-53.68,34.16,58.56,234.24
-53.68,-43.92,9.76,48.8,-34.16,-19.52,19.52,19.52,-53.68,39.04,63.44,239.12
-39.04,-43.92,-4.88,43.92,-19.52,-24.4,14.64,19.52,-53.68,43.92,68.32,253.76
-19.52,-34.16,-14.64,29.28,-4.88,-24.4,4.88,14.64,-53.68,39.04,78.08,239.12
-4.88,-14.64,-9.76,9.76,0,-14.64,-4.88,14.64,-53.68,34.16,78.08,234.24
-19.52,-19.52,0,19.52,-9.76,-9.76,-9.76,19.52,-48.8,34.16,87.84,234.24
-29.28,-29.28,0,29.28,-14.64,-14.64,-14.64,19.52,-43.92,39.04,92.72,239.12
-34.16,-34.16,0,34.16,-19.52,-19.52,-14.64,24.4,-43.92,43.92,107.36,248.88
-24.4,-34.16,-9.76,29.28,-9.76,-24.4,-14.64,29.28,-39.04,43.92,107.36,248.88
0,-34.16,-34.16,19.52,14.64,-34.16,-9.76,29.28,-39.04,48.8,126.88,253.76
9.76,-39.04,-48.8,14.64,29.28,-43.92,-14.64,24.4,-34.16,53.68,136.64,258.64
9.76,-48.8,-58.56,19.52,34.16,-53.68,-29.28,29.28,-34.16,68.32,141.52,263.52
-4.88,-29.28,-24.4,19.52,9.76,-29.28,-29.28,34.16,-34.16,68.32,146.4,263.52
9.76,-29.28,-39.04,9.76,24.4,-34.16,-29.28,39.04,-24.4,78.08,151.28,263.52
24.4,-34.16,-58.56,4.88,39.04,-48.8,-39.04,39.04,-24.4,82.96,151.28,263.52
24.4,-34.16,-58.56,4.88,39.04,-48.8,-34.16,39.04,-14.64,82.96,161.04,278.16
19.52,-29.28,-48.8,4.88,34.16,-39.04,-34.16,39.04,-14.64,82.96,156.16,283.04
14.64,-29.28,-43.92,9.76,29.28,-39.04,-34.16,48.8,-14.64,82.96,141.52,283.04
9.76,-34.16,-43.92,14.64,24.4,-39.04,-29.28,48.8,-4.88,87.84,156.16,287.92
19.52,-19.52,-39.04,0,29.28,-29.28,-29.28,58.56,-4.88,92.72,156.16,287.92
34.16,-4.88,-39.04,-14.64,34.16,-24.4,-39.04,58.56,-14.64,92.72,156.16,292.8
43.92,9.76,-34.16,-24.4,39.04,-14.64,-39.04,48.8,-19.52,82.96,151.28,287.92
34.16,14.64,-19.52,-24.4,24.4,-4.88,-48.8,39.04,-19.52,82.96,151.28,273.28
24.4,-4.88,-29.28,-9.76,24.4,-19.52,-78.08,29.28,-24.4,78.08,146.4,263.52
39.04,-9.76,-48.8,-14.64,43.92,-29.28,-63.44,39.04,-19.52,82.96,151.28,268.4
48.8,4.88,-43.92,-24.4,43.92,-19.52,-63.44,39.04,-19.52,82.96,151.28,273.28
63.44,0,-63.44,-29.28,63.44,-34.16,-63.44,34.16,-19.52,82.96,151.28,273.28
78.08,19.52,-58.56,-48.8,68.32,-19.52,-63.44,39.04,-9.76,87.84,165.92,287.92
82.96,29.28,-53.68,-53.68,68.32,-14.64,-58.56,43.92,-4.88,97.6,165.92,292.8
87.84,43.92,-43.92,-63.44,63.44,0,-53.68,43.92,-4.88,107.36,170.8,307.44
92.72,53.68,-39.04,-73.2,63.44,4.88,-48.8,43.92,-4.88,112.24,180.56,312.32
68.32,19.52,-48.8,-43.92,58.56,-14.64,-43.92,43.92,-4.88,102.48,175.68,312.32
82.96,29.28,-53.68,-53.68,68.32,-14.64,-43.92,48.8,-4.88,97.6,170.8,302.56
63.44,29.28,-34.16,-43.92,48.8,-4.88,-39.04,34.16,-4.88,97.6,165.92,302.56
48.8,24.4,-24.4,-34.16,34.16,0,-39.04,39.04,-14.64,107.36,165.92,302.56
43.92,4.88,-39.04,-24.4,39.04,-19.52,-53.68,34.16,-14.64,97.6,165.92,297.68
39.04,0,-39.04,-19.52,39.04,-19.52,-48.8,34.16,-14.64,97.6,165.92,292.8
34.16,0,-34.16,-14.64,34.16,-19.52,-53.68,34.16,-14.64,97.6,161.04,287.92
53.68,24.4,-29.28,-39.04,39.04,-4.88,-58.56,34.16,-14.64,92.72,151.28,287.92
43.92,14.64,-29.28,-29.28,34.16,-9.76,-63.44,34.16,-29.28,78.08,141.52,278.16
29.28,-4.88,-34.16,-9.76,29.28,-19.52,-68.32,24.4,-34.16,73.2,136.64,268.4
29.28,14.64,-14.64,-19.52,19.52,0,-68.32,4.88,-39.04,68.32,126.88,268.4
29.28,-9.76,-39.04,-9.76,34.16,-24.4,-73.2,-4.88,-43.92,58.56,126.88,258.64
14.64,-19.52,-34.16,4.88,24.4,-29.28,-63.44,-4.88,-43.92,63.44,126.88,258.64
9.76,-24.4,-34.16,9.76,19.52,-29.28,-63.44,-9.76,-53.68,58.56,126.88,253.76
-4.88,-24.4,-19.52,14.64,4.88,-24.4,-48.8,-9.76,-53.68,58.56,126.88,253.76
-14.64,-29.28,-14.64,24.4,0,-24.4,-48.8,-9.76,-53.68,53.68,122,253.76
4.88,-19.52,-24.4,9.76,14.64,-24.4,-58.56,-4.88,-43.92,58.56,117.12,248.88
14.64,-19.52,-34.16,4.88,24.4,-29.28,-58.56,-4.88,-48.8,58.56,117.12,253.76
14.64,-19.52,-34.16,4.88,24.4,-29.28,-48.8,-4.88,-48.8,58.56,117.12,248.88
24.4,-4.88,-29.28,-9.76,24.4,-19.52,-43.92,-4.88,-58.56,48.8,117.12,253.76
34.16,14.64,-19.52,-24.4,24.4,-4.88,-34.16,-19.52,-63.44,39.04,107.36,253.76
29.28,0,-29.28,-14.64,29.28,-14.64,-34.16,-19.52,-63.44,34.16,102.48,248.88
24.4,-9.76,-34.16,-4.88,29.28,-24.4,-29.28,-29.28,-68.32,34.16,97.6,234.24
24.4,-9.76,-34.16,-4.88,29.28,-24.4,-29.28,-34.16,-73.2,24.4,92.72,224.48
19.52,-4.88,-24.4,-4.88,19.52,-14.64,-24.4,-24.4,-78.08,24.4,92.72,224.48
9.76,-9.76,-19.52,0,14.64,-14.64,-19.52,-34.16,-82.96,19.52,92.72,214.72
-4.88,-14.64,-9.76,9.76,0,-14.64,-9.76,-24.4,-82.96,19.52,92.72,214.72
-14.64,-24.4,-9.76,19.52,-4.88,-19.52,4.88,-14.64,-87.84,19.52,87.84,219.6
-43.92,-34.16,9.76,39.04,-29.28,-14.64,4.88,-34.16,-102.48,4.88,82.96,209.84
-48.8,-48.8,0,48.8,-24.4,-24.4,0,-39.04,-117.12,4.88,63.44,195.2
-53.68,-73.2,-19.52,63.44,-19.52,-48.8,-4.88,-43.92,-122,-9.76,53.68,195.2
-58.56,-87.84,-29.28,73.2,-14.64,-58.56,-9.76,-43.92,-126.88,-14.64,48.8,204.96
-48.8,-63.44,-14.64,58.56,-19.52,-39.04,-9.76,-48.8,-126.88,-14.64,48.8,204.96
-53.68,-63.44,-9.76,58.56,-24.4,-39.04,-9.76,-53.68,-131.76,-9.76,48.8,204.96
-58.56,-58.56,0,58.56,-29.28,-29.28,-4.88,-58.56,-131.76,-9.76,48.8,185.44
-48.8,-53.68,-4.88,53.68,-24.4,-29.28,-4.88,-68.32,-131.76,-19.52,48.8,175.68
-24.4,-48.8,-24.4,39.04,0,-39.04,-9.76,-68.32,-136.64,-14.64,48.8,175.68
-39.04,-48.8,-9.76,43.92,-14.64,-29.28,-4.88,-63.44,-136.64,-14.64,48.8,175.68
-43.92,-48.8,-4.88,48.8,-19.52,-29.28,-4.88,-63.44,-136.64,-19.52,43.92,165.92
-43.92,-43.92,0,43.92,-24.4,-24.4,4.88,-58.56,-141.52,-19.52,39.04,165.92
-43.92,-48.8,-4.88,48.8,-19.52,-29.28,14.64,-63.44,-141.52,-24.4,34.16,161.04
-43.92,-34.16,9.76,39.04,-29.28,-14.64,14.64,-63.44,-151.28,-29.28,34.16,161.04
-48.8,-39.04,9.76,43.92,-29.28,-14.64,14.64,-73.2,-156.16,-34.16,34.16,161.04
-48.8,-43.92,4.88,48.8,-29.28,-19.52,14.64,-63.44,-156.16,-34.16,34.16,146.4
-39.04,-68.32,-29.28,53.68,-4.88,-48.8,24.4,-63.44,-161.04,-19.52,43.92,156.16
-48.8,-87.84,-39.04,68.32,-4.88,-63.44,24.4,-63.44,-151.28,-19.52,43.92,165.92
-58.56,-102.48,-43.92,82.96,-9.76,-73.2,24.4,-73.2,-146.4,-24.4,43.92,175.68
-73.2,-122,-48.8,97.6,-14.64,-87.84,24.4,-73.2,-146.4,-29.28,43.92,165.92
-87.84,-122,-34.16,107.36,-29.28,-78.08,14.64,-73.2,-151.28,-29.28,34.16,156.16
-78.08,-122,-43.92,102.48,-19.52,-82.96,14.64,-63.44,-156.16,-24.4,34.16,156.16
-63.44,-117.12,-53.68,92.72,-4.88,-87.84,19.52,-63.44,-156.16,-24.4,43.92,165.92
-48.8,-97.6,-48.8,73.2,0,-73.2,19.52,-78.08,-161.04,-34.16,43.92,175.68
-43.92,-82.96,-39.04,63.44,-4.88,-63.44,19.52,-87.84,-170.8,-29.28,43.92,165.92
-63.44,-82.96,-19.52,73.2,-24.4,-53.68,19.52,-87.84,-165.92,-29.28,43.92,161.04
-63.44,-87.84,-24.4,78.08,-19.52,-58.56,24.4,-82.96,-161.04,-24.4,43.92,161.04
-73.2,-82.96,-9.76,78.08,-34.16,-48.8,24.4,-78.08,-151.28,-19.52,39.04,161.04
-82.96,-92.72,-9.76,87.84,-39.04,-53.68,19.52,-78.08,-156.16,-24.4,34.16,165.92
-102.48,-92.72,9.76,97.6,-58.56,-43.92,14.64,-82.96,-156.16,-29.28,34.16,165.92
-92.72,-92.72,0,92.72,-48.8,-48.8,9.76,-87.84,-161.04,-39.04,29.28,156.16
-78.08,-92.72,-14.64,87.84,-34.16,-53.68,4.88,-97.6,-175.68,-48.8,29.28,156.16
-78.08,-92.72,-14.64,87.84,-34.16,-53.68,4.88,-97.6,-175.68,-39.04,29.28,165.92
-78.08,-73.2,4.88,78.08,-43.92,-34.16,4.88,-97.6,-170.8,-39.04,34.16,156.16
-53.68,-63.44,-9.76,58.56,-24.4,-39.04,9.76,-97.6,-175.68,-43.92,34.16,151.28
-43.92,-53.68,-9.76,48.8,-19.52,-34.16,24.4,-97.6,-161.04,-43.92,34.16,141.52
-58.56,-87.84,-29.28,73.2,-14.64,-58.56,24.4,-92.72,-170.8,-34.16,34.16,151.28
-63.44,-63.44,0,63.44,-34.16,-34.16,29.28,-82.96,-170.8,-34.16,34.16,156.16
-53.68,-48.8,4.88,53.68,-29.28,-24.4,34.16,-78.08,-165.92,-29.28,34.16,156.16
-68.32,-48.8,19.52,58.56,-43.92,-14.64,34.16,-78.08,-165.92,-29.28,34.16,156.16
-68.32,-73.2,-4.88,73.2,-34.16,-39.04,24.4,-87.84,-165.92,-24.4,34.16,161.04
-53.68,-78.08,-24.4,68.32,-14.64,-53.68,19.52,-87.84,-175.68,-39.04,34.16,161.04
-48.8,-82.96,-34.16,68.32,-9.76,-58.56,19.52,-87.84,-175.68,-43.92,34.16,156.16
-48.8,-87.84,-39.04,68.32,-4.88,-63.44,19.52,-87.84,-170.8,-48.8,14.64,156.16
-63.44,-63.44,0,63.44,-34.16,-34.16,9.76,-102.48,-175.68,-58.56,0,146.4
-68.32,-68.32,0,68.32,-34.16,-34.16,9.76,-107.36,-180.56,-58.56,0,141.52
-78.08,-63.44,14.64,73.2,-48.8,-24.4,14.64,-107.36,-185.44,-58.56,14.64,136.64
-82.96,-43.92,39.04,63.44,-63.44,-4.88,19.52,-107.36,-190.32,-48.8,19.52,122
-73.2,-48.8,24.4,63.44,-48.8,-14.64,29.28,-97.6,-170.8,-34.16,29.28,146.4
-63.44,-63.44,0,63.44,-34.16,-34.16,29.28,-82.96,-165.92,-34.16,43.92,156.16
-43.92,-82.96,-39.04,63.44,-4.88,-63.44,34.16,-78.08,-156.16,-29.28,43.92,161.04
-34.16,-97.6,-63.44,68.32,14.64,-82.96,34.16,-73.2,-151.28,-29.28,39.04,161.04
-48.8,-87.84,-39.04,68.32,-4.88,-63.44,19.52,-97.6,-161.04,-39.04,29.28,141.52
-63.44,-92.72,-29.28,78.08,-19.52,-63.44,19.52,-97.6,-170.8,-43.92,24.4,151.28
-68.32,-82.96,-14.64,78.08,-29.28,-48.8,19.52,-82.96,-175.68,-48.8,24.4,151.28
-68.32,-63.44,4.88,68.32,-39.04,-29.28,19.52,-82.96,-175.68,-48.8,29.28,151.28
-73.2,-102.48,-29.28,87.84,-24.4,-68.32,19.52,-92.72,-175.68,-48.8,29.28,136.64
-107.36,-107.36,0,107.36,-53.68,-53.68,19.52,-92.72,-175.68,-53.68,24.4,136.64
-122,-92.72,29.28,107.36,-78.08,-34.16,19.52,-92.72,-175.68,-53.68,19.52,136.64
-131.76,-97.6,34.16,117.12,-82.96,-34.16,19.52,-87.84,-175.68,-48.8,19.52,136.64
-112.24,-97.6,14.64,107.36,-63.44,-43.92,24.4,-87.84,-175.68,-48.8,14.64,146.4
-102.48,-102.48,0,102.48,-53.68,-53.68,24.4,-82.96,-165.92,-43.92,19.52,151.28
-97.6,-112.24,-14.64,107.36,-43.92,-63.44,24.4,-68.32,-161.04,-43.92,19.52,165.92
-92.72,-117.12,-24.4,107.36,-34.16,-73.2,24.4,-82.96,-161.04,-43.92,14.64,165.92
-78.08,-92.72,-14.64,87.84,-34.16,-53.68,34.16,-73.2,-151.28,-34.16,24.4,161.04
-68.32,-73.2,-4.88,73.2,-34.16,-39.04,34.16,-68.32,-156.16,-29.28,29.28,165.92
-63.44,-39.04,24.4,53.68,-43.92,-9.76,34.16,-68.32,-156.16,-29.28,34.16,165.92
-43.92,-24.4,19.52,34.16,-34.16,-4.88,34.16,-73.2,-161.04,-29.28,34.16,165.92
-53.68,-29.28,24.4,43.92,-39.04,-4.88,43.92,-63.44,-161.04,-29.28,29.28,156.16
-53.68,-39.04,14.64,48.8,-34.16,-14.64,39.04,-63.44,-156.16,-29.28,29.28,161.04
-58.56,-48.8,9.76,53.68,-34.16,-19.52,39.04,-58.56,-146.4,-29.28,29.28,161.04
-68.32,-68.32,0,68.32,-34.16,-34.16,43.92,-58.56,-141.52,-29.28,34.16,156.16
-63.44,-87.84,-24.4,78.08,-19.52,-58.56,39.04,-53.68,-151.28,-39.04,29.28,146.4
-68.32,-92.72,-24.4,82.96,-24.4,-58.56,39.04,-58.56,-161.04,-34.16,24.4,146.4
-73.2,-82.96,-9.76,78.08,-34.16,-48.8,34.16,-63.44,-161.04,-34.16,29.28,156.16
-63.44,-107.36,-43.92,87.84,-9.76,-78.08,29.28,-58.56,-156.16,-29.28,29.28,165.92
-53.68,-39.04,14.64,48.8,-34.16,-14.64,87.84,-19.52,-97.6,19.52,68.32,204.96
-68.32,-87.84,-19.52,78.08,-24.4,-53.68,78.08,-19.52,-112.24,14.64,63.44,200.08
-63.44,-92.72,-29.28,78.08,-19.52,-63.44,53.68,-39.04,-131.76,-4.88,53.68,190.32
-19.52,-53.68,-34.16,39.04,4.88,-43.92,43.92,-39.04,-126.88,0,53.68,180.56
-19.52,-29.28,-9.76,24.4,-4.88,-19.52,39.04,-48.8,-126.88,-9.76,48.8,185.44
-24.4,-24.4,0,24.4,-14.64,-14.64,29.28,-63.44,-141.52,-24.4,39.04,170.8
-29.28,-19.52,9.76,24.4,-19.52,-4.88,29.28,-68.32,-146.4,-29.28,29.28,165.92
-34.16,-14.64,19.52,24.4,-29.28,0,29.28,-73.2,-151.28,-34.16,19.52,161.04
-39.04,-9.76,29.28,24.4,-34.16,9.76,29.28,-78.08,-156.16,-39.04,9.76,156.16
-34.16,-29.28,4.88,34.16,-19.52,-14.64,29.28,-73.2,-151.28,-29.28,14.64,151.28
-29.28,-34.16,-4.88,34.16,-14.64,-19.52,34.16,-68.32,-156.16,-29.28,24.4,156.16
-19.52,-43.92,-24.4,34.16,0,-34.16,34.16,-68.32,-141.52,-29.28,29.28,161.04
-14.64,-53.68,-39.04,34.16,9.76,-48.8,34.16,-63.44,-136.64,-24.4,34.16,165.92
-34.16,-63.44,-29.28,48.8,-4.88,-48.8,43.92,-53.68,-122,-9.76,43.92,175.68
-48.8,-73.2,-24.4,63.44,-14.64,-48.8,43.92,-53.68,-122,-9.76,43.92,180.56
-68.32,-92.72,-24.4,82.96,-24.4,-58.56,48.8,-53.68,-122,-14.64,48.8,190.32
-87.84,-117.12,-29.28,102.48,-29.28,-73.2,48.8,-53.68,-122,-19.52,48.8,190.32
-82.96,-122,-39.04,102.48,-24.4,-82.96,53.68,-68.32,-122,-9.76,39.04,185.44
-78.08,-102.48,-24.4,92.72,-29.28,-63.44,53.68,-68.32,-122,-9.76,39.04,185.44
-73.2,-87.84,-14.64,82.96,-29.28,-53.68,53.68,-68.32,-136.64,-14.64,39.04,175.68
-73.2,-92.72,-19.52,82.96,-29.28,-58.56,53.68,-68.32,-136.64,-14.64,34.16,170.8
-78.08,-87.84,-9.76,82.96,-34.16,-48.8,39.04,-73.2,-141.52,-24.4,19.52,161.04
-82.96,-82.96,0,82.96,-43.92,-43.92,43.92,-73.2,-141.52,-29.28,19.52,161.04
-73.2,-73.2,0,73.2,-39.04,-39.04,43.92,-73.2,-131.76,-29.28,19.52,165.92
-78.08,-68.32,9.76,73.2,-43.92,-29.28,39.04,-78.08,-136.64,-34.16,14.64,165.92
-63.44,-63.44,0,63.44,-34.16,-34.16,39.04,-82.96,-141.52,-43.92,4.88,156.16
-53.68,-48.8,4.88,53.68,-29.28,-24.4,34.16,-97.6,-146.4,-39.04,4.88,156.16
-39.04,-34.16,4.88,39.04,-24.4,-14.64,43.92,-92.72,-146.4,-29.28,9.76,156.16
-24.4,-29.28,-4.88,29.28,-9.76,-19.52,48.8,-87.84,-146.4,-29.28,19.52,161.04
-43.92,-39.04,4.88,43.92,-24.4,-19.52,63.44,-82.96,-131.76,-19.52,19.52,165.92
-58.56,-43.92,14.64,53.68,-39.04,-14.64,63.44,-82.96,-126.88,-19.52,19.52,175.68
-78.08,-48.8,29.28,63.44,-53.68,-9.76,68.32,-78.08,-126.88,-19.52,19.52,180.56
-87.84,-48.8,39.04,68.32,-63.44,-4.88,73.2,-73.2,-122,-19.52,24.4,185.44
-68.32,-34.16,34.16,53.68,-53.68,0,87.84,-82.96,-112.24,-9.76,24.4,175.68
-53.68,-19.52,34.16,39.04,-43.92,4.88,87.84,-78.08,-112.24,-4.88,24.4,185.44
-43.92,-14.64,29.28,29.28,-39.04,4.88,87.84,-58.56,-107.36,0,34.16,200.08
-29.28,-19.52,9.76,24.4,-19.52,-4.88,82.96,-58.56,-97.6,9.76,39.04,204.96
-39.04,-9.76,29.28,24.4,-34.16,9.76,73.2,-78.08,-102.48,4.88,43.92,195.2
-43.92,-4.88,39.04,24.4,-43.92,14.64,53.68,-87.84,-107.36,0,29.28,190.32
-48.8,4.88,53.68,24.4,-53.68,29.28,48.8,-78.08,-112.24,-4.88,24.4,190.32
-39.04,29.28,68.32,4.88,-53.68,48.8,48.8,-78.08,-112.24,-4.88,24.4,195.2
-14.64,48.8,63.44,-14.64,-39.04,53.68,63.44,-58.56,-92.72,14.64,53.68,214.72
0,68.32,68.32,-34.16,-34.16,68.32,78.08,-43.92,-78.08,29.28,58.56,229.36
19.52,68.32,48.8,-43.92,-14.64,58.56,82.96,-43.92,-68.32,39.04,63.44,234.24
39.04,78.08,39.04,-58.56,0,58.56,78.08,-58.56,-68.32,43.92,63.44,239.12
34.16,43.92,9.76,-39.04,9.76,24.4,53.68,-73.2,-87.84,29.28,48.8,224.48
24.4,24.4,0,-24.4,9.76,9.76,48.8,-78.08,-97.6,14.64,43.92,219.6
19.52,14.64,-4.88,-14.64,9.76,4.88,39.04,-87.84,-107.36,9.76,39.04,209.84
9.76,4.88,-4.88,-4.88,4.88,0,29.28,-102.48,-117.12,0,29.28,200.08
4.88,-4.88,-9.76,0,4.88,-9.76,34.16,-92.72,-107.36,0,43.92,214.72
0,-14.64,-14.64,9.76,4.88,-14.64,39.04,-92.72,-102.48,0,43.92,214.72
4.88,-9.76,-14.64,4.88,9.76,-14.64,29.28,-97.6,-107.36,0,43.92,209.84
9.76,9.76,0,-9.76,4.88,4.88,24.4,-92.72,-117.12,-9.76,34.16,209.84
0,-14.64,-14.64,9.76,4.88,-14.64,14.64,-112.24,-117.12,-9.76,24.4,204.96
0,-34.16,-34.16,19.52,14.64,-34.16,14.64,-112.24,-122,-14.64,14.64,200.08
-19.52,-53.68,-34.16,39.04,4.88,-43.92,19.52,-107.36,-122,-14.64,14.64,200.08
-29.28,-68.32,-39.04,48.8,4.88,-53.68,29.28,-102.48,-122,-9.76,24.4,200.08
-34.16,-73.2,-39.04,53.68,0,-58.56,29.28,-107.36,-131.76,-14.64,19.52,195.2
-43.92,-73.2,-29.28,58.56,-9.76,-53.68,24.4,-112.24,-136.64,-29.28,4.88,180.56
-48.8,-92.72,-43.92,73.2,-4.88,-68.32,19.52,-117.12,-141.52,-39.04,-9.76,170.8
-68.32,-102.48,-34.16,87.84,-19.52,-68.32,9.76,-131.76,-146.4,-43.92,-14.64,161.04
-73.2,-117.12,-43.92,97.6,-14.64,-82.96,24.4,-122,-146.4,-48.8,-14.64,161.04
-73.2,-122,-48.8,97.6,-14.64,-87.84,29.28,-122,-141.52,-48.8,-14.64,161.04
-78.08,-131.76,-53.68,107.36,-14.64,-92.72,24.4,-126.88,-146.4,-48.8,-9.76,156.16
-78.08,-136.64,-58.56,107.36,-9.76,-97.6,24.4,-122,-151.28,-48.8,-9.76,151.28
-53.68,-112.24,-58.56,82.96,0,-87.84,0,-146.4,-161.04,-68.32,-29.28,131.76
-43.92,-102.48,-58.56,73.2,4.88,-82.96,-9.76,-165.92,-175.68,-82.96,-39.04,122
-34.16,-87.84,-53.68,63.44,9.76,-73.2,-19.52,-180.56,-185.44,-92.72,-48.8,117.12
-24.4,-82.96,-58.56,53.68,14.64,-73.2,-24.4,-190.32,-200.08,-112.24,-63.44,107.36
-48.8,-92.72,-43.92,73.2,-4.88,-68.32,-19.52,-185.44,-195.2,-97.6,-58.56,112.24
-73.2,-107.36,-34.16,92.72,-19.52,-73.2,-14.64,-180.56,-185.44,-87.84,-53.68,117.12
-112.24,-117.12,-4.88,117.12,-53.68,-63.44,-9.76,-175.68,-180.56,-82.96,-48.8,122
-146.4,-141.52,4.88,146.4,-78.08,-68.32,-4.88,-170.8,-175.68,-78.08,-43.92,126.88
-141.52,-126.88,14.64,136.64,-78.08,-58.56,4.88,-161.04,-165.92,-68.32,-39.04,136.64
-112.24,-107.36,4.88,112.24,-58.56,-53.68,4.88,-161.04,-165.92,-68.32,-34.16,136.64
-92.72,-87.84,4.88,92.72,-48.8,-43.92,4.88,-161.04,-165.92,-68.32,-29.28,136.64
-78.08,-82.96,-4.88,82.96,-39.04,-43.92,-4.88,-170.8,-175.68,-73.2,-29.28,131.76
-92.72,-92.72,0,92.72,-48.8,-48.8,-14.64,-180.56,-180.56,-82.96,-34.16,117.12
-107.36,-112.24,-4.88,112.24,-53.68,-58.56,-19.52,-180.56,-185.44,-87.84,-39.04,117.12
-117.12,-117.12,0,117.12,-58.56,-58.56,-19.52,-180.56,-190.32,-92.72,-43.92,117.12
-117.12,-122,-4.88,122,-58.56,-63.44,-24.4,-180.56,-195.2,-97.6,-48.8,117.12
-87.84,-117.12,-29.28,102.48,-29.28,-73.2,-19.52,-170.8,-185.44,-87.84,-48.8,117.12
-73.2,-97.6,-24.4,87.84,-24.4,-63.44,-14.64,-170.8,-185.44,-87.84,-48.8,117.12
-63.44,-92.72,-29.28,78.08,-19.52,-63.44,-9.76,-170.8,-185.44,-87.84,-48.8,117.12
-63.44,-107.36,-43.92,87.84,-9.76,-78.08,-4.88,-170.8,-185.44,-87.84,-43.92,117.12
-87.84,-122,-34.16,107.36,-29.28,-78.08,-14.64,-170.8,-185.44,-87.84,-39.04,117.12
-92.72,-131.76,-39.04,112.24,-29.28,-87.84,-14.64,-170.8,-185.44,-87.84,-39.04,117.12
-87.84,-136.64,-48.8,112.24,-19.52,-92.72,-14.64,-170.8,-185.44,-82.96,-43.92,117.12
-92.72,-146.4,-53.68,122,-19.52,-102.48,-14.64,-165.92,-180.56,-82.96,-48.8,117.12
-87.84,-141.52,-53.68,117.12,-19.52,-97.6,-9.76,-165.92,-170.8,-82.96,-39.04,126.88
-87.84,-146.4,-58.56,117.12,-14.64,-102.48,-9.76,-161.04,-170.8,-82.96,-39.04,126.88
-82.96,-146.4,-63.44,117.12,-9.76,-107.36,-9.76,-161.04,-175.68,-87.84,-39.04,122
-73.2,-131.76,-58.56,102.48,-9.76,-97.6,-14.64,-161.04,-175.68,-87.84,-39.04,117.12
-63.44,-122,-58.56,92.72,-4.88,-92.72,-4.88,-151.28,-185.44,-87.84,-53.68,117.12
-63.44,-97.6,-34.16,82.96,-14.64,-68.32,-4.88,-156.16,-180.56,-87.84,-53.68,122
-53.68,-82.96,-29.28,68.32,-14.64,-58.56,-4.88,-156.16,-180.56,-87.84,-53.68,122
-48.8,-68.32,-19.52,58.56,-14.64,-43.92,0,-151.28,-180.56,-87.84,-53.68,122
-29.28,-136.64,-107.36,82.96,39.04,-122,4.88,-131.76,-165.92,-68.32,-34.16,126.88
-48.8,-156.16,-107.36,102.48,29.28,-131.76,4.88,-126.88,-165.92,-78.08,-43.92,131.76
-87.84,-122,-34.16,107.36,-29.28,-78.08,9.76,-112.24,-156.16,-78.08,-48.8,122
-63.44,-82.96,-19.52,73.2,-24.4,-53.68,29.28,-78.08,-136.64,-58.56,-29.28,122
-53.68,-107.36,-53.68,82.96,0,-82.96,53.68,-34.16,-112.24,-29.28,-19.52,131.76
-63.44,-122,-58.56,92.72,-4.88,-92.72,87.84,29.28,-78.08,-9.76,-9.76,136.64
-63.44,-102.48,-39.04,82.96,-14.64,-73.2,141.52,141.52,-14.64,39.04,29.28,175.68
-48.8,-58.56,-9.76,53.68,-19.52,-34.16,185.44,248.88,68.32,112.24,78.08,214.72
-9.76,-19.52,-9.76,14.64,0,-14.64,200.08,346.48,151.28,195.2,126.88,263.52
9.76,14.64,4.88,-9.76,0,9.76,239.12,473.36,258.64,302.56,200.08,322.08
19.52,24.4,4.88,-19.52,4.88,14.64,273.28,619.76,380.64,434.32,297.68,395.28
82.96,68.32,-14.64,-73.2,48.8,24.4,253.76,741.76,492.88,531.92,370.88,453.84
161.04,146.4,-14.64,-151.28,87.84,63.44,214.72,854,595.36,644.16,458.72,522.16
229.36,219.6,-9.76,-224.48,117.12,102.48,200.08,941.84,717.36,775.92,551.44,605.12
258.64,302.56,43.92,-278.16,107.36,170.8,141.52,912.56,810.08,888.16,658.8,702.72
331.84,366,34.16,-346.48,146.4,200.08,-9.76,746.64,858.88,966.24,736.88,780.8
444.08,409.92,-34.16,-424.56,239.12,185.44,-161.04,570.96,873.52,1024.8,790.56,834.48
502.64,424.56,-78.08,-463.6,287.92,170.8,-297.68,463.6,883.28,1054.08,810.08,863.76
502.64,400.16,-102.48,-448.96,302.56,146.4,-395.28,424.56,902.8,1073.6,795.44,834.48
468.48,326.96,-141.52,-395.28,302.56,92.72,-434.32,375.76,902.8,1073.6,766.16,814.96
380.64,244,-136.64,-312.32,258.64,53.68,-488,209.84,805.2,985.76,707.6,766.16
278.16,170.8,-107.36,-224.48,190.32,29.28,-517.28,43.92,610,790.56,561.2,653.92
195.2,63.44,-131.76,-126.88,161.04,-34.16,-507.52,-53.68,370.88,522.16,341.6,468.48
112.24,-82.96,-195.2,-14.64,151.28,-141.52,-517.28,-151.28,146.4,263.52,136.64,292.8
19.52,-214.72,-234.24,97.6,126.88,-224.48,-497.76,-273.28,-39.04,78.08,4.88,180.56
-24.4,-253.76,-229.36,141.52,102.48,-244,-424.56,-414.8,-204.96,-73.2,-87.84,112.24
-9.76,-229.36,-219.6,122,102.48,-224.48,-375.76,-561.2,-366,-204.96,-151.28,58.56
0,-234.24,-234.24,117.12,117.12,-234.24,-341.6,-556.32,-405.04,-244,-175.68,39.04
4.88,-234.24,-239.12,117.12,122,-239.12,-297.68,-405.04,-326.96,-190.32,-141.52,68.32
24.4,-219.6,-244,97.6,131.76,-234.24,-263.52,-307.44,-263.52,-141.52,-112.24,82.96
34.16,-229.36,-263.52,97.6,146.4,-248.88,-258.64,-302.56,-268.4,-151.28,-122,73.2
34.16,-229.36,-263.52,97.6,146.4,-248.88,-244,-297.68,-268.4,-151.28,-126.88,53.68
4.88,-204.96,-209.84,102.48,107.36,-209.84,-185.44,-248.88,-229.36,-117.12,-107.36,68.32
-9.76,-209.84,-200.08,112.24,92.72,-204.96,-136.64,-214.72,-190.32,-92.72,-78.08,87.84
-4.88,-214.72,-209.84,112.24,102.48,-214.72,-126.88,-224.48,-200.08,-102.48,-82.96,78.08
-4.88,-204.96,-200.08,107.36,97.6,-204.96,-117.12,-219.6,-204.96,-112.24,-92.72,73.2
-29.28,-204.96,-175.68,117.12,73.2,-190.32,-97.6,-200.08,-204.96,-112.24,-92.72,78.08
-73.2,-204.96,-131.76,141.52,29.28,-170.8,-87.84,-195.2,-214.72,-122,-97.6,73.2
-82.96,-180.56,-97.6,131.76,4.88,-141.52,-73.2,-190.32,-209.84,-122,-92.72,82.96
-58.56,-146.4,-87.84,102.48,14.64,-117.12,-29.28,-146.4,-185.44,-102.48,-78.08,102.48
-48.8,-126.88,-78.08,87.84,14.64,-102.48,-4.88,-117.12,-151.28,-73.2,-53.68,126.88
-68.32,-117.12,-48.8,92.72,-9.76,-82.96,14.64,-117.12,-131.76,-63.44,-34.16,136.64
-53.68,-87.84,-34.16,73.2,-9.76,-63.44,14.64,-122,-131.76,-58.56,-39.04,146.4
-53.68,-82.96,-29.28,68.32,-14.64,-58.56,24.4,-117.12,-126.88,-58.56,-39.04,131.76
-53.68,-78.08,-24.4,68.32,-14.64,-53.68,24.4,-107.36,-126.88,-63.44,-39.04,126.88
-53.68,-78.08,-24.4,68.32,-14.64,-53.68,19.52,-107.36,-131.76,-73.2,-43.92,126.88
-68.32,-92.72,-24.4,82.96,-24.4,-58.56,19.52,-102.48,-126.88,-63.44,-34.16,136.64
-82.96,-117.12,-34.16,102.48,-24.4,-78.08,19.52,-102.48,-126.88,-63.44,-34.16,136.64
-102.48,-122,-19.52,112.24,-43.92,-73.2,19.52,-107.36,-131.76,-73.2,-19.52,141.52
-107.36,-122,-14.64,117.12,-48.8,-68.32,14.64,-107.36,-136.64,-73.2,-19.52,141.52
-87.84,-92.72,-4.88,92.72,-43.92,-48.8,0,-122,-141.52,-78.08,-29.28,126.88
-82.96,-87.84,-4.88,87.84,-39.04,-48.8,0,-131.76,-141.52,-78.08,-34.16,131.76
-82.96,-92.72,-9.76,87.84,-39.04,-53.68,4.88,-136.64,-146.4,-78.08,-39.04,131.76
-82.96,-87.84,-4.88,87.84,-39.04,-48.8,4.88,-141.52,-151.28,-82.96,-39.04,131.76
-92.72,-92.72,0,92.72,-48.8,-48.8,14.64,-122,-136.64,-68.32,-24.4,136.64
-92.72,-102.48,-9.76,97.6,-43.92,-58.56,29.28,-117.12,-131.76,-68.32,-19.52,136.64
-92.72,-102.48,-9.76,97.6,-43.92,-58.56,34.16,-107.36,-131.76,-68.32,-19.52,141.52
-97.6,-92.72,4.88,97.6,-53.68,-43.92,34.16,-107.36,-131.76,-73.2,-19.52,136.64
-97.6,-92.72,4.88,97.6,-53.68,-43.92,24.4,-97.6,-126.88,-73.2,-19.52,146.4
-97.6,-97.6,0,97.6,-48.8,-48.8,24.4,-102.48,-126.88,-73.2,-14.64,146.4
-82.96,-102.48,-19.52,92.72,-34.16,-63.44,24.4,-102.48,-126.88,-73.2,-4.88,156.16
-82.96,-102.48,-19.52,92.72,-34.16,-63.44,19.52,-112.24,-122,-68.32,-4.88,156.16
-78.08,-107.36,-29.28,92.72,-24.4,-68.32,19.52,-117.12,-126.88,-78.08,-9.76,151.28
-68.32,-107.36,-39.04,87.84,-14.64,-73.2,19.52,-122,-131.76,-78.08,-14.64,151.28
-63.44,-112.24,-48.8,87.84,-9.76,-82.96,29.28,-112.24,-131.76,-73.2,-14.64,146.4
-68.32,-112.24,-43.92,92.72,-14.64,-78.08,39.04,-102.48,-131.76,-68.32,-14.64,151.28
-82.96,-146.4,-63.44,117.12,-9.76,-107.36,48.8,-92.72,-126.88,-58.56,-14.64,146.4
-97.6,-156.16,-58.56,126.88,-19.52,-107.36,43.92,-92.72,-122,-63.44,-14.64,141.52
-122,-165.92,-43.92,146.4,-39.04,-107.36,43.92,-92.72,-117.12,-63.44,-14.64,146.4
-136.64,-170.8,-34.16,156.16,-53.68,-102.48,39.04,-92.72,-112.24,-63.44,-14.64,156.16
-107.36,-151.28,-43.92,131.76,-34.16,-97.6,29.28,-97.6,-117.12,-63.44,-4.88,151.28
-97.6,-112.24,-14.64,107.36,-43.92,-63.44,29.28,-97.6,-117.12,-68.32,-4.88,146.4
-87.84,-112.24,-24.4,102.48,-34.16,-68.32,19.52,-102.48,-117.12,-73.2,-9.76,141.52
-82.96,-97.6,-14.64,92.72,-34.16,-58.56,19.52,-102.48,-112.24,-73.2,-14.64,131.76
-73.2,-73.2,0,73.2,-39.04,-39.04,9.76,-107.36,-117.12,-73.2,-29.28,117.12
-73.2,-82.96,-9.76,78.08,-34.16,-48.8,14.64,-102.48,-122,-73.2,-29.28,117.12
-73.2,-78.08,-4.88,78.08,-34.16,-43.92,14.64,-97.6,-117.12,-78.08,-29.28,117.12
-68.32,-68.32,0,68.32,-34.16,-34.16,14.64,-97.6,-122,-73.2,-19.52,122
-68.32,-43.92,24.4,58.56,-48.8,-9.76,34.16,-82.96,-112.24,-53.68,-9.76,141.52
-68.32,-53.68,14.64,63.44,-43.92,-19.52,39.04,-78.08,-107.36,-48.8,4.88,146.4
-68.32,-58.56,9.76,63.44,-39.04,-24.4,39.04,-87.84,-107.36,-48.8,9.76,146.4
-82.96,-68.32,14.64,78.08,-48.8,-29.28,39.04,-82.96,-102.48,-43.92,14.64,141.52
-97.6,-87.84,9.76,92.72,-53.68,-39.04,24.4,-87.84,-97.6,-48.8,24.4,131.76
-78.08,-82.96,-4.88,82.96,-39.04,-43.92,19.52,-82.96,-92.72,-48.8,29.28,136.64
-63.44,-87.84,-24.4,78.08,-19.52,-58.56,9.76,-82.96,-92.72,-43.92,34.16,141.52
-68.32,-92.72,-24.4,82.96,-24.4,-58.56,4.88,-78.08,-92.72,-43.92,39.04,141.52
-68.32,-92.72,-24.4,82.96,-24.4,-58.56,9.76,-58.56,-78.08,-34.16,48.8,151.28
-53.68,-78.08,-24.4,68.32,-14.64,-53.68,14.64,-48.8,-78.08,-29.28,48.8,151.28
-43.92,-63.44,-19.52,53.68,-14.64,-43.92,19.52,-43.92,-78.08,-24.4,63.44,156.16
-29.28,-73.2,-43.92,53.68,4.88,-58.56,19.52,-43.92,-78.08,-19.52,63.44,161.04
-39.04,-78.08,-39.04,58.56,0,-58.56,29.28,-34.16,-63.44,-19.52,73.2,161.04
-43.92,-82.96,-39.04,63.44,-4.88,-63.44,24.4,-34.16,-63.44,-14.64,58.56,151.28
-43.92,-97.6,-53.68,73.2,4.88,-78.08,24.4,-29.28,-58.56,-14.64,58.56,151.28
-43.92,-82.96,-39.04,63.44,-4.88,-63.44,24.4,-29.28,-58.56,-14.64,78.08,156.16
-43.92,-63.44,-19.52,53.68,-14.64,-43.92,29.28,-39.04,-58.56,-24.4,73.2,146.4
-34.16,-43.92,-9.76,39.04,-14.64,-29.28,9.76,-34.16,-63.44,-29.28,68.32,146.4
-34.16,-39.04,-4.88,39.04,-14.64,-24.4,4.88,-24.4,-63.44,-29.28,73.2,141.52
-34.16,-29.28,4.88,34.16,-19.52,-14.64,0,-19.52,-63.44,-34.16,68.32,141.52
-24.4,-24.4,0,24.4,-14.64,-14.64,0,-14.64,-58.56,-29.28,78.08,151.28
-29.28,-43.92,-14.64,39.04,-9.76,-29.28,0,-9.76,-53.68,-24.4,78.08,156.16
-43.92,-48.8,-4.88,48.8,-19.52,-29.28,-4.88,-4.88,-48.8,-14.64,82.96,161.04
-29.28,-53.68,-24.4,43.92,-4.88,-39.04,-4.88,0,-43.92,-4.88,87.84,175.68
4.88,-58.56,-63.44,29.28,34.16,-63.44,-9.76,-4.88,-43.92,-4.88,87.84,175.68
24.4,-43.92,-68.32,9.76,43.92,-58.56,-14.64,-4.88,-43.92,-4.88,87.84,175.68
14.64,-53.68,-68.32,19.52,39.04,-63.44,-14.64,0,-39.04,0,97.6,180.56
9.76,-68.32,-78.08,29.28,43.92,-73.2,-14.64,0,-34.16,9.76,102.48,190.32
-14.64,-53.68,-39.04,34.16,9.76,-48.8,-14.64,9.76,-29.28,14.64,117.12,200.08
-24.4,-43.92,-19.52,34.16,-4.88,-34.16,-14.64,19.52,-19.52,14.64,117.12,200.08
-19.52,-34.16,-14.64,29.28,-4.88,-24.4,-9.76,24.4,-14.64,19.52,136.64,204.96
-29.28,-29.28,0,29.28,-14.64,-14.64,-14.64,24.4,-4.88,24.4,146.4,209.84
-24.4,-39.04,-14.64,34.16,-4.88,-29.28,-29.28,14.64,-9.76,19.52,141.52,209.84
-34.16,-19.52,14.64,29.28,-24.4,-4.88,-29.28,14.64,-14.64,19.52,136.64,204.96
-14.64,-19.52,-4.88,19.52,-4.88,-14.64,-29.28,14.64,-9.76,29.28,131.76,200.08
4.88,-24.4,-29.28,9.76,14.64,-29.28,-39.04,9.76,-14.64,34.16,122,195.2
19.52,-24.4,-43.92,4.88,29.28,-34.16,-53.68,19.52,-14.64,34.16,136.64,204.96
19.52,-19.52,-39.04,0,29.28,-29.28,-53.68,19.52,-14.64,34.16,136.64,214.72
19.52,-19.52,-39.04,0,29.28,-29.28,-53.68,29.28,-14.64,34.16,126.88,219.6
19.52,-24.4,-43.92,4.88,29.28,-34.16,-48.8,29.28,-4.88,39.04,146.4,229.36
19.52,-24.4,-43.92,4.88,29.28,-34.16,-39.04,29.28,4.88,53.68,156.16,229.36
24.4,-14.64,-39.04,-4.88,29.28,-29.28,-48.8,29.28,-4.88,53.68,156.16,234.24
24.4,-4.88,-29.28,-9.76,24.4,-19.52,-48.8,19.52,-9.76,43.92,151.28,229.36
4.88,-4.88,-9.76,0,4.88,-9.76,-58.56,9.76,-9.76,43.92,151.28,214.72
19.52,-9.76,-29.28,-4.88,24.4,-19.52,-78.08,9.76,-14.64,39.04,156.16,214.72
39.04,0,-39.04,-19.52,39.04,-19.52,-63.44,19.52,-9.76,43.92,161.04,219.6
53.68,29.28,-24.4,-39.04,39.04,0,-63.44,19.52,-9.76,43.92,161.04,224.48
73.2,39.04,-34.16,-53.68,53.68,0,-63.44,14.64,-9.76,43.92,161.04,224.48
58.56,19.52,-39.04,-39.04,48.8,-9.76,-78.08,14.64,-19.52,43.92,161.04,224.48
43.92,0,-43.92,-19.52,43.92,-24.4,-78.08,14.64,-14.64,48.8,156.16,224.48
29.28,-14.64,-43.92,-4.88,34.16,-29.28,-78.08,9.76,-14.64,53.68,156.16,234.24
14.64,-34.16,-48.8,9.76,29.28,-43.92,-78.08,4.88,-14.64,53.68,161.04,234.24
0,-48.8,-48.8,24.4,24.4,-48.8,-82.96,9.76,-14.64,53.68,161.04,234.24
24.4,-29.28,-53.68,4.88,39.04,-43.92,-82.96,9.76,-14.64,48.8,161.04,224.48
14.64,-19.52,-34.16,4.88,24.4,-29.28,-78.08,-9.76,-14.64,48.8,161.04,224.48
9.76,-14.64,-24.4,4.88,14.64,-19.52,-78.08,-9.76,-24.4,58.56,165.92,224.48
24.4,-19.52,-43.92,0,34.16,-34.16,-78.08,-4.88,-14.64,58.56,180.56,234.24
29.28,-19.52,-48.8,-4.88,39.04,-34.16,-68.32,-4.88,-14.64,58.56,185.44,234.24
34.16,-14.64,-48.8,-9.76,39.04,-34.16,-68.32,-4.88,-14.64,58.56,185.44,234.24
63.44,14.64,-48.8,-39.04,53.68,-19.52,-68.32,-4.88,-14.64,53.68,180.56,239.12
58.56,0,-58.56,-29.28,58.56,-29.28,-68.32,-4.88,-14.64,63.44,180.56,248.88
39.04,-24.4,-63.44,-4.88,48.8,-43.92,-68.32,-4.88,-14.64,63.44,175.68,239.12
34.16,-9.76,-43.92,-9.76,39.04,-29.28,-63.44,-14.64,-14.64,63.44,165.92,239.12
29.28,-39.04,-68.32,4.88,48.8,-53.68,-63.44,-14.64,-14.64,58.56,165.92,229.36
19.52,-53.68,-73.2,19.52,43.92,-63.44,-63.44,-14.64,-14.64,53.68,165.92,229.36
9.76,-63.44,-73.2,29.28,39.04,-68.32,-63.44,-19.52,-24.4,48.8,165.92,224.48
-9.76,-68.32,-58.56,39.04,24.4,-63.44,-48.8,-19.52,-24.4,48.8,165.92,224.48
-24.4,-78.08,-53.68,53.68,14.64,-68.32,-48.8,-19.52,-24.4,43.92,161.04,224.48
0,-58.56,-58.56,29.28,29.28,-58.56,-58.56,-34.16,-34.16,29.28,151.28,204.96
4.88,-39.04,-43.92,19.52,24.4,-43.92,-58.56,-34.16,-39.04,29.28,146.4,204.96
0,-19.52,-19.52,9.76,9.76,-19.52,-48.8,-34.16,-39.04,29.28,141.52,195.2
4.88,14.64,9.76,-9.76,-4.88,9.76,-43.92,-34.16,-48.8,19.52,136.64,195.2
-4.88,34.16,39.04,-14.64,-24.4,34.16,-53.68,-39.04,-43.92,19.52,117.12,200.08
-9.76,19.52,29.28,-4.88,-19.52,24.4,-53.68,-39.04,-43.92,14.64,112.24,200.08
-14.64,9.76,24.4,4.88,-19.52,14.64,-48.8,-48.8,-48.8,14.64,107.36,190.32
-14.64,9.76,24.4,4.88,-19.52,14.64,-48.8,-53.68,-53.68,4.88,102.48,185.44
0,-4.88,-4.88,4.88,0,-4.88,-43.92,-34.16,-53.68,14.64,112.24,185.44
0,-19.52,-19.52,9.76,9.76,-19.52,-39.04,-34.16,-53.68,9.76,112.24,175.68
-4.88,-34.16,-29.28,19.52,9.76,-34.16,-29.28,-14.64,-48.8,9.76,112.24,175.68
-4.88,-53.68,-48.8,29.28,19.52,-53.68,-14.64,4.88,-48.8,9.76,107.36,180.56
-19.52,-48.8,-29.28,34.16,4.88,-39.04,-24.4,4.88,-68.32,-9.76,92.72,165.92
-19.52,-48.8,-29.28,34.16,4.88,-39.04,-29.28,9.76,-87.84,-14.64,73.2,146.4
-19.52,-58.56,-39.04,39.04,9.76,-48.8,-34.16,14.64,-97.6,-34.16,63.44,141.52
-19.52,-58.56,-39.04,39.04,9.76,-48.8,-39.04,24.4,-107.36,-43.92,58.56,146.4
-24.4,-39.04,-14.64,34.16,-4.88,-29.28,-19.52,48.8,-87.84,-29.28,73.2,156.16
-43.92,-43.92,0,43.92,-24.4,-24.4,-9.76,63.44,-82.96,-19.52,87.84,165.92
-63.44,-43.92,19.52,53.68,-43.92,-14.64,4.88,78.08,-73.2,-14.64,102.48,156.16
-68.32,-43.92,24.4,58.56,-48.8,-9.76,14.64,87.84,-63.44,-19.52,117.12,156.16
-43.92,-53.68,-9.76,48.8,-19.52,-34.16,14.64,82.96,-82.96,-24.4,107.36,146.4
-58.56,-68.32,-9.76,63.44,-24.4,-39.04,14.64,82.96,-87.84,-24.4,107.36,146.4
-63.44,-82.96,-19.52,73.2,-24.4,-53.68,9.76,78.08,-92.72,-29.28,102.48,136.64
-63.44,-92.72,-29.28,78.08,-19.52,-63.44,14.64,78.08,-102.48,-29.28,97.6,136.64
-73.2,-102.48,-29.28,87.84,-24.4,-68.32,14.64,92.72,-97.6,-34.16,92.72,141.52
-73.2,-92.72,-19.52,82.96,-29.28,-58.56,14.64,92.72,-102.48,-39.04,92.72,141.52
-78.08,-102.48,-24.4,92.72,-29.28,-63.44,14.64,82.96,-102.48,-43.92,92.72,141.52
-78.08,-112.24,-34.16,97.6,-24.4,-73.2,14.64,92.72,-97.6,-43.92,92.72,126.88
-78.08,-112.24,-34.16,97.6,-24.4,-73.2,14.64,92.72,-97.6,-48.8,92.72,117.12
-87.84,-117.12,-29.28,102.48,-29.28,-73.2,14.64,92.72,-92.72,-48.8,92.72,126.88
-97.6,-117.12,-19.52,107.36,-39.04,-68.32,14.64,82.96,-92.72,-53.68,92.72,136.64
-112.24,-122,-9.76,117.12,-53.68,-68.32,14.64,82.96,-97.6,-58.56,92.72,126.88
-112.24,-117.12,-4.88,117.12,-53.68,-63.44,4.88,73.2,-107.36,-68.32,82.96,107.36
-97.6,-112.24,-14.64,107.36,-43.92,-63.44,4.88,82.96,-117.12,-63.44,82.96,107.36
-78.08,-102.48,-24.4,92.72,-29.28,-63.44,9.76,82.96,-122,-63.44,92.72,117.12
-58.56,-78.08,-19.52,68.32,-19.52,-48.8,9.76,68.32,-131.76,-73.2,92.72,126.88
-53.68,-87.84,-34.16,73.2,-9.76,-63.44,0,58.56,-141.52,-87.84,87.84,107.36
-73.2,-92.72,-19.52,82.96,-29.28,-58.56,0,58.56,-136.64,-87.84,82.96,102.48
-73.2,-102.48,-29.28,87.84,-24.4,-68.32,4.88,63.44,-131.76,-82.96,78.08,102.48
-82.96,-102.48,-19.52,92.72,-34.16,-63.44,4.88,68.32,-122,-78.08,68.32,102.48
-97.6,-102.48,-4.88,102.48,-48.8,-53.68,4.88,82.96,-131.76,-68.32,78.08,112.24
-112.24,-102.48,9.76,107.36,-63.44,-48.8,4.88,82.96,-126.88,-68.32,82.96,117.12
-97.6,-102.48,-4.88,102.48,-48.8,-53.68,4.88,82.96,-126.88,-73.2,82.96,112.24
-78.08,-102.48,-24.4,92.72,-29.28,-63.44,4.88,78.08,-136.64,-78.08,87.84,117.12
-78.08,-97.6,-19.52,87.84,-29.28,-58.56,0,68.32,-131.76,-68.32,78.08,117.12
-87.84,-82.96,4.88,87.84,-48.8,-39.04,-4.88,68.32,-131.76,-68.32,82.96,107.36
-73.2,-78.08,-4.88,78.08,-34.16,-43.92,-4.88,68.32,-141.52,-73.2,82.96,102.48
-73.2,-73.2,0,73.2,-39.04,-39.04,4.88,68.32,-131.76,-73.2,82.96,92.72
-78.08,-87.84,-9.76,82.96,-34.16,-48.8,4.88,63.44,-131.76,-82.96,92.72,102.48
-73.2,-53.68,19.52,63.44,-48.8,-19.52,9.76,73.2,-131.76,-82.96,92.72,107.36
-53.68,-29.28,24.4,43.92,-39.04,-4.88,14.64,78.08,-126.88,-78.08,92.72,107.36
-58.56,-19.52,39.04,39.04,-48.8,9.76,14.64,78.08,-126.88,-78.08,92.72,107.36
-73.2,-53.68,19.52,63.44,-48.8,-19.52,4.88,78.08,-126.88,-58.56,97.6,122
-63.44,-58.56,4.88,63.44,-34.16,-29.28,0,78.08,-136.64,-68.32,102.48,122
-63.44,-63.44,0,63.44,-34.16,-34.16,0,78.08,-136.64,-68.32,107.36,117.12
-68.32,-68.32,0,68.32,-34.16,-34.16,0,78.08,-131.76,-68.32,92.72,117.12
-73.2,-68.32,4.88,73.2,-39.04,-34.16,14.64,82.96,-126.88,-58.56,92.72,131.76
-78.08,-87.84,-9.76,82.96,-34.16,-48.8,19.52,87.84,-122,-58.56,97.6,131.76
-87.84,-97.6,-9.76,92.72,-39.04,-53.68,29.28,97.6,-117.12,-58.56,117.12,131.76
-92.72,-92.72,0,92.72,-48.8,-48.8,39.04,107.36,-112.24,-48.8,126.88,122
-78.08,-78.08,0,78.08,-39.04,-39.04,24.4,102.48,-112.24,-58.56,126.88,126.88
-73.2,-73.2,0,73.2,-39.04,-39.04,19.52,102.48,-117.12,-63.44,131.76,126.88
-58.56,-73.2,-14.64,68.32,-24.4,-43.92,19.52,92.72,-117.12,-63.44,122,122
-53.68,-68.32,-14.64,63.44,-19.52,-43.92,14.64,82.96,-122,-68.32,107.36,112.24
-53.68,-73.2,-19.52,63.44,-19.52,-48.8,9.76,73.2,-117.12,-68.32,112.24,107.36
-63.44,-92.72,-29.28,78.08,-19.52,-63.44,9.76,78.08,-122,-63.44,112.24,122
-63.44,-97.6,-34.16,82.96,-14.64,-68.32,9.76,97.6,-122,-58.56,117.12,126.88
-58.56,-92.72,-34.16,78.08,-14.64,-63.44,9.76,102.48,-117.12,-48.8,126.88,131.76
-48.8,-107.36,-58.56,78.08,4.88,-82.96,19.52,92.72,-117.12,-58.56,126.88,117.12
-68.32,-107.36,-39.04,87.84,-14.64,-73.2,19.52,92.72,-117.12,-63.44,122,117.12
-68.32,-87.84,-19.52,78.08,-24.4,-53.68,19.52,92.72,-117.12,-63.44,117.12,117.12
-63.44,-87.84,-24.4,78.08,-19.52,-58.56,19.52,97.6,-117.12,-58.56,117.12,117.12
-58.56,-92.72,-34.16,78.08,-14.64,-63.44,19.52,87.84,-122,-63.44,112.24,107.36
-63.44,-102.48,-39.04,82.96,-14.64,-73.2,14.64,92.72,-117.12,-63.44,117.12,112.24
-73.2,-117.12,-43.92,97.6,-14.64,-82.96,9.76,107.36,-117.12,-68.32,117.12,126.88
-82.96,-126.88,-43.92,107.36,-19.52,-87.84,4.88,92.72,-122,-73.2,112.24,126.88
-97.6,-117.12,-19.52,107.36,-39.04,-68.32,19.52,102.48,-112.24,-63.44,126.88,131.76
-97.6,-112.24,-14.64,107.36,-43.92,-63.44,24.4,107.36,-117.12,-58.56,136.64,136.64
-102.48,-92.72,9.76,97.6,-58.56,-43.92,29.28,107.36,-117.12,-58.56,146.4,136.64
-92.72,-92.72,0,92.72,-48.8,-48.8,34.16,102.48,-122,-58.56,151.28,136.64
-97.6,-82.96,14.64,92.72,-58.56,-34.16,19.52,92.72,-126.88,-68.32,136.64,126.88
-92.72,-78.08,14.64,87.84,-53.68,-34.16,9.76,92.72,-126.88,-68.32,136.64,131.76
-92.72,-73.2,19.52,82.96,-58.56,-29.28,4.88,97.6,-122,-68.32,136.64,131.76
-97.6,-78.08,19.52,87.84,-58.56,-29.28,4.88,97.6,-122,-68.32,141.52,126.88
-68.32,-97.6,-29.28,82.96,-19.52,-63.44,-4.88,97.6,-131.76,-68.32,141.52,126.88
-68.32,-97.6,-29.28,82.96,-19.52,-63.44,0,87.84,-126.88,-68.32,146.4,117.12
-78.08,-87.84,-9.76,82.96,-34.16,-48.8,9.76,97.6,-117.12,-58.56,151.28,122
-87.84,-87.84,0,87.84,-43.92,-43.92,9.76,97.6,-117.12,-58.56,156.16,126.88
-97.6,-87.84,9.76,92.72,-53.68,-39.04,9.76,97.6,-117.12,-58.56,161.04,131.76
-107.36,-87.84,19.52,97.6,-63.44,-34.16,9.76,97.6,-117.12,-58.56,165.92,136.64
-97.6,-68.32,29.28,82.96,-63.44,-19.52,19.52,97.6,-107.36,-48.8,156.16,131.76
-87.84,-53.68,34.16,73.2,-63.44,-9.76,24.4,97.6,-117.12,-48.8,161.04,136.64
-73.2,-43.92,29.28,58.56,-53.68,-9.76,24.4,92.72,-107.36,-48.8,161.04,141.52
-63.44,-34.16,29.28,48.8,-48.8,-4.88,24.4,92.72,-107.36,-43.92,161.04,146.4
-53.68,-34.16,19.52,43.92,-39.04,-9.76,29.28,97.6,-102.48,-29.28,165.92,146.4
-48.8,-34.16,14.64,43.92,-34.16,-9.76,34.16,102.48,-102.48,-29.28,170.8,151.28
-48.8,-43.92,4.88,48.8,-29.28,-19.52,43.92,107.36,-102.48,-34.16,180.56,161.04
-48.8,-58.56,-9.76,53.68,-19.52,-34.16,48.8,112.24,-102.48,-39.04,185.44,161.04
-48.8,-58.56,-9.76,53.68,-19.52,-34.16,39.04,102.48,-112.24,-43.92,175.68,161.04
-48.8,-43.92,4.88,48.8,-29.28,-19.52,34.16,97.6,-112.24,-48.8,175.68,156.16
-48.8,-34.16,14.64,43.92,-34.16,-9.76,29.28,92.72,-126.88,-58.56,175.68,141.52
-53.68,-43.92,9.76,48.8,-34.16,-19.52,24.4,87.84,-126.88,-63.44,170.8,131.76
-53.68,-48.8,4.88,53.68,-29.28,-24.4,24.4,87.84,-126.88,-48.8,180.56,136.64
-53.68,-53.68,0,53.68,-29.28,-29.28,34.16,92.72,-122,-48.8,185.44,141.52
-39.04,-53.68,-14.64,48.8,-14.64,-34.16,39.04,97.6,-107.36,-43.92,190.32,151.28
-39.04,-58.56,-19.52,48.8,-9.76,-39.04,39.04,97.6,-107.36,-43.92,190.32,156.16
-43.92,-73.2,-29.28,58.56,-9.76,-53.68,43.92,107.36,-107.36,-34.16,200.08,161.04
-53.68,-68.32,-14.64,63.44,-19.52,-43.92,43.92,97.6,-107.36,-29.28,200.08,165.92
-58.56,-63.44,-4.88,63.44,-29.28,-34.16,58.56,107.36,-102.48,-19.52,204.96,170.8
-63.44,-68.32,-4.88,68.32,-29.28,-39.04,68.32,117.12,-97.6,-19.52,214.72,180.56
-53.68,-53.68,0,53.68,-29.28,-29.28,63.44,102.48,-102.48,-34.16,200.08,170.8
-48.8,-34.16,14.64,43.92,-34.16,-9.76,53.68,92.72,-107.36,-39.04,195.2,165.92
-48.8,-14.64,34.16,34.16,-43.92,9.76,48.8,87.84,-117.12,-43.92,190.32,156.16
-39.04,9.76,48.8,14.64,-43.92,29.28,43.92,82.96,-122,-48.8,190.32,146.4
-43.92,9.76,53.68,19.52,-48.8,29.28,58.56,92.72,-102.48,-43.92,200.08,156.16
-43.92,19.52,63.44,14.64,-53.68,39.04,58.56,97.6,-102.48,-34.16,200.08,165.92
-48.8,19.52,68.32,14.64,-58.56,43.92,58.56,117.12,-97.6,-24.4,209.84,180.56
-48.8,9.76,58.56,19.52,-53.68,34.16,53.68,117.12,-87.84,-9.76,214.72,185.44
-34.16,-4.88,29.28,19.52,-34.16,9.76,48.8,107.36,-87.84,-9.76,224.48,190.32
-24.4,-14.64,9.76,19.52,-19.52,-4.88,34.16,97.6,-87.84,-9.76,214.72,190.32
-14.64,-19.52,-4.88,19.52,-4.88,-14.64,34.16,107.36,-87.84,-9.76,214.72,195.2
9.76,-9.76,-19.52,0,14.64,-14.64,39.04,107.36,-82.96,-4.88,219.6,204.96
9.76,19.52,9.76,-14.64,0,14.64,48.8,117.12,-68.32,14.64,239.12,219.6
9.76,39.04,29.28,-24.4,-9.76,34.16,58.56,131.76,-58.56,19.52,244,229.36
14.64,39.04,24.4,-24.4,-4.88,29.28,58.56,131.76,-53.68,19.52,248.88,229.36
19.52,48.8,29.28,-34.16,-4.88,39.04,48.8,117.12,-58.56,14.64,248.88,229.36
19.52,48.8,29.28,-34.16,-4.88,39.04,34.16,102.48,-78.08,0,234.24,214.72
14.64,43.92,29.28,-29.28,-9.76,34.16,29.28,97.6,-87.84,-14.64,229.36,209.84
14.64,48.8,34.16,-29.28,-9.76,39.04,19.52,87.84,-97.6,-19.52,224.48,200.08
9.76,53.68,43.92,-29.28,-19.52,48.8,9.76,73.2,-107.36,-29.28,214.72,190.32
-4.88,14.64,19.52,-4.88,-14.64,14.64,9.76,78.08,-102.48,-24.4,224.48,190.32
-19.52,-14.64,4.88,19.52,-14.64,-4.88,9.76,73.2,-102.48,-29.28,219.6,185.44
-24.4,-29.28,-4.88,29.28,-9.76,-19.52,-4.88,63.44,-112.24,-34.16,214.72,175.68
-29.28,-29.28,0,29.28,-14.64,-14.64,-14.64,63.44,-126.88,-48.8,200.08,170.8
-14.64,-29.28,-14.64,24.4,0,-24.4,-4.88,53.68,-117.12,-48.8,209.84,175.68
-9.76,-43.92,-34.16,29.28,9.76,-39.04,-4.88,53.68,-122,-53.68,200.08,170.8
-24.4,-58.56,-34.16,43.92,4.88,-48.8,0,58.56,-122,-53.68,200.08,170.8
-29.28,-68.32,-39.04,48.8,4.88,-53.68,9.76,63.44,-122,-48.8,209.84,170.8
-29.28,-58.56,-29.28,43.92,0,-43.92,4.88,63.44,-122,-48.8,219.6,180.56
-34.16,-53.68,-19.52,43.92,-9.76,-39.04,4.88,63.44,-126.88,-58.56,209.84,170.8
-34.16,-68.32,-34.16,53.68,0,-53.68,4.88,63.44,-131.76,-63.44,200.08,165.92
-48.8,-73.2,-24.4,63.44,-14.64,-48.8,0,53.68,-136.64,-63.44,200.08,161.04
-48.8,-73.2,-24.4,63.44,-14.64,-48.8,9.76,58.56,-141.52,-73.2,185.44,151.28
-43.92,-73.2,-29.28,58.56,-9.76,-53.68,9.76,53.68,-141.52,-78.08,180.56,151.28
-43.92,-78.08,-34.16,63.44,-4.88,-58.56,0,43.92,-151.28,-82.96,180.56,146.4
-39.04,-78.08,-39.04,58.56,0,-58.56,-4.88,43.92,-161.04,-87.84,175.68,141.52
-48.8,-82.96,-34.16,68.32,-9.76,-58.56,0,39.04,-161.04,-87.84,170.8,141.52
-63.44,-92.72,-29.28,78.08,-19.52,-63.44,0,29.28,-165.92,-92.72,175.68,141.52
-78.08,-97.6,-19.52,87.84,-29.28,-58.56,0,24.4,-165.92,-92.72,180.56,146.4
-92.72,-112.24,-19.52,102.48,-39.04,-68.32,4.88,24.4,-170.8,-102.48,180.56,146.4
-87.84,-122,-34.16,107.36,-29.28,-78.08,-4.88,19.52,-180.56,-112.24,175.68,141.52
-82.96,-126.88,-43.92,107.36,-19.52,-87.84,-14.64,14.64,-175.68,-107.36,170.8,136.64
-92.72,-126.88,-34.16,112.24,-29.28,-82.96,-24.4,9.76,-175.68,-107.36,165.92,131.76
-97.6,-141.52,-43.92,122,-29.28,-92.72,-34.16,4.88,-175.68,-107.36,161.04,126.88
-102.48,-126.88,-24.4,117.12,-39.04,-78.08,-24.4,4.88,-180.56,-112.24,141.52,126.88
-82.96,-107.36,-24.4,97.6,-29.28,-68.32,-24.4,4.88,-185.44,-117.12,131.76,126.88
-73.2,-87.84,-14.64,82.96,-29.28,-53.68,-24.4,4.88,-190.32,-122,122,126.88
-68.32,-82.96,-14.64,78.08,-29.28,-48.8,-34.16,-4.88,-204.96,-131.76,107.36,122
-63.44,-82.96,-19.52,73.2,-24.4,-53.68,-34.16,9.76,-190.32,-122,97.6,122
-68.32,-92.72,-24.4,82.96,-24.4,-58.56,-29.28,14.64,-185.44,-117.12,87.84,126.88
-68.32,-87.84,-19.52,78.08,-24.4,-53.68,-19.52,19.52,-180.56,-112.24,78.08,131.76
-58.56,-82.96,-24.4,73.2,-19.52,-53.68,-14.64,24.4,-175.68,-107.36,68.32,136.64
-58.56,-97.6,-39.04,78.08,-9.76,-68.32,-19.52,24.4,-175.68,-107.36,48.8,136.64
-53.68,-97.6,-43.92,78.08,-4.88,-73.2,-24.4,24.4,-175.68,-107.36,39.04,136.64
-53.68,-112.24,-58.56,82.96,0,-87.84,-29.28,24.4,-175.68,-107.36,29.28,136.64
-63.44,-146.4,-82.96,107.36,9.76,-117.12,-34.16,24.4,-175.68,-107.36,24.4,136.64
-63.44,-136.64,-73.2,102.48,4.88,-107.36,-24.4,19.52,-180.56,-122,24.4,126.88
-63.44,-131.76,-68.32,97.6,0,-102.48,-24.4,14.64,-185.44,-126.88,19.52,126.88
-53.68,-122,-68.32,87.84,4.88,-97.6,-24.4,9.76,-190.32,-126.88,9.76,126.88
-53.68,-117.12,-63.44,87.84,4.88,-92.72,-24.4,9.76,-190.32,-131.76,0,126.88
-58.56,-112.24,-53.68,87.84,-4.88,-82.96,-14.64,14.64,-185.44,-117.12,4.88,131.76
-58.56,-117.12,-58.56,87.84,0,-87.84,-9.76,24.4,-180.56,-112.24,9.76,136.64
-53.68,-117.12,-63.44,87.84,4.88,-92.72,-4.88,29.28,-180.56,-112.24,14.64,136.64
-43.92,-102.48,-58.56,73.2,4.88,-82.96,-4.88,34.16,-175.68,-107.36,19.52,136.64
-43.92,-122,-78.08,82.96,14.64,-102.48,-14.64,34.16,-175.68,-107.36,4.88,136.64
-43.92,-117.12,-73.2,82.96,14.64,-97.6,-14.64,29.28,-170.8,-107.36,4.88,141.52
-34.16,-122,-87.84,78.08,24.4,-107.36,-14.64,29.28,-170.8,-107.36,4.88,141.52
-29.28,-126.88,-97.6,78.08,34.16,-112.24,-9.76,34.16,-170.8,-107.36,4.88,141.52
-87.84,-146.4,-58.56,117.12,-14.64,-102.48,-24.4,24.4,-204.96,-136.64,-24.4,107.36
-87.84,-156.16,-68.32,122,-9.76,-112.24,-43.92,9.76,-224.48,-165.92,-43.92,82.96
-107.36,-151.28,-43.92,131.76,-34.16,-97.6,-9.76,53.68,-204.96,-136.64,-19.52,102.48
-122,-141.52,-19.52,131.76,-53.68,-82.96,39.04,107.36,-156.16,-87.84,19.52,141.52
-92.72,-126.88,-34.16,112.24,-29.28,-82.96,63.44,141.52,-131.76,-78.08,19.52,141.52
-43.92,-112.24,-68.32,78.08,9.76,-92.72,68.32,185.44,-117.12,-68.32,9.76,126.88
-14.64,-102.48,-87.84,58.56,34.16,-97.6,102.48,278.16,-63.44,-29.28,29.28,146.4
-39.04,-68.32,-29.28,53.68,-4.88,-48.8,146.4,405.04,29.28,43.92,78.08,195.2
-48.8,0,48.8,24.4,-48.8,24.4,190.32,522.16,141.52,146.4,156.16,253.76
19.52,82.96,63.44,-48.8,-24.4,73.2,209.84,639.28,248.88,253.76,248.88,322.08
107.36,131.76,24.4,-117.12,39.04,78.08,224.48,766.16,341.6,356.24,317.2,385.52
131.76,136.64,4.88,-131.76,63.44,68.32,214.72,897.92,444.08,463.6,400.16,453.84
161.04,204.96,43.92,-180.56,58.56,122,214.72,1029.68,566.08,595.36,497.76,531.92
200.08,307.44,107.36,-253.76,43.92,204.96,209.84,1137.04,707.6,736.88,600.24,624.64
258.64,361.12,102.48,-307.44,78.08,229.36,141.52,1117.52,800.32,849.12,697.84,722.24
322.08,366,43.92,-341.6,136.64,204.96,9.76,961.36,858.88,936.96,785.68,800.32
385.52,361.12,-24.4,-370.88,204.96,165.92,-141.52,805.2,883.28,985.76,839.36,863.76
453.84,356.24,-97.6,-405.04,273.28,126.88,-297.68,678.32,883.28,995.52,849.12,863.76
492.88,331.84,-161.04,-409.92,326.96,82.96,-385.52,639.28,893.04,1015.04,834.48,844.24
448.96,307.44,-141.52,-375.76,292.8,82.96,-414.8,590.48,893.04,1005.28,805.2,824.72
380.64,263.52,-117.12,-322.08,248.88,73.2,-458.72,424.56,785.68,907.68,746.64,775.92
297.68,180.56,-117.12,-239.12,204.96,29.28,-478.24,258.64,580.72,712.48,600.24,653.92
224.48,82.96,-141.52,-151.28,180.56,-29.28,-478.24,151.28,331.84,444.08,380.64,478.24
151.28,-4.88,-156.16,-73.2,151.28,-82.96,-478.24,63.44,117.12,204.96,185.44,312.32
78.08,-48.8,-126.88,-14.64,102.48,-87.84,-488,-78.08,-58.56,19.52,43.92,200.08
14.64,-117.12,-131.76,53.68,73.2,-126.88,-444.08,-248.88,-253.76,-151.28,-68.32,122
-19.52,-161.04,-141.52,92.72,58.56,-151.28,-395.28,-385.52,-395.28,-273.28,-131.76,68.32
-29.28,-175.68,-146.4,102.48,58.56,-161.04,-351.36,-370.88,-414.8,-302.56,-146.4,58.56
-24.4,-195.2,-170.8,112.24,73.2,-185.44,-317.2,-248.88,-356.24,-268.4,-122,68.32
-4.88,-209.84,-204.96,107.36,97.6,-209.84,-292.8,-161.04,-322.08,-239.12,-112.24,63.44
4.88,-229.36,-234.24,112.24,117.12,-234.24,-278.16,-156.16,-326.96,-248.88,-112.24,53.68
-4.88,-219.6,-214.72,112.24,102.48,-219.6,-253.76,-141.52,-297.68,-229.36,-97.6,53.68
-14.64,-214.72,-200.08,117.12,92.72,-209.84,-195.2,-82.96,-258.64,-185.44,-68.32,78.08
-9.76,-219.6,-209.84,117.12,97.6,-214.72,-136.64,-39.04,-229.36,-151.28,-48.8,97.6
4.88,-214.72,-219.6,107.36,112.24,-219.6,-117.12,-29.28,-219.6,-151.28,-43.92,97.6
14.64,-185.44,-200.08,87.84,107.36,-195.2,-97.6,-24.4,-224.48,-151.28,-53.68,102.48
19.52,-175.68,-195.2,78.08,107.36,-185.44,-78.08,-4.88,-214.72,-151.28,-43.92,107.36
-14.64,-165.92,-151.28,92.72,68.32,-161.04,-48.8,9.76,-195.2,-141.52,-29.28,131.76
-43.92,-131.76,-87.84,87.84,19.52,-112.24,-43.92,14.64,-200.08,-141.52,-24.4,131.76
-58.56,-126.88,-68.32,92.72,4.88,-97.6,-48.8,19.52,-204.96,-151.28,-29.28,122
-68.32,-126.88,-58.56,97.6,-4.88,-92.72,-34.16,29.28,-190.32,-122,-14.64,136.64
-78.08,-97.6,-19.52,87.84,-29.28,-58.56,-24.4,29.28,-170.8,-82.96,-4.88,146.4
-68.32,-87.84,-19.52,78.08,-24.4,-53.68,-9.76,29.28,-165.92,-58.56,9.76,165.92
-63.44,-92.72,-29.28,78.08,-19.52,-63.44,4.88,39.04,-156.16,-48.8,9.76,151.28
-58.56,-97.6,-39.04,78.08,-9.76,-68.32,9.76,53.68,-151.28,-43.92,9.76,146.4
-53.68,-107.36,-53.68,82.96,0,-82.96,9.76,58.56,-151.28,-43.92,4.88,146.4
-58.56,-107.36,-48.8,82.96,-4.88,-78.08,19.52,73.2,-146.4,-39.04,-4.88,146.4
-73.2,-126.88,-53.68,102.48,-9.76,-92.72,19.52,73.2,-146.4,-34.16,-4.88,146.4
-92.72,-126.88,-34.16,112.24,-29.28,-82.96,19.52,68.32,-151.28,-39.04,9.76,151.28
-97.6,-122,-24.4,112.24,-39.04,-73.2,14.64,68.32,-156.16,-34.16,9.76,151.28
-78.08,-102.48,-24.4,92.72,-29.28,-63.44,-4.88,53.68,-161.04,-39.04,-4.88,146.4
-73.2,-97.6,-24.4,87.84,-24.4,-63.44,-9.76,43.92,-161.04,-39.04,-4.88,151.28
-73.2,-102.48,-29.28,87.84,-24.4,-68.32,-9.76,39.04,-165.92,-39.04,-4.88,151.28
-73.2,-97.6,-24.4,87.84,-24.4,-63.44,-14.64,34.16,-170.8,-43.92,0,151.28
-73.2,-92.72,-19.52,82.96,-29.28,-58.56,-4.88,48.8,-161.04,-34.16,9.76,161.04
-73.2,-102.48,-29.28,87.84,-24.4,-68.32,9.76,58.56,-151.28,-29.28,9.76,156.16
-73.2,-102.48,-29.28,87.84,-24.4,-68.32,14.64,73.2,-146.4,-24.4,4.88,156.16
-78.08,-92.72,-14.64,87.84,-34.16,-53.68,14.64,78.08,-141.52,-24.4,0,146.4
-68.32,-78.08,-9.76,73.2,-29.28,-43.92,4.88,68.32,-146.4,-34.16,0,146.4
-68.32,-78.08,-9.76,73.2,-29.28,-43.92,4.88,63.44,-146.4,-34.16,4.88,146.4
-53.68,-78.08,-24.4,68.32,-14.64,-53.68,4.88,63.44,-146.4,-34.16,14.64,156.16
-53.68,-73.2,-19.52,63.44,-19.52,-48.8,0,53.68,-141.52,-29.28,14.64,156.16
-43.92,-78.08,-34.16,63.44,-4.88,-58.56,0,53.68,-141.52,-19.52,24.4,165.92
-39.04,-78.08,-39.04,58.56,0,-58.56,0,53.68,-141.52,-19.52,24.4,170.8
-39.04,-82.96,-43.92,63.44,0,-63.44,9.76,68.32,-136.64,-14.64,29.28,170.8
-48.8,-82.96,-34.16,68.32,-9.76,-58.56,19.52,82.96,-131.76,-9.76,34.16,180.56
-68.32,-97.6,-29.28,82.96,-19.52,-63.44,24.4,82.96,-131.76,-9.76,24.4,180.56
-78.08,-97.6,-19.52,87.84,-29.28,-58.56,24.4,82.96,-131.76,-14.64,24.4,170.8
-97.6,-97.6,0,97.6,-48.8,-48.8,29.28,82.96,-131.76,-14.64,24.4,170.8
-107.36,-92.72,14.64,102.48,-63.44,-39.04,29.28,82.96,-131.76,-14.64,24.4,175.68
-82.96,-78.08,4.88,82.96,-43.92,-39.04,39.04,87.84,-126.88,-4.88,34.16,175.68
-78.08,-53.68,24.4,68.32,-53.68,-14.64,39.04,87.84,-126.88,-9.76,34.16,175.68
-73.2,-68.32,4.88,73.2,-39.04,-34.16,29.28,82.96,-126.88,-14.64,29.28,175.68
-73.2,-68.32,4.88,73.2,-39.04,-34.16,29.28,82.96,-122,-14.64,24.4,170.8
-78.08,-68.32,9.76,73.2,-43.92,-29.28,19.52,82.96,-122,-9.76,29.28,175.68
-82.96,-92.72,-9.76,87.84,-39.04,-53.68,24.4,92.72,-122,-4.88,29.28,175.68
-87.84,-102.48,-14.64,97.6,-39.04,-58.56,24.4,102.48,-112.24,-4.88,29.28,175.68
-87.84,-107.36,-19.52,97.6,-34.16,-63.44,24.4,107.36,-112.24,4.88,39.04,180.56
-82.96,-68.32,14.64,78.08,-48.8,-29.28,39.04,117.12,-107.36,9.76,39.04,180.56
-78.08,-73.2,4.88,78.08,-43.92,-34.16,39.04,117.12,-107.36,9.76,43.92,185.44
-73.2,-73.2,0,73.2,-39.04,-39.04,34.16,102.48,-112.24,4.88,39.04,185.44
-82.96,-78.08,4.88,82.96,-43.92,-39.04,29.28,102.48,-112.24,4.88,34.16,180.56
-78.08,-78.08,0,78.08,-39.04,-39.04,34.16,122,-102.48,14.64,43.92,195.2
-48.8,-63.44,-14.64,58.56,-19.52,-39.04,39.04,131.76,-92.72,19.52,48.8,204.96
-24.4,-58.56,-34.16,43.92,4.88,-48.8,39.04,136.64,-87.84,29.28,53.68,214.72
-19.52,-53.68,-34.16,39.04,4.88,-43.92,43.92,146.4,-82.96,34.16,58.56,219.6
-29.28,-53.68,-24.4,43.92,-4.88,-39.04,34.16,141.52,-78.08,39.04,48.8,209.84
-24.4,-39.04,-14.64,34.16,-4.88,-29.28,34.16,146.4,-78.08,39.04,48.8,209.84
-24.4,-24.4,0,24.4,-14.64,-14.64,34.16,146.4,-78.08,39.04,63.44,214.72
-19.52,-34.16,-14.64,29.28,-4.88,-24.4,29.28,141.52,-78.08,39.04,63.44,219.6
-39.04,-24.4,14.64,34.16,-29.28,-4.88,19.52,136.64,-78.08,34.16,53.68,209.84
-43.92,-24.4,19.52,34.16,-34.16,-4.88,4.88,131.76,-82.96,34.16,39.04,200.08
-43.92,-34.16,9.76,39.04,-29.28,-14.64,-4.88,131.76,-82.96,29.28,39.04,200.08
-43.92,-14.64,29.28,29.28,-39.04,4.88,-14.64,126.88,-87.84,24.4,58.56,204.96
-43.92,-29.28,14.64,39.04,-29.28,-9.76,0,126.88,-82.96,39.04,63.44,214.72
-34.16,-34.16,0,34.16,-19.52,-19.52,-9.76,131.76,-82.96,39.04,58.56,214.72
-34.16,-53.68,-19.52,43.92,-9.76,-39.04,-4.88,141.52,-78.08,43.92,63.44,209.84
-34.16,-68.32,-34.16,53.68,0,-53.68,0,146.4,-73.2,43.92,58.56,209.84
-19.52,-48.8,-29.28,34.16,4.88,-39.04,4.88,156.16,-63.44,43.92,58.56,219.6
-19.52,-53.68,-34.16,39.04,4.88,-43.92,9.76,156.16,-63.44,43.92,58.56,224.48
-29.28,-43.92,-14.64,39.04,-9.76,-29.28,9.76,156.16,-63.44,48.8,63.44,229.36
-9.76,-34.16,-24.4,24.4,4.88,-29.28,14.64,156.16,-63.44,53.68,68.32,244
9.76,-14.64,-24.4,4.88,14.64,-19.52,0,136.64,-73.2,43.92,58.56,229.36
24.4,4.88,-19.52,-14.64,19.52,-9.76,-14.64,131.76,-73.2,43.92,58.56,224.48
9.76,0,-9.76,-4.88,9.76,-4.88,-24.4,131.76,-68.32,48.8,68.32,224.48
0,-9.76,-9.76,4.88,4.88,-9.76,-34.16,126.88,-63.44,58.56,73.2,229.36
0,-9.76,-9.76,4.88,4.88,-9.76,-34.16,141.52,-53.68,68.32,78.08,239.12
4.88,-4.88,-9.76,0,4.88,-9.76,-34.16,146.4,-48.8,63.44,78.08,239.12
24.4,0,-24.4,-9.76,24.4,-14.64,-29.28,146.4,-48.8,63.44,97.6,244
29.28,0,-29.28,-14.64,29.28,-14.64,-34.16,141.52,-43.92,63.44,107.36,248.88
9.76,-19.52,-29.28,4.88,19.52,-24.4,-48.8,141.52,-53.68,68.32,102.48,253.76
-14.64,-9.76,4.88,14.64,-9.76,-4.88,-48.8,141.52,-53.68,68.32,107.36,253.76
-9.76,-19.52,-9.76,14.64,0,-14.64,-48.8,141.52,-43.92,78.08,112.24,253.76
-4.88,-34.16,-29.28,19.52,9.76,-34.16,-58.56,136.64,-43.92,82.96,112.24,253.76
19.52,-34.16,-53.68,9.76,34.16,-43.92,-53.68,136.64,-43.92,82.96,112.24,258.64
19.52,-29.28,-48.8,4.88,34.16,-39.04,-53.68,136.64,-43.92,82.96,107.36,263.52
19.52,-29.28,-48.8,4.88,34.16,-39.04,-53.68,146.4,-43.92,82.96,92.72,263.52
19.52,-34.16,-53.68,9.76,34.16,-43.92,-48.8,146.4,-34.16,87.84,107.36,268.4
39.04,-19.52,-58.56,-9.76,48.8,-39.04,-39.04,156.16,-29.28,102.48,126.88,273.28
53.68,4.88,-48.8,-29.28,48.8,-24.4,-48.8,156.16,-34.16,102.48,126.88,283.04
63.44,29.28,-34.16,-43.92,48.8,-4.88,-48.8,146.4,-34.16,92.72,122,283.04
53.68,43.92,-9.76,-48.8,29.28,14.64,-58.56,136.64,-29.28,92.72,122,273.28
48.8,14.64,-34.16,-29.28,39.04,-9.76,-78.08,136.64,-14.64,102.48,126.88,278.16
58.56,9.76,-48.8,-34.16,53.68,-19.52,-63.44,146.4,-9.76,112.24,131.76,287.92
63.44,24.4,-39.04,-43.92,48.8,-9.76,-63.44,146.4,-9.76,117.12,131.76,297.68
73.2,19.52,-53.68,-43.92,63.44,-19.52,-63.44,141.52,-9.76,122,131.76,302.56
73.2,4.88,-68.32,-39.04,68.32,-34.16,-78.08,141.52,-14.64,122,131.76,292.8
73.2,-9.76,-82.96,-29.28,78.08,-48.8,-78.08,141.52,-14.64,126.88,126.88,292.8
73.2,-19.52,-92.72,-24.4,82.96,-58.56,-78.08,136.64,-19.52,131.76,126.88,302.56
73.2,-34.16,-107.36,-19.52,87.84,-73.2,-78.08,131.76,-24.4,131.76,131.76,302.56
48.8,-39.04,-87.84,-4.88,68.32,-63.44,-97.6,117.12,-29.28,117.12,122,297.68
63.44,-9.76,-73.2,-24.4,68.32,-43.92,-102.48,117.12,-34.16,107.36,122,283.04
43.92,9.76,-34.16,-24.4,39.04,-14.64,-102.48,97.6,-39.04,102.48,122,278.16
29.28,24.4,-4.88,-24.4,14.64,9.76,-107.36,97.6,-53.68,107.36,126.88,273.28
29.28,29.28,0,-29.28,14.64,14.64,-112.24,112.24,-53.68,107.36,131.76,283.04
29.28,29.28,0,-29.28,14.64,14.64,-97.6,112.24,-53.68,107.36,136.64,283.04
29.28,34.16,4.88,-29.28,9.76,19.52,-92.72,112.24,-53.68,107.36,136.64,283.04
53.68,63.44,9.76,-58.56,19.52,34.16,-87.84,112.24,-53.68,102.48,131.76,287.92
63.44,43.92,-19.52,-53.68,39.04,9.76,-73.2,131.76,-39.04,117.12,146.4,302.56
48.8,14.64,-34.16,-29.28,39.04,-9.76,-68.32,131.76,-34.16,122,146.4,297.68
48.8,24.4,-24.4,-34.16,34.16,0,-58.56,122,-29.28,126.88,141.52,302.56
48.8,-9.76,-58.56,-19.52,53.68,-34.16,-53.68,122,-24.4,126.88,146.4,297.68
34.16,-19.52,-53.68,-4.88,43.92,-39.04,-63.44,112.24,-24.4,126.88,146.4,307.44
29.28,-24.4,-53.68,0,39.04,-39.04,-63.44,107.36,-34.16,126.88,146.4,302.56
14.64,-24.4,-39.04,4.88,24.4,-34.16,-48.8,107.36,-34.16,131.76,146.4,302.56
4.88,-29.28,-34.16,14.64,19.52,-34.16,-48.8,107.36,-34.16,131.76,141.52,302.56
14.64,-24.4,-39.04,4.88,24.4,-34.16,-58.56,92.72,-34.16,126.88,136.64,283.04
14.64,-19.52,-34.16,4.88,24.4,-29.28,-58.56,92.72,-39.04,126.88,136.64,283.04
4.88,-14.64,-19.52,4.88,9.76,-19.52,-48.8,92.72,-39.04,126.88,136.64,273.28
4.88,4.88,0,-4.88,0,0,-43.92,92.72,-48.8,117.12,136.64,273.28
9.76,14.64,4.88,-9.76,0,9.76,-43.92,87.84,-43.92,117.12,126.88,268.4
9.76,0,-9.76,-4.88,9.76,-4.88,-43.92,87.84,-43.92,112.24,122,268.4
9.76,-9.76,-19.52,0,14.64,-14.64,-39.04,78.08,-48.8,112.24,117.12,258.64
14.64,-9.76,-24.4,0,19.52,-19.52,-39.04,73.2,-53.68,102.48,112.24,253.76
9.76,-24.4,-34.16,9.76,19.52,-29.28,-48.8,68.32,-58.56,97.6,107.36,248.88
9.76,-29.28,-39.04,9.76,24.4,-34.16,-48.8,53.68,-63.44,87.84,102.48,234.24
4.88,-34.16,-39.04,14.64,19.52,-39.04,-43.92,58.56,-63.44,82.96,97.6,229.36
4.88,-43.92,-48.8,19.52,24.4,-48.8,-34.16,63.44,-68.32,78.08,87.84,229.36
-29.28,-34.16,-4.88,34.16,-14.64,-19.52,-19.52,58.56,-68.32,78.08,97.6,239.12
-29.28,-39.04,-9.76,34.16,-9.76,-24.4,-19.52,58.56,-78.08,82.96,82.96,224.48
-29.28,-53.68,-24.4,43.92,-4.88,-39.04,-19.52,58.56,-78.08,73.2,78.08,224.48
-29.28,-58.56,-29.28,43.92,0,-43.92,-19.52,63.44,-78.08,73.2,78.08,234.24
-29.28,-43.92,-14.64,39.04,-9.76,-29.28,-19.52,53.68,-78.08,63.44,78.08,224.48
-43.92,-53.68,-9.76,48.8,-19.52,-34.16,-19.52,53.68,-82.96,68.32,78.08,224.48
-58.56,-58.56,0,58.56,-29.28,-29.28,-14.64,53.68,-82.96,68.32,78.08,204.96
-58.56,-63.44,-4.88,63.44,-29.28,-34.16,-14.64,48.8,-82.96,58.56,78.08,195.2
-34.16,-53.68,-19.52,43.92,-9.76,-39.04,-9.76,53.68,-97.6,58.56,87.84,204.96
-48.8,-58.56,-9.76,53.68,-19.52,-34.16,-4.88,53.68,-97.6,63.44,87.84,204.96
-53.68,-63.44,-9.76,58.56,-24.4,-39.04,-4.88,48.8,-97.6,63.44,82.96,195.2
-53.68,-63.44,-9.76,58.56,-24.4,-39.04,4.88,48.8,-102.48,68.32,78.08,195.2
-58.56,-58.56,0,58.56,-29.28,-29.28,4.88,43.92,-97.6,73.2,78.08,200.08
-53.68,-43.92,9.76,48.8,-34.16,-19.52,4.88,43.92,-102.48,68.32,82.96,200.08
-53.68,-48.8,4.88,53.68,-29.28,-24.4,4.88,34.16,-102.48,63.44,87.84,200.08
-48.8,-53.68,-4.88,53.68,-24.4,-29.28,4.88,43.92,-97.6,63.44,92.72,185.44
-19.52,-53.68,-34.16,39.04,4.88,-43.92,24.4,34.16,-97.6,68.32,97.6,185.44
-19.52,-48.8,-29.28,34.16,4.88,-39.04,24.4,34.16,-92.72,68.32,92.72,195.2
-19.52,-39.04,-19.52,29.28,0,-29.28,24.4,24.4,-92.72,63.44,87.84,204.96
-24.4,-34.16,-9.76,29.28,-9.76,-24.4,24.4,24.4,-97.6,58.56,82.96,195.2
-63.44,-58.56,4.88,63.44,-34.16,-29.28,0,19.52,-112.24,53.68,63.44,175.68
-68.32,-63.44,4.88,68.32,-39.04,-29.28,-4.88,24.4,-117.12,53.68,63.44,175.68
-68.32,-63.44,4.88,68.32,-39.04,-29.28,-4.88,19.52,-117.12,48.8,73.2,185.44
-68.32,-48.8,19.52,58.56,-43.92,-14.64,-9.76,0,-122,34.16,73.2,195.2
-43.92,-48.8,-4.88,48.8,-19.52,-29.28,-9.76,-9.76,-126.88,29.28,68.32,175.68
-63.44,-53.68,9.76,58.56,-39.04,-24.4,-9.76,-9.76,-126.88,29.28,63.44,170.8
-63.44,-63.44,0,63.44,-34.16,-34.16,-4.88,-4.88,-126.88,34.16,58.56,170.8
-73.2,-63.44,9.76,68.32,-43.92,-29.28,-4.88,0,-122,39.04,48.8,170.8
-58.56,-63.44,-4.88,63.44,-29.28,-34.16,9.76,19.52,-117.12,53.68,53.68,190.32
-63.44,-63.44,0,63.44,-34.16,-34.16,14.64,24.4,-107.36,58.56,63.44,195.2
-39.04,-63.44,-24.4,53.68,-9.76,-43.92,19.52,29.28,-102.48,58.56,68.32,190.32
-9.76,-63.44,-53.68,39.04,19.52,-58.56,24.4,29.28,-107.36,58.56,78.08,195.2
-34.16,-78.08,-43.92,58.56,4.88,-63.44,14.64,24.4,-112.24,48.8,73.2,200.08
-48.8,-73.2,-24.4,63.44,-14.64,-48.8,4.88,19.52,-112.24,48.8,73.2,185.44
-39.04,-78.08,-39.04,58.56,0,-58.56,0,14.64,-122,43.92,68.32,175.68
-43.92,-82.96,-39.04,63.44,-4.88,-63.44,4.88,9.76,-112.24,43.92,63.44,161.04
-58.56,-97.6,-39.04,78.08,-9.76,-68.32,4.88,4.88,-112.24,53.68,73.2,175.68
-63.44,-73.2,-9.76,68.32,-29.28,-43.92,9.76,14.64,-112.24,53.68,73.2,185.44
-53.68,-58.56,-4.88,58.56,-24.4,-34.16,14.64,19.52,-107.36,58.56,73.2,190.32
-68.32,-58.56,9.76,63.44,-39.04,-24.4,14.64,19.52,-107.36,58.56,73.2,195.2
-78.08,-73.2,4.88,78.08,-43.92,-34.16,4.88,19.52,-107.36,58.56,78.08,190.32
-63.44,-68.32,-4.88,68.32,-29.28,-39.04,0,19.52,-117.12,48.8,82.96,190.32
-58.56,-63.44,-4.88,63.44,-29.28,-34.16,0,19.52,-117.12,48.8,87.84,185.44
-58.56,-58.56,0,58.56,-29.28,-29.28,0,19.52,-112.24,48.8,73.2,185.44
-68.32,-53.68,14.64,63.44,-43.92,-19.52,9.76,0,-112.24,48.8,68.32,190.32
-68.32,-68.32,0,68.32,-34.16,-34.16,9.76,0,-112.24,48.8,68.32,190.32
-73.2,-73.2,0,73.2,-39.04,-39.04,14.64,4.88,-112.24,48.8,82.96,190.32
-73.2,-63.44,9.76,68.32,-43.92,-29.28,19.52,9.76,-112.24,58.56,87.84,180.56
-73.2,-68.32,4.88,73.2,-39.04,-34.16,19.52,14.64,-112.24,53.68,92.72,200.08
-73.2,-73.2,0,73.2,-39.04,-39.04,19.52,24.4,-107.36,53.68,102.48,204.96
-63.44,-82.96,-19.52,73.2,-24.4,-53.68,24.4,24.4,-97.6,58.56,97.6,204.96
-63.44,-87.84,-24.4,78.08,-19.52,-58.56,24.4,24.4,-92.72,58.56,87.84,200.08
-68.32,-97.6,-29.28,82.96,-19.52,-63.44,9.76,0,-92.72,53.68,87.84,180.56
-82.96,-112.24,-29.28,97.6,-29.28,-73.2,9.76,0,-102.48,53.68,82.96,190.32
-87.84,-112.24,-24.4,102.48,-34.16,-68.32,9.76,14.64,-107.36,53.68,82.96,190.32
-87.84,-102.48,-14.64,97.6,-39.04,-58.56,9.76,14.64,-107.36,58.56,87.84,190.32
-63.44,-97.6,-34.16,82.96,-14.64,-68.32,19.52,14.64,-107.36,48.8,87.84,195.2
-78.08,-78.08,0,78.08,-39.04,-39.04,19.52,14.64,-107.36,43.92,82.96,195.2
-73.2,-39.04,34.16,58.56,-53.68,-4.88,19.52,14.64,-107.36,43.92,78.08,195.2
-63.44,-19.52,43.92,43.92,-53.68,9.76,19.52,19.52,-107.36,48.8,78.08,195.2
-53.68,-29.28,24.4,43.92,-39.04,-4.88,29.28,29.28,-102.48,53.68,92.72,204.96
-53.68,-43.92,9.76,48.8,-34.16,-19.52,34.16,34.16,-87.84,63.44,97.6,209.84
-58.56,-63.44,-4.88,63.44,-29.28,-34.16,39.04,48.8,-78.08,68.32,97.6,224.48
-63.44,-78.08,-14.64,73.2,-24.4,-48.8,43.92,34.16,-73.2,73.2,92.72,224.48
-53.68,-29.28,24.4,43.92,-39.04,-4.88,34.16,34.16,-82.96,73.2,102.48,209.84
-87.84,-43.92,43.92,68.32,-68.32,0,24.4,19.52,-87.84,58.56,97.6,204.96
-87.84,-24.4,63.44,58.56,-78.08,19.52,24.4,19.52,-87.84,48.8,92.72,204.96
-34.16,14.64,48.8,9.76,-43.92,29.28,24.4,24.4,-102.48,48.8,92.72,214.72
-29.28,-9.76,19.52,19.52,-24.4,4.88,9.76,19.52,-107.36,39.04,78.08,204.96
-39.04,-24.4,14.64,34.16,-29.28,-4.88,0,9.76,-107.36,48.8,78.08,195.2
-48.8,-39.04,9.76,43.92,-29.28,-14.64,0,9.76,-107.36,48.8,78.08,195.2
-58.56,-53.68,4.88,58.56,-34.16,-24.4,0,9.76,-107.36,48.8,78.08,195.2
-68.32,-68.32,0,68.32,-34.16,-34.16,0,9.76,-107.36,48.8,78.08,195.2
-53.68,-53.68,0,53.68,-29.28,-29.28,9.76,14.64,-102.48,58.56,82.96,190.32
-48.8,-43.92,4.88,48.8,-29.28,-19.52,14.64,19.52,-107.36,58.56,92.72,195.2
-39.04,-39.04,0,39.04,-19.52,-19.52,14.64,19.52,-92.72,58.56,97.6,200.08
-34.16,-34.16,0,34.16,-19.52,-19.52,14.64,24.4,-87.84,63.44,102.48,204.96
-39.04,-24.4,14.64,34.16,-29.28,-4.88,24.4,34.16,-92.72,58.56,92.72,204.96
-39.04,-14.64,24.4,29.28,-34.16,4.88,24.4,34.16,-92.72,58.56,92.72,209.84
-43.92,-14.64,29.28,29.28,-39.04,4.88,29.28,34.16,-92.72,53.68,97.6,219.6
-48.8,-19.52,29.28,34.16,-39.04,4.88,29.28,34.16,-92.72,48.8,97.6,219.6
-53.68,-39.04,14.64,48.8,-34.16,-14.64,29.28,29.28,-92.72,48.8,97.6,214.72
-58.56,-24.4,34.16,43.92,-48.8,4.88,24.4,29.28,-92.72,48.8,97.6,214.72
-63.44,-14.64,48.8,39.04,-58.56,14.64,19.52,29.28,-107.36,43.92,97.6,204.96
-73.2,-24.4,48.8,48.8,-63.44,9.76,14.64,29.28,-107.36,43.92,92.72,200.08
-63.44,-14.64,48.8,39.04,-58.56,14.64,19.52,39.04,-102.48,58.56,102.48,214.72
-63.44,-14.64,48.8,39.04,-58.56,14.64,34.16,43.92,-92.72,58.56,107.36,219.6
-48.8,-9.76,39.04,29.28,-43.92,14.64,43.92,48.8,-73.2,63.44,112.24,229.36
-48.8,-9.76,39.04,29.28,-43.92,14.64,48.8,48.8,-68.32,63.44,112.24,234.24
-34.16,-29.28,4.88,34.16,-19.52,-14.64,53.68,53.68,-68.32,63.44,122,234.24
-34.16,-29.28,4.88,34.16,-19.52,-14.64,53.68,48.8,-68.32,68.32,122,234.24
-29.28,-29.28,0,29.28,-14.64,-14.64,68.32,63.44,-63.44,78.08,126.88,234.24
-24.4,-39.04,-14.64,34.16,-4.88,-29.28,78.08,78.08,-58.56,78.08,136.64,239.12
-48.8,-58.56,-9.76,53.68,-19.52,-34.16,68.32,78.08,-68.32,68.32,126.88,229.36
-68.32,-63.44,4.88,68.32,-39.04,-29.28,63.44,73.2,-68.32,68.32,126.88,234.24
-92.72,-68.32,24.4,82.96,-58.56,-24.4,63.44,73.2,-73.2,68.32,126.88,234.24
-107.36,-68.32,39.04,87.84,-73.2,-14.64,63.44,73.2,-73.2,68.32,131.76,234.24
-92.72,-43.92,48.8,68.32,-73.2,0,78.08,63.44,-63.44,58.56,131.76,224.48
-82.96,-19.52,63.44,53.68,-73.2,19.52,78.08,68.32,-63.44,63.44,131.76,234.24
-78.08,-4.88,73.2,43.92,-78.08,34.16,78.08,87.84,-58.56,68.32,141.52,248.88
-68.32,0,68.32,34.16,-68.32,34.16,73.2,87.84,-48.8,78.08,146.4,253.76
-48.8,19.52,68.32,14.64,-58.56,43.92,63.44,73.2,-58.56,78.08,151.28,253.76
-43.92,24.4,68.32,9.76,-58.56,43.92,43.92,58.56,-58.56,78.08,136.64,248.88
-39.04,34.16,73.2,4.88,-58.56,53.68,39.04,63.44,-58.56,78.08,131.76,248.88
-19.52,58.56,78.08,-19.52,-48.8,68.32,39.04,58.56,-53.68,82.96,131.76,253.76
4.88,82.96,78.08,-43.92,-39.04,78.08,48.8,68.32,-43.92,102.48,151.28,263.52
9.76,97.6,87.84,-53.68,-39.04,92.72,58.56,82.96,-39.04,107.36,156.16,278.16
19.52,92.72,73.2,-53.68,-29.28,82.96,58.56,82.96,-39.04,107.36,161.04,283.04
29.28,97.6,68.32,-63.44,-19.52,82.96,48.8,68.32,-48.8,102.48,161.04,287.92
24.4,68.32,43.92,-43.92,-9.76,53.68,29.28,58.56,-43.92,92.72,161.04,278.16
24.4,43.92,19.52,-34.16,0,29.28,29.28,58.56,-48.8,82.96,161.04,278.16
29.28,29.28,0,-29.28,14.64,14.64,24.4,53.68,-53.68,82.96,161.04,273.28
29.28,14.64,-14.64,-19.52,19.52,0,19.52,43.92,-58.56,78.08,156.16,268.4
9.76,19.52,9.76,-14.64,0,14.64,9.76,53.68,-63.44,73.2,146.4,258.64
0,14.64,14.64,-4.88,-9.76,14.64,9.76,43.92,-63.44,68.32,141.52,253.76
0,24.4,24.4,-9.76,-14.64,24.4,-4.88,29.28,-73.2,63.44,136.64,244
0,48.8,48.8,-24.4,-24.4,48.8,-14.64,24.4,-87.84,48.8,122,239.12
-9.76,24.4,34.16,-4.88,-24.4,29.28,-14.64,14.64,-87.84,48.8,131.76,234.24
-9.76,4.88,14.64,4.88,-14.64,9.76,-14.64,14.64,-92.72,43.92,122,229.36
-29.28,-14.64,14.64,24.4,-24.4,0,-9.76,19.52,-92.72,43.92,122,229.36
-39.04,-29.28,9.76,34.16,-24.4,-9.76,0,24.4,-92.72,48.8,131.76,229.36
-48.8,-39.04,9.76,43.92,-29.28,-14.64,4.88,24.4,-82.96,58.56,122,239.12
-63.44,-43.92,19.52,53.68,-43.92,-14.64,4.88,24.4,-87.84,48.8,112.24,229.36
-73.2,-68.32,4.88,73.2,-39.04,-34.16,4.88,24.4,-92.72,43.92,102.48,224.48
-97.6,-82.96,14.64,92.72,-58.56,-34.16,0,14.64,-97.6,43.92,102.48,219.6
-87.84,-73.2,14.64,82.96,-53.68,-29.28,0,0,-112.24,24.4,87.84,200.08
-82.96,-73.2,9.76,78.08,-48.8,-34.16,0,-4.88,-112.24,19.52,82.96,200.08
-82.96,-78.08,4.88,82.96,-43.92,-39.04,-9.76,-14.64,-122,14.64,82.96,195.2
-78.08,-78.08,0,78.08,-39.04,-39.04,-14.64,-14.64,-131.76,9.76,78.08,190.32
-58.56,-73.2,-14.64,68.32,-24.4,-43.92,-14.64,-9.76,-122,19.52,73.2,190.32
-53.68,-73.2,-19.52,63.44,-19.52,-48.8,-9.76,-19.52,-126.88,14.64,78.08,190.32
-48.8,-68.32,-19.52,58.56,-14.64,-43.92,-4.88,-24.4,-126.88,14.64,82.96,195.2
-43.92,-73.2,-29.28,58.56,-9.76,-53.68,4.88,-24.4,-131.76,4.88,82.96,195.2
-43.92,-63.44,-19.52,53.68,-14.64,-43.92,4.88,-34.16,-141.52,4.88,82.96,195.2
-43.92,-68.32,-24.4,58.56,-9.76,-48.8,4.88,-34.16,-136.64,9.76,82.96,195.2
-58.56,-68.32,-9.76,63.44,-24.4,-39.04,4.88,-34.16,-136.64,9.76,82.96,195.2
-68.32,-82.96,-14.64,78.08,-29.28,-48.8,4.88,-34.16,-136.64,9.76,82.96,195.2
-87.84,-97.6,-9.76,92.72,-39.04,-53.68,-4.88,-39.04,-146.4,0,73.2,185.44
-82.96,-97.6,-14.64,92.72,-34.16,-58.56,-4.88,-43.92,-146.4,0,73.2,185.44
-87.84,-97.6,-9.76,92.72,-39.04,-53.68,-4.88,-48.8,-146.4,0,73.2,185.44
-97.6,-112.24,-14.64,107.36,-43.92,-63.44,-14.64,-63.44,-156.16,-4.88,68.32,180.56
-87.84,-102.48,-14.64,97.6,-39.04,-58.56,-34.16,-63.44,-156.16,-9.76,68.32,175.68
-87.84,-102.48,-14.64,97.6,-39.04,-58.56,-39.04,-63.44,-156.16,-9.76,68.32,175.68
-82.96,-87.84,-4.88,87.84,-39.04,-48.8,-39.04,-63.44,-156.16,-9.76,68.32,175.68
-68.32,-73.2,-4.88,73.2,-34.16,-39.04,-43.92,-63.44,-156.16,-9.76,68.32,175.68
-63.44,-78.08,-14.64,73.2,-24.4,-48.8,-34.16,-73.2,-156.16,-19.52,78.08,175.68
-63.44,-68.32,-4.88,68.32,-29.28,-39.04,-34.16,-73.2,-156.16,-19.52,78.08,175.68
-68.32,-73.2,-4.88,73.2,-34.16,-39.04,-34.16,-73.2,-156.16,-19.52,78.08,175.68
-82.96,-97.6,-14.64,92.72,-34.16,-58.56,-34.16,-73.2,-156.16,-19.52,82.96,175.68
-92.72,-112.24,-19.52,102.48,-39.04,-68.32,-24.4,-68.32,-151.28,-14.64,92.72,190.32
-92.72,-112.24,-19.52,102.48,-39.04,-68.32,-24.4,-63.44,-146.4,-9.76,97.6,195.2
-82.96,-107.36,-24.4,97.6,-29.28,-68.32,-24.4,-58.56,-141.52,0,97.6,200.08
-82.96,-107.36,-24.4,97.6,-29.28,-68.32,-24.4,-48.8,-131.76,4.88,97.6,204.96
-87.84,-122,-34.16,107.36,-29.28,-78.08,-24.4,-63.44,-141.52,-9.76,82.96,190.32
-87.84,-126.88,-39.04,107.36,-24.4,-82.96,-29.28,-63.44,-151.28,-14.64,78.08,185.44
-82.96,-126.88,-43.92,107.36,-19.52,-87.84,-34.16,-68.32,-165.92,-24.4,73.2,175.68
-73.2,-112.24,-39.04,92.72,-19.52,-78.08,-43.92,-73.2,-175.68,-29.28,68.32,165.92
-78.08,-117.12,-39.04,97.6,-19.52,-78.08,-39.04,-68.32,-170.8,-24.4,78.08,170.8
-82.96,-107.36,-24.4,97.6,-29.28,-68.32,-34.16,-68.32,-161.04,-19.52,82.96,180.56
-78.08,-107.36,-29.28,92.72,-24.4,-68.32,-29.28,-63.44,-156.16,-14.64,87.84,185.44
-78.08,-107.36,-29.28,92.72,-24.4,-68.32,-19.52,-53.68,-151.28,-9.76,92.72,190.32
-58.56,-117.12,-58.56,87.84,0,-87.84,-4.88,-43.92,-136.64,-9.76,102.48,195.2
-87.84,-146.4,-58.56,117.12,-14.64,-102.48,-4.88,-39.04,-146.4,-9.76,92.72,180.56
-78.08,-151.28,-73.2,117.12,-4.88,-112.24,19.52,-4.88,-126.88,9.76,107.36,190.32
-43.92,-82.96,-39.04,63.44,-4.88,-63.44,48.8,39.04,-97.6,39.04,126.88,200.08
-53.68,-29.28,24.4,43.92,-39.04,-4.88,63.44,73.2,-73.2,58.56,126.88,209.84
-63.44,-43.92,19.52,53.68,-43.92,-14.64,87.84,136.64,-48.8,87.84,146.4,214.72
-34.16,-53.68,-19.52,43.92,-9.76,-39.04,131.76,239.12,24.4,136.64,185.44,234.24
-19.52,-19.52,0,19.52,-9.76,-9.76,175.68,356.24,117.12,209.84,244,283.04
-29.28,9.76,39.04,9.76,-34.16,24.4,209.84,473.36,209.84,292.8,302.56,341.6
9.76,24.4,14.64,-14.64,-4.88,19.52,248.88,600.24,317.2,400.16,385.52,409.92
58.56,43.92,-14.64,-48.8,34.16,14.64,273.28,756.4,439.2,531.92,483.12,492.88
102.48,78.08,-24.4,-87.84,63.44,24.4,263.52,897.92,561.2,658.8,575.84,580.72
200.08,175.68,-24.4,-185.44,112.24,73.2,253.76,1019.92,683.2,780.8,663.68,649.04
297.68,346.48,48.8,-322.08,122,195.2,209.84,1078.48,785.68,883.28,727.12,712.48
356.24,448.96,92.72,-400.16,131.76,268.4,92.72,990.64,839.36,966.24,805.2,780.8
370.88,453.84,82.96,-409.92,141.52,268.4,-58.56,805.2,868.64,1024.8,873.52,849.12
414.8,439.2,24.4,-424.56,195.2,229.36,-219.6,629.52,863.76,1054.08,897.92,873.52
492.88,395.28,-97.6,-444.08,292.8,146.4,-366,531.92,863.76,1073.6,907.68,873.52
512.4,331.84,-180.56,-419.68,346.48,73.2,-414.8,522.16,902.8,1102.88,912.56,873.52
419.68,287.92,-131.76,-351.36,273.28,78.08,-414.8,453.84,893.04,1093.12,893.04,863.76
322.08,234.24,-87.84,-278.16,204.96,73.2,-448.96,278.16,756.4,966.24,814.96,805.2
248.88,161.04,-87.84,-204.96,165.92,34.16,-468.48,131.76,551.44,751.52,649.04,683.2
195.2,53.68,-141.52,-122,165.92,-43.92,-448.96,63.44,331.84,522.16,448.96,517.28
141.52,-34.16,-175.68,-53.68,156.16,-107.36,-468.48,-43.92,126.88,302.56,273.28,361.12
97.6,-97.6,-195.2,0,146.4,-146.4,-488,-224.48,-87.84,97.6,122,229.36
34.16,-156.16,-190.32,63.44,112.24,-175.68,-434.32,-395.28,-273.28,-63.44,19.52,141.52
-9.76,-190.32,-180.56,102.48,82.96,-185.44,-395.28,-502.64,-385.52,-165.92,-34.16,97.6
-19.52,-185.44,-165.92,102.48,73.2,-175.68,-390.4,-458.72,-395.28,-195.2,-48.8,78.08
34.16,-195.2,-229.36,82.96,131.76,-214.72,-356.24,-336.72,-326.96,-161.04,-34.16,87.84
53.68,-190.32,-244,68.32,146.4,-219.6,-302.56,-258.64,-283.04,-122,4.88,112.24
4.88,-200.08,-204.96,97.6,102.48,-204.96,-258.64,-224.48,-258.64,-92.72,24.4,131.76
-43.92,-239.12,-195.2,141.52,73.2,-219.6,-224.48,-180.56,-229.36,-63.44,39.04,131.76
-24.4,-263.52,-239.12,146.4,107.36,-253.76,-165.92,-122,-180.56,-19.52,68.32,156.16
19.52,-219.6,-239.12,102.48,126.88,-229.36,-107.36,-78.08,-141.52,24.4,97.6,175.68
14.64,-175.68,-190.32,82.96,102.48,-185.44,-97.6,-68.32,-151.28,24.4,82.96,165.92
-14.64,-195.2,-180.56,107.36,82.96,-190.32,-107.36,-82.96,-175.68,-4.88,73.2,151.28
-29.28,-185.44,-156.16,107.36,63.44,-170.8,-107.36,-92.72,-185.44,-24.4,63.44,146.4
-34.16,-146.4,-112.24,92.72,39.04,-131.76,-97.6,-97.6,-195.2,-34.16,48.8,131.76
-53.68,-141.52,-87.84,97.6,14.64,-117.12,-82.96,-82.96,-180.56,-34.16,63.44,151.28
-68.32,-136.64,-68.32,102.48,0,-102.48,-58.56,-58.56,-146.4,-14.64,87.84,170.8
-78.08,-136.64,-58.56,107.36,-9.76,-97.6,-43.92,-58.56,-141.52,-14.64,92.72,175.68
-87.84,-117.12,-29.28,102.48,-29.28,-73.2,-34.16,-48.8,-141.52,4.88,92.72,185.44
-87.84,-82.96,4.88,87.84,-48.8,-39.04,-14.64,-43.92,-131.76,19.52,112.24,200.08
-92.72,-73.2,19.52,82.96,-58.56,-29.28,4.88,-29.28,-117.12,29.28,117.12,190.32
-97.6,-63.44,34.16,82.96,-68.32,-14.64,14.64,-9.76,-107.36,34.16,122,190.32
-102.48,-58.56,43.92,82.96,-73.2,-9.76,19.52,0,-102.48,34.16,122,195.2
-82.96,-43.92,39.04,63.44,-63.44,-4.88,19.52,-4.88,-107.36,34.16,112.24,195.2
-82.96,-58.56,24.4,73.2,-53.68,-19.52,19.52,-4.88,-107.36,34.16,112.24,195.2
-87.84,-53.68,34.16,73.2,-63.44,-9.76,19.52,-9.76,-112.24,24.4,126.88,200.08
-78.08,-43.92,34.16,63.44,-58.56,-4.88,14.64,-9.76,-117.12,24.4,126.88,200.08
-58.56,-43.92,14.64,53.68,-39.04,-14.64,4.88,-19.52,-107.36,34.16,122,200.08
-53.68,-48.8,4.88,53.68,-29.28,-24.4,0,-24.4,-102.48,39.04,122,209.84
-53.68,-63.44,-9.76,58.56,-24.4,-39.04,0,-24.4,-102.48,43.92,122,214.72
-53.68,-68.32,-14.64,63.44,-19.52,-43.92,-4.88,-24.4,-102.48,43.92,126.88,219.6
-53.68,-63.44,-9.76,58.56,-24.4,-39.04,0,-4.88,-107.36,48.8,126.88,209.84
-53.68,-73.2,-19.52,63.44,-19.52,-48.8,9.76,0,-102.48,48.8,126.88,204.96
-53.68,-73.2,-19.52,63.44,-19.52,-48.8,9.76,9.76,-102.48,48.8,122,204.96
-58.56,-63.44,-4.88,63.44,-29.28,-34.16,4.88,9.76,-102.48,43.92,117.12,195.2
-68.32,-78.08,-9.76,73.2,-29.28,-43.92,9.76,0,-107.36,39.04,107.36,204.96
-78.08,-87.84,-9.76,82.96,-34.16,-48.8,14.64,-4.88,-107.36,34.16,112.24,204.96
-73.2,-97.6,-24.4,87.84,-24.4,-63.44,19.52,-4.88,-107.36,29.28,122,214.72
-82.96,-102.48,-19.52,92.72,-34.16,-63.44,19.52,-14.64,-102.48,29.28,122,214.72
-78.08,-92.72,-14.64,87.84,-34.16,-53.68,29.28,-9.76,-92.72,43.92,126.88,214.72
-68.32,-87.84,-19.52,78.08,-24.4,-53.68,29.28,-4.88,-92.72,48.8,131.76,219.6
-63.44,-87.84,-24.4,78.08,-19.52,-58.56,39.04,14.64,-87.84,58.56,141.52,219.6
-68.32,-82.96,-14.64,78.08,-29.28,-48.8,48.8,34.16,-82.96,68.32,151.28,229.36
-68.32,-82.96,-14.64,78.08,-29.28,-48.8,43.92,29.28,-82.96,58.56,146.4,229.36
-68.32,-78.08,-9.76,73.2,-29.28,-43.92,34.16,24.4,-82.96,53.68,141.52,219.6
-78.08,-73.2,4.88,78.08,-43.92,-34.16,29.28,19.52,-82.96,53.68,136.64,219.6
-78.08,-63.44,14.64,73.2,-48.8,-24.4,19.52,14.64,-82.96,53.68,131.76,224.48
-48.8,-48.8,0,48.8,-24.4,-24.4,9.76,9.76,-87.84,53.68,122,229.36
-48.8,-24.4,24.4,39.04,-39.04,0,9.76,9.76,-87.84,48.8,122,224.48
-48.8,-39.04,9.76,43.92,-29.28,-14.64,0,4.88,-87.84,43.92,117.12,219.6
-53.68,-39.04,14.64,48.8,-34.16,-14.64,0,4.88,-82.96,43.92,112.24,209.84
-58.56,-48.8,9.76,53.68,-34.16,-19.52,14.64,9.76,-78.08,53.68,117.12,219.6
-63.44,-73.2,-9.76,68.32,-29.28,-43.92,24.4,24.4,-73.2,63.44,126.88,224.48
-68.32,-82.96,-14.64,78.08,-29.28,-48.8,29.28,39.04,-58.56,68.32,136.64,229.36
-68.32,-87.84,-19.52,78.08,-24.4,-53.68,34.16,48.8,-53.68,82.96,156.16,239.12
-73.2,-78.08,-4.88,78.08,-34.16,-43.92,48.8,58.56,-48.8,87.84,156.16,248.88
-78.08,-92.72,-14.64,87.84,-34.16,-53.68,48.8,58.56,-48.8,87.84,161.04,253.76
-82.96,-102.48,-19.52,92.72,-34.16,-63.44,43.92,43.92,-53.68,82.96,156.16,253.76
-102.48,-117.12,-14.64,112.24,-43.92,-68.32,39.04,43.92,-53.68,82.96,151.28,248.88
-97.6,-117.12,-19.52,107.36,-39.04,-68.32,34.16,48.8,-48.8,87.84,156.16,244
-68.32,-92.72,-24.4,82.96,-24.4,-58.56,29.28,53.68,-43.92,87.84,156.16,244
-43.92,-78.08,-34.16,63.44,-4.88,-58.56,19.52,53.68,-43.92,92.72,156.16,244
-39.04,-63.44,-24.4,53.68,-9.76,-43.92,14.64,58.56,-43.92,92.72,156.16,239.12
-63.44,-73.2,-9.76,68.32,-29.28,-43.92,14.64,63.44,-39.04,87.84,146.4,248.88
-63.44,-58.56,4.88,63.44,-34.16,-29.28,14.64,68.32,-39.04,87.84,146.4,248.88
-68.32,-43.92,24.4,58.56,-48.8,-9.76,14.64,68.32,-39.04,87.84,161.04,253.76
-68.32,-53.68,14.64,63.44,-43.92,-19.52,9.76,63.44,-39.04,87.84,161.04,258.64
-63.44,-48.8,14.64,58.56,-39.04,-19.52,9.76,63.44,-43.92,87.84,170.8,258.64
-53.68,-43.92,9.76,48.8,-34.16,-19.52,4.88,63.44,-43.92,92.72,156.16,248.88
-39.04,-48.8,-9.76,43.92,-14.64,-29.28,4.88,68.32,-39.04,92.72,156.16,248.88
-24.4,-24.4,0,24.4,-14.64,-14.64,4.88,68.32,-39.04,92.72,175.68,253.76
-34.16,-24.4,9.76,29.28,-24.4,-9.76,19.52,68.32,-29.28,102.48,185.44,258.64
-24.4,-14.64,9.76,19.52,-19.52,-4.88,9.76,73.2,-24.4,107.36,185.44,263.52
-24.4,-19.52,4.88,24.4,-14.64,-9.76,14.64,82.96,-14.64,117.12,195.2,263.52
-24.4,-19.52,4.88,24.4,-14.64,-9.76,19.52,87.84,-4.88,122,195.2,268.4
-9.76,-9.76,0,9.76,-4.88,-4.88,19.52,87.84,-4.88,131.76,204.96,278.16
-9.76,-24.4,-14.64,19.52,0,-19.52,19.52,87.84,-4.88,131.76,204.96,283.04
-19.52,-24.4,-4.88,24.4,-9.76,-14.64,14.64,87.84,-4.88,136.64,209.84,287.92
0,-24.4,-24.4,14.64,9.76,-24.4,14.64,87.84,-4.88,141.52,214.72,302.56
9.76,-9.76,-19.52,0,14.64,-14.64,4.88,73.2,-14.64,131.76,209.84,287.92
24.4,14.64,-9.76,-19.52,14.64,0,-4.88,73.2,-14.64,131.76,204.96,283.04
9.76,14.64,4.88,-9.76,0,9.76,-9.76,78.08,-9.76,136.64,209.84,283.04
0,9.76,9.76,-4.88,-4.88,9.76,-14.64,78.08,-4.88,146.4,209.84,287.92
-9.76,24.4,34.16,-4.88,-24.4,29.28,-9.76,73.2,4.88,146.4,224.48,297.68
-4.88,34.16,39.04,-14.64,-24.4,34.16,-14.64,78.08,9.76,141.52,224.48,297.68
14.64,43.92,29.28,-29.28,-9.76,34.16,-14.64,78.08,9.76,141.52,244,302.56
19.52,48.8,29.28,-34.16,-4.88,39.04,-24.4,73.2,14.64,141.52,253.76,307.44
9.76,29.28,19.52,-19.52,-4.88,24.4,-19.52,82.96,14.64,151.28,248.88,322.08
-4.88,29.28,34.16,-9.76,-19.52,29.28,-19.52,82.96,14.64,156.16,253.76,322.08
9.76,9.76,0,-9.76,4.88,4.88,-19.52,82.96,24.4,170.8,258.64,322.08
24.4,-14.64,-39.04,-4.88,29.28,-29.28,-29.28,78.08,24.4,180.56,258.64,322.08
34.16,-14.64,-48.8,-9.76,39.04,-34.16,-39.04,68.32,14.64,170.8,258.64,322.08
29.28,-9.76,-39.04,-9.76,34.16,-24.4,-43.92,68.32,14.64,170.8,253.76,322.08
24.4,-9.76,-34.16,-4.88,29.28,-24.4,-48.8,78.08,14.64,170.8,239.12,317.2
19.52,-14.64,-34.16,0,24.4,-24.4,-48.8,78.08,24.4,175.68,253.76,317.2
29.28,-14.64,-43.92,-4.88,34.16,-29.28,-48.8,78.08,34.16,170.8,253.76,312.32
34.16,-4.88,-39.04,-14.64,34.16,-24.4,-58.56,78.08,24.4,170.8,253.76,322.08
34.16,4.88,-29.28,-19.52,29.28,-14.64,-58.56,68.32,19.52,161.04,248.88,322.08
14.64,4.88,-9.76,-9.76,9.76,-4.88,-68.32,58.56,19.52,161.04,248.88,312.32
14.64,-9.76,-24.4,0,19.52,-19.52,-78.08,58.56,24.4,175.68,258.64,317.2
29.28,-9.76,-39.04,-9.76,34.16,-24.4,-63.44,68.32,29.28,180.56,268.4,326.96
39.04,9.76,-29.28,-24.4,34.16,-9.76,-63.44,68.32,29.28,180.56,273.28,336.72
53.68,9.76,-43.92,-29.28,48.8,-19.52,-63.44,63.44,29.28,180.56,278.16,341.6
43.92,24.4,-19.52,-34.16,29.28,0,-68.32,53.68,19.52,170.8,278.16,331.84
43.92,29.28,-14.64,-34.16,29.28,4.88,-68.32,53.68,24.4,175.68,273.28,331.84
43.92,39.04,-4.88,-39.04,24.4,14.64,-68.32,48.8,24.4,180.56,273.28,341.6
43.92,43.92,0,-43.92,19.52,19.52,-68.32,43.92,24.4,180.56,278.16,341.6
34.16,43.92,9.76,-39.04,9.76,24.4,-73.2,48.8,24.4,170.8,268.4,341.6
63.44,68.32,4.88,-63.44,29.28,34.16,-73.2,48.8,24.4,165.92,268.4,331.84
58.56,82.96,24.4,-68.32,14.64,53.68,-68.32,29.28,24.4,165.92,268.4,331.84
58.56,92.72,34.16,-73.2,9.76,63.44,-68.32,29.28,14.64,175.68,273.28,331.84
48.8,68.32,19.52,-58.56,14.64,43.92,-87.84,24.4,4.88,170.8,273.28,322.08
48.8,48.8,0,-48.8,24.4,24.4,-78.08,24.4,4.88,165.92,273.28,322.08
48.8,34.16,-14.64,-39.04,29.28,9.76,-78.08,24.4,4.88,161.04,268.4,322.08
73.2,43.92,-29.28,-58.56,48.8,4.88,-78.08,24.4,4.88,151.28,258.64,326.96
68.32,34.16,-34.16,-48.8,48.8,0,-63.44,43.92,9.76,156.16,263.52,331.84
48.8,14.64,-34.16,-29.28,39.04,-9.76,-58.56,43.92,14.64,161.04,263.52,326.96
43.92,34.16,-9.76,-39.04,24.4,9.76,-48.8,34.16,19.52,165.92,258.64,331.84
39.04,9.76,-29.28,-24.4,34.16,-9.76,-43.92,34.16,24.4,165.92,263.52,326.96
48.8,19.52,-29.28,-34.16,39.04,-4.88,-43.92,39.04,34.16,165.92,268.4,341.6
48.8,24.4,-24.4,-34.16,34.16,0,-43.92,39.04,24.4,165.92,273.28,341.6
39.04,34.16,-4.88,-34.16,19.52,14.64,-29.28,43.92,24.4,170.8,278.16,346.48
34.16,39.04,4.88,-34.16,14.64,19.52,-29.28,48.8,24.4,170.8,278.16,351.36
34.16,39.04,4.88,-34.16,14.64,19.52,-43.92,39.04,14.64,161.04,268.4,336.72
34.16,39.04,4.88,-34.16,14.64,19.52,-48.8,34.16,9.76,156.16,263.52,331.84
24.4,39.04,14.64,-29.28,4.88,24.4,-43.92,29.28,9.76,151.28,258.64,317.2
24.4,53.68,29.28,-39.04,-4.88,39.04,-43.92,24.4,0,136.64,253.76,312.32
29.28,48.8,19.52,-39.04,4.88,34.16,-29.28,24.4,0,131.76,244,317.2
29.28,29.28,0,-29.28,14.64,14.64,-24.4,29.28,4.88,131.76,239.12,317.2
29.28,14.64,-14.64,-19.52,19.52,0,-14.64,24.4,4.88,136.64,234.24,307.44
34.16,9.76,-24.4,-19.52,29.28,-9.76,-9.76,24.4,4.88,131.76,229.36,302.56
29.28,0,-29.28,-14.64,29.28,-14.64,-19.52,34.16,-4.88,131.76,229.36,292.8
19.52,-9.76,-29.28,-4.88,24.4,-19.52,-19.52,24.4,-4.88,126.88,229.36,283.04
4.88,-19.52,-24.4,9.76,14.64,-24.4,-14.64,34.16,0,126.88,229.36,283.04
-4.88,-34.16,-29.28,19.52,9.76,-34.16,-4.88,43.92,0,126.88,224.48,287.92
-9.76,0,9.76,4.88,-9.76,4.88,-9.76,24.4,4.88,112.24,229.36,297.68
0,9.76,9.76,-4.88,-4.88,9.76,-9.76,19.52,-9.76,112.24,209.84,283.04
9.76,9.76,0,-9.76,4.88,4.88,-9.76,14.64,-14.64,97.6,200.08,283.04
19.52,19.52,0,-19.52,9.76,9.76,-9.76,14.64,-19.52,92.72,195.2,292.8
9.76,19.52,9.76,-14.64,0,14.64,0,4.88,-29.28,87.84,185.44,287.92
-4.88,4.88,9.76,0,-9.76,4.88,0,4.88,-34.16,87.84,185.44,283.04
-19.52,-4.88,14.64,14.64,-19.52,4.88,4.88,4.88,-34.16,82.96,185.44,258.64
-19.52,-14.64,4.88,19.52,-14.64,-4.88,4.88,0,-34.16,68.32,185.44,244
-9.76,-24.4,-14.64,19.52,0,-19.52,0,4.88,-29.28,73.2,185.44,253.76
-29.28,-39.04,-9.76,34.16,-9.76,-24.4,4.88,4.88,-29.28,73.2,185.44,253.76
-39.04,-53.68,-14.64,48.8,-14.64,-34.16,4.88,0,-29.28,68.32,180.56,244
-43.92,-63.44,-19.52,53.68,-14.64,-43.92,14.64,0,-34.16,68.32,175.68,244
-34.16,-43.92,-9.76,39.04,-14.64,-29.28,19.52,14.64,-24.4,73.2,180.56,248.88
-24.4,-24.4,0,24.4,-14.64,-14.64,24.4,14.64,-34.16,68.32,180.56,248.88
-19.52,-24.4,-4.88,24.4,-9.76,-14.64,29.28,4.88,-39.04,63.44,180.56,248.88
-9.76,-24.4,-14.64,19.52,0,-19.52,34.16,14.64,-39.04,63.44,180.56,234.24
0,-19.52,-19.52,9.76,9.76,-19.52,34.16,4.88,-43.92,58.56,185.44,234.24
0,-9.76,-9.76,4.88,4.88,-9.76,34.16,4.88,-34.16,58.56,180.56,244
0,4.88,4.88,0,-4.88,4.88,34.16,-4.88,-29.28,53.68,175.68,253.76
-4.88,14.64,19.52,-4.88,-14.64,14.64,34.16,-4.88,-29.28,48.8,170.8,244
-39.04,-14.64,24.4,29.28,-34.16,4.88,24.4,-14.64,-34.16,48.8,161.04,234.24
-39.04,-24.4,14.64,34.16,-29.28,-4.88,24.4,-4.88,-39.04,53.68,161.04,234.24
-34.16,-29.28,4.88,34.16,-19.52,-14.64,29.28,-4.88,-39.04,53.68,170.8,244
-29.28,-19.52,9.76,24.4,-19.52,-4.88,29.28,-19.52,-43.92,43.92,170.8,253.76
-4.88,4.88,9.76,0,-9.76,4.88,9.76,-34.16,-58.56,34.16,165.92,229.36
-24.4,14.64,39.04,4.88,-34.16,24.4,9.76,-39.04,-58.56,29.28,161.04,219.6
-24.4,19.52,43.92,4.88,-34.16,29.28,14.64,-39.04,-58.56,29.28,156.16,214.72
-34.16,34.16,68.32,0,-53.68,48.8,14.64,-39.04,-53.68,29.28,146.4,209.84
-48.8,29.28,78.08,9.76,-63.44,53.68,0,-43.92,-63.44,39.04,151.28,214.72
-63.44,24.4,87.84,19.52,-78.08,53.68,-4.88,-43.92,-58.56,39.04,151.28,214.72
-48.8,19.52,68.32,14.64,-58.56,43.92,-9.76,-43.92,-58.56,34.16,146.4,204.96
-29.28,14.64,43.92,9.76,-39.04,29.28,-14.64,-48.8,-68.32,29.28,146.4,204.96
-24.4,-19.52,4.88,24.4,-14.64,-9.76,0,-34.16,-58.56,34.16,151.28,229.36
-29.28,-24.4,4.88,29.28,-19.52,-9.76,4.88,-29.28,-53.68,39.04,161.04,224.48
-9.76,-39.04,-29.28,24.4,9.76,-34.16,14.64,-24.4,-58.56,39.04,165.92,224.48
-4.88,-53.68,-48.8,29.28,19.52,-53.68,34.16,-19.52,-43.92,43.92,170.8,219.6
-14.64,-73.2,-58.56,43.92,19.52,-68.32,34.16,-14.64,-34.16,48.8,180.56,224.48
-14.64,-43.92,-29.28,29.28,4.88,-39.04,39.04,-4.88,-34.16,53.68,180.56,234.24
0,-24.4,-24.4,14.64,9.76,-24.4,43.92,0,-29.28,63.44,180.56,239.12
-9.76,-19.52,-9.76,14.64,0,-14.64,43.92,0,-29.28,68.32,180.56,244
-24.4,-29.28,-4.88,29.28,-9.76,-19.52,43.92,0,-24.4,87.84,195.2,253.76
-14.64,-29.28,-14.64,24.4,0,-24.4,39.04,0,-29.28,78.08,200.08,258.64
-14.64,-29.28,-14.64,24.4,0,-24.4,39.04,0,-24.4,78.08,204.96,258.64
-19.52,-29.28,-9.76,24.4,-4.88,-19.52,39.04,0,-14.64,78.08,190.32,263.52
-14.64,-14.64,0,14.64,-9.76,-9.76,24.4,-14.64,-29.28,63.44,170.8,258.64
-9.76,-19.52,-9.76,14.64,0,-14.64,19.52,-19.52,-34.16,58.56,165.92,248.88
-9.76,-14.64,-4.88,14.64,-4.88,-9.76,19.52,-19.52,-39.04,53.68,175.68,239.12
-4.88,4.88,9.76,0,-9.76,4.88,19.52,-19.52,-43.92,58.56,175.68,219.6
-14.64,4.88,19.52,4.88,-19.52,9.76,24.4,-4.88,-34.16,73.2,175.68,239.12
-14.64,4.88,19.52,4.88,-19.52,9.76,29.28,4.88,-29.28,73.2,190.32,244
-4.88,0,4.88,4.88,-4.88,0,39.04,4.88,-19.52,78.08,190.32,244
-4.88,0,4.88,4.88,-4.88,0,43.92,4.88,-14.64,78.08,185.44,239.12
0,-9.76,-9.76,4.88,4.88,-9.76,39.04,0,-4.88,73.2,185.44,239.12
-4.88,-24.4,-19.52,14.64,4.88,-24.4,39.04,0,-14.64,73.2,180.56,248.88
0,-24.4,-24.4,14.64,9.76,-24.4,39.04,14.64,-19.52,73.2,180.56,248.88
9.76,-14.64,-24.4,4.88,14.64,-19.52,39.04,14.64,-19.52,78.08,185.44,248.88
4.88,-29.28,-34.16,14.64,19.52,-34.16,39.04,4.88,-9.76,87.84,195.2,244
-19.52,-29.28,-9.76,24.4,-4.88,-19.52,39.04,4.88,-9.76,82.96,190.32,244
-24.4,-9.76,14.64,19.52,-19.52,0,39.04,4.88,-9.76,82.96,185.44,244
-24.4,-9.76,14.64,19.52,-19.52,0,39.04,9.76,-9.76,87.84,185.44,244
-29.28,4.88,34.16,14.64,-34.16,19.52,29.28,-4.88,-24.4,82.96,185.44,239.12
-34.16,4.88,39.04,14.64,-39.04,19.52,24.4,-4.88,-19.52,82.96,185.44,239.12
-43.92,0,43.92,24.4,-43.92,19.52,19.52,4.88,-19.52,78.08,180.56,248.88
-53.68,0,53.68,29.28,-53.68,24.4,14.64,-14.64,-24.4,73.2,170.8,244
-63.44,-39.04,24.4,53.68,-43.92,-9.76,53.68,4.88,-4.88,92.72,190.32,248.88
0,14.64,14.64,-4.88,-9.76,14.64,63.44,19.52,0,97.6,204.96,253.76
-9.76,24.4,34.16,-4.88,-24.4,29.28,43.92,9.76,-9.76,87.84,190.32,244
-4.88,-14.64,-9.76,9.76,0,-14.64,43.92,4.88,-14.64,87.84,190.32,244
29.28,-29.28,-58.56,0,43.92,-43.92,58.56,19.52,0,87.84,204.96,253.76
19.52,-34.16,-53.68,9.76,34.16,-43.92,43.92,9.76,0,87.84,195.2,253.76
9.76,-39.04,-48.8,14.64,29.28,-43.92,39.04,9.76,0,87.84,195.2,253.76
0,-43.92,-43.92,24.4,19.52,-43.92,34.16,9.76,0,87.84,195.2,253.76
-9.76,-48.8,-39.04,29.28,14.64,-43.92,29.28,9.76,0,87.84,195.2,253.76
0,-34.16,-34.16,19.52,14.64,-34.16,19.52,0,9.76,87.84,195.2,253.76
0,-24.4,-24.4,14.64,9.76,-24.4,24.4,0,0,87.84,200.08,253.76
4.88,-19.52,-24.4,9.76,14.64,-24.4,24.4,-4.88,9.76,87.84,200.08,253.76
4.88,-14.64,-19.52,4.88,9.76,-19.52,24.4,-4.88,9.76,92.72,200.08,253.76
4.88,-14.64,-19.52,4.88,9.76,-19.52,39.04,0,24.4,97.6,204.96,263.52
9.76,-4.88,-14.64,0,9.76,-9.76,43.92,4.88,24.4,97.6,209.84,268.4
9.76,-4.88,-14.64,0,9.76,-9.76,53.68,9.76,24.4,92.72,219.6,278.16
9.76,-9.76,-19.52,0,14.64,-14.64,58.56,14.64,24.4,87.84,224.48,278.16
4.88,-14.64,-19.52,4.88,9.76,-19.52,58.56,9.76,34.16,97.6,219.6,273.28
0,4.88,4.88,0,-4.88,4.88,53.68,9.76,34.16,97.6,214.72,273.28
-4.88,19.52,24.4,-4.88,-14.64,19.52,48.8,9.76,19.52,92.72,209.84,263.52
-14.64,14.64,29.28,0,-24.4,19.52,43.92,9.76,19.52,92.72,200.08,258.64
4.88,24.4,19.52,-14.64,-9.76,19.52,39.04,19.52,24.4,102.48,204.96,263.52
24.4,24.4,0,-24.4,9.76,9.76,53.68,24.4,34.16,107.36,214.72,268.4
58.56,29.28,-29.28,-43.92,43.92,0,63.44,29.28,53.68,117.12,224.48,278.16
78.08,29.28,-48.8,-53.68,63.44,-9.76,68.32,29.28,58.56,122,229.36,283.04
53.68,43.92,-9.76,-48.8,29.28,14.64,73.2,19.52,53.68,112.24,219.6,283.04
34.16,58.56,24.4,-43.92,4.88,39.04,73.2,9.76,48.8,117.12,219.6,283.04
19.52,73.2,53.68,-43.92,-19.52,63.44,87.84,19.52,48.8,126.88,224.48,283.04
4.88,78.08,73.2,-39.04,-34.16,73.2,97.6,29.28,48.8,126.88,234.24,287.92
19.52,58.56,39.04,-39.04,-9.76,48.8,107.36,39.04,63.44,136.64,244,297.68
19.52,53.68,34.16,-34.16,-9.76,43.92,102.48,34.16,68.32,136.64,244,302.56
14.64,48.8,34.16,-29.28,-9.76,39.04,102.48,34.16,68.32,136.64,244,302.56
19.52,48.8,29.28,-34.16,-4.88,39.04,102.48,34.16,73.2,136.64,248.88,302.56
24.4,78.08,53.68,-48.8,-14.64,63.44,107.36,24.4,82.96,136.64,258.64,292.8
34.16,97.6,63.44,-63.44,-14.64,78.08,107.36,29.28,82.96,141.52,258.64,302.56
39.04,107.36,68.32,-73.2,-14.64,87.84,107.36,48.8,87.84,146.4,268.4,317.2
48.8,107.36,58.56,-78.08,-4.88,82.96,102.48,48.8,97.6,156.16,273.28,322.08
39.04,102.48,63.44,-68.32,-14.64,82.96,82.96,29.28,92.72,151.28,278.16,312.32
34.16,92.72,58.56,-63.44,-14.64,73.2,63.44,19.52,87.84,146.4,263.52,307.44
29.28,87.84,58.56,-58.56,-14.64,73.2,58.56,29.28,82.96,141.52,258.64,307.44
39.04,97.6,58.56,-68.32,-9.76,78.08,58.56,29.28,82.96,141.52,258.64,312.32
48.8,102.48,53.68,-73.2,-4.88,78.08,53.68,24.4,82.96,146.4,263.52,307.44
48.8,107.36,58.56,-78.08,-4.88,82.96,58.56,34.16,87.84,146.4,263.52,317.2
53.68,92.72,39.04,-73.2,4.88,63.44,53.68,29.28,87.84,141.52,263.52,317.2
58.56,87.84,29.28,-73.2,14.64,58.56,39.04,9.76,78.08,131.76,258.64,317.2
73.2,78.08,4.88,-73.2,34.16,39.04,39.04,4.88,78.08,146.4,263.52,312.32
73.2,73.2,0,-73.2,34.16,34.16,48.8,9.76,78.08,141.52,268.4,317.2
78.08,78.08,0,-78.08,39.04,39.04,53.68,9.76,78.08,146.4,273.28,317.2
78.08,82.96,4.88,-78.08,34.16,43.92,58.56,4.88,78.08,146.4,273.28,317.2
68.32,78.08,9.76,-73.2,29.28,43.92,39.04,0,68.32,126.88,258.64,307.44
58.56,63.44,4.88,-58.56,24.4,34.16,29.28,-14.64,63.44,117.12,248.88,302.56
58.56,63.44,4.88,-58.56,24.4,34.16,4.88,-34.16,48.8,107.36,239.12,292.8
58.56,78.08,19.52,-68.32,19.52,48.8,-14.64,-43.92,29.28,87.84,219.6,287.92
68.32,63.44,-4.88,-63.44,34.16,29.28,-14.64,-53.68,19.52,78.08,219.6,273.28
78.08,43.92,-34.16,-58.56,53.68,4.88,-14.64,-53.68,14.64,73.2,209.84,268.4
68.32,24.4,-43.92,-43.92,53.68,-9.76,-9.76,-48.8,14.64,73.2,209.84,268.4
68.32,9.76,-58.56,-39.04,63.44,-24.4,0,-43.92,14.64,78.08,219.6,268.4
43.92,4.88,-39.04,-24.4,39.04,-19.52,19.52,-39.04,29.28,82.96,224.48,283.04
24.4,4.88,-19.52,-14.64,19.52,-9.76,24.4,-34.16,29.28,78.08,219.6,278.16
9.76,-14.64,-24.4,4.88,14.64,-19.52,29.28,-29.28,29.28,78.08,214.72,278.16
-19.52,-24.4,-4.88,24.4,-9.76,-14.64,29.28,-34.16,29.28,82.96,219.6,278.16
-34.16,-34.16,0,34.16,-19.52,-19.52,29.28,-48.8,14.64,63.44,204.96,258.64
-34.16,-34.16,0,34.16,-19.52,-19.52,29.28,-53.68,14.64,58.56,200.08,258.64
-39.04,-39.04,0,39.04,-19.52,-19.52,19.52,-63.44,4.88,53.68,200.08,253.76
-39.04,-39.04,0,39.04,-19.52,-19.52,14.64,-63.44,-4.88,48.8,195.2,248.88
-24.4,-48.8,-24.4,39.04,0,-39.04,0,-68.32,-4.88,48.8,195.2,244
-24.4,-53.68,-29.28,39.04,0,-43.92,0,-78.08,-9.76,43.92,195.2,239.12
-24.4,-53.68,-29.28,39.04,0,-43.92,0,-82.96,-9.76,43.92,195.2,239.12
-24.4,-63.44,-39.04,43.92,4.88,-53.68,4.88,-82.96,-14.64,34.16,190.32,234.24
-9.76,-48.8,-39.04,29.28,14.64,-43.92,19.52,-68.32,-4.88,39.04,200.08,248.88
-4.88,-48.8,-43.92,29.28,19.52,-48.8,24.4,-63.44,0,48.8,200.08,253.76
-14.64,-43.92,-29.28,29.28,4.88,-39.04,29.28,-58.56,0,53.68,200.08,258.64
-19.52,-53.68,-34.16,39.04,4.88,-43.92,34.16,-53.68,0,58.56,200.08,263.52
-29.28,-53.68,-24.4,43.92,-4.88,-39.04,19.52,-58.56,-9.76,48.8,200.08,253.76
-14.64,-39.04,-24.4,29.28,4.88,-34.16,14.64,-63.44,-9.76,48.8,200.08,253.76
-9.76,-24.4,-14.64,19.52,0,-19.52,9.76,-68.32,-9.76,48.8,200.08,253.76
-9.76,-24.4,-14.64,19.52,0,-19.52,-4.88,-82.96,-19.52,43.92,195.2,248.88
-14.64,-39.04,-24.4,29.28,4.88,-34.16,0,-78.08,-4.88,43.92,200.08,248.88
-19.52,-53.68,-34.16,39.04,4.88,-43.92,9.76,-73.2,0,48.8,204.96,253.76
-19.52,-53.68,-34.16,39.04,4.88,-43.92,24.4,-68.32,4.88,53.68,209.84,258.64
-9.76,-53.68,-43.92,34.16,14.64,-48.8,34.16,-63.44,9.76,58.56,214.72,263.52
-14.64,-53.68,-39.04,34.16,9.76,-48.8,19.52,-78.08,4.88,43.92,200.08,258.64
-14.64,-39.04,-24.4,29.28,4.88,-34.16,14.64,-82.96,0,39.04,195.2,253.76
-19.52,-39.04,-19.52,29.28,0,-29.28,9.76,-87.84,-4.88,34.16,190.32,248.88
-34.16,-58.56,-24.4,48.8,-4.88,-43.92,4.88,-92.72,-9.76,29.28,190.32,244
-34.16,-53.68,-19.52,43.92,-9.76,-39.04,0,-102.48,-14.64,24.4,185.44,234.24
-34.16,-53.68,-19.52,43.92,-9.76,-39.04,-4.88,-102.48,-19.52,19.52,185.44,234.24
-24.4,-48.8,-24.4,39.04,0,-39.04,-9.76,-102.48,-24.4,19.52,180.56,234.24
-24.4,-48.8,-24.4,39.04,0,-39.04,-14.64,-97.6,-24.4,14.64,175.68,234.24
-53.68,-58.56,-4.88,58.56,-24.4,-34.16,0,-92.72,-19.52,29.28,190.32,248.88
-68.32,-68.32,0,68.32,-34.16,-34.16,0,-82.96,-14.64,34.16,195.2,253.76
-78.08,-73.2,4.88,78.08,-43.92,-34.16,0,-78.08,-14.64,34.16,200.08,253.76
-82.96,-63.44,19.52,73.2,-53.68,-24.4,-4.88,-73.2,-9.76,39.04,204.96,253.76
-73.2,-73.2,0,73.2,-39.04,-39.04,0,-73.2,-9.76,29.28,200.08,244
-63.44,-58.56,4.88,63.44,-34.16,-29.28,4.88,-78.08,-4.88,29.28,200.08,248.88
-43.92,-53.68,-9.76,48.8,-19.52,-34.16,9.76,-78.08,-4.88,29.28,200.08,248.88
-29.28,-48.8,-19.52,39.04,-4.88,-34.16,19.52,-73.2,-4.88,29.28,200.08,248.88
-48.8,-97.6,-48.8,73.2,0,-73.2,-4.88,-102.48,-29.28,9.76,170.8,224.48
0,-68.32,-68.32,34.16,34.16,-68.32,4.88,-87.84,-29.28,19.52,180.56,229.36
-48.8,-34.16,14.64,43.92,-34.16,-9.76,48.8,-43.92,9.76,48.8,204.96,258.64
-112.24,-43.92,68.32,78.08,-92.72,9.76,68.32,-9.76,29.28,68.32,224.48,268.4
-53.68,-48.8,4.88,53.68,-29.28,-24.4,63.44,14.64,43.92,68.32,224.48,258.64
14.64,-43.92,-58.56,14.64,34.16,-53.68,97.6,87.84,87.84,97.6,234.24,273.28
-14.64,-14.64,0,14.64,-9.76,-9.76,151.28,219.6,161.04,156.16,283.04,312.32
0,68.32,68.32,-34.16,-34.16,68.32,195.2,336.72,244,239.12,341.6,351.36
58.56,107.36,48.8,-82.96,4.88,78.08,239.12,453.84,346.48,341.6,409.92,409.92
68.32,82.96,14.64,-73.2,24.4,48.8,287.92,580.72,463.6,458.72,492.88,488
97.6,112.24,14.64,-102.48,39.04,63.44,302.56,717.36,575.84,570.96,590.48,551.44
170.8,195.2,24.4,-180.56,73.2,107.36,273.28,829.6,678.32,678.32,663.68,619.76
229.36,253.76,24.4,-239.12,102.48,136.64,263.52,951.6,790.56,780.8,751.52,697.84
268.4,317.2,48.8,-292.8,107.36,180.56,248.88,1039.44,912.56,902.8,844.24,790.56
326.96,390.4,63.44,-356.24,131.76,224.48,161.04,990.64,995.52,1005.28,941.84,878.4
448.96,453.84,4.88,-448.96,219.6,229.36,9.76,814.96,1024.8,1073.6,1019.92,956.48
551.44,478.24,-73.2,-512.4,312.32,200.08,-141.52,639.28,1039.44,1112.64,1054.08,990.64
590.48,444.08,-146.4,-517.28,366,146.4,-268.4,531.92,1039.44,1132.16,1063.84,990.64
561.2,380.64,-180.56,-468.48,370.88,97.6,-346.48,502.64,1049.2,1141.92,1049.2,971.12
468.48,356.24,-112.24,-409.92,287.92,122,-366,414.8,1029.68,1122.4,1019.92,941.84
380.64,341.6,-39.04,-361.12,209.84,151.28,-400.16,239.12,902.8,1024.8,941.84,883.28
317.2,239.12,-78.08,-278.16,195.2,78.08,-409.92,82.96,688.08,800.32,785.68,761.28
204.96,43.92,-161.04,-122,180.56,-58.56,-400.16,-4.88,448.96,541.68,566.08,585.6
141.52,-63.44,-204.96,-39.04,170.8,-136.64,-429.44,-112.24,244,312.32,380.64,419.68
126.88,-68.32,-195.2,-29.28,161.04,-131.76,-448.96,-273.28,48.8,117.12,239.12,297.68
53.68,-87.84,-141.52,19.52,97.6,-117.12,-424.56,-434.32,-126.88,-43.92,136.64,219.6
-19.52,-122,-102.48,73.2,39.04,-112.24,-366,-522.16,-219.6,-136.64,102.48,195.2
19.52,-136.64,-156.16,58.56,87.84,-146.4,-312.32,-468.48,-200.08,-126.88,126.88,204.96
73.2,-175.68,-248.88,53.68,161.04,-214.72,-278.16,-346.48,-151.28,-92.72,131.76,195.2
82.96,-161.04,-244,39.04,161.04,-204.96,-263.52,-297.68,-126.88,-82.96,131.76,190.32
112.24,-102.48,-214.72,-4.88,161.04,-161.04,-239.12,-283.04,-122,-73.2,131.76,190.32
131.76,-112.24,-244,-9.76,185.44,-180.56,-204.96,-258.64,-92.72,-43.92,156.16,200.08
92.72,-146.4,-239.12,29.28,165.92,-195.2,-156.16,-209.84,-53.68,-9.76,175.68,214.72
48.8,-141.52,-190.32,48.8,117.12,-165.92,-107.36,-175.68,-34.16,4.88,185.44,234.24
43.92,-107.36,-151.28,34.16,97.6,-131.76,-97.6,-165.92,-34.16,4.88,180.56,224.48
-14.64,-107.36,-92.72,63.44,39.04,-102.48,-87.84,-161.04,-39.04,-4.88,170.8,219.6
-58.56,-165.92,-107.36,112.24,24.4,-136.64,-48.8,-131.76,-19.52,14.64,190.32,234.24
-63.44,-214.72,-151.28,141.52,43.92,-185.44,-29.28,-117.12,-9.76,14.64,185.44,239.12
-92.72,-200.08,-107.36,146.4,4.88,-156.16,-43.92,-112.24,-24.4,-4.88,180.56,219.6
-87.84,-126.88,-39.04,107.36,-24.4,-82.96,-29.28,-97.6,-9.76,14.64,195.2,239.12
-48.8,-58.56,-9.76,53.68,-19.52,-34.16,-4.88,-78.08,14.64,34.16,209.84,253.76
-58.56,-58.56,0,58.56,-29.28,-29.28,4.88,-97.6,4.88,34.16,209.84,263.52
-34.16,-24.4,9.76,29.28,-24.4,-9.76,19.52,-92.72,24.4,48.8,229.36,287.92
-24.4,-24.4,0,24.4,-14.64,-14.64,43.92,-78.08,39.04,58.56,234.24,278.16
-14.64,-24.4,-9.76,19.52,-4.88,-19.52,58.56,-58.56,48.8,63.44,239.12,278.16
-4.88,-29.28,-24.4,19.52,9.76,-29.28,68.32,-48.8,53.68,63.44,239.12,283.04
-9.76,-14.64,-4.88,14.64,-4.88,-9.76,48.8,-53.68,43.92,58.56,234.24,273.28
-24.4,-29.28,-4.88,29.28,-9.76,-19.52,39.04,-53.68,39.04,53.68,229.36,273.28
-43.92,-24.4,19.52,34.16,-34.16,-4.88,29.28,-58.56,29.28,39.04,239.12,278.16
-48.8,-14.64,34.16,34.16,-43.92,9.76,14.64,-58.56,19.52,34.16,234.24,278.16
-48.8,-9.76,39.04,29.28,-43.92,14.64,0,-73.2,4.88,29.28,224.48,263.52
-43.92,-19.52,24.4,34.16,-34.16,0,0,-82.96,4.88,29.28,219.6,268.4
-43.92,-39.04,4.88,43.92,-24.4,-19.52,4.88,-87.84,0,29.28,214.72,268.4
-43.92,-48.8,-4.88,48.8,-19.52,-29.28,4.88,-92.72,-4.88,24.4,214.72,268.4
-53.68,-58.56,-4.88,58.56,-24.4,-34.16,19.52,-68.32,9.76,43.92,234.24,278.16
-53.68,-73.2,-19.52,63.44,-19.52,-48.8,39.04,-58.56,24.4,48.8,244,283.04
-53.68,-78.08,-24.4,68.32,-14.64,-53.68,48.8,-43.92,34.16,53.68,248.88,292.8
-58.56,-73.2,-14.64,68.32,-24.4,-43.92,53.68,-39.04,43.92,53.68,253.76,292.8
-39.04,-39.04,0,39.04,-19.52,-19.52,63.44,-29.28,48.8,58.56,253.76,302.56
-29.28,-19.52,9.76,24.4,-19.52,-4.88,63.44,-34.16,48.8,63.44,258.64,302.56
-4.88,0,4.88,4.88,-4.88,0,63.44,-34.16,48.8,68.32,268.4,312.32
4.88,24.4,19.52,-14.64,-9.76,19.52,58.56,-43.92,53.68,78.08,268.4,312.32
-4.88,9.76,14.64,0,-9.76,9.76,43.92,-53.68,39.04,63.44,258.64,307.44
-9.76,0,9.76,4.88,-9.76,4.88,39.04,-63.44,34.16,58.56,258.64,307.44
-19.52,-14.64,4.88,19.52,-14.64,-4.88,43.92,-58.56,34.16,58.56,263.52,302.56
-39.04,-24.4,14.64,34.16,-29.28,-4.88,48.8,-53.68,34.16,58.56,268.4,307.44
-29.28,-29.28,0,29.28,-14.64,-14.64,48.8,-43.92,34.16,43.92,263.52,307.44
-29.28,-29.28,0,29.28,-14.64,-14.64,43.92,-43.92,34.16,34.16,258.64,297.68
-39.04,-29.28,9.76,34.16,-24.4,-9.76,43.92,-43.92,34.16,29.28,253.76,297.68
-39.04,-24.4,14.64,34.16,-29.28,-4.88,39.04,-43.92,34.16,24.4,248.88,302.56
-29.28,-19.52,9.76,24.4,-19.52,-4.88,43.92,-39.04,43.92,29.28,258.64,322.08
-29.28,4.88,34.16,14.64,-34.16,19.52,48.8,-29.28,48.8,29.28,268.4,322.08
-29.28,-9.76,19.52,19.52,-24.4,4.88,43.92,-24.4,53.68,29.28,273.28,322.08
-34.16,-9.76,24.4,24.4,-29.28,4.88,48.8,-14.64,63.44,34.16,278.16,317.2
-34.16,0,34.16,19.52,-34.16,14.64,48.8,-19.52,58.56,34.16,283.04,312.32
-34.16,-14.64,19.52,24.4,-29.28,0,53.68,-14.64,53.68,34.16,283.04,312.32
-34.16,-14.64,19.52,24.4,-29.28,0,53.68,-9.76,58.56,29.28,283.04,312.32
-29.28,-9.76,19.52,19.52,-24.4,4.88,53.68,-9.76,53.68,34.16,292.8,317.2
-39.04,4.88,43.92,19.52,-43.92,24.4,53.68,-4.88,53.68,24.4,287.92,312.32
-39.04,-4.88,34.16,24.4,-39.04,14.64,48.8,-9.76,48.8,19.52,287.92,312.32
-39.04,-9.76,29.28,24.4,-34.16,9.76,39.04,-29.28,39.04,9.76,278.16,307.44
-53.68,-19.52,34.16,39.04,-43.92,4.88,29.28,-34.16,34.16,4.88,268.4,297.68
-58.56,-43.92,14.64,53.68,-39.04,-14.64,34.16,-19.52,43.92,19.52,287.92,302.56
-39.04,-34.16,4.88,39.04,-24.4,-14.64,39.04,-14.64,53.68,19.52,292.8,312.32
-24.4,-34.16,-9.76,29.28,-9.76,-24.4,39.04,-14.64,58.56,24.4,297.68,322.08
-29.28,-34.16,-4.88,34.16,-14.64,-19.52,43.92,-9.76,63.44,24.4,302.56,326.96
-29.28,-19.52,9.76,24.4,-19.52,-4.88,48.8,0,82.96,43.92,307.44,341.6
-24.4,0,24.4,14.64,-24.4,9.76,53.68,9.76,87.84,48.8,312.32,346.48
-24.4,19.52,43.92,4.88,-34.16,29.28,58.56,14.64,92.72,53.68,331.84,356.24
-19.52,14.64,34.16,4.88,-29.28,24.4,58.56,14.64,97.6,58.56,336.72,366
-4.88,14.64,19.52,-4.88,-14.64,14.64,53.68,4.88,92.72,63.44,336.72,366
4.88,14.64,9.76,-9.76,-4.88,9.76,43.92,4.88,92.72,63.44,322.08,356.24
19.52,4.88,-14.64,-9.76,14.64,-4.88,39.04,9.76,97.6,58.56,322.08,356.24
34.16,24.4,-9.76,-29.28,19.52,4.88,34.16,9.76,97.6,53.68,341.6,361.12
19.52,24.4,4.88,-19.52,4.88,14.64,53.68,4.88,97.6,48.8,336.72,370.88
24.4,34.16,9.76,-29.28,4.88,19.52,39.04,4.88,92.72,48.8,331.84,370.88
19.52,29.28,9.76,-24.4,4.88,19.52,39.04,9.76,92.72,53.68,336.72,366
14.64,29.28,14.64,-19.52,0,19.52,39.04,9.76,92.72,53.68,331.84,366
24.4,48.8,24.4,-34.16,0,34.16,24.4,9.76,82.96,53.68,331.84,356.24
19.52,34.16,14.64,-24.4,0,24.4,19.52,9.76,82.96,53.68,331.84,361.12
4.88,34.16,29.28,-19.52,-14.64,29.28,9.76,9.76,82.96,58.56,336.72,366
19.52,34.16,14.64,-24.4,0,24.4,4.88,9.76,82.96,63.44,341.6,380.64
24.4,53.68,29.28,-39.04,-4.88,39.04,9.76,-4.88,82.96,63.44,341.6,370.88
34.16,73.2,39.04,-53.68,-4.88,53.68,4.88,-4.88,82.96,63.44,341.6,370.88
14.64,68.32,53.68,-39.04,-19.52,58.56,4.88,0,87.84,68.32,351.36,375.76
0,58.56,58.56,-29.28,-29.28,58.56,4.88,0,92.72,78.08,356.24,385.52
-9.76,34.16,43.92,-9.76,-29.28,39.04,0,-4.88,92.72,78.08,356.24,385.52
-4.88,24.4,29.28,-9.76,-19.52,24.4,-4.88,0,97.6,73.2,351.36,385.52
14.64,14.64,0,-14.64,4.88,4.88,-4.88,0,97.6,73.2,366,390.4
19.52,0,-19.52,-9.76,19.52,-9.76,-14.64,-4.88,102.48,73.2,370.88,395.28
29.28,4.88,-24.4,-14.64,24.4,-9.76,-9.76,4.88,112.24,87.84,366,409.92
24.4,29.28,4.88,-24.4,9.76,14.64,-9.76,4.88,112.24,87.84,370.88,409.92
48.8,34.16,-14.64,-39.04,29.28,9.76,-9.76,4.88,122,97.6,375.76,409.92
73.2,34.16,-39.04,-53.68,53.68,-4.88,-19.52,0,122,102.48,375.76,409.92
82.96,39.04,-43.92,-58.56,63.44,-4.88,-34.16,-4.88,112.24,92.72,390.4,414.8
78.08,48.8,-29.28,-63.44,53.68,9.76,-34.16,-9.76,112.24,92.72,390.4,419.68
73.2,53.68,-19.52,-63.44,43.92,14.64,-34.16,-4.88,112.24,92.72,380.64,419.68
68.32,53.68,-14.64,-58.56,39.04,19.52,-29.28,-9.76,122,97.6,400.16,424.56
63.44,43.92,-19.52,-53.68,39.04,9.76,-34.16,-9.76,117.12,97.6,405.04,424.56
63.44,43.92,-19.52,-53.68,39.04,9.76,-48.8,-9.76,102.48,92.72,400.16,429.44
58.56,43.92,-14.64,-48.8,34.16,14.64,-53.68,-19.52,92.72,78.08,390.4,424.56
34.16,34.16,0,-34.16,14.64,14.64,-68.32,-29.28,87.84,73.2,385.52,409.92
43.92,24.4,-19.52,-34.16,29.28,0,-82.96,-39.04,92.72,78.08,390.4,409.92
58.56,29.28,-29.28,-43.92,43.92,0,-63.44,-29.28,97.6,82.96,395.28,414.8
68.32,53.68,-14.64,-58.56,39.04,19.52,-58.56,-29.28,97.6,82.96,395.28,419.68
82.96,58.56,-24.4,-68.32,53.68,14.64,-53.68,-34.16,97.6,82.96,395.28,419.68
92.72,68.32,-24.4,-78.08,58.56,19.52,-48.8,-29.28,102.48,87.84,405.04,434.32
102.48,68.32,-34.16,-82.96,68.32,14.64,-48.8,-24.4,112.24,97.6,409.92,439.2
112.24,73.2,-39.04,-92.72,73.2,14.64,-48.8,-24.4,117.12,107.36,419.68,453.84
122,73.2,-48.8,-97.6,82.96,9.76,-48.8,-24.4,122,112.24,434.32,458.72
97.6,43.92,-53.68,-68.32,73.2,-4.88,-43.92,-24.4,122,112.24,434.32,458.72
112.24,58.56,-53.68,-82.96,82.96,0,-43.92,-19.52,122,107.36,434.32,448.96
92.72,63.44,-29.28,-78.08,58.56,14.64,-39.04,-34.16,122,107.36,434.32,448.96
78.08,63.44,-14.64,-68.32,43.92,24.4,-39.04,-29.28,112.24,117.12,439.2,448.96
68.32,43.92,-24.4,-53.68,43.92,9.76,-58.56,-39.04,107.36,102.48,434.32,444.08
68.32,39.04,-29.28,-53.68,48.8,4.88,-58.56,-43.92,102.48,97.6,429.44,439.2
68.32,39.04,-29.28,-53.68,48.8,4.88,-68.32,-48.8,97.6,92.72,419.68,434.32
92.72,63.44,-29.28,-78.08,58.56,14.64,-78.08,-53.68,92.72,82.96,405.04,434.32
102.48,82.96,-19.52,-92.72,58.56,29.28,-68.32,-43.92,82.96,82.96,414.8,434.32
87.84,73.2,-14.64,-78.08,48.8,29.28,-68.32,-43.92,82.96,82.96,409.92,424.56
87.84,102.48,14.64,-92.72,34.16,58.56,-63.44,-53.68,82.96,82.96,400.16,424.56
87.84,87.84,0,-87.84,43.92,43.92,-63.44,-53.68,82.96,78.08,400.16,414.8
82.96,78.08,-4.88,-78.08,43.92,34.16,-53.68,-53.68,92.72,82.96,400.16,424.56
78.08,63.44,-14.64,-68.32,43.92,24.4,-53.68,-58.56,82.96,78.08,400.16,419.68
63.44,53.68,-9.76,-58.56,34.16,19.52,-39.04,-58.56,82.96,78.08,400.16,419.68
53.68,39.04,-14.64,-43.92,34.16,9.76,-39.04,-58.56,82.96,73.2,395.28,419.68
48.8,39.04,-9.76,-43.92,29.28,14.64,-53.68,-73.2,73.2,58.56,390.4,409.92
43.92,39.04,-4.88,-39.04,24.4,14.64,-58.56,-73.2,68.32,58.56,390.4,409.92
29.28,39.04,9.76,-34.16,9.76,24.4,-53.68,-73.2,68.32,58.56,390.4,400.16
24.4,53.68,29.28,-39.04,-4.88,39.04,-53.68,-73.2,58.56,48.8,390.4,400.16
34.16,48.8,14.64,-39.04,9.76,29.28,-43.92,-68.32,63.44,48.8,380.64,395.28
29.28,29.28,0,-29.28,14.64,14.64,-43.92,-68.32,63.44,43.92,375.76,395.28
24.4,14.64,-9.76,-19.52,14.64,0,-39.04,-78.08,58.56,43.92,370.88,385.52
24.4,9.76,-14.64,-14.64,19.52,-4.88,-39.04,-82.96,53.68,34.16,366,380.64
39.04,24.4,-14.64,-29.28,24.4,4.88,-29.28,-68.32,63.44,39.04,370.88,385.52
48.8,29.28,-19.52,-39.04,34.16,4.88,-19.52,-73.2,63.44,39.04,375.76,380.64
53.68,34.16,-19.52,-43.92,34.16,4.88,-4.88,-58.56,68.32,43.92,380.64,385.52
63.44,34.16,-29.28,-48.8,43.92,0,14.64,-43.92,68.32,48.8,380.64,395.28
29.28,43.92,14.64,-34.16,4.88,29.28,9.76,-63.44,53.68,39.04,385.52,390.4
19.52,39.04,19.52,-29.28,0,29.28,0,-68.32,39.04,34.16,366,370.88
9.76,24.4,14.64,-14.64,-4.88,19.52,-9.76,-73.2,34.16,14.64,356.24,366
0,19.52,19.52,-9.76,-9.76,19.52,-19.52,-73.2,29.28,4.88,351.36,370.88
19.52,29.28,9.76,-24.4,4.88,19.52,-14.64,-73.2,29.28,4.88,351.36,370.88
14.64,24.4,9.76,-19.52,0,14.64,-9.76,-73.2,24.4,9.76,351.36,370.88
9.76,24.4,14.64,-14.64,-4.88,19.52,0,-73.2,24.4,9.76,351.36,351.36
19.52,24.4,4.88,-19.52,4.88,14.64,4.88,-78.08,24.4,0,351.36,341.6
14.64,0,-14.64,-4.88,14.64,-9.76,9.76,-78.08,29.28,-4.88,351.36,346.48
-19.52,-29.28,-9.76,24.4,-4.88,-19.52,14.64,-73.2,29.28,-4.88,351.36,351.36
-43.92,-58.56,-14.64,53.68,-14.64,-39.04,14.64,-73.2,29.28,-9.76,346.48,346.48
-63.44,-82.96,-19.52,73.2,-24.4,-53.68,24.4,-68.32,24.4,-9.76,341.6,351.36
-34.16,-48.8,-14.64,43.92,-9.76,-34.16,24.4,-73.2,14.64,-14.64,336.72,351.36
-14.64,-4.88,9.76,9.76,-14.64,0,24.4,-73.2,4.88,-19.52,336.72,346.48
0,19.52,19.52,-9.76,-9.76,19.52,24.4,-82.96,0,-24.4,336.72,341.6
19.52,43.92,24.4,-29.28,-4.88,34.16,24.4,-73.2,0,-24.4,336.72,322.08
29.28,34.16,4.88,-29.28,9.76,19.52,39.04,-58.56,9.76,-14.64,356.24,336.72
29.28,29.28,0,-29.28,14.64,14.64,43.92,-53.68,24.4,-9.76,356.24,351.36
29.28,29.28,0,-29.28,14.64,14.64,48.8,-58.56,34.16,-9.76,356.24,366
24.4,24.4,0,-24.4,9.76,9.76,53.68,-53.68,39.04,-9.76,356.24,361.12
4.88,9.76,4.88,-4.88,0,4.88,39.04,-68.32,29.28,-19.52,336.72,341.6
9.76,4.88,-4.88,-4.88,4.88,0,34.16,-63.44,19.52,-14.64,336.72,341.6
19.52,4.88,-14.64,-9.76,14.64,-4.88,34.16,-68.32,14.64,-14.64,346.48,351.36
29.28,19.52,-9.76,-24.4,19.52,4.88,29.28,-87.84,4.88,-24.4,346.48,361.12
39.04,9.76,-29.28,-24.4,34.16,-9.76,29.28,-97.6,-9.76,-29.28,341.6,341.6
14.64,-4.88,-19.52,-4.88,14.64,-14.64,29.28,-97.6,-9.76,-29.28,336.72,336.72
9.76,-24.4,-34.16,9.76,19.52,-29.28,34.16,-92.72,-9.76,-24.4,331.84,336.72
-4.88,-34.16,-29.28,19.52,9.76,-34.16,34.16,-87.84,-4.88,-19.52,322.08,336.72
-24.4,-24.4,0,24.4,-14.64,-14.64,34.16,-73.2,4.88,-19.52,331.84,346.48
-43.92,-14.64,29.28,29.28,-39.04,4.88,34.16,-73.2,9.76,-19.52,336.72,351.36
-34.16,-4.88,29.28,19.52,-34.16,9.76,34.16,-73.2,9.76,-24.4,336.72,346.48
-19.52,4.88,24.4,9.76,-24.4,14.64,34.16,-78.08,0,-29.28,341.6,351.36
-14.64,-14.64,0,14.64,-9.76,-9.76,14.64,-78.08,-9.76,-39.04,326.96,356.24
-19.52,-14.64,4.88,19.52,-14.64,-4.88,4.88,-78.08,-14.64,-39.04,326.96,341.6
0,-24.4,-24.4,14.64,9.76,-24.4,0,-78.08,-29.28,-43.92,322.08,331.84
4.88,-34.16,-39.04,14.64,19.52,-39.04,4.88,-78.08,-24.4,-43.92,317.2,317.2
-14.64,-48.8,-34.16,34.16,9.76,-43.92,9.76,-73.2,-19.52,-39.04,322.08,331.84
-14.64,-14.64,0,14.64,-9.76,-9.76,19.52,-63.44,-14.64,-34.16,326.96,341.6
0,9.76,9.76,-4.88,-4.88,9.76,29.28,-58.56,-4.88,-24.4,331.84,346.48
-9.76,19.52,29.28,-4.88,-19.52,24.4,34.16,-58.56,0,-19.52,336.72,351.36
-43.92,-24.4,19.52,34.16,-34.16,-4.88,24.4,-63.44,-4.88,-24.4,326.96,351.36
-43.92,-39.04,4.88,43.92,-24.4,-19.52,19.52,-68.32,-19.52,-39.04,326.96,346.48
-53.68,-53.68,0,53.68,-29.28,-29.28,19.52,-73.2,-24.4,-43.92,326.96,336.72
-68.32,-68.32,0,68.32,-34.16,-34.16,19.52,-78.08,-24.4,-48.8,307.44,331.84
-58.56,-48.8,9.76,53.68,-34.16,-19.52,29.28,-73.2,-19.52,-39.04,307.44,346.48
-48.8,-48.8,0,48.8,-24.4,-24.4,29.28,-68.32,-14.64,-39.04,312.32,346.48
-43.92,-39.04,4.88,43.92,-24.4,-19.52,34.16,-58.56,-9.76,-39.04,331.84,346.48
-34.16,-14.64,19.52,24.4,-29.28,0,39.04,-48.8,-4.88,-29.28,341.6,336.72
-24.4,9.76,34.16,9.76,-29.28,19.52,48.8,-43.92,-4.88,-34.16,341.6,351.36
-24.4,14.64,39.04,4.88,-34.16,24.4,48.8,-34.16,0,-34.16,356.24,361.12
-14.64,14.64,29.28,0,-24.4,19.52,53.68,-34.16,9.76,-29.28,356.24,366
-14.64,19.52,34.16,0,-24.4,24.4,53.68,-34.16,14.64,-29.28,351.36,366
-14.64,4.88,19.52,4.88,-19.52,9.76,39.04,-48.8,14.64,-24.4,351.36,356.24
-24.4,-14.64,9.76,19.52,-19.52,-4.88,39.04,-48.8,4.88,-24.4,346.48,366
-24.4,-19.52,4.88,24.4,-14.64,-9.76,39.04,-34.16,0,-24.4,346.48,366
-19.52,-14.64,4.88,19.52,-14.64,-4.88,39.04,-34.16,0,-19.52,351.36,366
-24.4,-19.52,4.88,24.4,-14.64,-9.76,29.28,-24.4,-9.76,-24.4,341.6,351.36
-48.8,-9.76,39.04,29.28,-43.92,14.64,29.28,-24.4,-9.76,-34.16,336.72,351.36
-53.68,19.52,73.2,19.52,-63.44,43.92,29.28,-24.4,-9.76,-39.04,331.84,351.36
-53.68,29.28,82.96,14.64,-68.32,53.68,29.28,-19.52,-9.76,-39.04,331.84,351.36
-34.16,24.4,58.56,4.88,-48.8,39.04,48.8,-9.76,-4.88,-34.16,351.36,356.24
-24.4,24.4,48.8,0,-39.04,34.16,53.68,-4.88,9.76,-24.4,361.12,366
-19.52,19.52,39.04,0,-29.28,29.28,58.56,9.76,19.52,-19.52,366,385.52
-14.64,19.52,34.16,0,-24.4,24.4,63.44,-4.88,24.4,-14.64,366,390.4
-24.4,14.64,39.04,4.88,-34.16,24.4,58.56,-9.76,9.76,-24.4,361.12,385.52
-19.52,14.64,34.16,4.88,-29.28,24.4,53.68,-9.76,0,-19.52,361.12,380.64
-19.52,29.28,48.8,-4.88,-34.16,39.04,48.8,-14.64,-4.88,-19.52,361.12,370.88
-4.88,24.4,29.28,-9.76,-19.52,24.4,43.92,-24.4,-14.64,-19.52,356.24,361.12
24.4,-4.88,-29.28,-9.76,24.4,-19.52,63.44,4.88,14.64,-9.76,380.64,380.64
14.64,-9.76,-24.4,0,19.52,-19.52,78.08,14.64,29.28,0,380.64,395.28
-29.28,14.64,43.92,9.76,-39.04,29.28,78.08,19.52,39.04,9.76,390.4,405.04
-58.56,39.04,97.6,9.76,-78.08,68.32,58.56,19.52,39.04,9.76,390.4,400.16
-34.16,34.16,68.32,0,-53.68,48.8,48.8,14.64,24.4,4.88,380.64,395.28
-19.52,29.28,48.8,-4.88,-34.16,39.04,48.8,9.76,19.52,0,380.64,390.4
-4.88,24.4,29.28,-9.76,-19.52,24.4,48.8,4.88,14.64,-4.88,380.64,385.52
9.76,19.52,9.76,-14.64,0,14.64,48.8,0,9.76,-9.76,380.64,380.64
0,9.76,9.76,-4.88,-4.88,9.76,39.04,0,9.76,-9.76,380.64,375.76
-9.76,4.88,14.64,4.88,-14.64,9.76,43.92,0,0,-9.76,385.52,380.64
-14.64,-4.88,9.76,9.76,-14.64,0,43.92,-4.88,9.76,-9.76,385.52,385.52
-24.4,-14.64,9.76,19.52,-19.52,-4.88,43.92,-4.88,9.76,-4.88,385.52,390.4
-14.64,-14.64,0,14.64,-9.76,-9.76,53.68,-4.88,9.76,-9.76,380.64,380.64
-9.76,-4.88,4.88,9.76,-9.76,0,53.68,-4.88,4.88,-9.76,375.76,385.52
-9.76,-4.88,4.88,9.76,-9.76,0,58.56,-4.88,0,-14.64,375.76,395.28
-9.76,-9.76,0,9.76,-4.88,-4.88,58.56,-4.88,-4.88,-19.52,370.88,395.28
-9.76,-29.28,-19.52,19.52,4.88,-24.4,73.2,-4.88,0,-14.64,375.76,400.16
-9.76,-14.64,-4.88,14.64,-4.88,-9.76,73.2,0,4.88,-9.76,380.64,400.16
-9.76,-4.88,4.88,9.76,-9.76,0,73.2,4.88,-4.88,-9.76,385.52,390.4
-14.64,-14.64,0,14.64,-9.76,-9.76,73.2,9.76,0,-4.88,385.52,385.52
-19.52,-9.76,9.76,14.64,-14.64,0,48.8,-4.88,-4.88,-4.88,380.64,385.52
-24.4,-4.88,19.52,14.64,-24.4,4.88,53.68,-4.88,-4.88,-9.76,380.64,385.52
-14.64,4.88,19.52,4.88,-19.52,9.76,53.68,-4.88,4.88,-9.76,380.64,390.4
-19.52,9.76,29.28,4.88,-24.4,19.52,48.8,-9.76,0,-14.64,375.76,390.4
-24.4,0,24.4,14.64,-24.4,9.76,63.44,0,0,-4.88,385.52,400.16
-34.16,9.76,43.92,14.64,-39.04,24.4,63.44,-9.76,0,0,385.52,400.16
-39.04,19.52,58.56,9.76,-48.8,39.04,78.08,0,4.88,9.76,390.4,400.16
-43.92,19.52,63.44,14.64,-53.68,39.04,87.84,9.76,9.76,9.76,400.16,405.04
-24.4,34.16,58.56,-4.88,-43.92,43.92,78.08,0,9.76,9.76,400.16,405.04
-19.52,43.92,63.44,-9.76,-43.92,53.68,73.2,-4.88,9.76,9.76,400.16,409.92
-19.52,53.68,73.2,-14.64,-48.8,63.44,73.2,-4.88,4.88,9.76,400.16,409.92
-9.76,68.32,78.08,-29.28,-43.92,73.2,73.2,-4.88,4.88,9.76,405.04,409.92
24.4,87.84,63.44,-53.68,-19.52,73.2,92.72,0,29.28,14.64,409.92,414.8
43.92,107.36,63.44,-73.2,-9.76,82.96,97.6,9.76,34.16,24.4,414.8,429.44
58.56,117.12,58.56,-87.84,0,87.84,102.48,34.16,43.92,34.16,429.44,448.96
78.08,117.12,39.04,-97.6,19.52,78.08,102.48,39.04,58.56,48.8,439.2,458.72
68.32,112.24,43.92,-87.84,9.76,78.08,87.84,19.52,39.04,39.04,434.32,448.96
53.68,102.48,48.8,-78.08,0,73.2,63.44,0,29.28,29.28,419.68,434.32
39.04,97.6,58.56,-68.32,-9.76,78.08,53.68,0,19.52,19.52,414.8,424.56
39.04,107.36,68.32,-73.2,-14.64,87.84,48.8,-9.76,14.64,14.64,414.8,419.68
39.04,107.36,68.32,-73.2,-14.64,87.84,53.68,4.88,29.28,29.28,434.32,429.44
39.04,117.12,78.08,-78.08,-19.52,97.6,68.32,24.4,39.04,39.04,439.2,444.08
43.92,107.36,63.44,-73.2,-9.76,82.96,73.2,29.28,43.92,43.92,444.08,448.96
48.8,107.36,58.56,-78.08,-4.88,82.96,68.32,19.52,39.04,43.92,444.08,453.84
63.44,97.6,34.16,-78.08,14.64,63.44,58.56,19.52,34.16,43.92,434.32,453.84
73.2,92.72,19.52,-82.96,24.4,53.68,58.56,19.52,29.28,34.16,434.32,453.84
87.84,97.6,9.76,-92.72,39.04,53.68,53.68,14.64,24.4,34.16,434.32,448.96
97.6,102.48,4.88,-97.6,43.92,53.68,48.8,4.88,19.52,29.28,429.44,444.08
68.32,73.2,4.88,-68.32,29.28,39.04,24.4,0,9.76,14.64,419.68,434.32
48.8,53.68,4.88,-48.8,19.52,29.28,19.52,-14.64,4.88,9.76,414.8,429.44
39.04,48.8,9.76,-43.92,14.64,29.28,0,-34.16,-9.76,4.88,409.92,419.68
29.28,58.56,29.28,-43.92,0,43.92,-14.64,-43.92,-29.28,-9.76,395.28,414.8
39.04,34.16,-4.88,-34.16,19.52,14.64,0,-48.8,-19.52,-9.76,395.28,419.68
39.04,14.64,-24.4,-24.4,29.28,-4.88,4.88,-43.92,-24.4,-14.64,385.52,414.8
19.52,-4.88,-24.4,-4.88,19.52,-14.64,14.64,-34.16,-24.4,-14.64,385.52,414.8
9.76,-19.52,-29.28,4.88,19.52,-24.4,29.28,-24.4,-24.4,-9.76,395.28,414.8
14.64,-24.4,-39.04,4.88,24.4,-34.16,43.92,-34.16,-24.4,0,405.04,424.56
4.88,-24.4,-29.28,9.76,14.64,-29.28,43.92,-34.16,-29.28,-9.76,395.28,414.8
0,-43.92,-43.92,24.4,19.52,-43.92,43.92,-34.16,-34.16,-14.64,385.52,409.92
-19.52,-53.68,-34.16,39.04,4.88,-43.92,39.04,-43.92,-39.04,-14.64,385.52,405.04
-34.16,-53.68,-19.52,43.92,-9.76,-39.04,29.28,-53.68,-53.68,-34.16,370.88,385.52
-34.16,-53.68,-19.52,43.92,-9.76,-39.04,19.52,-63.44,-53.68,-39.04,366,385.52
-39.04,-58.56,-19.52,48.8,-9.76,-39.04,0,-78.08,-63.44,-43.92,366,380.64
-39.04,-58.56,-19.52,48.8,-9.76,-39.04,-14.64,-82.96,-73.2,-48.8,361.12,375.76
-43.92,-68.32,-24.4,58.56,-9.76,-48.8,-19.52,-97.6,-78.08,-58.56,346.48,361.12
-53.68,-73.2,-19.52,63.44,-19.52,-48.8,-19.52,-107.36,-87.84,-63.44,341.6,356.24
-63.44,-73.2,-9.76,68.32,-29.28,-43.92,-19.52,-112.24,-92.72,-63.44,336.72,356.24
-73.2,-82.96,-9.76,78.08,-34.16,-48.8,-14.64,-112.24,-102.48,-73.2,326.96,351.36
-63.44,-68.32,-4.88,68.32,-29.28,-39.04,-4.88,-107.36,-97.6,-68.32,341.6,356.24
-53.68,-68.32,-14.64,63.44,-19.52,-43.92,-4.88,-102.48,-87.84,-58.56,346.48,361.12
-58.56,-63.44,-4.88,63.44,-29.28,-34.16,-4.88,-97.6,-82.96,-53.68,351.36,366
-58.56,-73.2,-14.64,68.32,-24.4,-43.92,-4.88,-92.72,-78.08,-48.8,356.24,370.88
-68.32,-73.2,-4.88,73.2,-34.16,-39.04,4.88,-92.72,-68.32,-39.04,366,380.64
-53.68,-58.56,-4.88,58.56,-24.4,-34.16,4.88,-92.72,-68.32,-39.04,366,380.64
-48.8,-43.92,4.88,48.8,-29.28,-19.52,4.88,-92.72,-68.32,-39.04,366,380.64
-48.8,-43.92,4.88,48.8,-29.28,-19.52,-4.88,-102.48,-78.08,-43.92,361.12,375.76
-39.04,-39.04,0,39.04,-19.52,-19.52,-19.52,-112.24,-82.96,-48.8,351.36,361.12
-39.04,-43.92,-4.88,43.92,-19.52,-24.4,-19.52,-112.24,-87.84,-48.8,351.36,361.12
-34.16,-34.16,0,34.16,-19.52,-19.52,-14.64,-112.24,-92.72,-48.8,351.36,361.12
-19.52,-24.4,-4.88,24.4,-9.76,-14.64,-14.64,-112.24,-97.6,-48.8,351.36,361.12
-19.52,-43.92,-24.4,34.16,0,-34.16,-9.76,-97.6,-92.72,-43.92,356.24,375.76
-24.4,-48.8,-24.4,39.04,0,-39.04,-4.88,-92.72,-87.84,-39.04,361.12,380.64
-34.16,-68.32,-34.16,53.68,0,-53.68,0,-87.84,-82.96,-34.16,366,385.52
-53.68,-107.36,-53.68,82.96,0,-82.96,4.88,-82.96,-78.08,-29.28,375.76,390.4
-53.68,-122,-68.32,87.84,4.88,-97.6,0,-87.84,-92.72,-43.92,375.76,385.52
-53.68,-122,-68.32,87.84,4.88,-97.6,-4.88,-92.72,-97.6,-48.8,370.88,380.64
-43.92,-117.12,-73.2,82.96,14.64,-97.6,-9.76,-97.6,-102.48,-48.8,361.12,375.76
-43.92,-117.12,-73.2,82.96,14.64,-97.6,-14.64,-97.6,-102.48,-53.68,351.36,370.88
-43.92,-97.6,-53.68,73.2,4.88,-78.08,0,-87.84,-97.6,-48.8,356.24,375.76
-48.8,-87.84,-39.04,68.32,-4.88,-63.44,0,-82.96,-92.72,-43.92,361.12,380.64
-48.8,-73.2,-24.4,63.44,-14.64,-48.8,0,-82.96,-92.72,-43.92,366,380.64
-43.92,-43.92,0,43.92,-24.4,-24.4,-4.88,-82.96,-87.84,-39.04,370.88,380.64
-43.92,-48.8,-4.88,48.8,-19.52,-29.28,-9.76,-87.84,-97.6,-39.04,366,370.88
-43.92,-39.04,4.88,43.92,-24.4,-19.52,-14.64,-97.6,-92.72,-39.04,366,375.76
-34.16,-39.04,-4.88,39.04,-14.64,-24.4,-19.52,-102.48,-92.72,-39.04,366,375.76
-29.28,-39.04,-9.76,34.16,-9.76,-24.4,-19.52,-102.48,-92.72,-39.04,366,375.76
0,-48.8,-48.8,24.4,24.4,-48.8,14.64,-73.2,-78.08,-39.04,375.76,390.4
-29.28,-68.32,-39.04,48.8,4.88,-53.68,24.4,-58.56,-87.84,-39.04,375.76,375.76
-58.56,-63.44,-4.88,63.44,-29.28,-34.16,29.28,-43.92,-87.84,-19.52,370.88,375.76
-24.4,-43.92,-19.52,34.16,-4.88,-34.16,39.04,-29.28,-68.32,-9.76,380.64,385.52
24.4,-19.52,-43.92,0,34.16,-34.16,34.16,-14.64,-63.44,9.76,380.64,375.76
43.92,-4.88,-48.8,-19.52,43.92,-29.28,48.8,58.56,-19.52,39.04,390.4,380.64
34.16,14.64,-19.52,-24.4,24.4,-4.88,112.24,180.56,73.2,117.12,448.96,429.44
9.76,39.04,29.28,-24.4,-9.76,34.16,185.44,317.2,175.68,219.6,527.04,488
29.28,58.56,29.28,-43.92,0,43.92,219.6,434.32,278.16,331.84,605.12,546.56
78.08,82.96,4.88,-78.08,34.16,43.92,248.88,551.44,385.52,429.44,678.32,624.64
117.12,112.24,-4.88,-112.24,58.56,53.68,263.52,678.32,478.24,541.68,756.4,678.32
170.8,146.4,-24.4,-156.16,97.6,58.56,253.76,810.08,570.96,649.04,829.6,746.64
248.88,204.96,-43.92,-224.48,146.4,78.08,234.24,932.08,692.96,771.04,917.44,824.72
287.92,297.68,9.76,-292.8,136.64,151.28,219.6,1010.16,795.44,883.28,1010.16,897.92
326.96,370.88,43.92,-346.48,141.52,204.96,131.76,951.6,868.64,976,1088.24,985.76
400.16,414.8,14.64,-405.04,190.32,214.72,-19.52,785.68,907.68,1063.84,1166.32,1054.08
492.88,439.2,-53.68,-463.6,273.28,190.32,-190.32,600.24,902.8,1102.88,1200.48,1088.24
541.68,434.32,-107.36,-488,322.08,161.04,-326.96,473.36,893.04,1112.64,1190.72,1078.48
541.68,400.16,-141.52,-468.48,341.6,126.88,-395.28,434.32,912.56,1122.4,1185.84,1058.96
478.24,375.76,-102.48,-424.56,287.92,136.64,-405.04,366,893.04,1112.64,1156.56,1039.44
361.12,351.36,-9.76,-356.24,185.44,170.8,-439.2,190.32,766.16,995.52,1078.48,980.88
268.4,239.12,-29.28,-253.76,146.4,102.48,-429.44,43.92,561.2,790.56,922.32,878.4
204.96,43.92,-161.04,-122,180.56,-58.56,-400.16,-24.4,361.12,561.2,751.52,732
131.76,-92.72,-224.48,-19.52,175.68,-161.04,-448.96,-131.76,156.16,341.6,566.08,575.84
68.32,-146.4,-214.72,39.04,141.52,-180.56,-488,-312.32,-48.8,136.64,414.8,434.32
34.16,-185.44,-219.6,78.08,126.88,-204.96,-453.84,-483.12,-224.48,-24.4,312.32,346.48
-9.76,-239.12,-229.36,126.88,107.36,-234.24,-375.76,-570.96,-307.44,-107.36,278.16,312.32
-39.04,-263.52,-224.48,151.28,92.72,-244,-331.84,-507.52,-297.68,-107.36,273.28,312.32
4.88,-224.48,-229.36,112.24,117.12,-229.36,-287.92,-385.52,-239.12,-63.44,297.68,322.08
73.2,-180.56,-253.76,53.68,161.04,-219.6,-263.52,-317.2,-204.96,-24.4,317.2,336.72
73.2,-141.52,-214.72,34.16,141.52,-180.56,-239.12,-292.8,-190.32,-14.64,336.72,346.48
63.44,-122,-185.44,29.28,122,-156.16,-204.96,-258.64,-170.8,4.88,341.6,356.24
92.72,-136.64,-229.36,24.4,161.04,-185.44,-165.92,-219.6,-141.52,29.28,370.88,370.88
68.32,-131.76,-200.08,34.16,131.76,-165.92,-156.16,-214.72,-141.52,24.4,361.12,361.12
4.88,-136.64,-141.52,68.32,73.2,-141.52,-146.4,-214.72,-151.28,14.64,346.48,341.6
4.88,-146.4,-151.28,73.2,78.08,-151.28,-117.12,-200.08,-136.64,24.4,356.24,356.24
19.52,-156.16,-175.68,68.32,97.6,-165.92,-87.84,-170.8,-126.88,34.16,366,370.88
-4.88,-136.64,-131.76,73.2,63.44,-136.64,-78.08,-165.92,-117.12,34.16,370.88,366
-14.64,-102.48,-87.84,58.56,34.16,-97.6,-63.44,-151.28,-112.24,34.16,366,366
-39.04,-126.88,-87.84,82.96,24.4,-107.36,-19.52,-117.12,-87.84,63.44,390.4,395.28
-68.32,-156.16,-87.84,112.24,9.76,-122,14.64,-97.6,-63.44,82.96,414.8,419.68
-29.28,-97.6,-68.32,63.44,19.52,-82.96,14.64,-97.6,-53.68,82.96,424.56,419.68
-14.64,-58.56,-43.92,39.04,14.64,-53.68,14.64,-107.36,-53.68,92.72,439.2,439.2
-14.64,-43.92,-29.28,29.28,4.88,-39.04,24.4,-97.6,-48.8,97.6,439.2,424.56
-14.64,-29.28,-14.64,24.4,0,-24.4,24.4,-82.96,-48.8,97.6,439.2,419.68
-14.64,-19.52,-4.88,19.52,-4.88,-14.64,19.52,-78.08,-53.68,92.72,434.32,419.68
-29.28,-29.28,0,29.28,-14.64,-14.64,9.76,-82.96,-68.32,78.08,419.68,409.92
-43.92,-58.56,-14.64,53.68,-14.64,-39.04,9.76,-82.96,-68.32,73.2,414.8,409.92
-63.44,-68.32,-4.88,68.32,-29.28,-39.04,9.76,-87.84,-73.2,58.56,424.56,414.8
-68.32,-73.2,-4.88,73.2,-34.16,-39.04,4.88,-87.84,-78.08,53.68,419.68,414.8
-48.8,-53.68,-4.88,53.68,-24.4,-29.28,-9.76,-107.36,-78.08,53.68,419.68,414.8
-43.92,-48.8,-4.88,48.8,-19.52,-29.28,-9.76,-112.24,-73.2,58.56,424.56,424.56
-43.92,-53.68,-9.76,48.8,-19.52,-34.16,-4.88,-112.24,-73.2,63.44,429.44,429.44
-43.92,-48.8,-4.88,48.8,-19.52,-29.28,-4.88,-112.24,-73.2,63.44,439.2,434.32
-43.92,-43.92,0,43.92,-24.4,-24.4,0,-112.24,-78.08,58.56,439.2,434.32
-43.92,-53.68,-9.76,48.8,-19.52,-34.16,9.76,-107.36,-73.2,58.56,439.2,429.44
-43.92,-53.68,-9.76,48.8,-19.52,-34.16,9.76,-97.6,-73.2,58.56,434.32,429.44
-48.8,-43.92,4.88,48.8,-29.28,-19.52,4.88,-97.6,-73.2,53.68,429.44,419.68
-48.8,-48.8,0,48.8,-24.4,-24.4,4.88,-107.36,-78.08,43.92,429.44,419.68
-48.8,-58.56,-9.76,53.68,-19.52,-34.16,4.88,-112.24,-78.08,43.92,434.32,419.68
-34.16,-68.32,-34.16,53.68,0,-53.68,4.88,-112.24,-78.08,43.92,444.08,429.44
-34.16,-73.2,-39.04,53.68,0,-58.56,0,-122,-73.2,48.8,444.08,429.44
-39.04,-63.44,-24.4,53.68,-9.76,-43.92,0,-112.24,-82.96,58.56,434.32,429.44
-39.04,-58.56,-19.52,48.8,-9.76,-39.04,0,-112.24,-82.96,58.56,434.32,434.32
-43.92,-58.56,-14.64,53.68,-14.64,-39.04,9.76,-97.6,-78.08,63.44,439.2,434.32
-58.56,-53.68,4.88,58.56,-34.16,-24.4,19.52,-82.96,-73.2,68.32,444.08,444.08
-63.44,-82.96,-19.52,73.2,-24.4,-53.68,29.28,-73.2,-58.56,73.2,448.96,439.2
-68.32,-87.84,-19.52,78.08,-24.4,-53.68,24.4,-73.2,-53.68,73.2,453.84,434.32
-82.96,-92.72,-9.76,87.84,-39.04,-53.68,24.4,-73.2,-48.8,78.08,458.72,439.2
-87.84,-92.72,-4.88,92.72,-43.92,-48.8,19.52,-73.2,-43.92,82.96,463.6,448.96
-58.56,-73.2,-14.64,68.32,-24.4,-43.92,14.64,-82.96,-63.44,78.08,458.72,453.84
-48.8,-34.16,14.64,43.92,-34.16,-9.76,9.76,-87.84,-68.32,68.32,453.84,448.96
-39.04,-34.16,4.88,39.04,-24.4,-14.64,-4.88,-97.6,-73.2,58.56,444.08,444.08
-34.16,-19.52,14.64,29.28,-24.4,-4.88,-9.76,-102.48,-73.2,53.68,434.32,434.32
-43.92,4.88,48.8,19.52,-48.8,24.4,0,-97.6,-68.32,68.32,434.32,434.32
-43.92,-4.88,39.04,24.4,-43.92,14.64,4.88,-82.96,-63.44,73.2,439.2,439.2
-43.92,0,43.92,24.4,-43.92,19.52,4.88,-68.32,-48.8,73.2,444.08,444.08
-39.04,9.76,48.8,14.64,-43.92,29.28,4.88,-58.56,-43.92,82.96,458.72,453.84
-48.8,4.88,53.68,24.4,-53.68,29.28,24.4,-43.92,-34.16,92.72,473.36,468.48
-48.8,-24.4,24.4,39.04,-39.04,0,29.28,-39.04,-29.28,97.6,483.12,478.24
-48.8,-48.8,0,48.8,-24.4,-24.4,29.28,-48.8,-29.28,97.6,483.12,483.12
-63.44,-78.08,-14.64,73.2,-24.4,-48.8,29.28,-43.92,-24.4,102.48,483.12,483.12
-68.32,-87.84,-19.52,78.08,-24.4,-53.68,39.04,-39.04,-29.28,107.36,488,483.12
-48.8,-73.2,-24.4,63.44,-14.64,-48.8,39.04,-34.16,-24.4,107.36,488,488
-34.16,-68.32,-34.16,53.68,0,-53.68,34.16,-34.16,-24.4,112.24,488,492.88
-39.04,-63.44,-24.4,53.68,-9.76,-43.92,34.16,-29.28,-24.4,112.24,488,492.88
-53.68,-73.2,-19.52,63.44,-19.52,-48.8,24.4,-39.04,-29.28,107.36,483.12,483.12
-53.68,-58.56,-4.88,58.56,-24.4,-34.16,14.64,-39.04,-29.28,107.36,478.24,483.12
-58.56,-43.92,14.64,53.68,-39.04,-14.64,4.88,-43.92,-29.28,107.36,488,488
-58.56,-53.68,4.88,58.56,-34.16,-24.4,-9.76,-53.68,-29.28,107.36,483.12,492.88
-68.32,-63.44,4.88,68.32,-39.04,-29.28,-9.76,-63.44,-29.28,102.48,478.24,483.12
-63.44,-63.44,0,63.44,-34.16,-34.16,-14.64,-63.44,-34.16,102.48,458.72,473.36
-53.68,-73.2,-19.52,63.44,-19.52,-48.8,-14.64,-58.56,-34.16,97.6,453.84,473.36
-43.92,-53.68,-9.76,48.8,-19.52,-34.16,-14.64,-58.56,-39.04,92.72,468.48,478.24
-29.28,-39.04,-9.76,34.16,-9.76,-24.4,9.76,-48.8,-29.28,112.24,488,492.88
-14.64,-24.4,-9.76,19.52,-4.88,-19.52,0,-43.92,-24.4,117.12,488,497.76
-9.76,-24.4,-14.64,19.52,0,-19.52,4.88,-34.16,-14.64,126.88,497.76,497.76
-4.88,-19.52,-14.64,14.64,4.88,-19.52,9.76,-29.28,-4.88,131.76,497.76,502.64
0,4.88,4.88,0,-4.88,4.88,4.88,-39.04,-14.64,122,488,512.4
0,-4.88,-4.88,4.88,0,-4.88,0,-39.04,-14.64,122,488,517.28
-9.76,0,9.76,4.88,-9.76,4.88,-9.76,-39.04,-14.64,126.88,492.88,522.16
9.76,4.88,-4.88,-4.88,4.88,0,-14.64,-39.04,-14.64,131.76,497.76,536.8
43.92,9.76,-34.16,-24.4,39.04,-14.64,-14.64,-43.92,-14.64,131.76,507.52,527.04
63.44,24.4,-39.04,-43.92,48.8,-9.76,-14.64,-43.92,-14.64,131.76,507.52,527.04
53.68,14.64,-39.04,-34.16,43.92,-14.64,-9.76,-39.04,-9.76,136.64,517.28,531.92
48.8,0,-48.8,-24.4,48.8,-24.4,-4.88,-39.04,-4.88,146.4,522.16,541.68
24.4,-9.76,-34.16,-4.88,29.28,-24.4,-14.64,-43.92,-14.64,136.64,512.4,531.92
24.4,-4.88,-29.28,-9.76,24.4,-19.52,-24.4,-39.04,-9.76,131.76,507.52,531.92
39.04,0,-39.04,-19.52,39.04,-19.52,-29.28,-39.04,-9.76,131.76,522.16,536.8
39.04,0,-39.04,-19.52,39.04,-19.52,-43.92,-43.92,-4.88,131.76,527.04,541.68
24.4,-9.76,-34.16,-4.88,29.28,-24.4,-48.8,-34.16,-4.88,146.4,522.16,556.32
4.88,0,-4.88,0,4.88,-4.88,-48.8,-34.16,-4.88,146.4,527.04,556.32
14.64,-9.76,-24.4,0,19.52,-19.52,-48.8,-34.16,4.88,156.16,531.92,556.32
24.4,-24.4,-48.8,0,34.16,-39.04,-58.56,-39.04,4.88,161.04,531.92,556.32
43.92,-14.64,-58.56,-14.64,48.8,-39.04,-58.56,-39.04,4.88,161.04,536.8,561.2
48.8,0,-48.8,-24.4,48.8,-24.4,-53.68,-39.04,4.88,161.04,536.8,566.08
53.68,9.76,-43.92,-29.28,48.8,-19.52,-48.8,-29.28,4.88,161.04,527.04,566.08
58.56,14.64,-43.92,-34.16,48.8,-14.64,-39.04,-29.28,14.64,165.92,546.56,570.96
53.68,14.64,-39.04,-34.16,43.92,-14.64,-43.92,-39.04,4.88,165.92,546.56,566.08
53.68,24.4,-29.28,-39.04,39.04,-4.88,-58.56,-39.04,-4.88,161.04,546.56,575.84
48.8,34.16,-14.64,-39.04,29.28,9.76,-63.44,-48.8,-9.76,146.4,541.68,575.84
24.4,34.16,9.76,-29.28,4.88,19.52,-78.08,-58.56,-9.76,141.52,541.68,566.08
24.4,9.76,-14.64,-14.64,19.52,-4.88,-97.6,-58.56,-4.88,156.16,556.32,570.96
39.04,9.76,-29.28,-24.4,34.16,-9.76,-82.96,-48.8,0,161.04,561.2,580.72
48.8,29.28,-19.52,-39.04,34.16,4.88,-82.96,-48.8,0,161.04,561.2,590.48
63.44,29.28,-34.16,-43.92,48.8,-4.88,-82.96,-53.68,0,161.04,561.2,595.36
53.68,19.52,-34.16,-34.16,43.92,-9.76,-82.96,-53.68,0,161.04,566.08,595.36
53.68,19.52,-34.16,-34.16,43.92,-9.76,-78.08,-53.68,4.88,165.92,566.08,595.36
53.68,24.4,-29.28,-39.04,39.04,-4.88,-73.2,-58.56,4.88,170.8,570.96,605.12
53.68,24.4,-29.28,-39.04,39.04,-4.88,-68.32,-63.44,4.88,170.8,580.72,605.12
24.4,-4.88,-29.28,-9.76,24.4,-19.52,-73.2,-53.68,14.64,180.56,580.72,610
43.92,9.76,-34.16,-24.4,39.04,-14.64,-73.2,-48.8,14.64,175.68,580.72,605.12
29.28,14.64,-14.64,-19.52,19.52,0,-68.32,-63.44,14.64,175.68,580.72,610
19.52,14.64,-4.88,-14.64,9.76,4.88,-68.32,-58.56,4.88,185.44,585.6,614.88
4.88,0,-4.88,0,4.88,-4.88,-82.96,-58.56,-4.88,170.8,575.84,610
0,-9.76,-9.76,4.88,4.88,-9.76,-78.08,-63.44,-4.88,165.92,575.84,605.12
-4.88,-14.64,-9.76,9.76,0,-14.64,-82.96,-68.32,-4.88,161.04,570.96,600.24
14.64,4.88,-9.76,-9.76,9.76,-4.88,-87.84,-73.2,-4.88,151.28,561.2,600.24
24.4,24.4,0,-24.4,9.76,9.76,-78.08,-63.44,-14.64,151.28,570.96,600.24
9.76,14.64,4.88,-9.76,0,9.76,-78.08,-63.44,-14.64,151.28,566.08,590.48
9.76,43.92,34.16,-24.4,-14.64,39.04,-73.2,-73.2,-14.64,151.28,556.32,590.48
9.76,29.28,19.52,-19.52,-4.88,24.4,-73.2,-73.2,-14.64,146.4,556.32,580.72
19.52,29.28,9.76,-24.4,4.88,19.52,-78.08,-78.08,-24.4,131.76,546.56,570.96
29.28,24.4,-4.88,-24.4,14.64,9.76,-82.96,-87.84,-34.16,126.88,546.56,566.08
29.28,24.4,-4.88,-24.4,14.64,9.76,-73.2,-92.72,-34.16,126.88,546.56,566.08
34.16,19.52,-14.64,-24.4,24.4,0,-78.08,-97.6,-34.16,122,541.68,566.08
34.16,9.76,-24.4,-19.52,29.28,-9.76,-58.56,-82.96,-24.4,126.88,551.44,575.84
24.4,0,-24.4,-9.76,24.4,-14.64,-48.8,-73.2,-19.52,136.64,556.32,585.6
4.88,-9.76,-14.64,4.88,9.76,-14.64,-29.28,-63.44,-9.76,146.4,561.2,585.6
-4.88,-4.88,0,4.88,-4.88,-4.88,-14.64,-53.68,-9.76,146.4,566.08,595.36
0,14.64,14.64,-4.88,-9.76,14.64,-19.52,-58.56,-14.64,146.4,566.08,600.24
0,9.76,9.76,-4.88,-4.88,9.76,-24.4,-58.56,-14.64,141.52,561.2,600.24
0,9.76,9.76,-4.88,-4.88,9.76,-24.4,-68.32,-19.52,141.52,556.32,590.48
4.88,19.52,14.64,-9.76,-4.88,14.64,-29.28,-73.2,-24.4,131.76,551.44,585.6
0,4.88,4.88,0,-4.88,4.88,-39.04,-73.2,-29.28,126.88,546.56,580.72
0,0,0,0,0,0,-39.04,-82.96,-34.16,117.12,541.68,566.08
-4.88,-4.88,0,4.88,-4.88,-4.88,-34.16,-73.2,-34.16,112.24,536.8,561.2
-4.88,-14.64,-9.76,9.76,0,-14.64,-24.4,-63.44,-39.04,107.36,527.04,561.2
-29.28,0,29.28,14.64,-29.28,14.64,-9.76,-63.44,-34.16,102.48,527.04,570.96
-29.28,0,29.28,14.64,-29.28,14.64,-9.76,-68.32,-48.8,102.48,512.4,556.32
-29.28,-9.76,19.52,19.52,-24.4,4.88,-9.76,-73.2,-53.68,87.84,507.52,556.32
-29.28,-9.76,19.52,19.52,-24.4,4.88,-9.76,-73.2,-58.56,82.96,507.52,566.08
-19.52,-9.76,9.76,14.64,-14.64,0,-19.52,-73.2,-58.56,82.96,507.52,556.32
-34.16,-24.4,9.76,29.28,-24.4,-9.76,-19.52,-73.2,-63.44,87.84,507.52,556.32
-48.8,-34.16,14.64,43.92,-34.16,-9.76,-14.64,-73.2,-63.44,87.84,507.52,536.8
-48.8,-43.92,4.88,48.8,-29.28,-19.52,-14.64,-78.08,-63.44,78.08,507.52,527.04
-43.92,-39.04,4.88,43.92,-24.4,-19.52,0,-68.32,-68.32,82.96,507.52,531.92
-58.56,-39.04,19.52,48.8,-39.04,-9.76,4.88,-63.44,-68.32,82.96,507.52,536.8
-63.44,-39.04,24.4,53.68,-43.92,-9.76,4.88,-63.44,-68.32,78.08,502.64,531.92
-63.44,-34.16,29.28,48.8,-48.8,-4.88,14.64,-58.56,-73.2,78.08,497.76,536.8
-58.56,-48.8,9.76,53.68,-34.16,-19.52,4.88,-63.44,-73.2,63.44,492.88,531.92
-53.68,-43.92,9.76,48.8,-34.16,-19.52,4.88,-63.44,-82.96,58.56,492.88,531.92
-53.68,-58.56,-4.88,58.56,-24.4,-34.16,4.88,-73.2,-87.84,53.68,492.88,531.92
-48.8,-73.2,-24.4,63.44,-14.64,-48.8,4.88,-63.44,-87.84,53.68,492.88,517.28
-39.04,-78.08,-39.04,58.56,0,-58.56,4.88,-53.68,-92.72,58.56,497.76,517.28
-48.8,-78.08,-29.28,63.44,-9.76,-53.68,4.88,-53.68,-82.96,58.56,492.88,527.04
-58.56,-73.2,-14.64,68.32,-24.4,-43.92,4.88,-63.44,-78.08,53.68,488,536.8
-73.2,-73.2,0,73.2,-39.04,-39.04,4.88,-63.44,-78.08,48.8,483.12,527.04
-92.72,-87.84,4.88,92.72,-48.8,-43.92,9.76,-63.44,-73.2,48.8,478.24,527.04
-87.84,-92.72,-4.88,92.72,-43.92,-48.8,14.64,-53.68,-78.08,53.68,483.12,527.04
-78.08,-92.72,-14.64,87.84,-34.16,-53.68,24.4,-53.68,-78.08,53.68,497.76,536.8
-68.32,-78.08,-9.76,73.2,-29.28,-43.92,29.28,-68.32,-82.96,43.92,502.64,546.56
-43.92,-68.32,-24.4,58.56,-9.76,-48.8,4.88,-92.72,-97.6,29.28,488,527.04
-63.44,-63.44,0,63.44,-34.16,-34.16,0,-97.6,-97.6,29.28,483.12,522.16
-63.44,-63.44,0,63.44,-34.16,-34.16,0,-97.6,-97.6,34.16,478.24,522.16
-73.2,-53.68,19.52,63.44,-48.8,-19.52,-4.88,-97.6,-92.72,39.04,468.48,522.16
-68.32,-53.68,14.64,63.44,-43.92,-19.52,4.88,-102.48,-102.48,39.04,468.48,536.8
-82.96,-53.68,29.28,68.32,-58.56,-14.64,4.88,-102.48,-97.6,39.04,473.36,536.8
-68.32,-53.68,14.64,63.44,-43.92,-19.52,4.88,-102.48,-97.6,34.16,473.36,527.04
-48.8,-53.68,-4.88,53.68,-24.4,-29.28,4.88,-107.36,-107.36,29.28,478.24,527.04
-73.2,-53.68,19.52,63.44,-48.8,-19.52,-9.76,-97.6,-107.36,39.04,478.24,546.56
-87.84,-43.92,43.92,68.32,-68.32,0,-14.64,-97.6,-102.48,39.04,483.12,536.8
-78.08,-43.92,34.16,63.44,-58.56,-4.88,-14.64,-97.6,-107.36,34.16,483.12,531.92
-82.96,-43.92,39.04,63.44,-63.44,-4.88,-4.88,-97.6,-92.72,34.16,483.12,522.16
-102.48,-82.96,19.52,92.72,-63.44,-34.16,0,-82.96,-82.96,43.92,497.76,536.8
-102.48,-63.44,39.04,82.96,-73.2,-14.64,9.76,-73.2,-82.96,43.92,502.64,546.56
-87.84,-53.68,34.16,73.2,-63.44,-9.76,19.52,-68.32,-78.08,48.8,507.52,551.44
-97.6,-58.56,39.04,78.08,-68.32,-9.76,24.4,-68.32,-78.08,48.8,512.4,556.32
-102.48,-68.32,34.16,87.84,-68.32,-19.52,14.64,-73.2,-87.84,48.8,502.64,551.44
-92.72,-68.32,24.4,82.96,-58.56,-24.4,9.76,-78.08,-97.6,39.04,502.64,551.44
-92.72,-68.32,24.4,82.96,-58.56,-24.4,9.76,-82.96,-97.6,39.04,502.64,546.56
-97.6,-68.32,29.28,82.96,-63.44,-19.52,9.76,-87.84,-92.72,39.04,483.12,546.56
-87.84,-48.8,39.04,68.32,-63.44,-4.88,0,-97.6,-92.72,39.04,473.36,541.68
-87.84,-48.8,39.04,68.32,-63.44,-4.88,0,-97.6,-92.72,39.04,478.24,541.68
-92.72,-39.04,53.68,68.32,-73.2,4.88,4.88,-92.72,-92.72,39.04,497.76,541.68
-92.72,-14.64,78.08,53.68,-87.84,29.28,9.76,-87.84,-92.72,48.8,507.52,531.92
-78.08,-9.76,68.32,43.92,-73.2,29.28,14.64,-78.08,-82.96,63.44,517.28,556.32
-73.2,-14.64,58.56,43.92,-68.32,19.52,19.52,-63.44,-78.08,63.44,531.92,566.08
-58.56,-24.4,34.16,43.92,-48.8,4.88,29.28,-58.56,-68.32,68.32,531.92,570.96
-53.68,-29.28,24.4,43.92,-39.04,-4.88,34.16,-53.68,-63.44,68.32,527.04,570.96
-73.2,-39.04,34.16,58.56,-53.68,-4.88,19.52,-73.2,-73.2,53.68,527.04,551.44
-92.72,-63.44,29.28,78.08,-63.44,-19.52,19.52,-78.08,-82.96,53.68,522.16,561.2
-102.48,-73.2,29.28,87.84,-68.32,-24.4,19.52,-68.32,-87.84,53.68,522.16,561.2
-107.36,-73.2,34.16,92.72,-73.2,-19.52,19.52,-73.2,-87.84,58.56,527.04,561.2
-78.08,-87.84,-9.76,82.96,-34.16,-48.8,9.76,-63.44,-82.96,68.32,536.8,561.2
-87.84,-78.08,9.76,82.96,-48.8,-34.16,9.76,-63.44,-78.08,63.44,531.92,566.08
-78.08,-48.8,29.28,63.44,-53.68,-9.76,9.76,-63.44,-73.2,63.44,527.04,570.96
-63.44,-39.04,24.4,53.68,-43.92,-9.76,9.76,-58.56,-68.32,68.32,527.04,575.84
-63.44,-43.92,19.52,53.68,-43.92,-14.64,9.76,-73.2,-82.96,63.44,522.16,570.96
-63.44,-43.92,19.52,53.68,-43.92,-14.64,4.88,-73.2,-78.08,63.44,527.04,570.96
-68.32,-48.8,19.52,58.56,-43.92,-14.64,0,-63.44,-78.08,58.56,527.04,580.72
-73.2,-48.8,24.4,63.44,-48.8,-14.64,-4.88,-82.96,-82.96,53.68,522.16,575.84
-78.08,-63.44,14.64,73.2,-48.8,-24.4,0,-78.08,-73.2,53.68,531.92,580.72
-78.08,-63.44,14.64,73.2,-48.8,-24.4,4.88,-68.32,-78.08,58.56,536.8,585.6
-82.96,-48.8,34.16,68.32,-58.56,-9.76,9.76,-63.44,-78.08,58.56,541.68,585.6
-73.2,-53.68,19.52,63.44,-48.8,-19.52,14.64,-63.44,-82.96,58.56,541.68,585.6
-102.48,-112.24,-9.76,107.36,-48.8,-63.44,34.16,-43.92,-63.44,78.08,546.56,595.36
-58.56,-97.6,-39.04,78.08,-9.76,-68.32,39.04,-48.8,-68.32,68.32,536.8,585.6
-73.2,-87.84,-14.64,82.96,-29.28,-53.68,29.28,-48.8,-78.08,68.32,546.56,595.36
-78.08,-87.84,-9.76,82.96,-34.16,-48.8,29.28,-48.8,-78.08,68.32,546.56,595.36
-82.96,-87.84,-4.88,87.84,-39.04,-48.8,29.28,-48.8,-78.08,68.32,546.56,595.36
-87.84,-87.84,0,87.84,-43.92,-43.92,29.28,-48.8,-78.08,68.32,546.56,595.36
-78.08,-73.2,4.88,78.08,-43.92,-34.16,14.64,-58.56,-78.08,58.56,546.56,595.36
-68.32,-63.44,4.88,68.32,-39.04,-29.28,14.64,-58.56,-87.84,58.56,551.44,595.36
-53.68,-58.56,-4.88,58.56,-24.4,-34.16,9.76,-63.44,-78.08,58.56,551.44,595.36
-43.92,-53.68,-9.76,48.8,-19.52,-34.16,4.88,-63.44,-78.08,63.44,551.44,595.36
-53.68,-43.92,9.76,48.8,-34.16,-19.52,-4.88,-73.2,-78.08,58.56,541.68,590.48
-58.56,-34.16,24.4,48.8,-43.92,-4.88,-4.88,-73.2,-82.96,58.56,541.68,590.48
-68.32,-34.16,34.16,53.68,-53.68,0,0,-73.2,-87.84,53.68,546.56,595.36
-78.08,-39.04,39.04,58.56,-58.56,0,0,-73.2,-92.72,48.8,546.56,590.48
-87.84,-63.44,24.4,78.08,-58.56,-19.52,14.64,-73.2,-87.84,53.68,556.32,600.24
-87.84,-53.68,34.16,73.2,-63.44,-9.76,24.4,-68.32,-82.96,58.56,556.32,605.12
-87.84,-48.8,39.04,68.32,-63.44,-4.88,34.16,-63.44,-92.72,58.56,556.32,600.24
-92.72,-63.44,29.28,78.08,-63.44,-19.52,43.92,-58.56,-87.84,63.44,551.44,600.24
-78.08,-53.68,24.4,68.32,-53.68,-14.64,24.4,-58.56,-87.84,68.32,551.44,600.24
-73.2,-43.92,29.28,58.56,-53.68,-9.76,34.16,-53.68,-82.96,68.32,556.32,600.24
-53.68,-29.28,24.4,43.92,-39.04,-4.88,39.04,-48.8,-68.32,73.2,561.2,605.12
-48.8,-19.52,29.28,34.16,-39.04,4.88,39.04,-48.8,-68.32,73.2,561.2,605.12
-58.56,-9.76,48.8,34.16,-53.68,19.52,34.16,-53.68,-73.2,68.32,561.2,605.12
-63.44,0,63.44,34.16,-63.44,29.28,24.4,-68.32,-78.08,68.32,561.2,605.12
-63.44,9.76,73.2,29.28,-68.32,39.04,29.28,-63.44,-78.08,73.2,566.08,605.12
-63.44,9.76,73.2,29.28,-68.32,39.04,29.28,-58.56,-78.08,68.32,575.84,610
-53.68,-9.76,43.92,34.16,-48.8,14.64,48.8,-43.92,-63.44,82.96,580.72,619.76
-58.56,-24.4,34.16,43.92,-48.8,4.88,53.68,-43.92,-58.56,87.84,585.6,634.4
-68.32,-39.04,29.28,53.68,-48.8,-4.88,63.44,-39.04,-58.56,92.72,590.48,644.16
-68.32,-48.8,19.52,58.56,-43.92,-14.64,73.2,-34.16,-53.68,97.6,600.24,653.92
-53.68,-19.52,34.16,39.04,-43.92,4.88,68.32,-39.04,-53.68,87.84,590.48,649.04
-43.92,9.76,53.68,19.52,-48.8,29.28,68.32,-39.04,-53.68,92.72,590.48,653.92
-39.04,29.28,68.32,4.88,-53.68,48.8,68.32,-24.4,-48.8,97.6,600.24,663.68
-29.28,39.04,68.32,-4.88,-48.8,53.68,63.44,-29.28,-39.04,107.36,605.12,663.68
-29.28,34.16,63.44,0,-48.8,48.8,48.8,-39.04,-29.28,107.36,624.64,663.68
-34.16,24.4,58.56,4.88,-48.8,39.04,34.16,-48.8,-29.28,107.36,614.88,658.8
-39.04,19.52,58.56,9.76,-48.8,39.04,34.16,-39.04,-29.28,107.36,614.88,658.8
-29.28,29.28,58.56,0,-43.92,43.92,39.04,-39.04,-24.4,112.24,619.76,663.68
-9.76,29.28,39.04,-9.76,-24.4,34.16,34.16,-39.04,-29.28,107.36,629.52,663.68
-9.76,39.04,48.8,-14.64,-29.28,43.92,39.04,-34.16,-29.28,107.36,624.64,668.56
-4.88,29.28,34.16,-9.76,-19.52,29.28,34.16,-43.92,-34.16,102.48,619.76,663.68
0,29.28,29.28,-14.64,-14.64,29.28,19.52,-68.32,-48.8,92.72,610,658.8
0,24.4,24.4,-9.76,-14.64,24.4,19.52,-68.32,-43.92,107.36,610,658.8
-4.88,14.64,19.52,-4.88,-14.64,14.64,29.28,-58.56,-39.04,102.48,619.76,668.56
-4.88,14.64,19.52,-4.88,-14.64,14.64,34.16,-53.68,-34.16,107.36,629.52,673.44
-9.76,14.64,24.4,0,-19.52,19.52,39.04,-53.68,-29.28,107.36,634.4,678.32
-24.4,9.76,34.16,9.76,-29.28,19.52,19.52,-68.32,-43.92,97.6,624.64,678.32
-39.04,-4.88,34.16,24.4,-39.04,14.64,9.76,-82.96,-53.68,87.84,619.76,673.44
-43.92,-4.88,39.04,24.4,-43.92,14.64,-14.64,-102.48,-73.2,78.08,614.88,663.68
-48.8,9.76,58.56,19.52,-53.68,34.16,-34.16,-112.24,-97.6,58.56,600.24,658.8
-48.8,-14.64,34.16,34.16,-43.92,9.76,-34.16,-122,-107.36,53.68,595.36,649.04
-48.8,-34.16,14.64,43.92,-34.16,-9.76,-34.16,-122,-112.24,43.92,580.72,639.28
-68.32,-53.68,14.64,63.44,-43.92,-19.52,-29.28,-117.12,-112.24,39.04,575.84,634.4
-78.08,-68.32,9.76,73.2,-43.92,-29.28,-19.52,-112.24,-112.24,39.04,580.72,629.52
-82.96,-63.44,19.52,73.2,-53.68,-24.4,-9.76,-102.48,-107.36,39.04,585.6,644.16
-92.72,-63.44,29.28,78.08,-63.44,-19.52,-4.88,-102.48,-107.36,29.28,580.72,639.28
-97.6,-82.96,14.64,92.72,-58.56,-34.16,0,-102.48,-107.36,24.4,575.84,639.28
-117.12,-92.72,24.4,107.36,-73.2,-34.16,0,-112.24,-107.36,24.4,580.72,639.28
-107.36,-102.48,4.88,107.36,-58.56,-48.8,-4.88,-122,-117.12,4.88,575.84,629.52
-102.48,-102.48,0,102.48,-53.68,-53.68,-9.76,-131.76,-122,0,570.96,629.52
-102.48,-107.36,-4.88,107.36,-48.8,-58.56,-24.4,-146.4,-136.64,-4.88,570.96,624.64
-97.6,-107.36,-9.76,102.48,-43.92,-58.56,-34.16,-151.28,-151.28,-9.76,566.08,619.76
-97.6,-107.36,-9.76,102.48,-43.92,-58.56,-29.28,-146.4,-146.4,0,566.08,624.64
-102.48,-112.24,-9.76,107.36,-48.8,-63.44,-29.28,-156.16,-146.4,-4.88,566.08,619.76
-107.36,-112.24,-4.88,112.24,-53.68,-58.56,-29.28,-161.04,-141.52,-4.88,566.08,619.76
-112.24,-122,-9.76,117.12,-53.68,-68.32,-24.4,-161.04,-141.52,-14.64,561.2,614.88
-102.48,-117.12,-14.64,112.24,-43.92,-68.32,-14.64,-161.04,-151.28,-24.4,561.2,624.64
-92.72,-117.12,-24.4,107.36,-34.16,-73.2,-14.64,-161.04,-146.4,-19.52,561.2,624.64
-97.6,-112.24,-14.64,107.36,-43.92,-63.44,-14.64,-161.04,-146.4,-19.52,561.2,624.64
-97.6,-122,-24.4,112.24,-39.04,-73.2,-14.64,-161.04,-146.4,-19.52,561.2,624.64
-112.24,-136.64,-24.4,126.88,-43.92,-82.96,-14.64,-170.8,-156.16,-29.28,551.44,614.88
-102.48,-126.88,-24.4,117.12,-39.04,-78.08,-14.64,-170.8,-156.16,-29.28,551.44,614.88
-102.48,-117.12,-14.64,112.24,-43.92,-68.32,-14.64,-170.8,-156.16,-29.28,551.44,614.88
-107.36,-122,-14.64,117.12,-48.8,-68.32,-24.4,-180.56,-165.92,-34.16,546.56,610
-122,-117.12,4.88,122,-63.44,-58.56,-39.04,-170.8,-165.92,-29.28,556.32,610
-126.88,-122,4.88,126.88,-68.32,-58.56,-39.04,-170.8,-165.92,-29.28,556.32,614.88
-126.88,-112.24,14.64,122,-73.2,-48.8,-34.16,-170.8,-165.92,-29.28,556.32,619.76
-117.12,-102.48,14.64,112.24,-68.32,-43.92,-34.16,-170.8,-165.92,-29.28,556.32,624.64
-107.36,-112.24,-4.88,112.24,-53.68,-58.56,-43.92,-180.56,-156.16,-19.52,556.32,634.4
-102.48,-107.36,-4.88,107.36,-48.8,-58.56,-43.92,-180.56,-156.16,-19.52,556.32,634.4
-102.48,-117.12,-14.64,112.24,-43.92,-68.32,-43.92,-180.56,-156.16,-19.52,556.32,634.4
-112.24,-146.4,-34.16,131.76,-39.04,-92.72,-43.92,-180.56,-156.16,-19.52,561.2,634.4
-107.36,-136.64,-29.28,122,-39.04,-82.96,-39.04,-180.56,-156.16,-19.52,566.08,644.16
-102.48,-131.76,-29.28,117.12,-39.04,-82.96,-34.16,-180.56,-156.16,-19.52,566.08,644.16
-87.84,-122,-34.16,107.36,-29.28,-78.08,-29.28,-180.56,-156.16,-14.64,561.2,644.16
-82.96,-117.12,-34.16,102.48,-24.4,-78.08,-24.4,-175.68,-151.28,-14.64,556.32,644.16
-97.6,-126.88,-29.28,112.24,-34.16,-78.08,-29.28,-185.44,-161.04,-24.4,556.32,653.92
-107.36,-136.64,-29.28,122,-39.04,-82.96,-29.28,-180.56,-161.04,-24.4,556.32,653.92
-112.24,-141.52,-29.28,126.88,-43.92,-87.84,-29.28,-180.56,-165.92,-29.28,556.32,649.04
-112.24,-131.76,-19.52,122,-48.8,-78.08,-34.16,-180.56,-165.92,-29.28,556.32,644.16
-107.36,-136.64,-29.28,122,-39.04,-82.96,-24.4,-170.8,-156.16,-19.52,551.44,644.16
-102.48,-117.12,-14.64,112.24,-43.92,-68.32,-24.4,-175.68,-151.28,-19.52,551.44,649.04
-87.84,-107.36,-19.52,97.6,-34.16,-63.44,-24.4,-175.68,-151.28,-19.52,551.44,649.04
-78.08,-97.6,-19.52,87.84,-29.28,-58.56,-19.52,-170.8,-151.28,-19.52,551.44,649.04
-78.08,-48.8,29.28,63.44,-53.68,-9.76,-24.4,-170.8,-165.92,-29.28,541.68,634.4
-107.36,-97.6,9.76,102.48,-58.56,-43.92,-34.16,-165.92,-165.92,-39.04,541.68,629.52
-117.12,-141.52,-24.4,131.76,-48.8,-82.96,-19.52,-122,-146.4,-19.52,556.32,649.04
-122,-112.24,9.76,117.12,-68.32,-53.68,9.76,-87.84,-126.88,0,566.08,649.04
-112.24,-58.56,53.68,87.84,-82.96,-4.88,34.16,-34.16,-92.72,19.52,575.84,668.56
-131.76,-73.2,58.56,102.48,-97.6,-9.76,107.36,87.84,-9.76,97.6,634.4,712.48
-131.76,-82.96,48.8,107.36,-92.72,-19.52,170.8,209.84,82.96,165.92,673.44,741.76
-78.08,-48.8,29.28,63.44,-53.68,-9.76,185.44,297.68,146.4,219.6,702.72,761.28
-29.28,0,29.28,14.64,-29.28,14.64,209.84,414.8,229.36,302.56,771.04,810.08
-19.52,-4.88,14.64,14.64,-19.52,4.88,248.88,561.2,346.48,429.44,863.76,888.16
19.52,4.88,-14.64,-9.76,14.64,-4.88,263.52,707.6,468.48,561.2,971.12,980.88
112.24,107.36,-4.88,-107.36,58.56,48.8,263.52,839.36,590.48,678.32,1063.84,1058.96
229.36,253.76,24.4,-239.12,102.48,136.64,263.52,971.12,722.24,800.32,1151.68,1146.8
287.92,336.72,48.8,-312.32,117.12,190.32,200.08,1010.16,824.72,922.32,1234.64,1229.76
317.2,380.64,63.44,-346.48,126.88,219.6,73.2,883.28,878.4,1005.28,1312.72,1317.6
361.12,395.28,34.16,-375.76,161.04,214.72,-78.08,707.6,907.68,1054.08,1371.28,1376.16
385.52,370.88,-14.64,-375.76,200.08,175.68,-219.6,590.48,922.32,1093.12,1395.68,1400.56
405.04,326.96,-78.08,-366,239.12,122,-326.96,531.92,932.08,1112.64,1385.92,1371.28
366,283.04,-82.96,-322.08,224.48,97.6,-385.52,492.88,941.84,1122.4,1371.28,1351.76
283.04,248.88,-34.16,-263.52,156.16,107.36,-424.56,346.48,863.76,1054.08,1322.48,1312.72
204.96,195.2,-9.76,-200.08,107.36,92.72,-478.24,131.76,668.56,858.88,1176.08,1205.36
180.56,161.04,-19.52,-170.8,97.6,68.32,-478.24,-4.88,424.56,605.12,980.88,1044.32
136.64,53.68,-82.96,-92.72,107.36,-14.64,-478.24,-82.96,214.72,375.76,800.32,907.68
53.68,-131.76,-185.44,39.04,117.12,-161.04,-497.76,-239.12,9.76,165.92,653.92,790.56
9.76,-204.96,-214.72,97.6,112.24,-209.84,-458.72,-409.92,-165.92,0,551.44,707.6
-43.92,-175.68,-131.76,112.24,43.92,-156.16,-375.76,-531.92,-292.8,-112.24,497.76,668.56
-68.32,-190.32,-122,131.76,24.4,-156.16,-346.48,-570.96,-366,-165.92,473.36,644.16
-48.8,-244,-195.2,146.4,73.2,-219.6,-322.08,-478.24,-336.72,-156.16,478.24,624.64
-24.4,-234.24,-209.84,131.76,92.72,-224.48,-287.92,-366,-287.92,-112.24,492.88,634.4
-53.68,-219.6,-165.92,136.64,53.68,-195.2,-253.76,-326.96,-273.28,-92.72,512.4,649.04
-82.96,-268.4,-185.44,175.68,48.8,-229.36,-229.36,-322.08,-258.64,-92.72,512.4,639.28
-53.68,-278.16,-224.48,165.92,82.96,-253.76,-214.72,-307.44,-239.12,-82.96,507.52,639.28
-34.16,-234.24,-200.08,136.64,82.96,-219.6,-195.2,-278.16,-229.36,-78.08,507.52,644.16
-39.04,-170.8,-131.76,107.36,43.92,-151.28,-175.68,-263.52,-219.6,-73.2,507.52,644.16
-63.44,-195.2,-131.76,131.76,34.16,-165.92,-156.16,-244,-209.84,-63.44,522.16,663.68
-82.96,-263.52,-180.56,175.68,48.8,-224.48,-107.36,-219.6,-185.44,-53.68,541.68,678.32
-78.08,-244,-165.92,161.04,43.92,-204.96,-87.84,-209.84,-195.2,-53.68,541.68,673.44
-53.68,-175.68,-122,117.12,34.16,-151.28,-87.84,-214.72,-204.96,-53.68,536.8,678.32
-34.16,-131.76,-97.6,82.96,29.28,-117.12,-63.44,-200.08,-190.32,-43.92,541.68,678.32
-87.84,-117.12,-29.28,102.48,-29.28,-73.2,-48.8,-185.44,-185.44,-34.16,556.32,688.08
-146.4,-126.88,19.52,136.64,-82.96,-53.68,-53.68,-204.96,-190.32,-34.16,561.2,683.2
-136.64,-126.88,9.76,131.76,-73.2,-58.56,-34.16,-204.96,-180.56,-34.16,561.2,692.96
-122,-87.84,34.16,107.36,-78.08,-29.28,-24.4,-195.2,-161.04,-19.52,570.96,717.36
-112.24,-82.96,29.28,97.6,-73.2,-29.28,-4.88,-175.68,-146.4,-9.76,575.84,707.6
-102.48,-78.08,24.4,92.72,-63.44,-29.28,4.88,-151.28,-136.64,-4.88,580.72,707.6
-92.72,-78.08,14.64,87.84,-53.68,-34.16,9.76,-136.64,-131.76,-4.88,580.72,712.48
-92.72,-87.84,4.88,92.72,-48.8,-43.92,19.52,-131.76,-136.64,-4.88,580.72,722.24
-102.48,-117.12,-14.64,112.24,-43.92,-68.32,19.52,-131.76,-136.64,-4.88,580.72,722.24
-117.12,-126.88,-9.76,122,-53.68,-68.32,19.52,-136.64,-141.52,-14.64,595.36,727.12
-117.12,-131.76,-14.64,126.88,-53.68,-73.2,14.64,-136.64,-146.4,-14.64,595.36,727.12
-117.12,-107.36,9.76,112.24,-63.44,-48.8,4.88,-156.16,-146.4,-14.64,600.24,727.12
-112.24,-107.36,4.88,112.24,-58.56,-53.68,0,-161.04,-141.52,-9.76,600.24,736.88
-112.24,-117.12,-4.88,117.12,-53.68,-63.44,0,-161.04,-141.52,-4.88,600.24,741.76
-112.24,-117.12,-4.88,117.12,-53.68,-63.44,-4.88,-161.04,-141.52,-4.88,605.12,746.64
-126.88,-131.76,-4.88,131.76,-63.44,-68.32,-4.88,-151.28,-141.52,-9.76,595.36,746.64
-131.76,-141.52,-9.76,136.64,-63.44,-78.08,0,-146.4,-141.52,-9.76,595.36,741.76
-136.64,-141.52,-4.88,141.52,-68.32,-73.2,-4.88,-136.64,-146.4,-9.76,590.48,741.76
-146.4,-131.76,14.64,141.52,-82.96,-58.56,-14.64,-136.64,-151.28,-14.64,585.6,732
-126.88,-117.12,9.76,122,-68.32,-53.68,-4.88,-146.4,-146.4,-4.88,595.36,741.76
-117.12,-107.36,9.76,112.24,-63.44,-48.8,-4.88,-151.28,-146.4,-4.88,600.24,741.76
-92.72,-97.6,-4.88,97.6,-43.92,-53.68,-4.88,-151.28,-146.4,-4.88,610,751.52
-82.96,-82.96,0,82.96,-43.92,-43.92,-9.76,-161.04,-141.52,0,610,751.52
-97.6,-82.96,14.64,92.72,-58.56,-34.16,-9.76,-151.28,-151.28,-9.76,600.24,741.76
-97.6,-87.84,9.76,92.72,-53.68,-39.04,-9.76,-151.28,-151.28,-9.76,600.24,746.64
-102.48,-97.6,4.88,102.48,-53.68,-48.8,0,-136.64,-146.4,-4.88,605.12,746.64
-117.12,-102.48,14.64,112.24,-68.32,-43.92,9.76,-122,-141.52,0,610,756.4
-102.48,-92.72,9.76,97.6,-58.56,-43.92,19.52,-112.24,-136.64,4.88,624.64,756.4
-87.84,-78.08,9.76,82.96,-48.8,-34.16,14.64,-112.24,-131.76,4.88,629.52,756.4
-82.96,-63.44,19.52,73.2,-53.68,-24.4,14.64,-112.24,-126.88,9.76,634.4,766.16
-68.32,-43.92,24.4,58.56,-48.8,-9.76,9.76,-112.24,-122,14.64,639.28,780.8
-58.56,-58.56,0,58.56,-29.28,-29.28,14.64,-107.36,-126.88,24.4,649.04,790.56
-68.32,-43.92,24.4,58.56,-48.8,-9.76,19.52,-107.36,-126.88,19.52,649.04,790.56
-78.08,-68.32,9.76,73.2,-43.92,-29.28,14.64,-112.24,-126.88,14.64,644.16,790.56
-92.72,-78.08,14.64,87.84,-53.68,-34.16,19.52,-112.24,-122,14.64,639.28,785.68
-78.08,-73.2,4.88,78.08,-43.92,-34.16,9.76,-102.48,-131.76,19.52,644.16,790.56
-73.2,-92.72,-19.52,82.96,-29.28,-58.56,14.64,-92.72,-131.76,24.4,644.16,790.56
-68.32,-97.6,-29.28,82.96,-19.52,-63.44,14.64,-82.96,-122,24.4,644.16,790.56
-58.56,-97.6,-39.04,78.08,-9.76,-68.32,14.64,-78.08,-122,34.16,653.92,795.44
-73.2,-68.32,4.88,73.2,-39.04,-34.16,4.88,-78.08,-122,24.4,653.92,795.44
-78.08,-73.2,4.88,78.08,-43.92,-34.16,0,-87.84,-126.88,19.52,658.8,800.32
-82.96,-73.2,9.76,78.08,-48.8,-34.16,-9.76,-112.24,-136.64,9.76,653.92,800.32
-102.48,-78.08,24.4,92.72,-63.44,-29.28,-19.52,-122,-141.52,4.88,649.04,795.44
-92.72,-78.08,14.64,87.84,-53.68,-34.16,-14.64,-102.48,-131.76,24.4,668.56,800.32
-68.32,-63.44,4.88,68.32,-39.04,-29.28,-9.76,-92.72,-122,29.28,673.44,810.08
-48.8,-58.56,-9.76,53.68,-19.52,-34.16,-9.76,-87.84,-117.12,39.04,678.32,819.84
-48.8,-53.68,-4.88,53.68,-24.4,-29.28,-4.88,-78.08,-112.24,43.92,683.2,824.72
-68.32,-63.44,4.88,68.32,-39.04,-29.28,-4.88,-82.96,-107.36,39.04,683.2,824.72
-73.2,-48.8,24.4,63.44,-48.8,-14.64,-4.88,-78.08,-107.36,39.04,683.2,824.72
-82.96,-34.16,48.8,58.56,-68.32,4.88,-4.88,-78.08,-107.36,39.04,697.84,829.6
-87.84,-43.92,43.92,68.32,-68.32,0,-9.76,-82.96,-107.36,39.04,697.84,834.48
-78.08,-53.68,24.4,68.32,-53.68,-14.64,-9.76,-82.96,-92.72,58.56,707.6,839.36
-73.2,-53.68,19.52,63.44,-48.8,-19.52,-14.64,-82.96,-92.72,63.44,692.96,834.48
-63.44,-63.44,0,63.44,-34.16,-34.16,-14.64,-78.08,-87.84,63.44,692.96,839.36
-53.68,-43.92,9.76,48.8,-34.16,-19.52,-14.64,-78.08,-87.84,63.44,712.48,849.12
-43.92,-58.56,-14.64,53.68,-14.64,-39.04,-14.64,-68.32,-92.72,68.32,712.48,858.88
-34.16,-53.68,-19.52,43.92,-9.76,-39.04,-29.28,-63.44,-92.72,68.32,712.48,858.88
-34.16,-63.44,-29.28,48.8,-4.88,-48.8,-29.28,-53.68,-87.84,73.2,722.24,854
-34.16,-68.32,-34.16,53.68,0,-53.68,-29.28,-48.8,-82.96,73.2,722.24,854
-34.16,-53.68,-19.52,43.92,-9.76,-39.04,-19.52,-53.68,-82.96,73.2,722.24,863.76
-39.04,-63.44,-24.4,53.68,-9.76,-43.92,-19.52,-58.56,-82.96,73.2,722.24,868.64
-53.68,-58.56,-4.88,58.56,-24.4,-34.16,-24.4,-63.44,-82.96,78.08,727.12,873.52
-39.04,-53.68,-14.64,48.8,-14.64,-34.16,-24.4,-68.32,-82.96,82.96,732,888.16
-29.28,-39.04,-9.76,34.16,-9.76,-24.4,-39.04,-63.44,-92.72,82.96,732,868.64
-14.64,-24.4,-9.76,19.52,-4.88,-19.52,-43.92,-63.44,-92.72,82.96,732,868.64
-29.28,-34.16,-4.88,34.16,-14.64,-19.52,-43.92,-58.56,-87.84,87.84,741.76,873.52
-39.04,-48.8,-9.76,43.92,-14.64,-29.28,-43.92,-58.56,-82.96,97.6,746.64,883.28
-53.68,-63.44,-9.76,58.56,-24.4,-39.04,-58.56,-58.56,-92.72,92.72,736.88,873.52
-53.68,-63.44,-9.76,58.56,-24.4,-39.04,-63.44,-58.56,-87.84,82.96,732,873.52
-39.04,-63.44,-24.4,53.68,-9.76,-43.92,-63.44,-63.44,-87.84,78.08,746.64,878.4
-39.04,-68.32,-29.28,53.68,-4.88,-48.8,-73.2,-73.2,-82.96,73.2,751.52,883.28
-19.52,-43.92,-24.4,34.16,0,-34.16,-63.44,-68.32,-78.08,92.72,766.16,902.8
-24.4,-9.76,14.64,19.52,-19.52,0,-58.56,-63.44,-73.2,97.6,771.04,907.68
0,4.88,4.88,0,-4.88,4.88,-53.68,-58.56,-58.56,112.24,775.92,912.56
24.4,14.64,-9.76,-19.52,14.64,0,-58.56,-58.56,-53.68,122,775.92,917.44
48.8,9.76,-39.04,-29.28,43.92,-14.64,-63.44,-58.56,-53.68,122,780.8,927.2
48.8,9.76,-39.04,-29.28,43.92,-14.64,-63.44,-58.56,-53.68,122,780.8,936.96
48.8,4.88,-43.92,-24.4,43.92,-19.52,-63.44,-48.8,-53.68,122,771.04,941.84
48.8,-4.88,-53.68,-19.52,48.8,-29.28,-58.56,-48.8,-43.92,126.88,790.56,951.6
43.92,-4.88,-48.8,-19.52,43.92,-29.28,-73.2,-53.68,-48.8,122,795.44,951.6
43.92,4.88,-39.04,-24.4,39.04,-19.52,-87.84,-58.56,-63.44,122,790.56,956.48
39.04,14.64,-24.4,-24.4,29.28,-4.88,-92.72,-73.2,-73.2,112.24,780.8,951.6
14.64,14.64,0,-14.64,4.88,4.88,-107.36,-87.84,-78.08,112.24,775.92,936.96
0,-4.88,-4.88,4.88,0,-4.88,-122,-87.84,-63.44,117.12,790.56,946.72
9.76,-9.76,-19.52,0,14.64,-14.64,-102.48,-78.08,-58.56,122,795.44,951.6
14.64,4.88,-9.76,-9.76,9.76,-4.88,-97.6,-78.08,-58.56,122,795.44,956.48
24.4,0,-24.4,-9.76,24.4,-14.64,-92.72,-82.96,-58.56,122,795.44,956.48
29.28,0,-29.28,-14.64,29.28,-14.64,-97.6,-73.2,-58.56,122,805.2,966.24
34.16,0,-34.16,-14.64,34.16,-19.52,-97.6,-73.2,-53.68,126.88,800.32,966.24
39.04,4.88,-34.16,-19.52,34.16,-14.64,-97.6,-78.08,-53.68,131.76,800.32,976
43.92,4.88,-39.04,-24.4,39.04,-19.52,-97.6,-82.96,-53.68,131.76,805.2,976
4.88,-39.04,-43.92,19.52,24.4,-43.92,-107.36,-97.6,-68.32,117.12,795.44,971.12
4.88,-39.04,-43.92,19.52,24.4,-43.92,-112.24,-97.6,-73.2,107.36,795.44,956.48
-29.28,-48.8,-19.52,39.04,-4.88,-34.16,-112.24,-117.12,-78.08,102.48,795.44,951.6
-58.56,-63.44,-4.88,63.44,-29.28,-34.16,-117.12,-117.12,-92.72,107.36,800.32,946.72
-24.4,-53.68,-29.28,39.04,0,-43.92,-117.12,-107.36,-78.08,112.24,805.2,961.36
0,-39.04,-39.04,19.52,19.52,-39.04,-97.6,-102.48,-73.2,117.12,810.08,966.24
24.4,-19.52,-43.92,0,34.16,-34.16,-87.84,-97.6,-68.32,122,810.08,971.12
73.2,24.4,-48.8,-48.8,58.56,-14.64,-78.08,-92.72,-63.44,122,805.2,980.88
53.68,34.16,-19.52,-43.92,34.16,4.88,-82.96,-87.84,-68.32,122,814.96,980.88
29.28,14.64,-14.64,-19.52,19.52,0,-87.84,-92.72,-73.2,122,810.08,971.12
19.52,34.16,14.64,-24.4,0,24.4,-87.84,-107.36,-78.08,122,800.32,971.12
9.76,9.76,0,-9.76,4.88,4.88,-92.72,-112.24,-82.96,117.12,800.32,961.36
-4.88,9.76,14.64,0,-9.76,9.76,-102.48,-117.12,-92.72,107.36,790.56,961.36
-9.76,4.88,14.64,4.88,-14.64,9.76,-102.48,-126.88,-102.48,97.6,790.56,956.48
-24.4,4.88,29.28,9.76,-29.28,14.64,-87.84,-131.76,-102.48,92.72,790.56,956.48
-34.16,0,34.16,19.52,-34.16,14.64,-87.84,-136.64,-102.48,82.96,785.68,956.48
-39.04,-19.52,19.52,29.28,-29.28,0,-87.84,-136.64,-92.72,82.96,780.8,951.6
-43.92,-39.04,4.88,43.92,-24.4,-19.52,-87.84,-131.76,-97.6,87.84,780.8,956.48
-58.56,-58.56,0,58.56,-29.28,-29.28,-78.08,-126.88,-97.6,92.72,780.8,951.6
-63.44,-63.44,0,63.44,-34.16,-34.16,-73.2,-122,-107.36,87.84,780.8,956.48
-43.92,-43.92,0,43.92,-24.4,-24.4,-82.96,-136.64,-122,68.32,780.8,951.6
-39.04,-48.8,-9.76,43.92,-14.64,-29.28,-82.96,-136.64,-122,63.44,775.92,951.6
-34.16,-48.8,-14.64,43.92,-9.76,-34.16,-78.08,-146.4,-126.88,63.44,771.04,941.84
-24.4,-39.04,-14.64,34.16,-4.88,-29.28,-78.08,-151.28,-131.76,53.68,766.16,936.96
-24.4,-43.92,-19.52,34.16,-4.88,-34.16,-73.2,-146.4,-122,63.44,775.92,932.08
-29.28,-48.8,-19.52,39.04,-4.88,-34.16,-68.32,-151.28,-122,58.56,775.92,927.2
-39.04,-53.68,-14.64,48.8,-14.64,-34.16,-58.56,-136.64,-117.12,58.56,775.92,932.08
-43.92,-63.44,-19.52,53.68,-14.64,-43.92,-43.92,-122,-117.12,58.56,771.04,941.84
-58.56,-48.8,9.76,53.68,-34.16,-19.52,-34.16,-126.88,-112.24,58.56,775.92,946.72
-58.56,-48.8,9.76,53.68,-34.16,-19.52,-29.28,-126.88,-126.88,63.44,766.16,936.96
-58.56,-58.56,0,58.56,-29.28,-29.28,-24.4,-126.88,-131.76,53.68,766.16,941.84
-58.56,-58.56,0,58.56,-29.28,-29.28,-19.52,-122,-136.64,53.68,771.04,956.48
-68.32,-68.32,0,68.32,-34.16,-34.16,-34.16,-136.64,-146.4,39.04,766.16,946.72
-82.96,-82.96,0,82.96,-43.92,-43.92,-39.04,-141.52,-151.28,39.04,761.28,946.72
-97.6,-92.72,4.88,97.6,-53.68,-43.92,-39.04,-146.4,-151.28,34.16,756.4,927.2
-97.6,-102.48,-4.88,102.48,-48.8,-53.68,-43.92,-156.16,-151.28,19.52,751.52,917.44
-68.32,-82.96,-14.64,78.08,-29.28,-48.8,-29.28,-170.8,-165.92,14.64,741.76,927.2
-78.08,-68.32,9.76,73.2,-43.92,-29.28,-24.4,-170.8,-165.92,14.64,741.76,927.2
-78.08,-53.68,24.4,68.32,-53.68,-14.64,-24.4,-175.68,-165.92,9.76,736.88,917.44
-73.2,-34.16,39.04,53.68,-58.56,0,-14.64,-175.68,-170.8,9.76,732,917.44
-78.08,-34.16,43.92,58.56,-63.44,4.88,-4.88,-161.04,-165.92,9.76,741.76,927.2
-73.2,-14.64,58.56,43.92,-68.32,19.52,-4.88,-161.04,-170.8,9.76,746.64,932.08
-73.2,-14.64,58.56,43.92,-68.32,19.52,-4.88,-170.8,-170.8,9.76,751.52,936.96
-68.32,-14.64,53.68,43.92,-63.44,19.52,-4.88,-161.04,-165.92,14.64,756.4,927.2
-39.04,-34.16,4.88,39.04,-24.4,-14.64,0,-170.8,-165.92,9.76,756.4,927.2
-39.04,-48.8,-9.76,43.92,-14.64,-29.28,-4.88,-170.8,-161.04,9.76,756.4,936.96
-39.04,-58.56,-19.52,48.8,-9.76,-39.04,-9.76,-180.56,-161.04,4.88,756.4,946.72
-43.92,-73.2,-29.28,58.56,-9.76,-53.68,-14.64,-180.56,-165.92,0,756.4,936.96
-82.96,-82.96,0,82.96,-43.92,-43.92,-39.04,-190.32,-185.44,-4.88,741.76,922.32
-87.84,-82.96,4.88,87.84,-48.8,-39.04,-43.92,-190.32,-195.2,-4.88,736.88,917.44
-87.84,-78.08,9.76,82.96,-48.8,-34.16,-43.92,-200.08,-200.08,-9.76,741.76,922.32
-87.84,-58.56,29.28,73.2,-58.56,-14.64,-48.8,-224.48,-209.84,-24.4,736.88,927.2
-68.32,-68.32,0,68.32,-34.16,-34.16,-53.68,-229.36,-214.72,-24.4,741.76,922.32
-82.96,-73.2,9.76,78.08,-48.8,-34.16,-48.8,-224.48,-204.96,-19.52,746.64,922.32
-78.08,-82.96,-4.88,82.96,-39.04,-43.92,-39.04,-214.72,-195.2,-9.76,751.52,927.2
-82.96,-82.96,0,82.96,-43.92,-43.92,-34.16,-204.96,-180.56,0,751.52,932.08
-78.08,-92.72,-14.64,87.84,-34.16,-53.68,-19.52,-190.32,-180.56,0,751.52,951.6
-92.72,-92.72,0,92.72,-48.8,-48.8,-14.64,-190.32,-175.68,0,756.4,956.48
-78.08,-92.72,-14.64,87.84,-34.16,-53.68,-9.76,-190.32,-175.68,-4.88,756.4,951.6
-58.56,-92.72,-34.16,78.08,-14.64,-63.44,-4.88,-195.2,-185.44,-9.76,761.28,956.48
-78.08,-92.72,-14.64,87.84,-34.16,-53.68,-14.64,-204.96,-200.08,-9.76,751.52,956.48
-87.84,-82.96,4.88,87.84,-48.8,-39.04,-24.4,-204.96,-200.08,-9.76,756.4,946.72
-73.2,-82.96,-9.76,78.08,-34.16,-48.8,-29.28,-204.96,-209.84,-14.64,756.4,941.84
-73.2,-82.96,-9.76,78.08,-34.16,-48.8,-24.4,-204.96,-200.08,-14.64,756.4,932.08
-73.2,-122,-48.8,97.6,-14.64,-87.84,-34.16,-204.96,-200.08,-14.64,756.4,936.96
-73.2,-102.48,-29.28,87.84,-24.4,-68.32,-29.28,-200.08,-200.08,-14.64,756.4,946.72
-58.56,-92.72,-34.16,78.08,-14.64,-63.44,-24.4,-200.08,-195.2,-9.76,756.4,951.6
-68.32,-97.6,-29.28,82.96,-19.52,-63.44,-24.4,-204.96,-195.2,-9.76,756.4,956.48
-97.6,-126.88,-29.28,112.24,-34.16,-78.08,-24.4,-204.96,-195.2,-9.76,766.16,961.36
-92.72,-126.88,-34.16,112.24,-29.28,-82.96,-29.28,-204.96,-204.96,-19.52,766.16,961.36
-97.6,-126.88,-29.28,112.24,-34.16,-78.08,-29.28,-204.96,-204.96,-19.52,766.16,956.48
-107.36,-126.88,-19.52,117.12,-43.92,-73.2,-29.28,-204.96,-200.08,-19.52,746.64,956.48
-97.6,-102.48,-4.88,102.48,-48.8,-53.68,-24.4,-209.84,-190.32,-14.64,741.76,966.24
-87.84,-97.6,-9.76,92.72,-39.04,-53.68,-19.52,-204.96,-190.32,-9.76,751.52,971.12
-82.96,-82.96,0,82.96,-43.92,-43.92,-9.76,-195.2,-190.32,-4.88,775.92,976
-73.2,-53.68,19.52,63.44,-48.8,-19.52,0,-185.44,-190.32,9.76,790.56,971.12
-78.08,-39.04,39.04,58.56,-58.56,0,-14.64,-190.32,-185.44,9.76,785.68,980.88
-82.96,-34.16,48.8,58.56,-68.32,4.88,-19.52,-190.32,-185.44,4.88,795.44,985.76
-78.08,-34.16,43.92,58.56,-63.44,4.88,-19.52,-200.08,-180.56,4.88,790.56,985.76
-82.96,-29.28,53.68,58.56,-68.32,9.76,-24.4,-209.84,-180.56,0,780.8,980.88
-73.2,-34.16,39.04,53.68,-58.56,0,-29.28,-224.48,-190.32,-4.88,775.92,980.88
-82.96,-53.68,29.28,68.32,-58.56,-14.64,-29.28,-224.48,-200.08,-4.88,775.92,990.64
-82.96,-58.56,24.4,73.2,-53.68,-19.52,-29.28,-209.84,-204.96,-4.88,780.8,990.64
-78.08,-53.68,24.4,68.32,-53.68,-14.64,-29.28,-209.84,-204.96,0,790.56,990.64
-53.68,-78.08,-24.4,68.32,-14.64,-53.68,-29.28,-200.08,-195.2,9.76,795.44,990.64
-68.32,-78.08,-9.76,73.2,-29.28,-43.92,-29.28,-200.08,-195.2,4.88,795.44,995.52
-63.44,-58.56,4.88,63.44,-34.16,-29.28,-29.28,-200.08,-195.2,4.88,795.44,1000.4
-53.68,-58.56,-4.88,58.56,-24.4,-34.16,-29.28,-195.2,-195.2,9.76,800.32,1005.28
-63.44,-43.92,19.52,53.68,-43.92,-14.64,-19.52,-204.96,-195.2,0,805.2,1005.28
-73.2,-43.92,29.28,58.56,-53.68,-9.76,-14.64,-200.08,-185.44,4.88,810.08,1010.16
-87.84,-48.8,39.04,68.32,-63.44,-4.88,-9.76,-185.44,-180.56,4.88,810.08,1024.8
-102.48,-48.8,53.68,78.08,-78.08,0,-4.88,-200.08,-180.56,4.88,805.2,1024.8
-87.84,-63.44,24.4,78.08,-58.56,-19.52,4.88,-190.32,-170.8,9.76,810.08,1029.68
-78.08,-63.44,14.64,73.2,-48.8,-24.4,4.88,-185.44,-175.68,19.52,819.84,1034.56
-73.2,-48.8,24.4,63.44,-48.8,-14.64,4.88,-185.44,-175.68,24.4,829.6,1034.56
-53.68,-53.68,0,53.68,-29.28,-29.28,4.88,-190.32,-180.56,29.28,834.48,1034.56
-53.68,-43.92,9.76,48.8,-34.16,-19.52,0,-200.08,-190.32,19.52,839.36,1044.32
-53.68,-39.04,14.64,48.8,-34.16,-14.64,-9.76,-200.08,-185.44,19.52,839.36,1049.2
-58.56,-34.16,24.4,48.8,-43.92,-4.88,-14.64,-195.2,-175.68,19.52,839.36,1049.2
-68.32,-39.04,29.28,53.68,-48.8,-4.88,-14.64,-195.2,-170.8,19.52,844.24,1044.32
-53.68,-48.8,4.88,53.68,-29.28,-24.4,-29.28,-195.2,-185.44,14.64,834.48,1034.56
-58.56,-43.92,14.64,53.68,-39.04,-14.64,-29.28,-204.96,-200.08,14.64,834.48,1034.56
-63.44,-24.4,39.04,43.92,-53.68,4.88,-34.16,-214.72,-204.96,9.76,844.24,1044.32
-53.68,-39.04,14.64,48.8,-34.16,-14.64,-39.04,-214.72,-204.96,9.76,849.12,1054.08
-43.92,-58.56,-14.64,53.68,-14.64,-39.04,-34.16,-214.72,-195.2,9.76,839.36,1054.08
-48.8,-68.32,-19.52,58.56,-14.64,-43.92,-29.28,-224.48,-200.08,4.88,844.24,1049.2
-53.68,-73.2,-19.52,63.44,-19.52,-48.8,-19.52,-224.48,-200.08,4.88,844.24,1049.2
-58.56,-82.96,-24.4,73.2,-19.52,-53.68,-14.64,-224.48,-195.2,9.76,844.24,1049.2
-107.36,-24.4,82.96,68.32,-97.6,29.28,4.88,-204.96,-185.44,9.76,868.64,1068.72
-87.84,-48.8,39.04,68.32,-63.44,-4.88,-19.52,-209.84,-195.2,9.76,854,1058.96
-107.36,-102.48,4.88,107.36,-58.56,-48.8,-19.52,-209.84,-185.44,24.4,873.52,1068.72
